Run,Gen,F,1,2,3,4,5,6,7,8,9,10
10.0,0.0,1076.8828125,0.3298136491146768,0.7082336967786381,0.7249997886254638,0.2788337170474321,0.8742230942850884,0.4738667110397629,0.5279137331005165,0.2309825231056413,0.4724995583795172,0.6138445177164338
10.0,0.0,1090.50341796875,0.1438904099881837,0.0339900811051171,0.0546522223837764,0.7968266478276937,0.2739579763919515,0.4244291889856366,0.6610559597103083,0.6268952001498445,0.7019576577527423,0.6864708295194006
10.0,0.0,1105.3968505859375,0.8858664304663038,0.9318362972276516,0.1790295672553162,0.7732446224390085,0.3412903369204783,0.471198667492501,0.924377616576152,0.0876770038168786,0.4420975713706193,0.8457120690054242
10.0,0.0,1099.1005859375,0.5954723087523786,0.103963861065557,0.5582527432873495,0.0620292709686537,0.1587818265910475,0.4915142063271897,0.9506723093611062,0.5686095231621436,0.6958656923445955,0.6099176314645564
10.0,0.0,1110.5828857421875,0.0869657631226619,0.6756583280868607,0.9883325683773664,0.0286712674578892,0.4818397483884697,0.6494223721277315,0.6367394279505582,0.1143519464154531,0.5898163426536571,0.866564118582386
10.0,0.0,1062.9432373046875,0.058832578526506,0.7955075185122464,0.4857680601002953,0.508474448036053,0.6133413514368428,0.2798406359722637,0.7089442730228734,0.1473877335019024,0.6336779502864657,0.1920504098418862
10.0,0.0,1088.26513671875,0.5734420930873664,0.71901693515951,0.4865316467720324,0.4687454849816477,0.404192240042021,0.7062635057506752,0.0231761685985463,0.4634677822458188,0.6702701600345018,0.277703106537068
10.0,0.0,1109.6142578125,0.70940653553607,0.5770519433633023,0.5804416213078119,0.216123231291044,0.668800134148088,0.384160085340431,0.0115282456406111,0.4368479237099592,0.3705267793647206,0.2567500612545143
10.0,0.0,1107.5518798828125,0.351571935658466,0.3939034361523688,0.457236100723451,0.0769227785351284,0.8698938369195138,0.7350707681950712,0.8940689451636793,0.3310955419263475,0.3098726309877667,0.6113685754797938
10.0,0.0,1115.2066650390625,0.5767311411757344,0.6292918632640502,0.9740308273476556,0.641683320963072,0.262780406898063,0.3649683270340261,0.890014644797167,0.1135914101797312,0.7343806197895415,0.3704075785801033
10.0,0.0,1084.417236328125,0.3321383825528562,0.1889639469756463,0.7459708938431001,0.8256272715181872,0.8581268638228802,0.6268059531837898,0.204381164828905,0.9462399631993252,0.2230495958881189,0.4168665534299874
10.0,0.0,1082.823974609375,0.2081239413920723,0.3955966351552687,0.2375434135897236,0.8423216863388895,0.3363782189639736,0.9698964291335028,0.5372022656527192,0.8605148791217576,0.790628278616722,0.4074496288598472
10.0,0.0,1088.6512451171875,0.3795552154500121,0.7044176670011899,0.6107456659575102,0.4658662800223304,0.9007425119468588,0.4226285020756717,0.2041967246864757,0.2848889543420766,0.819476511690579,0.134073157060492
10.0,0.0,1090.26513671875,0.4845890213101068,0.7345688654840125,0.3020649319521356,0.4109564893676036,0.2738646515274339,0.8001177533790539,0.6299484706297417,0.305690963266416,0.32655168760247,0.6937457045325998
10.0,0.0,1088.429443359375,0.8868430753884875,0.4061403399989115,0.924165129246611,0.7531318422757126,0.7096439270961423,0.0296778933868281,0.0057159488193951,0.1103353288534449,0.8206430517789096,0.3269336737520089
10.0,0.0,1086.344970703125,0.2539579106752971,0.5767380935012051,0.7274880243998616,0.8086999857013646,0.8413704996839381,0.8182271594587123,0.1181594327669823,0.7586906472473438,0.4649154589514627,0.3009170969290609
10.0,0.0,1086.763671875,0.5651025202051165,0.8344517308812482,0.8823766585022199,0.2274343824286104,0.0082632733426771,0.6621482924692835,0.9948338828267382,0.7496444370843564,0.7621074540127617,0.1594640330737939
10.0,0.0,1058.307861328125,0.3355940194421954,0.6521223008379601,0.4020858836357557,0.8715032627817156,0.8826293204339479,0.4888545475048332,0.6630745790599802,0.4058583649982077,0.2101839606533965,0.038007536421477
10.0,0.0,1123.0633544921875,0.8941267716718834,0.8578184255364187,0.2580518693847647,0.5804620505810861,0.9108359973808196,0.1524806512557992,0.9545258572566298,0.2810694563446004,0.4836095959364516,0.4471760826910326
10.0,0.0,1091.1070556640625,0.3103403161517937,0.6870431563140632,0.9749112753587796,0.9776446604510252,0.2744340893371589,0.805567515837998,0.7216099762755958,0.2468260051335993,0.975349576785292,0.2055829302314816
10.0,0.0,1089.587890625,0.3412933853853205,0.3162757789317785,0.8991614206966333,0.458652049867337,0.9978916266136167,0.0911715314921176,0.0255487480361001,0.6933879046204221,0.261120912622977,0.0206664927200245
10.0,0.0,1056.1304931640625,0.7424209483795372,0.3345144301768904,0.3354855746002081,0.5185867252604995,0.843980041469746,0.5071709188399554,0.3108012564652175,0.0849600297521562,0.5019587952662857,0.357789454640178
10.0,0.0,1100.505126953125,0.6486732498869487,0.9412094327759144,0.3078264895380698,0.5028375149016583,0.0121837923996902,0.6950041148911525,0.7389575189911353,0.2112364568196487,0.6935805713560096,0.1906977576132754
10.0,0.0,1057.871337890625,0.3059976448980234,0.4930572851259666,0.7138499246153479,0.8654335258409809,0.8879398256518909,0.675182949966567,0.0340487375423448,0.4725997880481866,0.719175652794335,0.6597776261607687
10.0,0.0,1095.2825927734375,0.975973782067789,0.8623987831295211,0.0905146315881411,0.4386779844960164,0.4857691947799587,0.390707315952061,0.2123315004772705,0.8165109873380606,0.254339444264002,0.9762048958868972
10.0,0.0,1085.218994140625,0.2346556513583676,0.9537966283776268,0.9681854643924916,0.435806717471569,0.7090196043273451,0.6071632315100345,0.4450694431943126,0.7413996278738741,0.1590749168656157,0.9681787911706436
10.0,0.0,1094.3536376953125,0.6269803090048011,0.1722760400327471,0.4513763965798451,0.2583515259011543,0.9257743196129828,0.8687187556972444,0.2644318083621769,0.4601257883092209,0.825824201791359,0.8621075497167325
10.0,0.0,1087.2705078125,0.9160852965830556,0.422356728902327,0.566406281109033,0.7402788938810528,0.9231244448821816,0.3700474853021354,0.9530881000394024,0.074938298458422,0.4799226036933103,0.3155507518334264
10.0,0.0,1066.939453125,0.5630948156877744,0.2510002855330876,0.0797776037169751,0.8123988820399318,0.965370114822122,0.8932906369288607,0.2577019142036203,0.591102579747844,0.3846963486784068,0.1750222349323154
10.0,0.0,1079.0440673828125,0.4665662844949799,0.7107145602023045,0.8641496418185023,0.1000474854324826,0.4557575681508798,0.3231371190420447,0.9605593591215948,0.3398808262600838,0.9464055517919115,0.5515948937520542
10.0,0.0,1068.111328125,0.0917879974674772,0.2979900351806464,0.8172485710458668,0.1070524494547904,0.7842784871509256,0.6554178397464498,0.1972804722900021,0.260168915148667,0.9608244288890576,0.5953519126896272
10.0,0.0,1096.1461181640625,0.0700857217517365,0.7436704688886515,0.7973807697132649,0.7403776455079325,0.977201977914028,0.4060951219536046,0.8434431517125316,0.592734140908185,0.3146512371212686,0.843077248188009
10.0,0.0,1099.560302734375,0.5184658784853514,0.3042135132986062,0.2526470507823734,0.352213548781134,0.6839130034637633,0.3884433768260963,0.0793425593604859,0.7389058714417639,0.0180612394952897,0.1402633728268154
10.0,0.0,1041.2447509765625,0.4383549774324102,0.1400129122637706,0.2142657366331515,0.6580682276324011,0.7333316434045657,0.6186792334585952,0.1923288356867554,0.5924051871759307,0.3483344420351855,0.2165391364287736
10.0,0.0,1065.6329345703125,0.179546731269491,0.6947205214363101,0.9221909879974136,0.7870590262645659,0.2289029197696505,0.9434717751751472,0.4028693476828647,0.2339707808315247,0.0798152954637435,0.3236347863146495
10.0,0.0,1079.327880859375,0.8385764910338673,0.5119083327986843,0.0258224732037634,0.1470334450106737,0.7648729741084916,0.6715079059987992,0.7740588031362562,0.6808191198145923,0.1759960468820889,0.4554130013816755
10.0,0.0,1110.674560546875,0.8752394193069952,0.4271478273867436,0.1646564025298614,0.0481498415356311,0.4503491819387836,0.7879614379831277,0.797883912103963,0.530630694096763,0.1557936637052248,0.1795900429314167
10.0,0.0,1102.8720703125,0.6404160802052306,0.5871635185129681,0.7962843884241716,0.3542416134482633,0.171187959449398,0.5656695269997969,0.347713396134816,0.0324817490213789,0.4927882467161899,0.5020936860077013
10.0,0.0,1120.61962890625,0.8170964479380829,0.0143095110151291,0.3002236081736437,0.9176827606489716,0.5393790587688928,0.0826007275005356,0.304154516823255,0.486005210670512,0.8971237862938559,0.6815470787613684
10.0,0.0,1069.1328125,0.0351466856505372,0.9801806662816676,0.1689857236429527,0.8428658509096761,0.0676444332192299,0.80168916876422,0.6886840099045576,0.0616882335267203,0.8019501838696341,0.9536391486713512
10.0,0.0,1077.4954833984375,0.806453278901315,0.6973113889774574,0.2852627085349776,0.7368434625235121,0.8339939882639819,0.2427048700156546,0.5258375259167681,0.8081689860234825,0.4160639463883726,0.0319438900549424
10.0,0.0,1080.5064697265625,0.3949965953784232,0.437176731299271,0.5947149878569998,0.5581643200056163,0.3592942611751949,0.0452149727179405,0.8405748896241259,0.5565455420324055,0.835682662983133,0.0381265735525638
10.0,0.0,1095.1632080078125,0.5994476511775093,0.0432887740649685,0.9745605623242638,0.436540106929658,0.9771405580732262,0.0020966581857854,0.6669976195132031,0.7092868856822373,0.5683494561966878,0.9095823647394576
10.0,0.0,1100.69287109375,0.9113492443623328,0.5838051780163911,0.6195908082831516,0.1997424968161352,0.7761793935468695,0.2202472558320871,0.5127582410450635,0.0533160763821342,0.0846079384936624,0.1256692273004085
10.0,0.0,1094.8251953125,0.7684175304629305,0.7490390336938474,0.6713993982331627,0.1481776631017765,0.5228974691032555,0.3524605094452644,0.3027050046771499,0.8282119083371715,0.6609256889368985,0.8217595768770709
10.0,0.0,1086.77685546875,0.1955792630196662,0.7256761531092664,0.6712712348456565,0.2760563254208662,0.6701871775534517,0.9595926557029708,0.3523649564521778,0.3765381897653036,0.266727116296571,0.3599867554247364
10.0,0.0,1075.689208984375,0.4029121656668268,0.6540512328022577,0.727843908363455,0.0372309008896346,0.2368493583151544,0.0191378194698316,0.2164136819110416,0.6954350025225692,0.0759804579810022,0.3557553658889524
10.0,0.0,1132.918212890625,0.7622289406192225,0.6192929462530248,0.3248257781046814,0.0683402745729993,0.5855739904030004,0.2110943986504997,0.9692320505806752,0.2120726223740978,0.8759129134820068,0.98034171537247
10.0,0.0,1067.8404541015625,0.3107469670357957,0.7289134319234435,0.0515415362986649,0.438109043858067,0.2699132624258548,0.9003404944140114,0.6677933091934838,0.866371898083693,0.5087844874887575,0.5383493008687131
10.0,0.0,1054.3126220703125,0.2949461955141854,0.0453662439242837,0.925603537043427,0.667210892384068,0.8513115498924917,0.547234672685607,0.4755638297665935,0.6914175183073838,0.2810819171595646,0.4595242088992204
10.0,0.0,1086.9189453125,0.5734602415716051,0.0555617391247004,0.6108541876447807,0.2396563610385466,0.6281017390402618,0.9745512382210236,0.7845275627852983,0.959790191171195,0.0558183254752729,0.974165611713014
10.0,0.0,1081.7144775390625,0.9179703494673664,0.4189993957907669,0.8644482229318908,0.1219441690279826,0.868001394475897,0.095343918282756,0.1681351369974236,0.8001070140026145,0.0622920871243281,0.9256137903233492
10.0,0.0,1108.1715087890625,0.9221071867590944,0.1595951333472656,0.8204557008993163,0.5693128959612264,0.3902172103458681,0.1632170783840646,0.5846015660989539,0.9846093109819076,0.3394693931001804,0.2777196294155922
10.0,0.0,1061.9368896484375,0.1153286517717551,0.1171226686793798,0.0943833128624745,0.9264035157871476,0.21211801523528,0.1622226347782178,0.0816715299971266,0.012451165613785,0.5022257127919323,0.4162537664185717
10.0,0.0,1056.72607421875,0.2766767697853018,0.0129192030693561,0.5892024465593549,0.7308894780656806,0.7710981480670217,0.8530989098170183,0.5614461474586234,0.2109905332800593,0.1393245527860723,0.3726274604236591
10.0,0.0,1077.541748046875,0.5037902463499359,0.9802696182210212,0.628369253773292,0.7214992445842409,0.3937713872838717,0.7916334689560784,0.2285737734821717,0.4451814184244598,0.7260541170795753,0.6674147063687712
10.0,0.0,1080.0806884765625,0.6339571117968995,0.2757481459228535,0.1855835261191485,0.8837404849456677,0.977049995983554,0.2189043991388198,0.2930558296527461,0.885499131374955,0.6473855191706246,0.7232190722995637
10.0,0.0,1097.017333984375,0.3109965337842901,0.0658808447834363,0.0897301737412038,0.4876817187762795,0.6246295484380652,0.643553959036903,0.832409937685802,0.9955247687791609,0.992759761168342,0.176825177285627
10.0,0.0,1068.7265625,0.0268680612996375,0.3112242713557155,0.4756784416214979,0.9168619018684344,0.2777737220201561,0.2962691058989333,0.1018588002314921,0.548903206115576,0.0578856137768999,0.5395802811280969
10.0,0.0,1058.7528076171875,0.5952586881130577,0.3248644706624246,0.1698811691599641,0.0780581392009018,0.9939417177649332,0.3560413902444383,0.1674640523606687,0.7974793295116366,0.8297748202021787,0.3530505637918997
10.0,0.0,1113.031494140625,0.880998036419294,0.4222690137277995,0.133153847958977,0.0924975722873439,0.3844001427776766,0.5699079124638005,0.970628425119416,0.8636999885405006,0.5336253530971462,0.1347369381289319
10.0,0.0,1080.9539794921875,0.2552925118121434,0.6061918669065907,0.4054812750061084,0.3129181082460426,0.3060232375240053,0.7685780075619805,0.9155407735645203,0.666012906828729,0.0324317632728505,0.7703749025507786
10.0,0.0,1057.4776611328125,0.4300314426455042,0.3499527779172383,0.7139519603644097,0.8794767855032968,0.8209054076770802,0.0044498168539687,0.0584934901019698,0.8572941119902668,0.1279035688769135,0.4751045153398299
10.0,0.0,1115.1510009765625,0.5505441408496646,0.194182469864704,0.0949678966230018,0.1303822187651808,0.4056470526034486,0.910845992499535,0.9408606300832872,0.0372846546289908,0.5579588144647578,0.923497672647422
10.0,0.0,1065.7462158203125,0.0710286027746522,0.3900143492280257,0.6808498193000208,0.5062282417551772,0.8540953287879719,0.2199523674124669,0.6719679497640485,0.300253407676485,0.4046849421568664,0.3061970869509484
10.0,0.0,1075.782470703125,0.3653374038991911,0.5955869950515982,0.5379593378142897,0.3076633030840371,0.5469783959426493,0.0464671586116866,0.7929363964039547,0.3432650833085401,0.063627188998291,0.8261581907248918
10.0,0.0,1069.321533203125,0.6736182590545579,0.0481193582975001,0.774673964933944,0.7405704463915995,0.9833451556244296,0.3240750278035748,0.5511739483223127,0.5851820426019695,0.7745887903576358,0.1397883392766149
10.0,0.0,1103.51416015625,0.0840787979426453,0.8831333084251064,0.4512336257334324,0.6929026952284717,0.3291218018304047,0.3313220937539052,0.5267763439497617,0.8308208711924557,0.9751981682556622,0.6774397234096976
10.0,0.0,1075.2554931640625,0.3162675922171013,0.9819643796450636,0.4121735482249207,0.2840624161556777,0.787345170284812,0.909207202642328,0.1633751943492103,0.8737215599013862,0.9021276875489488,0.7454580092414768
10.0,0.0,1114.25439453125,0.4715043305067455,0.1983924894454137,0.544326041729936,0.9947393072148044,0.8381224600245272,0.1090320308492751,0.2073577631159119,0.612470773177064,0.9460219824125488,0.6746795762232376
10.0,0.0,1064.53515625,0.2942763321512395,0.577725559249905,0.1310823737089174,0.7140869426338057,0.9966956707323732,0.1440693297410771,0.9975575666182956,0.3954293110115291,0.6277043259023738,0.0829003999859501
10.0,0.0,1068.949951171875,0.0903635224795464,0.6710445885545071,0.2629767900246249,0.0641405066685836,0.7072463262168176,0.9601661783304792,0.8967723203572566,0.0917199903461429,0.1901388402790598,0.3047029504437434
10.0,0.0,1096.502685546875,0.7619683273191755,0.861809045550595,0.2274201784193912,0.3389486443114773,0.9337585125046688,0.6974062371775311,0.2133896494768372,0.1239113136185594,0.2471630692052585,0.6396623554660192
10.0,0.0,1070.1114501953125,0.5061202626260694,0.1759808389360839,0.96322699710362,0.1588675897730406,0.0176138949228999,0.3273270516750257,0.6735140662832496,0.5567619799457517,0.3980345708629882,0.5786081772446028
10.0,0.0,1048.3822021484375,0.4004559782599448,0.1581244724744853,0.2524733423924149,0.6052998945033392,0.6458507535215373,0.6223605729197711,0.6907285439272053,0.8835317894330305,0.5311409956525515,0.1836896237803545
10.0,0.0,1087.8472900390625,0.8476825670299842,0.8113316195633989,0.0884576171462132,0.1582765450767242,0.3941963091254057,0.0515690918882334,0.7395369870081653,0.759643101271988,0.7898185921190457,0.6254911197613092
10.0,0.0,1062.606201171875,0.1923071314338815,0.4296220055916122,0.8080797946985955,0.8624358476125494,0.9062719133874184,0.1412199060824209,0.2541826297646279,0.1413246889848765,0.2783596745595087,0.8172385699829872
10.0,0.0,1065.506591796875,0.1352933769763949,0.3237448184367868,0.0363521920662197,0.6984366501366295,0.3405254726247233,0.1907954202159428,0.7658818929335047,0.6587140451404195,0.0112572404266222,0.7818509361069377
10.0,0.0,1078.267822265625,0.2341762490154857,0.226785293571273,0.406279731335871,0.6686036453137303,0.1277588340652592,0.6277617844523335,0.7873223013327375,0.3350415169901538,0.7473597113865876,0.1683309147598585
10.0,0.0,1099.203857421875,0.2917753587093299,0.4555680007894951,0.9375171507015896,0.6337326431334106,0.8691105813634182,0.642659552383675,0.7461783939838283,0.4146469981882432,0.8129928650090366,0.1244518858449538
10.0,0.0,1088.75341796875,0.4577773173408989,0.5762461356988601,0.4657553455658156,0.1170373292351055,0.9237301355262504,0.3299074642542723,0.1409491905738545,0.4509385208434415,0.8598389712657971,0.6687601479048264
10.0,0.0,1078.5643310546875,0.8189234263395266,0.4595762963069264,0.0731509038391228,0.9285447501581,0.5923674879366474,0.5135809654484308,0.1015341708718488,0.1282026907422355,0.8296853361911127,0.0731892835420392
10.0,0.0,1076.4976806640625,0.1242975298754943,0.3303245390120517,0.3877003565809629,0.5221955160432934,0.0765376064411427,0.1089584351012346,0.7840332284381518,0.2141544844245286,0.1224336530801728,0.899389409379091
10.0,0.0,1113.244384765625,0.0877812088731205,0.8380182344107728,0.1987762769842566,0.6371734382780473,0.0422970996966316,0.2109465513196528,0.4094022075186982,0.7596690576293976,0.3129386758118553,0.9070782311959122
10.0,0.0,1078.748046875,0.9194405820078853,0.0685705329081203,0.8937697377356711,0.319947511428754,0.8056806500415347,0.2993815663705306,0.2438904338624865,0.3529250976080206,0.3594853015664714,0.5547185306278315
10.0,0.0,1114.808837890625,0.856686161890292,0.7675646714579497,0.4520528699122373,0.4226274997597333,0.1637924551701217,0.9280516367342402,0.3697617344945028,0.5484494019483704,0.7507164596335837,0.7758589801459492
10.0,0.0,1097.4805908203125,0.3033512770569493,0.4572162162561874,0.4900871524335596,0.6349284617289156,0.7567371388439261,0.3757163821179849,0.4518649896518112,0.746315765822752,0.4978429054728058,0.1266074994382696
10.0,0.0,1083.420166015625,0.8148933316106357,0.9379488621922946,0.3345401162313488,0.7598662795263029,0.4785330384882758,0.8331617428484299,0.1900234505602084,0.6176092868525532,0.1977592878108477,0.0430768830593902
10.0,0.0,1094.821533203125,0.9301147239810306,0.3181018866354901,0.0358913211871111,0.2772785544499024,0.5642331755015564,0.516944661418604,0.8692904760851446,0.0568612244777746,0.5690558371919833,0.1226404931568743
10.0,0.0,1114.9256591796875,0.3575747282601729,0.6088219985061265,0.1662292772793885,0.4632523015284862,0.077090375474435,0.4550859689940111,0.333905996292448,0.7443500105398483,0.8226365939620167,0.8823129870790006
10.0,0.0,1088.14208984375,0.2632356345987692,0.0774516403975098,0.02827424640386,0.3642787401534968,0.5247885753075406,0.6060992860600354,0.5214559154309072,0.6171466690630444,0.689990565523902,0.2292303033311277
10.0,0.0,1091.9859619140625,0.4015211652331538,0.4363266224027016,0.4506984215750502,0.990423753855338,0.62507080881051,0.975104521996244,0.271123152964229,0.4841104790380314,0.163045770129276,0.5150365931996691
10.0,0.0,1094.63818359375,0.0742074849654806,0.1046904196597887,0.1545799630611058,0.6753814413239358,0.7392753796688479,0.8892544365281908,0.979468503389299,0.2402328895710345,0.8275007419097328,0.3182700851538595
10.0,0.0,1079.323974609375,0.6014777138708657,0.5782563303261349,0.4862227264771198,0.3050730761572499,0.3709881174329482,0.5485302911502359,0.6013538037990287,0.8904775033212526,0.2401787207275413,0.3674164783833546
10.0,0.0,1088.484619140625,0.9252009501216812,0.650999659739541,0.3440968678200861,0.984375842115131,0.5042409059351733,0.4369308125581553,0.90731076041127,0.2381249282750662,0.973245392027132,0.7385971242743768
10.0,0.0,1097.9080810546875,0.6739403057361656,0.300404922521811,0.9878674081547472,0.9277475015899216,0.4003002889866114,0.2599809154691521,0.2916766053279279,0.9182646041622536,0.3537469808530551,0.3646772056524999
10.0,0.0,1075.144775390625,0.2117865153150715,0.1571048879141149,0.035678025614483,0.4730447040273902,0.51135608322689,0.924859034600392,0.1588957363929137,0.5562082360721525,0.6002611287479565,0.2441714999730715
10.0,0.0,1078.593505859375,0.7931837973436144,0.6758699791251876,0.5205255604076778,0.6662286467303216,0.8989706376193421,0.8472828282170736,0.4562677936130248,0.4717818563811032,0.8334520866118028,0.0881054255997828
10.0,0.0,1102.5029296875,0.8838233868975249,0.1331635589660753,0.3664031794271449,0.4863855407019103,0.5255822797898082,0.6502644321486556,0.4469212596767544,0.3174639393919215,0.6747574750883906,0.5728318297845805
10.0,0.0,1076.451904296875,0.3449515094445549,0.4851311547253708,0.0962112443654846,0.447274356677574,0.515139349205348,0.9275659319179124,0.5673242717115283,0.395003595368028,0.2263641989530121,0.8619790414856876
10.0,1.0,1067.751953125,-0.2868063699028909,-0.1303713874177798,-1.2186976457736307,2.830925323734542,0.8016134102673744,-0.217519471597881,0.440566553591232,-0.3007459024668772,0.1715618513690966,-1.2256620850359825
10.0,1.0,1069.345947265625,-0.4739419057186476,-0.1600785513278344,-0.3035353085543963,2.73463444917345,1.0602551570036365,0.6385898698888983,0.7164172922404024,0.5762559445952178,1.7167412210458632,1.814330064288048
10.0,1.0,1056.329833984375,0.4276283010503947,-0.4652511127491809,-1.0774060004994714,1.2736533724456711,1.7345323900286145,1.330339034998694,-1.3666745226921142,0.1666732250961775,-0.4535217574326164,-0.4991918519309779
10.0,1.0,1044.578125,0.7135827622690787,-0.8534818195457223,1.3062117971710476,1.4056934780476649,3.278754727979633,1.2712990170074605,0.4164579504155679,0.3657819447897523,-0.5861218334081526,1.3930099688684017
10.0,1.0,1079.2757568359375,-0.4321311299461623,0.870127331186934,-0.8370793640950378,-1.0456762268543862,0.6859828766178637,0.2431222438251525,-0.1360070303782032,1.7103166296362815,-1.0297739270324655,-0.6863889664970735
10.0,1.0,1099.52734375,-0.1820666349612425,0.8778694197867924,0.2020618501200832,1.2918717294176307,-0.472450369827369,1.7655379973731566,-1.6227097319506,-0.6870019639881022,0.6925634023967353,0.4391087354342362
10.0,1.0,1123.216064453125,0.368526198521387,-0.0570518286280039,-0.7257032941756592,-0.6875211530016596,-0.3417800334294663,1.061609745076435,-0.1266996766034829,1.8660386117594496,1.168760223369496,-0.5481184966985282
10.0,1.0,1079.38525390625,-1.2606811120612886,-0.5391405589669942,-2.099982285933652,2.226063986997402,-0.5919818283827114,-0.47404256845702,-0.8786020835924804,-0.0959593068681661,-0.4431184887422192,0.3839813554334261
10.0,1.0,1046.320556640625,1.432678760182709,-1.165045734419868,0.6946360489430559,1.5832628237577628,1.6870504957887815,-0.1278226187602653,0.7607923592294421,-0.0674694864469263,-0.5795882345321512,0.8458048066207811
10.0,1.0,1066.802001953125,0.661366265834765,0.7571966254830977,2.211297200095044,-0.3202146555658389,-0.4461949119807222,1.985022799005835,0.1056646782205525,0.3648002476492369,-0.6930605394815892,0.1421136133926754
10.0,1.0,1080.1925048828125,0.906905109249311,-0.4318947206846975,-0.165281039635758,0.4761332522429633,2.453710322182417,0.3923648054473974,0.4023579843418279,-0.0781327275032293,0.3598740457312646,1.4622715245332696
10.0,1.0,1040.39453125,-1.7758113816876886,0.283221940621372,-0.8878947477451522,0.4651604944983925,1.772515039419428,1.113961179101822,0.4451373237396776,0.7085235244048409,-1.359465046435174,0.7555890715740743
10.0,1.0,1090.4349365234375,1.4043428375624387,2.209981381259743,1.9605667983778223,1.3460334025782466,1.0412521598797395,0.4141143204831996,0.1269185095507365,2.538419555088572,-0.2058830652291092,0.359849300528686
10.0,1.0,1070.4100341796875,0.322297937762805,-1.216283468179479,0.723109503577481,-0.058773519451801,0.188443872379147,0.4306746907126113,0.1173029443972719,0.5742940413614832,0.9567086920894948,-0.264946549972521
10.0,1.0,1120.3948974609375,0.5674700334451321,-0.910554349142819,-0.1965355518110465,-0.573359351305899,-1.6420752065058175,1.302810607551601,-0.2218090195234543,1.6105383049335646,-0.8603304966342238,1.5131367417154171
10.0,1.0,1093.2333984375,0.3432229927345753,-1.1789280390980714,0.1543306668026991,-0.1835638528014724,0.5809530682850852,-1.379068944393377,1.4849714197064587,-0.9807556332136392,1.0552115638504669,0.4029970769917277
10.0,1.0,1037.831298828125,-0.7344852531494137,0.1260955378151198,0.7309549990400299,-0.1477393636645825,1.5075109456953246,3.1336517014699243,-0.8095996460793575,-0.1910518384219433,0.8877392405890703,-0.6380704764917642
10.0,1.0,1066.75341796875,0.2428771795400921,-0.3149123655807599,-1.0785807063404853,0.329265861525382,1.5854104761409546,1.7949225015998662,0.1451546620563162,0.1156036299199749,-0.188047634578429,0.7934936300567177
10.0,1.0,1055.3525390625,0.0035126804732845,-0.4518202083358549,0.8481706357751362,0.6399982059166778,0.4604230184277069,1.3130509738282292,1.9143081564903053,0.9714469586988104,0.5996426213297585,-0.0390192700920559
10.0,1.0,1083.8668212890625,-0.4323113718524123,-1.743791366565457,-0.860750437742249,1.0625472765428174,-0.2655352177041497,1.0624713677066264,-0.4750737816771853,0.9986351764759452,0.1780118636172298,0.2142801217109848
10.0,1.0,1083.5477294921875,0.7962695272432088,-0.5914377280444407,1.2955955894948428,-0.9856114520134804,-0.5474909060482673,0.2760938709707119,0.8230069929702788,0.4266484887563715,1.8713302296232424,-0.0306605565445892
10.0,1.0,1082.8743896484375,1.4613000253382076,0.4981637846837818,1.2297432669912194,2.468642878370644,0.6551082907049821,1.5971189392062597,0.8203926022741364,0.4085194240946084,1.3735333688156306,0.9187177919537826
10.0,1.0,1060.4359130859375,-1.0799717902210086,0.8178090708322472,0.2080686481147466,0.4649300378203538,0.5764085814112452,0.7436575209410563,0.3546253760718896,2.632186706232517,-0.7432762770331856,-0.4215643482618203
10.0,1.0,1060.3642578125,-0.5295242009847474,-2.2486526588411704,-0.4610532902209403,-0.3659625468457559,1.5231629599063208,0.3862892513288507,0.2434335530261222,1.236612102810506,0.515171062188803,0.9608981769514092
10.0,1.0,1131.1767578125,0.0588293521302158,0.8712729403864543,0.2879748035153877,-1.0195586792217677,1.8935396948723329,1.924376568131045,-1.2123273118084334,-0.1711182749864805,0.4052730264633739,0.2404080060651203
10.0,1.0,1049.8363037109375,0.0097463536110442,-1.4885713260427846,-0.5216405817070431,0.5847360912745545,0.0456617311249232,2.909983972523156,0.3618477141749485,-0.7237545924123792,-0.3406726051563886,1.2867952018827822
10.0,1.0,1057.6575927734375,1.177236643457693,-0.8501720334584677,2.0842391977895325,0.8214668346310372,1.768520333790705,0.1905299643188387,0.6451947693087252,-2.2786658787355303,0.9981518754362462,-0.1780661820559901
10.0,1.0,1079.33056640625,-0.6491982001989802,0.7649499354547356,0.9278709122628116,2.355028471529338,1.6038641769719986,0.9814722770893622,-1.8926165852764063,-0.0935532475083569,1.0783543444945876,0.566440336140901
10.0,1.0,1075.3609619140625,-0.401359039570373,1.3481704825101506,1.948838167866512,-0.3758890335898588,2.020516929128413,0.4944761065874692,0.3375699508888994,1.255659754642176,-1.8887256204209453,-1.352514814537665
10.0,1.0,1034.3182373046875,-0.4309900195514773,-0.9175770493032872,0.8027139388890365,1.725755426727563,1.3914447173419564,0.9497492385910284,1.3962521577368046,2.3261437332559325,0.5053629832363873,-1.6395616056293227
10.0,1.0,1115.99072265625,1.4020525802647192,1.0654474147974309,-0.1316933016753072,-0.3493873140103476,0.9054174371118808,2.587264534632548,0.816264819102476,-0.3338891286393295,1.0996474901682358,-0.1567350210077904
10.0,1.0,1054.01123046875,0.1749032556221834,0.5253388627346318,1.870016615915846,0.05618068539352,0.992037754974212,0.4695718555286854,-0.6898571234219943,0.7948267367858586,-0.0006656985153599,-0.4205117871430648
10.0,1.0,1116.0770263671875,0.6627192450254107,1.3639723922411209,1.468011787461636,-0.752215117864492,1.3349607042335982,1.916805980933991,0.0200848102322641,-0.3010687422198392,1.250355274904555,1.022912154868588
10.0,1.0,1074.8897705078125,0.4929280427975957,-0.1525646474237803,-0.5468140872790546,2.176876098362646,0.2678184035426669,-0.6011601838949581,0.1296018636286087,0.528647025016852,-0.4393385969014121,0.9500732652101576
10.0,1.0,1087.212646484375,0.1114018405115393,1.796382470924259,0.1099954765417425,-0.0848525293979438,0.551901061575359,1.0937627120552698,-1.20992223003391,1.288477792154734,0.2667148940168218,-0.0467759078795939
10.0,1.0,1167.1895751953125,2.9892032569112468,0.6985496341777679,-1.4018225914770022,1.0485540381863745,0.7893942565061653,1.5754515461051666,-0.3492643566374012,0.6530702686988903,0.5471067514546633,1.2076471864509672
10.0,1.0,1094.490478515625,-0.1450310859763268,0.5143206533692188,-0.5325917140379985,1.0070748621305237,0.3442622853394983,-0.7678473352571649,-0.5428820487595516,2.341023647991981,0.1931546983002494,1.4115045044513437
10.0,1.0,1085.736572265625,0.3058530009454259,0.3253786947509374,1.1211178500043033,-1.2043067394816775,1.4896930194906766,-0.0417107852790961,-0.1730235040311267,1.8286253512566344,-0.2589410726113534,-1.5063469802717977
10.0,1.0,1074.860595703125,0.237256027526838,0.7325872089213501,-1.0830025328639787,1.2008431321538389,1.2141821637901131,2.021803255050268,1.3393438906731658,0.75307119334202,1.2909457954422,-0.1216197315549667
10.0,1.0,1106.7125244140625,1.6721935059545592,0.4672196588151038,0.111767225520392,0.100616988131498,2.032672865115103,-0.9254867536315744,1.7096404850206035,1.4916819209341048,-0.5094700987869665,-0.1336986919373339
10.0,1.0,1088.9066162109375,1.1529069829750842,0.633665156329287,2.097754949949268,-0.6942777172658667,0.0124874960673473,0.8664662344363352,0.8951287211280619,-0.6794791573318735,0.7608318443698847,0.6459184783451626
10.0,1.0,1064.96240234375,-0.1819795552118943,0.610963946338523,1.0603149657402922,2.3619550560843425,1.6325295845206922,1.6940486321801806,-0.0655193065271388,-1.1416658242258206,0.1896911397096108,0.4675313250247646
10.0,1.0,1057.9674072265625,0.0292036974894198,-1.7164462729039087,-0.7927317400614289,1.0765476693932712,-0.6968300813773283,1.303932329163807,0.5892854264679066,-0.0883443353151713,1.480548747381576,-1.0954778157754506
10.0,1.0,1081.6800537109375,0.7752521373476995,1.2248728368948214,-0.2888108868152752,1.4577916792276897,-0.9018016901023128,0.5837356682021699,0.9017823098281336,0.4273473659466109,0.9255884414684036,0.1875811863943237
10.0,1.0,1078.0576171875,-0.6755781999517829,0.537290189147198,2.153591214053135,0.1022512121080767,0.9644278980152708,-0.3740434614233292,0.8962157846046157,0.7609207757590575,0.1810332503664753,0.0149956630889693
10.0,1.0,1200.9986572265625,1.4238170932693537,0.8353372925240254,0.9896078483033648,-0.6963641370212237,-0.6896427062178256,0.0930638011091398,1.0544743735954034,0.8708476329911221,0.664570491079739,1.08756945056684
10.0,1.0,1095.2117919921875,0.6937866813140703,1.2477741985338089,-1.3552148820460137,0.9983017990708288,0.194170041683142,-0.0355552302741166,0.2519984087744049,0.4321359979609207,0.1343729600031036,0.3429236275130387
10.0,1.0,1065.1624755859375,0.6419199791368122,-0.3254541496868954,-0.1487139277117526,0.8091277885939725,1.6936034046714656,-0.0682605250969974,0.55774453163232,0.2941132588468864,-2.002640126190636,0.3366914634218911
10.0,1.0,1095.57763671875,-0.3854898272942701,0.5023933618695828,1.3714475175069394,-1.0676606677364804,-0.2243515236571029,0.696554269468229,-0.4080934684253865,-0.9005984952189134,0.2352025967991817,-1.175711778959884
10.0,1.0,1072.0634765625,-1.2172296593070655,0.3389508780865125,0.0934726890176342,2.057397251967763,2.337861703551055,0.4063108679367602,-0.2507502515164788,0.6612482725010231,1.4494467701575164,-0.0401879900074604
10.0,2.0,1069.8519287109375,-1.0098169195391464,0.0464853137672989,-0.9583814323761316,0.6208422841261338,-0.1857706274981749,0.2796887750410963,1.8585139377510789,0.6638237673905811,1.732554511999501,-1.6805496546509224
10.0,2.0,1041.8399658203125,1.1206515717937906,-0.5043577216289901,1.3196539419410875,0.1874322804828221,1.694576946974104,1.9329388521984416,-0.7376710679040102,0.7552964690684938,0.9212097928674224,-0.0486122704722227
10.0,2.0,1045.393798828125,-0.311886170944355,-2.161781071094477,0.410061647852058,2.106419699775511,1.0335930968651406,1.913963935238523,0.3449070103931184,-1.2491197010560473,-2.204727764040885,0.1604677501545595
10.0,2.0,1042.614013671875,-0.3113796766766636,-1.983310301236667,-0.5152043521664753,0.9003780527764018,2.0000111248640406,2.7530321693689217,1.497119361294985,0.888995702824066,0.1952445002641685,-0.6367721395263821
10.0,2.0,1056.409423828125,-1.3945943538651964,-0.6202487905544816,-0.4679123829119112,-0.3655628949177281,-0.8028957777640846,2.2545610646437275,0.1563663611229859,0.317256224818335,-1.2930165914007627,0.3580791571625052
10.0,2.0,1069.858642578125,-0.1383037893275878,-1.1772107075753366,0.7168335413313232,-0.6807427559152295,2.284628584421684,0.8937574884566599,0.0656949773222672,1.2019008297539715,2.2874923990735985,0.5326656129726697
10.0,2.0,1045.177490234375,-1.264708368568428,0.8814376223793889,0.0730207408237486,2.264475890124973,1.3987210526658114,0.038082046672546,1.1211485755556785,-0.0334213389238726,-1.2826468789191037,0.2891432592441001
10.0,2.0,1158.9156494140625,0.9230503587951624,0.3918518667332451,0.5216193566426544,-0.5610922301180095,-0.0407013689446857,0.0427797294067211,-0.2564241167940277,0.980723871904816,2.028191901267132,-0.6573756980605001
10.0,2.0,1055.560791015625,0.1168516555464114,-1.848771675759256,0.5413661771045986,-0.5050381076408721,2.2016030788759275,0.3464049309097952,0.7406400045407331,-1.6445262951024664,-0.0470110326510866,0.8134069465842941
10.0,2.0,1061.58837890625,-0.060633792820715,-1.5753886235854928,0.0444917225983996,2.190514223604448,1.4404988886421854,0.5176440713421435,-0.6041322445325603,0.6223240109358272,2.113385785483686,-1.1655662732227512
10.0,2.0,1049.701416015625,-2.622127054624188,0.6772534135218047,-0.0200839126516862,-0.254493857045893,0.1757113114472455,1.8766796453873769,1.5348524248104845,1.4999543299837947,0.0997097686133443,-0.1051112658010495
10.0,2.0,1055.8953857421875,-0.0960308987734404,-0.6788727871277409,0.0989987747581278,0.6262421575504487,1.6803432391492468,0.7534029884269486,0.666379468569466,1.423275593875574,1.0219750807037489,-0.6948240335542737
10.0,2.0,1034.5347900390625,-1.6783499277435068,-1.1438091985299383,0.9864368430956684,0.9772193277042572,1.9335609130198712,2.058691955305191,0.9228104464769178,1.0673391881932526,-0.6450957522239023,2.181125449354699
10.0,2.0,1046.7772216796875,-2.373155764670459,-1.321232061790414,0.4363105012656953,3.4980685726022323,-1.8354181617190208,3.0933180992838167,0.9821004945668116,-1.2663297334566148,-1.193451200533092,0.7172250943719529
10.0,2.0,1081.006103515625,0.0397590562308867,-0.0057217720917366,0.6877751587432197,1.4125818928474096,2.2356172688760525,-0.5137245284716627,0.2455485915536028,-0.8090880068565287,-0.0240023403789786,-0.360508305307138
10.0,2.0,1075.145263671875,-1.2173008171873496,0.9089180287553535,0.9291499019969044,1.8239836034260115,0.692434975184173,0.0184897597302358,1.0393722553885532,-0.4441188120093162,-1.535777141484997,0.6681047098116624
10.0,2.0,1063.1512451171875,1.007680461459291,-2.0053296611437115,0.6699501779462045,1.9065463839832733,-2.290366281934241,3.005862453229147,1.6298195241706228,0.0126957980241133,1.0411356976831287,-2.0803470675805102
10.0,2.0,1045.505859375,-1.1969643953928086,-0.35883831947831,1.1789199486141555,-0.8878656119079,-0.8840268800101745,2.145387588223385,1.563636150466552,-0.0375818215231253,0.9182229579224224,0.4740163784712052
10.0,2.0,1091.2958984375,1.6475440456907648,0.5084991356022694,0.5637273277151857,-0.0023407338507501,2.361654171653109,1.182632769695493,-0.1694886955695294,-1.99468293971164,-1.034132953431119,-0.1871852894781165
10.0,2.0,1114.0972900390625,1.6021845298906658,1.540282595601658,-1.2801973536616549,0.6228964924499971,1.016278935684528,1.8168069577470627,-0.6552705568472215,0.2997314832426925,0.2373693099747784,-1.068297696567467
10.0,2.0,1037.5621337890625,-0.1797977074101604,-1.320307196033124,1.0209901163788595,1.367593248424889,1.918492512910345,1.1736012340233597,1.037654115148216,1.6368411277666717,-0.0545734578772769,0.1759401364835575
10.0,2.0,1077.37646484375,1.0315488187566624,-0.5759894379926367,2.295930789890724,0.1382807213433121,1.4728747824220392,-0.5537122173208946,-1.087857869150266,0.5308861029967735,-0.6929309763075118,1.5998267295365969
10.0,2.0,1061.67822265625,-1.4845294979281285,1.6555104464024026,-1.2855660919307836,-1.0542538053237085,1.7710529616765385,2.045991825817824,-0.2593089237680361,2.2783058335629818,0.9256279582355624,-0.5783629157363546
10.0,2.0,1078.863037109375,1.864562342373497,-1.1094123200604256,1.1570172132314056,0.3572276695706815,2.644826925707184,1.1638309694543985,-1.1122455125593644,-0.3572806540469617,-0.7825275654497723,-0.5664297030403915
10.0,2.0,1079.0010986328125,0.5082710866559124,-0.2702812411872948,-0.4319617188797604,-1.6282506532745529,3.445997164146217,1.894497566037927,0.1207021955045242,0.7780326558327557,0.0620000499705444,1.5490387533534546
10.0,2.0,1055.9658203125,2.0022830381971604,-1.491588578169746,0.8625623317821409,1.7807822817294516,1.2573269599745398,0.969476986093616,0.3105894353020675,-0.5147268233858799,-2.2237603828919927,0.3152404711044765
10.0,2.0,1091.4468994140625,0.2655735010395119,0.1488624447259887,-0.7178165347349239,1.6492344210583632,0.5078184748400201,0.9422222302287492,0.1119232524321436,1.5378398738828034,0.3505929635844316,0.8818014471540172
10.0,2.0,1069.6092529296875,0.0106471571396653,-0.650035786122948,0.8005422303827672,2.4736593820056267,2.374035002546257,0.0405533388558847,-2.066179986565392,0.7478312474883513,-0.5013318955768034,0.1437226389483719
10.0,2.0,1069.7205810546875,1.815079736264261,-0.0059230884030743,-0.286330810701787,1.7741328199811512,1.0361799788821795,1.6248103465231978,-0.0812218901306485,-0.6487763085318798,0.7755643773589451,1.2313092883231125
10.0,2.0,1094.145751953125,2.391039243687352,0.0148269856183986,2.219761558632353,1.380137563977125,1.9138503665869824,-0.8577399619851578,-0.1307179168671499,1.0739750140850477,-0.404477483594257,-2.408673418593934
10.0,2.0,1053.060546875,0.3244119725458567,-0.485865538305557,0.2688947936909533,1.6590737107549982,0.557176562232752,-0.984559168044406,0.1238491574463394,3.1778210915332608,-3.471151663810341,1.250439023482819
10.0,2.0,1081.6290283203125,-0.4093430921490046,1.5409199368028137,-0.577250962168609,0.8206409281300653,0.2520229422653433,-0.17743234221928,1.890491029828989,1.4505530838681766,-2.4713077149088853,0.35133378722358
10.0,2.0,1076.150390625,-0.1786609696900818,-1.524168900354803,0.4585739544848568,-0.1327176114257788,-1.1686455593719494,1.5630817252139115,0.440468413202475,0.7121170957539755,1.7527217627170142,-0.8789792665866161
10.0,2.0,1048.1370849609375,0.8011508828498943,0.0007438401205472,2.468115092771221,0.6383539007368508,1.3938369005844369,2.8733585268751245,0.1262178560173232,1.3480117006921466,-1.0032683706211438,-0.9022793697527448
10.0,2.0,1077.5257568359375,0.7700242708372702,-0.8116040003375256,-0.0497857817510203,1.3953012875146342,4.160779439491874,1.992084773963808,-0.7382286232649999,0.9310639215759896,2.3373360726276022,-0.2878448321791689
10.0,2.0,1064.599853515625,0.3951011699848861,-3.0614608921940816,1.0684214049500929,0.5015335302858501,0.2841017735704412,1.3266904606582006,1.1276245670187723,-0.1013345291778939,0.4205981408045982,-2.3486816902512784
10.0,2.0,1062.263671875,-1.5448756478344636,0.5097785867440008,0.8319944477783334,-0.8674883391742467,2.086957101060392,2.440748607954073,2.2713091047638434,1.3935535556633694,3.088387506782226,-0.7924267433037198
10.0,2.0,1062.2320556640625,-0.0864628718711131,1.189032917316175,0.7909526589977078,1.4662278587066837,1.163233757927701,-0.121727246740023,-1.0511010513200336,1.0499640975162174,0.1370355589795933,-1.7794186726922634
10.0,2.0,1097.1297607421875,-0.0761995870383849,-1.3464404778628114,0.2953643410756914,-0.8625209915126364,-0.2905084710430765,0.8873497494282034,0.3934244598055159,-1.1399038287716436,0.1643002650069283,-1.3589124409274334
10.0,2.0,1039.5760498046875,0.924423180124359,-0.3587841386532906,0.232962083863681,1.6952767350209186,3.2402233478621447,2.866664774683586,-0.0032070133237382,0.9003391290246023,-0.178771568902583,0.6464132418576121
10.0,2.0,1132.401123046875,1.7234716258254323,0.0387218686000823,0.8540631901566931,1.0682651304886717,-0.8261912618614566,2.1412720012493764,0.8408297280677646,0.5863206989081116,-1.106884967375822,-0.5071778184029956
10.0,2.0,1083.156982421875,0.223393122790001,-0.5026926794115125,1.6942024565713787,0.6730576273787445,-0.9212907013437056,0.9582502468046544,-1.433121011118632,-0.5774809705748858,1.758409209435678,0.2929893487913926
10.0,2.0,1088.14306640625,-1.5525747539269528,0.3594682012352095,1.0600307497225758,0.5453622264062226,0.8081914811762836,-0.7969346829419752,0.0304019931942018,-1.981222756330967,0.2586318466331612,-0.0366047387437538
10.0,2.0,1066.5291748046875,-0.6963925570725422,1.7309816627769692,1.378286299563614,2.847613516456507,1.3802692775431238,2.309732295835638,-2.752486602124681,0.1209455885823631,0.1928810452229168,2.1632429615540403
10.0,2.0,1056.31689453125,1.3772603802722196,-0.9796494490843112,0.1910829515708183,2.9125832621580106,-0.0070662642644601,2.5212060372213587,2.359462763013206,0.5808479201923253,-1.200363702389129,0.2097360121320708
10.0,2.0,1038.484375,-0.3744407519998187,-1.3760594515245832,-0.5039323215012796,0.7854380283639468,0.7734309939950474,0.2274469464151423,-0.0793875817996294,0.0101102409725335,0.1393345651993058,-0.8793928598374858
10.0,2.0,1112.9853515625,2.355916480848002,0.9946663541606888,0.3833308684118233,0.334741933202193,0.6228649368848203,2.0233219853293605,-0.9186160035724668,-0.2706663830061968,-1.0968799484680414,-0.2747562862578903
10.0,2.0,1100.3194580078125,1.029622772758123,-0.2641461247927985,0.950590498602951,0.4876512340735068,0.0415768285116779,-0.3885398781469291,-1.502584820814362,1.7811347120449632,0.0174481012858152,0.0709128109490073
10.0,2.0,1076.49609375,1.1704745071331244,-1.2902427505249348,-0.2670386825085558,0.7487957133063441,1.0774280720817693,0.4269207911030275,2.722775235299868,0.9487849844113114,-0.9260872014883637,0.7458083373894215
10.0,2.0,1034.143798828125,0.3166745572719689,-1.0294250117854131,-0.2747989362277696,1.785315281481302,2.6385709086838034,0.8349313432758674,1.6149114086299745,1.6889667560902293,-0.1122105989822292,0.1952897756516449
10.0,3.0,1086.3421630859375,1.4504041176740978,-1.331730821583185,2.494468074141073,-0.5289498455861912,0.6314825879077137,1.150864096422258,0.9354938432801604,-1.9466967214267528,-1.0090863173502005,2.099115728702534
10.0,3.0,1057.338134765625,-1.2369319325072468,-0.9130289566431244,-0.0982875738334438,-3.232133073680429,0.6717444839937112,1.5532900413355044,2.771515452143566,0.2631085002848792,0.8119215499169554,-0.5624094722952817
10.0,3.0,1101.86181640625,1.1315539756175186,-0.9207466820804742,0.6166512274789078,0.3074249485292206,-0.2488591939818292,1.1047584927531524,0.8852925365222886,-0.1842229797390366,-0.5151677023245282,-0.1096220086523382
10.0,3.0,1080.6090087890625,0.2632320308960798,-0.93290389176535,-0.2135235407658191,-0.1856091921553604,0.666777594945998,1.3941933535990785,1.5166215927585247,0.3212457913597566,-1.4578909660615014,0.8786974258960578
10.0,3.0,1063.8507080078125,1.397534092853924,-2.941082280358063,-0.6765188537289051,2.6690486707661343,3.270327762368346,-0.606043921201092,-0.0576891230037794,0.7548690068683817,-1.305169954928267,-1.0631390087308468
10.0,3.0,1050.3731689453125,-1.1565793367714248,0.6946758450956283,1.5607086474329872,2.595634740659251,3.5484476392887654,1.6047028551640388,1.254438883751579,0.2442147814558151,-0.7220347076177944,0.0245952080260858
10.0,3.0,1071.0029296875,-0.1427436740651746,-0.4504994808144129,0.0798666582446951,0.4054707295188953,2.5051493910285423,-0.12483892395886,1.935635934071743,0.062150966421905,-0.8837924252237013,-0.0490890209075587
10.0,3.0,1044.955810546875,-3.041353003182526,-2.149533637730359,-1.4574606919219244,-0.8259331098161997,2.005585525645888,4.4101144673312405,1.0409756549496958,0.0191463669971083,-0.9612218392473162,1.171276992948699
10.0,3.0,1043.5086669921875,-0.744316480307015,-1.0534982994976487,1.12060762894788,0.554322822548686,2.2423913564012423,4.138793391780283,0.5078487031700885,0.6619297046898538,1.0111288541318242,0.5291514293811037
10.0,3.0,1053.2247314453125,-0.3305385017420938,-0.4212245463945692,-0.3890582662812614,3.668064952719449,0.940298768536806,0.3064571361595369,-1.8812921065403063,1.7387196399687932,-0.4158687342625118,1.049691756639568
10.0,3.0,1046.7760009765625,0.0678102742377557,0.6796198725449152,1.1726531403630889,1.935321479816689,1.9201897731524564,1.6315513790959653,-0.4537811419318469,1.3756803599681555,-1.1573882726459803,-2.0738921383548057
10.0,3.0,1069.09814453125,0.187785844739877,-0.9960189832376712,-0.3385908006207154,1.3308645755255188,1.9238524345581336,1.8079747405387967,1.3951047099706626,-0.1534387424400023,0.2355704993930372,0.8927180809722763
10.0,3.0,1052.2537841796875,0.4222927239962706,-2.201484253696667,0.47043875761163,-1.670482736508462,1.7560333362899012,1.1598656275640593,2.10870804345719,1.7255659125019518,-0.4350029653413472,-0.978417329364916
10.0,3.0,1066.722412109375,0.0636194890603336,-2.0301064804487585,0.9059074384679296,1.4401218380655187,0.5575796588750102,3.0907497451891626,0.1273683848777738,-1.6512067826676913,-0.5448348638385436,1.0812704717553796
10.0,3.0,1036.1861572265625,-0.8158984592144778,-2.5802746277529254,-1.0535337743103854,1.378312933095943,2.348191415238876,0.7703605345384776,-1.6612198340541084,-0.318235286578064,-1.2677042980332849,-0.9702862365764108
10.0,3.0,1056.1368408203125,1.1505418223859003,0.7291289772783784,2.9474086949341576,3.946115466082979,1.3361181237052762,3.1719694764610686,2.3020177752022253,-0.724301842327205,-1.3386455620199684,-1.155911946788116
10.0,3.0,1046.2391357421875,0.2968481232699691,-2.470754709308023,0.1758066501436861,0.9652614409228306,3.06798136967587,0.8565876080944124,-0.0900840437665495,2.7933800975891696,-0.8557411787204519,-0.4076494363705683
10.0,3.0,1048.366943359375,-0.0843800404117027,-1.0072040886083822,1.3603447135035331,1.898771741971088,1.9344315213950336,2.271616902230164,-0.7252641946493137,0.3235317264112414,0.0401595524324633,0.6101417448202344
10.0,3.0,1058.8143310546875,-0.2966704005731406,0.8189626769161382,1.377180303479815,-0.2801087355898293,2.26415314261899,2.579399380504693,2.19723256407383,1.8074065225509468,-2.109094820178546,2.0421769374248893
10.0,3.0,1047.405029296875,1.418391698969231,-3.686935536391805,0.2067343014270939,1.113438620464814,2.375520572250398,3.340242998186895,-0.3014360660508677,-1.6546101743494268,0.1503598090195188,-1.1486820677328078
10.0,3.0,1065.6583251953125,1.4676958310342485,-1.52457481412441,0.0752645567932273,0.9468798684986082,-0.3148214369981055,3.050718212499578,1.6150116938200825,-0.1987913308363333,0.1787944088344284,0.8007726271967099
10.0,3.0,1086.49609375,0.077775069436738,-1.9421694780243053,-0.0228748757735752,0.1037880919930263,1.6058002534038265,0.6085625060574422,2.371066313973386,0.2917070120352587,2.23386870304961,-0.3052092952062004
10.0,3.0,1061.96044921875,-0.3149976482745309,-1.570199074850148,1.1878330061551834,1.8164679622357127,1.0690209193277571,2.3587853578722324,0.4150872365718792,-0.7240624833455458,0.1349908381968969,-3.5448059574805586
10.0,3.0,1060.65478515625,-0.8973515386939113,-2.101781859844408,-0.8398355594627045,3.101414654603211,2.225768075989352,0.7012483567471488,0.7089975592403324,-2.588809480825433,-0.3436146291637456,0.2103895770599928
10.0,3.0,1049.7237548828125,-1.3548971663243852,-1.032304656322406,0.6151212743596641,2.250092729044103,0.5680802127898659,0.4688334862598271,0.4416975436866792,-1.1466214476354877,-0.3842465438205309,-0.45653145273885
10.0,3.0,1052.6666259765625,0.1439658920520479,-1.5651205251330818,-0.57582842768534,2.1651117572415384,1.917977285183449,1.5260733021474984,0.2444936585572854,-0.4224475324962355,-1.4670944404859831,0.8123274262829234
10.0,3.0,1056.41748046875,-0.4779652269063046,0.8896218221755596,-0.125172173649247,1.295030416200503,2.2161613968969256,3.014951596728004,1.5125065693901156,0.8392675563342813,0.1059917798841914,-0.3176788851129739
10.0,3.0,1039.2220458984375,-1.4825818508870523,-0.4206424035406977,0.2898368200563608,2.1212267090224337,2.5949295705951734,3.146598929519352,1.210659378868507,1.3335806948187354,-0.6340621978772658,0.9655086019773886
10.0,3.0,1051.056396484375,-0.2560326644732438,-1.717696067180403,1.8531283325646664,0.1281375402461222,2.554240511224366,0.3522818941838785,0.3242952161794621,0.7246916419119724,-1.5619775612353628,-0.3181580060145661
10.0,3.0,1063.0347900390625,0.0565486406286552,1.570413218895489,0.7453632743035419,3.253820433388837,1.2457298941830146,1.6852143672252984,2.664199153190041,-0.2184784691627186,-3.140924853594089,-0.8428114306335299
10.0,3.0,1054.822509765625,-0.3889991794737284,1.1858879125057094,0.5493550373260323,1.5230403072911702,1.6622292759269015,0.5172332568218696,-1.1957176931837603,-1.0701993315757683,-0.5526267546373695,2.467146231739952
10.0,3.0,1047.4906005859375,-0.0588834564321736,-1.168620068937841,2.009479565319343,3.2033762933014245,2.373721168520893,0.5294871462347563,1.4530548787526083,1.0917508709630397,0.3582996665614999,-0.8467820025476485
10.0,3.0,1075.206298828125,0.2756756416453392,-1.6189917881547125,-0.7324622780057428,-0.0775784725586063,1.573538423578782,0.2810091307025715,2.0387379938243564,1.1680883035009435,-1.925231784362504,2.0684296117019763
10.0,3.0,1048.339111328125,-1.6536008233093251,1.3300953959380433,-1.7819515748301908,2.2082593090655136,1.2412915772669493,2.215460260014468,1.931756932859385,1.0049686136158045,-1.0151091949869109,-0.9010973823990752
10.0,3.0,1055.9378662109375,-1.5445144057043536,1.330080602742739,1.6463674072231802,0.652631990832564,1.6620407522036924,2.941666003611352,3.217922898635724,3.142683054560852,-0.7418102723693956,-0.2017942240373118
10.0,3.0,1061.062255859375,0.1295808583062729,-1.7773054428001878,-0.2440120130211118,3.077437326552211,2.160639033980325,3.0472886989676944,2.137711170848158,-1.2266355151660155,-1.778025915021998,2.5986800641238084
10.0,3.0,1053.3873291015625,1.8389471352495672,-1.1134699093613856,0.118490378869537,0.6019688357087558,4.490617582362107,0.96270598403828,0.5448450334415176,0.1966096270753645,0.5298003068826631,1.7210630796350888
10.0,3.0,1100.2261962890625,2.1258798468448123,-1.1331471404884046,-0.1998344286563753,-0.5034374545503537,1.933292024154171,0.8967145056924561,0.5392330342599108,0.5759025391613051,-1.8559189688223496,3.108000680995719
10.0,3.0,1039.3548583984375,-0.9463836075169444,-2.77671721659241,1.4395251038780712,2.773636316881925,2.3768345424642545,2.817030889232795,2.2983744071324086,2.829583773936055,0.6834221561856992,0.3709190402549565
10.0,3.0,1029.934814453125,-1.3829929984933704,-1.3122848265872946,-0.1544776526173512,0.7017830230335829,1.9736621104181111,2.1809215589718143,3.440601594138496,2.2914179325779784,0.7746876374298237,-0.8553042007009717
10.0,3.0,1049.384033203125,-1.7566119864828944,-1.6673961447969554,1.8026806509857745,2.6546485302632323,0.5645782611812571,1.0492219259677853,1.1010740724086894,0.8881322480365919,-0.4694396313212783,-1.7333978054191048
10.0,3.0,1066.0889892578125,0.7465479811082965,-1.5984679590389494,1.49153137649205,1.4096829751260138,0.3645493257110566,-0.4364266766027231,1.544775860479703,-0.3745388251596324,-0.2519804286588591,1.30408208090007
10.0,3.0,1064.34033203125,-0.5898323309635147,-0.6923283351876535,-0.2175444711143921,-0.3216853612302239,0.5543426651718288,1.3006741202388996,0.0052413464560494,0.5813153478413451,-0.4744489710154811,-0.2206346677115576
10.0,3.0,1078.3299560546875,1.1566582283109217,-0.7080368086201423,-1.0474473689214268,1.110290392240023,1.1353257432802462,2.3497919467476622,1.8508148681743908,0.6344276556133739,0.5087000410808686,-0.1354002950719266
10.0,3.0,1070.3548583984375,-0.3150852783626563,-1.7639576334985057,-0.770061168891095,0.4777668641234864,0.7605172004167313,3.3071727371828583,-0.1968123454020194,-2.124594254594519,0.6795374908375118,-0.7247876739722212
10.0,3.0,1055.9759521484375,-1.209848659148908,-0.1595305090143997,-1.0071394214616485,1.8339961942169616,2.072527791341634,2.633144810508691,-0.0474477514288897,0.3538598727486564,-2.060783194757936,2.1375750539768745
10.0,3.0,1046.4451904296875,-2.55638786811724,1.09821235233722,2.223528438587012,0.1214558835753703,1.2719559415500514,1.0909779183586652,1.657371038954178,0.836921260811132,0.5312718787386608,-0.2969700170043579
10.0,3.0,1106.5614013671875,1.3478695804746508,-0.3525357496647938,0.5044545791348884,3.061876472382213,2.375321746870965,0.1218814370679162,1.1833363887280963,0.2938788583148337,2.88765288389884,0.0437345043529413
10.0,3.0,1065.8050537109375,-1.8499761408762327,-2.0432480571350897,1.285160115235577,1.7693171068890692,2.054842865326158,-0.1653491485071327,1.2718863378167722,2.601276230270349,-3.496671836085903,2.538748081040365
10.0,3.0,1048.639892578125,-0.05728111197444,-2.377225167459983,0.6829852742773959,0.6635581134066655,0.0878479880281704,0.6444685156889545,0.8127918990517413,2.6478794966854844,-1.0739725260150168,-0.9190517694254332
10.0,4.0,1120.22607421875,1.361340086629566,0.3078500978258569,-0.6861876912424814,-0.9359257861573402,3.2005853154387083,-1.059315059548101,-1.9633838464724365,-0.4625636763004594,0.5847678499624864,-1.044315710411924
10.0,4.0,1064.368896484375,-2.298391849394169,-0.0979232928480708,-1.2803960681372075,-0.8855005304093133,3.816508643611989,1.838932407356185,2.5034632456390984,0.5671576281406852,-0.3637090539433139,1.532826902293536
10.0,4.0,1060.4571533203125,-0.8810007817218048,-0.9376364590560824,-1.3110727790317012,0.7206770289229123,4.320243673679817,4.517423215278464,1.3442366089400035,-0.2716792262984482,-1.1365368708365091,1.840091332491372
10.0,4.0,1086.5767822265625,-0.5927568033334971,1.691187835527313,1.3768217187239626,0.5940932954500733,3.19212188678536,0.5114693008687388,1.661252070388235,2.4763187883778217,0.8539612863151866,-0.4714860629664654
10.0,4.0,1106.232421875,0.0542111545805399,0.904097911992798,1.826647241984941,2.2446453892567666,1.338675641136157,0.0648099535115642,-0.0609662188656781,-1.6602472388763925,1.9514841858813623,-0.8267997538756209
10.0,4.0,1061.1685791015625,-2.024466040757427,-1.516860570900696,1.4238049260268075,-0.8496943448899898,2.380301170738247,-0.0711381732127272,-0.2219747178606006,1.5994743497740505,2.35778161694296,0.3188988070550369
10.0,4.0,1058.8616943359375,-0.315286760061511,0.4101602042535681,2.1290571313437034,2.2741255903768645,3.885963644216457,3.1679538989428675,0.0495242166468132,1.314388158017823,-1.2211328729606263,-0.8641708567478261
10.0,4.0,1048.90576171875,-1.9844954385973264,-2.7576291116987,-0.241634389013571,-0.4727328282910381,2.5175532400974854,4.045426183775939,3.294316891823067,3.356003295569796,0.3202268650061768,-1.446456696164773
10.0,4.0,1063.28369140625,-0.8467176027050591,-1.802580956677264,-2.277584096654856,1.9978502841115928,1.5971713395096572,1.662881517467171,-0.3797482892170825,0.1817108838476713,2.024812757419765,-3.716374181828468
10.0,4.0,1032.388671875,-2.896246187196858,-2.1708792384533093,-0.7794657862561873,1.90048197578682,1.0694883563015765,3.6023663873629825,3.889348693682635,2.241783537428602,0.0735410306963952,-0.9882335292682995
10.0,4.0,1051.9755859375,-0.960727029388872,-2.335798731902623,0.854672047685364,2.6496917969655858,2.870960148641145,3.3527348492081046,3.287752514825298,1.540258066222577,-0.0742489758526439,2.228517599436696
10.0,4.0,1044.8624267578125,-2.272068194065704,-1.8959013462330208,2.811619868469873,-0.1044444085353584,3.26242289888107,1.1846486778869556,0.144468986901205,1.295938630161494,-0.5593180212382816,-3.141993685282396
10.0,4.0,1061.8541259765625,-0.381891238679624,-2.061244439959633,2.57764776591096,1.857304467875352,0.1192703550728762,0.6992180159756876,3.218964948946468,-0.2092222591314332,-0.2889062240948785,-0.4888033771682014
10.0,4.0,1093.2042236328125,0.3238708000813801,-0.7752242452244671,-0.082408673735034,-1.2858517283827426,3.5657546291613595,3.9306459167270553,-0.0640361438142083,1.946828681166004,2.1418359880840754,0.6935278864292584
10.0,4.0,1067.350830078125,0.6392487452552054,0.3470171549695209,-0.929196410815929,-0.6141027362249147,3.221366691574133,2.33610793184328,0.2425781152072916,0.1299336595665643,-0.4890923016676085,-3.3188240962093203
10.0,4.0,1028.4859619140625,0.3599848707248787,-1.601960415666829,-1.87111354383148,-0.0967336084435555,4.886203989145988,2.531902277101868,-0.593854414659809,0.2797767945526885,-1.4250729300086844,-2.921061754044916
10.0,4.0,1044.160888671875,-4.643539888357994,-0.8724737356917753,-1.234195089068657,0.9010318598301036,2.416943796019577,3.745040758939176,2.2119294604165987,0.6678510649728668,-0.5862736793956458,0.7365764380722055
10.0,4.0,1056.954345703125,-0.4978387148726853,-0.6919463988630294,3.086983494791749,1.7510727295847772,1.6812913869570103,1.649153412886493,1.083580997658098,1.2940625894249802,2.022968885432144,-3.8019582860400143
10.0,4.0,1056.69873046875,-0.6686360033309686,-3.575658494603051,0.9688671312545418,1.6541917886881317,-0.2873916307958462,3.768975763243605,-0.4078734777976454,1.1428504548844298,0.6123521512391372,-2.940668510034621
10.0,4.0,1044.3970947265625,-0.2103040936910414,-2.533171416315246,2.331094692743503,0.5867861909171257,2.076267295693185,1.213637743578433,0.6602924659467622,1.668812082483278,-1.2606779682764966,1.1699133636321424
10.0,4.0,1060.55859375,-0.6500882914932058,-0.0309118468493334,0.8372275620323446,0.8039997155861789,0.020622690097297,0.053856395190718,1.0744375622714522,2.246805136557517,1.6385776285940017,-1.7856576736682173
10.0,4.0,1076.6807861328125,-4.024743922915548,1.2735042209519998,-1.2671483769610243,0.8212907600560726,2.6229053135474185,2.6596368056014,3.232105557738304,1.5332616893607032,0.5897672406218373,-1.4456835121778235
10.0,4.0,1085.4122314453125,-0.3814786656524385,-0.5325862361302729,-0.1931114513263399,0.4081688595375716,-1.0427078269976136,1.075372150993072,0.827378792010995,-1.1812374815739846,-1.6120897089701058,-0.0223262765467682
10.0,4.0,1070.3087158203125,-3.7982469565814463,-0.9382050389539112,-0.4324528832731396,0.5911602529161364,3.884923018789488,3.289667163325434,2.936269448782882,0.2482856704742042,0.3574208101204554,-0.2041192649941265
10.0,4.0,1040.042724609375,0.7994910781463105,0.5353360865209567,0.3619986213987385,0.559958246687402,1.5611632657734509,3.086003515898064,-0.6180157309046557,-2.041729429577728,-0.6992601454041534,-1.5027894778618176
10.0,4.0,1046.574951171875,-1.0309193833538606,2.6784018014837185,3.189692636973412,2.8742754940938564,1.7127643700872088,2.334381587282401,2.209687690639087,2.442205016930018,0.2877953178473724,-0.0815881464456342
10.0,4.0,1056.2626953125,-0.8671102738063583,-0.5561353640954056,1.632133546552435,1.0196904262004851,2.4160148423883605,4.583137948230723,-0.3599186368155118,0.279794475962305,1.6695921643538425,-1.4619625513310042
10.0,4.0,1087.5592041015625,-1.4948281445554317,-1.2758194787793429,1.6316531923028883,-0.8305675581519703,1.888871613033956,4.77233152356134,4.490348338451442,2.6050260845024926,0.9074456837569632,2.187737258761944
10.0,4.0,1047.3653564453125,-2.965704461402558,-3.3441891557048686,2.0529522816061228,0.5932150198578583,1.4958901974501568,3.6348431917494217,2.811029404558828,2.178110754454462,1.799189857307323,1.6784192778130542
10.0,4.0,1058.2508544921875,-0.8039999376690465,-2.9983199596708743,-0.0443072531332724,-0.6596970898930437,4.201733259869871,1.135845647942948,-0.9291775742538276,1.5400108355011843,0.0833915683087527,1.7128759164304306
10.0,4.0,1030.826171875,-4.383433499649903,-2.175400839707946,-0.3990265003627566,4.332418162569748,4.230512406676647,3.8509207209286975,3.94362254072645,0.8249976981636529,-0.7327029538971708,-1.9261552614091992
10.0,4.0,1038.036865234375,1.4985213171149423,-0.888248151467308,1.5496790684874462,2.9527598358220244,1.7869026341044751,1.7524536868130545,1.14223577340654,1.693986022976187,-3.699653428103919,-2.449809300786243
10.0,4.0,1036.46728515625,-2.6058043324357305,0.1118248649129638,0.8173722155396916,0.6021490846894224,-0.1043864146284239,3.632817407814583,2.971834321848635,4.045102663765006,-0.0971469239201976,-0.9537485533375128
10.0,4.0,1062.1473388671875,-0.6788010785022367,-1.0739935192126882,0.6026733305659429,3.762578847400018,1.927971677776456,2.65339645479197,4.154177817202328,0.993338222089024,-1.670679811117266,2.5570409777486027
10.0,4.0,1067.539794921875,-1.5037362319809628,1.5303977419986738,-1.1168260842649582,0.784826015013671,3.390671820168654,2.9326015655084774,2.64821885705458,0.9872833363563984,-0.153877765084295,2.459233258657547
10.0,4.0,1028.2437744140625,-1.372948758710446,0.4266779500067494,-0.2073253709301594,2.1678146666300098,-0.082698617171415,4.157251532474652,-1.3737179051311932,0.3249142997553385,-1.933896693358072,2.770924822666055
10.0,4.0,1046.864990234375,-2.235227256662084,1.2489400551062086,-0.682598334776662,2.1805112611876964,1.4749630611259503,4.259317512126955,-0.6043023687863105,1.7274815009697564,0.5283649698739534,0.8403150243874364
10.0,4.0,1048.499267578125,-0.6427359850653787,-1.2862308725586589,0.0840000033564258,-0.2054924524984427,3.5596945410324103,1.880649253770312,2.135780980889227,-0.5073295209374056,0.253649272484493,-0.0948180329521379
10.0,4.0,1029.1446533203125,0.8902605545247866,-2.7196483348660507,0.8637487319629802,0.5373279079469881,3.590477919486318,3.048214607141258,0.1314221195890343,1.3629235892870035,-0.6112259766271819,0.7662991452196586
10.0,4.0,1053.93798828125,-1.6308263355081811,-1.5094581385061137,2.896801978272875,1.3588512999861893,0.1975844097622356,0.5056093396653552,3.449786744994567,0.9469782953434428,-0.233158528188035,0.0163156558183086
10.0,4.0,1041.8118896484375,0.8080391714620516,-1.7082528723695605,2.0835579393610075,0.8962516444732893,0.5087225718117416,2.6300285016398384,-1.6685198930060228,0.7974672997423502,-0.2015295056477715,0.5014391537218827
10.0,4.0,1056.5709228515625,-2.33988642502334,-0.4987019606731033,-0.7686576295158689,1.0788721020167769,-0.3122487479438192,0.708312020393393,-1.035522405102996,-0.8992427695471665,0.322369239064618,-0.4828090676132559
10.0,4.0,1033.9561767578125,-2.404981569945901,-2.272988272395086,-0.0429977308887083,1.5929619851369337,3.384445062735759,0.948201062195534,-2.02304533751796,1.1052909598554397,-0.5014341602993113,-0.501864256389835
10.0,4.0,1051.5596923828125,-2.191952755896992,0.3007835237528091,0.6015443865967418,3.17503727762241,2.501780389682282,0.125425326070685,0.9778355060040678,4.964623883905407,-1.879429847488645,-2.9588637101025177
10.0,4.0,1052.7666015625,-0.5133799448536198,-0.6872482507228286,3.249176013613728,3.2240902957196376,2.736350492542665,2.2966476351860656,1.2456021152273582,2.3612171781308824,-2.010626872972414,-0.3065023071043375
10.0,4.0,1027.419189453125,-2.519374238578757,-1.9971878725722207,1.5039860158125729,2.405905557174364,1.2803655121365771,3.4795360915032347,1.0630382371730145,1.274380169702277,-0.7572951398042793,-0.2412859461522263
10.0,4.0,1049.158447265625,-1.1906511623060032,1.0210621108305196,0.6656118171232919,0.4272119957184559,1.6439014737219644,0.3845862418125261,-0.7122352604512878,-1.250679778607291,-1.1200643619014738,-1.5642648545328195
10.0,4.0,1050.062744140625,-0.2333130871123332,-1.5903594188640922,0.4047621125693377,1.1884582865175275,2.821350410367236,1.743748847030913,-1.827049069610911,0.8099271775592198,1.828490352400856,-1.248023886096611
10.0,4.0,1028.6199951171875,-1.7203173388969215,-3.935039268593145,0.7745359963413199,2.476256750076571,1.4889048510130394,2.214848858379942,0.3995934501034481,2.042646622112162,-0.9634626646790894,1.782527914406474
10.0,4.0,1118.77099609375,-0.8036482689805853,-2.0240915481900075,2.759467169986926,1.1811891371145595,0.8973855666363253,1.0890750483486578,2.024877882067684,-0.9107516002146312,4.080672076548014,-1.5956728532400586
10.0,5.0,1023.2201538085938,-3.0967362123471323,-2.7394745189038527,0.8393976662768292,3.8403305524673126,0.5131818254353764,0.8068382072063134,2.033427830755059,0.1663380793197069,-2.8696761002188778,-2.833361494663513
10.0,5.0,1154.9627685546875,0.1374498194091566,1.7882094881442034,-3.2273426313633435,0.7894719840022422,-2.1229484298757177,1.915659938026789,1.230797873063621,-0.8381984228423196,1.058408832047375,-0.1342549356283378
10.0,5.0,1059.70458984375,-1.1167159254206362,2.313160375217457,1.238317297752202,-0.4467793615901358,3.755651704009505,4.78996885926623,-2.200218001364004,-0.1531998588349132,-1.4419730902191938,-0.7586724285859976
10.0,5.0,1030.5836181640625,-0.8744518229226976,0.0683126317403619,-1.4595975372671264,-0.2894178610600777,2.2356218917137607,4.688004330408514,-0.0874925844116001,1.63479326124361,-1.3937481461933183,-1.6490914349275227
10.0,5.0,1025.819580078125,-0.2801461712401858,-3.8465766151447216,-0.3743083592683298,1.6922448071947134,1.78098910164457,2.539140378495272,0.5017657914917564,2.446704723907713,-1.5704538936259849,-3.1135494796599867
10.0,5.0,1067.2607421875,-0.9558597166916352,2.084238215392241,1.7953359742600572,1.6630932847263091,1.920769154940433,3.1381089278586742,1.0029666295019355,1.20262452332166,-0.4087044335650569,-2.0144405713875937
10.0,5.0,1016.8660278320312,-3.044654952382195,-2.5766034393965653,-0.2103150544029892,2.344703288504146,2.3990085273331285,4.456325793255848,-0.4760144675219209,1.067334582637094,-2.733985332605078,-1.4101238474681916
10.0,5.0,1025.9267578125,-4.457046309644003,-4.630371558265635,-0.0122241011719079,1.328457520178854,0.9009097021713952,4.474150539291808,1.9162810694402097,3.1454003536388893,-3.077518809001425,-1.649957960892816
10.0,5.0,1014.0697631835938,-4.981985212464467,-2.0914066197133567,-1.586756037380852,3.1815553850875418,-0.611086163738495,4.538691141568048,1.6864655715655488,0.8945789149707384,-2.0057353580521853,-0.6977433866845058
10.0,5.0,1047.794921875,-0.4171688165936817,1.088658101200057,0.5596071559996654,4.21178010476708,1.0754564481793416,3.889240789348701,0.1634926338961362,2.003221997719089,-1.287185531837514,1.0130762966618532
10.0,5.0,1048.56591796875,0.1659181195324617,-0.5078461330993269,0.1635532008227986,3.3433354789597853,-0.2283158386177799,1.935872259633291,-1.136337080813925,0.6110430455153804,-0.85072470041868,-0.4117075259349168
10.0,5.0,1061.148193359375,0.4674881357234337,-1.1177796255073775,-0.7294945682957445,2.328830074182626,2.0413093045729926,-0.33999033073954,4.465842110373776,1.747858910117409,2.464860922770033,-3.150884239248678
10.0,5.0,1033.5565185546875,2.3047988357608524,-2.247187882839984,0.30886295107085,2.189196891215312,1.9344450939799085,0.6492260127006313,0.2129146382861213,2.0832320436638287,-2.2593802951911583,-1.1894886536436196
10.0,5.0,1047.1014404296875,-1.181724047348614,-0.7368954455357546,-2.085238102893967,1.1994990670408443,1.3130061208222037,2.101395887039362,2.163121235531599,2.923099939333648,0.1110891375781042,-3.105331685694844
10.0,5.0,1055.1197509765625,-0.4296845654029626,0.8529429809177911,1.03329601868439,1.837487319133152,0.6283214420004901,3.282359029982336,-2.7856321140772216,0.6383167915568189,-1.0800468069352744,0.5674316527554515
10.0,5.0,1110.9393310546875,2.025530922486075,0.6723929472942523,1.4331508375972837,-0.0080067587056165,2.732467684593061,2.937637888543508,1.0827752807952784,1.145955638861862,-2.261349440353152,1.5378303856830966
10.0,5.0,1062.4720458984375,-1.2813332539742763,0.7554198549023212,-0.4316686242437342,-1.9666048151929096,3.2938158616275306,4.587126737747751,1.3085131658688702,-1.80977352418815,-1.334335675137205,-3.075506195359732
10.0,5.0,1099.517578125,1.1175578118728966,2.6895596629711367,0.5086989235062642,0.2467041567795895,3.702967286110306,3.3016587108505604,-1.565579591557177,1.6072012713101804,0.6370514466981101,2.42877635306961
10.0,5.0,1023.0923461914062,-2.547853363819282,-4.987218898196339,0.8896361219787181,3.7332168434008,0.9804692125812976,2.1899205672367907,0.3784815828417169,1.8120925507169303,-1.900997246159512,-0.7658611954335139
10.0,5.0,1079.093017578125,-4.578273950329593,0.5134289068516242,2.217322203236116,-0.8547630463760578,1.9336621972920067,2.2647664760870807,4.72101111086705,0.5034190307103428,0.9543307352261864,0.0342588605756519
10.0,5.0,1072.8043212890625,-4.353708275193124,-0.2840668328859941,-1.5190421429268932,0.6014206834681204,-0.1927851965502895,1.5973102736355127,0.017128522612035,-1.3511865456901164,-1.364297978650573,2.4388484458596604
10.0,5.0,1078.2354736328125,0.9002681005470192,-2.212288233429801,4.608813533681499,0.8106383015172911,0.8895257312460974,3.778710707428152,2.2186785914282536,-1.207166273943198,-1.594134168371914,1.8205806115255188
10.0,5.0,1034.6246337890625,-3.428649967049129,-2.505301957895485,0.3741105755725904,2.8615199577613275,1.508529272296336,2.697155206657456,3.414438781408691,3.4960308099330746,-0.7865819538545118,-0.1442396377236008
10.0,5.0,1062.55517578125,-0.9540853937916812,-1.7655554532006774,3.075611686988428,-2.55649934724524,3.8851866739956336,2.154928091574594,-0.3921188932793171,1.6001757559177283,-1.2457325328558388,0.4939888277588444
10.0,5.0,1068.495849609375,-2.3557950217728987,-2.331373115993787,1.7539739056393175,0.1677755714898108,1.959339970476136,-0.211508142753801,0.9199962707276556,-0.5279164865766415,1.0607205447014725,2.243660207831976
10.0,5.0,1088.2808837890625,3.268535022270285,-2.0208837832426587,0.9755350924881512,-0.9227791406877808,2.9680076364047103,1.436755742518273,-3.150655242320384,2.000781575889002,1.4933606888197666,-2.61547186271544
10.0,5.0,1042.4901123046875,-3.380526797727582,-3.62407730137076,1.114368469271562,3.18441414349682,4.3872125988238935,3.155733437714355,1.1699702214554453,0.4667532594558583,-1.0594144037030615,-2.300006009929405
10.0,5.0,1042.77490234375,-0.5447626113592765,-4.998309786947527,0.8354523228148061,4.848170032401249,2.738019982082001,4.251166867487582,-2.238885716630766,3.521782998228412,-2.8900161988831967,-1.039859647669585
10.0,5.0,1057.59765625,0.6198634154583438,0.0194114448085169,-1.5396641354264151,2.981505692552748,0.6842109924297537,4.917573500802,-0.6348689409417281,-0.5912957635597458,-0.414268090004847,-1.3519314132302562
10.0,5.0,1052.2545166015625,-0.5802871072104869,-0.0768168217356208,-1.8885530835685007,-0.1842018309972335,2.9419293246702347,2.387317328286413,0.5094892847711936,3.4735957909884387,0.4032841076068836,0.2215503953946598
10.0,5.0,1037.792236328125,-0.7004348711636759,-3.492846152326021,1.3470628064561136,0.0328732722750526,-1.0158765164277943,1.9642446499355848,0.7048692573121151,1.098650907388179,-1.4176054136693166,1.4702799126715993
10.0,5.0,1030.5819091796875,0.0903970742822668,-1.722189246051963,-1.3396040428296496,1.7409217667928187,1.6308110734135175,1.8825475078306697,-1.9551199482069843,0.5140471239681643,-2.0708838493973043,-1.699938075583825
10.0,5.0,1071.5733642578125,1.945676741352533,0.0221434423961266,-0.8531392084766365,0.0806657011019948,3.793525465772575,2.5527544298415963,-4.569825616817879,-2.968897162710768,-2.120795647601568,-1.8002988751664608
10.0,5.0,1060.6953125,-0.0576697971746398,-0.865525377712653,-1.6824169151960602,2.5611944638292217,0.1925603556788315,3.2183548350366635,0.1693940726536249,1.747373589446795,0.4729426311788938,0.487632599816024
10.0,5.0,1116.4022216796875,0.9580145446601582,-1.3775202824579322,-0.6412727285237558,-1.4584109555092954,0.8146436235457566,4.7657200999262415,-1.4094722748712811,-0.8570712471368331,-1.1156292609509757,1.3336316028346342
10.0,5.0,1069.9234619140625,1.2129842253043996,-0.3657895700513478,-1.414237180689578,3.5077092536644745,2.154586354308657,2.8961319440688964,2.4924751302207167,3.1896813860020288,-1.764092576523268,0.681143250245924
10.0,5.0,1032.3594970703125,-2.7979845053919,-0.640577328489071,0.634835130348903,2.02695565592757,0.4478363929765567,3.905854817389306,0.7339500306019335,1.2745299961863354,-1.8555303417777649,-0.0403752319716996
10.0,5.0,1039.624267578125,-3.470363120342028,-0.9831474405272492,0.3267365925527619,0.630417852620166,0.9331299858415444,4.516488244764634,0.8180463928631738,0.6375146305179671,-1.858846373831745,1.5322706500250938
10.0,5.0,1059.993896484375,-1.6170918603834386,-0.8414903767852397,2.0115511369521943,-0.7212171750989373,3.3911445276192307,2.050169920285133,2.3785483961785783,4.37057370628523,-0.4275033336726901,-1.9316912620162792
10.0,5.0,1091.1651611328125,-0.3839326359996784,0.0159158038025903,1.1975180518769468,0.9922622171016524,-0.1755749986603527,3.051307566315689,-0.3510315055163246,-1.6332105138243742,0.2099165709522328,1.8089729818132767
10.0,5.0,1068.46923828125,-4.067481819504399,0.2013587224495179,-1.3779875214950774,1.6381624165962707,3.258185236787241,4.781364541752854,2.585554890923108,2.565066308889412,-1.4681820635767693,1.0873238793802962
10.0,5.0,1029.784912109375,-1.3737270524503715,-2.339759867079174,1.8543714064790588,1.9774777177675893,3.0531481070556072,3.7899550218136326,1.252588839825969,3.909515614278551,-2.041587374441913,-1.345092447686011
10.0,5.0,1075.460693359375,1.9162092836562872,0.8520711059291965,2.668659304266974,1.7795730097072298,1.0630827303296702,0.7624142995595751,3.2738486171802723,0.679207490913524,-1.8109389026533853,0.9031751187239854
10.0,5.0,1042.3822021484375,-0.5099214574365432,-2.8361435848590872,2.437582371419273,2.592816404740531,2.788751276616022,4.283704754552097,0.6939730370508475,0.1611957686779597,0.4619778247071684,0.7237357924579433
10.0,5.0,1038.0545654296875,-1.4950748924479065,-3.9781309129157454,0.247867652962725,0.5176755687579258,2.7431164280675846,4.537326143492136,-0.02887558252079,1.1150535400215942,-1.2071912256283177,1.2202095096224284
10.0,5.0,1049.8697509765625,0.9384081315296902,-4.99968405028116,1.5107004612913535,2.5308895675781766,1.555222111759642,2.745095893511728,0.6755070170618529,1.685701711553058,0.0034754566402659,-0.3103406868658425
10.0,5.0,1041.584228515625,-3.4900790673720543,-4.960945294816383,0.7730623948182043,2.799812994115567,1.280303393139203,-0.870576778524403,2.246848615309716,1.98147022397036,1.049210567690415,-2.2932671438664265
10.0,5.0,1031.8536376953125,-3.287214576388984,-1.765061567441518,-0.1622102452422771,2.8596550892879646,2.4698241944915846,3.600620434831084,-0.705111680274026,-0.5785581922458967,-3.774499262206732,1.3930757091243589
10.0,5.0,1076.0496826171875,-1.0422563724454204,0.7893860623601316,1.448285205083538,1.173118003635997,1.953747416403216,2.822199722371038,0.7540257681759481,2.127497931908604,0.2596645728902267,3.1818336537378205
10.0,5.0,1077.1484375,-0.3400067192443696,-1.508745366452164,2.320999446132918,1.201877214587994,-0.3595425863933332,4.052391889421225,4.293574133830671,4.980673253227376,2.8439144599471664,-2.3826966033494204
10.0,6.0,1061.0804443359375,-4.508578290105995,0.2482853290370563,-0.5899819842950222,1.6056165299476133,-0.9606829204707692,4.9117919805147885,0.2565534263188755,-2.179376787583025,-3.18228655462946,-4.533832817177632
10.0,6.0,1064.2366943359375,-1.599106277053118,-4.660545354435703,2.912759302011101,1.880544999067304,2.807350888304809,2.105238439302629,2.627082012220293,2.526385312764834,-2.907826591422409,-3.129921084157063
10.0,6.0,1043.454833984375,-1.3595669958799226,-4.332660435861734,-3.725580215562055,1.8158468488173805,0.7373234822980113,3.3517682561014883,-0.4903145117505403,1.1409750857843708,2.854044590309913,2.118915612251488
10.0,6.0,1046.5443115234375,-1.2260195444919364,-2.825121463804104,-0.543005602908913,2.9550327535070924,-0.9494553100425502,0.9364137815520576,-1.1411560587514449,0.745723968323663,-2.7636152641855745,-1.5362810111610914
10.0,6.0,1033.697021484375,-4.980903712107244,-2.889409373473612,-0.8990610916784227,-0.0239268120256328,-3.283030205446773,2.807873898540797,-1.5186460897608578,1.4633284616037558,-1.068798104888712,-4.9847467993767935
10.0,6.0,1086.326416015625,-4.13828484439782,1.9831236128170355,0.2565869201944597,0.7328651781098134,3.945808168988712,2.1538988387318314,2.881196819724721,2.287399884136663,-0.7639372421405817,4.295722652426669
10.0,6.0,1046.386474609375,-1.748856193804781,-0.9678763978838631,2.532942371980877,4.086317285881465,4.460098963606486,2.755718085278182,0.1986100353342053,1.9339710436357072,-3.6100485267900746,-3.396491363861539
10.0,6.0,1098.576416015625,4.395030679486405,-2.379056358890307,2.000973799709614,1.488240161226693,2.189097133284552,1.7795004833799837,0.1567962813168684,3.8822826429543618,-0.8946236342128397,-3.395994095943581
10.0,6.0,1042.0517578125,-4.995953319638402,-2.305991116510881,-2.6394054034341656,4.879312395930578,2.0111305059208924,4.974033895809116,-0.2238012775495015,2.823604503899686,-2.661508403740957,-0.3064749740367585
10.0,6.0,1046.4512939453125,-0.8079356581991002,-1.5139750724633974,2.5039417498491563,3.609413121120017,4.981850868505317,3.199739336903299,0.6661322445691891,1.181247437871093,-1.319443495413605,-4.9914886664795
10.0,6.0,1055.000732421875,-0.1680033264793365,-1.0393817400459553,-0.6061924100439535,-0.4870454639005936,0.2269456048435758,3.038692841525448,-1.947825471387711,2.3354109529707774,1.389558042954409,-2.068123250198365
10.0,6.0,1053.5330810546875,-3.371454377457051,-3.700752105556007,1.6437437406199624,3.437222552608429,0.0447065500722061,0.1829902256436089,4.262577782914034,4.550368011125293,-1.9610003626612973,-2.1870244031017165
10.0,6.0,1040.4417724609375,-4.501900449437041,-3.285800455835066,-2.337565062040244,4.468595264143554,2.245305188477528,4.142433526134953,2.186831231913226,2.0268509060707816,-0.0280107652357388,-4.808708100501311
10.0,6.0,1028.296630859375,-2.2800675661640257,-4.338269273084041,0.6074494094844498,2.787888094028955,0.7667714841516657,0.6824343740313177,1.345673783653618,2.176882772032225,-2.449247429360138,0.7616970628754043
10.0,6.0,1031.579833984375,-3.956728382184659,-3.2407435471876096,-0.8746019974711299,4.978360919580359,0.6101896248973802,4.991817790707852,-0.5620502309309066,0.8186747597485802,0.0784693793105884,-2.620824970320439
10.0,6.0,1050.5340576171875,-1.2461002804213517,-0.7022135410001713,-4.140897387018007,4.824923892414109,-4.7090282057351285,4.664298009931709,-1.7821403849940531,-0.2397784572131858,-4.701926976526368,-2.6512580390737
10.0,6.0,1036.2332763671875,-0.6957252956557545,-2.8384405925187206,0.8037310687385846,2.634616037157082,-3.81052888272023,4.800821912456248,1.1515921825777813,1.811772808807918,-0.0237954439567369,-3.221562920522575
10.0,6.0,1049.131591796875,-0.8840194060255477,-1.3558543595369397,2.1131880439761987,4.743656807160351,1.9185379448807929,-0.0283034870403628,1.9595041611817423,-0.1943271771419557,-1.528946402526952,-2.4264433687235423
10.0,6.0,1047.2012939453125,-4.781360064539477,-2.45610442865806,-3.5555904890783423,3.0821692755613803,-1.509264235017966,3.43110804144217,2.5316861668030537,2.826546000425447,-4.9979354245260055,0.3581745913550556
10.0,6.0,1049.730712890625,-3.7929533901933583,-2.7323384937677626,0.3128496893121468,-0.3127575948366798,3.047627841282818,3.246248361774174,-3.3820576918283543,-0.2301504592939496,-0.4709574829965799,0.1456731895254392
10.0,6.0,1034.862548828125,-2.4735656578724363,-4.879895483462849,1.2637400031303088,4.1432296264626185,0.2932583285844785,4.224429866760261,0.1359527074875375,3.3397950924960984,-1.676742079439113,-0.5940822916250355
10.0,6.0,1063.7501220703125,-1.4351835708017495,3.597396581583123,-1.9813474038076109,4.351667144366655,1.3259385006423727,4.999019373952988,-0.8154703043456983,-1.4475533745396958,-1.82343166342182,-2.8956841736741694
10.0,6.0,1063.4512939453125,0.3179879257832212,-2.8878848698383828,0.935355667777282,2.334186909588828,0.4722751191425844,4.788179777703757,2.3714624420003467,3.9417839008346807,-4.561524825453226,-4.997610772033113
10.0,6.0,1193.1617431640625,-4.916163079727314,-2.8351213716167525,0.3646188440199243,-1.2458318641361368,0.7305673449223873,3.427241877941004,1.3620684666859215,-0.5184288733722342,4.078082952162319,-2.2302934629291493
10.0,6.0,1059.4063720703125,-3.384350276552361,-1.5445405645445345,-3.632017641923025,2.6914578098676536,3.8676882620120185,3.903949432866552,4.4588866131561495,3.9176114719668966,-3.1230693742905267,-3.9176614864927566
10.0,6.0,1030.634765625,-3.350125582468024,-4.983520440142933,-2.8568155689589907,4.014751306446634,3.121397977797118,4.181685492858909,1.867202691184552,3.2094233022989265,0.1125734927672894,-0.9341513514878156
10.0,6.0,1058.08837890625,-4.893884663684578,-4.105864697120606,-0.7685330234616501,-0.2804344819159627,3.3986331898240945,4.166557510312632,-2.747667700211082,2.1030043741740254,-4.997302428276308,-2.996561062300424
10.0,6.0,1092.570556640625,-1.0890951995565858,-4.981896358027436,0.003803625811372,-3.733466292549097,1.038716741172104,4.379915505360248,1.8857415718846715,3.949660296264115,-1.2468872340360528,-1.589903548314175
10.0,6.0,1019.5169677734376,-0.6629002507566417,-4.163695656314602,0.3452306283538453,4.9837894647059,-0.1728280927914163,2.0953308669982915,1.9345334734355573,1.5332324234763863,-2.74884681366892,-4.887816212524277
10.0,6.0,1059.229736328125,-1.447914454102163,-1.5497708776583852,0.1936232881847424,-2.147496418537936,2.815139475301029,3.2171048480265494,-0.3136505579931627,3.75799786737552,-0.308628199691384,0.7820531769324468
10.0,6.0,1035.267333984375,-3.2602426515718257,-2.0368543596792588,3.5059338961575275,3.0530424233195586,-3.832588113932309,2.0435664048422177,1.2072016644823158,-0.5963677842581969,-2.656025652823372,-0.1694737095278693
10.0,6.0,1037.623291015625,-2.7158223000030635,-0.3408459042052669,-3.687898339987237,4.320544876371823,1.2737289189514058,0.4601343372744164,-2.6156363145947443,-0.7500934422058458,-1.5059111087687898,-1.948820306671685
10.0,6.0,1050.2406005859375,1.1129597067427517,-2.553977009002036,0.0900390472075454,-0.1363876543054223,2.535012817897001,2.370182014877793,-2.772589717823508,-0.3797193831887799,0.389845426350524,2.0054791841673776
10.0,6.0,1043.8575439453125,-4.054773312148269,-0.0505622280231028,1.7977278313787934,3.254779194574956,4.596173175350424,2.2746033003304795,0.3384604243931512,3.1337591043401165,-3.827566479275929,1.1728236116738362
10.0,6.0,1037.478515625,-0.17740451554981,-1.2424266448058765,-1.1984429203297435,2.955517361366292,3.2430227378829315,2.39424880386599,-3.2411487528146306,2.090132368587584,-0.7905366883765144,0.862203606787082
10.0,6.0,1034.6873779296875,-3.887798936228411,-2.9181572437244627,-2.076003479312888,4.45657607710123,1.0924404380109989,2.1941740178367217,1.549440921405992,1.6599009919440562,-4.005241195741414,-2.237711901488316
10.0,6.0,1037.0245361328125,0.7797479558846687,-2.835208517806076,-0.6181826807005093,1.0659279903589187,3.087152046424785,-0.1594035869827674,0.1284221626634938,-0.1212544934667398,-0.1528950140154172,-1.346725607099335
10.0,6.0,1055.99951171875,-2.059844800126742,0.086384304021525,0.8635015041848559,1.1911757206981246,4.551957683368363,4.973173345333251,-1.8222206658386608,-0.1147203337447324,-0.4267925982634031,-3.1558041181807432
10.0,6.0,1083.935791015625,-2.0530369325554214,0.0237359702823924,-0.6008202097087887,-1.8392314465176387,-2.577274754043401,2.075837697674697,-4.127029242817253,2.2893905360143654,-1.1128517698095894,0.5153350518207294
10.0,6.0,1032.537353515625,-2.488692848872691,-4.233338001134866,2.744337859983204,4.791400919914047,-0.1610769629260726,4.620453245456298,1.9171773961700025,0.1770302130877876,-1.802295871160723,-1.0047920149422822
10.0,6.0,1033.73291015625,-3.646834602648199,-0.8982896366356785,-0.2856337405812006,1.5971950332487044,3.4916358380267525,1.672550108744835,0.5938810357965165,2.4308208793226704,-0.8929481519932301,-1.317309710244388
10.0,6.0,1049.709716796875,3.5727620119128662,-3.340548216288287,-1.2021674914462914,3.68427275104027,1.4950078966381417,1.1604391588522756,0.1002701253190174,0.3957769941589726,-4.970253293264002,-1.385223577445604
10.0,6.0,1045.4603271484375,-1.5007889963643848,-1.1640823311890056,-0.4889381778459833,3.790211767684888,4.358313754743726,0.226548529797129,0.3873786337855556,1.6758785310825497,-1.0043269093609335,-2.847149601271929
10.0,6.0,1029.4949951171875,-4.263716114559002,-0.4492760182520348,-2.407380468314877,3.238279062434346,3.654590849550667,3.477548174224365,0.6134937024905076,1.809957244080285,-0.9895527414786728,-0.0043119681558696
10.0,6.0,1049.2921142578125,-3.4940280411900537,-2.893064061224022,-1.301353901796264,2.8572357684669525,-1.5772467920556017,4.999475499665696,2.772248691798392,-2.425553647349037,0.2413734404080569,-2.643236972593728
10.0,6.0,1018.1126708984376,-4.857068303323255,-3.836339478025161,0.086084197460444,1.2652092814572482,0.2719093982511786,3.75578170360088,0.168943592797679,2.9318808821626234,-3.036011588089407,0.6355561512832031
10.0,6.0,1052.1226806640625,-1.5710581237700252,-3.6206054194641273,-0.1558581160202496,2.2866902312108275,4.922137819081071,1.7931832699966188,1.607858963284091,0.0378896154523547,-1.82847804404499,-3.859473397089914
10.0,6.0,1043.7000732421875,-4.827569863340241,-4.960514868835113,3.3541659998631808,2.8554623789902864,-1.067576622618272,3.718101243102595,0.7597867174050812,3.482934881099064,-2.144109455528267,-1.556060155587362
10.0,6.0,1051.4508056640625,0.4319625741905675,-0.122481854937348,0.4287048435818335,-0.7679588241753423,3.892497025052851,2.459478076273804,-1.7426134253053007,0.473696829817837,0.9901264411011343,-1.4265155738274298
10.0,6.0,1041.536376953125,-4.879850787722377,-0.0567654931922536,0.0470676994954786,4.910445777274665,0.9419983081649476,0.8890279636888909,-1.810340665359884,2.887343170340728,-1.160174408118576,1.220609372564092
10.0,7.0,1058.166748046875,-4.803889461098876,-4.097368368821504,0.3343777375153038,0.3876391116615485,-2.341775409326039,2.719651419429159,4.074801588615118,-1.219369875022363,-3.1004997169860005,-4.543261312601595
10.0,7.0,1072.259765625,-2.491939633441241,-3.79052804133437,3.753793748829114,3.513437149319067,-4.439918276621055,4.721246188178146,0.9599736215451156,1.679837088236554,-4.608954681483997,1.6661856968755997
10.0,7.0,1030.587646484375,-2.044988095318412,-4.48325819980004,-1.172244076015125,2.3029552199721444,0.475107414454806,2.0955850856187546,-0.2653561339855299,3.599658169700298,-1.3045265493341178,-4.295996061953564
10.0,7.0,1064.8026123046875,-2.050684781325596,-1.9255482703078488,-0.8736797611111591,0.6238191768362551,3.938338833644611,4.721611652570763,-1.5841968839764506,-4.660224498979612,-4.972443113046391,-1.6065151001042204
10.0,7.0,1048.57373046875,-3.8903550151144666,-4.961750611061454,0.3256074496665171,3.04487548512558,2.9928573107755154,-1.23169899783952,1.7526511625527943,4.800808311598226,1.7119538522188265,2.843771390559395
10.0,7.0,1025.3056640625,-1.3402396392004745,-4.727691634955511,1.6455567302508154,3.044717377896044,1.5548908541455493,2.641567042370606,-4.409241703230896,-0.0763381873802364,-1.1062242175305976,1.0152004752457469
10.0,7.0,1049.267578125,-4.789537262104708,-2.6182307882716165,-3.811273191589181,2.775985359292302,2.580227863332806,4.191898480498546,3.8966811962967967,0.8378982483023778,-2.414297469864924,-2.226749288872572
10.0,7.0,1131.517578125,1.0499878990997056,0.0623559417791845,-3.609542492427556,1.2300128892920803,-0.8606802456515625,1.2012885255276975,-2.882017549927901,0.624164628841335,0.6664116414635943,-2.65122446389459
10.0,7.0,1086.9361572265625,-2.545989732312516,-4.859178974391466,-4.510916134183062,4.9979231389892185,-1.9545949093537869,4.900507017787126,2.821507565468634,1.4280138994273273,-4.634576705932815,1.2829954418457952
10.0,7.0,1040.6629638671875,-2.6123292305678607,-4.165055548858396,-0.5095804307939407,2.8207610054544414,-1.6869073389666278,2.8663114560276206,-1.1172935168529423,4.234341926682335,-2.6776973558950434,1.869593389353432
10.0,7.0,1030.82666015625,-4.524303234842603,-4.946526439719036,1.6808388291453475,4.999345385058273,-4.78136578593144,2.550807058945121,2.009808033576574,-0.0888908367759615,-3.014326876150753,-2.068419716186497
10.0,7.0,1035.380126953125,-4.919504751225627,-1.351913555356492,-1.8725184541175444,-0.2480147989244931,-0.748220678981875,4.513160954221435,2.801239958314836,0.6074683284784443,-1.1428081962636978,-2.5177428762977057
10.0,7.0,1051.954833984375,-4.080617596073977,-0.3707998011512847,-1.0775071753835874,-0.810274382743188,-2.262933221601637,4.5350303431003205,1.6700749434161768,2.653126569685264,-2.3914655740659985,-4.507359793173942
10.0,7.0,1026.9771728515625,1.2844403689989194,-2.263289955982249,0.3881469776806954,4.538651177052785,-3.931379739644452,1.7934652682824297,0.9227677437536695,2.2182995111929262,-2.040012430448652,-4.503657065968627
10.0,7.0,1043.6180419921875,1.6711588698818485,-1.8184012551206543,0.7078593250712668,2.3876605857161444,0.7026073832022259,-0.2711415726379691,1.2442950025891255,-0.3380384372822655,-2.7954114256579548,-3.0661532882648883
10.0,7.0,1051.2193603515625,-2.9272304604743136,1.611893467948966,-3.114015616668449,2.901294812986184,0.0600950041352676,3.819513874516531,-0.2468338128339233,4.4947122417528895,-3.144869359183,-1.7443267665311923
10.0,7.0,1027.3131103515625,-4.993193163500572,-4.969427112376863,-1.733613052133975,3.703884568009871,-2.556847182200097,4.765217274814974,1.1181620484359387,1.1157244598635705,-4.190024479669073,-3.027288538091309
10.0,7.0,1071.8507080078125,0.90616703393521,-4.418988107083975,-1.852607747013462,4.724562041313378,-1.6317488631087365,4.642687651829066,4.984040110986289,2.9313420947952924,-2.3430557593103467,0.069435591248542
10.0,7.0,1066.703125,-0.8218413413845429,-4.418333032801476,-4.648376947695341,4.939730907135672,1.940331594297314,3.5046753981425187,1.4821325133380745,3.522358279828371,3.3185118786543804,-0.9943634564333932
10.0,7.0,1056.40966796875,-1.6329869573580136,-4.3446715285251525,3.5839221387186893,3.9135339777482265,2.6492451386157434,1.2282892000459462,0.8322993985509184,4.507368991432779,-2.444064815878792,-3.267655992477593
10.0,7.0,1045.12158203125,-4.482274076498454,0.1116398953672126,-1.4064386942006672,-0.1106421585467662,0.0711581274433541,4.553912595861858,0.851079589267095,-0.9740947809173424,-2.2260573312295846,-3.500413410242464
10.0,7.0,1051.6356201171875,-0.9229021480397196,-0.8679567301878288,0.931086299108694,4.7772966389889735,-0.7958243594626655,4.807893869842312,3.006946942080164,0.6630215843140572,-0.1533132331027342,2.414388934499067
10.0,7.0,1071.85546875,-4.331986171340772,-1.0024021377999557,1.133618294832882,2.3959558001133967,-4.999877691839449,0.5370845085232894,2.817801245420552,2.534794938167342,-1.358967976538192,-3.077750592748451
10.0,7.0,1074.840087890625,-3.28570106982078,-0.7474756389006485,-2.612031604724772,1.684365621127223,4.71886453939803,4.125042475888535,2.7006043717938377,3.708675563315776,-1.3000312369063378,0.788381035779631
10.0,7.0,1038.765380859375,-1.2120690215199348,-0.8773002144057198,-2.315734665401572,3.595481953402043,2.9875213779026986,4.675477709750513,0.198650053697051,2.3185605325681937,0.0746958295165196,-2.446563220301725
10.0,7.0,1065.10009765625,1.5613447269360456,-3.178367461081833,-2.153386753411086,2.2681451684068072,0.5103276555900056,-1.071682499287736,-1.136649883160772,-0.5649213991104318,-3.1642531200858266,1.7935369614546277
10.0,7.0,1069.468505859375,-4.864608678794168,-0.477941954631369,2.4858926906000525,-0.5420105563389308,1.751294026337623,-0.4172693019322491,-2.588467703918157,4.949024189048176,2.843220966900452,-0.9766167312084776
10.0,7.0,1022.2548828125,-4.88838515800865,-4.779276855748707,1.0126518409679353,4.52920308906031,-2.4455762624572674,2.8985682588919897,-0.0376417414501206,4.913970228216959,-2.58486508835504,-2.103244256503051
10.0,7.0,1084.5792236328125,-0.2998747770793928,-4.888459423217853,-0.3625327447218556,0.5077361836114953,3.3164137682708468,0.9172659604320196,3.104160177094455,-4.800191524299093,-0.108823518588478,-4.342419396448881
10.0,7.0,1172.349853515625,0.1290457270092915,3.72576002026986,-0.0769906039672978,-0.019247541143387,0.6240557474834665,-0.0599722746473565,-2.5775228347532195,-4.846591285839449,-0.9800888739236804,0.1443333500792931
10.0,7.0,1061.099365234375,-0.0680095002389,0.9844190347063408,3.761665400476296,3.69651975489154,-0.2988217102379646,4.891039492369909,-0.8423966145337367,3.273182367335796,-1.7481393192061052,2.4254958814996543
10.0,7.0,1087.9388427734375,-2.221616758178837,-3.48573406017988,-2.885817558353649,-0.4526999473931123,0.2676383577630128,3.10945473320262,-4.652239667296579,-2.084689484840641,-3.563557080139488,2.428347192160196
10.0,7.0,1031.6278076171875,-2.524516327148659,-4.954286902968527,-2.1234521624046376,4.986167340008404,1.2397066356376287,4.934466204714141,-0.1997186920842004,2.3269453677417253,-0.7039031658787511,-0.3970201700099709
10.0,7.0,1058.7236328125,-1.7924728766957392,-4.903993164169084,-2.09613822552645,4.711809259130684,-2.311482951899924,-0.9884078043257708,-2.329231994072281,4.3722330750475855,0.40604641799316,4.731664602182271
10.0,7.0,1089.075439453125,2.1041849175898584,-2.139047971522986,3.687666914383304,-0.5964077825207541,4.2376243129662665,3.927991486595854,0.703408834631154,2.449255792487232,-3.231895967888803,0.7050423406900554
10.0,7.0,1107.7593994140625,-2.78160617216812,-0.571149981447884,1.3050591228946775,1.157473901176557,1.9187658874336264,2.2185029116112407,0.1647875673909018,4.975648556189082,-4.039882147700367,-4.9007326545063865
10.0,7.0,1035.64794921875,-3.87305778647804,-0.2126463177348654,0.829770244167463,3.430668761197735,4.758136111493162,4.846041754884361,-0.8666332945338526,4.720686491711168,1.0314110787325177,0.7229244461314268
10.0,7.0,1065.166015625,-2.287968745524646,-4.895998355129497,-0.420635722205902,4.662710746400597,-1.8101531573142025,4.990517065167342,3.7471379633336745,4.070932548001222,-4.133157315269058,-1.3372093980017024
10.0,7.0,1074.419189453125,-3.506254647208171,-1.718064228610578,-4.469458103873327,4.336084798175182,1.2557213683410682,2.600316619257353,3.684946711847015,4.904667927750694,3.4070994462671127,0.8621423878540293
10.0,7.0,1056.4368896484375,-2.646023932650514,-3.994396371881285,-4.1070095022395,4.426560332747116,4.67146759678919,2.4228554424182818,1.1667838002714594,3.007262007741101,-2.170940262495958,-1.1708180215686204
10.0,7.0,1047.705078125,-0.0682237745477252,-3.659086911197321,2.7202937662769155,4.86069251434111,-4.794187474854923,2.6250060301525338,0.3236731106181247,3.96602476077396,1.3651362320558018,-4.097797232437334
10.0,7.0,1061.8228759765625,-4.764579964702902,-4.851752367019478,-2.0997407038454656,4.837389248039388,0.6740019560841413,-0.7815419119055775,0.4598860069027841,4.028812097706538,-0.7206734602787801,1.8701794500116096
10.0,7.0,1040.9100341796875,-2.1096311166312947,-4.835649397533001,-0.70903447667229,1.6313493297642054,-0.4767010706994048,4.294105729430044,0.1156633676497467,-2.658637310625282,-3.4390076729550207,0.5658212465563146
10.0,7.0,1116.1617431640625,1.1425023616457164,0.4763202962076676,-0.7987030073787995,1.4219361620201196,-1.550544001531211,4.933883501151144,-2.759197424909896,2.0356645510238653,-0.5720771290612383,1.006721729643938
10.0,7.0,1061.2706298828125,1.43662901779102,-2.4491460073873226,-1.0636155128159923,4.548932618399951,-0.7439443033000721,-0.0258334882803072,-0.0826964931407276,0.1189066425596498,0.0482004168196699,-3.1155749028053004
10.0,7.0,1025.329833984375,-4.991691776806281,-4.067724651320126,-1.850573241018976,4.9596893787454,-0.6723114007719397,4.99359281074333,0.7492062584803261,4.749509237146583,1.3569189274223348,-0.4211192362113101
10.0,7.0,1022.850830078125,-4.02333149683731,-4.869407423126928,-2.314848025418359,2.714582362437948,0.408653519021982,3.8889564110208337,-2.1981894907155786,4.978642155707812,-2.076982873910582,-0.9190933614080644
10.0,7.0,1087.290283203125,-2.613115406653715,-0.4846166106765412,3.722605737367219,4.223449001915366,1.389546957216136,0.1850285884465785,-0.4233288289659729,0.2196119258883522,-0.4861298223087571,4.563491414006718
10.0,7.0,1031.768798828125,-4.009168999329237,-2.4008100719856165,-0.4004498246818748,3.308623497535679,-0.7083856948394827,2.679871262630249,3.327967199557838,3.48245124141814,-2.738916716828724,-2.533636094143524
10.0,7.0,1072.38818359375,-1.027992312016781,-4.949482918961694,-1.893065085550727,4.957520295274909,-0.9884778261729216,3.034674764848708,4.593020731589416,4.141072635781619,-4.9711232706623205,1.127225229428901
10.0,8.0,1044.4815673828125,1.1641304835155006,-4.573119365524736,0.2078766849217483,4.490961072024314,2.7344802639428885,4.159633954309557,-2.831913890919093,3.824158083771836,-1.5109178767776017,-4.721161761498535
10.0,8.0,1068.8751220703125,-1.9546158342686764,0.2380627404249455,4.975250056733779,-1.2308992191154724,-3.36207648245312,3.283569736753096,-0.0191907285584207,0.693215451986271,-3.3132945713256428,-1.895382876219048
10.0,8.0,1111.8929443359375,-0.7618175665275899,-2.1890157616466848,-1.407826093320144,-3.459815672356691,-4.619836665060517,1.5337929006811857,-2.319392355473198,1.0503809941409052,-4.233745352129368,-2.784634300692669
10.0,8.0,1144.50439453125,-3.801310993751089,4.395698319789887,-1.521780593049038,2.9974356621528155,4.990737639727051,2.3226527298160367,3.7610353147341833,-2.111623538133108,-1.1321051540386358,3.616029783839563
10.0,8.0,1076.159423828125,-4.998995091533995,-1.7742203479873622,-0.6937821327598659,0.6486463795761814,4.054775435207048,0.6544413764333985,-2.242583272369787,4.584737661814957,-3.888018450706061,-1.8495690034885195
10.0,8.0,1045.74169921875,-0.5378228478351597,-3.78395702552136,-1.93817961723494,4.642371018383578,0.8791962975141097,4.878578082236642,0.5446117735065217,3.9764271812548415,-2.6626523517004737,1.410972816973299
10.0,8.0,1062.0196533203125,-2.670387168878651,-4.338764536369906,-3.1679794179558702,0.537568839930489,0.9141792198665328,2.957626249197096,2.896061509344245,2.1030593760586944,2.7184099985804178,1.2381543712709329
10.0,8.0,1054.1572265625,-1.946554900067636,-2.288780015095776,-1.697346123579636,-0.3838195570289109,-2.8731572275737496,4.855398534020646,3.790087078132151,4.985042160053164,-3.193400369964038,-0.7899789840226514
10.0,8.0,1095.46826171875,-3.39147621517138,-0.9024453917046626,-4.2399351548586655,1.5982919683358574,4.929825796623284,4.71812029123573,0.9678486656156392,0.8191513429446378,-3.00580706077465,0.199877282742527
10.0,8.0,1112.895263671875,-4.836406064624444,-1.636925140330043,-1.4798667238700198,3.9381379976971136,0.1209086295387855,2.638322256756589,-1.7583836524138108,2.542126402332796,4.968330197593458,-3.0935157487604945
10.0,8.0,1063.0589599609375,-4.93553848369958,-0.5645719227636938,-1.3461880985952006,4.867598570395264,2.528250672814485,4.997876673992103,0.1078556397645673,4.450335053918071,-0.0945100332176096,-3.281920789824926
10.0,8.0,1058.5821533203125,-4.9332232748053695,-3.065272982788499,-2.2286062300407474,-0.948495062162193,0.3648428459973187,1.59064313100375,0.0124879438116938,4.616066989873998,-3.0282410466617304,-3.085783750655095
10.0,8.0,1047.8441162109375,-4.1194525630589,0.7338369764458328,1.5348632967069769,4.917396709735627,1.5858646700614,4.994722570879475,3.561207337317434,4.047891416335467,-1.979508125272571,-0.9063272395262488
10.0,8.0,1048.7357177734375,-2.690218854329707,-2.788664164237926,3.1782764598074635,4.734071253904533,4.999938635089791,0.2651730856080103,-4.372674175690367,0.2304037151172089,-4.057445775137985,4.420822463457888
10.0,8.0,1078.013671875,-0.6356512414437567,-4.18097177463792,-1.206466888835942,3.373198035370798,-4.622786982788131,4.793683302780638,2.233405107740599,4.94218209639582,-2.852543903419728,-4.993723484442301
10.0,8.0,1114.069091796875,0.5934970955248691,-1.6954425813480594,-4.986841205081023,-1.8529476234131737,-0.0267520009326611,2.6755389438078065,-2.000139523827559,4.313191478570156,-4.932157920637992,-3.990827148318626
10.0,8.0,1045.91162109375,-1.2970945903282305,-1.9608666576023563,-2.172442101010004,1.9876695435300888,3.7922323559614974,0.8542505499576851,3.946742530531584,4.223238580323725,0.268851722680667,-2.5478763217738223
10.0,8.0,1188.8040771484375,2.005277140943674,-2.270852391063173,-1.6374083011427212,-2.4976566731419347,0.991708571203378,3.73052256688916,-3.914228081978608,3.1094156742797807,-1.948886936979683,-4.999499734425246
10.0,8.0,1040.1365966796875,-0.3575731998614522,-4.738911087598603,-0.9013679956111842,4.988828080618429,-2.2145666971777795,4.924300125805484,-1.4411862517704876,4.996957850695386,-3.4792529340412504,-1.089617615895702
10.0,8.0,1050.059326171875,-4.98131181258906,-2.551532317663681,2.895576485970805,4.238357927893071,0.653401204439854,1.3854110838687674,4.999975230896776,4.789803229306953,-3.023085952929176,-0.6806879469569704
10.0,8.0,1059.869384765625,-0.5069249280193073,-0.5404447572250941,2.0962304754488272,4.846942687677773,-0.2830295823264368,3.4302134141831147,-3.071493312170708,2.2628858523013315,-2.0988235863646603,-0.211118995330203
10.0,8.0,1055.81982421875,-0.148464604898729,-1.2864893406016584,0.0476579170442228,4.678542288810338,0.3533291659846416,-0.9564999274511036,0.7442309430644647,3.5817506447329155,-0.2353640371786003,-2.7468395193421107
10.0,8.0,1044.907470703125,-4.923163075108892,0.0136131507630041,-3.038797901414036,3.98944943344147,-4.955091908761366,1.4060466447556976,-1.2580045491169225,1.30522577646759,-2.3725507579408256,-3.659434325539763
10.0,8.0,1062.5098876953125,-2.607971258527662,0.1724130361938982,-2.623098909952476,2.4015333643502306,-2.527296281197523,4.4165570176195565,-4.999193157991091,4.468585026914964,-4.830254615702854,-4.979214923537234
10.0,8.0,1110.8831787109375,-0.4514347428973444,3.193519851321099,-2.945496496486553,3.38802074020602,0.7629525317855768,1.616015859939969,-2.8037703012453115,-0.0448704433007733,1.8765640705941424,-0.6528132279785579
10.0,8.0,1039.65625,-4.923955679513055,-4.8699745834295785,-4.365971875284044,3.274256441008488,0.4391612150199204,3.403206943739041,0.2238299760799735,2.1268929495324427,-2.693620315521758,-2.952262820186613
10.0,8.0,1016.46484375,-2.103340362936356,-3.100261640823585,-2.2691825686403915,0.4215673856444288,1.4525824702043133,4.5543437032510905,-0.4378438917567955,0.4384258410257295,-0.1511251235792245,-2.17242720753788
10.0,8.0,1073.997802734375,-4.830896992703002,-4.010003674607171,-1.6965247122999978,4.732252508298483,-0.9821212883591466,2.742509414244731,3.825151036535954,4.972169388719243,0.5151392918919626,-0.6428518287055969
10.0,8.0,1062.84326171875,1.513073673028976,-3.871770643560773,4.270455348751341,4.516075009527519,-3.7679849199808064,0.0009741540479346,-0.0111724504449348,0.9769279366147828,-4.579085212412249,0.4739655573580323
10.0,8.0,1033.1134033203125,-3.2012286461356925,-2.817885084174258,0.3791111529672886,4.50451224899089,-1.868273958828485,4.757423188282425,3.874726077740013,1.9235609087626333,0.2651558589861675,-1.9495919868452125
10.0,8.0,1054.45849609375,-4.92853305711586,-3.341113641684516,-2.1060013619985507,3.529948286257764,-0.6394561599390798,0.8011871094134975,-1.175324841490879,-2.090347434009048,-2.611099544784394,1.3266164599674486
10.0,8.0,1091.1944580078125,-0.2347305229825727,2.484408935578556,2.7204493919025694,4.955474799956637,-4.822107399298412,-1.7102796062754688,-3.759734538341749,3.191096443596379,-3.227395603799706,0.9593688563293724
10.0,8.0,1045.9903564453125,-4.995261047352593,1.5572732452525635,-4.968371827072592,3.639858260839322,1.821194595751676,2.568894565063765,-1.3983946865781194,2.234092228356083,-1.0827672580894043,1.8667389807374164
10.0,8.0,1048.2369384765625,-3.95054864173206,-4.042857133731083,-0.3375151854679794,4.457567825399483,4.745888738584185,4.411846032546354,-1.1204265600033096,0.2317325831379797,-2.969379555492968,-4.4242772785011
10.0,8.0,1047.2159423828125,-2.586878308406146,-4.545362367476813,-1.6251193430169035,4.545825976805663,-2.2812919402051977,3.154815051433836,0.1162904163274456,4.890545958217146,-1.0077472101200238,-4.762652020405301
10.0,8.0,1046.0460205078125,-1.7087012823479424,-4.164396466442922,-3.0221381863059293,4.980559416696696,0.7285292783690389,4.3956102589771575,2.7436828952551373,4.436109326235592,-3.058795675990317,-0.8364256349236996
10.0,8.0,1137.4171142578125,0.7837846141711449,0.2947676283933393,-2.7690807620491604,-1.142575524852285,-2.437926097727844,1.7937277082712422,0.9365581681103744,-0.4217474623227462,-1.622010009489932,-4.963826491751131
10.0,8.0,1050.8004150390625,-0.8230063849079707,-3.333306400962145,-4.947346446728663,3.192794593712512,-0.4873947706283292,3.568270342066498,-2.65680209916994,4.852033800227959,-2.578662667334201,-1.1186140078142213
10.0,8.0,1040.4124755859375,-2.8099805446918507,-3.1852261881086594,0.5141565683504803,4.996198253079356,-1.2553136004189684,4.821377436669366,3.176279810491895,4.524931918091582,-1.857761450130413,-3.1866992622879584
10.0,8.0,1071.77587890625,1.684326401643239,-0.6005367229891023,-4.977416244734132,4.387927628115413,1.7213699289668885,-3.837406346165516,-4.279483559802674,0.9435518264510598,-2.384493615905492,-2.4401051042496857
10.0,8.0,1120.548583984375,-1.2020467618197417,0.2212009906605549,2.337554640473005,-3.788587604163532,-0.5502549646432904,4.61039524376524,2.1354059302830883,4.29420561591313,-0.0783090824690768,-1.4270565530837636
10.0,8.0,1041.106201171875,-4.998843828359274,-2.373926147821552,-4.19683343445637,4.427449525214097,-0.9017846481974824,2.94964585992596,-0.1179509418140103,4.054628727134235,-3.131789153341973,-0.7997113932043654
10.0,8.0,1043.25634765625,-4.936539790200545,-2.0423001023557346,-0.3616624210567645,2.957214382709848,0.7769618806985843,0.6986842378722802,-1.8056230477478168,4.786772346193688,-3.006859968924992,3.102761455115097
10.0,8.0,1052.7606201171875,-3.216535251334294,-4.987897737323119,4.276524202182756,2.447850917222788,-3.01481721926881,1.8107171700354048,0.9914624299793972,-0.6859342381299269,-3.004961516111553,-4.778395481803248
10.0,8.0,1032.0836181640625,-4.090225841305281,0.5740417342425141,-0.4835467539271239,4.110771669182897,-1.388402515516896,2.431087582172246,-1.9069112553182963,0.4075304242689572,-3.862572260293647,1.6657404142744363
10.0,8.0,1044.1160888671875,-4.918387314902853,-4.965424280681047,1.1145422529365234,4.75115500354956,-4.300247214479846,4.2496747756848094,-2.845759617121979,2.1293583511640986,-0.5104351923299539,-1.594838233809361
10.0,8.0,1099.7642822265625,-4.374924203633976,3.378843583853562,-1.3223876708190936,0.9299927092653038,1.2523657287648096,1.865202672244303,-0.1953184052382708,0.5298313556014627,2.1137597608538394,-4.481060752358098
10.0,8.0,1129.0035400390625,-0.2856684229332558,-1.3511892471883202,-2.3606733820833954,4.72205753025451,0.716169198269748,-4.9914511579649625,4.2323915428025245,4.653494493744136,-0.7363069511060418,-4.861080179547328
10.0,8.0,1043.736083984375,-1.2738634481140307,-3.5572678254614294,-1.5152326473428746,4.607729423883962,0.2639348319031303,0.0298220640616841,1.9965941726868928,3.4216580113468407,-3.0584743100358605,-4.350580773910401
10.0,8.0,1029.9813232421875,-4.785538212512941,-0.5003300137320181,-0.958753584388428,2.474405944205309,-3.498839752705493,2.385570261273955,4.994008725187209,3.9043730146578266,-1.048352964034419,-0.9877010052568228
10.0,9.0,1038.955810546875,-3.753309462507655,1.9540591590476293,1.4823284961202878,4.428970539877513,-0.3313262396569998,3.925592354161136,-1.3970628136278158,0.3369217237278761,-4.391863731653171,2.514798622031355
10.0,9.0,1106.2408447265625,-1.299408183248821,0.3077038493898314,-4.864352375357273,1.643161207502657,-2.5757066325522744,4.737021850367174,-2.9017792412125525,3.641287270574431,-3.068556322068274,-0.2983895332650856
10.0,9.0,1060.142822265625,-2.2775308454916536,-3.1355626807717583,-2.6131992035376377,3.718205735987601,-4.970418696784618,0.7913157095303402,2.9451863534268306,4.687020327144836,0.2547812483712537,-3.128232391886932
10.0,9.0,1050.4248046875,-4.945306297285235,-0.3321743689646519,1.792858789160502,-1.1318861307921066,1.7928621469594344,2.9067149820342646,-3.691172014333404,4.526390619498761,-4.949180410949078,0.1148012703677796
10.0,9.0,1057.0111083984375,0.380899817004849,-4.867122452298214,4.095577674914706,2.649855454829444,0.897065792429645,3.875275648385873,-1.9835120723136708,2.286192763836751,0.3124488325824419,0.0976550796528012
10.0,9.0,1051.9459228515625,-4.160354798870093,-3.499466302958308,-0.0746868073766373,2.9011255104596447,2.491257443060542,1.0140418832587432,-1.360795849487059,1.008069718487608,0.4163164624042341,-1.250629362664648
10.0,9.0,1023.4428100585938,-4.422536905047591,-3.3903055618808864,-0.6846676259252016,1.6002673780198728,-1.5230923274143104,3.3260433168050074,-0.8335996772976708,3.572724214642239,-4.892359642088514,2.3733423248305385
10.0,9.0,1071.47021484375,-3.223391367713843,-3.429932797511768,0.70428197407126,4.855016782448912,-1.4819903771824383,0.0953922631667412,-4.308797410557305,4.862588326934906,-1.5310330691096938,4.872897593154098
10.0,9.0,1068.043701171875,-0.1609549039556093,-2.218458731521686,1.119974430456959,1.4886428836593133,3.659260637517456,-1.3722974562360388,1.856520671690812,1.0127562086527622,0.8305679225928326,3.728150958787628
10.0,9.0,1044.33056640625,0.362686539137325,-4.908009490523728,-2.205814841176662,0.4420296128213774,-2.641406976603202,4.590753409371756,-1.920744940105625,-2.20198180911647,-2.637194812149386,-3.333306913272513
10.0,9.0,1045.895263671875,-1.930198703031654,-4.590663092872613,1.4640164288962616,4.902706762121566,-1.4301608848481857,3.817181698730536,3.1665935369499323,4.164398343840782,-3.779579796807534,-4.996664546446756
10.0,9.0,1073.6224365234375,-0.4377837415228889,3.047909227607297,2.046364253741282,2.7051144114617465,1.1310666776610647,4.680615303353829,-2.0504300577246592,-0.0020361541451014,0.6936714344760633,-1.9953902972024784
10.0,9.0,1052.1826171875,-3.895668937177233,-2.0519180856051813,-4.326419039065841,-1.0774680880286236,-2.728839581604157,3.960663406504958,4.6418239150417,2.568091687224461,-3.744848938250169,-4.884152144868211
10.0,9.0,1057.0679931640625,-4.34715730213709,-2.150343488361393,-1.5843642144676706,4.098291798478716,3.791795230092847,4.4435218589699055,-3.758832799280349,2.2943861367792344,-2.523948083711144,-4.467020899406481
10.0,9.0,1052.9747314453125,-1.8850270977117536,-4.284347573465347,0.4098048638255056,3.006345274789039,-1.5726214100939515,4.959878069512028,4.918596172451863,3.4209238340850305,-2.13868163604843,1.6163035311773637
10.0,9.0,1060.447021484375,-3.91952433536094,-4.9860919277563385,0.5222022632459264,3.247023761320868,-1.945720238119128,3.836908597587769,2.8789334990018656,4.34073791875629,-0.5846381450433977,0.7483963332446395
10.0,9.0,1047.042236328125,-4.923996306198466,-0.0633886498742679,0.2080742512371811,3.000440550456574,0.553819320424136,1.3649810809401224,1.3542228998174108,4.935068727857466,-3.606488242674919,-0.9616019474759144
10.0,9.0,1030.671142578125,-4.679125909327289,-2.28167965815109,-3.811473547316812,4.101754277293304,4.258445990462871,4.226932089723034,-1.3112420749773968,2.1469187552398346,-4.992266887079746,-2.326734730196555
10.0,9.0,1029.046142578125,-3.764634678546762,-4.049324633512535,-3.0765129114385115,4.869569155517876,2.321024121371684,3.0249537258505192,1.8509216724178668,1.8542887070077825,-2.8794166927342983,-0.988827796091286
10.0,9.0,1047.4503173828125,-0.1685852900038451,-4.4143362896887295,-2.8716187974835536,4.984594849194197,-4.586959137729038,4.916706291936286,-0.9122183861244072,4.953058496049872,-2.3659277430340184,-1.4901978810038683
10.0,9.0,1070.2950439453125,1.1677424912791814,-4.251007870589067,-2.634930927180308,3.5674615336651527,-1.237068748634678,3.96481708482848,-1.3921879486541124,2.973016951322535,1.2525198433969642,0.4070942846521781
10.0,9.0,1057.0947265625,-3.683899249013285,-1.878094969890458,-0.7005600260616172,3.994378674530575,2.1974232920720294,-1.6292821644915678,2.696338650541813,4.226487056202458,-3.3031465579957544,-2.763512567112482
10.0,9.0,1049.53662109375,-0.9240347175997998,-2.970055659952059,-2.0793269748730485,3.9541709674239183,-3.204868138993478,3.832765731848655,1.39472615379872,4.301083919482844,0.8575529784275373,-1.4743619229076774
10.0,9.0,1061.9290771484375,1.4861430116230343,-2.0232425240008665,1.0652383179664104,4.99228456401152,-0.753434881707852,2.619342038708414,4.8867869232125365,2.0917316448474974,-0.4585079258752786,-3.121831597890904
10.0,9.0,1062.578125,-1.1821457019716353,4.956121416727935,0.6920675975963508,0.7830995681149533,2.0788430808550995,4.967915371867489,-1.2110015136569925,4.618886315094063,-0.7726048688153178,-2.769199022879865
10.0,9.0,1056.540771484375,-4.43373045392309,-4.998095722990749,-4.3460382716848125,1.5764742170625867,-1.02890267701728,1.160432307754176,-0.0818817959479645,4.64159790722422,1.5678055932637331,-4.936604450779965
10.0,9.0,1043.6953125,-3.3718276450348093,-4.984682407628114,-0.7608879068711198,1.1775910993145642,-1.5998669535958832,4.989893267637296,-2.326137502207752,0.8160595129188977,-4.998545203798104,-3.9418960375846233
10.0,9.0,1058.5677490234375,-2.019909467617058,-2.019170376582652,-4.999793260910955,4.996761112257055,-1.1400259465699265,4.68014708833365,0.1866580774043482,4.554919516397067,1.6169200754135558,1.3978996212596613
10.0,9.0,1065.7181396484375,-2.731850387465753,-1.9866374184070208,-2.365803687208926,4.91742396085073,0.2666869656712967,0.5618702502638238,4.108723836836948,2.1700867425922006,-1.2092615952634662,-0.4559071559431746
10.0,9.0,1081.7694091796875,-4.956355392085389,0.5116203768995735,-4.3430464313647965,2.800196692480758,2.2489888846428263,4.634960188777136,3.54390526748748,2.4738543763085623,-3.950917071269947,-3.769265594712339
10.0,9.0,1043.896728515625,0.4102610000732332,-1.9539752098719283,1.9574084161078549,3.7159385949140216,4.445135316313662,4.828279389747248,-0.8469679036063935,4.856092108885999,-3.0184801207620326,-3.09709148862191
10.0,9.0,1030.8428955078125,-0.4367617443417515,-1.7538408702811257,-2.3563362676290724,1.4077013651923205,0.2569337285846407,2.652311580698302,0.1097273756707784,-2.395947782949478,-2.0581651497366407,-0.0517921821647373
10.0,9.0,1056.5836181640625,-0.7643567863112466,-3.763104582628752,1.4304127235226582,3.939424439310809,-2.088590275310344,0.5439073062155604,0.1525635563235727,4.200306379896452,-2.349961451870289,4.032774024817776
10.0,9.0,1028.791748046875,-2.6682652258682102,-1.7499151670456072,-0.9497520485553306,1.3089929873631947,-0.6857530962199414,4.866211016723966,-4.132901493471638,4.757310734093743,-3.042913189498936,-2.143083478102813
10.0,9.0,1041.3223876953125,-4.643621588194917,-2.842353769017042,-3.10388868780713,2.877392296209724,-1.358673561015189,3.4461563433537545,-0.6540429512458594,4.005686964698924,-2.226132259719148,-2.174402059448628
10.0,9.0,1055.4722900390625,-0.1709164903425817,-3.898413289638853,-4.968694077557589,1.4583029028331884,4.855507837057397,3.3491995473473057,0.6022715275406485,4.072549016644055,-1.5180084881715947,2.2701844674558824
10.0,9.0,1071.6556396484375,-4.586173066146141,-3.682758674187664,-4.40134521477562,4.873247602335342,-1.9071003866286151,1.9646780681962284,-0.2970811361546177,2.111621214146762,-3.0819421436674297,-4.259180886277984
10.0,9.0,1071.659423828125,-2.2305190693323134,-4.737613690248219,-1.6659778012518052,2.299627141604377,-4.2210685040193,4.961813337827636,-4.521805041721858,-1.6330017196734397,1.442395360630484,1.7590214567243525
10.0,9.0,1073.57421875,-4.947392652640976,1.4076031167242729,-4.722723058859687,3.892966480392932,-1.908995502992541,2.9367194144037594,-3.262177591559557,4.467037943881579,-2.517540828155514,-4.621740642102899
10.0,9.0,1054.34130859375,-2.5462831073173016,-4.99999475953805,-3.0366073829408986,4.339023910322062,-2.904551136244005,2.8531220388875784,-0.1993909776499407,4.990842951529089,-2.5465856937147624,-2.844290319531679
10.0,9.0,1080.90283203125,3.034527524687313,-1.4418240504046589,-0.5043557445512148,-1.2842816728073636,3.6087491364364137,-2.115035403053721,4.641772850691805,2.434916961400834,-3.313409900251683,-3.000102370678457
10.0,9.0,1049.960205078125,-4.78402166994506,-1.4356816018672367,-1.5964722696118656,2.852944665223188,-3.6764235900015607,4.556050882856562,2.2368614989977056,-2.3786909558778104,0.0854532545515205,-3.662318213174874
10.0,9.0,1074.3197021484375,-3.691992863557204,-1.8457303484858945,-1.4056960036818031,3.633206715568285,-4.091537226013216,4.45938061139768,1.51007692671876,4.0254554909932665,-4.998930162144844,-1.644526626841162
10.0,9.0,1037.51025390625,-4.935529142062003,-1.037518344424333,-4.510341768637028,1.7301940063688654,-1.2943039817378987,2.6570950279720806,-2.3288963597107104,-3.0893882534655948,-3.715629436531252,-0.3864590932962377
10.0,9.0,1102.7789306640625,-4.817208833107105,-2.136723099504249,3.530666766284936,-1.7745025620542778,-3.892894296981667,4.268336869649957,4.65251404308427,1.2375996938726337,4.116789139125457,-1.243277282942107
10.0,9.0,1151.5372314453125,-3.2508412858450217,-3.536332655980205,-4.077629068695633,1.2200519720737262,-1.4844761174815684,-1.7704996035504277,4.960557026450772,4.952192556416694,-3.3553301467666152,-4.705038652099463
10.0,9.0,1100.03564453125,-3.792863304687075,-3.2375768470202893,-4.307438779494921,4.999894668677969,1.7515849493401507,4.516211813399851,-3.4830725622804626,-1.2841259914405765,-4.848154320141989,-0.1558444586556913
10.0,9.0,1100.1871337890625,-0.089862908355756,-4.250924367986705,-3.674659120722486,2.360578582485897,-2.927562790652779,4.978450667234544,2.905399269873977,1.2593036272629483,1.7821552831634122,-2.045061098382759
10.0,9.0,1078.9898681640625,1.7470126859689934,-3.461176593048246,-2.360913146731628,4.367375830563709,-4.88933054709828,4.71371572879751,-3.858017184692603,1.7610059673593923,-4.991159456487429,2.7013990994696897
10.0,9.0,1060.3861083984375,-4.549821228192215,0.0114639798354172,-1.1038877602113106,4.192698397484264,-0.2295720928378877,2.3187538057213626,2.4185721923889414,4.69602354482959,-4.375808928124613,-4.338865503565889
10.0,10.0,1038.7232666015625,-3.0681395736195407,-4.92068609392254,-3.385645995940034,1.2596208526125243,-3.448805190366497,4.6643299711289785,-2.1276741065643923,2.486345134765582,-4.96200232225152,-4.247234122218682
10.0,10.0,1051.26904296875,-4.084932199700858,-3.5697831845404604,1.111997142176091,4.805289042699238,1.6271428702979929,2.751918449119035,2.218091253560478,4.869435939588055,0.2950755962872122,-2.4135167359539054
10.0,10.0,1175.156494140625,2.4466075079634315,-3.490184942075227,-2.425758145577197,0.2050210989131242,-0.8424748260071375,0.6945927672270429,-4.321453290494569,1.3463773196166118,-0.2921263149487139,1.9762296341050585
10.0,10.0,1052.3828125,-4.963295778270643,-4.050175860928047,-3.342807359489672,3.7457065309466016,1.5794525011707812,3.712003549426537,-1.8239987200099248,4.906331401044749,-4.635616375718602,2.924252814332964
10.0,10.0,1048.3291015625,-1.027414746276054,-4.674833118575312,-0.6306093946433435,-1.0295522546441034,0.9518081176874826,3.545376362817521,-4.319755348376403,4.456532220854102,-3.64156076742459,1.7124621955144548
10.0,10.0,1133.0706787109375,-4.012024819557815,-2.378362011257682,-3.670166855193276,-3.3644802838993426,2.1944993059464,4.858226716782507,-0.2020553657344477,1.8058165990392985,-4.462353086625309,-1.6137365837324054
10.0,10.0,1085.410400390625,-0.6342931753989456,1.6600395693756165,0.2427123125608821,4.941452606483415,1.814311012343178,-0.1053611417077053,0.6245185717674406,-0.3321830861986043,-4.685751136298356,-4.082006935164042
10.0,10.0,1075.4188232421875,-4.168360334268947,-2.314492977011435,-2.774081661279368,4.985825369281361,4.751382693412099,4.96198045848166,-3.538182577697074,1.0800376734872703,-0.3209345598633861,4.81904271381045
10.0,10.0,1097.82421875,-2.452331600497706,-2.558141327065298,-3.8599357437630486,4.512794625047864,-0.1822775190948498,4.9971217765863365,3.97312436026464,2.489577727971451,-3.344826222193611,-4.994055386362044
10.0,10.0,1040.9041748046875,-4.751767744371278,-4.858024486884313,1.25331565448416,-0.7328007565002572,-1.081409986882107,2.063828888265138,1.80175352957794,0.763527879728052,-2.9446707110963426,1.2298407965836144
10.0,10.0,1059.561279296875,-3.059851431396764,-3.0519175858227032,-4.861817733748126,3.144184617618066,-0.6698026130941432,-2.0726649112558224,-2.0060119322310124,4.666684412560215,-3.851969430111473,2.5047386257777866
10.0,10.0,1071.0145263671875,-0.5961312209475569,-3.9737996592487166,-1.14513566301909,4.555023097732056,-4.448689513310175,0.9948407039538364,2.5796193400731235,4.959179369717564,-0.3744912465379491,2.069596905116901
10.0,10.0,1023.76904296875,-4.470358151727496,-3.817739920799183,1.2600919104293506,4.995044293365559,4.869812210692553,3.804747842948968,-0.0665770436260713,4.972901624571055,-3.803650109910792,-0.2776527494513034
10.0,10.0,1071.8995361328125,-2.907364619048339,-4.740936825216096,-1.0091853565797453,4.894386760587841,-2.8725083131693703,3.418658375012008,2.8547671956984377,4.938196294659575,-4.980860303287121,-4.153338208853246
10.0,10.0,1064.0057373046875,-4.828876034655132,-4.959962752970935,-2.979975224180114,4.985969164200899,-3.42207436423476,4.256739195419488,-0.8007726899869674,0.0433916650940791,-4.590895788801226,-2.087328229277905
10.0,10.0,1051.7762451171875,-4.623538690272776,-0.5339384096827917,0.6507615985608686,3.07707959848166,-1.0365286171181065,0.1381040217369449,1.84429751249576,-1.9208634463983305,-4.442661470690922,-0.3310878592923654
10.0,10.0,1043.2088623046875,-1.8743958733562769,-0.3636941064787375,-2.975800760233877,2.2079767763692573,-0.3307509583751917,4.976210704351677,-2.9416860703799204,4.408219439450358,1.3876361606055545,-1.993426924529752
10.0,10.0,1061.2659912109375,-3.0570023187451336,-2.0540451566379803,-4.9631587927785095,1.4943481799367353,4.990093516568896,4.304372663953922,-2.384819062158238,3.606507093612702,-1.802103425663919,2.674665902218962
10.0,10.0,1072.2359619140625,-2.330889206471112,-0.1826707267955631,-4.555035739019367,2.541028792067543,-1.4048607574721237,-0.6204152774972087,-4.289354310040664,3.139115989430332,1.4660668682871076,0.791033041104166
10.0,10.0,1057.7115478515625,-4.992369119513103,-3.1228835003910858,0.7381692795708386,4.676845792915447,-0.0640281300907537,4.941972743995571,0.3058942080080706,4.585284732874001,-4.943515322574012,-4.677542315617725
10.0,10.0,1065.5521240234375,-4.736524477007967,-4.863484066691011,-0.2321115005098937,1.1099999047682747,-3.82955526491714,4.114357453437137,-4.59375484045014,-0.4000230216444755,-4.8874702602121625,1.2326850941623668
10.0,10.0,1058.2171630859375,2.820284854457152,-0.5803006758776084,1.93850954873888,4.389388592138818,-0.5137105784587694,2.443446756483116,-2.5855900497766435,0.6914123487447625,-4.846826763573483,0.1662756897734247
10.0,10.0,1064.2159423828125,-1.166391089984523,-3.5641869353523314,1.0113045145869473,2.745585413849456,-2.370471980215253,4.641542691638023,-2.4408318294928453,0.9478976419968754,-0.139484091973685,3.8655268846636304
10.0,10.0,1026.083984375,-4.928175666865535,-2.943611583110088,-0.2056980948692359,4.720955713849124,4.611107405225894,2.2641541621818657,-3.879471270768276,0.9761193630762648,-3.255962612564438,-1.888519404170257
10.0,10.0,1077.880859375,-4.95650786117109,4.120000265338504,-0.9330839428772456,1.9614157291865428,2.5225482111081563,4.98622962793138,-2.81336355811334,4.990831553044732,-4.959781609759979,-3.630872874794509
10.0,10.0,1075.1702880859375,-3.034741323167092,-3.894601932360719,-3.112593789919992,4.975850004689088,4.875343880495468,2.2888434951412435,-4.30227299849787,4.617639270670832,-4.982018344636264,-1.475085192164156
10.0,10.0,1084.6016845703125,-4.351843703296565,-4.926311040143783,-0.5753487987097614,4.4416796828872975,-2.3025744145822404,1.4722754827951938,4.697043880521402,4.975506747805451,-1.3481325428342092,0.2789777393433361
10.0,10.0,1115.274169921875,-2.226871114394248,-2.5467979776204914,-3.425985927410723,0.8180839980865606,3.6973861119605536,1.6108341783324054,-3.900317569550925,-3.647419671891946,-4.9533434732595945,3.941106030023988
10.0,10.0,1073.7891845703125,-4.893712480049063,-4.900028843368959,-4.699424831238893,1.0003525730788123,3.091190405770437,4.9922901923248535,1.4658573429879098,-1.4712613959337246,-2.363674701310318,-4.787193029260837
10.0,10.0,1063.8359375,-1.7228416462095444,-3.4351126225922672,-3.885803486638925,4.599186160002871,-2.398128099421984,2.7050217766036555,2.9015930787561928,3.508469615755086,-4.998623953505326,-2.4675740834303763
10.0,10.0,1118.18115234375,1.0396095692461778,-4.31321013759857,-3.470410981586704,4.346718010803588,-4.168918800518941,2.154358627006614,4.0835914254413765,4.999999477794413,-3.629889464459941,-4.611530733818816
10.0,10.0,1036.849609375,-4.976573226365912,-1.6322318443851525,-1.4114871756985723,2.8593133731435554,2.705026741277214,4.974104424295332,-1.4510588253161054,3.1732630642550035,-2.733344075647861,2.9134377900503985
10.0,10.0,1066.6837158203125,-3.818093553410445,-2.649633718266229,-3.53291277363493,1.4698373076618747,3.483190539818416,4.989671853412942,-4.2057830418942,0.2753942678623557,-4.609527813196597,-1.5809459537783956
10.0,10.0,1078.5374755859375,-2.910302870390553,-3.7836731774587182,-2.646270072427788,1.3093052081852257,3.014027814646308,4.982743510794968,-3.869992315671788,-1.5192187957151764,-4.99998411433657,-0.0031686770478165
10.0,10.0,1061.46875,-4.161003623001287,-1.6601561655408943,-4.934970265891795,2.069058815478834,-3.547061676685267,4.664364045112997,-2.6311746619422034,4.967156800794461,-4.814825318460576,-3.4085763486776868
10.0,10.0,1080.7908935546875,-4.936741144293651,-1.128451128696553,-4.725535920880476,2.3733697344923987,2.7752018901989617,-0.1224853245123451,4.827106704917314,1.4070951071390023,-1.1358906540781408,0.4124443416321348
10.0,10.0,1062.5162353515625,-0.6724196718472903,-2.4580580470089064,-3.631104725119644,1.6739914780563412,-2.303848854834051,4.912979344873589,-0.6398936230650891,1.9840725526782608,-1.9444498001053263,1.412061237727043
10.0,10.0,1061.46484375,-1.850432527501622,-4.964425809647235,4.147921978616301,1.4580926824245672,-0.2559575501298878,4.659026886464602,0.0863500856082541,1.6441873782429912,-3.475799133603656,4.939791720287605
10.0,10.0,1042.726806640625,-2.838787981684786,-2.5847254743176684,-0.9718057549567236,4.026426508225926,-1.1653960749309968,1.1376514738454937,4.361728054461693,-0.2283473987243054,0.1217075929855324,-2.401746763838277
10.0,10.0,1048.310546875,-2.324681066301784,-0.1591939927820913,-0.8409637419386149,4.551825125422063,-0.7254923379987268,1.1522083241165395,-3.543525063034903,3.8032229330186738,-3.872469241076047,4.501530884021401
10.0,10.0,1040.1573486328125,-2.9174390767295044,-3.39901037726398,-1.7732681167940303,4.809587609449919,-4.935002364165264,4.173862377853187,-1.140651933260699,3.3299731835949675,-2.6190335912867955,0.1618243751537162
10.0,10.0,1060.474609375,-4.99612100468391,2.25797522761062,-0.3199637474713173,2.69606754168721,3.955175180506929,4.984200274381353,2.616668113270464,4.442259165159797,-0.5127871003574196,-4.168923206067933
10.0,10.0,1058.14990234375,-4.828358404617473,-3.64889458688998,-1.3354091420723515,2.7022987368120743,-2.2961319792996147,0.4863372738063027,0.4646528879841511,1.0686888624525963,0.7285572886502791,-3.667719166913109
10.0,10.0,1050.6746826171875,-4.243376930932434,-3.065712471170718,0.4600830956990984,0.3579787241411392,-3.717331447498237,0.1862948629797127,-2.1043159140252223,-0.8341664271538667,-4.723206814381855,0.4989071110964049
10.0,10.0,1065.4866943359375,-1.4584644240080893,-1.737316015136913,-2.49900739702492,1.4421878446404983,0.9370867884379804,3.531849970592857,0.073417159775845,-3.6836610444512297,-4.6795814553670265,4.895788868395689
10.0,10.0,1115.3802490234375,0.0649657451933647,-3.654744416470911,-2.873202647652962,0.0595149944820665,1.0607147178116882,-2.8922229765937804,1.1805877515817595,2.306765757079827,-1.5179924666424816,-4.998909708591017
10.0,10.0,1040.39208984375,-4.598172288794319,-4.789383333075791,-4.507312095544909,2.0300306285993432,-3.8134375352751215,4.899613978077605,-0.3923571947382793,2.3151476698460547,-1.2574861294596031,-0.4602736869290202
10.0,10.0,1042.329833984375,-4.532834566637611,-2.46575327614316,-0.6295575817640744,3.627380221720715,4.886508337532817,2.8693265341561176,0.4074224811844216,2.194797109367493,-4.988003605361365,-1.4242954915237729
10.0,10.0,1063.680419921875,-4.715141368365584,-3.43693293999233,-0.8209407530109889,0.1727442959339775,-2.5987444453962154,4.424945494663298,4.996317945902318,2.5407261413968296,-4.165029313127175,-1.4994931962486744
10.0,10.0,1047.7471923828125,-4.6766820742439785,-3.720589789028077,-1.3297978491666047,4.963806319291583,-2.5621148195300365,4.998497677296086,3.3865037875153483,2.0802444791944392,-3.6189554122215433,-2.930607395407941
10.0,11.0,1062.6759033203125,-4.988498537962364,-2.49530209870624,-4.999990744335893,4.877433733065764,-0.6575909534768742,4.99843575275264,1.94868746730363,2.6616014163165964,-0.7077296369992512,3.4311120316762818
10.0,11.0,1068.119140625,-1.1857949260396117,-4.941347050088565,4.992446852121963,4.249748250423188,2.285996663352826,2.318698745191189,1.0855296602290023,4.999077808765621,1.4460412156308369,-0.2275384480562312
10.0,11.0,1151.7305908203125,-3.660397437802605,3.861522269847376,0.1714873638343217,1.5600855284558834,-4.169114297453412,-1.5460855432389389,2.383587047785058,-3.655028386647585,-0.4601206943744262,-4.078598415236403
10.0,11.0,1056.0966796875,-2.5843697636411176,-4.632020712235672,4.08045518497954,-1.9481827024645373,-2.52515357923381,2.0020548156473588,4.979107609459302,3.549414673222333,-3.103710678768224,0.2148309258056802
10.0,11.0,1023.4008178710938,-3.31007874069732,-3.5271009184945394,-1.3406368192673837,0.5103540187558995,0.7564742118746892,4.947543155518494,0.5270390034728489,0.6724513789832525,-2.8236123535918507,-2.336061855408361
10.0,11.0,1058.3743896484375,-2.500709355187479,-1.86096899349694,3.735885196793106,4.160848485455418,-1.967707245766114,3.227836670640926,-4.890314969507625,2.3302992787882566,-4.218957438170606,1.9225590482553343
10.0,11.0,1049.4989013671875,-1.22716124334022,-4.842669042475247,0.992449185057815,4.210417672145656,-0.4673801046922392,3.741031222147555,0.0688938943171884,4.999906843182082,-2.3393281247594184,-4.98094152959679
10.0,11.0,1033.426025390625,-4.718213874867691,-3.474077392741372,-1.7299687529762275,3.3685193446711885,2.1517534127457534,-1.7917349189784613,-4.375647946153453,3.056971122335208,-4.3216495718887815,2.004992157334165
10.0,11.0,1033.46826171875,-1.3543331172820483,-3.116031470863236,0.0504333337268718,4.157930903050975,-0.1717255276426197,2.538290984966844,-4.8145087461875535,4.83592055930157,-3.466832899520174,-2.0709881131189767
10.0,11.0,1053.8251953125,-0.8158044035410743,1.4953031376982562,-3.2388118514843103,4.766865825779266,4.590946302302454,2.7103351768074884,-4.704695203452118,2.660451458605128,0.5354820164810681,-2.47256020941573
10.0,11.0,1080.3692626953125,-0.0062194788663516,-3.22912877202598,-3.440046211657788,1.1057211585129672,-2.4956892263602293,3.960062997717248,-0.7864224094326389,4.99991188637976,-2.826296511204473,-4.637865550252783
10.0,11.0,1080.6778564453125,0.0848883459617582,-2.469307332782298,-4.650243315715793,4.0058060989808535,2.326113673606934,3.707670618676172,2.5689045827698065,4.915841276240506,-1.7252753672921397,-4.776952005681258
10.0,11.0,1099.8721923828125,-1.1666104058651303,-4.96769517506266,-4.660013002433407,4.979265423088325,3.852927559961101,3.368624163875829,-1.0349670824790835,4.920392246481599,-4.219908612708388,4.297171546877808
10.0,11.0,1100.8101806640625,-4.753281723843765,2.884018895500006,0.8113562896196331,-2.1937332748794978,0.7510686825641137,3.502744413404413,-3.328543030215283,-0.0811570499077483,-2.3019862351052285,3.832795897939672
10.0,11.0,1052.605224609375,-4.999663165682171,-1.862345429735278,2.022126483030182,4.761807598914489,3.1197687012054764,4.877911131865064,0.1553109898836808,4.790086612045339,2.10300126100158,3.501705927172342
10.0,11.0,1071.1375732421875,-4.719379803541803,-4.992705414895234,-1.849510549742408,-2.478071563007936,-3.5920046227237874,3.025623548328668,-0.4643323915035617,-1.342778279180493,-1.659026655223208,1.9053848645799127
10.0,11.0,1048.7052001953125,-3.8248972613657473,-4.223624243176712,-0.947931533745546,4.9982863741023404,-2.34052901860796,4.570142603822156,-4.8349205403474285,4.933557082169171,-4.870645723939417,-1.9627107450482164
10.0,11.0,1069.78125,1.6577424575685518,-1.651888887577111,3.821456203703272,4.971540335839158,-0.694610459068687,3.205809418064332,2.972612373465449,4.5301303557473975,0.1554104511429299,-2.97272747598812
10.0,11.0,1071.81689453125,-4.984268532062781,-4.022549822382777,-3.742154892475061,4.999256742928134,4.676087974669922,4.986224766167844,3.829625548448064,4.302139274348619,-4.895010854817488,-2.418673087208438
10.0,11.0,1058.5771484375,-1.8406684826586688,-4.751659750697745,-1.844044338825681,-1.5226692865134073,4.945475534018032,3.782622251861657,2.055825283333677,3.890544407493168,-2.4471339884186354,-1.4533498379241403
10.0,11.0,1090.4498291015625,1.169985070393191,3.562848895598421,-1.97646783956156,4.809670090490062,1.464040761731833,4.702930589697472,4.04301086182215,2.770924800548934,-4.723555296927774,-3.3650719255354886
10.0,11.0,1039.4215087890625,-0.0510406892771611,-3.5842920970135106,-0.2501689362878849,1.2549328980588133,-2.200354701731252,1.2165508478245552,0.5971939170766829,-0.3869363793002041,1.8383146793348528,-1.4254215972505877
10.0,11.0,1058.6763916015625,-1.6367413629298442,-0.9234082091275012,3.748086979411784,2.4008552759922424,-1.9194874788804048,-1.643192560352824,-1.2097515111710688,-3.067487714834092,-3.0048052265963907,-3.1848737005383674
10.0,11.0,1189.96484375,-4.729910325361814,-1.9058719000540272,-3.863564422862552,-4.218914963410193,3.574158631779598,4.83826464340607,-4.7929780264486,-3.289414964992696,-3.9572224897235273,0.5665521012070371
10.0,11.0,1035.52734375,-4.973424641755826,-3.25534908021482,-2.011905221302362,4.493444455595494,1.9351818781366248,4.63802759781986,-1.501683455842382,3.0525169333252595,-1.6698503760251548,-4.250837433032246
10.0,11.0,1080.40234375,-4.854037454192821,-0.5158669265454643,-3.547380122071737,3.074302836842362,-2.1741770016821667,1.570640994023094,1.342869310630591,4.944589802969944,-4.024501016839138,2.9278389496419344
10.0,11.0,1057.2003173828125,-4.850891475338021,0.6715352978008537,-4.676033061112859,4.634282979564659,2.648578772316558,4.550807131394596,-4.247098470566755,4.100658032666404,-0.9057317294343424,2.8788547082420166
10.0,11.0,1025.568115234375,-4.792345209993871,-3.9930299082558856,-3.352455413482492,4.348988409196913,-0.1446610310914122,1.5013338925517523,-0.6853654147172419,3.516770638722252,-1.2284000564744888,-0.7489786181532114
10.0,11.0,1050.0848388671875,-0.4222081207598904,-2.199693727445229,-0.8551670767599742,4.655077399371956,-0.6107261064759228,-1.636136773014857,4.520230694220452,-0.7134922481776123,-3.382627384104065,-2.201338441165175
10.0,11.0,1118.9422607421875,0.5854910107805793,2.539190751998312,-1.1911009938674382,0.9665983035844352,-0.3687497695818731,4.999099201792813,-4.6030740458488255,1.8844444319062688,-3.900620362379992,2.187543784581056
10.0,11.0,1062.3671875,-2.845095525841926,-1.533388746878006,0.0420268419217348,0.1544324174613933,-1.0869987548040076,4.974664352090617,2.214708648884274,2.69348896879888,1.2302507839630925,4.889523372046266
10.0,11.0,1054.080810546875,-4.999719956917014,2.25967792201369,-0.1888263721500189,4.2148329240831846,4.623060168916705,2.9821283734451587,-4.699580757223805,2.9827502249378224,-2.9325650384011457,-0.3004380976809235
10.0,11.0,1069.809326171875,-2.219153920375411,-4.544586398540732,2.1757035023607347,-0.2240298456715095,2.935807751278703,3.0114218340513723,4.780294617789744,-1.2399322786539058,-0.6841452188801238,-4.391455434241392
10.0,11.0,1093.2530517578125,-3.3679964895513725,-2.862738806872398,-2.0290740953875543,2.3488211570018773,4.461286610729719,4.880699575530928,3.531905083074476,3.579214359351379,2.420291318767992,3.204878093649727
10.0,11.0,1086.237548828125,0.0384079444185641,-4.741823989652782,-0.690690197037104,4.31615266431332,-4.970447327387642,3.780038271294032,4.7556664181916535,-1.455503580274362,-3.2472986601076266,2.2122825089532387
10.0,11.0,1081.4102783203125,-0.2163104776851145,-1.362297379685817,-0.4074206708978813,4.738817083706833,4.898058526702997,2.1371651529899456,4.404369192655375,2.953459012918797,-2.319166201949547,3.9817569681710254
10.0,11.0,1081.9947509765625,1.233745229887509,-3.889637866948142,-0.8174037697435104,4.451424436219449,0.0480406105044197,0.3360830552472986,4.578925674383079,4.471902038854585,-0.8426388487071943,4.634815124450775
10.0,11.0,1068.4110107421875,-1.4217017532855605,-2.013079835576308,0.4276056673696935,4.432371524468165,3.4333194281734727,1.918056568046188,-4.020232684745675,3.7855659371804222,0.4892979925247083,3.350910162220144
10.0,11.0,1060.3299560546875,-2.598322525843088,-0.952186952101176,-4.108770901359039,1.296977899697202,-0.6156118571587337,3.1812075537644606,-1.0837446451038728,4.8916098689711625,-4.680198043948931,-2.133283487665183
10.0,11.0,1070.0919189453125,3.6390597928382302,-3.711038795470921,-2.858225501148843,4.79098872789519,0.1048625035188886,4.943149365239105,-1.2756349595208727,-0.1921742330528273,-4.677742374296074,-0.4370698663094536
10.0,11.0,1042.248291015625,-1.1992074057056792,-2.430779342969286,-1.6367180296709574,3.6783739484457048,-0.222024409159439,4.903292662681439,-2.9196326455694024,4.237060037361228,-4.502609734644244,-0.3550121228464515
10.0,11.0,1025.369140625,-4.351058079536305,-4.659614914101462,1.1174148968986,4.996496295298595,-1.6909845194586373,3.96059122865693,0.351819944862819,4.56995196078995,-2.249453876045337,0.1597313288505111
10.0,11.0,1026.40185546875,0.1678801918092372,-4.894937083002162,-2.031742543758998,2.5043036672066137,-1.7175644268148438,1.1751895905319714,-0.7585670079434932,0.0645019786117675,-3.272303992369441,-2.224485907913256
10.0,11.0,1043.3389892578125,-4.728344927066584,-2.3794613238700126,-0.5592151830418404,4.9240459752407535,-2.438717549380041,4.535745275325752,-2.841827448298515,4.111953121486835,-4.80000484753221,0.3750227894410916
10.0,11.0,1058.348388671875,2.076170564637212,-2.1378759035219472,2.102941715230826,3.69983217065524,-1.0821498237772778,2.160015355755183,-2.6411979422219787,4.881503782207448,-0.6080817188134899,-1.0258393677063564
10.0,11.0,1089.1573486328125,-1.7019803804554643,-4.04406588247173,3.7377025474375873,2.441480354113845,3.554522456376389,4.955087006605762,3.621191631365463,4.896932110714054,-4.813979704558661,1.6638528967896011
10.0,11.0,1033.614990234375,-2.4873822744517127,-4.368098141452327,2.0020899837284425,2.8278117956549265,-1.7176774116865556,4.938438565026988,-1.3211466278301351,1.810959931583556,-1.2329880191591736,-4.562428101320895
10.0,11.0,1043.755859375,-4.118957818122913,-3.119257435635101,4.452072032827093,3.0957395867343216,-0.3035108169476661,4.182323334368498,1.707109324956921,4.314996498784605,-4.033517619150979,0.9126476477377938
10.0,11.0,1094.90771484375,2.269599674930703,-4.518752493380315,-2.0770318369187155,4.916915917517818,-4.0079265844078265,-2.750620190545426,0.1917655568303207,4.786473699769156,-4.971707582978561,-2.9808899766096744
10.0,11.0,1059.0670166015625,0.4448958704826067,-2.3492577660983063,4.997488308377927,4.859886509795988,2.7009085513412225,3.31118971343696,0.172037512326364,4.9901933596944925,-4.003412516620283,1.1830291700671598
10.0,12.0,1046.400634765625,-3.108749111498096,-2.763962402016632,-1.9247172956372385,3.914739339405904,-1.0823407602510864,4.638400990140333,-1.0289415230141454,4.204503103312177,-4.952614726997412,-1.0032530288506076
10.0,12.0,1027.55810546875,-4.977092679583271,-4.648604986931273,-0.7827372485363888,4.834011401373623,-1.5715489543458483,4.233730921752152,1.4619007521151328,-0.4944883598738183,-2.645125900821176,-2.9427615207612754
10.0,12.0,1077.146484375,-2.715859163307276,-1.7864853817319442,-4.650110837885356,4.842811480077403,-0.0797682563916133,3.9442373148487135,-4.4870795662096254,2.301398395606995,-4.605205781757831,-3.9730529349672494
10.0,12.0,1053.8770751953125,-4.855426804047664,-2.70940331206546,-3.232137449378504,3.674427450452874,-1.223914612755613,4.907090070317008,-3.511257632270105,1.415648535707814,-4.81400474766787,-4.610195250475014
10.0,12.0,1026.4927978515625,-3.821907309245823,-4.2504560625021774,-2.6725508413196843,0.5696428369319477,-0.0082439644884555,4.998986396488922,-0.8788491811838712,1.030620282819214,-4.194329616193929,-1.0077115995506287
10.0,12.0,1045.4237060546875,1.7362652479695893,-0.8783029310018966,0.1394340855125282,4.898831336652869,4.581562340572333,4.697281132259725,4.839053635355626,3.963177945522269,0.2717510530047562,-4.035193788673176
10.0,12.0,1060.466796875,-4.497974764857903,-4.478385498720616,-3.5439246445520363,2.247725352895035,4.773080193645471,3.656760989246953,-2.727597321873591,2.100041129862312,-2.9599272492934112,2.2825074143579
10.0,12.0,1045.8240966796875,-4.296125574707985,-4.972265519708547,3.4904037053717865,4.944417675795364,1.2494666827912957,4.97164490683028,0.2771291436004812,4.653868022085458,-4.405056636642343,-0.9782201649814626
10.0,12.0,1066.4144287109375,-3.937932229154512,-3.560575657474483,1.9893462529977783,4.999966456739989,1.5143158084414967,4.9653077352750365,-1.6326728210437476,4.628211541294773,-1.3522752238076494,-4.676782090939267
10.0,12.0,1048.7877197265625,-1.3925134522941098,-0.037698037472424,-0.8696008827704169,4.769447403766264,-3.7213561674526185,4.971398030836937,-1.1833195351541457,3.090324310733964,-4.743285242631593,1.0990142483762666
10.0,12.0,1040.477294921875,-1.6616052910219183,-3.8427382268618446,-0.8100455309684582,-0.1143287570339222,4.961199512782436,1.029084000487572,-4.435490488267611,2.650589504742838,-3.461980744965821,2.326922660631673
10.0,12.0,1035.1773681640625,-4.287493892968363,-4.261144549722224,-3.844316241360288,4.447108480346886,4.661301091997556,3.517115237572545,-0.739059667042997,3.824873645183944,-4.847373401849008,-0.6436855371497874
10.0,12.0,1040.2396240234375,-3.209137701816578,-2.7789345604972504,-2.262019953747748,3.860758874987324,-1.15238034114095,3.566808275756566,-3.58263448787285,1.2060631156992994,-2.699545329641339,-3.853976858677709
10.0,12.0,1052.7122802734375,-4.9889432169322365,-4.546923470941185,1.81873752866812,4.797137905788613,-1.0446205346285078,4.855575133256881,3.02627355646813,4.975509666833201,-4.854449224085737,-1.3587542339544467
10.0,12.0,1044.5919189453125,-2.2379097055508934,-4.9877234293059765,-0.7132031229535043,3.936960790684114,1.1477359338284243,4.99945505966387,-1.9499933289880889,4.703337756178289,-3.3163857255712585,-3.423738820480972
10.0,12.0,1045.229736328125,-3.082969885265535,-3.508711665465883,0.0589666285397161,3.962191739670203,-1.1791120391047754,4.226241219042183,-1.255079059367783,4.106433685139477,-3.5143341324521646,-4.347970388340762
10.0,12.0,1042.8634033203125,-3.8758484453805626,-4.935808439166799,-2.2416866072462778,4.527350124371241,0.0380778503669176,4.834417097483732,-0.7078629264876923,4.197632758487767,-4.78306056361666,-0.880437742426933
10.0,12.0,1043.05615234375,-2.248597700408923,-4.965982036312075,0.4839659935953753,2.2527499582438724,0.4555749913366016,1.2861312104713507,-1.2436511115679494,4.912480295698305,-1.2679534504363694,-4.925659279659618
10.0,12.0,1089.5968017578125,-0.2227429873060993,-1.225693593680048,-4.451836902511028,4.739283933241197,3.55920150255926,-2.540809314614401,0.3519912273751551,4.370488559896909,-2.034052253710974,2.4470453356500856
10.0,12.0,1050.7890625,-4.94266274821397,-2.881191668468808,-4.162504806133796,4.833946232513132,-3.66281616626102,2.375996918931735,-4.4803241091560615,4.6903768861999335,-0.4390113141085505,0.3306653638215451
10.0,12.0,1066.2637939453125,-1.862085121103484,-0.6847828522521526,-2.087444046181768,2.848859692771004,-3.003038504108206,2.0965342423684685,-4.489798872567832,-1.5360440435183138,-4.999575612857296,-2.206337893131648
10.0,12.0,1053.4144287109375,-4.438664537795401,-1.8556522695657107,3.666188262554094,3.5065956324581435,1.3656225908790365,4.999928221197656,2.516304998794374,-1.4740651870349697,-3.3569501134278243,-1.927698846057892
10.0,12.0,1059.7978515625,0.5370957853245075,-0.6134610445626887,1.6379046456773905,-0.9958591596601972,-0.9978477596292414,2.9440372152920897,0.993809881982762,3.865877389086109,-3.851455189425488,-2.9653153368365768
10.0,12.0,1097.191650390625,-2.099594700383124,-2.091418705979022,-1.8298836607250344,4.75699378662814,-3.978252900542696,3.243780746396993,4.6923328872260015,4.770376312377721,-1.0576940054430817,-2.2757462972557434
10.0,12.0,1043.1944580078125,-4.0085978225463,-4.301028479468855,-2.584584071483772,3.756055786536635,0.078220747064714,1.415630783695569,3.648785843581134,3.745039931357505,-4.783471529627408,-1.907508456839744
10.0,12.0,1054.846435546875,-4.714652238697349,-0.5686870189606505,0.4450812694206902,4.982492207907411,-2.085639641988417,0.4872632363715308,-1.3482934293681073,1.0277817314089024,-1.68430312447342,3.3135276856774194
10.0,12.0,1035.06591796875,-1.5272380512878367,-2.22650121452626,-0.1095085196094629,4.507466148924141,1.5926139723254904,4.473790539590514,0.3896469682226851,3.904260740259293,-4.704035907917715,2.946268260360496
10.0,12.0,1079.34326171875,-4.693162831366586,-4.541045066582028,-1.2036064745775663,4.762681432115404,2.4147975746880874,-3.671758375505769,3.991850925088532,1.8476822406184483,-4.785221736380582,-1.9695832717769208
10.0,12.0,1055.0023193359375,-2.9039808452983933,-4.645010480011072,-2.5602811817682314,4.961977022496667,4.830489987199398,4.912679815048515,-1.4676227127488757,4.997183712704482,-4.323589640573319,-3.800312016818668
10.0,12.0,1047.622802734375,-3.422666186855736,-4.999873377424631,-2.576876193965818,4.9327244593688455,0.5129662823059533,4.199624278504128,0.898361413073447,3.388518325910717,-0.3643604966896241,1.631845893341164
10.0,12.0,1043.28759765625,-1.6749902742797107,-4.8601562731856935,-1.6436847341204026,4.969917899137098,-2.7886452843546268,3.115918166916133,-0.8278591011671885,2.303352451711012,-4.346860549039317,-2.073231158627742
10.0,12.0,1039.849365234375,-0.8877294959496567,-4.571524930235291,2.511814888182556,4.261956137506672,4.986646703485588,3.08385810412516,-0.614944701261587,2.486287933647244,-2.226266074579122,-0.994652397049192
10.0,12.0,1031.9267578125,-4.315646879083284,-3.816592759190156,-1.1328237006485105,4.302118832154489,-4.492754146402895,4.937923709373756,0.6022081135425816,-0.295661348391409,-3.751681853008435,-4.316864061787226
10.0,12.0,1052.8724365234375,-4.658488791697493,-0.8980212478495231,-2.517063438077605,0.5377325638489827,-3.498319974907018,2.425781062242123,-4.527929932725835,4.845982335828715,-0.6543614747802486,-2.009968174434624
10.0,12.0,1031.9058837890625,-4.993149939236283,-2.9670563726728334,2.2833540891560444,4.630897579873313,-1.9763813650848765,3.8887167392667017,-1.2657354703598225,4.078564615453182,-4.813692677261522,2.491086482511303
10.0,12.0,1085.102294921875,-4.518423567465682,-1.811941892671559,-1.867098742971676,4.447157811913204,-4.566043330102946,-0.0202584991555259,-0.5249059670246865,4.042988141815636,-4.736914375828652,-3.168994543349163
10.0,12.0,1045.173583984375,-4.994068889146472,-2.5438441019655142,-2.709676098757277,2.827309755020236,2.394321298683984,0.5764933118088962,-4.838446357289456,4.147930198591944,-2.813122213920731,3.0758471083301977
10.0,12.0,1026.1544189453125,-4.20664911183128,-3.566266249894955,0.3938068649991617,4.301247517298073,3.294227619006131,4.737459121993089,-0.4575864513367111,2.657163574192837,-1.952475967580105,-1.462909800251472
10.0,12.0,1092.2943115234375,-1.414820463902796,1.697618242929578,-3.705516138602047,3.4311199938566723,-1.4119344974904409,4.832185833790319,1.3385504299233464,-1.0854114244282895,2.5425115575678543,-2.8539435156329747
10.0,12.0,1035.466796875,-3.1200454534847726,-4.988038921912677,0.3540068805843699,2.58667714596211,1.4036500319128242,2.397420099849885,-1.4823382664859026,3.703416043400303,-1.9990996138855364,-4.159284931073118
10.0,12.0,1061.5189208984375,-2.224426994376038,-3.1618616219589293,2.021697385129613,4.9974313067833815,1.7054343534930982,2.5111304307436004,2.387336316156521,2.787467707848624,1.5853105777243286,-3.8104395549084016
10.0,12.0,1028.9029541015625,-3.758942891001619,-4.996934210698787,-0.532391646871786,4.712948115947585,-0.7762799632392348,4.196489212254956,2.732733590444594,2.2007306008334044,0.1077827828026993,-1.8058710645798897
10.0,12.0,1028.7078857421875,-4.219176275868369,-2.009621089084539,-0.132733330206654,4.968790985373982,1.1546500451882702,1.3069699581885104,-2.4026443588480184,4.640313969269265,-3.601495542505754,0.6327136730633809
10.0,12.0,1043.6751708984375,-4.3773318917765405,0.4594522037748136,-3.5884435911728465,2.2566815988871003,-4.4170464111535015,4.998835641543369,-2.539141137662414,4.780812015656981,-4.881811364963799,0.1077367369128889
10.0,12.0,1037.1640625,-4.957260615149215,-3.634240110896972,2.8625097622408884,3.5533543903328777,-1.07969136963928,3.863119218206029,-0.1583070873963956,3.291101883925508,-3.3088652851838347,2.1701278456162747
10.0,12.0,1036.054443359375,-3.2897425215004885,-4.971852889420092,3.059450275884988,4.978398743200254,-0.9849886748265692,3.806878075831064,-3.263018713167417,1.6362262971897747,-4.910394082710066,-1.271765165100028
10.0,12.0,1053.2249755859375,-3.951654063396992,-1.5722520652559997,0.0276471576827823,2.643314486216637,-4.7135362708520425,0.0179122090453915,3.393597847538532,4.0092748751518,-0.6997829173105314,-4.295096847329139
10.0,12.0,1025.281005859375,-3.1815280563532413,-4.865984888503055,-0.9401023891982812,1.564200420369474,-1.9658234951117093,1.5902989345856682,-1.6263432823718964,1.2215476420790283,-3.251567278068644,2.5423021282113245
10.0,12.0,1039.4334716796875,-3.285078950781645,-4.687497306817698,-0.0630906951234901,4.120513321793728,-1.0631416545492185,1.1808414892203718,1.3837784608744377,0.4908800469609353,-4.977385217975664,-4.712421087196651
10.0,12.0,1066.1275634765625,-4.270629686882995,-1.6161128661944284,-2.921617317897508,4.830844181966153,4.369700995966285,0.9405158793593004,-4.135843237556836,3.897109017614389,-0.5906433262417323,4.9030662686087485
10.0,13.0,1041.49462890625,-2.827573520049441,-4.728323889460527,-2.902470626916261,4.3942993818983,-0.0845579153040985,1.4542384313362329,-2.9428302375911097,3.1612697644625403,-3.849612466034496,0.0974268495326757
10.0,13.0,1040.807861328125,-1.782635095559237,-0.3669784744673361,-2.2513789335358525,2.354937269520314,-3.231311533258872,-0.1928677226104334,1.6458252854357074,0.9569270311458392,-3.569418741880229,-1.2778842955580454
10.0,13.0,1031.11083984375,-3.941345717463888,0.3862858273934746,0.4556572006964305,3.087327035714475,0.1322739395122667,4.957855417400147,0.4399305354628433,2.3889705427063443,-0.2372827592482567,1.3670372197827696
10.0,13.0,1044.5643310546875,-3.884114441702119,-2.71011693583561,1.7604045973687672,4.910022868973723,2.8993012891038,1.0998702279508985,0.7941845087590718,4.7234770240922135,-1.434874301460332,-4.90275482725068
10.0,13.0,1027.39794921875,-1.1692746532622396,-2.8618339483650845,-1.3499478926225503,3.325047110853616,3.068642385662679,4.377141245941997,1.195612129381609,2.887142112459453,-4.193021737063946,-3.417145075883454
10.0,13.0,1031.800048828125,-3.641718176344393,-3.958528609830085,-1.482308909062179,3.501556223168455,-0.4889788838388238,4.969603059536063,-1.3782280652354402,1.7930311734140014,-4.940269686154851,-1.8769124985256909
10.0,13.0,1046.63232421875,-1.8987915153313395,-4.995190186577856,1.4732886957549898,1.7522617786446215,4.957679641171277,2.8019112368492616,0.6947497926089081,4.074533788463604,-4.564460486903266,3.923974512052253
10.0,13.0,1039.2158203125,-2.564653664339934,-4.004867033423568,2.798433722034299,4.180843656164344,3.277600771379227,4.9999639994669085,1.2070775060133174,1.0058473902091087,-2.9460279128249405,-4.889834663154189
10.0,13.0,1049.3900146484375,-1.7820245568910975,-4.43648352754383,-0.0742585441201963,4.909855166391196,-2.134655016528182,4.521635766017415,-1.5747244330687795,3.5898788385265554,-4.950324877902466,-1.9897188946133213
10.0,13.0,1042.6265869140625,-3.093771189150318,-0.4500317816451398,-0.6756526291357776,3.23810986661024,-3.816622204909705,4.72467204300189,2.2468627955946747,1.9871933877857424,-4.263224120277728,-1.1784332305659384
10.0,13.0,1063.9952392578125,-3.49541442830253,-3.619412762260845,-4.126274469835377,0.7811697062683027,0.2915546730836258,3.779435585052093,-0.690319936224796,4.8642294501279135,-4.96550094164177,-4.027357526367522
10.0,13.0,1032.7313232421875,-1.293364090117544,-3.1252007341993044,-1.261958507130542,2.462039519010061,0.6278188289407618,4.862730892742119,0.9697981022679772,4.887921736756132,-0.3249064466728431,-2.1999243696771886
10.0,13.0,1035.3697509765625,-4.848731195745929,-4.337576277782378,3.1908899127430352,4.99991248405345,4.266981854426616,3.0575376517383326,-1.9141252550080563,3.506753262652831,-3.666321974498619,1.2390376453212415
10.0,13.0,1027.7091064453125,-3.306129216953559,-4.810442536001734,-1.907099111342978,2.4437371650134025,-3.5844274625412806,4.03211217518826,-2.8861727936721646,2.148469241167902,-4.945594894504391,-3.5180003481171407
10.0,13.0,1041.919921875,-3.616831167888153,-4.974855937910075,0.3541427380041142,4.821181324708039,2.589539727812946,2.914975403365217,-4.433326156149701,0.5487713800857339,-3.937109756082171,-2.054016877163974
10.0,13.0,1038.626708984375,-1.0188783935639931,-0.8268845537145664,-1.1239178193758024,4.454940606233965,-2.7846590652239107,3.023454498174885,-4.6789465456775545,1.731114277172776,-4.051786002887433,1.392073650932418
10.0,13.0,1034.1329345703125,-4.402904067455269,-4.487861481045894,2.6317927602159896,4.448953983875255,1.5229171153049208,3.9763696820992,-1.96198891605168,1.3899974485395372,-4.899141674395102,2.4163617467091294
10.0,13.0,1038.478759765625,-4.733928114134831,-3.2356452537434044,-2.7623576019010736,4.810429000895132,-2.1048968466755658,3.9804844585844528,-0.9673319498350716,0.0075525891313246,-4.822759525468096,0.5105379313569074
10.0,13.0,1046.196044921875,-4.804418671146852,-4.9959896791725225,0.2453268616830897,4.950235840349691,-4.916126875725625,3.016331756346105,1.506332461593316,3.6374342174474776,-4.836262670356312,0.4101842729533986
10.0,13.0,1085.0408935546875,-3.138530770970229,-2.736788973414213,-3.661460220528248,3.93731550304863,1.855194275465398,4.775844799473445,-4.719819681374188,4.6798078478725245,-4.7970855124089145,2.793385060966526
10.0,13.0,1034.9412841796875,-4.580374310758607,-4.248911429795903,-1.97507012804342,2.874210203758912,-2.567215110126954,4.275988912403957,1.0723507466448332,0.8845349731553558,-4.998306166406798,-0.0242776579613774
10.0,13.0,1018.5603637695312,-4.999243502207185,-3.076828965155822,-0.1299629211379018,2.621771556283398,1.796344510414154,2.621620474033453,-0.2914343637663892,4.689002049936917,-1.2006470777329477,2.019946584512054
10.0,13.0,1065.0572509765625,1.6806507894155098,-4.929362161210148,2.000913973976372,4.527949544096042,2.715642238088396,3.271810160042543,-3.03483296491013,1.401198889155399,-3.5151308156361907,1.4525532030368593
10.0,13.0,1026.0489501953125,-3.6728428140491287,-4.491629909617952,-0.1076224780740755,2.270537523417841,-0.5617268343939568,3.8514647490166247,2.743455690800128,3.7895664499854416,-4.215522737120261,-0.7088953142118699
10.0,13.0,1033.5994873046875,-4.920174299066558,-3.963644048441864,-1.515870600015838,3.543800868771932,4.4705033937054885,4.926099630613024,-1.4305183601200966,3.0508190368313226,-4.704937310896255,-0.6392865203184126
10.0,13.0,1049.6016845703125,-1.9657875904136484,-3.1127161939661114,-0.2847656841708401,4.966082213712332,-0.0331047526331644,0.5216324274703759,2.5610024458276204,-2.5890153168238546,-1.9894234857563105,0.1260970566844479
10.0,13.0,1040.4014892578125,-4.720678515714795,-1.6943627784587778,0.4996608768426238,4.991298498174437,4.825055934026224,1.991889888180566,1.4564020433334877,2.151772626749998,-4.967903648414678,-0.1348387251089917
10.0,13.0,1035.770751953125,-0.9969963348935194,-4.628165553738172,0.1027124857256245,4.9736822300497945,-0.2193261257875729,3.2709385218255704,-0.8508048521684239,1.6738482677474256,-3.2453879511343104,0.4009964112775428
10.0,13.0,1064.3258056640625,-1.9256702752193733,-3.766979725292832,-2.609255103170844,1.0250897075408547,-1.838534547195092,1.4860403650684535,-3.484652570747413,-0.3430785154336435,-4.903662228542904,2.0604282642774185
10.0,13.0,1040.6181640625,-2.805763485765857,-4.689182788072585,1.5988201857679505,2.674226766267182,3.6661593638779344,3.828390088306273,-2.6618831410002293,4.913594933401836,-4.99762563323087,-1.2285916838320254
10.0,13.0,1024.202880859375,-3.715447726441593,-3.2977444991414946,0.4486303369815392,4.999704066166812,-2.2446261568708312,4.9341277273780335,0.6266112121574849,1.2706611508383254,-3.4263746093808845,-0.5964742514194192
10.0,13.0,1037.9669189453125,-4.806237296173773,-2.7174716333249105,-3.8858201068052383,2.246276218565696,-0.4773466154009051,4.462113234584365,1.3786722154024584,1.343832604944268,-4.672112221749446,-3.0187446429195592
10.0,13.0,1060.7108154296875,-4.754144502017732,-4.983888088762974,4.11872716995431,3.2105784079638884,0.4448277956944633,4.413133145564798,-0.6213674411162913,-1.1552915685945169,-2.3424400893073245,0.4364081149971479
10.0,13.0,1024.868896484375,-4.682400692522473,-2.7518989376777587,-0.2529733730810282,3.0844165836930326,-1.2879746445100313,3.996334876485223,-1.9315342368314503,1.1949939606587492,-4.218267641770429,1.336040565729144
10.0,13.0,1058.8355712890625,-1.7577128744794517,-1.9798448354377287,3.411339091793604,4.995148244517292,1.818385482054952,0.9225540972366496,-4.373365971894205,4.99909977715865,-3.0787480360840584,-0.3048716582844655
10.0,13.0,1028.342041015625,-2.617006641907049,-3.853973751950919,2.256312942356015,3.2511151062867008,-3.096474013747765,2.1402571166031903,-0.9071887517092988,3.1748005796081227,-2.3657101063156154,-0.3288867263941384
10.0,13.0,1027.3153076171875,-3.1852309074743497,-4.201327286143931,3.578465921006021,-0.8083131481003978,3.998215371702594,4.778927037762223,-1.3730589901467003,1.61586020728834,-2.9800504540655486,-1.3809970877544986
10.0,13.0,1045.4434814453125,-4.254786476955928,-4.849156529168374,-1.032350285155292,2.803943057287785,4.888635912263609,4.877192807336526,0.6172514384397578,-3.4941304893734104,-3.8205089463202615,-0.3253660890976215
10.0,13.0,1048.9005126953125,-4.581795615796942,-4.692696458203477,-3.751575065536205,4.998306757863141,-2.12208363852075,4.526640140833463,1.4803324959931254,-1.2784212665297598,-4.304599396932278,-2.1074666361362846
10.0,13.0,1059.604736328125,-4.983148617918346,-4.317223504559884,-3.966781594655236,4.934656262376532,-0.8828497344951023,3.830007554662595,-3.4431342668278644,2.396121561153092,-1.116415141247742,2.6438306465821384
10.0,13.0,1049.6549072265625,-4.694169024352563,-4.597192436203262,0.6533498260664308,4.565530554747975,-3.4951915358925314,4.579599163217555,0.1424748388644836,3.696502552421057,-3.3847177735458103,1.866566804401848
10.0,13.0,1059.2686767578125,-4.838244296838405,-4.999737063295394,-2.837626783418651,4.869233156484665,-0.7335072296233047,4.338432336289289,-0.6319978465928155,3.7952737267487873,-3.985004704532436,-2.6431143954999494
10.0,13.0,1038.783935546875,-4.75155146785948,-4.448958626264844,0.0297744170196612,0.6840954855472079,2.8875675477949976,3.607317889109627,-1.5744276566065842,4.420999632693171,-1.8436002170149768,2.0102731152045177
10.0,13.0,1092.667724609375,-4.8533793954593145,-4.426553540484999,-4.99991011125577,-1.531095839470896,-0.8179528977894259,4.999462863850701,2.451088330089057,-1.645193123742473,-4.79682713072373,-0.7651499436418039
10.0,13.0,1025.578125,-4.19863948425611,-2.226101754336058,0.4341098186563563,3.1918779263657893,0.685285921077309,1.366158504185142,0.4682206678719307,2.601377550604891,-4.345970854447946,-0.5371158380862457
10.0,13.0,1050.010986328125,-2.542602671057132,0.4358015795018239,-1.171033788374196,2.610138458065043,-1.2304617650231604,0.3648730557911586,-1.347344811221487,2.9587094973426806,-4.851103648880541,-0.53635451364811
10.0,13.0,1062.351318359375,-2.2777849634676404,-4.988256623177641,2.767121268308557,4.334777878920409,0.7161395825069441,1.9005896667104665,1.2353175694506042,4.299609920459304,-0.7734485414777561,1.6602173296482707
10.0,13.0,1054.40625,-3.1960615225578604,-4.957342981446423,-1.8200764943791368,4.938988557019465,0.6937244151317845,3.763880279630001,-3.982139072570777,4.999280752516386,-4.996466342128619,-0.0539988875137806
10.0,13.0,1056.5584716796875,-3.77866116895327,-3.979607719449194,-2.828696822233811,4.98048982740443,-2.939784666849304,-0.3125412612423739,-2.084708683535633,4.879193506666255,-4.479366823071313,-0.2126326421813607
10.0,13.0,1038.2974853515625,-4.605607282745563,-4.592237590699124,-1.8995281787848213,4.892165391100654,-3.756485761059656,4.785024094543877,-2.522069188480716,3.590519233757228,-2.698902916221733,-3.121582884765046
10.0,14.0,1055.7686767578125,-4.982835295440269,-4.989260959532532,1.6113692161277724,-1.1315992881788546,3.544118621576759,3.9736888812398767,-0.8524619752564764,4.416236612830826,-4.322933991572288,-1.345833319677192
10.0,14.0,1038.3995361328125,-0.9548629435001512,-2.6588701919726896,1.3059924889684975,4.987822903920355,-0.5192053220110582,1.12141883502475,1.2667216932773782,2.600703341848217,2.213981259532253,-2.552748030428189
10.0,14.0,1036.1591796875,-2.8503967829059054,-3.077315238555136,1.6818808309257136,3.0007219116039447,-0.9137128499274896,2.6769796641812977,-0.9452248179495024,0.3145955465682304,2.398146093200171,0.5336434226325846
10.0,14.0,1031.8115234375,-4.998500748216946,-3.0052896980198733,-2.287150675507144,4.067158716078286,1.770032682706562,3.6245311143386094,0.700843235302095,2.270224124133028,-3.8489401187109777,1.3393188047907485
10.0,14.0,1020.83984375,-4.559585527651802,-3.757098833851083,1.2911198284415413,4.431290543422616,3.3487629637371548,3.923571788627804,-0.2041201540425934,4.981619239327863,-1.656357542684595,1.3161655604417106
10.0,14.0,1039.469482421875,-4.921503097333832,-2.386571841329632,-0.7585644504385272,4.599193064536612,-2.24023371856856,4.695113773582882,-1.430139787630292,-0.826597548234755,-4.087193032366768,1.0537153658956724
10.0,14.0,1031.39599609375,-2.72148953431648,-2.6001272800811166,-0.472958744598924,4.999461736304564,-2.11384891289455,1.7512836570356622,-3.662320815807591,4.032402481399247,-3.619861295966342,0.1563963396887153
10.0,14.0,1016.9928588867188,-3.1864420750123434,-3.094425666542155,-0.5780368350894509,1.966060480030725,1.3018901683380202,3.7464564416446784,-2.191482268675168,3.5936376573394018,-2.099002599830696,0.9311091504617224
10.0,14.0,1052.7066650390625,-1.7139694815063775,-3.037950180923084,1.3522660025428488,3.810219748415076,-0.9043852659144944,4.548650711009659,2.6306152508447065,2.004874477926741,-1.1639084114980087,2.7931679123104525
10.0,14.0,1016.71337890625,-1.7975241000042317,-3.726296844886706,-0.2297938955618885,3.8566632292829297,3.8000359173205,4.252138047980566,-2.167103393474706,0.9097634230416451,-2.1675293706123444,-0.5795908267212893
10.0,14.0,1026.8924560546875,-4.211049354450775,-4.999877868072142,0.227918652214778,2.3421902448998377,-0.1281775885488363,4.676596962479504,-0.824120284469763,1.968318017357456,-3.041777004893804,1.7802643152967672
10.0,14.0,1038.5179443359375,-2.9309424891743694,-4.294776544832094,0.0431089906052353,2.7711359951419343,4.218939125078938,4.889689084060631,-1.765137812141334,4.257917859349099,-4.992661829538579,-1.3668832198870846
10.0,14.0,1039.154541015625,-4.001755095810814,-2.529020468509975,2.119962744222633,3.154573312364377,0.379244918708741,4.87090441919627,-0.321823875638187,-0.2676348609764041,-3.446091815121439,-0.7994826001853159
10.0,14.0,1021.6954345703124,-4.436721203385367,-2.145632135403413,0.1754016428877705,1.3046988880352846,1.150422670119692,3.043649156587165,0.9561954877353998,2.5077074815177527,-2.815753739825369,0.3232267148531704
10.0,14.0,1021.451171875,-3.970636140390455,-3.274925398018643,-1.532181736731908,2.653673244060305,-1.536183102472659,2.748285001025663,-1.1150881835525015,0.9656082490700868,-4.90481111227991,-0.9849971676618264
10.0,14.0,1033.9735107421875,-4.705124443370308,-3.50360773352326,1.988642811923688,4.842427426275648,-0.9955438010822332,2.336233881117653,-0.0098320520726282,0.4065615492053132,-3.720089311321356,0.1454929474283472
10.0,14.0,1035.299560546875,-4.083338296056841,-3.9488501340361672,-0.7429827749888576,4.344709687896074,0.2117278591560145,4.969994863637012,-0.315507696256617,0.470616660823854,-4.98522179276345,-0.3498559153436806
10.0,14.0,1039.1727294921875,-4.99203808429248,-4.669223985274984,-2.7575724151708814,3.955780131000866,1.494991400595202,4.791791887876949,1.3548531210317458,4.18294921629737,-3.550329340750213,-0.4448160828151604
10.0,14.0,1020.2843017578124,-4.135482196720886,-4.997796412521542,0.9499832830807522,4.382656955673349,-2.261761489874736,2.894595665267348,-0.6886034633435356,3.522476467586703,-3.800163395601308,-2.300696747114112
10.0,14.0,1100.0086669921875,-4.577234952582378,-1.5877753495809972,-1.2732691129803897,0.6371097390266156,2.598643898995194,4.885853279182902,0.9009715280357716,-0.7012390281751122,-4.436398100579178,0.1523649358005929
10.0,14.0,1036.420654296875,-3.4353189078904305,-4.990252116047111,-0.806077623995404,3.2168235550823123,-0.2591310064875367,3.3872303233099146,-0.3261917089459532,3.4965401055784806,-4.3888875916852825,4.681055310914264
10.0,14.0,1112.416748046875,-0.3054798123177749,-0.3302583479880621,-1.9019778999753136,-1.5755381257916468,-0.9440694102053646,4.76729788121194,2.2808103106711366,0.8584499139802411,-4.754480700968508,1.874193248715552
10.0,14.0,1034.201904296875,-4.1541599829337645,-1.9977586772340448,0.1560516861333152,4.383503822238373,0.5762302299734676,4.94692885245836,0.3138485362216094,2.5512394542269776,-1.7329635567219237,1.2041915953641125
10.0,14.0,1021.595458984375,-4.435563484227383,-4.110780013980381,-0.5653414433540416,3.056636314273037,1.3014596004128904,3.626720217778237,0.4991323936848291,2.806371804344701,-4.066929596215465,0.7948453155388835
10.0,14.0,1022.2938842773438,-4.619708227207839,-1.739973186090567,-0.3958101198521726,1.323184505384603,2.2486612710828275,4.331277067160604,-3.0971248012897905,2.9388000156092726,-2.3482214478653445,-0.2954441647642536
10.0,14.0,1050.65625,-4.728765895627407,-2.282015062775504,2.5627023515063367,3.015623384541936,3.880945677286732,3.3234739462784866,1.2160535315321894,4.861455157680748,-4.987829399946743,-0.9247767669164988
10.0,14.0,1031.5550537109375,-1.6954731348724996,-4.390229155902034,1.1732991845902907,1.6596232910334274,1.4144764632149889,3.5818437003837875,-2.3513481532024127,-0.0455778636428982,-4.96044565271918,-2.92654012208542
10.0,14.0,1033.0335693359375,-4.18766995981794,-4.39243213453199,-1.1987566304576958,4.958662413887836,-2.067063236180644,3.743626026152159,-1.4890699202344797,2.7786524345418826,-3.771071968904266,0.8470519183992717
10.0,14.0,1048.8824462890625,-3.0989565391358336,-2.878939401628961,0.4591354445441276,0.3832658699293549,1.8485857786387336,1.4792663700765,2.0526600178587806,0.5136577194208405,-3.149998373699105,-1.660951380302191
10.0,14.0,1061.23828125,-3.11584358074036,-1.022840068445256,2.8425721262793164,3.5579955552017566,4.255245734513515,2.3097003078717666,1.5649310208792508,-0.97709344306403,-4.445947592407152,1.7754225982555203
10.0,14.0,1025.7630615234375,-4.2132238580518,-3.200424640442435,-1.3626211406076365,2.89192577768592,-0.0836503293735138,4.093211326056794,0.4703116050530154,3.575156362178184,-4.612678411558443,-2.080320928542961
10.0,14.0,1024.0487060546875,-4.310401142071427,-3.410872209929213,-2.195291700387227,2.754565258778232,-0.3422240167526258,4.6811895189983375,-1.8063261845007803,1.3944239629486308,-4.218455464566191,-2.114404498597815
10.0,14.0,1024.0980224609375,-3.867078815362484,-3.215836330958805,2.011636020072025,4.547888886528519,0.7749282179487951,4.307208292908243,-1.413731824298771,3.8296895962606783,-1.956084451675805,1.9601822492147123
10.0,14.0,1035.45068359375,-2.92437984733162,-3.7419363198400895,-1.1593313590666487,4.285555994134175,-0.0863705589728667,4.954265287910422,-2.158352090057434,3.865414438793959,-4.04690592171055,-1.7989031320419824
10.0,14.0,1028.22509765625,-4.409407304928527,-3.5081899895601985,0.0850648849262931,2.972296800254158,1.281704976587747,4.235270785319441,-2.0432903947296186,4.196729427838363,-2.9701447862793007,-2.992593541627169
10.0,14.0,1020.1663208007812,-3.978319683184366,-3.3773134063130765,-0.8715034374613682,4.630707632793211,1.37470130276225,4.3626975102581245,-1.767368991813778,4.851787671337236,-2.3369895864709163,-0.3823937683308296
10.0,14.0,1037.030029296875,-4.98256643217871,-1.642919606328352,-2.8190653235258267,4.995487735087608,1.064911285019237,4.950320917176107,-0.2698789522226921,-0.1248872393931606,-3.328418559939582,-2.053867262211768
10.0,14.0,1035.1798095703125,-1.059593332933833,-1.4082677980407174,-0.9079639751821738,4.769839979222999,1.3842209829310796,2.4295838478805987,3.182049707985845,4.485491548728534,-2.7945318648864195,-0.359413650661514
10.0,14.0,1080.3143310546875,-4.994789906902127,-2.147516492278335,-2.7451794231580235,4.7554052022840185,0.2017893838382543,4.924268604212719,-4.507853436459035,4.1897262324352536,-4.92927129098685,-1.1807203029826443
10.0,14.0,1037.8111572265625,-4.594022175987194,-4.046505887619678,-0.3251506209112884,4.64437758164577,-1.292202212745046,1.999870274985096,0.0850406116773241,2.8652431397133595,-1.562525476708068,0.4492206865868482
10.0,14.0,1045.3062744140625,-4.064993054230548,-3.458730657555136,-2.6650626400931734,4.869009468491484,-2.9227426318582044,3.6715503421501,-0.0541814178806729,3.802396344143945,-4.064937960485729,-0.3113396427803732
10.0,14.0,1024.2294921875,-1.981849072730422,-4.875041303764412,-0.1942565975329087,3.538564602628858,-1.0279176032686408,4.916294476270743,-1.0938575568474571,2.70582619019958,-3.9967224533025183,-2.7610367436348566
10.0,14.0,1030.1956787109375,-3.636142941376705,-3.821662617784655,1.2867268077504646,4.079788670273725,2.285811927137048,3.05959595115472,0.9584866233550297,0.5480433645416838,-4.273546095278754,1.0238380437434644
10.0,14.0,1082.2947998046875,-4.7469400817692975,-0.8533147936373098,2.7032990001179407,4.997829398826038,1.1261463056089225,-1.4421174856387289,-2.241549584220744,2.545692183697861,-4.943081509881048,1.1576456941248416
10.0,14.0,1047.5484619140625,-2.902040450424051,-3.520244251878589,-3.1535405924848074,4.860096514985875,-1.109167046677617,3.695898747080879,-0.6405130504768355,2.70990887219822,-4.999547779852134,-3.008428454827356
10.0,14.0,1031.5308837890625,-4.960482778572311,-3.483815679346792,0.8322198433359018,2.0420465875215035,-0.3580576192333407,3.328782696336664,2.47867869635585,4.2061711361142375,-4.440424114609676,1.7919475413164516
10.0,14.0,1057.377197265625,-4.981213998014971,-4.146526418615809,-4.95325303953379,4.68090770590096,0.9780198111385924,4.991181092791818,1.39659793088156,0.9547230785638484,-3.646155660847568,-0.2680419533976161
10.0,14.0,1073.22412109375,0.5260867106374363,-1.5959612315859566,-3.3467713843175884,3.825805034408877,0.5974339448152755,4.499674955392228,-2.20276868365527,4.505165696688287,-4.655873507818342,0.0160922173629076
10.0,14.0,1068.8056640625,-3.382777254179732,0.2867760327272677,-1.977840548685488,0.9766562474358365,0.4344844639910628,-2.3372095555343275,0.059780154291146,1.127233856895577,-2.86465952807307,-2.247666960475004
10.0,14.0,1030.5277099609375,-3.0731822085637,-2.478760598086481,-1.4425388735388505,2.1741422703542312,3.008071971647857,4.941223314844921,0.5530628691980883,1.8244486999223124,-1.2242889236174292,0.927186807339961
10.0,15.0,1030.3272705078125,-4.531124971392773,-0.9374446284842096,-1.2581512651094102,4.98066261939581,-0.2034677162467932,3.5295206814935263,-0.1213461490656193,3.9252123947226334,-1.4106865048309376,1.293340979827602
10.0,15.0,1033.92138671875,-4.489757400909008,-4.922157832267712,0.1728699253888157,2.769850383182013,-0.2850135310347754,2.543818809896605,1.873475235245992,1.9474616055477505,-4.983447215079061,-1.852778244784816
10.0,15.0,1033.7030029296875,-4.451137216103716,1.269694181519874,-2.131962732153446,4.78809290472371,-3.3499806993532832,4.372767478304253,-0.4498262427459147,2.4020464382991715,-4.617316800967705,1.3356224875854057
10.0,15.0,1046.042236328125,-4.262955855796559,-3.929237869623452,-3.203607147008159,4.384642938393684,-3.286345480502363,4.784592557551125,-0.4342646564782937,2.830799177785214,-3.653057448128045,-0.6323693308716933
10.0,15.0,1050.2706298828125,-3.0806973208450645,0.0751674444773851,-1.7985548409643703,3.761156732738417,-3.889613728158543,4.9999004059661125,1.3705150020576795,2.9220265142217343,-3.41429947504295,-0.6096914973316316
10.0,15.0,1031.458740234375,-2.9773440134543003,-3.8946717589318647,-0.2429263005218791,2.851375582807268,0.7277753406916778,4.973667906884678,-1.2219304687157702,3.555307016047476,-4.389263307889145,0.5603345764056762
10.0,15.0,1030.5592041015625,-1.2944707742325443,-4.95064172850566,-1.2035793232890275,4.539564174110351,2.742653504715795,2.118536384823664,-0.7899759155537325,4.480870746453281,-3.846221345915013,1.9578963737307875
10.0,15.0,1041.8238525390625,-3.3472061939043645,-2.0763721733812046,-2.998052571329641,1.2149983888879747,1.9526040049921125,1.865271339103538,0.0731416744411017,0.7192838986798522,-4.344165926974004,0.7834874565531766
10.0,15.0,1052.07275390625,-4.853058410407467,-4.829802674127135,0.4287428836406848,1.0307292905833094,2.216288799898905,0.241405235720129,-4.359337331756452,0.0180605976715444,-3.7455530488300006,-0.5943456347082066
10.0,15.0,1055.82763671875,-4.603702395469346,-4.785654763762843,-2.193663745703019,4.293581473723364,-2.827556717417981,4.835747322014193,-2.604616539015765,4.706783416029332,-4.409119142504091,-2.159593452740962
10.0,15.0,1030.864501953125,-3.0024464163018867,-3.040698503311848,1.060979015981518,2.974071509863167,0.3464314293737258,4.907628368886254,0.3170564245762186,1.6952409925664815,-0.6406176990159187,0.0324007365150924
10.0,15.0,1028.9912109375,-4.502055759795606,-2.952442503490952,-1.529965584959606,4.775282928122554,0.3427325535025538,4.249596831122497,0.4601524745613652,3.185298944089123,-2.598047822461485,-2.465813057088008
10.0,15.0,1028.442626953125,-4.863540163442577,-4.995285382486185,2.006083603459709,3.634909471722613,0.8088774605407689,4.993927145080491,0.7410445163947834,2.033424277323812,-4.918675141120023,0.1973582141621932
10.0,15.0,1029.8829345703125,-4.964636144063395,-1.1023924896938633,-0.39483600674063,0.9820276157994714,-2.5959798829582588,2.859792337955596,0.7394704554096574,1.881884148617388,-4.076414189650423,0.0124266390765299
10.0,15.0,1035.7796630859375,-2.602410881989638,-3.535153284205953,-0.1083764117486172,3.219211853424272,0.1508190912871629,4.980964716067275,-1.6478428631552573,0.5225550777889465,-0.9546957171717524,0.3981235172389379
10.0,15.0,1042.1605224609375,-3.7138914278699016,-4.574338800082325,1.505167159778498,4.306840966587547,3.818889176099351,4.0302250820949865,-1.072153163924841,0.0149795093684526,-4.414733863737016,1.6050494614060875
10.0,15.0,1038.4742431640625,-0.968276957536408,-2.2635220865622454,-1.2646164342492314,0.6044133703834582,3.5886932085882712,3.786061214302024,-0.5678437391206392,3.850170638276184,-2.970643790797319,-4.58824843215837
10.0,15.0,1046.430908203125,-4.997632518148045,-4.614581163084365,2.789621987971598,4.2786206168877925,3.1143608329348176,4.72926897725654,-4.626887585664671,3.3126536562922606,-1.9217195980698,0.9460188398126964
10.0,15.0,1023.03076171875,-4.177773087363691,-3.0898959275993167,0.8548173751045347,4.6578788601463526,1.433053154048796,4.860899462701038,-1.9965651753350704,3.673202739512472,-3.752103049180583,1.6241546482950353
10.0,15.0,1021.6744995117188,-4.577016213884029,-4.859691943604823,0.3551045125789445,3.947705609373665,-0.2969982319227142,2.6576260437336003,-0.7609624495577076,4.00278030493809,-4.3807882743793485,-0.2045546788817409
10.0,15.0,1045.993408203125,-4.99301639793416,-4.487091297971436,-2.240905022187547,4.094320599359159,3.1190309710422834,4.737792328247769,-1.1350565716274854,4.4330001869155,-4.966888115817391,-0.5262487073957498
10.0,15.0,1036.011962890625,-2.888436749554596,-4.928047393550701,-0.669309409342068,4.885243033200394,1.3976967977895782,4.889240413310812,-0.5832375057199988,3.7016988762536815,-4.846398467404792,-0.4772676399068123
10.0,15.0,1043.4063720703125,-4.492666312852411,-3.598560412598859,-2.0413169503312,3.51218174554727,3.0413600906993103,4.907886346047265,-0.9771530052295504,4.4519845679781564,-4.7167628797169066,-1.365939363523776
10.0,15.0,1042.0189208984375,-3.351214417393935,-4.657724904794825,-2.0521519426514176,4.937059931786344,2.697994928018204,4.799736799869692,1.76555594209227,2.4586001449802275,-4.646956925685696,-0.1984655793177783
10.0,15.0,1035.057861328125,-4.473850717594752,-4.627844405369383,2.964553632205532,4.942460644553711,2.577202562502128,4.293674641236869,0.2386241365132733,2.9064310750874576,-4.14212986907247,1.920978916698635
10.0,15.0,1027.3565673828125,-4.120792547695515,-4.18374865682692,-2.296188262649248,1.7947386615144616,4.312284158020956,2.435346745952764,0.0472656564880065,1.6891281548735575,-4.5715774262546125,-0.4276202420900965
10.0,15.0,1049.8492431640625,-3.763342686230143,-4.705097518398233,-1.2488020658230274,4.711319894381372,0.0314135654468241,4.564825003635596,-2.8947700999891244,2.1950778923490226,-3.9255557388858753,-0.0097283440009467
10.0,15.0,1038.7513427734375,-3.719664536530844,-4.588309901959774,0.0359465600230386,2.8730798967469795,1.7038556027808216,4.188256746244782,-2.771029816057816,2.001657689693735,-4.771179884120568,-2.8141494178361595
10.0,15.0,1047.5927734375,-4.316054653730713,-4.870827739210661,0.5252036594434113,4.976304823687666,1.848227889647065,4.999906383076873,3.78171297188082,2.0492149384229776,-4.80914497406152,-4.330559496516379
10.0,15.0,1049.3189697265625,-3.83351144653845,-4.255957097546546,-1.477627028365652,3.96936042288759,3.613759462388069,3.819409167178369,-0.1577717869788122,1.3614781862343452,-4.866255235573273,-3.463829050081574
10.0,15.0,1063.0377197265625,-3.719637008284529,-4.999968212511605,0.0793332226449194,3.3210804212462044,1.7218335245654002,4.88371424332904,-4.085472550489764,4.242719130034983,-4.995223056926575,1.7942218291820318
10.0,15.0,1021.9739379882812,-2.475671985498713,-3.0554675225621555,-1.09981873924401,3.731503965528336,2.410592490759967,2.284314764972633,-0.7861317669813372,1.5655888290052893,-4.298495206924002,1.9832153967120831
10.0,15.0,1022.9038696289062,-3.0095607782928857,-1.1153199064546282,-2.591371561921442,2.850559841575389,1.6753997047625866,3.720401958029571,-0.8926623163683152,3.9031327149035295,-1.809713610064736,0.5333290748205401
10.0,15.0,1028.842529296875,-3.120141066053498,-2.854334468738664,-1.938594149844796,1.378368281484768,2.010443148699917,4.781336054307689,0.772529418393086,4.881594149916822,-2.086387202925041,-1.4158874974374325
10.0,15.0,1030.4991455078125,-3.52074189406021,-4.810343927403582,-1.0417867195258146,4.659053280832335,-2.309932541430098,4.295255588967887,-3.817861806492669,0.4655527856323438,-2.7048553887699582,-0.3595294565965892
10.0,15.0,1022.776611328125,-4.94370675303041,-3.196910464542449,0.3094998150355526,4.880455031274039,-2.289191615215451,2.42062415621546,0.4225317901661807,1.7591081548218028,-4.986043600280834,-1.5604459280209886
10.0,15.0,1019.0396728515624,-3.486623243048666,-4.722454810320721,-1.1626490207155804,2.023649115645636,-0.4502771368903113,3.773422422820546,-1.2313155473515351,2.6569926983788665,-3.8883834904962833,-0.9707705840431782
10.0,15.0,1030.6875,-3.024844047857973,-2.10020994934059,-1.4912693045899394,0.5885734145913935,1.4306492876681496,3.4699269770945165,0.356388010864979,3.1763243051830266,-3.522124178881719,1.5905921021387837
10.0,15.0,1027.1868896484375,-4.93881442175061,-3.533970237391517,-0.5042428314860317,2.8584285425163785,3.145832721317486,4.715010586735769,0.2819915340447432,-0.091405715990529,-2.738947286203557,-1.459199545001347
10.0,15.0,1037.625,-4.2653576521949805,-3.2052638088019414,-2.0291162559778497,3.832058089344733,1.91242370074944,3.586577094719672,1.4002436416645985,3.161601192657381,-4.99806341661826,-2.388496739767411
10.0,15.0,1029.1502685546875,-1.280651570233026,-4.596854358147287,0.6187403167231036,2.67872656020983,2.401603760146889,4.993174516113765,-1.0439818864253354,4.468010608113017,0.6749234358506504,-0.0165572709723811
10.0,15.0,1040.3018798828125,-2.34342175354385,-2.8975441453528235,0.4214414521918819,3.4455331552023605,-1.0236850369045127,1.918334998545644,-3.331690642055205,1.1339625686544563,-2.8230038567401428,-1.2767954079431272
10.0,15.0,1028.089599609375,-4.321086366335958,-2.8312504319867275,2.110152106558685,3.382234381857113,3.573312321083641,4.809940260825872,-1.899519862510302,3.344132729853809,-4.452727946566791,-0.1227438954295569
10.0,15.0,1040.7645263671875,-3.312851874065128,-2.230229360359865,-1.1264657181679945,4.979478548602167,-0.9634532361601752,2.1057331956858816,3.901150922926684,1.849447908773925,-0.6992423914592782,-1.8594305985767736
10.0,15.0,1035.743408203125,-4.7686931552252,-4.106847827886865,-3.74959119968139,3.7090867366666895,0.0737814288915235,4.752157791311324,-1.0013759871611794,-1.52525558087354,-3.1815834011120856,0.475050181176023
10.0,15.0,1016.6135864257812,-4.954200510609728,-2.899511915961248,-0.4708189404469527,3.290871560287906,3.109694215840703,4.987629356662529,-3.036279435426425,3.82020892986152,-4.714823043292556,0.8274417670275369
10.0,15.0,1042.8350830078125,-2.8147632602708965,-2.569624956874229,-2.2522475040240506,2.192630339915147,0.8085498990495354,1.097249078103939,-0.6629187109760561,3.321514494609101,-1.98976954511862,0.9128854426594248
10.0,15.0,1036.377685546875,-4.9978424470675895,-4.262153536559249,-0.6713876984028619,4.762778103111451,-0.0733342466570956,4.996218915625107,-0.8718193943010846,4.52039408489706,-4.302834136277257,-2.1907122951210303
10.0,15.0,1024.21044921875,-4.948518647124987,-2.1804054658576435,1.0861518991813115,-1.3000166153949038,-1.6737205889840627,4.958923500182417,-2.454064592299827,2.572376326696384,-4.231590694576488,-0.0329747420656119
10.0,15.0,1023.3818969726562,-4.376085388127119,-3.620971300653717,1.7497466270667852,0.7212492584754226,-1.0667828781985191,2.679809492700908,-2.613919773136089,4.168366087305589,-4.745989972886602,-0.3840719788383238
10.0,16.0,1020.3372192382812,-2.474325934914413,-4.920687385564249,-1.7532875079376815,3.0090951650787225,-1.3294889528125475,4.408534608728797,-0.3735840870897498,1.9407726491374309,-3.016540951131645,-0.6399069090638481
10.0,16.0,1037.267333984375,-1.7064267222156504,-2.9354338594189326,0.0099134499495248,2.0726558008231786,-1.3580233164213815,1.2934886779423085,-1.4236171056435445,4.999760021816057,-4.920888628166824,-0.6825135151812498
10.0,16.0,1031.3184814453125,-4.757991609108959,-4.769720158146753,0.3301928393138329,3.835361424718253,-1.0418347374624926,3.300692200117277,0.7692866490163226,1.299845439264585,-3.7144217513959688,1.5868303759937057
10.0,16.0,1039.4698486328125,-4.137425890437331,1.3459473103843225,0.8077312876201663,1.2425931990829948,-0.8786609059026143,1.5650107116347858,-0.0391510282900888,3.8578737988461658,-2.736799748806771,1.5651471783693989
10.0,16.0,1036.161865234375,-4.817212335234121,-0.4029122817686712,0.2130836029294966,3.9991448163584966,4.986722568945382,4.252847495248759,0.5866902014068529,2.248770628620493,-2.3199042066644355,-0.5928443106593031
10.0,16.0,1022.0894775390624,-4.9994699012131125,-1.9485749227622915,0.4781884639327778,3.392035224935679,-0.5304992728957858,3.629731837864668,-0.5363853348924073,1.676065305857641,-1.966643873502388,-0.5016032769083782
10.0,16.0,1010.59228515625,-4.96701335453401,-3.748871889966762,-0.0829291141888557,1.7808886529211048,-0.3949733735320127,3.18938685727273,-1.7297313074329757,2.748880062240609,-3.497147666787353,-0.3974120104318972
10.0,16.0,1017.2125244140624,-3.5214439017813293,-2.0075868856142605,0.107787997601231,1.2426571485120084,2.8595049610199474,2.9107621190425883,-1.2056631871659738,2.105490362183879,-3.714907017365841,0.5353736067248942
10.0,16.0,1024.3992919921875,-4.774567213818558,-1.768701914716929,0.401943355022297,4.921758046492808,-1.2287121940415515,4.521781445530799,0.4797911870550635,1.33193861124796,-3.875816666397447,-0.2187339692841998
10.0,16.0,1034.53515625,-4.97538765269436,-4.092804320157411,0.4176760790427476,4.888454081482456,4.580233402628306,1.2709019078344426,0.1908849252096409,2.5731130240072098,-3.757262895335858,-1.9143787494815243
10.0,16.0,1028.7994384765625,-3.973251464671231,-4.433950452696871,2.700729110851129,4.227039116220162,1.212904981411972,3.4099100687601585,-0.3361374133051349,4.715410130469701,-4.9103553262291975,0.4269119236332805
10.0,16.0,1021.7027587890624,-2.0606239392489982,-3.137485403250471,0.5500630839383644,1.1269180219154853,0.3353616655247879,3.960351267783937,-2.6871033754759623,0.926701404837818,-3.986883508307754,-0.6258895114812599
10.0,16.0,1045.47265625,-2.46037271217995,-2.926275758172775,-4.142417247709141,-0.0399126192782004,0.6918038150973658,2.2878274385666533,-0.1147593562424624,-0.273045408014454,-4.600580680242044,-0.6954409499313492
10.0,16.0,1039.2777099609375,-3.9157604441992735,-3.9171578236210833,-0.4121029571549588,1.7178972023550134,0.2026440283357615,4.986828290612449,0.2575256239873837,3.192761002456111,-4.869257857033081,1.000424477850932
10.0,16.0,1026.1177978515625,-4.9882771307038265,-4.879611707955595,-0.2111604955213932,3.136154765459775,-0.1027116081134735,3.057614054307775,2.247144643823136,1.8416761227203509,-3.2782076870885546,0.3133612729744373
10.0,16.0,1024.8192138671875,-4.84585891821387,-4.158696648478036,-0.3390166221912079,1.5334166485752991,0.5912939118514142,4.236023096965782,0.3481753160600132,0.9408602084680052,-4.948206572825821,-0.3372533401110082
10.0,16.0,1023.7489624023438,-4.124765126986751,-4.383141503646342,-0.4997101667974268,2.7339916328196248,0.4280530582211126,4.981944676812786,-1.658466145875208,3.7082164616701534,-4.919909579359484,0.2852835282711119
10.0,16.0,1027.1082763671875,-0.7760974572277677,-4.840782553492364,1.2089536315223706,4.9917882266239655,1.315279155328164,4.781675296328512,-1.1145371537196365,4.28540492059679,-4.517439766051367,0.5886813473589116
10.0,16.0,1039.76123046875,-4.654440601677591,-4.75349692876505,-0.9856981859788618,-0.0042245021478954,-1.6333102793902143,1.468230252681277,1.7024660444416302,0.5992417214347165,-4.404454374031294,-1.4832409741746255
10.0,16.0,1022.4462280273438,-4.79137234637464,-3.146771351134712,2.312588677490284,3.9272277407506575,4.175461659925327,3.4629167252544217,-1.5095752643202816,4.86574811427724,-3.680564727450517,1.0537576347436364
10.0,16.0,1032.150634765625,-2.34866776472213,-4.867981450357909,-2.149148126815956,2.8031457803938,1.8043811091166004,4.989916422693515,-0.6703060689137583,2.64776579499994,-3.7683156720159054,1.4072935069022936
10.0,16.0,1021.7949829101562,-4.141520479332551,-1.02134317567649,-1.41166242961406,-0.1898153902835915,-1.4066680720144524,4.712907224980199,-1.048097500659777,2.4137724144579824,-1.558595882035147,1.6416608716278045
10.0,16.0,1015.2916870117188,-4.964783490246241,-4.981197351695543,-1.472246709734998,3.1255752159249344,0.5093038737885456,3.8568722123023065,-0.5983784178689051,2.080880709452124,-0.4358323509151969,-1.5086599232680795
10.0,16.0,1031.8538818359375,-4.215117256631995,-4.763056864341107,2.421431205082742,4.762464894836697,2.229396876916976,4.835389104485335,-1.1761641869964028,1.921485074725739,-3.5020182428725715,-0.3734863194980011
10.0,16.0,1029.4891357421875,-4.043938930269831,0.0580610798976053,-0.5222821910067292,2.477339239931712,1.461961313483231,4.5622839555152765,-1.5678396294077506,3.236182917088282,-3.06042508051692,1.1050837688813706
10.0,16.0,1027.085205078125,-2.8443144821041115,-2.1936937492002286,-1.874230386590181,4.019081935759424,-0.1000921852687186,3.039471087239212,-2.727794090756793,2.8549060385765888,-2.7659675545338973,-0.5103625624283739
10.0,16.0,1013.0924682617188,-4.723083266647226,-0.4789811923007843,-2.547209122301643,0.7684571568163001,0.0804024749077569,4.543950824661593,-2.081184887327426,2.383757413801608,-0.2890488900518662,0.4389752711052015
10.0,16.0,1040.9185791015625,-3.4959236289645643,-4.888096300480354,-1.0831156387259808,4.999211063899013,1.4427031977472362,4.999999242205396,0.77686292425647,4.9857928948451065,-4.950482652515246,2.069702901324635
10.0,16.0,1030.8349609375,-4.685080508388678,-2.6609971513944704,0.1429288801515138,2.6950706723635065,-1.888314591059474,3.262023116873463,-2.597537049872717,4.242291355953984,-4.9988753974814415,-0.3878830080736675
10.0,16.0,1034.492431640625,-3.330884116619038,-4.903434890111583,1.3884426521065762,3.331244186461907,0.1363907488693705,3.7164365239664505,-1.0698862908207998,3.955329769564413,-3.5954317561549063,0.8781193253745423
10.0,16.0,1033.2115478515625,-4.991153175727032,-3.602684562606791,2.551339243265902,4.999946288385527,4.653362458191406,4.545913193264061,-2.2176879550353523,4.242380967581772,-2.7264786226636195,0.0103615385766131
10.0,16.0,1035.875244140625,-3.3186549184289067,-1.2094670070966007,0.6734455077146517,-0.6943411773939232,1.0794490088146782,4.8706455808542,-2.050623780785536,4.865575544805386,-0.7023535261637353,-1.3233946380184936
10.0,16.0,1054.7735595703125,-2.9089239126497635,-4.609411436637712,-1.736435668933086,4.913091752178397,-3.386068336630305,4.321545426809044,-0.4359768741275625,1.5292722406426718,-4.844865185466884,0.1061150399264896
10.0,16.0,1058.72607421875,-4.849591602821344,-4.125283993240653,-1.9378745422825323,4.410199934848036,0.2446735727331308,4.577572599024899,-4.26890579240644,4.401151698435555,-3.1559473011639936,2.0754360575811344
10.0,16.0,1037.914794921875,-4.989585295469361,-4.997697798209601,1.08646523370796,1.808680384246558,-2.5077745295197102,4.850450670632535,-1.3699992123231115,2.0507548111844534,-3.8890029258179823,-0.9756910656333436
10.0,16.0,1039.126953125,-4.502114525159161,-3.33439668603754,-0.5564187547593882,2.128001919058028,3.701348394679624,4.937775608331844,0.2702442529574842,1.8645391142037244,-2.400627198692177,0.7586349994753538
10.0,16.0,1029.5079345703125,-3.698018182710059,-4.2215854828449135,-1.4500908993423534,3.6882466441425614,1.8993048013429608,4.850686991032726,-2.876109368752463,3.1819280874805926,-3.95514206450684,-1.869620831763665
10.0,16.0,1023.5797119140624,-3.056827225716493,-3.787135526995829,0.4963752035635878,4.779128814101089,0.7024681185766255,4.222079635555158,0.4214405682484168,2.156846180029933,-3.7053832032969054,-0.8653481756686601
10.0,16.0,1029.8138427734375,-4.859918504148705,-4.181204061484779,-1.3888414752505285,4.816869505508057,2.49430694745309,4.55816376217134,-0.759200658718675,2.824700031860228,-3.6178602901523456,-0.7214045340614934
10.0,16.0,1030.2279052734375,-4.202033385337055,-1.6025594216426864,-1.587624718671723,3.840909028117764,-1.1944083976352895,4.84972495264233,-1.584626361341423,2.079172143185524,-2.969500470588456,-0.3094900685147781
10.0,16.0,1020.6471557617188,-3.872966940449509,-1.6126636679201258,0.095930167948528,0.135742036943272,-1.467203582121824,4.978810854254698,0.0599663162930124,1.752563485710759,-0.94984969973052,-1.0524582104615918
10.0,16.0,1029.9796142578125,-4.723865398599811,-4.38755350301715,-1.0912920225899043,4.209294905635332,-2.201360550651695,4.509150952371229,1.942427822812995,0.4212796365940754,-4.688597175703936,-0.8489551383293783
10.0,16.0,1038.114501953125,-2.0886670598374346,-3.722273086392722,1.9291714602649053,3.340228157649406,0.1320264674267059,4.998116468943097,1.994589450438835,1.4292479551476456,-3.8919482856779326,1.6783527043786206
10.0,16.0,1023.8131713867188,-4.828769591519138,-2.692346893926816,-0.2103351861610169,3.035757249067851,-0.8062469140522524,4.827121882071587,-3.202537490729656,4.990292859714232,-3.657575548089283,-0.6229222789661595
10.0,16.0,1049.65380859375,-2.501926850823041,-2.103640588578519,0.3883332934085501,2.773761346519496,-0.9582947201798842,4.537493511295951,1.3449265937784671,4.514243566615512,-4.569774700380554,-3.7618454653064815
10.0,16.0,1020.0457153320312,-2.673135479422957,-4.221160903745126,-4.143719432660731,2.5161204089825926,-0.5731604236053842,1.244640001596954,-0.2341114923416327,0.9204685227400482,-2.859677024734796,-0.440008985039988
10.0,16.0,1021.5366821289062,-4.480364307089952,-0.8885253888199234,0.0232817888069476,3.847766465089492,2.500921662919053,4.588421943968386,-1.994545104237904,4.194736238381848,-3.52966880319466,1.5809247094983672
10.0,16.0,1018.3181762695312,-4.601820650962274,-4.975718570059909,-0.2186791085479802,4.981750260349717,0.5136334884139515,4.410030118729932,-0.3599711214060894,1.3241497922584582,-4.39226090545533,-1.4608066786578229
10.0,16.0,1021.3209228515624,-4.9989640199196375,-3.9941337060547992,-1.3217876344933153,2.9969400649826383,1.701100347732439,4.476030087000053,-0.8899662358804115,2.569559182064632,-3.717404327180804,-2.733665337549782
10.0,16.0,1017.9462280273438,-3.865227222353924,-2.667882461366578,0.2138794626060214,1.4180020619223397,-1.987959462465428,2.8471400620946543,1.2329142418579302,1.2234699046429052,-2.8920620758757334,-0.3604162617397666
10.0,17.0,1039.1741943359375,-3.4949805494252817,0.3893717418384952,-1.4731232473137852,-0.5616355258254409,-0.668877113286344,4.656503154108796,1.1973535739892132,2.387714665133167,2.5377233309845053,-0.2722834008754429
10.0,17.0,1048.9935302734375,-4.719266196088329,-2.948908486609258,-1.803784443966092,-1.4940167531954778,0.0452009051459976,1.0025731378478229,-1.7179083958563544,3.9164776904032017,1.220788087273692,-1.273232652198986
10.0,17.0,1069.003173828125,-4.8239133359106585,-1.7849901682136249,-1.446443997709471,1.106412284611609,0.4988046905383978,-0.9453714126547546,0.8318090877127293,3.299579196636357,-2.437378981385585,-3.217415733729042
10.0,17.0,1016.78173828125,-3.615523391691277,-4.061523897047439,0.250981989020687,3.641087175305591,0.1951781836381885,1.5386756244187776,-0.651035559116421,3.07641879362116,-4.655286888322873,0.0474614388438876
10.0,17.0,1020.6146850585938,-4.999555633274593,-2.0025928012878733,-0.4350947895272909,3.37496230648442,0.5479772430481065,4.967751423941772,-1.7613161015148195,1.165110148553886,-0.7944419292382427,-0.1521458388675514
10.0,17.0,1035.1058349609375,-1.9339019365759,-2.853743257838011,-2.8251764858242727,2.444896591108784,2.124017978389653,4.988156716916251,-1.5849021125931753,1.7110127189830333,-2.5803166682430105,0.5261790804001754
10.0,17.0,1029.2972412109375,-4.291443942714391,-4.098988410655684,-0.9900100165364388,2.169613857934019,-3.5929783575307024,3.610317386510985,-0.2527813480814824,2.782815147530325,-2.8581701812391334,0.5371189747671776
10.0,17.0,1017.3656616210938,-4.159951401537965,-2.629681164567914,-2.332375239658714,2.4196294920669565,1.5471109751227186,4.807401329870764,-1.945308138667869,2.4840648490090667,-2.4794351331149533,-0.2814311710873332
10.0,17.0,1027.037109375,-1.7351486643579852,-3.737459207231196,-0.0009016739738596,2.7722933516687576,1.8139267433634565,1.9198413365596616,-0.5849638871596721,3.270783162578949,-0.6315118943771356,0.0684747831213092
10.0,17.0,1034.00341796875,-1.6010191810581371,-4.754767109971111,-2.4932991941606844,4.165456519488656,-0.9372105196445784,4.569794452873605,-0.761864128582693,2.37250555773282,-2.1137794655417586,-0.227137068987135
10.0,17.0,1045.8148193359375,-2.7550820277784287,-3.182779528522183,-2.467446468502516,2.83656396230486,-1.6551609396940954,3.27783635331728,-4.274070356198719,3.356047155327687,-4.15092528856602,0.2897609017063152
10.0,17.0,1038.7176513671875,-2.91430148551617,0.2163826645730946,-1.7825659799448168,0.0219959709795851,2.5198915435225206,4.666678046583231,-1.7683643756582068,2.0947293928830426,-0.9675723901195354,1.9249150073627384
10.0,17.0,1070.462158203125,-4.999989460158407,0.3921380004466792,-1.6724794015251545,1.036296097957775,1.5299923076245348,4.887164457931934,1.60385601747336,1.4698265636443706,-0.8802609116290414,1.5479754837566624
10.0,17.0,1029.5111083984375,-4.580796477523888,-0.8571143005992248,-0.6670333501252426,1.3561198872032731,1.4991217436694324,2.7851925683683465,-1.55803223558702,2.099039292404723,-3.25286893011374,-0.9216383850837532
10.0,17.0,1014.5623168945312,-2.9048884012117955,-1.896155003487726,-0.8021141225735784,4.406498883939804,-1.1379060499479148,2.780252047229016,0.0815250877664475,3.315606535503374,-2.898533756900693,-0.2447016277352691
10.0,17.0,1054.8458251953125,-3.474976101733235,-4.828995955864443,-1.2094817503419488,4.976845769284168,0.9967133615815094,4.800930046540108,0.8805804965622999,4.796748050841931,-4.891640850679464,-1.1792623807633211
10.0,17.0,1041.7047119140625,-4.822174469429135,-4.215537866175399,-3.643498850453116,3.2166435534032285,-1.8710664585296743,4.878207610134597,-1.3927110303760308,0.8639382688651995,-4.709335161590389,-2.910800014528741
10.0,17.0,1027.521240234375,-2.8770532297795497,-3.116486976501791,1.0206871026835405,4.744197577863625,1.7166525514663498,2.9068282118552657,-2.5899654975427704,0.7049592145378583,-4.8535881987446885,-0.9364303010440782
10.0,17.0,1035.1177978515625,-4.458989038824104,-2.7941353303184053,-1.6652926116077786,-2.0819811881698653,-1.0568947652595069,3.692207769517657,-2.7892690727607032,1.3154706101369218,-0.4664827420848736,-0.6681298261940105
10.0,17.0,1022.879150390625,-4.1900812672635785,-4.046272992501151,0.5680499624554605,2.2166049051450862,-3.6725313301238174,3.905838657477122,-1.9815764614210112,2.965197488776729,-3.898902257538276,-0.2808245139463672
10.0,17.0,1028.12451171875,-2.209374143213857,-2.5892654091797747,-2.177893783908691,3.038967588588136,-1.009270862004812,1.549610534819088,-1.180477659947195,1.418984239655929,-4.573906579298566,0.2167655798187864
10.0,17.0,1044.8861083984375,-0.5575859690968521,-2.9814986118877016,0.6177917539483584,3.613162568425638,0.3835917248485714,4.40165945244139,-4.261441424908162,0.7486182096154952,-4.999904967849439,0.1536940512501283
10.0,17.0,1018.4913940429688,-4.072551138950356,-1.9679620236895747,-1.631870929497481,0.9467006227371844,2.861260263754594,3.82564509193122,-1.212951039399485,0.8890824282855014,-0.6256238278028432,-0.9115023738345878
10.0,17.0,1035.8377685546875,-4.814337934832457,-4.658728211231964,0.0927684315542283,3.310098444284664,0.8556164144627036,4.632009111566209,1.4280320646944489,1.9936247882000115,-0.4953748581815036,0.8821989478535368
10.0,17.0,1035.117919921875,-4.8384195449821705,-4.878065411850746,-0.992115608740808,4.054363556609808,1.4585591878833837,4.9911156759065385,-1.937617751181716,3.751449283677342,-2.358162884823872,-2.13851013091746
10.0,17.0,1038.917724609375,-1.8557620495753424,-2.6396707041725684,0.9769042557913484,3.955395709152602,-0.3298390943188884,4.056262028567023,-1.3771241390699664,1.587124873263872,-4.059988994226355,1.448496641950234
10.0,17.0,1017.7263793945312,-4.309038803507194,-3.059430142398952,-0.4128395312990189,1.8327469485401864,-0.45217416306894,4.620013351679422,-2.314235370429208,2.367144776253543,-3.378587858033334,-0.462820694956517
10.0,17.0,1028.5423583984375,-4.999514105210225,-4.095761888243325,1.2312096534118917,1.4240107841871952,0.5046978588136355,4.869624989759135,-1.2329423926229612,3.3961564431255944,-4.996535372135321,-0.9376581625741762
10.0,17.0,1029.117431640625,-3.8763517726743593,-3.2600922359846685,-1.515019961653861,1.7409489981045994,0.3814047185073024,4.849862624798764,1.067049228869216,-0.0214186327111134,-3.8733218308177375,1.2768578209118644
10.0,17.0,1036.3118896484375,-4.561759275286476,-2.242817728417339,-0.6509603550991994,3.527572813062948,0.6211300035366554,2.0216618851438035,-2.6865968875888973,2.310246214792014,-4.908709959349636,-1.221672220174912
10.0,17.0,1048.115966796875,-3.117935670141556,-4.934981040876445,-1.423354192405442,4.619444500484509,-1.846504531063322,4.737160913101997,-1.1457690697148109,4.750485066986309,-4.971245729904984,-1.096214910395981
10.0,17.0,1044.944580078125,-3.801502339197118,-3.869380407461793,-3.637137675884994,0.6797575582398121,1.6610526285053613,4.999763595598028,-2.6434198031261555,2.9170782192434945,-4.937263738956289,-0.9030185721880412
10.0,17.0,1024.6888427734375,-4.285273987204267,-0.5885824648174758,-0.4235039312235962,1.7160699580157406,0.0527438178452897,3.3151321967274665,0.5839095111598329,1.7537717233023598,-3.0762102476141973,0.6763629220512826
10.0,17.0,1025.765380859375,-1.964412701833158,-4.552846717320977,-0.7823456429062317,3.231514099582416,1.6247853711762588,0.3736070689207533,0.807739203306105,2.821810073884259,-2.873491993312873,-2.3853957281625213
10.0,17.0,1028.5721435546875,-3.951725173063676,-4.958233616487598,-3.248107910321096,-0.5253019730458348,0.3767707324923153,4.129714730046137,-0.5152630008151888,2.051447201972656,-3.973730113313863,-2.655799905943657
10.0,17.0,1026.207763671875,-4.264245482639348,-2.9993823190244315,-4.303938861760865,1.3364471020503892,-2.2976227275716177,4.122041292966038,-0.0854170871797173,0.1843805992625116,-2.5293571865259734,-0.3253979133694482
10.0,17.0,1028.115478515625,-4.989003716058079,-2.566217990901981,-1.4901841476166495,4.271282302661845,3.6639365686721534,4.766389212512141,-0.9996016252725806,3.9495465885734617,-2.639070568444174,0.7121515925938873
10.0,17.0,1018.8240356445312,-4.78362815927574,-0.69512979861703,-0.5268718738679805,0.72241069382798,0.1295375627012305,4.453162643415816,0.3582352637929755,0.9513574071816252,-0.2712496216569722,-1.4061009237423543
10.0,17.0,1038.763671875,-2.535733778295058,-2.978124206545552,-1.4545818576038574,2.093158482173658,1.8752969699248887,2.5607719187516835,-1.3248925066187112,2.0561837780492205,-4.978579291117098,2.982443339288343
10.0,17.0,1036.2479248046875,-4.530386943404821,-3.802535690129521,-0.5581354645753764,2.6333048652307163,-0.7775038321441325,4.884150864422828,0.5241537547558703,2.3180404753708386,-4.8288221247418965,0.4184944595572117
10.0,17.0,1028.674560546875,-4.111933989823731,-4.4334087695468485,0.514652622124288,4.285604732215143,-0.5089893236056264,3.694225287248692,-0.9764681186457516,3.98554234133432,-4.020934264376638,-1.326414893627372
10.0,17.0,1025.8587646484375,-4.9043640682655045,-3.130948437988884,-0.6153023295396629,0.752397852699751,-0.4948428585023343,1.82008088033447,-0.3397986097589385,-0.1457292136559518,-2.509738255433784,1.92641954426634
10.0,17.0,1029.0621337890625,-4.682367652054966,-1.2119572658677846,-1.5539775842981325,2.277352048105908,-1.0067156855108124,2.7496129412441883,-1.3229467655852778,2.730650070657945,-4.375116168919131,1.4090157546545117
10.0,17.0,1029.5025634765625,-4.590194505281279,-2.223417468016196,1.108498682100408,1.2570029421630835,4.763047050902269,3.079443033699121,-1.8483363696083448,1.829181680565811,-2.619491794599656,0.4885916137593522
10.0,17.0,1054.765380859375,-0.5944725769835921,-4.873831995025306,-0.2896082286751094,0.9846249412737428,0.1242459051592916,3.981060823163906,1.799740994011252,1.3059770413640646,-4.9866596299965,0.5052268267643365
10.0,17.0,1030.251953125,-4.7183904190124855,-4.921391301389098,-0.4055807393271715,3.237656325180083,3.435201892128326,4.948862245600708,-1.4006708476634029,4.249950765495203,-1.7407477599565913,-0.5810503593151326
10.0,17.0,1029.0526123046875,-2.0804493148791083,-3.430068037154569,1.325346317164846,4.958561024334472,1.5079179563806804,2.9544407037238525,-0.092518109639121,1.7229897729166836,-2.4752823146635707,-0.2322227762180819
10.0,17.0,1042.8209228515625,-4.369893596424336,-3.634324581743927,-2.942467419896857,4.055033271631363,1.7343878503657957,3.3965881451567093,-3.78306630418376,2.2892212776320147,-2.398762132912297,0.4479834052557727
10.0,17.0,1038.8446044921875,-4.650045136703537,-0.9665608117176152,-1.93719155869234,4.135057549584658,0.3651644973403654,3.356853071808729,-0.8340075694794304,0.0631905045878049,-1.626988766085658,0.1416043654459642
10.0,17.0,1047.880126953125,-3.21187628816347,0.0660208002800288,0.4094026760583302,1.891354357758156,-2.512315023450491,4.175634217556887,-0.7150930881011996,2.0576156550691804,-1.1202614816762555,2.331283411774323
10.0,18.0,1040.1170654296875,-4.250659833049513,-3.959009195964576,-1.944945424221887,3.8480114431921706,2.120262575289459,4.9998590698124445,0.208335144786723,4.302970408636989,-2.5993636728325296,-1.8635189229478544
10.0,18.0,1029.0150146484375,-4.358255067250035,-3.250296371277505,-0.8709726372601958,4.811669439799482,-1.0211038349886712,2.1203652553117056,-0.0776202500855323,1.3652789091767223,-4.980518257287101,-1.841713816151771
10.0,18.0,1011.598388671875,-3.4262634801177945,-4.215236561044721,-0.4147471719753186,2.660862072923921,1.2702285262218007,3.69967655353018,-0.8882557075329931,1.7667688862918514,-2.967450996047288,-0.1826135638400705
10.0,18.0,1059.3438720703125,-4.805175356986805,-3.5571140299335173,-2.692003135596327,2.4100334077343843,3.184904393596323,4.638901686476062,-2.6943568999972363,4.615806549022116,-4.944037271259004,0.1170656798972551
10.0,18.0,1035.3912353515625,-4.344372092286908,-3.935881402803623,-1.0077675431018165,3.0228601214342223,1.7608343082448172,4.978423582351393,-2.7930988569770623,4.025539622295216,-4.97996972483699,-1.178503363894979
10.0,18.0,1039.4449462890625,-4.406367566815,-4.999726299368947,-0.3261126548259767,3.150372513942667,-1.8271206076511315,4.497360226071249,-0.0562797310566764,-0.0083046806011246,-4.991303651374349,-0.0499980404599291
10.0,18.0,1022.7951049804688,-4.846754951918266,-1.94036259378432,-1.0338810107873906,4.291793309019592,-1.1986342152534313,4.910778213577601,0.244003562186851,0.8946156681019124,-3.805020573451408,2.340924217819904
10.0,18.0,1044.3885498046875,-4.317056393993983,-3.90423877909026,-1.965792437026956,3.561091509561532,-0.1671933154620246,4.887330352937482,0.767451433388084,3.506429412685222,-4.998803036579641,-1.3454130317720594
10.0,18.0,1029.308837890625,-3.612298075707181,-1.9310405490287463,-2.2759091438746424,2.331291613269679,4.797352505046712,4.695432636166848,-3.20414008360996,4.903488570846823,-1.0339380818143074,1.4126458123336878
10.0,18.0,1035.9681396484375,-4.345714553852504,-3.371161348740759,-2.809314944352112,-0.2564192109231058,-0.8504598551350178,2.664395429376971,-1.7293105289432251,1.7130793406239313,-4.359756763488731,-1.5893497827797831
10.0,18.0,1028.099853515625,-4.9634912909326525,-4.971696857071725,-1.5798238481760682,4.849108606182341,-0.3919591765519694,4.968477717084605,-2.714547570754331,0.885566347154235,-4.181309892342426,0.2408286995227815
10.0,18.0,1023.5191650390624,-4.143732479115141,-3.2361655934646443,0.3215928975800892,0.2523982915689515,1.42909874492495,4.994059947275103,-3.919830986720259,4.32432151345054,-4.992320441668591,0.9210699356197036
10.0,18.0,1041.161376953125,-4.10421376105704,-3.514708115161316,-1.3344152336712023,1.8487207846277256,-3.0422823352506265,4.427309111171073,-1.1191023089734855,3.395795452318298,-4.971052351093121,-0.3759934204784319
10.0,18.0,1030.2823486328125,-4.865714982300775,-2.3208385320665554,1.217848348518232,1.0499602446159688,0.2862510895910706,4.303138701822988,-2.5912786137402577,2.149273196433276,-4.045282779695046,1.0014859858678715
10.0,18.0,1027.0633544921875,-4.968071390628333,-2.7207573357083663,0.1670918352560191,3.683181332634664,-2.7871010178706275,4.163163744323253,-0.7708222609224933,1.3498754119902845,-3.837718056987928,-2.0448615265542665
10.0,18.0,1024.1817626953125,-4.357042880908525,-1.7465978729182536,-1.5287666704717164,2.2629034038294176,-1.4932263785697062,3.269246389905364,-0.6982409970045991,1.6860934307701658,-3.909593157039112,0.2333497412868546
10.0,18.0,1039.1199951171875,-4.979240653401501,-2.574634912041358,-0.4777315909359449,4.3398736176180215,-1.0276025134841604,4.987880279643447,0.4750974484716916,-0.3728366976322137,-3.0219754627169806,-3.008843070369706
10.0,18.0,1018.261474609375,-4.815104238670948,-2.1854400943773964,-1.8792981387773928,1.919075184133073,-0.0343243629878973,3.802658495808309,1.75198601626077,2.648873942652302,-2.454505851652977,0.0339180190436554
10.0,18.0,1039.853271484375,-4.457995139862135,-4.53648748275553,-1.7874695997311103,2.0731477539480903,-4.968366126008406,4.045598144458566,-0.2366797034807763,2.951819556408383,-3.486069088102981,-0.9604599012378632
10.0,18.0,1042.2724609375,-4.189619864672443,-4.151186135470453,-1.9689364054634817,1.48437563988362,-0.1368204243404625,4.587107809667035,-3.916035522542888,4.670319191741681,-4.448050965993195,-0.1454110191272439
10.0,18.0,1046.8870849609375,-2.312482458767291,-4.587128272806889,1.3348477535824357,2.893450487698052,-0.2728859164690274,4.9908363827121445,-2.1061874096798654,4.671516646488286,-4.970233933812642,1.2811195198012983
10.0,18.0,1046.522705078125,-3.347123947002485,-3.21319906497581,1.77211896931448,1.938516207319312,0.0382747338039193,4.995649003276872,-2.40971971828786,3.357450113877535,-4.541025268814126,-2.9227186824013
10.0,18.0,1024.799560546875,-2.9658635088720056,-2.639196496586304,0.0032215881746058,2.9849736551310366,1.565495703835346,4.618354387341135,-2.0598224935923226,1.6850726991391118,-3.998002926164959,-0.0893583215513587
10.0,18.0,1035.7305908203125,-3.72361661256552,-3.665712044700477,1.3413007593366189,4.327732933728001,4.2402957789582345,4.958453909946085,-0.8607972713555423,2.3695980686427216,-4.665741328753672,-0.5005076672925162
10.0,18.0,1028.6378173828125,-4.675013154705295,-4.966516979893405,1.3483852758476385,4.789715775636555,2.870349042064766,4.425348125494553,-0.924471809774488,4.890783171676352,-4.406708116526087,1.0288335688973245
10.0,18.0,1019.161865234375,-4.95512598910315,-4.380240490021959,-0.0159547849448991,2.1998622077931724,0.7689595017917554,4.990537804203726,-1.6887384885220778,1.5958114985250873,-2.033303346268323,1.2891540663796484
10.0,18.0,1020.5152587890624,-1.9643163724458383,-4.667466686516134,0.9604186820439412,4.251404099247946,2.984707954267412,2.0062945114253283,0.4966107368721575,2.6520996796591776,-4.928733809960341,-2.099122780489302
10.0,18.0,1023.5968627929688,-2.6851948270536767,-2.9371594335657223,-0.4363892695893936,1.6080544765838596,-0.8349144105990183,4.988635462423314,0.955653429003438,1.700350052131867,-0.7331129465056954,-1.3875591854409426
10.0,18.0,1025.8377685546875,-3.001921353982881,-4.977738591491597,-0.550418465786688,2.666844154226164,1.3368339677570118,4.480200512318017,-2.927217765508666,1.1579759865623984,-4.050755868747799,-0.2655108111664477
10.0,18.0,1022.7848510742188,-3.651841832533657,-4.373464098944953,1.2048194758430777,4.986248487555065,2.2585404014643906,3.830618696601341,-1.194250957863423,4.7128890389391405,-4.165632954920851,1.352421797284114
10.0,18.0,1020.8153686523438,-4.409660441438295,-3.1015692664166665,-0.0546150581528701,2.136111594115904,-0.3379917076141758,3.72039701240433,-1.432028534780522,3.096910867284264,-4.99991122219195,-0.2013796212153797
10.0,18.0,1024.3753662109375,-3.155887017139447,-2.968850638409171,0.4140473309246602,2.865257420096005,2.8865243464489705,3.1706160753319512,1.2821742076047276,4.2980093568028686,-3.501766549832896,-1.2080168734981518
10.0,18.0,1030.9927978515625,-3.988927285039962,0.0044884910291962,-2.12561157166208,2.257243576302292,-0.5607075400602852,3.74203216212376,-1.8327448123449803,3.916879148429283,-2.5602152845085864,-1.133651665455167
10.0,18.0,1023.8505859375,-3.887769883933201,-3.226987214050406,-1.3785869356354503,2.636071891115935,-1.035065186032841,3.732226935409997,2.5544186080508524,1.012433063524531,-1.9580939434923776,-1.3275659204896328
10.0,18.0,1033.624755859375,-4.688517202407269,-2.503352534864695,-2.5953858501384945,1.3731353674120372,0.8785991527016899,2.0315241545800955,-2.2346772102258985,2.6977348226424933,-4.991037224194624,-0.9275634488858387
10.0,18.0,1032.8248291015625,-3.197844666239374,-3.070206176789157,-1.3143702299947218,1.050064005451253,0.0603254231569589,4.563581621322799,0.1073392865947386,1.896160625768026,-4.266775828737745,0.634680014298759
10.0,18.0,1036.8525390625,-4.7297582278897625,-4.439973470806388,0.0556700366616826,4.794794862200376,1.1087562958039712,4.588704150955978,-2.080827004256629,3.1716616295153024,-2.9951272059711185,-2.114787299204191
10.0,18.0,1016.4767456054688,-4.461556153884682,-2.424385573322496,-1.071435069546705,2.9597653517861904,-1.793753687700188,4.7327251013612575,-0.5716412539183731,1.8136317314797097,-3.2507110621211144,-0.6478640409923155
10.0,18.0,1020.66796875,-3.606322317662027,-2.176277749685634,-1.2190706861755602,3.6082766228493774,0.2269305835065242,4.956572574153743,-0.0018715850252855,3.949176571098606,-0.7210586829370351,0.853388542125149
10.0,18.0,1035.65625,-4.999986999394028,-4.951377384230305,0.0973303675222903,4.09738597272322,-0.8343333379172302,4.734957727402295,-3.3460709619012463,4.368421832575372,-4.54484978404205,-1.3512366971539036
10.0,18.0,1026.2342529296875,-4.175041172623595,-3.23525748872986,0.3204411044723665,4.1663286217915925,1.130089656855178,4.788700564412077,-1.2162193703409805,3.325607269593469,-4.79703230683839,-1.3556475757150357
10.0,18.0,1024.58642578125,-3.932086803402733,-3.444525253449488,1.6919626003409407,4.209097563504148,0.0820348336748288,4.888942725446929,-1.308472881485451,2.9296165157872123,-1.365787899269097,1.5349034998158286
10.0,18.0,1026.09228515625,-3.5697215740071284,-4.969218084937089,0.6246838215478849,4.751408100152252,2.7877357999017303,4.677427540319506,-0.0182389714994588,4.680465646313003,-1.774866480340452,-1.328261136057154
10.0,18.0,1034.9373779296875,-4.862449685615922,-1.0021445948314254,-2.304098193661024,2.138637666852329,-0.0623408671352576,3.2593852382303794,0.3161650793433104,1.0740973385045898,-1.3049637474623337,0.0116579828232943
10.0,18.0,1039.343017578125,-4.179679796417017,-4.107052220486439,0.0158889305923546,2.1002589153094986,0.1628328802980529,4.4473272825089545,-1.1240648625038865,4.699732289654904,-4.449831197772215,-0.960343150284542
10.0,18.0,1034.0435791015625,-0.9002789016855948,-3.2601519139204527,-0.7484306408142158,1.6084429208124371,0.8287933618645713,1.0228879984805257,0.8487869015672347,0.1942686114295639,-3.8154941008988312,0.4763947437815137
10.0,18.0,1019.3763427734376,-3.7123572274481775,-3.332049556330582,-0.0503722922948188,1.6984446604834416,-1.6366000293071856,4.955180467251443,-2.0411526747535502,2.1270754970037764,-2.501515189587153,0.3841181629555779
10.0,18.0,1022.8701171875,-3.417708875026881,-3.293512352745964,0.5487596729527127,3.001067316604326,-0.9157247879119392,4.527711916124728,-1.0967953366014591,2.763214211927954,-4.909149534295262,-0.1330474925332474
10.0,18.0,1033.2869873046875,-4.813134158922619,-2.2810775801441863,-1.591424017805715,4.751553009807028,-4.966330893168992,3.775540343084032,0.0899323919896613,-0.4719326545830817,-3.2372263830088337,-0.3300787079101352
10.0,18.0,1026.5523681640625,-4.963694000592654,-3.032404537006478,-0.4875814038429995,4.763703134366676,0.5239181046552304,4.6127688562235285,0.3292314082820962,1.9593399092794588,-3.926460194797002,-0.182345978741834
10.0,19.0,1022.11474609375,-4.961685542606673,-4.594103289045616,0.0119142266639418,2.0545581095083723,-2.4387958786785924,4.44510682303031,-1.3124938484202122,2.807739393664206,-4.098473288932083,-1.2707639399150297
10.0,19.0,1015.55908203125,-4.998431934959898,-3.8839391546744566,-0.2115150374207246,1.8655538896664088,-0.0304222591676781,3.746637978962898,-1.1383585246732348,0.9129864101214142,-3.764113368028196,0.6096337311172473
10.0,19.0,1016.370849609375,-4.999988209271807,-4.392846446975077,-1.4555459647662985,3.0253668488947767,0.1291936741462427,4.345416652667726,-0.6369513456613687,1.9642611179504152,-2.164831345273548,-1.7980960204467369
10.0,19.0,1036.109619140625,-3.4287488543671896,-2.541619412105029,1.8031278619094813,2.209800562142182,2.9228282269228023,3.120052408072736,-1.8593427423465985,4.381259959205751,-1.4337500096292812,1.9867649553376143
10.0,19.0,1025.37060546875,-3.472486179275129,-2.760220774964041,-2.5428192617497896,2.958666618713175,1.2207811461488571,4.890735557068208,-1.6036772742996956,2.540579384259255,-0.8883829631952604,-1.4799407560572302
10.0,19.0,1029.652587890625,-2.908620182049539,-1.508544556032505,-0.3097438888522319,2.139432151971315,-1.1159516771153806,3.4550057576384248,0.5121901461419345,1.079782141863889,-0.6120477373330155,-0.104972563545008
10.0,19.0,1034.4168701171875,-4.699181633048656,-2.090191927117129,-1.2905769093352006,1.6199540986836682,1.9443706386072657,3.5618638262704003,-2.376002883265902,0.6716432609090939,-3.857516879097704,-1.2359446546299186
10.0,19.0,1039.6153564453125,-2.567643687964736,-4.507651744804215,-2.012693358546457,3.5876296466313544,1.0412456910681067,3.177295741964852,-0.7926021749600674,4.074878390530669,-4.999940405532557,0.6982388875158723
10.0,19.0,1035.0447998046875,-2.341093852149214,-3.225920089641696,-1.0221707922052663,2.44748360244703,-0.1610911994970614,-0.0746124362598106,-1.0589102360865734,3.896287554359029,-3.674792366250716,-0.1307014768102252
10.0,19.0,1025.4266357421875,-4.710039061426371,-2.3644274995669443,-0.1983575735612808,1.601420151449659,1.671630589865898,2.889309262877074,-2.2751586868972486,3.8369526915353767,-3.822294460103052,-1.2570925157902169
10.0,19.0,1028.9407958984375,-3.9083404955269296,-4.034872407330816,-0.6582455006121126,2.610911095955702,1.809784956242352,4.918795686718649,-0.022636169197062,4.057220948698038,-4.639400911365974,0.060489256649431
10.0,19.0,1027.2852783203125,-4.342278135131576,-4.274948533899744,0.7413013003352109,2.7607585295245727,-1.896442657027198,4.28525753180017,-1.3644081911267634,2.3829801848690533,-3.792967187191513,-1.6949070684162426
10.0,19.0,1025.145263671875,-4.900303645486282,-3.6179513824122975,0.6314449739668406,0.7686036069847546,-0.7633948689999315,4.7880169908447066,-2.264587799723716,0.8646021289826074,-4.814928166581197,0.4350839662393326
10.0,19.0,1033.5784912109375,-4.929349581550309,-1.0843775299027247,-0.4943867190583608,3.747686369537425,-0.8573932070292916,4.374862801028941,-1.2049101165116731,2.251736128639025,-4.978815449628127,0.0980635921622941
10.0,19.0,1026.1900634765625,-4.990817554916411,-2.5565087290159614,0.1725683718127779,-0.469488827358588,0.0783626312600365,3.471984689089247,0.1105566836079052,2.6605541330104945,-2.9356279112401684,-0.5639490929234743
10.0,19.0,1025.9044189453125,-4.482924463816456,-3.024301153596147,0.8009244199413921,1.4090945371734298,-0.5022799350164355,4.160935130382994,-1.8102192124077816,3.4308894942531847,-4.979891862403764,-0.9900361002081376
10.0,19.0,1047.7110595703125,-3.9557326953670513,-4.430109679023801,-0.401256103196089,2.954456123566497,-3.2941116289172365,4.411581761913412,-2.517148260154941,2.8164532343995274,-4.999653886750649,0.747063217993241
10.0,19.0,1027.787109375,-4.685403105483042,-3.308352771836012,-1.1506960588143489,2.295037227092724,0.329440698223916,4.589552539290585,-0.5070589659951814,1.948526242246944,-4.95635129061202,-1.0262941921112043
10.0,19.0,1023.6661376953124,-4.413251080545401,-2.5731059264759004,0.3701817190791701,3.0454484016162944,-0.4940842938773757,4.860186563477136,0.0269431894198959,3.566646154012803,-4.094464255865956,-0.1482244656983047
10.0,19.0,1024.9962158203125,-3.3969984728945817,-2.463980220809625,-1.0028747091171333,0.403503722738888,1.5116426665195597,2.1100733006636734,1.6894209431164349,1.320507123501164,-0.6760818949790979,-0.4872779128122158
10.0,19.0,1037.6827392578125,-4.720322642228751,-1.7740644342816814,-1.68863249380781,1.4802223428076005,0.082856956190418,3.715526738827993,-1.9965486863443889,2.97677748243205,-4.999872234481557,-0.4894469719910415
10.0,19.0,1028.1639404296875,-4.90842289801811,-4.7345203666088045,0.7338196717526833,4.015579293907322,1.690179101840524,4.957383337079337,-1.25687339973695,3.725237312140152,-4.36623418307636,0.6469802517503389
10.0,19.0,1041.1688232421875,-4.978173505605561,-1.1878459663338274,-0.1603140079711531,0.8368267575388781,1.752671530380261,2.940230922128687,0.827485647443452,3.2156604765190977,-2.987382925101288,-0.3719129581542493
10.0,19.0,1024.3232421875,-4.966125024380271,-4.388351344166044,-0.2573974090475532,4.550664409116262,3.3227879185263216,4.813265579401774,-2.841885759112552,3.734501514934186,-4.271552871817415,-0.7759816846218435
10.0,19.0,1019.305419921875,-3.66402647238788,-3.0795709832772373,-0.4669238207714379,2.3268026574011618,0.0789657515916069,4.354403668587741,-0.8032613399125097,1.5879357159103114,-4.340270636502909,0.1177496801440733
10.0,19.0,1021.1473388671876,-4.77052376062713,-3.4493848686643425,0.692880579476082,3.310738819561923,0.0221860414521843,4.592359836227693,-1.5414839773551634,4.921231197552672,-3.926880008619099,0.9429735401589392
10.0,19.0,1017.97314453125,-2.1488305552039986,-3.997661200485149,-0.2128165013890779,3.989357594779543,0.5726420110926567,2.433633219604566,-0.281109379463162,2.3398921365042256,-4.946502180273504,-0.4411715628483037
10.0,19.0,1022.8019409179688,-4.886150570837219,-0.998653317984206,-1.1125790268879143,0.4538104855030589,-1.2710860511973316,2.802289413762044,-0.5673121690998357,1.048221612208252,-1.0385909242232685,-2.485769073961755
10.0,19.0,1032.2677001953125,-4.590654574893124,-4.562974603601387,0.8508501998555165,2.4041476402187527,-0.8321395951923405,4.946809401359554,-1.1880049964595851,2.3433571006067897,-4.416694046745323,0.5454042462052753
10.0,19.0,1017.1133422851562,-4.128133169054435,-3.0022378275729427,-0.2880193316632082,2.470053306757748,0.5202685667734741,3.1317646753026054,0.1534067449334974,3.410814112042175,-2.7396605506176,0.8429741546085321
10.0,19.0,1017.0772094726562,-3.4160374100350426,-2.888843952380517,-0.1456522834255613,3.845916083457455,0.8408013468638824,4.171374428266944,-1.1252056680778209,4.0811180390950685,-4.293544447438504,-0.3935732894566417
10.0,19.0,1021.7382202148438,-4.681873835250376,-3.411962580774469,-1.132107732449504,4.40736873414874,2.610915748295982,4.99821680304583,-1.318865928231736,3.787789116846128,-3.5555106613174603,0.0569482967742507
10.0,19.0,1014.4315185546876,-4.9766988694352845,-4.841691637753017,-0.4527519929949859,3.4805850434307466,1.5975483794523893,4.106276978474774,-1.2784615882410355,2.821254338474404,-2.626621719876727,-0.2908631166210611
10.0,19.0,1027.6373291015625,-4.886467168518482,-1.441309745374742,0.4115318340412699,3.734399521793149,0.6286740013035228,4.41743803119051,0.957954596330728,2.953056916707192,-2.2429550639234748,-1.8396587807514493
10.0,19.0,1021.5245971679688,-4.405655647212885,-3.934657788071174,0.3314264374842235,1.267192343678997,0.0521852537625591,4.499334737272264,0.0845055625639243,0.1144209148616255,-2.9325837683045,-0.26039675733651
10.0,19.0,1016.8585205078124,-4.349953919015743,-2.9725366328873264,-0.0411537303347975,1.8563717902535075,1.1180664267194895,4.655018107223473,-1.3410012894689909,2.1949889546689603,-2.7475550274559364,1.8294142906376256
10.0,19.0,1028.2940673828125,-3.343065875920936,-1.37504539720255,0.5833024341819897,1.8162419814858584,0.5490813106413119,4.871098446264009,-2.571141825585977,3.881335879740435,-4.883696492334352,2.1590679251944938
10.0,19.0,1036.3648681640625,-2.5565878351179085,-3.109264405091173,0.8791268877407576,4.729562848440196,2.447055329726787,4.997330755332364,-2.435280746548348,3.689974544313497,-4.972679037163114,1.4890651640337875
10.0,19.0,1024.2677001953125,-4.1374948834816925,-2.8118290610201853,-0.7284834252285597,2.5861701678958857,0.3241236277255277,4.979592790138742,0.5532327873917353,-0.2479632174107102,-1.1259823913286953,0.2165952420836419
10.0,19.0,1028.3985595703125,-4.373797248108295,-2.761744751591581,0.5013768886709844,2.332611259391569,2.6487390003471765,4.822557093591765,-1.7415396587155674,2.387923232468708,-3.2521523672867723,-0.4699102525195551
10.0,19.0,1029.54833984375,-1.8641372838073893,0.5122356355038953,-0.7965021423699525,1.6604678815365128,0.7826475238064781,4.942468574133228,-0.9377400240074668,1.444653080164823,-2.7771641027888814,2.141707816606893
10.0,19.0,1026.3572998046875,-4.988081492381132,-4.251687080809971,0.5957168817025646,1.681246188331059,0.2978428190891389,3.75475991795415,-0.8764130679964808,3.1333358941190568,-4.60714625580278,-0.9920417702016584
10.0,19.0,1024.74755859375,-3.880792456361807,-4.558408548558695,-0.2847615068551459,2.307003144861137,-1.4382536042258365,4.803285782571162,-1.0290775214033565,3.000153422283061,-3.613536839929776,-0.5251878410446222
10.0,19.0,1029.03515625,-3.8402902084134993,-3.377033305228389,-1.5476306152185382,0.7449456625178117,1.2372084301182422,4.990767293599941,-3.121939844468589,3.214544434134554,-4.120051944492113,-0.9107238212196354
10.0,19.0,1027.010009765625,-4.980831374372859,-2.2054872841087905,0.9739930913140123,-0.1142129944021315,0.8184524915111782,4.046934090507012,-0.7545630738623057,1.4539058625205268,-3.908607703187247,0.4410387732888576
10.0,19.0,1035.315673828125,-4.991590649051815,-2.879366539384022,1.1555345549655005,2.3154895588416213,-1.046265470636516,4.04996748234076,1.1173199737727255,3.542878223370053,-2.896857235548409,-0.5194475134626337
10.0,19.0,1026.1124267578125,-4.104125631091654,-4.082667661016872,-0.656623866514491,4.325301202582562,-0.5662680839588283,4.99207832407251,-0.0866155857184445,1.7189811055311477,-2.75168364169763,0.0988805053238532
10.0,19.0,1026.0655517578125,-2.465354021879853,-4.642886701190143,0.3669792680831563,3.217037816891544,2.7230491504115983,4.747767412297248,-1.730959005311302,3.990855061759735,-4.723647182162329,-0.7291509837931107
10.0,19.0,1036.96142578125,-3.451346221700766,-1.439970021822829,-0.9720339922481748,2.2051384804161858,1.8327524568842744,1.0827433727057674,-0.8394271640305373,1.346644035707893,-1.697004287391061,-0.3608075759584634
10.0,19.0,1027.635986328125,-2.9038954220554,-4.947450233904734,-0.5156908266572708,2.9228602882250465,-1.8258632250525544,4.851755866689103,-3.0696292734916595,2.6303692171661748,-4.054736743125407,0.2465944146304757
10.0,20.0,1041.5284423828125,-4.463940182004558,-4.989166654662562,0.7330221556807182,3.0138391056137355,0.2240161334867521,4.872233885304221,-1.056674635788133,3.010746362201606,-3.2633018026493463,-2.2161498277188296
10.0,20.0,1028.773681640625,-3.5856954650980866,-3.9416964311418186,0.6318229155620392,3.559556933899625,1.899009052150856,4.815000722282981,-1.52715951762926,2.675322483516714,-4.812590971041722,-0.5882196019726811
10.0,20.0,1031.179931640625,-4.824326137448126,-2.945123545783214,-0.3691344712873103,3.124043635996932,-0.5146798802871206,4.7202234196032204,-0.9020910416244928,2.878746529601993,-4.933015918819843,-0.2898287856818218
10.0,20.0,1022.2139892578124,-2.370377455320603,-3.895604576598276,-1.0212494956671887,2.5849233387838897,2.092571700238592,3.441163726346552,-1.7507257895031718,0.990127587398697,-4.164839757387294,-1.1881985585676933
10.0,20.0,1022.787109375,-4.388960310578463,-3.416570053493792,-0.3620629602557113,3.3054806013090428,-0.8364401597181557,4.977088569509986,-0.1703009973527116,1.6201216456582117,-2.0089320950869145,0.373071167480524
10.0,20.0,1019.0745849609376,-4.976536652482912,-3.442609787286605,-0.1386659140789969,3.2639243465290555,0.6638896124246525,4.999831788590633,-1.4618029324730522,3.5334699748667138,-4.2902054226932345,0.6570730172716726
10.0,20.0,1031.763427734375,-3.842693108322057,-4.106347705205843,-0.3681427773398615,4.078718747597863,2.941440601828045,4.958056257847627,-1.233924504815465,4.086869648960235,-4.989563653479011,-0.4279518067853933
10.0,20.0,1029.6287841796875,-4.90469853422814,-4.118512594604425,-0.7341355095911632,3.734411645022641,2.3078568880192742,4.861393569827735,-1.327568411138869,4.703311595702317,-4.1046685272041366,0.6522552532864303
10.0,20.0,1014.1054077148438,-4.809871655127687,-3.1773556620551826,-1.46145494498245,1.2802181635471437,-2.340459163281335,3.448351063082562,-1.0345219480470935,1.033018141864698,-3.570197951635704,-0.8963591484593305
10.0,20.0,1017.7593994140624,-4.7629001237305495,-4.358494284611694,-1.0534399390085936,2.0936418526654936,-0.9490635298868167,4.227865037837844,-0.8020921001474477,2.5091446065262257,-3.692578956069232,-0.8390591567258792
10.0,20.0,1022.7970581054688,-4.997375544311711,-4.984478514513038,-0.6920980040191251,2.652900133615174,-1.0270230975104335,3.719376742698927,-0.6004813905733553,0.9714629950807484,-4.852351936769353,-1.2425173353282415
10.0,20.0,1024.4481201171875,-4.618176721992885,-4.095782998344479,-0.4027560981476208,1.8114491864903928,1.6206695055274736,4.979043430493693,-1.6694770258316365,1.310303722802411,-3.554201638104584,1.150649596594052
10.0,20.0,1026.8790283203125,-3.968947978390232,-4.493263557435138,0.748205646085327,3.957729295921218,0.2098354209594557,3.5568310775116085,-0.8197588944237708,1.804572602880372,-4.962191106199248,0.7653464917725303
10.0,20.0,1026.1236572265625,-4.142543271909297,-4.987913540779224,0.0709762746625308,3.135705836733866,1.0145733880391594,4.970302222778066,0.501664750175081,4.0853941653263774,-3.394553850080521,-0.1862132792700706
10.0,20.0,1018.4714965820312,-4.8905602072156125,-3.044590298884056,0.8356977022607222,4.216607013761218,0.4867303489369039,4.967472458202812,-1.3634986601198196,2.993101536988503,-3.2647883548899257,-0.0783530878349729
10.0,20.0,1019.699951171875,-4.896901686574037,-3.864315094447372,-0.4412812610630148,2.394831502167256,0.5000308301495444,4.469934038973932,-1.369645964202979,1.8975525110018188,-3.592124153097993,-1.5601718311845203
10.0,20.0,1015.393310546875,-4.844101832858583,-3.8698954304444646,-0.7934121731805934,2.6580473674617187,0.6451082348494985,4.997036224834154,-1.5412150053039753,2.475386007470969,-1.4818390404248505,-0.5265491049941344
10.0,20.0,1024.865478515625,-4.985635867205018,-2.2606407563465645,-0.1805961502029882,2.1047855710853103,0.5102557007810891,3.59384447052361,-1.5682282265991203,3.499326916294756,-3.322498278320895,-1.7516046037978974
10.0,20.0,1026.068603515625,-4.14317719060718,-4.770560415402974,0.1513216703699162,2.7632196482367446,-1.281198346208031,3.550004908000581,-1.7072679641228667,2.308436143755027,-4.068281225773174,-0.2322602678272725
10.0,20.0,1030.8634033203125,-4.537927291544434,-2.841539117910083,-0.1213580291360232,3.4968674391886463,1.0975225332570782,4.7405606427184335,-2.780472750210288,2.3226139524161304,-1.915371247439095,-0.7203849894684113
10.0,20.0,1041.1177978515625,-3.782989398091317,-4.305221080162646,-0.2330261716938313,3.901862905504736,-0.3054716671016733,4.917941621072451,-1.3626604458708522,2.0850825791015097,-4.314585453901983,0.5910311195897879
10.0,20.0,1012.8966674804688,-4.99740571638785,-3.419858879688914,-0.6247843199419432,2.2035201317129083,1.23878643130356,4.850500628567939,-1.6830925004953468,2.7524893696558763,-2.8799386185042875,0.3288249429108214
10.0,20.0,1022.3941040039062,-4.91079686627764,-4.046608441094874,0.0074511433601021,2.3083157533127654,1.6122729345717008,4.793433327162804,-0.9881613581342464,3.0964423337754123,-4.5123707827953226,0.5553191239728106
10.0,20.0,1042.2247314453125,-4.612489031995813,-4.720959048329799,-0.1039167371050249,2.442711559185666,0.686196364229934,4.928733741678757,-1.717647332327763,3.639105084502388,-4.672884820231515,-2.1859517677278024
10.0,20.0,1022.4041137695312,-4.992242996878965,-3.019881471377764,0.0367583855083131,2.440731810649127,-0.0460288338181698,2.8112986818475534,0.2534765006734476,1.5287577354063568,-4.879806302503721,0.6307686437531892
10.0,20.0,1018.6773071289062,-4.517837295300337,-3.155922914505477,0.5691785325258669,1.4895906717240006,-0.2167531979161481,3.2855239526657662,-1.7048315309156117,2.855089196828972,-4.961935060665033,-0.5199725960834236
10.0,20.0,1037.6539306640625,-4.986391191714519,-4.540533927568643,0.1253269193163522,1.6323379356904877,2.2385999255372413,4.137310558862511,-0.3109236487443114,1.957336118825812,-4.283126028604856,-1.59207516971228
10.0,20.0,1015.8822631835938,-4.217937657890825,-2.418784008272129,-0.2337988310398824,2.014830513018956,0.5779925826703005,4.772754201816852,-1.3270344075688851,4.361308858501241,-2.331495984618297,-1.0222307341937684
10.0,20.0,1019.6507568359376,-4.874934850478543,-3.91630085947413,-0.8793975909134613,0.7597655578350224,-0.2759956253214026,3.2543050764657657,-2.4312203057687687,2.550688535110778,-3.419250828807523,-1.1598243069169525
10.0,20.0,1021.8820190429688,-3.7800871003094936,-3.134186131151368,0.2445308854289312,2.2109251952826217,0.2027309391096379,4.973119240387835,-1.5652322901405933,2.507668938014749,-4.770439786966517,0.7816017799304156
10.0,20.0,1023.1688232421876,-4.724366904839646,-4.070238445639307,-0.656148030619697,3.251608324194331,1.846908703170872,3.677256965349724,-1.891801674223545,1.50327757937894,-4.984677483552345,-0.9689448891281084
10.0,20.0,1022.0419921875,-4.974488117962611,-4.075640713792083,-2.509102487372208,2.4721277461299964,0.0563186062984506,4.813573398063429,-0.974862299925868,2.409875830423678,-1.9314752464468392,-0.0623476139901644
10.0,20.0,1028.40478515625,-2.8458953066842083,-1.9754930414244896,-0.646928271711654,2.0790019341750554,-0.614945236586685,4.854392412033995,-0.4398195870697172,1.967020047481963,0.7439880253440183,0.0166079127518035
10.0,20.0,1027.4017333984375,-2.055677479985865,-3.833840258158932,-0.4729246242761284,4.396363307695733,0.2420470731542048,4.044959046066204,-0.7080196807734946,3.197642608904733,-4.258351888419194,-2.091765838213582
10.0,20.0,1018.4904174804688,-4.999648284496996,-3.7349702703688,-0.5502801216605544,4.028987273319117,0.9890373163302204,4.920485047914736,-0.7780166494623728,3.529163011435955,-1.3937771970819988,0.878282041586532
10.0,20.0,1022.6776733398438,-4.178339880334228,-4.872221650747266,-1.6201227100426774,1.862712367377732,0.148985803766247,4.992902844931331,-2.6944842632387465,0.8819537003081122,-4.724486989720398,-1.4654501281997143
10.0,20.0,1015.1539916992188,-4.600674705370896,-3.381969868014807,-0.7516946175366108,1.909731114660942,-1.6345164471734708,4.998672346219022,0.1084490339725308,1.5351737428870482,-2.7473025274340985,-0.475438003004653
10.0,20.0,1014.7942504882812,-4.946372883641399,-3.138254195581892,-1.086838412783952,1.9566566872244595,0.4199642986639578,3.099461303688108,-0.6533688757252847,0.5924835001084503,-4.53243356130162,1.1185505240041185
10.0,20.0,1020.3231811523438,-4.937381939986182,-4.607198218323921,0.5415003127601539,3.2195151721234723,-1.4349568156479098,4.204544250776824,-0.9742592514597536,3.261727459304165,-3.3691521789498835,-0.9162785860361558
10.0,20.0,1016.8980102539062,-4.007225926363328,-2.655667656122488,-1.061140837606391,3.167076368662414,0.4420808898788211,4.449011110410496,-1.1372508811294164,3.361210813434882,-2.269329191186136,-0.6725553903328976
10.0,20.0,1019.87255859375,-3.167349673341046,-4.982797855200508,0.2864075764464013,4.775436545484249,1.2037795027405451,3.4324682833776894,-0.3038865444702745,2.91824328712472,-4.963353309510761,-1.0037692911784115
10.0,20.0,1020.9545288085938,-3.3404947462472814,-3.719381611656011,-0.0657880487556852,3.228008901607927,-0.1307524227898264,3.238418577386673,-0.8684516571681842,4.158032795521461,-4.999991771987112,-0.6958841337336752
10.0,20.0,1032.12158203125,-4.991618999405358,-2.007025263712213,-2.244699981322123,1.3107799328992709,-1.9114061672373488,1.7504694569762431,-0.3878627417043851,0.6695401711573581,-2.7496446225248903,-0.4826451456076972
10.0,20.0,1020.0369873046876,-4.8240593369176175,-4.346837386100724,0.4008801866730227,2.1066898290337708,0.6813224254387098,4.9893152457848124,-0.5806432303090405,1.240086972806468,-4.425292735667565,-1.4454614677667537
10.0,20.0,1028.54541015625,-4.940822054501735,-4.266770614830445,0.3379918600733544,1.5211997827201404,1.9722417405560888,3.8506519806964175,-1.55576075301672,2.0258952646956905,-4.854706689121102,-0.488466328574499
10.0,20.0,1014.0712890625,-4.998805262416823,-3.873461497920324,-1.219886238142434,3.050227179857856,0.6532543352771771,4.814252046759339,-0.588094048286961,1.888035307594719,-2.028125848383877,-0.0064059655557588
10.0,20.0,1011.2821044921876,-3.291652272946749,-3.6958185645198913,-1.0771368658610443,1.0417629804963466,0.546078789277078,4.455767894579775,-0.8283793116366045,0.2008436183605644,-3.0372230465179832,-0.1224360139198665
10.0,20.0,1020.1907958984376,-4.611949296561048,-2.1906630825859628,-1.1174546166329162,0.2985492085158672,0.4510509286439523,4.409538510068122,-2.3163458152774297,1.418859495117819,-1.5832445431174524,1.027775519303554
10.0,20.0,1029.2249755859375,-4.850433074876571,-1.8694245126851223,-0.9941527223337694,1.850191162274637,1.864028770190296,4.638875848148576,-0.6695496433957961,3.858762444399149,-3.827008981863528,-0.6122049120968063
10.0,20.0,1030.8612060546875,-4.480752427585357,-2.5268417798820755,0.0609269547229889,0.1920995041753412,-2.352880126222004,3.515024227858799,-1.7650809334426487,2.378459851414245,-1.7935593285124585,0.4582233966968294
10.0,21.0,1014.5977783203124,-4.980764023718106,-2.419394142922457,0.1694458852722,0.5652648871310149,-0.9082279872371704,4.889819094967988,-1.3634430816444985,2.456947775725066,-2.960855698511049,-0.7355456849011857
10.0,21.0,1020.8938598632812,-4.998135455251392,-2.8626677883584666,-0.5524002499494882,-0.3000931370239321,-0.1367853020888221,4.1303351201895495,-2.131226557816526,1.5066542290708886,-3.559125942191301,0.0043202268730277
10.0,21.0,1012.5752563476562,-4.925413782611729,-3.8284498485092895,-2.271062231773982,2.14143685122483,-0.4431341108332312,4.612360911662943,-1.1488671011070872,3.249478050311636,-3.312188894220553,-1.707098642902376
10.0,21.0,1020.5834350585938,-3.821761137845687,-2.953993464101259,-0.4349412937205645,1.995352756726966,0.711648783500757,4.862857460822735,-3.0547299531645664,2.050627423736508,-2.7274122801812424,0.4641382276403796
10.0,21.0,1023.468994140625,-4.297323383868084,-3.46108290930421,-1.85788107433184,1.5386094519298723,0.1437944628352339,2.988806960593955,-1.5919200268327731,1.4211845641150314,-4.59939878142158,-1.6114513947517284
10.0,21.0,1025.2933349609375,-4.978373669111024,-4.028444924880546,-1.004644853639693,2.8139922089766847,-0.0746159040682972,4.820792411371549,-0.6302033595829544,3.0986968790694984,-4.080969420660991,-1.426748656573142
10.0,21.0,1021.3392944335938,-4.9798735103315375,-2.950170977104472,-0.3125729118611264,1.840658268660393,-0.82829369586391,4.09221206548516,-2.213118808875913,2.54614978310494,-4.096413339736065,0.4917045456237172
10.0,21.0,1029.6533203125,-4.925401633646452,-3.234543022384253,-1.001519989393044,2.850540469470567,-0.6229647370280897,4.60430434264687,-1.5648074340656843,4.034529324222115,-4.759447482727452,0.6602483832770991
10.0,21.0,1035.2730712890625,-4.91489716629928,-4.843614669841359,1.148256888913583,3.0844438427415923,1.3329987308376898,4.983340463613855,-2.252132799286718,4.543092946419641,-4.90484386632447,0.1819335719812063
10.0,21.0,1015.7714233398438,-3.87331682524936,-2.863227467245249,-0.4944755270707954,1.2277135244400394,1.0417313967505957,4.988930767150734,-3.316811601144124,1.6631783415700854,-3.2382748597214084,0.4477940460260363
10.0,21.0,1017.4837646484376,-3.8921093907523288,-2.558959097167257,-0.4931929217364752,2.216525363165508,0.4583805007745312,4.30981448128327,-1.899848805705061,2.8457356869210626,-1.5616530957032686,-0.0420346113415472
10.0,21.0,1018.2907104492188,-4.98447557299679,-3.99715381517396,-0.6091814883387272,2.6949062140521995,-0.8340575555035663,4.6777529476039845,-2.0424046449233595,1.904228688262025,-4.743568153423618,-0.0300428941179911
10.0,21.0,1011.5424194335938,-4.844735605883619,-3.882596121841159,-0.8357210391432979,4.14443671463393,1.506532726551172,4.978544856785925,-1.5640254810030505,2.786126216550411,-1.636836428580688,0.3840947308380471
10.0,21.0,1019.9271850585938,-4.947496822634498,-2.958693636049045,-0.8875756761175477,1.058748921429129,0.5100717816164497,4.544433473684409,0.1010397017798379,1.3653282790249737,-3.084746788332639,0.00906651637424
10.0,21.0,1016.89013671875,-3.715981244469599,-4.164215282838684,0.6061874160778382,1.4590375574879229,0.0988567233824486,4.130783382192625,-0.9450264979855784,2.206324524887674,-4.905753276835695,0.3034127392417316
10.0,21.0,1031.3426513671875,-4.989178430928439,-4.590037105929981,-0.0862954858984208,2.5423752748658064,0.2219075404608537,4.995493978274917,-0.9274090918216996,1.972774453695468,-4.930067244063701,-1.3004737912091835
10.0,21.0,1034.7044677734375,-4.8207110456191264,-3.8134560758038,-0.9960512330641756,3.12011442624579,-2.115790943229947,3.018088682348965,-0.8061056302822287,4.097230745820566,-4.99213874451786,-0.2090300795132265
10.0,21.0,1011.2294921875,-3.9156898956096624,-2.6015066474631983,-1.046022118241897,0.5063953568900246,1.3058256440845888,4.837038692690998,-2.680956331031008,2.452965670948389,-1.7239888755236956,0.7596129574491473
10.0,21.0,1023.3193969726562,-4.541216771766545,-4.5191755353222485,-0.3552224723496247,3.1758648141657613,1.107701608847078,4.895575760546679,-1.0237578721393548,3.044051811505417,-3.917616757780925,-0.4845567390052734
10.0,21.0,1011.36181640625,-4.9945446681794445,-3.969456385641844,-0.4539044462086181,2.535996322486919,0.7683452851472499,4.887065082390274,-0.4556430980802597,3.0099554190786897,-1.7883768067694803,-0.2760851548458349
10.0,21.0,1015.5792846679688,-3.959234467889999,-4.777091642302069,-1.5480117548227508,1.2981188431949784,-0.6411379021766415,4.959575349036566,-0.3617556850110235,1.2133392309083924,-2.2266849102237245,-1.467741486999099
10.0,21.0,1030.61767578125,-4.956423247699973,-2.279715110121144,-0.7752625016931081,2.028082980588872,0.1115828292160809,4.5817826945579405,0.3551447035271611,0.7603161026848646,0.1773009794014699,0.3237614847600136
10.0,21.0,1005.7470703125,-4.804377055853475,-2.969495463266342,-0.5174560988517793,1.086780322172677,-0.3365703750900186,4.835968433003616,-0.7373769584311889,2.114461393635203,-2.146740288063672,-0.0341895166122814
10.0,21.0,1025.7364501953125,-4.981674367735695,-2.414127677123919,-1.046666861054093,0.1185028947117627,-1.0668071881064192,3.7554449198911968,-1.4096746497007435,0.7506868609134196,-4.762049289795172,-1.1193884959497802
10.0,21.0,1023.541259765625,-3.788656513835407,-3.5461445895297863,-1.221901044989497,2.034879994999224,0.4766980410243038,3.882327859594296,-1.7162999382054631,1.9532579180343284,-4.450007237743373,-1.30342670799842
10.0,21.0,1035.511474609375,-4.465544814911521,-3.708859090520997,-0.3393743274301419,1.52387435480132,0.1461156664753939,3.752092876079235,-2.3751922787259474,3.2531794036295096,-4.6293361247372,-0.8845722867418502
10.0,21.0,1028.3685302734375,-3.067561997323377,-3.7371095217540464,0.0482213119083336,3.915551858746429,0.5407867328378826,4.765292413520074,-1.8744954664664268,3.1284300855961487,-2.390406142082396,0.9629008219580556
10.0,21.0,1021.579833984375,-3.630937169469018,-2.430227979911068,-0.8836451134181669,2.289280085035803,0.3281581430229625,4.984243127173762,-1.4301696946236635,1.821813242892743,-3.9529410908119207,0.4026973386392249
10.0,21.0,1027.274169921875,-3.012899546546458,-3.7931360046314406,-1.1535342913084303,2.299754939550274,-0.5374973824758502,4.997738748080561,-1.804502740317184,2.6897427801566023,-2.473399363925464,-0.1811957564873614
10.0,21.0,1013.117919921875,-4.909961810352938,-4.802404904203057,-1.136987656089424,2.0463466627099924,0.116480922813106,4.551305291640258,-2.401020514373049,1.4406613374894786,-1.8613606313437383,-1.0389178158207537
10.0,21.0,1016.3811645507812,-3.703696486253812,-4.20149797688517,0.4924718365788543,2.4423941781538216,1.8723206522688016,3.742392907361776,0.7395436462680998,2.5366580009509123,-3.2395680559050044,-0.8950205408609886
10.0,21.0,1019.654052734375,-4.972891261885034,-4.6092650052504585,-0.7403390873292945,1.5699301087577746,0.5541855579226045,3.8320384603782376,-1.0676653782842127,1.8359721029353475,-4.735520316024527,0.3017067846031365
10.0,21.0,1014.7089233398438,-4.634370515384157,-3.962053575278393,-0.2982744165973141,4.017862898162033,0.2479146524943996,2.979334771025065,-0.1661833836611457,1.912785188360124,-3.980990719688478,-1.199039960382129
10.0,21.0,1027.980224609375,-4.3794663392375535,-4.91095651511451,-1.1616668752511212,3.7321000272324216,1.1022822117276814,4.570095911639372,-1.074997034761576,3.765573133085706,-3.229068745828363,-0.8774643509991495
10.0,21.0,1019.0228271484376,-4.998242024072344,-1.2742570124660957,-0.9175461578517884,2.593562426878208,0.5922363199900937,4.999428396830755,-2.324071760153237,2.334659068359511,-2.092415813527728,-0.0807106098879204
10.0,21.0,1013.716552734375,-3.912255877276249,-3.637015171480641,-0.7618491825591338,1.5364661605775731,-0.3344567879297013,4.812157486846335,-0.8710085735899922,2.035781341433057,-2.486285996147157,-1.5105219300597057
10.0,21.0,1032.5888671875,-4.469440655425881,-4.726504517657427,0.6940983140094747,2.896657506589148,0.4337422193000648,2.8916926396786504,-1.7233637168636533,4.582603374629485,-4.926007695083058,0.0923910654785178
10.0,21.0,1019.7449951171876,-4.539668119738546,-3.4288657067399626,-1.6736251233394783,0.377332479384405,0.5702807341159,4.611544550931848,-0.0152358206317115,1.3003776695508718,-1.3973159529168244,0.600069767889635
10.0,21.0,1037.9246826171875,-4.535272251867827,-3.5570225036737018,-0.9925183236462258,3.0305973319858843,-0.0022115405783154,4.780525246498282,-0.7785906430646596,3.679943093760663,-4.942379971760392,-0.9734031792008766
10.0,21.0,1024.43603515625,-4.317244988899931,-3.624742629562078,-1.3654390777507484,2.342528832039661,-1.900091308759619,4.071042441965936,-0.9769735311968856,0.7048655944634543,-4.411093648993876,-0.0334658130698102
10.0,21.0,1023.5093994140624,-4.58751954918962,-3.4641772451858106,-1.3822998532452924,3.882496070331136,0.0507294490278109,2.755993667493268,-1.6548689703159345,1.528553418119273,-4.9234066929662,-0.4001201827892107
10.0,21.0,1012.451171875,-3.678962765163917,-2.339565126768837,-0.6395625982169557,1.0202993977957986,0.2176948461946874,3.7752651381231743,-1.3836282563023734,2.357749851433251,-2.645466457940549,0.1925564677819249
10.0,21.0,1017.1964721679688,-4.793711921794253,-4.349611230056581,-0.732226528580112,1.2637614647892017,0.5389106917884465,3.555102408401225,-0.257480863913452,-1.498240581961547,-3.967170000443773,-0.6004356447389041
10.0,21.0,1029.8504638671875,-4.740603860140993,-3.585250930480683,-1.3335192569791563,2.216178473851312,-1.2418192404134052,3.670105495634456,-0.9062103759404384,-0.1510110376423181,-4.388012588508908,-1.859414655236333
10.0,21.0,1027.9942626953125,-3.945560153266772,-3.201643662495973,-0.7300192525830775,1.4204303243543943,-2.486006798180103,4.093367099793333,-0.484134117373034,0.9608626667566575,-4.933294084798895,0.3830813963031376
10.0,21.0,1024.4691162109375,-3.961852938656485,-1.7229652342715365,-0.4393985602963211,2.326220952096283,-0.3125353907283266,3.849437863458757,-0.9835942778677502,1.7393301737689768,-2.7822243529181554,1.3008219676006654
10.0,21.0,1019.726806640625,-4.776336133812914,-3.1612126773671245,-0.7872540690211505,2.424063435506465,-1.6523176221212816,4.935813692959879,-1.4047920552726771,0.1907907606504499,-3.242914166581711,-0.373991458340198
10.0,21.0,1012.8078002929688,-4.500005477625265,-3.7013526091749087,-0.7664329453687362,0.3592022943377602,1.3025740971390798,3.5718646250182378,-1.2263388118445355,1.874820808268492,-2.855490442694366,0.400211431308918
10.0,21.0,1032.69384765625,-3.978858783004309,-4.177656462371374,-0.8630921853342244,1.6698990509395992,1.01459080728206,4.996852308333002,-2.286671791849048,2.643987446354404,-4.263559411320564,-0.3998720146797687
10.0,21.0,1017.9146728515624,-4.950692467244423,-2.048759052489345,-0.0296583727240511,2.867315557620773,1.2707331653801823,3.587985699407959,-0.968443561511128,2.644948976938883,-2.912077748756148,0.9771036151690904
10.0,22.0,1015.8086547851562,-4.999960059718214,-1.957160798401115,-0.8078045684623527,-0.1361410798398852,0.2771521095764484,4.533563567197023,-0.6627655649264055,0.8483853330085678,-1.991769862453559,-1.6863994567496747
10.0,22.0,1020.1597290039062,-4.021015565255762,-4.002137377699366,-1.0876122521912794,1.4473929951976867,-1.176005661178705,4.364593099497627,-1.8835082299893275,0.6857648745978739,-2.79949159322125,-0.088312409542075
10.0,22.0,1016.1996459960938,-3.549118486463243,-4.186211532373704,-1.1457434430183646,2.671385130572146,0.6508475586974702,3.466907192899029,-0.3708595715172258,2.8988417845807533,-2.900759632226352,-0.5927818518780779
10.0,22.0,1012.5070190429688,-3.905863535808416,-1.903574882331532,-1.403045461420673,1.3199021474133144,-0.6787031333122169,4.675072610928972,-1.7112751656852074,2.8701018698119345,-1.2002671171233148,-0.1563423739519214
10.0,22.0,1009.4207763671876,-4.656650255391172,-3.1513343453730376,-0.7620521204139559,2.3283963781027577,-0.0677265397958031,4.129249746906844,-0.3032341580584159,2.2841883580772464,-2.450659952638508,-0.6914731277393322
10.0,22.0,1014.6085815429688,-3.321290226235205,-2.508409953011115,-1.1366617825171144,1.5299503576730729,-0.2423628327352966,4.984357344335583,-0.5529957955983278,2.0020727877322315,0.8903879007948134,-0.2875182417642765
10.0,22.0,1029.74755859375,-4.356929670740372,-4.314604247157758,-1.6244504997527964,3.2033594452191725,0.816575923154133,4.962033260046374,-3.2891001771639075,2.4740876909598466,-1.1909122169296067,0.4925424576747472
10.0,22.0,1025.091064453125,-4.993333442762743,-2.118610375256972,-0.2033307380328217,2.1000033286375297,-0.4189151809982681,4.287818529769483,-1.0458819723568435,2.574983653584459,-4.788577329142243,0.4418035911247049
10.0,22.0,1042.7237548828125,-3.514910002756817,-4.886402454029507,0.3947233639537195,4.1843980186759495,2.7586206532413566,4.914138363447428,-1.880311491642157,4.725591069645734,-4.671997045238533,-0.0503129617317066
10.0,22.0,1019.880859375,-4.966494789096617,-3.2842152109509506,-1.9260602014245625,0.4100667491386041,1.1668957946011511,3.3510621995800243,0.0775325279270173,2.1857869263362986,-1.830895166867422,0.4198136364525773
10.0,22.0,1021.038330078125,-3.791000187573581,-2.9196130826964435,-0.4155308204734211,1.2548503857720767,0.2348414996279038,4.998725319778156,-2.699492851299414,1.5763402960167507,-3.4735620209643487,-0.3275251861393613
10.0,22.0,1024.4295654296875,-4.667963327337283,-1.9466938672083507,-0.3099510910081351,2.0785981120990407,1.1483043860421338,4.23603091360833,0.6578326988072885,1.7666064115518747,0.3534498531499652,0.3708346895576921
10.0,22.0,1019.8968505859376,-2.725024300733918,-1.5177170373106392,-1.2277784952575637,0.0875313244648001,-0.516362664890158,4.713391736150053,-0.1101266577869806,2.693575550062002,-0.6776891863726764,0.4075789644542062
10.0,22.0,1023.509033203125,-4.894315488669811,-3.457855171924531,-0.6791801843884846,1.7475111188154546,-0.907062067618801,3.139151886577052,-0.5349004068371492,2.542998599424089,-2.56712619493719,-1.91277501117854
10.0,22.0,1011.1363525390624,-4.357018688048483,-4.75089124215429,-0.4964785035752896,0.6164846635060233,-1.210191040729767,4.2904760575714285,-0.5989197030786135,1.5068695164528645,-3.072465806590908,-0.893818256535587
10.0,22.0,1013.4868774414062,-4.966423406142488,-4.848301389233572,-0.1275066153023747,4.210675523170664,0.5489582049387192,4.369218023561899,-0.7224366487435692,2.3001357663185784,-2.028425643791041,-0.5141903471563873
10.0,22.0,1025.1837158203125,-4.995886158349721,-4.821728270671798,-1.1065282773250602,3.841089370498471,-0.5857826337808767,4.440999908757563,-0.7211790819074873,2.518815905633808,-3.036859900921125,-1.3585224386231216
10.0,22.0,1015.404541015625,-3.619904964148053,-4.996661979155421,-0.6987044888596134,1.8605023330257104,-1.0055063998525695,3.9306989421038008,-0.8225411182850877,1.86750921253015,-4.173825723098823,0.1364334973656733
10.0,22.0,1018.8171997070312,-4.787984129270003,-3.965446897700491,-0.7693617684276655,1.996587856538067,2.4575161406434853,4.999987625972427,-1.7727247605816157,3.6713615891212257,-1.6869682921161688,-0.1927825886465681
10.0,22.0,1021.7117919921876,-4.442766823184803,-0.8006349477626795,-0.7723239315989474,1.8930541126071605,-1.1413814279648975,4.482355486569924,-0.3935329160140171,1.627722228467421,-2.575092587612154,-0.4083353238333673
10.0,22.0,1022.5408325195312,-2.530687019019536,-2.903286357562582,0.0087632436009403,0.7043763552441371,1.0951091664172976,4.629496563755692,-3.0610196528059204,3.3609152253455203,-0.2083454414903354,-0.5012060507464797
10.0,22.0,1024.72900390625,-4.539280143187205,-2.393044825438384,-0.0982187887520167,0.9671557564702304,1.0112951185368937,4.980986397488088,-1.2763924297156215,0.1680890251764522,0.4872294290385826,-0.6029088936136233
10.0,22.0,1009.7661743164062,-4.945997464534165,-4.836056568077789,-1.7354044877848542,3.2426256785465526,1.995432942396782,4.376608518520282,-0.0754958560892369,1.0818034000817445,-1.4614691894896992,-1.1283518560100505
10.0,22.0,1016.6383666992188,-4.958256431351803,-2.968016177191923,0.0469900026324721,2.688141772818015,1.1550917887338024,3.460323969075496,-1.946278453797916,0.9206402466630212,-1.064561546127043,1.4020462738338066
10.0,22.0,1019.475830078125,-3.792541472161309,-2.3974290669616605,0.1777085240029308,2.976414274593056,-1.1429025457080773,4.9997086360497285,0.1418727025689792,2.2172754673975046,-2.231061830820676,-0.2890168557332346
10.0,22.0,1017.26416015625,-3.781045797303612,-4.167173176997946,-0.680936905708478,1.4473716575523907,0.5840800239168846,4.860469094806598,-0.8310142086377184,1.8521490799772664,-2.737571844364084,0.2003079795250713
10.0,22.0,1038.5556640625,-2.9825755381481605,-2.623284511649903,-2.051979788515058,0.0071071172560399,0.0470475404384096,4.392766849381097,-2.007712499680282,1.9544885602706827,0.7034445607131898,0.4140138256528889
10.0,22.0,1017.1105346679688,-3.914037813499947,-3.106160352462982,-0.1652430280992884,1.034921670216149,-3.0891476210394027,2.9681646510181903,-1.4820657728165894,0.8976841692295157,-3.5504726055568274,-0.953447090266904
10.0,22.0,1030.932373046875,-2.623812515914379,-3.1998169191595,-0.0259244143609489,1.2252245973000786,-0.2251772424731131,4.994828086408923,-3.735010826202484,3.0464518893318946,-4.277146723327853,0.9965060088887316
10.0,22.0,1011.6527099609376,-4.2474723143825,-3.078400643999632,-0.8682612420135287,1.3364789129537344,-0.3924514499704887,3.02292610074665,-1.7110836067828723,1.3285081505464629,-0.751072281358482,-1.6819070019317597
10.0,22.0,1015.8298950195312,-4.722624548253127,-3.6622892971910894,-0.590043500779303,2.17168485966808,0.7150143526495567,4.4154609407682095,-0.7132933973198572,1.2309582996678934,-3.8101964672635305,-0.4657767362016187
10.0,22.0,1018.7713012695312,-4.015198663187074,-1.5795780032586242,-0.5614320414275653,1.6571606675328656,-0.5259148468759003,4.999975486309815,-0.5528558925360736,0.3544606804237835,-1.234587314993541,0.0975048549729828
10.0,22.0,1015.7122192382812,-4.885497040490394,-3.237014214874143,-1.0720315947090011,2.109644015516796,0.7050639199309963,3.910022583309896,-2.1966339924301046,2.944782624468189,-1.1555961043610563,-0.4195025917483175
10.0,22.0,1030.4588623046875,-4.8005554507794965,-2.6933031901769136,0.023858199894688,0.6553943125889505,1.250688321530527,4.846195708384247,-2.7890533360853524,3.545464639743809,-0.4629350738952968,-0.5767537712236681
10.0,22.0,1025.3170166015625,-4.983785865060303,-3.416806706317264,-2.1230615965856363,2.917273644608745,2.7099898996924896,4.997183854240188,0.347137746632792,2.834251242424993,1.7329942306757218,0.5522322891953291
10.0,22.0,1014.89306640625,-4.499955874690188,-2.506452615860529,-0.8589923592831354,1.5468305003152114,0.9477638821296744,3.883692757453295,-1.385667412433901,2.485329023890221,-3.911733462398058,0.2294545407770272
10.0,22.0,1014.445068359375,-4.572090488102564,-4.332787892278957,0.0754383936843243,3.042518528807649,0.9385578000552064,3.348892037061628,-0.8914670398461979,2.4908740816726294,-3.7539168035961614,-0.5040529158063052
10.0,22.0,1026.85107421875,-3.64189461625364,-4.1430608685636505,-0.0538755876216656,1.2725045830763635,1.3806627432251126,4.965703247007788,-0.2267625581445189,2.072970634405684,-4.925424717672325,-0.4733009549083284
10.0,22.0,1024.8199462890625,-3.986922411031745,-3.064991237800763,0.2229303049839925,2.110239640240687,-0.6100937226075063,4.409920818288084,-0.6245312330141468,2.610667463549909,-4.7125436148113335,0.0326468203046541
10.0,22.0,1019.1304321289062,-4.999466422143471,-4.875173982401894,0.0118889154956178,3.0010121653019706,1.4673967446234997,4.823856362615048,-1.3499682624729612,3.839972962905836,-2.862905233980253,0.7577565294846655
10.0,22.0,1016.4448852539062,-4.9049503590913,-2.657976520248812,-1.3171584162853405,0.59835646368761,0.5126478622898265,4.766382216076829,-1.4843004944816678,1.0108394950668131,-1.5732883594346476,-0.9538919786018774
10.0,22.0,1030.5498046875,-2.6476473638484155,-2.674042042004996,-1.4950175275044488,0.2437257787493241,1.3140243141998456,4.788146033802779,-0.9176161940667544,2.143880994782253,1.8011562019769285,-0.248259265015565
10.0,22.0,1023.1033935546876,-3.7785616014890526,-2.817614674827738,-1.471176954299561,1.970753110476117,0.6404396529416259,4.891263212531751,-1.527499339968061,2.126889744156067,0.7567570274969704,-1.8443154935830883
10.0,22.0,1014.0921020507812,-4.91758401894503,-2.617084876412269,-2.479063119270553,2.5190984146154864,-1.072303353140596,4.916484561890487,-0.3329778724511198,3.113792934525609,-1.3148604316083785,-0.4112217657549522
10.0,22.0,1044.232421875,-4.871468609955733,-2.7243372040957685,0.5491558433204986,1.26950192739646,0.369709241690809,4.602856801639803,-2.605299942302989,2.6451413274637225,-4.763567457818073,-0.801063954264051
10.0,22.0,1023.0031127929688,-4.849305811282889,-2.2164140649688724,-1.0565606544517072,1.0903487871331308,0.2568772679905118,3.891382234926933,0.9205953815753852,-0.0930245219035894,1.1623813980147464,-0.329477784459951
10.0,22.0,1018.0997314453124,-4.163701418401033,-1.4596802157744315,-0.1460403786572754,1.9539767886254724,0.4903404290476914,4.85517936989088,-1.7351321989347568,2.1694823634687177,-2.9512767217942635,0.0437955410483041
10.0,22.0,1014.6333618164062,-4.464507354116462,-3.9892454038714367,-0.5173226832506428,1.5048958811528932,0.5389127981439721,4.678139669555064,-0.4119676010370918,2.0518498599377715,-4.172326091809783,-0.3016554754754965
10.0,22.0,1027.12744140625,-4.917525618834002,-0.7608660500426847,-0.9842597870753238,1.4961542084831354,-1.2993554384587775,3.220361507923874,-1.8675862455822825,2.4474456949543306,-2.83321177987853,-0.9460097092197975
10.0,22.0,1023.5684204101562,-4.673042998963483,-4.352454345810479,-0.294314909961054,3.7084244893296,-0.6689443855644353,4.986736420857156,-0.7806276676729249,3.933651285207608,-2.2490775881861023,-0.7629405908309659
10.0,23.0,1024.58056640625,-4.8919534469528525,-2.856129770072269,-0.7547096269036109,-0.5493469987814201,-0.0459109247711806,4.478187557798936,-1.589325204845506,1.2550805188564205,0.0450718354343129,-1.335218727147648
10.0,23.0,1014.7322387695312,-4.028803435724782,-2.1676505518285967,-0.4837491904637616,1.904145479162768,-1.0850706917034096,4.928922459628625,-1.7315261907736303,2.8188365257064163,-1.4855384419462911,-0.0848589253074338
10.0,23.0,1010.9757690429688,-4.500539196989767,-3.340481471788453,-0.0935192562620033,2.86659582444718,0.5515093807131333,4.979208636576667,-1.4740083770300991,2.636933860628461,-2.189966334471176,0.6974099624455397
10.0,23.0,1018.0150146484376,-4.705673409709453,-1.957234844084944,-0.1392605513093903,0.8698912261129781,-0.9309656051909344,3.844397674483579,-1.0178261811346865,0.7750373024167159,0.0779603671158408,-1.7608204065744246
10.0,23.0,1024.1817626953125,-4.7795252299030215,-3.323883641352028,-0.8127039419140196,2.2020806766956955,0.5775110812258148,2.265177373240512,-0.965244227565651,1.7108710248714694,-4.981445146499232,-0.8841870545426787
10.0,23.0,1020.008544921875,-4.895420691042339,-1.6401658648080444,-1.52496821578249,2.32415259870134,0.217659891203338,4.284917575474653,-2.214820624978091,3.8292083075471233,-1.6710427154180598,-0.3934094845635547
10.0,23.0,1031.0345458984375,-2.8840420458505376,-3.148259956634785,-1.2909653476839402,0.2995004165333963,0.9994773255693196,4.914828288923811,-0.4269650049577453,3.027986083070026,1.205521589863963,0.0691730339680223
10.0,23.0,1013.65283203125,-4.892204674916943,-3.285636345468646,-1.8417303949353705,-0.0923624651903098,0.6734575452555056,3.850679458324208,-2.1104281186339096,2.515943006391732,-0.9538765924595608,-0.4961489717815182
10.0,23.0,1014.4122924804688,-3.7727990624479295,-3.7558272622479008,-0.9128188548887852,1.9713428350433395,0.2369727236041843,4.799214292174321,-0.4148377094894293,1.882966455415397,0.2750667353819844,-0.8079048708606127
10.0,23.0,1009.8806762695312,-4.409475496699518,-4.433523918627828,-1.0238074836548252,2.030242544560185,1.1844513090318838,4.621297233438533,-1.4331778575637073,1.9476591982153744,-2.4770284318234386,-0.2216624403143194
10.0,23.0,1030.7794189453125,-3.886169429492892,-3.510078741017212,-0.701621060522216,1.5216714420327655,-0.4300847546942083,4.942111254091229,-1.602747370487969,3.363328834047305,-4.721095905049208,0.676196624573322
10.0,23.0,1016.6668090820312,-4.257490437431436,-2.6456434533173385,-1.4692561051001802,2.185089905327714,-0.0635294605861478,4.822648642882548,-1.504440991259799,2.919981902975138,-3.224808454223159,0.1066168886306995
10.0,23.0,1021.9951782226562,-3.507260007930088,-1.74483550943446,-0.1871563046979147,-0.7191794910878935,-0.3764318688261516,4.112499615946575,-0.3783943263353011,1.6695446182033882,-1.9064398379362235,-0.4058883731376834
10.0,23.0,1009.6953735351562,-4.166737277664252,-4.543905824204717,-0.919814204537186,1.100576659506829,-0.0821103117042474,4.844140335480606,-1.1850842813233475,-0.0856066148317324,-0.5705245124764993,-1.7606128172476936
10.0,23.0,1013.7124633789062,-4.138106439856913,-3.2279073400640392,-0.5610187005780745,-0.2430227552758985,0.964414792447088,4.365930137338976,-0.797694477604745,2.2101195360652213,-0.302619543456526,-0.5906190605649702
10.0,23.0,1022.8633422851562,-3.94978252278934,-3.296165349061898,-1.1377606283712949,0.7077762765712254,-0.0086272940397682,4.988601458795083,-0.5314141890951234,2.098764048061983,-3.8447401674386574,-0.090411306300612
10.0,23.0,1044.8934326171875,-2.1846030586793845,-1.3300365428568033,-2.141620105430192,1.340085354762981,-2.319908736248817,4.919077316300221,-0.5827492002429873,2.7375719191967294,0.4096979864731862,0.8325382707038553
10.0,23.0,1014.583251953125,-4.291738541172862,-2.7039056909406334,-1.0685525631583848,2.366592689670556,-0.2581151551724758,4.465895059927757,-1.3247348606438083,2.567367494031659,-2.9352102350118563,-1.6597099775628663
10.0,23.0,1033.9595947265625,-4.272341292210972,-4.692038990849442,-1.9730628028508064,3.615576642917647,0.5400725682977949,4.579137766861761,-2.0316712317716936,1.8154189130391905,-4.921061566011094,-2.0444083892626868
10.0,23.0,1021.063232421875,-4.629194014382306,-3.7584912240880257,-1.1254648931365183,1.8387883007523271,0.7621067881289356,4.965820403692083,-1.390464203201014,1.1001817783314234,-3.907418916223599,-0.4403965927955937
10.0,23.0,1016.0643310546876,-4.390253449908004,-3.4624068913594632,-0.9995152231504189,1.2044549273807703,0.460208636793503,4.940881201742439,-1.85143088440582,3.0117001917853266,0.1327024057483248,-0.6841874638298604
10.0,23.0,1017.685546875,-4.997201034929407,-2.3962683612363547,-0.5621074108452255,2.264406196975978,-0.6520488763481991,4.607869315494982,-1.7842587440827318,1.9877227543437668,-0.2458346239074966,0.9377627934286624
10.0,23.0,1015.4367065429688,-4.665151708525126,-3.82882717401812,-0.4822973848785148,2.287530249860456,-1.3199245697185331,4.4175556625036645,-1.012972978802293,3.197719260766537,-0.7692682169075162,-0.7992023480343295
10.0,23.0,1010.4693603515624,-4.634420346217299,-2.923814019032939,-1.2877049876146387,1.5304709079258716,-0.282064798168018,4.5352905110081,-0.5019218500376388,1.9559127450752405,-0.4822675296377472,-0.60168850091706
10.0,23.0,1022.3043212890624,-4.561870957425686,-3.6155930842708894,-0.3012223389713213,2.775677881291596,-0.3448713048787777,4.998340216943756,1.192971733280201,4.111827863724995,-0.7504693924373216,-1.0987606727759514
10.0,23.0,1018.140869140625,-4.7744506761012735,-2.4673334671316125,-1.0110575780243236,2.3058652633123087,0.8968405928168437,4.647291213622589,0.2479860103186562,0.8964010054612697,-2.58223538869684,0.9066461991388196
10.0,23.0,1029.467529296875,-4.90816034349044,-2.8126812891450874,-0.6970342156854352,2.2490791884268937,0.7566319398831833,2.7809992883949874,-0.796712115627555,1.7949313570081662,-4.725411718184978,-0.1785281026079985
10.0,23.0,1031.0865478515625,-2.8931567627107824,-1.8609082026219623,-2.165178429092385,-0.0107881169981656,-1.512807229564681,4.965562389774176,-1.2551844623242796,0.2734940081843975,-1.9166831396479909,0.5466490588502673
10.0,23.0,1028.039794921875,-4.768809879523219,-4.929151352415821,-1.3811599161602317,3.4018937620459653,-0.4010393058095163,4.975169512283927,-1.7158282392864854,2.263687918687971,-1.565340731504378,-0.616727278166012
10.0,23.0,1013.4078369140624,-4.857742907562612,-4.033205153819472,-0.9649065740082364,1.874209512491647,0.0674572289400368,4.812134781542264,-1.281843255694679,2.907490293263713,-3.513077699791846,0.9540586144014008
10.0,23.0,1012.810546875,-4.95439737031095,-4.788380833371567,-0.546824082454517,2.674379202282036,1.039951346382482,4.790055842498061,-0.0324165877611903,2.179378562868389,-1.9949007409923536,-0.4650846602191389
10.0,23.0,1010.5372924804688,-4.700030344473648,-3.619131578976755,-1.107933058524932,1.9745291635098985,1.038781106440818,4.7235462341591,-1.4539198756618656,1.1981559308545355,-1.3884343398103702,-0.2484733579491616
10.0,23.0,1025.0093994140625,-4.994209833891276,-2.94480008595552,-0.2740506354892291,1.7664348970176975,1.4369127117579623,2.695827400148641,-1.7071989777804752,3.390828606662481,-4.112804129027822,-0.5495108613446078
10.0,23.0,1021.3727416992188,-3.258793029605916,-2.6446786839874976,-2.054801877614,3.279147791992095,-0.4415404287368609,4.766042386499887,-0.2793704909287875,1.4081599904338835,-0.1451278380467613,0.52065507712335
10.0,23.0,1023.4482421875,-4.28490517071568,-3.754477911603717,1.4604639461883655,2.226701719132519,0.7534673680497619,4.999841458693092,-1.574968456141587,3.2110773088032563,-3.728727002135901,-0.8355433387179332
10.0,23.0,1016.5172119140624,-4.989785866464337,-4.101883822337603,-0.784680674290902,1.858917925294552,-0.5519447984495374,4.871636498141104,-0.9370288291321848,0.2531912359338006,-2.56746237814908,-0.780375537532132
10.0,23.0,1022.66943359375,-1.0308633561765546,-3.1097901911265264,-0.5914632135747642,1.0008652266668123,0.5662577506912374,4.647044698723114,-1.9683084293686592,1.8965185234103008,-0.2859315165261176,-0.6632170104527013
10.0,23.0,1011.6759643554688,-4.7483423984408,-2.872129856503462,-1.982182985496188,1.1646004357447026,-2.572191424377022,4.252994902565208,0.211316815168181,0.8009871649381095,-1.4307349519558263,-1.3922135093174748
10.0,23.0,1007.2272338867188,-4.937497339554334,-3.531316027561135,-1.6542434820774092,1.5933037653984297,-0.2366406313726328,4.77938806496741,-0.0815813774873976,2.029901734639492,-1.56380445665605,-0.8880424141393117
10.0,23.0,1009.0210571289062,-4.839192108235662,-3.120666684981864,-1.3587451753353816,0.8926343851188125,-0.0343003070889382,4.947025878166633,-0.708318714811349,2.2983323989334723,-0.174777718175747,-0.947317926522004
10.0,23.0,1026.140380859375,-4.274008877525817,-4.13221480606321,-0.4081007910731156,1.2853083190032375,-0.4330114940158038,4.993025521249907,-2.047216994440144,0.9818802830327078,-3.972488520439188,0.5446326629273717
10.0,23.0,1014.8176879882812,-3.985639921915584,-2.9969497647422685,-0.6205744458798677,1.3071193609219032,-0.3580520749173166,4.903650179574948,-1.778461312472135,3.439488961213055,-2.0430736857822533,-0.6217857377814786
10.0,23.0,1021.9795532226562,-3.3660190615197982,-4.073304108202599,-2.9429390754115765,2.485008866104968,0.3724406027056535,4.721827408138607,-0.5161430445907218,2.9001356080717056,-3.814129795143877,-2.2218753429114004
10.0,23.0,1014.8764038085938,-2.5335830148871614,-2.614742372700679,-1.401246576892743,1.3727036811871098,-1.5521790455385482,4.9996965567365805,-1.2247768672654713,1.463385986840299,-1.5501131695152195,-0.5142937985072606
10.0,23.0,1015.8193969726562,-4.838080055818182,-3.934432137089099,-1.2223931802705268,2.409031827234448,-1.3222795939229903,4.399928526564676,-1.01132838391129,3.069280516339997,-2.3742309625339253,-0.27951913669445
10.0,23.0,1023.232666015625,-3.322004004158747,-2.761005116996237,-1.7761811277345148,2.1721100565301743,-0.0001696881916002,4.989209344043683,-1.021856927931366,2.8556838513295046,-2.108216784590149,2.4354969403882425
10.0,23.0,1013.013916015625,-4.514973139754929,-2.2441020948748616,-0.7211566774170839,0.733317161368471,-0.0434093936612978,4.860108261815759,0.5045878972109827,1.3063347281732796,-1.5549824801635168,-0.2852133539627122
10.0,23.0,1026.16015625,-4.993106309137889,-2.3199241778185287,0.3404095925870765,2.007999515026216,-0.6926577822814339,2.350884053072392,-1.3470147717442085,1.061748867000551,-4.90451899033062,-0.3332626267956691
10.0,23.0,1020.5701293945312,-4.815773602089814,-4.514819239515706,0.0345315247529747,3.268337569298064,0.506892595354067,4.860250469239988,-0.4768198735897888,1.5817498593169337,-1.48631866016372,0.59705827003914
10.0,23.0,1028.920166015625,-4.192601064742267,-4.99994995658053,-0.6187379899049414,2.2176828801385344,-1.2580180149885614,4.984108078120208,-1.3019795705041943,1.5038904128923214,-2.599401933615015,-0.469792208227016
10.0,24.0,1007.2257080078124,-3.8693612933057735,-4.47331861401277,-1.0466374440379171,1.843528421918073,0.6122874218439192,3.951051316031544,0.1247103144300112,1.9352190533357,-1.4159210001697655,-1.9346685516194628
10.0,24.0,1020.0244140625,-4.16760785937758,-3.597517975632708,-0.7155375985840964,2.8154787312253147,0.7400999328684978,4.847102259413395,-1.135910055580891,3.1323714287266675,-0.5124087569127376,0.1064521568526553
10.0,24.0,1021.268310546875,-4.076644927551997,-3.017228000912459,-0.1055163611585072,1.3627283908467067,-1.5326134490668375,4.433806589261554,-1.81356893613511,1.4260833094380052,-4.455677045310886,-0.0956991378149796
10.0,24.0,1012.2805786132812,-4.564858560741799,-4.044854945500068,-1.0414591289444748,2.6247684247489342,0.4237015102513393,4.937795356182633,-0.008599762702425,1.3598375294620135,-0.3297499690320356,-0.5712082533923821
10.0,24.0,1016.8571166992188,-2.608154286726989,-2.99529599765842,-1.6611474545616385,0.1588036702784201,0.7332694694102635,4.825469719073416,-0.9445938183793752,2.513428517543536,-1.647433902343573,-1.4450185697412326
10.0,24.0,1026.12548828125,-3.5902294408564,-3.429634234314628,-1.758654665290221,0.1133778088353132,-1.305352524642465,4.867241615750558,-0.3367395183829265,1.5962340922564913,0.5255469126886236,-0.5927500778798009
10.0,24.0,1017.115234375,-4.973809455715025,-3.5111867014469182,-1.1877005128644331,2.4745448171859525,1.2251673796588092,4.732931287999161,-0.2640221886398777,1.1880095810637004,-3.682560048150109,-1.0414986596801592
10.0,24.0,1019.2821655273438,-3.5319153373617778,-2.945203663097839,-0.5223457826990954,-0.388573255677584,-1.1304280367730248,4.958400878396109,-1.0333500234489263,0.605898117281849,-2.896624393717091,0.0402103788543559
10.0,24.0,1013.12548828125,-4.3559088889761455,-4.53343960837787,-0.9059092020299148,1.44247033328846,-0.5305574833023288,4.486284095558542,-0.2606312305302367,1.4137976582910117,-2.298331451884532,-0.495455712200691
10.0,24.0,1013.945068359375,-4.103990688697588,-2.831339187321595,-1.4299562112636348,1.7820362515457528,-0.7507893800555916,4.984323817391376,-1.8858398845262587,0.4792343558038467,-0.3355631766643023,-0.8761251784961592
10.0,24.0,1018.7312622070312,-4.657520259811465,-1.8465406507903384,-0.629880287768251,-0.2516995533923003,-0.358312169317462,4.321199401595194,-2.159406017970307,0.7464263417831107,-2.448526815351083,-0.3325259477615629
10.0,24.0,1018.0647583007812,-4.64433712725308,-4.4104391400546135,-0.5577867140002182,1.810069059020128,1.833718509393972,4.30590770310301,-2.1013689340553365,2.5489278283984422,-1.311285463254909,0.5737015374678913
10.0,24.0,1014.2955322265624,-4.226749537538167,-4.174208063092493,-0.8079934452877273,1.832964688647321,0.4044760041978872,4.987346803171864,-0.6898366957052602,3.745404025510213,-1.9147155323356115,-0.1645271279835922
10.0,24.0,1013.869384765625,-4.997142829496736,-1.4378821502066237,-1.2794616979519615,0.3442328883395564,0.4783774465306312,4.208425123395182,-0.6780439733643604,2.171082077781313,-0.395782698052149,-0.7872857551646604
10.0,24.0,1018.6932373046876,-3.290229798796638,-4.260889588992288,-0.6107885603493166,2.001167762330801,-0.429203307030825,4.90667784378426,-1.25879921486883,2.262674687018251,-2.802413666109308,-0.7445412390633823
10.0,24.0,1010.9248657226562,-3.454237226037397,-2.904078014688947,-0.7335605505305081,2.7622078037342046,0.4788979667112603,4.998895367604106,-0.0337386835164918,2.8980322923383603,-1.0238054995830432,-1.1414497811445616
10.0,24.0,1028.7841796875,-4.785703409859836,-2.816969145006781,-0.9320706541768056,1.6182014919076737,0.8968589963602476,4.989184956514542,-0.6551323857804183,3.6764884234925344,1.5982293973326025,-0.0182327241381914
10.0,24.0,1019.636962890625,-4.444415937845888,-2.353726902074192,-1.520599087371715,-0.3421891239501997,-1.3517642467071314,4.522374727134608,-1.096840554292318,0.914495819415002,0.1698894481458666,-1.03237156277167
10.0,24.0,1010.6942749023438,-4.437275768253211,-2.9305595420810144,-1.4837344495848095,1.455142532884409,-0.5568518390872068,4.845984613717537,-0.3412013756232692,0.7012224636767197,-1.862478146523307,-0.0415005002263937
10.0,24.0,1010.5075073242188,-4.715426169349968,-3.545982385758408,-1.3584953778769036,0.8428222327361876,-0.463031512161959,4.279496168844965,0.1783375848367168,0.0466617785681622,-2.5372838185745845,-1.6631577639014683
10.0,24.0,1017.5234375,-4.82743345063687,-4.093341487185059,-1.9532382412872549,-0.3618012642830726,0.6662962083047503,4.059697731787521,-0.2742855291389041,1.3930733380036011,-0.2598439763972155,-0.9469717568089367
10.0,24.0,1014.956787109375,-3.8126015083078064,-2.953427788661028,-1.154691295049879,3.5562236948016928,0.3074556793768508,4.375520749720877,-0.280600930157739,3.480968791577,-1.658159957631706,0.5223467109718154
10.0,24.0,1019.5559692382812,-4.838981554676519,-2.2933381254650085,-1.0406424181249871,0.2538353171845777,0.2432187567748194,4.943729120605271,-0.4701208463529696,1.796110462093468,-0.2694242786362588,-0.2481006125619327
10.0,24.0,1021.0,-4.906785290657663,-4.24787686552789,-0.1447852800725799,1.2211188305861054,0.6960562702450845,4.328927754188763,-1.3993057931601838,1.6704424551910737,-1.3363228714699011,0.0132554965069022
10.0,24.0,1009.0806274414062,-4.507853002735716,-2.39662093804354,-0.5965900028968649,0.602378002150803,0.6001968845902228,4.6467244748805605,-0.9188045531959784,2.8652430690622683,-1.1090020802866536,-0.2372170949640848
10.0,24.0,1034.309814453125,-4.9065725791861565,-2.885069684113654,-1.6575034826222097,0.6628108346062245,-0.7079791806798212,2.994046478845238,0.8767593846649717,0.1794689079849822,-0.6757241025519631,-1.583440241646307
10.0,24.0,1019.625,-4.606999559893837,-4.437285864852996,-0.5276712374303631,0.2959070322141857,-1.5067406029419177,4.41238506915904,-1.0127172113072174,0.047327150961907,-3.167669060937538,-1.4642990687601296
10.0,24.0,1018.1923217773438,-4.131595563957692,-1.72989510750027,-0.8531329491756869,0.355772403471029,1.17629739608586,2.271040575220362,-0.9844466368700272,1.417198883421765,-3.133805946835224,-0.565237343544835
10.0,24.0,1033.2344970703125,-4.876608764514409,-2.039512865498172,-1.2553037515501937,-0.007478837083358,1.1394908023322694,4.848030329672305,-0.7863200677752902,3.0704369089305388,1.183637473105267,-0.5820905114597945
10.0,24.0,1018.3922729492188,-4.940886509126878,-4.7303398507655885,-2.073866717067093,2.005147766352339,0.8562253051854132,4.6655685578813095,-1.846534702996044,1.157886466581422,-2.4762241303166634,-0.8358350425002135
10.0,24.0,1016.2371215820312,-4.999920837872,-1.9206559994204275,-1.9261164570245568,2.0578768443112683,-1.5135554912850524,4.550148580354351,-0.3156745818960003,2.5616816381602794,-0.1539004837891733,-1.260940336925882
10.0,24.0,1014.81640625,-3.7849636469625154,-4.0536052566458505,-0.7872580427796354,1.0369535047276734,0.1179608338604136,4.805175181184332,-1.6649730411527268,1.562655196474951,-2.333810832362247,-1.2056280823980492
10.0,24.0,1008.4530639648438,-4.773127936930512,-3.286049147928748,-2.5585930399858863,0.6702445389193006,-2.0246017719571894,4.85937682729327,-0.8082456648621985,1.7913673050411258,-0.5382230021265588,-1.1816338030844895
10.0,24.0,1016.3132934570312,-4.996606781237931,-3.901844296022292,-0.6855466642504098,1.140032635425568,0.1289540434642599,4.964319715887166,-1.008647135445682,1.3299072433516637,-2.8523325191157367,-0.9711462349850332
10.0,24.0,1014.600830078125,-4.774101876768623,-2.6852548834321146,-0.4577144673771149,2.457093959675416,0.2868649408308767,4.666385995680679,-1.688809382962245,3.672161858286408,-3.0619738545019524,-0.0375742480890455
10.0,24.0,1017.46630859375,-4.811225634536456,-4.0724574473673645,-1.075758365570454,1.1815614638622378,1.236629493147701,4.726253828004397,-2.498818241623729,0.9265983172023198,-1.300412563391267,0.2617960144756193
10.0,24.0,1023.048828125,-4.991193558116265,-3.037823918888034,-0.1631477534756786,-1.6180364490359311,0.9431931385487138,4.995997112492024,-2.475872822867813,1.2125014675690533,-1.294855330524122,-1.528035222807138
10.0,24.0,1012.743896484375,-4.23068732251673,-2.7771309197732155,-1.3873164010054468,1.9130217378215004,-1.020502544514073,4.468417946721081,-0.6944700195137994,1.2949819518241394,-2.050765921890952,-1.6099857073587582
10.0,24.0,1014.4727783203124,-4.946945736939792,-2.2976948902809324,-0.9128499663928364,2.935452486989448,2.0800060685838417,4.488264178692582,-1.0314314503018631,1.8550331743288373,-1.6973001754892203,-0.626995501678322
10.0,24.0,1013.7706909179688,-4.511956606389281,-4.75495032722562,-0.3454295189448677,2.668884981134557,0.9921613090122916,3.313767902374174,-1.8495880991985625,1.6512022452919295,-2.015233066790976,-0.2036759098376999
10.0,24.0,1018.0496826171876,-4.078131035021302,-4.056802515959588,-0.9612316901202638,1.018596232667201,0.4692426773824536,4.960342229845885,-0.031473859260509,1.9475025933344607,-2.53668359997368,-1.8552221901328547
10.0,24.0,1014.0381469726562,-4.996616952477822,-3.0774555947566,-1.6700770609923232,0.8856356159107257,0.8777289448623735,3.0335356470097885,0.0036842290575433,2.1637550776611194,-1.0339615920812766,-0.6065061871994661
10.0,24.0,1023.3668823242188,-4.414910086753883,-3.4041604380526493,-1.560597946840506,0.7620677158847329,-1.622217032024167,3.77774733049794,-0.6046413320266026,2.603941440025377,0.9987743876260078,-0.0429754097263446
10.0,24.0,1015.0281372070312,-3.742646468532013,-3.9324848961264194,-1.191527605181411,0.8940900159904688,1.0464689782187344,4.8163411042857565,-1.4654127849687095,1.4347279656699916,-2.133554958189131,0.0328228256378935
10.0,24.0,1009.6136474609376,-4.912990803372131,-2.7707610356975567,-2.01888355511746,1.123162816876131,0.6209103537292568,4.217455310668663,-1.2206913337916854,1.3653697368591855,-0.8987300602482096,-0.1872119672239769
10.0,24.0,1017.840576171875,-4.554350759149018,-2.613623481094992,-1.3659150589523072,0.1479752844021398,-1.11719180720816,4.826098325773886,-1.1204884529800991,1.1252664489794393,-3.1212664852242984,0.0654299402116613
10.0,24.0,1013.5029296875,-4.677494500304784,-3.969526026496522,-1.0382762330999702,1.8900850424966684,0.5132436073782447,4.906879499193218,-0.7260690128223555,1.3170342397480883,-0.7034019811366035,-0.9885077372774812
10.0,24.0,1017.7079467773438,-4.9345885975362,-3.561991279600373,-0.3419421577074999,2.6813723343526474,-0.885489145018612,3.602333756847157,-0.6273892292886689,2.353628999961672,-4.468528550864083,-0.6865342106349042
10.0,24.0,1010.5459594726562,-4.911544777443525,-2.2449780136627124,-1.366429046062592,0.3729265334201628,-1.2116146602051825,4.989982284692312,-0.4337776915080935,1.8372168604280537,-1.2449873356338652,-0.1849015380414362
10.0,24.0,1014.6994018554688,-3.666323733095116,-2.3594753684332965,-1.3821736413159047,-0.7786491172961636,-0.4563840665291625,4.40171830021608,-1.0832535157723695,0.5627261835617752,-1.6203523958893102,-0.0112479816652015
10.0,25.0,1018.7476196289062,-4.181938908092713,-3.8880869724768488,-1.7546973697643151,-0.2822170426402648,-0.0518518090106798,4.966386286741734,0.1080786604028443,0.6352472723789155,-1.424945066309411,-0.9241032952908332
10.0,25.0,1013.6107177734376,-3.904325482222695,-4.86919332435059,-2.455787076380822,1.942916790268829,1.085518402101286,4.231574153369833,-0.7823917939455018,0.789802518060629,-1.7718472231778757,-1.1081955936873733
10.0,25.0,1037.1009521484375,-4.994307311874671,-3.387362142565237,-1.9866558577975009,0.4659819495053927,1.0054571857588757,4.005476882233536,0.3234281251257815,-0.7682430225150467,1.1677065167195035,-1.6558815703829528
10.0,25.0,1017.4840698242188,-4.905382174800016,-4.0663214205868,-0.2480887245104472,3.774240485810612,1.0465378749402667,4.921948777297587,-0.6540040734125192,3.0772759901916675,-2.0855063185205465,-0.4244556370467567
10.0,25.0,1016.2742919921876,-4.940996525813335,-4.002642672298997,-1.4805942556493727,0.9196466793025592,0.0447581330517588,4.2664136875615135,-0.6131911239950032,1.1759773393783923,-3.0536094385701658,-0.8128398681487603
10.0,25.0,1015.9519653320312,-4.6999291269505,-4.965284482443306,-0.8599488543146654,0.7034462578861156,0.6453005795177447,3.280800103962214,-0.1929752480844904,2.0006173897298574,-2.0724684014133303,-1.8659055621809768
10.0,25.0,1037.7281494140625,-4.6330275790312205,-4.107843599660789,-0.2059135480350402,2.521195702812302,0.520998999944986,4.9997453969613765,-2.9231294152869065,2.4141236066745275,-4.356779584006381,-0.3405397926690998
10.0,25.0,1030.1070556640625,-4.660372846084686,-0.5333497276312702,-1.3722114067594413,1.5380934063349925,-2.287192264947402,4.923129119135938,-1.1527727037332425,3.642586122310922,-2.363696621051933,-0.9826293420712932
10.0,25.0,1015.093505859375,-4.69285297592563,-1.870036924225716,-1.0014962397657303,1.437003302241048,0.1909732559925947,3.726147558190128,-0.3990902831567329,3.045508174579256,-1.4068787640890772,0.6282641521807664
10.0,25.0,1013.4993896484376,-4.9754027405177,-3.621272600663332,-1.1843594760690983,1.7956488059856213,-0.5953675138873145,4.536920238253487,-1.233033905773422,0.896356787545618,-2.632293675826709,-0.2716993416927256
10.0,25.0,1008.7296142578124,-4.159325464573045,-3.330966238529148,-2.462645720955112,1.3517815772173876,-1.0311529133722863,4.661944398125808,-0.5881852826738934,1.3292553059935202,-0.0500231891685523,-1.187023243907936
10.0,25.0,1019.6862182617188,-4.577870760044913,-2.2502189974315394,-1.651613893551731,-0.0374186235578388,0.707666097307273,4.477774681576804,-1.6885116227031762,1.4465158236904363,-1.5649929420814757,-1.3598677982324523
10.0,25.0,1013.924072265625,-4.716795726273267,-3.5542138421788234,-0.801515355090963,0.467009587117615,-1.3979326386263926,4.607313019620186,-0.6732973133316058,1.415627151847291,-1.6447962623595207,-1.8557933084735123
10.0,25.0,1017.6417236328124,-4.942849563999121,-3.613806168220977,-0.520662351988558,2.3143515763852545,-0.3742622048757473,4.805335884351802,-0.035053503073076,1.362225494446024,-2.138982950708858,0.3454946476101881
10.0,25.0,1025.603515625,-4.653202510456589,-1.8098638107725629,-1.5359569803887978,0.2179622045819629,0.2745188576477977,4.580145969572909,-0.8868377010860993,0.7012705305703211,0.2751150111652567,-0.8904652248322718
10.0,25.0,1014.3991088867188,-4.983081815773686,-2.3466745050782696,-1.0534072338481182,0.7253208652346625,-0.550614675118605,4.436548811637325,-0.4528991630994703,-0.2029032360942366,-1.2221846798583238,-0.699727946029201
10.0,25.0,1020.8046875,-4.929338090653627,-2.299203265441536,-1.465488507427119,-0.9661248382076382,0.6468909855397893,4.915990935468624,-0.9808041878920896,2.066854888743876,-0.8795873486425325,-0.0934920048113783
10.0,25.0,1024.109130859375,-4.6200819911105935,-2.406013044831043,-0.8273735339497987,0.1419473742784287,0.2959312313451514,4.977473523254444,-0.4014953339019582,2.4903633866605634,0.2332494621889758,1.112081286674833
10.0,25.0,1026.749267578125,-4.500325612697809,-2.8628553976338256,-1.159968583939814,0.405520680100131,-1.1543851600638972,3.289666386986936,-1.4864178097588714,1.65330368204605,-4.040875878552535,0.0466914751892222
10.0,25.0,1012.6259765625,-4.412692014214508,-3.4218605473021344,-1.0341747648769233,0.6297802997421229,0.4475126908277351,3.7554351366969136,-1.0297493754651383,2.423851629109163,-1.4663855134240578,-0.3928681065296215
10.0,25.0,1011.2540893554688,-4.8032333829574485,-3.467137217255333,-1.3729870530544366,1.7843472118367396,0.1838841521504672,4.972704738097264,0.1341211539208631,0.2717136295461451,-0.9993444845624646,-1.6006549285721072
10.0,25.0,1010.2589721679688,-4.780211225020739,-4.7146919920099,-1.0000690141197377,1.243341651150316,-0.2375374926380153,4.116423290761382,0.0174090998262848,1.1498304131579182,-1.2947517037553595,-2.3564743816524505
10.0,25.0,1016.77587890625,-4.952431699386958,-3.05279876190482,-2.065860725622692,1.2840868297235817,0.9299134778913772,4.989901431544501,-1.0083516235048269,1.1533718505625783,-0.1327898821108588,-1.888805406827934
10.0,25.0,1013.8945922851562,-4.655541677893358,-2.162370796194961,-0.6947077806338244,1.280748720949032,0.0591596924333526,4.70046043445819,-1.1972487783143269,2.1759622349484884,-0.2277513246037861,-0.6988311232999864
10.0,25.0,1019.1853637695312,-4.926931678522141,-4.884407840240683,-1.723057047357158,3.516736978823856,-0.9210561053358663,4.882971610635961,0.2571497049017468,2.347610550331497,-1.220534509855348,-1.5749650044306414
10.0,25.0,1020.733154296875,-4.940738593703663,-3.4047935437105314,-0.9260715244231106,1.1725724067793264,-1.1976992265791395,3.916337134699077,0.2083112787917898,2.9648495992782644,-4.073324766795704,-0.844617166611215
10.0,25.0,1018.3356323242188,-4.814626229736168,-4.814940837377865,-0.9616660766520688,1.9134517355984528,-0.4525478303656784,4.849621403751348,-0.4450593644069736,0.3923594739135367,-1.0176106088563277,-1.9951314552886776
10.0,25.0,1013.1902465820312,-4.649913004139026,-3.051660819399303,-0.1568757210362061,1.2682527549177882,-0.8403606482431023,4.810669053273747,0.1665819956511685,2.746339341693634,-2.7023198986149994,-1.2240671351971044
10.0,25.0,1010.3346557617188,-4.526623513790968,-4.671121644269927,-0.8229195475776594,1.3725911406738556,0.1742846374881059,3.5008921708471163,-0.6062959229800757,0.0312890995853543,-2.9524212378839767,-1.2068403157832424
10.0,25.0,1010.6900634765624,-4.328176217001664,-4.774267656730936,-1.3930592210317947,2.2419715718681505,-0.5539172711181886,4.079090353941373,-0.1451119471988162,2.236090371771353,-2.1187332566224626,-2.0700441166096093
10.0,25.0,1011.6162109375,-3.815456735036751,-2.7504356340950227,-0.852275096315446,0.5599533891354316,-0.8084429679536962,4.811321151206236,-0.2162565057062853,2.1955343953808493,-0.0988955171393666,-1.7764387060838356
10.0,25.0,1013.6810913085938,-4.804200568677409,-3.3631180750984693,-0.4965888680744665,1.7805754773950353,1.5433802684599467,4.681725869293064,-1.0011340766875594,1.4776652710412552,-2.2567713780898124,0.1334934787616415
10.0,25.0,1012.205810546875,-4.730004171671412,-2.9405830346156057,-1.1365558219192329,0.404162159694577,0.0878641284670607,3.8207819237325342,-1.565868143912752,1.758615362057406,-2.602341729449395,-0.7130927435712229
10.0,25.0,1013.8768310546876,-4.964385193897325,-1.906238084012624,-1.9454500448497527,1.399338205505689,0.3488487089914516,4.999228407159794,-0.5969680040487209,1.5535920378694588,-0.3138074973176543,-1.3554217258805616
10.0,25.0,1012.8240966796876,-4.978230319118118,-4.177882242378193,-1.0415958680035111,1.001895976533809,0.5315544692150169,4.818889290268233,-0.6634428399419061,2.5111013908882738,-0.160479463837003,-1.2834961890392431
10.0,25.0,1018.3045654296876,-4.562610550681047,-2.314475819204576,-2.3676197837484576,0.4301951352487441,-0.5951577585096262,4.956728154346251,-0.4841950721043648,0.5665532359353156,0.2732954103313343,-1.8005862142199085
10.0,25.0,1017.9378662109376,-4.807917928121292,-3.9207646432576126,-0.4265523649342713,2.1089019875666075,-0.6471621363203521,4.927183572159125,-1.2659699545828174,2.315490848706987,-1.4263121607027305,-2.4302189246979027
10.0,25.0,1018.0408935546876,-4.731523785737396,-2.6350849469980786,-1.7295001030633914,2.4960863665671784,-0.7383868908383056,4.815317142671097,-0.8172479462298856,2.256404699041444,-3.5673215445815614,-0.1316732703821905
10.0,25.0,1030.4432373046875,-4.044372145853991,-2.384407923528524,-1.6000447118552503,-0.6668175434883148,-1.186743342293802,1.8126434404806275,-0.373400217730909,1.4556183068310782,-0.4927103500104834,-2.4292225167463504
10.0,25.0,1016.078857421875,-4.832813593120841,-3.134614005354301,-0.9338394112005376,1.278777548864185,-0.2708990624668814,4.989011840397787,0.2787457331745893,2.475298443010945,0.6800487590069952,-1.15992245619942
10.0,25.0,1017.4940185546876,-3.694482316423033,-3.657011059633579,-0.6131004314204223,1.5633710400201757,0.553044465045617,3.333585121223411,-0.0096849383212829,2.458243868308447,-3.553890615364085,-0.2295159039588687
10.0,25.0,1016.2291259765624,-4.785678471568603,-3.844534966342409,-1.888910701256848,1.89456281904513,-0.4646937706671465,4.976478611616752,-0.7345850697712022,1.7154206051051195,-0.2501079540389987,-0.1130594684591272
10.0,25.0,1020.401611328125,-4.892131602144625,-3.629395012225648,-1.4385372443559383,1.098034297995265,-1.0317934886163114,3.437635334866684,-0.6781574369089638,-0.6804862388851083,-1.015778746254488,-1.899185835690716
10.0,25.0,1013.552001953125,-4.148126726422193,-2.445414723227976,-0.4597015594669065,1.4388620673137664,0.5453771757155081,4.923092198628705,-1.666977776848161,2.9784117277050424,-2.7598233979056803,-0.1130684466414893
10.0,25.0,1019.2184448242188,-4.978434294427682,-3.772054682447212,-0.628002331569868,3.124273188036952,-0.464200047243386,4.694942425371924,-0.5476768633311533,2.55380735485478,-2.9489398823466906,-0.9400096942374984
10.0,25.0,1016.659912109375,-4.350794701541574,-3.601692640071028,-1.7715553163508324,1.736005118835675,-1.5150860333068072,4.600677313640599,0.2064404217719797,1.0226582025597235,-3.225532630676476,-0.9479949755948144
10.0,25.0,1007.7308349609376,-4.997496273194384,-3.7567200230652658,-1.189528144470137,1.1664372905438487,0.517339747443434,4.798697752087609,-0.1303522425868708,1.916594352248815,-1.0591298172218448,-1.376283142887405
10.0,25.0,1019.9654541015624,-4.966306330637639,-2.127841141558472,-0.6493435658461788,1.0823865058108764,1.003205198439236,4.769463819124621,-1.053334147968802,1.105231052353358,-1.0608142262030218,0.8080459479031727
10.0,25.0,1028.3980712890625,-4.944093692711063,-2.07486745830141,-0.6986517348553569,0.7845189217418946,0.047543680928392,4.844064053638338,-0.1406196286298531,3.013418118909822,1.3171178624708162,0.186649701712219
10.0,25.0,1020.7882080078124,-4.380883424230848,-0.8507645126748837,-1.8218861814862763,1.2487299828209135,-0.6260634108902323,4.79014751183913,-1.2277111992268437,-0.0566466733735389,-1.690834119063454,-1.7430483127270384
10.0,26.0,1015.0540771484376,-4.984553968773649,-2.873187210429566,-1.9522589480776984,0.1329987229412301,-1.0204409863697936,4.730944275379548,-0.9582186672065448,2.2314675693289585,-0.0278555903268271,0.666084434085759
10.0,26.0,1019.6650390625,-3.6867629876884256,-3.4267139416905152,-1.1588469162456985,1.0343950957368184,-1.0322873618214228,4.999999865683494,-0.672367229946687,3.1965422994890176,-0.2616043283760065,0.0374792834520496
10.0,26.0,1008.2742919921876,-4.292081783151561,-2.786086976125982,-1.0797291633371549,1.0697094336963584,-0.6559297503728176,4.8469896779480734,-0.6188777409012483,1.682064425782631,-0.6282158855980882,-1.2574749245730246
10.0,26.0,1015.7965698242188,-4.615438013862889,-2.42134757906637,-0.4783909191490201,1.7724925175937791,-0.2108265571741769,4.878449839382391,-0.4124499389525029,2.754011039790073,-0.8001286333912105,-1.8921976458349912
10.0,26.0,1020.1607055664062,-4.816163685143985,-2.7070537323767323,-1.1357096494625083,0.6070082635618572,1.6161707407691148,4.80598559176015,-1.5572233695348627,2.3803434826882075,-0.9213920932745764,-1.0856985344215526
10.0,26.0,1010.9111328125,-4.91841590340679,-3.8030304609367738,-1.0038853771976246,0.7180914540397136,-0.9509274229255568,4.194993829692448,0.7005505978085402,1.5169157490597556,-1.9857798950573555,-1.6532672635954615
10.0,26.0,1011.9273071289062,-4.038709631171338,-2.5417891184575025,-0.3349559212427184,1.8471248226289312,-0.7355671329182218,4.910506574788386,-0.0108927359398833,1.6774793827591488,-0.7178321613216987,-0.3868894127990909
10.0,26.0,1010.7662353515624,-4.748497873310184,-2.1361173431573888,-0.9890102010465078,0.6712969302133578,-0.9606951099460224,4.9635565027126365,-0.7392719241796053,0.651111180318714,-1.259480884039089,-0.4199565531545559
10.0,26.0,1017.8667602539062,-4.976905506132589,-2.50505738516552,-1.902033187119799,-0.0191120701596263,-0.5503190598908043,4.657688565533304,-0.7503515290422094,1.5964412122121718,0.41676482438241,-1.5128292571393582
10.0,26.0,1013.3833618164062,-4.99477852957458,-3.388965168428382,-0.4130327775434192,1.4030238050278785,-0.679136448680695,4.645184703153399,-0.4634402594472906,1.717395337043004,-2.74981590356664,-0.625771139105364
10.0,26.0,1020.822509765625,-4.991871922566669,-3.0814393042390007,-1.6987576261674595,-0.3265011726933267,1.2343177199201725,4.410701938785767,-0.9751666465865068,1.7306199077809925,-1.062634164761318,-1.3730908777572903
10.0,26.0,1011.9048461914062,-3.8482022260776505,-4.116883240587679,-1.3534816964010457,0.3138458278800016,-0.1809960792559186,4.994841235525691,-1.0035481778374369,2.344309483085927,-0.5909876371281548,-1.1843376066449398
10.0,26.0,1020.77685546875,-4.693904614292786,-4.936315449339896,-0.672893627844652,0.7763147886924653,-0.195449344832248,4.415801636772279,0.8971245410909079,0.4402089702928808,-0.012659051845465,-2.229337820726136
10.0,26.0,1020.3342895507812,-4.540383339337417,-4.223002113937494,-1.221235146459343,0.8889458735399867,1.8647211018656809,4.860778509883781,-0.9614982828104032,1.685309633388126,-0.1088810876092578,-0.6984834349204014
10.0,26.0,1009.7999877929688,-4.9754813898997705,-3.265120904254405,-1.5980090287925988,0.2319411044353341,-0.6456384684551608,4.729892998644484,-0.143313934248165,1.0273159177196112,-2.3948095958194227,-1.2886943194099754
10.0,26.0,1012.0963134765624,-4.500474845599337,-3.256663068108759,-1.3488259082202108,0.6056333673262877,-0.6908180895743081,4.7258978353709775,-1.207808883417445,2.314908344870904,-1.884903907625573,-1.2368533600849183
10.0,26.0,1019.9667358398438,-3.070420147445105,-4.01781492209193,-2.196109781068403,1.0731272375040657,0.874602026481436,4.927620784389386,-0.10300297645529,3.143632731264612,-2.123687030583335,-0.3211371809071304
10.0,26.0,1012.6185302734376,-4.999993114720282,-3.783501040968753,-1.468823338636481,1.6050716972640702,-2.1629481052517585,3.867532321766875,-0.089197306903463,1.1768670991624406,-0.5098804774294745,-1.334868133569599
10.0,26.0,1011.7319946289062,-4.949449299026966,-3.57633080954441,-0.5225466891774548,2.1439477094054133,-0.5075022324394451,4.077742438727741,0.0658940150058517,2.4322587533793394,-1.2033547975703636,-1.9926666124925232
10.0,26.0,1020.1473999023438,-4.98573574271505,-4.896672612728031,-0.5784222295268906,3.837964412299062,-0.8134040708879899,4.755624253872767,1.143834233825646,0.7763399331611351,-1.7043394548326236,-0.764550879964637
10.0,26.0,1013.4229736328124,-4.550261022408613,-3.8707514365180336,-1.8870634516404925,0.336998156098808,-0.2590011556066294,4.85145078229513,-1.0150852120489935,2.110132290720599,-1.6944414911277388,-0.3938824649516181
10.0,26.0,1008.358642578125,-4.295842636211151,-2.91399217722853,-0.9377289700190196,1.1212073102612417,-0.2513500703512275,4.244023628614704,-0.4521043176222177,1.5300360507935302,-2.5248576032374164,0.1637255121015677
10.0,26.0,1017.5022583007812,-4.987446890221482,-4.203926015875291,-2.23842462031296,1.3824009883836492,-0.1333321008311685,4.893874432830375,-1.0592186410653186,1.1117458449814055,0.1731119743009088,-2.165001371488847
10.0,26.0,1010.9261474609376,-4.797227216538785,-2.328618472788833,-1.109851291010708,1.5963551165680512,0.2327043677657814,4.691368220218774,-0.3341458485318425,1.6114915753790582,-0.5028057336441698,-0.7145868525406387
10.0,26.0,1016.9197387695312,-3.73161975844742,-3.2233668853354205,-1.5315348698081497,2.7035801225979643,-0.0574694304832581,3.5578741204953435,-0.1994612225961356,2.438934893726424,-3.7244835885536594,-1.716797143001234
10.0,26.0,1015.603759765625,-4.814719803235247,-2.8130075066689506,-1.3862893043726254,0.3570212718980414,-0.6584148091719246,4.593698784025994,0.3850483545441854,-0.333843647887841,-1.0224832298701312,-0.8807473138567108
10.0,26.0,1016.0066528320312,-4.800353809636254,-4.99264760874101,-0.2186655912772135,1.0692541106487132,0.0882476361261037,4.4696015204414525,-1.06332325266635,1.7943687156497763,-3.515220826012519,-0.756826123798418
10.0,26.0,1013.3071899414062,-3.586661996579809,-2.8949126729125725,-0.7952748155537765,2.6143913079172325,0.506031404936298,4.8818533137851166,-0.8510249939763863,3.064439258450891,-1.8357650469209144,-0.103259874827513
10.0,26.0,1042.5330810546875,-3.9338614462364143,-3.511140637921509,-2.0957456856650625,-0.6510761359607695,0.1543451272278826,4.679048840899684,-1.1756241797764444,1.102436990574538,2.103750596242894,-0.5037192463052955
10.0,26.0,1010.26416015625,-4.926140545373304,-3.666482659620964,-1.7826661968546065,0.2447230149795354,-1.702593504110641,4.036264451110265,-1.0539955655120563,0.6977690159772472,-1.6753501748182362,-1.451036166091812
10.0,26.0,1007.666259765625,-4.566193593933378,-3.4645206739069363,-2.11620984829597,1.5248146421218678,0.4334425512191711,4.970118116817625,-0.3441912846999839,1.7326252036399472,-0.343956471027151,-0.9291042457200778
10.0,26.0,1009.3333129882812,-4.881295590889862,-3.8693399607298655,-1.0842829607866222,-0.2331139353719029,-1.0074558789605668,4.176419654577519,-1.1448298130664425,0.8256096560361259,-2.608852220176304,-1.0464129112363745
10.0,26.0,1011.03759765625,-4.2747667766431405,-2.31324098902266,-1.879570526382664,2.044534725329481,-0.0274078698930289,4.922597664551711,-0.7335561080070887,1.2821081217870542,0.5850050247616334,-1.3951868845011268
10.0,26.0,1010.8284301757812,-4.997851468112576,-3.963853313673644,-0.8708871200603578,1.4049418897399637,-0.4413168507353386,4.500363191962592,0.2831759087058136,1.457432054199911,-0.4380758731581293,-1.6270219249285156
10.0,26.0,1018.770263671875,-4.275909137304298,-3.943243293084501,-1.2961365251849384,1.042209288269797,1.3146600737902403,4.138963006523438,-1.3884765707507176,0.575821021327175,0.0858227650479523,-0.948764789990534
10.0,26.0,1017.6195068359376,-4.9805815760911205,-3.104738596663983,-2.2130544518366886,1.5779134828171433,1.075202327353173,4.494514959744171,-1.3179431006300342,3.610338090223369,1.035002017667277,-0.4487375870495489
10.0,26.0,1010.2743530273438,-4.077567106565558,-2.533528826873733,-1.8278427404004736,1.564944548071101,-0.3312855126504779,4.049843848594914,-0.1093532331533566,0.7503551656693084,-1.2813611088232788,-1.4521147014961877
10.0,26.0,1015.584228515625,-3.184139310183193,-2.513442252261119,-1.498702510479872,-0.0729144439951987,-0.3881761509306525,3.6795813668462856,-1.5763034312261164,1.880040883808718,-3.184259217745239,-0.7007990732910665
10.0,26.0,1018.1644897460938,-4.945140474601733,-2.8439731941716424,-1.4159753578660004,0.3085798783301516,-0.0664696186699851,4.542181199682773,0.7797178751426941,0.7030847489560799,0.0997383536972726,-1.063103115309155
10.0,26.0,1005.606201171875,-4.930691798135007,-3.119927244736406,-1.869593284084118,1.198288712288801,-0.6114799260845123,4.912681087223625,-0.2318224023548083,1.6317270423473031,-0.8453252698602141,-1.268637189426689
10.0,26.0,1011.0617065429688,-4.137158498547915,-2.3888119661800022,-1.7335130565865686,0.2116957102332932,-1.781954502470902,4.974623500129617,-0.1338850438490855,1.949989062820241,-0.4585579087853944,-2.6817563583625152
10.0,26.0,1010.1310424804688,-4.754959930495934,-3.854697192495809,-1.7304348188014678,1.4082321602185175,-0.5669223790597941,4.82840037812138,0.3650358906845472,1.1151301495152977,-0.8031953063870159,-0.3677696203329876
10.0,26.0,1014.7622680664062,-4.607222236078584,-3.858686063290473,-0.5714171626630273,3.1279147693485463,0.1630374104711762,4.970996149389773,-1.2421228286921515,2.6147029351662496,-3.152379109179665,-1.12545732391566
10.0,26.0,1014.4682006835938,-4.9993874039634365,-4.598202952021584,-0.9181281963523356,0.991012979152571,0.6813117700544744,3.600723008458422,-0.699839378430795,1.0572933849963402,-3.5868266971222384,-0.0010861806410042
10.0,26.0,1022.099365234375,-3.720927353090271,-3.2274664505053847,-1.9878260937296013,-0.5719610963728989,0.8669160714827733,4.765925321854205,-1.9948359379089275,1.9878046060846035,-1.4027782344408737,1.409115663091674
10.0,26.0,1012.1679077148438,-3.9958346323812415,-2.942830497845984,-1.2955955305199025,1.1890735714713294,0.8257075452539597,4.134797497331222,-0.9931169393289244,1.1944341024318703,-0.9084350608084276,-0.6643622662259077
10.0,26.0,1013.8639526367188,-4.79503997716956,-2.563551201840085,-0.6810530590986881,1.4758180382321973,-0.2711785723907116,4.657467161836252,-0.4083497287975914,2.780704129841941,-3.02911874865804,-1.123541513718215
10.0,26.0,1018.8447265625,-4.962227672510361,-2.392280861546627,-0.8661833258337444,0.3488406094811509,-0.7779083010789263,3.3658616897334106,-1.0059085352716113,1.6446399739435469,-3.0296444076180205,-1.2838490846173407
10.0,26.0,1020.9501953125,-4.95633941861394,-2.7913941147086216,-1.5403961434131128,0.520694252997215,0.1532022947003808,4.957463809177535,-1.1503619125297009,1.5879722569832635,0.774314268488733,-0.094175381093283
10.0,26.0,1006.0640869140624,-4.866413182259774,-3.209599929302108,-1.7408325000918836,1.6563195863281095,-0.9277038072356608,4.301562681271838,-0.2242012849070889,1.478282296311165,-0.6093271638615727,-1.270404963636648
10.0,27.0,1016.014404296875,-4.724102899233329,-2.718240630297676,-0.97270592060368,1.8888823395855745,-0.6854477737640758,4.314099901438743,-0.9272789923534344,1.2432163224688555,-2.594449231478277,-0.7281673384306693
10.0,27.0,1008.9942016601562,-4.548319665904026,-3.563641602060603,-1.050501126762282,0.9050595652726878,-0.8008736616402699,4.997456771614479,-0.6385097705606633,1.280159530013126,-0.9153161460586984,-0.2489440567785026
10.0,27.0,1010.653564453125,-4.923771746303984,-3.386552121902294,-2.487849100791437,-0.2540593114189624,-2.4372404967460337,4.98829809968365,-0.0948536784970501,0.5827392804530218,-0.4261454364334085,-2.4484050572702576
10.0,27.0,1013.3211059570312,-4.7822849143415445,-2.254248200075786,-1.3936153719066264,-0.0875066870977576,-1.0411813434986366,4.123443916109967,-0.9995806210283034,1.365872294341445,-1.2314343400712362,-0.4987283836170668
10.0,27.0,1015.4213256835938,-4.966983046065884,-4.985065093996698,-1.9947602451110056,0.2666406313622556,-0.345241650320756,4.8639389333167085,-1.1339819506010556,1.083654245673488,-1.023135004913725,-1.114649496803226
10.0,27.0,1013.6323852539062,-4.743895005482198,-3.068614525610721,-2.079764917217489,2.4515958461435003,0.2043106966707384,4.995915012104518,-0.2899934190651256,1.8011205585336292,-1.8307782405334767,-0.7749708853890951
10.0,27.0,1009.09765625,-4.803848118567674,-3.582214396352832,-1.0765351404239256,1.4916566061426302,-1.4601488660142348,4.99561975057113,-0.3598632248787483,1.1509188265190249,-1.5826686620030102,-1.3222923618933995
10.0,27.0,1006.5543823242188,-4.136606562588282,-3.292979083538927,-2.0480466250849734,1.3905043480127324,-0.287020605533371,4.5403430139574255,-0.1519062150222367,1.6440103048582566,-1.8436029841233608,-1.984889270556626
10.0,27.0,1013.3775634765624,-4.76532486239562,-3.187916849729357,-0.9069076928852836,1.975934948552581,-0.0423999334394977,4.830072609920947,-0.9790782349550112,0.4134936812340957,-2.1981617598662533,-0.1540668139827641
10.0,27.0,1010.5970458984376,-4.107893328111509,-3.12946130463157,-0.978408312289952,0.681697663503444,0.2103212395301055,4.960174944371081,-1.0391703073269918,3.500409820934145,-1.6024356601712677,0.0354174102318722
10.0,27.0,1013.2107543945312,-4.214372910870333,-3.887643415174812,-1.82983163342282,2.686332049720184,-0.2453174300721619,4.719814961446952,-0.0121440414830278,1.2734814558780991,-2.7146906236580866,-1.093287487121386
10.0,27.0,1018.427978515625,-4.991902321597351,-3.675867666945015,-1.6581717820820034,0.4578325150422255,-1.472079933760538,4.113188960841917,0.9369197124855076,1.1220703953359372,-2.2785831736745266,-2.317565285037729
10.0,27.0,1007.6082153320312,-3.3405905346923386,-2.9447368414531847,-0.8813949808697172,1.4952455631459527,-0.1475449265584654,4.917772457027599,-0.9214184421791688,2.2812212451906007,-1.461762745896804,-0.1792042325340128
10.0,27.0,1040.232421875,-4.971672391186788,-3.1556729420155523,-2.4565454288509416,-0.7060621426227982,-2.5004061793873618,3.0148328124293915,1.7318062445089044,0.2731738436160604,0.2589154766289816,-2.2747114915067543
10.0,27.0,1010.8756103515624,-4.638745796751122,-3.159824097273648,-1.261495951469179,0.7428994928431614,-1.188266544758902,4.752182459147104,-1.2975914775466335,1.827333741607089,-3.100064621292096,-0.0224617195810141
10.0,27.0,1007.522705078125,-4.858126524748912,-3.582586517571663,-2.340610504462264,0.9267955863702042,-1.1040859673978003,4.614706128620506,0.4590590777678303,1.0409557674808152,-0.7719454779381882,-0.9893310375360952
10.0,27.0,1018.259521484375,-4.990251080139596,-2.577037664862724,-0.7948651888070266,-0.0311798107081191,-2.9811712648037765,4.925524445338818,-0.0829613404129911,0.2542790804602157,-1.5783852208475269,-0.9054694451881132
10.0,27.0,1008.1880493164062,-4.0246815574961685,-3.426373593403766,-2.0053968374885422,1.6739605792164802,-1.005539166376832,4.2823262199071,-0.4899369566541267,0.896855479457134,-2.3993402402616857,-2.1086184541495
10.0,27.0,1011.1051025390624,-4.245600736962035,-3.4305950572243096,-0.4834861851798093,1.898496109432476,-0.623131542007739,4.708859135988705,-0.6638598757379617,0.987480883334932,-2.3012974660154564,-0.5630581015239962
10.0,27.0,1004.6526489257812,-3.5722597667780684,-2.6716613775905724,-1.8007185786834103,0.4853695990508386,-1.1696360714154688,4.893476068218556,-0.6867262347479297,1.4269684921300048,-0.8135064303692356,-1.1628799480693912
10.0,27.0,1012.3999633789062,-4.80845988206177,-4.609829233154561,-1.4413446172339666,1.0102888429012404,-0.5639027196639699,4.785860121569355,-0.7729770214748193,2.2838279589986774,-1.0676437851941103,-1.2500168847779722
10.0,27.0,1025.92333984375,-4.954711766586409,-2.2074997593437526,-2.413018700851371,-0.3558021792962496,-1.2311827255509429,4.992563409792917,-0.0528196537842466,0.4599148555230092,1.4181920221093538,-1.9755604893826504
10.0,27.0,1014.0917358398438,-4.201401579953123,-1.7796179336603202,-0.3137046146755331,0.5578335129561367,-0.5356055757590354,4.970325386896205,-1.0784343258275042,1.582058350913571,-1.530664027264085,-0.1701777228773373
10.0,27.0,1023.1329956054688,-4.481026716603639,-4.756412254918579,-0.5354816296985181,2.4640364626410003,1.4919081985972946,4.907767430592582,-0.9315956688997532,2.282630959926321,-2.301943279668289,-1.1184602997197906
10.0,27.0,1012.8059692382812,-4.961151269209997,-2.966559369399865,-2.797390819941844,1.5331521075472718,-0.6656217514089189,4.731883399609597,-0.5817242128304043,0.3979018223224928,-0.9902517134326212,-1.3551969151485692
10.0,27.0,1013.0220336914062,-3.662994385577272,-2.7950115469636736,-1.9375975486216543,1.984640238426309,-1.101582843474537,4.996966121596891,-0.7302045186319202,2.185149584146592,-0.9021323576579235,-1.1088248425105411
10.0,27.0,1012.4833374023438,-4.997282267070376,-3.39256268986423,-0.0496010868542651,1.894357814526142,-0.1645119273183439,4.61588923498088,-0.9917750331899332,2.6764945422125663,-1.5906198333476391,-0.5354296028170271
10.0,27.0,1016.0106201171876,-4.996603073626028,-2.9264549245198173,-1.5588805403323611,0.3219195419393834,-0.6508311793793418,4.998481165981364,-0.768892007705892,1.6424316160153207,-0.0050799905985368,-1.9220372985632488
10.0,27.0,1015.3129272460938,-4.97824791093304,-2.0319249238505006,-2.537496895371099,0.514541207716336,-0.4011560495996535,3.2700835943718047,-1.494705185389935,1.5089394060448802,-1.5166604778629718,-0.8822825049396315
10.0,27.0,1009.4031372070312,-3.8329100513264898,-3.198387043923504,-1.4078044109791188,2.4480346838086584,-0.2512567140853212,4.705956610055006,0.4638066123892326,1.030292478102954,-2.180274590521022,-0.9095698834221472
10.0,27.0,1021.3477783203124,-4.74660807405861,-3.344534640415478,-1.1574209649541412,0.7423845284886355,-0.8640351322307174,3.6163773159362265,0.7814270397060641,0.0859802789048647,-0.8177273702246088,-1.9556897280427723
10.0,27.0,1019.1367797851562,-4.504445366946125,-3.802571273481109,-1.5332066959670776,0.497612603562148,-1.4368919906932858,4.973083804767498,-0.3901933296202138,0.1846834195601765,-0.5535065753866046,-2.759053430589504
10.0,27.0,1011.8995361328124,-4.888197456111557,-3.932326674079708,-1.048976130559776,0.6378149837735334,0.0126288502099827,3.746891896797578,-0.156253475204168,1.2311175666779128,-0.9346418386664226,-1.7093507658183815
10.0,27.0,1010.9873657226562,-4.875051428641347,-2.371761164787904,-1.580320679077344,0.2657241996308821,-0.8649563495772172,4.753329960792925,-1.2395529561290863,1.6031341235337084,-1.6067580331474032,0.2287626124105859
10.0,27.0,1018.0630493164062,-4.969449041102674,-3.541473033921687,-1.400203345492543,1.4790369493162263,-0.774111032832586,4.8436032040933,0.5203987344703336,2.800433103617584,-2.087526655783261,-1.5704248125196352
10.0,27.0,1010.5764770507812,-4.999329822250712,-3.881621591305862,-1.7397924102724267,2.615143349951281,-0.2851958463435249,4.622215401612399,0.6751822468899684,1.5401002147072322,0.0664780223478445,-0.6962832615981824
10.0,27.0,1013.1394653320312,-4.829325232030965,-3.0481214858623407,-0.7169315160373104,1.5136614536388269,-1.1221236979853657,4.071565729750729,0.4647817724089709,1.463250417261075,-2.1856753002409586,-0.6791606822550458
10.0,27.0,1012.7200317382812,-4.5499709653580425,-3.381716588089305,-3.287928849122601,0.0954510059578783,0.0990057801049655,4.4612231421995325,-0.459986069688326,1.5072267688478045,-0.0805525443063075,-0.5972429802808401
10.0,27.0,1011.2195434570312,-4.969782790583756,-3.7100200437926,0.0468026569443766,1.3063630907855783,-0.5202228271816489,4.590665669962375,0.2353663300560935,1.3546935796777737,-2.6604717287879214,-0.8999719802966961
10.0,27.0,1013.6707153320312,-4.776480328115783,-4.861649345238775,-1.6545319143868182,1.8833551448027568,-0.851731910259673,4.295594882887498,-0.8344283551082761,1.340816297722256,-1.354118797521902,-1.4796368929229784
10.0,27.0,1008.4615478515624,-4.068417608756713,-4.224404474139862,-1.7185474098744864,1.535211344976167,-0.6592751425519605,4.064846209609307,0.6997813724535407,0.3956645464843022,-1.3378874548779245,-1.4676485951238902
10.0,27.0,1018.4140014648438,-4.632440203960264,-3.312962377794737,-0.8617067009033317,0.7465527684006066,0.310790100312194,4.93323494513858,-1.231934617989063,1.9872485024469464,-1.2586975953400374,-1.7957544072900946
10.0,27.0,1012.5831909179688,-4.566353735484446,-3.40287158615252,-2.165328023179753,2.2490372182355447,0.1021574723226397,3.557563930309538,0.3445223366507228,2.125037453975801,-1.1975243865394862,-2.0140963169276764
10.0,27.0,1020.0130615234376,-4.955809353391075,-4.037492634389927,-2.377229456704008,1.4398760485486397,0.7678856798883356,4.891581727520663,0.6010944391350783,1.114668271019399,0.8389894681165231,-2.0356581684465223
10.0,27.0,1013.3067016601562,-4.993084526781374,-4.055165361447647,-1.4428685924487077,2.8471185784035296,-0.7801599065074853,4.999511324587759,-0.6464711063425996,2.007446146361902,-2.2812704737153844,-0.7096738750617586
10.0,27.0,1017.608642578125,-4.964781247901862,-3.4338846291921548,-1.4439253035442965,2.126117957808016,0.6499485903508564,4.48465546874014,-1.7040757244877658,3.086976805999885,-2.23138518545921,-0.0995696998718873
10.0,27.0,1014.6747436523438,-4.909444128632562,-2.8125283668143592,-2.8462535619654545,1.534082074860282,-1.478548832313677,4.999936509586465,-0.9543023593720736,1.3550142068433289,-0.1642556924683944,-1.1999393605398785
10.0,27.0,1013.9815673828124,-4.871904142966937,-4.19151332235918,-1.08881875955382,1.249351834564,-0.2141253064145587,3.975917526943727,-0.1968590741272873,2.782584214200332,-1.986495208617084,-1.8412647392450048
10.0,27.0,1011.3658447265624,-4.61748695115045,-3.595902478243871,-0.3922050822183918,-0.1600869182978987,-0.8891525474911379,4.33782633133297,-0.5788022484349256,1.8113305040114,-1.9866190186986443,-0.959444717643648
10.0,27.0,1018.9266357421876,-4.392086309418996,-4.359606720064341,-0.6162523133792783,0.8307699798285615,0.0942070680814524,4.77430392712605,-1.4496950997638909,1.596364705099511,-2.2087324284837075,-1.533133413701691
10.0,28.0,1009.0614013671876,-4.1377477404398,-3.959071093606572,-2.23047823708217,1.280785724230519,-1.9328627856703933,4.942290471611953,-0.5700367365553021,0.4125792912401405,-0.3017009179057082,-2.2126606505398803
10.0,28.0,1006.9667358398438,-3.7075882307661896,-2.292375324619411,-1.504450595847746,0.2301035722359685,-0.4337044099061433,4.932312935671231,-0.4421667680269694,0.6911771600522307,-1.0234396044646212,-1.202041345901261
10.0,28.0,1013.6649169921876,-4.986146113527948,-4.0214052455259335,-1.392928265204814,2.7357766319908645,0.6954495204065694,4.985557404959486,-0.5609192331146993,1.4711178420501705,-1.623939519001346,-0.3567222203984936
10.0,28.0,1020.6259765625,-4.933882377494121,-3.056979487266825,-1.6517203972237655,0.3455852121046572,-0.7080793236379117,3.0947377322958367,-1.0958162181282494,0.3676304022986603,-3.033706157184664,-0.9891997633183562
10.0,28.0,1011.078369140625,-4.250198330452088,-3.1442335917639817,-1.7495514716695948,0.2745334068511882,-2.8428812685304536,3.4544211085621264,0.6370248169325166,1.33042247718606,-2.1889661022485702,-1.5959282015324532
10.0,28.0,1011.3485107421876,-4.84845347719204,-2.913219714326753,-0.9859577824683674,1.4508828015240347,-1.2296916597790957,4.9647375591461405,0.3375946189457455,0.9631452472116616,-1.2945363534678411,-0.2186432058511069
10.0,28.0,1009.8748779296876,-4.688998680581362,-3.5683481355007083,-2.6351215001476325,-0.3111321044565693,-0.5039437354235261,4.734391281160576,-0.5559623232955708,0.2999584187524871,-0.87514084708695,-1.2077294368627656
10.0,28.0,1022.818115234375,-4.66334125514947,-3.875243510686048,-2.275709553827056,1.1930342550676345,-2.2051910101512258,3.937129169490243,0.7386016854620001,-0.0044481195033014,0.0888435067219495,-2.7710573165859023
10.0,28.0,1015.0927734375,-4.377850474205774,-4.722209635207708,-1.1441869853574338,1.6441144965413337,-0.9226845883084084,4.792861791703768,0.4262359748750652,3.0401656566891795,-0.0004385665716819,-1.9847089325402791
10.0,28.0,1025.0277099609375,-4.992693981034775,-2.0500402001764693,-2.9630457747704,0.6558127262810798,-2.861870766542088,4.749454986146814,1.323686016650088,-0.2224326192705863,0.3424751968755535,-2.611814075790168
10.0,28.0,1030.2803955078125,-4.626110966770221,-2.6386485577613787,-2.520469249377335,1.1689046021427083,-1.1559415597935367,3.978105925381208,0.2879850343184733,0.2208419688009941,0.1322366405557273,-0.6772723299525083
10.0,28.0,1019.2597045898438,-4.874963189014333,-2.817857515270453,-0.0681962814117431,0.9254405282968056,1.2782407156872608,4.9927528059158615,-1.66913168487309,1.3396855340389775,-3.490346311159946,1.3141263202218258
10.0,28.0,1026.236328125,-4.770847117361586,-4.974606530208234,0.2030454783930233,3.393725180544428,0.7842668393385068,4.725335286180641,-0.2088600314276689,3.072454682212811,-1.5322205039653207,-0.9813707286685868
10.0,28.0,1012.9012451171876,-4.248601145325894,-3.0603250894095355,-2.1919447137676675,0.8732790311905605,-1.4346733010041484,4.4967253451858245,-0.1974002723884957,0.2085347291373773,-1.7243757307059293,-2.0114574985095373
10.0,28.0,1017.0623779296876,-4.711096609010814,-2.990264929079048,-1.461307894814086,0.7597019511384628,0.8220955658616704,4.630788151868089,0.2493031996296801,0.2374503337536362,-2.334292017975918,-0.7907044232164839
10.0,28.0,1018.842529296875,-4.9897039807109085,-4.324054684677349,-1.3626469986008374,2.5979843289820046,0.4285810537644652,4.974784980589599,-0.8085913832870482,2.429171207262062,-3.785756306997452,-0.2896084293309515
10.0,28.0,1006.8148193359376,-4.020025648355611,-3.3377245691218005,-1.9495111049202527,0.8338299755808922,-1.5526059503814205,4.998244848072233,0.087755449223712,1.5707445533630482,-0.8156316322139388,-1.060558127685394
10.0,28.0,1014.9611206054688,-3.492103719613042,-4.762144053437839,-1.0922293480715215,1.6963514427380328,0.6532388600557271,3.7845483488723897,-0.1784207067431067,1.0798054898347322,-3.5159115141544657,-1.1524750126917742
10.0,28.0,1010.622802734375,-4.61408821020822,-3.1201139475970816,-0.7873730422159761,1.5748549284274205,-0.0417415935675702,4.999843676816466,-0.5892690164174939,2.3793807548628827,-1.116051670415645,-0.3026772872329442
10.0,28.0,1012.8511352539062,-4.422086534552222,-4.888498864700902,-0.4851814347883518,0.7960711064450372,-0.5325650098557873,3.5936729841644244,-0.7647385636685984,0.4623942618809815,-2.5031884007872973,-2.5282133217745013
10.0,28.0,1036.3011474609375,-4.955434953604114,-1.6235659930855406,-1.902756683415871,0.4244662173880904,-0.1273769046625075,4.707473030935724,-0.6190400249832617,1.5013853044540673,1.0351413827173426,-1.5725752885132396
10.0,28.0,1011.0261840820312,-3.856892495639885,-3.731921621228647,-1.891070993551484,1.985623639180485,0.4815636307890703,3.1822328754455125,-0.621833839891826,1.7862641123079728,-2.547090354354253,-1.8597095745745424
10.0,28.0,1014.020263671875,-4.871660109519259,-2.889123004845528,-2.5831374886794256,0.6904444854351199,-1.1010343462930363,4.928044781687014,0.1489357015549721,0.7336807282491531,0.3626441358090453,-2.276855488606621
10.0,28.0,1014.490234375,-4.945877484586105,-4.264967217386664,-0.9927727758881666,-0.3719962188423551,-0.2315751950964388,4.340550329235883,-0.126912901978506,0.8041771080287541,-0.6627790019686168,-1.319521952056836
10.0,28.0,1014.4393310546876,-4.444952528173667,-2.311065470893431,-2.305278049290523,1.5382773259524996,-1.0231241434198344,4.740047271383052,-0.6133593720812422,2.0325337523067137,0.0446569648204286,-1.224693010812885
10.0,28.0,1021.8433837890624,-4.796147412509658,-3.852732204880655,-1.1042035030714987,1.1081820651633052,-0.445686519628004,4.567671743288068,-0.3482767100670036,0.2097203576540334,-4.1301028824389965,-0.6549525362792776
10.0,28.0,1016.8886108398438,-4.699429203566473,-4.190218054384397,-1.8950872485676984,1.3987022644799811,-2.2199512194713145,4.538114239742786,0.4051753457703544,1.5198777479111802,-2.262795730157852,-1.2432817262293332
10.0,28.0,1011.0128784179688,-3.9672543270057714,-4.617554365647007,-1.327859528182401,1.7171225570253394,1.0348644382965224,3.93424525408938,-1.0308362591079097,1.2105401763031098,-0.7238682543295498,-0.4677502603629522
10.0,28.0,1026.5987548828125,-4.992449194649836,-3.743173474603168,-0.8605115468858342,2.30348860778167,-0.1389713275249011,4.911845372723491,-0.8235605544099949,2.3551523815766062,-4.004608530263052,-0.8293403705992013
10.0,28.0,1012.3449096679688,-4.893674058179825,-3.618072949526909,-1.1528880384600495,1.00351906685761,-0.7662015234160071,4.48310475149545,-1.1378315530239034,-0.2026344694902357,-0.9807010110601864,-1.0867061688588682
10.0,28.0,1005.7340087890624,-4.985502876859524,-3.021611173447055,-1.6962363339258726,1.5762452776584093,-0.904516968699153,4.86533867812568,0.1848551908312758,1.6565809437147987,-1.0254919715737825,-1.3821034437724018
10.0,28.0,1022.2385864257812,-3.52619745528272,-2.598330701155014,-1.588588497218475,-0.215558218043375,-2.2511648250357243,4.999173394081716,-0.4093102796761663,1.3751145626402614,-3.0154152214101755,0.2450101268374744
10.0,28.0,1006.8798217773438,-4.546398390424821,-2.613783736528091,-1.8899594566012328,0.2460625616493263,0.0780729008925495,4.99773911746605,-0.7949761379456426,2.135347347040123,-1.1687225936110588,-0.4549338475905093
10.0,28.0,1015.641357421875,-4.834861164595077,-3.341189744127111,-1.413163204051861,-0.1391254274109155,-2.664272535449014,4.984144125706786,-0.6563586441902487,1.3258253618549576,-3.014288586904597,-1.5000142396732152
10.0,28.0,1022.224853515625,-3.579191226331732,-4.005685076864005,-0.6283310929130739,-0.7487185510297065,-0.7940563256959301,4.980169898649208,-0.903484882862112,0.1079774847492665,-0.6833902614592331,-0.6561063545370764
10.0,28.0,1010.3970336914062,-4.174447113214471,-1.953085077329737,-1.342235678016039,-0.152454162129171,-1.225175002394975,4.979679195762758,-0.2111404069713716,2.110470924675088,-1.1324563345097012,-0.4883441036823788
10.0,28.0,1014.3424682617188,-4.9946401235169535,-3.803475885561811,-0.6620590605145251,1.1627409872575818,0.072296945778751,4.852080710184225,-1.1027611420373256,1.5525335752733804,-2.2175447245413693,-0.5161027080550706
10.0,28.0,1009.1162719726562,-3.868232288317876,-2.4983420855993907,-2.195650745012303,1.4217847888408013,-0.8981114647912944,3.4428143811038385,-0.4688652246735962,0.8711565966850383,-2.277692105421894,-1.5731484926238548
10.0,28.0,1010.6254272460938,-4.534293690137228,-3.1334462342885856,-1.095759539264007,2.529097378442,-0.577766698432324,3.402093494455432,0.4300537109834099,1.9188062494494869,-1.5393071292300275,-1.5297493353242766
10.0,28.0,1014.538818359375,-4.866819301898655,-4.443594251679753,-1.748970300441493,0.5748503560060092,0.2238188483259211,4.2664361371708175,-0.730908693391541,1.377555103733659,-0.9047611781210368,-0.7083204783603945
10.0,28.0,1014.9691772460938,-4.023643969652467,-2.1608768237505687,-2.330301132320362,2.4165347714022545,-2.605875149816354,4.841466743959996,-0.6471246907950539,1.4375579917453285,-0.1936902832581815,-1.5353277749316732
10.0,28.0,1011.9389038085938,-4.980436834537779,-3.6494196217040615,-1.36331161301798,1.0996547953414924,-0.2524577860617336,4.999940354920231,0.1867874836209377,1.7667862254546964,-0.2172045453218567,-0.4999745604813661
10.0,28.0,1016.4786376953124,-4.991312183262222,-4.143527048128186,-1.354991030398689,0.7378434944984358,0.1925609718418384,4.876411282941856,0.390394587727398,2.209255814907727,-1.1652295736480731,-0.6575773183934412
10.0,28.0,1010.9234619140624,-4.651395506735762,-2.8840016977601457,-1.183635802836978,2.81027861877916,0.8527525824318607,4.91263494365376,-0.7575506658826932,2.1380178002985915,-0.621558377756589,0.0616545395999201
10.0,28.0,1010.7258911132812,-4.476755638198354,-3.4439923589442127,-2.38977468843981,0.3114238811245995,-0.8148427829998619,4.99942806425015,-0.803439411699026,1.290995702677776,0.1053431983553956,-1.9469455018014967
10.0,28.0,1010.2264404296876,-4.679828158985476,-3.6920529731614153,-1.7462130142703334,0.803917883469695,-0.8752940817892876,4.972298544190277,-0.0023691306672564,0.7566248614372917,-2.192341548127529,-0.5741881124605177
10.0,28.0,1018.150634765625,-3.371035489986482,-4.036324846737758,-2.2463193869518783,1.5094033417494763,-1.0913481331143204,4.922730045678744,-0.3511890920634277,2.378262779923104,-1.878188117335157,-1.6465502019251193
10.0,28.0,1024.2298583984375,-4.943140595410943,-2.8521297765405187,-1.6046569157557808,0.0037378717304923,-0.0099710234405847,4.953861698741328,-0.8199789025574109,1.0219646456389615,0.2521242139445618,-0.4054600114289926
10.0,28.0,1007.6868896484376,-4.320117988120985,-2.7410796165105213,-1.5051135754207126,0.7517785363197946,-0.7556642957419983,4.809976500801952,0.1701590492229954,2.0599871386018034,-0.4998751063449367,-1.2195160431169736
10.0,28.0,1017.007568359375,-4.9164851145819854,-4.527411257009369,-2.410760947063295,1.099167174826123,-0.6631329338756169,4.820627556353633,-0.0291078527810588,1.1153029060382629,-0.7351615301959686,-2.6208514287986047
10.0,29.0,1021.5836181640624,-4.852427504131993,-3.846785400256329,-2.3424753040374533,1.1403373304475082,-0.9105429863727544,4.828848370347403,0.9373754925378908,2.0825977179546165,-0.913209020507728,-1.977966485534929
10.0,29.0,1012.0427856445312,-4.90411128719404,-3.1864659481159903,-1.926741271251288,0.1781117105443783,-2.3052780265370805,4.9866229088905065,0.3348140070827279,1.2762688948784202,-0.2179561051908232,-2.509070095104866
10.0,29.0,1019.2855834960938,-4.931389206471915,-2.055862418970716,-0.935600453615101,0.6857771085383817,-0.7233640013489078,4.407083531972361,-0.844177711142958,0.2869758392382948,-1.730522080482455,-0.9032830883528202
10.0,29.0,1013.6409301757812,-4.86759775107425,-2.058246572385982,-1.3741640374142112,0.4051535834899624,-0.9717659557520344,4.422313082979567,0.0123102116198285,1.544456145069649,0.6697700318502955,-1.5039510981970483
10.0,29.0,1016.767578125,-4.632997719465827,-2.133955000276559,-2.9488619792297763,-0.3910718678032392,-2.9376963597695624,4.990260941619901,1.3742993929982692,-0.1521343193698561,-1.197244636962893,-1.1857870941746995
10.0,29.0,1013.43017578125,-4.563797217719018,-3.979786802063988,-1.450391529513854,0.7078304959112414,-0.6128451953531382,4.988136547928036,-0.097559460720431,1.3183270678392844,-2.169996850325658,-0.42426600199083
10.0,29.0,1014.087646484375,-4.805984240768244,-2.521684857025603,-2.352080360976152,-0.6281179272005195,-2.5286592958982923,4.948299363559967,0.7721959819339066,0.5901282967687829,-0.973022216287621,-2.2871526323908524
10.0,29.0,1012.668212890625,-4.999992893127063,-2.391616617513001,-0.9062995767736188,1.7042923814714914,-0.5320265521731589,4.957050883881433,-0.8507000150221051,2.491026271304136,-1.3446005826376712,-1.2287320563100912
10.0,29.0,1010.7623901367188,-4.843776833685633,-3.5370793504505045,-2.0991760081978708,0.1413427550010881,-1.6480591822094497,4.965784843708821,-0.6630841968217425,1.8969442417216111,-1.701921708456296,-1.4639546340270653
10.0,29.0,1006.4961547851562,-4.968110068944793,-3.539644076327302,-2.374912962478186,-0.1318266458115653,-1.1087354835191707,4.485211126687284,-1.0335438491262536,1.4300861641070837,-1.1164440338819066,-0.6177784850203043
10.0,29.0,1005.9185791015624,-3.699315572782904,-3.0700973663032904,-1.5238111214758456,1.740017874064498,0.3284312997523528,4.478661121375575,-0.1984076039893603,1.3985901273970738,-1.8808980912967328,-1.4823084785687546
10.0,29.0,1022.2958984375,-4.480932071408084,-2.104976073842266,-1.7302535624611664,-0.0378752851582113,-0.4133949073730072,4.778261024057484,-0.2695356507799031,0.3028736292963341,-0.2493842378108501,-0.2271681985402205
10.0,29.0,1009.2643432617188,-4.984650345734918,-3.3071080337148424,-2.2505989942653675,0.0789744773739133,-0.1823911834316876,4.764970461050167,-0.699234085910799,1.7738684182050584,-0.0843429303955805,-1.6217421386494235
10.0,29.0,1009.3749389648438,-4.982848905512087,-2.57959140768834,-1.4518512885276196,1.4350498366035185,-1.1152588771650218,4.563201988932171,-0.984428917246916,1.3036138167642388,-1.4666726282096585,-0.4558096823391988
10.0,29.0,1018.4065551757812,-4.960620030528822,-2.2584584276390496,-1.672862977121726,0.2710167083937032,-2.2195831340682304,4.884201450274659,-0.2959136899768237,0.2244223683917159,0.2418017635701801,-1.390412573842866
10.0,29.0,1016.5385131835938,-4.865068743278398,-3.042819038380112,-1.85027438616941,1.3815786684504945,-0.677760442934435,4.742630913804966,1.0284836919306637,0.8725576912157731,0.0672247239543191,-1.071856045274322
10.0,29.0,1020.0869140625,-3.992407952876072,-2.4929488838456777,-3.054066561041897,-0.158035543470822,-0.1990471130498941,4.75333591983626,-0.6842509964185322,1.6822262799075585,-0.1966407862842238,-1.8219316540516937
10.0,29.0,1013.8573608398438,-3.631904103143276,-2.992315422254405,-0.6149596337686569,2.780551201201993,-0.1146984813120894,3.581975462181888,-0.1946585532233644,2.258993492500593,-3.4518049241968924,-0.7276857876121179
10.0,29.0,1008.1071166992188,-4.987822572121709,-2.4416599049203347,-1.1904425961455596,0.9860550320170604,-0.2912248360327831,4.875941977251742,-0.4242949341685067,2.0697108732756355,-1.821964917560437,-0.8236460219765123
10.0,29.0,1009.39404296875,-4.3059220774312985,-4.339909122576524,-0.7019098120003191,1.9433020710539728,-1.192190733995322,4.972025600004843,0.196438526916828,1.70719934249398,-1.5774162678593804,-1.687603381683625
10.0,29.0,1006.8516235351562,-4.969167720533519,-3.712714836133548,-1.2594120270526248,1.3887057330544224,-0.7966740430027466,4.996488077711863,-0.8592289749869906,1.8732527820035827,-1.1322576131151751,-0.8807789513388649
10.0,29.0,1025.294189453125,-4.244635282520994,-0.6620610244079899,-2.013401352306502,1.4199864378310565,-1.049708590455742,4.768531720918185,-0.5524272982745,2.2517197498915067,1.002989718058707,-0.2708373843720846
10.0,29.0,1010.4714965820312,-3.86943816838025,-1.804263411741407,-1.0137211820673486,0.0818071449138093,-0.0050712839487783,4.95492620309869,-1.2231735212715114,2.2508512401033007,-1.5404110056561429,-0.0089486084726395
10.0,29.0,1011.4405517578124,-3.3314216336346125,-2.854061104435041,-1.820070070921251,0.1459613757927602,-0.7061820216734862,4.960230742322278,-1.504816549680967,0.5262183404611438,-0.7442545679660366,-0.8317676461818841
10.0,29.0,1013.5626220703124,-4.636839563531054,-2.4686704717227643,-1.0845987671692487,0.9960964195713836,-0.256059626935353,4.133301920268288,-1.027268226028562,0.4274271515935455,-2.429401811815442,0.3769618388954061
10.0,29.0,1009.5086669921876,-4.990684095928692,-1.9393883531375709,-2.142888860549175,-0.2293643115938834,-1.1231121289472936,4.824779075178782,-0.114347163627797,1.2631199739313326,-0.6339808168147147,-1.0047545871101562
10.0,29.0,1020.996337890625,-3.004339250792391,-2.1797329240882983,-1.037152481865701,0.4264717446527468,-1.7324033595995747,3.090923564603125,-0.6106287374270645,0.8073123707740759,-2.198254887030498,-0.9255377259538324
10.0,29.0,1020.0704956054688,-4.999618832907738,-3.8373849943372704,-1.1863338476381902,1.1970801331900374,0.0746760197544578,4.9754050459488575,-1.375237650858912,1.3802181867282357,-3.040859226412453,-0.44671876349312
10.0,29.0,1015.7044677734376,-3.9776515588869055,-3.481051197027316,-0.8369311266782749,2.956994035776215,-0.9834640879464356,4.91583187451614,0.3054687045338431,1.8097394529980344,-1.415971761467171,-0.5636071362184776
10.0,29.0,1015.7493896484376,-4.03088502993668,-3.93551372951052,-1.2290308370917271,1.172604859737751,1.018459136947354,4.9891030015739055,-0.2354154328976374,3.053032251456502,0.1992362257156337,-0.6733777653622832
10.0,29.0,1006.6417846679688,-4.713137425057724,-2.662404166049789,-0.7578077836616695,2.072550517469616,-0.6111207208633234,4.556170289001367,-0.0674568330415468,2.4766893083435324,-1.7515906089451887,-0.4463868912983439
10.0,29.0,1015.7741088867188,-3.80699381713536,-1.5962784460315445,-1.4117388313170864,0.9478942657716596,-1.654129677262246,4.9963452622928415,-0.4039594895466845,2.001954568961974,-0.4427803121280256,-0.3895849514762197
10.0,29.0,1010.9359130859376,-4.0977091864967,-3.07582049726235,-1.7454271929429406,0.5924816825015755,-0.202747828460212,4.971690248216863,-0.5891394010252791,1.7247256414280985,-0.4752708426323435,-0.342323699517844
10.0,29.0,1019.93798828125,-4.891883523425782,-2.764537023129829,-2.637187243406184,1.110417878126019,-0.6641664443397239,4.976941538796057,1.0411264615275018,1.4981081865876344,1.3788116679848494,-1.213160121089865
10.0,29.0,1005.8413696289062,-4.17900503562703,-2.673843349191566,-0.9747369652397548,1.1285572935817605,-1.981660408297106,4.999672022627898,-0.1363804548297151,2.1591941103119483,-1.2237765195056791,-1.067562271030427
10.0,29.0,1020.1238403320312,-4.988632560959979,-4.955974773649084,-1.6095643667464898,0.847871543607468,-1.2773767169883343,4.891834548227285,-1.7137601915951723,0.8198728762419405,-2.8884024203322807,-1.2795457211493706
10.0,29.0,1013.3182983398438,-4.854215375797237,-3.7135920306571273,-1.5949520342524162,1.1002107936755303,-0.8992974554430431,4.4852177554631165,-0.5373148097316722,2.3901825616907963,-2.577213251937094,-1.3509964851293303
10.0,29.0,1009.4251708984376,-4.7316365202431685,-3.532045876324609,-1.0370599059790877,2.0793609408917,-0.1555908471202993,4.9657693330681525,0.509308237097911,1.2170077131335582,-0.8502213497784297,-0.6521200363305546
10.0,29.0,1007.031005859375,-4.42071475062315,-2.721371944698346,-2.466748418266116,0.9459085135817,-0.9823045358960344,4.958468011704403,-0.1647637240864377,0.6170223714555227,-1.4762338374132975,-0.240275188431406
10.0,29.0,1010.0250854492188,-4.478568857082829,-3.634901316382044,-0.9019702457526568,0.8097632773017773,0.335357888062231,4.63770356743594,-0.2905404256708896,1.931888298638742,-1.999082978107376,-0.159939895103399
10.0,29.0,1017.58154296875,-4.766317944029721,-3.548488636495888,-3.848653295067262,0.3406415182453601,-1.127898203553439,4.504170315535577,-0.2625778924809516,1.2008666695543706,0.7148966739168916,-1.5091801566443346
10.0,29.0,1013.1276245117188,-4.788700423751417,-2.787051672708265,-2.421296216960332,2.160531713563798,-1.0887311537077604,4.933186074718972,0.1529394523830731,1.0871747538748568,0.6439597315956256,-1.6739992555762369
10.0,29.0,1013.25390625,-4.140302097553542,-3.847631119756623,-2.50628504034996,2.484089414173428,-0.6929060898127846,3.973794253232171,-0.1868119363365536,1.7897229355045337,0.3275130296270951,-1.9640438389346988
10.0,29.0,1011.4824829101562,-2.921053353348823,-2.7835875513976687,-1.4338400730838496,0.8079908929308264,-0.1104643756884202,4.663363986994106,-0.8483503466648372,1.9474061084548584,0.4579686800904916,-0.4227677450049523
10.0,29.0,1015.81787109375,-4.982100485848266,-2.44524925894007,-1.4165014674554306,1.1736275468730115,-1.0572370205086845,4.999329431024725,0.684620775665028,1.21212180465848,0.3732025733020983,-1.8968339283586853
10.0,29.0,1018.1053466796876,-3.711174891165436,-3.817311108990502,-2.045623982982116,0.5925609622002579,-1.4149733689081274,4.989426701597536,-0.3530514020790498,-1.4735993385152115,-0.1024547942478975,-1.5821978618406023
10.0,29.0,1024.9842529296875,-4.901313588539098,-2.135706323432488,-3.3514671413297425,0.0204111509712685,-1.0278082396738637,3.4385056573543995,-0.2893531352121012,-0.4758723384139962,-1.123679828259339,-1.2315560013944498
10.0,29.0,1014.6663818359376,-4.1090650155445045,-2.486962580101466,-0.95905259084158,1.948502708545183,-1.2735511666233554,4.836777559846247,0.8217243856264282,0.96517786720944,-2.1132018143538045,-1.2070896183736028
10.0,29.0,1013.9530639648438,-3.600789152613378,-2.5647443154622724,-2.9489129050799736,0.7066891478693265,-2.00390661308444,4.328533314361685,0.6069913810254244,0.3798826192814353,-1.50231627096078,-2.1272108746547183
10.0,29.0,1007.614501953125,-4.713014864973938,-4.221373470589577,-2.0117173558097963,1.1706225627322162,-0.7078515309967939,4.523894776817048,0.3683741064782637,1.1174431717113975,-1.6211193821888488,-0.8451511466472121
10.0,30.0,1007.3202514648438,-4.965764983810587,-3.1966164597565627,-1.2315525364115194,1.4530643639545096,-0.9256270548818312,4.581751018940913,0.404969954864665,2.0784852201224435,-1.3298309306119216,-1.3435482592934989
10.0,30.0,1005.943603515625,-3.982929358738231,-2.621472315067444,-0.8942046701900743,1.3662458524161352,-0.4067177572049454,4.909986070238251,-0.6046371276694273,1.9056487162459508,-1.8832999705340183,-0.4669288629846404
10.0,30.0,1022.9473876953124,-3.6212015215050393,-2.3622844283367628,-1.8493288548542304,0.3839368900229214,-1.604713040179881,3.697542442481021,-0.350789151130523,2.387829476136972,0.0832229125584449,-0.7624027991662636
10.0,30.0,1026.11279296875,-4.987463539394587,-2.4880534871865634,-1.715266513650782,0.6039314807224603,-1.7097025511501958,4.957068591174918,-0.882584231687666,0.1017325109046911,-0.1143810260501974,-0.8948755164589981
10.0,30.0,1008.5162963867188,-4.54403059121398,-2.753684435003617,-1.9272060131040167,1.4066725656880008,-0.4577431174250712,4.635429735677018,-0.3711983391553621,1.5438673609965523,-0.600897934873843,-0.5798725687716679
10.0,30.0,1015.0654296875,-4.885486689753213,-4.506661828199867,-0.9147073505852008,1.486656483949158,-0.5980860141323721,4.900583133201408,-0.144459597103749,2.5446050842848766,-1.081643434875923,-1.4561546559221863
10.0,30.0,1007.832275390625,-4.247373943174967,-2.768177773340916,-0.4855881102967618,1.1937117635894872,0.3649939129532953,4.994838728241479,-0.7749639335973137,2.8870418837692498,-2.42071790856146,0.2536245139948629
10.0,30.0,1013.5977172851562,-4.1967236576131794,-2.6100665687070213,-1.3739374615962396,0.6910246892336591,0.0044648062759344,4.907037453553272,-0.0068750915704862,1.1519568935724536,-2.1570771196177674,-0.9909327859111984
10.0,30.0,1017.4793701171876,-4.982943836661998,-2.793355780391385,-2.069121413390066,1.41629691226008,-0.003791403898675,4.725713358862382,-0.6592708460097736,1.9542046222713685,0.4265589771558398,-1.1077955522493037
10.0,30.0,1014.0203857421876,-4.935878352280687,-3.4395915814926554,-1.5344341530480312,2.5231138967164863,0.0034773771642253,4.92770279541215,-0.8657428069595499,2.543629506199421,-2.223842321174352,-0.1864397830881179
10.0,30.0,1008.8295288085938,-4.878608493060046,-3.790380968144926,-1.623254228230968,2.495251069773947,-0.122812081920216,3.694375729077272,-0.2944010923111682,1.8552669824668653,-2.530714475107219,-0.8759907137771199
10.0,30.0,1014.2341918945312,-4.939488688070237,-2.836598345794516,-1.7906812509467356,2.398892678751096,-1.4348270699435082,4.74474172068528,0.3529215746943919,1.0279867276090098,-0.7102816291401473,-0.4941520259306582
10.0,30.0,1006.6244506835938,-4.845667536645856,-3.122134384591079,-1.849782457547985,1.0996904998308734,-1.6410285752534015,4.90168301150613,0.0997320772397731,1.9645289526464584,-1.6751465699553418,-0.7350222216393716
10.0,30.0,1010.8729858398438,-4.954332673279915,-2.2361475261311377,-1.7881733870159366,1.1466492439659612,-0.8876885056417763,4.895640042583851,-0.6135079372588175,2.153307305810156,-0.7991146831271783,-0.2493145776038368
10.0,30.0,1018.419677734375,-4.520376423891437,-2.5816351786315246,-2.451896079848516,0.3156507913256776,-0.2870972092591861,4.390889342860566,-0.8044680791759813,2.279367796673127,0.1728534727885193,-1.4503222390688295
10.0,30.0,1009.592041015625,-3.564390534966964,-3.838044056571552,-1.2948347229925576,2.110446199589287,0.65067820316313,4.006068389134175,-0.5523593589053668,1.15667199317169,-2.778331770408517,-0.6949407105265806
10.0,30.0,1005.9868774414062,-4.569084578488639,-3.187935829749388,-2.209400207981042,0.6216587363161903,-0.3334197149801365,3.710737079439456,-0.7170306329039935,0.7589616486711961,-1.5890556306357515,-1.3698975141841254
10.0,30.0,1010.4500122070312,-4.8579394931275,-3.0763366786522988,-1.1085489838125206,0.8779145731790869,-1.1035514100894344,4.996841813013104,-0.8592657351839854,1.1876095649952596,-0.2429588144930408,-0.7201288186090888
10.0,30.0,1012.0120239257812,-4.192880748341284,-3.622292567446443,-1.9731005273046385,0.833220237159372,0.4543947837417814,4.995928578121923,-1.4271221120071529,1.675332015132871,-0.2605419577979173,-0.3433365117710671
10.0,30.0,1008.6925048828124,-4.769871504195336,-2.1451419967428027,-2.222037292161432,0.8549501255393119,-1.639146838792041,4.763276606715216,-0.5043124141974502,1.525306164057595,-0.069973756307216,-1.4319362393479462
10.0,30.0,1009.1033325195312,-4.890089100809034,-2.9279919843015296,-1.6174648875965207,0.8570383763894576,-1.9254247753629827,4.980028708648742,-0.667622724563854,1.6786798842761597,-1.446491115448754,-1.6239145888755475
10.0,30.0,1005.413818359375,-4.995494426433909,-3.874066650384824,-0.9113804460556708,2.238643281160291,-0.4784762968982612,4.115147718868823,-0.5700476462977475,2.376647491585217,-1.8980802964635075,-1.0028443488103278
10.0,30.0,1011.4046630859376,-4.959557780062164,-3.170680495409151,-2.0398654592439573,0.3164433493342358,-1.3307829708656715,4.590921259240391,-0.7840790806687465,1.3563770071887502,-0.3016897470757858,-1.6629098039070502
10.0,30.0,1011.0648193359376,-4.833746315572426,-3.433879986201132,-1.387337746807078,1.1217806322427375,-0.0924377078346028,4.971720082272869,-0.7353882091095398,1.7481134847774085,-2.3209772484788003,-0.6402023972487347
10.0,30.0,1006.1334838867188,-4.993712817229224,-2.849520225430941,-1.857611587154456,0.2883416473064706,-0.6745551588292393,4.9385354541417765,-0.6839000491065903,1.396792537274994,-0.780777785597607,-1.0907621520550208
10.0,30.0,1005.9580078125,-4.232307016160744,-2.2690592073602787,-1.3378907210029336,1.7732177049214712,0.1130116895045594,4.96660691064714,-0.5733958568024882,2.3152250044837466,-1.299338056449098,0.0927594715557269
10.0,30.0,1005.4847412109376,-4.877520409437896,-3.625575305745974,-1.5634228515288129,1.657524225780329,-0.4051301467195687,4.998797014581358,-0.3975554956988212,1.372899975105094,-1.3747115766101614,-1.0155830470673095
10.0,30.0,1008.9652099609376,-4.903916689487916,-2.7558232621401486,-1.4800926555061271,1.822059033929233,-0.5339977967325797,4.94695607297189,-0.6134450130572517,1.1139849825939443,-0.958181311742277,-1.388111770259313
10.0,30.0,1011.1319580078124,-4.940832059102405,-3.43556278541276,-1.3903711737816635,1.4601201863330404,-0.4023604158663332,4.654279110928005,0.9584001419559502,1.3490646461475355,-1.657569556535507,-1.184209562755425
10.0,30.0,1011.7325439453124,-4.830678388611993,-3.019256450232392,-1.304712116501788,1.0927664704264384,-0.8575293365667394,4.963837147435092,-0.5071046983450014,1.1726680088790884,-1.8246312429104004,-1.8035067294362088
10.0,30.0,1008.1185302734376,-4.683555486223957,-2.951502933835388,-2.0321346762650965,0.2602059886789298,-0.3479746289909311,4.999778676989578,-0.8450874305295644,2.084095483060844,-0.6667489678769716,-0.847314176833029
10.0,30.0,1005.92431640625,-4.993642322063828,-2.8408652687512133,-1.6876966033283174,0.7873471097618694,-1.2692456834553374,4.425144693740879,-0.7658254687287434,1.3753256298599652,-1.453474502825637,-0.38937555075373
10.0,30.0,1011.3939819335938,-3.806554202257649,-2.439153423691121,-1.3758154549328203,0.3296875164641104,-1.814432440922272,4.978831932268806,-0.7452254325857091,1.758951196312002,-2.2649595057617096,-0.9419020068427636
10.0,30.0,1011.2064208984376,-4.22700836747339,-3.015362394717901,-1.4545317357910132,0.5248500748789091,-1.678115794069503,4.927779867962894,0.1776700700295252,0.9258098513969292,-0.0284437799582546,-0.9627134540208688
10.0,30.0,1009.1174926757812,-4.850499719878761,-4.056136869554496,-1.7303361489591813,1.2506038555437682,-0.929537818325402,4.881048125413738,0.1414218630765376,0.4610245274205038,-1.935079045415362,-1.3354053119220175
10.0,30.0,1012.1192016601562,-4.994022630420561,-2.566687405741333,-2.2357078437761286,0.0973929806146305,-0.2634222276477125,4.602498522827748,-0.5162608954952939,0.912275672329919,-1.142939839924665,-0.4295095808236144
10.0,30.0,1009.8446655273438,-4.8199478549493255,-3.618276894964274,-1.5678502780943189,0.5936891277683092,-1.6925251571998223,4.734911668008486,-0.3066833011642131,1.4205575591434725,-2.1181451713970265,-0.8826777176231531
10.0,30.0,1016.4049682617188,-4.992650062846639,-3.8150496950628208,-1.778281561385831,-0.0278913732141035,-1.8160887297036137,4.745679094954978,-1.0001750511790424,1.5871916302351217,-1.6012673005326978,-1.435156973668001
10.0,30.0,1016.2591552734376,-4.272188720769099,-4.534762153699211,-1.7448047848905892,0.0517249350123369,-0.3339617077835681,4.088229936789288,-0.40895409975957,-0.148595499139736,-1.3144490764979282,-1.1318210914971116
10.0,30.0,1006.1434936523438,-3.889699840403965,-4.261626973421829,-2.396284453131825,0.9229627506320348,-0.2745680492159561,3.916437333741815,-0.8417888437519299,0.8715516493820434,-2.092946268592605,-1.6942465623581082
10.0,30.0,1008.608154296875,-4.769545219561445,-3.924526354508167,-1.3410382708783497,1.4641472076137818,-0.3272491907232142,4.99508242989133,-0.0582227378596531,1.4626782858544676,-1.2968564968006442,-0.9533350814307182
10.0,30.0,1009.9876098632812,-4.957557283874153,-2.8057559886259487,-1.9497336156043232,0.2133111789778361,-0.2006308688094629,4.927227807365126,-0.486104311727435,0.979033199097506,-1.5147916633880238,-0.3415346318180736
10.0,30.0,1008.6638793945312,-4.526712108187654,-2.875480068438367,-1.6942070898385175,0.646750017076192,-0.0017749633642232,4.895634762968072,-1.1850154398369304,1.4176108822362803,-0.859963729375596,-0.8237903872185957
10.0,30.0,1007.12451171875,-4.9843110087123605,-2.958743469097604,-1.4449347443478269,0.4177691576080011,-0.9523238183986322,4.991914999921921,-0.5550135064266639,1.0383510917461738,-1.321889341983268,-1.060728433974682
10.0,30.0,1009.0436401367188,-4.999705516762299,-3.689153996165989,-1.61139231627393,0.9298678799847924,-0.0370689172408189,4.580888808979928,-1.197571111849589,1.2247939750680192,-1.561544140866184,-1.3974150322615344
10.0,30.0,1012.7099609375,-4.566226021496149,-3.193841194834312,-2.3967222456204134,0.221175631901886,-0.9605169311896162,4.909425073350452,0.3149635033951146,0.935559630322614,-1.4410886869025656,-0.7191074797394608
10.0,30.0,1013.8331298828124,-4.991076328252661,-2.1410351985059988,-0.4781382830750615,0.4654816481640562,-0.2529396451179533,4.380869294591367,-0.7049021863250129,1.733917802368533,-2.38292803368021,-0.5123087981663286
10.0,30.0,1008.5015258789062,-4.510716718981619,-3.6961611724665366,-1.3916305046900952,1.1319206186148234,-0.3877920350382799,4.930632256343813,0.309774647725618,0.7641170120147951,-1.2666217517417042,-1.543380192232389
10.0,30.0,1008.939697265625,-4.244838562409032,-3.3716756726895656,-0.8224677459761711,2.435735248669605,-0.5947823700287094,4.944368576957576,0.2462087353019226,1.6658733080859935,-1.035782756263946,-1.2869690703725234
10.0,30.0,1008.359130859375,-4.995335881897388,-3.295499073981536,-1.772704314234717,1.739145590847265,-0.4378857483261491,4.925785572683122,-0.4303707391399616,0.6888543647355583,-0.474233148653763,-1.5792376053264103
10.0,31.0,1008.2893676757812,-4.999773364045772,-3.5150031464343683,-1.5328992018001033,1.6772999723181412,-0.1029269693041907,4.958140381061453,-0.4498570754802014,1.2312354844489324,-1.136870285041316,-1.2903566165558007
10.0,31.0,1015.1921997070312,-4.988559467373487,-2.9335851628524825,-1.9001530699777616,0.1906539603573236,-0.5313790046282678,4.664232065099224,-1.3803208927545358,1.0908345468611709,-2.296493422101269,-0.3803309273383153
10.0,31.0,1009.556640625,-4.968128905933543,-2.995078044440861,-0.9412913894651664,0.2310798724710459,-1.4391846166087925,4.999638184993856,-0.6933004682924224,1.9635167804073743,-1.4745877889393937,-1.0002340810761297
10.0,31.0,1009.6455688476562,-4.430948499569262,-2.696183427453254,-1.082701414672469,0.8364658696061085,-0.4000184719003643,4.807528551298848,-0.7825650868179554,1.1416443056057275,-0.9672068551491196,-0.8178819609229135
10.0,31.0,1007.6818237304688,-4.5994130674837335,-2.882831947078744,-1.183681661825608,1.2603218200523365,-0.0927918398124525,4.974182374187496,-0.3858727895088591,1.9628882636917035,-0.7530315194371076,-0.4536971270519432
10.0,31.0,1007.6420288085938,-4.994893315969957,-3.9169316097699527,-1.3907062831530674,2.0987954473742567,0.0036217894871883,4.657475939438665,-0.2958680076706592,1.7328938925126325,-2.3779764877084664,-0.2975867043960019
10.0,31.0,1006.637451171875,-4.436167246154084,-2.987338945494044,-1.3903329432247666,1.4054683206890417,0.0633070030307099,4.825900332222776,-0.723742020638217,1.7562516843010476,-2.448573617115703,-0.6255422706192526
10.0,31.0,1015.607421875,-4.99772163682029,-3.6166129010652246,-1.9440094612299088,1.846062303697444,-0.5028790387044193,4.998867051693656,-0.2405833584240015,1.639176397935346,-2.3195170284116684,-1.02202504483988
10.0,31.0,1005.3038330078124,-4.746450113539648,-3.4407372489351813,-1.2368736930975688,1.9121971433590577,-0.5267464693282617,4.584549973016765,-0.6046018122256775,2.001663240472963,-1.1597767667438277,-0.8028622274562078
10.0,31.0,1009.8486938476562,-4.788892675701355,-2.0064751820760653,-1.5103146594437082,1.2645799656964574,-1.1928827707936565,4.999672103415144,-0.2102667285592749,1.3065463232388153,-1.1668189577189745,-0.7821565329181261
10.0,31.0,1004.6455078125,-4.6706676410945365,-2.436436967937852,-1.457539905580954,1.0286141577366212,-0.6710842187127213,4.999672040100357,-0.5648886670475655,1.7098550708789713,-1.1316396618811655,-0.8220215884102604
10.0,31.0,1010.8681640625,-4.998590539032095,-2.923214284098941,-0.8517836228390427,1.325735705085158,-0.62046729092385,4.288170171760736,-0.1678993820145198,1.6523674419559873,-2.4049527761128204,-0.6766296428139524
10.0,31.0,1010.2265625,-4.965521479432479,-3.8968953848094574,-1.4480515218368928,1.0173138174170884,-0.6172225384581296,4.999726668521804,-0.5605434006539003,1.6232060287236925,-2.2683844857208983,-0.8222514150979965
10.0,31.0,1014.286865234375,-4.091055346648894,-2.115423455131244,-1.701240306158632,0.130725888689362,-1.490810146431687,4.986432228400528,-1.0305996756534226,2.3217681455301467,-2.124404970914373,-0.390108539773089
10.0,31.0,1006.8108520507812,-4.437724191175516,-3.5985905194152865,-1.9852947032719823,1.2653935384475714,-0.6680074870174035,4.965809146919032,-0.7148719495796936,1.638191015204523,-1.1721536659454834,-1.3699494939179422
10.0,31.0,1013.8535766601562,-4.678945272826638,-3.239223707306743,-2.053844106749773,0.0956382323496995,-1.0205295724925234,4.227376589050483,-0.5568299940693171,1.1910866266492288,-1.8267867974644592,-1.8688914802376824
10.0,31.0,1009.4044799804688,-3.450330263489996,-3.4348030549886204,-1.074286380365402,0.9376870107326996,0.2284416836856495,4.865192942729582,-0.6238274030302353,1.9444802706003177,-0.84529809648211,-0.97626659903609
10.0,31.0,1014.1207275390624,-4.386998114056024,-3.670743377283204,-0.8074862925913537,1.4300741067561349,-0.6441208994321634,4.897954607845458,-0.7184528500045166,1.6177954517369866,-1.814662399402267,-1.9638691373982
10.0,31.0,1004.318603515625,-4.996522696788187,-3.6372279000926415,-1.222627312742974,1.226669643048207,-0.6339691069888111,4.872293005042511,-0.5142383304324687,1.228954496334164,-1.538554302419577,-0.7149325508372151
10.0,31.0,1007.767822265625,-4.915246744694837,-3.5511015755268693,-0.9175579865806752,0.9945094853783224,-0.6279983751678531,4.963285201292257,-0.3375691635921578,1.3231204458814003,-2.2319963511458463,-0.857519849990906
10.0,31.0,1006.9036254882812,-4.697661543954138,-2.958117781657284,-1.93201774840442,0.7473914218208417,-1.2950206765050425,4.853602881158153,-0.1142911907628443,0.9013720394004876,-1.397376020395078,-0.5156235473389295
10.0,31.0,1007.0784912109376,-4.816146758083788,-4.0346574792791925,-1.9969885806384209,1.0580020809762196,-0.602132927402157,4.9785369042305945,-0.7362337397494176,1.1556404079390852,-0.8989766804355188,-1.3162431104384194
10.0,31.0,1009.03271484375,-4.364508827766865,-3.188456852295168,-0.9998677474444636,1.149033846413662,-0.7040319253599456,4.98673562699021,-0.2749637733527876,1.22764317817769,-0.9235686630097292,-1.034234409600003
10.0,31.0,1009.3436889648438,-3.5079887035484885,-2.26180401587945,-1.1420366058620224,1.79659836094035,-0.4117533738503676,4.742251510607403,-0.9909727590154338,2.4017816941161563,-2.1527900588777,-0.0167673947821134
10.0,31.0,1010.846923828125,-4.999437529562775,-3.216608692074327,-1.658966958201487,1.1547325746491612,-0.3938582324209898,4.832764525707171,-0.436288181716872,0.9119429755648136,-0.8831604145427097,-1.4829166942113714
10.0,31.0,1006.6128540039062,-4.596819719846458,-3.455597394815958,-1.508112597657176,0.8782765738756462,-1.1739303267885748,4.820051530802337,-0.5185866637824379,1.5129047687892747,-0.887131708001208,-1.093630263902618
10.0,31.0,1013.7256469726562,-4.999993419764602,-3.019892215374522,-1.7534238017927706,2.139273397767071,-0.4716218949269288,4.965469568519778,0.0472672991654832,1.4978333346618866,-1.7983244142678785,-0.6690449522040236
10.0,31.0,1011.3524169921876,-4.364787232311678,-3.3558510182884294,-0.7371590183166088,0.5097481361451361,-0.8876865411916564,4.8789371021839205,-1.2747715473069905,2.1510144139602128,-2.159904210466399,-0.9038037083654568
10.0,31.0,1007.61669921875,-4.6290079503278525,-3.540775634319882,-0.2802054216636325,2.5276946072918847,0.8881484690787573,4.414428104869817,-0.9138102332335548,2.680608225689917,-3.132930620131356,-0.0557934634684604
10.0,31.0,1010.0244140625,-4.99854790058929,-3.7028661675478585,-1.6414810168431069,1.3008685048074673,-0.0747565005114605,4.522083972412208,-0.6174881930189953,1.7141483743052426,-2.2390788997584514,-1.1220426603840616
10.0,31.0,1007.54736328125,-4.904146343305654,-3.550689169077508,-1.3199011075078304,1.9718156775042592,0.0300475568829305,4.979640848105984,-0.7009210732331823,1.942183553191796,-1.3809589251520764,-0.5496532466918476
10.0,31.0,1009.9159545898438,-4.025334451104429,-2.783399911304282,-2.414319037093008,0.2790595447452304,-2.217643357722096,4.443660597344289,-0.7290489016330186,1.9727653246964565,-0.5910969526308865,-1.2440581167595646
10.0,31.0,1010.2333984375,-4.19586554477084,-3.2309689900399805,-1.6502001530617312,0.0530504436147083,-1.275074857628936,4.904526172934371,-0.498065412254701,0.7048909617495491,-0.6361592734109864,-1.2802292089402707
10.0,31.0,1009.8289184570312,-4.999090554986573,-3.467088434684174,-1.6754559776231537,0.7662340600002926,-1.0793707257901142,4.948628589852351,0.0374763754869666,1.5137791560676028,-2.026103631209065,-1.5185475294144095
10.0,31.0,1005.3275756835938,-4.826975684878348,-3.2653506162370647,-1.3396810011712752,1.576321589811215,-1.1944895805417408,4.999538594516263,-0.1834480346007048,1.6581048263168814,-1.3316470423555042,-0.638086089785352
10.0,31.0,1009.4216918945312,-4.998782811557567,-3.400875859391264,-2.5800334752959424,0.951988379973586,-1.291886271457655,4.963721710157468,0.1646703358121657,0.8940392526056185,-0.3978696691472203,-2.0970506683018675
10.0,31.0,1011.3959350585938,-4.804181245976484,-3.952794132075097,-1.335384873383748,0.8064554051543826,-0.0632868093019602,4.503033870819099,-0.8401369656748914,1.1085051394227785,-2.492633279463275,-0.8306164040601907
10.0,31.0,1010.8898315429688,-4.525512397889125,-3.295983754597839,-1.5118618228888,0.0059457023767626,-0.7279673975341518,4.816506769615584,-0.525361125862263,0.8020311482481803,-1.91651000763387,-1.116007481752722
10.0,31.0,1011.5385131835938,-4.88212507406167,-3.001451185239943,-2.235867653144336,1.248102631185648,-0.7326427710343166,4.862544895256759,-0.681559677818937,1.399717500212282,-2.0823926967749875,-0.8295416988060778
10.0,31.0,1012.8759765625,-4.987913365356439,-3.7479363949225855,-1.4570789422313828,1.5857370832570004,-0.3536949108684615,4.995191990693929,-1.3583502019463598,2.260330361369176,-1.7741030515619016,-1.3143918861134145
10.0,31.0,1009.0714111328124,-4.843485926449389,-2.9648529452956,-1.8639598897373768,1.426152452432805,-1.1722097705255772,4.419852850521725,0.3574941975069556,2.009238116327423,-0.4930619412506241,-1.2504073735705408
10.0,31.0,1007.1404418945312,-4.929766904020906,-3.6722953939729575,-1.6396020447554092,1.523589961292009,-0.8021602552851732,4.549875243200406,-0.194780842948913,1.6979411785270475,-1.3942872870378826,-1.4972693391501766
10.0,31.0,1012.886474609375,-4.964264662222462,-4.022909403584439,-2.549594268132946,1.218128384289427,-0.4146526462768385,4.855947838613595,-0.5330017362653212,1.2401617627988992,-1.252428020749941,-1.757702951726849
10.0,31.0,1008.1990356445312,-4.071493182337208,-3.2385386999667185,-1.4252460828126257,0.6595621267361382,-0.7238386991875361,4.972144598527402,-0.5410956903178752,2.121086643716227,-1.5368298103628044,-1.2543229259920323
10.0,31.0,1008.2648315429688,-4.906217818101532,-3.5652162712937114,-0.7035781143199991,2.018162451504452,-0.1395133833871344,4.540748695652404,-0.3044168914618259,2.093597244481586,-1.5585645819716665,-1.16224413520982
10.0,31.0,1005.91845703125,-4.217343258243979,-2.8007175436758964,-1.9644093229781607,0.3739885837071091,-1.831270292239461,4.995650069104434,-1.090141317960172,0.7189339472814389,-0.8553957131840093,-1.6381952323565918
10.0,31.0,1009.4031372070312,-4.983064449926014,-2.688182408208643,-2.2400742464325685,0.1843597387700501,-1.4200420361504964,4.998643846301661,-0.8599918588014575,1.4208396997983457,-0.9694160370173296,-1.7244269811738686
10.0,31.0,1004.9625854492188,-4.697854718550785,-3.3144575248604413,-1.847308474943187,0.883458364183296,-0.7939643395390243,4.999948304817686,-0.7494935284632689,1.467845733807522,-1.2218436042834568,-0.8168876981231055
10.0,31.0,1007.4261474609376,-4.857799093950412,-3.420135440949231,-1.514291392404306,1.3560870691156772,-1.0097529287919371,4.967347594665664,-0.6189602835147676,1.634037078039741,-1.4108530857893586,-0.9183079015594302
10.0,31.0,1012.1931762695312,-4.821648523845705,-2.5674593956737617,-1.6071198314928,1.0048527972430277,-1.464593128334343,4.711681757346192,0.0141472033039828,2.242109370066842,-2.387978204492041,-0.5352836466912816
10.0,32.0,1013.5836181640624,-3.7202352007627866,-4.238249942599614,-1.3755386092598387,0.8794351475998621,-0.891065613388534,4.3981936732505424,-0.4949334799005696,1.5571519962092264,-2.823954088279105,-0.8767001926375961
10.0,32.0,1008.0231323242188,-4.283818853862278,-3.9076690480273664,-1.2780498941626188,1.50977698191761,-1.043805106279239,4.922072085437289,-0.8529912078658954,1.161300552133148,-1.7175255248495311,-1.1880626466623108
10.0,32.0,1007.173828125,-4.881658628589387,-2.911477317643741,-1.640281506312432,1.8326072186746905,-1.2287334018555192,4.839991376384477,-0.3672476601762131,1.915516530395197,-1.4199922625893366,-1.3214142128741295
10.0,32.0,1006.9102783203124,-4.906300895241715,-2.7153601910583767,-1.1349208028648756,0.9730443064747334,-1.366154619756736,4.991690892239552,-0.4876621718330147,1.382971917593693,-1.4310936974777375,-0.7406479541883524
10.0,32.0,1012.4614868164062,-4.996639114311858,-3.9172769798525113,-0.9484389442030235,1.6291748044482288,-1.4946276353855126,4.998253772990456,-0.0367637487949243,1.5144222246237016,-0.6630363496275002,-1.1188291888384376
10.0,32.0,1007.6669311523438,-4.999802030286656,-3.3131787926260703,-2.0137514425223384,1.271601071222733,-0.1483472869177227,4.998014394892129,-0.3031708992871493,1.6083014512124283,-0.8389746851242847,-0.9379501639012142
10.0,32.0,1005.09521484375,-4.898352123547051,-3.6944156600982367,-1.688466638535476,1.1479099091774545,-0.3533911839471475,4.655072250907836,-0.5706928645368823,1.5397105523584536,-1.019271534494294,-0.9204135883533402
10.0,32.0,1005.0114135742188,-4.476076770937146,-3.293350915266184,-2.426155204612797,1.0063784278508194,-0.7436853112870647,4.563832272286449,-0.9047789783965152,1.0111522358993374,-0.8603192470602643,-0.7471440493359758
10.0,32.0,1020.1561279296876,-4.981349389621539,-4.224211795135945,-0.2862453641990088,2.917564513289124,-0.7423465416692911,4.99681071555618,0.0028045274446517,1.8577845666836497,-3.833960179462911,-0.8749752425306916
10.0,32.0,1012.7327270507812,-4.973798991849057,-3.750464527301181,-1.3681254389261954,2.776816147827168,1.06190785324808,4.925896068119439,-0.2619768779201639,0.9513499687666672,-2.1250552600728945,-1.153440339930084
10.0,32.0,1015.27587890625,-4.999173968715721,-3.818658041084741,-0.9385902239239688,1.1552262532639768,-1.1745921520347429,4.951520163001339,-0.2580707463136464,0.956544138717927,-1.485182010908532,-0.7626608341889423
10.0,32.0,1017.8251953125,-4.888872326638783,-3.367627338894218,-0.075635644407888,2.0201174657060603,0.3745474852544275,4.965758057716755,-0.7805921668331415,2.13139044754334,-2.197773431668584,-1.0252218068922456
10.0,32.0,1007.41748046875,-4.179762078986251,-3.3085623680648126,-1.3419432304405756,0.1378158692517335,-0.5554185501260083,4.966391295911059,-0.6685617080193396,1.324172624217428,-1.2161928941153426,-0.735658708013613
10.0,32.0,1008.7589721679688,-3.887626805508793,-3.8704533948705153,-1.559377822329398,0.9037440187468988,-1.2135316189604255,4.990314287946273,-0.45819335629443,0.9054227787450176,-1.064618567050057,-1.050581365993347
10.0,32.0,1007.302734375,-4.9910605739721134,-3.632214816425572,-1.3537614366710389,1.851662522391523,-0.2745518868390419,4.711998703612647,-0.6161167327364279,1.7025175739921758,-1.4776293233211817,-1.1793136685670935
10.0,32.0,1010.5029907226562,-4.992612603278024,-3.440158069225093,-1.025306687577349,1.917867078079044,-0.1286323454876328,4.9247264068585945,-0.2844439017999294,1.2073482135338391,-1.1116214291596958,-0.9314076034480356
10.0,32.0,1012.4526977539062,-4.9996618573193725,-2.8250755657768205,-1.3191235195121132,1.5655501598008,0.3261074760222504,4.563887608552349,-1.0022563668189273,2.288336801979238,-2.8695547336904723,-0.3418480552025595
10.0,32.0,1009.6514282226562,-4.80740676594891,-3.782411985243381,-1.6310431190287715,0.8573750127689923,-0.0551907683418821,4.97746941849821,-0.47314330015225,1.276759095682455,-0.5866848068382593,-1.2832336043303023
10.0,32.0,1013.4851684570312,-4.967703346650653,-2.7650141796411547,-1.0066678878888,2.097443933372048,-1.1032942241829962,4.9975932791795845,-0.9125847691499338,1.4193845062652697,-2.2357826295108514,-1.3915507811848986
10.0,32.0,1012.3770751953124,-4.530192003873272,-3.7197796038926816,-0.6874817437486076,2.571698415188381,0.3019489337836445,4.992532604611579,-0.792531888940732,2.194283889917709,-2.5868606411066746,-0.8011016783844926
10.0,32.0,1006.7555541992188,-4.909575004748097,-2.993127860906046,-1.520402364324374,1.4034604445385632,-1.4602178718422325,4.997725600424257,-0.617035836922132,1.378691492100666,-1.3500875280990252,-0.6064706623472098
10.0,32.0,1008.3785400390624,-4.270619380425185,-3.622156791835719,-0.8982557056191656,1.5721169545622151,-0.4348748211728646,4.863520299426289,-0.7783430986065207,1.8139308421920628,-2.1182639776448084,-0.4540333746327851
10.0,32.0,1014.4752197265624,-4.929317767139847,-3.1736475524964782,-2.019419820447243,0.4081171168746724,-0.5531493936420304,4.828114405173634,-0.4644106558969643,0.302885967887998,-0.7550202591997115,-0.3234835935319351
10.0,32.0,1011.0208740234376,-2.9265104108510984,-2.46373572732086,-0.9459223517341516,0.7233072067941704,-0.4573324867084407,4.993672791917373,-0.9004207888670566,1.901729549220948,-1.5537163382818315,-0.6114775176424887
10.0,32.0,1005.521728515625,-4.891144866894363,-2.997239897210637,-1.4933625292981327,0.5935043299910427,-0.5518378050590194,4.987692868115403,-0.0709179862792313,1.367271318311167,-1.2432247907566762,-0.8435508951934718
10.0,32.0,1011.4198608398438,-4.991023812125703,-2.687885235372006,-1.857142830418056,0.6973497657244163,-1.2913916651116368,4.7703009737469735,-0.1869012521097177,0.8759524394555402,-0.7618017009035984,-0.8273600562374526
10.0,32.0,1012.7984619140624,-4.762363639176034,-3.67667955856854,-1.357385502420743,1.584929533011639,-0.0943419068672968,4.992361601060008,-0.1497595719741555,1.994733149508237,-0.408304700027295,-0.6218758183816933
10.0,32.0,1007.3141479492188,-4.3214026178442975,-3.5791712720401625,-0.8302294502835474,1.295018709624431,0.4765537240664885,4.869163376008785,-1.0889053809868132,2.2629338855207948,-1.2778922673794888,-0.5278813801228726
10.0,32.0,1007.6490478515624,-3.5759206794057565,-2.6693072196424663,-1.302542411007941,0.3907486992323585,-0.8764882815203485,4.700562388126039,-0.6860457458327867,1.6216410696726555,-1.8172986649509748,-0.78465927266042
10.0,32.0,1006.46044921875,-4.850579689590723,-2.646750374697352,-1.5635738024139476,1.7236509325854763,-0.5657670351724633,4.909395917692645,0.0985124616181165,1.8357533335484453,-1.4561601752013376,-0.5914903590418694
10.0,32.0,1009.6614990234376,-4.706864013460064,-3.53067915509321,-2.305043248364976,1.4028554928653758,-0.817618988689615,4.957123399439826,-0.913356389230982,0.7442507793981186,-0.8606730052024458,-1.2755950227147448
10.0,32.0,1008.9653930664062,-4.997401491690237,-3.283809319944075,-1.2444509473731968,1.4563371767631672,-1.2821586331982244,4.667837976993637,-1.058727711149288,2.0296631426817724,-2.1317958038354234,-0.9786704642903868
10.0,32.0,1009.6071166992188,-4.879353265818613,-3.600113805694798,-0.9393949490915698,1.5579162786844956,-0.2658376185569908,4.6881119956225525,-0.5192004486488688,2.4655360097503163,-1.6700328914327427,-0.9727388558117572
10.0,32.0,1005.5628662109376,-4.801812441097159,-3.185277415225744,-1.4405393570057878,1.026217908198937,-0.7092369002813683,4.9915501193971465,-0.7152567295471002,1.576943900049594,-1.2748090000759724,-0.8900068015216105
10.0,32.0,1008.92919921875,-4.744387895683776,-3.111770776535343,-1.5694059450476825,2.1618166007854445,-0.8581242506564735,4.998151037196854,-0.6833770658841907,2.6116147091113406,-1.0315332456532469,-0.818308767227415
10.0,32.0,1004.779296875,-4.964069611714751,-2.928594350824604,-0.9745643686993652,2.2232089470296703,-0.7777912461199747,4.936205816724714,-0.0700280125174428,2.3412757872061416,-1.0144289633864236,-0.5906533100057549
10.0,32.0,1010.0859985351562,-4.985706195356749,-2.70897281234658,-1.7331379769896738,0.1192929461829885,-1.1086836879938606,4.7875554456728615,-0.290374888188972,1.522852383995672,-0.6572011892971377,-0.3904851991166103
10.0,32.0,1011.7781982421876,-4.995308066358507,-2.4955276562976665,-1.526819854707158,0.3375476258125705,-0.6624028059865879,4.973916710396553,-0.2181192670922511,1.2598051621176287,-0.3227471067886149,-0.9059190337097124
10.0,32.0,1006.6224365234376,-4.391445811221781,-3.441653813249692,-2.052908190043376,0.7592492011324676,-1.4154119852415217,4.745643965169657,-0.8353450648411096,1.038860826099083,-0.3284129065793211,-1.5582718666125253
10.0,32.0,1005.2109985351562,-3.953832349290911,-3.172231571422468,-1.3000970198956412,1.2548869180989763,0.128886876234306,4.853944135703033,-0.6848480994311004,2.1334121181698418,-1.42388131076976,-0.6679378643576692
10.0,32.0,1018.122802734375,-3.770683668223816,-4.618578762263004,-1.462146704422561,2.5763138174417293,0.1287500140467639,4.954710648772236,-0.5888630072939751,2.123479888571027,-1.0581312772182176,-0.8069723698894817
10.0,32.0,1009.0064086914062,-4.509382255325537,-3.458019349968956,-1.1109677632870674,1.0527312208234747,-0.1775017820803635,4.858963200443551,-0.9662009765611996,2.1311757212667226,-1.810357452360006,-0.5270349736309008
10.0,32.0,1007.8547973632812,-4.966512563880007,-2.464846389023407,-1.1053466691662712,0.8270023692527229,-1.112347145719244,4.941510542471576,-0.2923968458414574,2.577553697872177,-1.3497376626154196,-0.5682008453994234
10.0,32.0,1008.5565185546876,-4.946166903070036,-3.507461493441528,-1.920110252560507,1.784732749049903,-0.7111866137992378,4.8350078677102175,-0.7183140303784317,1.58579516192082,-1.4372015389415789,0.1811020563713237
10.0,32.0,1008.0746459960938,-4.927780933377093,-2.8783660603290246,-1.570300532561693,1.516848410709172,-0.0561831257541154,4.266158571389932,-0.281610131567195,1.8583731210933043,-1.8329513424075,-0.5611694340677023
10.0,32.0,1007.2720336914062,-3.964810655537806,-3.5391643184144783,-1.4839096323124012,0.9681223988555772,-0.9734263483923744,4.928651831782464,-0.8096328863150308,1.8007691499404477,-0.9681341634788652,-0.5931041248359419
10.0,32.0,1011.3650512695312,-4.82596169822944,-3.2022100239851854,-1.4345128384736268,2.080393747881573,-0.5662963391924993,4.920658081419717,0.0083201297618229,1.3822199764972058,-2.272948901796661,-0.8765574242459317
10.0,32.0,1012.5787963867188,-4.9924539758128095,-3.19101790912522,-2.0102532069490047,1.236963256538517,-1.2918326009512882,4.9624714698038765,-1.2658672670791231,1.726738799814047,-1.282279430241244,-1.327847308969055
10.0,32.0,1005.8143920898438,-4.849580176392202,-3.0230975101326965,-1.189666012309909,1.34382432326602,-0.152648731084529,4.878303353328537,-0.4174230246394561,1.6281111544059907,-1.4515042783958747,-0.4425401370542161
10.0,32.0,1006.99365234375,-4.995600696349233,-2.7360592759946707,-1.658609650276666,1.248622225632313,-0.3413722116693947,4.928200932322785,-0.4321920298601451,2.0395759094942267,-1.0791207487458925,-0.8442804298378039
10.0,33.0,1005.9547119140624,-4.09465961377648,-2.624253051383377,-1.4162682422870168,1.5243610229971063,-0.4658691000842383,4.892241268274306,-0.3941286755782229,1.6538483833020514,-0.7945967232751263,-0.868620217434394
10.0,33.0,1014.25341796875,-3.842625831905466,-3.163899474877065,-1.2067555401959766,1.0634092538188566,-0.7916461089762752,4.766943006477648,-0.4559524482596453,1.0201213707169607,-0.9027000785350454,-0.3176924571080288
10.0,33.0,1007.4860229492188,-4.873583199217208,-3.4998005844055244,-1.3616843519942303,2.2170006055910427,-0.4146007332683634,4.999063431080613,0.1957235446297431,2.105155376060262,-1.3175904463242287,-0.8134163915930834
10.0,33.0,1007.6182861328124,-4.485282363293408,-3.238478370043656,-1.1837419772998925,1.7126383489656083,-0.5663650705913055,4.98222663748907,-0.5014226026539683,2.0052281680339554,-1.322050390355468,-0.282791458599986
10.0,33.0,1006.4782104492188,-4.860815595384691,-2.7519115060996406,-1.176108834644645,1.018678163039242,-0.6764683674318812,4.926683942569609,-0.2909447186046776,1.882812231876119,-0.9498163221449696,-0.7736224490431569
10.0,33.0,1005.8547973632812,-4.27963569292533,-3.683415350121741,-1.4485343103056136,1.3108039895311538,-0.937526763905736,4.999895465422233,-0.9852874572678072,1.79736059181928,-0.85393234423253,-0.9885672559326252
10.0,33.0,1008.5308837890624,-4.536487083362934,-3.287565054892837,-1.3535188676734462,2.0273301832170727,-0.7656781687381251,4.998359434133496,-0.0563673475023653,2.3966166591481564,-0.4642162254172852,-1.1718242626124915
10.0,33.0,1011.489990234375,-4.894982262836921,-4.1110279089729165,-1.6005489403046598,1.3789534341540035,-0.3762352672916815,4.996016072968173,-0.4632473325341255,1.3722736044647394,-0.6998252230836925,-1.0016480581796632
10.0,33.0,1006.4083251953124,-4.831979065166065,-3.0553906201510967,-2.028555793145579,0.0725437482762973,-1.7870286157960438,4.911022025429819,-0.3389919245580772,1.3782561344712976,-1.3012289031158626,-1.3161123467459408
10.0,33.0,1003.4638671875,-4.96656499569438,-3.148476631001869,-1.200593572261938,1.772550088860214,-0.3610322871708016,4.750413799245413,-0.3742893568419916,1.914107287607763,-1.0693132215730443,-0.3984488228481035
10.0,33.0,1003.8824462890624,-4.110572504189824,-3.4768483938435364,-2.182427984835931,1.0202916026239215,-0.9923556149165292,4.999915137511259,-0.5655740192315388,1.2917236512178265,-0.8395148006304476,-1.2740861246673862
10.0,33.0,1006.932861328125,-3.8936009163322174,-2.614840509129541,-1.4192886857013185,1.690473014683798,-1.2188347879123065,4.775830288523654,-0.3260365452485763,1.6847911595100626,-1.0663060387570686,-0.9029346868463276
10.0,33.0,1005.2838134765624,-4.673635976599971,-3.7908253142268498,-1.2989399517441145,1.8405369913429053,0.1905868399645793,4.8904360561908735,-0.9257848047464288,1.890212682744167,-1.3063467071963268,-0.6433561897350444
10.0,33.0,1005.5725708007812,-4.813942028212915,-3.3322119867704165,-1.7909862140383108,1.6297119887075953,-0.7695024103613832,4.732620116177774,-0.769304367603751,1.2088699371513485,-1.0105572619099794,-1.0183713458272994
10.0,33.0,1007.2919921875,-4.928882835307968,-3.221818155051784,-1.111805496118854,1.5693730654005442,-0.3621348356383826,4.721288699580533,-0.8169192235499825,1.7156163694136757,-1.7394679340577142,-0.6990226599798657
10.0,33.0,1006.00732421875,-4.458304347212858,-3.388052106113687,-1.913638123751144,0.950188521336858,-0.4799806870734482,4.778069878309491,-0.5878433147020132,1.1654712270974112,-1.6378052558860383,-0.7867094940610633
10.0,33.0,1012.3182983398438,-4.989965924269179,-3.294747334469097,-2.4001589295972003,0.4453403011967154,-0.8148756593238646,4.9356325384459545,-0.9595225776235594,1.0887479880694322,-0.926099326803472,-1.5287381940812073
10.0,33.0,1008.29931640625,-4.67242418816975,-2.533660364444366,-2.3143603054567894,0.5014198471973419,-0.8494515885154694,4.999678819990884,-1.1051586536039817,1.4133373666243916,-1.1159325264853992,-0.994986880234344
10.0,33.0,1007.3658447265624,-4.996396157402317,-3.885916883264799,-1.821493761214255,1.143294399183814,-0.7812915321165397,4.918711442332146,0.208841001301149,1.3491443007102877,-0.6833172226811417,-1.9555240259297948
10.0,33.0,1009.0668334960938,-4.785664722969929,-2.937026086890951,-1.478437527744656,1.7820083150060668,-0.0012203388298086,4.697863583246491,-0.8357022199268167,1.8606740447719168,-2.0925031288880733,-0.5893258342229517
10.0,33.0,1012.6541748046876,-4.828818393738142,-2.7987418019008183,-2.582406126541553,0.8237800650287355,-1.0718385274290791,4.811470671414451,0.1354568775453888,0.5948881678256912,-0.2553915833465279,-1.1990140672426226
10.0,33.0,1003.9591674804688,-4.452997984685242,-2.729663155159462,-1.181832324430219,1.1328134344419327,-0.1705793994191609,4.999868558344469,-0.2903484306182688,2.1314071333460056,-1.0846404361278128,-0.3654935941273027
10.0,33.0,1007.4622802734376,-4.598430818579436,-2.159533686150428,-0.6505543738791397,1.7426492914962823,-0.7695323414904118,4.732621556891054,-0.647241355130098,2.237875810034597,-1.343462794576069,-0.1919548733301779
10.0,33.0,1008.9357299804688,-4.936954594159433,-3.66015017975804,-1.311457880107072,1.598072751967968,-0.5100846246446551,4.990059245197658,-0.4708097555962673,1.3863458800359876,-0.6749232627023725,-1.1015244131115502
10.0,33.0,1006.2058715820312,-4.77017914283209,-3.5381370731493456,-1.2897363479915676,1.715414615739772,-0.6641949740795656,4.757525646857744,-0.491776091462726,1.2290770545788146,-1.5554262239170225,-0.6703969341406726
10.0,33.0,1007.2503051757812,-4.988018815567301,-3.9234503138160095,-2.0515142263444144,0.9036735782937731,-0.0374656759287086,4.975268669928235,-0.4726508735078196,1.0024611233756815,-0.6969034854697478,-1.0340822992945935
10.0,33.0,1007.2998046875,-4.835924866359238,-2.854871468400805,-1.7664555153278831,1.1346362532577174,-0.7560023597123493,4.698610947605047,-0.5430610943339644,1.757086197497392,-1.054643069924392,0.1206411743770994
10.0,33.0,1007.1360473632812,-4.804802402393486,-3.5465370627546315,-2.125075882230961,1.1746623345406562,-1.0904265856093538,4.946352514428828,-0.604370793090629,1.7019729308454874,-0.8590293368860911,-1.4011793387640292
10.0,33.0,1005.802978515625,-4.999597573665386,-2.7905613950286847,-1.935552008585948,0.9571821698584896,-0.7940650901477113,4.999584613562142,-0.4503181985238615,0.8012012859415627,-1.5727395436565046,0.0453514841286857
10.0,33.0,1012.9961547851562,-4.91200177116936,-2.5245421562315213,-2.1912564280294458,1.2170196802069562,0.0800909518137791,4.999990741512562,-0.9540029597920788,2.0687098719258863,-1.82457007176164,-0.2352477108996717
10.0,33.0,1007.69189453125,-4.9995999438874215,-3.2898628834111765,-1.0711785245305974,1.535044098741757,-0.1797307373019672,4.854447679190381,-0.4578087989203148,1.9966584391134423,-1.1779657701176125,-0.5772149751889604
10.0,33.0,1008.5413818359376,-4.833700437483814,-3.454707854083368,-1.9998562480742792,0.9828117355322172,-0.03285429872167,4.940854072172852,-0.6647507512390751,1.051980253416117,-1.3597017697988334,-1.3805221142227122
10.0,33.0,1003.8163452148438,-4.392034748020589,-3.152681469903083,-1.6756831537054797,1.6753415678845212,-0.8212101051430842,4.887443583128203,-0.3284419149223918,1.7559652048701953,-0.9834056681950702,-1.0298385537944648
10.0,33.0,1005.5827026367188,-4.691143420968589,-2.940897250882612,-1.3516115711445882,1.410370745327305,-0.5637984290104745,4.991759411766829,-0.7318025607936951,1.9135196263781609,-1.4933967984382497,-0.8328204674356927
10.0,33.0,1006.8507690429688,-4.8458486415115685,-3.197546332955461,-1.4072953611761618,1.1219143124000477,-0.0504882188370112,4.997990888990726,-0.6150252693970257,1.9779159028131907,-1.3207461612347209,-1.017813066489559
10.0,33.0,1006.006591796875,-4.942535195970596,-3.578791262681247,-0.9702891818852972,0.8779491829645725,-0.7236681700244887,4.998415229930135,-0.4142137154004768,1.9499710585559216,-1.4232154219894282,-0.9965615878317884
10.0,33.0,1009.47119140625,-4.938885923352233,-3.835442123569752,-1.3293341516423514,1.373569252055268,-1.4333402636279189,4.968421701007216,-0.0843995475367664,1.235610084047842,-1.3093618280751929,-1.132635797188879
10.0,33.0,1006.05908203125,-4.669842958029061,-3.421939028652512,-1.504891501601481,0.3242134047891465,-1.0206614285447508,4.997415017218724,-0.7363457659096513,1.5858640736056584,-1.074210242311528,-0.8776478207805836
10.0,33.0,1009.003173828125,-4.825828919239299,-3.182712136848429,-1.0810955098230748,0.6468649632876735,-0.9061305962997626,4.931274011939879,-0.4154441972855309,2.2454083558057603,-1.4597728634250986,-0.8197031763911387
10.0,33.0,1009.4546508789062,-4.9622905588196105,-3.5045124387101616,-1.3928922573620603,1.9034001594234555,0.0231963167672315,4.9983938221319,-0.5560231864150875,2.021344407846497,-1.4141437446249534,0.0336861273014044
10.0,33.0,1012.1184692382812,-4.518784693280264,-2.81960925934556,-1.0119783151973194,1.2461329048471643,-1.3996293432685936,4.905862608359406,-0.1189870845251235,2.21915523663637,-2.2077379347025654,-0.6290576192844499
10.0,33.0,1007.6047973632812,-4.941068410119484,-3.291014284132681,-1.2742336011742577,1.1785981183170868,-0.2533427900557985,4.879428982500167,-0.5829128484535824,1.3613486151313374,-1.2805256425030764,-1.0016931489093055
10.0,33.0,1011.6851196289062,-4.994494667696967,-3.8515492470125583,-0.6247721827429151,2.224497433031268,-0.2428168533492876,4.633988557268051,-0.348660719492452,1.6426715226592918,-1.742111073700896,-0.3475456364969993
10.0,33.0,1010.2939453125,-4.997160044690316,-3.517857672534636,-1.2677757292606504,0.6013914368762574,-0.6562113594323717,4.947915577117437,-0.6155802417281251,1.1164244032485628,-2.2685754962461795,-0.3627992668152018
10.0,33.0,1007.6289672851562,-4.965047799261944,-3.163418100574006,-1.3017039281501042,1.2303629402379412,0.0970749814178661,4.982851138093247,-0.600604896761884,1.6382308727528685,-1.6903850267372658,-0.5705507513559311
10.0,33.0,1008.4535522460938,-3.2488735564417937,-2.457619546977411,-1.0183684701080944,1.352391180149076,-0.7725229082191403,4.801805362699126,-0.7056358498242004,2.627686531296197,-1.5540856478522,-0.5868093348907015
10.0,33.0,1010.2828979492188,-4.977258458751235,-2.68490760121671,-2.066697522767248,1.0703143813625262,-1.040946074323894,4.834991972458861,-0.3942386773030621,0.5207223917280075,-1.1366023459227073,-0.4761035809345024
10.0,33.0,1010.0494384765624,-4.781177162375133,-4.013815873475615,-1.4258000008725809,1.225080997373297,-0.549295438378695,4.537642185567867,-0.4367450473544236,1.609086123305243,-2.320367286007476,-0.3584040349813175
10.0,33.0,1007.95166015625,-4.161641011083852,-3.545200320162937,-1.433082817873113,1.2564105929365823,0.1379363998773435,4.85271015896908,-1.2656512258729813,1.6125227550593475,-1.8258086626857304,-0.6809953686932975
10.0,33.0,1006.2625122070312,-4.81939792090855,-3.175590928019504,-1.309297523252792,1.6802480586072228,-0.4212498362317252,4.9867699701888455,0.0520537040083564,1.7316355253092244,-0.8920292093760027,-0.6923741253186249
10.0,34.0,1013.4630126953124,-4.709785640943588,-3.199842871645548,-1.777403876091908,0.8948628244863146,-1.1658644599386443,4.818280020476548,-0.4291517128607296,1.573311488743756,0.1383638055301359,-1.3405137567292624
10.0,34.0,1009.103759765625,-3.610877983903769,-3.215589139972161,-1.2753839099590678,1.795173844152692,0.3846106985205608,4.973927072067175,-0.6724101758167471,1.9167959714648308,-0.7893708374695656,-0.6577029106655656
10.0,34.0,1005.772705078125,-4.5854785134767,-2.533837888757513,-1.2310929705929636,1.0817507260125572,-0.6695982958050397,4.62941058917626,-0.7976895015301073,2.043610424607971,-1.289806516264223,-0.2616651642125571
10.0,34.0,1007.40185546875,-4.93395931500355,-3.0835175151379843,-2.1399580687401687,0.981704772223262,-0.4893950885549811,4.963080913524351,-0.7756094009143801,1.1939410522966163,-1.2804710646547195,-0.346652974985413
10.0,34.0,1005.281005859375,-4.732222078233178,-3.430787528010502,-1.9951898932161525,1.2698673191600331,-1.2383637949511357,4.934391964219669,-0.7234094724511433,1.3530858791310756,-0.7098075917215283,-1.450566726865076
10.0,34.0,1005.86083984375,-4.50547905178258,-3.724686231065793,-1.5501463128077615,1.4509251949320356,-0.517521722082531,4.337991394710601,-0.9567613276069302,1.6138462519786252,-1.2923897499061292,-0.8135888588502809
10.0,34.0,1005.8602905273438,-4.540803170963997,-3.462534347530448,-1.693136138431901,1.7332833491095512,-0.1804378428830242,4.982927562812126,-0.654413570135894,1.4301413046190845,-1.359699661207174,-0.9625231267133492
10.0,34.0,1005.3002319335938,-4.839765561259892,-3.399217061903599,-0.9615787107022308,1.3583391088422072,-0.3470424690681239,4.9976566029579566,-0.8083761913721501,2.288840989382191,-1.5016599659552332,-0.5402542389366527
10.0,34.0,1006.6600341796876,-4.3571117425825205,-3.146049998191444,-1.8893946739256344,0.6060178717140285,-1.2521970289291948,4.673687277274755,-0.7034130338489906,1.2535378932242374,-0.1603710805417852,-0.5559632813549342
10.0,34.0,1006.3395385742188,-4.8811456816616925,-2.5765496421507663,-1.379468304828107,0.6005194134494705,-0.4073793670954897,4.915629797621241,-0.4676853560874763,1.5266113488555575,-1.258308825608709,-0.1143192380939837
10.0,34.0,1006.374755859375,-4.958506751372601,-2.9099990313617763,-1.5841393440856244,1.59298193532715,-1.2437467748641722,4.992646994336681,-0.0526427513696585,1.2956467911556802,-1.164683714881778,-0.950713756472182
10.0,34.0,1007.59814453125,-4.657045586691522,-3.856585955372231,-1.5243073952960335,1.588326407672759,-0.6872021991752826,4.96478981348873,-0.213522043834021,1.7033824079768696,-0.7800269569158242,-1.4510910714879346
10.0,34.0,1005.17724609375,-4.280287234267409,-3.339025963768332,-1.7105409091510015,1.6649698262102903,-0.2473943229204973,4.937754112446569,-0.3371452618129753,1.6720431554762705,-0.8621231459765628,-1.1208219370977233
10.0,34.0,1003.9713134765624,-4.990599023591651,-3.2662057847311146,-1.5677100829552426,1.1827846793075345,-0.9033959109842984,4.9692880795969945,-0.246844338078894,1.4822290007319374,-1.2331544394834184,-1.033940284615808
10.0,34.0,1003.4819946289062,-4.213832806004324,-2.798397286863554,-1.6002078788383276,1.392486411279485,-0.7335244664824963,4.990038860281418,-0.8044731851676925,1.692161122419896,-1.3459486064672994,-0.4962883301840302
10.0,34.0,1005.5465698242188,-4.730955263832766,-2.702798129767243,-1.376117021914398,1.3366017742453558,-0.0498060918488088,4.961801299535672,-0.6209478562180264,2.1361583154746207,-0.908791581005862,-0.4652187056118562
10.0,34.0,1008.87255859375,-4.954518983576447,-3.115389023566291,-0.8625786050193405,1.4383519025516298,-0.6063953110295532,4.915877703895967,-0.5966494155970166,1.60392696005923,-1.7007510223191282,-0.2530234186357036
10.0,34.0,1006.8040161132812,-4.5901762188320285,-3.174124918676996,-1.487582535584922,1.2364083320140278,-0.5928225797563345,4.967179294167156,-0.5732660288028386,1.6569814702235988,-0.7529006361915211,-0.901304231426014
10.0,34.0,1006.8013916015624,-4.999941725976279,-3.0761459323780027,-1.3407168980200197,2.1591120299003155,-1.3858357124687206,4.999684241235457,-0.4933716993801145,1.7261817723329411,-1.266010233852655,-0.8037146264716872
10.0,34.0,1005.5438842773438,-4.997630730431804,-3.2114537328179216,-1.7596283695091524,1.6444789289884367,-0.1079524134383911,4.953042149576785,-0.3493332121716559,2.0809134807493894,-1.5057811396888217,-0.3885479357782202
10.0,34.0,1009.0424194335938,-4.204149752580527,-3.3247896898958964,-0.7299252598424815,1.568830203068936,-0.3606707659762307,4.723421669225926,-0.8031935232920535,1.988107553175226,-1.8964888924131624,-0.2340522664472608
10.0,34.0,1009.1226196289062,-4.661427358812646,-3.095851804201632,-1.317434865738096,2.2260268041306386,0.2662399754283502,4.980064158528005,-0.6257058643533515,2.1232367386710047,-0.8869411868174586,-0.8416500689742987
10.0,34.0,1004.8170166015624,-4.356575515082268,-3.275592587243139,-1.379771866057669,1.2823482547558207,-0.6258566732472612,4.674737125953714,-0.3757565752864629,1.5011122300340445,-1.47536375092576,-0.6712010760179901
10.0,34.0,1007.5308837890624,-4.737225084859645,-4.124167929992443,-0.8914557591537697,2.6125039466554973,0.5888787049318687,4.999344681569932,-0.6403902733789515,1.947402406042329,-1.865845173328177,-0.2441270081435265
10.0,34.0,1006.7075805664062,-3.829280206412392,-3.2366569468409434,-1.3673243738291276,0.7266547429598003,-0.984851809112457,4.827972008010873,-0.8696819663755342,1.873751945143801,-0.5403820445000518,-0.6431396218514722
10.0,34.0,1008.0999755859376,-4.977444592494357,-3.2293785578884657,-1.914606555844032,0.8780430105718349,-0.9470963241150204,4.981455360393394,-0.6145650290671956,0.8860133341534109,-1.2460103872699175,-1.5148837795322263
10.0,34.0,1007.5411987304688,-4.946647963711873,-3.058698126834969,-1.41848337784785,1.7389502714375524,-0.3624793132046608,4.922718705475088,0.1995145316181705,2.3021930942709616,-0.8773947902655772,-1.371082947709902
10.0,34.0,1009.0325317382812,-4.84431402322408,-3.3410877525350138,-1.4790532754678565,0.8457285065846998,-0.9348403330020938,4.908360965001043,-0.7519541894697177,1.2495284263783777,-1.2096649936310562,-1.4028317340100491
10.0,34.0,1007.7445678710938,-4.974666168305892,-3.607827958603516,-1.7782696603147126,1.3515125510541086,-0.6376423834059057,4.809376360140764,-0.5352070981027097,1.1517743147251682,-1.431291490314106,-1.0361076278045966
10.0,34.0,1007.1802978515624,-4.813802625265813,-2.943802744724177,-1.976106180354532,0.4703258688497342,-1.292815640571539,4.9862277420411445,-0.1780411259117214,1.0968470835002702,-0.4743253788897084,-1.6842302004146426
10.0,34.0,1008.174072265625,-4.839697584149918,-2.885388835058781,-1.617080399045015,1.2640938636506274,-0.4394257472502403,4.992243185196031,-0.584809011041358,1.6326593041759718,-1.584542980667015,-1.245989499279137
10.0,34.0,1004.2741088867188,-4.937353678141578,-3.1132153692089983,-2.260024336236208,0.1847332847856702,-1.4631450021113772,4.924186103164546,-0.4449461342479939,1.0544280210403576,-0.6002688787748358,-0.8959730647749824
10.0,34.0,1007.73828125,-4.768008000900915,-3.095766879635513,-1.85228463072792,0.4895780751165297,-0.7851621263006878,4.872927926609084,-0.358894085476015,1.1999236458825493,-0.6585018343499618,-0.9082312992301516
10.0,34.0,1013.2387084960938,-4.998192434130988,-2.9168244170485087,-0.8116813390219555,1.9090532681210608,-0.1338089701649609,4.987812730505919,-0.7119559969561511,2.306060041393394,-1.835079025979052,-0.727398943796354
10.0,34.0,1006.2555541992188,-4.831738245832297,-3.30961925682059,-1.3051818593794993,1.2362728705592598,-1.0783487254612547,4.018068792211036,-0.42446606665992,1.7325601450328945,-1.747593178828148,-1.0636670970342967
10.0,34.0,1004.8232421875,-4.946853844660708,-3.4052301322665257,-2.171905881916016,1.416936318528668,-0.605653387374459,4.997704772077075,-0.533710440667102,1.383476541240353,-1.2263591066514308,-1.0348962516739602
10.0,34.0,1010.8518676757812,-4.954559809655263,-3.671821549491319,-1.2243746486091371,1.484134566546123,-0.1382863719199356,4.971450060486122,-0.2670882547930571,1.3420964546527046,-0.7099963116203538,-0.4973505712762005
10.0,34.0,1008.5768432617188,-3.963485538462504,-3.3359644755721725,-1.331381857758334,1.3839199153986117,-0.2348256617177488,4.933129834052979,-0.9089773809680032,1.4999833324717216,-0.7766935550843419,-0.2203750193162665
10.0,34.0,1008.8170776367188,-4.991918038973803,-3.5902811894313778,-1.5835740847499655,1.742499149229034,-0.5492785199146102,4.986722699004742,-0.318238284662705,1.5080687546578373,-1.619874355484442,-0.6885413523864514
10.0,34.0,1007.7916259765624,-3.911952811634944,-3.2267715709608087,-1.1118121031602808,0.967517228160868,-0.539921897134235,4.817852547743893,-0.9528351805176588,2.069557544397104,-1.1571726853707245,-0.7003018212211076
10.0,34.0,1011.6104736328124,-4.772739937850336,-3.11771570395435,-2.242958144300075,2.1647266306968804,-1.016165277372116,4.95608335409654,-0.2679241806042833,1.4384780406325604,-0.576808816567663,-1.805552114065892
10.0,34.0,1008.192626953125,-4.539143711958896,-3.6077848118945504,-1.6379934955318871,1.6638610586769609,-0.8086950726915427,4.922695329295792,-0.6384346935175902,1.261081460599013,-1.819199775406796,-0.720519511043145
10.0,34.0,1007.3067626953124,-4.921611675571181,-2.8773432010953,-1.253446100853215,1.222281753095908,-0.9230016721986364,4.912585570148137,-0.2060397602070178,1.948636607479374,-1.7673861588864217,-0.5795589834125217
10.0,34.0,1010.6917724609376,-4.857331690212677,-3.798882869861317,-1.6778103305830645,1.5253888251832182,-0.6367996283529163,4.850017059617986,-0.326642886439493,0.6426369505444374,-1.0354011688106617,-0.922220573973755
10.0,34.0,1007.9064331054688,-4.746672418789667,-3.577398497484706,-1.356434670747157,1.6557558555807343,-1.0385834457115006,4.762859452660063,-0.2086957997485878,1.8660418825634155,-0.5940240505354968,-1.102173787517004
10.0,34.0,1007.9689331054688,-4.782949163275316,-2.8620927381299297,-2.0669910174949617,0.7646442969812064,-1.3621488826531838,4.977658581777376,-0.7870239192992496,0.9763711131794768,-1.0739093458137283,-1.162250769531954
10.0,34.0,1008.6310424804688,-3.738403798130039,-3.931166087256726,-1.369577755678458,1.7526382908003644,-0.718319642751327,4.630364058510597,-0.9349009797959944,2.193421041377162,-0.6768477517145213,-1.091998592922658
10.0,34.0,1004.359375,-4.051964603024802,-2.754977068801591,-2.2605875220195664,0.4769744554414092,-0.8758841612927108,4.849922343043366,-0.8487749066019079,1.1761197886892516,-0.8375060657839537,-0.9355982853852858
10.0,34.0,1005.6123657226562,-4.710383621245322,-2.9360805002056494,-1.6022081608182317,1.649767644909616,-0.4367691990391584,4.913388734773724,-0.6430311172498442,1.7256818086058263,-1.3740562486657608,-0.5468469757852006
10.0,34.0,1008.2039794921876,-4.993138806975371,-3.267462170211348,-1.6926249058790723,1.7132538001119757,-0.5490429112034638,4.358955742433924,-0.2593384353747074,1.391147098284736,-0.8401692851554605,-0.161732781892895
10.0,35.0,1007.5477294921876,-4.989156202245725,-2.675375469527084,-1.8174848310617595,1.5227988804100745,-1.1362839778340543,4.934600192646023,-0.3087251922725595,1.6043809423616846,-1.269071353601357,-0.6595255420651416
10.0,35.0,1006.8650512695312,-4.92812421567939,-3.7282232716386674,-2.0553292101159992,1.2830760302515198,-1.6081959744136831,4.996825441268051,-0.436053333278565,1.2317976294688435,-1.4009531901275762,-1.56402455067747
10.0,35.0,1005.696044921875,-4.9918778299196624,-3.175754300575791,-1.972210462737904,1.4612940079565888,-0.5719792682153386,4.991828508037283,-0.3801589339428171,1.5307852577212395,-0.8444026141548928,-0.7318835353387687
10.0,35.0,1005.7955322265624,-4.941918748805094,-3.518562447224976,-1.5719865754044342,1.211145268291797,-0.9206567085656144,4.999970975845823,-0.5850705820693456,1.397801184960291,-1.3279450584998518,-0.7436644554149607
10.0,35.0,1006.4660034179688,-4.91703305769538,-3.081441051717584,-1.2875939066691364,1.6962654698919994,-0.9426644643238687,4.997662903682226,-0.1925195138776407,2.185345903561714,-1.779966148664216,-0.4374865352328392
10.0,35.0,1007.1068725585938,-4.5196576411140015,-3.306208925742096,-1.5258831456775883,1.753564564740996,-0.1276149260361858,4.9999756828421855,-0.7393295262062161,1.8012213465539126,-0.7583829965589288,-0.4117881319678682
10.0,35.0,1004.6751098632812,-4.929185492638474,-2.77589403840386,-1.8846105913194064,0.9250708168351434,-1.202940263937769,4.995611644590209,-0.6191744737460461,1.6881529278484342,-1.043348649985136,-1.129290982526605
10.0,35.0,1006.7496948242188,-4.912705681856617,-3.255285706621149,-1.820795766826176,1.7237541750554684,-0.970190476517585,4.931554120185902,-0.6332471811377296,1.4487862965992857,-0.5334976436248482,-0.9566211297583642
10.0,35.0,1008.029541015625,-4.621735120604281,-3.468744296329244,-1.6267008198295825,0.7869645500738978,-1.0982208808679457,4.863716803656979,-0.6262657201608537,1.5030675043471344,-0.8804501548901413,-0.6946688942794612
10.0,35.0,1005.199951171875,-4.85893582439205,-3.3410449213653792,-1.476391331346938,1.1263448966814735,-1.115983980032608,4.997617773248994,-0.34355273236031,1.338998475343316,-0.8537464866936713,-0.8469234378994912
10.0,35.0,1007.0377807617188,-4.40049896707782,-3.1906697916351234,-2.017201655837728,1.6312926518224042,-0.3810123954122542,4.952384163684583,-0.7571828327128296,1.5994947900916276,-1.4327192006210696,-0.3988402174050094
10.0,35.0,1004.5203857421876,-4.95546782883043,-3.311910285421087,-1.5261508391527152,1.3092395212989398,-1.016871002693129,4.973193710822169,-0.0369581919709247,1.5733769277791518,-1.1431401227867797,-0.9421193789794328
10.0,35.0,1004.914794921875,-4.231728171823768,-2.869114479257446,-1.3637710278660364,1.7112360902461186,-0.7770031692222332,4.952835422244274,-0.5801374220695728,1.8852973917961984,-0.9175213782211992,-0.922244669719544
10.0,35.0,1005.2399291992188,-4.9989722384758215,-3.272473658187761,-1.2383728111627552,1.5657900321090965,-0.6070626584975898,4.878154823362497,-0.5786652110940365,1.674213119138578,-1.282713083354933,-0.6156332475695434
10.0,35.0,1008.8275146484376,-4.98099041320384,-2.5469479248843307,-1.8902284271251752,1.04661278545316,-0.4878250510754292,4.96091781016354,-0.2082977390723286,1.406491005901504,-0.393919568494625,-0.6412708670557352
10.0,35.0,1005.6842651367188,-4.1812189366534085,-3.043229267504443,-1.733767313089738,1.2166214716332109,-0.7649858501479141,4.988850739258112,-0.6329476063690649,1.931603461591024,-0.8599302241394255,-0.7273847764220065
10.0,35.0,1015.10595703125,-4.786821010564903,-3.8385579485741257,-1.7321734706499416,2.2989876233174886,-0.9489751829534452,4.999010906381287,-0.8111885710912139,1.7184196435305823,-1.388214902963813,-1.0472343272132472
10.0,35.0,1002.9169311523438,-4.668568712068147,-2.9840985248665137,-1.6625793456936822,0.6493893732015108,-0.9387146161026516,4.946092185154795,-0.6687069773133949,1.5394969330380135,-1.0094349399549172,-0.7325660184548903
10.0,35.0,1006.7957763671876,-4.951060290554114,-3.063945773765042,-1.7259547659352643,1.0202106215471671,-0.6761837239162629,4.998723163735871,-0.1017349794912672,1.6471388438615566,-1.3786229732767858,-0.8298860633461151
10.0,35.0,1004.6153564453124,-4.319812047149863,-3.1611537987703624,-1.9006874822265856,0.7003835627511812,-0.7503585258962371,4.7141621598218375,-0.7313330763160639,1.7524997785485343,-1.1799364921133977,-1.0773620824709833
10.0,35.0,1006.42626953125,-4.226660659370421,-2.8074397220715683,-1.1738655540091836,1.9058190075580776,-1.101413780265461,4.969062904965011,-0.5764986411028072,2.2663466597658743,-1.3588908274425906,-0.4879421436443074
10.0,35.0,1004.252197265625,-4.764289916284012,-3.273762549309676,-1.9202078837299703,0.5402069786233561,-0.8651744709492508,4.896104326317415,-0.8564816972998752,1.3282465267695622,-1.042174515361272,-0.5905392742646569
10.0,35.0,1005.2815551757812,-4.93347894813769,-3.056952852076445,-1.5153543078554312,1.411071874706069,-0.0088108628053102,4.853328358488547,-0.707128352637179,1.8273932210179789,-1.6743900259766549,-0.2391711818308177
10.0,35.0,1005.2461547851562,-4.893996488654216,-3.1160569418124293,-1.9366832524800497,0.3838598051840804,-0.978589598031662,4.717618899242069,-0.6813184088103874,1.8344581475360624,-1.1653827247260966,-0.8180746751062635
10.0,35.0,1006.6780395507812,-3.717492412517299,-2.908509656547106,-1.403067608478254,1.2434196491928038,-0.2527974051613446,4.920223322040622,-0.9647220133712492,1.8175007827549423,-0.814954493095911,-0.4067601076538238
10.0,35.0,1006.2197265625,-4.589678944259857,-3.651935497031968,-1.574026609702592,2.020014184271658,-0.6538661376355046,4.600610063513917,-0.5336074733899672,1.7781374084359856,-0.9546903860189292,-1.0450152100372612
10.0,35.0,1006.2783813476562,-4.616881742697094,-2.800880241924376,-1.9317728994922776,1.4485744870410748,-1.22770672090836,4.930956902977364,-0.7365558307943463,1.9225694428866804,-0.8063862091593315,-0.3317954740126456
10.0,35.0,1007.9781494140624,-4.63363278044074,-3.2261565665106926,-1.4049541365493496,1.5495227173239323,-0.4756734770173141,4.672323892007565,-0.3320765298236541,2.270576939330166,-0.6627603342822184,-0.4552219791670531
10.0,35.0,1005.6329956054688,-4.953015243389018,-2.828599746157048,-1.4129317740518044,1.3845654891915862,-0.7936735896923768,4.959303624064544,-0.7604885456087933,1.5409672399932806,-0.9167841171591408,-0.5555099099848944
10.0,35.0,1006.8845825195312,-4.734646821679219,-3.047332445205455,-1.5278537610108902,1.3480968096645896,-0.4246192424938844,4.870968016305183,-0.7039167009153608,2.006213443093289,-0.8095548048755479,-0.8193309734896843
10.0,35.0,1003.931640625,-4.71740037806069,-3.017256595894335,-1.8702747199822864,0.6237098575590796,-1.5030985443580267,4.851436901729281,-0.2929254384216797,1.13967579675072,-0.8901000076763301,-0.892087400169177
10.0,35.0,1008.1639404296876,-4.842845395030084,-3.5148920279444207,-2.0388388115810967,1.5724083454995412,-0.9313600985046192,4.922111396124318,-0.818694299808171,1.153449515270209,-1.382169592729518,-1.236581752977897
10.0,35.0,1007.0518188476562,-4.933116188204172,-2.505581943002668,-1.680219591946814,1.0993508779083443,-1.0988088986106486,4.564814507237298,-0.6829451894840011,1.4829819939176714,-1.244640792695328,-0.429148214034603
10.0,35.0,1003.3116455078124,-4.245947167025497,-2.7871010309786604,-2.052760222065081,0.6295249566610135,-1.3618051056500913,4.612477611396557,-0.2212388351303484,1.275517792460727,-0.9613247343075528,-1.062533794491141
10.0,35.0,1006.702880859375,-4.368056216828027,-3.488167920342155,-1.2340822369298057,2.120894226180682,-0.7111531936978324,4.377692383807636,-0.440752284231384,1.959270370616867,-1.058598940842384,-0.7317090933376775
10.0,35.0,1005.3507080078124,-4.840987368527553,-3.184512882566915,-1.8390823575153408,1.098160883525015,-0.7070398433212146,4.999995761405806,-0.6523925334420619,1.2700689224065984,-1.1028269432938558,-1.09628504213114
10.0,35.0,1006.9038696289062,-4.81301335201379,-3.0307595010046207,-1.2291495479988654,1.4226898085534252,-0.4662071783832138,4.963834598120828,-0.9632033547510376,1.59219926052055,-1.9492820124207304,-0.4237374614061187
10.0,35.0,1006.1354370117188,-4.8542058977902,-2.598339900733288,-1.6432898544695136,1.3538528520266846,-0.8779912883189969,4.982619477133266,-0.6081157901892773,1.4676332719966902,-1.6216760974137063,-0.0635949951978869
10.0,35.0,1005.6092529296876,-4.0255410605873205,-3.221325524754285,-1.5313560706191214,0.8869515827127197,-1.155203435054366,4.996424628249361,-0.8102538198594234,1.5727234031393609,-1.053203621247485,-0.9885595857609716
10.0,35.0,1008.0490112304688,-4.965579603229843,-3.046061458873913,-1.824733130909855,1.4599295487643174,-0.3863151174590387,4.999999621823722,-0.3025521438288541,1.919389088263948,-1.3073252824684447,-1.025284700558884
10.0,35.0,1006.3191528320312,-4.994510066173361,-3.500320464283713,-1.4233116768333032,1.2685582765471226,-1.0952722164385302,4.734727518533747,-0.3500089302031499,1.4518875719819828,-0.8659660492556114,-1.1337988150495155
10.0,35.0,1005.38818359375,-4.89893503780936,-3.1077885951802253,-2.0935923249484336,0.7027889002705656,-0.9803121917889824,4.998683300851727,-0.4746223724877909,1.181011561404924,-0.950202927296358,-1.0846673863854313
10.0,35.0,1003.6959228515624,-4.623488927471165,-3.0526718475589467,-1.588752312479337,1.0363841527871154,-1.0068992852823948,4.834200358002981,-0.5047276325575645,1.9026555440544453,-0.8676234409337109,-1.089681316451392
10.0,35.0,1004.006591796875,-4.1834800597792885,-2.8422398363602106,-1.884317648567262,1.673128349498608,-0.7282539381735473,4.84968120519234,-0.1303462062329821,1.838649653011552,-1.1407597859386742,-1.0402618316339938
10.0,35.0,1006.0132446289062,-4.096312535189425,-3.047674227437116,-1.8052521984078624,1.8075353861038064,-0.7115047661004574,4.307190810595271,-0.157134628865033,0.8499103519066704,-1.6025413472249284,-0.7624963758018604
10.0,35.0,1006.9459228515624,-4.987815475623345,-3.058390362469756,-1.8676099498157763,1.765824418080042,-0.4702268841979879,4.998021331061787,-0.2758636931076701,1.5212074842864691,-0.982797407302499,-0.7270529458875483
10.0,35.0,1006.7320556640624,-4.847623981386939,-2.8849157560173384,-1.7453764225230337,0.7125439117373791,-0.6222609704596413,4.908570148986604,-0.9589858337215816,1.7853492251576115,-1.1966933411997922,-0.3487308819108907
10.0,35.0,1012.6234130859376,-4.517933640462709,-3.302409224700431,-1.0991835363135922,1.6281836757644594,-0.3843040692085395,4.998665905575578,-0.3599962294543841,2.302355962611574,-2.2014319884240727,-0.8700785376504054
10.0,35.0,1009.6218872070312,-4.997595229606941,-2.794507922118747,-1.4853368114906995,0.4174684152945964,-0.8895958934678987,4.853432375319644,-0.4613252483445187,0.9082187811613648,-1.0578529084219572,-0.5876991456303342
10.0,35.0,1006.7982788085938,-4.259940110360593,-3.3914835474383094,-1.464671766341775,0.5503877395598877,-1.0197618210658723,4.410018881200445,-0.7696984031606764,1.583101121137287,-1.148172358173392,-0.7277040245019339
10.0,36.0,1004.616455078125,-3.847993199709789,-3.21089121090707,-1.5707425295267892,0.8187330878509123,-1.2903143145200566,4.850228265950628,-0.846854263389841,1.646886327176393,-1.4345493484069838,-0.938076972493528
10.0,36.0,1005.05810546875,-4.618826096659055,-2.89682948317778,-1.752760863627254,0.8491396778844482,-0.9928799908033188,4.843682650600865,-0.9106737128941392,1.833745481760909,-0.9565065460494546,-0.6549572273072171
10.0,36.0,1005.8533935546876,-4.778115553053784,-2.6748101334134184,-1.3588606873997715,1.3052150014018735,-0.4432486590858691,4.486342017670342,-0.3419747297055249,1.921643965662952,-1.7266233748768616,0.1835586084904692
10.0,36.0,1004.34130859375,-4.536186164438826,-3.2513380292882834,-2.031625444362619,0.4931927705412366,-1.464535746654474,4.651358327936951,-1.014031750512952,1.058130849718374,-1.404922334917198,-1.0671762443457684
10.0,36.0,1004.302490234375,-4.782483422049774,-3.427519396110504,-1.5172974975849134,1.1035964271363057,-0.8281663835185258,4.83347412593516,-0.262422106912239,1.4938562297754316,-1.0338530763804843,-0.957279645321047
10.0,36.0,1006.046875,-4.868808263295434,-2.6738928706224665,-1.9627606918220624,0.5565230468047027,-1.435372096416212,4.991725368355445,-0.2394510875439692,1.6161873959569435,-0.2887715340935584,-1.437408428600433
10.0,36.0,1011.0543823242188,-4.706757053771169,-3.379648191384357,-2.1435400482879934,0.353279623408012,-1.0974373720688595,4.885781087335108,-0.4140759981227129,1.0254084118929985,-1.4510441390447557,-1.7737102734110568
10.0,36.0,1008.7866821289062,-4.947552931733652,-3.6612742507157177,-1.3470207617904435,1.4859886160461129,-0.8351437985531698,4.999489815637352,-0.8735313404259317,1.5024722558624646,-1.4072602481284455,-0.4795088692914131
10.0,36.0,1006.0126953125,-4.936838952846913,-3.095339111555808,-1.6224319338796187,0.7196308085329539,-1.069782602708051,4.828036647977678,-0.4953982619888295,1.3126886003154548,-0.9974769051534942,-1.2633001165001287
10.0,36.0,1006.9251708984376,-4.834980384253028,-3.4707074140879013,-1.71110128105529,0.9311668118123206,0.0200724365572826,4.937284983628187,-0.3630822849670938,1.3652022976814011,-1.152578577531686,-1.0655520944141157
10.0,36.0,1005.941162109375,-4.608318966226834,-3.505011793740088,-1.3364281329068015,1.115796080851247,-0.9531182165480968,4.971713787660555,-0.3135177249903718,1.7595808353763198,-1.1676824168701878,-0.7860225350725827
10.0,36.0,1007.4019775390624,-4.287128107864014,-2.579322925654277,-0.4956981734283854,2.1194583121862243,-0.7388984581777214,4.991806117858527,-0.5322564499913183,1.978633849613086,-1.6456419118288237,-0.4069150462169428
10.0,36.0,1006.52978515625,-4.324417796159332,-3.222211003117983,-1.6099753259693816,1.6169718477199924,-0.0591821248506985,4.635599515967709,-0.597686201280105,1.4605021246998362,-1.1376593245526534,-0.3824527820300751
10.0,36.0,1004.708251953125,-4.132153570605757,-2.5496376898565303,-1.973371059094412,0.9187029458309848,-1.083668698748033,4.876730216302963,-0.1654261022746288,1.1754440101482224,-0.842582636710346,-1.166483045822833
10.0,36.0,1007.197998046875,-4.909882781101529,-2.8858508550268382,-1.4717630598332043,0.7288964836357517,-0.6446635076209137,4.96563258832173,-0.523168176896565,1.7524895737809052,-1.587973224968552,-0.5699870951267965
10.0,36.0,1008.5892944335938,-3.929061454290353,-3.572082658500872,-2.448796438038534,-0.0507811218340412,-1.1556235128183738,4.458597294309062,-0.7406083699968624,0.9734585463049328,-1.094617060932856,-0.4872763242539193
10.0,36.0,1006.3757934570312,-4.502720549136908,-3.570136846744736,-1.5003180228165878,0.6776611470022509,-1.429841920832069,4.9788788147858245,-0.791878055208592,1.4586591430600118,-1.5649844082466675,-0.789876052949225
10.0,36.0,1008.9442749023438,-4.927046476364876,-2.627424719939457,-1.636954432007836,1.455393382601592,-1.176668632448303,4.773499965952162,0.1345109608680914,1.4337604778856106,-0.4366822922297242,-1.2801041043685553
10.0,36.0,1005.6430053710938,-4.998208600988133,-2.9994553268601374,-1.4483157780217049,1.3494898015342018,-0.9985241321247438,4.8513156915642615,-0.3713423718281525,1.7484224115295357,-1.5476041023766358,-0.9140951445503251
10.0,36.0,1006.25390625,-4.993405932372366,-3.445030121851836,-1.3754046318000412,1.113735512146583,-0.4990990255040994,4.728141292658153,-0.5385442002101657,1.755193464696946,-1.1497482591649528,-0.8579483399194929
10.0,36.0,1005.0125732421876,-4.188423103369728,-2.893586152543892,-1.6654624437094725,0.1993966829969728,-1.1824101375928424,4.959875730096062,-0.7779431078001844,1.3346016871938424,-1.1617443198787991,-1.065614041531611
10.0,36.0,1004.5070190429688,-4.37546001565107,-3.039410756454558,-1.936711530238072,0.6362914651209479,-1.4453412796421512,4.929342863433584,-0.2864172195068981,1.281063138665961,-0.4166979103012966,-1.0504283947695376
10.0,36.0,1005.2042846679688,-4.354920785413405,-2.150357529235547,-1.7497416919340725,0.5992146982520277,-1.7551424941932452,4.9958369504748905,-0.4044594661248961,1.5834511084896192,-1.1324170816694727,-1.2616081595826767
10.0,36.0,1004.2855224609376,-4.5269950138317405,-3.224192474328873,-2.024626742809732,0.9893462272222822,-1.2103762905940485,4.507207324803785,-0.2743843470095157,1.4768769083815023,-0.547784489185684,-0.8649917732673646
10.0,36.0,1009.4356689453124,-4.975561914544186,-3.3606192358853075,-1.463577780800999,1.9047371177180512,-0.8949444367321497,4.98875675736995,-0.1785340809246562,1.6993808433508928,-1.9251057578187136,-0.8864158847773025
10.0,36.0,1009.6219482421876,-4.948805761697418,-3.452372334254812,-1.3116549677324103,1.6884898440501337,-0.8982481656060148,4.953518627211565,-0.1540766845285048,1.7743797586900092,-1.548797480488735,-1.158430462692659
10.0,36.0,1008.0183715820312,-4.964871942658867,-3.290265190439029,-2.070367006754681,1.023027729370492,-1.02916371972456,4.716312375170766,-0.8655083477534484,1.6278753816784892,-0.9855417269408092,-0.4913297906641753
10.0,36.0,1006.368896484375,-4.759176816082578,-2.967814493367509,-1.4227849052495718,0.8089153765771631,-0.2593693254562286,4.932569709578988,-0.634866580013659,1.784160192914853,-0.9871315573721776,0.0681699138538283
10.0,36.0,1005.6416625976562,-4.632981240999277,-2.8789452227931296,-1.3836883641447222,1.3135743084159,-0.5793515131302254,4.960911612608257,-0.3757094435017638,1.970164777470204,-0.8086652890990473,-1.262179561609504
10.0,36.0,1004.2138061523438,-4.99945372555316,-3.0298850718805337,-1.9278425382592728,0.5803353975423704,-1.6063217483670753,4.999412638698594,-0.4259346354796518,1.3099604636254891,-0.9258557160494156,-0.8652701697947309
10.0,36.0,1005.93212890625,-4.497662142567377,-2.442233567376737,-1.8268824311691416,0.3861595391399506,-0.9668796073689948,4.915339704151972,-0.7636159458879295,1.6198925938355533,-1.5374254706655686,-0.6592468318124292
10.0,36.0,1007.3812866210938,-4.818377504268479,-2.8810448777345017,-1.8761171278225124,0.7547299201406235,-1.113499162227321,4.976521758925852,-1.0643612360710737,1.4958895150218252,-0.613066190006184,-0.6668793672278088
10.0,36.0,1010.52099609375,-4.976085540054421,-3.006633574425512,-1.9317024693617808,0.9794312831915092,-0.7535400556710998,4.946876086402526,-0.5621196043285375,1.0598841976489126,-1.1922134982566184,-1.2041224829836543
10.0,36.0,1005.600341796875,-4.685450671694356,-3.4015555773722914,-1.7925004846776391,1.1207572185698034,-0.6215909185477004,4.80155972411354,-0.5642023755382075,1.5108898312463277,-1.6295738899294148,-0.683459327097804
10.0,36.0,1005.3577880859376,-4.97657527730528,-2.9787717659463406,-1.2207018979373636,1.287869412795299,-0.5943419988020855,4.978487191570631,-0.553775860618007,1.5071179486378226,-1.0911337829677683,-0.8099394580775474
10.0,36.0,1005.7145385742188,-4.810424375861896,-3.1736636518033574,-1.4390609551816826,0.8058542893168017,-0.8801939390369968,4.9999137845375135,-0.4850230975262057,1.3321914379814253,-1.5093296275615682,-0.6327889783553218
10.0,36.0,1009.0640258789062,-4.092427619280862,-3.0898053765534224,-1.3615632497529695,1.0301514900632522,-0.9647803220977806,4.852533338068024,-0.4242618326093019,1.3241553372025532,-2.1686859744060625,-0.9725612373336024
10.0,36.0,1010.1891479492188,-3.409775438274101,-2.9637056824260006,-2.235833588478835,-0.2777023840999408,-1.0610640915828735,4.345677403542407,-0.7891273114370492,1.215019166165968,-1.2497014631658865,-1.0408154031138084
10.0,36.0,1007.7313232421876,-4.619833752235626,-3.167546495194882,-1.4124527254078902,0.3254872492380212,-0.2134738657146826,4.959688543580835,-1.1251655848540114,2.0829022094377114,-1.4034451827416512,-0.3219480429522656
10.0,36.0,1005.5588989257812,-4.497996635166481,-2.925788751907852,-1.914265234914376,0.8365371209956791,-0.6295304627735643,4.460486554588222,-0.9319905458543722,1.8686169651888296,-1.2022861324446414,-0.7824976692207724
10.0,36.0,1003.7750244140624,-4.58041178497044,-3.120328357099351,-1.5727237047653713,1.1801312938343624,-0.4855395520043117,4.912993558985431,-0.799593223893293,1.3235832032108927,-1.0507106985084818,-0.9714705811341028
10.0,36.0,1004.4028930664062,-4.137854171251539,-3.068422166127177,-1.695370773296129,1.490083778419951,-1.347714773097393,4.9911939642541,-0.5644022841032488,1.9797008476775184,-0.6925101566559562,-1.3703302098665775
10.0,36.0,1004.5927124023438,-4.222580188232103,-2.7698127235980263,-1.8216696213182624,0.9157740160585188,-0.727197809455296,4.991731742823228,-0.3027439293439729,1.182282325748929,-1.006672583017212,-0.7866872728786669
10.0,36.0,1005.8167724609376,-4.582485476260986,-3.3221211504722703,-1.6255858342073657,1.197798501899956,-0.472611978449585,4.99287821163,-0.842152989563953,1.762311369739587,-1.2626230078468963,-1.059117807106868
10.0,36.0,1005.2130737304688,-4.707890669125767,-3.074637315767042,-1.7554585437272112,1.2788904740911509,-1.0741654681768489,4.778213739908811,-0.2087359469370611,1.8087723557569733,-1.392826771420995,-1.251121451556085
10.0,36.0,1009.2443237304688,-4.732979846373299,-2.934694656525943,-1.8826899831670216,1.358885894576343,-0.478079054455927,4.9192860983333215,-0.389548761393315,1.455485791370367,-0.9544658901471336,-1.3463194040446282
10.0,36.0,1010.5970458984376,-4.7423676818052805,-3.327702913598321,-2.3974247749780817,0.1922940636709258,-1.7498438932840572,4.996125602085437,-0.5247670756650908,1.2690010569000425,-0.9945324619061848,-1.3524644627009383
10.0,36.0,1006.3104858398438,-4.994870414966176,-3.148289588886932,-1.3808641691862618,0.9112626626876263,-1.120012280144672,4.95397165567481,-0.3825245738297713,1.0280886577823465,-1.5356730681493005,-1.0526551434600109
10.0,36.0,1006.6474609375,-4.98570919932834,-3.427959019722609,-1.5351213180991783,1.7570220350725494,0.0055375799834997,4.791025908022421,-0.5000586457808307,1.1867525929525549,-0.971019039107297,-0.5636406913144585
10.0,36.0,1004.533203125,-4.971412952966344,-2.711594584006521,-1.879468496097434,0.9016723669332468,-1.6235081511401006,4.807452370320705,-0.6758846029217924,1.6615490038116647,-0.9104252696509344,-1.0949508253262112
10.0,37.0,1006.2160034179688,-4.170773483111054,-2.497607453831834,-2.082880431815035,0.1231486679480227,-1.3451092026123157,4.9998507576042,-0.8661508171041392,1.2307962082700872,-1.0939235004612635,-0.5727774376622765
10.0,37.0,1004.7509155273438,-4.980083444054117,-2.927021917044637,-1.833392176196171,0.8194707402163148,-1.3553585779138655,4.97915132475422,-0.0754614920763785,1.0682028414066664,-0.7836912237061995,-0.9016730548375048
10.0,37.0,1007.045166015625,-4.572989595534315,-3.2590129520542326,-1.478815228908393,1.2957338610088955,-1.1035387503147611,4.9846626383200245,-0.9419726491361722,1.5834388757853013,-1.408054397551072,-0.980856052863654
10.0,37.0,1004.3270263671876,-4.8965306713800505,-3.2533093343327786,-1.6935607255509866,0.7652836101483027,-0.9977097823620752,4.9990008936613854,-0.5019271831215892,1.7781715574607349,-0.8053416001160549,-0.9803593614099188
10.0,37.0,1005.2644653320312,-3.3741189788972905,-2.7321673444282424,-2.0726526594045747,0.6120865675532698,-0.5070143980004884,4.930349203599292,-1.0888254958230754,1.259511062751404,-0.8412358461809353,-0.8514737201294604
10.0,37.0,1006.6090698242188,-4.990850317354391,-3.6252909384785568,-2.057891949390194,1.191214659179229,-0.8269328158889069,4.785931969261284,-0.2723425202239138,1.2876697274391748,-0.6664978493072375,-1.0209197381548378
10.0,37.0,1002.3717651367188,-4.249952334207168,-2.943884458574781,-1.6277932193800342,0.7177506215010121,-1.3042993651361563,4.769992728921132,-0.3660461031181548,1.4158147575239175,-0.8063749236598561,-1.0573043834267453
10.0,37.0,1004.6389770507812,-4.00672060709399,-3.3251180599973607,-2.3118909790576443,0.5512008002275026,-1.113182920041576,4.953379021331886,-0.679124474141755,1.1068670189468095,-0.5713830455491138,-1.521298936112339
10.0,37.0,1008.7462768554688,-4.213235693764118,-2.404327012310196,-1.935727644753685,0.4938933504937388,-1.2076247382897671,4.722361916908026,-0.6008387302941758,1.4595269179075316,-0.1907970636259888,-0.7785050889403813
10.0,37.0,1003.426025390625,-4.066574710684634,-2.850021945625987,-1.9635524635456187,0.7717436832015423,-1.2313884814633518,4.982600028226678,-0.5229057219952775,1.4267515864405276,-0.6566807072802696,-1.461138681335619
10.0,37.0,1008.3729248046876,-4.817401494847249,-3.347622850181865,-2.2372235679415144,-0.2755609097921159,-1.403650444772464,4.981975944670044,-1.0304206124012771,1.2398502577952115,-0.8302919718090989,-0.9993438467397482
10.0,37.0,1005.0421752929688,-4.781367922815505,-3.152000964417832,-1.759166828712257,0.4542437610380965,-0.7215363229726499,4.988132600420755,-0.5211269985868103,1.3132227622392358,-1.1536376482887452,-0.6266404085270976
10.0,37.0,1004.7371826171876,-4.799345478010427,-2.500189915338197,-2.124615577219952,0.3014396949572724,-1.4222565695247935,4.925053787545442,-0.6168441410171575,1.4233355996667925,-0.6728888991334223,-1.0464829471254995
10.0,37.0,1005.7996826171876,-4.81344410890456,-2.9863347817432024,-1.7055195083113577,0.5241637779185133,-1.1068123674011887,4.9968654209423615,-0.792536355063028,1.490070883079989,-1.628492806474613,-0.861157022777169
10.0,37.0,1007.6357421875,-4.613748138732481,-3.414971164604292,-1.382053687369944,1.250591663821602,-1.4645637467913717,4.808440651364917,-0.5124660315922007,1.696029933524791,-1.2785673514128877,-1.2494769425790708
10.0,37.0,1006.524169921875,-4.852386907243536,-2.847996903485324,-1.777518456432975,1.0617647248714723,-1.131277871458197,4.998974334168146,-0.664555787956342,1.579724050875651,-0.9774210279772264,-1.186389584095722
10.0,37.0,1005.7326049804688,-3.964122787254684,-3.092710428139508,-2.334609906511874,0.5937881012547717,-1.66296066632585,4.999150559365342,-0.7597171077902711,1.2233921692262806,-0.161281228325258,-1.4817978087868058
10.0,37.0,1005.7492065429688,-4.851415475603843,-3.1936930049846586,-1.7435534452734092,1.246943754278142,-1.201991359733538,4.941981789003533,-0.565381468588253,1.0599307279584478,-0.5110851753770369,-0.8239649284401374
10.0,37.0,1008.6179809570312,-4.986969802350769,-3.1665762254022654,-1.746377643006655,1.090101213281672,-0.8965930666005573,4.891988114199819,-0.3365843720903774,0.8879915961837481,-0.7497720266056804,-0.7346867693220682
10.0,37.0,1004.0890502929688,-4.787765185752799,-2.803108595660053,-1.4991546605355937,1.0459653587440254,-1.2954535360016326,4.688754845480565,-0.7091287034103928,2.035203530423674,-1.089589273696447,-0.7817352639294262
10.0,37.0,1006.4725952148438,-4.747323568321735,-3.0814324739158683,-1.9219593549148284,1.046090295973486,-0.558771523980214,4.994209440925797,-0.7949234234896805,1.5554892845103527,-1.179277734303121,-0.8662547207297262
10.0,37.0,1008.4850463867188,-4.945977422095849,-3.2438334037086363,-1.7765547477622323,0.3852728543562014,-1.3284652056518946,4.7756328229832175,-0.9107377383786376,1.0810941016844566,-1.0022946112886375,-0.9162430857754672
10.0,37.0,1006.3600463867188,-3.918562522896973,-3.062042048844864,-1.7486229819271468,0.4632305126169829,-1.2612757526972116,4.652082997472839,-0.5023981607674264,1.591741430646401,-0.5571302959323425,-0.9953740115245848
10.0,37.0,1004.1943969726562,-4.647001224268008,-2.8467755243461674,-1.9442953524250224,0.5570290471929162,-1.1368405000316284,4.702725981279038,-0.5381493570539426,1.4204050990318606,-0.5829742956397883,-0.84151966841989
10.0,37.0,1005.4971313476562,-4.80970388402309,-3.1533066963847194,-1.8474498703114093,0.7705426867061025,-0.9855452662624328,4.783801230735611,-0.5978128202605406,1.3038123933411292,-0.8006652781908699,-1.1374138822342943
10.0,37.0,1005.4054565429688,-4.592491971192004,-3.203791763961608,-1.1870352408759857,0.923694141255166,-1.4454873141621345,4.496907933513864,-0.4757975242116501,1.7838425737177843,-0.9400983031917596,-0.6947197141920078
10.0,37.0,1004.0439453125,-4.62221846320587,-2.5162139853161087,-2.027046165708013,0.3629638640950468,-1.4198687829180567,4.97146413611005,-0.4822658020644654,1.304767659570035,-0.978156061953296,-1.0200131380743422
10.0,37.0,1006.324951171875,-4.904717100619407,-3.761255061335346,-1.310318803376166,1.9226454105078847,-0.2479501554181338,4.998092737167905,-0.4967590974838876,1.3835665495867584,-1.6128430159187364,-0.317219893062056
10.0,37.0,1004.8628540039062,-4.206029374284618,-3.144296665191065,-1.7115792064605193,0.7681533852394429,-1.290084432451689,4.933172342334389,-0.0463234101625831,1.375752000522919,-0.939362299504162,-1.2329279152447237
10.0,37.0,1006.0462646484376,-4.453650860495017,-2.5947132780427937,-1.4254079058180738,0.5956668464972115,-1.0739177240194169,4.609445000823115,-0.8994642206768537,1.5151960898354435,-1.118060787770962,-0.7161568809777936
10.0,37.0,1004.9884643554688,-3.6737748711932734,-3.271553767713429,-1.6035647628956005,1.1799033896338784,-0.0956353166072592,4.979093192166893,-0.5434944528905623,1.5009834695212598,-1.1026615000391278,-0.9280987817357786
10.0,37.0,1003.9236450195312,-4.534571194082479,-3.407622664712604,-2.100464111665248,0.8491496557714617,-1.1601373368267542,4.621485739234178,-0.6133801461448485,1.351757959545992,-0.8195302791647707,-1.1728147475207025
10.0,37.0,1002.9723510742188,-4.197615605879881,-2.55711073934802,-2.0368722963236,0.7068013205782542,-1.7339806701579974,4.772966818002496,-0.5775915341252542,1.3930189298257396,-0.9461373011747244,-1.2738219544304776
10.0,37.0,1005.7744750976562,-4.80442448311764,-3.358172996945066,-2.2471575553766465,0.883006462679826,-1.1637669733103118,4.907259433664233,-0.2204226849545572,0.7547529569717533,-1.0453916521250886,-1.0705157827349785
10.0,37.0,1012.1674194335938,-4.799614009521783,-2.5789749960845527,-2.2709435907881725,1.2703283637612364,-0.9408996082662212,4.8419730472463325,-0.5786075110014819,0.9415109597296372,-0.4602577774162322,-0.7686321558983842
10.0,37.0,1003.9132080078124,-4.352005343268472,-2.8202262911342046,-2.013181839536899,0.9594309452008236,-1.151490780560369,4.977597755274111,-0.4538953784113779,1.2714133450180878,-1.003278999524504,-0.8356642906340497
10.0,37.0,1003.6897583007812,-4.5398298206875936,-3.3392550597370096,-1.357043223242517,1.1152547479964356,-1.538139548034374,4.757891940760052,-0.9154046100222047,1.6441005950757246,-1.415597748226514,-0.8691785587546059
10.0,37.0,1007.7124633789062,-4.02289336093713,-3.109124659239795,-1.1993432582885264,0.3214282416831002,-1.579249000623895,4.9989089887185525,-0.8078217308277766,1.5382049790347363,-0.8959488902935631,-1.2979265082645943
10.0,37.0,1012.4500732421876,-4.99922845187157,-2.602923262283065,-1.824151049460978,0.9562463485993692,-1.6305359244491051,4.98918328711547,-0.6953645265644077,1.2009893390029989,-1.604078193323168,-0.8747072384720367
10.0,37.0,1004.9484252929688,-4.914629369677744,-3.0583891875808336,-1.7149739220860225,0.970646936957542,-1.1087161619221098,4.987240968985088,-0.1681863517037047,1.670331494552161,-0.821459475719851,-1.5612456226305471
10.0,37.0,1004.0014038085938,-4.59360738566671,-3.037858756503032,-2.00433766237409,0.8881656739863777,-1.3012172618180244,4.946318740137194,-0.8961934247695815,1.6737979379820018,-0.512330617206703,-0.946170193957694
10.0,37.0,1005.319580078125,-4.585143327234291,-2.820737671501228,-1.835886760196328,1.381744972576767,-0.53277250822899,4.978387239231433,-0.3521022924145383,1.5078182771785906,-1.3710099632642223,-0.4630352406033697
10.0,37.0,1007.1566772460938,-4.648983101856813,-2.584687641403085,-1.897050741166628,1.6396742899976342,-0.6578540226916836,4.9157211213043,-0.2607278281419809,1.7825898543544083,-0.7220272876899028,-0.6063947153708922
10.0,37.0,1009.805419921875,-4.581405577295008,-3.134732050331828,-1.4656107918997625,1.1290388684905972,-0.6702997918663867,4.989157017639984,-0.7074223822495327,1.5244388503841888,-1.877720747054053,-0.868789981758491
10.0,37.0,1004.1948852539062,-4.398253041945371,-3.040602584087675,-1.3917119496504364,0.9843069693921452,-0.7250712236042274,4.96608938310629,-0.3215592682335613,1.548065490992526,-0.9909519221776382,-1.0538140815117876
10.0,37.0,1005.9630126953124,-4.4212933855115,-3.345848838239357,-1.911867590161484,1.0951054161084013,-1.0267285531608996,4.800983223572112,-0.4771798047865774,1.4805645119103268,-0.4451150751480153,-1.5471780666631316
10.0,37.0,1007.23876953125,-4.898059853975636,-2.603085725860462,-1.4889937220440657,1.1898905937521214,-0.4843190076681622,4.942684675977285,-0.8466023609682525,1.7858087007659158,-1.1499718276635464,-0.2861719935507221
10.0,37.0,1004.509521484375,-3.848606329501158,-2.6989524425058904,-1.2362778082585368,1.0082450122224529,-0.6985750435642402,4.89594095996824,-0.7269942732330623,2.141627840712303,-1.0056560544853532,-0.8116909983985572
10.0,37.0,1006.5928344726562,-4.904152079497394,-2.8750390796866467,-2.1420207594908525,0.7780123554189373,-1.6859075730864284,4.915946862407711,-0.3681883228442393,1.2547242414267394,-0.8632875127699879,-1.4876295156413946
10.0,37.0,1006.0277709960938,-4.9255391083075,-3.170741792273832,-1.60270849720124,0.8952329608426268,-0.5477139308482126,4.997873366898739,-0.5050062507617712,1.512175205376841,-1.2928203766858388,-0.7509203271793181
10.0,38.0,1004.4028930664062,-4.492128712750708,-2.794091293745993,-1.7389345651115566,1.2009929141221587,-1.2857810997809604,4.882531932553514,-0.4441072737878571,1.5629095379337512,-0.9975653635170288,-0.859059390956153
10.0,38.0,1004.7106323242188,-4.520870704813659,-2.566166268186438,-2.3743876779704505,0.2824547901849206,-1.4188184742791004,4.9962109377028,-0.2633503387632521,1.2599091675556815,-0.8666495858752086,-1.1612816065099048
10.0,38.0,1006.6814575195312,-4.725407451316428,-3.392762556627289,-1.859625061177464,0.4781581148049714,-0.9689483917872544,4.9807143756677466,-0.923667351547226,1.1999141413476542,-1.0265073897097974,-1.1837487089236285
10.0,38.0,1016.6104125976562,-3.3079763705937344,-2.8369807968716816,-1.932405955286046,0.3125695457167055,-2.2035637834497064,3.319112172805081,-1.1820947869765082,1.7128300539950274,-1.0873273226382452,-1.06328870051441
10.0,38.0,1002.480224609375,-4.127351315507497,-2.703140567025176,-1.9092245777266683,0.7662790881937518,-1.5721659678994082,4.971284785730463,-0.5294754025869217,1.5830548160579987,-0.9577653584154736,-1.061910976415522
10.0,38.0,1005.3032836914062,-3.95612292768255,-3.09247549355306,-1.7854131736595642,1.4299932679911649,-1.056714558664753,4.878088775269262,-0.6576180582093771,1.9144234110731144,-0.8209056517793529,-0.7398494544260794
10.0,38.0,1007.0919799804688,-3.7745310059369777,-3.2791484229819767,-1.7578204449906742,0.7722385884767959,-1.2000487306176808,4.9300688909539065,-1.0356086651120968,1.5110114747485293,-0.6459782281642577,-1.2923008749379885
10.0,38.0,1006.1807250976562,-4.976129668872663,-3.260489591353514,-1.3775431668580025,1.7284062805044371,0.1567743380298747,4.9707306062804015,-0.8020627893315355,1.3301196195640277,-1.854264239364664,-0.4583109970869072
10.0,38.0,1004.59716796875,-4.146857961472522,-2.678441483446353,-2.1770171523245327,0.2159545237413525,-1.5979715576387887,4.985020738328309,-0.5578812776011226,0.9826405636513832,-0.921975072754508,-1.220343368493142
10.0,38.0,1002.7135009765624,-4.935165522095326,-3.1385195954392,-1.4889039209018886,1.1443593892196438,-1.3121133858227902,4.989945679507176,-0.3157589340421385,1.5001807938245015,-1.009523490498951,-1.1732635028938616
10.0,38.0,1004.92236328125,-4.696678822364145,-2.6278143996576,-1.4773528681120651,0.9042317693618616,-1.385129579709682,4.816298462841392,-0.5389792328587237,2.130039579499833,-0.8843494355620631,-0.679184195102521
10.0,38.0,1009.226806640625,-3.0245788074036737,-3.148934127339748,-2.2654651800012364,0.4361735872309458,-1.2204381518212406,4.929439160514415,-0.8446694354108866,0.7910536192394071,-0.5738153924636249,-1.5422945792220002
10.0,38.0,1005.4791259765624,-4.86680487405617,-2.6227669561807474,-1.5588511931289846,0.5338884357270892,-1.1500332485236058,4.969472161137313,-0.7399445680539483,1.6769532937291736,-1.0171000803118018,-0.7796332975401619
10.0,38.0,1005.7274169921876,-4.371393390873415,-2.633923083183939,-1.4851478033007544,0.1745001755460329,-1.5372214117781384,4.929369335169504,-0.3890662032740994,1.529769822027891,-0.7683507632923376,-1.2463910809279763
10.0,38.0,1006.9264526367188,-4.880658870233622,-3.0636810466628925,-2.2452155595052163,0.5106630938714289,-1.4555590689545173,4.838618971360276,-0.6971611951712129,1.138332770384551,-0.5378674777178887,-1.1137017273519183
10.0,38.0,1004.3980712890624,-4.856590753168288,-3.610630742129312,-1.2814031069532232,1.524807340095384,-0.5241606881423442,4.899953644997359,-0.6660654246550193,1.4626942398979894,-1.2020091555033052,-0.7797420106504145
10.0,38.0,1007.8810424804688,-3.471791958421023,-3.109695060250792,-1.981910205146885,0.7828705551982349,-1.0614573796874929,4.776695544812446,-1.0413477636422357,1.2540358932528246,-0.6279297494449496,-0.9496667593521178
10.0,38.0,1002.932861328125,-4.202324984192218,-2.92844659108378,-1.944811099696296,0.3006487885973827,-1.935603687975772,4.825726600126671,-0.6093927850252188,1.2793369036089688,-0.9103961873941202,-1.3638318481045393
10.0,38.0,1004.8396606445312,-4.873325334486669,-2.6892886195114243,-1.3652450527444675,1.0696603382441818,-0.7366532322590471,4.947250776375368,-0.4338014272960873,1.8026292102562296,-0.9971354535382462,-0.9573551676957336
10.0,38.0,1004.4907836914062,-4.88147904219161,-3.3750004266155047,-1.6885169201618415,1.2896880402237183,-1.0243088763201895,4.706643690824583,-0.2398642586187191,1.283963248287975,-1.0792212801797216,-0.9461305769586632
10.0,38.0,1007.9210205078124,-4.478950135535191,-3.345994723112717,-1.2051050689931682,1.764737098525706,-0.8660949591310629,4.994393305987575,-0.3435754347994688,1.996971146775584,-1.0245970990469822,-1.2385344784879644
10.0,38.0,1010.5590209960938,-4.706463893115533,-2.2571982454302173,-1.8809631475486457,1.065943618244619,-1.0601974531902902,4.997118624991808,-0.2371327542965566,2.127607578526531,-0.91986566388635,-1.1587890937347218
10.0,38.0,1004.8243408203124,-4.091977650983084,-3.0730911033845114,-2.2093363164877964,0.7073370054423069,-0.9193673699801276,4.780398178580954,-0.2918885192612439,1.67100462692048,-0.1780740638226312,-1.322485454530845
10.0,38.0,1006.3521728515624,-4.585191695295076,-2.913818404390818,-2.0569216590667496,0.2225261545047994,-1.837179005262918,4.626234862348291,-0.458504221830962,1.652799938297516,-0.7709238842144455,-1.055476868678613
10.0,38.0,1004.42041015625,-3.904700048715748,-3.535738556153845,-2.0963201708729584,0.6419954197649025,-1.6390640424556753,4.810853204400027,-0.3293443839961112,1.1550453416594229,-0.4789463546986283,-1.1134968883942715
10.0,38.0,1006.67919921875,-4.258579281603625,-2.934168606361754,-2.0222064552551293,0.0386666306911598,-1.3308424902562348,4.899593280112667,-0.4875966103316189,1.0670512101380858,-0.6848838318102048,-1.0387755222689643
10.0,38.0,1007.3203735351562,-4.941339549314021,-3.1674441348423,-1.6304376773831604,0.8443988316711737,-0.6073385004533733,4.999497605600187,-0.5375475942449235,1.516220992703044,-1.271026529074395,-0.9538817186433324
10.0,38.0,1007.7600708007812,-4.017213049216015,-2.4189422311666164,-1.578504498271767,0.635497156977598,-1.2832760780867232,4.768169993275484,-0.2657884109742152,1.5035126415539164,-0.8886869632432868,-0.8366592258759775
10.0,38.0,1004.8401489257812,-3.98276881193266,-2.9860230542612296,-2.114179008244492,0.7659634744171795,-0.7486821220082698,4.982440125849756,-0.2970966247140314,1.0135488893963809,-0.776983051169541,-1.1090147115233862
10.0,38.0,1006.3212280273438,-4.757550992552693,-2.833345466503276,-2.0733418808468587,0.4544483118994495,-1.2347590276563762,4.851093798698763,-0.791457218968775,1.5374466480208009,-0.6787360002561202,-1.0022859138603946
10.0,38.0,1004.9063110351562,-4.679434690511096,-2.853590684520137,-1.795476444188762,0.3263583211267162,-1.178885740449822,4.966093068372095,-0.6032967876455846,1.3819633488041392,-0.8807761363246511,-0.8761677477072354
10.0,38.0,1002.66552734375,-4.40447954682954,-2.542160750011732,-1.989774354187773,0.5464786693626333,-1.4788813266233911,4.5930310271263295,-0.7804315577837331,1.2593562655386217,-0.7420760780327127,-1.2857049979747002
10.0,38.0,1004.113037109375,-4.230657100355481,-2.873071544389566,-2.1555390131750207,0.4479048426179934,-1.5318731317388683,4.891427958726711,-0.6198132653080233,1.0849238178111786,-0.5662928427312766,-1.7400234346274135
10.0,38.0,1015.510986328125,-3.7670242310472295,-2.35154495857345,-2.7290242584150644,0.1750903239030972,-1.8350630957046616,4.330384835807099,-0.542846524857949,1.533559187648378,-0.4659424569780723,-1.0080199854511047
10.0,38.0,1002.85009765625,-4.190659953676002,-2.886495886315456,-1.941926171471868,0.6094953672920713,-1.4676640196331707,4.991544234242804,-0.231432260309651,1.426357935692936,-0.1264597317002511,-1.3020903788373817
10.0,38.0,1009.4987182617188,-4.667504689973714,-3.0879949719898554,-1.5703754729119437,0.2704066918641858,-1.9309162220083067,4.479933035219275,-0.1930940737227766,1.4535272735492877,-0.7805463070063219,-1.4553401524620106
10.0,38.0,1002.4646606445312,-4.153658213456529,-2.796922001205514,-1.4930494298413943,1.196149378990638,-0.6470240326824221,4.990704541261247,-0.4763025064822477,1.9003175897101627,-1.0035869599078184,-0.8520928728707471
10.0,38.0,1005.4114990234376,-3.962748382264582,-3.2183142811709846,-1.531621372436323,1.332333921878944,-0.8324457730122763,4.687336297688619,-0.7134520829557669,1.2012041668283002,-0.8519043390782315,-0.8808126264796092
10.0,38.0,1005.8661499023438,-4.023976682700841,-2.9989633498007287,-1.6945409804673894,0.994082436752482,-0.858436634307421,4.877000158756834,-0.987938252602362,2.037199384229371,-1.4449100461882978,-0.7382750215894687
10.0,38.0,1006.1643676757812,-4.510535284531994,-3.261601684342006,-1.675901637791115,1.0605311043455004,-0.9167307542686328,4.867995924152739,-0.4465322648704735,1.2228713364759516,-1.4765618187921663,-0.7038879698318681
10.0,38.0,1005.4325561523438,-4.8721537722018775,-3.0393313920083496,-2.368826000000599,0.5910348701673707,-1.7004777665545987,4.994496172530061,-0.3992857781713841,1.0070867426534915,-0.9604642149349232,-1.2214305479090617
10.0,38.0,1004.4774780273438,-4.31769923886282,-2.8207385657996493,-2.0331009833713343,0.325572323288207,-1.3808038171360786,4.937177609757001,-0.966133744829368,1.0998447021610254,-0.9575247511578144,-1.2059577389236802
10.0,38.0,1014.8898315429688,-3.768523773689652,-2.859879994738751,-2.367588737748978,0.1812611714510374,-2.226891546651183,4.283469565648224,-0.5220160166167762,1.3649814931974025,-0.3699707558124343,-1.5414504360613543
10.0,38.0,1003.9566650390624,-4.734275165697808,-2.7391099482294408,-2.015719979763586,0.6186333637354124,-1.77176811451812,4.988455609295691,-0.2283228823637486,1.179268080664854,-0.596346355430545,-1.1811514143944557
10.0,38.0,1004.1326293945312,-4.181810680048349,-2.620237190913079,-1.934831828575851,0.3189646122431053,-1.910596995901068,4.848214555173863,-0.4154974037246255,1.61307391118525,-0.8816927794913871,-0.8457142174194336
10.0,38.0,1005.5,-4.679747934802012,-2.872026251733183,-2.1405984809163474,0.3208362777137887,-1.956533272522692,4.828413085940168,-0.4566426103480143,1.1244651298581667,-0.9289860666572328,-1.3764772028061296
10.0,38.0,1009.7686767578124,-4.627322093715748,-3.3234860787015115,-2.086001175921552,0.5322184258123555,-0.993496528931514,4.99537976101151,-0.7184521401562591,1.0449486177410012,-1.2896087977154007,-1.3620589094877729
10.0,38.0,1003.5693969726562,-4.388529893436083,-2.9666347573307714,-1.9948436277687764,0.851243082988419,-1.7728149766352148,4.658126841261122,-0.2567222606722854,1.3290133806969715,-0.7422977964592956,-1.219909230456648
10.0,38.0,1006.5956420898438,-4.2430876594948925,-3.009778688988315,-1.875349295924684,0.0512487316813237,-1.5758843178154152,4.99958744358905,-0.9270821579719222,1.222423269819811,-1.2902736345856836,-1.1931281575204156
10.0,38.0,1005.3876342773438,-4.857393063455576,-3.138588957709622,-1.5222987251039497,0.8079516660972983,-1.526741303206563,4.812892791353461,-0.4095255798857069,1.3110784036461285,-0.9818459835824402,-0.9958454581730845
10.0,39.0,1008.8053588867188,-3.690923391903117,-2.5147261067612234,-1.942550870028473,0.5355070398730453,-1.7223051554408153,4.78541389137677,-1.00542155676128,1.2818002633744028,-0.6935153004213621,-0.8706172821391442
10.0,39.0,1006.032470703125,-4.98837716739205,-2.788354403029788,-1.81931471079708,0.8502311602719299,-0.932550845969292,4.999380563397883,-0.611870223398645,1.2544388316879127,-1.269350565241996,-0.8699514515490705
10.0,39.0,1006.363037109375,-4.001473915956609,-2.989853930376381,-1.6039844686600069,0.8658330473566158,-0.6244547796641449,4.989258167466556,-0.4301970721258463,1.4844845246152971,-0.964360478591245,-0.9380043610462644
10.0,39.0,1006.5228271484376,-3.845853064705574,-2.944795784648108,-1.970101664700012,1.3048182990378576,-1.447478444267949,4.990839576978615,-0.4497547675461213,1.1155890410393958,-0.8428389909410434,-1.1722264181986954
10.0,39.0,1003.9292602539062,-3.892672765755317,-2.8541195833882527,-1.8293528570728723,1.1255178968180966,-1.032116270440255,4.992043085685067,-0.6427961635417772,1.397770599991981,-0.7705011638224777,-1.138135770886378
10.0,39.0,1005.0086059570312,-4.8496591960781785,-2.795718184414839,-1.770587509278262,1.554900332644797,-1.0877433778265997,4.835871803153056,-0.3925961491470886,1.63662098565994,-0.6327987368215906,-1.05340750019979
10.0,39.0,1005.7283325195312,-3.984237082222783,-3.018805789071606,-1.994323693375044,0.3239477168775941,-1.5433932783668671,4.962751388494102,-0.3516108515183882,1.1602998255396555,-0.9265847573466646,-1.0490099095193677
10.0,39.0,1005.0260009765624,-3.937693953445134,-2.6518043448968425,-1.9699060947509484,0.2253187589422198,-1.6913117903849462,4.836992479553041,-0.4299159006734685,1.3022921759369783,-0.850883758457841,-1.132823430335824
10.0,39.0,1007.1815185546876,-4.340770308196918,-2.5518415811715487,-1.883125399181473,0.850648296928517,-1.8693644896856911,4.544586008792704,-0.1412289301591185,1.1321307511686598,-0.5774263379520415,-1.1348968057711728
10.0,39.0,1007.3450317382812,-4.069108131621732,-2.834719788579097,-2.419476984094114,0.187249076855779,-1.4868061755715098,4.650958092933076,-0.5997270862407849,1.132712540656584,-0.4399874826352477,-1.3346375282337846
10.0,39.0,1003.619384765625,-4.554102613362882,-3.0043123801967675,-2.3753716719509987,0.8538586756320763,-1.0161964240978616,4.794482242818404,-0.4407206603618601,1.2907054802114803,-0.8454813371759577,-1.0582569566829232
10.0,39.0,1005.0919189453124,-4.917548109988426,-2.678151776929312,-1.831279230202956,0.8425477812648818,-1.9000741491255493,4.986347508880675,-0.2225738158978005,1.3716661175180145,-0.870448836105485,-1.3949429584824928
10.0,39.0,1005.9913940429688,-4.232955074232311,-3.1495177918823187,-1.9130227642992248,0.5078505123192736,-0.886680451696896,4.86319541779516,0.0112654022460176,1.5111541133908704,-0.8840869440503223,-0.8983378496855607
10.0,39.0,1006.0240478515624,-4.842177722351746,-2.9163413271362613,-1.5161540772888475,0.90636734081672,-0.756499335421549,4.968576252705624,-0.301450120530272,1.430278494527105,-0.9702486136829735,-0.8235592171140773
10.0,39.0,1003.6641845703124,-4.217955720385419,-3.2455652174028984,-1.658898092241608,0.8327025268867114,-0.8099157176204823,4.684471641387049,-0.438986327961091,1.87838916233904,-0.8930055086959268,-1.1255900515052488
10.0,39.0,1006.6710205078124,-4.0840582538206975,-3.4173722297486084,-1.7843480724734313,0.5830912804668031,-1.8203346789660413,4.999896007935112,-0.3316508815397929,1.0915712287243196,-1.1772545934793568,-1.2303047026806229
10.0,39.0,1002.7756958007812,-4.579821891123068,-2.8380799052543955,-1.8772602202002333,1.0684315111829426,-1.499099397227213,4.970837329222819,-0.1949650586914666,1.7223208683619493,-0.6297970245209763,-1.140839510226197
10.0,39.0,1007.2100830078124,-3.629370870413744,-2.6886000771071177,-2.074412305949587,0.4913939195196608,-2.1336417660629063,4.983852985920246,-0.6650917528486175,1.135521783670116,-0.2049000601906767,-1.9210856368967857
10.0,39.0,1004.9532470703124,-3.712504736321332,-2.5016320513638672,-1.6230216658375358,0.401197128652818,-1.1207359579841798,4.976618342777034,-0.6830675347766455,1.5540869898135323,-0.7660469552575115,-0.8651242929557377
10.0,39.0,1006.2896118164062,-4.529131480359906,-3.37188239009205,-1.551965361494334,1.913543564700114,-0.2613439230228582,4.57913947918872,-0.6175139831166616,1.823440971294862,-1.3467733770178851,-0.6341298331666412
10.0,39.0,1003.2410888671876,-4.418855834967475,-2.7517828368122004,-1.5040548687534063,0.5194423784171223,-1.0429798352647637,4.931608099711495,-0.466600871220665,1.5882864308872555,-1.1001473132880162,-1.2303753363218082
10.0,39.0,1005.8202514648438,-4.733044190924198,-3.001297438953798,-2.3626412385351707,0.3773257138801842,-1.5084276257750364,4.998956451916129,-0.6970857901149605,1.270150519942578,-0.5148064361199918,-1.288317851687876
10.0,39.0,1006.8836059570312,-4.457240179092974,-2.744835832712856,-2.1581575183944373,0.6091137872852661,-1.4540943348521256,4.183129269500888,-0.5700459992166742,1.4860787403586553,-0.558565513798662,-0.9419412629081982
10.0,39.0,1003.4395141601562,-4.518932162645889,-2.6024834516407025,-1.7295043528185614,0.7954396214366071,-1.7501434867743275,4.977967497862627,-0.0660985375908111,1.286202053716778,-0.7324246160464156,-1.2425056566977966
10.0,39.0,1005.15966796875,-3.788918779693167,-2.622122628731211,-1.8874284920446027,0.7415913354516181,-1.563694057364164,4.941557705142953,-0.692281689613857,1.2575193631576551,-0.9112167221249604,-1.292482723602402
10.0,39.0,1003.11181640625,-3.820682086513126,-2.856576225574888,-1.749864430605228,0.807815440210069,-1.2088778906338664,4.927055340643779,-0.4931874056149619,1.6313786667632335,-0.803188669133891,-1.2908148470634924
10.0,39.0,1004.8262329101562,-4.799725017738132,-3.3733574062207388,-2.0965655168787483,0.9165311948520038,-1.6823860977222886,4.966825306577663,-0.459702255464177,1.1313854133068393,-0.6890118596760066,-1.590088366722799
10.0,39.0,1007.7382202148438,-4.310296014584546,-2.151621042531176,-1.8458953503385385,0.4765483778139572,-1.57335972556805,4.746609987999324,-0.6483526959164561,1.8200082202369647,-0.9420703851697344,-0.7452259927854463
10.0,39.0,1007.6865234375,-4.059695644523858,-2.4119157500665853,-1.8815304230357164,0.4563740817482138,-2.018738850038332,4.594109990424631,-0.4520215188782526,1.3234728787692864,-0.8473256793871107,-1.0222568071385334
10.0,39.0,1004.8065185546876,-4.002520178053127,-2.752608521883759,-2.224995632893973,0.2460738002451101,-1.6318114435467237,4.88588803305235,-0.3955770321050575,0.8470928714288277,-0.8895999091691182,-1.574619988692254
10.0,39.0,1006.2760009765624,-3.9598083180579153,-2.9211989335281,-1.7078354598325864,0.4546942117932637,-1.151848041122545,4.838265420861863,-0.4681072648745488,1.597413008101606,-0.5568779505878254,-1.1317611983760911
10.0,39.0,1008.5475463867188,-4.929501443043812,-3.353214430468145,-1.439471392972176,1.0997192762257093,-0.6463077846494096,4.763121297124732,-0.6781664900786843,1.6704304333833695,-0.6994327320581704,-0.7368754127047721
10.0,39.0,1006.94970703125,-4.820373070226571,-3.013763054570972,-2.107815216158189,0.5944654853192608,-1.338630384731387,4.999499888042546,-0.6250614554638592,1.427648152372578,-0.55263060824534,-1.2798825255910629
10.0,39.0,1004.4434204101562,-4.531338762322694,-2.8955517866522333,-1.5543529812155694,1.0220319661526034,-1.2878956756242823,4.973881568184797,-0.3581757777126402,1.9673750664713208,-0.7879884706452769,-0.9539841390308456
10.0,39.0,1003.7166137695312,-4.840248273057918,-3.0676854194556133,-1.6891944113728554,1.0527598915190506,-1.596965152561674,4.793993848521858,-0.6120488433692168,1.3466804773727894,-0.9433902975111668,-0.9602122882031674
10.0,39.0,1003.8831787109376,-4.996911508867663,-3.144525465608722,-1.243228604747305,1.044174074251254,-0.5025490370382872,4.9163354866359885,-0.4466557669409923,1.579733904348438,-1.5300927927019798,-0.7137361024111808
10.0,39.0,1007.205078125,-4.01559055296338,-2.724885213890724,-1.862656413096844,0.2447752529119977,-2.192708100159399,4.999982835554427,-0.2127889473169437,1.7888042093483865,-0.5376793658405195,-1.492249380594159
10.0,39.0,1006.9482421875,-4.4097641511245085,-2.699175591464015,-1.944996444604028,0.1533492590601195,-2.4316397180079803,4.617835435656865,0.0092320256259901,1.048693717637943,-0.4312027095597406,-1.3423885180881512
10.0,39.0,1004.0519409179688,-4.746583777240585,-2.863468202553413,-1.6861430772627672,0.587527048170335,-2.0599093588750064,4.828517874721644,-0.2391477967054873,1.5637979925165322,-0.9377540782633912,-1.284062228160157
10.0,39.0,1012.8143310546876,-3.71230332855349,-2.701652490363798,-1.9023691499941684,0.4389344003564952,-2.483120230339252,4.857828458542219,-0.4448078667220914,1.306928509619155,-0.9283676949606176,-1.1280332100789687
10.0,39.0,1004.101318359375,-3.895391506209238,-2.389794018368073,-1.5521941171167168,0.7640591589639989,-0.7964576264869976,4.999578834911265,-0.6575108203339575,1.8370312827924176,-1.2217886698519869,-0.7761269900989962
10.0,39.0,1004.4539184570312,-4.785094629996194,-2.9838589130280804,-2.235043542343844,0.3048570979434242,-1.7950693212436009,4.927229989531055,-0.4010010797330743,1.1196071289317322,-0.4866904146967687,-0.8790163065840861
10.0,39.0,1005.40234375,-4.130439540126007,-3.295908431579664,-1.5236566186113016,1.0494493339606643,-0.95710085902242,4.83321104317228,-0.5030989037042479,1.233365788432483,-0.6489863015369028,-1.1573556499250288
10.0,39.0,1005.7568359375,-4.1910005656630025,-3.07271493019272,-1.9184908360264137,0.8584920723578326,-2.0015934761673053,4.999977833364968,-0.0702369139618044,1.2431544675479964,-0.5356094735449304,-1.547141036592692
10.0,39.0,1004.28271484375,-4.451222873370046,-3.2644676136061364,-1.738098703146036,0.5900725162000544,-1.6520877388288269,4.806687244406545,-0.2283505745067735,1.4541854354458366,-1.0892800411638253,-1.1595403748664603
10.0,39.0,1005.7894287109376,-4.013887252153121,-2.168150306630243,-1.99291489497732,0.9725307306952082,-1.563493973979151,4.949637621110259,-0.3089876943371017,1.500968505839725,-0.679976628226334,-0.7674161846983543
10.0,39.0,1016.3580322265624,-3.5469211625055923,-2.761486527123851,-1.874224155073314,0.4207001598102531,-1.8794390408438448,4.199104404948722,-0.2219046211343469,1.6202745159330938,-0.5478288125960891,-1.2615876698872277
10.0,39.0,1005.65234375,-4.508749769086907,-3.3040114368733384,-2.167637247514884,0.6014390908744023,-2.213719747471877,4.933804130547026,-0.4818659586017881,1.1187614509172974,-0.6879045827771622,-1.4211830741428866
10.0,39.0,1006.2618408203124,-4.531449577416762,-2.625274404082467,-1.6496311437803517,0.9436735629421156,-2.0454973683712896,4.899733353633142,-0.3055138121007203,1.30902044907831,-0.9597735100297192,-1.1143964553255197
10.0,39.0,1004.991943359375,-4.23232130250742,-2.3987457891048143,-1.6227179518349906,1.1208232271505754,-1.306346500072197,4.866647603718686,0.003061662396421,1.921061969652352,-1.1102872638471823,-0.9743683704090502
10.0,40.0,1005.8263549804688,-4.537863033904408,-2.345770510454806,-1.352751265591532,1.041248216710169,-1.7808582998090294,4.996288942873857,-0.1214565080904135,1.7332328285412242,-1.1816753581704649,-1.2079507971327974
10.0,40.0,1004.0396728515624,-4.626334906944455,-2.70932501475338,-1.853951915625856,0.8577931866105439,-2.092020531104376,4.950001525046483,-0.1161039549657845,1.4929834395022157,-0.5900353434425689,-1.383251298441718
10.0,40.0,1003.9699096679688,-4.4929467339667335,-2.8563933006932527,-1.6675252210735896,0.7374965553770245,-1.2418677973069228,4.947737827357857,-0.2616621861339503,1.354192420011504,-0.928090955704656,-1.03555343583181
10.0,40.0,1005.096435546875,-4.204088021821932,-3.353168160878878,-1.4717733963318151,1.0998053639064975,-0.8900146282841046,4.915411389860724,-0.8422555425854901,1.6661769579303185,-0.9879052571072168,-0.8880242922294999
10.0,40.0,1008.7964477539062,-3.793752755997041,-2.6231922865093944,-1.6603536940703787,0.7849565965360714,-1.553342178939296,4.543859785642283,-0.4821895381202852,1.283712215638512,-0.8389529572758772,-1.15987515192846
10.0,40.0,1006.1748046875,-4.151172658319658,-2.269703104892608,-1.7666648779014025,0.5517985748353249,-1.265271136249147,4.759533217658571,-0.3847548656331003,1.3412167768000751,-0.739244315016256,-1.0251183774469863
10.0,40.0,1005.1719970703124,-4.83265897848074,-3.101454113078886,-2.1261350799507928,0.5471116635488968,-1.5983692569250691,4.834310222461104,-0.3375827948049581,1.43430069638039,-0.7257005691409466,-1.3821368296916343
10.0,40.0,1006.0849609375,-4.832293124336249,-3.25562858263835,-1.380017902392063,0.8837493903485028,-0.8519486534785949,4.959205031632564,-0.57907420303746,1.4258746193506022,-1.4942102439438032,-1.0011074753129678
10.0,40.0,1003.6365356445312,-4.432282613343233,-3.165265539080881,-1.1853952285557583,1.4565887026911302,-0.6726400438900519,4.879299428579998,-0.6134373691369799,2.074984695195697,-1.3045466010554998,-0.5532929702485543
10.0,40.0,1005.1529541015624,-4.106742590694834,-3.203984730706902,-1.998929765104227,0.8793784756768623,-1.4652598186321364,4.581061891374636,-0.1302051994992101,1.4477308521777648,-0.4834846555851015,-1.2722379893264724
10.0,40.0,1004.3915405273438,-4.160185360932248,-2.7849693398294435,-1.8074277760182265,0.360666235128332,-1.2496895516040043,4.742312776688946,-0.6897497738811742,1.735623914999228,-0.7104487606783367,-0.9445924745338194
10.0,40.0,1010.4462890625,-3.702415306449568,-2.767848408157774,-2.28785680712812,0.2930407169283944,-1.709265944340002,4.596987906088396,-0.2540172222381409,1.136553089286927,0.055712692696229,-1.4838241347446477
10.0,40.0,1003.3953857421876,-4.17571883308875,-2.9953033107407494,-1.6181064183732263,0.798884785517088,-1.042226314791399,4.856851147699672,-0.3061230153838288,1.570500627739376,-1.17861921744939,-1.032658494032375
10.0,40.0,1004.2039794921876,-4.24176244265615,-2.737152681391116,-1.4036581919967457,0.9125468105521436,-1.0268762016177018,4.910571437950075,-0.5973280887379211,1.6044773672400794,-1.0994741207138286,-0.6278802689614196
10.0,40.0,1003.6178588867188,-4.629424497071891,-2.98109813648034,-1.5926772711240875,1.134666653157442,-0.8670020651163197,4.554271183562506,-0.2590850947146244,1.51901546760487,-0.9620023378301088,-0.9351017911000206
10.0,40.0,1005.1234741210938,-3.9186911765874575,-2.51910273769588,-1.8934825975035088,0.6441665146729783,-1.316107137065976,4.8056762375470825,-0.4205784458543267,1.432931347848844,-0.6954451526706711,-0.9166109421575576
10.0,40.0,1006.2804565429688,-3.883417306050295,-3.205851643225426,-2.196575494298956,0.2428357542694552,-1.838523916797313,4.8420905111716,-0.4871639412183484,1.387091373673317,-0.6215373157708353,-1.4637017566286046
10.0,40.0,1004.66357421875,-4.587750095357968,-3.1315198988849566,-1.50174114264435,0.9688760178379808,-0.8118270569068624,4.920092910831714,-0.3572225126881587,1.5350009254786592,-0.9574601114964808,-0.8578339849195595
10.0,40.0,1002.2137451171876,-4.038148639202673,-2.8777779897541027,-1.671295058117528,0.7111151872623811,-1.2826422863755167,4.9715783066511605,-0.5034331469337836,1.5561321068275626,-1.0680911647068871,-1.1442787524500764
10.0,40.0,1005.8523559570312,-4.308485308147711,-2.5584550678451343,-1.701916234710584,0.7172900975636987,-1.1764015310775418,4.736732501345912,-0.4847924942989703,1.82587313775132,-0.7441278009173367,-1.0203107415969113
10.0,40.0,1005.0101318359376,-4.108241832843257,-2.972824086092283,-1.5533356888356835,0.742824354722389,-1.6005553059389852,4.953611702802517,-0.2554274136779417,1.4873878252834762,-0.7988543861832929,-1.2306354884132549
10.0,40.0,1002.9129638671876,-3.883001615739123,-3.1236107618954234,-1.6196023121767915,0.575356494128842,-0.7878653876139863,4.780803394953507,-0.5592529984758512,1.4745232968554634,-0.8907438982310758,-0.9940676052536288
10.0,40.0,1004.8890991210938,-4.59497646101766,-3.0131483748767147,-1.6696601375820324,0.8407365113229179,-1.0850511409131878,4.999479134222664,-0.6762960345338458,1.6857847550208538,-0.5763595376083046,-1.1293480091178134
10.0,40.0,1004.5933227539062,-4.743760774050028,-2.996133475281913,-1.4686159789344255,0.6986038907928993,-1.7250367482824158,4.965740829938545,-0.2757079828179734,1.5000858300425923,-0.8154385027208129,-1.4339073909733582
10.0,40.0,1005.245849609375,-4.384500525711986,-3.207271694053831,-1.5367701958341513,1.2699122464333374,-1.0979838989901651,4.932551943587406,-0.3377711998613195,1.8037383469293964,-1.4390075637601134,-0.7920283289043528
10.0,40.0,1003.122314453125,-4.063021467684514,-2.750162678375544,-1.7187425627967738,0.8798136099376279,-1.5201531515108615,4.784279434912135,-0.6003775163491687,1.6996405774419827,-0.8607851827692041,-1.1805057604201834
10.0,40.0,1010.6563110351562,-3.553627182406164,-2.333829586203338,-2.1451100914153143,0.467717559495088,-2.01435038597566,4.553576019600566,-0.5693526426187185,1.246124442475197,-0.3154930326323706,-1.049997857754665
10.0,40.0,1003.4158325195312,-4.3724919520985885,-3.056061595376212,-1.6642370999034788,1.1966199731489748,-1.3390981666805817,4.862385508164536,-0.3806649721009965,1.3402371153651718,-0.8132199217163221,-1.11153288736755
10.0,40.0,1003.4530639648438,-4.511641072517199,-2.8823221944051274,-1.742700211798947,0.8840058032271836,-1.299842682711141,4.881789851205271,-0.3793726526896464,1.7700373678952532,-1.3091311334170097,-0.8431671626128701
10.0,40.0,1003.471923828125,-4.775085131558252,-2.782914624928709,-1.765468494236178,0.7587204600295525,-0.9883093972245752,4.998600832879287,-0.530951155669225,1.6247541224235116,-1.1642080159403232,-1.054194096349633
10.0,40.0,1006.2298583984376,-3.745264456899791,-2.9696224677100687,-1.8938659878338784,0.2500117509229334,-1.0390076440580156,4.961056084480131,-0.7827160029019335,1.620400205739532,-0.9380294072814293,-0.8777376824254208
10.0,40.0,1004.2175903320312,-4.053403489399771,-3.093524993820213,-1.596701867117443,0.977656822055616,-1.3472619010045357,4.8231315937219,-0.2831371589817548,1.3548329708183724,-0.9234631938225596,-0.9408793716331064
10.0,40.0,1005.1835327148438,-4.346768879370901,-3.225706024619245,-1.3187242355029194,1.1354066769819449,-0.7913090676910315,4.916041611967387,-0.4950834755902447,1.8323358141853447,-1.198731386910206,-0.7700408625576642
10.0,40.0,1012.1829833984376,-3.549740805580291,-2.5717699341453644,-1.798617864651681,0.6224166050973112,-1.658528054117458,4.535063498508112,-0.7124188957436663,1.6146601922072872,-0.6205951037915085,-1.0407743550352402
10.0,40.0,1004.4427490234376,-4.72352402990193,-2.960312849519006,-1.5903731490815618,0.8547007214415023,-1.4602377198177887,4.998244289657167,-0.1238845788206539,1.434524127888337,-1.0099520993413122,-1.2593723667539365
10.0,40.0,1003.4368896484376,-4.139959510504071,-3.106610129166259,-1.874029421634571,0.5021726618295164,-1.4098144712569185,4.9883491538932105,-0.6884075105192595,1.379186368835212,-0.8156844322367771,-1.255219867889176
10.0,40.0,1003.697998046875,-4.955573655577652,-3.0559934265957374,-1.9699644184788827,1.0022905026282638,-1.0812732065164123,4.9947076300779845,-0.4446161538382736,1.6169008386577357,-0.855763264424267,-0.860749652854647
10.0,40.0,1006.7533569335938,-4.817572866718956,-3.499658162176196,-1.450022043684516,0.9648044591790504,-1.0849410705263378,4.997059367918077,-0.4234686872234396,1.5534163370137826,-0.977438110700164,-0.9513063877110808
10.0,40.0,1005.2612915039062,-3.782820280358085,-2.9789903819502275,-1.6622292584661396,0.9153112929245032,-1.46344747530613,4.846198980229303,-0.6049238913056838,1.581637780707231,-0.721342105461936,-1.156769091713875
10.0,40.0,1006.5406494140624,-3.870192238679296,-2.867478072157536,-1.5868524239870911,0.6429825419430113,-1.4727908958862903,4.998435123011051,-0.1663041265735714,1.4481178133554735,-0.5698939907049034,-1.630816516660679
10.0,40.0,1008.1000366210938,-3.5769235085874,-2.9037188737901074,-1.4552173741061163,1.1333269892169673,-1.0279424009517029,4.952246723633465,-0.2327720866317966,2.044981033552748,-0.7131007294781808,-1.0288092213987636
10.0,40.0,1003.805419921875,-4.309381926806633,-2.706278398731374,-1.8713859283490053,0.3056208094996604,-1.6841642571143294,4.912433056840275,-0.2140483566238611,1.3756660382493615,-0.954585395940012,-1.2772225124877816
10.0,40.0,1006.5965576171876,-4.756640427682735,-2.20043734523201,-2.173846110377263,0.3552148022552304,-2.0462516708826946,4.917142847057702,-0.1076448753505152,1.3496452280969944,-0.5411021991859402,-1.4346998970984235
10.0,40.0,1004.1982421875,-4.114395244406904,-2.8227308072893367,-1.4808133360633202,1.2782427870223785,-1.053297335907493,4.895358844082489,-0.5140448403312483,1.6927419302789204,-1.12711781571659,-0.7487114776705646
10.0,40.0,1006.509765625,-4.718954519118455,-3.143283986151797,-2.0354890483779298,0.3969172413265465,-1.5105502979110903,4.868367685956759,-0.1317996271011114,1.349203738727919,-1.191248409547785,-1.032211348618353
10.0,40.0,1004.4063720703124,-4.840512867564813,-3.4092320321954386,-1.919146799115756,1.152284578584089,-0.6164782189092026,4.965172066208623,-0.3341501643457256,1.5639383023251678,-0.870504007586387,-0.9399190812805172
10.0,40.0,1005.9011840820312,-4.6708655662022025,-3.12649062599425,-1.7203349567238084,0.5758094916630991,-1.447479689627364,4.979290917277746,-0.5843537694298941,1.6796133597854377,-1.007799315392429,-1.3608042011628303
10.0,40.0,1005.1151733398438,-4.561487552070569,-2.627744611352777,-1.844072770472416,0.9067107988653652,-0.9327225486411814,4.877984004128175,-0.0996812220011635,1.678194582060076,-0.8893968021478846,-1.1070680764070857
10.0,40.0,1006.8546142578124,-4.772074634436696,-2.668079676946365,-1.866885049426048,0.5294618724110496,-1.6026422288027984,4.995386958890155,-0.2264662137040902,1.006214724968011,-0.7191058172336504,-1.041282726261609
10.0,40.0,1004.333251953125,-4.473722810622725,-2.998057467715287,-1.7690938275818024,0.2707556811385805,-1.4558394663423808,4.727786553385746,-0.165308726109826,1.2858866786839016,-0.7010215494677583,-1.0840186960858218
10.0,41.0,1008.041259765625,-4.72899067956745,-2.631101361119337,-1.3163161694461598,0.7302566347362216,-0.9008182839723338,4.785145556980364,-0.2785544261588617,1.7758043728037256,-1.03385854717378,-0.6399853252872596
10.0,41.0,1004.6959228515624,-4.405442609590866,-3.048267589036334,-1.4098738835806928,1.0050035394540524,-1.0417604975827133,4.886380808175307,-0.4007978034755135,1.7119175921040544,-1.173181264284176,-0.7002767063872195
10.0,41.0,1004.79443359375,-4.85862561923614,-2.829847838266524,-1.5864778417965568,0.6063983980696914,-1.3509166677755164,4.947665665677599,-0.4549922286639036,1.4420655596715504,-0.9553299838809296,-1.1658478531824557
10.0,41.0,1002.6295776367188,-4.314947184489247,-2.934603702146413,-1.812524641572164,0.917508552162312,-1.0364294722070588,4.839970209977912,-0.3004983153515326,1.4736977919239482,-0.8930991400337529,-1.0668476485596905
10.0,41.0,1004.8246459960938,-4.858931307900912,-3.479477443773672,-1.3108205386344367,1.3284703734755885,-0.4888607070047062,4.998517214991168,-0.5132225210316266,1.6793634473907115,-1.2325641738285356,-0.8316474556503408
10.0,41.0,1004.1810302734376,-4.23853920857297,-2.8906918783125586,-1.7238620610030368,0.708300496700863,-1.4646506419228205,4.844091430822326,-0.1955933499996529,1.2120740046180316,-0.8453080562931561,-1.4510725864372498
10.0,41.0,1004.0745849609376,-4.367787483648867,-2.8601556439584463,-1.335392069155512,0.8794141921510743,-0.6482840211559013,4.984443122818853,-0.6630006903768351,1.9149081843763565,-1.4325750862742428,-0.6828285010334998
10.0,41.0,1003.3810424804688,-4.521112987632578,-2.818232811950407,-1.9232860445592244,0.6356501229047193,-1.180483957211802,4.966858536411165,-0.3431914351304952,1.6125974620208572,-0.9166518092996858,-1.2847745221803986
10.0,41.0,1005.46435546875,-4.939836053885225,-3.290418635089435,-2.098400948693753,0.5867825279360828,-1.0391621143343368,4.996450624666313,-0.4221618207197561,1.2030987172257923,-0.9148683113698768,-1.2730622864953212
10.0,41.0,1006.5422973632812,-3.988817995296676,-3.1047149346030984,-1.5910880996281418,0.9007070380350202,-1.137452464212807,4.951172265623185,-0.7815411729838031,1.8815800498695667,-0.99241612475444,-1.3199194674293242
10.0,41.0,1007.8401489257812,-4.01746449731062,-3.429059234062211,-1.8673596830019343,0.4924252525781174,-0.7848258474784258,4.908033638267726,-0.5251179836780118,1.1085891788948077,-0.6876635374019511,-1.209221895548651
10.0,41.0,1003.9027099609376,-4.154859154786636,-2.6830187930972924,-1.5111942925436144,0.7480266907460731,-1.2314605901428737,4.853329516255954,-0.522251574453489,1.5916195427862825,-0.8426663894460154,-1.08378976101055
10.0,41.0,1008.4938354492188,-4.428855710525492,-3.05398348917357,-1.269306312224762,1.0171196680752017,-0.9779461713820128,4.880937990798783,-0.2895026998628669,2.02315099251617,-1.791275851754782,-0.8877925250008261
10.0,41.0,1002.3626708984376,-4.142699750868435,-2.729225930598433,-1.711012883087233,1.148303952810231,-1.0113638595783936,4.911695447446238,-0.0793078825632749,1.6083957756643803,-0.9954499436507254,-1.1059573965379117
10.0,41.0,1005.5255737304688,-3.989305505666029,-2.793529846787804,-1.8669106956692945,1.0558773161296653,-1.610901407888803,4.759351708784603,-0.3261058251095985,1.5857378588306412,-0.6688161942096817,-1.1629935218099856
10.0,41.0,1004.3024291992188,-4.753519900670661,-2.877910802438413,-1.5251791180671228,1.1093378660503277,-1.052634324447327,4.81886773524727,-0.1164726972761522,1.6496455933729246,-1.3277712956656424,-0.8883436511279825
10.0,41.0,1004.466552734375,-4.571071706262416,-3.2606862078347016,-2.1750040901859062,0.4866006961899067,-1.47860167075843,4.836255384367847,-0.3110210917368974,0.8820220440558373,-0.7051968683273948,-1.3766932049869247
10.0,41.0,1003.6949462890624,-4.68150669255239,-2.708128780779913,-1.676370903576557,0.6376141974266014,-1.4713289180485538,4.953937576416326,-0.4498233248522343,1.439399108923583,-1.0560210373594203,-0.9855487384625476
10.0,41.0,1004.0947875976562,-4.112988379295185,-2.91773757702031,-1.4853332475928656,0.9867932750466392,-1.0731481649986656,4.958745230481842,-0.6438822640518076,1.7250477751059288,-1.0264461400908145,-1.1543412686274417
10.0,41.0,1006.2394409179688,-4.42546364129436,-2.7999279550365834,-1.7320027257468604,0.7785490369380321,-1.540871842473766,4.839838485339406,-0.0662903757122403,1.8718585888040549,-0.4904350131672732,-1.1135846839944534
10.0,41.0,1005.5791625976562,-4.661915706217533,-3.043583910672889,-1.2522326206461587,1.1817095562494009,-0.5607288697539339,4.960799848177189,-0.6509110719646856,1.565681136383935,-1.150136688248384,-0.4664675237930353
10.0,41.0,1004.9370727539062,-4.5246982553316215,-2.721507001000419,-1.4888606334488976,0.7445110695777837,-0.987670851775265,4.951984020531913,-0.2825563968437246,1.4292402256073655,-1.0149209464060704,-0.910471052543067
10.0,41.0,1003.361083984375,-4.384297296735939,-2.95888297781379,-1.6228201435525076,0.8253513689351424,-1.2222031578420718,4.899771392166215,-0.2831485998310183,1.694508329975999,-0.9248115842266492,-1.1167230295760766
10.0,41.0,1003.03076171875,-3.7663939879295687,-2.9788048301965384,-2.08179668370952,0.4324484768797063,-1.0004753772545376,4.7168132382694985,-0.7637464432274976,1.2237358970749082,-0.7444090168128774,-1.0087900829695946
10.0,41.0,1004.6483154296876,-4.538245412198863,-2.688086860271337,-1.5728995157556769,0.5226800982880881,-1.5553278204645302,4.838531674944813,-0.4963777395789313,1.4716001233243192,-0.9816520065003962,-1.0983003993066105
10.0,41.0,1003.8306274414062,-4.589778856183103,-3.015276598237847,-1.935834062670721,0.6034679545858985,-1.3267125637107768,4.927779960475565,-0.5735043028437214,1.5521431128672276,-0.8795873755195638,-0.7592063821141917
10.0,41.0,1002.6668090820312,-4.456618119016866,-2.6696998317978977,-1.870151362383754,0.6679958439371534,-1.28791832640387,4.996513192727406,-0.4540679820649203,1.489631419627243,-1.076584815688451,-1.090159192595375
10.0,41.0,1002.6159057617188,-4.493172325092108,-2.9714730177670505,-1.6546844714122768,0.8913070508299565,-1.3767283476014636,4.94133447803231,-0.6261544102606651,1.690221635014356,-0.8088456292853063,-0.9343211290359656
10.0,41.0,1003.0847778320312,-4.186961337716561,-3.1303494927726665,-1.6827840288975788,0.6045987907910311,-1.1551953377118536,4.999876871533891,-0.3572633937661953,1.4626337548006738,-0.927986534607424,-1.2278266839057816
10.0,41.0,1004.4004516601562,-4.16175461362654,-3.005029051296323,-1.4181560602470338,0.9381052357637412,-0.8618367810598624,4.864613213064132,-0.7408766762211005,1.6875130244648702,-1.291870520853614,-0.7588354912148763
10.0,41.0,1002.6738891601562,-4.300873423147544,-2.79991422375668,-1.620246451249518,0.9986552622384268,-1.2750687237688552,4.932646268114588,-0.3647725308610825,1.7092162836688862,-1.0573076225730205,-0.9111589370435064
10.0,41.0,1007.0502319335938,-3.7010869582867887,-2.4254615475755377,-1.6640774339630888,0.7964328657879136,-1.4897213131215157,4.9175075854832855,-0.4484325295411597,1.8656240735755327,-0.8523022378929719,-0.9457237506667237
10.0,41.0,1003.3909301757812,-4.784324997762693,-2.902538913057738,-1.606948098360299,0.846508665902121,-1.047662060787017,4.994026958655272,-0.4870316843284641,1.6214463510604222,-1.0396077005339226,-0.92540236075979
10.0,41.0,1005.2222290039062,-3.85495007968772,-2.989722688210148,-1.5139347135179675,0.7271915487612741,-0.837755972874497,4.973670655869483,-0.7133453921193418,1.8211307735480096,-0.9230807709697562,-0.9524346208230376
10.0,41.0,1003.7929077148438,-4.677631368149795,-3.1880438551068826,-1.98116578172314,0.6801606638589313,-0.8789521530233602,4.978179702921228,-0.5560356007113754,1.390358547007439,-1.2893088056022606,-0.883458840226055
10.0,41.0,1004.5469360351562,-3.991139544428127,-2.846064245759608,-1.2203589125912782,1.0811205567412427,-0.9665330497674852,4.526837315354944,-0.3848356005986328,1.696989796530099,-1.1763151402472485,-0.6767699163693095
10.0,41.0,1002.8728637695312,-4.060199408554251,-2.8988205631203865,-1.8738421687218283,0.686908827480778,-1.128020579277235,4.96226474465638,-0.6826186294249892,1.6375899963463674,-0.68338082718875,-1.1400254096610405
10.0,41.0,1003.3876953125,-4.443186943178892,-2.9670001524769605,-1.4269037254665666,1.0381327790298336,-0.8417873501695423,4.846799743039501,-0.6921680633084746,1.8079548282147664,-1.5260344901828575,-0.6257521243746735
10.0,41.0,1002.9410400390624,-4.441907709331058,-2.722836800865192,-1.8134476491343248,0.951084306278239,-1.1763812693192777,4.93379958015365,-0.5843038150023432,1.7373853451633012,-0.9894810292971296,-1.0675260711394463
10.0,41.0,1003.2643432617188,-4.724859839645713,-2.972232759879488,-1.4826659102841775,0.8949245073667358,-0.824460111414381,4.976767776041964,-0.4460364000670216,1.787815737981008,-1.0597262927286288,-0.9179086023038828
10.0,41.0,1010.6478881835938,-3.1638765295651483,-2.537505307062266,-1.6589508336672791,0.6012313108160958,-1.3381624681476745,4.526291199620985,-0.5618707331092363,1.7376859900734551,-0.7764572045805789,-1.23486441161478
10.0,41.0,1005.13818359375,-4.329596612757584,-2.93707934159384,-1.3677901725191126,1.3805423692777978,-0.8991327433211129,4.957398858082319,-0.5013696019229021,2.273546644964597,-1.1085586118241162,-0.9198361022564638
10.0,41.0,1006.0284423828124,-4.032133154054989,-2.822029898067653,-1.843721841674677,0.7774913803771621,-1.1172012011801336,4.903611057365779,-0.1257780656800351,1.3232356526846498,-0.8419727848827483,-0.9298123661261152
10.0,41.0,1002.5921020507812,-4.585550334807499,-2.896305731177349,-1.692556630599266,0.9544726287153756,-1.1003868496520268,4.918869085225861,-0.3567252380564314,1.7022671486369143,-0.9931161137211912,-0.682678841409694
10.0,41.0,1002.8373413085938,-4.5486964316212815,-3.255579415563288,-1.7916286209567818,1.2115539867428504,-0.6265063884661144,4.489802285769752,-0.4139329721324847,1.16105995174126,-1.2304852088994649,-0.8348367077960974
10.0,41.0,1005.8677368164062,-3.755470016290014,-3.3707403192149386,-1.7816072503738072,0.4249343495058086,-1.1968163454994545,4.730916789412804,-0.3822351706102296,1.4343442678415732,-0.8645132648458196,-0.8763633398477664
10.0,41.0,1005.3908081054688,-4.179723741260486,-2.814604925956244,-1.6355654570756428,0.6573732633493359,-1.2639340939381367,4.877898060999147,-0.4678272016692455,1.3783553792588972,-0.6580505024967671,-1.0852831271667536
10.0,41.0,1003.5158081054688,-4.303971102218769,-2.9496022665876733,-1.5840669526391644,0.8731773830967215,-1.4014872975266752,4.999524764072948,-0.6873533006462083,1.6227753747212343,-1.1056974091326626,-1.037306288285416
10.0,41.0,1003.35009765625,-4.739804959896928,-2.937239823464373,-1.8503536564289664,0.7893092596020175,-1.5250131216741032,4.985685177584195,-0.2814889617891367,1.4650339522606304,-0.8666448007463634,-1.2819018825829858
10.0,41.0,1009.2691040039062,-3.58914533497494,-2.43319897560042,-1.6761441934455834,0.616889235252045,-1.1821881187691927,4.809969109586717,-0.498965939081649,1.83568955842868,-0.7955728244995068,-0.7268192459688914
10.0,42.0,1004.5357666015624,-3.9373846208859176,-2.825345302593868,-1.8201491256264075,0.5009471013328151,-1.256312114175838,4.989786665423287,-0.6362092185573474,1.5419933719988146,-1.2658271714655631,-1.1620336813163776
10.0,42.0,1003.9439697265624,-4.424037674992819,-2.566061125836433,-1.7568083578550335,0.8855670974108438,-0.8657358548883503,4.957810911469807,-0.3843206582730598,1.7970377406569114,-1.267318782496682,-1.0037127724719768
10.0,42.0,1004.4661865234376,-4.72205875025492,-2.9177109383359543,-1.5638297632266474,0.6370342836177292,-1.0088506604886691,4.769987174226026,-0.4355261841167444,1.793885038660302,-0.9317635235392032,-0.881900185233186
10.0,42.0,1003.9752197265624,-4.311876683556015,-2.728764378568849,-1.637827618897678,1.1608502630169966,-1.2037243098827153,4.784918937888843,-0.2484404570137091,1.739673778834069,-0.6315121081222603,-1.138367684670026
10.0,42.0,1003.473876953125,-4.548342448447821,-2.907647052562285,-1.4323753573799776,0.9105824177412148,-0.8254049507781112,4.958333753391784,-0.6004667331885631,1.4048930942472202,-1.2487378292571183,-0.7603516329060982
10.0,42.0,1004.4056396484376,-4.660117356689423,-3.207482856484148,-1.474049952418695,1.042645574664251,-0.9009703905675934,4.948104685268465,-0.4369446701472608,1.785465947828884,-1.0800656011707934,-1.0294294636513062
10.0,42.0,1004.1893920898438,-3.880844599717373,-2.444527440446005,-1.8214016404103897,0.6511331568494239,-1.2051818933078295,4.991693160155531,-0.5720035746010597,1.5659651832312171,-1.2344321698104954,-1.033826105858077
10.0,42.0,1004.0882568359376,-4.418570071919486,-2.559771713484277,-1.646911174581891,0.6778240949204895,-1.8943070012504613,4.991264176171505,-0.5166244017221269,1.8747941915609712,-0.8858194944145197,-0.9517164584340784
10.0,42.0,1004.4707641601562,-3.9311607432646607,-2.651544493291774,-1.623910595860203,0.7603380458990756,-1.1037975273133478,4.999723472688659,-0.6995867400814397,1.7834638476160496,-1.3053611970692032,-1.1829308466709425
10.0,42.0,1005.3428955078124,-4.551280891917696,-2.965655956478675,-1.449882153449659,0.9275587977029344,-0.8862922628631926,4.969598067536936,-0.3939740281670367,1.5253599080512164,-1.0372534164094818,-1.1955477328996995
10.0,42.0,1004.920654296875,-4.0367639539864895,-2.7899330503979645,-2.108889929565858,0.4264345686314996,-1.5197359811429711,4.9927735665770285,-0.5108925825444892,1.3375306096370885,-0.8881464651510376,-0.8892743509241186
10.0,42.0,1003.1417846679688,-4.562348773256201,-2.975397243823449,-1.8182946066955008,0.7826628883316165,-1.1802664586329197,4.997786056939063,-0.3774432819060331,1.7405749012359726,-0.9539723235524492,-1.2719981854730378
10.0,42.0,1004.5509643554688,-4.018007327628277,-2.9763414838947515,-1.542638403157337,0.9765813140878709,-1.1841486729594033,4.659960511087581,-0.5062770553839497,1.6540696978730338,-0.951978182018694,-0.7155136009242042
10.0,42.0,1005.6641845703124,-4.69284877067245,-3.066734641835458,-1.899183814920416,1.385740901150179,-0.9677579183618584,4.954363728952679,-0.3969653054593758,1.5879243039316189,-0.7438339321503609,-1.1240061020948229
10.0,42.0,1005.548828125,-4.554310872260694,-3.010720619487664,-1.454670019416659,1.376198910437612,-0.6641613029215376,4.983021698532312,-0.3667705911615133,1.61129686674923,-1.3260437821355555,-0.7736070627439426
10.0,42.0,1004.1875,-4.348945202262055,-2.818023687159146,-1.9461642576777176,0.7090894247622481,-0.9746712485462936,4.946200080062091,-0.412703211087388,1.2159663532604874,-0.7604927619967397,-1.052691823502308
10.0,42.0,1003.0849609375,-4.76435901069971,-3.123722538434769,-1.8189640972147068,0.8299685167974484,-1.4219258498999054,4.783759099713631,-0.3715356340720444,1.2623368471008556,-0.9966673977919518,-0.9930487784761226
10.0,42.0,1004.7561645507812,-3.843880015143408,-2.770030327962666,-1.490606207897577,0.7464163067607661,-1.2253819265443462,4.95002120109363,-0.5371747019622175,1.7253949627877443,-1.318441100437557,-1.1088972459993405
10.0,42.0,1003.7390747070312,-4.109208061096143,-2.8815769092698025,-1.7811901124959286,0.8557412614826285,-1.6244470751451874,4.995255153782809,-0.3896201234180791,1.74239030680559,-0.8353105407486625,-1.3940688511340986
10.0,42.0,1003.8843383789062,-4.4494166442286485,-2.9579300608395647,-1.443074598194961,1.03291329691376,-1.2182975029720708,4.99270418358989,-0.3434247789347342,1.899031938925028,-0.8779744505866276,-1.0266582536252855
10.0,42.0,1004.8514404296876,-4.549807914098799,-2.57228090860999,-1.987746737299272,0.6837210862203129,-1.4570560463372182,4.875966646557721,-0.4973676632753019,1.3179028785824851,-1.025547268475027,-0.8742435544657594
10.0,42.0,1004.0158081054688,-4.652384962590341,-2.8091510008290848,-1.6411524328944034,0.8585430713710966,-1.3179132965472329,4.994941517201815,-0.2037693365186914,1.6227675852792682,-0.9001281390448792,-1.083420095339183
10.0,42.0,1003.3478393554688,-4.402575669060004,-2.7187779594411507,-1.7089385530734449,0.8105196457299515,-1.117097135236083,4.964282063530106,-0.4926816215815641,1.5763190719571003,-1.1143315126462507,-1.0478636989202994
10.0,42.0,1007.8552856445312,-4.420644569055062,-3.008663551408868,-1.954917944461723,0.0635789862218487,-1.7849321152038833,4.803309395203204,-0.502815626566802,1.405032742659584,-0.791064342852267,-1.0626116586116092
10.0,42.0,1006.15625,-4.896357319722163,-3.333842052611052,-1.8318324957101524,1.4927229665721509,-0.5972028459726717,4.997214839830672,-0.3715186865226547,1.7645770364644795,-1.1586574366137987,-0.6606678949703522
10.0,42.0,1005.93310546875,-4.146960582529859,-2.9484928348799366,-1.645397424136981,1.2315127206986514,-1.0854772954499396,4.811093775109255,-0.095583459891511,1.7834963280049028,-1.3939927533605334,-1.011481291142327
10.0,42.0,1002.0806884765624,-4.5058631205859205,-2.941208964041014,-1.7517378883185963,0.9265273367775482,-1.155637601299682,4.919846727662371,-0.4495743063759017,1.683372239718949,-0.9025707778784744,-1.0071598726916495
10.0,42.0,1008.4547729492188,-4.5392050259573775,-3.065147453122751,-1.4985927240605212,1.0985679647102409,-0.8978090380119603,4.97629927951216,-0.6686138571499312,1.8042401628931444,-1.356309080008891,-1.3632148961833614
10.0,42.0,1005.6332397460938,-3.713979352740127,-2.590428044828471,-1.6386994541534534,0.6625309188952064,-1.479500222398352,4.480970148707115,-0.5268360463626696,1.7008859270340473,-1.1217351681372785,-1.0398636553397078
10.0,42.0,1001.4949340820312,-4.325357991419949,-2.999110650607371,-1.9185915561524416,0.7373675069563257,-1.261804286221888,4.805717356518727,-0.6170103896931725,1.5678935041652142,-0.9319389999089944,-1.0537577062778745
10.0,42.0,1004.56982421875,-4.357799528368404,-2.939545677931767,-1.2595139284060402,1.2574266289080622,-1.1368963996602743,4.971629853724611,-0.5256243990310834,1.9688121965310232,-1.1344478177639234,-0.6579840958461318
10.0,42.0,1003.7041625976562,-4.540526587039279,-2.9223524447460987,-1.4937716738833462,1.021447950302293,-1.3755225978751522,4.927131366547485,-0.4134326300444737,1.713695852425117,-0.8247046277207346,-0.9861175780952056
10.0,42.0,1002.310302734375,-4.170711682729685,-2.6845065849512464,-1.6656293034523555,0.805608054192418,-1.440796687187626,4.99802862750297,-0.3556803045117611,1.8694420692626244,-0.9094374276747006,-1.1846179419804348
10.0,42.0,1007.1428833007812,-4.056026367416847,-3.136383702527852,-1.108111359166037,1.2832845439530711,-0.2909946287897673,4.90658175896062,-0.8954942581283731,2.1118547784604864,-1.7337032794532885,-0.481085765017168
10.0,42.0,1004.7548828125,-4.233639012773999,-2.402949749555084,-1.8067257000187429,0.7335965069362196,-1.432426871366153,4.945152637633285,-0.2673177266040554,1.8099400492063424,-0.7553492064920739,-1.1462120544307697
10.0,42.0,1002.50732421875,-3.87318318654221,-2.741849412598282,-1.7663584152418044,0.659864296546103,-1.126623394522981,4.832632190034753,-0.5135204230408696,1.5577800171370813,-0.9518579736968418,-1.2372691676412328
10.0,42.0,1005.0486450195312,-4.312511350591775,-3.1532370770964544,-1.420890959409559,1.3886461097656362,-0.7206619364293214,4.865189044885467,-0.6177632816960541,1.7433201255695645,-1.4634763865030131,-0.7254627053465885
10.0,42.0,1003.577392578125,-4.336017797872655,-2.8492087448210097,-1.776662842853955,1.257732738562237,-1.3774485680376056,4.903166641617698,-0.2588989280758369,1.616512148872678,-0.882039190777669,-1.4247934261672168
10.0,42.0,1006.4578857421876,-4.740735175810666,-2.679604712045264,-1.734958546943845,0.870541516739646,-1.4478059563478891,4.988350124519574,0.0174124284278187,1.5232471678603874,-0.8865304127943716,-1.3231278588106283
10.0,42.0,1004.0172729492188,-4.80678506627244,-3.1787576549572307,-1.5780146519597436,0.9742393729673058,-1.0652743037647094,4.951878251250378,-0.3599539435776258,1.680592203361476,-0.919038807252102,-1.1056055173014951
10.0,42.0,1001.5938110351562,-4.391743396538212,-2.7030833085648256,-1.9503503358303744,0.5095601351795809,-1.5426183845212509,4.940845707516466,-0.4670965759293892,1.5674066394434494,-0.9317351030134152,-1.0452979396255992
10.0,42.0,1003.2443237304688,-4.651126989269983,-3.086595041472293,-1.7107924683693336,0.9323776765112584,-1.2349893683087425,4.999787553083406,-0.5885766267698882,1.5110643594706552,-0.7987107880663089,-1.157747832510576
10.0,42.0,1003.9381103515624,-4.132828666860677,-2.754582363088072,-2.0493464657959306,0.7132036867415845,-1.4083319284298703,4.712921376276997,-0.2375958984653401,1.1639681674301396,-0.8360925955876466,-1.2399429826782886
10.0,42.0,1006.6339111328124,-4.776309597860168,-3.1565662375644057,-1.6456566880930352,1.003544432605472,-1.1024853481242394,4.994351044521702,-0.3041110328758076,1.4826194335960086,-1.354917241516334,-1.2474861459710942
10.0,42.0,1004.9457397460938,-4.115058227074563,-2.7257450637993714,-1.6093409302550388,0.56745529314452,-1.322836503219746,4.978448655582374,-0.459201491043701,1.620969546699225,-1.30595197203413,-0.949576697760735
10.0,42.0,1004.7981567382812,-4.082153268805218,-3.1480202067058056,-1.4993159926827189,1.0201932854291265,-1.128411685928277,4.695193263044423,-0.6556163555295793,1.7060742354556837,-0.8570085929811952,-0.6690878387089088
10.0,42.0,1002.6590576171876,-4.302279810756426,-2.710741145723724,-1.5131083339341886,0.9305614587519956,-1.0212663893440386,4.8556639908822525,-0.503298276217242,1.9187432755037728,-1.2847537248386205,-0.8206792400722316
10.0,42.0,1005.5215454101562,-4.813715526020089,-2.8779293486811275,-1.790468264872345,0.8318308212091594,-1.2203005492470569,4.9978987097941445,-0.4486604137567092,1.3678205334744655,-1.0772068570377846,-1.3072845354138285
10.0,42.0,1003.4382934570312,-4.379229415333448,-3.1072549587429528,-1.7996287083665767,0.9070074937269236,-1.0663693607767204,4.828255890064936,-0.5307171706451577,1.5507119237690112,-1.2125409588448397,-1.159619867154753
10.0,42.0,1003.0143432617188,-4.655354889334028,-3.113221443234928,-1.7898295414905752,0.7149581889753422,-0.8904162456860796,4.997520895868968,-0.585029242252415,1.684004956017063,-0.994416088896048,-0.7845838559122305
10.0,43.0,1005.4024047851562,-4.498440444997987,-3.079581365651232,-1.3855256430821363,0.9876106276944654,-0.819547205146181,4.950455417236611,-0.5387933214759775,1.6569748030217548,-1.3833706901211085,-0.9555245964738396
10.0,43.0,1005.0121459960938,-3.676260898501863,-2.926202224976445,-1.765327689493983,0.9559409337161462,-1.3294795529847296,4.936166665697344,-0.4645178722480336,1.4089826868048805,-1.006658729500005,-1.3599193018746112
10.0,43.0,1003.1514892578124,-4.49895569793022,-2.9213999567035205,-1.5944792115403148,1.259191908960835,-0.9910596175059344,4.93003137333138,-0.3963928702305495,1.6031447011352054,-1.1730130518796238,-0.7056585527855557
10.0,43.0,1003.9962158203124,-4.585111423417333,-3.1417417057734216,-1.6301936511240278,0.7570948235522632,-1.253162910597701,4.997707838860896,-0.4519149340247805,1.6861893898123466,-1.1549750995506116,-1.1190835657409002
10.0,43.0,1005.1680908203124,-4.220157767648204,-2.6075054183002058,-1.5917814274581064,0.5644676005845453,-1.6992292134583504,4.978037097146672,-0.412475407242808,2.07263031707554,-1.0282978061768526,-1.1923482913086465
10.0,43.0,1006.5867309570312,-4.013980703301235,-2.429863051194659,-1.888076252414692,0.6600324960180775,-1.5167409286312852,4.993282346250775,-0.7966665642381248,1.8177930255387096,-1.0333256633348018,-1.1376995754196733
10.0,43.0,1003.9893188476562,-4.147241060400923,-2.5537831092577696,-1.8099832434911112,0.7042015634102352,-1.266871192714821,4.902590638544037,-0.2024237523390084,1.775061055025544,-1.011982820839823,-1.1465855191429974
10.0,43.0,1005.561767578125,-3.9237664952784863,-2.9997686872158664,-1.792276763494729,0.5643349035457215,-1.313492788456081,4.51926914338541,-0.4624844189963983,1.7241299205808946,-1.0737290719199355,-1.0509908805809904
10.0,43.0,1005.3292236328124,-4.519929342482111,-2.681504940757578,-1.5549779840575164,0.7999185152221342,-1.2268070796584074,4.981944553702425,-0.9911858109173356,1.7800390111828177,-1.0920668823555355,-0.6658809750876804
10.0,43.0,1005.724853515625,-4.8241114209259806,-2.747229608413821,-1.6493486691059962,0.7468837885483666,-1.2076330426286752,4.924388658554621,-0.5912626378491854,1.5912904290393728,-1.014480581502066,-1.115658861813559
10.0,43.0,1003.0777587890624,-4.287260172122084,-2.7757698578455865,-1.980210554321496,0.52248651881201,-1.7144763469050297,4.888714741659102,-0.4880385038072781,1.7328368583869338,-0.7569435442129837,-1.058214889900416
10.0,43.0,1003.9036254882812,-4.609441750112524,-2.901962018060548,-1.718639750366882,0.946371512832302,-1.2142235019670289,4.982089743513839,-0.6496778290665786,1.3317496007588776,-1.2391506296736776,-0.851017805847615
10.0,43.0,1003.4664916992188,-4.5265255922753616,-2.9310450541202178,-1.934625490276043,0.940585031513452,-1.543496704245324,4.978635604855642,-0.2408759704599248,1.7572485026313478,-0.5771819044160944,-1.301909606524509
10.0,43.0,1002.1641845703124,-4.233547694098684,-2.991992563777374,-1.683607097286271,0.8995531000199852,-0.949204681359527,4.899360175004814,-0.7863091851959485,1.9469233288386567,-1.2070830663006764,-0.782447177259681
10.0,43.0,1003.5003662109376,-4.566439841368441,-2.708054957770774,-1.7267884807618217,0.6268580893082998,-1.4526939977848214,4.965762429697445,-0.5292113781588039,1.766671869496342,-0.9649296190073082,-1.1206020999859143
10.0,43.0,1003.68408203125,-4.540008474261581,-2.8246083833463675,-1.738389790370689,0.8237857895728062,-1.9639892090404167,4.999930621114716,-0.332310782083165,1.8429453248098808,-0.846438350780411,-1.3296088202522085
10.0,43.0,1003.6101684570312,-4.239573129279724,-2.8650780016064474,-1.8226430426324232,0.9270371562691092,-1.4854600246155705,4.902177891774025,-0.2192082240156514,1.8025306545344844,-0.8116823008402161,-1.1019897242523653
10.0,43.0,1005.6590576171876,-4.426040882341441,-2.752943266413741,-1.820784059220144,0.413187116281053,-1.416170876704657,4.999988415642141,-0.5902976467870227,1.7169504851839932,-1.0687016288424718,-1.2994141965756263
10.0,43.0,1004.427734375,-4.674436081881911,-3.1181927177288484,-1.718503677046932,0.897486741482485,-0.868531746089455,4.885837338648283,-0.4915816844950091,1.4146924844795237,-1.0476672203195705,-0.8658836729917043
10.0,43.0,1004.66650390625,-4.356585077874115,-2.788169394579106,-1.8692660297381751,0.8040950418008119,-1.574358853137527,4.983608518515181,-0.4416039061372494,1.8275619778869387,-1.1449402946260498,-1.3434816724863818
10.0,43.0,1003.1458740234376,-4.369106551069274,-3.074199654473228,-1.762868266020166,1.0830696392435248,-0.7876833782637167,4.930526390741466,-0.4646118718707512,1.459879783725567,-0.8699347151533106,-1.0048237487109244
10.0,43.0,1003.248291015625,-4.431960402106071,-2.916530513574194,-1.886108968904296,0.7939281911708509,-1.4704682129856024,4.987961356326494,-0.1824313408090514,1.729044248423664,-0.8408038608944723,-1.1964166444617188
10.0,43.0,1003.0598754882812,-4.47931816240494,-2.993197596178692,-1.8775485237299816,0.7750197519577906,-1.0891579403853893,4.905553958823861,-0.7452980820459869,1.5393804407510014,-1.1402924039805051,-1.019676475239505
10.0,43.0,1003.7953491210938,-4.772962675723662,-3.0968328337213062,-1.756371844390621,0.9467305716744878,-0.938273582264384,4.591447949851059,-0.4524507271433471,1.2615938363816743,-1.163431373697926,-1.0201842257083356
10.0,43.0,1003.1419067382812,-4.388832861448773,-2.943164288870805,-1.6396611425980925,1.000370210471477,-0.9723968493481658,4.937334085508661,-0.5287146752213472,1.7154076936757088,-0.8695450450169959,-0.8640521202672238
10.0,43.0,1003.92626953125,-4.461391674828682,-2.901336634102102,-1.3972810854821405,1.0057896687757475,-1.0380338976221264,4.932886938324575,-0.1880690668834459,1.5835506642613897,-1.2575384844987574,-0.8343081127643002
10.0,43.0,1004.6246337890624,-4.663571164335356,-3.158592856757646,-2.028359011225045,0.4408174935774411,-1.4724486429796864,4.831643619771782,-0.3582350243143892,1.2879736155299517,-0.7991029030602821,-1.2624464688543444
10.0,43.0,1004.6292114257812,-4.388209474934556,-3.159073302633814,-1.8266729091168727,0.4211420651550597,-1.5532173320869918,4.851215970137936,-0.4352332629354034,1.229771847530702,-0.7989500931062583,-1.185441670615532
10.0,43.0,1002.6996459960938,-4.359683233373708,-2.9516475713989583,-1.95801919663809,0.5954884522539015,-1.5073211180093904,4.9129343256359785,-0.5466249021828453,1.6537279822625264,-0.8802401489396061,-1.2548915389838369
10.0,43.0,1002.5480346679688,-4.564107101913473,-2.87075844163823,-1.8637358752887383,0.4568256378639423,-1.461052015576195,4.888191809816194,-0.6569435787192965,1.6362659303517493,-1.0902211418871763,-0.8737713085237324
10.0,43.0,1004.6674194335938,-3.89619966473338,-2.6133719605183825,-1.7669750977830052,1.0884817867810934,-0.7130609746583305,4.997561700700095,-0.4380041313850888,1.726028675974768,-0.8413182190652808,-1.202129775093708
10.0,43.0,1003.0552978515624,-4.345516972877303,-3.0826914725598016,-1.6882852558230992,1.0525476525726685,-0.8882970794717329,4.876821613731986,-0.5017396991789003,1.8634981145044025,-1.172447222743024,-0.7734040195398943
10.0,43.0,1002.274658203125,-4.213417007885828,-2.8547382405815847,-1.8275940038540783,0.9858101055302644,-1.2211427253062896,4.915604790096124,-0.4646332932665951,1.4678465121978688,-0.9149469108173118,-1.039769185644244
10.0,43.0,1002.6500244140624,-4.211713471161871,-2.991439666859025,-2.088379679190297,0.5731288283024369,-1.450644394431766,4.964699999244843,-0.5854230146123864,1.431539418081127,-0.953531979730454,-1.3030576888089591
10.0,43.0,1004.8903198242188,-4.059847169126259,-2.7296543454840103,-2.0128217848658805,1.057234176332587,-1.215465426957265,4.852390209497031,-0.5312344024908686,1.5952941394318412,-1.0080995871947005,-1.046601108403291
10.0,43.0,1006.4915161132812,-4.902821844064293,-2.603031779854221,-2.003814335380456,0.3524032191992692,-1.389278251812196,4.918176079140945,-0.6533238619278334,1.5260234196927316,-0.9876104370443936,-1.1527573238576103
10.0,43.0,1003.1533813476562,-4.004491251720764,-2.7440189879108345,-1.8022747534069063,0.4411961783285303,-1.6889720697430728,4.8308707886587605,-0.6260880503184261,1.5042718848290022,-0.7824270373463751,-1.272733364962752
10.0,43.0,1004.9120483398438,-4.050589954661552,-2.419356741086633,-1.8799880886778384,0.6150664054877728,-1.0671425420876908,4.994751930905796,-0.3171147377562233,1.539215635116122,-0.8453949118159736,-1.0951462541950634
10.0,43.0,1004.3096313476562,-4.231883824054162,-2.8306770969046795,-2.071325476508705,0.3891029928504999,-1.2994084606711458,4.9860704702832095,-0.6164205613598597,1.2267868356676033,-0.758787996044239,-1.36100467879333
10.0,43.0,1003.5845947265624,-4.257142598805421,-2.7488313042158654,-1.5302014069348235,0.958327904723479,-1.376007685856985,4.997842590801998,-0.3239838092849076,1.826638402980824,-0.7895257325191718,-1.044601636206726
10.0,43.0,1005.0040283203124,-4.755726165793671,-2.941826349671378,-1.9299401411873736,0.8821033323648049,-1.5240120581071963,4.842027452402197,-0.4049087505806179,1.5663068552907742,-1.2761994165677448,-0.967511096943518
10.0,43.0,1002.2301025390624,-4.262837218037524,-2.8991144580259105,-1.5767984123751164,0.7491045568574561,-0.9206536969454032,4.978632825718188,-0.5796916591169694,1.7247883534519008,-1.083386081710413,-0.9561228590301898
10.0,43.0,1003.3987426757812,-4.350719951290819,-3.0410523880677216,-1.7771619956376936,0.7379523840837692,-1.0614048470176956,4.925285125222635,-0.4088545090978872,1.3480856023501708,-0.7810194963058734,-1.1212501933193346
10.0,43.0,1003.801025390625,-4.512585556537173,-3.065075722161717,-2.0190485452311098,0.9974183492940404,-1.1942436342856588,4.88670171903366,-0.3934163776557833,1.7010131492663918,-0.9586445460445336,-1.088459995457289
10.0,43.0,1002.8538818359376,-4.38725914750298,-2.7812509862939296,-1.7733777941459596,1.004354323872544,-1.1253502152998642,4.9986177894675095,-0.5295688186241998,1.7055946699435554,-1.0702052486032922,-0.8505474157731916
10.0,43.0,1003.5133666992188,-4.449170132634986,-2.830810576726062,-1.4821746758175718,0.7933320841537483,-1.0437541318578551,4.935463744317145,-0.6593258692364614,1.574082525357003,-1.182909323942574,-0.8060833019913822
10.0,43.0,1004.1755981445312,-4.556085311982512,-2.727501315857775,-1.7900309066375533,0.7344009971798036,-1.4477080065880283,4.97374937824654,-0.3599067800153035,1.898874570146103,-1.0051189211934162,-1.0764246334545264
10.0,43.0,1004.1851196289062,-4.090406877055262,-2.656719858184053,-1.899292950921404,0.406101818291166,-1.296811476296985,4.982807757400799,-0.387170811786123,1.5221840131240851,-0.6059428980301496,-1.2524329218085155
10.0,43.0,1006.3565673828124,-4.637180081584315,-2.819849367503489,-1.7231669960675149,1.2346349462094617,-0.8521609479360244,4.968577099315937,-0.272012438818475,1.607656427048699,-0.9127315773568708,-1.1917536638395676
10.0,43.0,1007.9664306640624,-3.9789408695790063,-2.91399992096753,-2.091323795981701,0.1104901011299084,-1.7987223906780447,4.461905224333648,-0.6083619700487803,1.5521343485053416,-0.6884062564836126,-1.0578398917916163
10.0,44.0,1003.5905151367188,-4.4307019545170006,-2.887177119395213,-1.6381881891390009,1.1420901996137047,-1.1197492640333753,4.716852103429016,-0.7092503416766283,1.7639285299937582,-1.0168968118796036,-0.9931155461305085
10.0,44.0,1003.778564453125,-4.975416408887032,-2.9785495164141853,-1.7596609212019998,1.449571365972071,-0.9887553474460712,4.999212049343942,-0.5098496707357176,1.6434924739910477,-1.0484373893365424,-0.6135245966354193
10.0,44.0,1003.2941284179688,-4.2859567483195296,-2.977527783561972,-1.801255070624797,0.8984947011456379,-1.6234607261778065,4.747921430301037,-0.5156784397499967,1.4289442191077075,-0.8688394222029707,-1.0368650728202715
10.0,44.0,1004.032470703125,-4.538154349127085,-3.21818046191522,-1.8385788703731685,1.1420348290102176,-1.0281970293351477,4.9500035172229335,-0.2249344377146096,1.5210000370896104,-1.1707248593644777,-1.1139097435481409
10.0,44.0,1004.3223876953124,-4.376478630709872,-2.6709203870470954,-2.047804371929069,0.6829300869049959,-1.1482359411051577,4.683215708238722,-0.4203339546887079,1.7163448917456527,-1.2143540521848513,-0.924039191111512
10.0,44.0,1004.5695190429688,-4.208799217108933,-3.1417452553352527,-1.8468933195543724,0.5945237221284048,-0.8093983398044244,4.9537438239927045,-0.7176114280776735,1.5826179376321026,-0.8337013967559113,-1.1355858350555907
10.0,44.0,1002.8062744140624,-4.583122944561443,-3.017240060746527,-1.998770558558121,0.8769202613111187,-1.144955744607063,4.875121769962561,-0.4579676925924731,1.4475594570125727,-0.6629062494751583,-1.1032935630099736
10.0,44.0,1002.97216796875,-4.229978119961897,-3.003236961285293,-1.6870291828670925,0.6289634872719514,-1.0640622686962664,4.894319046964679,-0.8577108986238908,1.6237709090672503,-1.0520609058114578,-0.9574645612408732
10.0,44.0,1003.1571044921876,-4.305744996134133,-2.874102030394208,-2.025221596032542,0.6350299218152955,-1.3713574278566796,4.654942058864329,-0.3141802549732473,1.3614621150863035,-0.8866269122162231,-1.3252688640760373
10.0,44.0,1002.1964111328124,-4.489901047673331,-2.8336261478949853,-1.6347024014689748,1.100842989423536,-1.1085125651412464,4.797916804989763,-0.531427617227946,1.7257376939629552,-1.3189094076832977,-0.6418365502423438
10.0,44.0,1004.5816650390624,-4.024995425856161,-2.9503893716247336,-1.6399526919760143,1.0998878390128466,-0.8129808466685553,4.777138724408342,-0.4923176750796552,1.80379868833435,-0.9708436353612484,-0.718257311616024
10.0,44.0,1003.28564453125,-4.2461662569215,-3.054298277913851,-1.7894629624910752,0.6780474351755643,-1.3368851149306078,4.680600020711488,-0.5500742988234748,1.91112906208358,-0.9289343482033204,-1.331716156141728
10.0,44.0,1003.0000610351562,-4.506266909230002,-2.9887057533173524,-1.7829941620370704,0.7131601027971071,-1.255274423466592,4.973961499344487,-0.5501765521529132,1.7909753448666337,-1.0655552995501525,-1.1296704070037138
10.0,44.0,1002.8645629882812,-4.638109494578664,-2.9228946771175552,-1.5972510926506378,1.0020801658678549,-0.969413645965143,4.777756299853678,-0.3055876880771899,1.712615998717224,-1.2907079665306629,-0.6640990463726792
10.0,44.0,1004.111083984375,-4.246086758084471,-2.616205913413016,-1.938679751641424,0.4898432610117487,-1.3178268314886106,4.787597025451163,-0.5700045934331834,1.494385851719123,-1.041352641574615,-0.9285381751534728
10.0,44.0,1002.1204833984376,-4.239529144387247,-3.1124899833341124,-1.8707112040576968,0.6163300917083072,-0.9859232489616634,4.5367380827785,-0.8015822509605472,1.458866160727581,-1.45872849716993,-0.8269667842225603
10.0,44.0,1004.9395751953124,-4.733562584691439,-3.372367389748991,-1.8523919454288125,1.147485166720017,-1.39200366514945,4.856399126171015,-0.5099888548026748,1.6191705204993545,-0.8549716282057052,-1.1256036633936477
10.0,44.0,1004.022705078125,-4.040042915785471,-2.828325336766724,-2.192326589733783,0.4475721203032501,-1.6431159246779252,4.78675844513781,-0.4735153768933706,1.4806698718380191,-0.4752585547736201,-1.3614967657728867
10.0,44.0,1003.1605224609376,-4.622738086139499,-2.841996846224524,-1.7704978962953848,0.9328671726474322,-1.1138989968585755,4.876792017000444,-0.387158788519141,1.6865973454871988,-0.9258298774017372,-1.1075848941270126
10.0,44.0,1003.5960083007812,-3.9445041450996094,-2.6982261009293453,-1.9922597925986545,0.5342331789344614,-1.1528719127939056,4.730084593994624,-0.7480608771404071,1.5904420074514185,-0.8714392811628251,-0.96649039076396
10.0,44.0,1001.7919921875,-4.169632640596916,-2.956535195658529,-1.8954860496097965,0.4806302322361722,-1.2691814622697772,4.897585208816595,-0.4333520652019231,1.3047253591471009,-0.959670572407428,-1.1489043204746
10.0,44.0,1004.162353515625,-4.2041852782421385,-2.849210056032643,-1.577679170163766,0.5500927822864661,-1.2105937115779364,4.721009259016988,-0.407100747297024,1.630919836012339,-1.1435225289647546,-1.010246315508128
10.0,44.0,1003.0541381835938,-4.386590903634668,-2.8756015816785254,-1.78519338876551,1.058022561152078,-1.1331270434445084,4.747105089083107,-0.6597705361215871,1.9895357140602488,-0.9295127348728008,-0.8967832790050156
10.0,44.0,1002.7853393554688,-4.370470198616086,-2.873902323387906,-1.5881534867264824,0.6145750637761314,-1.4638932278568797,4.992658345507653,-0.5725106786359451,1.708157200339918,-0.9441215018899748,-1.0864913480076943
10.0,44.0,1002.3062744140624,-4.455606247590439,-2.7081333752090107,-1.951874227373292,0.5136824201307411,-1.4733268082064126,4.914384798599595,-0.4152628233332072,1.5945578685690664,-0.8016668579090176,-1.0233634436876915
10.0,44.0,1003.5223999023438,-4.49586860014158,-2.866622588691457,-1.7340142402076308,1.000266203034542,-1.194805165400146,4.8466195684086575,-0.6689908161083826,1.6286561042056436,-0.9001391142135864,-0.8666008774014564
10.0,44.0,1002.4400634765624,-4.152861381752134,-3.0226585276767057,-1.8166667611994989,0.7447453681124045,-1.1098050452865291,4.71349083306124,-0.7250715166807256,1.6317849138749887,-1.0933450673126153,-0.966483143806892
10.0,44.0,1004.7715454101562,-4.719125898038515,-3.220121468765459,-1.554529529755011,1.223396216723022,-1.0917054415296694,4.930395459974754,-0.2940030490336509,1.6801634004586496,-0.9118389079333388,-0.9905764435998928
10.0,44.0,1003.1007690429688,-4.039987420345593,-2.536610572099564,-1.8112977234167145,0.6519235195554298,-1.461634231167472,4.925758440827364,-0.4240277330178177,2.009096664964618,-0.9173257205944072,-1.022618499341573
10.0,44.0,1002.24169921875,-4.361912614532472,-2.613403695271073,-1.9089879885666488,0.7164984475913085,-1.520946621632194,4.9876633523713,-0.6784372201289273,1.861957027911786,-0.854866490338682,-1.0222432230467513
10.0,44.0,1002.0802001953124,-4.368694186996526,-3.0589914844302,-2.030547754689494,0.7035856574604313,-1.564214106878156,4.663953098790083,-0.5485994192333914,1.2038781909249074,-0.910415119982572,-1.209232029100491
10.0,44.0,1003.99560546875,-4.767679831980669,-3.194903021959409,-1.943088013899712,0.9120281343844594,-1.0431800250378669,4.949761174218844,-0.5913258440948779,1.6775301272667793,-0.8118513101538047,-0.9145139308903802
10.0,44.0,1006.2052612304688,-4.10883096454321,-3.1336339473947765,-1.8468337437498537,0.79984823180774,-0.993759817355622,4.944529038310101,-1.035964050450835,1.739402288839652,-1.2806602470620825,-0.7654488658530099
10.0,44.0,1002.2677001953124,-4.407446681178508,-3.053865375850425,-2.0521670772249587,0.6388962893919583,-1.7348624665880683,4.984935200068492,-0.3722170550043371,1.367867029180693,-0.7832820518591834,-1.1792619205128223
10.0,44.0,1003.5814208984376,-4.233117405054776,-3.054302124625934,-1.6285706749444264,1.102276761280205,-0.8200946723947942,4.890241147704993,-0.6863315570593613,1.6036222281452703,-1.2492657916868175,-0.768920089756775
10.0,44.0,1002.6741333007812,-4.215887366635636,-2.811549515242885,-1.8017985990562728,0.7067934927377815,-1.4765010193888162,4.949021363494573,-0.3474243181883327,1.588809300881335,-0.870243789217577,-1.2850459793974705
10.0,44.0,1005.2984619140624,-3.541771072493087,-2.931752040193224,-1.7141747914833123,1.193033910465708,-0.6002852859238654,4.723003185617662,-0.3959535833753103,1.6575763168363131,-0.957914442398577,-0.9144606526632346
10.0,44.0,1003.1334228515624,-4.590056605195755,-2.852498045309668,-1.70663905716804,0.6390951500110686,-0.8699063220288492,4.928256359700068,-0.5406924247619296,1.826631949976068,-1.2164867435233957,-0.7601587510110663
10.0,44.0,1004.1220092773438,-4.14079150251374,-2.571677084786336,-2.0773092361964727,0.5344179849919986,-1.501714224337369,4.919060658561509,-0.5778208623021994,1.5837644982339576,-0.4551531020759656,-1.1291629804541907
10.0,44.0,1002.404541015625,-4.345711302253778,-2.915870174524461,-1.507757706121338,0.8492843374075516,-1.1720172564243223,4.882506377171223,-0.5118367881025367,1.8083417324483708,-0.93641910041916,-1.1559476292660515
10.0,44.0,1004.6549682617188,-4.618351054619648,-3.2332510598436075,-1.856183758341844,0.7590745464172564,-1.3844774553111066,4.849466897894375,-0.4137751552614439,1.4007620708202362,-0.6469859113654151,-1.399345685642718
10.0,44.0,1002.9199829101562,-4.308505262915739,-2.7525917712414345,-1.8265234411950213,0.8976051472326327,-1.334124608291551,4.753108710862913,-0.4530210087602224,1.5054462782744498,-0.9472915483065564,-1.2506064477283054
10.0,44.0,1003.5380859375,-4.009386304086785,-3.010906294253263,-2.0270646187147983,0.434199602145588,-1.2848625618798803,4.935663287925305,-0.3994744351345138,1.533094202429634,-0.7135562189255493,-1.1711480790589146
10.0,44.0,1004.697998046875,-4.368626329918331,-2.9546885764267303,-1.9728685645086104,0.8485262918884908,-1.3211563073766186,4.985268223206361,-0.837216986989052,1.8047798536678616,-0.8842896678528591,-0.9642302678588796
10.0,44.0,1003.264404296875,-4.358696185102026,-2.7027820164897127,-1.6963641347227991,1.1268742903032667,-1.1089214655718391,4.999416931354077,-0.7195478469092533,1.896714797929187,-1.2822516930654395,-0.9425080395790496
10.0,44.0,1004.09228515625,-4.474174920359331,-3.011036653168217,-2.151779040337416,0.3395881592269738,-1.440740085634684,4.888580788521926,-0.6715119453833935,1.5415812660319863,-1.112715644165034,-1.0736747945452223
10.0,44.0,1005.4624633789062,-4.259630218836042,-3.1642652284924684,-1.870131418554632,0.9827155110164832,-1.092374437855654,4.854066416830143,-0.5551481334510413,1.558255431366124,-1.0087307966319283,-1.4221956129347282
10.0,44.0,1004.3944702148438,-3.865693974922418,-2.8432481574335515,-1.6327053727314005,0.715942519394912,-1.6704366335958651,4.874026497266701,-0.7395804268972812,1.7063169196780628,-0.6674178612711028,-1.0950178567334383
10.0,44.0,1003.7628784179688,-3.926713797800338,-2.8671112348181182,-2.128026393184701,0.7920081305015056,-1.470063155191048,4.903775879178859,-0.5146883979003611,1.5339512996093845,-0.5096520194103,-1.3316851577442588
10.0,44.0,1007.6378173828124,-3.5147176620085023,-2.8652908908220103,-1.587551196608416,0.8707081467432696,-1.1069711489092509,4.626318510487309,-0.3786618721559387,1.6882135677695445,-0.999260101610747,-1.0235158432601734
10.0,45.0,1005.8544921875,-3.870126904523411,-2.858855293664792,-1.694763926079193,0.8638494187083694,-0.8814819081852505,4.330332340977156,-0.7376111817534863,1.6593057157345603,-1.200891883971292,-0.8903199090808398
10.0,45.0,1003.91796875,-4.667234762999671,-2.8401311338213784,-1.849121312909148,1.0110985854272876,-1.30519553097828,4.855920828609984,-0.45519547211721,1.5240338522764088,-1.0865176890864343,-1.0711041701179438
10.0,45.0,1002.3662719726562,-4.265697119243818,-3.0224012927293904,-1.920625777736911,0.503521478834549,-1.449125544081606,4.702124403795708,-0.6530126076363345,1.3088092883285931,-0.8633187081441305,-1.1904311949059077
10.0,45.0,1005.142333984375,-4.282811024016769,-2.8313662134534257,-1.8516782014613224,0.7116119547239901,-1.4247865205929109,4.408264465037833,-0.6831183433593573,1.83513673903804,-1.0480697311546845,-1.024806200268643
10.0,45.0,1003.834228515625,-4.583170557159434,-3.006129044707808,-1.7385925561382098,1.0671341895641078,-0.9737334976621383,4.764152829299288,-0.4415290990897444,1.6926631000475556,-1.2076265429122248,-1.0866707979852763
10.0,45.0,1002.215087890625,-4.560193587490391,-3.145639229745671,-1.960031993678013,0.5424975991141849,-1.4010093295285486,4.768323718940685,-0.3389551267824924,1.2793381991764816,-0.9241883855045172,-1.2037200819830476
10.0,45.0,1002.18896484375,-4.607385183778844,-3.144616311625544,-1.616973487364901,1.1620597161981037,-0.945418508137868,4.754879852793536,-0.4209181500321,1.466990605987081,-1.240569837692402,-0.8010421076162473
10.0,45.0,1003.7364501953124,-4.386903570677932,-3.041154669730505,-1.886686856724524,0.8923527377978671,-1.3004416541314416,4.539198936476147,-0.7002499501284278,1.3477205454122672,-1.1095780388654717,-1.1348452177022414
10.0,45.0,1004.5037231445312,-4.139829212621357,-2.8821360127174667,-1.7520105283870175,0.6415282085533516,-1.350204160441273,4.777363438284585,-0.7776057501066633,1.9641065034999488,-1.0562243915620395,-0.8006574588148965
10.0,45.0,1004.2896118164062,-4.647802324776775,-2.732232749840811,-1.905444557247951,0.3805245624370421,-1.3542236574729354,4.966268384308714,-0.3997338117599156,1.5152592983244233,-0.8924475392938716,-1.1741934784344248
10.0,45.0,1001.8170166015624,-4.459452736077353,-2.814996254416775,-1.820168237354947,0.6230709438538629,-1.6034330350553514,4.999102807409992,-0.582288997660684,1.4397966858613778,-0.7273446826106849,-1.1009887199980306
10.0,45.0,1001.984375,-4.291939373283417,-2.91084532660077,-1.6432875935260691,1.0209281911002286,-0.7658495490484176,4.831255954014207,-0.6373825209138655,1.922351253722761,-1.311453623571469,-0.7491257607322286
10.0,45.0,1003.76318359375,-4.339691481261921,-2.948329095270262,-1.7654834315248156,0.9554768809120828,-1.3746682568231527,4.744166358285884,-0.8238564982640346,1.7863504958157694,-1.0119059127614132,-0.9299552439519116
10.0,45.0,1002.919189453125,-4.30421045939546,-2.979165011613267,-1.548958020078921,0.8506964179696794,-0.7802688643427773,4.849535916673224,-0.7348333493532007,1.6977942571802993,-1.2358253097374332,-0.5637111636265191
10.0,45.0,1006.1188354492188,-4.464754429018517,-2.710765348707999,-1.928675780969466,0.2731993259196024,-2.0000540644766525,4.746102140992152,-0.5928493141861182,1.2361273406904196,-1.1999277065695555,-1.1661881839533472
10.0,45.0,1003.7745971679688,-4.585814292888313,-2.988665468883231,-1.8625531138767173,0.6026714928169081,-1.2199186551046424,4.830129072375545,-0.5278207727894655,1.6296780335704757,-0.7803419696869529,-0.9933694721062104
10.0,45.0,1002.6660766601562,-4.625134373385335,-3.0605282616903,-1.574444078002168,0.9244648667740236,-1.1800569816128288,4.789173278139183,-0.4441312322749375,1.8101558052537128,-1.1521082093102613,-0.7193083565168461
10.0,45.0,1003.5581665039062,-4.39082862481597,-2.943386340019132,-1.947498100709408,0.9639177025350952,-1.1029246930017642,4.798328338299232,-0.5907997603883937,1.3396715550250358,-1.1492412694128968,-0.7295873508725474
10.0,45.0,1003.4166259765624,-4.732424278325557,-2.972535060586857,-1.998917532827185,0.7261345810511779,-1.7961532751471316,4.843266995739734,-0.4723957064694346,1.411343864156816,-0.829481242801017,-1.2078559846792647
10.0,45.0,1004.532470703125,-4.404944645892708,-3.1605899167018423,-2.067153449919604,0.7010129920110764,-1.6391301092804782,4.852095013809253,-0.5552956892534802,1.3641578965824923,-0.4169924700734047,-1.4621483194168352
10.0,45.0,1003.8963012695312,-4.097700620742728,-3.026362871378443,-1.955472142969839,1.0061576405995565,-1.3166839839933693,4.799765836105355,-0.7356034098329687,1.5341687698372652,-1.159762679436271,-0.8171195382893668
10.0,45.0,1002.6971435546876,-4.305908436856113,-2.8994030056405307,-1.766783249315087,0.851225815523029,-1.2704831747609493,4.901602718257909,-0.5622685003057537,1.608512736944939,-1.193623727347521,-1.1336025507944072
10.0,45.0,1004.438720703125,-4.159550791952254,-2.701797609775007,-1.8188369851968904,0.4668378390965477,-1.451375338537424,4.870699974153643,-0.5494229470545058,1.800395149428219,-0.8851740749452315,-1.249773749899938
10.0,45.0,1004.6922607421876,-4.966068387188608,-3.180142014337939,-1.8674333762267104,1.069564733754266,-0.94848372747148,4.996518344670315,-0.2556875146982342,1.4524959952193122,-1.06017738297194,-0.9576711415805724
10.0,45.0,1002.5103149414062,-4.189550309426714,-2.878321254149326,-1.949786794183652,0.4594251513001568,-1.3965412983954333,4.727269515039655,-0.5808907014718807,1.6597532146863152,-0.9397186220967422,-1.023919647843102
10.0,45.0,1003.2615966796876,-4.093132007921508,-2.6831157870159035,-2.088179149255731,0.7050725018746657,-1.409152054821039,4.841526506523465,-0.687894752982972,1.7706631660394354,-0.8267895560039609,-0.966834982841787
10.0,45.0,1005.1656494140624,-3.728396255909692,-2.727525314979917,-1.88082988342767,0.4216287879405893,-1.2149972697620566,4.57813774287019,-0.6624096069381897,1.5745430622981695,-0.8794583731807322,-1.1796345793305498
10.0,45.0,1004.0431518554688,-4.532744524212717,-2.874520403507196,-1.6795776616477207,0.7424862049714163,-1.0413451575170751,4.9517655546111286,-0.495338687776603,1.513713746700888,-1.3791820706118232,-0.7844070432151709
10.0,45.0,1004.1701049804688,-3.978908599058095,-3.076900494745436,-2.266258072608717,0.6515137117082324,-1.3777725236132476,4.937904055985774,-0.4440095334480975,1.3211154541105472,-0.7618450385118631,-1.5642995855196529
10.0,45.0,1001.8114624023438,-4.259332705416211,-2.8551060776930384,-2.0387957863190778,0.6451971078201613,-1.1654706392856662,4.874833016089319,-0.5440509082096243,1.327596936260207,-1.0219855969543303,-0.9183019040519972
10.0,45.0,1005.5736083984376,-4.26947233464259,-3.2486686832035163,-1.9589945334363268,1.0814727324525002,-1.4384610823384896,4.804830650160342,-0.6278492727052711,1.5109885709212802,-0.7231546293075857,-1.1093387486819846
10.0,45.0,1005.5184326171876,-3.942649890620044,-2.7695572355572824,-1.7034112059100217,0.3258179322115389,-1.074803257270446,4.872174579840884,-0.9301249032799852,1.6266672238099664,-0.979337480738714,-0.9897964676341272
10.0,45.0,1002.8087768554688,-4.358834455718062,-2.6632735273715005,-2.0558423864759896,0.8923371791792301,-1.3257260770364825,4.937713210507837,-0.4462411499441971,1.5008420934486306,-0.9991771940750692,-0.9956935428569428
10.0,45.0,1003.8895874023438,-4.664526562997019,-2.794006532154217,-1.767938310737795,0.7909259755850195,-1.5033928302896742,4.999828326006742,-0.3029778001560093,1.7078171546843004,-0.7950370615017883,-1.2311532518018584
10.0,45.0,1003.2764282226562,-4.414149360192311,-2.965991462957781,-1.85754582120404,1.0171388301669015,-1.1181335909764138,4.937756669483509,-0.6800447451237419,1.5413064221115231,-1.1201734003932011,-0.7161524019458323
10.0,45.0,1004.8912353515624,-4.504315546330351,-2.904355389958919,-2.039986675931976,0.6916189441887628,-1.6948257624832257,4.662121597096284,-0.5970004162398945,1.5576458124224848,-1.141267155120537,-1.117626061800122
10.0,45.0,1004.0493774414062,-4.263736522258454,-2.924005498602322,-1.89966532263786,0.5284552744582225,-1.5105328102988569,4.723049940368494,-0.7654448481568394,1.666084093003426,-1.2591421948293702,-0.8082531214361275
10.0,45.0,1003.4970092773438,-3.962993802916978,-2.791611963635379,-1.8557859445638152,0.6130392473342976,-1.4939694736969065,4.865525160193965,-0.6471929966094194,1.7499140649339229,-0.972358646795784,-1.1003668688732993
10.0,45.0,1004.7471313476562,-4.1340136828393295,-2.9361538898260005,-2.059746514434612,0.340360443269752,-1.746194030637497,4.592708835205798,-0.6826395538318186,1.1503258134121053,-0.6838192228243365,-1.183124521530217
10.0,45.0,1003.0435791015624,-4.437052031889401,-2.963632407472684,-1.5552336414258496,0.9341221497017402,-1.0914612538439257,4.982304730358738,-0.4405919878858055,1.8493624479544533,-1.2216630225541198,-0.9590736701297544
10.0,45.0,1003.7747192382812,-4.6019717656148345,-3.1033721559881697,-2.090823440611296,0.8733484479789411,-1.1662279080967664,4.726608977427162,-0.4827985087971802,1.291527243809023,-1.2577233790980529,-0.8668436768255097
10.0,45.0,1002.5255737304688,-4.300638965549567,-2.8554311252085856,-1.8091838153959416,0.4485219616197078,-1.3471127701219603,4.804237106095879,-0.5627901740296961,1.459913726220056,-1.0815164807490412,-1.2257362332882145
10.0,45.0,1005.6061401367188,-4.778411439571979,-2.7356890490345327,-1.7016039088590302,0.5937549276494822,-1.284441674965267,4.810145990128122,-0.522891237661459,1.5048533159873525,-1.2169990326100295,-0.8487550230127523
10.0,45.0,1006.932373046875,-4.088669598827719,-2.89121706002714,-1.9040174648211967,0.7231326974956245,-1.3576104305307275,4.461958374998421,-0.9012470663358504,1.2847978648515603,-1.1348737897399412,-0.8032183582563981
10.0,45.0,1004.9258422851562,-4.484914492531913,-2.842610929425072,-2.054573900480241,0.8377890116567919,-1.759797266990224,4.721755388110253,-0.5346777576954729,1.276490483305186,-1.1006439253753575,-1.1208113709057166
10.0,45.0,1004.078857421875,-4.335519677992854,-3.16039324484815,-1.7528621771548236,0.886902580710963,-1.493670545774461,4.978637371030501,-0.6122282563523935,1.5705611364454972,-0.8939479487365078,-1.2580314290489616
10.0,45.0,1004.2056884765624,-3.57609451428796,-2.963225654842603,-1.938019306257723,0.7211976241166909,-1.1573890418008226,4.514016098798358,-0.655175213283731,1.5787063567668556,-1.278844854487042,-1.0678666525252265
10.0,45.0,1004.8130493164062,-4.433207662176932,-2.9924758483938705,-1.945219961470643,0.9028656467025478,-1.788098825455739,4.73551212323507,-0.4459040254532311,1.3866938309058687,-0.6993981302365064,-1.0374901179222331
10.0,45.0,1004.8492431640624,-4.6221095197480855,-3.037831057118096,-1.9968952938014608,1.0006553620697156,-0.9510914395118046,4.746830535947357,-0.5274496456857074,1.7236195524116995,-0.973353539246955,-0.9705480533479244
10.0,45.0,1003.8327026367188,-4.563253671786961,-3.145011495637158,-1.9048812015736565,0.95202208851778,-0.9703161810583154,4.77851710993766,-0.7436789766468888,1.649334382558557,-1.3323523771792989,-0.9248316486228472
10.0,46.0,1002.2198486328124,-4.420652022967856,-3.015422091851527,-1.7155394497636172,0.8068633590352565,-0.9774291971202008,4.880784214103841,-0.7236348621955138,1.6519599968061662,-1.221807928168792,-0.7340545127708369
10.0,46.0,1002.6941528320312,-4.603364220821644,-3.059603018552564,-2.082236084962293,0.6850591540888313,-1.36512517721728,4.626729232317242,-0.5983146159946342,1.4435133385565733,-1.0515179099881884,-0.9491292030412266
10.0,46.0,1002.5641479492188,-4.526108754947826,-2.8214091570022632,-2.049407281737511,0.610763602940736,-1.365131439777771,4.970177947669637,-0.5117959213404886,1.5795265098218767,-0.8716528562554089,-1.016103199863056
10.0,46.0,1001.6714477539062,-4.339383721928205,-3.0970572337824143,-1.8692723785134016,0.7586010901403526,-1.197632568595342,4.745290933102758,-0.4183566887195784,1.5702013400537922,-0.9792684297538266,-0.969924955200165
10.0,46.0,1002.7127075195312,-4.632776352145906,-3.121387664362507,-1.939111838434136,1.0659229016386256,-1.2298176948229638,4.565542980007782,-0.4372604543091398,1.54110896059355,-1.0854104873401704,-0.8839425709766138
10.0,46.0,1003.2022705078124,-4.258180814529748,-3.1052469606227264,-1.6289756607165309,0.7283334665693451,-1.0343882046056625,4.831088851635874,-0.6282315111729773,1.571686380624926,-1.1929054807177222,-0.9452972755188336
10.0,46.0,1003.07958984375,-4.556151816855468,-2.983414723511952,-1.771512131213528,0.7543841580817947,-1.0846927003059197,4.961327406082104,-0.6658654669766451,1.5900207373080066,-1.2317258023296451,-0.7741774785062159
10.0,46.0,1003.6241455078124,-4.442933978585857,-3.015998222465481,-2.17672962155415,0.5074560286062137,-1.503685053057271,4.904250259221726,-0.6497228018444021,1.2110840910543867,-0.929016393986223,-1.2840734474428084
10.0,46.0,1001.6776733398438,-4.390831184396158,-2.737701474087815,-2.0388952166787107,0.5283886460556166,-1.506884841848557,4.993974200711604,-0.5454172607832062,1.5956236051521744,-0.7601100560885587,-1.1402743771687502
10.0,46.0,1003.1773681640624,-4.592205275237016,-3.042456419965593,-1.7812208605122626,0.6799415367989203,-0.9762087089192084,4.873224595085304,-0.511652817337648,1.5319608445459565,-1.1660359155469289,-0.8798852335611977
10.0,46.0,1002.881591796875,-4.362060932440747,-2.894016707471427,-2.039157725436733,0.5822390088802853,-1.4129559979463413,4.985284953847259,-0.6016372326119148,1.384676797249487,-0.9230667329325416,-1.1962317655766337
10.0,46.0,1002.6033935546876,-4.568190482722741,-2.942177159049994,-1.7177179195297847,0.8059076534368508,-1.0688718151841765,4.880258482579947,-0.5739134584704413,1.6698984360004443,-1.1125597605460786,-1.0611415264091355
10.0,46.0,1002.4332275390624,-4.455561080661575,-2.85063338418312,-1.9375436118106304,0.7098633705670379,-1.8071815545591583,4.828480197384401,-0.5476686880271782,1.5443884394163856,-0.874658409564252,-1.2877752125356725
10.0,46.0,1002.8109741210938,-4.347305378863524,-3.039633855433681,-1.8738333111512275,0.7148929947754015,-1.4803624382678509,4.868231384470228,-0.6363316186611891,1.4603416509713876,-0.9158955294704816,-1.2276285134946043
10.0,46.0,1001.9811401367188,-4.486100539056627,-2.994034439417206,-1.8773955537475349,0.6442961232925413,-1.483747367921327,4.709192662701163,-0.4265430931796965,1.5586857011881063,-0.9946798545343328,-0.9388944925127528
10.0,46.0,1001.8905639648438,-4.20034127824789,-3.0114381886696444,-1.952864893807222,0.6952889487004335,-1.3757922598934265,4.689718256837344,-0.4080140155170806,1.5514616899236175,-1.0779570287503852,-1.0197414673422989
10.0,46.0,1001.9415283203124,-4.282396901825038,-2.9203992411875954,-1.828061588302559,0.6690717254228655,-1.019109112151653,4.962725222481206,-0.5129099457220896,1.5225351697345475,-0.9502248036288838,-0.997640015694282
10.0,46.0,1003.337646484375,-4.365117606348438,-3.043450649308524,-1.9642860117210816,0.4884831598192631,-1.3580198816301623,4.894283788401509,-0.709440509768692,1.4508753226277014,-0.6985354020705605,-1.2371644078383266
10.0,46.0,1003.2931518554688,-4.499799758971493,-2.9248899967059665,-1.6711041318535766,0.8409871263288817,-1.006472439325099,4.981018044299283,-0.5801404446353731,1.574958054701017,-1.2866553120587,-0.8712890064856964
10.0,46.0,1002.5245361328124,-4.317142108787192,-2.86353794653561,-1.8849387053891624,0.539878755028993,-1.335623031849631,4.896276589628625,-0.4279525150732457,1.3036376306207274,-0.8716043397170736,-1.026054113317466
10.0,46.0,1005.0902709960938,-4.698887941917569,-3.027230699843789,-1.849241533044879,0.8686168343101457,-0.8924405712472678,4.792333736728633,-0.7623249989693983,1.775792535742467,-1.3916901855685748,-0.7871357631013716
10.0,46.0,1002.4100952148438,-3.907546975264196,-2.7525539683315783,-2.005291659424703,0.5810263294970319,-1.4910747851964397,4.85429689537002,-0.5123318526053247,1.585256625851846,-0.8630702184081489,-1.314222411398544
10.0,46.0,1002.4482421875,-4.691279307110318,-3.1022623888871976,-1.7489578289921957,0.7241188921406563,-1.381623578192178,4.839852737014713,-0.3536316664544117,1.553535977819804,-0.9273773947722006,-1.1288654532132654
10.0,46.0,1002.614501953125,-4.211965235724001,-3.109032167516028,-1.888742269179413,0.4980090240844497,-1.2046259866717026,4.927787695474628,-0.7378929909282608,1.5086034695765829,-1.088394017211166,-0.9566748545852573
10.0,46.0,1002.8518676757812,-4.093759410702926,-2.9462761531097463,-1.8308875900335444,0.5786814586938309,-1.6724965866987065,4.911387712340643,-0.645862856193542,1.557034597887636,-0.6443518037237475,-1.2859395505433384
10.0,46.0,1003.2713012695312,-4.117153528324298,-2.9861306461760955,-1.6454573587348826,1.20572635384109,-0.7417162422245989,4.973974608702724,-0.5672617500995241,1.7933691513210803,-1.1116826384193643,-0.7962144170584153
10.0,46.0,1001.9930419921876,-4.352557697299176,-3.0338076538867287,-1.847760605247331,0.9043074670316232,-1.1520069574169254,4.828959476874278,-0.3878509833864454,1.500748062565246,-0.9628668762684276,-1.0992922611926548
10.0,46.0,1002.4041137695312,-4.3813934037657765,-3.0133376672551773,-2.0271353787776447,0.8536449197665297,-1.1470942534355633,4.850543977967753,-0.4999211003977137,1.52865517436466,-0.9858099168461072,-0.8262021526761334
10.0,46.0,1002.1859130859376,-4.105515056852119,-3.0087597051720616,-2.161637549076359,0.5206956944558456,-1.3967037688313608,4.764965513701414,-0.6194379019659237,1.290714345161792,-0.8577431461953271,-1.0694784265811657
10.0,46.0,1002.9437255859376,-4.522406728863994,-3.0997741693115897,-1.823969778373335,0.9416962182263742,-1.3141909245633214,4.8481638885669405,-0.3933921533750171,1.526368193006208,-0.9023298516263552,-1.1553918954718712
10.0,46.0,1004.1403198242188,-4.600401067788398,-2.86481205685443,-1.538886188273266,0.9035994758875444,-1.0651914067737165,4.911657085682792,-0.2583363505989364,1.5280797211528707,-1.0589976530674572,-0.9693336520388254
10.0,46.0,1002.5992431640624,-4.481598994761405,-3.1183794197137047,-1.870947865108699,0.7065948656782659,-1.2031897590626506,4.756900410410477,-0.5533204520312465,1.4378430065928445,-1.0399111510114074,-0.7805182906071444
10.0,46.0,1002.2085571289062,-4.114081944496699,-2.763260122031741,-1.816517798738411,0.9338094370483364,-1.0969436919050954,4.810131744576934,-0.5684364470569676,1.6177060901939069,-1.0127523139179695,-1.0234474719371225
10.0,46.0,1005.6730346679688,-4.393072897656957,-2.6731975708963875,-2.041887442677952,0.5196895173242897,-1.5950574744884791,4.594531453339215,-0.6454686452314542,1.757421630366844,-0.925466717638078,-0.9079556000335468
10.0,46.0,1001.8512573242188,-4.298885607354116,-3.129292533544972,-2.081159785527709,0.5815323109987292,-1.599596294606485,4.802463536475848,-0.3746390846518892,1.2605689266362576,-0.8302347237743728,-1.4132753460460727
10.0,46.0,1002.3360595703124,-4.594398155346449,-2.886125552065004,-1.7789818049761932,0.8598508621383623,-1.4663704085200375,4.690540279304345,-0.3729280673449464,1.5078180538089745,-0.8069780605000805,-1.029425303130428
10.0,46.0,1003.294921875,-4.544598557795986,-2.925162271013756,-2.054049258824171,0.4319490270150812,-1.5155632983866123,4.926866220586598,-0.512375425332567,1.3357768832828976,-0.7018260337581799,-1.2113386041615075
10.0,46.0,1003.4480590820312,-4.528213719140052,-3.114080256080607,-1.897017574038056,0.8738871483387332,-1.1903472976144096,4.866683119191071,-0.3996800891761118,1.4105125650984398,-1.0938042459027182,-1.1625868266264154
10.0,46.0,1001.9896240234376,-4.315509424069778,-2.5633337297301204,-1.903430889857674,0.5671085215705327,-1.509240141730754,4.893984844186679,-0.5580835736943532,1.57461299343257,-0.7830837718743657,-1.0527187682081758
10.0,46.0,1003.2783813476562,-4.333243425515168,-2.701965855506429,-1.7655691045830206,0.7590638715432716,-1.435667707397453,4.871671933031788,-0.7382695389425278,1.6826134120990544,-1.1828113265217106,-0.879677720888262
10.0,46.0,1003.38720703125,-4.165399772203854,-2.7535249394396764,-1.8046903521707307,0.5782748721512103,-1.2683979334728743,4.785723664830089,-0.6702358973946119,1.7693020190635078,-1.0753467438583535,-0.8969702006170754
10.0,46.0,1003.9634399414062,-4.0291815099268895,-3.2719466896357847,-1.740795458092319,0.8066695180255063,-0.9385924991798192,4.87652604327365,-0.7424516029988979,1.414778165440426,-0.9788682357353844,-1.107891100917469
10.0,46.0,1003.9371948242188,-4.489120803403091,-3.002784664312212,-1.8511505380602864,0.8394605757641314,-0.9857702044687472,4.899354638424505,-0.5596120631307251,1.6618718750808616,-1.047697941205033,-0.998856719370707
10.0,46.0,1003.6333618164062,-4.346002940809996,-3.1315846637706457,-1.9798222102524088,0.6217606695933569,-1.489800398451698,4.848486900020273,-0.63193724701949,1.1586072272254402,-1.1322532097329163,-1.1062268251486902
10.0,46.0,1002.2086181640624,-4.164187373822802,-2.842643887044165,-1.8071857448693456,0.4951373642501782,-1.475456473835108,4.903288719698898,-0.5163172009310903,1.5203714858412225,-0.8716422683271148,-1.2726897413458975
10.0,46.0,1002.78076171875,-4.355986633811128,-2.815899218288715,-1.9587905296568664,0.5104381581253028,-1.5798079947479202,4.806300009058607,-0.7793215799707296,1.5781535332756649,-0.8130199851179656,-1.0498940213304016
10.0,46.0,1004.3311767578124,-4.5317099769456455,-3.1935082795979097,-1.7739143853129442,1.0011717094393715,-1.1505779601879291,4.806660931025531,-0.4642129665896179,1.2512759456295717,-1.1226473305360591,-0.8543469165309627
10.0,46.0,1002.7109375,-4.462769391914368,-2.9551169380135107,-1.8373725057977093,0.6968869400335995,-1.2681098175889869,4.9208445069201705,-0.5769090628914961,1.4228368520013257,-0.8567993170773365,-0.9553711442207096
10.0,46.0,1003.389892578125,-4.531944460157335,-3.034698230004937,-1.7322567121496864,0.715071798146532,-0.8764012263767773,4.892387344705092,-0.6281967451726773,1.831588971821424,-1.2819706401474074,-0.7654351520857032
10.0,46.0,1001.3604736328124,-4.062216488660004,-2.849562744440842,-1.928249812126448,0.6190595753583814,-1.0638743558629478,4.850525158911935,-0.616164120132618,1.4298280584264589,-1.0968909513036418,-0.903640323580472
10.0,47.0,1001.6242065429688,-4.113025070396716,-2.942062566614413,-1.8144288254515293,0.6720504763581268,-1.2356028392545215,4.91797875758529,-0.45308160132757,1.6305230040171592,-1.0248841630511802,-1.0770780308791092
10.0,47.0,1001.421875,-4.3038671768031564,-2.9237751290090817,-1.787591979956027,0.7165855895192239,-1.1213935859577528,4.926275653628192,-0.6621545721055142,1.5734216557405558,-0.9964677825789056,-0.9720758320244514
10.0,47.0,1001.7574462890624,-4.188386474312428,-2.897382190804439,-1.8674770289637364,0.7837363600926173,-1.0849460850509105,4.750267672695905,-0.6024048941468942,1.7568384752478563,-1.0063232795501271,-0.9346188730026564
10.0,47.0,1002.2811889648438,-4.072565993164805,-2.890326576286106,-1.6660706893546222,0.9396051875894198,-0.91549768032246,4.895546568076687,-0.4802880901068498,1.6814320547824604,-1.093157064754501,-0.9746885404617966
10.0,47.0,1002.510009765625,-4.235116264660508,-2.843158767439632,-1.954796485648348,0.5107193175609881,-1.4218459787212585,4.728919378611229,-0.3936951584955945,1.5874883674590068,-0.9650990694389848,-0.9606837622388956
10.0,47.0,1002.2532348632812,-4.234984796461064,-3.0926954706656207,-1.9242816524217177,0.5610010875231168,-1.32005187578299,4.947133497625128,-0.5719104441551828,1.5113579417896543,-0.9270287017917492,-1.2914602638405248
10.0,47.0,1001.95849609375,-4.194867042108868,-3.016571954793952,-2.038999974242258,0.5094661487091283,-1.736893285814097,4.88857034418151,-0.5081097942841408,1.3198308948115187,-1.037032891536077,-1.134651063434756
10.0,47.0,1003.1451416015624,-4.195128549381079,-2.8940870723727103,-1.8928378447158416,0.8326182369962645,-0.9330377407191736,4.4704623590781445,-0.5710319258987973,1.4125348664695825,-1.2804592716267311,-0.9025715008972526
10.0,47.0,1004.7351684570312,-4.622237337604203,-2.956354624272351,-1.902825116029228,0.9111432715455408,-1.1279527029901293,4.969394518114861,-0.5980828301376988,1.518618396162469,-1.026302699861918,-1.0105673343285506
10.0,47.0,1003.2125244140624,-4.07974289521551,-2.592135844870359,-1.932582017214795,0.6118721461978875,-1.2335854685146677,4.857752725163834,-0.4456228346569455,1.4315824726738713,-1.096692090723452,-0.9213796930459752
10.0,47.0,1003.59814453125,-3.9891336349772137,-2.750859173317914,-1.9061708132825088,0.340872392130036,-1.1930572373215833,4.532685176160184,-0.3441622657003567,1.4060890863445676,-1.1170625566073866,-0.9298718713169468
10.0,47.0,1002.9515991210938,-4.418635736714414,-2.844655845364612,-1.7400026322564477,0.8996576496551958,-1.0425162302840594,4.982276145932516,-0.4512844117183254,1.484354184670977,-1.1480855042347975,-0.9609521698888744
10.0,47.0,1003.2681884765624,-4.291484578798037,-2.833170794224295,-1.9288049853568847,0.5540156969656662,-1.4167502622204582,4.857901748686791,-0.3202943248189189,1.3932305355933572,-0.8362846446511476,-1.201684565731973
10.0,47.0,1001.9957275390624,-4.533823943144774,-3.03387196132019,-1.7511693805758743,0.8113692661368574,-1.2666945898384316,4.883137213628634,-0.4588034809011274,1.566132675874215,-1.0015691108366376,-1.0461482315117254
10.0,47.0,1003.33740234375,-4.026762430272986,-2.793699744172286,-1.9739189088503009,0.4713328547610809,-1.3154817586170795,4.846390337137512,-0.4010366051388381,1.57095562083542,-0.7606405302650812,-1.0995263800254889
10.0,47.0,1002.596923828125,-4.433401646187,-3.177141697855024,-1.7893120824851638,0.8721546927394197,-1.2343911424317904,4.836082691512601,-0.5187296304196423,1.4945289613429216,-1.1059499761572535,-0.9771765594215056
10.0,47.0,1003.0722045898438,-4.468440178951379,-2.912312714250722,-2.1400435672888185,0.5956642665784431,-1.5109791400355443,4.921508400944827,-0.6259605188671857,1.5001618584053684,-0.9779230474836736,-1.200782011013084
10.0,47.0,1003.6884155273438,-4.32986437111602,-2.9692736792623258,-1.9693906514592987,0.7749844882523647,-0.9483459302881148,4.874919281230703,-0.7331332159109225,1.5865132753410591,-1.0605322142608276,-0.5460463477725668
10.0,47.0,1003.53564453125,-4.581208919936561,-2.866189618252268,-1.9028944559352667,0.6446476809788857,-1.2808069736371204,4.905749837183855,-0.5950789251874431,1.4375727460937968,-0.945670804805924,-1.0863082162516395
10.0,47.0,1002.1808471679688,-4.147095747198013,-2.764236121480577,-2.1601526838058667,0.7599887419668141,-1.3276502285699427,4.940350192426097,-0.5332550470244639,1.4253697979995126,-0.8093485924484574,-1.120190464679963
10.0,47.0,1002.2344360351562,-4.354074165703113,-2.979196234816326,-2.0872684964814825,0.5266066321251373,-1.419947277274081,4.859426712075226,-0.5821141816119129,1.191979866293412,-0.8102013121933966,-1.131331601393073
10.0,47.0,1003.803955078125,-4.536681630872828,-3.172613604942994,-2.0308456109190383,0.7842957559950516,-1.215641391286705,4.719198679642071,-0.4306493218579739,1.2855307143028245,-0.8635840090201423,-1.1482218093015115
10.0,47.0,1002.0154418945312,-4.372438482216436,-2.870786349688688,-1.952359819531141,0.6060679938557243,-1.1415315401431396,4.924324180030492,-0.3969370446371671,1.4342114801360273,-0.8528922973076014,-1.0387867237691948
10.0,47.0,1002.1456909179688,-4.029236342497621,-3.0113472510591883,-2.145820466387436,0.5226609419464143,-1.1523722135979138,4.642309818438635,-0.4713029885733775,1.440955629168304,-0.9953784551297408,-1.2467294023269542
10.0,47.0,1001.2939453125,-4.283228175674696,-2.940638335163124,-2.041134129665095,0.6542703925978266,-1.2756724026817152,4.826041681546178,-0.4331122735327115,1.2981958346487357,-1.057631134721813,-0.9932849463671412
10.0,47.0,1004.5571899414062,-3.930810159395101,-2.887635680981994,-2.077348057825779,0.3344488522200786,-1.2729746894989962,4.683767576903845,-0.6998003342909804,1.3922305998979343,-0.9438258301596624,-0.8759616983925973
10.0,47.0,1003.2692260742188,-4.139065641267247,-3.13842957435362,-1.9386741556462133,0.7806668952702331,-1.3022708721962202,4.820846840040163,-0.7626618134871634,1.5269918380683052,-1.1462499892859022,-1.0618604265798997
10.0,47.0,1002.7152099609376,-4.338057461979546,-2.755056425067643,-1.6842908469058382,0.8037776045987997,-1.327361956319394,4.822908778725223,-0.5813772377768212,1.6685370067275418,-0.8819550118661752,-0.8506704565807786
10.0,47.0,1004.5379638671876,-3.991897906619843,-3.074213482477372,-2.139409817670193,0.6142866726804943,-1.3884641207665425,4.515076761032711,-0.3628269956857055,1.4890878767006308,-0.8238683084963219,-1.013316612750816
10.0,47.0,1001.48681640625,-4.406394329643272,-2.904983412471139,-1.8377926482891416,0.8338814185384011,-1.260999714808574,4.895314303769027,-0.4122225438118923,1.74549689335805,-1.0090488193136289,-0.8016421783907246
10.0,47.0,1002.8148193359376,-4.2766177247737565,-2.869428384188742,-1.9019656313905515,0.555101415529494,-1.4992740829684292,4.955536128235298,-0.341266845164661,1.4094006436421358,-0.6996149686290085,-1.277984511531849
10.0,47.0,1002.1680908203124,-4.0753661908074825,-2.840130497850623,-1.8788939792238724,0.5879584830693894,-1.416643908528986,4.867711840099481,-0.5252515011186993,1.613026624161873,-0.9121276903590204,-1.130524851764985
10.0,47.0,1001.2511596679688,-4.172174687038563,-2.980284676722839,-2.024305438392646,0.5659057335954341,-1.4073818525478083,4.7448885263687774,-0.7116048880911068,1.4649617317191774,-1.0016190424775315,-0.994405913128558
10.0,47.0,1002.7279052734376,-4.568232809670419,-3.031850481098166,-1.859614749766804,0.9775694981253916,-1.165287210523121,4.684472501282649,-0.4318110010131279,1.5533853438081362,-1.0548366592946423,-0.7983081148172069
10.0,47.0,1003.5546264648438,-3.88271233964116,-3.00187014768911,-1.5195028315573804,0.7601032990971204,-0.953053330510345,4.839970003640918,-0.8328539706157638,1.911859125972267,-1.2522431060704902,-0.9313228272501136
10.0,47.0,1005.5918579101562,-4.0416465749877775,-2.759292893194796,-1.819183304421586,0.4745909132079333,-1.5928434312326534,4.865345872279608,-0.5744481978247764,1.6054089065530608,-0.9193318326421068,-0.869955674337552
10.0,47.0,1003.5283813476562,-4.335795556477735,-3.0917399749622536,-2.0130962891267408,0.8122304436247063,-1.1606413179963453,4.773637174402582,-0.4665076412029885,1.103011938256647,-0.985808698953888,-1.121839197010024
10.0,47.0,1003.1677856445312,-4.697036761131951,-3.1340410710171622,-2.0302056239635013,0.7832481216442897,-1.202062486230599,4.815456464719057,-0.3544026221333958,1.3105982780762462,-1.2061719322375226,-0.9084013870833144
10.0,47.0,1001.7991943359376,-4.136446969780028,-2.920286429866093,-2.0259399471461603,0.7044018647163943,-1.462523837263427,4.821523635545962,-0.4557229818209558,1.2784373800643145,-0.8702582573672561,-1.1638563589447908
10.0,47.0,1004.544677734375,-3.7958855412972894,-2.895608450135506,-2.260164908390238,0.695958524334177,-1.4813760501934614,4.802815141471466,-0.4888390583429816,1.4705181865419314,-0.8012849763663024,-1.3534800757213383
10.0,47.0,1002.3043212890624,-4.388103138185906,-2.7744632269461174,-1.995971974939472,0.67827026357031,-1.239066301765237,4.864163883401311,-0.5436029541446983,1.6712263130240324,-0.7596803277028137,-0.95169681628059
10.0,47.0,1004.74267578125,-3.9082684971850936,-2.703408737561793,-2.189265906009924,0.3952240388687622,-1.7483642532687855,4.865386754913011,-0.3714423144414054,1.297759884104572,-0.9026781938099332,-1.4366920325099524
10.0,47.0,1005.23828125,-4.341417763602705,-2.887716505780617,-1.7306156569372466,1.0040130049267493,-1.1872254455521194,4.6757513621190245,-0.6150356862579311,1.396435625053596,-1.0392108583037492,-0.77098094849869
10.0,47.0,1001.7398681640624,-4.343610968925377,-2.8957430191334383,-1.8233336972290128,0.7322478333289713,-1.2272990220060964,4.9905824722008845,-0.4067707933999207,1.6148276576287852,-0.7794004623780477,-1.007316105928652
10.0,47.0,1001.7756958007812,-4.419043850424926,-2.8528334103048723,-1.713501835733834,0.6134433813525542,-1.0587057269425082,4.928946172357415,-0.6017558208705847,1.7786629169549233,-0.9898817698665444,-0.908500747877632
10.0,47.0,1001.701904296875,-4.33262603665729,-2.9922072145568293,-2.1045149653883106,0.6259975646637637,-1.3954543741161003,4.785611424511391,-0.5823149039703193,1.2987811994515202,-1.069491062387348,-0.9641156825359588
10.0,47.0,1003.4759521484376,-4.181114333707687,-2.566098894250022,-2.0248196474113733,0.4325593722535519,-1.4639864183614044,4.989718710908491,-0.4894910118733833,1.5792773567781593,-0.8768852670657541,-1.209835228740372
10.0,47.0,1004.2230834960938,-4.417727344274248,-3.0742748551732126,-1.8237117618822296,0.597491735121146,-1.1933644686234448,4.461535720393094,-0.4308971990184842,1.412281981474233,-0.9521502735994288,-1.000811658752073
10.0,47.0,1002.7590942382812,-4.348239467728862,-2.703024073840857,-1.9348932593262915,0.782973054100168,-1.3790938268384902,4.87574982061984,-0.3234221363516267,1.6454404808795218,-0.8796921190779816,-1.1785467233371172
10.0,47.0,1003.8335571289062,-3.96823999039701,-2.8077734125849183,-1.7791038786737765,0.6020599395931745,-1.2992163412640665,4.794313294321293,-0.7031342727478309,1.571892814680945,-0.7767373592562867,-1.011470729101621
10.0,48.0,1001.7652587890624,-4.250069681450384,-3.01276305652771,-1.9299332716253308,0.710933640356278,-1.1823979834554006,4.904951796688483,-0.5083557273319936,1.3666518393197,-1.0500720990837027,-1.0122811985092084
10.0,48.0,1002.1986694335938,-4.34159653556388,-3.011600911129687,-1.8394255060989224,0.6420570127696905,-1.3653244678870342,4.882217738028109,-0.6673239786734619,1.534507052139772,-1.0673565123397275,-0.9056822858500996
10.0,48.0,1002.4003295898438,-4.359365371662516,-3.008019817924048,-1.889842968394721,0.7959119292812993,-1.2791054525877217,4.985615303600117,-0.6663180355561202,1.8306870731959624,-1.022189963722269,-0.943830677222044
10.0,48.0,1002.2176513671876,-4.103895872936185,-2.875370768884239,-2.123749385427608,0.6852466275728064,-1.1180413864769467,4.763253630482701,-0.4346432123029062,1.29752238085909,-0.872119267291227,-1.110317578008491
10.0,48.0,1002.324951171875,-4.33985869834105,-3.172127566891844,-1.795903828105426,0.7374598827799952,-1.3089093937761491,4.712490267302918,-0.6358553878868705,1.5624435011241689,-1.1910790611470796,-0.935704573298228
10.0,48.0,1003.2323608398438,-4.104929019003821,-2.966118156012553,-1.8456773170406613,0.4184873466843664,-1.4383448956940867,4.924470915237917,-0.4362221664899595,1.3351397692788964,-0.8350391713689085,-1.2176110428126226
10.0,48.0,1003.4256591796876,-4.586013041514415,-3.0783364796325667,-2.200446181474841,0.4710364333393411,-1.3533400135104865,4.893912166481165,-0.5851180293012632,1.3146276735655764,-1.0053809558183673,-1.0819730164469448
10.0,48.0,1001.9277954101562,-4.3484410326584335,-3.0524215980441984,-1.8410589547507887,0.7615944143866855,-1.2658601823683235,4.887444971077059,-0.5243972196214122,1.4790972215947995,-0.8576732702803964,-1.0920047053955813
10.0,48.0,1002.8787841796876,-4.29892488177007,-2.760145260630521,-1.610047615598166,0.8151866178890455,-1.2655392344120149,4.926473762648175,-0.4454165788186834,1.79964483880227,-0.9856361219778592,-1.0492173986264008
10.0,48.0,1002.2557983398438,-4.081197342371593,-2.999977780402741,-1.7031653488736085,1.077006180245064,-0.8881617731339002,4.773123267670034,-0.6251655592997158,1.6784250093577624,-1.2010206793078613,-0.7934860350551691
10.0,48.0,1002.2485961914062,-3.786764705771522,-2.8476827448076403,-2.1324117345713804,0.6569253336870116,-1.2033672220881693,4.741818015395143,-0.7110029531881104,1.6041303111942726,-0.9629792975653392,-1.0628729994891637
10.0,48.0,1001.9331665039062,-4.207964036014896,-3.080846819897117,-1.8975421399544168,0.5507059813242616,-1.3217015968859762,4.794094451116145,-0.669368578411337,1.2925984288585903,-1.0601866662840242,-1.0517040268915592
10.0,48.0,1001.3923950195312,-4.24340891294875,-2.752773340798224,-1.9331170757085208,0.5949913341283262,-1.3517163839778168,4.9882793890716375,-0.4737905290834128,1.2860401003842528,-1.0191774230401007,-1.0914048728327543
10.0,48.0,1004.2036743164062,-4.288027013845579,-3.0228922385204138,-2.1461014581522377,0.4020116477475968,-1.3221630252214296,4.935636003755935,-0.7360450032810952,1.3331064909075527,-0.9313202392344831,-0.8508856283212838
10.0,48.0,1001.7404174804688,-4.200747782100037,-2.988164757354371,-1.93273030888082,0.8521790722870923,-1.4085744400175688,4.876339783615858,-0.5694911263688383,1.5468252666544444,-0.99419944180105,-1.004976228308665
10.0,48.0,1003.9381713867188,-4.485456818519669,-2.973833525820528,-1.881810959673152,0.9671702610647196,-1.133739204622998,4.968371618407836,-0.4699561324840671,1.23929699554113,-0.8969393754450019,-1.0631225633678103
10.0,48.0,1003.4899291992188,-4.492795277994318,-2.754954921905038,-1.591929464511706,0.688905159235528,-1.1085201636830615,4.969432636840368,-0.6334223481975112,1.7295042210421745,-1.2194585997533096,-0.8354938891912784
10.0,48.0,1003.3416137695312,-4.016091026661884,-3.014915138853434,-1.959227396078937,0.5785716360682134,-1.375113063270057,4.797262806756953,-0.7112055359093041,1.513948490913002,-0.8899324745250228,-1.0650659505502578
10.0,48.0,1003.1089477539062,-4.101353562459,-2.827210793237003,-2.144102724654296,0.5660412328778532,-1.4383444982531417,4.799708886789503,-0.5201672800466142,1.3237406004692025,-1.044517360418253,-1.0147555454461985
10.0,48.0,1002.6434936523438,-4.451933896593592,-2.717628058340978,-1.6930652488806333,0.8162750445056011,-1.2118584431946815,4.946459137758804,-0.5873188236242379,1.748058574817045,-1.007873641412032,-0.976401157560468
10.0,48.0,1001.9436645507812,-4.140047619254156,-2.6455973428793333,-1.947016826889577,0.5079008493233692,-1.379795344762881,4.982130307560862,-0.5723897766037842,1.5832998461343577,-1.0056387709596502,-1.029908140828817
10.0,48.0,1002.56787109375,-4.265436779186679,-2.755004803830778,-2.1281259736669456,0.5316747775963906,-1.530094094102889,4.961203285691926,-0.4328027646892689,1.3395759560474874,-0.9546453493269986,-1.0973140481532635
10.0,48.0,1001.5110473632812,-4.160403058343304,-2.901508516104588,-2.045248672723932,0.5420635905921509,-1.296305140862673,4.877024496638056,-0.5202319006353555,1.42693634085391,-0.9234808406950572,-1.025868922429157
10.0,48.0,1001.8386840820312,-4.313522250653214,-3.0937046892371485,-1.924907823971807,0.4880417728831867,-1.260964531969464,4.799955848304592,-0.5776040575169024,1.3594118402307984,-1.12819576134088,-0.9331073282385952
10.0,48.0,1002.8988037109376,-4.374577759792803,-2.854871130707924,-1.8678762495140413,0.7822519358286986,-0.8021162574037746,4.936616617903923,-0.5094098522313404,1.57108416362754,-1.1482621010569083,-0.9190079930270354
10.0,48.0,1003.247802734375,-3.962528593087028,-2.5764474646748496,-1.998639670691832,0.3307656260737435,-1.7935834506405095,4.964164500373105,-0.5139630096854546,1.5888379781620596,-0.6529685352336569,-1.2919652990243513
10.0,48.0,1002.2567138671876,-4.155400906521767,-2.860075484510199,-1.7487257509098573,0.8133143211577831,-0.9264229763492065,4.93145038959751,-0.5897100391373513,1.94073427108576,-1.1424058816202232,-0.7652354499558642
10.0,48.0,1002.3484497070312,-4.336430362058113,-2.974248178751133,-1.8486889717928623,0.6190949022559042,-1.4140433277654614,4.929494055682978,-0.6402565644110023,1.7658632363311044,-0.8764487027884424,-0.9406664387859784
10.0,48.0,1001.6791381835938,-4.13192232987247,-2.8930918783374304,-1.934192104180448,0.700234678723854,-1.3334882063038045,4.886737047769934,-0.4896771856978343,1.6267777548925704,-0.913129079352343,-1.0818556885750734
10.0,48.0,1002.0602416992188,-4.275600514069548,-2.837737038488121,-1.9714532870211232,0.5740159672226666,-1.4771290863694126,4.819387738320231,-0.4426757680306918,1.334260894948928,-0.8210636759055676,-1.0743716388881652
10.0,48.0,1002.2488403320312,-4.076572464456556,-2.832905244282641,-1.8463154489148428,0.5947963893958432,-1.6275592946247568,4.9518525105622295,-0.423661435158075,1.4034968977584574,-0.8634342886210362,-1.271150478713177
10.0,48.0,1002.8298950195312,-4.032716367243877,-2.924160496890597,-1.890410104814154,0.7919659404443946,-1.2576560935890484,4.743966895958147,-0.5244617750023011,1.4948864822276953,-1.1654626212273729,-0.832799513276341
10.0,48.0,1003.4846801757812,-4.543386213510231,-2.9911262223234494,-1.7950155599572408,0.6584824022297076,-1.408343871184485,4.96357478123223,-0.2625723960075561,1.4914836836918155,-0.863877051840606,-1.0904925756188
10.0,48.0,1002.1787109375,-4.373814887563174,-2.9893660335852976,-2.098699271405019,0.6574306536499321,-1.352350571614627,4.955687320282044,-0.4890307418077908,1.256918434858724,-1.0267527503280958,-0.9629620079224734
10.0,48.0,1002.5914306640624,-4.54077220845991,-2.9368509014874453,-1.8133023082371191,0.7137955063265462,-1.1044053998452332,4.96582095041483,-0.3938737964202241,1.532186566378372,-1.1330049048303144,-0.9033599186808344
10.0,48.0,1001.8207397460938,-4.365542724582789,-2.975692444257117,-1.8091588625274675,0.7578329727774218,-1.3315744430873733,4.950691179504558,-0.3756783266102594,1.4596461609377718,-0.9033744519451812,-1.1954157189032917
10.0,48.0,1002.7220458984376,-4.324748035967475,-3.0189737706814923,-1.8611284886753208,0.5096664537000528,-1.587327731091281,4.874125955880025,-0.4415978608016679,1.5195666460538595,-0.9570430252269572,-1.2125232969123243
10.0,48.0,1001.87451171875,-4.332523376447972,-3.0270820965763123,-1.8561960223486127,0.7185893821289024,-1.2763201372805115,4.923570185055084,-0.3364644211062995,1.5319210872214484,-0.8191425223274695,-1.1353196434704191
10.0,48.0,1003.7955322265624,-4.052143309093023,-3.0085455719099228,-1.9167049722342688,0.6575940723593483,-1.2195683200365073,4.558460273125549,-0.3978388118201392,1.2744059773843022,-0.9466887967202612,-0.915979030012803
10.0,48.0,1003.3109130859376,-4.335279549312494,-3.051057249976725,-1.9808392698269133,0.371665568689413,-1.4106298831976662,4.890281768740877,-0.5250460637936047,1.3397446947435476,-0.7543646690166046,-1.0664562107449065
10.0,48.0,1003.1529541015624,-4.503978450151162,-3.1702384865060207,-1.8105342369504536,0.8570552227318391,-1.2346690784318295,4.813902704507985,-0.3222563833694014,1.379255076728593,-1.0381679885115114,-1.012109060708954
10.0,48.0,1004.88525390625,-4.175816460771792,-3.129699885631356,-1.965466308620773,0.6933869642704007,-1.4990403822955978,4.397315760395651,-0.375513031974541,1.3299700332162043,-1.0532942552601106,-0.9958038460582116
10.0,48.0,1002.1029663085938,-4.393638627423269,-2.9219261094677025,-1.6777101824772442,1.0477325759544058,-1.1177232420613177,4.939114177403591,-0.368244725666182,1.678040896081832,-1.0481776611963125,-0.9440840661837376
10.0,48.0,1002.8763427734376,-3.976412892667121,-2.7876793860231857,-1.9184236756489497,0.7898344955224568,-1.1074848777995228,4.866393460841664,-0.4756146920420754,1.6285163558570537,-0.9623985447028548,-0.9580884143581088
10.0,48.0,1002.85400390625,-4.263259456490577,-2.848093338222873,-1.7265306560407652,0.9008607108358512,-1.242099365436395,4.952964058165948,-0.3064109906237275,1.8045498693130344,-1.175716179696419,-1.0267829622768088
10.0,48.0,1002.6464233398438,-4.19517087159591,-2.96524279607689,-1.984769813918892,0.8374613223544367,-1.3539523380727845,4.534191874908062,-0.4922374267075984,1.5421623688518125,-0.966394043170439,-0.9892270221780723
10.0,48.0,1004.5802612304688,-4.396258510436137,-3.0080631685403247,-1.7735275677951474,0.3270169930924176,-1.3553797769328877,4.976275492122312,-0.4319063028446521,1.3849447350245647,-1.2586329853682492,-1.0562869044958174
10.0,48.0,1001.9800415039062,-4.464696148719993,-3.0944342255126984,-1.904729298212045,0.9332489373960512,-1.1986084239290091,4.679995149882743,-0.4399368539092041,1.482039947817495,-1.0759552136655364,-0.8616405663049145
10.0,48.0,1002.0648193359376,-4.274795804744739,-2.955454740801824,-1.9334496246978112,0.6902755732309096,-1.4234939689823016,4.652569785359837,-0.4998384673733529,1.5941295541269902,-1.000125985718218,-1.042989279228009
10.0,48.0,1001.83447265625,-4.224188232442277,-2.8799106576889244,-1.7718302632124865,0.7040243233859229,-1.2808127747359772,4.879244692852726,-0.526227633654198,1.3674964242865144,-1.1586817943993366,-1.0195320698994823
10.0,49.0,1001.3485107421876,-4.610177944931076,-2.997599743633846,-1.9932050374822856,0.7909564871012815,-1.41385885343845,4.939434088615945,-0.3270752980490297,1.446099585940349,-0.8253489817640407,-1.0466283857946972
10.0,49.0,1003.6824951171876,-4.14982054853801,-3.0590075595314925,-2.064145586974217,0.6680034131918164,-1.6984031589484534,4.686440131330613,-0.4465117079042366,1.3660800863459368,-0.8171080826971178,-1.1981881335623958
10.0,49.0,1001.8963623046876,-4.029586999081095,-2.967164424630456,-1.9927283159066715,0.5255138978099607,-1.146118080416525,4.664499568791239,-0.8100983207115284,1.391451208672919,-1.0483201878642356,-1.000373273282552
10.0,49.0,1003.3426513671876,-4.21598769709669,-2.9423710394769733,-2.0533267693180086,0.5694043243279392,-1.663563884707397,4.917457936769074,-0.4039447972799452,1.3409851665492356,-0.9058517124015006,-1.1104661521359582
10.0,49.0,1001.3604125976562,-4.243430018099626,-2.8901769763007987,-1.987456563974548,0.571311090559651,-1.322791075328153,4.91000533889617,-0.531729842274844,1.5346851041447511,-0.9230283762120362,-1.0731296773208476
10.0,49.0,1001.83837890625,-4.3872190151853445,-2.991132167722503,-1.7254757561201792,0.828194083855804,-1.2671628756084328,4.900353143006162,-0.5440813007549767,1.5690918699054244,-0.9710583092026556,-1.0170428210791993
10.0,49.0,1002.7242431640624,-4.47774130456231,-2.840980548891326,-1.9543397899841124,0.6613614903108322,-1.5729730200605374,4.879600296587261,-0.537503519591521,1.478088564621551,-1.1205689095172753,-0.9903828450882984
10.0,49.0,1004.0313110351562,-4.135900465685845,-2.884635854413251,-2.29393106162541,0.2515465849772997,-1.6628110390461108,4.766398579208749,-0.6432799750794347,1.3364179232775673,-0.9071749275427664,-1.105856972483278
10.0,49.0,1002.49755859375,-4.308663676303093,-3.1255166359325783,-2.0161041361649827,0.5087518808838869,-1.4674180276775388,4.748952467875688,-0.6635410388076322,1.3373587957547386,-0.9164605187159562,-1.1713936800724154
10.0,49.0,1002.0347900390624,-4.116600211988446,-3.167055116513721,-1.9693416769244163,0.720694103430616,-1.0793593742466363,4.774263123857988,-0.6316028709997461,1.4882394473997476,-1.0717749076375245,-0.9755001582100516
10.0,49.0,1001.5037231445312,-4.431090043606974,-3.0756700881831662,-1.867679039927185,0.7547780534197877,-1.3257858064366743,4.784044641439111,-0.4495032218677872,1.3851266282348362,-1.0296743448567818,-1.0911373361972054
10.0,49.0,1002.0374145507812,-4.355437864290026,-3.010964262181505,-2.0218214111885007,0.8755776455044835,-1.3623648765147278,4.813408144078053,-0.4061392918455961,1.3480166652640602,-0.8822906637376962,-1.2410301166613902
10.0,49.0,1001.6815795898438,-4.194458447626214,-2.7473690457298257,-1.8712488285443023,0.4654238962247259,-1.489720338258392,4.998113575236364,-0.5303086293873953,1.3654413834319854,-1.0247748045058684,-1.0109819766763497
10.0,49.0,1001.551025390625,-4.424814232743281,-2.8492930295912027,-1.7007139461319731,0.7996214961091388,-1.1995212804770312,4.989534603214851,-0.4492493545037073,1.593726404247617,-1.0981431380751738,-0.8336307595687567
10.0,49.0,1002.6621704101562,-4.0368298721035885,-2.790854569268644,-1.8044734061310128,0.6322193067119972,-1.1250336986068614,4.929739272719514,-0.7846064084358941,1.5252965870789357,-1.157832672044301,-0.9390177705539182
10.0,49.0,1001.168701171875,-3.895032881380465,-3.0214158113687555,-2.1009306901396485,0.5849283787903321,-1.156670996446013,4.710003249461629,-0.5862720814138287,1.320399439818808,-0.8604992322316294,-1.1675855692358752
10.0,49.0,1002.6815185546876,-4.0328670946840175,-2.9381859706720097,-1.9323955582032328,0.8664426843325543,-1.163741043974977,4.722952855147756,-0.6934457057431569,1.5772618179025013,-1.1754485352492954,-0.990822337509906
10.0,49.0,1001.8212890625,-4.343510523575905,-2.880377114802491,-1.871894235332913,0.7820218324215622,-1.3082434057532135,4.838251992748788,-0.5951708287774329,1.4581171482906372,-1.0253387059495256,-0.95020582377781
10.0,49.0,1002.4883422851562,-4.307525894136455,-2.8482820556783017,-1.901540124607373,0.473987950385041,-1.2958547871660735,4.920769818173202,-0.5545293468497485,1.3193279339032484,-0.9123136460709568,-1.0383687923263207
10.0,49.0,1001.990234375,-4.469091391789874,-3.088060176731524,-1.899411811738068,0.7477863488717862,-1.1791867622852896,4.801905556871889,-0.4268383509050641,1.4332804991819916,-1.1301604937160947,-0.9804906806035908
10.0,49.0,1002.6212768554688,-4.158835081533946,-3.055384171720351,-2.0486490192915885,0.6661386646653247,-1.4641785945674737,4.895044105015252,-0.3369524210443426,1.4089362550702962,-0.777390668535789,-1.140086059608933
10.0,49.0,1001.6636352539062,-4.103124703810403,-3.007916984752056,-1.855172518322289,0.7255419699105214,-1.2929388365931875,4.79345056047158,-0.6082492650326774,1.3998010510174543,-1.0541654489084746,-0.9875086984672824
10.0,49.0,1003.6787109375,-4.273268972410756,-3.1088055535855013,-1.9891205114260693,0.5284932807735423,-1.111605801041398,4.955943044996287,-0.4960400474928903,1.236343812034825,-1.1113514890817129,-0.9933519030043244
10.0,49.0,1002.5381469726562,-4.204136307420493,-3.183276639030832,-1.894597370722738,0.757583474980982,-1.1574610164218848,4.723269500314451,-0.5394476296472925,1.5554978612950556,-1.064175050052039,-0.8942935631911277
10.0,49.0,1003.0220947265624,-4.349727405813967,-2.804092615548483,-2.223986809031328,0.4999254764538294,-1.3736527842165014,4.976381798219766,-0.5142253502176652,1.4149454318089871,-0.8007805514210222,-1.0698250969138128
10.0,49.0,1001.6708374023438,-4.314263065360518,-2.9107253597822096,-2.0742684132082214,0.569817014484074,-1.1137172130686237,4.79884919799429,-0.4703958140263298,1.3204737145267451,-1.0500684691065447,-0.8468714680911908
10.0,49.0,1002.8543090820312,-4.463037672733774,-2.948937325741197,-2.062637505020603,0.4093693535447471,-1.5478712549606066,4.900133478433714,-0.6811718635023194,1.380872953681683,-0.935730361290263,-1.0608443473464764
10.0,49.0,1002.96484375,-3.94235584418534,-2.85049590090733,-2.171105600672714,0.511165109392592,-1.565010613483398,4.9021689550004055,-0.5124583554065572,1.44290832353109,-0.8061175803641509,-1.1224237646857165
10.0,49.0,1001.7444458007812,-4.06696311326413,-2.8313499818036054,-1.9665492482481688,0.6021045457362568,-1.3505149250938366,4.932961946831872,-0.6234551772099532,1.5239988731833858,-0.9598927895512404,-0.9845086217422114
10.0,49.0,1003.4512939453124,-4.080276127466097,-2.8175705299987044,-2.084407954880984,0.4908958585965814,-1.5851607274614468,4.8279203693788695,-0.5299323564413347,1.343986336608113,-0.9354904706880688,-1.073213145890597
10.0,49.0,1003.4539794921876,-3.987185792359257,-2.962212643963181,-2.1262444841699457,0.6097978047182853,-1.399626113389791,4.586463817127417,-0.5116005145267799,1.269411176010876,-0.8628143561383013,-1.1429022596951688
10.0,49.0,1001.3165893554688,-4.301780323335361,-2.87950713321328,-2.03490301950445,0.5907074068830509,-1.5329837250642546,4.898071422458994,-0.5570677062814227,1.3563978094777775,-0.8323700531194262,-1.1544778828860889
10.0,49.0,1002.8317260742188,-4.156815427035062,-2.920478149683764,-1.9906018547039368,0.6004064490839278,-1.440477937141126,4.801233295474571,-0.5530668873652802,1.5106533951844892,-0.8678918237206998,-1.010572540157593
10.0,49.0,1002.7523803710938,-4.399559085625961,-3.009577990127111,-1.9645309405788725,0.6566558385695771,-1.2498850724039383,4.955313858498993,-0.5260515454933916,1.2978174548702146,-1.0241569445780438,-1.0446097565511936
10.0,49.0,1002.3479614257812,-4.084575522311587,-3.074466636758582,-1.8240610478118624,0.7599557360390303,-1.332323087846452,4.797317273636732,-0.4418777353331053,1.5251180798070374,-1.0983611415262478,-1.223634631350237
10.0,49.0,1002.454833984375,-4.164008558901923,-3.029641363088881,-1.9361477310374384,0.6256173891726222,-1.641486031685532,4.846729749835278,-0.4689979792213403,1.318332861352589,-0.935159551872415,-1.082205005456483
10.0,49.0,1000.860595703125,-4.221139972666849,-2.940379374454304,-1.98546147259934,0.569471267989961,-1.3304306707829383,4.805501722517198,-0.5803461587963721,1.4312136809114335,-1.0826021989322945,-0.9556579935709504
10.0,49.0,1001.6173095703124,-4.222750852226477,-2.934444461134674,-2.0552703229586644,0.6679103122750396,-1.304679544003963,4.981596083463934,-0.378732987595888,1.2296256599741442,-0.873325039099246,-1.108115937941343
10.0,49.0,1003.8705444335938,-4.108231358805783,-2.824213416146107,-2.200252569275083,0.5577547808752028,-1.7050399417813775,4.796815824128696,-0.5179290825099798,1.2565328747798867,-1.0845518390519855,-1.2745096028409546
10.0,49.0,1003.1212768554688,-4.212944310534096,-2.896153005624224,-1.7943781926476277,0.7329780425259198,-1.0626215897634337,4.92571756677091,-0.7792230510569702,1.4527437229654314,-1.1579947017983194,-0.8753284047689531
10.0,49.0,1002.7030029296876,-4.254773586227681,-2.8480352321555875,-2.0243950642502453,0.6597519872974953,-1.5180131320689867,4.901342725021369,-0.6076505425770709,1.4286757416635387,-1.0288811511978793,-1.1965506200910676
10.0,49.0,1002.10546875,-4.423416301485302,-3.080548360306411,-1.8946479459301104,0.8966335801921037,-1.1193981191287978,4.703962396136529,-0.5772636403199458,1.4399954250736302,-1.2279412585871672,-0.891532689436465
10.0,49.0,1002.4434814453124,-4.217408852164378,-2.962877534118325,-2.051058028643439,0.322254321238038,-1.5310214289417452,4.940942610772577,-0.395490025498777,1.247861575041842,-0.8428921860795375,-1.4023476509297446
10.0,49.0,1002.554443359375,-4.4257240702568055,-2.8534815629990447,-1.7921926204206895,0.7032652597918858,-1.5084755917948134,4.950863234288139,-0.3641458043211862,1.5570289809970772,-0.9693830445467216,-1.0582323904007556
10.0,49.0,1002.687255859375,-4.203838273485196,-3.0025246794913496,-1.9827110215680424,0.7995211134118918,-1.308477871089848,4.760967870547137,-0.346895356607356,1.3473410005003892,-1.057854472378236,-0.9839189456122756
10.0,49.0,1002.3389892578124,-4.233871106736712,-2.8234538810818046,-2.0348135683020603,0.6101737987972999,-1.5464622584785506,4.772286309582569,-0.5379811615145949,1.263245622894008,-0.9766994189038768,-1.2001451232315
10.0,49.0,1002.388916015625,-4.131909827742777,-2.764142865922698,-1.892749031682192,0.7138061623891536,-1.3839933654644223,4.846369975151006,-0.4010484488478516,1.3136067340320672,-1.0449057323200923,-1.0536995275311414
10.0,49.0,1001.6288452148438,-4.291988543405325,-2.962089614178637,-1.7759770952096616,0.8162532814574162,-1.372665547606113,4.755283787224864,-0.4719093826156282,1.602755203660443,-1.0175958460288848,-0.9642457748683722
10.0,49.0,1001.7200927734376,-4.275265491233877,-2.9124941514543776,-1.815981969430462,0.7458765615007454,-1.3183242092455112,4.963807020919887,-0.465593706153002,1.672970865908205,-0.8647112626599709,-1.076562765728204
10.0,49.0,1002.2799682617188,-4.282708715557282,-2.787063700830441,-1.8495792892836893,0.5178930812464433,-1.462039168584675,4.956351670574499,-0.5178246964519531,1.4307555740850244,-0.7255073899499882,-1.2527785865951788
10.0,50.0,1001.0076904296876,-4.196053626141786,-2.9507748042329043,-1.9891497069119224,0.7007259371905921,-1.255557618289716,4.867050295503272,-0.5859388533272609,1.4690809971865812,-0.9282389035051342,-1.0672874820735787
10.0,50.0,1002.504638671875,-4.363920524008427,-2.992249479951804,-1.9142552289554904,0.5227458127516034,-1.2458458117445343,4.916955149753086,-0.6076228307018932,1.4028963401209316,-1.028911463536082,-0.8618207442532766
10.0,50.0,1002.425537109375,-4.093016986656238,-2.91626318811435,-1.8586809882149868,0.8122603865435014,-1.291318600325912,4.9334691697204445,-0.4742952626318928,1.351942988014673,-0.9586517706604338,-1.1578126849130617
10.0,50.0,1003.283935546875,-4.311598175706751,-3.126573765188838,-1.9320582836698263,0.7456159514790368,-1.2187218167583391,4.687956485585612,-0.5560846310896377,1.4434718054369364,-1.0615609953276368,-0.8519833959488547
10.0,50.0,1001.4456176757812,-3.9227286441448994,-2.857894997941656,-1.8824090875964687,0.6366073360618953,-1.0767691798207757,4.815136705515277,-0.5419026867157024,1.5146512523980924,-0.9581251813617548,-0.9594864660363952
10.0,50.0,1002.1556396484376,-4.008326031721335,-2.954619637094484,-1.9683223181391805,0.5846527668217751,-1.2249503611109636,4.928109265966283,-0.6114160723469091,1.3028700248790157,-1.0032469597411664,-1.0940623150917057
10.0,50.0,1001.6437377929688,-4.391254498346802,-2.880382344611016,-1.7656564023342227,0.8198431124456338,-1.1257201758629545,4.832434151918768,-0.4712472771460305,1.5253573147668753,-1.1155718404935395,-0.8494973940154917
10.0,50.0,1003.193359375,-4.126568517794862,-3.1432090529693606,-2.0069815897158776,0.6507221637800278,-1.2523234125025169,4.754523190082251,-0.6228712167185284,1.287220688903222,-1.0639137952277218,-0.962390726178798
10.0,50.0,1002.416015625,-4.374319622451887,-2.9960729842228577,-1.753773007699074,0.7676749787225461,-1.2397377187288583,4.730832512547883,-0.5240135701374316,1.3917654508506097,-1.0384027485985947,-0.9573991541853166
10.0,50.0,1002.5845336914062,-4.238581987631149,-3.0084770997290087,-1.971290702490156,0.5508924304672664,-1.3087735114720371,4.707463910910102,-0.7494815484747335,1.3176798465302495,-1.0053041197460333,-0.935972463248352
10.0,50.0,1001.097900390625,-4.238049996444691,-2.949732119305886,-1.940349228635335,0.7574211558658739,-1.2356923475706854,4.79395205141396,-0.5631348528259918,1.3778211707962171,-0.9491984160143572,-1.0738394021999724
10.0,50.0,1002.0435791015624,-4.2608023790473375,-2.880359535820858,-2.0309259307685297,0.7671603507562903,-1.3261502354864207,4.8559096967618665,-0.4077760766396929,1.2653228119587006,-0.8867741634578614,-1.0559144831834062
10.0,50.0,1001.8059692382812,-4.289010357285248,-2.951799525622533,-2.0701759940484585,0.5396406592793728,-1.506419029482741,4.79561187255409,-0.5745783667585069,1.3797177253274873,-0.7525621057214575,-1.0965058557731924
10.0,50.0,1003.1422729492188,-3.9755779971817473,-3.053481330220458,-1.932037660307202,0.5915825175368781,-1.141022521994623,4.841033325362593,-0.8132766262409215,1.4058449467734837,-1.0802198011764554,-1.0023555655566807
10.0,50.0,1001.8308715820312,-4.229806101358569,-3.018034034835618,-2.0438150154388044,0.6592794180271024,-1.419740592529486,4.887514313681368,-0.5145673493699157,1.3880682450564257,-0.8530680365786383,-1.0656383350652208
10.0,50.0,1002.6629638671876,-4.10692163638821,-2.878665751629352,-2.141672135478533,0.4712357980625317,-1.2939420980579053,4.899282862104098,-0.6394115896053272,1.4406329942189142,-0.9910543651212294,-0.8982245177986448
10.0,50.0,1001.01123046875,-4.334095094111231,-2.955112527085066,-1.959169466660989,0.6822577101086233,-1.3398395556235378,4.80793999950474,-0.5187538564709975,1.3833558183913333,-1.043112287819656,-1.001287156171851
10.0,50.0,1001.5515747070312,-4.33267253009133,-3.005885889212687,-2.132277941449676,0.6398092960309887,-1.4063812640655795,4.618348157558215,-0.547049479703487,1.3520884789529033,-0.8781689375498152,-1.0319319799868405
10.0,50.0,1001.5547485351562,-4.241331108591343,-2.919371156097595,-1.872730505819832,0.6314091711029288,-1.325306275979992,4.867542790239458,-0.6056373176150505,1.5314068298182368,-1.1603063981856958,-0.9515501947117206
10.0,50.0,1001.1814575195312,-4.222822681433053,-2.9750592817117547,-1.916970173750573,0.6054902402721529,-1.4018627904388885,4.883903097986201,-0.5036686941686117,1.4826698227789024,-0.9463318410394032,-1.111665985874046
10.0,50.0,1001.6332397460938,-4.374137728325799,-2.9313012788729504,-1.947869959175468,0.7189022226299642,-1.3806480331000444,4.975649426418846,-0.4284522857809296,1.377233347342962,-0.8329098636967087,-1.1016583499797945
10.0,50.0,1002.0089111328124,-4.409795480280608,-2.888212399893592,-1.7082895951378636,0.9052354641087632,-1.1307301629341584,4.8355370055108775,-0.4401166163861196,1.613738026848858,-0.9517625860472833,-0.8967900340189932
10.0,50.0,1001.7904663085938,-4.314452920240011,-3.046667742630292,-1.9997166663118653,0.635987470828594,-1.5489936408577942,4.792604177290874,-0.5401279856101322,1.2838892679551392,-0.9346689012965363,-1.2124257693717029
10.0,50.0,1002.4097900390624,-4.0472519501916855,-2.840363471122424,-2.0216100536637978,0.427123512662801,-1.524902733416126,4.883401330480904,-0.564188732958943,1.3027667547906765,-1.011336737716999,-1.1845170164228005
10.0,50.0,1003.0504760742188,-4.37814961894296,-2.8649808706229978,-2.055597101358752,0.7422481941037127,-1.3711352668990031,4.841219475078052,-0.3733330559103409,1.422890879624379,-0.7355536306392443,-0.9907662200279752
10.0,50.0,1002.1045532226562,-4.152617189993041,-2.852976766297079,-1.9360489222234287,0.6183872800151526,-1.42555322540498,4.858879922642892,-0.4700374370334383,1.5808964066080993,-0.8323975151830147,-1.043068444093799
10.0,50.0,1001.166748046875,-4.294851545687044,-2.9673890309669555,-1.9964939179271908,0.6919999552206306,-1.4349102355754253,4.817500943685188,-0.5481076426363849,1.4644522936514806,-0.97147922965339,-1.0420857457042825
10.0,50.0,1002.029541015625,-4.328234299840633,-3.069803137804763,-2.121916213333919,0.5551779473316278,-1.3984973875844449,4.876345775079278,-0.601972297454819,1.2748978658384402,-0.8598667545125762,-1.07783087443286
10.0,50.0,1001.1702270507812,-4.1549305855601535,-2.905363225628392,-2.0831704722893427,0.5463246219071163,-1.191129721521099,4.920606530794359,-0.4447093863133657,1.296270602351786,-0.9226611158008122,-1.0508555426315165
10.0,50.0,1001.6015014648438,-4.296525226194856,-2.8939244477166075,-1.831021738820916,0.8238275855042492,-1.1420868620746418,4.954455909214079,-0.6410686229969089,1.5861708509659105,-1.0907683310806924,-0.8980912608079077
10.0,50.0,1001.6528930664062,-4.415950969282842,-3.018664440699463,-1.8619328241144928,0.6802458523322112,-1.3086730931489647,4.835890856015727,-0.426452249151815,1.4372111332588862,-1.0233921901102985,-0.953804854151775
10.0,50.0,1002.3748779296876,-4.100236582534424,-2.9262431573384924,-2.121303690154819,0.4136386796714131,-1.4121737582500709,4.95999890301459,-0.5618464107077772,1.339619591220118,-0.917769979716125,-1.0833564759996883
10.0,50.0,1001.6972045898438,-4.402749517176018,-2.870458122085649,-1.978397756760729,0.7026784599455116,-1.271588841029982,4.914827561266854,-0.3864308953936604,1.3402748616349929,-0.944249043363488,-1.019478477249169
10.0,50.0,1003.2422485351562,-4.261911664170715,-2.8570824170919846,-2.093132002084789,0.5257925938586192,-1.610355610675971,4.8161409664734975,-0.2816584242264106,1.336059011373015,-0.8023841006210928,-1.109651833713376
10.0,50.0,1003.1326904296876,-4.193007485905883,-2.837980680126356,-2.0047510827628097,0.5770709889782388,-1.290697531561304,4.92501876251265,-0.5774387413698667,1.287278293664249,-0.793577525855742,-1.0691848743264385
10.0,50.0,1001.9625244140624,-4.308139417650031,-2.857520055796071,-2.0450828091290707,0.7155757463896819,-1.2476969387784016,4.947179766522165,-0.4583747662012358,1.5604095737403796,-0.960047908401778,-0.933534001651469
10.0,50.0,1001.468017578125,-4.231312175454867,-2.9657323712166503,-1.8184272655195333,0.6426032014942127,-1.2376776474228253,4.794294997755188,-0.5437793082965481,1.4996708034466222,-0.9867703507488343,-0.9585915315112112
10.0,50.0,1002.0081787109376,-4.295314424679136,-3.0719550768665824,-1.910618904370648,0.6871739313993057,-1.4329187599802728,4.805546819975406,-0.6291235598713998,1.5931533779696956,-1.0182236641626008,-1.0801309335453206
10.0,50.0,1001.9556274414062,-4.4261565906416935,-2.992176630894169,-2.069355731360752,0.7178982487118066,-1.265602651767458,4.788031449938956,-0.525310155108131,1.2563388283975394,-0.9119108131666174,-1.0955230760696535
10.0,50.0,1001.1621704101562,-4.468067980144559,-2.9820294907028124,-1.864600319655032,0.8258353497314577,-1.370287548363578,4.911713719172528,-0.3838592465990009,1.6063285822941171,-1.0222427598997763,-0.9538358397304468
10.0,50.0,1001.8299560546876,-4.238825851738143,-2.909053401468293,-1.755116039587714,0.7838839549784558,-1.2059424118555029,4.965081017789778,-0.4022045817845203,1.4572575181617689,-0.9234888027854627,-1.0504662987819269
10.0,50.0,1001.8126831054688,-4.397810663302375,-3.011387314738972,-1.8698803442038607,0.6835473672769785,-1.1385134796501166,4.831647860758276,-0.617925056445193,1.4817262868941548,-1.1768782663238682,-0.8122604348778841
10.0,50.0,1002.0148315429688,-4.178939558359988,-2.983244967595456,-2.0129533771864825,0.5569380275765381,-1.534791242673439,4.857302987732417,-0.3828277792063499,1.325782782794076,-0.8172567382373401,-1.3077406403048708
10.0,50.0,1002.1879272460938,-4.2734981920841015,-2.9387695325385,-2.074241688102574,0.5240015892598393,-1.6212763677969582,4.871489932933152,-0.3939226921747654,1.1706354535962955,-0.7700532665195539,-1.131779625461315
10.0,50.0,1001.5325317382812,-4.364387080994174,-2.8377611284005195,-1.846620870621113,0.7010205311340636,-1.3343137080139544,4.852101233182314,-0.4601587277635524,1.5003044797014464,-1.0121571399812457,-0.922151312120544
10.0,50.0,1001.40771484375,-4.162274434847061,-2.9985698354271912,-1.8488002403986843,0.7595626298009144,-1.1900345863010786,4.736060291945577,-0.5957926396915774,1.458107718954798,-0.9796587375913806,-1.059067295506832
10.0,50.0,1001.0093994140624,-4.287185205185522,-3.018909973589448,-2.053379440188932,0.6160628375207269,-1.3351037962172398,4.7444467743732925,-0.6049479827549646,1.4535611002760849,-0.8963805559425415,-1.077013202456795
10.0,50.0,1000.9075317382812,-4.242826327399897,-2.9069684865031102,-1.9105536408350408,0.6607230405388931,-1.4074907835741106,4.837084047436619,-0.4918524217584679,1.5190554549642137,-0.9469598001404264,-1.0776237413735563
10.0,50.0,1002.1289672851562,-4.347805039422567,-2.910560157147305,-2.0043799161097,0.5951276900483542,-1.4131675215676829,4.793005138291482,-0.617292100710257,1.3210606868277956,-0.9469899937515728,-1.0511001691636164
10.0,50.0,1001.4788818359376,-4.325611361271845,-2.913060758846762,-1.9770852508615544,0.6405086389459447,-1.4122708921447569,4.934597203974265,-0.4721739477351594,1.39047168415075,-0.94867028291893,-1.01878631623984
10.0,51.0,1002.0557861328124,-4.111650611016502,-3.025556117109695,-1.960430848562208,0.6928350145516005,-1.2599191675954515,4.612203000084175,-0.5666837532884959,1.4470484185017929,-1.1263437725878074,-0.931318296241164
10.0,51.0,1000.7727661132812,-4.284142394535758,-2.914962118934616,-1.9989945932960127,0.6764589716134184,-1.3171373622009086,4.8659681811686735,-0.4806775665328384,1.33630430774722,-0.987483239138368,-1.0483877594341555
10.0,51.0,1001.87744140625,-4.352528973298422,-2.923827621995133,-2.044897436296459,0.5674094114039718,-1.431264349104571,4.845455121507719,-0.5738781872870984,1.3103058862580683,-0.9956390374620874,-0.9354566335764344
10.0,51.0,1001.7857666015624,-4.292618126418982,-2.994017303571716,-2.060025531090084,0.6376238992191494,-1.3231965680087034,4.751002647526899,-0.508757535862955,1.4444428379369425,-1.0028919643654497,-0.9716511636697404
10.0,51.0,1001.9263305664062,-4.261583838186095,-2.946980751829287,-1.8728320412341324,0.62984819312521,-1.4687902670367707,4.793309870727045,-0.4856814531298052,1.39870755326141,-0.9911524965178212,-1.0686964443572782
10.0,51.0,1001.7212524414062,-4.4295240276472185,-2.849938418417399,-2.0467803457251303,0.5970037599581239,-1.4968809639598009,4.952320276900755,-0.5295239778333318,1.398449641164942,-0.7294109971445462,-1.092965967931066
10.0,51.0,1001.3550415039062,-4.219146829107347,-2.906236849330201,-1.991260271356566,0.5550821598727307,-1.4623228924252922,4.856414338860237,-0.5380161251637432,1.3831758634652012,-1.0096993376894448,-1.1094757732329197
10.0,51.0,1002.4567260742188,-3.865337750443393,-2.779979228361213,-2.0804054894156963,0.32802967906398,-1.4590651889468864,4.912785783518229,-0.6628902798496537,1.3886621518447493,-0.8322268402280404,-1.1282171587849028
10.0,51.0,1001.0803833007812,-4.176180840704086,-3.002647269654844,-1.9995456771854925,0.6581896002170682,-1.2943282906240254,4.811048891255043,-0.6087431588266581,1.4437234143231192,-1.0038234391519365,-1.075893437378714
10.0,51.0,1000.9833984375,-4.336785536064451,-2.9137746827671074,-1.971484783411744,0.7525001415488664,-1.3744542993527782,4.854726441086349,-0.4500255788686758,1.438109235081141,-0.9995486474074652,-0.9970207933101608
10.0,51.0,1001.718505859375,-4.37015757323499,-3.015987094463039,-1.9625074751945748,0.6538216818726355,-1.2675310675006108,4.715700988146429,-0.5984801396559201,1.4040552564594178,-0.98274442314899,-1.009523330576794
10.0,51.0,1001.3788452148438,-4.287021386587011,-3.032273942495844,-1.946911739235292,0.7038395770361161,-1.2020031770805262,4.713373424710344,-0.5495582379645123,1.479546790278491,-1.1080050314255103,-0.8808476420356932
10.0,51.0,1002.15673828125,-4.220149116889927,-2.91233706893804,-2.167689595500936,0.4794917506564697,-1.518084402664833,4.799519043873337,-0.546581052271768,1.2617806115278205,-0.9282367593920108,-1.0656143825683984
10.0,51.0,1001.8961181640624,-4.491413182577039,-2.9897037775288995,-1.935708947823049,0.7331688710706841,-1.1987570635472051,4.828635744479319,-0.5233790086296954,1.443320864037691,-1.063355995740607,-0.8904852881671701
10.0,51.0,1001.6522827148438,-4.117083609056556,-2.994287199587613,-2.0048681190278703,0.6168826457984089,-1.3439181019456683,4.733405793665581,-0.5100924126979471,1.3907548062343222,-0.9575795521094737,-1.039573198774177
10.0,51.0,1001.3856201171876,-4.365572636120084,-3.0781498728241297,-2.0723193163370306,0.6775104400925889,-1.2801158815121627,4.786523729593327,-0.4975898825715124,1.2573113301410652,-0.9478889351837552,-1.0740386811308489
10.0,51.0,1002.7418212890624,-4.2219341368832985,-3.0399964753873334,-1.9580047928257311,0.8597483653158102,-1.136726492022202,4.873295860421287,-0.4528143899341472,1.4075829912092157,-1.054862015767445,-1.017190715414796
10.0,51.0,1002.5643920898438,-4.419143496192444,-2.987526832317996,-2.01244784616721,0.7503397829837688,-1.2182320808429834,4.793936632883415,-0.6703031436676152,1.5158251153912925,-1.0527050130435942,-0.8933250580339207
10.0,51.0,1002.6851196289062,-4.117748848149893,-2.87973399449144,-1.940482641346541,0.6195680965856063,-1.457147739730091,4.8991638143537966,-0.4661427033016272,1.5415478326462448,-0.7776749125008946,-1.218991298799205
10.0,51.0,1001.3259887695312,-4.346692112816012,-3.0896464082874666,-1.8823001769912475,0.7833509397735021,-1.0314579384046594,4.696783607142322,-0.5303132035513238,1.45929416467684,-1.1562141988856518,-0.8425055252001066
10.0,51.0,1002.5863037109376,-4.23553163988523,-3.0215971583044903,-1.7714379038189447,0.9403905663157666,-1.215897608664585,4.884726818751851,-0.6468288305225824,1.537525337220086,-1.019898294748535,-0.9654289553679378
10.0,51.0,1000.9805908203124,-4.21770799458482,-2.857944748910037,-1.7606001255997974,0.8443585755602081,-1.2132534632115295,4.891277642519183,-0.5539482522984667,1.7054876535086798,-1.097165445965719,-0.8946116604888141
10.0,51.0,1002.9793090820312,-4.069165081966967,-2.948137532933168,-2.145536082392441,0.5019303902726948,-1.3937565185540808,4.691623455358281,-0.5853500181709599,1.2087425360675796,-0.8880618901500537,-1.0816860502617196
10.0,51.0,1002.8595581054688,-4.3882177561491,-2.916549474709888,-2.0985796226419016,0.520874821375684,-1.4564411594848852,4.900262033634588,-0.5145192732256474,1.256665310279362,-1.0662094014036767,-0.9475780626200256
10.0,51.0,1001.2306518554688,-4.438129268244596,-2.866668227358752,-1.8333721639077547,0.8720928748944337,-1.359277504006187,4.865545875311332,-0.3950465250325994,1.4423846205856403,-1.0907496452175955,-0.9471475174005732
10.0,51.0,1002.391845703125,-3.95817789548287,-2.9319608411636926,-1.8918921916151032,0.5670547316132781,-1.2357116825607817,4.890564569956911,-0.5778634113973835,1.4182450988793924,-1.0475460363104023,-1.0406012198858972
10.0,51.0,1001.2330932617188,-4.176943593426838,-2.855010472891232,-2.047555180357021,0.604502177177241,-1.2861835836543016,4.861526567073515,-0.5460275406208588,1.4556153543178132,-0.9248277179748304,-0.9751478244720566
10.0,51.0,1001.5394897460938,-4.29789600538025,-3.019446330345433,-1.8683261005954688,0.7244481724414298,-1.4789685115032951,4.803278365998558,-0.5178079972225413,1.4258701322673986,-0.9077881042534496,-1.23644542911086
10.0,51.0,1001.554931640625,-4.148789470182983,-2.988948997646213,-1.9586012020615788,0.5404184234528175,-1.353976963045528,4.805361526666363,-0.6190613609962696,1.5485323612124289,-0.936279843742338,-1.0845659401121486
10.0,51.0,1001.6671142578124,-4.433486785393445,-2.9242297251027587,-2.0224615565637025,0.7383292633903604,-1.3563610601764675,4.921753600798066,-0.4697525487322878,1.4055618541559838,-0.8461860456265793,-1.0240099479703346
10.0,51.0,1001.8067016601562,-4.2420096943226815,-2.9525358795321783,-1.877301606929842,0.6732581812630523,-1.2158868827826943,4.853745016641108,-0.6329838835226482,1.4788476392111738,-1.039649321413794,-1.1005788574170152
10.0,51.0,1001.2612915039062,-4.086688923854176,-3.0162212920852323,-1.94060563301746,0.6122067382149172,-1.2721900858785502,4.692328457913421,-0.4944259521729872,1.4148822771507374,-0.920253037560995,-1.0738344098911172
10.0,51.0,1001.7487182617188,-4.240774024033682,-2.9624048992130616,-2.0202248492003614,0.5087648440439168,-1.4148930577807757,4.739708091803829,-0.5446052521207436,1.4420064171681313,-0.8584115730859194,-1.0967044550676803
10.0,51.0,1001.4652709960938,-4.36313760823387,-2.9439801724120964,-1.882779879652963,0.6961143073379592,-1.4555773925869309,4.80170703051995,-0.5026738707354799,1.4774111754313235,-0.94217292391843,-1.0735337718779476
10.0,51.0,1001.349853515625,-4.391096485046932,-2.8999169613494145,-1.8507854527434,0.6790554459216107,-1.2770121804038157,4.960925504129287,-0.4631364162426266,1.4977386428085504,-0.9060075056827968,-1.0215162815177203
10.0,51.0,1002.6570434570312,-4.472833649517828,-2.925834314195711,-2.0444957657450384,0.6141549375370623,-1.4860799507821043,4.876247858300914,-0.4262548301798841,1.4225774041592407,-0.9470878594235606,-1.1733034848435624
10.0,51.0,1001.45703125,-4.32909393088422,-3.025841601240088,-1.9234301831565928,0.7802406232654526,-1.3165482703392666,4.731347497558328,-0.6366830290002001,1.5522445779292156,-1.0610089403529317,-0.9411269088263764
10.0,51.0,1001.952880859375,-4.310817713741453,-2.9148421854729523,-1.9201516184466128,0.7825124096498017,-1.13914543007976,4.77381293797915,-0.4454392569134331,1.4477672752411328,-0.9753153484608736,-0.9952794293997343
10.0,51.0,1002.97705078125,-4.172584822367945,-2.999178014501492,-1.810714597050336,0.7912983609706403,-1.178768304994687,4.799910348120111,-0.603056634341776,1.6815918345435366,-1.3216132505493974,-0.8619557479682651
10.0,51.0,1001.4027709960938,-4.107016120077722,-2.907566087248332,-1.8832118944183032,0.8010121277508819,-1.1403442356573934,4.800553174896988,-0.4769679442817907,1.5901819009395377,-0.9231157808278708,-1.039705937276227
10.0,51.0,1001.2297973632812,-4.180173285835889,-2.8387191872071407,-1.7984414198726912,0.6287018029093385,-1.101726796868942,4.867404125164125,-0.4763479162052366,1.648657384953701,-0.9801179783677894,-0.948087813152326
10.0,51.0,1001.4901733398438,-4.216026815390006,-2.953348180780004,-2.0662967014804408,0.4754396780100878,-1.3462843996336984,4.897251514097128,-0.5649793249883182,1.3353107855555644,-0.9535491407606588,-1.1223411794607945
10.0,51.0,1001.5888061523438,-4.220130340579952,-2.9944997906794897,-1.984736957136307,0.5482464763414354,-1.5113443647531764,4.724437196688447,-0.5454081658398593,1.4435616050432465,-0.9677740459577908,-1.1019197461039272
10.0,51.0,1001.099853515625,-4.258747933796491,-2.904227088807301,-1.9775892007245064,0.6377876631703563,-1.246195009395341,4.816325791573352,-0.5500990066634524,1.3397851313031897,-1.0441903105002797,-0.9571549498813844
10.0,51.0,1001.4627075195312,-4.181702313124314,-2.91096568887926,-1.8432839995907744,0.6494750534953901,-1.2948626935690122,4.901057450494886,-0.5025965066894615,1.4594137751045366,-0.9460732253634836,-1.0990566279503835
10.0,51.0,1002.2408447265624,-4.198669223462483,-3.0274431638102124,-2.1404020850669414,0.4840416323746668,-1.2754406805274012,4.73291458831498,-0.5362498036331758,1.3190914105288707,-0.8363924186696057,-1.0375700842939928
10.0,51.0,1001.5834350585938,-4.128610913640955,-2.9698257632084686,-2.011702328372848,0.7100557551857145,-1.4152021978148204,4.83563238373624,-0.5470118833455846,1.453792082391013,-1.0071113254313002,-1.0629832678623208
10.0,51.0,1001.926025390625,-4.267157630382656,-2.887769960305977,-2.0001729922928235,0.6002893104761586,-1.4446914003983895,4.865147306207225,-0.6524584728855611,1.3774160662976538,-0.8202128840937215,-1.129122923154649
10.0,51.0,1001.8189697265624,-4.308848116589575,-2.870027713747044,-2.080994946988372,0.604669368606694,-1.4047264144846272,4.817921581655137,-0.531613381860641,1.462507655811879,-0.9175495477760682,-1.0185402262990744
10.0,51.0,1001.8260498046876,-4.216173769443145,-2.9447350571011595,-2.1091627550174,0.6396342977257596,-1.342833586599896,4.806191468841316,-0.4149653387981376,1.3850114558002469,-0.9475659113582164,-1.125270199156443
10.0,52.0,1002.0687866210938,-4.379099416450221,-2.975953102506846,-1.880713471084403,0.7988100660608568,-1.403593504841512,4.782022793494919,-0.3930228231168344,1.3825803537014982,-1.034417093403631,-0.93201952173626
10.0,52.0,1002.0626831054688,-4.321458684042801,-3.050590089566187,-1.9544813824513405,0.8293782335878817,-1.3968743176115748,4.902495113869151,-0.4255567949392214,1.3823138375693669,-0.8182392055531853,-1.27053184757963
10.0,52.0,1001.6507568359376,-4.228975227742254,-2.924135780778632,-1.985961352114074,0.6474186406662232,-1.3068263765689787,4.802004585744806,-0.6494797428778947,1.4129399752245506,-1.0082543726879294,-0.9227032824419136
10.0,52.0,1001.079833984375,-4.28259643123002,-2.824995324174527,-1.8042496162624115,0.8038474077373481,-1.121064217083489,4.952766453321228,-0.518824085665365,1.592448526253154,-1.0324794941648483,-0.8971156693915976
10.0,52.0,1001.419677734375,-4.221281948674696,-2.915156882007569,-1.827237528100606,0.8730973651245799,-1.0708327293569186,4.766699315393266,-0.5999947806368695,1.6038985814396556,-1.1576581301640676,-0.7986506993458047
10.0,52.0,1001.0817260742188,-4.374758898701274,-2.9199677610946875,-2.0495767109138048,0.6474418770922972,-1.3324246322696005,4.84389382340469,-0.4707867471342943,1.3988624792854978,-0.9060049802885386,-1.045170329336687
10.0,52.0,1002.6591186523438,-4.058109328480751,-2.784093772799669,-1.90373634283636,0.6866900460038075,-1.3019210168587052,4.877717106843976,-0.5096091622712846,1.6021350180346472,-0.837434742192511,-1.0504170978806115
10.0,52.0,1001.024169921875,-4.110272515748155,-2.9061944824656094,-2.017280480899033,0.6172006151774472,-1.2999473167720366,4.925379543770138,-0.5582672897965004,1.4271409583671089,-0.8714790438403721,-1.0994503421612611
10.0,52.0,1001.6688232421876,-4.283192524606056,-2.8167699836271733,-1.8393800506345463,0.6369197212012221,-1.372155512869806,4.8991687935652255,-0.4202817396339995,1.453982088974719,-0.9770467248352874,-1.0497269992540978
10.0,52.0,1002.2953491210938,-4.148981764631686,-2.9199404253765544,-2.0209648417413595,0.748484950144908,-1.2584829521968253,4.669823606509159,-0.5793949496549864,1.3872563890208935,-1.008017494297695,-0.97874663301298
10.0,52.0,1001.830078125,-4.077359093277474,-2.8091056051351657,-1.895889436851128,0.7702556372072138,-1.290828667698341,4.840924449151201,-0.5595544438488229,1.5838911044038912,-0.9764891070878984,-0.99411506419775
10.0,52.0,1001.4909057617188,-4.333205810027291,-2.911901249224216,-1.9322827906589328,0.5849814309286874,-1.3639198682706062,4.820489430432531,-0.5123633089920538,1.350114697850767,-0.9560269414593768,-1.0501306934076364
10.0,52.0,1001.363525390625,-4.205383597042204,-2.7804302904222964,-1.8778855986021927,0.625313184166779,-1.4209452550467605,4.854726910257035,-0.4893666708271276,1.5012565559910875,-0.9156879994192906,-1.0234412892399836
10.0,52.0,1001.2847290039062,-4.314300234195949,-2.893659773628992,-1.8457819969726987,0.7713033410459182,-1.3300322690553146,4.881150615657093,-0.5424072164892362,1.5636491580042495,-0.999778411455587,-0.8754825005265605
10.0,52.0,1001.665283203125,-4.269679558750643,-3.006194218492836,-1.988690787150996,0.7492722491072987,-1.2048563875306255,4.815969565400032,-0.3861951697130887,1.3793072248975289,-0.9706708133212912,-1.0062043107492995
10.0,52.0,1001.4840698242188,-4.202976209295818,-2.852801807024849,-2.0175285689765765,0.5362801611477472,-1.1985957439230797,4.817694326250511,-0.496001314738173,1.3226526238820338,-0.954881668485978,-1.0452603751873508
10.0,52.0,1001.7017822265624,-4.256917079986631,-2.846597313430242,-2.052800988863522,0.6919338998668092,-1.3585991713905292,4.781705649496832,-0.3708559306252814,1.4454206800097165,-0.9002978325083273,-1.0616287210137534
10.0,52.0,1001.637451171875,-4.185410134063851,-2.8609443360504763,-1.888513087782324,0.6753805476406676,-1.1062854353507658,4.818728550999632,-0.5361591402468928,1.451584726524291,-1.0556743488747018,-0.9036027987473628
10.0,52.0,1001.868408203125,-4.179427376376911,-2.818868473178187,-1.9079505897783413,0.6938574331568628,-1.3344732385288989,4.934265567869618,-0.3913998485855172,1.4288637490675784,-0.9477900957882576,-1.1852746780898116
10.0,52.0,1002.1565551757812,-4.174991375897561,-2.9871548587564094,-1.999698647846828,0.6209630867094802,-1.3961089526457124,4.925779977891367,-0.6188783002176796,1.3974153618367673,-0.9933744249255928,-1.126143906919756
10.0,52.0,1002.0648193359376,-4.02862354633135,-2.9099840181074623,-2.0424086312182155,0.5285441550839067,-1.162275644089044,4.809830814293839,-0.5491222407737393,1.2800021740742302,-0.9990756438105128,-1.0119646652624863
10.0,52.0,1001.088623046875,-4.295276704983952,-2.908823566662168,-1.9245490116433244,0.7167696496504998,-1.1891535816162015,4.8367301938250975,-0.4742227669128942,1.5921858939780007,-0.9864464444793528,-1.0169795807397533
10.0,52.0,1001.6670532226562,-4.346926373428945,-2.9769133443411984,-1.851906716795365,0.750295776143961,-1.2026074899567556,4.840114763006474,-0.514179087175548,1.5504569092295784,-1.1107500658538676,-0.7989473655428263
10.0,52.0,1001.22509765625,-4.354899404282501,-2.8998202254457213,-1.8285427751582293,0.8386753220717527,-1.1821736647673031,4.825941221032862,-0.5232290831688937,1.6157850028907823,-1.136443644202187,-0.849970392833967
10.0,52.0,1000.9674682617188,-4.248884759123966,-2.910959126233777,-1.9660351796946915,0.6276574019491417,-1.4009461127109797,4.871733345109842,-0.5294926671339759,1.4275128057282505,-0.933519096874015,-1.0681299201490295
10.0,52.0,1002.3353881835938,-4.3392853305788295,-2.950145150065921,-1.960513807550785,0.6239820889153114,-1.33169798587959,4.656519533883577,-0.4892577338540764,1.297735173034714,-0.9755117770239448,-1.0450871992599575
10.0,52.0,1001.7573852539062,-4.489363968002663,-2.8440240921082003,-1.8016414515065613,0.7919777306708253,-1.2458768153376183,4.889687145955087,-0.4090212946681664,1.5726263338848598,-1.007958374136427,-0.8740197237041532
10.0,52.0,1001.3681030273438,-4.297125298369906,-2.9481762008804715,-1.998053596165374,0.5538357279701467,-1.5290670913546682,4.859051996718682,-0.4886822183167574,1.3973644306326172,-0.8863208560286484,-1.1929644021864227
10.0,52.0,1000.6468505859376,-4.3773951390486845,-3.0053371653246965,-1.9436512136285968,0.7212242886740752,-1.2443105264627272,4.810184941035606,-0.531216312259164,1.4816060619005498,-1.0155534530155936,-0.9809476953062504
10.0,52.0,1001.6334838867188,-4.335426726199494,-2.9751217222979505,-1.94081747164764,0.7102532834030617,-1.4377002759324329,4.868533033123869,-0.4487455968688012,1.4389228906212184,-0.9448957462155692,-1.0140738974523082
10.0,52.0,1000.9265747070312,-4.106055112211397,-3.100463946563534,-1.9315586132349825,0.8037882089959556,-1.054763306734687,4.659202559931456,-0.6843992190881467,1.4988606557215949,-1.1069611815955516,-1.0050627612991463
10.0,52.0,1001.5034790039062,-4.245940827073656,-3.029746723608345,-1.9579492866584007,0.6657411324699583,-1.251405524927125,4.683370576751948,-0.5713050441422425,1.4396182240362665,-0.9811418990086418,-0.963687151116857
10.0,52.0,1001.4035034179688,-4.352567743716954,-2.957197393752239,-1.9501791208450827,0.7018371036221129,-1.2806878977830358,4.73231279898566,-0.5423885934260104,1.489171154277308,-1.0775329917749987,-0.969786297022484
10.0,52.0,1001.95751953125,-4.2790500021014735,-2.850825765195822,-1.9494963238537908,0.6313685427021589,-1.2441396065478028,4.873156674813671,-0.4576050148453037,1.384122010676025,-1.016856981119286,-0.932901164411878
10.0,52.0,1001.3577270507812,-4.205278533294519,-2.876779640551198,-1.981246099984544,0.6008316206648958,-1.2616523033751283,4.802731889490875,-0.4842303990954804,1.2764709599652218,-0.9753602391752584,-1.0542312555010804
10.0,52.0,1001.8234252929688,-4.38071592877662,-2.965719610393544,-1.8945359433572992,0.8408704305138581,-1.090153172515648,4.948243553170343,-0.4510124394244261,1.4899542551614964,-0.958829772922499,-0.9481905185558492
10.0,52.0,1000.9850463867188,-4.257215039630079,-2.934964795232621,-1.9705580209119893,0.7459844914435809,-1.4259242972611612,4.774347797419907,-0.496596594849076,1.5611799276722689,-0.9726894439035698,-1.0718600329966832
10.0,52.0,1001.4056396484376,-4.35635352286561,-2.8674551188887336,-1.942741487750157,0.6406498235301772,-1.425981276683805,4.90953344554312,-0.506249375761886,1.4370564992603736,-1.0093235736702575,-0.9678497585059976
10.0,52.0,1001.3077392578124,-4.155876628135607,-2.8934155702780013,-2.0101603883779013,0.6442062238182009,-1.4176911128942815,4.932401441497923,-0.5609674509506641,1.4930378955578592,-0.9074459362148276,-1.1511023076669789
10.0,52.0,1001.6319580078124,-4.3409162421176,-2.9880758881204805,-1.942472020961827,0.8130783958970937,-1.0492627346261871,4.650384230001928,-0.5254792111602571,1.544271757350363,-1.0891694867212642,-0.84627324685166
10.0,52.0,1001.515625,-4.271005787728257,-2.822359284904389,-1.9108723833864767,0.5456380864152521,-1.5007316367047552,4.890836129870237,-0.5498571109158981,1.4731392493412834,-1.0025182209923766,-1.006249077306304
10.0,52.0,1000.9945678710938,-4.320011789316899,-2.993951038341651,-1.9874045854497813,0.6856215368338923,-1.3573956972263677,4.794745320133085,-0.507293886403362,1.4233462584083956,-1.003132672203519,-1.1012896406551285
10.0,52.0,1001.083251953125,-4.198761831405318,-2.8817965329362787,-1.9845842981718933,0.6742156041334626,-1.266673400513219,4.79619044368606,-0.5520908558962532,1.4982115558909168,-1.002492925158904,-0.9620060722831374
10.0,52.0,1002.2252807617188,-4.297738269749249,-3.002004726139611,-1.802669876174384,0.8404422516029522,-1.2418766435175406,4.865623504735044,-0.446358753121026,1.4253374375914063,-0.9602537402108746,-0.9922793471752448
10.0,52.0,1001.5842895507812,-4.049329277831658,-2.901369652804896,-1.8590079341655568,0.7959414860744154,-1.1091107631597663,4.845231580480126,-0.5254001891148556,1.5695192176983743,-1.033301096722801,-0.9705407324263255
10.0,52.0,1002.3008422851562,-4.350933283460403,-3.00981177553858,-1.965644295533282,0.722107058987076,-1.344897854336129,4.883760849712196,-0.5778569866001879,1.3166895817301292,-0.9573507041301426,-1.1948884823952928
10.0,52.0,1001.1988525390624,-4.213862275333714,-2.916813102487153,-1.9581317262448683,0.6821917471979368,-1.3220658141077104,4.91819469210273,-0.5123230901019182,1.460854367199035,-0.9927215106020704,-1.0447405400816132
10.0,52.0,1001.0995483398438,-4.253727616712636,-2.8543447751893405,-1.9650331187792816,0.6817072317601012,-1.1590998068292824,4.850788906818943,-0.5278649316179109,1.4091218405741488,-1.0015794320971123,-0.9732709112376084
10.0,52.0,1001.83349609375,-4.325460872669331,-3.01191888895386,-1.9028806923684665,0.7886477886632415,-1.3245750276854409,4.895129047526659,-0.4996056136187397,1.4536781078491623,-1.0494152854468577,-0.918207650360733
10.0,52.0,1001.9364013671876,-4.265117731126479,-2.85200125650911,-2.009536198928614,0.5844167245151031,-1.5348886086841649,4.950509790208299,-0.5181715934497797,1.39785960176504,-0.9678446830773684,-1.1186101160126998
10.0,53.0,1001.3038330078124,-4.367883615280546,-2.9058362477340367,-1.8766759163455944,0.7883193264744595,-1.3241193372937596,4.9156355712421735,-0.4758584599724855,1.5874736758449188,-1.0380943918970242,-1.009469490937049
10.0,53.0,1001.2994384765624,-4.3392700736300895,-2.948884145790291,-2.062396222608116,0.7830810530241301,-1.3132918939996054,4.849944012672742,-0.5603372797066593,1.452031043844384,-0.9585338145059694,-1.0057268928090952
10.0,53.0,1001.4910278320312,-4.16381228490528,-2.976514829326258,-1.989730514847058,0.7482835881216712,-1.1958785104115837,4.802890195847528,-0.5125072690700625,1.3969617821691669,-1.0498597100799794,-1.0571807966169362
10.0,53.0,1001.6362915039062,-4.122579525386489,-2.8225655755314265,-1.9695987356392288,0.7282826853448494,-1.1798890595777791,4.846021782688609,-0.553417527253738,1.460342377611128,-1.081341570980313,-0.903878601935702
10.0,53.0,1001.210693359375,-4.358635358119626,-2.9501090491845394,-1.910186113263503,0.8214343105334603,-1.0731063005583286,4.790514906329497,-0.5373729137298904,1.566937976566325,-0.9593107207881362,-0.9570889749779994
10.0,53.0,1001.353271484375,-4.241679755405114,-2.896959338306579,-1.972076905884637,0.6567136136190914,-1.2571768488847417,4.826581528721194,-0.6072471105202784,1.5040640634948863,-1.034223106565022,-0.9560731921386748
10.0,53.0,1001.4915771484376,-4.082855994163777,-2.983047853413164,-1.835932413729791,0.7001617607036303,-1.1380879552563234,4.881014763983464,-0.6684970626008351,1.5737446666452133,-1.0826856914517329,-1.0111218852534272
10.0,53.0,1001.1456298828124,-4.2265916608204535,-3.023834639359989,-1.988291937178576,0.7035280614128405,-1.2478894203392703,4.782323265237974,-0.5424933177337259,1.4037968980098317,-0.9994397835183344,-1.0553530365784507
10.0,53.0,1001.6326904296876,-4.272976985906094,-2.987082116739878,-2.0268676376429813,0.7355216573857524,-1.1354654179437231,4.80267620055036,-0.5491272748560565,1.5129627456726986,-1.0030946013489626,-0.9968437938483864
10.0,53.0,1001.3296508789062,-4.1399809919059525,-2.8897255862424296,-1.9343219089086567,0.826418366869067,-1.1705271140616786,4.916527912823032,-0.4687346792101206,1.6191171054386526,-0.9332143759572108,-0.9639142037620764
10.0,53.0,1001.387451171875,-4.212377079417838,-2.9787024701543987,-1.921750667189258,0.807777760478122,-1.3343668341987929,4.915811329733716,-0.5155004657952347,1.5798086138644338,-0.8595434243357927,-1.0331459171607555
10.0,53.0,1001.2800903320312,-4.111141540905816,-2.8281816688473373,-1.9141746942602853,0.7571059306591508,-1.2807738932491852,4.778096037921069,-0.5757054592442739,1.5031274344197074,-1.016312361217544,-1.0229295552943125
10.0,53.0,1001.8043823242188,-4.093333026233527,-2.9297542966000343,-2.076410090492481,0.7665830950296195,-1.2983003231739794,4.662058851250858,-0.5737945407935179,1.4637266432899976,-1.0031096821507148,-1.0578428460704887
10.0,53.0,1001.588134765625,-4.365746297291217,-2.974667975748834,-2.036271223898503,0.6129173657655027,-1.5028355600691992,4.832154615471779,-0.4994374646170429,1.358010149854065,-0.8245956828449605,-1.1033164788006715
10.0,53.0,1002.1456298828124,-4.343519360644432,-2.927669880702734,-1.8323333461920608,0.9318082366770852,-1.0438904140201657,4.824769403186018,-0.5580909837724306,1.5569519662833926,-1.061007592403627,-0.8377814601021232
10.0,53.0,1000.9227905273438,-4.218946507265247,-2.892240864823965,-1.9916526895819,0.6108127327982338,-1.2752953164530203,4.923781789501131,-0.5104884036550041,1.5122748455299977,-0.9241314991719004,-1.0085058882678677
10.0,53.0,1000.9926147460938,-4.271785379152565,-2.8900205995109087,-1.9530234116671783,0.7545780052625339,-1.2995260351080349,4.821370094748604,-0.5630403692281751,1.4833867280064004,-0.896044935783344,-1.0051810202775906
10.0,53.0,1001.103759765625,-4.3808481788604405,-2.995411053801557,-1.929204859900493,0.8131633100205811,-1.245448013345924,4.860730267225444,-0.4975843127909156,1.515235011219897,-0.970100733149602,-1.0416553246635334
10.0,53.0,1001.6868286132812,-4.317695275255661,-2.9654931247668266,-1.8357271372317667,0.8568536774214657,-1.171546058366309,4.831241711499985,-0.4510517310311464,1.513331132091681,-1.1329495956507545,-0.9483296330025804
10.0,53.0,1001.096923828125,-4.30705613761583,-2.9676565710842127,-1.897294406226862,0.7589372980609692,-1.131187528271191,4.85540672717906,-0.5966107038810549,1.6433129195932752,-1.0915145252312586,-0.9081448882584704
10.0,53.0,1000.9181518554688,-4.192123430129993,-2.982022573805674,-1.9793670569140545,0.6382221545977735,-1.2384114847443923,4.84043005904979,-0.5126536490560616,1.4259671166121857,-1.0139266558123956,-0.9820651349971046
10.0,53.0,1000.5800170898438,-4.265230400945809,-2.8923525735038846,-1.990971941342532,0.6699893512480042,-1.3468369608135355,4.825515353758833,-0.4997316809062635,1.436406908028828,-0.8950072091486492,-1.0746657682750451
10.0,53.0,1001.0387573242188,-4.304920112481266,-3.004020369364968,-2.086511757188452,0.6181840919023305,-1.335898625888241,4.759040352952958,-0.5106031658226842,1.3690949231326357,-0.9644518811248046,-1.0615764677145556
10.0,53.0,1001.3421020507812,-4.302442182620564,-2.969761374356766,-2.0648006690933003,0.6039096524475003,-1.197697016917142,4.787095691267544,-0.5591105002231229,1.4417180168077683,-0.999755450874236,-1.00189051292959
10.0,53.0,1001.2322387695312,-4.439195834425725,-3.014505987013736,-1.8658580078968088,0.838157635663781,-1.2577247215703284,4.79808104361479,-0.4683116138375114,1.547510300550222,-1.0273224564186738,-1.024944129635041
10.0,53.0,1000.9295043945312,-4.295637372033736,-2.912158098263646,-1.892777233034168,0.7038938830704122,-1.3159131634263312,4.913292647907433,-0.4897324120884523,1.5362805193943083,-0.9971573467153538,-0.995460234102686
10.0,53.0,1001.8320922851562,-4.285200759306587,-3.022177566422923,-1.8852085803158984,0.8225628173428188,-1.1597837510775617,4.850264747213757,-0.4798710410101012,1.5076583353464246,-1.0459884186519854,-0.9399219343642145
10.0,53.0,1001.7756958007812,-4.449716410049512,-2.998263323328539,-1.9385554837151044,0.6601304966676835,-1.3835443097484037,4.85390865047847,-0.5065622188070238,1.3487921726684018,-1.047648805114472,-1.1201182533491756
10.0,53.0,1001.426513671875,-4.116976759891415,-2.880568581207404,-1.864169788949873,0.6223212523944799,-1.334219224249274,4.919908023407576,-0.5501227957719816,1.551342606962275,-0.9167703035640676,-1.045106301109726
10.0,53.0,1001.82568359375,-4.256409098686652,-2.8536818402474866,-1.84097395157144,0.6425556813316309,-1.4349894392318243,4.785232001385326,-0.5783419729248545,1.5744282580565585,-1.04018680589733,-0.9295442201107864
10.0,53.0,1000.7451782226562,-4.183839761423846,-2.951505402102335,-1.9127780338595288,0.7423764482007291,-1.318083746267957,4.865845925523518,-0.5514952435414706,1.4967153638965778,-0.9441464573634972,-1.0826115122201685
10.0,53.0,1001.1154174804688,-4.300394939551408,-3.048064519176766,-2.0035837351248182,0.7595765862190298,-1.306624845332924,4.743302646136085,-0.5069414331906028,1.3790029260387469,-0.9887733749600772,-1.086660627852977
10.0,53.0,1001.72509765625,-4.279508987346539,-2.95757707985697,-1.9538608721763515,0.7617743331160112,-1.5039453115988797,4.933765349324744,-0.4923851131460752,1.466989516350031,-0.8495072051128165,-1.1294807605214214
10.0,53.0,1001.1809692382812,-4.332730001531069,-2.9001177056243845,-1.869815061238824,0.7313805454182409,-1.2431584593606164,4.880967867247806,-0.5292781596464549,1.4558977134357676,-1.0961905929398097,-0.9262856321216608
10.0,53.0,1001.274169921875,-4.261131485133534,-2.922602115682303,-1.9218339768572328,0.8076298524273904,-1.180101153830165,4.7715920287272215,-0.5122879620757725,1.5889485518073068,-0.988988032719396,-0.9246933830032598
10.0,53.0,1002.1668090820312,-4.175103505342559,-3.0703893259255035,-1.8090146055798924,0.780150622420499,-1.1661945181082576,4.806384983469039,-0.5923992940222744,1.5878692747151089,-1.0649078477653529,-0.9559708394884012
10.0,53.0,1001.4100341796876,-4.25308849992076,-2.867076574287884,-1.946806594847248,0.7971884861536891,-1.226589988754145,4.83140135081017,-0.5743404493384565,1.561197282843648,-1.0580028174019644,-0.9393178478995844
10.0,53.0,1001.41552734375,-4.155379237850628,-2.9289208542715,-2.0766254965773383,0.5966152622323451,-1.3833848674245668,4.831910680453831,-0.5698693218136555,1.4549256134725717,-0.8306099830971583,-1.1689558153523558
10.0,53.0,1001.103759765625,-4.079732013785218,-2.9508435236554824,-1.9628145410071465,0.6277531824669396,-1.4215211654916446,4.813131007742804,-0.65478083257881,1.4086818556278242,-0.926509010820399,-1.1653580398637216
10.0,53.0,1001.6878662109376,-4.288659455441985,-3.057860792862752,-1.926754132362416,0.8231095078534114,-1.1759273289011327,4.814258256975682,-0.5204021442803448,1.559797255313761,-0.942759768041026,-1.017107456779086
10.0,53.0,1001.444580078125,-4.189229389348331,-2.948477722067436,-1.839087629977204,0.7297533692214309,-1.1890275334814908,4.841662393179222,-0.6449671953224998,1.6025974293629064,-1.0090990112411005,-1.0413436865671877
10.0,53.0,1001.8880004882812,-4.221651021484903,-2.9300126957487005,-2.0178550872458247,0.503386367675497,-1.4299031794202142,4.873940863596042,-0.5382018968958899,1.4813835289835406,-0.8681526897538507,-1.1998256573857158
10.0,53.0,1001.8467407226562,-4.4567677071136025,-2.776761179064484,-1.8758560007540788,0.7347630365421667,-1.4238553415868918,4.892622311704196,-0.465702626250585,1.540160705239252,-0.9486624189256768,-0.9803946720582672
10.0,53.0,1001.4051513671876,-4.092836942036016,-2.925006851436894,-1.9904176333876449,0.7138912950308214,-1.2401905739483103,4.793889792356602,-0.5167960575516766,1.4212071638226984,-1.0682872525492364,-1.0473184042499517
10.0,53.0,1001.3623046875,-4.330006245934929,-2.8112452346470103,-1.9879983007330213,0.6247830060720458,-1.3617122857691708,4.891652522628508,-0.4273187421025817,1.416149199375349,-0.9328490555905296,-1.055994340504662
10.0,53.0,1000.910888671875,-4.138206378645775,-2.96207867562086,-1.929664982833496,0.7228874668423648,-1.2518712834951278,4.755642686150665,-0.6239688203065956,1.56554255789713,-1.0728581589424198,-1.0165003933655
10.0,53.0,1001.3406982421876,-4.165983905201334,-2.950292950070157,-1.901736292487637,0.6619206959953825,-1.2493913307234883,4.902108432370289,-0.5888754802369336,1.5247806887791668,-0.9080287962992788,-1.0911402269557198
10.0,53.0,1000.9616088867188,-4.348584787477215,-2.850489615444872,-1.9606677417235407,0.676585144671213,-1.2956849867009956,4.906154990824126,-0.5290889799240652,1.469996900236171,-0.8907624630124653,-0.995360517134788
10.0,53.0,1001.2255249023438,-4.309699162115708,-2.876062412020344,-1.879478750778473,0.8584196330485785,-1.1261273347634022,4.785392453114802,-0.5018307705352862,1.5923699623443106,-1.0817523393871695,-0.8721317053038362
10.0,53.0,1002.1610107421876,-4.087886138115576,-2.8946432967792832,-1.935234599740532,0.8236575321592046,-1.155716204870814,4.825561895550194,-0.5714012184802808,1.5324263058006728,-1.0932679528710256,-0.9022391941377332
10.0,54.0,1001.5372314453124,-4.229657948950586,-2.8898156866362115,-1.8760474661433728,0.6440858563879859,-1.135177248253436,4.868127760615929,-0.5615884545794234,1.461046467051962,-0.995184774817301,-0.9571021548683004
10.0,54.0,1001.3780517578124,-4.191760493007781,-2.9569975025712147,-2.0037254887499287,0.8019033056049025,-1.2617972080295043,4.67748212532298,-0.6074613527827886,1.546502725833227,-0.9472801705441576,-1.0821928652410535
10.0,54.0,1001.290283203125,-4.262692459463868,-3.0317766027153104,-1.884160671632201,0.7752684482008743,-1.3637099461529705,4.755242476201088,-0.6268807765510678,1.4915246527943484,-0.9712396420888902,-1.0509467257187175
10.0,54.0,1001.3040161132812,-4.290097980198553,-2.9627075630126907,-1.836386798295304,0.7630366778658892,-1.19935405244733,4.883773503001553,-0.4745663692122495,1.5350033258137508,-0.9950973948149536,-0.9737200025828754
10.0,54.0,1002.0623168945312,-4.53588698959601,-2.9777837297651635,-1.7838512624038576,0.8695050221376652,-1.4630863087944157,4.906281423004288,-0.5207393602411612,1.6707820732860643,-1.0175748535011522,-1.0111548969418631
10.0,54.0,1000.818115234375,-4.329510402445682,-2.922993566116923,-1.8920739148406416,0.6858957911420696,-1.338453052985605,4.890718073956121,-0.5570763279698614,1.4763574976667604,-1.0182591255051494,-0.9845002444915744
10.0,54.0,1001.8961791992188,-4.222209409853501,-2.896284416170754,-1.854158972934243,0.8114753707601006,-1.0988676239148858,4.866183823479721,-0.566503157709283,1.47550167431654,-1.0719778900302734,-0.940585319862378
10.0,54.0,1001.8995361328124,-4.392701093605621,-2.927289707158011,-1.764053469193223,0.779258015179277,-1.1439808263139115,4.78821238339934,-0.5277567007829065,1.5615427759224874,-1.0840480753626105,-0.8787562380732128
10.0,54.0,1001.4674072265624,-4.304811625315526,-2.9183886788198663,-1.9509301884227428,0.6617977760528522,-1.3378842738774344,4.864907954826448,-0.5446338423458323,1.3850842516674309,-0.9699374969857272,-1.06273682028539
10.0,54.0,1001.3338623046876,-4.295946272601113,-2.982977150955473,-2.0144082877296343,0.695719702911016,-1.3721569375062987,4.765815102626862,-0.6203947311188562,1.4501560752694642,-0.9737386829417334,-1.0403182888217426
10.0,54.0,1001.4202270507812,-4.2618021584382015,-3.0486304004914486,-1.9794258375106224,0.8135638906294806,-1.2305268659124555,4.684581615699733,-0.5846054673264636,1.5803460723411602,-0.9375673757916116,-1.007583546742194
10.0,54.0,1000.8587646484376,-4.292384762315886,-2.9304719423573404,-1.8793874452970387,0.8081471717612683,-1.2492220344510008,4.854867773284555,-0.4759928305365974,1.600349625521699,-1.0244619313558556,-0.9522869578938122
10.0,54.0,1001.3748779296876,-4.260196439795015,-3.026012468344479,-1.889647552582496,0.7230463970905499,-1.273235061645766,4.880095334680989,-0.5618892903628616,1.5724978577533122,-1.0198207186377175,-1.0205175507536968
10.0,54.0,1000.791748046875,-4.338605557496441,-2.8816398315848306,-1.922061314437008,0.721178129606975,-1.2678444649900622,4.895407935489665,-0.525585124964131,1.5107347255103871,-0.9881507912421288,-0.9782526465706284
10.0,54.0,1001.2533569335938,-4.258783759724828,-2.9515676795172663,-1.886594534547048,0.7818371301152798,-1.3360642444025177,4.881475516547914,-0.5575593329809223,1.549631436354188,-1.0367708796864972,-0.992632938318038
10.0,54.0,1001.167724609375,-4.351683581091653,-2.9353424616697863,-1.9223136767609448,0.7123457200120509,-1.2734385561055666,4.901753343286083,-0.506965910774591,1.4944006307655178,-0.973840824856314,-1.0477194046166591
10.0,54.0,1000.9700927734376,-4.196402002883449,-2.9587073992679773,-1.8647057301108645,0.7982831358236844,-1.052108793005667,4.822525126856984,-0.5584126569522461,1.6030484789526875,-1.0232070512582103,-0.9196356477071816
10.0,54.0,1001.0929565429688,-4.238131926334134,-2.959016224592081,-2.0130510505579395,0.6857494332249203,-1.3370886627703171,4.748838266267494,-0.5387744645200225,1.577687440375927,-0.969990161862361,-1.0807142245786694
10.0,54.0,1000.6819458007812,-4.2982715698850695,-3.0272385372368933,-2.0637834684196354,0.7144447677296633,-1.338414348642467,4.7536632755392905,-0.5040287567941446,1.3992658343987054,-0.9107824461825818,-1.1135567798168209
10.0,54.0,1001.501708984375,-4.199460688466988,-2.962733024791187,-2.077856887767262,0.6290194273323024,-1.5022920416490662,4.723231364063633,-0.6022534235274959,1.3963304104242713,-0.9254432038604312,-1.1630520139986644
10.0,54.0,1001.035888671875,-4.286947727252276,-2.855863973471417,-1.8961014592107617,0.6635392461377094,-1.267267684446466,4.968577006503596,-0.5255543314347744,1.4394533373605576,-1.0395229012481204,-0.9519493890457652
10.0,54.0,1000.966064453125,-4.360835727995643,-2.957251151718856,-1.9349747800346504,0.7709423769336343,-1.158612440528111,4.899254859010874,-0.5163083106344226,1.5427784192417384,-1.0332340426321274,-0.9426548930657724
10.0,54.0,1001.112548828125,-4.236805671151621,-2.955036447900524,-2.0076008475156253,0.7035130088736219,-1.237191731518545,4.728513555366462,-0.5789617867403454,1.527331743342918,-1.0646873954181952,-0.9481674034072948
10.0,54.0,1001.27685546875,-4.35353941129332,-2.907157179230821,-1.9456058398826024,0.6784773432058078,-1.3096179336778508,4.9376440416105805,-0.5312376207933553,1.406050995748485,-1.08987339120963,-1.0001204753531567
10.0,54.0,1000.8974609375,-4.183352061028426,-2.9507466691898947,-1.920432184104759,0.7200441311218988,-1.2508646680403328,4.832978672763179,-0.6033588618002739,1.533820082611724,-0.9963018346848642,-0.9816308441088176
10.0,54.0,1000.6463623046876,-4.263417173409103,-2.909586042968904,-1.9849242482012324,0.6878331227291508,-1.297070136447949,4.855182748628469,-0.5337495347377006,1.429109748912662,-0.9459261503349046,-1.0434952826096555
10.0,54.0,1001.8720703125,-4.178918767112771,-3.00905972220796,-2.0306001605552977,0.6008432796404071,-1.324147976065571,4.768794527463642,-0.5945715455479332,1.3681692371091128,-1.040298814150356,-1.0195076158822332
10.0,54.0,1001.0535888671876,-4.385489595616338,-2.976763906899123,-1.8936286700197984,0.7389098126660567,-1.242750269374441,4.870624546616694,-0.5220358647626524,1.4632183478773548,-1.0402084523475108,-0.9679414544818536
10.0,54.0,1000.901123046875,-4.18081491623702,-2.919257694400662,-1.880385708686852,0.6743701530960236,-1.244617722071213,4.873003839642504,-0.533016973615954,1.4660653338406338,-1.0545736955348604,-1.0269618431289618
10.0,54.0,1001.204345703125,-4.196697689988983,-3.051695624083785,-1.9200640628946792,0.6199880944806946,-1.2132639057371477,4.812378445963745,-0.5727470920563977,1.533521912813283,-1.002593961315967,-1.0557054719116072
10.0,54.0,1001.8945922851562,-4.24532925157169,-2.8437856680792204,-2.051658985645324,0.6992495679753876,-1.4039303060854262,4.892273701558329,-0.4655674336921178,1.4528342797035396,-0.9232862187860258,-1.0984022226506251
10.0,54.0,1000.9552001953124,-4.320678350074983,-2.949979455107131,-1.9861001996715224,0.7250842278887468,-1.3830356638901815,4.761965574850022,-0.5594162931209095,1.530080798294506,-0.9227251368955712,-1.0471961532222889
10.0,54.0,1000.8211059570312,-4.224523656370706,-2.8630521885086235,-1.868468876265924,0.7320881661764123,-1.3324046852514737,4.881398730149403,-0.4858083442764869,1.5603726324963416,-0.9364428743894244,-1.0388579065543606
10.0,54.0,1001.3652954101562,-4.351236493400295,-2.950363577835461,-1.9759220800267967,0.7978709941070026,-1.3669055967615145,4.707699923124768,-0.6027993119216664,1.5698021977435808,-1.0359116267684405,-1.0187146167551702
10.0,54.0,1001.6637573242188,-4.364950890614906,-2.9032418025960043,-1.9578321506123049,0.7721589416323749,-1.2369935468984965,4.864495198265553,-0.550778231148735,1.5019052988810089,-0.9437768690365678,-0.9787612179771276
10.0,54.0,1001.2842407226562,-4.17416201022295,-2.949623886591988,-2.0523938389250214,0.7111268112500513,-1.2183095077642268,4.690458226340343,-0.5795332112514755,1.4130540768328466,-0.9096306173030432,-1.0372134868434513
10.0,54.0,1000.8356323242188,-4.28242619911751,-2.9800158547545115,-1.9764525879535288,0.7232460882339922,-1.2816551914310264,4.850169233032439,-0.5661566162800789,1.4936243325336314,-0.962072575741944,-0.9624929661794256
10.0,54.0,1001.0091552734376,-4.201538804455037,-2.9676257165937354,-1.889156630162024,0.7086250824824711,-1.2286035104408506,4.826885601556487,-0.5764994386368318,1.494988094203765,-0.9339179620080218,-1.0669590269151443
10.0,54.0,1001.3279418945312,-4.267585875281007,-2.88674731678894,-1.922423052089596,0.7490486705329946,-1.1798400291718645,4.82574734839303,-0.6150427492862107,1.483212879667164,-1.0182112700757195,-0.945501048554843
10.0,54.0,1001.4072265625,-4.344970726331994,-2.8932964421661413,-1.9325970407849609,0.7140146061619106,-1.422046334035283,4.917742064000462,-0.5486670505022255,1.54606113412017,-0.8954643259147552,-1.1127476753601062
10.0,54.0,1001.3544921875,-4.288952220042055,-2.9525012191986315,-1.9831189768576687,0.673905210134941,-1.2342898380418008,4.755996332352705,-0.5710248953839825,1.5250176721611055,-1.004292270566804,-0.9446547300308944
10.0,54.0,1000.9185791015624,-4.27578816957065,-2.880157254172873,-1.9279502614605115,0.8178146573170331,-1.3143563777623235,4.832026855051222,-0.5448549514165499,1.6131038896029717,-0.9634237662834542,-0.9499674235160658
10.0,54.0,1000.7584228515624,-4.243708556502122,-2.93713892228444,-1.964027110280845,0.7167470204036803,-1.1841473687147892,4.837587719480252,-0.5451107356839167,1.499073955209309,-0.9452799569305776,-0.9958753686698536
10.0,54.0,1000.7750244140624,-4.149087530632615,-2.91297946050142,-2.0328886891284634,0.6283565746148758,-1.3427956777211247,4.825350699926414,-0.5024384416430347,1.3309462974605566,-0.8811117066643055,-1.160261974688701
10.0,54.0,1001.6466674804688,-4.325534414702705,-2.8130842754956613,-1.9490489659566863,0.6458515352629899,-1.3608609141343582,4.953928297140987,-0.4305333095874104,1.4911004922165123,-0.9517172732439718,-0.9615667511834384
10.0,54.0,1001.5127563476562,-4.212119514610277,-2.831130342032874,-1.9689456734780328,0.6315999467033508,-1.252583825428632,4.890794226874505,-0.5324673354503817,1.4365763624913983,-0.9415812513104278,-0.9643550327486166
10.0,54.0,1001.361083984375,-4.0725307123448085,-3.006524420589029,-2.024815027688713,0.6560725619796681,-1.259931741889082,4.784838459926473,-0.5883876021940218,1.4508578352564356,-0.838519641056946,-1.0421287578754752
10.0,54.0,1001.5784912109376,-4.178480459051655,-2.93100082532571,-2.028992899084527,0.7362514794326209,-1.1683825918560826,4.825551725382567,-0.57778328727602,1.5539326131419795,-0.9716144456719382,-0.98278018353529
10.0,54.0,1001.0224609375,-4.2458849482889605,-2.9710931068802653,-1.8959596528403115,0.8367168068997257,-1.237566499541482,4.812713225058282,-0.5181411955509487,1.5114855527654294,-1.0071496553449704,-0.9783155120580176
10.0,54.0,1000.6060180664062,-4.259118978345812,-2.9766933041832844,-1.9122993897115887,0.7210041213055973,-1.3393689636727095,4.85305450718749,-0.578960358735217,1.4876650486175302,-0.9347482934297576,-1.0872545820330015
10.0,55.0,1001.8948364257812,-4.312206526585699,-2.8809396525663304,-2.055453728532947,0.5887819407672792,-1.486292314834996,4.846203997240192,-0.5428111504854742,1.4305727463827678,-0.9201756308608572,-1.098408060534906
10.0,55.0,1000.8616943359376,-4.276814311435428,-3.01248714826267,-2.0017350722193115,0.7344991966565706,-1.2003972066095625,4.753182464873232,-0.5503935270014928,1.4836643528691065,-0.9845635412648148,-1.0121642322001807
10.0,55.0,1000.8135986328124,-4.19247214380464,-2.933231740944555,-2.015084508594241,0.5990353071666537,-1.3701123604700434,4.834925126421563,-0.5702113266668203,1.42210419387954,-0.9277804776313854,-1.1038382936165965
10.0,55.0,1000.72900390625,-4.261791061170454,-2.940693210155563,-1.9403400566483475,0.7488371496667989,-1.2699136360191687,4.822265521234934,-0.5166945414916428,1.473060744361291,-0.8961342974082314,-1.0169726927016915
10.0,55.0,1001.1925048828124,-4.273530692033268,-3.0064887329487897,-1.8625775747577005,0.7558898064638591,-1.2837994963126411,4.809918421216775,-0.4969886588912775,1.507121007717917,-1.0590456886001842,-1.0273798000370435
10.0,55.0,1000.5030517578124,-4.343224243883633,-2.996211082442308,-1.9749856492628988,0.7000772696222537,-1.375027764690814,4.830541235878037,-0.4507417185151592,1.391904304741768,-0.930464042996122,-1.0974342648822475
10.0,55.0,1000.4971313476562,-4.265029834151748,-2.988443732311588,-2.003738967485762,0.6479952624302197,-1.3505831661808076,4.754365984883826,-0.5198998833161861,1.4059045499926883,-0.934645721628458,-1.097946253642697
10.0,55.0,1001.1536865234376,-4.257308386164144,-2.936168626859547,-1.837730477015438,0.7816321131768253,-1.2564209123683234,4.872003638872114,-0.5827702924628824,1.6210035160443592,-1.0582765984281806,-0.9316634231549594
10.0,55.0,1000.7258911132812,-4.247499345025618,-2.9212296122756234,-1.9266909777692809,0.6692897126749564,-1.24679810320703,4.90946389695794,-0.5297684945189527,1.4591447006508511,-0.9598519911875494,-1.0622307621462903
10.0,55.0,1001.11181640625,-4.182235276230043,-2.9272168389533992,-2.0067360228269067,0.6666748207323803,-1.340985031893085,4.89735135915457,-0.5268332058766552,1.410709153253988,-0.8966755714282373,-1.1164031720807226
10.0,55.0,1001.1390380859376,-4.371966399648596,-2.945120692709821,-1.941086831564867,0.7635972760730878,-1.2806118786265146,4.880161063860335,-0.5073801123553592,1.4629594095066365,-0.9793361874669833,-0.978870726519876
10.0,55.0,1000.9319458007812,-4.233907182917675,-2.894590240465566,-1.974594337833784,0.7816024417358634,-1.2909378339370314,4.823729702017294,-0.5244302275389909,1.508846022177056,-0.9607277421097996,-1.0689861292459455
10.0,55.0,1001.179931640625,-4.313247150895167,-2.9927929957599315,-1.94708938034688,0.6792759098523495,-1.3021813283938877,4.829658182324133,-0.5579987313270554,1.448552352891963,-0.9781291896401464,-1.057482105739652
10.0,55.0,1001.1607666015624,-4.378851519311759,-2.9231875881471363,-1.9228096884229309,0.7899621208983154,-1.3021479629310613,4.846542795498696,-0.4369004718964246,1.5272987684691195,-0.9839603995755066,-1.0086768360563636
10.0,55.0,1001.1749877929688,-4.239938502155181,-2.878461128615678,-2.0068356620715733,0.7316569271126108,-1.3576390367319666,4.855662507825324,-0.5019937559604131,1.3750595692381031,-0.9103158016802908,-1.1037530763677106
10.0,55.0,1000.7647094726562,-4.2257222502610405,-2.938751098024891,-1.960223212786872,0.6611970091069903,-1.3888547327736895,4.808599207813439,-0.491686431339974,1.3864557574790553,-0.9159091261677164,-1.1101580312165096
10.0,55.0,1001.0162963867188,-4.244663731311534,-2.9220799499846954,-2.008658657744851,0.6661235485892805,-1.2684460267659436,4.893656437335494,-0.5594255193894231,1.4976845374968129,-0.9445356299480744,-0.9863584926444338
10.0,55.0,1001.224365234375,-4.1137699427919525,-2.994461802939796,-2.0073185606287454,0.6455279121813309,-1.1576888659181357,4.813276448861046,-0.5976356803187155,1.4395968715487086,-0.9085819260624516,-1.0325673144751368
10.0,55.0,1001.08642578125,-4.107050828386015,-2.967971973205317,-1.9753758354924948,0.5878978737610616,-1.3580755750995293,4.8351572921265085,-0.5752618030372458,1.476908687077736,-0.9957996337620276,-1.0915073310261
10.0,55.0,1001.0587158203124,-4.173592164562629,-2.9840336640794467,-1.9445245573776744,0.6519502782114328,-1.2445906175131585,4.816601685497613,-0.544666173898082,1.441843385736461,-0.950727340396119,-1.068994455793446
10.0,55.0,1000.527099609375,-4.265673221917147,-2.935091001667872,-1.9975428662343853,0.6619432726491254,-1.3209947501672086,4.838219758100376,-0.5354360368681759,1.4972870150668776,-0.9261269726534156,-1.0356982481850103
10.0,55.0,1001.3177490234376,-4.233820101538169,-2.9067387548839183,-1.94677760773214,0.6849718586834168,-1.2553944291208683,4.8603957448708535,-0.5292694250058751,1.3898892204611233,-0.9134667059419151,-1.030868796654849
10.0,55.0,1001.4925537109376,-4.34105828027222,-2.956438668405603,-1.9217328527682724,0.7253393613368715,-1.33425259352131,4.879262926843417,-0.5019208289590491,1.492653479817064,-0.9771799276914308,-1.1191836652475402
10.0,55.0,1000.9959716796876,-4.292310153042547,-2.946426523894058,-1.9450998036837044,0.7937499116481295,-1.2097337477354682,4.8637126171960325,-0.5146990564186487,1.5492078022859506,-1.0263034672139004,-1.0009019912803896
10.0,55.0,1000.6296997070312,-4.181914013042626,-2.907098059947864,-1.9380544429884203,0.670223745674531,-1.309437409744862,4.856825198720353,-0.5112574520761495,1.4815495974157074,-0.9243329428722626,-1.0815265643344505
10.0,55.0,1001.1444091796876,-4.3690382376789225,-2.9588611863613714,-1.995125038812268,0.7123647119988386,-1.3323738295572083,4.864930307782608,-0.4302782255814801,1.4047630283196968,-0.8866237464553182,-1.13668371480323
10.0,55.0,1000.5911865234376,-4.163252182237423,-2.964037421729727,-1.991270267934545,0.7508582901972805,-1.2958592562057252,4.802482081351101,-0.5259628254270812,1.4797147458944444,-0.8978291696308647,-1.116977518069052
10.0,55.0,1001.0263061523438,-4.272396529859062,-2.958173258229007,-2.0138953475434174,0.6004202182258087,-1.406667604985282,4.858178371364094,-0.512342814041836,1.3622765132718715,-0.9317846639681324,-1.09817745047804
10.0,55.0,1001.588623046875,-4.370126862432773,-2.913623239877724,-1.9225908779037983,0.6819407734892771,-1.4329334598066117,4.902212137616482,-0.4258542405092793,1.4252712508655456,-0.8962467846283841,-1.166740447644563
10.0,55.0,1001.0192260742188,-4.212559423152496,-2.8758392749109003,-1.9503356872971485,0.6533840343800872,-1.4203521870259266,4.845752830127292,-0.531081608620628,1.47936993825701,-0.9251670889989398,-1.0439126342535716
10.0,55.0,1001.2609252929688,-4.401770123377772,-2.890314932346972,-1.9092555536427709,0.706644781006732,-1.3532054332963002,4.892156048347607,-0.4760947903264902,1.533662961370622,-0.9967099595452042,-0.985694464902032
10.0,55.0,1001.4674072265624,-4.2887826583996445,-2.883254853804861,-1.880934142009874,0.7649124503757134,-1.319125027930137,4.883798985393588,-0.5951713920883597,1.6122279231469427,-1.091689638399012,-0.9323241215789108
10.0,55.0,1001.5274658203124,-4.292158307426517,-2.9062929179072943,-2.067576001472011,0.58557441454845,-1.4144286842122296,4.8373468338740935,-0.5262812360968185,1.325318075041685,-0.8882056006256729,-1.1207098390105026
10.0,55.0,1001.1854248046876,-4.210188819180751,-3.003958035823685,-1.9868856181454624,0.6944207940186615,-1.206015439158041,4.798799517913983,-0.5674531940223639,1.479305760199054,-1.0291373263408818,-0.9648564012817876
10.0,55.0,1000.7649536132812,-4.274821584115224,-2.9468510342387746,-2.006027441593214,0.5953084286071153,-1.2894395174122844,4.860980660600898,-0.5504448866716505,1.3624162466762488,-1.0035571735464313,-1.0333952374561326
10.0,55.0,1000.7835083007812,-4.149510608162618,-2.902215282606793,-1.9251421932965893,0.7069011406362504,-1.2268711990058807,4.869520531882719,-0.5695185790734261,1.5154454252160532,-0.9615306358617612,-1.043393678588314
10.0,55.0,1000.9430541992188,-4.304048365702823,-2.9982063770111984,-2.054818291776788,0.6229355759687358,-1.2971834702475116,4.681206671496751,-0.5950845333576957,1.3645230975540832,-0.9445935653498614,-1.031919331728735
10.0,55.0,1000.928955078125,-4.285528949906164,-2.909525039255924,-1.89246011835094,0.6766390553142809,-1.261929084071982,4.849212476318302,-0.4812413301782401,1.451424485681466,-1.116327896121152,-0.94896442096959
10.0,55.0,1001.1898803710938,-4.288844038209011,-2.961327222109749,-1.9570452292998104,0.7854232563193744,-1.229710087424027,4.829164029165318,-0.4709506649917028,1.468424675019154,-0.9656363760063496,-0.9453838134406088
10.0,55.0,1001.0717163085938,-4.218726101854139,-2.8207630920200035,-1.9082339456786768,0.7708597340466907,-1.2270006376282137,4.914072938819755,-0.491005012801514,1.509891475009157,-0.9377783618190084,-0.987102522219371
10.0,55.0,1000.7379760742188,-4.213775828993471,-2.9226569678779,-1.9629596442570123,0.689086749741751,-1.2753396118007956,4.894343868216946,-0.4927129136083783,1.4422723432335962,-0.8439202057029185,-1.1176292435149875
10.0,55.0,1001.0029907226562,-4.207398983249046,-3.0072439342721946,-1.951723754309613,0.7010794491762145,-1.2016637710132736,4.808054951069833,-0.5503834074616414,1.4827390900785309,-1.0308383610000265,-0.9783759984165226
10.0,55.0,1001.4452514648438,-4.244262778255235,-2.901220933898918,-1.8959169139693064,0.6977856064922445,-1.3161486434829204,4.891814542979432,-0.5562597000432499,1.4760450492292652,-0.8764050178355891,-1.109318215421211
10.0,55.0,1000.7451782226562,-4.275550045346141,-2.9810831139385856,-1.88869120862448,0.7751199186646884,-1.183250175711401,4.7585264438370345,-0.5596462599596812,1.5627316332110306,-1.0273713305477146,-0.9794309883696392
10.0,55.0,1001.0358276367188,-4.252832625066372,-2.952492476179877,-1.8676364165857056,0.7175896587545552,-1.2254192488889482,4.819878348710889,-0.5246607628907647,1.5087547537615509,-1.0611500924643602,-0.963264832483973
10.0,55.0,1001.5342407226562,-4.366818680378226,-2.854576098292533,-1.8358111479947992,0.885975732192926,-1.1866697338150578,4.880397320076938,-0.4387043907028909,1.5869105844103917,-1.023979189624983,-0.9237074251274846
10.0,55.0,1000.7282104492188,-4.234939249499517,-2.9365443301205656,-1.9157316555892303,0.7596347908498693,-1.26039655434117,4.89056759228307,-0.5074550126089497,1.5310421254117117,-0.91758626142388,-1.0049543393524014
10.0,55.0,1001.446044921875,-4.348441666415299,-3.0138196043569625,-1.9984371613637624,0.721794648097001,-1.255815046289828,4.804813441503896,-0.5966363242916737,1.5082507861372116,-1.0127189795938647,-0.9551147945222862
10.0,55.0,1000.753173828125,-4.236456409323432,-2.8845078521434,-1.9728986675598348,0.6847325181574115,-1.317458673182443,4.823084617605307,-0.527549074790647,1.481585736555207,-0.9099874273086436,-1.0871461863408385
10.0,55.0,1001.130126953125,-4.239339832459966,-2.8805600454692115,-2.023896365622016,0.6784098196418356,-1.341640552549714,4.844416859517615,-0.5141095195167518,1.4533214279135669,-0.8635329569439145,-0.9916931541251444
10.0,56.0,1000.6415405273438,-4.247294177745549,-2.9514748664943937,-1.9838656463754707,0.6848448801703046,-1.2646094637078882,4.762259231645533,-0.5215725284708288,1.4057516936318972,-0.9198660156974584,-1.1097580816341064
10.0,56.0,1000.9874267578124,-4.137386501333939,-2.877997079844681,-1.938056872593271,0.6920439482069298,-1.172272548938447,4.892073976757583,-0.5473184646866969,1.5644685818179171,-0.9708904627796828,-1.0072550429818443
10.0,56.0,1001.0196533203124,-4.199783391314203,-2.932417133001833,-2.0292003598832182,0.6639846153867568,-1.211319827925375,4.840257759040149,-0.5106564631827135,1.4154261768336207,-0.934219676862007,-1.0044488073456108
10.0,56.0,1000.54248046875,-4.225866516623297,-2.9292114482521523,-1.953948517383211,0.6674584152667427,-1.2670712360513816,4.865924447825304,-0.5162617017107207,1.4559314296402706,-0.9337769010371436,-1.0876975648905085
10.0,56.0,1001.0640258789062,-4.154415680754616,-2.8809950807268097,-1.9667002677002952,0.695434599319313,-1.1840317662531763,4.90829492637873,-0.4904317263658955,1.480524935338595,-0.9607618099984868,-0.9973022418031476
10.0,56.0,1001.4429931640624,-4.161487130956839,-2.923474930524457,-1.878844771710188,0.6964071898485695,-1.2920027422793536,4.881335267027536,-0.5840484551010894,1.4719201692842692,-0.975015328834882,-1.078102536387664
10.0,56.0,1000.703125,-4.133426858945816,-2.929023334656197,-1.905839618508665,0.7142347747443933,-1.1725197768433593,4.8420450625549805,-0.6010088007450705,1.5649354637349235,-1.026631941103127,-0.9905382840728052
10.0,56.0,1000.8130493164062,-4.234871135688084,-2.887209669410973,-1.9655207308345368,0.7169077040220504,-1.3059393613567711,4.897206133446426,-0.502927976267225,1.56612477708042,-0.8665606170405287,-1.0553926525442487
10.0,56.0,1001.2886352539062,-4.416165583058277,-3.046276949932083,-1.9766185816989617,0.6591124325762152,-1.3830392991350324,4.847648534626973,-0.4455491707715122,1.325634577437352,-0.9728716506099212,-1.0601882950248331
10.0,56.0,1000.837890625,-4.348316928090988,-2.977843695348894,-2.034155050073005,0.6797229666903268,-1.393802889679498,4.802055999908717,-0.4947089483785207,1.4173602404806551,-0.871479308885867,-1.1062110959619464
10.0,56.0,1000.8536376953124,-4.339459024969025,-3.0232489823648976,-1.984204202347274,0.7043383848937665,-1.3203693790988795,4.752472320058185,-0.5434334140958548,1.4867233674587972,-0.977997948577201,-1.0424944297335204
10.0,56.0,1000.9002075195312,-4.206165423727719,-3.0210336737910737,-1.9396892321881247,0.724737550315516,-1.407997626977266,4.7747241006541135,-0.5098578793514736,1.4973490793152058,-0.9065141287157016,-1.1586926137523497
10.0,56.0,1001.0948486328124,-4.138138739111599,-2.920447413690036,-1.9917728419737493,0.6635922337450753,-1.3506913844325026,4.902772614085968,-0.5073624530323286,1.4846568990980389,-0.920739206491568,-1.0686871951729393
10.0,56.0,1001.0300903320312,-4.234501358761483,-2.9749221991988293,-1.943927187401202,0.6675382319306014,-1.345614448367558,4.774346915031003,-0.5101373097414612,1.4521485543706047,-0.9690096860049122,-1.04023093174325
10.0,56.0,1000.9351196289062,-4.271137116377708,-2.964323035989243,-1.9597478262301031,0.7487996630958946,-1.4139226288271003,4.8186142894717445,-0.5073660858990419,1.5066146718087792,-0.8921202444245822,-1.0648338318363768
10.0,56.0,1000.8125,-4.2971058525905965,-2.945194836267006,-1.9187809789946857,0.7134163795433137,-1.3555733177293758,4.908600774121023,-0.4629001586071011,1.4655145991121614,-0.8678564000134621,-1.1182337679419023
10.0,56.0,1001.2308959960938,-4.112073950872717,-2.942948334420611,-1.9356443330450213,0.7776528027986789,-1.1877073090872865,4.783422594328462,-0.509717931544575,1.5641112452417216,-0.9176579446495898,-1.1510802405940337
10.0,56.0,1001.8165283203124,-4.122591818635344,-2.915617977167331,-1.8813076977263687,0.7526331689481864,-1.212327546133014,4.843145567467047,-0.558278714985029,1.6831998730908238,-0.958475550833178,-0.9789969057087128
10.0,56.0,1001.0260009765624,-4.196381814213296,-2.960658255341928,-1.9415825614992417,0.700469137867076,-1.2536357607677535,4.830416545021787,-0.5645522315067426,1.4260914637689348,-1.0416211706034773,-1.0381090017878276
10.0,56.0,1000.8504028320312,-4.209983212538939,-2.9352621255339035,-1.9520264714047,0.6979151481894554,-1.3531260073653897,4.847471071055308,-0.4644561223381691,1.4616079046090134,-0.845009061812636,-1.1367424674692588
10.0,56.0,1001.5285034179688,-4.111353537880255,-2.89753069839274,-2.0543296825424315,0.4990861180839632,-1.3423166779632338,4.851532049269089,-0.5349395850191421,1.4022373529098615,-0.8440638820636615,-1.1474148120975798
10.0,56.0,1000.9907836914062,-4.34468873142543,-2.9412810130918814,-1.9588825940215973,0.7476897941300109,-1.2827723426246007,4.861559404964584,-0.5173288702652084,1.4917829241915683,-0.9068596261004008,-1.0827720898373876
10.0,56.0,1000.6630249023438,-4.268310139260083,-2.93058509686222,-1.9887364574969828,0.6562300214079428,-1.2402626796138732,4.845465953933509,-0.5264494228913659,1.448879077469578,-0.923682353765332,-1.0656899380478406
10.0,56.0,1000.858642578125,-4.198002245657102,-2.8660088219571827,-1.956090319109632,0.7286531731935835,-1.3805196941520324,4.900093827941321,-0.4916310137276909,1.5016196891745368,-0.9039106251907922,-1.095077750023373
10.0,56.0,1000.7396850585938,-4.291032061476652,-2.93335761610987,-1.933047653113764,0.7230091919271562,-1.260815386089615,4.760114898633658,-0.5046866760865552,1.516273016957948,-0.9673999320824612,-1.0242882245875506
10.0,56.0,1001.2881469726562,-4.277296705668885,-2.9573755896989584,-1.985232577845756,0.6707147939494673,-1.3536973543043955,4.860799492402654,-0.5246696970143159,1.3895374322530216,-0.9569754671837868,-1.1121103627601912
10.0,56.0,1001.1626586914062,-4.077811163175465,-2.843433034409029,-1.9780964980243416,0.5893648271169383,-1.365903948351273,4.886133077594664,-0.5619957076093627,1.3857973133191983,-0.9553270268803784,-1.133026777712371
10.0,56.0,1000.78955078125,-4.169981384192122,-2.910455444298328,-1.9512661449884925,0.6580003458354531,-1.2856199264708472,4.864238239217375,-0.5953435334627146,1.4925540687391994,-0.982983862508214,-0.9973005690130607
10.0,56.0,1001.0392456054688,-4.3486755944841775,-2.958748721230963,-2.0424055002152617,0.6975351498817499,-1.2800791905043365,4.79918578112988,-0.5088440909715857,1.406455389041513,-0.908531879128053,-1.025216025281162
10.0,56.0,1000.8861083984376,-4.276444666440519,-2.9260194120131984,-1.945182100896652,0.7924851573921465,-1.3406406700065143,4.8398205165389765,-0.4838656907987353,1.4428718491194514,-0.9789806113979784,-1.0576533641200725
10.0,56.0,1001.22412109375,-4.219497511872103,-2.967029424810349,-1.989429642100789,0.7329869345872595,-1.2406618046814484,4.67277815080114,-0.5439652633546812,1.4499304136117264,-1.0021213956651138,-1.078401260133968
10.0,56.0,1001.49169921875,-4.239093833821472,-2.946323360606379,-1.9203735972406664,0.7711289234411609,-1.1681190195854945,4.903684001605557,-0.5357808713112036,1.4825533260536794,-1.0419895321908277,-0.9656016067104884
10.0,56.0,1001.0826416015624,-4.328358471565904,-2.9962037935172843,-1.949395561842728,0.7807238291151819,-1.199737171696186,4.852171851111031,-0.4882461433826659,1.4759011573889218,-0.9024443127591651,-1.0807879573320944
10.0,56.0,1001.4920043945312,-4.086707147401056,-2.976338679484713,-1.97779500076208,0.6661619896844915,-1.3160232645274863,4.638652378588265,-0.5863356178886043,1.458054913891953,-0.937594698287195,-1.1087420948055882
10.0,56.0,1001.071533203125,-4.322413568123357,-2.921741988013242,-1.9557528375719715,0.7273283462127198,-1.33458536192789,4.901824533395558,-0.4711490743648499,1.4876689577619526,-0.8094493857074827,-1.096152768402836
10.0,56.0,1000.7777709960938,-4.239136404083959,-2.924724206627914,-1.9225076694048755,0.694144305164297,-1.3084737917796536,4.863715889066425,-0.4883744895905275,1.4411061749549825,-0.901275938100416,-1.0850932659219104
10.0,56.0,1000.83740234375,-4.346921285388245,-2.9877693202846047,-1.9873306422372807,0.7066763663551923,-1.3326869114800588,4.807644025859425,-0.5094586641669672,1.46647078482256,-0.9191040518019742,-1.044065663167114
10.0,56.0,1001.042236328125,-4.280399036166519,-2.937347404857644,-1.9246221801784853,0.7505943733238096,-1.2952426569220767,4.868758995579816,-0.569989242551288,1.4917838326049715,-0.998519192775726,-1.0047735428898663
10.0,56.0,1000.6402587890624,-4.176469570125331,-2.979022591034205,-1.913902522324596,0.7356683673262276,-1.284590521388424,4.789278648893381,-0.5245362286286905,1.4510629636679742,-0.9611307269350168,-1.0953923479579952
10.0,56.0,1000.5756225585938,-4.2809950230308615,-2.963587548483219,-1.9639923579830465,0.7182479467832872,-1.2279317543464008,4.866671772886427,-0.5359239573411543,1.4786621194872716,-0.9835381055884458,-1.0329574833293955
10.0,56.0,1001.0220947265624,-4.295634218409125,-2.92686225806671,-1.9235139402747856,0.7483550437160567,-1.2532181909750717,4.837448170686411,-0.5047204633875433,1.5030867086771875,-0.906861971470346,-1.006859782247541
10.0,56.0,1000.8853759765624,-4.34152508428926,-2.9483241252909096,-1.99096223349986,0.6749583880046126,-1.4181313157206468,4.841683214252431,-0.5389565172879651,1.4588692253604751,-0.9049072869001452,-1.0454581022177738
10.0,56.0,1000.7050170898438,-4.330994530050635,-2.954482322059425,-1.9229564144429565,0.7011697666221632,-1.3165098101168082,4.886243404659732,-0.5560679394971313,1.4315874793462182,-0.9492355039485004,-1.0164119919920496
10.0,56.0,1000.9983520507812,-4.29248946435151,-2.9256694024635577,-1.9078546713827087,0.739405911184603,-1.3609227671114748,4.875663576776921,-0.5408805209625234,1.4816330643957576,-0.8655152112543512,-1.0359954600831012
10.0,56.0,1001.1226196289062,-4.235158609721626,-3.0087021658316786,-2.070387398042564,0.5989233096439772,-1.360543716911326,4.768017516374709,-0.4163213871206626,1.3068648824099052,-0.9432100382491564,-1.1508762914388129
10.0,56.0,1000.6226196289062,-4.203521044772708,-2.998041482725116,-1.9414786600990463,0.7593753595290398,-1.3222948541364818,4.818363574528258,-0.5524484516655583,1.475187489192611,-0.9464176876459094,-1.09797835221177
10.0,56.0,1000.6334228515624,-4.207775112443848,-3.0366983066307505,-1.9945673218353648,0.7298675269716135,-1.3134412694964204,4.73990461746561,-0.5459983378920334,1.457656313482811,-0.932195643423757,-1.0929730827988542
10.0,56.0,1001.1363525390624,-4.168490328754984,-2.8865044862755527,-1.877301802555111,0.7685851128900767,-1.2460383806612274,4.769308808780796,-0.531889483621681,1.5640382551331218,-1.0110258558605691,-1.0054565751470563
10.0,56.0,1001.1654663085938,-4.397677630668561,-2.9679232517346668,-2.039054470112338,0.72360792029846,-1.4019328116899228,4.797866190939423,-0.4597088249936494,1.3791033792496696,-0.853059996755035,-1.114974590717666
10.0,56.0,1000.7009887695312,-4.161606293811857,-2.9834450437036844,-1.939566158094434,0.66377105387049,-1.2309379666406444,4.837540712074105,-0.5688865388326256,1.5017559206535689,-0.984593488671222,-1.04971175377907
10.0,57.0,1000.7201538085938,-4.189611863494045,-3.029506092645065,-1.9829003242995047,0.7004483552746876,-1.3139583905220809,4.768034228766751,-0.5719724066937477,1.5378906539053858,-0.9403308146351108,-1.0793269723211902
10.0,57.0,1001.6095581054688,-4.145086939866227,-3.04978268129704,-1.95354655709284,0.7642425031695419,-1.253901139827971,4.785435185714766,-0.5812805786452477,1.533491819497053,-0.956130343085782,-1.067938928516703
10.0,57.0,1000.7139892578124,-4.152533792322844,-2.934539808689995,-1.9555568169374409,0.6831437566603586,-1.2347511600622232,4.868335824435476,-0.5424527107770816,1.487203625083949,-0.8884317929733392,-1.109698721698
10.0,57.0,1000.7388305664062,-4.174485561332906,-2.914190187624788,-1.956242783374477,0.6790142316040075,-1.2474402403131508,4.891218658888409,-0.5183153588345517,1.552697901095705,-0.9172954477291616,-1.0545851721463118
10.0,57.0,1000.8712158203124,-4.161717873859406,-2.899096096230533,-1.867561563148858,0.7356775431238569,-1.280385751273545,4.868467597487033,-0.5682693517896551,1.5513304527729748,-0.9702445659443324,-1.0198306953550365
10.0,57.0,1000.9224853515624,-4.277511906803841,-2.9615676173864083,-1.905709034707065,0.6643427295138027,-1.2980204458015865,4.861710638964443,-0.5166952827513756,1.4778514822372788,-0.9111615947184966,-1.043578396822137
10.0,57.0,1000.5426635742188,-4.239682336727038,-2.9783965292898573,-1.95877641668148,0.6825010323612091,-1.2813144722459286,4.772997191352784,-0.531820593096616,1.4271657668045146,-0.9600216460600306,-1.0324661880383323
10.0,57.0,1000.7936401367188,-4.321062875518501,-2.979395480439866,-1.9614211087657447,0.7250009486526912,-1.2317025046442458,4.791006484564313,-0.4761650122860459,1.422435358817605,-0.9574945906569772,-1.0463905467429493
10.0,57.0,1000.69970703125,-4.214537311474787,-2.91420621098894,-1.9693873511327524,0.6619370206485424,-1.2896431168257134,4.8847226333771125,-0.5214635085536692,1.4389115158372796,-0.9626082222178748,-1.0266347394169504
10.0,57.0,1000.821044921875,-4.245061448024023,-3.002099197954696,-1.9909686520124592,0.6500249186879161,-1.2710654600753268,4.715947155278329,-0.5825490971989984,1.4849427402548807,-1.0125592447352942,-1.0461655964847405
10.0,57.0,1001.1680908203124,-4.295385566470321,-2.956376645282694,-1.9465839714984767,0.774552400214132,-1.243152360669595,4.837690133891906,-0.5648588066638442,1.5153401920397247,-0.964259704219394,-1.0498548353632549
10.0,57.0,1000.8628540039062,-4.294559271345545,-2.892599807835417,-1.8829508082618105,0.7599859000725298,-1.294873102180489,4.888732501362622,-0.5181520319854158,1.5176120095311498,-0.9043607736577206,-1.0424616567557403
10.0,57.0,1000.8016967773438,-4.171355414249585,-2.942537180429958,-1.994108606452023,0.6645672958482773,-1.2897178360298156,4.83770098107421,-0.4856348201530389,1.4569075088705483,-0.8769661954674133,-1.0966946542581455
10.0,57.0,1000.624755859375,-4.228543048533254,-2.9489604941489755,-1.89344284423067,0.7310999972601673,-1.2334791295282763,4.836647091004339,-0.5345569878556553,1.5455199649766396,-0.9573994135385028,-1.009084378372536
10.0,57.0,1001.1796264648438,-4.330035064346075,-2.959829769212752,-1.979707740453267,0.6735992314895656,-1.195940390832091,4.802850536568062,-0.5372807145323648,1.415819254033987,-1.003084991578549,-0.991806002379196
10.0,57.0,1000.7699584960938,-4.261804815302359,-2.967533440443201,-1.9528792706506168,0.7012956642813766,-1.3504203779711688,4.817755803686213,-0.4809327039892013,1.445109422850276,-0.9720406868580432,-1.0386406025199155
10.0,57.0,1000.8174438476562,-4.173125536618266,-2.8952204705445794,-1.912980405229499,0.6949136663506108,-1.2617708092887487,4.834421756108613,-0.5622042213773852,1.4621940163055678,-0.955693747854137,-1.0457655283140244
10.0,57.0,1000.5326538085938,-4.26312631613869,-2.95130904542311,-1.9529941523852885,0.6824308111827442,-1.214941981237065,4.831796368641045,-0.5541274098698104,1.4969317455358553,-0.9518518181067108,-1.0071156678818325
10.0,57.0,1001.079345703125,-4.167115297199244,-2.915703199126185,-1.9572669788585328,0.70504780947791,-1.3100568001259112,4.862935110725687,-0.54530390376528,1.4737300188232885,-0.9150801163832742,-1.0468356301151331
10.0,57.0,1001.0044555664062,-4.273090156993882,-3.007377116189698,-1.9027040538354865,0.7412149319664207,-1.2787653431812736,4.8279191032206406,-0.5302144275577971,1.491108206688451,-1.0211885736933493,-1.0505130956330326
10.0,57.0,1000.552001953125,-4.290634270377311,-2.980226207303223,-1.939400317719232,0.7291868468629934,-1.3512029371622103,4.783342388174567,-0.5018058872627806,1.462851644954748,-0.9643413741650146,-1.0448270962739468
10.0,57.0,1001.2914428710938,-4.254232353859016,-3.044097078110992,-2.040961882384784,0.6728598685599954,-1.219005494616772,4.742869983910506,-0.6116950978602294,1.463512464256799,-0.9343412331515522,-1.0571842386179005
10.0,57.0,1000.7357788085938,-4.25360982316942,-2.999625838757636,-2.04113034712277,0.6471590191224337,-1.3529198432988387,4.833214371808507,-0.4933479545569845,1.4448898673464168,-0.8759600004800898,-1.1370265270530888
10.0,57.0,1000.9609985351562,-4.207242719122615,-3.0044443127552936,-2.0453143219515093,0.6522399906593224,-1.4129497512850704,4.664977350611292,-0.480528512843402,1.355303223032239,-0.8688339714913438,-1.1760318764018245
10.0,57.0,1000.93896484375,-4.196826173117605,-2.8987257192032305,-1.9732131328520408,0.6385228034795638,-1.3519392333418532,4.8695395570419215,-0.4647337369409925,1.466237347458482,-0.8626446205162202,-1.126270381550027
10.0,57.0,1000.82421875,-4.276683269020909,-2.944658334323408,-1.9313985660784123,0.6184355774110974,-1.2817713086515612,4.894585466271572,-0.4937007608647779,1.4330961904563964,-0.9436919634259944,-1.1242461774236596
10.0,57.0,1000.7408447265624,-4.287644453636358,-2.8867673120575823,-1.8961551444267748,0.7313378106768571,-1.3671927088227194,4.919091082056758,-0.5092901362695681,1.5259516660901475,-0.8878999641957579,-1.0754546417285251
10.0,57.0,1000.8921508789062,-4.218281292012129,-2.9645321964400355,-1.9845718210127503,0.6663468801090744,-1.2737772913806698,4.857876654853591,-0.5589534852436255,1.4785843071909357,-0.992463871775982,-1.0450862447591378
10.0,57.0,1000.9042358398438,-4.2270374919603295,-2.96056036186004,-1.872849237881824,0.7616393858093193,-1.1937857667944978,4.773376762333749,-0.5342885114170715,1.5442988905306008,-0.9852932329034908,-1.0154775811482026
10.0,57.0,1000.70166015625,-4.235309004677132,-2.955689812276584,-1.9785592003224848,0.7220454521600104,-1.2119334633246002,4.802042913111709,-0.4783704418006742,1.4301953566396266,-0.9316383695497236,-1.1208883391403672
10.0,57.0,1001.0615234375,-4.186558362036564,-2.962586452366798,-1.973398205907909,0.7186429655610729,-1.317559879204012,4.832508116075745,-0.572632633322069,1.548657308336007,-0.941229658767968,-1.1014071172257365
10.0,57.0,1000.743896484375,-4.165934387853875,-2.9575329248681737,-1.955841541314008,0.7273454704924367,-1.3470120739172513,4.888310149826433,-0.5346772505413364,1.476190748591442,-0.8843613677723159,-1.1455518245136114
10.0,57.0,1001.0240478515624,-4.238106246306667,-3.0920356449334045,-2.077555752184674,0.6918440703373276,-1.4841995934198686,4.749612541999451,-0.4995615252977705,1.3630979364496394,-0.870580223907055,-1.24020374804507
10.0,57.0,1000.7689819335938,-4.250146251771893,-2.9091744961681862,-1.9329592241452456,0.6903377844352292,-1.3097395952995377,4.877512737237089,-0.5150006436778725,1.5357966280382662,-0.8926122534653196,-1.029223326908804
10.0,57.0,1000.6092529296876,-4.293295388089425,-3.0614919742348707,-1.9490183788890816,0.7515859290653681,-1.288460859937528,4.748169995611452,-0.530710553992856,1.4865600253444278,-0.9474451440369503,-1.1174265233904852
10.0,57.0,1001.1947631835938,-4.2303343156631055,-3.024155701542196,-1.9490791639273235,0.70096315852913,-1.241979949201042,4.797840829889141,-0.5656341314007722,1.4256792078797398,-0.972261078688744,-1.1130159201801255
10.0,57.0,1000.7821044921876,-4.276227724080894,-2.936596834830193,-1.896981096942821,0.764219081137119,-1.254479854107422,4.897494401938946,-0.5446627929961414,1.558807114338614,-0.9736471562477158,-1.0189938286498377
10.0,57.0,1000.720458984375,-4.297107672285307,-2.96052710756216,-1.947371846590134,0.7206658321540571,-1.2098216814611664,4.814035633580181,-0.523588089246509,1.4515498572314662,-1.0319260214734003,-0.9616171556555216
10.0,57.0,1000.751953125,-4.101437600112413,-2.982896666407731,-2.047065909105958,0.7164194710002745,-1.2943220572319634,4.783090884260037,-0.5780681740563605,1.454773921300335,-0.8874841732558219,-1.1238079638133025
10.0,57.0,1000.452880859375,-4.243085118611253,-2.958766222241577,-1.951993435384281,0.7126456446591618,-1.2625944082009193,4.766936125391366,-0.5551443626155459,1.5077754800262717,-0.9496795564541598,-1.0733444200501516
10.0,57.0,1000.9386596679688,-4.22495310676606,-3.0328428245041925,-1.977277230362096,0.655649496661292,-1.2382341787033035,4.76431326347582,-0.5696361375887982,1.4309435757480813,-0.943726960120455,-1.0423124271846644
10.0,57.0,1001.1738891601562,-4.192623744464942,-2.939585658069689,-1.9452650500495263,0.6243498420429807,-1.3637862355445312,4.850079221605515,-0.5266148176794685,1.4629075665669564,-0.8860306937563864,-1.0670078240461862
10.0,57.0,1000.6077880859376,-4.233213107013715,-2.8708180195274786,-1.969133337517764,0.7240534954559186,-1.2565796726156735,4.870257400825082,-0.5024397185812992,1.497835629017585,-0.907333993765996,-1.051796787877465
10.0,57.0,1000.690185546875,-4.234186302548356,-3.035537951357301,-1.966503455998816,0.6676657326482118,-1.27071894502157,4.726823759248383,-0.5649606342441,1.4238087924364606,-1.002872958828152,-1.0801800274912765
10.0,57.0,1000.730224609375,-4.322340958641363,-3.00667679157975,-1.9437912146606404,0.7373316563743568,-1.2127881298561975,4.752985781978582,-0.4954401920421922,1.5045969376167792,-0.9678057007564602,-1.007503324907662
10.0,57.0,1000.813720703125,-4.288912955230705,-2.974704532098315,-1.9931865774439803,0.7271756490901362,-1.2813288068174575,4.8319554747968,-0.5313668617965241,1.4825075542297297,-0.9385092041797805,-0.993640946349462
10.0,57.0,1000.7212524414062,-4.249887717617483,-2.9408450033624263,-1.9385133577417013,0.6659820496827882,-1.3082232138991028,4.830467458508117,-0.5107935029225814,1.4439624628451782,-0.9034157651509984,-1.067052023543253
10.0,57.0,1000.6895751953124,-4.240514494844695,-2.994119587265572,-1.994294545077897,0.6820540051627315,-1.215142721964491,4.754748426152004,-0.5064079357003006,1.4206331808980766,-0.917070517382526,-1.127709704791442
10.0,57.0,1001.0274047851562,-4.363571467761313,-2.96665659737703,-1.876789226825956,0.7524335557038997,-1.2485309756648304,4.854662311529012,-0.5195776924959832,1.488601369897352,-1.024529425225817,-0.95466758039037
10.0,57.0,1000.7620239257812,-4.155809846851327,-2.9507344833104936,-1.9630805869854944,0.6630405757209967,-1.2427901304108049,4.778630095562056,-0.5933748788767579,1.5125404766690649,-0.9360060268426612,-1.0952466955176594
10.0,58.0,1001.3421020507812,-4.208809253683215,-3.0633946802094645,-1.9423065909486432,0.7112927524244963,-1.2212783947549362,4.703705861338317,-0.592369345228466,1.4873550151360169,-0.9548474321208716,-1.0843389740310547
10.0,58.0,1000.9720458984376,-4.165508806256202,-2.9579124975747138,-1.940029686342577,0.7321897173479517,-1.2378080883499432,4.786524980402861,-0.6143379017161292,1.492625654590734,-0.9723090423832934,-1.048506082305931
10.0,58.0,1000.5440673828124,-4.227525756763707,-3.001167244687976,-1.9326723493160047,0.7044791972922457,-1.2718288449942734,4.76665443763696,-0.5604269285730652,1.5258459665632564,-0.9878217122926394,-1.0343777067139657
10.0,58.0,1000.7875366210938,-4.261804149723758,-2.957218249928176,-1.8995525111546656,0.7486198430101325,-1.2501482297785476,4.754272430744393,-0.5498186425916325,1.523205806011056,-0.9566541916047376,-1.0296744640041426
10.0,58.0,1000.5932006835938,-4.256677687196446,-2.952501688035996,-1.9844062679283985,0.662301154863342,-1.314002594722869,4.836303476425252,-0.543917379964439,1.5075871933184173,-0.906648009558512,-1.1011497897814189
10.0,58.0,1000.7213134765624,-4.360791311555125,-2.9348023739914075,-1.8790441732962064,0.7264783617067359,-1.3081813542400047,4.853658804141865,-0.5256526593325335,1.5326595983141686,-0.9514040661386316,-1.0429696441680387
10.0,58.0,1000.8869018554688,-4.292710327256124,-2.899291097504272,-1.8863717360974523,0.7470358742259382,-1.3176167527442662,4.794705407796096,-0.4583204751323553,1.5513492407180438,-0.9588754448673846,-1.0647327499642962
10.0,58.0,1000.7289428710938,-4.27261726356879,-2.9173420676297326,-1.976906435110553,0.6564533519176505,-1.3349480932641495,4.855302051855503,-0.5489929100506181,1.4913929450161776,-0.9572786267590584,-1.0325755889434478
10.0,58.0,1000.6212768554688,-4.210685273119131,-2.931069562617372,-1.978908213065611,0.6704838531818034,-1.2203580787734474,4.852846742943186,-0.5288731613748023,1.4780538688837763,-0.9497962490638736,-1.033888079149997
10.0,58.0,1000.4343872070312,-4.244489456672124,-2.9529660145033025,-2.0041577121124248,0.6861510940352575,-1.306157723327683,4.815766544981464,-0.5058284532553134,1.4203360281068065,-0.9563135689797768,-1.0532928637558563
10.0,58.0,1000.482177734375,-4.273280462145198,-2.948421962146108,-1.951496451335549,0.6757477714695179,-1.2675481259316754,4.823713973552778,-0.4789629030091955,1.4469799293419836,-0.9676208352932978,-1.048672050482935
10.0,58.0,1000.9702758789062,-4.332810915647719,-3.0318799243591408,-1.9615906212248309,0.6953628897469972,-1.2402038127509556,4.734802678665,-0.5043345743116348,1.4552201889081786,-0.9772515583570628,-1.0492651186370332
10.0,58.0,1000.7900390625,-4.283331310406986,-2.923545721748987,-1.947499009733507,0.6624946511532368,-1.3541996996580723,4.851559495449479,-0.5245078944545147,1.435766143624808,-0.8813987412518891,-1.0474088802751336
10.0,58.0,1000.7027587890624,-4.154101018158683,-2.9135815050088296,-2.020765008589912,0.6499323375549224,-1.2713941255832633,4.857354318511328,-0.549115214594396,1.42267528919443,-0.8903235296920888,-1.0763792581631906
10.0,58.0,1000.8323974609376,-4.254983207154032,-3.01373150366694,-1.955661547842813,0.696145838916058,-1.2696794354366796,4.731267081774664,-0.571260703394624,1.5148533582519184,-0.9689082401185702,-1.0663351679479556
10.0,58.0,1000.5323486328124,-4.195071475839967,-3.0044865773310434,-1.982392319434105,0.6673031633955393,-1.3131204892484143,4.806607123535029,-0.5395616147373383,1.4800006984784826,-0.9195972882506992,-1.1261630225098669
10.0,58.0,1000.7188110351562,-4.3361664595645335,-3.001529758997594,-1.9604755940872884,0.6708695993524234,-1.254143563403061,4.773896176268558,-0.5463201571117953,1.4947522918284974,-0.9766631818004852,-1.0176191827505
10.0,58.0,1000.7951049804688,-4.234435197455272,-2.941419734544575,-1.931226351814752,0.7015473041195079,-1.252191477478552,4.787374109620277,-0.501531879650889,1.542715075317842,-0.8921926514806326,-1.0868993346389844
10.0,58.0,1000.6723022460938,-4.188977972035088,-3.013052187075393,-1.9413711298337144,0.6903095864657427,-1.186643672635861,4.758791117326178,-0.5573436863749874,1.4576601294072642,-0.980446266512658,-1.0647066489163026
10.0,58.0,1001.0009765625,-4.1411128450282,-2.937437538655308,-1.9422491022941584,0.6820125951014253,-1.265876987945494,4.864039066861158,-0.5057103252018926,1.4715308515739205,-0.8494277990236689,-1.1632292879919492
10.0,58.0,1000.7005615234376,-4.211430970055302,-2.9745701632159065,-1.9300700340988337,0.7304743935189038,-1.2916502908857126,4.782106362541692,-0.5402543958979065,1.433299020412103,-0.9395743216446792,-1.0687976587561905
10.0,58.0,1000.9459838867188,-4.160039076967975,-2.912948645736047,-1.9332628239633567,0.653514438316436,-1.2713149633918763,4.881125332347542,-0.5463622396711223,1.4076881124864755,-0.9509375819487572,-1.1051968596013233
10.0,58.0,1000.8323974609376,-4.282507863831123,-2.941062810359937,-1.8587304372268827,0.7768604026163981,-1.1578690085614085,4.876022433814285,-0.4942056631003257,1.5241272200689204,-0.9887217882636196,-1.0024065712642538
10.0,58.0,1000.6589965820312,-4.206204945378493,-3.029869392945708,-1.9681666463604448,0.6859250800082073,-1.2068712740561698,4.70075540721842,-0.5816330564430547,1.509348517285351,-0.9894173473025658,-1.061882593688945
10.0,58.0,1000.7413940429688,-4.270829114610168,-2.977931499155093,-1.9780387983890009,0.6370883894585528,-1.2669087314483174,4.79696089361968,-0.5700399414243407,1.4236873328676172,-1.0269161562595128,-0.9841407399570228
10.0,58.0,1001.7261352539062,-4.211742870325187,-2.989806980818181,-2.0000233325377783,0.6612746623246002,-1.195279348307892,4.652524606552497,-0.5607819915881542,1.4890368534977387,-0.970149758193779,-1.016708939828996
10.0,58.0,1000.9176025390624,-4.291791956125014,-2.9451993333709896,-1.9181526558167388,0.7243629179447018,-1.2763117282440684,4.77255546944564,-0.491971722614605,1.4829241044811168,-0.9658463388498716,-1.0234777853752195
10.0,58.0,1001.0718994140624,-4.216923820000584,-2.9208822744055443,-1.887338493734588,0.7871835885075811,-1.3360360267994666,4.863666738834839,-0.5147956451721329,1.5309127766367334,-0.9672280669370528,-1.0202430582366118
10.0,58.0,1000.9678955078124,-4.257711671485144,-2.913469873352408,-1.9047680313908204,0.7622605039384842,-1.1852755100019734,4.849434057501496,-0.6088015320596893,1.5710763898661009,-0.964320150267766,-0.9560338230674504
10.0,58.0,1000.685302734375,-4.236278184137474,-2.990079409285445,-1.919951273720432,0.7184029098217506,-1.2811191581973254,4.7696396105054575,-0.5523607684553946,1.4465148126039755,-0.9485825496447308,-1.084128457679005
10.0,58.0,1000.7420043945312,-4.144465028463536,-2.9458241803397924,-1.97002355009396,0.6748575815373847,-1.2559531391870604,4.816150031251636,-0.6042070594727411,1.5020542976541318,-0.9518237359551528,-1.0365014216234192
10.0,58.0,1000.83642578125,-4.183902730545618,-2.9015932437886365,-1.9103432145322168,0.6936836810109739,-1.254756417811842,4.887339301166607,-0.5458584179437045,1.5936377218140665,-0.9120753359565869,-1.081148277982546
10.0,58.0,1001.166259765625,-4.184287612093197,-2.9615185633002925,-1.891021483963205,0.728233168553829,-1.303462015510143,4.820277800208592,-0.5216471112705765,1.5029963663523151,-0.9242640535639756,-1.0633290226029315
10.0,58.0,1000.4893798828124,-4.216985548009369,-2.9173865521362967,-1.9530998740142484,0.6636885115218947,-1.2515859636167832,4.878670997593247,-0.5164744917127129,1.5000166099893182,-0.966772111326665,-1.0592530468253418
10.0,58.0,1000.8285522460938,-4.277243947533687,-2.966857837091877,-1.8948629423083296,0.771912323541402,-1.2660328634363878,4.847937511187149,-0.5472586934752792,1.4945486444561693,-0.9660286374514602,-1.027251420327552
10.0,58.0,1000.8648681640624,-4.207824884052077,-3.014958576181164,-2.0210954490156707,0.6976031260723996,-1.3840707234128775,4.724914225806295,-0.5267656209613838,1.4629964833927094,-0.855189010891598,-1.2109781087969305
10.0,58.0,1000.6329956054688,-4.208639409286453,-2.9690018775657223,-1.928142025520876,0.7581107885259728,-1.2099125809009776,4.78336525516108,-0.507896090373154,1.526114835842388,-0.9358985865894248,-1.0728214579623048
10.0,58.0,1000.61376953125,-4.278312452412563,-2.975106224743891,-1.9618177987433287,0.676071540274803,-1.249923660295173,4.816218635672016,-0.5203088007651582,1.4320575527001296,-0.92687248346538,-1.0531972686368274
10.0,58.0,1001.0140991210938,-4.309336852431328,-2.9015190939548017,-1.912162464635488,0.7197609604202917,-1.2295220444913315,4.864153539618325,-0.5461345219798011,1.5181630613721806,-0.9457695380411292,-1.0104683718069216
10.0,58.0,1000.4614868164062,-4.241199785147465,-2.928220142113452,-1.888216545141084,0.6727013390562178,-1.308210640905311,4.862083461755898,-0.5071127604980337,1.496507863263763,-0.9337919683729689,-1.0833436497502285
10.0,58.0,1000.8961181640624,-4.23501491201975,-2.984649777478597,-1.948587736583327,0.7073627531276108,-1.2541343171432555,4.7944133961607545,-0.5735997345798873,1.4433614452689645,-0.9785689497774176,-1.0647126072622468
10.0,58.0,1000.6408081054688,-4.223302015012359,-2.982342860399016,-1.9456901220706504,0.6940782029786154,-1.306180938435789,4.803199877580974,-0.5269855551554592,1.5063260195223904,-0.9685771836397352,-1.0406185581375138
10.0,58.0,1000.76611328125,-4.247761190774081,-2.978249722419138,-1.9791469336921923,0.7160791981439454,-1.346553732318161,4.795964866542178,-0.5683478194091984,1.4658299480782837,-0.9299174927206924,-1.0808078731408617
10.0,58.0,1001.1557006835938,-4.207501607224585,-2.841787599737462,-1.9548553485343696,0.6883796387663557,-1.3486559031203411,4.858382956203618,-0.5159009224658888,1.5186652657826205,-0.9033585835591832,-1.0362443199252214
10.0,58.0,1000.8717651367188,-4.200364874148997,-2.974813984557013,-1.9915869783507825,0.6914059808891455,-1.299199182945225,4.751845068498044,-0.5393362160536004,1.48453659506663,-0.874539640012717,-1.109858169123024
10.0,58.0,1000.9642333984376,-4.306316591944002,-2.944212589242898,-1.922751939065241,0.7174113696219582,-1.3664840561307856,4.811536335620188,-0.5457642085428125,1.5112731595491278,-0.8973468416771251,-1.0744517555831634
10.0,58.0,1000.93505859375,-4.311057718770511,-3.0006357632673764,-1.948429858647912,0.7565774661990083,-1.2074456215319955,4.802668520085776,-0.5628338776291502,1.478677279397223,-1.0111749722462888,-1.0279503188571306
10.0,58.0,1001.265380859375,-4.2025470313735545,-2.942937053709142,-1.9852797161846223,0.6228089306482554,-1.3094358826324997,4.8196562123553335,-0.4546664347859037,1.3939539741403326,-0.8726985335082782,-1.1256810153193646
10.0,58.0,1000.90380859375,-4.283845019853906,-2.983195308440267,-1.9336839605520413,0.780410777744871,-1.1948437115940391,4.769017485355301,-0.5639677872527722,1.481855916771436,-0.9396097342959164,-1.0277396390951568
10.0,58.0,1000.9375,-4.211782608836277,-2.9166013291214794,-1.9125331850766905,0.7845314171618201,-1.1814956718338991,4.794022712176471,-0.5063929509874896,1.551381622254362,-0.9084000940367593,-1.0809381755201963
10.0,59.0,1000.5978393554688,-4.212589464515412,-2.9206382693041806,-1.9769245164437488,0.6665900938426645,-1.2392793720233637,4.879298405979846,-0.4983762807068057,1.4638552992520868,-0.984397821196831,-1.0560391291111997
10.0,59.0,1000.6419677734376,-4.24048914305635,-2.923836997603197,-1.9419066245892045,0.720340560117295,-1.2380628003352587,4.8272394357351445,-0.482668987289065,1.4933605268526922,-0.9593713837677348,-1.026483019456882
10.0,59.0,1000.6194458007812,-4.248315890726017,-2.9343125030340675,-1.9525909854458885,0.6484518371054566,-1.3420726252532376,4.850688709892507,-0.5218555908656013,1.4759065841914856,-0.930077977366782,-1.052125207914894
10.0,59.0,1001.0420532226562,-4.184144456052139,-2.9799771941688755,-2.052099469794802,0.6364448874424689,-1.32994137728317,4.793962244061042,-0.5073128967303484,1.4302583763357202,-0.8822273159957117,-1.1727789952747072
10.0,59.0,1000.6286010742188,-4.16112543262561,-3.0329731546932,-1.9941009768175888,0.6617995607721747,-1.268086698930647,4.7256485404523065,-0.5468927485175756,1.4146446718639396,-0.9311464422207224,-1.1508619650386835
10.0,59.0,1000.3111572265624,-4.24778292783475,-2.963880320123242,-1.9819445420079496,0.671039485011927,-1.317024627599677,4.80982131403646,-0.529555119779376,1.4432772825884053,-0.9477598121340484,-1.0856959596397289
10.0,59.0,1000.6055908203124,-4.231014156885886,-2.950168811061441,-1.9953890807191648,0.6452951597529779,-1.2767641842558386,4.75814295062173,-0.5161771460030664,1.4578196715776135,-0.8960577273852284,-1.10184700507204
10.0,59.0,1000.3985595703124,-4.244704688270477,-2.921068557499473,-1.9355456723686413,0.6815547889226377,-1.3411251752935978,4.855804551120025,-0.5174710154199138,1.4630797231353068,-0.973386887359922,-1.0490218227255008
10.0,59.0,1000.4825439453124,-4.208937566705925,-2.9371291806174527,-1.9493840284018376,0.6730178085526237,-1.2321514656603876,4.818847497246111,-0.5328885692997574,1.5168966140704878,-0.978147401341138,-1.015517798804166
10.0,59.0,1000.8404541015624,-4.289990619428221,-2.955536132979529,-1.9620392533724929,0.6429847203445078,-1.2531997879439816,4.780231891604188,-0.4760830172535399,1.4655410334354615,-0.9535937992502834,-1.0339886654539128
10.0,59.0,1000.6514892578124,-4.291068124523453,-2.934008377045894,-1.945347839994088,0.653536944342255,-1.246793077501481,4.866584169419612,-0.5404634541652573,1.4730226257493104,-0.969411017569505,-1.0170338484022876
10.0,59.0,1000.4509887695312,-4.203559064489556,-3.0024474129336984,-1.9775516549204,0.6649035663004472,-1.311559934589302,4.776515709501233,-0.5585093783021815,1.4282329774509064,-0.9501328109869628,-1.1077234834057528
10.0,59.0,1000.6434936523438,-4.190743523558525,-2.9563380056640245,-1.974321173929264,0.6608314833410311,-1.2378919411286624,4.858449964036058,-0.5358492687270306,1.4493652314973149,-0.9228359669730288,-1.1115402798581018
10.0,59.0,1000.5603637695312,-4.1761086008693225,-2.892522652584662,-1.9249181258764847,0.6871752698637659,-1.2087119095467165,4.8800134153651324,-0.5346832744831254,1.5343246177996406,-0.9227061224649632,-1.0591740499686615
10.0,59.0,1001.6009521484376,-4.187348634166882,-2.977457828486069,-1.8993465889463093,0.7765788533072584,-1.2038739026130356,4.891918571914607,-0.503613616469706,1.4854144011353725,-0.947352114044632,-1.103607569048302
10.0,59.0,1001.215576171875,-4.326300149127528,-2.9459927009147644,-1.9087068267470648,0.7241296668003017,-1.1761395671693342,4.875505443868235,-0.4746521589796852,1.4577502490775087,-0.9584326890235948,-0.981621197755662
10.0,59.0,1001.0377807617188,-4.280256322623054,-3.0000980356492057,-2.0290864288290944,0.6789544976439812,-1.2778117586819109,4.7240030797584645,-0.5023482333814009,1.3567295347148045,-0.9005171455695473,-1.0712451696549934
10.0,59.0,1000.8425903320312,-4.285690068045035,-2.994878116489435,-2.011376067771758,0.6947960465287109,-1.391424411852786,4.764922740232048,-0.5002999063325237,1.3731612117467042,-0.9079010859541006,-1.08168054034739
10.0,59.0,1000.83251953125,-4.2281887243451415,-3.027362213028706,-1.980477895931096,0.6086551455538594,-1.2864814660201502,4.750303103814273,-0.5700973253235286,1.3798131050571252,-0.9350793842192218,-1.090389728433519
10.0,59.0,1000.9144287109376,-4.141206884758738,-2.9608842602021928,-2.017190432789516,0.6083579010429556,-1.294534155841316,4.840567492030445,-0.5698980856397542,1.4496818291107925,-0.9538334278133096,-1.0456591748262944
10.0,59.0,1000.8922119140624,-4.216576973817939,-3.0117453344245377,-1.9282825478064525,0.697538768282115,-1.314931524259018,4.7909113205878455,-0.5376544517115587,1.4618503245130752,-0.9599289809553416,-1.0823927221992615
10.0,59.0,1000.4327392578124,-4.220960932099168,-2.985549569208071,-1.9938555248964869,0.6624578448323284,-1.249487435303883,4.8304940341392175,-0.5241191989507072,1.4610801443389754,-0.937605027784679,-1.0641537403428396
10.0,59.0,1000.524169921875,-4.2267006412142045,-2.9807729925911595,-1.957525149775719,0.6441711713723173,-1.2565003140425612,4.764089854917053,-0.5400645334863743,1.515253339260716,-1.0003953301894786,-1.0522493192945293
10.0,59.0,1001.1085205078124,-4.193470710717978,-2.975470596171178,-1.9558241623616093,0.6506380404155001,-1.34966520120898,4.763764364920373,-0.4940993967510518,1.4532467337007855,-0.962888944429368,-1.094513802504879
10.0,59.0,1000.612060546875,-4.215612885603744,-2.9766162352305945,-1.9583689250865344,0.6276453409696874,-1.306049075428135,4.801720162286129,-0.5746410080646616,1.4607722988132164,-0.9666368926845612,-1.0803158638648047
10.0,59.0,1000.6641845703124,-4.221373229913352,-2.993613111745138,-1.970659119218455,0.6419334265250889,-1.3882953627634431,4.814212198514959,-0.5337160608869782,1.4263780056562725,-0.9515047856152384,-1.1328477029989583
10.0,59.0,1000.6566772460938,-4.23448836661039,-2.9397748907694754,-1.95797950148257,0.6519308217925515,-1.239285940043163,4.88084834535748,-0.5296702123024613,1.5257752634866844,-0.890391771844822,-1.07713473737916
10.0,59.0,1001.1292724609376,-4.279529810504263,-2.973364577399712,-1.826872244805537,0.8099341131631945,-1.1385441134218786,4.799414021582388,-0.5619210740726119,1.5601289241776763,-1.0408414175740277,-0.9654061531696448
10.0,59.0,1000.7158203125,-4.249628634235637,-2.975281320831028,-2.004534513498381,0.6021626183386442,-1.343749553814754,4.75229891008599,-0.5169432586221969,1.4327909348927212,-0.9716813377330816,-1.063192656672264
10.0,59.0,1000.8377685546876,-4.181159590670601,-2.929516225179672,-1.9431009411275828,0.6918398316409977,-1.3190980330710484,4.883897000966265,-0.5254202211489325,1.4874689264863434,-0.8742424161135114,-1.1098924058634037
10.0,59.0,1001.1341552734376,-4.127006285536541,-3.0095903946663483,-1.8961478302698305,0.6838848918381233,-1.2090095889034806,4.73950835536516,-0.5615899454502467,1.5399688393910704,-1.0061567377731255,-1.0508005697021012
10.0,59.0,1000.5895385742188,-4.304947023996972,-2.935607651435766,-1.9213004227706607,0.6949766461482483,-1.2562578938493574,4.881331253505758,-0.5411823604854789,1.5180287196567406,-0.9729760251864148,-0.9789098760557762
10.0,59.0,1000.7728271484376,-4.1349692257903765,-2.971232826538731,-1.9811286607587013,0.6525270130557983,-1.2790181445881017,4.785827696641254,-0.556568190327261,1.507190288247476,-0.9581100596261792,-1.0854829947357274
10.0,59.0,1000.7559814453124,-4.286748765090675,-3.0038521977967134,-1.9507005187441644,0.6241978126362699,-1.3094564250614402,4.789925643301773,-0.5212085108091369,1.4337336235040483,-0.9759706230311423,-1.080150724219728
10.0,59.0,1001.1732177734376,-4.226353701297634,-2.9548028019913137,-1.9803056227078617,0.671040439817884,-1.3216949283072044,4.72522348843304,-0.5631906310475179,1.5010367842857146,-0.9653545039274798,-1.0595708395368009
10.0,59.0,1000.8385009765624,-4.276682015796494,-2.997190656076598,-1.927342496121148,0.724323814998316,-1.2199244151404236,4.813556618410503,-0.5352149561815462,1.4769551714716247,-0.9777030400020426,-1.0473420109517706
10.0,59.0,1000.7877807617188,-4.178128751764423,-2.948167471946174,-1.9212903334033336,0.6339803148198673,-1.324166940147116,4.842708193595305,-0.5275071600511421,1.4912332489873403,-0.9804201639243112,-1.0689985100928654
10.0,59.0,1000.9832153320312,-4.235308750433785,-3.0046233529725006,-1.919312277245079,0.7421886822827819,-1.2227584487372989,4.857383555767814,-0.52582870972281,1.5552162603663042,-0.950519066793416,-1.0493141317363444
10.0,59.0,1000.4204711914062,-4.178874235514997,-2.9320898385521965,-2.0217305426403764,0.6697894162031766,-1.2864968949476825,4.826211595194291,-0.5272964599197767,1.4343037552073667,-0.8977590947228444,-1.12666007346246
10.0,59.0,1000.80419921875,-4.237011476785224,-2.9950681156890675,-1.9869339633328376,0.730077527327408,-1.343869471141642,4.808937926191828,-0.4713952113386739,1.3967687601385634,-0.8931150006092601,-1.140833178884253
10.0,59.0,1001.1742553710938,-4.173910691390637,-2.9836058987061653,-1.907996964067503,0.6282858417525192,-1.2932874614370116,4.757881334927827,-0.5255211229777803,1.4450261302733889,-0.9832684928813604,-1.1026953721736437
10.0,59.0,1000.6676635742188,-4.316706757916784,-2.927688794280936,-1.9622232466906508,0.6321535506159224,-1.3500959589135224,4.890323295037168,-0.4923408822220416,1.4927595439422523,-0.9166770597145266,-1.0454288579814763
10.0,59.0,1000.5386962890624,-4.191526951607501,-2.928434297341607,-1.928582360190867,0.6539077047918145,-1.3086870482880375,4.831427417594444,-0.5694845592446125,1.4930988505439533,-0.9483587149285864,-1.0781094548638652
10.0,59.0,1001.4895629882812,-4.14187172376367,-2.8999552809702984,-1.954099614849298,0.6455105374977608,-1.22439486429737,4.88779606353995,-0.5620705199804474,1.3956677941434306,-1.0295498758340975,-1.023359872099106
10.0,59.0,1000.6964721679688,-4.28910817174894,-2.945333633094815,-1.891113773861118,0.702566519672513,-1.2550013970307972,4.848499396032999,-0.4994248532999865,1.5170121193760249,-0.9427268970337686,-1.0455212108877605
10.0,59.0,1000.67919921875,-4.1628197728186,-2.972369898985925,-1.956048896305591,0.682737425490803,-1.187858945982173,4.773736960221978,-0.5904279599898423,1.4947265215343917,-1.0354554213369012,-0.9916318634441595
10.0,59.0,1000.6898803710938,-4.248818680192822,-2.976421853501221,-1.9025457483470247,0.7087075743038804,-1.2684674920112595,4.786673215288221,-0.5024428386409525,1.4817677377159075,-0.91706897500449,-1.0359348564752722
10.0,59.0,1000.5966186523438,-4.237408109675569,-2.9573443719106165,-1.960414134919384,0.6615568608684548,-1.2270728351726454,4.759751211157969,-0.5448860713185857,1.4496287043840983,-1.0035791172265496,-1.0331331277212294
10.0,59.0,1000.6761474609376,-4.312307119616838,-2.9469679340250905,-1.9902565434284456,0.5918640648508884,-1.3248905588851292,4.862755706679536,-0.5158828525864294,1.418348280594862,-0.902940937531719,-1.086148515684183
10.0,59.0,1000.5814819335938,-4.2695896699184885,-2.945547280861972,-1.9655520020466264,0.712764978001581,-1.2203566010139282,4.847488391990124,-0.5309651080422402,1.507298462989162,-0.898476875752027,-1.0484165376743162
10.0,60.0,1000.5419311523438,-4.245804147020853,-2.94808567306616,-1.9726990995635056,0.6721081397043891,-1.248206255292637,4.825324447921084,-0.5286152234097923,1.4443800206604689,-0.9806114167671324,-1.0124890378996003
10.0,60.0,1000.6674194335938,-4.180525015298792,-2.942264481098664,-1.9797147870292724,0.6786084231550262,-1.2790085562222608,4.797627965507239,-0.5326267850155606,1.483227424690007,-0.9152357379576,-1.1086206947928972
10.0,60.0,1000.7167358398438,-4.259126715533378,-2.9619624891429392,-1.9881897658791925,0.6951982730661754,-1.2547823088791894,4.803796075280026,-0.5418022134081371,1.432881772502692,-0.9804084262240832,-1.0578202396608978
10.0,60.0,1000.2643432617188,-4.248336487099379,-2.904048280290238,-1.9544660159535665,0.6651576655917388,-1.3028804692057985,4.875130070222495,-0.5304601898856873,1.5015523831337898,-0.9087872677452626,-1.0630602752475031
10.0,60.0,1000.5720825195312,-4.233035428586653,-3.001072235353363,-1.9913664689954973,0.6547954078776357,-1.2817712676606892,4.782452731528521,-0.5117486733826659,1.4022334812280803,-0.9768801383214624,-1.0675146034146548
10.0,60.0,1000.8446655273438,-4.173801599580031,-2.9576995706202323,-1.9433167492907764,0.7085195894734841,-1.2378700862357157,4.852064246545805,-0.5271605960631662,1.546363391528784,-0.9401569018138414,-1.0975178108254475
10.0,60.0,1000.624267578125,-4.236620690849456,-2.901922526744489,-1.953760230382222,0.6723724323122422,-1.250378862191941,4.857825273389812,-0.5475444903517692,1.5364451024287966,-0.969426748061574,-1.023278115847384
10.0,60.0,1000.615478515625,-4.282341588867046,-2.922391450965752,-1.9803696521293064,0.650770160743126,-1.3174538614750957,4.902729760572996,-0.5222349748514876,1.4715112738759544,-0.934950352832188,-1.06241934535463
10.0,60.0,1000.4923706054688,-4.2650482200947,-2.992866812579297,-1.986276753679688,0.6943199600405725,-1.3469297072563653,4.809683867851421,-0.5300295560713923,1.4311089483730877,-0.9280344168714444,-1.1316658716532086
10.0,60.0,1000.6561279296876,-4.261149297186561,-2.9385077354300355,-2.009292115055632,0.6416083436644264,-1.2959432808513878,4.817022920127741,-0.5337876744607648,1.4162443584751694,-0.9192116590856668,-1.089019000038464
10.0,60.0,1000.8388671875,-4.267029778366608,-2.996547427878199,-1.926729127582043,0.670022854768412,-1.3264262190871112,4.822534135387929,-0.4997059802162038,1.4698527104061432,-0.9631216541477974,-1.060436583858491
10.0,60.0,1000.6077270507812,-4.174446042846564,-3.0169481032530445,-1.9540085789786312,0.7598460595344516,-1.2118058230433206,4.730059262368428,-0.551886203491402,1.5297037880943698,-0.9929312432326212,-1.043517610447796
10.0,60.0,1000.7237548828124,-4.191595341262579,-2.947467717928829,-1.9728965053458465,0.6724124670368701,-1.2195216301679226,4.764095503709353,-0.5511120525315603,1.515589392800301,-0.9519693320604184,-1.0470869796040083
10.0,60.0,1000.6853637695312,-4.204770032635455,-2.966568702273968,-2.007353509630665,0.6685945062676213,-1.347341123342992,4.801573636135286,-0.5531468942763498,1.452415111065445,-0.945407723831976,-1.0826954430001634
10.0,60.0,1000.4141845703124,-4.270883739868513,-2.9190465426869494,-1.945724886758697,0.6646976119377097,-1.3162500631001004,4.873965061882046,-0.5150611066931239,1.5136096196950095,-0.8991950024967146,-1.071060580974871
10.0,60.0,1000.6497802734376,-4.2325967115772345,-2.945142407296066,-2.027698303259143,0.5960676642038178,-1.3074779982103877,4.802346439155658,-0.4996339463270463,1.4341288799618512,-0.9478971760332762,-1.086598109178822
10.0,60.0,1000.62646484375,-4.239051777228926,-2.8998489389263336,-1.9614446101218377,0.6321949447884929,-1.289743158884508,4.8896195565374825,-0.5376602942415776,1.488481871678097,-0.9634215623632104,-1.0215359747922133
10.0,60.0,1000.6585693359376,-4.216734318113881,-2.9903021571283745,-1.952410677770959,0.7172073011332554,-1.352078506861312,4.835624325632107,-0.5399394381201912,1.4988129747130792,-0.9348866107970952,-1.1273928060104907
10.0,60.0,1001.2325439453124,-4.258594093704428,-3.036104527241734,-1.949439403209048,0.6737151208375449,-1.2554969144798074,4.734285249449151,-0.5881604009212618,1.4695641632718237,-0.9748938553394986,-1.0527722208243944
10.0,60.0,1000.5327758789062,-4.212137848031028,-2.951394070463592,-1.962154985985916,0.6961338652754687,-1.353843258367895,4.825990354098037,-0.537926228122199,1.4727206886281945,-0.889209356517628,-1.116041271275004
10.0,60.0,1001.150146484375,-4.191264274000563,-2.9114412423241944,-2.028954860069352,0.5978737074908107,-1.3944775294969904,4.841631398607245,-0.525621148092795,1.3885046666874992,-0.989740259185047,-1.052833809688754
10.0,60.0,1000.8674926757812,-4.169833691696724,-3.0240720430000643,-1.9591934867620464,0.7027235671665943,-1.2299856621205525,4.815303424356026,-0.5549053794429621,1.4450117871994903,-0.9120365125822048,-1.100894945915043
10.0,60.0,1000.8505859375,-4.224997825068678,-2.981245503010592,-1.9617383847700176,0.7067326539635879,-1.215101821810904,4.8184799652702885,-0.5448990116046453,1.5019081757771875,-0.9287238556623992,-1.0909873886936907
10.0,60.0,1000.55029296875,-4.236008053568336,-2.9744522679417464,-1.963679936867508,0.679186074391235,-1.2556803878174645,4.821902201781311,-0.516979334906611,1.4396428814207187,-0.9597130800752458,-1.0452297219015234
10.0,60.0,1000.5916137695312,-4.240598478189165,-2.9857942492860814,-1.969670372390071,0.6963116242933278,-1.2655935616683598,4.820331124922202,-0.5281654627700894,1.500507052383134,-0.8933159709823899,-1.1247692181783049
10.0,60.0,1000.6859741210938,-4.266718874080112,-2.9936540561411147,-1.9767559163803403,0.6608343686007014,-1.290310614889425,4.859630106929098,-0.4858616990376401,1.4090331878772409,-0.912108820112719,-1.1000301236740833
10.0,60.0,1000.6344604492188,-4.235890818938986,-2.9878895535842624,-1.9517669704940048,0.6527281620886818,-1.309975379684798,4.801611266088548,-0.532342691027532,1.462460618218234,-0.9524491826430772,-1.0648066987760356
10.0,60.0,1000.5425415039062,-4.203171460729446,-2.9668106536772885,-2.0273378943480527,0.6384809625431398,-1.3179640138225217,4.826408900583829,-0.565331909500344,1.41719158592195,-0.8956150653802037,-1.123982466705566
10.0,60.0,1000.6956787109376,-4.221445206462164,-2.927808683068342,-1.9891810293433807,0.6671799833344148,-1.3165976687473862,4.8351110458917255,-0.4875090773872603,1.4246493044378372,-0.948086904593155,-1.0616806148505558
10.0,60.0,1000.8412475585938,-4.290762914634937,-2.925110906544316,-1.960736482253461,0.6239828115952815,-1.3198614039871917,4.853028459977452,-0.5241226283680955,1.3927000629877462,-0.9418016657863112,-1.0574090574926198
10.0,60.0,1000.5148315429688,-4.2334517014624575,-2.95340610198901,-1.9541183953469647,0.6824909543238009,-1.294764170969212,4.81017697053638,-0.528817204734982,1.457837822629057,-0.9938047442642812,-1.0276926080685709
10.0,60.0,1000.7828369140624,-4.154405573676394,-2.9752424038466265,-1.990151574293156,0.6193628847889787,-1.2841795667693368,4.808324962831254,-0.5604434999818615,1.3767556464792232,-0.9238339122990836,-1.1069304094028642
10.0,60.0,1001.1053466796876,-4.155997790125579,-2.9378493332676148,-2.013809892561995,0.6037181433159935,-1.2895080722771404,4.863091238560848,-0.6077204411676034,1.5072339731193116,-0.9579959397769846,-1.0547050628555192
10.0,60.0,1000.6942138671876,-4.165555088104198,-2.9060227749718712,-1.9807036426140607,0.6610726990025242,-1.2838463825840525,4.852488407708801,-0.5355667576579322,1.459500641098046,-0.9364714579745668,-1.0986675150328793
10.0,60.0,1000.8475952148438,-4.196235999494281,-2.927817644760953,-2.0503579160901846,0.6290172753489713,-1.3130498878979702,4.841586820365405,-0.483215095838748,1.377162211936941,-0.8966322499969603,-1.1266656754062838
10.0,60.0,1000.9151000976562,-4.208791654178825,-2.910132303849839,-1.938895079111817,0.7092845358396556,-1.256560747503768,4.822716359143252,-0.5663567368141136,1.4954030810247136,-1.0126073636850783,-1.0150506693101362
10.0,60.0,1000.5245971679688,-4.235175088860252,-2.9237345752161024,-1.9453348941554505,0.6510162703799347,-1.2582363201375784,4.869342332754329,-0.5176816054622932,1.5051635894147033,-0.943441526433494,-1.0372103266506438
10.0,60.0,1000.8971557617188,-4.1972103811104216,-2.92412010088156,-1.9408827357460656,0.6349980629487799,-1.346472261360114,4.843174159003175,-0.5537671918813176,1.5419080770880995,-0.9407889918477084,-1.0511119558144042
10.0,60.0,1000.5546875,-4.234590084941051,-2.92391954220989,-1.954188899304836,0.6390281350414533,-1.2679643997213068,4.832933294240988,-0.5460767447219208,1.4670880016405965,-0.962058180870395,-1.0358155098052455
10.0,60.0,1000.7691040039062,-4.224737161523734,-2.963998915848282,-1.96188496400548,0.671685338859886,-1.311644660561635,4.844676145566998,-0.5366879799131032,1.3987426117301682,-0.9595558668376194,-1.1023422656786428
10.0,60.0,1000.5692749023438,-4.259611323816961,-2.9433282387943938,-1.9561437994305493,0.7088838055176936,-1.2059263455859122,4.841262429340345,-0.5082989438842365,1.567937961369406,-0.9341267980550808,-1.0200491221642336
10.0,60.0,1000.76904296875,-4.205625639196128,-2.965765125829136,-1.9963944568340288,0.6578195820042785,-1.3399734653191775,4.793971621273528,-0.5924812494139422,1.471612021007788,-0.9115988096236496,-1.1001590816351552
10.0,60.0,1000.74951171875,-4.207728259677376,-2.942410288565128,-1.9357413207660823,0.6686377796377672,-1.2869216642324472,4.793580239061262,-0.5125419611731505,1.4380195690394864,-0.9992400530784352,-1.0671781667524316
10.0,60.0,1000.6119995117188,-4.230780367446353,-2.9366755269846423,-1.992633803375805,0.6515090073406089,-1.341248473010202,4.809409831467104,-0.5495228058492163,1.4363238127471432,-0.9526748267828014,-1.085652910227017
10.0,60.0,1000.6593017578124,-4.249625313198143,-2.9304851149266007,-1.941202333276817,0.6344236191569781,-1.2464880297220104,4.849507822853225,-0.4974891937343804,1.5041370582418736,-0.9679726412145088,-1.0343121985320685
10.0,60.0,1000.5623168945312,-4.216265156469118,-3.0013160002941497,-1.9687079296944483,0.6410434563521328,-1.3301886771000868,4.805928471406805,-0.5572864848186097,1.4567280601146368,-0.9073439046945762,-1.1116281242888153
10.0,60.0,1000.7999877929688,-4.228461241815973,-2.976208598384499,-1.9294835257739908,0.6322941024242805,-1.3473858791656586,4.825508220925434,-0.5470842031911598,1.462503969328325,-0.9932007347233442,-1.0709203548098194
10.0,60.0,1000.54736328125,-4.218092425742649,-3.0051997025185258,-1.9580537245640373,0.689137969412724,-1.2780794377549638,4.786207261324124,-0.5446787712631611,1.4556191351919914,-0.9599377778483776,-1.0756194761820854
10.0,60.0,1000.639892578125,-4.2105093627202885,-2.943478611867924,-2.0077798379641107,0.6388113292365052,-1.312098253578542,4.808452916366703,-0.5490987500289144,1.4208170512074323,-0.9149716830939268,-1.0861767732167422
10.0,60.0,1000.345947265625,-4.221067570851216,-2.927243538780025,-1.9558393394898177,0.6678149904701671,-1.234817823107872,4.830315515205349,-0.54415941341483,1.509196706810366,-0.9367958213692482,-1.0543651535346037
10.0,61.0,1000.6133422851562,-4.251397852786145,-3.001674691989007,-2.005451089200581,0.7176286358353217,-1.3361591396961066,4.7705646499122345,-0.5385030146025249,1.4554944025450167,-0.8638100810663367,-1.1242496797841817
10.0,61.0,1000.6785278320312,-4.212326093429289,-2.976925113949735,-1.9999650959282231,0.6423939359214152,-1.2491950999783592,4.80853607299129,-0.5522634720221404,1.4750217677918158,-0.9792475105801026,-1.0361680706140328
10.0,61.0,1000.7236938476562,-4.199408455710861,-2.91884350071748,-1.952728237836979,0.6409385990538077,-1.3231026478935104,4.828023146844641,-0.5299012530593252,1.470870172593307,-0.9131108309632978,-1.1160210265319137
10.0,61.0,1000.7291259765624,-4.242540752116569,-2.94716563149052,-1.934324743757838,0.6342674394899097,-1.2887056361318967,4.82404644140254,-0.522523962738517,1.4896352913948672,-0.974625386961117,-1.0283216283208914
10.0,61.0,1000.4236450195312,-4.250930751825468,-2.94332056983939,-1.9887169070085564,0.6815373445894579,-1.2524723531397548,4.824224078543066,-0.5150311921790802,1.4769927061907264,-0.9564717770605888,-1.047692020663101
10.0,61.0,1000.7457275390624,-4.234340195496351,-2.9651154229987284,-1.9903506308395045,0.6171315091950262,-1.2864700362969428,4.797192902341333,-0.5695872324394173,1.4655542930919587,-0.9651322692755776,-1.0704438051122351
10.0,61.0,1000.7098388671876,-4.2998630483747045,-2.920587840248427,-1.9581715268635929,0.721627548516901,-1.2741820502281405,4.867964692393645,-0.5199586318708267,1.5031468188704569,-0.8996851161698602,-1.0606617862811714
10.0,61.0,1000.6403198242188,-4.190810945115274,-2.946892614870546,-1.9790331472533853,0.6997865560749261,-1.2648698220859442,4.796627957765875,-0.5596743865251046,1.4394761337663071,-0.9279767681095824,-1.0690038056093174
10.0,61.0,1000.6209716796876,-4.2491307356050845,-2.935995978620422,-1.9322272059893053,0.6993612394066524,-1.283496400537353,4.875628746303347,-0.5703128349020075,1.5323602468358608,-0.9590599160640618,-1.0371405951664792
10.0,61.0,1000.6298217773438,-4.29624941879887,-2.945767143238956,-1.9352253982988223,0.6976908438743568,-1.328046440742669,4.862225111304552,-0.4874519755658069,1.455278736584189,-0.9146847590941388,-1.086259976001127
10.0,61.0,1000.6206665039062,-4.273835810508552,-2.9809901517359743,-2.001928317819077,0.7047694342744215,-1.2946867179705612,4.7788699083220845,-0.5302886294457307,1.484035080929912,-0.9403808928985518,-1.0962640118976852
10.0,61.0,1000.5778198242188,-4.301302509060985,-2.9528552234563623,-1.952063273062965,0.7287309835308653,-1.220788547068646,4.802781097284418,-0.5192054282607366,1.508877009387886,-0.991506432401602,-1.018378043940369
10.0,61.0,1000.5558471679688,-4.265143820561321,-2.9877144367976416,-1.98858582943269,0.7055283002687656,-1.3241975883128894,4.80141739004438,-0.5148621371093149,1.4380280264690928,-0.9009395621161422,-1.0814245913455929
10.0,61.0,1000.4821166992188,-4.241411227369021,-2.910031115709974,-1.9095693754772365,0.6887299489019885,-1.2714189819404522,4.877882420818439,-0.5027152498451581,1.5481024062865512,-0.9618404927162292,-1.0312829627146662
10.0,61.0,1000.6514892578124,-4.232843873962442,-3.004841119411627,-1.998541039072288,0.6262521894501916,-1.3241748293301874,4.770077050157534,-0.5784509669308182,1.3955004502042456,-0.9543406702540552,-1.0924080325761114
10.0,61.0,1000.5276489257812,-4.247264225523937,-3.012692114831583,-2.0157215042671544,0.6759391831025301,-1.3166476553293656,4.743056885938081,-0.5435215365185107,1.437184255060325,-0.9613313874877134,-1.074155399015797
10.0,61.0,1000.562255859375,-4.2741525555505655,-2.9078348534160363,-1.957268196339367,0.6308271483346051,-1.3178094160569236,4.879907303160101,-0.4948615864993702,1.4662412302608,-0.9391441722335534,-1.0516209751483423
10.0,61.0,1000.702880859375,-4.24104397481618,-2.896752292649342,-1.939619972166404,0.6916779413726495,-1.334687170124833,4.874882043775088,-0.5165010855288461,1.451809401591139,-0.9500380744574412,-1.0443806703466514
10.0,61.0,1000.4755249023438,-4.25048137391647,-2.9672066090492715,-1.950517916150753,0.6902947665193215,-1.347729932162803,4.795680716925164,-0.5457291478964388,1.4719945177851548,-0.9961759137818476,-1.0578586638675411
10.0,61.0,1000.8209228515624,-4.183296193645865,-2.92124550606085,-1.9561263126264847,0.6141705351797366,-1.3356565654656127,4.819382994942581,-0.5526763827287189,1.4687313421543324,-0.9556584246177716,-1.0509946478162346
10.0,61.0,1000.62548828125,-4.267508146152549,-2.947919315465694,-1.9671284376292328,0.6390941475144452,-1.3483246066611838,4.882260571743966,-0.5413753921811404,1.470443385306015,-0.9379821314735848,-1.0392287501065045
10.0,61.0,1000.6350708007812,-4.226351501967711,-2.936898616473042,-1.9215200343149803,0.7335058471636877,-1.2974395133579275,4.8570244330770045,-0.5650450098191149,1.5113621436543987,-0.9336581360557624,-1.058550911930658
10.0,61.0,1000.7578735351562,-4.256902624997928,-2.8870786895105747,-1.9064709646668243,0.6636866417563336,-1.1865191572183384,4.908266549546129,-0.5164748588882997,1.5441089021362044,-0.9312138458139234,-0.9901897177347214
10.0,61.0,1000.7719116210938,-4.238306786399536,-3.00780910506282,-2.00691800897069,0.6340697282303775,-1.3497338074516998,4.776235787841266,-0.5371759824273461,1.4671488095282506,-0.8849204707644889,-1.1280138838839782
10.0,61.0,1000.7427978515624,-4.271402449559814,-2.931512997772907,-1.9624296834449408,0.7386439579808455,-1.3452560904910549,4.864163163894212,-0.4676705447300993,1.51772841984645,-0.9489136593573688,-1.0596318712431674
10.0,61.0,1000.689208984375,-4.227419420767212,-2.930957822158871,-2.00226952193402,0.6411329494644349,-1.3038766851558945,4.846736694584493,-0.5614861077504942,1.468762983931322,-0.920128605203658,-1.029821085330191
10.0,61.0,1000.4166259765624,-4.204815037669999,-2.9776000404350405,-1.9822411925223324,0.6869880883414794,-1.2542841366585904,4.826797836039592,-0.5150119716343591,1.479358649215924,-0.931026793555202,-1.0961530947202642
10.0,61.0,1000.4492797851562,-4.169832605588411,-2.9744599132767453,-1.9789705871415988,0.6467418766545627,-1.251431925060709,4.79316141386864,-0.5594986065929533,1.435744120640548,-0.9749156857069324,-1.0807965785030116
10.0,61.0,1001.1573486328124,-4.279991977932927,-2.980380609635968,-1.9467673862442456,0.7184293963106958,-1.3166867011222063,4.819767462502169,-0.5053922694256787,1.4518314353263682,-0.8533311755467707,-1.1397247834401254
10.0,61.0,1000.4595336914062,-4.260301664636505,-2.935066375810463,-1.9463494300933832,0.6489278357908299,-1.2864699527578392,4.848185516941019,-0.5266189316220142,1.4728225116188425,-0.9739819450643336,-1.0478755019799295
10.0,61.0,1000.8402099609376,-4.205963229665989,-2.936028378961156,-1.9536370464472368,0.6906032020814941,-1.2212710441477714,4.875922934459716,-0.5649643426121029,1.531090762176838,-0.9487167991278068,-1.0409744894068456
10.0,61.0,1000.4647216796876,-4.261618772979899,-2.9736030862554514,-1.9475239561698607,0.6935977032192469,-1.2661684466583418,4.829881124465091,-0.5341151560022048,1.4928818785078857,-0.98638143379884,-1.0238399339024151
10.0,61.0,1000.6354370117188,-4.251418366117421,-2.9700777300666164,-1.968350389568024,0.6422950252594806,-1.3399152884926986,4.823725354330964,-0.5104666010587602,1.4408481487494686,-0.890527867253673,-1.1283686736809049
10.0,61.0,1000.4992065429688,-4.260193139790768,-2.9426558902946502,-1.9715484455164327,0.6692095930286417,-1.282599543100719,4.8489993090822345,-0.546657294630613,1.469680484078416,-0.9480053243117884,-1.0158073987861882
10.0,61.0,1000.8783569335938,-4.174060444264384,-2.9304313324301887,-1.9999500692902128,0.6067684977506618,-1.3571622357445985,4.815200504552859,-0.5610177572836754,1.4253837065912205,-0.8873751686954083,-1.1174655772561954
10.0,61.0,1000.3596801757812,-4.233430364690085,-2.967632001818516,-1.950021789184249,0.6810315545812475,-1.2528589909075216,4.828661759060196,-0.5410964511399321,1.469538009322103,-0.947016712309118,-1.069367416480484
10.0,61.0,1000.7583618164062,-4.247166774574434,-2.951084270384747,-1.980393011693086,0.7116431333423909,-1.285869324413928,4.864146641153521,-0.5446253997259429,1.4738112038948827,-0.9434076713145264,-1.0339313056619726
10.0,61.0,1000.5218505859376,-4.223826124505811,-2.949336255906697,-1.9614634157954915,0.7147860604947089,-1.278619904689786,4.82495588881781,-0.5617027516477204,1.4905765311086512,-0.9358924246674292,-1.0455848698388586
10.0,61.0,1000.4810180664062,-4.283284503822952,-2.9606538903274027,-1.9499846020605616,0.7122562728920077,-1.2171900884511402,4.81945853960497,-0.5472167065747975,1.5377933627801523,-0.9518361898344114,-0.9967867916089714
10.0,61.0,1000.7724609375,-4.162108437155948,-2.9238553130241742,-2.008659795674262,0.6707998005357201,-1.2928094993382522,4.847604588626027,-0.572353030878407,1.4832583772277994,-0.8879048228140753,-1.110993337920028
10.0,61.0,1000.6707153320312,-4.248864305900403,-2.943271073514493,-1.983622579077827,0.6648753183306333,-1.353393050841294,4.829061477293884,-0.5384276905426741,1.4357449896624832,-0.9244043479913052,-1.0580900001741125
10.0,61.0,1000.5056762695312,-4.263278903092431,-2.962975393868075,-1.9430731952048763,0.7201289369735111,-1.3347379704891091,4.823041460970483,-0.5038319807814347,1.4548975164799485,-0.93089997746986,-1.0757973891550572
10.0,61.0,1000.63037109375,-4.215437786168512,-2.9759762570539743,-1.9593187540139607,0.6606253657919536,-1.3237272455680058,4.764517104545627,-0.5662161091163584,1.48172127291779,-0.9078131394058344,-1.1086963273581958
10.0,61.0,1000.4326782226562,-4.2300250758620255,-3.011128508222996,-1.954275580197316,0.7192615927335861,-1.2241000298339264,4.785672022803379,-0.5411507326127722,1.472757093968914,-0.9791783471338648,-1.0447175663854096
10.0,61.0,1000.64892578125,-4.224191629357122,-2.963628407478384,-1.961494936083912,0.6811635521474084,-1.3093121410580433,4.774535868343948,-0.5599452144215418,1.4453467987007702,-0.9848297664595478,-1.0434205900761937
10.0,61.0,1000.4803466796876,-4.21626056402858,-2.9514364663276407,-1.9523329142274304,0.6759242729501054,-1.2663216825775434,4.823855597693768,-0.5717875146125504,1.5071212568043793,-0.989460937908559,-1.046110123600096
10.0,61.0,1000.5709838867188,-4.261466088437993,-2.932723722071896,-1.9158441369050587,0.6870912145480688,-1.2580730874261543,4.817887311951791,-0.5037903757331552,1.522214084204685,-0.9485477890543867,-1.028255338952389
10.0,61.0,1000.2794189453124,-4.227392354245167,-2.9682699794991256,-1.978645046151903,0.7084410663508063,-1.2985010847900536,4.827653194409431,-0.5311492434838598,1.4462117095468674,-0.9008579727840252,-1.1062858309286685
10.0,61.0,1000.6824340820312,-4.164630802480924,-2.945962352975508,-2.0313576470328383,0.6179835614237685,-1.2791978442277625,4.803528732501626,-0.5318477860593083,1.358463596536672,-0.903008406853969,-1.117995290970368
10.0,61.0,1000.6043090820312,-4.2726758479788405,-2.9736952543289816,-1.990577388654032,0.6515302750875351,-1.3023495104382006,4.840107792377246,-0.5254854080950917,1.456946935170997,-0.9153249599276608,-1.0887329634449023
10.0,62.0,1000.4303588867188,-4.2517891850333,-2.952400383960612,-1.9310730786504609,0.7111812812020517,-1.270867375569645,4.804970670643176,-0.5244585298078084,1.4893136385610326,-0.9747196051335932,-1.024283367890375
10.0,62.0,1000.919677734375,-4.318778973999711,-2.976333813508949,-1.96974750521104,0.6597988609935657,-1.3268134870143862,4.840635684706337,-0.5480892419235621,1.4304058903418255,-1.0037743610038694,-1.0159385757291377
10.0,62.0,1000.502197265625,-4.227735485883029,-2.9684334146164684,-1.9698623907395525,0.6716608637479133,-1.284426538443903,4.832348711250846,-0.5518780619187185,1.4501851003078166,-0.927199409052121,-1.1002227678773877
10.0,62.0,1000.3593139648438,-4.3020366711868245,-2.963631061123881,-1.9615478368389168,0.6533993760090606,-1.34807181279918,4.834678864079246,-0.5245737161943751,1.4534572429945758,-0.9552609816497748,-1.0685000781933072
10.0,62.0,1000.4990234375,-4.231512151029991,-2.9690277664917994,-1.971365755321007,0.6538474007492603,-1.3549637650209156,4.808167253889282,-0.5286136339467742,1.4375752794183754,-0.9263898824262649,-1.102545425219458
10.0,62.0,1000.4550170898438,-4.198180534916254,-2.9477626921332702,-1.9550714435685004,0.6942256337766759,-1.2792462328768672,4.867335145630902,-0.5359617064611282,1.495289017569437,-0.920325764588477,-1.07646628019679
10.0,62.0,1000.6184692382812,-4.261497577231883,-2.919595958565046,-1.969378274953596,0.6503120339697412,-1.31805707378952,4.878124977393775,-0.5296713661206933,1.44368177225921,-0.9592325773752028,-1.034474168732189
10.0,62.0,1000.6137084960938,-4.220572032161728,-2.9491213194656543,-1.9460099363735543,0.6753456839654266,-1.2301998147368094,4.8277518060917455,-0.5130434932692527,1.5056977685658,-0.9276956239116751,-1.0545571747538962
10.0,62.0,1000.5394897460938,-4.260292208426135,-2.962853620081041,-1.9672676176513533,0.7210206324531345,-1.2589341188035057,4.78086558794155,-0.5500816056218714,1.488526296058966,-0.9826473667357148,-1.0103289425756734
10.0,62.0,1000.482177734375,-4.199931657831204,-2.966795836042468,-2.03258600572679,0.6501518006815878,-1.3332155206634204,4.779000304626663,-0.511888652075057,1.4131025273864068,-0.9220037965201948,-1.139207097372397
10.0,62.0,1000.3295288085938,-4.235133965628691,-2.954053595459337,-1.954086960297301,0.6849518293977752,-1.3103772683123829,4.832096762743449,-0.5330700015918826,1.485054526032311,-0.9416125831572923,-1.0602143857386648
10.0,62.0,1000.3324584960938,-4.227152998779651,-2.927633132597282,-1.95962360715391,0.7071932149317641,-1.25053308436864,4.860004142990933,-0.5202655590276866,1.499233562612169,-0.9608619999715522,-1.029717657147598
10.0,62.0,1000.744384765625,-4.228402845324817,-3.00738522990494,-1.9495097324492008,0.695271745296159,-1.228752967848579,4.75333848460914,-0.5494665007616453,1.4443524362741087,-0.9971045115119112,-1.0298623338664243
10.0,62.0,1000.5612182617188,-4.25776198212849,-2.996301127240066,-1.988004576554074,0.6854793862522532,-1.320241763191512,4.799323384047099,-0.5528285494322294,1.4568909355083024,-0.9402068384263752,-1.1210975342780944
10.0,62.0,1000.54150390625,-4.238947271909701,-2.959119488935924,-1.9751209413958013,0.6934151773362673,-1.2847028722451663,4.851496377661388,-0.5363739458295607,1.4733983637787684,-0.9530507351010212,-1.067867195708624
10.0,62.0,1000.5048828125,-4.275102729721347,-2.960812289770688,-1.965798616179204,0.6788827567175346,-1.2846502939469002,4.85657170253941,-0.5333392809534443,1.4898276800421684,-0.9306447899393424,-1.0735631149079623
10.0,62.0,1000.5122680664062,-4.215075540324806,-2.937225963259763,-1.9307172514386528,0.6803497505961795,-1.229416657877049,4.843750624067438,-0.5579207821909042,1.491735848441298,-1.0125632381830734,-1.025696637615506
10.0,62.0,1000.5035400390624,-4.272893055330217,-2.97905936198764,-1.9444726068433529,0.701486178230617,-1.221286804067581,4.840585763286876,-0.5435713261269868,1.5411380707721314,-0.972906682798328,-0.9960064599713876
10.0,62.0,1000.5941162109376,-4.250025921410781,-2.9400457615390816,-1.983320459578192,0.689463102747288,-1.2891722168480202,4.862345230223879,-0.5191997571815135,1.46027419175926,-0.9492723423133844,-1.042041531033333
10.0,62.0,1000.3136596679688,-4.2613056642447065,-2.9090290284029248,-1.929565207819545,0.7039837704247933,-1.2415285732688597,4.886401665801339,-0.5032185916983742,1.5122183774409326,-0.9656152530205252,-1.0192023128530208
10.0,62.0,1000.4234008789062,-4.195899043017095,-2.941044911386141,-1.956332440458724,0.6682816112575152,-1.293318802569532,4.86176581139388,-0.547771573328709,1.496854023150992,-0.9211349241917208,-1.087718046633388
10.0,62.0,1000.533447265625,-4.216247093690928,-2.942765216500932,-1.9711111930041303,0.6628737970446146,-1.249571355360076,4.848211608942533,-0.5271056524387792,1.4953714051458498,-0.9311746731266304,-1.083619567343593
10.0,62.0,1000.3695678710938,-4.236246744521082,-2.953174474527421,-1.9609671844630472,0.6570270882743685,-1.2955722282305755,4.81570790908706,-0.5428453348798055,1.4734039573449529,-0.945054450870499,-1.0804864215248
10.0,62.0,1000.4354248046876,-4.255312654681055,-2.954285722711988,-1.9587602219932512,0.7002395293909753,-1.245914078258103,4.839696825320658,-0.5146795019426333,1.4729526084223856,-0.9310910237515816,-1.071812556293818
10.0,62.0,1000.505859375,-4.270295122594748,-2.9591515460221616,-1.9538072169838163,0.7082461565989746,-1.277366275020428,4.822332650834301,-0.5010358685559586,1.444229366630367,-0.946663661188582,-1.0525698274307935
10.0,62.0,1000.6190795898438,-4.275958183676803,-2.944539746585134,-1.9792051173168923,0.7113279023765218,-1.2755874379895769,4.82671183284406,-0.5411474700662939,1.4864294201244714,-0.9281994278978408,-1.0534230449694753
10.0,62.0,1000.4457397460938,-4.261146224072149,-2.9684096083719584,-1.988530722768916,0.6532002397645345,-1.3106796637326514,4.789392921924288,-0.5334534536166817,1.4405292878143037,-0.9453189832694324,-1.0719164580092193
10.0,62.0,1000.541259765625,-4.188203489313381,-2.974677992450973,-1.983479406808427,0.6929050722232741,-1.262816574908396,4.767827961984835,-0.5706624357427534,1.486291561987919,-0.9254647978644276,-1.067361099047344
10.0,62.0,1000.5594482421876,-4.240874089459009,-2.9710640798339023,-1.9905414215436783,0.6908566538750218,-1.255336131763387,4.835062632141012,-0.549393067026247,1.4528095032306645,-0.9666495345578144,-1.0384634293905846
10.0,62.0,1000.3903198242188,-4.171849983349509,-2.924178905054226,-1.9564812994177216,0.669093920256083,-1.2947921190898888,4.854356632437337,-0.5276903334635037,1.4804303471405502,-0.8953526681062165,-1.114904359181947
10.0,62.0,1000.396240234375,-4.27099612566433,-2.9648906745733288,-1.9623707909173247,0.6788829204405724,-1.3118014182107718,4.81187481976894,-0.5414264144753442,1.453702565842283,-0.9509851525220984,-1.0610079727261548
10.0,62.0,1000.6243286132812,-4.213460194388252,-2.948397405466567,-2.0119994278491444,0.6153879137306806,-1.3307684866883456,4.812250338379849,-0.556060396892275,1.4281593250491618,-0.908635344769838,-1.1137373228048135
10.0,62.0,1000.5000610351562,-4.2807182868914175,-2.9675271601992463,-1.9660936546860763,0.6766599561918918,-1.273261846018138,4.828232747535473,-0.4926334601657087,1.466389543309912,-0.9525215926897612,-1.0459722504416913
10.0,62.0,1000.3540649414062,-4.272005307981116,-2.9315890303255814,-1.925888461092249,0.6976728867609792,-1.2820169932124093,4.87921038842318,-0.5094629487252726,1.497038499910328,-0.9203748470879748,-1.057332574709449
10.0,62.0,1000.6301879882812,-4.263896670953541,-2.9687682563115185,-1.949497912880847,0.6905179478787904,-1.3059731242586992,4.862844719301139,-0.5137498071396873,1.44760970101657,-0.9313480882009886,-1.0658789015834258
10.0,62.0,1000.3180541992188,-4.245126321883316,-2.9659328380468053,-1.954496648134297,0.7058510111306218,-1.290974145833612,4.840239117955097,-0.5041856539874008,1.4762144016060947,-0.9603977870444168,-1.0483306282855105
10.0,62.0,1000.6925659179688,-4.2463161101047335,-2.9387394227997,-1.936045246874809,0.7231780756380317,-1.2426986923286432,4.810705012851624,-0.53720595447433,1.5503201054008642,-0.9598543769420776,-1.0421559095740225
10.0,62.0,1000.4256591796876,-4.224578028636307,-2.9659603193248705,-1.9312583915920456,0.7281775825252872,-1.2108470085201877,4.839524257373075,-0.5422782872835459,1.5226652727388608,-0.9812577637954724,-1.009785260347514
10.0,62.0,1000.5797119140624,-4.21893609236871,-2.935382336693892,-1.9568477555208204,0.6805898264632217,-1.2127252684218297,4.864574466159464,-0.5303464946840073,1.4967183303317595,-0.959253966407382,-1.0510201390078278
10.0,62.0,1000.639892578125,-4.237332159818925,-2.9552680631743966,-1.978548134855751,0.6707438207708059,-1.3052135983525952,4.853854189125892,-0.5229147351369701,1.4739361141362473,-0.9371836169885724,-1.0390900918774597
10.0,62.0,1000.657470703125,-4.307482753816316,-2.9780973190724334,-1.953202456568242,0.7321891957253532,-1.255605702284832,4.838808221909334,-0.5396515593677895,1.5326596075166936,-0.957950516139995,-1.017816749269426
10.0,62.0,1000.3640747070312,-4.20548738937021,-2.9318427199626456,-1.9301252388581247,0.7259525261820148,-1.2531930116815042,4.838237498709514,-0.5198607627023071,1.5266672110598378,-0.9385168500892664,-1.0495913648936188
10.0,62.0,1000.6366577148438,-4.237252792556686,-2.9138886663974173,-1.957139501990944,0.6645738754489603,-1.2523384654398195,4.865643666667488,-0.4917724208896672,1.497184216671462,-0.9166995518030348,-1.078306870341749
10.0,62.0,1000.5006103515624,-4.196534535331597,-2.96328298231868,-2.011212128395784,0.6106868347467298,-1.265552679818379,4.829414171256408,-0.5397582510467638,1.4147817074200215,-0.9320314931493624,-1.0931260327560572
10.0,62.0,1000.564208984375,-4.215717703218616,-2.9549370441788505,-2.008994586504478,0.6650312742378519,-1.2476402187415,4.82216829021381,-0.5499299013988859,1.4664416021117326,-0.9193170151197076,-1.0904184035043525
10.0,62.0,1000.4356689453124,-4.2090974620101935,-2.9835361622826366,-1.9709273253933035,0.6804484926006449,-1.2377647210889062,4.783687894567496,-0.533212109033018,1.4738433843413752,-0.964194410984562,-1.0421688579708248
10.0,62.0,1000.48583984375,-4.241462792147699,-2.9225887046725214,-1.967941316082056,0.6921211927990623,-1.2796037227002772,4.849721223934816,-0.5193382827075581,1.4946854412560393,-0.8850287745489309,-1.088483848752726
10.0,62.0,1000.6962890625,-4.298079737167512,-2.942498967705561,-1.9653180854615968,0.689964128392953,-1.2725638704112816,4.887470250889153,-0.5286522864995025,1.495281613511274,-0.9626347422148188,-1.0128580375398584
10.0,62.0,1000.3565063476562,-4.246437295094568,-2.909171050445854,-1.969424639511809,0.6830744157005872,-1.276125525181198,4.870360601471242,-0.4961929172871198,1.4717445169867285,-0.9046343200391558,-1.0771594670973523
10.0,62.0,1000.3220825195312,-4.254994673277198,-2.945143205389776,-1.939704513710776,0.736087504275388,-1.305326657553694,4.832588955272403,-0.4872239155113611,1.5072567095279252,-0.9427700919378044,-1.0658472510782344
10.0,63.0,1000.55126953125,-4.224016989214013,-2.9490590764127207,-1.9732872896787856,0.6763271819123764,-1.2919586877006637,4.8183239950692816,-0.551149674079686,1.4441050568471834,-0.9718352117784336,-1.0330868510333169
10.0,63.0,1000.3831787109376,-4.239286044757326,-2.934170655842264,-1.9299587049174551,0.7210349636186049,-1.2169021974146874,4.863548410444686,-0.5242051454217806,1.530710265576312,-0.9609220071767242,-1.020093822994268
10.0,63.0,1000.55126953125,-4.285559710693668,-2.943658577728088,-1.942479315936799,0.6981802378351318,-1.281565030748148,4.858068722858835,-0.5100936329418095,1.4648563824639824,-0.9725786953235752,-1.0379733339023822
10.0,63.0,1000.4164428710938,-4.2494520368959945,-2.89633188237974,-1.9452923145288696,0.6862875982309289,-1.2922451371491743,4.889504805287778,-0.4973675125825352,1.494772092155193,-0.9123256401496967,-1.0459327251470816
10.0,63.0,1000.370361328125,-4.237826680250738,-2.971870520416988,-1.96817153325799,0.6897509221870415,-1.2086143726306071,4.791448238545277,-0.5349681804282973,1.482302083472332,-0.9933658509636007,-1.0173275207473504
10.0,63.0,1000.5888061523438,-4.217958985107224,-2.967586101800463,-1.9352584434714168,0.7033522595097965,-1.2402781540828176,4.795533921505468,-0.5239612377329541,1.4515949020691377,-1.0304480006764891,-1.0396568246948772
10.0,63.0,1000.484130859375,-4.219813854636448,-2.934355513954148,-1.937214311174054,0.6830012623743507,-1.2482621528382936,4.8828960905239,-0.513901549041826,1.5010769324157067,-0.94239654268463,-1.0557235814634869
10.0,63.0,1000.3179931640624,-4.240727327195691,-2.946293558134011,-1.9790920615472285,0.6610841547331088,-1.3509853289440592,4.849992099121161,-0.5284161620795418,1.4720302015306306,-0.8820251978048734,-1.0951368655650509
10.0,63.0,1000.6968383789062,-4.289099068751134,-2.979878263917773,-1.9768132421509064,0.7480101398549959,-1.2498289866522736,4.800514932008124,-0.5005768318312889,1.5302005154432423,-0.9733602239742636,-1.0204372058916933
10.0,63.0,1000.7052001953124,-4.174766858965409,-2.9849733707213417,-1.9839659378582848,0.6736239626427833,-1.2552603780224318,4.80109195576792,-0.5579643538299086,1.4753371774015438,-0.9615254761703644,-1.0652277902832292
10.0,63.0,1000.6099853515624,-4.2273726702224526,-2.9614256055996355,-1.99486261479004,0.7299745997500517,-1.323590654950979,4.795053464638034,-0.5358777253101534,1.4461756400172856,-0.9453710456877732,-1.0805233559817742
10.0,63.0,1000.5580444335938,-4.253300249804599,-2.9269342951356085,-1.942584559573556,0.744115418959602,-1.3286460121565318,4.862224744801031,-0.4994968986533434,1.5202116869847062,-0.9493649133173214,-1.0456111140977056
10.0,63.0,1000.48095703125,-4.23281295062788,-2.92392567616672,-1.9189692714950937,0.7315051527714438,-1.2745145649610636,4.870408662824978,-0.526605431860161,1.5319269482498212,-0.9382895247005552,-1.0563341566716675
10.0,63.0,1000.429443359375,-4.250830306739878,-2.917626158602851,-1.9214104083301915,0.6988876994057049,-1.284718700355563,4.8595696791039416,-0.551487396457877,1.5015364102585105,-0.9533599044799566,-1.0343125733945508
10.0,63.0,1000.7554321289062,-4.215027460967436,-2.901844133620109,-1.9354979312353395,0.6920490102262375,-1.2647405319138194,4.882153740722714,-0.4792323610304194,1.4955694358589149,-0.9483219824497456,-1.0383068900357806
10.0,63.0,1000.7078857421876,-4.267097969300043,-2.9449595948385103,-1.924130093389122,0.7269417639071847,-1.2808642467545246,4.876859080047266,-0.4951513529784126,1.5025773240206632,-0.9371973176334888,-1.0307036982203317
10.0,63.0,1000.656982421875,-4.25443755889646,-2.949064937059762,-1.9273947776353608,0.7227912541776238,-1.2489945041420365,4.810485879244334,-0.500282817060981,1.531799954884299,-0.9631991099684214,-1.0579383681909151
10.0,63.0,1000.6064453125,-4.23862317797958,-2.8942037947587163,-1.9516465589655845,0.6929803945776829,-1.270479211474172,4.832204861336685,-0.5097859246758416,1.4617560120892232,-0.959375324721135,-1.0365090308037317
10.0,63.0,1000.5078125,-4.2327233860127205,-2.951712075259152,-1.948439741270891,0.678713613774649,-1.3356324180065728,4.826758920452544,-0.5207594948981562,1.4818478043447412,-0.8925462049327129,-1.1390243171021943
10.0,63.0,1000.474609375,-4.20313761955641,-2.9354229055516488,-1.977936895340012,0.6557171200936303,-1.278753503264714,4.825707346675422,-0.5464539324436961,1.5010299454796403,-0.9301061085951998,-1.0664831825916088
10.0,63.0,1000.725341796875,-4.232261797583888,-2.901892453978104,-1.997175892448781,0.6480618095369586,-1.324803694407231,4.884274511074331,-0.5118600684326156,1.4318786336690703,-0.9102370376209984,-1.0866507105856766
10.0,63.0,1000.6102905273438,-4.262171040589876,-2.916630558729244,-1.9344829351975783,0.6963572104717111,-1.2549470303355252,4.8451422693100845,-0.5214409604933534,1.4740948483578435,-0.9644161821127382,-1.036601368494357
10.0,63.0,1000.593505859375,-4.292767822851361,-2.9191764656664345,-1.9511295963142248,0.7061077850997268,-1.252467952900051,4.871836945171324,-0.5195654383694608,1.5129982300253977,-0.9001952743560251,-1.052753614516508
10.0,63.0,1000.6041870117188,-4.195935014306357,-2.911293766884105,-1.926336989052244,0.6832183443739446,-1.2867686758349342,4.861405463665744,-0.4920365011308467,1.509067299696202,-0.925938576802519,-1.0913931355583002
10.0,63.0,1000.5087280273438,-4.283672935989768,-2.9026400131206893,-1.9752563361629552,0.6479754891300828,-1.3497082597609429,4.887023471785687,-0.4794454634635547,1.4093133721747986,-0.9105541126337888,-1.0645195053735934
10.0,63.0,1000.4830932617188,-4.248498806444702,-2.9220808081155423,-1.9259524114276525,0.7292640963081451,-1.352528216623829,4.882028796748163,-0.5097660998330049,1.5228854783151269,-0.9274851527227684,-1.051704150025667
10.0,63.0,1000.3605346679688,-4.306103756642874,-2.966078481335319,-1.96141701477006,0.6850951494210964,-1.2982893089542276,4.816031943375981,-0.5074913466850086,1.5138253085410591,-0.9371862589321004,-1.0344891545176376
10.0,63.0,1000.4973754882812,-4.201893719160784,-2.9408819962667447,-1.9828513320552048,0.6868587276172997,-1.278913173362505,4.829873965481147,-0.545484879355504,1.4965439105031215,-0.962216612840276,-1.0467630558955991
10.0,63.0,1000.7354125976562,-4.166659486411572,-2.903836255042384,-1.920850538072484,0.7091148930848554,-1.2806800348069816,4.872392827029312,-0.516094030187582,1.5197209460687162,-0.9180468035564812,-1.0809370758797376
10.0,63.0,1000.8515014648438,-4.2842988697378255,-2.961865698372872,-1.947841408642221,0.7240206213497347,-1.251698242044346,4.846465611035702,-0.531681986750602,1.485506845394518,-1.0060881356213902,-0.9752304044870376
10.0,63.0,1000.4782104492188,-4.313463685756696,-2.8971319480936804,-1.9307241108453213,0.721552569638984,-1.3311182798967436,4.896382427107609,-0.4992364966385434,1.5395474948525036,-0.9235793888980756,-1.0115011654828523
10.0,63.0,1000.3438720703124,-4.235155925955883,-2.9538044198468434,-1.98694001558523,0.6363540767981748,-1.3608339888378191,4.820574447350039,-0.5387385307549213,1.4465827390879236,-0.924902257014674,-1.095335796900387
10.0,63.0,1000.3895263671876,-4.248257148250224,-2.911450338718313,-1.90880196044702,0.7094167965417872,-1.2078288216235809,4.880061104495788,-0.5378756732336836,1.5437661191340757,-0.9848529396483884,-0.9869011721809012
10.0,63.0,1000.6510009765624,-4.247097647639205,-2.9909813329195245,-1.9670669084892296,0.6812558511931464,-1.2790426063230398,4.740397613913308,-0.5616154384985217,1.464527343597939,-0.973582342273537,-1.033011156830519
10.0,63.0,1000.5636596679688,-4.297689082384959,-2.9399919088919453,-1.947853246722822,0.6793961594853837,-1.3031564267726363,4.904536765147169,-0.5023891224038755,1.5186433586429953,-0.945447542163162,-1.017407340848933
10.0,63.0,1000.3704223632812,-4.259462742343467,-2.9415643635110675,-1.9653494994451943,0.6852116944665765,-1.3048896234935894,4.867094651757318,-0.4956501456273967,1.4714483042172466,-0.9284253731037042,-1.0790194111717133
10.0,63.0,1000.4342651367188,-4.267769854326254,-2.9445748347979346,-1.941166739348512,0.7280416171849655,-1.2307043201665522,4.854572362763475,-0.5345914786117127,1.544800506934143,-0.9514646404645202,-1.0344895248707435
10.0,63.0,1000.507080078125,-4.197170046942161,-2.919412871524828,-1.9514970043163224,0.6527478773429429,-1.2957495585864427,4.848049299079095,-0.5656699328110353,1.5299784213372982,-0.9438101880817652,-1.0658027625985935
10.0,63.0,1000.6989135742188,-4.250974078751471,-2.965656851936525,-1.9076527344767265,0.6951677064883146,-1.294806607132867,4.851182786718493,-0.5457044025345512,1.501987696175103,-0.9784621708451456,-1.0499204015752088
10.0,63.0,1000.5027465820312,-4.251691963102432,-2.955752740442085,-1.9484720285046249,0.7134905020604627,-1.2727846889811376,4.82540004048216,-0.5082191177616098,1.462738134528637,-0.9686463106114632,-1.0796460534301215
10.0,63.0,1000.6218872070312,-4.297088884455183,-2.959505019335745,-1.968353653860718,0.6843683256528523,-1.270688227315622,4.847929776920541,-0.5295867417516016,1.4962291224485913,-0.9095470778375416,-1.052475221959352
10.0,63.0,1000.5306396484376,-4.270239433919279,-2.9122308681829416,-1.9307917850437173,0.6599281985733354,-1.301170221370712,4.892680122626643,-0.5486582674437761,1.534318001014774,-0.9207514584580324,-1.0268119213052564
10.0,63.0,1000.419921875,-4.18549501844855,-2.8966256192558464,-1.9325583223726608,0.6980483814077507,-1.260883867410893,4.862256076651004,-0.5551119202066488,1.532956602790282,-0.9503411747752056,-1.0559193980845456
10.0,63.0,1000.6937866210938,-4.262437628841084,-2.946429016616502,-1.9563350443913423,0.694456624228609,-1.3439508770435635,4.825584559023216,-0.5260602169090811,1.4512481771054766,-0.9542827117159236,-1.054389433724927
10.0,63.0,1000.2916259765624,-4.24841884921487,-2.953744958837528,-1.973181399367005,0.6815552168201666,-1.3073513778584434,4.804597635927518,-0.5120434570872936,1.4582544181471206,-0.9191617003534968,-1.1016692458244752
10.0,63.0,1000.3487548828124,-4.232057250130304,-2.9904162625665403,-1.9607844426774963,0.7098719247430649,-1.2664384369038824,4.821617160608154,-0.5191666442420413,1.4654478656116332,-0.935325130561357,-1.0796429983654128
10.0,63.0,1000.500732421875,-4.215212513574995,-2.943231884013962,-1.9528411305255928,0.6902107571049072,-1.2475790144413508,4.848013793710265,-0.5289567303815765,1.4708747824699149,-0.9610157463770196,-1.0529038441556562
10.0,63.0,1000.4927368164062,-4.220098416109924,-2.884061953985766,-1.9542599572261388,0.6621330044252254,-1.3436492306393517,4.899244474690207,-0.505770712671012,1.4386329232001387,-0.912041969633936,-1.0942177262265471
10.0,63.0,1000.5601806640624,-4.217620874974821,-2.9361829564127184,-1.974709254669282,0.6824508179117448,-1.2805077608981978,4.854809398722603,-0.5084917799855875,1.4933303240558793,-0.9392280690062212,-1.0179509313013115
10.0,63.0,1000.3740234375,-4.247575560883811,-2.933344096595649,-1.932334666149012,0.7275060046974673,-1.280756638859008,4.880198286411886,-0.5019245843611042,1.5371678514974,-0.9354055120655378,-1.0491756649016009
10.0,64.0,1000.481201171875,-4.194156319938986,-2.930701207784462,-1.9852920512734955,0.6404375425576889,-1.2609113297500985,4.832826282524419,-0.5527475777902193,1.4489705370239907,-0.9404946061827671,-1.0506913383136327
10.0,64.0,1000.4418334960938,-4.221840887191114,-2.9530810190202788,-1.942904553054292,0.7048423152206613,-1.256642348566439,4.842614536885755,-0.5271210330695499,1.5325844109238185,-0.9146743066978952,-1.0689167618029356
10.0,64.0,1000.3704833984376,-4.232180882717804,-2.9644375048299287,-1.9582574796542884,0.6922306645172727,-1.2838672489723084,4.839075246869708,-0.5169247175488803,1.4925656601830273,-0.9152650601342334,-1.0834802075983014
10.0,64.0,1000.458251953125,-4.243891157971578,-2.9407259875173604,-1.936966592382829,0.6997724262310836,-1.332109655131886,4.842708291462083,-0.5052378149478916,1.5067790375571413,-0.8890626768788188,-1.1009984655890015
10.0,64.0,1000.3075561523438,-4.244827979279846,-2.93307269127484,-1.95179974917991,0.6846205983747646,-1.2826329715045843,4.830767983273793,-0.526204470340315,1.483019379121683,-0.9333549010514116,-1.052136091531688
10.0,64.0,1000.3773193359376,-4.21777972261716,-2.966008877999669,-1.9553340913948825,0.7107052340056921,-1.30825088667103,4.813737150660522,-0.5128179850191765,1.4774906163407096,-0.9380464563099516,-1.0879277521682438
10.0,64.0,1000.4769897460938,-4.212626355381492,-2.922978072459772,-1.9650947190829733,0.6487384239296965,-1.3185783456941462,4.858120036107724,-0.5456048254250456,1.4806757076434014,-0.897984805744664,-1.1065905224279216
10.0,64.0,1000.6986083984376,-4.232382338947509,-3.001146283137298,-1.9776729696323008,0.7173523836933544,-1.30625050627794,4.774700701630882,-0.5613202475212216,1.4531499164042376,-0.9377946852201156,-1.1139266482476664
10.0,64.0,1000.5065307617188,-4.257330824621645,-2.981950836419169,-1.97324230194765,0.687461348853021,-1.268294483516569,4.84055876412237,-0.5332531593422214,1.4758981394209956,-0.9849128320828324,-1.041609911649186
10.0,64.0,1000.5078735351562,-4.245412732994969,-2.9685642857205723,-1.9620108198419803,0.6460518069334498,-1.2819906220339572,4.818076436991149,-0.5537758488085993,1.4797828824523176,-0.9408999443309236,-1.0545715708529513
10.0,64.0,1000.36279296875,-4.250451580287908,-2.942401980805209,-1.93117707509799,0.7158503221715309,-1.3163024795176508,4.841767150443738,-0.5220822685926905,1.5203522476501998,-0.9170555162993644,-1.0685579584966614
10.0,64.0,1000.3995361328124,-4.253435002812775,-2.944377750008594,-1.9677690881094805,0.6643360500121709,-1.3265217047432687,4.863092751416799,-0.5250495225517486,1.4954005391172238,-0.9160996670975114,-1.06563520255432
10.0,64.0,1000.4676513671876,-4.235262756377975,-2.9244414182946348,-1.964500678325579,0.6575067193349637,-1.3419762569550977,4.84068768426318,-0.5481432098197363,1.482248635196255,-0.9149424113153596,-1.0764648221061868
10.0,64.0,1000.4713745117188,-4.255010122463201,-2.97569496968508,-1.9433946380515144,0.7224011352333282,-1.244887967821382,4.827662252446389,-0.5287062369869062,1.5198736580529504,-0.9682064619117288,-1.0142851128694632
10.0,64.0,1000.3346557617188,-4.215354582392324,-2.932932532720212,-1.9653028432195208,0.6913541215088213,-1.2295561927781344,4.843062710951518,-0.538003104206509,1.519844828757425,-0.9375010127359368,-1.0374693606672285
10.0,64.0,1000.4685668945312,-4.289140143120316,-2.946028240591831,-1.9850527231739905,0.6605518424672283,-1.3208081131326943,4.806612128789549,-0.5267661651303017,1.482869563413348,-0.9138725514001198,-1.0774761453808708
10.0,64.0,1000.3944091796876,-4.19254885721234,-2.934117270722488,-1.9552555275638608,0.6775328382792818,-1.3176585566110215,4.83859581874523,-0.5650208321282761,1.477742020187394,-0.9309394905655904,-1.0831391965977364
10.0,64.0,1000.4341430664062,-4.287028482520706,-2.9497474062471523,-1.9579787760068483,0.6536956549423332,-1.329676447197392,4.839575011183639,-0.5329039057482445,1.4852671039736274,-0.9644106715006746,-1.028915024238774
10.0,64.0,1000.4298095703124,-4.256609980273068,-2.942435263688089,-1.9752865710507628,0.6761370836493903,-1.3094179034877662,4.846899807366627,-0.523472944378347,1.498787774416802,-0.884709962433778,-1.0538388450148908
10.0,64.0,1000.3618774414062,-4.211163409911699,-2.9947729261772684,-1.9804397449933928,0.686962833102144,-1.276650003625051,4.788605460743094,-0.5415924993375159,1.452564608868455,-0.9267404531292628,-1.0942940556120575
10.0,64.0,1000.371337890625,-4.197133729889478,-2.952732707725507,-1.9535687794941827,0.6658081727677096,-1.2741191475641371,4.852060271657184,-0.5161688397135151,1.481206115501999,-0.9241494730188676,-1.1123774241783084
10.0,64.0,1000.3588256835938,-4.262967881181019,-2.9204633267791684,-1.9441365093976075,0.6858905455632431,-1.3266355575633342,4.882070094742371,-0.5224175067245902,1.5337723997761437,-0.8935971967207905,-1.0750461477539268
10.0,64.0,1000.5177001953124,-4.231581734457578,-2.9154099281378154,-1.939187721397463,0.7124409766844852,-1.2656667282242022,4.860603965527218,-0.5092867025515488,1.5074646883879603,-0.937246542647042,-1.0335823223687162
10.0,64.0,1000.8407592773438,-4.228147793963576,-2.973053919358212,-1.941195798417437,0.7495436219759668,-1.1901043258600312,4.793911941998619,-0.5427371766300535,1.4804161787454708,-1.0303050129089448,-1.0153933814159393
10.0,64.0,1000.4196166992188,-4.192953205126764,-2.895319622582379,-1.9799678366557845,0.6696201272480664,-1.3041412779827306,4.852791892333837,-0.5265169931634119,1.4736017008215452,-0.8878435910393865,-1.0899660614174531
10.0,64.0,1000.47802734375,-4.221945447021633,-2.960969476735946,-1.9658720986059897,0.6841027463917113,-1.2901908646134048,4.818696444610895,-0.548107149251754,1.5123755960538023,-0.8955925402850031,-1.0869005217058931
10.0,64.0,1000.4544677734376,-4.252688895358853,-2.9246459015491304,-1.968622219417533,0.637479850661359,-1.335983019262576,4.854683320115871,-0.5085973523855678,1.47868565200071,-0.9115229613732954,-1.0734602308394583
10.0,64.0,1000.3779296875,-4.21577379402998,-2.944519869184393,-1.9600890823879755,0.6868404357584881,-1.2928432994681631,4.853073747531765,-0.5152873499950958,1.492364403425169,-0.9549829180573344,-1.0688755104400158
10.0,64.0,1000.2490844726562,-4.231447802768774,-2.9598607898634874,-1.966153541685021,0.7051471051570948,-1.2540843348434505,4.82812823382424,-0.5156164699649093,1.4889760531095035,-0.9451104344978898,-1.0641555441566548
10.0,64.0,1000.4448852539062,-4.25567315319206,-2.9491888678658995,-1.965890507610207,0.658159658754168,-1.289968586867924,4.805548275609247,-0.522625128044659,1.442631362832998,-0.9654950754548954,-1.0640132386560088
10.0,64.0,1000.5391235351562,-4.235876760772981,-2.988682100044392,-1.992300170191908,0.6676855877258152,-1.2905106326831328,4.789318643367887,-0.5490922547182411,1.4652638559316582,-0.9242639008372996,-1.1029434651695476
10.0,64.0,1000.5684814453124,-4.302425096317225,-2.926285378931004,-1.965414103327607,0.686584502146661,-1.3273590246613538,4.855363350020065,-0.5202043612698048,1.497544844812322,-0.8925630740932196,-1.064836516844199
10.0,64.0,1000.3956298828124,-4.28575191398262,-2.957076619723398,-1.9512200584744293,0.7002249450988565,-1.3087729122493543,4.851723577522369,-0.5034180952810168,1.485498410839499,-0.9452046232973448,-1.055889267833642
10.0,64.0,1000.4742431640624,-4.231980345296998,-2.946240358531869,-1.9535942228128624,0.6811147204680124,-1.2615829209551634,4.834396582653616,-0.5261665261691464,1.464282961686215,-0.956988335869612,-1.0455209939317949
10.0,64.0,1000.700439453125,-4.191753763280326,-2.928842602400693,-1.9220937375542688,0.7352509284497799,-1.2657400389902485,4.865691717485387,-0.5162629767370461,1.490340427565057,-0.8728256821851925,-1.084884160002031
10.0,64.0,1000.6572265625,-4.212855391089899,-2.934175687100097,-2.001716073144906,0.6849196362343672,-1.2511835465431846,4.842743061773623,-0.519715990184288,1.5016789312059533,-0.9281309898290946,-1.052080912597467
10.0,64.0,1000.3339233398438,-4.264143029961735,-2.937510662913464,-1.923027944673683,0.7179053584241775,-1.2682608888193323,4.820395446144783,-0.5272595594574252,1.522355000606206,-0.9480982729615182,-1.0412038596628213
10.0,64.0,1000.7008666992188,-4.221532326240019,-2.971323852029546,-1.9886551614898167,0.6561209058288693,-1.250452991103482,4.827880022397245,-0.5440448312904422,1.4562310318773255,-0.9665611263980765,-1.0403039478913607
10.0,64.0,1000.39306640625,-4.265664891479353,-2.8969997169603565,-1.952007938274238,0.6606765042536278,-1.3106306195888044,4.9009494375682525,-0.5265537190554408,1.4894483941266827,-0.9166325586346548,-1.043135466239105
10.0,64.0,1000.3546752929688,-4.286376293160176,-2.907438688234562,-1.914796688481188,0.7236820477641235,-1.312949316102892,4.892869361456512,-0.5071103673870461,1.5506652071028837,-0.9255213007718296,-1.0455259083286874
10.0,64.0,1000.6121215820312,-4.241089981620435,-2.922649777357733,-1.964468837049374,0.6546572727530622,-1.332038562118918,4.865331434883387,-0.4904614535055733,1.4574155552474348,-0.8862074420442383,-1.08349855365576
10.0,64.0,1000.4379272460938,-4.256837479885483,-2.9252833573663413,-1.9267785793452807,0.6806194113817696,-1.297026933012448,4.847017028712298,-0.5149309542215068,1.5019684555476012,-0.9655689586804056,-1.0530979839198211
10.0,64.0,1000.3836059570312,-4.241379468032552,-2.927005932879132,-1.960734935073981,0.6778920739858894,-1.3003099319955274,4.847838146437786,-0.510627000163618,1.470084107113121,-0.9104773067295646,-1.0787530789029098
10.0,64.0,1000.5651245117188,-4.227690497246973,-2.91155078181708,-1.9711542130460136,0.6570590568347008,-1.298838550805944,4.893182474437783,-0.5547988611940093,1.5189145285710426,-0.9315479694541686,-1.0510649403602796
10.0,64.0,1000.3114624023438,-4.258527053085896,-2.939517593646943,-1.9526955137594708,0.7054326104464774,-1.3069413805925345,4.830962333862317,-0.531841985181746,1.49133793068735,-0.95061695730878,-1.066300034749645
10.0,64.0,1000.86376953125,-4.224490807990736,-2.995312324053692,-1.9341992597616853,0.7279040630376468,-1.2889184776734632,4.823152984128281,-0.5425394887289086,1.5365257418441232,-0.944371180261177,-1.0515281019772482
10.0,64.0,1000.2649536132812,-4.264488533512685,-2.9357919176193628,-1.9527275135223967,0.6976745042307151,-1.329250385369216,4.852013740416778,-0.5195559008311488,1.4828665878225795,-0.9264840786718596,-1.0596562409290504
10.0,64.0,1000.3031616210938,-4.217943970755983,-2.9262089394841184,-1.966102900472773,0.6661241448261972,-1.2693546441113774,4.850668677835973,-0.532990074827838,1.4997883208439848,-0.9219344157540554,-1.0773970286142045
10.0,64.0,1000.4070434570312,-4.258009053710396,-2.9485938974264907,-1.9720816757225683,0.6950787362446187,-1.29844495837466,4.833624718918964,-0.533374899766887,1.508071375307784,-0.917084965348244,-1.0456667556698065
10.0,64.0,1000.3477172851562,-4.221539473000577,-2.92023322788313,-1.9292548945056027,0.6999851071887804,-1.2634510982739933,4.846417259687483,-0.5489699056177324,1.5152241772738106,-0.9698558898065004,-1.039195715740799
10.0,65.0,1000.4005737304688,-4.274437461342764,-2.943494340227388,-1.9180190739658225,0.7107949369815483,-1.2333099355003818,4.847695991455868,-0.5048049131929053,1.5016813741259174,-1.003398367325381,-1.017511821132791
10.0,65.0,1000.5186767578124,-4.217720392036815,-2.930392623791587,-1.9163056646379872,0.6918975555685867,-1.2665891067187425,4.852780496105552,-0.5265093047059324,1.484724536567028,-0.9831021765558106,-1.0499113359396537
10.0,65.0,1000.2994384765624,-4.262161718146175,-2.941958771007883,-1.9607225711324967,0.7010696084122863,-1.270439808744082,4.833355469971622,-0.5073413188953921,1.492067859447486,-0.9440177524851948,-1.0527802142736418
10.0,65.0,1000.5120239257812,-4.219890290859066,-2.980505798067562,-1.9787709802659537,0.6680196649705863,-1.246070400126663,4.78709006848562,-0.5207409646906864,1.461571359806138,-0.937668781287334,-1.0776443566602991
10.0,65.0,1000.3800048828124,-4.283315242873369,-2.9357948127852525,-1.9158301887329416,0.6944122864143063,-1.247604046154552,4.842861714537509,-0.5328324178700434,1.5096345701179326,-0.9822116584240383,-1.0038154109517623
10.0,65.0,1000.4038696289062,-4.27774391201185,-2.920108939270382,-1.9584367323512004,0.6809062553779732,-1.2936709384422942,4.849885032793669,-0.5068484875625865,1.4819966629149528,-0.903536692009652,-1.0709605608568251
10.0,65.0,1000.3890380859376,-4.257697689196178,-2.9492644652340028,-1.9808302828459508,0.7041673713955472,-1.2828125725071242,4.816863605891726,-0.5003830528299167,1.4876612025631069,-0.9208539066810292,-1.0786475528091524
10.0,65.0,1000.409423828125,-4.2428926414204575,-2.959366438632614,-1.93053294486008,0.7234944472345184,-1.2560440273778548,4.81978461347197,-0.5328711768544707,1.5246280658085487,-0.952391591629448,-1.0558778852168935
10.0,65.0,1000.2390747070312,-4.231092615086359,-2.9220625078295663,-1.9402112595428729,0.7043581260563307,-1.2766174314782832,4.86614899621776,-0.5052884264833217,1.505558480109304,-0.9260001259461924,-1.067324846227466
10.0,65.0,1000.4059448242188,-4.290966476738174,-2.9233667081884454,-1.9438081713527453,0.7029852929812455,-1.2965153015192197,4.857008617129312,-0.4889061204789966,1.5216792094537157,-0.9269366454856982,-1.041025083045468
10.0,65.0,1000.3883666992188,-4.256317539331612,-2.931359863168424,-1.9510265743821464,0.7230357253564277,-1.3197031662780052,4.85284275930263,-0.4851188407383251,1.5080431795387836,-0.8989245974362872,-1.1028812781591315
10.0,65.0,1000.1599731445312,-4.2670672892281845,-2.9678503110612047,-1.956094242894527,0.7046897305661712,-1.30935686009584,4.817281817764327,-0.5094912198368533,1.4851022902977462,-0.9429828566046714,-1.074797275051711
10.0,65.0,1000.4708862304688,-4.2401789789774575,-2.8964740508035742,-1.9378207904432363,0.7062932703914004,-1.270269611826473,4.881192829295657,-0.5174563068793088,1.5389065803524673,-0.9179093588921194,-1.0311704640084014
10.0,65.0,1000.4635620117188,-4.209443643304126,-2.9260638773295167,-1.970476972490612,0.6680638119548536,-1.2852402919842283,4.858627982575655,-0.5066539234848726,1.499121406352339,-0.87496553057764,-1.1020318467777357
10.0,65.0,1000.6814575195312,-4.237449248697599,-2.9344912396676075,-1.953146314341572,0.659708740575299,-1.2533030233508209,4.877066618029751,-0.5422472702573096,1.4798925852557865,-0.9167986736093175,-1.0705202417595734
10.0,65.0,1000.3560791015624,-4.283743511613763,-2.9194119576466364,-1.918433184138564,0.7294951278562358,-1.2923659609161122,4.874172668904514,-0.5232781908470372,1.5483042534131632,-0.9330830402890706,-1.0179288149204533
10.0,65.0,1000.4950561523438,-4.254139719348585,-2.917837896073812,-1.934788362405388,0.7177857027010575,-1.263561269480035,4.844460356794007,-0.5028070085207181,1.5035159295104883,-0.9350768506832514,-1.0519478804504638
10.0,65.0,1000.566162109375,-4.216139849644116,-2.9388752799424167,-1.960145165366491,0.6644111325585786,-1.268066410850046,4.854611363184544,-0.5085058956382307,1.4738872745393437,-0.9325320724587378,-1.0706294945243933
10.0,65.0,1000.365234375,-4.222096643768461,-2.937631238076857,-1.9690533778847656,0.6546480673980888,-1.2980215338538263,4.817157210334527,-0.5333210905950336,1.4562031990160262,-0.9589952130218632,-1.0817511361480203
10.0,65.0,1000.4441528320312,-4.205074487300826,-2.956933312438855,-1.9868871502141712,0.6889942294307163,-1.291096576467825,4.833568804876249,-0.5486289628595884,1.470977742271863,-0.924722133396508,-1.094824510757482
10.0,65.0,1000.400146484375,-4.22757073431548,-2.9281524024532706,-1.927387261530212,0.7147798874333589,-1.2109355866269218,4.858722327364418,-0.5130236667839414,1.50788889842051,-0.9607113327584492,-1.0440469129383438
10.0,65.0,1000.4078979492188,-4.247636693878138,-2.9674215862853104,-1.981648129006648,0.6655095483120865,-1.2839042820805835,4.818427045386212,-0.5300989970976469,1.4544513879300869,-0.9268278047408228,-1.0925522143550914
10.0,65.0,1000.3665771484376,-4.217672847074576,-2.950057899352976,-1.9734013441193463,0.7007281176984126,-1.31327287200698,4.836422018016052,-0.5179272227827898,1.494061871182594,-0.9068300909642426,-1.0862038295266525
10.0,65.0,1000.3352661132812,-4.252603002928403,-2.9510695009793206,-1.9439936536047564,0.6977780655017982,-1.25723029003221,4.833734412467967,-0.5256635119155009,1.505588020309057,-0.96496419449453,-1.0209023188248565
10.0,65.0,1000.3096923828124,-4.251188322476303,-2.9486605711119647,-1.983255708594962,0.6581738666972461,-1.301681819611396,4.819259782081813,-0.5265175474681705,1.4563598156301485,-0.9509288178299312,-1.0622315230547246
10.0,65.0,1000.435791015625,-4.251044225017964,-2.958721343734159,-1.9751888658718144,0.7210922680798006,-1.3123323822059123,4.825224261420898,-0.514818557548451,1.4739544357262382,-0.9471856253059094,-1.0628391396161785
10.0,65.0,1000.2279663085938,-4.242422901518981,-2.9115957710574305,-1.94223895825288,0.6876308962677928,-1.268621027087752,4.866421837070922,-0.5298310486740805,1.5194325862062374,-0.9445704088531536,-1.0319041901076664
10.0,65.0,1000.3463745117188,-4.2290146390346655,-2.911833601118212,-1.9466019488085773,0.6649277669695195,-1.3092997260017194,4.892396420104227,-0.5359002454330906,1.5040932726952416,-0.922123439852589,-1.0582003579743668
10.0,65.0,1000.5089111328124,-4.224890728972438,-2.964464609798921,-1.976453116625802,0.7022994755698209,-1.3212676522289684,4.826307547753929,-0.5381436989429975,1.4853070740255871,-0.932633063598967,-1.0982432829912177
10.0,65.0,1000.3005981445312,-4.243990363018119,-2.964520500927527,-1.9425057775364407,0.7109463108823384,-1.2858419799952854,4.817271773200883,-0.5349163727503381,1.5244677686845645,-0.9220095696942892,-1.0739572790340013
10.0,65.0,1000.2759399414062,-4.250551735300301,-3.021095139290792,-1.9871101737455787,0.6969299611556057,-1.3181064347543323,4.75341406204708,-0.5042376007334166,1.435801410843793,-0.953614819837382,-1.111086230654022
10.0,65.0,1000.5551147460938,-4.287310975423471,-2.957596088036669,-1.956670473153573,0.7518247270772633,-1.2401439048547118,4.807174124965735,-0.4960352684457731,1.49631076042356,-0.97503668787893,-1.01236190730679
10.0,65.0,1000.3678588867188,-4.218903915635657,-2.9611981195709896,-1.9574071256017724,0.6916400004940204,-1.2261055645198375,4.805110629004048,-0.5288390105244876,1.4855676798886384,-0.9873091111638664,-1.042592698043689
10.0,65.0,1000.395751953125,-4.221678155387433,-2.9386741553163627,-1.9855909215724303,0.6780994281081076,-1.296704802832032,4.83764786809977,-0.5370772894365059,1.4680618470354094,-0.9037869461002304,-1.090769482435471
10.0,65.0,1000.2488403320312,-4.250305593843575,-2.953580678738691,-1.9642236510194748,0.6675029876570644,-1.280112137719219,4.8435247276318645,-0.5264440362247322,1.4686133596713544,-0.9282930407478114,-1.06956544668027
10.0,65.0,1000.3776245117188,-4.258526570844322,-2.922414899898372,-1.9342398416997235,0.6993707929562776,-1.290061413980666,4.847581207217784,-0.5094591042717198,1.5092195841378375,-0.9321520582112433,-1.0527681590814382
10.0,65.0,1000.1592407226562,-4.237934038304839,-2.9582436729893087,-1.9626719687472955,0.6840059271386911,-1.280627775736436,4.82508403984111,-0.5234417031143659,1.4781716694432865,-0.9395165175150924,-1.0640553561829642
10.0,65.0,1000.2891845703124,-4.227154592760511,-2.959148572442557,-1.9669941054453304,0.7043525300025708,-1.2926220270929418,4.804155467200706,-0.5202839716846732,1.4701357343672328,-0.9237278314342188,-1.078114868208487
10.0,65.0,1000.2424926757812,-4.227961598621365,-2.9057376745186274,-1.94830080367797,0.6888992492128363,-1.3041494732762071,4.861975222875952,-0.5218504134322028,1.5065154771586196,-0.9322214826070958,-1.0630706015716838
10.0,65.0,1000.3245239257812,-4.239723817676411,-2.952060497391967,-1.9766338603601816,0.6819875539977991,-1.2948473400017808,4.792500635401929,-0.5251938979756492,1.487077559987764,-0.938814142444202,-1.083520374244689
10.0,65.0,1000.3712768554688,-4.220147029350343,-2.894016611449663,-1.958710367538984,0.6516257165066195,-1.3301628608256948,4.882080894215502,-0.5270166670026573,1.4918882841617185,-0.910203515781932,-1.073279145742215
10.0,65.0,1000.2708129882812,-4.231327032145164,-2.951039800536993,-1.944092303919516,0.695433691243295,-1.2594370815151563,4.827102986112076,-0.538468358461353,1.4972012978310325,-0.9635132724676811,-1.0416038277196105
10.0,65.0,1000.43798828125,-4.2901160234585545,-2.914685956777689,-1.95336996460103,0.6889650872954931,-1.3083183856889469,4.862315044684101,-0.5055808862005504,1.4979494407691254,-0.9230918914054927,-1.056599129525666
10.0,65.0,1000.46435546875,-4.222203633869001,-2.9646050121170955,-1.986766531645952,0.6546002389285448,-1.282440589685791,4.8019458763953295,-0.5359739832570973,1.4706556164671891,-0.9245347927208778,-1.0662046099856393
10.0,65.0,1000.5750122070312,-4.21786684704024,-2.9972107061552613,-1.9611661327592167,0.7103517093055354,-1.2406201555398848,4.782635859772995,-0.5665409969476629,1.4930806445695382,-0.9402845419127566,-1.072337723793976
10.0,65.0,1000.3865966796876,-4.24087933374028,-2.970117840445476,-1.9647625689133128,0.727054562091495,-1.29776176566292,4.816287463600528,-0.5175592572845344,1.4588850530463109,-0.9333557291496186,-1.0704408255368207
10.0,65.0,1000.4210815429688,-4.2666805512495065,-2.9353132665090502,-1.93470471961243,0.7031801925931749,-1.2427322445997762,4.841273238405702,-0.521812625858801,1.512154315607228,-0.951702086695108,-1.0483528874578545
10.0,65.0,1000.5382080078124,-4.288254991525611,-2.931061152381641,-1.950564081850368,0.7046165846220855,-1.2858066095735592,4.882329370371409,-0.5055052558378428,1.501538162863402,-0.927049052271994,-1.0485017367754668
10.0,65.0,1000.2909545898438,-4.244943474003632,-2.9291689310116507,-1.9465155416739188,0.6976632332543087,-1.2904704177818842,4.849081267734929,-0.5327680897394087,1.492393946932178,-0.9185249352235304,-1.0686561473313372
10.0,65.0,1000.38720703125,-4.232516520435607,-2.928373052273632,-1.9695407804783336,0.6625263057196502,-1.313246742430434,4.863381991751963,-0.5162012451547868,1.4811459157284537,-0.8845457669383725,-1.075215791966777
10.0,66.0,1000.473876953125,-4.2384513487369615,-2.8875320590055806,-1.931147186430942,0.684825171668864,-1.2694334949443369,4.871388381000704,-0.5216215919120968,1.5304674366555338,-0.941055949694098,-1.0453804873590036
10.0,66.0,1000.489013671875,-4.260838898127323,-2.953268427246114,-1.94827941120346,0.7228983503091557,-1.285171766417808,4.844820865481827,-0.5274434794497287,1.5077683769188042,-0.9324339531490518,-1.0658891750673192
10.0,66.0,1000.2743530273438,-4.245625069800036,-2.920701166907675,-1.9394748822769856,0.6807202959351963,-1.2927499267509337,4.862872835327307,-0.5428942718118348,1.5035762381130011,-0.9132712735062832,-1.0573917038940528
10.0,66.0,1000.28515625,-4.223489977023835,-2.9539300534830293,-1.946056854989329,0.7085251670844244,-1.281149269038408,4.825921187813652,-0.5359191523504796,1.495939809733386,-0.9551113698239622,-1.0484185029009123
10.0,66.0,1000.2296142578124,-4.233321874061099,-2.932845928612217,-1.944786210299672,0.7003343275951632,-1.248566218239417,4.847314616965001,-0.5290656882980702,1.512221865247656,-0.9470289201770036,-1.049388868159085
10.0,66.0,1000.2470092773438,-4.23899480960656,-2.9570628009241604,-1.9779546629772016,0.6680819123630037,-1.3479555366613702,4.803926868329793,-0.5027791819884824,1.4521930233591256,-0.911719431425828,-1.1092849429166178
10.0,66.0,1000.3450317382812,-4.229765166082343,-2.9585222857075664,-1.949794981624,0.6968205830365717,-1.2842622845126628,4.792924894926161,-0.5154918271250608,1.49339704482737,-0.9370149088685862,-1.071410858496193
10.0,66.0,1000.3236083984376,-4.232865765674554,-2.963418191864516,-1.960236468554219,0.6925204496890336,-1.2764468472313522,4.808753550540844,-0.5340926431839401,1.4772554892190808,-0.9558611037051392,-1.0513383848319933
10.0,66.0,1000.4207153320312,-4.259309806224616,-2.966999291014818,-1.9603259679776923,0.6925745441216735,-1.2266868604697518,4.825238919964368,-0.509639276605447,1.482870020590883,-0.9612403920762356,-1.051909823503801
10.0,66.0,1000.3451538085938,-4.231472244069026,-2.984238747967983,-1.9731948545248423,0.7185649963126597,-1.2507865808804857,4.785900573263703,-0.5384639377035523,1.5025593464546585,-0.9593586406544636,-1.0570396865765177
10.0,66.0,1000.318603515625,-4.237270704518817,-2.9165453596207573,-1.9569012395043253,0.7134298991821897,-1.2548105424790954,4.850047489958458,-0.5053317108381021,1.5007043509694782,-0.9281499535713698,-1.056385990097215
10.0,66.0,1000.42431640625,-4.254847452833736,-2.934305820861068,-1.9384368960614209,0.6996039713862681,-1.317594404297369,4.82593990295598,-0.5264350722157713,1.4988677952477856,-0.9470346185319184,-1.05639123727928
10.0,66.0,1000.3200073242188,-4.238728610884842,-2.937050768980792,-1.9312347150304416,0.724115283061149,-1.2843327192740244,4.839117863897382,-0.5301485918645996,1.5073949636829722,-0.9431283110662534,-1.0524199253648563
10.0,66.0,1000.3115234375,-4.210868116703881,-2.9765870412501987,-1.954573378919608,0.7002692495756113,-1.272588756871778,4.785492138691929,-0.5387770023489331,1.486839808256379,-0.946111952106044,-1.0754763327139392
10.0,66.0,1000.3414306640624,-4.227352736540567,-2.950278712771193,-1.970905638342873,0.675574788850593,-1.3088252921795327,4.827346098484085,-0.534658152302824,1.488624042212063,-0.9066189865801632,-1.0784502493354775
10.0,66.0,1000.4395141601562,-4.265682458101359,-2.969015005033699,-1.9623536716101129,0.7053222483187751,-1.2665414000687485,4.790708578381523,-0.5026624138369042,1.484342864405372,-0.97798246773689,-1.0445248723845686
10.0,66.0,1000.4613037109376,-4.260605659791582,-2.8980338856681023,-1.943146737334316,0.7064798833026167,-1.2570763503597877,4.883391836990436,-0.4900081754585086,1.5401883796848566,-0.9088150054925812,-1.0353651905595358
10.0,66.0,1000.2459716796876,-4.267004446598236,-2.9734377304636013,-1.95177447536848,0.728269371587067,-1.2661931269318325,4.804715451396239,-0.5135486122129809,1.489788634487227,-0.9533426497401818,-1.0491376644575534
10.0,66.0,1000.3384399414062,-4.227586826057434,-2.946273500865773,-1.960144916025322,0.6800559230663392,-1.3050685943568991,4.812528528026693,-0.527905094163855,1.473601637143176,-0.9205448291805576,-1.092604018794879
10.0,66.0,1000.2723388671876,-4.250581615112312,-2.941644161718399,-1.950053518903065,0.7051877830040523,-1.274187986981513,4.841488379682469,-0.5074911985198396,1.4920689252750847,-0.9561896441229498,-1.049246492230005
10.0,66.0,1000.2886352539062,-4.2336832735275625,-2.9616515676244903,-1.954509123591108,0.6975520937689748,-1.2889817703414996,4.812446019625023,-0.5292041003468704,1.487586910177261,-0.958121091248211,-1.0544930414296003
10.0,66.0,1000.5075073242188,-4.234273557614646,-2.9293665600533934,-1.965908621785308,0.6688084242632817,-1.29928405851165,4.846658405902662,-0.5022858746278249,1.4968603050993965,-0.923122551832364,-1.0927932782507983
10.0,66.0,1000.3295288085938,-4.255645345028713,-2.9423177822578235,-1.9494283733274649,0.7112974051471666,-1.2601610200936704,4.826096586835185,-0.5291914301133449,1.4938783001397091,-0.9550650091007782,-1.0378240883096264
10.0,66.0,1000.3390502929688,-4.278724626548153,-2.938677605675829,-1.9432329035788385,0.7037123942838797,-1.2887311837838111,4.843819618994749,-0.5034893321172227,1.489782836878101,-0.9432999853762416,-1.0470245155439215
10.0,66.0,1000.3128051757812,-4.226581977907715,-2.9289417329671883,-1.9455617763193287,0.6907159491909196,-1.2831578796157048,4.840780898996325,-0.5333226712769434,1.5219388628452846,-0.9514331468885304,-1.0527699109180944
10.0,66.0,1000.4321899414062,-4.243563336330596,-2.9552605359501047,-1.9598474983841148,0.6856078540375146,-1.2981660906890151,4.841676715798679,-0.5357287155915209,1.496655492879654,-0.9508212427780594,-1.0486424475524618
10.0,66.0,1000.3438110351562,-4.250429233039458,-2.954306821777091,-1.959556418110524,0.7011598019627439,-1.2794004972018065,4.82858129140674,-0.5362151444601961,1.4910156762830438,-0.926267234831874,-1.0664155970251228
10.0,66.0,1000.177001953125,-4.244333076881453,-2.94262020080281,-1.9517959595743029,0.7099871592917406,-1.286399652926506,4.840648393482342,-0.5065047592822234,1.4956042752890912,-0.9338455500667378,-1.0662709782029047
10.0,66.0,1000.2992553710938,-4.255286590822033,-2.9386975650090794,-1.9532879967481616,0.6719667251762189,-1.3005523544750233,4.826535207752583,-0.5148316563860922,1.4798034003715363,-0.9262947908718626,-1.0721470171904284
10.0,66.0,1000.2638549804688,-4.245725407907591,-2.9348540695824936,-1.9701074663829048,0.686314600742671,-1.3169867627090288,4.838543031288092,-0.5063712378059311,1.4813677174629047,-0.9289700509647956,-1.079035625807366
10.0,66.0,1000.2733154296876,-4.259440737468913,-2.9311273555560167,-1.9301062410640848,0.7174602323815593,-1.2304963679233962,4.8668913591560905,-0.5025848434664208,1.53213698636662,-0.939184291578008,-1.0343179057847929
10.0,66.0,1000.4171142578124,-4.231386186947017,-2.923365319519368,-1.9774738179623337,0.6848916218191476,-1.289863573852883,4.862111788123778,-0.5009769446427912,1.4643396711755816,-0.9172311765340329,-1.074641614931327
10.0,66.0,1000.605712890625,-4.229545143789982,-2.9325871526818057,-1.9445644722298967,0.6824252089603542,-1.278311221979843,4.856767807396489,-0.5595310660246815,1.531390308667672,-0.9382929773112298,-1.0576886552068796
10.0,66.0,1000.3084106445312,-4.225372860093879,-2.960416241393165,-1.9638024282765447,0.6909738477926108,-1.2763255378500555,4.827520966855149,-0.5387268418041815,1.4703682821811146,-0.943167472360849,-1.063691221777208
10.0,66.0,1000.3313598632812,-4.2404387876381895,-2.9202718319736096,-1.9547518940419928,0.6575075462541964,-1.2756119019777177,4.8583521263772695,-0.5478356458500819,1.5010609847912535,-0.9372438919833312,-1.0435882865709885
10.0,66.0,1000.3480224609376,-4.233785890550993,-2.949267355192774,-1.930424960803487,0.723585196322234,-1.2957772071893254,4.833350352692701,-0.5037004017826447,1.5057159906213204,-0.9361661013002384,-1.0740449598628876
10.0,66.0,1000.3391723632812,-4.216625977762789,-2.9785794283923823,-1.9646052280608075,0.6692421911929713,-1.3061106005209275,4.7819302918738185,-0.5419576111071418,1.4404894822119303,-0.9596262861477244,-1.0912874225569391
10.0,66.0,1000.486083984375,-4.2106296819862,-2.891131337113641,-1.925702572422156,0.7105037251773938,-1.2558268931933645,4.887551316345872,-0.5099232313669653,1.5139729329098903,-0.9455888135447168,-1.0377950841858317
10.0,66.0,1000.271484375,-4.272426970241609,-2.938411492352081,-1.951907961605141,0.6930722552555952,-1.2736463504287276,4.8469497521646,-0.5109223521862729,1.497045731898674,-0.9490260722815068,-1.0277105987333748
10.0,66.0,1000.5256958007812,-4.252331031097467,-2.93905503647463,-1.955965991374528,0.7180424986344978,-1.3146074452667955,4.854900627552119,-0.5087685685081897,1.4731572836891609,-0.9231932406823988,-1.084871631419555
10.0,66.0,1000.4697875976562,-4.216923904796473,-2.985135350030146,-1.9588070678586265,0.7029242892103582,-1.283367461769501,4.818241951353773,-0.5220929388999167,1.4658180622616,-0.9746154523627126,-1.0653982079838855
10.0,66.0,1000.2789306640624,-4.245838712612471,-2.9537010297482853,-1.9671798067175488,0.6766496807769045,-1.3025509747310822,4.848300675797994,-0.5096531506847741,1.467038952242726,-0.9276312594225358,-1.0756751502485762
10.0,66.0,1000.4886474609376,-4.254253715632957,-2.969650994922614,-1.9425594687407823,0.7001528370260521,-1.3349646173735263,4.830232531259384,-0.512145198746893,1.4956354767313131,-0.9238966223272254,-1.085165738757583
10.0,66.0,1000.3711547851562,-4.221248573852956,-2.9347801138418204,-1.952284247059774,0.7017152726645248,-1.2961811538354469,4.831850460762047,-0.5294712436136013,1.4668717133463849,-0.9382735738028511,-1.076167498044243
10.0,66.0,1000.4475708007812,-4.214876004391506,-2.9882692360624734,-1.977019007678714,0.6872158820806193,-1.2813486737767708,4.768039410834019,-0.5262315468840058,1.4494837397293692,-0.9626568646780164,-1.06857736615415
10.0,66.0,1000.4396362304688,-4.21101369214098,-2.92194722169708,-1.953409478170952,0.7101485469959714,-1.3085430357053514,4.836091618939607,-0.5186367701585199,1.4938872343750065,-0.8973029409947983,-1.106861311767993
10.0,66.0,1000.444580078125,-4.23746950091199,-2.9413681577938497,-1.9700800368812743,0.6991165443092235,-1.23034602178015,4.831935418143646,-0.5049222989299054,1.485796824445642,-0.9451983214885766,-1.0608008224102368
10.0,66.0,1000.4368896484376,-4.273137602127621,-2.9220307362778635,-1.940964789618595,0.71850688687059,-1.318580753683793,4.855553886741138,-0.504430450771177,1.501728845193715,-0.9267936490632483,-1.047514665307407
10.0,66.0,1000.4197387695312,-4.260206013298735,-2.9594994008534576,-1.9460283452388345,0.7017410332936773,-1.2845215043061202,4.84444952129946,-0.5387779437502935,1.4919751250985804,-0.9287260829966106,-1.0467503413516477
10.0,66.0,1000.3089599609376,-4.220555518587137,-2.950132721925619,-1.9837886096697344,0.6697056240792705,-1.301764742527331,4.804412514868956,-0.5321443460900337,1.4696097662150729,-0.9324432496943782,-1.0943656703533695
10.0,67.0,1000.3800659179688,-4.244640400232244,-2.9707492349075766,-1.9816512180725088,0.6963092612340303,-1.2924070026961547,4.786770328565771,-0.5123865424688416,1.4758338879882693,-0.9332729883172206,-1.0815274687859393
10.0,67.0,1000.2562866210938,-4.210785277734203,-2.9577442266182934,-1.9787799199117844,0.6667796848430738,-1.2958746212265155,4.801524610072255,-0.5366748512578514,1.4586954184892695,-0.9363125354790158,-1.0873012343489172
10.0,67.0,1000.4144897460938,-4.256986311712657,-2.9272207339372773,-1.9570547341976343,0.7073807867638227,-1.331835680659264,4.857967265866709,-0.5016641148055792,1.47707104200808,-0.9079016186090813,-1.0772224457949915
10.0,67.0,1000.2950439453124,-4.2401929300522525,-2.91981639243684,-1.936205646972209,0.702445104328616,-1.2634562295193843,4.85145175342138,-0.5297470946572096,1.520675774157512,-0.9385033475565924,-1.04181739815889
10.0,67.0,1000.3336791992188,-4.220624975794438,-2.9539901615729223,-1.981716547209784,0.6678835822437961,-1.297573953640712,4.839036846633567,-0.5121477007699857,1.4562866189555006,-0.9349581324526116,-1.0923955960209175
10.0,67.0,1000.3375854492188,-4.2319256821576525,-2.9491085510156845,-1.9648017753491984,0.6885174541559032,-1.2790229351850173,4.83166505002251,-0.5013961729741192,1.4727190977340854,-0.937081404155638,-1.077401797850936
10.0,67.0,1000.260986328125,-4.263236428701752,-2.9473074050728214,-1.9717440106184352,0.6717634537893176,-1.319801696617731,4.826499308641202,-0.4959689093383588,1.483145300452029,-0.9215230059097008,-1.074217404340312
10.0,67.0,1000.316650390625,-4.255074312267754,-2.941118860416758,-1.93695285415262,0.7113039943743011,-1.2789643920750455,4.848895682800274,-0.5034753565489041,1.5005758883943212,-0.9465553353797072,-1.048482699825649
10.0,67.0,1000.4124145507812,-4.229776086850162,-2.949135468023629,-1.9493262599697347,0.7176898944268331,-1.2687496108839822,4.824811664723498,-0.5089429218629258,1.494930722827558,-0.9217568475680906,-1.0759308914735088
10.0,67.0,1000.2655029296876,-4.255585117080587,-2.9208744588335263,-1.942042139168079,0.6970220028744913,-1.2756716250104452,4.852856134865448,-0.5110901163921069,1.5052117779093486,-0.9430086991600096,-1.0401622978091534
10.0,67.0,1000.3687744140624,-4.273653627747841,-2.946602709693641,-1.9537591229795843,0.6911320310203859,-1.2719491135933263,4.843543595207464,-0.5163951508743851,1.500563471909464,-0.9451479713846408,-1.0551600881421876
10.0,67.0,1000.458740234375,-4.2306784700914175,-2.963775594402763,-1.978098988105508,0.6917732559515208,-1.2592416725640785,4.822697910970081,-0.5033846964658837,1.4603074717303557,-0.9412798051904172,-1.0660813647739964
10.0,67.0,1000.3256225585938,-4.252671741265703,-2.925656218819888,-1.933996362215964,0.6891615467417092,-1.267907014175702,4.853008055821579,-0.5173707332593915,1.5005351274202114,-0.967386044030917,-1.043158500993091
10.0,67.0,1000.30224609375,-4.244183181530593,-2.994268073068271,-1.9804369293986497,0.6888562816891426,-1.275144230345564,4.769460752007426,-0.5189952786456571,1.480487419798746,-0.9483145436625336,-1.0765800500999785
10.0,67.0,1000.321533203125,-4.2363244452550415,-2.946834458119055,-1.9571119537127664,0.6979222081163705,-1.2756195828543566,4.823302882012644,-0.5296921523431495,1.4728213620248225,-0.9495286040024382,-1.055975963779086
10.0,67.0,1000.286865234375,-4.231470544540255,-2.961636575270384,-1.9823772890257727,0.6608844089040398,-1.303359086800767,4.826537356255393,-0.5228311188878356,1.4503891602308938,-0.9281679687116142,-1.0783873938555382
10.0,67.0,1000.4708862304688,-4.227740501605672,-2.939213334007853,-1.98359485716932,0.6523774341141593,-1.3341729598764411,4.815414152315963,-0.5189337111990797,1.4691098816795414,-0.9089026563102918,-1.1012317499968
10.0,67.0,1000.3115844726562,-4.2563629455531,-2.9291061199392683,-1.945904482662883,0.6929264685479266,-1.3107569250700002,4.862244285245177,-0.4978029117001199,1.4814565325176154,-0.9394124199828706,-1.068593462334278
10.0,67.0,1000.3309326171876,-4.226852298652164,-2.930378920087919,-1.9472731770359928,0.6939890273672242,-1.2668048293753946,4.8591674490156365,-0.525943701670621,1.5133492716351515,-0.9541629098498968,-1.039043606901532
10.0,67.0,1000.462646484375,-4.215884545714208,-2.918161325156061,-1.93768941742986,0.6839372622050846,-1.2937909092659297,4.845730205172474,-0.5220066616124344,1.4981886679109575,-0.9211059273420066,-1.0733829058547242
10.0,67.0,1000.4320068359376,-4.266939822549164,-2.949430133324618,-1.940831309342153,0.730500046086286,-1.2616896691336472,4.831372516063215,-0.5055525518484316,1.5115881302444087,-0.966584575042317,-1.0478849065217777
10.0,67.0,1000.3219604492188,-4.201390242955053,-2.9472403549708925,-1.957587374592353,0.6891025099403159,-1.255081273859782,4.836740720862743,-0.5338791559070932,1.500175753712071,-0.928247830565862,-1.0688435471245987
10.0,67.0,1000.2006225585938,-4.238799756326573,-2.9360875075682,-1.9497031340277733,0.6920574409821612,-1.2955377442294689,4.844529282957936,-0.5130949659963049,1.4841222019517364,-0.9342083479375968,-1.0725813882008928
10.0,67.0,1000.2816772460938,-4.240727183804283,-2.97615291568814,-1.9572330585577324,0.7183856584077111,-1.2689084707154257,4.794208542891061,-0.5289167364545886,1.512458710147162,-0.947274803209516,-1.0696228285090452
10.0,67.0,1000.2366943359376,-4.240871791741553,-2.9618541201500346,-1.95988334909676,0.6853348020611953,-1.2969167421395595,4.814237993605582,-0.5233906719012387,1.4957278730087715,-0.9315722349866632,-1.08502498603402
10.0,67.0,1000.2992553710938,-4.23101622918168,-2.9580693000253566,-1.976820146393512,0.7234874376237102,-1.2819847589250817,4.817957857767098,-0.4953546269785107,1.4857199279363478,-0.9165230727197472,-1.0790215787236042
10.0,67.0,1000.2515869140624,-4.24904587852206,-2.9365082220908176,-1.9396573164148,0.6878433737710656,-1.2989148303079694,4.834036466223674,-0.5184767058866688,1.4927981742304546,-0.9387977076572458,-1.061672559985909
10.0,67.0,1000.3046264648438,-4.207088435413202,-2.908185706007936,-1.9269960078463653,0.6754915718557974,-1.2726907932182958,4.86888385564432,-0.5322293401769427,1.5238489569502898,-0.9429704629845296,-1.0526131240386325
10.0,67.0,1000.3215942382812,-4.252397695132627,-2.924070356107312,-1.959305127512709,0.7010831026173703,-1.308785604377352,4.8516038215941375,-0.5207313487183809,1.4887391439390625,-0.9237753215351764,-1.0604236864189795
10.0,67.0,1000.2933349609376,-4.255410273073553,-2.974785931046851,-1.9624947805015915,0.6811591464368405,-1.302122283208076,4.788500881330327,-0.5225949247292698,1.4640064116784792,-0.9552951622475456,-1.071736332041449
10.0,67.0,1000.2450561523438,-4.255499955956893,-2.954138628964585,-1.961388068076848,0.6799749795475503,-1.2854369439785651,4.822829981782679,-0.5208940070684758,1.4690356519335124,-0.9281559076425872,-1.0637155238307985
10.0,67.0,1000.4096069335938,-4.214792983377945,-2.934686403606154,-1.9832252266066817,0.6630126168703327,-1.3152549988698716,4.831082327606914,-0.5313118647967743,1.483028614947627,-0.9203536354402706,-1.08660154208793
10.0,67.0,1000.2483520507812,-4.24639122731958,-2.963166856934588,-1.9562469230051656,0.7105684735747566,-1.2642357610347918,4.822278925400223,-0.5180731724287,1.5094165020392438,-0.9486976815803194,-1.0532242030833745
10.0,67.0,1000.282470703125,-4.257492171824471,-2.957145643598321,-1.9774353841363217,0.6834823447650296,-1.297724729251868,4.813764535452661,-0.5092039912195077,1.450737005532897,-0.929950222310496,-1.0714972459030152
10.0,67.0,1000.2994384765624,-4.22051737235093,-2.966680712906565,-1.974023936496532,0.6678528546412377,-1.293611272274953,4.832795296347745,-0.5146270702156217,1.4792394900444474,-0.9131370612616464,-1.1072276947068769
10.0,67.0,1000.3526000976562,-4.228057677994838,-2.91443551201095,-1.9479120669702272,0.6917638396434391,-1.290972525359075,4.871285319524924,-0.5063191070536952,1.5056471575997223,-0.9288780028945424,-1.0592813872446143
10.0,67.0,1000.3904418945312,-4.214024069240272,-2.966126903617346,-1.965018433476536,0.6831765185498018,-1.3025113962403756,4.819991411291088,-0.5343343540625085,1.464401434860335,-0.9256850120849373,-1.0963548031490773
10.0,67.0,1000.39306640625,-4.256386110584848,-2.964337071656412,-1.9639928181044923,0.692426080599926,-1.323316150199974,4.845432718345016,-0.5072162297002052,1.468600398100798,-0.9112323622540606,-1.101977246082391
10.0,67.0,1000.4188232421876,-4.204437450354988,-2.9332417097428385,-1.952057525584204,0.6995188839056308,-1.2538321369283851,4.826746920336426,-0.5447024982625601,1.5140809909222552,-0.9333682673544984,-1.0609269350415511
10.0,67.0,1000.4263916015624,-4.232403030344175,-2.964955023927995,-1.9568840580338067,0.7162055626585353,-1.2931091488289246,4.846678176382685,-0.5234405807936797,1.495648361285287,-0.9205210627028836,-1.070607522973947
10.0,67.0,1000.3847045898438,-4.224803315314148,-2.9581833431234377,-1.956890743018596,0.7097504807372488,-1.2774710907576163,4.813092465251941,-0.527757626065883,1.4903732088245911,-0.9373090774563496,-1.0588526203510118
10.0,67.0,1000.1981201171876,-4.25051797582536,-2.9776632277586232,-1.975543941509346,0.6887711876887241,-1.2965687656848992,4.806458794274404,-0.5120992512309019,1.451180886370203,-0.9343758156506592,-1.0934770396093096
10.0,67.0,1000.3767700195312,-4.241065844946204,-2.9639999009620106,-1.941639131398667,0.706042025724277,-1.2930616679965738,4.8203560416350175,-0.5177167663908131,1.5047515398566746,-0.9444370181271288,-1.0534880409346932
10.0,67.0,1000.3184204101562,-4.242840406913979,-2.9553931207064434,-1.9580182196301883,0.677249793156605,-1.3003577108686186,4.827986062385703,-0.5282460392211705,1.475816365240698,-0.9228466485677088,-1.0918761738465426
10.0,67.0,1000.298828125,-4.259314944510954,-2.9489549032756592,-1.948012222983317,0.7201620125778776,-1.2907327173270788,4.835682595396506,-0.5082502628378371,1.5038817343988846,-0.9329200791606224,-1.0518292306343495
10.0,67.0,1000.1973266601562,-4.237933280413388,-2.948369880027548,-1.968736815174652,0.6881711443219203,-1.289923596919873,4.827268760328678,-0.508820849175379,1.4875880867033908,-0.9247962766780295,-1.0780323362116766
10.0,67.0,1000.3672485351562,-4.267980404104957,-2.91828474753551,-1.9279608967700728,0.7259175757517324,-1.2608007911821413,4.8663148327168,-0.5035319564198488,1.5520695836924236,-0.9223342723046216,-1.0193438283550775
10.0,67.0,1000.2775268554688,-4.2191375201830965,-2.938048118391433,-1.9919800741849167,0.6680733801014505,-1.2907476279257055,4.835522083748669,-0.5116513783648493,1.4696726411761842,-0.9043358880365516,-1.086898432362744
10.0,67.0,1000.2667846679688,-4.239407724769373,-2.937662802702824,-1.956235961869664,0.6898940082395608,-1.271753221845375,4.831320428904927,-0.5139034833689022,1.5043201240424997,-0.9532594604294492,-1.0434516563012926
10.0,67.0,1000.2000732421876,-4.258182167348924,-2.934979486430063,-1.9644557133197105,0.6876475280392755,-1.3257396550552416,4.838846166488729,-0.5105434454198372,1.4778752195361389,-0.9113335604793472,-1.0777831491195116
10.0,68.0,1000.3997192382812,-4.243362429422126,-2.979617380707416,-1.990218197614145,0.6639276355302828,-1.2818583103133196,4.771354716080948,-0.5184842517751118,1.449961757692435,-0.9490836700086058,-1.0728561531820129
10.0,68.0,1000.249267578125,-4.255503253668342,-2.94357309691228,-1.947757224720327,0.6991110816793933,-1.273004855489961,4.840634826636407,-0.5146840563454607,1.505637089818804,-0.935923530961948,-1.0513920918905724
10.0,68.0,1000.3292846679688,-4.269377219462612,-2.955382195886356,-1.9779627908150288,0.662079326957862,-1.324445636040854,4.825440247619216,-0.4892392433544419,1.466929372445117,-0.9083366668548524,-1.084312790380308
10.0,68.0,1000.587646484375,-4.252799992879988,-2.9630719953308016,-1.948401935815527,0.7127381745213102,-1.2666183224128225,4.826689765026245,-0.504672793086332,1.5177824279861003,-0.9089513139126382,-1.0643388099269293
10.0,68.0,1000.234375,-4.218896153107722,-2.971129984053446,-1.9860931853447177,0.6779043821092916,-1.2762259437772427,4.805559830174332,-0.5175207897867784,1.447397836144516,-0.9202185169181164,-1.0880295529876145
10.0,68.0,1000.2976684570312,-4.223278762242836,-2.95658801003968,-1.972813487359835,0.6955062448051264,-1.2583321347284309,4.813379466761848,-0.5197416056800774,1.491344080255427,-0.930642302687942,-1.071950311827755
10.0,68.0,1000.4487915039062,-4.206732182960274,-2.991552167038482,-1.995621119649544,0.6740182606414402,-1.2559425058775235,4.766726412598214,-0.5297419401839463,1.460893508352421,-0.9470575650625844,-1.0793000531017674
10.0,68.0,1000.391845703125,-4.237450702862862,-2.965030220082945,-1.9702191954117527,0.6943624275760758,-1.3283622682742733,4.790115742085883,-0.5261105805583872,1.4765446571853629,-0.9257505201638097,-1.091895418726085
10.0,68.0,1000.4156494140624,-4.253767001714605,-2.950715338897697,-1.93845853174932,0.7063693062206102,-1.3041856492457118,4.836762180020463,-0.5183867055011033,1.482476361491841,-0.93598450152086,-1.0757178526813953
10.0,68.0,1000.2950439453124,-4.262143510052004,-2.965594468645872,-1.9890021805917857,0.6652211966816388,-1.3244603197504343,4.799671682047302,-0.5048521613989738,1.4475299237421844,-0.9308706983741571,-1.088140395938877
10.0,68.0,1000.2689819335938,-4.256263312246235,-2.9476734748804043,-1.953698918339846,0.6787177927293033,-1.2736587199844007,4.830635405468966,-0.524397542068872,1.4747638510938446,-0.963053200843194,-1.040954348123346
10.0,68.0,1000.3016357421876,-4.2469528910785,-2.9478979561762886,-1.986811815219616,0.6855280704582114,-1.306370150472544,4.827578396762002,-0.5176663933919761,1.4721503277299686,-0.9156554723919096,-1.080360581130468
10.0,68.0,1000.3153686523438,-4.242841374672642,-2.9720461433689134,-1.997206246110748,0.6780826820272035,-1.2961910806230077,4.797541926673631,-0.5229446513842264,1.4546223468181418,-0.912096033170239,-1.0870548892585807
10.0,68.0,1000.3099975585938,-4.270002248718441,-2.9657563890144503,-1.95647819106413,0.6993968000161574,-1.283899197286491,4.8170858988874325,-0.5211868808380506,1.4672026708912949,-0.9551704467544928,-1.0622132064618215
10.0,68.0,1000.3435668945312,-4.261168391766224,-2.977082862358625,-1.976216996249728,0.6850862109684206,-1.3090471993364168,4.785710461763367,-0.4953318873991206,1.4323780325352118,-0.9422458919281648,-1.0828371341963687
10.0,68.0,1000.4320678710938,-4.227798660426271,-2.966509092302064,-1.96384700335726,0.7214508655757745,-1.2686844001835955,4.8052110867503846,-0.5185153762346921,1.4872115155096743,-0.9099477073993424,-1.0823162924291352
10.0,68.0,1000.2771606445312,-4.251553168037085,-2.944866516014548,-1.9661853899727388,0.6791845892068107,-1.2735473120763063,4.829741378059818,-0.5289977613306593,1.48347038824223,-0.9338376831814196,-1.0487055951973288
10.0,68.0,1000.280517578125,-4.223294126317148,-2.9645987663226,-1.9777152505743265,0.6819003019745953,-1.272642591681437,4.807112800901152,-0.5108910530520214,1.4640413032110056,-0.9392626578800308,-1.070927857986414
10.0,68.0,1000.3110961914062,-4.213432816617737,-2.9590368615712994,-1.94426335950998,0.7023611053350489,-1.2542303188658992,4.816667379166814,-0.5259938318234152,1.4963856695782374,-0.9724648456008184,-1.060725037786999
10.0,68.0,1000.2047119140624,-4.253076121708936,-2.9421569609745406,-1.9691584046075128,0.685963050766377,-1.2815469150613552,4.835769741767418,-0.5190918702538632,1.4883220987147707,-0.9358605112267506,-1.0602629089251931
10.0,68.0,1000.223388671875,-4.237456508830118,-2.958994527094931,-1.9874226982244303,0.664411450613942,-1.2945511053607688,4.813068165705642,-0.5293837452780172,1.458975405676575,-0.9256621728302336,-1.0801183007886554
10.0,68.0,1000.382568359375,-4.2282139658112685,-2.937577290776187,-1.9450348099030144,0.6855722931724308,-1.2946380463916074,4.851616063380886,-0.5169781169496872,1.5099010459406728,-0.9209081770512552,-1.0891061326980034
10.0,68.0,1000.253662109375,-4.238317637939584,-2.938099477679511,-1.958759365720732,0.6772173138986375,-1.332166966380827,4.85125306325979,-0.5132795620935173,1.485179533206744,-0.9068702200490888,-1.0962962921036858
10.0,68.0,1000.2620239257812,-4.229805978061305,-2.936267014026586,-1.957319059612309,0.6896879216999698,-1.3008781491376675,4.843079886907574,-0.5267685147366601,1.4747218181957198,-0.93017915038385,-1.0783348541261135
10.0,68.0,1000.2975463867188,-4.2138222854701,-2.9717342977002383,-1.9620371414821176,0.708508292757493,-1.266999510320427,4.7992388978362825,-0.5222912342269552,1.496049975180104,-0.9431655050048268,-1.0758363153667934
10.0,68.0,1000.3048706054688,-4.251792888623472,-2.9851879032939586,-1.982682537433969,0.6850182786541339,-1.283349744360586,4.784644626591412,-0.5201555427989639,1.451050467933945,-0.93076636188281,-1.0787508720725647
10.0,68.0,1000.2840576171876,-4.251978544849765,-2.919217898481684,-1.9392677966281824,0.6971376372321103,-1.2722435885937742,4.875055167517358,-0.5204130342855731,1.52779391944334,-0.9299352523611102,-1.0463126365521886
10.0,68.0,1000.37353515625,-4.248911487390473,-2.965702026491721,-1.952957883078707,0.7120475558580726,-1.2662109056541548,4.816882681612849,-0.5245509526828602,1.472364718018726,-0.9338583309106508,-1.0601275092466889
10.0,68.0,1000.4769897460938,-4.228954673481465,-2.97343997900569,-1.9788400133921016,0.6920433628042941,-1.2965822980706494,4.801629827578324,-0.5149391309249474,1.4934015687846376,-0.9141077909941924,-1.0872240691374575
10.0,68.0,1000.2828369140624,-4.251037005404141,-2.9512468767376414,-1.948761745021001,0.6785680608166134,-1.3137536541890524,4.828833025110997,-0.5298776583410607,1.4993660316041186,-0.9272921846748544,-1.0742086262666055
10.0,68.0,1000.2747192382812,-4.241273064734725,-2.944555677800262,-1.957354937398205,0.6963468275016798,-1.247939351685552,4.850136072876847,-0.5164646238243229,1.4994451107506288,-0.943554184780954,-1.052500360582465
10.0,68.0,1000.5132446289062,-4.225329837822652,-2.9461837116615235,-1.954661040467597,0.6836353057877673,-1.315730022641834,4.827014013682724,-0.5135524001528236,1.5062972098234797,-0.9117944719159627,-1.0978313042765069
10.0,68.0,1000.229736328125,-4.225440304635958,-2.9582993361042305,-1.9646138207071089,0.6831320785943156,-1.29338616195799,4.81730713878569,-0.5202886626692571,1.4790980040725374,-0.9428749131840704,-1.0747037415229546
10.0,68.0,1000.3839721679688,-4.248410778023709,-2.963266586683357,-1.988031249432456,0.6914130165461021,-1.2693234957174724,4.82877807640331,-0.4974773670701751,1.461550352154176,-0.940029220128202,-1.063685582260851
10.0,68.0,1000.2955322265624,-4.232186579373178,-2.946373216125001,-1.951284769566834,0.699685215753993,-1.3029399513428164,4.84783221963932,-0.5184621698836196,1.500057128008696,-0.9385005660716556,-1.058882804541347
10.0,68.0,1000.2355346679688,-4.234969790874203,-2.9344741903999263,-1.9522223704755524,0.6766049826139309,-1.2920706692090231,4.844810117368228,-0.537556414123789,1.4871021323200049,-0.9453371323808444,-1.0567385550181223
10.0,68.0,1000.299560546875,-4.253292572685505,-2.9496036680726063,-1.9648288241891367,0.6938188166610759,-1.3005364484956288,4.81892932416428,-0.4993317806125716,1.4940787715949853,-0.9226319081441564,-1.072338977224081
10.0,68.0,1000.2747192382812,-4.239322523620734,-2.9539007556296064,-1.9524475155468213,0.6824709564052753,-1.2642644260661404,4.826949311096335,-0.5170969749877958,1.494207090298767,-0.959068260856621,-1.0569653028912454
10.0,68.0,1000.426513671875,-4.23442639450167,-2.922505397916844,-1.963715882746192,0.6944030266750634,-1.2767929427263909,4.838095321063227,-0.5133014315862914,1.4870222164722655,-0.9456200196978362,-1.0461148278762522
10.0,68.0,1000.3218994140624,-4.233802666329471,-2.963275323670171,-1.9675200632330985,0.695931652385342,-1.3097479200672044,4.812632727738343,-0.5037198385265764,1.4756266689959316,-0.9082698306014728,-1.111919908279455
10.0,68.0,1000.1991577148438,-4.235656575022886,-2.967070661654309,-1.968709434137225,0.701595698102909,-1.3040610822679772,4.803660764982725,-0.5021001508315397,1.470653763562563,-0.922764600137076,-1.084945381156511
10.0,68.0,1000.3341674804688,-4.24589049946405,-2.955734378043669,-1.957074135983856,0.6816455766353489,-1.3023593826616915,4.823398592688172,-0.5303221303862387,1.4854682278305722,-0.9286453573232912,-1.0698275568525155
10.0,68.0,1000.400634765625,-4.25772305848081,-2.9608506544965016,-1.9703561982847773,0.7125545387565069,-1.3131200564969472,4.834221523009912,-0.5016514871341284,1.471481197346164,-0.9123570957600292,-1.075671567474835
10.0,68.0,1000.420654296875,-4.260373470960695,-2.986773190481676,-2.001718428128361,0.6483619211780809,-1.333519739946742,4.771942168254345,-0.5183626053951755,1.414059409226395,-0.927331413191272,-1.1038706107602665
10.0,68.0,1000.3165283203124,-4.252152084819318,-2.933770267288068,-1.940059530964802,0.7034079629372147,-1.2699556228740772,4.8555812118988975,-0.5063321261604345,1.5016598760178042,-0.9381626743227728,-1.0550765629753416
10.0,68.0,1000.2091674804688,-4.236686680363328,-2.960464266723516,-1.9611406812803152,0.6880733153978369,-1.2786736283804785,4.797126026238543,-0.5243642261279291,1.488394027091685,-0.9535882638072196,-1.065615984648138
10.0,68.0,1000.30322265625,-4.228849417388635,-2.9754710440863805,-1.9935512198965588,0.6694529567375778,-1.3271030754955992,4.799216540619293,-0.5076835978658405,1.4456445078919753,-0.9105587988172,-1.1174372061059228
10.0,68.0,1000.423095703125,-4.232008211188091,-2.9711125192296404,-2.003711001039933,0.6725190594073558,-1.3157651232420138,4.802015427253959,-0.5062449142632977,1.4131151170512757,-0.9342149123332506,-1.1088837264904914
10.0,68.0,1000.4713745117188,-4.259575279849562,-2.963506204983061,-1.994974490382612,0.6481749310247311,-1.3508646684919046,4.80370667036156,-0.5233485498135346,1.440829911447481,-0.9087685765749338,-1.0888581009674354
10.0,68.0,1000.3255615234376,-4.2394547840196415,-2.9356508241774377,-1.944681860136125,0.67015750048549,-1.2963154975364597,4.860622542461172,-0.5167299794930553,1.50396608798982,-0.925615807775201,-1.0589429915662478
10.0,69.0,1000.3644409179688,-4.252125601453527,-2.9531540756758146,-1.976035925523094,0.6851297851189564,-1.304031968343669,4.808633394737655,-0.5032709202835735,1.4580963522943469,-0.9286808919867252,-1.067373523505454
10.0,69.0,1000.3048706054688,-4.237646496392646,-2.96235339805036,-1.976517230591169,0.6853165128947865,-1.2761114794456,4.826680914876611,-0.5188403277247415,1.4625844585143364,-0.9363735828350156,-1.0814992057165105
10.0,69.0,1000.2764282226562,-4.225800061868047,-2.950584872734324,-1.977255630797873,0.6526835209491111,-1.3018886504917293,4.83125779003263,-0.532327218671111,1.4549024367979193,-0.9325647642468172,-1.0882226470449168
10.0,69.0,1000.21923828125,-4.239089794223879,-2.9449788380575184,-1.9531268537172533,0.6929449459973878,-1.2688853615126252,4.8399226897264285,-0.5252109529054678,1.507170395421355,-0.953698669251299,-1.0460075336527503
10.0,69.0,1000.237548828125,-4.234831669590632,-2.9262162710425965,-1.9417431224701327,0.6989997858513819,-1.2656872601316915,4.864089421133368,-0.5168295009348025,1.5113548118692544,-0.9336754344578226,-1.0523561462053248
10.0,69.0,1000.1896362304688,-4.242348035414512,-2.941404311300311,-1.9513793700591533,0.6916401957999527,-1.3049150216583216,4.847380473371308,-0.5102104790418824,1.49174108041246,-0.9342545111417672,-1.0731149635201866
10.0,69.0,1000.2520141601562,-4.238633346486676,-2.92061694580218,-1.9419804509852383,0.6919451446684999,-1.2830817784806978,4.857073544950017,-0.5219422650646255,1.517052945394698,-0.9289745354617862,-1.0493924971062958
10.0,69.0,1000.2025756835938,-4.223703280775501,-2.9548024952257887,-1.988231499306924,0.6644225660727088,-1.3061476339756126,4.8257549766352685,-0.5249429125187053,1.457202451195137,-0.916265209495382,-1.0961896757615888
10.0,69.0,1000.36767578125,-4.24641163179024,-2.956615630901469,-1.9770968970480447,0.6709414316933309,-1.310339517652022,4.818054670862269,-0.5143816729802531,1.4666671222861023,-0.9114369807334012,-1.095412760705055
10.0,69.0,1000.41845703125,-4.241541873755887,-2.9784964049538103,-1.985716669813705,0.6778288749022003,-1.310091151070769,4.785532603810768,-0.5293423813010483,1.4597023776392737,-0.9197186940934624,-1.0936346494582438
10.0,69.0,1000.4247436523438,-4.218731682729358,-2.9489925057309816,-1.9804849600721464,0.658073038056493,-1.2981251330393069,4.848632365721667,-0.5197481527708074,1.4435369685256294,-0.9254076540747178,-1.1000308047922407
10.0,69.0,1000.3306884765624,-4.224712640091167,-2.9685136249462447,-1.964190916517848,0.6927329573741048,-1.2420948657795925,4.813284193875635,-0.5135829673199623,1.4647395831742704,-0.9741788162265426,-1.048396300078868
10.0,69.0,1000.2846069335938,-4.241328681129993,-2.9400751105013088,-1.9554413410111708,0.6865320667384172,-1.282282699566184,4.82525679844413,-0.5112056647086547,1.482648530196677,-0.9380283478620344,-1.0626133382585072
10.0,69.0,1000.3701782226562,-4.2271512820381645,-2.933693607414776,-1.9480074585465408,0.6979206375081315,-1.29227238969201,4.8442772285691085,-0.5197496113540785,1.5123616074738422,-0.9119462889133514,-1.0642700844703583
10.0,69.0,1000.3529663085938,-4.269838157900791,-2.954585066778964,-1.9668849917169944,0.7067814384630724,-1.2793405487922254,4.821277723117687,-0.5115979352272761,1.4716009251128312,-0.9465268034373056,-1.0429115421459771
10.0,69.0,1000.210693359375,-4.231427934336351,-2.9719293209615527,-1.957040091802216,0.7048566078922143,-1.2803437334344228,4.807803164419074,-0.5315076391201856,1.4663617613107158,-0.9501460673949538,-1.06491041195534
10.0,69.0,1000.3307495117188,-4.215945842254737,-2.9592821810727794,-1.96263781384335,0.6762406810055026,-1.25839828005358,4.820980020931808,-0.5342558169660041,1.4811722222032089,-0.9646341010860215,-1.047882061242328
10.0,69.0,1000.3624877929688,-4.236868142407089,-2.9929322628244828,-1.9897896986091657,0.6684429534795591,-1.2671960522832952,4.7927466430914265,-0.5357228308138593,1.4391788971947488,-0.9379065002706142,-1.0803734635814806
10.0,69.0,1000.29345703125,-4.245112985033273,-2.951414612693209,-1.9550410020285969,0.6978899034603945,-1.2974025605671589,4.817550305954896,-0.5096454901506364,1.4986090449956109,-0.935573350930178,-1.0695316381113424
10.0,69.0,1000.2662353515624,-4.231370824516481,-2.9459586766384955,-1.9687273269842385,0.6714931653666785,-1.305397732282068,4.837234647518816,-0.5196255539346835,1.4704867327672382,-0.934170208720638,-1.0696175285151703
10.0,69.0,1000.2933959960938,-4.231360614191201,-2.960338127381096,-1.952134334676596,0.7178426924272738,-1.2760202970029253,4.826170568262821,-0.525028669351296,1.5128790572368995,-0.9461982352048706,-1.0570529586787631
10.0,69.0,1000.2605590820312,-4.2442378094932,-2.976610103713252,-1.969159594924372,0.6772548992621532,-1.2849595212910558,4.807954186570019,-0.518984283325767,1.4622709640537268,-0.9563055869297674,-1.071843379895416
10.0,69.0,1000.25146484375,-4.237593922785804,-2.974067292801448,-1.9902060022666577,0.6625554184295019,-1.2970095646211703,4.809903850520131,-0.522240954815687,1.4567268053961673,-0.9313484183170644,-1.087806863867724
10.0,69.0,1000.2564086914062,-4.2330499868984495,-2.963859095811008,-1.95826959949387,0.7048764032035146,-1.2799531804856028,4.815195254353135,-0.5237231964354674,1.4842192005177992,-0.9460607175879758,-1.058289183719221
10.0,69.0,1000.3737182617188,-4.247380209397321,-2.949763104466948,-1.9452020728522903,0.6809242597566101,-1.3183117452204502,4.819119989568767,-0.5350632300234643,1.4734395236816198,-0.9554637209504886,-1.0663834775768573
10.0,69.0,1000.3989868164062,-4.212107014544909,-2.942939459251809,-1.9790831747770563,0.677582290326102,-1.2856172460048445,4.826893081797754,-0.522862559378118,1.475645204127941,-0.9163332812909992,-1.078483169454128
10.0,69.0,1000.3741455078124,-4.199310664672419,-2.9510546921030474,-1.9670556566723123,0.6754612556567157,-1.2879886934076246,4.8158702005942935,-0.5220870263055568,1.474149261751478,-0.9384126266146328,-1.0728308033274994
10.0,69.0,1000.1790161132812,-4.24415939638095,-2.9559213821110912,-1.9681434201911177,0.6864561384633721,-1.2878948751358648,4.824088115139379,-0.5097250687276151,1.4711630350369598,-0.9421689535110422,-1.0698300127151803
10.0,69.0,1000.2161254882812,-4.268365190107452,-2.958808040397876,-1.977976299043697,0.6864874367814551,-1.2955572804701143,4.82028452405687,-0.5036890261171623,1.4638872343424811,-0.9295975171716266,-1.0719189678433776
10.0,69.0,1000.2662353515624,-4.244647713889714,-2.956773935283944,-1.9627754292959765,0.698520014461983,-1.2714773274617697,4.813870704486618,-0.531917537815132,1.4937929013558555,-0.9395980389948946,-1.0624480069792437
10.0,69.0,1000.2100219726562,-4.247174137865597,-2.9479176170407224,-1.95637174652602,0.6815108219862829,-1.307738875164151,4.831982107641979,-0.5136284554803412,1.4816813649503136,-0.9352645321025586,-1.0674291630531685
10.0,69.0,1000.228271484375,-4.232318593927349,-2.9431846785796028,-1.942938731618624,0.68819452905589,-1.2827307458812909,4.823419583126546,-0.5332264623365743,1.4998236010023351,-0.9646216277693832,-1.0447403796794434
10.0,69.0,1000.2438354492188,-4.2502115809625565,-2.95565994326412,-1.9626389564292337,0.6862459164550705,-1.3055416243150275,4.831480593800189,-0.5072350194634279,1.4940634441548983,-0.9266215698270344,-1.0785133943912415
10.0,69.0,1000.35205078125,-4.221326147800912,-2.96204656869587,-1.986269750906352,0.6844627860225394,-1.2626995254051163,4.805957587275717,-0.5174124925888375,1.4733231861737792,-0.9236894772941256,-1.0756717489795613
10.0,69.0,1000.1914672851562,-4.251074031527994,-2.9549816400680333,-1.952616779004324,0.6899231764415825,-1.2799374486566966,4.830598970281338,-0.5146983458049039,1.484164981409056,-0.9502309073003836,-1.0587014061261653
10.0,69.0,1000.277587890625,-4.223600563551886,-2.935842086492358,-1.9684332845862176,0.677177060377173,-1.2732952477431878,4.851583478968708,-0.5072245246257614,1.4838413233533068,-0.9120609342084328,-1.0744144329664178
10.0,69.0,1000.2241821289062,-4.229666122653544,-2.9562887234829525,-1.960593822227846,0.7066981475937357,-1.2554258106205411,4.815094937809404,-0.5188543312082592,1.4939622291492016,-0.939884516861338,-1.0572782111732733
10.0,69.0,1000.2783813476562,-4.240862806167722,-2.9737296179425123,-1.973994780855822,0.7036067253264511,-1.2737010172625831,4.797311690800012,-0.5053015382142165,1.480018920429468,-0.9474469484125772,-1.0630056343315777
10.0,69.0,1000.365234375,-4.253923860224311,-2.952561504862953,-1.9742667008255763,0.7021750660353092,-1.288002442295184,4.837700234484213,-0.505554681578035,1.469109241112788,-0.9045065088629204,-1.075049699387136
10.0,69.0,1000.3346557617188,-4.217064000974554,-2.9603817499181546,-1.971775472668956,0.6751011645200355,-1.2995246997274594,4.809576265876688,-0.5381064527195853,1.4700983344549012,-0.9195850475981616,-1.0983067537738411
10.0,69.0,1000.198486328125,-4.24210086258051,-2.9754100981730818,-1.965928649647208,0.6914302405551904,-1.3066137899151655,4.789133154611628,-0.522274257243069,1.4608044754552123,-0.9385458345035778,-1.0801149211104013
10.0,69.0,1000.3804931640624,-4.248790323262258,-2.9717143750938497,-1.9776930898366605,0.6718501688066256,-1.3052353653788829,4.803031297623857,-0.5096080107510881,1.4591409397533497,-0.926880917759795,-1.0958354800708827
10.0,69.0,1000.5132446289062,-4.2607557076427565,-2.9729840747353093,-1.9673957005881035,0.6691071414805716,-1.2987852518815175,4.823333781739981,-0.5196245109061293,1.4507646742972202,-0.9153640750916576,-1.0837156254128248
10.0,69.0,1000.279052734375,-4.226626641071045,-2.9575066616940937,-1.9739141559406848,0.6912978966399885,-1.297491680580964,4.81105802004908,-0.5078863984996289,1.4629505264365994,-0.9312804264249648,-1.0826539491981353
10.0,69.0,1000.3714599609376,-4.232230372075363,-2.968974804971719,-1.9906577565657424,0.6548442475080476,-1.3150594294111095,4.793346066441004,-0.5253225823782861,1.4628826274139852,-0.9243513497083756,-1.089774144372328
10.0,69.0,1000.2315673828124,-4.236383781371801,-2.9361958825928243,-1.941497104099402,0.6938968947076765,-1.278563614407739,4.831202093869644,-0.5187444235190704,1.5114238429900384,-0.9506773757631084,-1.0564141088618664
10.0,69.0,1000.2086791992188,-4.244097629897747,-2.932855078286571,-1.9514890773495408,0.6831962309855397,-1.2866455048882504,4.853857951457378,-0.5172128213070151,1.494923163858564,-0.9410172071901676,-1.0602008490893522
10.0,69.0,1000.2676391601562,-4.240119343518484,-2.9330593213545955,-1.958629736211563,0.6825461814753,-1.2746046758934315,4.832962751872156,-0.5438072855309537,1.503846732811497,-0.943642029846802,-1.0432283469509445
10.0,69.0,1000.2733764648438,-4.262749328571472,-2.972062204450073,-1.973010252524387,0.6957206089181609,-1.2873445956272018,4.82424654161693,-0.5054325901233261,1.476763441348588,-0.9433425970580238,-1.0663824267801534
10.0,69.0,1000.402099609375,-4.25721539711474,-2.9744933477250206,-1.9607874667570857,0.7011436947716128,-1.3093174471645042,4.790934654684891,-0.5069803835358542,1.476022186145462,-0.932820871265304,-1.0781759833106892
10.0,70.0,1000.2859497070312,-4.231786305962624,-2.973429076923068,-1.969829163870492,0.6834546153728036,-1.301804711088648,4.800830188364538,-0.51590142396579,1.4467103485175148,-0.9428361321574874,-1.079049991317583
10.0,70.0,1000.3511962890624,-4.271762385025265,-2.9677770247353723,-1.966706080539269,0.7082365628178335,-1.3103422906150737,4.809256881319104,-0.5043296383268467,1.4754053738371038,-0.943484485134518,-1.0595314157664686
10.0,70.0,1000.1934814453124,-4.236873659258494,-2.9545460109867423,-1.9789816636634097,0.6636532939005679,-1.3047877021957852,4.828380188958008,-0.5180000388049759,1.4602469043845048,-0.925706845672968,-1.0877107094949023
10.0,70.0,1000.230712890625,-4.239918527610246,-2.986021133838626,-1.9769818229540848,0.6969115593061268,-1.2787953174415954,4.7942997443020925,-0.5119962006284231,1.4682394491795323,-0.9497470316622802,-1.0783895473480838
10.0,70.0,1000.2616577148438,-4.244332156578612,-2.9389286331302547,-1.9633106987405209,0.6691097199661087,-1.3063453609582902,4.832693154200923,-0.5267465171934758,1.4779913573217112,-0.932676663011808,-1.0640840909547131
10.0,70.0,1000.1807861328124,-4.232872037139916,-2.955754038681784,-1.9757418235022568,0.6767424584206996,-1.321569508488171,4.824974461798533,-0.5177247655856609,1.4643156113448017,-0.9218404524662018,-1.0890318538402424
10.0,70.0,1000.3068237304688,-4.241588588026431,-2.961247746766537,-1.976019959435697,0.6711106141529442,-1.288312725562388,4.819989899438763,-0.5244872172756221,1.474677581525662,-0.9338457757074324,-1.0813102906786232
10.0,70.0,1000.24072265625,-4.222584385773259,-2.951442323782006,-1.968736928193047,0.6759105396298795,-1.2930432289201592,4.817978722709588,-0.5152596887550871,1.469341176809662,-0.9344991718944876,-1.084320367080911
10.0,70.0,1000.1455688476562,-4.241890045158166,-2.9530539656368,-1.959347019765432,0.6932984705546712,-1.2837932526911635,4.823996189283481,-0.5187684938805628,1.491426239763732,-0.9341135239307814,-1.0647499977222057
10.0,70.0,1000.2993774414062,-4.258120709584171,-2.974639137583888,-1.9777510596535763,0.6896016168951462,-1.3118129623922528,4.798951812343434,-0.5102229051548042,1.4681941051475569,-0.925112496246415,-1.08214554563859
10.0,70.0,1000.2665405273438,-4.247024854535585,-2.9726255393341416,-1.9552825921428407,0.7036101795258958,-1.295694025327801,4.814580068997518,-0.5229001638940662,1.47967301707925,-0.9565606669510682,-1.058864077814754
10.0,70.0,1000.1954956054688,-4.251952140703452,-2.9528989090830464,-1.9613246509154791,0.6905497855448637,-1.2833056723540972,4.84189840097757,-0.5095201760879977,1.4797421544070355,-0.9322213789736624,-1.0685902252055133
10.0,70.0,1000.2969360351562,-4.2266017138058345,-2.9451342822309377,-1.9592883239482632,0.6784423039147969,-1.2890441694800132,4.837860977821064,-0.5247714596286741,1.4718717129213363,-0.9540017790138632,-1.0634339124676644
10.0,70.0,1000.27392578125,-4.233553712277046,-2.958431752440532,-1.9767051405149023,0.6757632160155014,-1.2871450821626484,4.818833157999082,-0.5242415570239976,1.4614825327872891,-0.934626047693647,-1.0671757624415852
10.0,70.0,1000.3546752929688,-4.225956420733196,-2.982071313422505,-1.995731176627308,0.652305536727738,-1.2996437169164148,4.7791878621894455,-0.5226133592660345,1.4477070786694792,-0.9389116504627716,-1.0990836286927823
10.0,70.0,1000.2666015625,-4.226769363003801,-2.9432677305670025,-1.965545978912608,0.6936386820920486,-1.2792383840554904,4.827306426585649,-0.524765596050587,1.4763994639765974,-0.937010827422016,-1.0685686167349595
10.0,70.0,1000.3344116210938,-4.235616462008088,-2.9654259464423625,-1.98084237974748,0.6764203595296596,-1.323420086141348,4.797011532359894,-0.5170183205894618,1.4453590337088524,-0.9444666084785808,-1.0905108444390803
10.0,70.0,1000.1994018554688,-4.2548116402784775,-2.949892711498708,-1.9564726900637688,0.7002941031537899,-1.288966519814406,4.818205926873652,-0.5252183372108687,1.492793634342676,-0.9544074292756886,-1.051675603098079
10.0,70.0,1000.2696533203124,-4.245798777351357,-2.949319519189375,-1.957503015915132,0.681242946369566,-1.298619359790658,4.841888167788035,-0.5104671981216882,1.4954171325289618,-0.9326130136026256,-1.078427211034858
10.0,70.0,1000.3050537109376,-4.24225569466111,-2.958558758056256,-1.9832764513508088,0.6765739252815557,-1.296111082699893,4.82847375004267,-0.5125166527865961,1.4638683038805524,-0.9064409589966074,-1.0765952933396914
10.0,70.0,1000.2699584960938,-4.221761272846679,-2.9743945982824505,-1.9695645661846588,0.6834379619783535,-1.281538597683741,4.805533501097614,-0.5350139908070171,1.464009727865358,-0.9493447707596464,-1.071932967279658
10.0,70.0,1000.1676025390624,-4.24552160762634,-2.949890230866285,-1.966867907062393,0.6777742643138964,-1.2817357350573086,4.82563665290985,-0.5172804619019349,1.4916377859950884,-0.9411032549181576,-1.0580733659303916
10.0,70.0,1000.1693725585938,-4.249297719807082,-2.950938023031157,-1.9532744823540904,0.6975533529721414,-1.2914637857005302,4.825758092816628,-0.5141949476065397,1.4850427871678118,-0.9352486538837016,-1.0753589972584825
10.0,70.0,1000.2261352539062,-4.240877014278714,-2.9495759184506207,-1.9731452657356408,0.6713344899063749,-1.3106846034999982,4.826427525106322,-0.514558902651344,1.4797737738031564,-0.917622789139192,-1.0831758535468152
10.0,70.0,1000.2487182617188,-4.237766407289543,-2.9454884733730227,-1.955663147423607,0.6756372478140715,-1.285324913956905,4.827235391235774,-0.5189579335837422,1.4771888360209946,-0.9498978593836648,-1.061387872027813
10.0,70.0,1000.27099609375,-4.257439465398581,-2.9567831625608663,-1.9728810248404711,0.6680827885089613,-1.3065872880015403,4.81855654458678,-0.51511959041488,1.4700365131534712,-0.9340020339788238,-1.0707441433320977
10.0,70.0,1000.3128051757812,-4.245377051049111,-2.935344084228589,-1.930543679600916,0.7066230226925931,-1.2784156505970392,4.846438844608104,-0.5177019369264366,1.517265623148595,-0.9393159896816964,-1.0561054646365706
10.0,70.0,1000.1704711914062,-4.24377395315022,-2.942001498068913,-1.9611167852800584,0.6762844518186384,-1.2773390900378,4.838126357105576,-0.5255543479479039,1.4799778926098393,-0.9504156813061524,-1.0517258040753488
10.0,70.0,1000.2567138671876,-4.242732265265817,-2.934424912652568,-1.954837156545679,0.6854353709432974,-1.307410576088583,4.849789910446217,-0.5079886524974704,1.5004497972967554,-0.9274465272032436,-1.0734561750275446
10.0,70.0,1000.2941284179688,-4.215658249496735,-2.952672530225287,-1.9712652657334613,0.6949328040754459,-1.252505361178764,4.820733245920113,-0.5252114143689299,1.478976865067823,-0.9595962260170924,-1.054879288004419
10.0,70.0,1000.2267456054688,-4.245944308223809,-2.93826802516712,-1.9777490668500943,0.6731490592014922,-1.3022851780221494,4.840446380410308,-0.5209288482394046,1.470906686328305,-0.9236711356701884,-1.0672313799897903
10.0,70.0,1000.192626953125,-4.234342997106166,-2.941676500029946,-1.962630990975552,0.6772757279141794,-1.29665905070744,4.838848336640233,-0.5216699474853161,1.472632762767537,-0.9264722267657852,-1.072311179619581
10.0,70.0,1000.3336181640624,-4.250099309610601,-2.968485691338892,-1.958945146043222,0.6832137610907072,-1.290476208395244,4.811588039240931,-0.5222659279599782,1.4934316189300194,-0.9257783242185748,-1.0781562920997647
10.0,70.0,1000.2440185546876,-4.232049484047891,-2.9534732111888555,-1.979856373438266,0.6727255452188627,-1.3079868014216989,4.815761447589521,-0.5070495974058087,1.464762780204662,-0.92865717095696,-1.0856087812863136
10.0,70.0,1000.2422485351562,-4.252035285036468,-2.9613741011374803,-1.949812961048969,0.6992239599552255,-1.291881190434387,4.816474169464678,-0.5148015973353024,1.4769070828223416,-0.9465936698874202,-1.0666483416805486
10.0,70.0,1000.3901977539062,-4.22698055156369,-2.9492547613482105,-1.954055489592424,0.6815012231990512,-1.2927196138967516,4.822211102717148,-0.513006232647303,1.475771757776312,-0.9397959965594672,-1.074597700099276
10.0,70.0,1000.1775512695312,-4.250113129009026,-2.9593381866000588,-1.962879043474813,0.7076069735159844,-1.295089564137473,4.824236158258374,-0.5094022964298723,1.4863520613715815,-0.939207030976978,-1.0725028564028731
10.0,70.0,1000.2574462890624,-4.250178383000033,-2.944762939549156,-1.9580484289730524,0.6972953313965737,-1.2839485958292816,4.844485928231801,-0.5055366582406053,1.4795545368225929,-0.9255128387764682,-1.0719679529061945
10.0,70.0,1000.3300170898438,-4.250138607285278,-2.977478124146248,-1.9715164306898056,0.6979626786191915,-1.286693732404573,4.805584856909961,-0.5234853592351172,1.452291233554491,-0.9659111774752328,-1.0621255554244358
10.0,70.0,1000.2510986328124,-4.237621416965823,-2.9463526062924954,-1.9433322502805768,0.7009950907081866,-1.2902877369737542,4.844791928285584,-0.5181486683799017,1.5007739615231497,-0.9586819321704656,-1.0518302288417742
10.0,70.0,1000.214599609375,-4.25154134180083,-2.957366840067178,-1.9574673205241204,0.6984563870405145,-1.2729663156596187,4.829004754342508,-0.5254759779361615,1.496034477323693,-0.9475227819783952,-1.0518038625517412
10.0,70.0,1000.2175903320312,-4.221689615767144,-2.942421693572165,-1.960053706928091,0.6888384973381232,-1.2572534896718706,4.82638650998617,-0.5263170005415789,1.496260417431162,-0.9538840031103124,-1.0549173019351543
10.0,70.0,1000.2431030273438,-4.255874133449909,-2.958994818162997,-1.9642320585326023,0.6711901175832748,-1.283207603917048,4.828728025277487,-0.5119439147434885,1.4617845847367414,-0.9439787020311226,-1.0646300682292358
10.0,70.0,1000.2567138671876,-4.241987886964389,-2.949975255310162,-1.9563101138173216,0.701558476535924,-1.2621365175882944,4.82575362383437,-0.5117497227891654,1.4812930087954248,-0.9463917217276848,-1.0559501120469736
10.0,70.0,1000.263427734375,-4.256817458000357,-2.955459317316444,-1.973554929976486,0.6894083064169241,-1.2794755050017943,4.826856947312137,-0.4999387841083553,1.475755685632687,-0.9428737801200384,-1.0681220975211394
10.0,70.0,1000.3067016601562,-4.255779102799612,-2.9530194917263763,-1.973838485826751,0.6815316145224397,-1.3035385334560727,4.8144160929902124,-0.518348424009627,1.458279427797354,-0.9434484864537378,-1.0673140944551165
10.0,70.0,1000.3619995117188,-4.219964898223283,-2.956513464155638,-1.97336819521782,0.6699359007448358,-1.2895804487519775,4.816287611499469,-0.5168232609010524,1.4745409044982054,-0.9433787763252112,-1.0738135713533667
10.0,70.0,1000.3985595703124,-4.239464494981321,-2.966349475067069,-1.9863206536562328,0.6686236569566777,-1.2761412652643669,4.8040130892634885,-0.5123529158156153,1.4748102784598158,-0.942357647828266,-1.081345368135926
10.0,70.0,1000.20751953125,-4.238460424948821,-2.9314018330107885,-1.952981739815343,0.6903611593040617,-1.2937669902901665,4.846594738661947,-0.527569362977979,1.4855917305142343,-0.9368042745695692,-1.0593304992454162
10.0,70.0,1000.3092651367188,-4.243008258971431,-2.964535633345031,-1.9698755126363487,0.6835165130638012,-1.2896307088741832,4.823465729003232,-0.5131184894871073,1.4796378076725318,-0.9543512480802114,-1.070165401094635
10.0,71.0,1000.3060302734376,-4.244692557361192,-2.921156385811193,-1.9464588563784488,0.6945131508814786,-1.2945686360527735,4.85106234369313,-0.5213525372165142,1.5107871801209658,-0.9338728576228944,-1.0558148314980187
10.0,71.0,1000.26611328125,-4.246860077566362,-2.971717518213984,-1.9711624428807093,0.6949016141392974,-1.3073348587834173,4.808972135225609,-0.509424773517182,1.4777110636377024,-0.9380329928545414,-1.0812264402675271
10.0,71.0,1000.1292114257812,-4.2319531129074495,-2.955824306986054,-1.962525797293148,0.6930716214810717,-1.2751631087528683,4.817198355029468,-0.5172218733199081,1.485481825296456,-0.9444630422847292,-1.069660813612641
10.0,71.0,1000.2691040039062,-4.223220109941692,-2.953251603058652,-1.959949501286273,0.6785509787884516,-1.280305555926243,4.829564884456625,-0.5260125270007547,1.4808612750262942,-0.9389059892858684,-1.0659777329569624
10.0,71.0,1000.2295532226562,-4.2367987698357386,-2.954040219788112,-1.9643677360454608,0.6797149470544284,-1.3100882153585225,4.832797832650108,-0.5223844275828258,1.4655318488442592,-0.9343543645574348,-1.077736304525251
10.0,71.0,1000.1607666015624,-4.235054463108051,-2.9692300119747737,-1.966227474956355,0.6834157612497771,-1.2834511579377987,4.801293890646548,-0.5217790133980182,1.4737759648904092,-0.9520120395921275,-1.0667746541806231
10.0,71.0,1000.2598266601562,-4.228462168772019,-2.942680214603434,-1.9641524362445704,0.675801003826443,-1.2807460225511451,4.829801063152676,-0.5254432952376034,1.483519102423414,-0.9435095642876804,-1.060780898142296
10.0,71.0,1000.1565551757812,-4.247021306401988,-2.950651482529793,-1.961589362942904,0.6933898463639245,-1.285212217246544,4.829092066978134,-0.5203814395820956,1.4909568611152355,-0.93748112520373,-1.0585461255318718
10.0,71.0,1000.242431640625,-4.25753619545775,-2.944447548259919,-1.954720605329519,0.6835717055561572,-1.2986961807297224,4.835187582600387,-0.5111339207147596,1.480144470855156,-0.9345955608878516,-1.059185046010703
10.0,71.0,1000.1386108398438,-4.254253201040821,-2.93103352404283,-1.9412898231209272,0.6909473287498855,-1.277371688362401,4.85391061006565,-0.5207803584899038,1.5103715514855764,-0.9467155625819396,-1.0431867743169967
10.0,71.0,1000.2178955078124,-4.252266729155154,-2.9484350085620004,-1.9564165360996744,0.6892869346899513,-1.2955472788489235,4.818608701919141,-0.5080962072784558,1.4826470427299083,-0.9459073668771784,-1.0685420166688235
10.0,71.0,1000.154052734375,-4.246589328755861,-2.940956260385534,-1.9619031983268336,0.6793086255602212,-1.3090003034827795,4.834720276269067,-0.5194835813174095,1.4852403637726477,-0.9218605728226326,-1.0754349289878808
10.0,71.0,1000.262939453125,-4.239577509097407,-2.9374724159381294,-1.9574065376750955,0.6882396713632923,-1.277510811327918,4.852374868522443,-0.5158555671669358,1.4895613893577817,-0.9366532178055572,-1.0658921707421043
10.0,71.0,1000.2850952148438,-4.26911641406107,-2.9544428285522253,-1.959537862260163,0.6898159249455027,-1.300732160469178,4.826646652375549,-0.5057146848333547,1.473868972871041,-0.9401518657823608,-1.0682047731937914
10.0,71.0,1000.1690063476562,-4.235642674617592,-2.9521796118179147,-1.96449246736972,0.6799348704847343,-1.2793347747207564,4.821513802320997,-0.5263926008225903,1.4748470323198166,-0.946498737466582,-1.0617816597567309
10.0,71.0,1000.2600708007812,-4.225205179322948,-2.9633869285039243,-1.9722085092483703,0.691198196236785,-1.270993209891179,4.810895343573904,-0.516659415306588,1.4713006780509783,-0.9442441550701232,-1.0677753804354828
10.0,71.0,1000.2515869140624,-4.244702415596363,-2.948608393708672,-1.9569598356774136,0.6885042121725942,-1.309445244388506,4.835902754138026,-0.5103554348208288,1.489585165177453,-0.9280761851935856,-1.0717677416504825
10.0,71.0,1000.2069091796876,-4.244666829770252,-2.932568387841364,-1.9608440455474765,0.6980599402708609,-1.2845853554477649,4.848116017590854,-0.5087812314141145,1.5057319151312862,-0.9249882158990816,-1.0613347090333107
10.0,71.0,1000.24462890625,-4.234264285213223,-2.943843684908462,-1.9730247959358425,0.6772752755791771,-1.2982526167955457,4.836141639275645,-0.5208908855691572,1.4658437400417066,-0.9354828633938964,-1.0696802950867368
10.0,71.0,1000.2068481445312,-4.239387204509946,-2.9559864642239857,-1.965938194944164,0.690549239387571,-1.28611877316273,4.810007017412282,-0.5122868781631267,1.4653948570560713,-0.9349028188751828,-1.0775962187092878
10.0,71.0,1000.1989135742188,-4.236139887815976,-2.946277172622062,-1.9535089838183584,0.6806395966785859,-1.293310849237467,4.832535168646956,-0.5277830116695394,1.4935844878246556,-0.9421471931106788,-1.0551554643846144
10.0,71.0,1000.3192749023438,-4.248677866770011,-2.944846570431593,-1.966096634658012,0.6629677204555664,-1.3021909757375243,4.840180837474152,-0.5199919812274452,1.474535538768894,-0.93127835503826,-1.0684187754429928
10.0,71.0,1000.2517700195312,-4.235076078640495,-2.9501953606997886,-1.9673612782871064,0.666962615511836,-1.295147596971435,4.832852312986008,-0.5239600705502561,1.484863350413593,-0.9395830276955977,-1.0673759603136808
10.0,71.0,1000.234619140625,-4.241823406880862,-2.9456015734521697,-1.953118038856978,0.7038425403277166,-1.2821260751519392,4.824597268841201,-0.5228619663664063,1.48999386520304,-0.9387074981843284,-1.0590853399690232
10.0,71.0,1000.1851806640624,-4.234806115504165,-2.952682779691934,-1.9772894306612523,0.685192939542941,-1.2964476073514546,4.81821478221814,-0.5180863793079133,1.47582196067411,-0.9271685701201696,-1.0794717742607545
10.0,71.0,1000.1697998046876,-4.247413186653669,-2.953560650468027,-1.9632686789557443,0.6816448891846711,-1.2937099855840417,4.829406321881153,-0.5172199005301774,1.4791824349569491,-0.9435250755672824,-1.0631595738536022
10.0,71.0,1000.1849975585938,-4.2446736156805285,-2.934536371869937,-1.962610640120628,0.6799348941895289,-1.292216788747811,4.838206568609989,-0.5278290244357287,1.4896681555024998,-0.9276428338273216,-1.0649229870982406
10.0,71.0,1000.22802734375,-4.239326575996084,-2.946739731632739,-1.960627834287892,0.6829992764783892,-1.3151986967321112,4.832978972197182,-0.5209247363993619,1.4986083252051363,-0.9283920819760736,-1.074826279774142
10.0,71.0,1000.1951293945312,-4.249852151786399,-2.940843038523417,-1.9640065770068733,0.6781903689241151,-1.315318820078394,4.834230342367382,-0.5261221680551937,1.479417230981718,-0.9284833363411628,-1.0695498326071426
10.0,71.0,1000.3094482421876,-4.239047178298484,-2.956227854377892,-1.974689178653393,0.6697006335303577,-1.2891099535437842,4.819444605035889,-0.5170747632700916,1.4672791741335691,-0.9282868752290928,-1.0856433437747497
10.0,71.0,1000.2117309570312,-4.248504724780046,-2.9490634971149903,-1.9583810746286008,0.6859052048696412,-1.2741552450948994,4.829699035519052,-0.5194715060984354,1.4882975522901614,-0.9509846018466508,-1.055887546278668
10.0,71.0,1000.282470703125,-4.251842523156174,-2.9340771470160325,-1.9624577153965657,0.6702040345226301,-1.283572654264748,4.841548820723849,-0.5155177212590116,1.4756790475215729,-0.932396712548064,-1.0620876756977982
10.0,71.0,1000.1911010742188,-4.248826920556057,-2.941056189270629,-1.9566978922019604,0.6889330558743758,-1.2933420214630722,4.846991310485324,-0.5151960615442661,1.4886310335453643,-0.9351909250858172,-1.0639685216923231
10.0,71.0,1000.1509399414062,-4.245050438076429,-2.953864581657732,-1.9539992276924507,0.6979778263454843,-1.2693135617353657,4.83500304136988,-0.519272366186188,1.499538887825917,-0.94538526661319,-1.055065542765265
10.0,71.0,1000.259521484375,-4.23014071693361,-2.967410521221732,-1.968967721450917,0.6902663812747871,-1.2760469613830263,4.7958839910861055,-0.5219389174231424,1.472012037881413,-0.9527183693459946,-1.0688816483013115
10.0,71.0,1000.2498168945312,-4.244628241033359,-2.9505876119247016,-1.9572016054693149,0.6943843516071837,-1.2915138583032482,4.831807129179492,-0.516520983592236,1.4791257835355165,-0.927960788066036,-1.0719886496761428
10.0,71.0,1000.1885375976562,-4.25049998972201,-2.938165677779724,-1.9492693968279864,0.6822964804210185,-1.29830511415057,4.849689144064794,-0.5148219408381269,1.5035627489248968,-0.9326488955837506,-1.0660544862842296
10.0,71.0,1000.1609497070312,-4.252349937910111,-2.958483998647707,-1.9596888986064505,0.6938399772931403,-1.2809654634900731,4.832152135675161,-0.5115088012348892,1.4837376757377,-0.949753476242801,-1.056836954628968
10.0,71.0,1000.2561645507812,-4.242238495466125,-2.9566807166631155,-1.9636741537442703,0.6833652251629241,-1.297631156545835,4.820387033033041,-0.5192337489737451,1.4643570924798412,-0.9280009433374364,-1.0765017924105411
10.0,71.0,1000.1802978515624,-4.247522649988621,-2.94538934384784,-1.9459755804112584,0.6961415453711162,-1.28512983614306,4.831950655621309,-0.5264539628553111,1.4952951906967886,-0.9540412344786162,-1.0534665763206812
10.0,71.0,1000.140869140625,-4.234640725684717,-2.957440310219859,-1.9566949921550392,0.6992883890640282,-1.291749576798324,4.817463467743677,-0.5210249274737304,1.4852990758739733,-0.9437955949232332,-1.076010921383754
10.0,71.0,1000.185302734375,-4.249195917269447,-2.96003422422354,-1.97213432081681,0.6850639381350643,-1.313891237580135,4.822729094700774,-0.5137452758587564,1.4730408467998035,-0.9142683086592918,-1.0891011540852578
10.0,71.0,1000.2257690429688,-4.249438031117442,-2.9606163737594424,-1.962899198537241,0.675201103729778,-1.283276845735018,4.820439941023981,-0.5286664725565666,1.485929211128787,-0.9453002547718468,-1.0625664359033045
10.0,71.0,1000.2861938476562,-4.244384386448024,-2.946377414180667,-1.9559924241310007,0.6703486909066259,-1.2959820201318497,4.843290103629414,-0.5116677410252031,1.4682754344192848,-0.94687989846617,-1.0665991037504812
10.0,71.0,1000.1881103515624,-4.246771827216128,-2.9482631056567588,-1.9711338324732264,0.6737432275316309,-1.3171983326876582,4.842707980634614,-0.5066217311697105,1.4671297932232408,-0.9128247138388152,-1.0921076799517744
10.0,71.0,1000.1945190429688,-4.242865105811958,-2.96521673947863,-1.9717615997279352,0.6812686335814675,-1.305612596045442,4.822228861478431,-0.5166111433777196,1.4739485235113232,-0.9395664459424432,-1.0702436360040086
10.0,71.0,1000.2254028320312,-4.233017913402319,-2.95363528627709,-1.954662878637687,0.6924214688164101,-1.278373218049186,4.8108944088752015,-0.5274582863841291,1.496666423761452,-0.9548407089289244,-1.0573816452611329
10.0,71.0,1000.2659301757812,-4.230448691924551,-2.965533132609955,-1.9747801287222104,0.6773118405141876,-1.3094759079514544,4.80593388699274,-0.5162121255931647,1.4477929435122583,-0.9270454068368146,-1.0929279156426213
10.0,71.0,1000.2125854492188,-4.241256179377101,-2.966248289036714,-1.9825083382410709,0.6964664095846862,-1.3057264081238094,4.815299876890208,-0.5148742605869048,1.461796576697756,-0.9165810182356138,-1.0966811793527502
10.0,71.0,1000.2098388671876,-4.251097848372513,-2.954188635627631,-1.9544177306183288,0.6852596239883146,-1.3048021064703152,4.832051442672832,-0.5304967109774843,1.4858368032310416,-0.9389768149779628,-1.067922328852072
10.0,72.0,1000.2147827148438,-4.261798747159464,-2.939091508368433,-1.949119799358072,0.690028415078098,-1.2756798594463383,4.843147014452846,-0.5171924131890497,1.5001985337323689,-0.9551408398087222,-1.0469654599869438
10.0,72.0,1000.1692504882812,-4.247352565606464,-2.9444128466800983,-1.963935046130876,0.6850979135800213,-1.291974778028982,4.832686791977963,-0.509741490280808,1.489326714690553,-0.931901171034566,-1.0669381643141334
10.0,72.0,1000.1763305664062,-4.250085081724911,-2.9730960578488745,-1.9649878899964324,0.6945340092593213,-1.283939996323063,4.799753350736278,-0.5127964735063042,1.4746995484777683,-0.950383518882676,-1.064823174383431
10.0,72.0,1000.2515258789062,-4.244398121071344,-2.939134139623952,-1.9645781326201728,0.6788866558479159,-1.2993115809115272,4.842735560403625,-0.5157017973465043,1.4846139696423686,-0.9392066507015064,-1.0699324472233285
10.0,72.0,1000.1749877929688,-4.235611381880839,-2.9412748610829222,-1.9611545030167423,0.680362086658648,-1.2818278135699188,4.835439168729009,-0.5211848542014001,1.4868930211118068,-0.9390920303200828,-1.0654621138811635
10.0,72.0,1000.2522583007812,-4.232614879135741,-2.9530267230915417,-1.957808165801228,0.6923789056363594,-1.287485417095748,4.836240244505873,-0.528655571093088,1.4924745594379747,-0.936393914180039,-1.0756785936857869
10.0,72.0,1000.2504272460938,-4.237342658628504,-2.969398351519626,-1.948149840576392,0.7062668719115193,-1.2747576999045456,4.804919770458305,-0.5148249934589746,1.4828230426369349,-0.9592988508552144,-1.0698389112174955
10.0,72.0,1000.1541748046876,-4.248036151732887,-2.9514715670867497,-1.9580754822814936,0.6853781344403087,-1.3058428840140754,4.826376819408623,-0.5241404430966696,1.4837603852832455,-0.9352146381417956,-1.0703668748258326
10.0,72.0,1000.1815185546876,-4.257298509834048,-2.94073608082952,-1.9497679782228088,0.6939867411352996,-1.273477220375448,4.843255345212416,-0.5205223896028652,1.4960925188092409,-0.9431212931192848,-1.044395110282752
10.0,72.0,1000.2991943359376,-4.258453472321254,-2.973639934408091,-1.976447317351988,0.6801240280558289,-1.3069250507692636,4.7987535604116776,-0.5167903062958583,1.4533499706955073,-0.9331832165934112,-1.080243180747385
10.0,72.0,1000.1959838867188,-4.239040904821943,-2.9466707159293657,-1.9600445753787767,0.6927071581301725,-1.2784461248269618,4.8342465783266615,-0.5281429330517913,1.4943011688767758,-0.9372463689156288,-1.0632473985348518
10.0,72.0,1000.216552734375,-4.2367042055973725,-2.956796919834256,-1.9599220223410048,0.6891241677952316,-1.270545023193184,4.8221743367763725,-0.5185402327455204,1.486154978103697,-0.9518179312218332,-1.0603403519084322
10.0,72.0,1000.1863403320312,-4.238761143847177,-2.94865088677854,-1.9629496931214807,0.6743057500736436,-1.2992363400771991,4.824720044836612,-0.527250992881517,1.48052302790863,-0.9439037836791152,-1.0749666839007577
10.0,72.0,1000.2581176757812,-4.243788464704695,-2.959428300912681,-1.9614667087932487,0.6949547460951617,-1.2807694259898297,4.812746854727193,-0.5204675383765958,1.4949951225650864,-0.9367570579681948,-1.0662184284959624
10.0,72.0,1000.190673828125,-4.2353173639611486,-2.956850606488894,-1.9602198189529108,0.6971364521458812,-1.2951835449425624,4.818849860807195,-0.5225994625374497,1.4760689552161868,-0.9368577740886934,-1.076787506018699
10.0,72.0,1000.2437133789062,-4.2537775497228285,-2.966637823458973,-1.96477559441548,0.7022672302289532,-1.298903233485618,4.8157979471925945,-0.5022796005625265,1.463465246016744,-0.9350974014259226,-1.079869818162027
10.0,72.0,1000.2454833984376,-4.243046781657943,-2.949225769302726,-1.954526261588871,0.6922907690293005,-1.2862142591772736,4.843153131885293,-0.5110961806166427,1.4890039766114676,-0.944182829479928,-1.059387455632299
10.0,72.0,1000.1763916015624,-4.239891766270604,-2.9543147469240743,-1.9603182887675643,0.6937329457990318,-1.3040360099039168,4.830401688663974,-0.5205294286525532,1.487418143321099,-0.9252747153804606,-1.0790878848715102
10.0,72.0,1000.1643676757812,-4.248441315964724,-2.9421372292363976,-1.9667624448871208,0.688538836402639,-1.3021091714336643,4.834956477172893,-0.5179689092583963,1.481796984434661,-0.922590823858723,-1.0749081214899787
10.0,72.0,1000.1732788085938,-4.24418947774911,-2.9404814301342417,-1.95361817845592,0.6945065858152848,-1.2733603411105188,4.841466394350372,-0.5195306249897307,1.498726836206611,-0.9431573850681544,-1.0489618814837949
10.0,72.0,1000.1582641601562,-4.243747125247873,-2.9394202117367216,-1.957580795917528,0.6900056724802814,-1.2975853649610198,4.833907706162144,-0.517306294304479,1.4860282626551156,-0.9416619653143768,-1.0684639053386809
10.0,72.0,1000.1636962890624,-4.238433568659775,-2.957465217714106,-1.970713164574101,0.6832855942880762,-1.3220134543669588,4.819822853441028,-0.5165253975671034,1.464734425482348,-0.9263622569980114,-1.0928752886046138
10.0,72.0,1000.1682739257812,-4.248808727178314,-2.9465100000150763,-1.9612932499154048,0.6847907191761298,-1.2989532978105354,4.83399283441512,-0.5157245833190007,1.483743753467312,-0.9308024725800808,-1.0663983915015942
10.0,72.0,1000.2255859375,-4.25237628211758,-2.948220738757986,-1.947988183303768,0.6844294756369464,-1.2863081917658334,4.841591158839995,-0.5239795881568359,1.4954184739705303,-0.9514875791920988,-1.0545764108496585
10.0,72.0,1000.1726684570312,-4.255382323182086,-2.941094558756782,-1.955088816806942,0.6882958672692672,-1.2755258661799749,4.849388343169638,-0.5199808536761976,1.5047234375746594,-0.9414682919902512,-1.0507622604672475
10.0,72.0,1000.21923828125,-4.224818551978661,-2.9477738250757266,-1.9620721430478705,0.6769393075596799,-1.2818186330077044,4.827356594274267,-0.5251889036380932,1.4919322522701384,-0.9415899460576442,-1.0687446279999475
10.0,72.0,1000.1655883789062,-4.237324534594024,-2.959136166175717,-1.960043501778057,0.699232054991656,-1.270431887934253,4.8217116012399295,-0.5267090457725763,1.4958180627287687,-0.9429786088314156,-1.065812095067705
10.0,72.0,1000.1889038085938,-4.241328295033673,-2.945184364164916,-1.9512355225817053,0.7027012937756663,-1.2738787783234409,4.828823419067573,-0.5191622484131813,1.496600443036785,-0.9379926001088784,-1.0581066186095365
10.0,72.0,1000.2128295898438,-4.256081161658123,-2.950861397530293,-1.950793205972582,0.6879576937701568,-1.279525851839414,4.837413148621748,-0.5177514125958123,1.4870132142598846,-0.9524525226214466,-1.051178201304059
10.0,72.0,1000.2175903320312,-4.242548137897633,-2.949618885902906,-1.9568413790440784,0.6873562228223697,-1.2707315269215274,4.821253029600021,-0.5269123306796493,1.4914982718233558,-0.9522829226504896,-1.0461444124012165
10.0,72.0,1000.2015991210938,-4.242711079697384,-2.940068106602166,-1.9465324939623223,0.6953971781739776,-1.2726011835076676,4.84571537030855,-0.522010484238046,1.5107925377009623,-0.9408414345563224,-1.0572663917439868
10.0,72.0,1000.2581176757812,-4.236041791496724,-2.9498916541887192,-1.948197903936946,0.7042559264318449,-1.2718744708933678,4.841963244790282,-0.5185860640127213,1.5057472223135715,-0.944729295655784,-1.0656586931102474
10.0,72.0,1000.2304077148438,-4.238773841611311,-2.9540753561245605,-1.9674781512076416,0.6813829036616772,-1.2889590636178676,4.8151669453678405,-0.5205861731503587,1.4877621504741514,-0.9424860481748398,-1.0632844070590508
10.0,72.0,1000.2069702148438,-4.242477563338559,-2.953506431990569,-1.968656365741685,0.6784093507507265,-1.2982478484088444,4.831970210925768,-0.5243017028038057,1.477743884049577,-0.940964799175644,-1.0652391287192775
10.0,72.0,1000.22216796875,-4.249905689571541,-2.9429468119076114,-1.946680885643901,0.696493273554994,-1.281990832117419,4.8490514771905495,-0.511125676030292,1.4949898688430956,-0.9431801002239152,-1.0560229461747397
10.0,72.0,1000.1900024414062,-4.236268254755287,-2.953065832568404,-1.9587715557006709,0.6932413346179267,-1.2663433774448285,4.827531337091203,-0.5234180286275611,1.4873738428275205,-0.943847822649822,-1.059111927811554
10.0,72.0,1000.16552734375,-4.239355003381728,-2.9447875178716054,-1.969114640054407,0.6803735793702073,-1.3102490405956717,4.829185063815174,-0.5252793848282744,1.4796168911736365,-0.9229924007431044,-1.0731293579093637
10.0,72.0,1000.214111328125,-4.250154584251487,-2.9460580219102503,-1.969387305418906,0.6763018574686486,-1.2932324823853725,4.8395900769688485,-0.5155630024026436,1.4884452616092982,-0.9221203731483668,-1.0704874086641434
10.0,72.0,1000.211181640625,-4.23173363092044,-2.9530367220454,-1.962231487225564,0.6835808049500898,-1.289970268967589,4.825657917492448,-0.5179310559758035,1.485461774427721,-0.9366242021326858,-1.0803691500426895
10.0,72.0,1000.2857055664062,-4.235014879359559,-2.948122392232942,-1.9736824914948352,0.6844337587921423,-1.2840278769542737,4.819851739456466,-0.5231339092622953,1.484904718343829,-0.9377640129621864,-1.0594025379615548
10.0,72.0,1000.1756591796876,-4.243716807196592,-2.950212608462551,-1.9574340836187336,0.7013226180122603,-1.2713838061050406,4.828440152286863,-0.5277174554960578,1.4968267619851403,-0.9453433992760374,-1.052842192074372
10.0,72.0,1000.1884765625,-4.239110645307107,-2.955163952875884,-1.9623801630793785,0.6895780818622486,-1.290427024391445,4.816658442489967,-0.5144230611502705,1.486824383965005,-0.944590556584914,-1.0676708497312628
10.0,72.0,1000.188720703125,-4.249932900793497,-2.951128098668004,-1.960200237163512,0.6871128441974115,-1.2985671242856722,4.839044931433275,-0.5241316735945922,1.4896122311206526,-0.9252580611182086,-1.0698223588619982
10.0,72.0,1000.1593627929688,-4.263699443396495,-2.935535553776593,-1.934769283843286,0.691178100050224,-1.279806783379065,4.852887728480704,-0.5281040456982531,1.5155340840136515,-0.9582935548543868,-1.031395526301809
10.0,72.0,1000.2115478515624,-4.233719282623076,-2.949374818418208,-1.948063657246468,0.7000709859574608,-1.2639659362534528,4.829695462925692,-0.5178644453534336,1.5035670754964867,-0.9470403244299544,-1.0596842923415344
10.0,72.0,1000.3449096679688,-4.239612031046017,-2.93083656613234,-1.9557840452902169,0.6857957672767316,-1.2740030010330583,4.849932616729767,-0.510602191125697,1.4895658601292752,-0.9479454520723624,-1.0518978417744695
10.0,72.0,1000.169189453125,-4.240021793921787,-2.9582951162856728,-1.96663793177762,0.6843215660473163,-1.2936475789254782,4.818461484561997,-0.516601594741724,1.480075293091958,-0.9428553682166934,-1.0784208654415957
10.0,72.0,1000.2721557617188,-4.232037525665551,-2.9310165707719653,-1.941382173939405,0.7051600659113477,-1.261222471646895,4.849229441886882,-0.5247771312343747,1.50305227526254,-0.9505787870611924,-1.0504137804084897
10.0,72.0,1000.2161865234376,-4.243339787893055,-2.935352485789714,-1.9580756730060629,0.687909462927693,-1.2957135343808983,4.837559742378247,-0.5118798472790012,1.4949500737008306,-0.9366698953662382,-1.0625282634248916
10.0,72.0,1000.2406616210938,-4.254466109949693,-2.9543886395063144,-1.968526864532332,0.6735892811435216,-1.3196915575795156,4.840873359365961,-0.5131837556343433,1.4652595721357065,-0.9260525119582086,-1.075411381291672
10.0,73.0,1000.2402954101562,-4.239668143025665,-2.9234054741134106,-1.9587064280105548,0.6905110606757345,-1.307937767830278,4.845651503995702,-0.5170541979866421,1.4923625011578014,-0.923538201592616,-1.066096102975394
10.0,73.0,1000.2337646484376,-4.249516925321019,-2.950210692390834,-1.9646706411514527,0.6822133170657612,-1.2884008388935406,4.823161469100446,-0.5257825790909338,1.49196963177332,-0.9422548615555746,-1.0622992395415691
10.0,73.0,1000.160888671875,-4.235357158564717,-2.9528297043801426,-1.9664257969033303,0.6810939156640305,-1.285547384592488,4.824269159919147,-0.5191028706471705,1.4808037736982271,-0.9382183640530588,-1.0698411126195009
10.0,73.0,1000.266845703125,-4.251367610725585,-2.9443496114137893,-1.962656819341833,0.6916915946849089,-1.2937401512785165,4.829638449975949,-0.5222261437839979,1.4913945547545886,-0.9199812141362907,-1.071952570865005
10.0,73.0,1000.1470947265624,-4.243922964686608,-2.94863766521344,-1.955020170988635,0.7019076528963017,-1.2853370617888182,4.828052705931135,-0.517123111974767,1.4953916906076543,-0.9421437864961496,-1.0641470711978247
10.0,73.0,1000.202392578125,-4.248323429986543,-2.93725289456093,-1.955618680717477,0.669926159994592,-1.3019149633755611,4.843308438449959,-0.5314606336516592,1.4896534071117582,-0.939350288812359,-1.0585951706230672
10.0,73.0,1000.1950073242188,-4.238977823288896,-2.9664610464937886,-1.961126671863429,0.6919348148478459,-1.2786679168480926,4.811774565883919,-0.5126754083914156,1.480570973863471,-0.954046256243582,-1.070188425497537
10.0,73.0,1000.2301025390624,-4.23809484953336,-2.9467203689090016,-1.962842990823706,0.6853180978828437,-1.2770825720347965,4.822795008666255,-0.5147257796115161,1.4844826537527878,-0.9410808424233316,-1.067815668278639
10.0,73.0,1000.1378784179688,-4.2394573340463,-2.954290927697065,-1.967884968416952,0.6803950209716367,-1.303825362090223,4.817271587846474,-0.527976505613795,1.4758986515221784,-0.9398204386547492,-1.0737347129838652
10.0,73.0,1000.1490478515624,-4.239481788307115,-2.9602649768267826,-1.964590414791219,0.6928506621328072,-1.2836909116101445,4.812395758671665,-0.517671725899163,1.488009396485789,-0.9472761554770904,-1.0728483573081764
10.0,73.0,1000.2169189453124,-4.231532429531545,-2.957198551890611,-1.9755246606851924,0.6819578049150827,-1.284784791654015,4.811724561502967,-0.5211440845466111,1.463411125975611,-0.932766634756426,-1.079749756953138
10.0,73.0,1000.16015625,-4.233404138393119,-2.953742766693748,-1.9548566191718737,0.691839691752925,-1.2705929475053073,4.828890506714378,-0.5255895868198133,1.4965067593646395,-0.9527402714416198,-1.0588037328874278
10.0,73.0,1000.16162109375,-4.23393935895482,-2.940910008169213,-1.9685231021262672,0.677779862653872,-1.299474688788938,4.835279967172021,-0.52413124271113,1.4833994892208668,-0.9290478857044916,-1.0756955662790144
10.0,73.0,1000.1752319335938,-4.246984482808545,-2.9389606876572567,-1.952113008670316,0.6920833018563366,-1.2926612020039152,4.83116297906022,-0.5227463026481143,1.4991517223096125,-0.9392610840333706,-1.0574448335100235
10.0,73.0,1000.2054443359376,-4.244670785500548,-2.9495547222794944,-1.9627825970236823,0.686461632084904,-1.2916728366237606,4.825245791672373,-0.5290541303188023,1.4923461443071693,-0.9319807374863558,-1.0663865010865208
10.0,73.0,1000.1753540039062,-4.240602010510649,-2.9410660348022266,-1.9550415605847349,0.6905366095975864,-1.2770834364245287,4.841788469856057,-0.5189671629907036,1.4971121123012168,-0.9370267231795716,-1.0544255695818294
10.0,73.0,1000.1795043945312,-4.247593609365215,-2.955588918617549,-1.9569501096371813,0.692649367391379,-1.2945493539899695,4.8309465898756905,-0.5172244529608419,1.4860440227040268,-0.950375095734282,-1.0681585287134836
10.0,73.0,1000.1643676757812,-4.249125509600791,-2.945644102211892,-1.9546622149358708,0.6895493433849058,-1.2873479312566487,4.835078777878568,-0.5168338572506519,1.4923560657195631,-0.9389628557780716,-1.068056898722069
10.0,73.0,1000.2081298828124,-4.251780164441766,-2.961139862184412,-1.955948852153604,0.696823185012545,-1.2762012265174842,4.821031574753423,-0.5161269061717348,1.4861693836613856,-0.9614713074455636,-1.0554053738744171
10.0,73.0,1000.1323852539062,-4.241368584106083,-2.952524440546654,-1.9613470095281376,0.6878635618706364,-1.2885710940559862,4.825676667923112,-0.5153493274586811,1.4789285851083225,-0.9446204873399796,-1.0710234794074136
10.0,73.0,1000.1602783203124,-4.237982299901073,-2.939242715282304,-1.9571656384768228,0.6907529135527497,-1.2823845385436208,4.834500682856081,-0.5177111656054549,1.49110444308017,-0.936335900189876,-1.068789485879143
10.0,73.0,1000.155029296875,-4.241757524195878,-2.95425432880896,-1.961458222241332,0.6857270368896584,-1.2857098533346418,4.824084916775925,-0.5302125774085003,1.4891164043546423,-0.942922928905526,-1.061811437881382
10.0,73.0,1000.1738891601562,-4.2400722342212855,-2.934687472421562,-1.959285107494868,0.6910845808891146,-1.2999829319122802,4.843961541126683,-0.524056376266147,1.4902518832130287,-0.9242894506195558,-1.0738276686303272
10.0,73.0,1000.2206420898438,-4.250817855572585,-2.957350561514916,-1.9685983346249336,0.6920334953314597,-1.3029361661152183,4.815365505186991,-0.5161949719480452,1.476982515056288,-0.9446601533612516,-1.0738134961260402
10.0,73.0,1000.216064453125,-4.234182464923878,-2.957270409074736,-1.9551023120738729,0.6922267064407448,-1.2728665971445707,4.818802568121281,-0.5317986081904422,1.4908527445389863,-0.946045954687344,-1.0621833607298714
10.0,73.0,1000.1681518554688,-4.245857792549128,-2.96320619484889,-1.9696643865727004,0.6872465168503616,-1.2998783232497422,4.82500507806855,-0.5138799219600649,1.47238925327488,-0.9298017904764312,-1.0748202976211294
10.0,73.0,1000.1488647460938,-4.241635342773455,-2.955202522019095,-1.9585711654561504,0.7036350893009589,-1.2941225199458009,4.82651268266012,-0.5131371232942543,1.4920410057438982,-0.9338315760530556,-1.075301470652612
10.0,73.0,1000.1967163085938,-4.2537544950523865,-2.9382649201088027,-1.960306807096084,0.6909448194896246,-1.295651992447953,4.852186793526785,-0.5170275345324367,1.4944400896394692,-0.919499417574289,-1.0726236815632353
10.0,73.0,1000.171875,-4.245483149267447,-2.9447974423222187,-1.9580180260309588,0.6885541309848033,-1.2802193241132898,4.836207815343638,-0.5224135803518282,1.4923232818667085,-0.9468599171760488,-1.0569305566544918
10.0,73.0,1000.2080688476562,-4.236927517159707,-2.945567798597439,-1.959730132100371,0.6835417633925323,-1.2853466696695737,4.827567579246022,-0.5172942552206887,1.4877841912089202,-0.9346619342640912,-1.0711822377961289
10.0,73.0,1000.2084350585938,-4.248266544875068,-2.9383385413503684,-1.9605673315298409,0.6900832514492574,-1.2975734915935155,4.836020587176401,-0.5185367442730291,1.489585622227584,-0.9283058346110442,-1.0665537973142911
10.0,73.0,1000.2723388671876,-4.241860083267931,-2.936557591733616,-1.9579793881264635,0.6787975482040611,-1.2978595355765163,4.838853975195898,-0.5252796772927661,1.4954163228449922,-0.9280309988960864,-1.0665915447772885
10.0,73.0,1000.1554565429688,-4.24529109729867,-2.953361965633317,-1.9555928096550463,0.6867903162793407,-1.288219640262552,4.8388509297174185,-0.5203347856430405,1.4886683222142103,-0.939376827095634,-1.063394378012422
10.0,73.0,1000.133544921875,-4.239811564298822,-2.945684162422756,-1.9586860817212235,0.6944948545210936,-1.2859791469761706,4.831966271390298,-0.5159023197106274,1.4891924985684089,-0.9410723309160652,-1.0687022421483068
10.0,73.0,1000.2448120117188,-4.251670446628745,-2.940953652679844,-1.9411493392237893,0.7050151871708374,-1.27900145610469,4.827352701434334,-0.5233030619159953,1.510757552741801,-0.9568112556351648,-1.0436692581470992
10.0,73.0,1000.2239379882812,-4.255671265314732,-2.941584363798265,-1.955556642794136,0.6983157948277103,-1.3000556828820602,4.834902941733539,-0.5086903284153017,1.4925729628749789,-0.9290230961587004,-1.0671045960889685
10.0,73.0,1000.2460327148438,-4.251872437369677,-2.9574446116425706,-1.963217171703156,0.6836731992131266,-1.3177543135021377,4.819502906848552,-0.5180163399366791,1.468462640499208,-0.933130208092666,-1.0773343009863865
10.0,73.0,1000.1790771484376,-4.2459026279882925,-2.947684447544137,-1.965405506060956,0.6905577199593127,-1.2880522308855302,4.832289111140302,-0.5135448275490173,1.4817933919624495,-0.9328356843039644,-1.065271273467844
10.0,73.0,1000.1710815429688,-4.239798636239522,-2.958026234649373,-1.9861109314868195,0.6744738889109678,-1.316332640847811,4.818186966004749,-0.5169822777963979,1.4577636731946022,-0.9173253021984475,-1.088822415756225
10.0,73.0,1000.1724243164062,-4.240589181238051,-2.946719595534501,-1.9631449694642849,0.6763740425254845,-1.2899716658333196,4.828924722614552,-0.522055326264498,1.4804127000441645,-0.9419227666035708,-1.0638959528316745
10.0,73.0,1000.1879272460938,-4.246687792334841,-2.9599584515656603,-1.9648063155857969,0.6930386196323015,-1.2938543356079897,4.809577272481114,-0.5164707579609278,1.4761360891428508,-0.9434854788050676,-1.0661257743596506
10.0,73.0,1000.2074584960938,-4.248863068976445,-2.955592817439005,-1.9480055344099352,0.6905658909117687,-1.2810021901721438,4.819182960988679,-0.532552995533365,1.4921448621733333,-0.9673417203301602,-1.0496783392556348
10.0,73.0,1000.1351318359376,-4.255837400332107,-2.9360100469074006,-1.946891526076444,0.6973879270253107,-1.278836580292277,4.844029857136516,-0.51851898297961,1.5097549959985752,-0.9427613616633232,-1.0473036236839075
10.0,73.0,1000.2272338867188,-4.240935335626695,-2.9527327896358564,-1.9632282697242016,0.6838695918572126,-1.2982499762957644,4.817466557499884,-0.5230931868415709,1.4832943565883134,-0.9393391931701576,-1.0662293849673643
10.0,73.0,1000.1611938476562,-4.241759855530656,-2.94367688438593,-1.9670680309978168,0.6857477081540742,-1.3121803647630983,4.832622643262255,-0.5150329541134981,1.4798319205812651,-0.9291676863893592,-1.082328399333694
10.0,73.0,1000.1246948242188,-4.249293075874332,-2.932832285644847,-1.9570576999124365,0.6823454348986404,-1.2869139044773497,4.847165841023321,-0.5230625638915161,1.4973572142510614,-0.9380162880897442,-1.0556427504094894
10.0,73.0,1000.2007446289062,-4.253324829532536,-2.9532804619665947,-1.967142577872296,0.6855752096324874,-1.3099405032738352,4.8279533289345,-0.5071092886715336,1.4765017194907584,-0.9306120523521058,-1.076435709409047
10.0,73.0,1000.1857299804688,-4.23326021931307,-2.9495652603126583,-1.9642469341847768,0.678673702010876,-1.2815840541140775,4.8260909450690335,-0.5254317391067236,1.4830324223343825,-0.9474280843371288,-1.0649168482435507
10.0,73.0,1000.2678833007812,-4.22520462237186,-2.9355200358663853,-1.9619779388816128,0.6787106428017733,-1.3008137129780324,4.833032727619877,-0.5348396109515763,1.4898046122027022,-0.9223973578838648,-1.0778103434457535
10.0,73.0,1000.1982421875,-4.2374950814137655,-2.9338641180752734,-1.9553493809179785,0.6897620966508633,-1.2704653079472883,4.844943616745951,-0.5223934832826886,1.4854145843974331,-0.9437788767145908,-1.054248643250069
10.0,74.0,1000.12744140625,-4.236003904190726,-2.9542855745624896,-1.963616504604753,0.684857192559515,-1.2869778882269656,4.821545367683193,-0.5202371934544177,1.483112151846643,-0.9399984962251616,-1.071806941706967
10.0,74.0,1000.2352294921876,-4.2435465113693125,-2.94183984951553,-1.956252428204424,0.6926644915004392,-1.2819826923564488,4.835368570508768,-0.513741791262607,1.4960488274009496,-0.9471503196372756,-1.0646409769747538
10.0,74.0,1000.2214965820312,-4.229991253347115,-2.946872508785784,-1.9652604460780247,0.6897130540464991,-1.2802811847895272,4.828832253939236,-0.5237391994637388,1.4949768421670298,-0.943380919055172,-1.066896313947316
10.0,74.0,1000.1192016601562,-4.255410561024622,-2.940645807400912,-1.9506943094028009,0.6980381120856123,-1.2967989738950711,4.836880543760531,-0.5194168464792517,1.497000702968931,-0.9394668113655325,-1.0608349148111418
10.0,74.0,1000.1588745117188,-4.244020851458864,-2.9505917824758416,-1.9636917997199443,0.6844897886711285,-1.2919335111903574,4.825374684561517,-0.5232396360269744,1.4884418176456924,-0.9411086863627708,-1.0662589065290664
10.0,74.0,1000.1809692382812,-4.2500746511368455,-2.9276956735396062,-1.946095047382448,0.6868815498142862,-1.297115788475577,4.848047257519392,-0.5185094845204095,1.5050355207630064,-0.9404065097228252,-1.0488701971298342
10.0,74.0,1000.2256469726562,-4.247261407244391,-2.9401977520207354,-1.9541491189514644,0.684489061984225,-1.281390029343163,4.84251715691229,-0.5226718912042765,1.4915985127252205,-0.9397068159712916,-1.0638766451656108
10.0,74.0,1000.2106323242188,-4.242098269392436,-2.947584237203858,-1.9655319188546243,0.6821802439404632,-1.2739809526701635,4.829425862305367,-0.5191725527853217,1.4875211467948637,-0.9438173788768892,-1.0553492059290082
10.0,74.0,1000.1171264648438,-4.244208921345086,-2.950434762748326,-1.963304359942044,0.6875194129414446,-1.2944130691598952,4.828324473389717,-0.5183163500957697,1.4884130642296576,-0.9392430342606604,-1.0701251535877447
10.0,74.0,1000.1522827148438,-4.23966842536578,-2.95379754209639,-1.956649954464038,0.6890597224411801,-1.2847147327370467,4.820968666712584,-0.5163743227895008,1.491289728682002,-0.9423362147584272,-1.0680704315100336
10.0,74.0,1000.2127685546876,-4.24110734402926,-2.936374346022483,-1.9587343060794868,0.689314271488267,-1.2781743290717822,4.842136009150421,-0.5265336300056065,1.4915080783726076,-0.9410758637359056,-1.0565486376441715
10.0,74.0,1000.1900634765624,-4.235143212109081,-2.946826441035149,-1.9625470782125567,0.6846081138991353,-1.2879551788598294,4.833121500224886,-0.5181959900843438,1.486353971290857,-0.9342529429841592,-1.068274723636348
10.0,74.0,1000.147705078125,-4.24975501040162,-2.952031763837901,-1.959992863361311,0.6928761521178792,-1.2814319963758165,4.824119964304298,-0.5197805950545469,1.4840292040614953,-0.9489342697492472,-1.058828746006672
10.0,74.0,1000.2094116210938,-4.248840984284433,-2.9478769838720806,-1.9590571194705928,0.6966173539191072,-1.2869917484173374,4.829405528886397,-0.5137679171909646,1.4925201693322512,-0.9433484644218212,-1.0695084263236527
10.0,74.0,1000.1976318359376,-4.245533348337442,-2.9412202645030985,-1.9683060626083244,0.6796020026739793,-1.3023979853184835,4.831235995283377,-0.5215107534243959,1.480657683100025,-0.9302500108817604,-1.0756225672193325
10.0,74.0,1000.2066650390624,-4.247391154361009,-2.94200279886571,-1.965435206475885,0.6870278244673855,-1.3084997634127578,4.832952813677251,-0.5249342096186957,1.486264527997719,-0.9353802724255535,-1.0671209947263312
10.0,74.0,1000.1148681640624,-4.240511311274726,-2.9648501211593192,-1.9557670663425688,0.702670562951921,-1.2697789758143516,4.811180531546409,-0.5227953643334073,1.495828671639181,-0.9515216786434396,-1.0602764884016564
10.0,74.0,1000.2255859375,-4.245238304163919,-2.93649428498831,-1.9579870980406768,0.6808713934406416,-1.273202259142232,4.8415027766785,-0.5235878849091362,1.5029996432228945,-0.942043106393303,-1.0521136403254987
10.0,74.0,1000.2169799804688,-4.236767928054471,-2.9512180440001967,-1.9671939245002923,0.6942282231960846,-1.3009137261311778,4.823453816488177,-0.5244769002417264,1.481588044346056,-0.9247410260452672,-1.0824012176368591
10.0,74.0,1000.1366577148438,-4.24545417901991,-2.949374106229027,-1.9612002807102984,0.6938723238766347,-1.296001436621543,4.82600419416743,-0.5173199503108918,1.485362631072059,-0.9403030394456772,-1.0662194084485712
10.0,74.0,1000.1388549804688,-4.246893980861008,-2.933882835941005,-1.9477111019923927,0.700940313785634,-1.281697705167124,4.842915752684656,-0.5210440988930616,1.5017109249275429,-0.9398367095920728,-1.0542203214380592
10.0,74.0,1000.1471557617188,-4.242565993755544,-2.946763285002468,-1.96501234788282,0.6787203160080555,-1.296471440884983,4.836252245741562,-0.5251421639054792,1.4823527298204393,-0.9393747644935156,-1.0674691603713953
10.0,74.0,1000.17138671875,-4.248973245708891,-2.9544462030526546,-1.953306336911111,0.701490045215607,-1.2786867136798286,4.823353568611344,-0.5181751751334245,1.5027684271277837,-0.9483850787359174,-1.051246761933084
10.0,74.0,1000.1434326171876,-4.246695757886382,-2.9325327359986857,-1.9494553563424093,0.6828185163599017,-1.2927136594035598,4.851559877678836,-0.5206133309898462,1.5037069834801429,-0.9386113186042264,-1.0579082601973404
10.0,74.0,1000.1753540039062,-4.224525654646059,-2.9548248737141503,-1.976123183824111,0.6844822383397879,-1.297308115358211,4.812424947056034,-0.5219454984811449,1.4729839715669009,-0.9321215444185622,-1.0817730826138652
10.0,74.0,1000.2351684570312,-4.236634801891375,-2.9542202798645683,-1.9534196506203207,0.6836642550600462,-1.2809818093060037,4.826544660991104,-0.5272298251754357,1.4966331904659145,-0.9477718813980464,-1.0556974893546838
10.0,74.0,1000.2252807617188,-4.2406219966368885,-2.9393262826231545,-1.9583668233033595,0.6832541110870807,-1.297543480890469,4.841789521249018,-0.5184874793285204,1.4946730227098506,-0.9410973191419708,-1.071451043219963
10.0,74.0,1000.1870727539062,-4.239896739431597,-2.961773349587466,-1.968844874586964,0.6849996606865485,-1.2989084743240658,4.818354329230797,-0.5122821104675088,1.476433694942224,-0.9317703142155284,-1.075994980905739
10.0,74.0,1000.1444091796876,-4.236735527830361,-2.9471678693094763,-1.9669652098320327,0.6949288831231835,-1.2946094193668984,4.834901801233347,-0.5135090882023814,1.4841843776503891,-0.9268291177647434,-1.0770785932159437
10.0,74.0,1000.16845703125,-4.249909511841815,-2.9450687212991307,-1.96082132163742,0.6870208737390717,-1.3019465630269351,4.830572976100774,-0.5140006424698429,1.4887695408460662,-0.9332476744625168,-1.0741930784741012
10.0,74.0,1000.18408203125,-4.229576330002876,-2.951317098404183,-1.9541583032554024,0.6957443161493684,-1.262286703519421,4.82524710798071,-0.5204556166226535,1.4921925543080183,-0.94645421903944,-1.0584708185089626
10.0,74.0,1000.149658203125,-4.240726451485173,-2.9483022218612494,-1.95961592953396,0.6898060073731385,-1.2850946205118028,4.829538579453178,-0.5155472942260584,1.484600889396174,-0.9396104549746712,-1.0741368568448402
10.0,74.0,1000.1494750976562,-4.241868113987295,-2.95068388403474,-1.961236067327401,0.6959386839837052,-1.299144260377517,4.833727799462329,-0.5136137600009807,1.4894319467096953,-0.934089519292371,-1.074974478887944
10.0,74.0,1000.1831665039062,-4.2566648942343885,-2.9424590986096093,-1.9560364132984465,0.6883620540532114,-1.293070568587286,4.845682370995398,-0.5169129096155478,1.4994227513537304,-0.9310258302414728,-1.0635571316099068
10.0,74.0,1000.1175537109376,-4.2512531667516,-2.954578758532704,-1.9611154898500704,0.6989850511855362,-1.300748596338516,4.823993655876862,-0.5119059265737622,1.4874053588925351,-0.9363795806941742,-1.071277864857787
10.0,74.0,1000.1769409179688,-4.246598061464795,-2.9511380721041007,-1.9501937364228072,0.7043123845790049,-1.272283325372285,4.833891261163529,-0.5215570102615077,1.4991970338364933,-0.9594526216908692,-1.0480138850364362
10.0,74.0,1000.1957397460938,-4.246167990432195,-2.9451962138193872,-1.9632793267414512,0.6907244350840278,-1.3007419686398274,4.830722736430205,-0.5141592472830396,1.4791439248869214,-0.9364787525954624,-1.0766274729147352
10.0,74.0,1000.1832885742188,-4.246773397820264,-2.9432683190166693,-1.9574592560050204,0.6869549873085568,-1.300389803014848,4.839300285232678,-0.5206522196927583,1.487098210705816,-0.9243065222985622,-1.0712241269672744
10.0,74.0,1000.1336059570312,-4.236403641497122,-2.952014634495192,-1.962357387731641,0.6871029447782941,-1.273227609854488,4.822616583572636,-0.5222073605870055,1.4908263057212787,-0.9443965972157162,-1.061651007186093
10.0,74.0,1000.1857299804688,-4.243755153843819,-2.9365288108367933,-1.9531634421752584,0.6956027649404026,-1.282788414486944,4.843598994276153,-0.5161661386352634,1.5023824068010423,-0.9408427472275394,-1.0566622739902112
10.0,74.0,1000.1415405273438,-4.238485463519018,-2.958738150754931,-1.9556958694558984,0.6979168635136919,-1.277966394978387,4.818440837850654,-0.5174369948428588,1.4955965015130914,-0.9473795935324398,-1.0646622203976506
10.0,74.0,1000.146484375,-4.257814689267731,-2.9548515782732423,-1.9529370555493464,0.6947517216872656,-1.2816211425622468,4.8342620494007065,-0.5174548737741844,1.4970043282618395,-0.9506282189058696,-1.0531840787207551
10.0,74.0,1000.16259765625,-4.24805706345022,-2.9499140069149554,-1.9515394961408543,0.6979561564346417,-1.2903026164541895,4.825229321646205,-0.5188455319560692,1.4936245945805204,-0.9494017028348178,-1.0662172514583217
10.0,74.0,1000.1961669921876,-4.233669888408977,-2.948611989711126,-1.974805384791758,0.6827587102399324,-1.2978240048960377,4.830255442235432,-0.5176496695175619,1.476870736203035,-0.9277484608328964,-1.082516159468097
10.0,74.0,1000.10791015625,-4.22859810052158,-2.9501403670836868,-1.9639273054043225,0.6874809926285419,-1.28178441917411,4.823615695782396,-0.521577005641654,1.4881707386472476,-0.9415776621284966,-1.0711184230005943
10.0,74.0,1000.1624755859376,-4.240696525634999,-2.958112180451685,-1.960523194568504,0.6889991060375911,-1.2798440883922373,4.821183349995399,-0.5180526744742924,1.4881228643546676,-0.9432382708260983,-1.065001481271688
10.0,74.0,1000.1732788085938,-4.240435985954463,-2.9502418713658667,-1.962983991343457,0.6859427877270186,-1.2854027633167848,4.8272916121066345,-0.5273676735130648,1.4803832951241531,-0.9408206611511796,-1.06806772137304
10.0,74.0,1000.243408203125,-4.243772751013479,-2.952609258397896,-1.9601744122532865,0.6901327871103522,-1.3060901608192346,4.817699931677446,-0.5210618226410277,1.473770576685224,-0.9396817559293088,-1.0702273475695927
10.0,74.0,1000.1857299804688,-4.249486607047323,-2.929969626713958,-1.9542493120501496,0.685667124555879,-1.2825976664696377,4.846197694067589,-0.521424707898138,1.5005489027066528,-0.9377134494518716,-1.052381933457573
10.0,74.0,1000.1886596679688,-4.237328196619218,-2.9453734466507804,-1.9525823357091363,0.6890043242367323,-1.2762543121504786,4.83509118135966,-0.5167119115964551,1.4939286069728253,-0.9484160372647956,-1.0618490222500734
10.0,75.0,1000.192138671875,-4.244722293629634,-2.952381669380197,-1.963212122405368,0.6817027877480486,-1.2927805932917664,4.819675816314305,-0.5193688423612972,1.4762824701068364,-0.946882979637084,-1.0642315539952962
10.0,75.0,1000.2213745117188,-4.244367747292828,-2.9402980910740606,-1.9581404762256205,0.6851686050137493,-1.2957957989428026,4.837242464036015,-0.5269136330768811,1.4916587513103865,-0.9456069165958194,-1.0579931861817404
10.0,75.0,1000.1405029296876,-4.24095639292956,-2.941616976313601,-1.9574084191067511,0.6845173288305535,-1.299392163292695,4.84169355058013,-0.5237667444944689,1.4919841076275375,-0.9338784605546716,-1.063857162566869
10.0,75.0,1000.1932373046876,-4.231723602166571,-2.967145209406414,-1.966325118537484,0.6930874146250154,-1.2868217501243446,4.809297806090996,-0.5215278859595154,1.481792393520171,-0.945102708828033,-1.0767161910734997
10.0,75.0,1000.1465454101562,-4.247639091378649,-2.955659728018013,-1.960674535440836,0.6975046486883993,-1.2951905807016302,4.8238421509938885,-0.5173390173240335,1.4851855413049648,-0.9435653284393748,-1.0737294345876194
10.0,75.0,1000.2163696289062,-4.248907117315953,-2.9561815415921973,-1.962930549509328,0.688516536119339,-1.285670715906405,4.82765552477311,-0.5170406166995827,1.4941347024594709,-0.9434239042388723,-1.0595831982262114
10.0,75.0,1000.1636962890624,-4.243414563673739,-2.9510401136017617,-1.954199062901196,0.6993425971707001,-1.2624193738884566,4.830773617344548,-0.5169710809457015,1.5055270733795956,-0.9467822287094236,-1.0558039038904572
10.0,75.0,1000.1353759765624,-4.243781340338663,-2.9508237761023577,-1.964615093083872,0.6901509916342485,-1.297921631192195,4.822443329882656,-0.5190401627787118,1.483399476073311,-0.933827233025938,-1.0735982153889747
10.0,75.0,1000.1663818359376,-4.240376552636016,-2.952256720609694,-1.9627950178687448,0.6864359914499643,-1.284897861256841,4.822281905936343,-0.5163659175032178,1.482809746608968,-0.9444711293469849,-1.0682447552419203
10.0,75.0,1000.1682739257812,-4.229045476348998,-2.951930151220844,-1.9626723184372528,0.6975872644829799,-1.2732287006937653,4.820305056229605,-0.5217958790645465,1.489947030692882,-0.9418194298330294,-1.0705551974783871
10.0,75.0,1000.1698608398438,-4.25071288615043,-2.9377459447246634,-1.9473222830836443,0.695674039057181,-1.2763565056364534,4.842038991011783,-0.5250281354677329,1.5077810995471097,-0.9407857135025042,-1.050360275327527
10.0,75.0,1000.2147827148438,-4.233769137011758,-2.9434469286066864,-1.947107793595672,0.6911613311947509,-1.2795506210325351,4.844555163058951,-0.5224800706227866,1.5077820949702216,-0.939704900432222,-1.062472530008181
10.0,75.0,1000.1603393554688,-4.243392701792312,-2.947263028485608,-1.9540516672102488,0.6951388080404328,-1.2776899521206817,4.827487750918744,-0.525166913552547,1.4998535776520372,-0.9470877454276216,-1.054164197082983
10.0,75.0,1000.1837158203124,-4.234425906464432,-2.9526927859703207,-1.9548602491767333,0.6926112788605785,-1.2735862322865517,4.824611475066744,-0.5248382467718455,1.490853491439795,-0.9546204140006244,-1.060885893381236
10.0,75.0,1000.1448364257812,-4.24471524577547,-2.94783864394656,-1.9548231428798089,0.6935932153279589,-1.2829044353000043,4.827953254767751,-0.5191542079512796,1.4963130655013617,-0.944930227130908,-1.0545237554041431
10.0,75.0,1000.17236328125,-4.231893041258972,-2.952140102274117,-1.9612903249047409,0.6991282986057872,-1.2902668405559692,4.821008318936043,-0.5148398735123285,1.483143911568047,-0.932434679096029,-1.0802605911325642
10.0,75.0,1000.2142333984376,-4.241234821175553,-2.941936369745039,-1.9626245983979724,0.6875378646611408,-1.2759466910765005,4.83754473896656,-0.5170055278917278,1.489621672904172,-0.9415762860900276,-1.0603305250803343
10.0,75.0,1000.1365966796876,-4.242809867983507,-2.952859012048134,-1.9669396905705487,0.6953074554863115,-1.2847306883637613,4.823034107461018,-0.5194354986109948,1.483827699935202,-0.9396668299645512,-1.0636153128396932
10.0,75.0,1000.2078247070312,-4.228875995237216,-2.946496374629151,-1.958341737240299,0.6971654842711565,-1.2857504045001829,4.837665846050609,-0.5154682531209911,1.496146970965448,-0.9372372285097016,-1.0704860124198865
10.0,75.0,1000.199462890625,-4.256129168966769,-2.9429320098143235,-1.9613980233590824,0.6870902870883535,-1.2949829596002371,4.831870030846035,-0.5189832338152804,1.4879172623383363,-0.9381576656367878,-1.0548349615730834
10.0,75.0,1000.11572265625,-4.247175320366528,-2.949681849309909,-1.967596770721363,0.6897924324842943,-1.3016082758885266,4.827325648759333,-0.5150984397209655,1.4843207883042586,-0.9335878870648298,-1.0727243479778918
10.0,75.0,1000.1419067382812,-4.242890370409394,-2.9521826894632044,-1.963846822185572,0.6800539763091793,-1.302128302734782,4.8265387452128365,-0.5218209039104984,1.4764027477567314,-0.93187295745592,-1.076485562259024
10.0,75.0,1000.178466796875,-4.236896642130995,-2.964449866926155,-1.96691919260283,0.6829893435807657,-1.3043351591601815,4.807142760216097,-0.5151431653233187,1.468654846483382,-0.9414586624867444,-1.079633053752027
10.0,75.0,1000.11328125,-4.249228493267535,-2.939776386376685,-1.9520959515087,0.6916739510214658,-1.2910331236266952,4.840279355033722,-0.5219465020338623,1.499903720673423,-0.9398251242611462,-1.0606476721872866
10.0,75.0,1000.1409912109376,-4.249631531847207,-2.946820211141353,-1.954348060621972,0.6916953013260452,-1.3038554393314383,4.836156063044898,-0.5165387514513808,1.494992973785358,-0.9381173470817146,-1.0682223259464516
10.0,75.0,1000.1844482421876,-4.248721540008842,-2.9580588151885823,-1.947395399395768,0.7049383802072526,-1.2903013073476544,4.819512627255753,-0.5207487018822263,1.5036018214393625,-0.9467625275152064,-1.0646636756596588
10.0,75.0,1000.1805419921876,-4.234280371596327,-2.946940856341039,-1.9606764575815496,0.6885479371233583,-1.2800720705824649,4.826665038451843,-0.5250621467098657,1.489271323243219,-0.9468554795740216,-1.06139320678128
10.0,75.0,1000.1666259765624,-4.24826026395605,-2.952858381439766,-1.955521754517232,0.6977079391758885,-1.2775444733598589,4.82193650772145,-0.5230115958784127,1.4955748801449733,-0.9534830207339526,-1.054198327729068
10.0,75.0,1000.2119750976562,-4.249458198461925,-2.932582322483546,-1.9453966921963843,0.6974976608310346,-1.285169260334285,4.837270396745497,-0.5198503240394938,1.5052727422895895,-0.9480410258101016,-1.0531619779680763
10.0,75.0,1000.139404296875,-4.2471667070535215,-2.94519785846398,-1.957654443788845,0.6856217400264883,-1.2886316011771823,4.836496237972824,-0.5220376521790735,1.4945053438969165,-0.938370283334616,-1.0599440593714866
10.0,75.0,1000.1978759765624,-4.230637079562281,-2.9554229902303217,-1.9589266479742835,0.6959721674591606,-1.273874273633866,4.820497257598403,-0.5305839447150715,1.4976117593774525,-0.9441049912412672,-1.068770114228843
10.0,75.0,1000.149169921875,-4.239144285458813,-2.9474157117980653,-1.9576796774927163,0.6932468924945292,-1.2882383085221196,4.832902654957882,-0.5219305980524798,1.4887496446627324,-0.9434354097698484,-1.0611013266253675
10.0,75.0,1000.1834716796876,-4.2457618621029685,-2.9534076041535435,-1.9592825601221016,0.6965247604141886,-1.2822937499274345,4.828171357455121,-0.523515806174963,1.5017121709404178,-0.9463687944455836,-1.0560136896289056
10.0,75.0,1000.125732421875,-4.2487151606888425,-2.9445306503991104,-1.95961909376178,0.6952829891898453,-1.2864248004652188,4.835382645888107,-0.5157766852685377,1.494246420243278,-0.9355113334792966,-1.0651166340743767
10.0,75.0,1000.1954956054688,-4.26078340927699,-2.9486788728222098,-1.949019950246784,0.6965383801707192,-1.2795638593698673,4.829337851683217,-0.5160414213893567,1.5004956617822272,-0.945848842368518,-1.0477985795882732
10.0,75.0,1000.1705932617188,-4.234251606376442,-2.955383636742535,-1.9578546031924149,0.6975793874171377,-1.28300945241353,4.8167858777098544,-0.5181994032504509,1.49325606634636,-0.944943423452612,-1.0697425168922416
10.0,75.0,1000.1793823242188,-4.243295890415116,-2.937312050047477,-1.96472973321808,0.680198722587745,-1.296358638767618,4.837758561565277,-0.5200886720879137,1.4863540401307231,-0.9306988137854804,-1.066300376894726
10.0,75.0,1000.1435546875,-4.244361876174214,-2.948465408110665,-1.955605958702528,0.697048601613071,-1.2890502969667113,4.830366575971198,-0.5243186884335262,1.499142582041415,-0.9398420979285228,-1.0666538373056338
10.0,75.0,1000.1488647460938,-4.252801511776573,-2.9522095405318454,-1.96365605530596,0.6894850640860684,-1.3050788224516443,4.832463686351957,-0.520935400343399,1.4835579211642544,-0.931591646721345,-1.074033902120966
10.0,75.0,1000.1763305664062,-4.228844646078652,-2.9617419914759973,-1.9699969175390453,0.686537519177266,-1.3011216140649595,4.810967191215029,-0.5180449242537115,1.467519442655307,-0.9401900611885852,-1.083314742203969
10.0,75.0,1000.1458740234376,-4.254965680932,-2.9407115520224734,-1.9529550976385308,0.6932807071499845,-1.2917383407934038,4.837829343406812,-0.5200510416652842,1.4945417879921037,-0.9440947188650436,-1.0560602901430198
10.0,75.0,1000.1602783203124,-4.236582166470502,-2.9576553280481708,-1.9656184460453616,0.6912906985021996,-1.2841260205901852,4.815207925556056,-0.5268126518642386,1.4786992811547526,-0.9383970129701495,-1.069448040673055
10.0,75.0,1000.177001953125,-4.233267319250847,-2.9544263097128405,-1.962461783277208,0.6986466698382436,-1.2806695887471302,4.823719717678362,-0.5184924161266666,1.483491965314009,-0.9289042554865956,-1.0786427828325214
10.0,75.0,1000.1398315429688,-4.240867930994932,-2.9445312432069453,-1.956732601763833,0.6848566671395222,-1.2917171311069175,4.834065489450921,-0.5208661280620115,1.4797254470971088,-0.9492044986029472,-1.061727693408543
10.0,75.0,1000.1546630859376,-4.23392747268581,-2.9598388011730377,-1.962640651015211,0.6958415670218177,-1.2950829306799925,4.812057964139848,-0.5192742648028084,1.487361975996473,-0.943429862985921,-1.076343104528111
10.0,75.0,1000.185791015625,-4.245532394822724,-2.952702421837033,-1.962398893589261,0.693974019703826,-1.2802680855142814,4.819504149714064,-0.51709580432947,1.490481844781551,-0.940144859412026,-1.0650274772501431
10.0,75.0,1000.1520385742188,-4.241446548102237,-2.9428947873265927,-1.9484966137874693,0.6946052286953943,-1.2685980171202047,4.837470437629184,-0.5205552336992989,1.500204131830288,-0.9480218705984438,-1.0513718795835
10.0,75.0,1000.164306640625,-4.244367908383072,-2.950342685590832,-1.9504375926484907,0.7050110314646796,-1.2630873322386127,4.826695859479104,-0.5214250971788799,1.5057349362547008,-0.9522091937111474,-1.0528080396290909
10.0,75.0,1000.1697998046876,-4.239139322960543,-2.9452104646075994,-1.962820483390236,0.6874092982600368,-1.296574136125892,4.841801274824992,-0.5134627121955573,1.4858886569203058,-0.9283852869952476,-1.0770567711310584
10.0,75.0,1000.2131958007812,-4.235712189576719,-2.9496652191545056,-1.9526937529682,0.6979546490311348,-1.2871106878536538,4.832431080757614,-0.5258043304994011,1.500574030645475,-0.9450635454940616,-1.063853720540596
10.0,76.0,1000.1400756835938,-4.250546305466584,-2.9495466192307425,-1.9641152281233705,0.6919985291015331,-1.297071897545779,4.826567775805247,-0.5127299713024076,1.490210855629944,-0.9366491651576964,-1.0690598242459144
10.0,76.0,1000.1102294921876,-4.240801182346116,-2.950688902714281,-1.9600851793957723,0.6926299866243308,-1.2946050305163177,4.824999552091281,-0.5221800885241565,1.4895019080402028,-0.9417213468311908,-1.068705257701973
10.0,76.0,1000.1192016601562,-4.24585367594943,-2.945927756517876,-1.967943205261552,0.6851917908362797,-1.311077754417807,4.832593465655158,-0.5182932539863003,1.4793104094727996,-0.9208285250913236,-1.0779575433249966
10.0,76.0,1000.1693725585938,-4.245983181406247,-2.950611677438376,-1.963307938151987,0.6798699864387903,-1.2965844014178045,4.824582370973312,-0.5200738388014692,1.4778368748773367,-0.9399656573549128,-1.0671916291636894
10.0,76.0,1000.177734375,-4.233780907548165,-2.9583591694259868,-1.9663108262456963,0.6877109423300087,-1.285819720372663,4.814216801370895,-0.5236147542956964,1.4829071140777037,-0.9435950578904446,-1.069387765398115
10.0,76.0,1000.1336669921876,-4.240655057771113,-2.938263563456215,-1.9631027264279508,0.6830984507004771,-1.2999948019570784,4.841618032716353,-0.5219103401898266,1.4892783646489436,-0.9273859375885792,-1.0725306536840966
10.0,76.0,1000.2008666992188,-4.25131571391679,-2.9300118747487924,-1.955907954525784,0.6798796790226529,-1.297339146732727,4.853145844068646,-0.5226229453806832,1.4903620021448027,-0.9281413398684109,-1.0606588038693563
10.0,76.0,1000.13037109375,-4.246358436905785,-2.9405541504785653,-1.9553841554640965,0.6809406158370308,-1.302050387063037,4.841390936878387,-0.5242559564715235,1.495183139874641,-0.9406980026113364,-1.0624621869900293
10.0,76.0,1000.1141357421876,-4.249416975890613,-2.9445415056465203,-1.96276876515633,0.6868702859814704,-1.3058397918967524,4.837215283430542,-0.5165034071101422,1.487375934540994,-0.932534381349245,-1.070689738250037
10.0,76.0,1000.1770629882812,-4.2438205422292326,-2.944001453445667,-1.9564816250918864,0.6857549496901321,-1.2863145199893649,4.839892466694856,-0.527173911436873,1.4950940142311635,-0.9385214175494454,-1.0611615893785382
10.0,76.0,1000.1302490234376,-4.257863093136963,-2.939098440210992,-1.9595028407775847,0.6871348727140605,-1.2981878877536968,4.844383674464067,-0.5152405008690666,1.4914088079489796,-0.9311896345457428,-1.0633561014131514
10.0,76.0,1000.1468505859376,-4.243277661399376,-2.9564737932181067,-1.9645564836213008,0.6944018336276381,-1.283340017465333,4.828023541244214,-0.5131233504389243,1.4871302531853026,-0.9396823451516454,-1.068396022011196
10.0,76.0,1000.14404296875,-4.242717138789111,-2.951095044982216,-1.9573447029468864,0.6943608180778131,-1.2974881307219204,4.829351005236303,-0.5144803253543122,1.488096048690983,-0.9442167470863536,-1.0700909653195343
10.0,76.0,1000.1213989257812,-4.247552608712177,-2.945473472598086,-1.9610793623378937,0.6933748714682961,-1.2965511810818424,4.8363006696530295,-0.5195630446333404,1.4938409733266251,-0.9341008700547332,-1.0679977131910263
10.0,76.0,1000.1351928710938,-4.237508843061099,-2.950593698313525,-1.9629668929655564,0.6852351551343894,-1.2986759173422169,4.82524749150846,-0.5199764672636658,1.4832433186322636,-0.9383210061090396,-1.0732240922776173
10.0,76.0,1000.114990234375,-4.242214700068637,-2.949703852325016,-1.9711794025439344,0.68412819407936,-1.307628737707589,4.83065417472411,-0.5131573923188357,1.4681190015082644,-0.9280046830473704,-1.0806359071881526
10.0,76.0,1000.1390991210938,-4.238505821209411,-2.949363394741378,-1.95916488632532,0.6869625433076756,-1.2919380899405517,4.828801664691312,-0.5188715697574073,1.4802450955479085,-0.9429693207579488,-1.0711413476958551
10.0,76.0,1000.1570434570312,-4.232632240191887,-2.952803054092944,-1.965705731048689,0.6820308186679567,-1.3022334553827082,4.829390638391741,-0.5199553542951767,1.4775814245910055,-0.9367411401619536,-1.07665787566577
10.0,76.0,1000.1635131835938,-4.2380548792079455,-2.959552381111925,-1.96386222566438,0.6926635090357358,-1.2809540258306402,4.820816215391419,-0.5198821388994181,1.488439521495744,-0.9368733204869636,-1.0672514421410555
10.0,76.0,1000.1124267578124,-4.245552992654497,-2.943089673395872,-1.96530055456354,0.6871954685859549,-1.3178150638893693,4.83396971029266,-0.5146369721693915,1.4822463213372936,-0.9246660447734644,-1.0789765554122883
10.0,76.0,1000.1502075195312,-4.245058760072123,-2.9511055566007127,-1.963148621630776,0.6872997015236102,-1.2961974800820195,4.830278197260753,-0.5252480356000264,1.4814956655026466,-0.9356918859970608,-1.0684926635526164
10.0,76.0,1000.1702270507812,-4.24308706696034,-2.950929929415016,-1.9601121837194009,0.6882970200312366,-1.294934725321189,4.8245458519880415,-0.5173973042900739,1.4820480294223328,-0.9438861952735768,-1.066346073909898
10.0,76.0,1000.1337280273438,-4.240708258354623,-2.9536546728577613,-1.9630889415010209,0.6918392691961035,-1.2998456280866917,4.817610046670311,-0.5170142391316421,1.4806357044334026,-0.934926039143944,-1.075445541905233
10.0,76.0,1000.0773315429688,-4.245217966121056,-2.953426743455484,-1.9598817714920749,0.6924589465910138,-1.2962866049728108,4.825611889149306,-0.5204243712445935,1.488234101754542,-0.938149098377214,-1.0690656901217874
10.0,76.0,1000.112060546875,-4.251135647562119,-2.947518606168409,-1.96223787034558,0.6889871546266244,-1.304684213971163,4.83318085787235,-0.5178719796787776,1.485836200036566,-0.9314735695481496,-1.0726005507386538
10.0,76.0,1000.1781005859376,-4.238932651453602,-2.954352344657509,-1.958414544277582,0.6974619877769594,-1.2851919596621415,4.823335742074072,-0.5178967147287663,1.49337058167934,-0.9452847854473836,-1.0677506362777347
10.0,76.0,1000.0955810546876,-4.2516886723518725,-2.938936742966854,-1.9514807022595693,0.6945668080614764,-1.2887280655811209,4.842260448539923,-0.5205720648503638,1.5028378485459069,-0.9444243248957012,-1.052305986536938
10.0,76.0,1000.1573486328124,-4.242968301723838,-2.9401464708547027,-1.954571847441657,0.6782277722804384,-1.2924880188625272,4.84280545516355,-0.528213439424797,1.4916157448558467,-0.9430844667112268,-1.055786888189107
10.0,76.0,1000.1514892578124,-4.244364395871122,-2.9485239771795086,-1.9564933744503108,0.6977971923987578,-1.2893991055670808,4.824484395534268,-0.5185764202006222,1.4973663781542177,-0.9399072889532888,-1.0658119212832795
10.0,76.0,1000.1212768554688,-4.243747017860353,-2.9441769110511813,-1.965016172951996,0.6835409895208393,-1.3068555503136552,4.83951595131157,-0.5192599056239242,1.4823575075381683,-0.9234279393910176,-1.0810603044261953
10.0,76.0,1000.1320190429688,-4.247541205499015,-2.942465516539834,-1.9579916396427133,0.688533629180049,-1.2941674975016113,4.836647905298385,-0.5178604852785877,1.4848886924983615,-0.9359014837674016,-1.0662377421813036
10.0,76.0,1000.14501953125,-4.244954621502206,-2.946581517123292,-1.9520504741115352,0.6979175137893758,-1.2930912090731557,4.835439896113769,-0.5184938415394358,1.4957650858619065,-0.9407748303554796,-1.0614312368081895
10.0,76.0,1000.1121826171876,-4.241932563557277,-2.9505348497311665,-1.958388888477283,0.6888938941320752,-1.2948190731156526,4.829811786530872,-0.5177871283292763,1.4832138073411445,-0.9404399384256408,-1.0689777401711078
10.0,76.0,1000.1553344726562,-4.241559736626022,-2.9479849798804,-1.953235947228536,0.6895067417897636,-1.2853843652705643,4.827484300151342,-0.5234918603247447,1.4921338026268582,-0.943660102577013,-1.063821564071712
10.0,76.0,1000.1743774414062,-4.250064261320786,-2.9518630672368023,-1.959993631537164,0.6888251571020945,-1.2905590264651474,4.82935952984198,-0.5247944137931224,1.4900600730776343,-0.9444309981587332,-1.0653145653823808
10.0,76.0,1000.149658203125,-4.235083363882404,-2.946887382323397,-1.9589838824874208,0.6896080525113879,-1.2832545802863664,4.827693940030471,-0.5276174887854399,1.4902593526981534,-0.9464576553777712,-1.0613572938612363
10.0,76.0,1000.1172485351562,-4.246494063326423,-2.9428810318756344,-1.9519720501696989,0.6909176539096809,-1.2898507957634973,4.836329071129949,-0.5210523796239661,1.4992084959611909,-0.9447534904780036,-1.0595825428464782
10.0,76.0,1000.1781005859376,-4.254458844572906,-2.9389658860776784,-1.9642036461911467,0.67948312448459,-1.3123096757358548,4.846243542177202,-0.5166796893149925,1.491136898767503,-0.9292697060709898,-1.075183552461858
10.0,76.0,1000.1668090820312,-4.244076589121453,-2.944144189559173,-1.964748861787836,0.6794629681124089,-1.307163915402139,4.832045858930945,-0.5201398814451492,1.4789643720286074,-0.9249578723039829,-1.081701204044795
10.0,76.0,1000.2064208984376,-4.251183782780015,-2.9385165086079708,-1.9585623016075693,0.6868058430127011,-1.289621942705907,4.838771196801385,-0.5201581833280562,1.4935106648691736,-0.9314488783066786,-1.0642515038412634
10.0,76.0,1000.1929321289062,-4.253738598713178,-2.9455325430961072,-1.951944037684856,0.6956430587001083,-1.289067066461418,4.829523113786754,-0.5259188585668664,1.499436349950907,-0.9433362843803934,-1.054181659587556
10.0,76.0,1000.1417846679688,-4.243384959702215,-2.943020327116635,-1.9630251671867829,0.6905970578990006,-1.293367567052861,4.835689975342209,-0.5186454077817562,1.4921077533906946,-0.9371212531708472,-1.062385465056617
10.0,76.0,1000.1273193359376,-4.246508658561822,-2.9458726117025864,-1.9616913806329683,0.693979516124922,-1.300587104356354,4.83245534412168,-0.5153192370801243,1.482882852782467,-0.9308431898303926,-1.0736890400457462
10.0,76.0,1000.207275390625,-4.258607179297614,-2.936003390461904,-1.95694005006378,0.685800550296606,-1.3097931338779931,4.837196494977796,-0.519047704083043,1.4918003302630396,-0.9339580537371184,-1.062118959479415
10.0,76.0,1000.1876831054688,-4.2420315501049055,-2.936807490332537,-1.9607603023896123,0.6860713064186204,-1.295469157017319,4.840285406793095,-0.5164748662649128,1.4935087202075126,-0.9347101510437276,-1.071304668342874
10.0,76.0,1000.1083984375,-4.246696601501774,-2.9413124430511712,-1.958984513367648,0.683596650691424,-1.3067513169741711,4.840198343144239,-0.5174189573836312,1.487523479330596,-0.9305252180386444,-1.0695885601577375
10.0,76.0,1000.1851806640624,-4.244529010423376,-2.938586475093955,-1.950939846223493,0.6986975504302855,-1.287656576720349,4.846356798612899,-0.5246207420064337,1.5000475253548269,-0.938724996479511,-1.0584079582818378
10.0,76.0,1000.1539916992188,-4.235307522558446,-2.9556429395644264,-1.9595938311674013,0.6978995869957751,-1.2979427441879825,4.82145418687201,-0.5195867625008157,1.4885733068429676,-0.9405693853824602,-1.0749905999005769
10.0,76.0,1000.1554565429688,-4.239336105560115,-2.9463185015416617,-1.9602734983019152,0.681146188942523,-1.3005000446432833,4.837140819568832,-0.5203972028331476,1.4918453059076633,-0.9368032833868654,-1.071400882108568
10.0,76.0,1000.1151733398438,-4.249453139837248,-2.9419425536758763,-1.9493052673395697,0.6926236470715565,-1.2861681786607115,4.839612838117107,-0.516468828598839,1.502784016853571,-0.9437977497323882,-1.0553413477092883
10.0,77.0,1000.1369018554688,-4.244853276796074,-2.962425745449776,-1.9787153973048048,0.6886410656059994,-1.313653058426322,4.815381008906535,-0.5093181781559339,1.4667084456427515,-0.9174461022484008,-1.0948306884162653
10.0,77.0,1000.0975341796876,-4.245884068795675,-2.952382847796881,-1.96712931331412,0.6879898638207571,-1.3019565706007348,4.825674438545299,-0.5135304688643441,1.482643057635733,-0.9296566928023412,-1.0776526623329556
10.0,77.0,1000.2181396484376,-4.260680584932213,-2.947753478129928,-1.9594309734061144,0.684661516360987,-1.3078993978712457,4.84408798087124,-0.5138663350191557,1.4853269763679409,-0.9232158545837494,-1.0684473092526652
10.0,77.0,1000.1240844726562,-4.23935065571094,-2.9466728872797314,-1.9596728984144427,0.6886172265481294,-1.2934456760730195,4.830316084054621,-0.5173734539968766,1.4847295088479395,-0.9385486510023756,-1.0688908419431882
10.0,77.0,1000.1723022460938,-4.241732669300035,-2.943302025850156,-1.9607713027106577,0.6925993036618427,-1.2964713682755091,4.838298795574259,-0.5130722283174407,1.4850955281566316,-0.9342036359327572,-1.0709455001654704
10.0,77.0,1000.156494140625,-4.249384862013326,-2.941173398056636,-1.9552586915061856,0.6859655012735271,-1.2973367488701109,4.841262253913158,-0.5219053384986951,1.4982719000433988,-0.937571848207809,-1.05780405739105
10.0,77.0,1000.1471557617188,-4.248389620499037,-2.948406207974275,-1.9572619302851288,0.699374742920762,-1.2902436398957755,4.835706376844653,-0.5208832097080665,1.4955532335973327,-0.943230017710908,-1.0587418357384304
10.0,77.0,1000.1713256835938,-4.243053716074312,-2.93408836476395,-1.9609333746979256,0.6801826345399675,-1.310695276643869,4.842011316300908,-0.5172510942667694,1.491630624114045,-0.9268471896755424,-1.0707902815227328
10.0,77.0,1000.1137084960938,-4.247383921503133,-2.935312125600245,-1.967368465787856,0.6842667757392027,-1.3101835627841305,4.84699579837549,-0.5156057202611786,1.4836960271790218,-0.9210332048811836,-1.0743282407510706
10.0,77.0,1000.213134765625,-4.249592321684018,-2.9610781336781424,-1.9789559044893463,0.682676529570843,-1.3170538017408786,4.8180353727346485,-0.5218212016191739,1.4672839161777045,-0.9222167174023904,-1.0869960645517818
10.0,77.0,1000.1417236328124,-4.228079137338069,-2.973708502382405,-1.9746943034827649,0.689929628801206,-1.2880952983268266,4.799797970631792,-0.5204527172840976,1.4680010796049885,-0.9429126059597008,-1.0845896511709197
10.0,77.0,1000.1708374023438,-4.257318358762568,-2.943837914328149,-1.9471730901467548,0.6887465022811838,-1.3082041980763357,4.840759669819088,-0.517428033087679,1.491014616358223,-0.9370149748890162,-1.0633249788087848
10.0,77.0,1000.187744140625,-4.24018955188313,-2.944813726158582,-1.953047769570292,0.6958796697445031,-1.299332600796998,4.833923995805282,-0.5203653094246876,1.4896735795968077,-0.9399474648593352,-1.0650941646245728
10.0,77.0,1000.1383666992188,-4.253053764507435,-2.948762690342458,-1.940998179182503,0.7030669602140618,-1.2702519728958483,4.8332029490103,-0.5260177937073225,1.5127766904634663,-0.9589785031124248,-1.043115911887333
10.0,77.0,1000.1873779296876,-4.245113349480854,-2.9493442133852263,-1.9618704311339688,0.6891389065614648,-1.3168906135994107,4.825457314315164,-0.5143502492716525,1.476121024911894,-0.9354833121702332,-1.0782361389141566
10.0,77.0,1000.1395263671876,-4.248339681830603,-2.9529338448859104,-1.9612480781931525,0.6888131785191725,-1.2930107194003888,4.825798458488212,-0.5246044937526584,1.482424969401098,-0.9418251033398723,-1.066853237851602
10.0,77.0,1000.15380859375,-4.242630628592809,-2.9407617311086702,-1.9519367921846584,0.6945962893303195,-1.2859770015901688,4.837764722432379,-0.5176635228797419,1.497121385977465,-0.944208636696068,-1.0614565498702468
10.0,77.0,1000.104736328125,-4.240329836778529,-2.951493113858996,-1.964862442527702,0.6904277941103114,-1.3035182569021382,4.827836306198874,-0.514457655248381,1.48190275666272,-0.933192963504152,-1.0770260733314068
10.0,77.0,1000.106201171875,-4.246158496961751,-2.948017547729638,-1.9566924281770408,0.697427769490333,-1.287048293223458,4.832203569985573,-0.5207253752915966,1.492892057174192,-0.9398035768797603,-1.06252114444266
10.0,77.0,1000.129150390625,-4.247442356298,-2.944414771311284,-1.9581149222449863,0.687092084916654,-1.2998533358261255,4.837704076086641,-0.5164338219556965,1.4867605680304576,-0.930898346487714,-1.070404417107354
10.0,77.0,1000.1328735351562,-4.244467853328513,-2.9406860578654057,-1.951583062541823,0.6884235402440861,-1.2957117448586255,4.842400729345895,-0.5254833347935808,1.497440494483623,-0.940632234077862,-1.0620724150224818
10.0,77.0,1000.1400146484376,-4.26025853218124,-2.934217950677417,-1.9536566861643747,0.6905935809058565,-1.3016847025258818,4.847459082038341,-0.5153651788826474,1.4954302059820792,-0.9343306633995176,-1.058657987145326
10.0,77.0,1000.1480712890624,-4.242220273101849,-2.940977195058592,-1.9561818802301696,0.6830382348860331,-1.3009712441443595,4.838629324999717,-0.5220205926345418,1.4859614853390992,-0.9412848559300128,-1.0666961093780865
10.0,77.0,1000.1082763671876,-4.247241547672538,-2.9366768763198525,-1.9552537132069832,0.6883865805645462,-1.3040230448587282,4.844087384249654,-0.5185746668800011,1.4969120745536273,-0.9301619757187288,-1.0677228641151832
10.0,77.0,1000.1236572265624,-4.240171221052345,-2.9480124856998864,-1.9590799955217493,0.6933787370375413,-1.3034632716213743,4.828152360957244,-0.5187750101057267,1.4860223981869105,-0.9332556361147056,-1.0738913685821585
10.0,77.0,1000.140625,-4.258936215830645,-2.942102306625836,-1.9572493544078904,0.6894130239775524,-1.3051458183696751,4.839224527947796,-0.5168745546833904,1.4925643523242558,-0.9350666080354556,-1.0639928083970336
10.0,77.0,1000.1522827148438,-4.257866222821873,-2.93303490643954,-1.95125129512864,0.6924096761419696,-1.30004950760183,4.854302322544232,-0.5116825609483122,1.500975608175276,-0.9276464588439516,-1.0598082793862442
10.0,77.0,1000.115478515625,-4.245657982390276,-2.948490890010104,-1.960312235432926,0.6900185480071572,-1.2978375062045957,4.828941153666284,-0.5231919141873895,1.4897406862682017,-0.937554314879006,-1.0691958680358056
10.0,77.0,1000.2098999023438,-4.242808356045919,-2.954498542010608,-1.955393386945024,0.7001928121301573,-1.300693788766349,4.822148576855499,-0.5114037911452582,1.4880783575880194,-0.940770297614975,-1.073959382284689
10.0,77.0,1000.095947265625,-4.250167503307794,-2.945598248767309,-1.9628252488195512,0.6851852059465591,-1.2993417321999,4.836660074741239,-0.5177013776576374,1.4881689037942971,-0.9352469880387037,-1.069260530922841
10.0,77.0,1000.1280517578124,-4.240840125564367,-2.94874038736738,-1.9644614720848208,0.6857920667024775,-1.2864241124621056,4.8310128138666535,-0.5176111277920761,1.4836844992503142,-0.9357391499235987,-1.0664532205805246
10.0,77.0,1000.1485595703124,-4.255669684855668,-2.953933853602684,-1.9576828568213105,0.6939203040938589,-1.3016078560646314,4.831120840149211,-0.5128535628378526,1.490846530585558,-0.9367104406997148,-1.069668898700059
10.0,77.0,1000.1632080078124,-4.237161674939576,-2.9507388107140424,-1.96754905437818,0.6892150273780366,-1.3246188580883933,4.829239815495473,-0.5210219615356664,1.477816051264437,-0.9223011061740288,-1.0936639924949167
10.0,77.0,1000.1931762695312,-4.247529989921307,-2.9496109416172027,-1.9506132980919133,0.6928596223639509,-1.293377866878311,4.831063771464056,-0.5181977489965535,1.495351910280588,-0.953865025326003,-1.0556924350898274
10.0,77.0,1000.1874389648438,-4.241809280387517,-2.9485414702732693,-1.959418433680988,0.6878214517193468,-1.2903393894252575,4.827474279467541,-0.5212629467990384,1.4865670131553212,-0.9444270200222524,-1.068325333183171
10.0,77.0,1000.1597900390624,-4.240014101364167,-2.9417294071651283,-1.957721007701124,0.6860611352659882,-1.2957350319135903,4.834145383846874,-0.5173924288750431,1.488605770326615,-0.934959031144559,-1.0658138905050318
10.0,77.0,1000.1707153320312,-4.237857019054341,-2.9436580823992484,-1.9546956951189127,0.6832502985713793,-1.298714970185046,4.834389678815009,-0.5203202522071759,1.48945546994491,-0.9358287131189238,-1.0713363666137343
10.0,77.0,1000.1410522460938,-4.243830772961414,-2.9377425179291103,-1.9548492996105848,0.695587891943461,-1.297105639879689,4.837965524120138,-0.5193633160431244,1.4921401428621062,-0.9380574632567368,-1.0646800638835634
10.0,77.0,1000.1276245117188,-4.240259640545265,-2.9493609147324813,-1.9642384405671032,0.6857578375480324,-1.299438039691352,4.832811989240994,-0.5219714280421375,1.4810192199050043,-0.9308741070628016,-1.0735134869490914
10.0,77.0,1000.1572875976562,-4.2441595636193865,-2.945395493580566,-1.9655417578885173,0.6818619745088945,-1.3030624055333488,4.831957175458493,-0.5196082745321737,1.4749422510470105,-0.9396623840406556,-1.0698109494396777
10.0,77.0,1000.1737670898438,-4.251548297155349,-2.939781259265119,-1.9609445142018869,0.6886645828023665,-1.3086022563490958,4.836569434546725,-0.524205012193919,1.4884408691465714,-0.9354128075905804,-1.067638829324757
10.0,77.0,1000.19921875,-4.242816186957382,-2.9396783454864868,-1.969782325118576,0.6807378090200755,-1.312151783017224,4.836569448594094,-0.5167514134902405,1.4803919568173285,-0.9218271834697224,-1.075858944132762
10.0,77.0,1000.1646728515624,-4.242702338524477,-2.9513477113243893,-1.9681899129392024,0.6790743868127151,-1.2918311307546233,4.8288654568197416,-0.527114495168246,1.474598316697362,-0.9383063572916264,-1.0683099228615784
10.0,77.0,1000.125244140625,-4.244204508119866,-2.948427533017185,-1.95212176007006,0.6893404829483343,-1.2944995329739897,4.832179302767726,-0.5215927168461807,1.4952945479785642,-0.9433125942985452,-1.066335374025888
10.0,77.0,1000.1521606445312,-4.248500683183856,-2.9563898841911613,-1.9603557796273168,0.6924951851544936,-1.3010746837416738,4.82555905651914,-0.5231674247906799,1.4804909416332943,-0.9417074322490536,-1.0667216254759393
10.0,77.0,1000.2037353515624,-4.252459893950124,-2.943394285225589,-1.9595388237922324,0.6879153544566607,-1.293789042439117,4.838569367635039,-0.5153874147503927,1.4898297083303564,-0.9441961399471968,-1.0565627612613704
10.0,77.0,1000.1912841796876,-4.255182414196879,-2.952925443861011,-1.960164146897415,0.7003206792848582,-1.316257600129174,4.824482301698676,-0.5143123507569412,1.4877676093092005,-0.9298039702408244,-1.0791363591117111
10.0,77.0,1000.1312866210938,-4.254707150513013,-2.9439399241790114,-1.9631272356732192,0.6870434657752362,-1.3059712095598206,4.835705211764056,-0.5126825163392876,1.486293356382503,-0.9332300263940772,-1.0719654073862066
10.0,77.0,1000.1643676757812,-4.249843486651819,-2.9487209445231164,-1.9504781118549497,0.6945990421018324,-1.2890056078085594,4.838785153708736,-0.5153429183774705,1.4979231364904937,-0.9376070272801852,-1.0610637912205756
10.0,77.0,1000.1117553710938,-4.242153868445592,-2.942387640702893,-1.9629405009003924,0.6865188216569296,-1.3073529668040291,4.83822136251103,-0.5212973112645454,1.4814082693990338,-0.9278724544385692,-1.0726977805764797
10.0,78.0,1000.165771484375,-4.236881428975981,-2.950386308669485,-1.9600030300519524,0.6898778620531729,-1.2828672149739333,4.823002904399752,-0.5266374217498155,1.492647984648093,-0.9452038402385616,-1.064451531611732
10.0,78.0,1000.1884765625,-4.231411452523076,-2.944540888416481,-1.961076643925004,0.6864617600677398,-1.28866401566024,4.828313816454891,-0.5320552565484862,1.490634695845559,-0.938923448082302,-1.0682564301463686
10.0,78.0,1000.1727294921876,-4.246945481645288,-2.9318373855848288,-1.9473510838890944,0.6949183957463623,-1.293731514851005,4.852214007239297,-0.517267277086563,1.5117445118126227,-0.9337386252248095,-1.0590546185489689
10.0,78.0,1000.1397094726562,-4.243508576540816,-2.9513196288854515,-1.965702455416476,0.6896756475906338,-1.3055662479437506,4.827033564171318,-0.5203029573618032,1.4817429962447592,-0.9319206176468198,-1.0720318284180623
10.0,78.0,1000.1304931640624,-4.244903760630235,-2.938955426716413,-1.9617273751397613,0.6762585764662896,-1.30992781682199,4.845474000825281,-0.519082378663434,1.4819633529401006,-0.9313678906850305,-1.0719344349060678
10.0,78.0,1000.1224975585938,-4.247744077714625,-2.953139677990284,-1.9677796916747403,0.6837975278374309,-1.3069874630720697,4.8247036283277005,-0.5179412603104936,1.4759717219923827,-0.931712791696146,-1.0803056706388665
10.0,78.0,1000.1461181640624,-4.247090029393309,-2.948788785155616,-1.954487299611943,0.7024082533670519,-1.2882196889630309,4.828922109276711,-0.517174672139256,1.4939186047698207,-0.9403500093345318,-1.06327569528738
10.0,78.0,1000.1765747070312,-4.244459360116146,-2.9391726000818763,-1.958088553682178,0.6762206274663605,-1.2986709278981587,4.842415316307584,-0.5210580309542472,1.4912773528370495,-0.9355049789303812,-1.067054210025575
10.0,78.0,1000.158203125,-4.236046115672138,-2.954991374285277,-1.9687398271027088,0.6825011226716926,-1.3040549699074018,4.816989611993867,-0.5188268131603397,1.4775270442966768,-0.9274964181814368,-1.0851910373625708
10.0,78.0,1000.13525390625,-4.245729070380476,-2.9540367114728867,-1.961099471836612,0.6856918893534196,-1.3029881539046713,4.828942428294898,-0.5154792533412289,1.4819631813213068,-0.9330490985345944,-1.0735585217267558
10.0,78.0,1000.16796875,-4.248525016773236,-2.946861908066736,-1.9620549744926907,0.6900018455583385,-1.3071446190131155,4.833526719977499,-0.5120141818032229,1.486509556173818,-0.9291543710565088,-1.078193923298996
10.0,78.0,1000.1319580078124,-4.248989833839815,-2.9418853978901702,-1.96447022889347,0.6883645460865147,-1.315548969781557,4.836322941375894,-0.5224299336853786,1.4905496136664134,-0.9256827013579408,-1.075643122308794
10.0,78.0,1000.16796875,-4.255691703826114,-2.9394717835056268,-1.953055475981916,0.6912325367589194,-1.2957580541737146,4.8445448557109145,-0.516301867105323,1.500819855325747,-0.933101050062155,-1.0603883602679849
10.0,78.0,1000.1713256835938,-4.241033816983381,-2.95193782903524,-1.963524602718313,0.6827200317631554,-1.2963496624500008,4.822938746302466,-0.5261328837675769,1.485944305408098,-0.9399669139241168,-1.0712358146220071
10.0,78.0,1000.1427001953124,-4.24735581030833,-2.9530091373724794,-1.960358642675319,0.7037109327664925,-1.2840822992723648,4.82512167329639,-0.5167651586737669,1.4919891406662034,-0.940862171152962,-1.0639924981447462
10.0,78.0,1000.14697265625,-4.250375921000033,-2.9413553035010604,-1.9549638923585773,0.6884426947695523,-1.30380498260039,4.84410225293664,-0.5178151112557448,1.4872314576274557,-0.9297740504757988,-1.0677233314072136
10.0,78.0,1000.1818237304688,-4.236185646986184,-2.956840758466562,-1.9622650232935688,0.6914872616532168,-1.3106890397311282,4.817726629197308,-0.5181287255929865,1.4823703118620868,-0.9343440178262892,-1.08213393995563
10.0,78.0,1000.10791015625,-4.2438681317094735,-2.9398694520273767,-1.952441518988888,0.6905445846997136,-1.2827120138973425,4.838588764361738,-0.5230598894839611,1.497829299153164,-0.93775121006996,-1.058527094953137
10.0,78.0,1000.1768798828124,-4.2439250516283815,-2.9445010584275124,-1.962111350839359,0.6925399841931341,-1.2942972360277731,4.834731152635337,-0.5228940531765156,1.4854103543814308,-0.939275333245588,-1.0664979188385495
10.0,78.0,1000.1198120117188,-4.242272886798315,-2.9507555241194625,-1.956041874542284,0.6981061910768007,-1.2910419730290927,4.826615900099146,-0.5235116338830021,1.4921457821921162,-0.9411503103986902,-1.065185418671268
10.0,78.0,1000.1043701171876,-4.239784169725788,-2.9456361333331604,-1.9636371285475152,0.6876667293906067,-1.3032834316339366,4.831213258833092,-0.51568143798462,1.482398016447605,-0.9301712595478692,-1.0755757964843389
10.0,78.0,1000.0886840820312,-4.256201464176214,-2.9441000806278947,-1.9590486679180392,0.6870012226059767,-1.3111924123277592,4.838259056477504,-0.5173213724294721,1.4874640568397428,-0.9338094813439,-1.0675195988232895
10.0,78.0,1000.166259765625,-4.246332943299025,-2.948637089810532,-1.958705259189757,0.6915947504128352,-1.2916345229381547,4.828232869772375,-0.5258618692360368,1.4946260173044914,-0.9418744464531584,-1.0601490135440668
10.0,78.0,1000.1353149414062,-4.245695481080626,-2.946472836630045,-1.963689020463084,0.6858328485546661,-1.3023829655269958,4.831817999137806,-0.5152390621213856,1.4856855493443175,-0.930163912612687,-1.0707992387782013
10.0,78.0,1000.1687622070312,-4.239222345967806,-2.943796302669413,-1.9625819392257304,0.6805457705970577,-1.3070093642685308,4.830061831414804,-0.5279212561998436,1.47999711672636,-0.9290574114707102,-1.0759280966851
10.0,78.0,1000.1248779296876,-4.243075682620404,-2.946298766890047,-1.9644698747160163,0.6864230675978531,-1.3064370707994604,4.833507379619398,-0.521869862933376,1.482055907562683,-0.92675907411566,-1.0767455855563597
10.0,78.0,1000.1246948242188,-4.244773196776118,-2.9581781225293726,-1.9646864896943264,0.6912387133315336,-1.2931447987087743,4.820006517800358,-0.5206916049816437,1.4863875581526909,-0.934556515484272,-1.0760669281024486
10.0,78.0,1000.1030883789062,-4.255371266811668,-2.939644411676736,-1.956261520390981,0.6891366123831517,-1.3143229318396903,4.841972084634115,-0.5161286969702239,1.4892736570456764,-0.9332147901436104,-1.0697516929014528
10.0,78.0,1000.1419677734376,-4.248298470131283,-2.949498956359509,-1.962669454924132,0.6962315110877535,-1.3089989072928394,4.831604207206327,-0.5172951347163206,1.479761120458145,-0.9274053855067148,-1.0748965968073048
10.0,78.0,1000.1544189453124,-4.243372954782741,-2.938732501337107,-1.956278768482239,0.6944710110093997,-1.2899849347800103,4.839252792789072,-0.5187368164363493,1.4936067163824711,-0.9378024450037818,-1.0626589418166883
10.0,78.0,1000.1461791992188,-4.238209515063062,-2.947417634143829,-1.9595309918711847,0.6829515728503743,-1.2947229802711164,4.835125236591328,-0.5210599836182963,1.4813869966759778,-0.9406352352656916,-1.0697493878621356
10.0,78.0,1000.1709594726562,-4.256112016077164,-2.943138929822952,-1.9524865222921384,0.6921280929575326,-1.3034543006427466,4.837604245599902,-0.5170437258875005,1.5001972174025058,-0.9360577953049932,-1.0632410164729302
10.0,78.0,1000.1670532226562,-4.240657289296967,-2.9592019310366706,-1.9638245841666289,0.6978878245915627,-1.3004272110980737,4.815766316297093,-0.5148083638420795,1.482373161326603,-0.941389523679362,-1.0748761953175956
10.0,78.0,1000.1327514648438,-4.239551489698233,-2.947998624322815,-1.9679983312474087,0.6813532917013712,-1.2988730845595886,4.83078823118268,-0.5184511015208582,1.4845031371686446,-0.9267280165857564,-1.074981790372421
10.0,78.0,1000.1305541992188,-4.250621341057769,-2.956160152546066,-1.95728006196149,0.6900716719180231,-1.2944124752887043,4.822563281522893,-0.5233387095149462,1.4869841758391915,-0.9479182832696846,-1.0644076490317933
10.0,78.0,1000.1688232421876,-4.249635390483667,-2.951310582298663,-1.9602863051830368,0.6961739427889322,-1.292759621806796,4.832510935571264,-0.512944657915428,1.4873448138004075,-0.9398516050717758,-1.0661155367649018
10.0,78.0,1000.180908203125,-4.243739100909732,-2.951771680837425,-1.9672712296936383,0.688525231922914,-1.3054078797994144,4.828031974057407,-0.5156875671717707,1.4796119972015456,-0.9233736569370086,-1.0777901648721269
10.0,78.0,1000.149658203125,-4.248932970602494,-2.949078845491369,-1.966214087780433,0.6802764585405114,-1.3160565136413305,4.836333881742082,-0.5127267135036,1.477676258519689,-0.9262629314451312,-1.0798055247768428
10.0,78.0,1000.1253051757812,-4.24746701655879,-2.956396380982032,-1.9672199179977847,0.6858656399276075,-1.3103080460473795,4.825336550982064,-0.5169587553400437,1.4790483999488917,-0.927152797895177,-1.0840264820140808
10.0,78.0,1000.1384887695312,-4.247929743911078,-2.9504778034774195,-1.962049356057558,0.6951641933787824,-1.303137569951068,4.829925465529234,-0.5166172505794879,1.4811811376938246,-0.9290211161620734,-1.0751311367828151
10.0,78.0,1000.1122436523438,-4.246380512647998,-2.9524536818730693,-1.9607173304368648,0.6873252520897966,-1.2943846007973463,4.82952862006297,-0.5232870206319911,1.487642808070678,-0.9379128462237468,-1.0686699058823086
10.0,78.0,1000.1123657226562,-4.241201407391611,-2.950355469225544,-1.9622080528172976,0.6837279303513899,-1.2961433289498956,4.829445035986367,-0.5185610105125846,1.4783889587150458,-0.936690387825994,-1.0731882601165923
10.0,78.0,1000.1503295898438,-4.2442046730960845,-2.9408726368734515,-1.9615536202958044,0.6940109208950398,-1.2845062275562458,4.839413633579596,-0.5150261363363482,1.489205955316554,-0.9304847865365335,-1.0637575525862537
10.0,78.0,1000.107177734375,-4.239898276858942,-2.946042701575383,-1.965862301140625,0.6836278918524199,-1.298250116911372,4.838222652385474,-0.5182677530675388,1.4840354873095043,-0.9280857932680036,-1.0735438584835402
10.0,78.0,1000.115478515625,-4.247432442461703,-2.951933666143804,-1.963622201346656,0.6909786704835064,-1.2986997970697385,4.825697922402771,-0.5123445224040788,1.4793672533943312,-0.930942921442445,-1.0739305265523835
10.0,78.0,1000.1844482421876,-4.244893077950232,-2.9406188672996154,-1.95592408656518,0.6960759116891211,-1.2795551574225383,4.835397800475095,-0.5188721185306475,1.496932116879207,-0.9418467312116876,-1.0557697447853265
10.0,78.0,1000.1588745117188,-4.243252840387455,-2.9579574752330933,-1.96487192412676,0.6972297820928732,-1.3006187577232078,4.814119601610623,-0.5170910702643665,1.4835549846189453,-0.9329666654059796,-1.0779789574022254
10.0,78.0,1000.1094970703124,-4.245178718500078,-2.950191852705079,-1.956252751546505,0.6913948928685958,-1.2890225627535363,4.828514505722652,-0.5220707589433209,1.4908211636813382,-0.9400575380133204,-1.068196584360189
10.0,78.0,1000.1566772460938,-4.241100689579446,-2.9538760072227896,-1.961983824393976,0.6911188164948161,-1.288495596409145,4.824242248957038,-0.5159587460968043,1.4860041318502812,-0.935675761959514,-1.0773417999622743
10.0,78.0,1000.1837158203124,-4.244446410428374,-2.945229813213201,-1.9658974597624088,0.6822455826091751,-1.3110152623586564,4.83371897200424,-0.5220868338588289,1.474468607408289,-0.9316613123258196,-1.070543824397621
10.0,79.0,1000.1448364257812,-4.256111577228789,-2.937357753056665,-1.9508027284968683,0.6874936214245428,-1.30154088384294,4.849221205666128,-0.5201516753552564,1.4933477387467322,-0.9324648945657952,-1.060809324013681
10.0,79.0,1000.1213989257812,-4.247706169988871,-2.949476842717365,-1.9569242780572973,0.6919740735441167,-1.3005080949751688,4.828445399724167,-0.5226382743475391,1.4908696784525404,-0.9373764514981398,-1.0697958209921756
10.0,79.0,1000.11962890625,-4.251620644387288,-2.946855584419634,-1.958127537268426,0.6908958739845481,-1.3081937470024014,4.835012032184329,-0.5158400225688471,1.4853022157031877,-0.9304557240986008,-1.0739657268042722
10.0,79.0,1000.0949096679688,-4.240974065678399,-2.955897548912134,-1.9619310788197064,0.6935113167433862,-1.2948531954525544,4.822163817895543,-0.5196112020826709,1.4836283516496476,-0.9360978819850132,-1.074783090171449
10.0,79.0,1000.1287231445312,-4.244346714037734,-2.939404978098338,-1.9588571107921864,0.68768123378468,-1.302743012457403,4.838109987095237,-0.5156431051534192,1.488492303706451,-0.9303064276428588,-1.07360895908813
10.0,79.0,1000.13134765625,-4.241290658882081,-2.9587560500842907,-1.9637695272801343,0.6894416753556163,-1.307071679785421,4.818740598351786,-0.5196257247982103,1.478049283728856,-0.9374376248474148,-1.0782555014282282
10.0,79.0,1000.1421508789062,-4.242377343487084,-2.952781533878544,-1.9605608375192536,0.6898287690041203,-1.288497624986023,4.823680090369585,-0.521812613502747,1.4843119292211826,-0.9352269410549487,-1.0713489004731995
10.0,79.0,1000.0847778320312,-4.242625395143331,-2.954205253769885,-1.9633393123332905,0.6861058841279046,-1.30223630909569,4.823958301365382,-0.5210315145214608,1.4790313395234254,-0.9356652083416108,-1.07630147377637
10.0,79.0,1000.14794921875,-4.240870031816612,-2.9437498454165216,-1.9687939423949308,0.6847759783851313,-1.3043706293237434,4.833528351502904,-0.5157844820328243,1.482330058260156,-0.9290080529159948,-1.0794533221791711
10.0,79.0,1000.1278076171876,-4.236747685899895,-2.948460635851444,-1.9628042136268136,0.6863004380470281,-1.2904296516752751,4.826511495036831,-0.5229140509681605,1.4830091287074405,-0.935591197570986,-1.0698475821814224
10.0,79.0,1000.1930541992188,-4.24131985532664,-2.9479995907765675,-1.9616355152636915,0.6870338621634389,-1.2823670824263274,4.827042996878479,-0.5159631615873543,1.4866948795159054,-0.940167572644958,-1.0655124871707784
10.0,79.0,1000.1222534179688,-4.250392924585124,-2.9465047558674424,-1.964626760992657,0.6871242145018188,-1.3175906114250435,4.835846335472269,-0.5203993048225559,1.4816840388061916,-0.9297837555158708,-1.0733755182499194
10.0,79.0,1000.0841064453124,-4.246433437985228,-2.951940083965486,-1.9637453185156488,0.6907643690601066,-1.30473933711269,4.827176293913791,-0.5166754391167458,1.483165446619262,-0.9344032013156331,-1.074301882388614
10.0,79.0,1000.107177734375,-4.242215793926127,-2.9512669656917714,-1.9597317553461813,0.686219313858337,-1.3040748205983377,4.828673897367796,-0.5210601262852981,1.4827817907556238,-0.935275846877862,-1.075212972904844
10.0,79.0,1000.157958984375,-4.241163849549922,-2.949018395193959,-1.9595791607593085,0.6802584383147376,-1.2848406809036468,4.832487718535294,-0.5233635426438763,1.4876182820739494,-0.9392758993403588,-1.0631746327590013
10.0,79.0,1000.1220703125,-4.24356831355724,-2.955222993646235,-1.955602964778658,0.6933670034381603,-1.2839147584884127,4.819513835676105,-0.5249082445942523,1.488739154100868,-0.9517052322236969,-1.0620779337302966
10.0,79.0,1000.1324462890624,-4.243736324588428,-2.952561537162199,-1.963827910276427,0.6875035618822309,-1.304616907108521,4.8272447535531136,-0.5173600915562648,1.4845233597347072,-0.936300439507762,-1.0722250948818917
10.0,79.0,1000.1580200195312,-4.241298871277948,-2.948644763461608,-1.9664044573222328,0.6840580349295458,-1.3048443048679772,4.830735976783902,-0.5173100477593637,1.4820086262789056,-0.9231376205886894,-1.0804732167218316
10.0,79.0,1000.1560668945312,-4.245997835408184,-2.950724673141752,-1.9619717272062127,0.6835360148641048,-1.3211383331744535,4.829354649371663,-0.516070993430831,1.4767558705904058,-0.9264436612422252,-1.083030100698998
10.0,79.0,1000.1072998046876,-4.247386217932379,-2.945127947885578,-1.965307630883848,0.680937870484664,-1.3099827477528567,4.838315605307029,-0.5175644703047269,1.4837370698750831,-0.924590173154768,-1.0760535781780876
10.0,79.0,1000.1353759765624,-4.2530274024630765,-2.9524327080062185,-1.9591669767488389,0.6918171006366736,-1.3048457275302567,4.831083113206699,-0.5141850341279621,1.486794563224862,-0.9364967288935392,-1.0668185086351727
10.0,79.0,1000.1304321289062,-4.235968158431169,-2.953752347745362,-1.972407615041845,0.6790708683566118,-1.2998862623208836,4.824716017765564,-0.5234161842099176,1.4688943618460382,-0.9298634379473896,-1.0816910860063509
10.0,79.0,1000.1179809570312,-4.245454658042825,-2.957004768856992,-1.961958722285284,0.6869565650117604,-1.2946620013691086,4.823271282519846,-0.5218732726387607,1.4840127493271806,-0.9384972460275574,-1.0711938555704723
10.0,79.0,1000.1293334960938,-4.2499497544222,-2.936586960324729,-1.952036511153309,0.6869364259720641,-1.299172634980719,4.849644307869477,-0.5212119143571599,1.4964338794213958,-0.934102654143194,-1.0625647867997712
10.0,79.0,1000.1249389648438,-4.2509583471317,-2.943661146012874,-1.9513723849609148,0.6975542852995451,-1.2935967771732737,4.836466161099359,-0.523217868258083,1.496816263175775,-0.9418241114041166,-1.060240705161315
10.0,79.0,1000.2008056640624,-4.24048727273672,-2.936345795805601,-1.961342417904328,0.6764821964770693,-1.3037043931058223,4.843235461814967,-0.517740662593873,1.483624710873258,-0.9329764065242854,-1.0725696556682025
10.0,79.0,1000.1250610351562,-4.248424262468816,-2.9462823146366204,-1.963217141297452,0.6886679598519532,-1.296662385648046,4.83841163907177,-0.51422448173596,1.4872417387424175,-0.9319243755978004,-1.0687665748668609
10.0,79.0,1000.1259765625,-4.250884652440502,-2.95251642819252,-1.9545099298582749,0.6932216981238026,-1.2979244412353537,4.833276202923825,-0.5187321905751334,1.491783089915108,-0.9389593381420144,-1.065894543139296
10.0,79.0,1000.184326171875,-4.250695077314231,-2.950329674115286,-1.9604216338098504,0.6818802786642824,-1.3076959076448018,4.829728784226571,-0.5237093173361549,1.4880193715386572,-0.9328073905384588,-1.0690615966596968
10.0,79.0,1000.1560668945312,-4.242909189441167,-2.9449758931303527,-1.9598389085733103,0.6916206666191735,-1.2823406980239875,4.833369990702195,-0.5180231389399541,1.495617245494837,-0.93882592191716,-1.0596604652701551
10.0,79.0,1000.1510009765624,-4.253066862376276,-2.942883568482604,-1.9522769506077584,0.6953107948067228,-1.300210786083159,4.835435842957324,-0.5195933406115181,1.5012229896291194,-0.9374987718700928,-1.062973040221426
10.0,79.0,1000.0947265625,-4.246307758175938,-2.9448390843048124,-1.960377957671052,0.6895860994752399,-1.3043138382831518,4.833878986217426,-0.5186851840004705,1.4924342016768932,-0.9311280996828292,-1.070848218562093
10.0,79.0,1000.1383056640624,-4.243750186089558,-2.941432927047961,-1.9567144660928908,0.6933974447253792,-1.2997297756089554,4.839567544135782,-0.5191866057333714,1.4899707859235232,-0.9289843380482168,-1.072797446165458
10.0,79.0,1000.0969848632812,-4.250389826455118,-2.950398825744206,-1.954255955367195,0.69453658145407,-1.2972266928048497,4.834847901706482,-0.5200270494182462,1.4914592532781556,-0.9362211878464192,-1.0683894322942056
10.0,79.0,1000.1124267578124,-4.245632419783326,-2.9567823880199366,-1.9570301432808936,0.6972552574569111,-1.290647665298021,4.822676698768305,-0.5242712724829088,1.4926160094501562,-0.9444688152678608,-1.0645563130562268
10.0,79.0,1000.1123657226562,-4.253131594663459,-2.939713949024285,-1.963366439677401,0.6834127037218165,-1.3174445546355171,4.840808661343717,-0.5146223275237185,1.4849039458668676,-0.9276041456621104,-1.0741775014878718
10.0,79.0,1000.1953125,-4.247423311140607,-2.946856861120896,-1.964400305241252,0.6886944056425524,-1.2980578298817511,4.834129969926304,-0.5120967686108671,1.4841059150009874,-0.9249312930742316,-1.0794681081405622
10.0,79.0,1000.1511840820312,-4.239374003207823,-2.948817704798361,-1.9697628109988,0.6849681247244854,-1.303903637876311,4.826195777667936,-0.5193963021923009,1.4777526168018582,-0.9241839897275544,-1.0799630159773477
10.0,79.0,1000.134521484375,-4.251974453481141,-2.945033805459347,-1.951564868617047,0.691125799057942,-1.294153133680786,4.835827843839608,-0.5239223873371373,1.4944538470381987,-0.9404011953872784,-1.0583193913880136
10.0,79.0,1000.1466674804688,-4.238187778043012,-2.943216960150332,-1.96111993894496,0.6878635690648185,-1.288325834776452,4.837783210190965,-0.5194828047002691,1.493402605373527,-0.9290429080100876,-1.0694608726114518
10.0,79.0,1000.0839233398438,-4.243031775962202,-2.9501986489166736,-1.9620549048342,0.6905682615306672,-1.2967376404635793,4.826624529889759,-0.5194516244785232,1.4830025099330155,-0.9347781890965434,-1.071928809991924
10.0,79.0,1000.1510620117188,-4.241059246438264,-2.9538671586791283,-1.968349822751967,0.6938355123112947,-1.2961460329411176,4.8218483667600704,-0.5157291339316119,1.483015982946286,-0.9324812379135156,-1.0792586113873064
10.0,79.0,1000.1548461914062,-4.256912447166536,-2.934843532205858,-1.9545105464604928,0.6904894048928414,-1.3120948359155276,4.846441958442963,-0.5227850301096852,1.492246923754336,-0.931642139196434,-1.0661993281158737
10.0,79.0,1000.1102294921876,-4.249714440124361,-2.943380932094405,-1.9550361287333629,0.6861655474040091,-1.2965663478869731,4.839856678919626,-0.5222337585641803,1.492957972140574,-0.9389151246954032,-1.0595432776303315
10.0,79.0,1000.11767578125,-4.242280924481555,-2.947132597705793,-1.959715828427511,0.6898011650765152,-1.3112559772391004,4.831836445574176,-0.5211494300367594,1.4880824264246997,-0.9333800908467742,-1.0746666525326771
10.0,79.0,1000.1625366210938,-4.243990610254262,-2.9369903684748047,-1.9620556514949048,0.6817419325278813,-1.293076813141102,4.843368221738858,-0.5205802435795324,1.4879870410290437,-0.929877154059894,-1.066301468580824
10.0,79.0,1000.1528930664062,-4.240799915863901,-2.9455868923898096,-1.9594624980194988,0.6905952197639964,-1.2965622378362198,4.830849580804612,-0.5257641254318948,1.4876902176566371,-0.9361511919791878,-1.0691723007504723
10.0,79.0,1000.13037109375,-4.251434732901408,-2.9516607782190665,-1.9634323772159543,0.6874885628109144,-1.3099880250291052,4.83246801819215,-0.5156492062974154,1.4836162055497448,-0.9277123094466352,-1.0796812313096034
10.0,79.0,1000.1614990234376,-4.245429840780857,-2.9545936425777413,-1.953499201137277,0.699721020451114,-1.2925033774191408,4.826692267957782,-0.5208200103199108,1.496647109611259,-0.9372835402200792,-1.0663521435041168
10.0,79.0,1000.166015625,-4.242766640495397,-2.949138764917924,-1.968015526806972,0.6730582728221703,-1.3166175920785903,4.832354438687192,-0.5219475413933878,1.476876241007961,-0.924918599314272,-1.0791753707024947
10.0,80.0,1000.107421875,-4.240071804312459,-2.953488219448458,-1.965240268108615,0.6921149423475956,-1.3077716096369016,4.82553382032841,-0.5189976365359046,1.4821623709182594,-0.9312492025832722,-1.0825790526977972
10.0,80.0,1000.1365966796876,-4.248677757892638,-2.945342007825877,-1.9573574233512403,0.6911487564510281,-1.3069687490439206,4.840405233300805,-0.5223220878830297,1.4896081988204255,-0.9313266774295864,-1.068857810271448
10.0,80.0,1000.1130981445312,-4.2449876490947,-2.957448716242668,-1.965309512290912,0.6927747980861012,-1.2860014978017675,4.824147450360375,-0.5199827500967906,1.484401356024298,-0.935970585211348,-1.0661699920590313
10.0,80.0,1000.1080322265624,-4.2443677279036685,-2.9532838256927576,-1.9621810860259048,0.6901726436688129,-1.3042014735658711,4.823019991308149,-0.5221229698741618,1.4867161008787235,-0.9354303423745788,-1.074060034621365
10.0,80.0,1000.1314697265624,-4.2378743378921095,-2.9398119523268003,-1.953872489300165,0.6939816329179695,-1.2980914930839385,4.841032675682623,-0.5218348656948217,1.4953493889371074,-0.933062125946896,-1.0686134900963815
10.0,80.0,1000.1021118164062,-4.243023723729036,-2.9461892038358344,-1.958389187155788,0.6892221867342343,-1.2973807742783796,4.832688435742714,-0.5194788246790463,1.4886897984870648,-0.934953318882414,-1.0706832233323331
10.0,80.0,1000.112060546875,-4.240160774316388,-2.9486246683177297,-1.959642310339266,0.6889598376241004,-1.296883447796814,4.826535273597264,-0.5234043969800437,1.4863050831712077,-0.9367107846487084,-1.0714411266290416
10.0,80.0,1000.1324462890624,-4.248930486777195,-2.9490033236865325,-1.9615813975838288,0.6901389561456632,-1.3114937384001024,4.83302861108951,-0.5223790983443992,1.487693949664232,-0.9301571369650504,-1.0709646909470742
10.0,80.0,1000.1113891601562,-4.239388630566844,-2.951230025215112,-1.9667008030744555,0.6861718247738224,-1.302044023111037,4.8253976687047295,-0.519403746708484,1.4788568642643956,-0.9331430832661968,-1.074258606799139
10.0,80.0,1000.1365356445312,-4.245718572919797,-2.9538724318913494,-1.9619783252746847,0.6916382165595234,-1.2979019897453117,4.8274916144426765,-0.5164463118101219,1.479002918105362,-0.9321909856724,-1.0753287973817938
10.0,80.0,1000.0865478515624,-4.245927641033386,-2.942773652286613,-1.9609162633669963,0.6824582556778527,-1.312967153078124,4.837944925013998,-0.5192353591072045,1.4853631228449622,-0.929982045845005,-1.0750580067243831
10.0,80.0,1000.174072265625,-4.242624716227917,-2.95046396956306,-1.9535373457278111,0.6868907002551126,-1.291617284375921,4.833663475044897,-0.5263142333908934,1.4893985066228668,-0.9415280168750676,-1.0622205719168585
10.0,80.0,1000.1260986328124,-4.253555990441193,-2.9371866764231376,-1.9530233031507764,0.6927552100985848,-1.3091936914911697,4.846321931422652,-0.5169511316713136,1.500261050912365,-0.9345165287748562,-1.063916610544859
10.0,80.0,1000.1227416992188,-4.242249606922665,-2.9483997281276446,-1.956844679922078,0.6931918635613048,-1.2982723002394052,4.834786540656417,-0.5236229490418323,1.4862348573284925,-0.9381668906211028,-1.0684154814047735
10.0,80.0,1000.1241455078124,-4.242912962873728,-2.9549447227073635,-1.9622147177752056,0.6944496254529131,-1.3010976156057623,4.825536324619508,-0.5184447190727575,1.4844329637159532,-0.9321211347080558,-1.076324706863403
10.0,80.0,1000.1282348632812,-4.2462218640842,-2.952838948719676,-1.9659975900486903,0.6950020770325702,-1.3081406393060862,4.826868441996844,-0.5118042479371079,1.483978160310854,-0.9248829069832007,-1.081394599022877
10.0,80.0,1000.1784057617188,-4.245336335084508,-2.94488181548883,-1.956643114931076,0.6909205757255545,-1.302360934878544,4.8373983636573055,-0.5166249562024596,1.497379005907506,-0.931075761886369,-1.0711995995532844
10.0,80.0,1000.1459350585938,-4.246028264822983,-2.957796415984966,-1.972451979546136,0.6812546730159008,-1.3129145352638585,4.821982547543227,-0.5188523102424147,1.471838088045904,-0.9305266994450916,-1.0785478400913546
10.0,80.0,1000.1293334960938,-4.245899707726257,-2.9530631651688983,-1.9655866394380408,0.6857632285213473,-1.3059629746416783,4.825524923982204,-0.5143217229699975,1.4722438874165515,-0.934082300124305,-1.0769677713497932
10.0,80.0,1000.1224365234376,-4.249638577479196,-2.9472645544582123,-1.9619557492362567,0.6899927367864382,-1.3019282398311582,4.833430525979859,-0.519797910454896,1.4907023168261633,-0.9335500071759526,-1.068581537544666
10.0,80.0,1000.14013671875,-4.234846585668272,-2.938947687836639,-1.9630314061942904,0.6788197420554685,-1.3056594842145055,4.83940663519437,-0.5229228628463041,1.4849448608972151,-0.9306834406167956,-1.0767698398586243
10.0,80.0,1000.1014404296876,-4.245913572759015,-2.9542841307511707,-1.958249660140611,0.6917443317336014,-1.2958075241495504,4.824749201857596,-0.5216991165530587,1.4867730188561143,-0.940133893742102,-1.0689506188548137
10.0,80.0,1000.1044311523438,-4.240563684945817,-2.955894835659322,-1.96643219087077,0.6840569596080757,-1.3077687261777131,4.826667688630442,-0.5192527594608176,1.4772821429329444,-0.9308625234543716,-1.0814210339515196
10.0,80.0,1000.1497802734376,-4.240780934303159,-2.9539619664472974,-1.95833777522842,0.6972031115589878,-1.297944864518095,4.821890105718566,-0.5183297400232423,1.4788804056344276,-0.940707766341295,-1.0744710225671654
10.0,80.0,1000.1568603515624,-4.259205311202624,-2.9452849236523555,-1.953548910879084,0.689296752992627,-1.3086294017458693,4.841094552958378,-0.5147849468794936,1.4917797370448325,-0.9368992801447708,-1.062913928295861
10.0,80.0,1000.1146850585938,-4.242492473315852,-2.952108714109221,-1.9565998744549968,0.6955590462159229,-1.2907624104533988,4.829566743889759,-0.5202533636627269,1.4914410207547215,-0.9376433806551364,-1.065160103623222
10.0,80.0,1000.1098022460938,-4.246620048897978,-2.949283375210684,-1.9575115254119395,0.6917931964299848,-1.3027198889867226,4.8317324467271,-0.5224453272662464,1.4902496267672571,-0.933180474354562,-1.0727176442149866
10.0,80.0,1000.16259765625,-4.239508364979146,-2.9542658333917755,-1.9705904598199373,0.6824647671565636,-1.2942695603403926,4.824893247106587,-0.5195782362497265,1.4788251427363068,-0.9313665841040342,-1.0773217670192334
10.0,80.0,1000.1002807617188,-4.248106494132284,-2.9521664984184466,-1.958057876694044,0.6924175986591239,-1.3003274540055323,4.829027236162348,-0.5181713048253229,1.488672917159776,-0.9399033238262912,-1.0703197346505955
10.0,80.0,1000.13916015625,-4.251431677890208,-2.941782622124959,-1.9594525410925585,0.6858718720984669,-1.3116023351134638,4.836071648551533,-0.5154784444656864,1.4854928660503983,-0.9298579736895256,-1.0756551059416628
10.0,80.0,1000.15625,-4.23726215454394,-2.9451982822416607,-1.954792466745652,0.6895113584016022,-1.289611273400335,4.83296627240663,-0.5256491164039918,1.4949008264946082,-0.935011326054072,-1.0681203690087755
10.0,80.0,1000.1026000976562,-4.246199707040841,-2.953206457574697,-1.958583065731676,0.6923038337935257,-1.300660941459829,4.827285134224747,-0.5228417885639463,1.4924041759393123,-0.9342602288895324,-1.0702253594047555
10.0,80.0,1000.124267578125,-4.240843854751327,-2.947231921591187,-1.964272477373394,0.6878861029237093,-1.3078683733552388,4.828794530404748,-0.5156954914423357,1.4847900488740766,-0.9304735605072204,-1.0784953182313115
10.0,80.0,1000.1326904296876,-4.24541788356172,-2.9461155093278784,-1.9508922723903697,0.6934176903463456,-1.2901496526140752,4.83174152546013,-0.5232653609800613,1.4979674801631715,-0.94183036881833,-1.0602968446155754
10.0,80.0,1000.1119384765624,-4.24926398948117,-2.9461683783842925,-1.9581957994721184,0.6919174729086279,-1.302871704888973,4.834976634756602,-0.5165817079009507,1.4914765305515365,-0.9308497151624912,-1.070251819638881
10.0,80.0,1000.1688842773438,-4.251733882729627,-2.9526137186500248,-1.958587858784369,0.6870312317997476,-1.3222020735007662,4.828108724007258,-0.520636155613583,1.479459364127937,-0.9309961229452846,-1.077835401194775
10.0,80.0,1000.1140747070312,-4.2478167108149,-2.956816749526721,-1.961288094197856,0.6958012423045172,-1.2912504119462915,4.823534646396105,-0.5165260529133864,1.4885190643860111,-0.9382546531731216,-1.071275884070515
10.0,80.0,1000.1213989257812,-4.243552470852025,-2.9474529265960414,-1.958740340232465,0.6921748863143673,-1.2963069931660214,4.830568237027743,-0.5199613623113439,1.4860118081185192,-0.9390463775260393,-1.0662928687340107
10.0,80.0,1000.1058349609376,-4.242567209612627,-2.9516150187590378,-1.9623298317298528,0.691725644297204,-1.3025056042176026,4.822565460474035,-0.5191777070746104,1.482055010530237,-0.9359969770763996,-1.0781726187707612
10.0,80.0,1000.111328125,-4.243176565804442,-2.948249922159987,-1.959056722908384,0.6858335813634451,-1.3055912911233407,4.834302469675629,-0.520188243924105,1.48479235854039,-0.9341590006367442,-1.0735160013879517
10.0,80.0,1000.121826171875,-4.246478467531901,-2.959153995597413,-1.9666073152071395,0.6869611486721077,-1.3009744075295022,4.820547408953249,-0.5251158004357839,1.4841028957465987,-0.933287569505712,-1.0720196015154304
10.0,80.0,1000.1234130859376,-4.248846796839857,-2.942745648728969,-1.962061154534488,0.6813431175075753,-1.3051690496321466,4.8380707471644,-0.5211349346108385,1.479456144824712,-0.9316425716903592,-1.068641463863012
10.0,80.0,1000.119873046875,-4.249389817187003,-2.9452331867856776,-1.9608050492663391,0.6896976459582858,-1.302844955303062,4.833554043220781,-0.5192148330740949,1.492619838120664,-0.9349797608990073,-1.0669451971718171
10.0,80.0,1000.1312255859376,-4.243228437039895,-2.95540663752954,-1.9558388446188049,0.6952880943914543,-1.2882258841573706,4.821585319152069,-0.5247043223940393,1.4884772579586922,-0.9472780016515508,-1.063730304019396
10.0,80.0,1000.115478515625,-4.249455494783716,-2.954629499931888,-1.962368602784604,0.694766188817213,-1.3038985405329395,4.826300153571989,-0.5162085963741161,1.4860434030329088,-0.9355382554014282,-1.0756041792415454
10.0,80.0,1000.1414794921876,-4.242523200508029,-2.949177812372301,-1.9649847087403547,0.6895879473863422,-1.3034995353271817,4.826572614112191,-0.5203541392405207,1.4866954290396244,-0.932439447366872,-1.0720116921496283
10.0,80.0,1000.1672973632812,-4.240867811196783,-2.954706997255668,-1.9590179539281216,0.6939554698420869,-1.303808143742598,4.823010842815329,-0.5204329680733206,1.483356606628626,-0.9367164049449456,-1.073558538561421
10.0,80.0,1000.1494140625,-4.247125638212865,-2.946829694569463,-1.9610319112973809,0.6832120328046409,-1.313736619648949,4.832520168746413,-0.5210352788405084,1.4801364924196827,-0.9290703878013088,-1.0797395609813218
10.0,80.0,1000.1156616210938,-4.245535713792227,-2.9494356189860507,-1.960783912538564,0.6922782923931976,-1.2903097310036578,4.830508762499775,-0.5181806883203315,1.4876376741468371,-0.9412771895876224,-1.0650342048862131
10.0,80.0,1000.1238403320312,-4.248736187326441,-2.948078680011512,-1.9520011557034216,0.6912417693200688,-1.295582055491518,4.832577468870088,-0.5234995750630356,1.4952646492135404,-0.939268509229894,-1.0616915398403552
10.0,81.0,1000.1220092773438,-4.249141117918496,-2.9526167817343016,-1.958452508920172,0.6938811067770958,-1.2961526340347964,4.829742612719182,-0.5183707766960257,1.4920264333930504,-0.9406353545659724,-1.0660104986188754
10.0,81.0,1000.1056518554688,-4.241994171198627,-2.9507376633489097,-1.9607117613869327,0.6913896734355118,-1.2988013745332316,4.826287135065613,-0.5162455523385612,1.4855405538677573,-0.9315893313203656,-1.0740072269223575
10.0,81.0,1000.1272583007812,-4.241705030612316,-2.9534492033495217,-1.9624238174711883,0.6870147886326983,-1.3012370426710715,4.826408753456562,-0.5201255412707617,1.4839195337303537,-0.9365149577828672,-1.073538761400385
10.0,81.0,1000.1237182617188,-4.248676671595836,-2.941899109564145,-1.954967296736232,0.690379848977198,-1.292310765859423,4.83656960437837,-0.5194609449079373,1.4914912060560228,-0.9412943619873876,-1.0622755884602992
10.0,81.0,1000.1654663085938,-4.245573937727104,-2.953796363411745,-1.9553540078225669,0.6944278309954042,-1.302725926280809,4.82802852854689,-0.5211159537640038,1.486802115282866,-0.9345596968183854,-1.0744154925855915
10.0,81.0,1000.1317138671876,-4.245496120281244,-2.941313041022864,-1.955159993530816,0.6925039990936828,-1.2968061193112246,4.838648524816451,-0.5186836498878131,1.4982793491444006,-0.934982455846816,-1.0660394434043612
10.0,81.0,1000.1121215820312,-4.246545058330414,-2.9511945878819934,-1.965566896639744,0.6869363912773965,-1.309193748967603,4.832932119305259,-0.5175575637543357,1.48130460069006,-0.9302228305981232,-1.0799589475544282
10.0,81.0,1000.1491088867188,-4.239448008452049,-2.9533513026068547,-1.9609640819068828,0.6945644950996774,-1.3033142471539976,4.820795162166846,-0.5240081038507638,1.4889825336767295,-0.9393349850874736,-1.075383224566541
10.0,81.0,1000.1055908203124,-4.236515024044985,-2.960518284697771,-1.9634049853784783,0.690725557605683,-1.2935457569354258,4.817682558034692,-0.5226184658837179,1.48430403305884,-0.9388216062940692,-1.075001182059791
10.0,81.0,1000.1453247070312,-4.240657822899023,-2.9610658946950443,-1.96418167072408,0.6916901268482665,-1.2995917291413273,4.817492786037114,-0.5168157867869692,1.4813099112513193,-0.9324073832894256,-1.0832920245562807
10.0,81.0,1000.15283203125,-4.24371275667356,-2.950703849391361,-1.951354499452744,0.6914189056050226,-1.2928572988250049,4.827494145270123,-0.5227090759486259,1.4957792867087305,-0.9500056011815792,-1.0614435728746143
10.0,81.0,1000.1531982421876,-4.2459564104745775,-2.9476946613255555,-1.9590256255518828,0.6910616766114499,-1.3007309157991465,4.829665876207368,-0.5169591153656032,1.4894527652272096,-0.9389432152634553,-1.0672270069447087
10.0,81.0,1000.125732421875,-4.245451524835973,-2.9533909408776022,-1.960648894824351,0.6843599552158164,-1.303339831145041,4.827465883761921,-0.5206915701020263,1.4845717617236502,-0.936873692791334,-1.0749521059577267
10.0,81.0,1000.1277465820312,-4.237724357524777,-2.957280112725464,-1.9666684632246163,0.689226316521383,-1.311747316972855,4.818169101986177,-0.5197024615821135,1.4785743336977557,-0.9332013201485916,-1.08501603218023
10.0,81.0,1000.1017456054688,-4.251325873269284,-2.950088665414077,-1.9581193366091056,0.6919472786061265,-1.2977684943829049,4.832302819689595,-0.5182433201753147,1.4917637804046997,-0.9379435154500352,-1.0664660173408071
10.0,81.0,1000.1456298828124,-4.250526264002669,-2.9448598253456018,-1.957479491274042,0.6904972217744829,-1.3117789315595203,4.833866904809828,-0.5235109392531809,1.4868636378788649,-0.9322681017533964,-1.0696879979289142
10.0,81.0,1000.0890502929688,-4.249462518633036,-2.9416524288281725,-1.95320692745932,0.6901616026307718,-1.3020045236224478,4.839657531345095,-0.5218831006304088,1.495714360764313,-0.9401088584279548,-1.061311044069162
10.0,81.0,1000.1422119140624,-4.244368779633033,-2.953565863606413,-1.9614450907191507,0.6928549999094429,-1.3121909981445463,4.827419050940707,-0.5163457424459628,1.4819147025917516,-0.9296897931600414,-1.0802454438770177
10.0,81.0,1000.1082153320312,-4.24631188348012,-2.9524897673027923,-1.9638201522241907,0.6932503599899063,-1.3012831033932644,4.8245038475263975,-0.5164500934178449,1.4858330525080143,-0.9356446788344276,-1.0719293641902716
10.0,81.0,1000.1222534179688,-4.243876630380279,-2.9394717707620743,-1.9618285755259983,0.684576027316881,-1.3046170321403778,4.839732542098195,-0.5234956702271374,1.490133469469458,-0.9280486830135556,-1.0718571155285157
10.0,81.0,1000.1119995117188,-4.249559491862122,-2.9561979461821144,-1.9583457293948905,0.6951614589229127,-1.2997879808510615,4.8244365662695685,-0.5220501369492405,1.493441187022975,-0.936237503767848,-1.0686398408713904
10.0,81.0,1000.123291015625,-4.246112677015228,-2.956810122548362,-1.957906056696844,0.6945607124035869,-1.293237508055201,4.82570714628293,-0.5168835132042577,1.488635154071999,-0.9408429696703422,-1.0683910901496323
10.0,81.0,1000.0961303710938,-4.248341392410973,-2.948983780179473,-1.959054808290788,0.6945812529304876,-1.2974492432801492,4.832610947551798,-0.5171713122639119,1.4884809058883528,-0.9366968189907664,-1.0699814167968755
10.0,81.0,1000.1380004882812,-4.244670582663218,-2.9508867528362632,-1.9587728438313643,0.6914125500499138,-1.2959763368521249,4.82681374572285,-0.5198840435698457,1.4928072906385277,-0.941960927936308,-1.0680484958991543
10.0,81.0,1000.14208984375,-4.241666062595655,-2.954929292768706,-1.958411582379434,0.6916352853666128,-1.291600393093773,4.822629440254882,-0.523511075876395,1.492092521270216,-0.9447310211095816,-1.0679941013171894
10.0,81.0,1000.109130859375,-4.247235677714101,-2.9467625390089727,-1.954049497158988,0.6911330520330914,-1.301156526032805,4.835346240410011,-0.5203613632611841,1.4935898743991318,-0.9424368630788208,-1.0634098839746855
10.0,81.0,1000.1428833007812,-4.2420427713229865,-2.952947076272043,-1.959358678439239,0.6855896571826046,-1.2910134504743764,4.827212691737529,-0.5232334797993996,1.4864779424311632,-0.9463484049269956,-1.0670887900627577
10.0,81.0,1000.0814819335938,-4.240972657368965,-2.950074563835589,-1.9623819403347924,0.6866180939773194,-1.3015532038214812,4.831144364274923,-0.5212779107389247,1.487517699367439,-0.9310475070814102,-1.075394999433926
10.0,81.0,1000.1320190429688,-4.246065966133643,-2.9467106993363763,-1.9576584857914647,0.6922150798693307,-1.3047415139734908,4.827907954078185,-0.5182937261231295,1.487244645723953,-0.940488075613474,-1.0680703364048156
10.0,81.0,1000.0945434570312,-4.249276094578948,-2.941615900896654,-1.953756719689612,0.6885421046292395,-1.3003566205088566,4.843489996117134,-0.5223330681821645,1.4915928491357675,-0.9370212058957684,-1.0642241618716843
10.0,81.0,1000.1029052734376,-4.244840343007509,-2.94085191898366,-1.96076580325537,0.6836813188808479,-1.3072088564720667,4.84017777302328,-0.5227659658006232,1.4890683788369374,-0.9291057825963014,-1.0734596051589929
10.0,81.0,1000.1513061523438,-4.243066317241588,-2.948001722484226,-1.9618061203670552,0.6813253686992047,-1.3136614851564978,4.831146898473524,-0.5202746594133947,1.4797316083826972,-0.931060618488554,-1.075630795385207
10.0,81.0,1000.1473999023438,-4.242494492512085,-2.957636367580518,-1.9653590600137272,0.6870593467979349,-1.3124842911639787,4.818784784434595,-0.5241425608733765,1.478898452374212,-0.9314524175913634,-1.0796137227490492
10.0,81.0,1000.0996704101562,-4.248072958996296,-2.940304136421844,-1.950102630099724,0.6950387688282476,-1.2846177394703018,4.841077654402229,-0.5186490830055446,1.5004775609900642,-0.9411497211077816,-1.05682218150188
10.0,81.0,1000.098388671875,-4.244796522326006,-2.9501026917293687,-1.961627672146669,0.6925662594211444,-1.3035268954473844,4.8268128082355926,-0.5186218948982679,1.483503231309056,-0.9318803021081196,-1.0761805855120086
10.0,81.0,1000.1568603515624,-4.2488536191522845,-2.9539870809737465,-1.9649766634554675,0.6870255507864451,-1.324691878546174,4.824700017017708,-0.5168759055022001,1.477902372817912,-0.9231472567750512,-1.0881475602812452
10.0,81.0,1000.1092529296876,-4.241218409967503,-2.953795634708084,-1.966315191762034,0.690631914801564,-1.3040735419851064,4.822495220104534,-0.5191407912783692,1.4823501015171567,-0.9328862366699432,-1.07585114828241
10.0,81.0,1000.1196899414062,-4.254365063392598,-2.941000879035516,-1.9500477343997835,0.6927867151525966,-1.3074388911563677,4.8402973878794615,-0.5196188692929296,1.4954510280777278,-0.9375200480028923,-1.063630259110809
10.0,81.0,1000.1329956054688,-4.2434568070358125,-2.952516431905397,-1.96418833344144,0.6954560371507634,-1.2968906521700347,4.827102403097163,-0.5161249621149473,1.486748134715098,-0.934449192231801,-1.0734152413225195
10.0,81.0,1000.0896606445312,-4.24791661010389,-2.9454022886916045,-1.955156556735873,0.6921084937344926,-1.3022599530604175,4.834502860158526,-0.5198909188422949,1.4942982366825124,-0.937265772635592,-1.067139214485096
10.0,81.0,1000.1513061523438,-4.23877284469908,-2.9596549482465635,-1.9625382856764475,0.687564207106294,-1.2979589332562682,4.8197666253234335,-0.5243109630293201,1.4788749457155497,-0.9396140627186558,-1.0764183391191384
10.0,81.0,1000.131591796875,-4.247123862553716,-2.9484887221445435,-1.9561013564100147,0.6942029042501634,-1.298847587921978,4.831720340723361,-0.5176195058725543,1.4921368816361902,-0.9386988323980868,-1.0710733129940313
10.0,81.0,1000.1024169921876,-4.246409980143296,-2.9531582103917526,-1.9610391634209217,0.6912116735054488,-1.3006202918841634,4.824900579975964,-0.5219344749600738,1.48667192791308,-0.9347437021260436,-1.0733642434387742
10.0,81.0,1000.1162719726562,-4.239983539868831,-2.958386387145824,-1.966850385203332,0.6845368563539349,-1.3090487832888114,4.822143995856587,-0.5202386980968061,1.4771296686567226,-0.9310906948398996,-1.0836144126920932
10.0,81.0,1000.1405639648438,-4.242603742628112,-2.9501757012206142,-1.954142001220268,0.6912108245688291,-1.2949381243671216,4.82948145512276,-0.5225733470832816,1.4887919268426986,-0.9426282692074092,-1.0688142600555302
10.0,81.0,1000.084228515625,-4.248313797816009,-2.9533838858011743,-1.963158842456968,0.690873736566413,-1.3055472080001511,4.827851319668628,-0.5182172714074582,1.4864228489795863,-0.9331888144799628,-1.0754115447242143
10.0,81.0,1000.1488037109376,-4.2468468651819045,-2.946223080809954,-1.956164230189932,0.6927644005181834,-1.29954767430049,4.837867914590348,-0.5173261219723386,1.487987425524251,-0.9323107525073784,-1.0689741797369594
10.0,81.0,1000.1109619140624,-4.246909763206935,-2.953402430082736,-1.9665185194794352,0.6920879886176277,-1.3104447782519353,4.8248392371937125,-0.5170753596687803,1.4825631408921645,-0.927344998218686,-1.0800009639711527
10.0,81.0,1000.1163940429688,-4.244019310523217,-2.9551267155676606,-1.960421850422504,0.6959539380617406,-1.301314731125622,4.824430691682352,-0.5198491179081053,1.4907344311703286,-0.938142005783245,-1.0737804697822622
10.0,81.0,1000.1253051757812,-4.246400431332359,-2.955900642677107,-1.963257920514548,0.6943817146082907,-1.297578212862044,4.82320306592003,-0.521011562407903,1.4896363407749034,-0.9388047469231164,-1.072311470774558
10.0,82.0,1000.0838623046876,-4.252801543379293,-2.943245824699261,-1.956187044568444,0.6909571898175475,-1.3030805428963572,4.838251247215046,-0.5187887962575024,1.491601262631158,-0.9349130001325224,-1.065125011621574
10.0,82.0,1000.1190185546876,-4.250631241079192,-2.943211553425241,-1.95652845073031,0.6890634358596479,-1.2998308262066862,4.840170345508412,-0.5251312663692351,1.4957908615231457,-0.9344937178663476,-1.0646805403673203
10.0,82.0,1000.1337890625,-4.242095479634717,-2.9643704091865657,-1.965314060992532,0.6907093519513055,-1.298540230713254,4.8155806620073776,-0.518792313804255,1.480411751554339,-0.937047173363494,-1.0790318101129004
10.0,82.0,1000.0972900390624,-4.248333297994212,-2.9480145450710045,-1.9571110289930167,0.6897720978294641,-1.2938418716837012,4.834316769758955,-0.525909968006129,1.4953299222626235,-0.9393880246672276,-1.0632862572595183
10.0,82.0,1000.1165161132812,-4.252151897234051,-2.942304403656607,-1.9559749269445896,0.6906030828275718,-1.3086873639304826,4.841220328804848,-0.5182611276913267,1.4920116682001303,-0.9314603839247084,-1.0714855236684269
10.0,82.0,1000.0955200195312,-4.249467490316354,-2.95182388068469,-1.9545010709241584,0.6955257746225136,-1.2853665355090325,4.827988782975991,-0.5216821055743432,1.4955071986835904,-0.944084624707524,-1.0593035796982364
10.0,82.0,1000.1072387695312,-4.250753796111942,-2.942250651215464,-1.951790813641568,0.6886270981083467,-1.2895258594652423,4.839029082953427,-0.5223491815569137,1.4990982614546855,-0.94317263185126,-1.0560003810956902
10.0,82.0,1000.143310546875,-4.247547125782707,-2.949879848414196,-1.953196613043899,0.69948235914317,-1.2951981705024735,4.826361758338333,-0.5215177581376604,1.4992861474009986,-0.9439509345483597,-1.063633292234071
10.0,82.0,1000.0762939453124,-4.24706797563028,-2.953494939080917,-1.960145015987384,0.690509351982671,-1.295963349403511,4.827292330360438,-0.5199441433485843,1.4853542321256177,-0.9385456190113716,-1.0684769341267208
10.0,82.0,1000.1036987304688,-4.247986254183323,-2.944119810672569,-1.9580386287408311,0.6897849730947323,-1.3019961996010272,4.8357116225566,-0.5177070655687857,1.4913147015972958,-0.9360198277103056,-1.0676992617612315
10.0,82.0,1000.1312255859376,-4.241618754053999,-2.950441223973404,-1.9592993249511537,0.6912498534568794,-1.3045618065143372,4.827332724556932,-0.5238771941160678,1.4867347980091292,-0.9380822774260612,-1.072114555264898
10.0,82.0,1000.1047973632812,-4.24549221799442,-2.9543683981237807,-1.9619702707872904,0.6894138335539175,-1.2983341221025393,4.827199936692853,-0.5186918365964521,1.484838015990146,-0.9338047156740608,-1.0734099646660162
10.0,82.0,1000.15185546875,-4.241400994044979,-2.9440829254976606,-1.9589980328460497,0.6904047523117995,-1.297146501726905,4.833547880940966,-0.5203868538657286,1.4937474571896605,-0.9330469036046648,-1.0675399247085298
10.0,82.0,1000.0830688476562,-4.243447389351126,-2.9521795303428924,-1.962616902074928,0.6902160792219245,-1.3020134126834408,4.829513159538122,-0.5185005870962875,1.4844924562273345,-0.933629615816944,-1.076400619613354
10.0,82.0,1000.0964965820312,-4.2485240143149205,-2.9500437030791664,-1.9634160022142844,0.6901523992737602,-1.3081596531320927,4.827726913566968,-0.518721048805272,1.4857703826518742,-0.9334146876852732,-1.0723069800860925
10.0,82.0,1000.1082763671876,-4.247942546929184,-2.945021639280379,-1.96224402144702,0.6853028454014805,-1.3039532628054786,4.837915815523731,-0.5174137701583996,1.4870191568218036,-0.9299340554988104,-1.071767567038127
10.0,82.0,1000.1408081054688,-4.245258938300962,-2.947066111796329,-1.960673208575952,0.6842077125325616,-1.2919439575809255,4.833946508132872,-0.5225353730267184,1.488381819001841,-0.9333866104133994,-1.0664214631537123
10.0,82.0,1000.1312866210938,-4.244353494781963,-2.951832804846944,-1.9589946231542887,0.693684405643376,-1.2915360524975017,4.830901693616234,-0.5194460851577318,1.4912655283579657,-0.9361883637209568,-1.0674391086107833
10.0,82.0,1000.1171875,-4.251385158372714,-2.9495560138147368,-1.959264111667172,0.6882408043752877,-1.3063233846882816,4.832566792351191,-0.5218303674707734,1.486605767746452,-0.9376421131692608,-1.0695843880021183
10.0,82.0,1000.0936889648438,-4.241688069811072,-2.951727377279824,-1.963497580133272,0.6867393335053649,-1.3064664339767718,4.826188506020706,-0.5222831483321198,1.4794250202770751,-0.935983020141978,-1.0757300510239776
10.0,82.0,1000.1173095703124,-4.234504252147137,-2.95204126879499,-1.963172035190821,0.6882989710346976,-1.299329187484894,4.825139869862378,-0.5220966010233488,1.4833084086632216,-0.934450323604473,-1.0782940715323148
10.0,82.0,1000.1439208984376,-4.243473719411439,-2.950477968077893,-1.9521493496019469,0.6950466538374114,-1.2829598074415045,4.833976203452634,-0.521777791412438,1.498598630112551,-0.9432746394186706,-1.059786698018252
10.0,82.0,1000.1358032226562,-4.244652492074024,-2.9468525542779127,-1.9481038230058765,0.6992277204905548,-1.2788598263483726,4.834830301695018,-0.5245335052277369,1.5034245414021443,-0.9522767112848892,-1.0523866992759665
10.0,82.0,1000.1651611328124,-4.237661772886058,-2.9467819260787547,-1.9664584657075848,0.6847347841594171,-1.3023011089711254,4.833840188832912,-0.5219174581217869,1.4871233170381029,-0.9265106208377684,-1.0805172742138098
10.0,82.0,1000.10986328125,-4.24700326462466,-2.950282889725723,-1.9553317204342209,0.6931208197729957,-1.298620480416512,4.828736858508444,-0.5205781391562665,1.4936019920165613,-0.9371714205714978,-1.069033662215929
10.0,82.0,1000.1043701171876,-4.2480593726695535,-2.944726267092013,-1.9575049854355688,0.6944054614782065,-1.294563389420575,4.834814890797169,-0.5166191487909009,1.4932737105353135,-0.934868332094271,-1.0657778046538935
10.0,82.0,1000.1282958984376,-4.244644419928025,-2.952584058426152,-1.9546702887509984,0.6971799893162336,-1.28462895867421,4.82590328046099,-0.5189359454202656,1.4938113587444557,-0.9397844160032732,-1.0650365458595452
10.0,82.0,1000.1302490234376,-4.243202786699908,-2.952154335942181,-1.9555504046139145,0.6902206953361727,-1.2972762482838518,4.828149470063778,-0.5247623721814083,1.4912776503591498,-0.9411665900146292,-1.0687745049181585
10.0,82.0,1000.1041259765624,-4.246536135094242,-2.9505250156283767,-1.9584375266364464,0.6941455703900488,-1.3146350976711996,4.830250102191108,-0.5180916360847112,1.4860245673819348,-0.9347052570460672,-1.0770985329630929
10.0,82.0,1000.1174926757812,-4.238916869922529,-2.9532344621819,-1.9620468730018683,0.6885317315344741,-1.301127272453873,4.827018769474332,-0.5186586182742916,1.4849838374263662,-0.932218101245831,-1.0795419238605106
10.0,82.0,1000.09228515625,-4.249848287891733,-2.941852159358074,-1.9536042864027967,0.6917386811109862,-1.3032646217379056,4.838242562861758,-0.5180433584951807,1.4941339992566665,-0.9369756664451838,-1.0661205003950736
10.0,82.0,1000.158447265625,-4.242573786082797,-2.9480683006976967,-1.958127828710185,0.6905497376613026,-1.3005345022364665,4.829562262139701,-0.5183879207828381,1.491269795617565,-0.9406336439127044,-1.068295062502231
10.0,82.0,1000.1063232421876,-4.237384688824369,-2.95149379832261,-1.9633254797083453,0.6878943146120449,-1.2915919739699628,4.82405595369962,-0.5219496999997739,1.4832429058940395,-0.9359373985580036,-1.072178673038426
10.0,82.0,1000.1082153320312,-4.251136436168391,-2.9493245366149186,-1.9608238566837235,0.6880205692549746,-1.3102719676373171,4.830228501111174,-0.5199886979819732,1.4848205681014657,-0.932832626439028,-1.0716849048861037
10.0,82.0,1000.1044311523438,-4.247148932491497,-2.948435056454812,-1.954118684917879,0.6940752929273595,-1.2905802760305676,4.828348852988935,-0.5237900322301456,1.4944426429053106,-0.9439436205032194,-1.0602620470286928
10.0,82.0,1000.083984375,-4.248033116601764,-2.942754641305453,-1.954841291116836,0.6933838848247431,-1.297461967394609,4.839355203991705,-0.5206833369257877,1.4925533676894744,-0.9359094162904588,-1.0648852913607798
10.0,82.0,1000.0969848632812,-4.239314433636991,-2.9593050703918973,-1.961652827946799,0.6933224194576368,-1.2912482888979555,4.81803806218484,-0.5229487297124216,1.4856754900742295,-0.9386214619255976,-1.0743974146223634
10.0,82.0,1000.0980224609376,-4.2509812834290805,-2.951439386834039,-1.957343649711325,0.6974511420493759,-1.2980869604906795,4.8308171526222505,-0.5182500201338254,1.4948534873153427,-0.9348784426121012,-1.0689152593698088
10.0,82.0,1000.1417236328124,-4.250017760939664,-2.9501652931656026,-1.957564891207788,0.6902333117088668,-1.300804899090244,4.830590021396064,-0.524914723929272,1.4938944330569193,-0.9381537954037044,-1.064915745702839
10.0,82.0,1000.1024169921876,-4.24804832143741,-2.9476480294033216,-1.960009821267645,0.6907639831056231,-1.2998255321670058,4.835935386681468,-0.5171998619549996,1.4909715731026063,-0.9321696804005706,-1.071135468493531
10.0,82.0,1000.135986328125,-4.239880221272437,-2.9571606160339603,-1.961790816446987,0.6915655183291127,-1.2972543349071175,4.823870801009484,-0.51882510238792,1.487943033597098,-0.9370190204038016,-1.0727390982643414
10.0,82.0,1000.0950927734376,-4.246594343129543,-2.9553312319544647,-1.9603067172495685,0.692889801346313,-1.297131709823149,4.823414183762843,-0.5205673934182204,1.4869248688650183,-0.9390575690655628,-1.069019428981126
10.0,82.0,1000.0974731445312,-4.248622218507092,-2.950366988317122,-1.9588679245281737,0.6903478091648774,-1.3022866808308056,4.830151943742349,-0.5215859352240875,1.4916281361004715,-0.9361591793081984,-1.0688446530901312
10.0,82.0,1000.1124267578124,-4.24471369047181,-2.946191429825733,-1.9592472840142097,0.6923078985396565,-1.2944729930485632,4.83529873853527,-0.5203820211605885,1.4943009504992162,-0.9334552536655424,-1.0654891783839728
10.0,82.0,1000.0840454101562,-4.241325449097698,-2.951796635028095,-1.9628386656607384,0.6881675513911754,-1.302952845892337,4.827295302800374,-0.5217301882129775,1.483833152524685,-0.9340638315339236,-1.0743697548316389
10.0,82.0,1000.1636962890624,-4.241049704359328,-2.9466799456258626,-1.9607609396754109,0.6875237081370784,-1.306720816270718,4.8269168425582425,-0.5198949187555844,1.4888391704232218,-0.9337685200751108,-1.0771644190100789
10.0,82.0,1000.0997314453124,-4.245034303290859,-2.952535574211953,-1.962824607964616,0.6911106675113903,-1.3033253778774712,4.825396978908312,-0.5186825922668863,1.4880140813574414,-0.9337010272293238,-1.0753139200283757
10.0,82.0,1000.123779296875,-4.244485883107872,-2.9485939267742776,-1.956096492748741,0.6948640515861495,-1.297483159077725,4.8289311003637465,-0.5235629254171537,1.491215720337701,-0.9393885521962596,-1.0673363139909915
10.0,82.0,1000.124755859375,-4.2320634396269625,-2.9526912802459333,-1.9593727109480548,0.6931750237715697,-1.288765835985911,4.825434087108372,-0.5211611990710043,1.4858131370158754,-0.9360338695342688,-1.074618563466177
10.0,82.0,1000.1213989257812,-4.257128936518306,-2.949656112859718,-1.948190127154743,0.6967125451008558,-1.2941162379864055,4.836121050742376,-0.520877675892998,1.5017726157983835,-0.9434266011541386,-1.0584986150375686
10.0,83.0,1000.095947265625,-4.246689485124425,-2.952452290992093,-1.956085057325478,0.6973411136580232,-1.2907771361998273,4.824902440380853,-0.5206537752504401,1.4908468417095824,-0.9415118042763552,-1.0648595388197748
10.0,83.0,1000.0875244140624,-4.248053195039112,-2.945737690955537,-1.9586432184298697,0.6904337813462869,-1.2989699648105657,4.835632908757097,-0.5201576676763207,1.4892499064571885,-0.933456121146877,-1.0664775586366422
10.0,83.0,1000.1011352539062,-4.250996886337946,-2.946985313426037,-1.9558672860072908,0.6906136836425079,-1.301892610218939,4.834249963804648,-0.5222084624580843,1.4909060439300594,-0.9387185531191083,-1.0668595031087786
10.0,83.0,1000.1415405273438,-4.251726960613061,-2.9435047877191725,-1.9596532810633511,0.6919149433812564,-1.3073332469843455,4.83607330185529,-0.5158415040042836,1.4918656040589262,-0.93151482816259,-1.0702642674664755
10.0,83.0,1000.126708984375,-4.247430814545811,-2.943856353880711,-1.9584027995035085,0.6911005110369848,-1.2997486697086424,4.836734015728773,-0.517329515897397,1.4910155950435249,-0.9325600646402634,-1.0670902618343645
10.0,83.0,1000.0608520507812,-4.244646099377794,-2.952478457445729,-1.958624637813013,0.6954490571107961,-1.2919386086851636,4.826422747939995,-0.5201617584490812,1.4887225597866696,-0.9403235688178916,-1.0676511513850055
10.0,83.0,1000.0929565429688,-4.251692654066753,-2.9413939260008286,-1.95614468270636,0.6877121736938161,-1.298488024410835,4.841181322869289,-0.5199175743975655,1.4920346553128263,-0.9348714320314704,-1.0644161172204765
10.0,83.0,1000.1090087890624,-4.248336527986624,-2.947437803838458,-1.9561103003573657,0.6924688118437485,-1.3022890686216892,4.835969843928513,-0.521203184152645,1.4936822682351192,-0.9341409673832572,-1.068857306166203
10.0,83.0,1000.1348266601562,-4.2468926903240005,-2.9518323131285378,-1.9620957262047551,0.6934395779106559,-1.3055963198386378,4.828026432743371,-0.5208484213573303,1.4831084257890037,-0.9339746095171924,-1.072888124802653
10.0,83.0,1000.0980224609376,-4.246178372206831,-2.953588730929096,-1.956296676992149,0.6955940021688161,-1.2897239571812902,4.829174304873366,-0.5204761073819881,1.491953186030473,-0.941509855897543,-1.0640269633048516
10.0,83.0,1000.1004028320312,-4.245425728647236,-2.956045044262062,-1.956080898614669,0.6958440526816627,-1.2921407502691378,4.824323430260783,-0.5224558454709918,1.4912916087610464,-0.9447363734434804,-1.0660212381839624
10.0,83.0,1000.0830078125,-4.248221033154037,-2.940616806403213,-1.9624647819580767,0.6834302207644347,-1.3126067245288917,4.840593769472001,-0.5188059053484206,1.4863615154415335,-0.9270775423260424,-1.0744494465552012
10.0,83.0,1000.0582275390624,-4.244564995095866,-2.9545046121908007,-1.9620638644245232,0.6915237572512094,-1.2957801617248623,4.8247912366608645,-0.5201067353132887,1.4830004617355037,-0.9381918626123112,-1.0708511006159085
10.0,83.0,1000.0999145507812,-4.244112942161443,-2.9550739394917533,-1.958143303848548,0.6966815811650839,-1.2930417613970633,4.822367581218414,-0.5215494654124955,1.4866436580636346,-0.9412404891947136,-1.0679794382980097
10.0,83.0,1000.0838623046876,-4.246328310339199,-2.9441056569631736,-1.9553916540199976,0.6909897725752492,-1.2923820180987815,4.838608694355171,-0.5219015095604149,1.494416271718844,-0.9373017460080816,-1.0622775625430418
10.0,83.0,1000.1318969726562,-4.250373807306536,-2.94976147346691,-1.9570309941082047,0.6895347679829094,-1.305776696314012,4.830194955131278,-0.5199150434360744,1.4889068917572883,-0.9372817750807504,-1.068256666737395
10.0,83.0,1000.1143798828124,-4.240262712815683,-2.953417239809259,-1.9648553264183888,0.6921483454080857,-1.303035548668085,4.822759325958204,-0.516366935048099,1.4812317051133972,-0.9328221947296552,-1.0807715820591612
10.0,83.0,1000.0811767578124,-4.240872221900659,-2.9497824069209617,-1.9649839307138928,0.685280739803761,-1.3055855220830543,4.829875501598318,-0.5200048740250249,1.4829350380098862,-0.9301537976928528,-1.0780153722214072
10.0,83.0,1000.1124267578124,-4.2458306311305645,-2.9510843622780314,-1.95828585454531,0.6962005225385548,-1.2988180718228053,4.830490563417195,-0.5189300336098661,1.490254599672273,-0.9380404434350628,-1.0693282482835542
10.0,83.0,1000.0840454101562,-4.24708187329215,-2.9492572878005348,-1.960140171395631,0.688694337935619,-1.3004058097241835,4.833250083016033,-0.520219504204424,1.4890257174161832,-0.9361399527816944,-1.069379279298376
10.0,83.0,1000.0957641601562,-4.245163960558509,-2.9523211725928435,-1.96163059801814,0.6909499217932735,-1.3031792073943156,4.827295061612427,-0.5184822049255047,1.4857074660127445,-0.9335878363761836,-1.073263944941087
10.0,83.0,1000.107177734375,-4.249945718611173,-2.9493437413048693,-1.9558511785410024,0.6925811156727395,-1.2956255054015515,4.832476131688594,-0.5221061370484144,1.4898201246699383,-0.9373160132451694,-1.064282899853441
10.0,83.0,1000.111083984375,-4.239984236778305,-2.953600296959723,-1.9567907460537644,0.6962044145310289,-1.2864740267885093,4.823665690462628,-0.5249033007462032,1.4926910469050243,-0.9432463899848952,-1.0641518727865371
10.0,83.0,1000.0977783203124,-4.245670381124914,-2.956810334839272,-1.9615634104454007,0.6941850456871634,-1.2896177322978857,4.821418464087351,-0.5219722978208061,1.4834728166863125,-0.9403241839600716,-1.0681873401245694
10.0,83.0,1000.1118774414062,-4.2503540082007385,-2.9496134751367475,-1.9569527211550004,0.6962763601233668,-1.2857161403941486,4.830522408958846,-0.5157116116743525,1.494800246825302,-0.9394315133576816,-1.0627032992551833
10.0,83.0,1000.0889892578124,-4.2463712595943,-2.9514143950016285,-1.961212666528056,0.6940136009022515,-1.2966011163618636,4.829847124629055,-0.518489028490305,1.4865803936688673,-0.9343633676721206,-1.0718726539156611
10.0,83.0,1000.0895385742188,-4.246525814691836,-2.9503695127018705,-1.9580434301193743,0.6909353831245415,-1.306136360933598,4.830314049177044,-0.521114923646059,1.486714225623313,-0.9366861484269222,-1.0717282245684077
10.0,83.0,1000.1058349609376,-4.252536099481673,-2.949741554821969,-1.958901657002124,0.6929062790270111,-1.3085396508041205,4.833618754021234,-0.5209035647418911,1.4910263527897332,-0.9331950375287406,-1.0707049703064977
10.0,83.0,1000.1185302734376,-4.253474768525392,-2.947192122946338,-1.9572472448576848,0.692081544223413,-1.3034222706035496,4.836498297614746,-0.5181149821301627,1.4905202064867922,-0.9339017910683572,-1.0699548920019248
10.0,83.0,1000.1029663085938,-4.246789917456463,-2.951299570521817,-1.957312621679528,0.6931429101025008,-1.294923209049708,4.829968284814756,-0.5206768396321735,1.490109937175785,-0.9364606420778774,-1.0677827249586551
10.0,83.0,1000.0896606445312,-4.247497481574081,-2.955443869681565,-1.9607085908059432,0.691574818895897,-1.2973827344486697,4.826564894680786,-0.5190205980631539,1.487764027230888,-0.9367581357547988,-1.0718821144296866
10.0,83.0,1000.1065063476562,-4.247047883149549,-2.952316743086305,-1.9632024000227029,0.6877009854684317,-1.2963903843752145,4.827270558219999,-0.522146332310351,1.4868399563550208,-0.9375478725054212,-1.0686150917035082
10.0,83.0,1000.1090698242188,-4.248302400297101,-2.945213893378712,-1.9523190992303767,0.6935394399086023,-1.2880555107230167,4.8346247278916135,-0.5206915387700155,1.497874535465776,-0.9426479277722803,-1.0605165199576376
10.0,83.0,1000.081298828125,-4.2460498544974845,-2.95080312380205,-1.963861084702,0.6870991650054057,-1.308613742550042,4.830280519538178,-0.5174734480676602,1.4823173864786483,-0.933366105919876,-1.0757290716854322
10.0,83.0,1000.087158203125,-4.246046797296722,-2.9535253148472536,-1.956835948420004,0.694988327689531,-1.2932543937542471,4.827532811851587,-0.5205573408094128,1.4877961913741655,-0.9398344468479785,-1.0692997139803708
10.0,83.0,1000.1069946289062,-4.247874166848939,-2.955198621106089,-1.9608887163212008,0.6917722577733851,-1.2944884015602125,4.8276037834969685,-0.5221556799295213,1.4892480464868072,-0.9367010547792792,-1.0689612617002204
10.0,83.0,1000.0997314453124,-4.246652268201346,-2.94979231572154,-1.9606119752097235,0.6912720032552544,-1.3014859387297828,4.832169643598487,-0.5169005688600832,1.48835487232546,-0.93352108497443,-1.073429383458127
10.0,83.0,1000.0911865234376,-4.241696027069882,-2.952010571208302,-1.9646552261045864,0.6896310437679176,-1.3005758324965615,4.824060200519803,-0.517978629063971,1.4808673919908912,-0.9334221540005484,-1.0754261984010944
10.0,83.0,1000.0862426757812,-4.241477015883774,-2.9552133323802328,-1.963598549803221,0.689026444598623,-1.2957214297140034,4.8226457801152165,-0.520069241329745,1.4808510098152583,-0.937789062111662,-1.0736631857172818
10.0,83.0,1000.0870361328124,-4.246699815693202,-2.9523850631068846,-1.960883640519265,0.6895557644115708,-1.3005194025612306,4.826028357329539,-0.5204057834719524,1.487166515914485,-0.9388076931887852,-1.0699332751447943
10.0,83.0,1000.1110229492188,-4.239486131080974,-2.9536888928155487,-1.962569512531057,0.6854171916319993,-1.2964580413873676,4.823741521885056,-0.523942325639867,1.482090986430781,-0.9379035517885068,-1.0729978213621385
10.0,83.0,1000.130859375,-4.243746293595244,-2.954857872324133,-1.9626207761848988,0.6931343172978899,-1.2991484585515316,4.821969452547897,-0.5181430822492148,1.4844746943796905,-0.9341602089904056,-1.0764801711081078
10.0,83.0,1000.0950317382812,-4.246930034140599,-2.946525590661718,-1.9612311502240272,0.6902988725538322,-1.3128739760169363,4.832941328096037,-0.519814297479325,1.4870960651775729,-0.9287588200014198,-1.076399831954991
10.0,83.0,1000.107421875,-4.24755913005315,-2.945712709808584,-1.9548859728290884,0.6895954315484278,-1.2954700332236522,4.832997195197175,-0.5226778664855614,1.4935662367738551,-0.9430468659550568,-1.0635947587011474
10.0,83.0,1000.0828857421876,-4.244051537452005,-2.951835901586373,-1.961516257886862,0.6896288391578587,-1.2991596768908762,4.829502079295494,-0.5182136030946873,1.4834140941708132,-0.9359651735588868,-1.0706516450031476
10.0,83.0,1000.0989990234376,-4.248853027748648,-2.9519335645424687,-1.960764061310156,0.6893263823815641,-1.300213162030575,4.829470011342762,-0.5205242581787859,1.4870887790354974,-0.934749195103108,-1.0698956823634624
10.0,83.0,1000.1571044921876,-4.250733458088356,-2.9507575462506,-1.954524064202852,0.7017370092946891,-1.2944438043222075,4.827763019600347,-0.5173562409911785,1.4956938060045282,-0.9398906111780284,-1.0652807385311671
10.0,83.0,1000.0941772460938,-4.242302295418309,-2.949609495443779,-1.9622547533063048,0.6866231070877955,-1.3032143016357942,4.829897309662595,-0.5204660946209936,1.4849537877587569,-0.9350964957170236,-1.0746804226437758
10.0,83.0,1000.1205444335938,-4.250690855271611,-2.9512346697270715,-1.9584075119802296,0.690968005506523,-1.304497338621439,4.8305375469208585,-0.5212411815891018,1.4906019664524193,-0.9351849548853748,-1.068343614681459
10.0,83.0,1000.0968627929688,-4.24439309779806,-2.9533328820119102,-1.9660299879938363,0.688670844299275,-1.301323566359729,4.827852991185763,-0.5181809084798754,1.4831253892988618,-0.9305539213128996,-1.076248896599683
10.0,84.0,1000.1001586914062,-4.245971415171431,-2.95593091414455,-1.9644094607855969,0.6913161997549722,-1.3001940900574982,4.826016625641277,-0.5187932192750804,1.4832307509136091,-0.9373595452997394,-1.073067370390921
10.0,84.0,1000.0885620117188,-4.245568302689257,-2.949226036376675,-1.962165301713508,0.6911918678968041,-1.2981069246709405,4.829989679745196,-0.5174224477760978,1.4823386567308825,-0.9356236770430346,-1.0708201339287573
10.0,84.0,1000.0894165039062,-4.245290788780112,-2.9498954963082875,-1.964380218305448,0.687090916005813,-1.302622755507972,4.829594448536126,-0.5206772629712226,1.4823638712543472,-0.9316482282100172,-1.0740650728598382
10.0,84.0,1000.0928955078124,-4.245825296366311,-2.948459022205992,-1.960806683211312,0.6883157577855856,-1.2972589890042094,4.834550975393487,-0.5190269177665972,1.4894374596379103,-0.9347794842563566,-1.0701711924668027
10.0,84.0,1000.0823364257812,-4.241742636970965,-2.953303474462888,-1.9600451686373148,0.6939789623288961,-1.287306678395983,4.826794604522972,-0.5192617360542053,1.4876715490302497,-0.9378622392190952,-1.069170710555504
10.0,84.0,1000.1266479492188,-4.249547391025227,-2.9486343108364608,-1.9580691374377857,0.6928349555419224,-1.3035541960258454,4.835055139219179,-0.5196849927507108,1.4915788767837537,-0.9343354438563908,-1.0680366107704864
10.0,84.0,1000.1258544921876,-4.246556013052644,-2.9524053564030632,-1.9599401634129936,0.6954579492035169,-1.293268983059424,4.82901093906502,-0.5201075755034452,1.492454948746296,-0.9383151537098708,-1.0670556762771453
10.0,84.0,1000.0668334960938,-4.245312055553493,-2.951427655896635,-1.9619365268030984,0.6888557997978806,-1.3039103844532685,4.83047802920991,-0.5186986227542318,1.483103444543891,-0.9338788246048252,-1.0750016991089013
10.0,84.0,1000.0718994140624,-4.243806698731308,-2.9481001486625726,-1.9598042323694944,0.689561071335504,-1.2967726870357603,4.830907602241631,-0.5195078123353394,1.488940992712827,-0.9360343713677208,-1.0689128386732794
10.0,84.0,1000.0829467773438,-4.244017070664111,-2.947045260023745,-1.9619585781308129,0.6870151908408744,-1.2980096271802424,4.834564305270021,-0.5189475348527086,1.4870260144787872,-0.9333559644217502,-1.0696598749642998
10.0,84.0,1000.1016845703124,-4.2496055782342825,-2.9464448686675007,-1.956920034636728,0.6938513797547508,-1.2968654391077157,4.835897825202121,-0.5193618196637093,1.4933167661480082,-0.9332104320887638,-1.0677394165601446
10.0,84.0,1000.1016235351562,-4.244399821217036,-2.949394784258456,-1.963541637082013,0.6844245838431098,-1.3064816858803665,4.83105578413725,-0.5187044781270069,1.4812942740482162,-0.9339334503395388,-1.0752551456758623
10.0,84.0,1000.0807495117188,-4.24598124827021,-2.948609772145544,-1.958100596444618,0.6883208153224682,-1.302705456443967,4.831218369405168,-0.5227143922223698,1.4888253418129818,-0.9360192360502636,-1.070016083533038
10.0,84.0,1000.0711669921876,-4.24430011471391,-2.9453882831316425,-1.9641612935632136,0.6844323540614656,-1.3083098436725598,4.834948922180082,-0.5173938009662828,1.4826615613105716,-0.9309846952717412,-1.0762524803722011
10.0,84.0,1000.09521484375,-4.244749508413846,-2.953951562002036,-1.9607650237692729,0.6911956468737408,-1.2975185730093228,4.8261475496656026,-0.5191398988598186,1.4887864852037422,-0.9387674318031972,-1.0706371197442333
10.0,84.0,1000.0637817382812,-4.243515153080864,-2.955483194733918,-1.965883122771136,0.6883432753314898,-1.3053003732661028,4.824314291511213,-0.5181666162010687,1.477291499651967,-0.9341898763300404,-1.079315899133956
10.0,84.0,1000.093505859375,-4.242526039543744,-2.949016123687864,-1.9574346100246776,0.6887867877740046,-1.292531740207408,4.833781420127503,-0.5218156335946054,1.489716523804847,-0.938163262096702,-1.065359578672997
10.0,84.0,1000.0867919921876,-4.243140488492628,-2.9511348219998013,-1.958778560527203,0.6933044144170584,-1.288664739415963,4.828249033592302,-0.5215934810205161,1.4904320348008504,-0.9391823710574928,-1.065251817604434
10.0,84.0,1000.0794067382812,-4.244066058440372,-2.959777096512636,-1.9623292113798008,0.6933088719003342,-1.295808921847538,4.816909927294478,-0.522168366583184,1.4855314650358284,-0.9394166498520358,-1.0734582340112513
10.0,84.0,1000.0870361328124,-4.246196528900071,-2.9549971418482164,-1.96419896547588,0.6877668408175293,-1.292280778100901,4.82507988385969,-0.5210441076694465,1.4807768076253165,-0.938870138826652,-1.0682383467693422
10.0,84.0,1000.0968017578124,-4.242697996536064,-2.9493831211915253,-1.9597595020173304,0.688568202961843,-1.3032705411701966,4.83061068822874,-0.522527472617961,1.4846403766951255,-0.9355653345301356,-1.071530585496077
10.0,84.0,1000.0972290039062,-4.244673826579079,-2.952111289522596,-1.9658432194963664,0.6849068167445633,-1.3026121225835374,4.8273488762125165,-0.5189494387721991,1.4806024963850923,-0.9337697029051322,-1.075970859634218
10.0,84.0,1000.0999755859376,-4.24410515420017,-2.9495103175095685,-1.9560445713139536,0.6940174856635659,-1.2889231722002157,4.831065524146473,-0.5230319599011217,1.4933968372723123,-0.9390622754805866,-1.06635580510742
10.0,84.0,1000.086181640625,-4.240553846393893,-2.959237129927867,-1.9658174597178089,0.6892119314438458,-1.2996483417665337,4.820216178085927,-0.5208011710704028,1.4799591802154255,-0.9365597567032572,-1.0766619927759489
10.0,84.0,1000.096923828125,-4.243699342760448,-2.9518033618797217,-1.9606459787122088,0.691195003173835,-1.3003841107389325,4.825704616482874,-0.51987419799263,1.485473102172607,-0.9352546945416024,-1.0738732161796225
10.0,84.0,1000.0734252929688,-4.240622386908178,-2.9519256908825864,-1.9618608944772853,0.6891542523146033,-1.2950855061713966,4.824507651449407,-0.521168260287455,1.4832412800804289,-0.9367039239258236,-1.072045975744904
10.0,84.0,1000.099609375,-4.245460806060507,-2.9458522376244525,-1.964742006005061,0.6876928445607327,-1.3094844205816147,4.83672713343797,-0.5170179067937735,1.4824211590219385,-0.9284920173618998,-1.076413240083158
10.0,84.0,1000.1077270507812,-4.246994823865351,-2.946398536913508,-1.955439822960636,0.6906035493803824,-1.2969469286312671,4.834450750931799,-0.5214920231359512,1.4947475450571428,-0.9365657274831056,-1.0656742758709248
10.0,84.0,1000.084716796875,-4.243544657422228,-2.9548186925073177,-1.9646678501992887,0.6905386799538142,-1.301956217457727,4.82365175510739,-0.5179124789388325,1.4832530786080245,-0.9359647024821324,-1.075953361030733
10.0,84.0,1000.0891723632812,-4.2485674160634765,-2.948080778570807,-1.962935445761555,0.6867030521130646,-1.3052039740627714,4.8326554181356975,-0.5174681797501162,1.4851483295641206,-0.9336655017341062,-1.0718802333311062
10.0,84.0,1000.112060546875,-4.242722198144784,-2.9521506810635536,-1.9646388002092907,0.6854467821603007,-1.3001603417117602,4.830661100916927,-0.520032405165253,1.4810028694017543,-0.9341815815026492,-1.0736134356116644
10.0,84.0,1000.0975341796876,-4.249855215809629,-2.948466313907323,-1.964753537113564,0.685061182610144,-1.310305235719547,4.833696006586754,-0.5180624191995369,1.4807528456715886,-0.931596489351671,-1.0727658352651877
10.0,84.0,1000.0877685546876,-4.246828009019833,-2.9476175947551684,-1.962105513906584,0.6881171613891732,-1.3035421090962769,4.8335079427600665,-0.5198235054321243,1.4853193408288543,-0.93106114013026,-1.0717606389955407
10.0,84.0,1000.1590576171876,-4.242928459100171,-2.949548749163289,-1.9601870397177468,0.6866979603364829,-1.2908339898184358,4.830781737699745,-0.5187243368757306,1.4855652717162382,-0.9400854289544532,-1.0653480983738763
10.0,84.0,1000.13330078125,-4.242270529552873,-2.9530132291885822,-1.9604673555348555,0.6899302870959811,-1.2862285130886275,4.828441039034798,-0.5202609971496237,1.483358198749647,-0.9398424212720125,-1.0659834160627495
10.0,84.0,1000.1292114257812,-4.249070265422146,-2.947364594872248,-1.960967709185772,0.6896826774094666,-1.303209381068954,4.8379165409786165,-0.5186251960142574,1.4897844478016786,-0.9306863827067042,-1.0705901554235635
10.0,84.0,1000.1099853515624,-4.246876679297922,-2.949889277062945,-1.9574839137221296,0.6899345925212019,-1.2909891164391714,4.832813739376098,-0.5208697480783702,1.4886023811385387,-0.9390840004796984,-1.062457696969526
10.0,84.0,1000.0910034179688,-4.2402624996586376,-2.951514515006344,-1.9680912091304,0.6869227342121853,-1.306853137329393,4.827285197150479,-0.5178358888367605,1.4791706246129257,-0.9283187692354096,-1.0808357765871484
10.0,84.0,1000.1044311523438,-4.245316505383362,-2.949381003239541,-1.9596479641078333,0.6916692833554672,-1.3034133284272231,4.827968988186713,-0.5181491402231613,1.4854798646530822,-0.9377901391616046,-1.0716419241942248
10.0,84.0,1000.0822143554688,-4.243247942485972,-2.950310116087159,-1.9606692415246936,0.6901699124406697,-1.30281953343591,4.832280975527393,-0.5204337668282868,1.485351277763895,-0.9338069418763242,-1.0734424240829532
10.0,84.0,1000.1024780273438,-4.243014028061987,-2.950313485140514,-1.9595086975116296,0.6877281981347423,-1.2960502679357115,4.831413473161442,-0.5229463537941532,1.4887755897862327,-0.9349544751380714,-1.0706746968466223
10.0,84.0,1000.1304931640624,-4.242888927119076,-2.9497398059673063,-1.9603268409524488,0.6911256815017852,-1.2988365790197571,4.829679152540676,-0.5194262958085902,1.4894465884405248,-0.9323749847339052,-1.0724481076576908
10.0,84.0,1000.0982055664062,-4.248828096391984,-2.9483039935849065,-1.962570079954668,0.6874362212147576,-1.3052840967069903,4.831864473321836,-0.5194690225362999,1.484627240826275,-0.9325562747767044,-1.0718551472397184
10.0,84.0,1000.0971069335938,-4.2452720563289095,-2.946749136626526,-1.960963751772632,0.6866461458907249,-1.3044217071227386,4.832529513993892,-0.5195360815054366,1.48320113825101,-0.9346467971724666,-1.0710754910593805
10.0,84.0,1000.09375,-4.2467114421197545,-2.950316370728025,-1.9575935339354311,0.6916722584131554,-1.2941745758716894,4.830160545966352,-0.5214102716858351,1.4886654858637227,-0.9387786898792524,-1.0648098534843395
10.0,84.0,1000.0852661132812,-4.244278476063731,-2.944384469537759,-1.9604586676931663,0.6878509497567196,-1.2992824084926022,4.835937370377067,-0.5222912520020015,1.4899274622900762,-0.9351635953095928,-1.067833316807794
10.0,84.0,1000.1036987304688,-4.247852153253578,-2.9433409076868613,-1.955489331156107,0.6927054410052182,-1.2996277398762213,4.836260777870782,-0.5197308614908023,1.4912133027546712,-0.9373398392580884,-1.068673663494951
10.0,84.0,1000.0816040039062,-4.243254650987604,-2.951708458247559,-1.9593177816889813,0.6947275349495659,-1.29214335686459,4.8287354736115375,-0.5207130388810395,1.4879323467277352,-0.9378763507777856,-1.0682651203262117
10.0,84.0,1000.09375,-4.247445172519525,-2.949324740202372,-1.9588644180481545,0.6939579674537697,-1.3015477239576705,4.832408159961252,-0.5167944614370503,1.4860097086623334,-0.9363642424211838,-1.0719032337891612
10.0,84.0,1000.1174926757812,-4.244429554013308,-2.948035332616662,-1.9609292737644872,0.6872426030142424,-1.2924973112893587,4.833705544595386,-0.524229441558627,1.4891309057118454,-0.938488450780552,-1.0652289763142315
10.0,85.0,1000.1013793945312,-4.241059134022992,-2.9557062503929536,-1.9693638410180048,0.6859925408866827,-1.3072996525105671,4.82403488609263,-0.5187031075925175,1.4778725848580256,-0.9292036808727576,-1.0809647753274532
10.0,85.0,1000.0933837890624,-4.245326354844899,-2.948942366976552,-1.9619801376460555,0.6873433382593621,-1.2995373780547754,4.82997497914503,-0.520849962263898,1.484239859100227,-0.9328278056898583,-1.0732359602969257
10.0,85.0,1000.1307983398438,-4.238274326750959,-2.9491765831587062,-1.9648777593415376,0.6855103962103755,-1.3024841201295572,4.8333938401352725,-0.5194292895488477,1.4792330349502496,-0.9316023183957922,-1.0787611165087094
10.0,85.0,1000.1007690429688,-4.244673006989771,-2.9495685326851686,-1.957431479242909,0.6923673724528925,-1.2961076555853457,4.829246313890028,-0.520027885580804,1.4917439006062008,-0.9379374281968572,-1.0689846823040772
10.0,85.0,1000.0797119140624,-4.249389614053137,-2.941869537988677,-1.9597053791326344,0.6860219711659221,-1.3079822570609312,4.8379814636352165,-0.5185728666816187,1.4880848098689743,-0.9315527373381628,-1.070206115829763
10.0,85.0,1000.084716796875,-4.242553042442534,-2.954282816389169,-1.962138962708952,0.6891963572806867,-1.2990429823930856,4.8264751162829285,-0.5215339171147289,1.482740644601935,-0.93564401298718,-1.0751729387607556
10.0,85.0,1000.0868530273438,-4.24180491828618,-2.9550337610853115,-1.9662048201514364,0.6882771625653774,-1.296976590972403,4.822114558731053,-0.5202575454265927,1.481047604922507,-0.9348004882288948,-1.0757973923251507
10.0,85.0,1000.0728149414062,-4.243091178363813,-2.951673321909096,-1.9601132223289448,0.6920482629231204,-1.2936513962682747,4.830325162646775,-0.5210017924648715,1.4881875877755943,-0.9374679174900952,-1.0689580453611027
10.0,85.0,1000.0945434570312,-4.242922792714436,-2.952779981460438,-1.9595355562949752,0.6923732366593693,-1.2956014670422773,4.827018929297683,-0.5205424829101251,1.488265107315243,-0.9381565644396536,-1.0692206624410563
10.0,85.0,1000.0731201171876,-4.246042255498565,-2.951038573825299,-1.959114520144228,0.6938131553787619,-1.2982711024493532,4.828209406922843,-0.5186054701977136,1.4863342633717522,-0.9397571077708538,-1.0684643894398231
10.0,85.0,1000.1257934570312,-4.245722473251111,-2.954954341727744,-1.9567213195927573,0.6927640818172573,-1.289212939244898,4.824968291625238,-0.5234518481461539,1.486307263764946,-0.9436293090892712,-1.06646247132843
10.0,85.0,1000.1021728515624,-4.245700894280993,-2.9421394574342177,-1.960283681433963,0.6841509828779069,-1.3024005937175778,4.83712490389876,-0.5212971205375645,1.488639227594125,-0.9323504504129784,-1.0692625254551569
10.0,85.0,1000.0933837890624,-4.242894637625491,-2.9574154495445297,-1.9640433503377448,0.6896585584681905,-1.2981794621049132,4.821195953058293,-0.5193463566832586,1.4806714201032776,-0.9346608683180468,-1.0754402284778886
10.0,85.0,1000.1201782226562,-4.242171736506844,-2.9488510135191346,-1.9628379368266493,0.6888074936152568,-1.3018992901603204,4.833475326070548,-0.5167653207504639,1.4802526410784296,-0.9324656871970404,-1.0776748616001717
10.0,85.0,1000.111572265625,-4.243175080345004,-2.951975592527337,-1.9654648817747848,0.6837146821655349,-1.3050812332664257,4.830231736019002,-0.5203239386140757,1.4798665945137666,-0.93171210365837,-1.078029930407972
10.0,85.0,1000.077392578125,-4.245173131913603,-2.948745545035845,-1.9631312795766305,0.6859781144997177,-1.305606486994304,4.833716374282638,-0.5191580335769794,1.4818368130972557,-0.93271256509672,-1.075919775377729
10.0,85.0,1000.1220092773438,-4.239066811412554,-2.951973937908938,-1.961353781097124,0.6882238347903709,-1.2943978916197325,4.824421776042515,-0.5227287696642788,1.48520884300528,-0.940882533551788,-1.0692053003499478
10.0,85.0,1000.0741577148438,-4.2470959441548,-2.94431498663346,-1.957686808975316,0.68961089640643,-1.2967781391804103,4.837311775641712,-0.5206188584649984,1.4902791933284742,-0.9355422372827712,-1.0657190521940003
10.0,85.0,1000.1082153320312,-4.244090677910513,-2.9524962226114124,-1.9638934094033729,0.6909044408013054,-1.2977255436656936,4.827647603731073,-0.519984281884299,1.478793650629992,-0.9339669964319172,-1.072160870198263
10.0,85.0,1000.1408081054688,-4.24711507074201,-2.9521476718420154,-1.956373355140924,0.6954922396910677,-1.3013173898705093,4.824755812848892,-0.522702482978743,1.4897501618615792,-0.9376394719865946,-1.071044635297944
10.0,85.0,1000.1221313476562,-4.242295493541932,-2.9627041028962515,-1.965358158612247,0.6941286252510253,-1.2975068746353018,4.814329473316708,-0.5215959171002664,1.4817855336876518,-0.9364252916576792,-1.076876003697369
10.0,85.0,1000.1224975585938,-4.242177911134536,-2.961010545440335,-1.964689209068982,0.689871299576204,-1.295101082018248,4.81710229301668,-0.5201973254978185,1.4807623948115651,-0.9370109838295192,-1.0757556607437695
10.0,85.0,1000.0811767578124,-4.244204227758235,-2.954739505007624,-1.9618501845554488,0.6942993000237871,-1.293924476536286,4.824202400318512,-0.5191378509026876,1.4830427853735326,-0.9369741061376012,-1.0710966579706578
10.0,85.0,1000.1136474609376,-4.24984850722392,-2.9477461678016947,-1.9609857710664609,0.6913582478284228,-1.301372101205697,4.833938632467159,-0.5201116346929897,1.4894576047599415,-0.9312279377223368,-1.068655786707831
10.0,85.0,1000.0792236328124,-4.244278781189864,-2.9506730641703145,-1.9606465377726163,0.6887526532133368,-1.3051927649683075,4.827836538252564,-0.5204717238745236,1.4859870663795594,-0.9348802750902152,-1.0742005088386657
10.0,85.0,1000.1015014648438,-4.241107680749832,-2.950047775637548,-1.9623753583338472,0.6887113604259385,-1.299164845028832,4.82916469890634,-0.5172731427462365,1.481897695736178,-0.9358051435247948,-1.0747606520155155
10.0,85.0,1000.0808715820312,-4.241538741432537,-2.956807647324945,-1.9650662681107829,0.6909665339744242,-1.296195297405338,4.821806907455475,-0.520018292280084,1.4813280110487428,-0.9382340970555498,-1.074996301518004
10.0,85.0,1000.1121826171876,-4.243779887666944,-2.957596436513184,-1.9679292757064568,0.6893847193506115,-1.3131511513482224,4.818997183581876,-0.5178433565776155,1.4726288354966446,-0.9303947877771162,-1.0817726942583654
10.0,85.0,1000.0888671875,-4.2501628917863,-2.948431801601279,-1.959441906200861,0.6919130025020062,-1.3043625499468297,4.835270643484028,-0.5176827416943262,1.4867326726246022,-0.934615912036442,-1.0694944174691026
10.0,85.0,1000.1109008789062,-4.24153901487571,-2.9615205362216503,-1.9652917201751905,0.6893167262292499,-1.2898735834643125,4.815565817393232,-0.5216601365065001,1.4786367835316383,-0.94126317751339,-1.0717023929166398
10.0,85.0,1000.0813598632812,-4.246583783178735,-2.953612232052676,-1.957847706921724,0.6952491923047539,-1.2911812077510696,4.825539156349553,-0.522639070951878,1.4896170353045255,-0.9444556743095828,-1.0639036182069803
10.0,85.0,1000.1165771484376,-4.250121107871083,-2.951881252109384,-1.956588905700487,0.6943847619242325,-1.299356454520538,4.830974739677428,-0.5205709236789078,1.4886912635557916,-0.9397836645902222,-1.0686382533257133
10.0,85.0,1000.09716796875,-4.245407561231682,-2.9493957298376645,-1.960866859113408,0.6857701978233921,-1.2972544375207984,4.831708774170231,-0.5232746785246407,1.4854670912252796,-0.9381313547774192,-1.0688654538034763
10.0,85.0,1000.0968627929688,-4.242448404309411,-2.94892400870665,-1.965606503824877,0.6875211914251045,-1.30241522671338,4.830557612081037,-0.5168652150820883,1.482981882362381,-0.9279784715154796,-1.0768961777661663
10.0,85.0,1000.1050415039062,-4.239262352949909,-2.952250215421932,-1.9643829895840952,0.6866520484349046,-1.3030163292744934,4.828776622334283,-0.5232014418745754,1.484057893146793,-0.9303506455080052,-1.0782652193641895
10.0,85.0,1000.0932006835938,-4.246177501256882,-2.9458849199816224,-1.9598446367164224,0.6909901989700087,-1.302321336645329,4.836316567756363,-0.518460819831108,1.4896598268662302,-0.9357057852627646,-1.069832425450044
10.0,85.0,1000.0697631835938,-4.243580067268075,-2.9515948390264155,-1.9625787016239,0.6887703454199459,-1.302384498965882,4.828279116557615,-0.519065643230074,1.4839348855714878,-0.9333597808668994,-1.0758354879003251
10.0,85.0,1000.1032104492188,-4.246245991334739,-2.955223986703117,-1.9615972723515696,0.6912309953860651,-1.3013821137554098,4.827607686847736,-0.5170960631957779,1.4826400890604274,-0.935756430573603,-1.0758551158867655
10.0,85.0,1000.076416015625,-4.245894018689213,-2.950522896158484,-1.957756897305932,0.6909509574755379,-1.298566519737181,4.828147687600019,-0.5222045689012642,1.4875057084903691,-0.9409403331715912,-1.0689211001447898
10.0,85.0,1000.0902099609376,-4.241469099429029,-2.9562562663930576,-1.964984265144632,0.6896588626611937,-1.3016493095014643,4.8248841429398,-0.5171364656895747,1.479240444693052,-0.9329625722016396,-1.0772684274187014
10.0,85.0,1000.0947265625,-4.245088767056802,-2.9531245545310743,-1.9581239166232896,0.6921520050919527,-1.2962996199981065,4.827845306209426,-0.519514041074995,1.4879031128465303,-0.938716700789186,-1.0691852513539848
10.0,85.0,1000.0685424804688,-4.244578781448846,-2.953882245838336,-1.959590300002905,0.6926281751338852,-1.2929113979183515,4.826205179259654,-0.5203681831383342,1.4864018802423071,-0.941252780077467,-1.0690698101391227
10.0,85.0,1000.0820922851562,-4.243942776598201,-2.947828019000388,-1.962180639283007,0.6856376641526989,-1.3056792093403669,4.833944616573589,-0.5186261628718798,1.4814714493461327,-0.9345055483222612,-1.0747249310100977
10.0,85.0,1000.1058349609376,-4.237087986422256,-2.9572572200393807,-1.96301130421042,0.6908297898893112,-1.2957604720427789,4.820784686663455,-0.5219693214707712,1.481479667218335,-0.9398392283975864,-1.0733908069088511
10.0,85.0,1000.1187744140624,-4.251796524278813,-2.9520272431439456,-1.9575731308753008,0.6919387826789674,-1.3004863338020085,4.831283094940551,-0.51764953676083,1.4905431325221483,-0.939928753880845,-1.067866836779185
10.0,85.0,1000.089599609375,-4.249423130031272,-2.9479765875929966,-1.958327414572787,0.6907205687592146,-1.2995355104377726,4.835298789992729,-0.5187528918590276,1.4895668833966456,-0.9353244034468896,-1.0688271206099884
10.0,85.0,1000.0763549804688,-4.24724097933801,-2.945459858337478,-1.9588392661876768,0.691653623730236,-1.2999601715412057,4.836201519983236,-0.5196296266059317,1.48984283305092,-0.9344279735787716,-1.0690999654125015
10.0,85.0,1000.0889892578124,-4.24363984343865,-2.946796817768772,-1.95695661399936,0.6907128633744763,-1.291456016167612,4.833873234714595,-0.5225341419699427,1.489335202508447,-0.9418471174509612,-1.0644641027170074
10.0,85.0,1000.0631103515624,-4.244097284974661,-2.955121973662476,-1.960901261251326,0.6923476555868469,-1.2929956434252343,4.823698102907622,-0.5210189560231955,1.483930954992278,-0.9396102808734854,-1.0695230104039617
10.0,85.0,1000.0858764648438,-4.244880018395265,-2.952123435456791,-1.963295458409204,0.687439144451508,-1.2985031875911757,4.829323879601613,-0.5204933268814322,1.4838826647967045,-0.93553018427607,-1.07236485773123
10.0,86.0,1000.0968017578124,-4.240861923802812,-2.951203510057613,-1.9598830480776408,0.6906107840654805,-1.3020578619466,4.826384462935433,-0.5195318378491018,1.4861233713220168,-0.9378923134988382,-1.074212425154946
10.0,86.0,1000.099853515625,-4.246945558489255,-2.94985635697756,-1.9600071062214328,0.6898968726941179,-1.3029332473982709,4.828782939989452,-0.5211557510783908,1.48641378446378,-0.9360392246433468,-1.0706657931349306
10.0,86.0,1000.0643310546876,-4.242199247240787,-2.9560400417431207,-1.9625139925705863,0.6919072551338612,-1.2944263980156423,4.822480121925571,-0.521682425078561,1.4828641631604258,-0.9382155627097264,-1.0726049308285803
10.0,86.0,1000.0880126953124,-4.247195831344484,-2.949020884043523,-1.959203497485669,0.6925306506543478,-1.3028090331489235,4.831712688225899,-0.5176419357785385,1.489058867774757,-0.9351147825502936,-1.0731563075400985
10.0,86.0,1000.1024780273438,-4.24693016021292,-2.9507130127604606,-1.961157856591754,0.6899034762338241,-1.301683501289273,4.8301820869063725,-0.5210725804982888,1.483022020360539,-0.9376690328843668,-1.0710459902033072
10.0,86.0,1000.0927734375,-4.2466948593390415,-2.94778588291182,-1.957783738260324,0.6921999635182328,-1.3017055422543682,4.831219465641732,-0.5206131320109151,1.4873581158318592,-0.9363799122886016,-1.069658684103401
10.0,86.0,1000.1116943359376,-4.245139468578353,-2.9485156972500426,-1.958497730501665,0.693872488806849,-1.289648188271955,4.831538113288058,-0.5212663434217495,1.4895556319607357,-0.9417831906801126,-1.066272924886615
10.0,86.0,1000.0906982421876,-4.249889596720962,-2.950626913510828,-1.95914076173062,0.692929206619258,-1.2992076679019613,4.832229156626562,-0.5192333814335779,1.4875332747488077,-0.9343213877141388,-1.0686085660595266
10.0,86.0,1000.0770874023438,-4.24145569220862,-2.9506649314744595,-1.962421779211604,0.6898925539761631,-1.2958950585009408,4.828362628763008,-0.521477838355108,1.485050221638513,-0.9371102560985508,-1.0706785362935016
10.0,86.0,1000.0723266601562,-4.2436060377374085,-2.950667739076334,-1.961455879145935,0.6892054509612837,-1.2995126489793565,4.827933417454748,-0.5200031922341584,1.4852488002869162,-0.9377160924772204,-1.072285267445575
10.0,86.0,1000.1094970703124,-4.244381170566879,-2.9554248601045554,-1.9603127547519577,0.6961345673757435,-1.2906351520786514,4.821551395885042,-0.5215638941903142,1.488246633751963,-0.9392476111487688,-1.0683129664863729
10.0,86.0,1000.087890625,-4.244084402286399,-2.9503359749290734,-1.958858483207488,0.691908491995747,-1.2977532877880096,4.830436543329087,-0.5221983622722695,1.4889707881665668,-0.9383628350492996,-1.0675334219709374
10.0,86.0,1000.0970458984376,-4.24488894225833,-2.949537081086994,-1.96180102646288,0.6903911925837285,-1.3058748447531483,4.8327788891992505,-0.518519632748089,1.4815859802375408,-0.9317951298057708,-1.07543322539845
10.0,86.0,1000.0945434570312,-4.2459037331885625,-2.946155901713214,-1.9600108992768872,0.690508934692514,-1.3025584240769206,4.834769716903153,-0.5177556890513078,1.4855490581767228,-0.9316121896625232,-1.0733235538721364
10.0,86.0,1000.10595703125,-4.249952519869322,-2.9515908290826607,-1.957615926708801,0.6930959931331868,-1.2950616482414996,4.830491468365514,-0.5193078850913491,1.4882811183345428,-0.9409290453834548,-1.067165506389311
10.0,86.0,1000.079345703125,-4.246026093368141,-2.948556018703406,-1.957427357113231,0.6937576695732242,-1.2972697279131813,4.831399033933344,-0.5182052803971766,1.4911639184002858,-0.936842923959011,-1.068651309973176
10.0,86.0,1000.1014404296876,-4.2477903080431565,-2.9463073404776434,-1.9614687363701355,0.6872974328893964,-1.304243248978784,4.835120079712214,-0.5195229184876506,1.4836620224394466,-0.9359178897356166,-1.0701498231616178
10.0,86.0,1000.1032104492188,-4.246312599717728,-2.9511858881076938,-1.9604629252494803,0.6924732490307806,-1.2958847092028083,4.8309283133268845,-0.5206594655292447,1.4855287724756208,-0.938782615426585,-1.068336053369337
10.0,86.0,1000.0747680664062,-4.250479375626799,-2.947475541956886,-1.9574042415059096,0.6953846650544584,-1.2946838608796312,4.833227112211224,-0.5184623679266274,1.492512304071404,-0.9379581046216474,-1.0638679154200954
10.0,86.0,1000.09130859375,-4.24237575435315,-2.950815274313949,-1.9606592585788607,0.6902042686711249,-1.3070633225893449,4.827029240218181,-0.5206078945811914,1.4836337213510111,-0.9351000750700962,-1.0768238178505078
10.0,86.0,1000.1036987304688,-4.245172836260963,-2.9520985272040114,-1.9568973657199693,0.6927644351243476,-1.292327047890634,4.828213001311868,-0.522447231944712,1.4909623035945447,-0.9446894436184544,-1.0647433179409194
10.0,86.0,1000.0816650390624,-4.243351830916552,-2.958772612125381,-1.965636575675362,0.6910067314499599,-1.3016476581260887,4.82110367943079,-0.5193782030746998,1.4789106782803554,-0.9364267981652468,-1.07797885402696
10.0,86.0,1000.0963134765624,-4.245715513311212,-2.950989637265144,-1.9579556988846976,0.6941184753434513,-1.292729719760934,4.831474301350934,-0.5179213542088412,1.4848634730934958,-0.9399426862254484,-1.0680547734041204
10.0,86.0,1000.1073608398438,-4.249062214328164,-2.950866131658361,-1.9595229942380288,0.6936925760528112,-1.2957740181961102,4.828847847104468,-0.5172815495704599,1.4889389259517565,-0.9360922885297508,-1.0688476517411432
10.0,86.0,1000.0787353515624,-4.244949148549543,-2.952862678835492,-1.961171597334169,0.6901690290692821,-1.2977004456309065,4.827451917646501,-0.5202280481741628,1.4855302689266034,-0.9364312768408212,-1.0717046822399476
10.0,86.0,1000.06884765625,-4.243242224139946,-2.9532399664386264,-1.9604313546120085,0.6926129863097286,-1.29318350851588,4.827010038523891,-0.5207226513671772,1.485636787410041,-0.9379934407807538,-1.069811200357718
10.0,86.0,1000.1030883789062,-4.242226807687442,-2.954510653263634,-1.960885129953504,0.6899419085415994,-1.2953960586140316,4.822616258035721,-0.5198224248918946,1.484880392419397,-0.9388568565764182,-1.0737281585278708
10.0,86.0,1000.097900390625,-4.245718977577215,-2.949354962371879,-1.959449383317147,0.6881272515883516,-1.2965664272145432,4.831740429992481,-0.5197817953329746,1.4868770203845774,-0.9403206928614996,-1.0669889000390032
10.0,86.0,1000.0856323242188,-4.247089263434843,-2.9501768970544835,-1.9578401408102344,0.6919431329734778,-1.299023687091026,4.828926934618702,-0.520111058618923,1.4864864866313754,-0.940876476504898,-1.068553424949667
10.0,86.0,1000.0722045898438,-4.244969699764806,-2.952046554136008,-1.9606963125029315,0.6893445579268453,-1.296128230360221,4.827686696385165,-0.5224069983078206,1.4849584877714983,-0.9393557637150608,-1.0683620750937086
10.0,86.0,1000.1134033203124,-4.246451380245906,-2.94811374532336,-1.9554028203457288,0.6908663797805463,-1.3009571590639737,4.833657222889784,-0.5227076742408734,1.4918227675876832,-0.9373731587606252,-1.067813186075926
10.0,86.0,1000.0726928710938,-4.243591151396764,-2.9505410918464072,-1.9588532079234928,0.6928325837305689,-1.2988037775204917,4.829509276998403,-0.5197781098979872,1.4887816308235529,-0.9377894518475962,-1.0718056081967795
10.0,86.0,1000.0774536132812,-4.242792782072097,-2.957621896174527,-1.9592961369653947,0.6953257261056747,-1.29460914107077,4.820768498730368,-0.5194030143077732,1.4856418905462585,-0.9413884381640356,-1.0735579124554633
10.0,86.0,1000.1019897460938,-4.242711894200794,-2.956529563273901,-1.9629807081808155,0.6948370353487139,-1.292159280458454,4.818540139069247,-0.5201242814882407,1.4831525105504593,-0.940272376552726,-1.070537451280042
10.0,86.0,1000.0858154296876,-4.24107196984301,-2.9557704727636,-1.9622099988951616,0.6909149282743705,-1.300183011180864,4.824309808103381,-0.5213927770442695,1.4810060168204746,-0.9380882314931912,-1.0743142366323193
10.0,86.0,1000.083740234375,-4.244621978346185,-2.9491100216563435,-1.958591920420892,0.6907288192178607,-1.2921130634224545,4.8315362221453455,-0.5196501054878633,1.486838259720214,-0.9387609105812382,-1.0683293929887236
10.0,86.0,1000.068115234375,-4.247330589537922,-2.949057662581018,-1.9549094240703004,0.6945264145964032,-1.2929468320845574,4.831119594631355,-0.5215051884729869,1.493343633815977,-0.9410387235762006,-1.063947708882912
10.0,86.0,1000.0850830078124,-4.244788983776273,-2.952750693131472,-1.958455175364924,0.6930659417377427,-1.2916623720867788,4.827831672891044,-0.5197386125550612,1.4849944732819242,-0.9405834980385076,-1.0680833910412062
10.0,86.0,1000.08935546875,-4.241914994064514,-2.952252994763748,-1.9581830961959312,0.6948627134892167,-1.285179937830903,4.825337549433318,-0.5218908770269897,1.489607997457898,-0.9424002711650568,-1.064932638052523
10.0,86.0,1000.0880126953124,-4.2484235471433145,-2.9526260995511944,-1.959718437746892,0.6908436200276489,-1.2967775241931028,4.825963024440041,-0.5208615189462256,1.4875545629127078,-0.9399145611998748,-1.0671434917287348
10.0,86.0,1000.0934448242188,-4.244773333867893,-2.9532375597953706,-1.961636506739735,0.6926060319478298,-1.2985040363474627,4.826447331001816,-0.519310177930711,1.4863664444400806,-0.937608505879398,-1.07142872890361
10.0,86.0,1000.1240234375,-4.236393884326398,-2.9602650018262544,-1.9677059934597805,0.6906572429000635,-1.2956366276233648,4.816217439015862,-0.5191940876530863,1.479931910136724,-0.9333786364522432,-1.078774331121799
10.0,86.0,1000.1057739257812,-4.246410590443179,-2.9498837167483885,-1.9618248377623777,0.6897273308188936,-1.3051613865459863,4.830606761861764,-0.5212256343417092,1.4876386246686142,-0.9332493390724794,-1.074034732649907
10.0,86.0,1000.1044921875,-4.241672656289467,-2.9591947021888405,-1.9663856997392413,0.6925747691340902,-1.2973267746746728,4.820349625233275,-0.5207999711865945,1.47931906309109,-0.9393431665806692,-1.0745812940421091
10.0,86.0,1000.0939331054688,-4.247664440201,-2.9462512014640847,-1.9624793602661943,0.6862833439377134,-1.3053451032977206,4.833870359894764,-0.5177477469403522,1.4831504999595522,-0.9330897297592776,-1.0741301040961022
10.0,86.0,1000.1143798828124,-4.240167137693646,-2.957066419717383,-1.9627222507926303,0.6926925591510553,-1.2927035097256367,4.823891526849295,-0.5212642404598657,1.484981673184549,-0.9357697333751148,-1.0758739117636271
10.0,86.0,1000.10107421875,-4.241761825813139,-2.955719721216272,-1.9639592172436744,0.6891879044192004,-1.2959326627185108,4.824151638374822,-0.5205064646381894,1.4820744096001492,-0.9382274332356166,-1.0746120056585444
10.0,86.0,1000.0927124023438,-4.243259156715529,-2.9481957625527286,-1.962668504813923,0.6854439319425136,-1.3039603670280089,4.831706024686831,-0.5213974700421833,1.483550180099115,-0.9334061511095736,-1.0726145435834082
10.0,86.0,1000.087158203125,-4.240586678381694,-2.9581777648795886,-1.9671626614879285,0.6884930904209394,-1.2969129306067972,4.819189349604956,-0.5208916399238159,1.4770041705800532,-0.9351163133829424,-1.0769882682022387
10.0,86.0,1000.0903930664062,-4.242246110709619,-2.95090583609893,-1.9604851092657607,0.6902944230719852,-1.3003275021314715,4.827775003021429,-0.52096296747475,1.4871801414419403,-0.9359064486417096,-1.0721292315883586
10.0,87.0,1000.0933837890624,-4.24727214635715,-2.9471182511992065,-1.9587009205109056,0.6911899872523861,-1.2929209143633007,4.832224467594386,-0.5215751161138655,1.4876903985401224,-0.9397653828122036,-1.0644208373849775
10.0,87.0,1000.0789794921876,-4.250011245590138,-2.952051247513144,-1.957672653873523,0.696017811760143,-1.29618794394333,4.828235640270853,-0.5185506152665234,1.4891765977751223,-0.940265041796855,-1.06743436355222
10.0,87.0,1000.0696411132812,-4.246713022100866,-2.9498528070676846,-1.9601166741162808,0.6910199835553987,-1.295348266751665,4.83091382514405,-0.5200684075312925,1.4875714386194003,-0.9379800678350474,-1.0672559089667917
10.0,87.0,1000.0905151367188,-4.243427437773147,-2.9476767243585047,-1.9623602111308127,0.6883300157421992,-1.3001931114292795,4.831364292553706,-0.5183870286044403,1.4832967854949617,-0.9336809171589896,-1.072664321083019
10.0,87.0,1000.069091796875,-4.241357002003004,-2.9539709144426936,-1.961845641298548,0.6906904446929731,-1.302396733789211,4.8251044375051,-0.5205174505717416,1.4842483647210507,-0.936129146933447,-1.0759289416987627
10.0,87.0,1000.07373046875,-4.24220258497148,-2.955578447184412,-1.960770157102892,0.6937273882801822,-1.2930803590002204,4.82148314667192,-0.5199887818350586,1.4843265072623095,-0.9417984212591044,-1.0708411089407948
10.0,87.0,1000.11376953125,-4.245999047026414,-2.952678595484687,-1.9577093451933696,0.6943338514307218,-1.2922130259715583,4.82665246373298,-0.521739816420375,1.4867840727021804,-0.9431892107656124,-1.0666943040443666
10.0,87.0,1000.109130859375,-4.246828613208296,-2.957721231965185,-1.9570708613633208,0.6995093570776341,-1.2863832940402062,4.820296323379393,-0.5210078668791542,1.4883147721527052,-0.94606656081125,-1.062905138343405
10.0,87.0,1000.0895385742188,-4.244107221888175,-2.9593362164700188,-1.9587190080438857,0.697475055930453,-1.2850216901730955,4.820956926101829,-0.5212290839126812,1.4880483541400409,-0.945972712442174,-1.0660284840475325
10.0,87.0,1000.0791015625,-4.245365648681793,-2.953673323913163,-1.962405659765858,0.6907276420925177,-1.3000834399982626,4.826878062424559,-0.5189856028188142,1.4849691698321985,-0.9359781286207278,-1.0744837988231777
10.0,87.0,1000.1141967773438,-4.246012741844306,-2.947456127591818,-1.9588014936907328,0.6895550546439306,-1.2978661124402642,4.832644131170486,-0.5233487690919008,1.491353547361439,-0.9357252781174354,-1.0671176673722722
10.0,87.0,1000.08935546875,-4.245712443389303,-2.945677790909648,-1.9611602053472856,0.6878689897157901,-1.3034803666138028,4.834461004319152,-0.5187836654091385,1.4863298835176222,-0.9327604329006204,-1.0733864001311484
10.0,87.0,1000.090087890625,-4.242860329381811,-2.9518001746940987,-1.960193837128025,0.6913338388067771,-1.2935989268157666,4.826848416595865,-0.5223454204661335,1.4873733511098417,-0.936531846280853,-1.0697272465812042
10.0,87.0,1000.082275390625,-4.242871094213173,-2.9545774138188694,-1.959006818222336,0.6930781259365819,-1.2914296931237097,4.823929432325594,-0.5216137492321202,1.4875791776010423,-0.9413489104422172,-1.069500552274509
10.0,87.0,1000.0824584960938,-4.242342069817815,-2.9547227461394194,-1.9622308753361384,0.6926002239874052,-1.292181897314379,4.824296576339243,-0.521637669365921,1.484486511322861,-0.938615311989306,-1.0697100652696403
10.0,87.0,1000.111328125,-4.246547988054303,-2.953795375905396,-1.956652870288038,0.6954608824746087,-1.2953130608144674,4.826061096378538,-0.5211296368614944,1.4902458192021042,-0.941198719543058,-1.0666068935327182
10.0,87.0,1000.10791015625,-4.246985296459169,-2.948022810269856,-1.959839684221832,0.6927031431765585,-1.296807460537008,4.830097335213623,-0.5186222872063109,1.4893943287973723,-0.9365244028151548,-1.0687444769611232
10.0,87.0,1000.077392578125,-4.244695548547152,-2.9508918518543426,-1.9612101972372369,0.6906050059691022,-1.3043694599609124,4.827212084549167,-0.5195469531295203,1.4851263718305754,-0.9359879928705964,-1.0743790787949696
10.0,87.0,1000.0794067382812,-4.245390581462358,-2.9485718248189525,-1.9594653618691389,0.6907245974332552,-1.3000547775483955,4.832287428059553,-0.5201096023505274,1.4871208200224242,-0.9348469524818483,-1.0721911271490847
10.0,87.0,1000.0711669921876,-4.241543544988912,-2.9527608149243734,-1.9624805348551024,0.6884420215448115,-1.3005375285232077,4.8264721313695045,-0.5204039006650749,1.4830987997782046,-0.935630341864357,-1.0749638581072118
10.0,87.0,1000.0838012695312,-4.243678013905877,-2.9542557522240767,-1.9626909799430048,0.6888023998655086,-1.297967872755164,4.825069991531027,-0.5211213268985988,1.4816430687905875,-0.9359426622301052,-1.0734121626206754
10.0,87.0,1000.1204833984376,-4.24570911884871,-2.95532245730898,-1.9588405601353915,0.696077981776714,-1.2919438484655288,4.820250807874896,-0.5195302296375557,1.487106305323767,-0.9422784897853118,-1.0687122202974573
10.0,87.0,1000.092041015625,-4.245361615070264,-2.952673728842468,-1.9564863857807,0.6957159413888547,-1.290306705307236,4.8262093977194205,-0.5206203608109146,1.4936504541534434,-0.9414261220584654,-1.0654009922303254
10.0,87.0,1000.0640869140624,-4.247496270592143,-2.951410179871618,-1.959830182367135,0.6916783785962464,-1.300782385631285,4.829373038753657,-0.5190630785186361,1.4857120445807617,-0.9381524789115572,-1.0700734136662629
10.0,87.0,1000.0807495117188,-4.248614366663497,-2.953543850698651,-1.9578815323847,0.6952084104971279,-1.2936348495468102,4.8275955325114985,-0.5180324801613114,1.488656313302739,-0.9405187117817108,-1.0662779332137626
10.0,87.0,1000.0814208984376,-4.246216155885175,-2.949416304872961,-1.960172346146357,0.688349831787888,-1.297100988938205,4.831223473721849,-0.5195496125959336,1.4884839131854743,-0.9375482629555032,-1.0688155986017067
10.0,87.0,1000.091064453125,-4.2438496994932775,-2.954157996886701,-1.960593468051148,0.6915256589406127,-1.295384367590704,4.823449328091439,-0.5235691451288602,1.4871576979887733,-0.9406438926551096,-1.069803795605227
10.0,87.0,1000.0982055664062,-4.245376270901395,-2.951229334532289,-1.9603033018848377,0.6924711688079688,-1.2992386436143706,4.829698150802313,-0.5208083459390869,1.4879152253863168,-0.9379205694617428,-1.070596079158182
10.0,87.0,1000.0868530273438,-4.241690338129003,-2.9548187824689967,-1.9604918983263948,0.6939751318590641,-1.2926000805600264,4.823427368632181,-0.5206298432750467,1.4855985367746172,-0.938558317590509,-1.0720678018311984
10.0,87.0,1000.0695190429688,-4.245812770148932,-2.9524066432837155,-1.9594807319888687,0.6900067760036022,-1.2948618861351189,4.826921993370963,-0.5215155485389369,1.4851850293915891,-0.9405728600210272,-1.0681627613172415
10.0,87.0,1000.123291015625,-4.246088537776238,-2.952108172459735,-1.9568880433245857,0.6935598676642165,-1.297449586074876,4.830033151449925,-0.5217448130953617,1.4914299456131026,-0.9389160391472586,-1.070905372220301
10.0,87.0,1000.0987548828124,-4.249635973704229,-2.953298434029227,-1.960660031990658,0.694979262641862,-1.2999891087360531,4.8270025191428125,-0.5190608507485139,1.4859450642398508,-0.9362199058984196,-1.0703886471617805
10.0,87.0,1000.093017578125,-4.245873950320188,-2.952336510081748,-1.960325830737244,0.6899082502378846,-1.294089276919573,4.828536501952748,-0.5201981975755254,1.4874410758752434,-0.936976270697996,-1.06805342889332
10.0,87.0,1000.079833984375,-4.243460830720562,-2.9528580855193223,-1.9605008838364868,0.6925735174353687,-1.2982608628338692,4.827083209629151,-0.5193930216877867,1.4868054893077387,-0.9367762277581662,-1.0736553977494956
10.0,87.0,1000.0917358398438,-4.243071171054353,-2.9593790816917585,-1.959907700175236,0.6941381475848916,-1.2897478226367245,4.817263320351435,-0.521680152796006,1.4834529161512169,-0.9450559309167356,-1.0686637572033626
10.0,87.0,1000.10498046875,-4.246333301708321,-2.951705450200377,-1.9569450586973165,0.6962247719876844,-1.2938847673432368,4.82774701192775,-0.5199248164966344,1.4894374605882712,-0.938555815911454,-1.0696054377105653
10.0,87.0,1000.074462890625,-4.245393398504747,-2.9500611685950515,-1.9600011941247424,0.6927259341885499,-1.2952351423931474,4.829607720091364,-0.5200789438197653,1.4881194284179695,-0.937138761532303,-1.0680394037579823
10.0,87.0,1000.127685546875,-4.247266461894686,-2.954682264039095,-1.9600223911626105,0.6947763622999172,-1.2981971983603289,4.822748103438336,-0.5214728234140455,1.4849219791545665,-0.9398257970674724,-1.068189550454283
10.0,87.0,1000.1033325195312,-4.247351868941782,-2.9506825139618367,-1.958638990701842,0.6906265116854691,-1.304487412430058,4.830706639024097,-0.5200511125049969,1.4855983885600024,-0.9364030367695602,-1.0730250183076668
10.0,87.0,1000.0641479492188,-4.24462782631415,-2.950811660626949,-1.961442110523607,0.6904790353916148,-1.3003990810475043,4.829835222973498,-0.520763102841407,1.4845265406499657,-0.9354997862169592,-1.072158232459102
10.0,87.0,1000.0670166015624,-4.24524929796381,-2.9492634372750177,-1.9594701670676704,0.6914776733125674,-1.2984288205095351,4.830068047772002,-0.518743219609247,1.4858730772252038,-0.9371452758844095,-1.070923784415207
10.0,87.0,1000.0880126953124,-4.246544842265903,-2.9462673222665843,-1.95687467198732,0.6942842036934858,-1.292621242012597,4.833127136520503,-0.5203694232518377,1.491103049436111,-0.9403638773950548,-1.063767042588895
10.0,87.0,1000.0716552734376,-4.244814684012187,-2.948877178826071,-1.9551674886927013,0.6945069102350976,-1.2843893801850204,4.830982843383074,-0.5211265401350182,1.4931589388961974,-0.9429521615349444,-1.0616967472937038
10.0,87.0,1000.09765625,-4.240830631857574,-2.957551369887692,-1.9628947164669213,0.6922534406892726,-1.2959649240555944,4.822044098246284,-0.5213040685370753,1.4836054925632265,-0.9396381707351162,-1.0735048090205606
10.0,87.0,1000.0785522460938,-4.241203428028502,-2.953454840984463,-1.9609681319530423,0.691774788939389,-1.2902595610967134,4.82544062253776,-0.5211012120065446,1.4866432424514198,-0.9402466365851244,-1.068406993355648
10.0,87.0,1000.0675659179688,-4.243304140263103,-2.9485405163542144,-1.959400085181156,0.6907466005091525,-1.2954613684877665,4.829581839706201,-0.5209276005230548,1.4867521351507609,-0.93722188814216,-1.0697488207230514
10.0,87.0,1000.066162109375,-4.242702606220578,-2.9578192104139136,-1.9636405666261063,0.6921154067397541,-1.2951777955147137,4.819810354162925,-0.5202871693568714,1.4819673470936312,-0.940319294519444,-1.0724720892819557
10.0,87.0,1000.0694580078124,-4.245861130976532,-2.9516710907277823,-1.961455084415012,0.6904800741877537,-1.304933261434495,4.828709040094235,-0.5188987845084174,1.485036507162734,-0.9351867398124004,-1.0740134646654471
10.0,87.0,1000.1026611328124,-4.247965252761727,-2.949428756092518,-1.9563309609842416,0.6924091549531743,-1.2997632582608882,4.829271851903869,-0.5198923499184254,1.4907359145000108,-0.9395001673848428,-1.0675941828786168
10.0,87.0,1000.059814453125,-4.244781387549509,-2.952725507797555,-1.963606787356531,0.6899169934004687,-1.3052060962382992,4.827670478105903,-0.517961176734067,1.4814854917270068,-0.9335314898085167,-1.0765160238793443
10.0,88.0,1000.073974609375,-4.245829300120808,-2.9492174411703207,-1.959694458834092,0.6896790672337003,-1.3008581819018916,4.829728933601116,-0.519513344472105,1.487093601674515,-0.9362512812194606,-1.0712403039106595
10.0,88.0,1000.072265625,-4.24534642895426,-2.9571066450461894,-1.9637976999768432,0.6922827679355521,-1.300932599779415,4.82179080317014,-0.5196955452823255,1.4829922956728776,-0.9369699964827856,-1.0752176991237077
10.0,88.0,1000.0692749023438,-4.247832451568126,-2.9493975184811747,-1.9607170434391616,0.6892247967136029,-1.3041199290824452,4.8312546722460255,-0.5195177438112761,1.484552794001801,-0.9356899844406028,-1.071242443713202
10.0,88.0,1000.08154296875,-4.245612012078327,-2.9506711888268096,-1.962849758843876,0.6874419095395847,-1.3063322085174152,4.8282273962764926,-0.5192867586505283,1.4802792925670865,-0.9343747370558226,-1.0750619418721588
10.0,88.0,1000.05859375,-4.244769910137323,-2.948993435327434,-1.9581671969981256,0.691328116521972,-1.2966379081390396,4.830452147894084,-0.5202783722035651,1.4877303404648927,-0.9394745489685016,-1.0682597958344546
10.0,88.0,1000.121337890625,-4.240907399322153,-2.9569025434217,-1.9613152146805384,0.6952365676452015,-1.2910338700563644,4.81923771083534,-0.5222008253961761,1.4864349684797542,-0.9388738117025266,-1.0711135314395333
10.0,88.0,1000.07470703125,-4.246394131599138,-2.950201306797244,-1.9586258227547453,0.692083981982301,-1.2985124531913934,4.830528679463907,-0.5207524613262278,1.4868837715772862,-0.9388797768253444,-1.0682078178376986
10.0,88.0,1000.0772094726562,-4.245074753054451,-2.956567784244127,-1.9605423199623784,0.6936390191735082,-1.2942954137988538,4.823296356790884,-0.518468960667934,1.4832347823400491,-0.940715312113082,-1.0711527509139902
10.0,88.0,1000.0557861328124,-4.247204417305285,-2.948276434347374,-1.9632260786954792,0.6886331791554543,-1.3082249242511597,4.832733112264528,-0.517482861611664,1.4829003811998342,-0.9303356562054672,-1.0761678495301927
10.0,88.0,1000.0808715820312,-4.248480584356511,-2.950349952365378,-1.956810427991832,0.6941716654863841,-1.2965621641696496,4.8316185228125885,-0.5198869647585411,1.4881104287930302,-0.9395201797206711,-1.066968482853388
10.0,88.0,1000.0882568359376,-4.239851315138054,-2.954085940167352,-1.963560543116344,0.6888614801232436,-1.2988497219414643,4.822721813460992,-0.5216836970611398,1.482208247278325,-0.9366219678170022,-1.075403399334951
10.0,88.0,1000.0853881835938,-4.244057451069326,-2.9560945230270024,-1.961368584803296,0.6961926246007897,-1.2939235662389614,4.824538122106079,-0.5189872943752674,1.4870279298609337,-0.9388477143377952,-1.070992261389352
10.0,88.0,1000.0927734375,-4.241977441335068,-2.9555807102930274,-1.964100930395413,0.6916203902281124,-1.295784764162926,4.824421374558053,-0.5216005512713089,1.482861957231223,-0.9361683514795728,-1.0727172534676903
10.0,88.0,1000.0801391601562,-4.24647034199055,-2.951709910807118,-1.9570881009320809,0.693462715766124,-1.2908236331922005,4.827571394899717,-0.522052235034348,1.489866154536407,-0.9422601411659608,-1.0645477638835523
10.0,88.0,1000.0751953125,-4.243141305856782,-2.955957849971957,-1.964036462525225,0.6912637783671984,-1.294484151123798,4.822496053468338,-0.5200605814894459,1.483090359339875,-0.9375402546476694,-1.072685320423692
10.0,88.0,1000.0758056640624,-4.243150306727147,-2.953269788262633,-1.960655386082359,0.6922091902243075,-1.2997883547682552,4.823728579473762,-0.520318238960912,1.484064164158844,-0.937530120748118,-1.074711673866822
10.0,88.0,1000.0846557617188,-4.245936658037795,-2.9494225679032784,-1.95949066400694,0.690497552595966,-1.2961501725179485,4.833490544024645,-0.5194228447937492,1.4867844414243372,-0.935550526897302,-1.0671681963206008
10.0,88.0,1000.09375,-4.243162757253758,-2.955923640847175,-1.960139642166637,0.6939190307460894,-1.2958930042359968,4.823362846336556,-0.5210450901124162,1.4865073765730443,-0.9401229384076508,-1.0724589722412214
10.0,88.0,1000.08154296875,-4.244116888070966,-2.9488029589752154,-1.9578580693703933,0.6923590496677292,-1.2947360223706663,4.829870658945042,-0.5211033300847756,1.4892709990335096,-0.938691502362599,-1.068245980593069
10.0,88.0,1000.0731811523438,-4.2452873351582285,-2.9515961138482645,-1.962629229823836,0.6918245779164138,-1.298242386509258,4.8271896141670165,-0.5195886359166586,1.4830094139778591,-0.9352543737160772,-1.071568833817242
10.0,88.0,1000.0831909179688,-4.244882397287635,-2.9525467894474664,-1.9602235927199088,0.6945425088316117,-1.29055983401342,4.825647307889929,-0.5204079172704645,1.4882946980758502,-0.9413390478779116,-1.0652839075730642
10.0,88.0,1000.0877685546876,-4.245041666185791,-2.951209420676608,-1.961239175788824,0.6901239064152573,-1.2944779369636423,4.827863697818515,-0.5205894889392084,1.4832094537415277,-0.9373752671716584,-1.0698890521212197
10.0,88.0,1000.0778198242188,-4.243279075372483,-2.951242822493336,-1.9596128300741809,0.6894448194973171,-1.2940420782644155,4.828383326903397,-0.5207525911429682,1.4859664003895183,-0.940087364795044,-1.0689419864232068
10.0,88.0,1000.0576782226562,-4.240759445755256,-2.9557444101000057,-1.9646288067792248,0.6917245600553121,-1.2944574496074623,4.821203155638084,-0.5201358515518413,1.4803943097576733,-0.9367459084913996,-1.075663626788288
10.0,88.0,1000.0892944335938,-4.24315621950042,-2.954980508597345,-1.964112574724384,0.6935462492207245,-1.302495699152142,4.825235760597737,-0.5172948897226668,1.4807795519884248,-0.933636525529427,-1.076753059331388
10.0,88.0,1000.09228515625,-4.244356733414989,-2.9519029402778547,-1.962742322662673,0.6906222059980704,-1.3002529716405964,4.829140053015346,-0.5187392779264268,1.4812997054992172,-0.934379320203119,-1.0726894451407358
10.0,88.0,1000.0711669921876,-4.24380844176086,-2.9526179522723286,-1.961700581814488,0.6911360584624866,-1.2993235523451236,4.827049363502384,-0.5185049324699929,1.483192147550092,-0.9358455273871328,-1.074971313575344
10.0,88.0,1000.0851440429688,-4.243042580731671,-2.95329261530198,-1.960425750527857,0.6930245946214866,-1.2957832898986217,4.825920422930821,-0.5204844270698619,1.487916461574521,-0.938563240014676,-1.0701482274091196
10.0,88.0,1000.08837890625,-4.247625750040788,-2.9523211395314024,-1.9607321337689592,0.6896898874835822,-1.304103189922286,4.827691415992387,-0.5195105704027512,1.4855296285831976,-0.93664680572083,-1.07143082336745
10.0,88.0,1000.0970458984376,-4.243243195356037,-2.951854442144231,-1.9609236198159208,0.6925250184800262,-1.295742919365011,4.826646075534601,-0.5192489069058261,1.4854458449444792,-0.9369444550128928,-1.0702134914572188
10.0,88.0,1000.085693359375,-4.242506247531978,-2.9559231480728183,-1.9641256305831127,0.6922189099596112,-1.3008189792525977,4.821444857352766,-0.5181610699507813,1.4803515974530417,-0.9373504996110684,-1.076512813924821
10.0,88.0,1000.0779418945312,-4.244262854990481,-2.9559180641443565,-1.9650256055542368,0.6893285346807403,-1.3005423334850224,4.822267976361164,-0.520269093472451,1.4803602351004148,-0.9371404720334252,-1.0747621541311112
10.0,88.0,1000.0777587890624,-4.245513826042483,-2.953030782497061,-1.959409876863055,0.6907414063350394,-1.2957650855188645,4.824836109911093,-0.5227600914337653,1.4863359225339128,-0.9416926530707688,-1.0690057976855147
10.0,88.0,1000.0659790039062,-4.245636397593182,-2.949901560468861,-1.9602010202311964,0.690638190691562,-1.297153326927425,4.830284840297669,-0.5205218048650515,1.4872934853867503,-0.937018897402127,-1.0681612067487425
10.0,88.0,1000.0503540039062,-4.242302848284724,-2.9565394403727057,-1.963460311132209,0.6913121479729725,-1.2959153568642243,4.822315842585759,-0.5205070840622099,1.4814362961624443,-0.938082725385926,-1.0736210126228074
10.0,88.0,1000.0829467773438,-4.246080027729854,-2.952660971719289,-1.9582128319779364,0.6947492112108256,-1.2941404716785163,4.827564092394447,-0.5192996265541003,1.4871317578965906,-0.9402297589046889,-1.0679063299938814
10.0,88.0,1000.0810546875,-4.241686135790722,-2.956071882635349,-1.965184224488195,0.6882034730176692,-1.3028600697598125,4.822251331764097,-0.5197982611881375,1.478791983294224,-0.9360550463816866,-1.0782250583912063
10.0,88.0,1000.0966186523438,-4.244369630462167,-2.9562179218801465,-1.9587232233520324,0.6960464454276751,-1.2907884913240304,4.822390300352865,-0.5216205073316384,1.487459036519193,-0.9399817638534368,-1.068775320304915
10.0,88.0,1000.0892333984376,-4.2438715653538885,-2.952708791651116,-1.9587427747404944,0.6930442455346855,-1.2949195370659865,4.824888450166952,-0.5210052536532626,1.4898994456287298,-0.9407356923129138,-1.0697547535631555
10.0,88.0,1000.0881958007812,-4.245945313354941,-2.949587551335763,-1.960172331691278,0.6902264854007365,-1.3012487508784505,4.830479702621975,-0.5199694360388927,1.4844246920497453,-0.9349227838031586,-1.0704940400518757
10.0,88.0,1000.0771484375,-4.244051884016162,-2.952727658759864,-1.9632251905676448,0.6898452057965008,-1.304193368641668,4.827658441952119,-0.518674149828426,1.4803579644326756,-0.9357990683246208,-1.07429183177248
10.0,88.0,1000.0689086914062,-4.239436600321844,-2.9568574025522483,-1.9642130409170284,0.6896286068466058,-1.2942730593360108,4.82129857247007,-0.5212656008603584,1.4811104645199205,-0.9392653274780098,-1.0742303810590204
10.0,88.0,1000.0752563476562,-4.244320738853853,-2.9514876104680856,-1.9600407774886648,0.6924452263112055,-1.295839281696351,4.827572569417702,-0.520878594132224,1.4861185850258094,-0.938550283484977,-1.069302753587959
10.0,88.0,1000.0584716796876,-4.241508271052789,-2.9563971555854027,-1.9642441906222088,0.6903062529062742,-1.2985761046758677,4.822331880121039,-0.5198824040962622,1.4805981592197843,-0.9371663841296148,-1.075649135240952
10.0,88.0,1000.0723266601562,-4.242790797464772,-2.9612911430018523,-1.962718479059586,0.6952356754848878,-1.2883523537108843,4.816501876618691,-0.5213011023603711,1.4820334966542772,-0.9421411251707452,-1.0703771899780137
10.0,88.0,1000.0833129882812,-4.245671466270194,-2.954498874638184,-1.9647164955148897,0.6897357850588826,-1.30666354778691,4.824486230154077,-0.5187945476573539,1.4804439581528674,-0.9337695311038114,-1.0770600119061644
10.0,88.0,1000.0576171875,-4.242273222746668,-2.957369401483496,-1.9632884057075013,0.6897002481852699,-1.2977908963853628,4.821300819252137,-0.5210640802243436,1.4815604794847337,-0.9390423688351676,-1.0738860728888482
10.0,88.0,1000.0762939453124,-4.238597232874724,-2.9575584031103204,-1.9662669194139768,0.6880262946374387,-1.2962091312856323,4.821479002358435,-0.5206003877298491,1.4790338995202577,-0.9371279237157424,-1.075786053500794
10.0,88.0,1000.0916748046876,-4.2475036984344055,-2.9499766555590226,-1.9600617370502804,0.6917760898306877,-1.3009999142528814,4.829566177893605,-0.5194432747406061,1.4840855634186385,-0.9367871242029128,-1.0707077454899592
10.0,88.0,1000.07373046875,-4.246221718127706,-2.951411328063094,-1.958739951070505,0.6943996205319838,-1.2936896728319622,4.827878748685768,-0.5199463735672785,1.4905151403117358,-0.93889113326302,-1.0671723288276178
10.0,89.0,1000.0632934570312,-4.244641265580426,-2.952584547016439,-1.9606764789071376,0.6909082029380142,-1.3021213478148963,4.828849657878703,-0.5188750396120367,1.485972135384836,-0.9348201630513656,-1.0739632008131037
10.0,89.0,1000.0770263671876,-4.242278013320116,-2.9532483680537096,-1.961358918545859,0.690145131031751,-1.294712635243732,4.825129382270651,-0.5215026369729516,1.4851994457502815,-0.939856150973748,-1.0706102387463123
10.0,89.0,1000.0865478515624,-4.2408631761293005,-2.957487547641419,-1.962456271867703,0.6919571325379774,-1.294308410205872,4.819454980757547,-0.5215380196819774,1.4836932436413104,-0.9393269868498316,-1.0732489519037198
10.0,89.0,1000.073974609375,-4.244979323234039,-2.9493641604200675,-1.95983750641212,0.6902034617220352,-1.2954978124972154,4.830259799533391,-0.5206044357992976,1.4860875194435312,-0.9369814807657812,-1.0692904322954129
10.0,89.0,1000.0656127929688,-4.242627803047895,-2.956940686437291,-1.9630782556670945,0.6912910979165243,-1.296361331959023,4.822765476211954,-0.5201011189441465,1.4808264536022806,-0.938018310279504,-1.0737430250007716
10.0,89.0,1000.0986328125,-4.244003395624038,-2.9525702777864185,-1.9586927738227948,0.691640787894384,-1.2895910877882382,4.825408275410684,-0.5223314031084332,1.487181057338506,-0.9404519355475828,-1.0669063791186373
10.0,89.0,1000.0903930664062,-4.241919962655005,-2.9609012998075186,-1.968615364877949,0.6909446192156139,-1.304157816320049,4.816830803899251,-0.5177253251464728,1.477116173578383,-0.9346371542772448,-1.0816524501102869
10.0,89.0,1000.0755004882812,-4.243891927153625,-2.948442852214876,-1.9615438222203152,0.6893992267215658,-1.302762613761566,4.83292745777484,-0.5193698069666599,1.4860495574660506,-0.9336507198478134,-1.0726980285224856
10.0,89.0,1000.0629272460938,-4.246377808641801,-2.95022323881778,-1.9623664675921049,0.6887009285842254,-1.3034777690546244,4.829927473383775,-0.5178273493534915,1.483399314919609,-0.9332602304325056,-1.0737520736144637
10.0,89.0,1000.0703125,-4.247612634512626,-2.951035594806016,-1.9594485461085256,0.6939860390382426,-1.29714663103262,4.82921792606075,-0.5181053888249112,1.4880041200027003,-0.936746842152921,-1.0701873192475275
10.0,89.0,1000.0722045898438,-4.249360069677424,-2.94650307093966,-1.958173748746848,0.6900546401695475,-1.2996679864730671,4.834390104608184,-0.5187025959830933,1.489867034831912,-0.9359126296702048,-1.0669569807731607
10.0,89.0,1000.0867309570312,-4.24542353107188,-2.9473088822954483,-1.9577468126337685,0.6913461028229673,-1.2935209336483848,4.831724409650418,-0.5209224761408269,1.4910918587051745,-0.9392166904326116,-1.066080408681236
10.0,89.0,1000.0621948242188,-4.244003076237081,-2.9517753259725628,-1.961924292617518,0.6890098035429926,-1.3018228250320485,4.8281814998969885,-0.5203102429803135,1.483016668230607,-0.9358397861780556,-1.074613101282897
10.0,89.0,1000.0692749023438,-4.243976637831819,-2.954121196295345,-1.9654329957305188,0.689779567232625,-1.299441579696082,4.825509626052828,-0.5183993687499031,1.480338351716803,-0.9333946996660538,-1.0766132713633914
10.0,89.0,1000.0748291015624,-4.239358507514039,-2.956728977875155,-1.966115921195144,0.6917320104176161,-1.3024708042821804,4.820028677949663,-0.5194032954238406,1.4792794432048335,-0.9341893269978928,-1.080134011012137
10.0,89.0,1000.085205078125,-4.242500607896911,-2.9557212404906394,-1.9639820345416927,0.6904653028601828,-1.3015562108482284,4.824293323616711,-0.5196317299326676,1.4816701391206486,-0.9354631705918344,-1.076154885289685
10.0,89.0,1000.0941772460938,-4.243016541018232,-2.9531970553274203,-1.962300837223024,0.6899863738403305,-1.3049157010861867,4.827419914832337,-0.5201025540282771,1.4821478737471503,-0.9348227389866616,-1.0765120254475369
10.0,89.0,1000.0647583007812,-4.243962060568056,-2.9533841141537494,-1.9633383770761403,0.6913815833198544,-1.2969954951029157,4.82595772875535,-0.519227840895061,1.4832025932322497,-0.935453391996794,-1.0733193615996337
10.0,89.0,1000.0673828125,-4.245083733371432,-2.9514277570659413,-1.9595789877787988,0.6925271059045324,-1.2937700536262997,4.82790285646719,-0.5210249044078727,1.4878118732593837,-0.9393990999779912,-1.0685535093520415
10.0,89.0,1000.0703125,-4.24666705266552,-2.952461778184177,-1.9610634982969493,0.6918170433780944,-1.3013896971042205,4.826723750989942,-0.5199738909670213,1.4852725789155707,-0.93676280032604,-1.0724238962486945
10.0,89.0,1000.0879516601562,-4.249650664383985,-2.9498087668276534,-1.959512788274242,0.6907242437838725,-1.2943860538253067,4.8321368823581,-0.5204605503157982,1.487515156883359,-0.9391328071170264,-1.0657523422477642
10.0,89.0,1000.0656127929688,-4.245437196352302,-2.952001994292483,-1.962376301092645,0.6884870211062912,-1.301337194736345,4.82783604056946,-0.5188362825004171,1.4827278635662289,-0.9364644611409236,-1.073688343571786
10.0,89.0,1000.0830078125,-4.240384505467894,-2.954882978736362,-1.966732300832476,0.6902610722870461,-1.3043508158086476,4.823405846384759,-0.5179877896170275,1.4791775982578723,-0.9312751092676894,-1.0807980347199786
10.0,89.0,1000.0703735351562,-4.244187008378402,-2.951601107817417,-1.960126729002765,0.6907178589688634,-1.2980697173620497,4.827274074940782,-0.5211854318778872,1.4869132335289583,-0.9385484679166352,-1.0705229914369103
10.0,89.0,1000.0780029296876,-4.242756872477197,-2.9553046187628915,-1.961383386930216,0.6915839313759982,-1.2960845033963873,4.823384973725037,-0.521177338042345,1.4822165859770466,-0.9397171967857094,-1.0728444182391552
10.0,89.0,1000.0681762695312,-4.244791856053031,-2.958371350125025,-1.963029135661116,0.6937963014786606,-1.2924385834953571,4.820682790120067,-0.5190726599915569,1.4809135523339751,-0.9399750202450106,-1.072466378953898
10.0,89.0,1000.056640625,-4.241898545386558,-2.9559773200295107,-1.96532380676018,0.6909312073919294,-1.2966493239510628,4.8230982530142406,-0.5189468502529486,1.480474842367066,-0.9354759900285936,-1.0754690400707605
10.0,89.0,1000.070556640625,-4.242629409528341,-2.960224271702847,-1.9653969527691069,0.6914533775306664,-1.294855009343419,4.8179139761935925,-0.5212202538088846,1.4780740789679765,-0.9404420204307602,-1.073606164226526
10.0,89.0,1000.0654907226562,-4.244764785810663,-2.9526767264325344,-1.96335190396349,0.6886535031988226,-1.3025390484014148,4.824780400316962,-0.520892435353101,1.480970341264019,-0.9366775890610856,-1.0738563970753887
10.0,89.0,1000.0733032226562,-4.245028262770946,-2.952807974037132,-1.959612116603884,0.6924459316235945,-1.293828808663215,4.827254877559897,-0.5204941545533943,1.4854875994218777,-0.9395708005665586,-1.0686738541454273
10.0,89.0,1000.078857421875,-4.243087350045453,-2.953527698945016,-1.9663921943177567,0.686542631498078,-1.3037433547126902,4.824781305429683,-0.5182221037272488,1.4763239520999862,-0.9335392684974568,-1.078293800205687
10.0,89.0,1000.0751342773438,-4.238343225691757,-2.9614881931785826,-1.965978855998233,0.693011402266225,-1.2909341128279217,4.814154155591439,-0.520147988494867,1.4778401991105747,-0.9403879592778992,-1.077028739060279
10.0,89.0,1000.0737915039062,-4.242793073274989,-2.9562459302132,-1.9659203972237007,0.6895468098730824,-1.301629068389924,4.822875607931028,-0.5191681007904876,1.4801816575309354,-0.9343563472511408,-1.0782897981304274
10.0,89.0,1000.0758056640624,-4.246173426279038,-2.954614376734212,-1.9632334805978693,0.6898078644263563,-1.302106275204138,4.8253247614304335,-0.5193962041959397,1.4832653557020483,-0.935348598180056,-1.0740515980831704
10.0,89.0,1000.0615844726562,-4.245686857574819,-2.9503387414217976,-1.9633651700822456,0.689052642375863,-1.3049569188803578,4.828177063256966,-0.5196397458616557,1.4820513984848684,-0.9329240484166306,-1.0749982530711129
10.0,89.0,1000.0782470703124,-4.245494560587853,-2.95084552127424,-1.9649032796165968,0.6864793869383687,-1.311586572173436,4.829469866443109,-0.5176309440735496,1.479542379741007,-0.930301700974983,-1.08030803800911
10.0,89.0,1000.0817260742188,-4.240470046917778,-2.956078917251385,-1.9634789557646608,0.6912992728591174,-1.296068864593262,4.820440698328445,-0.5199701872798261,1.4814448573992252,-0.938138613689901,-1.0753556120397016
10.0,89.0,1000.0631713867188,-4.244234692490851,-2.9532982683166464,-1.9643365358368297,0.6904298365387973,-1.3021335330485968,4.826848816781414,-0.5184408304160728,1.4802222930160136,-0.9338435856444596,-1.0772267002851437
10.0,89.0,1000.0718994140624,-4.245451766385631,-2.951096561606934,-1.9621154954514608,0.689886019955769,-1.304053025057951,4.828695199241972,-0.5200544051189873,1.483129668494457,-0.9348786551525352,-1.074413310455038
10.0,89.0,1000.0877075195312,-4.246501218926484,-2.9493705235525454,-1.959479747787782,0.6886194455485892,-1.3000365956549635,4.833534137060665,-0.5207755407941628,1.4888185929647086,-0.93617438355881,-1.070119057264041
10.0,89.0,1000.0762939453124,-4.242903996612194,-2.957240160959511,-1.9652711782417192,0.6909323876339792,-1.3021639416402682,4.821498133561375,-0.5199337494804395,1.4780176982186033,-0.9350010288718736,-1.0770246207799552
10.0,89.0,1000.1010131835938,-4.24773634174952,-2.9514553928214142,-1.95769831829298,0.6932458188265054,-1.297069238599618,4.828570990255196,-0.5204147696754333,1.4878257282333642,-0.9405297526828118,-1.066130815573858
10.0,89.0,1000.0700073242188,-4.2441458677591495,-2.9552682350247386,-1.96575190552727,0.6890897427492746,-1.3017833195112831,4.823854018684532,-0.5186523762918069,1.4791279185261803,-0.9341573615645647,-1.0760609121983973
10.0,89.0,1000.0818481445312,-4.242750630860435,-2.950099971041681,-1.9653326918244003,0.685514661385211,-1.3103098963234938,4.83044173122874,-0.5186997418222941,1.480475509714088,-0.9292893935968722,-1.0813983531815512
10.0,89.0,1000.0902709960938,-4.243081492704112,-2.9544017459494016,-1.9599115247010608,0.6915053506887778,-1.2966619100964758,4.824083796519801,-0.5226345841164068,1.4862720184285363,-0.9396947921584128,-1.0701684638040558
10.0,89.0,1000.0805053710938,-4.247421916044965,-2.9507874970401606,-1.9606628034970008,0.6896540957486996,-1.3030689656995054,4.828653499357108,-0.519389213910272,1.4852677872515052,-0.9368666502012032,-1.071899217557426
10.0,89.0,1000.0790405273438,-4.239213170016205,-2.9552932188375385,-1.964178552150047,0.6904643474483461,-1.2918290374976231,4.822805564294461,-0.5209746156888819,1.4792899282020002,-0.9384213531114938,-1.0730415117648544
10.0,89.0,1000.0806884765624,-4.2419862837145805,-2.953776325894906,-1.9632080941980448,0.6883553034931502,-1.30160573706468,4.825462815324661,-0.5211631203690157,1.4802788104775546,-0.935315470610634,-1.0759346484229813
10.0,89.0,1000.0541381835938,-4.243679048026209,-2.9550832454751514,-1.9612125084729333,0.6922913165386397,-1.2952744202508049,4.823753120718372,-0.5204955092508632,1.4846123379171186,-0.9399095215989136,-1.0711635446073229
10.0,89.0,1000.0806274414062,-4.246456728626274,-2.95611918711968,-1.963896532215484,0.6901524196015512,-1.3024277951581698,4.821926759557758,-0.5195475681603723,1.4793346436863306,-0.937755641827879,-1.075182376838972
10.0,90.0,1000.0636596679688,-4.242635762948037,-2.958774899686559,-1.9662604937023471,0.6903133115652205,-1.3005944236183566,4.820016787848919,-0.5184447834550223,1.4769060259922036,-0.9369465934713208,-1.0782466085298448
10.0,90.0,1000.0761108398438,-4.242636688461088,-2.9538387335675003,-1.96270324423826,0.6892913522287403,-1.2960267671020116,4.825310270919868,-0.5211410045572613,1.4821129625836518,-0.9365208394513972,-1.072715222471015
10.0,90.0,1000.07666015625,-4.243298781285847,-2.9567109392290805,-1.9629187617614965,0.6909174372789204,-1.2971397285861412,4.822008109658812,-0.5210462237909521,1.482071964199541,-0.9391339674506228,-1.0736933582327168
10.0,90.0,1000.0750122070312,-4.244841684171444,-2.954613949010384,-1.965637376432006,0.6880739491403585,-1.305679369856298,4.826276526037663,-0.5180134802747691,1.4795924398598288,-0.9322219843532124,-1.079009263489981
10.0,90.0,1000.0776977539062,-4.242962534443588,-2.954045042910232,-1.963375463243644,0.6918154721242313,-1.2965759373416264,4.8250681100322215,-0.5192376295902319,1.4829895369105266,-0.933552261724678,-1.0758178990848464
10.0,90.0,1000.0657348632812,-4.243266527443946,-2.958121412014545,-1.964865008780106,0.6911607795183929,-1.2998476587870518,4.820424448181257,-0.5184874740566006,1.4779368452154138,-0.9366550989832998,-1.0772296432810085
10.0,90.0,1000.0591430664062,-4.246143744922949,-2.9510919951395,-1.9612026892576264,0.6911029648810754,-1.3022722114462786,4.828478835363436,-0.5187030417560177,1.4844066497834678,-0.9351382072656448,-1.073635658700474
10.0,90.0,1000.0667724609376,-4.2424389487046525,-2.957144276270546,-1.9683494399413235,0.6875317622800194,-1.3066971182583709,4.822128382225854,-0.5182716369841405,1.4748896573089247,-0.9307800193985524,-1.082247025278746
10.0,90.0,1000.06982421875,-4.247059130805022,-2.952779411666459,-1.960549381326524,0.6941778315808289,-1.2985303550589418,4.826660938513987,-0.5183825372935988,1.4860617276550103,-0.9376621678167956,-1.071318600512075
10.0,90.0,1000.0993041992188,-4.2447601561830215,-2.9532662312953826,-1.9590798970257328,0.694223892228579,-1.2961748355814997,4.825532438441467,-0.5201635002022291,1.486778269847452,-0.9369646466137748,-1.0715528653368294
10.0,90.0,1000.0694580078124,-4.244139003169769,-2.955987482452912,-1.9622738664018788,0.6945658059374118,-1.293728582674869,4.822676149691697,-0.5198062082383261,1.482913521434659,-0.938768253456387,-1.0708225654016523
10.0,90.0,1000.0689086914062,-4.24601286076248,-2.9486472559273182,-1.9626917611352173,0.6868470324079068,-1.3038334433762993,4.83263325592632,-0.5183762859535479,1.4830118175848348,-0.93193408643607,-1.0743123082204282
10.0,90.0,1000.0836791992188,-4.244154085375397,-2.953604294066381,-1.9615638092242071,0.6920753597695208,-1.2936467064758437,4.825653274214142,-0.5205266825027843,1.486782726061934,-0.9381178050548024,-1.069206214110094
10.0,90.0,1000.0662841796876,-4.246355801435838,-2.952595044080697,-1.9613760492744268,0.6918430572081036,-1.2992197231933886,4.82676966562128,-0.5194718514641652,1.4854629274159912,-0.9374652403479412,-1.0711253772697598
10.0,90.0,1000.0802001953124,-4.244251903327372,-2.952763719424955,-1.9592402035453416,0.6937013341881384,-1.296315816274344,4.827605337253395,-0.519989848632278,1.486804592064881,-0.9388345363373743,-1.0697533597520257
10.0,90.0,1000.08251953125,-4.242230276226662,-2.9557363724730386,-1.961955474872016,0.69269082725115,-1.2965899961454417,4.823302434597803,-0.5196431415895972,1.48497923581745,-0.9387371999663294,-1.07319955800657
10.0,90.0,1000.0758666992188,-4.243971086130487,-2.949664366081433,-1.963039230758877,0.6892235502930895,-1.3037238128848525,4.828523702902038,-0.5194709846003667,1.4833132201726054,-0.9340358148779488,-1.0741755069936558
10.0,90.0,1000.0889892578124,-4.24599815784613,-2.956642205294993,-1.964290498065881,0.6920742989112352,-1.3006167658178738,4.821957331480968,-0.5196440554792066,1.481769327294705,-0.937374757145128,-1.074790807072199
10.0,90.0,1000.0842895507812,-4.241372799410924,-2.956261603770161,-1.9642380168691345,0.6893169230659897,-1.3006101742256506,4.821693888471952,-0.5201342141100627,1.4785917288522787,-0.9365011931589996,-1.076996813299127
10.0,90.0,1000.083740234375,-4.2434319518867945,-2.9564265933083527,-1.9675661106035247,0.6876285948230221,-1.3019063313553008,4.823887465918968,-0.5191656181406925,1.4766333963221134,-0.9332477367862372,-1.0776965423282792
10.0,90.0,1000.0611572265624,-4.24529988381971,-2.9556479156009483,-1.9626493854875404,0.6936390604684339,-1.296129606563632,4.823050735773553,-0.5179142184064691,1.4835368479580833,-0.9369003426568812,-1.0732852793823544
10.0,90.0,1000.0654907226562,-4.247653248220682,-2.950588831057032,-1.959803656808445,0.6906861004018321,-1.300475810683757,4.829517388648922,-0.5196378422634584,1.4870930454717026,-0.9385032989470704,-1.0694007609022904
10.0,90.0,1000.0758056640624,-4.243825157723463,-2.949471376037462,-1.962787821234549,0.6903808693531062,-1.2985222293019376,4.829270443788477,-0.5190868088372182,1.484656087093052,-0.9328409827837164,-1.073328440618755
10.0,90.0,1000.068359375,-4.242557258340126,-2.9557621067988458,-1.9632683610633264,0.6891494686995125,-1.3006478616606918,4.824480183410515,-0.519887472673286,1.4804795625076252,-0.9367056979825028,-1.0763824982694017
10.0,90.0,1000.0675659179688,-4.24473733675829,-2.9522025254032207,-1.9612897269860776,0.6918462958103513,-1.3002080401754434,4.828689949531054,-0.5190026357658741,1.484412129944641,-0.9354880075092202,-1.0731779651375133
10.0,90.0,1000.068359375,-4.243892076294072,-2.954517692807608,-1.96638031951764,0.6875253937370873,-1.304572926132983,4.826871338170925,-0.5174464347683809,1.4791214622099966,-0.9313871391754498,-1.0801093328561673
10.0,90.0,1000.06103515625,-4.245673931408843,-2.9545043285662067,-1.962745632543181,0.6901804069087136,-1.2998724046273185,4.825007131781469,-0.5191880930184976,1.482159222652811,-0.9369660782705572,-1.0740212047578097
10.0,90.0,1000.0657348632812,-4.245690467862332,-2.953479233384963,-1.9609514607403769,0.6927024729973272,-1.295150751759237,4.826179582679362,-0.5195637169958784,1.4844005343485804,-0.939728406837136,-1.0697620988711014
10.0,90.0,1000.0586547851562,-4.244044158019372,-2.9517725322150845,-1.964707942361348,0.688156692308965,-1.3037610493430138,4.828685338894195,-0.5192767484426151,1.4812666804174217,-0.9317278719715985,-1.0760211934931818
10.0,90.0,1000.065185546875,-4.244010396166229,-2.9524994538893083,-1.9610117166746512,0.6904154592494152,-1.297686751014263,4.827440827344681,-0.5208750534897053,1.4845794966407242,-0.9377060079861552,-1.0710811169558774
10.0,90.0,1000.072998046875,-4.24400235819401,-2.956768568356662,-1.9671444670236893,0.6875386496345186,-1.3066534375145271,4.823194917243901,-0.5188407221189548,1.4766835039409143,-0.933484149510174,-1.0798614901496473
10.0,90.0,1000.0695190429688,-4.243239960181866,-2.955922595784948,-1.9649349469947424,0.6910928447410409,-1.2982749127873054,4.82340536045529,-0.5189826089921015,1.481416701665056,-0.9344440590146554,-1.0763739529395204
10.0,90.0,1000.0758666992188,-4.242480532455245,-2.95657408308886,-1.9629018160883431,0.6910586398438685,-1.2942103626955714,4.821899808967151,-0.5206133988402879,1.4814193780492635,-0.938531681499832,-1.071812611390948
10.0,90.0,1000.0863037109376,-4.243849916021016,-2.955528384311066,-1.96585163226332,0.6897181472435863,-1.3026524935411703,4.8222827717153045,-0.5197578788261445,1.479756560517842,-0.9337185007595048,-1.076764250390243
10.0,90.0,1000.0845947265624,-4.2461729099450105,-2.951502516092027,-1.9597976078789785,0.691405323278178,-1.3019214795757303,4.826275210454533,-0.5207388538279369,1.4860301998060823,-0.9388248621836032,-1.0713193760070483
10.0,90.0,1000.0772705078124,-4.245845718031783,-2.9529384757183883,-1.961475437144614,0.6924708826113459,-1.2963071482447064,4.827090724395278,-0.5198698145672696,1.486005993966443,-0.9356615685271406,-1.0716445084227717
10.0,90.0,1000.0895385742188,-4.243033003835732,-2.951084690457586,-1.960368391196578,0.6904314744641082,-1.3003161249915425,4.829108988254484,-0.5208817479650794,1.4865875808655593,-0.9365725168289396,-1.0714399036414428
10.0,90.0,1000.0784301757812,-4.245444583163771,-2.9520552224697525,-1.9636911531260408,0.6875597075187043,-1.302763423625115,4.827395124798553,-0.5200222382364839,1.482141475156662,-0.9350483359383652,-1.0746797927758034
10.0,90.0,1000.0698852539062,-4.247860639282614,-2.9521274791533734,-1.9623329820407824,0.690447662705914,-1.3050047637872946,4.828151164670555,-0.5176837827137701,1.4821891121003752,-0.935304981303032,-1.0744884030552662
10.0,90.0,1000.0499267578124,-4.2447283475301605,-2.9507877635862467,-1.9611913018232408,0.690131601112915,-1.3002762125502525,4.8299801322546525,-0.5191693553446246,1.4845505341055452,-0.9358643500788686,-1.0723960547125315
10.0,90.0,1000.05908203125,-4.245654274868976,-2.953568687592289,-1.962217771674266,0.6919921072286144,-1.3018602257997631,4.82703098113539,-0.5174026702479058,1.4837509619365052,-0.9350745816471672,-1.0749949737904037
10.0,90.0,1000.0736083984376,-4.244376565848262,-2.948916627716538,-1.964844391158678,0.6875657275016502,-1.304785802771644,4.830000521034085,-0.5179661558945217,1.481473049033636,-0.9301713018322708,-1.077211544978903
10.0,90.0,1000.06787109375,-4.245367272200284,-2.9501575091385064,-1.961236860515612,0.6903151711636752,-1.2964131161242711,4.829354506288297,-0.5199783378427236,1.486711818665695,-0.9372386958667152,-1.0700140715436706
10.0,90.0,1000.0732421875,-4.243784766814458,-2.9529473881589063,-1.9610222416475227,0.6915690573798798,-1.2934175384772937,4.825871785048436,-0.5209230820482453,1.483983888124467,-0.9400586246497228,-1.0692956338508175
10.0,90.0,1000.0726928710938,-4.246833699975039,-2.9508249530925914,-1.961271795495048,0.6901899916524146,-1.29865369183126,4.830365331874624,-0.5194363820288679,1.4858197111070224,-0.9359197980203132,-1.0708321680017336
10.0,90.0,1000.0914916992188,-4.247717263105964,-2.9505515614453426,-1.964678269878214,0.687983060895661,-1.309568763955975,4.831579322197015,-0.5168396709206666,1.4818710460492923,-0.9295421606789018,-1.076901694100076
10.0,90.0,1000.070556640625,-4.246070978580216,-2.9519549107908154,-1.96348851259864,0.6912990483997579,-1.3030485319064375,4.829151374151824,-0.5178497907251698,1.4832516059963874,-0.9333954928474828,-1.0753801282925028
10.0,90.0,1000.05224609375,-4.243795274149068,-2.952583575062949,-1.9656754040774933,0.6869530267856669,-1.3071385989099822,4.826340468397417,-0.5189288692795717,1.4791386120443386,-0.9326842531299572,-1.078417951712077
10.0,90.0,1000.068115234375,-4.243611384549146,-2.952334463816693,-1.963625747266205,0.6885592569605423,-1.300976606043772,4.828226594451738,-0.5189174304169661,1.4817520071810737,-0.93288045254479,-1.075953974442163
10.0,90.0,1000.0731201171876,-4.246942990734114,-2.95282262669563,-1.9610570342127231,0.6937652844220636,-1.2994776321257313,4.82820443975411,-0.5180307312582926,1.4862500134567904,-0.9364166357885582,-1.0716752183995837
10.0,91.0,1000.055419921875,-4.245114842163474,-2.9515880051145302,-1.9643166548371047,0.6886145411510274,-1.3046084409139942,4.829515158950844,-0.5175500625465475,1.4815150099937284,-0.93196933763313,-1.0759025827441793
10.0,91.0,1000.0551147460938,-4.241134086769217,-2.9552833873649136,-1.963862734299611,0.6911572828728572,-1.2941836524437544,4.822150455568973,-0.5202430351175167,1.4813192206388948,-0.9373788451880696,-1.0736542582052069
10.0,91.0,1000.0762939453124,-4.2468454595971785,-2.949710721842504,-1.959827386989787,0.6925795764509415,-1.2964513808387212,4.831027313810299,-0.5174344423941779,1.487676098784222,-0.9372688932533766,-1.0690779056980304
10.0,91.0,1000.0553588867188,-4.2449728056889855,-2.951952564378568,-1.9638268789850928,0.6897749744549753,-1.3043841724931422,4.828984767132425,-0.5173091451419367,1.4824208825692633,-0.9317556328367154,-1.0766338117789047
10.0,91.0,1000.0708618164062,-4.246389059456045,-2.9520383444624696,-1.9612548243625176,0.691312567120602,-1.3002070619003332,4.828900208417261,-0.5180549034237352,1.4850245672431956,-0.9361603101227862,-1.071574994546422
10.0,91.0,1000.0730590820312,-4.243887137638843,-2.9558007954360823,-1.964534303578376,0.6906111867506866,-1.3023639037204695,4.824117117816446,-0.5193063246282428,1.4800923685188572,-0.9344846712701766,-1.0775976825046314
10.0,91.0,1000.0635375976562,-4.246267034500915,-2.9495311570949188,-1.96234051195188,0.6880991771090361,-1.3069523931638356,4.830937735616452,-0.518428054533441,1.4825035429194378,-0.932639386833408,-1.0747669883122968
10.0,91.0,1000.0654907226562,-4.247887744024421,-2.953952556663737,-1.9652153315179484,0.6888662564328545,-1.3072509725402348,4.82707870387609,-0.5160765607315971,1.47896007224964,-0.9319892437201052,-1.0780797822183723
10.0,91.0,1000.0902709960938,-4.241671858468971,-2.9559406789642804,-1.9653172806000647,0.6906743607184973,-1.2972564745266362,4.8221818040971005,-0.5193516045593274,1.48158770554653,-0.9357695961780514,-1.0761874675182637
10.0,91.0,1000.0633544921876,-4.247526457707039,-2.9543283700461163,-1.9611579840664384,0.6917805263781194,-1.299794739222354,4.825171696811362,-0.5189939141827979,1.4849186592140071,-0.9379790812257394,-1.0713421660610525
10.0,91.0,1000.0635375976562,-4.245783778358524,-2.9530163207173312,-1.961229728770451,0.6914410311534844,-1.3005169005936414,4.827542462220469,-0.519129798013136,1.4839238757921756,-0.937177150513338,-1.0726567145853003
10.0,91.0,1000.0787963867188,-4.24571651207975,-2.951756749333755,-1.961568388844011,0.6917414875675307,-1.2989923305395878,4.829850339410186,-0.5197624313311362,1.4852896274485694,-0.93601516091209,-1.0719182002492067
10.0,91.0,1000.062255859375,-4.248518738184874,-2.9446109602522665,-1.9621145470279144,0.6877291094266216,-1.3107002740832714,4.8366527640516885,-0.5167706708299891,1.484155441782356,-0.928777958719877,-1.0755634853061666
10.0,91.0,1000.0687255859376,-4.2467037023683885,-2.949347817879299,-1.962060442877852,0.6875449710904409,-1.307069174030517,4.8316369060815685,-0.5178357970327774,1.4825967384159835,-0.933586629465573,-1.0750229710017676
10.0,91.0,1000.0816040039062,-4.242812162001321,-2.958385369096312,-1.9630491326812471,0.6934150074635701,-1.2946295738371705,4.821356756360885,-0.5188636817921042,1.4818270198418215,-0.9395436424524206,-1.0738219471345305
10.0,91.0,1000.0677490234376,-4.240920291081788,-2.956530188022624,-1.9659291872754552,0.6888049684451483,-1.3025390072601373,4.8222350307891215,-0.5204902236680589,1.477715007172284,-0.9345458059416814,-1.079659057043905
10.0,91.0,1000.0697021484376,-4.24299155234345,-2.9554610071583123,-1.962967304486663,0.6925119401883615,-1.29558877838348,4.82287149743196,-0.5202535685776626,1.482642862414666,-0.9387689836315696,-1.0726554927334355
10.0,91.0,1000.06005859375,-4.244595044832463,-2.954860349328394,-1.963498653786328,0.6930796009090354,-1.3008657038752718,4.824981508613691,-0.5172727900380885,1.482225655614612,-0.9352963877386556,-1.0755905036181308
10.0,91.0,1000.0723266601562,-4.245461082849685,-2.949819893478336,-1.9605299442989423,0.6895548341322719,-1.3037917016351996,4.830251258737448,-0.519761137365176,1.4859424044752547,-0.9364426418110252,-1.072310193153767
10.0,91.0,1000.0657348632812,-4.246636265081621,-2.950060829371127,-1.961287771612346,0.6906734976289091,-1.303396650415837,4.829784361144293,-0.5179802380049843,1.483824403465876,-0.9339259696118224,-1.0738357015210631
10.0,91.0,1000.076904296875,-4.246227023433001,-2.958489319005233,-1.9623031008697072,0.6937379757014099,-1.2985889558758674,4.821381469782972,-0.5186061441561289,1.482568170494483,-0.9383787322654475,-1.0742430906403722
10.0,91.0,1000.0606689453124,-4.245464636824595,-2.95256868599444,-1.9618022986081831,0.6928258192095891,-1.294493302255808,4.8272117329442334,-0.5188578376649762,1.4851824071036157,-0.9370168452617698,-1.069848413811656
10.0,91.0,1000.0687866210938,-4.243229849672423,-2.9565040224708774,-1.9661586437281329,0.6882768290624153,-1.3025504849543053,4.822981947773032,-0.5183611616323773,1.4780707754160467,-0.93506283236482,-1.0771784725423696
10.0,91.0,1000.0634155273438,-4.244498963834064,-2.955989618447541,-1.961701671182429,0.6929313947522413,-1.294763066437978,4.823558684239391,-0.5184616666348028,1.483787096809781,-0.9393867351256926,-1.071766499296415
10.0,91.0,1000.0647583007812,-4.243665707782346,-2.9521247085034177,-1.9620239093618377,0.6904566948258681,-1.2991934453352902,4.82608101329237,-0.519643423386043,1.484772446852349,-0.9372906088715124,-1.0724485359273688
10.0,91.0,1000.081298828125,-4.246180163826003,-2.951421407576162,-1.9601366032646044,0.6925087188679733,-1.2980421381665188,4.828913746995413,-0.5176699083826026,1.4867820481735636,-0.9365865552000132,-1.070448423970772
10.0,91.0,1000.07470703125,-4.247521273823414,-2.946640019086392,-1.9608837641802783,0.6890220315296203,-1.3058718277460706,4.834578850390027,-0.5184904755255824,1.4852266556892657,-0.932166611996962,-1.07182039911154
10.0,91.0,1000.0778198242188,-4.244503110558016,-2.9567885803840945,-1.967376484863116,0.6882387430372567,-1.3046958303119185,4.822447770685166,-0.5174949350282088,1.4768450556670611,-0.9334591770453278,-1.0799167643391503
10.0,91.0,1000.0684204101562,-4.242894667567799,-2.9557190333878016,-1.960804242047628,0.6927450329702998,-1.2920633332224547,4.825176843703343,-0.5195012004232282,1.4851779901779487,-0.9401699234947234,-1.0705528419040655
10.0,91.0,1000.0641479492188,-4.244227225294239,-2.9562580724627803,-1.9635130316390943,0.6906483497931717,-1.2968969797158958,4.82227214834646,-0.520079637838224,1.4820289658037398,-0.9371592872028812,-1.0738062887433657
10.0,91.0,1000.0797119140624,-4.245408063731206,-2.9523564550564023,-1.959579785993462,0.6938248706519587,-1.299367817682958,4.826947137845858,-0.519327316290223,1.4860455764498637,-0.9375981134744472,-1.0727371708457434
10.0,91.0,1000.0760498046876,-4.242566805950425,-2.9578669096419263,-1.9645096697237767,0.6914222485657344,-1.296297241500513,4.821333283279213,-0.5198226985575927,1.479751394207808,-0.937200212823318,-1.0744641068159924
10.0,91.0,1000.0733032226562,-4.246010766065945,-2.950107206956927,-1.960261818188584,0.6915491761136208,-1.3003068259395172,4.82991821255159,-0.5197813278072347,1.4864323504049324,-0.935945224815108,-1.0714135217045944
10.0,91.0,1000.0909423828124,-4.243557997399171,-2.955161017424446,-1.9610552660242253,0.6921337229490918,-1.2986321531742115,4.82389618782639,-0.5192044179904212,1.4829183884910773,-0.937866208588007,-1.074510319680778
10.0,91.0,1000.0701293945312,-4.248421511787361,-2.9452852358823063,-1.959013816273884,0.6897366780457599,-1.3018296371992126,4.837475929026988,-0.5177210488950692,1.4892360372691351,-0.933225139379222,-1.069582061635313
10.0,91.0,1000.0661010742188,-4.244610346565955,-2.953172670475872,-1.9635395267633624,0.6889124002103042,-1.3038355858799466,4.827631758054386,-0.5203036872522935,1.4818946152066808,-0.9339604852758336,-1.0752554487893535
10.0,91.0,1000.0875244140624,-4.242316197872575,-2.957930115838571,-1.966484300994289,0.6907708305130855,-1.3024688060587728,4.819763881051205,-0.5203275250397326,1.478132308816532,-0.9348557929767328,-1.0788097708097366
10.0,91.0,1000.0559692382812,-4.2445682579058985,-2.9516777981304294,-1.9639520982241927,0.689204481017768,-1.304307730482778,4.828154521702681,-0.5192282149395089,1.4814663332821016,-0.9329003024532748,-1.0757307263503368
10.0,91.0,1000.0546264648438,-4.246942162125124,-2.9493217548975528,-1.9597273946659703,0.6912202935241121,-1.3019409639390114,4.831327213032081,-0.5189804892109757,1.4865280363104656,-0.9355777389481874,-1.0712631610708367
10.0,91.0,1000.0980224609376,-4.245890382724481,-2.9535377853822524,-1.9621738624785168,0.6901321467378327,-1.3038707727339671,4.82576172913484,-0.5184075265338457,1.4839253877702223,-0.936246458213298,-1.0751371680822317
10.0,91.0,1000.0607299804688,-4.243657519195014,-2.950969677255032,-1.9638241286015008,0.688506835080589,-1.302731795148329,4.82960837434603,-0.5194592622278273,1.4813490285650044,-0.9324841763210996,-1.0752718791903666
10.0,91.0,1000.0682983398438,-4.242048328313071,-2.9560104530329383,-1.96730967506308,0.6878405945785557,-1.3012993521896092,4.823540732899934,-0.5177837989819984,1.4778922586274676,-0.933303885780238,-1.0787873344128025
10.0,91.0,1000.0525512695312,-4.245241563843943,-2.94986113310884,-1.9634048635551111,0.6881244763029173,-1.3075914263769015,4.83122645815061,-0.5177784873665745,1.4813792587218757,-0.9319922012258955,-1.0762104428456682
10.0,91.0,1000.069580078125,-4.242537748023891,-2.9512324580192963,-1.9607010845138144,0.6917750319930835,-1.2989481680655528,4.828236335659156,-0.5194922976404026,1.484499861579173,-0.9364078131370216,-1.0735730009411482
10.0,91.0,1000.0921630859376,-4.244621348423084,-2.951654278917899,-1.9665935049499268,0.6884601074408039,-1.3092604294681638,4.827141255419692,-0.5169203377920013,1.4792048519769505,-0.9312281588254424,-1.079531104033817
10.0,91.0,1000.0775756835938,-4.244918856538845,-2.955311959621993,-1.964129071564184,0.6890265499201265,-1.300898052085802,4.824987605893684,-0.5188297179340848,1.480062764467541,-0.934890617976067,-1.0753144541222257
10.0,91.0,1000.0645751953124,-4.244238000750121,-2.95135636620082,-1.9613812403702733,0.689315102615156,-1.3022295397035115,4.828286623956025,-0.5204605612701156,1.4833032689945211,-0.9359814595327016,-1.0737494651430883
10.0,91.0,1000.0865478515624,-4.243922055627403,-2.9536775620201947,-1.9634308672507124,0.6901615037958395,-1.305609951155266,4.824424491946939,-0.5179536827370095,1.4794183346694787,-0.9346483255995874,-1.077981189651858
10.0,91.0,1000.0775146484376,-4.244231861359024,-2.9524209814339963,-1.96408486799132,0.6891211406350584,-1.298113229616813,4.825985168919576,-0.5207702401659393,1.48161185524713,-0.9359170822894178,-1.0723229851792535
10.0,91.0,1000.0836181640624,-4.246299124694874,-2.9548696580812863,-1.9628135477102324,0.6918331816959524,-1.3019575220580475,4.824000545156231,-0.5188697303515379,1.4820600743334724,-0.936953401370756,-1.0726327889637934
10.0,92.0,1000.0679321289062,-4.2452051345391535,-2.95392893977126,-1.963666794516275,0.6905185769693025,-1.3040730640845757,4.826481045014839,-0.5192948082857711,1.4810641915384934,-0.9346267953265616,-1.0755499995298603
10.0,92.0,1000.0794067382812,-4.2465160649596045,-2.9519926389332225,-1.964106464401449,0.689591487494897,-1.3052543119222912,4.829115866628092,-0.517642653073592,1.4799773591077088,-0.9321309565322782,-1.0753674465666485
10.0,92.0,1000.0631713867188,-4.247807061337919,-2.9488912018478635,-1.961364029042192,0.6890087588679537,-1.3058704507396095,4.8323449588306655,-0.5183857182752902,1.485215867799723,-0.9336650111381432,-1.073224940142492
10.0,92.0,1000.054931640625,-4.24350332237689,-2.953960450371184,-1.9648745646205843,0.6896100789459929,-1.301157045604708,4.825286779121086,-0.5181273246785318,1.4809394895921182,-0.9335506687582108,-1.0768866730608415
10.0,92.0,1000.0778198242188,-4.243394437071904,-2.9532430326729693,-1.9608425977517416,0.6916274290512359,-1.2936387867433616,4.8278339977608375,-0.5203173532628327,1.486547691669163,-0.9379775169670664,-1.0701709437291522
10.0,92.0,1000.0748291015624,-4.243988006594284,-2.954427190243049,-1.9639194586133144,0.690355972683685,-1.3039124902306924,4.825291149584087,-0.5178914952715639,1.480168556604803,-0.9331183148598834,-1.077755756837787
10.0,92.0,1000.0634155273438,-4.2458139628286045,-2.9495306020741747,-1.9596447195016384,0.689961297915076,-1.296939864840363,4.830501843442383,-0.5204535086330804,1.4863169943824008,-0.937611615921881,-1.0685978328067778
10.0,92.0,1000.0863647460938,-4.245154841873477,-2.947095727998767,-1.9623277704340767,0.6885176926214012,-1.3099001716829024,4.833316802816459,-0.5184824386457789,1.4856322817312932,-0.9308823060827224,-1.0750902164865668
10.0,92.0,1000.0538330078124,-4.244246398694436,-2.9525401227463126,-1.963122027439157,0.6906316643398931,-1.3020746826771563,4.826876099912399,-0.5186785995121932,1.4813565388681376,-0.9341781162003936,-1.0755106020156235
10.0,92.0,1000.083740234375,-4.239594283362062,-2.9542078062490646,-1.9652753126240703,0.6893232327739369,-1.2962186031987688,4.823309502054402,-0.5215253399086066,1.4813022544772858,-0.9352050611452364,-1.0757455395748217
10.0,92.0,1000.0943603515624,-4.246211600437151,-2.951755960948595,-1.963047630362168,0.6860722575803981,-1.3068094312793423,4.828735943669431,-0.520200083961301,1.4797821982483654,-0.9354614699644176,-1.076075858224927
10.0,92.0,1000.0565795898438,-4.245350709854172,-2.951869693571825,-1.962299168564664,0.6903758780593927,-1.3010777957547337,4.827913356856838,-0.5187329044858409,1.483804900347204,-0.9357154688920044,-1.0722629285179544
10.0,92.0,1000.072509765625,-4.244395254218121,-2.9515247365931847,-1.961591348494612,0.6896125252263268,-1.3009549558402815,4.828900657450459,-0.5205435587746878,1.4840753522411818,-0.935532419252202,-1.0728040464414228
10.0,92.0,1000.0755004882812,-4.24396029257613,-2.9512071778231976,-1.9611986374898187,0.6909247096752624,-1.3014597077508676,4.829563745436788,-0.5193822974117586,1.4832120582377826,-0.9359083582392956,-1.072902446134946
10.0,92.0,1000.0728149414062,-4.242138222036253,-2.95425834785552,-1.9640795939290367,0.6902538558567581,-1.2979109595618854,4.824042185200534,-0.5196311816558694,1.481604389324744,-0.9352683251392612,-1.0759806598160333
10.0,92.0,1000.0747680664062,-4.242392505221931,-2.9500571733923344,-1.9632189622686624,0.6900541754080329,-1.298862758841934,4.8293376868811855,-0.518744505569888,1.4825297248998035,-0.9318443410594152,-1.0744693037162318
10.0,92.0,1000.0538330078124,-4.24483776022823,-2.948857960165728,-1.961464766086869,0.688446839364385,-1.3023310911093091,4.831137470386265,-0.520212481618544,1.4844671845417745,-0.9348521550036376,-1.0719850559110884
10.0,92.0,1000.0697631835938,-4.2472029375316325,-2.948144627008151,-1.961434721777346,0.688490750756241,-1.3070605241056192,4.831865923719015,-0.5178001128681178,1.4845626658333,-0.934259124405969,-1.0744142603590352
10.0,92.0,1000.0906372070312,-4.241538864668804,-2.955785292117321,-1.9638455892685869,0.6907040691046156,-1.3020731345445786,4.823788126633389,-0.5182619610122421,1.4790788457091075,-0.9360734044236922,-1.0779104400128825
10.0,92.0,1000.0866088867188,-4.2448472595616185,-2.95605304885866,-1.9632989741522733,0.6903987308083437,-1.3002062930627316,4.824902922588736,-0.5187797922215385,1.4811577760169443,-0.9349333990678116,-1.0753416490635113
10.0,92.0,1000.081787109375,-4.246295921969276,-2.949467808812523,-1.963332835200733,0.6914334955257466,-1.307163857663372,4.831211183220269,-0.5170088675192588,1.4822825313748886,-0.9312005911581478,-1.076686621443173
10.0,92.0,1000.088623046875,-4.247220052424936,-2.9497458476396345,-1.9605529612211223,0.6934957142821405,-1.2958506536244956,4.830255830723257,-0.5194140109536676,1.487449858103826,-0.9355358071669446,-1.0689630434776856
10.0,92.0,1000.0790405273438,-4.242134363525215,-2.952668465208385,-1.9616490185637527,0.6910167385672628,-1.298007622966313,4.826418646267104,-0.5196342028920498,1.4840319181080144,-0.9352697766313208,-1.075181921989504
10.0,92.0,1000.0673828125,-4.245763351618336,-2.9495109440327787,-1.9620459648368067,0.6897862336994613,-1.3038584234744195,4.831464735016905,-0.5175275724741004,1.4832666549271734,-0.9326850112837396,-1.07396734862474
10.0,92.0,1000.0777587890624,-4.248388502688886,-2.949949212472076,-1.961048299459208,0.6913083845149561,-1.3046039725184393,4.830247969002746,-0.5171415121104737,1.4857183706856372,-0.93380461989568,-1.0721800341394827
10.0,92.0,1000.08935546875,-4.241772106994866,-2.950775575859919,-1.9651663240160349,0.6855433738975165,-1.306516829306073,4.827985891506769,-0.5204163507654691,1.478903517741477,-0.9311337387290752,-1.0792357548472695
10.0,92.0,1000.0648193359376,-4.245521842495915,-2.953019418133528,-1.9636408482601992,0.691576547660727,-1.3046274759465,4.825715496741093,-0.517235861274421,1.48134492580615,-0.9345859936237656,-1.0759408901905585
10.0,92.0,1000.0839233398438,-4.246698568409762,-2.9499595216876493,-1.959003632883935,0.6908183366674567,-1.3014204023132212,4.830629677194535,-0.519084209052739,1.488307327388867,-0.9376120560002814,-1.0697577855794265
10.0,92.0,1000.0750122070312,-4.24622201572201,-2.953808160168408,-1.9586604730303725,0.6956471355713596,-1.2913623077468763,4.825554833414307,-0.519664622461125,1.487411910494397,-0.940933968737334,-1.067051026308527
10.0,92.0,1000.088134765625,-4.245326427476992,-2.952992205708444,-1.9588731440286995,0.693207437553804,-1.293443076819652,4.826515233789406,-0.5218779232235686,1.488571075376389,-0.9396826344678076,-1.067859383725243
10.0,92.0,1000.0626831054688,-4.242066352012658,-2.952505990773244,-1.9642369445540533,0.6883291891511698,-1.2998755395277009,4.8259380600413575,-0.5203566724676802,1.481491957374928,-0.9349582555287448,-1.0749991268702015
10.0,92.0,1000.0778198242188,-4.246107431722139,-2.9473504143654123,-1.961789702634536,0.6882229260234869,-1.305496259294301,4.835490663975788,-0.5181056891776183,1.4834454635442604,-0.931418685696709,-1.0732757142580658
10.0,92.0,1000.0628051757812,-4.245814851151867,-2.949643144504812,-1.9619759965139845,0.689395195885929,-1.300990157101202,4.830457166787848,-0.518849317771898,1.48560664515574,-0.9343486409044796,-1.0726019955051131
10.0,92.0,1000.07275390625,-4.245256273116127,-2.9518248058293874,-1.9620703173328256,0.6917534702300854,-1.3031040836392984,4.827010501360956,-0.5179913698379472,1.4841842792888285,-0.9350558629655864,-1.073808950815034
10.0,92.0,1000.0806884765624,-4.248774861824975,-2.944506759419353,-1.956630058975033,0.6915346242758238,-1.3019851785003511,4.837208605329652,-0.5177240612209495,1.4912606470292094,-0.9356359149022272,-1.0684114504968196
10.0,92.0,1000.0891723632812,-4.245531090428701,-2.954194321494753,-1.9627908043012177,0.6915252926422442,-1.3049155322998072,4.827576562392451,-0.5163033272126896,1.4815881422135255,-0.93426172088925,-1.0773004258908832
10.0,92.0,1000.0702514648438,-4.243090376704518,-2.9557511324808377,-1.963769950840943,0.6904517707535227,-1.298312164946612,4.822950381544137,-0.5178721797632226,1.481685691807522,-0.936873827930958,-1.0747554933616392
10.0,92.0,1000.06884765625,-4.242590800750021,-2.955040610671846,-1.965039863896406,0.688786224701925,-1.3027917805312503,4.825666032050908,-0.5190774915014673,1.4790847036997956,-0.933886221654415,-1.0769465747187938
10.0,92.0,1000.0552978515624,-4.243494374808485,-2.9538266717511648,-1.966086462740174,0.6872985885506333,-1.3044896601651952,4.82608630429265,-0.5182838172154272,1.4775027633407545,-0.9323685492314322,-1.0785533429648515
10.0,92.0,1000.0750732421876,-4.243989560485255,-2.950725617122546,-1.9619989310259447,0.6886894041007521,-1.3029361628679648,4.828759136415785,-0.5184020856579448,1.482572470358253,-0.9341207500417612,-1.0748173786417483
10.0,92.0,1000.0714111328124,-4.2428469868561125,-2.955294730029132,-1.966073823625083,0.6887669944766603,-1.3036328144742009,4.824180635243074,-0.5181016366506803,1.4769924135846697,-0.9337185743392435,-1.0778169187254405
10.0,92.0,1000.0776977539062,-4.248981809885924,-2.943498519492019,-1.9580980122936515,0.690079288784327,-1.3025088332860395,4.83759354166888,-0.5171141430052515,1.4890920533502747,-0.9343019691062596,-1.0685957098225858
10.0,92.0,1000.0756225585938,-4.24288415197843,-2.95805065935337,-1.9621415956433288,0.693356680346148,-1.294593455549192,4.821230437899652,-0.5203313967661076,1.4836776721191178,-0.9395742362345808,-1.0718706752842095
10.0,92.0,1000.0758666992188,-4.241336993133546,-2.9569652758110547,-1.964455860572467,0.6900691689355343,-1.297996207350808,4.820134655321006,-0.5200847116242349,1.4802439398641027,-0.9371170257320208,-1.0755188122420227
10.0,92.0,1000.0807495117188,-4.248725276958699,-2.9523427257764805,-1.95991046033138,0.6926785872076451,-1.296920406783992,4.829202495427378,-0.5185924183796518,1.4868122006554652,-0.9372897918171388,-1.068878636715028
10.0,92.0,1000.0728149414062,-4.244963754988886,-2.9535636278737325,-1.964324500950621,0.6896187738579656,-1.3028275377727887,4.827430407247505,-0.5169260368464652,1.481153908862337,-0.9343769660111088,-1.0749998171452328
10.0,92.0,1000.0806884765624,-4.244150800905345,-2.951957544650527,-1.964551667081292,0.6878594021820685,-1.3038236849340643,4.827334355403048,-0.51795478672057,1.4780175492311465,-0.9330199627499498,-1.0766988891480294
10.0,92.0,1000.0565185546876,-4.244213842428866,-2.955543797299708,-1.9627788966266693,0.6928750300523756,-1.29505656462411,4.822660836457617,-0.5184903326718509,1.4833502774032254,-0.9390252396742048,-1.0724678568874553
10.0,92.0,1000.0802001953124,-4.24739666236179,-2.952514425669675,-1.9627571762131573,0.6893903075880301,-1.3041276014918315,4.828953693329948,-0.5177278417868187,1.4840261427496395,-0.9333221080450008,-1.0749363267409433
10.0,92.0,1000.07470703125,-4.241999077989776,-2.9553735981801323,-1.962879218683197,0.6910442960916177,-1.2967550594792687,4.82410376107182,-0.518669897841276,1.4821017600003037,-0.9356877295299632,-1.0748242378750597
10.0,93.0,1000.0607299804688,-4.244827144601299,-2.9526980039051445,-1.9629468518165745,0.690094906277877,-1.302194552522618,4.826788688655327,-0.5182563029085383,1.4824431004007472,-0.9349455598046008,-1.0752946163745305
10.0,93.0,1000.0658569335938,-4.245206129136532,-2.9523415985503663,-1.963237631576773,0.6899286054453713,-1.3011335834877942,4.828120510280224,-0.518212112521466,1.4814808960624255,-0.9347048742571964,-1.073452531555381
10.0,93.0,1000.05419921875,-4.244931474687254,-2.953486106754568,-1.96598395544104,0.6888205299644419,-1.306609549436506,4.826544997607126,-0.5174762202757535,1.4782214055867922,-0.9316812229264304,-1.078413746073407
10.0,93.0,1000.0797119140624,-4.244518132881369,-2.950552041756972,-1.966139386716509,0.6877467715498735,-1.310005955836644,4.831088753009048,-0.5161441742332524,1.478308847762638,-0.9278463490366756,-1.081176645319009
10.0,93.0,1000.0680541992188,-4.245055051355221,-2.9533939111350964,-1.9628609243340425,0.6904519235812465,-1.301568821331581,4.826033861601468,-0.5185001759051833,1.4830585257649167,-0.9347838231655708,-1.0753427906260438
10.0,93.0,1000.0532836914062,-4.242664078195443,-2.953486039146413,-1.9632959388413496,0.689383499840277,-1.2984310889904864,4.826563758589742,-0.5193329550024055,1.4821963458180685,-0.9353181364322696,-1.0745849837422994
10.0,93.0,1000.0763549804688,-4.24558125398405,-2.9496035239397504,-1.959665445541224,0.6910118886570684,-1.2987102359971758,4.830170120473822,-0.5199708785169861,1.4851145263375116,-0.9363073106154642,-1.0709599348286245
10.0,93.0,1000.074951171875,-4.243465758106076,-2.954230641270004,-1.9610902316947167,0.6916839120234819,-1.2956940543773947,4.825523550080115,-0.5198492599425606,1.482196239978057,-0.93963422105276,-1.071295228304436
10.0,93.0,1000.062744140625,-4.24671640064892,-2.949239137296971,-1.9646696907685115,0.6876871117846273,-1.3093109084089982,4.831656814860338,-0.5174241006440887,1.4791296746407303,-0.930579516771962,-1.0775916135768555
10.0,93.0,1000.0759887695312,-4.244449133189822,-2.950882097252407,-1.9599173174535105,0.690710028128029,-1.3005021556091625,4.829401734171386,-0.5199337124026311,1.4857375101424577,-0.9367811696219936,-1.070925034187855
10.0,93.0,1000.0559692382812,-4.244797227133825,-2.952035473792125,-1.9626366568849776,0.6915710939957105,-1.3008194104724962,4.827376863008364,-0.5184894455196867,1.483240571067098,-0.9350869256696646,-1.0732810295039812
10.0,93.0,1000.0610961914062,-4.242700179868027,-2.9544214913095943,-1.9623241843685784,0.6901248923821495,-1.299691744848808,4.825115453019221,-0.5202795483950684,1.483031663247198,-0.9369462319574264,-1.0744840900122026
10.0,93.0,1000.0661010742188,-4.245198199349899,-2.951704656622355,-1.9611673935186729,0.6921383420166283,-1.29902832283641,4.827297737037132,-0.5193297701242585,1.484560757672897,-0.936352785303102,-1.0719807279651803
10.0,93.0,1000.0662841796876,-4.241470638442579,-2.9536627394385,-1.9641445565255795,0.6895945588187145,-1.300695741965562,4.826299246409061,-0.5191464118764664,1.4804141764808154,-0.9343876466867592,-1.0766480272356644
10.0,93.0,1000.0686645507812,-4.243178335201955,-2.954399865904328,-1.9630008117340707,0.6895349962967954,-1.2983291151280951,4.826082989346238,-0.5203974095532589,1.4815071976660938,-0.93616544238464,-1.073288462967121
10.0,93.0,1000.0637817382812,-4.246282701252545,-2.950814058381165,-1.9640701571862105,0.6892004257876998,-1.3037636399476638,4.829463223260236,-0.5178293851903497,1.4813635957442468,-0.9329125099924562,-1.0745998494473334
10.0,93.0,1000.0665283203124,-4.243843656236374,-2.954950338961242,-1.963609958029945,0.6908035505582344,-1.3007469721233345,4.8240890898340325,-0.5190575398218034,1.480635533873942,-0.9353748541437916,-1.076219993649686
10.0,93.0,1000.0674438476562,-4.246085905502601,-2.951980598656679,-1.9606001532941244,0.6919331443776269,-1.300316262184098,4.828277823473686,-0.5187026527783525,1.4845594129979247,-0.9367313369485784,-1.07238770488171
10.0,93.0,1000.0673828125,-4.2458031819362505,-2.9524953962658524,-1.9613177203583296,0.6910127870474172,-1.3017093575107517,4.827370701717481,-0.5190602840838574,1.4839094216900932,-0.9364025086111454,-1.0724679741986702
10.0,93.0,1000.0633544921876,-4.2412739815081455,-2.95591458276104,-1.9654707248982064,0.6904027236930279,-1.301008733119231,4.822974215988648,-0.518960988161103,1.4777570541847265,-0.935334190915028,-1.0773900838440411
10.0,93.0,1000.0653686523438,-4.244690625767422,-2.951691105247116,-1.9616304605415265,0.6904323810167163,-1.299633579168157,4.828949634424392,-0.5197209303524915,1.4850460570451336,-0.9360000080855198,-1.072343358372451
10.0,93.0,1000.0771484375,-4.246076572147585,-2.949326921665484,-1.960832174040931,0.6910690245765236,-1.3014970640460972,4.831252743339412,-0.5180599784379414,1.48611908570249,-0.9349310479006148,-1.0718166985771012
10.0,93.0,1000.06884765625,-4.24249269510638,-2.9536385517774995,-1.96283472942396,0.6901708262894033,-1.3006476874295778,4.826632066620423,-0.5195128670275064,1.48208986978947,-0.9361171057746374,-1.0749398551934988
10.0,93.0,1000.0541381835938,-4.245246841497083,-2.949994431083645,-1.961869147464382,0.6897764176839507,-1.301302807910317,4.82941770906962,-0.5189552009702627,1.4843442175416417,-0.9341355323881482,-1.0731840441277738
10.0,93.0,1000.059326171875,-4.2460020596591885,-2.9506356906276983,-1.962615548421904,0.6888997901150233,-1.3030222276051877,4.828692066583804,-0.5191174036324444,1.4832283795777172,-0.9351996038836417,-1.073456391003888
10.0,93.0,1000.07275390625,-4.243474691144769,-2.952528436990669,-1.9612731093462104,0.6914224004942779,-1.2972617674358364,4.8273034333672005,-0.5193818619170667,1.4842958671886155,-0.9385849910157608,-1.0710036297255576
10.0,93.0,1000.0579223632812,-4.243656424987922,-2.951313259309532,-1.9635180381070416,0.6894160966191185,-1.2998234347921835,4.828616936273894,-0.5179878058788709,1.481341542227291,-0.93406545684714,-1.0743991639451416
10.0,93.0,1000.058837890625,-4.244887780793922,-2.952195564834496,-1.9641881958423968,0.6879172440043755,-1.3050641018585898,4.827540927048727,-0.518240522370867,1.4792877393082955,-0.9339066430165124,-1.0766284266341284
10.0,93.0,1000.059814453125,-4.2444564684456685,-2.950450924737422,-1.9650306901779635,0.6877547324167956,-1.30799376538435,4.829796514836604,-0.5169410136279051,1.479699725094635,-0.930518663710389,-1.077924018429023
10.0,93.0,1000.0637817382812,-4.2428507336827606,-2.957862357129766,-1.9639340879216145,0.6936955690347482,-1.2926257389640043,4.819705056270289,-0.5197604448975834,1.4808751446192332,-0.9394621701966576,-1.0730126011490797
10.0,93.0,1000.0631713867188,-4.243879617776596,-2.9519663755274133,-1.966194682489986,0.6873136440256413,-1.3079350382915882,4.827985703160014,-0.5178743734672624,1.4790960518364642,-0.9317553710431988,-1.079474936220786
10.0,93.0,1000.05126953125,-4.244926434262572,-2.950779470020387,-1.9607449453152097,0.6906477858602589,-1.2963910507890877,4.829413163189342,-0.5199153935234611,1.4856013452364616,-0.9371210599835108,-1.0698622039673742
10.0,93.0,1000.0709228515624,-4.242433289962014,-2.9526177853123112,-1.9647184444796435,0.688766915290441,-1.3004369559296491,4.826503491749532,-0.5189876512472766,1.481295681431809,-0.9334229298261976,-1.0750828702335418
10.0,93.0,1000.0416870117188,-4.243659660723579,-2.953044336638312,-1.9639619380810425,0.6898578430667666,-1.301057326102757,4.8265209588729245,-0.5186778955777491,1.4808106225698747,-0.9346330060683944,-1.0753754299829583
10.0,93.0,1000.0741577148438,-4.241612813048152,-2.953132768296717,-1.964587237939182,0.6874211376640327,-1.303852301038776,4.825683852269304,-0.5201473925460878,1.479858287835043,-0.9354358356646362,-1.0761491624208288
10.0,93.0,1000.0675659179688,-4.245368209723136,-2.953289686325204,-1.965103525381779,0.689925472346701,-1.3063117167336102,4.827615859759131,-0.5166508604822351,1.4798765323999472,-0.931356558943051,-1.0789460307147651
10.0,93.0,1000.0504150390624,-4.2437225032458326,-2.9519960281104893,-1.9637005826501008,0.6892366085886712,-1.3027556418273596,4.827821175645434,-0.5181230794993112,1.4814012667800656,-0.9340330868438036,-1.0751964478717442
10.0,93.0,1000.0733032226562,-4.245186495210387,-2.9518561540380164,-1.9625089101910007,0.6897612948620244,-1.302937418428466,4.827848675213627,-0.5195237853079702,1.481212007859602,-0.935722420950646,-1.0734641017498534
10.0,93.0,1000.0610961914062,-4.244073289481285,-2.9541357602866185,-1.9640859426302453,0.6898714154632479,-1.302451770039636,4.825316507770152,-0.5182709954680291,1.4808891024683852,-0.935113839598781,-1.0760559692794365
10.0,93.0,1000.0797729492188,-4.248864932644404,-2.947307819353354,-1.9606005444240897,0.6885534357117002,-1.3066480254816133,4.83418552986508,-0.5172231380673296,1.4852015996310817,-0.9344548536512064,-1.0722194932980944
10.0,93.0,1000.0510864257812,-4.246390182798717,-2.9485669555508025,-1.9620063748620304,0.6886385021912194,-1.3037269861809442,4.83217543445144,-0.5186121621391084,1.484219196239291,-0.9334070712471912,-1.0726003179668373
10.0,93.0,1000.0618896484376,-4.242610549597087,-2.953928777460794,-1.9654032329828344,0.6874154424845909,-1.302655116421115,4.825797711469873,-0.519549590183491,1.4793506596998354,-0.934282539188482,-1.077007961498225
10.0,93.0,1000.0616455078124,-4.244760306020767,-2.950413453086149,-1.9627569490033911,0.68776089312398,-1.304863821545415,4.830028408603653,-0.5189355254240393,1.482869691202957,-0.9332165943859234,-1.0750889563184387
10.0,93.0,1000.0762939453124,-4.244529244699011,-2.952817445021995,-1.9613372322801004,0.6932739394724141,-1.295582335671356,4.825993576679236,-0.5189642342833833,1.484974425895787,-0.9366435424564904,-1.072124056020627
10.0,93.0,1000.0621948242188,-4.244101258650433,-2.950608728357425,-1.9616022685778272,0.6893670719374523,-1.2999561934860735,4.829554769187704,-0.519138812450902,1.483522947017175,-0.9348099461503444,-1.0729190198514953
10.0,93.0,1000.0738525390624,-4.241120005528175,-2.9580640938601666,-1.9660702629855555,0.6890138965919501,-1.2961222667593382,4.819848467451314,-0.5193973014916402,1.4777990440945024,-0.9375815783750454,-1.0758490892087105
10.0,93.0,1000.0789184570312,-4.242658982948397,-2.9515647938059564,-1.9636226680730289,0.6885336623610403,-1.303981539138043,4.829226434775094,-0.5186443555374654,1.4804440925269438,-0.9327883680569816,-1.0762992767336683
10.0,93.0,1000.075439453125,-4.24405923253887,-2.9543967583628645,-1.9653610674195,0.6907036615980378,-1.3027619432759567,4.825003276278107,-0.5174612307613415,1.4805428261934397,-0.9345012729254316,-1.0766587002551322
10.0,93.0,1000.05126953125,-4.244746408628995,-2.9512144018870954,-1.9620391967846096,0.6902081431093361,-1.3011670876640906,4.828482917371508,-0.5192752628963193,1.4839875414588306,-0.9359753429561506,-1.0733236046876349
10.0,93.0,1000.0531616210938,-4.242389872946473,-2.9526232964977246,-1.9651147835805207,0.687817208785173,-1.3023584077488954,4.827627766277779,-0.5186991629694448,1.4795676478048003,-0.9326704402026992,-1.076797411482607
10.0,94.0,1000.0520629882812,-4.244211155559356,-2.9498523836724964,-1.964289542447485,0.6876370014174498,-1.3069693755774998,4.83079318370598,-0.5184878120207319,1.4809453658119065,-0.9312455804101258,-1.0769138573124213
10.0,94.0,1000.0558471679688,-4.245070226689707,-2.9495214203985736,-1.9616624964133569,0.6897125216417628,-1.3039901299744718,4.830159682461254,-0.5183442489333645,1.4831846666406436,-0.934691077844322,-1.0737904753629763
10.0,94.0,1000.0731201171876,-4.24301439005852,-2.9516896505199948,-1.962510100404948,0.6903622829039637,-1.2974071034971535,4.829097248706972,-0.5196548062464599,1.4846773498923491,-0.9338368557206193,-1.0729321347695353
10.0,94.0,1000.0621337890624,-4.243482324879317,-2.953115529639706,-1.9638120215087445,0.6892835605238412,-1.3011831197777846,4.8270797842398085,-0.519427898463011,1.4816827395196466,-0.9344104122581856,-1.075122315820369
10.0,94.0,1000.0554809570312,-4.244403957970445,-2.9503564800916897,-1.9633492038768925,0.6893632051426879,-1.3029521908686892,4.829086968879253,-0.5193884890287057,1.483301406318719,-0.9332587866966352,-1.0749640692901823
10.0,94.0,1000.0697021484376,-4.242186766533493,-2.9498327804688245,-1.9636318462360225,0.6887944153558312,-1.3022573748421855,4.8307506195017,-0.518937067526279,1.4824116071278457,-0.9327041314780242,-1.0755742235855354
10.0,94.0,1000.0489501953124,-4.244181082325844,-2.955195760844148,-1.9636475273785443,0.6902051999793102,-1.301220019333469,4.823991522101942,-0.5193566444291751,1.4809436817162736,-0.936343536551954,-1.0751463294815804
10.0,94.0,1000.0651245117188,-4.242590476120292,-2.9526689749701016,-1.963254669052256,0.6902169835749881,-1.2977951740107447,4.826776835337718,-0.5197188971359097,1.4816296223588523,-0.9361412609797296,-1.072990673732214
10.0,94.0,1000.0552368164062,-4.245406019455832,-2.948524617038171,-1.9626655536806004,0.6873888498694622,-1.3054615866376085,4.831630076335076,-0.5183080890943295,1.4824436934573617,-0.9331047364198676,-1.0744317866900754
10.0,94.0,1000.0723266601562,-4.2437011840507,-2.954376662789412,-1.962923001274838,0.6906292825771398,-1.294884040769109,4.825149239304027,-0.5196860945899351,1.4818694768729015,-0.936646562487594,-1.0720771810235563
10.0,94.0,1000.05810546875,-4.244319419461014,-2.9499135543874138,-1.964361843312993,0.6869837444152562,-1.3056198836866506,4.830553787489157,-0.5181563724571907,1.480341269912615,-0.9322883383124028,-1.0763433759477845
10.0,94.0,1000.0486450195312,-4.245351484231305,-2.95071112961108,-1.962785368781428,0.6898028957443083,-1.3028551794276997,4.828789264162793,-0.519002749887437,1.482859044609243,-0.9344093576238172,-1.0735088845006366
10.0,94.0,1000.0499267578124,-4.244754750464232,-2.949811529715711,-1.9629716309545304,0.6890501896259504,-1.3039444147660957,4.829697827252522,-0.5188685424988266,1.4827039079825743,-0.9334115332719816,-1.0745681955855924
10.0,94.0,1000.064453125,-4.243549233548918,-2.949546275937209,-1.9615009992466128,0.6895305550997044,-1.3020027036540718,4.830917227072714,-0.5192892257755641,1.4836858661161436,-0.9342361956853438,-1.0733198083727609
10.0,94.0,1000.0680541992188,-4.247544332810714,-2.948207910311037,-1.9585883831645887,0.6913267526523033,-1.3006017331039748,4.832060042399636,-0.5199979914795101,1.4884665096683083,-0.937005708580318,-1.0691476288115709
10.0,94.0,1000.0631103515624,-4.243193745861311,-2.955411233312165,-1.9654109914340951,0.6903086934702563,-1.297385691578718,4.823067692826967,-0.5185240097307728,1.4785470960373743,-0.9366590508994,-1.0746573625736828
10.0,94.0,1000.0599975585938,-4.244454790382485,-2.9521869010154766,-1.9637766911895085,0.6890660716461063,-1.3028579036112866,4.826774624638725,-0.5191586716511063,1.4809764509914212,-0.934854955709662,-1.075249492199268
10.0,94.0,1000.0621948242188,-4.246128218953842,-2.9505993541857816,-1.9609299683399504,0.6900851716605985,-1.3019440331938488,4.829989137351191,-0.5190354237934924,1.4858672559217556,-0.9345816113984008,-1.0727432595880693
10.0,94.0,1000.0621948242188,-4.243458243971958,-2.953558590308801,-1.965256700428576,0.6867855383476371,-1.3054339902529837,4.826473322329377,-0.5187211370367626,1.4789665612215377,-0.9339030440990284,-1.0778266242057866
10.0,94.0,1000.0550537109376,-4.24543344895006,-2.95165494695258,-1.9638428883464425,0.6892076841899701,-1.303711563437231,4.829245395253304,-0.518416970587479,1.480971209278814,-0.9327777169894844,-1.0758265034988512
10.0,94.0,1000.0643310546876,-4.2439691858152,-2.9499044450156777,-1.9639970175419208,0.6891251928070989,-1.3053090398000622,4.830468077475626,-0.5171987431502041,1.48135575923477,-0.9317426904193296,-1.0761505787887766
10.0,94.0,1000.0595703125,-4.243074036171194,-2.952911642489544,-1.965011789094529,0.6876938468456775,-1.302898858948434,4.82681072775147,-0.5194458423942185,1.479823298768351,-0.9328518175459202,-1.0771505815448452
10.0,94.0,1000.0610961914062,-4.243858945122707,-2.94917499794768,-1.962890965598572,0.6880728598909238,-1.3048637604948214,4.831173247050471,-0.5185090129473711,1.481599540396927,-0.9322835381573712,-1.0764672062324272
10.0,94.0,1000.068359375,-4.24236403197834,-2.9522102898958007,-1.9653500334598912,0.68818448113523,-1.3031951017485346,4.82760286044045,-0.5179828174035332,1.4779994361343762,-0.9322934045209106,-1.0783239252952042
10.0,94.0,1000.0621948242188,-4.247334543323762,-2.9472101383143228,-1.9607832994312844,0.6893850943121738,-1.3039739196991968,4.834037396542794,-0.5181962900535746,1.4860206507971483,-0.9337098794484576,-1.071564242449667
10.0,94.0,1000.0717163085938,-4.24395737591715,-2.9524804109384304,-1.9610095654012216,0.6910473022126817,-1.2972557535933853,4.827274356135131,-0.5201878304819498,1.48617598320795,-0.9367333886614332,-1.0714588919535113
10.0,94.0,1000.0698852539062,-4.2442563901680375,-2.950025216478669,-1.962477101140444,0.6890464694910756,-1.3040661119626984,4.831101741087835,-0.517956966177068,1.4822451016548586,-0.9331486192912476,-1.0745762975300497
10.0,94.0,1000.0631713867188,-4.243189129421452,-2.952785859080957,-1.9640615989490229,0.6893563368356297,-1.304893060366632,4.827921256983426,-0.5183558118101512,1.4803244326390637,-0.933313726232898,-1.0767237421830471
10.0,94.0,1000.0562133789062,-4.242539123426594,-2.9510580381004585,-1.964079082726002,0.6874327617534952,-1.302223856043561,4.828666368588065,-0.5196778459089355,1.482069134557095,-0.9340033061148968,-1.075635902625745
10.0,94.0,1000.0670166015624,-4.244652705045725,-2.949772364032949,-1.961911614886282,0.6907001414574481,-1.3028065568143048,4.830152321157168,-0.5185721638420517,1.483417719948311,-0.9337119683200692,-1.073972398041625
10.0,94.0,1000.0610961914062,-4.242789610502422,-2.953668310827815,-1.963878418138529,0.6896663431525427,-1.3004471466715335,4.826534552655621,-0.5190818658457683,1.4819255395967286,-0.935579085738695,-1.0754857121687684
10.0,94.0,1000.0634155273438,-4.241746291267987,-2.955057653981978,-1.9643283497114223,0.6901647544638436,-1.2987408324672711,4.8230955191506535,-0.5191492364049033,1.480522306462122,-0.9356297901658248,-1.076063476647482
10.0,94.0,1000.063720703125,-4.245378943827475,-2.9515059667836385,-1.961541955857261,0.6912326717201562,-1.2965836537318776,4.828979514911344,-0.5193740733781436,1.484146844509162,-0.9366448160030744,-1.0706389362956044
10.0,94.0,1000.0718994140624,-4.243622698086484,-2.9543212288441,-1.964125894927032,0.6895848809391802,-1.3063825757252734,4.825278764617412,-0.5187132422855081,1.4806177701824428,-0.9343776741123032,-1.077676605767996
10.0,94.0,1000.0535278320312,-4.242702846188566,-2.9555555158196625,-1.964247985168306,0.6904647601415768,-1.2982709955666865,4.823750595457369,-0.5185290914371024,1.4806910779696103,-0.9359854527018996,-1.0750645829616392
10.0,94.0,1000.069580078125,-4.244150188449429,-2.952021788913945,-1.9614965739748795,0.6915459580557348,-1.2958189726495792,4.826102375721398,-0.5196293764626905,1.4843911569707977,-0.9374178480550172,-1.0713363549835764
10.0,94.0,1000.0685424804688,-4.243782348307958,-2.9552852945898374,-1.96225855632492,0.6911702706699501,-1.298247391397211,4.823958230518478,-0.5190684502019369,1.4825698704887644,-0.93770876870847,-1.073253109477312
10.0,94.0,1000.0546264648438,-4.243791523579189,-2.952007109028538,-1.963362470221731,0.6898621668236826,-1.299560234238137,4.82732218749139,-0.5178835747912371,1.4817752780678708,-0.9346028776546048,-1.0745364724421904
10.0,94.0,1000.06201171875,-4.243210814487043,-2.9514969662190325,-1.9655000804195544,0.6876171084493112,-1.3047446646396472,4.827886015700798,-0.5184229184147968,1.4799583140382069,-0.9312471978099132,-1.0785612688251516
10.0,94.0,1000.05419921875,-4.244441152684535,-2.952441662971128,-1.9622439826557805,0.690981585209026,-1.2986999258760767,4.828193998941787,-0.5186138276638648,1.483529348912219,-0.935458802940218,-1.0731772380925246
10.0,94.0,1000.0547485351562,-4.245654588283187,-2.9485474358357875,-1.959824999052688,0.6899397038007669,-1.3006806271437426,4.832258914669289,-0.5194568513607543,1.4866635128585433,-0.9354387144425802,-1.0711460121610434
10.0,94.0,1000.0725708007812,-4.246496089875226,-2.9527581275620323,-1.962570212005761,0.6921915610182472,-1.3023245236999186,4.826447620784464,-0.5180146340451497,1.4817294027779475,-0.935348626355654,-1.0743696996096097
10.0,94.0,1000.0549926757812,-4.244519065207215,-2.951661986657794,-1.9646256749219844,0.6882235913041281,-1.304237915213426,4.82824260543965,-0.51797079418537,1.4803877831903858,-0.9318926657422965,-1.076127798375297
10.0,94.0,1000.0841064453124,-4.2445377489221805,-2.95059469494977,-1.961136908534573,0.6899446931279343,-1.2992164605732626,4.828755027378481,-0.5197115545520763,1.486088138212848,-0.937077553541812,-1.0718790132711793
10.0,94.0,1000.068603515625,-4.244589990401243,-2.9503890863280287,-1.9619848625695928,0.6887119574791134,-1.2985271393364566,4.829832892793389,-0.5195131459486619,1.4849249452771618,-0.9348912488186718,-1.0717579879421135
10.0,94.0,1000.0640258789062,-4.243487543130409,-2.953924551435372,-1.9654077743597864,0.691007687590619,-1.3013270836999569,4.824880387406639,-0.5187709902886164,1.4812338178124884,-0.9339547873031996,-1.0761004768568003
10.0,94.0,1000.06982421875,-4.244669752792181,-2.9532521190308803,-1.9639561355516504,0.690320934789856,-1.304076180717002,4.8269261596886,-0.517695563398231,1.4803689819138306,-0.9332150771055616,-1.077363837209655
10.0,94.0,1000.059814453125,-4.247103711733366,-2.948917140062429,-1.961790790512825,0.6894302357609039,-1.3027294003220522,4.831475404141736,-0.5178240510217353,1.4847057861303623,-0.933653807443246,-1.072447098804016
10.0,94.0,1000.0638427734376,-4.243391073491994,-2.9543440331028497,-1.9634501245169824,0.6906325362087014,-1.2990489639712308,4.825246115666429,-0.5189730820935914,1.4820366142326409,-0.936883853432442,-1.0745258046511887
10.0,94.0,1000.0551147460938,-4.243162726881292,-2.953659826816605,-1.965621234183195,0.6896747736521869,-1.3049787551539405,4.825317882823597,-0.5183124459546109,1.478766372961836,-0.9326279040817164,-1.0787484958079991
10.0,95.0,1000.0728759765624,-4.246581810783398,-2.950235099501979,-1.9631490791248192,0.688167324158421,-1.3059251137773271,4.831426722409571,-0.5179586553166304,1.4831386980129713,-0.9329984565611484,-1.074712655871251
10.0,95.0,1000.0625,-4.246260433705148,-2.948871194041018,-1.96253907626982,0.6890214528948357,-1.304532794141128,4.831731023334566,-0.5176717686084249,1.48316400791638,-0.9331080928006584,-1.074172242078978
10.0,95.0,1000.0634765625,-4.245600850805303,-2.947838725311956,-1.961932744908452,0.6879700330737757,-1.304547694984528,4.83293074415235,-0.5194509927078546,1.4843166372268692,-0.9320782546854344,-1.074054202465934
10.0,95.0,1000.0577392578124,-4.245230350163826,-2.9499983387516,-1.9621443210141063,0.6903893703868054,-1.2989383266386194,4.829284779064771,-0.5191624995662831,1.4839477840137674,-0.935185729866939,-1.0714921031571252
10.0,95.0,1000.0703125,-4.242487926152386,-2.954113475815436,-1.96232312208906,0.691270148049723,-1.2967994516905,4.825668175208795,-0.520481261847979,1.482703015385109,-0.9371343722852208,-1.0736585092029003
10.0,95.0,1000.0472412109376,-4.24438715550762,-2.9537686728827826,-1.9638761105074969,0.6906084652166538,-1.300595570556161,4.825869184375096,-0.5185367101891227,1.4809406743344553,-0.9348829224473773,-1.074777820579627
10.0,95.0,1000.045654296875,-4.244258399820974,-2.9494095915881333,-1.96451811580896,0.6873315024982709,-1.3069733420336824,4.830470313696313,-0.5186060229317198,1.4806244647029976,-0.9313794223092442,-1.0767862551749707
10.0,95.0,1000.06494140625,-4.2433124838715495,-2.9523242231682336,-1.9629233677275733,0.6892993427224265,-1.3015155026459595,4.8272649880597545,-0.5188332200429189,1.4815181303838107,-0.9347386832916929,-1.075404916512447
10.0,95.0,1000.0675048828124,-4.245325656015375,-2.952114327613404,-1.966654122025688,0.6876230320509258,-1.3095914346631643,4.82767468324273,-0.5175143924308081,1.478426757864547,-0.9302482219504764,-1.0793292642312768
10.0,95.0,1000.057373046875,-4.245282581003618,-2.948500565324556,-1.964118323378501,0.6861294876311455,-1.3110366950794217,4.832027150588836,-0.5189444185015724,1.4809605692155898,-0.929615033479018,-1.0779098784608858
10.0,95.0,1000.0475463867188,-4.244646857874871,-2.953412265172836,-1.9625101526283029,0.6916665251869745,-1.296986726548663,4.826169075315809,-0.5194084799316645,1.4831899814366958,-0.9368623957716656,-1.0725175336346888
10.0,95.0,1000.0604248046876,-4.244092370285426,-2.950598591885249,-1.963148192772743,0.6889100905619454,-1.304870426503613,4.8296892233956985,-0.518570541182064,1.48197569943581,-0.9335067153339917,-1.0757791036031583
10.0,95.0,1000.05126953125,-4.244889231002075,-2.951778803244493,-1.9617739150481688,0.691199027457464,-1.3017714204638482,4.827762950261754,-0.5185553524366888,1.4830933540725582,-0.9358045322606454,-1.073840620013224
10.0,95.0,1000.0509033203124,-4.244865237020113,-2.9506034794258045,-1.963740697474969,0.6878282688169532,-1.304403475286851,4.829060289533762,-0.5189817702285024,1.4810732769166162,-0.9331743081385308,-1.0751515938532794
10.0,95.0,1000.061279296875,-4.243425142485712,-2.950557924581028,-1.9625020118260248,0.6893298800035828,-1.2992562618577197,4.8295034766344624,-0.5180623846169246,1.4829667501528956,-0.9348597808913048,-1.0738018241326728
10.0,95.0,1000.0608520507812,-4.244874567514852,-2.9506079021672256,-1.963960046921469,0.6900118663220658,-1.3015013586508224,4.829916138790761,-0.5183887526057891,1.4820753880190862,-0.9329810097722842,-1.073852147719783
10.0,95.0,1000.0650634765624,-4.246701528860771,-2.948033484341763,-1.960949685488334,0.6877887917626655,-1.3044646975059102,4.832898348952231,-0.519414990252427,1.4852663981863683,-0.9340423838447672,-1.0725255201485795
10.0,95.0,1000.0579223632812,-4.243192901677694,-2.9508069859494537,-1.9660138589493248,0.6868185767133896,-1.3086101864720052,4.828843201988839,-0.5189284313275788,1.4782351038234405,-0.9296665731582472,-1.079389346325621
10.0,95.0,1000.0556030273438,-4.244200978814543,-2.9533706453497093,-1.963198112530832,0.6896543879073791,-1.3027023486946696,4.826161277897867,-0.5193071193630399,1.4810936084192416,-0.935343213577057,-1.0750366062784416
10.0,95.0,1000.0476684570312,-4.24494263303072,-2.9513322289592088,-1.963083457232672,0.6896836671197635,-1.3024726783188152,4.827910648460183,-0.5191432343876929,1.482324660995923,-0.9344386040486654,-1.074487674040979
10.0,95.0,1000.0545043945312,-4.243519283063112,-2.9522587454174265,-1.964005028077336,0.6892667018616478,-1.3014898892657434,4.826581494812048,-0.5191931416218436,1.481225441864349,-0.9349384828510744,-1.0750215795361422
10.0,95.0,1000.060791015625,-4.242234333042264,-2.9521948769331434,-1.964994448675476,0.6887359495700851,-1.3036623607777686,4.826389148248275,-0.5185338768982994,1.4802775755861175,-0.9333349365182187,-1.0775937297267726
10.0,95.0,1000.0537719726562,-4.244801698673173,-2.952420904377925,-1.9637044310653515,0.6896333735462035,-1.3040434652090789,4.827598526017949,-0.5180157993225105,1.4807185965909984,-0.9333144655956468,-1.075889541136342
10.0,95.0,1000.055419921875,-4.2452777781221815,-2.950881967934332,-1.963262523952456,0.6887273693719713,-1.3032232554508805,4.829062114713533,-0.5195101224014698,1.483006256591299,-0.9337298165159726,-1.0743574406312644
10.0,95.0,1000.0585327148438,-4.243689282914319,-2.9506252252994383,-1.962540881819136,0.6888474740901387,-1.3013507915552731,4.829016698586342,-0.5192744582218998,1.4820847500700527,-0.9353740929988864,-1.0734031077049555
10.0,95.0,1000.0430908203124,-4.244548598348612,-2.949168791882743,-1.963507571224732,0.6877766729191057,-1.3064287984653555,4.831554728480542,-0.518127132260692,1.48212652491571,-0.9311661833136516,-1.0764750734389883
10.0,95.0,1000.0611572265624,-4.245010398677161,-2.94669962260523,-1.9625423790650327,0.6870504479963246,-1.3058578664276088,4.834065541964828,-0.5192623424514764,1.4831680576138415,-0.9316264935866928,-1.0738249406851663
10.0,95.0,1000.0594482421876,-4.243843478952435,-2.953767718366727,-1.9632322894912075,0.6896530800683554,-1.3015769456568989,4.826756718670067,-0.5192089558755502,1.4811822945093267,-0.9348587870520148,-1.0756166897163553
10.0,95.0,1000.0571899414062,-4.2458248081268986,-2.951472183631397,-1.9611461853016008,0.6914279006980149,-1.2977416601885483,4.827554096379936,-0.5195554137125677,1.485253569256808,-0.9369885296610844,-1.0705030876084076
10.0,95.0,1000.0650634765624,-4.242587096975756,-2.9525414746287493,-1.9634248508293428,0.6895887883261445,-1.2986697563326928,4.825846173790536,-0.5193532282096944,1.4826196761749628,-0.9356756206791496,-1.0738406870416433
10.0,95.0,1000.0581665039062,-4.243057773853077,-2.951218816806958,-1.964112219687984,0.6889188648768032,-1.3021110923474573,4.828982347288942,-0.5189314806437135,1.4816765790510091,-0.9323945315605826,-1.0758199092363032
10.0,95.0,1000.0640869140624,-4.244399017769089,-2.9539124884182058,-1.9622494608945555,0.6917055616881109,-1.298269091067232,4.824527606920379,-0.5196377439013808,1.4824489898772883,-0.9374692576048114,-1.0728427608007776
10.0,95.0,1000.0494995117188,-4.244729800401255,-2.949889879974005,-1.964180389077637,0.6875408152724214,-1.3069743826706492,4.83005971902222,-0.5178618233093211,1.479889152305196,-0.9318105730395994,-1.077167868054107
10.0,95.0,1000.0828247070312,-4.244584053440805,-2.949446897025256,-1.960141843124633,0.6910492172471923,-1.298382178624859,4.829537793687882,-0.5210788767744639,1.4864814605910146,-0.9366555041379172,-1.0711895690137443
10.0,95.0,1000.057373046875,-4.245429063406653,-2.951781082702774,-1.9647478402021603,0.6882942614123486,-1.3057442262951713,4.829114229043608,-0.5178578166460088,1.4811427013640843,-0.9312420715552908,-1.0768733394302732
10.0,95.0,1000.0518798828124,-4.244581169056552,-2.952435919780269,-1.9633169560760384,0.6896730012777237,-1.3008803339353934,4.827910181799908,-0.5191341064626567,1.482059238041746,-0.935165753057178,-1.0740610004426996
10.0,95.0,1000.0655517578124,-4.2419093774708685,-2.9564910395718345,-1.9658269105921609,0.6892967329557376,-1.301136686166004,4.821567911689781,-0.5179771212880615,1.4783049646812945,-0.9351124665687376,-1.0783081803249264
10.0,95.0,1000.0572509765624,-4.243479536428165,-2.9509668369053395,-1.9645344341086888,0.6876903621773023,-1.3051406971088264,4.8291120596736565,-0.5182421122219703,1.480717551934319,-0.9324539276605276,-1.0766592105153778
10.0,95.0,1000.055908203125,-4.244016789974729,-2.9537621388829067,-1.9642834937498872,0.6894898846921098,-1.3024155451912325,4.825920561084583,-0.5180023726006295,1.480866409196575,-0.933951272736426,-1.0769997034318162
10.0,95.0,1000.0529174804688,-4.244361057062892,-2.948350733040539,-1.9633738515579704,0.6880682083870191,-1.3055792752818671,4.830933398668785,-0.5188639361417309,1.482509250020014,-0.9323060754699116,-1.075531720665432
10.0,95.0,1000.0577392578124,-4.243783308275999,-2.953955958115078,-1.9635851286649315,0.6904669124370901,-1.2978741932091724,4.824904469395165,-0.5195287580870556,1.481314632020256,-0.936778849130202,-1.0732708346749615
10.0,95.0,1000.0498046875,-4.244064274223629,-2.9528550187781817,-1.962739537775433,0.6904307341099427,-1.2995173905296875,4.826993834108443,-0.5194477036604468,1.4829444706751618,-0.9354064864703328,-1.073857039022192
10.0,95.0,1000.0499877929688,-4.245144932090123,-2.951859268961351,-1.9625927362728608,0.6902545627224779,-1.301068048098462,4.828135655287131,-0.5185349093424048,1.48356490322848,-0.9349133589913324,-1.073434355477854
10.0,95.0,1000.0490112304688,-4.243811367394804,-2.9516119660307707,-1.963697020481636,0.689260882293814,-1.3041719771224396,4.828559056385718,-0.5193854271953402,1.4811620888355916,-0.932586423169698,-1.076292488020795
10.0,95.0,1000.0527954101562,-4.243424454970725,-2.952121186326157,-1.9641098457626431,0.6890911819098609,-1.301881710229111,4.826701371181205,-0.5194467951924118,1.4812074748026536,-0.9345515623769424,-1.074805069597451
10.0,95.0,1000.0565185546876,-4.24320047693366,-2.949803193039348,-1.962871496488885,0.6888130936172754,-1.3011673303075448,4.829812051555884,-0.5182657335703773,1.4821333009222473,-0.9336657102676078,-1.0746831161674746
10.0,95.0,1000.0547485351562,-4.243291552806796,-2.9530341765770887,-1.963242400108392,0.6898208304983182,-1.2988084505186333,4.826556108950372,-0.5192701073506969,1.481301451187324,-0.935435852385326,-1.0743960360612852
10.0,95.0,1000.0550537109376,-4.242672283264406,-2.955075437633884,-1.9644486784768425,0.6894633641027053,-1.2998231897183057,4.824187576853442,-0.5196611721342501,1.4792137516184205,-0.9369323454169488,-1.0754351834079028
10.0,95.0,1000.05908203125,-4.243026174627891,-2.954450584724594,-1.964157692063508,0.6897965231602701,-1.301452271574333,4.8252019698695285,-0.5186973449222396,1.4801196122837856,-0.9351654949620744,-1.0765279276506274
10.0,95.0,1000.0457763671876,-4.2438142407832125,-2.9525444965318,-1.9635043636260847,0.6903521911492829,-1.3004125089261356,4.826380151043479,-0.5182982298672654,1.4821296998737985,-0.9349377738898186,-1.074814098976007
10.0,96.0,1000.0594482421876,-4.243729869772062,-2.952316310855809,-1.96279400425046,0.6895678923208113,-1.3002246229391408,4.826496383630268,-0.5202380150758898,1.482423777119647,-0.9363485338079904,-1.073134145502792
10.0,96.0,1000.0472412109376,-4.243331561106948,-2.9541344810800925,-1.9660020867300696,0.6891935855904556,-1.3045322545751818,4.825038478259259,-0.5183583926095361,1.4775833951038422,-0.9327655434219642,-1.078591443362555
10.0,96.0,1000.0590209960938,-4.242344577050937,-2.954966555152632,-1.9656272062793545,0.690024793781209,-1.2996745169033104,4.823284577353569,-0.5184490173546479,1.478545027876029,-0.9351391368396068,-1.0764461575970057
10.0,96.0,1000.0520629882812,-4.244385869679191,-2.9527606901800945,-1.9629796410264984,0.6904449591000796,-1.3004029562608397,4.827134431863051,-0.51904714477247,1.4823500680624226,-0.9350962069660964,-1.0736819007138745
10.0,96.0,1000.0546875,-4.244876524015961,-2.950276126072165,-1.963233381309506,0.6891986417218998,-1.3022446799641147,4.829863157304109,-0.5189121590790045,1.4823435177196238,-0.9332114272706162,-1.0740462949723262
10.0,96.0,1000.0571899414062,-4.243385799191016,-2.9534959664239606,-1.9629586305464324,0.6903128234756633,-1.3009015990410877,4.8259775228816455,-0.5196101644698343,1.4825994813209196,-0.9356622472927532,-1.0747666096738735
10.0,96.0,1000.050537109375,-4.243531132228311,-2.954250291037247,-1.9640962295299285,0.6906073280094134,-1.2997268404361346,4.824147918704803,-0.5193873602853429,1.4809953553247466,-0.9361372786760124,-1.0746460021922175
10.0,96.0,1000.0546875,-4.2440652742091896,-2.9534902725643644,-1.9635960719144667,0.6899472773056576,-1.3021391073112336,4.82607632479284,-0.5185669532031243,1.48135205606326,-0.9343510393473302,-1.0762131985075143
10.0,96.0,1000.0513305664062,-4.244166105408845,-2.9494892860916706,-1.9629683893279104,0.6882750257205075,-1.3023081300979331,4.830589754394886,-0.518956358117193,1.483081020532583,-0.933345140073328,-1.0745905197330243
10.0,96.0,1000.0509643554688,-4.246019797483484,-2.949672473895801,-1.9620707405649327,0.6897444918313553,-1.3018777546169025,4.831304227083109,-0.518486155621134,1.4841367463769126,-0.9340801523253824,-1.0728738533609072
10.0,96.0,1000.0625,-4.2424673126622645,-2.9565244797580044,-1.9653469740640768,0.6898544762862944,-1.2995206476555836,4.821864654481601,-0.5198004134196363,1.4794517357906036,-0.9354024545672672,-1.0762670525407825
10.0,96.0,1000.051025390625,-4.244903933191031,-2.950030019996644,-1.9633004525513809,0.6887654002727652,-1.3053860729424267,4.8296834261881845,-0.51917870821962,1.4818123688031264,-0.9335376896139982,-1.0746969047378183
10.0,96.0,1000.0567626953124,-4.243577274082409,-2.950072650636698,-1.964716898269728,0.6884505700250534,-1.3058060975227068,4.829954602977857,-0.5180486022472648,1.4800199881545604,-0.930544507581792,-1.0779748344363689
10.0,96.0,1000.05224609375,-4.243126817244703,-2.9555084854236164,-1.9633068111226624,0.6925904053531005,-1.296070147028345,4.823526813376931,-0.5189861960215447,1.48204822943055,-0.9366467569768392,-1.0740243434478969
10.0,96.0,1000.0658569335938,-4.243705022178251,-2.952504898901483,-1.962985602286972,0.690665794783726,-1.299544075643797,4.826770510885078,-0.5202130890185339,1.4833944369834642,-0.9364678458288552,-1.073122375717443
10.0,96.0,1000.0618896484376,-4.24358504363761,-2.9519635012122443,-1.9651318951347991,0.6880424721200598,-1.305913851151656,4.827212761189539,-0.5190747419112371,1.4805685025384383,-0.9325795155070128,-1.0775240922711982
10.0,96.0,1000.0556030273438,-4.244650849383187,-2.950233737188526,-1.962924224255025,0.6887548673221406,-1.304621988527734,4.830531136153656,-0.5192095951497224,1.482243675204468,-0.9329579776420208,-1.075317331553518
10.0,96.0,1000.0606689453124,-4.244081659069368,-2.952262470568335,-1.9632226554151329,0.6898395655321092,-1.301892667823839,4.827032241061509,-0.5189690741068596,1.482844971340393,-0.9342920393930793,-1.0745997513002252
10.0,96.0,1000.0571899414062,-4.24515876389426,-2.950220745093076,-1.962963977653596,0.6892312569841783,-1.3035120223480696,4.830712538881883,-0.5185531213121166,1.482825601052005,-0.9328607319023448,-1.074027623705036
10.0,96.0,1000.060791015625,-4.245109446149399,-2.9501403569371627,-1.9634401349539607,0.6895771376898701,-1.305680070828679,4.830549200373088,-0.517123120203947,1.4824430684120475,-0.9320929223790212,-1.0762200144105805
10.0,96.0,1000.052001953125,-4.244420306796667,-2.9514650486809617,-1.964717312346956,0.6877931707662688,-1.3067560867869457,4.828673174149001,-0.5182337289958037,1.4803237250514831,-0.9318307599743196,-1.0777630759844636
10.0,96.0,1000.0533447265624,-4.244626291790859,-2.9498083656229643,-1.962749689835293,0.6892508634196055,-1.3027789573146809,4.830033776142667,-0.5189461518423908,1.4826127820063384,-0.9335762759931878,-1.0739152693175278
10.0,96.0,1000.0496826171876,-4.245098239729023,-2.9487069758956213,-1.9640112243971,0.6863851267735877,-1.309198037180901,4.832064502917103,-0.5179919598478886,1.4803082962338143,-0.9304454039641152,-1.0776582914261867
10.0,96.0,1000.0513305664062,-4.243220983318578,-2.9532717337750896,-1.965941899377675,0.6885701188677498,-1.3048361721956896,4.826469074990509,-0.5178503210750636,1.478961207842337,-0.9325814359332024,-1.0785628435867425
10.0,96.0,1000.060302734375,-4.242156201118828,-2.953808099097324,-1.965160432383024,0.6880282853690005,-1.3029510770069257,4.825405297013422,-0.518702554283534,1.4788321590478235,-0.9336206404441584,-1.07778733336351
10.0,96.0,1000.0507202148438,-4.2436545169446,-2.952634564055148,-1.9644331524224456,0.688164014470515,-1.3040127931148997,4.827312616494897,-0.5186692382272309,1.4803722452393604,-0.9335518611072332,-1.0768417624615338
10.0,96.0,1000.0678100585938,-4.24360665314596,-2.9547944613324466,-1.964810199210575,0.6892474695263662,-1.3042038158838372,4.824958838398167,-0.5183792706837798,1.4791220812185593,-0.9343820374398212,-1.0779707755466736
10.0,96.0,1000.0621948242188,-4.245195177211045,-2.9508999011496653,-1.962206462857976,0.6897160332546379,-1.303047322325141,4.829360726565305,-0.5191151511146073,1.4835649277527845,-0.9350309443711504,-1.0735948775208182
10.0,96.0,1000.0537109375,-4.246646678063904,-2.950552707472979,-1.9632933752264243,0.6894156536836888,-1.305011416690944,4.829747614734986,-0.5175929631572327,1.481251807822054,-0.9330758949530028,-1.0751324998528258
10.0,96.0,1000.0419311523438,-4.243756263034502,-2.953100758621658,-1.964314373480799,0.6897632418775697,-1.3020881285009436,4.826458362572334,-0.518584366147298,1.480708508340566,-0.9338703180264812,-1.0761266950898123
10.0,96.0,1000.0614013671876,-4.242523415865889,-2.953871114524933,-1.9655622893022275,0.6888309978070017,-1.3040940962067382,4.8245733550004175,-0.5193847057327661,1.4789607293103924,-0.9332163303854876,-1.077776688923949
10.0,96.0,1000.0599975585938,-4.245384447377853,-2.9521211254918005,-1.961499269933272,0.6919005796225495,-1.2986040989458552,4.826910398443548,-0.5193972799451716,1.4839830096545708,-0.9367531858363138,-1.0718099578202729
10.0,96.0,1000.04736328125,-4.244597561991711,-2.951664762103128,-1.9632042254361948,0.6896867720596767,-1.3006379414446323,4.828524155781457,-0.5184662536875049,1.4825371690924758,-0.933576740370337,-1.074517665465839
10.0,96.0,1000.0537719726562,-4.245061345050131,-2.9508816593937173,-1.96375200400192,0.6890030565038865,-1.3049316888933085,4.828641374097268,-0.5184045360776137,1.4809930165152485,-0.9325607353570984,-1.0761445669156355
10.0,96.0,1000.0598754882812,-4.242796202502662,-2.953337694348168,-1.964630621617116,0.6886159228905431,-1.302079588417442,4.826409922924638,-0.5191804806808378,1.4796797811808575,-0.9342257926062,-1.0767682820141635
10.0,96.0,1000.0492553710938,-4.245047870796958,-2.950786875576312,-1.9632677688055464,0.6890441814429247,-1.3029517104157935,4.828579967259213,-0.5190446759026299,1.481974325805928,-0.9339927262970624,-1.074641190036287
10.0,96.0,1000.0543823242188,-4.245379308288641,-2.948955357716609,-1.9646151789470687,0.6867867640503613,-1.3083673707959165,4.831571136488844,-0.518453611484234,1.4815567927066944,-0.9299189249701456,-1.077310745798262
10.0,96.0,1000.0533447265624,-4.243668752780536,-2.9534905706275083,-1.9636259156345488,0.6905081837676805,-1.300365691451863,4.825972046471653,-0.5194049338241955,1.4820737788084548,-0.9351423592378652,-1.0748529882373514
10.0,96.0,1000.0601806640624,-4.2433251097683495,-2.9523462105755263,-1.9641478610613832,0.6889886472780589,-1.3018186356637955,4.826777455896318,-0.5182268611975873,1.4806152552098162,-0.9336200688325214,-1.0764307174852714
10.0,96.0,1000.053955078125,-4.243830489136412,-2.9517403821939743,-1.9635726307142136,0.6892725599858309,-1.3042478543723712,4.828912552681587,-0.5186528086505762,1.4821781109674372,-0.9334225246590772,-1.0760877514329787
10.0,96.0,1000.0415649414062,-4.244532853745008,-2.9530326126345914,-1.9634809146640104,0.6903375364234048,-1.3004676906143668,4.826463561722692,-0.5187037603603226,1.481755538850459,-0.9350814786059578,-1.0745241526795168
10.0,96.0,1000.0587768554688,-4.244521443770729,-2.9496382389253752,-1.962661626338124,0.6884546481403708,-1.302793052770434,4.829737023339426,-0.5194273367979889,1.482104359499008,-0.9337481621686656,-1.0743069309700006
10.0,96.0,1000.0597534179688,-4.244044381935349,-2.9528158513666054,-1.9637981305312229,0.6897800259469484,-1.30152327569032,4.82785975591327,-0.517528521996339,1.4813468779978125,-0.9338623582228552,-1.0754683963197635
10.0,96.0,1000.0425415039062,-4.244227493686248,-2.952113450209206,-1.9636660667938628,0.6895927733086138,-1.3016780295456716,4.827993260332676,-0.5185052653907825,1.4819276084537891,-0.933494076558465,-1.0754815781312717
10.0,96.0,1000.0707397460938,-4.244186047759721,-2.9518217607835284,-1.9642806608733072,0.6902935187948547,-1.302963284755117,4.8274141283071295,-0.517348843530038,1.480711825005395,-0.9328874311574512,-1.0762181025349058
10.0,96.0,1000.0562744140624,-4.243411695330601,-2.95104364983734,-1.96435599477246,0.6879073768491253,-1.3051911689272018,4.828903194181272,-0.5184031412749581,1.481102828041818,-0.9319804036728634,-1.0775930206324942
10.0,96.0,1000.0501708984376,-4.243485706537376,-2.953504778203889,-1.9656169034794813,0.6891767673711584,-1.3043995943608424,4.825984524548151,-0.5173197045753364,1.478415859895252,-0.9324399861070392,-1.0787392605851949
10.0,96.0,1000.0486450195312,-4.244052942044314,-2.9519535657692577,-1.962759573808164,0.6899218868405343,-1.3016683252082246,4.827523815203071,-0.5184133107096525,1.482826615888703,-0.9351824253625588,-1.0744962357704215
10.0,96.0,1000.052978515625,-4.246198051893959,-2.949790204916904,-1.9628728535235904,0.6899648748333256,-1.3070210259089867,4.83093464236809,-0.517230548174326,1.4826842907404671,-0.9317700661340478,-1.076222397220958
10.0,96.0,1000.0470581054688,-4.244716884407202,-2.951672802776163,-1.963484935632752,0.6888404537230137,-1.302740090773034,4.828227860423466,-0.5185354238243569,1.481437909333934,-0.9343702513167588,-1.0745858497839489
10.0,97.0,1000.0523681640624,-4.244793224431186,-2.9523932871260845,-1.9649686587578128,0.6883885236492526,-1.303579950000899,4.827233322632674,-0.5182288412957252,1.4802580674455452,-0.9329594634469132,-1.076493422270231
10.0,97.0,1000.0496826171876,-4.244078665228905,-2.9553815542618374,-1.963655656292011,0.6916987166166884,-1.298452135035114,4.824102150270701,-0.5183468621989675,1.4808829267941528,-0.9368170887271896,-1.0743074697920214
10.0,97.0,1000.0753784179688,-4.245001242837825,-2.9499968035578457,-1.9612427552750344,0.6902934932643561,-1.3005638482135016,4.829855324546045,-0.5197715268877658,1.4855406363133996,-0.9356922658356046,-1.0726415905477875
10.0,97.0,1000.0556030273438,-4.2448812971950565,-2.951133874296905,-1.9620799492132628,0.6906375125731659,-1.3009020922956949,4.828428134573917,-0.5187835883155287,1.4843324144846948,-0.935804459260444,-1.073094788888195
10.0,97.0,1000.0516967773438,-4.244063512971961,-2.95370051789284,-1.9639488686145223,0.6897379196519768,-1.302143352366811,4.825900241683449,-0.5185233384886896,1.4795262602649275,-0.934814363700652,-1.0761150605434566
10.0,97.0,1000.0515747070312,-4.2441502939322655,-2.953747707500303,-1.963953821487488,0.6904522743824923,-1.3006517497076748,4.825646228181045,-0.5185735833113716,1.4801059980460165,-0.9347359828650816,-1.0753457257322148
10.0,97.0,1000.0562133789062,-4.244966069325428,-2.952285161603819,-1.964016772376318,0.6893982234638205,-1.3048445990633075,4.827533416569489,-0.5184539958441814,1.4812218961204335,-0.9327680952950032,-1.0765549781543688
10.0,97.0,1000.0430908203124,-4.2451576276962175,-2.950500067074943,-1.9630817799062303,0.6886690447910393,-1.303005634822711,4.830058645417033,-0.518999480956083,1.482530722786115,-0.9332787159964891,-1.0743508446222445
10.0,97.0,1000.0450439453124,-4.244543799107577,-2.951732678013069,-1.96455730561144,0.6884468955661838,-1.304560142409163,4.827928804778939,-0.5184403852363069,1.4801928289957358,-0.9328186009035306,-1.0762988225109775
10.0,97.0,1000.0464477539062,-4.243953448678896,-2.9535490995312315,-1.9642562699871384,0.689831840318293,-1.3013582046653474,4.826171833584194,-0.5189398540778027,1.480654921041893,-0.9337059343858218,-1.075945110061303
10.0,97.0,1000.0451049804688,-4.244233677897836,-2.9524340255270225,-1.9641191282983703,0.6890876331760971,-1.3026976759386484,4.827175424882835,-0.5187151611620955,1.4813562717086617,-0.9338172848248564,-1.0760714138372711
10.0,97.0,1000.05419921875,-4.244813549253219,-2.9511286272675683,-1.9636621736509925,0.6889259393551486,-1.3041502143855634,4.82864779169152,-0.5181830282335707,1.481621551090612,-0.933567248343662,-1.07580835951993
10.0,97.0,1000.0452270507812,-4.243689635195716,-2.953501395229757,-1.964342364568326,0.6899030916233038,-1.3014264566899474,4.825745253955651,-0.5184165662210445,1.4804505186260952,-0.933979942957758,-1.0761542990617108
10.0,97.0,1000.0538330078124,-4.244436251868474,-2.951617607429862,-1.9641805860525705,0.6878184407099175,-1.3034758610275086,4.828020292396042,-0.5187209861209894,1.480244646372726,-0.9334280611863068,-1.0760491131695953
10.0,97.0,1000.0573120117188,-4.243003764580452,-2.9521807823404025,-1.965467747518944,0.6873488302246411,-1.3059883057383503,4.82781167759622,-0.5180122655794275,1.4781752185772623,-0.9320061413430364,-1.0787205523965016
10.0,97.0,1000.0601196289062,-4.244160672104532,-2.953389598397309,-1.9623758670378648,0.6912377444553011,-1.2978657746316786,4.824995222790269,-0.519354385210149,1.483593881623225,-0.9374553263262256,-1.0731132949191575
10.0,97.0,1000.049072265625,-4.244800626509337,-2.952142298108184,-1.963584185605971,0.6898329840004376,-1.3036582612557617,4.828119107406984,-0.5181134050178207,1.4815277237109967,-0.9333253859518846,-1.0759985494771658
10.0,97.0,1000.050048828125,-4.245311178361733,-2.9512095918646923,-1.9638816224340123,0.6889630343784141,-1.3045944497671045,4.828699682086494,-0.5176862203223562,1.4813102811591303,-0.932756555111948,-1.0760804080762476
10.0,97.0,1000.0556640625,-4.245531126936718,-2.9499300287592454,-1.963354176784735,0.6877997090556462,-1.306566921091996,4.830925369536047,-0.5178271948816127,1.4815023052877123,-0.9322205203318904,-1.076458846060062
10.0,97.0,1000.0464477539062,-4.244256035696079,-2.950888255640784,-1.965098824225941,0.6872390651574616,-1.306188578741323,4.829042443962983,-0.5184218976284294,1.4792474252959875,-0.9317996529184152,-1.0773729027759704
10.0,97.0,1000.0659790039062,-4.242507255955798,-2.954261543666441,-1.9666699508992087,0.6875091616962612,-1.3049415466100065,4.825753508600492,-0.5184923629722622,1.4771447871075525,-0.9318246459112648,-1.079098946005045
10.0,97.0,1000.0472412109376,-4.243918239129364,-2.9510944236807464,-1.964115579753412,0.6888879706015807,-1.303648051181478,4.828499987701715,-0.5186547420042436,1.4817310644999626,-0.9327844278209944,-1.0758826843932416
10.0,97.0,1000.0506591796876,-4.243447182084539,-2.952988669682351,-1.963040351022193,0.6899444075457577,-1.300084249617619,4.826123780390649,-0.5196782592324283,1.482585720860845,-0.9355924940873556,-1.0742691611336532
10.0,97.0,1000.0466918945312,-4.245704620495623,-2.9541040840031125,-1.9641723730264973,0.690846667380125,-1.3025253521047504,4.825427835953363,-0.5174891308374816,1.480530394467111,-0.9347647275763896,-1.07542564512923
10.0,97.0,1000.0479736328124,-4.245957404964523,-2.9514008321375456,-1.9627665419076483,0.6897781247213128,-1.3018101631430028,4.828929899282606,-0.5181559574131258,1.4824513642795658,-0.9340732731819824,-1.073904512878474
10.0,97.0,1000.0440673828124,-4.242952231124493,-2.954220682220265,-1.9658795727722864,0.688534017231488,-1.3029582002778954,4.824854328129295,-0.5184949051343777,1.4784014970037769,-0.9336566663662218,-1.077764173433513
10.0,97.0,1000.0531005859376,-4.243946360468168,-2.950276508241866,-1.964335656239336,0.6882190969007498,-1.306080796118013,4.829593093752608,-0.5187487639382526,1.4814602018465417,-0.9311917595401722,-1.0771228117906997
10.0,97.0,1000.0505981445312,-4.244623458552568,-2.952302657209627,-1.9630574341934088,0.690439982607403,-1.3009890725985285,4.827124641224176,-0.5185615536860055,1.482588227853972,-0.9346895275989012,-1.0743724447833791
10.0,97.0,1000.0431518554688,-4.245203530109915,-2.9512164290414096,-1.9626979028822285,0.6896567049958682,-1.3021078231854597,4.829247834826292,-0.5186968571880968,1.483130185226038,-0.9342121319936236,-1.0738816949583931
10.0,97.0,1000.044921875,-4.242683203002501,-2.954087956759432,-1.9644291808339465,0.6903895384227567,-1.2994400822673249,4.825301589456837,-0.5189320745327892,1.4805990322402067,-0.9348779062516126,-1.0752574358220892
10.0,97.0,1000.052978515625,-4.244094045295781,-2.953944526620776,-1.964505437784884,0.6902802480955375,-1.301490448175465,4.825315520871435,-0.518274032826687,1.481020857348062,-0.9351334109091098,-1.0756124128182898
10.0,97.0,1000.0499267578124,-4.243208647679291,-2.9542453563182143,-1.964788550205438,0.690104810338779,-1.3022770456285877,4.825113988574303,-0.5181162126792396,1.4798217727390934,-0.933673271387347,-1.07746429215275
10.0,97.0,1000.0380249023438,-4.244327194144365,-2.9521368534483323,-1.964157898834216,0.6887223201422321,-1.3031615450648617,4.828009091014003,-0.5182652004787327,1.480904404224189,-0.9333271662543936,-1.0759429636454767
10.0,97.0,1000.0477294921876,-4.243725804437024,-2.9520883408653646,-1.965645331963024,0.6882362436895919,-1.3052140223886943,4.827354961325344,-0.5185066595189181,1.4789627318692329,-0.932042554581364,-1.0777183284011205
10.0,97.0,1000.0532836914062,-4.244712368573698,-2.952420055438146,-1.9635130717963465,0.6892775947936549,-1.302923467186856,4.827462050449288,-0.5190442575043335,1.4820044596888104,-0.9344381452837008,-1.0745832761879743
10.0,97.0,1000.057861328125,-4.245217203926065,-2.953622012399329,-1.9640788090150527,0.6908284109117329,-1.3037066827329582,4.826355570123388,-0.5176245041030185,1.481137524706945,-0.933867072339682,-1.0766422639996738
10.0,97.0,1000.0582275390624,-4.244263534919298,-2.9542196290492813,-1.963801484848888,0.6902847768577471,-1.3018201223632424,4.825285582286426,-0.5186097694938825,1.480317129287018,-0.9350823188806148,-1.0754584764166937
10.0,97.0,1000.04736328125,-4.244620005690095,-2.9511190303536177,-1.9642086632810067,0.6890410930428335,-1.3044497942501154,4.828542720646274,-0.5182025927731244,1.4808617777642707,-0.9330434204605194,-1.0760366146965392
10.0,97.0,1000.0578002929688,-4.245308854030151,-2.949315548217077,-1.962604013730724,0.6889492948495572,-1.3017570377572207,4.830426918052707,-0.5189469607579085,1.4834634856489777,-0.933842111425295,-1.0730055489587849
10.0,97.0,1000.0635986328124,-4.244928496339336,-2.953095592918672,-1.9634386225605285,0.6902990405233398,-1.3003547576287051,4.825952157947224,-0.5190259788492906,1.4809227290596558,-0.9356384153063332,-1.0739430177027942
10.0,97.0,1000.046142578125,-4.2443503634455135,-2.9530843065745103,-1.965992444561684,0.6883337235962284,-1.3055269805533545,4.826486462864395,-0.5181788622694237,1.4781471134009774,-0.932124332867609,-1.0779535525149084
10.0,97.0,1000.0602416992188,-4.244567263947519,-2.950253703073469,-1.9619576895047208,0.6896491069704531,-1.3041002411374758,4.830219455505942,-0.5184992707020601,1.4835069734723731,-0.9338683793982784,-1.074813084069997
10.0,97.0,1000.0609741210938,-4.242615105063379,-2.9546599518929435,-1.9653177877512664,0.6891915941392917,-1.3030043080474245,4.824356072135547,-0.518586797129096,1.4795491849266416,-0.9342972426325052,-1.0777912208775642
10.0,97.0,1000.0571899414062,-4.244983487900448,-2.952030278338749,-1.9622203619787848,0.6907828144991344,-1.3001939889044485,4.827593119650006,-0.5193372492768216,1.483428959483045,-0.9354756136924331,-1.0733134838892324
10.0,97.0,1000.0513305664062,-4.245196918051832,-2.952147271497304,-1.9620694378799328,0.6905186807509844,-1.3013362804832669,4.828182714848225,-0.5192557545737957,1.4835101389928704,-0.9348659165390814,-1.0732496346674465
10.0,97.0,1000.0523071289062,-4.244889997564503,-2.9505010266329914,-1.9644655905839952,0.6877419818174291,-1.306240863250867,4.82927988228186,-0.5179021697990756,1.4803535721731986,-0.9321131697713234,-1.076364927456757
10.0,97.0,1000.0531616210938,-4.244711176278827,-2.952196947691337,-1.964296204953269,0.6887343020891201,-1.3040046005661452,4.82848362755081,-0.5181972703391295,1.481081659849412,-0.9326721952271386,-1.0763682606574632
10.0,97.0,1000.0631713867188,-4.244265427853956,-2.9502056115370525,-1.963780159844304,0.6879316685307382,-1.3062640251304105,4.830342319472406,-0.5187282086672464,1.4802729209881391,-0.9318973624716458,-1.0767600808833273
10.0,97.0,1000.0648193359376,-4.242932417780332,-2.953367945842208,-1.9638444917434648,0.6893066172308675,-1.2984566075969095,4.826286070807441,-0.5200431115527975,1.482264211342689,-0.9354619301508054,-1.0742398410813505
10.0,97.0,1000.0472412109376,-4.243762607406875,-2.9508397298052387,-1.964194794367594,0.6881516213555328,-1.3041351760939075,4.8289887788723895,-0.5191454135216862,1.4813524172455814,-0.9322910925122329,-1.0762622285058865
10.0,98.0,1000.0562133789062,-4.245973557625844,-2.951466820824799,-1.962426508251056,0.6893144591507507,-1.301207256791434,4.829556473891071,-0.5188255028368607,1.4833334605348236,-0.9345307410417868,-1.072946778235091
10.0,98.0,1000.0503540039062,-4.2437713462474855,-2.9524763014407984,-1.9658521646700955,0.6877241592421122,-1.3047028557162488,4.827454367454658,-0.5186564430541276,1.479485141792395,-0.9314294067683138,-1.0775166627141504
10.0,98.0,1000.0526123046876,-4.244035405470587,-2.954325456585749,-1.9654345545983527,0.6894318387031797,-1.3029018124152731,4.825041427995176,-0.5183712929456998,1.4789411538182566,-0.9335375573316496,-1.0769296695780095
10.0,98.0,1000.0433349609376,-4.244627319397422,-2.9514422629664026,-1.9636584891262208,0.6885406133374969,-1.3018826945308226,4.828566105207001,-0.5187611704411168,1.4813781984918108,-0.9337202331983816,-1.0746273889324036
10.0,98.0,1000.0610961914062,-4.243849731280825,-2.9529244524467617,-1.9642833692783304,0.6897054567223257,-1.3036567401209909,4.827121623725121,-0.518636557108973,1.4797420592671695,-0.9336545917353236,-1.0767364612418158
10.0,98.0,1000.0558471679688,-4.245283306446167,-2.950144305169329,-1.9626765371172583,0.6892775953654153,-1.3013438471323586,4.830159373983506,-0.5183202137493739,1.483294529650582,-0.933947330302539,-1.0728403596103648
10.0,98.0,1000.0503540039062,-4.244111359951143,-2.953716842015236,-1.9643588630409423,0.6900943698487527,-1.3005436264669648,4.82527705064175,-0.5191995179338917,1.4810344398596378,-0.9345905848045142,-1.0754104202176729
10.0,98.0,1000.0587158203124,-4.243705543712396,-2.9530570538354746,-1.964910209007116,0.6899843930541856,-1.3023517738219257,4.827058163322178,-0.5177211249275313,1.4797977835331322,-0.9326729905253224,-1.0770790723217107
10.0,98.0,1000.056640625,-4.243686389093801,-2.9531981069337374,-1.9656280375218889,0.6883319227991969,-1.3047606911285072,4.826689496101235,-0.5182364276807636,1.4790776246279125,-0.9319245972385364,-1.078813778753374
10.0,98.0,1000.0450439453124,-4.2441754095104365,-2.952393185245916,-1.9637417869412768,0.6900125367585979,-1.3019008299568542,4.826990182346867,-0.5183924311019084,1.4818327346281563,-0.9342988655351788,-1.0752251374501247
10.0,98.0,1000.0445556640624,-4.244754866971554,-2.9521174906907515,-1.9649494103201663,0.688884016992799,-1.3050122007566012,4.827364976159394,-0.5180033480394499,1.4798246352721245,-0.9326716389482694,-1.076958324861442
10.0,98.0,1000.039794921875,-4.24422551322621,-2.951980190676796,-1.96377928820502,0.6889729589693419,-1.3025719989076403,4.828086485293275,-0.5187368992672532,1.4811240258839398,-0.933506320345681,-1.0755518488259996
10.0,98.0,1000.05224609375,-4.243385243085864,-2.954871715185724,-1.965399990673568,0.6887616372436351,-1.303068034924339,4.824267302186225,-0.5183084940756562,1.4787087729450432,-0.9341068234732912,-1.0779724073490908
10.0,98.0,1000.0502319335938,-4.244552730750014,-2.9517447724003283,-1.963457987966584,0.6900750326295713,-1.3022141641839058,4.8279867894938295,-0.5184188241945229,1.4821812891793442,-0.9340896012197372,-1.0745157971858248
10.0,98.0,1000.049072265625,-4.244073953860475,-2.952753021900203,-1.964386625140846,0.6898809408831816,-1.3021503095819438,4.826699568836823,-0.5183116380699415,1.4803343839505183,-0.933283673667722,-1.0760747683506096
10.0,98.0,1000.041748046875,-4.244395594666397,-2.950632918382841,-1.963790845523853,0.688886662711619,-1.30405085845993,4.829536100791342,-0.5180377012180957,1.4813043031714983,-0.9328008254239668,-1.0760792555931529
10.0,98.0,1000.0516357421876,-4.244307196887705,-2.952277869484106,-1.9622328167519965,0.6903081339942139,-1.2998925200850824,4.827625402669792,-0.5197881581583994,1.4832949893427347,-0.9353673528377052,-1.0735127721921862
10.0,98.0,1000.048583984375,-4.243537431535643,-2.9548867520127846,-1.9653706761459768,0.6898126588387541,-1.3003478366294532,4.82486404222,-0.5188285861608675,1.4799800995801702,-0.9345030054762072,-1.0760848720832952
10.0,98.0,1000.0511474609376,-4.244370141417709,-2.950913364741651,-1.9635629580549363,0.6891569682816883,-1.3031449106060045,4.82939466061317,-0.5185508355346649,1.481199216893275,-0.9330609896419552,-1.0751901821923502
10.0,98.0,1000.0532836914062,-4.244553240215222,-2.953138844834474,-1.965498991034876,0.6880117825800438,-1.306633763157958,4.8272717460025465,-0.5184024728403651,1.4783395520292275,-0.9322256239542276,-1.078159095172345
10.0,98.0,1000.0511474609376,-4.244081725997649,-2.953511339233424,-1.96412460272763,0.6900005090836299,-1.302064142808828,4.826149714635266,-0.5191042573980962,1.480827557436834,-0.9337973652303776,-1.075840524237191
10.0,98.0,1000.042236328125,-4.243971398175872,-2.951541751468408,-1.964665644058547,0.688101261480556,-1.3057274758874238,4.828482238292267,-0.5184203407235008,1.4797613141141142,-0.9320065828521028,-1.077383798403683
10.0,98.0,1000.0479125976562,-4.244054895493269,-2.953251056652212,-1.9656866629036984,0.6883239266656229,-1.3051757758009557,4.82648149825067,-0.5183198476145447,1.4789199393117585,-0.9320669474552165,-1.0779049417722235
10.0,98.0,1000.0587768554688,-4.244338872612788,-2.9530841950401263,-1.9644989198507448,0.6896692019845272,-1.303029005162033,4.82694572836172,-0.5173578410417061,1.481054455612102,-0.9329176627927752,-1.076794172943453
10.0,98.0,1000.0646362304688,-4.245730722501139,-2.9500544081539832,-1.963929925937828,0.6880284274633199,-1.3054543501880636,4.831040659132448,-0.5171939114332504,1.4812911468874734,-0.9319934025888186,-1.07599896731502
10.0,98.0,1000.0615234375,-4.243758563827579,-2.9522100208533946,-1.965910413021911,0.6876325710098454,-1.3049388525849102,4.827929651557216,-0.5173950313292588,1.4789309888930973,-0.9311270206561232,-1.0780161732963052
10.0,98.0,1000.0567626953124,-4.2446053875766845,-2.954146477679792,-1.9655099969081269,0.6891041492162184,-1.303901134946603,4.826085872530609,-0.5177468678100574,1.4790720489096003,-0.9323296504286702,-1.0779520134522782
10.0,98.0,1000.0525512695312,-4.245219197036759,-2.95192580472455,-1.9646961530035965,0.6882687633201723,-1.3065752641007182,4.828022294321757,-0.5184357734255736,1.4798217282472814,-0.9323276858677724,-1.0772480659118489
10.0,98.0,1000.0498657226562,-4.245957440517552,-2.951593843507312,-1.9639746822554471,0.6890287762034317,-1.3050530608319135,4.828312073726819,-0.5182165656120468,1.4810219872322232,-0.9330948828342952,-1.0756601441147362
10.0,98.0,1000.0482788085938,-4.243633606720247,-2.954228456484776,-1.964844600211701,0.6891303571941183,-1.302766019396862,4.825224544811483,-0.5187619714119931,1.4799766641894596,-0.9338924803075068,-1.0771237097067718
10.0,98.0,1000.0531616210938,-4.243759384428379,-2.951639953516081,-1.962945397069097,0.6908089286765309,-1.3001402178546169,4.827915823121089,-0.5181398093812035,1.4820830575441493,-0.9349596960870484,-1.0740237963092918
10.0,98.0,1000.0636596679688,-4.24543234389785,-2.952071644545631,-1.9624856435644364,0.6901516958667013,-1.302125872777395,4.828510296951954,-0.5180173470284268,1.482142715738,-0.9347155008187408,-1.0741440022138788
10.0,98.0,1000.0551147460938,-4.243901365300418,-2.953195275279336,-1.9648818175254343,0.688848261523062,-1.3033060509691632,4.825580519935935,-0.5185256428297373,1.4789686733484952,-0.9337309210397002,-1.0769268668152767
10.0,98.0,1000.0452880859376,-4.2448575335839,-2.953375538339624,-1.96357184852848,0.6907760417228097,-1.3006102195756797,4.826081934077459,-0.5182440502882599,1.4818504214116626,-0.9351431539196496,-1.0745085469249416
10.0,98.0,1000.0609130859376,-4.243893669023323,-2.9540387944726385,-1.962769513656588,0.6912938050178452,-1.2976563476006575,4.826039777780707,-0.5190606957088164,1.4833690583410195,-0.9357446483750058,-1.0732474825867673
10.0,98.0,1000.0541381835938,-4.244925257974293,-2.9521298925324087,-1.963788612153948,0.6894806896976577,-1.303457373953028,4.8275303923075,-0.5175933728622821,1.4810536963588463,-0.933329799597125,-1.076298533543159
10.0,98.0,1000.0465087890624,-4.245105043351202,-2.9505780322473942,-1.9632702815456424,0.688420115883444,-1.3033810910469827,4.829632193977767,-0.5190618738420021,1.4820166314121312,-0.9340273326065668,-1.074447683970256
10.0,98.0,1000.0597534179688,-4.24448957416859,-2.951236231780692,-1.9649691023138327,0.6880612828399091,-1.3057149553494778,4.828659677896631,-0.5181711704888432,1.4793818237640677,-0.9325110871808784,-1.077136703426429
10.0,98.0,1000.0519409179688,-4.244719239950825,-2.950740818816288,-1.9631939936472635,0.6894193565299114,-1.3026573451669772,4.82988815974897,-0.5179059055645316,1.482785598490855,-0.933107687397034,-1.074654547479423
10.0,98.0,1000.047119140625,-4.244446667679349,-2.952660998565511,-1.9644577630577635,0.6891164653982003,-1.3039644265016197,4.827138704997854,-0.5183592884792319,1.480723543268276,-0.9325809383230252,-1.0764437804791385
10.0,98.0,1000.05712890625,-4.244491771074281,-2.9511793936884776,-1.963079166432833,0.6899071178819671,-1.3011958286226974,4.828701145464718,-0.5192916018829221,1.4826573823232376,-0.9336226797302308,-1.0741917061314237
10.0,98.0,1000.0562133789062,-4.245129832372388,-2.952577280230276,-1.9647360642186773,0.6896958977355672,-1.3043793217051656,4.8270678959891296,-0.5172918582553994,1.479876513280316,-0.932862187679171,-1.077589217911446
10.0,98.0,1000.0564575195312,-4.244689768061017,-2.9527803235590664,-1.9652381850052807,0.6891900078941395,-1.305991820018776,4.82745428212645,-0.5178675397585044,1.478880001425182,-0.9318510949439752,-1.0784421688564505
10.0,98.0,1000.0571899414062,-4.243413722527763,-2.9540586934787183,-1.9644986872171435,0.6894064362329191,-1.3017423187370532,4.825801723686496,-0.5193791516551673,1.4806814243006814,-0.9342897354235432,-1.0761126943527506
10.0,98.0,1000.0496215820312,-4.243420574573513,-2.9533443738507485,-1.9645319010257007,0.6899096856066951,-1.3012367565728593,4.8261388673483,-0.5188392351723978,1.4802646574665044,-0.9341852708610894,-1.075857183953154
10.0,98.0,1000.0547485351562,-4.243873976182186,-2.955866813261208,-1.9646362998949267,0.6915330328979605,-1.2999915327544658,4.823921972689686,-0.5184178970311857,1.479961287435252,-0.9352492903173156,-1.075764417626618
10.0,98.0,1000.0545654296876,-4.242221263982978,-2.9540937181391578,-1.966345658686684,0.6880646898354668,-1.3038253187264326,4.825043473671533,-0.5186066653929933,1.4775816506299204,-0.9329387724120544,-1.0789565095777929
10.0,98.0,1000.0386962890624,-4.244115886664874,-2.954051846488322,-1.962182875509712,0.6917605103226574,-1.2956311320183902,4.825314164597973,-0.5192663012947643,1.4835711493981938,-0.9376068918592289,-1.0720258411464845
10.0,98.0,1000.05224609375,-4.246010095279623,-2.949345381935553,-1.962794896551867,0.68797374467617,-1.305988464841855,4.83100259878999,-0.518829398048192,1.4825829293689274,-0.9324379140554768,-1.0753020412689356
10.0,98.0,1000.0614013671876,-4.242312864227043,-2.95353315338534,-1.9660399369481447,0.6886327374278807,-1.302589188990006,4.825886023733709,-0.5179853203439135,1.4789244460649051,-0.931678892235558,-1.0788421112794566
10.0,99.0,1000.0546264648438,-4.244619386326889,-2.953238776133334,-1.9646055482052447,0.6888434916455903,-1.302831654856702,4.826579716505011,-0.5189932929535797,1.4800493766128406,-0.9335442868296564,-1.0759367878777333
10.0,99.0,1000.046875,-4.243879432265215,-2.953267653005077,-1.96516695978071,0.6887981858192767,-1.3027361509645567,4.825872227158305,-0.5187457392143919,1.4795563649680084,-0.9338432454152752,-1.0761013194382256
10.0,99.0,1000.0484008789062,-4.245074074305974,-2.952821966944264,-1.963772354314444,0.6892697629741562,-1.303226021465444,4.827169809500012,-0.5182113189781656,1.4810322835338336,-0.9340407644608968,-1.0756966482810588
10.0,99.0,1000.041015625,-4.245003459449377,-2.9516764145003296,-1.963301279012152,0.6896507199647353,-1.302280130709217,4.828318541996689,-0.5186474885130625,1.4821672554983056,-0.9339636779536216,-1.0747356251598976
10.0,99.0,1000.0491943359376,-4.244492194559244,-2.9519052267370234,-1.9641828423008607,0.6889377090491866,-1.3028845928886894,4.828083980039581,-0.5179968886553086,1.4808022725084786,-0.9330274224856216,-1.0758246407043548
10.0,99.0,1000.05029296875,-4.244981209848731,-2.953818369810273,-1.963934065796068,0.6897012664855104,-1.3023133239813274,4.826370934109962,-0.5181500855297703,1.4807462624128966,-0.9341824933238492,-1.076168852770408
10.0,99.0,1000.0498657226562,-4.244263917703386,-2.954644092440968,-1.964793396018708,0.6905068066655211,-1.3010658255858667,4.824582839846569,-0.5178773748695127,1.479898369894661,-0.9344983698203456,-1.0763037101742814
10.0,99.0,1000.052001953125,-4.244921284213159,-2.9516344272170327,-1.9633613354326656,0.6894320892301486,-1.3027049524872147,4.8278805030678384,-0.5183955113138854,1.4819032940427157,-0.9340883030991716,-1.075258520710241
10.0,99.0,1000.0468139648438,-4.243800282101205,-2.954275843460745,-1.9653016075474687,0.6901179144598713,-1.3010566392673657,4.825683129512186,-0.5183633663568212,1.4799245976592612,-0.9333145892319888,-1.076546645210657
10.0,99.0,1000.0480346679688,-4.24488281241009,-2.9527496757207508,-1.962980602179658,0.6901933719792304,-1.2998041943218972,4.827161734308037,-0.5192071489904428,1.4823895308889812,-0.9355424675377826,-1.0735053637288865
10.0,99.0,1000.0489501953124,-4.244570448835097,-2.9529302846070045,-1.9649886722477563,0.6891352776404851,-1.3047301675386191,4.826596783398774,-0.5179279961535181,1.4800803008223529,-0.9323817650061904,-1.0773397208780118
10.0,99.0,1000.0413208007812,-4.243230345501056,-2.9532235166426584,-1.964568723700399,0.6898857292934775,-1.3015304767444014,4.826226577891182,-0.5184508905685252,1.4804141980291794,-0.9336798958717488,-1.0764818601006136
10.0,99.0,1000.0464477539062,-4.244350232652891,-2.9520777488426626,-1.964793742710882,0.688477900100021,-1.3053177379630974,4.828295067832126,-0.5181115481423904,1.4797826018943807,-0.9321994801160224,-1.077442698701856
10.0,99.0,1000.0499267578124,-4.243707913127095,-2.9537093461109505,-1.964478154463189,0.6895487014404056,-1.3016943831192518,4.825682775459521,-0.5191378806500682,1.480629741978432,-0.9342603871075336,-1.0760312406834234
10.0,99.0,1000.0358276367188,-4.244496605344368,-2.951874240424171,-1.9636027442604416,0.6891154047069534,-1.3025348426175802,4.827998287095889,-0.5186149826964401,1.4816033804217366,-0.9339016968563616,-1.075035382419129
10.0,99.0,1000.0480346679688,-4.24448499642377,-2.95188773323308,-1.9635344825808816,0.6895156113001635,-1.302828419129998,4.827678150323198,-0.5187565085321175,1.4814472035939774,-0.9337735349360096,-1.0752364666670315
10.0,99.0,1000.0441284179688,-4.24341633773423,-2.9535134045731115,-1.96492131903322,0.688969849860567,-1.3020312530869569,4.826148120241079,-0.5183923271946149,1.4796120821916228,-0.9334324059532086,-1.076658299397934
10.0,99.0,1000.0453491210938,-4.245413484389268,-2.95120868814696,-1.9640283503089977,0.6883250399125052,-1.3053153765138714,4.828765446883045,-0.5178387771018844,1.4814565962502222,-0.9323275452693034,-1.0761881681187373
10.0,99.0,1000.04541015625,-4.24484160643981,-2.953136689578683,-1.9632123103113688,0.6899577134963195,-1.300647469188161,4.826580896626124,-0.5189798371875423,1.482183060744524,-0.9351396609914336,-1.0744758239497547
10.0,99.0,1000.0447387695312,-4.24279288423423,-2.955789673959611,-1.965177784966732,0.6901911184681637,-1.299875878369401,4.823597981668179,-0.5184550183110126,1.4792148847812747,-0.935261831183837,-1.0766107824191575
10.0,99.0,1000.040771484375,-4.243672815775067,-2.9543467104264085,-1.963854225549457,0.6899553072851026,-1.3002505129388076,4.82505920494569,-0.5190243182652896,1.4808783025246663,-0.9355869367908252,-1.0751999025092611
10.0,99.0,1000.0462646484376,-4.244913308151053,-2.952028789147674,-1.9629158967694744,0.6894078655027442,-1.3009529609309856,4.8278123133372,-0.519071920651915,1.48249913757327,-0.934752139460409,-1.0740004031380188
10.0,99.0,1000.04638671875,-4.243760754049252,-2.9527142724538864,-1.963079429533603,0.6899123103886566,-1.299808407895131,4.826889304991051,-0.5194332129444605,1.482317914430359,-0.9354956575754932,-1.0742932645773733
10.0,99.0,1000.0442504882812,-4.244315802616147,-2.9526818221332323,-1.96325020161622,0.6906876093587293,-1.3005089825717175,4.826896827770591,-0.5182828119001943,1.4817202345406404,-0.9351971379673838,-1.0744723753206848
10.0,99.0,1000.0540771484376,-4.244620743315423,-2.9519464270754647,-1.9629874500459945,0.6907342152627702,-1.301738160489803,4.827972865300792,-0.5183057179792314,1.4826312378124653,-0.9338386237967224,-1.0749158778148034
10.0,99.0,1000.047607421875,-4.243839977755972,-2.952306309629648,-1.9634608783932883,0.6895583043951472,-1.3010946175264957,4.827080970944062,-0.5187761959501271,1.4818175738612824,-0.9344179501502818,-1.0751308013105043
10.0,99.0,1000.0505981445312,-4.244490331680132,-2.952567082945134,-1.9646143512429493,0.6890540119894917,-1.303525452213889,4.827149387805644,-0.5177147974902745,1.480115475524764,-0.9323408814862352,-1.0770496400088012
10.0,99.0,1000.0540771484376,-4.244574985079184,-2.952076434719137,-1.962637052049728,0.690683462751287,-1.2994328538573718,4.827908908464364,-0.5181077237923164,1.4831116689350932,-0.9349056824489664,-1.073944948686663
10.0,99.0,1000.0471801757812,-4.244188388553946,-2.952107777336292,-1.962915962779654,0.6906361387343507,-1.299624198817559,4.827715114336117,-0.5187773162520752,1.483464220194155,-0.9347412539075872,-1.0738515814316751
10.0,99.0,1000.0460205078124,-4.244517376268904,-2.952376088713651,-1.9644056616104888,0.6893848278045951,-1.302801236001279,4.827219104661895,-0.5181465321621816,1.4810072343729654,-0.933494501245196,-1.075795220545865
10.0,99.0,1000.0517578125,-4.243086482406324,-2.9525312167796307,-1.9642370871326147,0.6897587699910614,-1.2995547999208297,4.827076944466873,-0.5186658860046336,1.4809186174666618,-0.9341275185514332,-1.0748686844771576
10.0,99.0,1000.0501098632812,-4.244290001908198,-2.950768111100436,-1.9641548198560328,0.6883494039570852,-1.3046789357785151,4.829133148054721,-0.5186880288279196,1.481270871240742,-0.9316169788699638,-1.0764616516371968
10.0,99.0,1000.04345703125,-4.243477056443624,-2.95388658147138,-1.9646538422927264,0.6897780614400171,-1.3006751527743834,4.825416214631231,-0.5187079431969766,1.480935692312659,-0.93424538143661,-1.075786798910221
10.0,99.0,1000.04833984375,-4.244453901644534,-2.9535974884296614,-1.9624077975583816,0.691649172297339,-1.2976000334927391,4.825732473599508,-0.5186188932961926,1.4834589614365656,-0.9365931103888032,-1.0729605490381782
10.0,99.0,1000.0349731445312,-4.2436716107824175,-2.952779018668524,-1.963805903662736,0.6898979695207359,-1.301961106800409,4.82662652685063,-0.5188295057364014,1.4813042158477687,-0.9344233541496054,-1.075618539237993
10.0,99.0,1000.04443359375,-4.244837838621011,-2.9508365792179574,-1.963522269980088,0.6889439085517051,-1.303198505990796,4.828945595256117,-0.518460387656388,1.4821990318070375,-0.9334044555824556,-1.0749816724441348
10.0,99.0,1000.0468139648438,-4.2435041798475375,-2.9539460055414737,-1.9655486107886408,0.6896134390349182,-1.3018510777260572,4.825363191564536,-0.5179777644313646,1.4788523339459658,-0.9335887382311788,-1.076910601080101
10.0,99.0,1000.0436401367188,-4.244431802201753,-2.9507882379216075,-1.9642453516179763,0.6885955677172735,-1.3040265784357148,4.829177834591292,-0.5185440676701694,1.4807618929105173,-0.9324527854279774,-1.0758531529491764
10.0,99.0,1000.0503540039062,-4.243071346948316,-2.951953354829456,-1.964221216432112,0.6885013658249957,-1.3029892048550145,4.827406973956961,-0.5184231546196392,1.4808214850183423,-0.9336932532528096,-1.07654425840541
10.0,99.0,1000.0423583984376,-4.244844656919577,-2.9520614327787325,-1.963199454916309,0.6897442641376532,-1.3025512355048177,4.82753591800379,-0.5186105835740316,1.481513689059895,-0.9347604756060086,-1.0748331705946377
10.0,99.0,1000.0410766601562,-4.243242143419154,-2.95408038752741,-1.9651968132916944,0.6894090963517518,-1.3019319560337097,4.825196821737153,-0.518818303014446,1.479404435393378,-0.933976784007906,-1.076686697798157
10.0,99.0,1000.0501708984376,-4.244940911005953,-2.951410427382476,-1.9644499758654952,0.6888696398303598,-1.304330193355581,4.8283680778158935,-0.5181997562933152,1.4807193926577824,-0.9321793177607384,-1.076226280377715
10.0,99.0,1000.0501098632812,-4.243473715800677,-2.953735900754117,-1.9653482588194888,0.6889723274713155,-1.3034972101036866,4.8254042213551696,-0.5184543155770909,1.479177552971839,-0.9336611400328438,-1.0771696697462745
10.0,99.0,1000.0548706054688,-4.24435548694646,-2.950994665546552,-1.96319822512057,0.6896343374302463,-1.3020368525779853,4.828476556844644,-0.518356623475495,1.482461471346701,-0.933698692804784,-1.0743906490140036
10.0,99.0,1000.048095703125,-4.24392121656198,-2.952594248463288,-1.9642295013270927,0.6898147066362643,-1.3018895027612687,4.827015501777591,-0.5181654587743081,1.4815626900589862,-0.9332801387402708,-1.0762718747374
10.0,99.0,1000.0455322265624,-4.244316928467638,-2.950859356308543,-1.9630924926888564,0.688560563042321,-1.302674098943113,4.829298306589264,-0.5189408361148233,1.4818345386326257,-0.9335326255794064,-1.0749501030348312
10.0,99.0,1000.044189453125,-4.244771857965186,-2.9527160202734253,-1.963665429671652,0.6898379951364975,-1.30126912241583,4.826821659455726,-0.5188747055261747,1.4814108825570074,-0.9349643547267146,-1.0743988661848656
10.0,99.0,1000.0506591796876,-4.244773756046037,-2.9524383164078487,-1.964868112176021,0.6880793274964381,-1.305298823294831,4.828083738352282,-0.5178694874897598,1.4798703844688523,-0.932348065584252,-1.0772758929157238
10.0,99.0,1000.0526733398438,-4.243718471294048,-2.9532460782559538,-1.9649835100514208,0.6885422533878653,-1.3040953347030344,4.826228297552502,-0.5184317836646057,1.4798206485390173,-0.933020971254523,-1.077425798716776
10.0,99.0,1000.0482788085938,-4.24431165945114,-2.950849513547563,-1.9633489107532984,0.6885208351953862,-1.3021252056174974,4.829022750871058,-0.5195994807113511,1.482224590172918,-0.9336205779867122,-1.0744657723573563
10.0,100.0,1000.0468139648438,-4.245292292099122,-2.950904244955868,-1.961493184389111,0.6900599554057321,-1.3000003009359649,4.829559912988939,-0.5192817063831177,1.484540552827819,-0.9354515304388418,-1.0721980002440263
10.0,100.0,1000.0538940429688,-4.243576461583468,-2.9525658140269138,-1.9655496122909,0.6884806153702758,-1.3047282337199455,4.827584903805601,-0.5181750837511947,1.478948264742213,-0.9316985975133144,-1.078001573982759
10.0,100.0,1000.045654296875,-4.244398914497028,-2.9527410540361214,-1.96299108280334,0.690345851365973,-1.300563376629551,4.826905524787454,-0.5188780766167165,1.4820428059932418,-0.935582255902994,-1.0741834519689917
10.0,100.0,1000.0498046875,-4.243486609281603,-2.953380182294404,-1.964870416504298,0.6894802605756434,-1.3016347208049028,4.826468741826881,-0.5184854841721274,1.4802751429518723,-0.933408194743155,-1.0765696843022656
10.0,100.0,1000.043701171875,-4.244452401001084,-2.9529962454664123,-1.9646325774834827,0.6894803196303574,-1.3025738166892795,4.826251535117663,-0.518433601558657,1.4803027170376222,-0.9337653313832126,-1.0758571514236568
10.0,100.0,1000.0397338867188,-4.244208816572837,-2.952222837876567,-1.9637959796761124,0.6896344634425242,-1.301316656429487,4.827215296271236,-0.5184343063527388,1.48154325022971,-0.934143771550552,-1.0751200800212597
10.0,100.0,1000.0474853515624,-4.244252561998557,-2.953738875757155,-1.964089616704668,0.6903080398345596,-1.301115927968843,4.826117512583446,-0.5179374927806499,1.4811049822881808,-0.9341374594887116,-1.0757208342139348
10.0,100.0,1000.0419311523438,-4.243833250101834,-2.953183689022388,-1.9648431859427995,0.6893466389989777,-1.301996133265817,4.826504903166908,-0.5182509888270088,1.4804337242783827,-0.93346469609169,-1.0763258205120811
10.0,100.0,1000.0406494140624,-4.244518065537069,-2.9512483168408736,-1.962725786298116,0.6898627500004828,-1.3025093796689098,4.82861182656417,-0.5185974964913491,1.4826920243269734,-0.9339795450358296,-1.0746121685299226
10.0,100.0,1000.043212890625,-4.244072004625659,-2.953742176493676,-1.9637967243914551,0.6900369503589552,-1.3001298743888263,4.8256045564099175,-0.5185416394762434,1.4810802370945115,-0.9353503825655176,-1.074739353835282
10.0,100.0,1000.0460815429688,-4.244259162423248,-2.952609325350298,-1.963891040649244,0.689405387790071,-1.3020162962259514,4.826953521275266,-0.5191750577420446,1.481468141786113,-0.9340958697647022,-1.0754269818485769
10.0,100.0,1000.0487060546876,-4.244558688364457,-2.951802641153413,-1.963616000063431,0.6893986972793398,-1.3011003081744228,4.82826852259535,-0.5178023637508264,1.4819007236818136,-0.9338610979869236,-1.0748023503744817
10.0,100.0,1000.0507202148438,-4.243349375504921,-2.952417782977588,-1.9640373754742164,0.6896570313929118,-1.3014881605966804,4.827084967127419,-0.5186459399504075,1.4809070656420076,-0.933885207956152,-1.075956012179018
10.0,100.0,1000.0440063476562,-4.243282582963451,-2.953542993267422,-1.9642828358763849,0.6898197411362705,-1.3001338380248155,4.825593747682587,-0.5188868885200284,1.480646028347259,-0.9348793994018808,-1.0752240337656644
10.0,100.0,1000.0429077148438,-4.244761888220011,-2.951465211488673,-1.9636609789000616,0.6890353932924658,-1.3037403808210342,4.828125180503932,-0.5187813736855791,1.4814862870372494,-0.9340064037958592,-1.0751725418654383
10.0,100.0,1000.0494995117188,-4.244047870799314,-2.9526204293966334,-1.9633284744532145,0.6897843068666356,-1.300349893449538,4.826984473046977,-0.5191889951985065,1.482002967540781,-0.9350927175256398,-1.0746518670028251
10.0,100.0,1000.0458374023438,-4.243512858366603,-2.954397771308657,-1.96456031143603,0.6898483055510605,-1.3017138289597332,4.825017704593687,-0.5186282471319617,1.480067934034314,-0.9343922318735104,-1.0766169132698948
10.0,100.0,1000.0547485351562,-4.24361644016693,-2.95258752404904,-1.964751353666419,0.688331070315443,-1.3045539479531532,4.827535542290882,-0.5185952052547202,1.4789829717679828,-0.9328569024972432,-1.0774208310249502
10.0,100.0,1000.044677734375,-4.243493563114456,-2.954163610473785,-1.9653423121914504,0.6893938131876052,-1.302035018261317,4.824978679569508,-0.5186323839454552,1.4790488480776087,-0.9339330932551038,-1.0769537203415078
10.0,100.0,1000.0545654296876,-4.243102070248263,-2.952499041704551,-1.9640726636526749,0.6893621570495228,-1.30254917202917,4.826681504196239,-0.5190949431142142,1.4808128489057315,-0.9342825723086988,-1.0764025766250174
10.0,100.0,1000.0474853515624,-4.244372001947831,-2.9530796726383244,-1.963510633361416,0.6900943643337847,-1.3007932480063489,4.826427279508748,-0.5188379878157008,1.4814346505207627,-0.935102911137064,-1.074753633332513
10.0,100.0,1000.0435180664062,-4.245324920460819,-2.949986160735677,-1.962099168628311,0.6895193840808727,-1.302945341769608,4.830155556924749,-0.5187401598377823,1.4837363521648692,-0.9341860727555912,-1.0736448181510188
10.0,100.0,1000.04345703125,-4.243874066835547,-2.953724274011936,-1.9638174102059007,0.6899933887422094,-1.3005656871160132,4.825662935385507,-0.5192231858289329,1.480942673748852,-0.9352830657307444,-1.0750296199799712
10.0,100.0,1000.0556030273438,-4.243652499546667,-2.95538518620451,-1.9654539446630104,0.6900272327502677,-1.301919708323437,4.823797568605331,-0.518744341268393,1.4788969091811213,-0.9343508881633512,-1.0770785377247796
10.0,100.0,1000.0449829101562,-4.243074952316536,-2.9545835130138203,-1.9642082022548824,0.6903340316590265,-1.300370138984257,4.82424249900998,-0.5187669351491948,1.4804961644979002,-0.9355544447255716,-1.0756657801117493
10.0,100.0,1000.0457153320312,-4.244634968277722,-2.9532168973049764,-1.96313513697264,0.6899617503422224,-1.3003300144894836,4.82685724044304,-0.5191202760121358,1.4821025775423244,-0.9352505965176956,-1.0740764969636296
10.0,100.0,1000.0503540039062,-4.24410968170622,-2.9519192675839765,-1.9632491564380752,0.6896916688046559,-1.3019599536911022,4.827976929265851,-0.5191884857059081,1.4820925943645449,-0.934363876543161,-1.0748561633093034
10.0,100.0,1000.04345703125,-4.244906845193473,-2.9515460888081084,-1.964019169893512,0.6894059767658289,-1.3037031403884307,4.828420351909564,-0.5184638519880505,1.4811665206496,-0.9333914851785412,-1.0755725522181645
10.0,100.0,1000.0433959960938,-4.243809926776876,-2.95232751830803,-1.9637836191218705,0.6890797645508249,-1.3017898152556748,4.827370299880586,-0.5186545963771225,1.4814685818473894,-0.9341496116321428,-1.0752943669052506
10.0,100.0,1000.0459594726562,-4.244389754623883,-2.952026253720548,-1.963441798739684,0.6898462544755173,-1.3011816252987982,4.827725556043358,-0.518768509627944,1.481471690636564,-0.9344872149691436,-1.0747564148909907
10.0,100.0,1000.0408325195312,-4.244557777173371,-2.951973865192342,-1.9634361714134965,0.6894849818334059,-1.3016665011484525,4.827601896937352,-0.5185695132457386,1.4815140706099328,-0.9344512498005536,-1.0746009769940876
10.0,100.0,1000.0482788085938,-4.244882693239518,-2.950583032613573,-1.9621963169194288,0.6895037217289612,-1.3015450492556035,4.82916979868048,-0.5189819127722268,1.4835902697586985,-0.93489499119121,-1.0731892288511684
10.0,100.0,1000.0391235351562,-4.244645092180624,-2.9518474516516,-1.964337375931096,0.6887678217022799,-1.3046006074021914,4.828167405869014,-0.5181530734514306,1.4807856440574234,-0.9326044778333936,-1.0765345998838702
10.0,100.0,1000.0408325195312,-4.243939170911945,-2.95248232877935,-1.963521519265468,0.6899320639187314,-1.3000995000867577,4.827117817855397,-0.5187586432903348,1.4821535557225871,-0.9349649401999436,-1.0741616483215592
10.0,100.0,1000.0487060546876,-4.243464959178243,-2.954346034473585,-1.96418308149246,0.6896993909376237,-1.2995781249247047,4.82483174837118,-0.5191449474403944,1.480810365165489,-0.935282502822626,-1.074915617072901
10.0,100.0,1000.0510864257812,-4.243149917896851,-2.9537043179677887,-1.9646823926506145,0.6889931233553312,-1.3016599660121295,4.825989596480888,-0.5187621935260065,1.4798933767668645,-0.9339536681391012,-1.0767470053902977
10.0,100.0,1000.0499267578124,-4.245652209268092,-2.950093567190171,-1.9636023845412405,0.6882763306179474,-1.3055883436385902,4.829709997256755,-0.5184343637119664,1.4815397226811573,-0.932932593943682,-1.0754072794915888
10.0,100.0,1000.0482788085938,-4.244227795259679,-2.952223214082323,-1.9638934077940924,0.6890124942804485,-1.3042266338691446,4.82705109991784,-0.5183936038413588,1.4810377545483284,-0.9337060332855164,-1.0762725797061772
10.0,100.0,1000.0455322265624,-4.244517254988317,-2.9527551206810148,-1.9631079550475672,0.6902842601862158,-1.3012684122436733,4.8271574199823455,-0.5187800047599938,1.482051894873644,-0.9349425316263956,-1.0745684326428844
10.0,100.0,1000.0453491210938,-4.244102438476074,-2.950519230080931,-1.963964106944899,0.6883098131200507,-1.3040715135739838,4.8293562477696685,-0.5185177110041899,1.4811574209334497,-0.932304223826664,-1.076269014155815
10.0,100.0,1000.0489501953124,-4.24388357525968,-2.951953636796655,-1.9632556691632448,0.6895425087247133,-1.3018608676692995,4.8281443983981465,-0.5183931271264406,1.4817110379887302,-0.933967336911092,-1.0754720226648369
10.0,100.0,1000.0470581054688,-4.244663610774524,-2.9521928708576084,-1.9631846453555009,0.6900039607644484,-1.301276138548841,4.828283770946282,-0.5180283232903902,1.4823238534358651,-0.9340442284603993,-1.0748633514843613
10.0,100.0,1000.0450439453124,-4.243778251765064,-2.9528028409100933,-1.964024465153112,0.6894638793360155,-1.3017903165026743,4.8270831278321165,-0.5186040224748361,1.4805612587600994,-0.9340179719891744,-1.075576424538473
10.0,100.0,1000.0476684570312,-4.243908775051444,-2.9534554973596863,-1.964522420737043,0.6896202900985751,-1.301318026657306,4.825848642617352,-0.5187751241028007,1.4802341557179697,-0.9341903775642608,-1.07601488404498
10.0,100.0,1000.0407104492188,-4.244143277161436,-2.953058487256844,-1.964403129664492,0.6893916526781929,-1.3019766514281028,4.826773837031466,-0.5188661806468362,1.48086845675941,-0.9337823022435598,-1.0758335512179862
10.0,100.0,1000.0458984375,-4.2431422741523495,-2.953581174118314,-1.9645423957541253,0.6894531688908634,-1.301565204366372,4.825913852073263,-0.5187044723924625,1.4799714122198138,-0.9343048905538688,-1.0763350599567851
10.0,100.0,1000.0513916015624,-4.244826393502727,-2.9530874355785364,-1.9636628521956625,0.6894840833124274,-1.3012539524115,4.82643037835023,-0.5190032306720758,1.4810692756735229,-0.9351834439946174,-1.0744386211727464
10.0,100.0,1000.0429077148438,-4.244168349901875,-2.952795109077891,-1.96402319439184,0.6894280623545104,-1.3023612885683242,4.826706551845451,-0.5187313195231296,1.4809416209149031,-0.933989361949262,-1.0758564974757707
10.0,100.0,1000.04248046875,-4.244119225363874,-2.952875570403505,-1.96457647442766,0.6890405596215601,-1.302728061838256,4.8269897519113325,-0.5187403792943543,1.480242275314013,-0.9334696136171584,-1.075948035613318
10.0,100.0,1000.0494384765624,-4.243207156080318,-2.9533093196658293,-1.965456671227016,0.6883925172709393,-1.3030404559442066,4.826085105544378,-0.5186596678037967,1.4795625252889577,-0.9330224324697864,-1.0772296443023102
10.0,101.0,1000.0420532226562,-4.2434130840040485,-2.952080594731334,-1.96488803411216,0.6885677674678554,-1.3036374982209795,4.827601181572689,-0.5185625049265044,1.4802801373889798,-0.9325291948847988,-1.077041878578695
10.0,101.0,1000.0494384765624,-4.244986626741584,-2.9517539178282783,-1.9637378308899267,0.6894978747347125,-1.3021663592203114,4.828093235905667,-0.5185860323818856,1.4814481142284812,-0.9338577378041322,-1.0747816811874111
10.0,101.0,1000.0448608398438,-4.24413937969649,-2.9535934259974903,-1.9639945005033488,0.6902369849056011,-1.3014570134871213,4.826176930946556,-0.5187958882363057,1.481396231967537,-0.934260617618098,-1.0755703078081005
10.0,101.0,1000.04833984375,-4.244506102971469,-2.950561378884984,-1.9642817084053177,0.6877047535203324,-1.3055292646671548,4.829804356662109,-0.5184326144214708,1.4803255490424618,-0.9315771483068184,-1.0767413025499373
10.0,101.0,1000.0442504882812,-4.243262698305787,-2.954686598002974,-1.9634326805937967,0.6908303117220598,-1.298080743644388,4.82463957169662,-0.519532327295277,1.4819271879682558,-0.9363016235615156,-1.0743128173436185
10.0,101.0,1000.0481567382812,-4.243926366343866,-2.952399320091076,-1.963809806958976,0.6892756036599144,-1.3013689192268267,4.826802811685058,-0.5188909762803231,1.481074240575559,-0.9345292264494622,-1.0750068973391906
10.0,101.0,1000.0430908203124,-4.244781737549408,-2.9515493673639863,-1.9631686858320136,0.6897873702044137,-1.302474946104934,4.828480969543552,-0.5184021296578205,1.4823193442392757,-0.9340230120549684,-1.0744967012744169
10.0,101.0,1000.0393676757812,-4.244045883905607,-2.952392432871285,-1.9645203120307868,0.6887625521106848,-1.3030695597393271,4.827143434227148,-0.5186806852912049,1.4806596376823364,-0.9334424101703176,-1.076183190444291
10.0,101.0,1000.0481567382812,-4.243448644442147,-2.953456409638028,-1.964294115842693,0.6895041313351449,-1.3012688355970612,4.825847105172151,-0.5188558733636786,1.4808240954294227,-0.9345638299017276,-1.075932812727098
10.0,101.0,1000.0435180664062,-4.243710512749423,-2.951781701201794,-1.9650994652820204,0.6879928319777715,-1.3056443140120466,4.828022793463292,-0.5182627732219451,1.4798030603135128,-0.932000559446852,-1.0778102810337726
10.0,101.0,1000.042724609375,-4.244611288629107,-2.951711859206213,-1.963539994841061,0.689626231587118,-1.30234444027367,4.828430526314669,-0.5182613985181792,1.481709485685072,-0.9336387481471268,-1.075128136893457
10.0,101.0,1000.0424194335938,-4.244119828653895,-2.9532464490692143,-1.9638955972713816,0.6903168876859089,-1.3001190875545632,4.826500000602529,-0.5181698862261426,1.4813722631483142,-0.9344814621216652,-1.0751388867189535
10.0,101.0,1000.04345703125,-4.243525614010478,-2.952388858230289,-1.9639832311224927,0.6899632846766384,-1.3020954538003044,4.826777914121658,-0.5185178306322014,1.48115101511409,-0.9341224655521057,-1.0758874271157035
10.0,101.0,1000.040771484375,-4.244083055598621,-2.9532630904484503,-1.964203136699325,0.6893405522567058,-1.3023215667521466,4.826329898080553,-0.5189086077555913,1.4803838177839743,-0.9343741482487218,-1.075906072010123
10.0,101.0,1000.0505981445312,-4.244333936716992,-2.9514765596114643,-1.963974252122326,0.6888093125450503,-1.3040810966413856,4.82836709892001,-0.5180746670387792,1.4812578174396984,-0.9331895124876376,-1.0760277139151355
10.0,101.0,1000.0416259765624,-4.244674970042921,-2.9507809192058128,-1.963854954672372,0.6886430764894316,-1.303934620056761,4.828902683896754,-0.5182082952085434,1.481399292622582,-0.9328852492098134,-1.0757126501787146
10.0,101.0,1000.0387573242188,-4.244612196931441,-2.951916641060361,-1.9644376871223903,0.6887222200287324,-1.3038477110545426,4.82795281559611,-0.5182996552010435,1.4806285066693246,-0.9329289882479506,-1.0761021716684032
10.0,101.0,1000.0372314453124,-4.244323252234045,-2.9524952506949704,-1.963853861019785,0.6894731724972196,-1.3012912887219432,4.827167773559411,-0.5186081644818534,1.4813767767603263,-0.9342500227479302,-1.0752727396923136
10.0,101.0,1000.0460815429688,-4.2435761824170175,-2.953966007625675,-1.9651533702966104,0.6890913465779205,-1.3031346471656224,4.8250909149217165,-0.518654436612886,1.4793141425574543,-0.934081194964695,-1.0771433033836542
10.0,101.0,1000.0486450195312,-4.244272619337444,-2.951454393301629,-1.9633392118918684,0.6896618448197609,-1.3019689323392596,4.828195711869384,-0.5185318821459264,1.4822142281746018,-0.9341694035693546,-1.0746547660178505
10.0,101.0,1000.0354614257812,-4.244390984369872,-2.9525315653723743,-1.964633451780504,0.6890548838614041,-1.3035427658152097,4.82727686867471,-0.5182072789085987,1.480406373651472,-0.9331955636213438,-1.0764567555894329
10.0,101.0,1000.0477905273438,-4.244442250561224,-2.9521228519039115,-1.964291754416993,0.6882896975771766,-1.302913049247398,4.827843667233587,-0.5185363339150824,1.4807804758582286,-0.9331666397263464,-1.0759629688114227
10.0,101.0,1000.0477905273438,-4.243985613113174,-2.951988098087168,-1.9648569732507253,0.6886976980686619,-1.303977986137432,4.827614090844151,-0.5183190322637135,1.4804919866673956,-0.9324759376528382,-1.0768571107812177
10.0,101.0,1000.0430908203124,-4.24403859565382,-2.9527760573979926,-1.9632228727914964,0.6904193980359761,-1.299929798040092,4.826515506350352,-0.5189649870626605,1.4819081774480765,-0.9355314775081922,-1.0740383751494649
10.0,101.0,1000.048095703125,-4.244865107530267,-2.951339037092068,-1.9633508809286648,0.6899870304562192,-1.3028551320204764,4.828462199709961,-0.5185931584158112,1.482177858555433,-0.9334126435399268,-1.0748408991883185
10.0,101.0,1000.0476684570312,-4.244017770903276,-2.95343511993011,-1.963673555301399,0.690513119588168,-1.3011134632097314,4.826381659306394,-0.5184003496359217,1.481468227787599,-0.9345427941773092,-1.0754205146185654
10.0,101.0,1000.04736328125,-4.244534515467088,-2.9501012783332428,-1.963308209815632,0.6889653886404794,-1.3040976645388571,4.830019534980458,-0.518587727108816,1.4819806154756563,-0.9326890945841324,-1.075354505996387
10.0,101.0,1000.0439453125,-4.243763834399231,-2.953886312578913,-1.9646876421039088,0.6897540574091536,-1.3023612842714498,4.825615566201238,-0.5181998910453611,1.4801157771612985,-0.933847487860966,-1.0766139970626214
10.0,101.0,1000.040283203125,-4.244074687393109,-2.9524014198007604,-1.964111770120855,0.6890261160684439,-1.3027270303056149,4.8273299736003565,-0.5185136630013689,1.4810426619432544,-0.9337400963747235,-1.075984207984828
10.0,101.0,1000.0443725585938,-4.244781845258832,-2.950958191682709,-1.963467743541241,0.6891574421995541,-1.3034151965820362,4.828625438962581,-0.518773536784046,1.4816693051561458,-0.9335736595707208,-1.075023565282296
10.0,101.0,1000.0414428710938,-4.244011829360396,-2.9529634094907427,-1.9640051994268453,0.6894211282329792,-1.3018326690705924,4.826697833416153,-0.5183557533585832,1.4810193625695636,-0.9343644364510402,-1.0755934527557325
10.0,101.0,1000.044921875,-4.244300208371204,-2.952243084431981,-1.9635293654842387,0.6894802444732502,-1.3024156077472333,4.827413258270111,-0.5183913888407705,1.4813391740588724,-0.9341765502973508,-1.0753802257460665
10.0,101.0,1000.0374755859376,-4.244026496392561,-2.953111975287627,-1.964313822022942,0.6896643829406539,-1.3016048435362029,4.826550966188574,-0.5186988298520099,1.480546296737825,-0.934065778313398,-1.0755961229146105
10.0,101.0,1000.0438842773438,-4.2444417943772335,-2.9518903625331525,-1.963834632101836,0.689107175424077,-1.3035904994816598,4.827820390796138,-0.5185336950451571,1.481182614955343,-0.9333082191604518,-1.0761444649178662
10.0,101.0,1000.04541015625,-4.244171799245354,-2.953475659299738,-1.963478271881312,0.6899445480615398,-1.3006341779370278,4.826071966181955,-0.5191555489185591,1.4814736033048694,-0.9351717295623648,-1.07485444760399
10.0,101.0,1000.0425415039062,-4.244013485968778,-2.952048104232215,-1.964124586548481,0.6889637616483721,-1.3032569352970476,4.827551258857611,-0.5187054406256966,1.4811728571112024,-0.9333989895988646,-1.0758033617894496
10.0,101.0,1000.0436401367188,-4.244543960569772,-2.9523657510938865,-1.9638795982694948,0.6899899634451714,-1.3022918239420729,4.827195274141189,-0.5184349694960995,1.4813310026157105,-0.9337503151921204,-1.0754136841863988
10.0,101.0,1000.0453491210938,-4.243783844823381,-2.9518825449932784,-1.964122612158568,0.6887369406009878,-1.302998450743098,4.827667214592278,-0.5185324281127688,1.4806378617293203,-0.9333353963546296,-1.0760044879761494
10.0,101.0,1000.0420532226562,-4.244217950301302,-2.951770476337872,-1.964138430593815,0.6885051944033629,-1.304082804037808,4.828104925640792,-0.5186662965058861,1.4809461485169404,-0.9329346809072784,-1.0762789455825468
10.0,101.0,1000.0377807617188,-4.243958895572855,-2.952473607020219,-1.964257622734595,0.6890051608774357,-1.301987586443412,4.827175211885752,-0.5187872478955722,1.480939990007187,-0.9340404803703216,-1.0754161058985328
10.0,101.0,1000.0473022460938,-4.243540543475769,-2.952942544955171,-1.964507269529876,0.6895966810425982,-1.301965015859874,4.826353598124845,-0.5186541447315021,1.480862030252621,-0.9339609368612828,-1.076099351716139
10.0,101.0,1000.0469970703124,-4.244724020312073,-2.950014132265861,-1.963413085970584,0.6882637524155903,-1.3041075088632024,4.83005247052162,-0.5188733130631826,1.4817297921851038,-0.932776792774458,-1.075052601234118
10.0,101.0,1000.0460815429688,-4.243155589117073,-2.953720061379121,-1.9644009530224968,0.6896887656505788,-1.2999128198717118,4.825226013282272,-0.5189349013587314,1.4801616556288666,-0.9349552226532608,-1.0755424691279507
10.0,101.0,1000.0391845703124,-4.244567148429787,-2.9511654740251507,-1.964173521569081,0.6883956594090881,-1.304384312038529,4.828939343731038,-0.5184326217975439,1.4814592139608784,-0.9322540408293244,-1.0763121922385284
10.0,101.0,1000.0391235351562,-4.243376797897208,-2.9525171044647465,-1.9647313484786109,0.6887342634274907,-1.3029890257074586,4.827184917620706,-0.5185978000121976,1.4802425672577524,-0.9332189235357448,-1.0763102282845525
10.0,101.0,1000.0413208007812,-4.244550281639223,-2.9516024013658635,-1.963639378937907,0.6892096165482888,-1.3033022328463837,4.828203987374669,-0.5183354188627511,1.4813829099079987,-0.933561912232987,-1.0754016824587411
10.0,101.0,1000.048828125,-4.24426932422987,-2.9528945884558184,-1.963685687451298,0.6894271862337114,-1.302439137000542,4.826949292863162,-0.5187061134529145,1.4809509090545747,-0.9341636776369756,-1.0754133548820692
10.0,101.0,1000.0396728515624,-4.243792489892767,-2.9522734346288986,-1.9639370547711696,0.6891929207463443,-1.301875954226344,4.827532168014034,-0.5188461359573822,1.481232944896142,-0.933656951615423,-1.0754336302767364
10.0,101.0,1000.047607421875,-4.244253952478545,-2.952337720318296,-1.9632039021651344,0.6897851709046741,-1.3016392786236382,4.827290294320431,-0.5187499367162385,1.4822714365098557,-0.9346859853271976,-1.0745795596318115
10.0,101.0,1000.0411376953124,-4.24365796742359,-2.953448085588952,-1.9650847160890588,0.6896141430858052,-1.3016142089355371,4.826110484504703,-0.518022368937415,1.4799129029389049,-0.9336196941493292,-1.0765803757189047
10.0,102.0,1000.0457153320312,-4.244595365077798,-2.952086954348336,-1.9642581523390048,0.6892445026354244,-1.3027456010544487,4.827814774405649,-0.5181806363626364,1.4813629102198798,-0.9330509686257908,-1.0758505696804868
10.0,102.0,1000.0366821289062,-4.243702237172662,-2.953011203153149,-1.9643162442065056,0.6896598914690033,-1.3016074700668607,4.8264086924790615,-0.5184395154599191,1.4806842043866828,-0.9340605929749284,-1.0757549602804142
10.0,102.0,1000.0387573242188,-4.2452553047843455,-2.951879159485417,-1.9632699232683064,0.689649896568941,-1.3020221879017608,4.828170975901664,-0.5184021118072755,1.4820914950026367,-0.9344025842200104,-1.0744012353850274
10.0,102.0,1000.0462646484376,-4.244564385128792,-2.9525757413334115,-1.964124422993932,0.689316803306089,-1.303103827535968,4.827009292279415,-0.5186199647158087,1.4809630431872476,-0.9335715786826952,-1.0758808089586172
10.0,102.0,1000.0388793945312,-4.244306394113096,-2.951342174065349,-1.963991696615191,0.6889012577051652,-1.3039357534648437,4.828587442535472,-0.5184256244187964,1.4810675487971086,-0.932740367360478,-1.0761346845386883
10.0,102.0,1000.0497436523438,-4.243839561083462,-2.95304486340115,-1.964303504739059,0.6902073669211912,-1.3018438704624762,4.826251577614217,-0.5184730922056842,1.4806930805884742,-0.9339012510212444,-1.0760577839795171
10.0,102.0,1000.0541381835938,-4.2436078505715,-2.9540663160230745,-1.9654091377464864,0.6891025699939721,-1.301866977657303,4.825440939508312,-0.5182119814513051,1.479432878358752,-0.9335919868466728,-1.077331086138703
10.0,102.0,1000.043212890625,-4.243520966442645,-2.95330900072758,-1.965298073743036,0.6887854969800555,-1.3030683149724642,4.826195238325621,-0.5184392560834841,1.4794859637607771,-0.9331183199446738,-1.0773712994615767
10.0,102.0,1000.042236328125,-4.244188963295343,-2.952008168323157,-1.964226739023876,0.6890104529306695,-1.3030033984592355,4.828080123671105,-0.5182844749435835,1.480747425866347,-0.933265801113615,-1.0758470275812493
10.0,102.0,1000.0407104492188,-4.244203983587439,-2.9522979099563926,-1.963344107904608,0.6900757651792802,-1.3010222849450637,4.82747907831031,-0.5186153403593083,1.4821012062723486,-0.93460463396499,-1.07446508868453
10.0,102.0,1000.03369140625,-4.244177194045903,-2.9517211780624693,-1.964338912833965,0.6885868463771949,-1.3037908800171611,4.828269511245072,-0.518492196148344,1.4807596279842905,-0.932849332943368,-1.0762234213238535
10.0,102.0,1000.0430297851562,-4.245189863666557,-2.951913933266542,-1.9635241471279523,0.6891299685407182,-1.3029842578193307,4.828331430850632,-0.5185345195908724,1.481815009920572,-0.93350772584781,-1.0752277848283418
10.0,102.0,1000.0428466796876,-4.244430255814424,-2.952407736646862,-1.96391918622247,0.689626745550922,-1.301362349806804,4.827363363720908,-0.5185510656136545,1.481796962001915,-0.934488304078954,-1.0746245979042932
10.0,102.0,1000.045654296875,-4.243747312011326,-2.953357923909069,-1.9647786856830576,0.6889018266362559,-1.3019100804605923,4.826188275033854,-0.5185956107810217,1.4803373100082142,-0.9338224166568834,-1.0761175376148735
10.0,102.0,1000.0382080078124,-4.24409357537338,-2.953174033751082,-1.9640385245692031,0.6899258320114487,-1.301255480663559,4.826225199927963,-0.5187258012131917,1.481067963368062,-0.934474598053999,-1.0756514524154523
10.0,102.0,1000.0396728515624,-4.244359141734935,-2.9512119006129,-1.964687284605416,0.6882920708044251,-1.3050699188101862,4.828830847645984,-0.5182923193280029,1.4804240162378015,-0.9318637009595072,-1.0769228879550452
10.0,102.0,1000.0435791015624,-4.244089894367398,-2.9533992898780967,-1.9650634723937568,0.6891854319032076,-1.3028600806434691,4.826034091031936,-0.5184439311847466,1.4801386281904216,-0.9331679357264546,-1.0766414577598329
10.0,102.0,1000.0474853515624,-4.244097159808001,-2.952114486542021,-1.964578346041285,0.6889692630448536,-1.3038796603432994,4.827563154667743,-0.5182114452890172,1.4806945409085088,-0.932732185367029,-1.0765185305221747
10.0,102.0,1000.0382690429688,-4.24412064293525,-2.9516926221165942,-1.9635693423073093,0.6891485703947984,-1.301991332365367,4.827920381328632,-0.5188281272175566,1.4817112350994757,-0.933917819431966,-1.0748879111315897
10.0,102.0,1000.044677734375,-4.24347742142282,-2.952183890057874,-1.965415724486398,0.6875281803349171,-1.3052386184156188,4.827698784730266,-0.5183044865145767,1.4795434886260228,-0.9317260927379892,-1.0778846437426075
10.0,102.0,1000.0484008789062,-4.244896005507612,-2.952132956297863,-1.9626514121438168,0.6904315318010621,-1.3007854571113713,4.8277955925078295,-0.5186313921519821,1.4830801985253448,-0.934877292990218,-1.074071586505469
10.0,102.0,1000.041259765625,-4.2437017430848645,-2.951949784160194,-1.965153843829012,0.6882415582689916,-1.3039628008664468,4.827866281554002,-0.518396155459425,1.480019083214935,-0.932357200066372,-1.077027644049493
10.0,102.0,1000.044189453125,-4.24475288138598,-2.9526684757316253,-1.963563943418476,0.6901301907782731,-1.3021983332311031,4.8269169677433545,-0.5186401996563115,1.481417053787963,-0.9348624846151036,-1.0748207904793985
10.0,102.0,1000.0399780273438,-4.2434374965765365,-2.9547344912956763,-1.9657688920433325,0.688974248911256,-1.3031341665252274,4.824406703852855,-0.5184513326880715,1.4784551542483646,-0.933891918507535,-1.0777707701911003
10.0,102.0,1000.0448608398438,-4.244057850640459,-2.9531859208578144,-1.9650607335909904,0.6889368129562365,-1.3031217478276966,4.826405850873364,-0.5180903875156071,1.4796759227283705,-0.9331839167925952,-1.0769563085332097
10.0,102.0,1000.04931640625,-4.244264737520476,-2.952284454551787,-1.9639744295337351,0.6892257323316215,-1.3036678874689294,4.827446942012163,-0.5184241297020113,1.481230605361362,-0.933513347558832,-1.0760779903299045
10.0,102.0,1000.0451049804688,-4.243513827028663,-2.953085983744854,-1.9640576518094808,0.6894625776732717,-1.3010174012134643,4.826912081059529,-0.518711485860825,1.480994561669748,-0.9344470583197948,-1.0753800179738224
10.0,102.0,1000.0492553710938,-4.24471678378736,-2.952670725899301,-1.964352556465632,0.6892707540815408,-1.3039046871512698,4.827292141721683,-0.5176951895104915,1.480298147476283,-0.9331788028225764,-1.0768162628208389
10.0,102.0,1000.0403442382812,-4.243736278108075,-2.9523890862493665,-1.9642860756849367,0.6888067543025205,-1.3030748586787697,4.827229304246284,-0.5187359077022426,1.480502318593632,-0.9333773823591472,-1.0762215140687226
10.0,102.0,1000.0368041992188,-4.2439034064839305,-2.951714011162516,-1.9643725561000664,0.6886424337750121,-1.3029372845972738,4.828261184266701,-0.5184502357443748,1.480794409284142,-0.932983844413032,-1.0760069085971868
10.0,102.0,1000.0418701171876,-4.244047247494606,-2.9515984000457376,-1.9644241679076329,0.6887506309228986,-1.3034911534938465,4.828248033243593,-0.5182569073941536,1.4807180118210628,-0.9325908138599744,-1.0763812285533183
10.0,102.0,1000.0324096679688,-4.244049350454439,-2.952489348735074,-1.9643044069419744,0.6890441763843018,-1.3025813795299128,4.827123279967507,-0.5186631856722226,1.4807715978340124,-0.93370155802174,-1.075812808177648
10.0,102.0,1000.051025390625,-4.24483423313263,-2.953045983116814,-1.964329453161331,0.6897821423069175,-1.302962665960293,4.826562189148586,-0.5184636581471294,1.4807092903407495,-0.9337822657807946,-1.0762214293908494
10.0,102.0,1000.03955078125,-4.244562934818616,-2.9512369483628382,-1.9644380841527416,0.6881243985050025,-1.3056564747941,4.828886934034401,-0.5182765796004549,1.4806010262958953,-0.9320668999943162,-1.0770774604908833
10.0,102.0,1000.0458374023438,-4.244458196445493,-2.952901042474858,-1.9645640996298508,0.6889510982945266,-1.3023521388253907,4.826947362993964,-0.5185426909314312,1.4803394946643105,-0.9336433932050524,-1.0759018151543471
10.0,102.0,1000.041015625,-4.243710682868442,-2.952306283695548,-1.9641470060992727,0.6892632103140093,-1.3019334398592215,4.827415323098016,-0.5188078014875526,1.4808589648925228,-0.9337322147141256,-1.075814035894782
10.0,102.0,1000.0411376953124,-4.24342363759339,-2.952651193796828,-1.96447167503587,0.6894636288470233,-1.3026004014140289,4.826788013345691,-0.5185472037622594,1.480543594293855,-0.9335946637893252,-1.0764277369862638
10.0,102.0,1000.0516967773438,-4.244646977905525,-2.952449022758836,-1.9639775811379327,0.6892040288710346,-1.303045927701857,4.827289602303971,-0.5190129621372783,1.4813886669423777,-0.9335644150872796,-1.0756469079072972
10.0,102.0,1000.0357666015624,-4.244187446593537,-2.9523771086173887,-1.963948694194495,0.6893454712243852,-1.3024683705813174,4.827265343191243,-0.5186227905615821,1.4811589521876467,-0.9341216313664232,-1.0754184650267549
10.0,102.0,1000.0444946289062,-4.24436278117982,-2.952317846729711,-1.963426980610512,0.6893902336004301,-1.301667608015069,4.827629472959078,-0.518789775671042,1.482112738202933,-0.9344482044933596,-1.07462484724254
10.0,102.0,1000.0447998046876,-4.243798185107244,-2.9531039248363284,-1.9654967016375944,0.6889097475434305,-1.3048175514762104,4.82609795687644,-0.5180816353940827,1.478964358429355,-0.9324269863865204,-1.0779785258813672
10.0,102.0,1000.0410766601562,-4.243459989735891,-2.953241916040385,-1.964248094837885,0.6897298273587706,-1.3021058134642924,4.826047205645553,-0.5189089711486314,1.480976381320346,-0.9342895890046554,-1.0759157319060435
10.0,102.0,1000.0370483398438,-4.244303026206559,-2.952474260990928,-1.9643969854760408,0.6892389226125593,-1.3028197159165216,4.8273518250648575,-0.5183939344082606,1.4805881364116713,-0.9336064954907934,-1.0759355063712863
10.0,102.0,1000.0406494140624,-4.244010685036076,-2.9517534159764662,-1.9638215366965823,0.6890018895241337,-1.3025753431352385,4.827955674869701,-0.5188181892392105,1.481140482841666,-0.9338044173329144,-1.0755222416480272
10.0,102.0,1000.0406494140624,-4.243823589548939,-2.9525464957890817,-1.964619782224064,0.6891047469010889,-1.3019824219206066,4.826999265460138,-0.5186931446498564,1.4807578624411324,-0.933528072628647,-1.0758428377567295
10.0,102.0,1000.0486450195312,-4.244575504373319,-2.9529534751626034,-1.9647565020201991,0.6889964434861966,-1.3042316677815942,4.8262372194503484,-0.5182951779401277,1.4798459695585091,-0.9335858846275498,-1.076770017987979
10.0,102.0,1000.052001953125,-4.243488803117125,-2.952345972236547,-1.9654944157374707,0.6878756269326196,-1.304683959558599,4.82753287065897,-0.5182589064577634,1.4796348687637293,-0.9319840968726084,-1.077794492602302
10.0,102.0,1000.0416259765624,-4.243468383587799,-2.954205189199644,-1.964719616658144,0.6895830025011884,-1.3009298284161002,4.825303176990639,-0.5185806924950143,1.480282292432897,-0.9347302440027176,-1.0759548455523538
10.0,102.0,1000.0444946289062,-4.244660510470779,-2.952334755695368,-1.963930327483359,0.6893392162198264,-1.3032272619242873,4.827600212648299,-0.5185546148782043,1.4810343586747248,-0.9337512938059476,-1.0759505925075468
10.0,102.0,1000.0384521484376,-4.244288762352489,-2.9519382942875247,-1.964292775406506,0.6889166899621904,-1.303878153757032,4.82781506873053,-0.518298840431803,1.4808043784343443,-0.9328808820597772,-1.07629032830652
10.0,103.0,1000.041015625,-4.243362778739053,-2.95270027539454,-1.9643711371956625,0.6890321059686775,-1.302177040226495,4.826944060173815,-0.5188235592223336,1.4804321006701588,-0.933758930748791,-1.076101140147724
10.0,103.0,1000.0408325195312,-4.24350004895082,-2.952316157269092,-1.9647126445844985,0.6887890992532864,-1.3035814898813984,4.827195217341293,-0.5183969033572469,1.480112038730768,-0.9329230473922312,-1.0768997344723088
10.0,103.0,1000.0372314453124,-4.244367282976114,-2.952120539719446,-1.9641386479324208,0.6890636909705901,-1.3030970412792349,4.827820871782604,-0.5182429363350955,1.480906096087172,-0.9334172436807132,-1.075745256041821
10.0,103.0,1000.0377197265624,-4.2443076770922605,-2.950889482634946,-1.963603694273913,0.6887678791992782,-1.3027272824618223,4.829138510780499,-0.518827247386767,1.4819392438712553,-0.9332804207287416,-1.0750404530778097
10.0,103.0,1000.0389404296876,-4.24422329095634,-2.9521527194288337,-1.9638774225462745,0.6893774378974191,-1.3025151896982918,4.827456573721459,-0.5184515545026898,1.4812631896822896,-0.9339446341601354,-1.0755574099187362
10.0,103.0,1000.03662109375,-4.244034598592549,-2.9524674579455663,-1.9637383806987048,0.6895101831704853,-1.30125598861527,4.827264483707111,-0.5189011759514948,1.4813353283286448,-0.9344223029199404,-1.0748953261547012
10.0,103.0,1000.0420532226562,-4.244752362894266,-2.951741399087463,-1.9636859743506283,0.6889474761637215,-1.3029999800278178,4.828415341921128,-0.5188188641905045,1.481622582432057,-0.9334193621460578,-1.0752314801383864
10.0,103.0,1000.0450439453124,-4.243437439857521,-2.953486566474727,-1.9646581275955144,0.6894624550899264,-1.3009866361533486,4.825678207626199,-0.518547397775432,1.4799834763506396,-0.934421164497337,-1.075982829482153
10.0,103.0,1000.0436401367188,-4.243833287052437,-2.9523296220936768,-1.9640712479579203,0.6891974372873886,-1.3020352179785863,4.827681436350176,-0.5186865080043832,1.481392046105528,-0.9333493378673624,-1.075675758760264
10.0,103.0,1000.046142578125,-4.243915795299868,-2.952897479909543,-1.9653958612890228,0.6886470789051904,-1.30424187985151,4.826967846513512,-0.5180250124524735,1.4793012214007826,-0.932275534240051,-1.0775392689954586
10.0,103.0,1000.04345703125,-4.24364781891415,-2.9533142366135063,-1.964933701738336,0.6890764003188945,-1.3017873417464316,4.826167097580496,-0.518850792259328,1.480071329300455,-0.9338724411103884,-1.0762032488256184
10.0,103.0,1000.0379028320312,-4.244439299201822,-2.95185706211497,-1.9643842369441995,0.6887875731141584,-1.3036175007995112,4.827906102654541,-0.5183642303470517,1.4806987822671012,-0.9330121642028272,-1.0760657638286637
10.0,103.0,1000.0474243164062,-4.243976787641785,-2.952153788278054,-1.964497000745404,0.6886322559737357,-1.3037581254911403,4.827809749518993,-0.5185054668126305,1.4805871429658533,-0.9326614504511692,-1.076371036532688
10.0,103.0,1000.0501708984376,-4.244101540907859,-2.9526789675417966,-1.9643655620719656,0.6894428854570869,-1.3033581423560665,4.826903408226261,-0.5185958141977487,1.4806296461588009,-0.9333889172790224,-1.076582835155337
10.0,103.0,1000.0376586914062,-4.243427945298926,-2.953428217100908,-1.9649874366030824,0.689147871687644,-1.301755389340653,4.825877856963736,-0.5186720297293643,1.4799857675811443,-0.9340249476374858,-1.076285086718788
10.0,103.0,1000.0411987304688,-4.24409973750968,-2.952372652818452,-1.9645808881794853,0.6891408074242058,-1.3029960683070407,4.827244456758679,-0.518379109216939,1.4804504526805449,-0.9333126871939096,-1.076070200085959
10.0,103.0,1000.0349731445312,-4.244444694603668,-2.950875046598776,-1.9638607327017628,0.6884985051784964,-1.3043063987864132,4.829137839264767,-0.5185161730138201,1.4812399060000665,-0.9326471505295846,-1.0760138260899166
10.0,103.0,1000.035888671875,-4.244283115649146,-2.951712287595413,-1.9636416503666736,0.6891307914144971,-1.3026865850877778,4.828131951299231,-0.5187086267546439,1.4815390901230243,-0.9336965478456118,-1.0753494645257482
10.0,103.0,1000.0425415039062,-4.244295481988038,-2.9520923604166107,-1.9635426057512584,0.6897633611776257,-1.3017429886723035,4.827466169839111,-0.5186208463618573,1.481580331039427,-0.9341930300888404,-1.0749405411088384
10.0,103.0,1000.0406494140624,-4.243898214980326,-2.95270918408603,-1.9649322495862205,0.6888865181197996,-1.3031861676424796,4.827014633825646,-0.5182968665154775,1.4799263967395646,-0.932857639286154,-1.0769572260726856
10.0,103.0,1000.0419311523438,-4.243950240240725,-2.953322190900726,-1.9640138349860008,0.6898506654099652,-1.3016245354858045,4.826407030441683,-0.5184659971754328,1.4809511732945415,-0.9343017444046406,-1.075706166120756
10.0,103.0,1000.0400390625,-4.244146852945043,-2.95210311024254,-1.9646493964529927,0.6884569155593869,-1.304260858607556,4.827562526964256,-0.518265111669928,1.4801533559886728,-0.9328947193066828,-1.0767244246559438
10.0,103.0,1000.0396728515624,-4.243741332980589,-2.9525865102740574,-1.963960127394202,0.6893115076798084,-1.301355949028718,4.827027203198924,-0.5189205112245228,1.4809466696469755,-0.9342287400708712,-1.0751664445074511
10.0,103.0,1000.0371704101562,-4.244323308071394,-2.952391497583244,-1.963998112251596,0.6896237391903046,-1.3018534431802231,4.827430136512438,-0.518385977081282,1.4811506130932353,-0.9339516982914812,-1.0754951948713851
10.0,103.0,1000.0380859375,-4.243893133882733,-2.9532592409725265,-1.9643292944809647,0.6897494610360777,-1.3021513315434592,4.82630783486028,-0.5184147616466097,1.48041431010133,-0.9341269257825956,-1.076143391577026
10.0,103.0,1000.0455932617188,-4.24408815266415,-2.952197809244542,-1.9631706929909696,0.6898607557788434,-1.3012211208171838,4.8274742934240855,-0.5188846997191563,1.4821991468724356,-0.9346538750276796,-1.0748336358832713
10.0,103.0,1000.0432739257812,-4.24438800947194,-2.9513038175672563,-1.964373491072476,0.6881963529503663,-1.3046557857314065,4.828594076826944,-0.5183800129057063,1.4806890784818547,-0.9323065240229784,-1.076778848358246
10.0,103.0,1000.0433959960938,-4.243557217867135,-2.95279237110078,-1.9641053471577283,0.6895279469946427,-1.3017114947120318,4.826568691413838,-0.5187903299758094,1.4806696221283202,-0.934623742000217,-1.0754926577224966
10.0,103.0,1000.0398559570312,-4.243800528195219,-2.952328259496738,-1.964171877981054,0.689209518404966,-1.3025541140839798,4.827404004991703,-0.5185604102072006,1.481226609618325,-0.933535473688754,-1.0760135751347617
10.0,103.0,1000.0391235351562,-4.244161502563324,-2.952943284223232,-1.9643150343738505,0.6893195483836658,-1.3020125305268753,4.826803011417059,-0.5184471657330834,1.4809276619537304,-0.9338080201284412,-1.0757055843335337
10.0,103.0,1000.0414428710938,-4.244229030146014,-2.951747746169545,-1.9643314608365827,0.6888377688866862,-1.3038212482147271,4.828000077747083,-0.5185404632072554,1.480904844513442,-0.9330063608319676,-1.07594929877894
10.0,103.0,1000.0482788085938,-4.244599919468678,-2.952279095461298,-1.964492955576933,0.6888809956881827,-1.303495234786061,4.827719907277974,-0.5183907770554566,1.4806357339372749,-0.9331092982062196,-1.076442779274578
10.0,103.0,1000.0394287109376,-4.244292480694746,-2.952251575367961,-1.9639220323159183,0.6891958171025419,-1.3026226147766442,4.827388019718381,-0.5184424486562573,1.4812070591408224,-0.9339379381646716,-1.0754534873467465
10.0,103.0,1000.0386352539062,-4.243843656260121,-2.952940778969057,-1.96421331249411,0.6891223188049569,-1.301793218343323,4.8267478106860295,-0.5189489796245823,1.4807702776368403,-0.9343267570887832,-1.0755601974889295
10.0,103.0,1000.0410766601562,-4.243868519408503,-2.951661637191037,-1.9641102684500429,0.6884766837545424,-1.3027923769558725,4.8280967199354645,-0.5187024441791612,1.4809778804610954,-0.9333510047482942,-1.0757147970380023
10.0,103.0,1000.0383911132812,-4.243899532950058,-2.953749070203829,-1.9645053391727,0.6898590565822413,-1.3020022626747414,4.825794129351412,-0.5184271767003343,1.4804031627499938,-0.9342571117343236,-1.0761069478953282
10.0,103.0,1000.0450439453124,-4.244224773377456,-2.9523649067162743,-1.9631950081634184,0.6898831646440238,-1.3009833825565922,4.827442847769428,-0.5188120144049062,1.481965042242094,-0.9345705002158312,-1.0746517258288697
10.0,103.0,1000.0352783203124,-4.243963263474184,-2.952930553085205,-1.9645815024370283,0.6895122061970085,-1.3026328722934153,4.826614745485893,-0.5183133437640732,1.4803677935069643,-0.9337209990092284,-1.076260909586979
10.0,103.0,1000.0361328125,-4.244793839744436,-2.950921496568814,-1.9641466035724289,0.688253299766699,-1.3047473229485471,4.829358865233953,-0.5182492071858977,1.4809127845380594,-0.9323158711908786,-1.0760996366806168
10.0,103.0,1000.0416259765624,-4.2438523536976405,-2.9528611101307893,-1.964645638366272,0.6890445347485485,-1.3029352961888183,4.826557502656399,-0.5186926505652618,1.480465745989771,-0.9335489521449896,-1.0763727376275818
10.0,103.0,1000.0390625,-4.2444467007046525,-2.952362204406392,-1.9645574664695928,0.6889647284216522,-1.3032226334513175,4.827447222025448,-0.5183855309019263,1.4807098596500703,-0.9332225317320102,-1.0761994915949606
10.0,103.0,1000.0387573242188,-4.243709675138137,-2.9532309353844326,-1.9642004901023016,0.6896487521160299,-1.3012883455249948,4.826302645299768,-0.5189608366536831,1.4808589790347169,-0.934462037368604,-1.0754559915895352
10.0,103.0,1000.041015625,-4.243900557596455,-2.952079299415716,-1.9641507549309984,0.689019697062637,-1.3027891676039176,4.827604607512985,-0.5185748007297359,1.4813022443876551,-0.9335267733560676,-1.0758699403149974
10.0,103.0,1000.039306640625,-4.244443160242791,-2.952835926417404,-1.9640880821669435,0.6895085693346461,-1.3031038036958051,4.826944631190125,-0.5185813540253283,1.4807171877408667,-0.9338923228216354,-1.0759561391302863
10.0,103.0,1000.0421142578124,-4.244186878185506,-2.9520484216655114,-1.9647429342608247,0.6887942515428227,-1.303531583678282,4.827557299607969,-0.5183341849890608,1.480301793628068,-0.9327720861580192,-1.0763707997666376
10.0,103.0,1000.0399780273438,-4.244471612908226,-2.95182999844262,-1.964334492193088,0.6887010289909536,-1.3035357808384642,4.827772753566995,-0.518385057658171,1.480762420063516,-0.9334252788674712,-1.075879030125075
10.0,103.0,1000.0369873046876,-4.243426797117756,-2.953682700900618,-1.9647918659007768,0.6896342464289651,-1.301641418005286,4.82570554626103,-0.5185338557110528,1.4800411681948766,-0.9338406619259204,-1.0765607099278176
10.0,103.0,1000.047119140625,-4.244555054974945,-2.9510538861579336,-1.9643001623015184,0.6884055743252802,-1.3040814662263285,4.829010834495133,-0.5180907003510056,1.4808482838494896,-0.9325252265065708,-1.076249260794946
10.0,103.0,1000.042236328125,-4.243981873441992,-2.9521642802586707,-1.96457739962071,0.6889774895639196,-1.303184556208711,4.827486118998211,-0.5185303934914494,1.480727014866038,-0.933127447357748,-1.076332989302356
10.0,103.0,1000.0414428710938,-4.244325105233559,-2.951462326956466,-1.9644246126260008,0.6883822947020413,-1.3046640407363004,4.828500618501701,-0.5183842451271268,1.4804409209938054,-0.9327070837830078,-1.0763756007047935
10.0,104.0,1000.045166015625,-4.243754646398944,-2.9535204872065086,-1.9644347737651533,0.6895270463826,-1.3026304851194053,4.82593245938525,-0.5186959460080116,1.4800995561692876,-0.9342210468579006,-1.0763340777251136
10.0,104.0,1000.0368041992188,-4.244162239206091,-2.952391531456861,-1.9642618578336952,0.689041447459279,-1.303217135573389,4.827339820920974,-0.5185372459557698,1.4809199447811974,-0.9336504512842598,-1.0759801456887308
10.0,104.0,1000.0430297851562,-4.244139885251633,-2.951345092561777,-1.963963051966464,0.6884462673072944,-1.3030642012918134,4.828452753767806,-0.5187741803608255,1.4813360794061603,-0.933155817903514,-1.07568187077471
10.0,104.0,1000.0382080078124,-4.243657495347235,-2.9523282514505382,-1.9650768576227664,0.6888969324171121,-1.303640842532242,4.827179045674759,-0.5183035157443836,1.4798764759892604,-0.9327122570691008,-1.0768509269455318
10.0,104.0,1000.0404052734376,-4.243961960129017,-2.952411515145385,-1.964322720459436,0.6892929323361043,-1.3026695699430366,4.82730395760132,-0.5187573072968821,1.4809108179628918,-0.933402746783928,-1.0759255091566589
10.0,104.0,1000.041015625,-4.2440562082637046,-2.951889586858554,-1.963518742591244,0.6894830974114887,-1.3017881572513068,4.827770583409356,-0.519010772977655,1.4817263308972572,-0.9342164608115492,-1.0748504227169424
10.0,104.0,1000.03466796875,-4.243885864629744,-2.9526426678826763,-1.9641092944664609,0.6895395351025089,-1.302042685724131,4.827057904138348,-0.5186518079951767,1.48093363067548,-0.933976639921542,-1.0756035128271355
10.0,104.0,1000.0396728515624,-4.24353083350066,-2.953387251683828,-1.965064657533622,0.6890810472070488,-1.301901161486327,4.826140274288376,-0.5185252541359802,1.479633163558841,-0.9336976747630708,-1.0763447494282437
10.0,104.0,1000.0370483398438,-4.244567818595988,-2.950987158990352,-1.9635649559711883,0.6890177836962286,-1.3032894711210847,4.829045733494231,-0.5186747330178925,1.48198164429619,-0.9332065353990942,-1.0752514989931117
10.0,104.0,1000.040771484375,-4.24447636008042,-2.9519093500546383,-1.9640136678618527,0.6891794928968658,-1.3029304947800564,4.828029574041237,-0.5181334896303733,1.481009731156126,-0.933367484658195,-1.0757572559879112
10.0,104.0,1000.0404052734376,-4.244104708173256,-2.9522995120748003,-1.964203272829978,0.6889633853518493,-1.3033719422123498,4.827485103376862,-0.5185044887157995,1.4805640830786366,-0.9334302006204664,-1.0763273659743744
10.0,104.0,1000.0391845703124,-4.244705447852379,-2.9505127652064367,-1.9636285590038776,0.6884765277105878,-1.304193974795549,4.829578891968053,-0.5185442477799116,1.4818220103269215,-0.9326006957654344,-1.0755322817738646
10.0,104.0,1000.0391845703124,-4.244477219423829,-2.951811916367672,-1.964033947548476,0.6889645944168734,-1.3031507604879828,4.827996505572207,-0.5185019096172203,1.4809737114193826,-0.9333064566486362,-1.0757832639242992
10.0,104.0,1000.0447387695312,-4.243679437692864,-2.9521752074994527,-1.964246790320916,0.6889660529318009,-1.3032338139984452,4.827537631325448,-0.5185571679328849,1.4804880214133922,-0.9332586500154428,-1.0764479315123592
10.0,104.0,1000.0341796875,-4.243744772284654,-2.953023553135904,-1.9647597299670905,0.6889977980277031,-1.3027752958412604,4.826574378825427,-0.5185287222790045,1.4802412004887522,-0.9334490273753956,-1.076582312614068
10.0,104.0,1000.0427856445312,-4.2433529504152645,-2.953721876586253,-1.964554046460245,0.6896055183985812,-1.3014312913376944,4.825820661302625,-0.5187394229047051,1.480239243485264,-0.934356064910074,-1.0760088192514283
10.0,104.0,1000.0375366210938,-4.244172300599271,-2.9517001378651244,-1.964916996993656,0.6882151356719923,-1.3051167221726208,4.828336565697054,-0.5182843038819591,1.4800765694764113,-0.9322410820791456,-1.0771017785480597
10.0,104.0,1000.0345458984376,-4.244154602020364,-2.9522061202462977,-1.9641062955593664,0.6891347670096941,-1.3019322213630522,4.82781595481498,-0.5186838175100856,1.4812959493222877,-0.9336328308350516,-1.0753851934567915
10.0,104.0,1000.0360107421876,-4.243673576164859,-2.9526550728899013,-1.9641504265258272,0.6894262875991313,-1.3019965866306968,4.8269295700869055,-0.5186868818623385,1.4807483658052405,-0.9339987131949244,-1.0757710494986998
10.0,104.0,1000.0381469726562,-4.244079743706182,-2.9528474766102666,-1.9643197359860216,0.6891757118931787,-1.3024107989837534,4.8267184984060645,-0.5185933053993095,1.4807056366919422,-0.933829007670707,-1.0759050418813212
10.0,104.0,1000.0382080078124,-4.2434757543104284,-2.9535660027620683,-1.9645270339112653,0.6895216118018155,-1.3013901780131536,4.825920209426133,-0.5187321009804284,1.480330853733558,-0.9343237744222934,-1.0761334896673795
10.0,104.0,1000.0377807617188,-4.243698635244844,-2.9530527231788177,-1.964652970766095,0.6893015441017036,-1.3023142719378011,4.826675862608008,-0.5184575207039934,1.4802162410191595,-0.9334975559717577,-1.0762984187806346
10.0,104.0,1000.0394287109376,-4.243626621415388,-2.953043591116085,-1.9641875735665195,0.6898069643794722,-1.3015836108976018,4.8264965714223,-0.5189039750812938,1.4808278422049073,-0.9343176151593982,-1.075635019823309
10.0,104.0,1000.0419921875,-4.243933926802908,-2.9516690707745563,-1.963706943369805,0.6893468876780879,-1.3023132176825718,4.828161875663016,-0.5186249345859935,1.481443884986997,-0.9337308427771552,-1.0752611335680613
10.0,104.0,1000.0386962890624,-4.243731506761774,-2.95214834613293,-1.9646075752582293,0.688632106362336,-1.3036566664096938,4.827358032647844,-0.5186392960481818,1.4801972190715826,-0.9329644387516652,-1.0766160389418735
10.0,104.0,1000.0357666015624,-4.243698685141049,-2.9528324133937525,-1.9648641290260225,0.6890476677949655,-1.3031072804705977,4.826874575615101,-0.5183970058823544,1.4799382710596385,-0.9331052318141122,-1.076756931267595
10.0,104.0,1000.035400390625,-4.24390371070704,-2.952071074362201,-1.9647969694928944,0.6885458137595855,-1.303797816842839,4.8276454243495,-0.5185425154683845,1.480127194361529,-0.9327521021449005,-1.0766112092678308
10.0,104.0,1000.0401611328124,-4.243994638999167,-2.952392238892839,-1.96435730908676,0.6890783104796618,-1.302898292236959,4.827151400824835,-0.5185241267192504,1.480416498361821,-0.9334675654448096,-1.0761517311753432
10.0,104.0,1000.038818359375,-4.244244919184595,-2.95252384943244,-1.964423518162332,0.6891149472092142,-1.3032584985611253,4.827286723395192,-0.5184620937432358,1.4807034016096186,-0.9332442308485316,-1.0763665464549343
10.0,104.0,1000.0369873046876,-4.243949318659684,-2.953053601712309,-1.9645491744286487,0.6893546775454009,-1.302157869605017,4.826695616759732,-0.518498134920101,1.4804343054863756,-0.9336716994757284,-1.0760615012371746
10.0,104.0,1000.044921875,-4.244965837113949,-2.951503368782971,-1.9639133817755647,0.6890059649093807,-1.3039244767722518,4.8286021361244185,-0.5183298213426921,1.4811140899077344,-0.9328459322600038,-1.0758764571485733
10.0,104.0,1000.039794921875,-4.244106118926975,-2.952364574573054,-1.9643013157199565,0.6889530668284234,-1.3030666497961605,4.827367565718877,-0.5186276618145982,1.480548531565228,-0.9334325518356508,-1.076069565405953
10.0,104.0,1000.0385131835938,-4.244248636073026,-2.951653819893413,-1.9638887797815656,0.6892932513578875,-1.3033141494609437,4.828170779403505,-0.5185141471423975,1.4812739810397773,-0.9333187691575232,-1.0757465637280368
10.0,104.0,1000.042724609375,-4.2442098007838265,-2.9523705960670097,-1.9639826492188048,0.6893096386474094,-1.3025531191208757,4.827395430324128,-0.5183769114263406,1.480864457883503,-0.9339706816882948,-1.0755403493865714
10.0,104.0,1000.0401000976562,-4.244251143933617,-2.952030346805677,-1.964094487261037,0.6893300202984385,-1.30288531643103,4.827546297913072,-0.5183974546718764,1.4809524029693095,-0.9334921337853608,-1.075647905473728
10.0,104.0,1000.0352172851562,-4.244472920872283,-2.9512689723612744,-1.96393734881762,0.6887757327126662,-1.3040206181227916,4.828615429459335,-0.5184915660011065,1.4812975693986203,-0.9329502321712564,-1.075864958395743
10.0,104.0,1000.0391235351562,-4.243847865577107,-2.9526559426286423,-1.9645633825919733,0.6890135382547502,-1.3031394053093392,4.827014252715358,-0.5184831222333246,1.480071518558738,-0.9332898493611737,-1.0763884087599296
10.0,104.0,1000.0360717773438,-4.243576146278941,-2.953061584964369,-1.964898085269124,0.6890232919787422,-1.3022370430808703,4.8264436460449485,-0.518597464860477,1.4798320926037425,-0.933574300658872,-1.0764697291758885
10.0,104.0,1000.041748046875,-4.244029572308324,-2.952714168079414,-1.9638666846674493,0.6895868215573797,-1.3022216155397066,4.826867979629984,-0.5186772834879685,1.4810299214116966,-0.9343132500742533,-1.0754321296464182
10.0,104.0,1000.0451049804688,-4.243681131640789,-2.9531621938215986,-1.9645703416906417,0.6889888777067128,-1.3027315376984965,4.826360049168249,-0.5188400983745751,1.4800928620383536,-0.9337391638758286,-1.0763410290863584
10.0,104.0,1000.0399780273438,-4.244468122931497,-2.951617171090603,-1.9637464527251507,0.6890894981078608,-1.3036041672340517,4.828124424920052,-0.5185518326587744,1.481357902448571,-0.93346515297488,-1.075621304249086
10.0,104.0,1000.0394897460938,-4.244155883431456,-2.9518766531926683,-1.9642748254317048,0.688679988065469,-1.303700226078783,4.828130246108191,-0.5186380664125281,1.4809770910933544,-0.9330709248771204,-1.0760283048614152
10.0,104.0,1000.0380859375,-4.244398808682196,-2.9520354851708697,-1.9640004562860789,0.6888988522976556,-1.302634492883107,4.828067181638321,-0.5185161155833091,1.4811101533359494,-0.93354899511667,-1.075552115781797
10.0,104.0,1000.0486450195312,-4.243977404500386,-2.952371526380953,-1.9643191110970348,0.6890562713565318,-1.3030061493899412,4.827429813436897,-0.5185799673939302,1.4804110297486206,-0.93354513654075,-1.0759374815869114
10.0,104.0,1000.0350341796876,-4.244408524703712,-2.9516724444239806,-1.963703571104558,0.6891210909575793,-1.3028437603971343,4.828247059116052,-0.5185716798565077,1.4814309543846536,-0.9336254648108272,-1.075329934052618
10.0,104.0,1000.0447387695312,-4.244154695273267,-2.951956384222508,-1.9640314612102028,0.6892174310140788,-1.302743753584776,4.827728422987981,-0.5185923543480158,1.480840703662852,-0.9335934339428508,-1.075736292674062
10.0,104.0,1000.0383911132812,-4.244234995529842,-2.951745418012119,-1.9638126433240968,0.6891573661389927,-1.302855293626679,4.827945238216527,-0.5187994592805278,1.4813507659185996,-0.933665152438702,-1.0756512203408164
10.0,104.0,1000.0397338867188,-4.244310452103173,-2.952215579938505,-1.964306491151852,0.6888691653804679,-1.3036101058625025,4.827628500598893,-0.518392922390392,1.4805448435332424,-0.9333055413293057,-1.07612348424315
10.0,104.0,1000.039306640625,-4.244449664315874,-2.9508917153899143,-1.963515153227512,0.6886804297159967,-1.3037322392736497,4.829183568995267,-0.5186829900507322,1.4815765439698954,-0.9330562760339678,-1.0755818788970988
10.0,104.0,1000.039794921875,-4.243810255576756,-2.9521143251923503,-1.9641901632578864,0.6889789580958041,-1.3027248371635602,4.8276354959743895,-0.5187397075209388,1.4813059758745233,-0.9334963775987442,-1.0758058916313802
10.0,105.0,1000.0354614257812,-4.244128488736958,-2.9517141513034115,-1.9641655496933232,0.6889232268709637,-1.3036364913912637,4.8279999434365575,-0.5185545208387712,1.480862101791729,-0.9332022749855504,-1.0761400714484752
10.0,105.0,1000.0409545898438,-4.244314280997129,-2.952579710755733,-1.9645828221347104,0.6891248622432391,-1.3032785160103288,4.827153373817266,-0.5181944223119341,1.4803344264859415,-0.933314482613885,-1.076562694461333
10.0,105.0,1000.0416259765624,-4.243732513418373,-2.95326253248402,-1.9646624086854607,0.6892926277991958,-1.302268754195031,4.826491050637246,-0.5185024645437606,1.4801758402893004,-0.9339002744882664,-1.0761672340473156
10.0,105.0,1000.037109375,-4.244761841883174,-2.951679329759397,-1.9636399516365337,0.689277080992162,-1.3029084585140338,4.82837018910362,-0.5185254186085047,1.4817380475325637,-0.9334516090368394,-1.075210772204441
10.0,105.0,1000.0382690429688,-4.243681798150283,-2.9518666159497724,-1.964532053443277,0.6886025724463121,-1.303425332518109,4.8280404071273,-0.518532800296871,1.4806124144952744,-0.9328349960566936,-1.0763656822357062
10.0,105.0,1000.0389404296876,-4.243707325297248,-2.952570157370035,-1.9643029627337203,0.6892204431683364,-1.3019596164997211,4.827093399692689,-0.5185583833870409,1.4806480357548848,-0.9338169769145556,-1.07569864409435
10.0,105.0,1000.0355834960938,-4.244016929153521,-2.9528005178041843,-1.964629721587655,0.6891915902032757,-1.303126433208753,4.826764440225794,-0.5183922251246909,1.4802589495818763,-0.9336078935370108,-1.0763550980217933
10.0,105.0,1000.0383911132812,-4.243250511305355,-2.9530545699533106,-1.9646789770645343,0.6893018342880275,-1.301751683169826,4.826482122948894,-0.5186890279102387,1.4802671041173614,-0.933741614327344,-1.0762989745510887
10.0,105.0,1000.0347900390624,-4.244126624400502,-2.953158819279201,-1.9637762311994305,0.6900433266628871,-1.3010940807026907,4.826351566056177,-0.5187722787148017,1.4812746442465397,-0.9347719314772602,-1.0751091220635471
10.0,105.0,1000.0449829101562,-4.243886966529979,-2.9532553819298,-1.9646925797327008,0.6891783366700004,-1.3024030659806582,4.826379264662675,-0.5186353786812026,1.480153499379485,-0.9337212165091308,-1.0764920793263553
10.0,105.0,1000.0354614257812,-4.244299474632873,-2.9518389598898307,-1.964462052565497,0.6887576563709281,-1.3041029746591537,4.828072893201568,-0.5182057973369094,1.4805182764913347,-0.9326887005235528,-1.0765334841349192
10.0,105.0,1000.03759765625,-4.244624530559452,-2.951568312300023,-1.963706415826726,0.6889603843389045,-1.3031158445807862,4.828527918223118,-0.51851290618134,1.4813576807830682,-0.9335218457842772,-1.07525481924015
10.0,105.0,1000.0375366210938,-4.243962629338425,-2.9527350617371315,-1.9641069392822863,0.6896317096023505,-1.301843648981766,4.827022246610589,-0.5185831170046775,1.4810055379453964,-0.9339252718922316,-1.0755355904136064
10.0,105.0,1000.0379638671876,-4.244279132183449,-2.951931404983528,-1.964189036936185,0.689154354596476,-1.3034615080619711,4.827994605333169,-0.5184463103465307,1.480867047521528,-0.933183615319022,-1.0760914068324827
10.0,105.0,1000.0397338867188,-4.243584421885238,-2.953399294313383,-1.9649713041813688,0.6892172696377425,-1.301955659324813,4.825981962412268,-0.5185164493014947,1.4796752442200969,-0.933877517286234,-1.0763316003790495
10.0,105.0,1000.0345458984376,-4.244205765696771,-2.952285755111244,-1.9642331814961096,0.6893056423856532,-1.30278474424997,4.827633115667391,-0.5184042077946946,1.4809997188326216,-0.9334272515847896,-1.0758277632701487
10.0,105.0,1000.0369262695312,-4.244133833476514,-2.9521870909455155,-1.964516920682093,0.6885992265667742,-1.3042188734522813,4.8275989829630745,-0.5184213789663472,1.4802915541120845,-0.9329311265767252,-1.076576287431395
10.0,105.0,1000.0460815429688,-4.243723789672716,-2.9525680119849245,-1.96479282475674,0.6889593386732962,-1.3025441503973272,4.827468293801797,-0.5184697294254557,1.4803168444384882,-0.9330921327079816,-1.0762615394335082
10.0,105.0,1000.0406494140624,-4.243952539926611,-2.952480331139068,-1.9637488300554689,0.6894169764133569,-1.301963444316154,4.827378191886995,-0.5188607322585312,1.4815233732880486,-0.9342960875028252,-1.0753429548272662
10.0,105.0,1000.0399169921876,-4.243882977964285,-2.953704061450501,-1.9647770727973808,0.689639846127359,-1.301572726563064,4.825955516277023,-0.5183898752300227,1.4803197855437036,-0.9341646619183344,-1.076036212240803
10.0,105.0,1000.0386962890624,-4.243902861056748,-2.951797984298847,-1.964853814996049,0.6885779507453096,-1.3042937291027623,4.827960903134226,-0.5183915144466811,1.480091821677738,-0.9322816534949894,-1.0770094377143191
10.0,105.0,1000.0387573242188,-4.243508501639481,-2.9528402751915683,-1.964902060972444,0.6886830350719393,-1.3029697023689963,4.826894129328309,-0.518644434399719,1.4800587847161708,-0.9330337267113292,-1.0766499448899358
10.0,105.0,1000.0440063476562,-4.243808752186528,-2.953013394186674,-1.9645862189929333,0.6889995348362001,-1.3021634540379323,4.826575887254732,-0.5184897902787666,1.4802809193940352,-0.934020471132059,-1.075882825617882
10.0,105.0,1000.03466796875,-4.243896923204746,-2.9527226497141177,-1.9643222068936623,0.6892473231841034,-1.302183785459767,4.826970905679811,-0.5186854866748334,1.4807561964779046,-0.933598400279248,-1.0759880351953282
10.0,105.0,1000.0372924804688,-4.243956120243157,-2.952977320062034,-1.9643273643110843,0.6893271556289848,-1.3017920943762364,4.826873871763008,-0.5186887505028981,1.4806528020787333,-0.9338860737703704,-1.0757093009252392
10.0,105.0,1000.0394287109376,-4.244009766044686,-2.952060328071596,-1.964071554842852,0.6891307758278273,-1.3031087610252996,4.827594741752781,-0.5188308910092108,1.481090180983383,-0.9334714239761804,-1.0758517987215397
10.0,105.0,1000.0374755859376,-4.244507272061529,-2.952699450990372,-1.963714891629293,0.6898367535210514,-1.3019070499251733,4.827061163560529,-0.5186050510759195,1.481408856457595,-0.934425302044204,-1.0751235101310286
10.0,105.0,1000.0382080078124,-4.24419472665035,-2.952623166623661,-1.9643791368293968,0.6891443731744573,-1.3023408774022989,4.827201043646626,-0.5184678696479574,1.480745620463865,-0.933682174816748,-1.075928385472935
10.0,105.0,1000.0375366210938,-4.244226742325739,-2.9525999119330284,-1.964181129470028,0.6892235264054563,-1.3026891096837918,4.827039475879248,-0.5183648486968391,1.480781807445414,-0.9337325016626564,-1.075958890493942
10.0,105.0,1000.0386352539062,-4.243799146679795,-2.951975332211393,-1.9644205878545784,0.6888065379057071,-1.3029128761259412,4.82786769083333,-0.5186784062457814,1.4807977766238656,-0.9330165343183978,-1.0760673829149452
10.0,105.0,1000.0401611328124,-4.244094258594836,-2.9518286016943005,-1.964156648611794,0.6890028220972937,-1.303750972139499,4.82792674586366,-0.5184051511843704,1.480845064831665,-0.9328953168868006,-1.0763268897122154
10.0,105.0,1000.0382080078124,-4.243996240087428,-2.9524388922519185,-1.9638025498237328,0.6895502935153051,-1.3018697927591538,4.827204108381023,-0.5187584791957169,1.481152492299925,-0.9341837914326304,-1.0753767499035325
10.0,105.0,1000.03759765625,-4.244241886516706,-2.951729248012928,-1.9644830805979248,0.6886323359237378,-1.3036059476441872,4.828203729515776,-0.5184188011601591,1.4805610062817536,-0.932711372978857,-1.0762490089314336
10.0,105.0,1000.0353393554688,-4.244065875444225,-2.9525221905957664,-1.96421751430194,0.689376491969421,-1.3018644189099984,4.827149947895061,-0.5184855911051827,1.481207123771969,-0.9337290814174652,-1.0755530220595686
10.0,105.0,1000.035888671875,-4.244013556077996,-2.9520337391382583,-1.9638548444770807,0.6890156387809254,-1.302564765152315,4.827752350536631,-0.5187810998616591,1.4811230387246974,-0.933774581649434,-1.0755286176612282
10.0,105.0,1000.0355224609376,-4.244375831427945,-2.9514732140073887,-1.9638827752811263,0.688670049437178,-1.3033363114500975,4.828404869960162,-0.5187728447222053,1.4815123624078304,-0.9334431499424748,-1.0755430767474763
10.0,105.0,1000.033935546875,-4.244216410424416,-2.952158256535907,-1.9642469714868849,0.6889742982296179,-1.3029291666207414,4.827660485324531,-0.5186200093982754,1.4809943658869589,-0.933544134745163,-1.0756841182043717
10.0,105.0,1000.0363159179688,-4.243633121035866,-2.952626255329845,-1.964377412377668,0.689085516478606,-1.301999196977746,4.826826953321454,-0.518736757819191,1.4806729824985505,-0.9338284694814368,-1.0759300699331806
10.0,105.0,1000.0410766601562,-4.243822170222477,-2.952111739055088,-1.964394959455849,0.6889673032752741,-1.3031387670705556,4.827615384063972,-0.5185286350407905,1.4806416448178572,-0.9331706032102725,-1.0761143767254393
10.0,105.0,1000.0411376953124,-4.244039763879134,-2.951708466244729,-1.96342484317778,0.6896049976900853,-1.3018027541250363,4.82809312307201,-0.5187791318251769,1.4819616508083513,-0.9339456610698608,-1.0749732993878651
10.0,105.0,1000.0399169921876,-4.243727473732871,-2.9529532165349828,-1.9644457112046887,0.6890034515193371,-1.3024368722431483,4.82675471113002,-0.5188303734036168,1.480497397624621,-0.9337371961026132,-1.0761418257926176
10.0,105.0,1000.03759765625,-4.243852233264748,-2.952978535606342,-1.964478592190285,0.6892487812469925,-1.3023336105188048,4.826728794136676,-0.5184217286498898,1.4804905182481392,-0.9337854533894604,-1.0760789381232012
10.0,105.0,1000.038818359375,-4.244223761758843,-2.952059067910786,-1.9645298766232504,0.6886470883381159,-1.3038650532009113,4.827946921159789,-0.5183092813861805,1.4806026728162411,-0.9327858018056584,-1.076516966326646
10.0,105.0,1000.0367431640624,-4.244157748277662,-2.9516435810980903,-1.9643477894939232,0.6886556040084688,-1.3036146736859422,4.8283463615374895,-0.5185636063868877,1.4809396088445634,-0.9328330021569116,-1.0760607423109398
10.0,105.0,1000.03857421875,-4.244149168600283,-2.9518094444753302,-1.9646948012562349,0.6882210723035707,-1.3042484295833727,4.828128187716089,-0.5185740204145324,1.4803012275447882,-0.932682303377642,-1.0767262946329
10.0,105.0,1000.0338745117188,-4.243683195530111,-2.952588480161211,-1.9642969130548584,0.6892942321986641,-1.3022592025628557,4.8269851417810585,-0.5185828306020319,1.480773029052331,-0.9337946292666164,-1.07595067816914
10.0,105.0,1000.035888671875,-4.243740756146504,-2.95232184129354,-1.9646038626739863,0.6888017279135124,-1.302868804240766,4.827449606478456,-0.5184831459802943,1.4803923567629855,-0.9332261522827948,-1.07620112244803
10.0,105.0,1000.0372314453124,-4.243705124893164,-2.95287001812991,-1.964638325374272,0.6891703699618539,-1.3024038957748303,4.8267354176739286,-0.5185767653788993,1.4803400200586871,-0.9333818086181758,-1.076391051644391
10.0,105.0,1000.0390625,-4.244033802710426,-2.953008659048649,-1.964503127651681,0.6893123917160082,-1.302038340686981,4.826728148409858,-0.5186781966758449,1.4805133320645956,-0.933992607558726,-1.0757811029174342
10.0,105.0,1000.036376953125,-4.243897345410665,-2.952609343606824,-1.9647562123187217,0.6889213812489849,-1.3031640173350034,4.827171545821841,-0.5183233490567076,1.480152937924899,-0.9331284420773612,-1.0766274873624395
10.0,106.0,1000.0393676757812,-4.243737864891806,-2.952743972911944,-1.964201434452297,0.6894029043893628,-1.30173713144303,4.82687540580377,-0.5188549051092037,1.4809254831527063,-0.933819068561915,-1.0756506564053945
10.0,106.0,1000.0419921875,-4.243979541372694,-2.9523655716764945,-1.9647270061363609,0.6888187653389855,-1.3032584076457887,4.827606899557299,-0.5184035101177447,1.4805169289041933,-0.9330565395155848,-1.0764017060881903
10.0,106.0,1000.0358276367188,-4.243655212772212,-2.9529603014611725,-1.964380301561336,0.6894321479659107,-1.3019024799634735,4.826538553399063,-0.5187337057929229,1.480561196912915,-0.9341486611486384,-1.0757875598585054
10.0,106.0,1000.03466796875,-4.243950064413546,-2.952169462042252,-1.964315039537194,0.6888757005998514,-1.3026994498565605,4.827644860828469,-0.51878084486947,1.4808438666047223,-0.9335416532312966,-1.075739880814807
10.0,106.0,1000.037841796875,-4.244093346410011,-2.9520475868507594,-1.9642681316463588,0.6887622636814426,-1.3029857081382317,4.827730957356714,-0.5186705789488002,1.480928470092114,-0.933501381172702,-1.0756490213334562
10.0,106.0,1000.0358276367188,-4.243691777114607,-2.9531197411286656,-1.9642258105968249,0.6896676240899318,-1.3012135224000243,4.8263846769931344,-0.5187662918336109,1.4808093479915438,-0.9343665280180212,-1.075529860969457
10.0,106.0,1000.0333862304688,-4.244357147252791,-2.951977667535304,-1.9639787339176369,0.689299840927279,-1.3030085063934398,4.827765194594084,-0.5184712304769787,1.481267216823107,-0.9334410864327216,-1.0757287333128511
10.0,106.0,1000.03515625,-4.243962175399458,-2.9523799146672296,-1.9642764487911009,0.6890655476259919,-1.302757602877143,4.827246072270041,-0.5185810205266881,1.480690788666628,-0.9335422674587068,-1.0760122452989007
10.0,106.0,1000.0355834960938,-4.244256966648078,-2.952192899919503,-1.9641726398101504,0.6892235079238134,-1.302668106294051,4.827588973753739,-0.5184293651051854,1.4811882647175914,-0.9335455947883152,-1.0757341558790623
10.0,106.0,1000.034912109375,-4.244199730935183,-2.952468073130502,-1.964380373155032,0.6891544241840988,-1.3026389444852464,4.827379987872742,-0.5185305602334118,1.4807560979260872,-0.933408746902141,-1.0759163148348994
10.0,106.0,1000.032958984375,-4.2439400855940566,-2.9524926225259134,-1.9644216503876464,0.6891513903910393,-1.3024442712706534,4.82711700093965,-0.5186371088088357,1.480742140149558,-0.9335216449195496,-1.07592404481868
10.0,106.0,1000.0360107421876,-4.243949083698153,-2.952591000812332,-1.9644943534408688,0.6892135184428385,-1.302372707470696,4.827241540468375,-0.5185672905093268,1.4806519047827962,-0.9335398945597468,-1.0759260300215012
10.0,106.0,1000.0409545898438,-4.244096978567249,-2.952273668063508,-1.964454509289244,0.6890173647101525,-1.30298872653619,4.8274398336261,-0.518690102411612,1.4807356952102817,-0.9334246093941124,-1.075915312595911
10.0,106.0,1000.0380859375,-4.2438076942644525,-2.952775694805343,-1.96450831350094,0.689036697342889,-1.3024797144724416,4.826878996233525,-0.5186401159330343,1.4804848747236292,-0.933638401836408,-1.076008660719623
10.0,106.0,1000.032958984375,-4.244126635062504,-2.952158180962094,-1.9639266256674783,0.6892515470680651,-1.3025662340705035,4.82753073626634,-0.5186939048955201,1.481317864503097,-0.933749026486236,-1.07553536182116
10.0,106.0,1000.0396118164062,-4.244226669583866,-2.9524537122902323,-1.9640804394402367,0.689254128912089,-1.302393245113123,4.827231820841643,-0.5187097297803671,1.4810438003151507,-0.9339918578727876,-1.0753308699857134
10.0,106.0,1000.043212890625,-4.24456296774394,-2.952339141780985,-1.9640742909379905,0.6895232663265549,-1.3024623099799282,4.827379453546406,-0.5181962276777838,1.4812093464212168,-0.9339365254720846,-1.0753614192470229
10.0,106.0,1000.0348510742188,-4.24434452751238,-2.9524893277414983,-1.963742216988912,0.6896416930989515,-1.3020261945558973,4.827199002179134,-0.5186340326736216,1.4815317261017915,-0.9342864526170224,-1.075144507653377
10.0,106.0,1000.0374145507812,-4.244500434681557,-2.951578471546624,-1.9637734531424749,0.6889966203010864,-1.302940673896937,4.828406633935508,-0.5185552164057681,1.481438857500592,-0.9334708632379236,-1.0752372024496195
10.0,106.0,1000.0381469726562,-4.243652029421919,-2.9526939093462583,-1.964384336328832,0.6887985724542993,-1.3026463395923655,4.826905511583329,-0.5188725596623565,1.4806119844140149,-0.9338137035291396,-1.076112097544048
10.0,106.0,1000.0333251953124,-4.243622215801032,-2.9527818328873385,-1.964633840139204,0.689069127099251,-1.3024394045134242,4.82681025336171,-0.5186196195113908,1.4802761872051793,-0.9335046016488926,-1.0762750488039003
10.0,106.0,1000.0349731445312,-4.244212597686143,-2.9515942275254945,-1.9637286868937245,0.6891078347788913,-1.302708441720835,4.828185603286419,-0.5188003065194202,1.4817261253105585,-0.9335782980460356,-1.075329606579687
10.0,106.0,1000.0372924804688,-4.244064064761379,-2.952313743706762,-1.9643201378402944,0.6890078722860968,-1.3028248977684354,4.827533434428652,-0.5185236157970161,1.4808817045969116,-0.933235944431038,-1.0759492324498092
10.0,106.0,1000.0365600585938,-4.243891536325341,-2.9529434321411308,-1.964406313594768,0.689325458225845,-1.3022771544157168,4.826665115474325,-0.5185508462637571,1.4805764678243163,-0.9337623459633376,-1.0760826993959598
10.0,106.0,1000.0364379882812,-4.244112380334389,-2.952081661456001,-1.9647365504879084,0.6887072036224398,-1.3042170126161734,4.827743603504553,-0.5184144957564483,1.4802738953411012,-0.9326381548306556,-1.0767443920676172
10.0,106.0,1000.0327758789062,-4.243970618546856,-2.9527270532527568,-1.9643702543283337,0.6890849112907285,-1.302419098107359,4.826885067515429,-0.5187144236832957,1.4807771613663032,-0.933833575657922,-1.075835046115778
10.0,106.0,1000.0350341796876,-4.24391486005152,-2.952425997303899,-1.964063950002438,0.6891869620012328,-1.3022791299029697,4.827309008702779,-0.5187798665782086,1.481002728267649,-0.933844883953789,-1.075657808869246
10.0,106.0,1000.0339965820312,-4.244018108769751,-2.9522248943405,-1.9639263474298927,0.689438035595435,-1.3017839594863163,4.827545958441281,-0.5186438627210936,1.4813326504131696,-0.9338767625234414,-1.0753138118264527
10.0,106.0,1000.033447265625,-4.243950886455368,-2.952557536318852,-1.9640065641609032,0.6896226720744059,-1.3019259631872364,4.827052785776974,-0.5186345203949951,1.481100462394778,-0.9341130289239512,-1.0755111461815736
10.0,106.0,1000.0330810546876,-4.243858257581868,-2.952453681540044,-1.96425044538824,0.6892689649358399,-1.3020298414034843,4.827240907765161,-0.5187073807732352,1.4809466793144797,-0.9338045768231068,-1.0756864320892985
10.0,106.0,1000.0370483398438,-4.244092494849627,-2.9520584810982258,-1.9638691419371672,0.6891216158478422,-1.3022918840136004,4.827812137529129,-0.5186727820665862,1.4811487357526758,-0.9336993977162936,-1.0754533759053175
10.0,106.0,1000.033935546875,-4.2443408913828415,-2.95161845224406,-1.9639012019180289,0.6888358338813045,-1.3033086157364444,4.828334813428963,-0.5185511397331837,1.4812663679833058,-0.9332992865933624,-1.0756848854100758
10.0,106.0,1000.0335693359376,-4.24386593701635,-2.952275195228036,-1.964224482235994,0.6893242319563679,-1.3019155127990216,4.827399862374975,-0.5186592567357646,1.4810584389689456,-0.93371151154461,-1.07551933476776
10.0,106.0,1000.0385131835938,-4.244154693501687,-2.951455846518613,-1.9642961529727565,0.6886359291968613,-1.303949959032344,4.828467349833256,-0.5184056179997079,1.4808802797558096,-0.9326373547118952,-1.0761979545896143
10.0,106.0,1000.03466796875,-4.24426255651506,-2.951212454315644,-1.96395721950819,0.6885536252680167,-1.303745485995215,4.828708403113192,-0.5186702826730372,1.4813827227943053,-0.9330009738584676,-1.075820285138537
10.0,106.0,1000.0299072265624,-4.2443200976881545,-2.9523963114211167,-1.9641040199986808,0.6892902123879052,-1.3025437469631571,4.827375122877934,-0.5185470595030948,1.4810538530763964,-0.9337512861338064,-1.0756035585404162
10.0,106.0,1000.0360717773438,-4.243792612642589,-2.95231362812237,-1.9644584964769192,0.6890252223433322,-1.3028489253115367,4.82745311438347,-0.5184417032823747,1.4805817804006285,-0.933186306590799,-1.076322956481265
10.0,106.0,1000.0469970703124,-4.244418811107599,-2.952308830526267,-1.96369391899003,0.6896512435630529,-1.302216533413001,4.827218693759679,-0.5187030519323512,1.4813551315871614,-0.9343649604875672,-1.0752383332879596
10.0,106.0,1000.0423583984376,-4.2440531985397145,-2.9520252224098025,-1.9646308711603464,0.6888593959229148,-1.3033960092863195,4.827725741324668,-0.5183873195276334,1.4803112409120844,-0.9330712008444052,-1.0762700745388143
10.0,106.0,1000.0344848632812,-4.243815752916834,-2.952779025906464,-1.9648111922852487,0.6888523931707198,-1.303220546268653,4.82675874293275,-0.5183424834415726,1.4800440909493986,-0.9332445712042244,-1.0766943611622812
10.0,106.0,1000.0328369140624,-4.243772760063328,-2.9528490837849,-1.9646502401702564,0.6891065884544414,-1.3026862670862336,4.826774065252042,-0.5185055973210675,1.4802193488369504,-0.9335638766412516,-1.0763529666439964
10.0,106.0,1000.033935546875,-4.244319586847482,-2.9520081138717296,-1.963964801093029,0.6892368729527565,-1.3030450759421068,4.827785605728174,-0.518642052278885,1.481319740713639,-0.9336893233841675,-1.0756016201863536
10.0,106.0,1000.03515625,-4.244289317538007,-2.951451661187752,-1.9641948144858712,0.6886377664945957,-1.3042125951369572,4.828427013575158,-0.5185639383059595,1.480966282333319,-0.9328048586451718,-1.076251996081684
10.0,106.0,1000.0348510742188,-4.244172157571343,-2.951994707075768,-1.964262281543037,0.6889316387353697,-1.3033673621584052,4.827754402094893,-0.5184459721439003,1.480763511043829,-0.9332482211303992,-1.076091657302209
10.0,106.0,1000.0381469726562,-4.244322821140166,-2.952090869717084,-1.964406668274464,0.6889269750103928,-1.304144305317712,4.827676223065749,-0.5182697025238587,1.480609359867696,-0.9329491788977364,-1.076465767199299
10.0,106.0,1000.0360107421876,-4.244061505334147,-2.952233843371016,-1.963763883798032,0.6895102739798862,-1.301826022774184,4.827380560198698,-0.5187071673058643,1.4816443889538728,-0.934134708820241,-1.0752587213045164
10.0,106.0,1000.0374145507812,-4.243772001675272,-2.952927493276745,-1.9644249760651693,0.6893902547177113,-1.3022031869539583,4.826616652182912,-0.5186910309606976,1.4806364860927248,-0.933816272130854,-1.0759629680827691
10.0,106.0,1000.03564453125,-4.243776088921752,-2.952506721064485,-1.9642706982883484,0.6892700284384699,-1.30223770975506,4.827091236241657,-0.5185943032435212,1.4808787356110908,-0.9337802265159256,-1.0757866706672954
10.0,106.0,1000.0352783203124,-4.244290864527329,-2.952205242485639,-1.9640499214488865,0.6894199550433413,-1.3026528628700285,4.82767027582611,-0.51844879668527,1.481067489374511,-0.9335266025012244,-1.0756864831438824
10.0,106.0,1000.034423828125,-4.24385371534178,-2.9522285431284425,-1.96441228869785,0.6888158597200231,-1.3029578928113708,4.827489220933707,-0.5185953777505761,1.480672524949175,-0.933412551028459,-1.076126836783633
10.0,107.0,1000.0357055664062,-4.2439136937207245,-2.9522181700558408,-1.9643646837449835,0.68886616989424,-1.3031707615387251,4.827457278645747,-0.5185771037762796,1.480700392687865,-0.933346758328951,-1.076146578148907
10.0,107.0,1000.0385131835938,-4.243805976546478,-2.952562010487379,-1.964422520802906,0.6890829744040152,-1.3027036178655005,4.827057034347288,-0.5186135341533111,1.4805592621537942,-0.9334863851629036,-1.0761089433330282
10.0,107.0,1000.0332641601562,-4.243913706847809,-2.9523360537707624,-1.9643683352199224,0.6891014467525505,-1.3026927545254448,4.827391395064307,-0.518508747743887,1.480743194330337,-0.9334016010874776,-1.076046620783777
10.0,107.0,1000.0379638671876,-4.244570895124102,-2.951258940174996,-1.9637008273174368,0.6889887607194032,-1.3036439120764731,4.828520503740791,-0.5185674140273608,1.4816336480905532,-0.9332940742053362,-1.075580738696594
10.0,107.0,1000.0325927734376,-4.243900550748188,-2.9527429288814364,-1.9642000871512408,0.689413901316934,-1.3017978339621328,4.82689996596212,-0.5186809302627804,1.4810085648157152,-0.9340094748341868,-1.075562442779023
10.0,107.0,1000.0350952148438,-4.243810077454113,-2.953163631326909,-1.964611589233628,0.6891796933080441,-1.3021483779374892,4.8263347393308855,-0.5186438937829685,1.4802480090448815,-0.9338943570355536,-1.0760608624326409
10.0,107.0,1000.0357055664062,-4.244185256339137,-2.9519848716974404,-1.963695418094804,0.6893795463227823,-1.3019417927393198,4.827790596012761,-0.518780381246037,1.4817125667448146,-0.9338977076534398,-1.0751547906023258
10.0,107.0,1000.0345458984376,-4.244253919074423,-2.952202121428958,-1.9640504056930383,0.6893565587895099,-1.3026935106155104,4.827565147246544,-0.5185761170911523,1.4812213792122506,-0.9336177245700048,-1.075665567155279
10.0,107.0,1000.0328369140624,-4.244263275414129,-2.9518499077847915,-1.9640948177921305,0.6890655218825303,-1.3028456238704411,4.827993966168947,-0.5185725870972,1.481081856747123,-0.9334119230812288,-1.075602607872869
10.0,107.0,1000.0382080078124,-4.243845140227412,-2.952775543808854,-1.964566308296435,0.6891008802127825,-1.3027496582074027,4.8269399103394885,-0.5186305535600972,1.4804435765221218,-0.933531592007438,-1.0762088518040809
10.0,107.0,1000.0343017578124,-4.244220878024143,-2.951783741068788,-1.9641091207387984,0.6888227917026164,-1.303275302486168,4.828204525277087,-0.5185896882341581,1.4811521849906164,-0.9332477052712038,-1.0758547884159864
10.0,107.0,1000.0357666015624,-4.243660305979972,-2.952863649807706,-1.9647084024911463,0.689151188835945,-1.3026317306513917,4.826620893200623,-0.5185569066369382,1.4802809430340966,-0.933597604989698,-1.0764014317447224
10.0,107.0,1000.0357055664062,-4.24448578959873,-2.9520781679865307,-1.9641163264170007,0.6890858158388005,-1.30274148340067,4.827955402252673,-0.5184945937667127,1.4812534694705055,-0.9333457715335136,-1.0756753505749108
10.0,107.0,1000.0357666015624,-4.243855613231405,-2.9529039544884563,-1.9645690162083045,0.689196191263953,-1.3025782390359888,4.826742044456205,-0.5185218559912448,1.4805750553245645,-0.93351194885443,-1.0763094433912794
10.0,107.0,1000.0340576171876,-4.243881163730267,-2.95256867989098,-1.9642898417292871,0.6893216889538998,-1.302149567419291,4.826989266218449,-0.518675636744053,1.4809103401214605,-0.93384155161388,-1.0757974358608773
10.0,107.0,1000.0346069335938,-4.244072455735392,-2.952409463903668,-1.9642335793266128,0.6892681628718078,-1.3025630165713131,4.82728287033668,-0.5186067701315729,1.4809562319310974,-0.9334807385268756,-1.075912379536803
10.0,107.0,1000.0363159179688,-4.244252625650312,-2.952250673386734,-1.9639451917309807,0.6892665605028023,-1.3019753816982838,4.827454038167671,-0.5186972166595316,1.4813962655943849,-0.93401304480928,-1.0751610067334123
10.0,107.0,1000.0353393554688,-4.243888650055021,-2.952388280732998,-1.964239744623658,0.689240915679914,-1.302578113130818,4.827317588964846,-0.5185509862871474,1.4808005759835652,-0.9336077576914672,-1.0758964679575618
10.0,107.0,1000.0353393554688,-4.24370166675015,-2.9529904163202523,-1.9643328905068995,0.6895756745464476,-1.3017980684674837,4.826630965907778,-0.5185368639716383,1.4807194406116118,-0.9338500501145184,-1.0759234945999596
10.0,107.0,1000.0360107421876,-4.243788361729802,-2.952310457687076,-1.9649530109051567,0.6883383009226618,-1.3037124971550993,4.82752993687761,-0.5184487619554474,1.4799563436050462,-0.9327773907985026,-1.076790014087762
10.0,107.0,1000.037353515625,-4.243937894401591,-2.952035137448481,-1.964407481688971,0.6888496067015328,-1.303192312585118,4.827661720166892,-0.5186772050327235,1.480687106078177,-0.9332327010843002,-1.0760276242351878
10.0,107.0,1000.0345458984376,-4.24435252469153,-2.9518497330530407,-1.9640658636602808,0.6889187889649895,-1.302938621627935,4.828060238356507,-0.5186156323001043,1.4811760553605424,-0.9334851162139072,-1.0754824749325396
10.0,107.0,1000.033447265625,-4.244241953861741,-2.9519362986727424,-1.9641974183295403,0.688932440814801,-1.3030562950798918,4.8279012458121215,-0.5186190891319589,1.4809824493410575,-0.9333411348158958,-1.075772455354007
10.0,107.0,1000.0335693359376,-4.24405454443496,-2.951760299830432,-1.9642415540334257,0.6888305143827891,-1.3034745517397854,4.828076859654441,-0.5184296314202443,1.480842493595544,-0.9331242127518262,-1.0760538560575954
10.0,107.0,1000.0387573242188,-4.244626542696431,-2.9520839440788267,-1.9639400547364296,0.6892018255013816,-1.303045462989711,4.827811878806086,-0.5183703734363352,1.4813258423238276,-0.9336450593933598,-1.0755930331103074
10.0,107.0,1000.036376953125,-4.244063755036825,-2.951996519513519,-1.9643049795388647,0.6887661482586784,-1.3034684646758916,4.827699838342898,-0.5186270224530363,1.480785781564487,-0.93326148406641,-1.0761342329986023
10.0,107.0,1000.03271484375,-4.243933603517228,-2.952178481418601,-1.9641934981042963,0.6890101207941033,-1.30287325387688,4.827458189453559,-0.5187813991441388,1.4809496048047208,-0.9336390247690344,-1.0758083650328816
10.0,107.0,1000.0318603515624,-4.243688742523394,-2.9532035498805262,-1.964619996398909,0.6894453770044331,-1.3018290514771031,4.826303448790256,-0.5185546888208146,1.4804048294233745,-0.9338912340092111,-1.0760969968034342
10.0,107.0,1000.0372314453124,-4.243668585720237,-2.95291042656542,-1.964344169283442,0.6894091352696519,-1.30181342741015,4.826716823517847,-0.5187336385102475,1.4807798704193766,-0.9339275025194462,-1.0758050146997706
10.0,107.0,1000.0347290039062,-4.243788571374038,-2.952565860691746,-1.9641220293081467,0.6894312716528805,-1.301777516022101,4.826994723980356,-0.5187074270353591,1.4811153467259477,-0.933917791291095,-1.0755554769371731
10.0,107.0,1000.0355834960938,-4.244033167702796,-2.952391072576617,-1.9642877446911644,0.6891812910266593,-1.3029280132567918,4.827379365369261,-0.5186081633771353,1.4808483238964367,-0.9334666048300218,-1.0760103953756976
10.0,107.0,1000.0358276367188,-4.24401957759856,-2.952449232290128,-1.964242092100924,0.689192769864051,-1.3025651644866243,4.827111992708579,-0.5187441057310513,1.4808149862186095,-0.9337258881335,-1.07577424536814
10.0,107.0,1000.037353515625,-4.244419916330033,-2.951822498006392,-1.963930696440929,0.6890624962554224,-1.3033289933019354,4.827818536102553,-0.5185009515547199,1.4813138256571934,-0.9335432333852598,-1.07568341801866
10.0,107.0,1000.033935546875,-4.244075550937691,-2.9525114222075706,-1.9640575875134352,0.6893714785108838,-1.3018961571548786,4.827153953591505,-0.5186527095746429,1.4810851740397313,-0.9340982166932168,-1.0754191351271092
10.0,107.0,1000.0385131835938,-4.243929365326285,-2.9519882134995203,-1.964559515180591,0.688723012509679,-1.3032487925302494,4.827842710997,-0.518640269646732,1.4805891928862716,-0.9329119806074946,-1.0761959348221015
10.0,107.0,1000.037841796875,-4.243991580517406,-2.952611997854073,-1.964522162854613,0.689189757781099,-1.3029378186789191,4.827110650335616,-0.5184662769537436,1.4804753058363351,-0.933425883573216,-1.0762800471572658
10.0,107.0,1000.0349731445312,-4.244019986906388,-2.952472448694796,-1.9638011485080105,0.6894055670329822,-1.301873273991701,4.827300120298835,-0.5188208097672717,1.4814782819103165,-0.934155044212643,-1.0752402113920745
10.0,107.0,1000.0370483398438,-4.244065191841178,-2.9525796885303195,-1.963969247321821,0.6895536547858132,-1.301845941066691,4.826924634685298,-0.5188363890986754,1.4812050934779055,-0.9342189140198808,-1.0752907175003346
10.0,107.0,1000.0386962890624,-4.243958950038817,-2.952222108302004,-1.9640216815284428,0.6892261126884769,-1.3020309253516822,4.827356046276631,-0.5188055396645233,1.4810624257589655,-0.9338671061881304,-1.0754296635271103
10.0,107.0,1000.0343017578124,-4.2439979459524055,-2.9519729851312846,-1.9641786490889657,0.6889017754587092,-1.302843920415934,4.827896728809723,-0.5186217512796345,1.4809571570504012,-0.9333030024183556,-1.0757992015801203
10.0,107.0,1000.036865234375,-4.243847917121874,-2.953183445386096,-1.96428426342374,0.689637129498319,-1.301710486667652,4.826472677157859,-0.5186650654933098,1.480850828598177,-0.9342305433362332,-1.075721484549499
10.0,107.0,1000.0404663085938,-4.24380867166629,-2.95247923122348,-1.9645720450787745,0.688806128768614,-1.3026815580010762,4.827279641438091,-0.5185893182970149,1.480389546236757,-0.9333442647900974,-1.0760876563412909
10.0,107.0,1000.0342407226562,-4.244354519233545,-2.951753692127765,-1.9642788881567523,0.6888403818616489,-1.3038456321108076,4.828153662603178,-0.5184672096347693,1.4809667713317491,-0.932897249382668,-1.0761692716334292
10.0,107.0,1000.0330810546876,-4.244054243569338,-2.9525217155550227,-1.9640475038560297,0.6894656860391981,-1.3022880970482658,4.827111980604672,-0.5184892157712975,1.481011354001172,-0.9339525002760548,-1.0757311067363895
10.0,107.0,1000.033935546875,-4.2438297147832,-2.952646208502552,-1.9642888057616403,0.6891403527009103,-1.302231759499656,4.826934623147636,-0.5187865743088631,1.4807534006629215,-0.9338957464520554,-1.0757701481772957
10.0,107.0,1000.0364990234376,-4.244210371755833,-2.952325571713631,-1.9644503863169736,0.6886117915056378,-1.303684831430772,4.827551084028661,-0.5185534682794986,1.480477423669556,-0.9331671171040136,-1.0763633845729248
10.0,107.0,1000.03271484375,-4.244160775325787,-2.952164008904484,-1.964208106559516,0.6891296649075054,-1.3026117104489914,4.827623779964297,-0.5185084608833819,1.4809977934943923,-0.9334358819917624,-1.075741800381401
10.0,107.0,1000.0304565429688,-4.244126783010817,-2.9516825072225505,-1.964106979311924,0.6887970409793143,-1.3030238698682717,4.828128101363177,-0.51862422333729,1.4811232662367324,-0.9332572854501676,-1.0756955915743631
10.0,107.0,1000.0355224609376,-4.243775460417229,-2.9525641928807103,-1.964503293032835,0.6891848531026756,-1.3023355828318883,4.8270005311272985,-0.518600842524207,1.480539396287039,-0.933544967931626,-1.0760405782556468
10.0,107.0,1000.0369873046876,-4.244063146698613,-2.9525310269361875,-1.9640830629238777,0.6894139563146782,-1.3024485954764065,4.82718884530683,-0.5186193615912513,1.480996808880648,-0.9338379550958802,-1.0756467700819043
10.0,108.0,1000.0311279296876,-4.24419078983526,-2.951808376030729,-1.9642523422021607,0.6887509951543249,-1.3033677295125927,4.828089371461676,-0.5186038325486555,1.4808563020841872,-0.9330881115249792,-1.075989776542308
10.0,108.0,1000.0359497070312,-4.244308753097015,-2.9520411751128,-1.964140464010749,0.6890695904545918,-1.3029677855410644,4.827864983897968,-0.5184813664362729,1.4809441977023745,-0.9333836571218432,-1.0757537340307928
10.0,108.0,1000.0352172851562,-4.244257582701978,-2.9519934141326747,-1.963953278311617,0.6890368435054981,-1.302683895551815,4.827847007960372,-0.5186767997815176,1.4813773968465984,-0.9336776456447032,-1.0754484003954534
10.0,108.0,1000.03369140625,-4.244037345024653,-2.9523436758009893,-1.9642873390857247,0.6892908194947704,-1.302345950357772,4.827269937898041,-0.5185333538441634,1.4809651817075355,-0.9336056465633034,-1.075749995868044
10.0,108.0,1000.0333862304688,-4.24407025778631,-2.951907879399762,-1.9642501204654632,0.6889180027048836,-1.303210426792683,4.827907523870383,-0.5185802920879912,1.4809009856683488,-0.933210075233875,-1.076001554824424
10.0,108.0,1000.0345458984376,-4.244439460658381,-2.9519280705389868,-1.9642108894654955,0.6890475599593895,-1.3034775445363316,4.827896231568435,-0.5183663167114556,1.4809480412180989,-0.9331845086004612,-1.0759807782702562
10.0,108.0,1000.033935546875,-4.2442151512098985,-2.951817948154855,-1.9642517045218573,0.6887656022928503,-1.3032415718152794,4.828148102575792,-0.5186417074386975,1.4809988778667016,-0.9330995967621672,-1.0758707158994008
10.0,108.0,1000.0333251953124,-4.243921510402327,-2.952446288183181,-1.964201566827244,0.6892851728766436,-1.3020388674983967,4.8272690780450525,-0.5186452515312512,1.4810738605562452,-0.9337218996072352,-1.0756410694163607
10.0,108.0,1000.0338745117188,-4.244067298997248,-2.9525393275638847,-1.9642440083792725,0.6892358633294036,-1.3020503594862438,4.82727710603657,-0.5186580805134628,1.4809577832354517,-0.933761330205499,-1.0755898245848163
10.0,108.0,1000.0360107421876,-4.243705079998556,-2.952351485635222,-1.964626610517357,0.6889188774896917,-1.3031722738285376,4.827311521408284,-0.5185441069808574,1.4804212908656798,-0.933157885865727,-1.0764909925893602
10.0,108.0,1000.032470703125,-4.244245718205828,-2.951961685568226,-1.9641475877095045,0.6889104923947009,-1.3031929293768685,4.827892645687564,-0.5186062551212807,1.4809384848400065,-0.9332236590160372,-1.0758367260035664
10.0,108.0,1000.0341796875,-4.244068438218878,-2.952055887744031,-1.964179807837629,0.6891058755684547,-1.303046448425984,4.827667085877376,-0.5185113997715636,1.4811201629737116,-0.9333416357986531,-1.075877446408929
10.0,108.0,1000.0355224609376,-4.243766056358707,-2.952822964421045,-1.9644535905499168,0.6892823253904314,-1.302325783388438,4.8266186092998495,-0.5185889502053271,1.4805140355869186,-0.933752483800154,-1.0761111748528345
10.0,108.0,1000.0357055664062,-4.243999989371849,-2.952619289511967,-1.9643403988530417,0.6892382940048689,-1.3025054363116744,4.827043615692332,-0.5184518653698467,1.4808376451412872,-0.93368283662243,-1.0759144587399754
10.0,108.0,1000.03271484375,-4.244139259387714,-2.952330881677357,-1.9641735340801687,0.6892098846209436,-1.3026319843316752,4.827413754985233,-0.5185447235657561,1.4809102851777052,-0.9335492157477604,-1.075832885195867
10.0,108.0,1000.03515625,-4.244027980647502,-2.9521040052024987,-1.964443084763796,0.6886624772194647,-1.3035202034901032,4.827547744061292,-0.5186751815354693,1.480656404933404,-0.9331449289250244,-1.0762753911729712
10.0,108.0,1000.0354614257812,-4.244104259773184,-2.952441684796149,-1.964097266577444,0.6894081938491521,-1.3022744794944838,4.827409509618192,-0.518601561521562,1.4810543000177665,-0.9337251909986986,-1.0756330168865516
10.0,108.0,1000.0384521484376,-4.243889048978558,-2.952547715634811,-1.9642902481395992,0.6891184853932302,-1.302414601284558,4.827040948511932,-0.5187303652473743,1.4807217163874684,-0.9336457107310618,-1.075940281289555
10.0,108.0,1000.0355834960938,-4.244046032196827,-2.95236350370178,-1.964481274894533,0.6889086785199119,-1.302969067263808,4.82746257786598,-0.5185496755216388,1.4804917890323583,-0.933313494916157,-1.0761018954107635
10.0,108.0,1000.0348510742188,-4.244094901703657,-2.9526238907893667,-1.9642024853835007,0.6893925124860463,-1.3021488206463117,4.827081803233142,-0.5186307224678011,1.4809531172618495,-0.933923939423936,-1.075631830459307
10.0,108.0,1000.0353393554688,-4.243915064142144,-2.952623642102126,-1.9643360878443128,0.6893436506562072,-1.302411846757943,4.826970813303495,-0.5185301090056562,1.480840556592108,-0.9337529159699862,-1.0759954069637567
10.0,108.0,1000.0317993164062,-4.24422935054508,-2.9522138239038243,-1.9639952836639325,0.6894371158304722,-1.3024038313270196,4.827599997243713,-0.5184369178524175,1.4811654350648764,-0.9336396812699403,-1.0756109391861206
10.0,108.0,1000.0326538085938,-4.243738857694053,-2.953140591445915,-1.9644454132930609,0.6895599667259482,-1.3015833933051555,4.826342982824256,-0.5186246609084382,1.4806479246361324,-0.9340745310233612,-1.0758071071148576
10.0,108.0,1000.0357055664062,-4.243943347492161,-2.952780226723813,-1.9646275977347187,0.689062122214664,-1.3028949008926831,4.826785703892474,-0.5185205319351294,1.4802872989226945,-0.933618434727192,-1.076278131319519
10.0,108.0,1000.0353393554688,-4.244031086863855,-2.952015279986657,-1.9641136049041168,0.689094364873517,-1.3027267643695866,4.827676025343491,-0.518657175425222,1.4810704665213308,-0.9335072683845222,-1.075739358408732
10.0,108.0,1000.0382080078124,-4.243757861100509,-2.9523603153932467,-1.9644469289783628,0.6890476431862202,-1.302721929758626,4.827381448854432,-0.5185531760256099,1.4806387384072472,-0.9332265492886648,-1.0762625775483818
10.0,108.0,1000.0340576171876,-4.2444269219861805,-2.951661618478432,-1.9638174532023245,0.6891050062111823,-1.3029156787775094,4.828215748772776,-0.5185606743459283,1.4815428230048342,-0.9334371206923135,-1.0754026269045625
10.0,108.0,1000.0347290039062,-4.244320553065316,-2.952123525963714,-1.9638343790859745,0.6893024276048916,-1.302302724719575,4.827764110627937,-0.5187309490688143,1.4814505438022874,-0.933870210606626,-1.075233165860214
10.0,108.0,1000.0361938476562,-4.24411307461508,-2.952132788245102,-1.964298830233305,0.6890802242956369,-1.3028485156665126,4.8275791803346575,-0.5184406182200032,1.4809495613274706,-0.933341618681082,-1.075892158815956
10.0,108.0,1000.0345458984376,-4.244368384002367,-2.9520385111661867,-1.964069065287417,0.6891005813605764,-1.3026799577887065,4.827745018928168,-0.518590461701578,1.4812115119903029,-0.9335873904964008,-1.0754587112745997
10.0,108.0,1000.03564453125,-4.243965856771336,-2.9529088073324425,-1.9644674937647213,0.6893391691126798,-1.3021887705300026,4.826621747143797,-0.5186321392889424,1.4807244687277077,-0.9338063734004488,-1.0758857012966274
10.0,108.0,1000.0309448242188,-4.2442567649077,-2.9517968369488083,-1.9640567209494324,0.6890630185565829,-1.3028440394873737,4.827980509344584,-0.5185751016194029,1.481219814171303,-0.9334994539952026,-1.0755557611428237
10.0,108.0,1000.03369140625,-4.244205858494172,-2.95223421043496,-1.9642154019631275,0.689059463412792,-1.302888087236135,4.827476500922215,-0.5186552067901253,1.4809243640182057,-0.9335638750737676,-1.0757552286136027
10.0,108.0,1000.0353393554688,-4.243946003177863,-2.952805034958573,-1.964295162089627,0.6893829481764335,-1.302057402505019,4.826899477605645,-0.5186941120058659,1.4807497985006162,-0.9339462917129336,-1.0756593045930862
10.0,108.0,1000.03271484375,-4.243938455351144,-2.952629816928656,-1.9643105469102329,0.6893128955756378,-1.302407627631799,4.826986139515942,-0.518579827433058,1.480786581767985,-0.9337394042291444,-1.0759262837376309
10.0,108.0,1000.033935546875,-4.244235994969642,-2.9521046638796333,-1.9642432774315888,0.6889422059173169,-1.30320157363822,4.82763851601859,-0.5186185156949836,1.480909191929567,-0.9334795359173568,-1.0758811699538628
10.0,108.0,1000.0338745117188,-4.244187634473221,-2.9524459148586115,-1.964055361210899,0.689389938706805,-1.3022789750637824,4.82732659652444,-0.5186539892133162,1.481185178290488,-0.9338010761986696,-1.0755416187230624
10.0,108.0,1000.0363159179688,-4.244116588879113,-2.9525158237026803,-1.964272222246613,0.6892334648241221,-1.302910325532265,4.827345896627422,-0.5184538233400122,1.480814225076303,-0.9334797046967998,-1.0760806151553193
10.0,108.0,1000.0353393554688,-4.244033505871556,-2.952437711094795,-1.964290944638836,0.6891270324634498,-1.3024731538522127,4.827280588873489,-0.5187247816951395,1.4807650675621664,-0.9336788338409754,-1.0757621047718886
10.0,108.0,1000.0338134765624,-4.244225667315779,-2.951979744168382,-1.96399711693006,0.6890739897701881,-1.3028493395398484,4.827736229578933,-0.5186284835397537,1.481217393210282,-0.9336112011990229,-1.0756596890497765
10.0,108.0,1000.0362548828124,-4.244139851162441,-2.9517039236570217,-1.964331306705244,0.6887007433414603,-1.3035355227885257,4.828143966663012,-0.5184983062352995,1.4807325646046463,-0.9328976302583668,-1.0761172788832325
10.0,108.0,1000.0350341796876,-4.243900513128297,-2.9522664803794467,-1.963979685701689,0.6893635041170345,-1.301947728377162,4.827456491338459,-0.5186354620212654,1.481283344417057,-0.9338687077459548,-1.0753945293407563
10.0,108.0,1000.0331420898438,-4.244143167722778,-2.9521200121470965,-1.9642663874124056,0.6889430351389327,-1.3031172160722115,4.827614127995968,-0.5185973898534044,1.4808363673729623,-0.9333867357299664,-1.0759622448220596
10.0,108.0,1000.03271484375,-4.243840310467212,-2.952591626159016,-1.9643770138400232,0.6891107758555828,-1.3022864170393444,4.827103082525456,-0.5187294477447271,1.4806926996740186,-0.9336812442759062,-1.0758730463465955
10.0,108.0,1000.0369262695312,-4.243820579378326,-2.9529280287795774,-1.96462634967698,0.6893539335078938,-1.3023502776902394,4.826607287734042,-0.5184779820463898,1.4804250748537262,-0.9335608660583086,-1.0762193491148215
10.0,108.0,1000.0322265625,-4.243953997081114,-2.952602401596309,-1.964280012400423,0.6892956103671652,-1.302222119037494,4.827030425430246,-0.5186316916671903,1.4808139220531755,-0.9337538838819032,-1.075782321725756
10.0,108.0,1000.0319213867188,-4.244084091935923,-2.952395377351683,-1.9643286694676088,0.689076868096147,-1.3027554070596974,4.827398330211453,-0.5185621147620214,1.4806735577163463,-0.9335105033672768,-1.0759463024214404
10.0,108.0,1000.03515625,-4.243853568435961,-2.952748394999258,-1.964505152444604,0.6890654727104382,-1.302322779447023,4.8267284001082125,-0.518603915753399,1.4805301453372604,-0.9337752646920164,-1.0760070922944234
10.0,108.0,1000.0348510742188,-4.24413632479042,-2.952560660297109,-1.9640260700648349,0.6896689803465614,-1.301915749730412,4.827255138101483,-0.5185291278985957,1.481193637717844,-0.9339282942897952,-1.075487437038977
10.0,108.0,1000.0308227539062,-4.24416635848401,-2.9522479072406305,-1.9642294034352776,0.6891570000859728,-1.3026969824776329,4.827487261567041,-0.5185102724641366,1.4808953073828637,-0.933464615565299,-1.0758023379722297
10.0,109.0,1000.0328369140624,-4.244057509073264,-2.952519208643446,-1.9642346063431224,0.6891795121523145,-1.302510897930376,4.827191741498462,-0.5186606629013912,1.4809553833247522,-0.9336677573741872,-1.0758121239879077
10.0,109.0,1000.0376586914062,-4.244058829763724,-2.95213264424592,-1.9641355059463288,0.6890506765714663,-1.3025818006508505,4.827639480391685,-0.5187951233402597,1.481015181047817,-0.9335488545936236,-1.0756388511331192
10.0,109.0,1000.03857421875,-4.24375915363727,-2.953007289382296,-1.964341849637659,0.6895136971375395,-1.3014303380754937,4.826473437254704,-0.5187175955811565,1.4807838893551135,-0.9339831719964132,-1.075723352749875
10.0,109.0,1000.034912109375,-4.244232478660032,-2.952681551227077,-1.964535919250936,0.6891210304634763,-1.302918210594184,4.827139700509138,-0.5184044686557412,1.4804783980683691,-0.9334032228529489,-1.076144521924622
10.0,109.0,1000.0324096679688,-4.243961882530437,-2.9529025845492765,-1.96416447533315,0.6896573447375705,-1.3015251821894624,4.826721396270649,-0.5186162484592387,1.4810225399886203,-0.934122301822872,-1.075469798564936
10.0,109.0,1000.0398559570312,-4.243849604618971,-2.952689426770561,-1.9645825368307896,0.6892196954982968,-1.302537335028858,4.826974778540178,-0.5185326880243499,1.4805208193806785,-0.9333419697487396,-1.0762354943223014
10.0,109.0,1000.0358276367188,-4.244284207028215,-2.952300437303968,-1.9641964808337795,0.6892051191346553,-1.3026874460873006,4.827590820671713,-0.5184090493131395,1.4809115644838702,-0.9334076364317214,-1.0757684443396225
10.0,109.0,1000.0340576171876,-4.244075539246528,-2.952077813230633,-1.9643573618933257,0.6888788475340384,-1.303084058604957,4.827714178568735,-0.5185913530383504,1.48072385963418,-0.93319948939431,-1.07605293364312
10.0,109.0,1000.0342407226562,-4.244012553628068,-2.952326663555808,-1.964201262655561,0.6892141154969202,-1.302394266952231,4.827430381558374,-0.5185859499878429,1.4808673225451177,-0.9336200611657972,-1.0757022694942302
10.0,109.0,1000.0342407226562,-4.244392220760544,-2.951980372065072,-1.964100507574248,0.6889587406985047,-1.303266301873331,4.827952431508333,-0.5186090427348136,1.4810654811787236,-0.93328969864345,-1.0758155831880505
10.0,109.0,1000.0338745117188,-4.244021668112918,-2.952389579945027,-1.9639555230928745,0.6894554985794654,-1.301927302528802,4.82721737145623,-0.5187018547258546,1.4812833834937305,-0.9340637708282972,-1.0753197796178693
10.0,109.0,1000.0344848632812,-4.244259233967636,-2.951770324616624,-1.9641577571557989,0.6887522681706191,-1.3036592328883128,4.828143930194383,-0.5185399521738807,1.4809654322596195,-0.9330509187171074,-1.0760794043685968
10.0,109.0,1000.0338745117188,-4.244098656920828,-2.952467265990048,-1.9643430360580911,0.6891005756449173,-1.3027714381310385,4.82726973421212,-0.518481193895818,1.4807419449105126,-0.9334659291353846,-1.075946016002776
10.0,109.0,1000.0361938476562,-4.243746494118606,-2.953003993948224,-1.964397195625327,0.6893800854958068,-1.3018097612422457,4.826599201467898,-0.5187381589458822,1.4806958134545631,-0.9340803409107492,-1.075785508228566
10.0,109.0,1000.0349731445312,-4.244106639379935,-2.951876260315855,-1.9641780542709864,0.6888979893930633,-1.3027357016472827,4.82785170277592,-0.5186058875273094,1.481112114768668,-0.9333769065466776,-1.075699837171546
10.0,109.0,1000.0328369140624,-4.24420964201566,-2.9519590189186213,-1.9642972685343365,0.6889276606552999,-1.3031931070537317,4.827855989206288,-0.5185084670643123,1.4807922474690685,-0.9332326052803496,-1.075976671776739
10.0,109.0,1000.03271484375,-4.244395294736724,-2.951929019292769,-1.964075823944716,0.6890549645395811,-1.3030076277895524,4.827936987108105,-0.5185057772172614,1.4810362746070649,-0.933437392051964,-1.0756749222977642
10.0,109.0,1000.0341186523438,-4.244377849786845,-2.9518048050323307,-1.9643404917541936,0.6887918548194625,-1.3037015699510643,4.828027110984626,-0.5184272606878064,1.4807481663986692,-0.9329952393214792,-1.076121978622716
10.0,109.0,1000.033935546875,-4.244361339584208,-2.952213010962919,-1.963912469957368,0.6894418022888011,-1.3022135291507428,4.82764855228441,-0.5185889039707154,1.481333875208115,-0.9337965049884716,-1.075292503160486
10.0,109.0,1000.0360107421876,-4.244208571001552,-2.952574439932315,-1.964490491886648,0.6891580807940088,-1.302941142941144,4.827196469400954,-0.5184424993324912,1.4805483947353952,-0.933360164262674,-1.0761056940949705
10.0,109.0,1000.035888671875,-4.244035844007525,-2.952366593549403,-1.9644865003637784,0.6889806996163914,-1.3031616699685742,4.827300933410443,-0.5186359784357073,1.4806469710669736,-0.9333328625763668,-1.076154454494174
10.0,109.0,1000.0339965820312,-4.243978797275896,-2.9522788177424526,-1.9641090045214955,0.6893029632393652,-1.302188971135123,4.8273404866712895,-0.518621690593668,1.481131562066711,-0.933820144208558,-1.075506276987742
10.0,109.0,1000.0330200195312,-4.244158545083549,-2.952111177498232,-1.964303101505868,0.6889725881351136,-1.303050848866136,4.827690005180784,-0.5186267511278011,1.4807697460546372,-0.9332840305341872,-1.0758977063176922
10.0,109.0,1000.0336303710938,-4.244129074825428,-2.9520485848752016,-1.964099945836968,0.68916946205945,-1.3025962684426768,4.827751334676877,-0.518602341249542,1.4812341306963308,-0.9334033554847831,-1.0756454420182808
10.0,109.0,1000.0339965820312,-4.243949809244852,-2.952140361735835,-1.964302201033752,0.6890113009567376,-1.3028573550750733,4.827599655788045,-0.5184990355421428,1.4808559207131626,-0.933281429329397,-1.076053555537298
10.0,109.0,1000.0326538085938,-4.243934893008987,-2.9526541001156907,-1.964292002862127,0.6892255817300716,-1.301917986593078,4.827075917156044,-0.5186024922519596,1.4807990722112532,-0.933811956084318,-1.0756608356806625
10.0,109.0,1000.0363159179688,-4.244274996196168,-2.952244992612836,-1.9643208417440945,0.6889955184554228,-1.303173255361472,4.827634428692816,-0.5184545862171444,1.4806972511282304,-0.9332682749784028,-1.0759816577777
10.0,109.0,1000.0360717773438,-4.243972591837491,-2.9524206665903505,-1.964040454101168,0.6893649899806924,-1.3020687249113632,4.827230317222643,-0.5186265681616948,1.481000957684203,-0.9338733279540916,-1.0755867382846809
10.0,109.0,1000.0316772460938,-4.243989253620772,-2.952064256291864,-1.9643105867101205,0.6888407496643829,-1.3029063058331647,4.827672862948859,-0.5185705460810901,1.480844428921544,-0.9333409220244872,-1.075939722258796
10.0,109.0,1000.0344848632812,-4.244157808827779,-2.952278614993204,-1.9638997726984029,0.6893267709180488,-1.302416563636446,4.827440190837205,-0.5186754473479462,1.4812227514440837,-0.9339472272814238,-1.0754407116175466
10.0,109.0,1000.0327758789062,-4.243887273573063,-2.9527920173845663,-1.964478476212616,0.6893794049830131,-1.302339630462149,4.826760028375148,-0.5185543417387564,1.480633344281138,-0.9337395837733348,-1.075993063018177
10.0,109.0,1000.0335083007812,-4.244172002177804,-2.952234105489044,-1.9642643438326253,0.6891136766477155,-1.3027719478331572,4.827569363426717,-0.5185542183893794,1.4808747789249797,-0.9333654868169744,-1.075817537413231
10.0,109.0,1000.0315551757812,-4.24419790381489,-2.951963231140634,-1.9640955587542068,0.6891112509563513,-1.3027812224331292,4.827855529924351,-0.5185249701986852,1.4811288945759182,-0.9334360072245432,-1.0757321016316013
10.0,109.0,1000.0315551757812,-4.243955539284875,-2.9523428756715093,-1.9641843149017075,0.6891748374953384,-1.3022723438490784,4.82737930101446,-0.5186625977211312,1.4811016193381024,-0.933672380911826,-1.0756777560336928
10.0,109.0,1000.0330810546876,-4.244092644317244,-2.952094745137024,-1.9642416285972424,0.6890483665862988,-1.302859161577994,4.827745554153731,-0.5185468987911666,1.4809939058158053,-0.9333539870528176,-1.075897627402132
10.0,109.0,1000.0357055664062,-4.24421455482229,-2.952108217718586,-1.9641125258900365,0.689088461904551,-1.3026610097793323,4.827750204615551,-0.5185310156938101,1.481063299690982,-0.93337914274899,-1.0757147685033202
10.0,109.0,1000.0316162109376,-4.244191801509352,-2.952619954346887,-1.9642363742246576,0.6893741479032132,-1.3022529730810462,4.827123457571883,-0.5185079252448297,1.4809487397981584,-0.933772547822464,-1.075727466771102
10.0,109.0,1000.038330078125,-4.244251404947267,-2.9519732643048786,-1.964022585130465,0.689089548635426,-1.3030344383832575,4.8278679847416335,-0.5184530980488216,1.4809852582877046,-0.9333636395252533,-1.0758271161544588
10.0,109.0,1000.0357666015624,-4.243969603328147,-2.9520529816297643,-1.964352690962821,0.688833418824152,-1.3030609357470273,4.827715229949142,-0.5187575409921443,1.4808734595766246,-0.9331841519243832,-1.076038144834626
10.0,109.0,1000.0354614257812,-4.244111074371252,-2.9523426563099395,-1.96439568699863,0.6891218587569137,-1.302924814763975,4.827442997946276,-0.5184900361560931,1.4806676633140174,-0.9332869890477092,-1.076077190777243
10.0,109.0,1000.0354614257812,-4.244238453367485,-2.95215400808022,-1.9638992529850423,0.6895508825453938,-1.3024030343928366,4.827498711302344,-0.5185563637000747,1.481305835398424,-0.9338704526772644,-1.0754555245573472
10.0,109.0,1000.0341186523438,-4.243976883688378,-2.9523739321560813,-1.964378084594864,0.6890335878077476,-1.3025038366930195,4.827359876321562,-0.5186563289801729,1.4807645562145169,-0.9334931948051332,-1.0758821235268927
10.0,109.0,1000.0322875976562,-4.244285014285015,-2.9516476752229046,-1.964098902515944,0.6889292351273557,-1.3032029984035145,4.828164407447982,-0.5185243334074876,1.4810826131338466,-0.9332542025632948,-1.075724702482586
10.0,109.0,1000.0361328125,-4.244029213127495,-2.952758511273653,-1.96435893691894,0.6894269025042821,-1.3024760049927164,4.826815714808477,-0.5184460034393252,1.4805834287167583,-0.9339240267456246,-1.0759701750206316
10.0,109.0,1000.0341796875,-4.244183893981659,-2.952240863657096,-1.9643396930640469,0.6890233026045838,-1.3029836652399522,4.827539222818254,-0.5186291777486067,1.4807258810521482,-0.9334089716524252,-1.0758976829876876
10.0,109.0,1000.033935546875,-4.244464255060981,-2.9511809107422025,-1.9639256842027093,0.688717744617847,-1.3041006209482735,4.828833413813232,-0.5184805553285097,1.4813387542497072,-0.9328280488506548,-1.0759024751040775
10.0,109.0,1000.0333862304688,-4.244194038690096,-2.951956491048866,-1.964274656810698,0.6888397551833307,-1.303431787203726,4.827981481327907,-0.5185245709037662,1.4807583606797632,-0.933087757054448,-1.0761737567253986
10.0,109.0,1000.0339965820312,-4.244130263660047,-2.952500173324768,-1.964347825994284,0.6891524934204032,-1.3025187639999851,4.8272429548665095,-0.5185588264766192,1.4807301638311383,-0.9334946511730616,-1.0758743226407557
10.0,109.0,1000.0304565429688,-4.24412256544008,-2.952195751920523,-1.964235126253752,0.6890135379697142,-1.3027424844801376,4.827629524273284,-0.5185642653973925,1.4808855819682156,-0.9334897053230656,-1.0757933185711588
10.0,109.0,1000.03271484375,-4.244093094608331,-2.952791963153276,-1.964280242707448,0.6893530823131009,-1.30218779750198,4.826942965043788,-0.5185830193810679,1.4807794294429382,-0.9338302270365756,-1.075773407548215
10.0,110.0,1000.0338134765624,-4.24393538851107,-2.9528971204219774,-1.9641408979428696,0.689535895151371,-1.3016347331420897,4.826742226809749,-0.5187001645957166,1.480907001838796,-0.9341831027281042,-1.0754731748261954
10.0,110.0,1000.0343627929688,-4.244003669573919,-2.9523138838439595,-1.964291733097761,0.6890769087828241,-1.3027356991231032,4.827497003727926,-0.5185630656160809,1.4807695283330844,-0.9335033614409918,-1.075854521462718
10.0,110.0,1000.0317993164062,-4.244315799765648,-2.952372889793808,-1.9639602730645245,0.6893924828513684,-1.3024372187298794,4.827330805451982,-0.5185700619804061,1.4811938097004234,-0.933931643426865,-1.0754962521576923
10.0,110.0,1000.0365600585938,-4.244527256126988,-2.951738224959503,-1.963931449759286,0.6890545916764683,-1.3034480029949205,4.828080284034307,-0.518529619746948,1.481130527052013,-0.9334275923670684,-1.0756014471677189
10.0,110.0,1000.0346069335938,-4.244431253508653,-2.951901609825782,-1.9641384848514656,0.6890363515900964,-1.3032699051460788,4.827889207411189,-0.5185512897226126,1.4811449132967835,-0.9333365932119336,-1.075683000974879
10.0,110.0,1000.0327758789062,-4.244031050054016,-2.952080857758065,-1.9643205402485944,0.6888801220194676,-1.303006801067204,4.827752002208959,-0.5185448365342049,1.480818646976715,-0.933251358841563,-1.075982644592925
10.0,110.0,1000.0333862304688,-4.2441724309834985,-2.952445922314531,-1.9639913748836209,0.6896180919034078,-1.3017556111417554,4.82725661413318,-0.5185629550805508,1.4813087448210327,-0.9339751377867014,-1.0752867110294058
10.0,110.0,1000.0330200195312,-4.244293327921478,-2.951925004713331,-1.964067610100116,0.6891090828327782,-1.3025726585083035,4.828018110623946,-0.5185288771548171,1.481172254541142,-0.9334111886340484,-1.075537165249984
10.0,110.0,1000.0316772460938,-4.24405732353288,-2.952601911475857,-1.964023693824879,0.6895956621464769,-1.3016962484385242,4.827100878348791,-0.5185817640073305,1.4812460471872058,-0.934083931526926,-1.0753645597890138
10.0,110.0,1000.0377807617188,-4.243884148335165,-2.9526587191405724,-1.9643771948199469,0.6891497695419346,-1.302580829272039,4.827035493748028,-0.5185647067840629,1.480528135575665,-0.9335922781639656,-1.076116261799113
10.0,110.0,1000.0343627929688,-4.244234378481141,-2.9520539954866742,-1.9642832897954303,0.6890474702154323,-1.3029024855918363,4.827822334850518,-0.5184576044697122,1.480974588051227,-0.933275325549154,-1.0757982298542763
10.0,110.0,1000.0339965820312,-4.244226801443693,-2.9520693551900883,-1.964175317693756,0.6891781622547368,-1.3026952207534608,4.827722745424586,-0.5185142180000994,1.481057706540243,-0.9333920694109308,-1.0756713430892444
10.0,110.0,1000.031982421875,-4.24417954306545,-2.952236620891134,-1.9640200069200693,0.6892533120813606,-1.3021876977464042,4.827604980454485,-0.5185811135416127,1.4812953564648763,-0.933753976516269,-1.075408300422453
10.0,110.0,1000.0348510742188,-4.244092498345236,-2.9523057218625186,-1.9642428444496347,0.689268873739854,-1.3021581823072532,4.827444528949059,-0.5185477693262284,1.4809642470708884,-0.9336241240195272,-1.0755985141518876
10.0,110.0,1000.0325927734376,-4.244099838537558,-2.952137228640705,-1.9641101821917628,0.6891199890131716,-1.302444785442074,4.827631308589938,-0.5185151915885609,1.4810445828605123,-0.9335955560000188,-1.075663848159778
10.0,110.0,1000.031982421875,-4.2441885412373,-2.9522117718462524,-1.9644514724463609,0.6889824770875119,-1.3030870862378197,4.827612299057979,-0.5184165844549362,1.4806841817536558,-0.9331467381776352,-1.0761338576234545
10.0,110.0,1000.0328979492188,-4.244073464298946,-2.951957173162479,-1.964321159305706,0.6888098420106576,-1.303001278713813,4.827894807322547,-0.5185576783150578,1.480786679040924,-0.9332003161547302,-1.0759857672115407
10.0,110.0,1000.0327758789062,-4.244171968834952,-2.952315115622792,-1.9642582392838337,0.6890591013199279,-1.3029221944106983,4.827440425644031,-0.5185353803243595,1.4807867534149306,-0.9335484036033144,-1.0758887782584332
10.0,110.0,1000.0341796875,-4.2441578793296895,-2.952197973223837,-1.9641864619067075,0.6891170949175045,-1.3028798246759743,4.8275190807167565,-0.5185803389447976,1.4810321070183887,-0.9335287775148472,-1.07582618117518
10.0,110.0,1000.0299072265624,-4.2439895386823645,-2.9521628141992813,-1.9642399606045189,0.6890135428735249,-1.302634157659614,4.827579860307452,-0.5186319933452026,1.4809403844339355,-0.9335449222691752,-1.0757924713289002
10.0,110.0,1000.0303955078124,-4.24398028611054,-2.9525354102819783,-1.9641174683333955,0.6892880088368862,-1.301980921288414,4.827162142704518,-0.5186680125837952,1.4810585231696658,-0.9339342860986788,-1.0755717407947984
10.0,110.0,1000.0322875976562,-4.244387077141542,-2.951966301042137,-1.9642248939344444,0.6889510084277894,-1.3032068044563765,4.827960583060378,-0.51844984904056,1.4809361109343089,-0.9331776740209116,-1.0758737524134334
10.0,110.0,1000.0340576171876,-4.243852679749773,-2.952581059255154,-1.964248546906941,0.6893761808481926,-1.3021259921902035,4.827002978174576,-0.5186255391432413,1.4808651409997422,-0.9338526364814924,-1.0757772246644226
10.0,110.0,1000.0366821289062,-4.244030136312767,-2.9524395325240342,-1.9641861696489653,0.6893168337709268,-1.302382783602429,4.82720275003793,-0.518674379062869,1.4809334042665947,-0.9338891348091236,-1.0756061655905975
10.0,110.0,1000.0361938476562,-4.243979265603101,-2.952585511476551,-1.964421169959308,0.6891329601104115,-1.302744612697241,4.827108707959997,-0.5185970738947807,1.4805977124584349,-0.9336219849426222,-1.0760719952733
10.0,110.0,1000.0314331054688,-4.2441158818703855,-2.9522893289534946,-1.9643069737532248,0.6889335759333886,-1.3028354984546282,4.827521107352146,-0.5185871532759609,1.4807932967568649,-0.9334282640100112,-1.0758926135774454
10.0,110.0,1000.0338745117188,-4.24413684884721,-2.952018186743829,-1.964218258689943,0.6889734830200664,-1.3028017445557991,4.827828811174621,-0.5186494219094611,1.4809113964070535,-0.9334578522266056,-1.075725705504751
10.0,110.0,1000.0336303710938,-4.243762059253307,-2.952662647883074,-1.964326109674316,0.6892768685409933,-1.3022724054029895,4.826947411367497,-0.5186626643501171,1.4807983801772115,-0.9337254809949274,-1.0759612142721933
10.0,110.0,1000.03564453125,-4.243909101830607,-2.9521425956707645,-1.96439087885678,0.6889003244641314,-1.30300733764424,4.827551446654635,-0.5185498579636221,1.4806343782037992,-0.933321396134672,-1.0761128216003677
10.0,110.0,1000.0319213867188,-4.24388003500284,-2.9523334404323296,-1.964422201590448,0.6890421742603605,-1.3024783976656136,4.827437980323104,-0.518555037684016,1.4807354475462926,-0.933403065677977,-1.0759584936244964
10.0,110.0,1000.0322265625,-4.244152109409179,-2.9523110931647207,-1.9639944172964088,0.6893102418935442,-1.3023846407385338,4.827490530665925,-0.5185870507560377,1.4812296670405622,-0.933804206266914,-1.0755470489127044
10.0,110.0,1000.0338134765624,-4.244060194713678,-2.9523657768930103,-1.964104542113315,0.6893662773310787,-1.3021627588819316,4.827362833571726,-0.5185717991517702,1.4809566473400722,-0.933896483385178,-1.0754989734787297
10.0,110.0,1000.0369873046876,-4.244449243295646,-2.951540706218239,-1.964173906823068,0.6886538928288495,-1.3035438647953637,4.828457711683361,-0.5184014902832841,1.4811011194922887,-0.9329383435291732,-1.0759094227761876
10.0,110.0,1000.0328369140624,-4.2441351162251735,-2.952103567578378,-1.964125800138624,0.6890596351164504,-1.3027262519099665,4.827741106856582,-0.5185909896400513,1.4811187029237685,-0.9334289351075746,-1.0757519521783787
10.0,110.0,1000.03125,-4.244278097281271,-2.9521727275492164,-1.96414862401366,0.6891138521380658,-1.3029283286424542,4.827661259097951,-0.518513877763839,1.4809813133375496,-0.9334641900769388,-1.0757909821612066
10.0,110.0,1000.034912109375,-4.244112320297561,-2.9517991078928127,-1.9644713641410168,0.6886607627152639,-1.3037125530666276,4.827994082677096,-0.5184703218537816,1.4806465698471705,-0.9328417523427291,-1.0762874278878738
10.0,110.0,1000.0323486328124,-4.244110075326039,-2.952438443549596,-1.9644130125112995,0.6889874949398482,-1.302549887915541,4.827355663442267,-0.5185779391536052,1.4807859803913637,-0.9334191963423332,-1.075921680111085
10.0,110.0,1000.037109375,-4.24403274163962,-2.952728148817907,-1.964162557327131,0.6895826037184989,-1.3020414334597423,4.8269109709264,-0.5185920533041601,1.4810093373968414,-0.9339101328006922,-1.0757366458721629
10.0,110.0,1000.0341796875,-4.243939035984884,-2.952153080559417,-1.96435048710218,0.688876090047069,-1.3027867579125267,4.82762652759863,-0.51863469882157,1.4807258537960433,-0.9333272158581004,-1.075953949026898
10.0,110.0,1000.0339965820312,-4.244318824565494,-2.9521289382251856,-1.9640852495529777,0.6891071745640325,-1.302877293071937,4.827641503112886,-0.5185901447054855,1.4810129241723369,-0.9335906588676854,-1.0756518356290927
10.0,110.0,1000.0341796875,-4.244016354543697,-2.952230225792543,-1.964392344952829,0.6888752488279799,-1.3030461310066448,4.827585590426935,-0.5185402529350629,1.4807546566102232,-0.9333079349789566,-1.0761016962434948
10.0,110.0,1000.0350952148438,-4.244114008550811,-2.952531329228216,-1.9644233114060103,0.6891136214711189,-1.3025033872651015,4.82717242300266,-0.5185243955518573,1.4805907008453063,-0.9335991823653752,-1.075889042994949
10.0,110.0,1000.0326538085938,-4.244016862035366,-2.952528213506339,-1.9644028263201347,0.6891183087461847,-1.3026056158485466,4.827197766574496,-0.5186121124412999,1.4807030638052376,-0.9335855079380346,-1.0759867343540035
10.0,110.0,1000.0338134765624,-4.244307277118351,-2.9520841027453755,-1.9638832917367328,0.6893244435924251,-1.3023114446381174,4.827678386439656,-0.5185758593912517,1.481309843990517,-0.9338438532389874,-1.0753243796353722
10.0,110.0,1000.0335693359376,-4.244229109466707,-2.9518796136709184,-1.9641233717032025,0.6890592924272276,-1.30326530548404,4.828008821541856,-0.518463339030145,1.481094926246361,-0.9332696395896348,-1.075938556757197
10.0,110.0,1000.0326538085938,-4.244002341638705,-2.952883680879512,-1.9640902009960075,0.6895498287352773,-1.3015452155973213,4.826825286470511,-0.5187101274894204,1.481130297278411,-0.9341654483559276,-1.075428174532838
10.0,110.0,1000.0332641601562,-4.244295547854613,-2.9519049360067364,-1.9638063177193432,0.689271447053935,-1.3022605066906068,4.827924058060459,-0.5186965687726453,1.4815080354333432,-0.9337945151537496,-1.07517822832763
10.0,110.0,1000.0320434570312,-4.244138108006753,-2.9523214257147874,-1.964241168380824,0.6892000484205605,-1.3026367083570034,4.827363748084343,-0.5185628551802397,1.4809432353654677,-0.9335773886496987,-1.0757858339769315
10.0,110.0,1000.0335693359376,-4.244302459196911,-2.952093834152844,-1.963820269456737,0.6893548144630177,-1.3025816607941465,4.827632419483303,-0.5186456279529343,1.4813575204571805,-0.9339042355964632,-1.0754057276391666
10.0,110.0,1000.03125,-4.244135504684556,-2.952026182752968,-1.9642565167603745,0.688885149373478,-1.3030506939354751,4.827758079033776,-0.5185541531583286,1.4808187018143375,-0.9333533731204522,-1.0759096300227275
10.0,111.0,1000.0317993164062,-4.244021945396336,-2.952412898185141,-1.964062993979752,0.6893309365019951,-1.302097715191587,4.827329143337103,-0.5186354956563752,1.4810774909027955,-0.9338456721861794,-1.0755780478131238
10.0,111.0,1000.0341186523438,-4.244461889537506,-2.952072123420001,-1.9639738085469245,0.6892210363398741,-1.3026455188082924,4.827886415849854,-0.518466423859917,1.4812291324658062,-0.933522112440766,-1.0755386790629171
10.0,111.0,1000.0347290039062,-4.244279284669058,-2.952206225439393,-1.963894328668323,0.6891754103268868,-1.3023451681692713,4.8276606811405145,-0.5186825253444249,1.48127624529224,-0.9338429521893784,-1.0754141023645305
10.0,111.0,1000.0325317382812,-4.2438870320030215,-2.9526158393523665,-1.96450555988326,0.6891091207887197,-1.302394525569392,4.8270882264856,-0.5185503100397568,1.480633562236937,-0.9335821352259116,-1.076021875707033
10.0,111.0,1000.0316772460938,-4.244119878682487,-2.952426020442846,-1.964206703850718,0.689253761880714,-1.302208977400761,4.827387935337736,-0.5186017650592198,1.4809591768622967,-0.933676135483128,-1.0756177202676187
10.0,111.0,1000.0311889648438,-4.24405546801875,-2.9523882157838663,-1.9642223868863609,0.6892666677912356,-1.302317033627158,4.827349184567854,-0.5185602690769953,1.4809367257459731,-0.9336403250650278,-1.075765446779947
10.0,111.0,1000.0335693359376,-4.244047457801575,-2.9522752047748475,-1.9640842839352983,0.6892364841047902,-1.3024475357488274,4.827483413214896,-0.51863958235682,1.481221457516364,-0.9337402160884468,-1.0755969655705937
10.0,111.0,1000.0315551757812,-4.244104373423215,-2.952633092045477,-1.964175023515776,0.6893207026134949,-1.302151764674908,4.827077668577976,-0.5185892303592592,1.4809131239308169,-0.933971699392453,-1.0755960096259507
10.0,111.0,1000.0343017578124,-4.243865316451684,-2.952656347752733,-1.9644885608334617,0.689087104357502,-1.3024871638804445,4.827070849401238,-0.5185151716100735,1.480542337878128,-0.933504036479393,-1.0761028790965126
10.0,111.0,1000.0350341796876,-4.24394753515593,-2.952614821154664,-1.9642838144526544,0.6891981736888972,-1.3025749166966785,4.827051047484218,-0.5186171115103164,1.4807307470216742,-0.9337267993525024,-1.075902937980671
10.0,111.0,1000.033447265625,-4.244136973915865,-2.9522131595407126,-1.964068553793416,0.6891562605926049,-1.3024199741599958,4.827606512837868,-0.5186117798611907,1.4812301280935305,-0.9336465080190236,-1.0755444147594453
10.0,111.0,1000.035400390625,-4.244091039443601,-2.952613778298121,-1.9642191173775965,0.6892503393423945,-1.3023678090565531,4.827173192718435,-0.518650846318768,1.4808898193917983,-0.9338209474152546,-1.075707369592998
10.0,111.0,1000.033203125,-4.24385938706694,-2.952989156642488,-1.964303955577693,0.6894338735336785,-1.3020082329361666,4.826597281547299,-0.5186853409660239,1.4808266521095748,-0.934024775249588,-1.07582021525104
10.0,111.0,1000.0321044921876,-4.244075375948178,-2.9524544327525284,-1.9642706291250844,0.6892588575961733,-1.3023120118471958,4.8273384918742295,-0.518573351567083,1.4809504666121187,-0.9336568428152016,-1.0757245227588297
10.0,111.0,1000.031982421875,-4.24407041260245,-2.952080905824708,-1.9641446414971824,0.6890059189177054,-1.3026456635103068,4.827730225909427,-0.518572231678947,1.4810292824327504,-0.9334876645199496,-1.0757000914251167
10.0,111.0,1000.0294799804688,-4.244126221616186,-2.9523383558684,-1.964242617953708,0.6891389060385098,-1.30250001323512,4.82744652272036,-0.5185191597209631,1.4808691392245157,-0.933600717821693,-1.0757567914799142
10.0,111.0,1000.031005859375,-4.244047276835636,-2.951959985951691,-1.964349922173373,0.6888526416816152,-1.3030737697270922,4.827880900403983,-0.5185406261558771,1.4808164826927737,-0.9331753036922564,-1.0760401391310204
10.0,111.0,1000.033447265625,-4.244177727921435,-2.952097416073821,-1.964193806075472,0.6889719581723366,-1.3027762224082502,4.827753026329351,-0.5186394237919822,1.4810306719195996,-0.9335151564384656,-1.0756749309409224
10.0,111.0,1000.0313720703124,-4.244081383470194,-2.952446191543385,-1.9642268194201489,0.6892743797108212,-1.3023302618523176,4.82721733536896,-0.5185646098288261,1.4808945928205368,-0.9337609785889036,-1.0757058356929834
10.0,111.0,1000.0333251953124,-4.243913991850828,-2.9526664743385296,-1.964225120407688,0.6892447572421654,-1.301817344649194,4.827097256658604,-0.518665571244636,1.480939169887102,-0.9339133966528052,-1.0756147661601951
10.0,111.0,1000.0313110351562,-4.244368416672745,-2.9518932563305884,-1.9638677970516127,0.6891715881248404,-1.3026043075574738,4.8279808328977065,-0.5185751684486037,1.4813519924828942,-0.9336730827037892,-1.075370241677267
10.0,111.0,1000.0335693359376,-4.244295186111804,-2.9520723774640696,-1.9638539254258585,0.6891635402066543,-1.3022274051809788,4.827739164599427,-0.51877127481304,1.4814159258642103,-0.933942235990429,-1.0752211665279514
10.0,111.0,1000.0337524414062,-4.244347878020333,-2.952147739954224,-1.96411483859798,0.689093401458333,-1.30293163853265,4.827734803330687,-0.51848583978287,1.4811064416497723,-0.9334723797155728,-1.0757089993999216
10.0,111.0,1000.0327758789062,-4.24424065737813,-2.9521688100770405,-1.964118649465303,0.6891644645449464,-1.3028250146961486,4.827631624333797,-0.518526682320422,1.481047139920797,-0.933478656989525,-1.075771077408581
10.0,111.0,1000.0322875976562,-4.244093319219575,-2.952138194264749,-1.9642966652818297,0.6890025647595674,-1.3028252543496412,4.827665369130592,-0.5185775958848087,1.480785148611604,-0.9333941188330704,-1.0758936076756416
10.0,111.0,1000.0294189453124,-4.244100603859877,-2.9523423267258124,-1.9641992770831087,0.689122238488129,-1.302473585685202,4.827462359163263,-0.5185685160526781,1.480976960388226,-0.933599592133466,-1.0757488038027665
10.0,111.0,1000.03759765625,-4.243947959528583,-2.9524644632552044,-1.9643146986645856,0.6889724919968119,-1.3025460008452856,4.827244566459788,-0.5186342841016325,1.4808581453828786,-0.9336517801652492,-1.0758711516942916
10.0,111.0,1000.030029296875,-4.243960708426466,-2.952443956676781,-1.9643015275486249,0.689187532316911,-1.3023246151588763,4.827281021619948,-0.518599618720831,1.480839771932022,-0.9336742557391746,-1.0757633436928795
10.0,111.0,1000.032470703125,-4.244024390495557,-2.9521636410777163,-1.964246910430714,0.6889466938294975,-1.3025622069653906,4.827693661515943,-0.5186158328553843,1.4809553237639408,-0.9335131383078296,-1.0757402063876147
10.0,111.0,1000.0361938476562,-4.244151038842967,-2.9518497088691524,-1.9641620236338824,0.6889988766480704,-1.302951228546425,4.827991226776785,-0.5184391273004092,1.4810565891558485,-0.933317742411436,-1.0757936746489576
10.0,111.0,1000.0353393554688,-4.243768322201403,-2.952585877881772,-1.9643559738218768,0.6892611235961237,-1.3022488747377912,4.827030778026236,-0.5185679474014506,1.4808002395097697,-0.9336961045528804,-1.0759164026419494
10.0,111.0,1000.0314331054688,-4.244099712038314,-2.95218202388124,-1.963992040692992,0.6892426243203289,-1.3023450709531086,4.82758643067357,-0.5186733418108123,1.4812607372379212,-0.933711202114055,-1.075552354414258
10.0,111.0,1000.0313720703124,-4.244047765667771,-2.952474278263819,-1.964195453961464,0.6892049401954727,-1.302295528621431,4.827209641867924,-0.5186423444342063,1.48096248536263,-0.9338520596896522,-1.0756378865034684
10.0,111.0,1000.0336303710938,-4.244020665472261,-2.9524605932046684,-1.964091136589452,0.6894116152625749,-1.3020400936062035,4.827249796672611,-0.5185716539864833,1.4812117701527292,-0.9338639345876834,-1.0755248922466194
10.0,111.0,1000.0328979492188,-4.244195367690799,-2.9515155863044105,-1.96393708984693,0.6887703399466858,-1.3030798032236532,4.828426612082026,-0.5186788184511233,1.481328686896993,-0.933255160898181,-1.0755761518590283
10.0,111.0,1000.0325927734376,-4.2442445111176745,-2.952177240785843,-1.9642137928369023,0.6890811081053094,-1.302890996096659,4.8277174241686645,-0.5184743135522512,1.4809545292118012,-0.9333736992291016,-1.0758525230373994
10.0,111.0,1000.0343017578124,-4.243962932989406,-2.952335317886716,-1.964304856791012,0.6889895181073822,-1.3026366950068264,4.827444196711765,-0.5186189715425042,1.4808629531374429,-0.9334595350076852,-1.0759261314566162
10.0,111.0,1000.0308837890624,-4.244207672700561,-2.952289943493636,-1.963975807182636,0.6893959698388361,-1.3021607642641464,4.827503723327528,-0.5185918668958136,1.4812858270519635,-0.933774260776115,-1.075449346098976
10.0,111.0,1000.0330810546876,-4.244170712569365,-2.9520999637853507,-1.9640915513551784,0.6891409116191882,-1.3026886095481278,4.827768277008552,-0.5184904293516315,1.4811104346773272,-0.9335157091523012,-1.075723721140442
10.0,111.0,1000.0370483398438,-4.244125385828817,-2.952075954425331,-1.9641029705949336,0.6891894549480728,-1.302778518939121,4.827769125777998,-0.5185438507987881,1.4810915400471982,-0.9334527911326812,-1.075731304660315
10.0,111.0,1000.0348510742188,-4.244117707798439,-2.952042409539291,-1.9641551584178865,0.6890076976186883,-1.3025541585766929,4.8278406213602025,-0.5185235119079161,1.4810607407184495,-0.9334873075474786,-1.0756901832750154
10.0,111.0,1000.0350952148438,-4.244335346680272,-2.951721097640633,-1.964038963158708,0.6889046643119983,-1.3034579163013245,4.828165023087298,-0.5185578525229122,1.4811103814766522,-0.9332666793251336,-1.0757930674935716
10.0,111.0,1000.0314331054688,-4.244260489426322,-2.9517910483525087,-1.96418448694018,0.6888794130598903,-1.3033455301321215,4.828153076208176,-0.5185232404142432,1.4809494880069698,-0.9331029998728076,-1.0759652751716415
10.0,111.0,1000.0327758789062,-4.243994603841886,-2.952406271842521,-1.96433326194399,0.689172727461715,-1.3023770940973105,4.827359088419211,-0.5186076273624032,1.4808627848104718,-0.9335966324188272,-1.0758064359830852
10.0,111.0,1000.0307006835938,-4.24413338767277,-2.952598894869052,-1.964017062140489,0.6895517840731946,-1.3017015783755077,4.827170029794132,-0.5185925908971409,1.4811762678800475,-0.9340303739471628,-1.075391248746179
10.0,111.0,1000.0327758789062,-4.24423215459585,-2.952800584190119,-1.964092862059264,0.6895747401028984,-1.3019494878602145,4.8268637947607616,-0.518495361556738,1.481022882239408,-0.9341138001507678,-1.075448504143261
10.0,111.0,1000.0364379882812,-4.243984832567998,-2.952277581994433,-1.964396558794796,0.6889958642854701,-1.3025240157928044,4.827540714322851,-0.5185493446222385,1.4808934727345449,-0.9333904306971128,-1.0758544330020443
10.0,111.0,1000.03515625,-4.2442719252022,-2.9518814848049875,-1.9640178636691823,0.688907242339778,-1.303179043234421,4.828034751328094,-0.5185439582129279,1.4810486184070235,-0.9333474689271356,-1.0758193897878066
10.0,111.0,1000.0327758789062,-4.244129915089337,-2.952195453367584,-1.9643007080524704,0.6889718112906129,-1.3028845103628002,4.827526227304649,-0.5185646725068178,1.4807622143670691,-0.9334924488662928,-1.075868087696346
10.0,111.0,1000.0291137695312,-4.24415504127448,-2.9523687651126607,-1.964048371134564,0.6893233504617111,-1.3022156263781208,4.827356844065712,-0.5186266331609692,1.48112909843994,-0.9338315740055644,-1.07550052934484
10.0,112.0,1000.028076171875,-4.244166754321331,-2.952211025283612,-1.9641043729077496,0.6891927152030881,-1.3024190555149675,4.827563753360444,-0.5186032587065199,1.481107312725544,-0.933683125922987,-1.0755790324417314
10.0,112.0,1000.0316162109376,-4.244066101865942,-2.9526257120819737,-1.9641030205083592,0.6893989491438788,-1.3017868813675326,4.827152400482625,-0.5185918474751485,1.4811433963759182,-0.9339542909499928,-1.07548000348906
10.0,112.0,1000.0339965820312,-4.244110796155762,-2.9521762955931434,-1.9641907682683704,0.6890019618153183,-1.3026309615158804,4.827711032990475,-0.5185872621848775,1.4809513989046463,-0.9334840182584996,-1.075782770832384
10.0,112.0,1000.0327758789062,-4.244053111062971,-2.9522346965575745,-1.9640444202230904,0.6892621645710006,-1.3022638259093138,4.827538933027087,-0.5186354751760387,1.481110383756752,-0.9337944676681555,-1.075538969266434
10.0,112.0,1000.0316772460938,-4.243974563416147,-2.952353879311152,-1.964363591750231,0.6890455682910748,-1.302815041466074,4.827358525864936,-0.5185707245335944,1.4807457622235587,-0.9334465846859504,-1.076064962962704
10.0,112.0,1000.0316162109376,-4.244283708746061,-2.9521139543974124,-1.9640357642700776,0.6891035213297112,-1.302759046695543,4.827754528222794,-0.5186086596291686,1.4811609178344662,-0.9336108329602864,-1.0756009427332145
10.0,112.0,1000.0328369140624,-4.244113535564143,-2.952536684355307,-1.964106890861058,0.6894145298186816,-1.3022582194762728,4.827164962656006,-0.5185537764949872,1.4809935219761847,-0.9338835465545046,-1.0756554224084574
10.0,112.0,1000.0355224609376,-4.243905568288502,-2.952288256871371,-1.964522676340945,0.6888625093522158,-1.3028382791013953,4.82748571111801,-0.5185552034966552,1.480508455091872,-0.9332795187440316,-1.076162034165983
10.0,112.0,1000.0316772460938,-4.244167091783347,-2.952415046748789,-1.9639346403139253,0.6895097065930091,-1.3018427283220402,4.827401013768812,-0.518576538845636,1.4813300447603377,-0.9339950797184856,-1.0753025296211267
10.0,112.0,1000.0309448242188,-4.2440880227218205,-2.9518446973154626,-1.9642384792044945,0.6887829507476662,-1.3030395784812794,4.827996746299744,-0.5186552495121379,1.4809403303670177,-0.9332619469543016,-1.0758387634478943
10.0,112.0,1000.0321655273438,-4.244189033238481,-2.952297570280534,-1.9640672558469152,0.6893687565933959,-1.302040517307547,4.827492320164149,-0.5185648685642255,1.4811875497411409,-0.9338523670700408,-1.0753791696760668
10.0,112.0,1000.0324096679688,-4.244241629817144,-2.952093825800289,-1.963733254959372,0.6893789880676202,-1.3018476027171897,4.827755297720463,-0.5186288297605204,1.481549976687332,-0.9340285789789018,-1.0750635481352049
10.0,112.0,1000.032470703125,-4.244060367789009,-2.952255001357977,-1.9643616183482475,0.689010928924759,-1.3025326596608,4.827555499284811,-0.5185464301809608,1.4808219529272542,-0.933384707163926,-1.0758773310230092
10.0,112.0,1000.0338745117188,-4.243982547176921,-2.952710092439273,-1.9642904230390903,0.6894421964031139,-1.3018469080853063,4.826996398032193,-0.5185568690840237,1.4808739095395556,-0.933807136480178,-1.0757152694358307
10.0,112.0,1000.0318603515624,-4.244187889801626,-2.95250038905289,-1.9640391072180725,0.6893665652545655,-1.3021415555713518,4.827261014393473,-0.518579257894018,1.481102933725225,-0.9339157654312692,-1.0754835906161504
10.0,112.0,1000.033935546875,-4.244157028836071,-2.9524515555094286,-1.9641658699347624,0.6892226011299272,-1.3022031053716048,4.827483365339859,-0.5185615248954907,1.4809569955641058,-0.933727491420596,-1.0756044554055784
10.0,112.0,1000.0338134765624,-4.244194997962206,-2.9523960345492,-1.9640446745148183,0.6894111264651368,-1.3024017911959525,4.8274220801835295,-0.5185290017736124,1.4810413641489673,-0.9337379948736508,-1.0756690635702442
10.0,112.0,1000.0345458984376,-4.243937547332488,-2.95222258954771,-1.9643107755257057,0.689059174500323,-1.3025343610677451,4.827533143416826,-0.5187200527712834,1.4808658668699195,-0.9334684926398404,-1.075831367752695
10.0,112.0,1000.03173828125,-4.244319069710142,-2.952088008201943,-1.964083045786655,0.6891237372833334,-1.3027077890419685,4.827788766145032,-0.5185600159875152,1.4811082397772388,-0.9334911600840564,-1.0756160843986349
10.0,112.0,1000.0328369140624,-4.24399106882793,-2.952542690902469,-1.9641969188945696,0.6892999363392258,-1.3021250288587145,4.827208362799008,-0.5186014004561796,1.4809685243446236,-0.9337923095698112,-1.0757353093335675
10.0,112.0,1000.031005859375,-4.244188938951308,-2.9522894739669465,-1.964072725051336,0.6892735834013388,-1.302075497137496,4.827500945870431,-0.5186513660310172,1.4812432194864869,-0.9337623608010316,-1.0754100975431151
10.0,112.0,1000.0294799804688,-4.243916664286569,-2.952816340253478,-1.96439689458544,0.6893337771840926,-1.3019948889558792,4.826801698628586,-0.5185335401548734,1.480686414638468,-0.9338205615275132,-1.0758545163354527
10.0,112.0,1000.0316162109376,-4.243846670105692,-2.9526544054030666,-1.9644448133911303,0.6891632963398102,-1.302207444328479,4.8270231901413965,-0.5185638646406252,1.4806151391164235,-0.933657671563763,-1.0759378957692929
10.0,112.0,1000.031005859375,-4.244195289457931,-2.952139532974577,-1.964478178485716,0.6887797246039646,-1.3034385550645111,4.827671336189267,-0.5184894653398642,1.4806028109048306,-0.9331040540712284,-1.076228592015347
10.0,112.0,1000.0297241210938,-4.244007136358405,-2.9524046227400897,-1.9643534722475224,0.6891284475755661,-1.3026430460176504,4.827313728204917,-0.5185359560708545,1.48076256637796,-0.9335632978588536,-1.0759469501915255
10.0,112.0,1000.0330200195312,-4.244169910703436,-2.9523239640418213,-1.964023782563613,0.6892533021797771,-1.3022637718590628,4.8274412950652525,-0.5187040497956508,1.4812068577142998,-0.9338188227136924,-1.075469551375866
10.0,112.0,1000.0322875976562,-4.244157095773341,-2.9520859271380053,-1.9639879998910053,0.6891679631568426,-1.3024732079358663,4.827625074704937,-0.5185891160220972,1.481253148185524,-0.933775826794049,-1.075519506974543
10.0,112.0,1000.0327758789062,-4.244066227351345,-2.9522269240356245,-1.9640629023168208,0.6892093622117432,-1.3021711117720622,4.827503702292052,-0.5186589210055788,1.4810966692088536,-0.933781484403104,-1.0755219116732566
10.0,112.0,1000.0321655273438,-4.244171555878967,-2.952101730604764,-1.9639435279290272,0.6892989018255395,-1.3024483574830068,4.82775573534315,-0.5185861716403783,1.4811930222311194,-0.9336787761694874,-1.0755464676402804
10.0,112.0,1000.0284423828124,-4.24398695655997,-2.952935094712883,-1.96410777087544,0.6896485219680359,-1.3014340415504484,4.826675072694281,-0.5186501042331768,1.4810378497465069,-0.9342560137619076,-1.0754198147865823
10.0,112.0,1000.03125,-4.24373936232239,-2.952649529781772,-1.9643815035643315,0.6891922596146172,-1.3020842696128758,4.826972501549063,-0.5186642866630446,1.4806848354183284,-0.9337849108117916,-1.075859323162199
10.0,112.0,1000.0294799804688,-4.243932344720223,-2.9527112403131945,-1.9643480171196992,0.6893038092018147,-1.301908955540366,4.826998942972141,-0.5185565114000914,1.4807845834914275,-0.933819328894204,-1.0757285933760938
10.0,112.0,1000.0330200195312,-4.2440683496899165,-2.9523007430247548,-1.9641387082734736,0.6891301105504786,-1.3022909703923768,4.827549600584634,-0.5185873931695903,1.4810465051298918,-0.9336767597977608,-1.07562957578362
10.0,112.0,1000.029052734375,-4.244367527540644,-2.951664983434061,-1.9640269391800147,0.6889650238961114,-1.3030544513965698,4.82828859234365,-0.518537430615404,1.4812673013764537,-0.9332694287025332,-1.0756143990349163
10.0,112.0,1000.0303344726562,-4.244076245590669,-2.9523261167510686,-1.964221487937119,0.689200338683019,-1.302522196698495,4.827457185302892,-0.5185479628362719,1.4809054690338188,-0.9335760214102412,-1.0757910137516529
10.0,112.0,1000.0328369140624,-4.243978525518991,-2.9525895267638465,-1.9641034460333675,0.6894904980960774,-1.3017928628688042,4.8270675652972965,-0.5186586677521046,1.4810569874167747,-0.93398397733246,-1.075514991201112
10.0,112.0,1000.031005859375,-4.244197437264653,-2.9519827541170907,-1.9642759476920624,0.6889294194241984,-1.3030644428240752,4.827875955997856,-0.5185515245405341,1.4808788330932714,-0.933218907144731,-1.0759227420229238
10.0,112.0,1000.0350952148438,-4.244002214276789,-2.952207812176976,-1.9644034216132136,0.6890057229842341,-1.3029483681572906,4.827514811532573,-0.5184826582374544,1.4807931187162993,-0.933299994814111,-1.0760808937959525
10.0,112.0,1000.0350952148438,-4.244060177302613,-2.9520464903986032,-1.964136708951142,0.6890970895109554,-1.3025160950385746,4.827691772980472,-0.5185877818304743,1.4811762370838233,-0.9335391371017144,-1.0756828275418266
10.0,112.0,1000.028564453125,-4.244041019533799,-2.9524702099541456,-1.964202381143292,0.6892190389897408,-1.3023001620990824,4.82724878885605,-0.5186013762056803,1.4809693648766284,-0.933748748708191,-1.0756968359996495
10.0,112.0,1000.032470703125,-4.244108904311385,-2.9526187269140816,-1.964280673769484,0.6892974895463126,-1.3024990027904524,4.827088953691787,-0.5184964631936229,1.4807786662753315,-0.9336648600744706,-1.0759232969734196
10.0,112.0,1000.0323486328124,-4.244007899294924,-2.952311065372431,-1.9640604627588791,0.6892547263425328,-1.30203514178039,4.827464563301046,-0.5186394377391892,1.4811375196827568,-0.9337866407291928,-1.0754808574979902
10.0,112.0,1000.0300903320312,-4.244052122200902,-2.952437981160118,-1.9641321016159456,0.6892912169851932,-1.302080368169603,4.82729891466224,-0.5186745830918325,1.4810881388043071,-0.933818839550038,-1.0755226762555363
10.0,112.0,1000.0313110351562,-4.244292180453487,-2.952018779494265,-1.9641531337405584,0.6890507506478656,-1.3029304417098917,4.827868370410403,-0.5185413031736044,1.4809690202037302,-0.9333933159942828,-1.075766413891813
10.0,112.0,1000.0322875976562,-4.244117951045619,-2.9520954380387074,-1.964117780942712,0.6889704524513824,-1.302626864224961,4.827750696065815,-0.5186260280312309,1.481075409367337,-0.933601849781076,-1.0756345708717865
10.0,112.0,1000.031982421875,-4.244288019002462,-2.9520125946130698,-1.9638666415612391,0.6892356388666085,-1.302266072644887,4.827878888289142,-0.5186238720615508,1.4813384421443967,-0.9337101273833408,-1.0752816134269332
10.0,112.0,1000.031982421875,-4.2440997397963525,-2.951988854405835,-1.9642891086746483,0.6889039067161118,-1.3029763815281252,4.82782499728636,-0.5185168034138368,1.480798236113932,-0.9333760323919424,-1.0759093046011756
10.0,112.0,1000.0318603515624,-4.244193840254371,-2.9522262850410703,-1.9641725283164504,0.6891496229145275,-1.3025624408131575,4.82745761931265,-0.5185812609776779,1.4809398053993093,-0.9336118607504708,-1.0756684179917988
10.0,112.0,1000.0337524414062,-4.24392968499448,-2.9525230480730515,-1.9645465068796475,0.6890816953652106,-1.3027160334342067,4.827165516036565,-0.5184591225602251,1.4805479857204027,-0.9334001357809808,-1.0762019781306438
10.0,112.0,1000.0344848632812,-4.244051903233463,-2.952232366039743,-1.964160874412964,0.6892101292910962,-1.3024167142617031,4.827566613652655,-0.5185995890689945,1.4809744521920738,-0.933645733426574,-1.0756544474456002
10.0,113.0,1000.0296630859376,-4.244151301924913,-2.952191999647617,-1.9642488305533865,0.6890020976618061,-1.302721596071618,4.82763793253848,-0.5186015883844854,1.4809162177423811,-0.9334860673248312,-1.0757525076938237
10.0,113.0,1000.0326538085938,-4.244098089910039,-2.9519708800137585,-1.964391078657421,0.6888455403404681,-1.3032231782308652,4.827830147267257,-0.5184878964567279,1.480721619407733,-0.9331739609240604,-1.0760945711484586
10.0,113.0,1000.0302124023438,-4.244069206909787,-2.952795279968732,-1.96422827379393,0.6894471364536674,-1.3017818481712071,4.826887608733312,-0.5185406840386086,1.480880213463836,-0.9339969413555158,-1.075554869331973
10.0,113.0,1000.0332641601562,-4.24432786161757,-2.9522286352568448,-1.963834309663755,0.689366506914654,-1.3024366776086564,4.827519254265569,-0.5186177288807805,1.4814129922607189,-0.9339217055397118,-1.0753644575808967
10.0,113.0,1000.0320434570312,-4.243893383231174,-2.9522650632701826,-1.9643687574228368,0.688902078343868,-1.3026862128265906,4.827486963460299,-0.5186053336419914,1.480740041356202,-0.933443037306488,-1.0759513297609713
10.0,113.0,1000.0308837890624,-4.24419170995974,-2.9518937515138512,-1.9642657590349444,0.6888382866948444,-1.3031909005186373,4.827973446465784,-0.5185468648089415,1.48086284765406,-0.9331748636429262,-1.0759102334645747
10.0,113.0,1000.033447265625,-4.243994775430234,-2.952497026593216,-1.964175831575221,0.6892612440156807,-1.3022249341949728,4.827248262376831,-0.5185474094732285,1.4809593527499212,-0.9338468155807522,-1.075686030440928
10.0,113.0,1000.0293579101562,-4.244048082017466,-2.9525315666154475,-1.964261622524592,0.6892110075668247,-1.3021253006225662,4.827182692522969,-0.5186144711722145,1.4809149557615946,-0.9337756629449584,-1.0756492487659104
10.0,113.0,1000.03076171875,-4.244094934168218,-2.952081980809174,-1.9640738066790964,0.689072819752572,-1.30258266194239,4.827680535100923,-0.5186685396999087,1.4811453895572866,-0.9336091731309616,-1.0756355625695475
10.0,113.0,1000.0331420898438,-4.244114067589547,-2.952108932085136,-1.964392743287911,0.6889468720198613,-1.3029276185894694,4.827722171500753,-0.5184547691897947,1.480749655600465,-0.9332642625828632,-1.076025138920078
10.0,113.0,1000.0340576171876,-4.244175942859108,-2.952352915294978,-1.964121409694581,0.689306049977275,-1.3024437233111348,4.827357021764707,-0.5185773802602709,1.4810029218502372,-0.933791397051852,-1.0756184623231708
10.0,113.0,1000.0322875976562,-4.244003036041198,-2.952629063838497,-1.964257158718783,0.6894433931089363,-1.3021393098233771,4.827033912264941,-0.5185390238599341,1.4808691573889723,-0.9337838240764028,-1.0757693507483812
10.0,113.0,1000.0317993164062,-4.244013958962919,-2.9526764050999854,-1.9641508749065864,0.6894334973739413,-1.301864354200657,4.827033998995496,-0.5186415159303017,1.4809989881744323,-0.934022038607246,-1.0755465889364977
10.0,113.0,1000.0291137695312,-4.244190814861018,-2.952203423639667,-1.9640969192381053,0.6891479990393883,-1.3025236030573866,4.827616597727733,-0.5186198535002724,1.481111180948016,-0.9336253081018616,-1.0756078582626656
10.0,113.0,1000.030517578125,-4.244302793528043,-2.9521227705966857,-1.9639962908081952,0.6892611471050314,-1.3023124062257263,4.827741325392154,-0.5186071556755714,1.4813210276191668,-0.933667029532498,-1.075406830887999
10.0,113.0,1000.0286865234376,-4.244187421217799,-2.952308273570788,-1.964095826066376,0.6892541266553698,-1.302331547218047,4.827462133101099,-0.5185945047143221,1.4811552070864051,-0.933733168790539,-1.07557155568849
10.0,113.0,1000.0319213867188,-4.244083148303938,-2.9523953966724736,-1.9640223073357843,0.6894124721999608,-1.3020264019915926,4.827338861974141,-0.5185820752353951,1.4812203562057844,-0.9339030984442492,-1.075511146148997
10.0,113.0,1000.032470703125,-4.244087378742783,-2.9525539610612483,-1.9639995986633725,0.6893843536608131,-1.3019312435877453,4.82709920026457,-0.5187289231063321,1.4812007195232884,-0.934086635266964,-1.0753998846695685
10.0,113.0,1000.0317993164062,-4.24413274885453,-2.952195108982654,-1.9642827893686272,0.6890703856032809,-1.3029856312369144,4.8275557080871785,-0.5185523783850847,1.4808503155381034,-0.9334164452929246,-1.0759354407181587
10.0,113.0,1000.028076171875,-4.243978999189537,-2.952627425511401,-1.964323681153192,0.6893113465703093,-1.302078052686647,4.827075393127846,-0.5185502362182346,1.480862713101672,-0.933751436998718,-1.0757427615956523
10.0,113.0,1000.0346069335938,-4.2440422137711895,-2.952315974046132,-1.964015858567914,0.6892869241936674,-1.302276821491128,4.827351611042031,-0.5187227112405344,1.481232807995278,-0.9338790177775884,-1.075558243273986
10.0,113.0,1000.0299072265624,-4.244187306787626,-2.952148824885422,-1.964176739845703,0.6891036940231974,-1.3026680906857813,4.827614444203469,-0.5185471339794221,1.4809902383733426,-0.9335617625120456,-1.075687123838816
10.0,113.0,1000.0316772460938,-4.244098456528126,-2.9525028811130376,-1.9643952928491748,0.6891403451400997,-1.302478884958278,4.827245036118628,-0.5185190555018888,1.480711938589235,-0.9335065292016314,-1.0759072310813442
10.0,113.0,1000.0316162109376,-4.24407803713826,-2.9523185757281043,-1.9643726124359693,0.6890606499563914,-1.3027249442870923,4.827424465112108,-0.5185017929753206,1.4807717237992088,-0.9334715561858796,-1.0759087405279084
10.0,113.0,1000.0331420898438,-4.2441508068675,-2.9524363670565887,-1.96418480869028,0.6893143453726385,-1.3024448335801653,4.82730169062002,-0.5185483889788607,1.4808885783367902,-0.9336887354852584,-1.0757660408136922
10.0,113.0,1000.0300903320312,-4.244114179555605,-2.9523413833811483,-1.9641494047786647,0.689257814602751,-1.3024530078505747,4.827395367420364,-0.5185972717289964,1.4810280954212305,-0.933681428144828,-1.0757102840095951
10.0,113.0,1000.0328369140624,-4.244018513049185,-2.9525866048574305,-1.9641535801198995,0.6893827109774069,-1.3021565516013371,4.82710328420772,-0.5186370753315588,1.480983926003745,-0.933863106729068,-1.0756756105719751
10.0,113.0,1000.031005859375,-4.24391685736382,-2.9525623934591008,-1.964395510744763,0.6891859835094207,-1.3024316648884895,4.827159620153488,-0.5185388344662316,1.4806689569650464,-0.9335643082967406,-1.0760060974415868
10.0,113.0,1000.0335693359376,-4.244075049310043,-2.9520966100455333,-1.9643938989748893,0.6889565812208875,-1.3029397405230745,4.82773082044965,-0.5185114642950372,1.4807420023237494,-0.9331874400803156,-1.076018930006743
10.0,113.0,1000.03125,-4.243947619994234,-2.9527003269489285,-1.964365696140456,0.6892210204971647,-1.3020517395538227,4.827024781235211,-0.518641139198853,1.4807960315896,-0.9338041383917196,-1.0757433798550342
10.0,113.0,1000.0323486328124,-4.244216349374261,-2.9523223351412047,-1.9643930542880657,0.6889949411103755,-1.3030675572306634,4.827513784548035,-0.51847297469706,1.4806734684932763,-0.9333238654049998,-1.076100098406008
10.0,113.0,1000.0321655273438,-4.244037196175926,-2.952687141421767,-1.9642111534929576,0.6893564887757044,-1.3022032095170366,4.826990390944756,-0.5185762737933102,1.4808473163603066,-0.9339313856399328,-1.0757079215754883
10.0,113.0,1000.0299072265624,-4.244112216215791,-2.9523553142385843,-1.9642409007427288,0.6890943514969097,-1.302489329091637,4.827409362133237,-0.5185881482819346,1.48093691486703,-0.9336136273390548,-1.075779693821612
10.0,113.0,1000.0308837890624,-4.244109159158991,-2.9519964271420664,-1.964344881263754,0.6887833946217174,-1.303289553187569,4.827805722738527,-0.5186077892147907,1.4808034177214342,-0.933189384189678,-1.0760724504231818
10.0,113.0,1000.0328369140624,-4.244137434759983,-2.9522406873242,-1.964318267506021,0.6889074320147497,-1.3029701998033438,4.827619835396556,-0.5185898050433524,1.480795072756233,-0.9333889872889456,-1.075949788020262
10.0,113.0,1000.0292358398438,-4.2441200280898,-2.952213346612587,-1.9641798519884723,0.689134081400633,-1.3024995402053037,4.827576878042041,-0.5185585350127102,1.4810071904432522,-0.9335783097103514,-1.07567691408539
10.0,113.0,1000.0322875976562,-4.244028286633985,-2.9526085589803106,-1.964257863500004,0.6894082049761696,-1.3020998465258389,4.8270778042509495,-0.5185657279791887,1.48090459797515,-0.9337731485728976,-1.0757487227623947
10.0,113.0,1000.0308837890624,-4.244058993097238,-2.9524810110646134,-1.9641736031854853,0.6893058300947104,-1.3022653894671783,4.827240997361532,-0.5186083958325591,1.480974019785542,-0.9338090402548004,-1.0756924709517175
10.0,113.0,1000.0343627929688,-4.243908311739421,-2.9525355220441565,-1.9642383878993908,0.6891712668869046,-1.301999200610369,4.827137470032177,-0.5187011498152891,1.4809828655434405,-0.9337887066313408,-1.0756214056417384
10.0,113.0,1000.0300903320312,-4.244102704580916,-2.9524124539500565,-1.96423608334618,0.6891529217483638,-1.30250612542529,4.827298783696399,-0.5185802907286892,1.4808517670319112,-0.9336714036375467,-1.0757841387835136
10.0,113.0,1000.034423828125,-4.244072753265346,-2.9522695886762222,-1.9642521799652333,0.689118381445315,-1.3028177770693534,4.827398247728617,-0.5186147083522492,1.480880316777002,-0.9335424961580854,-1.075868323235766
10.0,113.0,1000.0306396484376,-4.244177071135097,-2.952379288317632,-1.9640901461219349,0.6894142182783201,-1.3020923312733237,4.827307947648752,-0.5185794439967388,1.48114521037148,-0.9338613684525168,-1.0754622547919617
10.0,113.0,1000.0337524414062,-4.244045143986597,-2.95227048179427,-1.964049825097645,0.6893396183268035,-1.3021938645444964,4.827448837453796,-0.5186429826244314,1.4811661188186251,-0.9338189449593964,-1.0755552695150588
10.0,113.0,1000.03076171875,-4.244128468513353,-2.9520519010385686,-1.9643294436185943,0.6888181902013901,-1.3031288245835473,4.827750253275838,-0.518493785174714,1.48079167161176,-0.9332899102694424,-1.075994176965902
10.0,113.0,1000.028564453125,-4.243970939556629,-2.95269709396734,-1.964085530557378,0.6895197130483757,-1.3016195351871174,4.826974620349274,-0.518621088827353,1.4810911937380435,-0.9340535694852274,-1.0754498200042466
10.0,113.0,1000.0306396484376,-4.243905102539939,-2.952661505251448,-1.964347258523559,0.6892917145254813,-1.3019072794821032,4.827046249785186,-0.5186157151119586,1.4808525566351207,-0.9338357775644256,-1.0757163899093527
10.0,113.0,1000.0337524414062,-4.244138721762492,-2.95274074944018,-1.964120992027229,0.6894749828302116,-1.301916081478096,4.82703006608576,-0.5185483447563568,1.48101794869058,-0.9339382236330104,-1.0755787216757966
10.0,113.0,1000.0328979492188,-4.243992214478843,-2.9524409194503134,-1.964159182259872,0.6893891452062553,-1.3019782908468145,4.827241364538855,-0.5186153104034323,1.481030052533027,-0.9338369897032432,-1.07556215309003
10.0,113.0,1000.02978515625,-4.244218647655223,-2.952226226463035,-1.9639862095998115,0.6892612367632509,-1.3022202902630058,4.827590790646537,-0.518591750065883,1.4813222514402682,-0.9338322452255224,-1.0754193416426645
10.0,113.0,1000.0330810546876,-4.2440412445880575,-2.9524711534888217,-1.964194958636694,0.6893236634772579,-1.3021782461262994,4.827188675111529,-0.5186630873256597,1.481042345588305,-0.9338177379680932,-1.075612078928358
10.0,114.0,1000.02978515625,-4.244106457112355,-2.95257143360608,-1.9641999946907167,0.689403802038818,-1.302062324552728,4.827125268610949,-0.5185490379784987,1.4810138284289476,-0.9338325121910858,-1.0756069654348637
10.0,114.0,1000.0315551757812,-4.244243379035768,-2.952288251224348,-1.9640988054674888,0.6892160246391814,-1.3024658682721406,4.827470172048544,-0.5185749897476075,1.4811499069691525,-0.9337112057791668,-1.0756008308513398
10.0,114.0,1000.0303955078124,-4.244287096833526,-2.9520452495282674,-1.964204447306016,0.6890098550477166,-1.3025981543324647,4.827848644012054,-0.5185789344010248,1.4810670360953138,-0.9334204654457254,-1.07559114660667
10.0,114.0,1000.0301513671876,-4.2440650682773455,-2.9525400489668847,-1.964194110124197,0.6893600678019718,-1.3020432107782436,4.827183351368198,-0.5185657118118723,1.4810263776300845,-0.9337745394001996,-1.075650747019139
10.0,114.0,1000.033203125,-4.243957157848842,-2.9526707653659456,-1.9643116465416863,0.6892380172290968,-1.3023198205057218,4.827056503961916,-0.5185313487578238,1.4807198723970618,-0.93376401422777,-1.075903571287971
10.0,114.0,1000.0283813476562,-4.244114395358846,-2.9524572828846294,-1.96406356342222,0.6894216579772072,-1.3017818814747848,4.827275263980024,-0.5185894630683912,1.4812216195301522,-0.9339379961926016,-1.0753810543742093
10.0,114.0,1000.028564453125,-4.244148631224902,-2.9524045137869863,-1.964186866544365,0.6892035300632529,-1.302339245550272,4.827374357188591,-0.518539146557063,1.480975790700131,-0.9337027357290556,-1.0756786248915289
10.0,114.0,1000.0302734375,-4.243966152148963,-2.952526974509758,-1.9641209197978229,0.6893606377205721,-1.3018748414909878,4.827170858869163,-0.518632641373233,1.4810651422097418,-0.9338963256468532,-1.07554134288474
10.0,114.0,1000.030517578125,-4.244106874668167,-2.952237858932216,-1.9643039116604808,0.6889850163922508,-1.3027508998789332,4.827574846505989,-0.5185471852182966,1.480845752080099,-0.9333950617006356,-1.0759188616066422
10.0,114.0,1000.03271484375,-4.24418564318349,-2.951874522645484,-1.964257128616816,0.6888040623245342,-1.3030262686367515,4.827988572156846,-0.5185358865886789,1.480938603328644,-0.9331612409332192,-1.0758635636170508
10.0,114.0,1000.0313720703124,-4.244043485541783,-2.9525263359038303,-1.96418071430329,0.6892787958725508,-1.302078383040015,4.827173936626636,-0.5186744299940464,1.481076576146708,-0.9338593210022292,-1.0755613301880231
10.0,114.0,1000.0296630859376,-4.244023331224495,-2.952461503081788,-1.9642821731622784,0.689159198373992,-1.3022584969450484,4.827216223149245,-0.5185943568731108,1.480873566927123,-0.9337711200498022,-1.07568457395439
10.0,114.0,1000.0315551757812,-4.244070168759747,-2.952310937545208,-1.9642299581307727,0.689060550828902,-1.3025956434891346,4.827428935799018,-0.5186373406633207,1.4809681756764572,-0.9336050635088275,-1.07580471212815
10.0,114.0,1000.0314331054688,-4.244251299777039,-2.952473919291698,-1.964020547530907,0.689435881650514,-1.301948469864596,4.827288258000779,-0.5186257768042601,1.481290405048541,-0.9339438475580684,-1.075326689011156
10.0,114.0,1000.02978515625,-4.244140087115753,-2.952365193135299,-1.9641222294998613,0.68923490957628,-1.3022086733577414,4.827406159546911,-0.5186415043049264,1.4811242368571182,-0.9337727579818536,-1.0755177793647095
10.0,114.0,1000.0322875976562,-4.244078279441118,-2.952293806706332,-1.964097768978872,0.6891896532302493,-1.3021223640935229,4.82753307291172,-0.5186274320654736,1.481167761278317,-0.9337705371684528,-1.0755035802308155
10.0,114.0,1000.03173828125,-4.24422197826889,-2.952491672321768,-1.964076724720523,0.689445370220283,-1.3019268646798174,4.827296147771401,-0.5185741175568301,1.4811060357263814,-0.9339477573970544,-1.075393707890309
10.0,114.0,1000.031494140625,-4.244135646910915,-2.9523777596301763,-1.964320173282752,0.6891556870166538,-1.3027984773769772,4.827376463533346,-0.5185098311972443,1.4808717590185676,-0.933467198480896,-1.075942231992324
10.0,114.0,1000.0293579101562,-4.244115604583604,-2.9521930524968414,-1.9641705207483264,0.689150116338979,-1.302602105872494,4.8276074085907865,-0.5185476771217177,1.4810636553692331,-0.9335327548743386,-1.0757355294102124
10.0,114.0,1000.0296630859376,-4.244350141182429,-2.951801113036662,-1.964046406306959,0.6889697038235489,-1.3030472491575438,4.828113447314021,-0.5185764628855551,1.4811815438302922,-0.9333306670183896,-1.0756525118577018
10.0,114.0,1000.0316772460938,-4.24421389747643,-2.9524275180719664,-1.9641112701348389,0.6893873096893604,-1.3021967028793693,4.827288322287609,-0.5185471159676496,1.4811090552402888,-0.933818751472992,-1.0755203293872628
10.0,114.0,1000.032470703125,-4.243906126183805,-2.9525938242802017,-1.9644008754615296,0.6891346725139904,-1.302221707005351,4.827171700849496,-0.5185657907591894,1.4807025472644335,-0.9336264609169308,-1.075870579332185
10.0,114.0,1000.0311889648438,-4.244029973896677,-2.952218044652963,-1.9643194666751176,0.6889892465798972,-1.3027630705115405,4.827544479039489,-0.5185643127720025,1.4808962802512484,-0.9334153910976788,-1.0759192895810106
10.0,114.0,1000.030517578125,-4.244232467497112,-2.952165568882376,-1.964156983453317,0.6890785569589468,-1.3026877955758942,4.827623497025209,-0.5185842958922704,1.481039481719332,-0.9335306771525458,-1.0757223159506433
10.0,114.0,1000.03125,-4.244247741805842,-2.95233196910821,-1.96401143362198,0.6893447167442268,-1.30205192709351,4.827458648270641,-0.5186112671898018,1.4813525487465515,-0.9338674460624964,-1.0753423303772145
10.0,114.0,1000.0296020507812,-4.244064577215973,-2.952353748701265,-1.964242872388468,0.6891206416032158,-1.302516395407177,4.827404879655068,-0.518571572670349,1.4809136186135845,-0.9335569845250662,-1.075819845746202
10.0,114.0,1000.031982421875,-4.244203468011417,-2.9519624959507307,-1.9642502533507968,0.6888402460532292,-1.3031244082414863,4.827932453422321,-0.518572715385127,1.4809133429269972,-0.9331937816254195,-1.075905521354656
10.0,114.0,1000.0300903320312,-4.244058857473874,-2.95255252836424,-1.964123050113598,0.6893552749523941,-1.3020833089994517,4.827144099625139,-0.518594055412172,1.4810094536955232,-0.9338925770844276,-1.075594761105254
10.0,114.0,1000.0296020507812,-4.244075469041398,-2.952753705644412,-1.964258766242109,0.6894283844215501,-1.301977286021914,4.826941279067402,-0.5185528209163612,1.4808836418951756,-0.9338863343228504,-1.075691890589547
10.0,114.0,1000.0315551757812,-4.244112170707489,-2.952382429065878,-1.9641984691930217,0.6891999396308304,-1.3022923422997854,4.827315739461715,-0.5186218344259563,1.4809743790489645,-0.9337667744316428,-1.0756617355215212
10.0,114.0,1000.031494140625,-4.2441366093131005,-2.9524593735743374,-1.9641897749112096,0.6892248701405999,-1.302195994565846,4.827330384830885,-0.5186117965764145,1.4810386437662617,-0.933759751174578,-1.075596820715849
10.0,114.0,1000.0279541015624,-4.244021432209706,-2.952852307495177,-1.9641484586685936,0.6895528752373545,-1.3014588613386358,4.826812445673168,-0.5186277442986054,1.4810685012443423,-0.9341612797438668,-1.0753645024886307
10.0,114.0,1000.0307006835938,-4.244163857879521,-2.9522868708368573,-1.9641186257152663,0.6891862010317729,-1.3024523772445034,4.827447238019211,-0.5185666909546756,1.4810648250132443,-0.9336870448397274,-1.0756154276578749
10.0,114.0,1000.031494140625,-4.244101648008246,-2.952438592630614,-1.964221709798868,0.6892720977833342,-1.3022047090761977,4.827307245774048,-0.5185488029889376,1.4809895447765182,-0.9336727264592596,-1.075627565613504
10.0,114.0,1000.03076171875,-4.244038086308322,-2.952104771207828,-1.9641787193758928,0.6890210065338307,-1.3025374666177902,4.827678709990359,-0.5186557479391318,1.4810770190178149,-0.9335459523810616,-1.075649993512207
10.0,114.0,1000.03076171875,-4.244177642249672,-2.952293843588848,-1.9639840155378097,0.6893881973401941,-1.302124355810479,4.827486420402828,-0.5186030291700581,1.4813049798057465,-0.9339179319664676,-1.075394331442948
10.0,114.0,1000.0293579101562,-4.244120027314255,-2.952348627854708,-1.964130718051051,0.6892578713016686,-1.3021788873339957,4.827441486325309,-0.5185640240877571,1.48107751344636,-0.9337088103503612,-1.0755794491472883
10.0,114.0,1000.0289916992188,-4.244071373072378,-2.952654162653388,-1.9640779813718496,0.6894913923383248,-1.3016630864867205,4.827013965734583,-0.5186234616207654,1.4811809924315682,-0.9340477830374184,-1.0754077429391755
10.0,114.0,1000.030029296875,-4.244121681190721,-2.9522612532969226,-1.9641928428353408,0.6891182241161022,-1.302525471896558,4.827505600975558,-0.5185938770464249,1.4809212846103603,-0.9336150082346526,-1.0757025836973688
10.0,114.0,1000.0299682617188,-4.244115731568187,-2.952394606680964,-1.9642023680812244,0.6891379910904671,-1.3023015190927278,4.827362859947417,-0.5186145040754067,1.4809899274628524,-0.933747802138357,-1.075607898793031
10.0,114.0,1000.0302734375,-4.244136250044717,-2.9523254811450457,-1.964220157380212,0.6891208426437245,-1.302629349670212,4.827466476995811,-0.5186023838234615,1.4809219816556831,-0.9336263593357774,-1.075771119239584
10.0,114.0,1000.0323486328124,-4.24420716950834,-2.952364890801673,-1.964127895196095,0.6892207648954631,-1.3023216773997803,4.82746727238894,-0.5185872812485339,1.481013607607772,-0.9336714462636752,-1.0756127828289848
10.0,114.0,1000.030029296875,-4.244146970101708,-2.952494928944299,-1.9643128152643856,0.6891681756743271,-1.302435563720723,4.8273009793993324,-0.5185516256738918,1.480818399242989,-0.9335921099254144,-1.075804273238404
10.0,114.0,1000.0313110351562,-4.244135114226519,-2.952455076625076,-1.9641425978667133,0.6893033255838557,-1.302061663321819,4.827296047436441,-0.5185910690112676,1.481151903748568,-0.9337779744880316,-1.0755416697851423
10.0,114.0,1000.0297241210938,-4.244174346589818,-2.952354876249633,-1.9640771059619235,0.6892912850621773,-1.3020988867020873,4.827424330387402,-0.5185897293432689,1.4811473290908292,-0.9337778890818688,-1.0754636349809998
10.0,114.0,1000.0284423828124,-4.244110922866378,-2.9524430956132703,-1.964044959072564,0.6893836129327529,-1.301854132817942,4.827317649186449,-0.5186156052969366,1.4811664944549596,-0.9339103415231538,-1.0754344032217138
10.0,114.0,1000.0304565429688,-4.244076220409246,-2.952228937420732,-1.9642624458011864,0.6891213433372156,-1.30263949041677,4.827555884751575,-0.5185228718268995,1.48088966870504,-0.933438387767934,-1.0758765291995278
10.0,114.0,1000.0296630859376,-4.244140480610227,-2.952654052959183,-1.9639932318842108,0.6896262856565496,-1.3015608289338476,4.8270088389372905,-0.5185901101525499,1.4812336968024296,-0.9341629619391494,-1.0753024200505608
10.0,114.0,1000.0277709960938,-4.244132100577772,-2.9524552378486533,-1.9641271027981184,0.6893489830902322,-1.3020621020945105,4.827263623826521,-0.5185590773702273,1.481050072783917,-0.9338794571339708,-1.0755303934134934
10.0,114.0,1000.030517578125,-4.244072944820749,-2.952586445282397,-1.964196197729856,0.6893340717891707,-1.302072240709613,4.827132605055397,-0.5186052110526838,1.4809903463888263,-0.9338523689881182,-1.075583003118985
10.0,115.0,1000.0318603515624,-4.24412067565919,-2.952441300550392,-1.964173663046048,0.6892150436430811,-1.302296287307973,4.827363649816537,-0.5185432123664189,1.480971815335125,-0.933666633463246,-1.075731257832484
10.0,115.0,1000.0296020507812,-4.244092264953954,-2.952348146563509,-1.963986630457676,0.6892825374307812,-1.302052837549728,4.827421954612195,-0.5186494402745403,1.4812113731040677,-0.9339178618620352,-1.075435216145337
10.0,115.0,1000.02978515625,-4.244258471701415,-2.952176803432053,-1.9640225895043253,0.6892992634030115,-1.302158662914839,4.827635236251632,-0.5185901761523564,1.48123808489704,-0.9337950131355156,-1.0753843994313983
10.0,115.0,1000.030517578125,-4.243896294888338,-2.952862392187816,-1.9643221297868192,0.68939235372914,-1.3016039165219064,4.8267739476714,-0.5185887349965785,1.4808344646616582,-0.9339644844759124,-1.0756265939837553
10.0,115.0,1000.0285034179688,-4.244197713194822,-2.9521573455859755,-1.9642245530558124,0.6890927517118808,-1.3027843366884575,4.827643682073783,-0.5184959415959849,1.4809428201009291,-0.9334466413175084,-1.075838447887321
10.0,115.0,1000.0333862304688,-4.244054336985212,-2.952959225097964,-1.9641804452243103,0.6897051336647708,-1.3014135935350477,4.826643709854993,-0.5185583175841133,1.4809445789933786,-0.9342421448249764,-1.0754128990673033
10.0,115.0,1000.0296630859376,-4.244088518922884,-2.952501582764213,-1.964077122986816,0.6893161831025765,-1.3019235267176188,4.827231919872725,-0.5186785738957269,1.4811534230472825,-0.9339515893270942,-1.0754599608824646
10.0,115.0,1000.0322265625,-4.244019738597716,-2.952770114504007,-1.9642169701950165,0.6894296096936738,-1.301620980689544,4.826846434647731,-0.5186043728355259,1.4810109395991855,-0.9340520758950897,-1.0755034356633746
10.0,115.0,1000.0303344726562,-4.244198032169999,-2.9521570377673885,-1.9641523849295184,0.6891275038630962,-1.302506565886072,4.827677955922818,-0.5185940854164919,1.4811156172875126,-0.9336019664281476,-1.075585490592585
10.0,115.0,1000.0335083007812,-4.2441356806547805,-2.9525239198548183,-1.9640438036838743,0.6894441684114829,-1.3016905173932811,4.827247061578213,-0.5185358760397296,1.4812721309276045,-0.933948879315655,-1.0753920110408144
10.0,115.0,1000.0320434570312,-4.244390847360124,-2.952132680268113,-1.9639890595438283,0.6893032787066637,-1.302284472623925,4.827736107971708,-0.5184667548599258,1.481302427910168,-0.9336966578008568,-1.0753895421100514
10.0,115.0,1000.03369140625,-4.244350499083791,-2.9521656226583413,-1.9638527477947472,0.689385975917757,-1.3023445315414648,4.82761919714474,-0.5185669948263341,1.4813719342737484,-0.9338402602989646,-1.0753485884066278
10.0,115.0,1000.031494140625,-4.243951269458744,-2.953048722491277,-1.9642504886363672,0.6895892525939482,-1.3015415574817109,4.826592081268816,-0.5185974320460867,1.4809112312535042,-0.9341200887341836,-1.0755988126161906
10.0,115.0,1000.029541015625,-4.244066773544599,-2.952446827437581,-1.964126398975325,0.6893266808066176,-1.3020090552284795,4.827234403135956,-0.5186008627961867,1.481053452581777,-0.9338624613543756,-1.0755164567268634
10.0,115.0,1000.0291748046876,-4.244032877749508,-2.952683462975853,-1.964153373380708,0.6895228287510902,-1.3017467204400384,4.826956772947513,-0.5185305762326919,1.4810565715474722,-0.9340344049020848,-1.0755103672116697
10.0,115.0,1000.0327758789062,-4.243951174335225,-2.952759332303025,-1.964287788861622,0.68931449466616,-1.3016893542963488,4.826892736175029,-0.5186566061599045,1.480934523237666,-0.9340129538133244,-1.0755237715147126
10.0,115.0,1000.031982421875,-4.244046399225372,-2.952427945558177,-1.9641796779023912,0.6892085010885722,-1.3023330840017362,4.8273151365872575,-0.5186143200803146,1.4809821848056224,-0.9337483916406804,-1.0756346685798448
10.0,115.0,1000.0297241210938,-4.244203460051228,-2.952316262837711,-1.9642053799352663,0.6892060029083389,-1.302434175692746,4.827458681101282,-0.518534513117265,1.480935708812768,-0.9336217287979408,-1.0756871621924042
10.0,115.0,1000.030029296875,-4.244050866257635,-2.9521206978711425,-1.9643417564538657,0.6889117919414325,-1.3028653925359994,4.827651053596572,-0.5185146999695593,1.4807900185860363,-0.933335156445458,-1.0759428185039095
10.0,115.0,1000.029541015625,-4.243993486303522,-2.952597915577528,-1.964307056431725,0.6892363597401747,-1.30229905200592,4.827079268708788,-0.5185382566954786,1.4807954131243033,-0.93376407102366,-1.0758386004022251
10.0,115.0,1000.0282592773438,-4.244110421668694,-2.9526453657052607,-1.96414005140734,0.6893848565121408,-1.3018562970744778,4.827045827638075,-0.518587721675817,1.4810139221984642,-0.93399724617794,-1.0754938274094972
10.0,115.0,1000.0306396484376,-4.244192265605275,-2.952490063733221,-1.9640563280822425,0.6893243571031107,-1.3019674922778883,4.827262477677333,-0.5186315787343174,1.4811895487248048,-0.9339025604684306,-1.0754342138454485
10.0,115.0,1000.029296875,-4.244207182679393,-2.9522750938582614,-1.964127678457939,0.6892249173210345,-1.3023542528032293,4.827532854778131,-0.5185230153520628,1.4810626048786515,-0.9336830421884948,-1.07561473545121
10.0,115.0,1000.0303344726562,-4.244098300629498,-2.952364649192744,-1.9641656801568723,0.6892648339742733,-1.3022186375560405,4.827447437019792,-0.5185524394850667,1.4810297614842105,-0.9336902760809034,-1.0756485656653618
10.0,115.0,1000.03125,-4.244098128607307,-2.952363961215286,-1.964079954963268,0.6893208523414707,-1.3020355421480252,4.827436394390208,-0.5186357071138676,1.481139095554895,-0.9338311473419108,-1.07549918080879
10.0,115.0,1000.0335693359376,-4.24420862702847,-2.9525645936982743,-1.964209618862972,0.689306763602378,-1.302224115831251,4.827180103892392,-0.5186179345245279,1.480971432448376,-0.933799628916426,-1.075618558995994
10.0,115.0,1000.033447265625,-4.243964622897408,-2.952492379933295,-1.964248416621469,0.6891910312899432,-1.3020218913264752,4.827314261666626,-0.5185829536361526,1.480921693073248,-0.9337576511851822,-1.0756373692577004
10.0,115.0,1000.0302734375,-4.244139015131077,-2.952498823675018,-1.9641121938972987,0.689418068134156,-1.301841843569758,4.827217568763384,-0.5185834845275279,1.4811477400764526,-0.9338634392455968,-1.075442481170353
10.0,115.0,1000.0313110351562,-4.244174646181312,-2.9523487920536207,-1.9641998622114096,0.689137319416318,-1.3025804002308687,4.827355501114695,-0.5185313916362277,1.4809025773162388,-0.9336928046022236,-1.0757231498209157
10.0,115.0,1000.0299072265624,-4.244119061685852,-2.952624806902506,-1.9640202274251133,0.689585667571806,-1.301561267240443,4.827097062835438,-0.5185811020903843,1.4812041444368995,-0.9340991598810362,-1.0753476726602793
10.0,115.0,1000.0306396484376,-4.244170079358441,-2.952352846154078,-1.9642046066675165,0.6891754446763274,-1.3024577461483884,4.827364855942676,-0.518568654375958,1.4809171089793436,-0.9337325797039168,-1.075670572474113
10.0,115.0,1000.0336303710938,-4.244355432091682,-2.9523529884244586,-1.9640109889981563,0.6893581513117049,-1.302146557293748,4.827410626405237,-0.5185337876655529,1.481216347782544,-0.9338666004319256,-1.075423867803564
10.0,115.0,1000.0328369140624,-4.244034672810296,-2.952225225901774,-1.9641002594491368,0.6891307048584565,-1.3023176548444133,4.8275958326721415,-0.5186501195584565,1.4811335762810751,-0.933652093195656,-1.0756313974549374
10.0,115.0,1000.0313720703124,-4.244115750409383,-2.9523605590145348,-1.9641756032681013,0.6891424326411748,-1.3024100237902174,4.827393800840774,-0.5186248962842583,1.4810309060376214,-0.9337165112484396,-1.075617891594284
10.0,115.0,1000.0310668945312,-4.244294238480848,-2.9524220146058795,-1.964109691181939,0.6893257285422694,-1.302107516112124,4.827402856842792,-0.5184886072089636,1.4810999890758616,-0.9337988133723316,-1.0754771206989062
10.0,115.0,1000.0364990234376,-4.243942513389683,-2.9522551510482016,-1.96442843237406,0.6889006421232544,-1.303070571357963,4.827534439349552,-0.5185536222252853,1.480568385634874,-0.933298076627148,-1.07613264237723
10.0,115.0,1000.0335083007812,-4.244210173252957,-2.952572323971888,-1.9639610486293044,0.689451119597182,-1.30183585013453,4.827210797764689,-0.5185965191914548,1.481309470693546,-0.9340515736338482,-1.07535501081508
10.0,115.0,1000.0314331054688,-4.24422365207392,-2.952540509534153,-1.9641209467817733,0.6894408324574686,-1.3020155218241132,4.827223442655628,-0.518545267156755,1.4811079343780529,-0.9338406759757047,-1.0755012790962477
10.0,115.0,1000.0304565429688,-4.244122812063146,-2.9523481509049314,-1.9640836053479007,0.6893442898530289,-1.302046456919958,4.827355411522859,-0.5185800911754139,1.4811168256858496,-0.933815271619446,-1.0754815010608727
10.0,115.0,1000.0303344726562,-4.244022767257986,-2.952509423232387,-1.964322178091093,0.6891014658220795,-1.302575853600782,4.827231367948578,-0.5185563318828619,1.4807160949879217,-0.933593086692607,-1.0759165190208568
10.0,115.0,1000.0346069335938,-4.2441026351581455,-2.952305870611733,-1.964145916845836,0.689152627871497,-1.3025311042004866,4.827474651196063,-0.5186886117080487,1.4810430328366009,-0.9336536718780816,-1.0756634328094838
10.0,115.0,1000.0299072265624,-4.244109293334051,-2.952414456993228,-1.9639754988606064,0.6893392922772534,-1.301861997437836,4.827365967184488,-0.5187031964758644,1.4813009557493135,-0.9340164058494996,-1.0753020411399277
10.0,115.0,1000.0330810546876,-4.244074637712129,-2.9522302664756204,-1.9641517228256016,0.6892012188196688,-1.3021971037781652,4.827556602764805,-0.5185946232469609,1.4810899424523851,-0.9336343664964968,-1.0755207555278394
10.0,115.0,1000.0299682617188,-4.243912349481063,-2.95273189464593,-1.964219370138819,0.6893894742805884,-1.3017197549279622,4.826971449591802,-0.5186198580944295,1.4809336362553935,-0.9339906101173412,-1.0756048867688808
10.0,115.0,1000.0308227539062,-4.243828926073388,-2.9530780155990306,-1.964252498458377,0.6896348822556275,-1.3012491926400784,4.82646036395151,-0.5186076695639397,1.4808944641195412,-0.934229466533969,-1.0755335446612508
10.0,115.0,1000.03125,-4.244132632443561,-2.9524521765500915,-1.964155366106428,0.6893102599615393,-1.302315919609442,4.827290941114208,-0.518592374401667,1.481067644352528,-0.9337610246824894,-1.0756384594804915
10.0,115.0,1000.0293579101562,-4.243842071264327,-2.952757291411456,-1.9643675898091584,0.6892895697758581,-1.301970346367325,4.826882341587615,-0.5185907175966173,1.480732298549487,-0.933864347605816,-1.0757828099606923
10.0,115.0,1000.0282592773438,-4.2442403598468506,-2.952103020532165,-1.9639576821902465,0.6891820173877683,-1.3022957492280645,4.827688776379386,-0.5186300397582091,1.4812620968836034,-0.9337721744084116,-1.075393553992268
10.0,115.0,1000.0327758789062,-4.243921582136895,-2.952839655323157,-1.964529462145011,0.6891672235384396,-1.3023914271680868,4.826827127442483,-0.5185233292612459,1.480470048751811,-0.9336259969037232,-1.076117278712684
10.0,115.0,1000.0323486328124,-4.244008008963151,-2.9527358967308897,-1.9642378010310235,0.6893979471712974,-1.3019217901738465,4.82699683928759,-0.5186067327236792,1.4809229425315786,-0.93387547349388,-1.0756870188405392
10.0,116.0,1000.0277709960938,-4.244025937098174,-2.9526017101801467,-1.96414641913854,0.6894319304044263,-1.301649704898324,4.827108168694247,-0.5186106910491075,1.4811112692214028,-0.9339695699749112,-1.0754157782051936
10.0,116.0,1000.032470703125,-4.244003493682611,-2.952777464683249,-1.964275328017646,0.6893090317202057,-1.3019923923403725,4.826858551143875,-0.5185788707639185,1.4807723029897613,-0.9340043171189576,-1.075671478624848
10.0,116.0,1000.0316772460938,-4.244133900517668,-2.952552953309997,-1.9639747853294407,0.6894482359561982,-1.3017475579630835,4.827160278394752,-0.5187077327993093,1.4812830693545065,-0.934142533920194,-1.0752397753064802
10.0,116.0,1000.0315551757812,-4.24401454706581,-2.952435983945597,-1.9642045200412857,0.6892331511154124,-1.3023671963779493,4.827289502847522,-0.5185539904708403,1.4809113550566515,-0.9336837168089502,-1.0758221867498512
10.0,116.0,1000.03662109375,-4.244217394791946,-2.95246703326994,-1.963837885687969,0.6895216478279256,-1.3017043627615434,4.827250729632745,-0.5186803870428109,1.4813009996852342,-0.9341689704456968,-1.075204570707116
10.0,116.0,1000.0326538085938,-4.24413535839005,-2.9521924726747955,-1.964306765813269,0.6890377717157694,-1.3025980760972038,4.827647223180341,-0.5184439711647979,1.4808682812830494,-0.9334081405322454,-1.0758406556222608
10.0,116.0,1000.029296875,-4.244010108660499,-2.952423342579154,-1.964143628102473,0.6892332240664079,-1.3020265361474563,4.827297125326794,-0.5186213925305445,1.4810670010424791,-0.9338074700030924,-1.0755767850093885
10.0,116.0,1000.0296630859376,-4.244041367997162,-2.9525417188931184,-1.9642691098095524,0.689174337700516,-1.302224663828083,4.827169460774526,-0.5186178973204933,1.4808446402890685,-0.9337609430609256,-1.0757237338221088
10.0,116.0,1000.0299682617188,-4.244067289669928,-2.9526510532499795,-1.9642852752031104,0.6892901678100518,-1.3021383484147204,4.827007990717128,-0.5185673568911495,1.480836518432338,-0.9338613431046064,-1.0757236438684616
10.0,116.0,1000.0302734375,-4.244092591963277,-2.9525321314300546,-1.963936004655387,0.6895283746135057,-1.3014603466325343,4.827154780216436,-0.518690034035969,1.4813647577642612,-0.9342506914845332,-1.075112684512986
10.0,116.0,1000.03076171875,-4.244271642025606,-2.9520874041067744,-1.9641054208139308,0.6890593004056065,-1.3028607035593476,4.827719280718389,-0.5185430495277936,1.4810293038722495,-0.9335013038226982,-1.075737485719408
10.0,116.0,1000.0306396484376,-4.244220388979181,-2.952506801230493,-1.9641304035094056,0.6893686523395202,-1.30192865567549,4.82729731450487,-0.5185624990101063,1.4810719727113515,-0.9338440821832376,-1.075456193446236
10.0,116.0,1000.0301513671876,-4.243984061531656,-2.952664763796544,-1.9641948470300024,0.6894297151029738,-1.3015788519599574,4.82703945586049,-0.5185801467299411,1.4809989319323211,-0.9339766854649438,-1.0754560386805951
10.0,116.0,1000.0333862304688,-4.244025981274914,-2.952343435991448,-1.9641342986846952,0.6892165319889498,-1.302019782435066,4.827421680661244,-0.5186046262784858,1.4810636505024917,-0.9337440735366388,-1.0755826384758451
10.0,116.0,1000.0291137695312,-4.24416057099469,-2.9525506106430788,-1.9642607893122035,0.6892938933675117,-1.3022675670367336,4.827221450548734,-0.5185225255926076,1.480927974310637,-0.9337138520013282,-1.0756850573288683
10.0,116.0,1000.0335693359376,-4.24433561991575,-2.952132487486032,-1.964049948367954,0.689159746078575,-1.3026336381481016,4.8277128234290245,-0.5185446401146141,1.481097627650585,-0.9336870958417922,-1.0755868594765603
10.0,116.0,1000.0301513671876,-4.244153089992987,-2.9524429113074206,-1.9641067160870007,0.6893699924558252,-1.3019416717271786,4.827341808148963,-0.518618226843957,1.4811776143140696,-0.9338215781030516,-1.07545498981557
10.0,116.0,1000.030029296875,-4.244039352494477,-2.9522642644722783,-1.9641877647544816,0.6891251785862149,-1.3022903773648564,4.827478728527938,-0.5185996570665825,1.481046905470519,-0.933711678954266,-1.0756325087396967
10.0,116.0,1000.02880859375,-4.244135591318825,-2.9524372473841938,-1.96407624143602,0.6893233672786794,-1.302100017158839,4.827274295941164,-0.5186067821828058,1.4811251373955567,-0.9338806162312032,-1.075537676057425
10.0,116.0,1000.0359497070312,-4.243970860167935,-2.952245900192753,-1.964429977803,0.6888231446791337,-1.3029807450572817,4.827478439994927,-0.5185564266301155,1.4807412253085823,-0.9333221409998842,-1.076077801162389
10.0,116.0,1000.0293579101562,-4.244256860362906,-2.9519116311579974,-1.9640275223814048,0.6890631022909677,-1.302775753117854,4.827967468417873,-0.5186073323584042,1.4812095179548894,-0.9335098301993536,-1.0755565717392108
10.0,116.0,1000.0343627929688,-4.244100762125734,-2.952430359289025,-1.9643562284123668,0.6891882768268909,-1.3025203433606896,4.827364486318237,-0.5184384406971692,1.4807192262125666,-0.9335537149239944,-1.0759445762949666
10.0,116.0,1000.0313720703124,-4.244346483886544,-2.9521136373638948,-1.963890052286053,0.6892636013889373,-1.302362569219932,4.827757345197858,-0.5186297907485669,1.4813660396742891,-0.9337685032465952,-1.0753425431973982
10.0,116.0,1000.031494140625,-4.244427569717411,-2.952124404160582,-1.9639378280978503,0.6891994143107176,-1.302475629267255,4.827706457452802,-0.518606269025673,1.4812668219170677,-0.9338018280044472,-1.0753330495424205
10.0,116.0,1000.03173828125,-4.2441321015910605,-2.9521899162997296,-1.96412191387114,0.6892008791460267,-1.3026597957708712,4.827541309570785,-0.5185155504740129,1.480990850847821,-0.9336437358647336,-1.0757598033265103
10.0,116.0,1000.0299682617188,-4.24421204765842,-2.951903476124236,-1.964045746749652,0.688992275786199,-1.302815239534059,4.827907923149358,-0.5186029948370887,1.4811052498152506,-0.9334746241553208,-1.0756009834135916
10.0,116.0,1000.0311889648438,-4.244083740625108,-2.952553459309573,-1.9640771624232904,0.6894952036883284,-1.301700073115481,4.827174294041175,-0.5185230817532371,1.481133301892557,-0.93398952055243,-1.0754483550105398
10.0,116.0,1000.0314331054688,-4.24421183733364,-2.952016545315144,-1.963959718367312,0.6891437818883439,-1.302220555120139,4.827814597675882,-0.5185602462256913,1.481252108616137,-0.9337520229124444,-1.075348082571772
10.0,116.0,1000.0313720703124,-4.244213776229053,-2.9520441748936364,-1.964191115134064,0.6890485329157245,-1.3027745822086576,4.8277727604284255,-0.5184973135395712,1.4810096329800837,-0.9334387782874938,-1.075773840742233
10.0,116.0,1000.031982421875,-4.24416068863207,-2.9528357387886346,-1.9639249563777577,0.6898317431610392,-1.301261087262887,4.826821452550652,-0.5186057437380747,1.481327857930422,-0.9343631319319856,-1.075140393611301
10.0,116.0,1000.030517578125,-4.243927727041617,-2.9524787712931952,-1.9640545483515848,0.6893778221118456,-1.3017149271397028,4.827152052151629,-0.518673070151924,1.4811515423120456,-0.9340408916771574,-1.0754121087036683
10.0,116.0,1000.034423828125,-4.244021004112324,-2.952631136853959,-1.964264409132544,0.6893003036614704,-1.3018194684219244,4.827000973493114,-0.5186048654420876,1.4808791599767304,-0.9339220677912136,-1.0755332335503978
10.0,116.0,1000.0322875976562,-4.244180861648953,-2.952434641476243,-1.9641814780751248,0.6893267611051099,-1.3021937666389594,4.827361360589856,-0.5184872205200843,1.4810053960513283,-0.933760433570802,-1.0756176865581724
10.0,116.0,1000.0315551757812,-4.244043432434918,-2.9528161290231343,-1.964274741151884,0.6894286535910341,-1.3018023645552086,4.826837455774204,-0.5185474571208983,1.4807755236807028,-0.9340139650199202,-1.0756272509059088
10.0,116.0,1000.035400390625,-4.244173475877805,-2.952923137416575,-1.9641897759773497,0.6894810534387554,-1.3015592832564675,4.826797483796774,-0.5185687509635857,1.4808908789024713,-0.9341798254237066,-1.075429712710516
10.0,116.0,1000.033203125,-4.244121375573464,-2.9522795573262344,-1.9644327194159048,0.6889945453045678,-1.3027359145354396,4.827463425754029,-0.5184860338852317,1.480676582943663,-0.9333762153440536,-1.075944875215351
10.0,116.0,1000.0338134765624,-4.244008069906582,-2.952330807632935,-1.9640513062186136,0.6892117993958315,-1.302092848077196,4.827360537373624,-0.5186315900116583,1.4811162504570934,-0.9339531993670294,-1.0755039778756723
10.0,116.0,1000.0298461914062,-4.244140188367661,-2.9526370555260617,-1.9641880247923,0.6893951248987671,-1.3019325890534486,4.827087311352452,-0.5185476782455112,1.4809478755537953,-0.9339219982600716,-1.075541017741562
10.0,116.0,1000.0302124023438,-4.243849912156724,-2.9530921647817525,-1.964164270616295,0.6896915105863872,-1.3011161375051938,4.8265001543316615,-0.5186635394985482,1.481025166839923,-0.9344060183833304,-1.0753817877549303
10.0,116.0,1000.0321044921876,-4.243906963218867,-2.952705416877884,-1.9642278177645736,0.689376563626654,-1.301785278722007,4.826942984023638,-0.5186579616611322,1.4809890555813237,-0.9339824708482548,-1.0756204627077577
10.0,116.0,1000.030517578125,-4.2439572224946,-2.9525065877629766,-1.964208860647389,0.6892906963649832,-1.3021077966720118,4.8271213861987015,-0.5186124197951596,1.4809452927784772,-0.9338197472148142,-1.0756900126320752
10.0,116.0,1000.0326538085938,-4.244080575530813,-2.952461196197417,-1.964069903530202,0.6893805156227764,-1.3018227189682143,4.8271692939358815,-0.5186816669498882,1.4811125104326734,-0.9340646616021696,-1.0753851686939546
10.0,116.0,1000.0328979492188,-4.244038825584072,-2.952690051382603,-1.9641986532871964,0.689352702701516,-1.3020744703477205,4.826905290090169,-0.5185887118054202,1.4809189915118743,-0.9340176229443866,-1.0756220012254891
10.0,116.0,1000.0323486328124,-4.244100675648628,-2.952217676780628,-1.9640966620316045,0.6891870003366485,-1.3023781619110086,4.827535872628829,-0.5185837530547834,1.4809946010487272,-0.9337049569144308,-1.0756422248876247
10.0,116.0,1000.032470703125,-4.244067863873651,-2.9527622495759003,-1.9640982007112235,0.6895879251209891,-1.3015702569041745,4.826888417969071,-0.5186653741509408,1.4810744244792655,-0.9341855063275356,-1.0753360619454333
10.0,116.0,1000.0311889648438,-4.244036858045965,-2.952163552210975,-1.96423221639882,0.6890920064757546,-1.3027132329094957,4.827603400751885,-0.5185615140032169,1.4809437814176114,-0.9334435974029685,-1.0758838643094704
10.0,116.0,1000.0301513671876,-4.243925551839733,-2.9524859437617,-1.9643656042971376,0.689141982117869,-1.3023646589491342,4.827185599944507,-0.5185561350244452,1.480743021628685,-0.9336536332748118,-1.075896398422143
10.0,116.0,1000.0333862304688,-4.244011200201928,-2.952510751650767,-1.9641963063124872,0.6892644308995513,-1.301803935284248,4.827121409303167,-0.5186516251044022,1.4810244841672375,-0.9339435711602828,-1.0754676826329268
10.0,116.0,1000.0310668945312,-4.244086908768254,-2.952458693872559,-1.964343316002792,0.6891979827104624,-1.3023967545293351,4.827257434558126,-0.5185011389480625,1.4808285786857596,-0.9335893929561044,-1.0758485815543084
10.0,116.0,1000.0317993164062,-4.244205562537515,-2.9525857101801605,-1.9640944472809685,0.6894890774658204,-1.301839191300223,4.827154331179477,-0.5185352373003891,1.4811283860401296,-0.9339076877071228,-1.0754753398412724
10.0,117.0,1000.0288696289062,-4.24407240693511,-2.952595980809368,-1.964167936362201,0.6893820115623015,-1.3018963593888166,4.827133187450359,-0.5186054591888709,1.4810458418168435,-0.9339253978117624,-1.075510166056393
10.0,117.0,1000.0302124023438,-4.244133065863198,-2.9523855358407376,-1.9640671363147624,0.6894322309209935,-1.3019198647927714,4.827366312433972,-0.518560229767453,1.4811849160258088,-0.9338510056731044,-1.0754260240809654
10.0,117.0,1000.0308227539062,-4.2441325811317485,-2.952060076415508,-1.9640614239246137,0.6891373961727005,-1.3022851618965516,4.827767006889802,-0.5186271388480854,1.48119527111509,-0.933612043579542,-1.075504463689016
10.0,117.0,1000.0296630859376,-4.243940200372709,-2.952635278952633,-1.964301422619344,0.6892811804984946,-1.3019568313613892,4.8270401370404485,-0.5186426401140594,1.4808509906621516,-0.933820599351984,-1.0756953018129845
10.0,117.0,1000.0284423828124,-4.244104313812255,-2.952513813902671,-1.964137017107825,0.6892854547988012,-1.302004438050981,4.827217331351651,-0.5186353183985641,1.4810594739376484,-0.9338903883319238,-1.0755048562330631
10.0,117.0,1000.0280151367188,-4.244027245825925,-2.952732977549795,-1.964391197901688,0.6892973508890137,-1.3021168046065568,4.826978426448129,-0.5185210923466945,1.480741543747703,-0.9337345385642122,-1.075818600846803
10.0,117.0,1000.0315551757812,-4.244214978827443,-2.952269664253308,-1.964323443133412,0.6889736206732238,-1.3027072358585294,4.827525852441875,-0.5185854915920753,1.4808059270173404,-0.9334704615503178,-1.0757933632541414
10.0,117.0,1000.0297241210938,-4.243948163907672,-2.9525317978268903,-1.964260136381484,0.6892899031405069,-1.3021189042176302,4.827182519568918,-0.5186077653312884,1.4808877137227885,-0.9337454034393602,-1.07570706421044
10.0,117.0,1000.0301513671876,-4.244115925994397,-2.952452263752626,-1.964235590029224,0.6892762487142061,-1.3023716331412984,4.827272768847337,-0.5184908076765158,1.4809111153170011,-0.9336781165395936,-1.0757307846488402
10.0,117.0,1000.0296020507812,-4.244111256076574,-2.9523546579953,-1.964207190040636,0.6891580573732998,-1.3024719827484177,4.827399471910141,-0.5186055359603428,1.4809431920525329,-0.9336600454659444,-1.0757236844280431
10.0,117.0,1000.031982421875,-4.2442331318128135,-2.952761500248464,-1.963856501685246,0.6898051081534442,-1.301226278336864,4.826958506413895,-0.5186157723555436,1.4815245914947752,-0.934333787728864,-1.075018220374722
10.0,117.0,1000.0285034179688,-4.244218401051634,-2.9521660808734267,-1.964106897536309,0.6891692614663594,-1.3024061732825656,4.827631593632628,-0.5185433494895699,1.4811080778588597,-0.9336322624706296,-1.0755362932044903
10.0,117.0,1000.029541015625,-4.244187429632759,-2.95239203699291,-1.964165772156126,0.689192789044272,-1.302366721224078,4.827385363882987,-0.5185692465930964,1.4809706103843725,-0.9337571391730206,-1.075611817876903
10.0,117.0,1000.03369140625,-4.2440902654495,-2.952189900591518,-1.9642972850179896,0.6890193090452081,-1.3028715861846885,4.827566361362605,-0.5186128552361193,1.4808338778682693,-0.9333959125748236,-1.0759003488285264
10.0,117.0,1000.0296630859376,-4.243993295215706,-2.9524002353448364,-1.96413547075528,0.6892678663220764,-1.302062725761873,4.827285444725094,-0.5185936406981542,1.4810506715220404,-0.9338625434693206,-1.0755626053789658
10.0,117.0,1000.0303344726562,-4.243952233085661,-2.952543301751948,-1.9643017218988923,0.6892660001344719,-1.3020401780519824,4.827121749947052,-0.5185807107944216,1.4808982227565712,-0.9338140088267846,-1.0756948432753526
10.0,117.0,1000.0315551757812,-4.244358660586411,-2.951859652178152,-1.9640028973400527,0.6890025979740759,-1.3029422148575436,4.827981192699593,-0.5185791275609937,1.4811798029542835,-0.9334494450593188,-1.0756172108726387
10.0,117.0,1000.0322875976562,-4.243978965749282,-2.952809138352801,-1.9642563030690663,0.689387990341551,-1.3016493118022017,4.826834672239075,-0.5186439144802764,1.4809852434009656,-0.9339930642550218,-1.0755401426898068
10.0,117.0,1000.027587890625,-4.244056687421244,-2.9527633012541656,-1.964036524323072,0.6895916647220366,-1.3013254393081288,4.826918896587761,-0.5186385942925389,1.4812147055552174,-0.9342265803787972,-1.0752571342814423
10.0,117.0,1000.0288696289062,-4.244251082104357,-2.95216618465618,-1.964050215502628,0.6892397082544424,-1.3022406289832715,4.827631034007151,-0.5185838682431729,1.4812240913660322,-0.9337496161431852,-1.0753840352030086
10.0,117.0,1000.0281372070312,-4.244132916670504,-2.9522354697919138,-1.9641933097205384,0.6890924521835284,-1.3025515584587843,4.827570740605831,-0.5185604899667817,1.4809843087271748,-0.9335658047324172,-1.0757062698694897
10.0,117.0,1000.0287475585938,-4.244187708157001,-2.952235652621456,-1.9640713953874205,0.6892582361620958,-1.3022933244912205,4.827534967798847,-0.5185386305445352,1.4811408410569191,-0.9337393306221492,-1.0755102378693708
10.0,117.0,1000.0307006835938,-4.244117255944124,-2.9522397801586937,-1.964252299395202,0.6890525397400733,-1.3025121706623848,4.827587047860181,-0.518612823708926,1.480947444688976,-0.9335351156844398,-1.07570343529531
10.0,117.0,1000.029052734375,-4.244156847413866,-2.952343103304818,-1.964139002609293,0.6892734273240801,-1.3022048851991248,4.827420617888672,-0.5185816636119647,1.481058413595548,-0.9337544645482048,-1.0755588069909194
10.0,117.0,1000.0287475585938,-4.244296856216085,-2.9516956179359104,-1.963897891333412,0.6890038443338184,-1.3026898047603457,4.828201388408202,-0.5186512519430861,1.4814149046836498,-0.933515434233211,-1.0753769084341729
10.0,117.0,1000.0309448242188,-4.244180447464948,-2.9522896177325344,-1.9642311981476457,0.6890554320203215,-1.302524819275685,4.827493868043835,-0.5185955231117276,1.4809091423572447,-0.933641851692216,-1.07566649067976
10.0,117.0,1000.0310668945312,-4.244366362368631,-2.952152648301668,-1.9639984125323424,0.6892173814233429,-1.3022803860153491,4.827656180537058,-0.5185243740453043,1.481238740891058,-0.9337808494986924,-1.0753489022825664
10.0,117.0,1000.0303344726562,-4.244151451130249,-2.952463449801243,-1.964182922016133,0.6892626385144922,-1.302164302236124,4.827275245044909,-0.5186017113089436,1.4809670703678268,-0.9337753918753666,-1.0755756872691502
10.0,117.0,1000.02978515625,-4.244131804091453,-2.952356978314237,-1.964027777534154,0.6893437342103237,-1.3020869399521562,4.827390400435181,-0.5186308997877589,1.4811664208824862,-0.933825603455003,-1.0754723906446753
10.0,117.0,1000.030029296875,-4.243976971442133,-2.952635733202492,-1.96414471531028,0.6894157103942096,-1.3018600778058609,4.82701549523728,-0.5186032383312114,1.481053885825684,-0.934008070271828,-1.0755423289985764
10.0,117.0,1000.028564453125,-4.244080579267756,-2.9523702709258672,-1.964281567858129,0.689079944986613,-1.3025727670304177,4.827363156710097,-0.5185861810381374,1.4808645399767828,-0.9335910052503796,-1.0758228602014688
10.0,117.0,1000.0315551757812,-4.244070304747206,-2.952466463302806,-1.9640607852143428,0.6893974129338476,-1.3018728505755188,4.827193469821021,-0.5185814891852045,1.4811006841725458,-0.9339727121590152,-1.0754584171092048
10.0,117.0,1000.0313110351562,-4.24408823121701,-2.952336258617461,-1.9641753791242444,0.6892457138340466,-1.3021812159447204,4.827379271891573,-0.5185927162737105,1.481024146958977,-0.9337809926173612,-1.0755728562244111
10.0,117.0,1000.0298461914062,-4.243990959733544,-2.952583615594798,-1.9644373353439888,0.689121660916836,-1.3024745382309757,4.82712771783212,-0.5185123274369987,1.4807103973033655,-0.9335858300081784,-1.075963608026092
10.0,117.0,1000.0323486328124,-4.244196325102254,-2.952426430609572,-1.9642232392364063,0.6892064155798892,-1.3023610821192233,4.827384023232465,-0.5185671222691095,1.4808812178689106,-0.9336751073378632,-1.0756695752995773
10.0,117.0,1000.0302734375,-4.244040174751413,-2.952537391783555,-1.964217693219931,0.6892894511749486,-1.301924259651413,4.827178040009162,-0.5186130003165026,1.48103519968077,-0.9338621670473072,-1.0755259332104528
10.0,117.0,1000.029052734375,-4.244283227517834,-2.9519672436094737,-1.963947508886057,0.6892032407967061,-1.30242737923607,4.8278811117034,-0.5186016882750986,1.4813242181047217,-0.933651696704886,-1.0753802872440357
10.0,117.0,1000.0340576171876,-4.243982066916534,-2.952637904894714,-1.9641498918778104,0.6893756754889999,-1.3018583712143663,4.826997564775706,-0.5186873275324224,1.480944676782582,-0.9340361200273026,-1.0755160698384247
10.0,117.0,1000.0272827148438,-4.244264265873754,-2.9519988247285363,-1.9640235586823724,0.6891214355758333,-1.3025337655550475,4.827819958967783,-0.5185682485381351,1.4811976363967885,-0.9336243863136148,-1.0754988527750662
10.0,117.0,1000.029052734375,-4.244040906027218,-2.952506906672103,-1.9641514559985664,0.6893443370500947,-1.3019917528568814,4.82720820393596,-0.5185896870159663,1.4810172274849451,-0.9338771318303608,-1.0755572586730269
10.0,117.0,1000.0328979492188,-4.244115907759741,-2.952108763866198,-1.9642298533172984,0.6890012261660541,-1.302584119249505,4.827653057364369,-0.5185265188839647,1.4809066225949916,-0.9335071286210636,-1.075754465253025
10.0,117.0,1000.0280151367188,-4.244162717318448,-2.9526270553442924,-1.964097250818153,0.6894540123109145,-1.3017874307045698,4.827095450139215,-0.5186020095159867,1.4811284452512137,-0.9340039294248212,-1.0753863053835069
10.0,117.0,1000.0289306640624,-4.244015182634989,-2.952485100588852,-1.964240543366075,0.6892446994982482,-1.3021979560411752,4.827227308499584,-0.5185582138673182,1.4809294250696166,-0.9337194742134942,-1.0757301798908507
10.0,117.0,1000.0306396484376,-4.244027610978494,-2.9528316479574164,-1.9641388036117853,0.6896369625071364,-1.301500385798831,4.82679297634143,-0.518570305728133,1.4810522715080277,-0.9341622172739186,-1.075464279940601
10.0,117.0,1000.0305786132812,-4.244034907778184,-2.95229743031391,-1.964396714635864,0.6890148252230617,-1.3027187923878651,4.827485715665464,-0.5185314999626351,1.4807534901506632,-0.9333812440112252,-1.0759705481384492
10.0,117.0,1000.029296875,-4.244081676389588,-2.952614121081308,-1.9642021552438609,0.6893969778593201,-1.3019149066185176,4.827084735966086,-0.5185570466466869,1.4809998150149497,-0.9339043541768852,-1.0755581390006703
10.0,117.0,1000.0316162109376,-4.2440575577576585,-2.95238395717028,-1.9642338139813489,0.6891689359648945,-1.302172912087113,4.827403490531879,-0.5185786527872303,1.4809905286074034,-0.9336911436653884,-1.0756668740091166
10.0,117.0,1000.0309448242188,-4.244091356776781,-2.9526054855357624,-1.964059010594703,0.6894424751075814,-1.3017723360945266,4.827104109180221,-0.5186524819421319,1.4811614930250163,-0.9340095803234448,-1.075446461913101
10.0,117.0,1000.0315551757812,-4.243857773959309,-2.9528555479994094,-1.9642700017722623,0.6893684935661906,-1.3017809327930596,4.826739881546036,-0.5186509352342785,1.4808661140016142,-0.9340636054056076,-1.075655186940443
10.0,117.0,1000.0317993164062,-4.244205834654736,-2.952765290684772,-1.963976189945276,0.6896809197776008,-1.3013264922520875,4.826939157458904,-0.5186048674234112,1.4812989015343625,-0.9342610453915476,-1.0751908254426574
10.0,118.0,1000.0300903320312,-4.244062378618621,-2.9521063949031108,-1.9641564215546192,0.6890077858109915,-1.3026167019025563,4.827682307457307,-0.5186280157103882,1.480989969072529,-0.9335458249863652,-1.0757187458732955
10.0,118.0,1000.0296630859376,-4.244194090478159,-2.952377348710558,-1.9640348134507777,0.689411883762987,-1.301956440139505,4.827355026577877,-0.518554711198548,1.4812150728357212,-0.9339500858050284,-1.0753714102858305
10.0,118.0,1000.0285034179688,-4.24407345015063,-2.9525707998774915,-1.9640977243676443,0.689432964959459,-1.3017918845285612,4.827154401401003,-0.5185667433584609,1.4811389601546168,-0.9339632246208742,-1.0754767826197869
10.0,118.0,1000.02978515625,-4.244156118211471,-2.9523742892118543,-1.964184770308756,0.6892539763363859,-1.3022241742856804,4.827427410835233,-0.5185334505135719,1.4810446699431363,-0.9336521738743988,-1.075610885287812
10.0,118.0,1000.0299682617188,-4.244228212776775,-2.952054158679717,-1.9641340847386912,0.6890074493899698,-1.302723429547013,4.827768989410426,-0.5185311430276638,1.4810322477623163,-0.9335065784791484,-1.075668317139773
10.0,118.0,1000.0298461914062,-4.243986993684897,-2.952595723679302,-1.964304630533957,0.6892604789401542,-1.3021709177530094,4.827123470435772,-0.518547687344018,1.4808425436922024,-0.9337779625482812,-1.0757252577245122
10.0,118.0,1000.0303955078124,-4.244244006349763,-2.9523684393417624,-1.9640607693064336,0.6893144227918473,-1.3022430616860516,4.827354738595119,-0.5185410751662562,1.4811348804597042,-0.9338572943963062,-1.0754943848660288
10.0,118.0,1000.0281982421876,-4.244106835021226,-2.952419379733336,-1.9641212409216893,0.6893070476841787,-1.302074038155964,4.82734840643904,-0.5185969102906842,1.4811152250467885,-0.933825363387352,-1.0755131651558312
10.0,118.0,1000.029296875,-4.24403969410707,-2.952601214126524,-1.9643565479395704,0.6891833954207467,-1.3023339702686378,4.827096765883786,-0.5185452523594583,1.4807500743319055,-0.9336531735148536,-1.0758730944424268
10.0,118.0,1000.029052734375,-4.244144480594397,-2.9525841890468745,-1.9641333374102723,0.6893938310802188,-1.3018765216572712,4.827195371677451,-0.518593256610699,1.4810754608457888,-0.9339399446476344,-1.0754724048022355
10.0,118.0,1000.0292358398438,-4.244129571169902,-2.952419571015907,-1.964203956659503,0.6892576179753673,-1.3022575751447318,4.827329344145603,-0.5185422003957871,1.480980291038927,-0.9337298850046524,-1.0756305408945717
10.0,118.0,1000.0283813476562,-4.244168479793679,-2.952373735523663,-1.964100006652148,0.689248438542247,-1.3023131414413354,4.827397507571973,-0.5185902130115183,1.4811016210958243,-0.9337732463888512,-1.075589839124783
10.0,118.0,1000.0296630859376,-4.244022431093628,-2.9527063166033827,-1.9641807742836508,0.6893646668661999,-1.301837166805289,4.826968638197801,-0.5186046097421624,1.480951959188209,-0.9339814106250186,-1.0755595884642926
10.0,118.0,1000.0308837890624,-4.244124924542525,-2.952503119555902,-1.9642471084131616,0.6892965013453631,-1.3022719204518278,4.827211741451977,-0.518548440635918,1.4809050246097053,-0.933698893932494,-1.0757093169936818
10.0,118.0,1000.0304565429688,-4.2439827848738165,-2.952619394904161,-1.9643447081020688,0.6891931080860285,-1.3023112495940632,4.827044448893151,-0.518550678709083,1.4807550221533443,-0.9336929905153716,-1.07588555374591
10.0,118.0,1000.0325927734376,-4.243875464249916,-2.95278521832079,-1.9643005249483096,0.6892370571690156,-1.3016783703280037,4.82685556462709,-0.5186943434238671,1.4808689652881268,-0.9340211900314142,-1.0755451628729191
10.0,118.0,1000.0302124023438,-4.244218758513831,-2.952273783125866,-1.9640322544816509,0.6892995185033604,-1.3021498912746332,4.827505888311105,-0.5185854323791981,1.4812056386750552,-0.9337793728834738,-1.075394671561341
10.0,118.0,1000.0283813476562,-4.244120870972379,-2.952721284583353,-1.964090272204107,0.6895363748441881,-1.3016700176048044,4.8269738237364415,-0.5186005338308854,1.4811467899126942,-0.9341208093873048,-1.075384034457155
10.0,118.0,1000.0284423828124,-4.2441847579240655,-2.9522492141145844,-1.9640087092681533,0.6893061959934021,-1.302009142641269,4.82751259650397,-0.5186042095195003,1.4812701233945642,-0.9338164231237752,-1.0753555601925229
10.0,118.0,1000.0296630859376,-4.244195204271115,-2.9522402414553475,-1.9640740292180725,0.6892295646284028,-1.302321373273072,4.827575183306653,-0.5185891881479359,1.481158554152579,-0.9336703062119742,-1.0755061763018183
10.0,118.0,1000.0300903320312,-4.244258440865999,-2.9521476584982453,-1.964055080395466,0.6891158186609179,-1.302539165741956,4.827623931823425,-0.5185795054940598,1.4811413261578306,-0.9336777165736878,-1.075584778764826
10.0,118.0,1000.030029296875,-4.244013727950981,-2.9528319673697685,-1.9642480373495124,0.689485186776734,-1.3017534630073735,4.826818815843252,-0.5185792059983125,1.4809220129400833,-0.934021717812433,-1.0756200427384583
10.0,118.0,1000.0305786132812,-4.244317880840155,-2.9522415949838274,-1.964047099731636,0.6892537405198755,-1.3023826740459403,4.827612126353422,-0.5185378749769667,1.481155865637641,-0.9337164290633851,-1.075475478415466
10.0,118.0,1000.0284423828124,-4.244283092321922,-2.952142994678276,-1.964112889153251,0.6891682743321548,-1.3025217343597029,4.827688680939783,-0.5185707998757048,1.481113394316659,-0.9335958967895692,-1.0755435853168
10.0,118.0,1000.0305786132812,-4.244016804939565,-2.9525892396866,-1.9640534840569588,0.6893916926568258,-1.3015870942433336,4.8270881676575925,-0.5186934091082316,1.4812371849143426,-0.9341596765566242,-1.0752815639973663
10.0,118.0,1000.03173828125,-4.244281580877189,-2.9520415755230403,-1.9639817162891164,0.6892421925229719,-1.302441484114487,4.827753772283398,-0.5185617857645894,1.4812654457676049,-0.9336647520034465,-1.075415698059036
10.0,118.0,1000.0302734375,-4.244075526804328,-2.952359050414024,-1.9640727207827893,0.6892837727778245,-1.3019010437274083,4.827428809944067,-0.5186441206849377,1.4811661247572854,-0.9338865341730668,-1.0754169521809027
10.0,118.0,1000.0308227539062,-4.244062947956129,-2.9524833592431494,-1.9641327636143744,0.689286592148167,-1.3020218142240907,4.827210310479398,-0.5186191039403756,1.481017686557328,-0.9338815056208096,-1.0755171962454917
10.0,118.0,1000.0298461914062,-4.24410563872108,-2.9524656597652985,-1.9641453520551888,0.6892626988024766,-1.3021419749207408,4.827292813933839,-0.5186248559607387,1.481092965754601,-0.933803621224114,-1.075545555137682
10.0,118.0,1000.031982421875,-4.244227273541228,-2.952363287652217,-1.964097889795644,0.6892704217132328,-1.3024114640993374,4.827372752307177,-0.5185375077288885,1.4810588342867828,-0.93373471260311,-1.0756230291479518
10.0,118.0,1000.02880859375,-4.244256891141394,-2.9522042374596387,-1.9637825532836053,0.6894106957931427,-1.3016909373466694,4.827580974857384,-0.5186880185983993,1.4815825831940552,-0.9341036009802864,-1.0750189905662602
10.0,118.0,1000.0282592773438,-4.244251248522466,-2.9521390348667427,-1.964014079963932,0.6892061632759567,-1.3025195914688714,4.827654783566045,-0.5186029751860399,1.4811811736869815,-0.9336782602122612,-1.0755370521167509
10.0,118.0,1000.027587890625,-4.244244052792675,-2.952020636569957,-1.9640023291066573,0.6891658380423147,-1.3024403006542808,4.827803478829061,-0.5185692944171931,1.4812633670224995,-0.933623722447262,-1.0754965173427316
10.0,118.0,1000.0278930664062,-4.244324502001072,-2.952095843993584,-1.963984280263238,0.6891870329084915,-1.302450072233886,4.827732421665944,-0.5185808087997836,1.4812653300056953,-0.9337340607374384,-1.075427248745147
10.0,118.0,1000.0309448242188,-4.244068678096785,-2.9523615217666244,-1.964124943024464,0.6892128521438003,-1.301986516437696,4.827384794521462,-0.5186678376682119,1.48110247829453,-0.9338613843764688,-1.075441622174485
10.0,118.0,1000.031005859375,-4.244073979500039,-2.952471467663113,-1.963953912702471,0.6893929823524179,-1.3016688238966658,4.827275953742662,-0.5186584442604367,1.4812634620470746,-0.9340869300781832,-1.07530064476649
10.0,118.0,1000.029541015625,-4.244156265475219,-2.95232791463143,-1.9641139134601728,0.6891689308605216,-1.3023012321862644,4.827459758700952,-0.5186342315063941,1.481087767886673,-0.9337295433506076,-1.075578918670406
10.0,118.0,1000.0313720703124,-4.244044518100367,-2.952510654713543,-1.96419816004936,0.6892637407227644,-1.3018827046660086,4.8272313235784665,-0.5186307118382771,1.4809865128399222,-0.933858576021354,-1.0755434900524503
10.0,118.0,1000.0301513671876,-4.2440218425109455,-2.95245763038668,-1.964193032196282,0.6893159896615986,-1.302036835940032,4.8272719847602925,-0.518594555736561,1.4809846099987745,-0.933767094446,-1.0756118347185466
10.0,118.0,1000.0294189453124,-4.244139513071708,-2.952039451555484,-1.964093514517942,0.6890740270334348,-1.3024343757244967,4.827780148667911,-0.5186192262590126,1.4811704848247853,-0.9335897503568776,-1.07552511537437
10.0,118.0,1000.0302734375,-4.244314115830213,-2.9515296864432936,-1.964126310060565,0.6887202861681079,-1.3034463890255577,4.828409326131013,-0.5185199994238712,1.4810803084167858,-0.9330605184665286,-1.0758055403745304
10.0,118.0,1000.0313720703124,-4.244219433498863,-2.952100573059788,-1.9640703994672928,0.6890807101969578,-1.302738963530966,4.8276371235689055,-0.5185936287454345,1.4810913410121227,-0.9335956117340078,-1.0756403313141556
10.0,118.0,1000.0291137695312,-4.2440879226750825,-2.9524380973957114,-1.9641651081570155,0.6892649572006713,-1.3019329734793734,4.827303183456184,-0.5186026429992179,1.4810488484965632,-0.9338133498468704,-1.0755046903603027
10.0,118.0,1000.0297241210938,-4.244216301205737,-2.952056921437803,-1.9640777794620323,0.6891293585546805,-1.3024962901736288,4.827767697468321,-0.5185650595199851,1.481171842109763,-0.9336040687375372,-1.0755616812782782
10.0,118.0,1000.030029296875,-4.244168899487397,-2.9525651211080945,-1.96424687895274,0.6892944219035559,-1.3021903732033642,4.827145711060169,-0.5185337748428118,1.4809110555945644,-0.9338165894568676,-1.075645723284696
10.0,118.0,1000.0303344726562,-4.244089168667816,-2.95237774494168,-1.9642551616089976,0.6891812943173541,-1.3025471036138447,4.827341244496443,-0.5185715963720359,1.4808866264359253,-0.9336079277195212,-1.0757953463363403
10.0,118.0,1000.0294799804688,-4.244086923505491,-2.952305358597014,-1.9642429090116176,0.6891155715167923,-1.3025722808299165,4.827459319191265,-0.5185411893225815,1.4808712907546049,-0.9335177614988616,-1.0758085413919782
10.0,118.0,1000.0308227539062,-4.244011288123339,-2.95258978602601,-1.9642502393220185,0.689280396525823,-1.3020876503658796,4.827092791507345,-0.5186207623911514,1.480896494351427,-0.9338054932106452,-1.075708688961651
10.0,118.0,1000.0286865234376,-4.244119461447072,-2.952442038770263,-1.964113334600643,0.6893979383986091,-1.3020431011367224,4.827297897457836,-0.5185108479510285,1.481076728459005,-0.9338325549230236,-1.0755428277425878
10.0,118.0,1000.028564453125,-4.244146674856824,-2.952273130647689,-1.9641211256090427,0.6892174900059089,-1.302451726364835,4.827493547848382,-0.5185661789660836,1.481072023068096,-0.933676255015734,-1.075646034299763
10.0,119.0,1000.0286254882812,-4.244227924258619,-2.9522844190236954,-1.9639282196736136,0.6894197948249374,-1.3018804148986325,4.827490056115558,-0.5185947030941485,1.4813714579516226,-0.9339556994904212,-1.0752504089229895
10.0,119.0,1000.029541015625,-4.244129489000049,-2.952269900897716,-1.964110377725888,0.6892084024740193,-1.3022116945045004,4.827544962353397,-0.5186184835920287,1.481170962600774,-0.93369081497105,-1.075505523076235
10.0,119.0,1000.0307006835938,-4.244291186784409,-2.951978559248559,-1.9640903069876023,0.6890221114061132,-1.302799825907916,4.827883882288472,-0.5185828062550595,1.4810639714841294,-0.933485826991916,-1.075609571568342
10.0,119.0,1000.0287475585938,-4.244130545167746,-2.952586565235052,-1.9640479108275075,0.6895437434207974,-1.3016563529132776,4.827102696187165,-0.5186020922334125,1.4812146526722882,-0.9340727508833692,-1.0753208742350933
10.0,119.0,1000.02880859375,-4.244276407278556,-2.952246812050096,-1.9639465777140817,0.6893613421853431,-1.302206970924416,4.827531058347821,-0.518590316079993,1.481328079937258,-0.933870790265205,-1.0753751581134163
10.0,119.0,1000.0297241210938,-4.244316724300811,-2.9521089100173143,-1.963831926542726,0.6893777074786431,-1.3020387474774404,4.82771648350645,-0.5186302604639756,1.4814736270010975,-0.933878890799834,-1.0752140530378194
10.0,119.0,1000.031005859375,-4.244155967818529,-2.95248719824816,-1.964141094636496,0.6893720175760976,-1.301929314025811,4.827220087920912,-0.5185300369215016,1.4810420633869184,-0.933893131196017,-1.0755075257728524
10.0,119.0,1000.0294799804688,-4.244237330858754,-2.952224096834056,-1.9640830403303573,0.6892204409912921,-1.3023156566338434,4.827582726966696,-0.5185693700382679,1.4811730514574108,-0.9337080998758543,-1.075520020464746
10.0,119.0,1000.0298461914062,-4.244236422377506,-2.9522612960332943,-1.963901994641274,0.689363294312634,-1.3021341329387104,4.827547599098198,-0.5186050808652496,1.481389375377452,-0.9338850948020196,-1.075333928246745
10.0,119.0,1000.02978515625,-4.2442044040321605,-2.95225619564861,-1.964186206902232,0.6890876447206722,-1.3025570015636374,4.827557585257834,-0.5185953283025952,1.481035342542608,-0.9335955455642128,-1.075670706357272
10.0,119.0,1000.0307006835938,-4.244148623354651,-2.9521147189671346,-1.9641455379121784,0.6890881009423673,-1.3025441081245637,4.827650155458249,-0.5185586802770592,1.4810401489763496,-0.9335477643208544,-1.0756584316380513
10.0,119.0,1000.0303955078124,-4.244054807624846,-2.952223061410692,-1.9642780305531893,0.6890309640907857,-1.3026660546554465,4.82751131558903,-0.5185563944174447,1.4808671285950767,-0.9335550181533768,-1.0758525059306543
10.0,119.0,1000.0304565429688,-4.24436869929504,-2.9522631122236453,-1.9640204923840645,0.6892802662786934,-1.3022655462855113,4.827568419693819,-0.5185129988136765,1.4812418471824316,-0.9337777826377742,-1.075419532624302
10.0,119.0,1000.0289306640624,-4.244222744734223,-2.952159681435381,-1.9641483639183823,0.6891531274199014,-1.3026501618514326,4.827655834018756,-0.5185358411599008,1.4810779927782534,-0.9335377775645536,-1.075683131354848
10.0,119.0,1000.0303955078124,-4.244265872744211,-2.9522930937399265,-1.964120632279605,0.6892122156956484,-1.3024503942185812,4.827513842383993,-0.5185382734487689,1.48105296664506,-0.933662329400903,-1.0755866994904633
10.0,119.0,1000.030517578125,-4.244244471188704,-2.9523657349041508,-1.964116523322672,0.6893023115263395,-1.3023043338531135,4.8274430006850615,-0.518535453474815,1.4811033182188762,-0.933724733490954,-1.0755832736584416
10.0,119.0,1000.0300903320312,-4.244398480433539,-2.9518388947658405,-1.9640842960330984,0.6889405230019552,-1.3030401344336373,4.828077898184437,-0.5185289395215893,1.4811831607395618,-0.933373707799305,-1.0756165413859875
10.0,119.0,1000.028564453125,-4.2442122141131895,-2.9522815365533885,-1.9639873996318504,0.6893596312528061,-1.3020282419291238,4.82748561492987,-0.518590378335313,1.4813208828280562,-0.9338598248216704,-1.075367709030278
10.0,119.0,1000.0301513671876,-4.244242181023252,-2.952312732101214,-1.963925258198334,0.6893528857449747,-1.301949291455457,4.827490598690025,-0.5186325941015122,1.4813531539213851,-0.933930197157343,-1.075298108977662
10.0,119.0,1000.0303344726562,-4.244180208226154,-2.952141973325498,-1.964105980262051,0.6891809621889875,-1.3025548446445607,4.827655281357167,-0.518571638368309,1.481109625801384,-0.9336385916779824,-1.075620012071118
10.0,119.0,1000.0291748046876,-4.244187085110428,-2.952221740780588,-1.9641360497455496,0.6891533613205949,-1.3025182712703942,4.827594109403613,-0.5185771224366968,1.4810561713230044,-0.9335963493488676,-1.0756510117419706
10.0,119.0,1000.0291137695312,-4.244326168653116,-2.9521572572013604,-1.9639858027623,0.6892355252908047,-1.3023887557506209,4.827662008987641,-0.5185808021153324,1.481247436493593,-0.9337240687538078,-1.0754492236776354
10.0,119.0,1000.029541015625,-4.244126344684133,-2.95250051790226,-1.964071219752192,0.6894359757712074,-1.301713244180258,4.827244337486357,-0.5185665137052169,1.481232668558702,-0.933992014137118,-1.075356302621275
10.0,119.0,1000.02783203125,-4.244318872065901,-2.952140317041994,-1.964047615688525,0.6891801855209412,-1.3024641307287603,4.827698357013265,-0.5185660266815688,1.481208790441805,-0.9336459759056792,-1.075483419895643
10.0,119.0,1000.0280151367188,-4.244247705959406,-2.952254344885827,-1.9640902261131568,0.6891975437797253,-1.302382995758134,4.82754993707667,-0.5185876064221668,1.481141495664846,-0.9337287295559084,-1.0755317890429463
10.0,119.0,1000.0297241210938,-4.244090267643648,-2.9528644092886007,-1.96402890332928,0.6896710731117945,-1.3013568517155996,4.826823505998778,-0.5186194150356869,1.4812223085998155,-0.934237109971452,-1.075271379418658
10.0,119.0,1000.0281372070312,-4.244152499233241,-2.952426974401731,-1.964038723109311,0.6894156444963446,-1.3019005441415383,4.827319187792993,-0.5185523933395695,1.481221228231936,-0.9339078926641732,-1.0754075089478323
10.0,119.0,1000.0277709960938,-4.244179891757452,-2.9522392768842973,-1.96401682273694,0.6892437245953111,-1.3023422480423044,4.827535327873248,-0.5186141268554403,1.4812153262828218,-0.933789493313613,-1.075517340615988
10.0,119.0,1000.0294189453124,-4.244259400025569,-2.9522922103316733,-1.9640023782355245,0.6893102557146333,-1.3022141518708792,4.827505395869892,-0.5185627988550241,1.4812649558741515,-0.9338139990627132,-1.075442490562057
10.0,119.0,1000.0276489257812,-4.243985567896823,-2.95268841753792,-1.9641076178647976,0.6894648887434371,-1.3016509568345276,4.826962574728826,-0.5186495956110955,1.4811109595054912,-0.9340997194287012,-1.0754485769041136
10.0,119.0,1000.0305786132812,-4.2439965033001945,-2.9526630008486023,-1.9643412832232567,0.6893230917418549,-1.3019795143484791,4.826982003701589,-0.5185305940761751,1.4808268210845412,-0.933782920373166,-1.0757331969225623
10.0,119.0,1000.0300903320312,-4.244322234604477,-2.9521567795771007,-1.9640167118053475,0.6891925979666063,-1.302434141824527,4.827639212998836,-0.5185472872622983,1.4812157882364998,-0.9337859982274512,-1.0754333530193685
10.0,119.0,1000.030517578125,-4.243969931956707,-2.952713375591084,-1.964174791621428,0.6893859577175574,-1.3017308472663998,4.826967513979245,-0.5186603560502112,1.4809949351206004,-0.9340376630134992,-1.07548247558998
10.0,119.0,1000.0299682617188,-4.244077353914777,-2.952461782108896,-1.9641334993852773,0.6893527342040802,-1.301946645364847,4.827285250763897,-0.5186323389523348,1.4811426914657293,-0.933866437613922,-1.0754623714164002
10.0,119.0,1000.0292358398438,-4.24411713739606,-2.952408864468739,-1.963997902537666,0.689362947639963,-1.3018732554224934,4.827361754950587,-0.5186384788014982,1.481263179220842,-0.933931204495014,-1.075384005501952
10.0,119.0,1000.0299682617188,-4.2443940523988894,-2.9519656351140235,-1.963842830116316,0.6892779783655598,-1.3023871443848485,4.827907535331612,-0.518608218338537,1.4815065852877929,-0.933749543353512,-1.0752502824414014
10.0,119.0,1000.0291748046876,-4.2443039024997375,-2.952217391857678,-1.963855934273884,0.6893845028969245,-1.3020781100414784,4.827583623804628,-0.5186056773719647,1.4814022586514124,-0.933976511826331,-1.0752089847748605
10.0,119.0,1000.0286865234376,-4.244258572586346,-2.952041024266547,-1.964002855365928,0.6891666083748325,-1.3025312305760828,4.827792153796301,-0.5185328832726208,1.4812339527702747,-0.933626852716814,-1.0755403376511543
10.0,119.0,1000.031494140625,-4.244287802279292,-2.952132235324005,-1.9637451313823424,0.6894466151014527,-1.3018710508308151,4.827676126331104,-0.5186345659105065,1.481637310225378,-0.9340353669054462,-1.0751021514939163
10.0,119.0,1000.0311889648438,-4.244033383714007,-2.9524822900382217,-1.9641291462366324,0.689285863014871,-1.3019562458066094,4.827195268407369,-0.5186044514753725,1.481024215023723,-0.9339772751390338,-1.0755129814035684
10.0,119.0,1000.0293579101562,-4.244085078101884,-2.9527141707530165,-1.9642182731384028,0.6893568458539683,-1.3020230899532854,4.826989677533334,-0.5185639995139475,1.4809313009669358,-0.933916349090385,-1.0756316449478076
10.0,119.0,1000.02783203125,-4.2442237759281065,-2.952225148184772,-1.963973618014777,0.6893049756799936,-1.3020218405028277,4.827553765408288,-0.5186021216392875,1.481291321342269,-0.9338858517128026,-1.075321115686418
10.0,119.0,1000.0287475585938,-4.243949902017842,-2.9528298281856884,-1.9643419448286128,0.6893649748081732,-1.3018865666340949,4.82682083037515,-0.5185865707201449,1.4808135971861125,-0.9339038066232136,-1.075705773787762
10.0,119.0,1000.0302734375,-4.244203263687003,-2.951975044593508,-1.964050036428402,0.6890376280276094,-1.3026558574589115,4.827815658081576,-0.5186284663068959,1.4811621667018375,-0.9335645956144828,-1.0756076765333191
10.0,119.0,1000.030029296875,-4.244169065057825,-2.9520184825912024,-1.9640903327340824,0.6890771613623867,-1.3027090878804422,4.827770406773775,-0.518559426525619,1.4811105783538636,-0.933547464694792,-1.0756891707275846
10.0,119.0,1000.030029296875,-4.244328023248118,-2.951802515422468,-1.963900913335964,0.6890997351004717,-1.3026155314967087,4.828052964759838,-0.5185949730075512,1.48134490719017,-0.9335705853350342,-1.0754080895800118
10.0,119.0,1000.0300903320312,-4.244043266700551,-2.9523848598850875,-1.964283473626804,0.68914243714209,-1.3023369451655284,4.82740543489537,-0.5185924871225502,1.4809258777358334,-0.9335827615388724,-1.0757363978578924
10.0,119.0,1000.0308837890624,-4.243961875201231,-2.952672439788786,-1.9642683174888265,0.6893391178362425,-1.301788742462331,4.827018876094666,-0.5185768351720119,1.480975328156395,-0.9338733050542842,-1.0755978030724398
10.0,119.0,1000.0294799804688,-4.244311047210106,-2.95216272376654,-1.963912272367812,0.6893135354116424,-1.302183097982628,4.8276434688880485,-0.5185611715577787,1.481338895492871,-0.9338537304578828,-1.0753217789031062
10.0,119.0,1000.0291748046876,-4.24419434294996,-2.9522769919400944,-1.964088682076204,0.6892029571839586,-1.302382488829026,4.827476472873139,-0.518556327842103,1.4810609204005711,-0.9337410734853356,-1.075576467081966
10.0,120.0,1000.0294799804688,-4.244240549598243,-2.9522563765317145,-1.9639096585203264,0.6894141617547334,-1.3019783042224864,4.8275411956585685,-0.5185973126948697,1.481387491023968,-0.9338925009831788,-1.075293545446795
10.0,120.0,1000.0285034179688,-4.244095961835984,-2.952473385434656,-1.964087261386689,0.689378892580006,-1.301892972620808,4.827273938860282,-0.5186146755167158,1.4811380064500763,-0.933901708195477,-1.075450962696645
10.0,120.0,1000.0306396484376,-4.244466132272376,-2.951858919880674,-1.9638502845365853,0.6892123296079964,-1.3024300802238793,4.828048487200752,-0.5185936296620426,1.481506147934816,-0.9337197650850406,-1.0752119590887528
10.0,120.0,1000.0287475585938,-4.244124635981548,-2.952404974460145,-1.964136270719277,0.689271705947351,-1.3021589760068402,4.827342217927349,-0.5185652426211966,1.481081561702318,-0.9337428992663908,-1.0755945891895546
10.0,120.0,1000.02978515625,-4.244174185029294,-2.9524263834735622,-1.964101232934528,0.6892782203607677,-1.302166197565131,4.827327762767364,-0.5186187739578711,1.481103816572591,-0.933869575540422,-1.0754565135338878
10.0,120.0,1000.0299682617188,-4.244127873622922,-2.952481206203691,-1.964044162078196,0.6894524484415241,-1.30184549335321,4.827242714450799,-0.5185809359838682,1.4811922460162696,-0.9339909764790136,-1.0754155586872995
10.0,120.0,1000.02783203125,-4.244166337734432,-2.9523701546466845,-1.964041202342924,0.6893912897111658,-1.3020683791042391,4.827393770391895,-0.5185565202806366,1.4812144270752796,-0.9338589278235984,-1.0754323756583344
10.0,120.0,1000.02880859375,-4.244202199647845,-2.9522330801745524,-1.964002849012272,0.6891807234748093,-1.302169156371375,4.827534661931159,-0.5186340251058184,1.4812518174312217,-0.9338302730498952,-1.0754000047502736
10.0,120.0,1000.03076171875,-4.244249006587926,-2.9522714390440288,-1.9640758749098768,0.6892214263156324,-1.3023074519864353,4.827496218178196,-0.5185670855782556,1.4810881963762927,-0.9337264011725744,-1.0755318721904985
10.0,120.0,1000.0300903320312,-4.244233244649111,-2.9520816380064554,-1.963969625693291,0.6892406999704717,-1.3023217961938325,4.827731332276043,-0.5186019993706417,1.4813207919793925,-0.933737328503338,-1.0754317682148251
10.0,120.0,1000.0296020507812,-4.244141623373741,-2.9523919927288214,-1.964046283925494,0.6893530098447611,-1.3020884435121545,4.827336678328408,-0.5186006518121271,1.4811877204871855,-0.9339034962101698,-1.0754868854492985
10.0,120.0,1000.0305786132812,-4.24411774530263,-2.9523689682811542,-1.9640135490569448,0.6893760577958741,-1.3019159650693082,4.827333294795981,-0.5186389928128614,1.4812110542384618,-0.9339646038684322,-1.075388288782297
10.0,120.0,1000.0281372070312,-4.244254089317822,-2.9521196403676617,-1.96391511660362,0.6893033525713594,-1.3021855831980722,4.827677399259764,-0.5185942200657712,1.4813551550655557,-0.933806737809248,-1.075351599634102
10.0,120.0,1000.028564453125,-4.244090864813201,-2.952485313239285,-1.9640793981434528,0.6893052369432331,-1.3019515856178487,4.8272191565388685,-0.5186564082887193,1.481095124716429,-0.933957180166507,-1.0754671952234744
10.0,120.0,1000.0280151367188,-4.244219733881211,-2.952475582571996,-1.964049552081832,0.6893639179325337,-1.301984916083077,4.827295351849548,-0.5185875911332749,1.481155002964175,-0.9339370828872572,-1.0754106369723249
10.0,120.0,1000.0292358398438,-4.244134331907212,-2.9523133696031727,-1.964022606366296,0.6893527502879273,-1.3019285611682796,4.827444850502079,-0.5186025000819052,1.4812439899094727,-0.9339345563498008,-1.0753365462371396
10.0,120.0,1000.029541015625,-4.244176557935461,-2.952529698308599,-1.9639199075140308,0.6894926549506533,-1.3016031234598089,4.82719656687128,-0.5186176396879745,1.4813373525672748,-0.9341899096411596,-1.0752091987019168
10.0,120.0,1000.0283203125,-4.244205011856376,-2.952338559301541,-1.9638231189359927,0.6895333810940549,-1.3016660721393642,4.827393580632631,-0.5186444756775668,1.4814865452345751,-0.9341250510614572,-1.075105766157058
10.0,120.0,1000.0344848632812,-4.244112080228857,-2.952766006942805,-1.9639819794406463,0.6897875447323996,-1.301286866842149,4.82684836792318,-0.5185597747655155,1.4813011753499232,-0.934286702734802,-1.0752212150378142
10.0,120.0,1000.028564453125,-4.244276193400429,-2.9522268027705447,-1.964030695864216,0.6892201047221258,-1.3022818166584016,4.8275920120373055,-0.518575784127413,1.4812428955053738,-0.9337404768836696,-1.0754420511124407
10.0,120.0,1000.0297241210938,-4.2442063161993415,-2.9524433217501533,-1.9640323242598263,0.6894142324655554,-1.30190555962682,4.827266736193487,-0.5185855720323467,1.481228031845509,-0.9339764137502362,-1.0753778841549535
10.0,120.0,1000.0288696289062,-4.244010411290746,-2.9526289398226684,-1.964268940373336,0.689312360785511,-1.3020637889115076,4.827073361929013,-0.518598976845257,1.4809015507288246,-0.933829354377946,-1.0756971317269164
10.0,120.0,1000.0299072265624,-4.244062217817451,-2.952630777353341,-1.964176969117457,0.6893933402973911,-1.301979577653389,4.82708038036135,-0.5185749864500551,1.4809599275083831,-0.9339166079392962,-1.0755776374179145
10.0,120.0,1000.0310668945312,-4.244228165508548,-2.9522986914207223,-1.9639997902243016,0.6892972698634061,-1.3020304282604451,4.827443615573117,-0.5186684735582094,1.4812695362090451,-0.9338822715941272,-1.0753138235729471
10.0,120.0,1000.0298461914062,-4.24394928108383,-2.952553921401284,-1.964204801762521,0.6892751125127088,-1.301899544019311,4.8271385773680215,-0.5186417301069461,1.4809938059860102,-0.9339123073349952,-1.0755433336185405
10.0,120.0,1000.0294189453124,-4.244285025952315,-2.9524227238475804,-1.9638435119118447,0.6895902680634025,-1.3016864909895882,4.827337772468448,-0.5185902327621319,1.4814519551861816,-0.934107341416012,-1.075138658905321
10.0,120.0,1000.0298461914062,-4.244212513290162,-2.9519637854160723,-1.9640298771099256,0.6891175191659116,-1.3025557859217098,4.827842492542544,-0.51854368061821,1.4812349786401589,-0.9335847709643116,-1.0755720674299378
10.0,120.0,1000.0277099609376,-4.244253418193068,-2.9520355402001845,-1.9640565520049376,0.6891447046736694,-1.3025307710123073,4.827818540192263,-0.5185293217226565,1.4812061945111834,-0.9335598110477203,-1.0755621593905746
10.0,120.0,1000.0286254882812,-4.244236988348208,-2.952258351991595,-1.9639641149085367,0.689315879905509,-1.3021265565617035,4.827520503015283,-0.5185896670127326,1.481295824262813,-0.933880141647836,-1.0753497644541858
10.0,120.0,1000.0283203125,-4.244151339721919,-2.952315726245676,-1.964085716530428,0.6892523537859852,-1.3022528216679148,4.827484068573503,-0.5185914669179121,1.481175540169942,-0.9337406091812808,-1.0755455089801198
10.0,120.0,1000.0284423828124,-4.244085547909839,-2.9525021161032075,-1.964175476534092,0.6892686012202489,-1.3021205222055787,4.82725737399058,-0.5185645027394994,1.480979446024059,-0.9338262667075165,-1.0756072790541178
10.0,120.0,1000.0283813476562,-4.244092328930006,-2.9524434753186624,-1.96402768867248,0.6894440246463223,-1.301708789614154,4.827276100654167,-0.5186053089398222,1.48126496347537,-0.9339752787734286,-1.0753257889513277
10.0,120.0,1000.0303344726562,-4.244013864252438,-2.952726066141497,-1.964212434208334,0.6893614013922198,-1.3019089873906986,4.826910169413628,-0.5186278525193702,1.4809542733128822,-0.9339917044911116,-1.075609821250178
10.0,120.0,1000.028076171875,-4.244028636589263,-2.952392482106011,-1.964231177418422,0.6891639311744502,-1.3023193376736248,4.827310907946016,-0.518584412902479,1.4808992001080012,-0.9337105557882852,-1.0757311393079585
10.0,120.0,1000.0294799804688,-4.244416195274615,-2.9518798994357245,-1.963767494975249,0.68924350825543,-1.3023239575092371,4.827989631783616,-0.5186312530937451,1.481549030991128,-0.9337917425869948,-1.0751833794986112
10.0,120.0,1000.030029296875,-4.244253604117914,-2.952180576939319,-1.9641665908046724,0.6890437973942642,-1.3027667274943475,4.827620919233489,-0.5185780556455653,1.4810360474171276,-0.9335411348135604,-1.075719197355963
10.0,120.0,1000.0316772460938,-4.244259282517616,-2.952420587704662,-1.964006141115381,0.6894593149956112,-1.301987734466754,4.827323358906128,-0.518577419488194,1.481288916621364,-0.9339350661501165,-1.0753309907877542
10.0,120.0,1000.0292358398438,-4.244016450773656,-2.9526766602332186,-1.9640969574393,0.6894765790033492,-1.3015513016875873,4.826982653206219,-0.5186839991356615,1.481157867273022,-0.9341324322665958,-1.0753585596541986
10.0,120.0,1000.03076171875,-4.244271300506907,-2.9523415007164937,-1.9638499427486409,0.6895367857871646,-1.3017801998327911,4.827418674279574,-0.5185873034833479,1.4814492873640963,-0.9341061866464696,-1.0751647868312308
10.0,120.0,1000.029052734375,-4.244223176278749,-2.952269426792472,-1.9640030394152603,0.6892612699889202,-1.3022276073267398,4.827492507833295,-0.5186009476362026,1.4812375279872922,-0.9338184274241516,-1.075468907570027
10.0,120.0,1000.0281982421876,-4.2441860043376245,-2.9523883940255944,-1.9640348878300111,0.6893910544590263,-1.302030388122727,4.82734175763151,-0.5186090812306423,1.4812085490509137,-0.9339112993455848,-1.0754081186491216
10.0,120.0,1000.029296875,-4.244052104047448,-2.952543446359453,-1.9642500570944,0.6892955605852569,-1.302198500984329,4.827148931481155,-0.518560722276245,1.48089126368986,-0.9337741782699602,-1.0757397297534714
10.0,120.0,1000.028564453125,-4.243945440340565,-2.95270541520115,-1.9641775893248816,0.6894784491418342,-1.3015970127955434,4.826933374878736,-0.5186321451184428,1.4810371831645055,-0.9340427382241536,-1.0754745553428284
10.0,120.0,1000.0299072265624,-4.244094604464932,-2.9524632196816443,-1.9641429390192864,0.6893121312541828,-1.302168946067618,4.827226992071042,-0.5185835854197505,1.4809890497014102,-0.9338778542036312,-1.0755713095175603
10.0,120.0,1000.0303955078124,-4.244135939383624,-2.952720997532839,-1.964150190375073,0.6894223209987027,-1.3018927060538346,4.826999149293119,-0.5185598951952555,1.4809832904331977,-0.9340040403745284,-1.0755134341397712
10.0,120.0,1000.0285034179688,-4.244045474076517,-2.9526749332151385,-1.964295743998268,0.6893649539436266,-1.3019866965988445,4.82704617100681,-0.5185340053097125,1.4809040766467882,-0.9338166354543054,-1.0756635208536256
10.0,120.0,1000.0291137695312,-4.244235962013585,-2.9520151879876693,-1.9638661890928104,0.6892042268233851,-1.3021838022836607,4.827792411063621,-0.5186884416704203,1.4814870844864512,-0.93383508839893,-1.0752364607120657
10.0,120.0,1000.0294189453124,-4.24438211981064,-2.951861583900216,-1.96389998346848,0.6891375221439446,-1.3026180506435714,4.828039395552317,-0.5185801987047878,1.4813899233263896,-0.9335943771504284,-1.0753822758757097
10.0,120.0,1000.0285034179688,-4.24409712797439,-2.952420234690029,-1.9641357866419915,0.689283502575516,-1.302182881159479,4.827326820583242,-0.5185782748652565,1.481092293718932,-0.9337928806706496,-1.075586248331177
10.0,120.0,1000.0292358398438,-4.244054414630813,-2.952446466432504,-1.9641023237771649,0.6893188711112135,-1.301924062634188,4.827278031299377,-0.5186623696681743,1.4811519080954785,-0.93386749269888,-1.075484008549414
10.0,121.0,1000.0279541015624,-4.244168555079254,-2.952512000142546,-1.9639708027838048,0.6894640356795598,-1.3017723978934894,4.827207473611775,-0.518615845337588,1.4812805956643065,-0.9340660634182544,-1.075320161922514
10.0,121.0,1000.0292358398438,-4.244146355275743,-2.952285983418991,-1.9641638907294328,0.6891792604663296,-1.302509202029882,4.82748086314195,-0.5185539083135611,1.481022944074141,-0.9336169060738788,-1.0756938466555086
10.0,121.0,1000.0289306640624,-4.244172901731853,-2.9523303244601697,-1.9640793417774511,0.6892674952340183,-1.3022355105540404,4.827392016967048,-0.518573056647571,1.481093861214542,-0.93385015270714,-1.07551974276211
10.0,121.0,1000.0316162109376,-4.2442468568463605,-2.95179915031127,-1.964157471235608,0.6889109618089417,-1.303073772775838,4.8280397671256665,-0.5185552380778811,1.4810391229840487,-0.93329741289247,-1.075757710618487
10.0,121.0,1000.0286254882812,-4.2442983745670135,-2.9521120430629395,-1.9639623642086224,0.6892502705592474,-1.302460408520958,4.827707212578066,-0.5185682917418433,1.4813052688576782,-0.9337264650351642,-1.0754521003458333
10.0,121.0,1000.0293579101562,-4.244089876376605,-2.9524113011540503,-1.9642192006257373,0.6891892966350719,-1.3022567681847983,4.827376968105284,-0.5185598134901817,1.480956806517133,-0.9336862669274328,-1.0756541595839897
10.0,121.0,1000.0282592773438,-4.244087941983547,-2.952418226044648,-1.964116324600336,0.6893225787572907,-1.302085682993015,4.827287354301168,-0.5185777943517209,1.481083090439621,-0.9338541862006746,-1.0755487858346595
10.0,121.0,1000.0283813476562,-4.244167171687147,-2.952333718820248,-1.9641168701748803,0.6892702135090918,-1.3023253511751705,4.827418544747511,-0.5185607568646384,1.4811114153119096,-0.9337272482536508,-1.075592401422191
10.0,121.0,1000.0294189453124,-4.2441762182717575,-2.952280905638072,-1.9640303012056988,0.689342151256449,-1.3020074565512796,4.827535132488578,-0.5185800007636825,1.4812748170731913,-0.9337952084680304,-1.075391137504612
10.0,121.0,1000.0297241210938,-4.244047713237662,-2.9526348925564934,-1.9642376770801169,0.6893940701558527,-1.3019980355349858,4.82707604197312,-0.5185493083055261,1.4809284612753135,-0.9338332168203224,-1.0756485707607828
10.0,121.0,1000.0286865234376,-4.2442416106350365,-2.952284883318532,-1.963850624345573,0.6894493004350801,-1.3017109772057522,4.827479871953544,-0.5186146045011046,1.4814738010059545,-0.934065652589041,-1.0751043729893208
10.0,121.0,1000.027587890625,-4.2441149756411525,-2.952432344386591,-1.964086900018951,0.6893330430397278,-1.3020248668384182,4.827315087978096,-0.5186015466682807,1.4811123239600494,-0.9338693517745628,-1.0754687947870174
10.0,121.0,1000.0291748046876,-4.244198231023288,-2.95226204779658,-1.9640204560949648,0.6892851747632882,-1.3021504234794763,4.8275215691303295,-0.5185527517850161,1.4812222371404529,-0.9338268773008735,-1.0754441111934798
10.0,121.0,1000.0299072265624,-4.2442512342967165,-2.952234191390918,-1.9641089270878576,0.6891784736228441,-1.3025751529557223,4.827592666636605,-0.5185564470529238,1.4810812587994704,-0.9336387831734284,-1.075621655318621
10.0,121.0,1000.0281982421876,-4.244220514432234,-2.952095032164208,-1.964010428279268,0.6891983629249605,-1.3024006607052656,4.827724412714423,-0.5186122348751141,1.4812583905059888,-0.9336949901199318,-1.075457397835474
10.0,121.0,1000.0284423828124,-4.2442844182049,-2.9520446805264786,-1.9640122115527108,0.6891788699351844,-1.3025118161590994,4.827790854688388,-0.5185541661141908,1.4812079169801595,-0.9336418020898184,-1.0754792935582902
10.0,121.0,1000.028564453125,-4.244011026431952,-2.952563133909619,-1.9642357520638525,0.6892662765984863,-1.3021079216038114,4.827152140580349,-0.5185992658167677,1.480924737595794,-0.9338223960583756,-1.0756624540253583
10.0,121.0,1000.0281982421876,-4.244196996060069,-2.952283532558263,-1.964073202793044,0.6892471682605947,-1.3022862263008084,4.827495277643157,-0.5185519285527569,1.4811293214381385,-0.9337605371713034,-1.0755387096455178
10.0,121.0,1000.0284423828124,-4.244197279211019,-2.9523704260431978,-1.964024553413868,0.6893498689728226,-1.3021257011571992,4.827395155375399,-0.5185912356284881,1.4812409230205184,-0.933884570539206,-1.075450119565811
10.0,121.0,1000.0294189453124,-4.244071204937918,-2.9523972301559778,-1.964137626000661,0.6892816807620719,-1.3021700775537774,4.827338375458547,-0.5186090423353837,1.4810817473284548,-0.9337759332579568,-1.075599835310986
10.0,121.0,1000.0311889648438,-4.244252844584899,-2.952024669472024,-1.9639769256897632,0.6892425317879152,-1.3024259617647873,4.827822921516303,-0.5185330362481606,1.4812862351393132,-0.933656043782972,-1.075481645253399
10.0,121.0,1000.0281982421876,-4.244106462607846,-2.9524175433313355,-1.964100993937829,0.6893380875807402,-1.3019714931891002,4.827302036581342,-0.5186138642709714,1.4811216687254216,-0.9339039100113044,-1.0754392277136082
10.0,121.0,1000.0294189453124,-4.244313800614522,-2.9519884787951574,-1.964017306113256,0.6891460606979729,-1.3026215181078875,4.82783535990229,-0.5185391582439527,1.48125088471419,-0.933613295726654,-1.0755191651249674
10.0,121.0,1000.0279541015624,-4.244246191321379,-2.952231883565477,-1.963941647666981,0.6893360614058066,-1.3021054365865647,4.827533083215478,-0.518576185306812,1.4812893464178876,-0.9338798970615,-1.0753568596404826
10.0,121.0,1000.0286865234376,-4.244224771213457,-2.9522319978599376,-1.9639857952699813,0.6893364056787155,-1.3021638065597751,4.827583097327437,-0.5185788928881898,1.4812674936224983,-0.9337961878290182,-1.0754018905294718
10.0,121.0,1000.0289306640624,-4.244181593053892,-2.9522339162967457,-1.9640943522041256,0.6892127729072026,-1.3023883373984813,4.8275467583704526,-0.5185423586052789,1.4811252163307014,-0.9336781768281348,-1.0755722604156306
10.0,121.0,1000.028076171875,-4.244207424927865,-2.952206239611735,-1.964017130694787,0.689317192751771,-1.3021913945550838,4.827566096032758,-0.5185731686299357,1.4812537623916755,-0.9337797959521223,-1.0754156599319629
10.0,121.0,1000.028076171875,-4.24429139661678,-2.952044659166127,-1.9639824894036453,0.6892118947046217,-1.3024909824670343,4.827775268225741,-0.5185420438104185,1.48125007905967,-0.9336771831514508,-1.0754912145707909
10.0,121.0,1000.0275268554688,-4.244331537299843,-2.952006809604195,-1.963938276441388,0.6891742115094708,-1.302472428271856,4.827850684798612,-0.5186004023064497,1.4813539925657162,-0.9336514190052068,-1.0753912850747254
10.0,121.0,1000.0283203125,-4.244209595475319,-2.9521908574098847,-1.9640249290338565,0.6892587964024699,-1.302372346715519,4.827577162800942,-0.5185450899297841,1.4811743436471485,-0.9337478252680746,-1.0755151134162273
10.0,121.0,1000.0291748046876,-4.244027248886198,-2.952515158298741,-1.964171380906212,0.689324950183078,-1.301967325225633,4.827217653501203,-0.5186162779183023,1.48105620542355,-0.9338311542049738,-1.0755588835175849
10.0,121.0,1000.0294799804688,-4.244126651464933,-2.9523045393389977,-1.964129896984161,0.689242202223932,-1.302364132333968,4.827457414954349,-0.5185861981558801,1.4810533879576928,-0.9336967226371948,-1.075627053352445
10.0,121.0,1000.0271606445312,-4.244006873897021,-2.952741611750718,-1.96415700444853,0.6894724173466837,-1.301638411286934,4.826936623242773,-0.5186241653554466,1.481059483373082,-0.9340706512007017,-1.075467002283463
10.0,121.0,1000.0278930664062,-4.244040909833699,-2.9525028484731712,-1.964093076299953,0.6894097761683549,-1.301797665192534,4.827193276975063,-0.5186232007046838,1.4811521972992103,-0.9339311193200616,-1.0754583491816012
10.0,121.0,1000.0299682617188,-4.244066774095218,-2.952595381745335,-1.9642159527804728,0.6893216108828693,-1.301836554896889,4.827111799782379,-0.5186149909612281,1.4810150368535782,-0.9339238334888496,-1.075493244683161
10.0,121.0,1000.0276489257812,-4.244166514309656,-2.952267388304824,-1.9640339721651203,0.689283089607847,-1.3021484004566797,4.8274850469255774,-0.518579550511129,1.4811627357812505,-0.9338456986204235,-1.0754591661529749
10.0,121.0,1000.02880859375,-4.244088059373587,-2.952645488085192,-1.9639512268185788,0.6895425195304883,-1.3014735098529115,4.827049473281361,-0.5186574044944976,1.4812791191947294,-0.9342092546684712,-1.0752202794310168
10.0,121.0,1000.0298461914062,-4.244193510952419,-2.9522805104868266,-1.9639861998334256,0.6893239064692649,-1.3021283655022176,4.82746376302228,-0.5186306514491221,1.4812326707753165,-0.9339044536683544,-1.075410007622161
10.0,121.0,1000.0276489257812,-4.244265786458842,-2.95199901809699,-1.9640049259550945,0.689100355013621,-1.3025488749501886,4.827826405615303,-0.5185724941331413,1.4812340087543348,-0.9336224784082968,-1.075506408286866
10.0,121.0,1000.0283203125,-4.24421753007156,-2.9520471983163388,-1.963990298342941,0.6891761696241048,-1.3024734628012178,4.827784555608952,-0.5185972691241147,1.4812589916859755,-0.9336197859860312,-1.075500021399316
10.0,121.0,1000.0286865234376,-4.244202209402715,-2.952183470437317,-1.96413665671698,0.6891387208099413,-1.3025040004087505,4.827612666585857,-0.51853370834315,1.4811045736484507,-0.9336348131132128,-1.0755919700633458
10.0,121.0,1000.0276489257812,-4.24415301614178,-2.95241616411926,-1.9640661304308769,0.6893567608144462,-1.3019594682076314,4.827316299962437,-0.5185926052889593,1.4811611575274783,-0.9339303891768732,-1.0754230575399275
10.0,121.0,1000.028076171875,-4.244141723333481,-2.9523991445510465,-1.9641753250946028,0.689275310326984,-1.302097964413138,4.827354853981422,-0.5185527351586421,1.4810556254739184,-0.9337585954215148,-1.0755524708670157
10.0,121.0,1000.0291137695312,-4.244265859477272,-2.952297612690702,-1.9638968719477048,0.6894584285890568,-1.3017716679308045,4.827493767132664,-0.5186337872658999,1.4814157213954786,-0.9339814021627868,-1.0751554087881536
10.0,121.0,1000.0285034179688,-4.2441941865004695,-2.95229671893371,-1.9639637976696165,0.6893763079052215,-1.301947356520711,4.827448304106344,-0.5185873626136992,1.4812948366523058,-0.9339608127591504,-1.0752866435319723
10.0,121.0,1000.0292358398438,-4.244016323417388,-2.9525343358989,-1.964223170011806,0.6892626521705525,-1.3021163263461235,4.827170797947989,-0.5186040494659645,1.4809376242952386,-0.9338068322049402,-1.0756424865166787
10.0,121.0,1000.0283203125,-4.244121961311525,-2.952284815107694,-1.964054336066554,0.6892590561116849,-1.3021742052372347,4.827473134233712,-0.5186039240239406,1.4811561985787662,-0.9338011742431904,-1.0755134227948182
10.0,121.0,1000.027587890625,-4.244250961784733,-2.95208114445467,-1.9639953565764952,0.6892232791434356,-1.302310020163191,4.8277525560755095,-0.518580216203504,1.4812933178982677,-0.9337002972679648,-1.0754043607007937
10.0,121.0,1000.0282592773438,-4.244201099188247,-2.952399997012977,-1.9640853356600216,0.6893409593977964,-1.30217389378184,4.827361740418256,-0.5185622743286489,1.481105682154085,-0.9338347142953712,-1.0755070685684531
10.0,121.0,1000.0278930664062,-4.244312160664797,-2.951897419658413,-1.9639486834702624,0.6890819365156551,-1.3026669763948728,4.827929177608297,-0.5186011891032107,1.4813002621976246,-0.933601831799752,-1.0754726667733925
10.0,122.0,1000.0281372070312,-4.244164165887944,-2.952183780637104,-1.9641054455198392,0.6891571904009686,-1.3024395900271282,4.827607966433632,-0.5185975253025195,1.4811008848720686,-0.933637049735906,-1.07558826523778
10.0,122.0,1000.0269775390624,-4.244161565906087,-2.9523746001181856,-1.9640487507216984,0.6893272118870284,-1.3019780180242655,4.827384428618698,-0.5185771958538687,1.4811741164100454,-0.9338898275203072,-1.0754095122671288
10.0,122.0,1000.0274047851562,-4.244161709583297,-2.9522259150675696,-1.964060997003856,0.6892199145015967,-1.3023313345655478,4.827538654417767,-0.5186027452378497,1.4811581289381763,-0.9337516189258376,-1.075542480070272
10.0,122.0,1000.028564453125,-4.244119192320576,-2.952411440607223,-1.9641657535770185,0.6892457693032075,-1.3022122920915584,4.827344647711843,-0.5185936922623142,1.4810383065585988,-0.9337554255566508,-1.0755853816152596
10.0,122.0,1000.028564453125,-4.244181516764429,-2.952155396957641,-1.964102185780628,0.6891415318919405,-1.302567372868002,4.82764704358268,-0.5185662551071246,1.4810836792652091,-0.933614258773842,-1.0756477844032837
10.0,122.0,1000.0288696289062,-4.244156265290208,-2.9522836147227767,-1.964052745137439,0.6893487932711571,-1.302106787628122,4.827480851925243,-0.5185469622383065,1.481196150722389,-0.933778379676312,-1.075486067365123
10.0,122.0,1000.027099609375,-4.244069350333576,-2.95250314340604,-1.9640874035155016,0.6893787157126248,-1.301836182395999,4.827196556324973,-0.5186166905923564,1.4811254820516524,-0.933968766110576,-1.075431669181799
10.0,122.0,1000.0272216796876,-4.244228882862147,-2.952261511419019,-1.9639851053721704,0.6893411391728854,-1.3021872002582144,4.827518456573959,-0.5185587586276075,1.4812511332942924,-0.9338137523495532,-1.0754379751749623
10.0,122.0,1000.028076171875,-4.244240797378591,-2.9520820937569323,-1.9639708891856624,0.6892426879622668,-1.3022714626681386,4.8277243094756805,-0.518591730160737,1.4812986753969302,-0.9337369382808136,-1.075389746922811
10.0,122.0,1000.0275268554688,-4.244210376738829,-2.9521685784189087,-1.964025382236836,0.6892149846740461,-1.302332890507949,4.827613591003253,-0.5186068534688966,1.481226372076879,-0.9337392487993128,-1.0754748202379307
10.0,122.0,1000.0281372070312,-4.244148741807581,-2.9523921844999874,-1.964124625044284,0.6893038785112351,-1.302194051416779,4.827354367506905,-0.5185882617447453,1.4810862507828304,-0.9337933833477212,-1.0755470218786445
10.0,122.0,1000.0282592773438,-4.244191113902527,-2.9523546711457698,-1.9641274988303008,0.6892848272765351,-1.302251284988721,4.827408407185898,-0.5185582215023521,1.4811008237527563,-0.9337459776787024,-1.0755544153691332
10.0,122.0,1000.0296630859376,-4.24420609244685,-2.952118601208398,-1.9638860919047048,0.6893404547777298,-1.3019674436700177,4.827663885841799,-0.5186094182413878,1.4814377593462087,-0.9338898338437912,-1.0752238579364448
10.0,122.0,1000.0279541015624,-4.244193119819505,-2.952422800456535,-1.9640290844442303,0.689383680416058,-1.301892223091523,4.827324782611997,-0.5185986145115917,1.4812196368882855,-0.9339547074094884,-1.0753527144289523
10.0,122.0,1000.027099609375,-4.244113433248219,-2.952329202333894,-1.9640562101704404,0.6892799485069725,-1.3020611999864573,4.827418308175892,-0.5186263600417913,1.481180150187961,-0.9338622622713038,-1.0754422599689946
10.0,122.0,1000.0267333984376,-4.244030872914919,-2.952719998421363,-1.9640770442150208,0.6895223130168713,-1.3015775541797296,4.826938848055809,-0.5186463026756112,1.481152374875558,-0.934148654976231,-1.0753630114604067
10.0,122.0,1000.0280151367188,-4.2442157917340095,-2.952240398068277,-1.964035053808484,0.6892467720747932,-1.302270200315809,4.827544111883007,-0.5185918564117307,1.4811991207606168,-0.9337569815643468,-1.0754765185074482
10.0,122.0,1000.028076171875,-4.244274184865841,-2.951998768199456,-1.964054666673733,0.6890447139628009,-1.302709416534105,4.827856189769582,-0.5185813766983136,1.481171712086894,-0.9335272876138748,-1.0755829908547303
10.0,122.0,1000.02880859375,-4.244077674199225,-2.9524914406562965,-1.964110372063451,0.6893880801890226,-1.301906099209118,4.8272446127969815,-0.5186086473187475,1.4811749219575283,-0.93389595160882,-1.075463396038313
10.0,122.0,1000.0292358398438,-4.244230237163746,-2.9523937085919543,-1.964011953065908,0.689370543793725,-1.3020542655785294,4.827391234716433,-0.5185910913667753,1.4812456265766247,-0.9339400898168756,-1.075375770362582
10.0,122.0,1000.0277099609376,-4.244243959098265,-2.952289326825234,-1.9640018618371016,0.6892897156806086,-1.3021292901675996,4.827513488572295,-0.5186123867560992,1.4812533577872475,-0.9338510313746085,-1.075370982042977
10.0,122.0,1000.0277099609376,-4.244158588364453,-2.9524307393116374,-1.9640026725600364,0.6894323058866121,-1.3018582473384317,4.827279584928121,-0.51862166285418,1.4812542000595883,-0.9339848663360026,-1.0753446022173034
10.0,122.0,1000.0274047851562,-4.244118042697663,-2.952400168899345,-1.964072596510764,0.6893317559481016,-1.3019930196107152,4.827315438048071,-0.5186225381160163,1.481151399116306,-0.93390135130801,-1.0754419403285755
10.0,122.0,1000.0277099609376,-4.24423902334659,-2.9521960069863726,-1.9640474050466776,0.6892175593043248,-1.3023284239587003,4.827593166720842,-0.518581690594373,1.481183606332194,-0.9337340778128942,-1.0754762458350302
10.0,122.0,1000.027587890625,-4.244177965407866,-2.952249667149164,-1.9640360522168123,0.6892706306438274,-1.3021737195213028,4.827542145602235,-0.5185897984762144,1.481239210824505,-0.9337707574749824,-1.0754513280706806
10.0,122.0,1000.0294799804688,-4.24417605593412,-2.952257617940358,-1.9639503516369048,0.6893213204355622,-1.302000730903396,4.827498992190611,-0.5186345900169478,1.4813530248530125,-0.9339085307667644,-1.0753236543963012
10.0,122.0,1000.0279541015624,-4.244211082511078,-2.95209064504764,-1.964097586142418,0.6891078815144063,-1.3024624291609703,4.827726898578234,-0.5185695365955043,1.481130533578292,-0.9335915560192004,-1.075560837497382
10.0,122.0,1000.0288696289062,-4.244196633776235,-2.952221027540228,-1.964056539054313,0.6892397993985817,-1.302240388727454,4.8275267456723245,-0.5185680163535809,1.4811418648287766,-0.9337958180023644,-1.0754764604892193
10.0,122.0,1000.0281982421876,-4.244201874815476,-2.952237394921176,-1.9640215856896253,0.6892964518217761,-1.3022391294397773,4.827545798112162,-0.5185718927166745,1.48122478441024,-0.9337785033203332,-1.0754691071575175
10.0,122.0,1000.0292358398438,-4.244051671436781,-2.9525315168674027,-1.9640620941799536,0.6893910079166812,-1.3018015218948102,4.827189043507595,-0.5186052260218332,1.481172398845496,-0.933993749313073,-1.0754286005575082
10.0,122.0,1000.0285034179688,-4.24427667166381,-2.952317045181603,-1.9640181687174456,0.6893421235171973,-1.3021864296871728,4.827464897213645,-0.518562195911251,1.4812215968047528,-0.933843250898814,-1.0754188976025167
10.0,122.0,1000.0276489257812,-4.244176342693831,-2.9521846956147217,-1.9640401128612373,0.6892491250924344,-1.302266779208689,4.827581895602158,-0.5186004417682719,1.4812397191293316,-0.9337232054332604,-1.0754834908214763
10.0,122.0,1000.027587890625,-4.244182271610627,-2.9523156469004257,-1.9640644577595123,0.6893020958576477,-1.3020904378355782,4.827455929035548,-0.5185765751782041,1.4811755975302487,-0.9338327364700324,-1.075422722201215
10.0,122.0,1000.0277709960938,-4.244046286871991,-2.95258945478644,-1.964089779120204,0.6894346747570825,-1.30172582369629,4.82712116465491,-0.5186308273043236,1.4811567777450367,-0.9340252665598195,-1.0754050683305856
10.0,122.0,1000.0274658203124,-4.244221208758872,-2.9521804030009147,-1.9640580000169328,0.689190300903757,-1.302336763470736,4.827624381920471,-0.5185968980937332,1.481174685268111,-0.9337107379212606,-1.0754856702400497
10.0,122.0,1000.029296875,-4.244276540107943,-2.952049019549135,-1.9639740808171977,0.6892066078047261,-1.302303370544693,4.827802507386705,-0.5185980451615997,1.4813138463375255,-0.9336955518434724,-1.0753679277675028
10.0,122.0,1000.02685546875,-4.244261951416208,-2.9521324659835417,-1.963966969821327,0.6892853349783739,-1.3021954547396517,4.827690228529086,-0.5185591917376389,1.4813238432367593,-0.9337605638847696,-1.075373641092321
10.0,122.0,1000.027587890625,-4.244250182214001,-2.952123599804445,-1.9640270620896745,0.6891849065272702,-1.302422867182056,4.827658008797339,-0.5185729350963895,1.4811823035095395,-0.9337141860257364,-1.0755011639650522
10.0,122.0,1000.0277709960938,-4.244171991266208,-2.9522814683411056,-1.9640272005689128,0.6892599146007816,-1.3021969194382894,4.827497658926852,-0.5186162143402928,1.48119959740524,-0.9337827293366052,-1.075472047133208
10.0,122.0,1000.0283813476562,-4.244226819462018,-2.952189375571197,-1.9640244266092088,0.6892588556947512,-1.3022783065062344,4.827600330150073,-0.5185384436372527,1.4811907932881088,-0.9337664923724454,-1.0754703474805911
10.0,122.0,1000.0274658203124,-4.244231352654281,-2.9522082568463666,-1.9640069966065647,0.6892452717883835,-1.30226066879092,4.827580731996482,-0.5185938227089064,1.4812272066969312,-0.933787732685044,-1.075451377013669
10.0,122.0,1000.02978515625,-4.2443572586475735,-2.951790873930657,-1.9638782102852703,0.6891073765695506,-1.3026358588792313,4.828061839177908,-0.5185734940165103,1.4814001327571784,-0.9336025439336062,-1.0753699889817088
10.0,122.0,1000.0280151367188,-4.244268572231617,-2.9521615276162043,-1.9640202253083296,0.6892273078168962,-1.3023345649824374,4.82763767847648,-0.5185630250718845,1.4811976940482143,-0.933718475557516,-1.075451180311473
10.0,122.0,1000.0272827148438,-4.244185919699154,-2.952402068032609,-1.9640960745098992,0.689352505409059,-1.3021213864628622,4.827341086739239,-0.5185766463767241,1.481133588208686,-0.9338418213598922,-1.075496359183858
10.0,122.0,1000.0282592773438,-4.2442473578612665,-2.952096433466749,-1.9640285156389847,0.6891945962983206,-1.3023578470334698,4.827710790431237,-0.5185359593980134,1.4812183538915136,-0.933676060939784,-1.0754667532498328
10.0,122.0,1000.027587890625,-4.244221310405224,-2.952258355726709,-1.9639232219261404,0.6893859470176711,-1.3018955707065971,4.82753653245992,-0.5186000804825506,1.481362936788372,-0.9339262026025984,-1.0752546548170527
10.0,122.0,1000.0288696289062,-4.244260685340739,-2.9520709805637577,-1.964079219521304,0.6890966540173995,-1.3026273957326002,4.827739495986121,-0.5185431276852777,1.481135278821979,-0.9335885739659302,-1.0756101134111002
10.0,122.0,1000.027587890625,-4.244277923889642,-2.9521457476767314,-1.9640427916015115,0.689205250226812,-1.302432717771771,4.827672174709738,-0.5185667028787035,1.4812029543755862,-0.9336908186344656,-1.075483130634212
10.0,122.0,1000.0283813476562,-4.244209379736242,-2.952131622903934,-1.964032230503732,0.689215168340997,-1.3023325242630657,4.827669709421405,-0.5185728198832988,1.4811858778348608,-0.9336788995611824,-1.0754910359770695
10.0,122.0,1000.0282592773438,-4.2442049419676335,-2.952180760397864,-1.9641026281637992,0.6892143495826168,-1.302377770169607,4.82758884569308,-0.5185434434772827,1.4811468855433887,-0.9336724342796838,-1.0755471566207824
10.0,123.0,1000.027587890625,-4.244197119202655,-2.9522612900492344,-1.964073604026036,0.6892620858700571,-1.30222967900461,4.827536116619585,-0.5185634148024869,1.4811757638884655,-0.9337343070471816,-1.075501792511803
10.0,123.0,1000.0283813476562,-4.244164786846904,-2.952588031655853,-1.964010763383329,0.6895400830368414,-1.3015762828647288,4.827118260295126,-0.5185904212351229,1.481253798969413,-0.9341097125479676,-1.0752631728932514
10.0,123.0,1000.0278930664062,-4.244149880707323,-2.952303563174824,-1.9640393319333864,0.689324262464428,-1.3020803319882086,4.827451626817652,-0.5185986403691745,1.4812247828546583,-0.933824215670212,-1.075441315399244
10.0,123.0,1000.0278930664062,-4.244283741514225,-2.952181328098132,-1.963944946662191,0.6893012135253809,-1.302154083666038,4.827625260438321,-0.5186014862501214,1.4813318352704457,-0.9338453049325164,-1.0753355499511177
10.0,123.0,1000.0277709960938,-4.2442913927250805,-2.9520459906756567,-1.9639458356046324,0.6892123557037779,-1.302294273855126,4.8278001251270695,-0.518572880745964,1.4813186198125177,-0.933732923796632,-1.075354553792613
10.0,123.0,1000.029541015625,-4.244075152501755,-2.952603253564825,-1.964189142099202,0.6893917842347621,-1.3018915681014014,4.827117273853208,-0.5185631771073433,1.4810508112030352,-0.9339133883857,-1.075527135541706
10.0,123.0,1000.02783203125,-4.2442725857545724,-2.9520733882526056,-1.963992138014704,0.689233939020987,-1.302384089516366,4.82775185284153,-0.518547366028236,1.4812839222361802,-0.9336653047306598,-1.0754568894531324
10.0,123.0,1000.028076171875,-4.244154678269407,-2.9524033060302126,-1.9640700956303483,0.6893386427115447,-1.3021484200520672,4.827329513449261,-0.5185905458656128,1.481140589151333,-0.9338600344984362,-1.0755171422974268
10.0,123.0,1000.0276489257812,-4.244119192950764,-2.952512958725577,-1.9640601122381616,0.6894104055046775,-1.301942648513882,4.827192125943268,-0.5186130650386307,1.481154145566017,-0.9339757969234874,-1.0754405249666197
10.0,123.0,1000.0288696289062,-4.2442157249283365,-2.952206804206519,-1.9640471598760567,0.6891999791801666,-1.3023512098434509,4.827599128286989,-0.5185887771720505,1.4811850548605623,-0.933711854930964,-1.075480643411784
10.0,123.0,1000.0275268554688,-4.244241756922038,-2.952187447000573,-1.963971314616746,0.6892829431417749,-1.3022405316426164,4.827607453203678,-0.518569421566971,1.4812524314292483,-0.9337891826570042,-1.0754380391956668
10.0,123.0,1000.0293579101562,-4.244287182362172,-2.952162377858139,-1.963944985062671,0.6893176195620203,-1.302172734014075,4.827664621729396,-0.5185742723743267,1.4813419554352478,-0.9337614378443196,-1.0753515051247398
10.0,123.0,1000.0277099609376,-4.24418468583924,-2.95212500778671,-1.9641046738229715,0.6891246458402467,-1.3025186548563732,4.827670927118444,-0.5185647000278202,1.4811058033311415,-0.9336116455952296,-1.075594076432584
10.0,123.0,1000.0280151367188,-4.244240283498698,-2.9522296034359705,-1.964008038168984,0.6893049091937486,-1.3021830025997845,4.82756584590004,-0.5185517750977935,1.4812308889269588,-0.933793102807254,-1.075433756491044
10.0,123.0,1000.027587890625,-4.244239219110931,-2.952244766820085,-1.9639436316399528,0.6893175473394075,-1.302122242401003,4.827526564887949,-0.5186143750760923,1.4813051714898426,-0.93389264244035,-1.0753447266059668
10.0,123.0,1000.027587890625,-4.244142819182377,-2.9523341518853323,-1.964110735738236,0.689260442928683,-1.3021667960972594,4.827406118577718,-0.5185694276049784,1.4810884047194168,-0.933795958181717,-1.0755199839691425
10.0,123.0,1000.0272216796876,-4.244132044898678,-2.9523751041991906,-1.9640731128649245,0.6893177230012935,-1.3020786154388064,4.827392079282294,-0.5186108137472791,1.4811805128455795,-0.9338440475463264,-1.0754653280008348
10.0,123.0,1000.0277709960938,-4.244202243698195,-2.9522004546531337,-1.964022433988452,0.6892238539935045,-1.3023138859386432,4.827571418445697,-0.5185908221956073,1.4811994986336785,-0.9337346523195924,-1.0754979691640325
10.0,123.0,1000.0282592773438,-4.244171610187871,-2.952186144540992,-1.963969132030576,0.6892613978114595,-1.3021788767559483,4.82758556818624,-0.518618996647934,1.481267628592169,-0.9338248710793192,-1.0754069624093132
10.0,123.0,1000.0277709960938,-4.244142923603254,-2.952269714953935,-1.9640812694964824,0.6892198556504869,-1.3022594568060466,4.827503643704777,-0.518607709979003,1.4811494556966842,-0.9337768165393188,-1.075502883293523
10.0,123.0,1000.0277099609376,-4.244116320498721,-2.952338402163403,-1.9640946248704287,0.6892932926067168,-1.3021526345673933,4.827401606125299,-0.5185921774565934,1.481136842412064,-0.9338018566419386,-1.0755039741127952
10.0,123.0,1000.0277099609376,-4.244214810160843,-2.9521127987023985,-1.963984571354632,0.6892226079934236,-1.3023346437676202,4.82768183567085,-0.5186136074938998,1.4812668080837703,-0.9337591330610664,-1.0754197722586802
10.0,123.0,1000.0278930664062,-4.244060617168793,-2.952528412628537,-1.9641458521090764,0.6893803628639175,-1.3019235222754109,4.827192954156626,-0.5186009823155189,1.4810971832507889,-0.933881792967985,-1.0755101166395176
10.0,123.0,1000.02783203125,-4.244286725729316,-2.9520537495077943,-1.964062360932244,0.6891217000901193,-1.302552975973723,4.827775003885753,-0.5185676031267326,1.4811733893956012,-0.9335881197588094,-1.0755387777627412
10.0,123.0,1000.0276489257812,-4.244118189515548,-2.952482453376222,-1.9640443718832392,0.6894066211564542,-1.3017741537191043,4.827228072765934,-0.5186257134530612,1.481215913358346,-0.934002980321198,-1.0753531911699432
10.0,123.0,1000.0275268554688,-4.244149283787654,-2.9522536329774645,-1.9640864096290995,0.6892321352036044,-1.3022912608157462,4.827514537639537,-0.5185658736603935,1.4811253292482762,-0.9337290068436684,-1.0755567799335646
10.0,123.0,1000.0283203125,-4.244133009045113,-2.9524156856153465,-1.9640763459795307,0.6893103217753369,-1.3020963230749611,4.827337636633699,-0.5186004294683748,1.4811439657199346,-0.9338697515867436,-1.0755035024207893
10.0,123.0,1000.0279541015624,-4.244129152108355,-2.9524327683051506,-1.9640999413231115,0.6893607530098533,-1.3019777237820462,4.827293282145055,-0.5185827245715204,1.4811216911372949,-0.9338937564341628,-1.075467333525519
10.0,123.0,1000.0284423828124,-4.24418270597322,-2.9523561734937216,-1.9640420750635377,0.6893562035555156,-1.302035470112056,4.827391926175586,-0.5185671165761176,1.4811971314485852,-0.933871918914412,-1.07542176217388
10.0,123.0,1000.02734375,-4.2441525156695965,-2.9523451769712845,-1.9639867081361988,0.6893782431966731,-1.3019371448491557,4.827385485692105,-0.5186134480527951,1.4812566799775704,-0.9339452763785978,-1.0753523656224622
10.0,123.0,1000.0276489257812,-4.24407474699943,-2.952526873422226,-1.9640916225978489,0.6893927565181981,-1.3018471064068633,4.827168586797354,-0.5186215565886814,1.481106600926493,-0.9339782285583178,-1.0754404858939397
10.0,123.0,1000.0283813476562,-4.244143519020644,-2.952195321203562,-1.964100180073698,0.6891827007937579,-1.3023755535147057,4.827598124527338,-0.5185664004007071,1.481122249653338,-0.9336756600840816,-1.0755676709143458
10.0,123.0,1000.0274047851562,-4.2441123191287655,-2.952363825336436,-1.9640864575693249,0.6893294889793244,-1.301985851049797,4.827366334190659,-0.5185918153290299,1.481164432242049,-0.9338525662930692,-1.0754533858860116
10.0,123.0,1000.0283203125,-4.244162655814123,-2.952108116797602,-1.964028561121192,0.6891980533287478,-1.3023365650627865,4.827691180733032,-0.5186037356698474,1.4812292381900196,-0.933694289085344,-1.075481285658798
10.0,123.0,1000.0282592773438,-4.244078057234309,-2.9525754874790016,-1.9640984396035028,0.6894491669164227,-1.3017587195584293,4.827144010863576,-0.5185955501606783,1.4811473837324556,-0.9339869389680766,-1.075425522256188
10.0,123.0,1000.02880859375,-4.244152273379213,-2.952424607900439,-1.9639619428345667,0.6894359283612248,-1.3017961917293115,4.827296407609726,-0.5186040282529865,1.48128940726345,-0.9340324908546512,-1.0752844551905127
10.0,123.0,1000.0283813476562,-4.244079415938685,-2.952476413507468,-1.9641243247063864,0.6893609335578983,-1.3020197458151843,4.827232186203435,-0.5185827225083388,1.4810849632797236,-0.9338760017693212,-1.075540833673323
10.0,123.0,1000.0299072265624,-4.244120661414678,-2.9523153928141563,-1.9640688761709053,0.689305225661049,-1.3021144988110973,4.827435921959259,-0.5186300988558425,1.4811874964500182,-0.9338321227593198,-1.075479133179602
10.0,123.0,1000.0269775390624,-4.244234154093525,-2.9521312289547192,-1.9640411030292908,0.6891704153820815,-1.3024546263284758,4.827677289407328,-0.5185865427167977,1.4811918441699443,-0.9336561433637324,-1.075514863179572
10.0,123.0,1000.02783203125,-4.244233020193261,-2.9522886180795025,-1.963974662484788,0.6893642524415373,-1.3020467933876445,4.827502483054376,-0.5185910686095614,1.48127608720195,-0.9338723887962228,-1.0753525546660785
10.0,123.0,1000.02783203125,-4.244155732562928,-2.952270111685857,-1.9640382537370729,0.6893126215020127,-1.30213594762963,4.827484617168755,-0.5186034796682595,1.481202608191147,-0.9338202078395152,-1.0754292578358635
10.0,123.0,1000.0285034179688,-4.244104744561856,-2.952571714868754,-1.964045263036879,0.6894715167398591,-1.3017482690541513,4.827111053536942,-0.5186066629738466,1.4811837128066916,-0.9340647316054812,-1.0753874679127544
10.0,123.0,1000.0272216796876,-4.244073180863822,-2.9525849649085987,-1.9640681373849675,0.6894587410628992,-1.3017344198339709,4.827109061793918,-0.5186269511792325,1.4811545053606787,-0.934047676383031,-1.0753968938663014
10.0,123.0,1000.0281372070312,-4.244145799975709,-2.95238377808817,-1.96400397922478,0.6893714061852041,-1.3019610896523797,4.827333090991752,-0.5186350505319659,1.481231620120246,-0.9339609782558947,-1.0753695307678894
10.0,123.0,1000.0276489257812,-4.244102186340813,-2.952561903421625,-1.9641082332085864,0.6894274392315012,-1.3018037841858678,4.827138493100357,-0.518604254449861,1.4811283748893356,-0.9339809935843756,-1.0754243377510808
10.0,123.0,1000.0280151367188,-4.244320177417162,-2.9519410405243027,-1.9639324521089647,0.6891501693957123,-1.3024954048765849,4.82789663919133,-0.5185822020969617,1.48133085913945,-0.93363552408798,-1.0754037408759929
10.0,123.0,1000.0267944335938,-4.244055955186742,-2.95268799320438,-1.9641303015659,0.6894731964045739,-1.3016866326284706,4.826987520126597,-0.5185922612916256,1.4810744364861268,-0.9340647890828412,-1.0754353632808664
10.0,123.0,1000.0281372070312,-4.244128551638726,-2.952373543335047,-1.9640493547451976,0.6893086042757135,-1.3020887552510136,4.827357061308522,-0.5186044375460899,1.481151417965691,-0.9338720136906602,-1.0754798112040111
10.0,123.0,1000.0282592773438,-4.24424745022891,-2.952144026788641,-1.964054745097663,0.689188703308659,-1.302389592637975,4.827685099087992,-0.5185665631010625,1.4812035784728037,-0.9336708930918788,-1.0754923923959998
10.0,123.0,1000.0289306640624,-4.244174987976013,-2.952361255420196,-1.9640057370717043,0.6893658913894214,-1.301988304252848,4.827353238766829,-0.5186176756227754,1.4812462822532604,-0.9339572045352088,-1.0753655423613866
10.0,124.0,1000.0284423828124,-4.244075027675357,-2.9526266450411005,-1.9640249810566872,0.6895062269873655,-1.301618763960044,4.82706442381671,-0.5186399728938405,1.48121144697261,-0.9341424634186186,-1.075317705220138
10.0,124.0,1000.0277709960938,-4.244005933255646,-2.9527105048036426,-1.9641007650233409,0.6895266083679008,-1.3015321503121284,4.826954992738791,-0.5186221773981288,1.4811309416196972,-0.9341054464117828,-1.0753845185355893
10.0,124.0,1000.0277099609376,-4.24418689231282,-2.9522199471256987,-1.964082462529401,0.6892260468147899,-1.3023176275474757,4.827588125948827,-0.5185571317231403,1.481184757091314,-0.9336734925279168,-1.0755443179053792
10.0,124.0,1000.0293579101562,-4.244043086236838,-2.952576209154221,-1.9642079350835893,0.6893432508073758,-1.3020372763317378,4.827147346400654,-0.5185767385052591,1.4809808177881774,-0.9338267197338226,-1.0756164910069286
10.0,124.0,1000.0272827148438,-4.244206482578407,-2.952242596549719,-1.964032025248892,0.6892665742414312,-1.302190232608165,4.827541293631013,-0.5186042067116556,1.4812232311898157,-0.9338026378399338,-1.0754212494609412
10.0,124.0,1000.0277709960938,-4.244096098645761,-2.9525275268312754,-1.964067548319972,0.6894188686341387,-1.3019323933266165,4.827151131674158,-0.5186022628991278,1.4811150723681248,-0.9340018115843892,-1.0754611395245322
10.0,124.0,1000.0276489257812,-4.244067975919737,-2.9527242470582027,-1.9640999060817803,0.689488043998888,-1.3016847211000355,4.826937967593183,-0.5186193843274403,1.481089298752048,-0.9341142653757551,-1.0754119828724469
10.0,124.0,1000.0276489257812,-4.244074952816309,-2.9526205657642186,-1.9640419181732187,0.6895133484865426,-1.301672488155667,4.827075826520183,-0.518620539077185,1.4811888983948895,-0.934091268371497,-1.0753530096289832
10.0,124.0,1000.0275268554688,-4.244003676466086,-2.952699524830359,-1.964087894681544,0.6894808546075994,-1.301552879682235,4.82697540466692,-0.5186375189708077,1.4811195271386008,-0.9341165819318108,-1.075393065085942
10.0,124.0,1000.02783203125,-4.244233556295354,-2.952231632580084,-1.963998171987844,0.6892829620839684,-1.3022259691854514,4.827548408789061,-0.5186092102710607,1.4812440855295763,-0.9338224375644932,-1.0754091805447867
10.0,124.0,1000.0286865234376,-4.2441505352827305,-2.95238927582845,-1.9640561076523708,0.6893166051947155,-1.3020579782592483,4.827330498167292,-0.5186034238853567,1.48115193021256,-0.933906282012826,-1.0754410298602206
10.0,124.0,1000.0260620117188,-4.244138443116951,-2.9524085217810265,-1.9640084510468088,0.689377071757022,-1.3018980122228574,4.827346403284061,-0.5186152098703465,1.4812393487637117,-0.9339611390832872,-1.0753517591350683
10.0,124.0,1000.02783203125,-4.244084585203076,-2.9524679042889583,-1.9641689913628024,0.6892973655740517,-1.3021239732058252,4.82726823129315,-0.5185591988000757,1.4810194565593149,-0.9338037051429158,-1.075600306773139
10.0,124.0,1000.0277099609376,-4.244125985827683,-2.952441515393597,-1.9640095602567773,0.6894061809572083,-1.3018785616247666,4.827286156983764,-0.5186105220834527,1.4812120950838956,-0.9339842939781616,-1.0753825918524358
10.0,124.0,1000.0266723632812,-4.244084060892494,-2.9526457092354668,-1.9640794631188327,0.689476024673283,-1.3016936268807768,4.827046784579123,-0.5186099650093086,1.4811354514072956,-0.9340765522949042,-1.0753877782532668
10.0,124.0,1000.0277099609376,-4.244094637057118,-2.9525117472397846,-1.9640801380281057,0.6894486712205419,-1.3018051696718365,4.827204553563083,-0.5185686688573767,1.4811509268705088,-0.9339632411958948,-1.075430453153043
10.0,124.0,1000.026611328125,-4.244082598749442,-2.952598282671942,-1.964070328414878,0.6894725219302469,-1.301661668220477,4.827109100768187,-0.5186079589333561,1.4811701519469391,-0.9340569285780164,-1.0753527588317708
10.0,124.0,1000.0281372070312,-4.244058400493056,-2.952530663341808,-1.9640735077424427,0.6894208268584858,-1.3018062096528698,4.827181162321248,-0.5186181195403075,1.481175581963031,-0.9339897950386497,-1.075404937475299
10.0,124.0,1000.0261840820312,-4.244148768614508,-2.952325144147535,-1.964044039807328,0.6892902968328585,-1.3020921890163173,4.827430573400013,-0.5186119505678946,1.4811900859452294,-0.9338562370125548,-1.0754450362969576
10.0,124.0,1000.02880859375,-4.244060690721007,-2.9524633513144654,-1.964110435780142,0.6893474495149556,-1.3019370312280802,4.827247030667927,-0.5186227904112357,1.481089017851823,-0.933922079659447,-1.0754874150644227
10.0,124.0,1000.0281372070312,-4.244254420662776,-2.952262327214388,-1.9640348097632736,0.6892840022824931,-1.30222325807829,4.827531342526207,-0.5185604923033305,1.481210731142891,-0.933772299732608,-1.0754563790607827
10.0,124.0,1000.0277709960938,-4.244098750727844,-2.9525373156301384,-1.9640197750706443,0.6894623478503705,-1.30175741437181,4.8271642271467,-0.5186263632374875,1.4812136658156474,-0.9340680351375692,-1.0753459973167456
10.0,124.0,1000.0289306640624,-4.244107401751264,-2.9523900158287413,-1.964049244461993,0.6893537700891219,-1.3019298724599988,4.8273228250334,-0.5185941023721226,1.4811767080458136,-0.9339203850318016,-1.075422488379357
10.0,124.0,1000.027587890625,-4.244205120685302,-2.9522109347061023,-1.9640132164744968,0.6892747243225621,-1.302195971838489,4.827568290463681,-0.5186084987409805,1.4812351979071838,-0.9337886184250976,-1.0754210938832944
10.0,124.0,1000.0281372070312,-4.244172034870653,-2.9524265064669386,-1.964020974472564,0.6894247898819073,-1.30196368256051,4.827290668293276,-0.5185852767759123,1.481201963216633,-0.933957372689199,-1.0754197010396975
10.0,124.0,1000.0276489257812,-4.244091398066868,-2.952534668100159,-1.9640206832075071,0.6894811220892825,-1.3016909306534703,4.827186638756508,-0.5186230350136247,1.481248596216992,-0.9340376247894042,-1.075345385362248
10.0,124.0,1000.027099609375,-4.244083158566629,-2.95255659009566,-1.964117563579626,0.6894106821936177,-1.3018627926422837,4.827147055819113,-0.5185943180182626,1.481091634675047,-0.9339498108990876,-1.0754748215018828
10.0,124.0,1000.0277099609376,-4.2441706659894365,-2.952386227663656,-1.963976772415449,0.6893885819987986,-1.301845748873637,4.827372281819537,-0.5186068489306175,1.4812831982152712,-0.9339582489484082,-1.0753207830405636
10.0,124.0,1000.0282592773438,-4.244116472147932,-2.9525987457910348,-1.9641322159449777,0.6894434379372427,-1.3018498577462214,4.827127241783597,-0.5185725920128368,1.4810799734182698,-0.9339569196283772,-1.0754719880057309
10.0,124.0,1000.0282592773438,-4.244192949281528,-2.952170511504732,-1.9639902322671885,0.6892636836674253,-1.3022204259791788,4.827604867544759,-0.5186050362540611,1.4812638016588808,-0.9337842672842792,-1.075422527048758
10.0,124.0,1000.0269775390624,-4.244169124684636,-2.95240018816484,-1.963994274281588,0.6893991346890243,-1.3018552142297657,4.82735761339001,-0.5186055416784878,1.481266988038726,-0.9339680005889904,-1.0753331652790226
10.0,124.0,1000.02783203125,-4.244213526920671,-2.9523084953680865,-1.9640490439423888,0.6892684881970901,-1.3021089805726986,4.827470120953933,-0.5186092164707592,1.481200099153698,-0.933835384650414,-1.075409459591357
10.0,124.0,1000.02783203125,-4.244040907872594,-2.952685604787256,-1.964083135441126,0.6895038118174348,-1.3016709963584376,4.826985594031306,-0.5186362820117116,1.481143436651906,-0.9341125403223351,-1.0753945370910238
10.0,124.0,1000.0278930664062,-4.244146059254365,-2.9524405239491576,-1.9639994229940712,0.689419093460196,-1.3019121660876936,4.8272802154543175,-0.5186096867021419,1.4812335013071871,-0.9339951540223534,-1.075379496635971
10.0,124.0,1000.0281982421876,-4.244075354156074,-2.952735249472933,-1.9640641874842573,0.689488536709816,-1.3016111107506472,4.826946560175848,-0.5186592919946262,1.481148587614708,-0.9341645479336096,-1.0753505136293873
10.0,124.0,1000.0278930664062,-4.244092628796609,-2.9524472657666467,-1.9640558326831177,0.6893743176419251,-1.3018910426499302,4.827268439467492,-0.518595611659256,1.4811579217114144,-0.933952061945118,-1.0754147607542714
10.0,124.0,1000.0281372070312,-4.244050070687083,-2.952702247014567,-1.9640823396247915,0.6895201602844718,-1.3016173584034445,4.826958788598079,-0.518622991460715,1.4811466114088878,-0.9341174128096544,-1.0753784682758911
10.0,124.0,1000.0282592773438,-4.24408167650671,-2.952482299129566,-1.9640009549592663,0.6894446750636698,-1.3017222437043467,4.827237669791778,-0.5186301108469102,1.481238654737238,-0.9340298831199608,-1.075342197404816
10.0,124.0,1000.0277709960938,-4.244241811940832,-2.952109596179008,-1.9640887476756104,0.6891637669041719,-1.3025196939366177,4.827698993100709,-0.5185446237131073,1.4811261613219011,-0.9336112043334568,-1.075584873022331
10.0,124.0,1000.0281372070312,-4.244095492902272,-2.952502533785418,-1.9640741479099977,0.6893627479344788,-1.3018482931935829,4.8272157186800175,-0.5186246431751398,1.481133480496294,-0.933965735586864,-1.0754214160535436
10.0,124.0,1000.0275268554688,-4.244142577436727,-2.952428555981672,-1.963991805763728,0.6894372099531934,-1.3018302081452493,4.827287880083524,-0.5186024748462899,1.4812644227558351,-0.9339900195342938,-1.0753505719115886
10.0,124.0,1000.028076171875,-4.24413208109231,-2.9524444125469493,-1.964074680372428,0.6893890013361235,-1.3019759783090152,4.827296764245727,-0.5185948499938151,1.4811750459113302,-0.9338932515437168,-1.0754355380041378
10.0,124.0,1000.0281372070312,-4.244093939413352,-2.952369381798796,-1.9641005208887687,0.6892898499302351,-1.3020946231679713,4.827371160235707,-0.5185972841270958,1.481126730805629,-0.933800812619352,-1.0755177754799743
10.0,124.0,1000.0279541015624,-4.244195404671353,-2.9523518332393857,-1.964083514800852,0.6892856803369174,-1.3021772013804038,4.8274074695968885,-0.5185607319399761,1.481126642903669,-0.9338232555570176,-1.0755024021778574
10.0,124.0,1000.0278930664062,-4.244115884442057,-2.952275550391597,-1.964048296757368,0.6892679756925553,-1.302153508373978,4.827462795445712,-0.5186223708427224,1.4812036013779997,-0.9338276510792802,-1.075459030148664
10.0,124.0,1000.0276489257812,-4.24409103295032,-2.95249808422942,-1.9640944929696824,0.6893949605524607,-1.3019055675201634,4.827221545987898,-0.5185790529715124,1.481132257549035,-0.9339254046180648,-1.075463052872828
10.0,124.0,1000.0279541015624,-4.244120506505669,-2.9523771891336,-1.9640160202793844,0.6893760765487684,-1.3019120107165127,4.827371213945501,-0.5186195623719678,1.48126244627945,-0.9339184926724052,-1.0753798074295822
10.0,124.0,1000.0281372070312,-4.2441659388803314,-2.952332740422439,-1.964063029643126,0.6893127223905573,-1.3020625078687118,4.827436948470256,-0.5186027092293815,1.4811869401340283,-0.9338369841480344,-1.0754306679223815
10.0,124.0,1000.0284423828124,-4.244035157254355,-2.95269198568295,-1.9641256437004968,0.6894672408514904,-1.3017044863177,4.826993710404503,-0.5186344043656836,1.4811141911266716,-0.93404858264672,-1.0754382613162463
10.0,124.0,1000.0279541015624,-4.24407926645396,-2.95264123780854,-1.964125520233972,0.6894451425716817,-1.3018320969534387,4.827062214735978,-0.518598013389088,1.481073841805685,-0.9339951048696502,-1.0754958971701156
10.0,125.0,1000.0267944335938,-4.243986957076995,-2.9527077900409284,-1.9641090555735423,0.6894836156430237,-1.301559677271186,4.826962650910279,-0.5186462480078626,1.4811124088212395,-0.9341050926019658,-1.075398652081569
10.0,125.0,1000.0274047851562,-4.244132829256783,-2.9524582271121385,-1.964073805050349,0.6893763451945834,-1.301949665014425,4.827267748758725,-0.5185881901786358,1.4811402985972535,-0.9339211789389426,-1.0754395744167633
10.0,125.0,1000.0278930664062,-4.244125148887999,-2.952418722756568,-1.964101152497861,0.6893132504424262,-1.3021325172081748,4.827326029478886,-0.5185619272739288,1.481094110072303,-0.9338327041904382,-1.0755448216525672
10.0,125.0,1000.02783203125,-4.244130265111801,-2.95232342233833,-1.9640451149307545,0.6893160940965188,-1.302037759180866,4.82744822487553,-0.5186009322681482,1.4812084372600616,-0.933853955471676,-1.0754215244144931
10.0,125.0,1000.0269775390624,-4.243992019319787,-2.9527441497222444,-1.964095291620762,0.6895273872410019,-1.3014227720163314,4.8269209096443735,-0.5186235377787138,1.481129704448687,-0.9341831355462702,-1.0753476370579644
10.0,125.0,1000.0277099609376,-4.244246746757561,-2.952101091909371,-1.9640408904923248,0.6891613627797701,-1.3023945201212528,4.827716579753261,-0.518578563885546,1.4811936936517522,-0.9336586871977124,-1.075493040781685
10.0,125.0,1000.0279541015624,-4.244258342855818,-2.952222300613559,-1.963908813461201,0.6893544109880789,-1.3019909319382474,4.827581839007006,-0.5186153007960197,1.4813870532905486,-0.9339117607729291,-1.0752562403028514
10.0,125.0,1000.0280151367188,-4.244142146535081,-2.9525218489344205,-1.964027785304863,0.689431813853135,-1.301752020791021,4.827220337055429,-0.5186217814456491,1.481204885197469,-0.9340417344959722,-1.0753326528660303
10.0,125.0,1000.0270385742188,-4.244111189624322,-2.952599533910345,-1.964041953254403,0.6894764092362511,-1.301662041339155,4.827113871673774,-0.5186094429764596,1.4811893475811164,-0.9340675028532166,-1.075338332079208
10.0,125.0,1000.0262451171876,-4.2442063406634185,-2.952203141168809,-1.9640305566538088,0.6892214322133192,-1.302286729136382,4.827597279922323,-0.5185856071886406,1.481194218361532,-0.9337431143509178,-1.0754750490997242
10.0,125.0,1000.0281982421876,-4.244168685707562,-2.952406865715752,-1.9640535911818453,0.6893342878045337,-1.3021051284515242,4.8273279947916485,-0.5186059392892837,1.481165847420554,-0.9338776101101578,-1.0754491403933262
10.0,125.0,1000.0275268554688,-4.244090522745515,-2.952578106904294,-1.9640419437937844,0.6894968926655505,-1.3016978453160897,4.827127970878571,-0.5185980396331455,1.4811779100751234,-0.9340549301293964,-1.0753664238493004
10.0,125.0,1000.028076171875,-4.244023723290304,-2.952628282272984,-1.9641670370647049,0.689369099162481,-1.3018177287270842,4.827047854906287,-0.518623771439203,1.481017578057581,-0.9339888960143848,-1.0755075145983055
10.0,125.0,1000.0294189453124,-4.243973516715057,-2.9527233030694515,-1.9641746449859143,0.689407475408327,-1.301632124712642,4.8269154612166805,-0.5186469537259129,1.4810082813052077,-0.9340915327642234,-1.0754544575077736
10.0,125.0,1000.0274047851562,-4.244014064060101,-2.952811838099845,-1.964139043534919,0.6895673477888487,-1.30157126469449,4.826853149899165,-0.5185721205356222,1.4810533944803597,-0.9341045855420198,-1.075471946315301
10.0,125.0,1000.0275268554688,-4.244202383550489,-2.952281471397008,-1.963994989951004,0.6893242826352397,-1.3020920663630495,4.827505488298563,-0.5185967449191393,1.4812706003855585,-0.9338391702061806,-1.075389952475439
10.0,125.0,1000.028076171875,-4.244065496630047,-2.952468496715499,-1.96414481928038,0.6893202299615684,-1.3020780879133431,4.8272565699918175,-0.5185900737585118,1.4810627330827677,-0.933836744924907,-1.075569645101297
10.0,125.0,1000.0264282226562,-4.2440947797128885,-2.952519103347912,-1.964072151587306,0.6894183747298133,-1.3018032321496782,4.827205726665364,-0.5186011876456167,1.4811670889347894,-0.9339670799964804,-1.0754090440542758
10.0,125.0,1000.0294799804688,-4.244136314139576,-2.95241751842122,-1.96393640773356,0.6894602070687874,-1.301646470718438,4.827341185442492,-0.5186562200918852,1.4813711289039428,-0.9340619747712616,-1.0751927469708256
10.0,125.0,1000.0274658203124,-4.244195118219534,-2.9523949777806284,-1.9639924422328376,0.6894169773266672,-1.3019191955875002,4.827358803069947,-0.5185873029728194,1.481250857789438,-0.9339516495852846,-1.0753439624095966
10.0,125.0,1000.0277709960938,-4.244229106251101,-2.9522498054948865,-1.9639854179703529,0.6893203459062622,-1.3020091779640404,4.827549023187951,-0.51859285903494,1.4812829084736965,-0.9338566968737254,-1.0753244071164296
10.0,125.0,1000.028076171875,-4.244186478461299,-2.95226219298305,-1.9640148621060072,0.6893117111368632,-1.3020837329068078,4.827509557281726,-0.5185892732928163,1.4812349896679935,-0.9338242225504656,-1.0754020626848495
10.0,125.0,1000.0291748046876,-4.2440493437784745,-2.9527701552762355,-1.963985635479922,0.6896760100899622,-1.3013655527247958,4.826903456517828,-0.5186568350137941,1.4812719511155894,-0.9342619388466707,-1.0752289649118834
10.0,125.0,1000.0274658203124,-4.244091581182686,-2.952471906522737,-1.9640371121216136,0.6894103915277245,-1.301865625503514,4.827259310979626,-0.5186098823393941,1.4812183665226015,-0.9339549459602604,-1.0754187718623944
10.0,125.0,1000.028076171875,-4.244326372703038,-2.9520685695217668,-1.9639761561810989,0.689190690067135,-1.3023856808060867,4.82779516325081,-0.5185611137636279,1.4813097644140107,-0.9336932353008204,-1.075395844983234
10.0,125.0,1000.027099609375,-4.244076616300829,-2.952508150401948,-1.9640151416260216,0.6894179327600645,-1.3017438936357562,4.827207017609542,-0.5186467432586337,1.4812402919789245,-0.9340302512078278,-1.0753510012752605
10.0,125.0,1000.0281372070312,-4.244200969756141,-2.9523899916964766,-1.9639163062065768,0.6894591598201423,-1.3017801359047103,4.827378407084858,-0.5186234032191948,1.4813603495211822,-0.9340435839462486,-1.0752290977134638
10.0,125.0,1000.0286254882812,-4.244105826231932,-2.952529297607645,-1.9640480619450744,0.6894372331131127,-1.3016638394391924,4.827177099933369,-0.5186076060217184,1.481192593803252,-0.9340453472592536,-1.0753240034200728
10.0,125.0,1000.0281982421876,-4.24417230805093,-2.9523084090958305,-1.9639464380421967,0.6893771909239561,-1.3018814566198107,4.827461721642832,-0.5186269548898697,1.4813312697548664,-0.9339484029644912,-1.0752944325379326
10.0,125.0,1000.02783203125,-4.244128206518795,-2.952370284671613,-1.964142342057512,0.6892506068474971,-1.3021765787177602,4.827375090755259,-0.5185987433745716,1.481067260224405,-0.9337887353531532,-1.075564278676631
10.0,125.0,1000.0271606445312,-4.244103282544188,-2.952441790734278,-1.964130363553212,0.6893190813271506,-1.3020583213728374,4.827286671188736,-0.5185812149638327,1.481079370801872,-0.9338432674758508,-1.0755312564867197
10.0,125.0,1000.0277099609376,-4.2441134680148185,-2.952486951763635,-1.964070484045957,0.6894244589433862,-1.3018086490303626,4.827232103996087,-0.5186133528287034,1.481176636333382,-0.9339594297214884,-1.0753787779572177
10.0,125.0,1000.0263671875,-4.244049616957443,-2.952656313922802,-1.964071823176168,0.6895010988798376,-1.301614540851015,4.827032502279355,-0.5186264463801855,1.4811745846594082,-0.934096707523123,-1.0753760267104413
10.0,125.0,1000.0276489257812,-4.244179684886451,-2.952461328762217,-1.963971412747676,0.6894574126573723,-1.3017764002756076,4.827262138605295,-0.5186247886030912,1.4812808264294546,-0.934076137785004,-1.075252364333478
10.0,125.0,1000.029541015625,-4.244147439988128,-2.9524201154977305,-1.9639705359455568,0.6894244083605638,-1.3017347101521546,4.827357881539996,-0.5186459673951038,1.4813168343275018,-0.9339951774300728,-1.0752644014824702
10.0,125.0,1000.0276489257812,-4.244184855704889,-2.9523699908765324,-1.9640559101164048,0.6893086338458421,-1.3020012865866963,4.827403627613911,-0.5186115243150429,1.4811969053161995,-0.933874667339362,-1.0753743308650423
10.0,125.0,1000.02783203125,-4.24409789557951,-2.952505776245036,-1.964094145661977,0.6893906334169388,-1.3018721642242284,4.82723395490174,-0.5185801767796079,1.4811211480542772,-0.9339029630613584,-1.075467211760848
10.0,125.0,1000.026611328125,-4.244108329171726,-2.9524970619328474,-1.9640709022712204,0.689404345991468,-1.3018121429093696,4.82721971692127,-0.5186004750955293,1.4811564888029043,-0.9339700705383596,-1.075402131196883
10.0,125.0,1000.02783203125,-4.244015105080386,-2.9526466173667627,-1.9642243403922013,0.6893313790740043,-1.3019422831358405,4.827049875366692,-0.5186027421706978,1.4809574668518897,-0.9338938557019976,-1.0756103855117831
10.0,125.0,1000.027587890625,-4.244032244998175,-2.952556647395073,-1.964089239929576,0.6893994489114741,-1.301838354328866,4.827118909188414,-0.5186362287591129,1.4810990086887896,-0.9340094802703618,-1.0754384022087198
10.0,125.0,1000.0280151367188,-4.244163552281889,-2.9525026331872226,-1.9639596723494144,0.6894806691180655,-1.3016628497930838,4.8272367845659705,-0.51863464387527,1.481311303081899,-0.9340554940570608,-1.075257070659987
10.0,125.0,1000.0267333984376,-4.244160868773861,-2.952464829581049,-1.964071498482288,0.6893506318949942,-1.3019971908941548,4.827270910692738,-0.5185865309526232,1.4811310524137973,-0.9339233566831444,-1.075442724495583
10.0,125.0,1000.0274658203124,-4.244153048342179,-2.952302499427456,-1.9640510068668,0.6892815022150671,-1.3021921531505851,4.8274732570767895,-0.5185866909301691,1.4811776587816352,-0.933802853630973,-1.075490822520449
10.0,125.0,1000.027587890625,-4.244181655363783,-2.9522762906803663,-1.9640696022490365,0.6892590478761251,-1.3021886929520332,4.827500578169547,-0.5185719692971045,1.481156498708966,-0.9337690940768636,-1.075483807816839
10.0,125.0,1000.0286865234376,-4.24401741552332,-2.9526401384389307,-1.9641742996114768,0.689405237494829,-1.3017388088555442,4.82704658293645,-0.5186381668670608,1.4810554388675277,-0.933988897534789,-1.0754412862710554
10.0,125.0,1000.0284423828124,-4.244216490204714,-2.9521562007775666,-1.9640485091811373,0.6891994331718765,-1.3023900356875822,4.8276478466738855,-0.5185589537489985,1.4811824470531896,-0.9337088299527608,-1.0755053705008883
10.0,125.0,1000.0280151367188,-4.244132111439291,-2.95254368356154,-1.9640027240750653,0.6894995074392849,-1.3016041627466506,4.82718700628717,-0.5186139076114182,1.4812613224794706,-0.9340935941815768,-1.075256271784073
10.0,125.0,1000.0274047851562,-4.244248642273355,-2.952239277874287,-1.963888774676119,0.689386182855948,-1.3019385970734785,4.82754655683776,-0.5186210745263864,1.481410466473423,-0.9339557064047072,-1.0752203584816673
10.0,125.0,1000.0271606445312,-4.244176812358299,-2.952349550935556,-1.9640561437440085,0.6893198733389463,-1.3021214006815347,4.827422284799411,-0.5185919659185041,1.4811784585383858,-0.9338511339878988,-1.0754293619756834
10.0,125.0,1000.0275268554688,-4.244045342329667,-2.9526999372504923,-1.964043924825852,0.6895377406803043,-1.3014355849191157,4.826968932276181,-0.5186346656317244,1.4811839747213194,-0.9342006691566248,-1.0752758560485942
10.0,126.0,1000.0287475585938,-4.244088135139963,-2.952483311453344,-1.9640370672615584,0.6894129454497602,-1.301771947206944,4.827231180641435,-0.5186143674811632,1.481228090410264,-0.934008021357342,-1.0753518254918202
10.0,126.0,1000.02734375,-4.244124164697055,-2.95245540817872,-1.9640308361184151,0.6894274209482241,-1.301840619040595,4.827269919710068,-0.5185956174520374,1.4811993252196478,-0.9339527931475802,-1.0753903138093706
10.0,126.0,1000.02734375,-4.244178915833059,-2.9523463436377044,-1.964019770127136,0.6893253100890764,-1.3020788598721786,4.827417459169741,-0.5185842706188719,1.4812096343532355,-0.9338792663586029,-1.0754267329226916
10.0,126.0,1000.0263061523438,-4.244048878996602,-2.952636594331336,-1.9640592840414683,0.689497695504933,-1.301594055830671,4.82705017081428,-0.5186267277224497,1.481165905910235,-0.9341046624492736,-1.0753516961956229
10.0,126.0,1000.028564453125,-4.2440991210688965,-2.9524500900362964,-1.964044906171745,0.6893814036762382,-1.3018405321530668,4.827265572096266,-0.5186493696922838,1.4811918324985784,-0.93396820706727,-1.0753793820800368
10.0,126.0,1000.026123046875,-4.244132363659093,-2.9523603739950603,-1.9640545352969576,0.6893072779249412,-1.3020265921605398,4.827391538235251,-0.5185970473735697,1.4811724576259824,-0.933876275019098,-1.0754334445811091
10.0,126.0,1000.0277099609376,-4.244094884354351,-2.952695182537455,-1.9640780001461629,0.6895213445388562,-1.3016087152127476,4.827014838132898,-0.5186077617404887,1.4811573450893398,-0.9340847544361406,-1.0753621577086756
10.0,126.0,1000.0281372070312,-4.244010262035057,-2.952723987852279,-1.9641540369362305,0.6894763723535222,-1.3016053188272751,4.826936378662147,-0.518601496781903,1.4810549092241798,-0.9340834312734848,-1.0754367086998426
10.0,126.0,1000.0272216796876,-4.244266526427608,-2.952156131318832,-1.9640074163671013,0.6892393547675582,-1.302306852854822,4.827671640175588,-0.5185784892142227,1.481256392301998,-0.9337233987428945,-1.0754320269735125
10.0,126.0,1000.0281982421876,-4.244156107666008,-2.952410284975767,-1.9640616273537568,0.6893515236453096,-1.302023043386063,4.82735663901002,-0.5185721704533774,1.4811775468731554,-0.933873226257452,-1.075449226577247
10.0,126.0,1000.0286865234376,-4.243904393018839,-2.953027697582648,-1.9640742814337808,0.6897172867975137,-1.3010336137803664,4.8265542523134215,-0.5186561659086566,1.4811429662489308,-0.934425359571744,-1.0752589589318613
10.0,126.0,1000.027099609375,-4.244111129209752,-2.9526202068625014,-1.964003330950498,0.6895357213576716,-1.3015603269985307,4.8270796799091205,-0.5186036024151983,1.4812404369828762,-0.934147630998064,-1.0752864082623377
10.0,126.0,1000.0262451171876,-4.244191203662478,-2.952276635671629,-1.9640151269611528,0.6892917899123159,-1.3020904164112732,4.827507466462311,-0.518609996364904,1.481241415751673,-0.933841303043021,-1.0753964324759924
10.0,126.0,1000.0280151367188,-4.244184967053423,-2.952178920113055,-1.964002997305081,0.6892368076784798,-1.3022540167447412,4.827623230510554,-0.5185972960048018,1.481251053925129,-0.9337638014018824,-1.075449309931309
10.0,126.0,1000.028076171875,-4.243951886502247,-2.9528606944386366,-1.9641044344706529,0.6895981559376763,-1.3013539354329726,4.826788455607352,-0.5186287680518369,1.4811083685547013,-0.9342167467575466,-1.0753583198568846
10.0,126.0,1000.0275268554688,-4.244141982936443,-2.9523848855516848,-1.9640016232778583,0.6893745942305118,-1.3019328014042442,4.827372415368096,-0.518631917320648,1.4812600171403307,-0.9339391260973748,-1.0753600638206704
10.0,126.0,1000.0282592773438,-4.244153861930894,-2.9524662996679005,-1.9640172985828064,0.6894376900828352,-1.3017723984920295,4.827292768504032,-0.51857204232246,1.4812527813300438,-0.9339693542129012,-1.075338741653864
10.0,126.0,1000.027099609375,-4.244122127543767,-2.9524750367566086,-1.9640347112767915,0.6894285093352117,-1.3017687668105271,4.827254949753487,-0.5185976505831489,1.4812194005582358,-0.93399146166787,-1.0753514275547311
10.0,126.0,1000.0267333984376,-4.244205443252276,-2.952356627157854,-1.9640035097617217,0.6893705748768353,-1.3019987109359867,4.827408522989254,-0.5186012881655202,1.481268488011267,-0.9338999545844446,-1.075362806399624
10.0,126.0,1000.0271606445312,-4.244103479705443,-2.9524436639935816,-1.9640780168931955,0.6893467807819507,-1.3019805241058275,4.827280865869795,-0.5186109117175448,1.4811491117665128,-0.9339074627765528,-1.0754558219765382
10.0,126.0,1000.0272827148438,-4.244114557729097,-2.952374486803901,-1.964098210885704,0.6892698884981252,-1.3021546103488442,4.827356767849068,-0.5185915908599501,1.4811013055605144,-0.9338282849644663,-1.075528532287691
10.0,126.0,1000.0279541015624,-4.244133083361806,-2.952377627188977,-1.964138178153868,0.689264440052666,-1.3022024770154417,4.82737997563661,-0.5185859765757321,1.4810608941726606,-0.933764698175322,-1.0755768800413543
10.0,126.0,1000.0277709960938,-4.244210648886938,-2.9521351590775016,-1.964048849989196,0.6891748611598949,-1.3024146419869758,4.8276590261718,-0.5185717322023198,1.481171828874702,-0.9336738011249396,-1.0755219870404389
10.0,126.0,1000.0286865234376,-4.244315210988715,-2.952020790063971,-1.9639108567835224,0.689215334667149,-1.302301979886746,4.827830740745743,-0.5185840943500395,1.4813601001777783,-0.9337694460487428,-1.0752891953573247
10.0,126.0,1000.0277709960938,-4.244162697250847,-2.952310046177888,-1.9640332291502087,0.6893335398677216,-1.3020374803867685,4.827455684053341,-0.5185767213823542,1.481211018547418,-0.933867513640009,-1.0754155626254265
10.0,126.0,1000.02685546875,-4.244035643870229,-2.952646001994087,-1.964004838050564,0.6895166027589514,-1.301479340774658,4.827031817858916,-0.5186493806033603,1.481236565993952,-0.9341866059390878,-1.075267160660562
10.0,126.0,1000.0269775390624,-4.244085197114911,-2.952657320781948,-1.964104927077656,0.6894542561016817,-1.3016310044071284,4.827038880156946,-0.5186091831541484,1.4811121377691645,-0.9340859660270332,-1.075370197266507
10.0,126.0,1000.02685546875,-4.244075289730908,-2.952580928060048,-1.9640421360428333,0.6894668114529345,-1.3017033927450687,4.827113270256415,-0.5186029720375149,1.4811770116071088,-0.9340786800685236,-1.0753697845335966
10.0,126.0,1000.0272216796876,-4.244129309498373,-2.9524058846459136,-1.9640548134017128,0.6893669446448438,-1.301959421297228,4.8273402053972685,-0.5185908339723584,1.4812061482881074,-0.9338886649343364,-1.0754233396953468
10.0,126.0,1000.0280151367188,-4.24412142987376,-2.952437810989017,-1.9640071437994384,0.6894167824803787,-1.3017215028824825,4.827300847631006,-0.5186133607778896,1.4812583654261005,-0.9340166529296364,-1.0752846492669432
10.0,126.0,1000.0281372070312,-4.24412732061148,-2.952284540991301,-1.964008282854828,0.6892777705466813,-1.30203654831986,4.827480116958181,-0.5186144746146564,1.4812438743423495,-0.9338719955077046,-1.0754132464839516
10.0,126.0,1000.02734375,-4.244125331275946,-2.952372029290618,-1.964016769460021,0.6893321486249748,-1.3019691271350076,4.827396571337541,-0.5186129050896904,1.481232665208668,-0.9339126934193064,-1.075391055950861
10.0,126.0,1000.0278930664062,-4.244114379060293,-2.9523750569660616,-1.9640534639917333,0.6893111731125456,-1.302077337862504,4.827369700417984,-0.5186139706767747,1.4811457907541676,-0.9339011905231916,-1.0754463636136382
10.0,126.0,1000.02685546875,-4.244191911597338,-2.9522857278250725,-1.9640131655144444,0.6893310530887975,-1.3020700266202665,4.8274983376119724,-0.5185887212337654,1.481245096826315,-0.9338253839294222,-1.0754029128876668
10.0,126.0,1000.0277709960938,-4.244135608091209,-2.95243780779991,-1.964021122806134,0.6894001414977202,-1.3019283664515284,4.827282752627728,-0.5185974013699948,1.481202410572596,-0.9339614199460752,-1.0754065077005317
10.0,126.0,1000.0267333984376,-4.244117044866464,-2.952456266979885,-1.964032669180153,0.6893854184654806,-1.3018635985908662,4.827272670453562,-0.5186070866199008,1.4811946673915175,-0.9339800447796892,-1.0753701214749478
10.0,126.0,1000.028076171875,-4.244094802057292,-2.9525170857143324,-1.963980893709236,0.6894646481832183,-1.3016387034839942,4.827190919244028,-0.5186327318024455,1.4812783415463144,-0.9340952919691156,-1.0752837254873655
10.0,126.0,1000.0271606445312,-4.244010395839872,-2.9528092242096458,-1.964115548993679,0.689555887033003,-1.3014546331783785,4.826862263384431,-0.5186105679629751,1.4811007966085965,-0.9341615397184092,-1.0753873876098474
10.0,126.0,1000.0270385742188,-4.244153938996126,-2.952374802407019,-1.963996416831311,0.6893670022457297,-1.3019325624790938,4.827376553181981,-0.5186336080547163,1.481263706571406,-0.933939631974038,-1.0753529284355017
10.0,126.0,1000.0286865234376,-4.244007096103044,-2.9527027069758423,-1.9641661089240297,0.6894459045787933,-1.301671233773292,4.826972957472741,-0.5186142808726704,1.4810406839808223,-0.9340164648268604,-1.075483944234226
10.0,126.0,1000.028076171875,-4.24414413543859,-2.95247772615453,-1.9640269303176447,0.6894002840397251,-1.30189581100548,4.827243721811309,-0.5186189083022867,1.4811923362911763,-0.9339840902017568,-1.0753913221768077
10.0,126.0,1000.026123046875,-4.244140699805097,-2.952301142606553,-1.964033504679824,0.6892909933079725,-1.3020521123251347,4.827458860984139,-0.5186151487320902,1.481218792139134,-0.9338496178319337,-1.0754172834269102
10.0,126.0,1000.0269165039062,-4.244043835268387,-2.952730593570225,-1.964053278677922,0.6895554186614437,-1.3014876221077936,4.826945994787256,-0.5186235858147423,1.481181477478362,-0.9341751513718036,-1.0753226035819474
10.0,126.0,1000.0274047851562,-4.2439883723397065,-2.952874893609856,-1.9641010136619144,0.689608882853566,-1.301364424007362,4.826761669812012,-0.5186347626206711,1.4811113346973803,-0.9342328316130236,-1.0753633237153348
10.0,126.0,1000.0283813476562,-4.244150814961572,-2.9524218972900416,-1.963965816116544,0.6894478812808895,-1.301750855176655,4.8273252292315,-0.51859445850807,1.4812825877190905,-0.9340331818920315,-1.0752662890337583
10.0,126.0,1000.0274047851562,-4.244170346731497,-2.95239635533466,-1.9640069220929133,0.689367322628776,-1.301955605362775,4.827379872296316,-0.5185894742384596,1.4812313946864268,-0.9339191521212982,-1.075375583382281
10.0,126.0,1000.0287475585938,-4.244167365587588,-2.952384209965034,-1.9640260928722029,0.6893713094508103,-1.3018944750178338,4.827363986248697,-0.5185809654564899,1.4812394817715804,-0.9339228502922144,-1.0753709802187137
10.0,126.0,1000.0280151367188,-4.244081419796569,-2.952488688438276,-1.9641290095627693,0.6893628191829375,-1.302010022314732,4.827240839105913,-0.5185931741388892,1.481095478793982,-0.9338786194009804,-1.0755263659559593
10.0,126.0,1000.0274658203124,-4.244124849270789,-2.952408847993399,-1.964096083815604,0.6893252268841472,-1.301975930710464,4.827353278589078,-0.5185869176187925,1.4811292171116408,-0.9338588598842356,-1.0754581761842226
10.0,126.0,1000.0275268554688,-4.24417723751812,-2.95227547301288,-1.96410423863464,0.6892510224487092,-1.302209910630503,4.827496131451278,-0.5185599626699586,1.48109698484447,-0.9337266312388436,-1.075522385613314
10.0,127.0,1000.0274047851562,-4.24409048704975,-2.9524174664851137,-1.964053954931538,0.6893222513114434,-1.3019596466505727,4.827319424858871,-0.5186560597437504,1.4812036551400345,-0.933917825895807,-1.0754255387078953
10.0,127.0,1000.0275268554688,-4.244099267475512,-2.9525062095641244,-1.9641103525416288,0.6893242137637774,-1.301918331758381,4.827218136630943,-0.5186202649040581,1.481102407908249,-0.9339303734723972,-1.0754502031354116
10.0,127.0,1000.0285034179688,-4.244064842408515,-2.952583772799548,-1.9640067658385243,0.6894891570318791,-1.3016078782319855,4.827128884588543,-0.51863029980312,1.4812380378775538,-0.9340928506690204,-1.075313568982255
10.0,127.0,1000.027099609375,-4.244098171208577,-2.952429333105602,-1.96410082214902,0.6893093031122195,-1.302050867898798,4.827324111568615,-0.5186089469695219,1.4811360929581472,-0.9338498819216304,-1.0755119783855078
10.0,127.0,1000.0276489257812,-4.244186997549358,-2.952308147517305,-1.9639733826427053,0.6893326552062966,-1.302040199603362,4.827470461046989,-0.5186123587355462,1.4812769339385312,-0.9339081575324312,-1.0753604822532403
10.0,127.0,1000.0280151367188,-4.244260435578928,-2.952209157717653,-1.9639764426278776,0.6892946643232669,-1.3021550774820063,4.827616372546688,-0.5185660492303867,1.481306877820793,-0.9338042702384524,-1.0753692166514912
10.0,127.0,1000.0279541015624,-4.244163108744834,-2.952336464731801,-1.9640264513451164,0.689324655348786,-1.3019769682625757,4.82741807340096,-0.5186009349320013,1.481212103821167,-0.933899656455301,-1.0753846731569228
10.0,127.0,1000.0276489257812,-4.244120451349202,-2.952408008655027,-1.964094132443636,0.6892806927139237,-1.3021272259591452,4.827354121586682,-0.5186151987375158,1.4811328842941889,-0.9338252151809529,-1.0755074618262923
10.0,127.0,1000.0281982421876,-4.244215408130385,-2.952197955857544,-1.9639750074864928,0.6892561573577716,-1.3022493067091334,4.827600362963196,-0.5186049453604467,1.4812746760804183,-0.9337930695630678,-1.0754135751465594
10.0,127.0,1000.027587890625,-4.244189805431223,-2.952318664708789,-1.963942121829029,0.6893755613785242,-1.301891241054158,4.827446103400384,-0.5186044249539634,1.4813237111028688,-0.9339620259908904,-1.0752892620883996
10.0,127.0,1000.0281982421876,-4.24395712313216,-2.952797793561197,-1.964081605543901,0.6895754068689506,-1.3013850214497262,4.826843345794753,-0.518636467881171,1.4811293624486224,-0.934233244600283,-1.0753428622248622
10.0,127.0,1000.0283203125,-4.244214225378499,-2.952170014187484,-1.963941894622284,0.6892711162316765,-1.3020946850041315,4.8276330843387125,-0.5186045099679477,1.4813315724848035,-0.9338577916551164,-1.0753157778039069
10.0,127.0,1000.0283813476562,-4.244215537804718,-2.95220743281067,-1.9640116992155847,0.689233670253218,-1.3023117627696754,4.8275957222136,-0.5185823683935453,1.4812112281911798,-0.9337628357388512,-1.0754754873457135
10.0,127.0,1000.027099609375,-4.24414258806148,-2.952392410203885,-1.964072268058988,0.6893087348179474,-1.3020675117151974,4.827349351014069,-0.5185827821318885,1.4811302944929308,-0.9338707360146294,-1.0754759274276615
10.0,127.0,1000.02734375,-4.244015354849462,-2.952779020920296,-1.9640540241526816,0.689576182291777,-1.3013697130169666,4.826874988797734,-0.5186299749131544,1.4811537137172248,-0.9342371258210508,-1.0752951160119388
10.0,127.0,1000.0281372070312,-4.244179736831269,-2.952322848919963,-1.9639955067155208,0.6893534543854347,-1.3020172383427435,4.8274266466356135,-0.5185982546597776,1.481246110100038,-0.9339042149567128,-1.0753779639109218
10.0,127.0,1000.0277099609376,-4.244051115171879,-2.9526886645750423,-1.964039679400147,0.6895406740760581,-1.3014476109300357,4.827000440334436,-0.5186298175364437,1.481193610927348,-0.934171580602298,-1.0752653403479775
10.0,127.0,1000.02734375,-4.244024280795949,-2.9525303803652827,-1.9640969327160085,0.6893911967839177,-1.301793106625102,4.827170994887304,-0.5186141049754251,1.4811173598171994,-0.933970580434524,-1.075437791467491
10.0,127.0,1000.0267333984376,-4.244138930103135,-2.9524325921597603,-1.96404881232622,0.689364829957535,-1.3019453346576282,4.827287251021739,-0.5186015512325559,1.48116435001739,-0.9339369326205152,-1.0754224416761953
10.0,127.0,1000.0272827148438,-4.244176472082938,-2.952409630543212,-1.963962931055251,0.689418796980954,-1.3018014818572583,4.827354602506134,-0.5186108454385554,1.4813071174828245,-0.9340099561674816,-1.0752816199233788
10.0,127.0,1000.0283813476562,-4.244201822882183,-2.95206903118655,-1.964007253955181,0.6891529318542648,-1.3024084779821008,4.827754938874477,-0.5185834340614148,1.4812408691891212,-0.9336838866704592,-1.075478602736835
10.0,127.0,1000.0285034179688,-4.244115992738388,-2.9524582579427245,-1.9640349181872927,0.6893993839362285,-1.3017926140093272,4.827291549606143,-0.518620821098013,1.4812310046216943,-0.933977075147145,-1.075336117439746
10.0,127.0,1000.027587890625,-4.244153236750182,-2.952421695719663,-1.9640807334413384,0.6893350049804337,-1.3019746824670966,4.827324671252736,-0.5185905064816607,1.4811441788669395,-0.9338965713777156,-1.0754355595088771
10.0,127.0,1000.0272827148438,-4.244117009805955,-2.9523577836800285,-1.9641062860209644,0.6893088840350261,-1.3020924904689712,4.827387336295372,-0.5185642571626534,1.4811113947203234,-0.9337912266854644,-1.0755279012860406
10.0,127.0,1000.0272827148438,-4.244099709170188,-2.952494273432013,-1.964052203754924,0.6893945855447816,-1.3017948316783627,4.827241310816628,-0.5186102024544716,1.4811899901913392,-0.933972741439236,-1.0753866300705917
10.0,127.0,1000.0280151367188,-4.24406883438632,-2.952526310750542,-1.9640922483043293,0.6893691596568878,-1.3019185622419078,4.827184230507891,-0.5186272487364079,1.481109985140164,-0.9339707358862056,-1.0754563481726311
10.0,127.0,1000.0276489257812,-4.244054947142961,-2.952648916332831,-1.964067893199084,0.6894679777286408,-1.3017185514037473,4.827029867756515,-0.5186163038669278,1.4811146245855102,-0.9340893069991304,-1.0754120620180243
10.0,127.0,1000.0260620117188,-4.244086584682098,-2.952527508891199,-1.964077279178027,0.689396499631374,-1.301811714995964,4.8271964965054615,-0.5186143666094356,1.4811549045256722,-0.9339841398052044,-1.075405833887455
10.0,127.0,1000.0270385742188,-4.244163492976567,-2.9524583225318963,-1.9639801920250648,0.6894545797184772,-1.3017582266007022,4.827278588820686,-0.5185964587098386,1.4812757453503131,-0.9340409832346416,-1.0752920058629218
10.0,127.0,1000.02734375,-4.244091828452032,-2.9524425695480616,-1.9640061585535689,0.6893533398748293,-1.3018346705859996,4.827288479215866,-0.5186579535911768,1.481238440211813,-0.9340106606080916,-1.0753444181321157
10.0,127.0,1000.02734375,-4.244142027565532,-2.9523216711973346,-1.96409154766822,0.6892402519020848,-1.302166778720227,4.82744635068682,-0.5185936062545,1.4811070904203945,-0.9337894567945098,-1.0755112260054989
10.0,127.0,1000.0279541015624,-4.244113704720113,-2.9525961013735498,-1.9639891331632424,0.6895222436059587,-1.3015765897160874,4.8270981167989575,-0.5186408234925048,1.4812651463382824,-0.9341522096798434,-1.07525754636135
10.0,127.0,1000.02685546875,-4.244176755682152,-2.9523347062848733,-1.9640467231473195,0.6893009623990114,-1.3020299999584988,4.827450574689914,-0.518599715883572,1.4811990678674736,-0.9338564045440858,-1.0753979828193263
10.0,127.0,1000.02685546875,-4.2441334069719545,-2.9523912753862342,-1.9641100971184453,0.6892796502369816,-1.3021812225705085,4.827359848671225,-0.5185672622903166,1.4810767217144498,-0.9337988077569176,-1.0755492186085611
10.0,127.0,1000.0283813476562,-4.244074573743399,-2.952622612118505,-1.9640318240388743,0.689482792856861,-1.3016098213273053,4.827061623098075,-0.5186460607463399,1.4812016469723035,-0.9341209440640456,-1.07531408608821
10.0,127.0,1000.0277099609376,-4.244172796351999,-2.952370024172529,-1.9640037888995605,0.6893720477355059,-1.30194167172729,4.827388428604586,-0.518572166516706,1.4812228375497032,-0.9339336654218204,-1.0753744417557116
10.0,127.0,1000.0270385742188,-4.2440358422618685,-2.952594060903243,-1.9641261002932533,0.6893979834048221,-1.3017511081491815,4.827096529993495,-0.518607374046054,1.481081612542309,-0.9339999981332988,-1.0754620746223669
10.0,127.0,1000.0272827148438,-4.244086050928443,-2.9526663582370376,-1.964065998592692,0.6894966625676329,-1.301597194730859,4.827028945939121,-0.5186128740703113,1.481166669384594,-0.9341050762952268,-1.0753538648064822
10.0,127.0,1000.0289306640624,-4.24404328117482,-2.9526172703731395,-1.964055701986708,0.6894526079856265,-1.3016905298854038,4.827054306612723,-0.5186276240811392,1.4811589865286088,-0.9340835616435434,-1.0753955574972849
10.0,127.0,1000.027587890625,-4.244102372842799,-2.952598164292631,-1.9640665861900424,0.689440127716975,-1.3016771751932272,4.827130784170524,-0.5186105724213217,1.4811713707120466,-0.9340538020798554,-1.075349592612505
10.0,127.0,1000.028564453125,-4.243982922210583,-2.952732863016591,-1.9641720410075951,0.689455513306438,-1.3016257815462868,4.826945899355501,-0.5185924445718069,1.481029260706003,-0.9340496645153528,-1.0754932678102778
10.0,127.0,1000.027099609375,-4.244061059989134,-2.952669473198257,-1.964086553196621,0.6895092675533849,-1.3015831298427445,4.82703442555753,-0.5185962490421057,1.481147277959321,-0.93408527865778,-1.075368043883
10.0,127.0,1000.0267944335938,-4.244161012089369,-2.952448518741858,-1.964013933314015,0.689412091993864,-1.3018517010688253,4.827307196635713,-0.5185881779586348,1.4812262737176145,-0.9339735298237012,-1.0753517939039718
10.0,127.0,1000.0275268554688,-4.244118854978086,-2.952500803813172,-1.9639837374279447,0.6894555723835492,-1.301695893538911,4.82725247270346,-0.5186289665242336,1.4812835554190906,-0.9340342072124032,-1.075288252412686
10.0,127.0,1000.0277099609376,-4.244032523579762,-2.952668032176336,-1.9640246396267689,0.6895597906404625,-1.3014577928646256,4.827006523505542,-0.5186278975546958,1.481218812576783,-0.9341760727024404,-1.0752955757439435
10.0,127.0,1000.0272827148438,-4.244110403352773,-2.9525739312476915,-1.9640977861805,0.6894237799777878,-1.3017888467237635,4.82714293436069,-0.5185975232408166,1.481120122758233,-0.9339991908363104,-1.0754048175723687
10.0,127.0,1000.0255126953124,-4.2441194447267305,-2.952433892518809,-1.9640271933948528,0.6893745918594067,-1.3018830130705088,4.827305013778458,-0.5186096538705369,1.481202378711819,-0.9339611677990484,-1.0753834802282023
10.0,127.0,1000.0250854492188,-4.244140245283944,-2.9524265732228376,-1.9640401880345744,0.6893644834914534,-1.3019353599543737,4.8273264785268815,-0.5186029767879754,1.4811972815777192,-0.9339284768449998,-1.075400420135923
10.0,127.0,1000.0271606445312,-4.244164425641166,-2.952314231102797,-1.9640259666316504,0.6893025180156878,-1.3021459366968675,4.827458949499325,-0.5185917644310365,1.4812085157292207,-0.9338278067031568,-1.075469275756633
10.0,127.0,1000.0281372070312,-4.244088546630838,-2.952526404159617,-1.9640914529890137,0.6893879783545014,-1.301949039630807,4.827193312223377,-0.5186098363765277,1.4811146880792396,-0.933946432951254,-1.0754765337148822
10.0,128.0,1000.027587890625,-4.244125631001402,-2.952371210404795,-1.9640434504851765,0.689352548977018,-1.3020014477301234,4.827363808409865,-0.5186010078671623,1.4811900717647566,-0.9338852502272889,-1.075434811111741
10.0,128.0,1000.0276489257812,-4.244227484300078,-2.9522569040853703,-1.96393918340922,0.6893285527764377,-1.30203707934939,4.827537284512591,-0.518621116563601,1.4813351004463264,-0.9339066789098424,-1.0752993791416563
10.0,128.0,1000.02685546875,-4.244115943354546,-2.9525292737118694,-1.964056442222992,0.6894138483673835,-1.301839343222408,4.827192550865069,-0.5185904902152503,1.4811550400533813,-0.9339967732421002,-1.0753991846066215
10.0,128.0,1000.0271606445312,-4.244079958447405,-2.952592587557849,-1.9640621208720488,0.689438684265248,-1.3016739236445125,4.827114930570385,-0.5186036564497725,1.481139687434764,-0.9340509672610232,-1.0753677648293714
10.0,128.0,1000.0269165039062,-4.2442112516847565,-2.95223873110416,-1.963998545060564,0.6892773583811529,-1.302153464540897,4.827552908756033,-0.5186092354701346,1.481264892864301,-0.9338345281830396,-1.075378284045536
10.0,128.0,1000.0274047851562,-4.244114982143616,-2.952360883769125,-1.964081144055729,0.6892899265840295,-1.30208151903941,4.827401394486957,-0.5185978435361873,1.481129438962272,-0.9338241522321776,-1.0754967228343322
10.0,128.0,1000.028076171875,-4.244176601723487,-2.9524252288292185,-1.9639861933948124,0.6894259373989069,-1.3018500992410775,4.827318709913284,-0.5185844182871033,1.4812572549947092,-0.9339811962823364,-1.0753415635132484
10.0,128.0,1000.0287475585938,-4.244098491138826,-2.952614801432768,-1.964013576179351,0.689550125288946,-1.3015518722409491,4.827072987008412,-0.5185941858626268,1.481240666689586,-0.9341282242470584,-1.0752904083352894
10.0,128.0,1000.0267944335938,-4.244181984230102,-2.9522724636623296,-1.96400547083545,0.6893154766013279,-1.3020921403259242,4.827494508309632,-0.5186122267980169,1.4812560568411772,-0.9338668156266196,-1.075377749998769
10.0,128.0,1000.027099609375,-4.244071002720516,-2.952566949704666,-1.964004845124517,0.6894769369872522,-1.3016158162361098,4.827125213207872,-0.5186391201984684,1.4812256945038884,-0.9341230019380004,-1.0752967629193615
10.0,128.0,1000.0272216796876,-4.244128027878265,-2.9524919303399004,-1.9640470032652848,0.6894078408228435,-1.3018569362532952,4.82723186982428,-0.5186214423667641,1.4811870451131544,-0.9339945826595296,-1.0753940496434948
10.0,128.0,1000.0276489257812,-4.244077002744747,-2.952521330787482,-1.9641113301593056,0.6893818643610414,-1.301805032521309,4.827204535983251,-0.5185992547396472,1.4811243203425235,-0.933930366090971,-1.0754443723003604
10.0,128.0,1000.0271606445312,-4.24415685434324,-2.9522970358779026,-1.9640784263022577,0.689240483624797,-1.3021778490644609,4.827482007198647,-0.518587829886755,1.4811295634036226,-0.9337993067948788,-1.075493649592531
10.0,128.0,1000.0271606445312,-4.244029573522487,-2.952763747496316,-1.964135914934733,0.6895182425177193,-1.3015595083687763,4.826907039905153,-0.5185753241569167,1.4810462492181102,-0.934112257248648,-1.0754283521516088
10.0,128.0,1000.028076171875,-4.244068403545702,-2.952593168573034,-1.964017546482908,0.6894958538351572,-1.301529738226626,4.827125108078242,-0.518643352506623,1.4812533507788554,-0.9341121707107192,-1.0752684173348277
10.0,128.0,1000.0277709960938,-4.244085153019841,-2.9525441153807965,-1.964088329037448,0.6893714636758492,-1.3018316976242872,4.827163623222242,-0.5186154004733359,1.4811043313224603,-0.9339962847369732,-1.0754175777880288
10.0,128.0,1000.02783203125,-4.244216430713941,-2.952204108643702,-1.963994929574585,0.6892501796860584,-1.3021541427921064,4.827611952127583,-0.5185897855025381,1.481268322264782,-0.933784866631112,-1.0754048687649305
10.0,128.0,1000.0269775390624,-4.2441509511059525,-2.9523965063323945,-1.9640388384506664,0.6893706839345377,-1.3019377870989994,4.827357211735505,-0.5186002685983908,1.481208270568156,-0.9339064897951276,-1.075396321914523
10.0,128.0,1000.0286254882812,-4.2442105222698565,-2.952308912702464,-1.963943190360192,0.689385870058624,-1.3019727987371823,4.8274477271755405,-0.5186087546913161,1.4813095026983696,-0.9339535104554342,-1.0753117955593816
10.0,128.0,1000.027587890625,-4.244115533616463,-2.9525309889698232,-1.963987803998894,0.6894721833569033,-1.301611541003726,4.827199337212884,-0.518618843193904,1.4812607470307757,-0.9341153274126556,-1.0752549378627425
10.0,128.0,1000.0260620117188,-4.244150176076026,-2.952351369394356,-1.9639928288524813,0.6893480454450422,-1.3018803513225683,4.827404504632433,-0.5186313359584807,1.4812721076195388,-0.933945837946924,-1.0753161910938576
10.0,128.0,1000.0281982421876,-4.24411756749866,-2.952526979286044,-1.9641060468412883,0.689367228420279,-1.3019039236021674,4.827211576043155,-0.5185806689870054,1.481090068155697,-0.9339093392532352,-1.0754675310157102
10.0,128.0,1000.0271606445312,-4.244159917969513,-2.952305885312213,-1.964061403905768,0.6892652073895302,-1.3020990079309138,4.8274605511077855,-0.5186034400957693,1.4811792526479106,-0.933827572410486,-1.0754422039577487
10.0,128.0,1000.0277099609376,-4.244138231778508,-2.9525595076037807,-1.964037812335829,0.6894391191522331,-1.3017566527568478,4.827159427986668,-0.5186017971082268,1.4811880487901554,-0.9340424400098444,-1.0753571006201352
10.0,128.0,1000.0257568359376,-4.244089487007796,-2.9525086750362304,-1.9640966674206768,0.6893683924506355,-1.3018757947805688,4.827214655059812,-0.5185962949166338,1.4811245217347224,-0.9339483012317809,-1.0754423411542064
10.0,128.0,1000.0272827148438,-4.244137844488454,-2.952432990559321,-1.9640550483119377,0.6893706246355205,-1.3019583638188914,4.827330094842843,-0.5185804585367588,1.4811623906960598,-0.933893308291939,-1.075445393568259
10.0,128.0,1000.0278930664062,-4.244153676497573,-2.9523734240961,-1.9640136234491303,0.6893349651729119,-1.3019397835468771,4.8273762546962224,-0.5186135315642408,1.481215173551722,-0.9339381672167936,-1.075358386058273
10.0,128.0,1000.0255126953124,-4.244148436425529,-2.9524159028976475,-1.9639900311853904,0.6894021600973002,-1.3018159646453005,4.827325983277151,-0.5186187132236384,1.4812675834408964,-0.9339961790925768,-1.075314178726627
10.0,128.0,1000.0283813476562,-4.244075164162189,-2.952550081068366,-1.9640219557929592,0.6894558361598557,-1.3016795565257715,4.827158927013697,-0.518624464409287,1.4812094884930351,-0.9340671812894944,-1.0753507668755056
10.0,128.0,1000.0276489257812,-4.244077353525344,-2.9525427547812484,-1.9640881300920272,0.6893953538978712,-1.3018288954845323,4.827190893393983,-0.5186121176579936,1.4811463737102564,-0.9339609773088932,-1.075441939173341
10.0,128.0,1000.0261840820312,-4.244038769753387,-2.952714280725158,-1.964025996636085,0.6895810393508794,-1.3013900828475764,4.826968315954463,-0.5186300002262323,1.4812228132811756,-0.9342040868792498,-1.0752628408321696
10.0,128.0,1000.0278930664062,-4.244143939172186,-2.9524187118627254,-1.963998724524922,0.6893950031480713,-1.301794826357256,4.827345280271624,-0.5185969962258667,1.4812611924278976,-0.9339626409149666,-1.0753240362505805
10.0,128.0,1000.0263671875,-4.244125181927236,-2.9525297045305487,-1.964025513872632,0.6894417783139897,-1.3017489489989351,4.827198695920551,-0.5185986089398984,1.481206079139298,-0.9340373253424152,-1.0753474828927474
10.0,128.0,1000.0267333984376,-4.244087535880341,-2.9524254065575626,-1.964103319024375,0.689297717622269,-1.301986193665701,4.827314825217831,-0.518603963665524,1.4811043404023287,-0.9338806937637952,-1.0754742817955276
10.0,128.0,1000.0256958007812,-4.244145291073823,-2.9523759903153737,-1.964046259337577,0.6893162159861612,-1.3020322459574647,4.827393465790326,-0.5185909143403196,1.481185826284154,-0.9338735807981796,-1.075419189503441
10.0,128.0,1000.0285034179688,-4.244019597502612,-2.952817930101215,-1.964040496186442,0.6896571811922776,-1.3012880605387074,4.826825793866277,-0.5186101991945744,1.4812076800064622,-0.9342573497014834,-1.0752771498719451
10.0,128.0,1000.0281982421876,-4.244074735986736,-2.9525522184237967,-1.9641417174196,0.6893502396398876,-1.3019713366359351,4.827149302864376,-0.5186116099070563,1.4810685522674412,-0.9339158859704932,-1.0755257497439723
10.0,128.0,1000.0275268554688,-4.244214950467702,-2.9522511410400347,-1.9639965859298216,0.6892686547280613,-1.3021419973245827,4.827528490389584,-0.5185925734475036,1.4812325966503117,-0.9338526735115148,-1.075393307723865
10.0,128.0,1000.02587890625,-4.244123736263785,-2.952452531202751,-1.9640383263426104,0.6893917939576868,-1.3018965908214524,4.8272865636649485,-0.5186058154291784,1.4811969719302267,-0.9339480767458266,-1.0753970365729026
10.0,128.0,1000.0274658203124,-4.2442092527603865,-2.952223728834574,-1.9640390147270432,0.6892380859399916,-1.3021792552747984,4.827574823054299,-0.518578426553268,1.4811979438293097,-0.9337812883492552,-1.0754315893262991
10.0,128.0,1000.0269165039062,-4.2442118390484,-2.952194115512677,-1.964003831829339,0.6892269291257609,-1.3022658505137086,4.827599217540513,-0.5186157955340942,1.481232368811832,-0.9337791777633786,-1.075426288133091
10.0,128.0,1000.0277099609376,-4.244054578724184,-2.9524495314675043,-1.9640783850923915,0.6893389758346888,-1.3019075412822183,4.827261111279194,-0.5186194475977226,1.4811250132740206,-0.9339345193042856,-1.0754583268650015
10.0,128.0,1000.0274047851562,-4.244153526472305,-2.952339470957857,-1.964016216622401,0.6893337728055844,-1.301963269981559,4.827421182410619,-0.5186057168394607,1.481230528878691,-0.9339031622129736,-1.075380880767876
10.0,128.0,1000.0266723632812,-4.24417023254153,-2.9524555662793777,-1.9640192708713968,0.6894212273725406,-1.3018816637003985,4.827294677400225,-0.5185761988588826,1.4812159388589343,-0.933961932921342,-1.0753715651554003
10.0,128.0,1000.0271606445312,-4.244136080203193,-2.9524169721729505,-1.9641063488795625,0.6892986997103376,-1.302093432601645,4.827330829480111,-0.5185726081529891,1.4811077784948026,-0.933834654346578,-1.075523570029206
10.0,128.0,1000.0279541015624,-4.244190710436102,-2.952282866374972,-1.9640342183474733,0.6893123836051709,-1.3020742251790396,4.827515528483525,-0.5185590893743814,1.4812159446114102,-0.9338192561050364,-1.0754202622394675
10.0,128.0,1000.0294189453124,-4.244089932872864,-2.9524378592735143,-1.9641757667578,0.6892535615396653,-1.302103068877576,4.827286486693712,-0.518560428588958,1.4809891736110543,-0.9338123923641364,-1.0755801168174757
10.0,128.0,1000.0277099609376,-4.244283532683533,-2.952085729771997,-1.9640028250879924,0.6891782705785161,-1.302444645151767,4.827746659537617,-0.5185651868898598,1.4812525626350892,-0.9336588716306498,-1.075477749189473
10.0,128.0,1000.0275268554688,-4.244037315255933,-2.9526185492392845,-1.9640618085026744,0.6894525440528012,-1.3016155252204569,4.827094073519092,-0.5186319311308356,1.4811713297775153,-0.9340713163436812,-1.0753700255886356
10.0,128.0,1000.0275268554688,-4.244127406846737,-2.9523271715529145,-1.964094697982539,0.6892721597469667,-1.3021422041420507,4.827432148970859,-0.5185848333127154,1.4811250762675296,-0.9337768954279388,-1.0755284887507184
10.0,129.0,1000.0274047851562,-4.244202806909964,-2.9523088108849107,-1.9640059206814224,0.6893386318734995,-1.302032420540998,4.827473777481902,-0.5185733532150643,1.4812380285700677,-0.9338570689046336,-1.0753845069052486
10.0,129.0,1000.0260620117188,-4.244136168232928,-2.9524797062113755,-1.9639962724775264,0.6894540429938392,-1.3017362226300433,4.827255435339401,-0.5186047979375878,1.481259967661897,-0.9340315954694144,-1.07530698460745
10.0,129.0,1000.0275268554688,-4.244171465776284,-2.9522862193129127,-1.9639948619730383,0.6893252830078334,-1.302021784425179,4.82748049457053,-0.5185948609371351,1.481247457045197,-0.933880393115178,-1.0753668436233448
10.0,129.0,1000.0260009765624,-4.2441530788925,-2.952325361562859,-1.9640351048130336,0.6893105462515781,-1.3020451824983723,4.8274407471130285,-0.5185911738874935,1.4812109399178937,-0.9338600586736908,-1.0754213301042874
10.0,129.0,1000.0283813476562,-4.244084111170371,-2.95260480071391,-1.9640284700139503,0.689521504755505,-1.3016227289921891,4.82709873154478,-0.5186099144427345,1.4812278787315147,-0.934095488462356,-1.0753286921381182
10.0,129.0,1000.02685546875,-4.244117020250592,-2.9524935535324817,-1.9640073097613089,0.6894387976952885,-1.301737746133413,4.82723680046529,-0.518637597260013,1.4812509918672123,-0.934039325507606,-1.0753171630652705
10.0,129.0,1000.0267333984376,-4.244140295855651,-2.9524462763468704,-1.964051123505703,0.6893672862199951,-1.3018676916917786,4.827310864878886,-0.518612894869638,1.4811924675519776,-0.9339529728924418,-1.075374505493385
10.0,129.0,1000.02685546875,-4.244102361729601,-2.952465671916315,-1.9641334204326808,0.6893220314501072,-1.302040133509592,4.827268590339953,-0.5185800259896025,1.4810700798848746,-0.9338482086360048,-1.0755409439966472
10.0,129.0,1000.0257568359376,-4.244068367677815,-2.9527171874514377,-1.964015016399665,0.6895898103581395,-1.3013650027028767,4.826968828074996,-0.5186313989922162,1.4812405089136869,-0.9342261336897116,-1.075228871964998
10.0,129.0,1000.0260620117188,-4.244217341172766,-2.9521973553475216,-1.963975219549752,0.6892582278556283,-1.302183384314156,4.827593245648881,-0.5186127202459136,1.4812826114253816,-0.9338219583594568,-1.0753738833560789
10.0,129.0,1000.0274047851562,-4.244088421179119,-2.952503255745,-1.9640279156944944,0.6894535368889132,-1.301776075601719,4.827198839483005,-0.5186152686245666,1.4812061247307708,-0.934036841896,-1.0753598525555317
10.0,129.0,1000.0281372070312,-4.244249205918609,-2.952079942498078,-1.963975595621485,0.6892092130232452,-1.3022980723257986,4.827746461770069,-0.5186027282918984,1.481281392839375,-0.9337313293575438,-1.0753860213255786
10.0,129.0,1000.027099609375,-4.244104935151266,-2.9525685366599133,-1.9639745247443297,0.6895178420109271,-1.3015801565035765,4.827132634932285,-0.5186188618680942,1.4812655139344768,-0.9341419384491144,-1.0752576145527557
10.0,129.0,1000.0274047851562,-4.244181971759494,-2.952438390855553,-1.9639911957259977,0.6894256714790163,-1.301790325203409,4.8273204399379726,-0.5186064329627786,1.4812777352246511,-0.9340058245942916,-1.0752969175175924
10.0,129.0,1000.0263061523438,-4.244130701406647,-2.9523586437166576,-1.964062911047983,0.6893113959015711,-1.3020324571207462,4.827398851460181,-0.5185942649013073,1.481174754536239,-0.9338505372215034,-1.0754445647559532
10.0,129.0,1000.0275268554688,-4.244109862997037,-2.9524836301362267,-1.964012298437221,0.6894227041765602,-1.301784456517658,4.827245285948168,-0.5186299612377274,1.4812423346944916,-0.9340252483083747,-1.075331593408018
10.0,129.0,1000.0288696289062,-4.2441043527512825,-2.9524532152686764,-1.963998664954837,0.6894177046769414,-1.3017739250379687,4.82727358159519,-0.5186164496224652,1.4812680268617855,-0.9340235187926248,-1.0753192032439207
10.0,129.0,1000.0277099609376,-4.244161753246013,-2.952406988949443,-1.964045234218508,0.6893527783447944,-1.3020229748024743,4.827353237279434,-0.5185780604161332,1.481177216895766,-0.9338840695719854,-1.075443394513722
10.0,129.0,1000.02685546875,-4.244126742242018,-2.9523720663965887,-1.964005155610624,0.6893488118351287,-1.3019090393446469,4.82738862569712,-0.5186188273948797,1.4812454371123076,-0.933926457658626,-1.075354984249726
10.0,129.0,1000.0260620117188,-4.244151090467248,-2.952349611726188,-1.964027094643972,0.6893182683738788,-1.3020192796213284,4.827411531937889,-0.5186095603720551,1.4812090265359237,-0.9338779146324868,-1.0754128021028944
10.0,129.0,1000.0264892578124,-4.244069770000692,-2.95255841577082,-1.964132987068768,0.6893837962728817,-1.3018779814034582,4.827159886871042,-0.5185806096935082,1.4810726411461417,-0.9339286896895233,-1.07549722770914
10.0,129.0,1000.028076171875,-4.244171282882769,-2.952405177664313,-1.964041749591912,0.6893716516400437,-1.301967705579674,4.827339009649052,-0.5185837264636657,1.4811844771927705,-0.9339089833326746,-1.0753974030933162
10.0,129.0,1000.027587890625,-4.244129078092129,-2.9524641394189675,-1.9640464799031447,0.6893651826285261,-1.3018595870234622,4.827277634143233,-0.5185904345390702,1.481169925184882,-0.9339675044480984,-1.0753834764042989
10.0,129.0,1000.02880859375,-4.244124014624928,-2.952545951410968,-1.9640270515104925,0.6894575792777982,-1.3017796140239914,4.827181826911136,-0.5185972438256679,1.4812228120762958,-0.934034851003898,-1.0753625077407802
10.0,129.0,1000.0272216796876,-4.244165188608905,-2.9523711325420794,-1.964002232770775,0.6893540448284092,-1.301928359406404,4.827394926446727,-0.5185964446335785,1.4812377503736371,-0.933940448908282,-1.075340613462374
10.0,129.0,1000.0272216796876,-4.244132501573879,-2.9523926736226187,-1.963982818579988,0.6893880647696538,-1.3018107805931385,4.82736759101582,-0.5186343045853317,1.4812859223430932,-0.9339966458353874,-1.0752857365618809
10.0,129.0,1000.026611328125,-4.24411231401163,-2.952582501636317,-1.9640341814780184,0.6894877366254759,-1.3016750601332507,4.82712730843615,-0.5186122108267188,1.481210327930885,-0.9340747436280852,-1.0753252098870218
10.0,129.0,1000.0271606445312,-4.244132272544042,-2.9524346950427653,-1.9640706495587583,0.6893270534326259,-1.3019886479765042,4.827308502534393,-0.5186087194714792,1.4811524378737513,-0.933919917964528,-1.0754319323571315
10.0,129.0,1000.0267944335938,-4.244158328579982,-2.9523402091343742,-1.96397399040858,0.6893617601569968,-1.3019139567808735,4.827420953505333,-0.5186324236335658,1.4812984595102208,-0.9339399077119648,-1.0753182320682129
10.0,129.0,1000.0277709960938,-4.244125832820665,-2.952537967379141,-1.9640204089552469,0.6894335533046148,-1.301758012082412,4.827192015046736,-0.5186213753029287,1.4812106463987726,-0.934039687430862,-1.0753489689154576
10.0,129.0,1000.0274658203124,-4.244159468157453,-2.952353307809064,-1.9640210155067843,0.6893380903304092,-1.301998756499501,4.827415748452259,-0.5185928422669699,1.481234566367747,-0.933884100242631,-1.0753923353628858
10.0,129.0,1000.028076171875,-4.244093876387084,-2.9525935034895614,-1.9640124939332024,0.6894773393931803,-1.3016042350321766,4.827117323339126,-0.5186198952413248,1.481210695752754,-0.9341215411673502,-1.0752929609110669
10.0,129.0,1000.0277099609376,-4.244112633752784,-2.9524638684772184,-1.9640567850845208,0.6893496340598411,-1.3018779792612012,4.827283085724822,-0.5186166934379797,1.4811768835598738,-0.9339539561412522,-1.0754008236380628
10.0,129.0,1000.0269165039062,-4.244164883884054,-2.9522885405567427,-1.9640188738480504,0.6892989759640198,-1.30206883526452,4.827481906478569,-0.5186110641276906,1.481237693586868,-0.9338635613840064,-1.075388493672642
10.0,129.0,1000.0281982421876,-4.244105944614515,-2.952366798186345,-1.964021673960608,0.6893547085365501,-1.3019425322788098,4.827384078172415,-0.5186209371400867,1.481230037223483,-0.9339163614628349,-1.0753877988331029
10.0,129.0,1000.0283813476562,-4.244189125563045,-2.952343480234682,-1.9639670821748263,0.6894087228741874,-1.3018790450754842,4.827427716529206,-0.5186041301063113,1.4813266429194218,-0.933935128467529,-1.075291640678047
10.0,129.0,1000.0277099609376,-4.24405189919973,-2.9525322630342723,-1.9641298832784029,0.6893571952101869,-1.3018664897643628,4.8271958504880885,-0.5185869652966293,1.4810802589789436,-0.933926018427056,-1.07548548136085
10.0,129.0,1000.028564453125,-4.244126088884158,-2.9526066008932164,-1.963972414187623,0.6895213671372327,-1.301565315208657,4.827114873619609,-0.5186206921770786,1.4812939649196553,-0.9341517219697772,-1.0752481858624434
10.0,129.0,1000.0278930664062,-4.244161170513289,-2.952379658457123,-1.9640084590273,0.6893551665419198,-1.3019052239951332,4.827364159303947,-0.5186125550624041,1.4812244853939482,-0.93396554238487,-1.0753298448514572
10.0,129.0,1000.0263671875,-4.244228619603017,-2.9523047568921448,-1.9640179541187963,0.68933279641589,-1.3021142268983583,4.827488565531489,-0.5185743538499521,1.4812273300123395,-0.9338345710466084,-1.075411394234182
10.0,129.0,1000.0264892578124,-4.244178946574142,-2.952470942647985,-1.963976737108891,0.6894522671630021,-1.3017730810744292,4.827277065882269,-0.5186057170325977,1.4812690254434493,-0.9340461018392148,-1.0752910352210128
10.0,129.0,1000.0272216796876,-4.244103820213267,-2.9525300800004857,-1.9640881424695773,0.6894082343798811,-1.3018677613417924,4.827212095782318,-0.5185682862931635,1.4811236415565805,-0.9339396607324586,-1.0754434956759646
10.0,129.0,1000.027587890625,-4.244131663114986,-2.952489824749476,-1.9639558179700551,0.6894750267473135,-1.3016806524742757,4.8272359707101415,-0.5186335149246233,1.4813139308652712,-0.9340944498374952,-1.0752534674401284
10.0,129.0,1000.0267944335938,-4.244132134517441,-2.952376818091248,-1.9640863507925623,0.6892976462854534,-1.30208055195446,4.827393898288113,-0.5185902774681592,1.4811447007899945,-0.9338363108951137,-1.0754768570489222
10.0,129.0,1000.027099609375,-4.244187039895413,-2.952283083588059,-1.9639556907812188,0.6893631354220631,-1.3019483269772163,4.827496428209933,-0.5186055191333407,1.4813125737672823,-0.9339115019429034,-1.0753136179132063
10.0,129.0,1000.0278930664062,-4.244131287730129,-2.952532539022393,-1.9640734234522084,0.6894056801624915,-1.3018659580435998,4.827200748739653,-0.5185653003907742,1.4811278765394222,-0.93396746835025,-1.075436707954526
10.0,129.0,1000.025146484375,-4.244186466153264,-2.952330943708497,-1.963994103733126,0.6893520096486956,-1.301966314218813,4.82743831771189,-0.5186023257282368,1.4812616894719677,-0.9339102614480952,-1.0753425038007522
10.0,129.0,1000.0270385742188,-4.244100516243293,-2.952544444711113,-1.9640248487041985,0.6894496813635698,-1.301711861315054,4.827189133274622,-0.5186128736301612,1.4812298886267232,-0.9340518244113936,-1.0753294118174654
10.0,129.0,1000.0271606445312,-4.244172532176048,-2.952297164464992,-1.963990595814136,0.6893020210540337,-1.3020123659646328,4.827477562434495,-0.5186216723389716,1.4812699504302191,-0.9338877744182996,-1.0753494465046098
10.0,129.0,1000.0269775390624,-4.244043644790556,-2.952641160479827,-1.964058304122372,0.6894807163721541,-1.3015710161093264,4.827054334956667,-0.5186316270842877,1.481174575509824,-0.9341190941205628,-1.0753440298958568
10.0,130.0,1000.0269165039062,-4.244090060366879,-2.9524643416467216,-1.96405158950566,0.6893712156012475,-1.3018344276289504,4.827255024430686,-0.5186226451976372,1.4811820496649195,-0.9339795222087676,-1.0753925258304586
10.0,130.0,1000.0278930664062,-4.244191163619167,-2.9522946592643056,-1.9640233013828432,0.689305320713336,-1.3020409970491502,4.827490168282406,-0.5185889178893692,1.481234693477206,-0.9338443039911768,-1.0753757957552068
10.0,130.0,1000.026611328125,-4.244108828833863,-2.9525412748780635,-1.9640473459303016,0.6894559005767089,-1.3017330589971725,4.827184951755367,-0.5185949701783148,1.481178048991386,-0.934010401379405,-1.0753675445047437
10.0,130.0,1000.0272216796876,-4.244231588385745,-2.9522111774869737,-1.963991111699106,0.6892656944287667,-1.3021862395635426,4.827596922671198,-0.5186083668274666,1.4812706742945538,-0.933794267898424,-1.0753855110317616
10.0,130.0,1000.0265502929688,-4.244125837025525,-2.952464593195975,-1.9640516856283567,0.6894044035772859,-1.3018689177282765,4.827270271703972,-0.5185994725857759,1.481189306142845,-0.9339585006357698,-1.0753939592885755
10.0,130.0,1000.0275268554688,-4.244097086223514,-2.9526014658486943,-1.9640253362409903,0.6895006303859672,-1.3016120703216476,4.82711680880937,-0.5185959235351598,1.4812079525505162,-0.9340963608581276,-1.075315391620383
10.0,130.0,1000.0271606445312,-4.244143785603576,-2.9523501983051683,-1.964027615276952,0.6893295912212958,-1.3020409321721282,4.827413384320652,-0.5186014125269107,1.4812220044724995,-0.933873908792016,-1.0754217184841997
10.0,130.0,1000.026611328125,-4.244195964654473,-2.9523151914814454,-1.9640059457433603,0.6893356652073388,-1.3020415805654748,4.827460524413921,-0.5185933420360183,1.4812532180997806,-0.933877775498825,-1.075372912385502
10.0,130.0,1000.0266723632812,-4.244223064237073,-2.95222364031832,-1.963994765696764,0.6892826598226662,-1.3021228598649888,4.8275741345444825,-0.5185869736629787,1.4812707387273285,-0.9338187517796364,-1.0753761488287483
10.0,130.0,1000.027099609375,-4.244091590228885,-2.952572104617229,-1.964091824348518,0.689422213475642,-1.3018154747821864,4.827142555219041,-0.5186031764708963,1.4811236641335093,-0.9340086257153396,-1.0754182168757525
10.0,130.0,1000.0277099609376,-4.244124918687666,-2.952467409604335,-1.964017772502588,0.6893928162178762,-1.3018010986058872,4.827265189735989,-0.5186257488712078,1.4812093965249105,-0.9340104816079392,-1.075333747400057
10.0,130.0,1000.02685546875,-4.244133891316416,-2.9524793297794414,-1.9640314193808897,0.6894258692176045,-1.3018164929490643,4.827257417743038,-0.5186039283972557,1.4812118053097256,-0.9339984150984284,-1.0753549377353773
10.0,130.0,1000.0274658203124,-4.244172366173317,-2.9522266539301847,-1.9639884977520832,0.6892659470100355,-1.3021285385391996,4.827549959281502,-0.5186211884847332,1.481254961704776,-0.933839175100892,-1.0753966442063012
10.0,130.0,1000.0261840820312,-4.244147705342054,-2.952414007373258,-1.964063945691796,0.6893549620132875,-1.3019793764086,4.827339559399471,-0.5185905293809192,1.4811732729080065,-0.9338969346921182,-1.0754258178953413
10.0,130.0,1000.0267944335938,-4.244059204737341,-2.952563529147048,-1.964079939451043,0.6894359121086504,-1.3017452937362166,4.8271435509247045,-0.5185957208051946,1.4811409151859838,-0.934011929144356,-1.075414229662128
10.0,130.0,1000.0271606445312,-4.2441616376763776,-2.952335313382541,-1.9640421903091447,0.6893134782382546,-1.302064813569622,4.827434962817991,-0.5186079759878615,1.4812041613495597,-0.9338345321365712,-1.075429109703585
10.0,130.0,1000.026611328125,-4.244176243911748,-2.95237027015519,-1.9640197359687628,0.6893583032013826,-1.3019621429869537,4.827395814620523,-0.5185910976618509,1.4812261334711838,-0.9339058195631448,-1.0753703986600769
10.0,130.0,1000.0267944335938,-4.244152598295699,-2.952450781909739,-1.9641078400022225,0.689349705112936,-1.30202440237134,4.82730236457982,-0.5185706174868621,1.481109869533798,-0.933860231536018,-1.075485190142448
10.0,130.0,1000.0265502929688,-4.24413422953894,-2.952413047482185,-1.9640508209586816,0.6893656781661335,-1.301957910335859,4.8273478256059335,-0.518587564295415,1.4811907618652542,-0.9338969960292092,-1.0754216867076454
10.0,130.0,1000.0272216796876,-4.244096126827598,-2.952559612623257,-1.964003449576527,0.6894865956347873,-1.301629046631802,4.8271469447423225,-0.5186358341037769,1.4812587411191993,-0.934102934748517,-1.075284529619415
10.0,130.0,1000.026611328125,-4.244115774014608,-2.952512379966531,-1.9640495715265565,0.6894141260772422,-1.301833572214925,4.827229016115672,-0.5186039432407261,1.4811932282132547,-0.93398243693711,-1.0753867019246544
10.0,130.0,1000.0272216796876,-4.244146539929819,-2.952403317303784,-1.9640651220278365,0.6893406586347215,-1.302049719964658,4.8273456700706205,-0.5185853056644154,1.4811592502289717,-0.9338863284521964,-1.075458571690211
10.0,130.0,1000.0269165039062,-4.244098538340063,-2.9524136956681977,-1.9640510061463448,0.6893508735502598,-1.3018763473901729,4.827331610967491,-0.518616456030708,1.4811936760846898,-0.9339285012001772,-1.0753833299037692
10.0,130.0,1000.026123046875,-4.244189749871829,-2.9523088155421244,-1.96399054595314,0.6893360129949748,-1.30199247950898,4.8274664738617,-0.5185995779461257,1.4812608897999926,-0.9338937524775756,-1.0753475201543288
10.0,130.0,1000.0272216796876,-4.244179023086013,-2.9522924216807533,-1.9640385528311808,0.6892658296768008,-1.3021407723702212,4.8275059696450136,-0.5185880000061527,1.4811983007166862,-0.9337929501849684,-1.07544153679504
10.0,130.0,1000.0267333984376,-4.244157328221135,-2.952400474444973,-1.9639995518781284,0.6893909181557536,-1.3018446544638629,4.827352789532682,-0.5186203123632502,1.4812775115465655,-0.9339669452430286,-1.075311902989638
10.0,130.0,1000.0263061523438,-4.244156614451521,-2.9523895209671744,-1.964028097852669,0.6893412983608638,-1.3019920795512925,4.827371967249423,-0.5186074196205288,1.4812041442705794,-0.933908422189898,-1.0753877394622298
10.0,130.0,1000.0267944335938,-4.244126325330703,-2.952448900531964,-1.96406610292345,0.6893698390192409,-1.3019564842780018,4.827290601725325,-0.5185892239199994,1.4811560156635526,-0.9339049481753924,-1.075453687800294
10.0,130.0,1000.0274658203124,-4.24415828811801,-2.952451464821623,-1.9639953120640268,0.6894279169355251,-1.3017633576002885,4.827298342350359,-0.518602963445236,1.4812488643270385,-0.934009355777941,-1.0752932593532432
10.0,130.0,1000.0270385742188,-4.244178866645326,-2.9522951161908093,-1.9640104786619883,0.689303765958245,-1.3021120623320614,4.827485143033535,-0.5185918895217139,1.4812304529459022,-0.9338420629582423,-1.0754184034905283
10.0,130.0,1000.0267944335938,-4.244066438062861,-2.9526195053133955,-1.964061291653752,0.6895049540122189,-1.3015915412554977,4.827064410480725,-0.5186205737844318,1.481187267375649,-0.9341064205203145,-1.0753275924108645
10.0,130.0,1000.0277709960938,-4.244081847929879,-2.952569840028486,-1.964042084650792,0.6894859720707789,-1.3016091810974553,4.82714417264263,-0.5186137632745638,1.4812129167030417,-0.934073942891226,-1.0753146482651177
10.0,130.0,1000.0272827148438,-4.244053687629754,-2.9525452483599417,-1.964054165967996,0.6894298618763912,-1.3016913794716745,4.827154398784458,-0.5186363467207293,1.4811943372114484,-0.934054927443122,-1.075340469049542
10.0,130.0,1000.0270385742188,-4.24404557257699,-2.9526924321674297,-1.9640885263233203,0.6894995312788303,-1.3016129997234789,4.827000332561605,-0.5186087366433423,1.4811294163544089,-0.9340966554689728,-1.0753832222579591
10.0,130.0,1000.026611328125,-4.244075187548882,-2.952611741606563,-1.964018935409004,0.6895042038286006,-1.3015566442544833,4.827089386057025,-0.5186243612094268,1.481222007592251,-0.9341337779690272,-1.0753013788238572
10.0,130.0,1000.0269165039062,-4.244201918462788,-2.9522116834662726,-1.96398761385758,0.689263079592747,-1.302157372893186,4.827583154442577,-0.5186053121160423,1.4812675901638634,-0.9338109137160968,-1.0754021283675606
10.0,130.0,1000.02685546875,-4.244145390889488,-2.95237698643924,-1.9640830854450144,0.6893030182101754,-1.3020775122529509,4.827374558155965,-0.5185880406753149,1.4811470907374762,-0.9338607382544232,-1.0754639082532185
10.0,130.0,1000.0267944335938,-4.244124452628555,-2.9523808330401984,-1.964066642464649,0.689325324510234,-1.3019978414170614,4.827371264853591,-0.5186050454593936,1.4811761808024428,-0.9338819940810996,-1.0754252665446575
10.0,130.0,1000.0280151367188,-4.24420997613407,-2.952270642711198,-1.9639980083367248,0.6893112267132935,-1.302080466273841,4.827526594466978,-0.5186004018874808,1.4812638388819526,-0.9338329883966958,-1.075385327494924
10.0,130.0,1000.027099609375,-4.24416171966679,-2.9524046492293774,-1.9640561565522567,0.6893460701196039,-1.3019876701105169,4.827358236742121,-0.5185842597593098,1.481181081084805,-0.933885114650402,-1.0754176156992257
10.0,130.0,1000.0262451171876,-4.2441432881246985,-2.9524505668335186,-1.9640266989071515,0.6893819425558467,-1.3018757746007608,4.8272960338817725,-0.5186216300746782,1.4812112635960446,-0.9339715929380814,-1.0753650824364858
10.0,130.0,1000.0272216796876,-4.244140515045762,-2.9523849787328733,-1.964045346318044,0.6893442490454573,-1.3019381811683766,4.8273609984654,-0.5186050503254647,1.4811974885541908,-0.9339189887614152,-1.07538646913975
10.0,130.0,1000.026611328125,-4.244142338961959,-2.9524302537574214,-1.964046268666069,0.6893738785072436,-1.3019344247667668,4.827311931640418,-0.5186049459003295,1.4812012532398668,-0.9339344514350952,-1.0754013995609046
10.0,130.0,1000.02685546875,-4.244151385650253,-2.952375361591861,-1.964023405341461,0.6893567038111348,-1.3019590335710545,4.827390247531165,-0.5186022069066958,1.481228017668129,-0.9339003906839158,-1.0753871026642337
10.0,130.0,1000.0274047851562,-4.244106699237707,-2.952458084012032,-1.9640831696010383,0.6893678625153168,-1.3019377870130406,4.827273084995374,-0.5185899442944546,1.4811411870656022,-0.9339088721629256,-1.0754641450939753
10.0,130.0,1000.0274658203124,-4.244226945618052,-2.952194924516856,-1.9639628550241024,0.6892905902407866,-1.3021658734918673,4.827606882609924,-0.51861018783441,1.481311793254882,-0.9338144083629798,-1.0753588370194906
10.0,130.0,1000.0269165039062,-4.244242857520665,-2.9522096835462337,-1.9640045212304216,0.6892900059071208,-1.3022129322989435,4.827595573134323,-0.5185750753819764,1.4812544380053607,-0.93377844908738,-1.0754168946550453
10.0,130.0,1000.0256958007812,-4.244188338201066,-2.952257531093524,-1.964040053490492,0.6892581251831986,-1.3022058156146734,4.8275263800492105,-0.5185860448248514,1.4811915693823323,-0.9337797180382336,-1.0754703888070467
10.0,130.0,1000.0267944335938,-4.244185807885998,-2.952422592828071,-1.9640116208349,0.6893979864796105,-1.3019347506533403,4.827341124368187,-0.5185844280055161,1.4812300719970874,-0.9339518195713996,-1.0753730683408849
10.0,130.0,1000.0255737304688,-4.244072668812273,-2.95257536038342,-1.9640566937665007,0.6894546625313129,-1.301710204389503,4.827127895673518,-0.5186083762520974,1.4811663718825958,-0.934039836460351,-1.0753733021680103
10.0,131.0,1000.0272827148438,-4.24411792596879,-2.9524990236841244,-1.9640397266003795,0.689426979458668,-1.301790447486297,4.82723431004394,-0.5185959812586063,1.48120754823492,-0.9339849426660392,-1.0753778038787902
10.0,131.0,1000.0252075195312,-4.244128705161748,-2.952400296490654,-1.9640642682208744,0.6893318032768416,-1.30199514018287,4.827345929209564,-0.5186027425475954,1.4811725855478954,-0.9338858690163816,-1.075440359171013
10.0,131.0,1000.0272827148438,-4.244179618283378,-2.952378461852894,-1.9640039544080288,0.6893710009768483,-1.3019344574114724,4.827379017001718,-0.5186217724470206,1.4812563338935636,-0.9339419668485672,-1.0753411142511315
10.0,131.0,1000.025146484375,-4.244068848587089,-2.9525698634973536,-1.9640906476070508,0.6894263681121968,-1.301770968322928,4.827135768135527,-0.5186052507020715,1.4811269651027033,-0.9340020993208952,-1.0754242200585185
10.0,131.0,1000.0264282226562,-4.244113151924358,-2.952493103216272,-1.9640389375492884,0.6894205642040596,-1.3018075049569653,4.827231584491118,-0.5186102865517759,1.481209377334185,-0.9339912318204986,-1.075368588118459
10.0,131.0,1000.0263061523438,-4.244129842289484,-2.952416799197496,-1.9640592450560823,0.6893436618004811,-1.3019617293972958,4.827333883861968,-0.5186123724743688,1.4811862250864047,-0.9339010105384116,-1.0754161508600664
10.0,131.0,1000.0260620117188,-4.2441359703118975,-2.9524819749274545,-1.9639985229359307,0.6894389455826344,-1.3017624455707375,4.827251358524524,-0.5186169811912595,1.4812379085274738,-0.9340421155284826,-1.0753156731869558
10.0,131.0,1000.0266723632812,-4.244184024237241,-2.952332004190494,-1.9640411797562607,0.6893027651399528,-1.302082910132825,4.827449968272223,-0.5185939715795929,1.481205991234317,-0.9338397777336276,-1.0754232725743125
10.0,131.0,1000.02734375,-4.244149481289237,-2.9523352018927875,-1.9640337268656525,0.6893184912946992,-1.302074276547747,4.827434866019996,-0.5185853110707459,1.4811929529295078,-0.9338478882783088,-1.075439952464918
10.0,131.0,1000.027099609375,-4.244132557495668,-2.952456562273442,-1.9640285101570685,0.6893913973101959,-1.3018452589205802,4.827279189213453,-0.518616133083726,1.481220008133663,-0.9339933883618884,-1.0753484235686637
10.0,131.0,1000.0263671875,-4.244111708015384,-2.9525127516065988,-1.9640844597230085,0.6893903979953961,-1.301886240248579,4.827219643385433,-0.5185923642703196,1.4811405143301464,-0.9339411401038912,-1.0754414001505723
10.0,131.0,1000.0261840820312,-4.244129497182338,-2.952428885192252,-1.964000214934152,0.6893965339375887,-1.3018065200976432,4.827315998899994,-0.5186163925925724,1.4812463960986657,-0.933993652034432,-1.0753212754969472
10.0,131.0,1000.0267944335938,-4.244129459258389,-2.9524560601236525,-1.964050408897453,0.6893655640128271,-1.301927694121257,4.827290951424123,-0.5186094398093823,1.4811877484999103,-0.9339339580906972,-1.0754094738842075
10.0,131.0,1000.026611328125,-4.244138635870523,-2.952500634213126,-1.964000360619348,0.6894542028135122,-1.3017372922863042,4.827244546025881,-0.518605369259574,1.4812512093530188,-0.934032490446766,-1.07530857232712
10.0,131.0,1000.0267944335938,-4.244223966045019,-2.9522396784042897,-1.9639856583828417,0.6892770240962562,-1.3021520498480117,4.827561372073328,-0.5185969077657067,1.4812628596754625,-0.933834408792551,-1.0753875453344102
10.0,131.0,1000.0269165039062,-4.244138271318691,-2.9524660467290103,-1.9640400591920024,0.6894035684435114,-1.3018483162231682,4.827286623685081,-0.5185985611338948,1.4812038566919403,-0.9339660014946825,-1.075364332857828
10.0,131.0,1000.0262451171876,-4.244174968071926,-2.952349833063683,-1.9640376519592588,0.6893185369632366,-1.302052183695385,4.827415026395888,-0.5185995597363835,1.481200865291319,-0.9338619889814614,-1.0754134632536054
10.0,131.0,1000.0265502929688,-4.2441146749081335,-2.95250441798373,-1.9640458048663807,0.6894204520545593,-1.3017610452899886,4.827225864194688,-0.5186035338711186,1.4812020587846764,-0.9340076150463998,-1.075347387351568
10.0,131.0,1000.0266723632812,-4.2441669871341885,-2.9523058688666186,-1.9640650484513933,0.6892721441005722,-1.3021447263747463,4.827470039393651,-0.5185781225118715,1.481169501484377,-0.9337915187708584,-1.0754758166666174
10.0,131.0,1000.026123046875,-4.244150469393009,-2.9524270272012205,-1.9640252020976785,0.6893894389737074,-1.301909582771399,4.827317859991039,-0.518598826957577,1.4812035605437297,-0.9339506491608632,-1.0753837191729794
10.0,131.0,1000.0259399414062,-4.244121632941484,-2.952448186743037,-1.964059231489605,0.6893631279390586,-1.301948849067616,4.827298422810959,-0.5186010809299839,1.481167785627811,-0.9339183263933668,-1.0754350975134064
10.0,131.0,1000.0277709960938,-4.244073162081614,-2.9525097956620705,-1.964062638670396,0.6894172600130402,-1.3017863080419063,4.8272033816054005,-0.518607006448569,1.4811701290247807,-0.9339866553709656,-1.075411311475765
10.0,131.0,1000.0279541015624,-4.244100282286751,-2.9524828145205646,-1.9640612093305512,0.6893704382868124,-1.3018452352059535,4.827252481178885,-0.5186261655608417,1.481181295360939,-0.9339593289276236,-1.0753902934874109
10.0,131.0,1000.0272827148438,-4.244122166941041,-2.952456601081522,-1.9640837531553743,0.6893617047397713,-1.3019495611348466,4.827294804020935,-0.5185818160594327,1.481142809749647,-0.9338866805337976,-1.0754624451328878
10.0,131.0,1000.027099609375,-4.244121492914704,-2.9525528438277355,-1.964055357875252,0.6894405053771564,-1.3017692588279206,4.827177438043126,-0.518594034679916,1.481177999265885,-0.9340103828200714,-1.075376993527466
10.0,131.0,1000.027099609375,-4.244110595693143,-2.952563339879947,-1.964014560937482,0.6894525493025174,-1.30171124508138,4.827169609120647,-0.5186128401440859,1.481213222285044,-0.9340627836720684,-1.0753297717343635
10.0,131.0,1000.0267333984376,-4.244101746531017,-2.9525555420039264,-1.9640437938438733,0.6894576641848973,-1.3016981939787806,4.827168276730626,-0.5186051392419406,1.4811999034418708,-0.9340411751349108,-1.0753408306582797
10.0,131.0,1000.025390625,-4.244089954190347,-2.952516195217986,-1.964120122558889,0.6893538339730263,-1.3019805248072962,4.827208676958065,-0.5185989052647901,1.4810747815437857,-0.9339080797053424,-1.0755110221544897
10.0,131.0,1000.0265502929688,-4.24414617401648,-2.952469588439251,-1.964016798984045,0.6894172010595181,-1.301822555923911,4.827277388510824,-0.5185999704410813,1.4812312498500422,-0.933990360104068,-1.0753471817676212
10.0,131.0,1000.0264892578124,-4.244120750558713,-2.9525183233493446,-1.96398681681182,0.689464168938013,-1.3016725071986217,4.82720146289423,-0.5186276692168699,1.481263743652173,-0.9340745626939252,-1.075292641752586
10.0,131.0,1000.0260009765624,-4.244133165226294,-2.952424863583685,-1.964048278264528,0.6893703030446297,-1.301931436119328,4.827327690635965,-0.5185974478786317,1.4811864788830107,-0.933923225809112,-1.0754054514224003
10.0,131.0,1000.0272216796876,-4.244202917829756,-2.952350985390098,-1.9639928005015728,0.6893718078491045,-1.3019805714851476,4.827414074899728,-0.5185901405194624,1.481241406131721,-0.933912045042951,-1.0753549672246248
10.0,131.0,1000.0269775390624,-4.244076240000116,-2.952644119433834,-1.964042709077907,0.6895000457704512,-1.3016013098448598,4.827051450251624,-0.5186248241050757,1.4811915399239926,-0.9341278511240788,-1.075329380429963
10.0,131.0,1000.0267944335938,-4.244176570751335,-2.952267097740456,-1.964048715587192,0.6892423907547958,-1.3022672424844823,4.827506469818596,-0.5185916720302322,1.481159488668796,-0.9337731946805086,-1.0754956122000232
10.0,131.0,1000.0274047851562,-4.244127810480308,-2.952478586687529,-1.9640367640393608,0.6894138627615733,-1.301803380277962,4.827269930325345,-0.5186016241343498,1.4812114048078175,-0.9339785573384622,-1.075351393070549
10.0,131.0,1000.0264282226562,-4.244082455388835,-2.952561722565516,-1.9641124515986337,0.6893971765155076,-1.301832412362395,4.827151480031887,-0.5185858581509937,1.481091326914747,-0.9339708370288182,-1.0754646861084636
10.0,131.0,1000.02685546875,-4.244179850447472,-2.95229604132654,-1.9639876171235549,0.6893335207657625,-1.3020375286964687,4.827480830886081,-0.5185989433771949,1.4812609134008623,-0.9338721931758522,-1.0753698729764154
10.0,131.0,1000.0261840820312,-4.244130243728023,-2.9524734686823297,-1.9639945363350533,0.6894324699112131,-1.3017600076918212,4.8272729336489295,-0.5186210857730833,1.4812653988832034,-0.934029626853282,-1.0752994783665204
10.0,131.0,1000.026123046875,-4.24415429945469,-2.952432320825938,-1.9640121712399463,0.6894001657741988,-1.3018557121838894,4.827316066717796,-0.5186096232198123,1.4812425765879098,-0.933973826306306,-1.0753482549220603
10.0,131.0,1000.0263671875,-4.244133047935223,-2.952424843491857,-1.964030399466151,0.6893712533137464,-1.3018959842444526,4.827318735333515,-0.5186009602677375,1.481198349800085,-0.9339469187168524,-1.07537569343993
10.0,131.0,1000.0261840820312,-4.244138244370451,-2.9524520752346413,-1.9640127230546909,0.6894112466011393,-1.3018309443697855,4.827287345222649,-0.518600214568699,1.4812238690980897,-0.933994773478978,-1.0753504202827764
10.0,131.0,1000.027099609375,-4.244090133200062,-2.952551777892816,-1.9640805555841043,0.6894060724425985,-1.3017736724276578,4.827162608943368,-0.5186071701713928,1.4811305005759143,-0.9340154159986724,-1.07539186209686
10.0,131.0,1000.0274658203124,-4.244089261830542,-2.952485337011401,-1.9640330494750915,0.6894149099423963,-1.3017935805961645,4.827228305109456,-0.5186307425165335,1.4812118948034056,-0.934005623107721,-1.07536715589033
10.0,131.0,1000.027099609375,-4.244139093928301,-2.9524328509714644,-1.9640236341302808,0.6893931994422289,-1.3018833886627807,4.827321443980603,-0.5186041973145956,1.4812277748475946,-0.9339494606716788,-1.0753677955918937
10.0,131.0,1000.0262451171876,-4.244115543951271,-2.9524833634952934,-1.9640544218284768,0.6893953235187915,-1.301873428359971,4.827244330248789,-0.5186029202765443,1.4811680770221605,-0.9339735223460616,-1.0753963000241331
10.0,131.0,1000.02734375,-4.244221626717298,-2.9522690021254614,-1.9639951899572183,0.6893003547377923,-1.3020720069322786,4.827525767379848,-0.5185974394585262,1.481267459600674,-0.9338598480107798,-1.0753683835439167
10.0,131.0,1000.0264282226562,-4.244082537819699,-2.952518671672593,-1.9640758460546897,0.689398461417885,-1.3018339641824133,4.827197852171199,-0.5186097680507791,1.4811476144046771,-0.9339742437061718,-1.0754164837571878
10.0,131.0,1000.0272216796876,-4.2441393585950165,-2.9523600360525744,-1.9640870627217009,0.6892799010074393,-1.302074901921987,4.82741109461988,-0.5185918138417058,1.481144133442661,-0.9338184097150436,-1.0754732908825524
10.0,131.0,1000.0248413085938,-4.244104403901644,-2.952538382378177,-1.964052181117261,0.6894316010578905,-1.3017676788051151,4.827187014184421,-0.518609273876379,1.4811812637997432,-0.9340114594611846,-1.0753754133013185
10.0,131.0,1000.02587890625,-4.244114696003496,-2.952544445972221,-1.96402813412,0.6894574070104955,-1.301695553838062,4.827170351572828,-0.5186094496636882,1.4812050051839565,-0.9340627686688324,-1.0753266082816353
10.0,132.0,1000.0261840820312,-4.2441394214817,-2.9524379694986065,-1.9640105267168504,0.6893861882934651,-1.3018465131184769,4.82731200309607,-0.5186190594961202,1.481239233647015,-0.9339747408597008,-1.0753486291832184
10.0,132.0,1000.02685546875,-4.244086455974202,-2.952521168870404,-1.964079422549474,0.6893960664379373,-1.3018786715744128,4.827199667080993,-0.5186089480770892,1.4811380795082272,-0.9339707146672014,-1.0754410597591684
10.0,132.0,1000.0269775390624,-4.244070330607168,-2.9525253060878835,-1.964050724504549,0.6894297665873452,-1.3017345639082087,4.827184478193306,-0.5186087245486872,1.4811852725028911,-0.9340284202016242,-1.0753699781571542
10.0,132.0,1000.0260009765624,-4.244169022498387,-2.95234851528361,-1.9639748545403848,0.6893693462540806,-1.301886203523506,4.827414011368287,-0.5186220966913861,1.4812939454254987,-0.9339582977006576,-1.075311573419686
10.0,132.0,1000.02734375,-4.244193952991182,-2.9523089215866376,-1.964035760411079,0.6892951866459454,-1.3021630752105278,4.827473163055863,-0.5185882518491489,1.481191973479059,-0.9338336845573724,-1.0754400416542338
10.0,132.0,1000.0269165039062,-4.244231112802957,-2.9521857654358152,-1.9640303877345504,0.6892219135414344,-1.302307867470443,4.827626840946124,-0.518578859945384,1.481209863139334,-0.9337280350546652,-1.0754612428442134
10.0,132.0,1000.0272827148438,-4.244154137062122,-2.952412940993677,-1.964065750684512,0.6893475118672203,-1.3020223850375352,4.827342547233736,-0.5185956163785272,1.4811717554151418,-0.9338821428802008,-1.07544659417683
10.0,132.0,1000.025390625,-4.244138734144364,-2.9524369983424297,-1.9640675835220367,0.6893457184900589,-1.3019561990725128,4.827308461244575,-0.5185963561989784,1.481153160761048,-0.9339089707398216,-1.0754314239887068
10.0,132.0,1000.0274658203124,-4.244116196777904,-2.952511187015782,-1.9640669265152773,0.6894332973909609,-1.30182904455318,4.827220035374538,-0.5185943784522733,1.48117689171481,-0.9339724194901438,-1.0754081047532882
10.0,132.0,1000.0257568359376,-4.2441730548786,-2.952299469926009,-1.964039996457824,0.6892873232780641,-1.3021385000909849,4.827476933955518,-0.5185943329854084,1.4812005154436942,-0.9338140921794782,-1.0754439358231629
10.0,132.0,1000.026123046875,-4.244181127275301,-2.9523399342463734,-1.9640294945469967,0.6893190417339978,-1.3020761240152416,4.827430979188325,-0.5185986859088176,1.4812081761568106,-0.9338576147688612,-1.0754229497898815
10.0,132.0,1000.0248413085938,-4.244137813862463,-2.9524277135669887,-1.9640482555480072,0.6893750678869903,-1.3019243013948327,4.827317889979151,-0.5185961621505468,1.481187658875534,-0.933925651178514,-1.0754058559591546
10.0,132.0,1000.026611328125,-4.244084637678546,-2.952504370686276,-1.96411509855664,0.6893547678296112,-1.301924519923901,4.827220755786609,-0.518610623097314,1.481103786374792,-0.93391536717402,-1.0754737114371804
10.0,132.0,1000.026611328125,-4.244099136935216,-2.9524688514103845,-1.9640531429226409,0.6893895688294203,-1.3018342227915576,4.827264241882524,-0.5186174354922688,1.4811824525862534,-0.93397344559701,-1.0753837273690103
10.0,132.0,1000.0255737304688,-4.244138538134305,-2.95239284044159,-1.9640609370686728,0.6893342406060734,-1.3020244388382092,4.827356058944583,-0.518589601734563,1.4811634503522448,-0.9338858236596268,-1.075445369565498
10.0,132.0,1000.026611328125,-4.24405860963511,-2.952617066960834,-1.9640320564838776,0.689488888717964,-1.3015642826799323,4.827078425131283,-0.5186329752001004,1.48120763067785,-0.9341201557304216,-1.075316246554339
10.0,132.0,1000.0264892578124,-4.244150068307095,-2.9524495677806954,-1.964017510716023,0.6894023395512052,-1.301874329458459,4.827295146302458,-0.5186100383505652,1.4812317678684046,-0.9339732590819744,-1.0753569452031582
10.0,132.0,1000.0262451171876,-4.244170557197947,-2.9523429255167164,-1.9640127425418847,0.6893227570495064,-1.3020468674335692,4.827423927202606,-0.5186060190396002,1.481220390723415,-0.9338894795881858,-1.0754001972019278
10.0,132.0,1000.0260009765624,-4.244131062822505,-2.9525969633112377,-1.9639818377957008,0.6895349225123892,-1.3015411497443878,4.82711923567534,-0.5186223295793981,1.481268533649437,-0.9341538624658908,-1.075233411094945
10.0,132.0,1000.0256958007812,-4.2440961617926405,-2.952590469720461,-1.9640617144465395,0.6894651930149216,-1.3017263513147586,4.827119412488418,-0.5185995092871014,1.4811638739870403,-0.9340363962832036,-1.0753906811015588
10.0,132.0,1000.026611328125,-4.2441686893720005,-2.952380587776267,-1.964024328094867,0.6893621309697737,-1.301949066981683,4.827369559693485,-0.5186073544448204,1.4812305058084585,-0.9339244299427936,-1.075367138926779
10.0,132.0,1000.0263061523438,-4.244154869020711,-2.952381575479297,-1.9640114527127688,0.6893673500213238,-1.3019113415037775,4.827384055683625,-0.5186069575506096,1.4812441981070317,-0.9339292316431028,-1.0753590275050715
10.0,132.0,1000.0260620117188,-4.244129185410705,-2.95238116464614,-1.964042790587272,0.6893345640203652,-1.3019717150108607,4.827364744406301,-0.5185965192070796,1.4811886787421678,-0.9338961842408882,-1.075417842316423
10.0,132.0,1000.0279541015624,-4.24411027231396,-2.952412654699589,-1.9640667407220809,0.6893430196986188,-1.3019783991241702,4.8273066103492805,-0.5185950674123045,1.481149087635245,-0.9339102228800176,-1.0754490649874011
10.0,132.0,1000.025390625,-4.24409361125111,-2.9525239784106088,-1.9640794975759128,0.689405131786577,-1.3018059313424586,4.827189810749264,-0.5185957385992133,1.4811463543565822,-0.9339850480795072,-1.0754089615644031
10.0,132.0,1000.0263671875,-4.244106257822685,-2.9525240399734907,-1.9640305447601487,0.6894359803459373,-1.301744805151856,4.82720279191112,-0.5186194675848474,1.4812084228525713,-0.9340369530856228,-1.0753361063301714
10.0,132.0,1000.0256958007812,-4.24414371302526,-2.952410847958455,-1.9640416708500168,0.689359552590072,-1.3019267946175472,4.827345507299757,-0.5186046864587865,1.4812017204203751,-0.9339230555981376,-1.0753863225173887
10.0,132.0,1000.0267944335938,-4.244083717587959,-2.952613015997487,-1.9640400132754592,0.6894967518839952,-1.301594639063946,4.827096317184381,-0.5186164084100238,1.4812094760322996,-0.9340925385737604,-1.0753248763997836
10.0,132.0,1000.0252075195312,-4.244075575408761,-2.952640951291892,-1.9640723826285669,0.6894828690287538,-1.30163605712776,4.82706463293426,-0.5186120171563164,1.481154997527887,-0.934080284702917,-1.0753648678897387
10.0,132.0,1000.0263061523438,-4.244151910553252,-2.9524355928120944,-1.9640006968146468,0.6894082400298522,-1.3018224380819667,4.827312061485593,-0.5186211085885821,1.481262715270665,-0.9339886589850908,-1.0753240859987696
10.0,132.0,1000.0256958007812,-4.244141515252316,-2.9524151066897626,-1.964011293020756,0.6893795373848208,-1.3018788096251963,4.827339577650974,-0.5186123370938631,1.4812397912306423,-0.9339578278614784,-1.0753557597993542
10.0,132.0,1000.0266723632812,-4.244134084506944,-2.952362777985312,-1.9640539900224523,0.6893227713949024,-1.3019906619784023,4.827382216789459,-0.5186095390287129,1.481194645697549,-0.9338838073951016,-1.0754332193618716
10.0,132.0,1000.0262451171876,-4.244068471255735,-2.952638867006625,-1.9640608391330543,0.689485293076693,-1.3016269700286225,4.827059528318884,-0.5186248482533031,1.4811771058806915,-0.9340961133354568,-1.0753513046720728
10.0,132.0,1000.026123046875,-4.244055167806703,-2.9526161352317244,-1.96413101953852,0.6894087490272982,-1.301793563916822,4.827094454163156,-0.5185975132580349,1.4810703260623104,-0.9339815377474734,-1.075473171214576
10.0,132.0,1000.0260009765624,-4.244068681798996,-2.952568296319983,-1.9640889642011503,0.689417175657856,-1.3017870365426147,4.827138080984399,-0.5185968361927262,1.4811164107191963,-0.9339934918446584,-1.0754322513886527
10.0,132.0,1000.02490234375,-4.244102389832031,-2.952552250486065,-1.9640704964364963,0.6894340330727999,-1.301764113693897,4.827166013200188,-0.5186009997346517,1.4811556646623272,-0.934002156444662,-1.075394878781311
10.0,132.0,1000.0265502929688,-4.244074739625601,-2.952576167711072,-1.9640423192169552,0.6894592282329937,-1.3016811204898198,4.82713227285752,-0.5186241075684634,1.481194529647735,-0.934066762402666,-1.0753440287600076
10.0,132.0,1000.0263061523438,-4.244121348640388,-2.952502029448752,-1.964017114584493,0.6894335332958015,-1.3017533343114374,4.827230735450154,-0.5186155326251853,1.4812221593911443,-0.9340422932600037,-1.0753227291027874
10.0,132.0,1000.0264282226562,-4.244119515295762,-2.952450661677208,-1.9640458169806336,0.6893704820412436,-1.3019252967793429,4.82728355321051,-0.5186224146841711,1.48118780938883,-0.9339461415792591,-1.0754122694881438
10.0,132.0,1000.026123046875,-4.244158854735918,-2.952372483787068,-1.9640000481820912,0.6893606885356736,-1.3019198145351902,4.8273891834928495,-0.5186087453519566,1.4812555694597096,-0.9339385267050044,-1.0753451479597809
10.0,132.0,1000.0260009765624,-4.244092528278877,-2.952557020887374,-1.9640719056749767,0.6894232266744638,-1.301777681668761,4.827165946125897,-0.5186069744877138,1.4811506593257668,-0.9339999544804458,-1.0753989846930487
10.0,132.0,1000.026123046875,-4.244124815361224,-2.9524156338247827,-1.964010884909056,0.6893757324101593,-1.3018548603151157,4.827334508293447,-0.5186199959175744,1.481242387020151,-0.9339655819289988,-1.07534596586432
10.0,132.0,1000.0257568359376,-4.244094124895955,-2.9524564297774907,-1.9640711968830944,0.6893543249527889,-1.301918102349882,4.827269642557049,-0.5186101732184936,1.4811451786776422,-0.9339386471912068,-1.0754333565268586
10.0,132.0,1000.026611328125,-4.244130430328584,-2.952520892882427,-1.9640362000496976,0.6894511509994485,-1.3017499792069476,4.827202866894355,-0.5186012063066938,1.481213267943744,-0.934024399416864,-1.0753422400287334
10.0,132.0,1000.0271606445312,-4.244131228650506,-2.952444144923301,-1.9640388628849608,0.6893976470266736,-1.3019015052723644,4.827294492276264,-0.5186009257757975,1.4811983885124844,-0.9339394151603456,-1.0753920949372824
10.0,132.0,1000.0271606445312,-4.2441457632549096,-2.952448096466195,-1.9640070173042783,0.6894199643407113,-1.3017892084228406,4.827310632202833,-0.5186107034819782,1.4812548419856029,-0.9339906833437732,-1.0753205693456769
10.0,132.0,1000.026611328125,-4.244057427162977,-2.952716563457719,-1.9640134708855288,0.689577054588348,-1.30137546579079,4.826960956504603,-0.5186217602020822,1.4812190315968,-0.9342302973437856,-1.0752520235119816
10.0,132.0,1000.0253295898438,-4.244144177682457,-2.9523766600511587,-1.9640340532191,0.6893348811315008,-1.3019913805496133,4.827380456373845,-0.5186084402879629,1.4812061078953374,-0.9339053707689446,-1.0753991786560313
10.0,132.0,1000.0267333984376,-4.244141413172634,-2.95242884035004,-1.9640542741982188,0.6893656480886303,-1.3019450847039875,4.827326567057346,-0.5186017408075951,1.481195061788732,-0.9339074249416496,-1.075409378880361
10.0,132.0,1000.0262451171876,-4.244120969231923,-2.952453976275076,-1.9640461815371344,0.6893826667057343,-1.3018790017354132,4.827288807855748,-0.5186139911298939,1.4811968097846542,-0.9339551360127424,-1.0753849128787922
10.0,133.0,1000.0258178710938,-4.244141255687925,-2.952437765497597,-1.9640474492493585,0.6893622461565583,-1.3019084544994906,4.82731068715686,-0.5186003934293044,1.4811838771270145,-0.9339288829517898,-1.075400719369322
10.0,133.0,1000.026123046875,-4.244171627892192,-2.9523461203411165,-1.9640109787611089,0.689339170606277,-1.3020229430289605,4.827422010877765,-0.5186048764175482,1.4812370370691728,-0.9338880890614848,-1.0753912357645552
10.0,133.0,1000.0266723632812,-4.244130191972126,-2.952484625062942,-1.9640534724774987,0.6894006961480539,-1.3018481920875806,4.827256903312426,-0.5185907419400548,1.4811760583073337,-0.9339733211517364,-1.07538404002422
10.0,133.0,1000.0266723632812,-4.2440890969079526,-2.9524821907278613,-1.9640650499073948,0.6893808743327021,-1.3018304669567344,4.827249726775264,-0.5186068639345169,1.481172959851964,-0.9339617281307292,-1.075399257207008
10.0,133.0,1000.0260620117188,-4.244086711780163,-2.952556672497592,-1.96408156892278,0.6894340272521351,-1.301775395741636,4.827150199171895,-0.5185979324226828,1.4811359420522363,-0.9340031544494884,-1.075407229561165
10.0,133.0,1000.0255737304688,-4.244117297723291,-2.9524444561629903,-1.964044101088395,0.6893786817717009,-1.3018665585464606,4.827300519138063,-0.5186105970880686,1.4811903204172472,-0.9339505613859592,-1.0753853864870488
10.0,133.0,1000.026123046875,-4.24408081243014,-2.9525140907666843,-1.9641323752094009,0.68935257688379,-1.301934443940465,4.827209821593698,-0.5185879815418106,1.481078994374375,-0.9339010863709732,-1.0754974770599124
10.0,133.0,1000.02734375,-4.244104048438665,-2.9524304140503204,-1.9640783591403488,0.6893519437464573,-1.3019733692152529,4.827315296037497,-0.5186070892782348,1.481162333084031,-0.93387992267745,-1.07545955603159
10.0,133.0,1000.025390625,-4.244126128898079,-2.95236553736252,-1.964080005564692,0.6892880518712383,-1.302056617399876,4.8273890436061695,-0.5186029712407256,1.4811474473827868,-0.9338464864599788,-1.0754638595643606
10.0,133.0,1000.0267333984376,-4.244131313627309,-2.952516048986156,-1.9640358569708096,0.6894425483245472,-1.301755929080444,4.8272120500932445,-0.5186018465490383,1.4812118465271338,-0.934010202637146,-1.0753480875657866
10.0,133.0,1000.0258178710938,-4.244128071498445,-2.9524734455266253,-1.9640410644092103,0.6893832156158233,-1.3018845482443653,4.827270463701597,-0.5186187562130149,1.4811857162684916,-0.9339683298679082,-1.0753921841650325
10.0,133.0,1000.0272216796876,-4.244135340027144,-2.9525133282111864,-1.964050113151456,0.6894121579184649,-1.3018071954457389,4.827228850206959,-0.5185921882370534,1.481179127401969,-0.9339937062891206,-1.0753771352215362
10.0,133.0,1000.0255126953124,-4.2440863634714745,-2.952498611979706,-1.96408000095885,0.6893810971911467,-1.3018597035600583,4.8272214147892125,-0.5186044471374469,1.481134461134063,-0.9339541674439084,-1.0754364219810086
10.0,133.0,1000.0267944335938,-4.244127831889832,-2.952541986530963,-1.9640226392719216,0.6894810742627424,-1.3016899066877978,4.827189395407736,-0.5186019198483915,1.4812302500665062,-0.9340432070860452,-1.0753235618044503
10.0,133.0,1000.0260620117188,-4.24409527188901,-2.95259782037974,-1.964078998200275,0.6894521528416782,-1.3017481403132924,4.827111836015197,-0.5185906010097181,1.4811266175602995,-0.9340284621963012,-1.075405968456154
10.0,133.0,1000.0269775390624,-4.244127012515074,-2.9524645966106706,-1.964083063887283,0.6893476536381407,-1.301921128200096,4.827281759692191,-0.5185931199636249,1.4811461639721957,-0.933918329601526,-1.075428850794546
10.0,133.0,1000.0267333984376,-4.2441637071227,-2.952351868287084,-1.9640087149287928,0.6893487388408541,-1.3019883778734045,4.827399493449342,-0.5186163632082765,1.4812379700191478,-0.9339127625825512,-1.075382028811971
10.0,133.0,1000.0265502929688,-4.244099178712776,-2.9524772993560475,-1.9640806159685948,0.6893741098941621,-1.301897470621363,4.827245506980926,-0.5186039278870229,1.4811505117899486,-0.9339389124068448,-1.0754424932355553
10.0,133.0,1000.0263671875,-4.244113418364403,-2.952489731830445,-1.964085109974916,0.6893816023330164,-1.3019116984551484,4.827238302684517,-0.5185843455324175,1.4811297211597862,-0.9339274344425884,-1.0754536402730897
10.0,133.0,1000.0254516601562,-4.244162620500461,-2.952372218457408,-1.964004158353558,0.6893629342354135,-1.3019420165488915,4.827391924085253,-0.5186123404569178,1.4812465517039577,-0.9339258023193304,-1.0753643510379485
10.0,133.0,1000.026611328125,-4.244125714897423,-2.9525332688799484,-1.964053536640474,0.6894437403440552,-1.301784509136085,4.8271886894067,-0.518597002243979,1.481177431819784,-0.934001332432472,-1.0753755889188032
10.0,133.0,1000.0262451171876,-4.244114406004033,-2.9525727251353726,-1.9640683978363345,0.6894345705002838,-1.3017370730162074,4.827151168911623,-0.5186104277421126,1.4811625446811174,-0.9340289870181308,-1.0753712225209715
10.0,133.0,1000.026611328125,-4.2441092846998405,-2.9524675769766766,-1.9640341933270693,0.6893962805403939,-1.3018172284301794,4.827269177537129,-0.5186085443279387,1.4812106358190578,-0.9339793100205904,-1.075374446075494
10.0,133.0,1000.0257568359376,-4.244137047309494,-2.95246706790406,-1.9640134898198465,0.6894230214985697,-1.3017765801706045,4.827276163229337,-0.5186144474006822,1.4812470003135587,-0.934006547313044,-1.075321398522351
10.0,133.0,1000.026611328125,-4.24411077041932,-2.952525217288164,-1.9640221173640569,0.689445570107643,-1.3017213581616724,4.827207190704662,-0.5186193569441162,1.4812269412026111,-0.934034495214772,-1.0753313991721347
10.0,133.0,1000.0262451171876,-4.244080169868149,-2.9525549521353693,-1.9640763684029143,0.6894156206739037,-1.3018073382516349,4.827162769882367,-0.5186035794746147,1.4811302143462797,-0.9339901578501336,-1.075425951163096
10.0,133.0,1000.0269775390624,-4.24412840083032,-2.952483023352321,-1.964038303843388,0.6894078543438287,-1.301800944350984,4.827250243285931,-0.5186074276146861,1.4812073741050344,-0.9339824283952564,-1.0753671963189673
10.0,133.0,1000.0269165039062,-4.244092795585269,-2.952463090648661,-1.9640928546811456,0.6893415477094003,-1.301941527027202,4.827265655198852,-0.5186046211518205,1.4811207103910808,-0.9339078640241264,-1.0754733868627833
10.0,133.0,1000.025146484375,-4.244147135992602,-2.952393512952812,-1.9640318612253287,0.6893477733159195,-1.301966275683037,4.827358089300544,-0.5186046981012655,1.4812081881344064,-0.9339175276551916,-1.0754016702869542
10.0,133.0,1000.0249633789062,-4.244087425635373,-2.9525517623252857,-1.9640789634729208,0.6894188478306571,-1.3017813677387742,4.8271661094929605,-0.5186077582177706,1.4811485918633729,-0.9339976886486232,-1.0754078074768394
10.0,133.0,1000.025390625,-4.244126228733088,-2.952477550372392,-1.964036977144,0.6894049586140847,-1.301820978355714,4.8272603554604885,-0.5186075684935245,1.4811978416406362,-0.9339890971573253,-1.0753592563755316
10.0,133.0,1000.0267944335938,-4.244068834382314,-2.952592235667044,-1.964099707222888,0.6894071822894166,-1.3017835564014413,4.827120256885317,-0.5186147009363884,1.4811072641699423,-0.9340130687140088,-1.0754324909337565
10.0,133.0,1000.0260620117188,-4.244177413108503,-2.9523449574205656,-1.964021142502379,0.689321720636201,-1.3020079727181515,4.827425560161696,-0.5186089250979098,1.4812254226204011,-0.9338897663035608,-1.0753844813184577
10.0,133.0,1000.0257568359376,-4.244055219648238,-2.9526135353004266,-1.964095189352404,0.6894478065361689,-1.3017111017732397,4.827084472139717,-0.5186112304947477,1.481120688473836,-0.93402757230231,-1.075419645550086
10.0,133.0,1000.0261840820312,-4.244131635129319,-2.952385274721728,-1.9640578873034449,0.689327775457933,-1.3020393236254408,4.827360837760963,-0.5185933243420608,1.4811611303035228,-0.9338783580384192,-1.0754505779834718
10.0,133.0,1000.0259399414062,-4.244128874703526,-2.9524036240828684,-1.9640569409981088,0.6893402020379646,-1.3020026121425254,4.827346366317437,-0.5185971397171745,1.4811737826633973,-0.9338863740078144,-1.07545091584127
10.0,133.0,1000.0254516601562,-4.244086113735836,-2.9525249474364705,-1.964083992921255,0.6893962452091067,-1.30181413315676,4.827195430991324,-0.5186033877878611,1.4811385672534405,-0.93397252881923,-1.0754199284678911
10.0,133.0,1000.0253295898438,-4.244141254926085,-2.95234682913526,-1.9640507230612168,0.6892985359912256,-1.3020754687918594,4.827406218531355,-0.5185991341845604,1.481178241715103,-0.9338560725441828,-1.0754533368159471
10.0,133.0,1000.0252685546876,-4.244115996580029,-2.9524826286740136,-1.9640417135514592,0.6893909545784052,-1.3018141525620377,4.827249172046185,-0.5186187458636633,1.481192566417099,-0.933989349791288,-1.0753689703113722
10.0,133.0,1000.0249633789062,-4.244090399702846,-2.952599136109381,-1.964057872468547,0.6894683722533781,-1.3016930058895495,4.82710281057131,-0.5186123155613451,1.4811678143662217,-0.9340673432127584,-1.075362565779281
10.0,133.0,1000.0262451171876,-4.2441664402935615,-2.952344272225146,-1.9640659174229755,0.6892940374039958,-1.3020850978337508,4.827416415477888,-0.5185923056353516,1.4811672240013296,-0.9338354022368448,-1.07545060457173
10.0,133.0,1000.0264282226562,-4.244161462797854,-2.9524089425731868,-1.9640056330890503,0.6894096023462026,-1.301861631855182,4.827337625287294,-0.5185963471973078,1.48124426479884,-0.9339614731025332,-1.0753398547650854
10.0,133.0,1000.0263061523438,-4.244131523185317,-2.952452144098163,-1.964033894305515,0.689373859932541,-1.3018826314241232,4.827289686790305,-0.5186189219233279,1.4812029242258964,-0.9339758668362412,-1.0753753505362615
10.0,133.0,1000.02734375,-4.244149656276472,-2.9524783753489854,-1.9639965148069427,0.6894412167092412,-1.301755432276832,4.8272621713912685,-0.5185950885414252,1.481245053170558,-0.93401998832611,-1.075315697190145
10.0,133.0,1000.0253295898438,-4.2441338879797215,-2.9524687993052576,-1.9640426371587765,0.689396656189885,-1.3018508318055582,4.827267923572453,-0.5185979560025178,1.4811945674261215,-0.9339669482040484,-1.0753780227766452
10.0,133.0,1000.0250854492188,-4.244143486718238,-2.952439034475132,-1.964023648891157,0.689392970869724,-1.3018781275868236,4.827302712632228,-0.5186071562177457,1.4812142279910576,-0.933968326692459,-1.07536667207816
10.0,133.0,1000.0258178710938,-4.244095728126685,-2.952525582532698,-1.96405237084096,0.6894241097649125,-1.301773891318168,4.827201921001398,-0.5186073571485661,1.481186002730965,-0.9339960453784072,-1.075385892377902
10.0,133.0,1000.0262451171876,-4.244164675310014,-2.952336935035327,-1.964050203745228,0.6892996636536184,-1.3020542998181468,4.82743697075599,-0.5186034372552069,1.481190028745628,-0.9338455005643702,-1.0754175923277738
10.0,133.0,1000.02587890625,-4.244084830714701,-2.9525554439890294,-1.9640577056702169,0.6894333488243163,-1.301719100085232,4.827160229223853,-0.5186164260239217,1.4811701792458347,-0.9340412203078764,-1.075370144072834
10.0,133.0,1000.0260620117188,-4.244141501769493,-2.9524352860086456,-1.9640418899711487,0.6893704348842284,-1.30190407902882,4.827316767030817,-0.5186021237990026,1.481202439440156,-0.9339368841009312,-1.0753841740303791
10.0,134.0,1000.0250854492188,-4.244058470494183,-2.9526538458887823,-1.964079438102277,0.6894788636528437,-1.301649744040689,4.827042602858841,-0.5186103449569712,1.4811324371368233,-0.9340816224623332,-1.075387305557661
10.0,134.0,1000.02490234375,-4.244138622118831,-2.9524312081429955,-1.964051183974128,0.6893526626286341,-1.3019373880344376,4.827314844426283,-0.5186043242871916,1.4811751070664003,-0.9339267079162088,-1.075412568690108
10.0,134.0,1000.0266723632812,-4.244136925453256,-2.9524893241220616,-1.9640339241824083,0.6894155818461654,-1.3018218731021585,4.827249541472465,-0.5185998016475448,1.4812074748221509,-0.933988650194185,-1.07537286701913
10.0,134.0,1000.0260009765624,-4.244063108908716,-2.952603433070985,-1.964090165834266,0.6894402200799634,-1.30171239625653,4.827104095502202,-0.5186146307920652,1.4811364539021463,-0.9340267748299632,-1.0754027695630866
10.0,134.0,1000.0258178710938,-4.244114098109224,-2.9524453332393694,-1.9640728665326688,0.6893513196313954,-1.3019511561285642,4.827292480753046,-0.5186031822523951,1.4811508119114682,-0.933908758665046,-1.0754395939596764
10.0,134.0,1000.02490234375,-4.244076254984385,-2.952584753800806,-1.9640736255047169,0.6894424623368387,-1.3017401040343275,4.827118254191156,-0.5186072964698498,1.4811396824137937,-0.9340328922029562,-1.0754060454956464
10.0,134.0,1000.0265502929688,-4.244136809950918,-2.952443222836938,-1.964037994776041,0.6893915731714717,-1.3018732319507458,4.827296395295315,-0.5185963431099401,1.4812052870051726,-0.9339558443439602,-1.075370227911355
10.0,134.0,1000.0263061523438,-4.2441131968070325,-2.952505013399858,-1.964019775850503,0.6894216707997245,-1.301730047549397,4.827224099387541,-0.5186321152635713,1.4812288136916667,-0.93403696310801,-1.0753203845353587
10.0,134.0,1000.0261840820312,-4.244096600596486,-2.9525559251588787,-1.96407654484551,0.6894227866594846,-1.3017791814429684,4.827170914294712,-0.5186061589671151,1.4811556354447315,-0.9339945097292172,-1.075405083955263
10.0,134.0,1000.0252075195312,-4.244107443027091,-2.9524866926407687,-1.9640448316027244,0.6894025632859311,-1.3018091555149542,4.827235896534269,-0.5186110168446829,1.4811877080059492,-0.9339909660503584,-1.075377369377792
10.0,134.0,1000.025146484375,-4.244080063632111,-2.952547019303996,-1.9640866139164623,0.6894089397844736,-1.301824185376812,4.827163154341434,-0.5186018524518685,1.4811262153453884,-0.933981616011052,-1.0754376147078046
10.0,134.0,1000.0263061523438,-4.244147948208676,-2.9524686021404314,-1.9640187270892429,0.6894280599759774,-1.301820516590468,4.827267673357291,-0.5185997304506076,1.4812234459642468,-0.9339968666433148,-1.075352263261748
10.0,134.0,1000.027587890625,-4.24414776991302,-2.952479475347064,-1.9640144464118048,0.6894293504967566,-1.3017637512367126,4.827269817284002,-0.5186124930550173,1.4812531283555543,-0.9340144767053902,-1.0753126606633154
10.0,134.0,1000.0252685546876,-4.244079866233294,-2.9525779851405494,-1.96407238727135,0.6894327352429741,-1.3017440493751478,4.827128386515728,-0.5186174845318705,1.481152770565811,-0.9340299795011022,-1.075393938429133
10.0,134.0,1000.0255737304688,-4.244078597987161,-2.952555675222785,-1.9640829913307265,0.6894143145588103,-1.3017823551820582,4.827152879803059,-0.5186112927353665,1.4811382975678231,-0.9340044917130276,-1.0754081264872255
10.0,134.0,1000.0254516601562,-4.244145385881756,-2.9523578584871206,-1.9640563261916328,0.6893092240694525,-1.3020580362907177,4.8274000980331415,-0.5185969639852974,1.4811669251598456,-0.9338546860461374,-1.075452693188069
10.0,134.0,1000.025146484375,-4.244102872950772,-2.952446612963127,-1.9640904115500293,0.6893427935592911,-1.3019763258903168,4.827286486647493,-0.5185955601783965,1.4811274306203952,-0.9338907003999176,-1.075472602367333
10.0,134.0,1000.0248413085938,-4.244106204284136,-2.952500135897274,-1.9640504987800989,0.6894093197132509,-1.3018083558721836,4.827224079599443,-0.5186058184267806,1.481185859528531,-0.9339913701460104,-1.0753839724404934
10.0,134.0,1000.0260009765624,-4.244092785113577,-2.952599374541582,-1.964043326453304,0.6894725356243683,-1.3016690945441889,4.827103515949085,-0.518621373109097,1.481176158431844,-0.9340833709867128,-1.075342671378264
10.0,134.0,1000.025146484375,-4.244126790193034,-2.9524061771699075,-1.964039237910668,0.6893508705364804,-1.3019512293145192,4.827340925501375,-0.5186072275848357,1.4811958830604075,-0.9339152237781329,-1.07540756486836
10.0,134.0,1000.0260009765624,-4.2440991042188285,-2.95259447250871,-1.964013805915652,0.6894866330906222,-1.3016146556048058,4.827110757666622,-0.5186327447859682,1.48122857517495,-0.9341173282499184,-1.0752946033777744
10.0,134.0,1000.0255737304688,-4.244162327549772,-2.9523709414878363,-1.964040599925092,0.6893367834624229,-1.3020377386072743,4.827390824762798,-0.5185947448059611,1.481190328429841,-0.9338814895072858,-1.075422450712105
10.0,134.0,1000.0250854492188,-4.244121795374566,-2.952412365574749,-1.9640543478778745,0.689332575386933,-1.301969063530504,4.827330795098483,-0.5186096094552308,1.4811694982786143,-0.9339094241636704,-1.075426817454352
10.0,134.0,1000.0261840820312,-4.24409429613242,-2.9525213409337034,-1.9640813018953192,0.6894003473268047,-1.3018434705652728,4.827200621223415,-0.5185982521340735,1.481131895595631,-0.9339601861762166,-1.0754303286731526
10.0,134.0,1000.0253295898438,-4.244092934821792,-2.9525830325700624,-1.9640775295447688,0.689438013652941,-1.3017497256146444,4.827124315125268,-0.5186030396837609,1.4811388475792937,-0.934025647549806,-1.0753974632130472
10.0,134.0,1000.0256958007812,-4.244082107431157,-2.952586386439419,-1.9640694281097004,0.6894456865342562,-1.3017198412299955,4.827125027105838,-0.5186113798908529,1.4811584735101269,-0.9340456428915492,-1.0753768290379324
10.0,134.0,1000.0258178710938,-4.244140833799081,-2.952428341893927,-1.9640357453359227,0.6893689731699091,-1.301929395453752,4.827317846914971,-0.5186106015069143,1.481206875306432,-0.9339402791581684,-1.0753966983816965
10.0,134.0,1000.02587890625,-4.244146172355196,-2.952454066942804,-1.96403473237474,0.6893947032862844,-1.301905189968779,4.827290350882871,-0.5186010032570865,1.4811956233670631,-0.9339532053008552,-1.0753919110042949
10.0,134.0,1000.0266723632812,-4.24409829805249,-2.9525510904408327,-1.9640461241642733,0.6894560052586449,-1.301711579634329,4.8271627572934985,-0.5186119228302513,1.481201616032025,-0.9340405375716728,-1.075344050825222
10.0,134.0,1000.0255737304688,-4.244103387741695,-2.9525554180287035,-1.9640525852890824,0.6894378950980959,-1.301730420664058,4.82716783994624,-0.5186138088791035,1.4811801346653546,-0.9340302489844046,-1.07536751694906
10.0,134.0,1000.0257568359376,-4.244141028741145,-2.9524535193223422,-1.9640281060368507,0.6893929799014682,-1.301869299267815,4.827290375625685,-0.5186001656547683,1.4812089072091004,-0.93397046161056,-1.075375246823047
10.0,134.0,1000.0245361328124,-4.244093087781812,-2.952582120171808,-1.9640578898006824,0.6894570718411854,-1.3017031371208485,4.827132207659211,-0.5186076675439866,1.481172407993034,-0.9340471539766586,-1.0753658131470143
10.0,134.0,1000.0258178710938,-4.244137613889833,-2.952438080044704,-1.963995422936141,0.6893965346124995,-1.301822823034482,4.8273002725998495,-0.518617273390344,1.481251175025088,-0.9340067534419924,-1.0753273297076331
10.0,134.0,1000.0263061523438,-4.24416293079744,-2.9524220391626192,-1.9640270737022727,0.6893850133692254,-1.301883042804028,4.827329151847074,-0.5185955135544766,1.4812160596811257,-0.933949230704231,-1.0753646484938923
10.0,134.0,1000.0263671875,-4.244098778907641,-2.952495651709161,-1.9640738531399256,0.6893803045596467,-1.3018869412666718,4.827235766304455,-0.518603325688745,1.481145075338671,-0.9339502347716556,-1.0754272015473163
10.0,134.0,1000.02587890625,-4.244106394183907,-2.952527210626805,-1.9640824206583347,0.6893958153775239,-1.3018569536880276,4.827198993658978,-0.5186065706943186,1.4811439984399923,-0.9339647719110716,-1.0754270163664192
10.0,134.0,1000.0264892578124,-4.244082839854256,-2.9525835253973414,-1.96411951326438,0.6894159445288235,-1.3018165901184298,4.827123493013499,-0.5185843456701953,1.4810843874614967,-0.9339712743625171,-1.0754677568277575
10.0,134.0,1000.025390625,-4.244150477787444,-2.952378722535676,-1.9640342779748825,0.6893444469499075,-1.301956611703746,4.827373010401123,-0.5186091774168462,1.4812094953199395,-0.9339155852283928,-1.0753825003787347
10.0,134.0,1000.0245971679688,-4.244117397848059,-2.952504734545418,-1.9640643293711968,0.6893996831046012,-1.3018407020758764,4.827224964951096,-0.5186057639484609,1.4811638831072642,-0.9339752727379054,-1.0754002246621797
10.0,134.0,1000.025634765625,-4.244079839834666,-2.9526543806351,-1.9640139541664403,0.6895393597476209,-1.3014945608596182,4.827042951524375,-0.5186241626480435,1.4812340363807053,-0.934162047403003,-1.075273505822496
10.0,134.0,1000.0260620117188,-4.244093173073576,-2.952523623121248,-1.9640921419047563,0.6893841611323923,-1.3018485335642227,4.8272025334909525,-0.5186086619520083,1.4811376609619211,-0.9339573053206108,-1.0754321170232566
10.0,134.0,1000.0264892578124,-4.2440948656199975,-2.9524849549788064,-1.9640821436385465,0.6893650426158775,-1.301901369829459,4.827245451914836,-0.5186168496285486,1.4811416663524248,-0.9339357562253108,-1.075434496327648
10.0,134.0,1000.0252075195312,-4.244129403523243,-2.952455505575453,-1.9640603297150043,0.6893823371291923,-1.3019168691216638,4.827275620303739,-0.518595599783505,1.481162746304312,-0.9339390442438952,-1.0754180406916385
10.0,134.0,1000.0247192382812,-4.244134256920331,-2.9523842966247003,-1.964049849816736,0.6893290686622731,-1.3019956066942506,4.827364072047573,-0.5186033335811953,1.4811829381744932,-0.933892046429067,-1.0754281113269473
10.0,134.0,1000.027099609375,-4.2441732318445125,-2.9523787370618537,-1.964025985630522,0.6893497767066368,-1.301981188590787,4.827384156793048,-0.5186096277636727,1.4812273670929963,-0.933915028281702,-1.0753803769471073
10.0,134.0,1000.0250244140624,-4.244123132056347,-2.9524972040487665,-1.9640445985763764,0.68941086062196,-1.301808987006496,4.827237120714333,-0.5186090715422136,1.4811937475213286,-0.933987324849392,-1.0753702779032643
10.0,134.0,1000.0252075195312,-4.244169358056262,-2.952342705702998,-1.9640256199994008,0.6893182143973515,-1.302021306585604,4.827424516111089,-0.5186023658630603,1.4812148022229552,-0.9338898499673168,-1.0753906617646858
10.0,134.0,1000.0261840820312,-4.244115753728487,-2.952515609988493,-1.964000741959404,0.6894460131415947,-1.3016774440120078,4.827209806270714,-0.5186318819954963,1.4812563797691514,-0.934072782075484,-1.0752855606079907
10.0,134.0,1000.0260009765624,-4.244048069689828,-2.952654892337492,-1.9640655281892545,0.689490858315601,-1.3016050150631164,4.8270382556674605,-0.5186254090706726,1.4811636868151616,-0.9341045628985584,-1.0753607801578724
10.0,134.0,1000.0250244140624,-4.244087094022588,-2.9526218625613296,-1.9640620018381765,0.689481607771496,-1.301671615087284,4.827079268889564,-0.5186097811024153,1.4811552939310868,-0.9340764165106687,-1.0753649062951522
10.0,135.0,1000.025146484375,-4.244140850232278,-2.9524435401633147,-1.964013588704452,0.6894082299697111,-1.3018293542366957,4.827299974617594,-0.5186101051703895,1.4812330524727182,-0.9339824633131686,-1.0753423636236406
10.0,135.0,1000.0252075195312,-4.244102134754823,-2.952495581089811,-1.9640587815469028,0.6893935291858888,-1.3018355557136505,4.827228148635868,-0.5186118494728529,1.4811747534375153,-0.9339772588385786,-1.075397172546576
10.0,135.0,1000.0260009765624,-4.244087677207834,-2.952595880090246,-1.9640563163278035,0.6894624661017907,-1.3016737612749014,4.827102483775734,-0.5186120315463505,1.4811605488503885,-0.9340709613709236,-1.075365286298779
10.0,135.0,1000.0256958007812,-4.244155719330808,-2.9523812223920074,-1.9640220369806287,0.6893510498626867,-1.301987600721601,4.827382953979898,-0.518604768846882,1.4812147843566992,-0.9339080413361014,-1.0754009655850694
10.0,135.0,1000.0248413085938,-4.2441467251607286,-2.952379623336699,-1.9640313755471104,0.689348540262599,-1.3019748580656132,4.827375951991449,-0.5186036147894599,1.481211270615974,-0.9339071373029588,-1.0753998306516743
10.0,135.0,1000.0261840820312,-4.244117949132685,-2.9524355314691486,-1.964075741936316,0.6893386186956718,-1.3019826974599042,4.827301863395848,-0.5185954182505812,1.4811362630994198,-0.933893647223134,-1.075462915537591
10.0,135.0,1000.025390625,-4.244091735707233,-2.9524970703028863,-1.9640549041458824,0.6893965698980207,-1.3018023754006762,4.827228852723172,-0.5186142763193189,1.4811792189297313,-0.9339840607153612,-1.075386748160601
10.0,135.0,1000.0248413085938,-4.244111316901295,-2.952517396099307,-1.9640620901868424,0.6894055143469728,-1.30182264307583,4.827207615449373,-0.5186081626157746,1.4811627193581105,-0.9339878844664008,-1.0753923349553034
10.0,135.0,1000.0253295898438,-4.24406711829613,-2.9526255856578256,-1.964103118680839,0.689445753796468,-1.3017213900345892,4.827069521290483,-0.5185967645921039,1.4811058496151397,-0.9340361945352944,-1.075426719456713
10.0,135.0,1000.025634765625,-4.244110164804008,-2.952489779545936,-1.9640590312008224,0.689393289371699,-1.301842420226488,4.827229385122514,-0.5186070826584839,1.4811645424615163,-0.9339771113438982,-1.0754012085657734
10.0,135.0,1000.02490234375,-4.244141620528167,-2.9524009655600976,-1.9640400557983304,0.6893426667792806,-1.301974063919709,4.8273474738434565,-0.5186042278883747,1.4811927462639185,-0.9339129903731872,-1.0754107425503632
10.0,135.0,1000.025390625,-4.24408350522949,-2.9526151572094896,-1.964046144235448,0.6894882104420441,-1.301633197537439,4.827088325639009,-0.5186146879944573,1.481186684422272,-0.9340961407605805,-1.0753377260081036
10.0,135.0,1000.025146484375,-4.244094991584742,-2.9525974134588138,-1.9640564872766864,0.6894674796847813,-1.3016961142831265,4.827116448521572,-0.5186091495945133,1.4811688309326725,-0.9340535478622004,-1.0753689800677029
10.0,135.0,1000.0254516601562,-4.2441073177028406,-2.9524905097395515,-1.9640720939113288,0.6893850660603107,-1.30185109722773,4.827237617212679,-0.5186021951960527,1.481160762639382,-0.9339555346596864,-1.0754137201082807
10.0,135.0,1000.0242309570312,-4.244103016279848,-2.9525307957491904,-1.9640603487536048,0.6894211851870891,-1.3017902366929317,4.827188033440416,-0.5186079676234954,1.4811684434498955,-0.9340027741515566,-1.0753911244999688
10.0,135.0,1000.0256958007812,-4.2441098713202905,-2.952466493406744,-1.9640574807580795,0.6893865337966005,-1.3018662753835235,4.827269196348849,-0.5186000069516892,1.4811796057453297,-0.9339528292386126,-1.0754063066915038
10.0,135.0,1000.0255737304688,-4.244123151029032,-2.9524668553661866,-1.9640651027013107,0.6893807280641626,-1.3018768026336986,4.827266243898723,-0.5185954019046113,1.4811615010851409,-0.9339470589606104,-1.075411595136455
10.0,135.0,1000.025634765625,-4.244110146038527,-2.9525200059109404,-1.9640360177494776,0.6894366610541862,-1.3017349343813618,4.827200594331758,-0.5186137033129148,1.481205152310027,-0.934026896173215,-1.0753487983184158
10.0,135.0,1000.0250854492188,-4.24414479676412,-2.952418203098139,-1.964036653194821,0.6893703274547347,-1.3019328457008663,4.827334805663307,-0.518595550986193,1.481202118049639,-0.9339242171459778,-1.0753973863087958
10.0,135.0,1000.0253295898438,-4.24414347225658,-2.9524138762799805,-1.9640575843228487,0.689356249181154,-1.3019804363555512,4.827331892308566,-0.5185954204078733,1.4811800152038748,-0.9338963001333712,-1.0754304235862835
10.0,135.0,1000.0247192382812,-4.2441053804040925,-2.9525198795069447,-1.964059440227044,0.6894044808740389,-1.3018165728313131,4.827204232641593,-0.518610808193996,1.4811613485857125,-0.9339946353794132,-1.075394002822001
10.0,135.0,1000.0258178710938,-4.244116960764155,-2.9525295189278693,-1.964057732514296,0.6894403572550267,-1.3017791045299163,4.82718884995016,-0.5186030944250435,1.4811801015822097,-0.9340078738167924,-1.0753707307806386
10.0,135.0,1000.0250244140624,-4.244121175858149,-2.9524253649554586,-1.9640611361820817,0.689347317403227,-1.3019701336511995,4.827311727912393,-0.5186037229351763,1.4811661542920185,-0.9339132835287414,-1.0754350226875835
10.0,135.0,1000.0258178710938,-4.24410231474948,-2.952542732529114,-1.96404639285228,0.6894511299375052,-1.3017302315304908,4.8271680120888245,-0.5186064961035877,1.4811908644529082,-0.9340393245919074,-1.0753578369897476
10.0,135.0,1000.0260009765624,-4.244075598336117,-2.9525835473703146,-1.964049214825188,0.6894526876733851,-1.3016612453851812,4.827122282633605,-0.5186261273078463,1.481184265910235,-0.93406383855252,-1.075351614080338
10.0,135.0,1000.0259399414062,-4.244088695036969,-2.952544088063049,-1.96406786578941,0.6894287505688368,-1.3017980960294953,4.82716550148988,-0.5186104002132783,1.4811519077192914,-0.9340028846795354,-1.0754127125029518
10.0,135.0,1000.026611328125,-4.244089193202827,-2.952560011681597,-1.9640832350437336,0.6894150876715335,-1.3018056575836372,4.82715747782574,-0.5186149632102204,1.4811432661254411,-0.9339917204886587,-1.0754230121576356
10.0,135.0,1000.0259399414062,-4.244090581809769,-2.9525763749196834,-1.9640738440106185,0.6894330299021494,-1.3017481390469898,4.827142582307223,-0.5186061261434469,1.4811461070787155,-0.9340200819617834,-1.075388968980493
10.0,135.0,1000.025390625,-4.244075357164215,-2.9525997110670184,-1.964079283940796,0.689451453173513,-1.3017183324288562,4.827097692859413,-0.5186081014216608,1.4811377306131366,-0.9340397707649144,-1.0753974687119054
10.0,135.0,1000.0252685546876,-4.244166707521031,-2.9523236252114127,-1.964031218436725,0.6893100045374423,-1.3020444541187706,4.827439804593469,-0.5185963687816244,1.48120756255204,-0.9338629452853208,-1.075410033321455
10.0,135.0,1000.0254516601562,-4.244099687455071,-2.9526254843348174,-1.9640288581772445,0.6895067493182179,-1.3015840579438671,4.827080206287274,-0.5186164882342608,1.4812100616651982,-0.9341174657298073,-1.075302417527142
10.0,135.0,1000.0257568359376,-4.244107307203298,-2.952531834312178,-1.9640354694057809,0.689442144061676,-1.3017428817940022,4.827193265468271,-0.5186104096445048,1.481201624510068,-0.9340288622256736,-1.0753487947926992
10.0,135.0,1000.0248413085938,-4.244145799120172,-2.952428321007285,-1.9640474927515528,0.6893648473648124,-1.3019433217521632,4.827319271594384,-0.5185963369316946,1.4811797456542006,-0.9339211908466892,-1.0754119516135807
10.0,135.0,1000.02490234375,-4.24410608549988,-2.952498317193966,-1.964099457908154,0.6893662889822272,-1.301941556073818,4.827229660800853,-0.5185900131840873,1.4811063789736467,-0.9339233684292054,-1.075473265792107
10.0,135.0,1000.0250244140624,-4.24412618989959,-2.9524612111788167,-1.964047934770334,0.6893756159367639,-1.3018806113417511,4.827274699989587,-0.5186061521695642,1.4811857632137713,-0.9339576705052322,-1.075393443181171
10.0,135.0,1000.0252685546876,-4.244089443906028,-2.952560987397691,-1.9640709899552973,0.6894256725395635,-1.3017529017371938,4.827150554740921,-0.5186119457120295,1.4811490849529123,-0.9340216613790328,-1.0753839329576254
10.0,135.0,1000.0252685546876,-4.244093153535269,-2.9525647906193115,-1.964054004312988,0.6894511515125732,-1.3017043855153227,4.827146199065771,-0.518605112501576,1.4811659197803806,-0.9340438061430004,-1.075362011601177
10.0,135.0,1000.0264282226562,-4.244147752150567,-2.9523771576987863,-1.9640212711911644,0.6893449979128867,-1.301932840302903,4.827388801235632,-0.5186101870030262,1.4812334305450203,-0.9339181078076572,-1.0753669729528568
10.0,135.0,1000.02490234375,-4.244093782781386,-2.952579895030725,-1.9640536017992472,0.6894696458271614,-1.301684710290136,4.82712925076201,-0.5186026931764323,1.4811711883137777,-0.9340515347686892,-1.0753626333863506
10.0,135.0,1000.025146484375,-4.244110500300032,-2.952471552003922,-1.9640791922939944,0.6893552822767361,-1.3019525803915275,4.8272607421280185,-0.5185989056167735,1.4811330912575107,-0.9339253939517248,-1.0754552393029906
10.0,135.0,1000.0254516601562,-4.244044878665854,-2.952674831264983,-1.9641075474284069,0.689472186950395,-1.3016558657192046,4.827013414707382,-0.518605654106338,1.481102756477756,-0.934069593750798,-1.0754159609809042
10.0,135.0,1000.0252685546876,-4.244113117586284,-2.9524839650356376,-1.964025907124869,0.6894167137982805,-1.3017823478084631,4.827241298564077,-0.5186141797299957,1.4812068068204436,-0.9340109179792292,-1.07535349206867
10.0,135.0,1000.0255737304688,-4.2441402412229285,-2.952423002594062,-1.964035220514706,0.6893682797116565,-1.3018821647741103,4.827322106536929,-0.5186072160619677,1.4812020164163906,-0.9339449487107334,-1.0753752230219389
10.0,135.0,1000.0263671875,-4.244126780064159,-2.952473634602876,-1.9640760413834768,0.6893721428423829,-1.30195302871359,4.827250355110909,-0.5185985634042432,1.481139007283259,-0.9339305391794142,-1.0754522650762306
10.0,135.0,1000.0254516601562,-4.244126876039617,-2.9524972908098537,-1.9640334328539284,0.6894200678667115,-1.3018258905583546,4.827233027771737,-0.5186085199902637,1.4812007472143351,-0.9340037720949876,-1.0753663441131902
10.0,135.0,1000.0255126953124,-4.244129463450463,-2.9524254984616776,-1.964044681777887,0.6893610241369341,-1.3019257793726684,4.827309621154475,-0.518602787250547,1.481182859777804,-0.9339329117600172,-1.0754050018850658
10.0,135.0,1000.02490234375,-4.244163126582302,-2.952330885998105,-1.9640294231114777,0.6893074953086096,-1.3020516858653437,4.827431557345067,-0.5186028943650296,1.4812050855636762,-0.9338656691451526,-1.0754175305035845
10.0,135.0,1000.0250854492188,-4.244118352852379,-2.952509366843345,-1.9640557239605,0.6894172716264855,-1.3018266989266465,4.827217892287223,-0.5186062266543976,1.4811795599198607,-0.9339846967171256,-1.0753914205714392
10.0,135.0,1000.0260620117188,-4.244091927502568,-2.952599760812749,-1.964074583523094,0.6894460695663849,-1.301750316268583,4.82710798870672,-0.5186137652342495,1.481137709111339,-0.9340397033185068,-1.075400985496005
10.0,135.0,1000.0257568359376,-4.2441391153303565,-2.9523984384137125,-1.964066609069804,0.6893215675111737,-1.3020092123005602,4.827357963824078,-0.5185916418606116,1.481157743414797,-0.933873290364362,-1.0754466450099902
10.0,136.0,1000.0252685546876,-4.244099519631454,-2.952515429286719,-1.964075272343106,0.689397287759606,-1.301847820497355,4.827212154218646,-0.5185971805877525,1.4811398967110645,-0.9339631608467772,-1.0754259991223083
10.0,136.0,1000.024658203125,-4.244102703644948,-2.952540630230103,-1.9640601107005768,0.6894218434024513,-1.3017919266398108,4.827175417763762,-0.5186080636193484,1.4811566839456622,-0.9340087658684516,-1.075395719145667
10.0,136.0,1000.0247802734376,-4.244094978595872,-2.952536690244324,-1.964063923409212,0.6894226372142604,-1.3017909381342505,4.827180088727637,-0.5186084248825029,1.481159634058324,-0.933999712356126,-1.0753968561019356
10.0,136.0,1000.0244750976562,-4.244101988201368,-2.9525551731705413,-1.9640610016899016,0.6894413567303754,-1.3017591088333602,4.827160809503505,-0.5186011385133389,1.481164294806839,-0.934020213612376,-1.0753866862368873
10.0,136.0,1000.0254516601562,-4.2441989553312816,-2.952254425135951,-1.963999456520624,0.6892926466168579,-1.3021281949415502,4.827533828718586,-0.5185986962261069,1.4812542908196624,-0.9338302266759833,-1.0753969305428357
10.0,136.0,1000.0250244140624,-4.244133500706184,-2.95244231878094,-1.964038410510444,0.6893763443665151,-1.3018768211705338,4.827295426739607,-0.5186070215334873,1.4811903848916603,-0.9339593473104424,-1.0753801118958526
10.0,136.0,1000.0255737304688,-4.244102977931552,-2.952534262928224,-1.9640678360038324,0.6894117875629737,-1.3018216049690428,4.827188054322994,-0.5186028458661402,1.4811560229948937,-0.9339915000525744,-1.0754045992593269
10.0,136.0,1000.0248413085938,-4.244140054398168,-2.952400005140688,-1.96404493153346,0.6893457566104804,-1.3019783880130085,4.827344833386389,-0.5186017815878854,1.481186351633335,-0.9339103505201544,-1.0754201035290576
10.0,136.0,1000.025146484375,-4.244115841696456,-2.952457274997496,-1.9640571293747469,0.6893845801149636,-1.30187973406722,4.827273852412375,-0.5186060412946389,1.4811810273636228,-0.9339468420635572,-1.0754052367263944
10.0,136.0,1000.02490234375,-4.244108307643919,-2.9524799030110103,-1.9640763671922663,0.6893753156960178,-1.301908345823346,4.827248208958938,-0.5186015728682429,1.481147747467796,-0.9339397709077932,-1.075434837007974
10.0,136.0,1000.0257568359376,-4.244142143328603,-2.952399980628605,-1.964034536128492,0.6893607861448281,-1.3019322724142453,4.827341163264508,-0.5186003630025935,1.4812013383588232,-0.9339309273595228,-1.0753880341307855
10.0,136.0,1000.025146484375,-4.244134268951191,-2.95243753232001,-1.9640658093005103,0.689352369422914,-1.301971994104556,4.827305968274676,-0.5185956823647011,1.4811607621012133,-0.9339086401921016,-1.0754425737391586
10.0,136.0,1000.024658203125,-4.244084758171739,-2.9525776206025025,-1.9640628397133824,0.6894523127859067,-1.3017160889390689,4.827128925588912,-0.5186068575039258,1.4811588036598966,-0.9340416463209412,-1.0753789950215649
10.0,136.0,1000.0245971679688,-4.244099356610825,-2.952518925647651,-1.964048779119401,0.6894237233684288,-1.3017786533192657,4.827200956215028,-0.518609459017334,1.4811792674857314,-0.9340137405457504,-1.07537407703333
10.0,136.0,1000.0252685546876,-4.244089579521432,-2.9525529432212165,-1.9640686730698704,0.6894360895634684,-1.3017625976575258,4.827160232219846,-0.5186098225209648,1.481163861198639,-0.9340079819752124,-1.0753971547410646
10.0,136.0,1000.0250244140624,-4.244099996469552,-2.9525687540262497,-1.9640709825641087,0.6894413111413744,-1.3017644308322571,4.827142666065587,-0.5186035612416475,1.4811524585547122,-0.934014694632876,-1.0753956540582776
10.0,136.0,1000.026123046875,-4.24413319994154,-2.9524777032237424,-1.96403683717374,0.6894123726908976,-1.3018142810929865,4.827256233568942,-0.518605569060969,1.4812006634010642,-0.9339883327707436,-1.0753666223431368
10.0,136.0,1000.0253295898438,-4.244097790076857,-2.952524801316487,-1.964088824208701,0.6893953317945565,-1.3018692324286265,4.827200412889441,-0.5185959463082472,1.4811248508127326,-0.933956886633764,-1.0754471942408972
10.0,136.0,1000.0255126953124,-4.244158446693299,-2.952409224182982,-1.9640310239502057,0.6893703102190969,-1.3019466305089915,4.827345050556902,-0.5186001193858871,1.481204487780175,-0.9339256538676396,-1.0753905212350534
10.0,136.0,1000.02490234375,-4.24410376647291,-2.952531778021967,-1.964058238892875,0.6894236643873528,-1.301805553803553,4.827181662997139,-0.5186059338629336,1.481162026315145,-0.9340104788159688,-1.0753957877038078
10.0,136.0,1000.0253295898438,-4.244134935879811,-2.952422613807013,-1.964019791752503,0.6893800149639784,-1.3018952153475034,4.82732496122715,-0.5186111906921766,1.481225792321199,-0.9339524735793834,-1.0753739414248686
10.0,136.0,1000.02490234375,-4.244098096344498,-2.952563511837555,-1.9640558339489609,0.6894417486004745,-1.301739074559583,4.827155064563826,-0.5186063328072184,1.481169492155634,-0.9340273462586142,-1.0753802290698191
10.0,136.0,1000.025146484375,-4.244109546253545,-2.9524922398667632,-1.9640715825927044,0.6893916427196576,-1.301874958667732,4.827235542348866,-0.5185979968663448,1.4811571331357385,-0.9339542638169176,-1.075422816861483
10.0,136.0,1000.0255126953124,-4.244095410904582,-2.952549705919054,-1.9640638605380565,0.6894279003122037,-1.3017650235605505,4.827164180800882,-0.5186017225243509,1.4811508355573793,-0.9340146892201276,-1.0753983921668544
10.0,136.0,1000.0252685546876,-4.24412690987371,-2.9524309236275275,-1.9640620522195025,0.6893546067546374,-1.3019424360122374,4.827305774828579,-0.5185963048598188,1.4811638622940269,-0.9339215337260364,-1.0754195602396748
10.0,136.0,1000.025634765625,-4.24409895379396,-2.952530644064092,-1.9640790762355704,0.6894029400862216,-1.3018439415104115,4.827183027632474,-0.5186013202203226,1.4811348059255778,-0.9339768306839736,-1.0754304020784793
10.0,136.0,1000.0255737304688,-4.244162258977958,-2.952343282463983,-1.9640232181469488,0.6893288047432424,-1.3020168670722674,4.827418702865957,-0.518605069840584,1.481228387349863,-0.9338831097797148,-1.0753932861760362
10.0,136.0,1000.025146484375,-4.244118180971095,-2.9524963404218934,-1.9640485059111856,0.6894032531998429,-1.301819182027698,4.827231423219809,-0.5186026885038748,1.4811787134566758,-0.9339863212947944,-1.0753841927143877
10.0,136.0,1000.02490234375,-4.244093465743943,-2.9525707982006835,-1.9640694516145767,0.6894391941591742,-1.3017481931930956,4.827137954908412,-0.5186036572501411,1.4811500335464327,-0.934025162800002,-1.0753924948785816
10.0,136.0,1000.0255737304688,-4.244071910356448,-2.952647818878168,-1.964087717959745,0.6894744164495323,-1.3016674199937346,4.827047157639182,-0.5186073987147193,1.4811318353451686,-0.9340679994839718,-1.075392670210423
10.0,136.0,1000.0255126953124,-4.244086024132391,-2.9525550856102734,-1.964070132324582,0.6894225798386744,-1.301749888811564,4.827159426816017,-0.5186090351891446,1.4811555359206103,-0.934013182310366,-1.0753871649932738
10.0,136.0,1000.025146484375,-4.244144435910884,-2.952388142176661,-1.964043570343892,0.6893449752907932,-1.3019781908415615,4.827359111202229,-0.518601745517496,1.481190667904146,-0.9339028351705272,-1.0754149729316782
10.0,136.0,1000.0250854492188,-4.244137335720602,-2.952450497756666,-1.964037545213628,0.689382322182075,-1.3018805438457497,4.827293205950324,-0.5186029970491761,1.481192089186628,-0.9339542808080532,-1.075386881408933
10.0,136.0,1000.0250244140624,-4.244085610961072,-2.9525748538070022,-1.964087067859157,0.6894270084623288,-1.3017650424447726,4.827135331342156,-0.5186037331946531,1.4811313933989965,-0.93400484075059,-1.075413696837625
10.0,136.0,1000.0254516601562,-4.244103701543136,-2.952479398980767,-1.9640870057172368,0.6893530586173844,-1.3019367865200682,4.827252104969892,-0.5185991419574627,1.4811270776618022,-0.93392092665428,-1.0754590544909275
10.0,136.0,1000.02490234375,-4.244090024786061,-2.9525446383074314,-1.9640530723251264,0.6894270698505984,-1.3017461623077589,4.8271739490163394,-0.5186146575328072,1.4811749781021089,-0.9340202849093168,-1.0753779885539898
10.0,136.0,1000.0254516601562,-4.244129182620513,-2.952433378609578,-1.9640802050751296,0.689341953843174,-1.3020093332150005,4.827307187894292,-0.5185920510424875,1.481140229911401,-0.9338824319103284,-1.0754667350384757
10.0,136.0,1000.0250244140624,-4.244093885161616,-2.9525382977193453,-1.9640824684354363,0.6894073536252554,-1.301820247671166,4.827182074999737,-0.5186026674380049,1.48113664251742,-0.9339819815459868,-1.0754199525771888
10.0,136.0,1000.025390625,-4.244151201672222,-2.9524151967981243,-1.9640364431854933,0.6893514986883389,-1.3019545119730207,4.827333049433019,-0.5186026879356946,1.481185702749408,-0.933930041373558,-1.0753998865556065
10.0,136.0,1000.025390625,-4.244084888604089,-2.952548159855771,-1.9640789836861487,0.6894141736069734,-1.301795115376362,4.827165210177215,-0.5186051011786228,1.4811449650491282,-0.9339994760521702,-1.0754127786092311
10.0,136.0,1000.0247192382812,-4.2441338192414415,-2.952437286717664,-1.9640348854001144,0.6893726806337686,-1.3019137085891512,4.827304218463912,-0.518610229372582,1.4812010510135547,-0.9339500400535076,-1.075393694146571
10.0,136.0,1000.0253295898438,-4.244101743399874,-2.952497593879097,-1.964105728739312,0.6893539039317371,-1.3019531664425714,4.827232086530911,-0.5185994624373711,1.481100348995823,-0.9339136711612896,-1.0754831339918702
10.0,136.0,1000.0260620117188,-4.244119907358583,-2.952416475582128,-1.9640837216492453,0.6893145832309937,-1.3020401823283008,4.827327997898523,-0.5185904188152115,1.4811289018210791,-0.9338669075891436,-1.0754847903875908
10.0,136.0,1000.0247192382812,-4.24411597776913,-2.95250690701256,-1.964036157212829,0.6894233699202967,-1.3017994178285148,4.827218162426265,-0.5186103832626667,1.4811957936469158,-0.9340051766714916,-1.0753721423954763
10.0,136.0,1000.0253295898438,-4.244148665807585,-2.952402409705172,-1.9640720436401904,0.6893304862818459,-1.3020385636944465,4.827348997014759,-0.518589575077069,1.4811494254303597,-0.9338702478599484,-1.0754579263127582
10.0,136.0,1000.0255737304688,-4.244102885753378,-2.952472522003962,-1.9640588857041807,0.6893738329621879,-1.301890395056073,4.827252706582874,-0.5186125555831929,1.4811609512470405,-0.9339561971426438,-1.075414887803861
10.0,136.0,1000.026123046875,-4.24412044759261,-2.9525031344352435,-1.9640270801451551,0.6894371875954795,-1.3017557150108865,4.827218996060051,-0.5186114396149053,1.4812051068654437,-0.9340245133903018,-1.0753431532424336
10.0,136.0,1000.0255126953124,-4.244114237649431,-2.9524586796688417,-1.964076862743151,0.6893619874740722,-1.3019442459182242,4.8272751839470605,-0.5185934098124125,1.481145779260839,-0.9339218097815908,-1.0754491133123962
10.0,136.0,1000.0253295898438,-4.244116853732546,-2.9524729782019192,-1.9640799484772973,0.6893634075903021,-1.3019306972332916,4.82726037771625,-0.5185944091356518,1.4811365722982224,-0.9339241483810784,-1.075445125977768
10.0,136.0,1000.0249633789062,-4.24413762939002,-2.952458828357116,-1.9640541442247537,0.6893840771736093,-1.301889340234224,4.827283258592438,-0.5185986340975717,1.481178375181348,-0.9339436045317546,-1.0753997539736648
10.0,137.0,1000.0249633789062,-4.2441277100936485,-2.9524546690460185,-1.964057044118668,0.6893757476562019,-1.3018970100289442,4.827280170254966,-0.518599871516086,1.481168011933126,-0.9339396584329568,-1.075407916674954
10.0,137.0,1000.0253295898438,-4.244146390898166,-2.952364552604403,-1.9640343349290807,0.6893298362002955,-1.3019974594024628,4.827387406469402,-0.5186056712366103,1.481203988496384,-0.933887823294178,-1.0754152631960263
10.0,137.0,1000.0250244140624,-4.244092601864603,-2.9525895559483457,-1.964061548853253,0.6894530435691939,-1.301712268468402,4.827120699149358,-0.5186121413829685,1.481167894028088,-0.9340521096210076,-1.075370941486684
10.0,137.0,1000.0252685546876,-4.244088396602963,-2.952570124434718,-1.9640374007904489,0.6894692031691907,-1.3016536920931636,4.827136264939881,-0.5186189271246349,1.4811984522668489,-0.9340703993188112,-1.0753338993335042
10.0,137.0,1000.0254516601562,-4.244095133731033,-2.952574368404364,-1.9640306812565385,0.6894718051887869,-1.3016861011861345,4.827138017013972,-0.5186136506066745,1.4811978608012586,-0.9340682139811624,-1.075342263025871
10.0,137.0,1000.0247192382812,-4.244142493156398,-2.9524347866326366,-1.9640422293162008,0.6893723694137233,-1.301931293673701,4.8273118552715335,-0.5186002418692839,1.4811902870987232,-0.9339347402560216,-1.075402061149778
10.0,137.0,1000.025146484375,-4.244141166471863,-2.952485779791333,-1.964035268555595,0.6894098401091506,-1.3018275229370948,4.827252098906396,-0.5186039480966391,1.4811986531824388,-0.9339868989391178,-1.0753665198073534
10.0,137.0,1000.025390625,-4.244138329730792,-2.952411325638423,-1.9640293578026504,0.6893691773683734,-1.3019294114164848,4.8273291334154536,-0.5186058444531607,1.4812105705199583,-0.933934134167739,-1.0753943466515778
10.0,137.0,1000.026123046875,-4.24413727349354,-2.952471196609792,-1.9640362644462268,0.6894045606999901,-1.301857792087993,4.827257622393503,-0.5186033412463109,1.4811944211443595,-0.933980516636403,-1.0753829726755937
10.0,137.0,1000.0245361328124,-4.244114947345723,-2.9524927051359566,-1.9640627840812592,0.6893913750351857,-1.3018489157553348,4.827237611811521,-0.5186060933957215,1.481165632075748,-0.933966191882587,-1.0754019517425184
10.0,137.0,1000.025390625,-4.244111834328032,-2.9525194830259007,-1.9640485941666603,0.6894133649159615,-1.301805206319175,4.827204278760213,-0.5186121364779055,1.4811809741066382,-0.9340122774566604,-1.0753785824588131
10.0,137.0,1000.0257568359376,-4.244088065106585,-2.9525984412012,-1.964075030693163,0.6894478136201343,-1.301729535177356,4.827100828349893,-0.5186121930253966,1.4811387765548003,-0.9340461114745926,-1.075393581288
10.0,137.0,1000.0248413085938,-4.244081645086664,-2.952560660413333,-1.9640594390912216,0.6894433239996625,-1.3017161412182094,4.827150810715846,-0.5186102400158372,1.4811633485654498,-0.9340328481148692,-1.075375817636078
10.0,137.0,1000.02490234375,-4.244090923927197,-2.952545743115538,-1.9640726198750524,0.6894329089492244,-1.3017706146263297,4.827172338686856,-0.5185987911812928,1.4811549549591962,-0.9340005858594908,-1.0753983723165152
10.0,137.0,1000.0254516601562,-4.244053791514021,-2.952670087849603,-1.964085172455612,0.6894891724535519,-1.301628434852662,4.827022550758505,-0.5186154027130412,1.4811313322782285,-0.934092133351708,-1.075385131841033
10.0,137.0,1000.0253295898438,-4.244095426884748,-2.952517410506944,-1.964073354688636,0.6894000064533277,-1.3018400397268477,4.82719979499595,-0.5186025048244298,1.4811465514018884,-0.9339740309064516,-1.0754245598815686
10.0,137.0,1000.0255126953124,-4.244093646478859,-2.952588491238185,-1.9640781888021144,0.6894483462180032,-1.3017589593126324,4.827119831175704,-0.5185957745624483,1.4811372401680707,-0.9340218722014058,-1.0754116705159564
10.0,137.0,1000.0250854492188,-4.244068280387431,-2.9526235406630272,-1.9640710930694745,0.6894660032928268,-1.301673782340937,4.827069914103889,-0.5186126053939457,1.4811500574472278,-0.9340708245288633,-1.0753831232875353
10.0,137.0,1000.0249633789062,-4.244099715973015,-2.952510027545728,-1.964075730452926,0.6893965848721937,-1.3018574227062123,4.82721590693035,-0.5186019653392488,1.4811463137787069,-0.9339634605970452,-1.0754252883323092
10.0,137.0,1000.025146484375,-4.244087101290225,-2.952576811133674,-1.9640563737039016,0.6894463224631444,-1.301699456925507,4.827132897965026,-0.5186110256477754,1.4811657042972657,-0.9340465588154324,-1.0753704994541118
10.0,137.0,1000.0247802734376,-4.244104125399996,-2.952522977182276,-1.964067512557854,0.6894051503934566,-1.3018392975651638,4.827197629652025,-0.5186044184687582,1.4811478599670629,-0.9339828055809428,-1.0754175352222948
10.0,137.0,1000.024658203125,-4.244108300208608,-2.952532539407246,-1.96406094689807,0.6894158318340136,-1.301794862057673,4.827186160894739,-0.5186101643149001,1.4811599659318784,-0.9340050841922424,-1.0753895804096314
10.0,137.0,1000.0254516601562,-4.244061479810267,-2.95262908235236,-1.9640931605498333,0.6894564879686076,-1.3016979670173443,4.8270610919338655,-0.5186124219445194,1.481119554856809,-0.9340556075605716,-1.0754071831937415
10.0,137.0,1000.0249633789062,-4.24414948831328,-2.952396145361991,-1.9640401476680056,0.6893525572203405,-1.3019580499718697,4.827351620543938,-0.518600236458818,1.481190613733391,-0.9339123736922764,-1.075401110025758
10.0,137.0,1000.0250854492188,-4.244127637790681,-2.952508148200123,-1.9640284550282328,0.6894372051570326,-1.301776842280706,4.827219625683547,-0.518606037377201,1.4812069562253782,-0.9340177590629084,-1.075352085015992
10.0,137.0,1000.0255737304688,-4.244114704590814,-2.952496204832395,-1.964065469264526,0.6894027265693348,-1.3018566195112289,4.827233695943109,-0.5186016251378041,1.4811585039789064,-0.9339600041872096,-1.0754165362620571
10.0,137.0,1000.0252075195312,-4.244076461436817,-2.9526049253670656,-1.964045521148278,0.6894899811508388,-1.3016316883316432,4.827092963901528,-0.5186144591618254,1.4811881887061729,-0.934089090074556,-1.0753411354459037
10.0,137.0,1000.0245361328124,-4.244101907464474,-2.9525496097578854,-1.9640463386079376,0.6894456077232078,-1.3017487649339268,4.827165953439055,-0.5186074969704242,1.4811775779108896,-0.9340338510414944,-1.0753680342638343
10.0,137.0,1000.0245971679688,-4.24408496800616,-2.9526069234563903,-1.964066151543387,0.6894679753684265,-1.301692754869574,4.82709637420249,-0.5186049394931391,1.481152430611373,-0.9340591420638776,-1.0753772963003891
10.0,137.0,1000.02587890625,-4.244098910620064,-2.9525760976797706,-1.9640726582573405,0.6894376797828103,-1.3017665421837603,4.827139515941234,-0.5186032234650018,1.4811355444818233,-0.934017921295366,-1.075397144525919
10.0,137.0,1000.0250854492188,-4.24405863034912,-2.952726372380317,-1.9640816796986,0.6895397438678552,-1.301532698221417,4.826953102149483,-0.5186113201631857,1.48113719034595,-0.9341405879514904,-1.0753549713099626
10.0,137.0,1000.0249633789062,-4.244126882954198,-2.952482608914232,-1.96404347491456,0.6894044734762854,-1.3018518086891726,4.827250153220886,-0.5186015551902301,1.4811895379016755,-0.9339758692589202,-1.0753860420771757
10.0,137.0,1000.0259399414062,-4.244130480081619,-2.952488181548881,-1.964036413537566,0.6894126404402741,-1.301787742695975,4.827247197360734,-0.5186072269924411,1.4812078310048582,-0.9339977799445168,-1.0753539260114469
10.0,137.0,1000.0249633789062,-4.244101503559163,-2.952533491940634,-1.9640489375358283,0.6894339599613843,-1.3017534101561026,4.827190725173869,-0.5186094097936786,1.4811866117428891,-0.9340192824153944,-1.0753695601678546
10.0,137.0,1000.0249633789062,-4.244116300990291,-2.952456938219456,-1.96407003430584,0.6893674396282377,-1.3019275303591749,4.827274959710294,-0.5185994058825871,1.481152562757167,-0.9339310121912056,-1.0754341327799373
10.0,137.0,1000.0247192382812,-4.244085945753153,-2.9525741169425803,-1.964048050999709,0.6894641670153492,-1.3016833161059287,4.82713160767222,-0.5186129074727379,1.4811819474114971,-0.934058127506316,-1.0753558715547875
10.0,137.0,1000.024658203125,-4.244133001157459,-2.952426969220143,-1.9640479544526217,0.6893624526125794,-1.3019461584489616,4.827312046371956,-0.5186030301483022,1.4811808201393228,-0.9339256676953775,-1.075417916320058
10.0,137.0,1000.024658203125,-4.244123357344415,-2.9524638174939093,-1.9640585747506527,0.6893832685176484,-1.3018940613665384,4.827272432243904,-0.5185983197672783,1.4811719438222166,-0.9339410626797447,-1.075413192415517
10.0,137.0,1000.0249633789062,-4.244100716350079,-2.9525674141638056,-1.9640661369141164,0.6894450298976542,-1.3017538398305897,4.827144131702244,-0.5186006965757315,1.481155179263677,-0.9340183394859648,-1.075393764840867
10.0,137.0,1000.025146484375,-4.244156456710615,-2.9523407567846824,-1.9640467971968247,0.6893097113288302,-1.3020641375581792,4.8274217727279005,-0.5185929338390718,1.481189504066358,-0.9338539536119894,-1.0754405832918916
10.0,137.0,1000.024658203125,-4.24408441404946,-2.952607463064459,-1.964049093772387,0.6894862597659968,-1.3016519807890288,4.827094084693417,-0.5186093541037371,1.481178892202041,-0.9340754333716186,-1.075356371960272
10.0,137.0,1000.025146484375,-4.244135492170315,-2.952472069593173,-1.964020042584469,0.6894106555412973,-1.3018224490380303,4.827262221090766,-0.5186127730408732,1.481220671109881,-0.9339974083236244,-1.075349727990334
10.0,137.0,1000.0247192382812,-4.244100800049594,-2.952534216851588,-1.9640701693351588,0.6894135291812287,-1.301811077828682,4.827181374686406,-0.5186103130486863,1.4811512507383195,-0.9339971682758588,-1.0754024933743045
10.0,137.0,1000.0254516601562,-4.244122789104557,-2.9525313163016205,-1.9640404210867064,0.68942827000037,-1.3017753664596103,4.827191573154153,-0.5186077514850487,1.481181924307041,-0.9340255621624092,-1.0753662214994848
10.0,137.0,1000.025146484375,-4.244103305544407,-2.952505726288396,-1.9640594380612344,0.689404735504989,-1.3018251963556149,4.827211922362718,-0.5186085173356361,1.4811662228595075,-0.9339845990949778,-1.07539644468152
10.0,137.0,1000.0254516601562,-4.244108988487355,-2.952476296314362,-1.964070862603824,0.6893733359894805,-1.3019062211986898,4.827254097417772,-0.5186010311004541,1.4811420241095623,-0.9339433395385068,-1.0754299042915685
10.0,137.0,1000.02490234375,-4.244139028552802,-2.952429299884112,-1.9640598286278936,0.689354189327255,-1.301977372137446,4.8273124765037085,-0.5185965440454403,1.4811629942340971,-0.9339156568076435,-1.0754297778105637
10.0,137.0,1000.0255126953124,-4.244118767004776,-2.952536040004021,-1.9640240647236489,0.6894549936164971,-1.3017229181962802,4.827182417536944,-0.5186083688218499,1.481208311726122,-0.9340523581586088,-1.0753331275927729
10.0,137.0,1000.0250854492188,-4.244081299233552,-2.952591188401985,-1.96408866369652,0.6894338215764959,-1.3017571240312351,4.827112905413896,-0.5186073265216908,1.4811250472603756,-0.9340195455019372,-1.0754126726899085
10.0,137.0,1000.0250854492188,-4.244089932719088,-2.952562219296868,-1.9640512031372623,0.6894481860208046,-1.3017127474718944,4.827148770402436,-0.5186157358184138,1.481175748350422,-0.9340474488522172,-1.0753646267589123
10.0,138.0,1000.0248413085938,-4.2441028332019055,-2.952487915437598,-1.9640744635140048,0.6893851603926642,-1.301879238410418,4.827236496575543,-0.5185995127780823,1.4811457170074238,-0.933951011771458,-1.0754288711027176
10.0,138.0,1000.025146484375,-4.244115234361404,-2.952502893892027,-1.964026418758596,0.6894242269610498,-1.301772771681443,4.827224144996002,-0.5186141651767029,1.4812099671819965,-0.9340204211377054,-1.075348164375615
10.0,138.0,1000.0252075195312,-4.24411073934284,-2.952501336050534,-1.9640617561368727,0.6894031704254591,-1.301849186097364,4.827222465918739,-0.5186015258069663,1.4811642241485554,-0.9339716837194548,-1.0754146960462403
10.0,138.0,1000.0247802734376,-4.244127687192882,-2.952463413574832,-1.9640456842211664,0.6893881672828321,-1.3018805943660494,4.827274877247936,-0.5186070176859614,1.4811851595431067,-0.9339604596221952,-1.075390442696409
10.0,138.0,1000.0250854492188,-4.244110170785016,-2.9525068817984947,-1.964049300287427,0.6894124155636234,-1.301825612765091,4.827219249786593,-0.5186104346795171,1.48117582704195,-0.9339929355712516,-1.07538906548686
10.0,138.0,1000.0252685546876,-4.244102165308577,-2.952554507849952,-1.964049879887384,0.6894416599536282,-1.3017426484162762,4.827158281613087,-0.5186026233651484,1.481170419101919,-0.9340344920082604,-1.0753699342107206
10.0,138.0,1000.0244750976562,-4.244121487637462,-2.952479768619213,-1.964048333678841,0.6893968306144096,-1.301856918002528,4.827253583160003,-0.5186052399722421,1.481179367443472,-0.9339753183714876,-1.07539003882101
10.0,138.0,1000.0247192382812,-4.244119970732333,-2.9525013588531066,-1.9640632565225968,0.6894027833329748,-1.3018589991499256,4.827225139792283,-0.51860116387018,1.481163709882761,-0.9339690835845982,-1.0754073758145672
10.0,138.0,1000.0255126953124,-4.244074018747305,-2.95257875166846,-1.964085652015663,0.6894399026848053,-1.301752390591504,4.82712849001544,-0.5186026204765977,1.4811315094156845,-0.9340098810712476,-1.07541889866852
10.0,138.0,1000.0244750976562,-4.2441219242156745,-2.952446122871086,-1.9640505864878224,0.6893668443092551,-1.3019117110222336,4.827286832704729,-0.5186089941771073,1.4811768900288804,-0.9339455701134752,-1.0754075404447576
10.0,138.0,1000.0247802734376,-4.244105031251356,-2.952507368686805,-1.9640662905496025,0.6894009068109996,-1.3018477249531442,4.827215131918472,-0.5186035360663857,1.4811580433508498,-0.9339691582141416,-1.0754149209890445
10.0,138.0,1000.0248413085938,-4.244119370217831,-2.952495589463919,-1.9640364581095893,0.6894172126135443,-1.3018167492692707,4.827227801976985,-0.5186086524338052,1.4811896863112253,-0.9339998284597568,-1.0753752722097634
10.0,138.0,1000.02490234375,-4.244102817644004,-2.952527303862359,-1.964069583702556,0.6894045591938305,-1.3018212674026106,4.827195520332994,-0.5186026968426614,1.4811515602859018,-0.9339832376674,-1.0754115545961378
10.0,138.0,1000.0245971679688,-4.244096221435768,-2.952554258618812,-1.9640612667143376,0.6894454782600015,-1.3017468047908691,4.827161573814736,-0.5186029349588797,1.4811695922090031,-0.934021061648762,-1.0753816004436303
10.0,138.0,1000.0243530273438,-4.244135585533418,-2.95243448559941,-1.964056467098308,0.6893641386757521,-1.301935627266158,4.827309551298033,-0.5185979527838249,1.4811740767496984,-0.93392278555402,-1.0754173160820968
10.0,138.0,1000.0250244140624,-4.244079262173458,-2.9525517752120387,-1.9640920054258588,0.6894095973252679,-1.3018119231208043,4.827158006117543,-0.518602013227448,1.4811203880556034,-0.9339856242030457,-1.075434535178176
10.0,138.0,1000.0248413085938,-4.244096954192726,-2.952557935194561,-1.9640653221797209,0.6894356144582421,-1.3017734834012669,4.82715137697895,-0.5186045302168294,1.4811534868670335,-0.9340202778722188,-1.07539814091093
10.0,138.0,1000.0245971679688,-4.244108983511366,-2.9525174766662814,-1.9640399481164603,0.689428138619677,-1.3017778829508564,4.82720308280307,-0.5186100661964996,1.481187721390973,-0.9340134164229053,-1.075370288022822
10.0,138.0,1000.0242919921876,-4.244109423558504,-2.9525124635660145,-1.964049844155128,0.6894212712723764,-1.3017928416061175,4.827212486386189,-0.5186052497104674,1.4811807902680147,-0.9339983548822292,-1.0753808772029645
10.0,138.0,1000.0253295898438,-4.244114082062736,-2.952528115545771,-1.9640450297487249,0.6894355849302087,-1.3017718259054067,4.827194041042537,-0.5186079209010401,1.4811832792627424,-0.9340120078655438,-1.0753728021458175
10.0,138.0,1000.0255737304688,-4.244112914129322,-2.952544596444439,-1.96403692139892,0.6894639003388168,-1.301734700654849,4.827170498084492,-0.5186060285578993,1.4811985645671886,-0.9340382266346552,-1.0753546916726604
10.0,138.0,1000.025146484375,-4.244119532066492,-2.9524512235983185,-1.9640407249039256,0.6893896119967202,-1.3018643264408931,4.8272864349088405,-0.5186070463589134,1.481200761694108,-0.9339530748828776,-1.0753902329340153
10.0,138.0,1000.026123046875,-4.244130976553537,-2.952445940470737,-1.964057901996422,0.6893767057402558,-1.3019315502088302,4.827291177132723,-0.5185979150479785,1.4811716395207108,-0.9339224243605811,-1.0754293210857218
10.0,138.0,1000.02490234375,-4.244112123507343,-2.952537329554286,-1.9640491608840616,0.6894331628405546,-1.3017700163622292,4.8271827124421645,-0.5186066382234547,1.4811737907509146,-0.9340168500135322,-1.0753742550502428
10.0,138.0,1000.0252075195312,-4.244096204005643,-2.952560006208232,-1.9640724359039945,0.6894265260276065,-1.3017793628139982,4.827152210601527,-0.5186020786497743,1.4811449525512534,-0.9340089499741904,-1.075404934974749
10.0,138.0,1000.0245361328124,-4.244077358583855,-2.952603108556844,-1.96406354305434,0.6894666323321941,-1.301686368422713,4.8270975638233615,-0.5186127370100015,1.4811557099391717,-0.9340638582336976,-1.0753744191500578
10.0,138.0,1000.0252075195312,-4.244067948592961,-2.952645852218036,-1.964082461193928,0.6894743756275474,-1.3016775341842313,4.827048597062513,-0.5186096100462549,1.4811317376520865,-0.934067430373541,-1.075398723278092
10.0,138.0,1000.0244750976562,-4.244105586685876,-2.952528625996301,-1.9640633259389235,0.6894196698712456,-1.3018045206281648,4.827191243661961,-0.5186057083385096,1.4811624651270687,-0.9339927721441672,-1.0753977376394102
10.0,138.0,1000.0250854492188,-4.244098807249982,-2.9525141852676366,-1.9640793249546584,0.6893875459178753,-1.301855446520837,4.82720696788639,-0.5186026034481745,1.481132641329249,-0.9339700243294188,-1.0754265516352408
10.0,138.0,1000.0250854492188,-4.244081054544363,-2.9526195601852003,-1.9640732683009663,0.6894611310985983,-1.3017037760274293,4.827082881172313,-0.5186122404269273,1.481143634770742,-0.934057192585848,-1.0753870668199124
10.0,138.0,1000.0252075195312,-4.2441279697314895,-2.9525278725623183,-1.9640212931713743,0.6894462454428574,-1.301743314992074,4.827196505214221,-0.518613819621832,1.4812158581755588,-0.93404239518272,-1.0753334839359696
10.0,138.0,1000.02490234375,-4.24409946460141,-2.9525530190868707,-1.964060330384324,0.6894448641982738,-1.301742989438539,4.827161993514736,-0.5186078978567226,1.4811705579706498,-0.9340258868013523,-1.0753744507597531
10.0,138.0,1000.0247192382812,-4.244107648832332,-2.952502693285462,-1.964064378351949,0.6894029568280216,-1.301851334740789,4.827217976431008,-0.518601404163725,1.4811570107326355,-0.9339725846675186,-1.0754142890283425
10.0,138.0,1000.02490234375,-4.244093237806753,-2.952553360173769,-1.964064561655443,0.6894456954168602,-1.3017534695101247,4.827160379434517,-0.5186025364547024,1.4811644001199902,-0.9340181918256468,-1.0753864184106368
10.0,138.0,1000.025390625,-4.244114931139601,-2.952464366774284,-1.964086950125273,0.6893590282904398,-1.3019414690814817,4.827265330254777,-0.5185929033641532,1.4811278954919196,-0.93391608724244,-1.0754535509050769
10.0,138.0,1000.0253295898438,-4.244087707397926,-2.952588072322156,-1.9640679489381088,0.689452987339191,-1.301708796423322,4.827118931862291,-0.5186082250088484,1.481152883515314,-0.934037122649748,-1.0753868272945404
10.0,138.0,1000.025146484375,-4.244081973880817,-2.952651247691927,-1.9640598935609468,0.6895003848326811,-1.3016003313784994,4.827039511504056,-0.5186129405215851,1.481162524072854,-0.9341093335694276,-1.0753456453625423
10.0,138.0,1000.0245361328124,-4.2441002655807045,-2.9525487643253583,-1.9640586684792631,0.689434423108704,-1.3017820880637747,4.82716617781254,-0.5186022222739215,1.4811607168711385,-0.9340126819751609,-1.07539667460565
10.0,138.0,1000.0252075195312,-4.244066046776996,-2.9526817763737307,-1.9640857042883584,0.6895066511004542,-1.3016174995745815,4.827008084913633,-0.5186047234774911,1.481127957821843,-0.9340970172493844,-1.075383128699153
10.0,138.0,1000.0257568359376,-4.244096486241196,-2.9525547369402165,-1.964066607749908,0.6894364219909752,-1.3017685129422762,4.827151358850015,-0.5186045055076747,1.4811457897303253,-0.9340219318426728,-1.0753941420195452
10.0,138.0,1000.025390625,-4.244104414847395,-2.9525295091627104,-1.964075353547611,0.6894084088844323,-1.3018365273423522,4.827186495518488,-0.5186016038728569,1.4811362532109875,-0.9339824892849826,-1.0754219331966617
10.0,138.0,1000.0245971679688,-4.244123785488732,-2.9524770686907607,-1.9640582795039745,0.6893891820086928,-1.301866232252697,4.827253103756652,-0.5186018566583677,1.481169259339841,-0.9339615208008398,-1.0754005338012678
10.0,138.0,1000.0247802734376,-4.244105007278372,-2.9525258305894666,-1.9640716848831856,0.689406397855528,-1.3018285784271075,4.82719500386205,-0.5186023973526126,1.4811501052280365,-0.9339804844093234,-1.075413866449948
10.0,138.0,1000.02490234375,-4.244150069191147,-2.9524121280034783,-1.964045123434409,0.6893586708841504,-1.301955229678069,4.827341010205933,-0.5185940260284907,1.4811914586091923,-0.9339087704107368,-1.0754100817017842
10.0,138.0,1000.0255737304688,-4.244105133185451,-2.952529047720864,-1.9640461542297087,0.6894331719945255,-1.3017574316172889,4.82718949233187,-0.5186106766280645,1.4811901099925908,-0.9340208230191872,-1.0753703397989909
10.0,138.0,1000.024658203125,-4.24410948972513,-2.952512178039991,-1.964061879103394,0.6894047738405975,-1.3018426439758164,4.827212157768114,-0.5186044678773873,1.4811591306116316,-0.9339792607412224,-1.0754089299042633
10.0,138.0,1000.0245971679688,-4.244096055295032,-2.952569694013023,-1.964063739278155,0.6894431310718732,-1.301747954241813,4.827142498971389,-0.5186094761772608,1.4811571701839803,-0.934031951605502,-1.075381566284599
10.0,138.0,1000.0245971679688,-4.244077444817077,-2.952613270797772,-1.96407248568802,0.6894719572473633,-1.30167642320042,4.827087261073723,-0.5186040981561444,1.4811491590620616,-0.9340569040691352,-1.0753796203231143
10.0,138.0,1000.0245361328124,-4.244127387806429,-2.9524768299434543,-1.9640513444056769,0.6893990818224189,-1.3018649798153443,4.827258228895056,-0.5185997330124579,1.4811794603035278,-0.933962537825778,-1.0753951631632948
10.0,138.0,1000.0253295898438,-4.24413286872278,-2.9524766449190123,-1.9640351619437248,0.6894096303041604,-1.301857155740263,4.827258923289126,-0.5186030863190183,1.481197286238645,-0.9339766725065948,-1.075385326466129
10.0,139.0,1000.0250854492188,-4.244105058537668,-2.9525183611835635,-1.964079272524416,0.689394406133629,-1.301857798306289,4.82720444875924,-0.5186009651138619,1.4811393655629876,-0.9339694697247484,-1.0754257082721437
10.0,139.0,1000.0247192382812,-4.244114165082805,-2.95248920719902,-1.96405762335584,0.6893984081778539,-1.3018542205460315,4.827236832537594,-0.5186050377930185,1.4811685423623109,-0.9339676582249484,-1.0754026022772334
10.0,139.0,1000.0247802734376,-4.24411398629112,-2.9524876935264417,-1.964067385680981,0.6893874367112254,-1.3018879435664692,4.82724130229313,-0.5185979023576879,1.4811513322592695,-0.9339532289000204,-1.0754240900104617
10.0,139.0,1000.0244140625,-4.244103269797185,-2.9525196468941206,-1.9640473965853376,0.6894218117423314,-1.3017759276751733,4.827202569924086,-0.5186104775097347,1.4811810844078046,-0.934011776349247,-1.075375104122288
10.0,139.0,1000.024658203125,-4.244103131270584,-2.9525351812357385,-1.9640438193495235,0.6894342618910541,-1.301757787382471,4.827183784970334,-0.5186102330839075,1.4811833433836767,-0.9340285820176532,-1.075367472360362
10.0,139.0,1000.0245361328124,-4.244120752546842,-2.9524824963681,-1.9640512346675647,0.689395501055329,-1.301852290174868,4.82724850716034,-0.5186061390032588,1.481178432671502,-0.9339751850609286,-1.075391982438891
10.0,139.0,1000.0244750976562,-4.2441082745914045,-2.952516986387681,-1.9640537489156784,0.6894224930072577,-1.301801332060626,4.827207382018933,-0.5186041698433641,1.4811747621378624,-0.9339958824459034,-1.075389368448123
10.0,139.0,1000.024658203125,-4.244093638055912,-2.9525400572779765,-1.964068650379227,0.6894206137669734,-1.3017937710297205,4.827174625390606,-0.518610015532289,1.4811569635400603,-0.9339990806634636,-1.0754041002491457
10.0,139.0,1000.02490234375,-4.244108767424193,-2.9525067127608446,-1.9640643698970024,0.6894113686510908,-1.301831369803832,4.827220957570505,-0.5185982490301919,1.4811646163448895,-0.9339703938740432,-1.075405553380968
10.0,139.0,1000.0247192382812,-4.244109331269127,-2.952537325811959,-1.9640457811309675,0.68944009767662,-1.3017415370450518,4.82718252486187,-0.5186105132885572,1.4811898160861894,-0.9340297894747982,-1.0753552378326017
10.0,139.0,1000.0250854492188,-4.244112083222972,-2.952523817627747,-1.9640498458008928,0.6894324488553529,-1.3017925854080254,4.827190891301186,-0.5186055864877641,1.481177204549419,-0.93401105775654,-1.075379657724906
10.0,139.0,1000.0244750976562,-4.244124353802995,-2.9524769425725914,-1.964053333882033,0.6893951490255681,-1.301868492383079,4.827256944150664,-0.5186009626192698,1.481177772721491,-0.933963780778865,-1.0753994114981111
10.0,139.0,1000.0247802734376,-4.244117974521436,-2.952482347418276,-1.9640496588368324,0.6893979021553562,-1.3018502190890555,4.827247955902124,-0.518605063238434,1.481179427102585,-0.9339767806341496,-1.0753941519927397
10.0,139.0,1000.0252075195312,-4.2441332257111934,-2.9524709778391784,-1.9640381797229365,0.6894110996340856,-1.3018389300077091,4.827265651431269,-0.5185986373860185,1.4811992642259568,-0.933971614023532,-1.0753759327776795
10.0,139.0,1000.0250244140624,-4.244103141237322,-2.952567289483174,-1.964052268140657,0.6894607856448234,-1.3017397992396482,4.827147434937093,-0.5186010541024437,1.4811740987791335,-0.934033027814456,-1.0753767996966692
10.0,139.0,1000.0245361328124,-4.244120998223893,-2.952491978887171,-1.9640553471115176,0.6894036889864106,-1.3018468545060091,4.827239249570782,-0.5185990859794893,1.481170664371641,-0.9339756061471816,-1.0753949234197502
10.0,139.0,1000.024658203125,-4.244108512705036,-2.952493774888227,-1.9640563519040544,0.6893970103367622,-1.301842362102244,4.827232100939868,-0.5186081687021362,1.4811722519317172,-0.9339775230458603,-1.0753990242060452
10.0,139.0,1000.0245971679688,-4.244111825272453,-2.9525061970374784,-1.9640676759872904,0.6893969034867462,-1.3018444059760226,4.827221651349333,-0.5186025845645181,1.481156644152798,-0.9339692800824322,-1.075408988867478
10.0,139.0,1000.0247192382812,-4.2440958063797645,-2.9525560980741465,-1.9640736884927668,0.6894328629041224,-1.3017731872204936,4.827157088488578,-0.5186051054141485,1.4811523697790268,-0.9340077619641391,-1.0753991135907095
10.0,139.0,1000.0247802734376,-4.244107777746912,-2.9525278289935737,-1.9640400546131191,0.6894365715564401,-1.3017547161583083,4.827194808387441,-0.5186095319580577,1.481194393327705,-0.9340217796745254,-1.0753638023394334
10.0,139.0,1000.0247192382812,-4.24412666407189,-2.9524872521064944,-1.9640557037698656,0.6894027652628187,-1.3018500569987976,4.8272478735659625,-0.518599788834976,1.481177103214257,-0.9339642196399608,-1.0753950415500393
10.0,139.0,1000.024658203125,-4.244106031958418,-2.9525194490065623,-1.9640550780466133,0.6894201357908667,-1.3018061776941263,4.827201033070695,-0.5186079146874425,1.481169066009195,-0.9340003610247862,-1.0753901872185283
10.0,139.0,1000.0250244140624,-4.244091657705271,-2.952552641053787,-1.964070745122401,0.689430508707777,-1.3017763140140977,4.827160037852755,-0.518606195171567,1.4811502959072147,-0.9340106888060014,-1.0754034270549502
10.0,139.0,1000.0245361328124,-4.244099654126144,-2.952541001035998,-1.964062314966648,0.6894251022822573,-1.3017862232356854,4.82717471166581,-0.5186069283614048,1.4811585393459286,-0.9340091694560392,-1.075396055106424
10.0,139.0,1000.0245971679688,-4.244079817012369,-2.952601064452191,-1.964057062722382,0.68947364968035,-1.301668972404113,4.827101925215228,-0.5186108436707215,1.4811657232924738,-0.93406515658714,-1.0753638534501957
10.0,139.0,1000.0247192382812,-4.244105609961604,-2.9525324955888457,-1.964054048302168,0.689425248868238,-1.3017865207173769,4.827183107467345,-0.518610444324354,1.481174644368414,-0.934012381032999,-1.0753821719015195
10.0,139.0,1000.0250244140624,-4.244105403266512,-2.95249722920984,-1.96408707846135,0.6893787084674159,-1.301901735971895,4.827230438622642,-0.5185947774951263,1.481129911314328,-0.933937093458998,-1.075450135983913
10.0,139.0,1000.0255126953124,-4.244090952570026,-2.9525666128365007,-1.964074020149916,0.6894475141665888,-1.301749609620137,4.827140939716694,-0.5185981630854473,1.4811497823609958,-0.9340190154043118,-1.0753962093101217
10.0,139.0,1000.0257568359376,-4.244128461776333,-2.9524392013474605,-1.9640497378000688,0.6893845478083449,-1.3019019561165113,4.827297725535434,-0.518596108622015,1.481184063519338,-0.9339418668881924,-1.075403355790112
10.0,139.0,1000.02490234375,-4.244116441565319,-2.9525382582776256,-1.9640264865362345,0.689457727935987,-1.301730882697052,4.827182436589306,-0.518608664077898,1.4812091675207393,-0.9340456698875768,-1.075343468026464
10.0,139.0,1000.02490234375,-4.2441118590262965,-2.952477657940588,-1.964056379116488,0.689390324294199,-1.3018687972031475,4.827248549050452,-0.5186041330808431,1.481171976463581,-0.9339642050097572,-1.075408223201666
10.0,139.0,1000.024658203125,-4.244114674285734,-2.952510113759077,-1.964047768912,0.6894218255459439,-1.301805189214342,4.827210332399289,-0.5186064003332005,1.4811772317247716,-0.9340020323598024,-1.0753800131524347
10.0,139.0,1000.0244750976562,-4.244121510707503,-2.9524640379305724,-1.964060505908096,0.6893777488372788,-1.301900481782226,4.827269427072023,-0.518602476511898,1.481162427329564,-0.9339471137610448,-1.0754149574332903
10.0,139.0,1000.0244750976562,-4.24410234445506,-2.952565272503282,-1.9640582520338223,0.6894483262648956,-1.3017323331450743,4.827149487914289,-0.518606012942243,1.4811661810646992,-0.9340343146831458,-1.0753731471956178
10.0,139.0,1000.0245971679688,-4.24410845452288,-2.952530382280022,-1.964047962086891,0.6894335841081691,-1.301767983604571,4.827193072718835,-0.5186069618474161,1.4811858527030308,-0.9340154557759934,-1.075371763639989
10.0,139.0,1000.0249633789062,-4.24410981446807,-2.9525172971085465,-1.9640474270586608,0.6894325211391541,-1.301781847159294,4.827202201611817,-0.5186048206469653,1.4811845771638217,-0.934010676059593,-1.0753747471259851
10.0,139.0,1000.02490234375,-4.244105892718913,-2.952551093433692,-1.964052794983671,0.6894439129977128,-1.3017502702777772,4.827164699668433,-0.5186030375175221,1.4811741429631642,-0.9340287218157748,-1.075374576806094
10.0,139.0,1000.0249633789062,-4.244123607905089,-2.952469685975708,-1.9640526377683944,0.6893918046662844,-1.3018809099012598,4.827259637448369,-0.5185993115682264,1.4811715373139025,-0.933954928525596,-1.0754088129189183
10.0,139.0,1000.0244750976562,-4.2441151367926295,-2.952496296931686,-1.9640528475919008,0.6894102234672665,-1.3018348513785545,4.8272310723911165,-0.5186040882057465,1.4811789253437988,-0.933979915544672,-1.0753921843103886
10.0,139.0,1000.0248413085938,-4.244108506433056,-2.952543941693326,-1.9640472462239995,0.6894475899113299,-1.3017477060139235,4.827172913094092,-0.5186029099263507,1.4811778316191455,-0.9340316045066608,-1.0753659848090955
10.0,139.0,1000.0249633789062,-4.244119892323311,-2.952484960741055,-1.9640494098032368,0.6893936804389469,-1.301866525759094,4.8272483081154505,-0.5186095032374904,1.4811770876427577,-0.9339711015382096,-1.075396065027452
10.0,139.0,1000.024658203125,-4.244091259228348,-2.9525448466366786,-1.964062536036248,0.6894303140155174,-1.3017459216288274,4.827171246284843,-0.5186116654583799,1.4811674059369455,-0.9340141832659548,-1.0753817132891772
10.0,139.0,1000.0249633789062,-4.244103260288804,-2.9525088488777724,-1.9640792305748485,0.6893874642597595,-1.3018577799177034,4.827216757230222,-0.518603429289902,1.481140928388184,-0.9339595389712868,-1.0754251621175346
10.0,139.0,1000.02490234375,-4.24410584816467,-2.952512783276001,-1.9640590431635416,0.6894110423337096,-1.3018166161357794,4.8272117042712495,-0.5186053211814272,1.4811672853964015,-0.9339843793204564,-1.075402498003759
10.0,139.0,1000.0250244140624,-4.244090639341712,-2.952566689214129,-1.9640707854317112,0.6894336602996507,-1.301765920021554,4.827142860884999,-0.5186078386343853,1.4811434916024435,-0.9340184768894026,-1.075401832798879
10.0,139.0,1000.0244140625,-4.244102827142874,-2.952541588020785,-1.964059207860644,0.6894294975839976,-1.3017765497425642,4.827177842913425,-0.5186033293133256,1.481164898244672,-0.9340085540416424,-1.075390905162195
10.0,139.0,1000.0247802734376,-4.244119526152396,-2.952478701327258,-1.9640471300448907,0.68939453886561,-1.3018601724309558,4.827251737310057,-0.5186037684800091,1.4811812936565012,-0.933972671431624,-1.07539492928878
10.0,139.0,1000.0250854492188,-4.244081722981985,-2.9525660820608444,-1.9640779758867408,0.6894240654916501,-1.3017632914262878,4.827142219936389,-0.5186086193657253,1.4811377796171907,-0.9340129445602798,-1.0754052363269402
10.0,139.0,1000.024169921875,-4.244110621288836,-2.952507852199222,-1.9640489776146053,0.6894173496603972,-1.3018027191500383,4.827215841033688,-0.5186092147656645,1.481181953412566,-0.933999457605906,-1.0753766808653364
10.0,139.0,1000.0245971679688,-4.244121419855698,-2.9524788411209952,-1.964042760412528,0.6893993460849934,-1.3018385166831212,4.82725437457635,-0.5186076350730602,1.4811893606616842,-0.933975613197454,-1.0753841548180834
10.0,140.0,1000.0245971679688,-4.24408263596222,-2.952587224808034,-1.964068069527772,0.6894561554211638,-1.3017086193082177,4.827117672592967,-0.5186064664281709,1.4811532324692864,-0.9340465613534744,-1.075381011677513
10.0,140.0,1000.0244140625,-4.244104977341813,-2.952530123657951,-1.964058253916752,0.6894206848468478,-1.3017903681820906,4.8271896509729135,-0.5186077844024277,1.4811658373472278,-0.9340052366296988,-1.075389280843615
10.0,140.0,1000.0248413085938,-4.244114068914294,-2.952492093379896,-1.964066657347435,0.6893924973770389,-1.301871512618474,4.827233088336913,-0.5186011278188012,1.4811551257472306,-0.933961701401377,-1.0754182472156488
10.0,140.0,1000.024658203125,-4.244104623111344,-2.952537653807373,-1.9640467815857885,0.689435191451464,-1.3017629412250766,4.827181384113484,-0.5186113479067567,1.4811813588385316,-0.9340216824998492,-1.0753725881771925
10.0,140.0,1000.0247192382812,-4.244122855459524,-2.952460806604441,-1.964051735458848,0.6893793599193367,-1.3018865264739277,4.827274158771463,-0.5186063532701644,1.481177267799147,-0.9339518304206882,-1.075406739427223
10.0,140.0,1000.0247192382812,-4.2441137545601855,-2.952520310304188,-1.9640416347030565,0.6894324738417632,-1.3017822320196126,4.827203464760302,-0.5186070529932039,1.481187777515264,-0.9340144991018464,-1.0753667316832345
10.0,140.0,1000.0244750976562,-4.244085383845026,-2.952589511261472,-1.9640661108073345,0.6894623565126636,-1.3017040201308272,4.827117389693235,-0.5186057924028686,1.4811574106210443,-0.934044510146956,-1.0753798049094536
10.0,140.0,1000.0245361328124,-4.244106454941178,-2.952546790727697,-1.9640588617479435,0.6894317332835147,-1.3017698428126954,4.827171308991966,-0.51860828466525,1.4811652386628662,-0.9340211042964484,-1.0753802036583655
10.0,140.0,1000.0245361328124,-4.244117820066148,-2.952496958650905,-1.96404963194764,0.6894095160780989,-1.3018198228875375,4.827229267177279,-0.5186059741228606,1.481180519792714,-0.9339880985933062,-1.0753811966981537
10.0,140.0,1000.0245361328124,-4.244097458722608,-2.952545648574932,-1.9640527187250545,0.689437179662117,-1.3017551051299958,4.827169577337029,-0.5186121004292383,1.4811746782747417,-0.9340256810447708,-1.0753774641233576
10.0,140.0,1000.0252685546876,-4.244116233745333,-2.952504254394654,-1.96402981150172,0.6894272504642398,-1.3017652504393027,4.8272198611153385,-0.5186134627372407,1.481208668278854,-0.9340228559131916,-1.0753476643461428
10.0,140.0,1000.0250244140624,-4.244108840118797,-2.952538442700668,-1.964041160620292,0.6894445488278178,-1.3017475780312635,4.827183789282586,-0.5186043318562632,1.4811927942625056,-0.9340258912432348,-1.0753621619039304
10.0,140.0,1000.0245361328124,-4.244105019550209,-2.952515354911675,-1.96404678936054,0.6894236895523473,-1.3017798270917096,4.827206447564599,-0.5186085756128795,1.4811827333754026,-0.9340105847693838,-1.0753738900588008
10.0,140.0,1000.0247192382812,-4.244110822757637,-2.9525126817438574,-1.9640431728060967,0.689424149717663,-1.3017930373640685,4.827209497806164,-0.5186105133150178,1.481191734184958,-0.9340069584590314,-1.0753710486197026
10.0,140.0,1000.0245361328124,-4.244108576294337,-2.952518057210647,-1.9640578867517613,0.6894124873978571,-1.3018053574964874,4.827204729837796,-0.5186054409343281,1.4811690676702955,-0.9339945520293912,-1.0753892947846886
10.0,140.0,1000.0245361328124,-4.244111452481491,-2.952532254349064,-1.964052751115326,0.6894312210262381,-1.3017843813979528,4.827190509312205,-0.5186032460473653,1.4811735135665547,-0.9340063318143148,-1.0753841080086963
10.0,140.0,1000.024658203125,-4.24412528525501,-2.952471058485872,-1.9640533721080504,0.6893889867070904,-1.3018750776575616,4.827263917771216,-0.5186014995474695,1.4811708922631477,-0.9339619641005346,-1.0753974572530356
10.0,140.0,1000.024658203125,-4.244095543441727,-2.952541720117082,-1.964069608686744,0.6894163597440395,-1.301796952975231,4.827175184800868,-0.5186083245858342,1.4811507355104965,-0.9340019905725452,-1.0754044812733183
10.0,140.0,1000.0245361328124,-4.244103067701833,-2.952548911502349,-1.964053988054185,0.6894409052963857,-1.3017471348302512,4.827168056801897,-0.5186037104163761,1.4811680247132577,-0.9340258158028628,-1.0753754572204048
10.0,140.0,1000.0245971679688,-4.244106473537976,-2.952507019421337,-1.9640598165712064,0.689412651769211,-1.3018270353544157,4.827218359682163,-0.518600502334122,1.4811662584402416,-0.9339808811912018,-1.0753978680934777
10.0,140.0,1000.0242919921876,-4.244125608457363,-2.952456902354879,-1.964047643117684,0.6893812445649345,-1.30188528476375,4.827278932615529,-0.518607195043483,1.4811854200114905,-0.933953733940048,-1.0753971430264446
10.0,140.0,1000.0244750976562,-4.244107752558545,-2.9524889269981625,-1.964055897353833,0.689401346966231,-1.301841958385511,4.827237862571128,-0.5186032055355705,1.481171150624344,-0.9339750268150668,-1.0753994223102676
10.0,140.0,1000.02490234375,-4.244103081191306,-2.9525315164550605,-1.964053377106144,0.6894308486171212,-1.3017708270051802,4.82718676451568,-0.5186079465441038,1.4811772913639052,-0.9340143509642084,-1.0753802868214342
10.0,140.0,1000.0245971679688,-4.244121459476656,-2.9524702550065176,-1.964049695873492,0.6893856313248472,-1.3018753083911418,4.827263155287877,-0.5186037479890189,1.4811778369841573,-0.9339634461393,-1.0754012617806017
10.0,140.0,1000.0245361328124,-4.2441020432692005,-2.9525365564395245,-1.964064947816614,0.689424208258612,-1.3017926768163497,4.827185018389326,-0.5186037564074093,1.4811586698079493,-0.933999435147868,-1.0753967787490015
10.0,140.0,1000.0244750976562,-4.24412675869018,-2.95244997383482,-1.9640465540848773,0.6893830429801433,-1.3018888099462265,4.82728843893222,-0.5186037664992647,1.4811885112453655,-0.9339499178971788,-1.075395422101804
10.0,140.0,1000.0242919921876,-4.244112226543001,-2.952497419689353,-1.9640520398891388,0.6894041900699328,-1.301829179771035,4.827228832983954,-0.5186072078029467,1.4811738630178717,-0.9339856014331795,-1.075392384475741
10.0,140.0,1000.0245971679688,-4.24409772216681,-2.952555208050945,-1.964062207497462,0.6894416471135276,-1.3017550408270298,4.827160645422483,-0.5186026213606727,1.4811593448932312,-0.9340189906756216,-1.0753868021451565
10.0,140.0,1000.0249633789062,-4.2441218499287405,-2.952472880409081,-1.96403297211284,0.6894099187042926,-1.3018295911363231,4.827258668723587,-0.5186083063667777,1.4812020125991603,-0.9339858871009667,-1.0753713801157303
10.0,140.0,1000.0249633789062,-4.244118191477791,-2.952524486539617,-1.9640428542089845,0.6894332273517021,-1.3017760205082074,4.827201253916789,-0.5186085060865633,1.481189604844861,-0.934014850913127,-1.0753630698306167
10.0,140.0,1000.0245971679688,-4.244128641831894,-2.9524631152284173,-1.9640544377499776,0.689385611002904,-1.3019037554661623,4.827272207229639,-0.5185981064832426,1.4811709288852466,-0.933947316697516,-1.0754083757592845
10.0,140.0,1000.0249633789062,-4.244098720873074,-2.952543979875969,-1.9640536871630463,0.6894449793470958,-1.3017543919688834,4.827170649988307,-0.5186081351847012,1.481174223460794,-0.9340251655710397,-1.0753725970026644
10.0,140.0,1000.0248413085938,-4.24409987842527,-2.952531934504367,-1.96406138651295,0.6894240534656824,-1.3017897878788602,4.827182913863103,-0.5186043958652933,1.4811631324530694,-0.9340032774207918,-1.075394296673962
10.0,140.0,1000.0242309570312,-4.244105228904626,-2.95252599146132,-1.964051664044664,0.6894231897480783,-1.301784208257351,4.827196244718742,-0.518609050096865,1.4811771689963624,-0.9340093082638354,-1.0753795983872183
10.0,140.0,1000.0244140625,-4.244113099183021,-2.9525051703763365,-1.9640509541058817,0.6894173130902264,-1.3018073620225978,4.827222793760663,-0.5186017614819134,1.4811791126092562,-0.9339900566542872,-1.0753840129139671
10.0,140.0,1000.0249633789062,-4.244102501341683,-2.952529328525136,-1.964059254005157,0.6894243885560725,-1.3017751792298764,4.827191492442566,-0.518608590623483,1.4811711264198897,-0.9340073075296456,-1.0753837346185209
10.0,140.0,1000.0247192382812,-4.244106876667498,-2.9525262483707206,-1.9640727496094688,0.6894073016587141,-1.3018249195332785,4.827197150988804,-0.5186010280946736,1.481147471728118,-0.9339834632035258,-1.075408612861492
10.0,140.0,1000.0250244140624,-4.244109483952992,-2.9525313189924605,-1.9640389077849865,0.6894376501268695,-1.3017460166816774,4.827189837904729,-0.5186141217650739,1.4811970713353793,-0.9340334058964056,-1.0753534841708574
10.0,140.0,1000.0245971679688,-4.244117610271434,-2.952514892644778,-1.9640559145407832,0.6894193747012523,-1.3018142457338513,4.827211121874473,-0.518599945924537,1.4811705984359935,-0.933991692044259,-1.0753879566787838
10.0,140.0,1000.0244750976562,-4.244111243527569,-2.952507034684232,-1.9640474673080432,0.6894136223844534,-1.3017969603585589,4.827217680529301,-0.518607439347953,1.4811799635867908,-0.9339989548543476,-1.0753779268762953
10.0,140.0,1000.0245361328124,-4.2441088246977925,-2.952522423451761,-1.9640650931909365,0.689416011968996,-1.3018074207098165,4.827200526773709,-0.5186018811082596,1.4811613937777643,-0.93398872883869,-1.0753995857840133
10.0,140.0,1000.0250244140624,-4.244132545181424,-2.9524502542033417,-1.9640531712574711,0.68937955608786,-1.3019001575783258,4.827286086550162,-0.5186000984855061,1.4811748824118167,-0.9339492006498736,-1.075402055565911
10.0,140.0,1000.0244750976562,-4.244094521903208,-2.9525427789592444,-1.964060951953531,0.6894304174037345,-1.3017597632540283,4.827172950125023,-0.5186076417196004,1.4811625665599415,-0.9340141504609614,-1.075384424684993
10.0,140.0,1000.0245361328124,-4.2441215064835,-2.952487859589517,-1.9640468034983325,0.6894034144989245,-1.301840210627855,4.827241503674683,-0.5186067257956717,1.4811819066327168,-0.9339841780578286,-1.0753865297904697
10.0,140.0,1000.024658203125,-4.244107258307867,-2.9525051050140183,-1.9640625533034228,0.6894034417255925,-1.3018315662410194,4.827221039007393,-0.518605824601365,1.4811683289391038,-0.933979839376362,-1.0754008315159735
10.0,140.0,1000.0245361328124,-4.2441181232462535,-2.952476190557828,-1.96405355098038,0.6893878696815463,-1.3018761867085993,4.827254123702449,-0.5186069665498323,1.4811712975017477,-0.9339672272249668,-1.0754027878165884
10.0,140.0,1000.024658203125,-4.244113040212239,-2.9524802801894148,-1.9640633595800616,0.6893887653669841,-1.301876409305689,4.827250380477612,-0.5186033713432581,1.4811621996734905,-0.9339569047120876,-1.0754099168330384
10.0,140.0,1000.0245361328124,-4.244115710868062,-2.952505053785244,-1.9640561342343048,0.6894054559570701,-1.301828161289138,4.827219425623584,-0.5186060454570205,1.4811684554726288,-0.933988324218145,-1.075392549812643
10.0,140.0,1000.0244750976562,-4.244105134955499,-2.9525139232437447,-1.964052685505341,0.6894103651517414,-1.3018101821767871,4.827208597737871,-0.518608938516941,1.4811711363593378,-0.9339958340764536,-1.0753909692492272
10.0,140.0,1000.0247192382812,-4.244094348941578,-2.952562551381121,-1.964070330987365,0.689441301128455,-1.301761124854877,4.827149900164546,-0.5186019341416488,1.4811496745830652,-0.934013520913143,-1.075399684961698
10.0,141.0,1000.0245361328124,-4.244085278410681,-2.952593548938024,-1.964059443414783,0.6894615444239527,-1.301683610574969,4.827110502791811,-0.5186135214825045,1.4811650145555977,-0.934059903284779,-1.0753652794324315
10.0,141.0,1000.0245971679688,-4.244106349254729,-2.952519411149102,-1.9640708631464907,0.689407679560464,-1.3018248740357894,4.8272049352002,-0.5185998014606215,1.4811526370339625,-0.933976264254686,-1.075410691136244
10.0,141.0,1000.0245361328124,-4.244101773766368,-2.952536621688698,-1.964063231854916,0.6894252638532761,-1.30178448098735,4.82718102149277,-0.5186063548363187,1.4811619488359504,-0.9340048257355082,-1.0753895733633172
10.0,141.0,1000.0247802734376,-4.244100028760194,-2.952520140982734,-1.964068215501516,0.6894068212485438,-1.3018282083480113,4.827200625427734,-0.5186022422441381,1.4811498666557696,-0.9339826900503052,-1.0754125030350117
10.0,141.0,1000.024658203125,-4.244111037922355,-2.952499810031201,-1.964042545967444,0.6894132914234818,-1.301806178082936,4.827225402853104,-0.5186104455555505,1.4811857653530254,-0.9340009605123054,-1.075373557672687
10.0,141.0,1000.024658203125,-4.244118371374236,-2.9524766541133287,-1.964064641614776,0.68938369403193,-1.301898849802189,4.8272555603434615,-0.5185999465563489,1.4811603113054694,-0.9339446630523948,-1.0754256709299712
10.0,141.0,1000.0245361328124,-4.244104675145684,-2.9525235116226747,-1.96405460190494,0.6894225034095394,-1.30179158660206,4.827195793784929,-0.5186057695590698,1.481170951562813,-0.9340039023740064,-1.0753858355375971
10.0,141.0,1000.0244140625,-4.244114951704207,-2.952508281432485,-1.964052830294148,0.6894152650604859,-1.3018073952355769,4.827218866748714,-0.5186041017102356,1.4811783890596146,-0.9339921993170924,-1.0753842826396012
10.0,141.0,1000.024658203125,-4.244120764998935,-2.952469333489808,-1.9640380657758785,0.6894018034220295,-1.301845009724846,4.827259662938543,-0.5186061548649885,1.4811918606392478,-0.9339808604776572,-1.0753804364992423
10.0,141.0,1000.0245971679688,-4.244087220087218,-2.952561293372914,-1.9640628676433725,0.6894384921309813,-1.3017453371900567,4.827149341105077,-0.5186093779776808,1.4811592518071155,-0.93402722585681,-1.0753858184223342
10.0,141.0,1000.0245971679688,-4.244120558750166,-2.952467329366077,-1.9640604231422705,0.6893793110394082,-1.301907352865264,4.827266192882677,-0.5185986523399961,1.4811633050152109,-0.9339425550511118,-1.0754199638565467
10.0,141.0,1000.0244140625,-4.244103530652542,-2.9525171109881194,-1.96404983688028,0.6894216583885706,-1.3017790053677183,4.827203844710358,-0.5186116159882719,1.4811821992543193,-0.934007402498784,-1.075373486379677
10.0,141.0,1000.0245361328124,-4.244093901232265,-2.9525587064914296,-1.9640705887546024,0.6894312702719096,-1.30176705680362,4.8271543197848885,-0.5186061133235906,1.4811523180203263,-0.9340141518605812,-1.0753967827811275
10.0,141.0,1000.0244750976562,-4.244106271956766,-2.952544971173701,-1.964058514543423,0.6894324565368741,-1.3017738120994684,4.82717432834656,-0.5186054370147817,1.4811666145021558,-0.9340145409856352,-1.0753851589541026
10.0,141.0,1000.0245361328124,-4.244100862947328,-2.9525079472831632,-1.964059837066359,0.6894070047938179,-1.3018164504046794,4.827215160980385,-0.5186072941999047,1.48116850513442,-0.9339848107093652,-1.0753967336470227
10.0,141.0,1000.0245971679688,-4.244097901595393,-2.952539325100446,-1.9640655513097705,0.6894221672872654,-1.301780321407462,4.827176379682692,-0.5186070429706762,1.481152932796621,-0.9340066818962168,-1.075392789242246
10.0,141.0,1000.0244750976562,-4.244113097507263,-2.952494055067617,-1.9640558103100536,0.6894059307826996,-1.3018407662055664,4.827231745154787,-0.5186036775144105,1.4811741855409757,-0.9339724065432956,-1.0753996533675458
10.0,141.0,1000.0250244140624,-4.244111499422748,-2.952548761745618,-1.964057536932951,0.6894437211537525,-1.3017623962378106,4.8271736848620765,-0.5186029705847357,1.4811722632310786,-0.9340151365235504,-1.0753775689182872
10.0,141.0,1000.0245361328124,-4.244124500783146,-2.9524498379760784,-1.964053969085744,0.6893740757723412,-1.3019049631287023,4.827285679960129,-0.5186031384196044,1.4811747628241791,-0.9339423299432416,-1.07540836839555
10.0,141.0,1000.024658203125,-4.244100264020672,-2.952550161845332,-1.96404741231436,0.6894456914531135,-1.3017199278762654,4.827167423084134,-0.5186107566415386,1.4811844275164106,-0.9340376307463664,-1.0753555523207114
10.0,141.0,1000.0244750976562,-4.244111738144202,-2.952518077717785,-1.964054831988648,0.6894175202186776,-1.3018026795038384,4.827207458438004,-0.5186053780585791,1.4811707578483704,-0.9339983292467195,-1.0753855216775792
10.0,141.0,1000.0245361328124,-4.244119666766702,-2.952504837365728,-1.9640443702483257,0.6894159434180738,-1.3018028974862252,4.827223603134174,-0.5186070878967444,1.481185028102301,-0.934000730033434,-1.07537231122171
10.0,141.0,1000.0244140625,-4.244105942716864,-2.952520743646059,-1.9640600847763388,0.6894204463670341,-1.3018030375945502,4.827202268061704,-0.5186027279481049,1.481167001367938,-0.9339912645159822,-1.0753940329740597
10.0,141.0,1000.0245971679688,-4.244098988359186,-2.952544762475952,-1.9640624997582183,0.689431364975789,-1.3017703804402538,4.827174226366171,-0.5186065147521131,1.4811645354054814,-0.9340080482864028,-1.0753884228930448
10.0,141.0,1000.0245971679688,-4.244113515018432,-2.952505058471972,-1.9640587233854945,0.6894069437216732,-1.3018300985573346,4.827222059218013,-0.5186016200187034,1.4811685065952904,-0.9339787413030648,-1.0753983448917737
10.0,141.0,1000.0244750976562,-4.244108720259517,-2.9525085222550014,-1.9640582912009883,0.6894082353736772,-1.301822704897715,4.82721754124314,-0.5186063288512548,1.4811713667465964,-0.9339841400325586,-1.0753958163915651
10.0,141.0,1000.0245361328124,-4.244100518257671,-2.9525345648541506,-1.9640647780524505,0.6894218730020762,-1.3017877048885875,4.827184799055322,-0.5186076398209156,1.4811638096325392,-0.9340008779432658,-1.075393308316662
10.0,141.0,1000.024658203125,-4.2441133700048495,-2.9525253749290554,-1.964047093833503,0.6894287103916588,-1.301776724446722,4.8272005282330905,-0.5186075058886583,1.4811842570837532,-0.9340112381185436,-1.0753688742693668
10.0,141.0,1000.0245361328124,-4.244112222655453,-2.952500537160942,-1.964047491047908,0.6894157187028735,-1.3018187314341452,4.8272237174645465,-0.5186048241161529,1.4811796259895385,-0.9339919705293768,-1.0753848688624543
10.0,141.0,1000.0244140625,-4.244119846639398,-2.9524631241151966,-1.9640511859719547,0.689380251129351,-1.301893432493582,4.8272700234954975,-0.5186042358143252,1.481174106643067,-0.933952114262044,-1.0754092500965355
10.0,141.0,1000.0245361328124,-4.244101583588374,-2.9525477010365213,-1.964061415998952,0.689431367471558,-1.301766248569959,4.827168564697576,-0.5186080074907098,1.4811648077326902,-0.9340141765042578,-1.0753852507785888
10.0,141.0,1000.0245971679688,-4.24408339518669,-2.952591323552019,-1.964065240318209,0.6894541731763715,-1.301702099168624,4.827113186998265,-0.5186084140992833,1.4811556785601887,-0.934049044772686,-1.0753788354912244
10.0,141.0,1000.0244750976562,-4.244127568060814,-2.952450453186619,-1.964047968568055,0.6893782041878858,-1.301886772009801,4.827287863559933,-0.5186048468808462,1.4811841061760198,-0.9339534056041474,-1.0753924683308345
10.0,141.0,1000.0243530273438,-4.24410595905241,-2.9525439152578463,-1.9640559145540744,0.6894345968136459,-1.301767603608358,4.827175421668523,-0.5186040883259295,1.4811687485790088,-0.9340150474588996,-1.075384065939668
10.0,141.0,1000.0244140625,-4.244098906239649,-2.952541524830666,-1.964059817787163,0.6894327744929205,-1.301761950381243,4.82717749816927,-0.5186049555319476,1.4811671652800502,-0.9340115887960714,-1.075385091592325
10.0,141.0,1000.0245361328124,-4.244105781934957,-2.9525315935877754,-1.96405977192178,0.6894254486747879,-1.301779452261851,4.827189906590183,-0.5186024664512869,1.481167082896544,-0.9340063508283832,-1.0753854615023857
10.0,141.0,1000.0245971679688,-4.244093680735165,-2.9525414844221443,-1.964064738652368,0.6894254374441102,-1.3017863893529764,4.827174796227164,-0.5186052363140661,1.4811549300416529,-0.9340041116701254,-1.0753994702889558
10.0,141.0,1000.0247802734376,-4.244119212999951,-2.952498878772004,-1.9640403670430155,0.6894183284241571,-1.3018093710909473,4.827231307353388,-0.5186070802736307,1.4811942199534016,-0.933997780018564,-1.0753712487830756
10.0,141.0,1000.0245361328124,-4.244124024346625,-2.952478653910025,-1.96404556854488,0.6893977658471346,-1.3018504471547527,4.827256260957384,-0.5186039485826575,1.4811854624950789,-0.9339720485981208,-1.0753876103311106
10.0,141.0,1000.0248413085938,-4.2441171003065365,-2.9524993422578723,-1.9640302688368687,0.6894260297345962,-1.3017864481555377,4.827228181714228,-0.5186116195427566,1.4812052168778154,-0.9340105556667276,-1.075357474772619
10.0,141.0,1000.024658203125,-4.244095103218476,-2.9525445152619936,-1.964051430036469,0.6894401482695631,-1.3017349735953072,4.827168741739467,-0.5186094617425319,1.4811773058066429,-0.9340302651731304,-1.075366356571977
10.0,141.0,1000.024658203125,-4.244110085361107,-2.9524873888859817,-1.9640486562725343,0.6894042005914756,-1.3018339324779404,4.827238765622109,-0.5186065903234107,1.4811822693279142,-0.933982961667322,-1.075390229307433
10.0,141.0,1000.0242309570312,-4.244108478574415,-2.952519780660994,-1.9640493468055893,0.6894223250536236,-1.3017919531724722,4.827203315499041,-0.5186066637596145,1.4811758445483374,-0.9340067216515556,-1.075380084682739
10.0,141.0,1000.0244750976562,-4.244100383996276,-2.952512075056541,-1.9640636962452924,0.6894088893983499,-1.301814448987641,4.827208627443358,-0.5186045349777837,1.4811627825695348,-0.93398496277198,-1.075401779483662
10.0,141.0,1000.02490234375,-4.244135223574179,-2.9524340230851984,-1.964048333392609,0.6893731917759727,-1.3019210511245047,4.827306610689908,-0.5185962017497445,1.481183594981342,-0.933932717859472,-1.0754083653164952
10.0,141.0,1000.0244750976562,-4.244131439425495,-2.9524561431997,-1.9640370175034456,0.6893898294065535,-1.3018670113434363,4.827279966503708,-0.5186064732345361,1.4811965072842668,-0.93396592070171,-1.0753809465893367
10.0,141.0,1000.0245361328124,-4.244121830138472,-2.952494270014641,-1.9640497074051293,0.6894117779191911,-1.3018262074691114,4.827238388622268,-0.5186021168004098,1.4811856790460602,-0.9339822849245892,-1.0753819842112806
10.0,141.0,1000.0249633789062,-4.244101993687021,-2.9525281662233,-1.9640589003836069,0.6894217719750939,-1.3017842599932692,4.827192828708505,-0.5186064713690728,1.4811738673568628,-0.9340040194512812,-1.0753840196302522
10.0,141.0,1000.024658203125,-4.244099079153348,-2.9525544730730475,-1.96405184579768,0.6894430669547846,-1.301742359847924,4.827158386424982,-0.5186082697381522,1.4811708563145831,-0.9340333856398866,-1.0753760262924
10.0,141.0,1000.0243530273438,-4.244125430059019,-2.952471599309873,-1.964050570580313,0.6893878226066015,-1.3018731309262126,4.827264106662344,-0.5186056210993186,1.4811794797457312,-0.9339636482225204,-1.0753965114974324
10.0,142.0,1000.0244750976562,-4.24410298009768,-2.952535718632961,-1.9640595019365463,0.6894277584043014,-1.301777691925976,4.827184579186451,-0.5186043314437576,1.4811659807404185,-0.9340060535703544,-1.075385752677671
10.0,142.0,1000.0244750976562,-4.2441191286837245,-2.9524586006486944,-1.9640478182537853,0.6893828672002567,-1.3018774004305973,4.827276876659191,-0.5186083660511569,1.4811853541043725,-0.9339585431662414,-1.0753946606766025
10.0,142.0,1000.0245361328124,-4.244096374908693,-2.952563674599922,-1.96406226554768,0.6894440665958896,-1.3017434549227982,4.82715076152617,-0.518605726792507,1.4811605745312209,-0.9340288998802856,-1.0753809290007652
10.0,142.0,1000.0245361328124,-4.244120270538833,-2.9524837834337414,-1.9640586608125024,0.6893931017809827,-1.3018705153002763,4.827246454640712,-0.5186031663042279,1.4811686621572493,-0.9339616850181454,-1.0754069472191157
10.0,142.0,1000.0245361328124,-4.244097403259605,-2.952546346936498,-1.9640588854997048,0.6894329444472316,-1.301757646599946,4.827170371407016,-0.5186092479042941,1.4811678747862,-0.9340191025088318,-1.0753796029159264
10.0,142.0,1000.0244750976562,-4.244100695070868,-2.9525377326380613,-1.964064411722669,0.6894237558893845,-1.3017989455476,4.827181540159748,-0.5186021632351814,1.4811580539570155,-0.934000458237004,-1.0754004075147576
10.0,142.0,1000.0245971679688,-4.244124455743899,-2.9524786884887124,-1.9640443578460625,0.6893994412849587,-1.3018448003959675,4.827255159205354,-0.5186065490071368,1.4811877914402771,-0.9339754807256656,-1.0753838069540418
10.0,142.0,1000.0244750976562,-4.244123827575804,-2.9524507741288617,-1.964043185915021,0.6893847030349312,-1.3018731678304452,4.827286674245801,-0.5186065398853552,1.481193094259801,-0.9339567062352704,-1.0753881451497502
10.0,142.0,1000.0245361328124,-4.244119815421485,-2.952476935360244,-1.964053537396828,0.6893927827193416,-1.301866159049498,4.827255054046605,-0.518600213435831,1.4811720029243292,-0.9339611181324584,-1.0754036527200106
10.0,142.0,1000.024658203125,-4.244100238128145,-2.9525412373881847,-1.9640628825142548,0.6894259996502639,-1.3017903829039228,4.827173905238452,-0.5186053213400816,1.481159304156253,-0.9340079926625896,-1.0753953013587625
10.0,142.0,1000.0245361328124,-4.244132229475053,-2.95245313964476,-1.9640466157279728,0.6893795490807877,-1.3019066387615483,4.827284684897951,-0.5186033976999704,1.4811829652562754,-0.9339485102230912,-1.0754019029319322
10.0,142.0,1000.0243530273438,-4.24411161700136,-2.952496029836711,-1.9640496995985632,0.6894042926411252,-1.3018248893860425,4.827229572383743,-0.5186106300066253,1.4811794389805897,-0.9339887258327736,-1.0753852836235738
10.0,142.0,1000.0245971679688,-4.244110525429566,-2.952508360760841,-1.9640519098935745,0.6894168513910142,-1.3018115422397751,4.827215241492745,-0.5186045391247536,1.48117638619925,-0.9339925597925705,-1.075387576098266
10.0,142.0,1000.0245361328124,-4.244116361741471,-2.952490418682144,-1.964051248440141,0.689403302172348,-1.3018445019256806,4.827240562972747,-0.5186026290435004,1.4811760572746335,-0.9339754256195594,-1.0753962755539437
10.0,142.0,1000.024169921875,-4.244109652435643,-2.952492011678981,-1.9640518254508856,0.689400640165343,-1.3018410504245956,4.827235291601948,-0.5186075185803816,1.4811753809389252,-0.9339792035602664,-1.0753956247365704
10.0,142.0,1000.0245361328124,-4.244124834641675,-2.9524509902207594,-1.9640503657027035,0.6893758902614273,-1.3018968855557689,4.827288191481852,-0.5186025526607434,1.4811800500035188,-0.933945714250096,-1.075404389742328
10.0,142.0,1000.0243530273438,-4.244102592991853,-2.952548190005613,-1.9640529035677183,0.6894383295731767,-1.3017585041585082,4.827169607129953,-0.5186086519152413,1.4811731262786694,-0.9340235378806564,-1.075377094336889
10.0,142.0,1000.0244750976562,-4.244094601316865,-2.95258405948809,-1.964052082278332,0.6894675135386432,-1.3016871167427508,4.82712720251001,-0.5186076596309501,1.481174747156377,-0.9340565105772471,-1.0753580798782747
10.0,142.0,1000.0243530273438,-4.24412803285056,-2.9524486513281394,-1.9640453916116976,0.6893784885186935,-1.3018905611893483,4.8272874087973925,-0.5186064166087503,1.4811868153102417,-0.9339527888451452,-1.0753930195524624
10.0,142.0,1000.0244750976562,-4.24410381832826,-2.9525293237972043,-1.9640535320145915,0.6894285322313092,-1.3017746920356892,4.827190444210725,-0.5186073702369063,1.4811753756009942,-0.9340109075329348,-1.0753787149837883
10.0,142.0,1000.0245361328124,-4.244119321463994,-2.952460373505469,-1.9640536190539304,0.6893765339971605,-1.301889038657495,4.827273316043971,-0.5186071709470603,1.481175777865805,-0.933950844475068,-1.0754046213611987
10.0,142.0,1000.0244140625,-4.2441029110077775,-2.9525195397294235,-1.964058131611528,0.6894165468856315,-1.3018047019524288,4.827201777015016,-0.5186061905101669,1.4811675523726242,-0.9339950854147308,-1.0753944027030444
10.0,142.0,1000.0242309570312,-4.244112899963321,-2.952501732568202,-1.964052724850457,0.6894093611998269,-1.3018223904911983,4.827226002420128,-0.5186051930299644,1.4811751732823843,-0.933984901055264,-1.0753892844034922
10.0,142.0,1000.0242919921876,-4.244103122575351,-2.9525391217541044,-1.9640592647504904,0.6894317571837068,-1.301779244320275,4.827180439166851,-0.5186045765475775,1.481166276775136,-0.934009098081864,-1.0753872293671909
10.0,142.0,1000.0244750976562,-4.244088779691664,-2.952580597982755,-1.964057750245631,0.6894557720136856,-1.3016991037114134,4.827127830010316,-0.5186110592542805,1.4811669347781828,-0.9340504731282212,-1.0753681715030403
10.0,142.0,1000.0242309570312,-4.244120256439997,-2.952469854802286,-1.9640517158137325,0.6893880278384987,-1.3018718193148326,4.827263892663151,-0.5186047561467175,1.4811763585819566,-0.9339591262758836,-1.075400381228404
10.0,142.0,1000.0244750976562,-4.244115744044235,-2.952493443491169,-1.964053325083973,0.6894030066811654,-1.3018313147198972,4.827234279895054,-0.5186068181885215,1.4811768512044532,-0.9339816272117832,-1.0753883029089364
10.0,142.0,1000.0244750976562,-4.244106172118586,-2.952535557519194,-1.964053948326552,0.6894302433061847,-1.301773463410103,4.827185069273941,-0.5186080234809269,1.4811736197712548,-0.9340132171852424,-1.0753788044113612
10.0,142.0,1000.0245361328124,-4.244113629066275,-2.952505766560245,-1.9640487046983872,0.6894130147013176,-1.301807194675095,4.827220569863224,-0.5186106243875157,1.4811831374920628,-0.9339959576976122,-1.075379936716319
10.0,142.0,1000.0244750976562,-4.244100443344384,-2.9525498287394942,-1.9640629229830164,0.6894310996205908,-1.3017660113328071,4.8271672714786735,-0.5186066565730787,1.4811607042906267,-0.9340166026267092,-1.075387003173586
10.0,142.0,1000.0245361328124,-4.244109855948627,-2.9525072211329144,-1.964049808838268,0.6894167771759294,-1.3018028463311748,4.827217484388255,-0.5186070101589886,1.4811789301557745,-0.9339949562599,-1.0753832636165188
10.0,142.0,1000.024658203125,-4.244111196263796,-2.952513050533629,-1.9640581863647568,0.6894102489029237,-1.3018192081008158,4.827213397681515,-0.5186053374489239,1.4811676107194014,-0.933985460401134,-1.0753957174050297
10.0,142.0,1000.0245971679688,-4.244080577966465,-2.9526076739968468,-1.9640728810071977,0.6894596771685961,-1.3016965294691047,4.827094707394474,-0.518611338492561,1.4811505387588468,-0.9340518816346596,-1.0753830182344668
10.0,142.0,1000.0242309570312,-4.244105436390916,-2.9525268309808657,-1.964051807398122,0.6894285594373395,-1.3017765445397522,4.8271960336831565,-0.5186053678520084,1.4811771638999875,-0.9340076212880684,-1.0753782457519696
10.0,142.0,1000.0245361328124,-4.244126259109028,-2.9524678899156487,-1.9640446378354608,0.6893936732868635,-1.3018714050560305,4.827266856650077,-0.518604611370705,1.481186069182315,-0.9339642311147678,-1.075393896829531
10.0,142.0,1000.024658203125,-4.244124010449657,-2.952486571894032,-1.9640464612296005,0.6894081150348175,-1.3018256464172322,4.827246170264749,-0.5186030635083396,1.4811881273836196,-0.9339803965988,-1.0753784796936023
10.0,142.0,1000.024658203125,-4.2441240918207015,-2.9524757687685006,-1.9640504564500585,0.6893929193879114,-1.3018648158424373,4.827256838078432,-0.5186013122183821,1.481177767031884,-0.9339661337826204,-1.0753972803928864
10.0,142.0,1000.0245361328124,-4.244103404596267,-2.9525438047214254,-1.9640511509258007,0.6894440811967897,-1.3017490168123484,4.827175218829392,-0.51860732790837,1.4811792475633003,-0.9340258834151588,-1.075368316532146
10.0,142.0,1000.0245971679688,-4.244110834555364,-2.9525171875504617,-1.9640549005239825,0.6894156963435929,-1.3018041653288104,4.827205805560988,-0.5186042271472688,1.4811716917963853,-0.9339948119248822,-1.0753890534368509
10.0,142.0,1000.0245361328124,-4.244114847464767,-2.952482070746247,-1.9640431648164445,0.6894034021227533,-1.3018307014789396,4.82724892186252,-0.5186088330137277,1.4811909332359532,-0.9339817922019852,-1.0753808373577698
10.0,142.0,1000.0245361328124,-4.244103560399312,-2.952532970362998,-1.9640504877504523,0.6894304561517748,-1.3017630846891,4.827186360070343,-0.5186102461031981,1.481176419070465,-0.9340186838490112,-1.0753724972177716
10.0,142.0,1000.0242309570312,-4.2441226690419285,-2.9524794478737832,-1.9640519547570507,0.6893940567797685,-1.3018649429410378,4.82725371870812,-0.5186045650421232,1.48117788638526,-0.9339684828318716,-1.0753974935676751
10.0,142.0,1000.0245361328124,-4.244108482313231,-2.9525127600628807,-1.9640594317542883,0.6894147815074145,-1.3018124702674865,4.827211457492556,-0.518602631825809,1.4811672403744316,-0.9339883800552248,-1.0753941168775345
10.0,142.0,1000.0245971679688,-4.244100229425058,-2.952523276634271,-1.9640543140914144,0.6894220196504186,-1.3017813600592811,4.827196448066299,-0.5186077439136163,1.4811735465496492,-0.9340065275000428,-1.075382616918616
10.0,142.0,1000.0245361328124,-4.244097821467633,-2.95253469966436,-1.964057636405255,0.6894267178382796,-1.3017776773360494,4.827183274545391,-0.5186070277344808,1.4811663947971692,-0.9340075858431424,-1.07538828322589
10.0,142.0,1000.0243530273438,-4.244123195821954,-2.952475119231193,-1.9640504528616072,0.6893970729832777,-1.3018602575799938,4.8272566246468696,-0.51860285735515,1.4811811960991053,-0.93396641964089,-1.0753928503833392
10.0,142.0,1000.0244750976562,-4.244105727646655,-2.952527028064975,-1.9640570925284613,0.6894209983471642,-1.3017899806525175,4.827193826005768,-0.5186083362132337,1.4811695329707986,-0.9340036179422312,-1.075384983599565
10.0,142.0,1000.0242919921876,-4.2440939731369625,-2.952563455703752,-1.964055138335848,0.6894485501218028,-1.3017262609567588,4.827147800442308,-0.5186093215745098,1.4811680531154048,-0.9340404975818792,-1.075371517759407
10.0,142.0,1000.0245971679688,-4.244119859959795,-2.952498561791133,-1.964047632059473,0.6894138294823424,-1.3018135859691111,4.827232800902173,-0.518603663100869,1.481182175098339,-0.933991708395415,-1.0753790657486113
10.0,142.0,1000.0245361328124,-4.244105655773669,-2.952534976959971,-1.9640577187427648,0.689422892714969,-1.30177786672116,4.827184459553534,-0.5186070641853906,1.4811665936879423,-0.9340098066206872,-1.0753845786154228
10.0,143.0,1000.0244140625,-4.244118831657058,-2.9524861594866514,-1.9640594594180043,0.6893922179662866,-1.3018644926593703,4.827243004555704,-0.518603915636124,1.4811654706001107,-0.933965138105492,-1.075405946695212
10.0,143.0,1000.0244750976562,-4.244111628154207,-2.9525130733009552,-1.9640622695674808,0.689409772546763,-1.3018317117608724,4.827212673817357,-0.5186029150595948,1.481162315550569,-0.9339815549507876,-1.0754023603499163
10.0,143.0,1000.024169921875,-4.244103113419953,-2.952544425027216,-1.9640592087107671,0.6894304082623126,-1.3017737647416388,4.82717245244133,-0.5186062661072697,1.4811643991858483,-0.9340140005408069,-1.0753868820873684
10.0,143.0,1000.0244750976562,-4.2441165667089935,-2.952495856158725,-1.9640555498774188,0.689398889000147,-1.301851250231325,4.827233383252089,-0.5186043906318636,1.481169762523451,-0.9339748890114584,-1.0754020425408486
10.0,143.0,1000.0245361328124,-4.244132736615668,-2.952445234062342,-1.964046154336896,0.6893766831892858,-1.3019032955872318,4.827295768570698,-0.5186034756809876,1.4811867810985389,-0.9339444143393028,-1.0753975864401275
10.0,143.0,1000.0241088867188,-4.244115367128161,-2.9524996607011595,-1.964042777859035,0.6894145129036833,-1.301809679626456,4.827228927127347,-0.5186090108663537,1.4811879614019707,-0.9339956239723356,-1.0753760616717043
10.0,143.0,1000.0245361328124,-4.244104924452086,-2.952534674847953,-1.9640557741416795,0.6894281013811456,-1.3017751055942737,4.8271853645287415,-0.5186068808009185,1.4811699907959248,-0.9340132404921322,-1.075381691683254
10.0,143.0,1000.0244750976562,-4.24410547820209,-2.9525135157809714,-1.964053370455281,0.6894176475599423,-1.3017976573183487,4.827211308845445,-0.5186064089178997,1.4811746701402662,-0.9339949976349606,-1.075384591202917
10.0,143.0,1000.0243530273438,-4.24410803537982,-2.952519693331972,-1.9640629481003435,0.6894139553322827,-1.301819728702288,4.827202157010056,-0.5186038342286237,1.4811621626199685,-0.9339898244458676,-1.0754001898290415
10.0,143.0,1000.0244140625,-4.2441167054845685,-2.952480750856343,-1.964052234173021,0.689396358009339,-1.301844582813473,4.827248839643218,-0.5186053325310374,1.4811773450045995,-0.9339711169304435,-1.075392204084809
10.0,143.0,1000.0245361328124,-4.244110693987996,-2.9524956329325263,-1.964047358945698,0.6894128152570005,-1.3018152035188135,4.827231452910239,-0.5186068225477012,1.4811835639676687,-0.9339876262536712,-1.0753834493683594
10.0,143.0,1000.0245361328124,-4.244106910732902,-2.952512127965522,-1.9640488018352635,0.6894158753493382,-1.3017986709612437,4.827211798077398,-0.5186120827024201,1.4811817604321122,-0.9340036748378004,-1.075377984795005
10.0,143.0,1000.0245971679688,-4.244129412227081,-2.952467195657825,-1.9640470655689013,0.6893923102884445,-1.3018674287265783,4.827268965932644,-0.5186030415158989,1.4811843203420958,-0.9339638617851378,-1.0753880422946267
10.0,143.0,1000.0244750976562,-4.244114876985248,-2.9524991404192305,-1.9640510868166272,0.6894101840819946,-1.301824506242371,4.827228993539938,-0.5186047305824797,1.4811777998171314,-0.9339827490075736,-1.0753899545144332
10.0,143.0,1000.0244750976562,-4.244108398162269,-2.952514010312484,-1.9640512272270845,0.6894200165072908,-1.3017955924511462,4.827209287777288,-0.5186084392313317,1.48117809914456,-0.934000042739016,-1.0753804604008268
10.0,143.0,1000.0244750976562,-4.244112597049905,-2.952506555995853,-1.964055820006616,0.6894110693235387,-1.30182206024147,4.82721857308111,-0.5186052861363235,1.48117096929645,-0.9339875738676922,-1.07539247156303
10.0,143.0,1000.0241088867188,-4.244114287083867,-2.9524823826417874,-1.9640506729079137,0.6893979261025454,-1.3018443380250675,4.827248713881591,-0.5186059937741341,1.4811797092225696,-0.9339726194462292,-1.0753925733852745
10.0,143.0,1000.0245361328124,-4.244108161318692,-2.952531084770083,-1.9640627898299368,0.6894223701749302,-1.3018002147155636,4.827189431805699,-0.5186031262409703,1.4811619261560658,-0.9339997290470814,-1.0753934094668374
10.0,143.0,1000.0245971679688,-4.244109726325298,-2.9525014642597465,-1.9640623547076383,0.6894027159619043,-1.3018384461241,4.827224047903234,-0.5186029274575414,1.4811624838192126,-0.9339756471434776,-1.0754023129717003
10.0,143.0,1000.0244750976562,-4.244111038167427,-2.9525018713262066,-1.9640538500733795,0.6894071220804765,-1.301825974467678,4.8272249042365,-0.5186064012873217,1.4811760116734725,-0.933984043331778,-1.0753920070232414
10.0,143.0,1000.0245971679688,-4.24410926101559,-2.9525062254332672,-1.964050683966243,0.6894122494300383,-1.3018141961844427,4.827216959283714,-0.5186093852276299,1.481177847131474,-0.9339961531782954,-1.0753853503578252
10.0,143.0,1000.0244750976562,-4.244114884621771,-2.9524988399100613,-1.964049670778852,0.6894063622324165,-1.3018290643271282,4.827227844820996,-0.5186071113902786,1.4811771743452828,-0.9339861843504292,-1.0753893564047918
10.0,143.0,1000.0244750976562,-4.244100184474487,-2.952520963492072,-1.9640530472531093,0.6894225672016505,-1.301781228763666,4.827200113385386,-0.518609390904488,1.4811767040538415,-0.93400466013723,-1.075380096153602
10.0,143.0,1000.0243530273438,-4.244121774088105,-2.9524847525410607,-1.964049418464548,0.6894006497036287,-1.3018453331834765,4.827247229188959,-0.5186045043349967,1.4811811497943728,-0.9339753790745348,-1.0753890320944608
10.0,143.0,1000.0243530273438,-4.244106388155226,-2.95250811797393,-1.964056036681709,0.6894108618596881,-1.3018172091214106,4.827217381947209,-0.518606541040489,1.48117195367914,-0.9339885418905354,-1.0753933202241717
10.0,143.0,1000.0244750976562,-4.244125407478004,-2.952466859588023,-1.9640503649199053,0.6893885767513916,-1.3018741819989414,4.827268502729819,-0.5186025950141078,1.4811794893052612,-0.9339586391413794,-1.0753978136965134
10.0,143.0,1000.0244750976562,-4.24409230329601,-2.952562955967637,-1.964062103469788,0.6894459433800879,-1.3017303362901131,4.827151300549209,-0.5186059290762994,1.481164682200399,-0.9340281993327072,-1.0753788704369676
10.0,143.0,1000.0245971679688,-4.244109567522589,-2.952506645041776,-1.964055341447024,0.6894097598512472,-1.301829172342479,4.827218715817658,-0.5186057865364262,1.4811695306095851,-0.9339869045480444,-1.0753966062019087
10.0,143.0,1000.0244140625,-4.244121871992799,-2.952495594140721,-1.9640486100590733,0.6894088346055138,-1.301834430334905,4.827232379423718,-0.5186040925348765,1.4811794289577058,-0.9339870519408836,-1.0753849948699323
10.0,143.0,1000.0244750976562,-4.244109841066456,-2.9525166130961105,-1.9640620258800685,0.689412679426459,-1.3018198045669849,4.827208718753406,-0.5186027153141755,1.4811643924585691,-0.9339856655525391,-1.0753991275784895
10.0,143.0,1000.0245971679688,-4.244108973510335,-2.952519383679079,-1.9640547355821256,0.6894217399079068,-1.3018010188041471,4.827205177117401,-0.5186056356363551,1.4811737761128043,-0.9339960721485072,-1.0753871057305564
10.0,143.0,1000.0244140625,-4.244111721371079,-2.952490997444917,-1.9640571600874384,0.6893963631341062,-1.3018496914467883,4.827237780198555,-0.5186067664885634,1.4811704468088358,-0.9339712506452812,-1.0754011191542483
10.0,143.0,1000.0245361328124,-4.244107848227687,-2.95250591316559,-1.96405695973667,0.6894084979488557,-1.3018262573888024,4.827220719288313,-0.5186060508227079,1.4811704419494731,-0.933983802905188,-1.0753961628118307
10.0,143.0,1000.0244140625,-4.2440956081835,-2.9525469931278283,-1.96405998223876,0.6894310603145417,-1.3017646503090403,4.827166943726999,-0.5186103862015177,1.481164351945977,-0.9340191085664956,-1.0753858603285131
10.0,143.0,1000.0242309570312,-4.244110229696107,-2.9525104185476985,-1.9640475153140395,0.6894204408060425,-1.301801946108951,4.827214124398262,-0.518605702429614,1.4811810400858398,-0.9339994255211534,-1.0753811828088726
10.0,143.0,1000.0244750976562,-4.244132427006467,-2.9524482567932497,-1.964045778344775,0.6893755487300606,-1.301909789949791,4.8272912730035085,-0.518604231786604,1.481183457467754,-0.9339456229328134,-1.0754022500632532
10.0,143.0,1000.0243530273438,-4.244117497058309,-2.9524919438983126,-1.964051499733666,0.6894029685090866,-1.3018442297865531,4.827237623755337,-0.5186033968032184,1.481173225173487,-0.9339791155030516,-1.0753940277240384
10.0,143.0,1000.024658203125,-4.24411197692926,-2.952510260283541,-1.9640523784107768,0.6894099625442589,-1.301818396799713,4.8272146515573375,-0.5186089979923807,1.4811747982992527,-0.9339929892560788,-1.0753889246542316
10.0,143.0,1000.0244140625,-4.244108178355324,-2.9525258193905417,-1.964047792588845,0.6894315787074596,-1.3017727060305946,4.827196185237831,-0.5186077527928976,1.4811839239993478,-0.9340127504007788,-1.0753712633239654
10.0,143.0,1000.0247192382812,-4.244114748941342,-2.95250772502678,-1.9640435818475348,0.6894177719267134,-1.3017997470224545,4.82721864689246,-0.5186109074380543,1.481186021892798,-0.93400479519004,-1.0753704908660304
10.0,143.0,1000.0245971679688,-4.244106691503468,-2.9525459408800474,-1.964053780086852,0.6894416065608553,-1.3017579560893529,4.827173859818164,-0.5186045987950489,1.4811767314237256,-0.9340212554830448,-1.075374365937447
10.0,143.0,1000.0244750976562,-4.244127801340952,-2.952449173143175,-1.9640533073986968,0.689375403699044,-1.3019098803934046,4.827289944421553,-0.5185994850886786,1.4811752206702735,-0.9339376448019774,-1.0754111727552362
10.0,143.0,1000.024169921875,-4.2441115942188805,-2.952504660799387,-1.964048857350508,0.6894123754440526,-1.3018119160903736,4.827221858320222,-0.5186084665573851,1.4811806587208007,-0.9339942725034344,-1.0753804974881325
10.0,143.0,1000.0245361328124,-4.244114405120444,-2.952512254345029,-1.9640523090916289,0.6894180277860045,-1.3018110391448845,4.827213032074919,-0.5186041686570846,1.4811744578034238,-0.933995226432244,-1.0753868658990011
10.0,143.0,1000.0243530273438,-4.244114436056358,-2.9524991634424445,-1.964048770373707,0.6894099937348805,-1.301817697722425,4.827228462162955,-0.5186065409575527,1.481181742734389,-0.9339883252400752,-1.075382853136836
10.0,143.0,1000.0244140625,-4.244105744926947,-2.952532304483328,-1.964059420899548,0.6894270675817458,-1.3017859908641185,4.827189304260299,-0.5186034746630606,1.4811667665704569,-0.9340019797818968,-1.0753912229949465
10.0,143.0,1000.0239868164062,-4.244104252960167,-2.9525208848858475,-1.9640561057912589,0.6894165345228362,-1.3017999813097083,4.82720164428334,-0.5186068312061334,1.4811686498663723,-0.9339999293992314,-1.075388503190565
10.0,143.0,1000.024658203125,-4.244121471007237,-2.952481619312347,-1.9640407717730817,0.689407048937241,-1.3018332984349938,4.827251963884539,-0.5186066909211249,1.4811928843508717,-0.9339839583568176,-1.0753757628478482
10.0,143.0,1000.0242919921876,-4.244109378966655,-2.9525023677325235,-1.964049088510544,0.6894140434206051,-1.301812118041238,4.827222738413257,-0.5186077216023826,1.4811817807830927,-0.933992822344826,-1.0753826153538224
10.0,143.0,1000.0245361328124,-4.244103318188378,-2.952520598086922,-1.9640571310949009,0.6894196770558372,-1.3018059731049068,4.8272016877584925,-0.5186047747924682,1.4811697000863164,-0.9339928921967316,-1.0753967331944063
10.0,144.0,1000.0245361328124,-4.244109345337479,-2.95251933878483,-1.9640517620012443,0.6894225762306743,-1.3018010430758853,4.827205902927627,-0.5186045910455581,1.4811746886140034,-0.9340014861835222,-1.0753850375813978
10.0,144.0,1000.0244750976562,-4.244113781619024,-2.95248761588019,-1.9640483649637384,0.6894000438485737,-1.3018457721846213,4.827240003798549,-0.5186083984612235,1.481179771916686,-0.93398127882545,-1.075391670813146
10.0,144.0,1000.0244750976562,-4.244110406621765,-2.9525151835811565,-1.9640533299045773,0.6894165403651531,-1.3018056592840557,4.827207842794801,-0.518606726841818,1.4811727512591846,-0.9339977337812008,-1.075385645290229
10.0,144.0,1000.0245361328124,-4.244108930043863,-2.952497569293425,-1.964050760758211,0.6894076476235895,-1.301825335794033,4.827227131275576,-0.5186080184115411,1.4811759245250204,-0.9339891267863596,-1.0753881441196826
10.0,144.0,1000.0244140625,-4.244104508953483,-2.952516611243268,-1.9640524509079067,0.6894190062383343,-1.3017915234441668,4.827205381399175,-0.5186085832298923,1.481176714818888,-0.9340018808325272,-1.0753812222040784
10.0,144.0,1000.0244140625,-4.2441139803108126,-2.9524919987906766,-1.964044369937856,0.6894124590663377,-1.301824013076866,4.82723548151032,-0.5186060572690829,1.4811869933678494,-0.9339886063984412,-1.0753814520706515
10.0,144.0,1000.0244750976562,-4.244110893986559,-2.9524997966935205,-1.9640588474234333,0.6894047329256416,-1.3018340703772022,4.827227889180218,-0.5186044248161279,1.4811690103963802,-0.9339779883708896,-1.0753967329829344
10.0,144.0,1000.0242309570312,-4.244106433272503,-2.952519647008314,-1.964057564764225,0.6894185730824898,-1.3018032713403875,4.827204176798107,-0.5186026455167019,1.4811668114044103,-0.933995441194134,-1.0753919313942624
10.0,144.0,1000.0244140625,-4.2441136960697445,-2.952514213367018,-1.9640477917900463,0.6894235720772981,-1.3017941623336893,4.827210396945199,-0.5186058800678257,1.48118318801981,-0.9340040144385496,-1.0753774405669962
10.0,144.0,1000.0245971679688,-4.244114955143438,-2.952497826789706,-1.9640482951042595,0.6894103507782612,-1.3018200334067211,4.827231714773493,-0.5186052626493236,1.4811813591147969,-0.9339879730672952,-1.075383084814142
10.0,144.0,1000.0245361328124,-4.244118682505053,-2.9524803158927537,-1.9640488550647583,0.6893984012202905,-1.3018510495459852,4.827251536860233,-0.5186033039206004,1.4811800170602876,-0.9339692212159304,-1.075394430706218
10.0,144.0,1000.024169921875,-4.244118183808791,-2.952488408594996,-1.9640482036155325,0.6894039573733499,-1.3018368820437698,4.827241969847124,-0.5186062482893288,1.4811824060745025,-0.9339805709266562,-1.0753859843241511
10.0,144.0,1000.0242919921876,-4.244109884146434,-2.9524980426305385,-1.9640585092502656,0.6893988549342893,-1.3018419603698788,4.827229440514127,-0.5186052767772562,1.481166616149988,-0.9339757597387432,-1.0754029388428057
10.0,144.0,1000.0242309570312,-4.244114704060906,-2.95250618988006,-1.964054661418208,0.6894083928271986,-1.3018303872211137,4.827219415160286,-0.5186062186183218,1.4811705765184966,-0.9339867309299956,-1.0753938786747783
10.0,144.0,1000.0244750976562,-4.244107802704713,-2.952502949885667,-1.9640547180012715,0.6894067278373486,-1.301819659201342,4.827222764215266,-0.518606925725341,1.481171791169361,-0.9339871979326366,-1.075391153460204
10.0,144.0,1000.024658203125,-4.244116103580692,-2.952473468775799,-1.9640485932593164,0.6893915861221469,-1.3018626952297545,4.827260115944162,-0.5186051213283349,1.4811793425175352,-0.9339665555051502,-1.0753965214341408
10.0,144.0,1000.0245361328124,-4.244109190183471,-2.9525094071145577,-1.964053258973999,0.6894147553030461,-1.301806176385778,4.827215121499851,-0.5186051663820335,1.481175500456291,-0.933992987897076,-1.0753858244275314
10.0,144.0,1000.0245361328124,-4.244102058665935,-2.952532738560088,-1.964051707354112,0.6894321480096108,-1.301771553500238,4.827187067236563,-0.518607070825289,1.481178376710453,-0.9340127337997028,-1.0753799472040164
10.0,144.0,1000.0244140625,-4.244115887979005,-2.952487591982296,-1.964049662560572,0.6893986258693685,-1.3018461320072436,4.827242594734486,-0.518605694303031,1.4811760950786308,-0.933977980817061,-1.0753934890270274
10.0,144.0,1000.0244750976562,-4.244106207706884,-2.9525266429211414,-1.9640564401603688,0.6894232434759706,-1.301790077491466,4.827196977887084,-0.5186039987904936,1.4811702402395568,-0.9340026656949992,-1.0753871231499708
10.0,144.0,1000.024169921875,-4.244092899394511,-2.9525595950631454,-1.9640652435079848,0.689436980181747,-1.3017565933955764,4.827154569201843,-0.5186063979182203,1.481157030314311,-0.9340210983961948,-1.0753906018416086
10.0,144.0,1000.0244140625,-4.244104770832538,-2.952523731126249,-1.9640505022357595,0.6894252456103667,-1.3017813156749285,4.827198463785383,-0.5186085653846408,1.4811778806479854,-0.934008815395587,-1.0753792743102606
10.0,144.0,1000.0245361328124,-4.244117811645735,-2.952486537038924,-1.9640543975360627,0.6894000439926007,-1.30184956318739,4.82724320573881,-0.5186047270776069,1.4811737674006895,-0.9339743531808232,-1.075393076264981
10.0,144.0,1000.0243530273438,-4.244109591172171,-2.952505079885589,-1.9640512215027712,0.6894116977740206,-1.3018203806483104,4.827220529615344,-0.5186053543022515,1.4811731769065872,-0.9339906428355924,-1.075390023307483
10.0,144.0,1000.0245361328124,-4.244093793927705,-2.952542316592072,-1.9640577070228,0.6894295198128138,-1.3017661027376797,4.827174478025565,-0.5186088958044675,1.4811664975228522,-0.9340158023017312,-1.0753860831329702
10.0,144.0,1000.0244750976562,-4.24409842559559,-2.9525434039802394,-1.9640589240292643,0.6894340359044158,-1.301763450973405,4.827173289411059,-0.5186061279199716,1.4811664537228308,-0.9340161419349888,-1.0753834201580412
10.0,144.0,1000.0245971679688,-4.244121068375873,-2.952476515204045,-1.964046286549048,0.6893970666350846,-1.3018434567247574,4.827255865396067,-0.5186072998205811,1.4811866618828624,-0.933973974049108,-1.0753834141153051
10.0,144.0,1000.0244140625,-4.244098381072586,-2.952531374610497,-1.964062890160223,0.6894203773438958,-1.3018024428446968,4.827185659913338,-0.5186067558061698,1.4811620742543798,-0.9340008019580566,-1.0753992531248118
10.0,144.0,1000.0243530273438,-4.244102311520163,-2.9525316872080527,-1.964059830981057,0.6894232531809692,-1.301787240933252,4.827188432301616,-0.5186060328308875,1.4811662775551433,-0.9340037025419728,-1.0753895605262946
10.0,144.0,1000.0245361328124,-4.244114410191341,-2.9524951132514814,-1.964047744269108,0.6894073872767637,-1.3018290051872388,4.827232108437151,-0.5186091676557094,1.4811826001661397,-0.9339867203706768,-1.0753853512290048
10.0,144.0,1000.0240478515624,-4.244105893310007,-2.9525171378197843,-1.964057597662634,0.6894157376851613,-1.3018047112407247,4.827207644112315,-0.5186053823216161,1.481170090806482,-0.9339931030216776,-1.0753912243506445
10.0,144.0,1000.0244750976562,-4.244116682559965,-2.9524885902444584,-1.964045677994324,0.6894068132948137,-1.301832712711417,4.8272414614733545,-0.5186061337506054,1.4811852298826702,-0.9339832099272734,-1.0753843256082325
10.0,144.0,1000.0245361328124,-4.24412067193644,-2.9524729881584824,-1.9640447343387104,0.6893940114228645,-1.3018593547410031,4.827259618664987,-0.5186079084364001,1.4811856062088244,-0.9339716236601792,-1.0753884610420594
10.0,144.0,1000.0245971679688,-4.244108488056218,-2.952514238575012,-1.9640489231369749,0.6894209516862269,-1.3017963911897534,4.827208154148261,-0.5186079062028117,1.4811814139903143,-0.9340017169684732,-1.0753803372774169
10.0,144.0,1000.0244750976562,-4.244112950765969,-2.952497899587117,-1.9640486303361813,0.6894098466883944,-1.3018185844190806,4.827230554168725,-0.5186071367038645,1.481179954103334,-0.9339898717440224,-1.0753823717656323
10.0,144.0,1000.0245971679688,-4.244116442161735,-2.952495137503928,-1.9640515971354373,0.6894062152900196,-1.3018374549761529,4.827233205705552,-0.518605445503109,1.4811769231706853,-0.9339810701602786,-1.075392088668857
10.0,144.0,1000.0243530273438,-4.244108254476386,-2.952507708508771,-1.964053964744904,0.6894105238649857,-1.3018123096192564,4.8272164419517605,-0.5186085609474675,1.4811746036408726,-0.933993116175361,-1.0753870650673174
10.0,144.0,1000.0245971679688,-4.244117263162597,-2.952493135959777,-1.964045609362308,0.6894078566926742,-1.3018280718528326,4.827235894715741,-0.5186070930751887,1.48118244124018,-0.9339867179252774,-1.0753845678121916
10.0,144.0,1000.0245361328124,-4.24412424136534,-2.9524781617662827,-1.9640453187454283,0.6894016673988439,-1.301853569505862,4.827255389983229,-0.5186030905317303,1.48118541448492,-0.9339726723767274,-1.0753880705563157
10.0,144.0,1000.0242309570312,-4.244108082733158,-2.952517265514329,-1.9640513210633448,0.6894183343883808,-1.3017973430129457,4.827207192053532,-0.5186075682604159,1.4811759377985014,-0.9339998530028826,-1.0753833518138367
10.0,144.0,1000.0244750976562,-4.244115899085371,-2.9524996349025714,-1.964046314556432,0.6894114051647744,-1.3018191910287031,4.8272289762399865,-0.5186058466708428,1.4811824576844757,-0.9339916328365448,-1.075382801614425
10.0,144.0,1000.0244140625,-4.244108523452212,-2.9525136527635616,-1.964057955632838,0.689412183531271,-1.301816653407004,4.827211880068269,-0.5186054040310104,1.4811692239934295,-0.9339903297457628,-1.0753933279711752
10.0,144.0,1000.0244750976562,-4.244105578298723,-2.952529988068512,-1.9640585051336696,0.6894220630153471,-1.3017915384075525,4.82718993060436,-0.518604952183451,1.4811641090250047,-0.9340055604475586,-1.0753881618685184
10.0,144.0,1000.0244140625,-4.244098671160567,-2.952560446488181,-1.964055298149041,0.6894477773624423,-1.3017364801426052,4.827153204083626,-0.5186082730665289,1.4811714109008491,-0.934033488924813,-1.0753728788091037
10.0,144.0,1000.0245361328124,-4.244120601056386,-2.9524954900530505,-1.964048764783895,0.6894061686401791,-1.301827253033804,4.827234617354769,-0.5186059785749304,1.4811822035477151,-0.9339868004790466,-1.075384150490262
10.0,144.0,1000.0241088867188,-4.244118795439849,-2.9524811160832183,-1.9640498658137124,0.6893995374526449,-1.3018458469748424,4.82725272905488,-0.5186037598553597,1.48118163749547,-0.9339695715419049,-1.0753915602886497
10.0,144.0,1000.0245361328124,-4.244114841201412,-2.952497384711031,-1.964048778811676,0.6894097924408147,-1.3018184671939363,4.827231553992071,-0.5186065371165753,1.4811825692880711,-0.9339854195340748,-1.0753835872972268
10.0,144.0,1000.0244750976562,-4.244106481310219,-2.952520428290556,-1.9640531551335136,0.6894226124939751,-1.3017906510323112,4.827201690806541,-0.5186069632445554,1.4811751483324738,-0.9340018809949582,-1.0753828564042085
10.0,144.0,1000.0244140625,-4.244103435780714,-2.952522816393275,-1.9640501841969056,0.6894247085396712,-1.30178318198598,4.827198146672922,-0.5186086476181924,1.4811782736876251,-0.9340079024540352,-1.075380390904126
10.0,144.0,1000.0244750976562,-4.244105325848208,-2.9525334436678983,-1.9640509372506048,0.6894314942137827,-1.3017806295254402,4.827185923608308,-0.518606076670614,1.481173769044121,-0.9340125973018952,-1.075382472541242
10.0,145.0,1000.0245361328124,-4.24410586347217,-2.9525294737409884,-1.9640501673891428,0.6894310710970988,-1.3017656893438017,4.827195646375895,-0.5186051425657547,1.4811800915442743,-0.9340117955456472,-1.0753735272581362
10.0,145.0,1000.024169921875,-4.244120739517988,-2.9524747938485163,-1.96404724411536,0.6893935630611665,-1.3018555046759612,4.827258436675045,-0.5186065239826227,1.481182600074337,-0.9339708880456464,-1.0753904943708816
10.0,145.0,1000.0243530273438,-4.244103845694353,-2.952535177225476,-1.9640611002742032,0.6894245607308092,-1.3017944839882922,4.827185057137447,-0.5186032512177521,1.481160943482971,-0.934003106071784,-1.0753943738304637
10.0,145.0,1000.0245971679688,-4.244107697183242,-2.9525254907754057,-1.964049836362593,0.6894263370836491,-1.301786329063328,4.827197066654245,-0.5186064492977964,1.481176230597829,-0.9340082987221584,-1.0753814245906446
10.0,145.0,1000.0245361328124,-4.244102002820229,-2.9525390451434563,-1.964053972658392,0.6894336667281262,-1.3017652017594843,4.8271796119823485,-0.5186056198997617,1.481171518965266,-0.9340193573237708,-1.075378088127204
10.0,145.0,1000.0245971679688,-4.244115344541327,-2.9524982900154915,-1.9640448915073,0.689413222063533,-1.301813042793702,4.827230225054231,-0.5186082645908199,1.4811850735399137,-0.9339933351538684,-1.0753760809948707
10.0,145.0,1000.0244750976562,-4.244101190209396,-2.952537629458726,-1.964058458605642,0.6894292023018576,-1.3017764984859117,4.827181555093167,-0.5186060706853262,1.481166612489715,-0.9340107312471178,-1.0753849103825703
10.0,145.0,1000.0242919921876,-4.244117839690583,-2.9524936023281363,-1.9640458166715176,0.689408107360312,-1.3018273879489213,4.827236309173799,-0.5186067024818417,1.481184912363107,-0.9339870242832964,-1.075383351446582
10.0,145.0,1000.0244140625,-4.244121471527192,-2.9524720176135704,-1.9640511672402607,0.6893901689231887,-1.3018705957807335,4.82726192899788,-0.5186036636514944,1.481179110111598,-0.933961374326656,-1.0753991058940944
10.0,145.0,1000.0241088867188,-4.244113416220396,-2.952509011211452,-1.964051479018246,0.689414149698246,-1.3018143464422511,4.827216636238759,-0.5186065021978461,1.4811770661036094,-0.9339942656748388,-1.075385300683494
10.0,145.0,1000.0245971679688,-4.2441180618149845,-2.952486799345584,-1.9640532332703629,0.6893991944281188,-1.301846528680564,4.82724239563486,-0.5186037779969821,1.4811743302036993,-0.9339740365805468,-1.075395380839523
10.0,145.0,1000.0243530273438,-4.24410854940378,-2.952507398981244,-1.9640562057905104,0.6894100048924781,-1.3018231838272336,4.82721753965307,-0.5186047477773545,1.4811703566735313,-0.9339872009955484,-1.0753942276159183
10.0,145.0,1000.0245361328124,-4.244098561130045,-2.9525370733641148,-1.964064334291804,0.6894219484592137,-1.3017963067671534,4.827181997779565,-0.5186044679603397,1.4811572498720391,-0.934001142503588,-1.0753985664140933
10.0,145.0,1000.0244750976562,-4.244109281924077,-2.952507136558263,-1.964050432086815,0.6894137006983359,-1.3018096321708943,4.827217598544685,-0.5186076951839151,1.481177333807696,-0.9339943622459632,-1.07538478184048
10.0,145.0,1000.0242309570312,-4.244112907860767,-2.9524912905153244,-1.964048214941524,0.6894036103495651,-1.3018309757552688,4.827237341247301,-0.5186072001973248,1.4811813254981736,-0.93398434340917,-1.075386717505118
10.0,145.0,1000.0242919921876,-4.24411661501737,-2.9524972461010948,-1.9640499843944563,0.6894100744028906,-1.3018275558604082,4.8272317520262895,-0.5186041352368358,1.4811796503106116,-0.933984496736434,-1.075388142548282
10.0,145.0,1000.0245361328124,-4.244105065883202,-2.952531980845344,-1.9640572504985536,0.6894251868212056,-1.3017834387379428,4.827188564947882,-0.5186068003112148,1.4811695025456617,-0.9340062799701075,-1.0753849866853615
10.0,145.0,1000.0242309570312,-4.244110569905198,-2.9524974888430564,-1.964054294881724,0.6894051742513829,-1.301831306307602,4.827230093035006,-0.5186054279573611,1.4811735630647913,-0.933981103251905,-1.0753936217895648
10.0,145.0,1000.02392578125,-4.244109455576982,-2.9525093266830824,-1.9640519774749747,0.6894131344674967,-1.3018104145880869,4.8272154125748745,-0.5186083156533972,1.4811753563392234,-0.9339943223588518,-1.075386798613211
10.0,145.0,1000.0244750976562,-4.244110370589588,-2.952482336287576,-1.9640544222738976,0.6893935102269495,-1.3018562643219371,4.827247898571187,-0.518604996099036,1.4811709847161572,-0.9339672414527866,-1.0754021633040716
10.0,145.0,1000.0242309570312,-4.244114907847726,-2.95248664180984,-1.9640532071347128,0.6893978301692467,-1.301851670130803,4.827243522138897,-0.5186049018103152,1.4811741364903046,-0.933972605075506,-1.0753983840098336
10.0,145.0,1000.0242919921876,-4.244114918826039,-2.952485347457108,-1.964045713261544,0.6894021576188782,-1.3018373738580706,4.827244049297793,-0.5186078232105604,1.4811839152103137,-0.933980640467885,-1.075386479663956
10.0,145.0,1000.0244750976562,-4.244112677701997,-2.952501231500892,-1.9640531640302168,0.6894079264374922,-1.3018273880984887,4.827226542531429,-0.518605493942788,1.481175704203757,-0.9339827305820032,-1.0753924065621194
10.0,145.0,1000.0244140625,-4.2441054235838696,-2.952523452366949,-1.9640589038949123,0.6894176512313344,-1.301801984057441,4.827200389815783,-0.5186053092122282,1.4811661790682802,-0.9339974827246698,-1.0753922836765968
10.0,145.0,1000.0240478515624,-4.244107542784236,-2.9525117919851875,-1.9640548622957723,0.6894132899685932,-1.3018120002571738,4.827212100310501,-0.5186071018879748,1.481173024836112,-0.9339944826709088,-1.0753881426722014
10.0,145.0,1000.0245361328124,-4.244116308480398,-2.9524810479750183,-1.9640498412050955,0.6893969604950776,-1.3018476249400268,4.827250067469347,-0.5186072238179404,1.4811808201867749,-0.9339718590263386,-1.0753932254408287
10.0,145.0,1000.0243530273438,-4.244108574260284,-2.952512845630846,-1.9640562167143287,0.6894120498819625,-1.3018163343145108,4.827211155135752,-0.5186047909036802,1.481168120798478,-0.933991903072192,-1.075393125185431
10.0,145.0,1000.0244750976562,-4.244097007269329,-2.952548764466,-1.9640600564130524,0.6894343566318835,-1.3017572394796266,4.827168941092818,-0.5186059055328123,1.4811635475706382,-0.9340179173490676,-1.0753841523602796
10.0,145.0,1000.024658203125,-4.244113292972246,-2.952496167466893,-1.9640427668571545,0.6894143065369454,-1.3018032025165809,4.827232714403827,-0.518607822326917,1.4811896629797463,-0.9339955907631756,-1.0753725497304845
10.0,145.0,1000.0245361328124,-4.244108561735443,-2.952526430883668,-1.9640527758727555,0.6894247320415996,-1.3017976083931069,4.827195352618215,-0.5186052143595736,1.48117142272116,-0.934005573661956,-1.0753880242936351
10.0,145.0,1000.0242919921876,-4.244109913244503,-2.952506826531762,-1.964056783610177,0.689409527317693,-1.3018296869049455,4.827219464384045,-0.5186032791066335,1.481169135436069,-0.933983086614104,-1.0753979528810436
10.0,145.0,1000.0244750976562,-4.2441005373077365,-2.9525429257378226,-1.964055247350779,0.6894320054193761,-1.3017600408891674,4.827176001093234,-0.5186073949929684,1.4811700922237865,-0.9340187424650974,-1.0753778030436405
10.0,145.0,1000.0245361328124,-4.244110230451548,-2.952504735504045,-1.964052541253403,0.6894126125899191,-1.3018187768252276,4.827221953579613,-0.5186051048166345,1.4811763186660605,-0.9339888595776352,-1.0753898280679914
10.0,145.0,1000.0245971679688,-4.244107617816926,-2.9525140833700507,-1.9640580975593875,0.6894134391965814,-1.301820783232647,4.827208565283097,-0.5186058868886558,1.4811669775672005,-0.9339899156084944,-1.075397740913501
10.0,145.0,1000.0242919921876,-4.244094313956866,-2.9525551318010805,-1.9640657718596195,0.6894325200800804,-1.3017697501416787,4.827160074188205,-0.5186054374182154,1.4811540626013722,-0.9340154112781844,-1.075394527604849
10.0,145.0,1000.0245361328124,-4.244104249941896,-2.952529054484308,-1.9640552804536204,0.6894272905802836,-1.3017781062262217,4.827191637939954,-0.5186072921715885,1.4811741780255303,-0.9340056830146136,-1.0753827499281077
10.0,145.0,1000.0244750976562,-4.244120776996168,-2.952475772211704,-1.964052726144283,0.6893907648383752,-1.3018684792436503,4.827258763517866,-0.5186048864565818,1.481176104499033,-0.9339622070051714,-1.075398617182465
10.0,145.0,1000.0244750976562,-4.244108748769027,-2.952509704505893,-1.964062145474741,0.6894054966010206,-1.3018291791125076,4.827217790256121,-0.5186032758756767,1.4811627414468287,-0.9339813998244813,-1.0754021537938343
10.0,145.0,1000.0242919921876,-4.244104510600502,-2.952535176013553,-1.964051767825095,0.6894326961234087,-1.3017675480202784,4.827186557863147,-0.5186068192969575,1.4811769679271798,-0.9340158834306472,-1.0753771295649237
10.0,145.0,1000.0245971679688,-4.244114729268352,-2.952503464621941,-1.9640537451597808,0.6894088954934885,-1.3018267082040795,4.827223122970034,-0.5186040156625484,1.4811719792040376,-0.93398528709442,-1.07539256349635
10.0,145.0,1000.0245971679688,-4.244112479396238,-2.952495267356276,-1.9640589236320127,0.6894004669257106,-1.3018439410375042,4.827232580681326,-0.5186038319782629,1.4811673801554823,-0.9339737804244148,-1.0754001649430611
10.0,145.0,1000.0245971679688,-4.244107647340185,-2.952526310760896,-1.964056317720067,0.6894210602643289,-1.3017987826405992,4.827196702090152,-0.5186040881051275,1.4811656641691613,-0.9340004435127832,-1.0753902604902703
10.0,145.0,1000.0244140625,-4.244118159667502,-2.9524906855584327,-1.9640494607172376,0.6894034062814622,-1.301840288260042,4.827238359799763,-0.5186051329907286,1.4811783210159175,-0.9339803809149316,-1.0753895626108871
10.0,145.0,1000.0245361328124,-4.24411527299776,-2.952490290812126,-1.964051858275389,0.689403108968131,-1.301838582853155,4.827239422068159,-0.5186055627730104,1.481178773854977,-0.9339774961468904,-1.0753912752690815
10.0,145.0,1000.0245361328124,-4.244114420464016,-2.952494501424371,-1.9640501696379824,0.6894051434152937,-1.3018345978220536,4.827236637694728,-0.5186054381116696,1.4811792655041085,-0.9339821042643096,-1.0753910861602534
10.0,145.0,1000.0245971679688,-4.244103121271788,-2.952523410767785,-1.964051684003244,0.6894232120052717,-1.3017835517466687,4.827199587814306,-0.5186063328247865,1.481175441383388,-0.9340063039084754,-1.0753809074863856
10.0,145.0,1000.0245971679688,-4.244117187373314,-2.952475454745507,-1.964048117247739,0.6893962857399059,-1.3018475502709004,4.827258757290709,-0.5186055742982099,1.4811836945812304,-0.9339711270315556,-1.0753879830742847
10.0,145.0,1000.0245361328124,-4.244113634293151,-2.952493422599715,-1.9640543048812635,0.6894031273700225,-1.301835124544085,4.827237151406816,-0.5186041660133416,1.481174047209186,-0.9339774601462816,-1.0753924976528717
10.0,145.0,1000.0241088867188,-4.244110260975979,-2.952513672069441,-1.964049138271628,0.6894195277823005,-1.301796506843142,4.827211446126439,-0.5186076915722531,1.4811801478515978,-0.9340004125982276,-1.0753790458436965
10.0,145.0,1000.0244750976562,-4.244103923347172,-2.9525223044939533,-1.964052175344127,0.6894250095674206,-1.3017866731674803,4.82720062355625,-0.5186068235830223,1.481176072825824,-0.9340039220152248,-1.0753819709151062
10.0,146.0,1000.0245361328124,-4.244110906177086,-2.952517471906791,-1.964054824563659,0.6894183330978576,-1.3018071885421287,4.827206737651515,-0.5186059483997338,1.4811727604214973,-0.9339957039228136,-1.0753879438937064
10.0,146.0,1000.0243530273438,-4.244113566577594,-2.952495255523478,-1.9640494024664,0.6894097125174934,-1.301824548642457,4.827234151796626,-0.5186041080635997,1.4811813108722678,-0.9339822290581328,-1.0753872019499084
10.0,146.0,1000.0244750976562,-4.244113269089532,-2.952489406577901,-1.9640560576114543,0.6893970007128551,-1.3018493802806017,4.827241457214232,-0.5186043131359286,1.4811711745719949,-0.9339710431946742,-1.0754011495525877
10.0,146.0,1000.0245361328124,-4.244113306174172,-2.95250231711588,-1.964048484274944,0.6894124883098272,-1.301820888375839,4.827223312347099,-0.5186065637838411,1.4811793733548893,-0.9339919779592308,-1.0753852115756803
10.0,146.0,1000.0243530273438,-4.24411989187035,-2.9524859580150853,-1.9640547744258496,0.689397590515358,-1.3018553415983831,4.8272467429964205,-0.5186029625307533,1.4811734363176203,-0.9339683241561332,-1.0753988279076676
10.0,146.0,1000.0243530273438,-4.244111841543366,-2.952502312961685,-1.964053850577145,0.6894089756719861,-1.301821443602316,4.827224047973521,-0.518606017098608,1.4811746642613135,-0.9339866733986408,-1.0753902286837809
10.0,146.0,1000.0244750976562,-4.244098668653134,-2.9525419425451145,-1.964050877867333,0.6894359317512331,-1.3017530860829756,4.827176964639101,-0.5186089829384963,1.4811745038289867,-0.9340248287915474,-1.0753727959764818
10.0,146.0,1000.0245361328124,-4.244106484933261,-2.952528712157445,-1.964050441585172,0.689428105962488,-1.3017784432721924,4.8271937846998245,-0.5186062577305375,1.4811756307031525,-0.934011207745427,-1.0753779713222689
10.0,146.0,1000.0242919921876,-4.244117649180919,-2.9524813931436507,-1.964053320660456,0.6893941632671785,-1.3018588065442116,4.827249457010645,-0.5186051559479274,1.4811742314866647,-0.9339689164924464,-1.075399159476821
10.0,146.0,1000.0242309570312,-4.244113132732968,-2.9524938602618027,-1.9640512247177275,0.6894031474856437,-1.3018342177902649,4.8272338456669175,-0.5186077609922517,1.481177055065363,-0.9339818106298684,-1.075392000930787
10.0,146.0,1000.0245361328124,-4.244100815969222,-2.952545168433409,-1.96405546962244,0.6894334534921578,-1.3017657664930535,4.8271731120455375,-0.5186071771145508,1.4811687981857036,-0.93402149843285,-1.075381023122426
10.0,146.0,1000.0242309570312,-4.244116693023211,-2.9524973552286733,-1.964055805471527,0.6894035750880061,-1.3018424999684963,4.827231653239309,-0.5186037323227284,1.4811715830183303,-0.9339778144304444,-1.0753959406288098
10.0,146.0,1000.0242309570312,-4.244108939629335,-2.952514967713891,-1.9640557478247205,0.6894131097177905,-1.301812621290968,4.8272085341262,-0.5186067860922883,1.4811705801636688,-0.933994597484416,-1.0753912556714955
10.0,146.0,1000.0245971679688,-4.244120557322033,-2.9524790500605897,-1.9640502173084264,0.6893953844249623,-1.3018567723674486,4.827252685227185,-0.5186047072599145,1.4811772251729582,-0.9339697191005164,-1.07539444136997
10.0,146.0,1000.0244750976562,-4.244104971956991,-2.952524308197136,-1.964051025659038,0.6894227683465468,-1.3017921101559002,4.827195823798128,-0.5186091954419316,1.481174889294011,-0.9340093261563522,-1.0753820288409743
10.0,146.0,1000.0243530273438,-4.244105115517511,-2.952533942593838,-1.964053310496937,0.6894289253232486,-1.3017789803179154,4.827186508416968,-0.5186071534106231,1.4811722532625478,-0.93401334208869,-1.0753815864849776
10.0,146.0,1000.0242919921876,-4.244115966295187,-2.952500986301428,-1.964045286251188,0.6894129896599965,-1.3018072164049386,4.827226860510343,-0.5186082314131397,1.4811860575878546,-0.933996085600497,-1.0753759299067749
10.0,146.0,1000.0244140625,-4.244107105329241,-2.952514135271844,-1.9640613159306888,0.6894094789629683,-1.3018198915946204,4.827209877972639,-0.5186049558776089,1.4811647448927712,-0.9339870982301096,-1.0753979139180614
10.0,146.0,1000.0243530273438,-4.244106108713589,-2.952522681359107,-1.964051300169257,0.689424053290506,-1.3017883696114805,4.827201284019038,-0.5186068114229716,1.4811764190355774,-0.934004017485316,-1.0753820370615657
10.0,146.0,1000.0245361328124,-4.24410235785558,-2.952537509180731,-1.9640568342894824,0.6894287892844098,-1.3017797742054888,4.827182772835338,-0.5186062579160886,1.481169929940136,-0.9340113061219116,-1.075385185859481
10.0,146.0,1000.0243530273438,-4.244112792910537,-2.9525000811721527,-1.9640517968592133,0.6894061235688467,-1.301826071490927,4.827226390096833,-0.5186084265963578,1.481176561966489,-0.9339885098449754,-1.0753885327310515
10.0,146.0,1000.0245361328124,-4.244113597141593,-2.9525057986210586,-1.964051118177287,0.6894139232317,-1.3018121902281825,4.827220258621438,-0.518605479315009,1.4811773792854357,-0.933992780359204,-1.075383806046638
10.0,146.0,1000.0242309570312,-4.24410586705615,-2.9525161587437854,-1.9640557822713487,0.6894160044746913,-1.301806937312162,4.82720924096752,-0.5186052206859575,1.4811712181182006,-0.9339935620905796,-1.075390966993972
10.0,146.0,1000.0244140625,-4.244113638810681,-2.952500717080993,-1.9640496201020976,0.6894076504946689,-1.3018270279966426,4.827226275471173,-0.5186094375544013,1.4811785973102565,-0.9339903221424324,-1.0753875146415686
10.0,146.0,1000.0245361328124,-4.244102439171621,-2.952536308829515,-1.9640580698053407,0.6894271944558961,-1.3017844684700417,4.827181793807574,-0.5186070967786378,1.481167501406456,-0.934008676220116,-1.075388992769637
10.0,146.0,1000.0242309570312,-4.244104177002907,-2.9525338481819987,-1.9640502997442404,0.6894329326566631,-1.3017681741140303,4.827186542487047,-0.518607908315663,1.481177213514446,-0.9340163638571202,-1.0753755294750404
10.0,146.0,1000.0243530273438,-4.244118406261286,-2.952492020818471,-1.964049631586476,0.6894053193058465,-1.3018323765388566,4.827239313651878,-0.5186056909960044,1.4811814541660595,-0.9339803530748024,-1.0753863634591427
10.0,146.0,1000.0244750976562,-4.2441280014021,-2.952460973632106,-1.9640440625441995,0.6893899648501645,-1.3018790692632138,4.82727783683665,-0.5186035286957829,1.4811883359350473,-0.9339599243901446,-1.0753924414624234
10.0,146.0,1000.0244750976562,-4.244121455391927,-2.952475055041217,-1.964042014734728,0.689401150460867,-1.301841757872226,4.827258756649593,-0.5186057210427633,1.4811904733506411,-0.933976731572982,-1.0753812801332572
10.0,146.0,1000.0244750976562,-4.244100387152552,-2.952541020738338,-1.9640530595593493,0.6894354771212239,-1.3017571620048909,4.827176959441093,-0.5186096200624561,1.4811760882307985,-0.9340202263084284,-1.075374656583859
10.0,146.0,1000.0243530273438,-4.244108428827817,-2.952519114297843,-1.9640511935892984,0.6894211216205957,-1.3017963975031188,4.827203301570854,-0.5186085703933481,1.4811761975548592,-0.9340044868059668,-1.0753808682651194
10.0,146.0,1000.0238037109376,-4.244102694712674,-2.952526112722367,-1.964057338162124,0.689419066775006,-1.3017956348592414,4.82719556765694,-0.5186074424523941,1.4811679050559017,-0.9340013257006214,-1.0753895644831897
10.0,146.0,1000.0241088867188,-4.244108317220073,-2.952510252062224,-1.9640489202818912,0.6894161249119293,-1.3018027747408718,4.827214357265309,-0.5186085757293908,1.4811792797809042,-0.9339990091325924,-1.0753819245562104
10.0,146.0,1000.0244140625,-4.244091180877608,-2.9525581798252287,-1.9640621973962968,0.6894382192061075,-1.3017485316905582,4.827155335614915,-0.5186088731899572,1.481160840099113,-0.9340261963179336,-1.075383998800175
10.0,146.0,1000.0242309570312,-4.244120680237393,-2.952473407593996,-1.964046712557992,0.68939285471878,-1.3018602265225248,4.827259879143373,-0.5186055963095191,1.4811822493276423,-0.9339704586308928,-1.075391229365969
10.0,146.0,1000.0243530273438,-4.2441283842777775,-2.95244366457373,-1.964052047937555,0.6893701118957205,-1.3019154906651351,4.827297343185618,-0.518600929751484,1.481176253654473,-0.9339373221810172,-1.0754089194880678
10.0,146.0,1000.0245361328124,-4.244114400843131,-2.9524955784372886,-1.9640519205457512,0.6894053565898428,-1.3018367214407012,4.827231272198755,-0.5186054652333381,1.4811752595427563,-0.933982972601684,-1.075392399811328
10.0,146.0,1000.0240478515624,-4.244108354859332,-2.95251970139043,-1.9640576224087416,0.6894161138251178,-1.3018043982249825,4.8272049972612265,-0.5186054732923484,1.4811684030703818,-0.9339951464700756,-1.0753900782004022
10.0,146.0,1000.0242309570312,-4.244112022242322,-2.952497476147716,-1.9640490882731363,0.6894075195195226,-1.301823199501536,4.827229811516592,-0.5186071774203924,1.4811799756305133,-0.933987071711578,-1.0753855616577814
10.0,146.0,1000.0244140625,-4.244117055265343,-2.9524816359238466,-1.964052673244379,0.6893957702102469,-1.3018575794748335,4.827249185380873,-0.5186044831233385,1.4811764724421472,-0.9339692804209044,-1.0753966373126822
10.0,146.0,1000.0244750976562,-4.244109161037724,-2.95249906086404,-1.9640593552984509,0.6894007698731217,-1.3018419004201616,4.827226674531996,-0.5186035303830865,1.481164685088716,-0.93397702427451,-1.0754024377320412
10.0,146.0,1000.0245971679688,-4.244105594531649,-2.9525273380974086,-1.964053701651012,0.6894233570036423,-1.3017915350864135,4.827193754312733,-0.5186081837932113,1.481172801314986,-0.9340063287784072,-1.075386373458317
10.0,146.0,1000.0242309570312,-4.244110061900955,-2.952505195928437,-1.964046145725656,0.6894151923441116,-1.301806106145718,4.827219896853546,-0.5186086180532659,1.4811834122527268,-0.9339977985428902,-1.075380449095344
10.0,146.0,1000.0243530273438,-4.244105173111117,-2.952521817066724,-1.964050253522864,0.6894260126684957,-1.3017846121083814,4.827201234078457,-0.5186055268541949,1.481177701225242,-0.934005483430898,-1.0753808190088474
10.0,146.0,1000.024169921875,-4.244108701302259,-2.9525081990523607,-1.964056133517607,0.6894098452400197,-1.301820494567103,4.827217376702803,-0.5186060175302192,1.481171677466229,-0.9339883836575726,-1.0753930184975276
10.0,146.0,1000.0244750976562,-4.244111966898883,-2.9525101214654685,-1.964059100677788,0.6894070944331361,-1.3018282611673977,4.827216184494997,-0.5186047357145238,1.4811670515586606,-0.9339841559949082,-1.0753982639007384
10.0,146.0,1000.024169921875,-4.244112179640018,-2.9524988793398284,-1.964050246140304,0.6894087516768321,-1.301819746607486,4.827229219809496,-0.5186057972101574,1.4811788236573769,-0.9339867195625632,-1.0753867806523163
10.0,146.0,1000.0245361328124,-4.244100458406509,-2.952529410123141,-1.9640578142965648,0.6894214666780263,-1.3017939750239689,4.827189347085115,-0.5186085900901203,1.4811679894142775,-0.934003545702307,-1.0753905507488968
10.0,146.0,1000.0242309570312,-4.244107408055946,-2.952509524994102,-1.964054147852802,0.689412580348872,-1.3018157473246723,4.827214616569236,-0.5186076141240141,1.4811732355965574,-0.9339916308400272,-1.0753900469229691
10.0,146.0,1000.0243530273438,-4.244120563055634,-2.952484395362289,-1.96404305950504,0.689403649184106,-1.3018376507188147,4.827247606411234,-0.5186064818641025,1.4811885885178384,-0.9339829339390162,-1.0753821941227586
10.0,147.0,1000.0243530273438,-4.244102985189568,-2.952525988727977,-1.9640544449152468,0.6894222873301494,-1.301786917133981,4.827194509185457,-0.5186084702318219,1.4811733410355998,-0.93400513288585,-1.075383596575751
10.0,147.0,1000.0243530273438,-4.244110715504233,-2.9525058330763763,-1.9640508216811785,0.6894127426183418,-1.3018121906841973,4.827220079438833,-0.5186063399080538,1.4811777594295297,-0.9339934421396006,-1.0753850050521503
10.0,147.0,1000.0242919921876,-4.244106854762785,-2.952516541606449,-1.964049109028794,0.6894213325691325,-1.3017921895079247,4.827207869482306,-0.5186077352973735,1.4811798151121085,-0.9340030497444838,-1.0753799579618404
10.0,147.0,1000.0240478515624,-4.244106538437245,-2.952520317397457,-1.9640557030279373,0.6894172525145503,-1.3017970128801837,4.827203339772106,-0.518607522194654,1.4811722767797413,-0.933999788977733,-1.0753855182292194
10.0,147.0,1000.0244750976562,-4.244113409350602,-2.952489603627147,-1.96404968748798,0.6894028358648443,-1.301837759285796,4.827240214338131,-0.5186073762651926,1.4811807114112625,-0.9339797150472008,-1.075388771107812
10.0,147.0,1000.0242919921876,-4.244117576895777,-2.9524812094785524,-1.964046851407141,0.6893988278947827,-1.301840985627252,4.827249433940446,-0.5186089804008756,1.4811853382894382,-0.9339785361599002,-1.0753847396098792
10.0,147.0,1000.0242919921876,-4.244107394100364,-2.952519104810432,-1.9640539592559825,0.6894193283824421,-1.301801575293137,4.827204184747671,-0.5186063153345009,1.4811735193639075,-0.9339997391442774,-1.0753862180031986
10.0,147.0,1000.0242309570312,-4.244113444781927,-2.952504327262246,-1.9640510176337949,0.689409473963253,-1.30181766497933,4.827222976040535,-0.518607253115074,1.4811770460906375,-0.9339909827486964,-1.0753871826186918
10.0,147.0,1000.0244750976562,-4.244110119613914,-2.9524954155030945,-1.9640537352944727,0.6894020114186876,-1.3018363021369734,4.82723120916104,-0.5186067114319464,1.4811723974874005,-0.933981498464762,-1.0753936710235252
10.0,147.0,1000.0244750976562,-4.244111550273631,-2.952503564288026,-1.964056947645952,0.6894080214656553,-1.301829437715018,4.827224904632441,-0.5186041070547516,1.4811710136439569,-0.9339816425453248,-1.07539535353949
10.0,147.0,1000.0242309570312,-4.244125114683669,-2.9524752527990987,-1.964044474969449,0.6893976884057809,-1.3018564471487752,4.827259610959706,-0.5186049037466809,1.4811867262300655,-0.933971905223772,-1.0753879529667678
10.0,147.0,1000.024169921875,-4.244107348158074,-2.9525242629454227,-1.964053737666227,0.6894225077582856,-1.3017919688776205,4.8271979561294085,-0.518606816856507,1.4811734921561186,-0.9340042170058256,-1.0753844248877922
10.0,147.0,1000.0244750976562,-4.244107681081216,-2.952523347937224,-1.964056554133169,0.6894219883318815,-1.301795531210607,4.82720044231243,-0.5186052602162086,1.4811713530356627,-0.9339987746614896,-1.075387734034032
10.0,147.0,1000.0242919921876,-4.244098425404949,-2.952543927910348,-1.964059651074324,0.6894314404930801,-1.301770935766586,4.827173993980402,-0.5186065061308431,1.4811641102311055,-0.9340138594044848,-1.075387334895245
10.0,147.0,1000.0242919921876,-4.244120901362374,-2.952480124016702,-1.964048457465988,0.6893960181545564,-1.3018583495725706,4.827252160438141,-0.5186056283907501,1.481179200002687,-0.933972730329912,-1.0753927516863424
10.0,147.0,1000.0245361328124,-4.244111822539663,-2.952505359468563,-1.964049442101852,0.6894145611810556,-1.3018126769721148,4.827221104850519,-0.5186060181974756,1.4811795093918034,-0.9339932723421942,-1.075383292920682
10.0,147.0,1000.0242309570312,-4.244111792321611,-2.952512805129078,-1.964051523776873,0.6894173480877273,-1.30180354663928,4.827213393921747,-0.5186059477032652,1.4811772697688417,-0.9339962476051076,-1.0753835265419025
10.0,147.0,1000.0244140625,-4.244113630725034,-2.9524985497467298,-1.9640508254614115,0.6894078381769457,-1.3018240344096117,4.82723218026859,-0.5186049422791701,1.481178008762594,-0.933984055856361,-1.0753870563258143
10.0,147.0,1000.0242919921876,-4.244111838416744,-2.952495744181193,-1.9640481857340968,0.6894092526274189,-1.3018207846122691,4.827233157639229,-0.5186065732444964,1.481182882938743,-0.9339863201573646,-1.075385112478119
10.0,147.0,1000.0242919921876,-4.244115052418996,-2.95249904372533,-1.964053096336765,0.6894062332043038,-1.3018306281895735,4.827228180594256,-0.5186059738097191,1.4811750862365365,-0.9339841706536244,-1.0753909009028857
10.0,147.0,1000.0241088867188,-4.244109478265507,-2.9525169804170552,-1.9640519880405625,0.6894170310607244,-1.3018014959756368,4.827208053644643,-0.5186076799312627,1.4811752357380057,-0.9339992150174768,-1.075384447572239
10.0,147.0,1000.0242919921876,-4.244117171857128,-2.952494507515711,-1.9640479245532247,0.6894052578284384,-1.3018334289541895,4.827235077128364,-0.5186082890152992,1.4811812456119924,-0.9339850151154164,-1.0753861718108428
10.0,147.0,1000.0243530273438,-4.244108476305204,-2.95251518657408,-1.9640535490932736,0.6894156209133779,-1.301805775805423,4.827210865607041,-0.5186058695883213,1.4811735933069643,-0.9339954891898464,-1.0753877385246309
10.0,147.0,1000.0244140625,-4.244107225784064,-2.952504469276385,-1.964055066467819,0.6894042216477274,-1.301825236573281,4.827220510530077,-0.5186090165327268,1.4811716543507725,-0.9339864404302424,-1.0753931994366446
10.0,147.0,1000.0240478515624,-4.244107040955844,-2.952507171830048,-1.9640592524742333,0.6894061120953001,-1.301827105605296,4.827218626545321,-0.5186053123271872,1.4811670693210646,-0.933983770727079,-1.0753980485494017
10.0,147.0,1000.0244140625,-4.244107176766711,-2.9525211684209527,-1.964053844334455,0.6894189822611914,-1.3017957899650896,4.82720183341954,-0.5186086717051657,1.4811746804948287,-0.9340026079494343,-1.0753836608081269
10.0,147.0,1000.0242309570312,-4.244105926458037,-2.952519042657888,-1.9640522209348985,0.6894202319403995,-1.3017921665633962,4.827203166499727,-0.5186092043515691,1.4811775453280909,-0.9340028517494954,-1.075381060290748
10.0,147.0,1000.0241088867188,-4.244108959350525,-2.9525087783859645,-1.9640534785475363,0.6894099365047506,-1.301815924683618,4.827216363430196,-0.5186082803948819,1.4811736129042703,-0.9339930198657678,-1.075388575601674
10.0,147.0,1000.0245361328124,-4.244108508808392,-2.952508052456377,-1.9640534564666163,0.6894137451014366,-1.3018155064622947,4.827216351854602,-0.5186062224418171,1.4811740944160698,-0.9339909861871432,-1.075390779468688
10.0,147.0,1000.0243530273438,-4.2441142498590105,-2.952487356223949,-1.9640492383808112,0.6894017057051389,-1.3018366791770255,4.827241932740286,-0.518607216238645,1.4811812452376412,-0.9339798166810258,-1.0753871012038951
10.0,147.0,1000.0245971679688,-4.244109898980534,-2.952499778955002,-1.9640521173655416,0.6894063379687063,-1.3018262323990308,4.827227954006462,-0.5186072077198132,1.481174846078401,-0.9339836564957134,-1.0753920898845184
10.0,147.0,1000.0243530273438,-4.2441186865101725,-2.9524809288106777,-1.96405220223352,0.6893965687628834,-1.3018579016201297,4.82725164053562,-0.5186034936635737,1.4811763559897608,-0.933968063349088,-1.075396982615195
10.0,147.0,1000.0242919921876,-4.244102434807403,-2.952534436930536,-1.9640607982362883,0.6894253584246721,-1.3017817684559403,4.827186626878619,-0.5186044864384982,1.4811653930294844,-0.9340032159152304,-1.0753892320998537
10.0,147.0,1000.0243530273438,-4.244107907734607,-2.952518506262301,-1.96405482555579,0.6894162722893027,-1.3018055945031408,4.827205614631444,-0.5186063677727653,1.4811702151332753,-0.9339984308248112,-1.0753894854515913
10.0,147.0,1000.0244140625,-4.244108578953256,-2.952518530540779,-1.9640527840772968,0.6894194730035954,-1.301803857821899,4.827205214913599,-0.5186051074099165,1.4811727008798234,-0.9339985458819182,-1.0753873860755512
10.0,147.0,1000.0242309570312,-4.2441173020703,-2.952487689013604,-1.9640508619012,0.6894006432403943,-1.3018410362826778,4.827242290722619,-0.5186062420030488,1.4811789242878968,-0.9339772387607406,-1.0753909526882
10.0,147.0,1000.0244140625,-4.2441060130538615,-2.9525209279837075,-1.964053817548177,0.6894204940499327,-1.3017992023823082,4.827202611777373,-0.5186061261109112,1.481172532753412,-0.9340007321070044,-1.0753875432057691
10.0,147.0,1000.0242919921876,-4.244106506217176,-2.952520642613557,-1.964051676849201,0.6894226476417407,-1.301790167096224,4.827203249510276,-0.5186072264690367,1.4811771147877746,-0.9340019531803154,-1.075382033762299
10.0,147.0,1000.0242309570312,-4.24411207242583,-2.9525034140113164,-1.9640583160520533,0.6894040843584834,-1.3018395277307917,4.8272254842197775,-0.5186035053757863,1.4811669760770378,-0.9339793779183454,-1.0754004599939222
10.0,147.0,1000.0244750976562,-4.244101647538921,-2.9525401766305768,-1.964055925096488,0.6894312914987255,-1.3017729591097984,4.82717881721168,-0.5186054523086838,1.4811683545999834,-0.934013871087763,-1.075384529093793
10.0,147.0,1000.0241088867188,-4.244114247280533,-2.952492496124432,-1.964051357533413,0.6894020161144923,-1.3018390608837658,4.82723691659611,-0.5186064792149772,1.481177388425566,-0.9339790925402838,-1.0753927108697034
10.0,147.0,1000.0240478515624,-4.244106580633874,-2.9525215852737627,-1.9640506121047456,0.689422577123552,-1.301786750295555,4.827200008883839,-0.5186086397267395,1.4811779327364754,-0.9340070239103326,-1.0753785387206256
10.0,147.0,1000.0240478515624,-4.244111891676643,-2.9524993277768647,-1.9640471100093853,0.6894094745206338,-1.3018165011398688,4.827227963298601,-0.5186090776011207,1.4811833912035972,-0.9339924928377998,-1.0753813531156364
10.0,147.0,1000.0245971679688,-4.244113271319821,-2.952487326123335,-1.9640504610020608,0.6894013025787054,-1.3018403483490242,4.827243096947511,-0.5186043076114641,1.481177033182865,-0.9339770430559592,-1.0753923577896396
10.0,147.0,1000.0242309570312,-4.24410705759072,-2.952503898969124,-1.9640517943850604,0.6894113389611958,-1.3018115837058657,4.827222251514748,-0.5186070269434948,1.4811770196729557,-0.9339892735754248,-1.0753874640483656
10.0,147.0,1000.024169921875,-4.244104492403858,-2.95252702537223,-1.964056453987664,0.6894219649723485,-1.3017904287876676,4.827193591888685,-0.5186077752175695,1.481169419751912,-0.9340049417686664,-1.0753861056749043
10.0,147.0,1000.0244750976562,-4.244113648105267,-2.9525015350843784,-1.964054593113023,0.689407627327685,-1.301825097035394,4.827225928539816,-0.5186050953149977,1.4811731214600288,-0.9339836803504902,-1.0753910637552675
10.0,147.0,1000.024169921875,-4.244106367452117,-2.952522484791645,-1.9640524111863304,0.6894222974868018,-1.3017899574939564,4.827200376218318,-0.5186080804928448,1.4811767404713718,-0.9340057013977096,-1.0753818116907676
10.0,147.0,1000.0243530273438,-4.24412227975112,-2.952473211016027,-1.96404752228986,0.6893907216872455,-1.301863896314189,4.827260327495692,-0.5186065142927596,1.4811823961154804,-0.9339681874184862,-1.075393212517477
10.0,147.0,1000.024169921875,-4.244112178792797,-2.9525051687411783,-1.964053771812461,0.6894097102877286,-1.3018199142788345,4.827221626952156,-0.5186052001359958,1.4811731317799213,-0.9339884908250092,-1.0753893927127156
10.0,148.0,1000.0244140625,-4.244105142161471,-2.952517526322502,-1.964050703323524,0.68941965390413,-1.30178989531196,4.827206679170388,-0.5186084457799236,1.4811782849655053,-0.9340024711179707,-1.0753815019604316
10.0,148.0,1000.0242309570312,-4.244107371555731,-2.952527126825753,-1.9640466339702367,0.6894285042862336,-1.3017717312587809,4.827194513936421,-0.518610152287013,1.4811821401757823,-0.9340166681539416,-1.0753702873831896
10.0,148.0,1000.0243530273438,-4.244094392135088,-2.952549284597286,-1.964066227752577,0.6894277610642883,-1.301771493595801,4.827167729424605,-0.5186074888766949,1.48115740855732,-0.9340113436094786,-1.0753923240897825
10.0,148.0,1000.0242919921876,-4.244112273453676,-2.952499743786667,-1.9640507738624304,0.6894082858897743,-1.3018256638061845,4.827227479489819,-0.5186075469985632,1.4811784759759474,-0.933986854374398,-1.0753882589159764
10.0,148.0,1000.0244140625,-4.244103345734203,-2.952519539826709,-1.964056222764281,0.6894170946840443,-1.3017999825083022,4.827204192836609,-0.518605962768274,1.481170255639782,-0.9339964974784696,-1.0753909524262202
10.0,148.0,1000.0242919921876,-4.244107022371371,-2.9525201349155044,-1.9640616270906124,0.6894135582274625,-1.3018146690239476,4.827204258608987,-0.5186046105257569,1.4811635323426842,-0.933990168323283,-1.0753974028923547
10.0,148.0,1000.0242919921876,-4.244109628595414,-2.952514974553368,-1.9640543126032928,0.6894133858323137,-1.3018081179026808,4.827210451049444,-0.5186080890522904,1.4811740850561037,-0.933995650253566,-1.075386646633168
10.0,148.0,1000.0240478515624,-4.244110612478362,-2.9525099711543747,-1.964053578837368,0.689413513020833,-1.3018144406985637,4.827216317996141,-0.5186054275111269,1.481173923592392,-0.9339909579365172,-1.0753890934898265
10.0,148.0,1000.0241088867188,-4.244109019841994,-2.952512184879493,-1.9640504137697752,0.6894149047361857,-1.301804087380722,4.8272121708674565,-0.5186094172217546,1.4811777674401236,-0.933999403490592,-1.0753818807840796
10.0,148.0,1000.0242919921876,-4.244116122316176,-2.9524833879352745,-1.964051172313256,0.6893966611039746,-1.3018481399079649,4.827248179338229,-0.5186056122949623,1.4811795166280817,-0.933972789831386,-1.075393121558033
10.0,148.0,1000.0244140625,-4.244118571151715,-2.9524978732897704,-1.9640480318048643,0.6894118124467141,-1.3018262804571323,4.827230765622559,-0.5186045861378856,1.4811816247720877,-0.9339880375683558,-1.075385730692513
10.0,148.0,1000.0244140625,-4.244113404790924,-2.952502408264976,-1.9640554051442187,0.689404875239533,-1.301834233982344,4.827224482712159,-0.5186070215633407,1.481171107788586,-0.93398452368442,-1.0753944894556016
10.0,148.0,1000.0243530273438,-4.244112141285469,-2.9525072022755925,-1.964052259874645,0.6894117748177928,-1.3018153149607743,4.827219458507155,-0.5186072470098448,1.4811765364227112,-0.9339930886438532,-1.0753852421117305
10.0,148.0,1000.0239868164062,-4.244115983772141,-2.952488729274526,-1.964050408822456,0.6893986732750772,-1.301843424701974,4.827241707648062,-0.5186064070646861,1.481177680098121,-0.9339774820332812,-1.0753920576241425
10.0,148.0,1000.0245361328124,-4.2440981523662575,-2.9525320642242785,-1.9640518730914271,0.6894276647161481,-1.3017698396515072,4.8271873303089325,-0.518611781064716,1.4811776542129795,-0.9340152307617764,-1.075377688849239
10.0,148.0,1000.0244750976562,-4.244109208463201,-2.952510145960024,-1.9640506308661656,0.6894135521698708,-1.3018125498240485,4.827213863239551,-0.5186077946567442,1.4811753246205497,-0.9339955839544638,-1.0753865623515373
10.0,148.0,1000.0244750976562,-4.244113082685405,-2.9525048383394044,-1.964050144279348,0.6894132027068025,-1.301817384024793,4.827221668891198,-0.5186059786296271,1.4811780579486469,-0.9339911152201728,-1.075385625633876
10.0,148.0,1000.0244140625,-4.244116688689921,-2.95249378203493,-1.964054005723666,0.6894026300181944,-1.3018422666709024,4.827236869521135,-0.5186042785925302,1.4811744174990675,-0.9339759971770576,-1.075395732278606
10.0,148.0,1000.0243530273438,-4.244118365978633,-2.9524865264768634,-1.964047693226142,0.6894021547647089,-1.3018373286401124,4.827243372105679,-0.518607755729743,1.4811831408246698,-0.933982138271813,-1.0753839333894026
10.0,148.0,1000.0244750976562,-4.244103522561358,-2.9525308644148627,-1.9640529569159568,0.689425792812731,-1.301779220924387,4.827188358338699,-0.5186092425186057,1.4811736604997623,-0.9340134736166376,-1.0753800421176436
10.0,148.0,1000.0242309570312,-4.244109633457657,-2.9525063227689667,-1.964054759876908,0.6894076360752717,-1.3018195108820647,4.827218793487816,-0.5186080796421848,1.481173520023371,-0.9339885858709812,-1.075390643095245
10.0,148.0,1000.0243530273438,-4.244110251717852,-2.952512841864661,-1.964048294032395,0.689418613772661,-1.3017974807972887,4.827211171631506,-0.5186090541808497,1.4811802951039272,-0.9340031492874852,-1.0753789396964333
10.0,148.0,1000.0242309570312,-4.244112226700112,-2.95250155356136,-1.9640555224982248,0.6894031541053325,-1.3018303142182264,4.827226978516654,-0.5186071007774187,1.4811727622628543,-0.9339835151662328,-1.0753933718624782
10.0,148.0,1000.0244140625,-4.2441050833911,-2.9525175954912584,-1.964052504096612,0.6894196826285235,-1.3017913882609973,4.827205603136564,-0.518607530204739,1.4811769398239605,-0.9339996598318016,-1.075382952286668
10.0,148.0,1000.0245361328124,-4.244095961964694,-2.9525507281065124,-1.964058976884232,0.6894369298380028,-1.3017483740513969,4.827165881246097,-0.5186083414009577,1.4811684855461724,-0.9340237074312244,-1.0753764921161362
10.0,148.0,1000.0243530273438,-4.244105670248731,-2.952512098118365,-1.9640551015916723,0.6894105649114284,-1.3018094792046249,4.827213730170264,-0.518607174952745,1.4811717203743715,-0.9339922414918274,-1.0753897698417134
10.0,148.0,1000.0244750976562,-4.244107387640977,-2.952520116434946,-1.964053803556535,0.6894187519036068,-1.3018004969550834,4.827202465161921,-0.5186077786117966,1.4811720731815567,-0.9340017480555708,-1.075385207960196
10.0,148.0,1000.0244140625,-4.244112989130805,-2.952488910416436,-1.9640502508742927,0.6893971596117145,-1.3018447376025772,4.827241449890211,-0.518608069477243,1.4811771375360951,-0.9339772899112616,-1.0753944915594964
10.0,148.0,1000.024169921875,-4.244110673165355,-2.952520501940836,-1.9640547194975588,0.6894191492850972,-1.3018025819006325,4.827203883367563,-0.5186057458298556,1.4811709922621643,-0.9339993944524804,-1.0753869051312233
10.0,148.0,1000.024169921875,-4.2440956637888405,-2.9525365975846656,-1.9640572944037893,0.6894232478338358,-1.30177721947951,4.827180845204369,-0.5186109406790553,1.4811671670014546,-0.9340138206636696,-1.0753853023577986
10.0,148.0,1000.0245361328124,-4.2441112831643295,-2.952503086060307,-1.964052327542861,0.6894075117085467,-1.301816622618936,4.827223593226581,-0.5186072706962355,1.4811755495085208,-0.9339888541589438,-1.0753877405350432
10.0,148.0,1000.0243530273438,-4.24410737313838,-2.952524255891521,-1.9640537835253924,0.6894204595488516,-1.3017908433608842,4.827198549459506,-0.5186070495387334,1.481172764138476,-0.9340038430757512,-1.0753831613338125
10.0,148.0,1000.0242919921876,-4.244109853226801,-2.952519754722693,-1.9640524463410247,0.6894184905602154,-1.3017970211860548,4.827203867399511,-0.5186078345371845,1.4811749783329624,-0.9340021139589388,-1.0753822590962696
10.0,148.0,1000.0240478515624,-4.244105674520488,-2.9525220155982383,-1.9640559871590493,0.6894179979899988,-1.3017977037785775,4.827201257097174,-0.5186073623088472,1.4811714661547182,-0.933999173177682,-1.0753878036833604
10.0,148.0,1000.0242309570312,-4.2441140771441965,-2.9524918750360465,-1.964051983450588,0.6894014657297163,-1.3018380815440982,4.827237490419069,-0.5186062933945372,1.4811780119691065,-0.9339785040391222,-1.0753923108072283
10.0,148.0,1000.02392578125,-4.244105768637641,-2.952520559234655,-1.96405418647886,0.6894187195068664,-1.3017966936182876,4.827203241571258,-0.518607509304613,1.4811731086805446,-0.9340010322938248,-1.0753854276826291
10.0,148.0,1000.0245361328124,-4.244105331006254,-2.9525227179502256,-1.964054185996726,0.6894177401524404,-1.3017921207585204,4.827199070775345,-0.5186097226014246,1.4811714575160453,-0.9340048631746374,-1.0753833351840043
10.0,148.0,1000.0241088867188,-4.244107301370427,-2.952512369461741,-1.96405468090542,0.6894124110057227,-1.3018084441782984,4.827212413932964,-0.5186072505660784,1.481172261173854,-0.9339927984576316,-1.07538847984376
10.0,148.0,1000.024169921875,-4.244103475013917,-2.9525369684105875,-1.9640490906684565,0.6894331286954216,-1.301762156572905,4.827183180989357,-0.5186094912264192,1.4811793434795373,-0.9340199524735792,-1.0753731017522488
10.0,148.0,1000.0244140625,-4.244114115131249,-2.952496529301953,-1.964054541392384,0.6894007287718908,-1.301842877510588,4.827230764021136,-0.5186059108847969,1.4811706289460649,-0.933979935542954,-1.0753964688683304
10.0,148.0,1000.0242309570312,-4.24410447404624,-2.952534069650162,-1.9640508460592905,0.689431614011812,-1.30177362380803,4.8271860757417056,-0.5186076719739123,1.481176968691936,-0.9340154125914976,-1.0753779336993814
10.0,148.0,1000.0244750976562,-4.244114257911755,-2.9525093133874405,-1.9640491819229853,0.689418230157381,-1.3018088277224162,4.827217307613141,-0.5186056273620085,1.4811806906397162,-0.933995515860226,-1.075382634423531
10.0,148.0,1000.0242919921876,-4.244107549685874,-2.952515625656224,-1.964050647596371,0.6894189140694635,-1.3017982381691855,4.827209169516735,-0.5186074261259517,1.4811782040353323,-0.9340000199961498,-1.0753820709770423
10.0,148.0,1000.024169921875,-4.244114730013115,-2.952500757158441,-1.9640471236743444,0.6894109971505475,-1.301815674813053,4.827227657399348,-0.5186083633980045,1.4811834814201132,-0.9339923105528484,-1.0753801373209608
10.0,148.0,1000.0243530273438,-4.244112135594174,-2.952503124777498,-1.964053495485752,0.6894067020921035,-1.3018237810096611,4.8272251490490845,-0.5186074152704094,1.481175826948995,-0.93398711737526,-1.0753894359114105
10.0,148.0,1000.0242919921876,-4.24410421506186,-2.95251450368906,-1.9640546464070403,0.6894142501340452,-1.3018071702399454,4.827207817333928,-0.5186088013995782,1.481173244232976,-0.9339961789201752,-1.075388954239374
10.0,148.0,1000.024169921875,-4.244107789448028,-2.952513115326628,-1.96405281512525,0.6894159291125392,-1.3018050559349663,4.827211656871571,-0.5186072778352715,1.4811760649007957,-0.9339953282027258,-1.075386372924359
10.0,148.0,1000.0245361328124,-4.2441108087662975,-2.95248446600142,-1.9640534847717244,0.6893959633718616,-1.30184881676219,4.827244521743342,-0.5186071823769929,1.481174437164935,-0.9339720650220178,-1.0753976176628512
10.0,148.0,1000.0244750976562,-4.244115498424121,-2.9525050396717534,-1.964046953299512,0.6894145763137862,-1.3018134661375995,4.8272221058399225,-0.5186081745603834,1.4811831457014897,-0.93399719108515,-1.0753793706246677
10.0,148.0,1000.024169921875,-4.244101065413154,-2.952539901290971,-1.964058796092842,0.689429252584338,-1.3017753752610446,4.827178400101156,-0.5186078846283646,1.4811664913174996,-0.9340131726793164,-1.0753844206792436
10.0,149.0,1000.0241088867188,-4.244107770408437,-2.9525146512287623,-1.9640518211807287,0.6894169611666134,-1.3018026221302543,4.827209321880927,-0.5186082577720885,1.4811762347073198,-0.9339982888973496,-1.0753837767614756
10.0,149.0,1000.0242919921876,-4.244122866635632,-2.952469258595666,-1.9640491876427288,0.6893885169598581,-1.3018692068648678,4.827266284087374,-0.5186052095113567,1.4811822571232138,-0.933962117475888,-1.0753946395855063
10.0,149.0,1000.0242309570312,-4.244102769038088,-2.952528859775964,-1.964058163203924,0.6894212829062774,-1.301791064240426,4.827192297811312,-0.5186086206133611,1.481169273714075,-0.9340042529984682,-1.0753874243097563
10.0,149.0,1000.0243530273438,-4.244116152311777,-2.952501493209972,-1.9640473303022288,0.689410995440463,-1.3018185080583835,4.827225431155608,-0.5186084319132407,1.4811816061784775,-0.9339933721473974,-1.0753812674621217
10.0,149.0,1000.0240478515624,-4.244112579842537,-2.952512265385247,-1.9640519931288165,0.6894147290767219,-1.301808646210722,4.827213777549984,-0.5186065752546556,1.4811765512824824,-0.9339965050291364,-1.0753842947564225
10.0,149.0,1000.0238037109376,-4.2441054345074205,-2.9525224173347846,-1.9640520888135435,0.6894215991545689,-1.301789894915082,4.827199339844219,-0.5186077723355975,1.4811749745180505,-0.934005897028504,-1.0753820469909026
10.0,149.0,1000.0245971679688,-4.244102898032254,-2.9525282456095434,-1.9640534325393195,0.6894232532981706,-1.3017835814930423,4.827192902360965,-0.5186106321001862,1.481175708180241,-0.934009800851344,-1.0753794408133477
10.0,149.0,1000.0244750976562,-4.244105355572363,-2.952523900631574,-1.9640516267678128,0.6894204218580766,-1.3017899461696798,4.827197775275694,-0.5186104107489653,1.4811764152254252,-0.9340069803066982,-1.0753808071339952
10.0,149.0,1000.0243530273438,-4.244098177919491,-2.9525363119021004,-1.9640576003025296,0.6894261565310771,-1.3017770834121185,4.827182818726442,-0.5186093059250148,1.4811681666562049,-0.9340121664409456,-1.0753843437542532
10.0,149.0,1000.0239868164062,-4.244108792851652,-2.9525081936185016,-1.964054422170178,0.689408827608327,-1.301819895767391,4.827216887204633,-0.5186075099096774,1.4811724143411622,-0.9339899980825344,-1.075390810870101
10.0,149.0,1000.0239868164062,-4.244104774571466,-2.952520194670805,-1.964056738606466,0.6894166193915545,-1.3018040108304585,4.827202943994228,-0.5186067528514773,1.481169841049022,-0.9339964437217868,-1.0753910412299712
10.0,149.0,1000.02392578125,-4.244112062378696,-2.952498318022099,-1.9640497805921573,0.6894072911798474,-1.3018235876208497,4.827229604100996,-0.5186069793399168,1.4811795473359268,-0.933986950074024,-1.0753873101586289
10.0,149.0,1000.0243530273438,-4.244109828763413,-2.95251523328033,-1.9640510148276944,0.6894170124634167,-1.3018000703028465,4.827209012355924,-0.5186088866138148,1.481178314576315,-0.9340004526889184,-1.07538205905019
10.0,149.0,1000.0242919921876,-4.244110103386248,-2.952503381331431,-1.96404636926498,0.6894125409459209,-1.3018068168169037,4.827222887893278,-0.518610027104426,1.4811823048066426,-0.9339965011530652,-1.0753791041038747
10.0,149.0,1000.0245971679688,-4.244110724801265,-2.952498541989458,-1.9640505316623127,0.689409351850979,-1.3018191138555846,4.827228243787548,-0.5186079167574338,1.4811820620596947,-0.9339856851075998,-1.0753860489362776
10.0,149.0,1000.024169921875,-4.2441003542605324,-2.9525338776763275,-1.9640577104888928,0.6894221796414799,-1.3017825584675815,4.8271861043009086,-0.5186088969080993,1.481167453087625,-0.9340086586412636,-1.0753862822974862
10.0,149.0,1000.0242919921876,-4.244103050977344,-2.95252582839565,-1.964056620275759,0.6894189594988855,-1.3017939571945258,4.827197512200538,-0.5186086434565835,1.4811700885389536,-0.9340009513796924,-1.075387995505694
10.0,149.0,1000.0242919921876,-4.244107590411401,-2.952508539763786,-1.9640500361173348,0.6894124810674027,-1.3018097445329309,4.827217090800639,-0.5186087795373568,1.4811776382975816,-0.9339946901879754,-1.0753850224524166
10.0,149.0,1000.0242919921876,-4.244111164387165,-2.9525070094011467,-1.9640541244319645,0.6894095923349264,-1.301824440603271,4.827219991044998,-0.5186053193493443,1.4811719820365337,-0.9339876274398744,-1.0753922955353308
10.0,149.0,1000.0244140625,-4.244113703406093,-2.952503625383732,-1.9640545841868675,0.6894088521994419,-1.3018243408135195,4.827224052905155,-0.5186050655434222,1.4811736424796944,-0.933985751260634,-1.0753907304448824
10.0,149.0,1000.0240478515624,-4.244105272390068,-2.952522365121036,-1.9640587602016013,0.6894154015586018,-1.3018040332659648,4.827200671722396,-0.5186069025810296,1.4811668489176544,-0.9339965881518032,-1.0753925465151777
10.0,149.0,1000.0244750976562,-4.244102731567355,-2.9525127319890867,-1.964054493145694,0.6894129981926831,-1.3018060668423077,4.827211293027903,-0.5186085414978034,1.481173419815951,-0.9339949967800224,-1.075388097669574
10.0,149.0,1000.0244140625,-4.244117466264739,-2.952486476225161,-1.9640477405025305,0.6893999055061864,-1.301844384985232,4.827243522261611,-0.5186085514086649,1.481182268755861,-0.9339799991382662,-1.075388537050272
10.0,149.0,1000.02392578125,-4.244107061227524,-2.952517559876156,-1.9640536675009508,0.6894167216767935,-1.3018020445142628,4.827207241849612,-0.5186072509957471,1.4811736948180965,-0.9339984367556244,-1.0753860958789492
10.0,149.0,1000.0244140625,-4.244104741811262,-2.952518375912104,-1.96405729881686,0.6894159154852613,-1.3018076229219844,4.827204332800486,-0.518606063891971,1.4811681982500478,-0.9339964605237084,-1.0753927430209194
10.0,149.0,1000.0242919921876,-4.244110204927298,-2.9525014601156654,-1.9640489897889783,0.6894069395343703,-1.3018174412233026,4.82722440658662,-0.5186101010859794,1.4811805926777917,-0.9339928805506156,-1.075383334299703
10.0,149.0,1000.0239868164062,-4.244113636529075,-2.952499646828712,-1.9640485811801884,0.6894088968102494,-1.3018207218947038,4.827227426814273,-0.5186077121970243,1.481180245115441,-0.9339892761182984,-1.0753849836429037
10.0,149.0,1000.0245971679688,-4.244120324931349,-2.9524742739802106,-1.964048721518728,0.689389751786246,-1.3018677290273688,4.82725995215346,-0.5186067688425302,1.4811812550737722,-0.933966753232979,-1.0753956907216105
10.0,149.0,1000.0245361328124,-4.244104519348247,-2.952522388605905,-1.964052545287144,0.6894221031869305,-1.3017907769374766,4.827201209617652,-0.518606126783653,1.4811748074156943,-0.9340030579522204,-1.075384490524312
10.0,149.0,1000.0241088867188,-4.244102547492864,-2.952525508896462,-1.9640616400736195,0.6894143822015213,-1.3018058893581317,4.827197580916414,-0.5186062660933191,1.481162526287541,-0.9339967943711792,-1.0753952993194291
10.0,149.0,1000.0241088867188,-4.244107187183272,-2.952520557877944,-1.964050758378581,0.6894207993736821,-1.3017910859456483,4.827201204070976,-0.5186090743774274,1.4811771407818997,-0.9340053403165784,-1.075380498961343
10.0,149.0,1000.0240478515624,-4.244107448754803,-2.952510415732025,-1.96405670541706,0.6894099678058847,-1.3018195064435107,4.8272139354593655,-0.5186069505894482,1.481169672829843,-0.9339898416348732,-1.0753936350424826
10.0,149.0,1000.0241088867188,-4.244112488167246,-2.9525060104493948,-1.964048774431012,0.689413791173628,-1.301809267274935,4.827220584539045,-0.5186084559821156,1.4811824499497792,-0.93399542040412,-1.0753803196492244
10.0,149.0,1000.0242919921876,-4.244097810329393,-2.952545679127327,-1.964052427245736,0.6894355327665336,-1.3017525351444292,4.827171647953206,-0.5186109061492443,1.48117530866395,-0.9340257882531642,-1.0753739185928497
10.0,149.0,1000.0244140625,-4.244107797931186,-2.95251256098342,-1.964053499207496,0.6894131191032091,-1.3018096657384182,4.827212201642826,-0.5186086074872946,1.481175194305207,-0.9339965973649172,-1.0753860053057114
10.0,149.0,1000.0242919921876,-4.244100431955676,-2.952533085599496,-1.9640591668887404,0.6894220189987363,-1.301784337441667,4.827186648864799,-0.5186093081647849,1.4811679911199942,-0.9340067742777318,-1.0753869842533073
10.0,149.0,1000.0242309570312,-4.244104477309677,-2.9525295890938,-1.964052537431596,0.68942459183355,-1.301778337391509,4.827191775105117,-0.5186095114217508,1.481174659666209,-0.9340105122352343,-1.0753795425807082
10.0,149.0,1000.0243530273438,-4.244103425971013,-2.952531985934571,-1.9640522235058344,0.6894276340455372,-1.3017765560817178,4.827187580056734,-0.5186101631804236,1.4811745171743738,-0.934013693164176,-1.0753789533804965
10.0,149.0,1000.0244140625,-4.244096747996277,-2.952538103506565,-1.9640584985755096,0.689427292407756,-1.3017787213364214,4.827179484697993,-0.5186081413483459,1.481165676644104,-0.9340102628836596,-1.075389214242746
10.0,149.0,1000.0242919921876,-4.244108669795013,-2.952519452236522,-1.9640459036882008,0.689425309563271,-1.3017827897256682,4.8272040828417175,-0.5186101984916389,1.4811842550280492,-0.9340113845530302,-1.0753726404412929
10.0,149.0,1000.0244750976562,-4.244115122014259,-2.952500498554584,-1.9640468311260333,0.6894102366554424,-1.3018196258593258,4.827226561646148,-0.5186090015438047,1.4811832118506736,-0.9339936767683836,-1.0753798771599454
10.0,149.0,1000.0242309570312,-4.244107499630125,-2.952521865079614,-1.96404972442268,0.6894256670217311,-1.3017824938104812,4.827201333502879,-0.518607510706989,1.4811796303527789,-0.934006119272362,-1.0753778026951966
10.0,149.0,1000.0243530273438,-4.244104620444634,-2.952520662448305,-1.964053888790968,0.6894170714198475,-1.301798606961944,4.827202817468422,-0.5186078508344192,1.481171877769036,-0.9340012620847276,-1.0753865552159074
10.0,149.0,1000.0239868164062,-4.244097347327015,-2.9525473411983274,-1.96406209391136,0.6894292474389871,-1.3017732289458062,4.827169609948568,-0.5186071232865386,1.4811607002655682,-0.9340145997966456,-1.0753895331257597
10.0,149.0,1000.0240478515624,-4.244107019176892,-2.9525129264395025,-1.9640545790947288,0.6894113294111222,-1.3018058954868557,4.827211996441408,-0.518608380522954,1.4811733858172085,-0.9339954696922206,-1.0753860987599118
10.0,149.0,1000.0240478515624,-4.244112390569068,-2.9525002741489192,-1.964053309151479,0.6894043674967634,-1.3018298899132712,4.82722804117026,-0.5186075375437005,1.4811742102482477,-0.933983597746332,-1.0753917688772754
10.0,149.0,1000.0242919921876,-4.244103665797789,-2.9525261433087686,-1.9640615113134352,0.6894164728776087,-1.301804618676842,4.827197555694591,-0.5186055395547662,1.4811628702476662,-0.9339953336525966,-1.075395556436546
10.0,149.0,1000.0244750976562,-4.244102450034718,-2.952538539239569,-1.9640535113947195,0.6894286245743109,-1.3017699035691566,4.827181037431735,-0.5186100543581782,1.4811739280774026,-0.9340155741549712,-1.0753773977853278
10.0,149.0,1000.0245361328124,-4.244101657255326,-2.9525377103140475,-1.9640568350330003,0.6894252488434951,-1.3017819059473048,4.827182185224954,-0.5186081106383247,1.4811675298942522,-0.9340106674817577,-1.075386650778571
10.0,149.0,1000.024169921875,-4.24411776548734,-2.952486029208477,-1.964044986563736,0.6894020557321836,-1.3018353502537017,4.8272466197259,-0.5186075005542357,1.4811858915431353,-0.9339822120132376,-1.0753836285070473
10.0,150.0,1000.0243530273438,-4.244103666569429,-2.9525285546948075,-1.964052003938149,0.6894235237528923,-1.3017820296052212,4.827191702298501,-0.5186099840650984,1.4811743543468134,-0.9340113922033648,-1.0753807083684055
10.0,150.0,1000.0242309570312,-4.244100892502926,-2.952518482589757,-1.9640592912472856,0.6894119329308044,-1.3018066930153878,4.827203973860279,-0.5186072675276856,1.481165384318536,-0.9339940655621808,-1.0753939050254209
10.0,150.0,1000.024169921875,-4.244112149170625,-2.9525006540808127,-1.9640466218055028,0.6894094248511102,-1.3018166811549028,4.8272257862349885,-0.5186100410636616,1.4811832412202044,-0.9339947340702536,-1.0753808577660284
10.0,150.0,1000.0241088867188,-4.244101641219456,-2.952538248277332,-1.9640513991906696,0.6894319121533137,-1.3017624167321786,4.827181394016515,-0.5186102768310903,1.481177587923618,-0.9340193781190402,-1.0753743869701364
10.0,150.0,1000.0241088867188,-4.244108711177035,-2.952506158853893,-1.9640545108125165,0.6894075527116703,-1.301821376291033,4.827219211792817,-0.5186082114497585,1.481172922646902,-0.9339897422373528,-1.0753899999643577
10.0,150.0,1000.0245971679688,-4.244104962791624,-2.9525292087681256,-1.9640574622813087,0.6894221380442396,-1.3017924881332692,4.82719329397292,-0.5186057296781597,1.481169900685007,-0.934001788436892,-1.0753880072290172
10.0,150.0,1000.0244750976562,-4.2441105210355135,-2.952507483877747,-1.964057509166292,0.6894085824921801,-1.3018249909332087,4.827218520831266,-0.5186046145806937,1.4811683536217952,-0.9339864515159276,-1.0753946275974386
10.0,150.0,1000.024169921875,-4.244104817243737,-2.952522798405295,-1.9640590786739256,0.6894154767844016,-1.301803595322521,4.82719924979518,-0.5186064789299936,1.4811654344264389,-0.9339976226701524,-1.0753930721731102
10.0,150.0,1000.024169921875,-4.244112269216799,-2.952502546655592,-1.964049802749794,0.6894096312079769,-1.3018185981265598,4.827223887321543,-0.5186069318327649,1.4811780860090762,-0.933991078082424,-1.0753861814947363
10.0,150.0,1000.0242919921876,-4.244115477214745,-2.9524920156497627,-1.9640508086666049,0.6894021844316454,-1.301839891479648,4.8272380764866405,-0.5186052460929709,1.481177922770688,-0.9339794808165172,-1.075391302262454
10.0,150.0,1000.0242309570312,-4.244100321197051,-2.952531616217115,-1.9640581405508435,0.6894222117007986,-1.301787148047619,4.82718844011265,-0.5186075113584252,1.481165908379567,-0.9340054122919854,-1.075389782387706
10.0,150.0,1000.0242919921876,-4.24410376527434,-2.9525178307692976,-1.9640558935912689,0.6894140927619858,-1.3018083166724228,4.827205711464433,-0.5186072360064466,1.4811700722778722,-0.933996224133657,-1.0753911689869415
10.0,150.0,1000.024169921875,-4.244123458243882,-2.95248018305265,-1.964048250657896,0.6893971891793456,-1.3018540242511047,4.827253898517922,-0.5186054168329335,1.4811821883096172,-0.9339717880093436,-1.075390073798212
10.0,150.0,1000.0244750976562,-4.2441054397746765,-2.9525111824003987,-1.96405510974554,0.6894107534819174,-1.301817145734022,4.827212411108432,-0.5186078127767564,1.4811702717295692,-0.9339918451081886,-1.075391957198399
10.0,150.0,1000.0243530273438,-4.244114060499298,-2.9524930954531383,-1.964052391164924,0.6893998440675073,-1.301836894824144,4.827237573137744,-0.5186069024385676,1.4811763486408651,-0.9339794103822,-1.0753909363863472
10.0,150.0,1000.0241088867188,-4.244111013943819,-2.952500778318716,-1.9640508120799944,0.6894076187329325,-1.3018209770987603,4.827226734326366,-0.5186068968757631,1.4811772749801726,-0.9339891834167506,-1.0753872358311654
10.0,150.0,1000.02392578125,-4.24411292980546,-2.952503927279996,-1.9640509897745904,0.6894105280132967,-1.3018182689230229,4.82722315025933,-0.5186064470859826,1.481178058172298,-0.933991213323952,-1.0753862725170005
10.0,150.0,1000.0242919921876,-4.244119394410375,-2.95247823353186,-1.964046242629557,0.6893958845687873,-1.3018550964296771,4.827254495132273,-0.5186066568433247,1.4811834910327262,-0.9339729017906278,-1.075390580567117
10.0,150.0,1000.0244140625,-4.244102726630324,-2.9525249472302013,-1.964050436388761,0.689421635908408,-1.3017844520778814,4.827197194908923,-0.5186110203955527,1.4811768942781134,-0.9340091259613396,-1.0753795166010809
10.0,150.0,1000.0241088867188,-4.2441094136685695,-2.952517518908762,-1.964049616499828,0.6894194453621534,-1.3017963387944564,4.827205913836504,-0.5186088447012951,1.481177813102608,-0.934004235843239,-1.0753799798481758
10.0,150.0,1000.0241088867188,-4.244108704236061,-2.9525113301450734,-1.9640522126065991,0.6894141521579282,-1.3018098101873488,4.827213036118604,-0.5186070451860045,1.4811758305981524,-0.9339960231863262,-1.075387257630247
10.0,150.0,1000.024169921875,-4.244104615239835,-2.952533122173444,-1.964054251417004,0.6894267031354033,-1.3017777844587068,4.827187241119027,-0.5186081794400001,1.4811732032024327,-0.9340126674682576,-1.0753798484248729
10.0,150.0,1000.0240478515624,-4.24410397282103,-2.95252793760178,-1.9640547015459464,0.6894218725250498,-1.3017881800395892,4.827192632877486,-0.5186086791194526,1.481171448178312,-0.93400808873022,-1.0753835790114468
10.0,150.0,1000.024169921875,-4.244115884677605,-2.952497838560933,-1.964048382643914,0.6894070731922577,-1.3018247654159456,4.827230437587707,-0.5186084105144246,1.4811809592186842,-0.9339887230868368,-1.0753843235938207
10.0,150.0,1000.0243530273438,-4.24410837421266,-2.952517629000839,-1.9640528805553337,0.6894189387714196,-1.3017957585526938,4.8272056180366025,-0.5186073622146772,1.4811767211903015,-0.9340010014584186,-1.0753820782261174
10.0,150.0,1000.024169921875,-4.2441041126250685,-2.952521140176989,-1.964057285789224,0.6894161416375812,-1.3018021932558366,4.8272020148337,-0.5186062632948261,1.481167778342476,-0.9339969876619127,-1.0753918150571904
10.0,150.0,1000.0241088867188,-4.24410322772116,-2.9525283816894743,-1.9640577282347709,0.6894209646579892,-1.3017944599834474,4.827192791900503,-0.518607202431963,1.4811687246438998,-0.9340032207830636,-1.075388901534358
10.0,150.0,1000.024169921875,-4.244108824627299,-2.95251439629224,-1.9640484814480552,0.6894179458478629,-1.301797376321137,4.827210222865654,-0.5186086457200814,1.4811799980280398,-0.9340014061256844,-1.0753805955526778
10.0,150.0,1000.024169921875,-4.244097694480546,-2.95254866996013,-1.9640555062407536,0.689436458497914,-1.3017560313113856,4.827168273975715,-0.5186079199099272,1.481169308437896,-0.9340231542259314,-1.075379466558262
10.0,150.0,1000.0242919921876,-4.24411099664526,-2.952501107961724,-1.964051692889746,0.6894070926846618,-1.3018210301900068,4.827225756938976,-0.5186086886022228,1.48117742354599,-0.9339874423197648,-1.0753873566266812
10.0,150.0,1000.0238037109376,-4.244106601023653,-2.952524035442805,-1.9640549833684129,0.6894203271007706,-1.3017949247306686,4.827198949943307,-0.5186066491429298,1.4811715836629844,-0.9340027820587355,-1.075385604369857
10.0,150.0,1000.0242309570312,-4.244103633264794,-2.952528322843909,-1.964056328488395,0.6894249494332829,-1.3017853125399776,4.827193465278956,-0.5186053934760686,1.4811702272307254,-0.9340044690409472,-1.0753858370759364
10.0,150.0,1000.0243530273438,-4.244116741064911,-2.952493596122893,-1.964049557529848,0.6894060374566946,-1.3018295518179457,4.827236644271457,-0.5186057730421769,1.4811820253451558,-0.933982592701585,-1.0753859380967516
10.0,150.0,1000.0245971679688,-4.244114228640712,-2.952482706943594,-1.964049010248096,0.6893959570215538,-1.3018473423898982,4.827247618659724,-0.5186086056880272,1.481181969948448,-0.9339763170237988,-1.0753900280485649
10.0,150.0,1000.024169921875,-4.244108897791465,-2.9525092484089543,-1.964050703563644,0.6894148873137969,-1.3018039725017712,4.82721517541523,-0.5186078060425388,1.4811789952938454,-0.9339974006786173,-1.0753820977822943
10.0,150.0,1000.0244140625,-4.2441076839949545,-2.9525100856492026,-1.96404955811432,0.6894134506896918,-1.30180252762637,4.827214256232589,-0.5186094872213207,1.481178660420248,-0.933999912816013,-1.0753806086241466
10.0,150.0,1000.0242309570312,-4.244104613058334,-2.9525181658377937,-1.9640562515437647,0.6894135527079452,-1.301807761172729,4.827205792800298,-0.5186077392785595,1.4811696793984712,-0.9339959312492354,-1.0753910142112804
10.0,150.0,1000.0241088867188,-4.244109298533308,-2.952498992490749,-1.964055119312472,0.6894022686130254,-1.3018328515950568,4.8272282181890365,-0.5186070318059324,1.4811705269734707,-0.9339826015182392,-1.0753948929498265
10.0,150.0,1000.024169921875,-4.244108049419159,-2.9525143179822515,-1.964052206408946,0.6894167297012928,-1.3018053232333808,4.827210553897242,-0.5186068816611593,1.481175717218239,-0.9339968550029748,-1.075386182559432
10.0,150.0,1000.0242309570312,-4.244107003477339,-2.9525185650840187,-1.964050091851652,0.6894194857833611,-1.3017945708337515,4.827204093529883,-0.5186093208516409,1.481177245564897,-0.9340040269899514,-1.075381553929302
10.0,150.0,1000.0238647460938,-4.244105404781271,-2.952526517955608,-1.9640553651472727,0.6894210447311107,-1.3017919289596498,4.827195588188117,-0.5186074730318913,1.4811702910419813,-0.9340048553130248,-1.0753858591341343
10.0,150.0,1000.0244140625,-4.244110709731009,-2.952494544667168,-1.9640522559420304,0.6894010953723928,-1.3018351692298298,4.827232845524726,-0.5186075875137783,1.481175395909248,-0.9339822527177476,-1.0753919454899523
10.0,150.0,1000.0242309570312,-4.244108410771762,-2.952517527558049,-1.9640523305644264,0.6894163105411817,-1.3017984839635806,4.827205541526441,-0.5186092006871608,1.481175343069153,-0.9340016951674376,-1.075382648937497
10.0,150.0,1000.02392578125,-4.244112998776388,-2.952487635023808,-1.964055864066508,0.6893944706096722,-1.3018520599526258,4.827242611330121,-0.5186061189576039,1.4811723819952751,-0.9339703920619122,-1.0754000094131977
10.0,150.0,1000.0242919921876,-4.2441102312685,-2.9525112238112867,-1.9640503077873817,0.6894141234274009,-1.3018071220021294,4.827214740627051,-0.5186082742402647,1.4811787109165735,-0.9339972655938942,-1.0753834238526636
10.0,150.0,1000.0244140625,-4.244104108129477,-2.952516359342474,-1.964057771470548,0.6894115955056321,-1.3018118958571678,4.827206883492925,-0.5186080822230208,1.4811685058260569,-0.9339927976158072,-1.07539325622177
10.0,150.0,1000.0238647460938,-4.244112055681292,-2.952507534596335,-1.9640529446628407,0.6894106991222522,-1.301818113926557,4.827219042753054,-0.5186067778016312,1.4811742335706342,-0.9339908156881868,-1.0753886901031544
10.0,150.0,1000.0243530273438,-4.24411050644163,-2.952503892603433,-1.964054430087236,0.6894090145132123,-1.3018187751557653,4.827222848324791,-0.5186060311200107,1.4811745285994533,-0.9339872766622586,-1.0753893962484105
10.0,150.0,1000.024169921875,-4.244114938188327,-2.952495972463159,-1.9640492143976096,0.6894057935789313,-1.3018292143687642,4.827232851055513,-0.5186082871248257,1.4811804959271182,-0.9339860275766548,-1.0753863949565885
10.0,150.0,1000.024169921875,-4.244102232354813,-2.952525458708694,-1.96405944210042,0.6894178640829773,-1.3017984842192725,4.827196058368829,-0.5186058674294234,1.4811662594194726,-0.933997850287005,-1.0753927488648332
10.0,151.0,1000.0242309570312,-4.2441080234979935,-2.952518111634586,-1.964051581011307,0.6894186708553498,-1.3017969210493634,4.827205629674594,-0.5186085681346668,1.481176022039583,-0.9340004342467756,-1.0753831142249508
10.0,151.0,1000.0244750976562,-4.244117026966557,-2.9524860259469694,-1.9640524430548136,0.6893972338476448,-1.301844921432218,4.827246022745982,-0.5186063119099078,1.481178513043572,-0.9339741240425674,-1.075391391392894
10.0,151.0,1000.024169921875,-4.244113046408754,-2.952500812652396,-1.9640524249652085,0.6894056919656188,-1.301830046976579,4.827226776873012,-0.5186076415311494,1.4811751697061304,-0.9339864433896858,-1.075390639435363
10.0,151.0,1000.0242919921876,-4.244107050462612,-2.952529302889527,-1.9640505425577663,0.6894261806139568,-1.30177844217868,4.827191491206593,-0.518609477308444,1.48117680845864,-0.9340141049784298,-1.0753771924425275
10.0,151.0,1000.02392578125,-4.244118291358708,-2.952487561486534,-1.964045521284667,0.6894014857746136,-1.3018362153281182,4.827243064632057,-0.5186087529434946,1.4811848676485573,-0.9339839387106944,-1.0753835563420644
10.0,151.0,1000.024169921875,-4.244100960653469,-2.9525344924275165,-1.9640580094619453,0.689425700374219,-1.301783349634846,4.827185439283369,-0.5186063944016102,1.4811678760287137,-0.9340079198646114,-1.0753885406870656
10.0,151.0,1000.0241088867188,-4.244104882892926,-2.952521535848605,-1.964055284119138,0.6894187664003386,-1.3017961027981952,4.827200866490284,-0.518607927215677,1.4811729675958132,-0.9340012816936908,-1.0753862900603628
10.0,151.0,1000.0242919921876,-4.244104829552319,-2.9525283925117907,-1.9640577343837524,0.6894206593591274,-1.3017943987670573,4.827193534864625,-0.5186060713627585,1.4811670556270196,-0.934003930029907,-1.0753890283101168
10.0,151.0,1000.0244750976562,-4.244106106149412,-2.952513237582304,-1.964055894041279,0.6894111679531045,-1.3018100559980494,4.827212960459693,-0.5186059496736872,1.4811697922646303,-0.9339912894001924,-1.0753911427271006
10.0,151.0,1000.0244140625,-4.244112188972471,-2.9525012900997134,-1.9640555707560927,0.6894045981456509,-1.3018348301285432,4.827225437081633,-0.518605807345204,1.481169467474369,-0.933982904917806,-1.0753958868015676
10.0,151.0,1000.0241088867188,-4.24410474667904,-2.952522725318363,-1.9640555751028748,0.6894193292273689,-1.3017979801473274,4.827198812018272,-0.5186065409755507,1.4811704760741131,-0.9340017081725582,-1.0753885525161726
10.0,151.0,1000.024169921875,-4.244115338533313,-2.952501978136905,-1.9640489908838048,0.6894092136090899,-1.3018210237940506,4.827225906811165,-0.5186081689314639,1.4811799758672723,-0.9339913551806776,-1.075384214904318
10.0,151.0,1000.0239868164062,-4.24411224748884,-2.952506137796903,-1.9640510693219968,0.6894112259579721,-1.3018158039129362,4.827220151018242,-0.51860735462364,1.481177283571884,-0.9339919618967372,-1.075386067565347
10.0,151.0,1000.024169921875,-4.244109284037001,-2.9525089506322475,-1.9640549583268143,0.6894091164098946,-1.301820655747827,4.827216893737273,-0.5186074696462484,1.4811730149884186,-0.9339895118677112,-1.0753912635575116
10.0,151.0,1000.0242309570312,-4.244111524501329,-2.95250996650204,-1.9640510683407688,0.6894132068207863,-1.301808091333303,4.827217041322525,-0.5186075929004712,1.4811773761590086,-0.93399606318708,-1.0753831699580267
10.0,151.0,1000.0242309570312,-4.244106143091619,-2.9525163906394947,-1.9640517899777992,0.689417564010756,-1.3018026702082426,4.827206408867726,-0.5186072528729309,1.4811752361835318,-0.933999630042857,-1.0753857005531129
10.0,151.0,1000.0243530273438,-4.244114369307924,-2.952499791695799,-1.9640531045683107,0.6894045650899852,-1.3018314113011442,4.827228441027934,-0.5186067165761372,1.4811749548877593,-0.933984944697814,-1.0753902375183522
10.0,151.0,1000.0239868164062,-4.244102186015851,-2.952535003442818,-1.9640579992932,0.6894246277794807,-1.301784024130057,4.827184528715874,-0.5186078467242963,1.4811673808371957,-0.9340090236343626,-1.0753864065783998
10.0,151.0,1000.0239868164062,-4.244102221608523,-2.952532025726218,-1.964057677504838,0.6894226053229353,-1.3017862773684723,4.827188926353497,-0.5186070055395433,1.481167291112615,-0.9340055060731194,-1.07538831400454
10.0,151.0,1000.0238037109376,-4.244107632099265,-2.9525120591686056,-1.964058942405276,0.6894084113955836,-1.3018203036860592,4.82721335198482,-0.5186058896248982,1.481166434123943,-0.9339879625889004,-1.0753958206701828
10.0,151.0,1000.0240478515624,-4.244100840098516,-2.9525326977656,-1.964056535773468,0.689423758881551,-1.3017812959478996,4.827186538276301,-0.5186090478237464,1.4811688126916964,-0.9340094528506606,-1.0753855354580644
10.0,151.0,1000.0241088867188,-4.244111819247559,-2.95250457004338,-1.9640534300586427,0.6894072730950604,-1.3018237830431234,4.827222230465811,-0.518607692475209,1.4811745033651222,-0.9339884477463648,-1.075389941632221
10.0,151.0,1000.0239868164062,-4.244108272394139,-2.9525132997436105,-1.9640520602275504,0.6894153672101409,-1.3018067470461825,4.827210911675429,-0.5186071075202818,1.481174955676129,-0.9339969339460428,-1.0753864508058033
10.0,151.0,1000.0242919921876,-4.244110147596722,-2.952498140264726,-1.964051827192832,0.689402764481013,-1.3018269135141498,4.827230027387241,-0.5186086238446999,1.4811761632237683,-0.933985515058863,-1.0753893928065543
10.0,151.0,1000.0241088867188,-4.244114306399814,-2.9524946305538973,-1.9640534093518,0.689402568621472,-1.301836906664577,4.827234317711165,-0.5186052541914634,1.481175028916233,-0.9339793103333304,-1.075393638491844
10.0,151.0,1000.0240478515624,-4.244108289402447,-2.9525142857407563,-1.9640519785564168,0.6894145935717342,-1.3018069531100285,4.827210533205815,-0.5186082133196193,1.481175110099537,-0.9339978894378717,-1.0753862093410382
10.0,151.0,1000.024169921875,-4.244111156197314,-2.9525028158463247,-1.9640591542880264,0.6894017773155365,-1.30183980595799,4.827225280704459,-0.5186043168706069,1.4811653825768012,-0.9339789822551072,-1.0754008729497326
10.0,151.0,1000.024169921875,-4.244108620954141,-2.952523220958076,-1.964051318808715,0.6894240985881943,-1.301787750486494,4.827200104664875,-0.5186068479622596,1.4811764302665011,-0.9340065098967436,-1.0753799999216742
10.0,151.0,1000.0243530273438,-4.244105527560166,-2.95252238557929,-1.964053008232264,0.6894203103813776,-1.301790341133847,4.827201476769504,-0.5186070882357781,1.4811738271026078,-0.9340033386910536,-1.0753831125244124
10.0,151.0,1000.0237426757812,-4.244103984750914,-2.952525590343055,-1.96405631676165,0.6894194463877357,-1.3017946972053345,4.827196039444617,-0.5186069300651655,1.4811693877885768,-0.9340020142167827,-1.0753890626070572
10.0,151.0,1000.0243530273438,-4.24411043100762,-2.9525053672307915,-1.9640544113432168,0.6894089640496812,-1.301819640892166,4.827221440701269,-0.5186064246092261,1.4811741995370618,-0.9339867271279304,-1.0753907199134831
10.0,151.0,1000.0242919921876,-4.244113353429966,-2.952494310234742,-1.9640485319223664,0.6894035015350433,-1.3018268080823785,4.82723476540164,-0.5186087997290647,1.4811812741393648,-0.9339873989066412,-1.0753846078350482
10.0,151.0,1000.02392578125,-4.24411108699695,-2.952506565694686,-1.96404983355272,0.6894124560340167,-1.3018105774355515,4.82721906884125,-0.5186083328178537,1.481179197666398,-0.9339956831121868,-1.0753827034355297
10.0,151.0,1000.0242919921876,-4.244112855663842,-2.9525029196658967,-1.9640536367493693,0.6894074877403247,-1.301827995397733,4.8272243373673085,-0.5186057632329195,1.4811749549578843,-0.9339863695567168,-1.0753910556436792
10.0,151.0,1000.024169921875,-4.2441052891245175,-2.952522923073297,-1.964053746291003,0.6894212796342174,-1.3017944240193136,4.827198919848755,-0.5186068592512303,1.4811721827435165,-0.9340038099414922,-1.0753855934588694
10.0,151.0,1000.024169921875,-4.244103685075465,-2.952530718753702,-1.964054660591259,0.6894239700482041,-1.30178447014028,4.827190964874884,-0.5186079491736821,1.4811721223498706,-0.9340085008300384,-1.075383109421053
10.0,151.0,1000.0238037109376,-4.244116461435284,-2.9524935471047127,-1.964051269270378,0.6894020110728514,-1.3018397005541709,4.827236344353423,-0.5186060809190609,1.481176872323112,-0.9339805094788723,-1.075391635825122
10.0,151.0,1000.0243530273438,-4.244110050748248,-2.9525118779431017,-1.9640530951476527,0.6894123957892271,-1.30181257155563,4.827213158732462,-0.5186080848779016,1.4811747298344615,-0.9339958356803324,-1.0753867820157654
10.0,151.0,1000.0244750976562,-4.244105223719593,-2.952524483364934,-1.964052731425471,0.6894207556842433,-1.3017920094710194,4.82719698494161,-0.5186090350132391,1.4811726905852884,-0.934007256953458,-1.0753825988596493
10.0,151.0,1000.0241088867188,-4.244114828071329,-2.952494326416016,-1.9640495968719167,0.6894040001349255,-1.3018304015272877,4.8272348990086265,-0.5186083147453875,1.4811787919807164,-0.9339848331934028,-1.0753865681212456
10.0,151.0,1000.0243530273438,-4.244096955397374,-2.952547874812522,-1.964053182223924,0.6894372969206044,-1.301750326248559,4.82716780766367,-0.5186109398473429,1.4811744169980914,-0.9340268962382918,-1.0753744440189372
10.0,151.0,1000.0242309570312,-4.244109107608518,-2.952507508223264,-1.9640522646443528,0.6894115399307932,-1.3018160491317206,4.827217875050149,-0.5186079079046388,1.4811756842964208,-0.9339926968508818,-1.075387962317662
10.0,151.0,1000.024169921875,-4.244109356535243,-2.9525097358618044,-1.9640516694342844,0.6894129908522695,-1.301809993328877,4.82721516381698,-0.5186075886338868,1.481176171217481,-0.9339961536708152,-1.0753853954522974
10.0,151.0,1000.0241088867188,-4.244103232535256,-2.95252683819746,-1.9640556793905124,0.6894214563002237,-1.3017876217046709,4.827195016954777,-0.5186082574836535,1.4811723267055434,-0.9340049716590286,-1.075384855191147
10.0,151.0,1000.0242309570312,-4.244110183093883,-2.9525114852518755,-1.9640537303214685,0.6894134791725515,-1.3018127375207915,4.827214821430127,-0.5186064738082328,1.4811744095310957,-0.933993306105072,-1.0753885630852378
10.0,151.0,1000.0242919921876,-4.244109426881368,-2.952510582328918,-1.9640581967517368,0.6894089567653499,-1.3018204058203198,4.827215615913472,-0.5186051133138561,1.481167805843894,-0.9339880828026512,-1.0753942961973624
10.0,151.0,1000.0243530273438,-4.244103693321916,-2.952523100134321,-1.964054926650371,0.6894212675135662,-1.3017887472715373,4.827199084954268,-0.5186083406915589,1.481173366108857,-0.9340038621524602,-1.075383695105005
10.0,151.0,1000.024169921875,-4.244117259429408,-2.9524914076697346,-1.9640475391797725,0.6894037754161619,-1.3018299544731855,4.82723907601361,-0.5186078514569212,1.4811825811679578,-0.9339847344064234,-1.075384334379078
10.0,151.0,1000.0244750976562,-4.244115418144496,-2.9524895033954675,-1.9640554785431164,0.6893965284713257,-1.3018533402023746,4.827240033394913,-0.5186058748442424,1.4811726729941963,-0.9339733380774816,-1.0753988739616678
10.0,151.0,1000.02392578125,-4.244101587353962,-2.9525360940952474,-1.9640579418628152,0.6894260249091024,-1.301780376085015,4.82718314731043,-0.5186077385206493,1.4811677115378687,-0.9340096115567222,-1.075386571489796
10.0,152.0,1000.0241088867188,-4.24410497712551,-2.952527688327921,-1.9640580543528947,0.6894196205166692,-1.3017945363583037,4.827193656277002,-0.5186071117979774,1.4811670353244093,-0.9340023473477332,-1.075388919730218
10.0,152.0,1000.0240478515624,-4.244099657341126,-2.9525387298996475,-1.9640601597679408,0.6894265394261403,-1.3017791736891091,4.827179955277046,-0.51860664804581,1.48116440677832,-0.9340098772040796,-1.0753886161120811
10.0,152.0,1000.0241088867188,-4.244116329926281,-2.9524934725223733,-1.9640498373012207,0.6894029420345982,-1.301835315261477,4.827236525293145,-0.5186059488854502,1.481178583590996,-0.9339820614712552,-1.0753898557658363
10.0,152.0,1000.0240478515624,-4.244107945244243,-2.952516638186568,-1.9640557717988385,0.6894143801815646,-1.301811936734556,4.827207622812015,-0.5186064296061428,1.4811708762804043,-0.9339940800644352,-1.0753918701387843
10.0,152.0,1000.02392578125,-4.244107922130847,-2.9525201662153084,-1.9640558001060355,0.6894167148828698,-1.3018049636816809,4.827203684813608,-0.5186062352345822,1.4811690581420942,-0.9339976907840626,-1.075389719517105
10.0,152.0,1000.0240478515624,-4.244114837263621,-2.9524954851047123,-1.9640522388599968,0.6894028801937164,-1.3018354167354178,4.827233877191441,-0.5186063282497484,1.481176337583249,-0.9339812653427284,-1.075391766288777
10.0,152.0,1000.024169921875,-4.244099016675625,-2.9525306156183064,-1.96405879904208,0.689421688491489,-1.3017894101693894,4.827189185908258,-0.5186066683761235,1.4811662439857771,-0.9340039721804,-1.0753912710364908
10.0,152.0,1000.0242919921876,-4.244101657033614,-2.9525323666902152,-1.9640607248584223,0.6894201069033921,-1.3017936869944546,4.827188491170826,-0.518606959937256,1.4811655586249053,-0.9340017867278484,-1.0753921049833632
10.0,152.0,1000.0241088867188,-4.244113367900459,-2.9524988168228896,-1.964054746887935,0.6894023282803428,-1.301836342731057,4.827230059433735,-0.5186057814163565,1.481171952563293,-0.9339811966311437,-1.0753949882531808
10.0,152.0,1000.0238647460938,-4.244101346186151,-2.9525338103431302,-1.96405908628804,0.6894236323113194,-1.3017847109169036,4.827186093658632,-0.5186063928924742,1.4811656656406305,-0.9340062254860096,-1.0753888343184117
10.0,152.0,1000.024169921875,-4.2441017979871685,-2.952523138325804,-1.9640592701558648,0.6894140221589486,-1.301804485485143,4.827198670403529,-0.5186081636828774,1.481166513999696,-0.9339971767611984,-1.0753941331576344
10.0,152.0,1000.0238037109376,-4.244104145586029,-2.95252648222894,-1.96405599517838,0.6894195400547884,-1.3017937837025624,4.827195652622407,-0.5186074243557286,1.4811702332996566,-0.9340030122182474,-1.0753880543791785
10.0,152.0,1000.0242919921876,-4.244105333890195,-2.9525231956625824,-1.9640533140243608,0.6894200963610491,-1.3017924318555525,4.82719978428036,-0.5186090003742088,1.4811748513001248,-0.9340035962564333,-1.07538300428397
10.0,152.0,1000.0242309570312,-4.244106318131992,-2.9525277515410657,-1.9640530690190767,0.6894235178930943,-1.301784171944262,4.827194379549098,-0.518608062405244,1.4811743435803564,-0.9340082500590432,-1.0753814985614785
10.0,152.0,1000.0240478515624,-4.244111883673651,-2.952508409786282,-1.9640536710776328,0.6894110534017237,-1.301818311097311,4.827218005193529,-0.5186066383488788,1.4811740259246982,-0.9339915223477532,-1.0753889306147513
10.0,152.0,1000.0239868164062,-4.244104430570205,-2.9525221046163126,-1.964057642619564,0.6894151765452623,-1.301803302979022,4.8271999496971,-0.5186077330817191,1.4811672114540275,-0.9339986077168928,-1.0753913324398363
10.0,152.0,1000.0237426757812,-4.244106748992833,-2.952511687195668,-1.964055492424188,0.6894115144550819,-1.3018125708338242,4.827213057803338,-0.5186073325379406,1.4811711044936615,-0.9339923197843368,-1.0753907208488478
10.0,152.0,1000.0239868164062,-4.24410299797572,-2.9525417748630973,-1.9640545120000268,0.6894336523235056,-1.3017663028393391,4.827177489873044,-0.5186064578977376,1.4811721493300958,-0.9340177401263796,-1.0753795683394478
10.0,152.0,1000.0242919921876,-4.244112024469792,-2.9525111599857827,-1.964051863617088,0.6894152110131682,-1.3018089945312328,4.827214931604374,-0.5186066690819935,1.4811766942573037,-0.93399464869014,-1.075385193902191
10.0,152.0,1000.0243530273438,-4.244110903111209,-2.9525116200709443,-1.964052753313068,0.6894150634148559,-1.3018083322159453,4.827214151176641,-0.518606623637603,1.4811764363208135,-0.933995017840222,-1.0753851092586286
10.0,152.0,1000.024169921875,-4.244106908582107,-2.952513190407417,-1.9640544079209763,0.6894129589780835,-1.3018086425689872,4.827210175884888,-0.5186082587316223,1.481173380973399,-0.9339958193222824,-1.0753880012976396
10.0,152.0,1000.0244140625,-4.244106906239705,-2.9525136839704844,-1.96405028555571,0.6894177752843316,-1.3017986500323948,4.827210472593407,-0.5186080919092975,1.4811794525247954,-0.9339996505143846,-1.075381908460841
10.0,152.0,1000.0237426757812,-4.244102090860501,-2.952533200771597,-1.9640566122737164,0.6894245002743222,-1.301780569033622,4.827186415020695,-0.5186079571106674,1.481169173744096,-0.9340101483231064,-1.0753846407256384
10.0,152.0,1000.0242919921876,-4.244111231846187,-2.9525009679447174,-1.9640564857328089,0.6894016939388417,-1.3018377531084129,4.827226369928088,-0.5186059637081879,1.4811685293555596,-0.9339797082317958,-1.0753990268982785
10.0,152.0,1000.0242919921876,-4.244101710931612,-2.952542209799038,-1.964055623395496,0.6894306607956588,-1.3017701876707406,4.827175776175292,-0.5186083486924637,1.4811701706790972,-0.9340179667241948,-1.0753819010626309
10.0,152.0,1000.024169921875,-4.244110709367755,-2.952497626718994,-1.964054413166932,0.6894012812923735,-1.301835034038668,4.827230079878984,-0.518606872192918,1.4811715563343115,-0.9339802733407464,-1.0753960864473355
10.0,152.0,1000.02392578125,-4.244111485295252,-2.952506077163516,-1.9640515606237745,0.6894106319533089,-1.3018147360372732,4.827219779056208,-0.5186074209514464,1.4811771991424214,-0.933992466188352,-1.075385231553312
10.0,152.0,1000.0243530273438,-4.244105485710407,-2.952513007925764,-1.9640583104837388,0.6894071259251469,-1.301820181831288,4.827211698059738,-0.5186068687757404,1.4811658363378903,-0.9339890821961676,-1.0753965583108305
10.0,152.0,1000.0241088867188,-4.244111835589806,-2.9525054380477305,-1.9640476235852,0.6894124743247687,-1.3018105883634885,4.827220006645391,-0.5186090521325566,1.4811815011451932,-0.9339965712241955,-1.0753813550385596
10.0,152.0,1000.0241088867188,-4.244109503465162,-2.9525083813216018,-1.9640564869352688,0.6894075146002798,-1.3018222714342915,4.827217687342383,-0.5186064624992106,1.481169541695496,-0.9339888956205672,-1.0753929965519735
10.0,152.0,1000.0239868164062,-4.244098597879145,-2.952542845683714,-1.9640599398635143,0.6894289916570564,-1.3017730888979149,4.827174807140079,-0.5186078159633203,1.481164260104575,-0.934013314898838,-1.0753868867786878
10.0,152.0,1000.024169921875,-4.244114980589705,-2.952493570003915,-1.964051532615648,0.6894026550224623,-1.3018354040529836,4.827235119477182,-0.5186058482560627,1.4811769852028007,-0.9339809796866652,-1.075391665930245
10.0,152.0,1000.0242309570312,-4.244104682781602,-2.952519695520308,-1.964054034560983,0.6894170160029862,-1.3017995496373054,4.827202799928008,-0.518608099108981,1.4811714436589494,-0.9340005520937638,-1.0753876682756562
10.0,152.0,1000.0243530273438,-4.244104247668751,-2.952525170399473,-1.964059091172197,0.689414571843713,-1.3018010588951356,4.827197912724698,-0.518607175492555,1.481165813555684,-0.9339985874718096,-1.0753925278424732
10.0,152.0,1000.0242919921876,-4.244103087126679,-2.952518542801102,-1.964053769687728,0.6894148322774356,-1.3017977171811417,4.827203985251128,-0.5186096218686469,1.4811730772222005,-0.9340015488914196,-1.0753849537344378
10.0,152.0,1000.0244140625,-4.244110267533183,-2.952512292894409,-1.9640538789642124,0.6894116366375247,-1.301811678307621,4.827212890137179,-0.5186071972409083,1.4811720163629838,-0.9339948214359212,-1.0753884360145611
10.0,152.0,1000.02392578125,-4.2441079717128005,-2.9525195355697504,-1.964056820888432,0.6894158313132328,-1.3018073119284752,4.827204478878942,-0.5186053460417019,1.481168627469632,-0.9339956307007372,-1.0753909045674548
10.0,152.0,1000.023681640625,-4.244106294584138,-2.95251691933622,-1.9640531294424008,0.6894162999307181,-1.3017993924134084,4.827206601820494,-0.5186083865420272,1.48117463821427,-0.934000056065825,-1.0753845186697717
10.0,152.0,1000.0240478515624,-4.2441082296190125,-2.9525094439492388,-1.964051144512181,0.6894120913114872,-1.301810833774236,4.827215700085743,-0.5186085456717029,1.4811772224386024,-0.933995728791138,-1.0753856449517922
10.0,152.0,1000.0243530273438,-4.244111459067113,-2.952504870056933,-1.964053646437459,0.6894079285610388,-1.3018262894130532,4.827221008976837,-0.5186062666865983,1.4811726879644187,-0.9339889679395794,-1.0753920603103055
10.0,152.0,1000.024169921875,-4.244107276141789,-2.952512081012592,-1.964055757792332,0.6894091353712462,-1.3018154175429109,4.827213726560336,-0.5186074991016367,1.4811705638411468,-0.933991857018742,-1.0753916524898628
10.0,152.0,1000.0241088867188,-4.2441116789049,-2.952507148768248,-1.964051689220593,0.6894111647619425,-1.301812939759582,4.82721981303415,-0.5186073545546872,1.4811768785900856,-0.9339931702917496,-1.0753854290365474
10.0,152.0,1000.024169921875,-4.24411038584732,-2.952506102908437,-1.964056466649444,0.6894068953036827,-1.3018282231110003,4.827220707101072,-0.5186047472350666,1.4811694921678766,-0.9339838159721195,-1.0753967909123907
10.0,152.0,1000.0242309570312,-4.244121743315064,-2.9524697173411645,-1.9640462884884784,0.6893911805604773,-1.3018630240288838,4.827264535968896,-0.5186063054652941,1.481184597291227,-0.9339656486651196,-1.0753914960602016
10.0,152.0,1000.0239868164062,-4.2441081991625405,-2.9525107330305493,-1.96405475247272,0.6894111494350428,-1.3018112055133813,4.827214246185337,-0.5186073443166777,1.4811729626711134,-0.9339926702273074,-1.0753891901752253
10.0,152.0,1000.0242919921876,-4.244109382444644,-2.952506179629315,-1.9640565149556808,0.6894062831396113,-1.3018289561456653,4.827220369549252,-0.518605997213351,1.4811701234280903,-0.9339859485243176,-1.075395865424439
10.0,152.0,1000.0242919921876,-4.244109422623854,-2.952526925511308,-1.964050860953436,0.6894247296204279,-1.301788300458556,4.827195426232455,-0.5186075501004135,1.4811764958829166,-0.9340088773712,-1.075380596420647
10.0,152.0,1000.02392578125,-4.2440994642308745,-2.952539797054045,-1.964058210437185,0.6894275405391568,-1.3017756311702424,4.827178590859724,-0.5186079984465142,1.4811657818180706,-0.9340120961454677,-1.075386376500107
10.0,152.0,1000.024169921875,-4.24410621418875,-2.9525204199247894,-1.9640589985565544,0.6894130771318796,-1.3018085895176943,4.827202601415175,-0.5186069102944142,1.481165643773414,-0.9339948840262736,-1.075393355083154
10.0,152.0,1000.0244140625,-4.244111043376906,-2.952511457371754,-1.964047267413544,0.6894159308828431,-1.3018028412828295,4.827213151735636,-0.5186083889730879,1.4811806422766516,-0.9340012153991468,-1.0753803590569275
10.0,153.0,1000.0242919921876,-4.244104459237508,-2.9525185614996143,-1.964055298385465,0.6894151592135707,-1.301802698874285,4.827202942067405,-0.5186086177483675,1.4811710236104751,-0.9339996275639127,-1.075388868656748
10.0,153.0,1000.024169921875,-4.2440987516028885,-2.95253657712672,-1.964062044205571,0.689422970552604,-1.3017857592367346,4.827182860963822,-0.5186065997181766,1.4811619456633789,-0.9340062745384614,-1.0753915839920365
10.0,153.0,1000.0241088867188,-4.24410620461175,-2.952513005900032,-1.964056276026256,0.6894099844130475,-1.3018122099669367,4.827211404871356,-0.5186085294738394,1.4811709226170038,-0.9339928127223472,-1.0753908914816677
10.0,153.0,1000.0242919921876,-4.244103868036119,-2.95252390038336,-1.9640540278937708,0.6894213612989084,-1.3017873586800333,4.827197719979832,-0.5186078322431316,1.481172893247935,-0.9340051585494598,-1.075382467225991
10.0,153.0,1000.024169921875,-4.244099989410636,-2.952530416690213,-1.964060266430044,0.6894205979646442,-1.3017916316035336,4.827190791446382,-0.5186062503030184,1.481164732619927,-0.9340014885425472,-1.0753921148239671
10.0,153.0,1000.024169921875,-4.2441095114181575,-2.952513520357462,-1.964052899843543,0.6894159013066146,-1.3018063467989167,4.827210441407345,-0.5186069501606729,1.4811746815971976,-0.933996375111076,-1.0753862713061633
10.0,153.0,1000.0238037109376,-4.244101692072741,-2.952537047775362,-1.9640556883242464,0.6894276465781566,-1.301774353674621,4.827183217680847,-0.5186085209984999,1.4811703910783836,-0.934013159969199,-1.075382254799273
10.0,153.0,1000.0240478515624,-4.2441114305392205,-2.952507744568248,-1.964049081736921,0.6894138772421456,-1.3018081438142852,4.827217549658657,-0.5186081850245392,1.481179363422748,-0.933996825526746,-1.0753816359490371
10.0,153.0,1000.0241088867188,-4.244109229675155,-2.952511628860205,-1.9640541144393049,0.6894120157364085,-1.301813241771289,4.827213896063872,-0.5186068380879654,1.481172296183261,-0.9339939417249808,-1.0753885996295938
10.0,153.0,1000.02392578125,-4.244110752648828,-2.952502104910259,-1.964055003107512,0.6894044412500167,-1.3018298141612683,4.827225624528948,-0.5186061343959789,1.4811715149505569,-0.9339845061633794,-1.0753941428023213
10.0,153.0,1000.0243530273438,-4.244112983150537,-2.952502775800461,-1.9640474762212907,0.6894119178028664,-1.3018100577695515,4.8272236059938844,-0.5186084631799517,1.481181797087876,-0.9339965560095544,-1.0753796121801915
10.0,153.0,1000.0238647460938,-4.244104261587424,-2.952525048876879,-1.964057662704012,0.6894187253933195,-1.3017964438652747,4.827197434693492,-0.518606752300486,1.4811675451444364,-0.9339999223885656,-1.0753894945626217
10.0,153.0,1000.0244750976562,-4.244106419044469,-2.952514281301635,-1.9640573986943632,0.6894136929364834,-1.301811603611628,4.827209292389371,-0.5186051375332239,1.4811682719118338,-0.933992748000751,-1.0753924761438376
10.0,153.0,1000.023681640625,-4.244102989875376,-2.952534702554353,-1.964056538419752,0.6894262001169951,-1.3017816543176486,4.827185526324627,-0.51860703480647,1.4811695941752827,-0.934009481943142,-1.075385377775166
10.0,153.0,1000.024169921875,-4.244101267486615,-2.9525406964400664,-1.964057876191359,0.6894287865979365,-1.3017749628777504,4.827177017198936,-0.5186072967231334,1.4811671556723771,-0.9340133826318278,-1.0753850480544047
10.0,153.0,1000.0243530273438,-4.244105111843676,-2.952519262282663,-1.964058762129005,0.689412149245312,-1.3018081865581914,4.827203863198113,-0.5186075162962087,1.4811659560228865,-0.9339955252412092,-1.075393057505898
10.0,153.0,1000.0239868164062,-4.244109339582983,-2.952512179887896,-1.9640552371964173,0.6894119791374518,-1.3018140415193051,4.827212473351789,-0.5186057415675425,1.4811706222796095,-0.9339918187673604,-1.0753906122203154
10.0,153.0,1000.0242309570312,-4.244109163276751,-2.9525143850795703,-1.9640534136882697,0.6894133815739414,-1.301808292767524,4.827211011705137,-0.5186069575835877,1.481174093970143,-0.9339960176924124,-1.0753871845136609
10.0,153.0,1000.024169921875,-4.244108970781638,-2.952507069406641,-1.9640532580696464,0.6894085568958968,-1.3018179767752356,4.827218270577914,-0.5186083978528702,1.481173648158891,-0.9339912876069344,-1.0753896977871973
10.0,153.0,1000.0242309570312,-4.244099198527288,-2.952538954713327,-1.964059639518652,0.689427210068204,-1.30177955220157,4.8271801308296745,-0.518605947683433,1.4811644612371255,-0.9340093089107296,-1.0753891861801297
10.0,153.0,1000.0237426757812,-4.244102610769801,-2.9525320007290743,-1.96405425104972,0.6894258020930586,-1.3017772134557748,4.82718806232748,-0.5186083946237989,1.4811725964852815,-0.9340119183958588,-1.0753812247674772
10.0,153.0,1000.0241088867188,-4.244107111242462,-2.9525167997309008,-1.964054868941553,0.6894135164703172,-1.3018061804748011,4.827207093630491,-0.5186079930128056,1.4811718386957065,-0.9339971401422646,-1.075388936474686
10.0,153.0,1000.02392578125,-4.24410465506913,-2.9525250345205327,-1.9640553488470625,0.6894192748883903,-1.301794639542483,4.827197537950694,-0.5186071551253155,1.4811705936872055,-0.9340022324639704,-1.0753880610599142
10.0,153.0,1000.0240478515624,-4.244107048790655,-2.9525151768057136,-1.9640489555283367,0.6894184799581984,-1.3017924044692215,4.827209142182159,-0.518609000529362,1.4811798763220088,-0.9340029055817104,-1.07537895398718
10.0,153.0,1000.024169921875,-4.244098043610041,-2.952539773985095,-1.964059943009872,0.689425272818478,-1.301775185484554,4.827178078348084,-0.5186083191088473,1.4811644626684997,-0.9340114792296124,-1.0753881503329683
10.0,153.0,1000.023681640625,-4.2441022247757925,-2.9525359850417576,-1.964054479075508,0.6894284971670261,-1.3017708933268528,4.827184176547835,-0.5186082285452747,1.48117264153856,-0.934014315596567,-1.0753793361274493
10.0,153.0,1000.024169921875,-4.244105404210935,-2.952526645719396,-1.9640565364664928,0.6894211751450632,-1.3017880518342868,4.827195987195482,-0.5186072627476568,1.4811709341531485,-0.9340039332566006,-1.0753850956233029
10.0,153.0,1000.02392578125,-4.244096943779704,-2.952548718686759,-1.964060476117512,0.6894333598013693,-1.3017646873291548,4.827167932246132,-0.5186067056773123,1.4811641114562306,-0.9340171437458348,-1.0753866854107064
10.0,153.0,1000.02392578125,-4.244109009435336,-2.9525139922336936,-1.9640531275393656,0.689414311928207,-1.3018077106626569,4.827211271528149,-0.5186076536052369,1.4811746028363624,-0.9339964471476544,-1.0753866557771548
10.0,153.0,1000.0242309570312,-4.244110925078735,-2.9525114728211217,-1.9640514106225844,0.689414218956661,-1.3018093377079127,4.827214535277143,-0.5186078662577769,1.4811773856228552,-0.9339959430157548,-1.075385189385656
10.0,153.0,1000.0238037109376,-4.24410358137896,-2.9525283528511297,-1.964055989146144,0.6894210393130162,-1.3017895870277578,4.827193369277257,-0.5186086264308001,1.481169980259453,-0.9340054363211534,-1.0753864612805015
10.0,153.0,1000.0241088867188,-4.244100965837043,-2.9525399751068897,-1.964056228897721,0.6894295022434758,-1.301771100441282,4.827178213290287,-0.5186074888622088,1.481169033949482,-0.9340160883024556,-1.075381925609947
10.0,153.0,1000.0242919921876,-4.2441110220524845,-2.952507473464178,-1.9640513964104425,0.6894111872295436,-1.3018151785865033,4.827217683082555,-0.5186075228040679,1.481176265810884,-0.9339944041091232,-1.075386529634927
10.0,153.0,1000.0242309570312,-4.2441062597084525,-2.9525262981293974,-1.9640538067062656,0.6894241287887564,-1.3017862973548144,4.827195907754627,-0.5186068649463378,1.481173427305106,-0.9340065439638224,-1.075382465976932
10.0,153.0,1000.0239868164062,-4.244102637849207,-2.9525313788132324,-1.964054271558714,0.6894254471252337,-1.301780576502411,4.82718850667225,-0.5186086828595595,1.4811725394180932,-0.9340109938249376,-1.0753823109391147
10.0,153.0,1000.0237426757812,-4.244106118646242,-2.9525201912080195,-1.964055504400364,0.6894164039874786,-1.3018005446153105,4.827203843110489,-0.5186070960331044,1.48117058644981,-0.9339986905179288,-1.0753881325507215
10.0,153.0,1000.0239868164062,-4.244102169367903,-2.952527124058234,-1.964057344403499,0.6894192663361043,-1.3017916563855132,4.82719463063864,-0.5186073021692659,1.4811683424747493,-0.93400245856001,-1.0753886305332454
10.0,153.0,1000.024169921875,-4.244109696461093,-2.952509060357322,-1.9640512171047355,0.6894115866509622,-1.3018090412352916,4.827216332217102,-0.5186088127458852,1.4811771957746505,-0.933996778519404,-1.075383709635502
10.0,153.0,1000.0239868164062,-4.2441039035480586,-2.9525295033673435,-1.964056220764712,0.6894221240463398,-1.3017874030737997,4.827191709580813,-0.5186081449061009,1.4811700973018862,-0.9340064605591608,-1.075386277146046
10.0,153.0,1000.0241088867188,-4.244108924633124,-2.9525095332077784,-1.964051480324304,0.6894117759074003,-1.3018106153093942,4.827215863072677,-0.518608167927769,1.4811762909881407,-0.9339956634835014,-1.0753849891870004
10.0,153.0,1000.0242309570312,-4.244105782774689,-2.952524889670814,-1.9640559914477245,0.6894185350561353,-1.3017976265402087,4.827197823615322,-0.5186075194677633,1.481170216310197,-0.9340022726039452,-1.0753881705059951
10.0,153.0,1000.0239868164062,-4.244110900072326,-2.952506229891718,-1.964052605701944,0.6894107206111499,-1.3018184900431369,4.8272202795649175,-0.5186068969133437,1.481175778222589,-0.9339911831123056,-1.0753886855800858
10.0,153.0,1000.0238647460938,-4.244100625752527,-2.952540149069955,-1.9640572564715084,0.6894284177238399,-1.3017723009406468,4.827179227671264,-0.5186078630544575,1.4811686656901744,-0.9340137556517494,-1.0753838694778044
10.0,153.0,1000.023681640625,-4.24409794767164,-2.9525405814573435,-1.96405921030386,0.6894273119339456,-1.3017728019146002,4.8271775759152895,-0.5186082849636602,1.481165813550379,-0.9340127938935296,-1.0753863548075628
10.0,153.0,1000.0242309570312,-4.244104546194276,-2.952530831318387,-1.9640565082719408,0.6894233437132318,-1.3017858238310742,4.827190382691079,-0.518607368922237,1.481171173209157,-0.9340070469330346,-1.0753856595194735
10.0,153.0,1000.0236206054688,-4.2441031967951846,-2.952527539080669,-1.964056843160897,0.6894212343820296,-1.301790777145463,4.827193389985728,-0.5186072149551872,1.481169346030188,-0.9340036283720624,-1.0753877129115614
10.0,153.0,1000.0240478515624,-4.244103283176248,-2.952528708782764,-1.9640597652011644,0.6894196570264679,-1.3017941949360736,4.827193284799346,-0.5186063963274936,1.4811663592349742,-0.9340007009397144,-1.0753905100147176
10.0,153.0,1000.0240478515624,-4.244102016094386,-2.9525400238680484,-1.9640524452644792,0.6894331346528553,-1.3017637328132636,4.827178839447173,-0.5186087625817013,1.4811756809512548,-0.9340198395332636,-1.0753759366471027
10.0,153.0,1000.0239868164062,-4.244107607620417,-2.9525144507630467,-1.9640532757557,0.6894152334994308,-1.301806385855568,4.827210176766737,-0.5186072929866228,1.4811741822491244,-0.9339958024995756,-1.0753869758230508
10.0,153.0,1000.024169921875,-4.244105072363742,-2.952524675773934,-1.9640575101434448,0.6894185637411043,-1.3018000135943253,4.827197629035991,-0.5186058062596732,1.481166663442803,-0.9339994737506788,-1.0753911931498914
10.0,154.0,1000.0238037109376,-4.2441030939586994,-2.9525284047533376,-1.9640571466000205,0.6894216380689624,-1.30179010550388,4.827193366028451,-0.5186070153756948,1.4811695208723554,-0.934004004611376,-1.075387860501512
10.0,154.0,1000.0240478515624,-4.244095896988135,-2.952557320229197,-1.964057323535384,0.689440657893087,-1.3017438987533558,4.827158591075163,-0.5186081685960344,1.4811676919324954,-0.9340290481638522,-1.0753773013345684
10.0,154.0,1000.0238037109376,-4.244108534074647,-2.9525077047846406,-1.9640565345086065,0.6894065210139901,-1.3018227396351305,4.827218157480996,-0.5186061320625068,1.4811696733353843,-0.9339871278753566,-1.0753945635386577
10.0,154.0,1000.0235595703124,-4.244110462035286,-2.952508164399454,-1.96405069238573,0.6894129092843793,-1.3018099213494263,4.827217551467394,-0.5186077114792216,1.4811782890303444,-0.9339948731231216,-1.0753842712400423
10.0,154.0,1000.0242919921876,-4.244107362826578,-2.952514446488708,-1.9640517594381608,0.689416984675435,-1.3017993266004009,4.827208562977209,-0.5186079064947027,1.4811753297420929,-0.934000470989754,-1.0753829075736006
10.0,154.0,1000.0242919921876,-4.244098625866471,-2.952538533757964,-1.964056261803416,0.6894285207701039,-1.3017694798390194,4.827179633972131,-0.5186081883493712,1.4811700324001285,-0.9340148916351794,-1.075383232786706
10.0,154.0,1000.0238647460938,-4.244096701342336,-2.95254566066872,-1.9640595785074528,0.6894304597932681,-1.3017647709886089,4.8271710725089925,-0.5186084700282727,1.4811656120256682,-0.9340168618282344,-1.0753847089279374
10.0,154.0,1000.0241088867188,-4.244101330336419,-2.952532648162768,-1.9640585511565043,0.6894214847673226,-1.3017863423507454,4.827187902811055,-0.5186074259377014,1.4811662491305713,-0.9340052658800316,-1.075389055246796
10.0,154.0,1000.0239868164062,-4.244107964126962,-2.952522488138832,-1.9640483247017,0.6894245493334044,-1.301781339968311,4.827200238843961,-0.5186097427948484,1.4811812614026536,-0.9340106265225936,-1.0753747761431187
10.0,154.0,1000.0239868164062,-4.244100644837355,-2.952538275815781,-1.964060608163674,0.6894262472953248,-1.301782091399442,4.827180843094576,-0.5186052611029872,1.481163839974597,-0.9340078727411996,-1.0753902296528954
10.0,154.0,1000.0241088867188,-4.244101932830109,-2.9525295903499824,-1.9640555295216937,0.6894230731492277,-1.3017815961974972,4.827190895673093,-0.5186081380786343,1.4811711755808543,-0.9340078384807377,-1.0753844609849263
10.0,154.0,1000.0242309570312,-4.244100809984766,-2.9525368093150344,-1.9640573291432069,0.6894259272703493,-1.3017799661778993,4.827181584488812,-0.5186072263758552,1.481166288732738,-0.9340112689643992,-1.0753866765056697
10.0,154.0,1000.0240478515624,-4.2441016554988975,-2.9525309716995403,-1.9640538824093632,0.6894254202241754,-1.3017757357572872,4.827189015850466,-0.5186091328417355,1.4811737961508005,-0.9340123681517296,-1.0753799977450944
10.0,154.0,1000.0241088867188,-4.244102849979496,-2.952532766082344,-1.9640574646292217,0.6894234795430298,-1.3017855897535275,4.8271874458272,-0.5186069175947345,1.4811668803378133,-0.934007571244094,-1.0753875276730875
10.0,154.0,1000.0240478515624,-4.24410049915609,-2.952543864307988,-1.964055795118996,0.6894325179931107,-1.3017626956632804,4.827174197240023,-0.5186089547892401,1.4811710240626654,-0.9340188950542156,-1.0753794304804765
10.0,154.0,1000.0239868164062,-4.244105111666075,-2.9525267841869245,-1.96405524346262,0.6894222261188068,-1.301788179074488,4.82719492358633,-0.5186075803799355,1.4811718668574834,-0.934005479886105,-1.0753840264408288
10.0,154.0,1000.0239868164062,-4.244105794115416,-2.952523386085548,-1.9640537855337608,0.6894200946504867,-1.3017915290512247,4.827199774877144,-0.5186072306212308,1.4811735299637254,-0.9340037211717293,-1.075384187725028
10.0,154.0,1000.0237426757812,-4.244097762534276,-2.952545008732228,-1.9640603473279403,0.6894297697599026,-1.3017672387285373,4.827172423786895,-0.5186077995794491,1.4811646828652023,-0.934015163514414,-1.0753854159699805
10.0,154.0,1000.0242309570312,-4.24410799222375,-2.9525175182812187,-1.9640554429953136,0.6894162928984162,-1.3018061901696862,4.827205924387876,-0.518607329452144,1.4811724637156756,-0.9339970338909928,-1.075387829350018
10.0,154.0,1000.0243530273438,-4.24410622092442,-2.95252222867489,-1.964054334619894,0.6894209840834788,-1.301793835528955,4.8272008973604414,-0.5186064196606033,1.4811733619340517,-0.9340009182422176,-1.0753860357502305
10.0,154.0,1000.0241088867188,-4.244096568122362,-2.952558782064679,-1.964054318692611,0.6894452288350408,-1.3017336027818185,4.827156114671496,-0.5186093190545202,1.481172625342678,-0.9340336222235665,-1.075371407758464
10.0,154.0,1000.0242309570312,-4.244110073367582,-2.952505537152456,-1.9640551497234569,0.6894057875949064,-1.3018254141244503,4.827220842666767,-0.5186066018016957,1.481170917669168,-0.9339881042290106,-1.0753928553574132
10.0,154.0,1000.0242309570312,-4.244100534921745,-2.952533231842244,-1.9640597171323213,0.6894225628491659,-1.301789357050498,4.827187432127541,-0.5186063201308064,1.4811651767694487,-0.9340039554097644,-1.0753918023792757
10.0,154.0,1000.0241088867188,-4.244108255408966,-2.9525195219908933,-1.964053764961308,0.6894184638690568,-1.3017974019223937,4.827204518738471,-0.5186073030814224,1.4811735672580904,-0.9340013418570674,-1.07538465396356
10.0,154.0,1000.024169921875,-4.244099232630775,-2.952535138736055,-1.96405618215192,0.6894261133220461,-1.3017772009862778,4.827184531100947,-0.5186092483848403,1.48117019685007,-0.9340112439345188,-1.075384267755943
10.0,154.0,1000.0238037109376,-4.244107287633858,-2.952512763037804,-1.9640581330916933,0.6894092516187369,-1.3018197476547728,4.827212164560713,-0.5186070492079091,1.481167586703359,-0.9339888895369092,-1.0753954547791071
10.0,154.0,1000.024169921875,-4.244106687858499,-2.952528190299626,-1.9640494558091115,0.689427429731424,-1.3017756810240688,4.827194041593948,-0.5186094507883947,1.481179847731334,-0.9340129628553252,-1.0753752783472672
10.0,154.0,1000.0237426757812,-4.244111435436949,-2.952502523558028,-1.9640532452290176,0.6894061201867974,-1.301825548746927,4.82722502528382,-0.5186072744048023,1.4811741591186165,-0.933985900305859,-1.0753909744304986
10.0,154.0,1000.0239868164062,-4.244106599081071,-2.9525132842189663,-1.9640553761557045,0.689411748250909,-1.3018099363857587,4.827210677431937,-0.5186073738784955,1.4811709289074866,-0.933994013739035,-1.0753904221918242
10.0,154.0,1000.02392578125,-4.244103752044383,-2.952529207584458,-1.96405412533889,0.6894250755222924,-1.301782142709258,4.827191491193345,-0.5186079866118902,1.481173643083464,-0.9340085146801947,-1.0753823106318334
10.0,154.0,1000.0242309570312,-4.24410021897658,-2.952536154548301,-1.9640628261276745,0.6894226068349374,-1.3017883109797437,4.827182826497676,-0.5186065978822789,1.481162585078649,-0.9340049225029484,-1.075392362647051
10.0,154.0,1000.0237426757812,-4.244109950876483,-2.952510589699545,-1.964050893797158,0.6894147632049723,-1.3018077242083343,4.827214581893175,-0.5186068703173712,1.4811768768232572,-0.9339964028253503,-1.0753846346232177
10.0,154.0,1000.0241088867188,-4.244112296648432,-2.952503119077208,-1.9640512671912629,0.68940951417793,-1.301820415341219,4.8272239452492,-0.5186058585417568,1.48117621712598,-0.9339889810439308,-1.075387818951624
10.0,154.0,1000.024169921875,-4.244105483537711,-2.9525222553982826,-1.9640564891988863,0.6894163806215516,-1.301802405646276,4.827200085666014,-0.5186075329155226,1.4811691993670315,-0.9339993005142092,-1.075390520267729
10.0,154.0,1000.023681640625,-4.244099246484657,-2.952539899147184,-1.9640585671546875,0.6894279701308754,-1.3017724622633735,4.827178759454064,-0.5186075395181202,1.4811670757835866,-0.9340128142841628,-1.075384543043115
10.0,154.0,1000.02392578125,-4.244094723479657,-2.952557380307092,-1.964060870619437,0.6894365109582363,-1.3017521903871474,4.827158146369511,-0.5186083459683628,1.4811625324200808,-0.9340250252591868,-1.0753831142184458
10.0,154.0,1000.0241088867188,-4.244100260590308,-2.9525384547063247,-1.9640604961615569,0.6894261601618528,-1.3017761894891997,4.827180965641009,-0.5186066693952762,1.4811656976932683,-0.9340089368763272,-1.075386927579567
10.0,154.0,1000.0242919921876,-4.244113533239429,-2.952504285146339,-1.964050625117309,0.6894094385653284,-1.3018205690957825,4.827222965555055,-0.518607481101462,1.4811778238002304,-0.9339904615809632,-1.0753871499029892
10.0,154.0,1000.0237426757812,-4.244103399620795,-2.952526120686451,-1.964057325345717,0.689418583287841,-1.3017927850078852,4.827195517152308,-0.5186080587343804,1.4811695641768097,-0.9340024158199628,-1.0753875717426475
10.0,154.0,1000.0237426757812,-4.244108682123676,-2.952515822483183,-1.964052807946766,0.6894162664416816,-1.301803961138523,4.827208634553196,-0.5186073644278331,1.4811743968057929,-0.9339980889615608,-1.0753856712783405
10.0,154.0,1000.0240478515624,-4.244104380625328,-2.952516324112762,-1.9640594587235736,0.6894101136788127,-1.301817354242662,4.827207739359395,-0.5186060445155674,1.4811652857628663,-0.9339903489940156,-1.07539775050041
10.0,154.0,1000.0238647460938,-4.244107166613854,-2.952517052579717,-1.9640551765657177,0.6894145576751658,-1.301805163731697,4.827206912670324,-0.5186080182565451,1.481171714052869,-0.9339975463673628,-1.0753877633850817
10.0,154.0,1000.0238647460938,-4.244103352479609,-2.952530595893061,-1.96405443794434,0.6894245788080857,-1.3017816249782914,4.827190249490425,-0.5186075928281912,1.4811716420755143,-0.9340089725186314,-1.0753829933729486
10.0,154.0,1000.024169921875,-4.244106542583556,-2.9525201342181333,-1.964055512975713,0.6894155901867922,-1.301802292172256,4.827203555206495,-0.5186084003780822,1.4811716656471905,-0.9339986657516608,-1.0753875392496663
10.0,154.0,1000.0238037109376,-4.244110107369037,-2.952511082486155,-1.96404885844988,0.6894165747198961,-1.301801458020467,4.8272147344968825,-0.5186074099612163,1.4811804072823618,-0.9339987552794976,-1.0753806936335208
10.0,154.0,1000.024169921875,-4.244109069898796,-2.9525165692451334,-1.9640573214959105,0.6894122330225265,-1.3018128460866607,4.827209008251783,-0.518606539072108,1.4811682358974974,-0.9339925756063678,-1.0753921233203738
10.0,154.0,1000.0243530273438,-4.244098426637049,-2.9525364923713617,-1.964060346806621,0.6894231832861468,-1.3017814059318362,4.827182950519632,-0.5186078270279104,1.4811642841047226,-0.9340069022436124,-1.0753908650980244
10.0,154.0,1000.0241088867188,-4.24410814967256,-2.9525106648635804,-1.964054152853425,0.6894103264889289,-1.3018130721673158,4.827215028963238,-0.5186076990990864,1.481172020371683,-0.9339927261637272,-1.075388791628567
10.0,154.0,1000.0238647460938,-4.2441030871372005,-2.9525331256723897,-1.9640555886664552,0.6894259056767549,-1.301779967255742,4.827187912678049,-0.5186069666357049,1.4811709644757478,-0.9340098882395216,-1.0753835783653178
10.0,154.0,1000.0237426757812,-4.244099370717182,-2.9525387723857155,-1.9640575465150745,0.6894275639640615,-1.3017739074158443,4.827179603234576,-0.5186085120714194,1.4811678905938166,-0.9340132261458818,-1.075384093568096
10.0,155.0,1000.0240478515624,-4.24409880537662,-2.9525370505503847,-1.9640653566586828,0.6894210780909376,-1.301793494459428,4.827181684902014,-0.5186053258892844,1.4811573772104971,-0.934001707821798,-1.075398040197713
10.0,155.0,1000.0238647460938,-4.24410725183519,-2.952513320893747,-1.9640537303686143,0.6894130822501667,-1.3018071185666449,4.827211148128811,-0.5186081961049345,1.4811741870419048,-0.9339955831335168,-1.0753873480239182
10.0,155.0,1000.02392578125,-4.24410612650741,-2.9525210383764726,-1.9640542149943856,0.6894196995665913,-1.3017961922244852,4.827201736292787,-0.518606997614433,1.481173091161505,-0.9340010189303616,-1.0753857933538824
10.0,155.0,1000.0237426757812,-4.244103698496875,-2.952523715881602,-1.9640563794335808,0.6894196274818754,-1.301796506206279,4.827198482174728,-0.5186066022694167,1.481169564210365,-0.93400032405113,-1.0753891130095008
10.0,155.0,1000.02392578125,-4.244095969954167,-2.9525510348048463,-1.9640567462487937,0.6894375368162278,-1.3017501290115607,4.827165562003945,-0.5186087743006293,1.4811691119365742,-0.9340237654334116,-1.075379005495822
10.0,155.0,1000.0240478515624,-4.2441053526844215,-2.952525068188928,-1.964052865448552,0.6894223163972306,-1.3017851809821042,4.827196904733446,-0.5186087928219054,1.4811756171062047,-0.93400760031835,-1.0753797703171435
10.0,155.0,1000.0241088867188,-4.244089489969452,-2.952567364817096,-1.964063035579886,0.6894425345552087,-1.3017393907967856,4.827144311440023,-0.5186086718745475,1.4811594574810636,-0.934030440672486,-1.0753838587182232
10.0,155.0,1000.0240478515624,-4.244098172761648,-2.952546765456568,-1.9640585375725417,0.6894315294522411,-1.3017647287858032,4.827170459484499,-0.5186087896157634,1.4811662702327313,-0.9340178775884072,-1.0753841932915416
10.0,155.0,1000.0239868164062,-4.244107092024073,-2.9525152357393445,-1.9640578755696887,0.6894111951064028,-1.3018144410874797,4.827209424153216,-0.5186066397357383,1.481168084674315,-0.9339923246836692,-1.075392999176333
10.0,155.0,1000.0242309570312,-4.2441024803828284,-2.9525366445405385,-1.9640564738106023,0.6894285637936068,-1.3017749501021347,4.827182928217296,-0.5186068480954171,1.4811693031530655,-0.9340126389055116,-1.0753827831773206
10.0,155.0,1000.0240478515624,-4.244106166547814,-2.952528447474128,-1.9640532354412603,0.6894249560956167,-1.301783729253239,4.827193003255051,-0.5186077113249885,1.481173704359252,-0.9340091646894172,-1.0753809623666983
10.0,155.0,1000.0236206054688,-4.244104487378214,-2.9525246896445667,-1.964052621668671,0.6894225813631323,-1.3017853655785334,4.827197435122281,-0.518608125495871,1.4811754668430996,-0.9340066025957716,-1.0753812726404632
10.0,155.0,1000.0241088867188,-4.244101314316391,-2.95253728981403,-1.9640579740972963,0.6894274942958969,-1.3017779371020586,4.8271822835182725,-0.518606758150252,1.4811669496478412,-0.9340102370248076,-1.0753855035617987
10.0,155.0,1000.0238647460938,-4.244098757403404,-2.95253929032134,-1.964058319080019,0.6894265465674474,-1.3017755317268076,4.827179538240822,-0.5186086533443417,1.4811665981104971,-0.9340122109644078,-1.07538562615725
10.0,155.0,1000.0240478515624,-4.244103232642192,-2.9525278249418307,-1.9640586422980584,0.6894197157127779,-1.3017923674449623,4.827192912904256,-0.5186069818692154,1.4811674745976875,-0.934003018802258,-1.0753883682612495
10.0,155.0,1000.0240478515624,-4.244101616140387,-2.9525396056532034,-1.9640581638710168,0.6894286894454389,-1.301776244499372,4.827179863578264,-0.5186069974727312,1.481167565593248,-0.9340115335869736,-1.0753856237707726
10.0,155.0,1000.024169921875,-4.244099693894648,-2.952545059967988,-1.9640580394607785,0.6894326544657527,-1.3017653200764236,4.827172798804844,-0.5186077279500765,1.4811678600763738,-0.9340170162531044,-1.0753832283189242
10.0,155.0,1000.0241088867188,-4.244098415149294,-2.952542969953747,-1.964053847691964,0.6894334824803039,-1.3017608980815072,4.82717447375027,-0.5186090893800586,1.4811729074021525,-0.934020329590048,-1.0753782689106774
10.0,155.0,1000.024169921875,-4.244106916926025,-2.952520975461054,-1.964054907472928,0.6894170393324881,-1.3017977830287424,4.827202719272513,-0.5186077791409174,1.481172489103261,-0.9340008347844684,-1.0753851413263351
10.0,155.0,1000.0238647460938,-4.244104423187203,-2.952527685079477,-1.964053731502496,0.6894226681164115,-1.301785091638234,4.8271942423344,-0.5186076296995079,1.4811734840144215,-0.9340074888294092,-1.0753827624401282
10.0,155.0,1000.0239868164062,-4.244100794648229,-2.952529819331811,-1.9640630151910063,0.6894164259844011,-1.3018000416680025,4.8271912399907,-0.5186058432806204,1.481159713273153,-0.9339978857868544,-1.0753971997358516
10.0,155.0,1000.0239868164062,-4.2441113347731125,-2.9525082381584458,-1.964050585931203,0.6894133052819926,-1.301811233711514,4.827218206417532,-0.5186074585348566,1.481177486035187,-0.9339949929429538,-1.0753839005274992
10.0,155.0,1000.0242309570312,-4.244102905113713,-2.952522736643634,-1.9640595120918087,0.6894147705525775,-1.3018026544670669,4.827199268780705,-0.5186079622471773,1.481165922523067,-0.9339978749590748,-1.0753916085333597
10.0,155.0,1000.0238647460938,-4.244111336213879,-2.952506770922788,-1.964055875549517,0.6894077586736689,-1.3018267219900692,4.827219451944195,-0.5186056878471508,1.48117029614537,-0.9339863056635948,-1.0753939227187996
10.0,155.0,1000.0242309570312,-4.244115002447692,-2.952495558607107,-1.9640507774695792,0.6894052843707232,-1.3018317156332806,4.82723422161393,-0.5186050971165965,1.4811775259588087,-0.9339819526168824,-1.0753903668775804
10.0,155.0,1000.024169921875,-4.244100484783169,-2.952538997569286,-1.964055784426328,0.6894294242044214,-1.301773979170064,4.827179145574668,-0.5186085512337417,1.4811696343136571,-0.9340153069445992,-1.075383034138937
10.0,155.0,1000.0237426757812,-4.24410135147628,-2.952534470917972,-1.964057543463955,0.6894257115663125,-1.3017805461867775,4.827185645793863,-0.5186074750356582,1.4811683738792514,-0.9340088667183633,-1.0753853107293052
10.0,155.0,1000.0240478515624,-4.244096255343331,-2.95254974721556,-1.964062077724328,0.6894315473276569,-1.3017654304827104,4.827166344916073,-0.5186077716803235,1.481161458255707,-0.9340175014405084,-1.0753869434915586
10.0,155.0,1000.02392578125,-4.2441027415457,-2.952525657488424,-1.964057463114821,0.6894196822026206,-1.3017923937521036,4.827195654246992,-0.5186069625232967,1.481169228002285,-0.9340027117916864,-1.0753885273822457
10.0,155.0,1000.0239868164062,-4.244103115530877,-2.952526382357859,-1.9640558442657703,0.6894207460716384,-1.301792022755989,4.827195020235669,-0.5186078982200746,1.481170382427445,-0.9340045265125392,-1.0753862287710143
10.0,155.0,1000.0239868164062,-4.244101101379173,-2.9525344345803592,-1.964055267473724,0.6894266372237121,-1.3017763561423252,4.827185249682216,-0.5186084823122012,1.4811709557233603,-0.9340122360430438,-1.0753817531699887
10.0,155.0,1000.02392578125,-4.244106498945837,-2.952521083579206,-1.9640540127322528,0.6894186969756086,-1.3017978289725267,4.827202305990422,-0.5186078728130239,1.481173444631886,-0.9340013313879156,-1.075385625769147
10.0,155.0,1000.0238647460938,-4.244106248895216,-2.9525238109876257,-1.9640551098447032,0.6894187105754392,-1.301796114519635,4.827198741207413,-0.5186072370115182,1.4811709619566518,-0.9340022172806446,-1.0753866220595465
10.0,155.0,1000.0238037109376,-4.244112600281187,-2.952501433612772,-1.9640481847674884,0.6894095704495351,-1.301815103558348,4.827225341883924,-0.5186088959213748,1.4811817159301377,-0.9339930796483848,-1.0753820940461585
10.0,155.0,1000.02392578125,-4.244099257745461,-2.9525381240702617,-1.9640579487065173,0.6894260397536387,-1.3017732545534528,4.827181503782006,-0.5186086608832028,1.4811680486238863,-0.9340122375014416,-1.0753842499851478
10.0,155.0,1000.0242919921876,-4.244098067474408,-2.9525390883140914,-1.9640625812844363,0.6894225916018684,-1.3017823378354048,4.827180424817069,-0.5186076070812335,1.481161961420158,-0.9340059017275016,-1.075392130482253
10.0,155.0,1000.0239868164062,-4.244109142281723,-2.952510496269154,-1.9640507491879773,0.6894135192452548,-1.301805199062473,4.827215187884677,-0.5186087503523806,1.4811778331992445,-0.933996352102156,-1.0753829928635097
10.0,155.0,1000.0241088867188,-4.24410473121107,-2.952519354010963,-1.964055403886804,0.6894165110232988,-1.3017977054759755,4.827203464710998,-0.5186083806466355,1.481172267968005,-0.9339997273944168,-1.0753864677270593
10.0,155.0,1000.0239868164062,-4.244102873728545,-2.9525260902647474,-1.9640587885801544,0.689417594265997,-1.3017967222983442,4.8271951312747134,-0.5186078021411982,1.4811668926604522,-0.9340013118575748,-1.0753895905351205
10.0,155.0,1000.0237426757812,-4.244106892558963,-2.9525178952708746,-1.964055240928268,0.6894158785064706,-1.3018019361616413,4.827206029253771,-0.5186070421285178,1.4811719130927283,-0.9339972301605552,-1.075387475008565
10.0,155.0,1000.0242309570312,-4.2441178471070495,-2.952490435538308,-1.9640522272469347,0.6893998652719375,-1.301845986556629,4.827240524566946,-0.518604502299632,1.4811748296639689,-0.9339756815422088,-1.0753947835820383
10.0,155.0,1000.0238647460938,-4.2441048282329055,-2.952524246422376,-1.9640518666827016,0.6894225646900507,-1.301785872861196,4.827197473795028,-0.5186093714645095,1.4811766237625426,-0.9340076969147936,-1.0753801266265235
10.0,155.0,1000.0239868164062,-4.244106128090279,-2.9525195532539223,-1.964053914260651,0.6894182220313816,-1.3017971358904528,4.82720323595969,-0.518607663420763,1.4811725888052854,-0.93400027030179,-1.075385683988305
10.0,155.0,1000.0239868164062,-4.244110377694898,-2.9525079947257105,-1.9640522395612687,0.6894107691098608,-1.3018141550457871,4.82721876028325,-0.5186079465851359,1.4811759767396495,-0.9339920402731215,-1.0753872270072833
10.0,155.0,1000.0238037109376,-4.244100112167861,-2.9525429522389888,-1.9640559310407968,0.6894316324546059,-1.3017661880143212,4.82717523517039,-0.5186081580753612,1.4811702477956885,-0.934018162210272,-1.0753810701773308
10.0,155.0,1000.02392578125,-4.244094310869915,-2.9525564140327782,-1.964058740253623,0.6894381237618994,-1.3017479606890148,4.827158044463518,-0.5186091112221014,1.4811662548268991,-0.9340259259575046,-1.0753806322097597
10.0,155.0,1000.0235595703124,-4.2441019328571805,-2.9525339512051074,-1.9640550344741623,0.68942658139835,-1.3017764552406703,4.827185929636009,-0.5186082060873591,1.481172122127993,-0.9340117340577914,-1.075381718086187
10.0,155.0,1000.0242919921876,-4.2441036661548655,-2.952525530751989,-1.9640518752568203,0.6894238347432848,-1.3017832843473751,4.827196492489435,-0.518608051415633,1.4811758346642885,-0.9340081072233106,-1.075381129582813
10.0,155.0,1000.0241088867188,-4.244105874859702,-2.9525189707352646,-1.964053527869551,0.6894171207749515,-1.301796283201595,4.827203963076881,-0.518608296640827,1.4811741599872787,-0.9340013825415384,-1.0753835847941495
10.0,155.0,1000.0238647460938,-4.244103233174744,-2.952525652615129,-1.9640550827721983,0.6894205509218061,-1.3017885110374685,4.827195473182488,-0.518608499787887,1.4811720339700498,-0.9340053704101744,-1.0753846845053956
10.0,156.0,1000.02392578125,-4.244093581824991,-2.9525627829758463,-1.964059127743329,0.6894431098859632,-1.301738878589604,4.827150952183228,-0.5186083762472853,1.4811657413869916,-0.9340309337582244,-1.075378089228754
10.0,156.0,1000.0242309570312,-4.2440977992918105,-2.9525397602031647,-1.964059470176105,0.6894268891337436,-1.3017752641630451,4.827178936201534,-0.5186079487044566,1.4811658393034444,-0.9340101308911172,-1.0753876621161989
10.0,156.0,1000.0238647460938,-4.244101319776915,-2.952539665520101,-1.964054763882641,0.6894299318322812,-1.3017690618858797,4.827179310774284,-0.518608427865419,1.4811711479244778,-0.9340161251837812,-1.0753801244537486
10.0,156.0,1000.02392578125,-4.244100504688101,-2.952535596550547,-1.964059317696771,0.6894242368440011,-1.3017839297806133,4.827183997513929,-0.5186066499945419,1.4811657719981757,-0.934006710091052,-1.0753890142480933
10.0,156.0,1000.0239868164062,-4.244104509052504,-2.952529553669821,-1.9640527922793432,0.6894257126233727,-1.3017785301104672,4.8271917508809405,-0.5186079629922453,1.4811754844081495,-0.9340105874303593,-1.0753800048289013
10.0,156.0,1000.0241088867188,-4.244110409622328,-2.9525089300621006,-1.964046653295456,0.689417499809494,-1.301797694576547,4.827216841161,-0.5186085050141989,1.481183765776012,-0.9340001473963416,-1.0753775182361331
10.0,156.0,1000.023681640625,-4.244106723451547,-2.9525158124370106,-1.9640561565464607,0.6894127451614587,-1.3018095804417609,4.82720853883365,-0.5186068987973451,1.4811693286731753,-0.9339944489559776,-1.0753910563003748
10.0,156.0,1000.0242309570312,-4.24410602685032,-2.9525167740942573,-1.964052908794045,0.6894164259638211,-1.3017999337424095,4.827207594597427,-0.5186085796296265,1.481175557474459,-0.9339990736267244,-1.0753846392799464
10.0,156.0,1000.0241088867188,-4.244108268148876,-2.952508019902461,-1.9640531204856733,0.6894102268039459,-1.3018116298940612,4.827217575446465,-0.5186075522196631,1.4811755999733105,-0.9339917828396036,-1.0753875973241995
10.0,156.0,1000.0238647460938,-4.244099231762755,-2.9525426623738813,-1.964057068490624,0.689430995510147,-1.3017669058527908,4.827176180615947,-0.5186069900680117,1.4811680235254094,-0.934015972951638,-1.0753832249834645
10.0,156.0,1000.0237426757812,-4.244105485316373,-2.9525241440653947,-1.9640561746296568,0.6894186955211437,-1.3017968050701056,4.827197781638073,-0.5186075922379638,1.4811700373480263,-0.934002313638735,-1.0753871573157907
10.0,156.0,1000.024169921875,-4.244113212638736,-2.9525092864852605,-1.9640496712789008,0.6894139058120405,-1.3018104054368806,4.82721734987965,-0.5186065736291408,1.4811777325600008,-0.9339954714933468,-1.075383808182917
10.0,156.0,1000.0238647460938,-4.244093435343213,-2.95255582025163,-1.9640585022889128,0.6894383434020828,-1.3017468997846344,4.827159175178753,-0.518610004030398,1.4811667806680893,-0.9340265582317356,-1.0753796859081437
10.0,156.0,1000.024169921875,-4.244107378557142,-2.9525168816405283,-1.964051768223292,0.6894184324688348,-1.3017982358187783,4.827206953109691,-0.518608017120946,1.4811764600359822,-0.933999599763612,-1.075383927114939
10.0,156.0,1000.0240478515624,-4.244102719763746,-2.9525295465611343,-1.9640537607737183,0.6894251897915051,-1.3017801254092385,4.827191000033718,-0.5186082330200907,1.4811732973732123,-0.9340091722807228,-1.0753810249971445
10.0,156.0,1000.0242309570312,-4.244108080284287,-2.9525195125956176,-1.9640515075588287,0.6894205011872945,-1.3017960188163236,4.827203641620258,-0.5186067114557336,1.4811755597826366,-0.9340027170144376,-1.0753833962829829
10.0,156.0,1000.0238647460938,-4.244111663896833,-2.952505877156491,-1.9640526787254684,0.6894090042192822,-1.301820681616337,4.827220878036638,-0.5186070647736765,1.481174927626462,-0.9339895754838876,-1.0753889814996107
10.0,156.0,1000.0237426757812,-4.244101567032828,-2.9525329174518493,-1.964054916845182,0.6894263906007412,-1.301776416215667,4.827186413849677,-0.518608036434606,1.4811720370014871,-0.9340115008297154,-1.0753818348237
10.0,156.0,1000.02392578125,-4.244109371511183,-2.952514792225937,-1.9640515493163724,0.6894161120749054,-1.30180333104702,4.827209618709368,-0.5186074416464992,1.4811756507529026,-0.9339986931897856,-1.075384517961786
10.0,156.0,1000.0241088867188,-4.244102559986786,-2.952527639621118,-1.96405846348192,0.689420191405441,-1.301793555067425,4.827193494168963,-0.5186067883556902,1.4811673381988886,-0.9340015703611124,-1.0753896473490077
10.0,156.0,1000.0239868164062,-4.244101262561367,-2.9525346473996947,-1.964055829027868,0.6894267986254432,-1.3017747305274403,4.827184911314172,-0.5186080153450305,1.4811711443947946,-0.9340121322846882,-1.0753815492544252
10.0,156.0,1000.02392578125,-4.244099424052838,-2.9525396396634664,-1.964059975978106,0.6894261511702844,-1.3017770789535996,4.8271794695156185,-0.5186078571134942,1.4811653594183527,-0.9340103548983184,-1.075387565713226
10.0,156.0,1000.0238647460938,-4.244099455014683,-2.952540349453352,-1.9640525679176315,0.6894327817859311,-1.3017598514066342,4.827177768570289,-0.5186094949365057,1.4811748317794589,-0.9340212323047954,-1.0753758442350918
10.0,156.0,1000.023681640625,-4.244095350340603,-2.952552037335538,-1.9640596678797504,0.6894348517121083,-1.3017571251793325,4.827163674036704,-0.5186079293724575,1.4811645405241656,-0.9340211333410552,-1.075383401570539
10.0,156.0,1000.0238647460938,-4.244107980644282,-2.9525113459160743,-1.964055099465508,0.6894111627322097,-1.301814079925847,4.827213998812342,-0.5186068088944973,1.4811720758685425,-0.9339911265511676,-1.075390651208768
10.0,156.0,1000.0237426757812,-4.244102017861483,-2.952531078358834,-1.9640565417052844,0.6894230876476479,-1.3017862232456516,4.827189616442627,-0.5186073179165112,1.4811692954573328,-0.9340064060097504,-1.0753868217091296
10.0,156.0,1000.023681640625,-4.244111211811253,-2.9525063755279035,-1.96405310278748,0.6894097129232799,-1.3018190451133718,4.8272201474161385,-0.5186064307353782,1.481174604446613,-0.933989640636784,-1.075389542389451
10.0,156.0,1000.024169921875,-4.244100487550785,-2.952542351831301,-1.964054976269508,0.6894342691205777,-1.30176280526387,4.827175905098395,-0.5186067864073571,1.481171315465292,-0.9340187259657045,-1.0753789332408137
10.0,156.0,1000.0239868164062,-4.244108623735159,-2.952511475265232,-1.9640547957051888,0.6894121661930157,-1.301813488700132,4.8272132066257925,-0.5186067938042118,1.4811732898602088,-0.9339918860926736,-1.0753903809559184
10.0,156.0,1000.0239868164062,-4.244107150177555,-2.952517877398903,-1.964054372604274,0.6894169796921386,-1.301802146812773,4.827206008406069,-0.5186067052746735,1.4811725207887916,-0.9339988511769812,-1.075387020100715
10.0,156.0,1000.0239868164062,-4.244107922123729,-2.952518273849192,-1.9640521663909063,0.6894174913941642,-1.30180027194247,4.827205318152801,-0.5186078793774405,1.4811748815443415,-0.9340009591431871,-1.075384328966749
10.0,156.0,1000.0242309570312,-4.244108287079163,-2.952518533682513,-1.964052985912475,0.6894180980786535,-1.301801616880656,4.827205940202484,-0.5186073983037174,1.4811745994304566,-0.9339998488251292,-1.0753844096059906
10.0,156.0,1000.024169921875,-4.244112968812597,-2.952501694348802,-1.964051410956848,0.6894072064994976,-1.3018258565642131,4.827226391944814,-0.5186066327300365,1.4811760795413864,-0.93398676569125,-1.0753896758110582
10.0,156.0,1000.024169921875,-4.244101362106888,-2.9525377990356114,-1.9640536190822744,0.6894300705868686,-1.30177116002737,4.82718112463073,-0.5186087660519005,1.4811726075513656,-0.9340167168586272,-1.075379590679132
10.0,156.0,1000.0238647460938,-4.244105077832169,-2.952521076687177,-1.964052878083418,0.689418590213041,-1.3017913588063657,4.827201881565056,-0.518609031785827,1.4811751823863375,-0.9340040763431192,-1.0753825723677823
10.0,156.0,1000.023681640625,-4.244101478296814,-2.9525340588578404,-1.9640559429272857,0.6894261448468093,-1.30177780917978,4.827185839700528,-0.5186077901077457,1.481170706482038,-0.9340104875955042,-1.0753833290347128
10.0,156.0,1000.0235595703124,-4.244102542414277,-2.952531566555604,-1.964055742191912,0.6894245137138535,-1.3017824785721404,4.8271890111601365,-0.5186078576080932,1.481170921846494,-0.9340088409341742,-1.075383936992318
10.0,156.0,1000.023681640625,-4.244102800624036,-2.9525293241338053,-1.9640575059455467,0.6894215504942824,-1.301789512731231,4.827191131624527,-0.5186076430718236,1.4811683319332758,-0.9340050100154232,-1.0753879737422278
10.0,156.0,1000.0240478515624,-4.244105764015277,-2.9525206890195594,-1.964053395500891,0.6894183248455636,-1.3017932340813494,4.82720255714473,-0.5186085080691711,1.4811748816828842,-0.9340029496327692,-1.075383442821999
10.0,156.0,1000.0238037109376,-4.244102071311042,-2.952536929283184,-1.9640564595753047,0.6894274742925086,-1.3017753352213548,4.8271830351487335,-0.5186072426581774,1.4811697744970918,-0.9340115639279496,-1.0753836771545808
10.0,156.0,1000.0237426757812,-4.2441052353622055,-2.9525247772874903,-1.964052240892164,0.6894238903964229,-1.30178426080028,4.827197382845919,-0.5186074100257656,1.4811761926538738,-0.9340067659552762,-1.075380700324022
10.0,156.0,1000.023681640625,-4.244101323718078,-2.9525320242059414,-1.964058649087172,0.6894226745161927,-1.3017872021302113,4.827188131890773,-0.5186066690580287,1.4811663397984054,-0.9340055900311626,-1.0753890842215097
10.0,156.0,1000.0242309570312,-4.244103041483434,-2.9525271361390764,-1.964054973523768,0.689422546983387,-1.3017849003943036,4.827195213946968,-0.5186071321873005,1.481171975763539,-0.9340052160466524,-1.0753838096700248
10.0,156.0,1000.0241088867188,-4.244099422537331,-2.952540090797623,-1.9640542878570024,0.6894318961545975,-1.3017632599660462,4.827177628926298,-0.5186097768040785,1.481173360000537,-0.9340185892694493,-1.0753776689301753
10.0,156.0,1000.0238037109376,-4.244106831383245,-2.952521216863901,-1.9640538126698897,0.6894193404401152,-1.3017971747343575,4.8272019717915615,-0.5186070013020823,1.481172751910882,-0.9340017948265684,-1.07538544358607
10.0,156.0,1000.0237426757812,-4.244102077734508,-2.9525305235700445,-1.9640568773885043,0.689421590434268,-1.3017863354212649,4.827190190815413,-0.5186079021497116,1.4811688375659156,-0.9340061784571788,-1.075386793721837
10.0,156.0,1000.023681640625,-4.244110376565662,-2.952505422982781,-1.9640498216667512,0.6894110710939412,-1.301812701140889,4.8272206952120325,-0.5186081622004926,1.4811788806407868,-0.933993925557684,-1.075383791907127
10.0,156.0,1000.024169921875,-4.244113244682999,-2.9524998425097824,-1.9640518434148664,0.6894057383007812,-1.301829657708753,4.827228335371585,-0.5186064162253459,1.4811762152457844,-0.9339845244362852,-1.075391113919152
10.0,156.0,1000.02392578125,-4.244109750995047,-2.952512915512381,-1.964053819726359,0.689413207860019,-1.301810545572084,4.827212505154943,-0.5186064817955929,1.4811738225626447,-0.9339939113323634,-1.0753883000922109
10.0,156.0,1000.0241088867188,-4.244095609965259,-2.952546683034666,-1.9640616436853195,0.6894297198233943,-1.301768672294604,4.827169570052025,-0.5186080993631306,1.4811633188598137,-0.934015270322722,-1.0753876842812948
10.0,157.0,1000.02392578125,-4.244101691933069,-2.9525305673169377,-1.964057871121306,0.6894224572766996,-1.3017867441955664,4.827190062437342,-0.5186068103170474,1.481167643161311,-0.934004859914654,-1.0753875580518586
10.0,157.0,1000.02392578125,-4.244097376684778,-2.952541923114132,-1.9640580000631127,0.6894293770389766,-1.3017690438321128,4.827175616591088,-0.5186083399909034,1.4811666180858127,-0.9340158314622098,-1.0753841955518224
10.0,157.0,1000.0237426757812,-4.244111161800423,-2.9525060092022235,-1.9640499387399029,0.6894120759743458,-1.3018129569548726,4.827219805515451,-0.5186071812225688,1.481178711687937,-0.9339939200402628,-1.0753845401888378
10.0,157.0,1000.0238647460938,-4.244107892686766,-2.952518355820991,-1.9640533715180235,0.6894173682732987,-1.3018008942954085,4.827205159043926,-0.5186073424185684,1.4811737759120494,-0.9339996359886557,-1.0753852016089378
10.0,157.0,1000.023681640625,-4.244104586127337,-2.9525216827846483,-1.9640573476696632,0.6894159563087401,-1.3018032752441822,4.827200368753777,-0.5186072693035033,1.4811680800624425,-0.9339984294462224,-1.075391363341549
10.0,157.0,1000.0239868164062,-4.244109470595976,-2.952511633589004,-1.96405131766558,0.6894154779961106,-1.3018043390878349,4.827213324881413,-0.5186075213944132,1.4811779627121844,-0.9339970715537946,-1.0753833717145085
10.0,157.0,1000.0238037109376,-4.244107061670227,-2.9525134676204368,-1.9640527227940328,0.6894140231486734,-1.3018054197564628,4.827210965143872,-0.5186078673899415,1.4811746210032002,-0.9339971808900112,-1.075385751681448
10.0,157.0,1000.02392578125,-4.244102403059782,-2.952530310652034,-1.9640550834201207,0.689422486392786,-1.3017840640727192,4.827190514298961,-0.5186086576066984,1.4811707721423648,-0.934008489200072,-1.0753844196513769
10.0,157.0,1000.0237426757812,-4.24410849685374,-2.952517440204175,-1.964050474157001,0.6894194467450951,-1.3017959241897623,4.827206560270877,-0.5186082649603305,1.4811780497748197,-0.9340025887018476,-1.0753807442794576
10.0,157.0,1000.0236206054688,-4.244107436620151,-2.9525136186792924,-1.9640564186825964,0.6894128043451317,-1.3018118890242183,4.827210520943492,-0.5186064065301643,1.4811703963794862,-0.9339930381722664,-1.0753908239902017
10.0,157.0,1000.024169921875,-4.2441007735726926,-2.952542172830254,-1.9640575737783303,0.6894292356189311,-1.301771312814184,4.827176203037837,-0.5186087451768948,1.481168070160793,-0.93401609273163,-1.0753832726854515
10.0,157.0,1000.0237426757812,-4.244107560208404,-2.952516064214905,-1.964053740049552,0.6894154740844494,-1.3018049739068882,4.827207782338284,-0.518607356905445,1.4811728983625638,-0.9339979704044304,-1.0753871211975872
10.0,157.0,1000.02392578125,-4.244103027830405,-2.952531171868892,-1.9640556167748533,0.6894256393230709,-1.301782184554205,4.82718995011326,-0.5186068867648244,1.481171145442083,-0.934007883315468,-1.075384359748412
10.0,157.0,1000.023681640625,-4.244101466437884,-2.952538561355382,-1.964056221016648,0.6894291870292069,-1.3017738314760754,4.827180597254168,-0.5186070592930196,1.481169361756269,-0.9340133499904528,-1.0753832677692596
10.0,157.0,1000.0237426757812,-4.244109084823214,-2.952509297725294,-1.9640541095685984,0.6894111446369209,-1.3018151634110509,4.827216090057666,-0.5186062312382411,1.4811735894982414,-0.9339910616240292,-1.0753894768094612
10.0,157.0,1000.0241088867188,-4.244105115708815,-2.9525247433009665,-1.9640571304012933,0.6894186702847458,-1.3017971805185056,4.827197880825501,-0.5186063442370532,1.4811685574877522,-0.9340007005822724,-1.075389592971634
10.0,157.0,1000.023681640625,-4.244104130792794,-2.952526909832571,-1.96405704650444,0.689420048471697,-1.301791821369025,4.827195018029602,-0.5186067547421853,1.481169111339229,-0.9340029326065444,-1.0753871473560317
10.0,157.0,1000.0234375,-4.244102897683307,-2.9525287879288133,-1.964055062326576,0.6894227336059373,-1.3017852219516,4.827192209306146,-0.5186079804523356,1.4811715339615723,-0.9340073090738824,-1.0753839532936844
10.0,157.0,1000.0241088867188,-4.244104057838042,-2.952526056523584,-1.96405303125497,0.689423973618263,-1.301782344361686,4.827195327569791,-0.5186082687717493,1.4811746683576166,-0.9340072388408628,-1.0753807084349811
10.0,157.0,1000.0234985351562,-4.244098991380661,-2.952538450095952,-1.964059524551251,0.6894256597858064,-1.3017785923784175,4.827180614364599,-0.5186072363762682,1.4811651225908022,-0.9340101956900028,-1.075388192620891
10.0,157.0,1000.0238647460938,-4.244104622331485,-2.952517102389352,-1.96405731058754,0.6894122786731707,-1.301808979998489,4.827205916481102,-0.518607412292071,1.4811677707712514,-0.9339948835685048,-1.0753924475551586
10.0,157.0,1000.02392578125,-4.244106781595407,-2.952516231604628,-1.964055232579967,0.68941541336737,-1.3018059749114794,4.827207474636525,-0.5186061525070533,1.4811712348178832,-0.9339953249301232,-1.0753898615898203
10.0,157.0,1000.0237426757812,-4.24410323667678,-2.9525245460349567,-1.9640580794563007,0.6894178177644523,-1.3017966406246957,4.827197683279227,-0.518606628688115,1.4811681409517874,-0.9339999053328416,-1.0753900953570854
10.0,157.0,1000.0235595703124,-4.244103385741285,-2.95252881784008,-1.9640561329012147,0.6894220387960868,-1.3017884659239036,4.827192733553236,-0.518607660577401,1.4811699946128885,-0.9340053300418374,-1.07538584945934
10.0,157.0,1000.0237426757812,-4.244107984367399,-2.9525130152259065,-1.964053166993771,0.689413570335752,-1.3018087011157229,4.827211542674096,-0.5186077311950497,1.4811741758747168,-0.93399574407443,-1.075387471258129
10.0,157.0,1000.0238647460938,-4.244105882719731,-2.952519056873008,-1.9640578543014109,0.6894136111785922,-1.3018094854241142,4.827204659705002,-0.5186063019916487,1.481167679260416,-0.9339941739982036,-1.0753935347090526
10.0,157.0,1000.0240478515624,-4.244106847096991,-2.9525186116654494,-1.9640538620070127,0.6894183337752091,-1.3017978044046812,4.827204449428809,-0.5186074633382969,1.4811745371944172,-0.9340008655203826,-1.075384638256522
10.0,157.0,1000.0235595703124,-4.2441042513687925,-2.952522100401519,-1.964056232299284,0.6894181756886164,-1.3017976318587356,4.8272002194724735,-0.5186067380273025,1.481170058894877,-0.9339996993262708,-1.0753885602333502
10.0,157.0,1000.0238647460938,-4.244110966123176,-2.952502727073934,-1.9640533234736373,0.6894068781744895,-1.3018239330976948,4.827223935667135,-0.5186068475044516,1.481174380354262,-0.9339870329429348,-1.0753912031844584
10.0,157.0,1000.0240478515624,-4.244105654874311,-2.952521200758316,-1.9640549108640872,0.6894186929732697,-1.3017995855898326,4.827201757601326,-0.518607007682065,1.4811721360359318,-0.933999787406636,-1.0753882378335256
10.0,157.0,1000.0238647460938,-4.2441071125765335,-2.952523637250918,-1.96405028601192,0.6894246460301767,-1.301783988662771,4.8271993105217454,-0.5186082149668501,1.4811785743393031,-0.93400822294117,-1.0753780313598371
10.0,157.0,1000.0235595703124,-4.244104182866556,-2.9525263220360607,-1.964055024518958,0.6894215949434459,-1.301789029432972,4.827195542076318,-0.5186075182536589,1.4811715036688948,-0.9340049483204568,-1.0753847454185823
10.0,157.0,1000.024169921875,-4.244107434740393,-2.952515093240728,-1.96405259589646,0.6894154615810137,-1.3018048652992968,4.827209228719955,-0.5186072615492412,1.481174053158223,-0.9339981740503448,-1.0753859422861844
10.0,157.0,1000.0238037109376,-4.244105926973891,-2.9525184592371208,-1.96405461312213,0.6894170515627565,-1.3017991425407942,4.8272048149102975,-0.5186072282515912,1.481172634135759,-0.9339989623490236,-1.0753862332988784
10.0,157.0,1000.0236206054688,-4.2441032543394375,-2.952527944294027,-1.9640585846569376,0.6894197048759985,-1.3017953516006924,4.82719377966256,-0.5186061083658684,1.481166561701789,-0.93400125054091,-1.075390926556539
10.0,157.0,1000.0240478515624,-4.244096126942065,-2.952550700359701,-1.964060802882756,0.6894332025334604,-1.3017637993330422,4.827165303218168,-0.5186077185165345,1.4811631198945463,-0.9340184354958918,-1.0753869806939234
10.0,157.0,1000.0236206054688,-4.244105607554718,-2.952520410671501,-1.9640559841947312,0.6894162372842931,-1.3018022362761608,4.827202298833566,-0.5186069510052747,1.481169846971606,-0.9339986792261818,-1.0753887448514838
10.0,157.0,1000.0238647460938,-4.244109045277637,-2.9525138224460177,-1.964054918879752,0.6894135252747304,-1.30181185842019,4.827211045428095,-0.5186058436508842,1.4811715427764334,-0.9339933220371988,-1.075390170806668
10.0,157.0,1000.023681640625,-4.244108380225218,-2.952510240993151,-1.964054590822335,0.6894114985414159,-1.3018144355314316,4.827214821221409,-0.5186068805657422,1.4811734224618425,-0.9339914675908164,-1.0753900684688218
10.0,157.0,1000.023681640625,-4.244100774957131,-2.952536183828916,-1.9640555389960523,0.6894271737963837,-1.301776098523164,4.827183017927034,-0.5186081776628892,1.4811704137404984,-0.934012497646764,-1.0753837294920912
10.0,157.0,1000.0238037109376,-4.24410696430764,-2.952513347978892,-1.9640499894006715,0.6894169800124388,-1.301797304239865,4.827210231501024,-0.5186089149152062,1.4811794009727208,-0.9340008849026518,-1.0753807299925588
10.0,157.0,1000.0237426757812,-4.244100340455288,-2.952534745381642,-1.9640575428077165,0.689424622595249,-1.3017810402463343,4.827184931143732,-0.5186082323923165,1.481168479934592,-0.9340090162877316,-1.0753859365700618
10.0,157.0,1000.0241088867188,-4.2440976144879645,-2.952543551479927,-1.9640602367645088,0.6894298409952961,-1.3017721593446892,4.827173828020502,-0.5186063227397861,1.4811633098011423,-0.9340135411073652,-1.0753881262579874
10.0,157.0,1000.0238037109376,-4.244110762722733,-2.9525073727467857,-1.9640517706025191,0.6894112621273383,-1.301813572629518,4.827218335584773,-0.5186072634491365,1.4811768659437885,-0.9339936651175867,-1.0753858253479782
10.0,157.0,1000.02392578125,-4.244109566864511,-2.952510893348824,-1.9640555280217,0.6894107091986843,-1.3018171587896985,4.827214451897824,-0.518606191716259,1.4811705249981264,-0.9339905010434136,-1.0753917625363305
10.0,157.0,1000.0238037109376,-4.244102483459422,-2.9525267988117103,-1.9640557533135927,0.6894217616823681,-1.301789381305722,4.827193704276464,-0.5186079806032895,1.4811705882272346,-0.934005490547178,-1.0753857845813504
10.0,157.0,1000.02392578125,-4.244110072397891,-2.9525079771746143,-1.9640557790274704,0.6894085736603897,-1.3018233237934922,4.827218299077424,-0.5186057820073797,1.481170504928678,-0.933987632484258,-1.0753933331132552
10.0,157.0,1000.0236206054688,-4.244103801892798,-2.952527739203908,-1.964055484288037,0.6894215879460006,-1.30178985279362,4.827193559463257,-0.5186070640653568,1.4811701690069654,-0.9340052624356714,-1.0753864985080028
10.0,157.0,1000.0241088867188,-4.244104433079587,-2.952526762219117,-1.9640519050003464,0.6894229476469738,-1.3017833177676454,4.827194539872474,-0.51860981437909,1.4811760209168758,-0.9340099686370992,-1.0753796093561123
10.0,157.0,1000.0238647460938,-4.24411003747081,-2.9525083215297725,-1.964051219973761,0.6894122984537576,-1.30181048123238,4.82721711923482,-0.5186081584106459,1.4811774017925885,-0.9339942186741208,-1.0753849487795637
10.0,158.0,1000.023681640625,-4.244101396567988,-2.952533301734628,-1.9640560951049528,0.6894246695731567,-1.3017800683819925,4.82718662471159,-0.5186078480113014,1.4811706482442268,-0.934009547598686,-1.075384223113228
10.0,158.0,1000.0240478515624,-4.244108941555056,-2.9525084974980933,-1.964053732256732,0.689410956865383,-1.3018177371659907,4.827217156539556,-0.5186057123311292,1.4811727838905746,-0.9339902020914908,-1.0753911355257544
10.0,158.0,1000.0241088867188,-4.244105428733628,-2.9525260826993365,-1.9640527714512368,0.6894245424612766,-1.3017851415583674,4.8271960026276055,-0.5186074308747184,1.481175184417225,-0.9340067965782256,-1.0753812665040865
10.0,158.0,1000.023681640625,-4.244101979735807,-2.952533510763613,-1.9640568148442905,0.6894246834272169,-1.3017825177301052,4.827186719144411,-0.518607666736453,1.4811692950981463,-0.9340081564640484,-1.0753856121533616
10.0,158.0,1000.02392578125,-4.244101489211986,-2.9525374028986944,-1.9640557511585168,0.6894283552558491,-1.3017744874645223,4.827181828939533,-0.5186081405153189,1.4811709790851433,-0.934013514835054,-1.075382105649255
10.0,158.0,1000.0238037109376,-4.244104382899732,-2.952528627752532,-1.9640538174462607,0.6894249451646317,-1.301781473637793,4.827192672646584,-0.5186070926856914,1.481173996713416,-0.9340085034093466,-1.075381558048461
10.0,158.0,1000.0237426757812,-4.244100251271357,-2.952538005130693,-1.9640584807887245,0.6894263591550942,-1.3017774183302495,4.8271808675335866,-0.5186075892734383,1.4811669333308195,-0.9340116426827284,-1.075385507843973
10.0,158.0,1000.0240478515624,-4.24410407594024,-2.952523413582912,-1.9640582761303709,0.6894157999866337,-1.301801505432164,4.827198562856751,-0.5186074865254708,1.481166904073521,-0.93399926664139,-1.0753905578203329
10.0,158.0,1000.02392578125,-4.244097213706283,-2.9525498363682545,-1.9640605933919248,0.6894329203959746,-1.3017627586583256,4.827167302223705,-0.5186069508017894,1.4811637449813675,-0.9340181752800644,-1.075385107351616
10.0,158.0,1000.0239868164062,-4.244105292899799,-2.9525171164937274,-1.9640553959295688,0.6894151097633108,-1.3018047335760774,4.827206265342545,-0.518606810191085,1.481171114738587,-0.9339958300644612,-1.0753900020771496
10.0,158.0,1000.0235595703124,-4.244106738101491,-2.9525177395425057,-1.9640548908950173,0.6894156002541676,-1.301802773667637,4.827205737454149,-0.5186070417542528,1.4811717443613386,-0.933997847411586,-1.0753879023299429
10.0,158.0,1000.023681640625,-4.244105577794601,-2.952517565341225,-1.964057114457232,0.6894143884034296,-1.301807464193217,4.827205815724501,-0.5186064777115504,1.4811691954681985,-0.9339946347588136,-1.0753916884504575
10.0,158.0,1000.0239868164062,-4.244107108613728,-2.9525165912113174,-1.964054048938176,0.6894154959126109,-1.3018022968953562,4.827207279094306,-0.5186077296806682,1.481173674241301,-0.9339974716066344,-1.0753863504672498
10.0,158.0,1000.0237426757812,-4.244103089077184,-2.952526329618717,-1.964053778870639,0.6894223341618391,-1.3017851593653875,4.827194875321926,-0.518608298029358,1.4811736002581553,-0.9340070553593344,-1.0753828761498143
10.0,158.0,1000.0238037109376,-4.244101003039446,-2.9525347715911607,-1.9640588438052784,0.6894236091470098,-1.301785004711713,4.827184455607007,-0.5186072797769752,1.4811659841398352,-0.9340070827825686,-1.0753888121792885
10.0,158.0,1000.0238647460938,-4.244097730421505,-2.952543201224352,-1.964059347445319,0.6894297885413438,-1.301770130840343,4.82717446836871,-0.5186071270947714,1.4811655673411863,-0.9340142166637992,-1.0753857539392913
10.0,158.0,1000.0234375,-4.244103034827504,-2.9525271877010426,-1.9640568805285503,0.6894201669665634,-1.3017909850185765,4.827194343304692,-0.5186072633025782,1.4811690983127956,-0.9340039331584292,-1.0753876017937718
10.0,158.0,1000.023681640625,-4.24410334339545,-2.9525275908972266,-1.9640561480579624,0.6894214135932151,-1.3017891405330522,4.827193853858457,-0.5186080683760617,1.4811708055957515,-0.9340048095510064,-1.075385792252428
10.0,158.0,1000.0239868164062,-4.244108695241956,-2.952508973539231,-1.9640525618533689,0.6894119758214279,-1.3018122926902276,4.827215548876314,-0.5186070130352896,1.4811753778831829,-0.9339930169031572,-1.0753878546787083
10.0,158.0,1000.0241088867188,-4.244107865285957,-2.9525135272536938,-1.9640534628127344,0.6894135889000852,-1.301808880619688,4.827210729497429,-0.5186079376228854,1.4811736801223354,-0.9339964183725308,-1.075386852800924
10.0,158.0,1000.0238647460938,-4.244101162740538,-2.95253554409674,-1.9640578406991631,0.689425654162596,-1.3017799828036312,4.827184070958406,-0.5186070232626214,1.4811670978815492,-0.9340087424198042,-1.0753865899851809
10.0,158.0,1000.0238037109376,-4.244111150248063,-2.95250469386793,-1.964052937087445,0.6894087074097355,-1.301821872264754,4.827222024545071,-0.5186066963238094,1.4811749935800522,-0.9339881967559248,-1.0753898331933125
10.0,158.0,1000.0237426757812,-4.244097362878168,-2.952543960627244,-1.964057312722045,0.6894308463642016,-1.3017636604727727,4.827173157392288,-0.5186089703302201,1.4811681883079997,-0.9340176622996,-1.075382109993439
10.0,158.0,1000.023681640625,-4.244103987436162,-2.952525209999233,-1.96405509434898,0.6894199551989475,-1.301792400666911,4.827196514598468,-0.5186075884475381,1.4811710616211418,-0.9340037348680976,-1.0753865461540353
10.0,158.0,1000.0238037109376,-4.244097350690169,-2.952544660973224,-1.9640594505570528,0.6894290183224161,-1.3017694433734257,4.827172718285883,-0.5186083504436265,1.481164665860689,-0.9340157530498824,-1.0753856938333637
10.0,158.0,1000.0237426757812,-4.244108129508721,-2.9525146804532296,-1.964051004207806,0.6894172818775068,-1.30180097358034,4.827209513742204,-0.5186077469789643,1.481177179328541,-0.9339995939671244,-1.0753833503406791
10.0,158.0,1000.02392578125,-4.24409994664587,-2.952543310988581,-1.964057870854245,0.6894315862642575,-1.3017673167971866,4.827175016988614,-0.5186071346128749,1.481168324700473,-0.934015259300974,-1.0753834579511148
10.0,158.0,1000.023681640625,-4.244094826656672,-2.952558004774111,-1.9640593695518205,0.6894397422818175,-1.3017472397186394,4.8271569571389765,-0.518607615403651,1.481165144377807,-0.934026129469614,-1.0753810519648606
10.0,158.0,1000.0238037109376,-4.244103877214107,-2.9525255085180646,-1.9640571163108005,0.6894185892181506,-1.301796511111954,4.827196461354479,-0.5186067868433373,1.4811686809040427,-0.9340010175430766,-1.075389222066701
10.0,158.0,1000.0241088867188,-4.244103389465628,-2.9525288618793017,-1.9640576252317687,0.6894203910965331,-1.3017946510577163,4.827192171382274,-0.5186069201439407,1.4811670586285466,-0.9340034044389148,-1.0753893144432802
10.0,158.0,1000.0238647460938,-4.244100317655763,-2.952539302372456,-1.9640562415376115,0.6894298303215063,-1.3017712394811838,4.827179864984222,-0.5186075454521237,1.4811705524683108,-0.9340140088149892,-1.075382779307596
10.0,158.0,1000.0237426757812,-4.244107495553478,-2.952513403123901,-1.964055840894532,0.6894119341379392,-1.3018115449533756,4.8272111313161,-0.518607066885683,1.4811704396363528,-0.9339929246914842,-1.0753909390931633
10.0,158.0,1000.0240478515624,-4.244098676348022,-2.9525380154953607,-1.964056855849336,0.6894283266716865,-1.3017731693399632,4.827180527584797,-0.5186071534212502,1.481169112770223,-0.9340124252226936,-1.07538449409107
10.0,158.0,1000.0237426757812,-4.244106544573651,-2.952513021708094,-1.9640553975939512,0.6894119284376243,-1.3018117951309938,4.827211293358735,-0.5186069839065208,1.48117148003797,-0.9339939002409868,-1.0753905061082647
10.0,158.0,1000.0241088867188,-4.244107845423913,-2.9525099298469653,-1.964053560210441,0.6894105014297018,-1.3018137898730808,4.827215764256408,-0.5186077895388692,1.4811741358564934,-0.9339919235573788,-1.075389464193015
10.0,158.0,1000.0237426757812,-4.244096453021553,-2.952547941823595,-1.9640578498359875,0.6894341466943779,-1.3017577532607527,4.827168410852483,-0.5186078662701394,1.4811677447710323,-0.9340205397537752,-1.075381708430276
10.0,158.0,1000.0235595703124,-4.24410528589623,-2.952519631801946,-1.9640566074903585,0.6894161857715204,-1.301803097930372,4.827203337918444,-0.5186069926748154,1.4811698457446134,-0.9339977891610084,-1.0753893438414863
10.0,158.0,1000.0240478515624,-4.244098483826513,-2.9525388422549,-1.964058839363356,0.6894267482120355,-1.3017774786679013,4.827179733749938,-0.5186070076651541,1.4811649883031874,-0.9340107296144816,-1.0753879939926527
10.0,158.0,1000.0237426757812,-4.2441004897221815,-2.9525366179753534,-1.96405708430563,0.6894260331881075,-1.3017768259445468,4.82718311293757,-0.5186082088454276,1.4811685505534946,-0.9340115570987484,-1.0753840347328825
10.0,158.0,1000.0235595703124,-4.244095967329857,-2.9525481598596457,-1.964062056460686,0.6894297169641312,-1.3017686101697068,4.827168543916102,-0.5186073168826466,1.4811612297783237,-0.9340153694732364,-1.0753887482057056
10.0,158.0,1000.0238037109376,-4.244102044857811,-2.952529953277196,-1.964055712695754,0.6894222386361744,-1.3017859348094851,4.827190662169112,-0.518607928783676,1.481169995119335,-0.9340074808396636,-1.075385407385581
10.0,158.0,1000.0238037109376,-4.24409794654527,-2.9525433852372536,-1.9640586338607189,0.6894291150884326,-1.3017681617929862,4.827174152751741,-0.5186080632383678,1.4811661697290577,-0.9340153462923596,-1.0753847216639412
10.0,158.0,1000.0238647460938,-4.24410586572291,-2.9525237461956646,-1.964054277603485,0.6894204568843465,-1.3017930590853095,4.827199038659881,-0.5186069415194519,1.481172904184696,-0.9340029566398425,-1.0753855121983729
10.0,158.0,1000.0240478515624,-4.244099692921676,-2.952537355733694,-1.964059012888553,0.6894249422410939,-1.3017798529547369,4.827182541500882,-0.5186075675961135,1.4811664982888164,-0.9340089529101698,-1.0753876609153332
10.0,158.0,1000.02392578125,-4.244110146594622,-2.952498648648363,-1.9640535794261096,0.6894041618630551,-1.3018310311002803,4.82722865566339,-0.5186065417825017,1.481173399385222,-0.933983145546108,-1.075393549514717
10.0,158.0,1000.0237426757812,-4.244102708299955,-2.952530338304085,-1.964057594710762,0.6894222716591161,-1.301789085783207,4.8271908562477766,-0.5186071532147594,1.481168092432216,-0.9340048395698456,-1.075387891771845
10.0,158.0,1000.0239868164062,-4.244104959122077,-2.952518829140197,-1.964059551710768,0.6894131142282012,-1.30180967008127,4.8272047269729565,-0.5186057007131666,1.481165694771578,-0.9339932174719828,-1.0753946665649776
10.0,158.0,1000.0236206054688,-4.244104685150212,-2.952521858728786,-1.964055847844088,0.6894177638536148,-1.301798952695239,4.827200884607864,-0.5186068308361786,1.481170106979132,-0.9339994991378288,-1.075388671169268
10.0,158.0,1000.0238037109376,-4.244103190657919,-2.952527258871927,-1.9640575615038205,0.6894190692400652,-1.3017948862676434,4.827194058452092,-0.5186070492412593,1.4811676123308724,-0.9340018863115568,-1.0753896924486956
10.0,158.0,1000.0238647460938,-4.244102607159189,-2.9525302504424675,-1.964055976366978,0.6894237123534532,-1.3017825218964152,4.827190938573068,-0.518607760306435,1.4811711616901144,-0.9340072130659296,-1.0753837574367169
10.0,159.0,1000.0239868164062,-4.244108040501184,-2.9525103884420703,-1.964052053932432,0.6894130438864359,-1.3018083347679394,4.827213964580428,-0.5186081069404906,1.4811761977771454,-0.9339956385511066,-1.0753859186527135
10.0,159.0,1000.023681640625,-4.244109053908351,-2.952506134086839,-1.964053939831972,0.6894086539635644,-1.3018190177864677,4.827219863025171,-0.5186073223341179,1.4811737740394726,-0.9339893521414632,-1.0753898278050067
10.0,159.0,1000.023681640625,-4.2441017066098645,-2.9525316677588624,-1.964057720016268,0.6894221452577334,-1.3017857484801194,4.827188675316519,-0.5186075425683248,1.4811679359859085,-0.9340062557478594,-1.0753871320748851
10.0,159.0,1000.0234985351562,-4.24410244656028,-2.952530378803964,-1.9640573740424256,0.6894219886412731,-1.3017887374274857,4.827190398722845,-0.5186073898133801,1.4811681615258383,-0.9340054296204156,-1.0753877295941114
10.0,159.0,1000.0238647460938,-4.244099044940169,-2.952536560241538,-1.9640590309558608,0.6894247233762165,-1.3017797927749788,4.827182376215292,-0.5186079068218552,1.4811657813553438,-0.9340088662333156,-1.0753879369351855
10.0,159.0,1000.0235595703124,-4.244100653663152,-2.952536379272054,-1.964058137416543,0.6894251738382087,-1.3017795531742182,4.827182920058727,-0.5186074277788135,1.4811675522564327,-0.934009879487431,-1.0753864237229749
10.0,159.0,1000.0234985351562,-4.244102815312038,-2.952528500370917,-1.9640561958504563,0.6894217945109071,-1.3017877413835777,4.827192427352497,-0.5186070940928662,1.4811700465109148,-0.9340056544819806,-1.075386001938262
10.0,159.0,1000.0238037109376,-4.244101808015155,-2.9525270474713188,-1.9640576286441285,0.6894202413969586,-1.301791335023455,4.827193641948359,-0.5186071098702714,1.4811687577024903,-0.9340028955952402,-1.0753884712183552
10.0,159.0,1000.0238647460938,-4.244103677215518,-2.9525264560030964,-1.9640569815848803,0.6894203910322396,-1.3017940795440492,4.827195818252617,-0.5186062538267775,1.4811686836328877,-0.9340017175992276,-1.075389003689506
10.0,159.0,1000.0236206054688,-4.244105952963411,-2.952521768174001,-1.964057208714575,0.689416152648584,-1.3018017006144182,4.8272011049668695,-0.5186067573813782,1.481168947923611,-0.9339987540540884,-1.0753896442363486
10.0,159.0,1000.0238647460938,-4.244108150489075,-2.952509329442788,-1.964054143831127,0.6894102912464337,-1.3018152452303973,4.827215931823648,-0.5186069101607957,1.4811723376284691,-0.9339919669442668,-1.0753898690542305
10.0,159.0,1000.0234985351562,-4.244102121735368,-2.9525307210102256,-1.9640586320570512,0.689421313600147,-1.3017898690817449,4.827189895340906,-0.5186070290088427,1.481166676721041,-0.9340041590890592,-1.0753895587704347
10.0,159.0,1000.0238647460938,-4.244103321692379,-2.952523426757369,-1.964059084393738,0.6894167848193717,-1.301801306528878,4.827199052637649,-0.5186059254279733,1.4811661591048022,-0.9339973807211486,-1.0753925129108266
10.0,159.0,1000.0237426757812,-4.244100436427365,-2.952531842012138,-1.9640571276581984,0.6894233449624831,-1.3017838960437331,4.827187922772179,-0.5186082600568938,1.4811688228496935,-0.9340075499438304,-1.0753864444355377
10.0,159.0,1000.0237426757812,-4.244098934694556,-2.952544559310433,-1.9640594671235807,0.6894297818267514,-1.3017696270184476,4.827173392354094,-0.51860767648484,1.481165176246158,-0.9340151070702144,-1.0753853666295452
10.0,159.0,1000.0235595703124,-4.2441045107853554,-2.952519504897799,-1.9640553030078745,0.6894167686812755,-1.3017988205574855,4.827203203519444,-0.5186075442448592,1.4811715544939243,-0.9339993195628464,-1.0753875669439368
10.0,159.0,1000.0238647460938,-4.244104506646488,-2.952526548704866,-1.9640543972988669,0.689422050877381,-1.3017879254202789,4.827195353032931,-0.5186069938617885,1.4811722401558969,-0.9340055944602952,-1.0753838765822428
10.0,159.0,1000.02392578125,-4.244104812493949,-2.952524347521362,-1.9640519136823693,0.6894222449889309,-1.3017860575299878,4.827197663857726,-0.5186080359239558,1.481176183281436,-0.9340069467358793,-1.0753811954797272
10.0,159.0,1000.0238647460938,-4.2440967689385625,-2.952549433317567,-1.964061120315142,0.6894319883280131,-1.301764195756853,4.827167177026906,-0.5186068585272334,1.4811626004473055,-0.934016809351073,-1.07538668406574
10.0,159.0,1000.0234985351562,-4.244101300712021,-2.9525343625546894,-1.9640577888812496,0.6894250667116388,-1.301781360281355,4.8271853623325445,-0.5186068902884271,1.481167722870759,-0.9340086699388604,-1.075386273364502
10.0,159.0,1000.0237426757812,-4.244096127706388,-2.952546195875011,-1.9640620637427504,0.6894292529115837,-1.3017706899801458,4.827170874687987,-0.5186068882752677,1.4811615193102696,-0.9340133197082192,-1.07538968097665
10.0,159.0,1000.0235595703124,-4.244102081276716,-2.952531353924236,-1.9640577461184885,0.6894226775665144,-1.3017861608347694,4.827189162746684,-0.5186070298192886,1.4811679851094892,-0.93400581614336,-1.075387732117525
10.0,159.0,1000.0238037109376,-4.244097981438906,-2.9525403909812744,-1.964061385728233,0.689425149297545,-1.3017784340776646,4.827178252350576,-0.5186069268229971,1.4811626466305388,-0.9340097394272266,-1.075389856124746
10.0,159.0,1000.0238647460938,-4.244102860507133,-2.952526439685881,-1.96405947726719,0.6894179154498996,-1.301798407117412,4.82719556257101,-0.5186068814597125,1.4811656897945973,-0.9339997894175208,-1.0753916550699412
10.0,159.0,1000.0238647460938,-4.2441031084904255,-2.952534010445784,-1.9640536389184264,0.6894271660794713,-1.3017745690341238,4.827186129837028,-0.5186087145582068,1.481173431096333,-0.9340132802698502,-1.0753796082166742
10.0,159.0,1000.0235595703124,-4.2441033962762535,-2.952528206928968,-1.964055099635699,0.6894229551285704,-1.3017858178331525,4.827192944470601,-0.5186075520036129,1.481171540610605,-0.9340069505307672,-1.075384307488818
10.0,159.0,1000.0238037109376,-4.244103587157638,-2.952526502550358,-1.964055866986517,0.6894203809462507,-1.3017912660861346,4.827194997788002,-0.518608224081774,1.4811707052988314,-0.9340044583021428,-1.075386039649564
10.0,159.0,1000.02392578125,-4.244102559210873,-2.952528506256937,-1.964055427803744,0.6894218389160303,-1.301785473148878,4.827192064719437,-0.5186081189482454,1.4811705741854295,-0.9340070996907252,-1.075384519622737
10.0,159.0,1000.0238037109376,-4.244108350319605,-2.9525100530269626,-1.964054109690888,0.6894118570585235,-1.3018135980239922,4.82721499117045,-0.5186065720288004,1.481173331517498,-0.9339915802984676,-1.0753900635018327
10.0,159.0,1000.0237426757812,-4.244101499099075,-2.9525333745809363,-1.9640591264635927,0.6894223342470855,-1.3017853819840357,4.827186416285226,-0.5186073981939714,1.4811662454434629,-0.9340064035962872,-1.0753885724884245
10.0,159.0,1000.023681640625,-4.244103575127121,-2.952527377783896,-1.964055881265161,0.6894209791016879,-1.3017911160633142,4.827193622194846,-0.5186078102463645,1.4811703290521183,-0.9340044773683048,-1.075386620470678
10.0,159.0,1000.02392578125,-4.244104712365426,-2.9525250919537425,-1.964054368826024,0.6894205917826568,-1.3017917064057971,4.827197238857202,-0.5186076346965596,1.481172781407083,-0.9340043282741854,-1.0753845735675744
10.0,159.0,1000.0236206054688,-4.244100602190442,-2.9525352571657018,-1.964055937146505,0.6894263713634183,-1.301776563029895,4.827184695419939,-0.5186077941226896,1.4811702966003717,-0.9340113944128206,-1.0753836671905144
10.0,159.0,1000.0235595703124,-4.24409556540552,-2.9525490936157084,-1.9640594407354703,0.6894322897833751,-1.301760527631164,4.8271674068580985,-0.5186081229423651,1.4811651586558794,-0.934019383543112,-1.0753838733391023
10.0,159.0,1000.0237426757812,-4.244109069825149,-2.9525065091144937,-1.9640526081981864,0.689409930534203,-1.3018148016399689,4.827219255503071,-0.5186074208304783,1.4811756747301663,-0.9339915498791792,-1.0753872906065225
10.0,159.0,1000.0236206054688,-4.244104593493415,-2.9525229997793807,-1.964056530388561,0.6894181061001747,-1.301798327037072,4.827199210642352,-0.5186067804851016,1.481169768804902,-0.9340000973047332,-1.07538902956032
10.0,159.0,1000.0239868164062,-4.244103543096339,-2.952522500356487,-1.9640556494874453,0.6894178792472063,-1.301793759740666,4.827198910655056,-0.518608411613454,1.4811712984623115,-0.9340024857831616,-1.075385848717496
10.0,159.0,1000.023681640625,-4.244102882918972,-2.9525260410120766,-1.964055063513736,0.6894206059222867,-1.3017874961232212,4.827195067000956,-0.5186082776899372,1.4811720769678145,-0.9340055898706564,-1.0753843434785342
10.0,159.0,1000.0237426757812,-4.244105079746568,-2.952519630380781,-1.9640556422363264,0.6894164827238969,-1.3018020400675896,4.827203531441924,-0.5186069838974445,1.481170714443803,-0.9339982814646772,-1.0753888548362545
10.0,159.0,1000.023681640625,-4.244100207403351,-2.952537772611845,-1.964059085244816,0.6894261758620503,-1.3017788129499932,4.827181384550848,-0.5186073732989103,1.4811662422887757,-0.934010225087654,-1.0753872371066948
10.0,159.0,1000.0238037109376,-4.24410391845995,-2.952523918501352,-1.964056177156141,0.6894188786535089,-1.3017959191839603,4.827197785889371,-0.518607503999057,1.481170539316789,-0.934001463142069,-1.0753877084807155
10.0,159.0,1000.0238037109376,-4.244099521661951,-2.95253557042856,-1.9640579694645053,0.6894248031267338,-1.3017802638582583,4.827183976113584,-0.5186077863644529,1.4811673858158922,-0.9340091938294623,-1.0753870806948256
10.0,159.0,1000.023681640625,-4.244105431541863,-2.9525190818120044,-1.9640558835849369,0.6894157207914553,-1.301803140550566,4.827204040231816,-0.5186073756067255,1.4811712249304163,-0.9339978216905224,-1.0753888281170347
10.0,159.0,1000.0238647460938,-4.2441002953323546,-2.952534934829301,-1.9640576654560864,0.6894249504042138,-1.3017795667002874,4.827185120164875,-0.5186073083839071,1.4811679816167285,-0.9340087302834535,-1.0753860702412474
10.0,159.0,1000.0236206054688,-4.244106845573573,-2.952515194775193,-1.9640564681726216,0.689412394399838,-1.3018114167972257,4.827208673129931,-0.5186066279176105,1.4811695056683858,-0.9339933487284116,-1.0753918921958676
10.0,159.0,1000.0236206054688,-4.244099170171058,-2.952541072378289,-1.9640610586202585,0.6894261821637651,-1.3017788400154813,4.82717735618928,-0.5186066437065469,1.4811628987250476,-0.9340097652529682,-1.075389850857407
10.0,159.0,1000.0234375,-4.244101314701217,-2.952536569681363,-1.9640564789881303,0.6894270925476809,-1.3017764090151784,4.827182788648981,-0.5186073352118852,1.4811693414167315,-0.9340119244061692,-1.0753839188473364
10.0,159.0,1000.0237426757812,-4.244100032443155,-2.9525369863546587,-1.964058532348786,0.6894256473662272,-1.30177997298754,4.82718196908696,-0.5186075199817095,1.4811667465740577,-0.9340095367824794,-1.0753872773796247
10.0,159.0,1000.0238037109376,-4.244107384376449,-2.9525163098490133,-1.9640544572886496,0.6894148842448233,-1.301806138393208,4.827207821937018,-0.5186068012653253,1.4811720113284128,-0.9339963590592112,-1.075388584064863
10.0,159.0,1000.0238037109376,-4.244102512718047,-2.9525286703924456,-1.9640583830914304,0.6894193753229203,-1.3017938756794285,4.827192596066553,-0.5186069665346187,1.4811664045511908,-0.9340027407215992,-1.0753905371458243
10.0,160.0,1000.0238647460938,-4.244095688344647,-2.952548944672196,-1.9640614174362647,0.6894318567942745,-1.3017640350209314,4.827167634506637,-0.5186068681073577,1.4811624473813565,-0.9340162013176272,-1.0753870884009182
10.0,160.0,1000.0234375,-4.244103177767647,-2.9525285883794976,-1.9640575716950448,0.6894203388684383,-1.3017921511078794,4.827192646128841,-0.5186069197769587,1.4811677549276228,-0.9340033948746383,-1.0753888495939563
10.0,160.0,1000.0236206054688,-4.24410775856492,-2.952516986601754,-1.96405453210867,0.689415260119894,-1.301805451866902,4.827207028278936,-0.5186071176216194,1.4811721256108026,-0.9339973233373744,-1.0753880370944389
10.0,160.0,1000.0237426757812,-4.244106090192307,-2.952521272610463,-1.964055741251118,0.6894176519451714,-1.301800567934222,4.827201174017308,-0.5186068896225793,1.4811702424518858,-0.9339996229127124,-1.0753879818186136
10.0,160.0,1000.0238037109376,-4.24410231982419,-2.9525311805359973,-1.9640551026733373,0.6894241054691141,-1.301780588547247,4.827189102693094,-0.5186083253516047,1.481171457246159,-0.9340091802586868,-1.075383065913884
10.0,160.0,1000.023681640625,-4.244099719567199,-2.9525377875783727,-1.9640582300399947,0.6894261024788095,-1.301777014048247,4.827181331784553,-0.518607369269783,1.4811669917187906,-0.9340113642644372,-1.0753857075341262
10.0,160.0,1000.0234375,-4.244101719378552,-2.9525326657429494,-1.9640574926338583,0.6894236093022066,-1.301784597185636,4.827187496232455,-0.5186072639946344,1.4811681155309628,-0.9340073167422744,-1.0753870424280445
10.0,160.0,1000.0238037109376,-4.244102132337348,-2.952530155517742,-1.964058153398915,0.6894208370070798,-1.3017906086909692,4.827190873130139,-0.5186068032777271,1.4811672569595906,-0.9340042594671,-1.0753888003677767
10.0,160.0,1000.0240478515624,-4.244104628179073,-2.952526425634586,-1.964056879192118,0.6894203604090858,-1.3017945527909442,4.827194859758707,-0.5186066218629186,1.481168283560642,-0.9340028879243504,-1.0753886463874718
10.0,160.0,1000.023681640625,-4.244104432028478,-2.952524632430561,-1.96405709328496,0.689418407979856,-1.3017960956642587,4.82719725508041,-0.5186065322813089,1.4811686945919045,-0.934001030282591,-1.075388755139865
10.0,160.0,1000.0240478515624,-4.244098060099086,-2.952540908237436,-1.9640609800470488,0.6894253123643113,-1.3017780899540243,4.827177190812282,-0.5186075826699525,1.4811633891660847,-0.9340104259401184,-1.075389863557863
10.0,160.0,1000.023681640625,-4.244101919783265,-2.952531310539334,-1.9640564305035968,0.6894235708896108,-1.30178205267676,4.827188652812684,-0.5186077876953279,1.481170389439943,-0.934008778464837,-1.0753846427391205
10.0,160.0,1000.0239868164062,-4.24410803790679,-2.952514548695297,-1.9640530076923044,0.689414773108088,-1.3018051646616344,4.82720984484123,-0.5186073575818941,1.481174573624168,-0.933997010025024,-1.0753869215072136
10.0,160.0,1000.023681640625,-4.244100193008092,-2.9525402620791232,-1.9640565879906764,0.6894292799273387,-1.3017710187104097,4.827177964342754,-0.5186076286683168,1.4811688740955065,-0.9340149021678484,-1.075383333479614
10.0,160.0,1000.0238037109376,-4.24410307385295,-2.9525291609397817,-1.964054758761172,0.6894230539441972,-1.3017833640695144,4.827191501709887,-0.5186078345909326,1.4811717118219034,-0.9340079697715264,-1.0753835465462966
10.0,160.0,1000.0236206054688,-4.24410033874384,-2.952536831541784,-1.964058539290637,0.6894255838323122,-1.3017807932834784,4.827182363549003,-0.5186071510787471,1.4811663363798546,-0.934009432951484,-1.07538733610081
10.0,160.0,1000.0236206054688,-4.244102684665449,-2.952528935266588,-1.9640571225438168,0.6894217339141555,-1.3017891890063673,4.827192308062587,-0.5186069141311638,1.481168448387372,-0.934004556182578,-1.0753878435274706
10.0,160.0,1000.0238037109376,-4.244106194600885,-2.952520856427439,-1.9640560277608257,0.6894162648241053,-1.301800726559896,4.827202108145531,-0.5186073379376985,1.4811702803784748,-0.9339987649939232,-1.0753885619345462
10.0,160.0,1000.02392578125,-4.244102570869039,-2.952529621314929,-1.9640573990621624,0.6894215937252222,-1.3017873700282347,4.827191961121761,-0.5186072809541722,1.4811690053010302,-0.934004757489193,-1.0753874449014966
10.0,160.0,1000.023681640625,-4.2441021469752105,-2.9525283923701,-1.964057110478812,0.6894212326595426,-1.3017901254414852,4.827192881857544,-0.5186073678892278,1.4811684768450035,-0.9340040284874088,-1.0753883537724662
10.0,160.0,1000.0238037109376,-4.244097730847383,-2.952544055574728,-1.96406028303824,0.6894290891025534,-1.3017710398820117,4.827173445042561,-0.5186074107618577,1.4811646360969526,-0.9340138342681854,-1.0753871653445637
10.0,160.0,1000.023681640625,-4.244103502736407,-2.952523585673541,-1.964058075204816,0.6894162337985321,-1.301801618243119,4.827198452168314,-0.5186067978005653,1.4811669653015027,-0.9339986959605432,-1.075391873864283
10.0,160.0,1000.0236206054688,-4.244105747562295,-2.952520484368577,-1.9640543164159576,0.6894175917253875,-1.3017983139647633,4.827202628053653,-0.5186079279544478,1.4811724983528718,-0.934001002372459,-1.0753859501365284
10.0,160.0,1000.023681640625,-4.244104151604798,-2.9525263185441304,-1.96405559363372,0.6894205122299226,-1.3017913044419465,4.8271954396313,-0.5186076458326747,1.481170888317738,-0.9340040121182956,-1.075386408165751
10.0,160.0,1000.0235595703124,-4.244102667335041,-2.9525309670778674,-1.9640569379911723,0.6894225678352566,-1.3017865982209291,4.82718957187811,-0.5186070172894954,1.4811685283164069,-0.934006492691574,-1.0753868927836416
10.0,160.0,1000.02392578125,-4.244104233168825,-2.952524283120096,-1.9640573494093,0.689417983131829,-1.3017977341278346,4.827197299248782,-0.5186062542542889,1.481167894666858,-0.9340003047047176,-1.0753898994507285
10.0,160.0,1000.0238647460938,-4.244101686713763,-2.95253210374705,-1.9640556808344751,0.6894241185706287,-1.3017813723991538,4.827188398077254,-0.5186076942911839,1.481170768316976,-0.934008764650228,-1.0753845544079883
10.0,160.0,1000.0239868164062,-4.2441051844503646,-2.95252220129755,-1.9640583874797777,0.6894151805161837,-1.3018041505551143,4.827200534126943,-0.5186070778060152,1.4811668614458808,-0.9339970864428242,-1.0753918951377694
10.0,160.0,1000.0234985351562,-4.244098535620278,-2.952543840331818,-1.9640575812446688,0.6894308067162767,-1.3017664082344522,4.827173695211542,-0.518607664049342,1.481167820197613,-0.9340167044634792,-1.0753830603297967
10.0,160.0,1000.0234985351562,-4.2441046681547725,-2.952523991915552,-1.9640559116698064,0.6894186596183136,-1.301795225044562,4.82719792856413,-0.5186070238428533,1.481170332820816,-0.934002024778648,-1.075387398856548
10.0,160.0,1000.0235595703124,-4.244102488254529,-2.9525285384509385,-1.9640564771616773,0.6894214584893534,-1.3017885285209123,4.82719229174908,-0.518607400813675,1.4811693038728908,-0.9340048675089349,-1.075387058021028
10.0,160.0,1000.0237426757812,-4.244102964013001,-2.952529581820969,-1.964057204592209,0.6894220768558732,-1.3017882798292035,4.82719155532023,-0.5186066821934361,1.481169211683996,-0.9340047108119318,-1.0753875606915004
10.0,160.0,1000.0238037109376,-4.244099601173466,-2.952537945098991,-1.9640595896825164,0.6894253531966772,-1.3017793890333422,4.827181220364439,-0.5186075148599096,1.481165595632664,-0.9340098435794584,-1.0753875000853226
10.0,160.0,1000.0238037109376,-4.2440992144596414,-2.952538583374078,-1.964057819701381,0.6894276928993257,-1.301774129233129,4.8271805142271305,-0.5186071299766493,1.481167897632809,-0.934011674935414,-1.0753851384015638
10.0,160.0,1000.0234985351562,-4.244105334836736,-2.95252182986773,-1.964055202853085,0.6894184241444847,-1.301796726320691,4.827200803466646,-0.5186069105405631,1.481171293194281,-0.9340008488461002,-1.0753869599607642
10.0,160.0,1000.0238647460938,-4.244097062895283,-2.9525442419819194,-1.96406255341223,0.689427506511211,-1.301775614027267,4.827172863217234,-0.5186065700330147,1.4811613258381664,-0.9340111124553364,-1.0753909242465012
10.0,160.0,1000.0238647460938,-4.244093515966255,-2.9525594233653587,-1.9640601196175185,0.6894400537301717,-1.30174593884224,4.82715434792118,-0.5186077652536518,1.4811645511945724,-0.9340272483342238,-1.0753816530199236
10.0,160.0,1000.0238647460938,-4.244105249369174,-2.9525179535159127,-1.9640544356345044,0.689416413887697,-1.301800280042666,4.827204669381182,-0.5186077346762525,1.4811727644649464,-0.9339991503333982,-1.0753865209392277
10.0,160.0,1000.0237426757812,-4.244106625197814,-2.9525163183869325,-1.964053265115865,0.6894158896376634,-1.3018007810447485,4.827207551651224,-0.518607786552022,1.4811745778121557,-0.9339984518685078,-1.0753856626125389
10.0,160.0,1000.0234375,-4.244100271847595,-2.952537603658349,-1.964056502666456,0.6894276050622237,-1.301774899115487,4.827181239151456,-0.5186079008835662,1.4811691321049911,-0.9340129849518588,-1.075384258576848
10.0,160.0,1000.0235595703124,-4.244106260884074,-2.952518152179043,-1.9640551546233045,0.6894161693464476,-1.3018024475644232,4.827205290262235,-0.5186066865999734,1.4811716748858377,-0.9339977844629316,-1.075388367366796
10.0,160.0,1000.02392578125,-4.244096013047075,-2.952548259616117,-1.9640610528320792,0.6894317154521499,-1.3017636419349317,4.827167731525519,-0.5186072536944462,1.4811638128482532,-0.9340171226809816,-1.07538601252568
10.0,160.0,1000.023681640625,-4.244107538249883,-2.9525126170774723,-1.9640557180563605,0.6894110546851815,-1.3018127137268798,4.827211697775613,-0.5186074371234124,1.481171487701162,-0.9339929322060608,-1.0753904147075437
10.0,160.0,1000.023681640625,-4.24410174190292,-2.9525355965302142,-1.964055965879472,0.68942697324725,-1.3017777322336608,4.827184045233356,-0.5186076214276527,1.4811700053469536,-0.934011059809544,-1.0753840465872684
10.0,160.0,1000.0237426757812,-4.244102378887765,-2.9525304368851395,-1.964058371963453,0.6894213891512058,-1.3017910737082987,4.827190578307594,-0.5186063881684957,1.4811664895873475,-0.9340037709892456,-1.075389625950447
10.0,160.0,1000.0234985351562,-4.24409969400364,-2.9525369147866853,-1.964058716195172,0.6894253780633219,-1.301780288055514,4.827182212130477,-0.5186076904513408,1.48116636332686,-0.9340095800904864,-1.0753875454974509
10.0,160.0,1000.0238647460938,-4.244101965411705,-2.9525307480809992,-1.9640581777164368,0.6894220834796547,-1.3017879055532604,4.827190188986963,-0.5186063334158746,1.4811672151016246,-0.9340044231117623,-1.0753888815969035
10.0,160.0,1000.0236206054688,-4.244101595694221,-2.9525346967522967,-1.964056578952826,0.6894247481528968,-1.3017800128259798,4.827185288023536,-0.5186074044971676,1.4811691353012524,-0.9340101952568824,-1.0753853640386095
10.0,160.0,1000.023681640625,-4.244103698787207,-2.952526042828369,-1.9640548268138187,0.6894211294283199,-1.3017873252472874,4.82719564687554,-0.5186081345515143,1.4811724633922203,-0.9340058380466214,-1.0753839369493252
10.0,160.0,1000.0238647460938,-4.244106284488682,-2.952517721859536,-1.9640567109814389,0.6894145105210399,-1.3018069566460264,4.827206412298926,-0.5186061793025152,1.4811697846176042,-0.933994806865373,-1.075390948171968
10.0,161.0,1000.0235595703124,-4.244103751607159,-2.952524846003666,-1.9640577275375,0.6894184667438292,-1.3017979844564835,4.827197174512914,-0.5186066462321595,1.4811681407696708,-0.9340003430962104,-1.0753903515585337
10.0,161.0,1000.023681640625,-4.244099976488666,-2.952536450574597,-1.9640596723397223,0.6894244399530072,-1.3017826987502463,4.827182566147524,-0.5186070154493185,1.481165085569191,-0.9340081656709548,-1.075389258705692
10.0,161.0,1000.0238037109376,-4.244099244915491,-2.9525422795672003,-1.964058497344077,0.6894289476192972,-1.3017715398781131,4.8271760301286655,-0.5186073768877284,1.4811660584204542,-0.9340136054907192,-1.0753859300022972
10.0,161.0,1000.023681640625,-4.244101022817831,-2.9525359107095785,-1.9640582125167887,0.6894250781728264,-1.301780993825325,4.827183811690695,-0.5186074548109705,1.4811668567459622,-0.934009067038132,-1.075387189725105
10.0,161.0,1000.0235595703124,-4.244101128533142,-2.952536155005301,-1.964056443046972,0.6894271976441768,-1.3017762963305222,4.8271833045783765,-0.5186076350322546,1.4811696459458528,-0.9340115745679034,-1.0753836872721774
10.0,161.0,1000.0239868164062,-4.244099762049815,-2.9525407248544666,-1.964060944941238,0.6894263463773944,-1.3017781199303515,4.827177707811993,-0.5186062985204201,1.481163354442821,-0.934009705010749,-1.0753892897428088
10.0,161.0,1000.0234375,-4.244101843102358,-2.952534047671715,-1.9640561954488551,0.689425538838484,-1.3017799904067702,4.827185441235773,-0.5186078122032907,1.481169568899972,-0.9340102647926454,-1.0753844717327503
10.0,161.0,1000.0236206054688,-4.244103693700282,-2.9525280676853662,-1.964054928120844,0.6894223279569669,-1.30178703537714,4.82719328030843,-0.5186073572964265,1.481171215371802,-0.9340062883163228,-1.0753846337108235
10.0,161.0,1000.0237426757812,-4.2441042332395975,-2.9525248187403106,-1.9640559394228232,0.6894197697739362,-1.3017944135669983,4.827197134975169,-0.5186071224182296,1.4811703346652028,-0.9340017870451564,-1.075387856739324
10.0,161.0,1000.0234985351562,-4.244101690498969,-2.952532589428082,-1.9640563831865456,0.6894242582040198,-1.3017825327762518,4.827187387053927,-0.5186075326983319,1.4811693064619875,-0.9340083314139792,-1.0753858772896634
10.0,161.0,1000.0237426757812,-4.244101272417568,-2.952533290843225,-1.9640580993063,0.6894231817002119,-1.3017833522772202,4.827186360517558,-0.5186075827523933,1.4811667998055178,-0.9340076146963714,-1.0753871836207505
10.0,161.0,1000.023681640625,-4.244101777865646,-2.9525374187805298,-1.9640569829067795,0.6894272895092435,-1.3017778501571535,4.827182233256567,-0.5186068131965706,1.4811683771089834,-0.9340112705044774,-1.0753851714591578
10.0,161.0,1000.0235595703124,-4.244096243465771,-2.9525505386369573,-1.964058841490787,0.6894345713862213,-1.3017577578437265,4.827165355971589,-0.5186079144820885,1.481165582885037,-0.9340213984700468,-1.075382520425272
10.0,161.0,1000.0238037109376,-4.244105862680122,-2.952520055150541,-1.9640538080639551,0.6894184308350306,-1.3017977181469789,4.827202627886134,-0.5186072150834118,1.4811730510382866,-0.934000672404788,-1.0753861246822187
10.0,161.0,1000.0238647460938,-4.244101191540622,-2.952535857484944,-1.9640565759167088,0.6894258554113843,-1.3017801883108109,4.827183619018593,-0.5186072926986922,1.4811685692176717,-0.9340108638588084,-1.07538602241068
10.0,161.0,1000.0237426757812,-4.244103517903429,-2.9525289423752548,-1.964054107531898,0.6894230089028426,-1.3017849446795404,4.827192092008524,-0.518608730379956,1.4811724694402129,-0.9340082179658244,-1.0753831384246395
10.0,161.0,1000.0236206054688,-4.24410623450385,-2.9525184423720923,-1.96405641529798,0.689415086979305,-1.3018066157694936,4.827204661658595,-0.5186063949813073,1.4811695722629894,-0.933996086503078,-1.075390721647198
10.0,161.0,1000.0236206054688,-4.244107135960375,-2.952514407692383,-1.96405554899156,0.6894129908057245,-1.3018096670288877,4.827209427285277,-0.5186068633714926,1.4811713487022171,-0.933994746744328,-1.075390113643346
10.0,161.0,1000.023681640625,-4.244099202156939,-2.9525386276996497,-1.9640586578346868,0.6894265088841269,-1.301776924485014,4.827179743264027,-0.5186072083923019,1.4811660534847162,-0.9340111119874326,-1.0753872758463707
10.0,161.0,1000.0238037109376,-4.244101884474513,-2.9525316194232425,-1.964058380472924,0.6894226060992175,-1.3017880160797333,4.827189050350766,-0.5186064638647592,1.4811669404057302,-0.9340053779452432,-1.075389166381111
10.0,161.0,1000.0238037109376,-4.24409811022156,-2.9525397830598963,-1.9640600559653136,0.6894257845634568,-1.3017781425465331,4.827178113553023,-0.5186074953502171,1.481164717983904,-0.9340107882177744,-1.0753886231693488
10.0,161.0,1000.0237426757812,-4.244103015654687,-2.9525260023982747,-1.9640563734992424,0.6894191772951892,-1.3017927236246116,4.827195634975519,-0.5186072288146022,1.481169427036848,-0.934003170125508,-1.0753880567139484
10.0,161.0,1000.023681640625,-4.244101740097021,-2.952531424760076,-1.964055933770275,0.6894243287094506,-1.3017823254517724,4.827188822262739,-0.5186078606574238,1.481170634664971,-0.934007990444484,-1.0753849599388103
10.0,161.0,1000.0235595703124,-4.244099898515291,-2.9525384140494912,-1.9640581955080432,0.689426503042756,-1.3017774319504047,4.827180310205524,-0.5186076600610425,1.4811667488927869,-0.9340113179883548,-1.0753864699834552
10.0,161.0,1000.0237426757812,-4.244106130716478,-2.952518935579043,-1.9640551764688947,0.6894165288426173,-1.3018023760804305,4.827204455760183,-0.5186066337919772,1.4811718199247803,-0.93399787184753,-1.075388302143148
10.0,161.0,1000.0236206054688,-4.244100661465509,-2.9525400682779206,-1.964057031889588,0.6894290524643765,-1.3017723448815222,4.827178813807789,-0.5186074634487188,1.4811688333826742,-0.9340142255050096,-1.0753834937843294
10.0,161.0,1000.0238037109376,-4.244102217704216,-2.952530469695008,-1.964055729369148,0.6894231823182162,-1.301783992105677,4.827189660716961,-0.518607884694938,1.481170465278038,-0.9340083835797,-1.0753845001545734
10.0,161.0,1000.023681640625,-4.244102295360709,-2.952528709081025,-1.9640577467682456,0.6894199843691737,-1.30179013927737,4.827192210584707,-0.5186076154557453,1.4811675124270485,-0.934004031552619,-1.0753880448287951
10.0,161.0,1000.0234375,-4.244106794022354,-2.952516260594966,-1.964056470292484,0.6894128825922401,-1.301809795359353,4.827207505990085,-0.5186065024712692,1.481169213145492,-0.9339947047810472,-1.0753912638975818
10.0,161.0,1000.0236206054688,-4.24410311279754,-2.952526719704825,-1.96405718218414,0.6894201517190588,-1.3017932437145956,4.827194812577517,-0.5186068101462427,1.4811686953147412,-0.9340023256207984,-1.0753889675767183
10.0,161.0,1000.0236206054688,-4.244101669740816,-2.9525338270943413,-1.964057017753064,0.6894244313273035,-1.3017827340087198,4.827186149699445,-0.5186073183825588,1.48116854223976,-0.9340084028116252,-1.075386675175647
10.0,161.0,1000.0237426757812,-4.244101060969952,-2.952535778219336,-1.964057115330171,0.6894263560598333,-1.3017782664993294,4.827183810015665,-0.5186069283648074,1.4811687813990426,-0.9340100092658918,-1.075385026087019
10.0,161.0,1000.0237426757812,-4.244105740700807,-2.9525237781402014,-1.9640534582512088,0.6894205174515236,-1.3017913299351749,4.827198792857679,-0.5186077424299178,1.481173577649935,-0.934004498607031,-1.07538361401408
10.0,161.0,1000.0233764648438,-4.2441033552803225,-2.9525291332109505,-1.9640568058795875,0.6894218553369811,-1.3017888251970144,4.827191807344754,-0.5186071663081284,1.481168740169703,-0.9340052279811522,-1.075387021462708
10.0,161.0,1000.0234985351562,-4.24410609319861,-2.952518197377625,-1.9640565028874213,0.6894142315510567,-1.301807114159963,4.827205036144036,-0.5186065624826792,1.481169348380119,-0.9339962101421292,-1.075390966476906
10.0,161.0,1000.0237426757812,-4.2441041423101815,-2.952525055953898,-1.9640553296619068,0.6894201521893883,-1.3017937475438823,4.827196792102528,-0.5186071651909883,1.481170762211664,-0.9340036541136172,-1.075386829958945
10.0,161.0,1000.0235595703124,-4.244103350538969,-2.952526145628032,-1.9640562013704288,0.6894201434834066,-1.3017919819679946,4.827195411896799,-0.5186072553433858,1.481169909565594,-0.9340032581352647,-1.0753876953332124
10.0,161.0,1000.0234985351562,-4.24410012424654,-2.952538041777616,-1.9640582513755056,0.6894265329099749,-1.3017770984134387,4.827180916094861,-0.518607425927839,1.4811671729898004,-0.9340111284148698,-1.0753859688974303
10.0,161.0,1000.0235595703124,-4.244105641905087,-2.952518554858141,-1.964056336464688,0.689415595332326,-1.3018041957611088,4.827204832319843,-0.5186062363202781,1.4811702569887777,-0.9339966399216896,-1.0753899195377683
10.0,161.0,1000.0234985351562,-4.244100793828198,-2.952534640642435,-1.964057618031621,0.6894249228905283,-1.3017804576771912,4.827185072576727,-0.5186074537437291,1.481168079486591,-0.9340087891051932,-1.075386543115275
10.0,161.0,1000.0238037109376,-4.244103493785487,-2.952526471088696,-1.9640557783050625,0.6894201630578136,-1.3017927285533109,4.827194901701885,-0.5186078370343559,1.4811698593488654,-0.9340036164469296,-1.0753873461275385
10.0,161.0,1000.0235595703124,-4.244096429541396,-2.95254634971874,-1.964058632756996,0.6894320325129977,-1.3017623462138743,4.827170240954184,-0.5186083827023156,1.4811666449908376,-0.9340183460241508,-1.0753833469602745
10.0,161.0,1000.0238037109376,-4.244103086981292,-2.952525525662643,-1.9640572122980533,0.6894182388946923,-1.301795590189767,4.827195898644934,-0.5186069448656747,1.4811681843614997,-0.9340017855352664,-1.0753895534863511
10.0,161.0,1000.0236206054688,-4.244104137688376,-2.952527591966577,-1.9640547678522924,0.6894224211859212,-1.3017876567062547,4.827193978627303,-0.5186076733749401,1.481172216614989,-0.934006292669129,-1.0753842057011882
10.0,161.0,1000.0237426757812,-4.244104311578451,-2.9525262291435634,-1.964056237704788,0.6894203191021528,-1.301793486625726,4.827195310764648,-0.5186064483343724,1.4811694489285827,-0.9340027285416994,-1.0753875141896394
10.0,161.0,1000.0236206054688,-4.244104043987957,-2.952527312405264,-1.964054727169871,0.6894218675745716,-1.301788097684415,4.827194060556714,-0.5186076377541475,1.4811716503130157,-0.9340059682556828,-1.0753846259412212
10.0,161.0,1000.0238037109376,-4.24409896431512,-2.952536494196436,-1.9640582604545,0.6894250206253583,-1.3017799698167232,4.827182545188549,-0.5186081703617695,1.481166320420371,-0.9340099501027268,-1.0753872975911776
10.0,161.0,1000.0236206054688,-4.244107462856189,-2.9525155722715155,-1.9640547910522923,0.6894138556427309,-1.3018068691290945,4.827208182867711,-0.5186067514812329,1.481171980484488,-0.9339959185567972,-1.0753887476773256
10.0,161.0,1000.0237426757812,-4.244096989383372,-2.9525422968688284,-1.964062367997528,0.6894261192915438,-1.3017792553706489,4.827175441985926,-0.518606858022812,1.4811609615939894,-0.9340094738976026,-1.0753921843045426
10.0,161.0,1000.0238037109376,-4.244105749865808,-2.952520706129071,-1.9640552438858776,0.6894179855109108,-1.301799601824594,4.827202048012339,-0.5186065371023529,1.4811715707601223,-0.933999709678285,-1.0753875107860345
10.0,162.0,1000.0237426757812,-4.244103741851665,-2.952525542924078,-1.9640557549952,0.6894196571763755,-1.3017926586229338,4.8271956364144,-0.5186078615087188,1.4811707552792477,-0.9340035136944927,-1.075386767355088
10.0,162.0,1000.02392578125,-4.244107937013067,-2.9525150051133737,-1.9640525383676684,0.689415982503462,-1.301804139008791,4.827208826039822,-0.5186069762925989,1.4811743436153684,-0.9339983401168616,-1.0753856452579376
10.0,162.0,1000.0238037109376,-4.24410274943534,-2.952529453860232,-1.9640557664712943,0.689423260146719,-1.3017848614491463,4.827191286665151,-0.5186072689353329,1.481171076929943,-0.9340067919224424,-1.0753852091013147
10.0,162.0,1000.023681640625,-4.244105656960637,-2.952518322105246,-1.9640564540804368,0.6894156018268403,-1.301805219256441,4.827205037552938,-0.518606572290568,1.4811697179533612,-0.9339958428920276,-1.0753906278073575
10.0,162.0,1000.0238037109376,-4.2441007813504985,-2.952535582446694,-1.96405885399828,0.6894242479946691,-1.301783294196599,4.827183463085458,-0.5186070944075905,1.4811656929173385,-0.9340080377082244,-1.0753885745714555
10.0,162.0,1000.0238037109376,-4.24409813720544,-2.9525395786302004,-1.9640611908805683,0.6894255111983796,-1.301780739931766,4.827178304494344,-0.5186065499582506,1.4811624562392185,-0.9340085869480576,-1.0753911943233256
10.0,162.0,1000.0235595703124,-4.244106867213954,-2.952516344947707,-1.964056190897136,0.689413790035136,-1.3018086348559017,4.827207277352287,-0.5186066898360329,1.4811696641605812,-0.9339949837992298,-1.0753906511887368
10.0,162.0,1000.0235595703124,-4.2441042158394175,-2.9525251592029083,-1.9640573586890264,0.689418267597258,-1.3017969543648955,4.827196559278814,-0.5186069558359074,1.481168357806447,-0.9340012854457332,-1.0753890727155109
10.0,162.0,1000.023681640625,-4.244102742037513,-2.9525328559899893,-1.9640557633008653,0.6894248680240231,-1.3017806206328002,4.827187722610237,-0.5186076010457636,1.4811705329181502,-0.934009562832709,-1.0753839937360783
10.0,162.0,1000.023681640625,-4.244108498444632,-2.952509774855748,-1.9640567262033293,0.6894089433882673,-1.3018200268696145,4.827215004262172,-0.5186060707030213,1.481169660432152,-0.93398934942352,-1.075393572335941
10.0,162.0,1000.0238647460938,-4.244102841259658,-2.952531896249333,-1.9640588117280249,0.6894216878747264,-1.3017902138361848,4.827188539906803,-0.5186064462983362,1.481165847348688,-0.9340044651054846,-1.0753898992835476
10.0,162.0,1000.0234375,-4.244107188337004,-2.95251456438126,-1.9640553569734944,0.6894129285446837,-1.301810507222521,4.827209330208774,-0.5186067131725904,1.4811711429853671,-0.9339946699778778,-1.0753903081887932
10.0,162.0,1000.0234985351562,-4.244103029345808,-2.952528820458656,-1.9640577187612145,0.689420986458666,-1.3017909705577957,4.8271921419109205,-0.5186069438109744,1.4811680517957342,-0.9340042147126644,-1.0753884902368682
10.0,162.0,1000.023681640625,-4.244103684641368,-2.9525273813140487,-1.9640557802673912,0.689421291229313,-1.3017908674919685,4.827193799855484,-0.5186074617776439,1.4811697048985648,-0.9340048046381852,-1.075386596192025
10.0,162.0,1000.0236206054688,-4.244107423172428,-2.9525141644330883,-1.964056089347736,0.6894126530871638,-1.3018130609106002,4.827209965906672,-0.5186062902340556,1.4811699111159484,-0.9339931071732082,-1.0753917234909616
10.0,162.0,1000.0233154296876,-4.244102699902825,-2.9525292561900565,-1.9640572719463028,0.6894216132057531,-1.3017884120141954,4.827191798880101,-0.5186071257087299,1.481168455497106,-0.9340048169314876,-1.0753873385688202
10.0,162.0,1000.023681640625,-4.24409945428175,-2.9525407414717786,-1.964059828078586,0.6894271894203161,-1.301776144835152,4.82717774954909,-0.5186068140831139,1.481164654777153,-0.9340115771809384,-1.0753875239844235
10.0,162.0,1000.023681640625,-4.244103856882526,-2.9525280608991675,-1.9640580203686864,0.6894200035678324,-1.3017947690968557,4.8271930653537325,-0.5186066084229513,1.4811674123808514,-0.9340026428809676,-1.0753898388581518
10.0,162.0,1000.0233764648438,-4.24410192823031,-2.952531282377224,-1.9640563821966213,0.6894233601807933,-1.3017845563218389,4.827189057436652,-0.5186076502908206,1.4811696315395997,-0.9340076945383268,-1.0753859512042618
10.0,162.0,1000.0236206054688,-4.244099807184377,-2.9525388545657014,-1.964059825933268,0.6894254897606551,-1.3017790625372436,4.827179928573868,-0.5186072369285881,1.4811646997016403,-0.9340097409988416,-1.0753885187869558
10.0,162.0,1000.023681640625,-4.24410242653904,-2.952531001656589,-1.9640585196456293,0.6894215401304917,-1.3017890506356538,4.827189612255099,-0.5186068792967253,1.4811666146657083,-0.934004586098033,-1.0753891137814815
10.0,162.0,1000.0234985351562,-4.2441052298468085,-2.9525232471376968,-1.964055855181161,0.6894187459218424,-1.3017972555550896,4.8271992666984325,-0.5186070265251788,1.4811703670886611,-0.934000624341011,-1.075387844882774
10.0,162.0,1000.0234985351562,-4.244104965555826,-2.9525235825295395,-1.9640541860120944,0.689420461789422,-1.3017920183016631,4.827198422581798,-0.5186074168035057,1.4811729025940856,-0.934003653846518,-1.0753846679197032
10.0,162.0,1000.0235595703124,-4.244102206878431,-2.952531901975472,-1.9640561006735344,0.6894240733874044,-1.301782857263002,4.827188061411446,-0.5186077472867829,1.4811699866064654,-0.934009012247631,-1.0753847523328868
10.0,162.0,1000.0234985351562,-4.244100139072072,-2.9525391126628606,-1.9640569333542253,0.6894281570104468,-1.30177348060305,4.827179822417635,-0.5186079062023436,1.481168509361579,-0.934013840882745,-1.0753839696767615
10.0,162.0,1000.0236206054688,-4.24410250766567,-2.9525307621651784,-1.9640552750676623,0.6894240660695914,-1.3017825680937525,4.827189755385509,-0.5186079484260988,1.4811711551522926,-0.934008387413762,-1.0753838950580787
10.0,162.0,1000.023681640625,-4.244104868645223,-2.952523062977788,-1.9640563298528544,0.6894176233395974,-1.3017977157581786,4.82719899789581,-0.5186067200849624,1.481169371017249,-0.9340004726343007,-1.0753885939673058
10.0,162.0,1000.0237426757812,-4.244104427225036,-2.952526520110221,-1.9640564194974,0.6894205348569971,-1.3017931207969111,4.827194796105292,-0.5186066026487337,1.48116900261671,-0.9340034187490768,-1.075387758598929
10.0,162.0,1000.0238037109376,-4.244096884951766,-2.952544791199652,-1.9640593036382,0.689430512682522,-1.301765867886688,4.8271723726007725,-0.5186075776977708,1.4811657022289335,-0.934016101974871,-1.075384958858459
10.0,162.0,1000.0234985351562,-4.244103133430383,-2.95252867159654,-1.9640557535998149,0.6894221386289034,-1.3017877523626682,4.827192298088654,-0.5186077669611162,1.4811705786443312,-0.9340061378989172,-1.0753855087726052
10.0,162.0,1000.0232543945312,-4.244097634993491,-2.9525464056624777,-1.9640583689200004,0.6894318132327211,-1.3017643214571626,4.827170663815487,-0.5186081190495413,1.4811663906003671,-0.9340182850670552,-1.0753835307431627
10.0,162.0,1000.0235595703124,-4.244104150232742,-2.9525244279076253,-1.9640569221005653,0.6894187262916498,-1.301797012185807,4.827197460711828,-0.5186070126905324,1.4811688434938404,-0.9340007724950796,-1.0753891922594816
10.0,162.0,1000.023681640625,-4.244102568680135,-2.952532245656948,-1.964056847263727,0.68942409690258,-1.3017847014233048,4.827188113671202,-0.518606905284706,1.4811691056608538,-0.9340073169628632,-1.075386250501306
10.0,162.0,1000.0234985351562,-4.24410842573794,-2.9525137235443544,-1.9640537200350163,0.6894139816354619,-1.301806462609112,4.82721084640769,-0.518607242501484,1.4811737901346556,-0.9339961351084184,-1.075386941834939
10.0,162.0,1000.023681640625,-4.2441018992287205,-2.952531765761664,-1.9640582400770483,0.689422401487187,-1.3017863557411742,4.827188622694706,-0.518606728222256,1.481167476510958,-0.9340059114773708,-1.0753880811234846
10.0,162.0,1000.0234985351562,-4.244102137322157,-2.9525291742942086,-1.9640563883857936,0.6894218800898013,-1.3017871499947793,4.827191752281651,-0.5186077077673552,1.481169677544373,-0.9340059356717764,-1.0753863018995693
10.0,162.0,1000.0234985351562,-4.2441035351083976,-2.9525270170016817,-1.964055195427095,0.689421893558233,-1.3017890070372982,4.827194004943969,-0.5186074316034572,1.4811711876418254,-0.934005358164745,-1.0753854810716708
10.0,162.0,1000.0238647460938,-4.244107397134157,-2.952518005254096,-1.9640545553073576,0.6894165773768455,-1.301802164674532,4.827205625725696,-0.5186065682486793,1.481172303722051,-0.9339989200288468,-1.0753870473254548
10.0,162.0,1000.0234375,-4.244105776738936,-2.952520417151381,-1.9640558327228903,0.6894169902355616,-1.3018000764540734,4.82720264045264,-0.5186068272644864,1.4811709358043217,-0.9339987632944542,-1.0753881793504338
10.0,162.0,1000.0237426757812,-4.244103585995743,-2.952529696522258,-1.9640560123113704,0.6894228091038119,-1.3017875194131574,4.827191245329965,-0.5186069593556439,1.4811703508035947,-0.9340060515233048,-1.0753858295519154
10.0,162.0,1000.0238647460938,-4.244106637659625,-2.952521499888657,-1.9640556831191431,0.6894177782147279,-1.30180109438427,4.827201350161046,-0.5186063400605514,1.4811699940575682,-0.9339994007091938,-1.0753883930562482
10.0,162.0,1000.023681640625,-4.244103593692991,-2.952526899778719,-1.9640556622843304,0.6894208257059429,-1.3017907371038735,4.827194377665293,-0.5186077442247701,1.4811702381924086,-0.934004334593384,-1.075386894669489
10.0,162.0,1000.0237426757812,-4.244103786837695,-2.9525274898094933,-1.9640570744532573,0.6894200919930995,-1.3017938524097374,4.827194030855793,-0.5186075744818508,1.481168432072182,-0.9340036010277232,-1.0753883990707958
10.0,162.0,1000.0235595703124,-4.244105924511901,-2.952518443048329,-1.9640559061504723,0.6894152643683471,-1.3018045579283664,4.827204325146278,-0.5186066946915737,1.4811702573334724,-0.9339974404077864,-1.075389471701373
10.0,162.0,1000.0235595703124,-4.244102543397731,-2.9525328782116467,-1.964056829674723,0.6894240817630646,-1.3017836658952349,4.827187334891697,-0.5186070158915648,1.481168811492858,-0.93400824370004,-1.0753861687807351
10.0,162.0,1000.023681640625,-4.244103572252758,-2.952529278107811,-1.964055786310516,0.6894223887937283,-1.301787114167103,4.827191639665685,-0.5186070284986783,1.4811699439428905,-0.9340065605778296,-1.075385617153653
10.0,162.0,1000.0235595703124,-4.24410240084153,-2.952530327981245,-1.9640573501711067,0.6894216079285727,-1.3017883233373424,4.8271903453158505,-0.5186069551286314,1.4811681870780866,-0.9340053513457072,-1.075387828609875
10.0,162.0,1000.02392578125,-4.244103170004847,-2.9525320879526005,-1.9640578253405607,0.689422580353031,-1.3017871491178266,4.82718817293139,-0.5186066690814526,1.4811670684769895,-0.9340063767546578,-1.075387953701867
10.0,162.0,1000.0234375,-4.2441014770703545,-2.952536064600209,-1.964056456326116,0.6894269363702339,-1.301777251655824,4.827183378280584,-0.5186075638565155,1.4811692618269614,-0.9340115281931354,-1.075384144328173
10.0,162.0,1000.0238647460938,-4.244103906612477,-2.952527841179449,-1.9640557115927624,0.6894215789001201,-1.3017904153515951,4.827193000468803,-0.5186073085123333,1.4811701431561453,-0.9340053921557416,-1.0753863557386696
10.0,163.0,1000.0233764648438,-4.244105380982404,-2.952521412101943,-1.9640553467392,0.6894177008401634,-1.301798570237554,4.827201339211747,-0.5186073209562352,1.481171644876281,-0.9340000636635252,-1.0753874249001338
10.0,163.0,1000.0233764648438,-4.2441002147799,-2.952536458830733,-1.96405704572088,0.6894260800082321,-1.301776851994188,4.827182608416829,-0.5186077244069782,1.481168309233155,-0.9340115066029222,-1.075384886821367
10.0,163.0,1000.0234375,-4.244099549905259,-2.952539051287092,-1.9640572795866105,0.6894275427271621,-1.3017744204936803,4.827179433358593,-0.5186080072831052,1.481167793902717,-0.934013256794418,-1.0753848575023213
10.0,163.0,1000.0235595703124,-4.2441028509621095,-2.952525546013677,-1.9640571654691128,0.6894183530230604,-1.3017953257115606,4.827196146368841,-0.5186074144877928,1.4811684117763813,-0.9340018306546805,-1.0753892915028147
10.0,163.0,1000.0234985351562,-4.244098676547624,-2.952541259114927,-1.9640594527433983,0.6894278429310692,-1.3017744577446448,4.827176892380207,-0.5186073165044949,1.481164982688206,-0.9340125787336166,-1.0753871698290074
10.0,163.0,1000.0234985351562,-4.24410800957845,-2.952512198573781,-1.964055237868364,0.6894118617348841,-1.3018127655288263,4.827212513850032,-0.5186063295649994,1.4811714366487694,-0.9339926923967754,-1.0753904729938153
10.0,163.0,1000.0237426757812,-4.244104965227039,-2.952524999039129,-1.9640553693314904,0.6894210174574695,-1.3017924667517438,4.827196908042529,-0.5186067718887033,1.4811712909324868,-0.9340033335072012,-1.0753858312992737
10.0,163.0,1000.0237426757812,-4.244104860255604,-2.952522991214594,-1.9640551311970469,0.6894188455304882,-1.3017955018372702,4.827199251804473,-0.5186074670244443,1.4811713253838112,-0.9340019372901508,-1.0753871002965472
10.0,163.0,1000.0233764648438,-4.244103250487656,-2.952527131778619,-1.9640569350307733,0.6894201876072987,-1.3017916237001503,4.827194085997746,-0.5186071596336559,1.4811689984338567,-0.9340034137838876,-1.0753876719840711
10.0,163.0,1000.0236206054688,-4.244105073298664,-2.952523136761909,-1.9640559787407688,0.6894183053651792,-1.3017969602843578,4.827199510444965,-0.5186074082886227,1.4811702802062463,-0.9340013895228348,-1.0753873625660115
10.0,163.0,1000.0234375,-4.244101370634137,-2.9525353292586005,-1.9640569719595755,0.6894260507637746,-1.3017786713976824,4.827184560397054,-0.5186076127336818,1.481169087525565,-0.9340103777153086,-1.0753846293460114
10.0,163.0,1000.0233764648438,-4.244104133827741,-2.952525954041726,-1.964055957119896,0.6894203247287258,-1.3017925428301025,4.827195522406193,-0.5186072719544734,1.4811699225021029,-0.9340035909048074,-1.075386921986449
10.0,163.0,1000.0233764648438,-4.244101405429927,-2.952532500989036,-1.9640579683464603,0.6894227584352244,-1.3017861001647342,4.827187437987293,-0.518607292499814,1.4811670542887478,-0.9340069038583572,-1.0753879633583372
10.0,163.0,1000.0234375,-4.244102267632059,-2.9525328837461298,-1.96405622069056,0.6894247641247517,-1.3017816747165272,4.827187437041832,-0.5186074481543148,1.481169923000771,-0.934008915613246,-1.0753848081067985
10.0,163.0,1000.0234375,-4.24410197221026,-2.9525346360293634,-1.964055114386949,0.6894268867117317,-1.3017762172348155,4.827185093695896,-0.5186079107931851,1.4811714360054236,-0.934012008176026,-1.0753823937865716
10.0,163.0,1000.0235595703124,-4.244103192257247,-2.952530888298506,-1.964055562347512,0.6894239746848143,-1.3017840487145094,4.827189798364397,-0.518607509124041,1.4811703575737267,-0.9340078923112918,-1.0753846816633097
10.0,163.0,1000.023681640625,-4.244102502301925,-2.952532390022454,-1.9640558975616869,0.6894244163216543,-1.3017819996124236,4.827187670669495,-0.5186077020505566,1.4811698430471854,-0.9340096750141668,-1.0753844450800938
10.0,163.0,1000.0234985351562,-4.244107509491821,-2.952516603244737,-1.9640541127230493,0.6894154010029263,-1.3018037314759563,4.827207402172927,-0.518607257385094,1.4811731967891737,-0.9339976751462123,-1.0753865163840408
10.0,163.0,1000.0236206054688,-4.244100130694188,-2.952536873073832,-1.9640580334511768,0.689425977914687,-1.3017778641665094,4.827181983316372,-0.5186072930764842,1.4811672392728443,-0.9340107743470244,-1.075386218663012
10.0,163.0,1000.0235595703124,-4.244102438908509,-2.9525290296571987,-1.9640583152266555,0.6894204198928264,-1.301791958181732,4.827191947082651,-0.5186072105252402,1.481166893737921,-0.9340032876494648,-1.0753894154475503
10.0,163.0,1000.0233764648438,-4.244102115731476,-2.95253328831025,-1.9640559659706,0.6894253036778242,-1.3017802822523783,4.827187095631945,-0.5186077042667154,1.4811702599380396,-0.934009856517453,-1.0753840375455974
10.0,163.0,1000.023681640625,-4.244105575715741,-2.9525207017774813,-1.9640537851793631,0.6894184433266748,-1.3017962292156389,4.827202299048418,-0.5186076516812559,1.481173227796205,-0.9340013778839876,-1.075385591073505
10.0,163.0,1000.0236206054688,-4.2441066096714,-2.952516367828002,-1.9640557725793693,0.6894142774072751,-1.3018070767227434,4.827207527081699,-0.518606723452196,1.4811703714798563,-0.9339957549437176,-1.0753898049599364
10.0,163.0,1000.0234985351562,-4.244100661221054,-2.952534427299173,-1.9640573143628592,0.689424708469474,-1.30178056796511,4.827185171865953,-0.5186076885885118,1.4811684740166928,-0.9340092905863672,-1.0753859679601958
10.0,163.0,1000.0234985351562,-4.244104958169475,-2.952521977895498,-1.9640560496861408,0.689418233112594,-1.3017978185958112,4.827200602778056,-0.5186068705073819,1.4811706616133078,-0.934000414465884,-1.0753879195740377
10.0,163.0,1000.0234375,-4.2441031859774565,-2.952529653686448,-1.9640562899433167,0.6894222477244334,-1.301787884424091,4.827191302710862,-0.5186074875154381,1.4811693700506057,-0.9340060037122804,-1.075386580397054
10.0,163.0,1000.0234985351562,-4.244101792529742,-2.9525337396482136,-1.964056664927074,0.6894252622836543,-1.3017805847746642,4.827186270989552,-0.5186072898274503,1.481169153228807,-0.9340091697055684,-1.0753850702281675
10.0,163.0,1000.0234985351562,-4.244102328930677,-2.952529550837789,-1.9640563264195028,0.6894226738859279,-1.3017875366970744,4.827191158362304,-0.5186075491129234,1.4811695193123562,-0.9340061849645744,-1.0753865866720158
10.0,163.0,1000.0233154296876,-4.244102643673193,-2.9525293366592384,-1.9640561246259127,0.6894224978943058,-1.301786947666746,4.827191412062026,-0.5186074147385309,1.481170072287819,-0.9340062740304704,-1.0753860124893615
10.0,163.0,1000.0235595703124,-4.244105638836,-2.952520311465828,-1.9640545653802808,0.6894178349441678,-1.3017977946707449,4.827202491143929,-0.5186070309543744,1.4811722725607224,-0.9340008608563776,-1.0753862584317786
10.0,163.0,1000.023681640625,-4.244100696565085,-2.952538738667955,-1.96405711681904,0.6894276401399244,-1.301775566725624,4.827180304580715,-0.5186074765667028,1.4811677977866813,-0.9340125549638696,-1.0753847330826811
10.0,163.0,1000.0234375,-4.244101022615782,-2.9525346271190327,-1.964057533666544,0.6894247706300014,-1.301780661685518,4.827185113549572,-0.5186074244090992,1.4811683747298252,-0.9340089316123016,-1.0753861602714796
10.0,163.0,1000.0234985351562,-4.244105769128023,-2.9525203723878373,-1.964055268560708,0.6894168414689963,-1.3018003600962729,4.8272024806762985,-0.5186070782793664,1.4811709802100124,-0.9339999907347236,-1.0753875665970805
10.0,163.0,1000.0236206054688,-4.244100546763906,-2.952537083594467,-1.964056158163128,0.6894274753006044,-1.301773286909386,4.827181984354036,-0.5186083222159237,1.4811703338860287,-0.9340129619107432,-1.075382630151906
10.0,163.0,1000.0233154296876,-4.244102504702628,-2.952531524503275,-1.9640573760192992,0.6894228941962837,-1.301786665854756,4.827188907842853,-0.5186071514977924,1.4811682204964258,-0.9340064316026684,-1.075387159211318
10.0,163.0,1000.0234985351562,-4.244101440740679,-2.952532647341259,-1.9640580044127105,0.6894233675875423,-1.3017858210487503,4.82718735734225,-0.5186071456510168,1.4811675665908286,-0.9340069162879194,-1.0753878928647185
10.0,163.0,1000.0234375,-4.244101969699648,-2.952533145879256,-1.9640556774331568,0.6894257495132363,-1.3017788622378683,4.827186908070129,-0.5186075586724046,1.4811708086887778,-0.934010128119505,-1.075383526833675
10.0,163.0,1000.0234375,-4.244101258228838,-2.9525337671659275,-1.9640589530256776,0.6894231089146157,-1.3017862975323,4.827185982800636,-0.5186069905122599,1.4811659423910184,-0.9340065193404704,-1.0753893066798357
10.0,163.0,1000.0235595703124,-4.244102784955182,-2.9525292478175675,-1.9640560530869875,0.6894224032532437,-1.301787461739794,4.827191450492084,-0.5186072294876283,1.4811700492903557,-0.9340061816421468,-1.0753860565476323
10.0,163.0,1000.0235595703124,-4.244106973710151,-2.9525170366153057,-1.964054905419956,0.6894152997815048,-1.3018046045695413,4.8272065533391935,-0.5186070257838509,1.4811719821448088,-0.9339971582564796,-1.075387988355156
10.0,163.0,1000.023681640625,-4.244102579436965,-2.9525318087736787,-1.9640559448059085,0.6894238556093129,-1.3017834952321876,4.827188649210129,-0.5186074881785929,1.4811696044178246,-0.9340083441199508,-1.0753849681525662
10.0,163.0,1000.023681640625,-4.244099691749872,-2.95253943164669,-1.9640588142737083,0.6894266719139122,-1.3017761095795557,4.827179699625237,-0.5186075214859596,1.4811656328128464,-0.9340114563806664,-1.075386668310076
10.0,163.0,1000.0234985351562,-4.24410192603787,-2.952532135845344,-1.964056764434129,0.689423642362649,-1.3017831241978426,4.827188122652276,-0.5186075626458377,1.481169272059164,-0.9340080215660712,-1.075385388048958
10.0,163.0,1000.0234375,-4.244106150196453,-2.9525186702193635,-1.964055276895692,0.68941565832964,-1.3018034516843713,4.827204538012651,-0.5186070210836062,1.4811708377733757,-0.9339981837799352,-1.0753888024414682
10.0,163.0,1000.023681640625,-4.244099029943547,-2.952543783352003,-1.964058101939268,0.689430990512939,-1.3017666214481007,4.827173924214911,-0.5186073777409543,1.4811671003712732,-0.9340164215780424,-1.075383362156547
10.0,163.0,1000.0235595703124,-4.2441015859563205,-2.952532843562516,-1.9640589463023832,0.6894223461650553,-1.3017873814352932,4.827187500175851,-0.5186068182897987,1.4811663156360844,-0.9340056014288728,-1.0753892134070724
10.0,163.0,1000.0233764648438,-4.244100652181087,-2.95253613307826,-1.964056995135424,0.6894263582023967,-1.3017774286367203,4.82718329240225,-0.5186078590821106,1.481168617418632,-0.9340111352594248,-1.0753849358797534
10.0,163.0,1000.0234985351562,-4.244100517002471,-2.952534188508376,-1.9640566799070407,0.6894255017238136,-1.301779394438512,4.82718564507846,-0.5186077590117515,1.481169223433131,-0.9340097437281464,-1.0753849362839238
10.0,163.0,1000.0238037109376,-4.244105019889613,-2.952522333093896,-1.9640546378857675,0.6894181881110706,-1.3017960017908043,4.827199737846136,-0.5186078870539941,1.4811717107526228,-0.9340019307185,-1.075386437810509
10.0,163.0,1000.0235595703124,-4.2441005750811325,-2.952534907011583,-1.9640595757828776,0.6894233691881286,-1.3017855551164643,4.827184537537761,-0.5186071176981795,1.481165154054171,-0.9340066218585168,-1.0753895211340097
10.0,164.0,1000.0234985351562,-4.244103689217073,-2.952528601600359,-1.964055916782724,0.6894219230408218,-1.3017880355883555,4.827192647213012,-0.5186074963963136,1.4811702145006451,-0.9340060584928036,-1.0753856716069037
10.0,164.0,1000.0234375,-4.2441017572616015,-2.9525338446565548,-1.964056362467988,0.6894252433452941,-1.3017804921910745,4.827186134009349,-0.5186075590026,1.4811696767891132,-0.9340098662226124,-1.075384659564555
10.0,164.0,1000.0235595703124,-4.244098828827184,-2.952537887339404,-1.9640592385906448,0.6894255492588073,-1.301778671647384,4.8271808152944935,-0.5186076748777717,1.4811655766759646,-0.934010072608709,-1.0753879964642057
10.0,164.0,1000.0236206054688,-4.244097761489325,-2.952547489748381,-1.9640589095163767,0.6894320702930603,-1.301764638921192,4.82716951304112,-0.5186077508587452,1.4811654255632734,-0.9340180379702154,-1.075384467817058
10.0,164.0,1000.0236206054688,-4.244103933620059,-2.952528646723653,-1.9640560466389865,0.689422356496725,-1.301788514574092,4.827192496861835,-0.5186068377619879,1.4811696475270946,-0.9340055246107868,-1.075386210716987
10.0,164.0,1000.0236206054688,-4.244101035322911,-2.952535473403756,-1.964056656960675,0.6894257032775748,-1.3017781323149284,4.827184443243096,-0.5186078614660969,1.4811688755417327,-0.9340109676167164,-1.0753845097362986
10.0,164.0,1000.0234375,-4.244101502319862,-2.9525360555514,-1.9640569034029105,0.6894263636863309,-1.3017784637617966,4.827183727708883,-0.5186076960801236,1.481169124971875,-0.9340107525571008,-1.0753847745879144
10.0,164.0,1000.0234375,-4.244102835821092,-2.9525314091236883,-1.964056473614118,0.6894232751858933,-1.3017852315577123,4.827189228460465,-0.5186075563613626,1.481169439567168,-0.9340072908521462,-1.0753858569675283
10.0,164.0,1000.0234375,-4.244102419120217,-2.952532781136905,-1.9640549482126195,0.6894255727443346,-1.3017793685663746,4.827187346667039,-0.5186078539307948,1.481171584462463,-0.9340105783414092,-1.075382756274741
10.0,164.0,1000.0233764648438,-4.244097439270612,-2.9525465874475825,-1.964057269593052,0.689432901038824,-1.3017609916743833,4.827170162421316,-0.5186084175114019,1.4811678818120466,-0.9340200630146532,-1.0753816138870649
10.0,164.0,1000.0233764648438,-4.244099481417526,-2.9525400777210224,-1.964057098921204,0.6894287369571019,-1.301771556951464,4.827178382487178,-0.5186079410687991,1.4811684290458418,-0.9340141544682572,-1.075383696719792
10.0,164.0,1000.0232543945312,-4.2441018071712735,-2.9525326814672583,-1.964056580168076,0.6894242337774088,-1.3017828781735212,4.8271875536612985,-0.5186075818269948,1.481169341746683,-0.9340085271839637,-1.0753854883137342
10.0,164.0,1000.0235595703124,-4.244096860136209,-2.9525509899862734,-1.9640591043922089,0.6894346308826984,-1.3017582701175143,4.827165258240036,-0.5186076371760322,1.4811654980501885,-0.9340209836377432,-1.0753829214942463
10.0,164.0,1000.0233764648438,-4.244100185360594,-2.952536145956813,-1.9640575285536888,0.6894253909182693,-1.3017789359724952,4.827183267503528,-0.5186077851761075,1.4811679101532826,-0.9340103665871408,-1.075386223794384
10.0,164.0,1000.0233764648438,-4.244105010672394,-2.9525215647608345,-1.964055310803949,0.6894177221270379,-1.301797870203104,4.827201056882155,-0.5186076110622304,1.4811714736182218,-0.934000756924858,-1.0753871470034664
10.0,164.0,1000.0234375,-4.244103001025077,-2.952529486125336,-1.96405593908145,0.6894227458530651,-1.3017861400095083,4.827191476348299,-0.5186076186960502,1.4811702647768774,-0.9340064589343272,-1.0753853406479323
10.0,164.0,1000.0234375,-4.244103532284955,-2.952526642710816,-1.964056073848192,0.6894203265236865,-1.3017916425455596,4.827194613806769,-0.5186073764274148,1.4811698057854483,-0.9340040996109806,-1.0753870132096006
10.0,164.0,1000.0234985351562,-4.244107430305797,-2.952516166689876,-1.9640537201891048,0.6894155859313376,-1.3018033508025062,4.827207505914927,-0.5186075026405321,1.481173639739758,-0.9339981895181442,-1.0753864074413375
10.0,164.0,1000.0234375,-4.244104249475455,-2.9525256334379857,-1.964055888543577,0.6894202172255834,-1.3017924507345824,4.827196268158522,-0.5186074055995125,1.481170584729545,-0.9340032887266831,-1.0753868163761826
10.0,164.0,1000.0234985351562,-4.244104269903085,-2.9525267790132483,-1.9640550999389423,0.6894214455277758,-1.3017899056285085,4.827194682287088,-0.5186073928461514,1.4811711772306877,-0.9340052873865732,-1.0753855609017062
10.0,164.0,1000.0233764648438,-4.244102335336141,-2.95253039401289,-1.9640565271281432,0.6894226441725104,-1.3017853078339048,4.827190116407824,-0.5186079644787629,1.4811696050782892,-0.934007176864048,-1.0753855664278156
10.0,164.0,1000.0234985351562,-4.2441019418225245,-2.9525310080165976,-1.9640571302140293,0.689422968693691,-1.3017855116504506,4.827189486605199,-0.5186077039430126,1.481168717971611,-0.9340066468783164,-1.075386330826949
10.0,164.0,1000.0233764648438,-4.244100719613558,-2.95253662076288,-1.9640570814944591,0.6894265351568158,-1.3017773540799076,4.82718278592702,-0.5186077264352935,1.4811685938257,-0.9340111719958148,-1.075384844727762
10.0,164.0,1000.0235595703124,-4.244100145794386,-2.952537801934845,-1.9640580292315688,0.6894267867856012,-1.3017784564745205,4.827181158923303,-0.518607424212731,1.4811671900432248,-0.9340107438067228,-1.075386710059712
10.0,164.0,1000.0235595703124,-4.244102799642317,-2.9525290650559604,-1.96405561273397,0.6894224308239707,-1.3017861768189198,4.827191795782408,-0.5186077516308014,1.481171022012866,-0.9340066315821076,-1.0753851621502508
10.0,164.0,1000.0235595703124,-4.2441028195127375,-2.9525305966904574,-1.964055438090752,0.6894235570093823,-1.301784736252241,4.827190015778038,-0.5186076960146293,1.4811704321361097,-0.934008020842536,-1.0753847376072367
10.0,164.0,1000.0235595703124,-4.2440993061158725,-2.952540804999027,-1.9640578197916696,0.6894284533346706,-1.3017719500326868,4.827177691529078,-0.5186076894224527,1.4811676034089931,-0.934013785833602,-1.075384554648246
10.0,164.0,1000.0233154296876,-4.244103144095085,-2.952528632692298,-1.964056448113044,0.689421662728745,-1.3017888084931584,4.827192237813442,-0.5186074030869321,1.4811696252534103,-0.9340053806436116,-1.0753865361543764
10.0,164.0,1000.0235595703124,-4.2441007551784775,-2.952537132524192,-1.9640567998269285,0.6894270532452174,-1.3017760570120984,4.827182207529123,-0.5186075916919579,1.4811686833725224,-0.9340121539938896,-1.0753839941940302
10.0,164.0,1000.0236206054688,-4.24410211213776,-2.952530369373243,-1.9640552174696968,0.6894237598720396,-1.3017820169481276,4.827190133284422,-0.518608106064856,1.4811716044314132,-0.934008718085006,-1.0753836565986683
10.0,164.0,1000.023681640625,-4.244103103906537,-2.9525299252905466,-1.9640555657033527,0.689422981754122,-1.301785101806015,4.827190627209481,-0.5186077993474214,1.481170535548504,-0.9340079400023518,-1.0753848055174546
10.0,164.0,1000.0235595703124,-4.244097255996625,-2.952547443265123,-1.964059462477226,0.6894316079983938,-1.301765264454693,4.827169449285268,-0.518607617213787,1.4811644162649182,-0.9340175515114176,-1.075385345821243
10.0,164.0,1000.0233764648438,-4.244101351613683,-2.952534486982316,-1.964056731614196,0.6894253255383536,-1.3017796134712474,4.827185125035541,-0.5186076402063202,1.4811691776211413,-0.93400996735184,-1.0753849147907737
10.0,164.0,1000.0233154296876,-4.24410241304929,-2.9525319596411874,-1.9640570821885777,0.6894235408477387,-1.3017853751557529,4.827188333269298,-0.518607271115922,1.4811687332829546,-0.9340074335870918,-1.075386515524574
10.0,164.0,1000.0234375,-4.244099253896715,-2.9525404237962656,-1.9640582662501425,0.6894280167267777,-1.3017726589585603,4.827178136250932,-0.518607930199634,1.481166883134044,-0.934013203849581,-1.0753851186719547
10.0,164.0,1000.0233764648438,-4.244105122284662,-2.952521162232525,-1.9640564798932751,0.6894165554003795,-1.3018014762339276,4.827201298887077,-0.5186070231654778,1.4811694897692431,-0.9339987510100743,-1.075389517937232
10.0,164.0,1000.0235595703124,-4.244102070798604,-2.952532606730099,-1.9640557187928336,0.689424818027141,-1.3017794654096917,4.8271875635781285,-0.5186080247353004,1.4811707442555306,-0.9340097550320392,-1.0753835508692475
10.0,164.0,1000.0234375,-4.244100994663092,-2.952532656438877,-1.964057620058416,0.6894231960907788,-1.3017838844225729,4.827187389475874,-0.5186074931820244,1.481168207715987,-0.934007348839411,-1.0753868686883772
10.0,164.0,1000.0235595703124,-4.244100121759318,-2.952536988870285,-1.964057938414388,0.6894258006344884,-1.3017787228996678,4.827181983035697,-0.5186077604654997,1.4811671175758354,-0.9340107584483004,-1.0753861068130224
10.0,164.0,1000.0234375,-4.2441085542037325,-2.952513638616642,-1.9640536780077853,0.6894141316450844,-1.301807401222467,4.827210724991488,-0.5186071666056131,1.4811740587518365,-0.933995904522872,-1.0753869039254682
10.0,164.0,1000.0233764648438,-4.244101069377779,-2.952535167331176,-1.96405743253558,0.6894252688034452,-1.301780547450579,4.827184377279428,-0.5186075276516657,1.4811679207646815,-0.9340096023527168,-1.0753860578702938
10.0,164.0,1000.0234375,-4.244103473645279,-2.95252567084096,-1.964057826976928,0.6894188455707448,-1.3017962012614133,4.827195986645879,-0.5186069565412428,1.481168185459559,-0.9340010050825568,-1.0753896559841865
10.0,164.0,1000.023681640625,-4.244103074292712,-2.952528350691604,-1.964056066420654,0.6894214940251384,-1.3017882462473205,4.827192499446593,-0.5186077794694244,1.4811701869822749,-0.934005493063486,-1.0753861871030752
10.0,164.0,1000.0234985351562,-4.2441051791131335,-2.952523427666971,-1.964055604272291,0.6894185684206633,-1.301796507524494,4.827198852114286,-0.5186073871187933,1.4811707052099008,-0.934001595455964,-1.0753873774506544
10.0,164.0,1000.0235595703124,-4.244103984483935,-2.9525276153135245,-1.9640554559494523,0.689421875599816,-1.301789498033136,4.827193584401762,-0.5186076611638839,1.4811707284234767,-0.934005577783812,-1.0753854967285903
10.0,164.0,1000.0236206054688,-4.244104698531505,-2.952524913030836,-1.9640556378751293,0.6894203248078368,-1.3017926770976147,4.8271971985892375,-0.5186072244578774,1.481170782143212,-0.9340031190148226,-1.07538623546945
10.0,164.0,1000.0234375,-4.244104367948331,-2.9525217572867875,-1.9640567559130464,0.6894170818214027,-1.3017996808807366,4.827200489863989,-0.5186068301208673,1.4811695988687648,-0.9339992633024624,-1.0753892622096624
10.0,164.0,1000.0233764648438,-4.244104851645248,-2.9525244991422253,-1.964055701176504,0.6894196132363861,-1.3017937718483976,4.827197413167287,-0.5186072882009505,1.481170920636159,-0.9340027738151822,-1.0753865902050364
10.0,164.0,1000.0234985351562,-4.24409823846333,-2.9525439702453244,-1.9640584739132043,0.6894301690101354,-1.3017685646807649,4.827173451585082,-0.5186079550383411,1.4811662372624903,-0.9340161623055492,-1.0753846980138428
10.0,164.0,1000.0234375,-4.244100111421317,-2.952537464567494,-1.964056630266824,0.6894275386356661,-1.3017742432948447,4.827181460895838,-0.5186080591632374,1.4811694226142604,-0.934012826229086,-1.0753836979344285
10.0,165.0,1000.0235595703124,-4.244102693937487,-2.952530585783117,-1.9640567449001645,0.6894227938158775,-1.301787224852708,4.827189972255695,-0.5186073289280237,1.4811688314351166,-0.9340065089944484,-1.0753866895862556
10.0,165.0,1000.0233764648438,-4.244104017518534,-2.95252645707678,-1.964056635989461,0.6894201941046685,-1.301793394122604,4.827195016535335,-0.51860723129088,1.4811691848659123,-0.934003187201692,-1.0753877983360334
10.0,165.0,1000.0235595703124,-4.244100974974181,-2.952537992581215,-1.9640567555760868,0.6894278262832296,-1.3017746342612249,4.827181088792511,-0.5186079046427201,1.4811693096840175,-0.9340128588195212,-1.0753837290592545
10.0,165.0,1000.0234375,-4.24410522296418,-2.952521936404194,-1.9640560760263863,0.6894176109784222,-1.301799213865075,4.82720044482172,-0.5186073919152365,1.4811704655455156,-0.9340003849859552,-1.0753880403213327
10.0,165.0,1000.0234985351562,-4.244104937976146,-2.9525235012011737,-1.9640551525265524,0.6894190886598732,-1.3017945361432697,4.827198613199416,-0.5186076796654389,1.481171181524374,-0.9340025927398168,-1.0753861338316124
10.0,165.0,1000.0234375,-4.244101900641265,-2.95253239369761,-1.9640569730547923,0.6894237961351246,-1.3017840581708082,4.827187739446675,-0.5186075133813306,1.4811687226853767,-0.9340078692327598,-1.075386253528647
10.0,165.0,1000.0233764648438,-4.244101353401086,-2.952535853312253,-1.9640564425372853,0.6894266036821142,-1.3017773920178244,4.827183632931877,-0.5186077678514227,1.4811695200963708,-0.934011433998954,-1.0753839912834624
10.0,165.0,1000.0235595703124,-4.244106168261474,-2.9525173623286314,-1.9640568986019789,0.6894131752564823,-1.3018092475727734,4.827205960066452,-0.5186066441513999,1.4811689103593777,-0.933994840759908,-1.0753916015397804
10.0,165.0,1000.0234985351562,-4.244102645383356,-2.952529712276774,-1.9640572816831288,0.6894215978029443,-1.30178943287813,4.82719077019744,-0.5186072310098933,1.4811685011062368,-0.9340054120186352,-1.0753876877268371
10.0,165.0,1000.0233764648438,-4.244102342619676,-2.952530100459708,-1.9640570520404768,0.6894222833756114,-1.3017870674046494,4.827190553620127,-0.5186073690993043,1.4811687419204809,-0.9340058374311164,-1.075386838260601
10.0,165.0,1000.0236206054688,-4.24410294464927,-2.952527922485083,-1.964056788598612,0.6894207446614988,-1.3017915950668133,4.827193316471472,-0.5186071776769401,1.481168750623974,-0.9340038066345038,-1.0753883595850129
10.0,165.0,1000.0234985351562,-4.24409713436895,-2.9525493890132632,-1.964058794416241,0.6894337261437435,-1.3017605338967404,4.827167272266053,-0.5186079853235936,1.481165937764577,-0.9340200283027836,-1.0753831667239986
10.0,165.0,1000.0233154296876,-4.244103043957609,-2.952528803894789,-1.9640568382611447,0.6894212532544328,-1.3017894555829863,4.827192245698587,-0.518607430768693,1.481169297631065,-0.9340048030247132,-1.0753872167750511
10.0,165.0,1000.0233764648438,-4.244101098924073,-2.9525358344842485,-1.9640568387434083,0.6894260944706279,-1.301778656371306,4.827183648424038,-0.5186075941650499,1.481168669804422,-0.9340109350165812,-1.07538481473413
10.0,165.0,1000.0234985351562,-4.244101303303325,-2.952534767100344,-1.964056742509776,0.6894256665050058,-1.301778647414061,4.827184671604776,-0.5186076821963468,1.4811693864076725,-0.9340105082222953,-1.0753844134142914
10.0,165.0,1000.0235595703124,-4.244103576262204,-2.9525291888104226,-1.9640561857540904,0.6894223409123166,-1.30178828833524,4.827191830046946,-0.5186074958240434,1.481170079527204,-0.9340058013040632,-1.0753860164488338
10.0,165.0,1000.0236206054688,-4.244099038404743,-2.9525430278851705,-1.964057397576994,0.6894302961396468,-1.3017685990766776,4.827174754350192,-0.5186076598275955,1.4811677933842675,-0.9340160605233914,-1.075383799192497
10.0,165.0,1000.0234985351562,-4.244106946343017,-2.9525149010566984,-1.964054999529241,0.6894133014699557,-1.3018083885413874,4.827208944179963,-0.5186072212635091,1.4811717599298806,-0.9339955152048408,-1.0753890128542332
10.0,165.0,1000.0233764648438,-4.244105282817956,-2.952521955539534,-1.9640556923469656,0.6894180473655069,-1.3017980245051373,4.827200506126525,-0.5186070246953891,1.4811707200125737,-0.9340005404430772,-1.0753875593789712
10.0,165.0,1000.0234985351562,-4.244104477021214,-2.952526179085244,-1.9640558058959583,0.6894203351372301,-1.3017922676273157,4.827195624019463,-0.5186071941366635,1.4811704283045763,-0.9340036944774796,-1.075386566772071
10.0,165.0,1000.0234375,-4.24410418624193,-2.9525243191900747,-1.9640565658800924,0.6894182324177569,-1.3017966200608,4.827197492398003,-0.5186071399606718,1.4811691429722194,-0.9340013796410034,-1.075388734252925
10.0,165.0,1000.023681640625,-4.244102664376131,-2.952530446854402,-1.964055853250659,0.6894230840674656,-1.3017846832484097,4.827190083973006,-0.5186078727487793,1.4811705348804305,-0.9340077506965,-1.0753847450566774
10.0,165.0,1000.0234985351562,-4.244101078432231,-2.952535505530926,-1.96405733024619,0.6894253582281271,-1.3017801507784732,4.8271838366639415,-0.5186074133996685,1.4811679335085497,-0.934010361920306,-1.0753859241065662
10.0,165.0,1000.0235595703124,-4.244101220337218,-2.952536026962865,-1.964056188245552,0.6894268352281046,-1.301776637568719,4.827183671472275,-0.5186075830672845,1.48116985503726,-0.9340118268138288,-1.07538371488992
10.0,165.0,1000.0233764648438,-4.244100635897903,-2.952537400271061,-1.964056692988294,0.6894270898874524,-1.3017760356217076,4.827181632868513,-0.5186080483918012,1.481169013866439,-0.934012739458658,-1.0753841141154927
10.0,165.0,1000.0233764648438,-4.24410530117297,-2.9525202203529406,-1.9640557391710685,0.6894164656888275,-1.3018016925052538,4.827202738395959,-0.5186070512017675,1.481170786025877,-0.9339987836666994,-1.0753887779588878
10.0,165.0,1000.0234985351562,-4.244099185928912,-2.9525425224577377,-1.9640578536898512,0.6894295406943209,-1.3017698254097438,4.827175566059022,-0.5186078341254738,1.4811672127431113,-0.9340153334120362,-1.0753843866413737
10.0,165.0,1000.0233154296876,-4.244101994241598,-2.952531812273413,-1.9640570128728567,0.6894232172862891,-1.3017851395426754,4.8271885104256285,-0.5186077076947644,1.4811688123492637,-0.9340073187646434,-1.075386383504045
10.0,165.0,1000.0233154296876,-4.244100864947718,-2.9525344572652976,-1.964056501181284,0.6894251915858662,-1.3017792137382609,4.827185003887191,-0.5186081334136672,1.4811693120438267,-0.9340104791448738,-1.0753846666512477
10.0,165.0,1000.0234985351562,-4.244102305315407,-2.952531886247705,-1.9640576804650984,0.6894226015122769,-1.3017862724833005,4.827188641018232,-0.5186072117679021,1.481167846099333,-0.9340063267897936,-1.0753872931419686
10.0,165.0,1000.0234375,-4.244102942138559,-2.952531918199201,-1.9640561800384884,0.6894244078183398,-1.30178267472305,4.827188543977787,-0.5186074350741396,1.481169986973847,-0.9340085362972506,-1.0753845352876903
10.0,165.0,1000.0234375,-4.244100931951309,-2.952536164655326,-1.9640580349753136,0.6894253587513655,-1.3017809957539628,4.827183038231604,-0.5186074649049912,1.4811673686599178,-0.9340095508302824,-1.0753868427306172
10.0,165.0,1000.0234375,-4.244100640511324,-2.9525362575723446,-1.9640578042399293,0.6894258375225331,-1.3017790436634606,4.827183223903946,-0.5186074169251151,1.481167704760285,-0.9340099336074408,-1.0753864050974786
10.0,165.0,1000.0236206054688,-4.244104272004035,-2.952526267388116,-1.964055401792832,0.689420747121634,-1.3017910422914576,4.827195342447666,-0.5186074950049937,1.4811710753813827,-0.9340043035831488,-1.0753857912481832
10.0,165.0,1000.0234375,-4.24410048932451,-2.9525369909026886,-1.9640584770368044,0.6894254645015083,-1.3017798499394893,4.827182312433028,-0.5186072503557178,1.481166687396782,-0.9340098125493252,-1.0753870668806282
10.0,165.0,1000.0236206054688,-4.244104301380741,-2.9525245408711145,-1.9640557770059703,0.6894190632968353,-1.3017949161621347,4.827197082705622,-0.5186075384163136,1.481170466534559,-0.9340028026394264,-1.0753871312085423
10.0,165.0,1000.0234985351562,-4.244100537326943,-2.9525353166965127,-1.9640574863979552,0.6894250024568791,-1.3017807165272992,4.827183939850611,-0.5186076879825201,1.481167912224576,-0.9340097834423542,-1.0753863853780428
10.0,165.0,1000.0236206054688,-4.244101689121916,-2.952532274472736,-1.9640566267664457,0.6894237498807829,-1.3017837131645686,4.827187750919039,-0.5186076852225305,1.4811692574335105,-0.9340083304280586,-1.075385743229118
10.0,165.0,1000.0235595703124,-4.244100777144776,-2.952536363865411,-1.9640581978959064,0.6894251953613857,-1.3017808790075431,4.827182886717132,-0.5186074512817749,1.4811668526396655,-0.9340095687686736,-1.0753873164512875
10.0,165.0,1000.0234985351562,-4.244102821575483,-2.952530165221108,-1.9640569614170733,0.6894222324829178,-1.3017873145072434,4.827190471021442,-0.5186071543241715,1.4811690451325852,-0.9340059534556556,-1.0753865834022918
10.0,165.0,1000.0234375,-4.244104460057616,-2.95252460684875,-1.964056133076648,0.6894196305335036,-1.3017947891542965,4.827197414945246,-0.5186070281643342,1.4811704654514903,-0.9340019643396849,-1.0753874344739005
10.0,165.0,1000.0235595703124,-4.244101186821416,-2.952534576532276,-1.9640567463277263,0.6894251133907838,-1.3017801347627196,4.8271851482374615,-0.5186077292935662,1.4811691707697126,-0.9340098675703592,-1.0753850661444837
10.0,165.0,1000.0235595703124,-4.244104160368143,-2.9525265284798725,-1.9640551750123247,0.6894212212686295,-1.3017898676092448,4.827194986278705,-0.5186075636376524,1.4811713344762376,-0.9340049334805424,-1.0753854181349332
10.0,165.0,1000.0233154296876,-4.244103574945976,-2.952527679682712,-1.9640567343337725,0.6894205722913807,-1.301791434840487,4.827193873179777,-0.518607483032552,1.4811693507052217,-0.9340037958127496,-1.075387596225644
10.0,165.0,1000.0235595703124,-4.244104337300271,-2.9525254363529174,-1.964055317460506,0.6894203244313415,-1.3017930958611923,4.827196343961038,-0.5186075838159248,1.4811709276194662,-0.9340037850714832,-1.0753865127195414
10.0,165.0,1000.0235595703124,-4.244102796711746,-2.952528598641187,-1.9640555348106288,0.6894218276993342,-1.3017873260130757,4.827192311662973,-0.5186079693720433,1.4811707452136167,-0.934006366965737,-1.075385327276508
10.0,165.0,1000.0233764648438,-4.244101090940419,-2.952535558347225,-1.9640570418636405,0.6894255410723709,-1.301778949963185,4.827183790621042,-0.5186079055924342,1.4811687097007766,-0.9340108538413734,-1.0753851315709937
10.0,165.0,1000.0235595703124,-4.244101750477758,-2.952533439113668,-1.964057668248352,0.6894239053428199,-1.3017840089665669,4.827186776304021,-0.5186069486099969,1.4811676260105742,-0.9340076128326072,-1.0753872149226336
10.0,165.0,1000.0234985351562,-4.2441044946492745,-2.952525864183292,-1.9640563945917489,0.6894197304496732,-1.301794024608432,4.8271957180031,-0.5186071961035337,1.4811696018601852,-0.9340028902978394,-1.0753875249453273
10.0,165.0,1000.0234375,-4.244104657103767,-2.9525217947673577,-1.9640559616628392,0.6894172993927956,-1.3017992613616407,4.827200579815745,-0.5186073203715056,1.4811703693739258,-0.934000113124152,-1.0753885333240571
10.0,166.0,1000.0234985351562,-4.244098858061944,-2.95254247313039,-1.9640587661469349,0.6894287859519457,-1.301771711455277,4.827175610207814,-0.5186076827210249,1.4811660105437774,-0.9340140120032032,-1.0753857798511357
10.0,166.0,1000.0233764648438,-4.244104557189658,-2.952524031027124,-1.9640560310564643,0.6894191171356319,-1.3017953464180594,4.8271980850222445,-0.5186073629937678,1.4811704104564107,-0.9340019047654406,-1.0753875539244544
10.0,166.0,1000.0233764648438,-4.244100795118781,-2.952535318573549,-1.9640576448407328,0.6894251247786984,-1.3017800772084325,4.827184257857731,-0.5186074467288,1.4811677660062008,-0.9340099819501866,-1.0753859927986662
10.0,166.0,1000.0233764648438,-4.244101898367935,-2.9525332698426223,-1.964056440303936,0.6894247956504049,-1.3017815855833086,4.827186938406426,-0.5186075090222673,1.481169526393025,-0.9340091915043968,-1.0753850597076138
10.0,166.0,1000.023681640625,-4.244099056980183,-2.9525420537274147,-1.9640583237163,0.6894287118951503,-1.3017715175291356,4.827175830363023,-0.5186077458963751,1.481166410586031,-0.9340144550805638,-1.0753849947129672
10.0,166.0,1000.0234985351562,-4.244099812493343,-2.9525386842061505,-1.9640571556893704,0.6894279003269563,-1.3017736562318016,4.827179994517872,-0.5186079091965077,1.481168206030742,-0.934013093121176,-1.0753841979486851
10.0,166.0,1000.0233764648438,-4.244099411640184,-2.9525398464964683,-1.964057593906628,0.6894280309954226,-1.3017733813661605,4.82717860326701,-0.5186079984346499,1.4811676314174251,-0.9340135360941088,-1.0753847981202878
10.0,166.0,1000.0234375,-4.244105597988401,-2.9525210950295606,-1.964056368207714,0.68941664156005,-1.3018013111791586,4.827201742552033,-0.5186068971984916,1.481170108163382,-0.9339988161130872,-1.075389113880208
10.0,166.0,1000.0235595703124,-4.244098529238682,-2.952542578833183,-1.964059228326457,0.6894288983528121,-1.3017725435018717,4.827175293736804,-0.5186075164496309,1.4811653996615988,-0.9340136384345552,-1.0753864010862286
10.0,166.0,1000.0234375,-4.244106004541031,-2.9525206904915096,-1.9640547055214128,0.6894174404334121,-1.3017992144372044,4.827202202363717,-0.5186073986287463,1.4811720667678363,-0.9340005530016304,-1.0753867589487165
10.0,166.0,1000.0233154296876,-4.244102167904724,-2.952532240026096,-1.9640563905234296,0.6894239591030544,-1.301783185779097,4.827187877140229,-0.5186076453374406,1.4811696756163926,-0.9340085078426617,-1.0753855414457276
10.0,166.0,1000.0235595703124,-4.244099517975974,-2.952541803927712,-1.9640574858253244,0.6894297582405802,-1.301769989562357,4.827176304537222,-0.5186079827833421,1.4811680287209814,-0.9340151292747336,-1.0753836053040722
10.0,166.0,1000.0233154296876,-4.244101458508738,-2.952533241010436,-1.9640566871453595,0.6894245613700516,-1.3017817738513786,4.827186742070882,-0.518607790725004,1.481169262973248,-0.9340089612010054,-1.0753855117799729
10.0,166.0,1000.0234375,-4.244101085183609,-2.9525346332491647,-1.9640567478286224,0.6894257098529275,-1.3017795266765573,4.827185036569814,-0.5186077946755052,1.4811692114355974,-0.9340102493692396,-1.075385069049597
10.0,166.0,1000.0233764648438,-4.244101018844772,-2.9525358682305343,-1.9640571335007944,0.6894255350594989,-1.3017797011042305,4.827183615004202,-0.5186078046003901,1.4811683823777644,-0.9340104386260916,-1.0753856028941455
10.0,166.0,1000.0233154296876,-4.244102391231925,-2.952530142547791,-1.9640572331510289,0.6894220908169668,-1.3017880183485755,4.827190331199548,-0.5186074129939673,1.4811685210522416,-0.934005598903763,-1.0753873420421085
10.0,166.0,1000.0233764648438,-4.244098227168106,-2.9525455477682767,-1.964057766543084,0.6894321652410715,-1.301763199573695,4.8271717322206165,-0.5186081955671993,1.4811677822790177,-0.9340185837510492,-1.0753820953604016
10.0,166.0,1000.0235595703124,-4.2440984283754375,-2.9525433272504014,-1.9640589029879856,0.6894294638781382,-1.301770119772999,4.827174588257286,-0.5186079123135823,1.4811662132009795,-0.9340148802974628,-1.075385287884668
10.0,166.0,1000.0233764648438,-4.244101950559141,-2.952534176056861,-1.9640569149372,0.689424781142888,-1.3017813577364166,4.827185611515528,-0.5186077011124626,1.481168658425485,-0.9340095876746526,-1.0753852250363898
10.0,166.0,1000.0234985351562,-4.244103302089198,-2.9525281811593214,-1.9640562846751,0.6894211691653211,-1.301789914258718,4.827193028060426,-0.5186078639624796,1.4811698400850588,-0.9340051721362634,-1.075386491685327
10.0,166.0,1000.0234375,-4.244097565464375,-2.9525444374870267,-1.9640581145441152,0.6894309138951069,-1.3017653660031143,4.827172799341785,-0.5186080439945471,1.481166783491556,-0.9340172450484854,-1.075383439314355
10.0,166.0,1000.0233764648438,-4.244096361191655,-2.9525497768411464,-1.9640590470500112,0.6894335631422184,-1.301759811223595,4.8271663834888265,-0.5186081711616435,1.48116574886492,-0.9340206641150202,-1.0753834098562374
10.0,166.0,1000.0234985351562,-4.244099744732951,-2.952538253833912,-1.964057504461684,0.68942724570325,-1.3017747524075771,4.82718069812154,-0.5186080434045532,1.481168176987314,-0.9340125813671208,-1.0753845582478498
10.0,166.0,1000.0234985351562,-4.244100783389858,-2.952536173976501,-1.964058413488692,0.6894251983361901,-1.3017807135039532,4.82718301192347,-0.5186071093409677,1.481166693791586,-0.9340093768346138,-1.0753874080471522
10.0,166.0,1000.0235595703124,-4.244102405576131,-2.952533149568444,-1.9640562822329333,0.6894249869172828,-1.3017820328764975,4.827186988182412,-0.5186073594160341,1.4811696152177776,-0.9340088347494292,-1.0753853582134
10.0,166.0,1000.0236206054688,-4.244105243238518,-2.9525222880220694,-1.9640555428681177,0.6894187098583782,-1.3017974103453058,4.827199973340685,-0.5186071059732908,1.4811710778165113,-0.934001022044658,-1.075387235639544
10.0,166.0,1000.0234375,-4.244103374355219,-2.9525299796374034,-1.964056445573088,0.6894228257282382,-1.301787281651181,4.827190750438362,-0.5186074291382559,1.4811696179525882,-0.9340063867524327,-1.0753861019654676
10.0,166.0,1000.0234375,-4.244102602370717,-2.9525320117974845,-1.964056496179028,0.6894241151262017,-1.301784260262603,4.827188278239175,-0.5186071571135074,1.481169389855176,-0.934007903519289,-1.075385820194787
10.0,166.0,1000.0235595703124,-4.244101712586681,-2.952532393399744,-1.964055902562245,0.6894247975603189,-1.3017813080641911,4.827187550620826,-0.5186078869864277,1.4811700468097229,-0.934009394058232,-1.0753845476774848
10.0,166.0,1000.0234375,-4.244103532095786,-2.952527249634995,-1.9640559888472933,0.6894213975838648,-1.3017896213020426,4.827194043099224,-0.5186076060920914,1.4811704876953424,-0.9340047041735708,-1.0753862554692757
10.0,166.0,1000.0235595703124,-4.244100234631619,-2.9525367586370903,-1.9640588884888128,0.6894249562837498,-1.3017811482523711,4.827182546573997,-0.5186074986904732,1.4811659463044986,-0.9340092713326832,-1.0753878002164905
10.0,166.0,1000.0235595703124,-4.244102349175203,-2.952531077957661,-1.9640566175337224,0.6894231765285594,-1.3017857423711292,4.827189256119169,-0.5186078519321002,1.4811694475796688,-0.93400740799685,-1.0753862034291115
10.0,166.0,1000.0234375,-4.244102767989329,-2.9525312016804017,-1.964056176342063,0.6894235405020162,-1.3017847290680953,4.827189339509685,-0.5186077298302338,1.4811700352097628,-0.934007896486614,-1.0753851797133591
10.0,166.0,1000.0234985351562,-4.24409857645594,-2.952542663457755,-1.964058431761208,0.6894292228406842,-1.3017706786265903,4.827175183900785,-0.5186077660878485,1.4811663006137668,-0.9340148002580532,-1.0753852090506673
10.0,166.0,1000.0234375,-4.244100753943852,-2.952535957020794,-1.964057407179572,0.689425349847081,-1.301779927018376,4.82718354129455,-0.5186078676983161,1.4811678668370645,-0.934010249450087,-1.0753861368320994
10.0,166.0,1000.0232543945312,-4.244099790912223,-2.9525380051489885,-1.9640575385104635,0.6894270011834047,-1.3017753479477203,4.827180713595405,-0.5186079326922624,1.4811680505965406,-0.9340121076656968,-1.0753850979002673
10.0,166.0,1000.0234375,-4.244101036879851,-2.952533931980849,-1.964057385423441,0.6894240653152579,-1.30178213188562,4.827186008339371,-0.5186076392062446,1.481168231536892,-0.9340087799974714,-1.0753865030826706
10.0,166.0,1000.0233154296876,-4.244103048887714,-2.9525304634907394,-1.964056876310254,0.68942236813478,-1.301787811264683,4.827190413225207,-0.5186073560605218,1.4811688847200155,-0.934006147948886,-1.075386884686132
10.0,166.0,1000.0235595703124,-4.244102591175338,-2.9525312803561303,-1.9640558273452884,0.6894239080780356,-1.3017835693047135,4.827189238750982,-0.5186077195719454,1.481170297508175,-0.9340083526211788,-1.075384640981674
10.0,166.0,1000.0233764648438,-4.24409686402232,-2.9525481970054592,-1.9640589959427883,0.6894327573873538,-1.3017626337654442,4.827168481227554,-0.5186078607979239,1.481165735983037,-0.9340187027172036,-1.075384084716584
10.0,166.0,1000.0233154296876,-4.244101876209867,-2.952531125556253,-1.96405767883376,0.6894222674148596,-1.3017872055049513,4.827189269612125,-0.5186073990876015,1.4811680014159805,-0.934006139769771,-1.075387753496794
10.0,166.0,1000.0234985351562,-4.244103106633719,-2.9525290607752948,-1.9640560303193428,0.6894222849036833,-1.301787635089216,4.827191664284394,-0.5186078317516767,1.4811700697558114,-0.9340064169793284,-1.075385671307318
10.0,166.0,1000.0234985351562,-4.244101528578468,-2.952533947206464,-1.964057824599266,0.6894240024536931,-1.3017831349065672,4.827185865295148,-0.5186075982033174,1.4811677141972872,-0.9340081826800536,-1.0753869090523231
10.0,166.0,1000.0234985351562,-4.244101146633283,-2.952534893967844,-1.96405699653829,0.6894252099860063,-1.3017804269512698,4.827184703432565,-0.5186076189355155,1.4811687541204763,-0.9340097753165564,-1.0753855988161116
10.0,166.0,1000.0233764648438,-4.24410067521708,-2.9525373496231286,-1.9640574864379792,0.6894267150339752,-1.3017771219555634,4.827181818366688,-0.5186075546882183,1.4811678584862786,-0.9340114499489562,-1.075385277278722
10.0,166.0,1000.023681640625,-4.24410240047966,-2.952531995775806,-1.964055667996692,0.6894245005979975,-1.3017828193164016,4.827188271665412,-0.518608014974359,1.4811706149546104,-0.934009040590726,-1.0753843222739885
10.0,166.0,1000.0233154296876,-4.2440960511588335,-2.952551980157889,-1.9640580539969288,0.6894359974586344,-1.3017540722129557,4.827163925419423,-0.5186083804216421,1.481166973531245,-0.9340233883196928,-1.0753808750544804
10.0,166.0,1000.0238037109376,-4.244104462821818,-2.952526299238299,-1.9640553346379548,0.6894209695869593,-1.3017917149265903,4.82719534805099,-0.5186077788741423,1.4811711324437091,-0.9340045339085998,-1.0753856204955383
10.0,166.0,1000.0233764648438,-4.244101646102824,-2.952533764379097,-1.964056953471486,0.6894245960556633,-1.301781890233606,4.827186273662589,-0.5186076340951571,1.4811686537054172,-0.9340089226915254,-1.075385746174538
10.0,166.0,1000.0232543945312,-4.24410225467194,-2.9525298553678567,-1.9640566688020007,0.6894220397192008,-1.3017870748737057,4.827190798590227,-0.5186076809368245,1.4811692103759908,-0.934006272665946,-1.075386493006527
10.0,167.0,1000.0233154296876,-4.244102055917072,-2.952531339458333,-1.9640570420521584,0.6894231774931292,-1.3017852553660392,4.827189081623475,-0.5186073938847704,1.4811688603685678,-0.9340069865801768,-1.0753864852048842
10.0,167.0,1000.023681640625,-4.244099360872053,-2.952540533205035,-1.964056268949528,0.6894297308252728,-1.301768675987537,4.827177790026676,-0.5186083728991449,1.4811696149279818,-0.9340159020168884,-1.07538192701543
10.0,167.0,1000.0233764648438,-4.244103431192507,-2.952527295636433,-1.964056539942379,0.6894205348745714,-1.3017915588941589,4.827194074529917,-0.5186073853983908,1.4811696738703688,-0.9340039803030562,-1.075387423192145
10.0,167.0,1000.0235595703124,-4.244099693914557,-2.9525410885389256,-1.964058948162485,0.6894279593722299,-1.3017750496903,4.827177336831532,-0.5186072029257485,1.481165782924449,-0.934012821611998,-1.0753864737223466
10.0,167.0,1000.0235595703124,-4.244098065720933,-2.952544467309855,-1.9640587116880508,0.6894301341867859,-1.3017682025557828,4.827173074053713,-0.5186079983907286,1.48116600679261,-0.9340163181096166,-1.075384929530955
10.0,167.0,1000.0234375,-4.244098045226194,-2.952544144679332,-1.9640594868705428,0.6894294931285208,-1.3017704092265574,4.827173251512956,-0.5186077155003179,1.4811651920487856,-0.93401498987913,-1.0753861877225623
10.0,167.0,1000.0233154296876,-4.244096653839426,-2.95255079264391,-1.96405835966379,0.6894348021085648,-1.30175715247641,4.827165234333195,-0.5186083109752442,1.4811662871204243,-0.9340221931932132,-1.075382015647783
10.0,167.0,1000.0233764648438,-4.244098491655523,-2.9525435985054176,-1.9640581854104404,0.6894300463103908,-1.3017687709817602,4.827174314855959,-0.5186080237643669,1.4811669808479886,-0.9340157966221804,-1.075384427731569
10.0,167.0,1000.0234985351562,-4.244103189925036,-2.952528611026179,-1.9640568201246469,0.6894210688120417,-1.3017904991888662,4.827192578752962,-0.5186073963401139,1.4811689485219857,-0.9340047405325312,-1.07538732560422
10.0,167.0,1000.0234375,-4.244101494340903,-2.9525335791264693,-1.964056287091874,0.6894249372520012,-1.3017805315300173,4.827186137292552,-0.5186079843759934,1.481169568592696,-0.9340097878695116,-1.0753845962356117
10.0,167.0,1000.0233154296876,-4.244104022582495,-2.9525261160535683,-1.9640568320581844,0.6894197152231731,-1.3017940810429982,4.8271954384497455,-0.5186069876151631,1.4811689858695989,-0.9340026508239712,-1.0753883092783587
10.0,167.0,1000.0233154296876,-4.24409905682616,-2.9525407456932347,-1.9640582338189727,0.6894282465291592,-1.3017726789420163,4.827177488078538,-0.518607730981933,1.4811668325899152,-0.9340136018077096,-1.075385177335468
10.0,167.0,1000.0234985351562,-4.244097048226029,-2.95254753427546,-1.9640583018537767,0.6894327863888972,-1.3017621300607467,4.827168962755762,-0.5186080461433171,1.481166747304938,-0.9340195719375028,-1.0753830629733487
10.0,167.0,1000.0234375,-4.244105307998402,-2.95251974482276,-1.9640562033908848,0.6894159730653593,-1.3018022641945777,4.827203233717638,-0.5186070258698834,1.4811698955183816,-0.9339979012017504,-1.0753893280755902
10.0,167.0,1000.0234985351562,-4.244100613033028,-2.952536601427565,-1.9640572923690305,0.6894261546792722,-1.3017776409691564,4.8271825817598994,-0.5186078066989666,1.4811683252022876,-0.9340116697311336,-1.0753848442926728
10.0,167.0,1000.0232543945312,-4.244101075997514,-2.952535861279433,-1.9640573792232168,0.6894256010041762,-1.301779198754327,4.827183628647022,-0.5186075108186303,1.4811680585342462,-0.9340103579047154,-1.0753856387350904
10.0,167.0,1000.0232543945312,-4.24410077535904,-2.952537332910839,-1.96405746034072,0.689426656458318,-1.3017772276030106,4.827181734659309,-0.5186076916886702,1.481168197926085,-0.9340114864480852,-1.0753853502387405
10.0,167.0,1000.0234375,-4.244097747593166,-2.9525446131338207,-1.9640575521680763,0.6894311609033821,-1.3017648064635408,4.827172847132761,-0.5186082621258903,1.481167770769498,-0.9340176845809404,-1.0753829377948785
10.0,167.0,1000.0232543945312,-4.244106491458332,-2.952517510893065,-1.9640558872477287,0.6894145455543841,-1.3018057633149729,4.827206227768192,-0.5186068978050633,1.481170670491741,-0.9339965527516884,-1.0753895571056864
10.0,167.0,1000.0235595703124,-4.244104391490005,-2.9525258519859854,-1.9640561071870728,0.689419866713914,-1.3017931863487058,4.827195967157353,-0.5186073187027995,1.481170165490421,-0.9340031009476606,-1.075387308462055
10.0,167.0,1000.0233764648438,-4.244096336099385,-2.952549460234952,-1.9640596921712432,0.6894327954605926,-1.301761433937653,4.827166838031392,-0.5186081894506946,1.4811650822459912,-0.93401937313394,-1.0753841103617856
10.0,167.0,1000.0235595703124,-4.244104851394321,-2.9525233331020373,-1.9640541201307595,0.6894201301516727,-1.3017920528220484,4.827198730636743,-0.518608001200497,1.4811731011522564,-0.9340038238805084,-1.0753843542724923
10.0,167.0,1000.0235595703124,-4.244105205455382,-2.952521070217498,-1.9640571290925608,0.689415788151754,-1.3018030601949917,4.8272015451275365,-0.5186068720577017,1.481168657176136,-0.9339980880124878,-1.0753906371615112
10.0,167.0,1000.0234985351562,-4.2441060279233085,-2.952520271696723,-1.9640547346596748,0.6894175469069586,-1.3017983275338034,4.827202722977278,-0.5186075720748278,1.481172260374071,-0.9340005212789376,-1.0753862359273687
10.0,167.0,1000.0234375,-4.244101945994248,-2.952532031954714,-1.964057364997939,0.68942307450307,-1.3017858092081265,4.827188349241018,-0.518607449430597,1.4811683246234564,-0.9340069825012858,-1.075387028713482
10.0,167.0,1000.0234985351562,-4.244100649916978,-2.952536024187441,-1.9640576211310905,0.6894254671350097,-1.301779413547839,4.827183471553598,-0.5186077775655242,1.4811678160223254,-0.9340101569444972,-1.07538585223016
10.0,167.0,1000.0234985351562,-4.244101667841081,-2.952533181956021,-1.9640560364493167,0.6894251532970888,-1.301780267544101,4.827186851070335,-0.5186078614111196,1.4811703710252928,-0.934009772697176,-1.0753842749747178
10.0,167.0,1000.0234375,-4.24410099327483,-2.952535392529626,-1.964056570872548,0.6894261192551934,-1.3017781147418632,4.827184298656084,-0.5186078215909875,1.481169277063941,-0.934010688441206,-1.075384657558364
10.0,167.0,1000.0233764648438,-4.244099068086816,-2.95254047226354,-1.964057228044397,0.6894290397617127,-1.3017710895721597,4.82717778673339,-0.5186081602983972,1.4811682731839635,-0.934014623861219,-1.0753838406575411
10.0,167.0,1000.0234985351562,-4.244101599421418,-2.9525322601099537,-1.964056376230113,0.6894239948829224,-1.3017824152595194,4.827187756799606,-0.5186079283892786,1.481169663146341,-0.9340087115797092,-1.0753852579582102
10.0,167.0,1000.0234375,-4.244100751931621,-2.9525369581647984,-1.9640575521860884,0.6894264035199829,-1.3017783947836126,4.827182249344821,-0.5186074225354789,1.4811676780842848,-0.9340108970862672,-1.0753856734259513
10.0,167.0,1000.0234985351562,-4.244104989756691,-2.952521334398474,-1.9640560244007088,0.6894171415419681,-1.301799428317998,4.82720104795137,-0.5186073340805883,1.481170381745006,-0.9339997068771329,-1.0753882279017288
10.0,167.0,1000.0233154296876,-4.244100758659163,-2.952537558883032,-1.964056560972817,0.6894276485502804,-1.3017748345126372,4.8271816045400335,-0.518607706446363,1.4811692145033284,-0.9340125555438964,-1.0753839358795094
10.0,167.0,1000.0234985351562,-4.244101886359692,-2.952531319700595,-1.9640576972508368,0.6894223304761251,-1.301787666695391,4.82718912477252,-0.5186072018391741,1.4811677050846264,-0.934005700033688,-1.0753881478102576
10.0,167.0,1000.0233764648438,-4.244102764839518,-2.9525282147249445,-1.9640565667696053,0.6894209222522827,-1.3017902670354276,4.82719301739418,-0.5186077460707699,1.4811692866765729,-0.9340046887121992,-1.075387275527635
10.0,167.0,1000.0234375,-4.244102723291833,-2.952530726913899,-1.964055636521968,0.6894237700820014,-1.3017834996965822,4.827189966888691,-0.5186077699132516,1.4811706260094055,-0.9340080154893684,-1.0753844227716955
10.0,167.0,1000.0233764648438,-4.244099368222324,-2.95253946799377,-1.964058145175056,0.6894271281806645,-1.3017753052832095,4.827178958125879,-0.5186078911618246,1.4811668990008382,-0.9340128121297662,-1.075385866264878
10.0,167.0,1000.0234375,-4.244103418143803,-2.9525270442102034,-1.964057060133116,0.689419965542851,-1.3017928509716157,4.827194344485667,-0.5186070099184539,1.4811688472133555,-0.9340030548510888,-1.075388338527028
10.0,167.0,1000.0234375,-4.244098814847998,-2.952542190674062,-1.9640578978991536,0.6894296153486392,-1.301769449014365,4.82717565661661,-0.5186078120714948,1.481167399978947,-0.9340151525623526,-1.075384156600597
10.0,167.0,1000.0233154296876,-4.244098293529107,-2.9525432021386946,-1.964058169175136,0.6894298630151656,-1.3017679703009204,4.8271746697390086,-0.5186080428966555,1.4811671931835226,-0.9340157141098198,-1.0753841622889446
10.0,167.0,1000.0234375,-4.244103963222828,-2.952525832554992,-1.9640560830280056,0.6894198457941219,-1.301793327220511,4.82719584651506,-0.5186071952108158,1.4811698988971314,-0.9340031537449374,-1.0753875866510958
10.0,167.0,1000.0233764648438,-4.244099561343713,-2.952540166046333,-1.96405775684254,0.689428016759849,-1.301772452581594,4.827178278934024,-0.5186082308421458,1.4811679889531248,-0.9340138148779084,-1.0753841805535491
10.0,167.0,1000.0233764648438,-4.244102849214079,-2.9525293464480016,-1.9640567589928688,0.6894220901157624,-1.3017890212524104,4.827191535668263,-0.518607396293338,1.4811691025739364,-0.9340053817587785,-1.075387226478202
10.0,167.0,1000.0234985351562,-4.244096716997366,-2.952549225375427,-1.964059185346327,0.6894329120349401,-1.3017608070398583,4.827167370984917,-0.518607822307489,1.4811654620673007,-0.93401962676442,-1.0753838742574966
10.0,167.0,1000.0235595703124,-4.244098896537384,-2.9525413845638107,-1.9640576701194008,0.6894289036808541,-1.3017706591850042,4.827176705664826,-0.5186082205752633,1.4811676754820695,-0.9340149319774964,-1.0753840194459192
10.0,167.0,1000.0235595703124,-4.244101219035387,-2.952536004985354,-1.964057878225807,0.6894250207383088,-1.3017814133402887,4.827183298295887,-0.5186074659950917,1.481167306378678,-0.934009866284386,-1.0753867089071625
10.0,167.0,1000.0234985351562,-4.244099475222993,-2.9525403489355817,-1.9640571951254595,0.6894289437157131,-1.301771558061156,4.827178143390121,-0.5186083034034903,1.4811682977650795,-0.9340146497300824,-1.075383626096906
10.0,167.0,1000.0235595703124,-4.244101931524507,-2.9525306752053875,-1.964057276362112,0.6894218869978594,-1.3017865835200308,4.827189900143715,-0.5186077557394686,1.481168403014015,-0.9340062510183342,-1.0753872065414605
10.0,167.0,1000.0232543945312,-4.244102315021976,-2.952530298379925,-1.9640571117073184,0.6894219855298989,-1.3017872159331194,4.827190339228803,-0.5186075549578364,1.4811688441774358,-0.9340060435067344,-1.075386992486968
10.0,167.0,1000.0235595703124,-4.244102423770001,-2.9525322294917986,-1.9640570091457743,0.6894233367913296,-1.301785096788529,4.827188181619929,-0.5186073861913902,1.4811685367162024,-0.9340074826167156,-1.075386561924044
10.0,168.0,1000.0234985351562,-4.244098280344044,-2.952544067703534,-1.9640583687089688,0.6894302877630478,-1.3017681238774874,4.827173471759522,-0.5186080003722848,1.481166598311647,-0.9340163249237604,-1.0753844574440865
10.0,168.0,1000.0234375,-4.244099764542451,-2.952539648351175,-1.9640568946331127,0.6894285123023032,-1.3017717595139473,4.827179012760455,-0.5186083175459908,1.481168992176202,-0.9340142022083152,-1.0753834558623616
10.0,168.0,1000.0234985351562,-4.244100187111285,-2.952538749404308,-1.9640577654145512,0.6894271301399044,-1.3017751765539738,4.827180174503381,-0.5186078602916382,1.481167570597492,-0.9340126900323708,-1.075385053366551
10.0,168.0,1000.0235595703124,-4.244097222282189,-2.952550030591125,-1.9640574622922564,0.6894352292407868,-1.3017561307387822,4.827166236789589,-0.518608464403493,1.4811678382495197,-0.9340227140877442,-1.0753805322739094
10.0,168.0,1000.0234375,-4.244101649873565,-2.9525330234494818,-1.9640561464798825,0.6894247854537641,-1.301780701681603,4.827187077116692,-0.5186078856209191,1.4811698327109912,-0.934009546158502,-1.0753844335684102
10.0,168.0,1000.0233764648438,-4.244099964468007,-2.952538512137445,-1.9640581517454505,0.6894267888198682,-1.3017763479936355,4.827180334519932,-0.5186077208481867,1.4811671644791016,-0.9340117031529028,-1.0753858775915974
10.0,168.0,1000.0233154296876,-4.24409922437532,-2.952541331506996,-1.9640575827223747,0.6894293340494695,-1.301770864075671,4.8271769597332295,-0.518607875234899,1.4811678671022834,-0.9340146610184856,-1.0753840062622313
10.0,168.0,1000.0233154296876,-4.244101958052068,-2.9525305140167,-1.9640574367018824,0.689422031488574,-1.301787748704197,4.82718994153354,-0.5186076121231622,1.4811682994675437,-0.9340059102831626,-1.0753874717185816
10.0,168.0,1000.0233764648438,-4.244100753239386,-2.952538746052321,-1.9640579176286743,0.6894272273196025,-1.301776247642128,4.827180251636079,-0.5186075885787806,1.4811674772087216,-0.9340120582433356,-1.0753853540325895
10.0,168.0,1000.0233154296876,-4.244096863340515,-2.952550111969085,-1.9640583220915788,0.6894348603390812,-1.301757553141611,4.827166272514896,-0.518608082192193,1.4811668486804006,-0.9340213294115064,-1.0753819773034796
10.0,168.0,1000.0234985351562,-4.244101720035537,-2.952534012355679,-1.964058356078424,0.6894237313228802,-1.301784829597456,4.827186020672107,-0.5186068976083389,1.4811669864637604,-0.9340072974965477,-1.0753880691484523
10.0,168.0,1000.0233764648438,-4.24410647680471,-2.952517704722273,-1.9640558939492103,0.6894144284888357,-1.301806183852936,4.827205774236559,-0.5186068724848889,1.4811702938784546,-0.9339967706212456,-1.0753898179579346
10.0,168.0,1000.0232543945312,-4.2441028536250585,-2.9525298811632608,-1.9640565181142515,0.6894225080151681,-1.3017874598660133,4.827190919609947,-0.5186072892011282,1.4811693854720644,-0.9340063137454884,-1.0753863498720149
10.0,168.0,1000.0233764648438,-4.244099038897781,-2.952541090959699,-1.9640582465419625,0.6894282562646481,-1.301773002868865,4.82717721819288,-0.518607849800576,1.481166756526191,-0.9340138006111632,-1.0753856023487698
10.0,168.0,1000.0233764648438,-4.244104087171556,-2.952526222043713,-1.964055656107284,0.6894205222927443,-1.30179116595551,4.827195277206885,-0.5186075715459957,1.4811709150336938,-0.9340043121379836,-1.0753861050867153
10.0,168.0,1000.0233764648438,-4.244104680777592,-2.9525230403991487,-1.9640563529231183,0.689417673117191,-1.3017978725764916,4.827199483118696,-0.5186073134242521,1.4811699084246823,-0.9340004195816114,-1.0753885832216623
10.0,168.0,1000.0232543945312,-4.2441020839986505,-2.9525321954685566,-1.96405692736419,0.6894233153200116,-1.3017845144886446,4.827188049508274,-0.5186076375528099,1.4811687706399257,-0.934007849287946,-1.0753861235868452
10.0,168.0,1000.0234375,-4.244096797917992,-2.952550196836237,-1.964058330375596,0.6894339866884618,-1.3017588474390522,4.827166096579148,-0.5186083208373491,1.4811662281179574,-0.9340214742590476,-1.0753825473811904
10.0,168.0,1000.0233764648438,-4.244101691855683,-2.952532695578273,-1.964057911253032,0.6894231502432042,-1.301785063926734,4.827187645284889,-0.5186073667853357,1.481167581867556,-0.9340071426797164,-1.075387418069453
10.0,168.0,1000.0234375,-4.244102451026861,-2.952530872869504,-1.964056807565658,0.6894229177189413,-1.301785759843404,4.82718960547893,-0.5186075695009071,1.4811691795945017,-0.9340068605259972,-1.0753863608484415
10.0,168.0,1000.023681640625,-4.244101461831445,-2.9525357204529765,-1.9640576397302263,0.6894254862567752,-1.301779812234884,4.827183929645834,-0.5186073656675347,1.4811682603446137,-0.9340096055319628,-1.075386063249919
10.0,168.0,1000.0233154296876,-4.244102221396688,-2.9525328048688886,-1.9640567885658744,0.6894239989443962,-1.3017836216979766,4.82718740112804,-0.5186074945954813,1.48116881183258,-0.9340084092364194,-1.0753859153008785
10.0,168.0,1000.0234985351562,-4.244103300823419,-2.952528752362576,-1.9640555871796872,0.6894225843565387,-1.3017871374436725,4.827192337021675,-0.5186076584502892,1.481170677009528,-0.9340063685100084,-1.0753853436100562
10.0,168.0,1000.0232543945312,-4.244103183387505,-2.952528812000384,-1.9640564439085937,0.6894217182503919,-1.3017888882412063,4.827192202328863,-0.5186074094699302,1.4811697003193034,-0.9340052318729332,-1.0753867965997328
10.0,168.0,1000.0234375,-4.244100528466509,-2.952536603351047,-1.9640571641700808,0.6894262452678044,-1.3017772155727545,4.827182553986123,-0.518608115200494,1.4811684885358345,-0.9340115824853648,-1.07538494138758
10.0,168.0,1000.0234985351562,-4.244101498292743,-2.9525339755507,-1.964057002846344,0.689424434134601,-1.301781702981129,4.827185766130922,-0.5186078488377,1.4811687496033858,-0.93400940295792,-1.0753857596165122
10.0,168.0,1000.0235595703124,-4.244102879877955,-2.9525291408898298,-1.9640556763293728,0.6894231010157581,-1.3017851403206384,4.827191558796715,-0.5186076480792225,1.4811709750001345,-0.9340069651642428,-1.0753848216723134
10.0,168.0,1000.0233154296876,-4.244101900621814,-2.9525317484478446,-1.964056391392531,0.6894237917205883,-1.301783540700172,4.827188561147754,-0.5186075392688387,1.4811696505136729,-0.934007862910132,-1.0753855802034584
10.0,168.0,1000.0235595703124,-4.244101785940183,-2.9525332838658995,-1.9640573010988904,0.6894236897634052,-1.301783283870941,4.827186772971686,-0.5186077848794621,1.4811684782531491,-0.9340084353342988,-1.075386241555889
10.0,168.0,1000.0234375,-4.244100380724664,-2.952538206444045,-1.9640576600495128,0.689427370647838,-1.3017756014518431,4.827180634669297,-0.5186075212015204,1.481167904037607,-0.9340122184243924,-1.0753850436016368
10.0,168.0,1000.0234375,-4.2441030399987465,-2.9525282861523188,-1.964056271430344,0.6894214497031825,-1.3017892505183233,4.827192803518617,-0.5186076035686318,1.4811696073055265,-0.9340052924042448,-1.0753867354548703
10.0,168.0,1000.0233764648438,-4.244103032886702,-2.952529544425845,-1.9640560475673976,0.689422291836097,-1.3017874712195328,4.8271914452003735,-0.5186076741670869,1.4811699792813169,-0.9340064998406508,-1.0753858743779938
10.0,168.0,1000.0234985351562,-4.244103365422752,-2.952527801028716,-1.9640573827784729,0.6894203095527454,-1.3017921564985673,4.827193337804786,-0.5186073302186269,1.481168575304766,-0.9340036877171825,-1.0753881575161972
10.0,168.0,1000.0233764648438,-4.244095991484313,-2.952551374138344,-1.9640587940205885,0.6894345132183624,-1.3017565708707275,4.827164643866521,-0.5186084770314112,1.4811660532335305,-0.9340221027091644,-1.0753822865102274
10.0,168.0,1000.0235595703124,-4.244102371789437,-2.952532072480075,-1.96405752339331,0.689423019080678,-1.301786492577039,4.827188226391277,-0.5186073504710285,1.4811681722486147,-0.9340067418666188,-1.075387391172958
10.0,168.0,1000.0233764648438,-4.244102938929764,-2.952531507639387,-1.964055543875404,0.6894244911559326,-1.3017826666900452,4.8271890831170285,-0.5186076697499349,1.4811707596839572,-0.9340087186430868,-1.075384132980774
10.0,168.0,1000.0233764648438,-4.244101313119053,-2.952533331508596,-1.9640574253282752,0.6894238930205141,-1.3017837760444912,4.8271867470374765,-0.5186075025079333,1.481168218228543,-0.934007970940632,-1.0753868529019712
10.0,168.0,1000.0233154296876,-4.244100582176225,-2.952535497855521,-1.9640583301613568,0.6894243905494557,-1.30178163505122,4.82718396401445,-0.5186074131460341,1.4811668602474963,-0.934008907674265,-1.075387296376991
10.0,168.0,1000.0233154296876,-4.244105531628136,-2.9525202031480298,-1.9640562565454829,0.6894161000985131,-1.3018019416652211,4.827202595321088,-0.5186070063284021,1.4811702699176372,-0.9339983392974904,-1.075389231970123
10.0,168.0,1000.0232543945312,-4.24410247851768,-2.952530218289509,-1.964057164158306,0.6894219653914124,-1.3017873168194645,4.8271905945304265,-0.5186074089239492,1.4811686461624252,-0.934005999966418,-1.0753870277315656
10.0,168.0,1000.0234375,-4.244103785921171,-2.9525261973284724,-1.9640568151327624,0.6894196552568355,-1.3017935194428838,4.827195276750423,-0.5186072074772854,1.4811691944706276,-0.9340029813740518,-1.0753879412149492
10.0,168.0,1000.0234985351562,-4.244099333074431,-2.9525393759177634,-1.9640577843248173,0.6894279964710526,-1.3017735227254716,4.827179371297394,-0.5186076848285328,1.48116770877688,-0.934012875449194,-1.075385067123107
10.0,168.0,1000.0233764648438,-4.244101688773161,-2.9525332311221946,-1.96405683215613,0.6894245780365207,-1.301782069536066,4.827186826543393,-0.5186075753325605,1.4811691204585884,-0.9340088332402132,-1.075385635055055
10.0,168.0,1000.0234985351562,-4.244103780991633,-2.95252658691106,-1.964057256666256,0.6894195382160841,-1.3017944130262582,4.82719501967652,-0.5186068599151756,1.481168649702452,-0.9340022398934772,-1.075389139143133
10.0,168.0,1000.0238647460938,-4.244099870529182,-2.95254299099281,-1.964057889121456,0.689430033803764,-1.301769605543195,4.827175176526399,-0.5186079899374443,1.481167514683027,-0.9340157410447087,-1.0753838619953546
10.0,168.0,1000.0235595703124,-4.244101557917589,-2.952534634726068,-1.964057403286792,0.6894246687987629,-1.3017818359856443,4.827185235182366,-0.518607775655024,1.4811682513056192,-0.9340090909171526,-1.0753862558095584
10.0,168.0,1000.0234985351562,-4.244099099721327,-2.952540347718276,-1.964058313542222,0.689427645728605,-1.301774312536212,4.827178002493744,-0.5186074781351371,1.4811665131108214,-0.9340130844106084,-1.0753859989082253
10.0,168.0,1000.0234985351562,-4.244103125835212,-2.952527753842872,-1.964057469319655,0.6894202824821782,-1.3017920997233603,4.827193486368831,-0.5186072211503205,1.4811684304521435,-0.9340033789768504,-1.0753884138948204
10.0,168.0,1000.0233764648438,-4.244097621420549,-2.952545667915375,-1.964058453172232,0.689431342089529,-1.3017642880855718,4.827171646293433,-0.51860820256762,1.481167100049552,-0.9340177287508044,-1.0753834505119606
10.0,168.0,1000.0233764648438,-4.244102201788518,-2.952533558578564,-1.964057013570835,0.6894244898912323,-1.301782056690199,4.827186506458599,-0.5186072548097904,1.4811687795077138,-0.9340087900875568,-1.075385712726939
10.0,169.0,1000.0233154296876,-4.244104824305296,-2.952523028051319,-1.9640556262879687,0.6894183996961871,-1.3017967108524342,4.827199396620456,-0.5186073851861046,1.481170894836037,-0.9340013426751675,-1.0753875371692074
10.0,169.0,1000.0234375,-4.2441015454347095,-2.9525353890989234,-1.964055913499311,0.6894265741349548,-1.3017762796114116,4.827184241331574,-0.5186078094978788,1.4811702373978042,-0.9340120007716806,-1.0753832166303838
10.0,169.0,1000.0233154296876,-4.244103356673225,-2.952527064018366,-1.964056575396853,0.6894201771005379,-1.3017916554573985,4.827194179798553,-0.5186075916979069,1.481169488925925,-0.9340039694670884,-1.0753873101273277
10.0,169.0,1000.0234985351562,-4.244102537296,-2.9525314797284574,-1.964056921066252,0.689423265049478,-1.3017849573345464,4.827189124902153,-0.5186071456736849,1.4811690679845633,-0.934006933491121,-1.0753861796342925
10.0,169.0,1000.0234375,-4.244102568562094,-2.952533045613189,-1.964056754470928,0.6894243511919456,-1.3017828915300829,4.827187322585145,-0.5186074411170623,1.481169322303746,-0.9340085495636714,-1.075385213255716
10.0,169.0,1000.0233154296876,-4.244104032290437,-2.952526006049809,-1.9640563781768017,0.689419886477256,-1.3017933978448863,4.827195640496798,-0.5186072790539198,1.481169753785018,-0.9340030661602235,-1.0753874960785934
10.0,169.0,1000.0234985351562,-4.24410226907629,-2.952532581396834,-1.964057181646977,0.6894236856401639,-1.3017844599080934,4.827187652415107,-0.5186075531651015,1.4811685408033863,-0.934007635829552,-1.0753863361272629
10.0,169.0,1000.0233154296876,-4.2441013435977,-2.952534980903688,-1.964056753899928,0.6894255259079252,-1.30177918866224,4.827184700855568,-0.5186076918372482,1.481169013436887,-0.9340105231407724,-1.075384730401879
10.0,169.0,1000.0234375,-4.244103067418601,-2.952529071425496,-1.9640567958166204,0.6894212918488805,-1.3017891731482587,4.827192045686626,-0.5186075194525603,1.481169188534844,-0.9340051746008085,-1.075387003255857
10.0,169.0,1000.0233764648438,-4.244102890442226,-2.9525305832668085,-1.9640568331181665,0.6894225300089527,-1.301786929116865,4.827190268360921,-0.5186075177100449,1.4811689998792923,-0.9340063824689616,-1.075386601463873
10.0,169.0,1000.0233154296876,-4.244101160205418,-2.952534557742324,-1.9640575692228344,0.6894247467593555,-1.3017812938068514,4.82718508919559,-0.5186074398898795,1.4811680336413504,-0.934009291303461,-1.0753862391591855
10.0,169.0,1000.0233154296876,-4.244100318416534,-2.952537497600812,-1.964057398864912,0.6894268596721345,-1.3017759528043469,4.827181665316523,-0.5186077288612188,1.481168321646753,-0.9340117752583224,-1.0753848902406302
10.0,169.0,1000.0233154296876,-4.2441037430023085,-2.952527382068445,-1.9640563677384453,0.6894208065184184,-1.3017910009493543,4.827194121016712,-0.5186072859014965,1.4811699417414017,-0.9340042167761275,-1.0753869141656502
10.0,169.0,1000.0234375,-4.244100971930558,-2.952535235399026,-1.9640574675158653,0.6894250962132826,-1.30178069794535,4.827184279292897,-0.5186076961904114,1.481168078144746,-0.934009545939313,-1.0753859569266453
10.0,169.0,1000.0234375,-4.244103933612418,-2.9525280812721326,-1.9640563148957444,0.6894214319831615,-1.3017906621104158,4.827193421864731,-0.5186072526637648,1.4811697236481225,-0.9340045049820018,-1.075386841415804
10.0,169.0,1000.0234375,-4.2440999701497,-2.952537933567642,-1.9640584381740085,0.689426308966623,-1.3017776387881643,4.827181024647159,-0.5186073387260084,1.4811667823307886,-0.9340109560291,-1.075386441918864
10.0,169.0,1000.0233764648438,-4.244102488502631,-2.9525296813395947,-1.9640567956862016,0.6894219944961835,-1.301787881868842,4.827191098990266,-0.5186074501831142,1.481169082287832,-0.9340056683196803,-1.0753870171797135
10.0,169.0,1000.0233154296876,-4.244100811789011,-2.9525354595038404,-1.9640577389305287,0.689425231203523,-1.3017809008953112,4.827184081649094,-0.5186075168366768,1.4811676130843203,-0.9340095508135712,-1.0753864643472817
10.0,169.0,1000.0233154296876,-4.244104968837368,-2.952522474097013,-1.9640561685420923,0.6894177990339303,-1.301798346120862,4.827200008465665,-0.5186070520353816,1.481170253347246,-0.9340005747224868,-1.0753883281435694
10.0,169.0,1000.0233764648438,-4.244104089176746,-2.952524647116857,-1.964056011003473,0.689418933827481,-1.3017943186017868,4.827197317674289,-0.5186074865777313,1.4811704032948958,-0.934002477594948,-1.0753873748404774
10.0,169.0,1000.023193359375,-4.244101383321526,-2.952533031052372,-1.964057003734073,0.6894239504894664,-1.301782597899134,4.827187197250812,-0.5186075434046691,1.481168707816515,-0.9340084534090174,-1.0753859553579588
10.0,169.0,1000.0233154296876,-4.244103088166579,-2.952528623798467,-1.964057070215441,0.6894213467141483,-1.3017900320754356,4.827192425795218,-0.5186071420696567,1.4811688158608547,-0.9340047179519616,-1.075387481403486
10.0,169.0,1000.0234375,-4.244100763087543,-2.952536472597961,-1.964058022610093,0.689425400754839,-1.3017798841951245,4.82718287837127,-0.5186073524800419,1.4811670744881145,-0.9340101607393176,-1.0753866305064896
10.0,169.0,1000.0232543945312,-4.244102025376904,-2.9525327440900644,-1.9640573025496224,0.6894235766167309,-1.3017843726495664,4.82718753620777,-0.5186073089428191,1.481168334859123,-0.9340076493383932,-1.0753866884350458
10.0,169.0,1000.0234985351562,-4.24410170800296,-2.9525332167632605,-1.964056460093234,0.689424664163683,-1.3017814898307156,4.8271867481508455,-0.5186075411468201,1.4811696117428743,-0.9340091157368304,-1.0753852324310973
10.0,169.0,1000.0234985351562,-4.244104670428487,-2.952523473693176,-1.964057058436763,0.689417634067615,-1.3017992415468171,4.827198690043325,-0.5186070427379281,1.4811688084842691,-0.9340001492019674,-1.0753895006416585
10.0,169.0,1000.0232543945312,-4.244099424431402,-2.952539875959069,-1.964057979114036,0.689428122590952,-1.3017735594887512,4.827178687746613,-0.518607815467683,1.4811674399439123,-0.934013209799046,-1.0753849978131291
10.0,169.0,1000.0234375,-4.244101734503226,-2.9525329260898463,-1.9640565471094693,0.6894247003964837,-1.301781498754448,4.827187260066976,-0.5186076002064128,1.4811696480815997,-0.9340088068526048,-1.075385139648219
10.0,169.0,1000.0233764648438,-4.2441027148246055,-2.952529503097749,-1.9640571472617447,0.6894216462446234,-1.3017888021532893,4.827191480276399,-0.5186072229670318,1.48116865978702,-0.934005246236814,-1.0753873376150906
10.0,169.0,1000.0234985351562,-4.244107831361797,-2.95251435457377,-1.9640549657981448,0.6894135260247989,-1.3018092283379512,4.827210101113913,-0.5186067012067301,1.4811721474444308,-0.9339945582703352,-1.075389244437686
10.0,169.0,1000.0233764648438,-4.244100833209304,-2.9525355246090097,-1.9640573933518344,0.6894253861029753,-1.3017805202353552,4.827183952796538,-0.5186075815420486,1.4811679580997383,-0.9340099072450334,-1.0753861919939631
10.0,169.0,1000.0233764648438,-4.24410081760271,-2.9525372608359555,-1.9640571407538605,0.6894269882282833,-1.30177643110801,4.827182161136868,-0.5186074495539419,1.4811687384771934,-0.9340115970527938,-1.0753846103756175
10.0,169.0,1000.0234375,-4.244101764689894,-2.9525328128155808,-1.9640567348493263,0.6894242077591652,-1.301782924775705,4.827187409984328,-0.5186075795033727,1.4811693183882877,-0.9340085904755524,-1.0753857004144818
10.0,169.0,1000.0233154296876,-4.244101875111747,-2.952531298379234,-1.964057180716977,0.6894226635633247,-1.3017859407186294,4.827189153870679,-0.5186075104680441,1.4811686145783458,-0.9340068333437648,-1.0753868754636575
10.0,169.0,1000.0235595703124,-4.244101736931686,-2.952534657619092,-1.964057223541194,0.6894252403706513,-1.3017817556650453,4.827185220617388,-0.5186072393243366,1.4811681734927156,-0.934009160787716,-1.075386089565043
10.0,169.0,1000.0234375,-4.244099826839568,-2.952539257888523,-1.9640572626705808,0.6894279698534769,-1.3017738326045314,4.82717943266028,-0.5186079307269216,1.481168232256791,-0.9340133302541878,-1.0753844283263805
10.0,169.0,1000.0233764648438,-4.2441014444483205,-2.952533461026236,-1.964057074517456,0.6894240741303346,-1.3017828240105818,4.827186529837963,-0.5186077837285739,1.481168521047894,-0.9340087701573072,-1.0753858781043486
10.0,169.0,1000.0234375,-4.244096901704597,-2.9525487930980034,-1.964059014891912,0.6894329238720669,-1.301762022214812,4.827167914357904,-0.5186080084001325,1.481165662876113,-0.9340192279328878,-1.0753840060032287
10.0,169.0,1000.0233764648438,-4.244102114859477,-2.952531373820013,-1.964056477352232,0.6894235924880023,-1.3017841119821083,4.827189066604115,-0.5186074849153641,1.481169690025423,-0.9340075607947832,-1.075385752891615
10.0,169.0,1000.0232543945312,-4.244102471898811,-2.952530460357304,-1.9640569729819424,0.6894222259591931,-1.3017872909420527,4.827190405047897,-0.5186074489637447,1.481168936416165,-0.934006047158114,-1.0753869428799807
10.0,169.0,1000.0233154296876,-4.244100096615643,-2.952537725606803,-1.964057370988088,0.6894270897268395,-1.3017760157285565,4.82718141116481,-0.518607728820478,1.4811682228411571,-0.9340117961469137,-1.0753851490565798
10.0,169.0,1000.0233764648438,-4.244101576464263,-2.9525329156573847,-1.964057197359797,0.689423456469691,-1.3017835077804318,4.82718712759765,-0.5186077529801336,1.4811683874274315,-0.9340081640763778,-1.075386416551714
10.0,169.0,1000.0233154296876,-4.244100497307834,-2.952536206267726,-1.9640581571326343,0.6894252272535093,-1.3017800064233285,4.827183070543844,-0.5186074293646223,1.4811672234764224,-0.9340097243855484,-1.0753866933413807
10.0,169.0,1000.0233154296876,-4.244099299871327,-2.95254157289167,-1.9640573984253,0.6894294482830379,-1.301769924717374,4.82717673590369,-0.5186080102230957,1.4811680582376,-0.9340152685897314,-1.075383597957766
10.0,169.0,1000.0234375,-4.244098526801422,-2.952544982181995,-1.9640574635032388,0.6894315481445101,-1.3017650424576632,4.827172541930709,-0.5186082774427785,1.48116785545637,-0.934018031554138,-1.075382519871248
10.0,169.0,1000.0233764648438,-4.244101344896957,-2.9525344860204066,-1.9640569245542667,0.6894253366475827,-1.301780020839003,4.827185167864345,-0.5186076870464156,1.481168833727332,-0.9340099481664216,-1.0753852404560087
10.0,169.0,1000.0233764648438,-4.24410358312402,-2.952528397443764,-1.9640568577766555,0.6894211243608375,-1.3017905591543788,4.82719286443926,-0.5186069761132321,1.4811690349348332,-0.9340043567770132,-1.0753874386040485
10.0,169.0,1000.0233764648438,-4.244102840410506,-2.952531696255475,-1.9640569307866391,0.689423124320534,-1.301785468779273,4.827189014316852,-0.5186073467783388,1.481168738424536,-0.9340072461036826,-1.0753862398549554
10.0,169.0,1000.0234375,-4.244099588234647,-2.952540231772925,-1.964057742562221,0.6894283507426398,-1.3017725317292212,4.8271782360519655,-0.5186077541295546,1.4811676767298918,-0.9340137716027828,-1.0753846041416724
10.0,169.0,1000.0233764648438,-4.244102639715242,-2.95253048416723,-1.9640572233460167,0.6894221939410112,-1.3017875946986623,4.827190355323834,-0.5186073487488567,1.481168688975516,-0.9340055766855296,-1.0753871268636988
10.0,170.0,1000.0234375,-4.2440992005670015,-2.952540141605332,-1.9640583952418025,0.6894277848300101,-1.3017738476101854,4.82717823058873,-0.518607480269381,1.4811666187866726,-0.9340128702066846,-1.0753856711764098
10.0,170.0,1000.0232543945312,-4.2441001213456095,-2.95253721294236,-1.964057176959983,0.6894266802610112,-1.3017755392277848,4.82718175035339,-0.5186080477457882,1.4811685364403413,-0.9340122934455684,-1.075384416406837
10.0,170.0,1000.0233154296876,-4.244099042550546,-2.9525402803143166,-1.9640584063642168,0.6894279998518602,-1.301773305342515,4.827178139928609,-0.5186077374226352,1.4811669751463246,-0.9340130009320092,-1.075385507045434
10.0,170.0,1000.0234375,-4.244106421144922,-2.9525176584055,-1.964055574032208,0.6894151372017738,-1.30180496655476,4.827206030032121,-0.5186068800631274,1.4811712205114862,-0.9339967151437598,-1.0753890125414212
10.0,170.0,1000.0234985351562,-4.244101241131734,-2.952533196160781,-1.9640582889763023,0.6894231749659054,-1.3017849828860606,4.827186874370636,-0.5186071806820749,1.481166883031789,-0.9340071708050228,-1.0753880350103708
10.0,170.0,1000.0233154296876,-4.244101870170851,-2.952531563480517,-1.964058043495985,0.6894222909869097,-1.3017873730011424,4.827188914299963,-0.5186070815793755,1.4811674206113112,-0.9340058215563908,-1.075388178569196
10.0,170.0,1000.0233764648438,-4.244098428974434,-2.95254208577828,-1.964058514223658,0.689428818665867,-1.3017713683817371,4.827175987574288,-0.5186077422085003,1.4811666443817986,-0.9340141703340912,-1.075385369460149
10.0,170.0,1000.0234375,-4.244101928585451,-2.9525316792089167,-1.9640571541895384,0.68942291160596,-1.301785167232964,4.827188954182743,-0.5186075097464729,1.4811685919981112,-0.9340070827678087,-1.0753868702455116
10.0,170.0,1000.0234375,-4.2441017551847775,-2.9525334037321023,-1.964056338569971,0.6894250622775031,-1.301780891904362,4.827186787167367,-0.5186078256673303,1.481169833856577,-0.934009671780312,-1.0753847541173367
10.0,170.0,1000.0233154296876,-4.244099179759727,-2.9525424105625104,-1.9640574071203656,0.6894302674676931,-1.301768151058548,4.827175801613691,-0.518607914488471,1.481168120923658,-0.934015841024002,-1.0753830207464166
10.0,170.0,1000.0235595703124,-4.244103713598742,-2.952527583825148,-1.964055796980008,0.6894212530453894,-1.3017901059333377,4.827193958670385,-0.5186073472902262,1.4811705357380518,-0.9340048183001404,-1.075386200824398
10.0,170.0,1000.0233154296876,-4.24410306070932,-2.9525285992033607,-1.9640559635715096,0.6894217130264311,-1.301787572704204,4.827192510295649,-0.5186076663607357,1.4811702705725356,-0.9340060183062704,-1.075385911188035
10.0,170.0,1000.0234375,-4.244096968176774,-2.9525478302428843,-1.9640583942656544,0.6894328511426098,-1.3017612340726543,4.827168797086223,-0.5186082936742196,1.4811666420089882,-0.9340198023892494,-1.075382745813788
10.0,170.0,1000.0234985351562,-4.2441003710921255,-2.95253700975334,-1.964057450206282,0.6894261716503722,-1.3017779669195657,4.827182213684745,-0.5186077620973926,1.4811678369422152,-0.9340112799746249,-1.075385733512499
10.0,170.0,1000.0233764648438,-4.244103646571192,-2.952527579906707,-1.964056253351253,0.6894210812029309,-1.3017899731791005,4.827193949263119,-0.5186075214955386,1.4811700483815615,-0.934004898754428,-1.0753863176228444
10.0,170.0,1000.0233154296876,-4.244101854907045,-2.9525324076527046,-1.9640570201180143,0.689423854997222,-1.3017830646911506,4.82718787837095,-0.5186073489547383,1.4811688628602813,-0.9340078714592446,-1.0753859711278584
10.0,170.0,1000.0234985351562,-4.244102741925653,-2.952528657533767,-1.9640574991422377,0.68942050940767,-1.3017914568822015,4.827192454991046,-0.5186071590928556,1.481168222048722,-0.9340038797506072,-1.0753885581816016
10.0,170.0,1000.0232543945312,-4.244101620494153,-2.9525334326355304,-1.964057477542771,0.6894241259035319,-1.3017829104040275,4.82718657636936,-0.5186074128426199,1.4811683695421731,-0.934008330931154,-1.075386246595115
10.0,170.0,1000.0233764648438,-4.244100487585685,-2.9525384916498347,-1.964057370753011,0.6894275215539754,-1.3017755027830624,4.827180351966561,-0.5186075186825629,1.4811679307978889,-0.9340125022894236,-1.0753848510956203
10.0,170.0,1000.0234375,-4.2441021534113705,-2.952531667702192,-1.9640570722636528,0.6894233264714984,-1.301785899807832,4.827188941165204,-0.51860711601707,1.4811687231890849,-0.9340069414979012,-1.0753869059722292
10.0,170.0,1000.0234375,-4.244098273465069,-2.9525425965222696,-1.9640584377924948,0.6894293679941645,-1.3017695109087732,4.827175317242279,-0.5186078928345239,1.4811669537536627,-0.9340151690783234,-1.0753846418330315
10.0,170.0,1000.0234985351562,-4.24410400859849,-2.9525241945713865,-1.964057324404918,0.6894178485061166,-1.3017978075145216,4.827197865231508,-0.5186068582456311,1.4811686370054966,-0.9340004681967562,-1.0753897455215826
10.0,170.0,1000.0235595703124,-4.24410325501721,-2.952527694366073,-1.9640577373997017,0.6894200103350894,-1.301793528595578,4.827193615893066,-0.5186069076394775,1.4811680515547216,-0.9340028345973526,-1.0753893173316498
10.0,170.0,1000.0234375,-4.244098671249609,-2.952541007905241,-1.9640579437122745,0.6894285751125189,-1.30177131466908,4.827177157292127,-0.5186081139835395,1.4811672433627407,-0.9340143484291304,-1.0753845284653003
10.0,170.0,1000.0234985351562,-4.244098720677902,-2.9525417275461265,-1.9640584524460225,0.6894287398372452,-1.3017714990168896,4.827176461045285,-0.5186078368550815,1.4811667589068076,-0.9340141613742708,-1.075385212200609
10.0,170.0,1000.0233154296876,-4.244098114096478,-2.95254404737288,-1.9640577708582805,0.6894305362591746,-1.3017663990831267,4.827173725627363,-0.5186081172376786,1.4811673444943327,-0.9340169865269328,-1.0753831871129926
10.0,170.0,1000.0233764648438,-4.244102581514832,-2.9525290526104,-1.9640568228948672,0.6894218494059468,-1.3017881040611128,4.827192002697139,-0.5186072686800172,1.4811692659719338,-0.9340052780701412,-1.0753868445035497
10.0,170.0,1000.0233764648438,-4.244104463276623,-2.952525000104401,-1.9640559999275933,0.6894196467607578,-1.3017942633122122,4.827197081791745,-0.5186073050299056,1.4811705478327983,-0.9340026072144596,-1.0753873148133346
10.0,170.0,1000.0234375,-4.244097496246655,-2.952546124252726,-1.9640586232328183,0.6894314440338389,-1.301764701984855,4.827170915770523,-0.518608078985757,1.4811663763534808,-0.9340179453078044,-1.075383722936964
10.0,170.0,1000.0234985351562,-4.244099950475193,-2.952538624109912,-1.9640565890720083,0.6894284184846224,-1.301772591929915,4.827180395620063,-0.5186080299547777,1.4811692808236767,-0.9340135385104896,-1.075383253878246
10.0,170.0,1000.0233154296876,-4.244102393446324,-2.952532050884376,-1.964056992815943,0.689423463770539,-1.3017847507028484,4.827188411142819,-0.5186073417371224,1.4811688197937878,-0.9340075912936544,-1.0753863353901476
10.0,170.0,1000.0234985351562,-4.244101249988466,-2.952534435404069,-1.964057959901076,0.6894240411126829,-1.3017827985371646,4.827185325712133,-0.5186073917076008,1.4811673714210327,-0.934008639322939,-1.0753869032564285
10.0,170.0,1000.0233764648438,-4.244102938541575,-2.952528657281201,-1.964056590246393,0.689421344393871,-1.3017892261878927,4.827192462955676,-0.5186073125087649,1.481169321957669,-0.934005219772895,-1.0753869018657962
10.0,170.0,1000.0233764648438,-4.244100942005481,-2.952534471608521,-1.964057458203252,0.6894246784415037,-1.3017806828160916,4.827185365043983,-0.5186076229234251,1.4811683093841983,-0.9340094085186176,-1.0753857946344807
10.0,170.0,1000.0233154296876,-4.244099533204714,-2.9525407449850176,-1.964057634698528,0.6894288722098194,-1.3017718766362618,4.82717772723753,-0.5186077702641096,1.4811677416308386,-0.9340141711483732,-1.0753843694635037
10.0,170.0,1000.0234375,-4.244102025463153,-2.9525327254545144,-1.9640561373506444,0.689424220773911,-1.3017822620791608,4.827187493320794,-0.5186077791328918,1.4811697374557795,-0.9340093926687664,-1.0753848371218495
10.0,170.0,1000.023193359375,-4.244103531455649,-2.952526406508193,-1.9640565944533568,0.6894200686210574,-1.301792327420798,4.827195195812106,-0.5186072707126925,1.4811694699716726,-0.9340031175513124,-1.0753875776884052
10.0,170.0,1000.0234375,-4.244105660373644,-2.952518560678924,-1.9640561364998463,0.6894149505889224,-1.3018044838393266,4.827204705473211,-0.5186069915562186,1.481170491123046,-0.9339971851046228,-1.075389609140556
10.0,170.0,1000.0234375,-4.2440994135569,-2.952539911545916,-1.96405855914503,0.6894276075096917,-1.301774782697946,4.827178518641672,-0.5186074239794332,1.481166591819779,-0.934012527439557,-1.0753860436653753
10.0,170.0,1000.0233764648438,-4.244100696855457,-2.9525343746581205,-1.964057978115188,0.6894242002733559,-1.3017824780442062,4.8271853511168885,-0.5186074685650652,1.481167346044919,-0.9340085418169276,-1.0753871260461767
10.0,170.0,1000.0233764648438,-4.244098560884803,-2.952541498910014,-1.964058424095147,0.6894287788634115,-1.301771538820478,4.827176557114036,-0.51860753413834,1.4811664580046582,-0.9340140241806498,-1.0753852949421776
10.0,170.0,1000.0233764648438,-4.244102229181463,-2.952532282722222,-1.964056566284711,0.6894240453038671,-1.3017828983451318,4.827188079864261,-0.518607541229775,1.4811696814520223,-0.934008507084208,-1.0753852169151443
10.0,170.0,1000.0234985351562,-4.244100120758489,-2.9525386953756123,-1.9640570438193987,0.6894283616429799,-1.301773581061039,4.827180219894554,-0.5186076770314996,1.4811685597103654,-0.9340132711866468,-1.0753839951823347
10.0,170.0,1000.023681640625,-4.244103482431331,-2.952527486199614,-1.9640572704058328,0.6894205666273612,-1.3017921508269563,4.827193977267893,-0.5186071244235908,1.4811690595061116,-0.9340030916956,-1.0753881546180648
10.0,170.0,1000.0235595703124,-4.244096971493571,-2.952547767490286,-1.9640586758977905,0.6894324562562826,-1.301762275941258,4.827168973972242,-0.5186082701645933,1.481166155434373,-0.934019016725701,-1.0753833318494332
10.0,170.0,1000.0232543945312,-4.244101422718826,-2.952533541370602,-1.9640576025096583,0.6894239882568955,-1.301783013605924,4.827186451734276,-0.5186074162704211,1.4811681149026643,-0.9340080593700196,-1.075386585420009
10.0,170.0,1000.0234375,-4.244101946112544,-2.952533336590007,-1.964056812150084,0.6894244592125185,-1.3017825253931492,4.827186803367868,-0.5186076809309208,1.4811690772260109,-0.9340087323574302,-1.075385799848941
10.0,170.0,1000.0234375,-4.244100052036114,-2.9525371317846183,-1.9640583362315849,0.6894259485599843,-1.3017782984174318,4.827181851486259,-0.5186075365898937,1.481167050176925,-0.9340104953138252,-1.0753865150997406
10.0,170.0,1000.0233764648438,-4.244100955685381,-2.952536282637431,-1.9640580857494765,0.6894257987473873,-1.3017798674195125,4.827183282414854,-0.5186071655588851,1.4811672756017398,-0.9340098901201276,-1.0753864279055332
10.0,170.0,1000.0235595703124,-4.244103100160464,-2.95252663544414,-1.9640577241004809,0.6894193804804338,-1.3017948757841418,4.82719502023367,-0.5186068224197582,1.4811681865651138,-0.9340019027118558,-1.075389498411826
10.0,171.0,1000.0233764648438,-4.2441019105581255,-2.95253231210858,-1.9640561543884123,0.6894241956981322,-1.3017827804695918,4.8271880635809,-0.5186077023188886,1.481170072800099,-0.9340087537523178,-1.075385049612843
10.0,171.0,1000.0234375,-4.244098793998487,-2.9525424932638304,-1.9640574690809585,0.689430095324493,-1.3017677821718543,4.827175467837899,-0.5186078050057255,1.481167890072424,-0.934015825634801,-1.0753833647978135
10.0,171.0,1000.0232543945312,-4.244101726135428,-2.952534751487224,-1.964056690382244,0.6894256353434329,-1.3017798766965072,4.827185288133993,-0.5186075008034994,1.4811691314756708,-0.9340100230392974,-1.075385011021579
10.0,171.0,1000.0233764648438,-4.244101148580075,-2.95253392810246,-1.9640575934121376,0.6894244050589222,-1.3017825643438408,4.827185990518387,-0.5186073231397446,1.4811681136810328,-0.9340082652031948,-1.0753867410992708
10.0,171.0,1000.0233764648438,-4.244100711701478,-2.9525348142041112,-1.964057773303561,0.6894247828102751,-1.3017807769169885,4.827184660175606,-0.518607638561404,1.4811679135060911,-0.9340094631301046,-1.0753862592634449
10.0,171.0,1000.0235595703124,-4.244105775930795,-2.9525180800992863,-1.964056364529875,0.6894143807890494,-1.3018050781458457,4.827205533348618,-0.5186069707448686,1.481170014254216,-0.9339966855946242,-1.0753899217445086
10.0,171.0,1000.0234985351562,-4.244099227998857,-2.95254066049272,-1.9640574383721443,0.6894291782126247,-1.301769249090542,4.827177686714046,-0.5186077172629124,1.4811684192481869,-0.9340148401451104,-1.0753831516962131
10.0,171.0,1000.0234375,-4.244102073921474,-2.9525301391135432,-1.9640572595696408,0.6894219549589486,-1.3017881513941,4.827190436949321,-0.518607281324071,1.481168422587169,-0.9340056688291724,-1.075387448334406
10.0,171.0,1000.0232543945312,-4.244103513772732,-2.9525263962286665,-1.9640565430093024,0.6894201024437603,-1.3017922585877768,4.827195094389676,-0.518607506214753,1.4811696423653595,-0.934003387270038,-1.0753874641146686
10.0,171.0,1000.0233764648438,-4.244101416908641,-2.952534096803608,-1.9640569361180773,0.6894252386072717,-1.3017804463100997,4.827185842353998,-0.5186074112174612,1.4811690216409763,-0.9340091827565749,-1.0753853696962403
10.0,171.0,1000.0233154296876,-4.244101267519722,-2.952534464741509,-1.964057429536748,0.6894246785573008,-1.3017816922275056,4.827185289153947,-0.5186076627041496,1.4811682675788918,-0.9340091788688012,-1.0753861932199942
10.0,171.0,1000.0235595703124,-4.244105269778003,-2.9525216524639424,-1.9640555604537924,0.6894175916020986,-1.3017979278772902,4.827201083050102,-0.5186073114338487,1.4811711384667,-0.9340002648176124,-1.0753874035458058
10.0,171.0,1000.0233764648438,-4.244098158475317,-2.952542459556748,-1.964058339017447,0.689429506388489,-1.30176901130638,4.827175533943368,-0.518607882423411,1.481166923674884,-0.934015135805188,-1.0753844814602482
10.0,171.0,1000.0234375,-4.244099916813294,-2.952540779395859,-1.964057917066644,0.6894288051741704,-1.3017716753098525,4.827177926663177,-0.5186074715480613,1.4811675972708702,-0.9340138631487608,-1.0753842679897163
10.0,171.0,1000.0234375,-4.244100079712573,-2.952539437572277,-1.9640570507376864,0.6894286954198678,-1.3017718618569551,4.827179496276226,-0.5186077934760807,1.481168838005562,-0.9340136663834552,-1.075383385899463
10.0,171.0,1000.0234375,-4.244098627304702,-2.9525429792100915,-1.964057589914392,0.6894304552810961,-1.3017670685035831,4.827174976774431,-0.5186079338878216,1.4811677917307486,-0.9340165640031062,-1.0753829276562965
10.0,171.0,1000.0233764648438,-4.244105318458234,-2.952521700196897,-1.9640559624020693,0.689417494859903,-1.301798708203148,4.827201045805438,-0.5186068431185795,1.48117061643328,-0.9339998000889116,-1.0753881883656096
10.0,171.0,1000.0233764648438,-4.244105697000482,-2.9525199769940915,-1.9640559648754063,0.68941642424085,-1.3018014764548609,4.827203150565065,-0.5186069001825873,1.4811706262422373,-0.9339983679611192,-1.0753887862352451
10.0,171.0,1000.023193359375,-4.2441006927342855,-2.95253610408264,-1.9640574223669605,0.689425757116978,-1.3017783395472629,4.827183302052143,-0.5186076624637028,1.4811682549434575,-0.9340105435237788,-1.0753854752253869
10.0,171.0,1000.0234375,-4.2440978659965705,-2.9525444703532786,-1.9640582433325704,0.689430765249444,-1.301765677988053,4.827172955096943,-0.518607898583781,1.481166979688247,-0.9340170108184064,-1.075383523440165
10.0,171.0,1000.0234375,-4.244099924498163,-2.9525382912940543,-1.9640579393674908,0.6894270806272775,-1.301775105195126,4.827180656938122,-0.5186078046340219,1.4811676476441074,-0.934012018478488,-1.0753849568351663
10.0,171.0,1000.0234985351562,-4.244103304534849,-2.9525267041875,-1.9640566938088249,0.6894201137241742,-1.3017917847879483,4.827194449165287,-0.5186073745379716,1.4811695407188417,-0.9340036882924244,-1.0753872746310749
10.0,171.0,1000.0234985351562,-4.2441038381354295,-2.952526155504179,-1.9640566067268708,0.6894201014270642,-1.3017923983034017,4.827195365709216,-0.51860704323515,1.4811695251798742,-0.9340030467687556,-1.0753874637248542
10.0,171.0,1000.0234985351562,-4.244097179547223,-2.952546218853754,-1.9640585654691745,0.6894318993484294,-1.3017635818687117,4.827171156481789,-0.5186078261329792,1.4811665212599054,-0.9340177932572856,-1.0753837520113194
10.0,171.0,1000.0233154296876,-4.244096328458544,-2.952550654041976,-1.9640586058345264,0.6894348358544367,-1.301757018945105,4.8271657151333685,-0.5186081186787455,1.4811664885865865,-0.9340216174638368,-1.0753821349614787
10.0,171.0,1000.0232543945312,-4.244098521339671,-2.9525436750737337,-1.9640574240108413,0.6894307801831987,-1.301765719358717,4.827174208181335,-0.5186081528563022,1.4811681181033365,-0.9340171523488277,-1.0753826751158044
10.0,171.0,1000.0233764648438,-4.244102602125846,-2.952533625849242,-1.964056160200779,0.6894257068256371,-1.3017802740093471,4.827186346950096,-0.5186073881857203,1.48116986936897,-0.9340099660439876,-1.075384223194848
10.0,171.0,1000.0233154296876,-4.244099902193749,-2.9525391778142924,-1.964057611435126,0.6894276804372019,-1.3017735831952484,4.827179785315025,-0.5186077954583768,1.481167920163358,-0.934013091468456,-1.0753845158140782
10.0,171.0,1000.0233764648438,-4.244102572756897,-2.9525313847428354,-1.9640566948403668,0.6894230863117432,-1.3017857105928066,4.827189121312076,-0.5186075620751147,1.4811689979982292,-0.934007288734854,-1.075386218947212
10.0,171.0,1000.0233764648438,-4.244101154630987,-2.9525356623015515,-1.9640575467005967,0.689425527784322,-1.3017793539101454,4.8271839120740605,-0.5186073309800969,1.4811678789474545,-0.9340099289712338,-1.0753857158634663
10.0,171.0,1000.0232543945312,-4.24409875073312,-2.952542399083672,-1.964057539876852,0.689430046372058,-1.3017683550030368,4.827175613666048,-0.5186080710375842,1.481167999039115,-0.9340158360353304,-1.0753834310288042
10.0,171.0,1000.0233764648438,-4.244102459435575,-2.952531038382906,-1.964056392982892,0.6894235008958365,-1.3017839271315923,4.827189368696903,-0.5186074700720154,1.4811698850323545,-0.9340074558099918,-1.075385352258552
10.0,171.0,1000.0233764648438,-4.244098796541498,-2.9525404010343133,-1.964057845755876,0.689428575382034,-1.301770936445838,4.8271781935131415,-0.5186080442661174,1.481167791336989,-0.9340140176172476,-1.0753840766318596
10.0,171.0,1000.0233154296876,-4.244100364425495,-2.952536551001561,-1.9640576147890831,0.6894262292756572,-1.3017771682443158,4.827182780193647,-0.5186077639013202,1.4811681737715654,-0.9340110409290068,-1.07538503098802
10.0,171.0,1000.0234985351562,-4.2440982250859225,-2.952543037974176,-1.964057364442488,0.6894305761164237,-1.301766213258098,4.827174853179171,-0.5186079868380364,1.4811681919655806,-0.9340165383613704,-1.075382970674803
10.0,171.0,1000.0233764648438,-4.24410410992644,-2.952525946091712,-1.9640569760769444,0.6894195273565273,-1.3017947976603113,4.827195891047726,-0.5186069729048546,1.481169052156473,-0.9340019403602966,-1.075388649814149
10.0,171.0,1000.023193359375,-4.244104406919262,-2.952523677014708,-1.9640561539785484,0.6894184282621918,-1.3017959011167823,4.827198341382042,-0.518607235984339,1.4811700683340838,-0.9340015641559364,-1.075387778822602
10.0,171.0,1000.0233764648438,-4.244100337098958,-2.952535944357371,-1.9640581570030904,0.6894252859617653,-1.3017799080752033,4.827183523656471,-0.5186073147608319,1.4811672302442354,-0.9340096392977876,-1.0753866645588532
10.0,171.0,1000.0233764648438,-4.244099260256268,-2.952538673159896,-1.964057199096592,0.6894276709602076,-1.3017727149001337,4.827179903636248,-0.5186082950739195,1.4811687142306784,-0.9340134344414492,-1.0753839630129505
10.0,171.0,1000.0234985351562,-4.244101998123489,-2.952532407925765,-1.9640565835375887,0.6894238939526414,-1.301782839058681,4.827187761440323,-0.51860761273762,1.4811693001070392,-0.93400843379613,-1.0753852969333
10.0,171.0,1000.0232543945312,-4.244102544193874,-2.952530912734102,-1.964056768638176,0.6894231276624732,-1.3017856236956589,4.827189773298953,-0.5186072594322848,1.4811694834409428,-0.9340068850461272,-1.075386221552363
10.0,171.0,1000.0234985351562,-4.244102730822151,-2.9525284725958283,-1.96405725781064,0.6894210064237676,-1.3017905273836434,4.827192522123635,-0.518607425995623,1.4811686277901217,-0.9340041041776664,-1.075387965666553
10.0,171.0,1000.0234985351562,-4.244102063753626,-2.9525329710928823,-1.9640579880888924,0.6894234513948403,-1.30178537240229,4.827187217542402,-0.5186070116662522,1.48116758519601,-0.9340067860138062,-1.0753878151400014
10.0,171.0,1000.0233764648438,-4.244102268482585,-2.952530556949669,-1.9640566321466109,0.6894224378020049,-1.3017854719057738,4.827190046205729,-0.5186077352621057,1.481169511058896,-0.934007175211776,-1.0753858462361945
10.0,171.0,1000.0232543945312,-4.244100935401272,-2.952535436360338,-1.964057284849035,0.6894255754688423,-1.301779176090077,4.82718415977528,-0.5186075918197677,1.4811685764823077,-0.9340101103384963,-1.0753854347872949
10.0,171.0,1000.0233764648438,-4.244105579192018,-2.952518812064642,-1.9640561124496445,0.6894153019472737,-1.3018040901348615,4.827204358474424,-0.5186069818140053,1.4811703930633264,-0.9339975396655033,-1.0753894576846506
10.0,171.0,1000.0234375,-4.244101338130013,-2.9525337944019188,-1.9640570847633887,0.6894248459265384,-1.3017815403683706,4.827186372858689,-0.5186075635295211,1.4811689780077772,-0.9340088299808178,-1.0753856206255286
10.0,171.0,1000.0234985351562,-4.244103367563554,-2.9525280226159785,-1.9640560852907325,0.6894216286689092,-1.3017884158617865,4.82719309977673,-0.5186073652821239,1.4811703985529947,-0.9340052927323566,-1.075386032014653
10.0,171.0,1000.0233154296876,-4.244100901073843,-2.9525341848816526,-1.96405756075178,0.6894246109757347,-1.3017815878840286,4.827185803772343,-0.5186073745352111,1.4811679439152048,-0.9340084896095604,-1.0753865150480015
10.0,171.0,1000.0233764648438,-4.244101121541666,-2.952535026772259,-1.9640565277193247,0.6894257430526292,-1.3017780308256135,4.827184786771072,-0.5186079707470057,1.481169664721338,-0.934010806240738,-1.075384183283075
10.0,172.0,1000.0233154296876,-4.244100679736005,-2.9525367439540804,-1.9640569879338177,0.6894264599284963,-1.3017765278747406,4.827182888204689,-0.5186077607577957,1.4811686644960345,-0.9340115777141946,-1.0753844756348334
10.0,172.0,1000.0233764648438,-4.244100004121371,-2.952539022635264,-1.9640576801046536,0.6894276365344512,-1.3017744587527358,4.827179683686232,-0.518607893198543,1.4811679187490745,-0.9340127814763352,-1.075384825204952
10.0,172.0,1000.0233764648438,-4.244102821415926,-2.952528250978286,-1.964057424538584,0.6894205296995661,-1.3017912563232477,4.82719282833413,-0.5186071056115438,1.4811682250001104,-0.934003712019952,-1.075388350097768
10.0,172.0,1000.0233764648438,-4.244102053310944,-2.9525303737955806,-1.9640568196504176,0.6894225635318083,-1.3017861568332283,4.827190353209787,-0.5186075328163593,1.4811693456452293,-0.9340065580121344,-1.075386261935574
10.0,172.0,1000.0234375,-4.2441002552296165,-2.9525376499378684,-1.964057031151864,0.6894273419635146,-1.3017745035213233,4.827181461074744,-0.5186079176003009,1.4811689093582148,-0.9340126509675208,-1.075383949822351
10.0,172.0,1000.0233154296876,-4.244101350332678,-2.9525350881664685,-1.964056752640232,0.6894258428504294,-1.3017796978234415,4.827184773458228,-0.5186074723963827,1.4811688511624368,-0.9340102416419818,-1.0753851196956168
10.0,172.0,1000.0232543945312,-4.244102908116374,-2.952528025773829,-1.9640569442985123,0.6894209433930136,-1.30179039901001,4.827193332572721,-0.5186073103786546,1.481169130194341,-0.9340040743355952,-1.0753874542662816
10.0,172.0,1000.0232543945312,-4.244103441408841,-2.952527163410132,-1.964056626486532,0.6894202992795861,-1.3017913665229184,4.827194207057717,-0.5186073986551101,1.4811693381925028,-0.9340039785065616,-1.0753873997033256
10.0,172.0,1000.0232543945312,-4.2441022184467885,-2.952531664955983,-1.9640571304496104,0.6894230509321098,-1.3017854597953624,4.827188817895966,-0.5186073471049744,1.481168580042736,-0.9340071854588264,-1.075386639982386
10.0,172.0,1000.0234375,-4.244101087092044,-2.9525333654325108,-1.964056852521804,0.6894244020517117,-1.301781456356335,4.827186509987996,-0.5186076834149755,1.4811690759864486,-0.9340089552838986,-1.0753855687902965
10.0,172.0,1000.0233154296876,-4.244100956536982,-2.952535704496692,-1.9640573478009484,0.689425718200706,-1.3017790382646872,4.827183994265138,-0.518607402932874,1.4811682446165957,-0.9340101645680754,-1.075385617396416
10.0,172.0,1000.0234985351562,-4.244099954126258,-2.952537990810745,-1.9640576434052373,0.6894268443329103,-1.3017755050088209,4.827181124616253,-0.5186077536483831,1.4811678689483934,-0.9340118727622828,-1.0753850349255076
10.0,172.0,1000.0233764648438,-4.244101776233112,-2.952533426656532,-1.9640569617860333,0.6894244777691831,-1.301782058981452,4.827186478805231,-0.5186076511558895,1.4811689522675795,-0.9340089386172536,-1.0753855384052184
10.0,172.0,1000.0233154296876,-4.244100350243439,-2.952538454643446,-1.9640570850621784,0.6894278452612168,-1.3017732852108916,4.827180443734115,-0.5186077198870134,1.4811686740546222,-0.9340133020625389,-1.0753838067386572
10.0,172.0,1000.0235595703124,-4.244101057970593,-2.9525362424414907,-1.9640565961700576,0.6894265771764481,-1.3017767115380714,4.827183439271495,-0.5186077671569791,1.4811693303263862,-0.9340112323227628,-1.075384275659856
10.0,172.0,1000.0233764648438,-4.244100087075576,-2.952538288433848,-1.964056929696984,0.6894277015690298,-1.3017737551396609,4.827180680067047,-0.518608074390519,1.4811690647633018,-0.9340131070280248,-1.0753836491665347
10.0,172.0,1000.0233154296876,-4.2441005457378,-2.952535324051725,-1.964057788251872,0.6894248286792575,-1.3017806776999823,4.8271841257765935,-0.5186076486114706,1.4811675790672272,-0.9340094203854205,-1.0753865370207976
10.0,172.0,1000.0234985351562,-4.244101693845693,-2.9525315046326583,-1.964057008332447,0.6894228066074835,-1.3017851368346207,4.827189044151371,-0.5186076282286383,1.4811688829712892,-0.9340068288275408,-1.0753868693072466
10.0,172.0,1000.0233764648438,-4.244101892651566,-2.9525319092297777,-1.9640573109416053,0.6894233171804736,-1.3017842246250328,4.827188600350111,-0.5186073637004496,1.481168750772155,-0.9340070860230032,-1.0753864772794648
10.0,172.0,1000.0234985351562,-4.244100224117991,-2.952536966721075,-1.96405844445139,0.6894252762478059,-1.301780074152847,4.827182254833355,-0.5186074989350979,1.481166677656094,-0.9340099125653456,-1.0753870878489895
10.0,172.0,1000.0234985351562,-4.244099867041788,-2.9525364505411096,-1.9640583391804856,0.6894250725112165,-1.3017788683021787,4.827182803397484,-0.5186077091586565,1.4811668475183095,-0.9340100384596068,-1.0753865411215662
10.0,172.0,1000.0234375,-4.2441026793361445,-2.952530067606208,-1.9640568698633043,0.6894221733575012,-1.3017877449899014,4.8271907466837085,-0.5186074308210262,1.481169054865893,-0.934006193197458,-1.0753867506481334
10.0,172.0,1000.0234375,-4.244100806119836,-2.952534650909213,-1.9640574225377343,0.6894244071065057,-1.301781371847834,4.82718493272224,-0.5186077083105509,1.481168094749802,-0.9340091985398216,-1.075386485576109
10.0,172.0,1000.0233154296876,-4.244102018941351,-2.952530576051963,-1.9640568857175724,0.6894227159904878,-1.301785210015045,4.827189976024663,-0.518607518511863,1.4811689814678548,-0.9340068419304784,-1.075386074327218
10.0,172.0,1000.0233764648438,-4.244101240418114,-2.952533130820388,-1.9640569613711465,0.6894241037211213,-1.3017817140274697,4.827186879090796,-0.5186076880694177,1.4811689032141755,-0.9340086610882334,-1.0753857055301983
10.0,172.0,1000.0233764648438,-4.244099765342314,-2.9525377266681825,-1.964058008406174,0.68942639485575,-1.301776836955015,4.827181387038449,-0.5186077654163803,1.481167235417206,-0.9340113056278234,-1.0753859348141503
10.0,172.0,1000.0233154296876,-4.244098771183711,-2.952542313660328,-1.964058024612925,0.689429759944252,-1.3017696304679731,4.827175555744695,-0.5186077718006761,1.4811674411144526,-0.9340150466524388,-1.0753842191249707
10.0,172.0,1000.0232543945312,-4.244102642720288,-2.9525305338775207,-1.964056571600692,0.6894231162825335,-1.3017851058983383,4.827190118871375,-0.5186075213135188,1.4811696206206744,-0.9340069605284178,-1.0753857967719496
10.0,172.0,1000.0233154296876,-4.2440994416951785,-2.9525403593709143,-1.9640578197219387,0.6894282091281232,-1.301771781549256,4.82717837541443,-0.5186077760590999,1.481167780887719,-0.9340137126508424,-1.0753842673121832
10.0,172.0,1000.0234375,-4.244102138467223,-2.9525319687179823,-1.964056725473637,0.6894238044407475,-1.3017833266146726,4.8271885514764445,-0.5186073387444274,1.4811694725602278,-0.9340080322884212,-1.0753855819211058
10.0,172.0,1000.0234375,-4.244100907838634,-2.9525340617513667,-1.9640575160151363,0.6894240817816382,-1.3017818276460815,4.8271857762152575,-0.5186078275092196,1.4811681344657188,-0.9340088344499192,-1.075386368832457
10.0,172.0,1000.0233764648438,-4.244100699968487,-2.9525368933421547,-1.9640569611302587,0.6894269570776217,-1.301776469616536,4.827182245476804,-0.5186077107456049,1.4811688408939316,-0.934011737066382,-1.0753843410362849
10.0,172.0,1000.0233764648438,-4.244103834804044,-2.9525276451009894,-1.964055709216508,0.6894216542352947,-1.301789152890077,4.827193897462077,-0.518607449006022,1.4811706265042046,-0.9340052463876772,-1.0753857477143338
10.0,172.0,1000.0233154296876,-4.244098841636108,-2.952540555196514,-1.964057893561008,0.6894282026457681,-1.3017720971379347,4.827177685289627,-0.518608073966865,1.481167442376602,-0.9340140677815292,-1.0753846044850652
10.0,172.0,1000.0234985351562,-4.244104155564731,-2.952524788432442,-1.9640566300886089,0.6894186179920023,-1.3017954727846055,4.827197195285375,-0.5186070896083219,1.4811694218433669,-0.9340017262178604,-1.0753883882098585
10.0,172.0,1000.0233154296876,-4.244101895201078,-2.9525337039320254,-1.9640566070348744,0.689424932717138,-1.3017806812184531,4.8271863196304245,-0.518607703771484,1.481169496435122,-0.934009496959514,-1.07538486444592
10.0,172.0,1000.0234375,-4.244100715882288,-2.9525356256678843,-1.964056383709449,0.6894263815179515,-1.3017769937561194,4.827183727785014,-0.5186079266876362,1.4811696679577349,-0.93401141501998,-1.0753840818127751
10.0,172.0,1000.0234375,-4.2441028652186334,-2.952529967167625,-1.964056288872144,0.6894224956414714,-1.3017863156535152,4.827191086376748,-0.5186073420403208,1.4811697452884331,-0.9340065245833298,-1.0753859354949131
10.0,172.0,1000.0235595703124,-4.244100888294447,-2.952535339076043,-1.9640577655648344,0.6894249438441289,-1.301780712228247,4.827184394162016,-0.5186075642717798,1.481167908455788,-0.9340097063195838,-1.0753864353073834
10.0,172.0,1000.0233764648438,-4.244099286234488,-2.952542083616135,-1.9640574770937187,0.6894299787530569,-1.3017691763357138,4.827176170069352,-0.5186077649928338,1.4811679473222608,-0.934015473039584,-1.075383468105635
10.0,172.0,1000.0234375,-4.244102324664107,-2.9525301049324755,-1.9640564511223184,0.689422618710922,-1.301785967236515,4.827190666388008,-0.5186073535659164,1.4811695660894095,-0.9340065380242004,-1.0753862734110102
10.0,172.0,1000.0235595703124,-4.2441037174724965,-2.9525250083794,-1.9640569507670584,0.6894184511084003,-1.3017955883708447,4.827196781710816,-0.5186072778975443,1.4811689488085422,-0.934001960013056,-1.0753886156729688
10.0,172.0,1000.0232543945312,-4.2440972304029305,-2.9525477961308537,-1.9640580623575463,0.6894333142711186,-1.3017606073073216,4.827169049801547,-0.5186081501683057,1.4811671417897232,-0.9340197797149176,-1.075382401929212
10.0,172.0,1000.0234375,-4.244099017938396,-2.952543400651329,-1.9640568183815112,0.6894315527313992,-1.3017654186101737,4.827174529064379,-0.5186078441627586,1.4811688919040442,-0.934017305371099,-1.0753819116925372
10.0,172.0,1000.0234375,-4.244100896168806,-2.9525333195174177,-1.964057817281999,0.6894238276432443,-1.3017830153902317,4.827186548248221,-0.5186073160929894,1.4811677579227824,-0.9340076516382309,-1.0753870274614896
10.0,172.0,1000.0233764648438,-4.244100310511144,-2.952537492411846,-1.964058371197325,0.6894260154110743,-1.3017775314850368,4.827181600110334,-0.5186074108984648,1.48116679774847,-0.9340106663590184,-1.0753861272082998
10.0,172.0,1000.0234375,-4.244099749021195,-2.95253765261362,-1.9640576218123675,0.6894269048360568,-1.30177456073238,4.827181375678807,-0.5186080271704077,1.4811684047263132,-0.9340120061780892,-1.0753845818781749
10.0,172.0,1000.0233154296876,-4.244101742315741,-2.9525326084360533,-1.9640570203675567,0.689423581611881,-1.3017837339264036,4.827187598632047,-0.5186076471567702,1.4811686036023186,-0.9340081773356684,-1.0753861125813802
10.0,172.0,1000.0232543945312,-4.244100972639592,-2.9525355838749205,-1.9640574995837643,0.68942542175109,-1.3017797238440236,4.827183900873372,-0.5186076270364248,1.4811680840271455,-0.9340101769176252,-1.0753857926193482
10.0,172.0,1000.0234375,-4.244097956080692,-2.952543992898814,-1.9640580304703912,0.6894308515210259,-1.3017663065051148,4.827173716890536,-0.5186081640966762,1.4811676469413868,-0.9340166349201376,-1.0753835033900343
10.0,173.0,1000.0233154296876,-4.244099346809286,-2.952540422794943,-1.96405802906009,0.6894283672179569,-1.301772793517031,4.82717797522016,-0.5186076217366082,1.4811672312692368,-0.934013474812038,-1.075385016545794
10.0,173.0,1000.0233154296876,-4.244103150455271,-2.9525288361668656,-1.964056735681732,0.6894216677262204,-1.301788702286546,4.82719228771626,-0.5186072686546286,1.4811691120793586,-0.934005352599698,-1.0753867571563602
10.0,173.0,1000.0233764648438,-4.244101785576978,-2.952532562076718,-1.964057347820472,0.6894233130395673,-1.301784883683239,4.827187626031838,-0.5186075130063337,1.481168259394141,-0.9340076060856024,-1.07538685741484
10.0,173.0,1000.0234375,-4.244099944168709,-2.952538208821024,-1.964057342660244,0.6894272685416105,-1.3017745663625415,4.827180615349604,-0.5186078755308641,1.4811683475593114,-0.9340127022703584,-1.0753845036917076
10.0,173.0,1000.0233764648438,-4.244101714506536,-2.9525331268563564,-1.964056351710946,0.6894249909596937,-1.301780408427522,4.827186843379749,-0.5186076958914958,1.4811699182287956,-0.9340094453410376,-1.075384610879352
10.0,173.0,1000.0233154296876,-4.244100100815249,-2.9525386527802806,-1.9640574499475123,0.6894273550434136,-1.3017749119508588,4.827180430339599,-0.5186076258642505,1.4811678908286483,-0.934012532410578,-1.07538493088457
10.0,173.0,1000.0233764648438,-4.244103655108265,-2.952525692827899,-1.9640562521694835,0.6894199575362947,-1.3017924539017267,4.827195893248362,-0.5186074049110747,1.4811701826324892,-0.934003331478551,-1.0753869868241632
10.0,173.0,1000.0234375,-4.244105059695669,-2.952522852771452,-1.9640557896010629,0.6894182746332813,-1.3017972624277665,4.827199754507568,-0.5186072634070555,1.4811707409816863,-0.934000895793286,-1.0753877205599016
10.0,173.0,1000.0234375,-4.2441011511348,-2.9525348818381456,-1.9640574017670689,0.6894248236313016,-1.301780550576917,4.827184914032252,-0.5186074857796354,1.4811679082620808,-0.9340097057761813,-1.075385746965687
10.0,173.0,1000.0233764648438,-4.244102778072003,-2.952529570998914,-1.9640561791101483,0.6894225670893226,-1.3017859870754362,4.82719137984696,-0.518607530165939,1.4811699628279973,-0.934006615072506,-1.0753856001243711
10.0,173.0,1000.0232543945312,-4.244102449801956,-2.952531980786916,-1.9640566359883376,0.6894237527258866,-1.3017840939484344,4.827188554348618,-0.5186074624333301,1.481169264716712,-0.9340080072876598,-1.0753856043449153
10.0,173.0,1000.0233764648438,-4.244100959969479,-2.95253659596927,-1.964056678769301,0.6894268082173207,-1.3017763262441289,4.827183007916933,-0.5186079086711928,1.4811690353761158,-0.9340117371936856,-1.075384059000966
10.0,173.0,1000.0233154296876,-4.244101734528122,-2.9525317413749224,-1.9640566174673508,0.6894235866715608,-1.3017827226519891,4.827188719660436,-0.5186078371946632,1.4811696255934823,-0.9340079715826652,-1.0753853940704348
10.0,173.0,1000.0233154296876,-4.24410058124527,-2.9525363352373586,-1.9640574629736776,0.68942587455542,-1.3017777334501268,4.827183263879505,-0.5186077425301665,1.481168270050795,-0.9340107376861652,-1.0753852980279317
10.0,173.0,1000.0234375,-4.244099131136982,-2.9525400712807897,-1.9640586149677648,0.6894272003315951,-1.301774431313933,4.827178454103997,-0.5186078864546637,1.481166552038502,-0.9340126385664274,-1.075385876258772
10.0,173.0,1000.0233764648438,-4.2441012138514935,-2.952535196868245,-1.9640573096055955,0.6894254047443651,-1.3017796546898133,4.827184379142755,-0.518607660975805,1.4811683807618783,-0.9340101595988752,-1.0753852630333247
10.0,173.0,1000.0234985351562,-4.244102448251832,-2.9525305262638293,-1.9640574845196808,0.689422022975867,-1.3017883323878214,4.827190186651256,-0.5186071333641573,1.4811681402307064,-0.9340056650447126,-1.0753878032484074
10.0,173.0,1000.0234375,-4.2441012714472,-2.9525332821308616,-1.964057054019814,0.6894241448156411,-1.3017822653290985,4.827186753880866,-0.5186078198026776,1.481168741693402,-0.934008644688932,-1.0753858380992023
10.0,173.0,1000.0232543945312,-4.244101871998862,-2.9525329465078816,-1.9640567030434952,0.6894242591991242,-1.3017820060642389,4.827187297500355,-0.518607621559176,1.4811691623084622,-0.9340087766272962,-1.0753853467867542
10.0,173.0,1000.0234375,-4.244101070729349,-2.9525343457016784,-1.964056749967336,0.6894250278993255,-1.3017799842017697,4.827185449960144,-0.518607921026077,1.4811690049094697,-0.9340099022799332,-1.0753850961858342
10.0,173.0,1000.0233764648438,-4.244100926873113,-2.9525359778755687,-1.964057218604199,0.6894260808805042,-1.3017785281012788,4.8271835400461605,-0.5186074363482556,1.481168278374688,-0.9340105371538244,-1.0753854461128438
10.0,173.0,1000.0233764648438,-4.2441022939317055,-2.952530379548475,-1.9640567423259656,0.6894225830973504,-1.3017860515400723,4.827190400237701,-0.5186075731000352,1.4811692941076444,-0.9340063204799104,-1.0753863688524272
10.0,173.0,1000.0233154296876,-4.244099631718541,-2.952539043424744,-1.964057781616606,0.6894278240457163,-1.3017738611299785,4.827179859619523,-0.5186075375551109,1.481167837890042,-0.9340125301787836,-1.0753847634227238
10.0,173.0,1000.0233154296876,-4.244100470239775,-2.952535836660096,-1.9640573024074743,0.6894257342404195,-1.3017781502294792,4.827183723123461,-0.518607748851875,1.481168420653867,-0.9340106876221554,-1.0753851804753367
10.0,173.0,1000.0232543945312,-4.244102655454334,-2.952529915361892,-1.9640563291488569,0.6894223936134125,-1.3017861684217469,4.827190932606186,-0.5186075667244303,1.4811698055299596,-0.9340066096504892,-1.0753858773182126
10.0,173.0,1000.0232543945312,-4.244098390653354,-2.952544449076056,-1.9640582428182096,0.6894306924813707,-1.3017668428393403,4.827173314076276,-0.5186078776210277,1.4811667703047,-0.9340168372327496,-1.075383729727673
10.0,173.0,1000.0234375,-4.244099841959901,-2.95253834718024,-1.964057253091937,0.6894275850124485,-1.301774200031609,4.82718056800646,-0.5186077108708895,1.4811683726453868,-0.9340127338255249,-1.075384464093629
10.0,173.0,1000.0233154296876,-4.244101492852121,-2.952533137712446,-1.9640570576484129,0.6894240071655844,-1.3017828544326466,4.827186928094244,-0.5186074647182011,1.4811683661446455,-0.9340084016260056,-1.0753861078094975
10.0,173.0,1000.0234985351562,-4.244102256402328,-2.95253207761036,-1.9640565755678447,0.6894238941663398,-1.301783270638662,4.827188277604991,-0.51860763399152,1.4811695281610042,-0.9340081224626058,-1.0753854683847268
10.0,173.0,1000.0232543945312,-4.244100847501106,-2.9525358902150387,-1.9640575147363664,0.6894255501635396,-1.3017788841592148,4.827183499617107,-0.5186075046369005,1.4811680360080324,-0.9340103325038926,-1.0753856252130791
10.0,173.0,1000.0234375,-4.2440972283596645,-2.952546961039551,-1.9640584188320955,0.6894322779489812,-1.3017631170938886,4.827170099348615,-0.5186079669686059,1.481166381040393,-0.9340185385683676,-1.075383567312627
10.0,173.0,1000.0234375,-4.244097396925692,-2.952547248486171,-1.9640579196315169,0.6894330629723999,-1.3017611737996604,4.827169800854898,-0.5186081006016598,1.4811673422765417,-0.9340195110576106,-1.0753822703858162
10.0,173.0,1000.0232543945312,-4.244099353533638,-2.952540281270946,-1.964058285929904,0.6894280660251839,-1.3017726371061649,4.827178239151191,-0.5186075931197216,1.4811670226811875,-0.9340131801059064,-1.0753850792050756
10.0,173.0,1000.0233764648438,-4.244100327057943,-2.952537464549089,-1.9640572255332724,0.6894269946561593,-1.3017759496837544,4.827181765513005,-0.5186077796300443,1.4811684609660345,-0.9340118536955062,-1.0753846886331964
10.0,173.0,1000.0232543945312,-4.244101708564748,-2.9525341032670296,-1.964056488863139,0.6894251530823041,-1.3017794793442676,4.827185841184495,-0.5186078504796923,1.4811695781335017,-0.9340102171930696,-1.0753844154669174
10.0,173.0,1000.0234375,-4.244099247651704,-2.952539568645346,-1.9640581046949883,0.6894276637366641,-1.3017737863227556,4.827178996780738,-0.5186077931854784,1.481167189947188,-0.9340126769076482,-1.0753852230351462
10.0,173.0,1000.0233764648438,-4.244103674897351,-2.952527049976264,-1.9640567337601864,0.6894205518737548,-1.3017922325217413,4.827194369465204,-0.5186070889609988,1.481169191683282,-0.9340034720463706,-1.075387695142347
10.0,173.0,1000.0233154296876,-4.244102309415164,-2.9525311929585825,-1.9640567570604044,0.6894229439853641,-1.301785376094661,4.827189240177267,-0.5186075064290776,1.481169006260732,-0.9340070991610948,-1.0753862333869035
10.0,173.0,1000.0232543945312,-4.24410194992282,-2.9525310084887044,-1.964057497829839,0.6894225386086763,-1.301786422485001,4.827189632377312,-0.5186071843467301,1.481168283330513,-0.9340060744421788,-1.0753872661825885
10.0,173.0,1000.0233154296876,-4.244099543557732,-2.9525408588799844,-1.9640578237153845,0.6894286183478968,-1.301772341814354,4.827177482242735,-0.5186075625386106,1.481167274755406,-0.9340141379235618,-1.075384767604346
10.0,173.0,1000.0233764648438,-4.244101561999683,-2.952534431367468,-1.964056718312536,0.6894254853818023,-1.3017796899056333,4.827185324515524,-0.5186076053769151,1.4811691752594571,-0.934010127667194,-1.075384848065588
10.0,173.0,1000.0233764648438,-4.244100197279356,-2.9525368346793552,-1.964057329988794,0.6894265965949433,-1.3017762354192564,4.827182366798565,-0.5186078468950353,1.481168291346053,-0.9340114419984022,-1.0753847715056928
10.0,173.0,1000.0232543945312,-4.244101412701976,-2.9525347038441203,-1.964057505737121,0.6894249236860333,-1.30178111599772,4.8271850742569455,-0.518607340059372,1.4811680666558529,-0.9340091864846176,-1.075386094320166
10.0,173.0,1000.0233764648438,-4.244100173534055,-2.95253673742143,-1.964057655281533,0.6894261378617648,-1.3017772170145574,4.827182405340304,-0.518607638689307,1.4811680863793413,-0.9340109641517866,-1.0753855281710671
10.0,173.0,1000.0232543945312,-4.244101789551098,-2.952532749197232,-1.9640568743279103,0.6894241182517842,-1.3017827757323328,4.827187669575174,-0.5186075369459022,1.4811692581223292,-0.9340083305659804,-1.075385722318397
10.0,173.0,1000.0233764648438,-4.244103502168072,-2.9525270382901168,-1.964056246690177,0.6894207453676824,-1.3017913660868228,4.827194455565644,-0.5186073818404253,1.4811699792386266,-0.9340040727643002,-1.0753869176013038
10.0,173.0,1000.0233154296876,-4.244102002967828,-2.9525305664736665,-1.9640576195906,0.6894217911270015,-1.3017873527849226,4.827189943979407,-0.5186073904214545,1.4811679540221334,-0.9340058389465024,-1.0753874561828658
10.0,173.0,1000.0233154296876,-4.244100290982527,-2.952537788271245,-1.9640569351614665,0.6894274519546641,-1.3017747738065744,4.8271812117473605,-0.518607873267122,1.481168823039711,-0.9340127378259496,-1.0753842028282683
10.0,173.0,1000.0232543945312,-4.244102014916924,-2.9525323223299407,-1.9640570463659053,0.6894234845006908,-1.3017846405730067,4.827188169337417,-0.5186074088110386,1.4811687101390456,-0.934007560026199,-1.0753865791215542
10.0,173.0,1000.0233154296876,-4.24410002650747,-2.9525400756053144,-1.9640575028539224,0.6894284269676207,-1.3017726190212398,4.827178665599844,-0.5186077599267334,1.481167921144177,-0.934013769472414,-1.075384026325334
10.0,174.0,1000.0232543945312,-4.244099898586219,-2.952539423760494,-1.96405719187746,0.6894279789541891,-1.3017726259408229,4.827179343571984,-0.5186080662083716,1.48116857024454,-0.9340137356697796,-1.075383818856804
10.0,174.0,1000.0233154296876,-4.244099731222192,-2.952539060799078,-1.964058137600877,0.6894273590074773,-1.301774816402093,4.827179734553782,-0.518607642712837,1.4811672287386042,-0.9340122626931464,-1.075385256211872
10.0,174.0,1000.0233764648438,-4.244101674445798,-2.952533452747838,-1.9640570867031268,0.6894245399110233,-1.3017819548382334,4.827186576477475,-0.5186074269167023,1.4811687593955654,-0.9340086548101292,-1.075385742951496
10.0,174.0,1000.0233764648438,-4.244098450465394,-2.952543510901182,-1.964057721020211,0.689430297489495,-1.301766787797206,4.82717428527517,-0.51860801559683,1.4811675503520867,-0.9340168635891244,-1.075383188329914
10.0,174.0,1000.0233764648438,-4.244103335243418,-2.9525271605295336,-1.9640568702625112,0.6894201609970088,-1.3017917831105046,4.827194254756101,-0.5186072943850792,1.4811690977323266,-0.934003781636755,-1.0753876628173211
10.0,174.0,1000.0235595703124,-4.244098484334653,-2.9525428490405696,-1.9640578911937048,0.6894296279543779,-1.3017680135397574,4.827174847146468,-0.5186081068367105,1.481167393779029,-0.934016053052642,-1.075383635887854
10.0,174.0,1000.0233764648438,-4.244100509417363,-2.9525362749421014,-1.96405775468754,0.6894256034554838,-1.3017788513538608,4.827183165568311,-0.51860731968703,1.481167373901112,-0.9340103641466202,-1.075386034811539
10.0,174.0,1000.0234375,-4.244100362721193,-2.952537949643101,-1.9640574718787016,0.6894269554543033,-1.3017761708777669,4.827181185854833,-0.5186075142132065,1.4811677322305794,-0.934011919070766,-1.0753853136571982
10.0,174.0,1000.0233154296876,-4.24410036779274,-2.952536932745956,-1.96405800542197,0.6894257846265761,-1.3017785348267743,4.827182428632945,-0.5186074500057352,1.481167302029668,-0.9340106056427206,-1.075385997369832
10.0,174.0,1000.0233764648438,-4.244104381101658,-2.952524173515932,-1.964056181817762,0.6894187625942276,-1.301795508315986,4.82719803298226,-0.5186071663067136,1.4811701010083267,-0.9340017361552642,-1.0753877798072038
10.0,174.0,1000.0233764648438,-4.244101143048922,-2.952534917337355,-1.964057450670222,0.689424749548059,-1.301780900146948,4.827184912163236,-0.5186075113453681,1.4811680732175176,-0.9340094423142268,-1.075386040154671
10.0,174.0,1000.0233764648438,-4.244101272083303,-2.9525349895092807,-1.9640575207964035,0.6894252631959983,-1.3017803773812875,4.827184714205512,-0.5186072711342362,1.4811680853707845,-0.9340094477938043,-1.0753859567457065
10.0,174.0,1000.0234375,-4.244102052696759,-2.952533619300125,-1.964056179772572,0.6894252206391762,-1.3017802289233704,4.827186448128474,-0.5186076744755299,1.4811698852176578,-0.9340099214290224,-1.0753843738731683
10.0,174.0,1000.0233764648438,-4.244100584682121,-2.952536793439473,-1.9640571327818828,0.6894264212616363,-1.301777100444505,4.827182649085916,-0.5186075916524819,1.481168362831796,-0.9340115620008992,-1.0753849264595776
10.0,174.0,1000.0233154296876,-4.244098442446646,-2.9525432394174627,-1.9640584742957303,0.6894296145033874,-1.3017690508429165,4.827174727609737,-0.5186078326105958,1.4811667070233625,-0.9340154131438112,-1.0753845955330594
10.0,174.0,1000.0234375,-4.244103161677325,-2.9525287405972245,-1.964056621037125,0.689421679458448,-1.3017893231365143,4.827192572347453,-0.5186071527300253,1.481169400289608,-0.9340050138207214,-1.0753869297406005
10.0,174.0,1000.0234375,-4.244099076762817,-2.952541429594801,-1.9640574203958328,0.6894293762016552,-1.3017700315021434,4.827176766975832,-0.5186079232212535,1.481168106945418,-0.9340151551369608,-1.07538371087528
10.0,174.0,1000.0233154296876,-4.24409947676281,-2.9525408152696224,-1.9640574756743403,0.6894287132409431,-1.301771300869108,4.827177492864637,-0.5186079734105222,1.4811679710751164,-0.9340144501850034,-1.0753840396300962
10.0,174.0,1000.0234375,-4.24410080780422,-2.952534113023225,-1.964057863593029,0.689424067779826,-1.3017822119323652,4.827185805466527,-0.5186075027710002,1.4811677266424494,-0.9340083921645644,-1.0753867819443763
10.0,174.0,1000.0233764648438,-4.244104144282413,-2.952523515415552,-1.9640562618556727,0.689418139586242,-1.301796999353206,4.827198688166966,-0.5186073047872339,1.481169814329978,-0.934001140777065,-1.0753882819764615
10.0,174.0,1000.0233154296876,-4.24409946511172,-2.9525394688155697,-1.964058561718396,0.6894270669828835,-1.30177520169471,4.827179355398725,-0.5186075690319676,1.4811664932885558,-0.9340120965212916,-1.075385973083871
10.0,174.0,1000.0233764648438,-4.244102287463176,-2.9525313172065686,-1.964056914340464,0.689423019383149,-1.301785296015241,4.827189337468509,-0.5186072880619115,1.4811690274433156,-0.9340070907885982,-1.0753863962074512
10.0,174.0,1000.0233154296876,-4.244102671872286,-2.952528443438143,-1.9640575728679897,0.6894203063124538,-1.3017909824070677,4.827192639182101,-0.5186072472351686,1.4811680554302145,-0.9340038933561948,-1.0753882770145702
10.0,174.0,1000.0233154296876,-4.244100908784385,-2.952535219271185,-1.9640577312550005,0.6894246605592782,-1.3017811538227306,4.827184497876335,-0.5186075774446444,1.4811677264946592,-0.9340093537336172,-1.0753864312058026
10.0,174.0,1000.0233764648438,-4.244098818019454,-2.952540832801546,-1.964058695176727,0.6894279540128103,-1.301772866880663,4.827177554339112,-0.5186075956168645,1.4811664419534658,-0.9340129966891704,-1.0753858460334524
10.0,174.0,1000.0233764648438,-4.244099444180938,-2.952539015516829,-1.964057817926528,0.6894270247125691,-1.3017747012415768,4.827179831250284,-0.5186078545729602,1.4811672417021864,-0.934012776640742,-1.0753850457459606
10.0,174.0,1000.0233154296876,-4.244103174901228,-2.9525268765281414,-1.964056954442869,0.6894198484028182,-1.3017919449057418,4.827194501380088,-0.5186073682934929,1.481168975395626,-0.9340034798493608,-1.0753878504553471
10.0,174.0,1000.0232543945312,-4.244101561627334,-2.952533364327473,-1.964056854136253,0.689424752516997,-1.301781287632812,4.8271866507564525,-0.5186074317041776,1.4811690713117065,-0.9340090766692342,-1.075385413527432
10.0,174.0,1000.0233764648438,-4.244101280918211,-2.952534608891772,-1.964057430609324,0.6894248762245789,-1.3017806632080138,4.827185152131538,-0.5186073463154868,1.4811681880610514,-0.9340091760463842,-1.0753858927189324
10.0,174.0,1000.0233764648438,-4.2441055472545335,-2.952520319774356,-1.964056759712976,0.6894159823938795,-1.3018029580984871,4.827202708744837,-0.5186065818454892,1.481169525851561,-0.9339975086854616,-1.0753901688480996
10.0,174.0,1000.023193359375,-4.244099223452558,-2.952542052536712,-1.9640577967381287,0.689429483742118,-1.3017693032670188,4.827176111178176,-0.518607847935483,1.4811676272604617,-0.9340154590845478,-1.0753836138832336
10.0,174.0,1000.0233154296876,-4.24410100382861,-2.95253559910684,-1.9640571638046465,0.6894254710619183,-1.3017793936760076,4.827184142642503,-0.5186075221483915,1.4811683460044769,-0.9340103812883712,-1.0753855011954667
10.0,174.0,1000.023193359375,-4.2441025104302215,-2.952530292733215,-1.9640569490593585,0.6894223282329248,-1.301786872352376,4.827190417708641,-0.5186073962549944,1.4811690444577454,-0.9340062545251744,-1.0753866259466136
10.0,174.0,1000.0232543945312,-4.244100070476916,-2.9525377207325136,-1.964057843320966,0.6894264280549773,-1.3017769367593996,4.82718129837717,-0.5186075864166719,1.481167337975327,-0.9340115835328238,-1.0753857340211987
10.0,174.0,1000.0233154296876,-4.244099241868764,-2.9525410600752653,-1.964057920058238,0.6894290081505083,-1.3017716911022763,4.8271773330321786,-0.5186075403536101,1.4811674882920958,-0.9340140155784092,-1.0753847195434596
10.0,174.0,1000.0233154296876,-4.244101606852848,-2.9525342966290133,-1.964056861914964,0.689425104662468,-1.3017804620242988,4.827185627894044,-0.5186073919291614,1.4811689749255734,-0.9340095029177808,-1.075385306358548
10.0,174.0,1000.0234375,-4.244101566903659,-2.952533178880519,-1.9640569138084043,0.689424331395192,-1.3017821715031035,4.827187040273095,-0.5186074472608926,1.4811691409039511,-0.9340085451380568,-1.0753858111600478
10.0,174.0,1000.0233764648438,-4.244103834279044,-2.95252506980861,-1.9640566359385223,0.6894191445257754,-1.30179486406215,4.827196940263045,-0.51860710495124,1.4811695433561545,-0.934001882888432,-1.075388268105189
10.0,174.0,1000.0233154296876,-4.244101682744699,-2.9525347708063023,-1.9640565208236345,0.6894257771517163,-1.3017786928870114,4.827185082090784,-0.5186077174262875,1.481169490450406,-0.9340105713209326,-1.0753841678008942
10.0,174.0,1000.0232543945312,-4.244101547849821,-2.9525339048886683,-1.9640568121227453,0.6894248736434143,-1.3017806284532316,4.827186139048376,-0.5186074952165933,1.4811689613203507,-0.934009627277394,-1.075385124000292
10.0,174.0,1000.0232543945312,-4.244102976482268,-2.952529716096128,-1.9640564808104632,0.6894221899736177,-1.3017877404480749,4.827191256564932,-0.5186072848290735,1.481169305111134,-0.9340061577303952,-1.0753864389915853
10.0,174.0,1000.0234375,-4.244101752075827,-2.952534366967636,-1.9640565977063813,0.6894252338632629,-1.3017800880162138,4.827185690696577,-0.5186075098621048,1.481169173997305,-0.9340097687679112,-1.0753848881866013
10.0,174.0,1000.0232543945312,-4.244100460639032,-2.952537346422755,-1.964057618331923,0.6894264725119195,-1.3017765115125002,4.827181921628469,-0.5186075861015187,1.4811679697439306,-0.9340115450273094,-1.0753850729953656
10.0,174.0,1000.0233764648438,-4.244100406914036,-2.9525382641863045,-1.9640579756411525,0.6894269942866931,-1.3017764551203994,4.8271808060962265,-0.5186072838777198,1.48116720879373,-0.9340116535600343,-1.075385676755667
10.0,174.0,1000.0232543945312,-4.244102901755965,-2.9525285274851063,-1.964056535476375,0.6894213509963318,-1.3017890278395057,4.827192717278649,-0.5186073481948572,1.4811694683431265,-0.9340050248496006,-1.0753868149123584
10.0,174.0,1000.0233154296876,-4.244100358523706,-2.9525373871369287,-1.9640575536362863,0.6894267248616419,-1.3017761536715438,4.827182010516259,-0.5186075268904986,1.4811680884857488,-0.9340114712656488,-1.075385092367647
10.0,174.0,1000.0233154296876,-4.244102277107792,-2.952530641302841,-1.9640570359945824,0.6894224434709164,-1.3017864859795636,4.827190053234203,-0.5186073666873607,1.4811690262798385,-0.9340063425034196,-1.0753867254325815
10.0,174.0,1000.0232543945312,-4.244102263686078,-2.95253116750108,-1.9640566461973656,0.6894232440280179,-1.3017854812713496,4.827189444663668,-0.5186073861439047,1.4811691767866133,-0.9340070518367902,-1.0753864260957702
10.0,174.0,1000.0234985351562,-4.244098769860856,-2.9525419081497293,-1.9640587433412613,0.6894286589942764,-1.3017715400468202,4.82717628782942,-0.5186074564969392,1.481166245691382,-0.9340138157233238,-1.075385535813136
10.0,174.0,1000.0234375,-4.24410222086077,-2.9525318178170505,-1.9640571628605952,0.6894230414209659,-1.3017849165486366,4.82718890175806,-0.5186073917869649,1.4811686350343347,-0.9340070172309004,-1.0753863461665327
10.0,175.0,1000.0232543945312,-4.24409950610345,-2.952540511073056,-1.9640574391843184,0.6894286378617034,-1.3017713997872908,4.827178087258496,-0.5186077815039152,1.4811678140490605,-0.934014554430135,-1.0753838580218806
10.0,175.0,1000.0232543945312,-4.244103251122676,-2.9525272816734685,-1.9640564932188824,0.6894205784210445,-1.3017908718770883,4.827194187088541,-0.5186072930201666,1.4811695484734475,-0.9340041732641352,-1.0753870963190255
10.0,175.0,1000.0233764648438,-4.2441013698103545,-2.952533953480535,-1.964057233121062,0.6894245113952522,-1.3017810249030075,4.827186074272658,-0.5186075177559344,1.481168412087854,-0.93400912193332,-1.075385754189397
10.0,175.0,1000.0234985351562,-4.24409793735518,-2.9525454378832023,-1.9640584753359795,0.6894313177250799,-1.3017655635873062,4.827172038377372,-0.5186077526100759,1.4811665790774793,-0.9340172575315284,-1.0753838067932224
10.0,175.0,1000.0232543945312,-4.244102254723403,-2.9525310635845816,-1.9640568486079664,0.6894227952109393,-1.3017853370281809,4.8271895887771805,-0.5186075294799206,1.4811692120363285,-0.9340070653590162,-1.075386095214279
10.0,175.0,1000.0234375,-4.244099100882121,-2.952542395818357,-1.964057662604194,0.6894297372157414,-1.3017693422515682,4.827175748679371,-0.5186076934106829,1.481167512486712,-0.9340157202604696,-1.0753836968098902
10.0,175.0,1000.0234985351562,-4.24410168512687,-2.952531953714471,-1.964057542954784,0.6894229219416745,-1.3017856322341812,4.827188166369762,-0.5186073044940285,1.4811680307906938,-0.934006836520174,-1.075387237422694
10.0,175.0,1000.0232543945312,-4.244100855149568,-2.9525357628775515,-1.9640568542426404,0.6894260483277703,-1.301778302312398,4.827183751253267,-0.5186075625787341,1.4811687660649886,-0.9340108225941924,-1.0753848866479974
10.0,175.0,1000.0233764648438,-4.244103155353034,-2.952530109179901,-1.9640562750444903,0.6894225868941124,-1.3017864953671787,4.827190774479854,-0.5186075172773545,1.4811696750845211,-0.9340070156377562,-1.0753857355233665
10.0,175.0,1000.0232543945312,-4.244100808643497,-2.952536083625715,-1.9640572083980592,0.6894256607650115,-1.301777760833903,4.827183322532132,-0.5186078859807486,1.4811683816937746,-0.9340112043593188,-1.0753849850451669
10.0,175.0,1000.0234375,-4.244102016734361,-2.952532564062737,-1.964057156348184,0.6894236891967251,-1.3017837589028995,4.827187840230231,-0.5186072887474351,1.4811688152827376,-0.9340077754592464,-1.075386243385683
10.0,175.0,1000.0233764648438,-4.24409964041504,-2.9525402863261183,-1.96405721549639,0.6894287521228648,-1.3017710545539822,4.827178482759052,-0.5186078432171817,1.481168383748611,-0.9340145142410688,-1.0753835104555014
10.0,175.0,1000.0234375,-4.24410104889883,-2.952534890412948,-1.964057498310642,0.6894246650324698,-1.3017814686828597,4.827184746285072,-0.5186075216485895,1.4811677739130715,-0.9340093303540992,-1.0753864792604642
10.0,175.0,1000.0233154296876,-4.244099486667161,-2.9525385984454284,-1.964058403632272,0.689426841577947,-1.3017761693125456,4.827180246611547,-0.5186074924723902,1.481166811931795,-0.9340115940941454,-1.075386101512695
10.0,175.0,1000.0233764648438,-4.24410021155821,-2.952538184837273,-1.9640570085997688,0.6894275405846386,-1.3017743326390194,4.827180940155486,-0.518607684925664,1.481168459474728,-0.9340129478617624,-1.0753839769775275
10.0,175.0,1000.0233154296876,-4.244102828642098,-2.952530402299096,-1.964056703991614,0.6894227469989946,-1.3017861520332956,4.827190605852989,-0.5186073643647164,1.4811694808779352,-0.9340066516370662,-1.0753860472673828
10.0,175.0,1000.0233154296876,-4.244098322319195,-2.952544371973153,-1.964058777837682,0.6894303335495202,-1.3017673864691286,4.82717327184255,-0.5186075557007772,1.4811662285234162,-0.9340160583204078,-1.075384412186691
10.0,175.0,1000.0234375,-4.244101022973769,-2.9525348511962664,-1.9640578284072725,0.6894245804319388,-1.3017813792157322,4.827184859971982,-0.5186074666156486,1.4811676773606326,-0.9340091821179416,-1.0753864638934374
10.0,175.0,1000.0232543945312,-4.244098285585036,-2.952544386262061,-1.964058173188321,0.6894306546565154,-1.3017667454038673,4.827173395969204,-0.5186078371854785,1.481166767853825,-0.9340167585785116,-1.0753838566290144
10.0,175.0,1000.0233764648438,-4.244100645960557,-2.9525362387628475,-1.9640575045486488,0.6894260081211989,-1.3017786021675422,4.827183341051303,-0.5186074636220868,1.481167875984978,-0.9340105978485632,-1.0753855204322385
10.0,175.0,1000.0234985351562,-4.244099213292802,-2.952542620995762,-1.96405680718358,0.689430601365074,-1.3017671939530495,4.827175475886117,-0.5186083209756331,1.4811689398584882,-0.9340169097690624,-1.0753823731362666
10.0,175.0,1000.0233764648438,-4.244101614915253,-2.9525339000687283,-1.9640568041723383,0.6894247199805514,-1.3017811618820745,4.8271862615095085,-0.5186076448054608,1.4811687887374705,-0.9340094363464616,-1.0753852705287272
10.0,175.0,1000.0233154296876,-4.244100546138732,-2.9525374861163494,-1.9640573603806004,0.6894269102464099,-1.3017755803914968,4.827181606647894,-0.5186076541129117,1.4811684437483974,-0.9340119554434594,-1.0753845793403878
10.0,175.0,1000.0233154296876,-4.24410122316886,-2.952534112952592,-1.964057234018764,0.6894245375381081,-1.301781247683664,4.827185606083212,-0.5186076317333335,1.4811685553929514,-0.9340092922449426,-1.0753857277182055
10.0,175.0,1000.0233154296876,-4.244100125434391,-2.9525399287851,-1.964057374556349,0.6894282336209248,-1.3017723815167468,4.827178839214062,-0.5186077617175622,1.481168103433098,-0.9340140566820274,-1.0753838644773763
10.0,175.0,1000.0234985351562,-4.244101028554686,-2.952534695938572,-1.964057436493837,0.6894248567008212,-1.301780195457007,4.827184914732875,-0.5186075985753238,1.4811682490140576,-0.9340094425193088,-1.0753855581444456
10.0,175.0,1000.0234985351562,-4.244101252067258,-2.952534505575613,-1.964057357925495,0.6894246141649631,-1.301780768632704,4.827185548180285,-0.5186075152444722,1.4811684048292308,-0.9340095415276276,-1.075385580043175
10.0,175.0,1000.0233154296876,-4.24410037301092,-2.952538098099459,-1.9640573547711024,0.6894271006793682,-1.3017754640175463,4.827180991133824,-0.5186077578283381,1.4811683001964857,-0.9340126027249572,-1.0753846010596084
10.0,175.0,1000.0233764648438,-4.2440998430474295,-2.9525383365129936,-1.9640574445383103,0.6894272399546297,-1.3017748874599937,4.827180535914438,-0.5186078545611128,1.4811680070161923,-0.9340126682057894,-1.0753845671983069
10.0,175.0,1000.0234375,-4.2440982003184695,-2.95254373608938,-1.9640580656808355,0.6894305538362691,-1.301767542021965,4.827173961119716,-0.5186079023627856,1.4811670103698429,-0.9340162004308395,-1.0753841420632422
10.0,175.0,1000.0234985351562,-4.244100659309984,-2.952536460663429,-1.9640571702787089,0.6894258922960486,-1.301776924364189,4.827183013756015,-0.5186078746027656,1.4811683560500253,-0.93401139073812,-1.0753847184769971
10.0,175.0,1000.0234375,-4.24410512039714,-2.952521672295419,-1.9640561501466696,0.6894169860998245,-1.3017997146718785,4.827201021058395,-0.51860690247391,1.481169992634511,-0.9339995154522764,-1.0753887069118746
10.0,175.0,1000.0233154296876,-4.244102230308842,-2.952531439469521,-1.964056955880504,0.6894231434243583,-1.301784961997543,4.827189026413889,-0.5186074014579294,1.4811688355616752,-0.9340073237740744,-1.0753862201266875
10.0,175.0,1000.0233764648438,-4.244102485355559,-2.952531013382102,-1.9640565958627705,0.6894231219183391,-1.3017853632268843,4.827189623601759,-0.5186075195870519,1.4811694222189598,-0.9340071682911084,-1.0753859765673042
10.0,175.0,1000.0234375,-4.244102529752566,-2.952531550809535,-1.964057120456312,0.6894230626017892,-1.3017858808489868,4.827189063245914,-0.518607218114429,1.4811685820597005,-0.9340070604785752,-1.0753864643834905
10.0,175.0,1000.0233764648438,-4.2441009249311445,-2.952535052026967,-1.9640572855400111,0.6894250700231899,-1.301779738550616,4.827184547687631,-0.5186077327920557,1.4811684667371503,-0.9340100856229948,-1.0753855128121574
10.0,175.0,1000.0233154296876,-4.244099936727164,-2.952538438634282,-1.9640575602284684,0.689426933850239,-1.3017755292055084,4.827180239479127,-0.5186078389060942,1.4811678065167655,-0.9340125579476696,-1.075385083751505
10.0,175.0,1000.0232543945312,-4.244101504618364,-2.9525335748941446,-1.964057598395416,0.6894241375804366,-1.301782832460152,4.827186587075364,-0.5186072920275073,1.4811680140668573,-0.934008176516528,-1.0753864872592969
10.0,175.0,1000.0232543945312,-4.244101649420215,-2.952533480628825,-1.96405656564636,0.6894248818697299,-1.3017809474666135,4.82718664628938,-0.5186076081011057,1.481169311936933,-0.9340094036959864,-1.07538499783825
10.0,175.0,1000.0233764648438,-4.24410215322583,-2.952531836246081,-1.964056725715798,0.6894234186090831,-1.3017839398860307,4.82718871379822,-0.5186074201496442,1.4811692243266927,-0.934007679387193,-1.075385882567578
10.0,175.0,1000.0233764648438,-4.244102913200012,-2.9525292832147074,-1.9640566890338471,0.689421692137242,-1.3017882938304135,4.827191821811445,-0.5186073076961346,1.481169235992187,-0.9340057087385912,-1.075386785236038
10.0,175.0,1000.0234985351562,-4.244099933902754,-2.952539562283016,-1.964057759329105,0.6894277414079486,-1.301773540204349,4.827179108242877,-0.5186075450513608,1.4811674474953325,-0.9340133723165494,-1.0753845606136414
10.0,175.0,1000.0233764648438,-4.244100090327761,-2.9525386204714734,-1.964057524013268,0.6894272561350192,-1.301775275084203,4.827180549754313,-0.5186075157768908,1.4811678377116122,-0.934012357790646,-1.0753850402977676
10.0,175.0,1000.0233154296876,-4.244103057925135,-2.9525272922629315,-1.9640570901481125,0.689420071187616,-1.301792180728917,4.827194078202064,-0.518607192662591,1.4811686054580235,-0.934003518885623,-1.0753880143536385
10.0,175.0,1000.023193359375,-4.244097323162772,-2.9525467422375224,-1.9640586134047355,0.689432049782229,-1.301763148572284,4.82717043612721,-0.5186079595225905,1.4811663667305188,-0.934018375923518,-1.0753834873522594
10.0,175.0,1000.0234985351562,-4.244101954560493,-2.9525323954457434,-1.9640572767237456,0.6894234329624229,-1.3017846556138917,4.827187724279057,-0.5186073225949697,1.481168248968593,-0.934007624314212,-1.0753865526004258
10.0,175.0,1000.0234375,-4.244102042890202,-2.95253050852075,-1.964057385086168,0.6894218599313318,-1.3017874064825323,4.827190297044902,-0.518607279019486,1.4811682699292703,-0.9340057809362836,-1.075387400469348
10.0,175.0,1000.0233764648438,-4.244097191778906,-2.9525476817433303,-1.964058419619175,0.6894328826587532,-1.301761663108783,4.827169205107317,-0.5186080553138774,1.4811666003501749,-0.9340194959217518,-1.0753828303045303
10.0,175.0,1000.0232543945312,-4.244101553653826,-2.952533950179351,-1.9640569498214293,0.6894247658316779,-1.3017812263649398,4.827186027970484,-0.518607594453127,1.4811689947160869,-0.9340091317432656,-1.0753855407420527
10.0,175.0,1000.0233154296876,-4.24410037078856,-2.952538625147416,-1.9640576745602265,0.6894272720088823,-1.3017749308584787,4.827180389535181,-0.5186076551546588,1.4811680380494092,-0.9340124948538432,-1.075384671539288
10.0,176.0,1000.0234375,-4.244096337996925,-2.952550085118901,-1.9640588504076544,0.6894341554141583,-1.3017579126019545,4.827166322399012,-0.518608093338889,1.4811661078547536,-0.9340211481644652,-1.075382441337732
10.0,176.0,1000.0234375,-4.244102983641464,-2.952527016792053,-1.964056974020567,0.6894198163666108,-1.301792111426678,4.827194370260068,-0.5186072657021681,1.4811687943637253,-0.9340034045934812,-1.07538798184259
10.0,176.0,1000.0233154296876,-4.244100940275434,-2.952534610930681,-1.9640573382502275,0.6894251120438843,-1.3017802817643318,4.827185264818748,-0.5186076259317725,1.4811685985437597,-0.934009518425527,-1.0753856679907652
10.0,176.0,1000.0232543945312,-4.244101312172549,-2.952534970260849,-1.964056679868713,0.6894257485289152,-1.301779004122828,4.8271847495845055,-0.5186076814495735,1.4811691636580626,-0.9340104984137207,-1.075384602710514
10.0,176.0,1000.0235595703124,-4.244102315531647,-2.9525326058378942,-1.9640566276054725,0.6894242969707971,-1.3017826506146992,4.827187667179782,-0.5186073760044492,1.4811691596163126,-0.93400880193433,-1.0753852857093706
10.0,176.0,1000.0233764648438,-4.244099664862233,-2.952539527392177,-1.9640578084414704,0.6894277482826823,-1.3017734503994314,4.827179309855044,-0.518607627196122,1.481167623603597,-0.9340133075544887,-1.0753846273177774
10.0,176.0,1000.0233154296876,-4.244101087000201,-2.95253477964701,-1.964057440052282,0.68942485131684,-1.3017806732405257,4.8271850709360855,-0.5186075489490785,1.48116823884508,-0.9340096197767336,-1.075385831070148
10.0,176.0,1000.0233154296876,-4.244101809630745,-2.952533404745368,-1.9640565702203991,0.6894246347030535,-1.301781443002759,4.82718677989687,-0.5186076282625081,1.4811694485236029,-0.9340092647786058,-1.0753850687828468
10.0,176.0,1000.0234375,-4.244105149894142,-2.952520923195568,-1.9640557720589968,0.6894170220217877,-1.3017993565290498,4.827202080269297,-0.5186070060995212,1.4811706787222958,-0.9339994095165628,-1.075388254518124
10.0,176.0,1000.0234985351562,-4.2441007849053145,-2.9525362464247893,-1.964056664724616,0.6894264102059449,-1.301776635157606,4.827183329178833,-0.5186077321050266,1.4811691788833643,-0.9340116653376702,-1.075384208004038
10.0,176.0,1000.0233764648438,-4.2441008382509695,-2.9525367066924475,-1.96405722093475,0.6894261288425927,-1.3017776493339102,4.827182834688058,-0.5186077255734816,1.481168298522367,-0.93401143603353,-1.075384873989778
10.0,176.0,1000.0233764648438,-4.244101028812263,-2.9525365041298266,-1.964057418322356,0.6894259879340279,-1.3017781913457025,4.827182805128183,-0.518607560451045,1.4811678619919793,-0.9340114177097778,-1.0753852333948988
10.0,176.0,1000.023193359375,-4.244098678578447,-2.9525432861145813,-1.9640580899868865,0.6894301831486294,-1.3017680044955964,4.82717477859458,-0.5186077808549747,1.4811671928906929,-0.9340159814706626,-1.0753838699863034
10.0,176.0,1000.0233154296876,-4.244100220102318,-2.952538803004499,-1.964057847913692,0.6894273760985259,-1.3017748165140737,4.827180114968822,-0.5186075369816852,1.481167639863985,-0.934012386876887,-1.0753850501494004
10.0,176.0,1000.0234985351562,-4.244098959480301,-2.952542910701777,-1.964057206899545,0.6894303561974517,-1.3017669858206196,4.8271752568824216,-0.5186080356511997,1.4811682049338977,-0.934016861493884,-1.0753826907691484
10.0,176.0,1000.0232543945312,-4.244099785715373,-2.952540080028016,-1.964057756780131,0.6894281005901925,-1.301772926483919,4.827178595940234,-0.5186077613629037,1.48116769200913,-0.9340135405865856,-1.075384556716644
10.0,176.0,1000.0233154296876,-4.244101101893016,-2.952534016318884,-1.964056913356436,0.6894246806791715,-1.3017808868694516,4.827185677684671,-0.5186078046226941,1.481168756001663,-0.9340095206814504,-1.0753855586476342
10.0,176.0,1000.0233154296876,-4.244099295171317,-2.9525406315842173,-1.964057515746764,0.6894286604360698,-1.301771136690225,4.827177850694328,-0.518607836316221,1.4811678267402495,-0.934014434816726,-1.0753839284801088
10.0,176.0,1000.0233154296876,-4.244100305870285,-2.952538079990714,-1.9640570056253963,0.6894274880269249,-1.3017743775605195,4.827180928625323,-0.5186078237610898,1.4811686199402878,-0.9340129875087548,-1.0753839761053468
10.0,176.0,1000.0233154296876,-4.244100858784076,-2.9525355196148424,-1.9640578060822973,0.6894251353531757,-1.3017805756652372,4.827184195102554,-0.5186072697064095,1.4811677227969646,-0.9340095697681132,-1.0753863930973149
10.0,176.0,1000.0232543945312,-4.2441028329266,-2.95252896595429,-1.964056362974529,0.6894217687240047,-1.301788312518109,4.827192217234726,-0.5186074593678027,1.481169563209269,-0.9340056526994652,-1.075386572286074
10.0,176.0,1000.0232543945312,-4.244100266056409,-2.9525385766470893,-1.9640575386953607,0.6894272801585943,-1.3017754294081425,4.827180409603866,-0.5186076588136475,1.4811677413824782,-0.9340125229250962,-1.075384915743756
10.0,176.0,1000.0232543945312,-4.244100476937703,-2.9525365068203744,-1.9640571296984133,0.6894264174161355,-1.3017762512001196,4.827182788579661,-0.518607874037837,1.4811686675789195,-0.9340116270850176,-1.0753843537410823
10.0,176.0,1000.023193359375,-4.244099022571653,-2.9525410627127897,-1.964058012407282,0.6894288325247064,-1.3017710321826952,4.827177203763469,-0.5186079085632107,1.481167369090441,-0.9340145021935352,-1.0753842172405248
10.0,176.0,1000.0233154296876,-4.244102023818405,-2.952532082066699,-1.9640567463735288,0.6894237203578086,-1.3017828242778515,4.827188362833413,-0.5186075382930451,1.481169379172604,-0.9340082560955842,-1.075385199647272
10.0,176.0,1000.0233154296876,-4.244098198475215,-2.9525443587384954,-1.9640579727945608,0.6894306512584549,-1.301766686554116,4.827173349641786,-0.5186080301325884,1.4811670314833574,-0.9340171100152066,-1.0753834884478386
10.0,176.0,1000.0232543945312,-4.244099960932135,-2.9525385493619045,-1.964057361039076,0.6894273099729906,-1.3017739490464058,4.8271804521596025,-0.5186079235438497,1.481168323007111,-0.9340128664246344,-1.075384205025769
10.0,176.0,1000.0233154296876,-4.244101576102289,-2.9525331535171087,-1.96405711062916,0.689424267762309,-1.3017822706737483,4.827186878360546,-0.518607355443665,1.4811686129777524,-0.9340085483926116,-1.0753858291189844
10.0,176.0,1000.0234375,-4.244100930681757,-2.952535678698992,-1.9640570579214311,0.6894258454376505,-1.301777943720228,4.82718399089714,-0.5186075242710704,1.4811685653164055,-0.9340107658616644,-1.0753848552060812
10.0,176.0,1000.0233764648438,-4.244100277178188,-2.9525363632524035,-1.9640575152881965,0.6894258853886068,-1.3017783438692263,4.827182926865461,-0.5186077222132317,1.4811681061746098,-0.9340107792002464,-1.075385593767662
10.0,176.0,1000.0233154296876,-4.244098625578719,-2.952543551828476,-1.96405738030963,0.6894304160545541,-1.3017671114037943,4.827174312172843,-0.5186082788408983,1.4811679388211054,-0.9340171507844984,-1.07538289416396
10.0,176.0,1000.0233764648438,-4.244099859878119,-2.952538845669255,-1.9640573260087544,0.6894276070024201,-1.3017739052011028,4.827180204238884,-0.51860786385613,1.481168184105229,-0.934013122215732,-1.075384266288096
10.0,176.0,1000.0232543945312,-4.244101953497479,-2.952532203291123,-1.964056528323142,0.6894239783637213,-1.3017831559710349,4.827188110989837,-0.5186075063789293,1.481169333942038,-0.9340083532262592,-1.0753854545426034
10.0,176.0,1000.0232543945312,-4.244099761851684,-2.952540267014001,-1.964057498274305,0.6894283977572311,-1.301771999454295,4.827178367901224,-0.5186078779577183,1.4811680615253469,-0.9340141518903752,-1.0753838502052786
10.0,176.0,1000.0233764648438,-4.244100549161421,-2.9525356588235967,-1.9640575041513229,0.6894254526904486,-1.301779119002633,4.827183852674018,-0.5186076374078477,1.481167938552198,-0.9340102277482814,-1.075385618625433
10.0,176.0,1000.0234985351562,-4.244103673750974,-2.952526507316938,-1.964056184388208,0.6894203586668981,-1.3017917106872503,4.827194883547234,-0.5186073478705957,1.4811699644780667,-0.9340039303512012,-1.075386910435916
10.0,176.0,1000.0233764648438,-4.244104040663709,-2.952526111336777,-1.964056897258731,0.6894196458654722,-1.3017941418894647,4.827195716554854,-0.5186068626979132,1.4811688649345598,-0.9340025945403676,-1.0753881175403277
10.0,176.0,1000.0233764648438,-4.244102025729484,-2.9525333527107995,-1.964056598399408,0.6894249094459228,-1.301781609218421,4.827186727418978,-0.5186074820520252,1.4811692779854058,-0.9340092261201862,-1.0753851222950104
10.0,176.0,1000.0234375,-4.244100850806134,-2.9525365852704475,-1.964057337807017,0.6894261814434959,-1.301777624139227,4.827182898528136,-0.518607631241891,1.481168405896797,-0.9340109919020696,-1.0753851610382297
10.0,176.0,1000.0233154296876,-4.244100233129437,-2.9525372693532184,-1.9640573905532523,0.6894264063802433,-1.301776861258079,4.827181829306156,-0.5186076673880464,1.4811680037837691,-0.9340116110756832,-1.075385233107033
10.0,176.0,1000.0233154296876,-4.244100663579578,-2.952536767744679,-1.9640571223479808,0.6894262779853886,-1.301776573278326,4.827182621957407,-0.5186077805708837,1.481168495234705,-0.9340116614986532,-1.0753845909430035
10.0,176.0,1000.0234375,-4.244100770809019,-2.952535930032117,-1.9640577162734727,0.6894252139870201,-1.3017804372635693,4.8271835766393,-0.5186074690640803,1.4811674229508496,-0.9340100065024995,-1.0753863496486464
10.0,176.0,1000.0232543945312,-4.244101596237321,-2.9525338456297603,-1.964056727673092,0.6894246665749435,-1.3017810831337724,4.827186000444216,-0.5186077940461349,1.4811690804528324,-0.9340095915986772,-1.0753850677357315
10.0,176.0,1000.0233154296876,-4.244099885215077,-2.952538686285308,-1.9640581227363805,0.6894269638850208,-1.301775835521101,4.827180289977507,-0.5186076221560088,1.4811671732387737,-0.9340120862450432,-1.0753854908634413
10.0,176.0,1000.0233764648438,-4.244100594243127,-2.952535761739503,-1.9640579506218443,0.6894248473662214,-1.3017802628396318,4.827183770684339,-0.5186075801887817,1.481167497202554,-0.9340098079973344,-1.0753863731845454
10.0,176.0,1000.0234985351562,-4.244102262605866,-2.952531526962106,-1.964056855074148,0.6894231963050981,-1.3017845849739231,4.827189290767883,-0.5186073890679097,1.481168842641928,-0.9340074936354624,-1.07538597049277
10.0,176.0,1000.0233764648438,-4.24410245932079,-2.952530221941462,-1.9640569826593195,0.689422119925176,-1.301787031325352,4.827190551432919,-0.5186074025212521,1.4811689343069832,-0.9340061592426654,-1.0753866541436974
10.0,176.0,1000.0233154296876,-4.244100890223689,-2.9525343986724915,-1.9640573354959965,0.6894245683831173,-1.301781058306997,4.827185400454251,-0.5186076364647754,1.4811683267692377,-0.9340093255668078,-1.0753859215188926
10.0,176.0,1000.0234375,-4.244100371420432,-2.9525391950918745,-1.9640566565929485,0.6894285297215852,-1.3017722226989914,4.82717964149149,-0.5186078184292642,1.481168946859679,-0.9340142556264944,-1.0753830748679247
10.0,176.0,1000.023193359375,-4.244102876329374,-2.9525292581116687,-1.9640564581104552,0.6894218150206077,-1.3017880386580103,4.827191852652383,-0.5186075288468581,1.4811694228096377,-0.9340058716534996,-1.075386372520673
10.0,177.0,1000.0233764648438,-4.2441009156366505,-2.9525350283390024,-1.9640577593108937,0.6894246932293937,-1.3017812677743446,4.827184611605116,-0.5186075001586268,1.4811675662646788,-0.9340092578659496,-1.0753863029888588
10.0,177.0,1000.0234375,-4.244102544609031,-2.952530859015228,-1.964056391802828,0.6894234628275182,-1.3017847894173324,4.827189597757181,-0.5186075249132465,1.481169520048078,-0.9340073836143716,-1.075385464080263
10.0,177.0,1000.0233154296876,-4.244102369538856,-2.9525307921386363,-1.9640559253167047,0.689423588686223,-1.3017834707384428,4.827189915193994,-0.5186077650564362,1.4811705766727057,-0.9340079680170508,-1.0753845737755734
10.0,177.0,1000.0233764648438,-4.244100597750878,-2.952536560085337,-1.964057058875576,0.68942648933211,-1.301776933766185,4.827182931472738,-0.5186077167416636,1.4811687388282735,-0.9340113445437312,-1.075384535270267
10.0,177.0,1000.0233154296876,-4.24409932726399,-2.952542252740434,-1.9640574663986785,0.6894300222040499,-1.3017690044091887,4.827175994545659,-0.5186078039358035,1.4811679714856911,-0.934015540156329,-1.0753835963274012
10.0,177.0,1000.0232543945312,-4.244100783485003,-2.952535824245305,-1.9640571639598807,0.6894257695738135,-1.3017780852465348,4.827183614615457,-0.5186077124703923,1.4811685305427202,-0.9340107391381408,-1.0753850241007568
10.0,177.0,1000.0234985351562,-4.244102869303815,-2.9525294434791776,-1.9640560492568904,0.6894223186010962,-1.3017866623129266,4.827191553315215,-0.5186074222916464,1.4811697684963,-0.9340067810714884,-1.0753856024564177
10.0,177.0,1000.0235595703124,-4.244100361624935,-2.952536872629322,-1.9640580544477253,0.6894259397101701,-1.301776928486516,4.827182537061374,-0.5186073890126739,1.4811674888564887,-0.934010476422408,-1.0753857143021142
10.0,177.0,1000.0233154296876,-4.244100628870562,-2.952535975382274,-1.964056951211151,0.6894258071762085,-1.3017780465665043,4.827183487685288,-0.5186078987577858,1.481168643419358,-0.9340110843704412,-1.0753848099265468
10.0,177.0,1000.0234985351562,-4.244101024929995,-2.952536332978342,-1.9640566322775173,0.6894264637622625,-1.3017769818648666,4.8271829911197806,-0.5186076701232372,1.4811691295279186,-0.9340117507710533,-1.07538427599735
10.0,177.0,1000.0233154296876,-4.24409771433242,-2.952545525685121,-1.9640578191058973,0.6894317755952297,-1.3017638183173292,4.827171739918768,-0.5186081004934078,1.481167459658305,-0.934018157241968,-1.0753828630863698
10.0,177.0,1000.0234985351562,-4.244099514969434,-2.9525407955495044,-1.964057613530759,0.6894288850093258,-1.3017714677792953,4.827177779046934,-0.5186076491721119,1.4811676321290594,-0.934014034509654,-1.0753842870911416
10.0,177.0,1000.0232543945312,-4.244099175061108,-2.952542755646608,-1.9640573604364573,0.6894302393435119,-1.3017680639221374,4.827175160717509,-0.5186080520238239,1.4811681161285604,-0.9340165017010112,-1.0753830446784898
10.0,177.0,1000.0233764648438,-4.244098716017109,-2.95254189822522,-1.964058419114048,0.6894291433204227,-1.3017695309216064,4.8271760975042,-0.5186078538942756,1.481166978782472,-0.9340147857101764,-1.0753842917605247
10.0,177.0,1000.0234985351562,-4.244101130726319,-2.952535905097863,-1.9640571018691075,0.6894259107506855,-1.301778598118834,4.82718372249964,-0.5186076005594638,1.4811682106610675,-0.9340110242741142,-1.0753850927200048
10.0,177.0,1000.0233764648438,-4.244098907576603,-2.9525428342905866,-1.9640574203194583,0.6894302884347203,-1.30176755599076,4.827175096636108,-0.5186079451710643,1.4811678041136087,-0.9340165658753232,-1.0753830730878349
10.0,177.0,1000.0234375,-4.244101802493779,-2.9525335539289617,-1.964056987658925,0.6894244657339543,-1.3017810148175673,4.82718654061398,-0.5186077974229111,1.4811692260388902,-0.9340090710006184,-1.0753850718506437
10.0,177.0,1000.0232543945312,-4.244095900951695,-2.9525514595140794,-1.9640585306786225,0.6894353159562217,-1.301755208128712,4.827164656297139,-0.5186082310993108,1.4811664465015193,-0.9340224565325688,-1.0753816376934342
10.0,177.0,1000.0234985351562,-4.244103795076894,-2.952527686258086,-1.9640556545208865,0.6894216775736783,-1.301789335445922,4.827193872885129,-0.5186074115443153,1.4811705890701905,-0.934005301792153,-1.075385711585347
10.0,177.0,1000.0234985351562,-4.244097870071631,-2.952545967049727,-1.96405748709717,0.6894322138549409,-1.3017623860911187,4.827171287573574,-0.518608099783787,1.4811677310523716,-0.934018977829524,-1.0753821690774288
10.0,177.0,1000.0234985351562,-4.244099693857127,-2.9525402537349934,-1.9640572980826017,0.6894286412777397,-1.3017711535202396,4.827178211133616,-0.5186080798587493,1.4811684492628512,-0.9340145497527512,-1.0753834745198714
10.0,177.0,1000.0233154296876,-4.244100552373645,-2.95253770326685,-1.964057027788436,0.6894272721941768,-1.3017758572307878,4.8271814244424345,-0.5186077818347776,1.4811685149883562,-0.9340123422710692,-1.07538448343211
10.0,177.0,1000.0234375,-4.244102351924846,-2.952530792012753,-1.9640566534530723,0.689422989023055,-1.3017856890177175,4.827189785753355,-0.518607576571469,1.4811692153437894,-0.9340073225647414,-1.0753858652581978
10.0,177.0,1000.0233154296876,-4.244097399315433,-2.952547649123544,-1.9640582062125125,0.6894330174851131,-1.3017616236723724,4.827169301807157,-0.5186081923538346,1.4811668920348318,-0.9340195442121796,-1.0753825931706211
10.0,177.0,1000.0234375,-4.2441032142715525,-2.952527757827901,-1.9640560254053805,0.6894211365391278,-1.301790082368396,4.827193627457138,-0.5186075859906536,1.481169977505977,-0.934005085161676,-1.0753863818261469
10.0,177.0,1000.023193359375,-4.244095703415129,-2.952553093934094,-1.96405880694096,0.6894361222524434,-1.3017531678903804,4.8271626453620105,-0.5186084578070229,1.481166171951668,-0.9340237614884366,-1.0753811439760472
10.0,177.0,1000.0234985351562,-4.244103687827234,-2.952527116604616,-1.964056704821356,0.6894205511212839,-1.301791544410393,4.827194510662912,-0.5186072087734281,1.481169484952832,-0.9340036892320668,-1.0753873151121058
10.0,177.0,1000.0233154296876,-4.244100235208314,-2.9525382592413663,-1.9640575896109096,0.6894273707485175,-1.3017757019302985,4.827180996012494,-0.5186073530388517,1.4811678333874276,-0.934012056616921,-1.07538523309348
10.0,177.0,1000.0233764648438,-4.244098774617129,-2.952543004599677,-1.9640577502703032,0.6894300955207653,-1.3017682921305551,4.827174998283413,-0.5186079620395558,1.48116747115405,-0.9340162089222996,-1.075383497707216
10.0,177.0,1000.0232543945312,-4.24410293771098,-2.952528032338162,-1.9640563304238907,0.6894213158256379,-1.301789805520226,4.82719312382733,-0.5186075723208496,1.4811697721391397,-0.934004853092306,-1.0753868906118047
10.0,177.0,1000.0234375,-4.2440995020026575,-2.952540831864958,-1.9640572951472968,0.6894289856655966,-1.3017705874452703,4.827177829112678,-0.5186079525527774,1.4811682441000196,-0.934014777320356,-1.075383440329004
10.0,177.0,1000.0233764648438,-4.244098118503421,-2.9525445775362456,-1.964057796022752,0.6894311513089715,-1.3017652001028104,4.827172961156469,-0.5186081583868978,1.4811674447285397,-0.9340174673141828,-1.0753828381779795
10.0,177.0,1000.0233764648438,-4.24409779732296,-2.952545090964936,-1.964057812239453,0.6894317326941586,-1.3017640076289745,4.827172360882342,-0.5186082022420626,1.4811674985118986,-0.9340181737985268,-1.075382448337033
10.0,177.0,1000.0233764648438,-4.244100247471957,-2.9525381325056963,-1.964057460080124,0.6894275414192457,-1.3017744156764666,4.827180756077583,-0.5186077290401965,1.481168399679781,-0.9340125716988732,-1.0753842746347022
10.0,177.0,1000.0234985351562,-4.244102907009871,-2.9525298715442325,-1.9640559383389573,0.6894229053918544,-1.301785063784643,4.8271912452357455,-0.5186075979456772,1.481170481414912,-0.9340072025471962,-1.075384891302682
10.0,177.0,1000.0233154296876,-4.244100975864556,-2.9525351449439183,-1.964057311017957,0.6894249990568042,-1.3017805867702128,4.827184777579404,-0.5186077523440158,1.4811681830469627,-0.9340097563221504,-1.0753858299769163
10.0,177.0,1000.0232543945312,-4.244101360166965,-2.952534258426712,-1.9640575112944207,0.6894244085499324,-1.3017820708829082,4.827185661064799,-0.5186074295846899,1.481167972638958,-0.9340088716665438,-1.075386226718387
10.0,177.0,1000.023193359375,-4.244100621887935,-2.9525365644072794,-1.9640576769379223,0.6894260517597885,-1.301778295477387,4.82718278169231,-0.5186074697808323,1.4811676891863188,-0.9340106932953488,-1.0753856544475653
10.0,177.0,1000.0233154296876,-4.244101499496663,-2.9525330804255776,-1.96405752035554,0.6894236113723382,-1.30178338737731,4.827187143020433,-0.5186074895019006,1.4811681189420964,-0.934008053823784,-1.0753863683832332
10.0,177.0,1000.0233764648438,-4.244102227713564,-2.9525299023108795,-1.964056421771189,0.6894224438347729,-1.3017855754239125,4.827190935112203,-0.5186077844040762,1.4811697317246877,-0.9340068184730512,-1.07538566049308
10.0,177.0,1000.0232543945312,-4.244101302216038,-2.952534609655904,-1.9640572589188088,0.6894249862644584,-1.3017806554895763,4.827185188692054,-0.518607374720891,1.4811683114869787,-0.9340096214431046,-1.0753856680913767
10.0,177.0,1000.0232543945312,-4.244098030823662,-2.952544470891633,-1.9640581691740475,0.6894309675017576,-1.30176562743344,4.827173176462642,-0.5186079444437599,1.4811672192980154,-0.934017009929816,-1.0753833186203463
10.0,177.0,1000.0233764648438,-4.244099424359004,-2.952539990007172,-1.9640580314401284,0.6894280485538253,-1.3017731368941543,4.827178568831696,-0.5186075475870862,1.4811671538632467,-0.9340133753023174,-1.075385011929778
10.0,177.0,1000.0234985351562,-4.244098279541514,-2.952544239418131,-1.964057493993217,0.6894310566342199,-1.301765207153243,4.827173578257888,-0.5186081738099899,1.4811678899804068,-0.9340178444412076,-1.075382319994521
10.0,177.0,1000.0233154296876,-4.244100590161644,-2.952537339127093,-1.9640570011240484,0.6894271479649783,-1.3017756635044373,4.827181837805142,-0.5186076988014356,1.4811685604557647,-0.9340123949224984,-1.0753842255173789
10.0,177.0,1000.0234375,-4.244099630533906,-2.952539867212166,-1.964057063471124,0.6894287860104065,-1.3017709517649516,4.827178809467675,-0.5186079893694391,1.4811687898485335,-0.9340143477747612,-1.07538309571125
10.0,177.0,1000.0234375,-4.244098324250467,-2.95254410802088,-1.96405822468901,0.6894304108119051,-1.3017676639126572,4.827173619035378,-0.5186078090334094,1.4811667743644596,-0.9340165123115858,-1.075384064965637
10.0,177.0,1000.0233154296876,-4.244102661252498,-2.9525309054369404,-1.964056834592137,0.6894227668839328,-1.301785610668504,4.827190024306045,-0.5186073447603441,1.4811692766202356,-0.9340068757548704,-1.0753860098335166
10.0,177.0,1000.023193359375,-4.244100912176718,-2.9525354925467724,-1.9640572051410448,0.6894253182605317,-1.30177892762185,4.827184220249222,-0.5186077735261199,1.4811685017028235,-0.9340103680114736,-1.0753850393249231
10.0,177.0,1000.0233764648438,-4.244099802929357,-2.9525402434247283,-1.9640575961737987,0.6894287213784498,-1.301771638897628,4.827178451440117,-0.5186077533149298,1.481168055153522,-0.9340138650606882,-1.0753838299280178
10.0,178.0,1000.0233764648438,-4.244098387573719,-2.952544967046229,-1.9640575068005943,0.6894314502618659,-1.3017642202157602,4.827172533771389,-0.5186084537344406,1.4811679974450858,-0.9340182976478566,-1.0753820591707113
10.0,178.0,1000.0233154296876,-4.244098060520112,-2.9525455033945303,-1.9640580081454213,0.6894318635909116,-1.3017636149127916,4.827171758528101,-0.5186082791743907,1.481167581707938,-0.934018208348621,-1.0753824943704284
10.0,178.0,1000.0233764648438,-4.24410003116567,-2.952538139898752,-1.9640573411548217,0.6894271696210987,-1.3017758428081645,4.827180905223834,-0.518607788255065,1.4811681090673243,-0.9340123355916744,-1.075384839267043
10.0,178.0,1000.0233154296876,-4.244095764577878,-2.9525528920608464,-1.9640588127177416,0.6894358672884424,-1.30175425081482,4.827163123139188,-0.5186080977893663,1.4811658832967236,-0.9340234167981958,-1.075381663133162
10.0,178.0,1000.0233154296876,-4.244103324833967,-2.9525283933113347,-1.9640566402730224,0.6894209928235906,-1.3017897081032066,4.82719286290409,-0.5186074175636195,1.4811694414326793,-0.9340048755049412,-1.0753867886462705
10.0,178.0,1000.0233764648438,-4.244100174249038,-2.952537360094853,-1.9640577154843928,0.6894264602473976,-1.3017770241018145,4.827181606643734,-0.5186077180632793,1.4811677192301476,-0.934011431388594,-1.0753855137014483
10.0,178.0,1000.0234375,-4.244103543125171,-2.95252576905804,-1.96405679123566,0.6894195503129268,-1.3017938535913245,4.82719586898032,-0.5186070112557282,1.4811691190637708,-0.9340024879527098,-1.075388156231801
10.0,178.0,1000.0234375,-4.2441001411049895,-2.952539575847006,-1.9640573939557044,0.6894282632883701,-1.3017732163608149,4.827179372076802,-0.518607573226376,1.4811681016407183,-0.934013413141872,-1.0753842518532617
10.0,178.0,1000.0232543945312,-4.244100503708456,-2.9525377516855764,-1.9640574461432807,0.6894270617945182,-1.301776144254332,4.827181332415021,-0.5186075404458439,1.4811680887073866,-0.93401191716592,-1.0753849953761183
10.0,178.0,1000.0232543945312,-4.244098912346199,-2.9525428447942472,-1.964057923839975,0.6894301013466375,-1.3017688275803143,4.827175172459134,-0.5186077647653136,1.4811673643549153,-0.9340156874265126,-1.0753838590623217
10.0,178.0,1000.0233764648438,-4.244100322180426,-2.952537949833756,-1.9640575963232545,0.6894268528592074,-1.3017760711666249,4.827181178549193,-0.5186076672170739,1.481167947895612,-0.9340120370205892,-1.0753849643914712
10.0,178.0,1000.0233154296876,-4.2440972313604535,-2.9525478053443086,-1.9640583151152395,0.6894327568084204,-1.3017612199497948,4.827169047660787,-0.518608301806065,1.4811665521895732,-0.9340198016759612,-1.0753824650138366
10.0,178.0,1000.0233764648438,-4.244099608273491,-2.952540800349193,-1.9640577444471208,0.6894286406509975,-1.301771879441946,4.827177602889826,-0.5186077152361888,1.481167765622672,-0.9340140925568264,-1.0753842907757225
10.0,178.0,1000.0232543945312,-4.244100460971664,-2.952537948705632,-1.964057382045334,0.689427069322309,-1.301775209041247,4.827181038409108,-0.5186077415317865,1.481168136208236,-0.93401244100734,-1.0753844270608075
10.0,178.0,1000.0234985351562,-4.244099077781284,-2.952541746335852,-1.9640582447503008,0.6894290440957294,-1.3017705304486582,4.827176455252159,-0.5186078325295833,1.4811671005275198,-0.934014821981445,-1.0753843738122892
10.0,178.0,1000.0232543945312,-4.244097286735348,-2.9525479551159206,-1.9640587355146248,0.6894329289850232,-1.3017615620395242,4.827169177161423,-0.5186078214186516,1.481166251829583,-0.9340191359850004,-1.0753830587737792
10.0,178.0,1000.0234375,-4.244104040267325,-2.9525248153837773,-1.96405576493854,0.6894193185988398,-1.3017936023571686,4.827197246372668,-0.5186075143884326,1.4811706907478248,-0.9340028598516028,-1.0753869230924278
10.0,178.0,1000.023193359375,-4.244102372274157,-2.9525308763865645,-1.9640569708481648,0.6894225568216328,-1.301786515888157,4.827189830839519,-0.5186073370314972,1.4811687399400473,-0.9340065819617624,-1.0753868147356953
10.0,178.0,1000.0233764648438,-4.244098413516316,-2.952544243555986,-1.964057993008384,0.6894304699722991,-1.3017665853120413,4.827173575248029,-0.5186080152462589,1.4811670103067298,-0.9340169111439094,-1.0753834516956058
10.0,178.0,1000.0233154296876,-4.244098009499578,-2.952544331219692,-1.9640581708430649,0.68943076769889,-1.3017665000098289,4.827173245761259,-0.5186078951854247,1.4811669238884375,-0.9340167896074014,-1.0753837403094888
10.0,178.0,1000.0234375,-4.244100549107833,-2.952535512836609,-1.964057977935095,0.6894251080238138,-1.3017799615064476,4.827184010084766,-0.5186075211872074,1.4811675490188776,-0.9340095805198372,-1.075386079376062
10.0,178.0,1000.0233154296876,-4.244098967019186,-2.952541143330381,-1.9640580004191173,0.6894288932958483,-1.3017707768380715,4.8271772831371145,-0.5186078058703734,1.4811674133596444,-0.9340143272793772,-1.0753841938182052
10.0,178.0,1000.0233154296876,-4.2440967201530215,-2.9525493818892503,-1.96405843839666,0.6894341057750983,-1.3017581250246564,4.827166893957472,-0.5186081808955239,1.481166781358132,-0.9340209709573788,-1.075381895561306
10.0,178.0,1000.0234375,-4.24409993507269,-2.952538115870235,-1.9640582591621645,0.6894267015743551,-1.301776973191564,4.827180710226381,-0.5186073915700433,1.481166959897835,-0.9340113628795964,-1.0753862342629192
10.0,178.0,1000.0233764648438,-4.2440997735566,-2.952539005559021,-1.964057279756645,0.6894280218596442,-1.3017735749623909,4.827179803110601,-0.5186078758999466,1.4811682257233114,-0.9340132229008616,-1.0753842754419196
10.0,178.0,1000.0233764648438,-4.244098826875059,-2.952541685930812,-1.964057563397743,0.6894292763867966,-1.301769347427022,4.827176589616888,-0.5186082623809645,1.4811679803811826,-0.9340152983678758,-1.0753834178849724
10.0,178.0,1000.0234375,-4.244100082408942,-2.952537726056667,-1.9640571148901165,0.6894270894190075,-1.301775303367478,4.827181318361504,-0.518607899700295,1.4811685817665108,-0.9340122436288958,-1.0753845089508025
10.0,178.0,1000.0233154296876,-4.244101447809723,-2.9525343235668267,-1.964056793451016,0.6894251720136166,-1.3017806797538012,4.8271856178821455,-0.5186076035616001,1.4811687105945337,-0.9340097802190694,-1.0753852079523272
10.0,178.0,1000.0234375,-4.24410081590664,-2.952536902857079,-1.964057294869801,0.689426354673226,-1.3017774864278344,4.827182478848405,-0.5186077045569544,1.4811683978991876,-0.9340115030381284,-1.0753849403588165
10.0,178.0,1000.0233764648438,-4.244098352098408,-2.952544919562082,-1.9640578554179369,0.689431345047911,-1.3017656058604068,4.827172604216178,-0.5186079330929054,1.4811673041214242,-0.9340175437567382,-1.0753830835015874
10.0,178.0,1000.0232543945312,-4.24410145641628,-2.952534132728437,-1.9640569736687832,0.6894249156490337,-1.3017806303028705,4.827185857674676,-0.5186076683813994,1.481168827171655,-0.9340093966038792,-1.075385303552174
10.0,178.0,1000.0234375,-4.244100320242825,-2.952536666655379,-1.9640573120590643,0.6894260416453122,-1.3017779223786263,4.8271826186223805,-0.5186078199412956,1.4811680288276534,-0.9340112224841626,-1.0753854336648434
10.0,178.0,1000.0233154296876,-4.244095758344192,-2.952554303466848,-1.96405890993677,0.6894370399887002,-1.301752276206165,4.827161279981784,-0.5186082394854186,1.481165946944656,-0.9340244508817196,-1.0753811544031082
10.0,178.0,1000.0232543945312,-4.244097745166021,-2.9525457974496625,-1.964058435376576,0.689431509369614,-1.3017644287481955,4.827171334920296,-0.5186080968121924,1.481166668129176,-0.9340179219510958,-1.0753834334821426
10.0,178.0,1000.0234985351562,-4.2441031492334025,-2.9525269576610085,-1.9640563263007724,0.6894204217328124,-1.3017910870846112,4.8271944352924105,-0.5186073800853448,1.481169618428087,-0.9340042597613484,-1.0753870268946797
10.0,178.0,1000.0233154296876,-4.244099558445656,-2.952541092064372,-1.9640576341046063,0.6894291109407327,-1.3017714146163568,4.827177428059057,-0.5186077401568348,1.4811678397429908,-0.9340143162092608,-1.075384208602372
10.0,178.0,1000.0234375,-4.244100647177965,-2.952536783356928,-1.9640568359179804,0.6894266946734984,-1.301775836211989,4.827182645428367,-0.518608063674268,1.481169132561475,-0.9340121326985216,-1.0753837889181497
10.0,178.0,1000.0233154296876,-4.244099901278772,-2.952538825046726,-1.9640578822691577,0.6894272478145789,-1.3017750338719534,4.827180015307084,-0.518607693160301,1.481167412478941,-0.934012329650443,-1.0753851139496071
10.0,178.0,1000.0234985351562,-4.244100039295185,-2.952539112551217,-1.964056861581592,0.6894283071620126,-1.3017731076945696,4.827179588078263,-0.518608183482276,1.4811689318596066,-0.9340136773864592,-1.075383763670965
10.0,178.0,1000.0233154296876,-4.244099843907389,-2.952538985804104,-1.9640574779359816,0.6894277737540033,-1.301773885465392,4.827179884447416,-0.5186078717943357,1.4811680400354987,-0.9340130900698504,-1.0753845107455056
10.0,178.0,1000.0233764648438,-4.244102657732896,-2.952528026907501,-1.9640570498083136,0.6894207119633489,-1.3017902380159725,4.827193225378879,-0.5186072832953057,1.4811689292944743,-0.934004241198295,-1.075387577835582
10.0,178.0,1000.0233764648438,-4.244099758110683,-2.952540364796317,-1.9640572238303804,0.6894288477152237,-1.301771116978557,4.827178302454762,-0.5186079109817685,1.4811684816073276,-0.9340143822536876,-1.0753835222972397
10.0,178.0,1000.023193359375,-4.244101767954473,-2.952531129059483,-1.964057171147915,0.6894224896908261,-1.3017857860456412,4.827189314178121,-0.5186076285404067,1.4811684855417422,-0.934006851393951,-1.0753866031795662
10.0,178.0,1000.0233764648438,-4.2440992290615,-2.9525405426519056,-1.9640579051951,0.6894285331682992,-1.301771422952493,4.827177853190444,-0.5186078638035525,1.4811676898125796,-0.9340140584179776,-1.0753842833416432
10.0,178.0,1000.0232543945312,-4.244098790358551,-2.952542270726945,-1.964058209363388,0.689429352191743,-1.3017695598389727,4.827175679691711,-0.5186079815067615,1.4811671730403209,-0.9340150697117516,-1.0753842560952274
10.0,178.0,1000.0233764648438,-4.244098932826535,-2.9525418200460867,-1.9640577786084856,0.689429517621873,-1.3017701120122265,4.827176336325326,-0.5186077928299282,1.481167457307528,-0.934015110971978,-1.0753839753178958
10.0,178.0,1000.023193359375,-4.244098063838219,-2.952544535299574,-1.964058271070644,0.6894307200475431,-1.3017660717498618,4.827173218880761,-0.5186078808061669,1.4811669535736796,-0.9340166963866672,-1.075383578073554
10.0,178.0,1000.023193359375,-4.244100499692581,-2.9525361747876,-1.964057422721576,0.6894256817120112,-1.3017780838313897,4.827183385386864,-0.5186078095401063,1.4811681893428883,-0.9340107249079884,-1.0753852604129093
10.0,178.0,1000.0233154296876,-4.244102615902223,-2.9525300213961905,-1.9640565001118413,0.6894224540261806,-1.3017870331522916,4.82719085551299,-0.5186076008798777,1.481169507710577,-0.9340064736039596,-1.0753862556908187
10.0,178.0,1000.0232543945312,-4.244099698947537,-2.952538469075926,-1.9640577733937348,0.689427027490316,-1.3017753435017505,4.827180409786587,-0.5186078064311186,1.4811676197073511,-0.93401222305567,-1.0753852979263536
10.0,179.0,1000.0234375,-4.244099525601733,-2.9525398504227947,-1.9640575645150085,0.6894280394961738,-1.301772823626732,4.827178947478293,-0.5186078576295179,1.4811678198898557,-0.9340134693611812,-1.0753845449714272
10.0,179.0,1000.0233154296876,-4.244099987692474,-2.9525378445429435,-1.964057989970464,0.6894262931381254,-1.301776269643542,4.827181215893642,-0.518607811476989,1.4811675259472104,-0.9340114911396018,-1.0753854494157675
10.0,179.0,1000.0232543945312,-4.244097148853103,-2.9525480128213,-1.9640585799750767,0.6894327947806236,-1.301761589285121,4.82716896132942,-0.5186081401266165,1.4811663059337654,-0.9340193144773404,-1.0753829630581118
10.0,179.0,1000.0233764648438,-4.24410184606564,-2.952532773194658,-1.964056686824384,0.6894239054983275,-1.301782885351626,4.827187447400206,-0.518607772825451,1.4811691309513204,-0.9340085069040712,-1.0753856678718448
10.0,179.0,1000.0233764648438,-4.24410222704031,-2.9525324788785623,-1.9640569122323588,0.6894236746566031,-1.3017837504267995,4.827187832215218,-0.5186074446545081,1.4811688967015575,-0.9340080922469508,-1.0753859110268058
10.0,179.0,1000.0233154296876,-4.2441032467843005,-2.952528579760937,-1.964056433538298,0.6894212924457062,-1.301788748832033,4.827192757171462,-0.5186073180950084,1.4811695501430702,-0.9340054527877646,-1.0753863145750615
10.0,179.0,1000.0234985351562,-4.244099952999627,-2.952539033548524,-1.9640579891406509,0.6894274297706646,-1.30177475149371,4.827179743946306,-0.5186076906733676,1.481167616436644,-0.9340125684105144,-1.0753850402527343
10.0,179.0,1000.0234375,-4.244098887732841,-2.952541977601721,-1.9640581783409607,0.6894294058038666,-1.3017699912061298,4.827176275432581,-0.5186076615855075,1.4811669208860805,-0.9340148131976173,-1.0753843661845577
10.0,179.0,1000.0233764648438,-4.244100182924236,-2.952537925263009,-1.96405723362936,0.6894271791102415,-1.3017752266313811,4.827181121147138,-0.5186078610947789,1.4811684130725062,-0.934012372118163,-1.0753846019543565
10.0,179.0,1000.0234985351562,-4.244098832166846,-2.9525432135882608,-1.964058256624384,0.6894299077253638,-1.301769233522419,4.827174923731647,-0.5186076044345276,1.481166741107728,-0.9340155688042158,-1.075384276586929
10.0,179.0,1000.0232543945312,-4.244099237830674,-2.952540914450504,-1.9640579044934496,0.6894285226738432,-1.3017717594513778,4.827177651229986,-0.5186077835728096,1.4811673874254518,-0.934014005089626,-1.075384575861258
10.0,179.0,1000.0234375,-4.244100018223903,-2.952538688971563,-1.96405761234664,0.6894275502788432,-1.3017744421263395,4.827180493491781,-0.5186073826538751,1.4811679274657,-0.9340122549611952,-1.0753847461685844
10.0,179.0,1000.0233154296876,-4.244098762777569,-2.9525431859496702,-1.964057707805677,0.6894303257330217,-1.3017672388260433,4.827174688763172,-0.5186080399972477,1.481167796293792,-0.9340164488190316,-1.0753830766806205
10.0,179.0,1000.0233154296876,-4.24410028502483,-2.9525375010978934,-1.9640574860331923,0.6894268097581691,-1.3017761907695995,4.827181603260488,-0.5186076249160694,1.481168082802144,-0.9340116574043992,-1.075385134824518
10.0,179.0,1000.0233154296876,-4.244098660154761,-2.952543353680766,-1.964057858960691,0.6894306439364684,-1.3017673639892324,4.827174470140449,-0.5186080046821644,1.481167600411335,-0.9340163614591628,-1.075383314748668
10.0,179.0,1000.0233154296876,-4.244099434400747,-2.9525411871923657,-1.964058148570822,0.6894289199178907,-1.3017720515621054,4.827177104875444,-0.5186076668315289,1.4811670993755133,-0.9340140586970788,-1.075384784044295
10.0,179.0,1000.0232543945312,-4.244100163663329,-2.952537665973028,-1.964057602555758,0.6894265946707954,-1.301776007014933,4.827181515909206,-0.5186077574927079,1.481167941915845,-0.9340117076928358,-1.07538507208295
10.0,179.0,1000.0233154296876,-4.244100946987798,-2.9525355930000683,-1.964057311960028,0.6894254886791611,-1.3017792764070752,4.827184222761986,-0.5186075863407797,1.4811683305337384,-0.934010087593328,-1.075385569390476
10.0,179.0,1000.023193359375,-4.244100286682593,-2.9525389736870857,-1.9640575662463184,0.689427415948213,-1.3017744587125306,4.827179960495196,-0.5186078056897614,1.4811679480244022,-0.9340128450005524,-1.0753845842742047
10.0,179.0,1000.0232543945312,-4.244100773877271,-2.952535708025476,-1.9640569872209264,0.6894257995591655,-1.3017786877634152,4.8271838170514165,-0.5186079176750367,1.4811687988103328,-0.934010730895258,-1.0753850570304002
10.0,179.0,1000.0235595703124,-4.244098819332191,-2.952541489153739,-1.9640574937274289,0.6894293667597466,-1.3017696684367976,4.82717678731607,-0.5186081008354302,1.481168028337855,-0.9340151129489946,-1.075383594682504
10.0,179.0,1000.0234375,-4.244098668047286,-2.952542547781837,-1.9640578704244724,0.6894297831480802,-1.3017684970818095,4.827175403832467,-0.5186080803352038,1.4811676381000058,-0.9340157454263718,-1.075383638242657
10.0,179.0,1000.0234375,-4.244100354367991,-2.952536012449204,-1.964057653805068,0.6894257481708319,-1.301778602922688,4.827183476201004,-0.5186075532085708,1.4811680361966273,-0.9340099974395102,-1.0753857900343269
10.0,179.0,1000.0232543945312,-4.244100584052706,-2.952537351185451,-1.9640568128016715,0.6894269769543104,-1.3017753435827206,4.827182018077629,-0.5186078982868034,1.4811689481429855,-0.9340124557430708,-1.075384011293452
10.0,179.0,1000.0233154296876,-4.244100220237057,-2.952537040555404,-1.9640576248933213,0.6894263017618174,-1.30177743099022,4.82718215700789,-0.5186075346372734,1.4811679281285297,-0.9340109588083464,-1.075385598044103
10.0,179.0,1000.0235595703124,-4.2440959991555225,-2.952550860303736,-1.9640596076438683,0.6894338360292762,-1.3017587692908863,4.827165381898787,-0.5186081210217122,1.4811651091260858,-0.9340206345483092,-1.075383468699993
10.0,179.0,1000.0232543945312,-4.2441005058215024,-2.952536985072832,-1.964056919204487,0.6894267039215798,-1.301776228409797,4.827182342928559,-0.5186077727415777,1.4811687499173054,-0.9340118860416284,-1.075384449285559
10.0,179.0,1000.0234985351562,-4.244098347354901,-2.952543634921877,-1.9640577641054708,0.6894305498166533,-1.3017663408413864,4.827174397986566,-0.5186080017027814,1.481167735250807,-0.934016580020268,-1.0753830862523237
10.0,179.0,1000.0233154296876,-4.244101113121416,-2.952534333942454,-1.964057076215132,0.6894248392417932,-1.3017808354065852,4.827185308667593,-0.5186077856238294,1.4811686322875754,-0.9340096253434212,-1.0753855418244318
10.0,179.0,1000.0233764648438,-4.244098797585752,-2.9525420506962377,-1.9640579377478848,0.6894293024609954,-1.3017697915993147,4.827176056736146,-0.5186080757532485,1.4811673205063318,-0.9340151923305732,-1.0753839840527886
10.0,179.0,1000.0234375,-4.244096258990055,-2.9525496119616013,-1.9640587500067903,0.6894337214832325,-1.3017593388543096,4.82716678989912,-0.5186082978005881,1.4811660929200183,-0.9340205353260248,-1.075382901712076
10.0,179.0,1000.0232543945312,-4.244099920373092,-2.9525384192298225,-1.9640569182226053,0.6894278100233207,-1.3017731733865818,4.827180488499092,-0.5186079701738446,1.4811689417305596,-0.93401326269153,-1.0753836272106088
10.0,179.0,1000.0232543945312,-4.2441007331639895,-2.952535453416236,-1.9640571153640425,0.6894256245010784,-1.3017784232035368,4.827184155920625,-0.5186077108257976,1.481168526045967,-0.9340105459115592,-1.0753851005945494
10.0,179.0,1000.0234375,-4.2440987672511294,-2.952542053115325,-1.9640579973613963,0.6894291550703926,-1.3017697127827943,4.827176082135516,-0.5186081512614287,1.481167422588488,-0.9340153028308488,-1.075383830836118
10.0,179.0,1000.0233154296876,-4.244100097710074,-2.952539393719514,-1.9640577857468613,0.6894276824951406,-1.3017742678887547,4.827179222625944,-0.5186077609740005,1.4811676545626735,-0.934013003418495,-1.0753848336893572
10.0,179.0,1000.0234375,-4.244101160923256,-2.9525352544269774,-1.9640575461851555,0.6894249975914253,-1.3017802022153653,4.827184554079228,-0.5186073859864528,1.481167943337787,-0.934009812754052,-1.0753856262103278
10.0,179.0,1000.0232543945312,-4.244099623080514,-2.9525403520427966,-1.9640578267350903,0.6894285941317708,-1.3017725583228872,4.8271782090285615,-0.5186076399570227,1.4811677256031572,-0.934013557416124,-1.0753846558333535
10.0,179.0,1000.0233764648438,-4.244100571477567,-2.952536348212174,-1.964057432886544,0.6894259570264003,-1.3017785401301851,4.8271830992947145,-0.5186076188522897,1.4811680541592311,-0.934010679424361,-1.075385514120902
10.0,179.0,1000.0233764648438,-4.244099342478579,-2.952539637856318,-1.9640581927254088,0.6894275414174089,-1.3017744154279205,4.82717909886448,-0.518607745874383,1.481167043543092,-0.9340124914228412,-1.0753855337859437
10.0,179.0,1000.0232543945312,-4.244100120037202,-2.9525385776718807,-1.9640576189485768,0.6894274074302107,-1.301774324681486,4.827180307520269,-0.5186078126706795,1.4811680172614636,-0.9340126555870736,-1.0753845685286485
10.0,179.0,1000.0232543945312,-4.244100536349751,-2.9525372354306563,-1.9640576111954309,0.6894265074354378,-1.301777046378063,4.827181998978572,-0.5186077009430985,1.4811679293340916,-0.9340115153050448,-1.0753850094637336
10.0,179.0,1000.023193359375,-4.244098689902609,-2.9525423915918974,-1.9640579262290991,0.6894295455710804,-1.3017690435539508,4.827175781396184,-0.5186079257178831,1.4811673322966517,-0.93401539958057,-1.0753839657429336
10.0,179.0,1000.0234375,-4.244102885346741,-2.952529637840685,-1.9640559519296708,0.6894226120543001,-1.3017864491829023,4.827191242596166,-0.5186075993414416,1.481170095152173,-0.9340067587375636,-1.075385583850462
10.0,179.0,1000.0232543945312,-4.2440984452139245,-2.9525439392322554,-1.9640578891851663,0.6894307763733476,-1.301766451903965,4.827173831732235,-0.5186079548032749,1.4811673956227942,-0.9340167806541092,-1.0753833010452691
10.0,179.0,1000.0233764648438,-4.244100675013641,-2.9525352232476565,-1.9640578207786152,0.6894248567994676,-1.3017803916868531,4.82718431346898,-0.5186074555095974,1.481167421342203,-0.9340094112194928,-1.0753863686040592
10.0,179.0,1000.0234375,-4.244098098047819,-2.9525437604474387,-1.964058356125068,0.6894303552561354,-1.3017677516262012,4.827173969568072,-0.5186077580795185,1.481166548897055,-0.9340160694540948,-1.075384159404273
10.0,179.0,1000.0233154296876,-4.2441023468745325,-2.9525301628335385,-1.964057300497404,0.6894220096848871,-1.301787365959732,4.827190475660721,-0.518607356076334,1.4811685180422458,-0.9340056885606812,-1.075387149888794
10.0,179.0,1000.0233764648438,-4.244097854695406,-2.952544648675967,-1.9640582546328973,0.6894306757938393,-1.301766552752488,4.827172843118156,-0.518608160843713,1.4811666080665118,-0.9340170394518764,-1.075383843477825
10.0,179.0,1000.0233154296876,-4.244101748226092,-2.952532956843274,-1.964057138907287,0.6894239209681867,-1.3017825916691876,4.82718730007403,-0.5186076152218906,1.4811688641087493,-0.93400827987654,-1.0753857878023494
10.0,179.0,1000.0233154296876,-4.244097644954568,-2.952546524193044,-1.9640585275142783,0.6894318840876421,-1.3017634411329442,4.82717061802877,-0.5186081351212302,1.4811664974145913,-0.9340182767875352,-1.0753832264876628
10.0,180.0,1000.0232543945312,-4.244101396868433,-2.9525335758156164,-1.9640565117308653,0.6894246001560758,-1.3017805587961826,4.827186435210857,-0.5186079340687479,1.4811695678299763,-0.9340097527926448,-1.0753847555890026
10.0,180.0,1000.0233764648438,-4.244098287960934,-2.9525449622104945,-1.9640576945382773,0.6894317460336321,-1.3017643438098905,4.827172479882906,-0.5186081257665691,1.4811677723203251,-0.9340179589141782,-1.0753825675029018
10.0,180.0,1000.0233764648438,-4.244101768946284,-2.9525333532325524,-1.9640567071579265,0.689424616700042,-1.301781688566075,4.827186599951611,-0.5186076964168329,1.4811691161296086,-0.9340091685258534,-1.0753853370127082
10.0,180.0,1000.0232543945312,-4.244099179555157,-2.9525413376315246,-1.9640573123467504,0.689429370879675,-1.3017695095053834,4.827177012568246,-0.5186080403147297,1.4811681533291443,-0.9340153900595932,-1.075383244058565
10.0,180.0,1000.0234985351562,-4.244099039675207,-2.9525415530380097,-1.9640575668663645,0.6894290338354203,-1.301770692849674,4.827176704029647,-0.5186079489512094,1.481167517088254,-0.934014975153576,-1.0753840680521205
10.0,180.0,1000.0234985351562,-4.244100755557483,-2.9525361661396814,-1.964056779957652,0.6894260725024939,-1.3017768507438436,4.827183363520639,-0.5186080058172653,1.4811691097817803,-0.934011524901556,-1.075384076758758
10.0,180.0,1000.0234985351562,-4.244101051418339,-2.952534544362269,-1.9640575047636268,0.6894247781410705,-1.3017802790595918,4.827185481887952,-0.5186074469594679,1.481168269524023,-0.9340091216280246,-1.0753859775475627
10.0,180.0,1000.0232543945312,-4.24409876363941,-2.952542593987624,-1.9640580158337133,0.6894296798497219,-1.3017687357653678,4.827175471965488,-0.5186078291248215,1.4811673192294528,-0.934015320971203,-1.07538389404279
10.0,180.0,1000.0233154296876,-4.244101722839614,-2.9525332120962,-1.964057189685117,0.6894241546048141,-1.301782775721848,4.827186901757843,-0.5186075326885895,1.4811686447181982,-0.9340082691289772,-1.0753860567443247
10.0,180.0,1000.0233764648438,-4.244100065314681,-2.952539993883899,-1.964057867720444,0.6894279590145231,-1.3017735064029106,4.8271788048509325,-0.5186077143470511,1.4811673559248415,-0.9340132516275608,-1.0753847339277116
10.0,180.0,1000.0233764648438,-4.24409923586548,-2.95254202364878,-1.9640572455783565,0.6894299946566571,-1.301768111273771,4.827176316342264,-0.5186080269927782,1.4811685006507345,-0.9340158183168308,-1.0753828471048292
10.0,180.0,1000.0234985351562,-4.2440995846079925,-2.9525391548931785,-1.9640579923698804,0.6894272726558466,-1.3017746080868564,4.827179784203956,-0.518607784481083,1.4811673259634448,-0.9340125663075254,-1.0753852338670322
10.0,180.0,1000.0232543945312,-4.244100310957381,-2.952538164081421,-1.9640576369322047,0.6894268725336792,-1.3017756885397789,4.827180859147166,-0.5186077308990953,1.481167766451455,-0.9340120041381272,-1.0753849675830036
10.0,180.0,1000.0232543945312,-4.244100026596947,-2.9525392425794155,-1.96405774829422,0.689427437346235,-1.301774513899343,4.827179693326698,-0.5186077816928778,1.4811676322652207,-0.9340127598309964,-1.0753848717768042
10.0,180.0,1000.0233154296876,-4.244103023053423,-2.952527655345193,-1.9640567976278152,0.6894209002106351,-1.3017904932392672,4.827193551556876,-0.5186073327977532,1.4811691995667395,-0.9340041613405649,-1.075387413107725
10.0,180.0,1000.0233764648438,-4.244101734944729,-2.952532142637509,-1.9640573571764328,0.6894230458845616,-1.301784782123976,4.827188319626522,-0.5186074228560997,1.4811681997618802,-0.934007349378482,-1.0753866251382211
10.0,180.0,1000.0232543945312,-4.24409440590171,-2.9525577211820546,-1.964059320946236,0.689438755600901,-1.301746687075168,4.827156984408532,-0.5186085487879719,1.481165204398204,-0.9340270645730911,-1.075380404381208
10.0,180.0,1000.0232543945312,-4.244100739122743,-2.9525360689782296,-1.9640578942611384,0.6894253720609242,-1.3017791463131618,4.827183345198996,-0.518607705926815,1.4811675606840495,-0.934010252043228,-1.0753858282522288
10.0,180.0,1000.0233764648438,-4.244102415492911,-2.952530594731515,-1.9640571021172315,0.689422401603041,-1.3017866998637189,4.827190024740611,-0.5186075336906102,1.4811686855971633,-0.9340064961157122,-1.075386710266728
10.0,180.0,1000.0233154296876,-4.244102492069265,-2.95253057421554,-1.9640563951496,0.6894228845462322,-1.3017856163321575,4.827190160173458,-0.5186075836948261,1.48116963011915,-0.9340070852849632,-1.075385836547054
10.0,180.0,1000.0234375,-4.24410095348542,-2.952534910686045,-1.9640572011934223,0.6894249100496133,-1.3017797115321694,4.8271848854513895,-0.518607633669788,1.48116845276766,-0.9340098083920684,-1.0753854710876776
10.0,180.0,1000.0234375,-4.244097340950916,-2.952547780699585,-1.96405843015893,0.6894326715137211,-1.3017609732504756,4.827169269307904,-0.5186081975485202,1.4811666529874916,-0.9340195162903892,-1.0753824400339456
10.0,180.0,1000.0233154296876,-4.2441004655542285,-2.9525367246686427,-1.9640575939702047,0.6894259370909932,-1.3017775141674504,4.827182775804776,-0.518607727529985,1.4811680166226855,-0.9340109036735464,-1.075385249225946
10.0,180.0,1000.023193359375,-4.244099752360119,-2.9525397077339246,-1.9640576873254605,0.6894280634627137,-1.301772825623213,4.827178869284404,-0.5186078431416332,1.481167818463102,-0.9340136416520926,-1.0753842170580965
10.0,180.0,1000.0233764648438,-4.244096745642848,-2.952549197200838,-1.964058094120118,0.6894341353455253,-1.3017580350999154,4.827167301709213,-0.5186084665386179,1.4811671237338322,-0.9340212071408064,-1.0753816635720996
10.0,180.0,1000.0234375,-4.244099002513505,-2.952541099547256,-1.964058365793886,0.689428406628898,-1.3017717169530476,4.827177306989881,-0.5186076765679752,1.481166822096056,-0.934013921994982,-1.0753849444237695
10.0,180.0,1000.0232543945312,-4.24410058264991,-2.9525369653315106,-1.964057251828157,0.6894263818154398,-1.3017769113213706,4.8271824577907765,-0.51860769101269,1.481168248743305,-0.9340115576631468,-1.0753848933806962
10.0,180.0,1000.0233154296876,-4.244101351308055,-2.952534570170272,-1.9640573471319032,0.6894248674659025,-1.3017816509903426,4.827185293172336,-0.5186074734755621,1.4811680446901925,-0.9340092999375376,-1.0753860736294127
10.0,180.0,1000.0233154296876,-4.244098221831678,-2.952543034328997,-1.9640581661943068,0.6894297429630933,-1.301768600392574,4.827174845458341,-0.5186081011649835,1.481166904510271,-0.9340157614492924,-1.0753840944213915
10.0,180.0,1000.0233764648438,-4.2441018517943085,-2.95253352959378,-1.9640566652961184,0.6894244383828472,-1.3017822532976364,4.827186667269709,-0.5186076067329717,1.4811691501732662,-0.9340090639717128,-1.0753855136688983
10.0,180.0,1000.0233154296876,-4.2441002635566205,-2.95253805060631,-1.964057065615029,0.6894274814515278,-1.3017741124125628,4.827181059793787,-0.518607880309724,1.4811688221337889,-0.9340127787890716,-1.0753838880682896
10.0,180.0,1000.0233764648438,-4.244100387424442,-2.9525363712990056,-1.9640575900165336,0.6894257684797136,-1.3017778143165737,4.82718306409919,-0.5186077486872742,1.4811679770083854,-0.9340108524453976,-1.0753853596745158
10.0,180.0,1000.0233764648438,-4.244100290463027,-2.9525375522466164,-1.964057541909524,0.6894265074959263,-1.301776500450036,4.827181422412151,-0.5186077860144431,1.4811678664709709,-0.9340116942896276,-1.075385203629887
10.0,180.0,1000.0234375,-4.244100843984347,-2.9525359604920545,-1.9640566973588385,0.689426124540593,-1.3017772981718698,4.827183611927788,-0.5186079123857095,1.481169064164578,-0.9340114375124404,-1.0753843670833252
10.0,180.0,1000.0233154296876,-4.244099164660865,-2.9525424320743427,-1.9640576624627109,0.6894298709648421,-1.3017693177851912,4.827175740304268,-0.5186079257195662,1.481167695036075,-0.9340156769401649,-1.075383607962487
10.0,180.0,1000.0232543945312,-4.244101822786297,-2.95253219342891,-1.9640570091378369,0.6894234651098294,-1.30178346077025,4.827188018613635,-0.5186076212819675,1.4811688852568483,-0.9340079236897544,-1.075385908685798
10.0,180.0,1000.0233154296876,-4.2441026897887015,-2.9525292536438306,-1.964056943075116,0.6894214607931364,-1.301788635752981,4.827191636889161,-0.5186074002163767,1.4811688456084688,-0.9340054219047164,-1.075387084380694
10.0,180.0,1000.0232543945312,-4.244098009418646,-2.95254571312224,-1.9640582073784365,0.6894314714187093,-1.301764641398183,4.827171788531242,-0.518607933362131,1.4811668312500714,-0.9340178082691796,-1.075383282505605
10.0,180.0,1000.0233154296876,-4.244099025779507,-2.9525425500012874,-1.9640576951769773,0.6894300773311892,-1.3017686559888189,4.8271756458165385,-0.5186079005602267,1.4811677452871788,-0.9340157332255296,-1.0753836594850157
10.0,180.0,1000.0233154296876,-4.244098680509897,-2.95254279752239,-1.964058123721646,0.6894296884042417,-1.3017688857844325,4.827175232303933,-0.5186078002371506,1.4811671226873733,-0.934015558542562,-1.07538392907707
10.0,180.0,1000.0233764648438,-4.244099924510816,-2.9525379581309545,-1.9640572658524549,0.6894272915971742,-1.301774558746287,4.8271811894639765,-0.5186078130915526,1.4811685944806143,-0.9340123051803292,-1.0753844482047823
10.0,180.0,1000.0233764648438,-4.244098215785701,-2.952543849054346,-1.964058208339469,0.6894304106420224,-1.3017672474630433,4.827173833863185,-0.518607930253637,1.4811669825048792,-0.9340163623002606,-1.0753838293405065
10.0,180.0,1000.0234985351562,-4.2440973481484185,-2.952545746843775,-1.964058598039788,0.6894312487076739,-1.3017646763740758,4.82717150641068,-0.5186080286451604,1.4811663277519207,-0.9340176674874998,-1.0753837175789798
10.0,180.0,1000.0234375,-4.244099974963746,-2.9525393813026173,-1.964057235001806,0.689427981298051,-1.3017731300947073,4.827179374290516,-0.5186080513309861,1.4811684745314766,-0.9340135285987774,-1.0753838075065087
10.0,180.0,1000.023193359375,-4.244098244003944,-2.9525444439049373,-1.964057774067212,0.6894311234369956,-1.3017658640054002,4.827173205015185,-0.5186080389259331,1.481167547707357,-0.934017234314525,-1.0753832334574835
10.0,180.0,1000.0232543945312,-4.244100249707064,-2.952538119994308,-1.9640575102253988,0.6894271797876428,-1.3017753494417672,4.827180927048232,-0.5186077799424709,1.481168147339707,-0.9340120186424644,-1.0753848762988565
10.0,180.0,1000.0233764648438,-4.244100148517857,-2.9525378115001493,-1.964057933310774,0.6894263310300346,-1.3017770532017456,4.827181369917884,-0.5186075190558199,1.4811672387875454,-0.9340112783584322,-1.075385774793073
10.0,180.0,1000.023193359375,-4.244098664744896,-2.95254327637263,-1.964058172114986,0.68942993296191,-1.301768238066229,4.827174730794601,-0.5186078958162934,1.4811669549561914,-0.9340159566275128,-1.0753838854503348
10.0,180.0,1000.0233154296876,-4.244099952456605,-2.952538922461938,-1.9640571961364823,0.6894278332500035,-1.301773825733541,4.827179898747943,-0.5186079145766227,1.4811683552868118,-0.9340133912321312,-1.0753842281747437
10.0,180.0,1000.0233764648438,-4.244102359409675,-2.952531541594059,-1.9640564331911847,0.6894232855862299,-1.3017843051072204,4.827188958474364,-0.5186075444843539,1.4811695829405949,-0.9340077830327856,-1.0753856806608733
10.0,181.0,1000.0234375,-4.244099229085522,-2.952541820277601,-1.9640577670280843,0.6894293904842712,-1.301770076937863,4.8271763570321,-0.5186078625307413,1.4811677070978782,-0.9340150060976892,-1.0753839686700255
10.0,181.0,1000.0233154296876,-4.2441002535705765,-2.95253742561426,-1.96405742320316,0.6894264861064547,-1.3017761989939007,4.82718185628276,-0.5186077909044959,1.4811679862453175,-0.9340117867598544,-1.0753848978718077
10.0,181.0,1000.0232543945312,-4.244099440780474,-2.9525400986735564,-1.964057739107682,0.6894280919412346,-1.3017726876958409,4.827178650832735,-0.5186077689998472,1.481167635340258,-0.9340135998012888,-1.0753845474696582
10.0,181.0,1000.0232543945312,-4.244097322744047,-2.9525471129717946,-1.964058476556921,0.6894321647161785,-1.3017624808376245,4.8271698377808985,-0.5186082047403522,1.481166452619788,-0.934019033550226,-1.0753830167958278
10.0,181.0,1000.0232543945312,-4.24409976865265,-2.9525392612929,-1.9640578510255635,0.6894275721687091,-1.3017737574086818,4.827179532837056,-0.5186078226493605,1.48116768371057,-0.9340128755088736,-1.0753847389489295
10.0,181.0,1000.0233764648438,-4.244096975239856,-2.9525486507855665,-1.9640587342503928,0.6894333244494311,-1.3017604755503551,4.827168088116457,-0.5186079549032314,1.4811661245260668,-0.9340198628086718,-1.0753828226246838
10.0,181.0,1000.0233764648438,-4.244102153365495,-2.9525310402478144,-1.96405737541628,0.6894224266286395,-1.3017868801536037,4.827189568929956,-0.5186073028368297,1.4811683208320368,-0.934006206184626,-1.0753872362711152
10.0,181.0,1000.0232543945312,-4.244098617066184,-2.952543202491582,-1.9640576478957668,0.6894302881736252,-1.3017674793680318,4.827174751922916,-0.5186080802348574,1.4811676600348385,-0.9340164725469666,-1.0753831935497953
10.0,181.0,1000.0232543945312,-4.244099740331803,-2.9525400247273965,-1.964057434446624,0.6894284899560796,-1.3017716446727698,4.827178672368383,-0.5186078402542291,1.4811680710697803,-0.934014121674533,-1.0753837059893732
10.0,181.0,1000.0233154296876,-4.244101165544498,-2.9525355992085696,-1.964056920660795,0.6894256241301235,-1.301778527987334,4.82718398938955,-0.5186077685639487,1.4811688303096906,-0.934010923823684,-1.075384753750526
10.0,181.0,1000.0232543945312,-4.244099550232403,-2.9525400519598644,-1.964058026155976,0.6894278455964118,-1.301773283019148,4.82717850256415,-0.5186076769380694,1.4811673110579893,-0.9340131280971892,-1.075385138017536
10.0,181.0,1000.0233154296876,-4.2440998531867855,-2.9525390412103665,-1.96405758141199,0.6894276406305311,-1.3017737451455655,4.827179836716644,-0.518607807022538,1.4811679583596955,-0.9340128395716364,-1.0753845063883776
10.0,181.0,1000.0233764648438,-4.244098371270964,-2.9525441813565303,-1.9640582727345568,0.6894306188984434,-1.301767250615678,4.827173466325881,-0.518607906744081,1.4811667590621873,-0.9340164591204791,-1.0753839395877218
10.0,181.0,1000.0234985351562,-4.2440993388848245,-2.9525413234215643,-1.9640578826448127,0.6894285838312708,-1.3017710033287635,4.827176948796502,-0.5186079998550959,1.4811675349928333,-0.934014660719158,-1.0753840784747943
10.0,181.0,1000.0232543945312,-4.2441045319795565,-2.9525236591375204,-1.9640557208970009,0.6894188378536565,-1.3017953947177707,4.827198705825399,-0.5186073277301801,1.4811708304568434,-0.9340019891317324,-1.075387197170607
10.0,181.0,1000.0232543945312,-4.244099730861114,-2.952539681976266,-1.96405751327968,0.6894277842230032,-1.3017731695690635,4.827179124845163,-0.5186079892696869,1.4811679055772276,-0.934013513570882,-1.0753843816583557
10.0,181.0,1000.0232543945312,-4.244097788747611,-2.952546317914794,-1.9640582271150355,0.6894320567792604,-1.3017632576439424,4.827170965330719,-0.518608078075883,1.48116694212416,-0.9340184514935964,-1.075382828205822
10.0,181.0,1000.0233764648438,-4.244100080013231,-2.952537942235602,-1.9640574692185715,0.6894267816342783,-1.3017751922588423,4.827181256994786,-0.5186078763978816,1.4811682463672646,-0.9340121417795793,-1.0753846074326343
10.0,181.0,1000.0233154296876,-4.244100594956572,-2.9525359614889304,-1.964057035600713,0.6894256011192601,-1.301777693072899,4.82718359195998,-0.518607914268963,1.481168591579479,-0.9340110221718856,-1.0753848341075374
10.0,181.0,1000.0233154296876,-4.244103446672932,-2.952526423612722,-1.9640570094375127,0.6894194744501112,-1.301793376522442,4.827195182964697,-0.5186072996799709,1.481168801014615,-0.9340027025416688,-1.075388222917129
10.0,181.0,1000.0234375,-4.244101868923041,-2.952532460805087,-1.964056776861922,0.6894239240452809,-1.301783189129317,4.827187718508215,-0.5186076251066831,1.4811691546399466,-0.934008243992416,-1.0753857218912537
10.0,181.0,1000.023193359375,-4.2440999653574005,-2.952538917981609,-1.9640574660339016,0.689427611641797,-1.3017736773559951,4.827179781500858,-0.5186080044166754,1.4811681378585506,-0.9340132202023472,-1.0753841675952374
10.0,181.0,1000.0233764648438,-4.244098465424973,-2.952544665949365,-1.9640578809453983,0.6894311540931,-1.3017651030169586,4.82717314110937,-0.5186080205945949,1.4811674569969764,-0.9340174298541664,-1.0753827599781034
10.0,181.0,1000.0233764648438,-4.244101591194426,-2.9525338595661603,-1.964057011493188,0.6894245258330152,-1.3017813030896548,4.827186256512162,-0.518607506389646,1.4811688548130677,-0.9340089339799064,-1.075385543390527
10.0,181.0,1000.0232543945312,-4.244099053905494,-2.9525412522572108,-1.9640582194909848,0.6894285668941746,-1.3017713957608028,4.827177035974859,-0.5186077439285448,1.4811670578688343,-0.9340142196488604,-1.0753847348912622
10.0,181.0,1000.0234375,-4.244101712549107,-2.952534149852279,-1.9640568621691123,0.6894247668842324,-1.3017806875851323,4.8271856890490366,-0.5186077465461993,1.48116900372146,-0.934009695911568,-1.0753850018879794
10.0,181.0,1000.0233154296876,-4.24410103172257,-2.9525350816381275,-1.9640575107378684,0.6894250034409612,-1.3017803945088555,4.827184650332423,-0.5186076507427293,1.4811680927966462,-0.9340097425718684,-1.075385906810089
10.0,181.0,1000.0233764648438,-4.244100152873831,-2.9525376196418414,-1.9640578956553445,0.6894265002364977,-1.3017768682971385,4.827181606426025,-0.5186076417681331,1.4811675207328534,-0.934011257975035,-1.075385555596062
10.0,181.0,1000.0232543945312,-4.244099089561116,-2.952542463099056,-1.9640578343738515,0.6894297836128374,-1.3017686213281827,4.827175768350182,-0.5186079241629376,1.4811676103891172,-0.9340157013626058,-1.075383398037701
10.0,181.0,1000.0233764648438,-4.2441016591509015,-2.9525336482019284,-1.9640567697511084,0.6894245517071029,-1.3017813711251454,4.827186350997019,-0.5186077815705179,1.4811690303505456,-0.9340093762376336,-1.075385299744979
10.0,181.0,1000.0233764648438,-4.244099869323503,-2.952540036692314,-1.9640574391358063,0.6894285321287317,-1.3017718072484636,4.827178685136653,-0.5186078829222351,1.481168161844046,-0.9340141996102966,-1.075383688627375
10.0,181.0,1000.0232543945312,-4.244097321947689,-2.9525476124831456,-1.964058392165409,0.6894326100244443,-1.3017614625719114,4.827169377438212,-0.518608162785787,1.4811667658906955,-0.9340195788150892,-1.0753825540206878
10.0,181.0,1000.0232543945312,-4.244099667822912,-2.9525401570719403,-1.9640571293650133,0.689428799134582,-1.301771610877072,4.827178548762557,-0.5186078665211271,1.481168405380135,-0.9340144334569214,-1.0753835989068268
10.0,181.0,1000.0233764648438,-4.244099388559469,-2.9525405250791046,-1.9640577190538089,0.689428555078818,-1.3017713903656256,4.827177975364197,-0.5186079616706669,1.481167777853722,-0.9340141585632812,-1.0753841163213589
10.0,181.0,1000.0233154296876,-4.244097765214245,-2.9525460965258827,-1.96405843608468,0.6894314226049385,-1.3017640395742365,4.8271711498463805,-0.5186081454027915,1.4811666048658534,-0.934018077536752,-1.0753832381017423
10.0,181.0,1000.0233154296876,-4.244099374088629,-2.9525403587958667,-1.9640581647386213,0.6894279373845844,-1.301772569867066,4.827178184469977,-0.5186078673182273,1.4811672490392187,-0.9340134553914288,-1.0753848578715242
10.0,181.0,1000.0232543945312,-4.244097361624005,-2.952547647535504,-1.9640582295074875,0.6894327419513813,-1.3017611511808402,4.827169284317735,-0.5186082273848589,1.4811669030599235,-0.9340196887993608,-1.0753824107483871
10.0,181.0,1000.0233154296876,-4.244099714825331,-2.9525393656010124,-1.964057987269599,0.6894275374891805,-1.3017743433802749,4.827179484027354,-0.51860759890931,1.481167316142633,-0.9340127312856836,-1.0753851181862446
10.0,181.0,1000.0233764648438,-4.244100921789399,-2.9525355416640844,-1.9640570643732664,0.6894257440736906,-1.3017780796529066,4.827183983315823,-0.5186078429740357,1.4811687167951204,-0.934010774886894,-1.075384720357783
10.0,181.0,1000.0234375,-4.244101855380981,-2.952532518820012,-1.964056374683378,0.6894239578147854,-1.3017828516011818,4.827187902289847,-0.5186078227991668,1.4811694509380755,-0.9340087883831556,-1.0753852369448411
10.0,181.0,1000.0232543945312,-4.244099280746626,-2.952541385337112,-1.9640580619761523,0.6894287609429126,-1.3017711639543892,4.82717702985806,-0.51860782657063,1.481167161773457,-0.93401433401728,-1.075384447562488
10.0,181.0,1000.0233154296876,-4.244100486813457,-2.952536984603906,-1.964057551930328,0.6894261695561177,-1.3017778819246937,4.8271823485632765,-0.5186075960344185,1.4811677308021736,-0.9340110864522018,-1.0753855220451882
10.0,181.0,1000.0234375,-4.244096913253288,-2.952550244694664,-1.964057480275724,0.6894351636977349,-1.3017560784804187,4.8271662699842,-0.5186085740454676,1.4811678221024334,-0.9340226868436856,-1.0753804500513588
10.0,181.0,1000.0233154296876,-4.244096927124116,-2.952549455426688,-1.964058603021253,0.6894337592555742,-1.3017589428040868,4.827167044716758,-0.518608171355396,1.4811663730813365,-0.9340205901458952,-1.075382400004675
10.0,181.0,1000.0232543945312,-4.2441028826248415,-2.952527763608881,-1.96405674562818,0.6894206491836696,-1.301790062489678,4.827193517787057,-0.5186073922983079,1.481169203252671,-0.9340043707128904,-1.0753872274004856
10.0,181.0,1000.0233154296876,-4.244100445183554,-2.952537940677085,-1.9640573501672471,0.6894270461063794,-1.301775921705917,4.827181182609493,-0.5186077056916112,1.481168179925123,-0.9340119612989756,-1.075384923953691
10.0,181.0,1000.0233764648438,-4.24410177726719,-2.952533093733968,-1.964056527630297,0.6894245959550638,-1.301781128975859,4.827186916001539,-0.5186078256507649,1.4811695643150171,-0.9340093206813824,-1.0753847430092596
10.0,181.0,1000.0233764648438,-4.244097981563688,-2.952545391833848,-1.964058161898218,0.689431658017198,-1.3017643176972622,4.827172154065183,-0.5186078803542209,1.4811671897138812,-0.9340176954465688,-1.075383076606653
10.0,181.0,1000.0232543945312,-4.244097836302454,-2.9525460938895787,-1.9640584583003664,0.689431539485823,-1.301764221925116,4.827171220309612,-0.5186081807297356,1.4811667038734546,-0.9340179972255048,-1.075383247915653
10.0,181.0,1000.0233154296876,-4.244101606762241,-2.9525329968418017,-1.9640570362061167,0.689423683913585,-1.301782881227123,4.827187125017479,-0.5186077274103331,1.4811684507672158,-0.9340085029297622,-1.0753858856404004
10.0,182.0,1000.0234375,-4.244100563114887,-2.9525375280660944,-1.9640572870387047,0.6894268018508036,-1.3017754419350864,4.827181662696363,-0.518607877921899,1.481168487714334,-0.9340121395736656,-1.0753843299387351
10.0,182.0,1000.0234375,-4.244098093739957,-2.952544403155883,-1.964058613687148,0.689430537616734,-1.3017669296777994,4.827173086759354,-0.5186079905603549,1.481166492490157,-0.9340166257139968,-1.075384197319336
10.0,182.0,1000.0233154296876,-4.244096403176814,-2.952550742735542,-1.9640592184033088,0.6894342114613465,-1.3017578126398637,4.827165445469445,-0.5186081786420464,1.481165626709925,-0.9340212111828468,-1.0753826288315365
10.0,182.0,1000.0233764648438,-4.244101296674463,-2.952535389978602,-1.9640565337055644,0.6894258532993716,-1.3017781863892122,4.827184337756711,-0.5186077433632379,1.4811692751458612,-0.9340110765033236,-1.075384384612862
10.0,182.0,1000.0233154296876,-4.244101756343648,-2.952532871429928,-1.9640572441878537,0.6894235791896737,-1.3017828198891723,4.827187395569043,-0.5186075978870601,1.4811686032093547,-0.9340081421256404,-1.0753859313892806
10.0,182.0,1000.0232543945312,-4.244098744943664,-2.952542500951904,-1.964057892722504,0.6894295099025332,-1.3017685510978176,4.827175594057763,-0.5186081027716041,1.4811676430876686,-0.9340157682570496,-1.0753835579426156
10.0,182.0,1000.0233764648438,-4.24409986113785,-2.9525386182390334,-1.964057701517488,0.6894270760576813,-1.3017745702174603,4.827180226429533,-0.5186079094417426,1.4811678988147552,-0.9340126514544104,-1.0753846262824744
10.0,182.0,1000.0233154296876,-4.244100921771854,-2.952536553111104,-1.964057111780412,0.6894260982592684,-1.3017770930246249,4.827182929425698,-0.5186079164417832,1.4811685679765807,-0.9340115359108738,-1.075384439031872
10.0,182.0,1000.0233154296876,-4.244099350015678,-2.9525404362358554,-1.964057780160292,0.6894283440106621,-1.3017719723631689,4.827178068220732,-0.5186078294575536,1.481167535820337,-0.9340139270269896,-1.0753844088105962
10.0,182.0,1000.0233764648438,-4.244099069813936,-2.952542775824383,-1.9640574444131704,0.6894302505996972,-1.3017684372965448,4.827175394607497,-0.5186079621837401,1.4811679505527318,-0.9340160699061304,-1.0753833520524745
10.0,182.0,1000.0234375,-4.2441004981287325,-2.9525372360276663,-1.964056898744761,0.6894270360560952,-1.3017753802165362,4.827182100530965,-0.5186078306189614,1.4811689232663472,-0.9340122574507372,-1.0753840344221404
10.0,182.0,1000.0232543945312,-4.244098926073782,-2.9525416656161068,-1.9640579176640465,0.6894291815792011,-1.3017696502608684,4.827176417417032,-0.5186080230559877,1.481167554259823,-0.9340150376384546,-1.075383732147066
10.0,182.0,1000.0233154296876,-4.244100431522049,-2.9525367477205053,-1.964057881386132,0.689425791496781,-1.3017780437421522,4.827182532103283,-0.5186076534902071,1.4811675285326509,-0.9340106995262828,-1.0753857779096458
10.0,182.0,1000.0232543945312,-4.244098138116166,-2.9525442621154934,-1.9640582934891049,0.6894304846024344,-1.301766728874239,4.827173374528359,-0.5186080941052094,1.4811668197576786,-0.9340168136688094,-1.075383593597432
10.0,182.0,1000.0232543945312,-4.244096901723811,-2.952549471403339,-1.9640586167568943,0.6894339737634443,-1.3017587318891088,4.827167229816567,-0.5186080321533391,1.4811663638834514,-0.9340206299652828,-1.075382337018553
10.0,182.0,1000.0233764648438,-4.2441007577415455,-2.952535857016904,-1.9640569023886911,0.6894257475784542,-1.3017779958606774,4.827183645914385,-0.5186079135153019,1.4811686674352318,-0.9340110200516074,-1.075384859052705
10.0,182.0,1000.0233154296876,-4.244099617071257,-2.95253945112806,-1.964057709063277,0.6894277150283141,-1.301773577906464,4.827179223574809,-0.518607860147605,1.4811676040372568,-0.9340133309477174,-1.0753845776944804
10.0,182.0,1000.023193359375,-4.244100115887035,-2.952538434377952,-1.9640571860633933,0.6894276282178327,-1.3017741961508396,4.827180540231112,-0.5186077175640866,1.4811684388141702,-0.9340129513069702,-1.0753842669661466
10.0,182.0,1000.023193359375,-4.244096599851821,-2.9525494419002865,-1.964058501846348,0.6894338827189816,-1.3017584393419297,4.827166985510917,-0.5186082050472773,1.4811665194365764,-0.9340208726731368,-1.0753822817225362
10.0,182.0,1000.0233154296876,-4.244100834181652,-2.952536826490132,-1.964057411900584,0.6894264183499246,-1.3017777247968212,4.827182522705881,-0.5186075679050228,1.481168096958393,-0.9340112438601232,-1.0753851515900932
10.0,182.0,1000.0234375,-4.2440969196806,-2.9525489308944546,-1.9640583104585687,0.6894335811504204,-1.30175907461755,4.8271678330342045,-0.5186082837883053,1.481166785275871,-0.9340208387985056,-1.0753819692493884
10.0,182.0,1000.0232543945312,-4.244100927736602,-2.952535362491518,-1.9640571332987529,0.6894254406108971,-1.301778498763274,4.827184266432225,-0.5186078560222507,1.481168726159666,-0.9340105539510146,-1.075384837502098
10.0,182.0,1000.0232543945312,-4.244098713728465,-2.952543898420852,-1.964057997975656,0.6894303577170771,-1.3017670345351102,4.827173869859433,-0.5186081249856755,1.4811672361686732,-0.9340166477976516,-1.075383337661055
10.0,182.0,1000.0233154296876,-4.244097491498316,-2.9525468129814243,-1.964058325268652,0.6894320742331814,-1.3017625069734151,4.827170320045823,-0.5186081782114424,1.4811667835483109,-0.9340188923794832,-1.0753828263092284
10.0,182.0,1000.0232543945312,-4.244098751824804,-2.9525429357523785,-1.9640576803190728,0.6894301149648303,-1.3017676843247328,4.827175038677547,-0.5186080153699049,1.481167741211232,-0.9340162036580456,-1.0753833245134174
10.0,182.0,1000.023193359375,-4.24409786870548,-2.9525459711776176,-1.9640583879850413,0.6894316945560464,-1.301763851084932,4.827171300481041,-0.5186080726515012,1.48116680294088,-0.9340180801335852,-1.0753832121887943
10.0,182.0,1000.0233764648438,-4.2440992625896286,-2.952541156210151,-1.9640575383587429,0.6894289785667018,-1.3017702523221637,4.827177211986241,-0.5186080104572985,1.4811680431326657,-0.9340149198937784,-1.0753835685766382
10.0,182.0,1000.0233154296876,-4.244101047719272,-2.9525349377642574,-1.9640569725777304,0.6894252730065675,-1.3017793429575923,4.827184911810216,-0.5186078509636332,1.4811689470167302,-0.93401012970968,-1.075385037808922
10.0,182.0,1000.0232543945312,-4.244100061935211,-2.9525381803762065,-1.9640569794471303,0.6894275282198947,-1.3017737414681925,4.827180893343122,-0.5186078654623731,1.4811687840988397,-0.9340130443097072,-1.0753839301797137
10.0,182.0,1000.0235595703124,-4.244100720183259,-2.952536159901866,-1.9640569748294603,0.6894261366561603,-1.3017778794414614,4.827183485191238,-0.5186077358835854,1.4811686958781929,-0.9340111003435316,-1.0753849084021017
10.0,182.0,1000.0232543945312,-4.24409968937834,-2.952538457568857,-1.9640580743727327,0.6894266323652385,-1.3017753135532524,4.82718029555868,-0.5186078278865915,1.481167159900764,-0.9340122064164288,-1.0753853075236597
10.0,182.0,1000.0233764648438,-4.244098374126497,-2.9525437388009714,-1.964058230165364,0.6894302548592961,-1.3017671028331157,4.827174029115822,-0.5186080078932758,1.4811670965961945,-0.9340163222809216,-1.0753836735355635
10.0,182.0,1000.0234375,-4.24409837114329,-2.952543755451793,-1.9640579540165843,0.6894304877363115,-1.3017665936117124,4.827174013289802,-0.5186081076219091,1.481167351571349,-0.9340167952213934,-1.07538320019618
10.0,182.0,1000.0234375,-4.2440996797955695,-2.952541116987582,-1.964057519189572,0.6894288541660423,-1.3017704442687834,4.827177341852382,-0.5186080119334537,1.4811678789553264,-0.934015064501593,-1.0753834853134157
10.0,182.0,1000.0233154296876,-4.244099106412571,-2.9525420155755016,-1.9640579349668963,0.6894291259446783,-1.301769856860445,4.827176114471094,-0.5186079836935233,1.4811674127042895,-0.9340152239008752,-1.0753840090264797
10.0,182.0,1000.0233154296876,-4.244098541759309,-2.952543846265028,-1.9640579654261128,0.6894305319446996,-1.3017666644252943,4.827173896324229,-0.5186080067770495,1.4811671880876751,-0.9340168032317218,-1.075383208426921
10.0,182.0,1000.0234985351562,-4.244101720942898,-2.9525331970507445,-1.9640567328365768,0.6894243343640216,-1.3017817801605784,4.827186796188462,-0.5186077516831951,1.4811691759647418,-0.9340091361192302,-1.075385138257912
10.0,182.0,1000.0233764648438,-4.244098277798848,-2.9525445903899907,-1.964058286645085,0.6894307115092202,-1.3017666579483302,4.827173081008585,-0.518607915791188,1.48116682706764,-0.9340168403890504,-1.0753837618853117
10.0,182.0,1000.0232543945312,-4.244103780547511,-2.9525259738465524,-1.9640563476107733,0.689419886730585,-1.301793076038459,4.827195790551711,-0.5186072373988768,1.4811697334177722,-0.9340031377010956,-1.0753874000691428
10.0,182.0,1000.0233154296876,-4.244098614962093,-2.952544103188152,-1.964057946478144,0.6894306457006625,-1.301766858288552,4.827173713813348,-0.5186079515857758,1.4811672574039854,-0.9340167393579756,-1.0753834344903868
10.0,182.0,1000.023193359375,-4.244099135824127,-2.952542087874152,-1.964057669404576,0.6894293497387647,-1.3017694217155409,4.827176120913636,-0.5186080240285582,1.48116759278249,-0.9340155584443997,-1.0753835499041695
10.0,182.0,1000.0232543945312,-4.244098558124231,-2.9525435537773994,-1.9640582921630017,0.6894301333756117,-1.301768079820091,4.82717428006084,-0.5186079158679746,1.481166959706469,-0.934016054530912,-1.075383940726092
10.0,182.0,1000.0234375,-4.244099002470118,-2.9525422279401714,-1.964057595298888,0.6894295451627217,-1.3017687347527611,4.827175929587117,-0.5186081428183185,1.4811678694493855,-0.9340159197377726,-1.0753833000196926
10.0,182.0,1000.0233154296876,-4.244097989120236,-2.952544903578946,-1.9640580588682115,0.6894313101702743,-1.3017647134385162,4.827172627824961,-0.5186079949299378,1.4811672139116698,-0.9340173719441608,-1.075383142658458
10.0,182.0,1000.0233154296876,-4.244099444427395,-2.9525411213727044,-1.96405781730778,0.6894287655365448,-1.3017711579657067,4.827177259062809,-0.5186078356806165,1.4811675000005415,-0.934014598863782,-1.0753840585802066
10.0,182.0,1000.0234985351562,-4.244094325206109,-2.952557278195292,-1.964059548964912,0.6894381027329777,-1.301748235632095,4.827157643348237,-0.518608489793059,1.4811649252080077,-0.9340264561128055,-1.075380979954152
10.0,182.0,1000.0232543945312,-4.244097548005492,-2.952547012902793,-1.964058208643245,0.6894323865251355,-1.3017625694179569,4.827170013084785,-0.5186082601597555,1.4811669023110516,-0.9340191594751346,-1.075382664851925
10.0,182.0,1000.0233764648438,-4.244097484788996,-2.952545706837261,-1.964058620367986,0.6894312841459405,-1.301764219558005,4.827171661782669,-0.5186080129756157,1.481166527203256,-0.9340175971607954,-1.075383476756793
10.0,182.0,1000.0233764648438,-4.244097428573927,-2.9525477700918863,-1.9640582108615,0.6894331305369032,-1.301761054476659,4.827169162296874,-0.5186080478846851,1.481166916276945,-0.934019611654774,-1.0753824823927212
10.0,182.0,1000.0234375,-4.244098891586962,-2.9525422710419185,-1.9640581228590663,0.689429295017101,-1.3017694377368154,4.827175900794938,-0.5186079017512828,1.4811672825714322,-0.9340151545264684,-1.0753840762980076
10.0,183.0,1000.0234375,-4.2440980566715565,-2.952545323555245,-1.9640579862269345,0.6894315939975568,-1.3017638546371275,4.827172060141233,-0.518608175180395,1.4811672971051395,-0.934018221465406,-1.075382520704645
10.0,183.0,1000.023193359375,-4.244098439633772,-2.9525438725212063,-1.9640581321510744,0.6894304339789326,-1.3017671916538651,4.827173857623745,-0.5186078791595632,1.4811669419278504,-0.9340165240703602,-1.0753837648400797
10.0,183.0,1000.0233154296876,-4.244100311411062,-2.95253777932614,-1.9640570808966469,0.6894270960042812,-1.301775414414324,4.827181323950217,-0.5186078678311121,1.4811684565800975,-0.9340125048981928,-1.075384412940941
10.0,183.0,1000.0232543945312,-4.244098654112818,-2.9525432521557047,-1.96405788452976,0.6894300806855043,-1.3017673449859202,4.8271745018560495,-0.5186081415384711,1.481167503558419,-0.9340164678553062,-1.0753833748542418
10.0,183.0,1000.0233154296876,-4.244098549939936,-2.952543168991456,-1.964057882414885,0.6894299583237604,-1.3017680787722856,4.827174817948521,-0.5186079408346949,1.4811672721355338,-0.9340161500093104,-1.0753837261974124
10.0,183.0,1000.0234985351562,-4.244097340530921,-2.9525468781164186,-1.9640585609419143,0.689432135416582,-1.301762722856985,4.827170084109362,-0.5186080924164038,1.4811664617867883,-0.9340186909254672,-1.0753831675746794
10.0,183.0,1000.0232543945312,-4.24409877352174,-2.9525416985139583,-1.9640580211810648,0.6894291055354831,-1.3017700509333818,4.827176441039367,-0.5186078749043448,1.4811672705238603,-0.9340149389305524,-1.07538413125164
10.0,183.0,1000.0232543945312,-4.244097862532327,-2.952544987534526,-1.9640582618189688,0.6894312659513275,-1.30176522430662,4.827172500580419,-0.5186079847452953,1.4811669893145734,-0.9340172558395796,-1.0753835156176357
10.0,183.0,1000.0233154296876,-4.244096728013025,-2.9525489060205787,-1.9640583472590096,0.6894334392282104,-1.301759292618324,4.827167637136023,-0.5186083455182064,1.4811667523527898,-0.9340205069382684,-1.0753823043332202
10.0,183.0,1000.0233154296876,-4.244097602131719,-2.95254605476734,-1.9640578643330115,0.6894318601980114,-1.301763123330903,4.827171252826993,-0.5186082717624734,1.4811672793593775,-0.9340186744491196,-1.0753825580895464
10.0,183.0,1000.0232543945312,-4.244097703995882,-2.952547264522257,-1.9640578152315349,0.6894328374643397,-1.3017608146341135,4.827169808457743,-0.5186082216834089,1.4811673159181629,-0.9340199529867554,-1.0753817636365175
10.0,183.0,1000.0234375,-4.244097431818178,-2.9525486348364094,-1.96405851955398,0.6894332553920517,-1.3017605769031753,4.827168236860498,-0.5186080374784101,1.481166449976893,-0.9340200255640924,-1.0753826486392335
10.0,183.0,1000.023193359375,-4.244098676999051,-2.9525436957715447,-1.9640579009577688,0.6894306004281638,-1.301766755687262,4.827174204185285,-0.518607939945035,1.481167486224928,-0.9340167579089922,-1.075383096508879
10.0,183.0,1000.0233154296876,-4.244097991725271,-2.952545474894348,-1.964058449174848,0.6894311142013541,-1.3017652004653213,4.8271720719228455,-0.5186079272133979,1.4811666017249865,-0.934017392788725,-1.075383542301609
10.0,183.0,1000.0233154296876,-4.244098402305571,-2.9525434570274083,-1.9640577774138008,0.6894304653808314,-1.3017662912411927,4.827174222788653,-0.518608155067704,1.4811677725935235,-0.9340167981119628,-1.075382989880877
10.0,183.0,1000.0234375,-4.244098405441402,-2.952543867818613,-1.9640581607303629,0.689430231595983,-1.301766907141361,4.827173916496166,-0.5186081131070379,1.4811670068886906,-0.934016577028986,-1.0753834517119087
10.0,183.0,1000.023193359375,-4.244098675522388,-2.952543252043661,-1.9640577617855248,0.6894303587744037,-1.301767451284234,4.827174651045684,-0.5186080718699717,1.4811677483567711,-0.9340164001761736,-1.0753833593053548
10.0,183.0,1000.0234375,-4.244098052155955,-2.9525445240813664,-1.964058002075684,0.6894309031081933,-1.30176536624383,4.827173032491059,-0.5186081172727528,1.481167303744556,-0.9340173351675088,-1.0753831538058267
10.0,183.0,1000.0233764648438,-4.244097977572433,-2.952545696126056,-1.964058197834138,0.689431488121361,-1.301764311977169,4.827171665929658,-0.5186081397849227,1.4811668111463785,-0.9340180291820452,-1.0753829991407478
10.0,183.0,1000.0234985351562,-4.244094125283931,-2.9525586470485514,-1.9640594406397072,0.6894392658069712,-1.301745287262552,4.8271558915098645,-0.5186085127444633,1.4811650217215542,-0.9340277598955896,-1.0753801188133014
10.0,183.0,1000.0232543945312,-4.244096973271716,-2.952548994046771,-1.9640584024819367,0.6894334859155729,-1.301759167169299,4.82716746067053,-0.5186084358406102,1.4811666703895645,-0.9340207103707748,-1.0753820901316633
10.0,183.0,1000.0232543945312,-4.244098423869309,-2.9525444473229423,-1.964057951782845,0.6894309215246555,-1.3017658353474864,4.8271732684456925,-0.5186080973200049,1.4811672913173537,-0.9340172684633092,-1.0753831194340702
10.0,183.0,1000.023193359375,-4.244099858288427,-2.952538875717548,-1.9640573770472889,0.6894276732835092,-1.3017732167055902,4.827179890028479,-0.5186078840829556,1.481168215878971,-0.9340132959946166,-1.0753839605271454
10.0,183.0,1000.0233154296876,-4.244100280172206,-2.952538438704244,-1.9640574184039967,0.6894275989471241,-1.3017748665711515,4.827180613058655,-0.5186076358190501,1.4811681136852997,-0.9340124068231191,-1.0753846522941155
10.0,183.0,1000.023193359375,-4.244097825971935,-2.952545278839544,-1.964058212242401,0.6894313678353186,-1.3017647236349823,4.827172053173005,-0.5186081004218144,1.4811670130652104,-0.9340176620542692,-1.0753832479674983
10.0,183.0,1000.0233154296876,-4.244096520130494,-2.9525503760871423,-1.964058353568373,0.6894344041774838,-1.30175646426399,4.827165959859782,-0.5186084793306867,1.4811666663847491,-0.934021930585935,-1.0753814430568935
10.0,183.0,1000.0234375,-4.244098242303329,-2.95254499481653,-1.964058466393483,0.689430942500846,-1.3017653377363063,4.827172491021619,-0.5186080145675049,1.481166802471968,-0.934017236095813,-1.0753833868457183
10.0,183.0,1000.0233154296876,-4.244099660683447,-2.9525393429351734,-1.964057538931793,0.6894277829364057,-1.3017728144885088,4.827179320203472,-0.518607922222321,1.4811679631736585,-0.9340135620404936,-1.075384081121333
10.0,183.0,1000.0233764648438,-4.244098026352555,-2.9525456542793527,-1.9640580238614391,0.6894317706079081,-1.3017637171958611,4.827171658876786,-0.5186080926524657,1.4811671435198177,-0.9340183793487756,-1.0753826793384609
10.0,183.0,1000.0233154296876,-4.244097263312759,-2.952548530380403,-1.964058602906737,0.689433148374027,-1.3017605254801383,4.827168184630597,-0.5186081115496837,1.4811662808468382,-0.9340199900167558,-1.0753827400118854
10.0,183.0,1000.0233154296876,-4.244099209411657,-2.9525404851951778,-1.9640577649528683,0.6894286021590466,-1.301771595158482,4.827177997241472,-0.5186077857683538,1.48116774699648,-0.9340140005981592,-1.075384327212436
10.0,183.0,1000.0233154296876,-4.244096563681763,-2.9525504168394607,-1.964058750563156,0.6894341881932862,-1.3017577601293482,4.827165936981325,-0.5186082640003082,1.4811661370321634,-0.934021384076268,-1.0753822199601313
10.0,183.0,1000.0233764648438,-4.244097302243024,-2.952547218312028,-1.9640584569897328,0.6894323118142669,-1.301762209719282,4.827169848660418,-0.518608118251275,1.4811665102494178,-0.9340191017495352,-1.075382934247119
10.0,183.0,1000.0233154296876,-4.244100281175141,-2.9525368624222885,-1.9640578136059208,0.68942587605817,-1.3017776735847426,4.827182349531441,-0.5186075935562195,1.4811675445992425,-0.9340108995742716,-1.0753856761588616
10.0,183.0,1000.0233764648438,-4.24409894748495,-2.952541773255835,-1.9640576436545167,0.6894295214501023,-1.301768722490277,4.827176400587893,-0.5186080390549215,1.4811678623186788,-0.9340155180366948,-1.07538331303346
10.0,183.0,1000.0233764648438,-4.244098605450264,-2.9525426410543547,-1.9640577750484645,0.6894300908320421,-1.301767915040402,4.827175406642617,-0.5186079008719862,1.481167562533848,-0.934015809270586,-1.075383468602113
10.0,183.0,1000.0233764648438,-4.244098166500313,-2.9525438518962703,-1.9640580017429472,0.6894304421798205,-1.301766516774863,4.827173744293873,-0.5186080293155735,1.4811671531174344,-0.9340167653474652,-1.0753835019181626
10.0,183.0,1000.0232543945312,-4.2440998800869645,-2.9525390387461146,-1.96405749293996,0.6894277399397257,-1.301773754851829,4.827179682268971,-0.5186078664474758,1.481168003667066,-0.9340130838139872,-1.075384495457406
10.0,183.0,1000.0235595703124,-4.244095584244991,-2.9525528613402368,-1.964059316730899,0.6894354187509668,-1.30175497489562,4.827162795123513,-0.5186084235945589,1.4811651096165912,-0.9340228080868992,-1.075382285578664
10.0,183.0,1000.0234375,-4.244099104466697,-2.9525414151923126,-1.964057909890145,0.6894287327880342,-1.3017709430060869,4.827176781561338,-0.5186080299338061,1.4811673258300075,-0.9340147463363212,-1.07538419894132
10.0,183.0,1000.0233154296876,-4.244096269564864,-2.952552191189528,-1.9640587003751755,0.6894355535855823,-1.3017548081153143,4.827163718603204,-0.5186082540959376,1.481166090702977,-0.9340230689537874,-1.0753813876046934
10.0,183.0,1000.0233154296876,-4.244098671612036,-2.952543095048716,-1.9640580808841583,0.6894298988104373,-1.3017682761727345,4.827174787717247,-0.5186079541927615,1.4811671879184871,-0.9340158044402216,-1.0753839226306368
10.0,183.0,1000.0233154296876,-4.244097729971608,-2.952545661337336,-1.964058353621398,0.6894313167006292,-1.3017643856772825,4.827171685957193,-0.5186080382472635,1.4811667180624069,-0.9340179120419004,-1.0753832222953357
10.0,183.0,1000.0233154296876,-4.244099049629476,-2.952540964342352,-1.9640577171830504,0.6894288606273049,-1.301770451339939,4.82717750561447,-0.5186079327001556,1.4811678130905506,-0.9340145974538574,-1.0753838421473971
10.0,183.0,1000.0233764648438,-4.244098357712184,-2.952544125597892,-1.9640577512528,0.6894307168095892,-1.3017661130947844,4.827173421762218,-0.5186082072132852,1.4811676144655117,-0.934017248066656,-1.0753830258103818
10.0,183.0,1000.0232543945312,-4.244099780649743,-2.952538531235699,-1.964057729749612,0.6894270640491005,-1.301774749150093,4.827180384282197,-0.5186079034254396,1.481167824354257,-0.9340124772037024,-1.075384892097535
10.0,183.0,1000.023193359375,-4.244099984683758,-2.9525385576159344,-1.964057476997484,0.6894272764607434,-1.3017743899514025,4.827180392543633,-0.518607845358698,1.481168063320533,-0.9340127810338492,-1.0753844905845087
10.0,183.0,1000.0233154296876,-4.244098311695281,-2.952543735577666,-1.964058221211296,0.689430198292186,-1.3017673299559718,4.827174075505251,-0.5186079262887038,1.4811669680465354,-0.9340162724098128,-1.0753838308130756
10.0,183.0,1000.0233154296876,-4.244097363616706,-2.9525477549732844,-1.964058145620924,0.6894329576502862,-1.301761190068027,4.827169100351169,-0.5186081982636921,1.481166910942603,-0.9340197016295796,-1.0753824820936848
10.0,183.0,1000.0233154296876,-4.244096808048902,-2.952548634825777,-1.964058685080582,0.6894330695152657,-1.3017600994348983,4.827168095047128,-0.5186082425559615,1.4811662143826387,-0.9340199818826038,-1.0753827144307104
10.0,184.0,1000.0234985351562,-4.244099431495048,-2.952540286687138,-1.964057754993958,0.6894281323741813,-1.3017722419905595,4.827178253287324,-0.5186078510600227,1.481167626159773,-0.9340138921753728,-1.0753845477977624
10.0,184.0,1000.0232543945312,-4.244100171579267,-2.952536781107184,-1.9640573758162727,0.6894264303235751,-1.3017764961441118,4.827182336639048,-0.5186078672901298,1.4811683647291265,-0.9340114835489012,-1.0753848849803438
10.0,184.0,1000.0233154296876,-4.244097177294618,-2.9525479373042454,-1.964058585467623,0.6894329170544982,-1.301761090799234,4.827168876975932,-0.5186080780469373,1.4811664712715356,-0.9340194967948864,-1.0753827418279016
10.0,184.0,1000.0232543945312,-4.244099628498603,-2.952539977605514,-1.964057896049901,0.6894279660195011,-1.3017725904932798,4.827178590251691,-0.518607829897296,1.481167498963135,-0.9340135982571436,-1.075384441947389
10.0,184.0,1000.0233764648438,-4.244100221337174,-2.9525378968950005,-1.964057278540837,0.6894272338209415,-1.301774915765319,4.827181210409842,-0.5186078257297506,1.4811684353690433,-0.934012438639666,-1.0753842614531224
10.0,184.0,1000.0233154296876,-4.244098423595887,-2.9525441864860937,-1.964057671026711,0.6894311788684426,-1.3017654695722718,4.827173391947085,-0.5186080376929887,1.4811677326420094,-0.9340174954896652,-1.0753827234857734
10.0,184.0,1000.0233154296876,-4.244101860368942,-2.9525320838195808,-1.9640569539844897,0.6894235182941113,-1.30178391408211,4.827188244053293,-0.5186075399012191,1.4811687941804834,-0.9340079098741674,-1.0753859691362089
10.0,184.0,1000.0234375,-4.24409899814616,-2.9525422065329074,-1.964057820394698,0.6894293508190428,-1.3017693253674745,4.827175950899273,-0.5186080361786098,1.4811673185275378,-0.9340156134749718,-1.0753836807113708
10.0,184.0,1000.023193359375,-4.244097762980738,-2.9525463585713982,-1.9640582096585824,0.6894320740213669,-1.3017631468796915,4.827170795903012,-0.5186081739435675,1.4811670147496327,-0.9340187037789534,-1.0753826632408252
10.0,184.0,1000.0232543945312,-4.244098685070499,-2.952543190213468,-1.964058374687777,0.6894297665350386,-1.301768389285468,4.827174787583028,-0.5186079516380717,1.4811668569515888,-0.9340156955291016,-1.0753839818560147
10.0,184.0,1000.0232543945312,-4.24409740902066,-2.9525471251784,-1.9640585121352832,0.6894321642743062,-1.3017619909368578,4.827169881637957,-0.518608220423932,1.4811666154618734,-0.9340190104737668,-1.0753828590697068
10.0,184.0,1000.0233764648438,-4.244097600584404,-2.9525461968654447,-1.964058211372776,0.6894318584025374,-1.3017631838007548,4.827171021036989,-0.51860816084662,1.4811669961486658,-0.9340184775795848,-1.0753828727091408
10.0,184.0,1000.0232543945312,-4.244097394695855,-2.9525478604723823,-1.964058133677535,0.6894330958554873,-1.3017606308561491,4.827168966818682,-0.5186081439695407,1.4811669963499297,-0.9340199733435464,-1.0753822237588275
10.0,184.0,1000.0232543945312,-4.244097586677551,-2.952546746421107,-1.9640578612276105,0.689432467683905,-1.3017619042410948,4.827170355434239,-0.5186082764616637,1.4811673262898006,-0.9340193873969715,-1.0753822017481118
10.0,184.0,1000.0233764648438,-4.244099601768332,-2.952539382892865,-1.9640577268119364,0.6894277246713596,-1.3017737788094892,4.827179253259292,-0.5186077801617719,1.481167601095489,-0.934013183233998,-1.075384720366364
10.0,184.0,1000.0234375,-4.244098172409451,-2.9525441738273672,-1.9640583682233617,0.6894304129762681,-1.3017669331324333,4.82717357208656,-0.5186079515736282,1.4811668035610124,-0.9340165139261316,-1.0753838803328342
10.0,184.0,1000.0233154296876,-4.24409675105536,-2.9525503290815407,-1.9640588471260825,0.6894341842617111,-1.3017582806125745,4.827166106748351,-0.5186080087226435,1.4811658900692448,-0.9340211123152962,-1.075382545136797
10.0,184.0,1000.0234375,-4.244100902741713,-2.952536089698735,-1.96405730769484,0.6894257042178662,-1.301778474381746,4.827183524181706,-0.5186076540748115,1.4811683514041372,-0.9340107151842512,-1.0753851440547684
10.0,184.0,1000.0233764648438,-4.24409801390434,-2.952544734756674,-1.9640580562283456,0.6894309157110676,-1.3017655352521782,4.827172837691581,-0.5186080770124653,1.4811671847424035,-0.9340172067363648,-1.075383402515388
10.0,184.0,1000.0233764648438,-4.2440983614656655,-2.952544208880163,-1.9640581130131607,0.6894305938985799,-1.3017664458018077,4.827173367112144,-0.5186080585761612,1.4811670558947174,-0.9340169874375368,-1.0753833621908138
10.0,184.0,1000.0233764648438,-4.244095661424608,-2.952553313351435,-1.9640587093727624,0.6894362286842277,-1.301752469150518,4.82716223922125,-0.5186084526564088,1.481166212088744,-0.9340241310550031,-1.0753810135734714
10.0,184.0,1000.0233764648438,-4.2440984266158175,-2.95254425207014,-1.964057972861271,0.6894307218749365,-1.3017664559090925,4.827173453371707,-0.5186080133552649,1.4811671547834386,-0.9340169829136054,-1.0753833462994171
10.0,184.0,1000.0233154296876,-4.244098709342032,-2.9525438229190977,-1.964057563573036,0.6894308142638437,-1.3017658103745666,4.8271738922080285,-0.5186082332061783,1.481167897250785,-0.9340172846520112,-1.0753825660784244
10.0,184.0,1000.0233154296876,-4.244101114532949,-2.952534953634081,-1.9640573582128305,0.6894248919736157,-1.3017799257867255,4.827184847176953,-0.5186075901771909,1.4811682779663604,-0.93400987393622,-1.0753854856805305
10.0,184.0,1000.0233154296876,-4.244097340754726,-2.9525468407690894,-1.964058507888859,0.6894321685566238,-1.3017628435106592,4.8271701906575455,-0.518608134884305,1.4811667129043204,-0.9340185957786948,-1.075383188739992
10.0,184.0,1000.0233154296876,-4.244099865342411,-2.9525393159063467,-1.9640576798930087,0.689427730581814,-1.3017735663134875,4.827179579873862,-0.5186077686812052,1.481167809314952,-0.9340131525129528,-1.0753844426751311
10.0,184.0,1000.0233154296876,-4.244098804548135,-2.952541975723895,-1.964057819113342,0.6894293131365492,-1.3017695105081517,4.827176115568344,-0.5186078938359531,1.4811674567223545,-0.9340153291991644,-1.0753840442322011
10.0,184.0,1000.0233154296876,-4.244099584778648,-2.9525398429692857,-1.964057724414044,0.6894278602118966,-1.3017727497282778,4.827178623216117,-0.5186078909989131,1.481167627158694,-0.9340137042364391,-1.0753843677360324
10.0,184.0,1000.0234375,-4.244101462421556,-2.952534384453314,-1.9640571745323687,0.6894247184471141,-1.3017808217102689,4.827185478137007,-0.5186077188598475,1.481168591491544,-0.9340094887033176,-1.0753855481509071
10.0,184.0,1000.0232543945312,-4.244100630308296,-2.952536493105536,-1.9640572695946896,0.6894261056393081,-1.3017771211643805,4.827182735194679,-0.5186079157446768,1.4811684843252246,-0.9340114514425116,-1.0753846784698249
10.0,184.0,1000.0234375,-4.244097679943358,-2.952545779367265,-1.964058319076884,0.6894312705332482,-1.301764454464272,4.827171559475831,-0.5186080908088808,1.4811666620966326,-0.9340178914668352,-1.0753834673304152
10.0,184.0,1000.023193359375,-4.244097776559046,-2.952546283370779,-1.964058228110031,0.689432011173901,-1.3017628521758935,4.827170914079558,-0.5186081113423198,1.4811669460428505,-0.934018573793038,-1.0753827746145277
10.0,184.0,1000.023193359375,-4.244098775607538,-2.952542468699588,-1.964057840971948,0.6894297835245213,-1.3017681323877768,4.827175475712478,-0.5186080279314318,1.4811676709366104,-0.9340158269453652,-1.0753834802275253
10.0,184.0,1000.0233154296876,-4.244100396408115,-2.952536840637299,-1.9640575321251943,0.689426125984359,-1.3017769166058657,4.827182460573251,-0.5186076881167843,1.4811680591662455,-0.934011313559048,-1.075384985833053
10.0,184.0,1000.0232543945312,-4.244098203276558,-2.9525446520006264,-1.9640579864042125,0.68943100202738,-1.3017655480325423,4.827172966587037,-0.5186080782543332,1.4811672377680782,-0.9340173330611918,-1.0753832024713947
10.0,184.0,1000.0232543945312,-4.244099562426445,-2.952539758624789,-1.96405768136956,0.689427797615255,-1.3017726817998767,4.827178755880176,-0.5186079430950246,1.4811676419016448,-0.9340137094207072,-1.0753842906476896
10.0,184.0,1000.0233154296876,-4.2440975513751305,-2.9525472489460123,-1.964058510556498,0.6894325244071711,-1.301762373421056,4.82716978633197,-0.518607999323458,1.481166528864052,-0.9340189746671514,-1.075382979447328
10.0,184.0,1000.0233154296876,-4.244098222248549,-2.952544609949736,-1.9640577930846448,0.6894313085581549,-1.301764645823746,4.827172880984662,-0.5186081404208842,1.4811677257731215,-0.9340177811055392,-1.07538250871972
10.0,184.0,1000.0232543945312,-4.244100192633116,-2.952537526876229,-1.9640572802556715,0.6894269283629253,-1.3017754915021622,4.827181572671261,-0.5186077345124946,1.4811683211763782,-0.9340120478459752,-1.07538469364779
10.0,184.0,1000.0233154296876,-4.244098275931389,-2.952544086563856,-1.9640579589484133,0.6894305894479089,-1.3017659776317037,4.827173502526279,-0.518608232347268,1.4811674021081034,-0.9340170504150008,-1.0753831819335755
10.0,184.0,1000.0232543945312,-4.244098789834135,-2.9525422981593072,-1.964057939790212,0.6894297239305462,-1.301768802976757,4.827175758468581,-0.5186079345957308,1.4811675695104682,-0.9340154790832482,-1.0753837039840477
10.0,184.0,1000.0233154296876,-4.244097178486143,-2.9525476024664075,-1.9640583701196324,0.6894324793654132,-1.3017611559660769,4.827169259897378,-0.5186082649177797,1.4811666746825551,-0.934019654874719,-1.0753825409127824
10.0,184.0,1000.023193359375,-4.244097693482742,-2.9525462608974014,-1.9640580442206792,0.6894319961981976,-1.301762523027417,4.827170995354807,-0.5186082000240271,1.481167207516657,-0.934018816172685,-1.0753824277586266
10.0,184.0,1000.0233764648438,-4.244100315371885,-2.952536830039815,-1.9640574777572224,0.6894261377222151,-1.3017765656748232,4.827182375899584,-0.5186078581822038,1.4811682307106642,-0.9340114900496096,-1.0753848081137356
10.0,184.0,1000.0233154296876,-4.2440990228965125,-2.952541571907873,-1.9640578123119057,0.6894289397405986,-1.3017704271752106,4.827176712847363,-0.5186079921312023,1.4811675290577266,-0.9340147952721924,-1.075384054266577
10.0,184.0,1000.0233154296876,-4.2440980970407205,-2.95254432866632,-1.9640583292874936,0.6894306599172957,-1.3017661650345334,4.8271731699036575,-0.5186080250634904,1.4811669445915392,-0.9340169093230316,-1.0753835090862451
10.0,184.0,1000.0233154296876,-4.2440980445228185,-2.952544652909634,-1.964058108708984,0.6894310383804054,-1.301765522953147,4.8271728138977785,-0.5186080408243736,1.481167140694021,-0.9340172084783251,-1.0753834129092068
10.0,184.0,1000.0232543945312,-4.244098253500884,-2.9525438574181524,-1.9640577531579224,0.689430615180628,-1.3017660373959017,4.827173800079185,-0.5186082852483604,1.4811676725318463,-0.9340170890587975,-1.0753829772386467
10.0,184.0,1000.0233154296876,-4.244097962540793,-2.952545154346951,-1.9640579341739124,0.6894315313071866,-1.301764462501276,4.82717228610527,-0.5186080963504445,1.4811674558537788,-0.9340178668425256,-1.0753829163779425
10.0,184.0,1000.0233154296876,-4.244097949030482,-2.9525460026457875,-1.96405833422374,0.6894315517002356,-1.301764220839413,4.827171204359351,-0.5186081195866752,1.481166722056793,-0.9340180762814674,-1.0753832380078054
10.0,185.0,1000.0233154296876,-4.244097116926707,-2.9525490340160103,-1.964058498125361,0.689433397792981,-1.3017594371909338,4.82716759849718,-0.5186083210304222,1.4811664556871138,-0.9340205943119324,-1.075382103726251
10.0,185.0,1000.0232543945312,-4.2441000972154415,-2.9525377385906664,-1.9640571692259488,0.6894271225289375,-1.30177496558672,4.827181257920154,-0.5186078256053133,1.481168426751072,-0.934012467543848,-1.0753843433802523
10.0,185.0,1000.023193359375,-4.24409632883828,-2.952551438601452,-1.9640585917132087,0.6894351886763044,-1.301755707179951,4.827164856841733,-0.5186081657638848,1.4811663609026118,-0.9340224049223238,-1.0753816321477854
10.0,185.0,1000.0233764648438,-4.244097526367575,-2.9525469164121163,-1.964058421402364,0.6894323601970518,-1.301762190465499,4.82717009140196,-0.5186082262278289,1.4811668341047088,-0.93401899831684,-1.075382696432905
10.0,185.0,1000.0233154296876,-4.244098202622368,-2.9525448329323405,-1.964057961141386,0.6894314146455658,-1.3017649327969631,4.827172562047565,-0.51860804479659,1.481167354212026,-0.9340176247065272,-1.0753830222275274
10.0,185.0,1000.0233154296876,-4.244096846817998,-2.95254860526196,-1.9640588367767424,0.6894330359828613,-1.3017603215084952,4.827167891506207,-0.5186082258916294,1.4811660701233862,-0.934019948290702,-1.0753829208030408
10.0,185.0,1000.0232543945312,-4.244098060900582,-2.952545219898516,-1.9640584554417024,0.6894310877010792,-1.3017653654466992,4.827172223279279,-0.5186079089824966,1.4811666983779013,-0.9340172540068544,-1.0753836965175705
10.0,185.0,1000.0233764648438,-4.244096767070272,-2.952549233326112,-1.9640587243284413,0.6894334662536883,-1.3017590589545611,4.827167238110196,-0.5186083564175474,1.4811662578024052,-0.9340205145679644,-1.0753824934063578
10.0,185.0,1000.0234375,-4.244097963345916,-2.9525445693871664,-1.964058369224066,0.6894307370844395,-1.3017657680727823,4.827172931760133,-0.5186080627505802,1.4811668295099265,-0.9340169375258808,-1.0753835520954858
10.0,185.0,1000.0233764648438,-4.244097931142373,-2.9525455891440218,-1.9640580754650507,0.6894315911151763,-1.30176341488001,4.827171605044851,-0.5186083263973744,1.4811673027738337,-0.9340183282006,-1.075382413714927
10.0,185.0,1000.023193359375,-4.244098593998809,-2.9525435749728066,-1.9640579418228383,0.6894305124106035,-1.301766708005379,4.82717420234809,-0.5186079512878834,1.4811674367864578,-0.934016579467734,-1.0753831576227038
10.0,185.0,1000.0233764648438,-4.244099477348809,-2.952540668395876,-1.9640575121539816,0.6894287845977507,-1.3017707271589165,4.827177837910362,-0.5186080494683081,1.481168159227099,-0.9340147194493128,-1.07538358604506
10.0,185.0,1000.0233764648438,-4.244097724019195,-2.952545707882304,-1.964058188941558,0.6894315477055954,-1.3017638617561884,4.827171385011926,-0.5186082816893576,1.4811671589853723,-0.9340181872601372,-1.0753829590658357
10.0,185.0,1000.0233764648438,-4.2440985390128825,-2.952544164993001,-1.9640578966454123,0.6894305795397146,-1.3017661475724234,4.8271735640977145,-0.5186081462309602,1.481167353583813,-0.9340172218831873,-1.0753829511830268
10.0,185.0,1000.0232543945312,-4.244099637173635,-2.952540339267021,-1.9640574611061057,0.689428548334881,-1.301771284043202,4.827178128694724,-0.5186080191250628,1.4811680699995158,-0.934014367048512,-1.0753837415923946
10.0,185.0,1000.0234375,-4.244099322720839,-2.952540687343107,-1.96405801112033,0.6894282544713368,-1.3017716304271838,4.827177795628261,-0.5186079884936001,1.4811674172196998,-0.934014232086552,-1.0753842757564387
10.0,185.0,1000.0233154296876,-4.244099504561147,-2.952540677923796,-1.9640573959851928,0.6894289887362239,-1.3017704305128412,4.827177801044314,-0.5186079488990583,1.4811682827489907,-0.9340147633814508,-1.0753833650274531
10.0,185.0,1000.0233154296876,-4.244096728524013,-2.9525497738358744,-1.964058761435235,0.689433803742471,-1.301758423309411,4.8271665892755085,-0.5186082804456458,1.4811662163781918,-0.9340209259005016,-1.0753823891604457
10.0,185.0,1000.0233154296876,-4.244099398023998,-2.952539886600088,-1.964057665882775,0.6894281167191689,-1.3017724391380412,4.827178624951671,-0.5186078372663347,1.4811677978682578,-0.9340137916727552,-1.0753843762785928
10.0,185.0,1000.0233154296876,-4.2441004747877145,-2.95253709328347,-1.9640572924789583,0.6894264619552999,-1.3017763001675102,4.827182040376759,-0.5186079487283815,1.4811683965061366,-0.93401195947094,-1.0753845145874248
10.0,185.0,1000.023193359375,-4.244099795986203,-2.952539642889271,-1.9640570707473664,0.6894285391245987,-1.3017715723821426,4.827178886812519,-0.5186079824572332,1.4811686022663872,-0.9340142496973723,-1.075383501434767
10.0,185.0,1000.0232543945312,-4.244100739200944,-2.952536226376812,-1.9640571784933607,0.6894258777377784,-1.3017772187789234,4.827183144896328,-0.5186078509410255,1.4811684421090483,-0.9340111999114082,-1.0753847484084824
10.0,185.0,1000.0232543945312,-4.244099402059958,-2.9525409592038327,-1.9640574700442253,0.6894289524479413,-1.301770351055953,4.827177466415776,-0.5186079362505822,1.4811680557520948,-0.9340147775189048,-1.0753836138864783
10.0,185.0,1000.0233154296876,-4.2440985144805055,-2.952542455625638,-1.964058312227445,0.689429361019914,-1.301768823314747,4.827175493611605,-0.5186079701169968,1.4811670043112637,-0.934015346733645,-1.0753840644741368
10.0,185.0,1000.0233154296876,-4.244096104362124,-2.9525514870284337,-1.9640585904408536,0.6894350682438173,-1.3017553119663177,4.8271644894530255,-0.5186084237572546,1.4811663818509675,-0.9340226032782386,-1.0753814796780032
10.0,185.0,1000.0232543945312,-4.244095873598414,-2.95255257708825,-1.9640586212090403,0.6894357063176146,-1.3017539545769763,4.827163145570573,-0.518608501793878,1.4811662116712672,-0.9340234639503712,-1.075381309432459
10.0,185.0,1000.0232543945312,-4.244097399035435,-2.952547441703834,-1.9640582355665528,0.6894328220548731,-1.3017615414044807,4.8271694176481645,-0.518608256586429,1.481166888144708,-0.9340194416909302,-1.075382538130687
10.0,185.0,1000.0233154296876,-4.2440987875259015,-2.952542649317452,-1.964058014294901,0.689429632422387,-1.301768599897608,4.827175360837318,-0.5186079531148131,1.4811673570508006,-0.9340157504841686,-1.0753836035982802
10.0,185.0,1000.0233154296876,-4.244098505306392,-2.952544129847813,-1.964058094564983,0.689430649380399,-1.3017667499629408,4.827173572830606,-0.5186079644731825,1.481167117180969,-0.9340167692642948,-1.0753834884824205
10.0,185.0,1000.0234375,-4.244097514741276,-2.9525473314508144,-1.9640587011831576,0.6894323976494219,-1.3017623801263127,4.827169556086799,-0.5186080636354999,1.4811662513092037,-0.9340188161292547,-1.075383086360393
10.0,185.0,1000.0232543945312,-4.24409910219898,-2.952540935196471,-1.9640578412214384,0.6894288390056458,-1.301770892624675,4.827177391718735,-0.5186079037794284,1.4811676486003469,-0.9340143941478763,-1.0753842458580989
10.0,185.0,1000.0232543945312,-4.244098379569562,-2.9525443670954785,-1.96405785818532,0.6894310760058922,-1.3017656592319504,4.827173302518728,-0.5186080140563494,1.481167559919628,-0.9340172546617148,-1.075383023662904
10.0,185.0,1000.0233764648438,-4.244097677594159,-2.952546368760947,-1.9640581733813312,0.6894320699099445,-1.3017627217644585,4.827170643758297,-0.5186082627503854,1.4811670435105704,-0.9340189354324728,-1.0753825228000546
10.0,185.0,1000.0232543945312,-4.244099242545147,-2.952540782190973,-1.9640579068219,0.6894284282014933,-1.301771379766172,4.827177510093444,-0.5186079943068798,1.4811675512558118,-0.9340142862672582,-1.0753842491228296
10.0,185.0,1000.0233154296876,-4.244099337071146,-2.9525410029614823,-1.9640578039960817,0.6894287646592314,-1.3017709559402793,4.827177336017623,-0.518607933622933,1.4811676238148062,-0.93401443359432,-1.0753841426671331
10.0,185.0,1000.0233764648438,-4.244097667348049,-2.9525463865520627,-1.9640581391022232,0.689432125546511,-1.3017621581960004,4.827170710932702,-0.5186083267037374,1.4811672994912382,-0.9340189359729144,-1.0753822879671011
10.0,185.0,1000.0232543945312,-4.244099707296741,-2.952538761754092,-1.9640576976824016,0.6894271719039216,-1.3017739168513265,4.8271799076884125,-0.5186079947448317,1.4811678358335207,-0.9340128700090844,-1.0753846541772698
10.0,185.0,1000.0233154296876,-4.2440970515751255,-2.9525483122098466,-1.964058432496513,0.6894330683240781,-1.3017601639351346,4.827168326307369,-0.5186083112477959,1.481166612126338,-0.9340200855050852,-1.0753824009402049
10.0,185.0,1000.0233154296876,-4.244097755736372,-2.952546069990309,-1.964058396278128,0.6894317440821895,-1.3017635292179612,4.827171103268572,-0.5186080831737376,1.4811667111023112,-0.9340183092769988,-1.07538301900445
10.0,185.0,1000.0233154296876,-4.244100700444914,-2.952536431532897,-1.964057265145484,0.6894261720258141,-1.3017771630001231,4.827182970118425,-0.51860780800566,1.4811685172515752,-0.9340111990176848,-1.075384886041952
10.0,185.0,1000.0234375,-4.244098427407341,-2.9525430303008413,-1.964058193886533,0.6894299022955028,-1.3017678291174608,4.827174735829525,-0.5186079887297179,1.4811671820887575,-0.9340158430783134,-1.0753838623668803
10.0,185.0,1000.023193359375,-4.244098564002947,-2.952543637086388,-1.964057648140907,0.6894306773318393,-1.3017663645605806,4.827174131123455,-0.5186080530519668,1.4811677596345891,-0.9340168304271544,-1.0753831039594774
10.0,185.0,1000.0233154296876,-4.244099867605853,-2.952539451547209,-1.9640571546648544,0.6894282993420777,-1.3017722912700744,4.82717924506926,-0.5186078883889769,1.4811684729824757,-0.9340139386513836,-1.0753836755832675
10.0,185.0,1000.0233154296876,-4.244099166813912,-2.952541498156231,-1.964057973969884,0.68942883547445,-1.3017700345123862,4.827176719846944,-0.5186079228502489,1.4811673166109554,-0.9340148816749404,-1.0753839655231907
10.0,185.0,1000.023193359375,-4.244098705239,-2.9525428189352017,-1.964057998985624,0.68942979844166,-1.3017683718504631,4.827175257787784,-0.5186079367083938,1.4811672786452066,-0.9340157768223588,-1.0753837508264157
10.0,185.0,1000.0233764648438,-4.244097453655529,-2.952546777061488,-1.9640584659949123,0.6894320406829397,-1.3017625039711267,4.827170235893068,-0.5186082398590157,1.4811667973871776,-0.9340188602777816,-1.0753828786484276
10.0,185.0,1000.0232543945312,-4.244097740473095,-2.952546241796045,-1.9640578681606176,0.6894322182046722,-1.3017622169694114,4.827170838284349,-0.5186082746840475,1.4811674806145527,-0.9340190575586612,-1.0753822207017398
10.0,185.0,1000.0232543945312,-4.244099172518279,-2.9525408520283056,-1.9640576454789345,0.6894287683011218,-1.301770298393972,4.827177430214608,-0.5186078895155557,1.481167872417278,-0.9340147966864398,-1.075383704122217
10.0,185.0,1000.0234375,-4.244096439034538,-2.952549990348759,-1.9640587409143275,0.6894340803379952,-1.301757530204295,4.827166212560037,-0.5186083134816997,1.4811662343387342,-0.934021372416172,-1.0753819866058647
10.0,185.0,1000.0233154296876,-4.244096698970834,-2.9525495794281245,-1.9640583862905183,0.6894340537365853,-1.301757729402289,4.8271668589220535,-0.5186083395553522,1.4811668078136933,-0.934021241642836,-1.0753817802061043
10.0,186.0,1000.0232543945312,-4.244101415118322,-2.952534187172625,-1.9640569787239053,0.6894248349234102,-1.3017805457335103,4.827185720607702,-0.5186076322088544,1.4811687333398034,-0.9340096084379556,-1.0753852582504422
10.0,186.0,1000.0233154296876,-4.244099074752365,-2.9525412066472674,-1.9640575175555144,0.6894292003500375,-1.301769776825746,4.827176917002971,-0.5186081195436474,1.4811681222269506,-0.9340151701960044,-1.075383573485933
10.0,186.0,1000.0233154296876,-4.2440972011195655,-2.9525481599428467,-1.964058049475315,0.6894332920154165,-1.3017596361711634,4.827168596659124,-0.5186082817989659,1.481167038803079,-0.9340204345340446,-1.0753818258764465
10.0,186.0,1000.0233154296876,-4.244097849597802,-2.95254544369458,-1.964058124809945,0.6894315067888099,-1.30176460292431,4.827171940599813,-0.518608035626098,1.4811670306246896,-0.9340178848792576,-1.075383178922538
10.0,186.0,1000.0234375,-4.244098039541525,-2.9525452327153374,-1.9640576484303447,0.6894316487163099,-1.3017635054069077,4.827172082319452,-0.5186083494702025,1.481167741361796,-0.9340184429208592,-1.0753823151919093
10.0,186.0,1000.0233154296876,-4.244099159409958,-2.9525417742131697,-1.964057594924375,0.6894294856821572,-1.3017692628093096,4.82717654993966,-0.518607843642716,1.4811678426969612,-0.9340151990366872,-1.075383530152569
10.0,186.0,1000.0233764648438,-4.24409593249429,-2.952552839339728,-1.9640584407431576,0.6894363421161636,-1.3017529666277854,4.827163105232788,-0.5186082886813095,1.4811666308998497,-0.9340237666693634,-1.0753809151147251
10.0,186.0,1000.0232543945312,-4.2440984950781,-2.9525443474649657,-1.964057838958822,0.6894310063798805,-1.3017660114977336,4.827173372390877,-0.5186080192325626,1.4811675194052132,-0.9340171586882704,-1.0753831503165006
10.0,186.0,1000.0233154296876,-4.244099282113617,-2.952540746921798,-1.964057569300736,0.6894289282320738,-1.3017705699233364,4.82717761471773,-0.5186078743842168,1.481167989140847,-0.934014475358934,-1.075383833614643
10.0,186.0,1000.0233764648438,-4.244099308334998,-2.952540238260638,-1.9640574789816352,0.6894285146205403,-1.3017709347297926,4.827178302089596,-0.5186079630207967,1.4811681781850368,-0.9340141910364448,-1.0753839051748049
10.0,186.0,1000.0232543945312,-4.244097565759395,-2.952547478604966,-1.9640580776605217,0.6894329575433815,-1.3017607187050628,4.827169443340191,-0.5186081783777654,1.4811672053060585,-0.9340197455012706,-1.0753820300660872
10.0,186.0,1000.0233764648438,-4.244098950295278,-2.9525413680017696,-1.96405783847849,0.6894289950458248,-1.301769928793873,4.827176799069205,-0.5186080011399827,1.4811675841414704,-0.9340148751483356,-1.0753840044743024
10.0,186.0,1000.0233764648438,-4.2440968257923535,-2.9525498535160684,-1.9640578903658628,0.6894349180622541,-1.3017563004536463,4.827166496457748,-0.5186083936856312,1.4811674937060095,-0.9340219763148996,-1.0753810245638826
10.0,186.0,1000.0233154296876,-4.244098513049233,-2.952543833913385,-1.964058167443893,0.68943036959441,-1.301766974440021,4.827174037642285,-0.5186078574123156,1.4811670427852557,-0.9340163396695438,-1.0753836897514573
10.0,186.0,1000.0233154296876,-4.244097892563939,-2.952545865882236,-1.9640582361311056,0.689431620042428,-1.3017640715465646,4.82717155803725,-0.5186081359023929,1.4811670510545325,-0.9340179869567606,-1.0753830554952124
10.0,186.0,1000.0232543945312,-4.244097386388624,-2.9525474345179608,-1.9640580992684733,0.6894327616867892,-1.3017606204547865,4.827169336447861,-0.5186083286806911,1.481167205263061,-0.934019738896871,-1.0753821403207948
10.0,186.0,1000.0233154296876,-4.24409950491955,-2.95254056235786,-1.964057560372188,0.6894286461884382,-1.3017713166747265,4.8271779403403805,-0.5186078883546568,1.4811678949483484,-0.9340144380946054,-1.0753839116864476
10.0,186.0,1000.0232543945312,-4.244096686182985,-2.952549730634624,-1.964058372412945,0.68943417652223,-1.3017582103176952,4.827166656511098,-0.5186083041043723,1.4811666768984324,-0.9340212984586636,-1.0753820209542369
10.0,186.0,1000.0233764648438,-4.24409842912018,-2.95254458121383,-1.9640575364838704,0.6894313923120974,-1.3017646162772696,4.827172962782374,-0.5186080309698289,1.481167780310377,-0.9340179161954164,-1.0753824236876297
10.0,186.0,1000.0233764648438,-4.244096348725154,-2.952550415819429,-1.964058509502935,0.6894346704307033,-1.3017565087971632,4.827165738245773,-0.5186082963837304,1.481166563600164,-0.9340218214042632,-1.0753817736269622
10.0,186.0,1000.0232543945312,-4.244098611046601,-2.952543018894063,-1.964057747108607,0.6894303382624614,-1.3017675993867297,4.827174888178881,-0.518607842217663,1.4811675396875,-0.9340162376976532,-1.0753835671919636
10.0,186.0,1000.0232543945312,-4.244100670189226,-2.9525361434280124,-1.9640569555942904,0.6894263067200681,-1.3017770180514967,4.827183304712433,-0.5186077903818767,1.4811689270081052,-0.934011210634714,-1.0753846305986126
10.0,186.0,1000.023193359375,-4.244097312235237,-2.9525486686915823,-1.964058160285756,0.689433685327935,-1.3017597155073308,4.827168189824928,-0.5186080868022618,1.481166872601861,-0.934020481565052,-1.0753820976870632
10.0,186.0,1000.023193359375,-4.244097185448953,-2.9525483713076293,-1.9640583577249888,0.6894333648351436,-1.3017597219656585,4.82716835027637,-0.5186081219341041,1.4811668080764209,-0.9340202074798638,-1.075382178451779
10.0,186.0,1000.0233154296876,-4.244097369370257,-2.952547984158205,-1.9640585576090115,0.6894330128017101,-1.3017608365320217,4.827168828589368,-0.5186080784956619,1.4811664477045454,-0.934019717743511,-1.075382512631935
10.0,186.0,1000.023193359375,-4.244097405105944,-2.952547467558781,-1.9640584880844016,0.6894324614262883,-1.3017614906411734,4.827169395367552,-0.5186081142204912,1.4811664870091583,-0.93401923375675,-1.0753828660272284
10.0,186.0,1000.0233764648438,-4.244100913092134,-2.952535820431887,-1.9640572766584148,0.689425773201954,-1.3017784516414004,4.827183713966722,-0.5186076622652056,1.4811684096844075,-0.9340107132581804,-1.0753852376763966
10.0,186.0,1000.0232543945312,-4.2440953445680245,-2.95255376660231,-1.9640587477220728,0.6894366974759256,-1.301751840002516,4.827161739345113,-0.5186085135308041,1.4811662356407016,-0.9340242901186552,-1.0753809566741284
10.0,186.0,1000.0232543945312,-4.2440985731316045,-2.9525440026136893,-1.9640577193466493,0.6894308408462191,-1.3017660784717124,4.827173680006151,-0.5186080314864263,1.4811676807117369,-0.934017222395072,-1.0753829256471947
10.0,186.0,1000.0233154296876,-4.24410012900062,-2.9525386436345595,-1.9640574520525635,0.6894274795240927,-1.301773791204062,4.8271801276036825,-0.5186079385534388,1.4811681450292298,-0.9340130411737748,-1.0753840869730389
10.0,186.0,1000.0233764648438,-4.244098397536586,-2.9525449639016506,-1.964057851660296,0.6894314265491621,-1.3017649632202906,4.827172534898661,-0.5186079940041228,1.4811673182547125,-0.934017753322002,-1.0753827682122417
10.0,186.0,1000.0233154296876,-4.244100474947401,-2.952537759855168,-1.9640574714420724,0.6894266111338911,-1.301776036114846,4.82718141595568,-0.518607766550935,1.4811680382577244,-0.934011904120938,-1.0753848980818557
10.0,186.0,1000.0233764648438,-4.2441013269198855,-2.9525343470127927,-1.9640568509408525,0.689425072927202,-1.3017798172103068,4.827185305629115,-0.5186077412296344,1.481168912697063,-0.934009972799866,-1.075385052581321
10.0,186.0,1000.0233154296876,-4.244097673957379,-2.9525466794827486,-1.9640579749567608,0.6894323378934342,-1.3017623715595894,4.827170529770191,-0.5186081959949211,1.4811672080383858,-0.9340190464585848,-1.075382469077184
10.0,186.0,1000.0232543945312,-4.244101157608554,-2.9525358560017967,-1.964056721998599,0.6894261202342813,-1.3017776450619527,4.827183947598572,-0.5186077229984161,1.4811690897886622,-0.9340111099022944,-1.0753844374302663
10.0,186.0,1000.0234375,-4.244096597607062,-2.952550596115016,-1.9640585700991504,0.6894346089837091,-1.3017568546118694,4.827165851206271,-0.5186083489171995,1.4811664849544224,-0.9340217285385952,-1.0753817715014984
10.0,186.0,1000.0234375,-4.2440995892784645,-2.952540180703075,-1.9640571511794649,0.6894287181836471,-1.3017707462246224,4.827178284205584,-0.518607966577985,1.4811683828177733,-0.9340146662124528,-1.075383395434622
10.0,186.0,1000.0233154296876,-4.244100610217092,-2.9525371683984467,-1.96405697373842,0.6894270541851117,-1.3017758480758417,4.827182101904178,-0.5186077779686169,1.4811688175674451,-0.9340119572154552,-1.075384347063764
10.0,186.0,1000.0233154296876,-4.2440988203750525,-2.9525432361790345,-1.9640575679300407,0.6894303843611436,-1.3017666430883883,4.827174642794681,-0.5186080785009484,1.4811678622753002,-0.9340166920249944,-1.0753829915390605
10.0,186.0,1000.0233154296876,-4.244095297912711,-2.9525548716449896,-1.9640585760742373,0.6894374133329428,-1.3017497028015166,4.8271605679647855,-0.5186085006827472,1.4811662183080436,-0.9340256155313168,-1.0753801853834966
10.0,186.0,1000.0232543945312,-4.24409820347339,-2.952545128350027,-1.964057666249741,0.6894315140940543,-1.301763874640832,4.827172235634064,-0.5186082515135917,1.4811676385186925,-0.9340183105593408,-1.0753823275791237
10.0,186.0,1000.0232543945312,-4.24409814583753,-2.95254469740969,-1.964058265353689,0.6894309358782467,-1.3017658261383191,4.8271728254102335,-0.5186079701075963,1.4811669443814388,-0.9340172017412184,-1.075383405175967
10.0,186.0,1000.0234375,-4.244098620817069,-2.952544037221077,-1.9640572914261485,0.6894313670884369,-1.3017647553577265,4.8271735848020345,-0.5186081583626336,1.4811683466300831,-0.9340176694150132,-1.0753822372646242
10.0,186.0,1000.0233764648438,-4.244098174985332,-2.9525440642327268,-1.9640582215017848,0.6894305901836519,-1.301766659183421,4.827173515414268,-0.5186080351766895,1.4811670426203598,-0.9340165525122996,-1.07538378098813
10.0,186.0,1000.0233764648438,-4.244098492493592,-2.9525436616932,-1.964058040695594,0.6894301542119194,-1.3017668358942935,4.827174001848192,-0.5186081170857806,1.481167264470833,-0.9340166713738264,-1.0753833857249613
10.0,186.0,1000.0232543945312,-4.244098508537905,-2.9525438387889293,-1.9640580901603453,0.6894305032151795,-1.3017668584278843,4.827173967716886,-0.5186079066395379,1.4811671817593537,-0.9340164343067112,-1.0753836006683453
10.0,186.0,1000.0233154296876,-4.244096047293736,-2.9525524969802297,-1.9640582170874048,0.689436296868263,-1.3017529356229876,4.827163450895357,-0.5186083350131003,1.481166909815558,-0.9340238794385628,-1.0753806216346549
10.0,186.0,1000.0232543945312,-4.244099617361436,-2.9525398189907417,-1.964057570288897,0.6894283522166305,-1.3017724532509165,4.827178685179144,-0.5186077794772528,1.4811678350040935,-0.9340135925043836,-1.0753844021776309
10.0,186.0,1000.0233764648438,-4.244099034255909,-2.952541883420813,-1.9640581614748087,0.6894292314706387,-1.3017697228008238,4.827176287730188,-0.5186077625993661,1.4811672395045097,-0.934014840718998,-1.075384248302135
10.0,186.0,1000.0232543945312,-4.244099422704903,-2.952539867106276,-1.964057808822659,0.6894280695048387,-1.3017723982826863,4.82717865983194,-0.5186078733225861,1.4811676777387408,-0.9340135752799696,-1.0753843197461088
10.0,187.0,1000.0232543945312,-4.24409925912682,-2.9525411768761627,-1.964057413882484,0.6894288874383587,-1.3017698612807922,4.827177137037438,-0.5186081034480381,1.4811679448288455,-0.9340152385020142,-1.075383453624335
10.0,187.0,1000.0233154296876,-4.24409769797034,-2.95254621006266,-1.964058369594126,0.6894315987271078,-1.3017636596800353,4.82717086082369,-0.5186082463062256,1.4811666117044735,-0.9340183232403874,-1.075383211059412
10.0,187.0,1000.0234375,-4.244097535297911,-2.9525472955498824,-1.964058218201639,0.689432516903226,-1.301761304147905,4.827169560787967,-0.5186082265633001,1.4811668656272294,-0.9340195003117442,-1.07538237003393
10.0,187.0,1000.0233764648438,-4.244101464389871,-2.9525338371232865,-1.964057207725408,0.6894243421974036,-1.301781413749326,4.827186075396298,-0.5186076069169134,1.4811684328800183,-0.934009042172061,-1.0753857650686456
10.0,187.0,1000.0234375,-4.244097962198618,-2.9525463318692493,-1.9640579198816792,0.6894322274996503,-1.3017625738745626,4.82717109092585,-0.5186080319203654,1.481167236488159,-0.9340188074562564,-1.0753823514029095
10.0,187.0,1000.023193359375,-4.244094772188424,-2.95255783797681,-1.964058922111304,0.6894393346909,-1.301745974588978,4.827156938013799,-0.5186083937766002,1.4811658129433187,-0.9340274867222612,-1.0753798588279082
10.0,187.0,1000.0233764648438,-4.244097901048121,-2.952545881349775,-1.9640577413874944,0.6894320228179662,-1.3017627112959875,4.827171551678802,-0.5186081679417534,1.4811675365215295,-0.9340186455750334,-1.0753823510856997
10.0,187.0,1000.0232543945312,-4.244097432489849,-2.9525471880407648,-1.964058103099212,0.6894326275857585,-1.3017612440068276,4.827169768705037,-0.5186082750102381,1.481167094949579,-0.934019526637762,-1.0753822797768993
10.0,187.0,1000.0233764648438,-4.244101192046108,-2.952535119387312,-1.9640563027293936,0.6894259761377617,-1.3017774092331242,4.8271845057383125,-0.5186077968886869,1.481169557791712,-0.934011328127566,-1.0753839380861026
10.0,187.0,1000.0233764648438,-4.244098664007445,-2.9525433781881705,-1.964058084381754,0.6894299750947859,-1.3017678472344931,4.82717460591379,-0.5186078597934882,1.48116701367318,-0.9340161459210848,-1.0753837339110597
10.0,187.0,1000.0233154296876,-4.24409931429707,-2.9525409077795715,-1.964057287053664,0.6894291390133755,-1.3017701228309249,4.827177462777888,-0.5186080555046875,1.4811683059123206,-0.93401498739384,-1.075383363432013
10.0,187.0,1000.0233154296876,-4.244097561582857,-2.952546449141391,-1.964058467941108,0.6894320609117788,-1.301763130168312,4.827170729969929,-0.5186080240017894,1.4811666477482426,-0.9340183786758168,-1.0753830911400803
10.0,187.0,1000.0233764648438,-4.2441001403770215,-2.952537935288785,-1.9640576807636227,0.6894269682584735,-1.3017759684753756,4.827181127867924,-0.5186077101476618,1.4811678383792923,-0.9340118965193788,-1.0753850888425958
10.0,187.0,1000.0232543945312,-4.244100226381375,-2.9525385506788884,-1.964057227942261,0.6894276398178221,-1.3017740656451775,4.8271803580932335,-0.5186077673809066,1.481168265427197,-0.9340129596113672,-1.0753843055123995
10.0,187.0,1000.0233154296876,-4.24409634214881,-2.952550774876733,-1.9640587877181992,0.6894345154788875,-1.301756834819639,4.827165402114538,-0.518608272249562,1.481166236165854,-0.93402171631321,-1.0753821215722037
10.0,187.0,1000.023193359375,-4.244098874313254,-2.952542851696144,-1.9640577831501729,0.6894299963219019,-1.3017680642563445,4.8271751001895264,-0.5186079899619305,1.481167584314815,-0.9340160379315928,-1.0753834635839472
10.0,187.0,1000.0233764648438,-4.244099899458893,-2.9525395915726893,-1.964056998819028,0.6894286075446274,-1.3017719749682677,4.827179135837261,-0.5186078782581252,1.48116868296197,-0.9340139700293362,-1.0753835483627023
10.0,187.0,1000.0233764648438,-4.2440988624104765,-2.9525417873677413,-1.9640577238605303,0.6894293307797605,-1.3017691023003444,4.827176353066925,-0.5186079895632973,1.481167753464164,-0.9340153061319096,-1.0753836492072328
10.0,187.0,1000.0232543945312,-4.244100042899726,-2.952538186674861,-1.964057662458866,0.6894270452804188,-1.3017753190486232,4.827180787242774,-0.5186077453054603,1.481167881721463,-0.9340122201420638,-1.0753848896064984
10.0,187.0,1000.0232543945312,-4.24409952400779,-2.952539563353887,-1.964057835131467,0.6894279059306836,-1.301773530783367,4.827179116012131,-0.5186077988371309,1.4811675566050022,-0.9340130724304476,-1.075384830041624
10.0,187.0,1000.0233154296876,-4.24409822831298,-2.952544810432957,-1.9640580797350933,0.6894309154730447,-1.30176515213219,4.827172737236706,-0.5186081716729891,1.4811672096185855,-0.9340175091617836,-1.075383014043947
10.0,187.0,1000.0233154296876,-4.244100950120199,-2.9525344642968383,-1.964057026475178,0.6894252186236551,-1.3017797775192586,4.827185344295419,-0.5186076224062006,1.4811688407392136,-0.934009781055444,-1.075385330570473
10.0,187.0,1000.0233764648438,-4.244099285477446,-2.9525419729366726,-1.9640572461713688,0.6894300024512168,-1.3017684842971329,4.827176274513812,-0.5186079432152972,1.481168266709858,-0.9340158244800056,-1.075382968563297
10.0,187.0,1000.0232543945312,-4.244099970285748,-2.9525390309836106,-1.9640569672140715,0.6894280630897542,-1.3017725659208077,4.827179841536362,-0.5186081020402948,1.4811688076223826,-0.9340137462586596,-1.0753834415648154
10.0,187.0,1000.0233764648438,-4.244098881120208,-2.952543600851338,-1.964057582606606,0.6894306274677664,-1.3017666331516025,4.827174235766323,-0.5186080613949171,1.4811677817575557,-0.9340169338445286,-1.075382843613235
10.0,187.0,1000.023193359375,-4.244099346311359,-2.95254158799187,-1.964057428291869,0.6894293883343003,-1.3017692906321194,4.827176760826784,-0.5186079919317121,1.4811680880499214,-0.9340153047659544,-1.075383413833194
10.0,187.0,1000.0232543945312,-4.244097007885151,-2.952549445445104,-1.9640583426921627,0.6894340154630552,-1.301758738135827,4.827167189583809,-0.5186082264467187,1.481166679904181,-0.934020897693432,-1.0753821549909093
10.0,187.0,1000.0233154296876,-4.244099169356636,-2.952541365425211,-1.9640575777788285,0.6894292018338888,-1.301769791472931,4.827176824420508,-0.5186079110685586,1.4811678108951618,-0.9340150338529334,-1.0753837378339988
10.0,187.0,1000.0234985351562,-4.24409704637606,-2.952548965993532,-1.9640585074447108,0.689433615385,-1.3017592847149428,4.827167749551132,-0.5186081268081963,1.4811665879000389,-0.9340204761801384,-1.0753823437403789
10.0,187.0,1000.0233764648438,-4.244099484964866,-2.9525400210081547,-1.96405746464945,0.6894283468064231,-1.3017720024444617,4.827178743709236,-0.5186078687629783,1.4811679795589452,-0.9340139275460057,-1.0753840960714904
10.0,187.0,1000.0233154296876,-4.244098171749103,-2.9525446909959663,-1.964057930545226,0.6894312764798904,-1.3017651101945455,4.827172695535879,-0.5186078904502782,1.4811672273138647,-0.9340174605095716,-1.0753831428587288
10.0,187.0,1000.0232543945312,-4.244096697267073,-2.952549930072462,-1.9640585493486329,0.6894343401928875,-1.3017573899645365,4.8271664918536,-0.51860815835132,1.4811665887259453,-0.9340213026665792,-1.0753818524000556
10.0,187.0,1000.0233154296876,-4.244100123622687,-2.9525389260717896,-1.9640579612399776,0.6894272631867455,-1.3017749137000374,4.827179989031038,-0.518607595066582,1.481167353895514,-0.93401221857288,-1.075385240826638
10.0,187.0,1000.023193359375,-4.24410027577973,-2.952538535096135,-1.964057461752372,0.6894273780174238,-1.3017744191017764,4.827180546688917,-0.5186076865365656,1.4811680303931398,-0.9340125299693804,-1.0753845879253383
10.0,187.0,1000.0233764648438,-4.244096748418006,-2.952549745758483,-1.9640583558390028,0.6894340548991256,-1.3017580953568002,4.827166736219512,-0.5186081577974608,1.4811664641833246,-0.9340210546696452,-1.0753822506612662
10.0,187.0,1000.0234375,-4.244099480739102,-2.952540369124825,-1.9640576524624629,0.6894287025612478,-1.3017712488065607,4.827178053362871,-0.5186078383947201,1.481167948484173,-0.9340140141999278,-1.075384175451398
10.0,187.0,1000.0233764648438,-4.244096811506859,-2.952550060967973,-1.964058294442549,0.6894344332683833,-1.301757165125796,4.82716622448098,-0.5186082936417353,1.481166717102118,-0.9340215910309206,-1.0753816862358727
10.0,187.0,1000.0233764648438,-4.244098045848713,-2.952545774583934,-1.9640578584793755,0.6894318431356448,-1.3017637634610923,4.827171515707743,-0.5186080536221844,1.4811672988596092,-0.934018344624744,-1.075382825248898
10.0,187.0,1000.0233154296876,-4.24409773221247,-2.9525474008649084,-1.9640583656014856,0.6894326653771055,-1.3017619251332944,4.827169617027527,-0.5186080141172242,1.48116659320233,-0.9340192607677152,-1.0753826328245744
10.0,187.0,1000.0233154296876,-4.244099578487944,-2.9525398676439147,-1.9640575324642704,0.6894283962124419,-1.3017724678666562,4.827178752027695,-0.5186077980624013,1.4811680359668289,-0.934013669195048,-1.075384266280928
10.0,187.0,1000.0233154296876,-4.244098652238639,-2.952542433119458,-1.96405780002915,0.6894295950519904,-1.301767901395154,4.827175510245299,-0.5186081060383021,1.4811675832699986,-0.9340158368141144,-1.075383484503945
10.0,187.0,1000.0232543945312,-4.244096315805013,-2.952551775577822,-1.9640584490102928,0.6894357346697397,-1.3017545607544605,4.827164364337572,-0.5186081758182279,1.4811665529354787,-0.934022983292052,-1.075381162703013
10.0,187.0,1000.0233764648438,-4.244098218966668,-2.952544535267081,-1.964057698123064,0.6894311335371475,-1.3017649943676035,4.827172971187842,-0.5186081205046937,1.4811676233549944,-0.9340177042300796,-1.0753826672379274
10.0,187.0,1000.0232543945312,-4.244097324742678,-2.952548063787688,-1.9640582371684672,0.6894331236352489,-1.3017601601028672,4.827168749677439,-0.5186082300956478,1.4811667585133463,-0.9340201417945276,-1.0753821209764247
10.0,187.0,1000.0232543945312,-4.244098474985782,-2.952543999654671,-1.9640576181227831,0.689430726574745,-1.3017657492754968,4.827173765975861,-0.5186081559467244,1.4811676025994511,-0.9340174298090504,-1.0753827284875666
10.0,187.0,1000.0233764648438,-4.244098335179651,-2.952544112894677,-1.9640580060137496,0.6894306917221869,-1.3017661350081422,4.827173510395454,-0.5186079127025058,1.4811671810322693,-0.934016834131122,-1.075383456476486
10.0,187.0,1000.0232543945312,-4.24409876405916,-2.952542013584794,-1.964057431415389,0.6894298107691217,-1.3017683015835644,4.827176086877184,-0.518608044821459,1.4811681019780645,-0.9340157868751452,-1.0753832176903773
10.0,187.0,1000.0233154296876,-4.244095465213124,-2.952554053388271,-1.9640588881873409,0.6894368684945329,-1.3017516291310915,4.827161447086427,-0.5186082676687427,1.4811659221086035,-0.9340242922340352,-1.0753811334201413
10.0,187.0,1000.0233154296876,-4.244099287509773,-2.9525409114301944,-1.9640579195271304,0.6894286915487591,-1.301771428981373,4.827177395358595,-0.5186079062998514,1.481167487416874,-0.934014289028716,-1.0753842699587035
10.0,187.0,1000.0233154296876,-4.244097010993444,-2.9525490151463134,-1.964058434570663,0.6894335578594966,-1.3017587671214097,4.827167463615465,-0.5186083885061761,1.4811667184795896,-0.934020809379276,-1.075381908775357
10.0,188.0,1000.0234375,-4.244099874534623,-2.952539563134998,-1.964057652192348,0.6894276682162515,-1.3017731796911691,4.827179218873312,-0.518607929557847,1.4811678031515196,-0.93401343032874,-1.0753843621990784
10.0,188.0,1000.023193359375,-4.244100268641205,-2.9525382728722875,-1.9640577454759112,0.689426916764849,-1.3017755125818835,4.827180737828535,-0.5186077214628435,1.4811677798782927,-0.9340120695782952,-1.0753850112432124
10.0,188.0,1000.0233154296876,-4.244099453055917,-2.952540073609226,-1.9640575711474024,0.6894283255824698,-1.3017719619083907,4.827178404194097,-0.5186079603798257,1.4811679077665136,-0.9340140599978648,-1.0753839828142713
10.0,188.0,1000.0233154296876,-4.244097918562214,-2.952545627783353,-1.9640576417467035,0.6894320029195731,-1.3017632971055375,4.827171711278909,-0.5186082059383725,1.481167697828619,-0.9340184863415368,-1.075382463454995
10.0,188.0,1000.0233154296876,-4.244100205228679,-2.952538219572763,-1.9640575937334728,0.6894268045825207,-1.3017752669971625,4.827180804129579,-0.5186079334066083,1.4811678603815492,-0.9340123989941568,-1.0753847259269813
10.0,188.0,1000.0233764648438,-4.244099996102491,-2.952539532419714,-1.964057300596,0.6894284751328872,-1.3017724642735362,4.827179201337531,-0.5186077221575065,1.48116823421471,-0.9340136268265472,-1.0753840058701374
10.0,188.0,1000.0232543945312,-4.244096832744166,-2.952549828967608,-1.964058339077169,0.6894342659056587,-1.3017581623575325,4.8271666897212135,-0.5186082091031832,1.4811666028932793,-0.9340212466101984,-1.075382109203551
10.0,188.0,1000.0234375,-4.244096532049346,-2.9525511305080547,-1.9640579462636936,0.6894355243835335,-1.3017543228208854,4.827165152892048,-0.5186083907407717,1.4811673620136556,-0.9340229870523072,-1.075380653050359
10.0,188.0,1000.0234375,-4.244098868894247,-2.952542249553745,-1.964057834406589,0.6894299289947678,-1.301769173254535,4.827175864834587,-0.5186076962505055,1.481167500141254,-0.9340153513735928,-1.0753839355177297
10.0,188.0,1000.0233764648438,-4.244100553393173,-2.9525363748975946,-1.9640572247549453,0.6894261244753999,-1.3017774753181977,4.82718299049899,-0.5186076479904518,1.4811683510067422,-0.9340110492035124,-1.0753851853921308
10.0,188.0,1000.0233764648438,-4.244097247066896,-2.9525484210848005,-1.9640576859237924,0.6894340786434032,-1.3017583690323722,4.827168311590986,-0.518608322003109,1.481167738521246,-0.9340209587222156,-1.075381175745079
10.0,188.0,1000.0233764648438,-4.24409722701011,-2.952547398618924,-1.9640585626616816,0.6894322697045316,-1.3017618057893996,4.827169450010471,-0.5186083163500337,1.4811665136320329,-0.9340191296074104,-1.0753829108875483
10.0,188.0,1000.0233764648438,-4.244100077644999,-2.952537742231555,-1.9640573045661207,0.6894270646014702,-1.3017742415468954,4.827181215107078,-0.5186078813885739,1.4811684263960494,-0.9340124272045872,-1.0753842526577162
10.0,188.0,1000.0233764648438,-4.244098104954189,-2.952545389970384,-1.9640583185276697,0.6894315128811108,-1.3017648817590888,4.827172106070897,-0.5186078049930725,1.4811668064082193,-0.9340175710373906,-1.0753833769000989
10.0,188.0,1000.0233764648438,-4.244098886589098,-2.952542932697609,-1.964057621675929,0.689430293969453,-1.3017679364963075,4.8271751887238405,-0.5186078820654885,1.481167792492247,-0.9340161318001724,-1.075383328253788
10.0,188.0,1000.0233764648438,-4.24409893784294,-2.9525423721511053,-1.9640578137414573,0.6894297820494453,-1.3017689307115496,4.827175668325719,-0.5186078627808204,1.4811674011391591,-0.9340154615918363,-1.075383910974769
10.0,188.0,1000.023193359375,-4.2440969437617335,-2.952550640388304,-1.9640579072644224,0.689435251007815,-1.3017556800782877,4.827165772474258,-0.5186081738552426,1.4811672014152375,-0.9340225407890284,-1.0753809236279914
10.0,188.0,1000.0233154296876,-4.244099543073989,-2.952540947778321,-1.964057555649484,0.6894288351229436,-1.301771035616336,4.827177526445533,-0.518607926761395,1.4811679122456942,-0.93401457033917,-1.075383985603006
10.0,188.0,1000.0232543945312,-4.244098611063992,-2.952543983187344,-1.9640577272594344,0.6894306119135898,-1.3017661325108332,4.827173822369229,-0.5186080946260034,1.481167487487543,-0.9340170956370528,-1.0753829597287772
10.0,188.0,1000.0232543945312,-4.244098373017877,-2.9525448749795125,-1.9640579205128983,0.6894312942727252,-1.301765195024141,4.827172714800955,-0.5186079735435136,1.4811672212528322,-0.9340174991463036,-1.0753831449443312
10.0,188.0,1000.0233154296876,-4.244097257408941,-2.952549560283145,-1.9640582075690445,0.6894343536945797,-1.301758662614665,4.827167243642146,-0.5186079843196971,1.481166715579988,-0.934020924747502,-1.0753819944411616
10.0,188.0,1000.0233154296876,-4.2440990446887294,-2.952543006364223,-1.9640577893693187,0.6894300570094947,-1.3017682297573463,4.827175022073988,-0.5186080291620838,1.4811675231269463,-0.934016101899612,-1.0753834558163748
10.0,188.0,1000.0233154296876,-4.24409778524058,-2.952547133131794,-1.9640576705447603,0.6894327485358787,-1.3017607720723907,4.827170095735864,-0.5186083345966859,1.4811674570364983,-0.9340198549338314,-1.0753817113427262
10.0,188.0,1000.0232543945312,-4.244097814086958,-2.952545941173337,-1.964057981442604,0.689431911512802,-1.301763298324214,4.8271714668739065,-0.5186081069730077,1.4811672279085677,-0.9340184482372766,-1.0753827330475567
10.0,188.0,1000.0233154296876,-4.244100223664864,-2.9525384592410737,-1.96405738083248,0.6894273816178824,-1.301774867377994,4.827180409819091,-0.5186079401785424,1.4811681893315587,-0.9340127612529204,-1.075384528993251
10.0,188.0,1000.0234985351562,-4.244101122071025,-2.952534789553655,-1.9640572413398232,0.689425103201935,-1.30178021074898,4.82718489356423,-0.5186076342211168,1.4811684831479577,-0.93400975195029,-1.075385571812491
10.0,188.0,1000.0233764648438,-4.244099304443095,-2.9525417202066624,-1.9640573557804224,0.6894295534045529,-1.3017694441736118,4.827176687356419,-0.518607973222724,1.481168098500719,-0.9340153529761483,-1.075383398561924
10.0,188.0,1000.0232543945312,-4.244097804144559,-2.952546047130145,-1.964058056247027,0.6894318520124996,-1.3017633351378066,4.827171237075701,-0.5186081357280719,1.4811670891517377,-0.9340184854498794,-1.075382842824533
10.0,188.0,1000.0235595703124,-4.244096516023058,-2.9525499703270977,-1.9640585646609288,0.6894341305477747,-1.3017576055704376,4.827166260028527,-0.5186084730514438,1.481166563755389,-0.9340215527524584,-1.0753818038931504
10.0,188.0,1000.0233154296876,-4.244099271672592,-2.9525420193866267,-1.9640580009758064,0.6894292323289513,-1.3017698084398894,4.827176268000562,-0.5186077791464223,1.4811672045741917,-0.9340150954921036,-1.0753839386625756
10.0,188.0,1000.0233154296876,-4.244097820117636,-2.952546007132,-1.964058089926886,0.689431954790888,-1.301763509672842,4.827171105463586,-0.5186081823682089,1.4811670696045525,-0.9340182818472832,-1.0753830328655969
10.0,188.0,1000.0232543945312,-4.2440985380263765,-2.9525438936058896,-1.9640582500867887,0.6894304718885991,-1.3017667309079988,4.827173866206341,-0.5186077915390088,1.481166974087886,-0.9340163626310548,-1.0753836866359947
10.0,188.0,1000.0232543945312,-4.2440994928945175,-2.9525408396467414,-1.964057562772909,0.6894288994459821,-1.301770535714403,4.827177668549529,-0.5186078681807276,1.4811679888517926,-0.9340145847787272,-1.075383766885985
10.0,188.0,1000.0233154296876,-4.244099913788356,-2.9525390450061213,-1.9640573027082189,0.6894280526483287,-1.3017729395892537,4.827179810492506,-0.5186077030787839,1.481168195129788,-0.9340133563151608,-1.0753840220347657
10.0,188.0,1000.0232543945312,-4.244100261712305,-2.9525376682745232,-1.9640569167856587,0.6894272129522996,-1.3017750223205775,4.827181569009444,-0.5186078584187541,1.481168743070004,-0.9340125824384576,-1.0753842186265024
10.0,188.0,1000.0233764648438,-4.244098433660876,-2.9525442438219365,-1.964057988678602,0.6894307182877224,-1.3017667531544106,4.827173536990889,-0.5186079145580518,1.4811671269195408,-0.934016759000878,-1.0753836382144395
10.0,188.0,1000.0233764648438,-4.244096584212,-2.952550518826637,-1.9640586598924008,0.6894346530528033,-1.3017572467585476,4.827165815324472,-0.5186080957503956,1.4811663898464422,-0.9340215140756376,-1.075382082175225
10.0,188.0,1000.0233154296876,-4.244098674244859,-2.952544745098816,-1.9640576401459315,0.6894313593858445,-1.3017648079063449,4.827172826522114,-0.5186080936663178,1.481167704564057,-0.9340178821763364,-1.075382575861649
10.0,188.0,1000.0233154296876,-4.244095349585184,-2.952554890024341,-1.964058681747472,0.6894373636958822,-1.3017500229725298,4.827160565866583,-0.518608383162559,1.4811661243058245,-0.9340251759554316,-1.075380668349078
10.0,188.0,1000.0233764648438,-4.244097107598991,-2.952549194674778,-1.964058420562627,0.6894338324209235,-1.3017588633266697,4.827167474618161,-0.5186081256338388,1.4811665285957183,-0.9340207601420404,-1.075382103743852
10.0,188.0,1000.0232543945312,-4.244098255446891,-2.952544494251236,-1.964058379379301,0.6894305615070495,-1.3017665153183815,4.82717314313447,-0.5186079193313553,1.4811666178786798,-0.9340166981704608,-1.075383827372986
10.0,188.0,1000.0233764648438,-4.244099423087301,-2.952540712469362,-1.96405755237608,0.689428842588188,-1.3017713993828597,4.827177618055989,-0.518607806093037,1.4811678339527106,-0.9340144234636316,-1.0753842198530634
10.0,188.0,1000.0233764648438,-4.244097277958014,-2.952549029594382,-1.9640581657994467,0.6894340684836386,-1.301759090288729,4.82716780139374,-0.5186080552798611,1.4811670012869609,-0.934020718306826,-1.075381944412586
10.0,188.0,1000.0233764648438,-4.244095324029536,-2.952554361416508,-1.9640590333294463,0.6894368149985315,-1.301751538881745,4.827161185711077,-0.5186083080447537,1.481165689989127,-0.9340243268531684,-1.075381431110488
10.0,188.0,1000.0234985351562,-4.244099219459269,-2.95254198882332,-1.9640572323300785,0.6894300283386006,-1.3017685682945306,4.827176339070775,-0.5186079573461457,1.481168357447526,-0.9340157915581564,-1.0753831072854698
10.0,188.0,1000.0234375,-4.244098214783647,-2.9525448895572013,-1.9640573853420973,0.6894316664507452,-1.301763906544335,4.827172772203928,-0.518608273181858,1.4811680231437263,-0.9340183384501968,-1.0753820408655637
10.0,188.0,1000.0232543945312,-4.244099370082274,-2.952541418703436,-1.964057403996644,0.6894295069422611,-1.301769851800907,4.827176907270967,-0.5186078121900932,1.481168070198987,-0.93401512172235,-1.0753835213501772
10.0,188.0,1000.0233154296876,-4.244098106682887,-2.952544937045436,-1.96405779941126,0.6894314823663308,-1.3017639593122778,4.827172528068683,-0.5186080915642268,1.481167582617613,-0.9340179433867276,-1.075382559026309
10.0,188.0,1000.0234985351562,-4.24409938675323,-2.952540438932781,-1.9640573085723685,0.6894287280312303,-1.3017705666133166,4.827178021415879,-0.51860804570968,1.481168333884595,-0.9340146070508472,-1.0753836130210837
10.0,188.0,1000.0232543945312,-4.2440982572425945,-2.952544383820314,-1.9640582190669664,0.68943090775511,-1.301766178175459,4.827173073409284,-0.5186080253957446,1.4811671459748172,-0.9340169562619662,-1.0753834214006797
10.0,189.0,1000.0234985351562,-4.24409851278984,-2.952544129487073,-1.9640576656038933,0.689430849099768,-1.301765456418415,4.827173561701022,-0.5186081729636456,1.4811677415083686,-0.9340173328251496,-1.0753827913553926
10.0,189.0,1000.0233154296876,-4.244098586908726,-2.952543117879886,-1.964057918549707,0.6894301175271469,-1.3017675718491502,4.827174761457233,-0.5186080776939201,1.4811675181212482,-0.9340162319543612,-1.0753833329923146
10.0,189.0,1000.023193359375,-4.244097643284443,-2.9525476621396787,-1.9640581309304923,0.6894330154957853,-1.3017608710127375,4.827169370616163,-0.5186081038637012,1.4811670202093854,-0.9340197284102773,-1.0753822329845075
10.0,189.0,1000.023193359375,-4.244097940656898,-2.9525467773596663,-1.964057895478299,0.6894325991225365,-1.3017620278509816,4.827170540121804,-0.5186080199643648,1.4811672948840844,-0.9340191602443992,-1.0753823305839043
10.0,189.0,1000.0233764648438,-4.244098321266006,-2.952544583792661,-1.9640581684663925,0.6894308390084767,-1.3017658765934277,4.82717304071857,-0.5186079555895944,1.4811670244609454,-0.9340170879772892,-1.0753833611368817
10.0,189.0,1000.0233764648438,-4.244099364889568,-2.952542058593054,-1.9640573667028145,0.6894298237384735,-1.3017688931461988,4.827176214798136,-0.5186077442324919,1.4811679630814965,-0.9340155356774228,-1.075383556502934
10.0,189.0,1000.0233154296876,-4.244095869571962,-2.9525529684283995,-1.9640582056096232,0.6894364101341584,-1.301752079323114,4.827162925229755,-0.5186084021293818,1.4811667832395117,-0.9340242346832222,-1.0753805333702855
10.0,189.0,1000.0232543945312,-4.244097700028999,-2.9525472356794062,-1.9640582840618093,0.6894325495301938,-1.3017618775514146,4.827169882032543,-0.5186081260743292,1.4811668562403648,-0.9340191617372168,-1.075382599815118
10.0,189.0,1000.0232543945312,-4.244100531572184,-2.9525371301450525,-1.9640572347264795,0.6894266955886108,-1.301776147216429,4.827182143365368,-0.5186077456377998,1.4811684345280307,-0.934011838333654,-1.0753845125089478
10.0,189.0,1000.0233764648438,-4.244097346465503,-2.9525489671516563,-1.9640580613476768,0.6894341521254708,-1.301758434590734,4.827167811599116,-0.5186080690441672,1.4811673024095962,-0.9340209360144848,-1.075381537363448
10.0,189.0,1000.0233154296876,-4.244099068197926,-2.9525423069265733,-1.9640576070687543,0.6894299260408241,-1.301768167793456,4.827175834842977,-0.5186079359313052,1.4811678762525995,-0.9340157628633464,-1.0753832846472444
10.0,189.0,1000.0233154296876,-4.244100173852357,-2.952538617950498,-1.964057464746646,0.689427323840893,-1.3017744210940108,4.827180402224682,-0.5186077343068307,1.4811679707605183,-0.934012748803716,-1.0753845405674536
10.0,189.0,1000.023193359375,-4.244097342460594,-2.952548647198489,-1.964058017035488,0.6894337487127125,-1.3017588982895083,4.827168035492338,-0.5186082588674026,1.481167171527222,-0.934020863265351,-1.0753815605938497
10.0,189.0,1000.0233154296876,-4.244098347035463,-2.952544960672693,-1.9640575282024493,0.689431712883871,-1.3017641222161966,4.827172471797709,-0.5186081668080078,1.4811678829225796,-0.9340182581600108,-1.075382267917924
10.0,189.0,1000.0233154296876,-4.244097848980694,-2.952546563395646,-1.964058269566292,0.6894322557445234,-1.3017630590024305,4.827170554340047,-0.5186078834148482,1.4811667197562155,-0.9340185730018362,-1.0753830426645616
10.0,189.0,1000.0233154296876,-4.244095125643162,-2.9525553255563013,-1.9640589633856016,0.6894374558935965,-1.301749886542483,4.827160076440302,-0.5186083366612726,1.4811658330202526,-0.934025224085854,-1.0753808542877046
10.0,189.0,1000.0233154296876,-4.244098630005507,-2.9525439553910524,-1.9640578041419297,0.6894306995032924,-1.3017664895661645,4.827173938187354,-0.5186079343627865,1.481167470995974,-0.9340168374078814,-1.0753832076495442
10.0,189.0,1000.0233154296876,-4.244096100027753,-2.9525520276871022,-1.964058576655228,0.6894355216251746,-1.3017545876333054,4.827163887112572,-0.518608326773002,1.4811663500310148,-0.9340230191288476,-1.0753813760447717
10.0,189.0,1000.0233154296876,-4.244098502833348,-2.95254438765827,-1.964057743776824,0.6894311087741674,-1.3017657058251235,4.827173309087273,-0.5186079797708771,1.4811675596516096,-0.9340172932626896,-1.075383066037099
10.0,189.0,1000.0234375,-4.244099361008314,-2.9525410940100665,-1.964057887569938,0.6894287746363394,-1.3017709838263896,4.827177321667953,-0.5186078262403724,1.4811674036792084,-0.9340143459610992,-1.0753842961344295
10.0,189.0,1000.0232543945312,-4.244097780157731,-2.952545962556305,-1.9640580556021383,0.6894318631938114,-1.3017632292571344,4.8271713749582,-0.5186081014327897,1.481167265259522,-0.9340184933270566,-1.075382665615523
10.0,189.0,1000.0233154296876,-4.244097606092491,-2.952547199553725,-1.9640581326319089,0.6894325113240898,-1.3017614559270818,4.827169777018984,-0.5186083405763577,1.481167058529925,-0.9340195841902724,-1.0753821683506577
10.0,189.0,1000.0233154296876,-4.244098850710265,-2.952542403270145,-1.9640574445124173,0.6894297704479859,-1.301767834714858,4.827175646878896,-0.5186081711322235,1.481168029326092,-0.9340162639733148,-1.0753830238239597
10.0,189.0,1000.0233154296876,-4.244097822438514,-2.95254656333334,-1.96405804302784,0.689432318686336,-1.3017626135418403,4.827170677004148,-0.5186080904405008,1.481167020040299,-0.9340188673676604,-1.0753825700370396
10.0,189.0,1000.0232543945312,-4.244099729497648,-2.9525404573461054,-1.9640574190532016,0.6894284434275271,-1.301771319552885,4.827178058194864,-0.51860796666681,1.481167930202682,-0.9340144750016544,-1.0753838175013408
10.0,189.0,1000.0233154296876,-4.244098807543257,-2.95254337306089,-1.96405799998722,0.6894302531013796,-1.3017677120618365,4.827174637663831,-0.518607933213528,1.4811673580643865,-0.9340162087081988,-1.0753836051544456
10.0,189.0,1000.0233154296876,-4.244098854132375,-2.9525431983456536,-1.9640577346569623,0.6894302160532062,-1.3017675080979991,4.827174798651759,-0.5186080711934249,1.481167760816743,-0.9340162492547774,-1.0753833397581292
10.0,189.0,1000.0232543945312,-4.24409924371215,-2.952542188625873,-1.9640576906202964,0.6894295480810619,-1.3017692980619993,4.8271761359658285,-0.5186079100209433,1.481167566492453,-0.934015372210121,-1.075383737604538
10.0,189.0,1000.0233764648438,-4.244096706846209,-2.9525500557490867,-1.964058190499958,0.6894343732222454,-1.3017574663586218,4.827166419153592,-0.5186082904167852,1.481166684681698,-0.934021655730711,-1.075381703843366
10.0,189.0,1000.0233154296876,-4.244097596003108,-2.952547772338364,-1.964058159609599,0.6894331411279806,-1.3017612056453212,4.82716911997807,-0.5186080835571536,1.4811669684446755,-0.9340196670043284,-1.0753825048148782
10.0,189.0,1000.0232543945312,-4.244099333860929,-2.952542378642467,-1.9640574426509456,0.6894299768125514,-1.3017681563744974,4.827175771595758,-0.5186080196791538,1.4811680427674991,-0.9340160791892068,-1.0753829504475123
10.0,189.0,1000.0232543945312,-4.244098066310045,-2.9525456413684505,-1.9640582954163928,0.6894316591100624,-1.301764394907043,4.827171939328165,-0.5186078838049148,1.4811669034590116,-0.9340176426544672,-1.0753832831484305
10.0,189.0,1000.023193359375,-4.244098261648659,-2.952545631046075,-1.9640580043675613,0.6894316551840616,-1.3017642080708178,4.827171741311835,-0.518607972656902,1.481167126940858,-0.9340179325674428,-1.0753830823797357
10.0,189.0,1000.0233154296876,-4.244100332959919,-2.952537983183601,-1.964057287222208,0.6894272938108728,-1.301774719463781,4.827181063242612,-0.5186077196771013,1.4811682920014313,-0.9340124503701572,-1.0753843825707348
10.0,189.0,1000.0233154296876,-4.244096959487716,-2.952549383668957,-1.9640587584531624,0.6894335927248179,-1.3017587170901948,4.827167136593522,-0.5186082153680536,1.481166236873675,-0.9340206994931012,-1.075382245130884
10.0,189.0,1000.0232543945312,-4.2440989655296,-2.952542649085983,-1.9640576699229824,0.6894299779185031,-1.301768208114872,4.827175393961836,-0.518608040790685,1.4811677596631458,-0.9340159858999826,-1.0753833274678737
10.0,189.0,1000.0233154296876,-4.244098923001873,-2.9525429485748464,-1.9640575470247603,0.6894302494240678,-1.3017674681663212,4.827175083351886,-0.5186079867594566,1.4811678311816063,-0.934016280100404,-1.075383207354598
10.0,189.0,1000.0232543945312,-4.244100325812991,-2.9525383294900536,-1.964057298916304,0.6894275572967263,-1.3017744860274427,4.827180644833463,-0.5186076381464391,1.4811683326932288,-0.9340126149034064,-1.0753844521401392
10.0,189.0,1000.023193359375,-4.244098089259378,-2.9525456313678964,-1.964058031028333,0.6894317228689628,-1.3017639824242542,4.827171844608143,-0.5186080293110624,1.4811671832788775,-0.9340180733270778,-1.075382854781611
10.0,189.0,1000.023193359375,-4.244098359833404,-2.952544828482198,-1.9640582240153568,0.6894308970914134,-1.30176608889367,4.827172880621962,-0.5186078739606117,1.481166745643824,-0.9340170136628912,-1.0753836076321126
10.0,189.0,1000.0233154296876,-4.244097572220321,-2.95254753530481,-1.9640581242507185,0.689432915860313,-1.3017609075265208,4.82716937015336,-0.5186081571783347,1.4811670798351582,-0.9340197174839568,-1.075382255318579
10.0,189.0,1000.0232543945312,-4.244098882268121,-2.952542661795834,-1.964057974431276,0.6894298868619817,-1.3017685927605918,4.827175379329077,-0.5186079094936558,1.481167424531277,-0.9340156357496934,-1.0753837505146469
10.0,189.0,1000.0233154296876,-4.244097874710574,-2.9525461408922498,-1.964057782800488,0.6894321558462089,-1.3017624499535092,4.8271710967785815,-0.5186082397830205,1.481167594720299,-0.9340189742489996,-1.075382170642854
10.0,189.0,1000.0232543945312,-4.244098285927021,-2.9525445002569874,-1.9640579998674323,0.6894309616965755,-1.3017654494769997,4.827173220278247,-0.5186078585528353,1.481167234028602,-0.9340171206099672,-1.0753832209270089
10.0,189.0,1000.0232543945312,-4.244097242125618,-2.952549179926855,-1.964058210559234,0.6894339881135148,-1.3017584001560638,4.827167506265674,-0.518608116598724,1.4811669086480208,-0.9340209071138325,-1.0753817452692256
10.0,189.0,1000.0232543945312,-4.244099782931842,-2.9525397525918486,-1.964057360195313,0.6894281951793104,-1.3017722532927651,4.827179003548752,-0.5186078542730224,1.481168075784499,-0.9340138353818696,-1.075383986223652
10.0,189.0,1000.0232543945312,-4.244098504806703,-2.9525441855331804,-1.9640578972503309,0.6894308981655737,-1.301766134457909,4.827173468450894,-0.5186079787424784,1.4811673228203768,-0.9340170810631624,-1.075383111656631
10.0,189.0,1000.0232543945312,-4.244099993520569,-2.952539903432596,-1.9640575046435635,0.6894284540822486,-1.3017721304967855,4.827178734232589,-0.5186077424906799,1.4811681727548862,-0.9340138132471854,-1.075384018688759
10.0,189.0,1000.0233154296876,-4.244095407526804,-2.9525544080866544,-1.964058793814746,0.6894369544196977,-1.301751085323391,4.827160923739143,-0.5186084152190737,1.4811660093207548,-0.9340248839243142,-1.0753808134989788
10.0,189.0,1000.0232543945312,-4.244096367331951,-2.952551556886123,-1.9640588494123912,0.68943513363633,-1.3017558901434128,4.827164521797528,-0.5186081838151448,1.4811660740607513,-0.9340221799545594,-1.075381927284707
10.0,190.0,1000.023193359375,-4.244096648674848,-2.9525505960230976,-1.9640582262532504,0.6894348642917816,-1.3017563934622085,4.827165794302402,-0.5186082074217762,1.4811667526219354,-0.9340221535722488,-1.0753815625555854
10.0,190.0,1000.0233154296876,-4.244099618903423,-2.952541781727598,-1.964057411668404,0.6894294936637744,-1.3017691667953413,4.827176626203185,-0.5186078280639359,1.4811679110280007,-0.9340153752964008,-1.0753833550303016
10.0,190.0,1000.0233154296876,-4.244099364685551,-2.9525406611554814,-1.9640575441869936,0.6894288020700747,-1.3017706087683625,4.827177782417468,-0.5186079640748504,1.4811680441423327,-0.9340145487434216,-1.07538368972707
10.0,190.0,1000.0233764648438,-4.24409862523972,-2.9525455057027346,-1.9640578653083447,0.6894315852190891,-1.3017643030359336,4.827171984176594,-0.5186080821404007,1.481167293447717,-0.9340182080465826,-1.0753825948284734
10.0,190.0,1000.0233764648438,-4.244099579813343,-2.952541959000384,-1.9640577570110784,0.6894295382619076,-1.3017697761902092,4.827176274679463,-0.5186078076417919,1.4811675804589657,-0.9340151726127672,-1.0753837693780173
10.0,190.0,1000.0234375,-4.244097433214352,-2.9525486540346337,-1.964058177498716,0.6894337414164102,-1.3017592860094318,4.827168259493945,-0.5186079226975462,1.4811668524432688,-0.9340204382490648,-1.0753820662860152
10.0,190.0,1000.0233764648438,-4.244099881465935,-2.9525398441333306,-1.9640575289685465,0.6894283090305295,-1.30177284706769,4.827178880859856,-0.5186077211984941,1.4811679598616294,-0.9340135370465488,-1.07538438119074
10.0,190.0,1000.0233154296876,-4.2441009902110265,-2.952536882268281,-1.964057030851242,0.6894266079582936,-1.3017763576692445,4.827182522181989,-0.5186077006979817,1.4811686030843827,-0.9340117138921924,-1.0753843720130032
10.0,190.0,1000.0234375,-4.244100524199318,-2.952539233591441,-1.9640570453644937,0.6894280575421643,-1.301773070338323,4.827179877870531,-0.5186078302417831,1.481168551999355,-0.9340134285167334,-1.0753837992267332
10.0,190.0,1000.0233764648438,-4.244098936591922,-2.95254338625878,-1.9640576662486533,0.6894305976232236,-1.3017666954367488,4.827174610781231,-0.5186078083865082,1.481167642842964,-0.9340165485388336,-1.0753830459721248
10.0,190.0,1000.0233154296876,-4.244097802952931,-2.952546522062474,-1.9640581547618,0.6894323313464064,-1.3017627110967096,4.827170774277597,-0.5186078695934757,1.4811669452015073,-0.934018762758014,-1.0753827262289697
10.0,190.0,1000.0233764648438,-4.24409655899762,-2.95255200867464,-1.964058617074256,0.6894356792609848,-1.301755178682651,4.827164246656487,-0.5186080785595166,1.481166306196778,-0.9340226266734336,-1.075381650086364
10.0,190.0,1000.0234375,-4.244097735984726,-2.952547433681912,-1.964057996112242,0.6894330216199016,-1.3017610202229175,4.827169672871591,-0.5186080627990055,1.481167181538547,-0.9340196481668146,-1.0753821901710587
10.0,190.0,1000.0232543945312,-4.244098567106223,-2.952544030002628,-1.964057936897643,0.689430870492993,-1.3017664201711976,4.827173772231252,-0.518607922016808,1.4811673713034708,-0.9340169370438928,-1.0753831654886037
10.0,190.0,1000.0234375,-4.244095019707968,-2.9525567526888947,-1.9640586695554063,0.6894387189577671,-1.3017470751635605,4.8271582649519225,-0.518608475762635,1.481166161373061,-0.934027025064342,-1.0753797504610918
10.0,190.0,1000.0233154296876,-4.244097657524032,-2.9525475937938044,-1.9640581606813208,0.6894326999734961,-1.3017610853795918,4.827169556700037,-0.5186081736740347,1.4811668835128309,-0.9340195818685187,-1.0753823020202715
10.0,190.0,1000.0233764648438,-4.244097872027278,-2.9525468499621788,-1.9640582302434573,0.6894323546590773,-1.3017627533135785,4.827170309670132,-0.5186080776069097,1.4811668650647123,-0.9340187312921362,-1.075382944343036
10.0,190.0,1000.023193359375,-4.244095932403312,-2.9525540283967104,-1.964058616350748,0.689436897352028,-1.3017517978241946,4.827161566408801,-0.518608355271807,1.4811662204632938,-0.9340245404499664,-1.0753808204389437
10.0,190.0,1000.0232543945312,-4.2440969710929854,-2.952549732611663,-1.9640582958307635,0.6894343401701519,-1.3017582433326962,4.8271668592176535,-0.5186080877581176,1.481166681052044,-0.9340211627485236,-1.0753819852332929
10.0,190.0,1000.0233764648438,-4.244096118703771,-2.952553082371639,-1.9640585290808896,0.6894364645417657,-1.3017528641635785,4.827162849775446,-0.5186081196156804,1.4811662985905336,-0.9340237828761272,-1.0753811053705813
10.0,190.0,1000.0233154296876,-4.244099843462445,-2.95253880596857,-1.9640573477027727,0.6894274086839145,-1.3017736456186988,4.827180016852028,-0.518607997518119,1.4811680659725504,-0.9340131526096752,-1.0753843218623582
10.0,190.0,1000.0234375,-4.244099971159805,-2.9525391062268307,-1.9640579380047951,0.6894273512013926,-1.3017744859598697,4.827179774394336,-0.5186076628982734,1.4811673220864847,-0.9340125111946778,-1.0753850387360604
10.0,190.0,1000.0234375,-4.24409820993919,-2.952545063130069,-1.9640577898506208,0.6894312967378715,-1.3017641360487109,4.827172556807893,-0.51860809461279,1.48116746119166,-0.934018031779555,-1.0753825130582144
10.0,190.0,1000.0233154296876,-4.244101064281458,-2.9525358469704344,-1.9640570058583977,0.6894258186952342,-1.3017779758935188,4.827183713818666,-0.51860784008068,1.481168719667764,-0.9340108734294974,-1.0753848287265293
10.0,190.0,1000.0233764648438,-4.244097217991916,-2.952549416528625,-1.9640582327902527,0.6894339609063307,-1.3017587310525591,4.8271673005056,-0.5186081962072242,1.481166698478841,-0.9340209601150038,-1.075381942131059
10.0,190.0,1000.0232543945312,-4.244098168755272,-2.9525455352055463,-1.964058126001644,0.6894316299042398,-1.301764359715922,4.827171870611597,-0.5186079762898324,1.481167109976571,-0.93401780586119,-1.0753830865069167
10.0,190.0,1000.0233154296876,-4.244099549983572,-2.9525411346200925,-1.9640579914171328,0.6894287320534209,-1.30177154776593,4.827177250639714,-0.5186077696125739,1.481167329078712,-0.934014132665351,-1.0753844349153523
10.0,190.0,1000.0234375,-4.244100836886111,-2.952536118358616,-1.964057367085424,0.6894257582724919,-1.301778735228221,4.827183499340627,-0.5186076242879452,1.4811681866976851,-0.9340104802332484,-1.0753855202248743
10.0,190.0,1000.0232543945312,-4.244098993841429,-2.95254214552678,-1.9640577522555167,0.6894295788994675,-1.3017688878577482,4.827176100912274,-0.5186078649194972,1.4811676458148373,-0.9340153222015388,-1.0753836919678754
10.0,190.0,1000.0232543945312,-4.2440957087810895,-2.952554133684635,-1.9640587121388624,0.6894369226825461,-1.301751833330465,4.827161314399097,-0.5186084465252261,1.481166222097368,-0.93402460941922,-1.0753808595752123
10.0,190.0,1000.0233154296876,-4.244096882236103,-2.9525499737613607,-1.9640587543769925,0.6894340156924823,-1.301758203284837,4.827166479849447,-0.5186080411056713,1.481166081537855,-0.9340209245866458,-1.0753824230234112
10.0,190.0,1000.0232543945312,-4.244097609564441,-2.9525476245759066,-1.964058125052027,0.6894330890010112,-1.3017608921149595,4.827169307129637,-0.5186080988593291,1.4811670713919467,-0.9340197536515022,-1.0753822474214534
10.0,190.0,1000.0233154296876,-4.24410071683919,-2.9525363201868395,-1.9640571572445653,0.6894261388197407,-1.3017774125931374,4.827183076588318,-0.5186078709880908,1.4811685693121754,-0.9340112284096254,-1.0753846265080689
10.0,190.0,1000.0234375,-4.244100606158924,-2.952537672841196,-1.96405736428106,0.6894268941036783,-1.301775754039896,4.827181608056492,-0.5186076503457109,1.481168166968013,-0.9340119557270344,-1.0753846532943334
10.0,190.0,1000.0233154296876,-4.244097438384181,-2.9525475083939905,-1.9640581430518955,0.689432840740376,-1.3017611725347829,4.827169526665152,-0.5186080951776271,1.4811669393438225,-0.9340195771503002,-1.0753823917692888
10.0,190.0,1000.0233154296876,-4.244098873803099,-2.952542288053829,-1.9640577346705603,0.6894298757374484,-1.301768524965225,4.827175719262675,-0.5186079105078143,1.4811676436856338,-0.9340156426664086,-1.0753836320129495
10.0,190.0,1000.0234375,-4.24409547262754,-2.9525553221319503,-1.9640590138164653,0.6894374590893984,-1.3017506383578752,4.827160120405239,-0.5186082084292467,1.4811654886120929,-0.93402515390249,-1.0753809963995191
10.0,190.0,1000.023193359375,-4.244097999918801,-2.9525456191604844,-1.964058170226422,0.6894316135025704,-1.301764224273147,4.827171906975035,-0.5186079579038747,1.4811669768964766,-0.934017889557576,-1.0753830434260836
10.0,190.0,1000.0232543945312,-4.244099069882222,-2.952542348473376,-1.9640579013201125,0.689429567542355,-1.3017691387654304,4.827175598329349,-0.5186079184085415,1.4811673857208554,-0.934015486036043,-1.0753838305274543
10.0,190.0,1000.0233154296876,-4.244098313850172,-2.9525455537419862,-1.9640580477063527,0.689431546395916,-1.301764488948102,4.827171996060359,-0.5186079574177089,1.4811671134193034,-0.9340178717771944,-1.075383040370296
10.0,190.0,1000.0234375,-4.244098450803832,-2.95254480623805,-1.9640582904433823,0.6894308918036707,-1.3017660106543685,4.827172927962462,-0.5186078807041508,1.4811667843989742,-0.9340168999815344,-1.075383547794086
10.0,190.0,1000.0233764648438,-4.244098023525816,-2.952546154756769,-1.964058236069988,0.6894317143004338,-1.3017635436910462,4.82717109849051,-0.5186081510067408,1.4811668292157654,-0.9340184303098856,-1.0753828342385496
10.0,190.0,1000.0233764648438,-4.24409807544976,-2.952546592056868,-1.96405819836684,0.6894322013145517,-1.3017635835629011,4.827170691316585,-0.518607926674572,1.4811668315997828,-0.934018538647634,-1.0753830386176495
10.0,190.0,1000.0233154296876,-4.244100966290597,-2.952536216536041,-1.9640570113944769,0.6894263374693725,-1.3017770586271138,4.827183158946433,-0.5186077136383576,1.4811688741613,-0.9340113126880548,-1.0753844864584132
10.0,190.0,1000.0233154296876,-4.244099315717984,-2.952541179934602,-1.9640574696794395,0.6894291980268044,-1.3017700001667802,4.827177185013321,-0.5186079958330456,1.4811682041030148,-0.9340149996768564,-1.0753835807438588
10.0,190.0,1000.0233154296876,-4.244098503523579,-2.952545467209436,-1.964057826177355,0.6894315949492249,-1.301764696882386,4.827172061568852,-0.5186080406915083,1.4811672692073463,-0.934018053536784,-1.0753828360290218
10.0,190.0,1000.0233154296876,-4.244097794354184,-2.9525466243322933,-1.9640579443283288,0.6894326368197881,-1.3017620916443513,4.827170659611587,-0.518608165853065,1.4811674478950163,-0.9340190562553,-1.0753822254387515
10.0,190.0,1000.0232543945312,-4.244100118007294,-2.952538104429389,-1.96405761968156,0.6894269615062711,-1.3017757453703909,4.827180903550046,-0.5186076430115252,1.481167706897474,-0.9340120426799086,-1.0753851552079792
10.0,190.0,1000.0233764648438,-4.244099083649006,-2.952542756667306,-1.964057802975944,0.6894297907139233,-1.3017681632207037,4.827175400032125,-0.518607932684084,1.4811674845629472,-0.934015835103513,-1.0753835262029003
10.0,190.0,1000.0232543945312,-4.24409732487544,-2.9525487606112955,-1.964058115745384,0.6894337202909053,-1.3017593151403233,4.827168010079859,-0.5186081716055408,1.4811670304347802,-0.9340204870132284,-1.0753820472797564
10.0,191.0,1000.0232543945312,-4.244099020937946,-2.9525425394557963,-1.9640577302739115,0.6894299065125322,-1.3017685949373363,4.827175599053458,-0.5186079222059101,1.481167608111441,-0.9340158079455572,-1.075383490584274
10.0,191.0,1000.0233154296876,-4.244097544899676,-2.95254766239538,-1.9640578372174888,0.6894332161726116,-1.3017604725499297,4.827169459042482,-0.51860812958778,1.4811673550460327,-0.9340199048257533,-1.075382096867323
10.0,191.0,1000.0232543945312,-4.244097593863941,-2.952547128197426,-1.9640582039745844,0.6894326508210309,-1.3017619303866343,4.827170036392561,-0.51860803877147,1.48116691837037,-0.934019071954432,-1.07538270833273
10.0,191.0,1000.0233764648438,-4.244096772227869,-2.9525492846961403,-1.9640586319872624,0.6894337611879298,-1.3017593951231845,4.8271673346442014,-0.5186080274591127,1.481166296310036,-0.9340204082558854,-1.0753827360064196
10.0,191.0,1000.0232543945312,-4.244095558648841,-2.9525543002294943,-1.9640586555355608,0.6894372489360165,-1.3017512033773695,4.82716127326864,-0.5186083326524304,1.4811662842736375,-0.9340247890271344,-1.075380775535757
10.0,191.0,1000.0233764648438,-4.244099480263353,-2.952540156475609,-1.9640575652691084,0.6894284358845031,-1.3017712808328747,4.82717838991292,-0.5186078562312204,1.4811679823912431,-0.9340140539274008,-1.0753839332751545
10.0,191.0,1000.0233764648438,-4.244098936953665,-2.952542148548402,-1.9640580762879267,0.6894293865112688,-1.3017701319697397,4.827175946957249,-0.5186077843834749,1.4811671565506366,-0.9340150460803818,-1.075384377121404
10.0,191.0,1000.0233154296876,-4.244097239546893,-2.952548516848608,-1.964058413913356,0.6894334396159199,-1.3017601299023331,4.827168189740139,-0.5186081371357858,1.481166682031926,-0.934020265632105,-1.075382301637411
10.0,191.0,1000.0232543945312,-4.244099279380531,-2.952540728670904,-1.964057717608299,0.6894286159754239,-1.3017713885971096,4.827177479146805,-0.518607977593069,1.481167670983,-0.9340143668305884,-1.0753842459128684
10.0,191.0,1000.0233764648438,-4.244098455013691,-2.9525455034023644,-1.964057788418568,0.6894318850717003,-1.30176444044998,4.827172095741,-0.5186078970741539,1.4811674040727212,-0.934018024632981,-1.0753828610918277
10.0,191.0,1000.0232543945312,-4.244099329952229,-2.952540953000661,-1.964057814781328,0.6894287188805581,-1.3017708002929118,4.827177361244404,-0.5186078771954286,1.4811676043070667,-0.934014515483078,-1.0753840567329689
10.0,191.0,1000.0232543945312,-4.244096108009905,-2.952552720592252,-1.9640584004268,0.6894360709111034,-1.301753182627973,4.8271630472435305,-0.5186085779143408,1.4811665360006074,-0.9340239709813538,-1.0753806623674738
10.0,191.0,1000.0232543945312,-4.244095885078869,-2.95255342340499,-1.9640585519424567,0.6894365750383589,-1.3017523941842084,4.827162301081872,-0.5186082956828448,1.4811663917350195,-0.9340240412105968,-1.0753809760824966
10.0,191.0,1000.0233764648438,-4.244098406156127,-2.952544140857694,-1.964057893829048,0.6894310002900328,-1.301765985767207,4.8271735795792985,-0.5186079517417639,1.481167513725258,-0.9340170276248774,-1.075383180958009
10.0,191.0,1000.0232543945312,-4.244097998436436,-2.9525458626676406,-1.9640579863251952,0.6894319435386613,-1.301763699126994,4.82717149039733,-0.5186080712025305,1.4811672482482183,-0.9340182996530776,-1.0753828107506718
10.0,191.0,1000.0234985351562,-4.244098929314147,-2.9525435348897324,-1.964058175097496,0.6894301574133603,-1.3017680992761709,4.82717443956426,-0.5186077847946082,1.481166974137019,-0.9340159158329272,-1.0753840070622522
10.0,191.0,1000.023193359375,-4.244100137318418,-2.9525389078618733,-1.964057495077307,0.6894276729362314,-1.301773724234133,4.827179928766364,-0.518607737985822,1.4811680403390062,-0.9340129707464088,-1.075384372083116
10.0,191.0,1000.0232543945312,-4.244097178190218,-2.9525490609868217,-1.9640581811303388,0.6894338300236456,-1.3017589284959072,4.827167653241549,-0.518608154809499,1.4811669071158082,-0.9340208180869104,-1.0753819305257375
10.0,191.0,1000.0232543945312,-4.244099381534136,-2.952541338097458,-1.9640577346224712,0.6894291600383662,-1.3017704181225964,4.827177187412653,-0.5186077866048207,1.4811677590502423,-0.9340147285250078,-1.0753838526110815
10.0,191.0,1000.0233764648438,-4.244098068033142,-2.9525453388955087,-1.9640579689941813,0.6894314628204938,-1.3017642811169754,4.827171968263338,-0.5186080973334732,1.481167309167473,-0.9340179597517312,-1.0753829202278258
10.0,191.0,1000.0233154296876,-4.244099068717519,-2.952542427261597,-1.9640576804921297,0.6894297049756046,-1.30176891331458,4.827175797878905,-0.518607891527064,1.4811676077768174,-0.9340156398568852,-1.075383694480248
10.0,191.0,1000.0233764648438,-4.2440985453275415,-2.952544204063558,-1.9640579114838497,0.689430936763749,-1.30176610814185,4.827173559274261,-0.5186079446293963,1.4811672859571487,-0.9340169759979836,-1.0753831609094822
10.0,191.0,1000.023193359375,-4.244098184187303,-2.9525452571747546,-1.9640580859056624,0.689431481518703,-1.3017647070643186,4.827172296002191,-0.5186079793142024,1.4811670900708511,-0.9340176421612414,-1.07538311299714
10.0,191.0,1000.0233154296876,-4.24409968288319,-2.952539801929868,-1.9640579209568696,0.6894278873925161,-1.3017734304077324,4.827178869471144,-0.5186077243226981,1.4811673493166122,-0.9340130952090266,-1.075384944686645
10.0,191.0,1000.023193359375,-4.244097754646193,-2.9525471915583448,-1.9640580458970232,0.6894328576984545,-1.3017613490826148,4.827169965837021,-0.5186080223617182,1.481167152982489,-0.9340194189239934,-1.075382207053532
10.0,191.0,1000.0232543945312,-4.244099046739162,-2.952542274529776,-1.964057958275359,0.689429509906768,-1.301769449164908,4.827175902155359,-0.5186077707609309,1.4811672646424388,-0.934015220807484,-1.0753840332940423
10.0,191.0,1000.0233154296876,-4.244098877553081,-2.9525435617900166,-1.964057784317168,0.6894306779739869,-1.3017667166942335,4.827174408032921,-0.5186078568279502,1.4811676639610276,-0.9340164594308024,-1.0753832498643034
10.0,191.0,1000.0233154296876,-4.244096298989922,-2.952551283117604,-1.964058755980589,0.6894348952964382,-1.3017564102428718,4.82716482227797,-0.5186082044392846,1.4811661003301406,-0.9340219881003078,-1.0753821351906745
10.0,191.0,1000.0233154296876,-4.244096780284119,-2.9525501818154813,-1.964058198675648,0.6894347386924649,-1.3017568686863488,4.827166287183378,-0.5186082743280283,1.4811669346308207,-0.9340217290090004,-1.075381432921867
10.0,191.0,1000.0233154296876,-4.244098598399775,-2.952544774141177,-1.964057923013504,0.6894312732576484,-1.3017652491568916,4.827172942382788,-0.5186078726695262,1.4811672827482747,-0.9340174559008672,-1.0753829876933565
10.0,191.0,1000.0233764648438,-4.244095775882707,-2.952553549791011,-1.964058722954869,0.689436458879948,-1.3017524591819285,4.827162004693545,-0.5186084275272753,1.481166105714676,-0.9340240881378286,-1.0753811137832496
10.0,191.0,1000.0232543945312,-4.24409970643195,-2.95254024132624,-1.9640575327738568,0.6894284439261389,-1.3017717213700886,4.827178433119366,-0.5186078950007875,1.4811680161125986,-0.9340139310895,-1.0753840435100988
10.0,191.0,1000.023193359375,-4.244097357822309,-2.952547994800726,-1.9640579271516063,0.6894333827022479,-1.301759921771657,4.827168974135356,-0.518608138155539,1.4811672335536263,-0.9340202308494464,-1.0753819793328927
10.0,191.0,1000.0233154296876,-4.244097304919201,-2.952548962573489,-1.9640582368288628,0.6894337484564463,-1.301759299314987,4.827167795236626,-0.5186081568873524,1.4811667359922005,-0.9340206020786556,-1.0753820313676457
10.0,191.0,1000.0232543945312,-4.2440978034633,-2.9525461336580263,-1.9640581938200088,0.6894319177073251,-1.3017631920435493,4.827171187313841,-0.5186080226548588,1.4811669406611123,-0.9340183617598132,-1.0753828255565965
10.0,191.0,1000.0233154296876,-4.244097404399271,-2.952547490652732,-1.964058440459274,0.6894326440084946,-1.301761435154125,4.827169460990618,-0.5186080509947928,1.481166601767999,-0.9340192281293848,-1.075382806863059
10.0,191.0,1000.0232543945312,-4.244098652060504,-2.9525440433945587,-1.9640576585495788,0.6894309606731222,-1.3017659893091178,4.82717366922672,-0.5186080310381307,1.481167669562062,-0.9340171347264512,-1.075382948346411
10.0,191.0,1000.0233764648438,-4.244097974412592,-2.952545654437848,-1.9640581747462875,0.6894316037013857,-1.3017642549593118,4.827171805548126,-0.5186079131099932,1.4811669655093862,-0.934017850346856,-1.0753832515453494
10.0,191.0,1000.0233154296876,-4.244098287555685,-2.952545409702558,-1.964057991713143,0.6894315461585121,-1.3017641812533336,4.827172032318035,-0.5186080195657157,1.4811672154521496,-0.9340179068204826,-1.0753828930924931
10.0,191.0,1000.0232543945312,-4.244099770532053,-2.952539420921524,-1.964057462924098,0.6894278619709322,-1.301772895109285,4.827179239603881,-0.5186079506946184,1.4811680301523342,-0.9340135124000596,-1.0753842434289802
10.0,191.0,1000.0233764648438,-4.244097514062003,-2.952548637433813,-1.964057964536701,0.6894339366501514,-1.3017592851484232,4.827168218281477,-0.5186081223489651,1.48116718611651,-0.934020689928917,-1.075381827876111
10.0,191.0,1000.023193359375,-4.244097353678619,-2.952548321455744,-1.9640582335495007,0.6894332865763895,-1.3017601037201714,4.827168540201157,-0.5186081255122463,1.481166786837628,-0.9340201009468272,-1.075382253001396
10.0,191.0,1000.0232543945312,-4.244097294765716,-2.9525493344749263,-1.9640583041732755,0.689434115881074,-1.3017587701123166,4.82716727338655,-0.5186080813014309,1.481166785907213,-0.9340208138435324,-1.0753820044035516
10.0,191.0,1000.0234375,-4.244098595810762,-2.952544684025868,-1.9640577588470889,0.6894313151573526,-1.3017653971044,4.8271730463466,-0.5186079887605395,1.4811674667637114,-0.9340174845911688,-1.075382938735542
10.0,191.0,1000.0232543945312,-4.2440992549305605,-2.952541746403044,-1.964057758954932,0.6894293034263104,-1.3017698996474278,4.827176521136829,-0.5186078453004415,1.4811676115301866,-0.934015052042538,-1.0753839223095167
10.0,191.0,1000.0234985351562,-4.244096591471712,-2.9525517959441707,-1.9640585026622044,0.6894354431847729,-1.301755083404494,4.827164424511528,-0.5186082269623533,1.4811664185991908,-0.9340226708130146,-1.0753814915472095
10.0,191.0,1000.0232543945312,-4.244096849192991,-2.9525499199469776,-1.964058270250831,0.6894344641477819,-1.3017576180966128,4.82716664459333,-0.5186082241187702,1.481166799829002,-0.9340215388272596,-1.0753816990146845
10.0,191.0,1000.0233154296876,-4.244099426504439,-2.952540852133816,-1.9640575259269035,0.6894287788095097,-1.3017707153145524,4.827177632965212,-0.5186078567866206,1.4811678432347577,-0.9340145490722592,-1.075383864949575
10.0,191.0,1000.0234375,-4.244099784836384,-2.952540468318711,-1.9640575038675028,0.6894285714215727,-1.3017717825732738,4.827178174279412,-0.5186078216086667,1.4811678535772312,-0.934013984180396,-1.0753842299425735
10.0,191.0,1000.0232543945312,-4.244098170505936,-2.9525459703902266,-1.9640579367974549,0.6894320374161893,-1.3017634442723756,4.8271713882544365,-0.5186079564299719,1.4811672491585952,-0.93401848704631,-1.0753825810734885
10.0,192.0,1000.0232543945312,-4.244097251369746,-2.9525484841764,-1.9640581219977484,0.6894334329344618,-1.3017594975682636,4.827168323399748,-0.5186083050365031,1.4811670203439429,-0.934020428442854,-1.0753819782287302
10.0,192.0,1000.0234375,-4.2440984998877775,-2.9525445999829008,-1.9640579960080429,0.689431108751684,-1.3017658524943632,4.827173179246175,-0.5186078470295143,1.481167141486205,-0.9340171687761254,-1.075383290634187
10.0,192.0,1000.023193359375,-4.244098127461444,-2.9525461089285545,-1.9640580097250344,0.6894320915823036,-1.3017632580588243,4.827171281462196,-0.5186079335323281,1.4811672383023664,-0.9340184630256942,-1.075382647059567
10.0,192.0,1000.0233154296876,-4.24409718836809,-2.9525495389052745,-1.9640583073575897,0.6894342988442848,-1.3017582426829717,4.827167041176693,-0.5186080298735334,1.481166758406145,-0.9340210166290176,-1.0753819195042884
10.0,192.0,1000.0234375,-4.2440988954419705,-2.952542730498892,-1.9640577608937368,0.6894299562470962,-1.3017680958692828,4.82717546722135,-0.5186079454339323,1.4811676305834285,-0.934015838254485,-1.075383427879527
10.0,192.0,1000.0233154296876,-4.244097994713508,-2.952545739702344,-1.964058121866871,0.6894316875613722,-1.3017637202715142,4.827171627719292,-0.5186080881502919,1.481167072206622,-0.9340181088380222,-1.07538287289531
10.0,192.0,1000.0233154296876,-4.244098680557434,-2.952543766194637,-1.9640580280186173,0.6894306073965231,-1.301766905701725,4.827174070269276,-0.5186078394220823,1.4811672990382574,-0.9340164810192828,-1.0753834996304028
10.0,192.0,1000.0234375,-4.244098110507742,-2.952546269808631,-1.964057806931488,0.6894323975862022,-1.3017627037036623,4.827171135878366,-0.5186080322887809,1.4811674944966544,-0.9340188849552344,-1.0753822534436923
10.0,192.0,1000.0233154296876,-4.244097283540967,-2.952548093883977,-1.9640584631228128,0.6894331376077245,-1.3017608113558785,4.8271687954736215,-0.5186081324990379,1.4811666535202122,-0.9340197291667957,-1.075382500849888
10.0,192.0,1000.0232543945312,-4.2440987150223215,-2.952543579052899,-1.964057903736204,0.6894304352964662,-1.3017669941921928,4.827174265305944,-0.5186079797562755,1.481167440210596,-0.9340165127608469,-1.0753833310676604
10.0,192.0,1000.023193359375,-4.244097323309718,-2.952548339637729,-1.964058335286616,0.6894333783652158,-1.3017601855709011,4.827168494337062,-0.5186080574276168,1.4811667253080565,-0.9340201214332016,-1.0753822396640995
10.0,192.0,1000.0232543945312,-4.244097504854183,-2.9525475997893804,-1.9640580329356376,0.6894329532080015,-1.3017606955963077,4.827169462929422,-0.5186081724244787,1.4811671025038855,-0.9340197830785516,-1.0753820903448008
10.0,192.0,1000.0233154296876,-4.244098035608162,-2.9525457576820493,-1.9640580025310284,0.6894317881793857,-1.3017638548852957,4.8271717081057,-0.5186080941462343,1.4811672545416543,-0.9340181037581344,-1.0753828542495505
10.0,192.0,1000.023193359375,-4.244100585882425,-2.9525370747715547,-1.9640573349242143,0.6894265112546023,-1.3017765075287802,4.827182306390554,-0.5186076157809572,1.481168247261163,-0.9340115338816436,-1.075384847675262
10.0,192.0,1000.0233154296876,-4.24409853381133,-2.9525452307196125,-1.9640577705477105,0.6894316828779177,-1.3017644409800804,4.8271723770456205,-0.5186079528880754,1.4811674904478869,-0.9340180038580944,-1.0753826358755427
10.0,192.0,1000.0232543945312,-4.244098319148487,-2.9525442609295167,-1.964057955404044,0.6894308300900098,-1.301766030966045,4.827173367199908,-0.5186080173302106,1.4811672864048102,-0.934017124198987,-1.0753832541399095
10.0,192.0,1000.0232543945312,-4.24409838727674,-2.9525444880017035,-1.96405787510828,0.6894309754044308,-1.301765930281194,4.827173296329953,-0.5186080661564354,1.4811673846402442,-0.9340171902913434,-1.075383201392088
10.0,192.0,1000.0232543945312,-4.24409620667245,-2.952551829873193,-1.964058832457178,0.6894351959954594,-1.3017553311383765,4.827164220733435,-0.5186082589223746,1.4811660025274485,-0.9340225554844572,-1.0753817650212798
10.0,192.0,1000.0233764648438,-4.244099389587102,-2.952541581596408,-1.9640575796932005,0.6894294486048302,-1.3017697263241352,4.827176762665916,-0.5186078364742368,1.48116781653839,-0.9340151090754664,-1.0753836463753736
10.0,192.0,1000.0232543945312,-4.244099374250048,-2.952541299276347,-1.9640576281910564,0.6894292169010505,-1.3017702418658388,4.8271771441756925,-0.5186078276617474,1.4811677870342468,-0.9340148630196738,-1.0753837092994851
10.0,192.0,1000.0233154296876,-4.244097572575868,-2.952547094603733,-1.9640578844859744,0.6894328851007501,-1.301760978139657,4.827170082631069,-0.5186080990954869,1.4811673823059728,-0.934019495357748,-1.0753820947820176
10.0,192.0,1000.0233154296876,-4.244098238929931,-2.9525453103297665,-1.9640580495119768,0.6894314983817909,-1.3017644253413034,4.827172080465889,-0.5186081124421928,1.4811672640510087,-0.9340178436583484,-1.0753828953976452
10.0,192.0,1000.0233764648438,-4.244096954366693,-2.952549604418058,-1.96405804883094,0.6894342257366413,-1.3017572979882477,4.827166907275394,-0.5186083306507552,1.4811669841342967,-0.9340216333174602,-1.0753813679681177
10.0,192.0,1000.0232543945312,-4.244097780265688,-2.952546944994311,-1.9640578886975324,0.6894326772927037,-1.3017616875206812,4.827170278498437,-0.5186080504458417,1.481167226943919,-0.9340193985287152,-1.075382245396912
10.0,192.0,1000.0232543945312,-4.24409813280546,-2.952546442390521,-1.9640577372425176,0.6894325597747102,-1.301762294757269,4.8271709130254585,-0.5186080416937839,1.4811675004469311,-0.9340190897356022,-1.075382116259464
10.0,192.0,1000.0233764648438,-4.2440962009108905,-2.9525526405914184,-1.964058503339441,0.6894361690953605,-1.301753789575422,4.827163350381078,-0.5186081462126619,1.481166395940427,-0.9340233417278068,-1.075381341009574
10.0,192.0,1000.0233764648438,-4.244097478673527,-2.952547981448776,-1.964058139936243,0.6894331842626773,-1.3017603670066809,4.827168954576376,-0.5186081205159025,1.4811669400608372,-0.9340199683242788,-1.0753821795198446
10.0,192.0,1000.0233154296876,-4.244098631150047,-2.952543820470331,-1.9640579282429809,0.6894305656533914,-1.3017666853605283,4.827173954234604,-0.518607950676226,1.4811673366075873,-0.934016711188356,-1.075383263695424
10.0,192.0,1000.0235595703124,-4.244099856921749,-2.952540056391876,-1.9640574197149667,0.6894284260639916,-1.3017720785898763,4.827178718141168,-0.5186078107043262,1.481168025377143,-0.934014089343508,-1.0753839074999143
10.0,192.0,1000.0233764648438,-4.244098962701373,-2.9525419340988286,-1.9640577694796943,0.689429364691704,-1.3017690586049997,4.827176307983018,-0.5186080588262012,1.4811676442285453,-0.934015364983276,-1.075383606992411
10.0,192.0,1000.0233154296876,-4.2440951592286975,-2.952555864041689,-1.964058810685528,0.6894379403844919,-1.3017491098299456,4.827159450572042,-0.5186082927965048,1.4811658631247795,-0.9340258580782964,-1.0753805571722568
10.0,192.0,1000.0233154296876,-4.244098973633017,-2.9525422147301024,-1.96405773499804,0.6894296269985132,-1.3017690037870504,4.827175952847993,-0.5186079632323546,1.4811676995889664,-0.9340155230232492,-1.0753836211369985
10.0,192.0,1000.0233764648438,-4.244097157467467,-2.9525489325630416,-1.964058434118408,0.689433649015494,-1.3017594480526768,4.827167878202323,-0.5186080774420407,1.4811666204386862,-0.9340203925352072,-1.075382259193268
10.0,192.0,1000.0232543945312,-4.244097102191706,-2.952548638642486,-1.9640583967393213,0.6894334834244065,-1.301759696198971,4.827168165906404,-0.5186081560833253,1.4811666724274015,-0.9340202724875272,-1.0753822914105928
10.0,192.0,1000.023193359375,-4.244098422075735,-2.9525442174456327,-1.964058058720832,0.6894308779289569,-1.30176640281661,4.827173424647778,-0.5186079060310922,1.4811671517847174,-0.9340169202495288,-1.0753834814218397
10.0,192.0,1000.0234985351562,-4.244097884428223,-2.952546733174997,-1.9640579457142,0.6894324819370183,-1.301762261502751,4.827170621221811,-0.5186079670708734,1.4811671563889082,-0.9340189578230752,-1.075382496453324
10.0,192.0,1000.0233154296876,-4.24409766066801,-2.952547730360761,-1.96405801730632,0.6894330987073136,-1.3017606788393987,4.82716928076767,-0.5186082298811518,1.4811671844467478,-0.9340198740253768,-1.0753820582699198
10.0,192.0,1000.0233154296876,-4.2440973824123445,-2.9525487839810483,-1.9640581771651016,0.689433817994086,-1.3017593768342732,4.8271681151388,-0.5186079015321008,1.4811667779319375,-0.9340204494746942,-1.0753821285307508
10.0,192.0,1000.0234375,-4.2440987018949095,-2.9525438776842523,-1.9640576302249848,0.6894307345046666,-1.30176630466938,4.827173972588406,-0.5186081599424543,1.481167699802734,-0.9340169612648852,-1.0753829693657695
10.0,192.0,1000.023193359375,-4.244097381152503,-2.952548107234977,-1.9640581876141727,0.6894332874675166,-1.3017601426016308,4.827168743336818,-0.5186081816976627,1.4811669263896077,-0.9340200459626448,-1.0753821687876792
10.0,192.0,1000.0234985351562,-4.244099973848687,-2.9525390998388223,-1.9640573931518208,0.6894279302322772,-1.3017733598208276,4.827179782706477,-0.5186077092262655,1.4811681765756148,-0.934013168031508,-1.0753843358468624
10.0,192.0,1000.0232543945312,-4.244099776945479,-2.9525406742395504,-1.964057238722792,0.6894289137706098,-1.3017708398841448,4.827178058439616,-0.5186078705571688,1.481168281597319,-0.934014658176844,-1.0753834975682923
10.0,192.0,1000.0233764648438,-4.244098640330213,-2.952543491263209,-1.964057853792444,0.6894304002285159,-1.3017671134149262,4.827174428188602,-0.5186078959036831,1.481167356582751,-0.9340164323516048,-1.0753834732455054
10.0,192.0,1000.0233154296876,-4.2440983517224105,-2.9525447833598712,-1.9640579313135424,0.6894312159945661,-1.301765259087671,4.827172875175545,-0.5186080044010399,1.4811673303229682,-0.9340174792887624,-1.0753830036033611
10.0,192.0,1000.0234375,-4.244098717771534,-2.952543854896571,-1.9640575835432408,0.6894308730307301,-1.301765734690215,4.827174013037567,-0.5186080230648455,1.481167842700498,-0.9340171963312772,-1.0753826330570029
10.0,192.0,1000.0233154296876,-4.244099091402042,-2.9525418012635507,-1.964057673127632,0.6894292980487968,-1.3017695196265802,4.8271764272121125,-0.5186078917118859,1.4811675952227148,-0.9340152644965852,-1.075383734367472
10.0,192.0,1000.0232543945312,-4.244099777589176,-2.9525402233641844,-1.9640574235339363,0.6894286347087419,-1.3017716867463598,4.827178425128132,-0.5186078185628604,1.4811680968595455,-0.9340141211522512,-1.0753838805582712
10.0,192.0,1000.0233764648438,-4.244099069315348,-2.9525429945628163,-1.964057675985997,0.6894301233941489,-1.3017677444023597,4.827175024671501,-0.5186079259671761,1.4811676328959216,-0.9340161360130476,-1.0753833725510549
10.0,192.0,1000.0232543945312,-4.244099640150946,-2.9525399623974606,-1.9640578081177629,0.6894280724852724,-1.3017727389217095,4.827178674846129,-0.5186077463380458,1.4811675430961737,-0.934013432982212,-1.0753845985965729
10.0,192.0,1000.0233154296876,-4.244097694061263,-2.9525478546206965,-1.964057904026741,0.6894332249411583,-1.3017604793356408,4.827169166791816,-0.5186081315284854,1.481167229783253,-0.9340200619267708,-1.075382045321524
10.0,193.0,1000.023193359375,-4.244098791201462,-2.952542764609523,-1.9640582229432093,0.6894296585353352,-1.3017691820425754,4.827175323847836,-0.5186077366696011,1.4811669055602872,-0.9340153585737808,-1.0753842273417833
10.0,193.0,1000.023193359375,-4.244100792809507,-2.95253609871752,-1.964057458295616,0.6894257093139666,-1.3017782978483838,4.827183449464279,-0.5186076530354278,1.4811680849598874,-0.934010607853402,-1.0753853069681525
10.0,193.0,1000.023193359375,-4.244098652636801,-2.95254373193189,-1.9640578842661287,0.6894305325503325,-1.3017667001914992,4.827174150141429,-0.5186079087448139,1.4811672817832298,-0.9340166758379108,-1.0753833163988826
10.0,193.0,1000.0233764648438,-4.244098181496958,-2.95254548245403,-1.964058106160989,0.6894315654305707,-1.3017647302781947,4.827172078853968,-0.5186079681637077,1.4811669955221118,-0.9340178052606722,-1.0753831023414335
10.0,193.0,1000.0233154296876,-4.2440979108857055,-2.952546019710262,-1.964058096799194,0.6894318757692801,-1.3017634493013626,4.827171280922771,-0.5186080479926387,1.48116702845837,-0.9340184010582612,-1.0753828082332697
10.0,193.0,1000.0233764648438,-4.244098243521545,-2.9525447093229618,-1.9640581270124988,0.6894308880572027,-1.301765674609125,4.827172958863608,-0.5186079849602221,1.4811670027893449,-0.9340171968083464,-1.075383343538622
10.0,193.0,1000.0232543945312,-4.244099174861144,-2.952541817169353,-1.964057780778229,0.6894293761798735,-1.3017696606336897,4.827176510163136,-0.5186078512524297,1.4811676244389584,-0.9340151396037132,-1.0753837723211697
10.0,193.0,1000.0233764648438,-4.244098480539956,-2.952544293278459,-1.964058123979695,0.6894308012672585,-1.3017665604748463,4.827173463330801,-0.5186078609730833,1.4811670003576598,-0.9340167619023428,-1.075383616290483
10.0,193.0,1000.0232543945312,-4.244097753828473,-2.9525468082612485,-1.964058181316776,0.6894324242847496,-1.3017623733774188,4.8271703068711815,-0.5186081208814155,1.4811669774429408,-0.9340190399724292,-1.075382509666028
10.0,193.0,1000.0234375,-4.244097455423085,-2.95254818472863,-1.9640580665265643,0.6894333884617163,-1.3017601919032238,4.827168729892042,-0.5186081414135248,1.4811669877422808,-0.93402017091657,-1.0753820928895834
10.0,193.0,1000.023193359375,-4.2440977612386455,-2.952547028250297,-1.9640580554824592,0.6894326574833318,-1.3017618450827664,4.827170110378424,-0.5186080323449351,1.4811670850587806,-0.9340192623434688,-1.0753824226458677
10.0,193.0,1000.0232543945312,-4.244097313348384,-2.95254832168722,-1.9640585342241168,0.6894332237353975,-1.3017607810477374,4.827168550958062,-0.5186079667189896,1.4811664112240432,-0.9340197325587632,-1.0753827583799611
10.0,193.0,1000.0232543945312,-4.244098777486532,-2.9525437898577827,-1.9640574763680017,0.6894309545147914,-1.3017660604214862,4.827174212444156,-0.518607993746846,1.4811679778624542,-0.9340170702303344,-1.0753827213606542
10.0,193.0,1000.0233764648438,-4.244097973967248,-2.952546191066772,-1.9640577532396164,0.6894324202595907,-1.30176255147708,4.827171092868214,-0.5186080574946565,1.4811675424650463,-0.9340189002679712,-1.075382268412659
10.0,193.0,1000.0232543945312,-4.244096675204531,-2.952550867768565,-1.9640584491597028,0.6894350040112656,-1.3017564036485596,4.827165447451819,-0.5186081240656542,1.4811665642735417,-0.9340219786765652,-1.0753816911033525
10.0,193.0,1000.0232543945312,-4.244099292455901,-2.952541249794168,-1.964057752291279,0.6894288783467832,-1.3017705763591154,4.82717714149411,-0.5186079217501245,1.481167517849019,-0.9340147117686016,-1.075383976810948
10.0,193.0,1000.0233154296876,-4.244098107169104,-2.952545657204003,-1.964057813539441,0.6894318613468027,-1.301763338726282,4.827171787645867,-0.518608136914775,1.4811674575910967,-0.934018357904746,-1.0753825151741547
10.0,193.0,1000.0233764648438,-4.244096908218495,-2.9525497087356376,-1.9640582046139743,0.6894342867728689,-1.3017580016202634,4.827166782626094,-0.5186082733692006,1.4811669034705464,-0.9340212970349536,-1.0753818148503087
10.0,193.0,1000.023193359375,-4.24409878795962,-2.9525432007396395,-1.9640577471404408,0.6894303506249031,-1.3017674737960363,4.827174801466285,-0.5186079050530541,1.4811675964759452,-0.9340163196390838,-1.075383380050909
10.0,193.0,1000.0232543945312,-4.244098267898509,-2.9525453173459213,-1.9640580464155504,0.6894315116263119,-1.301764755666153,4.82717218183798,-0.518607921703941,1.4811670561748302,-0.9340177581786318,-1.0753830979331251
10.0,193.0,1000.0232543945312,-4.244099217214677,-2.952541900887264,-1.9640578540924385,0.6894294105309999,-1.3017696085090569,4.827176335326186,-0.5186078388760729,1.4811675256030954,-0.9340150812079432,-1.0753838403342342
10.0,193.0,1000.0232543945312,-4.244099179140407,-2.9525419918721414,-1.9640578038486265,0.6894294839447586,-1.3017692720459673,4.827176252875024,-0.5186078526598807,1.4811676445486714,-0.9340151936657062,-1.0753837166753026
10.0,193.0,1000.0233764648438,-4.244099127958151,-2.952541757611812,-1.964057684695688,0.689429378998315,-1.301769528326735,4.827176460659967,-0.5186079646246551,1.4811677226133968,-0.9340151443216084,-1.075383769887635
10.0,193.0,1000.0232543945312,-4.24409763283567,-2.952547027740482,-1.9640582186210875,0.6894324361162516,-1.301762197933834,4.827170052059772,-0.5186080923627667,1.481166841953968,-0.9340191331028224,-1.0753827054510046
10.0,193.0,1000.0233764648438,-4.244097875928925,-2.952546535225983,-1.9640579379929173,0.689432387968302,-1.3017624316558036,4.827170772885776,-0.5186080759667204,1.481167264098067,-0.9340190048935152,-1.0753824158571703
10.0,193.0,1000.0233764648438,-4.244099028503493,-2.952543134630359,-1.964057442224234,0.6894304789220467,-1.30176707323653,4.827174947213255,-0.5186079221359412,1.4811679572895926,-0.9340165662303191,-1.0753829907058825
10.0,193.0,1000.0232543945312,-4.244097373717368,-2.9525480981772363,-1.964058447012456,0.6894331019314839,-1.3017606624311302,4.8271688225022285,-0.5186079665809453,1.481166534263779,-0.9340196860708954,-1.0753825882035342
10.0,193.0,1000.023193359375,-4.244098768946515,-2.952543317235633,-1.964057768580392,0.6894302708253806,-1.3017673256489433,4.827174672026523,-0.5186079504843857,1.4811675309842451,-0.9340164015030634,-1.075383314559735
10.0,193.0,1000.0233154296876,-4.244098797587519,-2.952542990099358,-1.9640579568645733,0.6894300350902807,-1.3017681526289744,4.827175016640513,-0.5186078876012825,1.4811673154327814,-0.9340159094474956,-1.0753837101204755
10.0,193.0,1000.0233764648438,-4.244098130247217,-2.952545677840479,-1.964057882539852,0.6894319202956325,-1.3017635211189915,4.827171707988203,-0.5186080230657719,1.481167374248077,-0.9340183654605028,-1.0753825655213372
10.0,193.0,1000.0233764648438,-4.244098857040578,-2.9525434263264767,-1.96405780020756,0.6894302795241867,-1.3017674838862314,4.827174624176889,-0.5186078437798471,1.4811674128542665,-0.9340163627677408,-1.0753834569775416
10.0,193.0,1000.0234375,-4.244095421682111,-2.952554400351472,-1.964058828577255,0.6894370568148389,-1.3017513614514673,4.827161096331444,-0.5186083790696543,1.4811659649333766,-0.9340246306860508,-1.0753810182267758
10.0,193.0,1000.0233154296876,-4.244098481733919,-2.9525440949275428,-1.9640578199565653,0.6894308699029104,-1.3017660781654137,4.827173589357424,-0.518608113569563,1.481167536797941,-0.9340171585260116,-1.075382990771934
10.0,193.0,1000.023193359375,-4.244099578672461,-2.9525408405901183,-1.964057714700659,0.6894287857214447,-1.3017711839466255,4.827177731671563,-0.5186077470105381,1.481167713736613,-0.9340143009483022,-1.0753840135693649
10.0,193.0,1000.0233764648438,-4.244098916099159,-2.952543125036714,-1.964057678103614,0.6894303160128299,-1.301767426008933,4.82717484578836,-0.5186079443713174,1.48116769473304,-0.9340163777104769,-1.0753831851781932
10.0,193.0,1000.0232543945312,-4.244098712070215,-2.9525431066382097,-1.9640577753702213,0.689430141900087,-1.3017674241484445,4.827174859876669,-0.5186080537640567,1.4811675817010714,-0.9340163032372616,-1.07538333495178
10.0,193.0,1000.0232543945312,-4.244097828694088,-2.952546535076131,-1.9640582446418,0.6894321453197545,-1.301762968510368,4.827170711477731,-0.5186080215960036,1.4811669089077135,-0.934018576791785,-1.075382834457418
10.0,193.0,1000.0233154296876,-4.244097645554374,-2.952547263366824,-1.9640582024661235,0.6894326141209559,-1.3017619020172502,4.827169822373996,-0.5186080838378047,1.4811668070788686,-0.9340192753896588,-1.0753826778044706
10.0,193.0,1000.0234375,-4.24409842689503,-2.95254466039244,-1.9640578299655849,0.6894312503973037,-1.301765108699024,4.827173082775698,-0.5186079229467726,1.481167436452461,-0.9340174977817152,-1.0753828461962538
10.0,193.0,1000.0232543945312,-4.244099565398641,-2.952540319537065,-1.9640576630336024,0.6894283174567919,-1.3017721757796157,4.827178195372236,-0.5186078408067223,1.4811676658455344,-0.934013935350146,-1.0753843552271802
10.0,193.0,1000.0233764648438,-4.244098657608158,-2.952543893595194,-1.964057884486024,0.6894306854272125,-1.3017664246560354,4.827173992092176,-0.518607975160684,1.4811674377872848,-0.9340168189661,-1.0753831259544318
10.0,193.0,1000.023193359375,-4.244097837698872,-2.9525464107794663,-1.9640582306175656,0.6894320141440522,-1.301763092190675,4.827170851463677,-0.5186080810629274,1.4811669117954462,-0.9340185594854225,-1.075382799976421
10.0,193.0,1000.0233764648438,-4.244099766055673,-2.952539918675276,-1.9640573387961693,0.6894283724975541,-1.3017717956759896,4.8271788457184215,-0.5186078643274818,1.4811682063396177,-0.934014059864964,-1.0753838010479333
10.0,193.0,1000.0232543945312,-4.244097519938597,-2.9525474441089026,-1.9640582916992635,0.6894327087964456,-1.301761435803368,4.827169582691631,-0.5186080386855183,1.4811668124091657,-0.934019365847786,-1.075382642188711
10.0,193.0,1000.0232543945312,-4.244098160273019,-2.952546053803438,-1.964057848843606,0.6894323313083532,-1.3017628962181411,4.82717130976156,-0.5186079948043663,1.4811675228485788,-0.9340186218640864,-1.075382396356901
10.0,193.0,1000.023193359375,-4.244098721177212,-2.9525433390979345,-1.964057885858668,0.6894302981944369,-1.3017675482873194,4.82717466848163,-0.5186078994617809,1.4811674257465324,-0.9340162625228166,-1.075383463335247
10.0,193.0,1000.023193359375,-4.244098869967268,-2.952543836824612,-1.964057811811344,0.6894306824307215,-1.301766565580346,4.827174003810855,-0.5186079200388685,1.48116747497086,-0.9340167815789,-1.075383095376186
10.0,193.0,1000.0233154296876,-4.244099137924834,-2.9525424201966914,-1.964057755608791,0.6894298348861314,-1.301768861935393,4.82717580678678,-0.5186077964398814,1.4811676015155033,-0.934015565387103,-1.075383617521199
10.0,193.0,1000.0232543945312,-4.244099851300333,-2.9525402645506684,-1.964057293571689,0.6894287726260364,-1.301771330192501,4.827178329947195,-0.5186078726394729,1.4811683397496296,-0.9340143585039103,-1.075383601903972
10.0,193.0,1000.0232543945312,-4.2440981946884495,-2.952545413910816,-1.9640579057540728,0.6894316899067583,-1.3017640998091942,4.82717200072578,-0.5186080504717907,1.4811673149752718,-0.9340180956883914,-1.075382705366164
10.0,194.0,1000.0233154296876,-4.2440997494924,-2.9525395013388707,-1.964057715390872,0.6894278910133558,-1.301773226938348,4.827179297391774,-0.5186077221054495,1.48116770044589,-0.9340131544527104,-1.0753845207278423
10.0,194.0,1000.0233154296876,-4.244099454522195,-2.952540627456931,-1.9640575200885952,0.6894286929858229,-1.301771182398065,4.827177889294942,-0.5186079393707272,1.4811678846489018,-0.9340144007220488,-1.0753838674185463
10.0,194.0,1000.0232543945312,-4.244098351327683,-2.952545432615698,-1.9640579241108789,0.689431725616819,-1.3017642229876802,4.827172309292449,-0.5186078277030752,1.4811672852817228,-0.93401784087429,-1.075382881051738
10.0,194.0,1000.0233154296876,-4.244098469136728,-2.952544418404877,-1.9640579716597664,0.6894309852002962,-1.3017654989105996,4.827173267012112,-0.5186079832591295,1.4811673255040685,-0.9340172974694338,-1.0753828758685509
10.0,194.0,1000.0233764648438,-4.244100039180571,-2.952539104504881,-1.9640574248514533,0.6894277642245505,-1.3017737065410055,4.827179821608917,-0.5186077573676426,1.4811680477818054,-0.9340131638645096,-1.0753843155059322
10.0,194.0,1000.023193359375,-4.244099622686476,-2.9525400906719184,-1.9640577094298544,0.6894281685268,-1.301772321996899,4.827178555563407,-0.5186078127007168,1.4811676127439437,-0.934013739991137,-1.0753843490405162
10.0,194.0,1000.0233154296876,-4.244096690856669,-2.9525504697226017,-1.9640583778161715,0.6894347278230537,-1.301756876050792,4.827165913522295,-0.518608191293648,1.4811666119780948,-0.934021840221626,-1.0753817463796391
10.0,194.0,1000.0233154296876,-4.244098801480741,-2.952543059584689,-1.964057975378224,0.6894301651908741,-1.301768181200563,4.827174922458381,-0.5186077931178783,1.4811672513274683,-0.934015911133093,-1.0753837644991169
10.0,194.0,1000.0233154296876,-4.244099554588281,-2.9525406672306627,-1.9640578038766376,0.6894285937619395,-1.3017715301887285,4.827177816177526,-0.5186077510876181,1.4811675747894846,-0.9340141627429368,-1.075384101550239
10.0,194.0,1000.0232543945312,-4.244097136106952,-2.952548709451995,-1.9640584359848705,0.6894334549340471,-1.30176000621552,4.827168015069134,-0.5186081298738916,1.4811665361748636,-0.9340202126860344,-1.0753824443440796
10.0,194.0,1000.0233154296876,-4.244100294295755,-2.95253821237912,-1.964057610250548,0.6894270741618698,-1.3017751148767704,4.827180809513664,-0.5186077191990082,1.4811679716137969,-0.9340122106104224,-1.0753848094831735
10.0,194.0,1000.0234375,-4.244098061584761,-2.952546619177791,-1.9640578277873704,0.689432635172949,-1.3017616618890058,4.827170621120544,-0.5186080459749887,1.4811675594553062,-0.9340192331184234,-1.0753820437206492
10.0,194.0,1000.023193359375,-4.244097796502974,-2.952546341941249,-1.9640579221431416,0.689432307768703,-1.3017625298733506,4.827171006630069,-0.518608107499765,1.4811672880168194,-0.93401888740458,-1.0753823654386037
10.0,194.0,1000.0233154296876,-4.244099796001922,-2.952540356400794,-1.964057430162212,0.6894285278567569,-1.3017715528528957,4.827178304432277,-0.5186078572249357,1.4811680072545288,-0.934014342327364,-1.0753837688012498
10.0,194.0,1000.0233154296876,-4.24409903517979,-2.9525430433094297,-1.964057620405356,0.6894303190676307,-1.30176736517687,4.827175191101517,-0.5186078401898078,1.4811677352860784,-0.9340163007436946,-1.0753830735856145
10.0,194.0,1000.0233764648438,-4.244096561645212,-2.952550981594157,-1.964058421033776,0.689435079399864,-1.301756277224821,4.827165361471517,-0.5186081544480539,1.4811665189770462,-0.93402219190457,-1.0753815419368182
10.0,194.0,1000.023193359375,-4.244099753276175,-2.952539796669272,-1.964057470555012,0.6894283626869733,-1.301772425404744,4.827178863576776,-0.5186077327784,1.4811680258015905,-0.9340137155958068,-1.0753842507070726
10.0,194.0,1000.0233154296876,-4.244100064120521,-2.9525387072733364,-1.9640576738290283,0.6894271765589979,-1.3017744652682066,4.82718023383463,-0.5186077510278944,1.481167659033293,-0.934012539846128,-1.0753847959332423
10.0,194.0,1000.0232543945312,-4.244099949989496,-2.9525397364122528,-1.9640574817502183,0.6894281460276739,-1.3017730971681885,4.8271791522558605,-0.5186076993631312,1.4811679094938404,-0.934013393136155,-1.0753843774338143
10.0,194.0,1000.0233764648438,-4.244099261393187,-2.9525414726729724,-1.9640576617444507,0.6894291890173925,-1.3017703144601225,4.827177032480179,-0.5186077682568877,1.4811677440523765,-0.9340147460102672,-1.075384002879844
10.0,194.0,1000.0233154296876,-4.244096742784164,-2.952551001126257,-1.9640584098277944,0.689435092653178,-1.3017562054340923,4.827165305808169,-0.5186081597558365,1.4811666199464917,-0.9340221029927918,-1.0753816082521976
10.0,194.0,1000.0232543945312,-4.2440976036748665,-2.9525468473582164,-1.964058447576508,0.6894322936538355,-1.301762469631505,4.827170193678189,-0.5186079527299121,1.481166626626676,-0.9340187789455676,-1.075382903708905
10.0,194.0,1000.0232543945312,-4.244098205552512,-2.9525448903812705,-1.964058267470864,0.6894309837669708,-1.3017655952478324,4.827172805528679,-0.5186078695135485,1.4811667840425002,-0.9340171691834662,-1.075383464774506
10.0,194.0,1000.023193359375,-4.244100146512537,-2.952538446155467,-1.9640574623686893,0.6894273974980685,-1.3017746662329466,4.827180610227414,-0.5186077083557104,1.481168107824816,-0.9340125724090188,-1.0753845648319742
10.0,194.0,1000.0233154296876,-4.244099739720445,-2.9525395916230046,-1.964057935389837,0.6894277942849723,-1.3017735720568524,4.827179147244383,-0.5186076740925927,1.481167435206431,-0.9340130432758142,-1.0753847435885344
10.0,194.0,1000.0232543945312,-4.244099640946582,-2.952540636102837,-1.9640571878044404,0.6894290870536954,-1.3017705974329106,4.827177879890531,-0.5186079910160144,1.4811684402947014,-0.9340148375010608,-1.0753834085341825
10.0,194.0,1000.0233154296876,-4.244099170968436,-2.952542350273146,-1.964058044231598,0.6894296216759059,-1.301769405807783,4.827175876517442,-0.5186077227558208,1.4811672609487818,-0.9340152295342,-1.0753839525008635
10.0,194.0,1000.0232543945312,-4.244100809980965,-2.952536620603698,-1.96405713513871,0.6894263492024457,-1.3017768565038992,4.827182798245467,-0.5186076793905174,1.481168565428117,-0.9340114366684888,-1.0753846479402296
10.0,194.0,1000.0233154296876,-4.244098389451107,-2.9525447911396654,-1.964058093207056,0.6894311380094198,-1.3017653098537227,4.827172798675555,-0.5186078993195862,1.4811670877427376,-0.9340172553115398,-1.0753831936913132
10.0,194.0,1000.0233764648438,-4.244098612279936,-2.952543487819887,-1.9640578834746256,0.6894304230880701,-1.3017672411885872,4.827174426205785,-0.5186079798662382,1.4811674191940083,-0.9340163761835932,-1.075383414878026
10.0,194.0,1000.023193359375,-4.244096413926328,-2.952551808846522,-1.96405864551616,0.6894354075539386,-1.3017552564183728,4.827164287499542,-0.5186081401277098,1.4811662608032847,-0.9340225958923084,-1.0753816216203576
10.0,194.0,1000.0232543945312,-4.244097244967554,-2.952548683339528,-1.9640584161253187,0.6894335169564396,-1.3017597810088637,4.827168224271265,-0.5186080423111754,1.481166668659018,-0.93402016058866,-1.0753823222083012
10.0,194.0,1000.0233154296876,-4.244099944809981,-2.9525392984508505,-1.964057794524682,0.6894277784673664,-1.3017737479620033,4.827179509959862,-0.5186075940572197,1.4811676220721708,-0.934012915001917,-1.0753847037183428
10.0,194.0,1000.0233154296876,-4.244098571866013,-2.9525435372823514,-1.9640580573402275,0.6894302691831333,-1.3017674196833742,4.827174305032386,-0.518607869974022,1.481167123526232,-0.9340163803953788,-1.0753835929803106
10.0,194.0,1000.023193359375,-4.244098287204445,-2.952543925493937,-1.9640583030917256,0.6894303955614305,-1.3017672221410868,4.82717378531871,-0.518607913308136,1.481166850443766,-0.9340163993646816,-1.075383845720947
10.0,194.0,1000.0233154296876,-4.244098750017751,-2.9525436689554265,-1.9640576791189883,0.6894306569329336,-1.301766628494767,4.8271741504274495,-0.5186079402584074,1.481167630499857,-0.9340168309113076,-1.0753831182477702
10.0,194.0,1000.023193359375,-4.244097662647617,-2.9525471680362223,-1.964058257895696,0.6894325513767088,-1.3017618203229606,4.827169969858593,-0.5186080880027779,1.4811668781847231,-0.9340192040752228,-1.075382562467182
10.0,194.0,1000.0232543945312,-4.24409675751845,-2.952550582307451,-1.9640586548202803,0.6894344701462076,-1.301757296792502,4.827165736623778,-0.5186081706984726,1.4811662586317291,-0.9340216450514056,-1.0753820800502665
10.0,194.0,1000.0232543945312,-4.244097098903608,-2.952549006081548,-1.96405848087168,0.6894337158118713,-1.3017596320941305,4.827167745809152,-0.5186080003184284,1.481166503111809,-0.9340203721527248,-1.0753824417852087
10.0,194.0,1000.0232543945312,-4.244097398734316,-2.952548385884764,-1.9640582248187688,0.6894333409932507,-1.3017599115745608,4.827168513751424,-0.5186081252746604,1.4811668095651471,-0.9340201461462893,-1.0753822124872214
10.0,194.0,1000.0232543945312,-4.244097828067954,-2.9525469013215826,-1.9640583159641185,0.6894323623920995,-1.3017626205974953,4.827170275424734,-0.5186080332205671,1.481166776277928,-0.9340189204376016,-1.0753827206528688
10.0,194.0,1000.0232543945312,-4.244097807636483,-2.952546202861488,-1.9640580146860656,0.6894321400624985,-1.3017631482720944,4.827171145362799,-0.5186080273361595,1.4811671811437286,-0.9340184657654218,-1.075382841961665
10.0,194.0,1000.0233764648438,-4.24409745489663,-2.952548160074943,-1.964058459619041,0.6894330419726309,-1.3017609328652386,4.827168810062425,-0.5186079852176722,1.481166458986518,-0.934019664670882,-1.075382637525124
10.0,194.0,1000.023193359375,-4.24409996187403,-2.9525397446087966,-1.96405745637316,0.6894282667441658,-1.3017726378193597,4.827179059227799,-0.5186077669816376,1.4811680470822983,-0.934013735566542,-1.0753840341598502
10.0,194.0,1000.0233154296876,-4.244096923362303,-2.952549212183181,-1.964058200257786,0.6894338953765846,-1.3017583276750757,4.827167344672546,-0.5186082763548212,1.4811668891719805,-0.9340210919640244,-1.075381838982766
10.0,194.0,1000.0232543945312,-4.244100052737602,-2.9525381765222485,-1.9640575016580224,0.689427191250287,-1.301774734743439,4.827180792492861,-0.5186077507101192,1.481168054662651,-0.9340123907455408,-1.0753846504331346
10.0,194.0,1000.0233154296876,-4.244100730153164,-2.952537167726969,-1.9640572211556568,0.689426689825245,-1.3017764128531226,4.827182286282344,-0.518607538146993,1.4811683011213166,-0.9340115895129752,-1.0753848384745115
10.0,194.0,1000.0234375,-4.244098144725431,-2.952544947398595,-1.964058053363357,0.6894311895003815,-1.3017652773298498,4.827172510072897,-0.5186080866840541,1.4811671407124472,-0.9340175423876796,-1.075383154005321
10.0,194.0,1000.0233154296876,-4.244098236932491,-2.952545034974066,-1.964057927856329,0.6894314160700059,-1.301764807090949,4.827172580059232,-0.5186079363288716,1.481167294392045,-0.93401766710011,-1.0753830003084963
10.0,194.0,1000.0232543945312,-4.24410153629338,-2.952533246295552,-1.9640571722231428,0.6894239476308446,-1.3017825127417677,4.8271869339695215,-0.5186075726264789,1.4811685176687694,-0.9340085149223788,-1.0753859802119523
10.0,195.0,1000.0233154296876,-4.244099856086208,-2.952539329936128,-1.964057603444588,0.6894277431654192,-1.301773452006885,4.827179487837469,-0.518607841621427,1.4811678147337115,-0.9340131939333576,-1.07538446193983
10.0,195.0,1000.0233154296876,-4.2440997300305074,-2.952539488490228,-1.9640578706011216,0.689427791039952,-1.301773956510555,4.827179365745835,-0.5186076354547184,1.4811675123762846,-0.9340129182161654,-1.0753849215211404
10.0,195.0,1000.0232543945312,-4.2441003029096,-2.952538297131398,-1.9640576531037568,0.6894271316287517,-1.301775321880034,4.827180788474552,-0.5186075986788747,1.481167853317137,-0.9340121872610938,-1.0753848929031458
10.0,195.0,1000.0234375,-4.244099102859914,-2.952541523637193,-1.964058065376317,0.6894289484385485,-1.3017709963768915,4.8271768568386815,-0.518607719944927,1.481167101861482,-0.934014504618144,-1.0753845536680644
10.0,195.0,1000.0232543945312,-4.244095699672368,-2.952554181048189,-1.9640586395522384,0.6894369967966094,-1.3017513656318842,4.827161267811686,-0.518608370599968,1.4811662064706717,-0.9340247610298356,-1.0753808104529012
10.0,195.0,1000.0233764648438,-4.244097506232349,-2.9525477528993456,-1.96405855336338,0.6894327138064789,-1.3017617786757358,4.827169179707518,-0.51860801284983,1.481166410024115,-0.9340193026630804,-1.0753828850369498
10.0,195.0,1000.0233154296876,-4.244099645642543,-2.952539484912078,-1.964058019407348,0.6894276213962733,-1.3017736537658051,4.8271792762900585,-0.5186076568457896,1.4811672777834382,-0.9340128882228802,-1.075384942992053
10.0,195.0,1000.023193359375,-4.2440974439090695,-2.9525474966865533,-1.96405823925401,0.6894327195839587,-1.301761536524439,4.827169439542152,-0.5186081448532844,1.481166846683947,-0.9340194984544654,-1.0753826245735851
10.0,195.0,1000.0232543945312,-4.244100323187851,-2.9525381179583303,-1.964057590181833,0.6894271179504932,-1.3017752215185197,4.827180969219993,-0.518607663718563,1.4811680007614196,-0.9340121920049888,-1.075384643589416
10.0,195.0,1000.0232543945312,-4.244096817954172,-2.9525495650684626,-1.964058420010108,0.6894340532408751,-1.301758125667332,4.827167068611466,-0.5186081448050137,1.481166645891669,-0.9340209852799236,-1.0753820484420888
10.0,195.0,1000.0234375,-4.244099390520361,-2.9525411020238894,-1.9640575457104696,0.6894291185942469,-1.301770477524942,4.827177434696047,-0.5186078962067588,1.4811679664797648,-0.9340147109431616,-1.0753837888084354
10.0,195.0,1000.023193359375,-4.244098639879908,-2.9525433625665016,-1.964057807936244,0.689430316355736,-1.3017671635912451,4.827174463907443,-0.5186080615485569,1.4811675212239166,-0.9340164841949914,-1.075383288097763
10.0,195.0,1000.0232543945312,-4.244100018941653,-2.952539007084644,-1.9640574533604385,0.689427632052622,-1.3017739575100196,4.827179941926159,-0.5186077318377249,1.4811679693663784,-0.934013025210346,-1.0753844829683272
10.0,195.0,1000.023193359375,-4.244098306909031,-2.952544499793873,-1.964057911175692,0.6894310927579177,-1.3017652328112566,4.827173162435344,-0.5186080378305853,1.4811673838588515,-0.9340173774702958,-1.075382963751677
10.0,195.0,1000.023193359375,-4.244098399164871,-2.952544275485252,-1.964057865549728,0.6894309083560612,-1.3017657341102766,4.827173418491116,-0.5186080593128297,1.4811674627889122,-0.9340172122454592,-1.0753830343129578
10.0,195.0,1000.0232543945312,-4.244098769492689,-2.95254371648114,-1.964057798587397,0.6894306007343687,-1.301766535125903,4.827174151255573,-0.5186079064126377,1.4811674535143302,-0.9340167394511116,-1.075383172666462
10.0,195.0,1000.0233764648438,-4.244100442010894,-2.952537083201093,-1.964057508298653,0.6894264001029846,-1.3017767458098084,4.82718228534692,-0.5186076293731903,1.481168075749876,-0.9340113824520032,-1.0753850918230237
10.0,195.0,1000.0232543945312,-4.244097324364173,-2.9525481340993704,-1.9640585094137293,0.6894329661673204,-1.301760857926037,4.827168781260635,-0.5186080696800186,1.4811664696334876,-0.9340196376303372,-1.075382699271783
10.0,195.0,1000.0232543945312,-4.244099138463574,-2.952540939828877,-1.9640579923957,0.6894286230550097,-1.3017713131269195,4.827177536108621,-0.518607776332086,1.4811673689046314,-0.9340141257778144,-1.0753844260422123
10.0,195.0,1000.0234375,-4.2440989801865925,-2.952543439563999,-1.964057531686194,0.68943068795841,-1.3017668024392397,4.827174636314611,-0.5186079436734303,1.4811679649033245,-0.9340166971756848,-1.0753828951779454
10.0,195.0,1000.0232543945312,-4.244097175783692,-2.9525495187813613,-1.9640584560383945,0.6894341370307311,-1.3017585159686016,4.827167199086627,-0.5186080034947835,1.4811665900922586,-0.9340207981721528,-1.0753821159002386
10.0,195.0,1000.0233764648438,-4.244099327061338,-2.95254118507567,-1.9640577582058407,0.6894288891072762,-1.301770678436731,4.82717724144249,-0.5186077883857365,1.481167594793269,-0.934014530134074,-1.0753840532517174
10.0,195.0,1000.0233154296876,-4.244096415877065,-2.952551011508443,-1.964058555171136,0.6894349749994246,-1.3017559574788509,4.827165285964464,-0.5186081404675944,1.481166265908822,-0.9340221617117904,-1.075381690846288
10.0,195.0,1000.0232543945312,-4.244096732226954,-2.9525502722447534,-1.964058465504523,0.6894346057354825,-1.3017572695782418,4.827166183585549,-0.518608068537751,1.4811664365740809,-0.9340215769374334,-1.075381835125583
10.0,195.0,1000.0232543945312,-4.24410156037928,-2.9525332851826387,-1.9640571048657296,0.6894241625402042,-1.3017823368044383,4.827186861434834,-0.5186074923178223,1.4811685421452827,-0.934008617270946,-1.075385935930044
10.0,195.0,1000.0233154296876,-4.2440998467315065,-2.9525395463259336,-1.96405766297142,0.6894279270283432,-1.301773307845008,4.827179237302813,-0.518607760958397,1.481167754177788,-0.9340131901152288,-1.0753845881878106
10.0,195.0,1000.0233154296876,-4.244098559871509,-2.952544201586331,-1.96405808555699,0.6894306077592924,-1.3017666460526756,4.827173575905757,-0.5186079814916482,1.4811670724167971,-0.9340168548791086,-1.0753833827704362
10.0,195.0,1000.0233154296876,-4.244099871762382,-2.9525387847010345,-1.964057636062261,0.689427473049764,-1.3017741239501412,4.827180113510973,-0.5186077423128586,1.4811678488558933,-0.9340126506785628,-1.075384720516361
10.0,195.0,1000.0232543945312,-4.244097862270177,-2.952546169846101,-1.964058177119226,0.6894320263168758,-1.3017634301759795,4.827171144616372,-0.5186079689562151,1.481166971302291,-0.9340183768378064,-1.075382931190452
10.0,195.0,1000.0232543945312,-4.24409998300101,-2.952538408779029,-1.9640576545042587,0.6894271085794168,-1.3017751591314344,4.827180617079797,-0.5186077666256868,1.4811677997636297,-0.934012342081453,-1.0753848921143685
10.0,195.0,1000.023193359375,-4.244101325268706,-2.9525346069785554,-1.9640572808128696,0.6894249158506689,-1.3017807223896265,4.827185296754287,-0.5186074930121158,1.4811683829253806,-0.934009400597624,-1.0753857479068545
10.0,195.0,1000.023193359375,-4.244098956609835,-2.952542181272912,-1.9640579537693563,0.6894295278119165,-1.3017696817990263,4.827176012960802,-0.5186078208958769,1.481167309727666,-0.934015236121085,-1.07538402122103
10.0,195.0,1000.0233764648438,-4.24409794596957,-2.952545380140113,-1.964058200571748,0.6894314643234623,-1.3017645643369518,4.8271720230988375,-0.5186080261518011,1.4811669550347473,-0.9340177254709046,-1.0753832109370527
10.0,195.0,1000.0232543945312,-4.244098788404721,-2.952543169083049,-1.9640577084647963,0.6894303830148125,-1.3017676486539471,4.827174767102719,-0.5186079160858172,1.4811676263223983,-0.9340162356245588,-1.0753834747092084
10.0,195.0,1000.0232543945312,-4.244098917130488,-2.9525424922609647,-1.9640577982323264,0.6894297362608315,-1.3017686819308256,4.827175639830855,-0.5186079536045005,1.481167540180718,-0.9340157158571554,-1.0753836726676296
10.0,195.0,1000.0232543945312,-4.244098773845563,-2.9525430285489414,-1.964058344602316,0.6894297304505077,-1.3017687882305466,4.827175019854749,-0.5186077897115444,1.481166817348715,-0.9340155120031746,-1.0753840926251397
10.0,195.0,1000.0233154296876,-4.244099745541571,-2.952540242897076,-1.9640573452636607,0.6894287265930252,-1.301771623394492,4.827178387023185,-0.5186078982385647,1.4811682232324888,-0.934014307513996,-1.0753836946927555
10.0,195.0,1000.0234375,-4.2440993512699015,-2.9525405857337588,-1.9640579780814784,0.6894285550739347,-1.3017719516632194,4.827178028632861,-0.5186076591559816,1.4811673160676246,-0.9340138765429096,-1.0753845476006054
10.0,195.0,1000.0234985351562,-4.244099415775441,-2.9525407861679223,-1.9640576055093093,0.6894287797929168,-1.301770982629229,4.827177867434026,-0.5186078216824734,1.481167852786866,-0.9340144709925732,-1.0753839062549568
10.0,195.0,1000.0233764648438,-4.244098502169798,-2.9525443092136325,-1.9640580973848605,0.6894307638686126,-1.3017661657612072,4.827173492972607,-0.5186079398306056,1.4811670957532217,-0.9340169783712876,-1.075383215399075
10.0,195.0,1000.0233154296876,-4.244101388162977,-2.952534567226991,-1.9640571111575769,0.6894250515955589,-1.3017806207436555,4.827185330050474,-0.5186075060160897,1.4811685075650294,-0.934009565330415,-1.075385640539908
10.0,195.0,1000.0232543945312,-4.24409827981416,-2.952544885999262,-1.9640579903694624,0.6894312407648098,-1.3017647814447884,4.827172598837548,-0.5186081221253387,1.481167310964623,-0.9340175956110937,-1.0753828742977962
10.0,195.0,1000.0233764648438,-4.244099110174401,-2.952542377456432,-1.9640576177111904,0.6894300013520152,-1.3017684500005315,4.827175903796935,-0.5186078213528962,1.4811677847338922,-0.934015702147903,-1.0753834276992196
10.0,195.0,1000.0233154296876,-4.244100495813084,-2.952537081634775,-1.964057242885238,0.6894266559301654,-1.3017764028644088,4.827182183773001,-0.5186077084954448,1.481168349201286,-0.9340117402351488,-1.0753847849426372
10.0,195.0,1000.0233154296876,-4.244099094405065,-2.9525421725334366,-1.964057765490543,0.6894296133046449,-1.3017692826879363,4.827175955780561,-0.5186078279839865,1.4811674583157457,-0.9340154327682776,-1.075383832630154
10.0,195.0,1000.0233764648438,-4.244098866702377,-2.9525431745792514,-1.964058211081091,0.6894299565310593,-1.301768465738029,4.8271747917322205,-0.518607816556413,1.4811669893566553,-0.9340157247071668,-1.075383950250889
10.0,195.0,1000.0232543945312,-4.244098557832599,-2.952543965646526,-1.964057954874682,0.6894307830459745,-1.301766396808751,4.827173803034425,-0.5186079289372483,1.4811674838971634,-0.9340168081849304,-1.075383211793048
10.0,195.0,1000.0232543945312,-4.2440980465774185,-2.952545583431152,-1.9640582670131368,0.6894314584323542,-1.3017648573687737,4.827171921720785,-0.5186079662567975,1.4811668339735693,-0.9340177425812568,-1.075383382400689
10.0,195.0,1000.0233154296876,-4.244098431485003,-2.9525444421407583,-1.964058217236187,0.6894308321736977,-1.3017664474602486,4.827173278159968,-0.5186077415186379,1.4811669005620365,-0.93401677284235,-1.0753837220577305
10.0,195.0,1000.0233154296876,-4.244099297428715,-2.9525411407881403,-1.964057835112744,0.6894287635534013,-1.301771073886283,4.827177306809716,-0.5186078308681257,1.4811674548606382,-0.9340144133190184,-1.0753842150240986
10.0,196.0,1000.023193359375,-4.244097705061575,-2.9525469269648337,-1.964058240152779,0.6894324473348981,-1.3017623260557087,4.8271701507412565,-0.5186080511034898,1.481166908148178,-0.9340190048004696,-1.0753826806622309
10.0,196.0,1000.0233764648438,-4.24409824567326,-2.9525450576347496,-1.9640581871844056,0.689431259570858,-1.3017653742389852,4.827172478774704,-0.5186078977351434,1.4811669714054911,-0.9340173545773762,-1.075383376498726
10.0,196.0,1000.0233154296876,-4.244098177977556,-2.9525453031940034,-1.964057991903108,0.6894315048163024,-1.3017645081848288,4.827172253259507,-0.5186079935480281,1.4811672014325712,-0.9340178283580692,-1.07538295374395
10.0,196.0,1000.0233764648438,-4.244099448265485,-2.952540975160674,-1.964057584658558,0.6894290001594285,-1.3017708359878457,4.827177519923072,-0.5186078364229427,1.4811678451208463,-0.9340145931205184,-1.0753838675027554
10.0,196.0,1000.023193359375,-4.2440982366204985,-2.9525448095866413,-1.9640581213020745,0.6894311854090764,-1.3017655233609258,4.827172801919708,-0.5186079741468657,1.481167114305948,-0.9340173298883592,-1.075383246676218
10.0,196.0,1000.0233154296876,-4.244099281899068,-2.952540854873721,-1.9640578328138725,0.6894286500795621,-1.3017715610149634,4.827177645503502,-0.5186077526733515,1.4811674517434597,-0.934014191952432,-1.075384422452505
10.0,196.0,1000.0234375,-4.244097370857998,-2.952547226478848,-1.9640582695631563,0.6894324951585338,-1.3017618160079625,4.827169726327913,-0.5186082175589801,1.48116685004112,-0.9340193028609258,-1.0753826864697675
10.0,196.0,1000.023193359375,-4.244098584910895,-2.9525435086315706,-1.96405788302553,0.689430500201583,-1.301767123370854,4.827174252000061,-0.5186079707360545,1.4811674779599615,-0.9340165497557996,-1.0753834112887874
10.0,196.0,1000.0232543945312,-4.244098339179676,-2.9525450363246306,-1.964058136033243,0.6894311329638825,-1.3017655637217276,4.827172544543069,-0.5186079379756316,1.4811669325469945,-0.9340173905310802,-1.0753833867594462
10.0,196.0,1000.023193359375,-4.244100503381082,-2.9525369519987748,-1.964057500228535,0.6894264075794378,-1.3017770315123984,4.827182394160408,-0.5186075546840332,1.4811680062746235,-0.9340112242522808,-1.0753852038281324
10.0,196.0,1000.0233154296876,-4.244099889095321,-2.952539383641281,-1.964057402575128,0.6894279581698353,-1.3017727008507145,4.827179379366834,-0.5186078708717332,1.48116808939389,-0.934013640099181,-1.075383972163177
10.0,196.0,1000.0233154296876,-4.244099684758734,-2.952540476194108,-1.9640573112021305,0.6894288321873479,-1.3017709767259351,4.827178071722859,-0.5186079258010583,1.4811682972593934,-0.9340145218983428,-1.0753836050446788
10.0,196.0,1000.0232543945312,-4.244098510581656,-2.95254367935843,-1.9640579979150168,0.6894303602011229,-1.3017671657033063,4.827174171939198,-0.5186079015717047,1.4811672111392298,-0.9340164324715392,-1.0753836061014037
10.0,196.0,1000.0233154296876,-4.244097898527576,-2.952545419843298,-1.9640581736705327,0.6894313779526673,-1.3017646075134586,4.827172090558729,-0.5186080696643911,1.4811669548500408,-0.9340178488526804,-1.0753831469186554
10.0,196.0,1000.0233154296876,-4.244100300762592,-2.952537721426002,-1.964057353749605,0.6894268774805816,-1.3017752753594332,4.827181468460694,-0.5186077793890052,1.481168249659052,-0.9340121613013306,-1.0753845413054766
10.0,196.0,1000.023193359375,-4.2440989985395206,-2.9525420807520337,-1.9640576704092576,0.6894296255809405,-1.301768950919291,4.827175987166212,-0.5186079786766236,1.4811677691895344,-0.9340155726474562,-1.0753835816783326
10.0,196.0,1000.0232543945312,-4.2440989980843415,-2.9525425784691643,-1.964057852579311,0.6894297992114415,-1.3017688026653724,4.8271755295828775,-0.5186078959089615,1.4811674633691974,-0.9340156971936704,-1.075383717050757
10.0,196.0,1000.023193359375,-4.244099149950581,-2.952542131726825,-1.9640576667593888,0.6894296312474086,-1.3017691229330457,4.827176125718633,-0.5186078515379853,1.4811676546717631,-0.9340154779004388,-1.075383639221679
10.0,196.0,1000.0233764648438,-4.244097588326543,-2.952546970026771,-1.964058265560184,0.6894325478584298,-1.3017620719740837,4.827170162763313,-0.5186080528839891,1.4811669130651763,-0.9340189857348768,-1.075382700604191
10.0,196.0,1000.0232543945312,-4.244097737529872,-2.952546235026684,-1.964058179558964,0.689432071402182,-1.3017631872062312,4.827170956344023,-0.5186080369975059,1.4811669495791433,-0.9340185931741852,-1.0753828214099266
10.0,196.0,1000.023193359375,-4.244099386263793,-2.95254131291974,-1.964057654281932,0.6894290768818401,-1.3017704550598976,4.827177149333412,-0.5186078803854741,1.4811677620345476,-0.9340147788614388,-1.075383756852759
10.0,196.0,1000.023193359375,-4.244097388083879,-2.952547622510383,-1.964058398273792,0.6894327400655893,-1.3017615312844608,4.827169465885602,-0.5186080217416134,1.481166626339677,-0.9340193226835288,-1.075382731159515
10.0,196.0,1000.0234375,-4.244098920614443,-2.9525426192946327,-1.9640577241921744,0.6894299055292237,-1.3017681425652916,4.827175329185916,-0.5186080378012132,1.481167638996233,-0.9340160368888696,-1.0753833600624856
10.0,196.0,1000.0233764648438,-4.244098398254249,-2.952544216692278,-1.9640580539337464,0.6894307087075298,-1.30176641689492,4.827173481433743,-0.5186079770140424,1.4811671444989756,-0.934016874398754,-1.0753834338646633
10.0,196.0,1000.0233764648438,-4.244098058219118,-2.9525453648803386,-1.964057908884,0.689431707799165,-1.3017641101406483,4.827172060440777,-0.5186080726095463,1.4811673591754646,-0.9340180398335473,-1.0753827992680147
10.0,196.0,1000.0233154296876,-4.244097956976197,-2.95254602458139,-1.9640582153994,0.6894318028560082,-1.3017639438098945,4.827171273853798,-0.5186080250750553,1.4811668834411176,-0.9340182054405376,-1.075383087297534
10.0,196.0,1000.0233154296876,-4.244098512735667,-2.952544181129324,-1.9640580378572323,0.6894307654138476,-1.3017664978788162,4.827173605805928,-0.5186078873145092,1.4811671796553592,-0.93401680222002,-1.0753834163700118
10.0,196.0,1000.0233154296876,-4.244099058648082,-2.9525422285890897,-1.964057804662506,0.6894297005050838,-1.301768966089582,4.827175848590903,-0.5186078656238635,1.481167593281155,-0.9340155206432108,-1.0753836193762196
10.0,196.0,1000.0232543945312,-4.244100739633425,-2.952536959008129,-1.9640571907027748,0.6894265686214016,-1.30177661539834,4.827182453306921,-0.5186076961966553,1.481168515031074,-0.9340115302264084,-1.075384699458711
10.0,196.0,1000.0231323242188,-4.244099730412728,-2.952539717495531,-1.9640575238790865,0.6894281815456758,-1.3017725428798137,4.82717897539912,-0.5186078130985123,1.4811679715246306,-0.9340136578451022,-1.0753842022449065
10.0,196.0,1000.0232543945312,-4.244099327646219,-2.952541397931183,-1.9640577500486405,0.6894290620102392,-1.3017700892105188,4.827176998209147,-0.5186078161788714,1.4811676578379238,-0.9340148365649936,-1.0753838182762832
10.0,196.0,1000.023193359375,-4.244099703434241,-2.952540159891853,-1.964057754736196,0.6894282470160427,-1.301772554588304,4.8271785654438055,-0.5186076637050165,1.4811675177923878,-0.93401363088181,-1.075384467861677
10.0,196.0,1000.0232543945312,-4.244098282764055,-2.9525449956156464,-1.9640579957584547,0.6894313782728894,-1.3017649741448722,4.8271726185875945,-0.5186079648998678,1.4811672533172722,-0.9340176633730186,-1.07538296894448
10.0,196.0,1000.0233154296876,-4.244099622434665,-2.952541047127702,-1.9640576131600924,0.6894289952421326,-1.3017707624620236,4.827177464201583,-0.5186077634550976,1.481167768935859,-0.9340145557532756,-1.0753838960986823
10.0,196.0,1000.0232543945312,-4.2440991542008994,-2.952541980005733,-1.9640575632066968,0.6894295761828442,-1.3017690401940616,4.827176276003124,-0.5186079234998848,1.4811678406303557,-0.9340155138732004,-1.0753834594729597
10.0,196.0,1000.023193359375,-4.244098277518334,-2.952544742945787,-1.9640579897879409,0.6894311676632228,-1.3017653346150937,4.827172858920278,-0.5186080382622089,1.4811673074509724,-0.9340174187636432,-1.0753831494358694
10.0,196.0,1000.023193359375,-4.244099665033647,-2.952539685749372,-1.96405793118638,0.6894278311562685,-1.3017733514813123,4.827179010434957,-0.5186076811457703,1.4811674621407729,-0.9340131545527433,-1.0753847084504602
10.0,196.0,1000.0233154296876,-4.24410043691452,-2.9525374757675014,-1.9640574440363947,0.6894266068851476,-1.30177622024547,4.827181829226548,-0.5186077435633045,1.4811681193231792,-0.9340117332971136,-1.0753848649821802
10.0,196.0,1000.0233764648438,-4.244098201739886,-2.9525450604706256,-1.96405820541776,0.6894312011198647,-1.3017651622937167,4.827172505546798,-0.518607925061036,1.481166954595155,-0.9340173842677748,-1.075383332073549
10.0,196.0,1000.023193359375,-4.2440967086158246,-2.9525501951362307,-1.964058403420795,0.6894344926207809,-1.3017574199765014,4.827166199988731,-0.5186082434287425,1.4811666380182,-0.9340215929315184,-1.075381891892521
10.0,196.0,1000.0232543945312,-4.244099325537799,-2.952541422288929,-1.964057698477096,0.6894291317170573,-1.3017704121662588,4.827176992900128,-0.5186078680515616,1.4811676495798434,-0.9340148199678372,-1.0753839336681903
10.0,196.0,1000.023193359375,-4.244099703629171,-2.952540251103942,-1.964057683126708,0.6894283498871356,-1.3017721332585328,4.82717843810215,-0.518607801804162,1.4811677541433816,-0.9340138731047984,-1.075384200228311
10.0,196.0,1000.0232543945312,-4.24409893066628,-2.9525422930502803,-1.964057701221176,0.6894298122948763,-1.3017686602718466,4.827175806377021,-0.5186079067498239,1.4811677186708794,-0.9340157018871836,-1.0753835165477916
10.0,196.0,1000.0233154296876,-4.244098498840458,-2.9525441031450264,-1.964057884293215,0.6894307641134025,-1.3017662803662495,4.827173631858432,-0.5186079844829905,1.4811673939262482,-0.9340169217138196,-1.075383326475852
10.0,196.0,1000.0233764648438,-4.244099072678047,-2.9525422408637123,-1.9640575777698104,0.6894297785287566,-1.3017684368585345,4.827175928565103,-0.5186080377207007,1.48116789487573,-0.9340158347181368,-1.0753832606673217
10.0,196.0,1000.0233764648438,-4.244097417049169,-2.95254748850754,-1.9640584960138223,0.6894325717283163,-1.301762056795452,4.827169522887795,-0.5186080079995072,1.481166477436167,-0.9340191506952272,-1.0753829641325092
10.0,196.0,1000.0233764648438,-4.244098085638407,-2.952545439879279,-1.9640580719093244,0.689431578642087,-1.3017644501872885,4.827172132012636,-0.518607968327137,1.4811670628730864,-0.934017812711307,-1.0753830319297268
10.0,196.0,1000.0232543945312,-4.244099944704282,-2.952539466221599,-1.964057337897092,0.6894281482627163,-1.3017728704322602,4.827179363647128,-0.5186078393159139,1.48116824903203,-0.934013600241312,-1.0753840676122364
10.0,196.0,1000.0233764648438,-4.244097053212139,-2.9525484851395243,-1.9640586201288008,0.6894331173578578,-1.3017604721788412,4.827168218745621,-0.5186081227809103,1.4811663481680457,-0.9340199654116246,-1.0753827678518308
10.0,196.0,1000.0232543945312,-4.244098215387747,-2.952545038380695,-1.964058211544204,0.6894311055871434,-1.301765216276558,4.82717252020767,-0.5186079388696374,1.4811668888842169,-0.9340173899616726,-1.0753832736649844
10.0,197.0,1000.0233764648438,-4.244098472573498,-2.9525442689555854,-1.9640578522266687,0.6894310054307855,-1.3017658954571458,4.827173450733392,-0.518607879040708,1.4811674278225109,-0.9340171081292664,-1.0753831559594138
10.0,197.0,1000.023193359375,-4.244100234491509,-2.9525378785825125,-1.964057646094882,0.6894268291275605,-1.301775807604082,4.827181179787166,-0.5186077181022091,1.4811678595560114,-0.9340119343038245,-1.0753849719177575
10.0,197.0,1000.0233764648438,-4.2440984666938375,-2.952544450556481,-1.964058024931421,0.6894308855368454,-1.3017660012700545,4.827173189543228,-0.5186079938903321,1.4811671616464048,-0.9340171240518256,-1.0753832528698997
10.0,197.0,1000.0233154296876,-4.244098277026987,-2.952544832816864,-1.9640580335371445,0.6894311751272024,-1.301765254546999,4.827172719168425,-0.5186080270596323,1.48116716841849,-0.9340174082819744,-1.0753831095978272
10.0,197.0,1000.0233154296876,-4.244099136887192,-2.9525420396523563,-1.964057789575252,0.6894294540384962,-1.301769464211644,4.827176256115109,-0.5186078521109208,1.481167567464646,-0.934015280783342,-1.0753837607004058
10.0,197.0,1000.0232543945312,-4.244098002308777,-2.952545598811235,-1.964058140220028,0.6894316846650108,-1.3017642461455416,4.827171816079602,-0.5186079727396429,1.4811669895475887,-0.9340179717708654,-1.075383056594629
10.0,197.0,1000.0233154296876,-4.244099216961597,-2.952541305589035,-1.964057511603157,0.6894292110987852,-1.3017698760160543,4.827177007039971,-0.518607969401633,1.4811679683427403,-0.9340150804218093,-1.075383632300284
10.0,197.0,1000.0233154296876,-4.24409939450773,-2.9525406496292805,-1.964057625415032,0.6894287190322537,-1.3017712927138896,4.82717781490164,-0.5186078355647705,1.4811677589569916,-0.9340143675556724,-1.0753840800645451
10.0,197.0,1000.0233154296876,-4.244100073967343,-2.952538662999604,-1.964057406990868,0.6894275049036178,-1.3017740848384225,4.827180218412696,-0.5186078106134246,1.481168085642448,-0.9340128803697104,-1.075384453543324
10.0,197.0,1000.0233154296876,-4.244099849407046,-2.952539902593769,-1.964057576556979,0.6894283002835895,-1.3017724688215,4.827178856712184,-0.5186077467191259,1.4811679455167583,-0.9340136426607916,-1.0753842216133935
10.0,197.0,1000.0233154296876,-4.244097069531836,-2.9525489404463503,-1.964058409716092,0.689433736935924,-1.3017593894749728,4.827167764747621,-0.5186081038265105,1.4811666745757854,-0.9340205099282616,-1.075382249294632
10.0,197.0,1000.0233764648438,-4.2440987451020975,-2.9525430472053635,-1.964057966007608,0.6894300636936324,-1.3017682294710626,4.827175025416853,-0.5186078472234952,1.481167312041423,-0.9340159047368176,-1.07538375375644
10.0,197.0,1000.0233764648438,-4.244099172477546,-2.9525414328244164,-1.9640578045800885,0.6894290116286017,-1.3017703710082724,4.827176772549414,-0.5186078991571677,1.4811674911925357,-0.9340148605871326,-1.07538406174584
10.0,197.0,1000.023193359375,-4.24409775566892,-2.95254685373989,-1.9640581783784432,0.6894324220294106,-1.3017623893323282,4.827170282616741,-0.5186080246046316,1.481166967168841,-0.9340189786594352,-1.0753826847554795
10.0,197.0,1000.023193359375,-4.244099235017657,-2.9525412657473225,-1.9640578193502376,0.6894289293147873,-1.3017706562101234,4.827177039396661,-0.5186078397468119,1.48116749409375,-0.9340147177977256,-1.075384046841413
10.0,197.0,1000.023193359375,-4.244099591085498,-2.95254042915648,-1.964057685164175,0.6894285451006299,-1.3017717065195755,4.827178172987125,-0.5186077324694756,1.481167712472132,-0.9340140586287512,-1.0753841779478384
10.0,197.0,1000.0232543945312,-4.244098540981606,-2.952543531956797,-1.9640579536871927,0.6894304307724664,-1.3017672598117294,4.82717429181821,-0.5186078847989766,1.481167301880994,-0.9340163668454152,-1.0753835412865205
10.0,197.0,1000.0233154296876,-4.244098924319748,-2.9525431278093697,-1.964057854925381,0.6894301400860767,-1.3017679513041274,4.827174924213258,-0.5186078692433895,1.4811674180832597,-0.934016055252691,-1.0753835663923512
10.0,197.0,1000.0232543945312,-4.244099146536105,-2.952541792483606,-1.9640576832332588,0.6894295171841698,-1.301769557244583,4.827176498274241,-0.5186078993252883,1.481167811538202,-0.9340152870108342,-1.0753836271482613
10.0,197.0,1000.023193359375,-4.244097168478151,-2.9525495277129017,-1.9640582360979475,0.6894342422689101,-1.301758340188246,4.82716709894124,-0.5186080604461267,1.4811668122221642,-0.9340210979115068,-1.0753818911503843
10.0,197.0,1000.023193359375,-4.244097865260934,-2.952545976567277,-1.964058052532545,0.6894319736076877,-1.301763527782346,4.827171370826161,-0.5186080338779027,1.481167191965083,-0.934018380195358,-1.075382801718809
10.0,197.0,1000.0233764648438,-4.244100248911569,-2.9525379260941413,-1.9640574228452023,0.6894271062084805,-1.3017752062023078,4.827181201903191,-0.5186076382440268,1.4811681320986771,-0.934012221280022,-1.0753846760305126
10.0,197.0,1000.023193359375,-4.244099012317185,-2.9525420326477314,-1.964057948003111,0.6894294266886414,-1.301769591566547,4.827176203844207,-0.5186077498702035,1.4811673516788515,-0.9340151236116504,-1.075384026392757
10.0,197.0,1000.0232543945312,-4.244098201182754,-2.952545196303639,-1.9640581605810912,0.6894313602700155,-1.301765033701101,4.827172295478231,-0.5186079573026019,1.4811670264153325,-0.934017601404136,-1.0753831927561128
10.0,197.0,1000.0234375,-4.244098968262104,-2.952542635151386,-1.9640579828693792,0.6894297520446502,-1.301768736267895,4.827175474220134,-0.5186078447155422,1.4811673272846813,-0.9340156193880028,-1.0753837879306758
10.0,197.0,1000.0233154296876,-4.244099673696631,-2.9525399759544606,-1.9640575503096829,0.6894282508101526,-1.3017724878204602,4.827178723050757,-0.5186078401500698,1.4811679158147664,-0.934013805818248,-1.075384246648547
10.0,197.0,1000.0233154296876,-4.244099400412591,-2.9525410056428307,-1.964057756075397,0.6894288474969752,-1.3017710629930623,4.827177404121672,-0.5186077761149184,1.48116763534156,-0.934014384955594,-1.0753841636143546
10.0,197.0,1000.023193359375,-4.2440973546382965,-2.9525481096706354,-1.9640582889639715,0.6894332593437635,-1.3017603760423595,4.827168784710654,-0.5186081395264353,1.4811668603678516,-0.934019930281112,-1.0753823180281
10.0,197.0,1000.0233154296876,-4.244100092825557,-2.9525386896154084,-1.964057550001657,0.6894274510577061,-1.3017745094553037,4.827180313692432,-0.5186076480449717,1.4811678622633728,-0.9340126666752288,-1.0753847035216384
10.0,197.0,1000.023193359375,-4.244099174112685,-2.9525413883581235,-1.964057958373921,0.6894289907481959,-1.3017708530287342,4.827176963014523,-0.518607762808748,1.481167374575146,-0.9340145192648804,-1.0753842957543842
10.0,197.0,1000.0234375,-4.244099307663748,-2.952541258270979,-1.9640578514431613,0.6894289810164711,-1.3017707886042027,4.827177073759788,-0.5186078571188109,1.481167569702686,-0.9340145770395756,-1.0753840769988594
10.0,197.0,1000.023193359375,-4.24409768829921,-2.9525463343913785,-1.96405820185806,0.6894320388452204,-1.3017631185359662,4.827170946886133,-0.5186080160858353,1.4811669018283933,-0.9340185375631896,-1.0753829396670072
10.0,197.0,1000.023193359375,-4.244099278085309,-2.9525412457746505,-1.9640576349576424,0.6894290820642803,-1.3017703397941367,4.8271770918615005,-0.5186079016617802,1.4811678368649446,-0.9340148373191752,-1.0753838146736228
10.0,197.0,1000.0233764648438,-4.244100242034067,-2.952537511783328,-1.964057607001985,0.689426679635532,-1.3017763106402298,4.827181580651182,-0.5186077246929042,1.4811679362799923,-0.9340117678450746,-1.0753849896526102
10.0,197.0,1000.0232543945312,-4.244098891650682,-2.952542648336576,-1.9640578689526933,0.6894298242972905,-1.3017684720798672,4.827175428089587,-0.5186079317020811,1.481167479263985,-0.9340157174934962,-1.0753836838159532
10.0,197.0,1000.0233764648438,-4.244098394823594,-2.952544665447116,-1.9640580480903536,0.6894310986279608,-1.3017656974027454,4.827173071723092,-0.5186078539365857,1.4811671657352663,-0.9340171680465296,-1.0753832940386876
10.0,197.0,1000.0232543945312,-4.244099518557161,-2.9525408069783805,-1.964057738716516,0.6894286753696566,-1.301771380370193,4.827177720601471,-0.5186077972425647,1.48116758171121,-0.9340142100523688,-1.0753842061676178
10.0,197.0,1000.0234375,-4.244099481579664,-2.9525407579312573,-1.964057826927314,0.6894286711443778,-1.3017715701319528,4.827177814809934,-0.5186077112065366,1.4811675775881836,-0.934014136825036,-1.075384265698478
10.0,197.0,1000.0232543945312,-4.244097956421861,-2.952546295597537,-1.964058054090962,0.6894322058941329,-1.3017629796654395,4.827171048470257,-0.5186079851144267,1.4811671544642255,-0.9340185790864366,-1.075382663975795
10.0,197.0,1000.0233764648438,-4.244097641833736,-2.9525470535123928,-1.96405821946378,0.6894325501542546,-1.3017622042178538,4.827170162407846,-0.5186080120561556,1.4811668581160422,-0.9340190995413664,-1.0753826599292022
10.0,197.0,1000.0233764648438,-4.244099357741998,-2.952541053304248,-1.9640576017297875,0.6894289647090339,-1.3017707093474025,4.827177429074251,-0.5186078420110283,1.4811678149129186,-0.9340145854151692,-1.075383978678763
10.0,197.0,1000.0232543945312,-4.244099241105902,-2.9525419471387737,-1.9640577645420096,0.689429479411567,-1.3017697259684304,4.827176314435649,-0.5186078376550638,1.4811675351743308,-0.9340151797610295,-1.0753838472384492
10.0,197.0,1000.0233154296876,-4.244100330051512,-2.9525376720489582,-1.964057463853023,0.6894268911177228,-1.3017758404430315,4.827181481371749,-0.5186076606401029,1.4811680808510088,-0.9340119147865592,-1.0753848676638764
10.0,197.0,1000.0232543945312,-4.244099716963505,-2.952540016936554,-1.9640575362426804,0.6894285026740974,-1.3017720248008215,4.82717863182323,-0.518607732549893,1.4811679820160597,-0.9340138671039204,-1.0753840628876783
10.0,197.0,1000.0233154296876,-4.244097101111571,-2.9525485297612857,-1.9640583397234428,0.6894334042311234,-1.3017597316739842,4.827168235927969,-0.5186081778084075,1.4811667495730232,-0.9340202926535924,-1.0753822502247532
10.0,197.0,1000.0232543945312,-4.244099370774422,-2.952541393520558,-1.964057623230284,0.689429141578481,-1.3017702490333196,4.827176987420813,-0.5186078361135511,1.4811677541653454,-0.934014935808034,-1.075383799519976
10.0,197.0,1000.0234375,-4.244098530176153,-2.952543429265359,-1.964057986910161,0.6894303092339467,-1.3017671190222346,4.827174440471032,-0.5186079491236928,1.4811673236158365,-0.9340163650405592,-1.0753834046938349
10.0,197.0,1000.0232543945312,-4.244098157859461,-2.952545327688532,-1.9640580945938968,0.6894314565412518,-1.3017647021430152,4.827172207619229,-0.5186079444492133,1.481167040680159,-0.9340177664023246,-1.0753830789381995
10.0,197.0,1000.0233154296876,-4.2440992785549545,-2.952541305042857,-1.964057777691543,0.6894289712387565,-1.3017704695803882,4.82717710367999,-0.5186077631891131,1.4811675597682763,-0.934014638676846,-1.0753840676643556
10.0,197.0,1000.0232543945312,-4.244098785689005,-2.9525429038129425,-1.9640578821047543,0.6894299542116169,-1.3017681197397963,4.827175178555326,-0.5186078914957379,1.481167364846212,-0.9340159198145024,-1.0753836338107563
10.0,198.0,1000.0232543945312,-4.244099531082524,-2.952540410361116,-1.964057898639029,0.6894284301774238,-1.3017722048695353,4.827178171769617,-0.5186076627729204,1.481167442293872,-0.9340137952935113,-1.0753844482955257
10.0,198.0,1000.0233764648438,-4.244100291688943,-2.9525374937681543,-1.96405748362978,0.6894267508041683,-1.301776235863512,4.8271817075914605,-0.5186076393996846,1.48116803136789,-0.9340117791136606,-1.0753849805030082
10.0,198.0,1000.023193359375,-4.244098626433742,-2.952543959080813,-1.9640579631970088,0.6894307563331381,-1.301766503959796,4.827173802708668,-0.5186078935217449,1.4811673715677145,-0.9340167927381328,-1.0753832571355582
10.0,198.0,1000.0233154296876,-4.244099891404022,-2.952539468833569,-1.964057555783763,0.6894279065179365,-1.3017732857365178,4.827179289800906,-0.5186077403883393,1.4811678617672648,-0.9340133290511076,-1.075384445461531
10.0,198.0,1000.0233154296876,-4.244098138694224,-2.9525458117628296,-1.9640582933716115,0.6894316670575531,-1.3017643682189632,4.8271716335590735,-0.518607902292815,1.4811668123008683,-0.9340179320617265,-1.0753831702106242
10.0,198.0,1000.0233764648438,-4.244099058515251,-2.952542296555277,-1.964057714866697,0.6894298551876084,-1.3017689611900225,4.827175861561875,-0.518607834385965,1.481167677796491,-0.9340155645487602,-1.0753836356368
10.0,198.0,1000.0232543945312,-4.244098563971996,-2.952543872460168,-1.964057936020077,0.6894306049056764,-1.3017667441361729,4.827173907175338,-0.5186079362696923,1.481167324577112,-0.9340167005290284,-1.0753833924209366
10.0,198.0,1000.023193359375,-4.244099229614434,-2.9525413104375704,-1.9640578457491005,0.6894290049742473,-1.3017705568597204,4.827176984771612,-0.5186078273441614,1.4811675489382343,-0.934014685168929,-1.0753840604081084
10.0,198.0,1000.0232543945312,-4.244098851943995,-2.952542586491562,-1.964057935830324,0.6894297074054387,-1.3017687361270385,4.827175478012167,-0.5186078741758902,1.481167306199053,-0.9340156238564026,-1.075383805170389
10.0,198.0,1000.0233154296876,-4.244099288543509,-2.952541220762637,-1.9640578017939725,0.6894290087854902,-1.301770721748035,4.827177178366849,-0.5186077600589396,1.4811675065470231,-0.9340145595623984,-1.0753841457140108
10.0,198.0,1000.0234375,-4.244099304544781,-2.9525411469311904,-1.964057793356102,0.6894289149125923,-1.3017708437447126,4.827177343239093,-0.5186077467390229,1.481167561011958,-0.9340144798561648,-1.075384119940321
10.0,198.0,1000.0233764648438,-4.24410031361348,-2.9525379022528657,-1.9640574250867875,0.6894270752749083,-1.3017753931610423,4.827181222921276,-0.518607636879092,1.4811680742078297,-0.9340121675603416,-1.07538475364438
10.0,198.0,1000.023193359375,-4.244099147019121,-2.952541567454606,-1.9640578433173903,0.6894292603243235,-1.3017700631918103,4.827176717361347,-0.5186078414317832,1.4811676013408075,-0.9340148477858968,-1.0753839883778662
10.0,198.0,1000.023193359375,-4.244098040755548,-2.952546021917005,-1.9640580081652543,0.6894320674373802,-1.301763372146496,4.8271713291827805,-0.518608043558924,1.4811672549662402,-0.934018479340561,-1.0753826258612524
10.0,198.0,1000.0233154296876,-4.244097521072689,-2.9525472781994404,-1.9640581613722228,0.6894326926241723,-1.3017614816243146,4.827169779125558,-0.5186081024852225,1.4811669835890218,-0.9340194257753502,-1.075382430005816
10.0,198.0,1000.023193359375,-4.244098790931567,-2.9525431547721603,-1.964058002287143,0.6894300604797179,-1.301768221065538,4.827174838897264,-0.5186078720026117,1.4811672582301778,-0.934015978959268,-1.0753837548742782
10.0,198.0,1000.023193359375,-4.244097868906129,-2.9525467446045903,-1.964058012405764,0.6894324490882902,-1.3017621926606644,4.8271704344837065,-0.5186080649763944,1.4811671790149905,-0.9340190673768092,-1.0753824458084726
10.0,198.0,1000.0233764648438,-4.244097224719953,-2.952548177292176,-1.9640584498170712,0.6894331913865868,-1.3017607052684157,4.827168733309939,-0.5186080624094549,1.481166639418828,-0.9340197473370102,-1.0753826105502018
10.0,198.0,1000.0232543945312,-4.244098174905926,-2.952544992877426,-1.964058121334504,0.6894312573387413,-1.3017651675199868,4.8271725315485146,-0.5186079697325781,1.481167086239534,-0.934017449328696,-1.0753832658196232
10.0,198.0,1000.023193359375,-4.244097634992186,-2.952546729864763,-1.964058195144492,0.6894323084974854,-1.3017624500006892,4.827170381853843,-0.518608093077809,1.4811669194831063,-0.9340189246226398,-1.0753827299257428
10.0,198.0,1000.0232543945312,-4.244099437753245,-2.9525416996021794,-1.9640575487288272,0.689429449889662,-1.3017697073337469,4.827176698702116,-0.5186077782239762,1.481167772630057,-0.9340152086588116,-1.0753836149355456
10.0,198.0,1000.0233764648438,-4.244099855799297,-2.952539251227041,-1.9640576102681324,0.6894277666372028,-1.3017734757303447,4.82717954936706,-0.5186077334347212,1.4811678132830828,-0.9340131526694496,-1.0753844586523824
10.0,198.0,1000.023193359375,-4.244099559161084,-2.9525406604582107,-1.9640576777044,0.689428644456096,-1.301771501804485,4.827177913956211,-0.5186078123331006,1.4811676840798738,-0.9340141847263972,-1.0753840768542542
10.0,198.0,1000.023193359375,-4.244098383007458,-2.9525443719215376,-1.9640578854477764,0.6894309993588434,-1.301765866957327,4.827173337354104,-0.5186079310425091,1.481167315090623,-0.934017175902282,-1.0753832180452343
10.0,198.0,1000.0233764648438,-4.244100226143992,-2.9525375094473945,-1.964057575463685,0.6894266017962174,-1.3017759911338738,4.827181610408029,-0.5186077402034108,1.4811679111749276,-0.9340117504560403,-1.0753849879120343
10.0,198.0,1000.0234985351562,-4.244097900446622,-2.9525458118160057,-1.964058173893096,0.6894317448025404,-1.3017641187736464,4.827171580958474,-0.5186079839980113,1.4811669345567715,-0.9340180339283696,-1.0753831155979643
10.0,198.0,1000.0233154296876,-4.244099082162963,-2.952542363425932,-1.9640577920764328,0.6894297051541081,-1.3017688740141873,4.827175762781497,-0.5186079021779868,1.4811675451796535,-0.9340156496337392,-1.0753835807406316
10.0,198.0,1000.0233154296876,-4.244100569586552,-2.9525370844342698,-1.9640572725196348,0.6894265231800336,-1.3017766613167423,4.8271822277746885,-0.5186076814960705,1.4811682769568124,-0.9340116357869092,-1.0753848485493571
10.0,198.0,1000.023193359375,-4.244098269612477,-2.952544901287195,-1.964058041984127,0.6894313157288252,-1.301765159753348,4.827172679679393,-0.5186079276511348,1.4811671872020824,-0.93401743323681,-1.0753831341771698
10.0,198.0,1000.0233154296876,-4.244097783225385,-2.95254654220412,-1.9640582483078872,0.6894321472294447,-1.3017627868870454,4.827170765037849,-0.5186079846974563,1.4811668756898344,-0.9340185807378828,-1.07538282728229
10.0,198.0,1000.0232543945312,-4.244097113018143,-2.952548091765376,-1.9640582590547724,0.6894332410162125,-1.3017603157422548,4.827168793114598,-0.518608131701443,1.4811668094179078,-0.934019996521574,-1.075382320311633
10.0,198.0,1000.0233764648438,-4.244099679063206,-2.9525398742148523,-1.96405768808305,0.6894281602617705,-1.301772626907956,4.827178772427944,-0.5186077561513365,1.481167724360951,-0.9340136576058846,-1.0753843264200755
10.0,198.0,1000.0232543945312,-4.244098590710004,-2.952543997585832,-1.964057876059209,0.6894308298454916,-1.3017664286732678,4.827173799791202,-0.5186078912566652,1.4811674233465464,-0.9340168446270588,-1.075383189540032
10.0,198.0,1000.0232543945312,-4.24409881840532,-2.9525426631646554,-1.9640578831129951,0.6894298414556079,-1.3017683348216735,4.82717536623673,-0.5186079377055401,1.4811674167681597,-0.9340158174173618,-1.07538363206329
10.0,198.0,1000.0232543945312,-4.244100512873223,-2.952537277471164,-1.964057405193949,0.6894266913497384,-1.301776490926338,4.82718201471843,-0.5186075945786079,1.4811681178194958,-0.934011603516992,-1.07538495910747
10.0,198.0,1000.0232543945312,-4.244097679488309,-2.952547260281892,-1.9640581432600075,0.689432780580236,-1.3017615380110723,4.827169867581775,-0.5186080274974048,1.4811669907202862,-0.9340193301706678,-1.0753824706222086
10.0,198.0,1000.0233154296876,-4.244098092228315,-2.9525453763098817,-1.9640581440734843,0.689431517838031,-1.3017645499301111,4.827172099867335,-0.5186078895609256,1.4811670052989614,-0.9340177627278808,-1.075383118892097
10.0,198.0,1000.023193359375,-4.244099086145545,-2.9525419216737863,-1.9640579558153668,0.6894293064732899,-1.301769868378551,4.827176294201719,-0.5186077938277975,1.481167391445969,-0.9340150126101427,-1.075384058835529
10.0,198.0,1000.0232543945312,-4.244099667521634,-2.952540565752632,-1.964057562981652,0.689428735136075,-1.3017714277969843,4.827177955700877,-0.5186078193148234,1.4811678857162691,-0.9340142811789968,-1.0753839827877971
10.0,198.0,1000.0233764648438,-4.244099957936155,-2.9525391088552904,-1.964057473452427,0.6894277019374151,-1.3017736010639045,4.827179696465949,-0.5186078430903569,1.481168057112181,-0.9340132192904944,-1.0753843361333386
10.0,198.0,1000.023193359375,-4.2440993446784745,-2.952540883663572,-1.964057709760936,0.6894288367614276,-1.3017711693422611,4.827177570579943,-0.5186078596462513,1.481167771674368,-0.9340143766123772,-1.0753841034924094
10.0,198.0,1000.0233154296876,-4.244097479269291,-2.952548090220968,-1.964058338043639,0.6894331774808915,-1.3017607601967858,4.827168802313857,-0.5186079433748834,1.4811666864772324,-0.9340197555626172,-1.07538254456174
10.0,198.0,1000.0233154296876,-4.244099723884844,-2.952539541669274,-1.9640576628719493,0.6894279300806438,-1.3017731744490546,4.827179234321614,-0.5186077470742188,1.48116775858377,-0.9340133524669056,-1.0753845016599215
10.0,198.0,1000.0232543945312,-4.24409807331266,-2.9525460232879235,-1.9640579238835645,0.6894321252366007,-1.301763345872145,4.827171307584342,-0.5186080002962301,1.4811672825022164,-0.9340185855300742,-1.075382636096318
10.0,198.0,1000.0232543945312,-4.244099433448691,-2.9525404648981555,-1.9640578801516595,0.6894283609389777,-1.3017719505038017,4.8271779712545655,-0.5186077979399384,1.4811674469674312,-0.9340139269737868,-1.0753844235994734
10.0,198.0,1000.0233154296876,-4.2440974830530624,-2.952547707570614,-1.9640580990694485,0.6894331231276922,-1.3017609445227252,4.827169251971398,-0.5186080759398619,1.481167061444561,-0.9340198159756294,-1.075382284439479
10.0,198.0,1000.0232543945312,-4.244098538994173,-2.9525439116214964,-1.9640579775071885,0.689430590012515,-1.3017666829504062,4.8271739307045465,-0.5186079364877525,1.4811672937068865,-0.9340166790955856,-1.0753833867733018
10.0,198.0,1000.0232543945312,-4.244099372896674,-2.952540773419277,-1.9640577332747529,0.689428718669685,-1.3017712731527895,4.827177691496363,-0.51860781260247,1.4811676461495846,-0.9340143257218428,-1.0753841256955288
10.0,198.0,1000.023193359375,-4.24410000387412,-2.9525393912321114,-1.9640574358832703,0.6894279712131262,-1.3017731435023934,4.82717944455294,-0.5186077665032753,1.4811680569491532,-0.934013400538455,-1.0753842559126392
10.0,198.0,1000.0232543945312,-4.244098306196577,-2.9525447200448287,-1.964058168290999,0.6894310596281201,-1.3017656802259685,4.827172836036917,-0.518607910216355,1.4811670407807895,-0.9340172518879424,-1.0753833227650174
10.0,199.0,1000.0233154296876,-4.244099769795437,-2.9525394662101934,-1.9640575851227384,0.6894279878728362,-1.301772953872672,4.827179277152711,-0.5186077758507075,1.4811679487079896,-0.9340134118584552,-1.0753842984315725
10.0,199.0,1000.023193359375,-4.244099564012883,-2.952540424230792,-1.9640575567073708,0.6894286004651473,-1.3017716075672587,4.827178153822485,-0.5186078196726776,1.4811678762154026,-0.9340141686243432,-1.0753840438914652
10.0,199.0,1000.0234375,-4.244099426749334,-2.952541151066938,-1.9640576355485688,0.6894291042209684,-1.3017705562790025,4.82717730288989,-0.5186077793804849,1.4811677940144057,-0.9340147020683034,-1.0753838435914576
10.0,199.0,1000.0233764648438,-4.24409946249892,-2.9525407487470794,-1.9640576226345168,0.689428769935537,-1.3017712553594336,4.8271777453402045,-0.5186078239314398,1.4811677508975247,-0.9340143704825756,-1.0753840597458568
10.0,199.0,1000.0233154296876,-4.244098135997819,-2.952545006252692,-1.964057930001235,0.6894314043871663,-1.301764722518295,4.827172510747435,-0.5186080706883258,1.4811673022450194,-0.9340177551637724,-1.0753829328474107
10.0,199.0,1000.0232543945312,-4.2440984823149215,-2.9525440586826326,-1.964057917879363,0.6894307994110269,-1.3017663549423926,4.827173639038065,-0.5186079634658087,1.481167346959741,-0.9340169389035404,-1.0753832828515284
10.0,199.0,1000.0233154296876,-4.2440987728732535,-2.952542961329718,-1.964057870474304,0.6894301256297766,-1.3017679803045443,4.827174961998294,-0.5186079464455675,1.481167492116997,-0.9340160675298028,-1.0753835511396217
10.0,199.0,1000.0233154296876,-4.244098865997392,-2.952542944344868,-1.96405780851664,0.6894301825711802,-1.3017680010474546,4.82717507673927,-0.5186078910553293,1.481167559618371,-0.9340160646074098,-1.0753834592307387
10.0,199.0,1000.023193359375,-4.244099684217376,-2.952540111595681,-1.9640576588760537,0.6894283857826791,-1.3017722605231912,4.827178479169813,-0.518607746770158,1.4811677575096809,-0.9340137977942023,-1.075384313467393
10.0,199.0,1000.023193359375,-4.244099743536603,-2.9525397922857484,-1.9640576560669425,0.6894281358352208,-1.301772704329255,4.827178921835877,-0.5186077320096416,1.4811677891893913,-0.93401352066072,-1.0753843318432037
10.0,199.0,1000.0233154296876,-4.244099899287587,-2.9525393086427214,-1.964057557458336,0.6894278400738783,-1.301773366951835,4.827179513220525,-0.5186077225155348,1.481167869884251,-0.9340132358336382,-1.0753844190069826
10.0,199.0,1000.0232543945312,-4.24409909839172,-2.9525419062589706,-1.9640576919278008,0.6894295437593616,-1.301769473708955,4.827176375301054,-0.5186078637811686,1.4811677413819089,-0.9340152892636436,-1.075383704588439
10.0,199.0,1000.0232543945312,-4.244099049100944,-2.9525422487350546,-1.9640576475996545,0.6894297949371131,-1.3017687595636065,4.827175936536099,-0.5186078846980999,1.4811677656219835,-0.9340155767406086,-1.0753835822165931
10.0,199.0,1000.023193359375,-4.24409904653142,-2.95254200745142,-1.9640577240883736,0.6894295193108171,-1.3017692064095057,4.82717618928908,-0.5186079268874613,1.481167625411036,-0.9340154387174308,-1.07538361169452
10.0,199.0,1000.023193359375,-4.24409789261161,-2.952545922319333,-1.9640580889387933,0.6894318626782798,-1.3017636504383252,4.8271714908594205,-0.5186080266300888,1.4811670685985128,-0.9340182857362516,-1.0753828586201646
10.0,199.0,1000.0233154296876,-4.244099272038068,-2.9525409709142707,-1.9640577786904216,0.6894288405433233,-1.3017709565609763,4.827177443347937,-0.5186078300085866,1.481167648452403,-0.9340144376589484,-1.0753841102069952
10.0,199.0,1000.0233154296876,-4.244098974789937,-2.952541846702022,-1.964058047684433,0.6894292282132577,-1.3017700989054974,4.827176346088349,-0.5186077800441087,1.4811672017950157,-0.9340148755116352,-1.075384246055414
10.0,199.0,1000.0233764648438,-4.244098749513436,-2.9525434412956826,-1.964057831432344,0.6894304570237662,-1.3017671354238436,4.827174449649702,-0.5186079720765182,1.481167552410719,-0.934016496226227,-1.0753832707722588
10.0,199.0,1000.0233764648438,-4.244099354725586,-2.952541117334805,-1.96405764362422,0.6894290893413597,-1.3017705794058978,4.827177316945473,-0.5186077835794638,1.481167774044038,-0.9340146933765912,-1.0753839024371374
10.0,199.0,1000.0233154296876,-4.244099893893168,-2.9525391149169824,-1.96405758986842,0.6894276976851712,-1.3017738333657762,4.827179743673614,-0.5186077558168476,1.4811678938655175,-0.934013023338852,-1.0753845471282322
10.0,199.0,1000.0233764648438,-4.244098095792802,-2.9525457588234425,-1.964057811734036,0.6894320827159692,-1.301763312884352,4.827171639162209,-0.5186080292316753,1.4811674802689652,-0.9340184830325002,-1.075382536553184
10.0,199.0,1000.0233154296876,-4.244098633547035,-2.9525435158784963,-1.96405787972611,0.6894304275392678,-1.3017671745056711,4.827174371333975,-0.5186078596676982,1.481167342547871,-0.9340164783348568,-1.0753834752389828
10.0,199.0,1000.0232543945312,-4.244099517523069,-2.952539995303637,-1.9640574998483808,0.6894283766682499,-1.3017720243101856,4.827178601353101,-0.5186078799009382,1.4811680073475983,-0.9340139688755622,-1.075384123755259
10.0,199.0,1000.023193359375,-4.244099060974,-2.952541666896245,-1.96405773519414,0.6894292962567263,-1.3017697761698672,4.827176595301685,-0.5186079642511645,1.4811676658580888,-0.93401515770217,-1.0753837520103366
10.0,199.0,1000.0234985351562,-4.2440993309803625,-2.9525415126040824,-1.9640576235748848,0.6894293136168468,-1.301769879375123,4.827176848602319,-0.5186078405159309,1.481167769326869,-0.9340150643779924,-1.0753836441624367
10.0,199.0,1000.023193359375,-4.2440986367192055,-2.952543458965294,-1.9640578832350464,0.6894304748943885,-1.3017672643061178,4.827174391251694,-0.518607893700552,1.4811674214394808,-0.9340164641862704,-1.0753834305669714
10.0,199.0,1000.023193359375,-4.244098893606392,-2.9525427082095974,-1.9640580606753104,0.6894297014565085,-1.3017687835174367,4.827175373124575,-0.5186078388641571,1.481167162337873,-0.9340155539815987,-1.0753839173816186
10.0,199.0,1000.0233154296876,-4.244099098069544,-2.952542379816101,-1.9640576573535813,0.6894298845715863,-1.301768628820586,4.827175746308269,-0.5186078940110654,1.4811677860578056,-0.9340157160076314,-1.0753835097648077
10.0,199.0,1000.0233154296876,-4.244098528800709,-2.9525442087161027,-1.9640579885565608,0.6894308041718569,-1.3017662982104916,4.827173519316103,-0.5186079176320799,1.4811672860727922,-0.9340169238833288,-1.0753833260952272
10.0,199.0,1000.0232543945312,-4.244098010397902,-2.952546201594597,-1.9640579894451204,0.6894322081750346,-1.3017629948165648,4.8271710996972566,-0.5186079914320532,1.481167258232624,-0.934018643381398,-1.0753825788243954
10.0,199.0,1000.023193359375,-4.244099225566119,-2.952541409071268,-1.9640577361935287,0.6894291289367445,-1.301770284100369,4.827176916926671,-0.5186078791823405,1.4811676797939652,-0.9340148414854575,-1.0753839256986455
10.0,199.0,1000.023193359375,-4.24409916575072,-2.952541622909902,-1.9640577002941977,0.6894293317460907,-1.3017699260762172,4.827176680038702,-0.5186078652797423,1.481167726453303,-0.9340150511094788,-1.075383840197217
10.0,199.0,1000.0232543945312,-4.2440992064082685,-2.9525419324868127,-1.9640577287687693,0.6894295446487604,-1.3017694961420618,4.8271763020165,-0.5186078350351586,1.481167673362867,-0.934015292533732,-1.0753837024903317
10.0,199.0,1000.0232543945312,-4.244098482344853,-2.9525438637098285,-1.9640580669992744,0.6894305362069364,-1.3017668842430767,4.827173894964982,-0.5186079032143933,1.4811671831831896,-0.9340165867418032,-1.075383548942717
10.0,199.0,1000.0232543945312,-4.244099643375894,-2.95254021318589,-1.9640575011323784,0.6894285234034179,-1.3017718169338623,4.8271783359718405,-0.5186078451192664,1.4811679946240457,-0.9340140930684244,-1.0753840556353955
10.0,199.0,1000.0234375,-4.244098472810528,-2.952544446756709,-1.964057875342177,0.689431034908746,-1.3017656151258294,4.827173277756614,-0.5186079937225001,1.481167390969418,-0.9340172703470682,-1.0753830371762692
10.0,199.0,1000.0232543945312,-4.244099548890628,-2.952540200508769,-1.9640577737832632,0.6894282186250162,-1.3017722765135602,4.827178334074647,-0.5186078509659096,1.4811676261326765,-0.9340138061083848,-1.0753844036303857
10.0,199.0,1000.0232543945312,-4.244098627815416,-2.9525439789698664,-1.964057795703401,0.689430842162345,-1.3017663728368611,4.827173849158443,-0.5186079010092897,1.481167475265904,-0.9340169242628916,-1.0753831865617274
10.0,199.0,1000.0233764648438,-4.244098943141173,-2.952542622336485,-1.964057892902944,0.6894298010519249,-1.3017686691720654,4.827175486957037,-0.5186078414313773,1.481167420238379,-0.9340156702558016,-1.075383750363387
10.0,199.0,1000.0232543945312,-4.2440990504388525,-2.9525419991799464,-1.964057766621908,0.6894296041963912,-1.3017692370899407,4.827176171749963,-0.5186078758278274,1.4811676574775836,-0.9340153345491692,-1.0753837415910945
10.0,199.0,1000.0232543945312,-4.244098947439275,-2.952542593989049,-1.9640577434703204,0.6894298952647917,-1.3017683975183152,4.827175499407355,-0.5186079532119736,1.481167661818592,-0.9340158203115988,-1.0753835153936784
10.0,199.0,1000.0232543945312,-4.244099371283725,-2.952540895176963,-1.9640577994335768,0.6894286646149208,-1.3017712244096993,4.827177532022118,-0.5186078455468675,1.4811675651172198,-0.9340143113291156,-1.0753842065784691
10.0,199.0,1000.023193359375,-4.244100676379449,-2.952536570474936,-1.964057379902368,0.6894260670372798,-1.301777443509156,4.827182878231941,-0.5186076752777904,1.481168183549336,-0.934011083328917,-1.0753850830501936
10.0,199.0,1000.0232543945312,-4.244098797320879,-2.952543214101015,-1.9640578742478167,0.6894301909369371,-1.301767717888822,4.827174749342229,-0.5186079031184656,1.4811673663026923,-0.9340161813170198,-1.075383532635635
10.0,199.0,1000.023193359375,-4.244099198743645,-2.9525412990180104,-1.9640578503279933,0.6894290098213869,-1.301770685571061,4.8271770790282655,-0.5186078171445638,1.4811675266310775,-0.93401463464624,-1.0753841214706328
10.0,199.0,1000.023193359375,-4.244099570746732,-2.952540082948875,-1.9640577877337,0.6894282919395849,-1.30177252864309,4.827178539243084,-0.5186076719750377,1.481167616281053,-0.9340136282461504,-1.075384497418998
10.0,199.0,1000.0232543945312,-4.244099541929776,-2.9525407289905186,-1.964057640061592,0.6894287144554747,-1.301771322156844,4.827177802163604,-0.5186077982642434,1.48116775319113,-0.9340143145782056,-1.0753840674427555
10.0,199.0,1000.0233154296876,-4.244099260927544,-2.952541735332341,-1.9640577329006528,0.6894293634851696,-1.3017698384534744,4.827176541343917,-0.5186078271896051,1.481167640882984,-0.934015051291082,-1.0753838677533114
10.0,199.0,1000.0232543945312,-4.244099345568491,-2.9525409840303163,-1.964057643521496,0.6894289525461437,-1.3017707431261445,4.827177420525475,-0.5186078068528746,1.481167754654951,-0.934014571136978,-1.0753840210245509
10.0,199.0,1000.0232543945312,-4.244098572356871,-2.952544031351238,-1.9640579044058373,0.6894307871622152,-1.301766426278426,4.82717376190555,-0.5186079079923802,1.4811673689299134,-0.9340168657852176,-1.0753832848863327
10.0,200.0,1000.0232543945312,-4.244099350726826,-2.952540896165488,-1.964057632047544,0.6894288787788643,-1.3017708768733254,4.827177588934209,-0.5186078559318794,1.481167801493697,-0.934014566699636,-1.075383919000263
10.0,200.0,1000.0234375,-4.24410035361883,-2.9525371642840628,-1.9640575465393315,0.689426421752791,-1.3017765646307042,4.82718204977118,-0.5186076903986683,1.4811679777129465,-0.9340115042437028,-1.075385081790281
10.0,200.0,1000.023193359375,-4.244098812356728,-2.952543294007362,-1.964057770133778,0.689430476262098,-1.3017673803799965,4.827174637304751,-0.5186078874688391,1.4811675954871877,-0.9340164010869216,-1.075383345446557
10.0,200.0,1000.0232543945312,-4.244099764348479,-2.952539954804728,-1.964057382080005,0.6894284275401912,-1.3017719746608911,4.827178693196862,-0.5186078623125336,1.481168133744882,-0.934013999241076,-1.0753839419751143
10.0,200.0,1000.0232543945312,-4.244099095417997,-2.952541932186798,-1.96405777915645,0.6894294690182328,-1.301769389587073,4.827176288152227,-0.5186079167173157,1.4811676155230789,-0.9340153043124336,-1.0753836716458445
10.0,200.0,1000.0233154296876,-4.244098784016184,-2.9525429243041703,-1.9640578396613333,0.6894300685423618,-1.3017679645651503,4.827175060231111,-0.5186079248515938,1.481167481326617,-0.9340160705556873,-1.0753835065568444
10.0,200.0,1000.0232543945312,-4.244098944801539,-2.952542494045064,-1.96405769802516,0.6894299013204783,-1.3017683698974962,4.827175618520382,-0.5186079302781943,1.481167703039212,-0.934015837812411,-1.075383467735672
10.0,200.0,1000.0232543945312,-4.244099503975927,-2.952540971089462,-1.9640576789298527,0.6894289044484578,-1.3017709255612546,4.827177491631629,-0.5186077985205921,1.4811676811815475,-0.9340145161315796,-1.075383955926445
10.0,200.0,1000.023193359375,-4.244101171785101,-2.952534306463998,-1.964057325690936,0.68942466446682,-1.3017810232154652,4.8271855339852205,-0.5186076034238472,1.481168335276342,-0.9340092428513528,-1.0753858342437943
10.0,200.0,1000.0233764648438,-4.244099410793477,-2.952540635088925,-1.9640576845116755,0.6894286467294073,-1.3017713690835544,4.827177825485043,-0.518607890942425,1.481167794016086,-0.9340142683454182,-1.0753840907350294
10.0,200.0,1000.0233154296876,-4.244099997788835,-2.952538628028892,-1.9640576656874709,0.6894272520307343,-1.3017745790727635,4.827180358801858,-0.5186077321563491,1.4811677249653412,-0.9340125214796248,-1.075384779824779
10.0,200.0,1000.0232543945312,-4.2440993898684365,-2.952540549630932,-1.9640576515641883,0.6894286622440138,-1.3017714373943354,4.82717796657805,-0.5186078302901489,1.4811677949839943,-0.9340142847329398,-1.0753840650778952
10.0,200.0,1000.0232543945312,-4.244098005373669,-2.9525454552187265,-1.9640582725998144,0.689431445833141,-1.3017646936847376,4.827171962619506,-0.5186079968408439,1.4811668774127975,-0.9340177298302708,-1.075383235351996
10.0,200.0,1000.0234375,-4.2440983510742525,-2.952544642734804,-1.9640579000535148,0.6894311613074393,-1.301765346604005,4.827173026168067,-0.5186080053353717,1.481167369538379,-0.934017424942068,-1.075382999315086
10.0,200.0,1000.0233764648438,-4.244098920534031,-2.9525430239453594,-1.964057757358568,0.6894302717192025,-1.301767772635091,4.827175006834692,-0.5186078951503212,1.4811676086420134,-0.9340161834447828,-1.0753833452601755
10.0,200.0,1000.0233154296876,-4.244097836973248,-2.952546635085844,-1.9640582295966105,0.6894322243761515,-1.3017628428420205,4.8271706187560905,-0.5186079870731932,1.481166884186634,-0.9340187242062346,-1.075382798726218
10.0,200.0,1000.0233154296876,-4.244098941812117,-2.9525422941864377,-1.964057889197652,0.6894295754686599,-1.301769060064367,4.827175853950502,-0.518607895520768,1.4811674312389158,-0.9340154153438008,-1.0753838175245347
10.0,200.0,1000.023193359375,-4.244099771753059,-2.952539979093617,-1.9640574527708623,0.6894283389851381,-1.301772208329746,4.827178656963151,-0.5186078435205008,1.4811680308554331,-0.9340139055629332,-1.0753840830020578
10.0,200.0,1000.0232543945312,-4.244099339086838,-2.952540786112378,-1.9640577225265767,0.6894287714811496,-1.30177111106475,4.827177590288375,-0.5186078206765945,1.4811676869052943,-0.9340143693629042,-1.0753840808079964
10.0,200.0,1000.0232543945312,-4.244098473825943,-2.952543966764654,-1.96405779526852,0.6894308654397419,-1.301766215272775,4.8271737708054445,-0.518607990633793,1.4811675278167955,-0.9340169704957048,-1.0753831559797824
10.0,200.0,1000.0234375,-4.244099837580915,-2.952539097087299,-1.964057497379434,0.6894278228107567,-1.30177352336026,4.827179718214417,-0.518607794692663,1.481168049702256,-0.934013227359821,-1.075384336394979
10.0,200.0,1000.0232543945312,-4.244100665192814,-2.9525363370501925,-1.9640573061316424,0.6894259733269124,-1.3017776736505091,4.82718313232842,-0.51860770582197,1.4811683114369671,-0.9340110135018797,-1.0753850592190428
10.0,200.0,1000.0233764648438,-4.244098392577072,-2.952544109824023,-1.9640579536458,0.6894308214380445,-1.3017662357471718,4.827173595647505,-0.5186079997455764,1.4811673341207072,-0.9340169152932488,-1.0753832873954488
10.0,200.0,1000.023193359375,-4.244099653317777,-2.952539630591805,-1.9640575675109453,0.6894280744499701,-1.3017726466501829,4.827179075444271,-0.5186078301461619,1.4811679115443006,-0.934013593685135,-1.0753842547517405
10.0,200.0,1000.0233154296876,-4.244099845088858,-2.9525394206570423,-1.964057532670242,0.6894279911473831,-1.3017731589138637,4.827179370060454,-0.5186077714273214,1.4811679860543112,-0.9340133445443124,-1.0753843356991464
10.0,200.0,1000.0233764648438,-4.244099732726448,-2.952539550603721,-1.964057664094902,0.6894279077353191,-1.3017733121000583,4.827179211033968,-0.5186077862610157,1.4811677729026993,-0.934013305576519,-1.0753845607754764
10.0,200.0,1000.0233764648438,-4.244100392549986,-2.9525370323253446,-1.9640572922075263,0.6894265947820823,-1.3017763519543242,4.827182216594306,-0.5186077424682614,1.4811683608601154,-0.934011693320846,-1.0753847713647522
10.0,200.0,1000.0233154296876,-4.244099496185715,-2.952540422290569,-1.964057931642465,0.6894282601839761,-1.3017723003792154,4.827178154500318,-0.5186077194795056,1.4811673457644805,-0.93401376993745,-1.075384579422935
10.0,200.0,1000.0233154296876,-4.2440986195490815,-2.9525435009253345,-1.964057824362228,0.6894305026512191,-1.301767178833671,4.827174370321137,-0.5186079158630026,1.4811674777351431,-0.9340165246476956,-1.0753833654715867
10.0,200.0,1000.0233154296876,-4.24409976585849,-2.952539634696291,-1.9640574918668867,0.6894281041750618,-1.3017726618143008,4.827179089827464,-0.5186078003892165,1.48116796474733,-0.9340136451717598,-1.0753841777729791
10.0,200.0,1000.0233764648438,-4.244101179175143,-2.9525348975268124,-1.9640571642179865,0.6894251489321661,-1.3017798338580806,4.827184929138182,-0.5186076102914265,1.4811684642076273,-0.9340098613289004,-1.0753854496897777
10.0,200.0,1000.0233154296876,-4.244099307357857,-2.95254086616158,-1.9640578339358523,0.6894286650597214,-1.301771158437126,4.827177581569861,-0.5186078851381994,1.481167583633745,-0.9340143109865472,-1.0753841445934
10.0,200.0,1000.0233154296876,-4.24409820983702,-2.9525454923148056,-1.9640578500434167,0.6894318308395428,-1.3017638314978477,4.827171899157499,-0.5186080398869439,1.4811674737000835,-0.9340182403810866,-1.075382568464449
10.0,200.0,1000.0233764648438,-4.244100355569263,-2.95253718439708,-1.964057487851627,0.6894265379230848,-1.301776581397303,4.827182095685295,-0.5186076630986474,1.4811680790165935,-0.9340115900291526,-1.0753849622490907
10.0,200.0,1000.0232543945312,-4.244098712024521,-2.952543356489961,-1.964057884020442,0.6894303427556885,-1.301767406584604,4.827174549379901,-0.5186079084349373,1.4811673983173046,-0.93401633758951,-1.0753834659269783
10.0,200.0,1000.0232543945312,-4.244099362095602,-2.9525407947072684,-1.964057619743203,0.6894288174871468,-1.3017709403530136,4.827177710158455,-0.518607831273517,1.4811677859796577,-0.9340144883115816,-1.0753839518742607
10.0,200.0,1000.0233154296876,-4.244099385212131,-2.9525408568885028,-1.9640576298249333,0.6894288145653622,-1.3017709443535908,4.827177630538589,-0.5186078388944564,1.481167737675392,-0.9340145025075844,-1.0753839854165474
10.0,200.0,1000.023193359375,-4.244097413878901,-2.9525478630533546,-1.9640581953308835,0.6894331423910947,-1.3017607657215096,4.827169068357026,-0.51860807597894,1.4811668982010395,-0.9340198637979372,-1.075382351418928
10.0,200.0,1000.0233764648438,-4.244098641908166,-2.9525434297967017,-1.9640579230380515,0.6894303148967698,-1.3017672530221387,4.827174476248754,-0.5186079607424174,1.48116736988693,-0.9340163679258772,-1.0753834247990874
10.0,200.0,1000.023193359375,-4.244099464921677,-2.952540569182481,-1.9640578146624603,0.6894285221355609,-1.301771678673072,4.827178011132197,-0.518607756245677,1.481167539386444,-0.93401397906612,-1.0753843190815102
10.0,200.0,1000.023193359375,-4.244100141765024,-2.9525377949355014,-1.9640575590419245,0.6894269057893272,-1.3017756134009986,4.827181234429444,-0.5186077411859715,1.4811680203584032,-0.934012020514424,-1.075384897234711
10.0,200.0,1000.023193359375,-4.244098993334719,-2.952542063148576,-1.964057935080299,0.6894294598912456,-1.3017694665816195,4.827176159179237,-0.5186078391516666,1.4811673928175475,-0.9340151728881664,-1.075383912446244
10.0,200.0,1000.0232543945312,-4.244098348363004,-2.952544749267465,-1.9640577663636805,0.6894312887561878,-1.3017650152258833,4.827172874356325,-0.5186080536030611,1.4811675245040623,-0.9340176742892689,-1.075382864795476
10.0,200.0,1000.0232543945312,-4.244098396143939,-2.952544267541933,-1.9640578045988504,0.6894310292348562,-1.3017656254011638,4.827173404241851,-0.5186080232448438,1.481167520815725,-0.9340172796798258,-1.0753829728491802
10.0,200.0,1000.0233764648438,-4.244099680559972,-2.9525399134149835,-1.964057535280081,0.6894282403392671,-1.3017724234393624,4.827178763821543,-0.5186078593276626,1.4811678887351496,-0.934013806398342,-1.075384161508918
10.0,200.0,1000.0233154296876,-4.244099117816317,-2.952541851488692,-1.9640577679805984,0.6894294187150738,-1.3017696411118358,4.827176342856332,-0.5186078868398276,1.481167607062802,-0.9340151895036906,-1.0753838476575033
10.0,200.0,1000.023193359375,-4.244099508363515,-2.952540453360276,-1.964057586438391,0.6894286251689241,-1.3017714154572624,4.827178052395013,-0.5186078831672907,1.4811679021317268,-0.934014296182876,-1.075383944276827
10.0,200.0,1000.0232543945312,-4.244099178309234,-2.952541271210181,-1.96405795064428,0.6894288819126793,-1.3017709054979223,4.827177119384835,-0.5186077710400578,1.481167339232221,-0.9340144720680624,-1.075384293955914
10.0,200.0,1000.023193359375,-4.244100127247448,-2.9525381117760503,-1.9640575515318035,0.6894271000915086,-1.3017752358784658,4.827180925281256,-0.5186077070118387,1.481167982460078,-0.9340122572317392,-1.0753847864168304
10.0,200.0,1000.0232543945312,-4.244098414321256,-2.9525445263723107,-1.9640579500190103,0.6894310687186431,-1.3017656213943485,4.827173148591836,-0.5186079340178837,1.4811673160909713,-0.9340172319375756,-1.0753831602891206
10.0,201.0,1000.0232543945312,-4.244099435875969,-2.952540806946508,-1.9640578022798905,0.6894287399702108,-1.301771233484823,4.827177638467866,-0.5186077789362651,1.4811675872955865,-0.9340142327727232,-1.075384218939353
10.0,201.0,1000.023193359375,-4.244099979708994,-2.9525388644039534,-1.9640573683039275,0.689427727890557,-1.3017736567863238,4.8271800205189095,-0.5186078633633429,1.4811682155038053,-0.9340131375041762,-1.0753842383180774
10.0,201.0,1000.0232543945312,-4.2440986675923735,-2.9525427645955413,-1.964057995596438,0.6894298594902981,-1.301768530408836,4.827175197399786,-0.5186079055737132,1.4811672710249706,-0.9340157784329692,-1.0753838449429445
10.0,201.0,1000.0233154296876,-4.244100785196753,-2.952535383804735,-1.9640573231010912,0.6894254411318501,-1.3017790458680771,4.827184175453985,-0.5186076678512643,1.4811683655423238,-0.9340102756322466,-1.0753853924352992
10.0,201.0,1000.0233154296876,-4.244099743105007,-2.952539422188758,-1.9640576382580708,0.689427905819664,-1.3017732618365074,4.827179391710759,-0.518607732752904,1.4811677918770725,-0.9340132364773756,-1.0753844823688663
10.0,201.0,1000.0232543945312,-4.244100236500785,-2.9525376797798817,-1.9640576871993911,0.6894266988059581,-1.3017761211587375,4.827181528735009,-0.5186076569367026,1.481167829259383,-0.9340116969481196,-1.0753850366896245
10.0,201.0,1000.0232543945312,-4.244099404193672,-2.952540877439359,-1.9640577760530071,0.689428728429248,-1.3017712571326665,4.827177518132771,-0.5186077941273561,1.4811675569659686,-0.9340143690281036,-1.0753842161521423
10.0,201.0,1000.023193359375,-4.244099256577597,-2.9525414183440377,-1.9640575394959376,0.6894293274081935,-1.3017698575690355,4.827176896736381,-0.5186079065299793,1.481167942578793,-0.9340151249781812,-1.075383586612055
10.0,201.0,1000.023193359375,-4.24409929238908,-2.952541639427048,-1.964057724590755,0.6894293238402422,-1.3017698817542982,4.827176693979371,-0.5186078407186487,1.4811676744537925,-0.9340150146476588,-1.0753837960745227
10.0,201.0,1000.0232543945312,-4.2441003303179965,-2.952537784783972,-1.9640574090584213,0.6894269676178633,-1.301775398821495,4.827181330520711,-0.5186076997725193,1.4811681078086627,-0.934012152277936,-1.0753846935319706
10.0,201.0,1000.0232543945312,-4.244100253158697,-2.952537332362723,-1.9640574710791088,0.6894265160653976,-1.3017763629128765,4.827181928097026,-0.5186077541414704,1.4811680269305718,-0.9340116924343596,-1.0753849862557647
10.0,201.0,1000.0232543945312,-4.244099260099892,-2.9525415612072607,-1.964057851103853,0.6894291511868209,-1.3017702666285351,4.827176782487351,-0.5186077691269171,1.481167493114958,-0.934014780528816,-1.0753840324609605
10.0,201.0,1000.0232543945312,-4.244098866345864,-2.9525426070773024,-1.9640577792032403,0.6894299174511769,-1.3017682894796725,4.827175453491023,-0.5186079069419378,1.4811675840407146,-0.9340158354473588,-1.0753835544629151
10.0,201.0,1000.0233154296876,-4.244099983292511,-2.952538652732318,-1.96405769840828,0.6894273162767908,-1.3017745996018482,4.8271802493905085,-0.5186076975063338,1.4811677503342366,-0.9340125557053244,-1.0753847980731983
10.0,201.0,1000.0232543945312,-4.244100129320604,-2.952537587401864,-1.964057547564904,0.689426766982332,-1.3017759727308147,4.827181500415035,-0.5186077309753729,1.4811680273549657,-0.9340118624917366,-1.07538502475745
10.0,201.0,1000.023193359375,-4.244099645151858,-2.952539997004828,-1.9640576271554464,0.6894282662330848,-1.301772448955119,4.827178691034723,-0.5186077769699597,1.481167798966574,-0.9340137257214528,-1.0753842990745892
10.0,201.0,1000.0233154296876,-4.244100528841848,-2.9525371007346584,-1.9640573215469632,0.6894265999259606,-1.3017764270917032,4.827182188070198,-0.518607665422361,1.4811682917404765,-0.9340116446973036,-1.0753848185422612
10.0,201.0,1000.023193359375,-4.244098862458538,-2.952542796198484,-1.9640578047854849,0.6894299455294819,-1.3017679830968074,4.827175261963237,-0.5186079532575159,1.4811675518489509,-0.9340159621393268,-1.0753834565068503
10.0,201.0,1000.0233154296876,-4.244100632917915,-2.952536275656937,-1.964057260588628,0.6894260470689328,-1.3017776021526777,4.827183151195671,-0.5186078021550893,1.481168422737161,-0.9340110591455648,-1.0753849311238763
10.0,201.0,1000.0232543945312,-4.2440982558191385,-2.952544812010289,-1.9640580854411784,0.6894312306522776,-1.3017654666862573,4.827172778590864,-0.5186078945633668,1.4811671458351237,-0.9340173333897503,-1.0753832376794707
10.0,201.0,1000.023193359375,-4.244099621546264,-2.952539587437183,-1.9640575449880533,0.6894281530843056,-1.301772620471055,4.827179044588599,-0.5186078482055825,1.481167999138128,-0.9340135791152352,-1.075384241961924
10.0,201.0,1000.0232543945312,-4.244098108651809,-2.952545564404173,-1.964058141569316,0.6894316444802193,-1.301764260387733,4.827171845340288,-0.518607973295742,1.481167080135216,-0.9340179312205112,-1.075383012367169
10.0,201.0,1000.0234375,-4.244099556265304,-2.952540290005171,-1.9640576358218944,0.689428443804041,-1.3017719732613369,4.827178331573924,-0.5186078288195253,1.4811677882241303,-0.9340139746728616,-1.0753842159205274
10.0,201.0,1000.0233764648438,-4.244098702785156,-2.952543258918673,-1.9640576637369385,0.6894304920010308,-1.301766891810057,4.827174642852498,-0.51860798061539,1.4811677462007715,-0.9340165551702267,-1.0753831419445907
10.0,201.0,1000.023193359375,-4.244100106040493,-2.952538506857398,-1.9640573639791348,0.6894274731884273,-1.301774320943097,4.827180447620496,-0.5186077682211812,1.481168142186167,-0.9340128308836012,-1.075384443042089
10.0,201.0,1000.0233154296876,-4.244098640087592,-2.9525434685589715,-1.9640578522154704,0.6894304121840733,-1.3017671359321517,4.827174423690236,-0.5186079414143903,1.4811674483086268,-0.9340164942935516,-1.075383362962694
10.0,201.0,1000.023193359375,-4.244099581820787,-2.952540340557041,-1.9640575934272608,0.6894284893464313,-1.3017716456202648,4.827178224973361,-0.5186078550233724,1.4811678647113131,-0.9340140914640074,-1.075384068633122
10.0,201.0,1000.0232543945312,-4.244099668924411,-2.9525399601192737,-1.9640575756465468,0.6894283287231229,-1.301772278074348,4.827178666432804,-0.5186077967763447,1.4811678595880071,-0.9340138042965496,-1.0753842222295864
10.0,201.0,1000.0233154296876,-4.244098402795336,-2.952544054120801,-1.964057974679112,0.6894308064979668,-1.3017662660837024,4.827173661384162,-0.5186079578970428,1.4811673045411178,-0.934016899777986,-1.0753833083540003
10.0,201.0,1000.0232543945312,-4.244098657622117,-2.952543352235894,-1.964058010720989,0.689430190465484,-1.301767685484061,4.827174583636214,-0.5186078986662999,1.481167197475929,-0.9340161993804176,-1.0753836210918055
10.0,201.0,1000.023193359375,-4.2440997307832,-2.9525397111493743,-1.9640575755093608,0.6894280816631939,-1.3017727378739292,4.827179043534812,-0.5186078257532643,1.4811678789193303,-0.9340135674990292,-1.0753843019063885
10.0,201.0,1000.023193359375,-4.244099144560115,-2.952541636189236,-1.964057714924892,0.6894294087794597,-1.301769857733928,4.827176632029641,-0.5186078688396698,1.4811677159328518,-0.9340150674000612,-1.0753838098121102
10.0,201.0,1000.0233764648438,-4.244100228230642,-2.952537572527202,-1.9640575627592205,0.6894267328774282,-1.3017761076419123,4.827181611438956,-0.518607683606013,1.4811679775028352,-0.9340117315956764,-1.0753850168067949
10.0,201.0,1000.0233154296876,-4.244100276855715,-2.952537420012426,-1.964057526611836,0.6894266119546053,-1.3017763303594272,4.827181772287831,-0.5186076780949262,1.481167951269608,-0.9340116529581096,-1.0753850533105953
10.0,201.0,1000.0233154296876,-4.24409877792554,-2.95254342540476,-1.964057808767086,0.689430436725317,-1.3017670704749893,4.827174467261653,-0.5186079018409533,1.481167475098407,-0.9340165058538892,-1.0753833338615348
10.0,201.0,1000.0233764648438,-4.244100266691109,-2.9525375303181893,-1.9640574216322488,0.689426862984651,-1.3017758612364467,4.827181592477402,-0.5186076973850708,1.4811681782537365,-0.9340119232508046,-1.0753848430928774
10.0,201.0,1000.0232543945312,-4.244102131113961,-2.952530997398332,-1.9640570508628552,0.6894227028349809,-1.3017856770437373,4.827189583173082,-0.5186074720829907,1.481168801256958,-0.9340067659579034,-1.0753865175323796
10.0,201.0,1000.0232543945312,-4.244097976067469,-2.9525452891052826,-1.9640581531429149,0.6894314690680767,-1.301764718885268,4.827172126748016,-0.5186079678798521,1.4811670273693096,-0.9340177368749076,-1.075383174798243
10.0,201.0,1000.0232543945312,-4.24409998364363,-2.952538962177183,-1.9640574485940232,0.6894277243403586,-1.30177353179644,4.827179952970376,-0.5186077710455255,1.4811680523394657,-0.934013077583722,-1.0753843208885137
10.0,201.0,1000.023193359375,-4.244100328477623,-2.952538464929637,-1.9640571785056824,0.6894275857108658,-1.3017741173527209,4.827180531624743,-0.5186077882678051,1.4811684279236133,-0.9340129447646426,-1.075384153831454
10.0,201.0,1000.0233764648438,-4.244100318294164,-2.9525371524748323,-1.9640575374425189,0.6894263972075843,-1.30177675389602,4.827182099738176,-0.5186077194188936,1.4811679905313042,-0.9340114376226653,-1.0753851513820094
10.0,201.0,1000.0232543945312,-4.244099818392175,-2.952539032864591,-1.9640575383900964,0.6894276534240662,-1.3017737936025275,4.827179802738698,-0.5186077907619673,1.4811679095928394,-0.934013045576962,-1.075384579048979
10.0,201.0,1000.023193359375,-4.2440997656732815,-2.9525392530999746,-1.9640576098513387,0.6894277983208337,-1.301773408456575,4.827179563436907,-0.5186078039467734,1.481167879789405,-0.9340131847927112,-1.0753844540582094
10.0,201.0,1000.0233154296876,-4.244098782535725,-2.952543569466037,-1.9640577334567628,0.6894305885759859,-1.301766827853417,4.827174301119047,-0.5186079550677478,1.4811675817061376,-0.9340166929341054,-1.075383127431651
10.0,201.0,1000.0233154296876,-4.244098711177509,-2.95254337399685,-1.9640579649921093,0.6894302801545429,-1.3017674986518553,4.827174555772684,-0.5186078773235483,1.4811673077200949,-0.9340162671071016,-1.0753835350814365
10.0,201.0,1000.023193359375,-4.244098775409246,-2.9525432555266486,-1.964057931364878,0.6894302267926342,-1.3017677941149035,4.827174712987198,-0.5186078437493986,1.4811672975465928,-0.9340161444975096,-1.075383653572369
10.0,201.0,1000.0233154296876,-4.2441000366163895,-2.9525386366843667,-1.964057594503819,0.6894274886489393,-1.3017743634703676,4.827180279117922,-0.5186077021450979,1.481167943323651,-0.9340126506771168,-1.0753846339573483
10.0,201.0,1000.023193359375,-4.244099225177792,-2.952541628338408,-1.964057793753526,0.689429226751777,-1.3017700778508523,4.82717673873896,-0.5186078165618868,1.4811675480700428,-0.9340149155685252,-1.0753839500790718
10.0,201.0,1000.023193359375,-4.2441006511032455,-2.952536555431469,-1.9640574058491,0.6894261240066673,-1.3017774079296167,4.827182862161687,-0.5186076931170671,1.4811681584994163,-0.934011111894983,-1.0753850480353715
10.0,201.0,1000.0232543945312,-4.244100785345301,-2.952536117306785,-1.964057280039804,0.6894259826891762,-1.3017780346911332,4.827183357950577,-0.5186076063703986,1.4811683641665283,-0.9340107946886976,-1.0753851783494977
10.0,202.0,1000.023193359375,-4.244101158326156,-2.9525352145379293,-1.96405713247824,0.689425444105904,-1.301779130152625,4.827184454770478,-0.5186076271191009,1.4811685786547295,-0.9340102378869783,-1.0753851829189625
10.0,202.0,1000.0231323242188,-4.244099583004044,-2.952540066715684,-1.9640576495014104,0.6894282734036663,-1.3017721511298626,4.827178567536732,-0.518607817306874,1.4811677803634469,-0.9340138446947686,-1.0753841858083106
10.0,202.0,1000.0233154296876,-4.244100431831543,-2.952537120031304,-1.964057482500084,0.6894264715070939,-1.3017766472240777,4.827182117182394,-0.5186076777023922,1.4811680682346111,-0.9340114623076508,-1.0753850203920696
10.0,202.0,1000.0233154296876,-4.244099714368053,-2.952539914735094,-1.9640575205583743,0.6894282625352375,-1.3017723622480353,4.827178717322537,-0.5186078435528882,1.4811679296618108,-0.934013803587173,-1.0753842086965966
10.0,202.0,1000.0233764648438,-4.244098751265776,-2.9525434474184484,-1.964057769380937,0.6894304369916595,-1.3017669381063564,4.827174488597841,-0.5186079628997442,1.481167552306002,-0.9340165352053084,-1.075383247952649
10.0,202.0,1000.0234375,-4.24409966266553,-2.952539873452221,-1.9640576890780244,0.6894281896468888,-1.3017726241570695,4.827178804837288,-0.5186077338889064,1.4811677327000954,-0.9340135567522996,-1.0753844356077251
10.0,202.0,1000.023193359375,-4.244100688434822,-2.9525361134593737,-1.9640573783128448,0.6894258367409725,-1.3017782751738594,4.82718340793104,-0.5186076192450981,1.481168167876378,-0.9340106984714877,-1.075385278962622
10.0,202.0,1000.023193359375,-4.244099995382128,-2.9525389466358005,-1.964057466853931,0.689427696852003,-1.3017737272950525,4.827179977330363,-0.5186077317014206,1.4811680355530497,-0.934012963330833,-1.075384432146031
10.0,202.0,1000.023193359375,-4.244098666135463,-2.952543289387561,-1.9640578370160755,0.6894303793996102,-1.301767204559842,4.827174612175222,-0.5186079745732295,1.481167564907638,-0.934016413289104,-1.075383265599343
10.0,202.0,1000.0232543945312,-4.244098044597326,-2.952545829545205,-1.964057846867832,0.6894320201766657,-1.301763313319234,4.82717154465171,-0.5186080436582543,1.4811673747363177,-0.9340185453270404,-1.0753825596621085
10.0,202.0,1000.0233154296876,-4.244099907698391,-2.952538834888381,-1.9640575386840604,0.6894275798811904,-1.3017739093326428,4.82718007952653,-0.518607800759189,1.481168019874528,-0.9340129246106468,-1.07538443979224
10.0,202.0,1000.023193359375,-4.244100076352479,-2.9525385479531643,-1.964057410973687,0.6894274911960663,-1.301774325012233,4.827180427940549,-0.5186077571976995,1.481168110504763,-0.9340127810540616,-1.075384473399378
10.0,202.0,1000.0233154296876,-4.244099778637506,-2.9525394959578657,-1.9640575152029207,0.6894279527847722,-1.301772883178124,4.827179252701429,-0.5186078738832824,1.4811679580189496,-0.9340135406367294,-1.075384230694807
10.0,202.0,1000.0233764648438,-4.244098907656639,-2.952542878376228,-1.9640578261854809,0.6894300928593768,-1.3017680581021065,4.827175137062346,-0.5186078855089846,1.481167527943242,-0.9340159643768428,-1.0753835160078804
10.0,202.0,1000.0233154296876,-4.244099717624952,-2.9525394456111007,-1.9640576445076032,0.6894279046414011,-1.3017733306834156,4.827179376899602,-0.5186077576193266,1.4811677800254923,-0.9340132406069036,-1.0753845232231942
10.0,202.0,1000.0232543945312,-4.244100202611739,-2.952538412972378,-1.9640572239626763,0.6894275577767148,-1.3017741390725055,4.827180552803439,-0.518607785416493,1.4811684076335236,-0.9340128829115476,-1.0753842660619166
10.0,202.0,1000.0233154296876,-4.244100934109502,-2.952535565396062,-1.9640572812621973,0.689425554759719,-1.3017788449450576,4.827184043273615,-0.518607659457083,1.4811683552831143,-0.9340103909040957,-1.075385270717892
10.0,202.0,1000.0232543945312,-4.244099981056223,-2.952539333131208,-1.964057479476598,0.6894279475436278,-1.3017732212481596,4.827179529196222,-0.5186077721428335,1.4811680302525383,-0.934013321287762,-1.0753842519519163
10.0,202.0,1000.0232543945312,-4.244099990232945,-2.9525392020385706,-1.9640573946325368,0.6894279346308041,-1.3017733422693167,4.827179606408684,-0.5186077890827985,1.481168134984479,-0.9340133443200812,-1.075384245099217
10.0,202.0,1000.0233154296876,-4.244099786452283,-2.9525395927923856,-1.9640574719546533,0.6894280733730929,-1.301772747568685,4.8271791837840325,-0.5186078544349195,1.481168008056212,-0.934013615930204,-1.075384160684289
10.0,202.0,1000.0234375,-4.244099892497952,-2.9525391776472123,-1.9640576947281247,0.6894276858603359,-1.3017739491603897,4.827179678446678,-0.5186076946588933,1.4811677116480038,-0.9340129133392204,-1.0753847166299808
10.0,202.0,1000.0232543945312,-4.244101397223012,-2.952534403699438,-1.964057068697497,0.6894249094758269,-1.3017803254734828,4.827185483663781,-0.5186076179301633,1.4811686894396043,-0.9340095622841468,-1.075385382700485
10.0,202.0,1000.023193359375,-4.244098714791038,-2.952542856869264,-1.9640577728990047,0.6894300367755566,-1.3017678548946026,4.827175149094124,-0.518607989078018,1.4811675096509165,-0.934016104120234,-1.0753834725854827
10.0,202.0,1000.0232543945312,-4.244099177191459,-2.952541906187361,-1.9640577144707336,0.6894294614654655,-1.3017693658452374,4.827176302094447,-0.5186079287952587,1.481167685541351,-0.9340153285569412,-1.075383642265328
10.0,202.0,1000.023193359375,-4.244100273400726,-2.9525380611449776,-1.9640573443854488,0.6894272061418585,-1.3017749959262677,4.827180991186687,-0.518607744415629,1.481168191865736,-0.9340124352263466,-1.0753845873522447
10.0,202.0,1000.0232543945312,-4.2441002262132494,-2.9525377970708897,-1.9640575325102487,0.6894267592232755,-1.301775723072108,4.827181297204728,-0.5186078370089815,1.4811680492907051,-0.9340120434807028,-1.0753848233143335
10.0,202.0,1000.0233764648438,-4.244099884113576,-2.952539459578428,-1.964057376205334,0.689428105313656,-1.301772714281365,4.827179268229703,-0.5186078463263861,1.4811681499870568,-0.9340136110485736,-1.0753840961802146
10.0,202.0,1000.0232543945312,-4.244099190969896,-2.952541690013392,-1.9640576839994988,0.6894293732962584,-1.3017696077208023,4.827176616032148,-0.5186078676148691,1.4811677451415726,-0.9340150968321934,-1.0753837810558426
10.0,202.0,1000.0232543945312,-4.244100836806441,-2.952535789263324,-1.9640574623776508,0.6894255436096755,-1.30177892169492,4.827183813737969,-0.518607616351435,1.4811680608621414,-0.934010368208515,-1.0753854537932606
10.0,202.0,1000.0232543945312,-4.244100836118437,-2.952535678417036,-1.9640572263312608,0.6894257239596655,-1.3017786304673735,4.827183883157952,-0.5186076652746454,1.4811684694972405,-0.9340105263732834,-1.0753852621570834
10.0,202.0,1000.023193359375,-4.24410017216911,-2.9525381272517985,-1.964057436858389,0.6894271424733986,-1.301774907742268,4.827180952884495,-0.5186077505156526,1.481168102508966,-0.9340123827007956,-1.075384631397342
10.0,202.0,1000.023193359375,-4.244101402345766,-2.9525339969931066,-1.964057118335289,0.6894245903834761,-1.3017810906748553,4.8271859885615935,-0.5186076035668323,1.4811686205864056,-0.9340092167472572,-1.0753855771420149
10.0,202.0,1000.0234375,-4.244100525563893,-2.9525367516386023,-1.964057331974896,0.6894263239292826,-1.3017768783616308,4.827182572844055,-0.5186077328671024,1.4811682520573646,-0.9340114015671812,-1.0753849044548431
10.0,202.0,1000.0233154296876,-4.244098491242174,-2.952544167719387,-1.9640579191915264,0.689430815834216,-1.3017660722121631,4.82717356503435,-0.5186079571126871,1.481167318292135,-0.9340169996643146,-1.0753832044686569
10.0,202.0,1000.023193359375,-4.244099090540038,-2.9525412613485456,-1.9640577745356904,0.6894290065142528,-1.3017703631755833,4.827177091821186,-0.5186079163419146,1.481167624656404,-0.9340147111935933,-1.0753840045675336
10.0,202.0,1000.023193359375,-4.244100242514164,-2.9525377036088747,-1.9640573346602963,0.6894269298244451,-1.3017754019416898,4.827181402107224,-0.5186078274861954,1.4811682605227574,-0.9340121745361722,-1.07538462695271
10.0,202.0,1000.0234375,-4.244100328456472,-2.952537995428674,-1.9640573283290488,0.6894271618274983,-1.3017749753100247,4.827181166729295,-0.5186077630332155,1.4811682576449527,-0.9340123561497632,-1.075384499742002
10.0,202.0,1000.0233764648438,-4.244100425983364,-2.952537679984996,-1.964057255604612,0.689427010362401,-1.3017754391282987,4.827181508035663,-0.5186077370989963,1.4811683322269973,-0.9340121669869088,-1.075384550221469
10.0,202.0,1000.0232543945312,-4.244098566997591,-2.952543505953673,-1.9640578008223224,0.6894304993505784,-1.3017670025205623,4.827174366060598,-0.5186079681782632,1.481167499063738,-0.9340165742477105,-1.0753833604630492
10.0,202.0,1000.0233154296876,-4.244099906492131,-2.952539045135248,-1.9640574112428395,0.6894278115134416,-1.3017734158767076,4.827179800050814,-0.5186078303529698,1.481168123713034,-0.9340132346293268,-1.075384260040328
10.0,202.0,1000.0233154296876,-4.244098960507042,-2.952542193272108,-1.9640578028192568,0.689429654994802,-1.3017690893676943,4.8271759343999125,-0.5186079096363034,1.481167582798843,-0.9340154785635342,-1.0753836948923985
10.0,202.0,1000.0233154296876,-4.24410032492033,-2.952537204293556,-1.964057368796368,0.6894267046795877,-1.301776159528882,4.827181979229138,-0.518607748476474,1.4811682441620402,-0.9340117835648084,-1.0753847887200385
10.0,202.0,1000.0233764648438,-4.244100014214236,-2.952539132802813,-1.964057149953,0.6894281215595042,-1.3017729237379472,4.827179704037732,-0.5186078631238678,1.4811684873272457,-0.9340135852044656,-1.0753838970538792
10.0,202.0,1000.0232543945312,-4.244100770140522,-2.952535753924776,-1.964057297464808,0.6894256844977242,-1.3017784443973943,4.827183809251478,-0.5186076883033142,1.48116833305183,-0.9340105619213688,-1.0753852194901152
10.0,202.0,1000.0233764648438,-4.244100844075678,-2.952535560615359,-1.964057375869376,0.6894255133701277,-1.3017790309258783,4.827184088239143,-0.5186076185720285,1.4811682326513251,-0.9340102518197976,-1.07538541100249
10.0,202.0,1000.0232543945312,-4.244099477669502,-2.952540363837941,-1.9640575059615624,0.6894285853100781,-1.3017713862097868,4.827178168287473,-0.5186079225204496,1.4811679919475784,-0.9340142995052608,-1.0753839017260685
10.0,202.0,1000.0233764648438,-4.244098430400303,-2.9525439256983823,-1.9640578747219333,0.6894307387365401,-1.3017662030573196,4.8271738074064725,-0.5186080324958384,1.4811674225920743,-0.9340169722219862,-1.0753831492435886
10.0,202.0,1000.0232543945312,-4.244100413211046,-2.9525373775311605,-1.9640572000465828,0.6894268790758149,-1.3017756419302016,4.827181847611573,-0.5186077998382057,1.4811684787715151,-0.9340120429631265,-1.075384477820398
10.0,202.0,1000.0232543945312,-4.244101193786966,-2.952534454978124,-1.9640571859248137,0.6894248798067686,-1.3017802540621313,4.827185333714825,-0.5186077084608955,1.4811685688289842,-0.9340096535557034,-1.0753853847712391
10.0,202.0,1000.023193359375,-4.244099968153016,-2.9525389254855554,-1.9640573129495216,0.6894277287288588,-1.3017734636098872,4.827179931373838,-0.5186079096319185,1.4811682722867845,-0.9340132663501608,-1.075384148375483
10.0,203.0,1000.0233154296876,-4.2441001954338,-2.952537659886931,-1.964057428685772,0.689426782289047,-1.3017755110691476,4.82718149760148,-0.5186078176571582,1.4811681405047423,-0.934012022635402,-1.075384735861376
10.0,203.0,1000.0233154296876,-4.244099498039553,-2.952540577915668,-1.9640576726860552,0.6894286496349666,-1.3017715123765954,4.827177953036326,-0.5186077442881194,1.481167720021265,-0.9340141493220724,-1.0753841779573117
10.0,203.0,1000.0233154296876,-4.24410034708632,-2.952537683329573,-1.9640575022568747,0.6894267339644351,-1.30177585366422,4.8271815491952825,-0.5186076853890285,1.4811679802831843,-0.934011865657406,-1.0753849042540176
10.0,203.0,1000.0232543945312,-4.244099979920373,-2.9525387235010667,-1.9640575082436045,0.6894274786965848,-1.3017739192105582,4.827180142074832,-0.5186078473296778,1.481168052344688,-0.934012893558502,-1.075384402704974
10.0,203.0,1000.023193359375,-4.24409998622511,-2.952538521320045,-1.9640577015012688,0.6894272127755787,-1.301774780109172,4.827180406871413,-0.5186077245793888,1.4811677511077734,-0.9340124334809,-1.0753848657914205
10.0,203.0,1000.0233764648438,-4.244100823436807,-2.952535960856088,-1.964057024651712,0.6894259576950628,-1.3017776305081634,4.827183512866593,-0.5186077798119815,1.481168644900123,-0.9340111106403448,-1.075384754125256
10.0,203.0,1000.0233154296876,-4.244100113605386,-2.952537885343572,-1.96405735828196,0.6894270580177544,-1.301775033241734,4.827181126865593,-0.5186078778476109,1.481168248756271,-0.9340123781201548,-1.075384566205035
10.0,203.0,1000.0233154296876,-4.244097640578109,-2.952547410886415,-1.964058098830592,0.6894328893880637,-1.3017613959458436,4.8271696677786124,-0.5186080660977286,1.481167053686483,-0.9340195385282462,-1.075382369145243
10.0,203.0,1000.0232543945312,-4.244100801617638,-2.9525357150444504,-1.964057171367366,0.6894257097990781,-1.3017782136938534,4.827183844337348,-0.5186077227833099,1.4811684707584316,-0.934010671953466,-1.0753850726683711
10.0,203.0,1000.0233154296876,-4.244100813380792,-2.9525357131983605,-1.9640572571720512,0.6894255773686186,-1.301778466886319,4.827183888251483,-0.5186076913616695,1.4811683478012334,-0.9340104950501384,-1.075385245150717
10.0,203.0,1000.0233154296876,-4.244100333224016,-2.952537810550848,-1.964057273315652,0.6894271169298714,-1.3017751510116264,4.827181305588447,-0.5186077504907418,1.4811683597051353,-0.9340123114494432,-1.075384484222202
10.0,203.0,1000.0233154296876,-4.244099597028773,-2.952540163972872,-1.9640575226427028,0.6894284513731099,-1.301771622992023,4.827178420600525,-0.5186078644661363,1.4811679735887884,-0.9340141178770462,-1.0753839112046015
10.0,203.0,1000.0232543945312,-4.244099202013987,-2.952541641949979,-1.9640576603975008,0.689429296712472,-1.3017698200506178,4.827176661539884,-0.5186079079882102,1.4811677155276604,-0.9340151272635042,-1.0753837738295493
10.0,203.0,1000.0233154296876,-4.244099401024139,-2.9525411910615973,-1.964057476535825,0.689429217408188,-1.3017702193662075,4.827177172353959,-0.5186079304129585,1.4811680081336238,-0.9340149932002362,-1.075383654337299
10.0,203.0,1000.0233764648438,-4.2440993803122105,-2.95254136822582,-1.9640575674800085,0.6894292624501972,-1.3017701282162006,4.827176981955827,-0.5186079086903277,1.4811678569287414,-0.934014988796572,-1.0753837174790326
10.0,203.0,1000.0234375,-4.244100239826166,-2.95253789822126,-1.964057602886481,0.6894268837568607,-1.3017756494589583,4.827181238680607,-0.5186076897472223,1.4811678852472945,-0.9340119787724346,-1.075384884414818
10.0,203.0,1000.0232543945312,-4.244100075437038,-2.9525376400941243,-1.964057497744931,0.6894268597549011,-1.3017757057531982,4.827181409004272,-0.5186077996184171,1.481168094366386,-0.934011969974665,-1.0753849045275763
10.0,203.0,1000.0233154296876,-4.244099925362069,-2.952539077672536,-1.964057478132848,0.689427693902446,-1.301773680060483,4.827179765816748,-0.5186078287834945,1.4811680158531502,-0.9340131174964964,-1.07538441977416
10.0,203.0,1000.0232543945312,-4.244099589209806,-2.9525399499127265,-1.9640575299813685,0.6894282176585076,-1.301772144839744,4.827178655716885,-0.518607879932242,1.4811679363549288,-0.9340139198711146,-1.0753841313516044
10.0,203.0,1000.0232543945312,-4.244099373184154,-2.9525409490578896,-1.9640575758024643,0.6894289036308701,-1.301770774381125,4.827177481550365,-0.5186079138428186,1.4811678479641497,-0.9340146893360952,-1.0753838739381156
10.0,203.0,1000.0232543945312,-4.244099470535787,-2.9525403441801448,-1.9640574786435647,0.6894286400353353,-1.301771116335131,4.827178168607265,-0.518607919559174,1.4811680668054177,-0.934014318444344,-1.0753837846323684
10.0,203.0,1000.0232543945312,-4.244099968988887,-2.952538817165877,-1.964057449807304,0.6894276855632064,-1.3017738671715802,4.827180072319743,-0.5186077496136772,1.4811680702719503,-0.934012956027221,-1.0753844568138082
10.0,203.0,1000.023193359375,-4.24409916851764,-2.952542140278469,-1.964057658681594,0.6894296699458513,-1.3017690590956743,4.82717606328708,-0.5186079051359176,1.481167744110163,-0.934015546535088,-1.0753835500441502
10.0,203.0,1000.0232543945312,-4.244099221710447,-2.9525416794178443,-1.9640576704953765,0.6894293731744581,-1.3017696045591922,4.827176634174609,-0.518607858412313,1.4811677493057065,-0.934015130882214,-1.0753837135553193
10.0,203.0,1000.0233764648438,-4.244101175945206,-2.952534064993257,-1.964057127040564,0.6894246522409375,-1.3017807055894033,4.82718586335764,-0.5186076674527396,1.4811686270639548,-0.9340093646399464,-1.075385500758386
10.0,203.0,1000.0232543945312,-4.244101676736427,-2.952533185871826,-1.964056921921935,0.6894242300094167,-1.3017821150194524,4.8271869708165855,-0.518607595580491,1.4811688419128135,-0.9340087321570644,-1.0753856359468976
10.0,203.0,1000.023193359375,-4.244099614469306,-2.952539615663848,-1.964057634938088,0.6894280187009887,-1.3017728263992674,4.8271791382972005,-0.5186077913880611,1.4811678371080923,-0.9340133876196351,-1.075384406306206
10.0,203.0,1000.0233154296876,-4.244098950064009,-2.9525426691099947,-1.96405789389652,0.6894298679489141,-1.3017685725962176,4.827175396445826,-0.5186078672707559,1.4811674200644829,-0.9340157037133164,-1.075383696412869
10.0,203.0,1000.0233764648438,-4.2441001708768,-2.9525376222306265,-1.9640576027878387,0.6894267009419117,-1.3017760592310474,4.8271815068295005,-0.518607747721866,1.481167957933298,-0.934011789346739,-1.0753850239585807
10.0,203.0,1000.0233764648438,-4.244100276166582,-2.9525376587531325,-1.9640574851071104,0.6894267800663467,-1.3017759027958693,4.827181555965778,-0.518607680407472,1.481167976984537,-0.9340119260557352,-1.0753848945983142
10.0,203.0,1000.0234375,-4.24410046007122,-2.9525371643652782,-1.9640574697013484,0.6894264736505695,-1.3017766222421696,4.827182064609021,-0.5186077118912609,1.4811680735494424,-0.9340115827802418,-1.0753849804904507
10.0,203.0,1000.023193359375,-4.244100496181027,-2.9525369976173894,-1.96405735032414,0.6894264308550282,-1.3017765388556652,4.827182311724531,-0.5186077425350435,1.481168251701166,-0.934011551110201,-1.075384845788037
10.0,203.0,1000.023193359375,-4.244100682058108,-2.952536528772968,-1.964057290669853,0.6894261683468939,-1.301777356545731,4.827182891006496,-0.5186077008416703,1.4811683129874966,-0.9340111730127596,-1.075384996617891
10.0,203.0,1000.023193359375,-4.244099366093267,-2.9525407721005843,-1.964057652968218,0.6894287656435676,-1.3017711033443664,4.82717772382051,-0.5186078930863509,1.481167807605451,-0.9340144149922054,-1.0753840073445344
10.0,203.0,1000.0233764648438,-4.244099882052857,-2.952539520544873,-1.9640575668741187,0.6894280099133674,-1.3017730221279384,4.827179275319022,-0.5186077335154629,1.4811678813691571,-0.9340133915183636,-1.0753843727607904
10.0,203.0,1000.023193359375,-4.244100544734893,-2.952536196884916,-1.9640574089418243,0.6894258798908304,-1.301777896739385,4.8271831861445165,-0.5186077233783228,1.4811681416449698,-0.9340108755980312,-1.075385229919385
10.0,203.0,1000.023193359375,-4.244100052397917,-2.952538604750153,-1.9640574284475805,0.6894275687255123,-1.3017741817049822,4.827180339531946,-0.5186077401416291,1.4811681829570738,-0.9340127892386983,-1.0753843984877245
10.0,203.0,1000.0233154296876,-4.244099380901791,-2.95254049764124,-1.964057672710605,0.6894285461480045,-1.3017716260440777,4.827177976085586,-0.5186078537541121,1.481167725992062,-0.9340141691871152,-1.0753842197582375
10.0,203.0,1000.0233154296876,-4.244101009628325,-2.9525350074970067,-1.9640570847278247,0.6894252914216183,-1.3017792509489388,4.827184733421948,-0.5186076799195707,1.481168568031607,-0.9340101686240754,-1.0753852252986906
10.0,203.0,1000.0233154296876,-4.244099993986431,-2.952538540991932,-1.9640575244508391,0.68942735897111,-1.3017743870964713,4.827180383847905,-0.5186078334347606,1.4811680259614963,-0.9340126866465396,-1.0753845724525717
10.0,203.0,1000.023193359375,-4.244099819180401,-2.952539283771375,-1.964057611646839,0.6894277616306557,-1.3017732433971778,4.82717950593805,-0.5186078537498116,1.4811678866262952,-0.9340132536398932,-1.075384323340299
10.0,203.0,1000.0232543945312,-4.244100258609075,-2.9525376888768835,-1.9640574337284589,0.6894267983380686,-1.3017757107687435,4.827181457029287,-0.5186077705452821,1.4811681204086238,-0.9340119811536498,-1.0753848083102224
10.0,203.0,1000.023193359375,-4.244099525555832,-2.9525400508686754,-1.964057656025873,0.6894283077421557,-1.3017720718975627,4.827178621247365,-0.5186078017941949,1.4811677682287687,-0.9340138405670108,-1.0753841772051411
10.0,203.0,1000.0232543945312,-4.244100431461957,-2.952537254778794,-1.9640574796487624,0.6894264979158651,-1.3017763868700083,4.827181956530801,-0.5186077028865927,1.4811680154698728,-0.9340116490285126,-1.0753849092799643
10.0,203.0,1000.0233154296876,-4.244099861691055,-2.9525386440108576,-1.964057689964393,0.6894273183913668,-1.3017745401786174,4.827180255213317,-0.5186077579265671,1.4811677701405266,-0.9340125711677664,-1.075384784665499
10.0,203.0,1000.023193359375,-4.244098412167576,-2.9525440485541927,-1.9640578403514448,0.6894308427684512,-1.3017658635643643,4.827173678954365,-0.5186080176813475,1.4811675136260884,-0.9340170513985128,-1.0753830282926875
10.0,203.0,1000.023193359375,-4.244100666349301,-2.95253663800309,-1.9640570616612,0.6894263891215857,-1.3017766971344735,4.827182711424886,-0.5186078034777246,1.481168594455764,-0.9340116014112638,-1.0753845998877862
10.0,203.0,1000.0234375,-4.2441004644221785,-2.9525367593429515,-1.964057335462392,0.6894262826672195,-1.3017769079184314,4.827182550869843,-0.5186077931333237,1.4811683050606312,-0.93401139969761,-1.0753849243029494
10.0,203.0,1000.0233154296876,-4.244102027324015,-2.952531809605323,-1.9640570298089148,0.6894232237093822,-1.301784304171191,4.82718866885517,-0.5186074667268219,1.4811687762796266,-0.9340074606899532,-1.075386161602307
10.0,203.0,1000.0232543945312,-4.2441006731599575,-2.9525357894692568,-1.9640574723239257,0.6894255500005455,-1.301778834658431,4.827183700815823,-0.5186076707274907,1.4811681039184998,-0.9340104153541198,-1.0753855021545649
10.0,204.0,1000.023193359375,-4.244098638481394,-2.952543570718629,-1.9640577588627648,0.689430577042133,-1.301766764433729,4.827174332267205,-0.5186079611228998,1.481167604733451,-0.9340166878370972,-1.075383141893353
10.0,204.0,1000.0232543945312,-4.244099667685143,-2.9525399342393515,-1.9640575829933384,0.6894282911490741,-1.301772359047899,4.827178722428432,-0.5186078165411798,1.481167913128072,-0.9340137457982784,-1.0753842088487762
10.0,204.0,1000.0234375,-4.244100389454802,-2.9525374266795232,-1.9640572845769668,0.6894267602539719,-1.3017757850230542,4.8271817412321205,-0.5186078324016261,1.4811683315227349,-0.9340120097559216,-1.0753846104057248
10.0,204.0,1000.0232543945312,-4.244100173186115,-2.9525381203418566,-1.9640574527039345,0.6894271518446571,-1.3017749295266592,4.827180899703647,-0.518607764735088,1.4811680992143297,-0.9340124293478258,-1.0753845804686253
10.0,204.0,1000.0232543945312,-4.244100573738284,-2.952536674036722,-1.9640573714581568,0.689426240257224,-1.3017769894336957,4.827182677530068,-0.5186076912571549,1.4811682658944347,-0.9340112674818926,-1.0753848942252136
10.0,204.0,1000.0233764648438,-4.244099223681403,-2.9525414900431475,-1.964057796680796,0.6894291830535204,-1.3017702349616571,4.8271768790949725,-0.5186077732164343,1.4811675256384564,-0.934014794810296,-1.0753839935737686
10.0,204.0,1000.023193359375,-4.244099044056569,-2.952541980787645,-1.964057663990904,0.6894296364685948,-1.3017690320412063,4.827176181948541,-0.5186079274017024,1.4811677675198522,-0.9340154800478508,-1.0753835951401935
10.0,204.0,1000.0233154296876,-4.24409940991371,-2.952540582782302,-1.96405773035242,0.6894286171901758,-1.3017715174455824,4.827177893830321,-0.5186078579480657,1.4811676976889752,-0.9340142065539574,-1.075384136698816
10.0,204.0,1000.0232543945312,-4.24409911924265,-2.952541888090669,-1.9640576842597763,0.6894295239838266,-1.3017692950733155,4.827176350826065,-0.5186079093080043,1.4811677521567734,-0.9340152995818842,-1.075383648497561
10.0,204.0,1000.023193359375,-4.244100983159826,-2.9525349793300744,-1.9640573439422773,0.6894250646279048,-1.301779834698821,4.8271848027561255,-0.5186076124991006,1.4811682545259082,-0.9340098023030904,-1.0753855942004558
10.0,204.0,1000.0233154296876,-4.244099510753665,-2.952540611581557,-1.964057647745162,0.6894286871929936,-1.3017714804393092,4.827177884196445,-0.5186078220838581,1.4811677862439456,-0.9340142643619228,-1.075384087640698
10.0,204.0,1000.0234375,-4.244100107255807,-2.952538340337375,-1.964057256493972,0.6894274590010276,-1.3017741194887562,4.827180686815529,-0.5186078494482604,1.4811683746775834,-0.9340128276730236,-1.0753842307820167
10.0,204.0,1000.0233154296876,-4.244099272456053,-2.952541033901445,-1.9640578247719591,0.6894288358127358,-1.3017709262805184,4.827177364127756,-0.5186078062849715,1.4811675439893977,-0.9340144619550266,-1.0753841544611156
10.0,204.0,1000.0232543945312,-4.244100020079606,-2.952538903306712,-1.9640573326750417,0.6894277379534062,-1.301773477684058,4.827179976209889,-0.5186078371421647,1.4811682272542583,-0.9340131804123272,-1.075384188050415
10.0,204.0,1000.023193359375,-4.244098873451822,-2.9525428358861268,-1.9640578687163552,0.6894300113573042,-1.3017680973847572,4.827175183961641,-0.5186078841679072,1.4811674523259208,-0.934015935048345,-1.0753835307993589
10.0,204.0,1000.0232543945312,-4.244099741800756,-2.9525396043717738,-1.9640574734494496,0.6894281596366616,-1.3017726418336348,4.827179059203143,-0.5186078410762338,1.4811680326402756,-0.93401364544001,-1.0753841964060171
10.0,204.0,1000.023193359375,-4.244099985205571,-2.952538561544171,-1.9640573278188016,0.6894274932065025,-1.3017739075684291,4.827180352403492,-0.5186078562632241,1.4811682585203307,-0.9340129783407436,-1.0753842575480306
10.0,204.0,1000.0232543945312,-4.244101873668667,-2.9525322596998134,-1.9640568600723525,0.6894236259281659,-1.301783321293585,4.827188054264894,-0.5186075989639427,1.481168969256915,-0.9340080784185814,-1.0753857992873035
10.0,204.0,1000.0233764648438,-4.244100153350296,-2.9525386558970856,-1.9640573184764727,0.689427683654646,-1.3017739404015187,4.82718029618505,-0.5186077611415767,1.48116829866016,-0.9340129675649392,-1.07538426118255
10.0,204.0,1000.0233154296876,-4.2440996667235655,-2.9525398136115646,-1.9640575104756448,0.6894281543314982,-1.3017722916904173,4.8271788719384325,-0.518607931404163,1.4811679891358749,-0.9340137931406112,-1.0753840984384508
10.0,204.0,1000.0233764648438,-4.244099966512239,-2.9525391259707314,-1.9640575397262487,0.6894277664842203,-1.3017737118536106,4.827179726437924,-0.5186077539932876,1.4811679565584033,-0.9340130568012296,-1.0753844565461006
10.0,204.0,1000.0233154296876,-4.244099427475892,-2.9525407142688,-1.96405758094444,0.6894288293000352,-1.3017710051947766,4.827177741242574,-0.5186078365363196,1.481167880263385,-0.934014428516556,-1.0753839448647309
10.0,204.0,1000.023193359375,-4.244099574792984,-2.952540005564028,-1.964057655441368,0.6894282779246597,-1.301772339776806,4.827178595702279,-0.5186078045314542,1.481167801021802,-0.9340137295122384,-1.0753843297839705
10.0,204.0,1000.0233154296876,-4.244101168569518,-2.9525350045286376,-1.9640569952576457,0.6894253841779863,-1.3017792414740583,4.827184736422726,-0.5186076605263477,1.4811687478867084,-0.9340102098939864,-1.075385093995873
10.0,204.0,1000.0233154296876,-4.244100417883439,-2.952537422265619,-1.9640572796810505,0.6894268405710902,-1.3017759202422678,4.827181802180341,-0.518607685905188,1.4811683007250966,-0.9340119415498468,-1.0753846923234214
10.0,204.0,1000.023193359375,-4.244101028277728,-2.9525354468438505,-1.9640572153300195,0.689425505681144,-1.301778864174099,4.827184190704848,-0.5186076560076298,1.481168470705741,-0.9340103444673692,-1.0753852133648096
10.0,204.0,1000.0233764648438,-4.244100363609406,-2.952537535574961,-1.9640575087085028,0.689426780579474,-1.3017759771874209,4.827181624720813,-0.5186076681849627,1.4811680847425013,-0.9340118262519664,-1.0753848625404503
10.0,204.0,1000.0233154296876,-4.244100039363205,-2.952538714663324,-1.9640573075364085,0.6894276632734497,-1.3017736406330958,4.82718023868124,-0.5186078442566142,1.4811682817744822,-0.9340130532644926,-1.0753841374809188
10.0,204.0,1000.0232543945312,-4.244099222212392,-2.952541279549191,-1.964057641265212,0.6894290860631465,-1.3017701679000018,4.82717712207433,-0.5186078897877797,1.481167765806754,-0.9340148426983568,-1.075383823536686
10.0,204.0,1000.0232543945312,-4.244100580195345,-2.952536626849084,-1.964057284524328,0.6894261680787768,-1.3017770259007635,4.8271827077947655,-0.5186077803336371,1.4811683285657633,-0.9340113393995448,-1.0753849098176502
10.0,204.0,1000.0233764648438,-4.244100546585326,-2.952536746419731,-1.9640573021871948,0.689426308103327,-1.3017768694925458,4.827182583027998,-0.5186077824509452,1.4811683403642544,-0.934011418674328,-1.0753848537982575
10.0,204.0,1000.0233154296876,-4.244100241124114,-2.952537674702429,-1.9640575006532384,0.6894268557374348,-1.3017758249450866,4.827181466830794,-0.5186077055833298,1.481168075666642,-0.9340119201367488,-1.0753848749943715
10.0,204.0,1000.0233154296876,-4.244099094748754,-2.9525418573822075,-1.964057733449152,0.6894294098685254,-1.301769373470398,4.827176395618062,-0.5186079375784249,1.4811676329869954,-0.9340153089273162,-1.0753836431167936
10.0,204.0,1000.0234985351562,-4.24409984959466,-2.9525390970626,-1.964057456637188,0.689427778171062,-1.3017733137582943,4.827179721928433,-0.5186078491058952,1.4811680793742044,-0.934013246093973,-1.0753842525396626
10.0,204.0,1000.0233154296876,-4.244099661556854,-2.9525400716730985,-1.9640575126511912,0.6894283843067281,-1.3017720825049772,4.827178604055183,-0.5186078411327308,1.481167956014242,-0.9340139471988564,-1.0753840613763457
10.0,204.0,1000.0232543945312,-4.244102178811197,-2.9525310101493205,-1.9640568237169869,0.6894227457663131,-1.3017852363422957,4.827189636140384,-0.5186075810344963,1.4811690110309828,-0.93400703590971,-1.0753861577812254
10.0,204.0,1000.023193359375,-4.244100130410409,-2.9525380113036395,-1.9640573982825515,0.6894270873312172,-1.3017749798790574,4.827181028463986,-0.5186078128763567,1.4811681813698048,-0.934012400703124,-1.0753845855298878
10.0,204.0,1000.0232543945312,-4.244100275956903,-2.952537807370827,-1.964057195466732,0.6894271208357114,-1.301774992464905,4.827181333050186,-0.5186078430075547,1.4811684211587188,-0.9340124095036691,-1.0753844120180114
10.0,204.0,1000.0232543945312,-4.244100146599849,-2.952537889270089,-1.9640574156291373,0.6894269644316466,-1.3017753128610423,4.827181131552949,-0.5186078257814248,1.4811681477483851,-0.9340122808813068,-1.075384670809835
10.0,204.0,1000.0233764648438,-4.244099625867634,-2.952539864506437,-1.964057554420448,0.6894282454692844,-1.301772259785329,4.827178802163633,-0.5186078469090782,1.48116793971192,-0.9340137603245084,-1.075384136275861
10.0,204.0,1000.0232543945312,-4.244099346506202,-2.952540839465137,-1.964057583832344,0.6894288596823426,-1.3017707172478716,4.827177618549071,-0.5186078861187564,1.481167848380048,-0.9340145845476462,-1.0753838765442962
10.0,204.0,1000.0232543945312,-4.244098452003917,-2.952543959728599,-1.9640581146544875,0.6894305602965778,-1.3017667184081976,4.8271738017893,-0.5186079198819433,1.481167096706769,-0.934016647363288,-1.0753834629074466
10.0,204.0,1000.0232543945312,-4.244099376618616,-2.952540569079665,-1.9640575744022744,0.6894286523397888,-1.3017711470888176,4.827177927388727,-0.518607927854112,1.481167909687276,-0.934014376465008,-1.0753839111239594
10.0,204.0,1000.0233154296876,-4.244100185729934,-2.9525381851855768,-1.964057339313288,0.6894273105304451,-1.301774487465694,4.827180848536603,-0.5186077925255983,1.4811682770991732,-0.934012567464718,-1.075384374771292
10.0,204.0,1000.023193359375,-4.244099673512489,-2.952539632142268,-1.964057569125564,0.6894280368663273,-1.301772766543832,4.827179077935469,-0.5186078540710142,1.481167910236448,-0.934013551637201,-1.075384298192998
10.0,204.0,1000.0234375,-4.24410133019147,-2.9525340703396603,-1.964057123550841,0.6894247019939552,-1.3017807971997182,4.827185838668445,-0.518607627019521,1.4811686425630892,-0.9340093080049005,-1.0753855117942108
10.0,204.0,1000.0232543945312,-4.24409950922866,-2.952540701547667,-1.9640575106504472,0.6894288665166393,-1.301771012131084,4.827177805898534,-0.5186078502020655,1.481167993555724,-0.9340144834154476,-1.075383832907988
10.0,204.0,1000.0233764648438,-4.244099370270849,-2.9525406196246973,-1.9640576282193671,0.689428677090838,-1.3017711449297358,4.827177895130832,-0.518607897817855,1.4811678135134,-0.9340143590803756,-1.075383990073247
10.0,204.0,1000.0232543945312,-4.2440998939066334,-2.9525389390795547,-1.9640575559102604,0.6894275434854613,-1.3017738298517214,4.827179922223321,-0.518607809294406,1.4811679020948,-0.9340129750227018,-1.0753845127776565
10.0,204.0,1000.0232543945312,-4.244101429851301,-2.952534303389255,-1.964056906079331,0.6894249730994861,-1.3017801846658532,4.827185583415487,-0.5186076582445827,1.481168864142461,-0.9340097572676198,-1.0753851777888066
10.0,205.0,1000.0232543945312,-4.244100013802715,-2.952538658182877,-1.964057439622776,0.6894274702951968,-1.3017740746024131,4.827180300973504,-0.5186077821536914,1.481168094592964,-0.9340128559444576,-1.0753844100386587
10.0,205.0,1000.0234985351562,-4.244099555808868,-2.952540294325141,-1.964057540690936,0.6894284894459872,-1.3017716437427729,4.82717825417933,-0.5186078884820153,1.4811678986388168,-0.934014152660768,-1.075384059991272
10.0,205.0,1000.0232543945312,-4.244099408254048,-2.9525407735969016,-1.964057590767403,0.689428755095145,-1.301770940138181,4.827177734084922,-0.5186078967743759,1.4811678852599606,-0.9340144916747084,-1.0753838567551242
10.0,205.0,1000.0232543945312,-4.244099820418239,-2.9525389773536403,-1.9640574850915464,0.6894276772489896,-1.3017735082670052,4.827179851099002,-0.5186078318138492,1.4811680560509313,-0.9340131347660972,-1.0753843536634862
10.0,205.0,1000.0233764648438,-4.244098949696018,-2.952542268383162,-1.964057738781348,0.6894296495650227,-1.3017688247122088,4.827175892558183,-0.5186079504222709,1.4811676061008852,-0.9340156408914018,-1.0753835509104277
10.0,205.0,1000.0233154296876,-4.244100257481053,-2.95253762894239,-1.964057458440504,0.6894267605136797,-1.3017757273067945,4.827181540164961,-0.5186077307642973,1.4811680197883303,-0.9340119640578912,-1.0753848220020092
10.0,205.0,1000.0232543945312,-4.244099383925352,-2.952540841071797,-1.964057620943996,0.6894288117369936,-1.3017709403548356,4.827177598937295,-0.5186078773421112,1.4811678134732578,-0.934014544508849,-1.075383929387948
10.0,205.0,1000.0232543945312,-4.244100744392108,-2.9525362355674494,-1.9640571073622304,0.6894260684453393,-1.3017772824692058,4.827183236418051,-0.518607763155611,1.4811685678882665,-0.9340111782051704,-1.075384796685443
10.0,205.0,1000.0233764648438,-4.24410060071172,-2.95253672624754,-1.9640572967375247,0.6894263161794623,-1.301776891873465,4.827182642753659,-0.51860770334957,1.481168337283842,-0.9340113518007448,-1.0753848895470104
10.0,205.0,1000.0233154296876,-4.244099920143297,-2.952539226234406,-1.964057424644336,0.6894279275730035,-1.301773205816306,4.827179559564666,-0.5186078153623885,1.481168140613674,-0.9340133474721162,-1.0753842153763893
10.0,205.0,1000.0234375,-4.24410076927023,-2.9525359912992464,-1.9640572073662887,0.6894258994185627,-1.3017779284472084,4.827183518218469,-0.5186077046314965,1.4811684715961162,-0.9340108610524832,-1.075385003648714
10.0,205.0,1000.0233764648438,-4.244100447183731,-2.952537235906428,-1.9640572927478293,0.6894266510138793,-1.301776044232161,4.827181984212164,-0.5186077358246397,1.481168319713282,-0.9340118470583852,-1.075384678874603
10.0,205.0,1000.023193359375,-4.2441001822229465,-2.952538472260894,-1.964057421805201,0.689427407172519,-1.3017744264784308,4.827180527382033,-0.5186077220564442,1.4811680973839234,-0.9340126765767414,-1.075384463897651
10.0,205.0,1000.0232543945312,-4.244099461881837,-2.9525405871578743,-1.9640575069238349,0.6894287128715151,-1.3017710935857585,4.827177964071742,-0.5186078822029856,1.4811679746668958,-0.9340144199727228,-1.07538383188543
10.0,205.0,1000.0233154296876,-4.24410079370853,-2.9525357182363527,-1.9640573421947,0.6894256056444661,-1.3017785144108562,4.827183837693266,-0.5186076925320018,1.481168289495808,-0.9340105097842146,-1.0753852156668224
10.0,205.0,1000.0233154296876,-4.24410122067372,-2.9525343498138725,-1.964057205512692,0.6894248160500274,-1.301780537817319,4.827185522046847,-0.5186076141873972,1.4811685160888448,-0.9340094518407902,-1.0753855555633818
10.0,205.0,1000.0233764648438,-4.244098774417619,-2.952542632997278,-1.9640578031988425,0.6894299275443325,-1.3017682775103987,4.827175423726569,-0.5186079337902454,1.4811675514790492,-0.9340159005137068,-1.0753835237524894
10.0,205.0,1000.023193359375,-4.244099600404157,-2.952540438072277,-1.9640574972432785,0.6894285846876098,-1.3017715242451446,4.827178130926972,-0.5186078778023848,1.4811679369628887,-0.934014282890872,-1.0753839510809504
10.0,205.0,1000.0232543945312,-4.244100133173738,-2.952538313708356,-1.9640575062571928,0.689427174461529,-1.3017747379362952,4.8271807335812085,-0.5186077622736533,1.481167993419275,-0.9340124684725196,-1.075384594537062
10.0,205.0,1000.0232543945312,-4.244099639414888,-2.952539976458977,-1.9640575934902629,0.6894282472789204,-1.3017722574356083,4.827178680084753,-0.5186078146545796,1.4811678624565126,-0.93401380915643,-1.0753841812689071
10.0,205.0,1000.023193359375,-4.244100216063692,-2.9525381102489097,-1.964057492767992,0.6894271190232324,-1.301775171834911,4.827180927554736,-0.5186077098762896,1.481168039734973,-0.9340122828825912,-1.075384745670564
10.0,205.0,1000.0233154296876,-4.244101020795292,-2.9525353034136783,-1.96405722082198,0.6894254893816267,-1.301779004202963,4.82718434890549,-0.5186076459854725,1.4811684916747678,-0.934010244214349,-1.0753852189771456
10.0,205.0,1000.0233154296876,-4.2440993114050745,-2.952541616122237,-1.9640576661422648,0.6894292999442753,-1.30176988051483,4.827176686935905,-0.5186078548923732,1.4811677428041046,-0.9340150917889068,-1.075383736446021
10.0,205.0,1000.0232543945312,-4.24409884251074,-2.9525426211021246,-1.9640578555064083,0.6894298836037249,-1.301768415604183,4.827175431691321,-0.5186079025739012,1.4811674900415,-0.934015767700429,-1.075383614086883
10.0,205.0,1000.0233154296876,-4.244097814023139,-2.9525464982331804,-1.9640580417396136,0.6894323213362732,-1.301762586689526,4.827170788274408,-0.5186080809105009,1.4811671883852895,-0.9340188366326316,-1.0753825603932987
10.0,205.0,1000.023193359375,-4.244100836559255,-2.952535801279208,-1.964057155512272,0.6894257837484385,-1.301778142268029,4.827183762190222,-0.518607710561537,1.4811685340015537,-0.9340107590016578,-1.0753849988010398
10.0,205.0,1000.0233154296876,-4.244099899379554,-2.952538640499351,-1.964057442891285,0.689427445033969,-1.3017739675422453,4.827180259637791,-0.5186078621336607,1.481168117778921,-0.934012912904918,-1.0753843824392613
10.0,205.0,1000.0232543945312,-4.244099684621922,-2.9525399943877626,-1.964057494710748,0.6894283246072677,-1.3017720638269998,4.827178665238366,-0.5186078687237687,1.4811680100325288,-0.9340139593653554,-1.075383979975582
10.0,205.0,1000.023193359375,-4.244098966349349,-2.952542088293768,-1.9640577078186616,0.6894295726102371,-1.3017689700514796,4.827176124240342,-0.5186079486594153,1.481167666000026,-0.934015512767858,-1.0753835720807945
10.0,205.0,1000.0232543945312,-4.244099350630807,-2.952540904456024,-1.9640577219419475,0.689428800743725,-1.3017709295902715,4.827177548770544,-0.5186078601800101,1.4811676874434854,-0.9340144884707416,-1.0753839946379893
10.0,205.0,1000.023193359375,-4.244099248169524,-2.952541584709403,-1.9640575329259176,0.6894294100857721,-1.3017696113473227,4.827176745767927,-0.5186078973484163,1.4811679237608546,-0.9340152074476498,-1.0753836036111766
10.0,205.0,1000.0232543945312,-4.244100749823829,-2.9525362247682003,-1.964057309871976,0.6894259128715072,-1.3017777725279478,4.827183269290723,-0.5186076867362761,1.481168284730531,-0.934010917445404,-1.0753850477166949
10.0,205.0,1000.023193359375,-4.244099172315786,-2.9525415753720097,-1.9640577520423057,0.689429273940311,-1.301770001822934,4.827176736036808,-0.5186078301833206,1.4811676219010508,-0.9340149410209362,-1.0753839013930038
10.0,205.0,1000.0233764648438,-4.244099481360443,-2.952540887009928,-1.9640575231862512,0.6894289592601988,-1.3017706027421436,4.827177579348746,-0.518607854093597,1.481167963057873,-0.9340146735725804,-1.075383734692867
10.0,205.0,1000.0232543945312,-4.244099488536572,-2.952540907430888,-1.964057398608252,0.6894290327632921,-1.3017702953009818,4.827177535033172,-0.5186079187731716,1.4811681061580728,-0.9340148444476304,-1.07538356746175
10.0,205.0,1000.0232543945312,-4.244099816386157,-2.9525395803822145,-1.964057527598092,0.6894280574605265,-1.301772722601961,4.827179163157153,-0.5186078121743414,1.4811679825252462,-0.9340135190195262,-1.0753842151434072
10.0,205.0,1000.0233154296876,-4.244100101747561,-2.9525381683331684,-1.9640575121197608,0.6894271135924619,-1.301775081148124,4.827180892092782,-0.518607738853567,1.4811679974085612,-0.9340123399205932,-1.0753847310760052
10.0,205.0,1000.0233764648438,-4.244099871360272,-2.9525392794491823,-1.9640575493384376,0.6894278435377927,-1.301773338495936,4.82717955777483,-0.5186077759542354,1.4811679315816493,-0.9340132374025458,-1.0753843663403853
10.0,205.0,1000.023193359375,-4.244098579703211,-2.952543949084782,-1.9640578028436395,0.6894307604456014,-1.301766235253222,4.827173842926866,-0.5186079813490263,1.4811675295156013,-0.9340169486938734,-1.0753831256061286
10.0,205.0,1000.0232543945312,-4.244099627634052,-2.952540113204574,-1.964057536765796,0.6894284114317459,-1.3017719212878252,4.82717846203397,-0.5186078549480957,1.4811679350388811,-0.9340140021323498,-1.075384081516246
10.0,205.0,1000.0232543945312,-4.244100439157448,-2.952536939812678,-1.9640573648552448,0.6894263906283182,-1.301776670411833,4.827182334045482,-0.5186077290743167,1.4811682190050617,-0.9340114771279922,-1.0753849591465705
10.0,205.0,1000.0232543945312,-4.244099387558648,-2.95254124000585,-1.9640576068940128,0.6894291284059193,-1.3017702977891423,4.827177163152372,-0.5186078425153706,1.4811678253934524,-0.9340148451914878,-1.0753837848247807
10.0,205.0,1000.023193359375,-4.244098535376602,-2.9525436819288147,-1.9640578912770064,0.6894305697420089,-1.3017667736288263,4.827174182891671,-0.5186079400268326,1.4811674666433996,-0.9340166145483222,-1.07538330605002
10.0,205.0,1000.0232543945312,-4.244100006186449,-2.9525389507164284,-1.9640573548018123,0.6894276848424994,-1.3017735285051524,4.8271799127421495,-0.5186078383148898,1.481168199970167,-0.934013205297804,-1.0753841962590176
10.0,205.0,1000.0233154296876,-4.2440987885751165,-2.952543101367074,-1.964057881565076,0.6894301600645969,-1.3017677625675477,4.827174878091675,-0.5186078845852737,1.4811674286370415,-0.9340161274809988,-1.075383498567569
10.0,205.0,1000.0232543945312,-4.244098583016466,-2.9525435795293324,-1.9640578187376807,0.6894304877337376,-1.3017668421521362,4.827174310732975,-0.5186079857795098,1.481167520901271,-0.9340165915228784,-1.0753832805238963
10.0,205.0,1000.023193359375,-4.244098534211374,-2.952544102515412,-1.9640578789209813,0.689430837898124,-1.3017662175275464,4.827173676735438,-0.5186079420622995,1.481167421321694,-0.9340169582285638,-1.0753831858292773
10.0,205.0,1000.0232543945312,-4.244098889983126,-2.952542813788504,-1.964057755311372,0.6894300569741691,-1.3017680710219293,4.827175219809073,-0.5186079380156192,1.4811675952475891,-0.934016051590966,-1.0753834336476946
10.0,205.0,1000.0232543945312,-4.244099447204092,-2.9525406511404744,-1.964057500758774,0.6894287613593519,-1.3017709942168212,4.827177850665574,-0.518607917514581,1.4811679833281444,-0.934014494483696,-1.0753838264741482
10.0,205.0,1000.023193359375,-4.244099842526439,-2.9525389382216627,-1.9640575888436644,0.689427560942776,-1.3017739195877094,4.827179938065937,-0.5186077942462113,1.4811679108833626,-0.9340129184102768,-1.0753845773462571
10.0,206.0,1000.023193359375,-4.244100049195465,-2.9525384722215966,-1.9640575653394288,0.6894272705374815,-1.3017746163426258,4.8271804722263685,-0.5186077593923066,1.481167951672405,-0.9340125665221636,-1.0753846362983177
10.0,206.0,1000.0232543945312,-4.244100986362504,-2.952535116141571,-1.9640571654235213,0.689425304496524,-1.3017792736448497,4.827184605369535,-0.5186077127360997,1.4811685195990236,-0.9340101379165926,-1.0753852548010734
10.0,206.0,1000.0232543945312,-4.244098242314384,-2.9525442921510563,-1.9640580065756863,0.6894309223265482,-1.3017658587583325,4.827173389134682,-0.5186079997863668,1.4811673183183969,-0.9340170388270675,-1.0753832426620755
10.0,206.0,1000.0233154296876,-4.244099069990491,-2.952541914918209,-1.9640576598009505,0.689429494346987,-1.3017693069110077,4.827176306625486,-0.5186079120823734,1.48116773376319,-0.9340153584215852,-1.0753836935344665
10.0,206.0,1000.0232543945312,-4.244099093479667,-2.952541949510671,-1.96405775504896,0.6894294398529741,-1.301769440672916,4.827176285182871,-0.5186078931685669,1.4811676229009478,-0.934015273398118,-1.07538375906937
10.0,206.0,1000.0232543945312,-4.244099406021798,-2.952540767561886,-1.96405759448891,0.6894288119129186,-1.3017708626153213,4.827177747028111,-0.5186078579935103,1.4811678447786374,-0.9340145011241648,-1.0753838665752902
10.0,206.0,1000.023193359375,-4.244098724956527,-2.952542894483172,-1.964058018246068,0.6894298379518551,-1.3017683664552546,4.827175127551142,-0.5186079026889665,1.4811672373524214,-0.9340157677331584,-1.0753838390431856
10.0,206.0,1000.0233154296876,-4.244099317577811,-2.952541064712184,-1.9640576434798973,0.6894289717341087,-1.3017705963562736,4.827177357371603,-0.5186078225677448,1.4811677586145215,-0.9340146675639192,-1.0753839177575877
10.0,206.0,1000.0232543945312,-4.244099899413377,-2.952539057555696,-1.9640574592846205,0.6894277581630082,-1.3017733487940464,4.82717979831331,-0.5186078143531532,1.4811680643404292,-0.9340132040389592,-1.0753842672114948
10.0,206.0,1000.023193359375,-4.244099628198316,-2.9525405558798785,-1.964057393240653,0.6894287859596808,-1.3017709904331838,4.827177987267762,-0.5186078843314332,1.481168113943352,-0.9340145054947911,-1.0753837038576863
10.0,206.0,1000.0232543945312,-4.2440994459964525,-2.952540547489788,-1.964057646097911,0.6894286097636124,-1.301771344432134,4.827177941273689,-0.518607882708471,1.4811678085103477,-0.9340142856548964,-1.075384009885707
10.0,206.0,1000.0234375,-4.244099982661551,-2.952538737677922,-1.9640573055093675,0.6894276877355052,-1.3017735288500671,4.827180152086509,-0.5186078504818186,1.48116830839657,-0.9340131102982276,-1.0753841609799606
10.0,206.0,1000.023193359375,-4.244098882232899,-2.952542763847315,-1.964057908728128,0.6894298929473655,-1.3017683850539137,4.827175300434758,-0.5186078901471811,1.4811674214097756,-0.9340157891958948,-1.075383642101246
10.0,206.0,1000.0233764648438,-4.24409998671535,-2.952538322804725,-1.964057592779924,0.6894271251908659,-1.3017748406485845,4.82718065459818,-0.5186077953297632,1.4811679391157444,-0.9340124128655908,-1.07538475312884
10.0,206.0,1000.0233154296876,-4.244099244294167,-2.952541842950817,-1.9640575867348409,0.6894295550086174,-1.30176929364184,4.827176404655749,-0.5186079077590717,1.481167906570625,-0.934015397259274,-1.0753834941940736
10.0,206.0,1000.0233154296876,-4.244100665338962,-2.952536018009763,-1.9640573414612668,0.6894258515081555,-1.301778192032676,4.827183422855379,-0.5186076760552076,1.4811683216424374,-0.9340107113073176,-1.0753852628962202
10.0,206.0,1000.023193359375,-4.244100604745304,-2.9525365630710305,-1.964057378125723,0.6894261585822719,-1.3017773336797371,4.827182802780905,-0.5186077022283309,1.4811682312972234,-0.9340111287795247,-1.0753850421879911
10.0,206.0,1000.0233154296876,-4.244100907956697,-2.952535232980143,-1.964057302034158,0.6894252754647292,-1.3017791403009276,4.827184465800062,-0.5186076661167558,1.4811683661255053,-0.9340101104116308,-1.075385335660957
10.0,206.0,1000.0232543945312,-4.244098874139161,-2.9525429798474505,-1.964057710116243,0.6894301988772771,-1.3017676718546567,4.8271750489883285,-0.5186079410360023,1.4811676517331005,-0.93401622457805,-1.0753833180178105
10.0,206.0,1000.023193359375,-4.24409974444753,-2.9525400790119134,-1.9640575214887952,0.6894283845023841,-1.3017720564073492,4.827178607819695,-0.5186078017391429,1.481167941838665,-0.934013945541234,-1.0753840329198927
10.0,206.0,1000.0233154296876,-4.244100217332727,-2.9525376761901496,-1.9640575600414256,0.6894267456716356,-1.3017759390962298,4.827181504204583,-0.5186076724976836,1.481167942245757,-0.9340118442726072,-1.075384986781831
10.0,206.0,1000.0233154296876,-4.244100583118351,-2.9525370628969214,-1.9640572950813715,0.689426539834562,-1.3017765951081532,4.827182234092476,-0.5186077236197351,1.481168323589114,-0.9340115950113796,-1.0753848711418046
10.0,206.0,1000.0233764648438,-4.244099815513799,-2.952540005320035,-1.964057506399416,0.6894283610595773,-1.3017722863063843,4.8271787210301085,-0.5186077697278026,1.4811679310337675,-0.9340138426141262,-1.07538413437126
10.0,206.0,1000.0234375,-4.244099304707378,-2.952541473296358,-1.964057664219805,0.6894292744358612,-1.301770073182813,4.827176823422057,-0.5186078354848043,1.481167739490422,-0.9340149934705808,-1.075383818395626
10.0,206.0,1000.023193359375,-4.244100708462155,-2.9525360864930703,-1.9640573128562973,0.6894258843345202,-1.3017779885341332,4.827183433293925,-0.5186076609176133,1.4811682995731754,-0.9340107902188128,-1.0753851569790895
10.0,206.0,1000.023193359375,-4.24409816169967,-2.952545106740873,-1.9640579865248944,0.689431408322462,-1.301764842039658,4.827172438284356,-0.5186079964024106,1.481167223013827,-0.9340177063987278,-1.0753830241955311
10.0,206.0,1000.0233154296876,-4.2440993421327695,-2.952540745665006,-1.9640577913273185,0.6894286455002874,-1.3017713613506094,4.827177778023447,-0.5186078107958325,1.4811675837319456,-0.9340141686036532,-1.0753842483757876
10.0,206.0,1000.0232543945312,-4.244098728527591,-2.952543361826664,-1.964057737469692,0.6894304382538374,-1.301767032478474,4.827174549880521,-0.5186079665501975,1.481167590126188,-0.9340165073945066,-1.0753832456939212
10.0,206.0,1000.0233154296876,-4.244098980986116,-2.952542501421356,-1.9640578397189428,0.6894297541385717,-1.3017687636509252,4.827175626900885,-0.5186078914016532,1.4811674883096415,-0.934015653451688,-1.0753836911653964
10.0,206.0,1000.0232543945312,-4.244098629424784,-2.9525435471653934,-1.9640577892322533,0.689430548931302,-1.3017669194399684,4.827174344700728,-0.5186079683967657,1.481167552017176,-0.9340166294764494,-1.075383227367479
10.0,206.0,1000.0233154296876,-4.244099263902451,-2.952541471465346,-1.9640576699537564,0.6894292226819481,-1.3017700842272113,4.827176806611234,-0.5186078779355023,1.481167727066845,-0.934014973537666,-1.0753838050321614
10.0,206.0,1000.023193359375,-4.244097678728707,-2.952547132307257,-1.964058146946526,0.6894327232999284,-1.3017618366077532,4.827169946220771,-0.5186080198244749,1.481166998277116,-0.9340192641106356,-1.0753825518338629
10.0,206.0,1000.0233154296876,-4.244100102957881,-2.952538637567012,-1.9640573773324483,0.689427538636938,-1.3017739694900472,4.827180238725047,-0.5186078552012336,1.4811682706148153,-0.9340129634255492,-1.0753842753511815
10.0,206.0,1000.0233154296876,-4.2440986970548575,-2.9525430403394166,-1.9640579271277825,0.6894300239408047,-1.30176795347509,4.827174949647189,-0.5186079344337937,1.481167365263011,-0.934016030032466,-1.075383641924729
10.0,206.0,1000.0232543945312,-4.244100168597894,-2.9525381850137484,-1.96405748570282,0.6894271567995833,-1.301775013876212,4.827180820557725,-0.5186077629094497,1.481168087921347,-0.934012407860802,-1.075384667523958
10.0,206.0,1000.023193359375,-4.244098799757484,-2.952542915875143,-1.964057705114325,0.6894301457141951,-1.301767763922964,4.82717513833737,-0.5186079493066824,1.4811676687428976,-0.934016181069282,-1.0753833263970094
10.0,206.0,1000.0234375,-4.244099011590009,-2.952542310816748,-1.964057782520623,0.689429690275686,-1.3017688273344263,4.827175858649559,-0.5186078792688056,1.481167536246862,-0.9340155625653876,-1.07538366731927
10.0,206.0,1000.0233154296876,-4.244098441509966,-2.952544162370822,-1.964057940186048,0.6894308945725358,-1.3017662837768484,4.827173600947962,-0.5186079017177825,1.481167318189307,-0.9340169300173669,-1.0753833229478378
10.0,206.0,1000.0233764648438,-4.244099649591557,-2.952539983272064,-1.964057441009408,0.689428362480097,-1.301772174263394,4.827178716937576,-0.5186078705792214,1.4811680504126574,-0.9340139185731946,-1.0753841227429324
10.0,206.0,1000.0234375,-4.244101106832645,-2.952534857829165,-1.964057216641545,0.6894251020661244,-1.3017798719190594,4.827184919660564,-0.5186075878674465,1.4811684282348114,-0.9340098104212702,-1.0753855016005915
10.0,206.0,1000.023193359375,-4.24409806771691,-2.952545435584492,-1.9640579418158728,0.6894316856200806,-1.3017640221565157,4.827172007402544,-0.5186080452618187,1.4811673490141448,-0.934018088968248,-1.0753827445233464
10.0,206.0,1000.023193359375,-4.244099932217637,-2.9525389476776973,-1.9640574935220043,0.6894276409590692,-1.3017737459251697,4.827179938929904,-0.5186077925242252,1.4811680306673711,-0.934013059355002,-1.075384384871378
10.0,206.0,1000.0232543945312,-4.244098363283183,-2.952544559202249,-1.9640579603451207,0.6894310542986943,-1.3017656061416494,4.827173081024215,-0.518607979550783,1.4811673030729011,-0.9340173108873806,-1.0753831207266118
10.0,206.0,1000.023193359375,-4.244099801370787,-2.952539290004958,-1.96405749676406,0.6894278863034504,-1.301773287639445,4.827179485068216,-0.5186078147405357,1.4811679867083385,-0.9340133399786624,-1.075384348338313
10.0,206.0,1000.023193359375,-4.244099706358475,-2.9525397009417547,-1.964057523668808,0.689428142189124,-1.3017725548960843,4.827179004869276,-0.5186078039263702,1.4811679654433716,-0.9340136321806324,-1.0753842174818562
10.0,206.0,1000.0233154296876,-4.2440996998480935,-2.9525395480452263,-1.964057609098027,0.6894279215310064,-1.3017730313073117,4.827179176243726,-0.5186078414910824,1.481167840076047,-0.9340134442428728,-1.0753843686616888
10.0,206.0,1000.0233154296876,-4.244099777900296,-2.952539006413364,-1.9640575062139511,0.6894276199794103,-1.3017735415372278,4.827179849535915,-0.5186078289984639,1.481167954830088,-0.934013092817496,-1.0753844397607475
10.0,206.0,1000.0234375,-4.244100297074985,-2.9525379612522755,-1.964057418581944,0.6894270485382954,-1.3017751033532017,4.827181130193299,-0.5186077655732566,1.481168174048994,-0.934012290028334,-1.0753845443704102
10.0,206.0,1000.0232543945312,-4.244100797533733,-2.9525357577159674,-1.9640572256782725,0.6894257385990255,-1.3017783659036288,4.827183752120689,-0.5186077027737372,1.4811684763932584,-0.9340106348264436,-1.0753851405226111
10.0,206.0,1000.0232543945312,-4.244099992873174,-2.952538975695556,-1.964057488887013,0.6894276140027493,-1.3017737550725368,4.827179918286358,-0.5186077898720463,1.4811680566639076,-0.934013027390618,-1.075384372219132
10.0,207.0,1000.0233154296876,-4.244098391680687,-2.9525441036854505,-1.9640578846438723,0.6894308176368806,-1.3017661145653796,4.827173665754623,-0.5186079855839933,1.4811673920182864,-0.9340170113205372,-1.0753831907787652
10.0,207.0,1000.0233154296876,-4.244100244904998,-2.952537350963556,-1.96405751536226,0.689426616486192,-1.301776319004437,4.827181842663489,-0.5186077231876371,1.4811680430709693,-0.9340116853450944,-1.075384975210421
10.0,207.0,1000.0232543945312,-4.2440992426258735,-2.9525413695677694,-1.964057671977528,0.689429110989586,-1.3017701827849777,4.827177002160127,-0.5186078761289634,1.4811676731850678,-0.9340148936209482,-1.075383856566126
10.0,207.0,1000.0233154296876,-4.244098882314955,-2.9525425874071933,-1.964057886875162,0.6894298501226253,-1.3017686558426274,4.82717550936132,-0.5186078699288483,1.4811674846407836,-0.934015661662781,-1.0753837088311968
10.0,207.0,1000.0233154296876,-4.244101120531216,-2.9525343834505087,-1.964057053926192,0.6894249019197387,-1.3017801800659976,4.827185459597276,-0.5186077050341513,1.4811686683742753,-0.9340096906776392,-1.0753853814743293
10.0,207.0,1000.0232543945312,-4.244098789164187,-2.952542333033851,-1.964057883151712,0.689429647141103,-1.301768837090091,4.827175768372115,-0.518607947266668,1.4811674781144424,-0.934015560025057,-1.0753837065125076
10.0,207.0,1000.0233764648438,-4.244098989784691,-2.9525422129994645,-1.9640578316889563,0.6894295943505124,-1.301768996986291,4.827175941995176,-0.5186078907811105,1.4811675384652334,-0.9340154402130504,-1.075383709115895
10.0,207.0,1000.0233154296876,-4.244100067089176,-2.952538677881816,-1.9640574985211487,0.6894274873186248,-1.3017742660194838,4.827180218809561,-0.5186077576658512,1.481168035843373,-0.9340127772695066,-1.0753845385418943
10.0,207.0,1000.0233154296876,-4.244099477226596,-2.952540466729769,-1.964057714931977,0.689428513696237,-1.301771694253731,4.827178110952403,-0.5186078007767598,1.4811676934042168,-0.934014040118055,-1.075384223517463
10.0,207.0,1000.0232543945312,-4.244099647213503,-2.9525399559482866,-1.9640575370706777,0.6894283190184787,-1.3017722923663264,4.827178703226258,-0.5186078103697627,1.4811679125150246,-0.9340138545848315,-1.0753841637030923
10.0,207.0,1000.0232543945312,-4.244099228261874,-2.952541878691324,-1.9640576784306385,0.6894294223780619,-1.3017694974606204,4.82717635318469,-0.5186078790620927,1.481167666881154,-0.9340152972030912,-1.075383682015798
10.0,207.0,1000.0232543945312,-4.244099460214777,-2.95254093759456,-1.9640576039129665,0.6894288583092774,-1.301770858243125,4.827177557561424,-0.518607848130757,1.4811677772781096,-0.9340145836048172,-1.0753838957677022
10.0,207.0,1000.0233154296876,-4.244100026886416,-2.9525383397309684,-1.9640575340469888,0.6894271655199047,-1.301774686143386,4.82718064276089,-0.5186078030887167,1.4811679590929252,-0.9340125024618108,-1.0753846520809311
10.0,207.0,1000.0233764648438,-4.244098371799991,-2.952544612014179,-1.964057824762767,0.6894311994117732,-1.3017651849353369,4.827173041071731,-0.5186080075629356,1.4811674791301843,-0.934017473162542,-1.0753829157592416
10.0,207.0,1000.0234375,-4.244099301500461,-2.9525410670316536,-1.964057634050238,0.6894290062191484,-1.301770586545449,4.827177299491954,-0.5186078943797776,1.4811678269700623,-0.9340147080651108,-1.0753838895720644
10.0,207.0,1000.023193359375,-4.244099615529424,-2.952539987484366,-1.964057529431116,0.6894283887990316,-1.3017721121321042,4.827178677611183,-0.5186078026948291,1.4811679580320636,-0.9340138717020904,-1.075384118835489
10.0,207.0,1000.0233154296876,-4.244099407070217,-2.9525409501895945,-1.9640577197299256,0.6894287904735137,-1.301770929171859,4.827177464266564,-0.5186078326985868,1.481167695578696,-0.9340144610870312,-1.0753840513903064
10.0,207.0,1000.023193359375,-4.244099314438049,-2.952541386119641,-1.9640576687673488,0.6894291104226236,-1.3017702103332418,4.8271770074460765,-0.5186078394134661,1.4811676878392852,-0.9340148489049512,-1.0753838751911804
10.0,207.0,1000.0232543945312,-4.244100868191081,-2.9525349238766685,-1.9640573979636613,0.6894250165348925,-1.301779873200843,4.827184788089209,-0.518607670909156,1.4811682444236842,-0.934009778689184,-1.0753855983402945
10.0,207.0,1000.0232543945312,-4.244098482991465,-2.9525441171343885,-1.9640578300104503,0.6894308824664188,-1.3017660517323342,4.827173641385569,-0.5186079854115979,1.4811674943096058,-0.934017052643842,-1.075383091146377
10.0,207.0,1000.0232543945312,-4.244099469145619,-2.9525405678569747,-1.9640575769529989,0.6894286385265938,-1.3017712718723988,4.827177942499327,-0.518607896583756,1.4811679059031029,-0.9340143550894924,-1.075383930609525
10.0,207.0,1000.0232543945312,-4.2441001013909805,-2.9525387475726776,-1.9640574915399995,0.689427496546501,-1.3017741913813483,4.827180242214693,-0.5186077357000931,1.4811679878173356,-0.9340127912507858,-1.0753845016802135
10.0,207.0,1000.0232543945312,-4.24410003779734,-2.952538813827396,-1.964057393537341,0.6894276181524166,-1.3017738620401524,4.827180129098702,-0.5186077834535165,1.4811681181284309,-0.934013019201906,-1.0753843208256804
10.0,207.0,1000.0233154296876,-4.244098941445803,-2.9525424963850413,-1.964057754527384,0.6894298321104042,-1.3017684225538275,4.827175590220024,-0.5186079197642028,1.4811676333014203,-0.9340157882316992,-1.075383502910496
10.0,207.0,1000.0232543945312,-4.244100894289772,-2.952535525778877,-1.9640571270357745,0.6894255987783104,-1.3017785590221282,4.827184108673443,-0.5186077033102983,1.481168566736848,-0.9340105517589096,-1.0753850534569729
10.0,207.0,1000.0232543945312,-4.244098573743679,-2.952543582118719,-1.96405782158738,0.6894305564144716,-1.3017668223553276,4.827174255964211,-0.518607974227626,1.4811675386296352,-0.9340166194188076,-1.0753833008775149
10.0,207.0,1000.0233154296876,-4.244098918695981,-2.952542399955359,-1.9640576363714903,0.6894298691590031,-1.3017684193645014,4.827175724593971,-0.5186079700808328,1.4811677571312911,-0.9340158261288724,-1.0753834451882711
10.0,207.0,1000.0232543945312,-4.244099923521095,-2.9525388850131,-1.9640575187126383,0.689427567066522,-1.3017738044826332,4.827179959005058,-0.5186078177538338,1.4811679583334598,-0.9340130222533292,-1.0753844157551091
10.0,207.0,1000.0232543945312,-4.244099450808756,-2.952540927290265,-1.964057658905971,0.6894288811400973,-1.3017708863842654,4.827177531217647,-0.5186078375725129,1.4811678009394864,-0.9340145109683746,-1.075383935407257
10.0,207.0,1000.023193359375,-4.244098796848397,-2.952542825969237,-1.9640578192213525,0.6894300596256375,-1.3017680525418158,4.827175170875272,-0.5186079314397691,1.4811675617227946,-0.9340160036922098,-1.075383501638962
10.0,207.0,1000.0233764648438,-4.244100441464654,-2.9525374127244755,-1.9640573197000584,0.6894267549432733,-1.3017760244873378,4.827181804556728,-0.5186077206314703,1.4811682465903866,-0.934011888709728,-1.0753847445388187
10.0,207.0,1000.0233154296876,-4.244099751107385,-2.9525394445329844,-1.96405764084378,0.6894279082794705,-1.3017731502385423,4.827179317441392,-0.5186077502494149,1.481167824876466,-0.9340132896128814,-1.0753844595877728
10.0,207.0,1000.023193359375,-4.244099963545621,-2.95253938669852,-1.9640573414753804,0.6894280810916786,-1.3017727799038026,4.827179412688118,-0.5186078229975326,1.481168223244885,-0.9340136045988424,-1.0753840098663423
10.0,207.0,1000.023193359375,-4.244099133799727,-2.952541598252583,-1.9640577802544303,0.6894292301478728,-1.3017700149892688,4.827176708721996,-0.5186078430008463,1.4811675732268696,-0.9340149665490216,-1.0753839078932286
10.0,207.0,1000.0232543945312,-4.244098324547652,-2.9525446507431776,-1.9640579737530688,0.6894311505164366,-1.3017656217627058,4.827172952140833,-0.5186079569618371,1.4811672924673145,-0.9340173376527484,-1.0753832126303935
10.0,207.0,1000.0232543945312,-4.244098611904793,-2.9525441683984703,-1.964057859344618,0.6894309126976133,-1.301766088433622,4.827173586771847,-0.5186079199823741,1.4811674026969444,-0.9340170151962184,-1.0753831642353906
10.0,207.0,1000.023193359375,-4.244099881440718,-2.952538889959213,-1.964057612065341,0.6894275304735666,-1.3017739995025588,4.827180012231036,-0.518607770814663,1.4811678984943717,-0.9340128569137338,-1.075384551505164
10.0,207.0,1000.0232543945312,-4.244099324006989,-2.952540989337091,-1.96405769244947,0.6894288936056716,-1.3017707671485177,4.827177447289795,-0.5186078426312974,1.4811676898653054,-0.934014568338048,-1.0753839773109912
10.0,207.0,1000.0232543945312,-4.244100776593426,-2.952535895221784,-1.9640572805126064,0.689425747165461,-1.301778194514522,4.827183644131072,-0.5186076969032127,1.4811683347768954,-0.9340106882102884,-1.0753851523505364
10.0,207.0,1000.023193359375,-4.244100073334861,-2.9525383903734874,-1.9640574869057696,0.6894273530539312,-1.3017746539494186,4.827180589587265,-0.518607722977066,1.4811680513041248,-0.9340125672879198,-1.0753846195206012
10.0,207.0,1000.023193359375,-4.244099784339658,-2.95253963307748,-1.9640575430438216,0.6894281347548814,-1.301772763026924,4.827179151937811,-0.5186077785306891,1.4811679807551936,-0.9340134776571372,-1.075384277958194
10.0,207.0,1000.023193359375,-4.244099463388434,-2.9525404012004053,-1.9640576255136928,0.6894285238746001,-1.301771566210579,4.827178133622192,-0.5186078653263841,1.481167816866627,-0.9340141700742643,-1.0753840680797189
10.0,207.0,1000.0232543945312,-4.244099323692578,-2.952541128663967,-1.9640575969551624,0.6894290478179643,-1.3017704315844192,4.827177234807394,-0.5186078844511393,1.4811678542638154,-0.9340147827954048,-1.0753838490936922
10.0,207.0,1000.0232543945312,-4.244099079929742,-2.952541820125309,-1.9640576446035984,0.6894294787643869,-1.3017693204742429,4.827176419531053,-0.5186079375988237,1.481167799679211,-0.934015333651427,-1.0753836080830763
10.0,207.0,1000.0233764648438,-4.244099320201913,-2.952541093194703,-1.9640577962845,0.6894288599334768,-1.301770916458563,4.827177321130304,-0.5186078161839989,1.4811675789382657,-0.934014479213424,-1.075384132414599
10.0,207.0,1000.0233154296876,-4.2440991470980585,-2.952541776883579,-1.9640577072645569,0.6894294282071449,-1.3017695457839338,4.827176484846014,-0.518607873111443,1.4811676928691124,-0.9340151945743722,-1.0753837084494045
10.0,207.0,1000.023193359375,-4.244099029104172,-2.9525416576430947,-1.964057796427519,0.6894292438739082,-1.3017698199090804,4.827176601670223,-0.5186078932776264,1.4811675510369513,-0.9340150629256784,-1.0753838672954408
10.0,207.0,1000.023193359375,-4.244101105998068,-2.952534776541075,-1.9640571063064844,0.6894250961303552,-1.3017796132689572,4.8271849937826286,-0.5186077051707629,1.4811686475360863,-0.9340099580420632,-1.0753852136948714
10.0,207.0,1000.0232543945312,-4.244099253760624,-2.952541371999237,-1.964057597292142,0.6894292381609235,-1.30176997168928,4.827176944751345,-0.5186079348503405,1.4811678743711465,-0.9340150226856272,-1.075383677727888
10.0,207.0,1000.0233154296876,-4.244099204153795,-2.952541914423933,-1.964057688427944,0.6894294821160365,-1.301769447527068,4.82717636343407,-0.5186078735639752,1.4811677179501457,-0.9340153046522096,-1.0753836387201812
10.0,208.0,1000.023193359375,-4.244100148018659,-2.9525380072896987,-1.9640574699986493,0.6894270466776788,-1.3017751209200972,4.827181060172865,-0.5186077589751363,1.4811680914730203,-0.9340122854103736,-1.0753846426412017
10.0,208.0,1000.023193359375,-4.24410148497538,-2.952533511858938,-1.964057082166764,0.689424252752282,-1.301781689784149,4.8271865679261445,-0.5186076317783055,1.4811686750292674,-0.9340088934238312,-1.0753856419493424
10.0,208.0,1000.0234375,-4.244099466765022,-2.9525402928870443,-1.9640575536910496,0.6894285214344666,-1.301771531893162,4.827178278595429,-0.5186078818632831,1.481167937128555,-0.9340141743792936,-1.075383977190466
10.0,208.0,1000.0232543945312,-4.24409983925101,-2.952539333469709,-1.9640575007148424,0.6894278945557994,-1.301773123529562,4.82717944147449,-0.5186078199342496,1.4811679868962733,-0.93401338579116,-1.0753842635124975
10.0,208.0,1000.0233154296876,-4.244099285864677,-2.9525411126018994,-1.964057692019539,0.6894289994850382,-1.3017705991737505,4.827177263826348,-0.5186078322939904,1.4811677139177473,-0.9340146801150172,-1.0753839488296606
10.0,208.0,1000.023193359375,-4.244099362104854,-2.9525412650023446,-1.964057653362952,0.6894290818980497,-1.3017703717568674,4.8271771207999095,-0.518607843937696,1.4811677266182102,-0.9340147832795987,-1.075383884716881
10.0,208.0,1000.0232543945312,-4.244099821900264,-2.952539225705896,-1.9640575941154403,0.6894277724981954,-1.3017735008872662,4.827179591418272,-0.5186077877946644,1.4811679209904105,-0.9340131451680592,-1.0753844523194274
10.0,208.0,1000.0233154296876,-4.2441000053658176,-2.9525387339722444,-1.964057479028718,0.6894274920332331,-1.301774014056789,4.827180178722539,-0.5186077970188894,1.4811680627520405,-0.9340128984446254,-1.0753844070288243
10.0,208.0,1000.023193359375,-4.244099625867417,-2.95254059650046,-1.964057468879349,0.6894288181456041,-1.301771130159489,4.827177998529226,-0.5186077986921802,1.4811679880775248,-0.9340143804032062,-1.07538388568351
10.0,208.0,1000.0233154296876,-4.244100506266524,-2.9525370409999345,-1.9640572647531045,0.6894265551950198,-1.301776384549676,4.827182272631674,-0.5186077335000574,1.4811683541222065,-0.934011666293136,-1.075384733826008
10.0,208.0,1000.0233154296876,-4.244100701836565,-2.952536362928321,-1.964057229884287,0.6894261222312483,-1.3017774584768302,4.827183082070642,-0.5186076953034551,1.4811684194499586,-0.9340111083119133,-1.0753849535394449
10.0,208.0,1000.0232543945312,-4.244099474285485,-2.9525408132163005,-1.9640575949500567,0.6894288367027244,-1.3017710383369168,4.8271777137840015,-0.5186078150693803,1.4811678176248255,-0.9340144683805648,-1.0753839426794332
10.0,208.0,1000.023193359375,-4.244099891964911,-2.952538966355318,-1.9640575003029623,0.689427698402497,-1.3017736033046727,4.827179867529996,-0.518607817772164,1.4811680788869026,-0.934013089736605,-1.0753843523663216
10.0,208.0,1000.023193359375,-4.244100122733638,-2.9525380169280537,-1.9640574557952728,0.6894270615785159,-1.301775134079138,4.827181034540834,-0.5186077870455854,1.4811680818365218,-0.9340123282779292,-1.0753846567165932
10.0,208.0,1000.023193359375,-4.244100257172042,-2.952537714706474,-1.964057409345472,0.6894268737968288,-1.3017755725608051,4.827181448806263,-0.5186077646075535,1.4811681443992253,-0.9340120822452996,-1.0753847328684585
10.0,208.0,1000.0232543945312,-4.244099707940967,-2.9525397124566046,-1.9640574812817309,0.6894282092839346,-1.3017723760619455,4.827179012405825,-0.5186078327745074,1.481168053491464,-0.9340137270143228,-1.0753840782900823
10.0,208.0,1000.023193359375,-4.244097735625401,-2.952546934607528,-1.964058039447784,0.6894326321548752,-1.3017620170329365,4.827170235499722,-0.5186080421750896,1.4811671089579983,-0.9340192011328048,-1.0753824846506408
10.0,208.0,1000.0233764648438,-4.244099409256965,-2.952540998178385,-1.9640576490093105,0.6894289220693581,-1.3017708222513615,4.827177466444802,-0.5186078283196025,1.4811677659464395,-0.9340145580987862,-1.075383969233085
10.0,208.0,1000.0233154296876,-4.244099278803919,-2.9525411515041053,-1.964057693667532,0.6894290159066152,-1.301770482575246,4.827177238939258,-0.5186078696271519,1.481167750428387,-0.9340147147329364,-1.0753838725241938
10.0,208.0,1000.023193359375,-4.2441000398612685,-2.952538385258749,-1.9640574532800648,0.6894273196691847,-1.3017745265577751,4.827180583763555,-0.518607783808176,1.4811680918561052,-0.9340126377103708,-1.0753845344008517
10.0,208.0,1000.0233764648438,-4.244098398590713,-2.952544634980516,-1.964057845019596,0.6894311768096504,-1.3017653398306075,4.827173026658265,-0.5186079646649064,1.4811674220168172,-0.9340174496243234,-1.0753829937174992
10.0,208.0,1000.023193359375,-4.244100509678142,-2.95253738904496,-1.9640572041614108,0.6894268223292546,-1.3017757626114883,4.8271818600717324,-0.5186077565539273,1.4811684572653228,-0.9340120104692816,-1.0753845203513714
10.0,208.0,1000.0232543945312,-4.244099999950364,-2.952538879291482,-1.9640574858102888,0.6894276318043735,-1.3017738292295884,4.827179985453393,-0.5186077794014867,1.4811680359355028,-0.9340129790110944,-1.075384441935897
10.0,208.0,1000.0233154296876,-4.24409943101605,-2.9525406607808,-1.9640576920862955,0.6894286453619101,-1.301771313495447,4.827177806849576,-0.5186078514441057,1.4811677196162307,-0.9340143186429142,-1.075384036895758
10.0,208.0,1000.0233154296876,-4.24410118081276,-2.952534458222744,-1.9640570942234103,0.6894249237584082,-1.3017802486138748,4.827185390506374,-0.5186076496074241,1.4811685994224757,-0.934009680366831,-1.0753854264736793
10.0,208.0,1000.0232543945312,-4.244099604073986,-2.952540055853472,-1.9640575248726504,0.6894283812619637,-1.301771992070666,4.827178555812578,-0.5186078760518091,1.481167975020714,-0.934014006909332,-1.0753840280852414
10.0,208.0,1000.023193359375,-4.24409922929133,-2.9525415411729927,-1.9640576843874245,0.6894292500495975,-1.301769871066465,4.827176776984967,-0.5186078859913836,1.4811677357777286,-0.9340150528122236,-1.075383723837961
10.0,208.0,1000.0232543945312,-4.244099607959505,-2.952540105053568,-1.964057598289377,0.6894283748277994,-1.301772092535754,4.827178514753557,-0.5186077880483504,1.4811678305397136,-0.9340138999898412,-1.07538417379891
10.0,208.0,1000.023193359375,-4.244098799390873,-2.9525427886837057,-1.9640578524170385,0.6894300142144036,-1.3017680713570394,4.827175237772456,-0.5186079219688802,1.48116750044327,-0.9340159422666918,-1.0753835243484793
10.0,208.0,1000.0233154296876,-4.244099208301664,-2.9525414254964746,-1.9640575993510585,0.689429257038614,-1.3017699473881494,4.827176893798887,-0.5186079032362008,1.4811678523636278,-0.9340150352342677,-1.0753837427616846
10.0,208.0,1000.0232543945312,-4.244100115915284,-2.952538279996663,-1.96405747266345,0.6894272754444408,-1.30177472951708,4.827180741106417,-0.5186077235658528,1.4811680887803131,-0.93401249558877,-1.0753845666551607
10.0,208.0,1000.0232543945312,-4.244099715167429,-2.9525398197168404,-1.964057511450061,0.6894282416468798,-1.3017723336081355,4.827178869751862,-0.5186078103131484,1.4811679826031303,-0.9340137649160116,-1.075384092718194
10.0,208.0,1000.023193359375,-4.2441001429003125,-2.952538125321545,-1.964057526407008,0.6894271239113685,-1.3017750837374755,4.8271809026162575,-0.5186077380497771,1.4811680419973356,-0.9340123203038936,-1.075384672273605
10.0,208.0,1000.0233764648438,-4.244100215609342,-2.9525383999177235,-1.9640572943793584,0.6894274671263005,-1.3017742259805756,4.827180628237692,-0.5186077904521698,1.4811683121998795,-0.9340127864198796,-1.0753842702893914
10.0,208.0,1000.023193359375,-4.244099786444481,-2.9525397452940214,-1.964057493408048,0.6894282541007568,-1.3017724704916525,4.82717893284245,-0.5186078039772237,1.4811680471737247,-0.9340136947499484,-1.0753841585409427
10.0,208.0,1000.0233154296876,-4.244098938164012,-2.952542883826944,-1.9640577518868287,0.6894301247287329,-1.3017678605560694,4.827175174496327,-0.518607877649476,1.481167593378146,-0.9340160735268236,-1.0753833986443628
10.0,208.0,1000.0232543945312,-4.244099241705792,-2.952541167856109,-1.96405772938274,0.689428971294368,-1.3017704779415218,4.827177227554758,-0.5186078735315602,1.4811677133953849,-0.934014684070144,-1.07538391651395
10.0,208.0,1000.0232543945312,-4.244099442466034,-2.952540872262875,-1.9640576327307369,0.6894288505283539,-1.3017709229593195,4.827177613806358,-0.5186078312868849,1.4811678036008926,-0.93401452298931,-1.0753839141062214
10.0,208.0,1000.0232543945312,-4.244100096304024,-2.9525385244057207,-1.9640574187661184,0.6894274189475507,-1.3017742569124149,4.827180472520569,-0.5186077631031276,1.48116810652403,-0.934012760291716,-1.0753844331673577
10.0,208.0,1000.023193359375,-4.244099922944786,-2.9525389508775075,-1.964057428530857,0.689427678088891,-1.301773568869276,4.827179950869558,-0.5186078183357301,1.48116807910474,-0.9340131390995844,-1.0753842905117166
10.0,208.0,1000.0234375,-4.244099704641774,-2.952540303514928,-1.9640575135350968,0.6894286071041531,-1.3017717248366778,4.8271783284192775,-0.5186077662697599,1.4811679743044817,-0.9340141429708018,-1.0753839772208558
10.0,208.0,1000.023193359375,-4.244100299644109,-2.952537807690764,-1.964057352220448,0.6894270384725685,-1.3017753167479107,4.827181279135056,-0.5186077310105528,1.4811682321251185,-0.934012244919752,-1.075384614165698
10.0,208.0,1000.0233154296876,-4.244099281878149,-2.952541189862766,-1.9640576316642373,0.6894291116736104,-1.3017703994137535,4.827177195239001,-0.5186078508350596,1.4811677968477124,-0.934014802311948,-1.075383849035182
10.0,208.0,1000.0232543945312,-4.244099023677535,-2.9525421394474907,-1.964057681622747,0.6894296919426557,-1.3017688286470297,4.827176052454126,-0.5186078970134842,1.4811677485499573,-0.9340155581853268,-1.0753835450116505
10.0,208.0,1000.0234375,-4.24409961029821,-2.952539930872347,-1.964057512763357,0.6894283673015691,-1.3017721600237504,4.827178717963758,-0.5186078156075293,1.4811679960720785,-0.934013890249256,-1.0753840847878933
10.0,208.0,1000.023193359375,-4.244099520944399,-2.952540579439609,-1.9640576254324675,0.6894286594304653,-1.301771421101194,4.82717795159166,-0.518607810119569,1.4811678218738065,-0.9340142401331396,-1.0753840577931468
10.0,208.0,1000.0232543945312,-4.244100202094702,-2.952538258986831,-1.964057348371224,0.689427334104944,-1.301774608235298,4.827180786891098,-0.5186077643263891,1.4811682172129936,-0.9340126219238218,-1.075384437487315
10.0,208.0,1000.023193359375,-4.244099176091698,-2.95254155323552,-1.9640576969168229,0.6894292846832615,-1.3017698441060128,4.8271767567206485,-0.5186079013873863,1.4811677354628603,-0.93401507159148,-1.0753837375441426
10.0,208.0,1000.023193359375,-4.244100452560739,-2.952537263767989,-1.96405723366773,0.6894267297502488,-1.3017759156096615,4.827181961966074,-0.5186077545999437,1.4811683706536396,-0.934011916847984,-1.0753846350217833
10.0,208.0,1000.0233154296876,-4.244099548657934,-2.952540221667714,-1.9640576267687453,0.6894283799282253,-1.3017719126822995,4.827178356963902,-0.5186078373942298,1.4811678248700408,-0.9340140250356584,-1.0753841227748238
10.0,209.0,1000.0233764648438,-4.244099330964733,-2.952540995246412,-1.9640577753602104,0.6894288506825816,-1.3017708855477768,4.827177396977207,-0.5186078282072479,1.4811676137985763,-0.9340144792238538,-1.0753840690778826
10.0,209.0,1000.0233154296876,-4.244099285328411,-2.95254108192502,-1.964057730618044,0.6894289479407227,-1.3017706820398764,4.827177323483152,-0.5186078395553633,1.4811676868860602,-0.9340145869170352,-1.0753839969326575
10.0,209.0,1000.023193359375,-4.244100156734196,-2.9525380306959894,-1.9640574257335888,0.6894271056692505,-1.3017750166592923,4.827181053180581,-0.5186077532951909,1.4811681196984583,-0.9340123367183386,-1.075384604379821
10.0,209.0,1000.023193359375,-4.244099704262785,-2.9525396739333134,-1.964057568508116,0.6894281091433188,-1.3017726136952463,4.827179035260965,-0.5186077963263518,1.4811679010652874,-0.9340135932469202,-1.0753842550305808
10.0,209.0,1000.0233154296876,-4.244099230733681,-2.952541177773302,-1.964057686802609,0.6894290380415153,-1.301770479100388,4.827177199660795,-0.5186078761367083,1.4811677546969282,-0.9340147384638646,-1.075383894030859
10.0,209.0,1000.0233764648438,-4.244099922292553,-2.9525386457510683,-1.9640574837827112,0.6894275024158905,-1.301774070041763,4.827180264249746,-0.5186077934156792,1.481168059528171,-0.9340128365700576,-1.0753844571705011
10.0,209.0,1000.0232543945312,-4.244099578868962,-2.9525403852544483,-1.9640576283399875,0.6894285275955179,-1.301771670618864,4.8271782009810575,-0.5186078231685034,1.4811678404810626,-0.934014091504994,-1.0753840649618738
10.0,209.0,1000.0234375,-4.244099248295156,-2.952541495755701,-1.9640575805892828,0.6894293124791044,-1.3017697048431258,4.827176831652992,-0.5186079237019889,1.4811678702549438,-0.934015126081718,-1.0753836137791044
10.0,209.0,1000.023193359375,-4.24409923277478,-2.952541675472504,-1.9640575703021752,0.6894294411964088,-1.3017694684254364,4.827176620301616,-0.5186079196409903,1.4811678613708086,-0.9340152797790447,-1.075383549623611
10.0,209.0,1000.0233154296876,-4.244099666256702,-2.952539857220762,-1.9640575443300257,0.6894282707885688,-1.301772324533598,4.827178798891337,-0.5186078258587052,1.4811679527352697,-0.9340137666617014,-1.0753841703116822
10.0,209.0,1000.0233154296876,-4.244099481895367,-2.952540611480974,-1.9640575694226268,0.6894287176084894,-1.3017712250977702,4.827177901074167,-0.5186078560776748,1.481167877016735,-0.934014371422542,-1.075383987428543
10.0,209.0,1000.0233764648438,-4.244099480459226,-2.9525409825188964,-1.964057543757685,0.6894289860080391,-1.3017705445558765,4.827177486732557,-0.5186078782973293,1.481167936041711,-0.9340146941264004,-1.0753837463033742
10.0,209.0,1000.0234375,-4.244099779912574,-2.9525394996644287,-1.9640574702414064,0.6894281041046053,-1.301772809755871,4.827179193135503,-0.5186078165294479,1.4811680665826268,-0.9340135705896816,-1.0753841891844065
10.0,209.0,1000.0232543945312,-4.244100236573538,-2.952538045823981,-1.96405736435742,0.6894271447129601,-1.3017748954886117,4.827181041769384,-0.5186077761847532,1.4811682428354969,-0.9340124209619304,-1.075384483275804
10.0,209.0,1000.023193359375,-4.244100035502283,-2.952538908548149,-1.9640573907211003,0.6894277153195176,-1.3017736678981913,4.827180006354823,-0.5186077704392948,1.481168144594399,-0.9340130871297864,-1.0753842920833616
10.0,209.0,1000.0234375,-4.2441005708031465,-2.952536797842899,-1.964057318205976,0.6894263776900464,-1.3017768665942224,4.827182543960124,-0.5186077004034013,1.481168317454669,-0.934011408365622,-1.0753848907375048
10.0,209.0,1000.0233764648438,-4.24409927370659,-2.952540998297083,-1.964057705599652,0.689428880016437,-1.3017707616082874,4.827177413290286,-0.5186078714069051,1.4811677112701809,-0.9340145782976048,-1.0753839714960112
10.0,209.0,1000.0232543945312,-4.244100014635277,-2.9525388915660007,-1.9640574416703127,0.6894276908440045,-1.3017737571208658,4.8271800323701335,-0.5186077684443218,1.4811681031187964,-0.9340130072532205,-1.0753843628879831
10.0,209.0,1000.023193359375,-4.244098688727458,-2.952543229042099,-1.964057939355505,0.6894302529080507,-1.3017676968624523,4.827174710234614,-0.5186078814533213,1.4811673787046704,-0.9340161993105536,-1.0753835328464438
10.0,209.0,1000.0233764648438,-4.244100399001548,-2.9525373739881697,-1.964057398439981,0.6894266593108451,-1.301776090178798,4.82718182379781,-0.5186077392285036,1.481168191375927,-0.9340118004943728,-1.0753848112108906
10.0,209.0,1000.0233764648438,-4.244100745702773,-2.9525360400846616,-1.964057205505192,0.6894259257575701,-1.3017778188094162,4.8271834787809365,-0.518607713717472,1.481168495333498,-0.9340108771062868,-1.0753849792754306
10.0,209.0,1000.023193359375,-4.244100233585959,-2.9525377569540034,-1.964057432735645,0.6894269180051982,-1.3017755448050723,4.8271813772305645,-0.5186077248660439,1.4811681367371623,-0.9340120698134982,-1.0753847586939642
10.0,209.0,1000.0233154296876,-4.244098866993543,-2.952542707890728,-1.9640578147715504,0.6894299543657398,-1.3017682378650082,4.827175347385076,-0.5186078983284919,1.4811675261740245,-0.9340158980211184,-1.0753835475915778
10.0,209.0,1000.0232543945312,-4.244099977787171,-2.9525389572716016,-1.9640574104248725,0.6894278010896784,-1.301773549887618,4.827179895659565,-0.5186077706660805,1.4811681386051685,-0.9340131333821242,-1.0753843096147957
10.0,209.0,1000.023193359375,-4.244099988666898,-2.952538878090641,-1.9640573581767828,0.6894277195953347,-1.3017735601045577,4.827179994772582,-0.5186078242191066,1.4811682068273555,-0.9340131548854398,-1.0753842047460265
10.0,209.0,1000.0233154296876,-4.244100218690311,-2.9525375687661843,-1.964057450998414,0.6894267624778108,-1.301775783656884,4.827181558861083,-0.5186077673431901,1.4811681023298338,-0.9340119220753628,-1.0753848309295213
10.0,209.0,1000.0232543945312,-4.244099841163202,-2.952539251195097,-1.9640574643384672,0.6894278788602257,-1.301773199573884,4.827179574481304,-0.5186078186668466,1.4811680278218713,-0.9340133208821424,-1.0753842884618203
10.0,209.0,1000.0233154296876,-4.244099647901493,-2.952539878735755,-1.9640576082538088,0.6894282638945999,-1.3017723529590324,4.8271787578277205,-0.5186078127350555,1.481167930778148,-0.934013747391619,-1.0753841513799651
10.0,209.0,1000.023193359375,-4.244100105374514,-2.9525382106652573,-1.964057448279978,0.6894272080638695,-1.301774792680492,4.827180846823278,-0.5186077779716092,1.4811681024169587,-0.934012467806026,-1.075384581760106
10.0,209.0,1000.0233154296876,-4.244099905179362,-2.9525392805445687,-1.9640574847481973,0.6894278860246947,-1.3017731982810703,4.827179539235054,-0.518607784279105,1.4811680156398674,-0.934013306289855,-1.0753842727585132
10.0,209.0,1000.0234985351562,-4.244100496438312,-2.952536779486491,-1.96405731431728,0.6894263584788005,-1.301776881918112,4.827182536511174,-0.5186077362527373,1.481168321788429,-0.9340114407944836,-1.0753849002065037
10.0,209.0,1000.023193359375,-4.244100286397355,-2.952537292815767,-1.9640573933445005,0.6894266056464264,-1.301776061679194,4.827181894547195,-0.5186077870642318,1.4811682022087511,-0.9340117918184454,-1.0753847946290611
10.0,209.0,1000.023193359375,-4.244098549670008,-2.9525439808801264,-1.9640578178921555,0.6894308111791494,-1.301766243265667,4.8271738276427865,-0.5186079532041505,1.4811675039154162,-0.9340169678681782,-1.0753830977095236
10.0,209.0,1000.0232543945312,-4.24409972249312,-2.952539846450774,-1.964057540600713,0.6894282201919522,-1.3017723579445506,4.827178857309392,-0.518607820650022,1.481167958193402,-0.9340137214073287,-1.0753841302703893
10.0,209.0,1000.0232543945312,-4.244099566305218,-2.9525401758200056,-1.9640576257433908,0.6894284101772445,-1.3017719416831257,4.827178424035715,-0.518607825743322,1.481167842450274,-0.9340139441968168,-1.0753841304480425
10.0,209.0,1000.023193359375,-4.244100750326829,-2.952536191272711,-1.96405724721598,0.6894259952770607,-1.3017777601910554,4.827183293748066,-0.5186076952986562,1.481168375676793,-0.9340109317539528,-1.0753850564198846
10.0,209.0,1000.0233154296876,-4.244100237341638,-2.9525378106565814,-1.9640574169245784,0.6894269488374425,-1.3017753354590993,4.827181299654368,-0.5186077617926843,1.4811681702342554,-0.9340121815697656,-1.0753846536674634
10.0,209.0,1000.0233154296876,-4.244099870206474,-2.952539447902422,-1.964057475262507,0.6894280157868939,-1.3017729302752667,4.8271793336881625,-0.518607791309952,1.4811680149920132,-0.9340134766616366,-1.0753842298070482
10.0,209.0,1000.0233154296876,-4.244099034872669,-2.9525423851172885,-1.9640577145393552,0.6894297844567969,-1.3017686601145324,4.827175791804141,-0.5186078882765779,1.48116765875203,-0.9340156708200712,-1.0753835334595596
10.0,209.0,1000.0233154296876,-4.24409948172063,-2.95254046200192,-1.9640575583441875,0.6894286110917562,-1.3017714418994557,4.827178076571837,-0.5186078762612354,1.4811679480291566,-0.9340142485018575,-1.0753839923576811
10.0,209.0,1000.0233154296876,-4.244100373957712,-2.952537497624787,-1.9640573688198169,0.6894267827497185,-1.3017758729308584,4.827181690367867,-0.5186077572546086,1.4811682374766502,-0.9340119407295936,-1.0753847112119912
10.0,209.0,1000.0232543945312,-4.244099726649967,-2.952539622376475,-1.9640574901997223,0.6894281242037845,-1.301772579004454,4.827179084194963,-0.5186078493490074,1.4811680467291186,-0.9340136475113124,-1.0753841646910691
10.0,209.0,1000.023193359375,-4.244098835344023,-2.952542679922465,-1.9640577503147227,0.6894299953032252,-1.3017680731980463,4.827175368296595,-0.5186079454703645,1.4811676232407391,-0.9340159957163134,-1.07538340120571
10.0,209.0,1000.0233154296876,-4.244098714345263,-2.952543126275034,-1.964057913004732,0.689430207949072,-1.3017677536068168,4.827174833429918,-0.5186078971938013,1.481167398781464,-0.9340161310813836,-1.075383553924274
10.0,209.0,1000.0232543945312,-4.244099153536188,-2.952541780464648,-1.9640576998674453,0.6894294219871124,-1.301769498091652,4.827176480191262,-0.5186078951034121,1.4811677042696214,-0.9340152510191356,-1.07538366391032
10.0,209.0,1000.0232543945312,-4.244099926109454,-2.9525389314081694,-1.9640576182872624,0.6894275437531867,-1.301773975918672,4.827179941978658,-0.518607763162481,1.481167824824218,-0.9340129013608128,-1.075384562939694
10.0,209.0,1000.023193359375,-4.2440996192353575,-2.9525403941058674,-1.964057582496192,0.6894285653718963,-1.3017716148169738,4.827178182999477,-0.5186078196590307,1.4811678611589807,-0.9340141650214022,-1.0753840207772831
10.0,209.0,1000.0232543945312,-4.244100538166145,-2.9525371464197407,-1.964057197831484,0.6894266809602945,-1.30177612211018,4.827182113598559,-0.5186077515193555,1.481168460360465,-0.9340118385341823,-1.0753846024172709
10.0,209.0,1000.0232543945312,-4.244100012588524,-2.952538492164244,-1.9640574369916703,0.6894273960186137,-1.3017742385211983,4.827180477131126,-0.5186078053590109,1.4811681166037562,-0.934012750979278,-1.0753844210683123
10.0,209.0,1000.0232543945312,-4.244100177740797,-2.9525381847132346,-1.96405746356064,0.6894271438122992,-1.3017748826408986,4.827180877212486,-0.5186077678368175,1.4811680856430511,-0.9340124274968984,-1.0753845575106826
10.0,210.0,1000.0234375,-4.244100355157609,-2.952537508747353,-1.9640573809729056,0.6894268039268212,-1.301775826593063,4.827181701275858,-0.5186077172098331,1.4811681981307725,-0.9340119280675916,-1.0753847395528968
10.0,210.0,1000.0233154296876,-4.2441001704952015,-2.952538327648014,-1.9640573680376725,0.6894273544382816,-1.3017745332679986,4.8271806660760745,-0.5186077852573279,1.4811682078378796,-0.9340126427801928,-1.0753844523330829
10.0,210.0,1000.0233154296876,-4.244099878316948,-2.9525391972020465,-1.9640575117335768,0.6894278256782798,-1.3017733319447125,4.82717961162502,-0.5186077967078475,1.4811679945068867,-0.9340132401965686,-1.0753843430946448
10.0,210.0,1000.0232543945312,-4.244099686539635,-2.952540110777951,-1.9640575382106915,0.6894284092631944,-1.3017720222408165,4.827178538272852,-0.5186078061617021,1.4811679311023394,-0.9340139315644312,-1.0753841049188346
10.0,210.0,1000.0232543945312,-4.244099392445159,-2.952540596124733,-1.964057617883152,0.6894287015138376,-1.3017712189359227,4.827177883338225,-0.5186078790899478,1.4811678368464012,-0.9340143477346788,-1.0753840016373544
10.0,210.0,1000.023193359375,-4.244100471972123,-2.952536885710568,-1.9640573495757887,0.6894263901899471,-1.3017766795074808,4.827182431498986,-0.51860772583876,1.481168269693249,-0.9340114622810408,-1.0753849017127353
10.0,210.0,1000.0234375,-4.244099817306899,-2.952539102127997,-1.9640575529493831,0.6894277158339701,-1.3017734739871196,4.827179736692479,-0.5186077983822104,1.4811679554941195,-0.9340131307846012,-1.0753843875934803
10.0,210.0,1000.023193359375,-4.244100056302862,-2.952538604642214,-1.964057448147447,0.6894274712907889,-1.301774240344332,4.82718036799475,-0.5186077674355403,1.481168094309398,-0.9340127718740892,-1.075384474083831
10.0,210.0,1000.0233154296876,-4.244099277901761,-2.952541146711237,-1.96405766831294,0.6894290359311359,-1.301770470105541,4.827177209088177,-0.5186078672047021,1.4811677681890112,-0.9340147249384748,-1.0753838805151164
10.0,210.0,1000.0232543945312,-4.244099885452632,-2.952538867921496,-1.964057500870649,0.6894276215252946,-1.301773832356072,4.827180029057917,-0.5186078054659502,1.4811680329646624,-0.9340129807941356,-1.0753844358456908
10.0,210.0,1000.0233154296876,-4.24409894002255,-2.9525423026651474,-1.9640578510019573,0.6894296725760887,-1.3017689028951551,4.827175850400273,-0.5186078747674685,1.4811674956830787,-0.9340155173885272,-1.075383701188315
10.0,210.0,1000.023193359375,-4.244100077257174,-2.9525389040654746,-1.9640573823056413,0.6894277299599523,-1.3017737360176582,4.827179989287734,-0.5186077753956049,1.481168155582778,-0.9340131006587766,-1.07538429630595
10.0,210.0,1000.0233764648438,-4.244099511269076,-2.952540652882988,-1.964057518936626,0.6894287889330899,-1.301771006608658,4.827177861281291,-0.5186078505479212,1.4811679388661432,-0.9340144564849426,-1.0753838761441288
10.0,210.0,1000.0232543945312,-4.244099700480809,-2.952539943674461,-1.9640574681179013,0.6894283706199724,-1.301772113052508,4.827178700988531,-0.518607831138346,1.4811680355359798,-0.934013910210692,-1.075384043161499
10.0,210.0,1000.0233764648438,-4.244099876402274,-2.952539117416893,-1.9640574707939429,0.6894277796093498,-1.3017733047034774,4.827179705299162,-0.5186078334408855,1.481168074333925,-0.9340132466155469,-1.0753842407457554
10.0,210.0,1000.023193359375,-4.244100127952516,-2.952538270549586,-1.9640574359395704,0.6894272635902254,-1.301774670660813,4.827180735491041,-0.51860776515234,1.4811681243239985,-0.9340125413574816,-1.0753845303171738
10.0,210.0,1000.0232543945312,-4.244099954783267,-2.95253876153567,-1.964057475421612,0.689427542948807,-1.3017738970507828,4.827180144968178,-0.5186078013700062,1.4811680753805314,-0.9340129204190326,-1.075384413040024
10.0,210.0,1000.0232543945312,-4.244100278042879,-2.952537834799497,-1.9640572787152808,0.6894270971992427,-1.3017751151727857,4.827181266466212,-0.5186077666227344,1.4811683053719469,-0.9340123441016192,-1.0753845008245544
10.0,210.0,1000.0232543945312,-4.244099595286704,-2.9525401570304592,-1.9640575777133669,0.6894284428819253,-1.3017718723633354,4.827178424021302,-0.5186078446552331,1.4811679227061978,-0.9340139841381204,-1.0753840715210643
10.0,210.0,1000.0232543945312,-4.244099372410766,-2.952541109982948,-1.964057553533038,0.6894291165276787,-1.3017703289803588,4.827177265519458,-0.518607869057278,1.4811679284547186,-0.9340148156199516,-1.0753837481968072
10.0,210.0,1000.0233154296876,-4.2440997695470015,-2.952539394697303,-1.9640575652555263,0.6894279467146127,-1.301773038720941,4.827179394848248,-0.5186077841906487,1.481167946258891,-0.9340133462961528,-1.07538430228883
10.0,210.0,1000.023193359375,-4.24410008164503,-2.952538583108661,-1.9640574688133072,0.6894274302505927,-1.3017742798492642,4.827180375500333,-0.5186077668050935,1.481168042458406,-0.9340127622583428,-1.0753844881537642
10.0,210.0,1000.023193359375,-4.244098230527451,-2.952545117652312,-1.9640579482585088,0.6894314852020766,-1.3017646720018257,4.827172444146372,-0.5186079881121852,1.4811673176589295,-0.9340177704465242,-1.0753829107296775
10.0,210.0,1000.0233764648438,-4.244099393772079,-2.95254092120666,-1.964057709748494,0.6894288601634422,-1.3017709421487975,4.827177505336433,-0.5186078300391168,1.48116772579694,-0.9340144897368664,-1.075384006200235
10.0,210.0,1000.0232543945312,-4.244099868875257,-2.9525391592694232,-1.9640574431700148,0.6894278303256121,-1.301773231401523,4.827179697025301,-0.5186078081332282,1.481168075253323,-0.9340132916993892,-1.0753842160046003
10.0,210.0,1000.023193359375,-4.24409878473448,-2.95254327324862,-1.9640578016256445,0.6894303642439912,-1.3017674453535202,4.827174695390756,-0.518607903037954,1.4811675387264334,-0.9340163363288996,-1.0753833751689514
10.0,210.0,1000.0233154296876,-4.244099576212689,-2.95253988249891,-1.9640576176648068,0.6894281881102753,-1.3017723247866382,4.827178764438964,-0.5186078451163318,1.4811678365044054,-0.9340137315880606,-1.0753842263121665
10.0,210.0,1000.0232543945312,-4.244099480893558,-2.9525405087599186,-1.9640576698225591,0.6894285833684402,-1.3017715673977863,4.827178017332386,-0.5186078347886927,1.4811677804225152,-0.9340141733529794,-1.07538410016359
10.0,210.0,1000.0233764648438,-4.244099893415402,-2.9525391275384725,-1.964057461944333,0.689427827802862,-1.3017733845408197,4.827179685116571,-0.5186078023491945,1.4811680433257646,-0.9340132409905753,-1.0753843224653687
10.0,210.0,1000.0233154296876,-4.244100093078518,-2.9525386903559565,-1.964057344497052,0.6894276381452045,-1.301773898812029,4.827180266248883,-0.5186077729875702,1.481168229832858,-0.934012970369502,-1.0753842859233131
10.0,210.0,1000.0232543945312,-4.244099430312789,-2.9525407599564364,-1.9640576653365915,0.6894287330033748,-1.3017711873093454,4.827177742976897,-0.5186078182278013,1.4811677314095846,-0.934014351560884,-1.0753840381487412
10.0,210.0,1000.023193359375,-4.2441000490405445,-2.952538535068464,-1.9640574275042733,0.6894274463467811,-1.3017742647441493,4.827180429301588,-0.5186077782582004,1.481168122804264,-0.9340127675784826,-1.0753844434310174
10.0,210.0,1000.0234375,-4.244100576612419,-2.9525367821978703,-1.96405733179362,0.6894263551845654,-1.301776841720446,4.827182557595837,-0.5186077042110053,1.4811682897553826,-0.9340113960733608,-1.0753848749379855
10.0,210.0,1000.0232543945312,-4.244100517641972,-2.952537082525984,-1.964057323178104,0.6894265555393932,-1.3017764861079124,4.827182226227592,-0.5186077032816696,1.4811682674050264,-0.9340116097913668,-1.0753848201473044
10.0,210.0,1000.0233154296876,-4.244098946297895,-2.9525421787051247,-1.96405786729279,0.689429584552224,-1.301769168744543,4.8271759903445,-0.5186078679239596,1.481167458171738,-0.9340153682696516,-1.0753838313166266
10.0,210.0,1000.0233154296876,-4.244099222855517,-2.9525417849580533,-1.9640576493167607,0.6894294639554168,-1.301769476314158,4.827176506344777,-0.5186078672668124,1.4811677576615525,-0.9340152847475568,-1.0753836146970643
10.0,210.0,1000.0233154296876,-4.244099720148733,-2.952539449181822,-1.9640575287616229,0.6894279547053319,-1.3017729389073285,4.827179297799999,-0.5186078406251982,1.4811679427145164,-0.934013452319852,-1.0753842616521505
10.0,210.0,1000.0232543945312,-4.244099924068821,-2.9525394178099256,-1.964057320829468,0.6894281137168896,-1.301772569775821,4.827179364264399,-0.5186078576083784,1.4811682528939407,-0.934013651088109,-1.0753839525859323
10.0,210.0,1000.0232543945312,-4.244099437471206,-2.9525406281206514,-1.964057618691133,0.6894287329366735,-1.3017712431333228,4.827177837403674,-0.518607861048376,1.4811678263367505,-0.9340143794268148,-1.0753839718481522
10.0,210.0,1000.0234375,-4.244100367958221,-2.952537486827582,-1.9640573146572968,0.6894268108889134,-1.301775736866892,4.827181727628179,-0.5186077648923977,1.4811682932320125,-0.9340120127152431,-1.075384602164808
10.0,210.0,1000.0233154296876,-4.244100077246703,-2.952538287607805,-1.964057393943031,0.6894272800389931,-1.3017745806998522,4.827180719347972,-0.5186077936100499,1.4811681727165036,-0.9340126407249408,-1.0753844513765602
10.0,210.0,1000.0232543945312,-4.244099724403786,-2.9525397068303856,-1.96405754791622,0.6894281361564456,-1.301772608388614,4.82717899216629,-0.5186078170584443,1.4811679571996876,-0.9340136321431816,-1.0753841934496782
10.0,210.0,1000.0232543945312,-4.244099119213953,-2.9525417812873385,-1.964057656032257,0.6894294633991391,-1.3017694670792794,4.827176486276153,-0.5186078974321227,1.4811677742954863,-0.9340152823374376,-1.0753836419415608
10.0,210.0,1000.0233154296876,-4.244100759656745,-2.9525359704946066,-1.9640573287343543,0.6894257655991076,-1.301778167379112,4.827183547233085,-0.5186076772175019,1.48116829693845,-0.9340106760001818,-1.0753851978742262
10.0,210.0,1000.023193359375,-4.24409960413475,-2.952540010644485,-1.964057602732877,0.6894282958498277,-1.3017721558796884,4.827178636645989,-0.5186078220681525,1.481167854826681,-0.9340138613198388,-1.0753841550473209
10.0,210.0,1000.0232543945312,-4.244099952760576,-2.9525390295868674,-1.9640574636424453,0.6894277539746527,-1.3017736082757598,4.8271798312477046,-0.5186077773195761,1.4811680844730866,-0.9340131290485764,-1.075384336466234
10.0,210.0,1000.023193359375,-4.244099182987471,-2.952541550690472,-1.964057648806473,0.6894293103067737,-1.3017697626503917,4.8271767432953645,-0.5186078988821645,1.4811677798375538,-0.9340151160997872,-1.075383687739402
10.0,210.0,1000.0233154296876,-4.244100599582011,-2.952536736928092,-1.9640571961914683,0.6894263559966411,-1.3017768215095376,4.827182631079527,-0.5186077371662545,1.4811684270941594,-0.934011492131483,-1.075384778060699
10.0,210.0,1000.0232543945312,-4.244099620044812,-2.952539909479828,-1.9640576190484047,0.6894282542653807,-1.3017724089539713,4.827178753981917,-0.5186078042287825,1.4811678586815802,-0.9340137199248648,-1.0753842473031685
10.0,210.0,1000.0232543945312,-4.244099268166188,-2.9525414611044094,-1.9640576332775093,0.6894292845274492,-1.3017699237721168,4.827176875415928,-0.5186078620140266,1.48116780337506,-0.934015020317024,-1.0753837124542844
10.0,211.0,1000.0233154296876,-4.2440997321904845,-2.9525394725303493,-1.964057539765116,0.6894279735143023,-1.301772894683237,4.827179267188015,-0.5186078270632359,1.481167943232001,-0.9340134614123824,-1.0753842756832777
10.0,211.0,1000.0232543945312,-4.244099336094302,-2.952541351550932,-1.9640576250248465,0.6894291778585959,-1.3017701529885048,4.827177010516314,-0.5186078501127804,1.481167796475451,-0.9340149208119356,-1.0753837742045351
10.0,211.0,1000.0232543945312,-4.244099536601005,-2.9525404306022143,-1.9640575420292048,0.6894286345817848,-1.3017714321282066,4.827178149911893,-0.5186078482631515,1.481167936589979,-0.9340142309376728,-1.075383962302523
10.0,211.0,1000.023193359375,-4.244099770292376,-2.952539342299945,-1.9640575029357867,0.6894279147248774,-1.3017730161950487,4.827179427646966,-0.5186078321431555,1.4811680230271609,-0.9340134038655226,-1.0753842465193242
10.0,211.0,1000.0233154296876,-4.244099390340946,-2.9525407975535085,-1.964057594931495,0.6894288475603494,-1.3017709396522965,4.827177665147225,-0.5186078624338588,1.4811678449840286,-0.9340145130628832,-1.0753839280125326
10.0,211.0,1000.0232543945312,-4.244099736776667,-2.952539591597865,-1.9640575178361264,0.6894280945284947,-1.3017726803745848,4.827179124818757,-0.5186078387727902,1.4811680121228834,-0.9340135766182716,-1.075384197299638
10.0,211.0,1000.023193359375,-4.244099510478744,-2.952540640943291,-1.964057632832641,0.6894287014759914,-1.3017713312869978,4.827177887346736,-0.5186078058063899,1.48116779049902,-0.9340142834378992,-1.075384042387733
10.0,211.0,1000.0232543945312,-4.244099616982229,-2.9525402178020053,-1.9640575566090208,0.6894284519691931,-1.3017718210590252,4.827178400927167,-0.5186078317015381,1.4811679090446417,-0.9340140207961252,-1.0753840567459778
10.0,211.0,1000.023193359375,-4.244099414525117,-2.9525407611776027,-1.9640576385707489,0.689428791969485,-1.3017710171686097,4.827177715206965,-0.5186078517549131,1.4811678103650303,-0.934014430418804,-1.0753839511177592
10.0,211.0,1000.0232543945312,-4.24410010325134,-2.9525382257825954,-1.9640574730542275,0.6894272051173767,-1.3017747983871717,4.827180803335528,-0.5186077542907146,1.4811680696887848,-0.9340124645217572,-1.0753846083792684
10.0,211.0,1000.023193359375,-4.244100199296078,-2.952537996132605,-1.964057435204696,0.6894270876734367,-1.3017751452911677,4.827181081530883,-0.5186077412073429,1.4811681292138168,-0.9340123147876324,-1.075384642894014
10.0,211.0,1000.0232543945312,-4.244099210511769,-2.9525413641432743,-1.9640576807960344,0.6894291358483216,-1.3017701455757005,4.827176997807152,-0.5186078910362895,1.481167742985802,-0.9340148958514014,-1.0753838113608905
10.0,211.0,1000.023193359375,-4.244099813589517,-2.95253926782383,-1.9640575216361096,0.6894278484258001,-1.3017732732291396,4.827179534320841,-0.5186078109733625,1.481167980698741,-0.9340132771180168,-1.0753843514137862
10.0,211.0,1000.0232543945312,-4.244099665143598,-2.9525401942434,-1.9640575031516123,0.6894284989501873,-1.301771774077097,4.827178427441183,-0.5186078238707701,1.4811679810772738,-0.934014076026182,-1.075383996705897
10.0,211.0,1000.0233154296876,-4.244099564888912,-2.952540228327512,-1.96405755634112,0.6894284713445051,-1.3017717386184915,4.827178361474683,-0.5186078595626018,1.4811679089136138,-0.9340140671946378,-1.0753840484812165
10.0,211.0,1000.0232543945312,-4.24410002399397,-2.9525386703981766,-1.9640574526490715,0.6894275202703293,-1.3017741388403363,4.827180276895128,-0.5186077641677169,1.481168057958203,-0.9340128495765274,-1.0753844540371356
10.0,211.0,1000.0232543945312,-4.2440989305090895,-2.952542564926733,-1.964057733446122,0.6894299465367268,-1.301768311499194,4.827175543024474,-0.5186079051290822,1.4811676532306306,-0.9340158374922484,-1.075383492472624
10.0,211.0,1000.023193359375,-4.244100046359248,-2.9525384135706,-1.9640574760708631,0.6894273201378631,-1.3017744915114742,4.827180564151485,-0.5186077848819712,1.481168065539606,-0.9340126305219352,-1.075384545730298
10.0,211.0,1000.0233154296876,-4.244099920366162,-2.9525392208466568,-1.964057429025638,0.6894279086545705,-1.3017732126543835,4.827179605152663,-0.5186078122763496,1.4811680919757988,-0.9340133559000812,-1.0753842076296405
10.0,211.0,1000.023193359375,-4.244100108603364,-2.952538519408828,-1.964057417949568,0.6894274728838905,-1.3017743135920703,4.827180438144309,-0.5186077663194668,1.481168138384929,-0.9340127494284652,-1.0753844744328616
10.0,211.0,1000.023193359375,-4.244099108295895,-2.9525420885539715,-1.9640577040148453,0.6894296233797395,-1.301769117533779,4.827176109965524,-0.5186078833427468,1.481167685981406,-0.9340154632773494,-1.0753836245979729
10.0,211.0,1000.023193359375,-4.244099731149632,-2.952539737204192,-1.9640575496900885,0.689428138418883,-1.3017725639307622,4.827178965753429,-0.5186078077984595,1.481167915337025,-0.9340136605342062,-1.0753842190451186
10.0,211.0,1000.0233154296876,-4.244100069410446,-2.9525385943035105,-1.9640574376564244,0.6894274773417504,-1.3017741957281208,4.827180367602466,-0.5186077781040108,1.4811681023324503,-0.9340127961937936,-1.07538444287208
10.0,211.0,1000.023193359375,-4.2440997031957375,-2.952539764506774,-1.964057532974242,0.6894282091298445,-1.3017724982854846,4.8271789452260165,-0.5186078033846018,1.4811679484473146,-0.9340136882680774,-1.075384200948676
10.0,211.0,1000.023193359375,-4.244100036531891,-2.9525384585761096,-1.9640574652417628,0.6894273767473624,-1.3017744911572842,4.827180515697924,-0.5186077667042648,1.481168059362309,-0.9340126679169368,-1.0753845547181613
10.0,211.0,1000.0233154296876,-4.24410006881959,-2.952538661160968,-1.9640574108189608,0.6894275503997305,-1.3017740044502073,4.827180283870096,-0.5186077845225912,1.4811681527876104,-0.934012908432857,-1.07538434305253
10.0,211.0,1000.023193359375,-4.244099985300909,-2.952538936562078,-1.9640574357050964,0.6894277309131658,-1.30177362956843,4.827179946582627,-0.518607788693032,1.4811681291048622,-0.9340130863403396,-1.0753843176044544
10.0,211.0,1000.023193359375,-4.244099658577498,-2.952540022243674,-1.964057551027159,0.6894283631975915,-1.3017721370847006,4.827178651984063,-0.5186077997570795,1.481167914734394,-0.9340138627767668,-1.0753841368699524
10.0,211.0,1000.023193359375,-4.244099249065103,-2.9525412594390947,-1.964057699427289,0.6894290591003003,-1.3017703483617105,4.827177120635227,-0.5186078686560549,1.4811677118821809,-0.9340147736952042,-1.0753839023689655
10.0,211.0,1000.0233764648438,-4.244099405321268,-2.9525408828431883,-1.9640576217849264,0.6894288967895736,-1.301770844303998,4.827177565264071,-0.5186078514642869,1.481167822519903,-0.9340145685857416,-1.0753838908262696
10.0,211.0,1000.0232543945312,-4.244099421843764,-2.9525409194955183,-1.964057558921295,0.6894289394858157,-1.3017706791676704,4.827177546584924,-0.5186078637352685,1.481167881482179,-0.9340146437265516,-1.0753838241402764
10.0,211.0,1000.0232543945312,-4.24409915906627,-2.9525417333622017,-1.9640576588801293,0.6894294331236566,-1.30176954718964,4.827176532738761,-0.518607898294527,1.4811677495795994,-0.9340152493036822,-1.0753836723043806
10.0,211.0,1000.0234375,-4.244099922491899,-2.952539059188388,-1.964057441859808,0.6894277846316736,-1.3017734994999213,4.827179800400074,-0.518607798669934,1.4811680765072823,-0.9340131817688012,-1.0753843255676028
10.0,211.0,1000.023193359375,-4.244100108926566,-2.952538397947017,-1.964057408841068,0.6894273765473109,-1.3017744504361284,4.827180603205662,-0.5186077729320822,1.4811681542789543,-0.9340126697060622,-1.0753844635244154
10.0,211.0,1000.023193359375,-4.244098696431527,-2.952543300555476,-1.9640578980128915,0.6894303235377564,-1.3017675006209064,4.827174625643227,-0.5186078874732667,1.4811674116783085,-0.9340162820989226,-1.0753834825530515
10.0,211.0,1000.0232543945312,-4.244099490185121,-2.952540495431349,-1.9640575310913688,0.6894286664738374,-1.3017712626142708,4.827178054617178,-0.5186078745108578,1.4811679480902882,-0.9340143271010266,-1.0753839056729486
10.0,211.0,1000.0233154296876,-4.244100698853609,-2.952536303845361,-1.964057245190229,0.6894260921100113,-1.3017774728097518,4.827183135047395,-0.5186077141146699,1.4811684277024142,-0.934011083592308,-1.0753849352352276
10.0,211.0,1000.0233154296876,-4.244099714198491,-2.952539834082251,-1.9640575449128408,0.6894282706133472,-1.3017724000355653,4.8271788591175575,-0.5186078017846762,1.4811679416839132,-0.9340137289888392,-1.075384180336438
10.0,211.0,1000.023193359375,-4.2441000687133785,-2.952538442591112,-1.964057453546056,0.6894273525503491,-1.3017744478992128,4.827180538141999,-0.5186077709816139,1.4811680897072934,-0.934012670919178,-1.0753844976508993
10.0,211.0,1000.0232543945312,-4.244099666662416,-2.9525396112080147,-1.964057601633396,0.68942806182765,-1.3017727531203187,4.827179103732775,-0.5186078182000733,1.4811678941712625,-0.9340135239559206,-1.075384278939937
10.0,211.0,1000.0232543945312,-4.244100207911781,-2.952537804462847,-1.964057492616058,0.6894268836129456,-1.3017755576271006,4.82718130895606,-0.5186077506066855,1.4811680470233135,-0.934012081470562,-1.075384786921358
10.0,211.0,1000.0233764648438,-4.244099437125969,-2.9525406863520094,-1.964057580299794,0.6894287920326825,-1.3017710818293486,4.827177807041718,-0.5186078455458434,1.4811678718749537,-0.9340144498219782,-1.0753839176637126
10.0,211.0,1000.0232543945312,-4.244099997272129,-2.952538848319683,-1.964057479821216,0.6894275995318342,-1.3017738635931098,4.8271800397793125,-0.5186077779814227,1.481168048289411,-0.9340129783399282,-1.0753843944743386
10.0,211.0,1000.0232543945312,-4.244099793482729,-2.9525395350572623,-1.964057525866683,0.6894280336964709,-1.3017728534652746,4.827179222163478,-0.5186078031298518,1.481167953275989,-0.9340135136393126,-1.0753842121606372
10.0,211.0,1000.0232543945312,-4.244100257633531,-2.95253786804099,-1.9640573774688008,0.6894270477837461,-1.3017751874894978,4.827181228714855,-0.5186077578599084,1.4811682016380887,-0.934012275747472,-1.0753845931737138
10.0,211.0,1000.0232543945312,-4.244099467990138,-2.9525405165839764,-1.9640576151452136,0.6894286483499803,-1.3017714323541745,4.827178017539556,-0.5186078363802684,1.4811678294606,-0.9340142539288436,-1.075384034050077
10.0,211.0,1000.0232543945312,-4.244099244998835,-2.952541208444837,-1.964057797471745,0.6894289654010679,-1.3017706267441604,4.827177134905078,-0.518607841733024,1.4811675807812392,-0.934014659305176,-1.075384034838987
10.0,211.0,1000.023193359375,-4.244099684217853,-2.9525397672991303,-1.96405756589228,0.689428142462507,-1.3017725329014462,4.827178926629349,-0.5186078229747775,1.4811679225607612,-0.9340136624707264,-1.0753842190295244
10.0,211.0,1000.0233154296876,-4.244099956339971,-2.9525388215935706,-1.9640575105314184,0.6894275703119712,-1.3017739689788237,4.8271800712496375,-0.5186077829958329,1.481168021780297,-0.9340129330228616,-1.0753844531420893
10.0,211.0,1000.023193359375,-4.244100150372286,-2.9525383055011174,-1.9640574197317344,0.6894272750382999,-1.3017746847668556,4.827180722237378,-0.5186077521490216,1.4811681015453315,-0.934012562026436,-1.0753845454599182
10.0,212.0,1000.0231323242188,-4.2440999959309895,-2.9525384944350304,-1.9640575518808927,0.6894273676148188,-1.3017745151426792,4.827180440404227,-0.5186077479217595,1.4811679789971055,-0.9340125909854446,-1.0753846517719396
10.0,212.0,1000.0233154296876,-4.244099155465358,-2.952541939009973,-1.9640576555696407,0.6894295569773163,-1.3017692358692017,4.827176299151468,-0.5186078979149134,1.481167765418169,-0.9340154201995192,-1.0753835782436112
10.0,212.0,1000.0233154296876,-4.244100037922508,-2.9525386864153207,-1.9640574576904584,0.6894275479683065,-1.301774075773258,4.8271802380665925,-0.5186077569051868,1.481168074247016,-0.9340128446039372,-1.075384446347576
10.0,212.0,1000.0232543945312,-4.2440993638894975,-2.952540859783517,-1.9640576028131385,0.689428872706916,-1.3017708423797316,4.82717760114674,-0.5186078746716261,1.4811678322726598,-0.9340145535953032,-1.075383907573869
10.0,212.0,1000.0233154296876,-4.244099688364331,-2.9525398856034486,-1.964057642681785,0.6894281825252913,-1.3017725557558588,4.8271788071462645,-0.5186077755682881,1.4811677927117692,-0.9340136491629778,-1.075384301686248
10.0,212.0,1000.0234985351562,-4.244099569138649,-2.952540295723212,-1.9640575470217183,0.6894285266453357,-1.3017715909759635,4.827178278640371,-0.5186078575534268,1.481167940433239,-0.9340141570199236,-1.075383969421209
10.0,212.0,1000.0233764648438,-4.244099954034705,-2.952538710215003,-1.9640575470619053,0.6894274769771647,-1.3017741969553014,4.827180195330987,-0.518607774454046,1.4811679588331517,-0.9340127961621354,-1.0753845650832448
10.0,212.0,1000.0232543945312,-4.244098806417352,-2.952542917235839,-1.9640577874835987,0.689430139670014,-1.30176788988781,4.827175083623581,-0.5186079042399374,1.4811675657067669,-0.9340160804726754,-1.075383492548017
10.0,212.0,1000.0232543945312,-4.244100195212738,-2.952538049337,-1.9640574045174213,0.6894271179367344,-1.301774987155623,4.827181001972793,-0.5186077805778941,1.4811681851774523,-0.9340123906243604,-1.075384576571536
10.0,212.0,1000.0232543945312,-4.244100147029635,-2.952538060215126,-1.964057434527864,0.6894271140694581,-1.3017749626889978,4.827180979042165,-0.5186077845418335,1.4811681436430408,-0.9340124073278764,-1.0753845647607636
10.0,212.0,1000.0233764648438,-4.244099408473092,-2.952540839515609,-1.9640576245274264,0.6894288760928564,-1.3017709488853613,4.8271776313783,-0.5186078384752921,1.4811678218756814,-0.9340144758897272,-1.075383969237552
10.0,212.0,1000.023193359375,-4.244100064151044,-2.952538433493733,-1.9640574744516923,0.689427338645288,-1.3017745424095395,4.827180543977521,-0.5186077631942281,1.481168044645079,-0.9340126335117231,-1.0753845641259625
10.0,212.0,1000.0233764648438,-4.244100053734306,-2.952538678358552,-1.964057384965096,0.6894275624282162,-1.3017739751645707,4.827180261506584,-0.5186077977333765,1.4811681795867635,-0.9340129568297576,-1.0753843201914903
10.0,212.0,1000.023193359375,-4.244099652220584,-2.952539765242234,-1.9640575333111263,0.6894282029978447,-1.301772454422358,4.827178914165248,-0.5186078372068339,1.4811679567624785,-0.9340137098576768,-1.075384181755738
10.0,212.0,1000.0232543945312,-4.244099460577193,-2.95254057117638,-1.964057616514104,0.6894286745090685,-1.3017713228177237,4.82717792681026,-0.5186078488117509,1.4811678380028876,-0.9340143265158432,-1.075384002489182
10.0,212.0,1000.0232543945312,-4.244099058395975,-2.952542247242345,-1.964057688961299,0.6894297267797693,-1.3017688806225975,4.827175927896247,-0.518607892983928,1.481167705044478,-0.934015599754721,-1.0753835709272543
10.0,212.0,1000.0232543945312,-4.244099372652006,-2.952540970423403,-1.964057642551196,0.6894289177247872,-1.3017707728925827,4.827177468260738,-0.5186078410217814,1.481167776492846,-0.9340145906975597,-1.075383931866993
10.0,212.0,1000.0233154296876,-4.244100296196088,-2.9525375325373377,-1.96405741245452,0.6894267501716893,-1.3017758018770187,4.827181630266399,-0.5186077718434863,1.4811681698533388,-0.9340119648734052,-1.0753847412380848
10.0,212.0,1000.0233154296876,-4.244099692580718,-2.952539803898385,-1.9640575286961768,0.689428228926726,-1.30177245827029,4.827178894565588,-0.518607799032039,1.4811679561641098,-0.934013707094544,-1.0753841989364838
10.0,212.0,1000.0232543945312,-4.244099685703198,-2.952540019643982,-1.9640575471817048,0.6894283940468258,-1.301772141812794,4.827178627035325,-0.5186078033084298,1.4811679306402068,-0.9340138886259828,-1.0753841201569037
10.0,212.0,1000.023193359375,-4.244100496486773,-2.9525369731767155,-1.9640573177537908,0.6894264362181257,-1.301776565835946,4.827182319145093,-0.5186077404765239,1.4811682850600576,-0.9340115764777276,-1.0753848426985106
10.0,212.0,1000.0233764648438,-4.2440993591834095,-2.9525410858418373,-1.9640576467745496,0.6894290086063792,-1.3017706559805866,4.827177311789519,-0.5186078477848017,1.4811677829166197,-0.934014676882084,-1.0753839099370266
10.0,212.0,1000.0233154296876,-4.244099748573277,-2.952539450034878,-1.9640575435561287,0.6894279593262045,-1.301772987909184,4.827179323907606,-0.5186078066324624,1.4811679232930215,-0.934013425279968,-1.0753843106895866
10.0,212.0,1000.0234375,-4.24409920611763,-2.9525414943114647,-1.964057703601312,0.6894292099677521,-1.3017700243210593,4.827176838848253,-0.5186078657987174,1.4811676743187565,-0.9340149558205564,-1.0753838404530658
10.0,212.0,1000.0232543945312,-4.244099283936277,-2.952541432784592,-1.964057624923306,0.6894292631814194,-1.3017699702051342,4.8271769017184685,-0.5186078747376168,1.4811678231300718,-0.934015008445134,-1.0753837204104904
10.0,212.0,1000.0233154296876,-4.244099867688778,-2.9525393208415887,-1.964057493747362,0.6894278940492216,-1.3017731423232752,4.8271794816149765,-0.5186078091868529,1.4811679946258949,-0.9340133513460334,-1.0753842766823118
10.0,212.0,1000.0232543945312,-4.244099873378676,-2.952539202451009,-1.964057491094933,0.6894278538059853,-1.3017733420982518,4.827179614534144,-0.5186077834285792,1.4811680270803065,-0.9340132472779884,-1.0753843373133094
10.0,212.0,1000.0232543945312,-4.244099956095915,-2.9525387659918185,-1.9640575467394767,0.6894275221079251,-1.3017741018358144,4.827180141919463,-0.518607755465677,1.4811679572821888,-0.9340128079678998,-1.0753845611060495
10.0,212.0,1000.0232543945312,-4.244100066643876,-2.95253850558092,-1.964057469242297,0.6894273956620189,-1.301774375284091,4.827180451642411,-0.5186077741320716,1.4811680793840454,-0.9340127106429944,-1.075384490920552
10.0,212.0,1000.023193359375,-4.244099217287813,-2.952541613637983,-1.964057617527988,0.689429395684753,-1.3017696505574117,4.827176667273156,-0.5186078935332823,1.4811678275942608,-0.934015191092464,-1.0753836501247909
10.0,212.0,1000.0232543945312,-4.244100129164059,-2.952538255335026,-1.9640573593449413,0.6894273279433101,-1.3017745141854458,4.827180756524857,-0.5186077822049526,1.4811682139767246,-0.9340126240181964,-1.075384445535708
10.0,212.0,1000.0232543945312,-4.24409997193273,-2.9525388435870634,-1.9640575013903243,0.6894276032091113,-1.3017739621406674,4.827180038616051,-0.5186077613626026,1.4811680014564352,-0.9340129273749112,-1.075384473288473
10.0,212.0,1000.0232543945312,-4.2441003553864425,-2.9525373356978246,-1.964057370588966,0.689426700033037,-1.3017760042673738,4.827181869072183,-0.518607732330107,1.4811682342334451,-0.934011842961171,-1.075384742754892
10.0,212.0,1000.023193359375,-4.244099101925904,-2.952542018146401,-1.964057688462157,0.6894296245062295,-1.3017691967166471,4.827176208675731,-0.5186078640450349,1.4811677022162997,-0.9340153988350997,-1.07538367747444
10.0,212.0,1000.0233154296876,-4.244099017049073,-2.9525423088335043,-1.964057776524598,0.6894297273828052,-1.3017688637228253,4.827175851234992,-0.5186078779398988,1.481167577806283,-0.93401559853387,-1.0753836183879768
10.0,212.0,1000.023193359375,-4.244099846948823,-2.952539284741976,-1.9640575665641369,0.6894278531361326,-1.301773382447922,4.827179524416941,-0.5186077571741929,1.4811678963574657,-0.9340132293594126,-1.0753844217838635
10.0,212.0,1000.0232543945312,-4.244099510569209,-2.952540439469011,-1.9640576074793148,0.6894285715183912,-1.3017715607674605,4.827178144950967,-0.5186078352350041,1.4811678399845674,-0.9340141622893006,-1.075384053586232
10.0,212.0,1000.0232543945312,-4.244100231884878,-2.952538062552933,-1.9640573869205773,0.6894271634695626,-1.3017750268130075,4.82718103875985,-0.5186077571318597,1.4811681974252728,-0.9340123853841388,-1.0753845588474888
10.0,212.0,1000.023193359375,-4.244100115964484,-2.9525380227207774,-1.9640574688339,0.689427039140539,-1.301775143215104,4.827181051793451,-0.5186077714351729,1.481168048360317,-0.9340122982726866,-1.0753846857322418
10.0,212.0,1000.0233154296876,-4.244099366194478,-2.9525410437776465,-1.9640575710845187,0.6894290069180551,-1.301770515872632,4.827177395264428,-0.5186078681465016,1.4811678721434325,-0.9340147184932156,-1.075383825463442
10.0,212.0,1000.0232543945312,-4.244099312298468,-2.9525412898535803,-1.964057601352799,0.6894291727305433,-1.3017701590761104,4.827177076632752,-0.5186078733722477,1.4811678395972212,-0.9340149267362988,-1.075383737038036
10.0,212.0,1000.0232543945312,-4.24409980518138,-2.9525393118205727,-1.9640574918568272,0.689427902032338,-1.3017731230875178,4.827179469675844,-0.5186078188611276,1.4811680037124173,-0.9340133722922666,-1.075384291161123
10.0,212.0,1000.023193359375,-4.244099631153511,-2.95254001620736,-1.9640575681480148,0.6894283693893497,-1.3017721515141565,4.827178647646541,-0.5186077893527932,1.481167898499943,-0.934013843984153,-1.075384159099459
10.0,212.0,1000.0233764648438,-4.2440995517390325,-2.952540280131365,-1.964057648858648,0.6894284799223307,-1.3017718700110792,4.827178293124499,-0.5186078072874425,1.481167804874425,-0.9340139926184392,-1.0753841809885034
10.0,212.0,1000.0233764648438,-4.244099393139714,-2.9525407001943584,-1.9640576512419576,0.6894287114209527,-1.301771194516879,4.827177805758764,-0.518607842652747,1.4811677769212972,-0.934014362071064,-1.0753840288271546
10.0,212.0,1000.023193359375,-4.24409908832395,-2.952541974772741,-1.9640577355348188,0.6894295283599181,-1.3017693478539636,4.827176270827064,-0.5186078823085003,1.4811676254556725,-0.9340153287849358,-1.0753837197312914
10.0,212.0,1000.0234985351562,-4.244100261328824,-2.952537957993242,-1.96405738446546,0.6894271155003198,-1.301775123305216,4.827181107662659,-0.5186077496738841,1.4811682033991245,-0.9340123197190584,-1.0753845890253562
10.0,212.0,1000.023193359375,-4.244099246806603,-2.952541434853431,-1.964057695656484,0.6894292138869185,-1.301770258862121,4.827176918127913,-0.518607821222691,1.481167675488953,-0.9340148928579276,-1.0753839196294877
10.0,212.0,1000.0233764648438,-4.244099919867407,-2.952538965337561,-1.9640574302524176,0.6894277178783437,-1.3017735758648523,4.827179906358797,-0.518607803288484,1.4811681040298472,-0.9340131154515872,-1.0753843243995078
10.0,212.0,1000.0233764648438,-4.24410042928017,-2.9525373697692023,-1.964057320766324,0.6894267561903682,-1.3017759457911775,4.827181834952455,-0.5186077306052912,1.4811682865139906,-0.934011889763319,-1.075384716197236
10.0,213.0,1000.0232543945312,-4.24410008713434,-2.9525382346280296,-1.964057489164896,0.6894272076261165,-1.301774857340987,4.827180767768848,-0.5186077583751949,1.481168054490749,-0.9340124376477492,-1.075384647224503
10.0,213.0,1000.0232543945312,-4.244099464080601,-2.9525404725898503,-1.9640576839190145,0.6894285998800687,-1.3017716441873484,4.827178054912446,-0.5186077921396768,1.4811677541561217,-0.934014117057406,-1.0753841660120922
10.0,213.0,1000.023193359375,-4.244099626069339,-2.952539991382332,-1.964057649673224,0.6894282699187837,-1.3017723919106938,4.8271786700063135,-0.518607777409521,1.4811677912395798,-0.9340137365821776,-1.0753842900011543
10.0,213.0,1000.0232543945312,-4.2441001174182444,-2.9525384553734404,-1.964057403788273,0.68942742159585,-1.3017743089930711,4.827180506053018,-0.5186077788084447,1.4811681697389742,-0.9340127354356468,-1.0753844207822951
10.0,213.0,1000.0233764648438,-4.244099394279663,-2.952541008681796,-1.9640576196602464,0.6894289729485195,-1.3017706973496723,4.827177417139568,-0.5186078466060042,1.4811678095901293,-0.934014635989426,-1.075383899449165
10.0,213.0,1000.0233154296876,-4.244099838805932,-2.9525393339217807,-1.964057575330708,0.6894278884591634,-1.3017733361896506,4.827179472763904,-0.5186077621121274,1.4811678972211624,-0.934013255273242,-1.0753844040659772
10.0,213.0,1000.023193359375,-4.244099619151253,-2.952540047886658,-1.9640576313414373,0.6894283081379404,-1.3017722237522298,4.827178599695143,-0.5186077991149869,1.4811677979109108,-0.9340138055226586,-1.0753842457584255
10.0,213.0,1000.023193359375,-4.244099827853949,-2.952539236968575,-1.9640575566044105,0.6894278489645043,-1.301773415634147,4.827179542153772,-0.5186077756352727,1.4811679267165276,-0.9340132088275652,-1.075384453643256
10.0,213.0,1000.0233154296876,-4.24409963387449,-2.95253993026452,-1.964057622253137,0.6894282652568426,-1.301772461343063,4.827178722156818,-0.5186077781459728,1.4811678271018245,-0.9340137044370902,-1.075384309178368
10.0,213.0,1000.023193359375,-4.2440997106116205,-2.952539656618929,-1.9640575661779136,0.6894281463886873,-1.301772767842264,4.827179034341723,-0.5186077973607599,1.4811679283434156,-0.9340135557880948,-1.0753842935566589
10.0,213.0,1000.0232543945312,-4.244099633743895,-2.952539968955652,-1.964057573252888,0.689428313946248,-1.3017722600559232,4.827178665049866,-0.5186078104167002,1.481167867035289,-0.9340138221357924,-1.0753842049903102
10.0,213.0,1000.023193359375,-4.244099054584709,-2.9525420935450604,-1.9640577087023967,0.6894296533008788,-1.3017690672765347,4.827176089721558,-0.5186078851254159,1.4811676912479346,-0.9340154714504516,-1.0753836318998324
10.0,213.0,1000.0231323242188,-4.2441000519247885,-2.952538428078064,-1.96405746404118,0.6894273471234049,-1.3017745131646534,4.827180572797374,-0.5186077532708246,1.4811680511077991,-0.9340125958695475,-1.075384587088308
10.0,213.0,1000.0232543945312,-4.244100889145588,-2.952535707161047,-1.964057225444656,0.6894256985821929,-1.3017785173064271,4.82718387660478,-0.5186076520621716,1.4811684268452048,-0.9340105641059412,-1.0753851735273114
10.0,213.0,1000.023193359375,-4.244099622292164,-2.9525400324151017,-1.9640576449559213,0.6894282676696575,-1.3017723086813744,4.8271786081975705,-0.5186078147440316,1.4811677853219525,-0.9340137833660568,-1.075384237490837
10.0,213.0,1000.0234375,-4.244099890887345,-2.95253903309179,-1.964057478478558,0.6894277635933612,-1.3017735500891838,4.827179818396944,-0.5186077928467787,1.48116806154757,-0.9340131309044616,-1.0753843500309164
10.0,213.0,1000.0233154296876,-4.244098952561178,-2.9525422974594644,-1.964057790242324,0.6894297599654227,-1.301768916959559,4.82717582971525,-0.5186078723231997,1.4811675823999426,-0.9340155635331512,-1.0753837011779377
10.0,213.0,1000.0232543945312,-4.244099477384177,-2.9525403958139065,-1.9640576815823083,0.689428530425829,-1.3017718043358362,4.827178162478221,-0.5186077875904367,1.4811677357453572,-0.9340140403412472,-1.075384227926222
10.0,213.0,1000.0233764648438,-4.244100314360001,-2.95253750874342,-1.964057401063445,0.6894267751405705,-1.3017758554122598,4.827181664565725,-0.5186077267744285,1.4811681498039668,-0.9340119388368436,-1.0753847695554215
10.0,213.0,1000.0232543945312,-4.244099380684214,-2.9525408156531467,-1.964057652676226,0.6894288203524059,-1.3017710298452965,4.8271776346676365,-0.5186078374133238,1.481167745068282,-0.9340144726158311,-1.075384000210553
10.0,213.0,1000.023193359375,-4.244099949160631,-2.9525389194557987,-1.9640574732607687,0.6894276926695326,-1.3017738424741818,4.827179982514895,-0.5186077607368675,1.481168045425476,-0.9340129764499344,-1.0753844601017368
10.0,213.0,1000.0233154296876,-4.244100355317763,-2.9525370816153576,-1.9640574054954063,0.6894265049310526,-1.3017764863268066,4.827182141666789,-0.5186077474137205,1.4811681831618282,-0.934011599908496,-1.075384909190814
10.0,213.0,1000.023193359375,-4.2441001513688805,-2.952537877186878,-1.9640574459508904,0.6894270156857267,-1.3017753323169372,4.827181216111601,-0.5186077466835481,1.481168101304279,-0.934012193201016,-1.0753847355593216
10.0,213.0,1000.0233154296876,-4.244099347438274,-2.952541189484815,-1.964057665950793,0.6894290583894236,-1.3017704681667648,4.827177218859358,-0.5186078347372671,1.4811677468383009,-0.934014726139881,-1.0753838727119898
10.0,213.0,1000.0234985351562,-4.244099543580572,-2.952540289196428,-1.964057552014616,0.6894285701902323,-1.3017716938769333,4.827178271190455,-0.5186078339865707,1.481167926612046,-0.934014118585055,-1.075384053915042
10.0,213.0,1000.0232543945312,-4.244099655126855,-2.952540074961745,-1.9640575476077624,0.6894284210042025,-1.3017720749212391,4.82717857523591,-0.5186077984600743,1.4811679072279045,-0.9340139200479404,-1.0753841217625977
10.0,213.0,1000.0234375,-4.244100422053212,-2.952537413159161,-1.9640573222537725,0.6894267321494265,-1.3017759463483791,4.827181802611792,-0.5186077382881074,1.4811682421795176,-0.934011910563334,-1.075384724698864
10.0,213.0,1000.0234375,-4.244099854838826,-2.9525390970146264,-1.964057475492218,0.6894278226478958,-1.3017734247398294,4.827179706006531,-0.5186078135128875,1.4811680541645504,-0.934013204963934,-1.0753843485133197
10.0,213.0,1000.0233154296876,-4.24409941048731,-2.952540862357462,-1.9640576634543143,0.6894288369489674,-1.3017709614008472,4.827177612416106,-0.5186078328268326,1.481167782362462,-0.9340144691060424,-1.075383955592057
10.0,213.0,1000.0233154296876,-4.24409982066004,-2.9525392641349857,-1.9640575292032243,0.6894278414376824,-1.3017732318310429,4.827179528195941,-0.5186078114719663,1.4811679849395434,-0.9340132930053108,-1.0753843158768337
10.0,213.0,1000.0233154296876,-4.244099548767268,-2.952540172075511,-1.9640576594543773,0.6894283658240816,-1.301772059834584,4.827178434000238,-0.5186078176745195,1.4811677781552914,-0.9340139035032556,-1.0753842083202525
10.0,213.0,1000.0233154296876,-4.244099381545294,-2.9525408352435294,-1.964057659957121,0.6894288363282843,-1.3017710423191886,4.8271776226844985,-0.5186078277976538,1.4811677587011065,-0.9340144497847264,-1.075384033260709
10.0,213.0,1000.0232543945312,-4.244099847556258,-2.952539051244954,-1.9640575208470827,0.6894277009630017,-1.3017735656628495,4.827179794803451,-0.5186078100132319,1.481167998555276,-0.9340131087129953,-1.0753844044029963
10.0,213.0,1000.0233154296876,-4.244101011203808,-2.9525350305584155,-1.96405713507378,0.6894253354565505,-1.3017793240669882,4.827184650589242,-0.5186076763903582,1.4811685693567247,-0.9340101440441364,-1.075385266469005
10.0,213.0,1000.023193359375,-4.244099202013159,-2.952541424320259,-1.9640576415568072,0.6894292795871317,-1.301769955033154,4.827176881192161,-0.5186078795255087,1.4811678030295052,-0.9340149941715872,-1.0753837728978022
10.0,213.0,1000.0234375,-4.244099244287346,-2.952541500876982,-1.9640576601416275,0.689429275721551,-1.3017699843292951,4.82717682147284,-0.5186078583322722,1.4811677541547708,-0.9340150219772472,-1.0753837829628172
10.0,213.0,1000.0232543945312,-4.244099909693359,-2.9525391900457056,-1.964057470091144,0.6894278819077204,-1.301773323061412,4.827179609845567,-0.5186077900895167,1.4811680606878692,-0.9340132731096124,-1.075384293272906
10.0,213.0,1000.0231323242188,-4.244100093833627,-2.952538433212033,-1.9640574798333488,0.6894273767991157,-1.3017745583337383,4.827180562796089,-0.5186077211092037,1.481168032394784,-0.9340125790484048,-1.075384615247445
10.0,213.0,1000.0233154296876,-4.244099250338975,-2.952541181276096,-1.964057739664943,0.6894290031163353,-1.3017706546038972,4.827177208907914,-0.5186078285759059,1.4811676393948146,-0.9340146516064712,-1.0753840260179204
10.0,213.0,1000.0233154296876,-4.244099999725916,-2.952538626942624,-1.964057514894124,0.6894274562671887,-1.3017743587443813,4.82718030942835,-0.5186077537079461,1.481167986466316,-0.934012724465588,-1.0753845914192168
10.0,213.0,1000.023193359375,-4.244100101305058,-2.952538571018948,-1.9640574906019743,0.6894274154200613,-1.301774355607714,4.827180415755986,-0.5186077337481709,1.4811680217494638,-0.9340126946848848,-1.0753845042407146
10.0,213.0,1000.0233154296876,-4.244099902576679,-2.952539030077037,-1.964057601855362,0.6894276294366195,-1.3017739594501003,4.827179865370914,-0.5186077143081018,1.481167820396987,-0.9340129347006396,-1.0753846074094993
10.0,213.0,1000.023193359375,-4.244099198787206,-2.9525416166697043,-1.9640577905904468,0.6894292723619184,-1.3017701079343458,4.827176702642085,-0.5186078030532446,1.4811675796496253,-0.9340149049418917,-1.075383987002159
10.0,213.0,1000.0232543945312,-4.244099906866871,-2.952538750136921,-1.9640575237320923,0.6894275583176412,-1.3017741103560616,4.827180130339434,-0.518607771998135,1.4811679989243896,-0.934012845106782,-1.07538455508603
10.0,213.0,1000.0232543945312,-4.244099294131028,-2.9525413619430783,-1.9640577005322808,0.6894291512283699,-1.3017702290840072,4.827176976078015,-0.5186078462291253,1.4811677152747222,-0.934014878454807,-1.0753838214101497
10.0,213.0,1000.0233154296876,-4.244099349360147,-2.9525409076198543,-1.96405769747571,0.6894288541383276,-1.3017709311046617,4.827177531793669,-0.5186078380425831,1.481167733539821,-0.9340144739000936,-1.0753840137320756
10.0,213.0,1000.0232543945312,-4.244099871259527,-2.9525392066724745,-1.9640575659401187,0.6894278377636134,-1.30177348276018,4.827179592591293,-0.518607737974726,1.4811679159566289,-0.9340131719214098,-1.075384424522539
10.0,213.0,1000.0233154296876,-4.244099853372282,-2.9525388884922203,-1.9640575540278653,0.689427632254251,-1.301773950758896,4.827179971818971,-0.5186077671168521,1.481167974550333,-0.9340129255992036,-1.0753845289232578
10.0,213.0,1000.0233764648438,-4.244100301247114,-2.952537578354121,-1.9640574481045727,0.6894267934843707,-1.3017758674299644,4.827181593935473,-0.5186077155351816,1.4811681005443234,-0.9340119200968244,-1.0753848198438911
10.0,213.0,1000.023193359375,-4.244099293516255,-2.952541263802284,-1.9640576678446853,0.6894291054326809,-1.30177034736312,4.827177129246099,-0.518607854911961,1.4811677511410537,-0.9340148019626452,-1.0753838494621837
10.0,214.0,1000.0233764648438,-4.244100026262479,-2.952538655477194,-1.9640573929630936,0.6894275824254246,-1.301773983466858,4.827180260061192,-0.5186077885715328,1.48116816143194,-0.9340129264451836,-1.0753843488376489
10.0,214.0,1000.0233154296876,-4.244099887004131,-2.952539206214282,-1.9640574305912124,0.6894278920108086,-1.3017732145539735,4.827179641148412,-0.5186078036787238,1.4811680957389584,-0.9340133348987232,-1.0753842010065011
10.0,214.0,1000.0232543945312,-4.244099728370943,-2.952540003321196,-1.964057452444102,0.6894284392339696,-1.3017720034038265,4.827178666097208,-0.518607815736944,1.4811680506049305,-0.9340139678827928,-1.0753840056979955
10.0,214.0,1000.0233764648438,-4.244100012063894,-2.95253868113594,-1.9640575499521933,0.6894274281053647,-1.301774312530195,4.827180261294229,-0.5186077609104771,1.4811679406290563,-0.9340127555303912,-1.0753845616788271
10.0,214.0,1000.0233154296876,-4.244099074967944,-2.9525421791215765,-1.9640577549258256,0.6894296970718905,-1.3017691448306064,4.8271759853137866,-0.5186078455784173,1.481167608967855,-0.9340154510113834,-1.07538371560827
10.0,214.0,1000.0232543945312,-4.244100206862901,-2.9525377685022547,-1.964057316209816,0.6894270302373968,-1.3017751640193662,4.827181329705288,-0.5186078118876143,1.4811682901067655,-0.9340123220668364,-1.0753845048695876
10.0,214.0,1000.023193359375,-4.244100070131603,-2.952538409963841,-1.964057390964556,0.6894273853696031,-1.301774351797885,4.82718056491958,-0.5186078048249483,1.481168180757023,-0.9340127274399936,-1.0753844317947587
10.0,214.0,1000.0233154296876,-4.244100315262311,-2.9525375280435147,-1.964057434347255,0.6894267993074266,-1.3017758945314997,4.8271816259057445,-0.5186077102199702,1.4811681346624503,-0.9340118955616727,-1.0753848193276467
10.0,214.0,1000.023193359375,-4.244100088857406,-2.952538447235566,-1.9640574407337048,0.6894274050847136,-1.3017744390880377,4.82718054021541,-0.5186077466329779,1.4811680968848142,-0.9340126533414504,-1.07538453112967
10.0,214.0,1000.023193359375,-4.24409997498371,-2.952538956340434,-1.964057552947152,0.6894276249039386,-1.3017738295809589,4.827179925770558,-0.5186077493650085,1.4811679037005607,-0.9340129738688416,-1.0753845004167943
10.0,214.0,1000.023193359375,-4.244100170044626,-2.952538036888729,-1.9640574097887948,0.6894271663691098,-1.301774974771122,4.827181009090362,-0.5186077628457557,1.481168163060734,-0.9340123597045196,-1.075384610333491
10.0,214.0,1000.0233764648438,-4.244099866485041,-2.95253949775936,-1.9640574996952245,0.6894280845691201,-1.3017728711720848,4.827179288578016,-0.5186077435057337,1.481167996642231,-0.934013451790446,-1.0753842354261272
10.0,214.0,1000.0233154296876,-4.244099290127172,-2.952540951875631,-1.964057715559263,0.689428916505995,-1.3017708772885923,4.827177447457684,-0.5186078273308015,1.481167696698943,-0.9340145033008556,-1.0753840522635976
10.0,214.0,1000.023193359375,-4.244099117085007,-2.9525420858426794,-1.964057697070672,0.6894296478895745,-1.3017691132012876,4.827176125114443,-0.5186078607652034,1.481167700335325,-0.9340154609800208,-1.0753836294506565
10.0,214.0,1000.0234375,-4.244099621390648,-2.9525403375783474,-1.964057534119581,0.6894286025919847,-1.3017715492812396,4.827178248602236,-0.5186078490957771,1.481167959991576,-0.9340141821893582,-1.075383919865423
10.0,214.0,1000.0232543945312,-4.244100294990494,-2.952537827110603,-1.9640573816629328,0.6894270336877986,-1.3017753731657056,4.827181278154862,-0.5186077037279961,1.481168152083761,-0.9340121905385176,-1.0753846941336391
10.0,214.0,1000.023193359375,-4.24410005523393,-2.952538544946336,-1.9640575010612376,0.6894274381786705,-1.3017743777951392,4.827180390857352,-0.5186077451468627,1.4811680313004896,-0.9340126665617624,-1.0753845847932175
10.0,214.0,1000.023193359375,-4.244098784428914,-2.9525431478192083,-1.964057781754141,0.6894302509230599,-1.3017675154208366,4.827174859486078,-0.5186079207105632,1.4811675507493351,-0.9340162709212354,-1.0753833426112824
10.0,214.0,1000.0233154296876,-4.244099629879678,-2.95253964102632,-1.964057721206538,0.6894279763032776,-1.3017730252105597,4.827179062190654,-0.5186077936861464,1.4811677302201467,-0.934013386716578,-1.0753844879413368
10.0,214.0,1000.023193359375,-4.244099973668569,-2.952538934666685,-1.964057563081144,0.6894276503647792,-1.3017739114694171,4.82717998127956,-0.5186077210070579,1.481167937262578,-0.9340128923838796,-1.075384510542967
10.0,214.0,1000.023193359375,-4.24410020943896,-2.9525380389689646,-1.964057399432852,0.6894271567147676,-1.3017749961552667,4.827181050888868,-0.5186077518535583,1.4811681498405118,-0.9340123389798602,-1.075384602422953
10.0,214.0,1000.0233154296876,-4.244099267184124,-2.952541485800912,-1.9640577784328643,0.6894291788274725,-1.3017702736842645,4.827176853565767,-0.5186078088715567,1.4811676018506894,-0.9340148177996896,-1.0753839708981214
10.0,214.0,1000.0232543945312,-4.244100083829289,-2.952538334466272,-1.964057454890546,0.6894272531951628,-1.3017746636989762,4.827180686077451,-0.5186077762999544,1.481168076224483,-0.9340125564362864,-1.0753845773188733
10.0,214.0,1000.0233154296876,-4.244098708220311,-2.9525430557808576,-1.964057840755044,0.6894301968907834,-1.3017677439802728,4.827174924875035,-0.518607933148659,1.4811675020875583,-0.9340161389887358,-1.0753834936464193
10.0,214.0,1000.0233154296876,-4.244099689501496,-2.952539954762429,-1.96405752300086,0.6894283160502166,-1.3017722998740884,4.827178737992421,-0.5186078128518847,1.481167955373916,-0.9340138266551224,-1.0753841392648873
10.0,214.0,1000.023193359375,-4.244099609360951,-2.9525400332131047,-1.964057643722516,0.6894282937655447,-1.301772361196083,4.827178644808734,-0.5186077651448171,1.481167747984279,-0.9340137311958294,-1.0753843453972864
10.0,214.0,1000.0232543945312,-4.244100012108188,-2.952538617389285,-1.9640574781744724,0.6894274925532162,-1.3017741784980004,4.8271803210374,-0.5186077611860238,1.4811680486558163,-0.934012750089269,-1.0753845289978443
10.0,214.0,1000.0232543945312,-4.244100198319986,-2.9525378872680093,-1.9640573219322448,0.6894271037164037,-1.3017750655944305,4.827181207518759,-0.5186077938340263,1.4811682804147868,-0.9340123437399122,-1.0753845446817325
10.0,214.0,1000.0233154296876,-4.2441008423871205,-2.9525356907906493,-1.9640571741481407,0.6894256549745279,-1.3017783226619994,4.827183892712657,-0.5186077263337623,1.4811685017678444,-0.9340106559632916,-1.0753850541982994
10.0,214.0,1000.0233764648438,-4.244099436390478,-2.952541047776203,-1.9640575817424488,0.6894290645964807,-1.3017705733735712,4.8271773816253045,-0.5186078255089255,1.4811678581189351,-0.9340146877338622,-1.0753838290289588
10.0,214.0,1000.023193359375,-4.24410060863127,-2.952536521429064,-1.9640573038406648,0.6894262006096321,-1.30177719401542,4.827182850545864,-0.5186077130251734,1.481168340677506,-0.934011205172136,-1.075384960659863
10.0,214.0,1000.023193359375,-4.244099754935154,-2.952539768080591,-1.9640575605383592,0.6894281785301235,-1.3017725730500738,4.8271789615803655,-0.5186077606988508,1.4811679000339577,-0.9340136206282148,-1.075384221922548
10.0,214.0,1000.0233154296876,-4.244099430713099,-2.952540558983172,-1.9640577199964169,0.6894286319852041,-1.3017716101578989,4.82717797097585,-0.5186077872322734,1.4811676978890065,-0.9340141123788692,-1.0753842346378923
10.0,214.0,1000.0232543945312,-4.244099292692018,-2.952541330278528,-1.9640576495981428,0.6894291861498463,-1.3017702044142654,4.827177026215413,-0.5186078521918169,1.4811677759266315,-0.9340148785493216,-1.075383828754588
10.0,214.0,1000.0233154296876,-4.2441007407052345,-2.952535981179903,-1.9640573122370373,0.6894258129719057,-1.3017781888576383,4.827183557467929,-0.5186076581690298,1.4811682894478435,-0.9340106819780054,-1.0753852149772225
10.0,214.0,1000.023193359375,-4.244099354150645,-2.9525408463377496,-1.964057747921946,0.6894287971983335,-1.3017711237453948,4.827177606427817,-0.518607795436905,1.481167662582493,-0.9340143633256924,-1.0753841235126549
10.0,214.0,1000.0233764648438,-4.24409986659346,-2.9525391594845285,-1.96405759065968,0.6894277500568338,-1.3017735646228252,4.827179689752398,-0.5186077477090736,1.4811678859026012,-0.9340130811288416,-1.0753844545808766
10.0,214.0,1000.0232543945312,-4.244099834334591,-2.9525393565781863,-1.9640575115639325,0.6894279630288604,-1.3017730612002767,4.827179423522296,-0.5186077890578531,1.481168015238996,-0.9340133408992966,-1.0753842825852318
10.0,214.0,1000.023193359375,-4.244099172371635,-2.9525415316152124,-1.9640577192975863,0.689429239364598,-1.301769980672154,4.827176778272621,-0.5186078731408923,1.481167691426589,-0.9340149558682862,-1.0753838468444288
10.0,214.0,1000.0233154296876,-4.244098923022449,-2.952542505759013,-1.964057815551815,0.689429891008837,-1.3017686468184912,4.827175584588799,-0.518607850152554,1.4811675682703314,-0.9340156898268042,-1.0753836688367464
10.0,214.0,1000.0232543945312,-4.24409935641327,-2.9525409483856886,-1.9640577209848755,0.689428866968802,-1.3017709665529615,4.827177476796805,-0.5186078204680005,1.4811677105065923,-0.934014474136708,-1.0753840617591748
10.0,214.0,1000.0233154296876,-4.244098940293917,-2.9525423344756603,-1.964057831011552,0.6894297215742107,-1.3017688554949318,4.827175800835477,-0.5186078749493594,1.481167532064967,-0.9340155209949136,-1.07538371953272
10.0,214.0,1000.0233154296876,-4.244099099835469,-2.952541747914037,-1.9640576914142631,0.6894294130023537,-1.3017695786692296,4.8271765107945335,-0.5186079084025277,1.48116771948885,-0.9340152271687304,-1.0753837340417487
10.0,214.0,1000.023193359375,-4.244099990873163,-2.9525390751542373,-1.9640574933155737,0.6894277820986305,-1.3017736203700911,4.827179796931011,-0.5186077503312161,1.4811680344043587,-0.93401309329934,-1.075384386671923
10.0,214.0,1000.0232543945312,-4.244099739950354,-2.952539585514493,-1.9640575833132743,0.6894280265247685,-1.3017729074738909,4.82717915294687,-0.5186077900716191,1.4811678745953172,-0.9340134509314346,-1.0753843494925124
10.0,214.0,1000.023193359375,-4.2441001060219055,-2.9525380275041253,-1.964057443388593,0.6894271147311795,-1.3017750232011729,4.827181017839406,-0.5186077645606204,1.4811681053855166,-0.9340123719590974,-1.075384635139793
10.0,214.0,1000.023193359375,-4.244099167963336,-2.952541569486518,-1.964057723738749,0.6894292802869657,-1.3017698690806472,4.8271767187082,-0.5186078709750488,1.481167681835247,-0.9340150072451312,-1.0753838218566454
10.0,214.0,1000.0232543945312,-4.244098546577491,-2.9525436757447068,-1.9640579349592533,0.6894305151586524,-1.30176690888511,4.827174160524205,-0.5186079301709965,1.4811673396803515,-0.934016568174706,-1.0753833672970337
10.0,214.0,1000.023193359375,-4.2441001200201205,-2.9525377830605244,-1.964057482985432,0.6894269405242337,-1.3017755711607757,4.8271813227825096,-0.5186077272576188,1.4811680369734024,-0.9340120625934478,-1.0753848587901178
10.0,214.0,1000.0233154296876,-4.244099552601634,-2.95254037094482,-1.964057622842661,0.689428574604869,-1.301771740051238,4.8271781986764495,-0.5186077912401634,1.4811678108806632,-0.934014071176966,-1.075384138669075
10.0,215.0,1000.0232543945312,-4.244099224902972,-2.952541815828211,-1.964057622900648,0.6894294906995926,-1.3017694825403616,4.827176477270989,-0.5186078592035761,1.4811677774260057,-0.9340152674287304,-1.075383665653665
10.0,215.0,1000.0233154296876,-4.244100383779773,-2.952537830781204,-1.9640573122322271,0.6894270803259221,-1.301775285364557,4.8271813223913735,-0.5186077257157988,1.481168288832146,-0.9340122408569274,-1.0753845735699037
10.0,215.0,1000.0233764648438,-4.244099815707344,-2.952539458589415,-1.964057536609772,0.6894279639010819,-1.3017729745130953,4.827179329503689,-0.5186077979405832,1.4811679666080977,-0.9340133895990386,-1.0753842949347856
10.0,215.0,1000.023193359375,-4.244099789861894,-2.952539306290122,-1.9640575373393183,0.6894279105555636,-1.3017731394745629,4.827179473524261,-0.5186077939935654,1.481167976132899,-0.9340132951843004,-1.0753843376456027
10.0,215.0,1000.0233154296876,-4.244099916118731,-2.952538822565856,-1.9640575070707864,0.6894276203668879,-1.3017738299152173,4.827180076581239,-0.5186077857968252,1.481168040399962,-0.9340129141681944,-1.0753844491655284
10.0,215.0,1000.0233154296876,-4.244098786603364,-2.952542978879432,-1.9640578739202723,0.6894301133109781,-1.301767999944166,4.827175026684715,-0.5186078772084644,1.4811674575464062,-0.934016002483384,-1.0753835860017942
10.0,215.0,1000.0232543945312,-4.244098828437995,-2.952542576573153,-1.9640577833330133,0.6894298838384589,-1.3017683225987415,4.827175490057812,-0.5186079444910794,1.481167591663242,-0.934015847875199,-1.075383521167713
10.0,215.0,1000.023193359375,-4.244099663047217,-2.952539658845499,-1.964057567997784,0.6894280849071137,-1.3017726580051263,4.827179055750738,-0.5186078313506783,1.4811679157107074,-0.93401356073712,-1.075384280524481
10.0,215.0,1000.023193359375,-4.2440991233004,-2.9525420373282785,-1.9640576873008395,0.6894296236255562,-1.3017692319037262,4.827176183210151,-0.518607858020105,1.4811677014964255,-0.9340154049501664,-1.0753836735043485
10.0,215.0,1000.0233764648438,-4.244099104423756,-2.952541891389362,-1.9640578134238893,0.6894294518269124,-1.3017696162766086,4.827176362098596,-0.5186078307459079,1.4811675487011111,-0.93401515106531,-1.075383848455544
10.0,215.0,1000.0233154296876,-4.244100137135511,-2.952538351373569,-1.96405752754304,0.6894272651807034,-1.3017748435441048,4.827180652117496,-0.5186077132696649,1.4811679667747626,-0.934012435136439,-1.0753847211185512
10.0,215.0,1000.023193359375,-4.244100675981284,-2.952536169140718,-1.9640573114859667,0.6894259501853739,-1.301777881042785,4.827183312081562,-0.5186076948506448,1.4811682954455485,-0.9340108764139624,-1.0753851266089267
10.0,215.0,1000.0233154296876,-4.244099297260273,-2.9525415439842235,-1.964057668609331,0.6894293100301008,-1.3017699714400828,4.827176833283238,-0.5186078038442234,1.4811677359334985,-0.9340149669318648,-1.0753838047534288
10.0,215.0,1000.0232543945312,-4.244099459164382,-2.952540450128485,-1.964057741620984,0.6894285016285204,-1.3017717962256985,4.827178133433071,-0.5186077876968067,1.4811676586569351,-0.9340139816369656,-1.0753842849108164
10.0,215.0,1000.0232543945312,-4.244099262615872,-2.952541254795908,-1.9640577514512807,0.6894290838641961,-1.301770432123889,4.827177123579849,-0.5186078145066189,1.4811676693991664,-0.9340147155306866,-1.0753839243579408
10.0,215.0,1000.0232543945312,-4.244100124633797,-2.952538351295461,-1.9640574564500963,0.6894273085816716,-1.301774635381407,4.827180657439236,-0.518607748804647,1.4811680901123676,-0.9340125591576314,-1.0753845507216573
10.0,215.0,1000.023193359375,-4.244099670864764,-2.952539773909126,-1.9640575248513328,0.6894282395695193,-1.3017724394648438,4.827178933960326,-0.518607789425312,1.4811679367019517,-0.9340136581883788,-1.0753842436217398
10.0,215.0,1000.023193359375,-4.244099608364295,-2.9525400880864945,-1.9640575653185568,0.6894283990252061,-1.3017720801975594,4.827178575790683,-0.5186078035776847,1.481167887288204,-0.9340139007502586,-1.0753841479901065
10.0,215.0,1000.0232543945312,-4.244099895599711,-2.952539199416023,-1.964057481020955,0.6894278212384561,-1.3017733094734796,4.827179632249177,-0.5186078240818617,1.4811680216908885,-0.9340132869413004,-1.0753842804356486
10.0,215.0,1000.0233154296876,-4.244100813177679,-2.9525355761205963,-1.964057235364978,0.6894256341553415,-1.3017786180057591,4.827184001210453,-0.5186076769131711,1.4811684128406153,-0.9340104488299136,-1.075385263097266
10.0,215.0,1000.0232543945312,-4.244099124926957,-2.952541967172043,-1.964057826642831,0.6894294297341652,-1.301769586876489,4.827176332144353,-0.5186078019302647,1.4811674586878834,-0.9340151373859672,-1.075383915002447
10.0,215.0,1000.0233764648438,-4.244099326429064,-2.952541099056357,-1.9640576874168447,0.6894290003376389,-1.3017706712332795,4.82717734024139,-0.5186078238553833,1.4811677200472957,-0.9340145859537676,-1.0753839929338538
10.0,215.0,1000.0234375,-4.244099859903634,-2.9525391593761148,-1.964057500917912,0.6894278174700723,-1.3017734489450978,4.827179678427182,-0.518607779973058,1.48116798979167,-0.9340131970469648,-1.0753843894338209
10.0,215.0,1000.0233764648438,-4.244100513653905,-2.9525370901719614,-1.964057253927431,0.6894266698219127,-1.301776275800349,4.827182176374711,-0.5186077188981457,1.4811683929705808,-0.934011714360703,-1.0753847275321862
10.0,215.0,1000.023193359375,-4.24410064865707,-2.952536148481202,-1.9640573049979773,0.689425983332935,-1.301777844797019,4.827183298632832,-0.5186076834631939,1.4811683048310753,-0.9340108716090176,-1.0753851611926004
10.0,215.0,1000.0234375,-4.244099909237932,-2.952539113329681,-1.9640574992866973,0.6894277750874886,-1.3017734504648546,4.827179720639098,-0.518607779156202,1.4811679985659565,-0.9340131442199704,-1.0753843957855724
10.0,215.0,1000.0233154296876,-4.244098920091042,-2.9525425956866176,-1.9640578336890973,0.6894299575480431,-1.3017686076853736,4.827175520074029,-0.518607812517101,1.481167496968169,-0.9340156667726838,-1.0753837359956373
10.0,215.0,1000.0233154296876,-4.24409957528723,-2.952540036355507,-1.964057578446805,0.6894284133073558,-1.301772135910947,4.82717858448925,-0.5186078024377592,1.481167894362346,-0.9340138476279494,-1.0753842087627483
10.0,215.0,1000.0233154296876,-4.244099841777377,-2.952539426441845,-1.964057533354434,0.6894279833123553,-1.3017730780389425,4.827179348780216,-0.5186077580608286,1.4811679417121135,-0.9340133622278676,-1.0753843424657443
10.0,215.0,1000.0234375,-4.244099847539077,-2.9525391193868287,-1.9640574733582,0.6894277902859773,-1.3017733103978109,4.827179700564955,-0.518607823331088,1.48116804988417,-0.93401321454526,-1.0753843084066244
10.0,215.0,1000.0232543945312,-4.244100447038187,-2.952536985380048,-1.9640573362350848,0.6894264765681459,-1.3017765330168256,4.827182298977782,-0.51860772443563,1.481168273379641,-0.9340115556293817,-1.0753848610217438
10.0,215.0,1000.0234375,-4.244099534863686,-2.952540347861578,-1.964057595854024,0.6894285382517413,-1.301771701727593,4.827178248322975,-0.5186078285012368,1.4811678556301595,-0.93401411358703,-1.0753840572131006
10.0,215.0,1000.0233154296876,-4.244099301414193,-2.9525410700297474,-1.9640577374878063,0.6894289540900855,-1.3017707149944129,4.827177348704456,-0.5186078023584164,1.4811676574510235,-0.9340145631607326,-1.0753840262934835
10.0,215.0,1000.023193359375,-4.244099080624004,-2.9525421072358213,-1.964057721433683,0.6894296403725519,-1.3017690875993364,4.827176098541939,-0.5186078622383032,1.4811676721161202,-0.934015424124512,-1.07538367244023
10.0,215.0,1000.0233154296876,-4.244100674467183,-2.952536232855097,-1.9640573145336715,0.6894259795277966,-1.3017777292027546,4.827183193130463,-0.5186076923527105,1.4811683210253204,-0.9340109502438914,-1.0753850726176193
10.0,215.0,1000.023193359375,-4.244100161189486,-2.952538009520969,-1.964057494049616,0.6894270818324255,-1.3017752765014103,4.827181055529303,-0.5186077182353603,1.481168034183085,-0.934012207830083,-1.075384782370227
10.0,215.0,1000.0232543945312,-4.244100594330381,-2.9525365654419216,-1.9640574032546008,0.689426200020522,-1.301777302384509,4.827182783468352,-0.5186076609080157,1.4811682116196725,-0.9340110918841296,-1.0753850946843513
10.0,215.0,1000.023193359375,-4.244099514579142,-2.952540384525922,-1.964057575235861,0.6894285863666632,-1.3017715785142014,4.82717816973935,-0.51860785253215,1.48116787017325,-0.934014166609078,-1.0753840488308448
10.0,215.0,1000.0231323242188,-4.244099573809367,-2.952540420472491,-1.9640575597759269,0.6894286217575072,-1.3017715088208668,4.827178144107009,-0.5186078249986181,1.4811679126722934,-0.9340141800440652,-1.0753840101207937
10.0,215.0,1000.0232543945312,-4.244100072428583,-2.9525386088000967,-1.9640574495039136,0.6894274707411601,-1.301774191706309,4.827180355339756,-0.5186077620270568,1.4811680756676413,-0.9340127911880468,-1.075384466114
10.0,215.0,1000.0233154296876,-4.244100781702631,-2.9525359463487684,-1.964057264735783,0.6894258494329844,-1.3017780257741474,4.827183551853281,-0.5186076747745991,1.4811683962939073,-0.9340107634882084,-1.0753850702396823
10.0,215.0,1000.0231323242188,-4.244100037641957,-2.952538490774123,-1.9640574779679143,0.6894274128894544,-1.301774376793381,4.827180489199613,-0.518607737967173,1.481168055240664,-0.9340126247053746,-1.0753845554279664
10.0,215.0,1000.0232543945312,-4.244099635592722,-2.952539993160255,-1.964057579835111,0.6894283259058476,-1.3017722185255454,4.82717864571657,-0.5186078046114826,1.481167878284527,-0.9340138480003084,-1.075384157304438
10.0,215.0,1000.0233764648438,-4.244099863431618,-2.952539144233214,-1.9640575714059525,0.6894278048464955,-1.301773579234116,4.8271796478719295,-0.518607747344519,1.4811679313434336,-0.9340130926365822,-1.075384507077088
10.0,215.0,1000.0232543945312,-4.244099635937998,-2.952540014640628,-1.9640575544790368,0.6894283494598206,-1.3017720636904606,4.827178637513725,-0.5186078258682416,1.4811679174593315,-0.9340138682601388,-1.0753841188567947
10.0,215.0,1000.0231323242188,-4.24410000569403,-2.952538890186472,-1.964057475864452,0.6894276692570758,-1.3017739009552316,4.827179993625757,-0.5186077483282254,1.4811680349923817,-0.93401295812661,-1.075384469303442
10.0,215.0,1000.0232543945312,-4.244099810821453,-2.952539212026439,-1.9640574691568309,0.689427938209473,-1.3017732030554798,4.827179586834898,-0.5186078028488446,1.4811680788455757,-0.9340132790347112,-1.0753843168589845
10.0,215.0,1000.023193359375,-4.244099679899863,-2.952539660394014,-1.964057578767936,0.6894281429826385,-1.3017726840178718,4.827179015258338,-0.5186077998300274,1.481167923455196,-0.9340135565789528,-1.075384300934215
10.0,215.0,1000.0233154296876,-4.244099603395428,-2.9525402090734287,-1.9640575634238728,0.6894284281750842,-1.3017718331574617,4.827178383047366,-0.5186078565217764,1.4811679302074685,-0.934014061550485,-1.0753840260794476
10.0,215.0,1000.0233764648438,-4.244099302878517,-2.952541084511596,-1.964057699961553,0.6894290173211584,-1.3017706704132093,4.827177326232004,-0.518607812745218,1.4811677198711497,-0.9340145969777184,-1.0753840246805484
10.0,216.0,1000.0232543945312,-4.244099970055122,-2.952538649301686,-1.964057543082336,0.6894274942067042,-1.3017743006778717,4.827180248586826,-0.5186077388156569,1.481167963955027,-0.9340127046973832,-1.0753846282702355
10.0,216.0,1000.023193359375,-4.244100199782351,-2.952537819826427,-1.964057432031217,0.6894269793651446,-1.301775358641899,4.827181269571486,-0.5186077497766437,1.481168122988409,-0.934012174423045,-1.0753846892494403
10.0,216.0,1000.0232543945312,-4.244100592880791,-2.952536492546185,-1.964057378666504,0.6894261114839129,-1.3017775017126345,4.8271829070413474,-0.5186076736524061,1.481168201879468,-0.9340110450307196,-1.0753851725775747
10.0,216.0,1000.0232543945312,-4.244099027479672,-2.952542560249676,-1.9640576911966208,0.6894299782976834,-1.3017683259152522,4.827175542696093,-0.5186078763714903,1.4811677226109845,-0.9340158668558836,-1.0753834148966228
10.0,216.0,1000.0233764648438,-4.244099051806696,-2.952541833803891,-1.9640576431411416,0.6894295438929863,-1.301769312043576,4.827176362594983,-0.5186079241114125,1.4811678075971528,-0.934015363920123,-1.075383640368463
10.0,216.0,1000.0233154296876,-4.244100062390073,-2.9525386858139706,-1.964057488587149,0.6894275571729933,-1.3017741924385071,4.82718027221854,-0.5186077016908142,1.481168014401273,-0.9340127606393862,-1.0753845355812253
10.0,216.0,1000.023193359375,-4.244100197720442,-2.9525380831534127,-1.964057308817504,0.689427220648553,-1.301774710019385,4.8271809990001575,-0.518607781611605,1.4811682853457313,-0.934012492759802,-1.075384442565542
10.0,216.0,1000.0231323242188,-4.244100048052102,-2.95253845324698,-1.9640574594385207,0.6894274120631358,-1.3017744129307958,4.8271805584728575,-0.5186077439062222,1.4811680865125467,-0.934012620984074,-1.0753845457748177
10.0,216.0,1000.023193359375,-4.244098712749325,-2.952543371788496,-1.9640577765309724,0.6894304881817037,-1.301767076589449,4.82717452960309,-0.5186079201848353,1.4811675831276787,-0.9340164685135246,-1.0753832971379462
10.0,216.0,1000.0233154296876,-4.244099477260622,-2.9525405863529377,-1.9640575646647025,0.6894287348877368,-1.3017712232080545,4.827177960283615,-0.5186078378874965,1.4811679029300082,-0.9340142959860752,-1.0753839686257507
10.0,216.0,1000.0233154296876,-4.244099901186905,-2.9525387923947246,-1.9640575120666373,0.6894275454067227,-1.3017739944728053,4.827180106744407,-0.5186077767540063,1.4811680011396504,-0.934012895148678,-1.0753845109537314
10.0,216.0,1000.0232543945312,-4.244099231446372,-2.95254145579351,-1.9640577453321573,0.6894292112761047,-1.301770204055102,4.827176850514867,-0.5186078241827623,1.4811676546827757,-0.9340148342594468,-1.0753839558205986
10.0,216.0,1000.0233154296876,-4.244099968583351,-2.952538665273644,-1.964057552013045,0.6894274608237003,-1.3017742169560504,4.827180271574997,-0.5186077431274887,1.481167968692132,-0.9340127132590484,-1.0753845537348012
10.0,216.0,1000.0232543945312,-4.244099963552697,-2.9525389867740337,-1.9640574686114889,0.6894277390497594,-1.3017736343889368,4.827179896549762,-0.5186077706495311,1.481168067484738,-0.9340130567206212,-1.0753843658198696
10.0,216.0,1000.0232543945312,-4.244100669305791,-2.952536202102434,-1.9640573329895976,0.6894260041262958,-1.301777956623596,4.827183260341812,-0.5186076402002495,1.481168229588473,-0.9340108064200328,-1.07538527277893
10.0,216.0,1000.0232543945312,-4.244099814715961,-2.952539533686515,-1.9640574774921649,0.6894280437157665,-1.3017726889812091,4.827179236126669,-0.5186078235001608,1.4811680126359563,-0.9340135397764984,-1.075384172549216
10.0,216.0,1000.0233154296876,-4.244099635814479,-2.952539848471836,-1.9640575187103124,0.6894282613956557,-1.3017722695370533,4.827178847844813,-0.5186078224991606,1.481167939175032,-0.9340137564508124,-1.075384196683005
10.0,216.0,1000.0232543945312,-4.244099620780537,-2.952540199470785,-1.9640576171234847,0.6894284885365369,-1.3017719821806373,4.827178387377879,-0.5186077803706794,1.48116785991078,-0.9340139181995292,-1.075384185234637
10.0,216.0,1000.0233764648438,-4.244101087370121,-2.952534855150425,-1.964057173117009,0.689425148436861,-1.3017797231750676,4.827184957270047,-0.5186076330383846,1.4811684853109242,-0.9340098601361236,-1.0753854042884967
10.0,216.0,1000.0232543945312,-4.244100180860033,-2.952538056973912,-1.964057484000128,0.6894270999769265,-1.301775118807825,4.82718101683901,-0.5186077281093997,1.48116803773247,-0.9340122867606144,-1.0753846727984715
10.0,216.0,1000.0233764648438,-4.244100001572456,-2.9525387031499952,-1.964057423086711,0.6894275686856401,-1.301773955164312,4.827180197948405,-0.5186078022126006,1.481168116591178,-0.9340128990556248,-1.0753844042937493
10.0,216.0,1000.0232543945312,-4.244099785011413,-2.9525394079710185,-1.9640574779608968,0.6894280333024936,-1.301772905467537,4.827179364098914,-0.5186078103705958,1.4811680451183644,-0.9340134559250162,-1.0753842330619854
10.0,216.0,1000.0232543945312,-4.244099534919488,-2.952540458875621,-1.96405765766761,0.6894286208655593,-1.3017716502790733,4.82717807329627,-0.5186077750482223,1.4811677934439436,-0.9340141042820278,-1.0753841440509904
10.0,216.0,1000.023193359375,-4.24410056641918,-2.952536432896853,-1.964057348054073,0.6894260684348508,-1.3017774555712962,4.827182978299865,-0.518607708321877,1.481168231358172,-0.9340110712871112,-1.0753851005214137
10.0,216.0,1000.0234375,-4.244099394523309,-2.952540709964408,-1.9640576064597248,0.6894288523093817,-1.301771021628928,4.827177754545502,-0.5186078284389142,1.4811678537759176,-0.9340143847032448,-1.0753839967739416
10.0,216.0,1000.0232543945312,-4.244100358515099,-2.952537328523533,-1.964057432171692,0.6894266187959905,-1.301776202556498,4.827181953748983,-0.5186076918046583,1.4811680802770244,-0.934011642825192,-1.075384923421029
10.0,216.0,1000.023193359375,-4.2440992055247415,-2.9525415796841985,-1.964057576666956,0.6894293776954026,-1.3017697058348494,4.827176746425193,-0.5186079200557128,1.4811678430930284,-0.9340151814970294,-1.0753836565715162
10.0,216.0,1000.0233154296876,-4.244100546301106,-2.952536257081339,-1.9640573759408468,0.6894259879041726,-1.3017778009118564,4.827183174048995,-0.5186076923983878,1.481168214886349,-0.9340108943180444,-1.0753852014708594
10.0,216.0,1000.0233154296876,-4.244098997561816,-2.952542303863163,-1.964057786422683,0.6894297355510268,-1.3017688618132626,4.827175860488751,-0.5186078628132114,1.4811675864475404,-0.9340155370876416,-1.0753836903010985
10.0,216.0,1000.0234375,-4.244100406289684,-2.952536756782606,-1.9640573732467013,0.689426354428365,-1.301776870804621,4.827182565031215,-0.5186077140190397,1.48116825158775,-0.9340112985771984,-1.0753849924925114
10.0,216.0,1000.0232543945312,-4.24410007489198,-2.952538213549933,-1.9640574883792312,0.6894271805880976,-1.3017748389066617,4.827180813900094,-0.5186077589173905,1.4811680472789837,-0.9340124307953186,-1.075384643790774
10.0,216.0,1000.0233764648438,-4.244099381754765,-2.9525408673269773,-1.9640576563055447,0.6894288621076718,-1.3017709148743497,4.827177602434297,-0.5186078376905421,1.4811678009023748,-0.9340144583223228,-1.0753839871819162
10.0,216.0,1000.023193359375,-4.24410010091584,-2.9525384694844954,-1.9640574442836871,0.6894274158285327,-1.301774411917736,4.827180493476995,-0.5186077583994377,1.4811680962946134,-0.9340126689146536,-1.0753845259165824
10.0,216.0,1000.0232543945312,-4.244099010468345,-2.9525423025221724,-1.964057766802613,0.689429781890956,-1.3017689429993329,4.827175854966031,-0.5186078564691794,1.4811676059123302,-0.934015512915896,-1.075383712465145
10.0,216.0,1000.0233154296876,-4.244100220553552,-2.95253769846714,-1.9640574963534148,0.6894268885647827,-1.3017756901093018,4.827181441670847,-0.5186077027806935,1.4811680419497677,-0.9340119578397434,-1.0753848544406344
10.0,216.0,1000.0233764648438,-4.244099352707409,-2.9525411109262456,-1.9640576155876817,0.6894290160710277,-1.301770503526276,4.827177313636996,-0.518607862395779,1.4811678067550602,-0.934014737278452,-1.0753838370133266
10.0,216.0,1000.0233764648438,-4.244099744011512,-2.9525398984606666,-1.9640574736963183,0.6894283327702357,-1.301772268774645,4.82717878362852,-0.5186078350484511,1.4811680402417249,-0.9340138313325176,-1.0753840808039774
10.0,216.0,1000.0233154296876,-4.244099786611302,-2.952539484069211,-1.964057556700154,0.6894280057798499,-1.301772937467109,4.827179277146016,-0.5186077750768661,1.4811679231664143,-0.9340133919107778,-1.0753843298368482
10.0,216.0,1000.0233764648438,-4.244099927652535,-2.952538685067521,-1.964057498359998,0.6894275209753857,-1.3017740729324725,4.827180202410993,-0.5186077952592383,1.4811680295614282,-0.9340128532318834,-1.075384489130344
10.0,216.0,1000.0233764648438,-4.244100127100654,-2.952538281834635,-1.9640573277081288,0.6894273930428447,-1.3017744197749537,4.827180739949791,-0.5186077826738025,1.4811682555691057,-0.934012653801048,-1.0753844111084336
10.0,216.0,1000.0232543945312,-4.244099494664599,-2.952540545019356,-1.964057567278707,0.6894286659676538,-1.3017712506058188,4.827178016493647,-0.5186078473840761,1.481167896918273,-0.9340142965344008,-1.07538396878379
10.0,216.0,1000.0232543945312,-4.244099387479083,-2.9525407647625586,-1.964057746876037,0.6894287367235741,-1.3017713105997144,4.827177725096288,-0.5186077760852781,1.4811676179346387,-0.934014228347034,-1.075384232496802
10.0,216.0,1000.023193359375,-4.244100248741304,-2.9525376038743154,-1.964057505616129,0.6894267816883684,-1.3017758109276567,4.827181563523311,-0.5186077090120333,1.48116803746972,-0.9340118617748248,-1.0753848635390022
10.0,216.0,1000.0233154296876,-4.244099838950957,-2.952538987123538,-1.9640576000157368,0.6894276289106793,-1.3017738334744782,4.827179879867416,-0.5186077644910272,1.481167895067799,-0.9340129338554296,-1.0753845571603344
10.0,216.0,1000.023193359375,-4.244099162977582,-2.9525416101565085,-1.9640577000546475,0.6894293485726966,-1.301769876486509,4.827176684707755,-0.5186078379057539,1.4811676588393343,-0.9340150293125218,-1.075383868446787
10.0,216.0,1000.0232543945312,-4.244100476031394,-2.952537195759753,-1.964057325474996,0.68942670131793,-1.3017763129423083,4.827182037803347,-0.5186076946071472,1.481168290516225,-0.9340116685036044,-1.0753848434185724
10.0,216.0,1000.0233154296876,-4.244100457460818,-2.952537118928594,-1.9640573624262825,0.6894265265788526,-1.3017765024974102,4.827182196602935,-0.5186076884131499,1.4811681838945798,-0.9340115778587812,-1.07538492044222
10.0,216.0,1000.0232543945312,-4.24409931921408,-2.952541311145793,-1.964057696595506,0.6894291441039062,-1.3017703526475302,4.827177059091477,-0.5186077979263279,1.4811676992212115,-0.9340147832315208,-1.0753839334015227
10.0,216.0,1000.0234985351562,-4.244100506083951,-2.952536783072462,-1.9640573075414287,0.6894263486815113,-1.3017767916323528,4.827182537013947,-0.5186077303886787,1.481168261953563,-0.9340114270569532,-1.0753849256528405
10.0,216.0,1000.0232543945312,-4.2440995023578,-2.952540640582996,-1.9640575953820247,0.6894287286490357,-1.3017712114989677,4.827177892756069,-0.5186078384883963,1.4811678470375602,-0.9340143298412152,-1.075383960997303
10.0,217.0,1000.0234375,-4.244099420811329,-2.9525406148402364,-1.964057724310631,0.6894286509049428,-1.3017714152004576,4.827177896906301,-0.5186077915312062,1.4811676649151293,-0.93401416351755,-1.075384220736721
10.0,217.0,1000.0232543945312,-4.244098866039249,-2.9525428836317418,-1.9640577256068688,0.6894301248596655,-1.3017678435765232,4.82717512773257,-0.5186079380832069,1.481167629831735,-0.9340161402298904,-1.075383388020243
10.0,217.0,1000.0233154296876,-4.244099528287947,-2.9525405205694124,-1.964057613765608,0.6894286788951174,-1.301771481650193,4.827178016487629,-0.5186077921424301,1.4811678404888262,-0.9340141791564722,-1.0753840822042635
10.0,217.0,1000.0232543945312,-4.244100326673247,-2.9525371300047056,-1.964057458313304,0.6894265127049648,-1.3017765517518165,4.827182112209178,-0.5186077024424067,1.4811681005781523,-0.934011531914118,-1.075385013468479
10.0,217.0,1000.0233154296876,-4.244099428164525,-2.95254078818568,-1.964057635837979,0.6894288708272169,-1.301771049527054,4.827177701928815,-0.5186077930407418,1.4811677812207291,-0.93401438272479,-1.0753840514136952
10.0,217.0,1000.0232543945312,-4.244099370522492,-2.9525409771083084,-1.9640576439670887,0.6894289708882395,-1.3017707155317986,4.827177470313508,-0.5186078088637389,1.481167765260329,-0.9340145471642192,-1.0753839753468664
10.0,217.0,1000.023193359375,-4.2440999256452345,-2.9525388796440906,-1.964057514843428,0.6894276213933317,-1.3017737941228842,4.827179991996525,-0.518607784670599,1.4811680141452497,-0.9340129591479264,-1.07538443732241
10.0,217.0,1000.0232543945312,-4.244098509817111,-2.952544016868337,-1.964057933765836,0.6894308012468864,-1.301766350166948,4.827173753833213,-0.5186079081198782,1.481167363408118,-0.9340168473350988,-1.0753832569534243
10.0,217.0,1000.0232543945312,-4.244098899366013,-2.952542638153802,-1.964057782609161,0.6894299559634876,-1.3017683632909782,4.827175464765043,-0.5186078745884934,1.4811675507795838,-0.9340157951790946,-1.075383592047067
10.0,217.0,1000.023193359375,-4.244099065607042,-2.952541992479346,-1.9640578264231188,0.6894295095440146,-1.3017695058179868,4.827176196904645,-0.5186078359811361,1.4811675288115185,-0.934015238473326,-1.075383866317667
10.0,217.0,1000.023193359375,-4.244099638959588,-2.9525400701128754,-1.964057648046719,0.6894283591306589,-1.301772228195326,4.827178551751345,-0.5186077597249046,1.481167804357555,-0.9340137831880222,-1.0753842626122778
10.0,217.0,1000.0232543945312,-4.24410079504505,-2.952535874252887,-1.96405728323412,0.6894258070816921,-1.3017782609949515,4.8271836693105605,-0.5186076574954122,1.4811683894682923,-0.934010614779039,-1.0753851959813736
10.0,217.0,1000.0232543945312,-4.244099613227716,-2.952540160529154,-1.9640576029101733,0.6894284216603142,-1.301772021564391,4.82717848167718,-0.5186077933317348,1.4811678302482196,-0.9340139145163188,-1.0753841592473803
10.0,217.0,1000.0232543945312,-4.244099323552686,-2.952540639006245,-1.9640577801736887,0.6894286229667701,-1.3017714831838836,4.827177859701916,-0.5186078094250917,1.481167601457635,-0.9340141646967428,-1.0753842215621845
10.0,217.0,1000.023193359375,-4.2440998019792255,-2.9525392815429816,-1.964057514960816,0.6894279398506766,-1.3017731859629302,4.827179497458687,-0.5186077929200037,1.4811680246341865,-0.9340132862094306,-1.0753843378001822
10.0,217.0,1000.023193359375,-4.244099693378823,-2.9525396983404057,-1.964057527404495,0.6894281698383686,-1.301772567947081,4.827179002452969,-0.5186078094583282,1.4811679348694646,-0.934013634481107,-1.0753842265718123
10.0,217.0,1000.0232543945312,-4.244099629762221,-2.9525400399808253,-1.9640576059033383,0.6894283461055881,-1.301772178451616,4.8271786319733625,-0.5186077745980207,1.4811678631211151,-0.934013786507948,-1.0753842044519617
10.0,217.0,1000.023193359375,-4.244100075596167,-2.9525384363931835,-1.964057430686795,0.6894274095503361,-1.3017744351526437,4.827180547113755,-0.5186077611259048,1.481168119362036,-0.9340126844581595,-1.0753845089247416
10.0,217.0,1000.0234375,-4.244099905818247,-2.952539114306106,-1.9640574555388763,0.6894278596595651,-1.301773383449374,4.827179755657106,-0.5186077684267207,1.4811680482163778,-0.9340131608792968,-1.0753843574917754
10.0,217.0,1000.023193359375,-4.244100119494652,-2.952538051284749,-1.964057474721062,0.6894271427666627,-1.3017750699314994,4.827180948299926,-0.5186077382610241,1.481168046641539,-0.9340122927791104,-1.0753847339012983
10.0,217.0,1000.0233154296876,-4.244100028286665,-2.952538643395639,-1.964057452774932,0.6894275584492195,-1.301774135702642,4.827180304721173,-0.5186077333378156,1.4811680843302533,-0.9340127574138144,-1.0753845144220464
10.0,217.0,1000.0233154296876,-4.244099555825021,-2.9525401533248883,-1.964057533003249,0.6894284613655755,-1.301771766612474,4.827178447757884,-0.5186078746510692,1.481167957031993,-0.9340140739675054,-1.075384014237431
10.0,217.0,1000.0233764648438,-4.2441005445129285,-2.952536775261564,-1.9640573159651469,0.6894263773651623,-1.3017768209924534,4.827182589016054,-0.5186077079087736,1.4811683055325489,-0.9340113585411522,-1.075384906583912
10.0,217.0,1000.0233764648438,-4.244099332981321,-2.952541022857498,-1.964057599941547,0.6894289807676195,-1.3017705387181873,4.827177434579866,-0.5186078480892515,1.4811677872750364,-0.9340146721617772,-1.0753838588338498
10.0,217.0,1000.0232543945312,-4.244100078886377,-2.952538416554843,-1.9640575020588849,0.6894273300384555,-1.301774497170113,4.827180571997472,-0.5186077550649673,1.48116803561053,-0.934012584491862,-1.0753845368198518
10.0,217.0,1000.023193359375,-4.244100027825759,-2.952538427955433,-1.9640575255900283,0.6894273363996479,-1.3017745973958863,4.827180559702901,-0.5186077256611838,1.4811679949706384,-0.9340125329867196,-1.0753846529088855
10.0,217.0,1000.0232543945312,-4.244100177001711,-2.9525381382051914,-1.9640574872761984,0.689427190882201,-1.301774960354262,4.827180907537546,-0.5186077097790589,1.4811680814162551,-0.9340123285168972,-1.0753846677016798
10.0,217.0,1000.0234375,-4.244099414186811,-2.952540696993014,-1.9640575070499409,0.6894288672966562,-1.3017709022427764,4.827177804633553,-0.518607862041125,1.481167969326984,-0.9340144800569616,-1.0753838724812377
10.0,217.0,1000.023193359375,-4.244099695832955,-2.9525396642846364,-1.964057562854065,0.6894281278971128,-1.3017725506333768,4.827179050481252,-0.518607796996144,1.4811679236841917,-0.9340135615811898,-1.0753842498994652
10.0,217.0,1000.0232543945312,-4.244100385572772,-2.952537222649973,-1.964057454087873,0.6894265794416459,-1.3017763713778048,4.827182012369903,-0.5186076669950266,1.4811680985543054,-0.9340115991990352,-1.0753849655579248
10.0,217.0,1000.0234375,-4.244099441035738,-2.952540633253262,-1.9640576937856,0.6894287190779904,-1.3017713248051184,4.8271778418394895,-0.5186078096224707,1.481167759081985,-0.934014234561798,-1.0753840980074787
10.0,217.0,1000.0232543945312,-4.244100162954026,-2.9525381004867386,-1.9640574038838168,0.6894271931930742,-1.3017749671259105,4.82718095201715,-0.5186077496767352,1.481168146220048,-0.9340124007658436,-1.075384633027579
10.0,217.0,1000.0233764648438,-4.244098938042347,-2.952542135875932,-1.964057766097804,0.6894296520455088,-1.3017690671651816,4.827176043620112,-0.5186078785590258,1.4811676021396891,-0.9340154078745756,-1.0753837476754595
10.0,217.0,1000.0232543945312,-4.244100153943914,-2.952538267882153,-1.9640574694507624,0.6894272724177366,-1.3017747817061744,4.827180775127411,-0.5186077114847141,1.48116806410658,-0.9340124256399952,-1.0753846248324566
10.0,217.0,1000.023193359375,-4.244099056134239,-2.9525420680258243,-1.964057658786576,0.6894296365525578,-1.301769062542502,4.827176144318248,-0.5186078965144452,1.4811677002097063,-0.9340154753792866,-1.0753836452953314
10.0,217.0,1000.0233764648438,-4.244100333592987,-2.952537215340345,-1.964057388465121,0.6894266424849764,-1.3017762796913996,4.827182017378407,-0.5186077076467139,1.4811682052149164,-0.9340116474735468,-1.0753849155244355
10.0,217.0,1000.0232543945312,-4.244099415980838,-2.952540787476245,-1.96405758482253,0.6894288838396712,-1.301770861650894,4.827177677693282,-0.5186078541193426,1.4811678754222974,-0.9340144902893136,-1.075383908569731
10.0,217.0,1000.0232543945312,-4.2440999840980735,-2.952538397824344,-1.964057500948076,0.6894273292625464,-1.3017745836550765,4.827180609047479,-0.5186077558785405,1.4811680019798148,-0.9340125457144302,-1.0753846370151452
10.0,217.0,1000.0233154296876,-4.244098955386158,-2.952542309379617,-1.9640577874733829,0.6894297291869931,-1.3017687893070051,4.8271758355239385,-0.5186079068572376,1.4811675780124125,-0.9340155606844665,-1.0753836455354264
10.0,217.0,1000.0232543945312,-4.244100040178345,-2.952538344875007,-1.9640574800057249,0.68942730045642,-1.3017746324774475,4.8271806440336285,-0.5186077661091844,1.4811680623682817,-0.934012507433768,-1.0753846427435891
10.0,217.0,1000.0232543945312,-4.244099225878705,-2.952541584342768,-1.964057616205734,0.6894293545902048,-1.3017697661694068,4.827176714668216,-0.5186078850760314,1.481167804941201,-0.9340151314008862,-1.075383698701324
10.0,217.0,1000.0232543945312,-4.2440998856424805,-2.9525391864202954,-1.964057559354948,0.6894278197634502,-1.3017735903946956,4.827179662882916,-0.5186077286771082,1.481167910819293,-0.934013107247158,-1.0753844893081403
10.0,217.0,1000.0232543945312,-4.244099966372685,-2.9525387919986947,-1.9640574621748987,0.6894276496842755,-1.3017739490282567,4.827180104631767,-0.5186077622962131,1.4811680477603328,-0.9340129467538052,-1.075384461811542
10.0,217.0,1000.023193359375,-4.244100218673202,-2.952538032760587,-1.9640574250013687,0.6894271162358292,-1.3017750331967315,4.827181005064498,-0.518607752869956,1.4811681607725893,-0.9340123545024168,-1.0753845982853334
10.0,217.0,1000.0233154296876,-4.244098315618824,-2.952544727952481,-1.964057921753448,0.6894312541592305,-1.301765223393228,4.827172883372166,-0.5186079646543709,1.4811673465507225,-0.9340174517588604,-1.075383052571035
10.0,217.0,1000.023193359375,-4.244100161887362,-2.952537697673024,-1.9640574759027256,0.6894268257703189,-1.3017755913994478,4.82718143857613,-0.5186077588288631,1.4811680612799938,-0.9340120159800892,-1.0753847978917577
10.0,217.0,1000.0233154296876,-4.24409952082903,-2.952540228721888,-1.9640576181627825,0.689428432861857,-1.3017718361610688,4.827178368509177,-0.5186078370288181,1.481167815401534,-0.9340140068617576,-1.075384159388482
10.0,217.0,1000.0231323242188,-4.244100003544449,-2.952538465749247,-1.9640575218482696,0.6894273586754647,-1.3017744724812923,4.827180448457472,-0.5186077606803297,1.4811680174617123,-0.934012620528862,-1.0753846078564688
10.0,217.0,1000.0232543945312,-4.244099607663691,-2.952539847182951,-1.964057577823696,0.6894282289045002,-1.3017723523417333,4.827178824902639,-0.5186078129336993,1.4811678933814072,-0.9340137102894488,-1.0753842280631505
10.0,217.0,1000.023193359375,-4.244100997296555,-2.952535095920617,-1.9640572331997543,0.6894253142139606,-1.3017793937829896,4.8271846069459965,-0.5186076288812451,1.481168434352215,-0.9340100483068056,-1.0753853836159273
10.0,218.0,1000.0232543945312,-4.244100090383177,-2.9525381006033964,-1.9640575297984129,0.6894271453272793,-1.3017750863169055,4.82718095358411,-0.5186077008565162,1.4811679685966084,-0.934012235684782,-1.075384787905807
10.0,218.0,1000.0233154296876,-4.244099444915405,-2.952540588737575,-1.96405757121146,0.6894287183430823,-1.3017711499870672,4.827177943514492,-0.5186078556682174,1.4811679024656144,-0.9340143768297792,-1.075383918900105
10.0,218.0,1000.0233764648438,-4.244100363066228,-2.9525370712686296,-1.964057329617936,0.689426550106913,-1.3017762028600988,4.8271821734619085,-0.5186077684057517,1.481168314604863,-0.9340116556911386,-1.0753847692731004
10.0,218.0,1000.0232543945312,-4.244101058592686,-2.952534661931672,-1.9640572788034367,0.689425032767824,-1.301780117862044,4.827185059477591,-0.5186076008095126,1.4811684103392286,-0.934009640318779,-1.0753856166233904
10.0,218.0,1000.0233764648438,-4.244099320644696,-2.952541061163427,-1.9640576197856463,0.6894290593523813,-1.3017704390879858,4.827177350764265,-0.5186078524862658,1.4811678304337663,-0.934014697075204,-1.0753838537831784
10.0,218.0,1000.023193359375,-4.24410089682498,-2.9525355418258434,-1.96405724857929,0.689425646428754,-1.301778715524922,4.827184019925555,-0.5186076354525007,1.4811684574088986,-0.934010394877899,-1.0753852525876932
10.0,218.0,1000.0232543945312,-4.244100026308923,-2.95253858260754,-1.964057555845585,0.6894274405522296,-1.3017744535189384,4.827180363434056,-0.5186077176833788,1.4811679633563362,-0.9340126295102528,-1.0753846426793832
10.0,218.0,1000.0233154296876,-4.244100311890675,-2.952537445895698,-1.964057461394064,0.6894267036995396,-1.301776031569974,4.827181753565096,-0.5186076898833019,1.4811680685232274,-0.9340117608437968,-1.0753848997211253
10.0,218.0,1000.0233764648438,-4.244100338450058,-2.952537090900936,-1.9640574978554683,0.68942643046939,-1.3017765636692822,4.827182172886527,-0.5186077006415584,1.481168055619689,-0.9340114397254284,-1.0753850406136358
10.0,218.0,1000.0232543945312,-4.244099357632828,-2.952540733235787,-1.9640577261508485,0.6894287259397602,-1.3017711967562784,4.827177707299727,-0.5186078336012514,1.4811676981097095,-0.9340143178794724,-1.0753841019168338
10.0,218.0,1000.0232543945312,-4.244099600989915,-2.952540244263143,-1.9640575883502445,0.6894284905379289,-1.301771899354481,4.827178361078095,-0.5186078015927738,1.4811678695409911,-0.9340139963494636,-1.0753841240329147
10.0,218.0,1000.023193359375,-4.244100587771179,-2.9525365709056683,-1.9640573511621569,0.6894262071390855,-1.3017773052033237,4.82718278508845,-0.5186076972566438,1.481168270240424,-0.9340111869851012,-1.075385042537124
10.0,218.0,1000.023193359375,-4.244100457474111,-2.952536920467093,-1.964057357762238,0.6894264470395273,-1.301776590029518,4.827182347699552,-0.5186077167694734,1.4811682389949965,-0.9340115306318396,-1.0753848673320228
10.0,218.0,1000.0233154296876,-4.244099272099977,-2.952541018938,-1.9640577609043417,0.6894289411202514,-1.3017708978781457,4.827177395576754,-0.5186077767765411,1.4811676325404024,-0.934014435113408,-1.0753841618070354
10.0,218.0,1000.023193359375,-4.24410028146194,-2.9525372401430032,-1.964057486010488,0.6894265526076673,-1.3017764463698822,4.827181980678068,-0.5186076948810392,1.4811680174531263,-0.934011568756727,-1.0753850788715753
10.0,218.0,1000.023193359375,-4.244100140718383,-2.952538486743986,-1.9640573715854348,0.6894275456942314,-1.3017741962360103,4.827180473926735,-0.5186077442830115,1.4811682263513095,-0.9340127522422028,-1.0753844049990864
10.0,218.0,1000.0232543945312,-4.244099789562647,-2.952538939271909,-1.9640575206335464,0.6894276286331404,-1.3017737752558762,4.827179869325274,-0.5186078223705923,1.4811679344866755,-0.9340130461478012,-1.0753845169023974
10.0,218.0,1000.0232543945312,-4.2441005868400765,-2.952536582428603,-1.964057299831769,0.6894262735093335,-1.301777029533579,4.827182812835268,-0.5186076916114839,1.481168331620106,-0.93401125147499,-1.0753848919791094
10.0,218.0,1000.0232543945312,-4.244100287764691,-2.952537493647785,-1.9640574478772208,0.689426771649182,-1.301776023052784,4.827181656404033,-0.5186077019234041,1.4811680984603095,-0.9340118301686706,-1.0753849176136332
10.0,218.0,1000.0233764648438,-4.244100293385981,-2.9525376614697314,-1.9640574170967755,0.6894268976437647,-1.3017756603037482,4.827181508568174,-0.518607724125383,1.4811681496141291,-0.9340119924687666,-1.075384760841164
10.0,218.0,1000.0232543945312,-4.2441006288431495,-2.952536432275982,-1.964057396692488,0.6894260607257241,-1.3017774717993582,4.8271829442414,-0.5186076778128008,1.4811682165467257,-0.934011046734474,-1.0753850839351946
10.0,218.0,1000.0233154296876,-4.24410132143418,-2.9525338887712897,-1.9640571249881429,0.6894245527208547,-1.3017811054886748,4.827186067086757,-0.5186076263854353,1.4811686007695135,-0.9340091654630348,-1.075385638601171
10.0,218.0,1000.023193359375,-4.24409976235466,-2.952539689260218,-1.9640574717264352,0.6894281892333174,-1.3017724504698829,4.827179034914391,-0.5186078271378012,1.4811680591523793,-0.9340137014934004,-1.075384081221905
10.0,218.0,1000.0233154296876,-4.24410031798126,-2.952537568459138,-1.9640574556900896,0.6894268212445462,-1.301775919371655,4.827181580465757,-0.5186077037992289,1.4811681015697564,-0.9340118613256152,-1.0753848857332209
10.0,218.0,1000.0233154296876,-4.244099972894176,-2.952538607911828,-1.9640575509275564,0.6894274076591786,-1.3017743705470042,4.827180329067707,-0.5186077567528375,1.4811679430413482,-0.9340126667649304,-1.0753846294514462
10.0,218.0,1000.023193359375,-4.244100224665182,-2.952537377026064,-1.964057490504239,0.68942663001304,-1.3017761158581709,4.827181806712289,-0.5186077174372272,1.4811680468810886,-0.9340117184482776,-1.0753849539671028
10.0,218.0,1000.0233154296876,-4.244099743821982,-2.9525398624894708,-1.9640574363609613,0.6894283723843762,-1.3017721069719848,4.827178766604122,-0.5186078200762037,1.481168105994457,-0.9340138806185988,-1.075384027311213
10.0,218.0,1000.0233154296876,-4.244099670091145,-2.952539889399693,-1.9640575744730795,0.6894282593583503,-1.3017723451781418,4.827178757493426,-0.5186078103235605,1.481167879129269,-0.9340137729775622,-1.0753842022361098
10.0,218.0,1000.023193359375,-4.244100001372844,-2.95253874901381,-1.964057497943315,0.6894275903418281,-1.3017739297807207,4.827180130979652,-0.5186077439098788,1.4811680678812884,-0.934012868454988,-1.0753844422753245
10.0,218.0,1000.0233154296876,-4.24410028715096,-2.9525376173239,-1.9640573045533705,0.6894268718157193,-1.3017754775475856,4.827181543030017,-0.5186078040039002,1.4811682842436138,-0.9340121238551564,-1.0753846281341124
10.0,218.0,1000.0233154296876,-4.244099522433833,-2.952540425426775,-1.96405762827288,0.6894286213067966,-1.3017715793982925,4.827178134849785,-0.5186077884360376,1.4811678086512554,-0.9340141129138076,-1.0753841237499442
10.0,218.0,1000.0232543945312,-4.244099861055702,-2.952538952526496,-1.9640575006842784,0.6894277298725795,-1.3017736122012775,4.827179888883418,-0.5186077779526297,1.4811680232815272,-0.9340130309206582,-1.0753844513327198
10.0,218.0,1000.023193359375,-4.244099706265696,-2.9525394560848506,-1.9640575456213725,0.6894279986086049,-1.3017728799388948,4.827179264526272,-0.5186078120367723,1.481167946298477,-0.9340134431787588,-1.0753843001506995
10.0,218.0,1000.0232543945312,-4.244099887201176,-2.952538893525319,-1.9640575540183949,0.6894276400570902,-1.3017738014434164,4.827179922696976,-0.5186077859726748,1.4811679845649852,-0.9340129871784616,-1.0753844529982084
10.0,218.0,1000.0233154296876,-4.244100530570412,-2.952536649518677,-1.9640573040486056,0.689426318366432,-1.3017769005516606,4.827182692422312,-0.5186077194022847,1.481168341803433,-0.9340113140863986,-1.075384913767886
10.0,218.0,1000.0233764648438,-4.244100334639716,-2.9525374876040305,-1.9640573376808703,0.6894268237969676,-1.3017758180857033,4.827181678494871,-0.5186077356441867,1.4811682506927104,-0.934011938216635,-1.075384781375071
10.0,218.0,1000.0233154296876,-4.244100132314493,-2.952538211140632,-1.9640574780017943,0.6894272318403747,-1.3017749472474422,4.827180853803291,-0.5186077087290979,1.4811680511822445,-0.934012360815796,-1.075384692924727
10.0,218.0,1000.0231323242188,-4.244100099055577,-2.9525384067785017,-1.9640574469970973,0.6894273717768922,-1.3017745229061255,4.827180602264738,-0.5186077445537798,1.4811680738321282,-0.9340125983308524,-1.0753845644509852
10.0,218.0,1000.023193359375,-4.24410015211982,-2.9525379611546483,-1.964057445235668,0.6894271074474876,-1.3017751725129365,4.827181022784767,-0.5186077475847499,1.481168097055205,-0.9340123088359622,-1.0753847157455434
10.0,218.0,1000.0233764648438,-4.244099693034286,-2.9525398245915384,-1.964057643645158,0.6894282212619975,-1.301772599910353,4.827178847071458,-0.5186077198269263,1.4811677861305856,-0.9340135560022328,-1.0753843752146586
10.0,218.0,1000.0232543945312,-4.244100157940106,-2.952537782651599,-1.9640574736031609,0.6894269268364166,-1.3017754958543732,4.82718132586106,-0.5186077294497933,1.4811680465485129,-0.9340120717085512,-1.0753848056466753
10.0,218.0,1000.0232543945312,-4.244100663898852,-2.952536087222528,-1.964057392871928,0.6894259011166417,-1.3017779924257304,4.827183366372031,-0.5186076456392588,1.4811682400315762,-0.9340107188079648,-1.0753852374076196
10.0,218.0,1000.0232543945312,-4.244098904964243,-2.952542498264072,-1.9640577689362164,0.689429879098725,-1.301768508743526,4.827175626877182,-0.5186078945653803,1.4811675900617305,-0.9340157103430444,-1.0753836264401957
10.0,218.0,1000.0233764648438,-4.244100377604333,-2.952537353911851,-1.964057347223851,0.6894267300109256,-1.3017759759599623,4.827181877312498,-0.5186077370331326,1.4811682472403342,-0.9340118479751583,-1.07538474741769
10.0,218.0,1000.0232543945312,-4.244099482815336,-2.952540805413432,-1.964057573240725,0.6894288792373864,-1.3017708973731643,4.827177703892591,-0.5186078171841917,1.4811678687115846,-0.9340144772167172,-1.0753839283846256
10.0,218.0,1000.023193359375,-4.24410047796526,-2.9525368100919787,-1.964057477936989,0.6894263034116559,-1.3017771093539912,4.827182444654154,-0.5186076639097248,1.481168089127487,-0.9340112306414134,-1.0753851692546683
10.0,218.0,1000.0232543945312,-4.244099800889541,-2.952539484651892,-1.964057623657253,0.6894279754163719,-1.3017731490499629,4.827179279504453,-0.5186077306244972,1.4811678375609914,-0.9340132879235687,-1.0753844436188658
10.0,218.0,1000.0232543945312,-4.244099882797529,-2.9525388616838244,-1.9640575029492364,0.6894276060411686,-1.3017737306845016,4.827179974718996,-0.5186078211163379,1.4811680596853147,-0.93401300778949,-1.075384405853998
10.0,218.0,1000.023193359375,-4.244099642698559,-2.952539729273888,-1.9640576562525105,0.6894281301083929,-1.3017727402692358,4.827178939644535,-0.5186077508877682,1.4811678016933048,-0.9340135266913432,-1.075384374561935
10.0,218.0,1000.023193359375,-4.244098611548904,-2.952543908616822,-1.964057768133427,0.6894308146562391,-1.3017662794471785,4.827173891073709,-0.5186079653334552,1.481167572674163,-0.934016943841061,-1.0753831033639996
10.0,219.0,1000.0233154296876,-4.244100311275416,-2.952537000827283,-1.964057484640858,0.6894264257853786,-1.3017766788736873,4.827182242008886,-0.5186076986591814,1.481168067890966,-0.9340113994100738,-1.075385077799785
10.0,219.0,1000.0232543945312,-4.2440999419022845,-2.952538778123273,-1.9640574831043995,0.6894275628783237,-1.301773993953557,4.827180116334855,-0.5186077885970866,1.4811680198255317,-0.9340128999365068,-1.0753844648133586
10.0,219.0,1000.0232543945312,-4.244099911734519,-2.952538971532279,-1.9640574926954624,0.6894276783707927,-1.3017736662451096,4.827179868576172,-0.5186078065419055,1.4811680129395608,-0.9340130696584988,-1.0753844189338309
10.0,219.0,1000.0233154296876,-4.244100670599122,-2.95253576091592,-1.964057340033873,0.6894257029328967,-1.3017783200400332,4.827183755690527,-0.5186076737448104,1.4811683131058206,-0.9340105226173154,-1.0753852685813876
10.0,219.0,1000.023193359375,-4.244100283624842,-2.9525376657748463,-1.964057401679648,0.6894269050000768,-1.3017755750134978,4.827181472845163,-0.5186077310319188,1.4811681769307636,-0.9340120420105968,-1.0753847198401596
10.0,219.0,1000.023193359375,-4.244099410369051,-2.952540787549667,-1.9640577093098943,0.6894287440005078,-1.301771118487169,4.827177683257101,-0.5186078285173883,1.4811677094993383,-0.9340143489714244,-1.0753840562392596
10.0,219.0,1000.023193359375,-4.244101256356529,-2.952533771589864,-1.964057212276039,0.6894244438671766,-1.3017812996521294,4.827186144992067,-0.5186076255389924,1.4811685344303491,-0.9340090043212008,-1.075385734531718
10.0,219.0,1000.0232543945312,-4.244099213801379,-2.9525412299359006,-1.9640576611968013,0.6894291160695882,-1.3017702592955969,4.827177110468542,-0.5186078714373892,1.4811677412141853,-0.9340147981642062,-1.0753838957050492
10.0,219.0,1000.0233154296876,-4.2440995817046,-2.952539840027318,-1.9640576691826035,0.6894281832127822,-1.3017725444160124,4.827178795211694,-0.5186077773210087,1.481167765672062,-0.934013645125158,-1.0753843632874869
10.0,219.0,1000.0232543945312,-4.244099342424437,-2.9525408218804934,-1.96405772289596,0.6894288150079042,-1.3017711462358377,4.827177560556194,-0.5186078218408188,1.4811676734453485,-0.9340144164538664,-1.0753841181242194
10.0,219.0,1000.023193359375,-4.244099913286042,-2.95253889842209,-1.9640574939270576,0.6894276692417538,-1.3017736477202106,4.827179959867854,-0.518607794811853,1.481168030446975,-0.9340130204635084,-1.0753843724528125
10.0,219.0,1000.023193359375,-4.244100532087824,-2.9525366033562035,-1.9640573939726569,0.6894262118836503,-1.301777309568879,4.827182751782424,-0.5186076712222096,1.48116818051556,-0.9340111550122812,-1.0753851204773426
10.0,219.0,1000.0233154296876,-4.244099965472225,-2.952538777741847,-1.964057467847012,0.6894276029733426,-1.3017738405463946,4.827180072716594,-0.5186077881465989,1.481168106603425,-0.9340129491075012,-1.0753843769132794
10.0,219.0,1000.0232543945312,-4.244100692439673,-2.9525360171063246,-1.96405737174886,0.6894258178990373,-1.301778117135461,4.827183458063423,-0.5186076694399508,1.4811682483779638,-0.9340106977398684,-1.0753852212360848
10.0,219.0,1000.0233154296876,-4.244100241264752,-2.9525377467215748,-1.9640573708234448,0.6894270227177248,-1.301775355070976,4.8271813834212765,-0.518607742330297,1.481168201374972,-0.9340121543076664,-1.075384651299662
10.0,219.0,1000.0232543945312,-4.2441002895873865,-2.95253800648073,-1.9640572913467784,0.6894272191906445,-1.3017747619841211,4.827181044902865,-0.5186077701725864,1.4811683508010356,-0.9340124622291066,-1.0753844009144533
10.0,219.0,1000.0232543945312,-4.244100323381528,-2.952537331529863,-1.9640573685919485,0.6894267003177514,-1.301775926560377,4.827181879833159,-0.5186077553953092,1.481168210066378,-0.9340118349127168,-1.0753847447981606
10.0,219.0,1000.023193359375,-4.244101232521591,-2.952534179415991,-1.9640571482295384,0.6894247951709644,-1.3017805673985112,4.827185667967759,-0.5186076299685514,1.4811686003047608,-0.9340094228105524,-1.0753855200870093
10.0,219.0,1000.0234375,-4.244099558110378,-2.9525403022075785,-1.9640575535152929,0.6894286007243542,-1.3017717079244444,4.827178272319719,-0.5186078007026254,1.4811679218593312,-0.9340140970655312,-1.0753841047647312
10.0,219.0,1000.0232543945312,-4.244100303156893,-2.952537432996138,-1.9640575031636704,0.6894266689415485,-1.3017761115251538,4.827181735815685,-0.5186077039207913,1.4811680620875043,-0.9340117360854644,-1.0753849336824608
10.0,219.0,1000.023193359375,-4.24409999532695,-2.9525385695063373,-1.9640574548229728,0.6894275145095721,-1.301774247775037,4.827180365834472,-0.5186077594051195,1.4811680841044748,-0.9340127442298592,-1.0753845315334931
10.0,219.0,1000.0233154296876,-4.244100043339722,-2.9525383169414594,-1.9640573973138675,0.6894273281349053,-1.3017744118848196,4.827180658774028,-0.5186078001102299,1.4811681627321294,-0.9340126365203236,-1.0753844760681233
10.0,219.0,1000.0233154296876,-4.2441000612001805,-2.952538185659697,-1.964057570703042,0.6894271273133157,-1.3017750517551183,4.82718084090941,-0.518607711627884,1.4811678872811198,-0.9340122767448608,-1.075384831811938
10.0,219.0,1000.0234375,-4.244100295796424,-2.952537536693324,-1.964057384085444,0.6894268756232886,-1.301775663740111,4.827181603139868,-0.5186077375023341,1.481168241691439,-0.9340119905424,-1.0753847242274177
10.0,219.0,1000.023193359375,-4.244099990602001,-2.9525388962408705,-1.964057470409581,0.689427667563268,-1.3017738427298258,4.827180007948599,-0.5186077621664822,1.4811680376689311,-0.9340129985556684,-1.075384424152965
10.0,219.0,1000.0232543945312,-4.244101084319004,-2.9525346387435234,-1.964057226065457,0.6894249750766352,-1.3017800906457715,4.827185126019945,-0.5186076483399251,1.481168457543407,-0.9340096942918956,-1.0753855198359172
10.0,219.0,1000.0233154296876,-4.244100571609421,-2.952536261591885,-1.9640573873802216,0.689425969439311,-1.3017776787253603,4.827183153895337,-0.5186077008777525,1.481168213873043,-0.9340109013598994,-1.075385169293979
10.0,219.0,1000.0233764648438,-4.2440996763840895,-2.952539936238561,-1.9640575289047424,0.6894283097195553,-1.301772277010885,4.827178749689237,-0.518607810860976,1.481167920066614,-0.9340138265713902,-1.075384148555138
10.0,219.0,1000.023193359375,-4.24409980602194,-2.9525392889796263,-1.9640575351210403,0.6894279006316246,-1.3017731988997747,4.827179469372462,-0.5186077964382676,1.4811679540622702,-0.9340133093094742,-1.075384360860742
10.0,219.0,1000.023193359375,-4.24409984640865,-2.952539297509086,-1.9640575604088653,0.6894279092387388,-1.3017732680819356,4.827179505878766,-0.5186077530684869,1.481167962411246,-0.9340132140351978,-1.075384376951133
10.0,219.0,1000.0232543945312,-4.244100222333017,-2.952537709170985,-1.9640575387676893,0.6894268279598679,-1.301775710906167,4.827181393162686,-0.5186077261430349,1.4811680208429054,-0.9340119694825252,-1.0753848360712084
10.0,219.0,1000.0232543945312,-4.244099809359788,-2.952539282589238,-1.9640575577528367,0.6894278999611645,-1.3017732447765584,4.827179466654032,-0.5186077682125108,1.4811679498823267,-0.9340132431491934,-1.0753844056448072
10.0,219.0,1000.0233154296876,-4.244100077783999,-2.952538218451932,-1.9640575167038936,0.6894271873789322,-1.3017748897842307,4.8271807957475215,-0.5186077541069176,1.481168020845142,-0.9340123714589206,-1.0753847206088514
10.0,219.0,1000.0233154296876,-4.244099761199033,-2.9525394664632034,-1.964057597357052,0.6894279667656811,-1.301773108387298,4.827179321538619,-0.5186077643955107,1.4811678704836595,-0.9340133451906264,-1.0753843794927622
10.0,219.0,1000.0233154296876,-4.2440995225620135,-2.95254052940502,-1.96405753500512,0.689428724795591,-1.3017711962926732,4.827177947665234,-0.5186078601110671,1.4811679631228225,-0.9340143868920068,-1.0753838876545505
10.0,219.0,1000.0233154296876,-4.244100997423487,-2.952534930940766,-1.9640572941849328,0.6894251589413756,-1.3017798042197044,4.827184810760466,-0.5186075997897968,1.4811683136573244,-0.9340098067426884,-1.0753855732133664
10.0,219.0,1000.0232543945312,-4.24409912271445,-2.9525416836394296,-1.964057751754092,0.6894293437987056,-1.301769811952652,4.8271766304197925,-0.5186078530324743,1.4811676172842283,-0.9340150465934968,-1.0753838576980763
10.0,219.0,1000.0233154296876,-4.244100057567121,-2.9525382564341043,-1.9640575256138315,0.689427193229343,-1.30177490816662,4.827180751629957,-0.5186077449465323,1.4811679749677742,-0.9340124088022446,-1.075384715879375
10.0,219.0,1000.023193359375,-4.244100200353051,-2.952537790872068,-1.96405752636476,0.6894269103099511,-1.3017756132923752,4.827181261927352,-0.5186077165785683,1.481168010368954,-0.9340120235573188,-1.0753848665504684
10.0,219.0,1000.023193359375,-4.244100679968781,-2.9525361376958363,-1.9640573213769192,0.6894259458633387,-1.3017778704633152,4.82718329593399,-0.5186076890062044,1.4811683148991843,-0.934010856847202,-1.0753851419251954
10.0,219.0,1000.023193359375,-4.244100137781849,-2.9525381740744767,-1.964057438243868,0.6894272275913895,-1.3017748138513523,4.827180860378432,-0.5186077423413424,1.481168112741078,-0.9340124169781756,-1.0753846153728706
10.0,219.0,1000.0233154296876,-4.244100044489819,-2.95253830634893,-1.964057478960064,0.6894273435805758,-1.3017745970826828,4.827180654932302,-0.5186077323023488,1.4811680764195936,-0.9340125185502606,-1.075384606688408
10.0,219.0,1000.0232543945312,-4.244098935110543,-2.9525424933404527,-1.9640577527439664,0.68942984749585,-1.301768453400218,4.827175599774483,-0.5186079131798751,1.4811675984313428,-0.9340157953572712,-1.0753835496088011
10.0,219.0,1000.0232543945312,-4.244099211848599,-2.952541318486372,-1.9640576494792512,0.689429177836498,-1.3017700984385874,4.827177010575877,-0.5186078980647855,1.4811677816224105,-0.9340149252261822,-1.0753837923986738
10.0,219.0,1000.0233154296876,-4.244100371264023,-2.9525373309557432,-1.964057406981658,0.6894267159410239,-1.3017761273348505,4.827181880275015,-0.5186076872050469,1.4811681610347822,-0.9340117180905247,-1.0753849069276615
10.0,219.0,1000.0233154296876,-4.244100409357996,-2.9525369895832334,-1.964057359981788,0.6894265216181523,-1.301776520929554,4.827182279576775,-0.5186076854638175,1.4811682303914298,-0.934011523218592,-1.0753849299324147
10.0,219.0,1000.023193359375,-4.244100125082726,-2.952537995815178,-1.964057524169908,0.6894270999474639,-1.3017752867318455,4.827181037673494,-0.5186076916917406,1.4811679755552012,-0.9340121686977678,-1.0753848673294026
10.0,219.0,1000.0234375,-4.244099607200182,-2.952540298031551,-1.9640576057402792,0.6894285574473287,-1.3017717681630008,4.827178269045621,-0.5186077742512634,1.4811678578056444,-0.934014064313283,-1.0753840847941092
10.0,219.0,1000.023193359375,-4.244098790610348,-2.952542803315439,-1.9640577364700504,0.689430117874057,-1.3017678904675254,4.827175203117999,-0.518607938869029,1.4811676464636785,-0.9340160549248456,-1.075383430208403
10.0,219.0,1000.0232543945312,-4.2440992581502925,-2.952541215057735,-1.964057662322628,0.6894290788241548,-1.3017703859645238,4.827177138927807,-0.5186078642437382,1.4811677202380498,-0.9340147948311196,-1.075383917880754
10.0,220.0,1000.0232543945312,-4.244100900913582,-2.9525354969154893,-1.964057230936071,0.6894256173342574,-1.301778734199876,4.827184079183503,-0.5186076380285822,1.4811684292977167,-0.9340103903645254,-1.07538526428557
10.0,220.0,1000.023193359375,-4.244101067036577,-2.95253466629616,-1.9640572642491656,0.6894249897508642,-1.3017800238550985,4.827185091054748,-0.5186076272223437,1.4811684333249584,-0.934009697897496,-1.0753854952465254
10.0,220.0,1000.0232543945312,-4.244099630459432,-2.9525399983530622,-1.9640576228272884,0.6894282841189847,-1.3017722288807438,4.827178631741555,-0.5186078077827823,1.481167846118062,-0.9340137919921228,-1.0753842171456047
10.0,220.0,1000.023193359375,-4.244100282138106,-2.95253770643726,-1.9640574072991992,0.6894268927931986,-1.301775633248166,4.827181480605447,-0.5186077198652859,1.4811681229124476,-0.93401203916346,-1.0753847643647123
10.0,220.0,1000.0233764648438,-4.244100152371395,-2.9525379684503545,-1.9640574062768,0.689427069345701,-1.3017750599928704,4.8271811078054085,-0.5186077692926911,1.481168124972715,-0.9340123067236376,-1.0753846422725823
10.0,220.0,1000.0232543945312,-4.244099807213548,-2.9525390482842115,-1.9640575903520927,0.6894277225681957,-1.3017736699646454,4.827179785978871,-0.518607775183269,1.4811679377100742,-0.9340129872121752,-1.0753845273954847
10.0,220.0,1000.0232543945312,-4.244100109725232,-2.9525381487508904,-1.9640574735873304,0.6894272217213357,-1.3017749107446974,4.82718083166734,-0.5186077494778436,1.4811680884028613,-0.934012408412208,-1.0753846734336547
10.0,220.0,1000.0234985351562,-4.24410035945878,-2.952537517754001,-1.9640573305391824,0.6894268539120159,-1.301775746585696,4.827181643555251,-0.5186077685539505,1.4811682773203207,-0.9340119985479304,-1.0753846900685595
10.0,220.0,1000.0232543945312,-4.244100985412507,-2.952535011624652,-1.9640572532859824,0.6894253036642004,-1.3017794660565225,4.827184652798239,-0.518607609151517,1.4811684654812138,-0.9340099502849596,-1.075385409447274
10.0,220.0,1000.023193359375,-4.244100899108775,-2.952535515243805,-1.964057239195189,0.6894255865031322,-1.3017786893950745,4.827184081970694,-0.5186076761455913,1.481168456665789,-0.9340104212160592,-1.0753851998637955
10.0,220.0,1000.0233154296876,-4.244099992996457,-2.9525388011305345,-1.9640574409031464,0.6894276221571571,-1.3017738251053652,4.827180102917371,-0.518607792612265,1.481168112244987,-0.9340129790956846,-1.075384388801612
10.0,220.0,1000.0232543945312,-4.244100082606193,-2.952538246454673,-1.9640575246012213,0.6894272148143124,-1.3017748075009554,4.827180793330903,-0.5186077181266064,1.4811680183837677,-0.934012400254427,-1.0753846693776392
10.0,220.0,1000.0232543945312,-4.244100031224358,-2.952538425265855,-1.9640574242544453,0.6894273927133749,-1.3017743532294763,4.827180523930446,-0.5186077985761894,1.481168138489755,-0.9340127115087524,-1.0753844854671128
10.0,220.0,1000.0232543945312,-4.244100275319079,-2.9525375954300923,-1.964057451869836,0.6894268368666756,-1.3017757894373414,4.827181531111371,-0.5186077143281951,1.481168089429196,-0.934011931351212,-1.0753848459182458
10.0,220.0,1000.0232543945312,-4.244100564475805,-2.952536447501632,-1.964057373915313,0.6894261046867154,-1.3017774326596516,4.827182939802414,-0.5186076901111516,1.4811682190642363,-0.9340110531849986,-1.0753851139628985
10.0,220.0,1000.0232543945312,-4.244100218726967,-2.952537705896758,-1.9640574712825376,0.6894269070115602,-1.3017756373080838,4.827181362287714,-0.5186077400315368,1.4811681040804334,-0.9340120212732456,-1.0753848207766037
10.0,220.0,1000.0232543945312,-4.24409943971239,-2.9525406611896257,-1.9640576586671084,0.6894288074264363,-1.3017711356498485,4.827177806035026,-0.5186077994666842,1.481167831606685,-0.934014292426652,-1.0753840300613744
10.0,220.0,1000.0233764648438,-4.244100754969847,-2.952535985200699,-1.9640572560831644,0.6894258562037141,-1.3017779742611937,4.827183510855145,-0.5186077019404376,1.4811684186214071,-0.934010791706262,-1.0753850950233783
10.0,220.0,1000.023193359375,-4.244100171545338,-2.952538057951294,-1.9640574027765827,0.6894272419064933,-1.30177495762984,4.827180985961217,-0.5186077249208614,1.481168171175372,-0.9340123569942644,-1.0753846229218262
10.0,220.0,1000.0233154296876,-4.244100346761938,-2.952537439332017,-1.9640573190115809,0.6894268186951011,-1.3017757790569346,4.827181720227989,-0.5186077606754029,1.481168308554083,-0.9340120047231606,-1.075384661540642
10.0,220.0,1000.023193359375,-4.244100190412167,-2.952537846469935,-1.964057443648283,0.6894270111656153,-1.3017753883073846,4.827181250807609,-0.5186077390835129,1.48116809657642,-0.934012162801432,-1.0753847545314956
10.0,220.0,1000.0233154296876,-4.244100590196229,-2.952536442882735,-1.9640572889843684,0.6894261558475003,-1.3017773002101545,4.827182942686974,-0.5186077047580904,1.481168326081006,-0.9340111501274412,-1.0753850085810417
10.0,220.0,1000.0232543945312,-4.244100458640016,-2.952536957660418,-1.964057347005106,0.6894265021161115,-1.301776618383197,4.827182302164282,-0.51860772941391,1.4811682494199117,-0.934011553636072,-1.075384894319229
10.0,220.0,1000.0233154296876,-4.244100949259622,-2.95253526665542,-1.964057185144196,0.68942544264711,-1.3017789780401907,4.827184380830968,-0.5186076692472188,1.4811684792865272,-0.9340102819867822,-1.075385231729784
10.0,220.0,1000.0233154296876,-4.244099314729462,-2.9525411728719906,-1.964057635069762,0.6894290735648365,-1.3017704108607957,4.827177201395877,-0.5186078651551842,1.4811677835811103,-0.934014762141114,-1.0753838794153214
10.0,220.0,1000.0232543945312,-4.244099046804814,-2.952541988320202,-1.9640577943633248,0.6894295310188125,-1.301769393836647,4.827176189508746,-0.5186078535390264,1.4811675892077645,-0.9340152886917306,-1.0753838006350742
10.0,220.0,1000.0233154296876,-4.244099957723619,-2.952538678686924,-1.9640575948856536,0.6894274520027341,-1.3017742540741448,4.8271802180711525,-0.5186077314054849,1.481167891298667,-0.9340126977620908,-1.0753846459212577
10.0,220.0,1000.0233764648438,-4.244101385013766,-2.9525336346489754,-1.964057209829721,0.6894243436960599,-1.3017817764250283,4.827186377489074,-0.5186075526737426,1.4811684776947374,-0.9340088098916092,-1.0753858891821149
10.0,220.0,1000.023193359375,-4.244100520880608,-2.952536835487902,-1.964057306855214,0.6894264365828873,-1.3017766693136783,4.827182455816757,-0.5186077241830054,1.481168322424918,-0.9340114595831412,-1.0753848719799186
10.0,220.0,1000.023193359375,-4.244099499270082,-2.9525403976347846,-1.9640575813064889,0.6894286007813992,-1.301771489371644,4.827178141814915,-0.5186078471070825,1.4811679010951568,-0.934014183199662,-1.075384041558837
10.0,220.0,1000.0232543945312,-4.244100542247862,-2.952536423308856,-1.9640573839585187,0.689426086525728,-1.3017774967138749,4.827182952226819,-0.5186076915845401,1.481168208524556,-0.9340110366954146,-1.0753851553588856
10.0,220.0,1000.0232543945312,-4.244101036417473,-2.9525348121220416,-1.9640572434447685,0.6894250863243148,-1.3017798148286177,4.827184915220123,-0.5186076483967836,1.4811684363275983,-0.93400981965146,-1.0753854771027287
10.0,220.0,1000.0233764648438,-4.244099535457071,-2.952540261456766,-1.964057567637222,0.689428522037062,-1.3017716865050135,4.827178341261819,-0.5186078292555871,1.4811678851371948,-0.9340140651697092,-1.075384067415909
10.0,220.0,1000.0232543945312,-4.244099604752083,-2.9525399400914467,-1.9640575288056976,0.689428309632043,-1.30177210711902,4.8271786996033015,-0.5186078494030273,1.4811679496059051,-0.93401386914831,-1.0753841274089209
10.0,220.0,1000.0233764648438,-4.244099858558731,-2.9525392282340595,-1.9640575280382968,0.689427879712742,-1.301773258612235,4.827179529698805,-0.5186077882840472,1.4811679856773663,-0.934013283788234,-1.075384324131214
10.0,220.0,1000.0232543945312,-4.24409962632512,-2.952540146922128,-1.96405758535254,0.689428465475693,-1.301771938186488,4.827178409983214,-0.5186078205025328,1.4811678875819876,-0.9340139643864394,-1.0753841296493238
10.0,220.0,1000.0232543945312,-4.244100659639135,-2.9525364393632154,-1.96405737657558,0.6894260826663112,-1.3017775449551876,4.827182975611233,-0.5186076678277303,1.4811682028177255,-0.9340110170045516,-1.0753851170043591
10.0,220.0,1000.0233154296876,-4.2441008605838,-2.95253558509048,-1.964057306927,0.6894256029095347,-1.3017786656721415,4.827183960778337,-0.5186076533466819,1.4811683865849226,-0.9340104312902646,-1.075385259191051
10.0,220.0,1000.0233154296876,-4.244098992462474,-2.9525425111027017,-1.964057705294716,0.689429926882128,-1.3017684293420233,4.827175603210733,-0.5186078815246358,1.4811676568915375,-0.9340158210857492,-1.0753835008543948
10.0,220.0,1000.0232543945312,-4.244100210482904,-2.952537856273419,-1.9640573802346712,0.6894270649531329,-1.3017752602069148,4.827181220252578,-0.5186077354859231,1.4811681970424129,-0.934012224761852,-1.075384679288694
10.0,220.0,1000.023193359375,-4.244100573009875,-2.952536580800863,-1.9640572982506173,0.6894262343715516,-1.3017771003230418,4.827182807812958,-0.5186077153546806,1.4811683562218576,-0.934011233339362,-1.0753849481993003
10.0,220.0,1000.023193359375,-4.244100152850548,-2.9525380406338084,-1.964057473198158,0.6894271355740873,-1.3017750375105075,4.827180954076169,-0.5186077464275183,1.481168113972636,-0.9340123393889082,-1.075384658698189
10.0,220.0,1000.0232543945312,-4.24410100590047,-2.952534841094417,-1.9640572299333847,0.6894251298524186,-1.3017797702745737,4.827184885132354,-0.5186076520259943,1.481168454396638,-0.9340098384755704,-1.0753854778894651
10.0,220.0,1000.0233154296876,-4.244100660004544,-2.952536279980534,-1.9640573112062,0.6894260394389393,-1.30177759205562,4.827183130600815,-0.5186076913808897,1.4811683310101609,-0.934010968145648,-1.0753850884423883
10.0,220.0,1000.023193359375,-4.244099963472464,-2.9525388799174084,-1.96405753786574,0.6894276834749018,-1.301773905202865,4.827179958874973,-0.5186077430396088,1.4811680204783837,-0.9340129351569136,-1.07538449493659
10.0,220.0,1000.0232543945312,-4.2440997834309,-2.9525392301931728,-1.964057503413076,0.6894278807317802,-1.3017732676329614,4.827179572332994,-0.5186078049154785,1.4811679733531964,-0.9340132742330488,-1.0753843711801654
10.0,220.0,1000.023193359375,-4.244100379405367,-2.9525371887580647,-1.9640574333548293,0.6894265527863368,-1.3017763220514025,4.8271820345214405,-0.5186077264208846,1.481168137044783,-0.934011640169242,-1.0753848780833124
10.0,220.0,1000.0232543945312,-4.244100396043253,-2.9525372148966977,-1.9640573882777268,0.6894266164232219,-1.3017762350251716,4.827182016641363,-0.518607710064714,1.4811681918879227,-0.93401168597466,-1.0753848458491695
10.0,220.0,1000.023193359375,-4.244100222913937,-2.95253775337948,-1.9640574022710484,0.6894269734948573,-1.3017753679769024,4.827181335891526,-0.5186077470310515,1.481168188537839,-0.9340121248735808,-1.0753846949541206
10.0,220.0,1000.023193359375,-4.244100705011907,-2.9525362182746773,-1.9640572829817304,0.6894260283617717,-1.3017776976899698,4.82718322004785,-0.5186076856540556,1.481168358446232,-0.9340109657467206,-1.0753850448747388
10.0,221.0,1000.023193359375,-4.24410122806658,-2.952534763714873,-1.96405713798073,0.689425145696756,-1.3017797886984344,4.8271850229304665,-0.5186076247567293,1.481168599053051,-0.934009861956458,-1.0753853291362288
10.0,221.0,1000.0232543945312,-4.244099228982676,-2.952541536111459,-1.9640576190213723,0.6894293511403982,-1.3017697701534363,4.827176743449922,-0.5186079036514748,1.4811678456467725,-0.934015105872362,-1.0753836995061716
10.0,221.0,1000.0232543945312,-4.244099622300695,-2.9525399560217345,-1.964057518224064,0.6894283780536892,-1.3017721701092189,4.827178664846677,-0.518607825862814,1.481167963660095,-0.9340138694013742,-1.0753841558332016
10.0,221.0,1000.023193359375,-4.244100564117138,-2.9525365141702453,-1.964057344961064,0.6894261843157947,-1.3017772092614162,4.827182861898617,-0.5186076914972677,1.4811682769667271,-0.9340111550670632,-1.0753850148955135
10.0,221.0,1000.0232543945312,-4.244099888090862,-2.9525390403288267,-1.9640575313084003,0.6894277085652813,-1.30177367647758,4.82717982371107,-0.5186077773503737,1.4811679633151424,-0.934013064940708,-1.0753844458900574
10.0,221.0,1000.023193359375,-4.244099909415061,-2.952538912248076,-1.9640575764410464,0.6894276223584717,-1.3017739356930251,4.827179930528436,-0.5186077517154146,1.4811679294311857,-0.9340129161522146,-1.0753845466321
10.0,221.0,1000.023193359375,-4.244100778066731,-2.9525358777209982,-1.964057294755273,0.6894257945631201,-1.3017782512241816,4.827183638193052,-0.5186076598272749,1.4811683437613334,-0.9340106298367888,-1.0753852149794412
10.0,221.0,1000.0233154296876,-4.244100051950159,-2.9525383302900923,-1.9640574436078,0.689427315009123,-1.3017745330997863,4.827180648237192,-0.5186077901385424,1.4811681197855542,-0.9340126074379098,-1.0753845201676908
10.0,221.0,1000.023193359375,-4.244100991854952,-2.95253530244856,-1.964057196656684,0.6894254553315351,-1.301779061675172,4.827184387940321,-0.5186076619745927,1.4811684913464305,-0.9340102311687816,-1.0753852775311352
10.0,221.0,1000.0232543945312,-4.244098556942351,-2.952543812995317,-1.9640577861462152,0.689430784581706,-1.3017663591293125,4.827173979158587,-0.5186079545292186,1.4811675635582775,-0.9340168385014652,-1.0753831854768277
10.0,221.0,1000.0234375,-4.244099885189257,-2.952539135557448,-1.964057474689896,0.6894278587822731,-1.3017733493343608,4.827179681093824,-0.5186077777502343,1.48116805180437,-0.934013200103272,-1.075384364456288
10.0,221.0,1000.023193359375,-4.244099840618148,-2.952539203478888,-1.964057565613269,0.6894278181287552,-1.3017733237144729,4.827179572884422,-0.5186077808757315,1.481167935976111,-0.934013199058561,-1.075384390202557
10.0,221.0,1000.023193359375,-4.244099996712568,-2.952538461632603,-1.9640575645071667,0.6894273455748117,-1.30177463726123,4.827180487803135,-0.5186077092365702,1.481167939028026,-0.934012520522888,-1.0753847349158017
10.0,221.0,1000.0232543945312,-4.244100330397479,-2.9525372640734657,-1.964057348054148,0.6894266740007051,-1.3017759979329684,4.82718191999864,-0.5186077663915398,1.4811682662864325,-0.9340118347326296,-1.0753847557619949
10.0,221.0,1000.0232543945312,-4.244100201031521,-2.952537883797545,-1.964057410534561,0.6894270480043883,-1.3017751814740564,4.827181182471561,-0.51860774736988,1.4811681687864091,-0.9340122307512182,-1.0753846692588651
10.0,221.0,1000.0232543945312,-4.244099456247056,-2.952540477664697,-1.9640576195109127,0.6894286252757915,-1.3017714175932604,4.827178052013997,-0.5186078535958805,1.481167839615097,-0.9340142188108612,-1.0753840301630355
10.0,221.0,1000.023193359375,-4.244100195532642,-2.952537869572834,-1.9640574426192057,0.6894270398188072,-1.3017752528983006,4.827181191482397,-0.5186077467976258,1.481168128235896,-0.9340121871455134,-1.0753847076813514
10.0,221.0,1000.0233154296876,-4.244099009748163,-2.952542226513412,-1.9640577940896915,0.6894296521894061,-1.301769097515332,4.82717593895816,-0.518607872320497,1.4811675408225238,-0.93401548059391,-1.0753837383577567
10.0,221.0,1000.0233154296876,-4.24410016202743,-2.9525379319199656,-1.964057455063963,0.6894270261094624,-1.301775208284464,4.82718112590716,-0.5186077657881256,1.4811680977119366,-0.9340122625977784,-1.0753846720469298
10.0,221.0,1000.023193359375,-4.24410045742838,-2.952536964410194,-1.9640573280277795,0.6894265049124311,-1.30177656465749,4.827182317900775,-0.518607719466952,1.4811682732160243,-0.9340115342826474,-1.0753848988048724
10.0,221.0,1000.023193359375,-4.244100188326455,-2.952537788942642,-1.9640574517289444,0.6894269734153831,-1.301775363145678,4.827181286804782,-0.518607749420342,1.4811681458441148,-0.9340121216610447,-1.075384722406056
10.0,221.0,1000.0232543945312,-4.244100078568772,-2.9525381654142464,-1.9640574857460296,0.6894272023768231,-1.301774866883254,4.827180820707142,-0.5186077483594689,1.4811680721185496,-0.934012401095897,-1.075384666548136
10.0,221.0,1000.0233154296876,-4.244100867291647,-2.952535510609567,-1.964057259156592,0.6894255605170683,-1.3017786782930365,4.82718409272122,-0.5186076734841052,1.4811684361064366,-0.9340103958000086,-1.0753852128250267
10.0,221.0,1000.0233764648438,-4.244100568874167,-2.95253664892774,-1.9640573092400624,0.6894262956776984,-1.3017770035826843,4.827182720590104,-0.5186077053216298,1.4811683023612376,-0.9340112858535116,-1.0753849404949656
10.0,221.0,1000.0232543945312,-4.244100348420944,-2.952537221244349,-1.9640574223800336,0.6894266069296373,-1.3017763212196725,4.827182007628858,-0.5186076978097969,1.4811681172959856,-0.9340116497443997,-1.0753849462179526
10.0,221.0,1000.0233764648438,-4.244100383527561,-2.9525373465972224,-1.964057350513826,0.6894267352598948,-1.3017759478662183,4.827181853089147,-0.5186077366628865,1.481168279266992,-0.934011863646676,-1.07538472960245
10.0,221.0,1000.0232543945312,-4.244101040036071,-2.952534706911112,-1.9640572378077743,0.689425025996135,-1.3017799646023889,4.82718505884568,-0.5186076581104304,1.481168460776999,-0.9340097611981868,-1.0753854842250377
10.0,221.0,1000.0233154296876,-4.244100222787896,-2.952537578300382,-1.964057520951456,0.6894267693146752,-1.301775923112522,4.827181564870696,-0.5186077113778955,1.481168048937766,-0.9340118373010836,-1.0753849260435104
10.0,221.0,1000.0233764648438,-4.244100630336912,-2.952536363808757,-1.964057306868064,0.6894261190113271,-1.3017774669268851,4.8271830622276894,-0.518607679517836,1.4811683302712275,-0.934011035383219,-1.0753850383893244
10.0,221.0,1000.023193359375,-4.24410014600328,-2.9525381547900813,-1.9640574433170928,0.6894271875591995,-1.3017749108078016,4.827180874437122,-0.5186077583523314,1.481168093911962,-0.9340124357357134,-1.0753846170396764
10.0,221.0,1000.0232543945312,-4.244099476169341,-2.952540823202043,-1.964057576773064,0.6894289047373476,-1.301770940456621,4.827177643361955,-0.5186078274299009,1.4811678703102942,-0.934014509769864,-1.0753839226096873
10.0,221.0,1000.0233154296876,-4.244100722579248,-2.9525358978083656,-1.9640573215719832,0.6894257975944544,-1.301778258939649,4.827183630114533,-0.5186076537561384,1.4811683230441242,-0.9340106188666848,-1.0753852219461946
10.0,221.0,1000.0233154296876,-4.2440997762211845,-2.9525394403320235,-1.96405754549678,0.689428013735867,-1.3017729690768554,4.827179288585088,-0.5186077946733576,1.4811679522725196,-0.9340134156751212,-1.0753843007793715
10.0,221.0,1000.0232543945312,-4.244100167295728,-2.952538032934917,-1.964057341877176,0.6894272010567395,-1.3017748845981374,4.827181058623401,-0.5186077732366616,1.4811682408924396,-0.9340124097737776,-1.0753845608557713
10.0,221.0,1000.0232543945312,-4.244100004032743,-2.952538669546376,-1.9640574677023943,0.6894275216552268,-1.3017741095782005,4.827180252401641,-0.5186077596675398,1.481168054596429,-0.9340128057356304,-1.0753845104798
10.0,221.0,1000.0233764648438,-4.244100306353049,-2.952537538729775,-1.9640573944975577,0.6894268661484979,-1.3017757995114208,4.82718162309788,-0.5186077100010289,1.481168167322492,-0.9340119194796924,-1.0753848076780188
10.0,221.0,1000.0233154296876,-4.244101130411791,-2.9525344490403937,-1.9640571990777471,0.6894248954507676,-1.3017803879009175,4.827185359513473,-0.5186076475211774,1.4811684947331152,-0.9340095540705696,-1.0753855663448486
10.0,221.0,1000.0232543945312,-4.24410090772353,-2.95253545011376,-1.9640572531138336,0.6894255075386706,-1.3017788066634206,4.827184162539687,-0.518607665805737,1.4811684058466268,-0.9340103775469624,-1.075385228361943
10.0,221.0,1000.0232543945312,-4.24410026185676,-2.9525373561108283,-1.9640574181940136,0.6894266815363101,-1.3017760352100185,4.827181808240578,-0.5186077510988989,1.4811681610425182,-0.9340118227174284,-1.075384825473718
10.0,221.0,1000.0233154296876,-4.24409948102374,-2.952540364999604,-1.964057640008932,0.6894285284585013,-1.30177170397813,4.827178179777382,-0.5186078194212591,1.481167780147043,-0.9340140687961158,-1.0753841715002643
10.0,221.0,1000.0232543945312,-4.244101097631199,-2.952534772195148,-1.96405711606306,0.6894251744451987,-1.301779690808889,4.8271849908913165,-0.5186076567045141,1.4811685878838956,-0.9340099318476672,-1.0753853350776046
10.0,221.0,1000.0232543945312,-4.244099614241542,-2.9525399352698134,-1.9640576111049617,0.6894282974189299,-1.3017723191961106,4.827178705085402,-0.5186078040570044,1.4811678438872704,-0.9340137559091356,-1.0753842419344513
10.0,221.0,1000.0233154296876,-4.24409992512257,-2.9525386995613645,-1.964057514966775,0.6894275331081285,-1.301774059225458,4.827180198229323,-0.5186077620796965,1.4811680030677028,-0.93401282332154,-1.0753845347743756
10.0,221.0,1000.0232543945312,-4.244099591991978,-2.9525400042390584,-1.964057596838117,0.6894283553945213,-1.3017722131241176,4.827178641907793,-0.5186077910223323,1.4811678498442309,-0.934013779470618,-1.075384257424585
10.0,221.0,1000.0232543945312,-4.244100189421535,-2.9525378342650304,-1.964057484516624,0.6894269434238565,-1.30177540047727,4.827181225918176,-0.518607764145762,1.4811680716711093,-0.9340121424625404,-1.075384721556532
10.0,221.0,1000.0233764648438,-4.244100539944698,-2.9525366797981736,-1.9640574414322232,0.6894261948644704,-1.301777253542567,4.827182688005372,-0.5186076729164242,1.481168118399311,-0.934011152496426,-1.075385115506161
10.0,221.0,1000.0233764648438,-4.244099911637594,-2.952539046590702,-1.9640575075154465,0.6894277409022393,-1.3017735636186325,4.827179775275594,-0.5186077833884859,1.481167982840324,-0.9340131277991386,-1.0753843995915986
10.0,221.0,1000.0233154296876,-4.244099948824582,-2.952538562641156,-1.9640575421032656,0.6894274263127116,-1.3017743328937486,4.827180365993,-0.5186077586146052,1.4811679608109296,-0.934012661137885,-1.0753846340078796
10.0,221.0,1000.023193359375,-4.2441003392031,-2.9525376653573336,-1.9640573584909429,0.6894269833214297,-1.3017755438503418,4.8271814661633545,-0.518607719297937,1.4811682389137006,-0.9340120795712084,-1.075384667407353
10.0,221.0,1000.0232543945312,-4.244100225424604,-2.9525378651621765,-1.9640573963655024,0.6894270507171427,-1.3017751855914628,4.827181215701069,-0.5186077456592528,1.4811682011458611,-0.934012239936096,-1.0753846176107444
10.0,222.0,1000.023193359375,-4.2441003182067805,-2.952537612012011,-1.964057369044704,0.6894269168818301,-1.3017755800987048,4.827181515563792,-0.5186077351870235,1.4811682427180166,-0.9340120463374656,-1.0753847025647718
10.0,222.0,1000.0232543945312,-4.244099877964565,-2.9525390560208264,-1.9640575036822217,0.6894277853346056,-1.3017736102318498,4.827179782148253,-0.5186077501757138,1.4811679918257727,-0.9340130714066516,-1.0753844557970775
10.0,222.0,1000.0233764648438,-4.244101125055061,-2.952534830946392,-1.9640571956838413,0.6894251731530066,-1.3017797801569992,4.82718493157369,-0.5186076131079878,1.481168488438401,-0.9340098567062628,-1.0753854364961364
10.0,222.0,1000.0232543945312,-4.244099870025257,-2.952539217052677,-1.964057483162804,0.6894278744138962,-1.301773271441613,4.827179604094265,-0.5186077827626825,1.4811680279277786,-0.9340132604061138,-1.075384329062152
10.0,222.0,1000.0232543945312,-4.244100567705216,-2.9525364908156764,-1.964057390733049,0.6894261318500732,-1.301777456384094,4.827182867267847,-0.5186076832699342,1.4811682035151916,-0.9340110683613592,-1.0753851485417671
10.0,222.0,1000.0233764648438,-4.244101370133837,-2.9525336203552657,-1.964057099574263,0.6894244168552586,-1.3017814264981695,4.827186360969504,-0.5186076275855562,1.4811686533272752,-0.9340089746903616,-1.075385690447526
10.0,222.0,1000.023193359375,-4.244100100540397,-2.952538540859705,-1.9640574226504264,0.6894274827997124,-1.30177432938678,4.827180388450845,-0.518607756720237,1.4811681366243512,-0.9340127486517744,-1.075384511681507
10.0,222.0,1000.0232543945312,-4.244100817631564,-2.9525358182579966,-1.9640573037019085,0.6894257595610238,-1.3017784166916084,4.827183721053016,-0.5186076371249966,1.48116832359438,-0.93401054583095,-1.075385271354997
10.0,222.0,1000.0232543945312,-4.244100469690476,-2.9525368842628468,-1.964057375364196,0.6894264311410625,-1.3017767287555977,4.827182389413773,-0.5186077035360395,1.4811682180362755,-0.9340114330082904,-1.0753849620252205
10.0,222.0,1000.0233154296876,-4.244100547681809,-2.9525371216798617,-1.9640573040879787,0.6894266145510723,-1.301776373317098,4.8271821400349175,-0.5186076877834509,1.4811683085585878,-0.9340116599032324,-1.075384798500723
10.0,222.0,1000.023193359375,-4.244098894815293,-2.952542710771384,-1.964057751458712,0.689430055152541,-1.3017681586395176,4.827175361014156,-0.5186079006448354,1.4811676354278882,-0.9340159229983448,-1.0753834919325156
10.0,222.0,1000.0233154296876,-4.244100444944165,-2.952536839071433,-1.9640574280843208,0.6894263525305391,-1.3017768755127457,4.827182481657356,-0.518607676802552,1.4811681528072818,-0.9340112976075544,-1.0753850482849634
10.0,222.0,1000.0232543945312,-4.2441005082429095,-2.952536609163497,-1.964057353597316,0.6894262575499095,-1.301777111246361,4.827182748663043,-0.5186076881585544,1.481168262718783,-0.9340112120408336,-1.0753850176204125
10.0,222.0,1000.0233154296876,-4.244099149991958,-2.952541845828363,-1.964057665604681,0.6894294571615838,-1.3017694152574806,4.827176420373164,-0.5186079107232757,1.4811677259739398,-0.934015311694984,-1.075383662109521
10.0,222.0,1000.0232543945312,-4.2441006955583775,-2.952536205434199,-1.9640573351022648,0.6894259927918451,-1.3017777934359605,4.827183218525214,-0.5186076717729406,1.4811682946762217,-0.9340108935720136,-1.0753851296922077
10.0,222.0,1000.0233154296876,-4.244100771238349,-2.9525359567723144,-1.964057250401321,0.6894258789365129,-1.3017780780940829,4.827183533758936,-0.5186076886236011,1.481168408130566,-0.9340107659321096,-1.075385127481856
10.0,222.0,1000.0233154296876,-4.24410054525398,-2.9525365517071926,-1.9640573409411808,0.689426228094665,-1.301777187258458,4.827182792134044,-0.5186077109709171,1.481168307925074,-0.9340112068053416,-1.075385010063839
10.0,222.0,1000.0232543945312,-4.244099965942503,-2.952538665493037,-1.9640574851128416,0.6894275120686029,-1.3017740913136635,4.827180253349336,-0.5186077702817391,1.481168044031966,-0.934012800676494,-1.075384521340216
10.0,222.0,1000.0233764648438,-4.244100628069621,-2.952536343625745,-1.9640572318692169,0.6894261240218871,-1.3017774149131809,4.827183085157005,-0.5186077374257785,1.4811684220990262,-0.9340111363393024,-1.07538495780555
10.0,222.0,1000.0232543945312,-4.244099680265324,-2.9525400825895805,-1.964057539588224,0.689428457742939,-1.3017719862767256,4.827178541680681,-0.5186077894500709,1.4811679537075817,-0.9340139301557162,-1.0753841037937415
10.0,222.0,1000.023193359375,-4.244101140030404,-2.952534737402224,-1.964057236679784,0.6894251105919311,-1.3017799972010948,4.827185026878755,-0.5186075824812031,1.4811684721996068,-0.934009721535455,-1.075385508591026
10.0,222.0,1000.023193359375,-4.244099743596958,-2.9525396628696634,-1.9640575709322872,0.6894281441792236,-1.3017727159040593,4.8271790677931055,-0.5186077669781906,1.4811679119810923,-0.9340135199641324,-1.0753843032563637
10.0,222.0,1000.023193359375,-4.244100143280204,-2.9525380476078285,-1.964057473321847,0.6894271401450656,-1.3017750758234077,4.827180943711895,-0.5186077516178971,1.4811680886023837,-0.9340123469896112,-1.075384683314872
10.0,222.0,1000.023193359375,-4.244100113220809,-2.9525384155281293,-1.9640574492026657,0.6894273949464091,-1.301774478232499,4.827180537328447,-0.5186077400484015,1.4811681050210286,-0.9340126181516748,-1.075384571487961
10.0,222.0,1000.0232543945312,-4.244100225802133,-2.9525378640701194,-1.9640573538455808,0.6894270689385245,-1.3017751599119194,4.827181216538863,-0.518607779670333,1.4811682278026057,-0.9340123007824026,-1.0753845964288855
10.0,222.0,1000.0233154296876,-4.244100008374618,-2.952538652821655,-1.9640574511400528,0.6894275598192747,-1.301774074814599,4.827180258950541,-0.5186077602762964,1.4811680804198213,-0.9340128265241132,-1.0753844858387174
10.0,222.0,1000.023193359375,-4.244100179924725,-2.952538028539029,-1.9640574331692449,0.6894271451231004,-1.3017750241710813,4.827181017136352,-0.5186077415329056,1.4811681315322345,-0.9340123241690944,-1.075384638978874
10.0,222.0,1000.023193359375,-4.244100725980225,-2.9525360727327787,-1.964057305781277,0.6894259111135081,-1.3017779566695804,4.827183408916,-0.518607664367666,1.4811683290327506,-0.9340107779932812,-1.0753851676698911
10.0,222.0,1000.023193359375,-4.244100624519859,-2.9525364835472683,-1.964057293024808,0.6894261993182855,-1.3017772453462402,4.82718287239098,-0.518607710843451,1.4811683558929385,-0.9340111990949512,-1.0753849550638526
10.0,222.0,1000.0233764648438,-4.2441002868745645,-2.952537528641675,-1.964057399013473,0.689426835435885,-1.3017758012983585,4.827181645663675,-0.5186077166369856,1.481168154660355,-0.9340119167472452,-1.07538482893246
10.0,222.0,1000.0234375,-4.244100338160337,-2.952537596976629,-1.9640574061353,0.6894268581754623,-1.301775717982188,4.827181567960945,-0.5186077056313971,1.4811681870498266,-0.9340119400072416,-1.0753847758401398
10.0,222.0,1000.0233154296876,-4.244100398885503,-2.952537374544328,-1.9640573904618817,0.6894267268367731,-1.3017760025340697,4.827181820123565,-0.518607707918096,1.481168231269967,-0.9340118159626024,-1.075384766093352
10.0,222.0,1000.0233764648438,-4.244099900494016,-2.9525390460629253,-1.9640575148716848,0.6894277480559268,-1.3017735845568588,4.827179764424248,-0.5186077911959774,1.4811680008205306,-0.9340131043257136,-1.075384414041424
10.0,222.0,1000.023193359375,-4.244100055277821,-2.9525382232947712,-1.964057470754545,0.6894272274439608,-1.3017747642965571,4.827180771809035,-0.518607774847311,1.4811680779792713,-0.9340124638659484,-1.0753846303205243
10.0,222.0,1000.023193359375,-4.2441001431365,-2.95253803699323,-1.9640574373653408,0.6894271188656926,-1.3017750356628808,4.827181034533924,-0.5186077538105973,1.481168108536134,-0.9340123278140472,-1.0753846759753445
10.0,222.0,1000.0233154296876,-4.244100296435402,-2.952537501072013,-1.964057381778467,0.6894268239593648,-1.3017758188836792,4.827181650089566,-0.5186077475621236,1.481168204593159,-0.9340119612158642,-1.075384769541401
10.0,222.0,1000.0234375,-4.244100532666668,-2.9525367650250267,-1.964057352177872,0.6894263366789737,-1.3017768735667898,4.827182545795619,-0.5186077171272725,1.4811683017383448,-0.9340113635490715,-1.07538491477283
10.0,222.0,1000.0232543945312,-4.244100305929722,-2.952537742357812,-1.9640573718916352,0.6894269766729284,-1.301775388648867,4.827181387444057,-0.5186077463334087,1.481168217016149,-0.9340121387639444,-1.075384649409271
10.0,222.0,1000.0232543945312,-4.244099856024455,-2.952539211119688,-1.9640574942566016,0.6894278690853417,-1.3017732684664898,4.827179611449976,-0.5186077850744262,1.481168024935645,-0.9340132306780972,-1.0753843397596068
10.0,222.0,1000.0232543945312,-4.2441002135568295,-2.952537796062793,-1.964057418998133,0.689426952687624,-1.3017754042677554,4.827181307360087,-0.518607743780529,1.4811681336066398,-0.9340121304427972,-1.075384753287958
10.0,222.0,1000.0232543945312,-4.244100875295393,-2.9525355112799105,-1.9640572581329243,0.6894255773561841,-1.3017787624345465,4.827184086097084,-0.5186076572927423,1.4811684219930008,-0.9340103838240852,-1.075385248058534
10.0,222.0,1000.023193359375,-4.244100127320917,-2.952538487317859,-1.9640573428493493,0.6894274723842102,-1.3017742534997403,4.827180490321561,-0.5186077996591916,1.4811682267590642,-0.9340128166627792,-1.0753843774781728
10.0,222.0,1000.0233154296876,-4.24409971613311,-2.952539801890885,-1.964057554125441,0.6894282387362889,-1.3017725042312418,4.827178899308851,-0.518607780877022,1.481167921295535,-0.9340136802345542,-1.0753842155444344
10.0,222.0,1000.0233764648438,-4.244099993577692,-2.952538669680653,-1.9640575145847308,0.6894275033923778,-1.3017741871567692,4.827180232738559,-0.5186077660524822,1.481168016911739,-0.9340128043555048,-1.0753845261769102
10.0,222.0,1000.0232543945312,-4.24409987942939,-2.952539191509234,-1.9640575651589536,0.6894278105010256,-1.3017734055500343,4.8271795835071,-0.5186077706384955,1.4811679816216632,-0.9340131744547132,-1.0753843796256255
10.0,222.0,1000.023193359375,-4.244100001268594,-2.9525384006683955,-1.9640574606284265,0.6894273848148726,-1.3017743623014293,4.827180513445207,-0.5186077895302947,1.4811681102481682,-0.9340126654619691,-1.0753845207182016
10.0,222.0,1000.0232543945312,-4.2440998163015164,-2.952539253313896,-1.9640574962195552,0.6894278564703828,-1.3017731496682678,4.827179557745577,-0.5186078241160059,1.4811680277575254,-0.9340133221361632,-1.0753842576996455
10.0,222.0,1000.0233154296876,-4.244099995112068,-2.952538670204015,-1.9640574585506343,0.6894275425221243,-1.3017739863226154,4.82718025200619,-0.5186077743574424,1.4811680903440791,-0.9340128109656156,-1.0753844493959566
10.0,222.0,1000.023193359375,-4.244099865302975,-2.952539152976235,-1.964057460903041,0.689427883160743,-1.301773275193701,4.827179653832648,-0.5186078055233079,1.4811680881382454,-0.9340132603236172,-1.0753843055978465
10.0,222.0,1000.0233154296876,-4.244099929522939,-2.9525388449832324,-1.9640575263927431,0.6894276395844017,-1.3017738002147832,4.82717998814848,-0.5186077827610669,1.4811680359370838,-0.9340129263234802,-1.0753844509921602
10.0,223.0,1000.023193359375,-4.244100704948357,-2.9525360941135435,-1.964057313402035,0.6894259287899986,-1.3017779161794554,4.827183361683598,-0.5186076762303191,1.4811683535157254,-0.9340108365769612,-1.075385118273831
10.0,223.0,1000.0232543945312,-4.244100059477005,-2.9525387770129594,-1.9640574365113577,0.6894276170487581,-1.3017740138491876,4.827180127505402,-0.5186077784895833,1.4811681225625437,-0.9340129429699404,-1.0753844225861091
10.0,223.0,1000.023193359375,-4.244100172702136,-2.952538076912849,-1.964057411588292,0.6894272025436132,-1.30177490648953,4.827180912791024,-0.5186077555767978,1.481168167197362,-0.9340124187206388,-1.0753846052199534
10.0,223.0,1000.0233154296876,-4.244100557919998,-2.9525366602575223,-1.9640573627833504,0.6894262650234957,-1.3017771295224096,4.8271827008689066,-0.5186076747257449,1.481168219009399,-0.9340112311841224,-1.0753850431465266
10.0,223.0,1000.023193359375,-4.244100194115939,-2.952538072711626,-1.964057458874187,0.6894271502409914,-1.3017750006635365,4.827180963768914,-0.5186077379064669,1.481168110909597,-0.9340123226285666,-1.0753846431646243
10.0,223.0,1000.0233764648438,-4.24409968463092,-2.952539891984913,-1.9640574892900664,0.6894283340112084,-1.3017721533326831,4.827178771873529,-0.5186078319637408,1.4811680156223463,-0.9340138410656866,-1.0753840861003856
10.0,223.0,1000.0232543945312,-4.244099529609089,-2.952540485215488,-1.9640575314546929,0.6894286909361549,-1.3017714556861844,4.827178088935924,-0.5186078218924512,1.481167911966514,-0.9340142534182584,-1.0753840499292218
10.0,223.0,1000.0233764648438,-4.244100300951324,-2.9525375820083983,-1.964057460747326,0.6894268252244764,-1.3017757881458474,4.827181532707023,-0.5186077125354469,1.4811681235664451,-0.934011930029464,-1.075384794740418
10.0,223.0,1000.0232543945312,-4.244100117746877,-2.9525382290470787,-1.9640573913049075,0.6894273414718919,-1.3017746800626375,4.827180766573353,-0.5186077528094595,1.481168183892514,-0.9340125324210956,-1.075384574648337
10.0,223.0,1000.0232543945312,-4.244099697472526,-2.952539627060684,-1.9640575546105223,0.6894280610893375,-1.3017727196424742,4.827179107606373,-0.5186078205401783,1.4811678928303724,-0.9340135545757776,-1.0753842665180051
10.0,223.0,1000.0232543945312,-4.244099514859994,-2.952540508777553,-1.964057574971432,0.6894286793587954,-1.3017712356600055,4.827178005267074,-0.5186078509710885,1.481167898119721,-0.93401430625054,-1.0753839290555671
10.0,223.0,1000.0234375,-4.244100446076034,-2.952537518155669,-1.9640573103657912,0.6894268935102215,-1.301775698246232,4.827181693601801,-0.5186077123964781,1.4811683145917307,-0.9340119794061515,-1.0753846740056208
10.0,223.0,1000.0232543945312,-4.244101253443917,-2.9525341082407,-1.964057124227497,0.6894247334533734,-1.3017807371176815,4.827185758622145,-0.5186076379518338,1.4811686197635776,-0.9340093588323466,-1.075385558379276
10.0,223.0,1000.023193359375,-4.244099727936492,-2.9525396313435777,-1.964057484588602,0.6894281248244383,-1.301772523525505,4.827179065961474,-0.5186078487143746,1.4811680476929006,-0.9340136596300654,-1.0753841391608048
10.0,223.0,1000.0233154296876,-4.244100257772518,-2.952537893328106,-1.9640573212793704,0.6894271272621584,-1.301775076349684,4.827181194946441,-0.5186077639265232,1.481168288943092,-0.9340123334512338,-1.0753845604602037
10.0,223.0,1000.023193359375,-4.244099243238724,-2.9525416994876985,-1.96405764401249,0.6894294656592699,-1.3017695687156705,4.827176561775632,-0.5186078523771416,1.4811678158553008,-0.9340151751192352,-1.0753836871421294
10.0,223.0,1000.023193359375,-4.244099794439579,-2.9525397313683173,-1.9640574675163256,0.689428253769373,-1.3017724499187535,4.827178945484231,-0.518607808058209,1.48116807996068,-0.934013702022158,-1.075384127279515
10.0,223.0,1000.0233764648438,-4.244100569190493,-2.9525366881716137,-1.9640573578085443,0.6894263142238755,-1.3017770171294578,4.827182611494393,-0.5186076739925616,1.481168276012017,-0.934011277461554,-1.075384992623833
10.0,223.0,1000.0232543945312,-4.244099770076333,-2.9525393696405726,-1.964057627502585,0.6894278724110903,-1.3017732817998744,4.827179368612258,-0.5186077757637273,1.4811678344228287,-0.9340132691930164,-1.075384451766983
10.0,223.0,1000.0233764648438,-4.244099898683165,-2.9525390655814583,-1.9640575183711304,0.6894277725431994,-1.301773603027241,4.8271797623729125,-0.51860777679381,1.4811680077037783,-0.9340130997205548,-1.0753844379745692
10.0,223.0,1000.0233154296876,-4.244100321781163,-2.952537051701765,-1.964057451958152,0.6894264530788767,-1.3017765400253296,4.8271821874902905,-0.5186077241435116,1.4811681231620248,-0.9340115144639416,-1.0753849855474846
10.0,223.0,1000.0232543945312,-4.244100285724208,-2.9525378768696946,-1.96405736487526,0.6894270796678121,-1.3017751405163218,4.827181190825067,-0.5186077656119474,1.481168252942208,-0.9340122783608172,-1.0753845761286334
10.0,223.0,1000.023193359375,-4.244100228548633,-2.9525378070524724,-1.964057367190848,0.6894270356952115,-1.3017752412967258,4.827181256069871,-0.5186077805003215,1.4811682417290577,-0.9340122642321632,-1.0753846152890962
10.0,223.0,1000.0233154296876,-4.244099425706672,-2.952540824197327,-1.9640576329716,0.6894288724691586,-1.301770991459578,4.827177652827267,-0.5186078195751254,1.4811678164975106,-0.9340144483639704,-1.0753839841753186
10.0,223.0,1000.0234375,-4.244100833318364,-2.952535918315037,-1.964057224803656,0.6894258715245227,-1.3017781109993072,4.827183561251465,-0.5186076809661664,1.4811684426299818,-0.9340107677094948,-1.0753851075857113
10.0,223.0,1000.0233154296876,-4.244099318407,-2.9525412126533985,-1.9640576396516705,0.6894291168231481,-1.3017703259396516,4.827177152996967,-0.5186078581213494,1.4811678040548362,-0.9340148045141508,-1.0753838472946216
10.0,223.0,1000.0232543945312,-4.244099813489204,-2.952539529921137,-1.964057491604855,0.6894280613522543,-1.301772799506984,4.827179229609667,-0.518607793175792,1.4811680101608964,-0.9340135020232818,-1.075384237998143
10.0,223.0,1000.023193359375,-4.244100163739574,-2.952538062354956,-1.96405744924238,0.6894271666484739,-1.3017749871760214,4.82718095222528,-0.5186077490911485,1.4811681333688416,-0.934012370833636,-1.0753846367034612
10.0,223.0,1000.023193359375,-4.244099536161988,-2.9525403686007783,-1.9640575727508764,0.6894286073100488,-1.3017715689754137,4.827178198865514,-0.5186078331402513,1.481167923719637,-0.9340141543594944,-1.0753840318866708
10.0,223.0,1000.0233154296876,-4.244099963810677,-2.952538914660679,-1.964057522752205,0.6894276891355098,-1.3017737961482712,4.8271799429265485,-0.5186077437968661,1.4811679951706944,-0.9340129462129916,-1.0753844918766378
10.0,223.0,1000.0232543945312,-4.24409968040513,-2.9525399785925,-1.964057501850757,0.6894283604427507,-1.30177207816718,4.827178673728131,-0.5186078454392886,1.4811680048387537,-0.9340138927064414,-1.0753840773382448
10.0,223.0,1000.023193359375,-4.244100993693464,-2.952535115999414,-1.96405723573575,0.6894253368363046,-1.301779356492884,4.827184535193943,-0.5186076339129517,1.481168450416666,-0.934010091027786,-1.0753853691666415
10.0,223.0,1000.0233764648438,-4.244100376491362,-2.952537367608476,-1.96405738772876,0.6894267253907751,-1.3017760635416002,4.827181827696277,-0.5186077135138039,1.4811682022222552,-0.9340117837868708,-1.0753848531299726
10.0,223.0,1000.023193359375,-4.24409992502979,-2.9525388639623875,-1.964057537567582,0.6894276500746273,-1.3017738693752865,4.827179975720007,-0.5186077594654126,1.48116799857341,-0.9340129283055774,-1.0753845018480468
10.0,223.0,1000.0233154296876,-4.244100597645387,-2.952536341595779,-1.964057381113076,0.6894260741910152,-1.3017776145043554,4.827183053161962,-0.518607661807521,1.4811682374126454,-0.9340109353291774,-1.0753851802804526
10.0,223.0,1000.0232543945312,-4.244099860700548,-2.95253939925523,-1.964057499434082,0.6894280003097597,-1.3017730182626162,4.82717935043166,-0.5186077999884606,1.4811680106523235,-0.9340134146412122,-1.0753842917720635
10.0,223.0,1000.023193359375,-4.244100634136074,-2.9525365273205875,-1.964057370413164,0.6894261507123831,-1.3017773770994934,4.8271828502235685,-0.5186076807996933,1.4811682329704858,-0.9340111088217268,-1.0753850717350826
10.0,223.0,1000.0233764648438,-4.244099485990273,-2.95254064562925,-1.9640575888150984,0.6894288216870068,-1.3017711930960305,4.827177820021404,-0.5186078260546809,1.4811678577898988,-0.9340143565480687,-1.0753840217467685
10.0,223.0,1000.0232543945312,-4.244100518362956,-2.9525369619305044,-1.9640573030312112,0.6894265050670327,-1.3017765158695056,4.827182296999039,-0.5186077288985969,1.4811683194800214,-0.9340115949206558,-1.0753848200425489
10.0,223.0,1000.0233764648438,-4.244099888862606,-2.952538690971149,-1.9640575408371383,0.6894275068942646,-1.3017740946213123,4.827180157016027,-0.5186077931189983,1.4811679902184736,-0.9340128277395464,-1.0753845472968098
10.0,223.0,1000.0233154296876,-4.244099736289625,-2.952539846648212,-1.96405752246388,0.6894283150747915,-1.3017723569053177,4.82717879710734,-0.5186077926082531,1.481167973648267,-0.9340137600088808,-1.0753841785629668
10.0,223.0,1000.023193359375,-4.244100175255031,-2.952537974835437,-1.9640573739760847,0.6894271521523354,-1.3017750087102335,4.827181074443539,-0.5186077591069065,1.4811682025124782,-0.9340123435885336,-1.0753846112933043
10.0,223.0,1000.0233154296876,-4.244100407914365,-2.95253692460497,-1.9640574165302536,0.6894264040364337,-1.3017767165105312,4.827182323610348,-0.5186077216034075,1.4811681792802878,-0.9340114329053426,-1.0753849979347514
10.0,223.0,1000.0233154296876,-4.2441012660701,-2.9525344751792373,-1.96405708312264,0.6894250107477538,-1.301780147586475,4.827185386531578,-0.5186076132083652,1.4811686651614622,-0.9340096435274612,-1.075385403301159
10.0,223.0,1000.0232543945312,-4.244099272335258,-2.95254119574545,-1.9640576870479167,0.6894290634634279,-1.3017704643125612,4.827177164113408,-0.518607849519789,1.481167732922276,-0.9340147418211862,-1.0753839161689784
10.0,223.0,1000.0232543945312,-4.244100328922133,-2.9525377374307697,-1.9640574096279424,0.6894269492062755,-1.301775514147972,4.827181376394149,-0.518607718744966,1.48116817432847,-0.9340120931048492,-1.0753846911926308
10.0,223.0,1000.0233764648438,-4.244099519636872,-2.952540135356911,-1.964057592660986,0.6894284443942924,-1.3017718864667516,4.827178445013965,-0.5186078264614169,1.4811678876943652,-0.9340139784379088,-1.0753841234028083
10.0,223.0,1000.023193359375,-4.244100127744178,-2.9525381245123032,-1.9640574540909723,0.6894271779356398,-1.3017749188170955,4.827180908236736,-0.5186077451719031,1.481168096940455,-0.9340123879112748,-1.075384634555946
10.0,223.0,1000.0232543945312,-4.244100212112522,-2.952537982452022,-1.9640574151586665,0.6894271378714514,-1.301775165080612,4.827181080864261,-0.5186077255198249,1.4811681618750008,-0.9340122907708456,-1.0753846614011002
10.0,223.0,1000.0232543945312,-4.244099527283615,-2.952540500270369,-1.9640575439619257,0.6894287055394788,-1.3017712897149911,4.82717803867598,-0.5186078431421395,1.4811679495373902,-0.9340142811261404,-1.0753839446836135
10.0,224.0,1000.0232543945312,-4.244100751901738,-2.9525361481676504,-1.964057219346675,0.6894260246911434,-1.301777686857673,4.82718331160555,-0.5186076958619497,1.4811684545816384,-0.9340109838533612,-1.0753849873094778
10.0,224.0,1000.0232543945312,-4.244099991916371,-2.9525389044746984,-1.964057434036628,0.6894277251606091,-1.301773693022156,4.827179966980568,-0.5186077732975232,1.481168120185469,-0.9340130419020783,-1.0753843592965144
10.0,224.0,1000.0233154296876,-4.244099781519263,-2.952539404262277,-1.9640575121998327,0.6894279971606609,-1.30177300016874,4.827179340456915,-0.51860779029351,1.4811679788776857,-0.9340134072534712,-1.075384320328146
10.0,224.0,1000.0232543945312,-4.244100105063101,-2.9525383862886185,-1.96405748901356,0.6894273303549365,-1.3017745602599555,4.827180594199575,-0.5186077415642227,1.4811680651300616,-0.93401254341999,-1.0753846082983487
10.0,224.0,1000.0232543945312,-4.244099304890118,-2.95254129912989,-1.9640576418750115,0.6894291710008682,-1.3017701614776978,4.827177048229105,-0.518607861665263,1.4811678327443358,-0.9340148711672676,-1.0753837824235095
10.0,224.0,1000.0233764648438,-4.244099971170084,-2.952538677656151,-1.964057392759488,0.6894275726006054,-1.301773961878578,4.827180212439963,-0.5186078281130655,1.4811681760522468,-0.9340129671324702,-1.0753843706004078
10.0,224.0,1000.023193359375,-4.244100224223775,-2.9525380943144177,-1.964057437728436,0.68942715668343,-1.301775037362845,4.8271809491005175,-0.5186077324095955,1.4811681187390269,-0.934012368246348,-1.0753846356593135
10.0,224.0,1000.023193359375,-4.244099659212016,-2.9525397959493787,-1.9640576205616835,0.6894281925593901,-1.3017726282148558,4.82717887976032,-0.5186077664015247,1.4811678476778525,-0.9340135888867228,-1.075384349387964
10.0,224.0,1000.0233154296876,-4.244100389883722,-2.952537355865314,-1.9640574431717424,0.6894266513193053,-1.3017761889369512,4.827181845514438,-0.5186076929188053,1.4811681261430838,-0.9340117318357626,-1.0753848936244816
10.0,224.0,1000.023193359375,-4.24410004624778,-2.9525383898104627,-1.9640574416722645,0.6894273878273092,-1.3017744331036525,4.827180539534856,-0.518607772668024,1.4811681289027936,-0.9340126613506392,-1.0753845351329168
10.0,224.0,1000.023193359375,-4.244100151114895,-2.9525380065859688,-1.9640574172311087,0.6894271494425723,-1.3017750592642887,4.827181049399865,-0.5186077459323641,1.4811681225931317,-0.9340122977698232,-1.0753846934808102
10.0,224.0,1000.0233764648438,-4.244099882247193,-2.9525390012484425,-1.9640574668060389,0.6894277583369277,-1.3017735381930464,4.82717984446297,-0.5186078007383452,1.4811680769146642,-0.9340131328511978,-1.0753843542178316
10.0,224.0,1000.0233764648438,-4.244099865611741,-2.952539096118048,-1.964057467533628,0.6894278363340423,-1.3017733348914486,4.82717968592916,-0.5186078240751222,1.4811681069772975,-0.9340132538007336,-1.0753842825987858
10.0,224.0,1000.0233154296876,-4.244099890693037,-2.952539299438836,-1.9640575196990269,0.6894279345299115,-1.3017731971889015,4.827179496363295,-0.518607755841181,1.481167999384258,-0.9340132826960126,-1.0753843179956375
10.0,224.0,1000.0233154296876,-4.24410023741792,-2.952537581189429,-1.9640574236525807,0.6894268128681365,-1.3017756939034957,4.8271815591776885,-0.5186077598286891,1.481168160907032,-0.9340119864921216,-1.0753847554264135
10.0,224.0,1000.0234375,-4.244099784453249,-2.952539562827963,-1.964057498985201,0.689428101226107,-1.301772673575603,4.827179164303887,-0.5186077994856921,1.4811680016064883,-0.9340135781305196,-1.075384204783076
10.0,224.0,1000.0232543945312,-4.244100146146287,-2.9525382957461948,-1.964057437020274,0.6894273342187285,-1.301774647382242,4.827180697660992,-0.5186077334635906,1.4811681292092889,-0.9340125306447672,-1.0753845858753697
10.0,224.0,1000.0232543945312,-4.244099272569942,-2.952541363545551,-1.964057634625336,0.6894292588687891,-1.301770134337385,4.827176950459865,-0.5186078594056989,1.4811678218232611,-0.9340149368770893,-1.07538380068135
10.0,224.0,1000.0232543945312,-4.244100143645492,-2.9525379852814435,-1.964057442366588,0.689427076929495,-1.301775067498717,4.827181065676212,-0.5186077747149467,1.4811681340064844,-0.9340123093244904,-1.0753846592789476
10.0,224.0,1000.023193359375,-4.2441000365580175,-2.952538461869337,-1.964057448754972,0.6894274294618761,-1.30177437667942,4.827180457410909,-0.5186077681589074,1.4811681097254272,-0.9340127010029232,-1.0753845253248833
10.0,224.0,1000.0233764648438,-4.244099061493505,-2.9525423205013075,-1.964057680057118,0.6894298121600944,-1.3017686332305805,4.827175828903513,-0.5186079035809668,1.48116774168429,-0.9340156796627817,-1.0753834923951504
10.0,224.0,1000.0233154296876,-4.244100281966124,-2.952537664713243,-1.9640573587842884,0.6894269353691858,-1.3017754715656968,4.827181429780881,-0.5186077606339552,1.481168239729941,-0.9340121280660184,-1.0753846541611027
10.0,224.0,1000.0233154296876,-4.244099905603858,-2.95253892706322,-1.964057538952206,0.6894276336237501,-1.3017738390865974,4.827179931184851,-0.5186077747817999,1.4811679624347,-0.9340129721286096,-1.0753844999099949
10.0,224.0,1000.023193359375,-4.244100570906564,-2.952536658230808,-1.9640573222791584,0.6894262793741932,-1.301777132873498,4.827182708321686,-0.5186076992564335,1.4811682940545898,-0.9340112450480048,-1.075384999988338
10.0,224.0,1000.0232543945312,-4.24410022234262,-2.9525380016132834,-1.9640573392271152,0.6894271481378746,-1.301774882165066,4.827181031433115,-0.518607784204943,1.481168265935703,-0.9340124344564238,-1.0753845049174378
10.0,224.0,1000.0232543945312,-4.244100200514753,-2.9525378149070938,-1.9640574769646049,0.6894269521733527,-1.301775469815932,4.827181292749582,-0.5186077095505457,1.481168067052275,-0.9340120807007556,-1.0753847804030574
10.0,224.0,1000.023193359375,-4.244100482801937,-2.952537004857616,-1.964057366610556,0.6894264797080467,-1.3017765472764324,4.827182256622772,-0.5186077104544644,1.4811682514373974,-0.9340115389242856,-1.075384871956646
10.0,224.0,1000.0233154296876,-4.244099721050359,-2.9525398262584126,-1.9640575988125053,0.6894282629818562,-1.3017725015132342,4.827178795136396,-0.5186077769556237,1.4811679142054404,-0.9340136385282314,-1.0753842923604937
10.0,224.0,1000.023193359375,-4.244099959464198,-2.952538854546062,-1.9640574994987112,0.6894276280239602,-1.301773823396029,4.8271800053530285,-0.518607774849114,1.4811680503792433,-0.934012969287803,-1.0753844368614391
10.0,224.0,1000.0233764648438,-4.244099953425389,-2.952538640352675,-1.964057574454304,0.6894274594465442,-1.3017741896426314,4.827180254809523,-0.5186077438631163,1.4811679750619708,-0.9340126990230696,-1.0753845871955194
10.0,224.0,1000.0233154296876,-4.244100433424447,-2.9525370918033933,-1.9640573738657967,0.6894265868758778,-1.3017764197881512,4.827182093281166,-0.5186077077968374,1.4811682407588167,-0.9340116291273776,-1.0753848979883962
10.0,224.0,1000.0233154296876,-4.244100256982949,-2.9525375682062576,-1.964057472468868,0.6894268009740703,-1.3017758836296518,4.827181560420859,-0.5186077135807112,1.4811680856044678,-0.9340118903047944,-1.075384901610863
10.0,224.0,1000.0233154296876,-4.244099910439941,-2.9525391119920035,-1.9640574382853075,0.6894278378573429,-1.301773375810655,4.827179753832304,-0.5186077907368318,1.4811680745232456,-0.9340132119409912,-1.0753842965431293
10.0,224.0,1000.0232543945312,-4.244099848009858,-2.9525393583647914,-1.964057490823159,0.6894279889947512,-1.3017730385267647,4.827179401407081,-0.5186077923290764,1.481168021063333,-0.934013406083892,-1.075384264868278
10.0,224.0,1000.0232543945312,-4.244100496380258,-2.952536807776854,-1.9640573495695808,0.6894264133607724,-1.3017768140685329,4.82718249361122,-0.5186076983406487,1.481168252274326,-0.9340113991335616,-1.0753849385186518
10.0,224.0,1000.0232543945312,-4.244099871764064,-2.9525391859055223,-1.9640574692217176,0.689427884243826,-1.3017732935145905,4.827179591998567,-0.5186078105824272,1.481168080837973,-0.9340133044247708,-1.0753842912706977
10.0,224.0,1000.0232543945312,-4.244100117600966,-2.952538283466833,-1.9640574099176336,0.6894273324541427,-1.3017746189354047,4.827180687887498,-0.5186077538257416,1.4811681794252882,-0.9340125717305074,-1.0753845386754524
10.0,224.0,1000.0233764648438,-4.244100401046427,-2.9525372946990123,-1.9640573593630624,0.6894267349128382,-1.301776099952689,4.827181892504376,-0.5186077142833678,1.481168259796509,-0.9340117728642524,-1.075384811526944
10.0,224.0,1000.0232543945312,-4.244100794215996,-2.952536117777778,-1.9640573093812752,0.6894259622813523,-1.301777957327566,4.827183323037726,-0.518607644635086,1.481168363138976,-0.9340108293491394,-1.0753851195770556
10.0,224.0,1000.0234985351562,-4.244100421820927,-2.9525371603472035,-1.9640573238868824,0.6894266207769988,-1.3017761569770911,4.827182099177872,-0.5186077399587825,1.481168312200615,-0.934011718200602,-1.0753847588704408
10.0,224.0,1000.0232543945312,-4.244100127910147,-2.9525381146527496,-1.9640573763005271,0.6894272230427028,-1.3017746769005072,4.827180892260698,-0.5186078122671418,1.4811682461462556,-0.9340125226105762,-1.0753844603821854
10.0,224.0,1000.0233154296876,-4.244100430007913,-2.952537418562396,-1.9640573296802464,0.6894267972026942,-1.3017759478877782,4.827181752925672,-0.5186077307868322,1.481168285535209,-0.9340119310301204,-1.0753847381463917
10.0,224.0,1000.0233764648438,-4.244099557479475,-2.952540325416121,-1.9640576070469908,0.6894285675951162,-1.3017716465239482,4.827178242750733,-0.5186077997269187,1.4811678840435052,-0.9340140512871676,-1.0753840911124266
10.0,224.0,1000.023193359375,-4.244099247223079,-2.952541373446961,-1.9640576319969425,0.6894292392431076,-1.301770027295042,4.827176933170431,-0.5186078822454725,1.481167824193303,-0.9340149523607691,-1.0753837777290425
10.0,224.0,1000.023193359375,-4.244099625090008,-2.9525400159712003,-1.9640575428593203,0.689428415305473,-1.3017721110138951,4.8271786063531135,-0.5186077950185304,1.481167943219547,-0.9340138639840864,-1.0753841825797237
10.0,224.0,1000.0232543945312,-4.244100158967105,-2.952538168943132,-1.96405739597602,0.6894272599735203,-1.301774730274326,4.827180866002111,-0.5186077525972408,1.481168194859098,-0.9340124775055534,-1.0753845355192675
10.0,224.0,1000.0233154296876,-4.244099473282455,-2.952540767869354,-1.964057578016087,0.6894288783475915,-1.3017709782003086,4.8271776918711,-0.5186078343812852,1.4811678994249426,-0.9340144859219331,-1.0753839254808764
10.0,224.0,1000.023193359375,-4.24410072429702,-2.952536086086269,-1.9640572609546745,0.689425924297117,-1.3017778088212535,4.827183371965294,-0.5186077184024516,1.4811684044090183,-0.9340108911331876,-1.075385049455269
10.0,224.0,1000.0233764648438,-4.2440999552847805,-2.952539069310349,-1.9640574568143008,0.6894278264513254,-1.3017734608991185,4.827179749431712,-0.5186077715681847,1.4811681097872,-0.9340131845143808,-1.0753843040157838
10.0,224.0,1000.023193359375,-4.244100130826197,-2.952538238651248,-1.9640574311412664,0.6894272769835386,-1.3017747594734592,4.827180783630039,-0.5186077488358922,1.4811681394097809,-0.93401248754206,-1.0753845893731748
10.0,225.0,1000.023193359375,-4.244100135457369,-2.9525381709956635,-1.96405741414635,0.6894272403653732,-1.301774777205332,4.827180852394271,-0.5186077633502171,1.4811681511593422,-0.9340124719569376,-1.0753845724461937
10.0,225.0,1000.0233764648438,-4.24410038707515,-2.9525371397013727,-1.9640573966615325,0.6894265450600212,-1.3017763538173537,4.827182096476111,-0.5186077214069407,1.481168193000709,-0.9340116409714828,-1.075384879830903
10.0,225.0,1000.0232543945312,-4.244099931977189,-2.952538848264592,-1.9640575249852,0.6894276046001382,-1.3017738632023017,4.827180005126403,-0.5186077749327191,1.481168018106839,-0.9340129367022724,-1.0753844646817514
10.0,225.0,1000.023193359375,-4.244100174125443,-2.952538165736855,-1.964057412653508,0.6894272549816236,-1.3017747606816248,4.827180856043185,-0.5186077461774579,1.4811681722512304,-0.9340124541806124,-1.0753845607022114
10.0,225.0,1000.0232543945312,-4.244100567588344,-2.952536595165704,-1.96405735312395,0.6894262486800624,-1.301777163286038,4.827182744917511,-0.5186076955003731,1.4811682931414154,-0.9340112114110032,-1.07538500900608
10.0,225.0,1000.023193359375,-4.244099696880789,-2.9525397759044014,-1.96405755346249,0.6894282083952703,-1.301772475724588,4.827178901141615,-0.5186078005940349,1.4811679598270553,-0.9340136665318984,-1.075384209520331
10.0,225.0,1000.0232543945312,-4.244100660220368,-2.952536615052689,-1.9640572540933203,0.6894263046190776,-1.3017770512059583,4.827182733373608,-0.518607720437247,1.4811684086347956,-0.9340113121753646,-1.0753848728685984
10.0,225.0,1000.0233764648438,-4.244098989282967,-2.9525422245330906,-1.964057676202998,0.6894297900081714,-1.30176874449469,4.827175924694554,-0.5186078965503258,1.4811677366895593,-0.9340156127806124,-1.0753835801227316
10.0,225.0,1000.023193359375,-4.244099737693297,-2.952539701208371,-1.964057605955136,0.6894281287532058,-1.3017727959627972,4.827178964444716,-0.5186077640720477,1.481167891230946,-0.9340135323261602,-1.075384348612733
10.0,225.0,1000.0232543945312,-4.244099929320578,-2.95253895334144,-1.9640574651120344,0.6894277101420982,-1.3017736364199577,4.827179885730326,-0.5186078108013694,1.4811680756422616,-0.9340130916216118,-1.0753843843451687
10.0,225.0,1000.0232543945312,-4.244099966057429,-2.952538805030117,-1.9640575091509287,0.689427585159633,-1.301773988930046,4.827180071770526,-0.518607769820715,1.4811680382512409,-0.9340129063978492,-1.075384475127125
10.0,225.0,1000.0232543945312,-4.244100305366663,-2.952537771446866,-1.964057401295575,0.6894269713700183,-1.301775510477932,4.827181363813503,-0.5186077196042218,1.481168172882878,-0.9340121011760436,-1.0753847302295363
10.0,225.0,1000.0233764648438,-4.244100277035585,-2.952537603583559,-1.9640573851811287,0.6894268916515749,-1.3017756194987298,4.8271815416275885,-0.5186077251518206,1.4811682085503364,-0.9340119990590044,-1.0753847282607194
10.0,225.0,1000.0232543945312,-4.244100326543958,-2.952537708833066,-1.9640573630591431,0.6894269983654375,-1.3017753922876207,4.827181415379501,-0.5186077228652746,1.4811682712895822,-0.9340121144962223,-1.075384640033514
10.0,225.0,1000.0232543945312,-4.2441008022678535,-2.9525357477336587,-1.964057256866086,0.6894257113215314,-1.3017784037061002,4.827183783413032,-0.5186076886292508,1.4811684097726818,-0.9340106003505896,-1.075385169529084
10.0,225.0,1000.0234375,-4.244100325113676,-2.952537596658775,-1.9640574147013887,0.6894268963169701,-1.301775761815882,4.827181508810497,-0.5186077134255713,1.4811681871209608,-0.9340119800532588,-1.0753847937908425
10.0,225.0,1000.0232543945312,-4.244100009096973,-2.952538642536125,-1.9640574481482969,0.6894275443965867,-1.3017740839256255,4.827180256281688,-0.5186077828937128,1.4811681236355625,-0.9340128354915996,-1.0753844645902184
10.0,225.0,1000.023193359375,-4.244100142845349,-2.9525380401318806,-1.9640574251650136,0.689427129628843,-1.3017750167538726,4.8271810199346685,-0.5186077584817266,1.4811681357332498,-0.9340123510924512,-1.0753846358993338
10.0,225.0,1000.0233764648438,-4.244099404945264,-2.9525409046128432,-1.9640575926572896,0.6894289599509253,-1.3017708349945196,4.827177553392287,-0.5186078335023012,1.481167850983109,-0.9340145481242166,-1.075383933357693
10.0,225.0,1000.023193359375,-4.244100659382177,-2.9525366306531544,-1.964057245669486,0.6894263287939033,-1.301776973811069,4.827182694023392,-0.5186077260863406,1.4811684202433453,-0.9340113702171422,-1.0753848442940206
10.0,225.0,1000.0232543945312,-4.244099806473558,-2.9525394133238825,-1.9640575143875945,0.6894279719030658,-1.3017729933001028,4.827179338481653,-0.5186078059511798,1.4811680016688538,-0.9340134079636933,-1.0753842886065716
10.0,225.0,1000.0232543945312,-4.244099496991404,-2.952540517580639,-1.9640576004494663,0.6894287010874853,-1.3017713941573923,4.827177988817645,-0.5186078246751071,1.4811678751941004,-0.9340142433547624,-1.075384052819341
10.0,225.0,1000.0232543945312,-4.244099487997278,-2.952540510228815,-1.9640575900431023,0.6894286804352756,-1.3017713844523584,4.827177995435399,-0.5186078253057884,1.481167865166011,-0.934014246008819,-1.0753840537167365
10.0,225.0,1000.0233764648438,-4.244100378857437,-2.9525374340243737,-1.96405733359264,0.6894268189284283,-1.3017758310560348,4.827181713300211,-0.5186077236993389,1.4811682758683862,-0.9340119257560656,-1.0753847334335864
10.0,225.0,1000.0234375,-4.2441002288940455,-2.952537958311017,-1.9640573988741008,0.6894271324159194,-1.3017751275556106,4.827181105393576,-0.5186077273869003,1.4811681793701794,-0.934012273864635,-1.0753846581547282
10.0,225.0,1000.0232543945312,-4.244100085689846,-2.952538286138912,-1.9640574967591704,0.6894272764783498,-1.3017747197902736,4.82718069054469,-0.5186077384361818,1.4811680524517,-0.9340124747010085,-1.075384644141613
10.0,225.0,1000.023193359375,-4.244100068025071,-2.95253853567762,-1.9640573939678017,0.6894275161520387,-1.301774130100752,4.827180389800727,-0.5186077855541864,1.481168195845596,-0.9340128178201104,-1.0753843901958442
10.0,225.0,1000.0232543945312,-4.244099946760164,-2.9525386283602293,-1.964057542321779,0.689427475142673,-1.3017743197710256,4.827180266909952,-0.5186077481115161,1.4811679579146766,-0.9340127046101064,-1.075384658142763
10.0,225.0,1000.0232543945312,-4.2441003964951225,-2.952537329388438,-1.9640573589546744,0.6894267290773426,-1.301776038137878,4.827181859569951,-0.5186077352483824,1.4811682702602225,-0.9340118248258698,-1.0753847773430445
10.0,225.0,1000.0233764648438,-4.244099961693467,-2.9525389574732306,-1.964057428208278,0.6894277477878807,-1.3017736064949537,4.827179910795419,-0.5186077967444573,1.4811681235427612,-0.9340131002113984,-1.0753843448527207
10.0,225.0,1000.0233154296876,-4.24410058546163,-2.9525367110964607,-1.964057351742196,0.689426314564928,-1.3017771152236652,4.827182650733077,-0.5186076624433857,1.4811682510095014,-0.9340112469595896,-1.0753850331061865
10.0,225.0,1000.023193359375,-4.244099575709073,-2.9525401804948097,-1.9640575936228184,0.6894284744207289,-1.3017719413558535,4.827178412787033,-0.5186078045458853,1.4811678704562103,-0.9340139517140412,-1.0753841712981194
10.0,225.0,1000.0232543945312,-4.24409961844626,-2.9525399770622656,-1.9640575553006148,0.6894283455521517,-1.3017721206851856,4.827178658691832,-0.5186078299226367,1.481167959389741,-0.9340138457429772,-1.0753841278175695
10.0,225.0,1000.0233764648438,-4.244100876568426,-2.9525356545655126,-1.964057271263968,0.6894256419588709,-1.3017786294623064,4.827183940905279,-0.5186076411498606,1.4811683864183411,-0.9340104514337176,-1.075385241190859
10.0,225.0,1000.023193359375,-4.244100540988093,-2.952536596655292,-1.9640573550617904,0.6894262130081881,-1.3017771697630467,4.827182754110348,-0.5186077041054418,1.4811682623097262,-0.9340112019766726,-1.0753850228420387
10.0,225.0,1000.0232543945312,-4.244099816682628,-2.9525395091564475,-1.9640574997479203,0.6894280581333394,-1.3017728567476898,4.82717924327425,-0.5186077877275714,1.4811680067038768,-0.9340134879655988,-1.0753842434525955
10.0,225.0,1000.0233154296876,-4.244100906753992,-2.952535563847159,-1.964057238975407,0.6894256124143698,-1.301778671099016,4.827184048528508,-0.5186076622356941,1.4811684278870292,-0.9340104518806464,-1.0753851933397964
10.0,225.0,1000.023193359375,-4.244099287514162,-2.9525412746396023,-1.964057658533872,0.6894291548173914,-1.3017703168490402,4.827177073597909,-0.5186078510076175,1.4811677920272253,-0.9340148236692292,-1.0753838638191944
10.0,225.0,1000.0233154296876,-4.244099370301729,-2.9525409020365005,-1.9640576461091688,0.6894288946955562,-1.301770915414583,4.827177536896549,-0.5186078148421442,1.4811677803796366,-0.934014493836294,-1.075384014185834
10.0,225.0,1000.0232543945312,-4.244100452030039,-2.952537062727848,-1.964057366847531,0.6894265440254541,-1.301776522646081,4.827182184241446,-0.518607705343614,1.481168230499028,-0.9340115718454952,-1.0753849105108635
10.0,225.0,1000.0232543945312,-4.244100886333311,-2.952535360367466,-1.964057255040026,0.689425449905058,-1.301778949955787,4.82718427855769,-0.5186076615799795,1.4811684097504756,-0.9340102265081393,-1.0753853382863117
10.0,225.0,1000.023193359375,-4.244100221861041,-2.9525377168909923,-1.964057432784936,0.6894268843678528,-1.3017754812826885,4.827181392178614,-0.5186077542560232,1.481168144398116,-0.9340120654887124,-1.0753847314456833
10.0,225.0,1000.0232543945312,-4.24409960396549,-2.9525402609137865,-1.9640575713908337,0.6894285273685972,-1.3017717730134093,4.82717831241634,-0.5186078186466316,1.4811679183478832,-0.9340140636632864,-1.0753840697763866
10.0,225.0,1000.0233154296876,-4.244099798867517,-2.952539478278273,-1.9640575448684745,0.6894279985821727,-1.3017730685496671,4.827179330478193,-0.5186077634928239,1.4811679135129374,-0.9340133611556024,-1.07538438487764
10.0,225.0,1000.0232543945312,-4.244099487858673,-2.9525404051680537,-1.9640576223699144,0.6894285926902475,-1.3017715614381515,4.827178089585972,-0.5186078259520652,1.4811678388636214,-0.9340141513769272,-1.0753840993302548
10.0,225.0,1000.0232543945312,-4.244101132650998,-2.952534508146924,-1.9640571706917664,0.689424961890218,-1.3017801754846765,4.82718529858354,-0.5186076301057376,1.481168536399795,-0.9340096457358767,-1.0753854633396038
10.0,225.0,1000.0233154296876,-4.244098984679207,-2.952542563387213,-1.9640576642342844,0.6894299949350859,-1.3017682043672778,4.827175523641845,-0.5186079197346647,1.481167761678627,-0.9340159040483068,-1.0753834079099227
10.0,225.0,1000.0232543945312,-4.244099494480077,-2.952540450027068,-1.9640575835903984,0.6894286207580578,-1.3017714247713883,4.82717807987704,-0.5186078476509479,1.481167884020418,-0.934014224349875,-1.0753840061930653
10.0,225.0,1000.0232543945312,-4.244100204907624,-2.9525381670798283,-1.9640573988877577,0.6894272419699421,-1.3017747595006697,4.827180858629767,-0.5186077573900931,1.4811681976357445,-0.9340124619496866,-1.075384540853768
10.0,225.0,1000.023193359375,-4.244100195469525,-2.9525377444807472,-1.9640574258336367,0.6894269212041815,-1.3017754696828203,4.827181331930264,-0.5186077732357388,1.481168156355496,-0.9340121399989948,-1.0753847193205086
10.0,226.0,1000.0233154296876,-4.244100245755746,-2.952537648550872,-1.96405742805936,0.6894269048139261,-1.3017755788109815,4.827181489035844,-0.5186077297882035,1.4811681398808236,-0.9340120160023142,-1.0753847533731422
10.0,226.0,1000.0233764648438,-4.244099589723191,-2.9525402274539063,-1.9640575553083344,0.6894285157378066,-1.3017717946848224,4.827178337442799,-0.5186078313118871,1.481167930696711,-0.934014077422412,-1.0753840774525525
10.0,226.0,1000.0233764648438,-4.24409953911673,-2.952540101379485,-1.9640575482116,0.6894284304403842,-1.3017719284548508,4.827178494084341,-0.5186078442673683,1.4811679183136803,-0.9340139758704282,-1.0753841318063322
10.0,226.0,1000.0232543945312,-4.244100241373146,-2.95253781026398,-1.964057435710924,0.6894269397321597,-1.3017754244067827,4.827181288934048,-0.5186077498955468,1.48116813923322,-0.9340121440095136,-1.075384709040601
10.0,226.0,1000.0232543945312,-4.244100432044117,-2.952537325961067,-1.964057306769182,0.689426733266779,-1.3017759813321623,4.827181873513789,-0.5186077461894207,1.481168336010806,-0.9340118775193852,-1.0753846980242026
10.0,226.0,1000.023193359375,-4.244100714174394,-2.9525360896635937,-1.9640573195545088,0.6894258895935392,-1.3017779277411212,4.827183380694338,-0.5186076732732463,1.481168320422526,-0.934010791740656,-1.0753851387048643
10.0,226.0,1000.023193359375,-4.244099675591084,-2.952539695029748,-1.9640575558749849,0.6894281640832123,-1.3017725476151791,4.827178968483361,-0.5186078247750556,1.4811679503507549,-0.9340136370623108,-1.0753842262815332
10.0,226.0,1000.0233764648438,-4.244099198511185,-2.9525414812927164,-1.9640576940939625,0.6894292335597321,-1.3017699935898506,4.827176812355647,-0.5186078794090605,1.4811677341102687,-0.9340149848401218,-1.0753838090629175
10.0,226.0,1000.023193359375,-4.244100226209048,-2.95253772048688,-1.964057420354988,0.6894269390187535,-1.3017755086497125,4.827181364441351,-0.518607744592452,1.4811681656480218,-0.9340120839889544,-1.0753847422758929
10.0,226.0,1000.023193359375,-4.244099545820493,-2.952540415219576,-1.964057561447505,0.6894286266393514,-1.3017714863895864,4.827178110266617,-0.5186078376451411,1.4811679257271635,-0.9340142114303748,-1.0753840028064192
10.0,226.0,1000.0232543945312,-4.2441004164018254,-2.9525372724686147,-1.964057317120445,0.6894267211001317,-1.3017760020245084,4.827181914667067,-0.5186077518033878,1.4811683423702735,-0.934011837001644,-1.075384710776563
10.0,226.0,1000.0233154296876,-4.244100421991211,-2.9525371454898024,-1.9640574295348,0.6894265531593842,-1.301776407899542,4.827182074107544,-0.5186077077013831,1.4811681857788417,-0.9340115881391622,-1.0753849117531482
10.0,226.0,1000.023193359375,-4.244100020276421,-2.952538613259624,-1.964057498297452,0.6894274579219086,-1.3017742012932283,4.827180312214427,-0.5186077773669524,1.4811680455989862,-0.9340127544526372,-1.0753845177558894
10.0,226.0,1000.0233154296876,-4.2440997445609066,-2.9525395829685994,-1.964057496047192,0.6894281311638109,-1.3017726299376702,4.827179143626704,-0.5186078139492176,1.4811680225126898,-0.9340135711471635,-1.0753841924579215
10.0,226.0,1000.023193359375,-4.2440996203221335,-2.9525401783902856,-1.9640575254084744,0.6894284656941787,-1.3017717874806154,4.827178430701014,-0.518607832204629,1.4811679660885178,-0.9340140272049976,-1.0753840566929431
10.0,226.0,1000.0233154296876,-4.244099700593559,-2.95253985324665,-1.964057519237005,0.6894282935543172,-1.3017722919579793,4.827178786313835,-0.5186078266109364,1.4811679954113908,-0.9340137767600538,-1.0753841445891776
10.0,226.0,1000.0234375,-4.244100181843746,-2.9525379315955163,-1.9640574040465824,0.6894270987629909,-1.3017751437856564,4.827181138810635,-0.5186077600752785,1.481168195594221,-0.9340123000956736,-1.075384617425618
10.0,226.0,1000.0232543945312,-4.24409989949469,-2.952539259005284,-1.9640574511597064,0.6894279448251117,-1.3017731971134197,4.827179541266137,-0.5186077934786777,1.4811680786613497,-0.9340133331173668,-1.0753842640375382
10.0,226.0,1000.0233764648438,-4.244100201885964,-2.952537912878676,-1.9640574154148984,0.6894270759896584,-1.3017752050286155,4.827181154269248,-0.5186077532795572,1.4811681581291332,-0.9340122430382234,-1.0753846818399595
10.0,226.0,1000.0233154296876,-4.244100473440645,-2.952537068303494,-1.964057295012812,0.6894265797781234,-1.3017763536535982,4.827182192592503,-0.5186077216017928,1.481168319515782,-0.9340116506639652,-1.0753848029506137
10.0,226.0,1000.0232543945312,-4.244099684748358,-2.952539933923326,-1.964057583742202,0.6894283100089336,-1.3017722802790104,4.827178700696011,-0.5186077927566028,1.481167922855093,-0.9340137501818244,-1.075384193353278
10.0,226.0,1000.023193359375,-4.244100087158616,-2.9525385019445647,-1.9640573905396472,0.6894274674193968,-1.3017742737017808,4.827180448106267,-0.5186077884528659,1.4811681808729578,-0.9340127720833512,-1.0753844403764838
10.0,226.0,1000.0232543945312,-4.244099353416294,-2.9525409602216333,-1.9640576758583128,0.6894288699891016,-1.3017708185919243,4.827177465307894,-0.5186078614758607,1.4811677596060182,-0.9340145534549134,-1.07538395246078
10.0,226.0,1000.023193359375,-4.244099568814682,-2.952540387796613,-1.964057529524496,0.6894286377819938,-1.3017714899640955,4.827178147685872,-0.5186078476645459,1.48116798476173,-0.9340142138614578,-1.0753839757341348
10.0,226.0,1000.023193359375,-4.244099622459794,-2.95254009610494,-1.964057619037996,0.6894283888729564,-1.3017720452141242,4.827178499329625,-0.518607801721914,1.4811678996916902,-0.9340138665042864,-1.075384165950168
10.0,226.0,1000.0232543945312,-4.244099942373362,-2.9525388102372423,-1.964057496485404,0.689427620697205,-1.301773830706066,4.827180018066324,-0.5186077896201011,1.4811680644626524,-0.9340129742961184,-1.0753844273053508
10.0,226.0,1000.0232543945312,-4.244099543672271,-2.9525402154314624,-1.96405760748412,0.689428474152292,-1.3017718364912207,4.827178359811232,-0.518607821552802,1.4811678720165666,-0.9340139988619632,-1.0753841238212545
10.0,226.0,1000.023193359375,-4.244100175538021,-2.952537964544421,-1.9640574406271307,0.6894270589404394,-1.3017751156960111,4.827181070160419,-0.5186077622885747,1.4811681374103518,-0.9340123037981468,-1.0753846442704962
10.0,226.0,1000.0234375,-4.244100294078559,-2.9525375516029966,-1.96405739058182,0.6894268517323487,-1.3017757361947568,4.8271815906040505,-0.5186077335204571,1.481168207426219,-0.9340119518031208,-1.0753847868567008
10.0,226.0,1000.0234375,-4.244100326015393,-2.952537507308852,-1.964057348208665,0.6894268732580633,-1.3017756902127369,4.827181627416275,-0.518607745204883,1.481168277852987,-0.9340119954363866,-1.075384700991318
10.0,226.0,1000.0232543945312,-4.244099729073931,-2.952539567382647,-1.96405749932996,0.6894281012564116,-1.3017726535252927,4.827179136869718,-0.5186078352233068,1.4811680295574945,-0.934013594863198,-1.0753841926273422
10.0,226.0,1000.023193359375,-4.244100213205505,-2.952538000775439,-1.9640573821421448,0.689427144204874,-1.3017750061749709,4.827181050189358,-0.5186077690548911,1.4811682138588145,-0.9340123601743128,-1.0753845866286431
10.0,226.0,1000.0233154296876,-4.244099957066437,-2.9525387142686057,-1.964057491475268,0.6894275303880413,-1.301774043360263,4.827180190402178,-0.5186077849283821,1.481168039191867,-0.9340128469678596,-1.0753844767987086
10.0,226.0,1000.023193359375,-4.244100605841731,-2.95253650606603,-1.9640573315342684,0.6894261933691537,-1.301777297746022,4.827182852939769,-0.518607681668863,1.481168310130526,-0.9340111507488515,-1.0753850128752211
10.0,226.0,1000.0233154296876,-4.244100018634511,-2.952538742032636,-1.9640574685829204,0.6894275639052854,-1.3017739830571262,4.827180147239421,-0.5186077824084414,1.4811680931872386,-0.9340129058187454,-1.075384410850193
10.0,226.0,1000.0232543945312,-4.244099837212391,-2.952539477613468,-1.9640574673100144,0.6894280535682462,-1.3017728520202263,4.827179277303195,-0.5186078082818293,1.481168044911195,-0.9340135024461472,-1.0753842001971383
10.0,226.0,1000.0233154296876,-4.244100387638727,-2.9525373712048903,-1.9640573543633004,0.6894267653496557,-1.3017759328333165,4.827181839217403,-0.5186077244504164,1.4811682747390051,-0.934011843649002,-1.075384743032851
10.0,226.0,1000.0232543945312,-4.244099996667394,-2.952538638750289,-1.964057477029601,0.6894275352539161,-1.301774065015095,4.827180267156754,-0.5186077775337363,1.4811681101514376,-0.934012809986334,-1.0753844387211653
10.0,226.0,1000.0232543945312,-4.244100080195633,-2.9525383846612923,-1.9640574839559792,0.6894273303893872,-1.3017745760618489,4.82718058582269,-0.5186077429094507,1.4811680609274394,-0.9340125619209498,-1.075384603219632
10.0,226.0,1000.0233154296876,-4.244099919855495,-2.9525388456343995,-1.9640575208964783,0.6894276031692783,-1.3017739010235636,4.827180049655977,-0.5186077735197685,1.4811679987395676,-0.9340129107781544,-1.0753844777495782
10.0,226.0,1000.0232543945312,-4.244099466494813,-2.952540320794216,-1.964057636396829,0.6894285262944884,-1.301771715686804,4.827178205425636,-0.5186078277625672,1.4811678217548891,-0.9340140728390997,-1.0753841480421935
10.0,226.0,1000.0233764648438,-4.244100050400505,-2.9525387154003773,-1.964057458379853,0.6894275744773797,-1.3017740966628175,4.827180190152609,-0.5186077599525118,1.481168100750664,-0.9340128607327562,-1.0753844759637516
10.0,226.0,1000.0232543945312,-4.244099268566745,-2.9525414484084767,-1.9640576389180395,0.6894292998377356,-1.3017699933751592,4.827176844851804,-0.5186078591246783,1.4811678160539865,-0.9340150144003888,-1.075383755981088
10.0,226.0,1000.0232543945312,-4.244099830090245,-2.952539322648509,-1.9640574879147628,0.6894278971318792,-1.3017731421453949,4.827179470193753,-0.5186078232110463,1.48116803071228,-0.9340133506542508,-1.0753842851523738
10.0,226.0,1000.0234985351562,-4.244100215696979,-2.952537907472407,-1.9640573801066368,0.6894270841810437,-1.3017751142275902,4.827181164037304,-0.51860775725841,1.4811682033796725,-0.9340122826132085,-1.075384613827035
10.0,226.0,1000.023193359375,-4.244099929697419,-2.95253890959956,-1.9640574909578223,0.6894276788162701,-1.301773759233992,4.827179935614442,-0.5186077822269466,1.4811680296817258,-0.9340130279571116,-1.0753844279338227
10.0,226.0,1000.0232543945312,-4.244100253268788,-2.9525376345435634,-1.964057425938932,0.6894268805154606,-1.301775681990991,4.827181478841341,-0.5186077302446703,1.4811681618194372,-0.934012008004153,-1.0753847789147497
10.0,226.0,1000.0232543945312,-4.244099651992932,-2.952539970727431,-1.96405755963586,0.6894283358264808,-1.3017721851793502,4.827178652372297,-0.5186078198876576,1.4811679309724948,-0.9340138304406108,-1.0753841666690205
10.0,226.0,1000.023193359375,-4.244099652283966,-2.952539785237721,-1.9640575494095056,0.6894282254466066,-1.3017723837751625,4.827178896417127,-0.5186078227492112,1.4811679568964171,-0.9340136937903668,-1.075384180495769
10.0,226.0,1000.023193359375,-4.244099788213046,-2.9525396180944714,-1.9640575092410064,0.6894281053504594,-1.3017726984976208,4.827179134196527,-0.5186077997115426,1.4811679941433145,-0.9340135568320224,-1.0753842040981096
10.0,227.0,1000.0233764648438,-4.24410002139237,-2.952538732902668,-1.964057440341312,0.689427598351088,-1.3017739580353904,4.827180155223827,-0.5186077857405449,1.4811681205263518,-0.9340129284005664,-1.075384398960559
10.0,227.0,1000.0234375,-4.244100358822827,-2.9525373996617064,-1.9640573775170225,0.6894267769804756,-1.3017759238544997,4.827181762867308,-0.5186077321455338,1.4811682294856796,-0.9340118573327424,-1.0753847976957511
10.0,227.0,1000.0232543945312,-4.244099516830182,-2.952540515681219,-1.964057574356668,0.6894287091276974,-1.301771284174551,4.82717797681639,-0.5186078529059426,1.4811679546034895,-0.9340143015325016,-1.0753839364115656
10.0,227.0,1000.0233154296876,-4.244100013829756,-2.952538722711335,-1.964057439878327,0.689427579230725,-1.3017739868476257,4.8271801680267785,-0.5186077774697297,1.48116812079215,-0.9340128928217863,-1.0753844288328418
10.0,227.0,1000.0233154296876,-4.244099409324252,-2.952540796037339,-1.9640576039210729,0.6894288651378622,-1.3017709009718228,4.827177629808437,-0.518607864526162,1.4811678738064078,-0.9340145217989022,-1.0753839089905526
10.0,227.0,1000.0232543945312,-4.244099667624205,-2.9525399581272187,-1.9640575317367577,0.6894283474604732,-1.3017721399131368,4.82717868280673,-0.518607820403485,1.4811679775786288,-0.93401385369458,-1.0753841142411265
10.0,227.0,1000.0232543945312,-4.244099902064134,-2.9525389726702693,-1.9640574953916683,0.6894277188746205,-1.3017736493451482,4.8271798725908805,-0.5186077791319574,1.4811680533037643,-0.9340130525017702,-1.0753844133213848
10.0,227.0,1000.0233154296876,-4.244099471732512,-2.9525405791475894,-1.964057589775848,0.689428740721918,-1.301771178357379,4.827177913170109,-0.5186078457375665,1.4811679089298355,-0.9340143268041264,-1.0753839675174248
10.0,227.0,1000.0233764648438,-4.2440998963753644,-2.95253884755648,-1.9640575226963093,0.68942759020854,-1.301773867681054,4.827180027746444,-0.51860779193788,1.4811679895587595,-0.934012924829065,-1.0753844805991624
10.0,227.0,1000.023193359375,-4.244099812493655,-2.952539315270638,-1.9640575257471795,0.6894279385248545,-1.301773184411764,4.82717943323205,-0.5186077930456658,1.481168005448671,-0.9340133198417472,-1.075384349016942
10.0,227.0,1000.0232543945312,-4.244099631074287,-2.9525401191739298,-1.964057522197114,0.6894284395972363,-1.301771872292564,4.827178491662531,-0.5186078440755679,1.4811679850589607,-0.9340140043930738,-1.0753840424734369
10.0,227.0,1000.0233154296876,-4.244099758748261,-2.9525394055433,-1.964057565973028,0.6894279396942,-1.301773057461319,4.82717931566893,-0.5186078022448086,1.4811679429007016,-0.934013367468137,-1.0753843455614245
10.0,227.0,1000.023193359375,-4.244100636620416,-2.952536535424656,-1.9640573120942468,0.6894262193230158,-1.301777217340649,4.8271828064442985,-0.5186076982778935,1.4811683237755666,-0.9340112151510134,-1.0753849701254443
10.0,227.0,1000.0233764648438,-4.244100368735949,-2.95253739585325,-1.9640574054822064,0.6894267398439533,-1.301776012185543,4.827181772046952,-0.5186077151144044,1.4811681904602514,-0.9340118398340138,-1.075384814993657
10.0,227.0,1000.023193359375,-4.244100433097255,-2.952537216634614,-1.964057366346883,0.6894266391607307,-1.301776276510016,4.8271820121877305,-0.5186077081950238,1.4811682424950314,-0.9340116917725833,-1.0753848516475235
10.0,227.0,1000.0234375,-4.244099934586681,-2.9525390749483584,-1.9640574757361549,0.6894277712558736,-1.3017735091168574,4.827179771822841,-0.5186077839497942,1.481168046968305,-0.9340131584244782,-1.075384364351288
10.0,227.0,1000.0232543945312,-4.244099825883209,-2.952539398824575,-1.9640574825336696,0.6894280036624547,-1.3017729473725508,4.82717936366271,-0.5186078065060524,1.4811680522235138,-0.9340134278457192,-1.075384245992212
10.0,227.0,1000.023193359375,-4.244100520383287,-2.952536797769648,-1.9640573617740344,0.6894263262988023,-1.301776870491712,4.827182511213213,-0.5186077045572626,1.4811682480377728,-0.9340113713295032,-1.075384946188977
10.0,227.0,1000.0232543945312,-4.244100302825258,-2.952537630422692,-1.964057395480037,0.689426867386377,-1.301775588456394,4.827181484275458,-0.5186077511670177,1.4811682027335458,-0.9340120496337584,-1.0753847060552246
10.0,227.0,1000.023193359375,-4.2440995668367965,-2.9525403994746133,-1.9640575876342048,0.6894285760308687,-1.3017716115999551,4.8271781583556646,-0.5186078316529672,1.4811678791208944,-0.9340141514839368,-1.0753840596544304
10.0,227.0,1000.0233154296876,-4.244100013619461,-2.9525386782543546,-1.9640574738664576,0.6894275305041466,-1.3017740883061175,4.827180234440753,-0.5186077671493559,1.481168084918374,-0.9340128290290596,-1.0753844737547027
10.0,227.0,1000.023193359375,-4.244100224371842,-2.952538068647381,-1.964057377983932,0.6894271814257378,-1.301774848625079,4.827180951797157,-0.5186077746137574,1.4811682289949912,-0.9340124477023916,-1.075384492099217
10.0,227.0,1000.023193359375,-4.244100144978852,-2.9525382453853792,-1.9640574038199656,0.6894272538128119,-1.3017747154229935,4.8271808042694015,-0.5186077648606293,1.4811681433283468,-0.9340125178951668,-1.075384548214242
10.0,227.0,1000.0233764648438,-4.24409988445868,-2.9525390324342955,-1.9640575164228884,0.6894277346751441,-1.301773591290991,4.827179785248051,-0.5186077897581685,1.4811680039798212,-0.934013103161087,-1.0753843963531668
10.0,227.0,1000.0233764648438,-4.244099359407216,-2.9525410777116967,-1.9640576334332984,0.6894290083770152,-1.30177053521652,4.827177316913337,-0.5186078637819103,1.4811678142988125,-0.9340146992859176,-1.0753838625411154
10.0,227.0,1000.023193359375,-4.244099676043386,-2.952539775893264,-1.9640575774322029,0.6894281712763819,-1.3017725266204376,4.827178903415726,-0.5186078147361082,1.4811678974742335,-0.9340136624187476,-1.0753842328065222
10.0,227.0,1000.0232543945312,-4.244099939442975,-2.9525389286969124,-1.9640574684982948,0.6894277162414761,-1.3017736990283573,4.827179920816375,-0.518607787422094,1.4811680715355644,-0.9340130436432048,-1.0753844073848535
10.0,227.0,1000.0232543945312,-4.24409998509466,-2.9525386426572977,-1.964057447163539,0.6894275070781211,-1.301774073040467,4.8271802907358605,-0.5186077941144625,1.481168091877926,-0.9340128572132214,-1.0753844339405028
10.0,227.0,1000.0232543945312,-4.244099456079149,-2.952540481109563,-1.9640576623493629,0.6894285895432226,-1.301771535419343,4.827178015151961,-0.5186078311226145,1.4811677938345813,-0.9340141711842742,-1.0753841213302469
10.0,227.0,1000.0233154296876,-4.244099488113489,-2.95254069838352,-1.9640575975997168,0.6894287933242529,-1.3017711174688245,4.827177791421963,-0.5186078326412389,1.4811678726123203,-0.9340143873815432,-1.075383952476343
10.0,227.0,1000.023193359375,-4.244100081693938,-2.9525384929379723,-1.9640574283146817,0.689427440364514,-1.3017742804395844,4.8271804413049,-0.5186077892807424,1.4811681688383516,-0.9340127430917882,-1.0753844468158165
10.0,227.0,1000.0233764648438,-4.244099873702246,-2.952539283109507,-1.9640574731102296,0.6894279511005319,-1.301773114047454,4.827179485566463,-0.518607800997958,1.481168103107624,-0.9340133609814156,-1.07538424608052
10.0,227.0,1000.023193359375,-4.244100177190099,-2.9525379866617074,-1.9640574231621373,0.6894271195217918,-1.3017750726829314,4.827181063970922,-0.5186077516703307,1.481168146363138,-0.9340123062945612,-1.0753846400627238
10.0,227.0,1000.0232543945312,-4.244099532663409,-2.952540329192796,-1.9640576055050984,0.6894285435756942,-1.3017716810477649,4.827178204420068,-0.5186078245328201,1.481167874339253,-0.9340141025430846,-1.0753840818379583
10.0,227.0,1000.0232543945312,-4.244099672205551,-2.952539857658203,-1.9640575934316853,0.6894282385425266,-1.3017723568999742,4.827178771313346,-0.5186078130315028,1.4811679147667132,-0.9340137169025304,-1.0753842028017022
10.0,227.0,1000.023193359375,-4.244099681165324,-2.9525401422425555,-1.964057504232883,0.689428476215137,-1.3017718372785605,4.827178494871824,-0.51860781743739,1.4811680109151035,-0.9340140017126402,-1.075384016278575
10.0,227.0,1000.0232543945312,-4.2440995801163925,-2.9525402099666764,-1.964057542345328,0.6894285075531146,-1.3017717462028688,4.827178355395068,-0.5186078509200733,1.481167982865534,-0.9340140806350724,-1.0753840214861294
10.0,227.0,1000.0232543945312,-4.244099830489576,-2.952539544115125,-1.9640574818823449,0.6894280805735677,-1.3017727318050487,4.827179197877063,-0.5186078113713322,1.4811680511776313,-0.9340135409770493,-1.0753841808418452
10.0,227.0,1000.0232543945312,-4.244099549157439,-2.9525403425801207,-1.9640575761919288,0.6894286007367603,-1.3017716707697042,4.827178213580353,-0.5186078051871279,1.481167902215942,-0.934014106661766,-1.0753840962183254
10.0,227.0,1000.0232543945312,-4.244099887943095,-2.9525391426201897,-1.964057502047281,0.6894278112691676,-1.301773362656124,4.827179664386263,-0.5186077983760402,1.4811680274267092,-0.934013199062318,-1.075384341189713
10.0,227.0,1000.0232543945312,-4.2441003531979655,-2.952537363155468,-1.96405737924664,0.6894267267389829,-1.3017760312381816,4.827181824662471,-0.5186077316582738,1.481168219955535,-0.9340118309875828,-1.0753847903989278
10.0,227.0,1000.0233154296876,-4.244099667917159,-2.952539814778557,-1.964057542508528,0.6894282164575927,-1.3017723688162297,4.8271788335831385,-0.5186078356157093,1.4811679548683454,-0.934013748729317,-1.075384167185895
10.0,227.0,1000.0232543945312,-4.244100045107348,-2.952538576712929,-1.964057413279661,0.6894274959908646,-1.3017741795238091,4.827180346858171,-0.5186077959779567,1.481168142984184,-0.934012814765179,-1.0753844579779566
10.0,227.0,1000.023193359375,-4.244100250115398,-2.952537852755135,-1.9640573609603056,0.6894270205662778,-1.3017752275247698,4.827181253857043,-0.5186077686738972,1.4811682271118514,-0.9340122602088295,-1.0753846028883771
10.0,227.0,1000.0233154296876,-4.244099696665199,-2.952539911400864,-1.9640575460797045,0.6894282931644806,-1.3017722242350749,4.827178742531661,-0.5186078249571686,1.4811679670631106,-0.9340138096529956,-1.075384121066841
10.0,227.0,1000.023193359375,-4.244100435721524,-2.952537243510949,-1.9640573365315928,0.6894266591011178,-1.3017761040384173,4.827181979867532,-0.5186077443686115,1.481168296110181,-0.9340117815623464,-1.0753847403677017
10.0,227.0,1000.023193359375,-4.244100060646984,-2.9525385293559188,-1.9640574500165813,0.6894274498738415,-1.3017742922527091,4.827180383257442,-0.5186077656082393,1.4811681046605931,-0.9340127539616184,-1.075384497601672
10.0,227.0,1000.023193359375,-4.244100199678334,-2.9525380672295123,-1.964057384437012,0.6894271904702496,-1.3017749079473089,4.827180981052278,-0.518607756370348,1.4811682036794238,-0.9340124032504828,-1.075384565757127
10.0,227.0,1000.023193359375,-4.244099909454857,-2.952538877573189,-1.9640575334916088,0.6894276231313468,-1.3017738311318072,4.827179964742644,-0.5186077798612487,1.481168001095715,-0.9340129637811492,-1.0753844668419656
10.0,227.0,1000.0232543945312,-4.244099954580068,-2.952538797953876,-1.9640574715466883,0.6894276106210162,-1.3017739028978164,4.827180071685881,-0.5186077841286449,1.4811680850397924,-0.9340129461116212,-1.0753844443614995
10.0,228.0,1000.0232543945312,-4.24409996763732,-2.9525388651002777,-1.964057466341236,0.6894276373366974,-1.3017738061830677,4.82718000993785,-0.518607793961035,1.4811680624039507,-0.9340130111102952,-1.0753843930916709
10.0,228.0,1000.0233154296876,-4.24409994285068,-2.952538948304648,-1.9640575185666205,0.6894276772585801,-1.3017737868050254,4.827179904975047,-0.5186077657952275,1.4811680077797131,-0.934013005015129,-1.0753844556555183
10.0,228.0,1000.0232543945312,-4.24409941333604,-2.952540816929728,-1.9640576339992208,0.6894288029461961,-1.3017710196343597,4.827177659462919,-0.518607850241863,1.481167800224494,-0.9340144652425026,-1.0753839819916342
10.0,228.0,1000.023193359375,-4.244100457533308,-2.9525372776123664,-1.9640573367273075,0.689426698649279,-1.301776113824156,4.827181943696687,-0.5186077071605295,1.4811682854189208,-0.9340117745764092,-1.0753847623098736
10.0,228.0,1000.0232543945312,-4.244100021330242,-2.952538659051784,-1.964057430008317,0.6894275110932435,-1.3017740552823942,4.827180273290377,-0.5186078127227987,1.4811681108404509,-0.934012894347208,-1.0753843985487963
10.0,228.0,1000.0233154296876,-4.24410032123148,-2.95253767948064,-1.9640573501339804,0.6894269007318794,-1.3017754781130235,4.827181463818766,-0.5186077686777466,1.4811682420950645,-0.9340121278915472,-1.075384624679879
10.0,228.0,1000.0233764648438,-4.244099981332052,-2.9525387114190664,-1.9640574837787803,0.6894275215927923,-1.3017740672215283,4.827180199309183,-0.5186077921641976,1.4811680547690456,-0.9340128500182489,-1.075384474036281
10.0,228.0,1000.023193359375,-4.244100079158301,-2.952538572552003,-1.9640574576724648,0.6894274295675178,-1.301774257483066,4.827180377545043,-0.5186077756932459,1.481168080312239,-0.9340127660058072,-1.0753844640411785
10.0,228.0,1000.0231323242188,-4.244100046620538,-2.952538400718817,-1.964057495782987,0.6894273347126152,-1.3017746030010868,4.827180565883877,-0.5186077370016999,1.4811680187963558,-0.9340125731243294,-1.075384630366825
10.0,228.0,1000.023193359375,-4.244101000772033,-2.952535096260372,-1.9640572322943028,0.6894253134265274,-1.301779336186642,4.827184553465832,-0.5186076369894685,1.4811684708208803,-0.9340100753810284,-1.0753853514744276
10.0,228.0,1000.0232543945312,-4.244100583029667,-2.952536695837641,-1.9640573589402832,0.6894262942951581,-1.3017770659913444,4.827182615379744,-0.5186076885619819,1.4811682649544782,-0.9340112953671484,-1.07538498745057
10.0,228.0,1000.0234375,-4.244099878916496,-2.952539125290985,-1.9640574828667408,0.6894278181987854,-1.301773381097176,4.82717969287374,-0.518607802324139,1.4811680439264086,-0.9340132158670952,-1.0753843284264173
10.0,228.0,1000.023193359375,-4.24410031267902,-2.9525377041037943,-1.964057413189884,0.6894269226667946,-1.301775606308614,4.8271814334769605,-0.5186077185328051,1.4811681603462592,-0.9340120377586478,-1.0753847455219328
10.0,228.0,1000.023193359375,-4.244099708734298,-2.952539648811707,-1.9640575244159804,0.6894281246111325,-1.3017726602311974,4.827179060388472,-0.5186078242551853,1.48116795080578,-0.9340136146452868,-1.0753842266370546
10.0,228.0,1000.0233154296876,-4.244100025318335,-2.9525386740857047,-1.9640574478986048,0.6894275429811101,-1.3017740609965922,4.827180252042462,-0.5186077755739777,1.4811680903026172,-0.9340128486422924,-1.075384448146623
10.0,228.0,1000.0233154296876,-4.244099416024884,-2.9525408684139567,-1.9640575855627576,0.6894288978479368,-1.3017708251176303,4.827177583383527,-0.5186078623278592,1.4811678747803425,-0.9340145576142458,-1.0753839019039568
10.0,228.0,1000.0232543945312,-4.244099740709728,-2.9525398543667323,-1.9640575204537123,0.689428260800149,-1.301772384989614,4.827178836270431,-0.5186078115754134,1.4811679731727736,-0.9340137503798572,-1.07538415718935
10.0,228.0,1000.023193359375,-4.24409973724089,-2.9525396622634,-1.964057541535713,0.6894280868399019,-1.3017726991412482,4.827179067253391,-0.5186078187627379,1.4811679502372677,-0.9340135848110922,-1.0753842302312655
10.0,228.0,1000.0232543945312,-4.244099839994262,-2.9525392364470324,-1.96405746755028,0.6894278847782118,-1.3017732672147049,4.827179559417463,-0.5186078068112439,1.48116804716088,-0.934013306142642,-1.07538431898412
10.0,228.0,1000.0232543945312,-4.244099819273964,-2.9525392761150737,-1.964057529868648,0.6894278799992923,-1.3017732047176112,4.827179492578438,-0.5186077974969958,1.4811679867475664,-0.9340133011533852,-1.0753843312613327
10.0,228.0,1000.0233154296876,-4.244100167105245,-2.9525381364533345,-1.964057506422204,0.6894271336924964,-1.3017749624276205,4.827180877133641,-0.5186077305980827,1.481168061533353,-0.9340123672643976,-1.0753846398759483
10.0,228.0,1000.0233154296876,-4.244100410482693,-2.952537269813191,-1.9640573810598143,0.6894266524550812,-1.3017761684188054,4.8271819375173415,-0.5186077187866873,1.481168217461521,-0.934011747228242,-1.0753848239827586
10.0,228.0,1000.0232543945312,-4.244100901815957,-2.9525354924338805,-1.964057256071772,0.6894255372028155,-1.301778787559253,4.82718408673305,-0.5186076679147469,1.4811684174344544,-0.9340103784233964,-1.0753852484790478
10.0,228.0,1000.023193359375,-4.2440999536762085,-2.952538911768805,-1.9640574832406803,0.6894276969479449,-1.301773715409229,4.82717993468942,-0.5186077738019588,1.481168070982731,-0.934013024286064,-1.0753843971187766
10.0,228.0,1000.0233764648438,-4.2441003884671975,-2.952537341918448,-1.9640573445605023,0.6894267104905305,-1.301775978666853,4.827181847925662,-0.5186077480241575,1.4811682557882904,-0.934011867176478,-1.075384739186794
10.0,228.0,1000.0232543945312,-4.244100501754583,-2.9525370077989224,-1.964057293524404,0.6894265098440915,-1.3017764403859005,4.827182291456785,-0.5186077424130184,1.481168326041323,-0.9340116143309488,-1.075384778792877
10.0,228.0,1000.0232543945312,-4.244099854856484,-2.952539234977869,-1.964057495152819,0.6894278676148673,-1.3017732247334388,4.827179577757054,-0.5186078000076169,1.4811680310766393,-0.9340132799490436,-1.0753843094920432
10.0,228.0,1000.0232543945312,-4.244100127143843,-2.952538197969278,-1.964057385714403,0.6894272372127315,-1.3017747372979436,4.82718083117909,-0.5186077880517779,1.4811681620041366,-0.9340125227116038,-1.0753845476131074
10.0,228.0,1000.0233154296876,-4.2440998236255165,-2.9525395456514376,-1.9640574871546383,0.6894280871665366,-1.3017727661944312,4.827179209043585,-0.5186078046845664,1.4811680042074045,-0.934013539436128,-1.0753842048140545
10.0,228.0,1000.023193359375,-4.244100265492779,-2.952537761447953,-1.9640574476134187,0.6894269072379435,-1.301775498641184,4.82718132831784,-0.5186077429235469,1.4811681377746382,-0.9340121039667472,-1.0753847164328083
10.0,228.0,1000.0232543945312,-4.244099547071917,-2.952540326129811,-1.9640576079490963,0.6894284894213492,-1.301771692135027,4.827178226719676,-0.5186078380698413,1.481167857715148,-0.9340140919751604,-1.075384086238547
10.0,228.0,1000.0232543945312,-4.244100090157557,-2.952538277511955,-1.9640574593777569,0.6894272431260084,-1.301774718554249,4.827180729680819,-0.5186077688577075,1.4811680775478369,-0.9340125153868452,-1.075384594347308
10.0,228.0,1000.0233154296876,-4.2441000336904935,-2.9525387909960634,-1.9640574203244088,0.689427638689545,-1.3017738375437302,4.827180093877017,-0.518607792260231,1.4811681473980256,-0.9340129837932212,-1.0753843552194224
10.0,228.0,1000.023193359375,-4.244100053601211,-2.952538437873228,-1.9640574564887536,0.6894273706120373,-1.301774451080008,4.827180535475165,-0.5186077674024983,1.4811680837319994,-0.9340126482102152,-1.0753845357449876
10.0,228.0,1000.0232543945312,-4.244099815393289,-2.9525396279309346,-1.9640575383717065,0.6894281018379456,-1.3017727238183323,4.827179085751096,-0.5186077921331709,1.4811679699887923,-0.9340135606532228,-1.0753842161988558
10.0,228.0,1000.0234375,-4.244100393434845,-2.952537575709836,-1.9640573108250008,0.6894268781271311,-1.3017755682072418,4.827181592192559,-0.5186077592783302,1.481168323487566,-0.9340120837356504,-1.075384591883712
10.0,228.0,1000.0234985351562,-4.244100374446584,-2.9525374939365783,-1.9640573510273904,0.6894267850772797,-1.301775745413681,4.827181661853501,-0.5186077613665105,1.4811682698288466,-0.9340119799429408,-1.0753846807805632
10.0,228.0,1000.0233764648438,-4.244099781427115,-2.952539538617991,-1.964057487529188,0.6894280938389041,-1.3017727507982515,4.827179173158656,-0.5186078219486419,1.4811680416893953,-0.9340135610211178,-1.075384216723883
10.0,228.0,1000.0232543945312,-4.244099809509839,-2.9525392491529545,-1.964057492392373,0.689427893758201,-1.301773200618404,4.827179530102502,-0.5186078233691891,1.4811680275758636,-0.9340133157890058,-1.0753843086133874
10.0,228.0,1000.023193359375,-4.244100658592017,-2.952536522806906,-1.9640572640810727,0.6894262148345707,-1.3017771535446676,4.827182847149787,-0.5186077169469847,1.4811683964895757,-0.9340112467710702,-1.0753848985931485
10.0,228.0,1000.023193359375,-4.244100031616486,-2.952538401230542,-1.96405747879403,0.6894273511579083,-1.3017744611512168,4.827180553886654,-0.5186077691989333,1.481168069852198,-0.9340126090380938,-1.0753845730395395
10.0,228.0,1000.0233154296876,-4.244100401108427,-2.952537115828864,-1.964057421063488,0.6894265206224892,-1.3017764597512853,4.827182116881394,-0.5186077149338439,1.4811681848099498,-0.9340115782934264,-1.0753849091940042
10.0,228.0,1000.0233154296876,-4.244099738255168,-2.95253950648814,-1.9640575448315687,0.6894280336757017,-1.3017729241831426,4.8271792178704125,-0.5186077927038628,1.4811679412582643,-0.9340134532438906,-1.0753843288888376
10.0,228.0,1000.0232543945312,-4.244099656397444,-2.9525400540053752,-1.9640575515224907,0.6894283856220209,-1.3017720378809,4.827178585873032,-0.5186078232061178,1.4811679499205033,-0.9340139025379086,-1.075384089376108
10.0,228.0,1000.0232543945312,-4.244099971654716,-2.952538837079408,-1.9640575007168417,0.6894276201372325,-1.301773972460663,4.827180056805911,-0.5186077599494956,1.4811679992271722,-0.9340129229600906,-1.075384500533696
10.0,228.0,1000.0233154296876,-4.244100391025525,-2.9525372377263928,-1.964057374371686,0.6894266315074704,-1.301776188704582,4.827181958801207,-0.5186077370760227,1.4811682443856933,-0.9340117383599198,-1.0753848119501557
10.0,228.0,1000.0232543945312,-4.2440995093834335,-2.9525403504779404,-1.9640576051053744,0.6894285938563769,-1.301771646667484,4.82717819419457,-0.518607816950281,1.4811678820413317,-0.934014103455155,-1.0753840919731394
10.0,228.0,1000.0232543945312,-4.244099639611273,-2.95253997743109,-1.964057561682241,0.6894283187526975,-1.3017721955173251,4.827178662444695,-0.5186078231845483,1.4811679168855738,-0.934013838341798,-1.0753841570201477
10.0,228.0,1000.0233154296876,-4.244100435329094,-2.952537172984688,-1.964057346022718,0.6894266291518285,-1.3017762659962036,4.827182048822825,-0.5186077341321287,1.481168267417523,-0.93401171560269,-1.075384811602509
10.0,228.0,1000.023193359375,-4.244099703573328,-2.9525397700363096,-1.9640575468482144,0.6894282032964503,-1.3017724980859957,4.827178905732216,-0.5186078138906822,1.4811679571572558,-0.9340136710006436,-1.0753842054729916
10.0,229.0,1000.023193359375,-4.2441003284425225,-2.9525373185956743,-1.964057356112612,0.6894266922530035,-1.3017760726736718,4.82718187095691,-0.5186077515870293,1.4811682248786262,-0.9340118287282636,-1.075384805214306
10.0,229.0,1000.0232543945312,-4.244099340546343,-2.952541164773267,-1.964057619490489,0.6894290834732963,-1.3017704369811094,4.827177208972133,-0.5186078673102577,1.4811678264088712,-0.9340147794947748,-1.0753838499051294
10.0,229.0,1000.0232543945312,-4.244100511530326,-2.952536969401042,-1.964057371204,0.6894264126809198,-1.3017766829608397,4.827182349624552,-0.5186077066027348,1.481168217915247,-0.93401147728229,-1.0753849008406116
10.0,229.0,1000.0233154296876,-4.24410060972353,-2.952536354877491,-1.9640573462410584,0.6894260419447287,-1.3017775478944,4.827183075058933,-0.5186076871171803,1.4811682654409095,-0.9340109996891934,-1.0753850821514517
10.0,229.0,1000.0233764648438,-4.244100226295636,-2.952537903443716,-1.9640573847261773,0.68942704227858,-1.301775155777379,4.827181184151801,-0.5186077700976766,1.4811681775091836,-0.9340122912811352,-1.075384596981857
10.0,229.0,1000.023193359375,-4.244099995989958,-2.9525389410478944,-1.964057493347204,0.6894276737008926,-1.3017738207248437,4.827179925565488,-0.5186077664338491,1.481168032022012,-0.9340130233536784,-1.075384422920369
10.0,229.0,1000.0233154296876,-4.244100381927735,-2.952537323660946,-1.9640573987973244,0.689426651336424,-1.3017761519919435,4.827181869463713,-0.5186077216798255,1.4811681794991438,-0.9340117658850308,-1.0753848561797597
10.0,229.0,1000.0234375,-4.244099927998564,-2.95253910156143,-1.9640574991411943,0.6894277869402305,-1.3017734862028791,4.827179713593836,-0.5186077756561662,1.4811680466710406,-0.9340131487386492,-1.0753843618361445
10.0,229.0,1000.0233154296876,-4.244099682832358,-2.9525398175015605,-1.9640575303752603,0.6894282120093269,-1.3017724186454045,4.827178879062764,-0.5186078229086073,1.4811679327522098,-0.9340137263590602,-1.0753841866843397
10.0,229.0,1000.0233154296876,-4.244099911340045,-2.952538987940477,-1.96405754066656,0.6894276940036592,-1.3017737695500244,4.827179839370494,-0.5186077677891507,1.4811679691104684,-0.934013029282334,-1.0753844832305832
10.0,229.0,1000.023193359375,-4.244100578214131,-2.952536526843391,-1.9640573856915933,0.6894261229973146,-1.3017773818446416,4.827182848718419,-0.5186076847629737,1.4811681943289925,-0.9340111041446484,-1.075385085322909
10.0,229.0,1000.0232543945312,-4.244100103898444,-2.9525383362663526,-1.9640574844516256,0.6894272723494188,-1.301774647872302,4.827180633496569,-0.5186077496240777,1.4811680569508665,-0.9340125398309852,-1.075384592594697
10.0,229.0,1000.0233154296876,-4.244099490037141,-2.9525406179990576,-1.964057605963508,0.6894287176946978,-1.301771286990943,4.827177882926595,-0.5186078330352242,1.4811678551479908,-0.9340143084140972,-1.075384018473617
10.0,229.0,1000.0232543945312,-4.244099658252084,-2.952539938071439,-1.96405757153722,0.6894283090701361,-1.301772283977905,4.827178701844465,-0.518607787683175,1.481167899213843,-0.9340137703055688,-1.075384218833237
10.0,229.0,1000.0233764648438,-4.244099975126162,-2.952539025072451,-1.9640574641501631,0.68942775725872,-1.3017735660441965,4.827179844604325,-0.5186077838643266,1.4811680837578771,-0.9340131113673432,-1.07538433920619
10.0,229.0,1000.0232543945312,-4.24410030628234,-2.952537365567718,-1.964057438911768,0.6894266888802223,-1.3017760695789624,4.827181786966952,-0.5186077260153539,1.4811681432686976,-0.934011791054357,-1.0753848569570137
10.0,229.0,1000.0232543945312,-4.244099942135499,-2.952538768895707,-1.964057495972666,0.6894275759542214,-1.3017740377331322,4.827180138520273,-0.5186077508723121,1.4811680115146633,-0.9340128514894984,-1.0753845261917157
10.0,229.0,1000.023193359375,-4.244099965114724,-2.952538638952165,-1.964057480862501,0.6894274989411153,-1.3017741972975334,4.827180267506479,-0.5186077718763391,1.481168033629265,-0.9340127856010528,-1.0753845404834823
10.0,229.0,1000.023193359375,-4.24409985040223,-2.952539210671512,-1.9640575362795607,0.689427847027285,-1.301773401958628,4.8271795875709085,-0.5186077702240066,1.4811679777862985,-0.934013193655689,-1.075384404209161
10.0,229.0,1000.023193359375,-4.244099716826321,-2.9525397835559946,-1.964057553364008,0.6894282047362985,-1.3017725008161878,4.827178892336736,-0.5186078011732249,1.4811679424273532,-0.9340136709411384,-1.0753842194135443
10.0,229.0,1000.023193359375,-4.244099960189335,-2.9525389238090534,-1.964057545973961,0.6894276571740763,-1.301773879066289,4.82717994033742,-0.518607734274438,1.4811679768982875,-0.9340129249413688,-1.0753845084961542
10.0,229.0,1000.0233154296876,-4.244100683498576,-2.9525362908332444,-1.964057301203305,0.6894260760748425,-1.3017775935830675,4.827183139384058,-0.5186076698231279,1.4811683589832487,-0.9340109819112844,-1.075385051514833
10.0,229.0,1000.0233764648438,-4.244100188661943,-2.9525379676058083,-1.9640574426157136,0.6894270527451765,-1.301775149723314,4.827181112906787,-0.5186077566759462,1.4811681215709092,-0.9340122637804472,-1.0753846558420666
10.0,229.0,1000.0234375,-4.244100377926592,-2.9525374753330014,-1.9640573656001776,0.6894267862719081,-1.3017757925919151,4.827181681396247,-0.5186077392573312,1.4811682490106106,-0.9340119543876444,-1.0753846954010622
10.0,229.0,1000.0233154296876,-4.244100336981613,-2.95253760334056,-1.964057407369532,0.6894268314889249,-1.3017757388257367,4.8271815250753,-0.5186077235366957,1.4811681762179223,-0.9340119814635646,-1.0753847645827843
10.0,229.0,1000.0232543945312,-4.244099775276331,-2.952539534801125,-1.964057527416462,0.6894280204920591,-1.3017728711581733,4.827179233457684,-0.5186078191570767,1.481167954760081,-0.9340134923901546,-1.0753842606412882
10.0,229.0,1000.0233154296876,-4.244099883338315,-2.95253898889056,-1.9640575594404588,0.6894276585236465,-1.3017737924040338,4.827179864017081,-0.5186077809207852,1.481167927277775,-0.9340130128323452,-1.0753844867732565
10.0,229.0,1000.023193359375,-4.244100544516703,-2.952536546596123,-1.9640573765085343,0.6894261844472158,-1.3017773188661712,4.827182794453176,-0.5186076899534777,1.4811682187789206,-0.9340111444239776,-1.075385100154933
10.0,229.0,1000.0233154296876,-4.244099662810125,-2.9525398880598304,-1.964057571487582,0.6894282338619799,-1.301772357427871,4.82717875397627,-0.5186078157164573,1.481167890043185,-0.9340137678916944,-1.0753842012994683
10.0,229.0,1000.023193359375,-4.244099845667887,-2.9525391712089992,-1.9640575417377937,0.689427802590874,-1.301773443130524,4.82717962992052,-0.518607780040087,1.4811679688870392,-0.9340131739286086,-1.075384405712088
10.0,229.0,1000.023193359375,-4.244100082216746,-2.9525384708713203,-1.9640574518093952,0.6894273646339695,-1.3017743852556125,4.827180512756234,-0.5186077843010226,1.4811680978054067,-0.9340126797334394,-1.0753844907513117
10.0,229.0,1000.0233154296876,-4.24409916913697,-2.952541559406642,-1.9640576848745728,0.6894292990122537,-1.3017699061226402,4.827176773514092,-0.5186078630439415,1.481167714061776,-0.9340150000624324,-1.075383830999323
10.0,229.0,1000.023193359375,-4.244100353068016,-2.952537362680502,-1.964057367291435,0.6894266896207562,-1.3017760421951683,4.827181852808765,-0.5186077380778258,1.481168187795979,-0.9340118335914004,-1.0753847874718332
10.0,229.0,1000.0232543945312,-4.2441004574082815,-2.9525370205449426,-1.964057378283664,0.6894264964185828,-1.301776542883926,4.8271822296643645,-0.5186077012432939,1.481168222151508,-0.9340115365421982,-1.075384915109594
10.0,229.0,1000.0232543945312,-4.244099420772637,-2.952540871843987,-1.9640576083766947,0.6894288611336128,-1.3017709015057704,4.827177600359132,-0.51860785698626,1.481167833176845,-0.9340145329748292,-1.0753839219254195
10.0,229.0,1000.0232543945312,-4.244100211357469,-2.952537860732209,-1.9640574326588016,0.6894270043861681,-1.3017753323751131,4.827181202944853,-0.5186077504678366,1.481168134354064,-0.9340122210059684,-1.0753846990440885
10.0,229.0,1000.023193359375,-4.244100036537588,-2.9525385089460627,-1.9640574825527184,0.6894274024856673,-1.3017743800684718,4.827180425703597,-0.5186077643094915,1.481168060955297,-0.9340126925328524,-1.0753845473214847
10.0,229.0,1000.0231323242188,-4.244100077647365,-2.952538383629512,-1.964057476072206,0.6894273077635518,-1.3017745902772146,4.827180574548505,-0.5186077642627609,1.4811680505254508,-0.9340126034292028,-1.0753845706294762
10.0,229.0,1000.0232543945312,-4.244099661961229,-2.9525399875064005,-1.964057544457595,0.6894283435552184,-1.301772226083461,4.827178660036477,-0.5186078111324024,1.4811679160291489,-0.934013847022479,-1.0753841797362074
10.0,229.0,1000.0234375,-4.244099514232588,-2.9525403245390853,-1.9640576279267727,0.6894284773884438,-1.3017717142189564,4.827178245203047,-0.5186078461205881,1.4811678168378473,-0.9340140867672232,-1.0753840928168357
10.0,229.0,1000.0232543945312,-4.2440997158104725,-2.9525398365141653,-1.9640575677581864,0.6894282381353332,-1.3017724762290603,4.827178827694038,-0.5186077938561269,1.4811679178698718,-0.9340137029254612,-1.0753842196084995
10.0,229.0,1000.023193359375,-4.244100261995496,-2.952538057433149,-1.9640573981680367,0.689427159921097,-1.301775010723678,4.827181000445895,-0.518607733760617,1.4811681948138098,-0.9340123549698092,-1.0753845895013074
10.0,229.0,1000.0232543945312,-4.244099997092406,-2.9525388371983814,-1.9640574911816984,0.6894276070399998,-1.3017739544350255,4.82718006350207,-0.5186077629520733,1.481168038461389,-0.9340129230659296,-1.075384461098721
10.0,229.0,1000.0232543945312,-4.244099520226724,-2.952540412437179,-1.9640576216576844,0.6894285594931571,-1.3017715726104528,4.827178124393271,-0.5186078323946681,1.4811678360361649,-0.9340141490234296,-1.0753840644855028
10.0,229.0,1000.0233154296876,-4.244099777743616,-2.9525395655579065,-1.9640575477793736,0.6894280449858101,-1.3017728134917834,4.827179174508832,-0.518607792283083,1.4811679510881035,-0.9340134884509927,-1.0753842600792702
10.0,229.0,1000.0232543945312,-4.244099933890849,-2.9525389986441777,-1.964057481348068,0.689427729725848,-1.3017736265458284,4.827179851521924,-0.5186077884424005,1.4811680434428671,-0.934013095905998,-1.0753843828185925
10.0,229.0,1000.0232543945312,-4.2441001866823616,-2.9525381732696503,-1.9640574353126448,0.6894271670531316,-1.3017749451412055,4.827180884571336,-0.5186077435455472,1.4811680919685388,-0.9340124171777164,-1.0753846293372835
10.0,229.0,1000.0233154296876,-4.244100416108701,-2.9525372039918527,-1.964057380719217,0.6894266193572074,-1.3017763257697563,4.827182022914059,-0.5186077010831447,1.481168207784085,-0.9340116590931532,-1.0753848898910965
10.0,229.0,1000.0232543945312,-4.2440998452666285,-2.952539330122472,-1.964057512072528,0.6894278817178376,-1.3017731884259525,4.827179474241568,-0.5186077996474472,1.4811679770848745,-0.9340133305314566,-1.0753843197117523
10.0,229.0,1000.0233764648438,-4.244099372597052,-2.9525410646852897,-1.9640576302438189,0.6894289942398313,-1.301770649338092,4.827177348168531,-0.5186078436182049,1.481167790190396,-0.9340146686434734,-1.0753839035478636
10.0,230.0,1000.0233154296876,-4.244099562176299,-2.9525401508376303,-1.9640576325291628,0.6894284053300437,-1.3017720675725055,4.827178448115239,-0.5186077958465267,1.4811678116266824,-0.9340138914642084,-1.075384216988171
10.0,230.0,1000.0233764648438,-4.244100284843365,-2.952537510237818,-1.964057422880781,0.6894267608099032,-1.3017758350998183,4.82718167136577,-0.5186077255695203,1.4811681511515475,-0.9340119021672706,-1.0753847861493604
10.0,230.0,1000.0232543945312,-4.244100286539176,-2.952537804771126,-1.9640573887738368,0.6894269891744855,-1.3017753654476525,4.827181284454822,-0.5186077651944379,1.481168215203004,-0.9340121993423836,-1.0753846400600038
10.0,230.0,1000.023193359375,-4.244100252378073,-2.9525378342776465,-1.9640574225627008,0.6894269997537092,-1.3017753590331411,4.82718125652295,-0.5186077445870332,1.4811681627945763,-0.9340121687198826,-1.075384686260199
10.0,230.0,1000.0232543945312,-4.244100230144593,-2.952537763598224,-1.9640574225302871,0.6894269663134889,-1.301775467275243,4.827181329835765,-0.5186077403057228,1.481168142438209,-0.934012132275889,-1.0753847342179972
10.0,230.0,1000.0232543945312,-4.244099774819242,-2.9525395128345404,-1.96405751366412,0.68942804104688,-1.3017728946565814,4.827179240458806,-0.518607808030545,1.4811679835803702,-0.9340134872583512,-1.0753842756997622
10.0,230.0,1000.0232543945312,-4.244100235949567,-2.952537690404753,-1.964057431036783,0.6894268770121812,-1.3017756351415284,4.827181435816033,-0.5186077510333389,1.481168115190573,-0.9340120429085106,-1.0753847722618377
10.0,230.0,1000.0232543945312,-4.244099818053098,-2.952539172003938,-1.9640575503381024,0.68942779012768,-1.301773506563725,4.827179652513891,-0.5186077706201004,1.4811679120557395,-0.934013137353551,-1.07538446526849
10.0,230.0,1000.0233764648438,-4.244100338394118,-2.952537447613386,-1.9640573884148849,0.6894267365268636,-1.3017759374054467,4.827181727591396,-0.5186077352635259,1.4811681909814292,-0.9340118924570352,-1.0753847825172431
10.0,230.0,1000.0233154296876,-4.244100051202858,-2.9525382673512564,-1.9640574608535328,0.689427263785662,-1.3017746427981045,4.827180711719423,-0.5186077764554993,1.4811681076503325,-0.9340125349125624,-1.0753845703683456
10.0,230.0,1000.0232543945312,-4.2440995668359305,-2.952540458453976,-1.964057572844049,0.6894286149482856,-1.3017714770257212,4.827178089938775,-0.5186078412970367,1.481167895651387,-0.9340142372068164,-1.0753839807856296
10.0,230.0,1000.0232543945312,-4.244100105532898,-2.952538279754382,-1.964057419954592,0.6894272836363022,-1.3017746124997842,4.827180697909618,-0.5186077808849445,1.4811681434606945,-0.93401258021027,-1.075384537080204
10.0,230.0,1000.0233764648438,-4.244100362999324,-2.952537374924703,-1.9640573966925845,0.6894267134785803,-1.3017760140816654,4.827181802776279,-0.5186077302058045,1.481168194539146,-0.9340118182537828,-1.0753848020022323
10.0,230.0,1000.0233154296876,-4.244100433964015,-2.9525371268188443,-1.9640573529594183,0.6894265825563393,-1.301776386183528,4.827182104291818,-0.518607730346444,1.481168266836061,-0.9340116463862608,-1.0753848631157927
10.0,230.0,1000.0233154296876,-4.2440999203661365,-2.9525387305737736,-1.96405753154664,0.6894275364382274,-1.3017741175692947,4.827180126205551,-0.5186077683366177,1.4811679806111169,-0.9340128249122256,-1.0753845751337066
10.0,230.0,1000.023193359375,-4.24410066464406,-2.95253641452963,-1.964057295455051,0.6894261179971224,-1.301777454383875,4.827182996495628,-0.5186076912661406,1.4811683126167363,-0.9340110935846396,-1.0753850216245722
10.0,230.0,1000.0233154296876,-4.244100594833702,-2.9525364303500314,-1.9640573319236827,0.6894261401919426,-1.3017774157159918,4.827182948561431,-0.5186076912135649,1.4811682919504898,-0.9340110851602076,-1.075385063400955
10.0,230.0,1000.023193359375,-4.244100742766412,-2.9525360875067848,-1.964057287391161,0.6894259265459715,-1.3017778454826563,4.827183378344344,-0.5186076853580444,1.481168377489599,-0.9340108321918664,-1.0753850784963817
10.0,230.0,1000.0232543945312,-4.244100284085829,-2.952537864344888,-1.964057471246128,0.6894269728465545,-1.3017754457816673,4.827181214564439,-0.5186077165840022,1.481168091718306,-0.9340121398819008,-1.0753847353156072
10.0,230.0,1000.0233764648438,-4.2440995527058565,-2.9525402260423945,-1.96405753378956,0.6894285501851103,-1.3017717432912297,4.827178339624007,-0.5186078381175445,1.4811679653197327,-0.9340140761353616,-1.0753840637409864
10.0,230.0,1000.023193359375,-4.244100565326411,-2.952536572687997,-1.9640573328150983,0.6894262041376393,-1.301777237536044,4.827182794536483,-0.5186077044340536,1.4811682826293548,-0.9340112109762408,-1.0753849953799677
10.0,230.0,1000.0232543945312,-4.24409991388984,-2.9525388239429007,-1.9640575593261296,0.6894275704499648,-1.3017740079959368,4.8271800248665055,-0.518607767069061,1.4811679497899464,-0.9340128891258336,-1.0753845385170364
10.0,230.0,1000.0232543945312,-4.244100109658391,-2.9525384287266987,-1.9640574393063988,0.6894273628950174,-1.3017745246593138,4.827180560075618,-0.518607745424192,1.4811680898499615,-0.9340126215535562,-1.075384551615341
10.0,230.0,1000.0232543945312,-4.244099989385725,-2.952538788040292,-1.9640574916624336,0.6894276087750795,-1.3017739291518242,4.827180079111866,-0.5186077683345687,1.4811680642063934,-0.9340129192411392,-1.0753844303278326
10.0,230.0,1000.023193359375,-4.24409994093525,-2.9525389248096494,-1.9640575048153368,0.6894276740316405,-1.3017736620752531,4.827179921569343,-0.5186077795426964,1.481168037970173,-0.9340130243947372,-1.0753843897652624
10.0,230.0,1000.0232543945312,-4.244099883018459,-2.952538991943518,-1.9640574907902937,0.6894277423832973,-1.3017736099551187,4.827179838984756,-0.5186077856413398,1.481168035168051,-0.9340130844705072,-1.0753844142323423
10.0,230.0,1000.0232543945312,-4.24410049334833,-2.9525367954337915,-1.9640573592829185,0.689426348261664,-1.3017768868921458,4.82718251368394,-0.5186077118648544,1.4811682544774305,-0.9340113555507648,-1.0753849696533884
10.0,230.0,1000.0233154296876,-4.244099805721174,-2.9525392326864104,-1.964057495538873,0.6894278504196532,-1.3017732739016852,4.827179559244408,-0.5186078199433757,1.4811679989418796,-0.9340132893515428,-1.0753843396630254
10.0,230.0,1000.023193359375,-4.244100121355936,-2.9525380806020345,-1.96405744741892,0.6894271129692857,-1.301775050849325,4.827180974776368,-0.518607764004992,1.4811680468956556,-0.9340123484233294,-1.0753846859618732
10.0,230.0,1000.0233764648438,-4.24409994158056,-2.952539051447954,-1.9640574871672145,0.6894277586004129,-1.3017735400431525,4.827179800380609,-0.5186077736713841,1.481168040655775,-0.934013130002694,-1.0753843433227024
10.0,230.0,1000.0232543945312,-4.244099848102197,-2.952539016747985,-1.964057538495298,0.6894277221859912,-1.3017736330643674,4.827179791878541,-0.5186077795997717,1.4811679763860557,-0.9340130551436854,-1.0753844527838765
10.0,230.0,1000.0233154296876,-4.24410119880786,-2.9525344317630915,-1.964057122048835,0.6894249310804055,-1.3017802054670176,4.827185363056833,-0.5186076532884707,1.481168622063329,-0.9340096583016848,-1.0753854135071403
10.0,230.0,1000.023193359375,-4.2441007018235535,-2.952536126891484,-1.9640572875266007,0.689425945913408,-1.3017778503874244,4.827183324201997,-0.5186076980605803,1.4811683474635693,-0.9340108826851408,-1.0753851126098812
10.0,230.0,1000.023193359375,-4.244099705822023,-2.952539754635225,-1.9640575612314384,0.6894281499607038,-1.3017725932790816,4.8271789286271165,-0.5186078160720662,1.4811679308236023,-0.9340136490192456,-1.0753842298151968
10.0,230.0,1000.023193359375,-4.244099758857069,-2.9525397485616587,-1.964057524819137,0.6894281908569493,-1.3017725412092962,4.827178965610928,-0.5186077833183127,1.4811679559158355,-0.934013657982116,-1.075384191834441
10.0,230.0,1000.023193359375,-4.244100112469182,-2.9525383957803424,-1.9640574106437905,0.6894273771628745,-1.301774496597905,4.827180580076698,-0.518607772690733,1.4811681247462545,-0.93401266760376,-1.0753845078162303
10.0,230.0,1000.023193359375,-4.244100246305946,-2.9525377394667527,-1.9640574444084733,0.6894269093664853,-1.3017755714520534,4.827181362862779,-0.5186077297984895,1.4811681285112508,-0.9340120794749396,-1.0753847640919494
10.0,230.0,1000.0232543945312,-4.244099587684492,-2.952540026927524,-1.9640575864188408,0.6894283366704359,-1.301772149146175,4.827178585421185,-0.5186078284325335,1.481167868995703,-0.9340138494851812,-1.0753841969503792
10.0,230.0,1000.0232543945312,-4.244100499423771,-2.9525369275140765,-1.9640573856936228,0.6894263853959401,-1.3017768768564646,4.827182365859699,-0.5186077022961433,1.481168202470239,-0.934011440787092,-1.0753849753384164
10.0,230.0,1000.0233154296876,-4.244100273649289,-2.9525375141608143,-1.9640574408511604,0.6894267669383458,-1.3017759467150865,4.827181655726607,-0.5186077102386886,1.4811681052123014,-0.9340118625469565,-1.0753848779620818
10.0,230.0,1000.023193359375,-4.244100509539238,-2.952536835738889,-1.964057373686006,0.6894263471459237,-1.301776867537099,4.82718247070096,-0.5186077105245728,1.4811682317488373,-0.9340113959252392,-1.0753849562807982
10.0,230.0,1000.023193359375,-4.244100189262973,-2.952537859685961,-1.96405745344388,0.6894269944077713,-1.3017753305360094,4.827181214240513,-0.5186077475266675,1.4811681035983266,-0.9340121785425728,-1.0753847163777297
10.0,230.0,1000.0231323242188,-4.244100071976648,-2.952538427767343,-1.9640574738183103,0.6894273200650325,-1.3017745684078736,4.8271805558690986,-0.5186077627906158,1.481168051235228,-0.9340126089829112,-1.0753845833843294
10.0,230.0,1000.0232543945312,-4.2440998845140046,-2.952539216306219,-1.964057477197287,0.6894278708071546,-1.3017732439380838,4.82717956352057,-0.5186078119454933,1.4811680831616938,-0.9340132946053394,-1.075384279893714
10.0,230.0,1000.0232543945312,-4.244099805079615,-2.952539544597274,-1.9640575336661743,0.6894280344961725,-1.3017729157281548,4.827179205342015,-0.5186077845697534,1.4811679433122933,-0.9340134845400048,-1.075384270583334
10.0,230.0,1000.0233154296876,-4.244099423557376,-2.9525409159429725,-1.964057643432952,0.6894288919359015,-1.3017708109730104,4.827177529850248,-0.5186078440679109,1.4811678420063892,-0.9340145171969914,-1.0753839301920711
10.0,230.0,1000.023193359375,-4.244100619513053,-2.952536501815151,-1.964057351269288,0.6894261722641515,-1.301777402593857,4.8271828802416135,-0.5186076763137013,1.481168277739906,-0.93401110157469,-1.0753850749571048
10.0,230.0,1000.0232543945312,-4.244099680402464,-2.9525396074134407,-1.964057601537908,0.6894280825983454,-1.3017728735674088,4.827179081100757,-0.5186077878855011,1.4811678538646964,-0.9340134916353922,-1.075384374926918
10.0,230.0,1000.0233764648438,-4.244100384322168,-2.9525373222611675,-1.9640574164247853,0.6894266557290756,-1.3017760924679935,4.8271818447556445,-0.5186077305492418,1.4811681886281498,-0.9340117927832444,-1.0753848032988644
10.0,230.0,1000.023193359375,-4.2441006577095335,-2.952536083607339,-1.9640573270096988,0.6894259268481848,-1.3017779397734317,4.827183356431796,-0.5186076745688926,1.4811682954356842,-0.9340108152268796,-1.075385169349409
10.0,231.0,1000.023193359375,-4.244100703655916,-2.952536102034201,-1.9640573238466128,0.6894258911460573,-1.301777960464551,4.8271833619487,-0.5186076862325395,1.4811683197101455,-0.9340108253841723,-1.0753851391757197
10.0,231.0,1000.0233764648438,-4.244100345756953,-2.952537559221444,-1.9640574500470696,0.6894268018204288,-1.301775896957127,4.82718158862899,-0.5186077010156067,1.4811681119981903,-0.9340118958979148,-1.0753848411286109
10.0,231.0,1000.0232543945312,-4.244100172120428,-2.952537943229864,-1.964057452930165,0.6894270372384712,-1.301775213527281,4.827181093755957,-0.5186077569253813,1.4811681091041606,-0.9340122694730768,-1.075384679001727
10.0,231.0,1000.0233764648438,-4.244099943605752,-2.9525388401198462,-1.9640574222223368,0.6894276635148611,-1.301773718839967,4.827180027296485,-0.5186078187024972,1.4811681101459389,-0.934013061827315,-1.0753843394880898
10.0,231.0,1000.023193359375,-4.244100062039477,-2.9525384570188136,-1.9640574545434355,0.6894273673639928,-1.301774420233154,4.827180495825182,-0.5186077731690562,1.4811680784336143,-0.934012680928504,-1.075384520615414
10.0,231.0,1000.0233764648438,-4.2441002260166725,-2.9525379085418013,-1.964057443784592,0.6894269783356721,-1.3017753454851362,4.827181192339742,-0.5186077575277395,1.4811681019037906,-0.9340122119089642,-1.075384700213168
10.0,231.0,1000.0233764648438,-4.244099964527926,-2.9525390280889505,-1.9640574665384465,0.6894277448394872,-1.301773585939606,4.82717982204626,-0.5186077885794935,1.4811680693398186,-0.9340131280004912,-1.075384342709058
10.0,231.0,1000.0232543945312,-4.2441001687244215,-2.9525381312756336,-1.964057420330748,0.6894271815247368,-1.3017748591739535,4.827180912780673,-0.5186077672845952,1.4811681495680151,-0.9340124448519918,-1.0753845541723854
10.0,231.0,1000.0233154296876,-4.244100820101036,-2.952535627133414,-1.9640573387259144,0.6894255939459892,-1.301778712714554,4.827183910207912,-0.5186076477995201,1.481168317969571,-0.9340104038809738,-1.075385315592221
10.0,231.0,1000.0233764648438,-4.24410095935187,-2.952535186774998,-1.964057234755603,0.6894253622442665,-1.3017792769969925,4.827184450311963,-0.5186076538310944,1.4811684269159446,-0.934010154734482,-1.0753853638984197
10.0,231.0,1000.0233154296876,-4.244100907379747,-2.952535491993674,-1.964057286049465,0.6894255008422698,-1.3017788914210908,4.827184104709122,-0.5186076535400765,1.4811683807723384,-0.934010335077506,-1.0753853059329836
10.0,231.0,1000.0232543945312,-4.244100100784134,-2.952538348141736,-1.9640574667773696,0.6894272775230892,-1.301774651805219,4.827180657910535,-0.5186077572072652,1.481168068990451,-0.934012559977668,-1.0753845653301504
10.0,231.0,1000.023193359375,-4.244100681383547,-2.952536208191648,-1.964057309403099,0.6894260304519371,-1.301777773222847,4.82718321109949,-0.5186076738453327,1.4811683270521063,-0.9340109131045092,-1.0753851172764346
10.0,231.0,1000.0231323242188,-4.244100083127741,-2.952538386118176,-1.9640574830959272,0.6894273422100632,-1.3017745810551773,4.827180570690537,-0.5186077442007555,1.4811680785391257,-0.9340125721925636,-1.0753845785149836
10.0,231.0,1000.023193359375,-4.244100119304823,-2.9525381840638527,-1.9640574560837007,0.6894272038711158,-1.3017748553212618,4.827180837664486,-0.5186077601292336,1.4811680941074623,-0.9340124333985482,-1.075384601405165
10.0,231.0,1000.023193359375,-4.244100145490572,-2.952538104368006,-1.964057455884556,0.6894271424275553,-1.3017749660126858,4.8271809390454266,-0.5186077452623925,1.481168097179614,-0.9340123637323208,-1.0753846502963955
10.0,231.0,1000.023193359375,-4.244100327389655,-2.9525375886790983,-1.9640573799927523,0.6894268603868188,-1.3017756432165042,4.827181557894708,-0.5186077439649512,1.4811682325852011,-0.934012013434126,-1.0753846942853782
10.0,231.0,1000.023193359375,-4.244100234916671,-2.9525377398902624,-1.964057457748628,0.6894268898046665,-1.301775626726828,4.827181392765812,-0.5186077226037975,1.481168078257315,-0.9340120367814456,-1.0753847970710195
10.0,231.0,1000.0232543945312,-4.244100271819631,-2.952537786435237,-1.9640574359243488,0.6894269438127427,-1.3017754706308289,4.827181318361363,-0.5186077359580796,1.4811681388609808,-0.93401212228005,-1.0753847141860913
10.0,231.0,1000.023193359375,-4.244099845871812,-2.952539232742058,-1.964057530248684,0.6894278714409685,-1.3017733113742351,4.827179567312975,-0.5186077774402538,1.4811679661575727,-0.9340132363473952,-1.0753843802679124
10.0,231.0,1000.0232543945312,-4.244099505212773,-2.952540484962713,-1.9640575572111745,0.6894286614386926,-1.3017713985027624,4.827178062597945,-0.518607844083415,1.4811678967127806,-0.9340142731769934,-1.0753839896420154
10.0,231.0,1000.0232543945312,-4.24409998978136,-2.95253888045851,-1.9640574603426684,0.6894276528527197,-1.3017737970193377,4.827180007286572,-0.5186077851309525,1.4811681027592805,-0.9340129933292518,-1.075384396068955
10.0,231.0,1000.0234375,-4.2441005053421845,-2.9525371395597424,-1.9640573208489007,0.6894266109390621,-1.3017763259568431,4.827182124534964,-0.518607717673599,1.481168314374508,-0.9340116688301414,-1.075384787984091
10.0,231.0,1000.0233154296876,-4.244100591677387,-2.952536379047623,-1.9640573397829544,0.6894260664256056,-1.3017775351981618,4.827183015409688,-0.5186076959712196,1.4811682363247511,-0.9340110428818224,-1.0753851098180398
10.0,231.0,1000.0234375,-4.244100482669988,-2.952537122283296,-1.9640572981394824,0.6894265987716732,-1.3017762640136086,4.827182121405572,-0.5186077482059703,1.4811683527722703,-0.934011715629536,-1.075384736896294
10.0,231.0,1000.0233154296876,-4.244099801811139,-2.952539461971479,-1.9640575457223035,0.6894279639655512,-1.3017730361777242,4.827179307369299,-0.5186077911571205,1.4811679243935068,-0.934013400004,-1.07538432685467
10.0,231.0,1000.023193359375,-4.244100224889404,-2.9525378596588845,-1.96405745178032,0.689426974130555,-1.3017754322382964,4.827181227037066,-0.5186077309785606,1.4811680967701886,-0.9340121578058298,-1.0753847583382674
10.0,231.0,1000.0233154296876,-4.244100037660745,-2.952538643152682,-1.964057459256682,0.6894275244828414,-1.3017741140116557,4.827180273135024,-0.5186077651776788,1.4811680989168703,-0.9340128312243952,-1.0753844469124867
10.0,231.0,1000.023193359375,-4.24410011681902,-2.9525381255453924,-1.9640574807166875,0.6894271537631731,-1.30177497178321,4.827180901823166,-0.5186077494777743,1.4811680646288885,-0.9340123677287276,-1.0753846610751654
10.0,231.0,1000.0233154296876,-4.244100421545133,-2.952537214962877,-1.964057359804236,0.6894265732293103,-1.3017762867955112,4.827182040387299,-0.5186077378716218,1.4811682126022765,-0.9340117127320626,-1.0753848259959335
10.0,231.0,1000.0233154296876,-4.244100662846598,-2.952536269485292,-1.9640573048008725,0.6894259942230461,-1.3017776925168638,4.827183171375889,-0.5186077017874755,1.4811682882813717,-0.9340109864171452,-1.0753850835392482
10.0,231.0,1000.0233154296876,-4.244099123575667,-2.952541857642605,-1.96405768427824,0.6894295414984359,-1.3017693509176356,4.827176349879863,-0.5186078742271327,1.4811677416766216,-0.9340153158200452,-1.0753836745300085
10.0,231.0,1000.0232543945312,-4.244099839772312,-2.9525393323428384,-1.9640575197651748,0.6894279191770192,-1.301773141761649,4.827179442449944,-0.5186078033753345,1.4811679919678564,-0.934013348651872,-1.0753842991767937
10.0,231.0,1000.023193359375,-4.244100515790386,-2.952536834411692,-1.9640573793946463,0.6894263746539986,-1.3017768818310254,4.827182453690442,-0.5186076998510378,1.481168237055651,-0.9340113778826984,-1.0753849647831482
10.0,231.0,1000.0234375,-4.244100585810558,-2.952536755825612,-1.9640573090082984,0.6894263468006514,-1.301776913947629,4.827182579863376,-0.5186077109755587,1.4811683148405654,-0.9340113733018978,-1.075384911669686
10.0,231.0,1000.0234985351562,-4.244100413572839,-2.9525371703249763,-1.964057325514948,0.6894266100245083,-1.3017762017132233,4.827182058819492,-0.5186077382617,1.4811682936095103,-0.9340117266446456,-1.0753847791808775
10.0,231.0,1000.0232543945312,-4.244100403631074,-2.9525371963968587,-1.9640574465017264,0.6894265483605917,-1.301776446408664,4.827182007199589,-0.51860769935527,1.4811681326242976,-0.9340116128598296,-1.0753849367717176
10.0,231.0,1000.0232543945312,-4.244099850518788,-2.952539330581505,-1.9640574692241235,0.6894279420227054,-1.30177311033031,4.827179461347194,-0.5186078130965281,1.4811680475185351,-0.9340133821348752,-1.075384263505923
10.0,231.0,1000.0233154296876,-4.244100061665138,-2.952538583291948,-1.964057426011168,0.6894274580404947,-1.3017742037413478,4.827180382990164,-0.5186077859428213,1.481168115983711,-0.9340127830717052,-1.0753844537179753
10.0,231.0,1000.023193359375,-4.244100623214148,-2.9525363706708103,-1.9640573334145053,0.6894260617892725,-1.3017774694459137,4.82718299193264,-0.5186077179648976,1.4811683003787754,-0.9340110839675688,-1.0753850362585742
10.0,231.0,1000.023193359375,-4.244100264601357,-2.952537711015542,-1.9640574149423569,0.6894269040300411,-1.3017755424529076,4.827181422032549,-0.5186077420001514,1.4811681694243966,-0.9340120730829212,-1.0753847179406573
10.0,231.0,1000.0232543945312,-4.244100822237523,-2.952535649773584,-1.9640572986700549,0.6894256316594038,-1.3017785910779265,4.827183896477521,-0.518607661083438,1.481168344002164,-0.9340104750816582,-1.0753852556119736
10.0,231.0,1000.0233154296876,-4.24409989644761,-2.9525392228384724,-1.9640575298264504,0.6894278718831419,-1.3017733216880427,4.827179559158196,-0.5186077658796044,1.4811680017655675,-0.934013218448322,-1.0753843617465684
10.0,231.0,1000.0233154296876,-4.244099987862257,-2.9525386677105345,-1.964057514936017,0.6894275046411522,-1.3017742208493184,4.827180245235951,-0.5186077495870256,1.4811679941402458,-0.9340127696465376,-1.075384557199901
10.0,231.0,1000.023193359375,-4.244099795260112,-2.9525391872115234,-1.9640575551835129,0.6894277976436669,-1.3017734230281688,4.827179620065241,-0.5186077902124673,1.481167936200764,-0.9340131798270584,-1.0753844251007072
10.0,231.0,1000.023193359375,-4.244100286880995,-2.952537607806877,-1.9640573831786248,0.6894268946265658,-1.3017755755928642,4.827181524894167,-0.5186077497671988,1.4811682447346195,-0.9340120298811252,-1.075384699463449
10.0,231.0,1000.0232543945312,-4.244100801223844,-2.95253582911525,-1.964057245483572,0.689425766800551,-1.301778227664261,4.827183690530253,-0.5186076970036684,1.4811684109668963,-0.934010685724978,-1.0753851194775494
10.0,231.0,1000.023193359375,-4.244100505972407,-2.952536802487237,-1.9640573572588809,0.6894263269972276,-1.3017768672328789,4.827182522042415,-0.5186077202511257,1.4811682301023676,-0.9340113722341944,-1.075384950321383
10.0,231.0,1000.0232543945312,-4.244100255552868,-2.952537834074908,-1.9640574011469496,0.6894270083148797,-1.30177531443488,4.827181256555724,-0.5186077382747927,1.481168185716582,-0.9340121877920337,-1.075384667605082
10.0,231.0,1000.023193359375,-4.244100397677896,-2.952537229561365,-1.9640574072543784,0.6894265893285931,-1.3017763198047,4.8271820021163965,-0.5186077125095938,1.4811681558153067,-0.9340116666886712,-1.0753848947678597
10.0,232.0,1000.0232543945312,-4.244100134601935,-2.9525381740863264,-1.964057440922637,0.6894272387278093,-1.3017747583878363,4.827180833486796,-0.5186077595547021,1.481168158454795,-0.9340124594457846,-1.0753845476042487
10.0,232.0,1000.0232543945312,-4.244100250058554,-2.9525376185153287,-1.9640574707443816,0.689426826780787,-1.3017757648038346,4.827181500659508,-0.518607714489435,1.4811680922067725,-0.9340119449931406,-1.0753848410654223
10.0,232.0,1000.0232543945312,-4.244099628732245,-2.9525399704700623,-1.9640575777559928,0.6894283232812803,-1.301772192987514,4.82717867308563,-0.5186078161428087,1.4811679133022526,-0.934013803959192,-1.0753841772404686
10.0,232.0,1000.0232543945312,-4.244100148859008,-2.952538248291507,-1.9640574442293568,0.6894272391591292,-1.3017747786640437,4.827180748620965,-0.5186077571116527,1.4811681064631692,-0.9340125025581,-1.0753845816247405
10.0,232.0,1000.0233764648438,-4.244099860460983,-2.952539238664662,-1.964057558612492,0.689427833659578,-1.3017733553048498,4.827179552439102,-0.5186077790757295,1.4811679671960754,-0.934013214813155,-1.0753843795783986
10.0,232.0,1000.023193359375,-4.244100519338182,-2.9525368766760067,-1.9640573349351893,0.6894264057671613,-1.3017767579721349,4.827182437529684,-0.5186077186806308,1.481168285346942,-0.9340114621497372,-1.0753848967316966
10.0,232.0,1000.0232543945312,-4.244100104597782,-2.952538159749479,-1.964057472955368,0.689427191145243,-1.3017748696138742,4.827180843666847,-0.5186077529670117,1.4811680610104938,-0.9340124013680384,-1.0753846526352429
10.0,232.0,1000.0232543945312,-4.244100621444413,-2.9525364015445104,-1.9640573510601345,0.6894261053376649,-1.301777483771536,4.827182965573647,-0.5186076809103923,1.4811682866730127,-0.9340110506819634,-1.075385077359257
10.0,232.0,1000.0232543945312,-4.244099952868015,-2.952538768262674,-1.964057478766183,0.6894275603476672,-1.3017739344872044,4.827180144550008,-0.5186077818479058,1.4811680290766391,-0.9340128959887934,-1.0753844669955526
10.0,232.0,1000.0233764648438,-4.244100375173668,-2.952537512068101,-1.964057369287842,0.6894268467042739,-1.3017758178941947,4.827181660919102,-0.518607717524028,1.4811682208565635,-0.9340119444158432,-1.0753847428912056
10.0,232.0,1000.023193359375,-4.244100692610882,-2.9525360650600105,-1.964057323269099,0.689425877860943,-1.301777966854416,4.827183383952811,-0.5186076942379589,1.4811683156127398,-0.9340108105692292,-1.075385140497414
10.0,232.0,1000.023193359375,-4.244100353541874,-2.952537296195304,-1.9640573800393208,0.6894266789511425,-1.301776039927784,4.8271818909626045,-0.5186077441901178,1.481168251909642,-0.934011790959646,-1.0753847781870345
10.0,232.0,1000.0233764648438,-4.244100332454324,-2.95253740455932,-1.964057447419958,0.6894267058093329,-1.3017760801141942,4.827181762350612,-0.5186077098983128,1.4811681550746585,-0.9340117963920812,-1.0753848586710355
10.0,232.0,1000.0233764648438,-4.244100069708127,-2.9525383610647737,-1.964057490015616,0.6894273136538187,-1.30177467840342,4.827180613064542,-0.5186077457925027,1.4811680403753638,-0.9340125430679952,-1.075384635141222
10.0,232.0,1000.023193359375,-4.244100742662813,-2.952535853148897,-1.964057299095638,0.6894257623154161,-1.3017782274351122,4.827183653537631,-0.5186076872576812,1.4811683565716427,-0.9340106508699328,-1.07538516983958
10.0,232.0,1000.0233154296876,-4.244100755872263,-2.952535878584865,-1.9640572722510736,0.689425814816806,-1.3017780666326222,4.827183587235624,-0.518607705811811,1.481168428428722,-0.9340107465937492,-1.0753850719215756
10.0,232.0,1000.0232543945312,-4.244100798649932,-2.952535708418779,-1.9640572683725828,0.6894256762038262,-1.3017784743279033,4.827183847258196,-0.5186076853411432,1.481168381761834,-0.9340105511393144,-1.0753852125326069
10.0,232.0,1000.023193359375,-4.24410053740829,-2.9525365670188712,-1.9640574375889368,0.6894261125272241,-1.3017774310675805,4.827182804800327,-0.5186076706896525,1.4811681250471072,-0.9340110850447224,-1.0753851496615363
10.0,232.0,1000.023193359375,-4.2441006217806745,-2.952536474518592,-1.964057304611861,0.68942618110421,-1.3017772705367443,4.827182888085073,-0.518607699948177,1.4811683431456348,-0.9340111615690718,-1.0753849842503165
10.0,232.0,1000.023193359375,-4.244100135023039,-2.952538171608985,-1.9640574551857188,0.6894272150933798,-1.301774831816966,4.82718080812365,-0.5186077635445754,1.481168138865824,-0.934012457346836,-1.075384582834281
10.0,232.0,1000.023193359375,-4.244100170322557,-2.952538193759255,-1.964057437724105,0.6894272174919642,-1.3017748773774422,4.827180829074404,-0.5186077516242724,1.4811681203555604,-0.9340124629106414,-1.0753845886730788
10.0,232.0,1000.0232543945312,-4.244100314443528,-2.952537498306284,-1.964057455217294,0.6894267407709869,-1.3017759312848645,4.827181658574846,-0.5186077306891645,1.48116812241968,-0.9340118785439948,-1.075384823386024
10.0,232.0,1000.023193359375,-4.2441001945895405,-2.9525381683889247,-1.9640574063520584,0.689427217198892,-1.3017747595644984,4.8271808344536975,-0.518607774271743,1.481168189340658,-0.9340124999457836,-1.0753845143592322
10.0,232.0,1000.0232543945312,-4.244100079149423,-2.952538260132595,-1.9640574849275407,0.6894272491709232,-1.3017747564858824,4.82718069162102,-0.5186077590193605,1.4811680669743064,-0.9340125057927572,-1.0753846266510063
10.0,232.0,1000.023193359375,-4.244100607840892,-2.952536448407699,-1.964057346670224,0.6894260937563743,-1.301777469180856,4.827182942946051,-0.5186076981600154,1.4811682764901848,-0.9340110816467764,-1.0753850488219243
10.0,232.0,1000.0233764648438,-4.244100528754148,-2.952536788591382,-1.964057358775503,0.6894263330151347,-1.301776949394089,4.82718254141458,-0.5186077004838898,1.4811682331914795,-0.9340113432410266,-1.0753849792176045
10.0,232.0,1000.023193359375,-4.244100591213919,-2.952536548001828,-1.964057323191596,0.6894261963868047,-1.301777270039048,4.827182827012344,-0.5186077011572552,1.4811683062180183,-0.9340111938240404,-1.0753850056161829
10.0,232.0,1000.0233764648438,-4.244100147234214,-2.9525379031110472,-1.964057480916186,0.6894270103891031,-1.301775290762572,4.827181149956623,-0.5186077537340159,1.4811680900800397,-0.934012188435558,-1.0753847274142188
10.0,232.0,1000.0233154296876,-4.244100378679576,-2.9525374011039487,-1.9640574019143409,0.6894267031527139,-1.3017759971103384,4.827181799290814,-0.5186077282483197,1.481168183089058,-0.9340118314091308,-1.0753847791683762
10.0,232.0,1000.0232543945312,-4.244099785383275,-2.952539391597435,-1.964057532925236,0.6894279690211818,-1.3017730619202466,4.827179359146502,-0.5186077902301136,1.4811679855579607,-0.9340133683872384,-1.0753843310498112
10.0,232.0,1000.0232543945312,-4.24409989488901,-2.952538753174196,-1.9640575682588264,0.6894275331236122,-1.3017741176452002,4.827180120769093,-0.5186077571879562,1.4811679417075698,-0.9340128000908496,-1.0753845945618297
10.0,232.0,1000.023193359375,-4.244100129210263,-2.952538202285098,-1.964057434428741,0.6894272363664129,-1.3017747662289922,4.827180808700398,-0.5186077597426362,1.4811681280856064,-0.934012479619132,-1.075384565342501
10.0,232.0,1000.0233154296876,-4.244100395431976,-2.9525371351595964,-1.964057357363211,0.689426546450246,-1.3017763948138308,4.8271821282997,-0.5186077335333348,1.4811682486291762,-0.934011646391374,-1.075384850677901
10.0,232.0,1000.0232543945312,-4.2440998994155645,-2.952538903324378,-1.9640575368812023,0.6894276260102146,-1.3017738775068146,4.827179967060852,-0.5186077646722582,1.4811679457427998,-0.9340129397124136,-1.075384522254787
10.0,232.0,1000.0234375,-4.244100512670705,-2.9525367432566627,-1.964057388560028,0.6894262982881285,-1.301777008496991,4.827182559621011,-0.5186077044793942,1.4811682379049618,-0.9340113006614104,-1.075385004764274
10.0,232.0,1000.0233764648438,-4.244100392818002,-2.952537085937595,-1.9640574048417,0.6894265211906339,-1.3017765167666022,4.827182170630675,-0.5186077153546229,1.481168192997096,-0.9340115448494436,-1.0753849462677163
10.0,232.0,1000.023193359375,-4.244099990448519,-2.952538629252805,-1.964057493217624,0.6894274765931137,-1.3017742170944606,4.827180287848687,-0.518607765494445,1.481168027158274,-0.934012779290045,-1.0753845237299222
10.0,232.0,1000.023193359375,-4.244100156106697,-2.9525380637635794,-1.9640574563092588,0.6894270776337565,-1.3017751011252257,4.827180987718702,-0.5186077651845808,1.4811680679912662,-0.9340123394187092,-1.075384668853498
10.0,232.0,1000.023193359375,-4.244099672000909,-2.952539716251449,-1.964057588942266,0.6894281163865701,-1.3017726470836548,4.827178988814859,-0.518607807075365,1.4811678754776745,-0.9340135821477666,-1.0753842904226376
10.0,232.0,1000.023193359375,-4.244100668594868,-2.9525361608815484,-1.964057299599645,0.6894259423463289,-1.3017778438043877,4.827183282859451,-0.518607706198563,1.4811683102608804,-0.9340109093377444,-1.0753851140942898
10.0,232.0,1000.0233154296876,-4.244100668172505,-2.95253630510396,-1.9640573222356417,0.6894260586361725,-1.301777566789768,4.827183096586348,-0.5186076940292947,1.4811683459872054,-0.9340109973940116,-1.075385045559027
10.0,232.0,1000.0234375,-4.244100448092245,-2.952537153852794,-1.9640573547092388,0.6894266020823059,-1.3017763365232522,4.827182086204008,-0.5186077128308355,1.4811682547605445,-0.9340116705868606,-1.0753848331638085
10.0,232.0,1000.0233764648438,-4.244099879747851,-2.952539077635377,-1.9640575248391725,0.6894277592904476,-1.3017735032517774,4.827179765193236,-0.5186077812487486,1.4811680021808735,-0.9340131045847864,-1.0753843944672017
10.0,232.0,1000.0233764648438,-4.244100568987675,-2.952536679738614,-1.9640573299571933,0.689426324140678,-1.3017770323994466,4.82718264837534,-0.5186076911886346,1.4811683204751436,-0.9340112823063986,-1.0753849739466643
10.0,232.0,1000.0233764648438,-4.244100177773568,-2.9525379188397216,-1.9640574514450804,0.6894270402275637,-1.3017752662823805,4.82718114055209,-0.518607747580031,1.4811681071628326,-0.934012216327905,-1.0753847314907716
10.0,232.0,1000.023193359375,-4.244100079989281,-2.9525385098009784,-1.964057489458905,0.6894273737883161,-1.3017744363442976,4.827180478041997,-0.5186077469257997,1.4811680626879085,-0.934012629719442,-1.0753845354890612
10.0,232.0,1000.0234375,-4.244100359547248,-2.952537519717027,-1.96405736729268,0.6894268212196373,-1.3017758224787617,4.827181654222123,-0.5186077219021019,1.481168208418005,-0.9340119568666552,-1.075384745909191
10.0,232.0,1000.0232543945312,-4.244100494947494,-2.9525368243035603,-1.9640573695963288,0.6894263502810114,-1.301776952975569,4.827182510418597,-0.5186076954850467,1.4811682007981632,-0.9340113497347912,-1.0753850110389291
10.0,232.0,1000.0232543945312,-4.2441007685205605,-2.952535764587539,-1.964057288897779,0.6894257022674264,-1.301778375713751,4.827183761376672,-0.5186076854044126,1.481168379504357,-0.9340105812476658,-1.075385193798723
10.0,232.0,1000.0232543945312,-4.244099697535335,-2.9525396329579268,-1.96405757854269,0.6894280925037535,-1.301772710718148,4.82717906513397,-0.518607805158176,1.4811679170118277,-0.9340135359597044,-1.0753842892884031
10.0,233.0,1000.0232543945312,-4.244100457339319,-2.952537089520616,-1.9640573908614127,0.689426475378272,-1.3017765018352652,4.827182173047845,-0.5186077304823993,1.481168211008236,-0.9340115899902548,-1.0753848741289571
10.0,233.0,1000.0232543945312,-4.2440997800254845,-2.9525394745021463,-1.9640575015946504,0.6894280132502137,-1.3017728464565177,4.827179250365351,-0.518607834338372,1.4811680148585982,-0.9340135004990896,-1.0753842254062906
10.0,233.0,1000.0233154296876,-4.244100058025269,-2.952538217803409,-1.964057520722284,0.6894272008592219,-1.3017748939484304,4.827180763784773,-0.5186077368686952,1.4811680006211736,-0.934012399920876,-1.075384719515236
10.0,233.0,1000.023193359375,-4.244100439283359,-2.9525372233399523,-1.9640572989024203,0.6894266652280665,-1.3017760941388925,4.827182005266769,-0.5186077414327652,1.4811683227796149,-0.9340117905850872,-1.0753847348721433
10.0,233.0,1000.023193359375,-4.244100372606601,-2.9525373332116365,-1.9640573669289871,0.6894266812462337,-1.3017760609703355,4.827181863040389,-0.5186077548845089,1.481168232676115,-0.9340118241144096,-1.0753847751533423
10.0,233.0,1000.0233154296876,-4.244099287355398,-2.952541214010097,-1.9640576614201288,0.6894291119012745,-1.3017703766618325,4.827177140229534,-0.5186078563706173,1.48116778451843,-0.9340147696713368,-1.075383869060171
10.0,233.0,1000.0233154296876,-4.244100403097151,-2.952537202181645,-1.9640573532198773,0.6894266181609421,-1.3017762643108997,4.827182041270813,-0.518607732832054,1.4811682436644436,-0.934011706780126,-1.0753848287003835
10.0,233.0,1000.0232543945312,-4.244100074598801,-2.952538346585009,-1.964057444539049,0.689427321107047,-1.3017745573984856,4.8271806416881535,-0.5186077651991718,1.481168104138436,-0.9340125788800488,-1.075384555217045
10.0,233.0,1000.023193359375,-4.244100488915138,-2.952536969127604,-1.964057349945874,0.6894264458306729,-1.3017766306905094,4.827182319933478,-0.518607726508133,1.4811682465683216,-0.9340115240436956,-1.07538488700017
10.0,233.0,1000.023193359375,-4.244100170727203,-2.952538079329432,-1.9640574425063653,0.6894271524427333,-1.3017750268018613,4.827180977128782,-0.518607737976077,1.4811681066321754,-0.934012338922752,-1.0753846573787258
10.0,233.0,1000.0232543945312,-4.244100834787602,-2.9525357957386733,-1.964057265065244,0.6894257565559414,-1.3017784058846744,4.827183736095561,-0.5186076607480574,1.4811683739002603,-0.9340106056257688,-1.075385204525201
10.0,233.0,1000.0232543945312,-4.24410079679566,-2.952535922630489,-1.9640572868256128,0.6894258327748384,-1.3017782152902773,4.827183572719981,-0.5186076553606735,1.481168364953879,-0.934010688242795,-1.0753851608795624
10.0,233.0,1000.023193359375,-4.244100087116205,-2.9525385409251044,-1.964057480715644,0.6894274282755504,-1.3017743258316692,4.827180378328109,-0.5186077469096668,1.4811680831339658,-0.9340127150054602,-1.0753844945891826
10.0,233.0,1000.023193359375,-4.244099926570454,-2.952538850233296,-1.964057470369712,0.689427655828224,-1.301773815106551,4.82718000696118,-0.5186077887831173,1.4811680414787354,-0.9340130012598618,-1.0753844240495312
10.0,233.0,1000.0233154296876,-4.244100065813495,-2.9525382689060025,-1.964057546752063,0.6894271867756512,-1.301774891139167,4.827180724005366,-0.5186077421833355,1.4811679729102227,-0.9340124039313044,-1.0753847038223
10.0,233.0,1000.0234375,-4.244100338620819,-2.952537439304769,-1.9640573962753816,0.6894267250315895,-1.301775983815769,4.827181760297986,-0.51860773417879,1.4811681815980569,-0.9340118495819452,-1.075384810673933
10.0,233.0,1000.0232543945312,-4.244100190035077,-2.952538070174429,-1.9640574368386607,0.6894270984611408,-1.301775087955308,4.827180999214175,-0.5186077560883398,1.4811681037243716,-0.934012349450942,-1.075384636658978
10.0,233.0,1000.0232543945312,-4.2441006863327,-2.952536250869071,-1.9640572456536696,0.689426075603004,-1.3017775803353695,4.827183178616943,-0.5186077013911552,1.4811684103208655,-0.9340110290367916,-1.0753850040445712
10.0,233.0,1000.0233154296876,-4.24410063704079,-2.9525363541537293,-1.964057339982253,0.68942604742481,-1.301777604287675,4.827183074208024,-0.518607691857885,1.4811682740131058,-0.9340110112238404,-1.0753850849725155
10.0,233.0,1000.023193359375,-4.244100037286577,-2.95253846115384,-1.9640574688104253,0.6894273706522043,-1.3017744369244515,4.827180502631263,-0.5186077639336872,1.481168067379163,-0.93401265183606,-1.0753845472028551
10.0,233.0,1000.023193359375,-4.244100870573236,-2.952535416708587,-1.9640572690989804,0.689425480616511,-1.3017788725420387,4.827184174729215,-0.5186076730737632,1.4811684205385571,-0.9340103191617324,-1.0753852666426391
10.0,233.0,1000.0232543945312,-4.244100110887693,-2.952538278790474,-1.9640574719618065,0.6894272416620861,-1.3017747636704629,4.82718074033283,-0.5186077490109078,1.4811680688129112,-0.9340124850554004,-1.0753846148028607
10.0,233.0,1000.0232543945312,-4.244099944906289,-2.952538967401747,-1.9640575024989515,0.6894276541744304,-1.301773704741911,4.827179912102443,-0.5186077785193319,1.4811680093794832,-0.9340130392186428,-1.0753843941325183
10.0,233.0,1000.0233154296876,-4.244100344691872,-2.9525373958870262,-1.9640574508614144,0.6894266680319401,-1.3017761124475302,4.827181802749706,-0.5186077036457091,1.481168104238062,-0.9340117571533888,-1.075384884858
10.0,233.0,1000.023193359375,-4.244099512776975,-2.952540388088463,-1.9640575994946348,0.6894285501283779,-1.3017715971886583,4.827178166436854,-0.5186078482642946,1.4811678762704883,-0.9340141465856852,-1.0753840426806462
10.0,233.0,1000.023193359375,-4.24410098501128,-2.952534970456993,-1.9640572711300908,0.689425167923825,-1.301779644730991,4.8271847126049074,-0.5186076417707248,1.481168405793949,-0.9340099261825152,-1.0753854538371943
10.0,233.0,1000.0232543945312,-4.244100472647155,-2.95253695896935,-1.964057338314413,0.6894264808896633,-1.3017765472136684,4.827182287525142,-0.5186077249379579,1.4811683039111987,-0.9340115594068168,-1.0753848373236314
10.0,233.0,1000.0232543945312,-4.244099408338683,-2.952540881670026,-1.964057615833719,0.6894288836504519,-1.3017708670955974,4.827177574299723,-0.5186078579136773,1.4811678428708,-0.934014544779508,-1.0753839153604687
10.0,233.0,1000.0233154296876,-4.2441004461604255,-2.952537075865828,-1.964057384013845,0.6894265119468921,-1.3017764850874889,4.827182155782298,-0.5186077250515755,1.48116822036779,-0.93401159674404,-1.0753848703204376
10.0,233.0,1000.0234985351562,-4.244100740000823,-2.952535992914404,-1.964057286083769,0.6894258386444765,-1.301778048035089,4.827183502721846,-0.5186076891493876,1.4811683486043128,-0.9340107791233728,-1.0753851114580408
10.0,233.0,1000.0233764648438,-4.244100298931911,-2.952537675660865,-1.9640574172742693,0.6894268703247777,-1.301775661260987,4.827181471462422,-0.5186077266861417,1.4811681568205506,-0.9340120231478756,-1.0753847465111548
10.0,233.0,1000.023193359375,-4.244100582819904,-2.9525365204352845,-1.96405731536034,0.6894261881262631,-1.301777225351986,4.82718284355742,-0.5186077041303996,1.481168315310928,-0.9340111972598226,-1.0753849892864569
10.0,233.0,1000.0233154296876,-4.244100031745806,-2.9525385879572874,-1.9640574454449649,0.6894274659878628,-1.3017741825027325,4.827180349679109,-0.5186077871580377,1.4811681224343705,-0.9340127913312468,-1.0753844413250495
10.0,233.0,1000.0232543945312,-4.244100418963826,-2.952537150595501,-1.964057421026256,0.6894265445548085,-1.3017765079931736,4.82718207707328,-0.5186076967199096,1.481168156199729,-0.9340115915549668,-1.075384944303632
10.0,233.0,1000.023193359375,-4.244100108997278,-2.952538261178759,-1.9640574394182044,0.6894272359501885,-1.3017746895063946,4.827180735782296,-0.5186077886425089,1.481168124392002,-0.934012547250476,-1.075384551227283
10.0,233.0,1000.023193359375,-4.244100674532813,-2.9525361309216707,-1.9640573244387325,0.6894259150733495,-1.3017778502999384,4.827183322049526,-0.5186076949008394,1.481168311727532,-0.9340108486186328,-1.0753851196266997
10.0,233.0,1000.023193359375,-4.244100125560326,-2.952538159122754,-1.964057445596488,0.6894271943714188,-1.3017748929493589,4.827180868715118,-0.5186077565988452,1.481168112941717,-0.9340124087146844,-1.0753846312187587
10.0,233.0,1000.023193359375,-4.2440998386596815,-2.952539287722363,-1.9640575289680124,0.6894278670605942,-1.301773278541882,4.827179494617631,-0.5186078046942013,1.4811679711284595,-0.9340133021540016,-1.0753843353845705
10.0,233.0,1000.023193359375,-4.244100140376873,-2.9525381213974,-1.9640574879880308,0.6894271190672292,-1.3017750453844066,4.8271808973218775,-0.5186077418599115,1.4811680405301058,-0.9340123630615692,-1.0753846875806472
10.0,233.0,1000.023193359375,-4.244100535190074,-2.952536824005366,-1.9640573572222628,0.6894263887702881,-1.3017768863809929,4.827182479161214,-0.5186076896494694,1.4811682696176869,-0.934011371756358,-1.0753849670755251
10.0,233.0,1000.023193359375,-4.244099580677329,-2.9525403961932524,-1.9640575420860216,0.6894286150875857,-1.3017714623333465,4.827178155915719,-0.5186078413617974,1.4811679593197995,-0.9340142119474724,-1.075383970838088
10.0,233.0,1000.0232543945312,-4.2441004896493535,-2.952536841594371,-1.964057389659446,0.6894263624493107,-1.3017768996534458,4.827182470835661,-0.5186076881095865,1.4811681959656262,-0.9340113633917636,-1.075384991013273
10.0,233.0,1000.0232543945312,-4.244100170385757,-2.9525380306794275,-1.964057409470917,0.6894271494939632,-1.3017749848432505,4.827180983867255,-0.5186077718345548,1.4811681666503729,-0.9340124037395086,-1.075384594857805
10.0,233.0,1000.0232543945312,-4.244100102352519,-2.9525383206421734,-1.9640574767856704,0.6894272845589935,-1.3017747283721444,4.827180669460741,-0.5186077444875901,1.4811680717534346,-0.9340125153793002,-1.0753846079098182
10.0,233.0,1000.0233154296876,-4.244099915081894,-2.9525390267462863,-1.9640575146541344,0.6894277229759682,-1.3017736038363532,4.827179809555446,-0.5186077849203432,1.4811680103440592,-0.9340130936117524,-1.0753843964051937
10.0,233.0,1000.0234375,-4.244100526246552,-2.952536740434393,-1.964057347338824,0.6894262958281434,-1.3017769434055677,4.827182572842231,-0.5186077295890934,1.481168265141842,-0.9340113625552392,-1.075384934150457
10.0,233.0,1000.0233154296876,-4.2441006043802725,-2.9525363278500247,-1.9640573851036285,0.6894260200699893,-1.3017776383621928,4.82718307946902,-0.5186076792079071,1.481168239101133,-0.934010947621818,-1.0753851262289589
10.0,233.0,1000.023193359375,-4.244100739551604,-2.952536027274276,-1.964057319687656,0.6894258741556669,-1.3017780568909156,4.827183432412447,-0.5186076630599858,1.4811683256761166,-0.934010756311797,-1.0753851646786874
10.0,233.0,1000.0234375,-4.24410045908047,-2.952536769850288,-1.9640573796728984,0.689426296394668,-1.301776937595423,4.827182543548533,-0.5186077230510513,1.4811682283276966,-0.9340113346243708,-1.075384990744443
10.0,233.0,1000.0232543945312,-4.244099957298345,-2.952538893273285,-1.9640575412982453,0.6894276214875115,-1.3017739124734715,4.827179985857255,-0.5186077515412455,1.4811679770341923,-0.9340129218531424,-1.0753844907394026
10.0,234.0,1000.023193359375,-4.244099760715466,-2.9525396490381177,-1.964057521856017,0.6894280914625934,-1.301772647849868,4.827179072784812,-0.5186078200124715,1.4811679638214903,-0.9340136161110753,-1.0753842047644029
10.0,234.0,1000.0233154296876,-4.2441002492279285,-2.9525377302479283,-1.9640574269122988,0.689426901404393,-1.3017755643533042,4.827181377225296,-0.518607745032801,1.4811681503084149,-0.9340120933507228,-1.0753847264512078
10.0,234.0,1000.023193359375,-4.244100109585973,-2.9525382781852123,-1.964057440809861,0.6894272948637346,-1.3017746581868277,4.82718068906112,-0.518607775474063,1.481168156642764,-0.9340125489996164,-1.0753845331163516
10.0,234.0,1000.0233154296876,-4.244100419744086,-2.952536988020089,-1.964057390676115,0.689426454837319,-1.3017766287869814,4.82718227467533,-0.5186077214588192,1.481168208416895,-0.9340115071370914,-1.0753849385053371
10.0,234.0,1000.0232543945312,-4.244100093348987,-2.952538328181624,-1.96405744063231,0.6894273376194837,-1.301774583435761,4.827180642686475,-0.5186077487536114,1.481168116329208,-0.9340125685205152,-1.0753845567410436
10.0,234.0,1000.0232543945312,-4.244100501822984,-2.952536970962703,-1.964057332011146,0.6894264659698042,-1.3017765977860931,4.827182307939259,-0.5186077176776829,1.4811682745794963,-0.9340115433038988,-1.0753848629045448
10.0,234.0,1000.0233154296876,-4.244100757200478,-2.952535932537702,-1.9640573070078005,0.6894257867586173,-1.3017781663240906,4.827183561843354,-0.5186076800705273,1.4811683249128371,-0.9340107025472076,-1.0753851710778637
10.0,234.0,1000.023193359375,-4.244100638088835,-2.9525361582254,-1.9640573102482977,0.6894259272266536,-1.301777816717233,4.827183292237221,-0.5186077073794673,1.481168302223895,-0.9340109016458484,-1.075385105432845
10.0,234.0,1000.0233764648438,-4.244099851628091,-2.9525390881506715,-1.964057526609678,0.6894277514420448,-1.3017734663088998,4.827179713715337,-0.5186077979061974,1.4811679919690048,-0.9340131468801668,-1.0753843781391257
10.0,234.0,1000.0232543945312,-4.244099513764985,-2.952540565238318,-1.9640575797478224,0.6894287036677147,-1.3017712770691243,4.827177952487968,-0.518607843686544,1.4811679035815797,-0.934014316463351,-1.0753839528342723
10.0,234.0,1000.0232543945312,-4.2440999522346186,-2.9525389288600463,-1.9640575091192631,0.6894276581124492,-1.3017737322328142,4.827179924885057,-0.5186077722446782,1.4811680088317267,-0.9340130254179256,-1.075384390283403
10.0,234.0,1000.023193359375,-4.244100214858626,-2.952538014656967,-1.9640573919124984,0.6894271089243134,-1.301775022698417,4.827181060233359,-0.5186077647329821,1.48116819114402,-0.934012355113648,-1.0753845634276753
10.0,234.0,1000.0232543945312,-4.24409975512381,-2.9525395676173583,-1.9640575272106,0.6894280844221647,-1.3017727646386263,4.8271791470433705,-0.5186078045321754,1.481167968643894,-0.9340135314097812,-1.075384250802014
10.0,234.0,1000.0233154296876,-4.244099927301426,-2.95253909598973,-1.9640574659947152,0.6894278142790551,-1.30177341135556,4.827179727952069,-0.5186077902004858,1.481168086305118,-0.934013191489238,-1.0753843179907547
10.0,234.0,1000.0232543945312,-4.2441010190298645,-2.9525348842205204,-1.964057234701384,0.689425122652592,-1.3017797609192354,4.827184845179465,-0.5186076472545933,1.4811684244417576,-0.9340099013226002,-1.0753854444826465
10.0,234.0,1000.0233154296876,-4.244100555786858,-2.952536681847157,-1.964057312919667,0.68942628636667,-1.3017769530066827,4.827182665538684,-0.5186077280487638,1.4811683268415967,-0.9340113227472512,-1.0753849141259737
10.0,234.0,1000.0233154296876,-4.244099572805891,-2.9525401302330003,-1.964057583572611,0.689428415999811,-1.30177193738982,4.827178461614492,-0.518607836183814,1.4811679028094795,-0.9340139494224696,-1.07538412542337
10.0,234.0,1000.0232543945312,-4.2441003879982375,-2.952537238975727,-1.9640573931511864,0.6894266076544451,-1.301776253863904,4.827181979349444,-0.5186077261894342,1.4811681976156272,-0.9340117013869804,-1.0753848587392896
10.0,234.0,1000.0233764648438,-4.244100393572277,-2.952537122780013,-1.964057386935341,0.6894265435406188,-1.3017763967161962,4.827182110121267,-0.5186077257548005,1.4811682146733425,-0.934011622217775,-1.0753848724152193
10.0,234.0,1000.0232543945312,-4.244099813171898,-2.952539178612962,-1.964057509959892,0.6894278219049133,-1.301773340531958,4.827179636713266,-0.5186078058034163,1.481168001110861,-0.9340132142751232,-1.0753843694261582
10.0,234.0,1000.0232543945312,-4.244100215362304,-2.9525377782899587,-1.9640574350550648,0.6894269340611361,-1.3017754221976254,4.827181339937061,-0.5186077404728113,1.4811681365457303,-0.9340121053092396,-1.0753847144884556
10.0,234.0,1000.0234375,-4.244100214646736,-2.9525379194326886,-1.96405741227246,0.6894270573654913,-1.3017750993635198,4.827181147199687,-0.5186077621773162,1.481168189909182,-0.934012277422128,-1.0753845993278603
10.0,234.0,1000.0232543945312,-4.244099810579395,-2.952539423154186,-1.9640574999464413,0.6894280050507264,-1.3017729295654954,4.8271793375430185,-0.518607803812289,1.4811680303332224,-0.934013424686138,-1.0753842502227235
10.0,234.0,1000.0233154296876,-4.244100344783498,-2.952537322001131,-1.9640573870812943,0.6894266698820841,-1.3017760594046863,4.827181865462837,-0.5186077412019987,1.4811681999471284,-0.9340118112332964,-1.0753847936038086
10.0,234.0,1000.0232543945312,-4.244099934583411,-2.952538946721581,-1.964057485130883,0.6894276846409486,-1.301773649951401,4.827179880355578,-0.5186078014663051,1.481168058254446,-0.9340130825336947,-1.075384365893513
10.0,234.0,1000.023193359375,-4.244100706512731,-2.95253606905783,-1.9640573192491568,0.689425904526292,-1.3017779701036187,4.827183392545853,-0.5186076716095611,1.4811683132215547,-0.9340107990596797,-1.075385151538239
10.0,234.0,1000.0234985351562,-4.244100859954499,-2.952535572689431,-1.964057275892941,0.6894255933701334,-1.3017787319930112,4.827183999521932,-0.5186076549807126,1.4811683918746503,-0.9340104019674164,-1.075385280165373
10.0,234.0,1000.0233154296876,-4.244100333205906,-2.9525376029495405,-1.964057376214226,0.6894268624045559,-1.301775641298346,4.827181538715166,-0.5186077361536672,1.4811682098457553,-0.9340120298758948,-1.0753846979486874
10.0,234.0,1000.0234375,-4.2440995175042415,-2.9525403075548744,-1.9640575809840923,0.6894285208983941,-1.3017716728175217,4.827178260436552,-0.5186078449087415,1.4811678993959756,-0.9340140986829084,-1.075384074091963
10.0,234.0,1000.023193359375,-4.244100901319828,-2.9525352963019755,-1.9640572569864312,0.6894253922051297,-1.3017790794768342,4.827184333398938,-0.518607675390161,1.4811684107946546,-0.9340102264948404,-1.0753853143071366
10.0,234.0,1000.0233764648438,-4.244100296866322,-2.952537474386314,-1.964057379899012,0.689426765871576,-1.3017758335059195,4.827181687866155,-0.5186077535821605,1.481168190066664,-0.9340119457465476,-1.07538475733505
10.0,234.0,1000.023193359375,-4.244100009655813,-2.9525385582254344,-1.964057477148976,0.6894274428143268,-1.3017742922932558,4.827180375845169,-0.5186077732546241,1.4811680577187092,-0.934012735863778,-1.0753845307878018
10.0,234.0,1000.0232543945312,-4.244100444502351,-2.952537018941621,-1.964057407837056,0.6894264674731776,-1.301776651666133,4.827182221466076,-0.518607702125732,1.481168192796729,-0.9340115089416968,-1.075384939684512
10.0,234.0,1000.0232543945312,-4.24410025878774,-2.952537641723439,-1.9640574249256604,0.6894269021689485,-1.301775598141814,4.827181447927211,-0.5186077321261813,1.4811681701177362,-0.9340120390504918,-1.075384749487664
10.0,234.0,1000.0233154296876,-4.244099651482476,-2.95253991657834,-1.9640575815034824,0.6894282543988695,-1.3017724357431053,4.827178753822411,-0.518607793830161,1.4811678449103471,-0.9340137346927672,-1.0753842724453082
10.0,234.0,1000.0234375,-4.244100346565568,-2.952537453983253,-1.964057354187812,0.6894267981677142,-1.3017757876271507,4.827181704208952,-0.5186077533741908,1.481168254843208,-0.9340119471581988,-1.0753847119552478
10.0,234.0,1000.0233154296876,-4.244100865135758,-2.9525354467986835,-1.9640572650226025,0.6894254962468747,-1.3017788478239694,4.827184158734054,-0.5186076665235984,1.4811683994686673,-0.9340103302105164,-1.0753852855676809
10.0,234.0,1000.023193359375,-4.244100053669856,-2.9525384436800524,-1.9640574690541663,0.689427360931286,-1.3017743994146795,4.827180494813435,-0.518607778483843,1.4811680992328975,-0.9340126792375648,-1.075384495808911
10.0,234.0,1000.023193359375,-4.244100544924216,-2.952536841151386,-1.9640573577264724,0.6894263587337424,-1.3017768299842256,4.827182471500217,-0.5186077016395654,1.4811682485721764,-0.9340113997687228,-1.075384932166774
10.0,234.0,1000.0233154296876,-4.244099888027001,-2.9525392214512425,-1.964057459512396,0.6894278992433946,-1.3017731770987109,4.8271795639784045,-0.5186078064827502,1.4811680909317024,-0.9340133315632791,-1.075384248484074
10.0,234.0,1000.023193359375,-4.244100477829954,-2.9525369237142614,-1.964057336600784,0.6894264532387187,-1.3017765977964395,4.827182339046688,-0.5186077255181418,1.4811683055301603,-0.934011526087045,-1.0753848533160015
10.0,234.0,1000.023193359375,-4.24410003076652,-2.9525384916301074,-1.964057499099792,0.6894273524862271,-1.3017744608539452,4.82718046695452,-0.5186077632357291,1.4811680331594914,-0.9340126557123948,-1.07538456458132
10.0,234.0,1000.0233764648438,-4.244100459163672,-2.9525371666814424,-1.964057361927531,0.6894265792623138,-1.301776320381418,4.827182087043054,-0.5186077118908026,1.481168248010305,-0.934011650408774,-1.075384835843574
10.0,234.0,1000.0232543945312,-4.244099861008611,-2.952539192422437,-1.964057540062182,0.6894278244400942,-1.3017733771512678,4.827179607007862,-0.5186077747580109,1.481167982053445,-0.9340131802989102,-1.0753843858521286
10.0,234.0,1000.0233154296876,-4.244100335309892,-2.952537361928933,-1.964057408020132,0.6894266630080503,-1.3017760016559072,4.827181830716569,-0.518607749254226,1.4811681901176756,-0.9340118121780988,-1.0753847881652168
10.0,234.0,1000.0232543945312,-4.244099616888981,-2.952540090653079,-1.964057584364672,0.689428380538657,-1.3017720561596944,4.827178518911602,-0.5186078242202194,1.481167897774772,-0.934013925862028,-1.0753841294089557
10.0,234.0,1000.0233154296876,-4.24410007929422,-2.952538361230107,-1.9640574610090007,0.6894273128322226,-1.3017745769124511,4.827180621762913,-0.5186077596300764,1.48116807914265,-0.9340125738033472,-1.0753845783201448
10.0,234.0,1000.0232543945312,-4.244100251106584,-2.9525377776806527,-1.9640573987704588,0.6894269823836314,-1.3017754370531516,4.827181324234925,-0.5186077413992756,1.4811681776422605,-0.9340121426990162,-1.0753847026425407
10.0,234.0,1000.0233154296876,-4.244099870059276,-2.952539158499072,-1.9640575235419664,0.6894277950463188,-1.301773508681654,4.827179676114502,-0.5186077719418511,1.4811679902435362,-0.9340131602501964,-1.0753843929918254
10.0,234.0,1000.0233154296876,-4.244099855491116,-2.952539196932456,-1.964057518100801,0.6894278556615276,-1.3017733454297948,4.827179605764297,-0.518607788960967,1.4811680063256727,-0.9340132246706698,-1.0753843559178424
10.0,235.0,1000.023193359375,-4.244100603150548,-2.952536460071568,-1.964057329487917,0.6894261277764535,-1.3017773627678064,4.827182926911446,-0.5186077099232591,1.4811683007403742,-0.9340111236993184,-1.075385017285036
10.0,235.0,1000.0232543945312,-4.244100296026562,-2.952537654732225,-1.964057401310689,0.6894268838801416,-1.3017756105666445,4.827181485140615,-0.5186077344146875,1.4811681805122587,-0.9340120455133558,-1.075384718303853
10.0,235.0,1000.0234375,-4.244100213383608,-2.952537912341408,-1.9640574242886808,0.6894270514949872,-1.3017752301601253,4.827181156317458,-0.5186077419298467,1.4811681506845096,-0.9340122518004312,-1.0753846619186698
10.0,235.0,1000.023193359375,-4.244100248020289,-2.9525377616623865,-1.964057383217408,0.6894269645047792,-1.301775338787472,4.8271813363879,-0.5186077741597641,1.4811682120291012,-0.9340121863437316,-1.0753846362879962
10.0,235.0,1000.0232543945312,-4.244099893007928,-2.952539140596833,-1.9640575020436648,0.6894278013262554,-1.301773375074136,4.827179661753089,-0.5186078016059508,1.4811680282332107,-0.9340132213156068,-1.0753843246454444
10.0,235.0,1000.0232543945312,-4.244100246293974,-2.952537848074769,-1.964057385319398,0.6894269958608055,-1.3017752706627266,4.827181246042562,-0.5186077710780035,1.481168185831777,-0.9340122491603396,-1.075384610343178
10.0,235.0,1000.023193359375,-4.244100224028134,-2.952537833372125,-1.964057422674424,0.6894269987467361,-1.3017753620750092,4.827181248584214,-0.5186077449236901,1.4811681473922451,-0.9340121824519532,-1.0753847011509232
10.0,235.0,1000.0232543945312,-4.244100465690797,-2.9525370474527426,-1.964057356906613,0.6894264830258585,-1.3017765258135845,4.827182215118773,-0.5186077267939675,1.4811682460592692,-0.9340115855052442,-1.075384857994257
10.0,235.0,1000.0233154296876,-4.244100394614319,-2.9525373378915893,-1.964057387655695,0.6894267009691735,-1.3017760768542344,4.827181854525399,-0.5186077214084177,1.481168220133925,-0.9340117932144674,-1.075384787150373
10.0,235.0,1000.023193359375,-4.244100110826657,-2.952538204348276,-1.96405740834234,0.6894272580233931,-1.3017746874315643,4.827180799854393,-0.5186077769687456,1.4811681508450834,-0.9340125163250156,-1.075384548718732
10.0,235.0,1000.0232543945312,-4.2441007489889735,-2.952535861465272,-1.964057295749088,0.689425776716809,-1.3017781935643915,4.827183633030254,-0.5186076799306525,1.4811683652560834,-0.9340106646354354,-1.075385169832153
10.0,235.0,1000.023193359375,-4.24410058761192,-2.9525364272724857,-1.964057328886884,0.6894261269554516,-1.3017773545598068,4.82718294325066,-0.5186077035601562,1.4811683156601152,-0.9340111068909316,-1.0753850195383272
10.0,235.0,1000.023193359375,-4.244099560332037,-2.952540323794441,-1.964057561952224,0.6894285418660298,-1.3017715932448972,4.827178233819264,-0.5186078452399236,1.4811679196969916,-0.9340141519807528,-1.0753840138547504
10.0,235.0,1000.0232543945312,-4.244100600982218,-2.9525364643791328,-1.9640573263744088,0.6894261091693128,-1.3017773784016224,4.827182934384377,-0.5186077106288431,1.4811682966723332,-0.9340111245433872,-1.0753850072269149
10.0,235.0,1000.023193359375,-4.244100037839126,-2.95253858048219,-1.9640574772308668,0.6894274624898076,-1.301774235715265,4.827180343141279,-0.518607765781236,1.4811680674927254,-0.9340127549043996,-1.0753844958457277
10.0,235.0,1000.0233764648438,-4.244099664697195,-2.952539926554792,-1.9640575302326555,0.6894283128465393,-1.3017722259102855,4.827178721089737,-0.518607826634879,1.4811679582008548,-0.9340138330964464,-1.0753841358203378
10.0,235.0,1000.0233764648438,-4.244100419968135,-2.9525370290737296,-1.9640573876154763,0.6894264633453151,-1.3017765736850224,4.827182228713966,-0.5186077230412236,1.4811681854520025,-0.9340115389320872,-1.0753849243106317
10.0,235.0,1000.0231323242188,-4.244100082124677,-2.952538436333189,-1.96405746198506,0.6894273653498093,-1.301774460683368,4.827180535268306,-0.518607761514029,1.4811680982757487,-0.9340126393943642,-1.0753845168583085
10.0,235.0,1000.0234375,-4.244100313570497,-2.952537547950889,-1.96405738950609,0.6894268326428188,-1.3017757355173512,4.827181593681258,-0.5186077405931586,1.481168196685778,-0.9340119825345798,-1.075384739138261
10.0,235.0,1000.0232543945312,-4.244100435234297,-2.9525370254755283,-1.964057411929769,0.6894264529612926,-1.3017766588880026,4.827182234045058,-0.5186077054371943,1.4811681653050428,-0.9340115118803114,-1.0753849581437458
10.0,235.0,1000.0234375,-4.244099888904976,-2.952539143049228,-1.964057504203414,0.6894277778885183,-1.301773449026352,4.827179698372108,-0.5186077923501298,1.4811679936184785,-0.9340131895648832,-1.075384355280295
10.0,235.0,1000.0233154296876,-4.244100657587031,-2.9525362992246627,-1.9640573262994043,0.689426050379522,-1.3017776235439174,4.827183090992209,-0.5186076871098839,1.4811683170872714,-0.9340110069819731,-1.0753850673602643
10.0,235.0,1000.0233154296876,-4.244100291120069,-2.952537581344127,-1.9640574246087696,0.6894268307588991,-1.3017757335160145,4.827181538714244,-0.5186077320760774,1.4811681483256889,-0.9340119914570452,-1.0753847722164904
10.0,235.0,1000.0233154296876,-4.244100426303435,-2.95253722167158,-1.9640573652033737,0.6894266235998634,-1.3017762432539692,4.827182014242336,-0.5186077141775298,1.4811682426760804,-0.9340117042970286,-1.075384824454015
10.0,235.0,1000.023193359375,-4.244100054080419,-2.9525384565174453,-1.964057465546889,0.6894273637019399,-1.3017744403905969,4.827180494377144,-0.5186077793794421,1.4811680756047831,-0.9340126700127264,-1.0753845345464104
10.0,235.0,1000.0233764648438,-4.244100349795128,-2.952537340004172,-1.964057403719277,0.6894266967501519,-1.3017760883371796,4.827181835096566,-0.5186077180082567,1.4811681890799149,-0.9340117842260778,-1.0753848279485685
10.0,235.0,1000.023193359375,-4.244100542612408,-2.9525365577027625,-1.9640573445119809,0.6894261840024285,-1.3017772367614286,4.8271828033508974,-0.518607711377407,1.4811682588009267,-0.9340111964104284,-1.0753850209514866
10.0,235.0,1000.0234375,-4.244100611538785,-2.9525363708574432,-1.964057306862475,0.6894261001430309,-1.3017774556583683,4.827183027469859,-0.5186077146062296,1.481168326344675,-0.9340110796145904,-1.0753850372436324
10.0,235.0,1000.023193359375,-4.244100755533377,-2.952535809512632,-1.964057292003192,0.6894257141107882,-1.3017783457524843,4.827183720173252,-0.5186076875986654,1.4811683309140564,-0.9340106260483454,-1.0753852038107676
10.0,235.0,1000.023193359375,-4.2440996335867744,-2.952540144414846,-1.9640575839169727,0.6894284330573957,-1.3017719933269594,4.827178447872297,-0.5186078069520885,1.4811678919579665,-0.9340139594010282,-1.0753841219918496
10.0,235.0,1000.0233764648438,-4.244099919068188,-2.952538976735264,-1.964057464409673,0.6894277247033003,-1.3017735960398331,4.82717986740141,-0.5186078000735614,1.4811680713922035,-0.9340131030954576,-1.0753843583368017
10.0,235.0,1000.023193359375,-4.244100463242615,-2.952536988144536,-1.9640573537300816,0.6894264642960977,-1.3017765641631225,4.827182283233121,-0.518607734629307,1.4811682511934467,-0.9340115462552694,-1.075384878149439
10.0,235.0,1000.0232543945312,-4.244100082590168,-2.9525382033433867,-1.96405749193326,0.6894272082097119,-1.3017748480791766,4.827180780947501,-0.5186077516768686,1.481168056159449,-0.9340124405133396,-1.075384646890841
10.0,235.0,1000.0233154296876,-4.244099754194906,-2.952539571441041,-1.964057559778696,0.6894280504096262,-1.3017728791161498,4.8271791440778,-0.5186077957533533,1.4811679278574097,-0.934013495407572,-1.0753843088319437
10.0,235.0,1000.023193359375,-4.244100128225819,-2.9525382233533644,-1.964057441670488,0.6894272348338291,-1.301774758456257,4.827180781050121,-0.5186077592997034,1.4811681125084952,-0.9340124930193304,-1.075384592037747
10.0,235.0,1000.0232543945312,-4.244100244901799,-2.952537848393019,-1.9640574020733244,0.6894270123805599,-1.3017752859963003,4.827181241236298,-0.5186077481835056,1.4811681766602742,-0.934012212451643,-1.075384654397442
10.0,235.0,1000.023193359375,-4.244100465075869,-2.9525370161006963,-1.9640573594193125,0.689426483667317,-1.3017765837219717,4.827182263961779,-0.5186077198866137,1.4811682518645428,-0.934011539802512,-1.0753848963658847
10.0,235.0,1000.0232543945312,-4.244100089511371,-2.952538257649424,-1.9640574656503589,0.6894272424849346,-1.3017747222371925,4.827180739625414,-0.5186077594881224,1.4811680741163604,-0.9340124975981016,-1.0753845961265425
10.0,235.0,1000.0234375,-4.244100214477422,-2.952537949728524,-1.964057390478884,0.6894271097457736,-1.3017751192979068,4.8271811098129564,-0.5186077566218827,1.481168191990804,-0.9340123129869672,-1.0753846131927256
10.0,235.0,1000.0233154296876,-4.244100399963241,-2.9525372635301013,-1.9640573985110488,0.6894266467642467,-1.3017761874880018,4.827181933064953,-0.5186077174767778,1.4811682222586189,-0.9340117244633568,-1.0753848175420182
10.0,235.0,1000.0233154296876,-4.2440996760261935,-2.9525398296911978,-1.964057555881864,0.6894282583761893,-1.3017723705241746,4.827178805168064,-0.5186078107085956,1.4811679552784245,-0.9340137336333338,-1.075384194678322
10.0,235.0,1000.0233154296876,-4.244100797259398,-2.952535693166312,-1.9640573408133968,0.6894256267644217,-1.3017786442308594,4.82718384751945,-0.5186076465139431,1.481168289866979,-0.9340104404137524,-1.0753853326092595
10.0,235.0,1000.0233154296876,-4.244101024335227,-2.9525347683675625,-1.96405727335714,0.6894250571199905,-1.3017799711268747,4.827184964139201,-0.5186076266762916,1.4811683846309285,-0.9340097478759928,-1.0753855408617263
10.0,235.0,1000.0232543945312,-4.244100197936344,-2.9525379625134835,-1.9640574384386973,0.6894270793336226,-1.3017751682348069,4.827181089411225,-0.5186077502372282,1.4811681370833707,-0.9340122756589606,-1.0753846705531416
10.0,235.0,1000.0233154296876,-4.244100007002271,-2.95253869234042,-1.964057468345516,0.6894275021668417,-1.3017741021755942,4.827180214513355,-0.5186077895653387,1.4811680642016656,-0.934012870743456,-1.0753844503269034
10.0,235.0,1000.0232543945312,-4.244100799658621,-2.952535606766381,-1.9640573071132792,0.6894255851914846,-1.3017786440218408,4.827183938677729,-0.5186076736754863,1.481168350755726,-0.9340104403202858,-1.075385276379773
10.0,235.0,1000.0232543945312,-4.244100230819814,-2.952537855922835,-1.9640574152839008,0.6894269873689138,-1.301775285485781,4.827181228332277,-0.518607763652132,1.4811681588664891,-0.9340122201251786,-1.0753846413832189
10.0,235.0,1000.023193359375,-4.244100328672956,-2.9525375787309773,-1.9640573672007453,0.6894268608533594,-1.3017756811520558,4.827181569755695,-0.518607746770102,1.4811682230840244,-0.9340120230898724,-1.0753847062984585
10.0,235.0,1000.0234375,-4.244100242527028,-2.952537956820825,-1.964057377360219,0.6894271007517645,-1.3017750788826072,4.827181117339313,-0.5186077595223706,1.481168222770755,-0.9340123255847246,-1.0753845815687528
10.0,235.0,1000.0233764648438,-4.244100322599665,-2.9525375213954868,-1.9640574045766943,0.6894267726773196,-1.301775827288194,4.827181651241215,-0.5186077391651063,1.4811681807222854,-0.934011932312912,-1.0753847471065936
10.0,236.0,1000.0233154296876,-4.244099853401366,-2.952539222925053,-1.964057493166292,0.6894278685367139,-1.301773265361834,4.82717957324286,-0.5186078052142413,1.481168016203335,-0.9340132812002252,-1.0753843248811874
10.0,236.0,1000.0233154296876,-4.244100593822568,-2.9525363289331144,-1.964057358308137,0.6894260269794197,-1.3017776031993682,4.827183073101434,-0.5186076963645787,1.4811682634684242,-0.9340109858184072,-1.075385111069048
10.0,236.0,1000.0233764648438,-4.244100358759434,-2.952537417376802,-1.9640573897968203,0.6894267138105636,-1.3017759501495705,4.827181766509174,-0.5186077461954781,1.4811682044856305,-0.9340118748786956,-1.0753847616219303
10.0,236.0,1000.0234375,-4.24410041777987,-2.952537127805796,-1.964057328934152,0.6894265742554708,-1.3017762856448112,4.827182111250343,-0.518607749804608,1.4811682788458531,-0.9340116962096552,-1.0753847880056226
10.0,236.0,1000.0233154296876,-4.244100349164848,-2.952537308976562,-1.9640574153998749,0.6894266242947547,-1.3017761685305531,4.82718190466581,-0.5186077339789747,1.4811681654649798,-0.9340117411382618,-1.075384848352698
10.0,236.0,1000.0233154296876,-4.244100385794438,-2.952537246216074,-1.9640573854522605,0.6894266346414586,-1.3017762090044949,4.8271819466793,-0.5186077250040162,1.48116822090119,-0.934011734696914,-1.0753848298596185
10.0,236.0,1000.023193359375,-4.244100015865698,-2.952538626296554,-1.964057500200504,0.6894274564323979,-1.3017742145462128,4.827180295345976,-0.5186077666357809,1.4811680172211077,-0.9340127678399774,-1.075384520132495
10.0,236.0,1000.023193359375,-4.244100153172342,-2.952538160182936,-1.9640574109401896,0.6894272280650782,-1.301774786125716,4.827180847594981,-0.5186077710173613,1.4811681676123198,-0.9340124749438504,-1.075384560117692
10.0,236.0,1000.0233154296876,-4.244100808800326,-2.952535733325026,-1.964057308399243,0.6894256688618947,-1.3017785306514824,4.827183798628894,-0.5186076617208855,1.481168324873269,-0.9340105297170948,-1.075385257193267
10.0,236.0,1000.0232543945312,-4.244100491785631,-2.952536950310568,-1.9640573663118424,0.6894264233870508,-1.3017766594110751,4.8271823446090405,-0.518607715681858,1.4811682449704753,-0.9340114837271054,-1.075384897943544
10.0,236.0,1000.0232543945312,-4.244100082747429,-2.952538319437936,-1.9640574413186287,0.6894272849481355,-1.301774578002406,4.827180677683971,-0.51860778014359,1.4811681046333014,-0.934012582136326,-1.0753845417683827
10.0,236.0,1000.023193359375,-4.24410007600002,-2.9525384981330536,-1.964057441500612,0.6894274503528788,-1.301774331492279,4.827180451820789,-0.5186077573467642,1.4811681255336897,-0.9340127038458856,-1.0753844986021837
10.0,236.0,1000.023193359375,-4.24409966043857,-2.95253975606167,-1.9640575706322625,0.68942817411184,-1.3017725205135195,4.8271789141650085,-0.5186078189525833,1.481167918398798,-0.9340136679744572,-1.0753842172034322
10.0,236.0,1000.023193359375,-4.244099726230655,-2.952539779540046,-1.964057504395644,0.6894282260111559,-1.301772389366331,4.827178897682268,-0.5186078356299619,1.481168020608278,-0.9340137457853306,-1.0753841187596027
10.0,236.0,1000.0233154296876,-4.244099564222948,-2.9525402236394687,-1.964057581364691,0.6894284862259941,-1.3017718271217031,4.827178364961643,-0.5186078277544546,1.481167893527534,-0.9340140167011944,-1.0753840939973571
10.0,236.0,1000.023193359375,-4.244100096960016,-2.952538381651804,-1.9640574467113137,0.6894273164482474,-1.3017745178106903,4.827180588927648,-0.5186077824024373,1.4811681090323088,-0.9340126383111684,-1.0753845175365573
10.0,236.0,1000.0233764648438,-4.244100372210141,-2.952537423205172,-1.964057377044615,0.6894267308492488,-1.301775905506961,4.827181773315365,-0.518607738656093,1.4811682109711857,-0.9340118890261636,-1.0753847468329267
10.0,236.0,1000.0234375,-4.244100353273551,-2.952537454236101,-1.964057380348616,0.6894267757148267,-1.3017758564972095,4.827181714924386,-0.5186077362739185,1.4811682301067384,-0.9340119146792089,-1.0753847370447538
10.0,236.0,1000.023193359375,-4.244100110786907,-2.9525382187097566,-1.964057408403196,0.6894272437405728,-1.3017747250829157,4.827180789665601,-0.5186077890135987,1.481168147994465,-0.934012536824346,-1.0753845471811534
10.0,236.0,1000.023193359375,-4.244100478120915,-2.952536838015435,-1.964057340709176,0.6894263725513117,-1.3017767642980598,4.827182459762437,-0.5186077362679891,1.4811682709644147,-0.934011453750486,-1.07538490339215
10.0,236.0,1000.023193359375,-4.244100306412084,-2.9525376751674086,-1.9640574022969608,0.689426889411263,-1.301775589495323,4.827181441664312,-0.518607744051077,1.481168180284155,-0.9340120785266331,-1.0753847012449191
10.0,236.0,1000.0232543945312,-4.244100081509607,-2.952538446649336,-1.964057441457581,0.6894273795477659,-1.301774393366447,4.827180523359168,-0.5186077838016718,1.481168125518578,-0.9340126816552754,-1.0753844790098026
10.0,236.0,1000.0233764648438,-4.244100350626444,-2.952537342123005,-1.964057402127296,0.6894266771416291,-1.301776104329572,4.827181858706,-0.5186077240757978,1.4811681810594468,-0.9340117764913672,-1.0753848330821176
10.0,236.0,1000.023193359375,-4.244100486617339,-2.95253696422819,-1.9640573651315816,0.6894264454967249,-1.3017766236827004,4.827182318387779,-0.5186077126749771,1.4811682414155367,-0.9340115115781512,-1.075384895349127
10.0,236.0,1000.0232543945312,-4.2440996305248655,-2.952540081347369,-1.964057577496559,0.6894284021280539,-1.3017720410764468,4.827178548729421,-0.5186078026532579,1.4811679113255671,-0.9340138933680792,-1.0753841348319009
10.0,236.0,1000.0234375,-4.244100551639858,-2.9525366963103377,-1.9640573344850865,0.6894262872407033,-1.3017769581224945,4.827182638490557,-0.5186077204043125,1.481168300363544,-0.9340113245689184,-1.0753849199283922
10.0,236.0,1000.023193359375,-4.244100234941569,-2.952537803834856,-1.964057417310305,0.6894269632905754,-1.3017753842779016,4.827181299885346,-0.5186077555446902,1.4811681446381764,-0.9340121560995388,-1.075384701004685
10.0,236.0,1000.023193359375,-4.244100420560742,-2.952537183581218,-1.9640573959688896,0.689426582154792,-1.3017763557000772,4.827182037296634,-0.5186077163639382,1.4811682034341445,-0.9340116651422576,-1.0753848577172147
10.0,236.0,1000.0232543945312,-4.244100421386911,-2.952537027996604,-1.9640574143305152,0.6894264388309104,-1.301776615985669,4.827182244581215,-0.5186077141765173,1.4811681538583563,-0.9340115173975968,-1.0753849383340135
10.0,236.0,1000.0233154296876,-4.244100496849089,-2.952536657634765,-1.9640573373118428,0.689426251533531,-1.3017770477726254,4.8271826652426775,-0.5186077331705938,1.4811682801882275,-0.9340113045553924,-1.0753849749371112
10.0,236.0,1000.0232543945312,-4.24410029314629,-2.952537648627826,-1.9640574085549949,0.6894268966241643,-1.3017756281854205,4.827181467038454,-0.5186077392824489,1.4811681893469697,-0.934012047449424,-1.0753847271727546
10.0,236.0,1000.0233154296876,-4.244099715580006,-2.9525399180321896,-1.964057515040965,0.6894283252272828,-1.301772222566886,4.827178736385303,-0.518607822294352,1.481167984393129,-0.9340138361840308,-1.0753841039212353
10.0,236.0,1000.0233154296876,-4.244100103430331,-2.952538317399652,-1.964057452263864,0.6894272901362397,-1.3017746119009148,4.827180681378112,-0.5186077681102921,1.4811680993411205,-0.934012556916776,-1.0753845616594533
10.0,236.0,1000.0233154296876,-4.244100229007942,-2.95253786707968,-1.964057382189197,0.6894270586400051,-1.3017752166768064,4.827181222928985,-0.5186077577131858,1.4811682028220725,-0.9340122424239166,-1.0753846249815142
10.0,236.0,1000.023193359375,-4.244100387898418,-2.9525373162816484,-1.9640573720196568,0.6894266671764413,-1.3017760614821148,4.827181882126865,-0.5186077488957359,1.481168246684712,-0.934011812716447,-1.0753847676913928
10.0,236.0,1000.0233154296876,-4.24410067144366,-2.9525362811782294,-1.964057299543488,0.6894260262972063,-1.3017776218603974,4.827183152434687,-0.5186076969345335,1.4811683271346237,-0.934011002115228,-1.0753850510511196
10.0,236.0,1000.0234985351562,-4.244099878029517,-2.9525391101266245,-1.964057510761428,0.6894277818124683,-1.3017734792294808,4.8271796990011495,-0.5186077880518472,1.481168002196208,-0.9340131685387894,-1.0753843788306492
10.0,236.0,1000.0234375,-4.244100538996938,-2.9525367421567825,-1.9640573516079567,0.6894263193390664,-1.301777000012076,4.827182576138968,-0.5186077009801009,1.4811682604954326,-0.9340113250705766,-1.075384981433528
10.0,236.0,1000.0232543945312,-4.244100453595021,-2.9525370305343683,-1.9640573338982907,0.6894264962685384,-1.3017764737458235,4.827182243914624,-0.5186077292647271,1.4811682681866944,-0.9340116037304798,-1.0753848292858763
10.0,236.0,1000.023193359375,-4.244099934947022,-2.9525389376785425,-1.9640575034066887,0.6894276701835498,-1.3017737499685875,4.827179915176158,-0.5186077736944084,1.4811680168450485,-0.9340130215375736,-1.0753844291669383
10.0,236.0,1000.0233154296876,-4.244100400748373,-2.952537203907016,-1.964057383720077,0.6894265779442508,-1.3017762954021834,4.827182028546037,-0.5186077314511985,1.4811682181517218,-0.9340116938521232,-1.0753848358759783
10.0,236.0,1000.023193359375,-4.244100986726057,-2.95253504087582,-1.9640572107261005,0.6894252632367586,-1.301779418173323,4.827184645908426,-0.5186076637266757,1.4811684663861833,-0.9340100672949694,-1.0753853458590656
10.0,236.0,1000.0233154296876,-4.244100877832484,-2.952535585231837,-1.964057256053204,0.6894255926783623,-1.3017786510449365,4.827183988864279,-0.5186076644978046,1.4811684142175867,-0.9340104571112704,-1.0753852205682213
10.0,236.0,1000.0233764648438,-4.244100324661901,-2.9525375495502284,-1.964057409253264,0.6894267879784808,-1.3017757885298091,4.827181615452741,-0.5186077397915954,1.4811681639120806,-0.934011956405202,-1.0753847602476865
10.0,236.0,1000.0233154296876,-4.244100760739067,-2.952535955940176,-1.9640572858839107,0.6894258249001552,-1.301778096634897,4.827183528244552,-0.5186076937514734,1.481168379597135,-0.934010755164679,-1.0753851058178494
10.0,236.0,1000.023193359375,-4.244100532039096,-2.9525367840211065,-1.96405730791698,0.6894263793241517,-1.3017767977251775,4.827182529193173,-0.5186077291431133,1.481168328225948,-0.9340114222970834,-1.075384886095509
10.0,236.0,1000.0233764648438,-4.244100356633849,-2.952537400994492,-1.9640573894452231,0.6894267369094376,-1.301776018738599,4.827181786515753,-0.5186077191216034,1.481168187159314,-0.9340118326129634,-1.0753848232136356
10.0,236.0,1000.0232543945312,-4.244100182957988,-2.9525378786859524,-1.964057420856915,0.6894270330385446,-1.3017752761296064,4.827181196075935,-0.5186077508626745,1.481168131977535,-0.9340122255868036,-1.0753846965796594
10.0,236.0,1000.023193359375,-4.244100652986457,-2.9525362120001275,-1.964057323826752,0.6894259904027846,-1.3017777311792638,4.827183214636419,-0.5186076853947368,1.4811683144573138,-0.934010915767935,-1.0753851052510202
10.0,236.0,1000.0234375,-4.244099911523593,-2.9525390733489165,-1.9640575007685648,0.689427765323682,-1.301773532956065,4.8271797548676165,-0.5186077789086649,1.4811680130093023,-0.9340131362454088,-1.0753843920983233
10.0,237.0,1000.0232543945312,-4.244100182224227,-2.95253807196257,-1.9640573930205112,0.689427150880654,-1.3017749292570704,4.82718097712373,-0.518607785102053,1.4811681858172108,-0.9340124256288104,-1.0753845460219489
10.0,237.0,1000.0233764648438,-4.244100528091481,-2.952536730939669,-1.964057367436048,0.6894263114722481,-1.3017770467867535,4.827182592764869,-0.5186076940797699,1.4811682395048598,-0.9340112937885144,-1.075385005304642
10.0,237.0,1000.0232543945312,-4.244099917373111,-2.952538981529513,-1.964057478010964,0.689427727379309,-1.3017735921838232,4.827179862897831,-0.5186077896600576,1.481168064092195,-0.9340130944686988,-1.0753843717274396
10.0,237.0,1000.023193359375,-4.244100146580136,-2.952538101656248,-1.9640574764184624,0.6894271021198586,-1.3017750602356437,4.827180935642421,-0.5186077589201368,1.4811680575821988,-0.9340123584725548,-1.0753846764465154
10.0,237.0,1000.0233154296876,-4.244100288008424,-2.952537644801139,-1.96405742028312,0.6894268466145643,-1.301775644435883,4.827181507782541,-0.5186077436442389,1.481168158502487,-0.9340120104985888,-1.0753847271331738
10.0,237.0,1000.0232543945312,-4.24409978493598,-2.9525395092908924,-1.9640575289043969,0.68942802927487,-1.3017728674611506,4.82717922551098,-0.5186078008707042,1.4811679802602375,-0.9340134729971794,-1.0753842638222553
10.0,237.0,1000.023193359375,-4.24410019524972,-2.952538038149703,-1.9640574253842669,0.6894271137667731,-1.3017750154821623,4.827180993083999,-0.5186077614597675,1.481168140651933,-0.93401237634089,-1.0753845921435747
10.0,237.0,1000.0233764648438,-4.244099932594802,-2.952539103850365,-1.9640574541763816,0.6894277787483283,-1.3017734545734267,4.82717973929384,-0.5186078147147581,1.4811680669569522,-0.934013221528124,-1.075384306074909
10.0,237.0,1000.0233154296876,-4.244100278623854,-2.9525377062914018,-1.9640573871900004,0.68942692557345,-1.3017754682158915,4.827181408615498,-0.5186077617742324,1.4811682129179005,-0.9340121225144102,-1.0753846570327736
10.0,237.0,1000.0233764648438,-4.244100187437874,-2.952537918429576,-1.9640574293184256,0.6894270508657332,-1.3017752438906751,4.827181153915186,-0.518607746782755,1.481168138065244,-0.9340122372987611,-1.0753846864381362
10.0,237.0,1000.0232543945312,-4.244099965155003,-2.9525388536607187,-1.964057478343526,0.6894276325725066,-1.301773815945197,4.827180020189889,-0.5186077821573551,1.4811680667741651,-0.9340129868434008,-1.0753844051806434
10.0,237.0,1000.023193359375,-4.24410022042504,-2.9525379626585884,-1.964057438924496,0.6894270515251586,-1.301775152345182,4.827181097395481,-0.5186077527274904,1.4811681438695707,-0.9340122848963536,-1.0753846377024296
10.0,237.0,1000.0232543945312,-4.244099861010046,-2.9525393444076107,-1.96405749308831,0.68942795406159,-1.301773117316146,4.827179430768785,-0.5186077896164853,1.4811680153113365,-0.9340133719007416,-1.0753842843209442
10.0,237.0,1000.0233764648438,-4.244100003631156,-2.952538687143864,-1.964057481444887,0.6894275083955836,-1.3017740791886592,4.827180228174656,-0.5186077752725442,1.4811680511104353,-0.9340128384872736,-1.0753844669102426
10.0,237.0,1000.0233154296876,-4.2441001646829415,-2.952538131914193,-1.964057415544872,0.6894271896430224,-1.3017748615361175,4.827180884401374,-0.5186077689288533,1.4811681628604791,-0.934012452167546,-1.0753845692723618
10.0,237.0,1000.0232543945312,-4.244100100364822,-2.952538237581209,-1.964057458054812,0.6894272321242587,-1.3017747541608902,4.827180762919186,-0.5186077619082479,1.4811680847059936,-0.9340124918109992,-1.0753845993823543
10.0,237.0,1000.023193359375,-4.244100207575812,-2.9525380073396903,-1.964057427731788,0.6894270950209993,-1.3017751410507117,4.827181067845096,-0.5186077495608918,1.4811681355003383,-0.9340122998363488,-1.0753846491404486
10.0,237.0,1000.023193359375,-4.244100176668979,-2.952537828035233,-1.9640574268439588,0.6894269673878206,-1.3017753694441674,4.827181251939749,-0.518607769966537,1.48116813097006,-0.934012199923882,-1.0753847014017288
10.0,237.0,1000.0232543945312,-4.244100462242825,-2.952537010532258,-1.9640573631026583,0.6894264846254528,-1.301776520340697,4.827182249038621,-0.5186077292363303,1.4811682555368222,-0.9340115622654004,-1.0753848646424302
10.0,237.0,1000.023193359375,-4.24410050998464,-2.952536859543851,-1.964057317058094,0.6894264142976203,-1.3017766951049992,4.827182431735759,-0.5186077373513367,1.4811683183807922,-0.934011494479055,-1.075384850810166
10.0,237.0,1000.0232543945312,-4.244099963684708,-2.952538815398368,-1.9640574651694007,0.6894276310376615,-1.3017738259820093,4.827180057196639,-0.5186077842921026,1.481168086247565,-0.9340129708734146,-1.0753844073989982
10.0,237.0,1000.023193359375,-4.244100038887453,-2.952538595027925,-1.964057462868028,0.6894274550492652,-1.3017742154902208,4.827180322331779,-0.5186077838427448,1.4811680839063888,-0.9340127858335858,-1.0753844797016758
10.0,237.0,1000.023193359375,-4.244100418845648,-2.952537253349056,-1.9640573303179525,0.6894266565958826,-1.301776117202273,4.827181964838243,-0.5186077460705931,1.481168275020898,-0.9340118070750024,-1.0753847517336563
10.0,237.0,1000.0234375,-4.244099889913715,-2.9525390743146955,-1.9640574702090472,0.6894277852135886,-1.3017734386665445,4.827179741293236,-0.5186078107385308,1.4811680794629742,-0.9340131934398944,-1.0753843267867458
10.0,237.0,1000.0234375,-4.244100414287605,-2.952537176925824,-1.964057379236772,0.6894265673690061,-1.3017763373678068,4.827182058900165,-0.5186077294694105,1.4811682198458789,-0.9340116764052376,-1.0753848435375262
10.0,237.0,1000.023193359375,-4.24409943101926,-2.952540784261028,-1.9640576184577527,0.6894288043054972,-1.3017710153171609,4.827177680695058,-0.5186078533978931,1.4811678274278115,-0.934014468271024,-1.0753839533699043
10.0,237.0,1000.0234375,-4.244100344313478,-2.952537443853624,-1.9640574149296768,0.6894267448886202,-1.3017759827448143,4.827181718228443,-0.5186077234871123,1.48116817527025,-0.9340118676360164,-1.0753848038997167
10.0,237.0,1000.023193359375,-4.244100135778479,-2.9525381728216407,-1.9640574226064929,0.6894272040503333,-1.3017747954914238,4.8271808506805325,-0.518607781334576,1.4811681481894017,-0.9340124945392576,-1.0753845541936586
10.0,237.0,1000.0233154296876,-4.2441005661163,-2.952536625123547,-1.964057336162659,0.6894262615824811,-1.3017770875120158,4.827182710658526,-0.5186077047104307,1.481168300034143,-0.9340112603016442,-1.0753849746104789
10.0,237.0,1000.0232543945312,-4.244100044451715,-2.952538660081227,-1.9640574665502808,0.689427515282337,-1.3017740854158144,4.827180246203781,-0.518607776826431,1.4811681035870912,-0.9340128361163612,-1.075384432371736
10.0,237.0,1000.0232543945312,-4.2440999805886594,-2.9525386663681594,-1.9640574948434448,0.6894274636968696,-1.3017741409815855,4.827180250263824,-0.5186077912158806,1.4811680335099542,-0.9340128226032168,-1.0753844878929917
10.0,237.0,1000.0232543945312,-4.244100125276878,-2.952538312374582,-1.9640574170390628,0.6894273050691098,-1.301774603822607,4.827180696690849,-0.5186077757190581,1.4811681386424338,-0.9340125838448384,-1.0753845231808774
10.0,237.0,1000.023193359375,-4.244100141699743,-2.952538232518497,-1.9640574391019523,0.6894272618997688,-1.3017747343430868,4.827180768606,-0.5186077561884677,1.4811681312473048,-0.9340124963803982,-1.075384567418593
10.0,237.0,1000.0233154296876,-4.244100350977844,-2.9525373479931964,-1.9640574167000424,0.6894266397055198,-1.3017761174895002,4.827181848079642,-0.5186077307505723,1.4811681567890125,-0.9340117794865536,-1.0753848330431537
10.0,237.0,1000.0233154296876,-4.244100278661351,-2.952537685023344,-1.9640573967221304,0.6894269139055123,-1.301775547600025,4.827181427503252,-0.5186077453967721,1.4811682017363283,-0.9340120899379638,-1.0753846976488934
10.0,237.0,1000.023193359375,-4.24410005282642,-2.9525384216183763,-1.964057497735153,0.6894273334958223,-1.301774534182531,4.82718054858163,-0.5186077512239278,1.4811680276760528,-0.93401258579091,-1.075384604100868
10.0,237.0,1000.0232543945312,-4.244099664998789,-2.9525398485574432,-1.9640575726255776,0.6894282404088212,-1.3017723952172289,4.827178808667346,-0.5186078091498718,1.4811679213286686,-0.934013722770846,-1.075384201098064
10.0,237.0,1000.023193359375,-4.2441006196983455,-2.952536448683197,-1.96405732515218,0.689426116637164,-1.3017773839202844,4.827182939924198,-0.5186077063955095,1.4811683215546625,-0.9340111175322514,-1.0753850029064016
10.0,237.0,1000.0232543945312,-4.244100074078979,-2.952538482858268,-1.964057443518568,0.6894274037486392,-1.3017743481885145,4.827180471949653,-0.5186077824288109,1.4811681090902775,-0.9340127161530818,-1.075384484449025
10.0,237.0,1000.0233764648438,-4.244099969298132,-2.9525387296228107,-1.9640574852423889,0.6894275527906046,-1.3017740648012586,4.827180173489882,-0.5186077691655608,1.4811680384600852,-0.9340128601829384,-1.0753845022692343
10.0,237.0,1000.0233154296876,-4.24410042376461,-2.952537130368987,-1.9640573758111608,0.6894265513304978,-1.301776387488859,4.827182098797456,-0.5186077282067805,1.4811682260013272,-0.9340116417313008,-1.075384858364194
10.0,237.0,1000.0232543945312,-4.244099778134217,-2.952539502168709,-1.964057524845004,0.6894280469229264,-1.3017728288181851,4.827179216789666,-0.5186078070594338,1.481167996297993,-0.934013496721838,-1.0753842435613596
10.0,237.0,1000.023193359375,-4.244100115802002,-2.9525382708421786,-1.9640574404142468,0.6894272832044548,-1.3017746661425431,4.827180700061698,-0.5186077667274471,1.481168134267178,-0.9340125495748196,-1.0753845532678836
10.0,237.0,1000.023193359375,-4.244099740088433,-2.952539737319555,-1.964057500085292,0.6894282179911384,-1.301772450393186,4.827178946968742,-0.5186078282784665,1.4811680246800591,-0.9340137064196616,-1.0753841432915268
10.0,237.0,1000.0233154296876,-4.2441003895895255,-2.95253728370629,-1.9640573778307395,0.6894266547849064,-1.3017761440612086,4.827181922910796,-0.5186077326363563,1.4811682348504434,-0.9340117655425731,-1.0753848008275677
10.0,237.0,1000.0232543945312,-4.244100443322548,-2.952537046143747,-1.9640573782692945,0.6894265005481763,-1.301776507886832,4.827182196731313,-0.5186077256004138,1.4811682320541657,-0.9340115823779822,-1.0753848771201642
10.0,237.0,1000.0232543945312,-4.244100112645278,-2.9525382702803764,-1.9640574068882424,0.6894272866073878,-1.3017746297882238,4.827180729058931,-0.5186077779731111,1.481168153008639,-0.934012576788767,-1.0753845201455663
10.0,237.0,1000.0232543945312,-4.244100272902132,-2.952537638176959,-1.964057394661443,0.6894268749858803,-1.301775620410171,4.827181493713121,-0.5186077604095409,1.4811681838638364,-0.9340120605878308,-1.0753847172337443
10.0,237.0,1000.023193359375,-4.244100050825617,-2.952538562022777,-1.9640574568543023,0.6894274669405416,-1.3017742364256133,4.827180377870347,-0.5186077745221409,1.4811681134595522,-0.934012746149687,-1.0753844785473317
10.0,237.0,1000.023193359375,-4.2441006183087655,-2.952536388682851,-1.964057321715838,0.6894260838254631,-1.301777488781528,4.82718300125423,-0.5186077064563364,1.481168289887273,-0.9340110761173746,-1.0753850571746213
10.0,238.0,1000.0232543945312,-4.2441006304802285,-2.9525364624604773,-1.9640572780714711,0.6894261657383645,-1.3017772806090946,4.827182938319238,-0.518607718915268,1.4811683550940806,-0.9340111862740326,-1.075384950427524
10.0,238.0,1000.023193359375,-4.244100196034012,-2.9525379754781165,-1.9640574039728385,0.6894270908543776,-1.301775088533593,4.827181083373285,-0.5186077675760039,1.481168166042961,-0.9340123282958634,-1.075384614504765
10.0,238.0,1000.0233154296876,-4.244099981627582,-2.9525388321987456,-1.964057454119364,0.6894276269760944,-1.3017738112339303,4.82718005961468,-0.5186077946335681,1.4811680886071157,-0.9340130005381644,-1.075384376637332
10.0,238.0,1000.0233154296876,-4.244099875859828,-2.9525391176811806,-1.964057521913518,0.6894277728364795,-1.30177349612066,4.827179691523357,-0.5186077873291763,1.4811679944310727,-0.9340131684788942,-1.0753843809824124
10.0,238.0,1000.0232543945312,-4.244100254497613,-2.952537814973337,-1.9640573604562608,0.6894270108357956,-1.3017752744640996,4.827181284634497,-0.5186077674242044,1.4811682100393302,-0.9340122448094528,-1.0753846211576548
10.0,238.0,1000.0232543945312,-4.244100272625103,-2.952537748229493,-1.964057404782383,0.6894269313727444,-1.3017754769305272,4.82718134873903,-0.5186077585159463,1.4811681775546113,-0.9340121433988032,-1.0753846873524422
10.0,238.0,1000.0232543945312,-4.244100147352568,-2.952538094209667,-1.9640574566390607,0.6894271273894335,-1.3017749691032976,4.827180929198098,-0.5186077620425049,1.481168101553104,-0.9340123839483834,-1.075384628683235
10.0,238.0,1000.023193359375,-4.24410017026548,-2.952537995943432,-1.9640574059855247,0.6894271000065118,-1.301775052765184,4.827181051240789,-0.5186077788308205,1.481168157058221,-0.93401236168304,-1.0753846064222854
10.0,238.0,1000.0233154296876,-4.244100460914613,-2.952537101854409,-1.9640573493693567,0.6894265315402937,-1.3017764246781791,4.82718215224012,-0.5186077313138995,1.4811682507689703,-0.9340116509672658,-1.0753848316240315
10.0,238.0,1000.0234375,-4.244100471150002,-2.95253677944386,-1.9640573738155969,0.6894262983579713,-1.301776947161755,4.827182543768476,-0.5186077151080593,1.4811681940868162,-0.9340113540079962,-1.0753849961192024
10.0,238.0,1000.0233154296876,-4.24410039850935,-2.952537101317761,-1.9640574082138944,0.6894264982117075,-1.301776479656585,4.827182141381915,-0.5186077226410637,1.481168176390458,-0.934011598312444,-1.0753848946655369
10.0,238.0,1000.0233154296876,-4.244100556035457,-2.9525366813310057,-1.9640572925101445,0.6894263030182248,-1.3017769437328104,4.827182654759746,-0.5186077403865852,1.481168342446213,-0.9340113728501906,-1.07538488772762
10.0,238.0,1000.0233764648438,-4.244100300881419,-2.952537501239378,-1.964057408167446,0.689426774229994,-1.3017758443603809,4.827181653719164,-0.5186077436976948,1.4811681708769662,-0.9340119261251658,-1.0753847843939912
10.0,238.0,1000.023193359375,-4.244100035210236,-2.9525384025024883,-1.9640574863009093,0.6894273334786583,-1.3017745211374092,4.8271805549265245,-0.5186077753573564,1.4811680650162993,-0.9340126071651972,-1.0753845777667688
10.0,238.0,1000.0234375,-4.244100203262264,-2.9525379510191274,-1.964057421307754,0.6894270626261445,-1.3017751652743987,4.827181109070597,-0.5186077583712825,1.4811681382696058,-0.9340122895525916,-1.0753846413250685
10.0,238.0,1000.0232543945312,-4.24410014717614,-2.9525380961542185,-1.9640574145595704,0.6894271778449301,-1.30177489054166,4.827180919658915,-0.5186077814192611,1.4811681719267469,-0.9340124259837,-1.0753845868764134
10.0,238.0,1000.0232543945312,-4.244099980237707,-2.952538709972797,-1.9640574993933744,0.6894275102594793,-1.30177412998763,4.827180193150372,-0.5186077850836295,1.4811680297688443,-0.9340128311603788,-1.0753845040910064
10.0,238.0,1000.0232543945312,-4.244100241237702,-2.9525377640592985,-1.9640574107212856,0.6894269620009563,-1.3017754186728432,4.827181325198165,-0.5186077458957028,1.4811681746323648,-0.9340121431134704,-1.0753846903021276
10.0,238.0,1000.0232543945312,-4.244100118984635,-2.952538240771001,-1.964057465342993,0.6894272374095722,-1.301774774127428,4.827180747849946,-0.5186077599631478,1.4811680821457198,-0.9340124938152892,-1.0753845959163524
10.0,238.0,1000.023193359375,-4.24410014076293,-2.952538169049489,-1.9640574209200088,0.6894272021567502,-1.3017748257805115,4.8271808647345456,-0.5186077660263297,1.4811681275302435,-0.934012463444426,-1.0753845835778058
10.0,238.0,1000.0233764648438,-4.244100313727928,-2.9525375277915646,-1.9640574016305976,0.689426797396548,-1.301775796375955,4.827181628691132,-0.5186077337602493,1.481168175846971,-0.934011946646626,-1.0753847609649263
10.0,238.0,1000.0232543945312,-4.244099946489184,-2.9525389373664086,-1.9640574718031607,0.6894276872486396,-1.3017736933445905,4.827179917129463,-0.5186078006155048,1.4811680593280698,-0.9340130778078136,-1.0753843684974589
10.0,238.0,1000.0234375,-4.244100574625619,-2.9525366973958023,-1.964057308646356,0.6894262953655081,-1.301776999572592,4.827182638760629,-0.5186077217576832,1.4811683256246084,-0.9340113493050576,-1.0753849151642116
10.0,238.0,1000.0232543945312,-4.244100258198268,-2.952537714334189,-1.9640574061169551,0.6894269401813338,-1.30177546911837,4.827181389682298,-0.5186077492076393,1.481168192856391,-0.9340121192690862,-1.0753846835756375
10.0,238.0,1000.023193359375,-4.244100159916952,-2.9525381390689285,-1.9640574310374743,0.6894271787994306,-1.301774903471876,4.827180884154689,-0.5186077567121359,1.4811681139752366,-0.9340124380876196,-1.0753846139110743
10.0,238.0,1000.023193359375,-4.244100041717477,-2.9525384754765542,-1.9640574825986468,0.6894273611704902,-1.3017744552045576,4.827180468679549,-0.518607769192962,1.4811680412386288,-0.9340126660474456,-1.075384567718285
10.0,238.0,1000.0233154296876,-4.244099879021462,-2.952539307590837,-1.9640574709926235,0.6894279367766103,-1.3017730831865038,4.827179468680747,-0.5186078101990024,1.4811680709039037,-0.9340133802684908,-1.0753842389956203
10.0,238.0,1000.023193359375,-4.244100135779862,-2.952538157278535,-1.9640574270715905,0.6894272024212267,-1.301774828219279,4.82718085018722,-0.5186077768398931,1.4811681350521797,-0.934012475043227,-1.0753845774060615
10.0,238.0,1000.0232543945312,-4.244100290738481,-2.952537409371704,-1.964057424488682,0.6894266899636889,-1.3017760295881915,4.827181771297468,-0.518607743863754,1.4811681428451848,-0.934011833428018,-1.0753848406630877
10.0,238.0,1000.0234375,-4.244100341869459,-2.95253748729075,-1.964057382860928,0.6894267966758321,-1.3017758348396251,4.827181666612757,-0.5186077363780575,1.4811682067806355,-0.9340119290729598,-1.0753847596897046
10.0,238.0,1000.0232543945312,-4.244099556678439,-2.9525404966960083,-1.9640575563805085,0.6894286763000572,-1.301771353179673,4.827178031293869,-0.518607844375401,1.4811679358588616,-0.9340142914736428,-1.0753839469159887
10.0,238.0,1000.0232543945312,-4.244099900233341,-2.952539032246315,-1.964057511213064,0.6894277176136052,-1.3017736106424378,4.827179816031199,-0.5186077873567454,1.481168001015556,-0.934013099316278,-1.0753844000539647
10.0,238.0,1000.0233154296876,-4.244100450529303,-2.952537018540617,-1.9640573470660128,0.6894265068180978,-1.3017764637923477,4.827182226913521,-0.5186077357136734,1.4811682757229692,-0.9340115958255,-1.075384851696326
10.0,238.0,1000.0232543945312,-4.244100124600135,-2.952538240401372,-1.9640573958171448,0.6894272798938861,-1.3017746508926695,4.827180755599494,-0.5186077888028837,1.481168171636483,-0.9340125702459448,-1.075384522697771
10.0,238.0,1000.023193359375,-4.24410021978948,-2.9525377619277187,-1.964057447219247,0.689426928472936,-1.301775478597459,4.827181330657872,-0.5186077491621468,1.4811681281082496,-0.9340121045613357,-1.0753847351493686
10.0,238.0,1000.023193359375,-4.244100110587693,-2.9525382823374984,-1.9640574421541257,0.6894272765405933,-1.3017746604401077,4.827180706019687,-0.5186077647271352,1.4811681237400096,-0.934012546885926,-1.075384550719536
10.0,238.0,1000.0232543945312,-4.244099851211442,-2.9525392223216,-1.964057466821152,0.6894278687021416,-1.3017732197709786,4.827179577085863,-0.518607823464718,1.4811680613173728,-0.9340133201122852,-1.0753842703169054
10.0,238.0,1000.0233764648438,-4.244099878188184,-2.952539073544014,-1.964057511589981,0.6894277525587373,-1.3017735203866063,4.827179737464013,-0.5186078015307132,1.4811680133179603,-0.9340131572444524,-1.0753843869753863
10.0,238.0,1000.0232543945312,-4.244099904870269,-2.952538990335808,-1.9640575014801744,0.6894276968714124,-1.3017736394521373,4.82717984211272,-0.5186078021470957,1.4811680246583157,-0.934013098132878,-1.0753843826234135
10.0,238.0,1000.0232543945312,-4.244099794682192,-2.952539515934208,-1.964057513051052,0.6894280345224377,-1.3017728308057674,4.827179218995454,-0.5186078094433455,1.481167998989318,-0.9340135095876024,-1.0753842261268982
10.0,238.0,1000.0232543945312,-4.244099659701842,-2.952539905571536,-1.9640575857223168,0.6894282554663089,-1.3017723866212707,4.8271787563796735,-0.5186078008370307,1.4811678773534975,-0.9340137397389948,-1.075384225634228
10.0,238.0,1000.0232543945312,-4.244100157855868,-2.9525381207140584,-1.964057441998059,0.6894271553699651,-1.3017749733754052,4.827180914642522,-0.5186077602901831,1.481168093296131,-0.9340124047072722,-1.075384631003267
10.0,238.0,1000.0232543945312,-4.24410017397775,-2.9525380957931984,-1.9640574095788248,0.6894271610274574,-1.3017749176762328,4.827180957220326,-0.5186077709004593,1.481168169569265,-0.9340124096731904,-1.0753845770503665
10.0,238.0,1000.0233764648438,-4.244100212054242,-2.952537913121403,-1.9640574440164629,0.6894270311087833,-1.301775293684659,4.827181163313689,-0.5186077357476417,1.4811681122105569,-0.9340122143383968,-1.0753847047461118
10.0,238.0,1000.023193359375,-4.244100110542447,-2.952538397920088,-1.964057410667135,0.6894273525412311,-1.3017744482011082,4.827180582252167,-0.5186077916465575,1.4811681551300175,-0.9340126760606368,-1.075384474906667
10.0,238.0,1000.0232543945312,-4.244100132490536,-2.952538262841806,-1.9640574064580416,0.6894272702931223,-1.3017746254588944,4.827180723358467,-0.518607798169004,1.4811681573947926,-0.934012599819555,-1.075384511286905
10.0,238.0,1000.0232543945312,-4.244100005993294,-2.952538659517484,-1.964057498202876,0.6894274900161266,-1.3017741736016282,4.8271802566371385,-0.5186077650559895,1.4811680292363647,-0.9340128006922156,-1.075384520719103
10.0,238.0,1000.0233764648438,-4.244099912630944,-2.9525390602710058,-1.9640574884426103,0.6894277405183571,-1.3017735074383232,4.827179767409346,-0.5186078028529053,1.481168033558797,-0.9340131576761604,-1.0753843515432575
10.0,238.0,1000.023193359375,-4.24410051290965,-2.952536790129725,-1.964057356452626,0.6894263459683989,-1.3017768767999072,4.827182514444653,-0.518607715478943,1.481168263295487,-0.9340113871152926,-1.0753849339939334
10.0,238.0,1000.0233764648438,-4.244099899533831,-2.952539053945819,-1.964057516999304,0.68942773554316,-1.301773574933636,4.827179782252486,-0.5186077816760974,1.4811679946753689,-0.9340130997814864,-1.075384416325088
10.0,239.0,1000.023193359375,-4.244100482841253,-2.952536928654354,-1.964057348502107,0.6894264324969646,-1.3017766556658756,4.8271823493511885,-0.5186077354001206,1.4811682663743273,-0.9340115063034018,-1.0753848893789826
10.0,239.0,1000.0232543945312,-4.244099913730241,-2.95253888470701,-1.964057504928132,0.6894276421752945,-1.3017737744403397,4.82717996354188,-0.5186077873516552,1.4811680275608827,-0.9340130053084624,-1.0753844261128434
10.0,239.0,1000.0233764648438,-4.244100115121584,-2.9525383562360643,-1.9640574383288776,0.6894273138667506,-1.301774569940756,4.827180615792393,-0.5186077795006474,1.4811681124702334,-0.9340126167900022,-1.0753845354804574
10.0,239.0,1000.0233764648438,-4.244099995314511,-2.9525387518575377,-1.9640574412869327,0.6894275848886018,-1.3017739257278669,4.827180160836571,-0.5186077935991982,1.4811681004283193,-0.9340129332230802,-1.0753844126472298
10.0,239.0,1000.0232543945312,-4.2441002961767165,-2.95253762119399,-1.9640574086788056,0.6894268717211638,-1.3017756772252498,4.827181508173435,-0.5186077360058619,1.4811681765428035,-0.9340120142970952,-1.0753847415827544
10.0,239.0,1000.023193359375,-4.244100147942374,-2.9525381538012154,-1.9640574540518625,0.6894271783041228,-1.3017749378775818,4.827180875592145,-0.5186077454950881,1.48116808171401,-0.9340124099060034,-1.0753846394282962
10.0,239.0,1000.0233764648438,-4.244100190811965,-2.952537932988152,-1.964057445028058,0.6894270373548386,-1.301775255948952,4.827181143397199,-0.5186077423825193,1.4811681016225702,-0.9340122299864362,-1.075384704116618
10.0,239.0,1000.023193359375,-4.244100131118555,-2.952538218494768,-1.964057434465944,0.6894272300940827,-1.3017747877792858,4.827180792120455,-0.5186077680289403,1.4811681136725523,-0.9340125029793516,-1.0753845846206058
10.0,239.0,1000.023193359375,-4.244100430201781,-2.952536993470441,-1.964057382825684,0.6894264546317563,-1.301776579468469,4.827182269233688,-0.5186077233649256,1.4811682173629803,-0.9340115251867588,-1.075384912858199
10.0,239.0,1000.0233154296876,-4.244100118972064,-2.9525382910320266,-1.9640574471784424,0.6894272715895644,-1.3017746555966865,4.827180688314202,-0.5186077690781241,1.48116811001739,-0.9340125433376132,-1.0753845590962312
10.0,239.0,1000.0232543945312,-4.244100300813107,-2.95253760186644,-1.964057378894157,0.689426866771714,-1.3017755997592193,4.82718154835996,-0.5186077571723482,1.4811682311093506,-0.9340120366621312,-1.0753846945881935
10.0,239.0,1000.0233154296876,-4.244099764416504,-2.952539542011183,-1.9640575106956328,0.6894280681754017,-1.3017727509166406,4.82717917648211,-0.518607820654621,1.4811680042176247,-0.9340135480275328,-1.075384219161824
10.0,239.0,1000.0232543945312,-4.2441001738333135,-2.952538040560848,-1.964057449249876,0.6894271048798757,-1.3017750959604184,4.827180989539652,-0.5186077610756659,1.4811681048902514,-0.9340123516512112,-1.0753846440642485
10.0,239.0,1000.0233764648438,-4.244099926558237,-2.952539049750574,-1.964057481208885,0.6894277456749585,-1.3017735601574354,4.827179791554887,-0.5186077934134019,1.4811680373811056,-0.9340131430141748,-1.0753843649960615
10.0,239.0,1000.0232543945312,-4.244099811975359,-2.9525393275730734,-1.964057513261781,0.6894279144406399,-1.3017731605914435,4.827179440638467,-0.5186078065706097,1.481167991478502,-0.934013353627222,-1.0753843225934083
10.0,239.0,1000.0234375,-4.244099872594057,-2.9525390882649214,-1.96405748925687,0.689427784941282,-1.3017734451820129,4.82717971980968,-0.518607813347562,1.4811680345163012,-0.934013193364919,-1.0753843477582703
10.0,239.0,1000.0233764648438,-4.244099897125455,-2.952539016311781,-1.9640574956822991,0.6894277255188488,-1.3017735755815982,4.827179816404513,-0.5186078010506359,1.4811680299868666,-0.9340131149187608,-1.0753843820966045
10.0,239.0,1000.0232543945312,-4.244099740630191,-2.95253970631686,-1.964057527510779,0.689428160976008,-1.3017725178167856,4.827178992226713,-0.5186078158707046,1.481167975032137,-0.934013660839124,-1.0753841789711815
10.0,239.0,1000.0232543945312,-4.244099903018888,-2.952539172305289,-1.9640574867586105,0.6894278563127711,-1.3017733533895677,4.827179622157711,-0.5186077894103089,1.4811680320953826,-0.9340132467695232,-1.0753843352863752
10.0,239.0,1000.0233154296876,-4.24410036210764,-2.952537333587207,-1.9640573710278275,0.6894266835962224,-1.301776081889971,4.827181871329909,-0.518607737070572,1.4811681975613062,-0.9340118030180696,-1.0753848230954706
10.0,239.0,1000.023193359375,-4.244099684409223,-2.9525398000539886,-1.964057533312496,0.6894282187531591,-1.3017724517373122,4.827178877878696,-0.5186078236633005,1.481167950645581,-0.9340137247319672,-1.0753841885071551
10.0,239.0,1000.023193359375,-4.244100146023628,-2.952538081133315,-1.9640574410360347,0.6894271360103748,-1.3017749928905742,4.827180953535068,-0.51860776244596,1.4811681076297545,-0.9340123667065008,-1.07538464187449
10.0,239.0,1000.023193359375,-4.244100138261605,-2.952538108616769,-1.9640574361530967,0.689427181350915,-1.3017749098436178,4.827180919750754,-0.518607759607427,1.481168132024492,-0.9340123956868034,-1.0753846236572868
10.0,239.0,1000.0233154296876,-4.244100268142697,-2.952537685299284,-1.9640574044846624,0.6894268944926285,-1.301775569510759,4.827181427051338,-0.5186077513827474,1.4811681683341753,-0.9340120897593476,-1.0753847262194012
10.0,239.0,1000.0233154296876,-4.244100285689939,-2.9525376468285205,-1.9640573839561992,0.6894268953532654,-1.30177556983507,4.827181486548859,-0.5186077522648223,1.4811682021002015,-0.9340120586607368,-1.0753847039039592
10.0,239.0,1000.0234375,-4.2441003328315,-2.95253749296014,-1.96405736841078,0.6894267850832172,-1.3017757822544338,4.8271816722921095,-0.5186077576822132,1.481168235377882,-0.9340119653889092,-1.0753847136883137
10.0,239.0,1000.0233154296876,-4.244099806763363,-2.9525393969476723,-1.9640575194855607,0.6894279595354984,-1.3017730590969063,4.827179369934804,-0.5186077985365163,1.4811679617913125,-0.9340133951998366,-1.07538430902477
10.0,239.0,1000.0233154296876,-4.244100006545448,-2.952538675155287,-1.964057460536848,0.6894275362745885,-1.3017741131427507,4.827180244444488,-0.5186077700534577,1.4811680693347204,-0.934012841894666,-1.0753844808086177
10.0,239.0,1000.0232543945312,-4.244100764920023,-2.952535897931688,-1.9640572890306625,0.6894257874501086,-1.301778169343354,4.8271836010183815,-0.5186076911476336,1.4811683666786235,-0.9340107041382036,-1.0753851450677598
10.0,239.0,1000.0233764648438,-4.244099448548285,-2.952540661785166,-1.964057605186161,0.6894287793607106,-1.3017711377156878,4.827177804578904,-0.5186078465181261,1.4811678688093268,-0.93401438870497,-1.075383973935419
10.0,239.0,1000.0232543945312,-4.244100473640458,-2.952536979657983,-1.964057378738799,0.6894264590215515,-1.3017766361411636,4.827182277808289,-0.5186077031975671,1.4811682215874349,-0.9340115080805234,-1.07538492257575
10.0,239.0,1000.0233764648438,-4.244100014370433,-2.9525386805383933,-1.964057466894269,0.6894275082503363,-1.3017740763879029,4.827180227225945,-0.5186077892143057,1.4811680726321814,-0.934012861496888,-1.075384454729143
10.0,239.0,1000.0234375,-4.244100091140759,-2.952538352379458,-1.964057443789217,0.6894273067862908,-1.3017746089628273,4.827180634053253,-0.5186077709074279,1.4811680873892916,-0.9340125950958384,-1.075384567394286
10.0,239.0,1000.0233154296876,-4.244100350600054,-2.9525372667886067,-1.964057405058619,0.6894265978197414,-1.3017762386762932,4.827181947783584,-0.518607743549901,1.4811681491395277,-0.9340117372905948,-1.075384873354638
10.0,239.0,1000.0232543945312,-4.244100269029062,-2.952537732091628,-1.9640574115010807,0.6894269297673237,-1.301775502194361,4.82718137967705,-0.518607749083122,1.4811681701946888,-0.9340121092217064,-1.075384705657445
10.0,239.0,1000.0232543945312,-4.24410035202415,-2.952537365129761,-1.9640573700952888,0.6894267103800367,-1.3017760076124607,4.827181833027581,-0.5186077410486707,1.4811682181498649,-0.9340118433383502,-1.0753847866699235
10.0,239.0,1000.023193359375,-4.244100125208372,-2.952538260687976,-1.964057462980977,0.6894272658416076,-1.3017747236004809,4.827180728499878,-0.5186077415476102,1.481168093784337,-0.934012490731276,-1.0753846076121
10.0,239.0,1000.0232543945312,-4.244099756860574,-2.95253953420364,-1.9640575358236352,0.6894280411642653,-1.3017728732855014,4.8271791963253,-0.5186078047754501,1.481167954591191,-0.934013492007594,-1.0753842810722865
10.0,239.0,1000.0233764648438,-4.244100305828312,-2.9525375086003045,-1.964057375427665,0.6894267912159737,-1.301775785840686,4.827181644668171,-0.5186077656136057,1.4811682068949177,-0.934011988055092,-1.0753847324629922
10.0,239.0,1000.0233154296876,-4.244100270540095,-2.9525376177161444,-1.964057417086916,0.689426855563533,-1.301775671547981,4.827181504722883,-0.5186077443313568,1.481168166780927,-0.9340120194656842,-1.0753847490795057
10.0,239.0,1000.0233764648438,-4.244100345208011,-2.952537380060575,-1.9640574029737488,0.6894266936378308,-1.3017760264764595,4.827181807408925,-0.5186077360595576,1.4811681802478385,-0.9340118305434792,-1.075384808876751
10.0,239.0,1000.0232543945312,-4.244099939086525,-2.952538895450666,-1.9640574922011904,0.6894276339488972,-1.301773785878085,4.827179955519059,-0.5186077907681872,1.4811680174796171,-0.9340130231678172,-1.075384432290882
10.0,239.0,1000.023193359375,-4.244100049879565,-2.952538554722531,-1.9640574374251545,0.6894274400917837,-1.3017742174165798,4.827180376737875,-0.518607790310071,1.481168111994549,-0.9340127940151276,-1.075384456713734
10.0,239.0,1000.0233154296876,-4.244100303341607,-2.952537590150001,-1.9640573544344424,0.6894268722929322,-1.301775607671062,4.827181545852872,-0.5186077644288849,1.4811682390569132,-0.9340120708765084,-1.0753846720313924
10.0,239.0,1000.023193359375,-4.244099712913768,-2.952539691994641,-1.964057554614536,0.689428128646556,-1.3017726094838131,4.827178999289121,-0.5186078120491073,1.4811679269341962,-0.9340136237374788,-1.0753842267181724
10.0,239.0,1000.0233764648438,-4.244099939366582,-2.952539043387033,-1.964057470490228,0.689427755246891,-1.3017734983345577,4.827179790835444,-0.518607796549202,1.481168071054194,-0.9340131576000612,-1.0753843265732552
10.0,239.0,1000.023193359375,-4.244100210061919,-2.9525378624211167,-1.9640574151400163,0.6894270455198939,-1.3017752629491044,4.827181208243276,-0.5186077439525629,1.4811681676496322,-0.9340122215690858,-1.075384669081863
10.0,239.0,1000.0232543945312,-4.244099970846094,-2.952538794385052,-1.9640574694594988,0.6894275984703189,-1.301773892998746,4.827180098046332,-0.518607784934594,1.4811680617360494,-0.9340129408024191,-1.0753844262571577
10.0,239.0,1000.0232543945312,-4.244100473245258,-2.9525369618907886,-1.964057349484432,0.6894264702573434,-1.30177663251605,4.827182315615792,-0.518607715618451,1.4811682515558608,-0.9340115207587614,-1.0753848958521877
10.0,239.0,1000.023193359375,-4.244100155858343,-2.952538172586504,-1.964057433838029,0.6894272084335364,-1.301774863066747,4.827180852850084,-0.5186077577003454,1.4811681133592236,-0.9340124493326432,-1.075384606117825
10.0,240.0,1000.023193359375,-4.244099719448229,-2.9525397103431947,-1.964057525190668,0.6894281638534583,-1.3017725769452375,4.827178986860698,-0.5186078262109692,1.4811679644235891,-0.9340136604462188,-1.0753841995195712
10.0,240.0,1000.0232543945312,-4.244100470435112,-2.952536932588101,-1.9640573744809453,0.6894264373282031,-1.3017766802106516,4.827182344848529,-0.5186077069965487,1.4811682423413055,-0.9340114693547116,-1.07538492514796
10.0,240.0,1000.0233764648438,-4.244099877280531,-2.9525390868749595,-1.9640575012105896,0.6894277943892941,-1.30177348890617,4.827179718215968,-0.5186077889541512,1.4811680153164328,-0.9340131664308612,-1.075384378198201
10.0,240.0,1000.0232543945312,-4.244099812328226,-2.9525394378469194,-1.9640575131894,0.689428000928908,-1.3017729610432465,4.827179303160891,-0.5186078013356381,1.4811679938610842,-0.9340134457721464,-1.0753842784055392
10.0,240.0,1000.0233154296876,-4.244099780061925,-2.952539372912621,-1.964057525649554,0.6894279475212972,-1.3017730682266997,4.827179378620059,-0.5186078063775312,1.4811679656854482,-0.934013386229581,-1.075384313730015
10.0,240.0,1000.0232543945312,-4.244099945753939,-2.95253895779485,-1.9640574872728056,0.6894276970135991,-1.3017737084837449,4.8271798990181765,-0.5186077825496396,1.4811680404641263,-0.934013047751086,-1.0753844110060315
10.0,240.0,1000.0232543945312,-4.24409997683512,-2.9525387707223185,-1.964057456341633,0.6894275920273243,-1.301773901068808,4.8271801230898,-0.5186077928199486,1.481168091036463,-0.9340129305422248,-1.0753844245503408
10.0,240.0,1000.0233154296876,-4.24410045624441,-2.952537029502884,-1.964057339468221,0.6894265116406242,-1.3017764809852816,4.827182237139175,-0.5186077319895421,1.48116827017183,-0.9340115961624038,-1.0753848517454023
10.0,240.0,1000.0234375,-4.244100200487361,-2.9525379594307704,-1.964057431539357,0.6894270466003105,-1.30177520839087,4.8271811131749445,-0.5186077557557542,1.4811681120539646,-0.9340122748204492,-1.0753846703030878
10.0,240.0,1000.0233764648438,-4.244100376447117,-2.95253736969692,-1.964057395903612,0.6894267037563999,-1.3017760834965757,4.827181808428152,-0.5186077239349798,1.4811681892665218,-0.9340118107355284,-1.0753848213536972
10.0,240.0,1000.023193359375,-4.244100010701414,-2.9525385292990567,-1.964057466723225,0.6894274195975978,-1.3017743293945565,4.8271804172964,-0.5186077830049385,1.481168058207972,-0.9340127250307884,-1.075384528240063
10.0,240.0,1000.0233154296876,-4.244100390040688,-2.952537252762939,-1.9640573857536872,0.6894266062273626,-1.30177622518038,4.827181970174619,-0.5186077294749412,1.4811681989090095,-0.9340117281213908,-1.075384831003769
10.0,240.0,1000.0232543945312,-4.244100114547681,-2.952538266569727,-1.9640574634279029,0.6894272419730783,-1.30177474959571,4.827180728725477,-0.5186077646279443,1.4811680869862007,-0.9340125082486574,-1.0753845899387486
10.0,240.0,1000.0234375,-4.244100292572364,-2.952537529817157,-1.964057382733909,0.6894268161603181,-1.301775747796627,4.827181622544632,-0.5186077564237754,1.481168212790747,-0.9340119807498412,-1.075384732771662
10.0,240.0,1000.023193359375,-4.244100259125495,-2.952537769783633,-1.964057390204484,0.6894269783538736,-1.3017754124862897,4.827181339332057,-0.518607747268117,1.4811681901799432,-0.9340121532599124,-1.0753846832036729
10.0,240.0,1000.0233764648438,-4.244099565847391,-2.9525402276137447,-1.9640575652760413,0.6894284903055166,-1.301771778107108,4.8271783516500975,-0.5186078330855697,1.4811679031132314,-0.9340140560708408,-1.075384080218269
10.0,240.0,1000.0233764648438,-4.244099999368874,-2.9525387354386674,-1.964057477313588,0.6894275607551981,-1.301773994186016,4.827180159800097,-0.5186077786869738,1.4811680691040596,-0.9340128726376848,-1.0753844576140787
10.0,240.0,1000.023193359375,-4.244099930908796,-2.95253888681417,-1.9640574845094445,0.6894276505303338,-1.3017737903662248,4.827179971581122,-0.5186077937699345,1.48116803739717,-0.934013008404083,-1.0753844364734952
10.0,240.0,1000.023193359375,-4.244099719462154,-2.952539670672269,-1.964057550023224,0.689428128475118,-1.3017726725323744,4.827179033765599,-0.5186078037766082,1.4811679319412967,-0.934013592690074,-1.0753842681046368
10.0,240.0,1000.0234375,-4.244100197785366,-2.95253791934776,-1.9640574277030776,0.6894270375469471,-1.3017752053248488,4.8271811457259055,-0.5186077599196794,1.4811681405603947,-0.934012264798776,-1.0753846576079278
10.0,240.0,1000.0232543945312,-4.2441001443268345,-2.952538240558485,-1.964057422562204,0.6894272868270681,-1.301774711869883,4.827180760601936,-0.5186077564392324,1.4811681377799326,-0.9340125261776652,-1.07538456428178
10.0,240.0,1000.0232543945312,-4.24410011493439,-2.9525382762094177,-1.964057463268144,0.6894272558382202,-1.301774747759033,4.827180720122254,-0.5186077541157328,1.481168074860248,-0.9340125092645586,-1.0753846083571772
10.0,240.0,1000.023193359375,-4.244099939921018,-2.952538886652529,-1.964057500792053,0.689427629653629,-1.3017738497964784,4.827179994652788,-0.5186077771874045,1.4811680036102697,-0.9340129700933746,-1.075384460790417
10.0,240.0,1000.0232543945312,-4.244100170578093,-2.952538044058461,-1.9640574461454323,0.6894271347347463,-1.301775052325266,4.827180998920696,-0.5186077417639288,1.4811681066411095,-0.9340123361790208,-1.0753846580964104
10.0,240.0,1000.0234375,-4.244100219467478,-2.952537940286068,-1.964057429424618,0.6894270577034876,-1.3017752178545718,4.82718113635018,-0.5186077432429963,1.481168135687171,-0.9340122532199624,-1.0753846572942916
10.0,240.0,1000.0233764648438,-4.244099888567187,-2.9525390585541937,-1.964057500684844,0.6894277414793368,-1.3017735524785468,4.827179782602375,-0.5186077964437503,1.4811680152106153,-0.9340131247582296,-1.0753843871000832
10.0,240.0,1000.0233154296876,-4.2440998611420575,-2.952539209544746,-1.9640575091825685,0.6894278546733688,-1.3017733290212838,4.827179583580023,-0.5186077938112428,1.4811680080721086,-0.9340132483571412,-1.0753843546881918
10.0,240.0,1000.0232543945312,-4.244100501839518,-2.952536839160275,-1.9640573532576016,0.6894263728837569,-1.3017768189683263,4.827182470120611,-0.5186077146741797,1.4811682575541418,-0.9340114110246364,-1.0753849367328965
10.0,240.0,1000.023193359375,-4.244100504733051,-2.952536871800276,-1.9640573338683125,0.6894264155304866,-1.3017767046195567,4.827182423469429,-0.5186077281967076,1.481168295958617,-0.934011466376682,-1.075384888172218
10.0,240.0,1000.023193359375,-4.244100194566759,-2.9525379860411607,-1.9640574368316672,0.6894270616913154,-1.301775148474427,4.827181069786306,-0.5186077516162433,1.4811681115473585,-0.9340123077592491,-1.075384653218634
10.0,240.0,1000.0232543945312,-4.244099822382154,-2.9525393377799665,-1.9640574916248568,0.6894279562530512,-1.3017730664086469,4.827179427707689,-0.5186078085394037,1.4811680258919253,-0.9340133820997768,-1.0753842842972938
10.0,240.0,1000.023193359375,-4.244099992635477,-2.952538612011568,-1.964057480384736,0.6894274819091688,-1.3017741911838328,4.827180295921599,-0.5186077739287249,1.481168056971404,-0.93401279467498,-1.075384496449845
10.0,240.0,1000.0232543945312,-4.2441002002932535,-2.952537875848272,-1.9640574126305848,0.6894270356136829,-1.30177526757409,4.827181208623802,-0.5186077572263557,1.4811681429780794,-0.9340122284810768,-1.0753846895467791
10.0,240.0,1000.0233764648438,-4.244099881087497,-2.9525390397409192,-1.9640575158675149,0.689427746008886,-1.3017735939858863,4.827179777395246,-0.5186077817295018,1.4811679966251905,-0.9340131100935825,-1.0753844179094596
10.0,240.0,1000.0234375,-4.244100080918506,-2.952538351921178,-1.9640574555668489,0.6894273104178907,-1.301774590829007,4.827180631061076,-0.5186077689010897,1.4811680826863751,-0.9340125868675928,-1.0753845680202283
10.0,240.0,1000.0232543945312,-4.244099827905601,-2.952539359877669,-1.9640575129706088,0.6894279450820973,-1.30177311658899,4.827179407139253,-0.518607797465755,1.4811679847280432,-0.934013375582424,-1.075384306122278
10.0,240.0,1000.0233764648438,-4.244099783168563,-2.952539533618223,-1.9640575350610647,0.6894280692908836,-1.3017728059795282,4.827179187463701,-0.5186077993972846,1.4811679865358744,-0.9340134857916932,-1.0753842555404365
10.0,240.0,1000.0234375,-4.244100550130303,-2.952536736567207,-1.9640573251163995,0.6894263230668258,-1.3017769192755635,4.827182584506803,-0.5186077175965274,1.4811683122307535,-0.9340113630838172,-1.0753849175440533
10.0,240.0,1000.0233764648438,-4.244099919700958,-2.952539000476209,-1.964057483797624,0.6894277349639397,-1.3017735943696152,4.827179824231116,-0.5186077984152551,1.4811680514296637,-0.934013118028675,-1.0753843664310478
10.0,240.0,1000.0233154296876,-4.244100296822476,-2.952537618725529,-1.9640574172088303,0.6894268358247411,-1.3017756992490952,4.8271815113510055,-0.5186077426057878,1.4811681452447931,-0.9340120171083665,-1.0753847531887608
10.0,240.0,1000.0234375,-4.244099883102117,-2.952539110368069,-1.9640575191772025,0.6894277962801034,-1.3017734879330405,4.827179699191333,-0.5186077761782935,1.4811679975102443,-0.9340131536589952,-1.0753843902014095
10.0,240.0,1000.0233154296876,-4.24410039170278,-2.952537306134277,-1.9640573791833755,0.6894266757503784,-1.3017761309432712,4.827181899212942,-0.518607720210122,1.4811682152201708,-0.9340117750547324,-1.0753848153628582
10.0,240.0,1000.0232543945312,-4.244099688915709,-2.952539835276665,-1.9640575506787608,0.6894282296572243,-1.3017724076219892,4.827178835084805,-0.5186078151957876,1.481167923939327,-0.9340137337120566,-1.075384196166846
10.0,240.0,1000.0233154296876,-4.244099766126472,-2.952539465876809,-1.9640575397022888,0.6894279890227093,-1.3017729570715386,4.827179278194736,-0.5186078066219748,1.481167959169058,-0.934013436936798,-1.075384303177664
10.0,240.0,1000.0233154296876,-4.244100289469756,-2.952537640713844,-1.9640574138154736,0.6894268624374256,-1.3017756706663386,4.827181496060556,-0.5186077292558817,1.481168148163256,-0.9340120187420018,-1.0753847524538689
10.0,240.0,1000.0232543945312,-4.244099837589079,-2.952539344651095,-1.9640574892862568,0.6894279519331175,-1.3017730934430412,4.827179430880088,-0.5186078015841034,1.4811680259934912,-0.9340133809648634,-1.0753842795967987
10.0,240.0,1000.023193359375,-4.244100042753783,-2.952538530638208,-1.9640574802521835,0.6894274227083841,-1.3017743874781322,4.82718041350932,-0.5186077585205178,1.4811680404053496,-0.9340126994059964,-1.0753845538235351
10.0,240.0,1000.023193359375,-4.244100210759365,-2.9525379802118903,-1.964057422967464,0.6894270842161587,-1.3017751384944505,4.827181092173769,-0.5186077521138737,1.4811681387487932,-0.9340122967366185,-1.0753846464434318
10.0,240.0,1000.023193359375,-4.24409972370327,-2.9525396744553243,-1.9640575502201547,0.6894281167118859,-1.301772666195156,4.827179035770232,-0.5186078070464673,1.4811679360554342,-0.9340135832864104,-1.075384251516296
10.0,240.0,1000.0234375,-4.244099886725294,-2.9525390724363785,-1.964057489623361,0.6894277758175162,-1.301773520331086,4.827179755947306,-0.5186077948731258,1.48116802985549,-0.9340131512731986,-1.0753843740441569
10.0,241.0,1000.023193359375,-4.24409983666598,-2.9525392606240843,-1.9640575156826048,0.6894278763257855,-1.3017732693002753,4.827179525107399,-0.5186077960488946,1.4811679706012075,-0.9340132983431726,-1.0753843446194402
10.0,241.0,1000.023193359375,-4.244100134104976,-2.952538164304236,-1.9640574382976608,0.6894272053601735,-1.3017748557858604,4.827180856049239,-0.5186077600145884,1.4811681042464624,-0.9340124544483048,-1.075384612501464
10.0,241.0,1000.0232543945312,-4.244099980502402,-2.952538812220708,-1.9640574674072675,0.6894275904445015,-1.3017739143647171,4.82718008466999,-0.5186077859571796,1.4811680482358822,-0.93401295005497,-1.0753844331629692
10.0,241.0,1000.023193359375,-4.244100025367329,-2.9525386010498056,-1.96405748484752,0.6894274831386547,-1.3017742503232292,4.827180323709628,-0.5186077562583415,1.4811680466812716,-0.934012767948019,-1.07538451340091
10.0,241.0,1000.0232543945312,-4.244099755831675,-2.95253951870546,-1.9640575415868675,0.6894280230592056,-1.3017729071185735,4.827179225997117,-0.5186078000523926,1.481167949334691,-0.934013471299174,-1.0753842843438122
10.0,241.0,1000.023193359375,-4.244099548710612,-2.952540367367169,-1.9640575432593,0.6894285894971528,-1.3017715484480248,4.827178193094127,-0.5186078522663182,1.4811679306951389,-0.9340141924933896,-1.075383999507812
10.0,241.0,1000.0232543945312,-4.244099668813755,-2.952539833511317,-1.9640575310607828,0.6894282301253876,-1.3017724029086928,4.827178841594062,-0.51860782240961,1.4811679428528528,-0.9340137600282432,-1.0753841757440583
10.0,241.0,1000.0232543945312,-4.244100102193,-2.952538308685197,-1.964057428891249,0.6894273013837928,-1.301774598201643,4.827180681937488,-0.5186077766484605,1.481168122299744,-0.9340125825354209,-1.0753845348617692
10.0,241.0,1000.023193359375,-4.24410018247478,-2.952538151153142,-1.964057416322306,0.6894272059287374,-1.3017749138013317,4.827180886536143,-0.5186077576755572,1.481168130113776,-0.9340124430209648,-1.0753846032524366
10.0,241.0,1000.023193359375,-4.244099505528233,-2.952540367572772,-1.964057581847796,0.6894285762192194,-1.3017716426276291,4.827178191962215,-0.5186078412786816,1.4811678709598644,-0.9340141482050796,-1.0753840802614911
10.0,241.0,1000.023193359375,-4.24410018980881,-2.952538006056427,-1.964057445012477,0.6894270943956737,-1.3017750940569583,4.827181048660712,-0.518607747277894,1.4811681243029309,-0.9340122990520684,-1.0753846484488716
10.0,241.0,1000.0232543945312,-4.24409976785022,-2.95253945851701,-1.96405750709641,0.689427983699682,-1.301772969528943,4.827179304409002,-0.5186078246239569,1.481167982431307,-0.9340134522687792,-1.0753842873886643
10.0,241.0,1000.023193359375,-4.24409974803931,-2.952539756073372,-1.964057523503928,0.68942819142692,-1.3017725200729178,4.827178921122215,-0.5186078189863892,1.4811679702870784,-0.934013703164501,-1.075384181427162
10.0,241.0,1000.0232543945312,-4.244100008400958,-2.95253865875024,-1.9640574522716483,0.6894275169045727,-1.3017741330396315,4.82718026933561,-0.5186077871088202,1.481168077481466,-0.934012840634094,-1.0753844702178088
10.0,241.0,1000.023193359375,-4.244100135095192,-2.952538137338153,-1.96405740289634,0.6894272063952291,-1.301774837080183,4.827180887950556,-0.5186077749530087,1.4811681548743565,-0.934012470767394,-1.075384575497227
10.0,241.0,1000.0232543945312,-4.244100289408465,-2.9525376077608225,-1.964057404938826,0.6894268479333707,-1.3017756769620354,4.8271815141058845,-0.5186077512400891,1.481168165024533,-0.9340120294029264,-1.075384745439007
10.0,241.0,1000.0232543945312,-4.244100232397363,-2.9525377598287785,-1.9640574271996307,0.6894269340610464,-1.3017754777166717,4.827181345402439,-0.5186077451657587,1.4811681237016323,-0.934012126667807,-1.0753847251812676
10.0,241.0,1000.0232543945312,-4.244100066575534,-2.9525384070219087,-1.9640574149044865,0.6894273611941868,-1.301774428177374,4.827180558153797,-0.5186078048034117,1.4811681335644042,-0.9340126978674768,-1.07538449475825
10.0,241.0,1000.0232543945312,-4.2441001097063165,-2.952538286229797,-1.964057452795815,0.6894273033266396,-1.3017747004667033,4.8271807078690046,-0.5186077503085018,1.4811680956790632,-0.9340125187287098,-1.075384602416091
10.0,241.0,1000.0232543945312,-4.244100035922161,-2.9525386055005693,-1.964057432345324,0.6894275048014915,-1.3017741553959978,4.827180324140009,-0.5186077788702494,1.4811681235238536,-0.93401281879009,-1.0753844406629716
10.0,241.0,1000.0232543945312,-4.244100104665719,-2.95253831680826,-1.964057451955244,0.6894272774101742,-1.3017746537379993,4.827180681026853,-0.5186077624040815,1.4811680822212905,-0.9340125534203016,-1.0753845800766375
10.0,241.0,1000.0232543945312,-4.244099872260901,-2.952539228849766,-1.964057463878901,0.6894278901649908,-1.301773250975058,4.827179583669297,-0.5186078157050318,1.481168064376579,-0.9340133054520096,-1.0753842792095725
10.0,241.0,1000.0233764648438,-4.244100324540724,-2.95253750993808,-1.9640574080089075,0.6894267880318683,-1.3017758424845822,4.827181655023068,-0.5186077364039097,1.4811681761123552,-0.9340119227299316,-1.075384771117474
10.0,241.0,1000.0233764648438,-4.244100398577616,-2.952537180486418,-1.9640573978117093,0.6894265619841455,-1.3017763858534588,4.8271820624618105,-0.5186077155063016,1.4811681700814594,-0.934011645706649,-1.0753848960576344
10.0,241.0,1000.0232543945312,-4.244100076067951,-2.952538268650999,-1.9640574556910984,0.6894272602638392,-1.3017747137916031,4.827180722198396,-0.5186077703657341,1.4811680719122269,-0.9340125339149524,-1.075384591882429
10.0,241.0,1000.0232543945312,-4.244099871971072,-2.9525392081189548,-1.964057494147105,0.6894278651775139,-1.3017733012885957,4.827179596805701,-0.5186077955314072,1.4811680252391666,-0.934013257040176,-1.0753843348167442
10.0,241.0,1000.0232543945312,-4.244099774310519,-2.9525395168722133,-1.964057518450744,0.6894280485706537,-1.3017728561169697,4.827179208471913,-0.5186078119881552,1.481167974253788,-0.9340135118285796,-1.0753842556705924
10.0,241.0,1000.0233764648438,-4.244099976466336,-2.9525387487784056,-1.9640574739165928,0.6894275454477041,-1.3017740438413927,4.82718017440893,-0.5186077894123589,1.4811680426705252,-0.9340128859297908,-1.075384467752671
10.0,241.0,1000.0233764648438,-4.244100107723162,-2.952538369293837,-1.964057418824388,0.6894273520967698,-1.3017745139089016,4.827180615997602,-0.5186077670685147,1.4811681321494057,-0.9340126302603204,-1.0753845212879192
10.0,241.0,1000.0232543945312,-4.244100134836591,-2.9525382504977857,-1.964057439895977,0.6894272674636301,-1.301774715034452,4.827180741082886,-0.5186077518219312,1.48116810597325,-0.9340125248794368,-1.0753845705632037
10.0,241.0,1000.023193359375,-4.244099547538305,-2.952540373035015,-1.964057554391708,0.6894286020939937,-1.3017715332817923,4.827178175452474,-0.5186078446152518,1.481167925206261,-0.934014193407771,-1.075384007201596
10.0,241.0,1000.0232543945312,-4.244100253023514,-2.952537770599233,-1.9640574174099807,0.6894269397543571,-1.301775463369224,4.827181343994496,-0.5186077473950226,1.4811681553645268,-0.934012124517583,-1.0753847051842746
10.0,241.0,1000.0233764648438,-4.244099932984272,-2.9525389618570923,-1.96405744664986,0.6894277311583528,-1.3017735736624787,4.827179896541628,-0.5186078007676063,1.4811680938569127,-0.9340131177571038,-1.075384334962309
10.0,241.0,1000.0233764648438,-4.244099975761284,-2.952538663750266,-1.964057449651622,0.6894275204157232,-1.301774065802102,4.827180238456407,-0.5186077991252214,1.4811680868898902,-0.934012871219581,-1.0753844592879829
10.0,241.0,1000.0232543945312,-4.244100236780493,-2.952537768030494,-1.964057421820407,0.6894269648868869,-1.3017754446026557,4.827181353255188,-0.5186077330160836,1.481168138835354,-0.934012108067562,-1.0753847369896858
10.0,241.0,1000.0233764648438,-4.244099708819232,-2.9525398116788515,-1.9640575187867708,0.6894282429449605,-1.3017724158447797,4.8271788762583,-0.5186078138407542,1.481167963006735,-0.934013737183874,-1.075384171076795
10.0,241.0,1000.023193359375,-4.24410003999785,-2.952538558525813,-1.964057446980299,0.6894274475415578,-1.3017742508944612,4.8271803832625775,-0.5186077853832041,1.4811680961669973,-0.934012770406106,-1.075384477775192
10.0,241.0,1000.0234375,-4.244099382974071,-2.952540923019047,-1.96405764599106,0.6894289047976434,-1.3017708665190888,4.827177511411586,-0.5186078416387572,1.481167787258309,-0.9340145371764113,-1.075383965094859
10.0,241.0,1000.0233154296876,-4.244099560968409,-2.952540463395632,-1.9640575545739745,0.689428632088454,-1.3017714571682588,4.827178073229874,-0.5186078428699803,1.4811679020967192,-0.9340142582272302,-1.0753840016127023
10.0,241.0,1000.0232543945312,-4.244099352519695,-2.95254110738048,-1.964057634663226,0.6894290280054634,-1.3017705279406018,4.827177281269007,-0.5186078546049773,1.481167801073492,-0.9340147195044048,-1.0753838720328883
10.0,241.0,1000.0233154296876,-4.244100085757219,-2.9525383385587256,-1.96405742371712,0.6894273354296594,-1.3017745428050225,4.827180640079806,-0.5186077720312223,1.4811681361474456,-0.9340125999851656,-1.0753845341211656
10.0,241.0,1000.0233764648438,-4.2440998844400655,-2.952539062989867,-1.964057478166667,0.6894277555083566,-1.3017735353692523,4.827179791326676,-0.5186078041233095,1.4811680119852086,-0.9340131523859876,-1.075384376970519
10.0,241.0,1000.0232543945312,-4.244100114562624,-2.9525382885345546,-1.964057470990508,0.6894272563963355,-1.3017747362054113,4.82718068932882,-0.5186077569155154,1.481168077479225,-0.9340125279762715,-1.0753845940939888
10.0,241.0,1000.0232543945312,-4.244099875716703,-2.95253916979037,-1.9640574960057613,0.6894278495475845,-1.3017733903608542,4.827179635878082,-0.5186077888843315,1.4811680113342032,-0.9340132225053496,-1.0753843614940544
10.0,241.0,1000.0233154296876,-4.2441000953638,-2.95253833759932,-1.9640574630879133,0.6894273103683499,-1.3017746320357002,4.827180652203825,-0.518607748133669,1.4811680869877142,-0.9340125489499886,-1.075384587858764
10.0,241.0,1000.023193359375,-4.24410007603168,-2.9525385008332243,-1.9640574412558536,0.6894274333289285,-1.301774324484243,4.827180448889473,-0.5186077678297005,1.4811681132670973,-0.9340127152532638,-1.0753845034403755
10.0,241.0,1000.023193359375,-4.244099850827737,-2.952539210295916,-1.9640575189865297,0.6894278353831576,-1.3017733157224876,4.827179578986616,-0.5186078013454267,1.481167998418628,-0.9340132511285236,-1.0753843441568618
10.0,241.0,1000.0233154296876,-4.244100326202796,-2.9525374148792225,-1.9640574036314105,0.6894267306263648,-1.3017759821292605,4.827181767134782,-0.5186077342758635,1.481168174370624,-0.9340118497069207,-1.075384808887402
10.0,241.0,1000.0232543945312,-4.244099872014527,-2.952539208271509,-1.964057492627581,0.6894278334319894,-1.3017733451221067,4.827179604284552,-0.5186077937163027,1.4811679925335417,-0.9340132575030412,-1.075384356163276
10.0,241.0,1000.023193359375,-4.244100158052998,-2.9525381325151803,-1.9640573969851567,0.6894272069508709,-1.3017747885365631,4.82718088169581,-0.5186077861246225,1.481168186299806,-0.9340124998364994,-1.0753845202397811
10.0,242.0,1000.0233154296876,-4.24410040973056,-2.952537191968692,-1.964057363729217,0.6894265956903025,-1.3017762829245152,4.8271820448632194,-0.518607731863626,1.4811682326526483,-0.934011702064116,-1.0753848330657751
10.0,242.0,1000.0233764648438,-4.244099890122751,-2.952539063195271,-1.964057508470114,0.6894277430448525,-1.3017735567246285,4.827179769620635,-0.5186077918068213,1.481168003610554,-0.9340131378029852,-1.0753843868674324
10.0,242.0,1000.0232543945312,-4.244099801010645,-2.9525394903290403,-1.9640574841292355,0.6894280698050341,-1.3017728858644837,4.827179257187499,-0.5186078038783783,1.4811680130083973,-0.9340135076503272,-1.075384249361818
10.0,242.0,1000.0232543945312,-4.244099814216146,-2.9525392626138425,-1.9640574836453344,0.6894278932850915,-1.301773154541212,4.827179515645215,-0.5186078211231653,1.4811680253835613,-0.93401335554928,-1.0753842873800838
10.0,242.0,1000.023193359375,-4.244100238667937,-2.9525377884264934,-1.9640573874705107,0.689426967368826,-1.301775334696493,4.827181308889564,-0.5186077738181991,1.4811681842354592,-0.9340122081893067,-1.0753846453831697
10.0,242.0,1000.0233154296876,-4.244099758264369,-2.95253954582887,-1.9640575168187613,0.6894280708373133,-1.3017728170354332,4.827179191817583,-0.5186078061783652,1.4811679585548472,-0.9340135260161446,-1.075384264294832
10.0,242.0,1000.0232543945312,-4.24409991740909,-2.9525390018777795,-1.96405751409657,0.6894277060141221,-1.3017736748436408,4.827179836202198,-0.5186077769978015,1.4811680012001531,-0.9340130667111666,-1.075384424868017
10.0,242.0,1000.0233154296876,-4.244099696620827,-2.95253981936297,-1.964057555373719,0.6894282494865314,-1.3017724484742166,4.827178855246352,-0.5186077880133162,1.4811679139560745,-0.9340137002549316,-1.0753842324542968
10.0,242.0,1000.0233764648438,-4.244100380388227,-2.95253740131551,-1.9640573730959103,0.6894267322970329,-1.3017759578950177,4.827181782777394,-0.5186077381846035,1.4811682310765928,-0.934011865158154,-1.0753847634624405
10.0,242.0,1000.0232543945312,-4.244099504419989,-2.9525405095368304,-1.964057586254608,0.6894286622032686,-1.3017714172159018,4.827178017010926,-0.5186078422922735,1.4811678703868705,-0.9340142558904514,-1.0753840266780683
10.0,242.0,1000.0232543945312,-4.244099890302446,-2.9525391566115964,-1.9640574682045244,0.6894278286997366,-1.301773352479013,4.8271796621962775,-0.5186078065072488,1.481168050063748,-0.9340132475439002,-1.075384321043482
10.0,242.0,1000.0233154296876,-4.244099888477714,-2.952539213651915,-1.964057513769616,0.6894278523902688,-1.3017733170797636,4.827179578414686,-0.5186077783214129,1.4811680088105756,-0.934013245726872,-1.0753843377510668
10.0,242.0,1000.0232543945312,-4.24410025668648,-2.9525378012629337,-1.964057392448528,0.6894269914976148,-1.3017753377681371,4.8271812953277,-0.5186077559172455,1.4811682066144083,-0.9340121845195536,-1.0753846527197206
10.0,242.0,1000.0233764648438,-4.244099898216974,-2.952539028937561,-1.9640574869659528,0.6894277447077437,-1.3017735676530462,4.827179799717344,-0.518607800093533,1.4811680360616872,-0.9340131292538274,-1.0753843733205075
10.0,242.0,1000.023193359375,-4.244099668459798,-2.9525397923890835,-1.964057552700937,0.6894281998848149,-1.3017724840852845,4.827178885853652,-0.5186078195910797,1.4811679156635238,-0.9340137051538226,-1.0753842074052962
10.0,242.0,1000.0232543945312,-4.244099805558589,-2.9525393811982648,-1.9640574886090176,0.6894279824117842,-1.3017729921080812,4.827179364562387,-0.518607817330893,1.481168033645856,-0.934013444204119,-1.075384249176258
10.0,242.0,1000.0233764648438,-4.2440999797189,-2.952538723088955,-1.9640574602428007,0.6894275601744315,-1.301773979332382,4.82718017942582,-0.5186077891423171,1.4811680604191304,-0.9340129007630288,-1.0753844465195863
10.0,242.0,1000.0232543945312,-4.244100179481211,-2.952538030467112,-1.964057426932248,0.6894271026224272,-1.30177508031369,4.827181023504195,-0.5186077599582877,1.4811681223425328,-0.9340123442906308,-1.075384644046534
10.0,242.0,1000.0233764648438,-4.244099866177324,-2.952539278244915,-1.964057509316301,0.6894279070508702,-1.3017732295177216,4.827179521427418,-0.5186077836035548,1.481168009515513,-0.9340132860604582,-1.0753843249861883
10.0,242.0,1000.0233764648438,-4.244099915761629,-2.952539050293603,-1.9640574978241203,0.6894277509726923,-1.3017736015498675,4.8271797833592185,-0.5186077818404788,1.4811680058217809,-0.9340131263008712,-1.0753844061046849
10.0,242.0,1000.023193359375,-4.244100099271052,-2.952538225690967,-1.964057432936281,0.6894272443866409,-1.301774728916982,4.827180766606876,-0.5186077720424809,1.4811681105305174,-0.9340125199880552,-1.075384577999796
10.0,242.0,1000.0232543945312,-4.244099721949283,-2.952539698425754,-1.96405750280166,0.6894281685839498,-1.3017725568835643,4.827178998806964,-0.5186078328829851,1.481167983365169,-0.9340136828566196,-1.0753841913833255
10.0,242.0,1000.0233154296876,-4.244099439141973,-2.952540804947472,-1.9640575903688973,0.6894288512444655,-1.3017709719231103,4.827177672887016,-0.518607847479303,1.481167843140872,-0.9340144976634788,-1.075383941365306
10.0,242.0,1000.0233154296876,-4.244099605011964,-2.952540133595952,-1.9640575403979648,0.68942840447487,-1.3017719632456966,4.827178491344602,-0.5186078520957471,1.481167917951776,-0.9340140030890912,-1.0753840809558928
10.0,242.0,1000.0233764648438,-4.244099423718454,-2.952540753546552,-1.9640576257569071,0.6894287800146506,-1.3017710541206085,4.827177709470679,-0.5186078639883238,1.481167825952742,-0.93401444524026,-1.0753839569846066
10.0,242.0,1000.0232543945312,-4.244099826880393,-2.9525393805525995,-1.964057501894278,0.6894279759075497,-1.3017730614298322,4.827179383115475,-0.518607800166107,1.4811679931216526,-0.934013392533549,-1.0753843005759474
10.0,242.0,1000.0233764648438,-4.244099784711822,-2.9525395405102963,-1.9640574995991529,0.6894280746746855,-1.3017727765300755,4.827179189917171,-0.5186078133094743,1.4811680070755564,-0.9340135401861264,-1.0753842262486248
10.0,242.0,1000.023193359375,-4.244100192251485,-2.9525379684703013,-1.9640574222266585,0.6894270782151963,-1.3017751420562984,4.827181096523464,-0.5186077564027629,1.4811681525218647,-0.9340122895064482,-1.075384642377481
10.0,242.0,1000.023193359375,-4.244099654057852,-2.952539980187,-1.9640575645048592,0.6894283234560037,-1.301772159992613,4.827178647457973,-0.5186078209962126,1.4811679253336685,-0.934013853804422,-1.0753841324361058
10.0,242.0,1000.0232543945312,-4.244099463001557,-2.952540649132584,-1.9640576206580485,0.6894287294267931,-1.3017712673252009,4.827177843069791,-0.5186078354726851,1.4811678130747392,-0.934014337141865,-1.0753840278811646
10.0,242.0,1000.0232543945312,-4.244099659409001,-2.9525399383291178,-1.964057522495764,0.6894283166969419,-1.3017721735198051,4.827178711380885,-0.5186078362714,1.4811679720011606,-0.9340138538684588,-1.075384111420019
10.0,242.0,1000.0234375,-4.24409993052705,-2.952539050849184,-1.9640574849089016,0.6894277847745647,-1.3017735644937516,4.827179782711243,-0.5186077756739964,1.481168033614594,-0.9340131216267248,-1.0753843899515516
10.0,242.0,1000.0232543945312,-4.24409986325788,-2.952539223832264,-1.9640575021801825,0.6894278674325296,-1.3017733012938764,4.827179562888171,-0.5186077959448472,1.481168002295009,-0.9340132762586366,-1.0753843420660694
10.0,242.0,1000.0232543945312,-4.244099854493119,-2.9525392612859243,-1.9640574573301728,0.6894279243991512,-1.3017731297240518,4.827179533352933,-0.5186078197814528,1.4811680797524094,-0.934013356855111,-1.0753842421382958
10.0,242.0,1000.023193359375,-4.244100049855054,-2.952538573572793,-1.9640574485561464,0.6894274639654041,-1.301774245741993,4.827180367325791,-0.5186077780680973,1.4811680961077602,-0.9340127635198244,-1.0753844955395082
10.0,242.0,1000.0233154296876,-4.244099860832667,-2.952539258110243,-1.96405747956806,0.6894278982282298,-1.3017731579332747,4.82717952391576,-0.5186078166980632,1.4811680574500583,-0.9340133343651322,-1.075384264184069
10.0,242.0,1000.0233154296876,-4.24409982241243,-2.9525393739948904,-1.964057522035648,0.6894279610779659,-1.301773105155684,4.827179390385048,-0.5186077931108866,1.4811679664051187,-0.9340133623436496,-1.0753843341149265
10.0,242.0,1000.023193359375,-4.244099966211906,-2.9525388765211567,-1.964057455318256,0.6894276631639693,-1.3017737318238969,4.827179993262623,-0.5186077851421382,1.4811680731310126,-0.9340130353573136,-1.0753843827471412
10.0,242.0,1000.023193359375,-4.244100028993881,-2.952538555083692,-1.964057469164016,0.6894274355271568,-1.3017743218481417,4.82718038934909,-0.5186077711522046,1.4811680610815443,-0.9340127345429616,-1.0753845246830345
10.0,242.0,1000.0232543945312,-4.244100178734381,-2.952538029664469,-1.9640574226179768,0.6894271192877968,-1.3017750491679636,4.827181014570781,-0.5186077620458924,1.481168137764815,-0.9340123532753016,-1.075384634269692
10.0,242.0,1000.0232543945312,-4.24409999947725,-2.952538623138045,-1.9640574522194787,0.6894275135355512,-1.301774114659179,4.827180276066533,-0.5186077880431226,1.4811680986317777,-0.93401283948163,-1.07538445937461
10.0,242.0,1000.0233154296876,-4.2441004173513965,-2.952537203016868,-1.964057373197628,0.6894265912355433,-1.301776276055148,4.827182021766678,-0.5186077363404751,1.481168213434538,-0.9340117221299112,-1.0753848254819056
10.0,242.0,1000.0232543945312,-4.24409967176665,-2.952539800017057,-1.9640575404246816,0.6894282515026724,-1.3017723985927063,4.827178862051149,-0.5186078177342726,1.4811679556781812,-0.9340137196042156,-1.075384188408215
10.0,242.0,1000.0233764648438,-4.244099885347183,-2.952539066885949,-1.9640574970132605,0.6894277603080567,-1.3017735254607188,4.827179754613255,-0.5186077957252868,1.481168012511402,-0.934013155063445,-1.0753843788501491
10.0,242.0,1000.0232543945312,-4.24409963700551,-2.952540065183195,-1.9640575543945384,0.6894283843970905,-1.3017720643105997,4.82717856203047,-0.5186078262553302,1.48116792249131,-0.9340139244579744,-1.0753841209138306
10.0,242.0,1000.0232543945312,-4.244099609993281,-2.952540193200151,-1.9640575508038125,0.6894284747223605,-1.3017718732037475,4.827178396592455,-0.518607835069341,1.4811679239514328,-0.9340140409421398,-1.0753840801377912
10.0,242.0,1000.0232543945312,-4.244099831296575,-2.9525392738975578,-1.964057532521093,0.6894278754149328,-1.3017732393766126,4.827179502576493,-0.5186077962815636,1.4811679764416406,-0.934013285519402,-1.0753843424787295
10.0,242.0,1000.023193359375,-4.2441000898034735,-2.952538505157809,-1.964057452304644,0.6894274236654621,-1.3017743605697034,4.827180445836216,-0.5186077591695764,1.4811680976308548,-0.9340127074340724,-1.0753845021940975
10.0,242.0,1000.0233154296876,-4.244099819086892,-2.9525393305992416,-1.964057500387224,0.6894279023595224,-1.3017731319511872,4.827179447461736,-0.5186078178886957,1.4811679967238949,-0.9340133719931822,-1.0753843011472215
10.0,242.0,1000.0232543945312,-4.24409990256804,-2.9525389486385176,-1.9640574912053816,0.6894276774537333,-1.301773682417418,4.827179894437975,-0.518607797467868,1.4811680126521587,-0.9340130704268664,-1.0753844147648972
10.0,243.0,1000.0234375,-4.244100334448014,-2.9525375110697007,-1.9640574014595773,0.6894267774955312,-1.3017758522460596,4.827181649627763,-0.518607738696458,1.4811681713493332,-0.934011940647653,-1.075384766337757
10.0,243.0,1000.0232543945312,-4.244100130700053,-2.9525382873892942,-1.964057411257234,0.6894272839281825,-1.3017746243623445,4.827180716867353,-0.5186077779571594,1.4811681450574952,-0.9340125794724335,-1.075384519252249
10.0,243.0,1000.0233764648438,-4.244099909242466,-2.952539006826211,-1.9640574751850632,0.6894277416605608,-1.30177355291416,4.827179826637368,-0.5186077943589273,1.48116805357379,-0.9340131182344747,-1.0753843729626391
10.0,243.0,1000.0232543945312,-4.244099902823718,-2.952539155652078,-1.96405747959,0.6894278233924727,-1.3017733830528997,4.827179656535375,-0.5186078045813769,1.481168035881451,-0.9340132427245402,-1.0753843260898082
10.0,243.0,1000.0233154296876,-4.244099741658994,-2.9525396131198094,-1.9640575050200784,0.6894281203954495,-1.3017726904487272,4.827179103815624,-0.5186078198648856,1.481167988090491,-0.9340135874602068,-1.0753842335132422
10.0,243.0,1000.0232543945312,-4.244099957681889,-2.9525389352391302,-1.964057459886947,0.6894276894066316,-1.301773688544622,4.827179919509865,-0.5186078017025348,1.481168076764842,-0.934013082297172,-1.0753843624510124
10.0,243.0,1000.0234375,-4.244099582835625,-2.952540278229271,-1.9640575722287457,0.6894285287972455,-1.3017717347191369,4.827178290601285,-0.518607814232384,1.4811678853203114,-0.9340140807162828,-1.0753840837455728
10.0,243.0,1000.023193359375,-4.244100210383543,-2.952537887602616,-1.9640574040846688,0.6894270440526675,-1.301775229277384,4.82718118431521,-0.5186077587764988,1.4811681668975387,-0.9340122616162888,-1.0753846425807878
10.0,243.0,1000.0232543945312,-4.244099940958459,-2.9525388420916827,-1.9640574926456595,0.6894276080550874,-1.3017738703220916,4.827180037483199,-0.5186077836977425,1.4811680351156955,-0.9340129540420437,-1.0753844410761983
10.0,243.0,1000.023193359375,-4.24410026047086,-2.9525377079287134,-1.9640574031234648,0.6894269260988573,-1.3017755115786485,4.827181409182945,-0.5186077468502823,1.4811681723436534,-0.934012093812716,-1.0753847124886802
10.0,243.0,1000.0233764648438,-4.2441000063109335,-2.9525387047446268,-1.964057459783647,0.6894275328215791,-1.3017740439260024,4.827180202006504,-0.5186077888149248,1.481168072784234,-0.934012885984167,-1.075384446934906
10.0,243.0,1000.0232543945312,-4.244099880598823,-2.952539153785365,-1.964057505139576,0.6894278257602569,-1.3017734278096138,4.827179665379697,-0.5186077817861392,1.4811680022699123,-0.9340131880722148,-1.0753843797959606
10.0,243.0,1000.0232543945312,-4.244100057816753,-2.952538481643608,-1.9640574613472133,0.6894273848073427,-1.301774401953624,4.827180470498739,-0.5186077765312387,1.4811680838101449,-0.934012696661246,-1.075384514957074
10.0,243.0,1000.0232543945312,-4.244099849251866,-2.952539259715899,-1.964057498950448,0.6894278878321902,-1.3017732247627918,4.827179527989285,-0.5186078025337064,1.4811680155288105,-0.9340133098162724,-1.0753843094210276
10.0,243.0,1000.0233154296876,-4.244099980851926,-2.9525388340067047,-1.964057451978931,0.6894276395054089,-1.3017738297262411,4.827180050818365,-0.5186077930951889,1.481168097716682,-0.9340129946431714,-1.0753843864043038
10.0,243.0,1000.0234375,-4.244100195329241,-2.9525379161769365,-1.964057408496382,0.6894270539175382,-1.301775213673642,4.82718116672573,-0.5186077533675437,1.4811681347350405,-0.9340122598394648,-1.0753846733576933
10.0,243.0,1000.0232543945312,-4.244100297733949,-2.952537612601916,-1.964057385950575,0.6894268764282572,-1.301775618250983,4.827181521076799,-0.5186077427536553,1.4811682044017624,-0.9340120396686408,-1.075384709636011
10.0,243.0,1000.0233764648438,-4.244099899524098,-2.952539025102827,-1.964057486890636,0.6894277359662562,-1.301773557897587,4.8271798026226165,-0.5186078017452154,1.4811680308489803,-0.9340131386536524,-1.0753843724567425
10.0,243.0,1000.023193359375,-4.244100403553742,-2.952537214876916,-1.9640573476532104,0.6894266328610312,-1.3017761609183909,4.827181991745697,-0.5186077497929977,1.481168276372971,-0.9340117601585431,-1.075384783145268
10.0,243.0,1000.0233764648438,-4.244099576654619,-2.9525402570971204,-1.9640575519271373,0.6894285301258671,-1.3017717157124291,4.827178323634684,-0.5186078362965709,1.481167927913182,-0.934014085884434,-1.0753840519214726
10.0,243.0,1000.0232543945312,-4.244099813166802,-2.952539392771402,-1.964057492366576,0.6894279683013007,-1.3017730153803169,4.8271793678369335,-0.5186078203145863,1.4811680135270748,-0.934013431343608,-1.0753842692261544
10.0,243.0,1000.0232543945312,-4.244099849455001,-2.9525392890226323,-1.9640574933559227,0.6894279192219965,-1.3017731421182566,4.827179485306676,-0.5186078047756117,1.4811680297399796,-0.934013338044676,-1.0753842924580512
10.0,243.0,1000.0234985351562,-4.244099568179294,-2.952540308121966,-1.9640575432541283,0.6894285534326325,-1.3017716358731437,4.827178250801767,-0.5186078547301962,1.4811679355090206,-0.9340141594086208,-1.0753840226444744
10.0,243.0,1000.023193359375,-4.244099978738494,-2.952538868952187,-1.9640574707739047,0.6894276488517779,-1.3017738157996388,4.827180008204538,-0.518607774086771,1.4811680497014166,-0.9340129871262022,-1.07538442966501
10.0,243.0,1000.0233154296876,-4.244099656505421,-2.9525400073725394,-1.9640575295450808,0.6894283620344854,-1.3017720621430042,4.82717862111098,-0.5186078362113902,1.481167964157616,-0.934013911118976,-1.075384097375199
10.0,243.0,1000.0232543945312,-4.244100040454327,-2.952538599899869,-1.964057453390342,0.6894274805880753,-1.3017741980241695,4.8271803313926736,-0.5186077774687252,1.481168089296478,-0.9340127843266784,-1.0753844813127094
10.0,243.0,1000.023193359375,-4.244100408398955,-2.9525372655896667,-1.964057356033732,0.6894266561297959,-1.3017761349048755,4.827181958645657,-0.5186077390969235,1.4811682522993044,-0.9340117671073784,-1.075384780967152
10.0,243.0,1000.0233154296876,-4.244099437701194,-2.9525406389679683,-1.9640576028233712,0.6894287354391277,-1.3017711995897607,4.827177847945244,-0.5186078584322793,1.4811678433985742,-0.9340143744371234,-1.0753839906370977
10.0,243.0,1000.0234375,-4.2441002377539725,-2.952537897024208,-1.964057400685678,0.6894270432235707,-1.301775178009966,4.827181170876241,-0.5186077564386995,1.4811681860449877,-0.9340122734659442,-1.0753846201597033
10.0,243.0,1000.0233154296876,-4.244099617569379,-2.9525400303237253,-1.9640575762421788,0.6894283492116653,-1.301772125647216,4.827178586796284,-0.5186078202797786,1.481167892613997,-0.9340138760896152,-1.0753841626274507
10.0,243.0,1000.0232543945312,-4.2441001590827545,-2.9525381286655925,-1.964057431845652,0.6894271675822257,-1.3017748754133645,4.827180891029624,-0.5186077694145661,1.4811681342220284,-0.9340124371287112,-1.075384582189121
10.0,243.0,1000.0232543945312,-4.244099919151546,-2.952539002522601,-1.964057476891404,0.6894277112482028,-1.3017736290044797,4.827179850699494,-0.5186077968243312,1.481168022547105,-0.9340131185970916,-1.0753843830337049
10.0,243.0,1000.023193359375,-4.244099854141082,-2.9525392637548684,-1.964057533185085,0.6894278642361442,-1.3017732938254274,4.8271795175747805,-0.5186077831987195,1.4811679717879225,-0.9340132675022071,-1.0753843566748902
10.0,243.0,1000.0233154296876,-4.244099856602023,-2.95253921729383,-1.9640575198463948,0.6894278540553405,-1.3017733266653804,4.827179589792763,-0.5186077830711557,1.4811679857770643,-0.9340132331119104,-1.0753843660112672
10.0,243.0,1000.0233154296876,-4.2440997831160665,-2.9525395012046367,-1.9640575062802808,0.6894280378208855,-1.3017728334886347,4.827179227523953,-0.5186078155203431,1.4811680006065862,-0.9340135209156396,-1.0753842321978384
10.0,243.0,1000.0232543945312,-4.244099832108351,-2.95253936892778,-1.964057472071488,0.6894279835101491,-1.301773027133807,4.8271793975313,-0.5186078155862264,1.4811680375597112,-0.9340134280720552,-1.075384263141697
10.0,243.0,1000.0233154296876,-4.244099517354134,-2.952540594691551,-1.9640575799558808,0.6894287341143004,-1.3017712622904924,4.82717791863667,-0.5186078292287046,1.481167884759972,-0.934014326607481,-1.0753839764659507
10.0,243.0,1000.023193359375,-4.244100115377158,-2.9525382387134886,-1.9640574165242657,0.6894272596851669,-1.3017746842329938,4.827180758237077,-0.5186077777733527,1.481168134274203,-0.9340125507692552,-1.0753845432781706
10.0,243.0,1000.0232543945312,-4.24410000582156,-2.952538766098393,-1.964057467326652,0.6894275762954827,-1.30177397689607,4.827180145800936,-0.5186077758807519,1.4811680685150588,-0.9340128970782128,-1.0753844497248592
10.0,243.0,1000.023193359375,-4.244099822092701,-2.952539291527025,-1.9640575100286228,0.6894279084677262,-1.3017731740255862,4.827179494328695,-0.518607798132563,1.4811679961779047,-0.9340133163970376,-1.0753843286257083
10.0,243.0,1000.0232543945312,-4.2441001592095,-2.9525381243509234,-1.9640574249543432,0.6894271785701243,-1.3017748615209976,4.827180898476923,-0.5186077711274608,1.4811681507639722,-0.9340124427734652,-1.0753845678648122
10.0,243.0,1000.023193359375,-4.244099633590892,-2.952540000833212,-1.964057565562661,0.68942833370384,-1.3017721585702131,4.827178637184362,-0.5186078204868396,1.4811678992763913,-0.934013853439307,-1.0753841564455824
10.0,243.0,1000.0232543945312,-4.244099492540317,-2.9525404779303,-1.9640575916329264,0.6894286132187686,-1.301771436957723,4.827178055586526,-0.518607850515119,1.4811678514347495,-0.9340142459249768,-1.0753840239881425
10.0,243.0,1000.0232543945312,-4.24409992645803,-2.9525389027407614,-1.9640574774972488,0.689427647111919,-1.30177372228971,4.827179963070364,-0.5186078026193419,1.4811680446998787,-0.9340130455197136,-1.075384384088956
10.0,243.0,1000.0233764648438,-4.244099403344466,-2.952540941047319,-1.9640575903583768,0.689428931483647,-1.3017707202506237,4.827177497432084,-0.5186078696913023,1.481167854173585,-0.9340146246563972,-1.0753838733877783
10.0,243.0,1000.0233154296876,-4.244099866925472,-2.952539221673206,-1.9640574833587312,0.6894278848989934,-1.3017732444755108,4.82717957116091,-0.5186077966220086,1.481168049467021,-0.9340132865143316,-1.075384305632455
10.0,243.0,1000.0232543945312,-4.2440998256974485,-2.952539366668137,-1.9640575132515483,0.6894279463443844,-1.3017731099828267,4.8271794121527005,-0.5186077945269467,1.481167992161204,-0.9340133617263148,-1.0753843134880658
10.0,243.0,1000.0232543945312,-4.244099814715204,-2.952539389151766,-1.9640575107823968,0.6894279563688528,-1.3017730400465943,4.827179373605494,-0.5186078114275396,1.48116800321362,-0.9340134102475393,-1.0753842739616468
10.0,243.0,1000.0233764648438,-4.244100558593541,-2.952536666338837,-1.9640573246170123,0.6894262785979768,-1.301777074205492,4.827182679155218,-0.5186077142597432,1.481168285591651,-0.934011293796746,-1.0753849675213938
10.0,243.0,1000.0234375,-4.244100277232564,-2.9525375397235525,-1.9640573823051128,0.6894268138829371,-1.30177571980763,4.82718159993421,-0.5186077605195392,1.4811681876728766,-0.9340119965551876,-1.075384740654512
10.0,244.0,1000.0232543945312,-4.244099970662545,-2.952538782800707,-1.9640574894329403,0.6894275765350253,-1.301773955661102,4.827180108329273,-0.5186077765901889,1.4811680336554982,-0.934012906676946,-1.075384467101017
10.0,244.0,1000.0233154296876,-4.24409959656231,-2.952540239273442,-1.964057560770296,0.6894284996496864,-1.3017717775604338,4.827178349588916,-0.518607826465523,1.4811679109898712,-0.934014051672504,-1.075384077756519
10.0,244.0,1000.0233154296876,-4.244100111646629,-2.952538282891385,-1.9640574332041327,0.6894272875248353,-1.3017746622628508,4.827180711913972,-0.5186077678013454,1.4811681126281515,-0.934012548344108,-1.0753845667660928
10.0,244.0,1000.0233154296876,-4.244099634888588,-2.95253999936198,-1.964057536310828,0.6894283524494416,-1.301772097407797,4.827178627698524,-0.5186078376095713,1.4811679475941952,-0.9340138990896404,-1.075384112470962
10.0,244.0,1000.0233764648438,-4.244099881140272,-2.952539114171085,-1.9640574772080568,0.6894277942005855,-1.3017733900934163,4.827179709573356,-0.5186078087819537,1.4811680403387797,-0.9340132206261504,-1.0753843189300492
10.0,244.0,1000.023193359375,-4.244100210216135,-2.952537963116362,-1.9640574151496493,0.6894270960873712,-1.3017751174865189,4.82718108557167,-0.5186077527281627,1.4811681706569724,-0.9340123040011834,-1.075384628366049
10.0,244.0,1000.023193359375,-4.24410008674148,-2.9525384014170166,-1.964057446691199,0.6894273484246352,-1.301774483419604,4.827180571737372,-0.5186077654776806,1.4811681034068602,-0.9340126270433524,-1.0753845322289903
10.0,244.0,1000.0233764648438,-4.244100095177648,-2.952538337958822,-1.9640574488732243,0.6894273039858732,-1.3017745862888317,4.827180643177483,-0.5186077626964183,1.4811680912751708,-0.934012578986116,-1.0753845662313766
10.0,244.0,1000.0233154296876,-4.2441003039035134,-2.952537593148312,-1.964057400773077,0.689426838948024,-1.3017756801302085,4.827181547503932,-0.5186077391361206,1.481168177708561,-0.9340120032501504,-1.0753847444850786
10.0,244.0,1000.023193359375,-4.244099975387284,-2.9525388646147035,-1.96405743645788,0.689427682439244,-1.3017737248889083,4.827180008427224,-0.5186077927319834,1.4811681179896183,-0.934013032629756,-1.0753843632314606
10.0,244.0,1000.0233764648438,-4.244099998268312,-2.952538744519257,-1.9640574564738813,0.6894275738872135,-1.3017740000683142,4.827180162114054,-0.5186077803334941,1.481168071857378,-0.9340129051491282,-1.075384445905068
10.0,244.0,1000.023193359375,-4.244100127843189,-2.9525381824662644,-1.964057426392028,0.6894272218319291,-1.3017748094172243,4.827180835013145,-0.518607765023285,1.481168128447993,-0.9340124752520323,-1.075384587614621
10.0,244.0,1000.0232543945312,-4.244100022232574,-2.952538618366309,-1.964057450602796,0.6894274901304156,-1.3017741798495743,4.827180315078966,-0.5186077737567008,1.4811680708744523,-0.9340128075507232,-1.075384490297297
10.0,244.0,1000.0234375,-4.244100319156277,-2.95253756026952,-1.964057374506876,0.6894268444716758,-1.3017756872160915,4.827181591222821,-0.518607750479287,1.4811682205878496,-0.9340120013017668,-1.0753847166688808
10.0,244.0,1000.0232543945312,-4.2440999873851375,-2.952538845276801,-1.964057478653829,0.689427612849542,-1.3017738917148731,4.827180052593601,-0.518607770748237,1.481168032757358,-0.9340129505980084,-1.0753844459035102
10.0,244.0,1000.023193359375,-4.244100278502792,-2.9525376962938914,-1.964057399410668,0.6894269215423314,-1.3017755113122091,4.827181417915503,-0.518607744323111,1.4811681842401256,-0.9340120977494806,-1.0753846971202807
10.0,244.0,1000.0234375,-4.244100221691881,-2.952537955506039,-1.964057390964289,0.6894271003393726,-1.30177510464467,4.827181112811305,-0.5186077582257038,1.4811681937562513,-0.934012305683214,-1.075384612347197
10.0,244.0,1000.023193359375,-4.244100180216668,-2.952538044403436,-1.964057399699504,0.6894271442412734,-1.301774997532958,4.827181010466386,-0.5186077688090389,1.4811681612878385,-0.9340123766134258,-1.075384605755862
10.0,244.0,1000.0234375,-4.244099897143276,-2.952539077207513,-1.964057476351107,0.6894277717115136,-1.301773483144737,4.827179752325728,-0.5186078059183012,1.4811680388221946,-0.9340131863114428,-1.0753843460141614
10.0,244.0,1000.023193359375,-4.244100258161044,-2.9525377191682125,-1.964057405678222,0.6894269251726639,-1.3017754853747938,4.827181388845267,-0.5186077487713572,1.4811681683166211,-0.934012111815969,-1.0753847030030688
10.0,244.0,1000.0233154296876,-4.244099983317808,-2.952538840755272,-1.9640574552442465,0.6894276252420681,-1.301773830940526,4.82718004304091,-0.5186077896143457,1.4811680708567554,-0.934013000435062,-1.0753843954440834
10.0,244.0,1000.023193359375,-4.24409995022627,-2.9525388642816224,-1.964057445160786,0.6894276663291485,-1.301773746639641,4.827180002796421,-0.5186078025025829,1.4811680873721924,-0.9340130410926486,-1.0753843828946943
10.0,244.0,1000.023193359375,-4.244100211636673,-2.9525379804018965,-1.964057431215636,0.6894270737958044,-1.3017751543826717,4.827181080438349,-0.5186077453418889,1.4811681288095393,-0.9340122898183632,-1.075384660946202
10.0,244.0,1000.0234375,-4.244099888763321,-2.952539090220129,-1.9640574728523124,0.6894277777914235,-1.3017734198207038,4.827179733465458,-0.5186078103509448,1.4811680418208135,-0.9340132110894652,-1.07538432146215
10.0,244.0,1000.0234375,-4.244100203460852,-2.952537956637324,-1.964057403268913,0.6894270853145592,-1.3017751086783846,4.827181113348956,-0.5186077631684576,1.4811681649039334,-0.934012304261632,-1.075384630350542
10.0,244.0,1000.0232543945312,-4.244100247849818,-2.952537796954672,-1.9640573909420704,0.6894269728093052,-1.301775343790089,4.827181312149737,-0.518607767096924,1.4811681898411164,-0.934012190894208,-1.075384647133386
10.0,244.0,1000.0234375,-4.244100530459644,-2.952536740674144,-1.964057326894496,0.6894263226933877,-1.3017769155154246,4.827182589594122,-0.5186077219301746,1.4811682813951697,-0.934011367048269,-1.0753849359408192
10.0,244.0,1000.0234375,-4.244099912053143,-2.9525390549100297,-1.964057473597112,0.689427756764025,-1.301773500807701,4.827179779707889,-0.5186078023135705,1.4811680479657197,-0.934013163415349,-1.07538434627469
10.0,244.0,1000.023193359375,-4.244100075813512,-2.952538447001466,-1.96405745013536,0.6894273837392291,-1.3017744245033098,4.8271805141862885,-0.5186077668963138,1.4811680971903298,-0.9340126660880816,-1.0753845238244095
10.0,244.0,1000.023193359375,-4.244100145473412,-2.952538141392025,-1.964057419114802,0.6894272015106981,-1.3017748334728374,4.827180882794695,-0.5186077707935146,1.4811681422876388,-0.9340124520808556,-1.0753845835256737
10.0,244.0,1000.0232543945312,-4.244100026177245,-2.952538638607227,-1.964057467284412,0.6894275021495613,-1.3017741473482665,4.827180277975863,-0.5186077668349247,1.481168065710485,-0.934012812012604,-1.0753844790294425
10.0,244.0,1000.0233764648438,-4.244099755400759,-2.9525395572665207,-1.9640575245584169,0.6894280714814514,-1.3017727977088334,4.827179164805251,-0.5186078088988104,1.4811679740992592,-0.9340135292602012,-1.0753842567064265
10.0,244.0,1000.0232543945312,-4.244099977171638,-2.952538862662499,-1.9640574722111364,0.6894276261862196,-1.3017738342574383,4.827180028024037,-0.5186077811024692,1.481168044809868,-0.9340129937315548,-1.0753844009281948
10.0,244.0,1000.0233764648438,-4.244099761735332,-2.952539536914531,-1.964057516086396,0.6894280637867407,-1.3017727993248265,4.827179190067604,-0.5186078140462111,1.4811679879108883,-0.9340135272843691,-1.0753842337576924
10.0,244.0,1000.023193359375,-4.24409985479654,-2.9525391355711434,-1.964057508195709,0.6894278018105782,-1.3017734019907974,4.827179665056921,-0.5186077947973278,1.4811680081841605,-0.9340132074246804,-1.075384353650359
10.0,244.0,1000.023193359375,-4.244100037987113,-2.952538612066636,-1.964057458852074,0.6894274949264076,-1.3017741862450354,4.827180323121258,-0.5186077698100213,1.4811680819319983,-0.9340127843456624,-1.075384494141041
10.0,244.0,1000.0232543945312,-4.244100043759942,-2.95253864533446,-1.9640574429317128,0.6894275275817847,-1.3017741050402036,4.8271802843872855,-0.5186077753362603,1.4811681119086506,-0.9340128251013962,-1.0753844532878063
10.0,244.0,1000.023193359375,-4.24410024763996,-2.9525378232684707,-1.964057425041716,0.6894269836064186,-1.3017753806009118,4.827181281775399,-0.5186077318784816,1.4811681395161314,-0.93401214082626,-1.0753847129600107
10.0,244.0,1000.0232543945312,-4.244100011469774,-2.952538656643358,-1.9640574635117407,0.6894274935959723,-1.3017741252799149,4.827180263224799,-0.5186077864847354,1.481168060569466,-0.9340128353250244,-1.0753844692296397
10.0,244.0,1000.023193359375,-4.244099847334478,-2.952539213310577,-1.964057513948444,0.6894278402193885,-1.3017733028256735,4.827179580487762,-0.5186077988525746,1.48116799779939,-0.934013252462316,-1.075384342002657
10.0,244.0,1000.0232543945312,-4.244100168807309,-2.9525380916469177,-1.96405740802432,0.6894271680219077,-1.3017749119687676,4.827180945932764,-0.5186077722969493,1.4811681559395329,-0.9340124307009424,-1.0753845726018958
10.0,244.0,1000.0233764648438,-4.244099920384741,-2.952538999050503,-1.9640574736734528,0.689427732665628,-1.301773595031512,4.827179848491079,-0.5186077938529206,1.481168053273084,-0.9340131091001344,-1.075384370604444
10.0,244.0,1000.023193359375,-4.244100121729055,-2.952538227690555,-1.9640574368566923,0.6894272337635208,-1.3017747557346695,4.827180774732465,-0.5186077701121397,1.4811681050513528,-0.9340125067387408,-1.0753845871286174
10.0,244.0,1000.023193359375,-4.244100056866938,-2.9525384214544785,-1.964057432529783,0.6894273808954141,-1.301774419604329,4.8271805408879445,-0.518607780890731,1.4811681156501244,-0.93401267199188,-1.075384515150504
10.0,244.0,1000.0233764648438,-4.244099917223087,-2.9525389955820773,-1.9640574646150148,0.6894277259564117,-1.3017735579643528,4.827179843256712,-0.5186078086845134,1.4811680673009464,-0.9340131370872076,-1.0753843423846536
10.0,244.0,1000.0233154296876,-4.244100281784568,-2.9525376995764034,-1.964057390952512,0.6894269095702157,-1.3017755228088097,4.827181418795529,-0.5186077517196797,1.4811681823790632,-0.9340121107924196,-1.0753846957433928
10.0,244.0,1000.0232543945312,-4.244099764449958,-2.952539517069376,-1.964057518039776,0.6894280489283684,-1.301772836586936,4.827179206328635,-0.5186078145686555,1.4811679804481717,-0.934013511574145,-1.075384249595437
10.0,244.0,1000.0233154296876,-4.244099681517756,-2.9525398028446697,-1.964057536036752,0.689428221793424,-1.301772412837872,4.827178877730834,-0.5186078263919383,1.4811679543098863,-0.9340137216364806,-1.0753841769190542
10.0,244.0,1000.0232543945312,-4.244100017994231,-2.95253879390105,-1.9640574529427488,0.6894276091739924,-1.3017739076735135,4.827180105306608,-0.5186077774828703,1.481168090358934,-0.9340129454229542,-1.075384407791594
10.0,244.0,1000.0232543945312,-4.2440999297035225,-2.952538974267421,-1.9640574721706865,0.6894276958787859,-1.3017736562070503,4.827179885166348,-0.5186077980988459,1.4811680371210745,-0.934013093358078,-1.0753843782842862
10.0,245.0,1000.0232543945312,-4.244099917434797,-2.952538992502158,-1.9640574851460848,0.6894277279482095,-1.3017736124803498,4.827179864927347,-0.5186077847111843,1.4811680446809683,-0.9340130741118332,-1.075384393077346
10.0,245.0,1000.0232543945312,-4.24409990799636,-2.9525389982985137,-1.964057488055797,0.6894277213244457,-1.301773622122171,4.827179838842628,-0.518607790264408,1.4811680305597683,-0.9340130954912258,-1.0753844045447298
10.0,245.0,1000.023193359375,-4.244100035047093,-2.952538470202212,-1.9640574435966207,0.6894274060947669,-1.3017743603130731,4.827180480636633,-0.5186077790068415,1.4811680964511318,-0.9340127031695128,-1.0753845188560185
10.0,245.0,1000.0232543945312,-4.2440998516476425,-2.9525392664640497,-1.9640574991482311,0.6894278945975625,-1.301773200343482,4.827179518715969,-0.5186078009588773,1.4811680178669775,-0.9340133102429338,-1.0753843058994983
10.0,245.0,1000.0233154296876,-4.244099989015898,-2.952538761943856,-1.964057463969868,0.6894275784564297,-1.3017739463241718,4.827180137146266,-0.5186077851484541,1.4811680680282704,-0.9340129166174408,-1.0753844341091048
10.0,245.0,1000.0233764648438,-4.2440999069706,-2.9525390231958903,-1.9640574845002328,0.6894277438246625,-1.30177355872683,4.827179816976667,-0.518607791602598,1.4811680370453617,-0.9340131267130438,-1.075384368329825
10.0,245.0,1000.0232543945312,-4.244099962203087,-2.952538785709376,-1.964057481053702,0.6894275836229831,-1.3017739174998182,4.827180098256607,-0.5186077822683286,1.4811680521274786,-0.9340129295446395,-1.0753844409424262
10.0,245.0,1000.023193359375,-4.244100038989899,-2.95253851290704,-1.9640574594571825,0.6894274216176886,-1.301774300883443,4.827180437124882,-0.5186077677348351,1.4811680871356143,-0.934012706452604,-1.0753845141522609
10.0,245.0,1000.0232543945312,-4.244099824972208,-2.95253935786368,-1.9640575029095595,0.6894279487746466,-1.3017730743544758,4.827179413390626,-0.5186078036315607,1.4811680031872043,-0.9340133858466187,-1.0753842823231508
10.0,245.0,1000.0232543945312,-4.244100177191369,-2.9525380988262464,-1.964057429338984,0.689427161009796,-1.3017749426328162,4.827180930375446,-0.5186077568774099,1.4811681294624268,-0.9340124023841714,-1.075384604084757
10.0,245.0,1000.023193359375,-4.244100142274816,-2.952538159457798,-1.9640574526175127,0.6894271893886925,-1.301774868904194,4.827180855753548,-0.5186077533229101,1.4811681003244883,-0.9340124305485152,-1.075384613759145
10.0,245.0,1000.0232543945312,-4.244100054464893,-2.952538484906586,-1.9640574483167328,0.6894274006107715,-1.3017743378783662,4.82718046199148,-0.5186077782468175,1.481168100266598,-0.9340127185214158,-1.0753844932043806
10.0,245.0,1000.0232543945312,-4.2441000421753134,-2.9525386315564623,-1.9640574324342164,0.6894275171446784,-1.301774093964876,4.827180292295999,-0.518607783790971,1.481168117207635,-0.9340128479410597,-1.075384428391395
10.0,245.0,1000.023193359375,-4.24410017664553,-2.952538042586754,-1.9640574130656665,0.6894271496972371,-1.301774963773874,4.827180994936647,-0.5186077585811022,1.481168162439884,-0.9340123747037136,-1.075384600752229
10.0,245.0,1000.0232543945312,-4.244100075237166,-2.95253841755137,-1.9640574219111544,0.6894273858128059,-1.301774387768452,4.827180540263301,-0.518607781865418,1.4811681377479404,-0.9340126881468668,-1.0753844873968863
10.0,245.0,1000.023193359375,-4.244100107899832,-2.9525382497304493,-1.9640574389919665,0.6894272630279819,-1.301774700673307,4.827180752224612,-0.5186077672303702,1.4811681182338168,-0.9340125144347038,-1.0753845783651903
10.0,245.0,1000.0233154296876,-4.2440997752976175,-2.952539519296685,-1.964057508512816,0.689428057980459,-1.3017727983465202,4.827179207278471,-0.5186078165870853,1.481168004710689,-0.9340135228437844,-1.0753842327355074
10.0,245.0,1000.0232543945312,-4.2441000815176855,-2.952538444180006,-1.9640574309222345,0.6894273897300156,-1.3017744101294777,4.827180524193322,-0.518607777759855,1.4811681247745012,-0.9340126832855936,-1.0753845033124398
10.0,245.0,1000.0233154296876,-4.244100295831036,-2.9525376824402723,-1.9640573774057648,0.6894269293981257,-1.301775524256113,4.827181451883241,-0.5186077476058006,1.4811681982718286,-0.9340120963743912,-1.075384697001846
10.0,245.0,1000.0233154296876,-4.244099865370308,-2.952539226079614,-1.9640574856282087,0.689427886500054,-1.3017732087320004,4.827179558674189,-0.5186078027543211,1.481168041032399,-0.9340133012936072,-1.07538429651433
10.0,245.0,1000.0233154296876,-4.244099953533038,-2.952538824608503,-1.9640574545121368,0.689427633298223,-1.301773826825854,4.827180043942873,-0.5186078000391401,1.4811680802676497,-0.934013006247385,-1.0753843995397148
10.0,245.0,1000.023193359375,-4.24410011833273,-2.9525382348024487,-1.964057432649417,0.6894272578955363,-1.301774724443761,4.82718076100592,-0.5186077658482144,1.4811681196542317,-0.9340125198261404,-1.0753845736025998
10.0,245.0,1000.0234375,-4.244099894427487,-2.952539093365782,-1.964057466867736,0.6894278030327978,-1.3017734456330974,4.827179740667219,-0.5186077979204864,1.48116803680458,-0.9340131937392986,-1.075384352463061
10.0,245.0,1000.0232543945312,-4.244100115712712,-2.952538287719994,-1.964057411334441,0.689427309132105,-1.301774596791918,4.827180707233138,-0.5186077763363661,1.4811681512684984,-0.9340125788765938,-1.0753845293582875
10.0,245.0,1000.0233154296876,-4.244099882459273,-2.952539096202786,-1.9640575102104425,0.6894277780628926,-1.301773512231157,4.827179725719455,-0.5186077819628228,1.4811679968296074,-0.9340131458245118,-1.075384400309451
10.0,245.0,1000.0233154296876,-4.244100043472435,-2.952538653917109,-1.964057429163832,0.6894275255459705,-1.3017740577060604,4.82718026716412,-0.5186077922823715,1.481168132735915,-0.9340128750475802,-1.0753844021624004
10.0,245.0,1000.023193359375,-4.244100044794762,-2.9525385455364934,-1.964057440420086,0.6894274504976909,-1.3017742343714511,4.827180402934951,-0.5186077815768968,1.4811681076528398,-0.9340127561380775,-1.075384479290991
10.0,245.0,1000.0232543945312,-4.244100087261254,-2.9525383279333943,-1.964057433263908,0.6894273043426562,-1.3017745974007662,4.827180667042313,-0.5186077750071707,1.4811681097697802,-0.9340125786380372,-1.075384551270333
10.0,245.0,1000.023193359375,-4.244100151732097,-2.952538117455225,-1.9640574295649724,0.6894271828356393,-1.3017749025550571,4.827180914909476,-0.5186077623636907,1.4811681352135695,-0.9340124147849213,-1.0753846003807928
10.0,245.0,1000.023193359375,-4.244100226276503,-2.9525377950190017,-1.964057420770997,0.6894269563777105,-1.3017754032255602,4.827181298860072,-0.5186077549968147,1.4811681410904225,-0.9340121661743676,-1.0753846937831173
10.0,245.0,1000.0232543945312,-4.244099925207862,-2.9525389841960243,-1.9640574905496784,0.6894277163772342,-1.3017736514457283,4.827179864059573,-0.5186077832365168,1.4811680296433811,-0.9340130738928218,-1.0753844018128644
10.0,245.0,1000.023193359375,-4.244100131464883,-2.952538241891931,-1.9640574112410525,0.6894272743065946,-1.301774682690087,4.827180766418412,-0.5186077733132004,1.48116815697617,-0.9340125324631944,-1.075384547562095
10.0,245.0,1000.023193359375,-4.244099670234345,-2.952539960350409,-1.964057536884182,0.6894283224684186,-1.3017722144810309,4.82717868232703,-0.5186078254869733,1.481167939262268,-0.9340138567787264,-1.0753841389708074
10.0,245.0,1000.023193359375,-4.244100155654488,-2.952538130224921,-1.96405743286054,0.6894271801759793,-1.3017749128780771,4.827180901246413,-0.5186077597978418,1.4811681214632575,-0.9340124184980764,-1.075384610456224
10.0,245.0,1000.0233764648438,-4.244100005297403,-2.952538733639334,-1.9640574300301128,0.6894275780420864,-1.3017739421557186,4.827180176519072,-0.5186077918710996,1.4811681025604173,-0.9340129260102624,-1.0753844151490377
10.0,245.0,1000.0233154296876,-4.244099689044478,-2.952539880333718,-1.964057523278358,0.6894282877242706,-1.3017723086979465,4.827178781200836,-0.5186078203848368,1.4811679546089629,-0.9340137903396926,-1.0753841629724632
10.0,245.0,1000.023193359375,-4.244100064544676,-2.9525384000506896,-1.9640574417108128,0.6894273577361894,-1.3017744394527178,4.827180559112424,-0.518607780881454,1.4811681189309027,-0.93401265889175,-1.0753845051336306
10.0,245.0,1000.0232543945312,-4.244099949535827,-2.9525388334393297,-1.9640574889328315,0.689427617646273,-1.3017739035881195,4.827180055607659,-0.518607774527732,1.481168025970491,-0.934012932530596,-1.075384469839404
10.0,245.0,1000.0232543945312,-4.244100096138721,-2.952538316088348,-1.9640574383986047,0.6894273026898805,-1.301774623474245,4.827180677481621,-0.5186077646419953,1.481168099856374,-0.9340125612182542,-1.0753845718018629
10.0,245.0,1000.0234375,-4.244100214487536,-2.9525379428500726,-1.9640573991810293,0.6894270860242715,-1.3017751118877945,4.8271811228467705,-0.5186077593900569,1.481168177578839,-0.934012299294773,-1.075384620252129
10.0,245.0,1000.0232543945312,-4.24410023024462,-2.952537858711352,-1.9640573931818093,0.6894270281792139,-1.301775277956608,4.827181238553752,-0.5186077579711874,1.4811681724500954,-0.9340122268116726,-1.0753846621485428
10.0,245.0,1000.023193359375,-4.244099961642552,-2.952538895911108,-1.964057461753642,0.6894276582844947,-1.3017737472732174,4.827179973487851,-0.5186077938222535,1.4811680644409444,-0.9340130413214948,-1.0753843901802411
10.0,245.0,1000.0232543945312,-4.244100069651217,-2.9525384031602693,-1.9640574547810887,0.6894273563396318,-1.3017744931174873,4.827180566053764,-0.5186077621832528,1.481168083791184,-0.9340126271125246,-1.0753845547445051
10.0,245.0,1000.023193359375,-4.244100069645938,-2.952538499823232,-1.964057450749616,0.6894274293379077,-1.301774339084512,4.827180453826331,-0.5186077605583144,1.4811680963597702,-0.9340127034606064,-1.0753845022296566
10.0,245.0,1000.023193359375,-4.244100063101429,-2.952538539367571,-1.9640574550508536,0.6894274578507158,-1.3017743005273843,4.8271804121616455,-0.5186077564270413,1.481168088099469,-0.9340127224985952,-1.0753845072318375
10.0,245.0,1000.023193359375,-4.244100224024496,-2.952537816450305,-1.964057430086216,0.6894269705315894,-1.30177540219389,4.827181273896366,-0.5186077371723039,1.4811681127583771,-0.9340121531823532,-1.0753847268995766
10.0,245.0,1000.0232543945312,-4.244099982844808,-2.952538758174144,-1.964057462258672,0.6894275865311865,-1.3017739520571014,4.827180116861591,-0.5186077867051004,1.4811680803084624,-0.934012936510192,-1.075384427665406
10.0,245.0,1000.0233764648438,-4.24409999266878,-2.9525386825658164,-1.9640574639441424,0.6894275384461146,-1.3017740582836073,4.827180217071453,-0.5186077793212451,1.4811680791729476,-0.9340128604736117,-1.0753844602659912
10.0,245.0,1000.023193359375,-4.244100189933696,-2.9525380489864865,-1.9640574182895567,0.689427137395807,-1.3017749923565431,4.827180993513146,-0.5186077531494835,1.4811681515602242,-0.934012363077966,-1.0753846130841636
10.0,245.0,1000.0232543945312,-4.244100019473825,-2.952538633416274,-1.9640574686647176,0.6894274956328017,-1.301774159635233,4.827180284510572,-0.5186077734884211,1.4811680677700734,-0.9340128107728578,-1.0753844850837808
10.0,246.0,1000.0232543945312,-4.244100170302536,-2.95253799835583,-1.9640574123195305,0.6894271016996889,-1.301775058879569,4.827181061991867,-0.5186077637052078,1.4811681417960525,-0.934012333281478,-1.075384633409575
10.0,246.0,1000.0233764648438,-4.244099988886397,-2.9525387330533395,-1.9640574881455524,0.6894275388450328,-1.3017740539894982,4.827180170432566,-0.5186077711061259,1.4811680303330288,-0.934012862437812,-1.0753844872413891
10.0,246.0,1000.0233154296876,-4.244100386769295,-2.95253732204698,-1.964057370122868,0.6894266902699631,-1.301776082780568,4.827181884565446,-0.5186077302489274,1.4811682221465228,-0.934011796770596,-1.075384803462092
10.0,246.0,1000.023193359375,-4.244100142358475,-2.952538199453412,-1.964057431974116,0.6894272335029852,-1.301774788964762,4.827180816556385,-0.5186077565319636,1.4811681222510265,-0.9340124793324422,-1.075384581350738
10.0,246.0,1000.0232543945312,-4.244100171122959,-2.952538084029119,-1.9640574214007192,0.6894271730390198,-1.30177493240598,4.827180955369869,-0.5186077583168904,1.4811681514834918,-0.9340123919800672,-1.0753846033692636
10.0,246.0,1000.023193359375,-4.244100048119581,-2.952538502002245,-1.964057432093448,0.6894274381299015,-1.3017742929707938,4.827180455860583,-0.5186077775645268,1.481168120450591,-0.934012721532998,-1.075384494109279
10.0,246.0,1000.0233154296876,-4.244100382391334,-2.952537263050047,-1.9640573662592349,0.6894266496504979,-1.3017761428654424,4.827181948090207,-0.5186077350485849,1.4811682297595752,-0.9340117612311704,-1.0753848161751889
10.0,246.0,1000.023193359375,-4.244100086215797,-2.952538371088881,-1.9640574300822984,0.6894273603143466,-1.3017745097964522,4.827180596611655,-0.5186077726490952,1.481168117571067,-0.9340126389906304,-1.0753845314871406
10.0,246.0,1000.0232543945312,-4.244099987139024,-2.9525387639340344,-1.9640574635358767,0.6894275844173752,-1.301773945557069,4.827180133621415,-0.51860778026915,1.481168064451448,-0.934012917213705,-1.0753844475751828
10.0,246.0,1000.023193359375,-4.244099702630652,-2.952539744957811,-1.9640575369936049,0.6894281815642245,-1.301772521487198,4.827178939315012,-0.5186078187713994,1.4811679480745354,-0.934013674360405,-1.075384205763681
10.0,246.0,1000.0232543945312,-4.24409980273382,-2.952539450092347,-1.9640574984973345,0.6894280190596067,-1.301772927578404,4.827179300069105,-0.5186078092571753,1.481168007244202,-0.934013466953444,-1.0753842551534305
10.0,246.0,1000.0233154296876,-4.244100004146619,-2.95253869889052,-1.9640574599146368,0.6894275537958308,-1.3017740511250793,4.827180212784327,-0.518607770648372,1.4811680745535636,-0.9340128571418802,-1.075384474149716
10.0,246.0,1000.0234375,-4.244100182726926,-2.9525379459832126,-1.9640574446117909,0.6894270546398173,-1.301775179626912,4.827181106247213,-0.5186077489518244,1.4811681202997071,-0.9340122604800358,-1.0753846729991805
10.0,246.0,1000.023193359375,-4.244100186378996,-2.95253795810448,-1.9640574158008053,0.689427079093333,-1.3017751092331311,4.827181096328069,-0.5186077595894769,1.4811681474334168,-0.9340123109072636,-1.0753846337299229
10.0,246.0,1000.0232543945312,-4.244100018840799,-2.9525386061916743,-1.9640574636192647,0.6894274782286924,-1.3017741906958644,4.827180325722448,-0.5186077741531943,1.4811680728137588,-0.934012784011105,-1.0753844938303203
10.0,246.0,1000.023193359375,-4.244099759072371,-2.952539635182412,-1.964057521220144,0.6894281338302655,-1.3017726663581817,4.827179077803066,-0.5186078065532147,1.4811679871439418,-0.9340135764055626,-1.075384230138103
10.0,246.0,1000.0233154296876,-4.244099945623264,-2.952538844729528,-1.9640574759917344,0.6894276275338704,-1.30177381852927,4.8271800233438285,-0.518607795395317,1.4811680554643931,-0.9340129900371156,-1.0753844196742186
10.0,246.0,1000.023193359375,-4.244100036060466,-2.952538551420861,-1.964057459951471,0.6894274513098413,-1.3017742703700734,4.827180384154984,-0.5186077752568261,1.4811680893343937,-0.9340127517307462,-1.0753844884235964
10.0,246.0,1000.023193359375,-4.244100188707393,-2.952537984280114,-1.964057425866636,0.6894270943047953,-1.3017751109396665,4.827181075131644,-0.5186077553354416,1.4811681415720148,-0.9340123058398636,-1.0753846430548348
10.0,246.0,1000.023193359375,-4.2441000591180025,-2.9525384898214284,-1.9640574553564776,0.6894274071126114,-1.3017743541577644,4.827180459159255,-0.5186077720585622,1.4811680983043418,-0.9340127067748032,-1.0753845021892183
10.0,246.0,1000.0232543945312,-4.244100054310526,-2.952538475963865,-1.964057449185588,0.6894274033724166,-1.3017743736215874,4.827180481416985,-0.5186077685518988,1.4811680880621996,-0.9340126968706404,-1.0753845165104847
10.0,246.0,1000.0233154296876,-4.244100089604749,-2.952538348585924,-1.964057445700988,0.6894273089756275,-1.3017745555613756,4.82718062734248,-0.518607773924173,1.4811681052829997,-0.934012596616732,-1.075384538889808
10.0,246.0,1000.0232543945312,-4.244100015465243,-2.952538648793218,-1.9640574587573552,0.6894275056692942,-1.3017741305655712,4.827180269294708,-0.5186077792552926,1.481168072137779,-0.934012830415627,-1.0753844739980871
10.0,246.0,1000.0233154296876,-4.24409984464292,-2.952539242444556,-1.9640575023803093,0.68942787345933,-1.3017732687967092,4.827179554623395,-0.5186078003353654,1.4811680002904346,-0.9340132845236484,-1.0753843335454754
10.0,246.0,1000.0234375,-4.24409988427626,-2.952539112666202,-1.9640574901046608,0.6894277956900989,-1.3017734415617066,4.827179714129443,-0.5186077913785718,1.481168027397941,-0.9340131818595124,-1.0753843569295518
10.0,246.0,1000.0233154296876,-4.244100086532971,-2.9525383150977,-1.9640574441792684,0.6894273003271518,-1.301774603672941,4.827180672528565,-0.5186077673372207,1.4811681039738698,-0.9340125690072218,-1.0753845588690658
10.0,246.0,1000.023193359375,-4.244099833561081,-2.952539253211541,-1.9640575032442893,0.6894278816192809,-1.3017732245432505,4.827179528265408,-0.5186078016008357,1.4811680023875091,-0.934013302203561,-1.075384329881878
10.0,246.0,1000.0233154296876,-4.244100273048293,-2.9525377257258,-1.964057388545996,0.6894269472087613,-1.3017754476432564,4.827181383728586,-0.5186077534754503,1.4811681977790112,-0.9340121379715214,-1.0753846697331126
10.0,246.0,1000.023193359375,-4.244100158136487,-2.9525381313467327,-1.964057416081086,0.6894272070397793,-1.3017748397137003,4.827180892431674,-0.5186077625911159,1.4811681575397353,-0.9340124424183616,-1.0753845753536644
10.0,246.0,1000.0232543945312,-4.24410011559782,-2.952538308782788,-1.9640574368525665,0.6894273007070826,-1.3017746196676256,4.827180685765281,-0.518607764381005,1.4811681222625983,-0.9340125624035752,-1.0753845491282976
10.0,246.0,1000.023193359375,-4.244099725786781,-2.952539710612656,-1.964057538045516,0.6894281578325447,-1.3017725913396228,4.827178991495298,-0.5186078087315611,1.481167947170122,-0.934013634879448,-1.0753842255014776
10.0,246.0,1000.023193359375,-4.244099945046093,-2.9525388573332854,-1.964057478142212,0.6894276487650934,-1.3017737892871168,4.827180003802322,-0.518607785524372,1.4811680566323338,-0.9340129969955572,-1.0753844139669386
10.0,246.0,1000.023193359375,-4.244099958977064,-2.9525388824631453,-1.9640574777334785,0.6894276549163001,-1.301773774160231,4.827179987564987,-0.5186077820066028,1.4811680525658844,-0.9340130005538514,-1.0753844132211523
10.0,246.0,1000.023193359375,-4.244100155197756,-2.952538156671868,-1.9640574095755428,0.689427218404731,-1.301774813973141,4.827180873542131,-0.5186077650495822,1.481168154538829,-0.9340124590400204,-1.075384570208127
10.0,246.0,1000.0232543945312,-4.244100001908933,-2.952538642014609,-1.9640574657910967,0.689427500090682,-1.3017741349205276,4.827180278530749,-0.5186077756513727,1.4811680641279477,-0.934012817098262,-1.0753844813806923
10.0,246.0,1000.0232543945312,-4.244099781220667,-2.9525394865132046,-1.964057518429556,0.6894280316179779,-1.3017728865842688,4.827179252089,-0.5186078018887503,1.481167987621891,-0.9340134715304752,-1.0753842655511936
10.0,246.0,1000.0234375,-4.244099865763012,-2.952539136181952,-1.9640575033165648,0.6894278071614623,-1.3017734247610415,4.827179677845857,-0.5186077916570033,1.4811680074090736,-0.9340131940240016,-1.075384368233382
10.0,246.0,1000.0232543945312,-4.24410023720996,-2.952537890897206,-1.9640573994010249,0.6894270508962848,-1.3017752088368622,4.827181191290734,-0.518607747139666,1.4811681768198506,-0.9340122407048196,-1.075384646921178
10.0,246.0,1000.023193359375,-4.244100156110012,-2.952538154278936,-1.9640574238537507,0.6894272064391025,-1.301774817388953,4.827180855538332,-0.5186077637666671,1.481168149748079,-0.9340124653270712,-1.0753845681198069
10.0,246.0,1000.0233154296876,-4.244099874791516,-2.9525392409248643,-1.964057484326101,0.6894278750591916,-1.3017732667957382,4.827179560377049,-0.518607804010994,1.4811680219401442,-0.9340132979442402,-1.0753843145913793
10.0,246.0,1000.023193359375,-4.24410024492108,-2.9525377395987404,-1.9640574266132127,0.6894269281418453,-1.3017754880968146,4.827181368643222,-0.5186077411747867,1.4811681421439165,-0.934012099243044,-1.0753847299281114
10.0,246.0,1000.0233764648438,-4.244099990466293,-2.952538717856713,-1.964057476236141,0.6894275501110849,-1.3017740204289292,4.827180185721723,-0.5186077745374842,1.4811680655322927,-0.934012860337547,-1.0753844679155788
10.0,246.0,1000.0232543945312,-4.2440998255394575,-2.9525393493626835,-1.9640574931338808,0.6894279564303574,-1.3017730608115503,4.827179422133753,-0.5186078101871052,1.4811680278038557,-0.9340133879355212,-1.075384273945427
10.0,246.0,1000.0232543945312,-4.244100189546243,-2.952537992307238,-1.9640574092765648,0.6894271111160135,-1.3017750581203371,4.827181064141804,-0.51860775992429,1.4811681573319602,-0.934012331320396,-1.0753846245646477
10.0,246.0,1000.023193359375,-4.244099967772595,-2.952538869285802,-1.9640574792148344,0.6894276496809475,-1.3017738093574382,4.827180006813105,-0.5186077722392479,1.4811680469024404,-0.9340129752008632,-1.0753844300007636
10.0,246.0,1000.023193359375,-4.244099636048593,-2.952540067679255,-1.9640575619263407,0.6894283794584775,-1.3017720622176294,4.82717855414681,-0.5186078185908372,1.4811679060770775,-0.9340139150979844,-1.0753841305373002
10.0,246.0,1000.0232543945312,-4.244099995885869,-2.9525386906692743,-1.96405748424892,0.6894275232400204,-1.3017740921606946,4.827180223595535,-0.5186077691406785,1.4811680440531516,-0.9340128229130168,-1.0753845015681436
10.0,246.0,1000.023193359375,-4.244100153059906,-2.952538181143617,-1.964057434796348,0.6894272080420958,-1.301774844818982,4.8271808487973615,-0.5186077533844529,1.4811681134684669,-0.9340124440382632,-1.0753846070245805
10.0,246.0,1000.0233154296876,-4.244100003231938,-2.952538691772371,-1.96405746956696,0.68942753881685,-1.301774066934625,4.827180217677681,-0.5186077759909455,1.4811680703444328,-0.9340128543142656,-1.0753844602652984
10.0,246.0,1000.0232543945312,-4.244099967617284,-2.952538788932957,-1.9640574786804148,0.689427590480455,-1.301773923058743,4.82718009095688,-0.5186077854226161,1.4811680543222223,-0.9340129340550316,-1.0753844483244208
10.0,247.0,1000.023193359375,-4.2440999580995165,-2.9525388561610493,-1.9640574825204693,0.6894276307608758,-1.3017738225465951,4.827180025316695,-0.5186077787679704,1.481168045749918,-0.9340129710322174,-1.0753844267052377
10.0,247.0,1000.023193359375,-4.244100117429943,-2.952538234933841,-1.9640574407383244,0.6894272434684598,-1.3017747402927695,4.827180776373561,-0.5186077658575279,1.481168113945199,-0.9340124992197776,-1.075384577990827
10.0,247.0,1000.0232543945312,-4.244100153794548,-2.952538116212286,-1.964057423260676,0.6894271830913716,-1.301774931134339,4.827180922964191,-0.5186077590390061,1.4811681240545287,-0.9340124101678836,-1.0753846240060017
10.0,247.0,1000.0234375,-4.2440999220338576,-2.952539043539636,-1.964057476626648,0.6894277636887196,-1.3017735148777412,4.827179796093409,-0.5186077863268528,1.4811680512318777,-0.934013138172448,-1.0753843543884378
10.0,247.0,1000.0232543945312,-4.24410025301181,-2.952537771151061,-1.964057409616116,0.6894269582239785,-1.3017754075199433,4.827181338389519,-0.5186077434443135,1.4811681693246372,-0.9340121387969776,-1.0753846826850628
10.0,247.0,1000.0233154296876,-4.244100006665805,-2.952538666451592,-1.964057448562828,0.6894275409394091,-1.301774030455225,4.827180236673449,-0.5186077812909327,1.481168102670792,-0.9340128654980716,-1.0753844355075644
10.0,247.0,1000.0232543945312,-4.244100004745086,-2.9525386709268684,-1.9640574685589207,0.6894275227636557,-1.3017741079387566,4.827180248054315,-0.5186077751373945,1.4811680705941177,-0.9340128282983108,-1.0753844803909365
10.0,247.0,1000.023193359375,-4.244100061706964,-2.952538509638653,-1.964057438098452,0.6894274315820867,-1.3017742876481964,4.827180436054785,-0.5186077779573424,1.481168115594481,-0.9340127357603524,-1.0753844836584854
10.0,247.0,1000.0233764648438,-4.244099979305392,-2.952538745530161,-1.9640574825570989,0.6894275595574975,-1.3017739896814713,4.827180153961297,-0.5186077754794463,1.4811680477804634,-0.9340128836048612,-1.0753844651390625
10.0,247.0,1000.023193359375,-4.244099752257346,-2.952539668115091,-1.9640575318712847,0.689428143691587,-1.3017726287107791,4.8271790330299975,-0.5186078049080463,1.4811679672091156,-0.9340136071470226,-1.0753842206071744
10.0,247.0,1000.0232543945312,-4.244099869123231,-2.952539146431374,-1.964057489074928,0.6894278164968153,-1.3017733799886178,4.827179667710531,-0.5186078003073487,1.4811680308384432,-0.9340132209184402,-1.075384339793937
10.0,247.0,1000.023193359375,-4.244100061423627,-2.95253846166806,-1.9640574507088804,0.6894273958829817,-1.3017744007615155,4.827180505689473,-0.5186077701090621,1.4811681045290372,-0.93401267216705,-1.0753845191155351
10.0,247.0,1000.0232543945312,-4.244099909650325,-2.952538997042578,-1.964057491888418,0.6894277228980839,-1.3017735953248994,4.827179847968075,-0.5186077904871249,1.481168031379026,-0.9340130877923284,-1.0753843919239428
10.0,247.0,1000.0232543945312,-4.244099958743607,-2.952538786080126,-1.964057467152741,0.6894275947678015,-1.3017739088646465,4.827180101926302,-0.5186077909280842,1.4811680626004442,-0.9340129446873382,-1.075384436177083
10.0,247.0,1000.0232543945312,-4.244099837804526,-2.9525393932743933,-1.964057489291759,0.6894279939862109,-1.3017729982982127,4.827179364574837,-0.5186078011950759,1.4811680322310936,-0.9340134241235702,-1.0753842554262878
10.0,247.0,1000.023193359375,-4.244100047556012,-2.952538550362776,-1.9640574527039176,0.6894274528673119,-1.301774251276766,4.827180387537513,-0.518607770054281,1.4811680906328428,-0.934012754711496,-1.0753844913322317
10.0,247.0,1000.023193359375,-4.244100046669212,-2.9525384365274387,-1.9640574563213016,0.6894273793494694,-1.3017744334643169,4.827180523240166,-0.518607769412271,1.481168086616039,-0.9340126573523282,-1.0753845380287603
10.0,247.0,1000.0234375,-4.244100215984313,-2.9525379082575447,-1.9640573979129368,0.6894270580108133,-1.3017751727151508,4.827181160949483,-0.5186077649439742,1.4811681838630566,-0.9340122816934135,-1.0753846262068274
10.0,247.0,1000.023193359375,-4.244100146342273,-2.952538166360816,-1.9640574282209384,0.6894272184547257,-1.3017748260676507,4.827180856978741,-0.5186077553874275,1.48116812818205,-0.9340124514859314,-1.075384590582482
10.0,247.0,1000.0234375,-4.244099909824973,-2.952539058435492,-1.9640574978191767,0.6894277650175349,-1.30177354202465,4.827179776141668,-0.5186077803053877,1.4811680266645195,-0.9340131212540292,-1.0753843836755372
10.0,247.0,1000.023193359375,-4.244100084947814,-2.9525384880951435,-1.9640574456529656,0.6894274264549871,-1.3017743445400587,4.827180464056227,-0.5186077603421548,1.4811681094614464,-0.9340126996461696,-1.0753844994848274
10.0,247.0,1000.0234375,-4.244099920344789,-2.9525390371319475,-1.9640574697606823,0.6894277633177275,-1.3017735127802004,4.827179796241834,-0.5186077952033861,1.4811680634073987,-0.9340131488662832,-1.07538434936389
10.0,247.0,1000.0232543945312,-4.244100290603619,-2.95253764571642,-1.9640573935710908,0.6894268846730958,-1.3017755931485682,4.82718148195125,-0.5186077427291993,1.4811681875058549,-0.9340120564597028,-1.075384715122688
10.0,247.0,1000.023193359375,-4.24410004716049,-2.95253850032997,-1.964057443868759,0.6894274266982432,-1.301774315117596,4.827180444334879,-0.5186077748289888,1.48116809466263,-0.9340127252419697,-1.075384503948282
10.0,247.0,1000.023193359375,-4.24409963119075,-2.952540054508226,-1.9640575451820244,0.689428405453608,-1.3017720254783254,4.827178551006442,-0.5186078249706192,1.481167939576883,-0.9340139374850436,-1.075384110622358
10.0,247.0,1000.0233154296876,-4.244099874408024,-2.9525392188288984,-1.964057479650444,0.689427890961789,-1.30177323380979,4.827179572888182,-0.5186077956320725,1.4811680505351124,-0.9340132907092302,-1.0753842954308863
10.0,247.0,1000.0232543945312,-4.244100029122583,-2.9525385851104167,-1.9640574518483325,0.6894274740471253,-1.301774192705249,4.827180348706776,-0.5186077759342878,1.481168085474005,-0.934012784924474,-1.075384481770513
10.0,247.0,1000.0232543945312,-4.244100028544861,-2.952538615234914,-1.9640574532261552,0.6894274966801595,-1.3017741510549126,4.827180313587816,-0.5186077777626927,1.4811680966511869,-0.9340128042863344,-1.0753844636646068
10.0,247.0,1000.0233764648438,-4.244100001193955,-2.9525386829960656,-1.964057453282504,0.6894275506594933,-1.301774021873095,4.827180218910108,-0.5186077802506048,1.4811680890764911,-0.934012875534858,-1.0753844439292504
10.0,247.0,1000.023193359375,-4.244100039024589,-2.952538535026981,-1.9640574518462204,0.6894274314863331,-1.3017742904629923,4.827180407454094,-0.5186077794575796,1.481168080500062,-0.934012744745246,-1.0753845029594131
10.0,247.0,1000.023193359375,-4.244099762094972,-2.9525395937041465,-1.964057521075166,0.6894280982034653,-1.3017727294742691,4.827179128223907,-0.5186078074943303,1.481167976315784,-0.934013552376129,-1.075384240378229
10.0,247.0,1000.023193359375,-4.24410012873506,-2.952538230542987,-1.9640574344173105,0.6894272575975737,-1.301774718131707,4.827180779864042,-0.5186077620474361,1.4811681309890137,-0.9340124967262406,-1.075384567898452
10.0,247.0,1000.0232543945312,-4.244099802301217,-2.9525394615944114,-1.964057505230328,0.6894280282176135,-1.3017729169656511,4.827179287190063,-0.5186078030655592,1.4811680042477269,-0.9340134634180464,-1.0753842594115874
10.0,247.0,1000.023193359375,-4.244100188396728,-2.9525379940649983,-1.9640574249595848,0.689427090909799,-1.3017750988430823,4.827181063239731,-0.5186077527630237,1.4811681297942112,-0.9340123172276656,-1.0753846430197251
10.0,247.0,1000.023193359375,-4.244100080719679,-2.9525383909386025,-1.964057443522424,0.6894273441771972,-1.301774503806949,4.827180583992135,-0.518607772833577,1.4811681039168612,-0.9340126341961036,-1.075384531352794
10.0,247.0,1000.0233764648438,-4.2441000903308055,-2.9525383235248777,-1.9640574456904831,0.6894273125291486,-1.3017745920979351,4.827180663389999,-0.5186077648017964,1.4811681005160224,-0.9340125638166804,-1.075384566915432
10.0,247.0,1000.0233764648438,-4.24409989573855,-2.9525390528217788,-1.9640574923744485,0.6894277612244952,-1.301773516919396,4.827179780798293,-0.518607789890746,1.481168030965688,-0.9340131316517768,-1.0753843732836637
10.0,247.0,1000.0232543945312,-4.244099798686846,-2.9525394854860405,-1.9640574951357688,0.6894280494030882,-1.3017728535735555,4.827179260286471,-0.51860781020304,1.4811680156910452,-0.9340134888551024,-1.0753842439290031
10.0,247.0,1000.023193359375,-4.244100065247399,-2.952538431885532,-1.9640574474469847,0.6894273782906799,-1.3017744372880982,4.827180527221843,-0.518607768662978,1.4811680948807897,-0.9340126676194576,-1.0753845216095876
10.0,247.0,1000.0232543945312,-4.244099999300535,-2.952538759737948,-1.9640574500138344,0.689427600975546,-1.301773902330488,4.8271801267716725,-0.518607786572324,1.4811681051786856,-0.9340129384867426,-1.0753844039848746
10.0,247.0,1000.023193359375,-4.24409972334882,-2.95253969664053,-1.964057536690651,0.6894281557269109,-1.301772577505326,4.827178993093064,-0.5186078126133093,1.481167958682823,-0.9340136374721943,-1.0753842137285767
10.0,247.0,1000.023193359375,-4.244100017855361,-2.952538626890364,-1.9640574672089937,0.6894274903417017,-1.3017741553471485,4.827180300824704,-0.5186077736362247,1.4811680716246292,-0.9340127965189292,-1.0753844819680234
10.0,247.0,1000.0232543945312,-4.244099945707156,-2.9525388837437654,-1.9640574991095967,0.6894276334183935,-1.3017738192788846,4.827179987271355,-0.5186077806492184,1.481168023293722,-0.9340129857059633,-1.0753844334000775
10.0,247.0,1000.023193359375,-4.244099846727757,-2.952539239048111,-1.9640575100302773,0.6894278700927936,-1.3017732580964,4.827179546363881,-0.5186077939485774,1.4811679984068853,-0.9340132795850772,-1.0753843363068434
10.0,247.0,1000.0232543945312,-4.244099957776107,-2.952538818110855,-1.9640574808566664,0.6894276133262567,-1.3017738753037218,4.827180056656054,-0.5186077818090054,1.4811680501853282,-0.9340129545657004,-1.0753844372383865
10.0,247.0,1000.0232543945312,-4.244099912602046,-2.952538965638668,-1.964057483385208,0.6894277036044745,-1.3017736420466353,4.827179881088474,-0.5186077938886333,1.481168036447155,-0.9340130831648876,-1.0753843891226975
10.0,247.0,1000.0232543945312,-4.244099963753328,-2.9525388593447683,-1.9640574777653776,0.6894276415728662,-1.3017738211552308,4.827180011534454,-0.5186077793109796,1.481168052528865,-0.9340129864709894,-1.0753844231784555
10.0,247.0,1000.023193359375,-4.244100051116703,-2.952538540674864,-1.9640574608919312,0.6894274596187975,-1.301774293076841,4.82718040475077,-0.5186077594222187,1.4811680835166907,-0.9340127139535532,-1.0753845224980991
10.0,247.0,1000.023193359375,-4.244100078891868,-2.9525384450652368,-1.964057451322104,0.689427376126055,-1.3017744312015198,4.827180520380862,-0.5186077644180909,1.4811680985067035,-0.9340126609119784,-1.0753845202425678
10.0,247.0,1000.0232543945312,-4.244099865930232,-2.952539242718878,-1.96405749761345,0.689427877870914,-1.3017732435336464,4.827179552275249,-0.5186077937515217,1.4811680170545038,-0.934013290182076,-1.0753843131680707
10.0,248.0,1000.0232543945312,-4.244100012637733,-2.952538651883035,-1.96405747315964,0.6894275091045143,-1.301774162225466,4.827180274368415,-0.5186077645889284,1.4811680521806636,-0.93401280481286,-1.0753845006664808
10.0,248.0,1000.0232543945312,-4.244099795700423,-2.952539481099876,-1.964057502510732,0.6894280405596813,-1.3017728678768652,4.82717926622615,-0.5186078074909197,1.4811680031302954,-0.9340134869295902,-1.0753842476555473
10.0,248.0,1000.0233764648438,-4.244100005333992,-2.952538697792724,-1.964057453394188,0.6894275506685501,-1.3017740396679622,4.827180219213924,-0.5186077758475589,1.4811680802750242,-0.9340128646337787,-1.075384460229794
10.0,248.0,1000.023193359375,-4.2440997020594,-2.952539749519981,-1.9640575368769069,0.6894281870018943,-1.3017725114282763,4.827178939230093,-0.5186078160235672,1.4811679480281637,-0.9340136716469436,-1.0753842078961775
10.0,248.0,1000.023193359375,-4.244099851620239,-2.952539273550221,-1.9640575073440587,0.689427896055637,-1.3017732232215975,4.827179516347066,-0.5186077896618233,1.4811680001318326,-0.9340132963802557,-1.0753843296973449
10.0,248.0,1000.0232543945312,-4.244099934397402,-2.9525389743571964,-1.9640574762865937,0.6894277189672327,-1.301773632475007,4.827179875244489,-0.5186077901505861,1.4811680529231117,-0.9340130841990596,-1.075384379925195
10.0,248.0,1000.0232543945312,-4.244099957200034,-2.952538865471687,-1.964057484184956,0.6894276374564328,-1.3017738363780222,4.82718001281585,-0.5186077769413497,1.481168035912357,-0.9340129784821104,-1.0753844397570829
10.0,248.0,1000.0232543945312,-4.2440998451071845,-2.9525392754172235,-1.964057502935329,0.6894279001970558,-1.3017731860792798,4.8271795081125575,-0.5186077961681264,1.4811680113603476,-0.9340133141422317,-1.0753843081716443
10.0,248.0,1000.0232543945312,-4.244099490719616,-2.9525405508721123,-1.964057585190632,0.6894286962453222,-1.3017713052202406,4.827177963279505,-0.5186078365229125,1.4811678733064635,-0.934014292765017,-1.0753840079898498
10.0,248.0,1000.023193359375,-4.244100151035978,-2.9525381822185177,-1.9640574186245447,0.6894272298880777,-1.3017747736333578,4.827180841797894,-0.5186077650118452,1.481168151281426,-0.9340124707532595,-1.0753845620921338
10.0,248.0,1000.0232543945312,-4.244099778763466,-2.9525394558071305,-1.964057514684592,0.6894280055551967,-1.3017729258745847,4.82717928545701,-0.5186078121852171,1.4811679804521125,-0.9340134633790412,-1.0753842768954265
10.0,248.0,1000.0233764648438,-4.24410008156324,-2.952538369015985,-1.964057453357828,0.6894273209331736,-1.3017745541014911,4.827180611242545,-0.5186077702446861,1.4811680879833649,-0.9340126006419176,-1.0753845532339232
10.0,248.0,1000.023193359375,-4.24410010294792,-2.9525382934642743,-1.964057441018547,0.6894272768940155,-1.301774645912376,4.827180696856816,-0.5186077713750326,1.4811681112679072,-0.9340125596841292,-1.0753845546259375
10.0,248.0,1000.0232543945312,-4.244099895090477,-2.9525391788655253,-1.964057478230856,0.6894278668214024,-1.3017733028692362,4.827179631525961,-0.5186077940135716,1.481168056114905,-0.9340132453905828,-1.075384312141705
10.0,248.0,1000.0232543945312,-4.244099940460538,-2.9525388723053823,-1.964057480760096,0.6894276385104519,-1.3017737909416145,4.827179997790692,-0.5186077885898026,1.4811680419129436,-0.9340129986953124,-1.0753844225903868
10.0,248.0,1000.0232543945312,-4.244099747011007,-2.952539602919655,-1.964057529035986,0.6894280911819406,-1.3017727146525897,4.827179116007997,-0.5186078079997536,1.4811679587529945,-0.93401355732124,-1.075384246304067
10.0,248.0,1000.0233764648438,-4.244099996154514,-2.9525387413890303,-1.964057462704772,0.6894275786884707,-1.3017739669687312,4.827180151765578,-0.5186077769057151,1.48116807453727,-0.9340129076136794,-1.0753844391898366
10.0,248.0,1000.0232543945312,-4.2440997850674815,-2.952539435846648,-1.964057517257693,0.6894279968247305,-1.301772951593709,4.827179308229281,-0.5186078034800365,1.4811679833394011,-0.9340134428824448,-1.0753842785886092
10.0,248.0,1000.0232543945312,-4.244099787748902,-2.952539493529615,-1.9640575242057825,0.6894280355404048,-1.3017729076967104,4.827179249619347,-0.5186077989645899,1.4811679741511066,-0.934013468480666,-1.0753842752283194
10.0,248.0,1000.0232543945312,-4.244099961040449,-2.952538850638716,-1.964057475088804,0.6894276317940609,-1.3017738253306903,4.8271800270583824,-0.518607783454053,1.4811680554488262,-0.9340129796058196,-1.0753844178439746
10.0,248.0,1000.0233154296876,-4.244099684505763,-2.9525398465884747,-1.96405753412265,0.689428255713084,-1.3017723413025446,4.827178813225057,-0.5186078224019521,1.4811679513724745,-0.9340137690466834,-1.0753841661695174
10.0,248.0,1000.0232543945312,-4.2440999568080215,-2.952538940273941,-1.9640574648669384,0.6894277114527059,-1.3017736596797072,4.827179914605784,-0.5186077849176751,1.481168076278614,-0.9340130655363428,-1.0753843726423131
10.0,248.0,1000.0232543945312,-4.244100001136381,-2.952538644630504,-1.964057471323612,0.6894274996709191,-1.3017741311783677,4.827180263545154,-0.5186077779104483,1.4811680595367474,-0.9340128274063266,-1.0753844774037518
10.0,248.0,1000.0233154296876,-4.24410000979465,-2.952538693909412,-1.964057462167197,0.68942753828654,-1.3017740618430014,4.827180222063971,-0.5186077746346802,1.4811680699830898,-0.9340128528687196,-1.0753844665863292
10.0,248.0,1000.0233764648438,-4.244099992576855,-2.9525387303820723,-1.9640574665752413,0.6894275660357874,-1.301773988162449,4.82718016504364,-0.5186077775824058,1.481168073035782,-0.9340128930842182,-1.075384444608987
10.0,248.0,1000.0234375,-4.244099896185468,-2.9525390647982688,-1.9640574801064887,0.6894277814582139,-1.3017734899504902,4.8271797624362165,-0.5186077947312135,1.4811680379480574,-0.9340131556252728,-1.0753843715955576
10.0,248.0,1000.0233154296876,-4.244100008317293,-2.9525386749855764,-1.9640574705627285,0.6894275289027307,-1.3017740879808375,4.827180243171137,-0.5186077682140864,1.4811680675521792,-0.9340128259422,-1.0753844738189366
10.0,248.0,1000.0232543945312,-4.244099972629284,-2.952538822021434,-1.9640574690385697,0.6894276205664447,-1.3017738587192156,4.827180062860508,-0.5186077793348085,1.481168062187292,-0.9340129566615928,-1.07538442406452
10.0,248.0,1000.023193359375,-4.244099932462019,-2.952538919945157,-1.9640574731463325,0.6894276900690368,-1.3017737167937882,4.827179942280992,-0.5186077867689534,1.4811680520923325,-0.9340130387612912,-1.075384407531878
10.0,248.0,1000.0232543945312,-4.244099970133581,-2.9525388166929725,-1.9640574857887008,0.6894276002640893,-1.301773904524603,4.8271800628554935,-0.518607780275067,1.481168043817095,-0.9340129437981828,-1.0753844436400044
10.0,248.0,1000.0234375,-4.2440998759507655,-2.9525391330539024,-1.964057496746113,0.6894278025127845,-1.301773425981973,4.827179685653192,-0.5186077955545665,1.481168011925968,-0.9340131937726666,-1.075384368768696
10.0,248.0,1000.0233764648438,-4.244100007352658,-2.952538701425249,-1.9640574673549336,0.6894275486183403,-1.301774040220789,4.82718020423594,-0.5186077730749021,1.481168074416729,-0.9340128610589992,-1.0753844559255823
10.0,248.0,1000.0232543945312,-4.244099707766137,-2.952539750438126,-1.9640575173449155,0.6894282109602345,-1.3017724634015648,4.827178932004417,-0.5186078219860226,1.481167976858381,-0.934013695962773,-1.0753841831666835
10.0,248.0,1000.0233764648438,-4.244099681710059,-2.952539928275818,-1.9640575317101137,0.6894283202428024,-1.3017722099044131,4.82717871897297,-0.5186078210995957,1.481167960924605,-0.934013829293435,-1.0753841342934356
10.0,248.0,1000.0234375,-4.244099901079867,-2.952539097505583,-1.9640574867177096,0.689427798006248,-1.3017734467502944,4.827179726679768,-0.5186077871237522,1.481168035381952,-0.9340131771214965,-1.0753843484818608
10.0,248.0,1000.0233154296876,-4.244099866554526,-2.952539220191462,-1.9640575074788849,0.6894278611712892,-1.301773307014491,4.827179580204563,-0.5186077855420415,1.4811680002405057,-0.934013247559566,-1.0753843490737234
10.0,248.0,1000.0232543945312,-4.244100117127769,-2.952538292062209,-1.9640574386824128,0.6894272898882505,-1.301774657294486,4.8271807091339,-0.5186077632327448,1.481168116173328,-0.9340125315590236,-1.075384574691256
10.0,248.0,1000.023193359375,-4.244100192022109,-2.952537965487568,-1.9640574025552948,0.6894271021694038,-1.3017750857954318,4.827181095750458,-0.5186077609597257,1.4811681720091665,-0.934012320467886,-1.075384615927148
10.0,248.0,1000.0233154296876,-4.244099691442185,-2.952539839424446,-1.9640575433824496,0.6894282425908846,-1.3017723932522731,4.827178827239626,-0.5186078161199745,1.481167937004507,-0.9340137422333604,-1.075384187328727
10.0,248.0,1000.0232543945312,-4.244100007706525,-2.952538601220533,-1.9640574679846567,0.6894274753581664,-1.301774202696682,4.827180325157665,-0.5186077748408398,1.4811680565873695,-0.9340127828742526,-1.0753845080012288
10.0,248.0,1000.0233154296876,-4.244099858140616,-2.952539233169535,-1.964057496514458,0.6894278800741684,-1.30177324030559,4.827179562378898,-0.5186077943187897,1.481168023464364,-0.9340132753030196,-1.0753843224005428
10.0,248.0,1000.0233154296876,-4.244099964865362,-2.952538846692472,-1.9640574709330307,0.6894276365901799,-1.301773819024957,4.827180029046623,-0.5186077839041179,1.4811680543161074,-0.9340129830114164,-1.0753844208100007
10.0,248.0,1000.023193359375,-4.2441000613732704,-2.952538497012458,-1.9640574439052112,0.6894274223034031,-1.3017743263150794,4.827180454520264,-0.5186077691737703,1.4811680981260995,-0.9340127186477822,-1.0753844990444712
10.0,248.0,1000.0232543945312,-4.244099783869014,-2.952539536089758,-1.9640575281286257,0.6894280497088516,-1.3017728503580457,4.827179200859483,-0.518607797789719,1.4811679693619215,-0.9340134909430288,-1.075384273559492
10.0,248.0,1000.0232543945312,-4.244099846904841,-2.95253932859047,-1.964057497446662,0.6894279429560326,-1.3017730982365672,4.827179444999798,-0.5186077983535196,1.4811680193071606,-0.9340133653314932,-1.0753842824726516
10.0,248.0,1000.023193359375,-4.244100065121789,-2.9525384775560823,-1.964057441003613,0.6894274113300822,-1.3017743657123555,4.827180482357177,-0.5186077730733167,1.4811681070028948,-0.9340126982372698,-1.0753845030677982
10.0,248.0,1000.0232543945312,-4.244099856665469,-2.9525392138743976,-1.9640575011879169,0.6894278700362646,-1.301773285815096,4.827179575788797,-0.5186077965444076,1.4811680236219509,-0.934013268412584,-1.075384324463356
10.0,248.0,1000.0232543945312,-4.244099900274509,-2.952538995432477,-1.9640574931901045,0.6894277092056988,-1.3017736248686496,4.827179851682782,-0.518607793997985,1.4811680230861306,-0.9340130917525736,-1.0753843954806652
10.0,248.0,1000.0232543945312,-4.244099974100765,-2.952538822467075,-1.9640574794078367,0.6894276125901699,-1.3017738855822083,4.82718006520181,-0.5186077747580171,1.4811680453436038,-0.9340129447857636,-1.075384439065532
10.0,248.0,1000.023193359375,-4.244099737092254,-2.952539659872811,-1.964057535837732,0.6894281254877317,-1.301772640788676,4.827179041145174,-0.5186078043070683,1.481167949412403,-0.934013602727492,-1.0753842263289677
10.0,249.0,1000.023193359375,-4.244100131833199,-2.9525382127765325,-1.9640574383101328,0.6894272291600414,-1.3017747866606388,4.827180799949998,-0.5186077611112072,1.4811681143631787,-0.9340124836298545,-1.075384583055917
10.0,249.0,1000.023193359375,-4.244100091539879,-2.952538374235115,-1.9640574456859847,0.6894273332286129,-1.3017745194442183,4.827180607074892,-0.5186077646405822,1.4811681028401915,-0.9340126071775964,-1.07538453903432
10.0,249.0,1000.0232543945312,-4.244099915064141,-2.952538982841052,-1.9640574832288369,0.6894277079000641,-1.3017736215153095,4.82717985673688,-0.5186077970468386,1.4811680406638272,-0.9340131075699364,-1.0753843693611485
10.0,249.0,1000.0233764648438,-4.244099886196963,-2.9525390764774144,-1.9640575118375263,0.6894277531200688,-1.301773532743541,4.827179757411935,-0.5186077827615678,1.4811679955724362,-0.9340131267594228,-1.0753843931078224
10.0,249.0,1000.0234375,-4.244099869701643,-2.9525391061430124,-1.964057493398232,0.6894277941801539,-1.3017734440869797,4.827179716099792,-0.5186077961568083,1.4811680237732432,-0.934013180338816,-1.0753843647332548
10.0,249.0,1000.0232543945312,-4.244099982449868,-2.9525387816208344,-1.9640574784255127,0.6894275815686521,-1.301773941337823,4.827180109437343,-0.5186077742960311,1.481168050426752,-0.9340129159018922,-1.0753844454275088
10.0,249.0,1000.0233154296876,-4.244099688704946,-2.952539853087946,-1.9640575400292424,0.6894282591080891,-1.3017723554640694,4.82717881330699,-0.5186078171338258,1.4811679441835777,-0.9340137538626384,-1.0753841788029184
10.0,249.0,1000.023193359375,-4.244100165881062,-2.952538120461242,-1.964057426490494,0.689427191510676,-1.3017748939581717,4.827180902597638,-0.5186077523910857,1.4811681333513924,-0.9340124176322204,-1.0753846074517344
10.0,249.0,1000.0232543945312,-4.244099804777338,-2.9525394061125656,-1.9640575039979384,0.6894279854148362,-1.3017729905845234,4.827179354334909,-0.5186078042850877,1.4811680055229557,-0.9340134143477988,-1.0753842781245728
10.0,249.0,1000.0232543945312,-4.244099422552157,-2.9525407759297955,-1.9640576059599644,0.6894288366205235,-1.3017709933588502,4.827177694104137,-0.518607842234295,1.4811678395239714,-0.9340144571310196,-1.0753839608060345
10.0,249.0,1000.0232543945312,-4.244099916204728,-2.9525389590822724,-1.964057490456492,0.6894276896724154,-1.3017736665643749,4.827179885588498,-0.5186077899343413,1.4811680258436768,-0.9340130724093144,-1.0753843904202185
10.0,249.0,1000.0232543945312,-4.244099925877048,-2.952538945346035,-1.9640574932537345,0.689427690034428,-1.301773701436954,4.827179905949103,-0.5186077781577199,1.4811680227286883,-0.9340130444819268,-1.0753844156769343
10.0,249.0,1000.0232543945312,-4.244099873225741,-2.952539177912598,-1.9640574916255649,0.689427849368168,-1.3017733432684957,4.827179633101952,-0.5186077928517872,1.481168030508914,-0.934013229255486,-1.075384340440161
10.0,249.0,1000.0232543945312,-4.244100024992551,-2.952538668694123,-1.9640574744543264,0.6894275124737659,-1.3017741343873697,4.827180251958344,-0.5186077668916225,1.4811680568073324,-0.9340128225619262,-1.0753844840783238
10.0,249.0,1000.0232543945312,-4.244099787893581,-2.9525394276081687,-1.9640575069027584,0.6894279896359468,-1.3017729686633437,4.827179335234952,-0.5186078088068564,1.481167991857987,-0.9340134310770268,-1.0753842728197671
10.0,249.0,1000.023193359375,-4.244099736144186,-2.952539683590587,-1.9640575361587984,0.6894281446047614,-1.301772614294113,4.827179018579024,-0.5186078116146371,1.481167961764589,-0.934013614884913,-1.0753842187183675
10.0,249.0,1000.0232543945312,-4.244100018473782,-2.952538636107642,-1.9640574489800584,0.689427500163589,-1.3017741103026248,4.8271802850073176,-0.5186077852569602,1.4811680902358528,-0.934012836322041,-1.0753844501390986
10.0,249.0,1000.0232543945312,-4.244099876753813,-2.9525391451364538,-1.964057492822323,0.6894278239811156,-1.3017733740566575,4.827179664862555,-0.5186077946381618,1.481168033704244,-0.934013218040212,-1.07538433873213
10.0,249.0,1000.0233154296876,-4.244099455722448,-2.9525407553236582,-1.964057583974052,0.6894288310505923,-1.301770981330423,4.827177719629713,-0.5186078457851426,1.4811678704202436,-0.9340144637041136,-1.0753839287819549
10.0,249.0,1000.0231323242188,-4.244100090253132,-2.952538416815904,-1.9640574472575976,0.6894273690708586,-1.301774464101638,4.8271805573551045,-0.5186077590207985,1.4811681070447715,-0.9340126296170368,-1.0753845300962888
10.0,249.0,1000.0232543945312,-4.244099848618498,-2.9525392723925235,-1.9640574925102223,0.6894279056492145,-1.3017731997634605,4.827179513491124,-0.5186077988623472,1.481168018847141,-0.9340133184167668,-1.0753843108561385
10.0,249.0,1000.0232543945312,-4.244100125971843,-2.952538228689895,-1.9640574343408352,0.6894272479148498,-1.3017747407661069,4.827180779316539,-0.5186077621081395,1.481168121015633,-0.9340125044265832,-1.0753845727937672
10.0,249.0,1000.0232543945312,-4.244099976324318,-2.9525388224442635,-1.964057468760572,0.6894276210620198,-1.3017738454711827,4.82718005670575,-0.5186077803392193,1.481168061554806,-0.934012967827056,-1.0753844157272523
10.0,249.0,1000.023193359375,-4.244099841271756,-2.9525392523930285,-1.9640575118922223,0.6894278734974542,-1.3017732521859364,4.827179540741632,-0.5186077995603187,1.4811679935067463,-0.9340132834292154,-1.0753843345145104
10.0,249.0,1000.0232543945312,-4.24410029722276,-2.952537642995392,-1.9640573878359269,0.6894268933006522,-1.301775600698392,4.827181503007248,-0.5186077384775709,1.481168194819757,-0.9340120382861103,-1.0753847177982028
10.0,249.0,1000.023193359375,-4.2441000379248255,-2.9525385483763538,-1.964057449315335,0.6894274562506286,-1.3017742554821177,4.8271803901155135,-0.5186077722281226,1.4811680913633527,-0.9340127521380364,-1.07538449526814
10.0,249.0,1000.0233764648438,-4.244099350834918,-2.9525411073167183,-1.96405761382568,0.6894290392312215,-1.3017704930550371,4.827177293372237,-0.5186078608335922,1.481167822837138,-0.9340147398123984,-1.0753838450620363
10.0,249.0,1000.023193359375,-4.244099604436128,-2.952540064247169,-1.9640575806373444,0.6894283770714607,-1.3017720740243788,4.82717855653878,-0.5186078129989182,1.481167890164194,-0.9340138810996326,-1.0753841591715534
10.0,249.0,1000.0233154296876,-4.244099868034144,-2.9525392720780554,-1.964057486173532,0.689427919552581,-1.3017731699621993,4.827179517850514,-0.5186077949684194,1.4811680375560794,-0.9340133135728212,-1.0753843027212675
10.0,249.0,1000.0234375,-4.244099897128018,-2.9525391050452123,-1.964057470807876,0.6894278063730699,-1.301773414145992,4.82717971716564,-0.5186077987870377,1.4811680569773935,-0.9340131984225152,-1.0753843329527562
10.0,249.0,1000.023193359375,-4.244099546932075,-2.952540329468337,-1.9640575633743933,0.6894285615516695,-1.3017716492543163,4.827178234579707,-0.5186078355112338,1.4811678940370427,-0.9340141343689928,-1.0753840560059755
10.0,249.0,1000.0233764648438,-4.244100008250106,-2.9525386992871168,-1.9640574596693088,0.6894275555658638,-1.3017740235454165,4.827180207115335,-0.518607775826089,1.4811680871263233,-0.934012864926988,-1.0753844513337212
10.0,249.0,1000.0232543945312,-4.244100025102908,-2.9525386093611283,-1.9640574548144727,0.6894274951451775,-1.301774173413253,4.827180314850981,-0.5186077769265571,1.4811680899318451,-0.9340128014834476,-1.07538447674707
10.0,249.0,1000.0232543945312,-4.244099843320301,-2.9525392751304778,-1.9640574823834407,0.6894279156293521,-1.3017731620578483,4.827179508683486,-0.5186078069882258,1.4811680368837967,-0.934013332469922,-1.0753842916630192
10.0,249.0,1000.023193359375,-4.244099706963468,-2.952539790867976,-1.964057531428616,0.689428225420814,-1.3017724416440617,4.827178888313968,-0.5186078090330826,1.4811679514390352,-0.9340137096306548,-1.0753841921278315
10.0,249.0,1000.023193359375,-4.244099553999806,-2.9525403573013,-1.9640575737654205,0.6894285659252795,-1.3017716302882674,4.827178200633851,-0.518607828705572,1.48116787615304,-0.934014148896238,-1.0753840614781591
10.0,249.0,1000.0232543945312,-4.244099824585877,-2.9525393017596904,-1.9640575099492823,0.6894279149430202,-1.3017731536008823,4.827179478205338,-0.5186077977593744,1.4811679990964317,-0.9340133274521722,-1.07538431372216
10.0,249.0,1000.0233764648438,-4.244099753852602,-2.9525395583173326,-1.964057532077624,0.6894280582296561,-1.3017727812528883,4.8271791681621306,-0.5186078097799625,1.4811679645718767,-0.9340135197567464,-1.075384252191896
10.0,249.0,1000.0233154296876,-4.244099683093369,-2.9525398344930944,-1.9640575398356688,0.6894282413663237,-1.301772380027944,4.827178834631118,-0.5186078162481946,1.481167943265663,-0.9340137418539278,-1.0753841793939367
10.0,249.0,1000.0232543945312,-4.244100014228863,-2.952538637112073,-1.9640574540600868,0.6894274990997928,-1.3017741360161033,4.827180288995027,-0.5186077804242153,1.4811680744200109,-0.9340128257858522,-1.0753844686800873
10.0,249.0,1000.0233764648438,-4.244099764756524,-2.9525395444354707,-1.964057528343965,0.6894280518055655,-1.3017728128759698,4.827179176750295,-0.5186078065708246,1.4811679616308189,-0.9340135221543776,-1.075384256035965
10.0,249.0,1000.0232543945312,-4.244099950860685,-2.95253882127127,-1.964057494206883,0.6894276141963074,-1.3017738862249697,4.827180063797851,-0.5186077720151809,1.4811680311955635,-0.934012931249426,-1.075384456122178
10.0,249.0,1000.0232543945312,-4.244099841696478,-2.95253928806179,-1.964057495148648,0.6894279095733511,-1.301773183196841,4.827179502709393,-0.5186077973664185,1.4811680086999353,-0.9340133144371334,-1.0753843175196205
10.0,249.0,1000.023193359375,-4.244099741875809,-2.952539697932437,-1.964057518599428,0.6894281824592046,-1.3017725528021025,4.827179000211308,-0.5186078075189569,1.4811679822654709,-0.9340136377072952,-1.0753842076328295
10.0,249.0,1000.0232543945312,-4.244099853401378,-2.95253921609528,-1.9640575007612229,0.6894278470710891,-1.3017732909606343,4.827179586054395,-0.5186077970804073,1.4811680071281916,-0.9340132623459444,-1.0753843303111248
10.0,249.0,1000.023193359375,-4.24410004592055,-2.952538486893101,-1.9640574474752424,0.6894274138057144,-1.301774355805727,4.827180463364032,-0.5186077698443716,1.4811680875625814,-0.9340127086681252,-1.0753845154142845
10.0,249.0,1000.023193359375,-4.2441000178857,-2.952538621696436,-1.964057457113905,0.6894274959092064,-1.3017741653679709,4.82718031036276,-0.5186077765170145,1.481168081029839,-0.9340127969108334,-1.0753844796448415
10.0,249.0,1000.0234375,-4.244099899623879,-2.9525390886441256,-1.964057475332628,0.6894277983649966,-1.3017734621245158,4.8271797418512605,-0.5186077961807731,1.4811680489087822,-0.9340131736535336,-1.0753843540581791
10.0,249.0,1000.0232543945312,-4.244099606916878,-2.9525400746715693,-1.96405756441015,0.6894284019828163,-1.301772037660936,4.82717854145174,-0.5186078197331492,1.481167906383405,-0.9340139171344156,-1.075384142797306
10.0,249.0,1000.0234375,-4.244099870866541,-2.952539143356748,-1.9640574925971537,0.6894278073240399,-1.3017734054144166,4.827179670954342,-0.5186077955910413,1.481168007150659,-0.9340132162399692,-1.075384353362134
10.0,250.0,1000.0232543945312,-4.2440997901668425,-2.952539398060198,-1.964057518712852,0.6894279688905307,-1.301773025643736,4.827179357686038,-0.5186078040675888,1.481167981137224,-0.9340134033981816,-1.075384296530062
10.0,250.0,1000.0232543945312,-4.2441000897575325,-2.9525383233676203,-1.9640574462383853,0.6894273085637348,-1.3017745994441068,4.827180670035084,-0.5186077608032642,1.481168103844733,-0.9340125569782688,-1.0753845642926487
10.0,250.0,1000.0233154296876,-4.244099688936424,-2.952539863780712,-1.964057536703558,0.6894282694382268,-1.3017723369561067,4.827178799805044,-0.5186078143602622,1.4811679433550493,-0.9340137610729632,-1.0753841751452249
10.0,250.0,1000.023193359375,-4.2440992808729945,-2.952541364961991,-1.964057638605067,0.6894292063255838,-1.3017701205282055,4.827176983927984,-0.5186078561542455,1.481167777467448,-0.9340149112739616,-1.0753838103215574
10.0,250.0,1000.023193359375,-4.2441001118652775,-2.9525382793608337,-1.964057438802115,0.6894272734357401,-1.3017746523733278,4.827180714980127,-0.5186077679277412,1.4811681177587763,-0.9340125413984,-1.0753845530449473
10.0,250.0,1000.023193359375,-4.244099539406091,-2.95254037704814,-1.9640575802469888,0.6894285768740396,-1.301771597111911,4.8271781857574965,-0.5186078331594519,1.4811678848993273,-0.934014144450547,-1.0753840523707674
10.0,250.0,1000.0232543945312,-4.244099781891797,-2.952539470341068,-1.964057513905879,0.6894280342436332,-1.3017729031952694,4.82717927152407,-0.5186078025979066,1.4811679882860398,-0.9340134622446818,-1.0753842714833932
10.0,250.0,1000.0233154296876,-4.244099865738952,-2.9525392244779725,-1.964057505578693,0.6894278697869645,-1.3017732894016243,4.827179572048356,-0.5186077877723934,1.4811680109763516,-0.9340132584061892,-1.0753843378755032
10.0,250.0,1000.0232543945312,-4.24409984501748,-2.9525392904910723,-1.9640574804581328,0.6894279232314844,-1.3017731379171744,4.827179493259028,-0.5186078038960531,1.481168033725674,-0.9340133431451224,-1.0753842896153405
10.0,250.0,1000.0233764648438,-4.244099904648392,-2.952539034479828,-1.9640574997515816,0.6894277276724523,-1.3017735760118123,4.8271797980170295,-0.5186077877906037,1.481168013393367,-0.934013117727318,-1.075384386522904
10.0,250.0,1000.023193359375,-4.244099947320148,-2.952538865474081,-1.964057490996578,0.6894276333365736,-1.301773816248322,4.827180005879431,-0.5186077757903407,1.48116803331762,-0.9340129706358145,-1.075384437495353
10.0,250.0,1000.0232543945312,-4.244100182670232,-2.952537996699373,-1.964057399009191,0.6894271280050255,-1.3017750421318297,4.8271810637968,-0.5186077577031298,1.4811681658819165,-0.934012338040425,-1.0753846162279277
10.0,250.0,1000.0232543945312,-4.244099636283095,-2.952540059607824,-1.9640575434741296,0.6894283984171778,-1.3017720355938205,4.827178562577783,-0.5186078238600036,1.4811679388358492,-0.9340139209479226,-1.0753841192658036
10.0,250.0,1000.0232543945312,-4.244099751141381,-2.9525396126169303,-1.9640575417975752,0.6894281039844072,-1.301772718072966,4.827179096414128,-0.5186078011323545,1.48116796178636,-0.9340135460785914,-1.0753842506799254
10.0,250.0,1000.0232543945312,-4.244099660475046,-2.95253994519168,-1.9640575595192813,0.6894283087614497,-1.3017722386177693,4.827178702777331,-0.5186078023115659,1.4811679145783412,-0.9340137979290226,-1.0753841796513957
10.0,250.0,1000.0233154296876,-4.244099672024575,-2.952539893910582,-1.964057540307195,0.6894282804421445,-1.3017722848043745,4.827178765986254,-0.518607814892424,1.48116793732569,-0.9340137874620796,-1.0753841656920882
10.0,250.0,1000.023193359375,-4.244099727147406,-2.952539677814108,-1.964057529693368,0.689428153668886,-1.301772604521524,4.827179022218699,-0.5186078073031863,1.481167953794479,-0.9340136196076312,-1.0753842245743428
10.0,250.0,1000.023193359375,-4.244100126037525,-2.952538251696416,-1.964057447107535,0.6894272564096795,-1.301774718406492,4.82718075243773,-0.5186077561236111,1.481168107041925,-0.9340124951336684,-1.0753845856748834
10.0,250.0,1000.0232543945312,-4.2440998009985735,-2.95253940263853,-1.964057510114224,0.6894279720126173,-1.3017730136667471,4.827179357251332,-0.5186078058111381,1.481167991616582,-0.934013411097605,-1.0753842868547507
10.0,250.0,1000.0232543945312,-4.244099607558747,-2.952540174776173,-1.9640575739119115,0.6894284475799086,-1.301771920450422,4.827178424983446,-0.5186078165949359,1.4811678883140411,-0.9340139822715434,-1.0753841169065366
10.0,250.0,1000.023193359375,-4.244099751655857,-2.952539666854197,-1.9640575295611968,0.6894281415445729,-1.3017726338502595,4.827179031347148,-0.5186078041947688,1.4811679618762792,-0.9340136127262326,-1.0753842187039329
10.0,250.0,1000.0233154296876,-4.244099762147139,-2.952539552692813,-1.9640575257459103,0.6894280652684737,-1.301772797915775,4.827179173681561,-0.5186078040825546,1.4811679657244596,-0.9340135187359788,-1.0753842551353625
10.0,250.0,1000.0232543945312,-4.244099596758323,-2.952540171578858,-1.9640575712518185,0.6894284553415311,-1.3017719047835947,4.827178425440177,-0.5186078190737167,1.4811679008801262,-0.9340139817885688,-1.075384114228353
10.0,250.0,1000.0233154296876,-4.244099845307552,-2.952539239956512,-1.9640574998407008,0.6894278631817707,-1.3017732520539005,4.827179562326778,-0.5186078002263255,1.4811680076490692,-0.9340132796346684,-1.0753843235909493
10.0,250.0,1000.023193359375,-4.244100035254911,-2.9525385204609487,-1.9640574581068728,0.689427432724302,-1.3017743054577258,4.827180419537555,-0.5186077698783169,1.4811680775976637,-0.9340127286063956,-1.075384510564426
10.0,250.0,1000.0232543945312,-4.244099916383387,-2.95253898621201,-1.9640574834795803,0.6894277078167663,-1.301773625312625,4.827179857975258,-0.5186077903408561,1.4811680347927156,-0.934013098563887,-1.0753843721223753
10.0,250.0,1000.0232543945312,-4.244099954782387,-2.9525389359860243,-1.964057467533073,0.6894276971403537,-1.3017736827166695,4.8271799280948695,-0.5186077848420609,1.481168062725068,-0.9340130529673728,-1.0753843856060603
10.0,250.0,1000.0233154296876,-4.244099433446753,-2.952540801181501,-1.964057602886467,0.6894288381131028,-1.3017709685774117,4.827177668444673,-0.5186078461017152,1.4811678405983937,-0.9340144825240762,-1.0753839409275083
10.0,250.0,1000.0233154296876,-4.2440996394523545,-2.952540010894497,-1.964057552083212,0.6894283532000234,-1.3017721289000623,4.827178619956364,-0.5186078222470805,1.481167927056716,-0.9340138781622168,-1.075384136167889
10.0,250.0,1000.0232543945312,-4.24410004250022,-2.95253848472012,-1.9640574628535368,0.6894273950942313,-1.3017743833833155,4.827180465677904,-0.5186077704858629,1.481168069509193,-0.9340126926909268,-1.0753845264198976
10.0,250.0,1000.0232543945312,-4.24409982960506,-2.952539286915049,-1.9640574989105888,0.6894279043649139,-1.3017731726457962,4.827179496844078,-0.5186078075972063,1.4811680123929838,-0.9340133311665556,-1.075384300603635
10.0,250.0,1000.0233764648438,-4.244099923741161,-2.9525390250579022,-1.964057482951648,0.6894277469346743,-1.301773557560717,4.8271798131041805,-0.5186077847621826,1.4811680400103855,-0.9340131172120972,-1.0753843722227825
10.0,250.0,1000.0232543945312,-4.244099876359513,-2.952539173701875,-1.964057493896465,0.6894278468994122,-1.3017733522464443,4.827179634929953,-0.5186077883072251,1.4811680201052295,-0.9340132281507564,-1.0753843448016465
10.0,250.0,1000.0232543945312,-4.244099800342677,-2.9525394858642167,-1.96405751077751,0.6894280304466669,-1.3017729034006829,4.827179260421994,-0.5186078049377336,1.4811679956231236,-0.9340134737868616,-1.0753842538057017
10.0,250.0,1000.0234375,-4.244099892648627,-2.952539055041248,-1.9640574812448004,0.6894277640707989,-1.30177351225246,4.827179784555952,-0.5186077943522172,1.4811680352034786,-0.934013141656747,-1.0753843720110927
10.0,250.0,1000.0232543945312,-4.244099959788588,-2.9525388196640527,-1.9640574752529008,0.6894276234966288,-1.3017738605538325,4.827180055065831,-0.5186077810461267,1.4811680562658385,-0.9340129616882776,-1.0753844319842982
10.0,250.0,1000.023193359375,-4.244099522725807,-2.9525404494649403,-1.964057571850573,0.6894286365240205,-1.3017714651105257,4.827178092222402,-0.5186078362606672,1.4811678825726613,-0.9340142199656344,-1.0753840272231845
10.0,250.0,1000.023193359375,-4.2440997050947535,-2.9525397842869303,-1.964057536132981,0.6894282184166736,-1.3017724607435135,4.827178897635498,-0.518607815420328,1.481167956700849,-0.9340136975750396,-1.0753841958467971
10.0,250.0,1000.023193359375,-4.244099618461911,-2.952540046499678,-1.964057563930612,0.6894283575873397,-1.30177209961726,4.827178580976026,-0.5186078243382086,1.481167899208561,-0.934013900469556,-1.0753841408891898
10.0,250.0,1000.0233764648438,-4.244100019352498,-2.9525387164577026,-1.964057454719213,0.6894275543198702,-1.3017740358540224,4.827180192957892,-0.518607773082195,1.481168075426651,-0.9340128867289756,-1.0753844424309325
10.0,250.0,1000.0233154296876,-4.244100093434746,-2.952538341859343,-1.964057432271464,0.6894273170596783,-1.3017745598750643,4.827180638983789,-0.5186077719533397,1.4811681113721598,-0.9340126100011776,-1.0753845328975893
10.0,250.0,1000.0234375,-4.244099585284154,-2.9525402868024395,-1.9640575591719365,0.6894285413744576,-1.301771716609971,4.827178292146645,-0.5186078263484593,1.481167909699213,-0.934014087115636,-1.075384069188749
10.0,250.0,1000.0232543945312,-4.244100018119475,-2.9525386211465485,-1.964057475036076,0.689427493442679,-1.3017741650678143,4.827180303162491,-0.518607762091694,1.4811680655710138,-0.934012778218305,-1.0753844972352922
10.0,250.0,1000.0233154296876,-4.244099658567219,-2.952539897702906,-1.964057546099432,0.6894282806982064,-1.301772283636882,4.827178751420142,-0.5186078193096417,1.4811679281882366,-0.9340137940370256,-1.0753841698077888
10.0,250.0,1000.0232543945312,-4.244099740338858,-2.952539636324029,-1.9640575452679347,0.6894281139637295,-1.3017726866785444,4.827179072527535,-0.5186077990817504,1.481167946851535,-0.9340135622036564,-1.075384249080924
10.0,250.0,1000.023193359375,-4.24410006416341,-2.952538438957059,-1.9640574509712,0.68942737625723,-1.3017744247189529,4.827180518500642,-0.5186077693142268,1.48116809039057,-0.934012668801408,-1.0753845214804825
10.0,250.0,1000.0232543945312,-4.244100199781401,-2.952537886396599,-1.9640574254523897,0.6894270310594299,-1.3017752607450914,4.827181193156298,-0.5186077426124944,1.481168131217471,-0.934012217734665,-1.0753846862173706
10.0,250.0,1000.0232543945312,-4.244100101818334,-2.952538326879005,-1.9640574480261108,0.6894273093606991,-1.301774591606489,4.827180660649811,-0.5186077631640886,1.4811681129396082,-0.9340125673715304,-1.0753845546008023
10.0,250.0,1000.023193359375,-4.244100064143447,-2.9525384942578983,-1.9640574646023703,0.6894274023368983,-1.301774372285322,4.8271804556124405,-0.5186077599992327,1.4811680743061482,-0.9340126895544056,-1.0753845178828096
10.0,250.0,1000.023193359375,-4.244099719709352,-2.952539684313661,-1.9640575397834807,0.6894281449154738,-1.3017726057070165,4.827179007541627,-0.5186078106387058,1.481167950697721,-0.9340136218835652,-1.0753842316696778
10.0,251.0,1000.0232543945312,-4.244099797856741,-2.952539438857203,-1.9640575231259323,0.6894279929747604,-1.3017729951050154,4.8271793175545845,-0.5186077967249716,1.4811679749479447,-0.9340134143702308,-1.0753843012715256
10.0,251.0,1000.023193359375,-4.244099614448,-2.9525400612585666,-1.964057572083964,0.6894283747302428,-1.301772079708574,4.827178559660441,-0.5186078168172115,1.481167896400141,-0.93401389171928,-1.0753841487295448
10.0,251.0,1000.0232543945312,-4.244100032581567,-2.9525385895146585,-1.964057444492023,0.6894274867546297,-1.3017741876245452,4.827180338654147,-0.5186077791991446,1.4811680941381464,-0.934012801947378,-1.0753844799675036
10.0,251.0,1000.023193359375,-4.244100022962072,-2.9525386246611536,-1.964057468344769,0.6894274973269283,-1.301774151862793,4.82718030294245,-0.5186077673601943,1.4811680773224367,-0.93401278751894,-1.0753844811839397
10.0,251.0,1000.0232543945312,-4.244099817453355,-2.9525394437799823,-1.96405749763062,0.6894280095873748,-1.301772932729878,4.827179311813467,-0.5186078067390367,1.4811680118918114,-0.9340134492558096,-1.0753842558242854
10.0,251.0,1000.023193359375,-4.244099953894874,-2.9525388888475605,-1.9640574751076103,0.689427663413845,-1.301773762269444,4.8271799722720345,-0.518607785214618,1.4811680538165906,-0.9340130166560004,-1.075384408594002
10.0,251.0,1000.0232543945312,-4.244099955349391,-2.952538832617541,-1.964057482246618,0.6894276231723513,-1.3017738710806306,4.827180047630581,-0.5186077776717548,1.4811680420212427,-0.9340129548214468,-1.0753844437319753
10.0,251.0,1000.0234375,-4.2440998863542925,-2.9525390856895712,-1.964057485759981,0.6894277848345549,-1.301773456226965,4.82717973248074,-0.5186077915031193,1.4811680256589508,-0.9340131843968004,-1.0753843477207603
10.0,251.0,1000.023193359375,-4.2440997384126975,-2.952539654303484,-1.9640575382168497,0.6894281345355306,-1.301772656521626,4.827179056004185,-0.5186078000788417,1.4811679538493987,-0.9340135763786384,-1.0753842446388342
10.0,251.0,1000.0232543945312,-4.244100185293382,-2.952538036714762,-1.964057421286308,0.6894271286983695,-1.3017750384395654,4.827181012746449,-0.5186077567748972,1.4811681390918716,-0.934012358204826,-1.0753846215286011
10.0,251.0,1000.023193359375,-4.244100200174794,-2.952537974830696,-1.9640574102925248,0.6894271023131378,-1.3017751062451262,4.8271810869320575,-0.5186077532142193,1.4811681553602458,-0.934012311765226,-1.0753846356492645
10.0,251.0,1000.0232543945312,-4.244099751399297,-2.952539606988041,-1.9640575279141443,0.689428101998466,-1.301772733997174,4.827179113283924,-0.5186078066655391,1.4811679576497578,-0.9340135591186732,-1.0753842468062929
10.0,251.0,1000.0233154296876,-4.244099466459936,-2.95254064892298,-1.9640575899057928,0.6894287599290241,-1.30177118209929,4.82717784621301,-0.5186078395235834,1.4811678536877704,-0.9340143735320404,-1.0753839892523338
10.0,251.0,1000.0232543945312,-4.244099869376755,-2.952539186322706,-1.9640574927795689,0.6894278456458167,-1.3017733345825673,4.827179619531647,-0.5186077931261499,1.481168018005004,-0.9340132453596396,-1.0753843341842426
10.0,251.0,1000.0233154296876,-4.244099691265929,-2.9525398200892687,-1.9640575340680704,0.6894282465139163,-1.3017723691104917,4.827178837018817,-0.5186078172949307,1.4811679552179644,-0.934013752999184,-1.0753841677892186
10.0,251.0,1000.0232543945312,-4.244099794323765,-2.952539442292939,-1.9640575091249883,0.6894280092360558,-1.3017729423634128,4.82717930932759,-0.5186078027571437,1.481167995868839,-0.934013439729382,-1.0753842748540894
10.0,251.0,1000.023193359375,-4.244100118106592,-2.952538237361497,-1.964057444641952,0.6894272456393145,-1.3017747317123618,4.827180768303377,-0.5186077597844925,1.4811681100675376,-0.9340125000217494,-1.0753845749994246
10.0,251.0,1000.0232543945312,-4.2440997876134015,-2.952539499162321,-1.9640575236158624,0.6894280384527898,-1.3017728913623188,4.827179245261364,-0.5186077941284486,1.4811679728014857,-0.934013459935259,-1.0753842793515052
10.0,251.0,1000.023193359375,-4.244100018624289,-2.952538614793092,-1.9640574692462407,0.6894274723929827,-1.3017742030163717,4.827180313926167,-0.5186077696093028,1.4811680517625962,-0.9340127863033834,-1.0753844934137755
10.0,251.0,1000.0232543945312,-4.24409980122743,-2.9525393991939555,-1.96405750340388,0.6894279795490412,-1.3017730062949977,4.827179353143711,-0.5186078093834352,1.4811679971020446,-0.934013433558202,-1.0753842727531588
10.0,251.0,1000.023193359375,-4.244099823137947,-2.9525392859467225,-1.9640575141506096,0.6894279103323555,-1.301773189801707,4.827179495264925,-0.5186077968485874,1.4811679955774473,-0.9340133084266392,-1.075384327018429
10.0,251.0,1000.023193359375,-4.244099845628647,-2.952539237124684,-1.9640575097358213,0.6894278739474649,-1.3017732682762526,4.827179553317325,-0.5186077878942914,1.481167992593031,-0.9340132726970508,-1.0753843445999758
10.0,251.0,1000.0233154296876,-4.244100002268352,-2.9525387067972093,-1.964057475122324,0.6894275388347237,-1.301774048704809,4.827180199264815,-0.5186077738931081,1.4811680626991492,-0.9340128578536956,-1.0753844631340388
10.0,251.0,1000.0232543945312,-4.244099819233029,-2.9525393995970166,-1.9640575118420969,0.6894279792204685,-1.3017730250107244,4.82717936267065,-0.5186077955398192,1.4811679933396746,-0.93401340109064,-1.0753842902948303
10.0,251.0,1000.023193359375,-4.244099831090527,-2.952539299476183,-1.9640575191612148,0.6894279094812763,-1.3017731895074878,4.82717948988385,-0.5186077845027341,1.4811679830126154,-0.9340132975542028,-1.0753843372051677
10.0,251.0,1000.023193359375,-4.244099634948763,-2.952539989875395,-1.964057558876108,0.6894283355311002,-1.301772154072914,4.827178642007063,-0.5186078233555076,1.4811679201233972,-0.9340138584498084,-1.075384146433389
10.0,251.0,1000.0234375,-4.244100083172172,-2.952538351887253,-1.9640574432163511,0.6894273318465309,-1.301774550620694,4.827180622004795,-0.5186077676170022,1.4811681018817977,-0.9340126022057637,-1.0753845425163693
10.0,251.0,1000.0232543945312,-4.244099960796327,-2.952538838199997,-1.964057466012376,0.6894276390869951,-1.3017738374039007,4.8271800409509975,-0.5186077808230145,1.481168057805294,-0.9340129760211786,-1.075384424890605
10.0,251.0,1000.0234375,-4.244099885696748,-2.952539080209666,-1.964057493123408,0.6894277788922665,-1.3017734948653814,4.827179745590026,-0.5186077873593291,1.481168016540594,-0.9340131541612866,-1.0753843775823406
10.0,251.0,1000.0233154296876,-4.244099665453465,-2.9525398665606923,-1.9640575385958887,0.6894282799607652,-1.3017723151839782,4.8271787940675175,-0.5186078162784424,1.4811679425797672,-0.9340137672093284,-1.075384175518738
10.0,251.0,1000.023193359375,-4.244100036965806,-2.9525385430498794,-1.9640574619550577,0.689427436313367,-1.301774281385697,4.82718040040977,-0.5186077732594221,1.481168079111688,-0.9340127342365436,-1.075384507290145
10.0,251.0,1000.0233764648438,-4.244099896758789,-2.952539023228849,-1.9640574966025603,0.6894277347034086,-1.3017735711930891,4.827179812114634,-0.51860778642064,1.4811680181768183,-0.934013106054696,-1.0753843919896249
10.0,251.0,1000.023193359375,-4.2440996981965,-2.952539734114536,-1.9640575387896315,0.6894281864691667,-1.30177252972853,4.827178947849891,-0.518607811445027,1.4811679406861806,-0.9340136667098172,-1.075384221943783
10.0,251.0,1000.0232543945312,-4.244099582560463,-2.952540195626033,-1.9640575761133323,0.6894284626193325,-1.3017718793721778,4.827178389983301,-0.5186078248412436,1.4811678874643397,-0.9340140140590698,-1.0753841068035657
10.0,251.0,1000.0233154296876,-4.244099680876867,-2.952539836182677,-1.964057546655193,0.6894282428604797,-1.3017723638484102,4.827178825511872,-0.5186078149805393,1.4811679380470988,-0.9340137412622528,-1.0753841781889513
10.0,251.0,1000.023193359375,-4.244099854011716,-2.952539180401339,-1.9640575117705408,0.689427826228374,-1.301773356528038,4.827179623197761,-0.5186077941443132,1.4811679991371838,-0.9340132297807582,-1.0753843485130004
10.0,251.0,1000.0232543945312,-4.24409981015721,-2.952539355498128,-1.964057519016273,0.6894279465228061,-1.3017730957541476,4.827179415943073,-0.5186077946153516,1.4811679823386124,-0.934013361431977,-1.075384310422829
10.0,251.0,1000.0232543945312,-4.244100123215906,-2.952538263008289,-1.9640574327313505,0.689427283428178,-1.3017746700813042,4.827180732083974,-0.518607759905362,1.4811681286438017,-0.934012529958058,-1.0753845604495558
10.0,251.0,1000.0232543945312,-4.244099927212095,-2.952538948893065,-1.9640574765848229,0.6894276989393511,-1.301773679253321,4.8271799077145765,-0.5186077883275315,1.4811680422317828,-0.9340130621132712,-1.07538440046492
10.0,251.0,1000.0232543945312,-4.244099610572384,-2.9525401426113325,-1.964057559451612,0.6894284446054311,-1.3017719232646243,4.827178456550263,-0.5186078177217128,1.481167912422693,-0.934013976597588,-1.0753841071085644
10.0,251.0,1000.0232543945312,-4.244099796239737,-2.9525394416434008,-1.9640575175507369,0.6894280081960469,-1.301772958691938,4.827179307857767,-0.5186077971438401,1.4811679790582737,-0.9340134328476726,-1.075384288430616
10.0,251.0,1000.0232543945312,-4.244099811246415,-2.952539385845641,-1.9640575156539064,0.6894279698064256,-1.301773035502821,4.827179375858307,-0.5186077934521203,1.4811679856685682,-0.9340133868885738,-1.0753842998754457
10.0,251.0,1000.0232543945312,-4.244099618501813,-2.9525401070929465,-1.964057574912264,0.6894284029194084,-1.3017720249868048,4.82717849913166,-0.5186078151910971,1.4811678875429513,-0.9340139328298322,-1.07538413892693
10.0,251.0,1000.023193359375,-4.244099548189392,-2.952540398253067,-1.9640575685938544,0.6894286078973586,-1.301771544407699,4.827178148454463,-0.5186078332376889,1.4811679002625002,-0.934014183510908,-1.0753840325427602
10.0,251.0,1000.023193359375,-4.244099901077802,-2.9525389354419542,-1.9640574931571813,0.6894276806010691,-1.30177372152199,4.827179924437113,-0.5186077862168128,1.481168014822572,-0.9340130342299702,-1.0753844297238868
10.0,251.0,1000.0232543945312,-4.2441000029278335,-2.952538653143057,-1.9640574641646136,0.6894275145896467,-1.3017741061691512,4.827180268930579,-0.518607777067027,1.4811680741399351,-0.9340128261553852,-1.0753844769392114
10.0,251.0,1000.0232543945312,-4.244099757326208,-2.9525395844235014,-1.964057538798242,0.6894280786398568,-1.3017727632952858,4.827179127825893,-0.5186078016840785,1.481167955976673,-0.9340135405779666,-1.0753842475557531
10.0,251.0,1000.0232543945312,-4.244099938882613,-2.952538940054533,-1.9640574798495305,0.6894276985632386,-1.3017736886797406,4.827179919572581,-0.5186077760565553,1.481168047210887,-0.9340130402274314,-1.0753844038182097
10.0,251.0,1000.0232543945312,-4.24409997364058,-2.9525388427209136,-1.9640574749508013,0.6894276324938184,-1.301773842017652,4.827180032548441,-0.5186077771701978,1.4811680542713337,-0.9340129765260166,-1.0753844159214614
10.0,251.0,1000.0232543945312,-4.244099817314234,-2.952539410802365,-1.9640575163545653,0.689427971368497,-1.3017730174522129,4.827179340725719,-0.5186078025908696,1.4811679857350004,-0.9340134232921722,-1.075384282536334
10.0,252.0,1000.023193359375,-4.244099940813601,-2.9525388879634566,-1.964057482631596,0.6894276629338556,-1.3017737597643992,4.827179982719112,-0.518607783152401,1.481168050030261,-0.9340130060430551,-1.0753844125515766
10.0,252.0,1000.023193359375,-4.244099764196823,-2.9525395864537107,-1.964057511172528,0.6894281047479387,-1.301772733692955,4.827179130754958,-0.5186078109953121,1.481167983567059,-0.9340135668185168,-1.0753842339508788
10.0,252.0,1000.0232543945312,-4.244099660870736,-2.9525399344367647,-1.9640575490200347,0.6894283174215063,-1.30177223631555,4.82717870996494,-0.5186078107486223,1.4811679293188351,-0.9340138128346628,-1.075384165664305
10.0,252.0,1000.023193359375,-4.244100178612557,-2.952537989935583,-1.964057433527512,0.6894270906805131,-1.301775118554041,4.827181070478657,-0.5186077495955574,1.4811681199527076,-0.9340122940583128,-1.0753846608779676
10.0,252.0,1000.0232543945312,-4.244099963985669,-2.9525388083617763,-1.964057494425011,0.6894275918146677,-1.3017739282269345,4.827180077277035,-0.5186077688436388,1.481168021266309,-0.9340129217148272,-1.07538446239406
10.0,252.0,1000.0232543945312,-4.244099863776746,-2.952539162192607,-1.964057488413658,0.6894278311713276,-1.3017733473808102,4.827179644902049,-0.5186078019195639,1.4811680355230372,-0.934013236800758,-1.0753843326283623
10.0,252.0,1000.0233154296876,-4.244099592458791,-2.952540171194725,-1.964057559561175,0.6894284659231973,-1.3017718880193212,4.827178428805475,-0.5186078268931791,1.481167909490119,-0.9340139999772364,-1.0753841033152338
10.0,252.0,1000.0232543945312,-4.244099694735642,-2.9525397985035,-1.964057534100876,0.6894282247436898,-1.301772414777803,4.827178866631643,-0.5186078170498813,1.4811679456946187,-0.9340137322443232,-1.0753841873031438
10.0,252.0,1000.0232543945312,-4.244100058770608,-2.952538468941717,-1.9640574412522511,0.689427403275622,-1.3017743667244588,4.827180486339239,-0.5186077752093228,1.481168104443373,-0.9340127028675678,-1.0753845024133075
10.0,252.0,1000.023193359375,-4.24410004065583,-2.952538525172298,-1.964057455966561,0.6894274307049253,-1.301774301650973,4.827180412287703,-0.5186077759468439,1.4811680851184574,-0.9340127412894343,-1.0753844956669645
10.0,252.0,1000.0233154296876,-4.244099686572686,-2.952539847484848,-1.964057544089564,0.689428249216566,-1.3017723577444649,4.827178819660817,-0.5186078147869546,1.4811679414302814,-0.9340137441362382,-1.0753841806164206
10.0,252.0,1000.0233154296876,-4.244099689206779,-2.9525398746779925,-1.9640575345045832,0.6894282734041521,-1.30177231202211,4.82717878262908,-0.5186078187812946,1.4811679528138502,-0.934013784022766,-1.0753841584309227
10.0,252.0,1000.0233764648438,-4.244099362095314,-2.952541024733091,-1.9640576244372188,0.6894289893960774,-1.3017706475895134,4.827177390464708,-0.5186078481293093,1.481167800019647,-0.9340146517133264,-1.075383907412701
10.0,252.0,1000.023193359375,-4.244100029810866,-2.952538562156072,-1.9640574642287727,0.6894274454968965,-1.3017742522371285,4.827180376849846,-0.5186077691975157,1.4811680711457953,-0.934012748640546,-1.0753844991187456
10.0,252.0,1000.0233154296876,-4.244100295344755,-2.9525376076327,-1.9640573824757537,0.68942687555439,-1.301775606033346,4.82718152834201,-0.5186077486090124,1.4811682034807898,-0.9340120449761288,-1.0753846977176456
10.0,252.0,1000.0231323242188,-4.2441000897501135,-2.952538385747558,-1.964057444098422,0.6894273569175322,-1.3017744955472068,4.827180592369496,-0.5186077629273909,1.4811681111012298,-0.9340126136908236,-1.075384538931428
10.0,252.0,1000.0232543945312,-4.2441002667839065,-2.9525377495643115,-1.964057404156617,0.6894269543707043,-1.3017754338702665,4.827181361340026,-0.5186077407608414,1.4811681803222043,-0.9340121245028428,-1.0753846931233983
10.0,252.0,1000.0233764648438,-4.244099903680512,-2.9525390284043627,-1.9640574806918805,0.6894277510675586,-1.3017735308720608,4.827179810238029,-0.5186077919875416,1.4811680390722568,-0.934013128026142,-1.0753843655568014
10.0,252.0,1000.023193359375,-4.244099941679373,-2.952538909714186,-1.9640574849274544,0.6894276683500973,-1.3017737573753223,4.827179954852795,-0.5186077804655644,1.4811680372575031,-0.9340130209897256,-1.0753844170406888
10.0,252.0,1000.0232543945312,-4.24409993013424,-2.952538897203796,-1.9640575020619893,0.6894276536742971,-1.3017737904907598,4.827179964346591,-0.5186077710395534,1.481168012436198,-0.9340129840859904,-1.0753844534872243
10.0,252.0,1000.0232543945312,-4.244099935136815,-2.952538885214901,-1.9640574964485824,0.6894276408905018,-1.3017738144359186,4.82717998740757,-0.5186077811568719,1.4811680194316974,-0.9340129844340188,-1.075384444374449
10.0,252.0,1000.0232543945312,-4.24409990493878,-2.952538970016113,-1.964057487872755,0.6894277090136525,-1.3017736363947767,4.827179872097453,-0.5186077891161869,1.481168028830588,-0.9340130810881409,-1.075384394146773
10.0,252.0,1000.0233764648438,-4.244099914370066,-2.95253902401487,-1.9640574893782388,0.6894277331257932,-1.301773582777744,4.827179817167828,-0.5186077909050084,1.4811680263397555,-0.9340131147218164,-1.0753843831890109
10.0,252.0,1000.023193359375,-4.244100026230935,-2.952538564462737,-1.964057464517588,0.6894274475904361,-1.3017742731469415,4.827180367839974,-0.5186077738601131,1.4811680689762472,-0.9340127595321732,-1.075384504397458
10.0,252.0,1000.0232543945312,-4.244099632509226,-2.9525400819440653,-1.9640575615469973,0.6894284092673519,-1.3017720367047692,4.827178534153006,-0.5186078069454574,1.481167908186034,-0.9340139119089904,-1.0753841391729804
10.0,252.0,1000.0233154296876,-4.244099650175541,-2.9525399289175693,-1.964057552988165,0.6894283016813318,-1.301772243084797,4.827178717409279,-0.5186078177317839,1.4811679202690922,-0.9340138132327108,-1.0753841659110064
10.0,252.0,1000.023193359375,-4.244099684541615,-2.952539762680866,-1.964057533251497,0.6894282090418393,-1.3017724741117438,4.827178913992455,-0.5186078181477036,1.4811679455675852,-0.9340136943575824,-1.0753842052436218
10.0,252.0,1000.0232543945312,-4.24409981358648,-2.952539381312445,-1.9640575170346453,0.6894279567126098,-1.3017730607143214,4.827179377561549,-0.5186078014199555,1.4811679888054696,-0.9340133947024744,-1.0753842930018354
10.0,252.0,1000.0233154296876,-4.24409941629697,-2.952540841010855,-1.9640576236288707,0.6894288699246873,-1.3017709208094228,4.827177610057188,-0.5186078364916789,1.4811678208475296,-0.9340144940481974,-1.0753839556673324
10.0,252.0,1000.0232543945312,-4.244099936580944,-2.9525388738435825,-1.964057487466468,0.6894276341181289,-1.301773823490647,4.827180002274613,-0.5186077832784033,1.4811680325590162,-0.9340129844032568,-1.0753844325230713
10.0,252.0,1000.023193359375,-4.244100138568459,-2.952538183234318,-1.9640574326432128,0.6894272219858557,-1.3017748144820702,4.827180835427736,-0.5186077628309995,1.4811681295341153,-0.9340124624355406,-1.0753845867132332
10.0,252.0,1000.023193359375,-4.244099853980677,-2.9525392178527925,-1.9640575106343008,0.6894278523725639,-1.301773303540117,4.827179573420489,-0.5186077961682551,1.4811680074947595,-0.9340132609905796,-1.0753843378348025
10.0,252.0,1000.023193359375,-4.244099618219373,-2.952540092813047,-1.9640575639513205,0.6894284032334506,-1.301771999833898,4.827178518461833,-0.5186078221575938,1.481167914823086,-0.934013933758445,-1.0753841170296297
10.0,252.0,1000.0232543945312,-4.2440996621813145,-2.9525399449833847,-1.964057554843232,0.6894283085773747,-1.3017722425181637,4.827178705084457,-0.518607814465593,1.4811679260036756,-0.9340138087124236,-1.0753841693763948
10.0,252.0,1000.0233154296876,-4.244099661809002,-2.952539926924755,-1.9640575472241053,0.6894283066107008,-1.3017722558808225,4.8271787265665065,-0.51860781782774,1.4811679325677032,-0.934013803930875,-1.0753841689819343
10.0,252.0,1000.0234375,-4.244099991579892,-2.9525387516169,-1.9640574595061668,0.689427582709655,-1.30177396411918,4.82718015314728,-0.5186077815910064,1.481168077035342,-0.934012908180911,-1.0753844444360543
10.0,252.0,1000.0233154296876,-4.244099993232191,-2.9525387052314884,-1.9640574718491848,0.6894275364805837,-1.3017740420955928,4.827180204705769,-0.5186077778093141,1.4811680655409365,-0.9340128597487238,-1.0753844562502834
10.0,252.0,1000.023193359375,-4.244100111306078,-2.952538228901821,-1.9640574422012969,0.6894272452822232,-1.3017747448486618,4.82718077497433,-0.5186077616414666,1.4811681067405766,-0.9340124980741696,-1.075384588212108
10.0,252.0,1000.0232543945312,-4.244099785391856,-2.9525394492590165,-1.9640575228478123,0.6894279990825325,-1.3017729657787438,4.827179306425595,-0.5186078022057963,1.4811679786603884,-0.934013429448239,-1.0753842826228683
10.0,252.0,1000.023193359375,-4.244100057198212,-2.9525384398965366,-1.964057447384536,0.6894273880511994,-1.301774419497038,4.827180518942701,-0.5186077679147285,1.4811680949196626,-0.934012673583287,-1.075384523963722
10.0,252.0,1000.023193359375,-4.244100224826957,-2.9525378190058014,-1.96405740831628,0.6894269973960734,-1.3017753245120582,4.8271812733724815,-0.518607750862266,1.4811681611140992,-0.9340121856957948,-1.0753846772172997
10.0,252.0,1000.0232543945312,-4.244099907386649,-2.95253897617994,-1.9640574901568144,0.6894277095444394,-1.301773643544577,4.827179874084219,-0.5186077876056547,1.4811680241661875,-0.93401307712307,-1.075384400170039
10.0,252.0,1000.0232543945312,-4.244099971586387,-2.952538787656129,-1.96405748292735,0.6894275923732582,-1.3017739472005054,4.827180110363242,-0.5186077688102619,1.481168039454673,-0.934012902755085,-1.0753844616071486
10.0,252.0,1000.023193359375,-4.244099734481862,-2.9525396384736373,-1.9640575344104008,0.6894281124662758,-1.3017726757531376,4.827179063398752,-0.5186078154053977,1.4811679563541365,-0.93401359696984,-1.0753842319490363
10.0,252.0,1000.0232543945312,-4.244099996891766,-2.952538672985497,-1.9640574873224448,0.6894275068845443,-1.301774131289137,4.827180245731986,-0.518607763681203,1.4811680320419385,-0.9340128109293424,-1.0753845018003534
10.0,252.0,1000.0233154296876,-4.244099691921188,-2.9525398176444564,-1.964057547457556,0.6894282311644426,-1.3017724280337335,4.827178860841828,-0.5186078099893701,1.48116793632592,-0.9340137134240348,-1.075384197106219
10.0,252.0,1000.0233154296876,-4.244099693879089,-2.9525398205377,-1.9640575399195763,0.689428249441808,-1.3017723874759572,4.827178851833949,-0.5186078089161184,1.4811679515083318,-0.9340137227115148,-1.075384186709547
10.0,252.0,1000.0232543945312,-4.24409983831198,-2.9525392710236726,-1.964057501981944,0.6894279011618938,-1.3017732129219943,4.827179515872128,-0.5186077943981022,1.4811680004667451,-0.9340133056322344,-1.075384330088036
10.0,252.0,1000.023193359375,-4.24410002136546,-2.9525386267768785,-1.964057462574761,0.6894275004075343,-1.3017741544162185,4.827180302266147,-0.5186077734752317,1.4811680743597666,-0.9340127984704418,-1.0753844816941136
10.0,252.0,1000.023193359375,-4.244099723299675,-2.9525397389693406,-1.964057536423374,0.6894281924824917,-1.3017725294003777,4.827178947694945,-0.5186078053190766,1.4811679613342754,-0.9340136557872816,-1.0753842120008366
10.0,253.0,1000.023193359375,-4.244100187500872,-2.952537970942825,-1.9640574086513336,0.6894271131634628,-1.3017750837526365,4.827181082641076,-0.5186077547749148,1.4811681656308862,-0.934012317651164,-1.0753846292474094
10.0,253.0,1000.0232543945312,-4.244099930586277,-2.952538952212141,-1.9640574782272524,0.6894277037674446,-1.301773674024984,4.827179904300134,-0.5186077897310435,1.4811680535047866,-0.934013060523852,-1.075384390571274
10.0,253.0,1000.023193359375,-4.244100254525802,-2.952537754286136,-1.964057389105056,0.6894269677122846,-1.3017754043151202,4.827181350204079,-0.5186077515393395,1.4811681865508932,-0.9340121561844176,-1.075384682099628
10.0,253.0,1000.0232543945312,-4.244099941418571,-2.952538949062433,-1.96405749006074,0.6894276852029417,-1.3017736966116416,4.827179906921902,-0.5186077825942395,1.481168034568258,-0.934013046683936,-1.0753844048875454
10.0,253.0,1000.023193359375,-4.2441000700493925,-2.952538399941148,-1.964057451374309,0.6894273600159186,-1.3017744732472911,4.8271805606860205,-0.5186077662624413,1.4811680997542451,-0.9340126384258304,-1.075384532404397
10.0,253.0,1000.023193359375,-4.24410008231462,-2.9525383928852187,-1.9640574444431227,0.6894273515823848,-1.301774492352762,4.827180581662887,-0.518607769459094,1.481168105394859,-0.934012626379821,-1.0753845339065853
10.0,253.0,1000.0233764648438,-4.244099894334592,-2.9525390567916827,-1.9640575198330392,0.6894277412435388,-1.301773570205631,4.827179776730459,-0.5186077790627754,1.481167998157369,-0.9340131049289706,-1.0753844063382605
10.0,253.0,1000.0233764648438,-4.2440999722475485,-2.952538743013517,-1.964057479602284,0.6894275619384871,-1.3017739985822407,4.827180153492448,-0.5186077801460129,1.4811680468747168,-0.934012886930125,-1.0753844654043752
10.0,253.0,1000.0232543945312,-4.244100110330171,-2.9525382811771923,-1.9640574429549984,0.6894272880849872,-1.301774642817481,4.827180709587784,-0.5186077629561465,1.4811681217989523,-0.9340125358510764,-1.0753845603024588
10.0,253.0,1000.023193359375,-4.244100146994447,-2.952538061882635,-1.9640574466336065,0.6894271395854554,-1.3017750140784186,4.827180976944021,-0.5186077527040469,1.4811681105428542,-0.9340123505815764,-1.0753846500006103
10.0,253.0,1000.0232543945312,-4.244100020229448,-2.9525386135559715,-1.964057459053928,0.6894274845857442,-1.3017741751880756,4.827180300616982,-0.5186077773765145,1.4811680781299144,-0.9340128152873248,-1.0753844723600243
10.0,253.0,1000.0232543945312,-4.244099837589463,-2.952539309035263,-1.964057499200513,0.6894279337264244,-1.3017731437535112,4.827179466865129,-0.5186077929793047,1.4811680086208812,-0.9340133372699856,-1.075384311145907
10.0,253.0,1000.0232543945312,-4.244099971971615,-2.9525387790669093,-1.964057462637568,0.6894275976767048,-1.301773914187435,4.827180112097663,-0.5186077856598228,1.4811680669780165,-0.9340129383397188,-1.0753844317776269
10.0,253.0,1000.023193359375,-4.244100059695998,-2.952538493642165,-1.9640574548393137,0.6894274084646934,-1.3017743494992038,4.827180456535938,-0.5186077671088896,1.4811680827619362,-0.9340126981839924,-1.0753845169009928
10.0,253.0,1000.023193359375,-4.244100210871993,-2.952537890485991,-1.9640574159106028,0.6894270393846895,-1.3017752246392278,4.827181179879705,-0.5186077557404474,1.4811681566780797,-0.934012249249351,-1.0753846588560685
10.0,253.0,1000.0234375,-4.2440998895638895,-2.9525390726987064,-1.9640575016275577,0.6894277761091399,-1.3017735262575902,4.8271797569358,-0.5186077830863507,1.4811680161266365,-0.9340131295952184,-1.0753843937544687
10.0,253.0,1000.0233154296876,-4.244100254965495,-2.952537706915774,-1.9640574105802684,0.6894269168773439,-1.301775518993459,4.827181412037023,-0.5186077442411143,1.4811681592856996,-0.9340120868789584,-1.0753847197523294
10.0,253.0,1000.0232543945312,-4.2440998351193535,-2.9525392976439586,-1.964057507775672,0.6894279065458022,-1.3017731742214456,4.827179480848123,-0.5186077997949052,1.4811680076545608,-0.9340133277562384,-1.0753843086535897
10.0,253.0,1000.023193359375,-4.244099927180156,-2.9525389232519794,-1.964057493487129,0.6894276709681177,-1.3017737335191204,4.827179928233795,-0.5186077853372124,1.481168026471468,-0.9340130325890924,-1.075384413383302
10.0,253.0,1000.0232543945312,-4.244099806111028,-2.952539385709244,-1.964057507389136,0.6894279843641149,-1.3017730052197545,4.827179375430251,-0.518607799550372,1.4811680035495811,-0.9340133992383636,-1.0753842832564442
10.0,253.0,1000.0233154296876,-4.244100118588471,-2.952538245050409,-1.9640574226718792,0.6894272772143157,-1.3017746722587136,4.827180754382827,-0.518607765926614,1.481168137851042,-0.9340125274269644,-1.075384559396486
10.0,253.0,1000.0232543945312,-4.244099957235187,-2.9525387950907147,-1.9640574687866232,0.6894276046073831,-1.3017738996230674,4.827180089453922,-0.5186077829597782,1.4811680469108026,-0.9340129482611426,-1.0753844427384562
10.0,253.0,1000.023193359375,-4.244100056012828,-2.952538408472104,-1.9640574566051447,0.6894273489214289,-1.3017744725021645,4.827180559526948,-0.5186077714498953,1.4811680886630532,-0.9340126363939651,-1.0753845342529482
10.0,253.0,1000.0232543945312,-4.244099783414339,-2.952539430571212,-1.964057520171796,0.689427997893568,-1.3017729863295058,4.827179319614801,-0.5186078028685168,1.4811679756480969,-0.9340134268504467,-1.075384296221368
10.0,253.0,1000.0232543945312,-4.244100174011085,-2.952538010549936,-1.9640574251762155,0.6894271045992637,-1.3017750705109306,4.827181043849137,-0.5186077582209068,1.4811681323907466,-0.9340123337681216,-1.0753846338605144
10.0,253.0,1000.023193359375,-4.244100171543113,-2.9525379919977683,-1.964057435980349,0.689427090235629,-1.3017751073176025,4.82718106068276,-0.5186077524246491,1.4811681164256711,-0.9340123104064642,-1.0753846523559196
10.0,253.0,1000.0232543945312,-4.244099862418561,-2.952539156848348,-1.9640575138443523,0.6894278126692281,-1.301773399093693,4.827179649245561,-0.5186077896841397,1.4811679930607635,-0.9340132042832794,-1.0753843696502696
10.0,253.0,1000.0232543945312,-4.244099871253613,-2.9525391403939687,-1.964057496195231,0.6894278220442542,-1.301773377355711,4.827179665226037,-0.5186077940821328,1.4811680234939075,-0.934013212141214,-1.0753843475552278
10.0,253.0,1000.0234375,-4.2441002036680935,-2.9525379534859653,-1.9640574203682828,0.6894270728408376,-1.3017751531131831,4.827181108663631,-0.5186077520150594,1.4811681403822885,-0.9340122919724294,-1.0753846477936886
10.0,253.0,1000.0232543945312,-4.244100141105704,-2.9525382425275133,-1.9640574147953416,0.6894272753772759,-1.3017746901741454,4.82718077504342,-0.5186077573328189,1.4811681411334645,-0.9340125099691914,-1.0753845624294311
10.0,253.0,1000.0232543945312,-4.244099930800941,-2.952538976902192,-1.964057499708666,0.6894277184521505,-1.3017736604974468,4.827179876205968,-0.518607770314798,1.481168027861628,-0.9340130451949288,-1.0753844175138545
10.0,253.0,1000.0232543945312,-4.244100279877078,-2.952537651303907,-1.9640573989090688,0.6894268947322306,-1.3017755710950234,4.8271814794814105,-0.5186077428379985,1.4811681874766591,-0.9340120513768636,-1.075384718728642
10.0,253.0,1000.0233154296876,-4.244099659136791,-2.952539912250521,-1.964057557851973,0.6894282885208023,-1.301772252336812,4.827178729017355,-0.5186078193581034,1.481167927798647,-0.9340137987513568,-1.0753841641445607
10.0,253.0,1000.0233764648438,-4.24409992010048,-2.952539033843519,-1.964057478812644,0.6894277585665565,-1.3017735333245837,4.827179804706622,-0.5186077863201852,1.4811680520595107,-0.9340131254534948,-1.0753843656514177
10.0,253.0,1000.0232543945312,-4.244099931576399,-2.952538902130968,-1.9640574996337232,0.6894276638972086,-1.3017737918048409,4.827179957900219,-0.5186077740110768,1.481168021758128,-0.934012998320072,-1.0753844423029153
10.0,253.0,1000.0232543945312,-4.2441002409758255,-2.952537842898072,-1.9640574094169243,0.689427013006644,-1.301775302679924,4.827181252343147,-0.5186077467649204,1.4811681703479893,-0.9340121939837474,-1.0753846691625943
10.0,253.0,1000.0232543945312,-4.244099863228379,-2.952539179573585,-1.9640575028996377,0.6894278386922679,-1.3017733435078689,4.827179623753192,-0.5186077959203592,1.4811680164437977,-0.9340132316506616,-1.0753843430065777
10.0,253.0,1000.023193359375,-4.244100029769321,-2.9525385263335586,-1.964057456722892,0.6894274342618445,-1.3017742747065402,4.82718041319043,-0.5186077802694262,1.481168092261492,-0.9340127390576995,-1.0753844906683958
10.0,253.0,1000.0232543945312,-4.244100265257465,-2.9525377368173804,-1.9640574053426887,0.6894269391689498,-1.3017754653290057,4.827181382347547,-0.5186077415866528,1.4811681716374006,-0.9340121082825368,-1.0753846990369809
10.0,253.0,1000.0233154296876,-4.244100279766539,-2.9525376385352144,-1.964057409768254,0.6894268817310483,-1.301775618284669,4.827181495043657,-0.5186077321220477,1.4811681696455734,-0.934012020770993,-1.0753847432109265
10.0,253.0,1000.0233154296876,-4.244099663192053,-2.95253990922055,-1.964057549095392,0.6894282890882977,-1.3017722764480788,4.82717873454072,-0.5186078202518161,1.4811679339653043,-0.9340138066733186,-1.075384160850355
10.0,253.0,1000.0232543945312,-4.24409978503517,-2.9525394073397084,-1.964057500113868,0.6894279885919294,-1.3017729808553122,4.827179347758566,-0.5186078098393061,1.4811679908649396,-0.9340134377167892,-1.0753842777990408
10.0,253.0,1000.0233154296876,-4.244099861146605,-2.952539179000351,-1.9640575108433416,0.6894278398638454,-1.3017733483153426,4.827179618285575,-0.5186077866249219,1.4811679987341142,-0.9340132257129704,-1.075384362100122
10.0,253.0,1000.023193359375,-4.244100022998795,-2.952538567842881,-1.9640574586518056,0.6894274571094829,-1.301774229463351,4.827180360423435,-0.5186077801943307,1.481168081067251,-0.9340127745918938,-1.0753844900534777
10.0,253.0,1000.023193359375,-4.24409965189728,-2.952539980073024,-1.964057549378695,0.6894283418819196,-1.3017721654575247,4.827178652899777,-0.5186078157707561,1.4811679290987998,-0.9340138541987928,-1.0753841441479794
10.0,253.0,1000.0233764648438,-4.244100080832089,-2.952538332289129,-1.964057458340223,0.6894273151855117,-1.3017745926701267,4.8271806426536585,-0.5186077617882221,1.4811680953601076,-0.934012574595541,-1.075384561510302
10.0,253.0,1000.0232543945312,-4.244099969244984,-2.9525387626031145,-1.9640574679042688,0.6894275780590107,-1.3017739538891524,4.827180130393117,-0.5186077869081673,1.4811680594173682,-0.9340129224563825,-1.0753844446623635
10.0,253.0,1000.0231323242188,-4.244099528747407,-2.952540445372672,-1.9640575919450325,0.6894286213124428,-1.301771523154799,4.827178091871152,-0.5186078249272201,1.4811678594094762,-0.9340141985224912,-1.0753840535633707
10.0,253.0,1000.0233764648438,-4.244099923770161,-2.9525390051780103,-1.9640574732647984,0.6894277383678187,-1.3017735706583773,4.827179835312647,-0.5186077943728113,1.4811680568233578,-0.9340131176416158,-1.075384364331529
10.0,253.0,1000.0232543945312,-4.244100104956156,-2.9525382904939086,-1.9640574244578484,0.6894272997000215,-1.3017746057463562,4.827180699175333,-0.518607773762449,1.4811681334074525,-0.9340125785314352,-1.0753845336164614
10.0,254.0,1000.023193359375,-4.244100269602379,-2.9525376993785346,-1.9640574145401128,0.6894269069201737,-1.301775544627182,4.827181418726704,-0.5186077388044303,1.481168162754905,-0.934012082585217,-1.0753847104939238
10.0,254.0,1000.0232543945312,-4.244100031203139,-2.952538620331372,-1.9640574528004129,0.6894274835096983,-1.3017741670219234,4.827180308044305,-0.5186077858243738,1.4811680887849263,-0.9340128200949946,-1.0753844605495284
10.0,254.0,1000.023193359375,-4.244099851684201,-2.9525391983171096,-1.9640575240904208,0.6894278334052215,-1.301773353775768,4.827179602849698,-0.5186077838399008,1.4811679786253995,-0.9340132235743512,-1.0753843678452553
10.0,254.0,1000.023193359375,-4.244100062509437,-2.952538461396677,-1.9640574543119624,0.6894273971869396,-1.3017744134861968,4.827180498372707,-0.5186077625090526,1.481168086924952,-0.9340126685773322,-1.075384533648374
10.0,254.0,1000.023193359375,-4.244100019628291,-2.9525385628398104,-1.9640574819797816,0.689427443194953,-1.3017742981678726,4.827180363076048,-0.5186077661434609,1.4811680425198634,-0.9340127392794892,-1.0753845307205436
10.0,254.0,1000.0232543945312,-4.244100094427717,-2.952538323209434,-1.964057432287949,0.6894273191421441,-1.3017745694731508,4.827180655931084,-0.5186077724511025,1.481168125124838,-0.9340125893909564,-1.0753845386171474
10.0,254.0,1000.023193359375,-4.244099757294865,-2.952539580144042,-1.9640575366966844,0.6894280864565205,-1.3017727852257233,4.827179134686801,-0.518607796830973,1.4811679495669106,-0.9340135303070304,-1.075384267631592
10.0,254.0,1000.023193359375,-4.244099839885489,-2.9525393471859003,-1.9640575062641856,0.6894279401756194,-1.301773120060314,4.827179428691709,-0.5186077910495008,1.4811679950033536,-0.9340133599213996,-1.0753843042516693
10.0,254.0,1000.0232543945312,-4.2441000268592965,-2.9525386002521152,-1.9640574414218404,0.6894275032106068,-1.3017741445914257,4.827180327930705,-0.5186077806487264,1.4811681094777605,-0.9340128089424652,-1.0753844566667174
10.0,254.0,1000.0232543945312,-4.244100242251719,-2.952537727725433,-1.9640574182543928,0.6894269385461858,-1.3017754746117285,4.827181374254291,-0.5186077425842788,1.4811681546147435,-0.9340121049861914,-1.075384719787297
10.0,254.0,1000.0232543945312,-4.244100095337772,-2.9525383203656657,-1.9640574383657363,0.6894273105497559,-1.3017745878957507,4.827180670197052,-0.5186077679061238,1.481168112131498,-0.9340125743912218,-1.0753845500286694
10.0,254.0,1000.0233154296876,-4.2440996600341885,-2.9525399111478685,-1.9640575549695287,0.6894282917201453,-1.3017722759150714,4.827178736743017,-0.5186078163257903,1.4811679225592904,-0.934013795930615,-1.0753841703827147
10.0,254.0,1000.023193359375,-4.24410002963741,-2.952538558132904,-1.9640574603458945,0.6894274489679777,-1.3017742461306936,4.8271803666758935,-0.5186077746337006,1.4811680829626894,-0.9340127653448836,-1.0753844892328073
10.0,254.0,1000.0232543945312,-4.244099858898554,-2.9525391548002085,-1.9640574979408312,0.6894278261258631,-1.3017733607820228,4.8271796476138285,-0.5186077996344425,1.4811680233128577,-0.9340132258820883,-1.075384343799915
10.0,254.0,1000.023193359375,-4.24409968463669,-2.952539771460088,-1.9640575446296047,0.6894282006328822,-1.3017724828973822,4.82717890019801,-0.5186078182888378,1.4811679357201966,-0.9340137013229208,-1.075384205721063
10.0,254.0,1000.0232543945312,-4.244099735517335,-2.9525396703482394,-1.964057526315587,0.689428152230052,-1.3017726022808145,4.827179026314104,-0.5186078146926523,1.4811679843081214,-0.9340136264319004,-1.0753841965804083
10.0,254.0,1000.0232543945312,-4.24409996763391,-2.9525387943080017,-1.9640574803352724,0.6894275957410958,-1.3017739026066049,4.827180081811969,-0.5186077840784851,1.4811680537884904,-0.9340129423266212,-1.0753844404715869
10.0,254.0,1000.0233764648438,-4.24409990137215,-2.952539038412304,-1.964057486092748,0.6894277516660638,-1.3017735326714663,4.827179787358961,-0.5186077968942922,1.4811680378707237,-0.9340131436565766,-1.075384367857939
10.0,254.0,1000.0234375,-4.244100197168624,-2.952537949872279,-1.964057435999464,0.6894270675868697,-1.3017751607927472,4.827181112905475,-0.5186077406478331,1.4811681286221292,-0.9340122654497788,-1.0753846646763536
10.0,254.0,1000.0232543945312,-4.244100016345867,-2.952538599577223,-1.9640574668448685,0.689427486602102,-1.3017741922027175,4.827180322398796,-0.5186077682754915,1.48116806685519,-0.9340127885601204,-1.0753844930536625
10.0,254.0,1000.0232543945312,-4.2440998853873175,-2.952539168406197,-1.9640574941259537,0.6894278365085551,-1.3017733661622,4.827179639004321,-0.5186077901887911,1.4811680264350515,-0.9340132296239608,-1.0753843435042585
10.0,254.0,1000.0232543945312,-4.244099909281158,-2.952539016688741,-1.964057503382857,0.6894277429265383,-1.3017736027742814,4.827179824351703,-0.5186077739134785,1.481168019421557,-0.93401308251243,-1.0753844015916925
10.0,254.0,1000.023193359375,-4.244100022544584,-2.9525385453034896,-1.964057464151712,0.6894274405768419,-1.3017742801472028,4.827180394450059,-0.5186077689829443,1.4811680654661208,-0.9340127359385092,-1.075384513433578
10.0,254.0,1000.023193359375,-4.244100134945013,-2.952538186430038,-1.96405743196032,0.6894272286920247,-1.3017747939503963,4.827180828935925,-0.5186077600365753,1.481168124145542,-0.9340124675215292,-1.07538458851004
10.0,254.0,1000.0232543945312,-4.244100113919685,-2.952538283973426,-1.964057445442728,0.6894272844567535,-1.3017746798909542,4.827180719996393,-0.5186077543553615,1.481168103172319,-0.9340125229597164,-1.07538458408512
10.0,254.0,1000.0232543945312,-4.244099619212403,-2.952539987516479,-1.964057562215058,0.6894283332474762,-1.3017721572203356,4.82717863385761,-0.5186078271911123,1.4811679097724912,-0.934013868819732,-1.0753841596224896
10.0,254.0,1000.0234375,-4.244099874185483,-2.952539104665152,-1.96405749186354,0.6894277958090136,-1.301773434835622,4.827179715814381,-0.5186077941842298,1.4811680227362256,-0.9340131832056012,-1.0753843590531835
10.0,254.0,1000.0232543945312,-4.2440999714078975,-2.952538805037064,-1.9640574776327264,0.6894276051943535,-1.301773896439562,4.8271800859530885,-0.5186077747742148,1.4811680534455025,-0.9340129336697824,-1.0753844416474525
10.0,254.0,1000.0234375,-4.244100306778754,-2.95253756678777,-1.9640573816268367,0.6894268559296695,-1.301775671567968,4.827181583950237,-0.5186077434175456,1.4811682135742608,-0.9340119989321564,-1.0753847208621363
10.0,254.0,1000.023193359375,-4.244100068314598,-2.952538382284266,-1.9640574667356328,0.689427327613644,-1.3017745348235503,4.827180588983669,-0.5186077668633837,1.4811680824116555,-0.9340126074385164,-1.0753845527853838
10.0,254.0,1000.0233154296876,-4.244100285080668,-2.9525376559221272,-1.964057385023296,0.6894269096891845,-1.301775539242902,4.827181463923747,-0.5186077537636438,1.4811682072626873,-0.9340120858628752,-1.0753846870696644
10.0,254.0,1000.023193359375,-4.244099935139468,-2.9525389102660786,-1.9640574839259173,0.6894276731397895,-1.3017737386319728,4.827179951622437,-0.5186077800910862,1.4811680401588525,-0.9340130198454082,-1.0753844132866592
10.0,254.0,1000.0233764648438,-4.24410006898821,-2.952538367757564,-1.964057453249806,0.6894273330330218,-1.3017745389330662,4.827180603584633,-0.5186077687415498,1.4811680890950214,-0.9340126085723446,-1.0753845524580297
10.0,254.0,1000.0232543945312,-4.244099862336251,-2.9525391684149085,-1.9640574976607184,0.689427836149549,-1.3017733530277509,4.827179631426549,-0.5186077983603807,1.4811680218428736,-0.9340132436241646,-1.0753843358386783
10.0,254.0,1000.0232543945312,-4.244099825218931,-2.9525393329142395,-1.964057492673492,0.6894279533545946,-1.3017731018207672,4.827179434456696,-0.518607802563662,1.4811680141894057,-0.934013377510782,-1.075384296635412
10.0,254.0,1000.0232543945312,-4.244099765321366,-2.9525396111136617,-1.9640575306653325,0.6894281120055945,-1.3017727229645546,4.827179106130792,-0.5186078012967643,1.481167971846654,-0.9340135492516756,-1.0753842433428478
10.0,254.0,1000.0233154296876,-4.244100090045899,-2.9525383478323564,-1.964057441540735,0.6894273313753052,-1.3017745516408734,4.827180627933634,-0.5186077687376862,1.4811681159448984,-0.9340126016019584,-1.075384536503647
10.0,254.0,1000.0232543945312,-4.244099914739491,-2.952539013428591,-1.9640574992533173,0.689427725987227,-1.3017736093719496,4.827179831193666,-0.518607783433751,1.4811680257977289,-0.9340130854009044,-1.0753843926495232
10.0,254.0,1000.0232543945312,-4.244100038703638,-2.952538482974393,-1.964057465443924,0.6894273993880304,-1.3017743685381395,4.827180458531164,-0.5186077704354926,1.4811680697760536,-0.9340126961290044,-1.0753845291717128
10.0,254.0,1000.0232543945312,-4.244099954056811,-2.952538801229812,-1.96405748754352,0.689427592597017,-1.3017739108303852,4.827180075506929,-0.5186077864646048,1.4811680429901664,-0.9340129408201036,-1.0753844439211877
10.0,254.0,1000.0232543945312,-4.244099817999793,-2.952539375961569,-1.964057505663832,0.6894279684077942,-1.3017730548673367,4.827179389381715,-0.5186077986524475,1.481167996930683,-0.934013390290926,-1.0753842952759332
10.0,254.0,1000.0233154296876,-4.244099692590574,-2.9525398302783565,-1.9640575468239376,0.6894282306267314,-1.3017724230796484,4.827178837762098,-0.5186078141975976,1.4811679328067031,-0.9340137299498874,-1.0753841987506316
10.0,254.0,1000.0232543945312,-4.244099728987262,-2.952539605570886,-1.964057538520876,0.6894280958440877,-1.301772725465851,4.827179104266225,-0.5186078088563315,1.4811679501444637,-0.934013566836552,-1.075384250407201
10.0,254.0,1000.0234375,-4.244100062165944,-2.9525383682723856,-1.9640574505935748,0.6894273231008832,-1.3017745320594147,4.827180602225576,-0.5186077805823865,1.4811680992931056,-0.9340126208760317,-1.075384539996222
10.0,254.0,1000.023193359375,-4.244100065148832,-2.952538437625832,-1.9640574458910949,0.6894273881592108,-1.3017744104371216,4.827180528024401,-0.5186077670685005,1.4811681031242578,-0.9340126619357854,-1.0753845240563376
10.0,254.0,1000.0232543945312,-4.244100240187773,-2.9525378126978823,-1.9640573980573488,0.689427000767572,-1.3017753217187122,4.82718128235353,-0.5186077525141632,1.48116817937548,-0.93401219622839,-1.075384660621585
10.0,254.0,1000.0232543945312,-4.244099975799209,-2.9525387559537046,-1.9640574746292367,0.6894275805362486,-1.3017739558492063,4.827180136183841,-0.5186077812140031,1.4811680688842808,-0.9340129013917552,-1.0753844462288882
10.0,254.0,1000.023193359375,-4.244100184106157,-2.952537973100473,-1.9640574272248368,0.6894270827833999,-1.3017751172783294,4.827181082058436,-0.5186077571250971,1.4811681397869716,-0.9340123050145808,-1.0753846425101266
10.0,254.0,1000.0234375,-4.244099884467172,-2.9525391044660534,-1.9640574962299828,0.6894277858714002,-1.301773444653811,4.827179716523268,-0.5186077933477113,1.4811680237605138,-0.9340131783781942,-1.0753843520363358
10.0,254.0,1000.0232543945312,-4.244099949254475,-2.9525388360580327,-1.9640574798488293,0.6894276286370076,-1.3017738317609306,4.827180033267917,-0.518607783044132,1.4811680458747905,-0.9340129750047268,-1.0753844287141383
10.0,255.0,1000.0232543945312,-4.244099964443802,-2.95253880448942,-1.9640574657814425,0.6894276223440539,-1.301773867625014,4.827180079101479,-0.5186077827253799,1.4811680723255505,-0.9340129532012256,-1.075384423509644
10.0,255.0,1000.023193359375,-4.244099826236752,-2.9525392933882366,-1.964057526257912,0.6894278899731345,-1.3017732184438784,4.82717948736062,-0.5186077909198286,1.4811679706251375,-0.934013305207224,-1.075384336797077
10.0,255.0,1000.023193359375,-4.244100012970677,-2.952538586150192,-1.964057470912024,0.6894274640312119,-1.3017742359794275,4.827180350534398,-0.5186077693070796,1.4811680583476765,-0.9340127561258428,-1.0753845094427188
10.0,255.0,1000.023193359375,-4.244100116334759,-2.9525381802474846,-1.9640574370611352,0.6894272216172537,-1.3017748067308146,4.827180820826836,-0.5186077699048415,1.48116812121272,-0.9340124786434876,-1.0753845913062596
10.0,255.0,1000.0232543945312,-4.244099916551964,-2.952538984165754,-1.964057488776328,0.6894277152072394,-1.3017736375396636,4.827179864139277,-0.5186077900831059,1.4811680350599,-0.934013079663112,-1.075384393253704
10.0,255.0,1000.0232543945312,-4.244100187827269,-2.952538004623282,-1.9640574245966904,0.689427099244698,-1.301775072003074,4.8271810499599646,-0.518607755256494,1.481168139254251,-0.9340123302744044,-1.0753846254709765
10.0,255.0,1000.0232543945312,-4.244099836889373,-2.952539308309581,-1.9640575116948868,0.6894279222901929,-1.3017731653675608,4.827179468827303,-0.5186077929239499,1.4811680009051926,-0.9340133306653636,-1.0753843157457248
10.0,255.0,1000.0233764648438,-4.244100086832776,-2.95253837101894,-1.964057438698572,0.6894273451496815,-1.3017745152338889,4.827180602371559,-0.5186077723393083,1.4811681175886626,-0.9340126240522936,-1.075384528728773
10.0,255.0,1000.0233764648438,-4.244099856818234,-2.952539244305753,-1.96405750525628,0.689427881436492,-1.3017732567310798,4.827179545971253,-0.518607791229508,1.4811680091065318,-0.934013279636531,-1.075384331459782
10.0,255.0,1000.0232543945312,-4.244099745470907,-2.9525395898970155,-1.9640575303153391,0.6894280976162372,-1.3017727483368189,4.827179127355084,-0.5186078023592602,1.4811679616392093,-0.9340135467474244,-1.075384255273068
10.0,255.0,1000.023193359375,-4.244100216132378,-2.9525378782323406,-1.964057416634711,0.689427023256254,-1.301775252509339,4.827181200200272,-0.5186077546360028,1.4811681577775992,-0.9340122338534104,-1.0753846538547855
10.0,255.0,1000.0232543945312,-4.244099500370243,-2.95254052683486,-1.964057585860844,0.6894286741367477,-1.3017713735551837,4.827177995208899,-0.5186078401542673,1.481167863628313,-0.9340142765943602,-1.0753840162972297
10.0,255.0,1000.023193359375,-4.244099758312164,-2.9525395842442594,-1.9640575150625232,0.6894280995336031,-1.3017727257866216,4.827179132944787,-0.518607811450936,1.4811679835186489,-0.9340135632470687,-1.0753842299093002
10.0,255.0,1000.0233764648438,-4.244099884512744,-2.9525390519490378,-1.9640575002267944,0.6894277531971671,-1.30177355195885,4.827179770957358,-0.5186077899710382,1.4811680132491212,-0.9340131403142866,-1.0753843840883492
10.0,255.0,1000.0231323242188,-4.24410007796458,-2.952538428291854,-1.9640574511300968,0.6894273720687396,-1.3017744472359736,4.827180535992525,-0.5186077644015663,1.481168099175882,-0.9340126514995256,-1.0753845250218197
10.0,255.0,1000.023193359375,-4.244100064064059,-2.9525384593401287,-1.964057455533589,0.6894273823374473,-1.3017744220720746,4.827180503665225,-0.5186077662436075,1.481168084543092,-0.9340126766233334,-1.0753845207548158
10.0,255.0,1000.0232543945312,-4.244099784471947,-2.95253946783613,-1.9640575273844865,0.6894280179520056,-1.3017729391071802,4.827179277392265,-0.518607793904895,1.48116797242408,-0.9340134404151836,-1.0753842876037472
10.0,255.0,1000.023193359375,-4.244100031069328,-2.952538554806214,-1.9640574603969208,0.6894274507242333,-1.3017742789167883,4.827180385275616,-0.5186077703103678,1.4811680764975843,-0.9340127449271912,-1.0753845051942783
10.0,255.0,1000.0232543945312,-4.2440999137886015,-2.9525390243447203,-1.964057504028967,0.6894277249580636,-1.3017736195641705,4.827179814940179,-0.5186077784408516,1.4811680081922027,-0.9340130962582958,-1.0753844040473042
10.0,255.0,1000.0233154296876,-4.244099866113888,-2.9525391957421925,-1.96405750698714,0.6894278488347965,-1.3017733379089758,4.827179613157544,-0.5186077868644219,1.4811680086283,-0.9340132315275148,-1.0753843516921564
10.0,255.0,1000.0232543945312,-4.244100162147293,-2.952538025321912,-1.964057434129577,0.6894271191503956,-1.3017750405109445,4.82718101921831,-0.5186077521131347,1.4811681254531894,-0.934012340327942,-1.075384640677747
10.0,255.0,1000.023193359375,-4.244099831475722,-2.952539236026856,-1.9640575000801743,0.6894278801777434,-1.3017732359049488,4.827179551871589,-0.5186077988563813,1.4811680029754193,-0.934013288478857,-1.0753843315509206
10.0,255.0,1000.0232543945312,-4.244100023514205,-2.9525386181041364,-1.9640574529191657,0.6894274988855642,-1.3017741498815791,4.827180307139717,-0.5186077774729734,1.4811680937384215,-0.934012812821913,-1.0753844662254777
10.0,255.0,1000.0232543945312,-4.244099957726563,-2.952538821321864,-1.964057485721292,0.6894276050821553,-1.3017738919926105,4.8271800604822594,-0.5186077757754521,1.481168034796001,-0.9340129500053252,-1.0753844425823464
10.0,255.0,1000.0232543945312,-4.244100004027287,-2.952538641438682,-1.9640574781994344,0.6894274935623184,-1.3017741640000375,4.827180278591145,-0.5186077692064925,1.4811680503470548,-0.9340128059746212,-1.0753844936870411
10.0,255.0,1000.0233154296876,-4.244099659684785,-2.95253989012208,-1.9640575525228143,0.6894282787740096,-1.3017723014117673,4.827178762776793,-0.5186078130527845,1.4811679274426055,-0.9340137766864388,-1.0753841793173806
10.0,255.0,1000.0232543945312,-4.244099941802396,-2.952538871264742,-1.9640574947250764,0.6894276318853212,-1.3017738250410753,4.827179987249101,-0.5186077818317418,1.4811680221987933,-0.934012995246542,-1.0753844342623031
10.0,255.0,1000.0232543945312,-4.244099608583857,-2.952540154015185,-1.964057568567867,0.6894284470213794,-1.3017719260986622,4.82717844471021,-0.518607814521471,1.4811679000917932,-0.9340139736018784,-1.075384117536914
10.0,255.0,1000.0232543945312,-4.24409985300789,-2.952539253561876,-1.9640575060874927,0.6894278786913421,-1.3017732377553708,4.827179540260097,-0.5186077961827689,1.481168013105484,-0.9340132844725976,-1.0753843222468822
10.0,255.0,1000.0232543945312,-4.244099916811173,-2.9525389742784545,-1.96405748575605,0.6894277212881406,-1.301773649530293,4.827179868909132,-0.51860778448461,1.4811680381453876,-0.9340130729903988,-1.0753844076249597
10.0,255.0,1000.023193359375,-4.2441001082641865,-2.952538226152384,-1.9640574483264124,0.6894272479656669,-1.3017747455548483,4.827180775431895,-0.5186077590122675,1.4811681037800837,-0.934012489087003,-1.0753845926107846
10.0,255.0,1000.0232543945312,-4.2441000164564215,-2.952538630172461,-1.964057464846325,0.689427499934868,-1.3017741473527369,4.8271802831875785,-0.5186077727030272,1.4811680742204365,-0.9340128187646082,-1.075384472190989
10.0,255.0,1000.023193359375,-4.244100075269829,-2.952538446129977,-1.964057444121769,0.689427394965973,-1.3017744018208637,4.82718050753107,-0.5186077719652227,1.4811681108898505,-0.9340126810754484,-1.0753845098631865
10.0,255.0,1000.023193359375,-4.244100030018647,-2.952538528722017,-1.964057451746914,0.6894274323598619,-1.3017742849354486,4.82718040489986,-0.5186077831799443,1.481168091430253,-0.9340127536712616,-1.0753844862782014
10.0,255.0,1000.023193359375,-4.244099843229852,-2.952539222810905,-1.9640575144379688,0.6894278514989534,-1.3017732939081714,4.827179573520391,-0.5186077945875729,1.4811679925253696,-0.9340132598252452,-1.0753843379473862
10.0,255.0,1000.023193359375,-4.244099947493958,-2.9525389090636724,-1.9640574738045369,0.6894276757010322,-1.301773735783044,4.827179960212497,-0.5186077838737555,1.4811680518282877,-0.9340130241845044,-1.0753844095763512
10.0,255.0,1000.0233764648438,-4.244099979971932,-2.9525387111854475,-1.9640574697604405,0.6894275397188157,-1.3017740290077384,4.827180193006997,-0.5186077856253366,1.481168063077697,-0.934012879289666,-1.0753844522736191
10.0,255.0,1000.0233154296876,-4.244100441482836,-2.952537062714503,-1.9640573608910787,0.689426526227316,-1.3017764350605463,4.827182191338794,-0.5186077226595369,1.4811682514628366,-0.934011597381458,-1.075384858183272
10.0,255.0,1000.0232543945312,-4.244100211846694,-2.952537853714133,-1.964057418673716,0.6894270059747774,-1.3017752891887389,4.8271812314346025,-0.5186077546711623,1.4811681528625007,-0.934012211259855,-1.0753846708414954
10.0,255.0,1000.0233764648438,-4.244099977527903,-2.95253873622716,-1.9640574785289504,0.6894275552416431,-1.3017740163130558,4.827180168438797,-0.5186077742665107,1.4811680457627174,-0.934012875046948,-1.0753844683024791
10.0,255.0,1000.0234375,-4.244100178799617,-2.9525379292733214,-1.964057429243104,0.6894270558922813,-1.301775180080092,4.827181131945606,-0.5186077516644589,1.4811681286799452,-0.9340122681997424,-1.0753846644715752
10.0,255.0,1000.0233764648438,-4.244099991632608,-2.952538725936368,-1.9640574811405016,0.6894275459223405,-1.3017740273006022,4.827180176763914,-0.5186077709414345,1.481168051535687,-0.934012875094953,-1.075384454774201
10.0,255.0,1000.023193359375,-4.244100141713807,-2.9525381125423684,-1.964057430846088,0.6894271788117781,-1.3017748991391382,4.827180914609082,-0.5186077610464039,1.4811681261540055,-0.934012420154037,-1.0753846075749536
10.0,255.0,1000.0232543945312,-4.244099753893869,-2.952539615900406,-1.9640575320605176,0.6894281069071599,-1.3017727200901623,4.827179102708277,-0.5186078001474845,1.481167960044537,-0.93401355754835,-1.0753842437681032
10.0,255.0,1000.0232543945312,-4.244099783269057,-2.9525394805440364,-1.9640575221999368,0.689428026900921,-1.3017729067701822,4.827179257678685,-0.5186078000536565,1.481167974476807,-0.9340134650681896,-1.07538427776112
10.0,255.0,1000.023193359375,-4.24409993558076,-2.952538920238831,-1.9640574870048064,0.6894276808660225,-1.3017737346007898,4.827179940055656,-0.5186077747089453,1.4811680326981644,-0.934013022330234,-1.075384423139112
10.0,255.0,1000.0232543945312,-4.244099836185493,-2.9525393651476115,-1.9640575023589504,0.6894279715311891,-1.3017730554978817,4.827179402839182,-0.518607792881812,1.4811680133115956,-0.934013372742843,-1.0753842948138126
10.0,255.0,1000.0232543945312,-4.244099955300098,-2.952538833725214,-1.964057481637345,0.6894276203221139,-1.30177385813878,4.827180043604603,-0.5186077764945338,1.4811680380916536,-0.9340129655455572,-1.0753844342465002
10.0,255.0,1000.023193359375,-4.24410004832832,-2.9525384823149947,-1.9640574562175808,0.6894274073194921,-1.3017743734064524,4.82718046632273,-0.5186077713723796,1.4811680850777789,-0.934012699523442,-1.0753845187790605
10.0,255.0,1000.0232543945312,-4.244099951608819,-2.952538835206932,-1.964057482940176,0.6894276176158503,-1.3017738566606505,4.827180041346633,-0.518607782443107,1.4811680399685043,-0.9340129688928976,-1.075384433439091
10.0,256.0,1000.023193359375,-4.244100192502451,-2.952537978217694,-1.964057424521784,0.68942709147613,-1.3017751228138057,4.827181083953516,-0.5186077501506823,1.4811681384888793,-0.9340123006228724,-1.0753846438084134
10.0,256.0,1000.023193359375,-4.244100206786105,-2.95253789000836,-1.9640574217522149,0.6894270375260643,-1.3017752576196284,4.82718118956797,-0.5186077473963389,1.4811681444775582,-0.9340122290927112,-1.0753846729173917
10.0,256.0,1000.0232543945312,-4.244099849227492,-2.952539249268914,-1.964057505357245,0.6894278838453012,-1.30177325131279,4.827179537818733,-0.5186077940953275,1.4811680066762536,-0.934013290773244,-1.0753843302125747
10.0,256.0,1000.0233764648438,-4.244099983744471,-2.952538741892269,-1.96405747215519,0.6894275635324227,-1.30177398950102,4.827180156082093,-0.5186077787474863,1.4811680568064922,-0.9340128944008628,-1.075384453065515
10.0,256.0,1000.023193359375,-4.244099947113666,-2.9525388911389747,-1.9640574902431969,0.6894276528538228,-1.3017737785356576,4.827179979933332,-0.5186077779584277,1.4811680377944343,-0.9340129935189508,-1.075384424321129
10.0,256.0,1000.0232543945312,-4.24410022301773,-2.952537816057609,-1.9640573997601896,0.6894270038250685,-1.3017752998931005,4.827181267845509,-0.5186077569626057,1.4811681787932196,-0.9340122027159444,-1.0753846613481088
10.0,256.0,1000.023193359375,-4.2441000521590055,-2.952538498823261,-1.9640574579418644,0.6894274155541478,-1.301774359117414,4.827180447394188,-0.5186077693351807,1.481168082893861,-0.9340127079746114,-1.075384518903312
10.0,256.0,1000.0234375,-4.244099891802978,-2.9525391075389167,-1.9640574842394831,0.6894278091333028,-1.3017734414780535,4.827179711984121,-0.5186077893314343,1.4811680291933411,-0.934013191276316,-1.0753843577709112
10.0,256.0,1000.0232543945312,-4.244100064859237,-2.9525384703911977,-1.964057446579038,0.6894274008104428,-1.3017743714035257,4.827180478944028,-0.5186077698451648,1.4811680957876412,-0.9340127007974184,-1.0753845041902856
10.0,256.0,1000.0233154296876,-4.244099995189776,-2.9525386960017137,-1.964057478658337,0.689427527795905,-1.30177407221346,4.827180211044407,-0.518607774004674,1.4811680524187478,-0.934012849493187,-1.0753844719405583
10.0,256.0,1000.023193359375,-4.244099935023209,-2.952538892362681,-1.9640574821854064,0.6894276653503981,-1.301773765214362,4.827179976464482,-0.5186077822749882,1.4811680409914496,-0.9340130037153208,-1.0753844220832305
10.0,256.0,1000.0233764648438,-4.244099995982286,-2.952538737673108,-1.964057462306608,0.6894275741660172,-1.3017739952429084,4.827180168864345,-0.5186077732962087,1.4811680664760385,-0.9340128909911288,-1.075384454717212
10.0,256.0,1000.023193359375,-4.244100030429102,-2.9525385670539785,-1.964057453818144,0.6894274597413288,-1.3017742383648416,4.827180360383904,-0.5186077783449745,1.4811680823463744,-0.9340127783008096,-1.075384490989468
10.0,256.0,1000.0232543945312,-4.244100098949831,-2.952538334185668,-1.964057452072657,0.6894273092264891,-1.3017745977944115,4.827180655793983,-0.5186077567136946,1.4811680971227623,-0.9340125586574546,-1.0753845648119875
10.0,256.0,1000.023193359375,-4.244100061155464,-2.9525384585974708,-1.9640574654631344,0.6894273797472898,-1.301774429172335,4.827180504101269,-0.5186077608070585,1.4811680705845065,-0.9340126589844644,-1.0753845406110591
10.0,256.0,1000.0233764648438,-4.2440999858004105,-2.9525387161573584,-1.96405747815964,0.6894275334511377,-1.3017740515102827,4.827180190056065,-0.5186077786012184,1.4811680492623216,-0.934012867538626,-1.0753844655353006
10.0,256.0,1000.0232543945312,-4.244099807704528,-2.95253939563124,-1.964057497228647,0.6894279857042918,-1.301772996817601,4.827179368197852,-0.5186078081721552,1.4811680110394851,-0.9340134140173496,-1.0753842785791607
10.0,256.0,1000.023193359375,-4.244100068212694,-2.952538404432019,-1.9640574548601668,0.6894273515835163,-1.3017744912941809,4.827180565839432,-0.5186077657384391,1.4811680859144385,-0.9340126332838006,-1.0753845392469952
10.0,256.0,1000.023193359375,-4.244099698332271,-2.9525397976877583,-1.9640575351813128,0.6894282319195133,-1.301772420342,4.827178871271997,-0.5186078149717988,1.4811679561874804,-0.9340137214393948,-1.0753841879726629
10.0,256.0,1000.0232543945312,-4.2440997697310445,-2.952539537404829,-1.96405751898564,0.6894280644005875,-1.3017728145886114,4.8271791960803885,-0.5186078058946713,1.4811679801534965,-0.9340135130550706,-1.0753842531466744
10.0,256.0,1000.0234375,-4.244099882624752,-2.952539139401544,-1.9640574965068005,0.6894278205142701,-1.3017734051463306,4.827179676538094,-0.518607783116658,1.481168017558777,-0.9340131958457124,-1.07538435848272
10.0,256.0,1000.023193359375,-4.244100142302782,-2.952538197772027,-1.964057432492293,0.6894272402607289,-1.3017747808331182,4.827180816912939,-0.5186077556922539,1.4811681314605227,-0.934012469228068,-1.075384581972865
10.0,256.0,1000.0232543945312,-4.244100158801038,-2.952538019663724,-1.964057432477031,0.6894271147110143,-1.301775049814406,4.82718102624545,-0.5186077567752809,1.4811681257716245,-0.9340123384896266,-1.075384634330598
10.0,256.0,1000.023193359375,-4.244100058532641,-2.9525384462278224,-1.9640574619071167,0.6894273799220931,-1.301774438802021,4.8271805161468535,-0.5186077665861326,1.481168083123575,-0.9340126542914272,-1.075384538316638
10.0,256.0,1000.0233764648438,-4.244099896378546,-2.952539010410131,-1.964057495390446,0.6894277283800996,-1.3017736017219668,4.827179829121812,-0.5186077902569384,1.481168022741345,-0.9340131025545464,-1.075384390324885
10.0,256.0,1000.023193359375,-4.244099944539713,-2.952538900651172,-1.9640574775142488,0.6894276680168252,-1.3017737463651151,4.82717996712592,-0.5186077857960223,1.4811680509366898,-0.934013022262496,-1.0753844048223975
10.0,256.0,1000.0233764648438,-4.244099982440152,-2.9525387382768606,-1.9640574773119028,0.6894275503784915,-1.30177400057742,4.827180162769368,-0.5186077789007006,1.4811680506365068,-0.9340128892347028,-1.0753844545641562
10.0,256.0,1000.0232543945312,-4.244099818792511,-2.952539335307404,-1.9640575168376209,0.6894279255903317,-1.3017731342124774,4.827179430972491,-0.5186078004940535,1.4811679898799524,-0.9340133579696096,-1.075384305746696
10.0,256.0,1000.0233764648438,-4.244099978011148,-2.952538736653016,-1.9640574777604791,0.6894275598110076,-1.3017740105769429,4.827180157390735,-0.5186077762703718,1.481168048082404,-0.934012891023464,-1.0753844644261656
10.0,256.0,1000.0232543945312,-4.24409979464271,-2.9525394389782496,-1.964057521404945,0.6894279998006354,-1.301772964863554,4.827179302701525,-0.518607801026274,1.4811679826402775,-0.9340134382754356,-1.075384282808117
10.0,256.0,1000.023193359375,-4.244100273549114,-2.9525377033356177,-1.9640574080621,0.68942692261456,-1.3017755274784752,4.8271814185531685,-0.5186077369075086,1.4811681685843014,-0.934012081316454,-1.0753847170004995
10.0,256.0,1000.0234375,-4.244099890865757,-2.952539109980675,-1.9640574928336028,0.6894277965918683,-1.301773436701552,4.827179710620818,-0.5186077920670575,1.4811680333125068,-0.9340131813814896,-1.0753843484052208
10.0,256.0,1000.0232543945312,-4.244100020356208,-2.952538598451753,-1.9640574559558832,0.6894274777113001,-1.3017741908564302,4.827180329174514,-0.5186077788449479,1.4811680794310824,-0.9340127962000412,-1.0753844799497356
10.0,256.0,1000.0232543945312,-4.244099915790393,-2.9525389749361968,-1.964057490620524,0.6894277069046026,-1.3017736473626869,4.827179871229536,-0.5186077868413266,1.481168026780031,-0.9340130743416344,-1.075384401537855
10.0,256.0,1000.023193359375,-4.244100071457273,-2.952538443334039,-1.9640574505727084,0.6894273800238437,-1.3017744260750588,4.827180509444865,-0.5186077700017835,1.4811680919680177,-0.934012675845282,-1.075384521393119
10.0,256.0,1000.023193359375,-4.244100183361632,-2.952537981829026,-1.9640574290855364,0.6894270922024592,-1.301775107654504,4.827181069903276,-0.5186077527864867,1.481168136056298,-0.9340123107439836,-1.0753846420598068
10.0,256.0,1000.023193359375,-4.244100178357413,-2.9525379856933016,-1.9640574270257545,0.6894270898562898,-1.3017751036245748,4.827181066153548,-0.5186077562165927,1.481168129622029,-0.9340123188992512,-1.0753846411872363
10.0,256.0,1000.023193359375,-4.244100133370191,-2.9525382094650285,-1.964057425843122,0.68942724515595,-1.3017747438995944,4.8271808045090445,-0.5186077643188796,1.4811681359851292,-0.9340124921980716,-1.0753845648137368
10.0,256.0,1000.023193359375,-4.244100256701596,-2.952537718522215,-1.9640574112546991,0.6894269223992673,-1.3017755023805493,4.82718140205634,-0.5186077471016057,1.4811681664579757,-0.9340120971867804,-1.075384705867966
10.0,256.0,1000.0232543945312,-4.244100024333891,-2.952538574411205,-1.964057455699028,0.6894274715452928,-1.3017742170553737,4.827180354504426,-0.5186077737960746,1.4811680853762157,-0.9340127765489408,-1.0753844879620549
10.0,256.0,1000.023193359375,-4.244100031138891,-2.9525385585844464,-1.9640574572345693,0.6894274473615347,-1.3017742570177102,4.827180371297645,-0.5186077790737356,1.4811680820071338,-0.9340127690992448,-1.075384491594206
10.0,256.0,1000.023193359375,-4.244100235865113,-2.9525378363557966,-1.964057420685705,0.6894269981022259,-1.301775335828292,4.827181259957317,-0.5186077372973639,1.4811681496002749,-0.934012174591726,-1.0753846880131146
10.0,256.0,1000.0234375,-4.244099569457579,-2.952540266959344,-1.964057574665672,0.6894285087312326,-1.3017717699855993,4.827178312793901,-0.5186078214210301,1.4811678810185498,-0.9340140652303016,-1.075384089831294
10.0,256.0,1000.0232543945312,-4.244099933784677,-2.952538938210144,-1.964057487563227,0.6894276820417389,-1.3017737047439248,4.827179916177563,-0.518607785536477,1.4811680352276984,-0.9340130454169184,-1.0753844039026728
10.0,256.0,1000.0232543945312,-4.244099912044474,-2.952538977067079,-1.9640574980242,0.6894276970135529,-1.3017736521944654,4.827179866819186,-0.5186077869981958,1.4811680172037036,-0.9340130768683396,-1.0753844007956728
10.0,256.0,1000.0232543945312,-4.244100112455238,-2.952538211587412,-1.964057454600106,0.6894272254684886,-1.3017747932770345,4.827180792188271,-0.5186077608966002,1.4811680958304478,-0.9340124773313264,-1.0753846017549091
10.0,256.0,1000.0232543945312,-4.244099923641777,-2.952538954436057,-1.964057495818452,0.6894276872331488,-1.3017736943617777,4.827179902174898,-0.5186077810444463,1.4811680231364024,-0.93401304381715,-1.0753844117098286
10.0,256.0,1000.0232543945312,-4.244099971343187,-2.9525388234267176,-1.9640574706294,0.6894276244838871,-1.301773862409072,4.8271800558440905,-0.5186077803240838,1.4811680638580622,-0.934012962721301,-1.0753844256036356
10.0,256.0,1000.0233154296876,-4.244100091704372,-2.952538346122245,-1.9640574306988885,0.689427333031361,-1.3017745431719856,4.827180636426613,-0.5186077713785835,1.4811681222099953,-0.9340126076086142,-1.0753845310361363
10.0,256.0,1000.0232543945312,-4.244099791265215,-2.9525394245875365,-1.9640575075675577,0.6894279972865291,-1.3017729649998435,4.8271793262903895,-0.5186078065056767,1.4811679944741298,-0.934013437705806,-1.0753842735272032
10.0,257.0,1000.0232543945312,-4.244100116833238,-2.9525382721474864,-1.964057443277241,0.6894272713549698,-1.3017746806522217,4.827180722263249,-0.5186077628755612,1.4811681132483263,-0.934012536163868,-1.075384560467108
10.0,257.0,1000.0232543945312,-4.244099873148421,-2.952539154626723,-1.9640575005596617,0.6894278170562576,-1.3017733884512523,4.827179655294184,-0.5186077952549848,1.4811680155462217,-0.934013214992059,-1.0753843501424285
10.0,257.0,1000.023193359375,-4.244099949515064,-2.9525388950828506,-1.9640574783844016,0.68942766564553,-1.301773769293748,4.827179974916282,-0.5186077819264421,1.4811680456900191,-0.934013012531647,-1.0753844162969148
10.0,257.0,1000.0232543945312,-4.24410000739461,-2.952538639209388,-1.9640574655736085,0.6894275036283082,-1.3017741469345818,4.827180285317663,-0.5186077742162603,1.4811680678184107,-0.9340128117594392,-1.0753844858088346
10.0,257.0,1000.0233154296876,-4.244100001309388,-2.9525386874009474,-1.964057470806985,0.6894275370775294,-1.3017740747395257,4.827180227444231,-0.5186077684378043,1.481168061428697,-0.93401283879418,-1.0753844792956224
10.0,257.0,1000.023193359375,-4.244100220653052,-2.952537865917717,-1.964057415266212,0.6894270282292938,-1.301775261373121,4.827181208134249,-0.5186077527633222,1.4811681636365996,-0.9340122262360682,-1.0753846622389958
10.0,257.0,1000.023193359375,-4.244100192271095,-2.952537966063141,-1.964057418971246,0.6894270917612282,-1.3017751297739255,4.827181096812897,-0.5186077501379946,1.4811681422693272,-0.9340122973749176,-1.0753846482009517
10.0,257.0,1000.0232543945312,-4.244099826089364,-2.952539353555493,-1.964057504240615,0.689427952798698,-1.301773074541365,4.827179424506694,-0.5186077977590111,1.4811680079165974,-0.934013365459382,-1.0753842906533184
10.0,257.0,1000.0232543945312,-4.2441002512054,-2.952537825577462,-1.9640573904911744,0.6894270162504625,-1.3017753020166505,4.827181265518984,-0.5186077507735112,1.4811681878650391,-0.9340122095919758,-1.0753846545330004
10.0,257.0,1000.0232543945312,-4.244100001456563,-2.952538645869545,-1.9640574717510328,0.6894275089698354,-1.3017741427417313,4.827180270849176,-0.5186077709391199,1.4811680616003873,-0.93401281165095,-1.0753844888692248
10.0,257.0,1000.0234375,-4.244100080731071,-2.952538355607488,-1.9640574362907424,0.6894273342370569,-1.3017745410792152,4.82718061839444,-0.5186077728494363,1.4811681091861075,-0.9340126199747952,-1.0753845360600771
10.0,257.0,1000.023193359375,-4.244100151846335,-2.952538136295819,-1.9640574316679704,0.6894271928411078,-1.3017748796867017,4.827180893075651,-0.51860775913838,1.4811681317905023,-0.9340124257424652,-1.075384597706683
10.0,257.0,1000.023193359375,-4.24409995195097,-2.952538865510982,-1.964057470398317,0.6894276538714568,-1.3017737828367566,4.827180001464095,-0.5186077870797945,1.4811680657766324,-0.934013005891182,-1.0753844076264736
10.0,257.0,1000.0234375,-4.2440998745162855,-2.9525391312607168,-1.9640575011530663,0.6894278086801267,-1.3017734221516983,4.82717968458849,-0.5186077894428145,1.4811680112683945,-0.9340131899321716,-1.075384362847558
10.0,257.0,1000.0233154296876,-4.244099693284048,-2.952539806080311,-1.9640575363093271,0.6894282335327926,-1.3017724241074524,4.827178868134398,-0.5186078105756895,1.4811679465060203,-0.9340137189759172,-1.0753841911623363
10.0,257.0,1000.0232543945312,-4.24410009591935,-2.9525383346267926,-1.9640574502383537,0.6894273160019342,-1.30177457956846,4.827180644783839,-0.5186077595635163,1.4811680994964052,-0.934012578253644,-1.0753845566549258
10.0,257.0,1000.0232543945312,-4.244099976726037,-2.952538815923487,-1.9640574616679105,0.6894276213622019,-1.3017738660949512,4.827180066477069,-0.5186077812326504,1.4811680696217913,-0.9340129644638608,-1.0753844209259578
10.0,257.0,1000.023193359375,-4.244100142742363,-2.9525381683577354,-1.9640574362099013,0.6894272124828831,-1.3017748323007354,4.827180858797224,-0.5186077528362807,1.481168118007183,-0.9340124399704745,-1.075384598252214
10.0,257.0,1000.0232543945312,-4.244100043368642,-2.9525384752888275,-1.9640574563933824,0.6894274042463087,-1.3017743620240991,4.82718047499324,-0.5186077711387709,1.4811680882494551,-0.9340126902543008,-1.0753845191452962
10.0,257.0,1000.023193359375,-4.244099753176628,-2.952539609765983,-1.9640575252787995,0.6894281107606677,-1.301772703711129,4.827179104214617,-0.5186078104893781,1.481167980594936,-0.9340135706677292,-1.0753842291088604
10.0,257.0,1000.023193359375,-4.244100072132861,-2.952538436246099,-1.964057454625168,0.6894273689611676,-1.3017744533792053,4.827180530025743,-0.5186077685994466,1.4811680880587446,-0.9340126542822692,-1.0753845283861634
10.0,257.0,1000.0232543945312,-4.244099902735659,-2.952538989779632,-1.9640574871726324,0.6894277274916867,-1.3017736165351603,4.827179844861249,-0.518607790339713,1.4811680291810037,-0.9340131029712326,-1.075384390921625
10.0,257.0,1000.0232543945312,-4.2441000198692205,-2.952538643442947,-1.964057458971038,0.6894275045326639,-1.301774124574985,4.82718027794966,-0.5186077773345845,1.48116808145474,-0.9340128247290354,-1.0753844630565483
10.0,257.0,1000.0232543945312,-4.244099742323124,-2.9525396163127104,-1.9640575286683373,0.6894281079168767,-1.3017727122110618,4.827179099049211,-0.5186078107023286,1.481167965915119,-0.93401357214384,-1.0753842358343464
10.0,257.0,1000.0234375,-4.244099872950436,-2.952539119955878,-1.9640575023993607,0.6894278023191251,-1.3017734351036363,4.82717968973378,-0.5186077875768369,1.4811680069507478,-0.9340131853256786,-1.0753843710096982
10.0,257.0,1000.0232543945312,-4.244099808986843,-2.952539423873469,-1.9640575089472887,0.6894280020569106,-1.3017729737363637,4.827179330086434,-0.5186078002793097,1.481167999102217,-0.934013425345526,-1.0753842778987392
10.0,257.0,1000.0233154296876,-4.24410000634561,-2.952538663779576,-1.9640574638122588,0.6894275251031061,-1.3017741045790945,4.827180251712926,-0.5186077742984487,1.4811680675576255,-0.9340128380030376,-1.07538447549504
10.0,257.0,1000.0233764648438,-4.244099913067371,-2.952539024096741,-1.96405748931714,0.6894277439610441,-1.301773563711715,4.82717980693214,-0.5186077907346345,1.4811680373864036,-0.9340131229882171,-1.0753843759907094
10.0,257.0,1000.0232543945312,-4.244099933984102,-2.952538944265606,-1.9640574757839584,0.6894277025225541,-1.301773678483828,4.827179912330093,-0.5186077851704312,1.4811680475232052,-0.9340130600907344,-1.0753843930000446
10.0,257.0,1000.0233764648438,-4.24410031990152,-2.952537492724514,-1.964057398049284,0.6894267878915166,-1.3017758270293145,4.827181663118157,-0.5186077347565305,1.481168187610388,-0.9340119293709144,-1.0753847617152248
10.0,257.0,1000.023193359375,-4.24410026086869,-2.952537695266044,-1.9640574141256024,0.6894269029008324,-1.3017755567623523,4.827181422421155,-0.5186077439594747,1.4811681567656754,-0.9340120768238522,-1.075384725482631
10.0,257.0,1000.023193359375,-4.24410005774067,-2.9525385276237293,-1.9640574534312565,0.6894274419233071,-1.301774300831981,4.827180418587444,-0.5186077647459557,1.481168091006082,-0.9340127229337184,-1.0753845064031895
10.0,257.0,1000.023193359375,-4.244100072290256,-2.95253841638639,-1.964057448356621,0.6894273694140267,-1.301774464862195,4.8271805518267605,-0.5186077684134602,1.481168092041142,-0.9340126477995696,-1.0753845362705858
10.0,257.0,1000.023193359375,-4.244099941150672,-2.9525388784932485,-1.9640574921359164,0.6894276449094603,-1.301773810982465,4.827179996186606,-0.5186077786842205,1.4811680315503963,-0.9340129821178014,-1.0753844342741607
10.0,257.0,1000.0231323242188,-4.244100073661064,-2.9525384273219784,-1.9640574517638871,0.6894273736151746,-1.3017744509935,4.8271805325918,-0.5186077640739581,1.4811680923046875,-0.934012654759618,-1.0753845313405366
10.0,257.0,1000.023193359375,-4.244100045027013,-2.952538547171786,-1.9640574533267283,0.6894274482080309,-1.301774266679551,4.827180394000106,-0.518607774425889,1.481168089921279,-0.9340127468824796,-1.075384497347479
10.0,257.0,1000.0232543945312,-4.244100034467236,-2.952538576825188,-1.964057458007584,0.6894274682140402,-1.3017742179227638,4.82718035911804,-0.5186077714037474,1.4811680890559096,-0.9340127656580391,-1.0753844824510992
10.0,257.0,1000.0232543945312,-4.244100006306356,-2.9525386625009262,-1.9640574663756687,0.6894275162662469,-1.3017741162530712,4.8271802572323725,-0.5186077781796712,1.4811680674066778,-0.934012833135414,-1.075384473321162
10.0,257.0,1000.023193359375,-4.24410026080377,-2.952537730183147,-1.9640574140892304,0.6894269287070367,-1.301775487226802,4.82718138282859,-0.5186077419221915,1.4811681603647475,-0.934012106388212,-1.0753847051351806
10.0,257.0,1000.023193359375,-4.244099758864084,-2.952539565977595,-1.9640575209869464,0.6894280881600379,-1.301772769843082,4.827179160474499,-0.5186078070422004,1.4811679757670726,-0.9340135329539104,-1.075384250957781
10.0,257.0,1000.023193359375,-4.244100214572427,-2.95253788535863,-1.964057418613769,0.6894270330976626,-1.3017752587907698,4.827181194655122,-0.5186077485256382,1.4811681457413686,-0.934012233702437,-1.0753846723056384
10.0,257.0,1000.0233154296876,-4.244100429780281,-2.95253709500582,-1.964057357858691,0.6894265505205119,-1.3017763951227763,4.827182146193364,-0.5186077271664562,1.4811682472477583,-0.9340116358628432,-1.0753848478763928
10.0,257.0,1000.023193359375,-4.244099938770836,-2.9525389158450133,-1.9640574839657263,0.6894276710514546,-1.3017737368363798,4.827179946623403,-0.5186077817522081,1.4811680385846842,-0.9340130246413664,-1.0753844125529155
10.0,257.0,1000.0232543945312,-4.244099955829767,-2.952538806959206,-1.964057472372096,0.6894276079038617,-1.301773890639491,4.827180076645385,-0.5186077854135185,1.4811680557187046,-0.934012953063843,-1.075384434757491
10.0,257.0,1000.023193359375,-4.244100049445008,-2.952538501444066,-1.964057452864892,0.6894274191333691,-1.3017743288103558,4.827180450697222,-0.5186077696384199,1.48116809394166,-0.934012710428796,-1.0753845031891824
10.0,257.0,1000.0232543945312,-4.24410007729465,-2.952538455218125,-1.9640574384404204,0.6894273976695731,-1.3017743907754165,4.827180502773613,-0.5186077725386289,1.4811681146634328,-0.9340126920115353,-1.0753845008305896
10.0,257.0,1000.023193359375,-4.244099832321348,-2.952539344889823,-1.9640575106466027,0.6894279404173806,-1.3017731136789843,4.827179432923689,-0.5186077941173419,1.4811679977836718,-0.9340133515701164,-1.075384304853682
10.0,257.0,1000.0232543945312,-4.244100280058818,-2.952537650314273,-1.9640573963931265,0.689426895033197,-1.301775582481064,4.827181476846761,-0.5186077424598228,1.4811681846341085,-0.934012056652228,-1.07538471945332
10.0,257.0,1000.023193359375,-4.244100041704199,-2.952538540143581,-1.964057462172354,0.6894274351145331,-1.3017742893514803,4.827180402725519,-0.518607771989938,1.4811680790481816,-0.934012736174826,-1.075384500521258
10.0,257.0,1000.023193359375,-4.244100113718333,-2.952538223284669,-1.9640574384685627,0.6894272451516255,-1.3017747467543712,4.82718078175219,-0.5186077640517279,1.481168112428505,-0.934012501065462,-1.075384578972339
10.0,258.0,1000.0232543945312,-4.2440999352413655,-2.9525389474054857,-1.9640574888450524,0.689427695461168,-1.3017736966004645,4.827179911234852,-0.5186077823504363,1.4811680344423372,-0.934013043528214,-1.075384408579458
10.0,258.0,1000.023193359375,-4.244100164602849,-2.952538080877228,-1.964057435437239,0.6894271451520417,-1.301774982091974,4.827180957124813,-0.518607754618909,1.4811681191843924,-0.9340123799842672,-1.075384622192188
10.0,258.0,1000.023193359375,-4.244099763195404,-2.9525395763383475,-1.964057523238715,0.6894280862228932,-1.3017727579930156,4.827179145947824,-0.5186078070291673,1.4811679770633337,-0.9340135448729728,-1.0753842392476298
10.0,258.0,1000.0232543945312,-4.244100007327586,-2.952538673343552,-1.964057468039288,0.6894275217757784,-1.301774090022192,4.827180234268436,-0.5186077756552123,1.4811680699594536,-0.934012847145694,-1.075384464434801
10.0,258.0,1000.0233764648438,-4.244099915358736,-2.95253901157632,-1.9640574882080108,0.6894277293253248,-1.3017736068093546,4.82717983250677,-0.5186077873377242,1.4811680243132557,-0.9340131063389956,-1.075384388602965
10.0,258.0,1000.023193359375,-4.244100084195276,-2.9525384183351617,-1.96405744739921,0.6894273650493314,-1.3017744749300322,4.82718055423725,-0.5186077655321011,1.4811680990645837,-0.9340126421905754,-1.0753845323002815
10.0,258.0,1000.0234375,-4.244099882861699,-2.9525391337959905,-1.9640574886169169,0.6894278210697271,-1.3017733955170605,4.827179680325672,-0.5186077914450005,1.4811680302502364,-0.9340132087310344,-1.0753843463037651
10.0,258.0,1000.023193359375,-4.244100182798259,-2.952538025784777,-1.9640574270499656,0.6894271295785392,-1.3017750336187484,4.827181027474381,-0.5186077468091259,1.4811681388286957,-0.9340123317312728,-1.0753846328443823
10.0,258.0,1000.0231323242188,-4.244100083631331,-2.9525383856977023,-1.9640574430579776,0.6894273565616427,-1.301774499418105,4.827180587291981,-0.5186077650655836,1.481168106270296,-0.9340126214513972,-1.0753845395318369
10.0,258.0,1000.0232543945312,-4.244100151925066,-2.952538108325537,-1.9640574408593952,0.6894271654878006,-1.3017749399934375,4.82718093074919,-0.5186077494636416,1.4811681128655216,-0.9340123860995772,-1.0753846246807468
10.0,258.0,1000.0234375,-4.244099893887731,-2.952539066238731,-1.9640574935330148,0.6894277662360393,-1.3017735162022626,4.82717976072143,-0.5186077887311473,1.4811680220321612,-0.9340131468605276,-1.075384375748551
10.0,258.0,1000.0234375,-4.2440999039254805,-2.952539098880681,-1.964057486782662,0.6894278037564803,-1.3017734518331938,4.827179722860874,-0.5186077854511995,1.4811680375866398,-0.9340131721413965,-1.075384357151023
10.0,258.0,1000.0234375,-4.24409989090522,-2.9525390831436944,-1.9640575016241373,0.6894277693335571,-1.301773511577324,4.827179747473,-0.5186077849225015,1.481168007415624,-0.934013143278384,-1.0753843840230672
10.0,258.0,1000.0232543945312,-4.244099811486145,-2.9525394114113577,-1.964057515388032,0.6894279822454772,-1.3017730178912617,4.827179348138593,-0.518607794890614,1.481167983866051,-0.9340134039515746,-1.075384293276489
10.0,258.0,1000.023193359375,-4.2441000591493765,-2.952538484608352,-1.9640574570732152,0.6894274035379535,-1.301774384853414,4.827180473443832,-0.518607765299663,1.4811680818326511,-0.9340126837255768,-1.0753845262997523
10.0,258.0,1000.023193359375,-4.244100062679341,-2.952538504621996,-1.9640574459598348,0.6894274356051131,-1.301774314082338,4.827180447548718,-0.5186077685374775,1.4811681075068686,-0.9340127154403808,-1.075384497142668
10.0,258.0,1000.0232543945312,-4.244100004130803,-2.952538661516137,-1.9640574686295464,0.6894275168715573,-1.3017741059580694,4.827180255896851,-0.5186077757717893,1.4811680663869673,-0.9340128334115958,-1.0753844733909386
10.0,258.0,1000.0234375,-4.244099888245397,-2.952539087915259,-1.9640574933041428,0.6894277877854273,-1.3017734793898543,4.827179736757836,-0.5186077893058441,1.4811680238863492,-0.9340131622116248,-1.0753843690894875
10.0,258.0,1000.0234375,-4.244100200231381,-2.952537943056655,-1.96405740915264,0.6894270797919582,-1.3017751437711942,4.8271811295373,-0.5186077562006615,1.4811681578615428,-0.9340122859616669,-1.075384641381318
10.0,258.0,1000.023193359375,-4.2441000736679415,-2.952538379988495,-1.964057446803864,0.6894273490752187,-1.301774502112666,4.827180588226231,-0.518607770300747,1.4811681020641432,-0.934012624766213,-1.0753845403554747
10.0,258.0,1000.0232543945312,-4.24409990588967,-2.952538978176943,-1.9640574990247408,0.689427708252822,-1.3017736511495253,4.827179870595588,-0.5186077844506576,1.481168021585156,-0.9340130635321566,-1.0753844081369772
10.0,258.0,1000.0234375,-4.244099761724841,-2.9525395409766206,-1.9640575240647424,0.6894280635252228,-1.3017728224111167,4.827179192767908,-0.5186078037258204,1.48116796311135,-0.9340135070658784,-1.0753842678303904
10.0,258.0,1000.0234375,-4.24409987811292,-2.952539116600991,-1.9640574994112936,0.6894277956414383,-1.3017734394652996,4.827179698012072,-0.518607792012225,1.4811680149318305,-0.9340131851560604,-1.0753843613881855
10.0,258.0,1000.0233764648438,-4.244099894698397,-2.952539041911569,-1.964057493831441,0.689427752706929,-1.301773559855568,4.827179792336274,-0.5186077883662215,1.4811680156210647,-0.934013126051366,-1.075384388458156
10.0,258.0,1000.0232543945312,-4.244100120909436,-2.9525382579501045,-1.9640574466140133,0.6894272569842812,-1.3017747244439768,4.827180744359275,-0.5186077610872237,1.481168106361772,-0.9340125168216408,-1.075384573745792
10.0,258.0,1000.0233764648438,-4.244099997814119,-2.952538713424216,-1.964057462450529,0.6894275526879392,-1.3017740326564664,4.827180202003188,-0.5186077774773699,1.4811680695341811,-0.9340128750271308,-1.075384455666521
10.0,258.0,1000.0233764648438,-4.244100347361986,-2.952537389352425,-1.9640573897838456,0.6894267271658014,-1.301775987175378,4.827181798595024,-0.518607732142228,1.481168201168498,-0.9340118377638352,-1.0753847962786771
10.0,258.0,1000.023193359375,-4.244100149162456,-2.952538173768417,-1.964057440384134,0.6894272095526386,-1.3017748382501364,4.827180850588936,-0.5186077508446472,1.4811681132103738,-0.9340124416518414,-1.075384602047698
10.0,258.0,1000.0234375,-4.244099882203606,-2.952539103704989,-1.964057496999372,0.6894277909336495,-1.3017734613998435,4.82717971886412,-0.5186077912531459,1.4811680185594316,-0.9340131702581048,-1.0753843693166254
10.0,258.0,1000.0234375,-4.244099891500568,-2.9525390807766563,-1.964057498525728,0.6894277719535058,-1.3017735113653517,4.827179745550795,-0.5186077863878626,1.4811680113914625,-0.9340131533866156,-1.0753843808020576
10.0,258.0,1000.0233154296876,-4.244100012429487,-2.952538680275083,-1.96405746741733,0.6894275261125689,-1.3017740895009648,4.82718023458782,-0.5186077755038694,1.4811680700019592,-0.9340128414257158,-1.0753844702233302
10.0,258.0,1000.023193359375,-4.244100142100854,-2.9525381568541964,-1.964057431742668,0.6894272014919256,-1.3017748435054957,4.827180865864625,-0.5186077643041447,1.481168126845979,-0.9340124457855276,-1.0753845910851951
10.0,258.0,1000.0234375,-4.244100298078816,-2.952537553522152,-1.964057398622645,0.6894268189349599,-1.3017757339874936,4.827181600780449,-0.518607738268007,1.4811681806025063,-0.9340119704914828,-1.0753847461518933
10.0,258.0,1000.023193359375,-4.244100212559616,-2.952537883677272,-1.9640574134144115,0.6894270278673282,-1.3017752468977029,4.827181200647816,-0.5186077550194774,1.4811681496859022,-0.93401223610047,-1.075384660167709
10.0,258.0,1000.0232543945312,-4.244100110270315,-2.952538246276766,-1.964057443081601,0.6894272611040595,-1.3017747219760127,4.82718075841872,-0.5186077592127178,1.4811681038489244,-0.9340125055952432,-1.075384583939751
10.0,258.0,1000.0232543945312,-4.244100107158928,-2.952538303282941,-1.9640574398478217,0.6894272912259289,-1.3017746363359342,4.827180685351406,-0.518607769645854,1.4811681111902626,-0.9340125641230248,-1.0753845563882534
10.0,258.0,1000.023193359375,-4.244100164297855,-2.952538052369908,-1.9640574252402083,0.6894271404551038,-1.3017749926143916,4.827180983618346,-0.5186077602301538,1.4811681361996951,-0.9340123760418884,-1.0753846202080912
10.0,258.0,1000.023193359375,-4.244099836304837,-2.9525392899614595,-1.9640575090467445,0.6894279041011595,-1.3017732032319105,4.827179502259597,-0.5186077947782106,1.4811679951732089,-0.93401330683489,-1.0753843313945093
10.0,258.0,1000.023193359375,-4.244100077263394,-2.952538384124457,-1.96405744518302,0.6894273496756407,-1.3017744961220314,4.827180589444307,-0.5186077704111502,1.4811681058831736,-0.9340126266837884,-1.0753845316812851
10.0,258.0,1000.023193359375,-4.244100056391286,-2.952538496193013,-1.964057443440088,0.6894274270827427,-1.3017743280285412,4.827180454185177,-0.518607772122877,1.4811681020265404,-0.934012718431852,-1.0753844989932264
10.0,258.0,1000.0232543945312,-4.244100001483454,-2.952538659527333,-1.964057466925607,0.6894275170392028,-1.301774109360652,4.82718025102381,-0.5186077787968211,1.48116807066166,-0.9340128390525732,-1.0753844727628286
10.0,258.0,1000.023193359375,-4.244099938263229,-2.9525389293454007,-1.964057493034872,0.689427682938736,-1.3017737450205118,4.827179936506681,-0.5186077752442877,1.4811680290303375,-0.9340130174158984,-1.075384424559215
10.0,258.0,1000.0232543945312,-4.244100120659921,-2.952538253318153,-1.9640574465163656,0.6894272636241938,-1.3017747031848534,4.827180744700545,-0.5186077565347693,1.481168114655146,-0.9340125117283202,-1.0753845695322828
10.0,258.0,1000.0232543945312,-4.244099978773843,-2.952538794466245,-1.9640574833534483,0.6894275913318895,-1.301773935566342,4.827180093389689,-0.5186077737584993,1.4811680416792763,-0.9340129247580088,-1.0753844516176
10.0,258.0,1000.023193359375,-4.244100211697979,-2.9525378897306123,-1.9640574204780687,0.689427038442318,-1.301775245403748,4.827181184740658,-0.5186077486209948,1.4811681458245758,-0.9340122366510082,-1.0753846698439578
10.0,258.0,1000.023193359375,-4.244100280885579,-2.952537663794455,-1.9640573947190365,0.6894269013091083,-1.301775564495009,4.827181469110336,-0.5186077443512316,1.4811681868468265,-0.934012061766377,-1.0753847104048535
10.0,258.0,1000.0232543945312,-4.244099997858807,-2.952538676452513,-1.9640574703132656,0.6894275242325172,-1.301774100193592,4.827180234531811,-0.5186077793523793,1.4811680586260954,-0.9340128443395076,-1.0753844769773444
10.0,258.0,1000.0233764648438,-4.244099999704778,-2.952538694429662,-1.9640574567687112,0.6894275418413933,-1.3017740325441682,4.827180220145191,-0.5186077813309797,1.481168076370908,-0.9340128721633728,-1.075384447243541
10.0,258.0,1000.0232543945312,-4.244100168845527,-2.952538070360209,-1.9640574211479915,0.6894271584419487,-1.301774955407336,4.82718097021079,-0.5186077617023326,1.4811681476405418,-0.9340123881771304,-1.07538460662902
10.0,258.0,1000.0232543945312,-4.244100005112154,-2.9525386567727088,-1.9640574697751028,0.689427504327579,-1.3017741209195657,4.82718026047165,-0.5186077756854175,1.4811680601891686,-0.9340128268601716,-1.07538447759062
10.0,259.0,1000.023193359375,-4.244099956831449,-2.95253888033123,-1.964057484969336,0.6894276479275927,-1.3017737973397607,4.827179987663588,-0.518607780729714,1.481168046303594,-0.9340129981920118,-1.0753844186798962
10.0,259.0,1000.0232543945312,-4.244100079278694,-2.9525384241891,-1.9640574583340549,0.6894273593776941,-1.3017744797554505,4.827180552719527,-0.5186077599778862,1.4811680810043448,-0.9340126266549884,-1.0753845450341597
10.0,259.0,1000.0232543945312,-4.244099928822823,-2.952538958817525,-1.964057485538204,0.6894277047490434,-1.3017736747687527,4.827179893939515,-0.5186077802890665,1.4811680318522829,-0.9340130592006596,-1.0753844062030655
10.0,259.0,1000.0232543945312,-4.2441002992792205,-2.952537612186059,-1.964057394400192,0.6894268716346552,-1.3017756471399156,4.8271815336539525,-0.5186077362359907,1.4811681896629807,-0.934012012519788,-1.0753847304089597
10.0,259.0,1000.0232543945312,-4.244100106450016,-2.9525383211720104,-1.964057440686236,0.6894273170732665,-1.3017745944837025,4.8271806674487046,-0.5186077599236967,1.4811681169231905,-0.9340125660142844,-1.0753845513885674
10.0,259.0,1000.023193359375,-4.244100017203238,-2.9525386257861,-1.964057471626774,0.6894274940068232,-1.3017741654255968,4.827180298642773,-0.5186077718622739,1.481168069690372,-0.9340127941747332,-1.0753844897466087
10.0,259.0,1000.023193359375,-4.244100033063842,-2.9525385729532005,-1.9640574532197144,0.6894274739092587,-1.3017742074279155,4.827180358456955,-0.5186077782758938,1.48116809542738,-0.9340127748490196,-1.0753844847605043
10.0,259.0,1000.0232543945312,-4.244100210609791,-2.95253789029803,-1.964057412130351,0.6894270499639141,-1.3017752204619404,4.8271811910357485,-0.518607747312509,1.4811681563832917,-0.9340122373957528,-1.0753846640992974
10.0,259.0,1000.023193359375,-4.244100044022938,-2.952538526784848,-1.964057461538573,0.6894274377873524,-1.3017743013019816,4.827180418201717,-0.5186077662137851,1.481168081621517,-0.934012721138636,-1.0753845066134369
10.0,259.0,1000.023193359375,-4.244100037020588,-2.9525385709868206,-1.964057452603698,0.689427463620853,-1.3017742291315857,4.827180362757124,-0.5186077751354885,1.4811680850655806,-0.9340127743093972,-1.0753844862558957
10.0,259.0,1000.023193359375,-4.244100181814841,-2.952538027333192,-1.9640574216573068,0.6894271299758623,-1.3017750266743595,4.827181025377746,-0.5186077532018274,1.4811681408275632,-0.9340123398821129,-1.075384629154164
10.0,259.0,1000.0233154296876,-4.244100026671645,-2.9525385892278946,-1.964057448500427,0.6894274795898347,-1.3017741925427506,4.827180341312749,-0.5186077795976392,1.4811680918980823,-0.9340127968403412,-1.075384473954657
10.0,259.0,1000.0232543945312,-4.244099934009961,-2.9525389262317985,-1.964057477664896,0.6894276842079083,-1.3017737149299,4.827179934967948,-0.5186077874391017,1.481168045371458,-0.9340130482617496,-1.0753843991873184
10.0,259.0,1000.023193359375,-4.244100224546122,-2.952537845471728,-1.9640574147443013,0.6894270101111406,-1.3017753040052464,4.82718124503705,-0.518607746869403,1.48116815199963,-0.9340121983504392,-1.0753846791788462
10.0,259.0,1000.0233154296876,-4.244100296141923,-2.9525375806710064,-1.9640573996678208,0.6894268442974845,-1.301775698776027,4.8271815609890965,-0.518607740520026,1.4811681819855185,-0.9340119951082588,-1.0753847451006089
10.0,259.0,1000.0232543945312,-4.244099862254408,-2.952539152298355,-1.964057500394377,0.6894278254823929,-1.3017733779432152,4.827179654453129,-0.5186077921920278,1.481168009456053,-0.9340132135048398,-1.0753843571558392
10.0,259.0,1000.0232543945312,-4.2441002853753975,-2.9525376471457703,-1.9640574028607487,0.6894268883365493,-1.3017756049054574,4.827181485593524,-0.5186077351868565,1.4811681744309677,-0.9340120402516758,-1.075384728569773
10.0,259.0,1000.023193359375,-4.244100147695868,-2.952538171491818,-1.9640574328812703,0.6894272116484759,-1.301774832731267,4.827180850155793,-0.5186077586471054,1.4811681226674924,-0.9340124513081252,-1.0753845971119302
10.0,259.0,1000.0232543945312,-4.244100021339206,-2.9525386369422906,-1.9640574575844565,0.6894275092230426,-1.3017741246838166,4.827180284708957,-0.5186077715361392,1.4811680811970067,-0.9340128173536232,-1.075384471580994
10.0,259.0,1000.0233154296876,-4.244099995741442,-2.9525386923137176,-1.9640574771971864,0.6894275287029652,-1.3017740787021594,4.827180223848727,-0.5186077706203722,1.4811680480463068,-0.9340128391168214,-1.07538448255551
10.0,259.0,1000.0232543945312,-4.244100265979881,-2.952537751680888,-1.964057405744896,0.6894269517482057,-1.301775456113667,4.827181360524964,-0.5186077405137981,1.48116816894344,-0.934012124757694,-1.0753846967583391
10.0,259.0,1000.023193359375,-4.244099833573151,-2.952539341581236,-1.9640575137735,0.6894279349319241,-1.3017731268714456,4.827179432525083,-0.5186077941716452,1.4811679893841827,-0.9340133480554078,-1.075384314785206
10.0,259.0,1000.0232543945312,-4.244100247625353,-2.9525377680768434,-1.964057419996712,0.6894269589898885,-1.3017754430532902,4.827181343022669,-0.5186077379696723,1.4811681472998917,-0.9340121197297756,-1.0753847146268851
10.0,259.0,1000.023193359375,-4.244099949196738,-2.9525388932236534,-1.9640574717214137,0.6894276759097,-1.3017737488730918,4.827179968229123,-0.5186077864977925,1.4811680604002655,-0.934013026320306,-1.075384407634556
10.0,259.0,1000.0232543945312,-4.244100113453133,-2.952538274083383,-1.9640574400070296,0.6894272841184668,-1.3017746767523604,4.827180718684243,-0.518607760016816,1.4811681110457613,-0.9340125343885656,-1.0753845692944377
10.0,259.0,1000.0232543945312,-4.244100289035262,-2.952537620228787,-1.964057400121572,0.6894268681300257,-1.301775644353667,4.827181517293177,-0.5186077436140515,1.4811681797194254,-0.934012027056256,-1.0753847319674357
10.0,259.0,1000.0232543945312,-4.244100360259672,-2.9525373889620767,-1.964057383080827,0.6894267324176706,-1.3017759728509493,4.8271817967028685,-0.518607729422131,1.4811682102855128,-0.9340118444596603,-1.0753847876461786
10.0,259.0,1000.023193359375,-4.244100046789011,-2.952538511699529,-1.9640574519225733,0.6894274287414621,-1.301774320289982,4.827180434881734,-0.5186077753625202,1.4811680909262428,-0.9340127256210468,-1.075384504867248
10.0,259.0,1000.0233764648438,-4.244099985465518,-2.952538752180101,-1.9640574721632231,0.6894275764547197,-1.3017739761614355,4.827180149382512,-0.518607776522841,1.4811680617610523,-0.9340128928362486,-1.075384454143395
10.0,259.0,1000.0232543945312,-4.244100065750564,-2.9525384550993894,-1.9640574671923856,0.6894273703442337,-1.301774457047915,4.827180510746038,-0.518607757962533,1.4811680602153077,-0.934012651244724,-1.0753845433233322
10.0,259.0,1000.023193359375,-4.24409994174713,-2.9525388837921964,-1.964057476936444,0.6894276667016541,-1.301773755384969,4.827179980818327,-0.5186077854584017,1.481168053874784,-0.9340130127232218,-1.0753844121462892
10.0,259.0,1000.023193359375,-4.244100067924929,-2.952538441189568,-1.9640574469442915,0.6894273896216365,-1.3017744058023115,4.827180520558189,-0.5186077687445136,1.4811681040960227,-0.9340126675391448,-1.0753845174767367
10.0,259.0,1000.023193359375,-4.244100174978335,-2.9525380431457133,-1.9640574298334368,0.6894271216458003,-1.3017750303772035,4.827181005892534,-0.5186077546937282,1.481168127769167,-0.93401235262042,-1.075384625840324
10.0,259.0,1000.0234375,-4.24410009717601,-2.952538356220083,-1.9640574387953929,0.6894273276094349,-1.3017745411759596,4.8271806204822845,-0.5186077693981881,1.4811681067792986,-0.93401261368472,-1.075384534864252
10.0,259.0,1000.023193359375,-4.244100161389463,-2.952538113901084,-1.9640574265425943,0.6894271900075912,-1.3017748998368606,4.82718092060275,-0.5186077525571857,1.481168138085324,-0.9340124037411216,-1.075384607694168
10.0,259.0,1000.023193359375,-4.244100179809452,-2.9525380421277028,-1.964057417677434,0.6894271447704972,-1.3017749956298612,4.8271810120819865,-0.518607755040124,1.4811681499025866,-0.9340123531574864,-1.0753846171843555
10.0,259.0,1000.023193359375,-4.244100177639167,-2.952537987832597,-1.964057430415986,0.6894270940754241,-1.301775107414596,4.827181071324025,-0.5186077553600619,1.481168131439771,-0.9340123034993127,-1.0753846511983962
10.0,259.0,1000.0232543945312,-4.244100174341545,-2.9525380143148308,-1.964057425967276,0.6894271104466512,-1.3017750660319765,4.827181037054405,-0.5186077576031964,1.481168129581861,-0.9340123351529872,-1.075384637990183
10.0,259.0,1000.0232543945312,-4.244099934215863,-2.9525389750828204,-1.96405747225836,0.6894277254230783,-1.3017736270600224,4.827179882202008,-0.5186077870090191,1.4811680550396824,-0.9340130812983948,-1.0753843838114987
10.0,259.0,1000.0232543945312,-4.244099927175607,-2.952538966752614,-1.96405748277947,0.6894277091268979,-1.3017736496965524,4.827179884102236,-0.5186077880740205,1.4811680408130812,-0.9340130715885584,-1.0753843955170757
10.0,259.0,1000.0233154296876,-4.244099999738366,-2.9525387128382032,-1.9640574717119013,0.6894275482567469,-1.301774043428671,4.827180200729261,-0.5186077704010197,1.4811680577344264,-0.9340128570926884,-1.075384471150595
10.0,259.0,1000.023193359375,-4.244099940876462,-2.952538924755729,-1.9640574838734648,0.6894276838717577,-1.301773735707194,4.827179940604561,-0.5186077786699608,1.4811680376678913,-0.9340130290870228,-1.0753844151061869
10.0,259.0,1000.023193359375,-4.244100049434573,-2.952538517047984,-1.9640574485963795,0.689427435168481,-1.3017743159618602,4.827180433750298,-0.5186077690460102,1.4811680866418806,-0.9340127225266084,-1.0753845110419302
10.0,259.0,1000.0233764648438,-4.24409999563947,-2.952538704912655,-1.9640574609361328,0.6894275572401432,-1.3017740233886417,4.827180204710173,-0.5186077741576014,1.4811680714179465,-0.9340128687411012,-1.075384459103519
10.0,259.0,1000.0233154296876,-4.244100090590855,-2.9525383489086394,-1.9640574438519487,0.6894273212129836,-1.3017745612306832,4.827180637124741,-0.5186077659337816,1.4811681058883206,-0.9340125898574304,-1.075384543739999
10.0,259.0,1000.023193359375,-4.244100170626089,-2.9525380361667124,-1.9640574305167984,0.6894271226657809,-1.301775027897384,4.827181010643049,-0.5186077570351122,1.4811681320690653,-0.9340123452670356,-1.0753846292172815
10.0,259.0,1000.023193359375,-4.244100228702219,-2.9525378220350147,-1.9640574094689915,0.6894269997299842,-1.3017753333021376,4.827181267916291,-0.5186077526076245,1.4811681631502438,-0.9340121931656232,-1.0753846765883828
10.0,259.0,1000.023193359375,-4.244100122698504,-2.9525382118451136,-1.964057434224916,0.6894272466291342,-1.3017747661901753,4.827180800182063,-0.5186077617919969,1.4811681189952086,-0.9340124854206212,-1.0753845912090472
10.0,259.0,1000.023193359375,-4.24410013499868,-2.952538250041586,-1.964057436011612,0.6894272740893435,-1.3017747136423647,4.827180759175567,-0.5186077521123513,1.481168118791011,-0.934012501961342,-1.075384580205088
10.0,259.0,1000.0232543945312,-4.2441001679789645,-2.9525381072196795,-1.964057427336555,0.6894271663135063,-1.301774937468259,4.827180933798763,-0.5186077565622398,1.4811681282689282,-0.9340124003721044,-1.0753846078426523
10.0,260.0,1000.023193359375,-4.244100137192566,-2.952538211290256,-1.964057433174914,0.6894272478748853,-1.3017747643260016,4.82718079967292,-0.5186077603053043,1.481168129549757,-0.9340124862157424,-1.0753845792282046
10.0,260.0,1000.0232543945312,-4.244100065575639,-2.952538466394997,-1.964057450950572,0.6894274034727745,-1.3017743804676547,4.827180489184817,-0.5186077677906891,1.4811680986893272,-0.9340126848842392,-1.075384514217728
10.0,260.0,1000.0232543945312,-4.244099953121687,-2.952538928313936,-1.964057471649534,0.6894276987125636,-1.3017736974002068,4.827179932498583,-0.5186077841305021,1.4811680628859705,-0.9340130427858976,-1.075384397308886
10.0,260.0,1000.0233764648438,-4.244099994985104,-2.952538745665411,-1.964057475189228,0.6894275662089688,-1.3017740089625265,4.827180155617448,-0.5186077712457173,1.481168055006462,-0.9340128866371024,-1.0753844593050217
10.0,260.0,1000.0231323242188,-4.244100083048082,-2.952538403871497,-1.9640574514021871,0.6894273544842697,-1.301774498708634,4.82718056968889,-0.5186077621558107,1.4811680956070816,-0.9340126240472976,-1.0753845415871743
10.0,260.0,1000.0232543945312,-4.244100118769542,-2.952538263664712,-1.964057436554936,0.6894272821999117,-1.3017746757045368,4.8271807368298685,-0.5186077623253951,1.4811681237106118,-0.9340125265275168,-1.075384566226428
10.0,260.0,1000.0232543945312,-4.244099865889316,-2.9525392187202675,-1.9640575029824303,0.6894278636684632,-1.3017732964162176,4.827179582549494,-0.5186077900691304,1.4811680096992212,-0.9340132560840236,-1.0753843392509772
10.0,260.0,1000.023193359375,-4.2441000721215785,-2.9525384492850897,-1.9640574434197864,0.6894273927088133,-1.3017744043968174,4.827180510252335,-0.5186077718799558,1.4811681064286226,-0.9340126779026336,-1.0753845158351534
10.0,260.0,1000.0232543945312,-4.244099805681328,-2.952539449517401,-1.9640575020679347,0.6894280205912597,-1.3017729228548045,4.82717929561495,-0.5186078060770685,1.4811680072657136,-0.9340134557444006,-1.0753842646041396
10.0,260.0,1000.023193359375,-4.244100052251886,-2.952538539693677,-1.9640574621333349,0.689427438948286,-1.3017742978266256,4.827180398592846,-0.518607768164836,1.481168079351174,-0.9340127325548844,-1.0753845086992595
10.0,260.0,1000.023193359375,-4.244100145493452,-2.9525381692228336,-1.9640574301747864,0.6894272215770183,-1.3017748251055283,4.827180853103148,-0.5186077537524749,1.4811681249741309,-0.9340124492655892,-1.0753845974809026
10.0,260.0,1000.023193359375,-4.244099971053844,-2.9525388671893453,-1.964057465691464,0.6894276607159897,-1.3017737868152055,4.827180006541177,-0.5186077803076419,1.4811680675658634,-0.9340129968900932,-1.0753844111147193
10.0,260.0,1000.0234375,-4.2440998906556295,-2.952539138811102,-1.9640574907466448,0.6894278244722045,-1.301773399667271,4.827179674401696,-0.5186077873064958,1.4811680263897653,-0.934013202868912,-1.0753843539190209
10.0,260.0,1000.0233764648438,-4.244100000642918,-2.952538740412604,-1.96405746442566,0.6894275639408889,-1.301773994191096,4.8271801651236,-0.5186077774833873,1.4811680665907687,-0.934012896037718,-1.075384444611482
10.0,260.0,1000.0232543945312,-4.244099643856615,-2.952540076467807,-1.9640575479638736,0.6894284031526023,-1.3017720179220895,4.827178543578283,-0.518607821258505,1.481167934249056,-0.934013929494812,-1.0753841130596369
10.0,260.0,1000.023193359375,-4.244100145708055,-2.9525381661057395,-1.964057439655193,0.6894272059852833,-1.301774833541482,4.827180854304796,-0.5186077577465111,1.481168122256317,-0.9340124415015064,-1.075384595478817
10.0,260.0,1000.023193359375,-4.244100054849314,-2.952538499443353,-1.964057456926564,0.6894274274643584,-1.3017743231496983,4.82718044676481,-0.518607765157383,1.4811680922278248,-0.9340127035918036,-1.0753845099262782
10.0,260.0,1000.0232543945312,-4.244099968369708,-2.952538838676497,-1.9640574761579268,0.6894276291074499,-1.3017738516673036,4.827180043806379,-0.5186077800224256,1.481168054449034,-0.93401296436089,-1.075384427842936
10.0,260.0,1000.0232543945312,-4.24409991951984,-2.952539008764437,-1.964057495586768,0.6894277283020926,-1.3017736116338092,4.827179841124448,-0.5186077795153121,1.4811680216878562,-0.934013081584106,-1.0753844001733404
10.0,260.0,1000.023193359375,-4.244099958199206,-2.952538929484556,-1.9640574762201368,0.6894276893704907,-1.3017737052599383,4.827179941576144,-0.5186077798012976,1.4811680579069453,-0.9340130292947944,-1.0753844016350684
10.0,260.0,1000.023193359375,-4.244100280651979,-2.9525376918905573,-1.9640574037662857,0.6894269157934296,-1.3017755445708392,4.827181434745159,-0.5186077375125162,1.481168173381482,-0.9340120731482084,-1.0753847176214784
10.0,260.0,1000.0232543945312,-4.244099813363964,-2.952539404280233,-1.964057504191135,0.6894279864487078,-1.301773000931556,4.8271793525465,-0.5186078040404807,1.4811680065285635,-0.9340134192458588,-1.075384276535996
10.0,260.0,1000.023193359375,-4.24410015869691,-2.9525381192181936,-1.964057430317033,0.6894271918282655,-1.301774896907466,4.827180916900554,-0.5186077521270862,1.4811681349168806,-0.9340124067510472,-1.0753846042038773
10.0,260.0,1000.023193359375,-4.24410027069827,-2.9525377000529427,-1.9640574012212952,0.6894269243729578,-1.3017755074554045,4.827181413111658,-0.5186077444342114,1.4811681805929764,-0.9340120960217028,-1.0753847032710953
10.0,260.0,1000.023193359375,-4.244100113089239,-2.9525383063626007,-1.964057438707743,0.6894272986803971,-1.301774618617388,4.827180689643127,-0.5186077654637273,1.48116811982616,-0.9340125543150036,-1.075384554890324
10.0,260.0,1000.0232543945312,-4.244100012385291,-2.9525386573226395,-1.964057462729201,0.6894275140671899,-1.3017741103418086,4.827180260520816,-0.5186077780069489,1.4811680763079629,-0.9340128318665588,-1.0753844691631325
10.0,260.0,1000.0232543945312,-4.244100241191408,-2.952537767986594,-1.9640574122687449,0.6894269674860283,-1.3017754240097927,4.827181337806682,-0.5186077442183006,1.4811681646395494,-0.9340121328305092,-1.0753847042807867
10.0,260.0,1000.023193359375,-4.2441001758701535,-2.9525380573571325,-1.964057420837575,0.6894271484171561,-1.301774980723125,4.827180987871037,-0.5186077546684045,1.4811681409642805,-0.934012371432356,-1.075384614798501
10.0,260.0,1000.023193359375,-4.244099620706868,-2.952540138118553,-1.964057566326828,0.6894284297247815,-1.3017719568395498,4.8271784691684,-0.5186078209217246,1.4811679102323971,-0.9340139648473204,-1.0753841131829782
10.0,260.0,1000.0232543945312,-4.244099966678355,-2.952538825709951,-1.964057479318908,0.6894276193324593,-1.3017738642503422,4.827180052963609,-0.5186077794763033,1.4811680548872808,-0.9340129608550524,-1.0753844318318788
10.0,260.0,1000.0234375,-4.244100082799476,-2.9525383689680664,-1.9640574512582227,0.6894273330139589,-1.301774537947522,4.827180604867516,-0.5186077663501472,1.4811680935346967,-0.9340126064067816,-1.0753845526152386
10.0,260.0,1000.0232543945312,-4.244100016521857,-2.952538635208101,-1.9640574647785627,0.6894275048470337,-1.3017741527149065,4.827180283758988,-0.5186077733938808,1.4811680766269228,-0.934012810376304,-1.07538448232415
10.0,260.0,1000.023193359375,-4.244099949229543,-2.952538891736341,-1.9640574839872813,0.6894276665964592,-1.3017737589421898,4.827179971613482,-0.5186077771965429,1.4811680447885776,-0.9340130087886224,-1.0753844177907923
10.0,260.0,1000.0232543945312,-4.244100029260049,-2.9525386405731626,-1.96405747142284,0.6894275086629253,-1.3017741487223096,4.82718028274358,-0.5186077614958773,1.481168066692133,-0.9340127957730696,-1.075384489337576
10.0,260.0,1000.023193359375,-4.244100067016979,-2.9525384438376263,-1.9640574541030151,0.6894273836342446,-1.301774432190114,4.827180518425887,-0.5186077680470937,1.481168091593947,-0.9340126611201328,-1.075384532007908
10.0,260.0,1000.023193359375,-4.244100047182789,-2.9525384947074858,-1.964057446814809,0.689427428691971,-1.3017743299062658,4.827180456630126,-0.5186077715121487,1.4811680970188783,-0.9340127085595462,-1.075384511899677
10.0,260.0,1000.023193359375,-4.244100094744361,-2.952538378233428,-1.964057435934179,0.6894273554396815,-1.3017744994819846,4.827180598035023,-0.5186077705605872,1.48116812034044,-0.9340126239363712,-1.0753845318340902
10.0,260.0,1000.0232543945312,-4.244099970805396,-2.9525388010332376,-1.9640574653189669,0.689427616792063,-1.3017738895782551,4.827180087614892,-0.5186077831328433,1.4811680667421123,-0.9340129495862256,-1.0753844318648702
10.0,260.0,1000.0233764648438,-4.2440997832784255,-2.9525395423211727,-1.964057515513752,0.6894280771997083,-1.3017728022419686,4.827179185428449,-0.5186078017509779,1.4811679883185178,-0.9340135163184592,-1.0753842480057263
10.0,260.0,1000.0233764648438,-4.244100323336322,-2.952537486998511,-1.9640573851960963,0.6894267975990287,-1.3017758015564662,4.827181671151662,-0.5186077389746471,1.4811682081597812,-0.9340119355413689,-1.075384753666378
10.0,260.0,1000.0232543945312,-4.244099957881562,-2.952538819807073,-1.9640574748392088,0.6894276159919759,-1.3017738682486195,4.82718005966338,-0.5186077836359608,1.481168050984408,-0.934012960408289,-1.0753844335054603
10.0,260.0,1000.0232543945312,-4.244099856267407,-2.952539170280593,-1.9640574905658656,0.6894278435656904,-1.3017733294886922,4.827179631431166,-0.5186078004700354,1.4811680215394798,-0.9340132421766104,-1.0753843421310934
10.0,260.0,1000.023193359375,-4.244100045039607,-2.9525385652920764,-1.9640574637167416,0.6894274569343661,-1.301774254429679,4.827180370053858,-0.5186077672785352,1.4811680806162206,-0.934012749947291,-1.075384497155663
10.0,260.0,1000.023193359375,-4.24410013079464,-2.9525382256192003,-1.964057429419756,0.6894272585926693,-1.3017747225937324,4.827180784300696,-0.518607762070479,1.481168129114984,-0.9340125009623677,-1.075384567945492
10.0,260.0,1000.0232543945312,-4.24410012550358,-2.952538248355953,-1.964057440515825,0.6894272671057795,-1.301774709428312,4.827180754045248,-0.5186077595920979,1.4811681188496806,-0.934012510629124,-1.0753845750482145
10.0,260.0,1000.023193359375,-4.244100238121444,-2.9525378035811625,-1.9640574149019128,0.6894269782217624,-1.3017753763346829,4.827181290271255,-0.5186077484039027,1.481168156443613,-0.9340121691731288,-1.0753846893332657
10.0,260.0,1000.023193359375,-4.244100075889805,-2.9525383936305345,-1.9640574621973164,0.6894273427239117,-1.3017745272571868,4.827180581198375,-0.5186077601833077,1.481168078796804,-0.9340126062312636,-1.0753845577796357
10.0,260.0,1000.0232543945312,-4.244099777279542,-2.952539510439534,-1.964057523664701,0.6894280452096773,-1.3017728603644807,4.827179221884444,-0.5186077990482083,1.4811679726805131,-0.9340134873829582,-1.075384265916017
10.0,260.0,1000.023193359375,-4.244100069631619,-2.9525384164345803,-1.964057452953864,0.6894273557569122,-1.3017744783610303,4.827180556686034,-0.5186077687591464,1.481168087030566,-0.934012640321476,-1.0753845358193763
10.0,260.0,1000.023193359375,-4.24410013813981,-2.952538228141104,-1.9640574322243904,0.6894272557859171,-1.3017747392148808,4.827180781558624,-0.518607755814628,1.4811681260574137,-0.9340124944082192,-1.0753845773308974
10.0,261.0,1000.0232543945312,-4.244100124220902,-2.95253826848642,-1.9640574403118327,0.6894272739141112,-1.3017746865087516,4.827180732246838,-0.5186077595059313,1.4811681156509469,-0.934012528470987,-1.0753845637519497
10.0,261.0,1000.0232543945312,-4.244100258734248,-2.9525377453130464,-1.964057403838908,0.6894269508551218,-1.301775456189766,4.827181372123299,-0.5186077445298949,1.4811681712428737,-0.934012117169564,-1.0753847021540055
10.0,261.0,1000.023193359375,-4.2441000801976685,-2.9525384429236814,-1.9640574350705493,0.6894273958690231,-1.301774403700194,4.827180519416318,-0.5186077716840156,1.4811681173955868,-0.9340126770973248,-1.0753845121525123
10.0,261.0,1000.023193359375,-4.244100067204988,-2.9525384489044555,-1.9640574530929296,0.6894273891202456,-1.3017744201902346,4.827180517988548,-0.5186077657620043,1.481168094439588,-0.9340126585390678,-1.0753845288412451
10.0,261.0,1000.0232543945312,-4.244099929051653,-2.9525389549008088,-1.9640574769882808,0.689427710999392,-1.301773656495833,4.827179901372338,-0.5186077891093719,1.48116805202865,-0.934013066946214,-1.0753843917141772
10.0,261.0,1000.0233764648438,-4.244100208402682,-2.9525378979604806,-1.9640574201967744,0.6894270403093907,-1.3017752372283593,4.827181184085383,-0.5186077466537302,1.4811681441164986,-0.934012234007561,-1.075384667826293
10.0,261.0,1000.0232543945312,-4.244100086488347,-2.952538329948034,-1.964057447928937,0.6894273020956181,-1.3017745864606702,4.827180651090774,-0.5186077706687984,1.4811681002690396,-0.9340125862805122,-1.0753845461312892
10.0,261.0,1000.0233764648438,-4.244099908722822,-2.95253904044384,-1.964057495422602,0.6894277470795416,-1.3017735669449433,4.827179796285311,-0.5186077883002698,1.4811680284535689,-0.9340131208220006,-1.075384381219016
10.0,261.0,1000.0234375,-4.24410021176069,-2.9525379142149144,-1.9640574106136643,0.6894270687411854,-1.3017751840545435,4.827181164282459,-0.5186077459033971,1.4811681584177396,-0.9340122497104,-1.0753846565242018
10.0,261.0,1000.023193359375,-4.24410029691049,-2.952537666495076,-1.9640574034290417,0.6894268946089461,-1.3017755796264954,4.827181466653634,-0.5186077349432789,1.4811681782473265,-0.934012051933113,-1.0753847154366865
10.0,261.0,1000.023193359375,-4.244099943872824,-2.952538904270211,-1.964057484610651,0.6894276700828792,-1.301773755528675,4.827179964892281,-0.518607778969697,1.4811680396623856,-0.9340130093071456,-1.0753844203470586
10.0,261.0,1000.0234375,-4.244100320813143,-2.952537539880358,-1.964057379399864,0.6894268302062256,-1.3017757352172,4.827181613469133,-0.5186077423648952,1.481168207637758,-0.934011981264148,-1.075384733202871
10.0,261.0,1000.023193359375,-4.244100279629929,-2.9525376562736247,-1.9640574068944705,0.6894268899159623,-1.3017755916043183,4.8271814794502745,-0.5186077373592104,1.4811681725207224,-0.934012041061326,-1.0753847244398358
10.0,261.0,1000.023193359375,-4.244100151510166,-2.9525381453197315,-1.9640574381714184,0.68942719376642,-1.301774883260122,4.8271808876631255,-0.5186077530347974,1.4811681188128798,-0.9340124139762968,-1.0753846125503692
10.0,261.0,1000.0233154296876,-4.2440998503287295,-2.9525392386526934,-1.9640575022635705,0.689427874056924,-1.301773263662155,4.827179555482733,-0.5186077951621657,1.481168004686583,-0.934013280327754,-1.0753843359087218
10.0,261.0,1000.023193359375,-4.244100076440288,-2.9525384295025754,-1.964057449503935,0.6894273805769746,-1.3017744345463362,4.827180534825606,-0.5186077669965519,1.4811681064922777,-0.9340126562673196,-1.0753845214072637
10.0,261.0,1000.0233154296876,-4.244100398933666,-2.952537196846238,-1.964057382037916,0.6894265988943591,-1.3017762703963245,4.827182020834222,-0.5186077273996839,1.4811682215907442,-0.9340116991135536,-1.0753848368601029
10.0,261.0,1000.023193359375,-4.24410003326829,-2.952538580956058,-1.964057462246292,0.6894274643209943,-1.3017742281358855,4.82718034988773,-0.5186077724925564,1.4811680781264034,-0.9340127714123092,-1.0753844891684672
10.0,261.0,1000.023193359375,-4.244100183421031,-2.952538002283425,-1.9640574312311587,0.6894271028856727,-1.3017750898946563,4.827181047728608,-0.5186077521528096,1.4811681305451865,-0.934012319997768,-1.0753846408204333
10.0,261.0,1000.0233154296876,-4.244100005906,-2.952538697670869,-1.9640574651812912,0.6894275395960765,-1.301774061154929,4.827180213773403,-0.5186077746702784,1.481168066096724,-0.9340128568523332,-1.0753844654540567
10.0,261.0,1000.0232543945312,-4.2440999521166525,-2.952538936206776,-1.9640574780926816,0.68942769342463,-1.301773708840805,4.82717992573485,-0.518607782280073,1.481168051815135,-0.9340130421688126,-1.07538440346536
10.0,261.0,1000.0234375,-4.244099909846595,-2.952539051940605,-1.9640574821039043,0.6894277659333925,-1.3017735187938184,4.827179777657664,-0.5186077915413492,1.481168042714872,-0.9340131492756624,-1.0753843600927402
10.0,261.0,1000.0233154296876,-4.244100033481131,-2.952538593345297,-1.964057448713945,0.6894274950467514,-1.3017741782530337,4.8271803365699135,-0.5186077714675985,1.481168094846499,-0.9340127857934996,-1.0753844820587162
10.0,261.0,1000.023193359375,-4.244100154638618,-2.952538155265587,-1.964057442626788,0.689427201692439,-1.3017748696819798,4.827180867131762,-0.5186077520148142,1.4811681164454162,-0.9340124266375732,-1.0753846089479089
10.0,261.0,1000.0232543945312,-4.244099981186143,-2.9525387804570533,-1.9640574739959544,0.6894275942049664,-1.3017739307923817,4.827180110841468,-0.5186077760222343,1.4811680583490148,-0.9340129199798524,-1.0753844461045632
10.0,261.0,1000.0234375,-4.244099894074033,-2.9525391075659555,-1.964057491538413,0.689427798953063,-1.3017734431212769,4.827179713311832,-0.5186077889782714,1.4811680289199414,-0.934013180432994,-1.0753843566948662
10.0,261.0,1000.023193359375,-4.2441001650363495,-2.952538066406413,-1.9640574402179083,0.6894271430556866,-1.301775003267981,4.827180978125705,-0.5186077493223653,1.481168117867096,-0.9340123529123838,-1.075384639042805
10.0,261.0,1000.0232543945312,-4.244099952907297,-2.952538835617407,-1.9640574825948407,0.6894276228433371,-1.3017738493143396,4.827180039905315,-0.5186077838823193,1.4811680478221678,-0.9340129710374496,-1.0753844270220163
10.0,261.0,1000.023193359375,-4.244099720608746,-2.9525397669439046,-1.9640575393894373,0.6894281960912698,-1.3017724992724218,4.827178918457813,-0.5186078096223321,1.4811679478122477,-0.934013681163714,-1.075384202421184
10.0,261.0,1000.023193359375,-4.244099826055635,-2.952539347074308,-1.9640575101007656,0.6894279417113314,-1.301773117005539,4.827179425569151,-0.518607799591015,1.481167995508757,-0.9340133575711684,-1.0753843120771025
10.0,261.0,1000.023193359375,-4.244100026329831,-2.9525385496954755,-1.9640574648789269,0.6894274474099582,-1.3017742774881187,4.827180388561063,-0.5186077696573008,1.481168072881064,-0.9340127388845856,-1.0753845117661165
10.0,261.0,1000.023193359375,-4.24410013594354,-2.9525382021373927,-1.964057433284823,0.6894272403648936,-1.3017747742290533,4.827180814445001,-0.518607757604606,1.4811681210858882,-0.9340124737631186,-1.0753845911844322
10.0,261.0,1000.0232543945312,-4.244099854650246,-2.952539243127121,-1.964057497381048,0.6894278834215601,-1.3017732417805417,4.827179550010888,-0.5186077974435737,1.4811680198380175,-0.934013283762524,-1.0753843239950085
10.0,261.0,1000.023193359375,-4.244100013130565,-2.9525386169729884,-1.964057467461986,0.6894274869278476,-1.3017741874488853,4.827180308155244,-0.5186077708272334,1.4811680598017931,-0.9340127959028351,-1.0753844932161316
10.0,261.0,1000.023193359375,-4.244100163776072,-2.952538086321264,-1.9640574346831228,0.6894271623378945,-1.301774954642835,4.827180951970608,-0.5186077502299655,1.481168127475188,-0.9340123772175222,-1.0753846211543965
10.0,261.0,1000.023193359375,-4.244100168212969,-2.9525380511671937,-1.9640574327219893,0.6894271414763491,-1.301774997599479,4.827180991985141,-0.5186077503852751,1.481168129977689,-0.9340123553759384,-1.0753846281874435
10.0,261.0,1000.023193359375,-4.24409971327566,-2.952539795812939,-1.964057532070136,0.6894282332536328,-1.301772438375048,4.827178879272484,-0.518607812192867,1.4811679592014428,-0.9340137141967588,-1.0753841919394551
10.0,261.0,1000.023193359375,-4.244100061117461,-2.9525385012845247,-1.9640574517983245,0.689427422927567,-1.3017743478123984,4.827180453416217,-0.518607767777751,1.481168092077616,-0.9340127060112158,-1.0753845124218753
10.0,261.0,1000.023193359375,-4.244100194519153,-2.952537975130563,-1.964057417975606,0.6894271014819564,-1.301775105996175,4.827181082945293,-0.5186077531012314,1.481168153182617,-0.9340123061385776,-1.0753846394795912
10.0,261.0,1000.0232543945312,-4.244099938405233,-2.9525389509879623,-1.9640574722534807,0.6894277129228197,-1.301773664635883,4.82717990450919,-0.5186077832670701,1.481168055234107,-0.9340130648734633,-1.0753843921207205
10.0,261.0,1000.0232543945312,-4.244100161681568,-2.952538101288968,-1.9640574323370168,0.6894271654749398,-1.3017749391872018,4.827180937698941,-0.518607754284111,1.4811681253826157,-0.934012392265446,-1.075384616483412
10.0,261.0,1000.0232543945312,-4.244100193332359,-2.952537996388041,-1.9640574034638587,0.6894271214309065,-1.3017750401161745,4.82718106083418,-0.5186077611085169,1.481168172582108,-0.9340123390721456,-1.075384611305851
10.0,261.0,1000.0234375,-4.244100219122268,-2.9525379467573405,-1.9640574030512985,0.6894270903372526,-1.301775123046073,4.827181119989637,-0.5186077535119864,1.4811681782336912,-0.9340122909949544,-1.0753846266276796
10.0,261.0,1000.023193359375,-4.244100224696749,-2.952537891845501,-1.9640574200526824,0.6894270411763905,-1.3017752424043594,4.8271811893598855,-0.5186077436536678,1.481168155047726,-0.9340122293953684,-1.0753846627766994
10.0,261.0,1000.023193359375,-4.244100244590317,-2.9525377767737533,-1.9640574127232056,0.6894269686799879,-1.301775406961656,4.827181323861955,-0.5186077449566646,1.481168164790411,-0.9340121469807504,-1.0753846912408132
10.0,261.0,1000.023193359375,-4.244100385796311,-2.952537287148913,-1.9640573613733887,0.6894266838718321,-1.3017760891158623,4.827181916229273,-0.518607733208551,1.4811682422532204,-0.9340117865459572,-1.0753847944349766
10.0,261.0,1000.0232543945312,-4.2441002633702185,-2.952537738382984,-1.9640573882119288,0.6894269682949723,-1.3017754268970112,4.827181369931944,-0.5186077513088962,1.4811681955678155,-0.9340121364181356,-1.075384688645062
10.0,261.0,1000.0232543945312,-4.244100030173396,-2.9525385894982263,-1.9640574554564765,0.6894274832995997,-1.3017741909418916,4.827180343569497,-0.5186077750781255,1.4811680911320293,-0.9340127790262168,-1.075384482807511
10.0,261.0,1000.0232543945312,-4.244100107647938,-2.9525382897166303,-1.9640574479758817,0.6894272847180236,-1.3017746546348672,4.82718070576888,-0.5186077610747608,1.481168107855357,-0.9340125342818304,-1.0753845677967062
10.0,261.0,1000.023193359375,-4.244100137882791,-2.952538208860518,-1.96405743219158,0.689427240450109,-1.3017747649896538,4.82718080543134,-0.5186077608107507,1.481168126564702,-0.9340124865664824,-1.0753845781258726
10.0,262.0,1000.0232543945312,-4.244100013897025,-2.952538659462149,-1.964057455077656,0.6894275230035003,-1.301774093171621,4.827180258279395,-0.5186077810304388,1.4811680837691164,-0.9340128420953429,-1.075384461178139
10.0,262.0,1000.023193359375,-4.244100198628368,-2.952537983697914,-1.964057421917968,0.6894270964963898,-1.301775105760885,4.827181074542272,-0.51860775121445,1.4811681463922106,-0.9340123075701658,-1.075384637969417
10.0,262.0,1000.0233764648438,-4.244099972980047,-2.952538743005676,-1.9640574841732268,0.6894275578207374,-1.3017740005399148,4.827180150072371,-0.5186077768119581,1.4811680437542585,-0.9340128886397734,-1.075384463535321
10.0,262.0,1000.0232543945312,-4.244099831433403,-2.952539349220395,-1.9640575119584924,0.6894279464968918,-1.3017731114328823,4.827179428226971,-0.5186077940451339,1.4811679954116368,-0.9340133556694256,-1.0753843090544422
10.0,262.0,1000.0234375,-4.2441002204089004,-2.952537932258487,-1.9640574112946547,0.6894270741728921,-1.3017751736603027,4.827181140194213,-0.5186077468584847,1.481168159125521,-0.9340122674689076,-1.0753846492654735
10.0,262.0,1000.0232543945312,-4.244100034398076,-2.95253857502431,-1.964057462255787,0.6894274668485609,-1.3017742302593265,4.827180362044581,-0.5186077714506077,1.481168080599118,-0.9340127643359536,-1.0753844921371507
10.0,262.0,1000.0232543945312,-4.2440996547862895,-2.9525399493922926,-1.9640575561019853,0.6894283110727226,-1.3017722245944503,4.827178689072722,-0.5186078172353774,1.4811679215556826,-0.934013828091806,-1.0753841614876576
10.0,262.0,1000.023193359375,-4.244100063359706,-2.9525384464762885,-1.9640574498381065,0.6894273845721957,-1.3017744093012285,4.82718051027571,-0.5186077717722375,1.4811680997289125,-0.9340126754619558,-1.075384516187365
10.0,262.0,1000.0233154296876,-4.244100000980049,-2.9525386753139604,-1.964057457130401,0.6894275430220276,-1.3017740643426472,4.827180236531143,-0.5186077783755252,1.481168082376496,-0.9340128538408984,-1.0753844613644683
10.0,262.0,1000.023193359375,-4.244100075966557,-2.9525384374760173,-1.9640574498322223,0.6894273797612556,-1.3017744405065783,4.827180526189807,-0.5186077659966921,1.4811680949632997,-0.9340126611293432,-1.075384527979511
10.0,262.0,1000.0233154296876,-4.244100005063822,-2.9525386916201395,-1.9640574657859071,0.6894275386140531,-1.3017740578925343,4.827180217674624,-0.5186077763449317,1.4811680710729895,-0.9340128583576705,-1.0753844621454594
10.0,262.0,1000.0232543945312,-4.244099988651435,-2.9525387862008508,-1.9640574677540017,0.6894276033676139,-1.3017739167895035,4.827180106936257,-0.5186077782999563,1.4811680714244115,-0.9340129291740428,-1.0753844365432292
10.0,262.0,1000.0232543945312,-4.244099855072854,-2.9525392554664616,-1.9640575001400085,0.6894278931210689,-1.3017732314383013,4.827179537117251,-0.5186077936484406,1.481168015957541,-0.934013294621626,-1.0753843190124308
10.0,262.0,1000.0232543945312,-4.244100256518664,-2.95253771870684,-1.964057414832952,0.689426928794389,-1.3017755046142128,4.827181391470457,-0.5186077401525315,1.4811681589805836,-0.9340120954536504,-1.0753847187493264
10.0,262.0,1000.0232543945312,-4.244099965788287,-2.9525387897772424,-1.9640574813116345,0.6894275882158443,-1.301773924841294,4.827180096798164,-0.5186077799324682,1.481168048515439,-0.9340129309967368,-1.0753844417606468
10.0,262.0,1000.023193359375,-4.244099953646298,-2.952538912058644,-1.9640574791645324,0.6894276762844225,-1.3017737411335275,4.827179958474231,-0.5186077800989333,1.4811680502942437,-0.9340130157987367,-1.075384412028717
10.0,262.0,1000.023193359375,-4.244100120726577,-2.9525382865770893,-1.964057434903963,0.6894272882324683,-1.3017746395227778,4.827180710609424,-0.5186077663618107,1.481168129002178,-0.9340125502020148,-1.0753845498922816
10.0,262.0,1000.0232543945312,-4.2441000196334,-2.952538607088044,-1.964057472748519,0.6894274749510103,-1.3017742029552384,4.8271803228339305,-0.5186077689610435,1.4811680618115446,-0.9340127769513132,-1.0753844955228815
10.0,262.0,1000.0232543945312,-4.244100091167905,-2.952538334534577,-1.9640574452808488,0.6894273157973272,-1.3017745931599007,4.827180652831354,-0.5186077640364406,1.4811680996698726,-0.9340125782816112,-1.0753845570923048
10.0,262.0,1000.023193359375,-4.244100133903679,-2.952538197219982,-1.964057438697829,0.6894272273668562,-1.3017747956211665,4.827180816953657,-0.5186077576443999,1.4811681157301138,-0.934012470070007,-1.0753845896610486
10.0,262.0,1000.0232543945312,-4.244099865050059,-2.952539188975508,-1.964057493852056,0.6894278568104042,-1.3017733171078438,4.827179616717407,-0.5186077943056118,1.4811680219356296,-0.9340132457291936,-1.075384339206706
10.0,262.0,1000.023193359375,-4.244099658673601,-2.952539986696492,-1.964057553063057,0.6894283421051846,-1.301772170239218,4.827178646204789,-0.5186078187516667,1.4811679326173497,-0.9340138536883292,-1.0753841500429695
10.0,262.0,1000.023193359375,-4.244099955321788,-2.9525388560822203,-1.964057471525415,0.6894276484242816,-1.301773802380195,4.827180013872605,-0.5186077872387083,1.4811680610432862,-0.934012995683328,-1.0753844173520233
10.0,262.0,1000.0232543945312,-4.244100113709019,-2.9525382579446795,-1.96405744877995,0.6894272674361082,-1.3017747045123151,4.827180740159104,-0.5186077583298134,1.4811681039798108,-0.9340125156449623,-1.0753845796150596
10.0,262.0,1000.0233764648438,-4.244099905171459,-2.9525390401351648,-1.9640574997860825,0.689427745961325,-1.3017735670393464,4.8271797920682005,-0.5186077831446241,1.4811680167547523,-0.9340131195425164,-1.075384387210145
10.0,262.0,1000.0232543945312,-4.244099863642592,-2.952539189539864,-1.964057495230292,0.6894278562650591,-1.3017733200036643,4.8271796134273774,-0.5186077947030245,1.4811680207778144,-0.9340132471965196,-1.0753843393700828
10.0,262.0,1000.023193359375,-4.244100149021456,-2.9525381278872618,-1.9640574395799384,0.6894271841499631,-1.3017749013628368,4.827180902949319,-0.5186077498683046,1.4811681121438358,-0.9340124093233744,-1.0753846134998408
10.0,262.0,1000.0232543945312,-4.24409996020031,-2.952538866978872,-1.9640574834667928,0.6894276413419531,-1.3017738161221173,4.827180006128501,-0.518607780907522,1.4811680495264747,-0.9340129871599744,-1.0753844201354958
10.0,262.0,1000.0232543945312,-4.24409991556505,-2.952539005341886,-1.964057491786301,0.6894277242203888,-1.3017736168320186,4.827179834964014,-0.5186077878850242,1.481168027168838,-0.9340130992864067,-1.075384393410193
10.0,262.0,1000.023193359375,-4.244100072052394,-2.9525383849892166,-1.9640574471544128,0.6894273557583732,-1.3017744941283302,4.8271805826614855,-0.5186077706578978,1.4811681053844854,-0.9340126299299376,-1.0753845352869806
10.0,262.0,1000.0232543945312,-4.244100253164082,-2.9525377588203527,-1.9640574210991857,0.6894269499947345,-1.3017754514983553,4.827181350042975,-0.5186077367680832,1.4811681506774388,-0.9340121146209386,-1.075384711779379
10.0,262.0,1000.0233154296876,-4.244100002368815,-2.9525387043326807,-1.9640574753595823,0.6894275366685756,-1.301774070008336,4.827180208009116,-0.5186077703952954,1.4811680527299584,-0.934012849585808,-1.075384475628752
10.0,262.0,1000.0233764648438,-4.244100087744261,-2.95253835909352,-1.964057449374468,0.6894273337136525,-1.3017745635094973,4.8271806268456015,-0.5186077610257538,1.4811680971320271,-0.9340125860793737,-1.0753845609566772
10.0,262.0,1000.023193359375,-4.2441000772339255,-2.952538449117456,-1.9640574441232013,0.6894273917492724,-1.301774406904641,4.827180517259436,-0.5186077687907567,1.4811681062389992,-0.9340126707698052,-1.075384515100522
10.0,262.0,1000.023193359375,-4.244100138077455,-2.952538206384667,-1.96405743900511,0.6894272380418176,-1.3017747750613102,4.827180808265858,-0.5186077557214048,1.481168120470823,-0.9340124719005614,-1.0753845890754987
10.0,262.0,1000.023193359375,-4.244100058671124,-2.952538502980373,-1.9640574560466857,0.6894274298377709,-1.3017743422087973,4.827180452993202,-0.5186077625744296,1.4811680882376068,-0.9340126954603702,-1.0753845237634967
10.0,262.0,1000.023193359375,-4.2441000681878,-2.952538454467408,-1.9640574566033573,0.689427380527869,-1.3017744305155945,4.82718050336093,-0.5186077679184136,1.4811680852724338,-0.9340126698969112,-1.0753845292609585
10.0,262.0,1000.0232543945312,-4.244100027202401,-2.95253863240366,-1.964057456500668,0.6894275132242793,-1.3017741380063907,4.82718030094167,-0.5186077692939843,1.481168083637768,-0.9340128011129796,-1.0753844798848382
10.0,262.0,1000.0232543945312,-4.244100097711355,-2.9525383522984754,-1.9640574402021231,0.6894273338391983,-1.3017745541759722,4.827180625516013,-0.5186077638339794,1.481168106777469,-0.9340125980746016,-1.0753845505378896
10.0,262.0,1000.0233154296876,-4.244099699031166,-2.9525398373649128,-1.964057538410232,0.6894282519393506,-1.3017723903593663,4.827178838742345,-0.5186078106690868,1.4811679476493644,-0.934013733121554,-1.0753841850050725
10.0,262.0,1000.0232543945312,-4.244099875440524,-2.952539148951185,-1.9640575032653664,0.6894278100527576,-1.301773414602935,4.82717966825993,-0.5186077924660086,1.481168009068634,-0.9340132040659164,-1.075384356669511
10.0,262.0,1000.023193359375,-4.244100142835224,-2.9525381549245715,-1.9640574375552284,0.6894272012993028,-1.3017748606428183,4.827180869390208,-0.5186077564095086,1.481168115280492,-0.9340124354920248,-1.075384604379077
10.0,262.0,1000.023193359375,-4.24410017030322,-2.952538060395736,-1.9640574331544955,0.6894271385622197,-1.3017750027348334,4.827180982071551,-0.5186077522728114,1.481168125288966,-0.9340123608510292,-1.0753846318961635
10.0,262.0,1000.0233154296876,-4.244100401182844,-2.9525371918915604,-1.964057381169496,0.6894266024116389,-1.301776276343077,4.827182037951889,-0.5186077201646935,1.481168218547328,-0.9340116802966828,-1.075384845283157
10.0,262.0,1000.0233764648438,-4.244099986956458,-2.952538706366672,-1.964057480184316,0.6894275316267908,-1.301774069217382,4.827180194165157,-0.5186077776104989,1.481168044720418,-0.9340128619328424,-1.0753844801360306
10.0,262.0,1000.0232543945312,-4.244099827348763,-2.95253935877065,-1.9640575082677136,0.6894279484810646,-1.3017730919389208,4.827179412857804,-0.5186077990949345,1.481167995043999,-0.9340133706348156,-1.075384304921787
10.0,262.0,1000.0233154296876,-4.244099987494157,-2.9525387025187406,-1.964057478311111,0.6894275372720653,-1.3017740629033645,4.827180208255768,-0.518607773738748,1.481168051291415,-0.9340128524979558,-1.075384474717214
10.0,262.0,1000.0234375,-4.244100200088058,-2.952537950895984,-1.9640574176129508,0.6894270840833823,-1.3017751388824723,4.827181117581642,-0.5186077494159145,1.481168152284833,-0.9340122824486884,-1.0753846459211958
10.0,262.0,1000.0233154296876,-4.244100007320861,-2.9525386980951187,-1.9640574652188496,0.689427552955765,-1.3017740525774006,4.827180210156785,-0.5186077719978908,1.4811680735460877,-0.9340128546530764,-1.0753844706216933
10.0,262.0,1000.0232543945312,-4.24410002988432,-2.952538627155301,-1.9640574598061065,0.6894275056219765,-1.3017741486056629,4.827180300421199,-0.5186077678849212,1.4811680835294094,-0.9340128009055472,-1.0753844763080944
10.0,263.0,1000.0232543945312,-4.244099838698483,-2.9525393058266216,-1.9640575026324247,0.6894279179895255,-1.301773154994368,4.827179474947593,-0.518607798441991,1.481168006369396,-0.934013334383784,-1.0753843089763322
10.0,263.0,1000.023193359375,-4.24410019394913,-2.95253801074281,-1.96405742535362,0.6894271171614026,-1.3017750682057452,4.82718104470673,-0.5186077491998882,1.481168140693498,-0.9340123224394672,-1.0753846384305472
10.0,263.0,1000.0232543945312,-4.244099875913981,-2.952539153518108,-1.9640574890028213,0.689427828781759,-1.301773375194275,4.827179659019251,-0.5186077939512534,1.481168022495015,-0.9340132212932808,-1.0753843494684905
10.0,263.0,1000.0232543945312,-4.244099824336514,-2.9525393602916643,-1.9640575154417133,0.6894279484505521,-1.30177308864303,4.827179405645014,-0.5186077961814615,1.481167992472887,-0.9340133670113868,-1.075384305807889
10.0,263.0,1000.023193359375,-4.244100027166363,-2.952538612862305,-1.9640574648501905,0.6894274895514405,-1.3017741827047042,4.82718031855816,-0.5186077673068743,1.4811680715861415,-0.9340127828283036,-1.0753844951513454
10.0,263.0,1000.023193359375,-4.244100140943767,-2.9525381649811853,-1.9640574362944687,0.6894272172661884,-1.301774830948622,4.827180858503882,-0.5186077563552836,1.4811681276539437,-0.9340124398198926,-1.0753845980704702
10.0,263.0,1000.023193359375,-4.244099948573197,-2.952538901640432,-1.964057478975561,0.6894276754995499,-1.3017737445750637,4.827179969197276,-0.5186077783250331,1.481168049569055,-0.9340130095765636,-1.0753844139665825
10.0,263.0,1000.0231323242188,-4.244100092106768,-2.9525383873099145,-1.964057448823425,0.6894273512856364,-1.3017745227263395,4.8271805910214365,-0.5186077610682398,1.4811681012354487,-0.9340126096676028,-1.0753845492956864
10.0,263.0,1000.0232543945312,-4.244099929634851,-2.9525389948688043,-1.964057483318016,0.6894277304594425,-1.3017736197841367,4.8271798525305005,-0.5186077817361276,1.4811680401769571,-0.9340130895661264,-1.0753843898819344
10.0,263.0,1000.0232543945312,-4.244100025588988,-2.9525386335832886,-1.964057458058821,0.6894275067335247,-1.3017741414120731,4.827180290424128,-0.5186077738706416,1.4811680838035717,-0.9340128123860164,-1.0753844737471607
10.0,263.0,1000.023193359375,-4.244100054633082,-2.9525385259946653,-1.9640574521124616,0.6894274449868929,-1.3017742916399435,4.827180418830277,-0.5186077679494812,1.481168096096952,-0.9340127294718616,-1.075384499172201
10.0,263.0,1000.023193359375,-4.244100201461356,-2.9525379681578543,-1.964057418003193,0.6894270897999712,-1.3017751275431722,4.827181100256569,-0.5186077506320395,1.4811681476288916,-0.9340122945532424,-1.0753846422739797
10.0,263.0,1000.023193359375,-4.244099947754297,-2.952538896124955,-1.964057486551425,0.6894276605887031,-1.301773773816401,4.827179967718273,-0.5186077814662378,1.4811680406216272,-0.93401300889298,-1.07538441934252
10.0,263.0,1000.0234375,-4.244099894898211,-2.952539097422968,-1.964057494532481,0.6894277892205647,-1.3017734669620462,4.8271797265534016,-0.5186077883410576,1.4811680234901567,-0.9340131693235084,-1.0753843645370385
10.0,263.0,1000.0232543945312,-4.244100119289434,-2.9525382522766,-1.9640574414490224,0.6894272641727106,-1.301774708152572,4.827180751342215,-0.5186077592688179,1.4811681104501524,-0.9340125114520416,-1.075384575467802
10.0,263.0,1000.0232543945312,-4.24409982697083,-2.9525393674873706,-1.964057504972846,0.6894279569643089,-1.3017730645324177,4.8271794001540105,-0.5186078000256753,1.4811680020993956,-0.9340133811846308,-1.075384294379262
10.0,263.0,1000.0234375,-4.244099902515119,-2.95253908536682,-1.9640574924248533,0.6894277789131387,-1.301773493324303,4.827179743694947,-0.5186077873547603,1.4811680252939494,-0.934013156726893,-1.0753843717945175
10.0,263.0,1000.023193359375,-4.244100052144937,-2.9525385164491897,-1.9640574503452868,0.6894274344218072,-1.3017743143271865,4.827180431360244,-0.5186077740808708,1.4811680986328088,-0.9340127243625984,-1.0753845036598195
10.0,263.0,1000.023193359375,-4.244100033255578,-2.952538561393547,-1.964057465616336,0.6894274518525183,-1.3017742592164727,4.827180376366568,-0.5186077697521858,1.4811680741049005,-0.934012748872462,-1.075384498632637
10.0,263.0,1000.0232543945312,-4.244099878295663,-2.952539199858537,-1.9640574940563609,0.6894278598715537,-1.301773310249605,4.827179604256537,-0.5186077906538227,1.4811680235231162,-0.9340132495852468,-1.075384336117868
10.0,263.0,1000.0232543945312,-4.2440999191971,-2.9525390079511737,-1.9640574941974205,0.6894277302674334,-1.3017736110407063,4.827179838726792,-0.5186077804907665,1.4811680223029118,-0.9340130907019571,-1.0753843966224093
10.0,263.0,1000.0231323242188,-4.244100083682353,-2.9525383961864407,-1.9640574464546257,0.68942735899474,-1.3017744908049576,4.827180575673017,-0.5186077645648322,1.4811681069259368,-0.9340126286461334,-1.0753845361252783
10.0,263.0,1000.023193359375,-4.244100171894305,-2.95253803958117,-1.9640574309538184,0.6894271292915919,-1.3017750193554272,4.827181008236943,-0.5186077539067444,1.4811681346400638,-0.934012347483673,-1.075384625132075
10.0,263.0,1000.0232543945312,-4.24410010959533,-2.952538316209375,-1.964057440028568,0.6894273095060752,-1.3017746029993855,4.827180674432524,-0.5186077647860863,1.4811681172984468,-0.93401256924888,-1.075384548712316
10.0,263.0,1000.0232543945312,-4.244100011483227,-2.9525386683754262,-1.964057468586452,0.6894275144563498,-1.301774113041811,4.827180248503517,-0.5186077746692721,1.4811680674469765,-0.9340128318876086,-1.0753844713248633
10.0,263.0,1000.023193359375,-4.244100149567412,-2.952538159502644,-1.9640574322876048,0.6894272137595268,-1.3017748412703307,4.827180861485109,-0.5186077551032255,1.4811681311052007,-0.9340124426397862,-1.0753845956887842
10.0,263.0,1000.023193359375,-4.2441001608930975,-2.952538127518959,-1.964057435153064,0.6894271857630843,-1.301774900877808,4.827180902948754,-0.5186077527259538,1.4811681261246932,-0.9340124102095596,-1.0753846083570089
10.0,263.0,1000.0232543945312,-4.244099805438839,-2.9525394210023737,-1.9640575062487349,0.6894279975837048,-1.30177297592353,4.827179339030742,-0.51860780333846,1.4811680012188608,-0.934013424746352,-1.075384275121778
10.0,263.0,1000.0233764648438,-4.244099923614307,-2.952539013966176,-1.964057482957332,0.689427746486162,-1.301773589129902,4.827179830504427,-0.5186077832830893,1.48116803920065,-0.9340131028409272,-1.0753843870436943
10.0,263.0,1000.0232543945312,-4.244099888266122,-2.9525391827843523,-1.9640574986881905,0.6894278444878497,-1.3017733580276962,4.827179630892658,-0.5186077832946339,1.4811680161899998,-0.9340132202809786,-1.0753843520264308
10.0,263.0,1000.0233764648438,-4.244099988638663,-2.9525387340282063,-1.9640574681523253,0.6894275670399885,-1.30177399721233,4.827180167724643,-0.5186077782546299,1.4811680667733915,-0.9340128887124156,-1.0753844556190009
10.0,263.0,1000.023193359375,-4.244100183045998,-2.9525380498697267,-1.964057422155756,0.6894271398152441,-1.3017750021446313,4.827181003616882,-0.5186077525047414,1.4811681408848232,-0.9340123537801022,-1.0753846227014527
10.0,263.0,1000.0232543945312,-4.244099869607879,-2.9525391771305687,-1.9640574956108243,0.6894278401775455,-1.301773338700488,4.827179629767688,-0.5186077950413379,1.4811680197380452,-0.9340132362323664,-1.0753843394713245
10.0,263.0,1000.023193359375,-4.244099949985624,-2.9525388954290137,-1.9640574764162544,0.6894276627212097,-1.3017737622030243,4.827179970286863,-0.5186077857994862,1.481168049449889,-0.9340130199970548,-1.075384410301031
10.0,263.0,1000.0232543945312,-4.24409997702762,-2.952538780442633,-1.96405747638603,0.6894275926404099,-1.3017739376532127,4.82718011346693,-0.5186077752859148,1.4811680532692684,-0.934012917693873,-1.075384447036715
10.0,263.0,1000.023193359375,-4.244100082667702,-2.952538378010247,-1.9640574472938777,0.6894273415779022,-1.301774527041379,4.827180598541766,-0.5186077669289482,1.481168098911379,-0.93401261327568,-1.075384544282612
10.0,263.0,1000.0232543945312,-4.244100079070869,-2.9525384212555608,-1.964057454826977,0.6894273680501142,-1.3017744709779504,4.827180553205718,-0.5186077595094227,1.481168089649687,-0.9340126286216835,-1.0753845428829067
10.0,263.0,1000.0232543945312,-4.244099990645999,-2.952538767521017,-1.964057475291112,0.6894275824946128,-1.3017739646815758,4.827180132634442,-0.5186077728030041,1.48116805549507,-0.9340129033303476,-1.0753844515652982
10.0,263.0,1000.0232543945312,-4.244100241538713,-2.952537827370069,-1.96405741074298,0.6894269964482822,-1.3017753316767018,4.827181268213129,-0.5186077482663523,1.4811681640597394,-0.9340121853811238,-1.0753846737293014
10.0,263.0,1000.0232543945312,-4.244099970139787,-2.9525387955252245,-1.9640574765510657,0.6894276020408743,-1.301773910295286,4.827180093348652,-0.5186077764397519,1.4811680523817747,-0.9340129296266584,-1.075384444056751
10.0,263.0,1000.023193359375,-4.244099952220662,-2.952538901222236,-1.9640574731961065,0.6894276738309859,-1.3017737407858547,4.827179964047708,-0.5186077861570375,1.4811680602449115,-0.93401302515856,-1.075384402658571
10.0,263.0,1000.0232543945312,-4.244099821703675,-2.9525393796462733,-1.9640575082253724,0.6894279670836863,-1.3017730483547347,4.827179380651769,-0.5186078007645927,1.4811680006937316,-0.93401339317119,-1.0753842918085643
10.0,263.0,1000.023193359375,-4.2441000443821215,-2.952538516683265,-1.9640574566419868,0.6894274288966287,-1.3017743191990627,4.82718042942215,-0.5186077738322057,1.4811680872450823,-0.9340127245054636,-1.0753845065203138
10.0,263.0,1000.0232543945312,-4.244100017953257,-2.9525386451418703,-1.964057457295848,0.6894275171742938,-1.3017741063958337,4.827180271268967,-0.5186077788787724,1.4811680906291649,-0.934012829350455,-1.075384462169276
10.0,263.0,1000.0232543945312,-4.244100101599938,-2.9525383425835465,-1.9640574434482807,0.6894273186742881,-1.3017745693624256,4.827180642114374,-0.5186077648114997,1.4811681106425292,-0.9340125863605212,-1.0753845431950677
10.0,263.0,1000.0232543945312,-4.244099873633222,-2.9525391665806,-1.9640574926286587,0.6894278418587838,-1.301773352180891,4.8271796445536825,-0.5186077896323606,1.4811680207419755,-0.9340132231353264,-1.0753843478565557
10.0,263.0,1000.0232543945312,-4.2440999804087935,-2.9525387819493507,-1.9640574694370816,0.6894275987107061,-1.3017739307539469,4.827180109623628,-0.5186077781622709,1.4811680646627865,-0.9340129269919456,-1.0753844425103676
10.0,263.0,1000.023193359375,-4.244099946118996,-2.952538920982024,-1.964057475067729,0.6894276864835902,-1.3017737079183656,4.827179941538207,-0.5186077843516168,1.481168056906994,-0.9340130355143924,-1.0753843988793017
10.0,263.0,1000.0233154296876,-4.244100019226874,-2.9525386602767885,-1.9640574606525665,0.689427529125684,-1.301774107879203,4.827180259574899,-0.5186077706104042,1.4811680804822895,-0.9340128268623468,-1.0753844754873585
10.0,263.0,1000.023193359375,-4.244100049660028,-2.9525385530311072,-1.9640574542693567,0.6894274512281386,-1.3017742696722845,4.827180387597155,-0.5186077709097798,1.4811680883820362,-0.9340127520380016,-1.0753844935880863
10.0,264.0,1000.023193359375,-4.244100187145564,-2.9525379694214577,-1.9640574281112035,0.689427078366478,-1.3017751301971012,4.827181092656668,-0.5186077534319935,1.481168136750802,-0.9340122950735816,-1.075384643562351
10.0,264.0,1000.023193359375,-4.24410004589037,-2.9525385666829145,-1.964057453356549,0.6894274698131886,-1.3017742350407735,4.827180372795606,-0.518607770541827,1.4811680960411922,-0.934012759505026,-1.0753844887251507
10.0,264.0,1000.023193359375,-4.2441001473366935,-2.9525381843393785,-1.964057425372297,0.6894272284404774,-1.301774797366526,4.827180841784688,-0.518607758504273,1.481168132405993,-0.9340124627728664,-1.0753845852717836
10.0,264.0,1000.0232543945312,-4.244100254974683,-2.952537746060914,-1.9640574015282155,0.6894269521576968,-1.3017754469243097,4.827181363686702,-0.5186077492945866,1.481168174378161,-0.934012133698535,-1.0753846946383638
10.0,264.0,1000.023193359375,-4.244100054439607,-2.952538548978028,-1.9640574534013533,0.6894274517208396,-1.301774273907527,4.827180401308281,-0.5186077668087155,1.4811680912855438,-0.9340127370226304,-1.075384499514633
10.0,264.0,1000.023193359375,-4.2441000800445385,-2.9525383960857736,-1.964057451429993,0.6894273473301542,-1.3017745092791215,4.827180577200805,-0.5186077682545838,1.481168096260717,-0.934012624642352,-1.0753845400005329
10.0,264.0,1000.0232543945312,-4.244100167952704,-2.9525380281282736,-1.9640574310664185,0.6894271217197225,-1.301775040059443,4.82718102121334,-0.5186077540149796,1.4811681254985674,-0.9340123385548882,-1.075384637145373
10.0,264.0,1000.0232543945312,-4.24409993430504,-2.9525389345262214,-1.96405747715748,0.6894276879718886,-1.3017737014000437,4.827179919415814,-0.5186077904392405,1.4811680502051878,-0.9340130581456884,-1.0753843951924096
10.0,264.0,1000.0232543945312,-4.244100066029211,-2.952538473052632,-1.9640574523590644,0.6894274050052314,-1.3017743764496057,4.827180482588599,-0.5186077684069037,1.4811680952413644,-0.9340126880771384,-1.075384515986395
10.0,264.0,1000.023193359375,-4.244099961697724,-2.9525388738917635,-1.9640574674377296,0.6894276609265351,-1.3017737794089743,4.827179998382382,-0.5186077828587194,1.481168061780993,-0.9340130053149682,-1.0753844110875987
10.0,264.0,1000.0233764648438,-4.244100005677963,-2.952538692117427,-1.9640574626106928,0.6894275438032835,-1.301774050784525,4.827180218025193,-0.5186077766543509,1.4811680748465514,-0.9340128619991336,-1.0753844602116915
10.0,264.0,1000.0232543945312,-4.244099812718814,-2.952539414858109,-1.9640575123252293,0.6894279910197012,-1.3017730020491052,4.827179344121127,-0.5186077959345896,1.4811679927485342,-0.934013412228996,-1.0753842872401007
10.0,264.0,1000.023193359375,-4.244099953176443,-2.952538904614846,-1.9640574816581764,0.689427674501113,-1.3017737498248327,4.827179960136389,-0.5186077772454887,1.481168046658036,-0.9340130148495458,-1.0753844149061074
10.0,264.0,1000.0232543945312,-4.244100162977845,-2.9525380982702902,-1.9640574249932687,0.6894271692198082,-1.3017749233367844,4.8271809385433375,-0.5186077604041976,1.481168140482274,-0.9340124009454458,-1.0753846041927524
10.0,264.0,1000.0232543945312,-4.2440998734505,-2.9525391713709395,-1.9640574971777405,0.6894278329645074,-1.301773366261065,4.827179635602841,-0.5186077935428628,1.4811680180199789,-0.934013228360106,-1.0753843494073283
10.0,264.0,1000.0234375,-4.244099892744353,-2.952539110657507,-1.9640574890096365,0.6894277973711844,-1.3017734456871342,4.827179710377372,-0.5186077947782559,1.481168031358341,-0.9340131873646502,-1.075384355004641
10.0,264.0,1000.023193359375,-4.24410018622572,-2.9525380036490394,-1.964057431326505,0.6894271043096936,-1.3017750885014436,4.82718105043686,-0.5186077488009007,1.481168133630165,-0.9340123164191336,-1.0753846419993018
10.0,264.0,1000.0232543945312,-4.244100109495748,-2.952538306918571,-1.9640574361973293,0.6894273093878232,-1.3017746116553184,4.82718067949731,-0.5186077642480269,1.4811681244678363,-0.9340125667336904,-1.075384553826538
10.0,264.0,1000.0232543945312,-4.244099854285707,-2.952539252261602,-1.9640574992832736,0.6894278878391802,-1.3017732317757522,4.827179536434517,-0.5186077981674355,1.4811680194691077,-0.9340132968018376,-1.0753843191142505
10.0,264.0,1000.023193359375,-4.244099964655055,-2.9525388726122945,-1.9640574814905216,0.6894276474258954,-1.3017738137127126,4.827180002381189,-0.5186077750631668,1.4811680479428402,-0.9340129837425328,-1.075384424377272
10.0,264.0,1000.023193359375,-4.244099964035742,-2.952538861393045,-1.964057469893485,0.6894276541192106,-1.3017738008113793,4.8271800172315,-0.5186077800335855,1.48116806266947,-0.9340129880237944,-1.0753844176991474
10.0,264.0,1000.0232543945312,-4.244100250063201,-2.9525377549194536,-1.964057409634441,0.6894269571964902,-1.3017754353909328,4.82718134925851,-0.5186077445023587,1.4811681665460688,-0.9340121323366652,-1.075384697825303
10.0,264.0,1000.0233154296876,-4.244100015089279,-2.952538690636876,-1.96405746324096,0.6894275367611158,-1.301774077424101,4.827180228322746,-0.5186077711737607,1.4811680716171862,-0.9340128473905808,-1.075384467484925
10.0,264.0,1000.023193359375,-4.244100053395938,-2.952538512342821,-1.9640574601507328,0.6894274254398178,-1.3017743481696638,4.827180439371617,-0.5186077664786977,1.4811680833400924,-0.9340127052813224,-1.0753845192212577
10.0,264.0,1000.023193359375,-4.244099945573801,-2.952538907892622,-1.964057484135692,0.6894276680011613,-1.3017737640280362,4.827179960601507,-0.5186077800509841,1.4811680395399076,-0.9340130146121526,-1.075384419117456
10.0,264.0,1000.0232543945312,-4.244099962482898,-2.952538846817441,-1.964057483447319,0.6894276335288962,-1.3017738549063091,4.8271800361223445,-0.5186077738216097,1.481168043036618,-0.9340129594565808,-1.0753844419649456
10.0,264.0,1000.0232543945312,-4.244100099614243,-2.9525383113547097,-1.9640574403176123,0.6894273061040863,-1.301774611004883,4.82718067555782,-0.5186077667498239,1.4811681153524443,-0.9340125680252288,-1.0753845542413734
10.0,264.0,1000.023193359375,-4.244100200803715,-2.9525379699629632,-1.9640574295503883,0.6894270823684803,-1.3017751427608264,4.8271810963087205,-0.5186077452781266,1.4811681351157189,-0.9340122821141552,-1.0753846526967563
10.0,264.0,1000.023193359375,-4.244100124750291,-2.9525382169853174,-1.9640574392486945,0.6894272412645375,-1.301774768774198,4.827180796405493,-0.5186077608225279,1.4811681153124256,-0.93401248488851,-1.0753845877717048
10.0,264.0,1000.0234375,-4.244100327835068,-2.952537546672307,-1.9640573887699508,0.6894268351423758,-1.301775739194774,4.82718160755897,-0.5186077335419164,1.4811682046278598,-0.9340119685339924,-1.075384740761569
10.0,264.0,1000.0232543945312,-4.244100230020049,-2.952537852059129,-1.9640574120991936,0.6894270175565804,-1.3017752921192385,4.827181236018982,-0.5186077482092388,1.4811681603590472,-0.9340122073693448,-1.075384669970243
10.0,264.0,1000.023193359375,-4.2440999364598655,-2.9525389419512145,-1.9640574859695348,0.6894276944578692,-1.3017737118989112,4.827179921354613,-0.5186077807698162,1.4811680387977768,-0.934013038601254,-1.0753844111782778
10.0,264.0,1000.0232543945312,-4.244099922706796,-2.9525389968950004,-1.9640574869709304,0.6894277275369927,-1.3017736101864943,4.8271798498230805,-0.5186077846136765,1.481168037249181,-0.9340130894210894,-1.0753843872275652
10.0,264.0,1000.023193359375,-4.244100030075552,-2.952538625099959,-1.9640574651223688,0.6894275030695987,-1.3017741701260728,4.827180301768262,-0.5186077672289446,1.4811680789464532,-0.934012792237767,-1.0753844896774147
10.0,264.0,1000.0231323242188,-4.244100081438557,-2.952538414103556,-1.964057449487146,0.6894273671417892,-1.3017744828600917,4.827180560431705,-0.5186077649946945,1.4811680977837811,-0.9340126330256816,-1.0753845406118523
10.0,264.0,1000.023193359375,-4.244100150380749,-2.9525381208036605,-1.9640574331298224,0.6894271790234967,-1.3017748964779536,4.827180909471263,-0.5186077599756835,1.4811681292017864,-0.934012414473,-1.0753846021394429
10.0,264.0,1000.0232543945312,-4.2440999712634095,-2.9525388118888007,-1.9640574819015724,0.6894276034988653,-1.3017739043120775,4.827180076880721,-0.5186077771539788,1.4811680462080954,-0.9340129391270996,-1.0753844405271429
10.0,264.0,1000.023193359375,-4.244100146272816,-2.952538135367267,-1.9640574309890764,0.6894271991134548,-1.3017748746055045,4.827180887683097,-0.518607756256019,1.4811681266336132,-0.9340124277380576,-1.0753846066243824
10.0,264.0,1000.0233154296876,-4.244100006480764,-2.952538674472478,-1.964057461909233,0.6894275289657479,-1.30177408338491,4.82718024293192,-0.5186077757402714,1.4811680733888473,-0.934012842401021,-1.0753844682565292
10.0,264.0,1000.023193359375,-4.244100168945479,-2.952538076622476,-1.964057428364803,0.6894271574153485,-1.3017749723008647,4.827180965281169,-0.5186077545371877,1.481168132952635,-0.9340123755459242,-1.0753846228084512
10.0,264.0,1000.0232543945312,-4.244100102533787,-2.952538289327371,-1.9640574444682688,0.6894272846559488,-1.3017746498958074,4.827180704023142,-0.5186077644139129,1.4811681059861297,-0.9340125465454214,-1.0753845641331612
10.0,264.0,1000.0232543945312,-4.244100165090108,-2.952538098257719,-1.9640574262884425,0.6894271662930516,-1.301774938869111,4.827180942721244,-0.5186077577329256,1.481168137339914,-0.934012393785948,-1.0753846075603557
10.0,264.0,1000.0233154296876,-4.2441000106660525,-2.952538694866367,-1.9640574700544715,0.689427535228667,-1.3017740653902994,4.827180214729632,-0.5186077740512731,1.4811680675387793,-0.9340128532844147,-1.0753844638089969
10.0,264.0,1000.023193359375,-4.244100038308818,-2.9525385635067742,-1.9640574561802888,0.6894274590305374,-1.301774248874418,4.8271803703369685,-0.5186077726685312,1.481168085017563,-0.9340127621866204,-1.0753844962745085
10.0,264.0,1000.0232543945312,-4.24410027974211,-2.9525376326657065,-1.9640574052867468,0.6894268812119799,-1.3017756191756562,4.827181503814675,-0.5186077393370763,1.4811681786096038,-0.934012027070831,-1.0753847331407118
10.0,264.0,1000.0232543945312,-4.24410018447833,-2.952538016722632,-1.964057420530081,0.6894271194943711,-1.3017750492000228,4.827181038037308,-0.5186077566186658,1.481168145654987,-0.9340123378778048,-1.0753846270285703
10.0,264.0,1000.023193359375,-4.244100176471404,-2.952538058921037,-1.9640574232117607,0.6894271465432595,-1.3017749929550575,4.827180987799352,-0.5186077538716365,1.4811681389949074,-0.93401236457297,-1.0753846219661152
10.0,264.0,1000.023193359375,-4.244100187776222,-2.9525379796750184,-1.9640574190182176,0.6894270997510601,-1.301775095377939,4.827181079813972,-0.5186077555454345,1.481168148834522,-0.934012310174034,-1.075384637057268
10.0,264.0,1000.0232543945312,-4.2441001593706,-2.95253809931476,-1.964057427584516,0.6894271767107893,-1.3017749281788111,4.827180937503995,-0.518607754180934,1.4811681367650724,-0.934012396352327,-1.0753846100049025
10.0,264.0,1000.023193359375,-4.244100185533171,-2.9525380336154985,-1.964057426447872,0.6894271280482975,-1.3017750379953623,4.827181017392721,-0.5186077502438637,1.481168136116561,-0.9340123410182396,-1.075384633645343
10.0,265.0,1000.0232543945312,-4.244100124233586,-2.952538258199809,-1.9640574372647208,0.6894272720684489,-1.301774695811249,4.8271807408026,-0.5186077620439971,1.4811681242098071,-0.9340125242310756,-1.0753845665956376
10.0,265.0,1000.0232543945312,-4.244100038546291,-2.952538591179397,-1.96405745941264,0.6894274768163653,-1.3017742293711554,4.827180351215386,-0.5186077671936387,1.4811680758641197,-0.9340127642355291,-1.075384502604262
10.0,265.0,1000.0231323242188,-4.244100086624911,-2.9525384160242805,-1.9640574461672464,0.689427369788759,-1.3017744757211491,4.827180560540805,-0.5186077608914097,1.4811680980292865,-0.9340126329526814,-1.0753845419494548
10.0,265.0,1000.0232543945312,-4.244100013623132,-2.9525386467525685,-1.9640574606212893,0.6894275152285632,-1.3017741270525556,4.8271802769948895,-0.5186077747010911,1.4811680742572548,-0.93401281995341,-1.0753844764687677
10.0,265.0,1000.023193359375,-4.2441000711556605,-2.9525384754938617,-1.9640574505598831,0.6894274094767301,-1.3017743882122217,4.82718048895604,-0.5186077665353004,1.4811680981209363,-0.9340126776355984,-1.0753845245946825
10.0,265.0,1000.0232543945312,-4.244099847855422,-2.952539256238929,-1.9640575086612229,0.6894278834471645,-1.3017732531091215,4.8271795371539525,-0.518607791298777,1.4811679973656808,-0.9340132825364904,-1.0753843389636597
10.0,265.0,1000.023193359375,-4.244100054194247,-2.952538480346502,-1.9640574630177248,0.6894274015216348,-1.301774379783411,4.827180469172433,-0.5186077651307022,1.4811680805771177,-0.9340126842427328,-1.0753845242542948
10.0,265.0,1000.0234375,-4.244100221529788,-2.9525379041883464,-1.96405740670944,0.6894270611496376,-1.3017751830775688,4.827181174388006,-0.5186077512363916,1.4811681726478385,-0.9340122515918186,-1.0753846459109626
10.0,265.0,1000.0232543945312,-4.244099806764838,-2.9525393843128085,-1.964057517450604,0.6894279635229781,-1.3017730596992716,4.8271793820196205,-0.5186078002975281,1.4811679848110346,-0.934013385054894,-1.0753843037252135
10.0,265.0,1000.0232543945312,-4.24410006232188,-2.952538479917713,-1.964057459718493,0.6894274011785226,-1.3017743829957276,4.827180476016441,-0.5186077658053208,1.4811680875977418,-0.9340126821545622,-1.07538451956867
10.0,265.0,1000.0232543945312,-4.2440999659167815,-2.952538837650215,-1.9640574823040868,0.689427625800195,-1.3017738709200168,4.827180044745251,-0.5186077754796923,1.4811680442074158,-0.9340129538100328,-1.0753844469566558
10.0,265.0,1000.023193359375,-4.244100130766074,-2.9525381915938773,-1.96405743385758,0.6894272197728712,-1.301774800289957,4.827180821890222,-0.5186077658892181,1.4811681196577524,-0.9340124810318446,-1.0753845818763563
10.0,265.0,1000.023193359375,-4.244100142910873,-2.952538162549602,-1.9640574379333569,0.6894272061864628,-1.3017748516883492,4.82718086202522,-0.5186077566703968,1.4811681168782185,-0.9340124412804024,-1.0753846023470786
10.0,265.0,1000.023193359375,-4.244100147040824,-2.952538168538906,-1.9640574337614776,0.6894272141192657,-1.3017748313613415,4.8271808559876455,-0.5186077538141767,1.481168125084774,-0.9340124445999596,-1.0753845938040918
10.0,265.0,1000.0232543945312,-4.244100216800646,-2.9525378404469387,-1.9640574097828896,0.6894270085989218,-1.3017752958697222,4.827181245312351,-0.5186077565041449,1.481168163171121,-0.9340122136980398,-1.0753846634062638
10.0,265.0,1000.023193359375,-4.244100143248438,-2.952538190370274,-1.964057434962224,0.6894272245924435,-1.3017748083111584,4.827180828879943,-0.5186077545731917,1.481168117367445,-0.9340124637489752,-1.0753845916568752
10.0,265.0,1000.0232543945312,-4.24410003703029,-2.952538571222262,-1.9640574511985087,0.6894274668138873,-1.3017742383222686,4.8271803626471215,-0.5186077756197802,1.4811680855284282,-0.9340127722717986,-1.0753844920767932
10.0,265.0,1000.0233764648438,-4.244100324488461,-2.952537484419724,-1.964057391523164,0.6894267868112678,-1.3017758499169996,4.827181678873796,-0.5186077352431626,1.4811681926658435,-0.9340119246798722,-1.075384767667738
10.0,265.0,1000.023193359375,-4.244100236613676,-2.95253782187186,-1.964057413706981,0.689426994677147,-1.3017753473121974,4.827181271168131,-0.5186077462125809,1.4811681585177547,-0.934012180879492,-1.0753846862781915
10.0,265.0,1000.0232543945312,-4.244100037705206,-2.9525385846337846,-1.9640574548370404,0.6894274745733009,-1.3017742063306628,4.827180347394885,-0.5186077726671385,1.481168087085675,-0.934012776796636,-1.075384485066797
10.0,265.0,1000.0233764648438,-4.24410009186981,-2.9525383341076887,-1.9640574477923465,0.6894273135121605,-1.3017745958363092,4.8271806519347855,-0.5186077634564912,1.4811680978663944,-0.93401257474523,-1.0753845603172485
10.0,265.0,1000.023193359375,-4.2441001375415,-2.9525381934412307,-1.9640574437529803,0.6894272247823041,-1.3017748167906902,4.827180820041811,-0.518607754279997,1.4811681099282037,-0.934012460948666,-1.075384599777915
10.0,265.0,1000.023193359375,-4.244100182851499,-2.9525380357925872,-1.9640574260394856,0.6894271352973425,-1.3017750349246835,4.827181020817177,-0.5186077473745225,1.4811681391065683,-0.9340123349410554,-1.075384635444141
10.0,265.0,1000.0234375,-4.244099900596443,-2.9525391181887666,-1.964057494620488,0.6894277986636101,-1.3017734523851194,4.827179710461492,-0.5186077868965766,1.4811680250283017,-0.9340131738262594,-1.0753843606407094
10.0,265.0,1000.0232543945312,-4.244099970306551,-2.952538834723514,-1.964057476849524,0.6894276296230988,-1.301773867130537,4.827180053834395,-0.5186077759788636,1.481168054781322,-0.9340129514352552,-1.0753844369488252
10.0,265.0,1000.0232543945312,-4.244100247241623,-2.95253773560953,-1.96405740338085,0.6894269381595812,-1.301775466850314,4.827181376487431,-0.5186077521733052,1.4811681704371624,-0.9340121264169436,-1.0753846984737925
10.0,265.0,1000.0232543945312,-4.244100253698878,-2.9525378150142827,-1.9640574043771173,0.6894269920885732,-1.3017753471039923,4.827181287631749,-0.5186077447393886,1.4811681726258392,-0.9340121753128274,-1.0753846726491965
10.0,265.0,1000.0234375,-4.244100208839746,-2.9525379133588343,-1.9640574141397256,0.6894270507272315,-1.3017752054047875,4.827181161629056,-0.5186077537843499,1.4811681546602653,-0.9340122607268792,-1.075384649866136
10.0,265.0,1000.0233764648438,-4.244099919212597,-2.95253900177321,-1.9640574852148025,0.6894277319757229,-1.3017736048048183,4.827179840255198,-0.5186077886319023,1.4811680379230427,-0.93401310061829,-1.0753843866683082
10.0,265.0,1000.0234375,-4.244100211599993,-2.9525379569674244,-1.964057413072724,0.6894270880548454,-1.3017751382830474,4.827181111064169,-0.5186077513357903,1.4811681593705632,-0.9340122920393296,-1.0753846371435043
10.0,265.0,1000.0232543945312,-4.244100246463722,-2.9525377715035948,-1.964057414103502,0.6894269603717751,-1.301775425727575,4.827181334652622,-0.518607743035024,1.4811681544962294,-0.934012140873123,-1.075384698240358
10.0,265.0,1000.0232543945312,-4.244100088711388,-2.952538347262953,-1.9640574430762263,0.6894273278999483,-1.3017745626212869,4.82718063436211,-0.5186077673554124,1.4811681067578704,-0.9340125932160994,-1.0753845503887662
10.0,265.0,1000.0232543945312,-4.244100104014128,-2.952538275083513,-1.964057449987052,0.6894272756885753,-1.301774690188517,4.827180720015976,-0.5186077641920281,1.4811681026827808,-0.934012528751988,-1.075384582978411
10.0,265.0,1000.0232543945312,-4.244100358135573,-2.952537400906769,-1.964057387735401,0.6894267331977009,-1.3017759752804454,4.82718178732828,-0.5186077269646745,1.4811682037667602,-0.934011843610806,-1.0753847920835922
10.0,265.0,1000.0232543945312,-4.244100014765273,-2.9525386699757856,-1.964057473381408,0.6894275209607859,-1.3017741218540475,4.827180247658207,-0.5186077689897592,1.481168067224364,-0.9340128225401676,-1.0753844813391602
10.0,265.0,1000.0232543945312,-4.24410001374678,-2.9525386489929213,-1.964057470845446,0.6894275101628997,-1.3017741383113526,4.827180271208972,-0.5186077697029292,1.4811680668365843,-0.9340128114135656,-1.0753844846901035
10.0,265.0,1000.0234375,-4.244099899752232,-2.952539088367149,-1.964057484129744,0.6894277904619202,-1.3017734741640434,4.827179737630228,-0.5186077928268427,1.4811680363251254,-0.9340131697081206,-1.075384363153749
10.0,265.0,1000.023193359375,-4.244100065726196,-2.952538449589212,-1.964057449769165,0.6894273983162789,-1.3017744110498928,4.827180507500795,-0.5186077679110825,1.4811680993731713,-0.9340126702719828,-1.075384529162041
10.0,265.0,1000.023193359375,-4.244100172075064,-2.9525380582265446,-1.964057416083332,0.6894271511285801,-1.3017749721043326,4.827180981726491,-0.5186077639482161,1.4811681523993254,-0.934012383009522,-1.0753846074670363
10.0,265.0,1000.023193359375,-4.244100039285816,-2.9525385586316144,-1.9640574616188915,0.6894274550436785,-1.3017742718289456,4.8271803856905215,-0.518607767599458,1.4811680769212892,-0.9340127406650458,-1.0753845083802127
10.0,265.0,1000.0233154296876,-4.244100387417477,-2.9525372653573587,-1.9640573821971268,0.6894266492272951,-1.3017761729897237,4.827181949585988,-0.518607723852563,1.48116821188625,-0.9340117412626628,-1.075384825973376
10.0,265.0,1000.0232543945312,-4.244100126469074,-2.9525382558898423,-1.964057438344995,0.6894272647980895,-1.301774718071259,4.827180751165498,-0.5186077588856346,1.481168115395418,-0.9340125138926538,-1.0753845777188094
10.0,265.0,1000.023193359375,-4.244100152964393,-2.952538143904506,-1.9640574365414936,0.6894271946572141,-1.3017748819757848,4.82718088614838,-0.5186077529548827,1.481168120934485,-0.9340124218128611,-1.0753846080426617
10.0,265.0,1000.0232543945312,-4.244100162768224,-2.9525381054418585,-1.9640574278615723,0.6894271757141794,-1.30177492237054,4.827180927393396,-0.5186077563147435,1.4811681353461843,-0.9340124030892252,-1.0753846091059789
10.0,265.0,1000.0233764648438,-4.244099913701973,-2.952539043706551,-1.9640574858718527,0.6894277574763583,-1.3017735477709031,4.82717979203915,-0.5186077890406295,1.4811680360901764,-0.9340131312397224,-1.075384375257619
10.0,265.0,1000.023193359375,-4.244100085167878,-2.9525384044852467,-1.964057443010781,0.6894273688104384,-1.30177448092818,4.827180568829521,-0.5186077655726624,1.4811681092481788,-0.9340126322402372,-1.0753845369225408
10.0,265.0,1000.0232543945312,-4.2440998718421366,-2.952539197431125,-1.964057501812932,0.6894278579465132,-1.3017733224663002,4.827179606782334,-0.5186077864945657,1.481168013752124,-0.9340132358615838,-1.0753843482238907
10.0,265.0,1000.023193359375,-4.244100089613831,-2.952538373723238,-1.964057451118884,0.6894273398215711,-1.3017745412429882,4.827180605832094,-0.5186077603592221,1.4811680970148853,-0.9340125986146388,-1.07538455180764
10.0,265.0,1000.0233154296876,-4.24410001334786,-2.952538673915414,-1.964057463081956,0.6894275326614396,-1.301774092072228,4.827180245846389,-0.5186077731489158,1.4811680744689166,-0.9340128326410344,-1.0753844756828856
10.0,265.0,1000.0232543945312,-4.244100012902951,-2.9525386193887617,-1.9640574581525416,0.6894274982159176,-1.3017741538832182,4.827180305904534,-0.5186077767369905,1.4811680794182287,-0.9340128037084154,-1.0753844822208074
10.0,266.0,1000.023193359375,-4.244100062939074,-2.952538470570604,-1.9640574587283743,0.6894273927851167,-1.3017744022895663,4.82718048835458,-0.5186077675896188,1.4811680858612588,-0.9340126755423066,-1.0753845237706583
10.0,266.0,1000.023193359375,-4.244100070008733,-2.9525384735409417,-1.964057449404871,0.6894274084560683,-1.3017743880235222,4.827180486749628,-0.5186077667876008,1.4811680963828078,-0.9340126835330692,-1.0753845233258978
10.0,266.0,1000.023193359375,-4.244100055440343,-2.9525385160078383,-1.96405745099614,0.6894274414247468,-1.3017743168079186,4.827180430642459,-0.5186077697904148,1.4811680996148704,-0.9340127185620304,-1.075384511051074
10.0,266.0,1000.0232543945312,-4.244100294069568,-2.95253762845444,-1.96405740269152,0.6894268785311741,-1.3017756371835851,4.827181508779924,-0.518607737605663,1.4811681848292828,-0.9340120242251668,-1.0753847354014852
10.0,266.0,1000.023193359375,-4.24410014024246,-2.9525381968820525,-1.964057432884572,0.6894272312128802,-1.3017747933018176,4.827180819724839,-0.5186077591876384,1.4811681257462936,-0.9340124728845592,-1.0753845857007869
10.0,266.0,1000.023193359375,-4.244100271006582,-2.9525376772978658,-1.964057402733305,0.6894269052349955,-1.3017755519211125,4.827181448601213,-0.5186077415522607,1.481168171476968,-0.9340120711200992,-1.075384716084212
10.0,266.0,1000.023193359375,-4.244100186254156,-2.95253802441773,-1.964057416220604,0.6894271247159125,-1.3017750323778552,4.827181031990074,-0.5186077578673212,1.4811681501603369,-0.9340123448980648,-1.075384620316528
10.0,266.0,1000.023193359375,-4.244100069792806,-2.952538483818949,-1.9640574467299747,0.6894274088608663,-1.3017743663651355,4.827180472446425,-0.5186077713282655,1.481168101393724,-0.934012701642291,-1.0753845060299445
10.0,266.0,1000.023193359375,-4.244100203171626,-2.952537969310137,-1.964057421250448,0.6894270845711272,-1.301775132156059,4.82718109891872,-0.5186077508817997,1.4811681436624236,-0.9340122907070104,-1.0753846465261967
10.0,266.0,1000.023193359375,-4.244100232130449,-2.952537844074405,-1.9640574137035105,0.6894270091391856,-1.301775317048643,4.8271812504073335,-0.5186077453752782,1.481168154624842,-0.9340121958095756,-1.0753846812499024
10.0,266.0,1000.023193359375,-4.244100054829134,-2.9525385137874176,-1.96405745829205,0.6894274267367404,-1.3017743329328413,4.827180433074718,-0.5186077649826109,1.4811680840177424,-0.934012709791734,-1.07538451564112
10.0,266.0,1000.023193359375,-4.24410012768028,-2.95253820606336,-1.9640574339622887,0.6894272362435974,-1.3017747765724517,4.827180805909951,-0.5186077635908433,1.4811681212143295,-0.9340124853424284,-1.0753845830493676
10.0,266.0,1000.0233764648438,-4.244100225668838,-2.9525379004483354,-1.964057421662127,0.6894270412357653,-1.3017752483259324,4.8271811809680525,-0.5186077449261361,1.4811681497361686,-0.9340122296790554,-1.0753846686939816
10.0,266.0,1000.0232543945312,-4.244100110991702,-2.952538355710641,-1.964057435424236,0.68942733443936,-1.30177455437632,4.827180631470014,-0.518607763290234,1.4811681209824847,-0.93401259429666,-1.0753845433412383
10.0,266.0,1000.023193359375,-4.2441000168205765,-2.952538634687452,-1.9640574696011912,0.6894275047766039,-1.3017741602808313,4.827180292979275,-0.5186077690069606,1.481168070429578,-0.9340127984476618,-1.075384488146249
10.0,266.0,1000.0233154296876,-4.244099965345636,-2.952538846292343,-1.9640574749140969,0.6894276366123675,-1.3017738314245326,4.827180028188296,-0.518607782679398,1.4811680563916276,-0.9340129835949592,-1.0753844202898848
10.0,266.0,1000.0233764648438,-4.244099984649296,-2.9525387295000853,-1.964057473522216,0.689427560736247,-1.3017740163464555,4.827180168512937,-0.5186077766162258,1.481168055919941,-0.9340128836826224,-1.0753844627003808
10.0,266.0,1000.0232543945312,-4.2441002560651375,-2.9525377815752374,-1.9640574065686345,0.6894269786147698,-1.3017753991552414,4.827181328293996,-0.5186077396316806,1.4811681692144685,-0.934012140384965,-1.0753846938453364
10.0,266.0,1000.0232543945312,-4.244100285752457,-2.9525376273120454,-1.9640574000976407,0.6894268789701368,-1.301775631418813,4.827181507900738,-0.5186077374862608,1.481168178797267,-0.9340120295693302,-1.075384733399853
10.0,266.0,1000.0232543945312,-4.2441001253277335,-2.9525382826395683,-1.964057439084157,0.6894272826110681,-1.3017746621991106,4.827180718956068,-0.5186077594614211,1.4811681206282152,-0.9340125336634078,-1.0753845614676063
10.0,266.0,1000.0232543945312,-4.244099872589821,-2.952539209944124,-1.9640574959200925,0.6894278660822648,-1.301773305966278,4.827179594123173,-0.5186077888606349,1.4811680147302455,-0.9340132517330666,-1.0753843419565028
10.0,266.0,1000.023193359375,-4.244100061498227,-2.9525384534343546,-1.964057458800606,0.6894273779040647,-1.3017744312156472,4.827180506995912,-0.5186077680162473,1.48116808127582,-0.93401266796924,-1.075384531227833
10.0,266.0,1000.0232543945312,-4.244100162104156,-2.952538087382288,-1.9640574291352129,0.6894271573318189,-1.30177495408009,4.82718095095062,-0.5186077581135962,1.4811681334623064,-0.9340123912343978,-1.075384610222918
10.0,266.0,1000.0232543945312,-4.2441003907214725,-2.952537242626673,-1.9640573779540031,0.6894266397133011,-1.3017761990195955,4.827181978213659,-0.5186077226321633,1.4811682165922635,-0.9340117248490384,-1.0753848304551217
10.0,266.0,1000.0232543945312,-4.244099918063314,-2.9525389920328298,-1.96405748766012,0.6894277232158856,-1.3017736302368084,4.827179852625255,-0.5186077872853367,1.4811680318376066,-0.934013089944952,-1.0753843942403876
10.0,266.0,1000.023193359375,-4.244100045611983,-2.9525385420051804,-1.964057467186512,0.6894274413767114,-1.3017743070111498,4.827180403701911,-0.5186077635290438,1.481168074225156,-0.9340127217469716,-1.0753845156206787
10.0,266.0,1000.0232543945312,-4.244100116816407,-2.9525382522813137,-1.9640574464836649,0.6894272558277637,-1.3017747158358102,4.8271807496337225,-0.5186077611040805,1.481168105957246,-0.9340125126624824,-1.075384576491238
10.0,266.0,1000.023193359375,-4.244100237930773,-2.952537813172553,-1.9640574163377729,0.6894269897324303,-1.3017753765964786,4.82718128215099,-0.5186077417891983,1.4811681492169084,-0.9340121674818178,-1.0753846951854524
10.0,266.0,1000.023193359375,-4.244100180073441,-2.952538081075644,-1.964057429829829,0.6894271576974322,-1.301774970582314,4.827180961304606,-0.5186077515966341,1.4811681378569157,-0.9340123749650776,-1.075384616064841
10.0,266.0,1000.023193359375,-4.244100189499478,-2.9525379999839383,-1.964057418082855,0.6894271120351281,-1.301775067991627,4.827181058724875,-0.5186077522530157,1.4811681472447449,-0.9340123225720572,-1.075384631113506
10.0,266.0,1000.023193359375,-4.2441000627812775,-2.952538481925601,-1.9640574497858108,0.6894274127003444,-1.3017743729309357,4.827180478221518,-0.518607767665987,1.481168098423307,-0.9340126904495456,-1.0753845172299856
10.0,266.0,1000.0232543945312,-4.244100103632381,-2.95253831213668,-1.9640574504270747,0.6894272959001562,-1.3017746386746492,4.827180679329672,-0.5186077555435462,1.4811680923795765,-0.934012549254783,-1.0753845756328988
10.0,266.0,1000.023193359375,-4.244100143021987,-2.9525381895330383,-1.9640574313949488,0.68942723339923,-1.301774809484766,4.827180829720684,-0.5186077562774809,1.481168123523828,-0.9340124655418096,-1.0753845974210496
10.0,266.0,1000.0232543945312,-4.244100168284491,-2.952538085058119,-1.964057423319285,0.6894271685065974,-1.301774951686049,4.827180956892866,-0.5186077539271619,1.481168139982335,-0.9340123842994928,-1.075384618593367
10.0,266.0,1000.0232543945312,-4.24410018134946,-2.9525380191246424,-1.9640574282665169,0.6894271190694967,-1.3017750619902309,4.827181037712913,-0.5186077504253621,1.481168134649522,-0.9340123264720068,-1.075384639143974
10.0,266.0,1000.0233154296876,-4.244100427986357,-2.9525370873084515,-1.9640573715213323,0.6894265323031288,-1.3017764407296943,4.8271821689145415,-0.5186077207954352,1.4811682248345797,-0.9340116010798428,-1.0753848762616416
10.0,266.0,1000.0233764648438,-4.244100004310517,-2.9525386994433083,-1.9640574614008248,0.6894275498397899,-1.3017740437970478,4.827180205782359,-0.5186077766890405,1.4811680741948925,-0.9340128685176464,-1.0753844612821315
10.0,266.0,1000.0232543945312,-4.244100282022856,-2.9525376475158067,-1.9640574040967245,0.6894268856988433,-1.3017756052426237,4.827181486829646,-0.5186077382804957,1.4811681721942644,-0.9340120405904876,-1.0753847280938422
10.0,266.0,1000.023193359375,-4.244100153471029,-2.9525381416173,-1.964057437245426,0.6894271889530437,-1.3017748899114103,4.827180889406831,-0.5186077542531748,1.481168118153768,-0.9340124215334892,-1.0753846089141743
10.0,266.0,1000.0232543945312,-4.244100022001872,-2.952538632703099,-1.964057465014548,0.6894275012359019,-1.3017741598456056,4.827180291430045,-0.5186077724922988,1.4811680746160991,-0.9340128053189004,-1.075384486831899
10.0,266.0,1000.023193359375,-4.244100052215219,-2.9525385022042405,-1.9640574547471985,0.6894274139524263,-1.3017743422747103,4.827180446341105,-0.5186077738902979,1.4811680877694364,-0.9340127146784418,-1.0753845079210098
10.0,266.0,1000.0234375,-4.244100203639023,-2.952537957639393,-1.9640574235480504,0.6894270870765551,-1.3017751528128525,4.827181113332781,-0.5186077438913825,1.4811681415590965,-0.9340122717596238,-1.0753846614981928
10.0,266.0,1000.023193359375,-4.2441002226289495,-2.9525378570593053,-1.964057415317496,0.6894270207749464,-1.3017752855881115,4.827181232458464,-0.5186077467401802,1.4811681552795406,-0.9340122038805676,-1.0753846767052204
10.0,266.0,1000.023193359375,-4.244100049249977,-2.952538548067073,-1.964057455751683,0.6894274537108984,-1.3017742799991785,4.827180393866332,-0.518607768260237,1.4811680888523124,-0.9340127405491055,-1.0753845046217791
10.0,266.0,1000.0232543945312,-4.244099965675543,-2.9525388419618555,-1.9640574744426904,0.6894276351645834,-1.3017738444413611,4.827180039424984,-0.5186077805100133,1.4811680592157517,-0.9340129698246988,-1.0753844272251163
10.0,266.0,1000.023193359375,-4.244100135959304,-2.952538206256253,-1.964057430698254,0.6894272459491226,-1.301774762512666,4.827180808015321,-0.5186077604472263,1.4811681335685511,-0.9340124808621724,-1.075384579442221
10.0,266.0,1000.0233154296876,-4.2441001059606105,-2.952538287463125,-1.9640574440577447,0.689427284974224,-1.3017746629422904,4.827180702382805,-0.5186077661413817,1.4811681125941971,-0.9340125473565656,-1.0753845650967984
10.0,266.0,1000.0234375,-4.244100212006963,-2.95253793059411,-1.9640574229963448,0.6894270651747831,-1.3017751993244042,4.827181151324151,-0.5186077409558649,1.481168140962569,-0.934012246383718,-1.0753846666713347
10.0,266.0,1000.023193359375,-4.244100049301762,-2.9525385169225693,-1.964057449211615,0.6894274429981406,-1.3017743066850835,4.827180435043651,-0.5186077675877296,1.481168096547254,-0.9340127196363764,-1.075384506252017
10.0,266.0,1000.0232543945312,-4.244100074521228,-2.952538422592087,-1.9640574547407503,0.6894273728917639,-1.301774472179022,4.827180548722055,-0.5186077594291314,1.4811680885599054,-0.934012635446356,-1.0753845433263436
10.0,267.0,1000.023193359375,-4.244099966596467,-2.952538868564247,-1.9640574731964835,0.6894276542430786,-1.3017738059604738,4.827180011223241,-0.5186077790683399,1.4811680591170706,-0.9340129858826032,-1.075384422554678
10.0,267.0,1000.023193359375,-4.244100180348082,-2.9525380425246306,-1.964057426126833,0.6894271320051288,-1.3017750273088071,4.827181009642201,-0.5186077529767292,1.4811681377036343,-0.9340123479100662,-1.075384624870939
10.0,267.0,1000.0232543945312,-4.244100222542512,-2.9525378733345407,-1.9640574171302,0.6894270228489496,-1.3017752827281317,4.827181212889011,-0.5186077487120748,1.4811681453684074,-0.934012218654062,-1.0753846750567848
10.0,267.0,1000.0232543945312,-4.244100284040568,-2.9525376282468505,-1.9640574038391008,0.689426870584219,-1.3017756396826274,4.827181506697812,-0.5186077412450691,1.481168173432006,-0.934012031003852,-1.0753847296358914
10.0,267.0,1000.0233764648438,-4.244100100657186,-2.952538335322968,-1.9640574492865777,0.689427319666601,-1.3017746031083894,4.827180655629933,-0.5186077577103871,1.481168099896431,-0.9340125621869966,-1.0753845692843875
10.0,267.0,1000.0234375,-4.244099888763502,-2.9525391018075444,-1.964057491728384,0.6894277894492848,-1.3017734599293873,4.827179723065704,-0.5186077935380808,1.481168022267985,-0.9340131755466166,-1.0753843635033675
10.0,267.0,1000.023193359375,-4.24409995020156,-2.952538895958429,-1.9640574806124047,0.6894276658425822,-1.30177376991473,4.827179972347548,-0.5186077790850243,1.4811680448747877,-0.9340130105293484,-1.0753844172945728
10.0,267.0,1000.0234375,-4.244100205344811,-2.9525379283622293,-1.9640574226789715,0.6894270559919571,-1.301775194945617,4.827181143302301,-0.5186077511033087,1.4811681416486715,-0.9340122632662142,-1.0753846570745935
10.0,267.0,1000.0232543945312,-4.244099965611725,-2.9525388470984315,-1.96405748079966,0.6894276347240504,-1.3017738553716385,4.827180031849011,-0.5186077755718479,1.4811680470814794,-0.9340129650872148,-1.0753844368554049
10.0,267.0,1000.023193359375,-4.244100068632061,-2.9525384736093883,-1.964057446942037,0.6894274066075292,-1.3017743765456729,4.827180487388143,-0.5186077706693508,1.481168103515622,-0.9340126876831132,-1.0753845104002997
10.0,267.0,1000.0232543945312,-4.244099973728535,-2.952538813962673,-1.9640574713761727,0.6894276182344958,-1.3017738829544694,4.827180070675448,-0.5186077817513404,1.481168060627013,-0.9340129503904596,-1.0753844380789692
10.0,267.0,1000.0234375,-4.244100332917439,-2.95253747288668,-1.964057390053893,0.6894267791615842,-1.3017758653290756,4.827181699583692,-0.5186077317973359,1.4811681949106497,-0.9340119061052964,-1.0753847709238986
10.0,267.0,1000.0234375,-4.244100212794035,-2.9525379176255067,-1.9640574296916573,0.6894270495536112,-1.3017752289686553,4.8271811584092585,-0.5186077423336162,1.4811681348961327,-0.9340122390060815,-1.0753846729290617
10.0,267.0,1000.0234375,-4.244100203719923,-2.9525379527024507,-1.9640574169211429,0.6894270779394409,-1.301775158455913,4.827181112176955,-0.518607753097359,1.4811681469032631,-0.93401228868293,-1.0753846502967326
10.0,267.0,1000.023193359375,-4.244100073562989,-2.952538462642254,-1.9640574515554765,0.6894273902520602,-1.301774414839282,4.827180499069904,-0.5186077686034603,1.4811680929478506,-0.9340126760883676,-1.0753845224498972
10.0,267.0,1000.0232543945312,-4.244099966353392,-2.952538834835205,-1.96405747148346,0.6894276324367388,-1.301773851797102,4.8271800466516055,-0.5186077792304298,1.4811680572436137,-0.9340129666999708,-1.0753844309909295
10.0,267.0,1000.0232543945312,-4.244100353560096,-2.9525373895817504,-1.9640573848886176,0.6894267322363419,-1.301775978538707,4.827181800518783,-0.518607730323172,1.4811682092459115,-0.9340118390839276,-1.075384793727316
10.0,267.0,1000.023193359375,-4.244100223690038,-2.952537838264391,-1.9640574189626456,0.68942699970306,-1.301775331209333,4.827181249673584,-0.5186077509311176,1.481168148126077,-0.9340121957437316,-1.0753846809608896
10.0,267.0,1000.0232543945312,-4.244099930109689,-2.95253898376954,-1.964057487744224,0.68942771768433,-1.301773645168213,4.827179868700911,-0.5186077826269466,1.4811680362063209,-0.9340130736844774,-1.0753843946038923
10.0,267.0,1000.0232543945312,-4.244100032691428,-2.9525385844355205,-1.9640574579179475,0.6894274672642329,-1.301774226496739,4.827180351368643,-0.5186077755910325,1.481168080517179,-0.9340127731764838,-1.0753844926669185
10.0,267.0,1000.023193359375,-4.244100147480091,-2.9525381649429185,-1.9640574290692707,0.6894272151658072,-1.3017748299214036,4.827180858362516,-0.518607758721668,1.4811681327344868,-0.9340124502103456,-1.0753845908731865
10.0,267.0,1000.0232543945312,-4.244100136991814,-2.952538200759101,-1.9640574466043503,0.6894272254003395,-1.3017747994157554,4.827180811258131,-0.5186077541118053,1.4811681105613197,-0.93401246524998,-1.0753845942820428
10.0,267.0,1000.0231323242188,-4.244100080901011,-2.9525384140779907,-1.9640574508933195,0.6894273673916125,-1.301774483899336,4.827180559273188,-0.5186077622643444,1.481168095279605,-0.9340126313314824,-1.0753845428445992
10.0,267.0,1000.0232543945312,-4.244100168881405,-2.952538085945876,-1.964057425426533,0.6894271642015806,-1.301774951068908,4.827180953673709,-0.5186077563533065,1.4811681379532402,-0.9340123884457964,-1.0753846121836297
10.0,267.0,1000.023193359375,-4.244100142497123,-2.952538183101215,-1.9640574365651544,0.689427217932769,-1.3017748260092814,4.827180837026956,-0.5186077585969766,1.4811681205476734,-0.9340124552849876,-1.075384596210602
10.0,267.0,1000.0232543945312,-4.244100103303154,-2.952538345767066,-1.964057444904426,0.6894273230999417,-1.3017745798785263,4.827180639656902,-0.5186077613100961,1.481168109436311,-0.93401258069753,-1.0753845510768263
10.0,267.0,1000.0233764648438,-4.244100092821138,-2.9525383662115834,-1.964057442825479,0.6894273423091128,-1.3017745418274984,4.8271806142876645,-0.5186077636315538,1.4811681080826826,-0.934012603593998,-1.0753845477483677
10.0,267.0,1000.0233764648438,-4.244099986382662,-2.952538741331413,-1.9640574653087128,0.6894275790474067,-1.3017739714292134,4.827180152701118,-0.5186077815205641,1.4811680731773205,-0.9340129019395728,-1.075384447567307
10.0,267.0,1000.0232543945312,-4.244100028362628,-2.952538604451667,-1.9640574661011327,0.6894274813113599,-1.3017742135325676,4.827180324952142,-0.518607768577569,1.481168070736195,-0.9340127795876852,-1.075384498635759
10.0,267.0,1000.023193359375,-4.2441000458032825,-2.952538559838733,-1.96405746603598,0.6894274547170989,-1.3017742797943477,4.827180382607748,-0.5186077641832032,1.4811680765900643,-0.9340127350442078,-1.0753845116104532
10.0,267.0,1000.0232543945312,-4.24409981852422,-2.9525393796761352,-1.96405750612138,0.6894279776485543,-1.301773052225106,4.82717938628981,-0.5186077987946964,1.481168000540329,-0.9340133888777205,-1.0753842996811889
10.0,267.0,1000.0232543945312,-4.244099974832208,-2.952538811274216,-1.9640574839512737,0.6894276057801214,-1.3017739126446806,4.827180077234832,-0.518607774588058,1.481168044443888,-0.9340129310542816,-1.0753844473637453
10.0,267.0,1000.023193359375,-4.244099960271245,-2.9525388601857343,-1.964057477934198,0.6894276464616054,-1.301773817631695,4.8271800159783,-0.5186077802967111,1.4811680539679664,-0.9340129806601264,-1.07538442536872
10.0,267.0,1000.023193359375,-4.244100064112798,-2.9525384776513537,-1.9640574584780657,0.6894274051947207,-1.3017743979866974,4.827180478611968,-0.5186077622518583,1.4811680833749197,-0.9340126807884604,-1.0753845281165555
10.0,267.0,1000.0234375,-4.244099901870638,-2.952539092619805,-1.964057491792912,0.6894277824897435,-1.301773488076326,4.82717973260425,-0.518607788851396,1.4811680248832122,-0.9340131673012656,-1.0753843655194757
10.0,267.0,1000.023193359375,-4.244100151305542,-2.9525381738578043,-1.9640574325949305,0.689427212243249,-1.3017748359214076,4.827180855803452,-0.5186077538755036,1.481168123229729,-0.9340124416438512,-1.0753845962318964
10.0,267.0,1000.023193359375,-4.244100099539273,-2.952538372341717,-1.964057446046385,0.6894273392718295,-1.301774540971229,4.8271806055398425,-0.5186077638717936,1.4811681087432422,-0.9340126066696168,-1.0753845439693706
10.0,267.0,1000.023193359375,-4.244100049947355,-2.9525385068214995,-1.964057460827842,0.6894274172913848,-1.3017743480530508,4.827180445228681,-0.5186077674923624,1.481168078436604,-0.9340127040611694,-1.0753845184122497
10.0,267.0,1000.023193359375,-4.24409995822165,-2.952538855116184,-1.9640574702576887,0.6894276483355526,-1.301773807634233,4.82718001852218,-0.5186077839615759,1.481168062246617,-0.9340129907502028,-1.0753844187971255
10.0,267.0,1000.0232543945312,-4.244099848729872,-2.9525392807865947,-1.9640574949783025,0.6894279108687051,-1.30177318703518,4.827179507441219,-0.5186077997006686,1.4811680203368294,-0.9340133194131548,-1.0753843111864607
10.0,267.0,1000.023193359375,-4.2441001203428055,-2.952538222866912,-1.96405743634232,0.6894272491751678,-1.3017747412585274,4.827180783947471,-0.5186077645952505,1.4811681206707803,-0.9340124964153064,-1.075384580299135
10.0,267.0,1000.0232543945312,-4.244099976154322,-2.9525388164437616,-1.964057467309435,0.689427628010602,-1.301773865265849,4.827180073508631,-0.5186077769809341,1.481168068422792,-0.9340129499187492,-1.07538442909902
10.0,267.0,1000.0233764648438,-4.244099992586667,-2.9525387222200044,-1.964057466266656,0.6894275650466843,-1.3017740109220273,4.827180182318809,-0.5186077773105859,1.4811680692529272,-0.9340128785728848,-1.0753844626718694
10.0,267.0,1000.0232543945312,-4.244100259570617,-2.952537765612848,-1.964057403732132,0.6894269681886769,-1.3017754176974083,4.827181348108695,-0.5186077420120183,1.4811681754297863,-0.9340121316933488,-1.075384693134659
10.0,267.0,1000.0232543945312,-4.244100098840463,-2.952538343957785,-1.9640574405275475,0.6894273241445967,-1.301774571357953,4.827180641622354,-0.518607768830889,1.481168113683804,-0.9340125887231734,-1.0753845467558358
10.0,267.0,1000.0232543945312,-4.2440999448628975,-2.9525389377054605,-1.9640574795657213,0.6894277003779834,-1.3017737078161558,4.82717992390098,-0.5186077780892591,1.4811680456903318,-0.9340130411136434,-1.0753844094855287
10.0,267.0,1000.023193359375,-4.244100155362844,-2.952538136920394,-1.9640574285700585,0.6894271993049124,-1.301774867005812,4.827180893066776,-0.5186077561996836,1.481168137769168,-0.934012426606932,-1.075384595039263
10.0,267.0,1000.0233764648438,-4.244100101139432,-2.9525383314319145,-1.964057450183524,0.689427307268236,-1.3017746180637977,4.827180653309918,-0.5186077608775239,1.481168097207214,-0.9340125704909816,-1.0753845640187505
10.0,267.0,1000.023193359375,-4.244099948500002,-2.9525389051170974,-1.964057488796256,0.6894276626369278,-1.3017737757632104,4.827179962890444,-0.5186077771252586,1.4811680326012535,-0.9340130068894376,-1.075384423858515
10.0,267.0,1000.023193359375,-4.244100065651567,-2.95253846065276,-1.9640574538210065,0.6894273981529082,-1.301774405196059,4.8271804972855215,-0.5186077658176922,1.481168092367171,-0.9340126738803473,-1.075384524564334
10.0,268.0,1000.023193359375,-4.244100044094343,-2.952538554985105,-1.964057458866692,0.6894274564478744,-1.3017742706601272,4.82718038899718,-0.5186077652809313,1.4811680833564562,-0.9340127378291888,-1.0753845051172806
10.0,268.0,1000.0232543945312,-4.24409987597367,-2.952539195829232,-1.9640574914358195,0.6894278600888999,-1.3017733167093777,4.827179613408392,-0.5186077918825767,1.4811680277131298,-0.934013244235441,-1.075384335626758
10.0,268.0,1000.023193359375,-4.244100078746626,-2.95253845252479,-1.9640574499255,0.6894273882426161,-1.3017744274610683,4.827180513093621,-0.518607767109688,1.481168099581314,-0.9340126655432116,-1.0753845248469447
10.0,268.0,1000.0231323242188,-4.244100073971934,-2.9525384153036724,-1.9640574543548264,0.6894273651425342,-1.301774480426933,4.827180554418357,-0.5186077638414082,1.481168091481683,-0.9340126338185452,-1.07538454234673
10.0,268.0,1000.023193359375,-4.24410006040703,-2.9525384760738684,-1.96405745967548,0.6894274032780938,-1.3017743865788258,4.82718048095923,-0.5186077662170021,1.4811680883362888,-0.9340126794933994,-1.0753845238985744
10.0,268.0,1000.0231323242188,-4.244100068800845,-2.9525384754437125,-1.9640574575073284,0.6894274056898473,-1.3017743948311784,4.827180479145991,-0.5186077610984361,1.4811680855413538,-0.934012676973059,-1.0753845290867785
10.0,268.0,1000.0232543945312,-4.244100019688956,-2.95253863386689,-1.9640574581065144,0.6894275049048817,-1.3017741465122512,4.827180293135797,-0.51860777732188,1.4811680814647312,-0.9340128131930818,-1.0753844765080056
10.0,268.0,1000.023193359375,-4.244100214443655,-2.952537876617402,-1.964057416662509,0.6894270303589494,-1.3017752567983902,4.827181204422516,-0.5186077515375889,1.4811681538221944,-0.9340122262484404,-1.075384667395923
10.0,268.0,1000.0232543945312,-4.24410011567208,-2.952538289916172,-1.964057442218184,0.6894272875908047,-1.301774661255263,4.827180709767132,-0.5186077601989894,1.481168110889044,-0.934012537162742,-1.0753845688706676
10.0,268.0,1000.0233764648438,-4.244100106223931,-2.9525383331600303,-1.9640574465607743,0.6894273133669335,-1.3017746079117702,4.8271806561194825,-0.518607760407102,1.4811681038479136,-0.9340125704985952,-1.0753845595097529
10.0,268.0,1000.023193359375,-4.244100065200152,-2.9525384870841607,-1.9640574538527769,0.6894274152325597,-1.301774380592802,4.827180475100903,-0.5186077629198484,1.4811680894379151,-0.9340126825029388,-1.075384527025049
10.0,268.0,1000.0232543945312,-4.244100060562459,-2.9525384761741265,-1.964057455422601,0.6894274045166036,-1.3017743833860762,4.827180475996265,-0.5186077677586027,1.481168091553572,-0.9340126884162264,-1.0753845198630303
10.0,268.0,1000.023193359375,-4.244100147673039,-2.9525381523226213,-1.9640574376699216,0.6894272040524481,-1.301774871754558,4.827180872039312,-0.5186077543262169,1.4811681169293722,-0.9340124288701857,-1.0753846135431164
10.0,268.0,1000.0232543945312,-4.24410011055656,-2.95253825894987,-1.9640574426866275,0.6894272684768223,-1.3017746993012786,4.827180742979415,-0.5186077632738089,1.4811681136922017,-0.9340125199180536,-1.0753845717501176
10.0,268.0,1000.023193359375,-4.244100077006333,-2.9525384414820333,-1.9640574494350047,0.6894273841553256,-1.3017744337020778,4.827180527653891,-0.518607764103229,1.4811680982294622,-0.9340126554607552,-1.075384524479754
10.0,268.0,1000.0233764648438,-4.244100100814684,-2.952538335183552,-1.9640574457466256,0.689427322368287,-1.301774592718398,4.827180655091288,-0.5186077587266897,1.4811681052047725,-0.9340125702715154,-1.0753845606529966
10.0,268.0,1000.023193359375,-4.244100155917273,-2.9525381479726303,-1.9640574314854,0.689427197530506,-1.3017748669537097,4.827180880742644,-0.5186077569608747,1.4811681294317385,-0.9340124297643086,-1.075384597685018
10.0,268.0,1000.0232543945312,-4.244100232840969,-2.952537854760543,-1.9640574102020936,0.689427023907947,-1.301775284494226,4.827181233680074,-0.5186077453972855,1.4811681648350996,-0.9340122068594328,-1.075384670602952
10.0,268.0,1000.023193359375,-4.244100134416622,-2.952538189376007,-1.9640574332913072,0.689427225290423,-1.3017748050755462,4.827180825542561,-0.5186077609649766,1.4811681194701158,-0.9340124702617628,-1.075384590002186
10.0,268.0,1000.023193359375,-4.244099956115368,-2.952538914591006,-1.964057474836412,0.6894276881861341,-1.3017737311885518,4.827179952958534,-0.5186077765242025,1.4811680580470918,-0.9340130221331924,-1.0753844094578318
10.0,268.0,1000.0232543945312,-4.24409992046337,-2.9525390000710487,-1.9640574868014875,0.689427728780525,-1.3017736154475297,4.827179842699348,-0.5186077857701301,1.4811680343213318,-0.934013095397714,-1.075384390759809
10.0,268.0,1000.023193359375,-4.244099938663956,-2.95253892917504,-1.964057480847501,0.6894276916987252,-1.3017737160630791,4.827179931987724,-0.5186077816277903,1.4811680457095289,-0.9340130369505496,-1.0753844094511935
10.0,268.0,1000.023193359375,-4.244100029331287,-2.952538622513716,-1.9640574602860543,0.6894274951586628,-1.3017741736082646,4.827180306442841,-0.5186077715799868,1.481168079671792,-0.9340127994550436,-1.075384480761486
10.0,268.0,1000.0234375,-4.244099994919528,-2.952538751271651,-1.9640574660926744,0.689427580095141,-1.3017739618610769,4.827180147581165,-0.5186077765140249,1.4811680729002177,-0.934012903207904,-1.07538444217345
10.0,268.0,1000.0232543945312,-4.244100034370911,-2.952538588746308,-1.964057459291038,0.6894274816079315,-1.3017742080747094,4.827180347597745,-0.518607768639483,1.481168083303742,-0.9340127699125188,-1.0753844928572578
10.0,268.0,1000.023193359375,-4.244099954878672,-2.9525388788612346,-1.964057479029902,0.6894276587478378,-1.3017737935462543,4.827179993941119,-0.5186077792907726,1.4811680466265562,-0.9340129932584152,-1.0753844290710903
10.0,268.0,1000.0231323242188,-4.244100087823682,-2.952538405412793,-1.9640574485541464,0.6894273615459898,-1.3017744967986251,4.827180572987897,-0.5186077620414267,1.4811681000177863,-0.9340126217486756,-1.0753845440616558
10.0,268.0,1000.0231323242188,-4.244100080745456,-2.95253841097871,-1.9640574507895407,0.6894273661686912,-1.301774483900119,4.827180563504397,-0.5186077650440559,1.481168102443493,-0.9340126285831368,-1.0753845386406882
10.0,268.0,1000.023193359375,-4.244100155605139,-2.952538119139436,-1.964057424799036,0.6894271907070468,-1.301774893591122,4.827180913274091,-0.5186077594204921,1.4811681385446036,-0.9340124162784084,-1.0753846035654342
10.0,268.0,1000.0233764648438,-4.244099915087472,-2.952539031534338,-1.96405748301238,0.6894277554480475,-1.301773549759786,4.827179807556801,-0.5186077873825354,1.4811680432098058,-0.934013121925056,-1.0753843717156109
10.0,268.0,1000.023193359375,-4.244100124878174,-2.9525382233758224,-1.964057435185878,0.6894272468457778,-1.3017747464177836,4.827180785205375,-0.5186077637785287,1.4811681212189065,-0.9340124991241714,-1.0753845760027647
10.0,268.0,1000.0233764648438,-4.244100003113552,-2.9525387069904108,-1.964057469807876,0.6894275445043476,-1.3017740460357743,4.827180202526085,-0.5186077741624011,1.4811680696050464,-0.9340128610445227,-1.0753844613210966
10.0,268.0,1000.0233764648438,-4.244099992925089,-2.952538739440036,-1.9640574701040192,0.6894275680743718,-1.3017740085320813,4.82718016251062,-0.518607775045437,1.481168060651922,-0.9340128889141752,-1.0753844600366995
10.0,268.0,1000.023193359375,-4.244100130099301,-2.952538176216059,-1.9640574410222933,0.6894272130847581,-1.301774833144134,4.8271808433531245,-0.5186077566421652,1.481168110975072,-0.9340124499366524,-1.0753846011124697
10.0,268.0,1000.023193359375,-4.244099937252071,-2.9525389199656225,-1.964057486228155,0.6894276733206706,-1.301773737671744,4.827179943116066,-0.5186077820668169,1.481168036293461,-0.9340130281839184,-1.0753844111074984
10.0,268.0,1000.0232543945312,-4.244099955748747,-2.95253886601966,-1.9640574792163927,0.6894276435206494,-1.301773816605003,4.827180010480504,-0.5186077825639925,1.4811680485154568,-0.9340129872905568,-1.0753844249989424
10.0,268.0,1000.023193359375,-4.244100176916239,-2.9525380421609544,-1.9640574229549568,0.6894271453144682,-1.3017750090136424,4.82718100722302,-0.518607752175412,1.4811681399434384,-0.9340123506760848,-1.0753846299613028
10.0,268.0,1000.0232543945312,-4.244099973491915,-2.952538793261585,-1.9640574751546789,0.6894276003074555,-1.301773929085512,4.827180095900319,-0.5186077769774302,1.4811680501988445,-0.9340129304771594,-1.0753844475547498
10.0,268.0,1000.023193359375,-4.244100069919682,-2.95253843746251,-1.964057449194296,0.6894273861460878,-1.301774437676928,4.827180530145087,-0.5186077654730585,1.4811680958471305,-0.9340126557543832,-1.075384532078631
10.0,268.0,1000.0232543945312,-4.244100106950096,-2.952538291615081,-1.964057440995029,0.689427296644106,-1.3017746430108297,4.827180699937827,-0.5186077614241373,1.481168113892882,-0.93401254855422,-1.07538456296552
10.0,268.0,1000.0232543945312,-4.244100027036598,-2.952538607822394,-1.9640574611867847,0.6894274851749218,-1.3017741880493854,4.827180320240043,-0.5186077725593501,1.4811680783648828,-0.9340127883233,-1.0753844858177637
10.0,268.0,1000.023193359375,-4.244099943529987,-2.952538919454524,-1.9640574874971304,0.6894276723943502,-1.3017737451255895,4.8271799474936845,-0.5186077809078338,1.4811680357025931,-0.9340130196151266,-1.0753844192363449
10.0,268.0,1000.0233154296876,-4.244100001500294,-2.9525386965534737,-1.9640574660798016,0.6894275433682413,-1.3017740561816726,4.827180216476229,-0.5186077768964124,1.4811680721202,-0.9340128572308686,-1.0753844654307585
10.0,268.0,1000.0232543945312,-4.244099933661877,-2.9525389873590213,-1.964057484846492,0.6894277292693012,-1.3017736292939146,4.827179865636412,-0.5186077817776376,1.4811680454936846,-0.9340130722871676,-1.075384396887049
10.0,268.0,1000.0232543945312,-4.244100042261677,-2.952538595358232,-1.964057456365744,0.6894274803116716,-1.3017742101282388,4.827180344273716,-0.5186077712127215,1.4811680886169487,-0.934012773111128,-1.0753844882852288
10.0,268.0,1000.0233764648438,-4.244100002599077,-2.9525386989736515,-1.9640574658796832,0.6894275433144967,-1.3017740511239475,4.827180208780192,-0.518607776959402,1.4811680686003663,-0.9340128636153509,-1.075384462024119
10.0,268.0,1000.023193359375,-4.244100167500196,-2.9525380708165114,-1.9640574280398204,0.6894271569005355,-1.3017749843061477,4.827180971597988,-0.5186077540176353,1.4811681315949086,-0.9340123713409892,-1.0753846283693118
10.0,268.0,1000.0232543945312,-4.244099943554022,-2.9525389399620137,-1.964057480752575,0.6894277001239457,-1.3017737049148987,4.827179922569801,-0.5186077802082023,1.4811680465423738,-0.934013040547086,-1.075384410339617
10.0,268.0,1000.023193359375,-4.244100056595332,-2.952538479660132,-1.964057447351404,0.6894274106608478,-1.3017743673723778,4.8271804776745295,-0.5186077699539906,1.481168094554025,-0.9340126958088996,-1.075384514861661
10.0,268.0,1000.023193359375,-4.244100246280094,-2.9525378100387,-1.964057407190332,0.6894269941368458,-1.301775358281549,4.827181290134263,-0.5186077442809562,1.4811681690974323,-0.9340121707000196,-1.0753846817085688
10.0,269.0,1000.0233764648438,-4.244100000149678,-2.9525387257239726,-1.9640574701653293,0.6894275630829885,-1.301774024082892,4.827180179987419,-0.5186077703559624,1.481168061533381,-0.934012874937717,-1.0753844663268386
10.0,269.0,1000.023193359375,-4.244100172719,-2.952538089306316,-1.9640574283396623,0.6894271631228879,-1.301774965778883,4.827180958390272,-0.5186077512206344,1.4811681320491044,-0.9340123771321488,-1.0753846198141757
10.0,269.0,1000.023193359375,-4.2441000190974245,-2.952538610536286,-1.96405746484974,0.6894274846267674,-1.3017741908114782,4.827180318272884,-0.5186077727355052,1.481168071757697,-0.9340127857990836,-1.0753844926772298
10.0,269.0,1000.0232543945312,-4.244100117324899,-2.9525382948762413,-1.9640574433276008,0.6894272937830959,-1.3017746607129164,4.827180705537529,-0.5186077566928162,1.4811681095647249,-0.9340125336042028,-1.075384576063152
10.0,269.0,1000.023193359375,-4.244100157461549,-2.95253812143958,-1.9640574261761663,0.6894271908890772,-1.3017749007161266,4.827180911141166,-0.5186077554798096,1.48116813270041,-0.9340124142674302,-1.0753846088251606
10.0,269.0,1000.0232543945312,-4.24409994503106,-2.95253896078236,-1.9640574820430623,0.6894277099312438,-1.3017736742542674,4.827179894993561,-0.5186077805773177,1.4811680467436537,-0.9340130579938996,-1.0753844005865885
10.0,269.0,1000.023193359375,-4.244100169470639,-2.9525380778591828,-1.9640574267399729,0.6894271583847056,-1.3017749696680436,4.827180970132638,-0.5186077540557479,1.4811681370851346,-0.9340123725672368,-1.0753846189675444
10.0,269.0,1000.023193359375,-4.244100184292694,-2.9525380397845096,-1.9640574274314224,0.6894271352505879,-1.3017750372963102,4.82718101410334,-0.518607747401286,1.4811681333310798,-0.9340123363362852,-1.0753846385822987
10.0,269.0,1000.0233764648438,-4.244100105411817,-2.952538338474251,-1.964057449395592,0.6894273128728523,-1.3017746092371718,4.8271806541372655,-0.5186077577220267,1.481168096741098,-0.9340125654927052,-1.0753845640227224
10.0,269.0,1000.0232543945312,-4.244100069090443,-2.9525384230906,-1.964057457701549,0.6894273653621106,-1.3017744809705825,4.827180545983836,-0.5186077608244872,1.48116807799442,-0.9340126354150052,-1.0753845475453785
10.0,269.0,1000.0233154296876,-4.244100297868668,-2.9525375799779754,-1.964057394277201,0.6894268507416719,-1.3017756929558175,4.827181567892044,-0.518607738604115,1.4811681887482608,-0.9340119939262568,-1.075384740705957
10.0,269.0,1000.0233764648438,-4.24409999436696,-2.952538738927231,-1.9640574721014337,0.6894275658629567,-1.3017740074360833,4.827180167435683,-0.5186077734660071,1.481168060370953,-0.9340128791053628,-1.0753844617370851
10.0,269.0,1000.023193359375,-4.2441001233486775,-2.9525382121294785,-1.9640574412598872,0.6894272399201737,-1.3017747692062165,4.827180799424681,-0.5186077577249817,1.4811681141920283,-0.9340124778881648,-1.0753845886944582
10.0,269.0,1000.023193359375,-4.244100058767853,-2.9525384742848697,-1.9640574497812064,0.6894274102040701,-1.301774375813353,4.827180483160806,-0.5186077684111536,1.4811680952592283,-0.9340126894624214,-1.0753845195147012
10.0,269.0,1000.0233154296876,-4.244100002549109,-2.95253867831283,-1.9640574715647665,0.6894275279322795,-1.3017740941318836,4.827180234067118,-0.5186077719721469,1.4811680607896136,-0.9340128387859998,-1.0753844754635504
10.0,269.0,1000.0233154296876,-4.244100014448328,-2.9525386752161524,-1.964057459298477,0.6894275327222212,-1.301774073835607,4.827180239083679,-0.5186077777040774,1.481168085145132,-0.934012849485116,-1.0753844572705966
10.0,269.0,1000.023193359375,-4.244100056108367,-2.9525384844518947,-1.9640574506325392,0.689427412768497,-1.3017743639934656,4.827180472248788,-0.5186077699187193,1.4811680949157768,-0.9340126960577608,-1.0753845140658784
10.0,269.0,1000.0232543945312,-4.244100096953106,-2.952538344490458,-1.9640574408093363,0.6894273272184437,-1.3017745665863578,4.827180641317707,-0.5186077650477614,1.481168110965278,-0.9340125890267004,-1.0753845470264078
10.0,269.0,1000.0233764648438,-4.24409992456617,-2.952539018761717,-1.964057483717891,0.689427749716387,-1.3017735827146404,4.827179828125455,-0.5186077846447361,1.4811680451935958,-0.9340131016624378,-1.075384385660498
10.0,269.0,1000.023193359375,-4.244100159653316,-2.9525381210427115,-1.964057433265991,0.6894271830771164,-1.301774917013128,4.827180911609251,-0.5186077547039094,1.4811681263230412,-0.9340124058645768,-1.0753846150788196
10.0,269.0,1000.0232543945312,-4.244099924236872,-2.952539012486437,-1.964057489060372,0.6894277417125236,-1.301773606908434,4.827179834393689,-0.5186077790180672,1.4811680330457868,-0.9340130904163448,-1.0753843977061273
10.0,269.0,1000.0232543945312,-4.244100093043434,-2.9525383531354694,-1.96405744447518,0.6894273331788527,-1.3017745585693867,4.827180627996555,-0.5186077626180348,1.4811681070813885,-0.934012591477269,-1.0753845536502735
10.0,269.0,1000.0233764648438,-4.244100097848199,-2.9525383629244004,-1.9640574431587328,0.68942733697072,-1.3017745510909409,4.82718061952059,-0.5186077623815963,1.4811681043178062,-0.9340125958369692,-1.0753845524480896
10.0,269.0,1000.023193359375,-4.244100184044476,-2.952538025173346,-1.9640574288491983,0.6894271244067296,-1.301775058668544,4.827181031392128,-0.5186077471804653,1.481168131944255,-0.9340123233318288,-1.075384642766524
10.0,269.0,1000.0231323242188,-4.244100088289333,-2.952538377408372,-1.964057446592492,0.6894273475451183,-1.3017745305116133,4.827180601134897,-0.5186077623472132,1.4811681024698604,-0.934012605301831,-1.0753845516924936
10.0,269.0,1000.0233154296876,-4.244100013581049,-2.9525386820240844,-1.9640574654311849,0.6894275311672624,-1.3017740855633717,4.827180233883057,-0.5186077733205483,1.4811680713555369,-0.9340128430240576,-1.0753844700464263
10.0,269.0,1000.023193359375,-4.244100048026365,-2.9525385128746744,-1.9640574515979763,0.689427431870854,-1.3017743320537751,4.827180440079088,-0.5186077699923803,1.4811680883265632,-0.934012714759259,-1.0753845151949637
10.0,269.0,1000.023193359375,-4.244100090838884,-2.9525383763439024,-1.9640574457226168,0.6894273444039625,-1.301774522625338,4.827180602978775,-0.5186077639604028,1.481168107654919,-0.934012609908044,-1.0753845382077531
10.0,269.0,1000.0233764648438,-4.24409999311388,-2.9525387160194363,-1.9640574721869688,0.689427560299448,-1.3017740266429652,4.82718018729005,-0.5186077699280984,1.4811680603167652,-0.9340128663952676,-1.0753844693541217
10.0,269.0,1000.0233764648438,-4.244100096900848,-2.952538333777516,-1.9640574495410728,0.6894273163066096,-1.301774595123795,4.8271806536105295,-0.5186077592387521,1.4811680992732734,-0.9340125685247987,-1.0753845629740333
10.0,269.0,1000.0231323242188,-4.244100085012027,-2.952538387931552,-1.96405745026566,0.6894273490995593,-1.3017745147011524,4.827180587380411,-0.5186077633275383,1.481168098606056,-0.93401261590685,-1.075384543382038
10.0,269.0,1000.0233764648438,-4.244099915876361,-2.952539020387862,-1.9640574852579933,0.6894277522412482,-1.3017735709700116,4.827179817899708,-0.5186077850718354,1.4811680389695647,-0.9340131092208264,-1.0753843857421104
10.0,269.0,1000.023193359375,-4.244100128230867,-2.9525382075516173,-1.9640574390534788,0.6894272370032803,-1.301774774153253,4.827180806059085,-0.5186077606731789,1.4811681200981184,-0.9340124808049062,-1.0753845818193095
10.0,269.0,1000.023193359375,-4.244100051030569,-2.9525384958597654,-1.964057448878461,0.6894274297792178,-1.3017743331731415,4.827180453692204,-0.5186077701838929,1.4811680989972391,-0.934012708451311,-1.0753845113325724
10.0,269.0,1000.0232543945312,-4.244100005928574,-2.9525386623592347,-1.9640574674148068,0.689427519880967,-1.3017741100575364,4.827180256466145,-0.5186077747054076,1.4811680680962134,-0.9340128260891634,-1.0753844794374867
10.0,269.0,1000.023193359375,-4.244100078701653,-2.952538446932349,-1.9640574457627344,0.6894273960413155,-1.3017744158466886,4.827180515162047,-0.518607765484191,1.4811681097480314,-0.9340126672246054,-1.075384519392346
10.0,269.0,1000.0232543945312,-4.244100023481355,-2.95253859343146,-1.964057466035345,0.689427477925177,-1.3017742282429952,4.827180343550202,-0.5186077674674596,1.481168065521782,-0.934012766429948,-1.0753845064264258
10.0,269.0,1000.0232543945312,-4.244099967851428,-2.9525387924174926,-1.9640574800292283,0.6894276004178881,-1.301773926066812,4.827180096931086,-0.5186077766901986,1.4811680485426448,-0.9340129247922988,-1.0753844531619905
10.0,269.0,1000.0233154296876,-4.244100097776105,-2.952538356580209,-1.9640574356521696,0.6894273415141194,-1.3017745336075277,4.82718062681991,-0.5186077685446886,1.4811681260349463,-0.9340126037550478,-1.0753845360168466
10.0,269.0,1000.023193359375,-4.244100230294381,-2.95253783894006,-1.964057420662196,0.6894270048020203,-1.301775334361626,4.82718125368719,-0.5186077431007998,1.4811681484028858,-0.9340121823330616,-1.075384690305575
10.0,269.0,1000.0234375,-4.2440998927622005,-2.952539140586004,-1.9640574909715376,0.6894278234013349,-1.3017734004694477,4.827179684216427,-0.5186077859891389,1.4811680313746862,-0.9340131917315252,-1.0753843526563536
10.0,269.0,1000.023193359375,-4.24410005325797,-2.952538508519141,-1.9640574597555944,0.6894274240771301,-1.3017743458388238,4.827180447826448,-0.5186077619950549,1.481168079623325,-0.934012696486489,-1.0753845242940412
10.0,269.0,1000.023193359375,-4.244100068269566,-2.952538441612302,-1.96405745342593,0.6894273831158815,-1.301774437370935,4.827180522585577,-0.5186077655765189,1.4811680910880778,-0.9340126568004328,-1.0753845329179876
10.0,269.0,1000.023193359375,-4.2440999497813285,-2.952538916161384,-1.964057474706327,0.6894276809856059,-1.3017737291769271,4.827179953209056,-0.5186077831747458,1.4811680527541924,-0.9340130287051442,-1.075384405504832
10.0,269.0,1000.0232543945312,-4.244100031297579,-2.9525385823242294,-1.9640574642683903,0.689427474014547,-1.301774235183336,4.827180353936235,-0.5186077680017336,1.4811680764639403,-0.9340127589457464,-1.0753845048902335
10.0,269.0,1000.0232543945312,-4.244100111448393,-2.952538328171335,-1.9640574378915607,0.6894273151478671,-1.3017745973587114,4.827180661653172,-0.5186077622383873,1.4811681134555013,-0.9340125749093372,-1.0753845521868532
10.0,269.0,1000.0232543945312,-4.244100110210097,-2.9525382619940856,-1.9640574388405776,0.6894272709019393,-1.3017746944656676,4.827180738460765,-0.5186077641524971,1.4811681130923784,-0.9340125259649597,-1.075384571839348
10.0,269.0,1000.0234375,-4.244099915188033,-2.9525390607901016,-1.964057478071059,0.6894277827834774,-1.301773505719222,4.827179778829963,-0.5186077870219519,1.4811680514428227,-0.934013140452719,-1.0753843670061398
10.0,269.0,1000.023193359375,-4.244100072744848,-2.952538434054908,-1.964057449065708,0.6894273857471944,-1.3017744393059063,4.827180531112953,-0.5186077638802686,1.4811680994935914,-0.934012651913222,-1.0753845325755522
10.0,269.0,1000.023193359375,-4.244100064682958,-2.952538479671614,-1.964057451617505,0.6894274109739555,-1.3017743806815467,4.827180478361031,-0.5186077650702252,1.4811680929749755,-0.9340126872300862,-1.0753845204645307
10.0,270.0,1000.0233764648438,-4.244099926033671,-2.952539014821081,-1.9640574811935296,0.6894277470100967,-1.30177359272118,4.827179835242562,-0.5186077846257131,1.481168042795348,-0.9340130988235024,-1.075384389973598
10.0,270.0,1000.0232543945312,-4.244100122378838,-2.952538240220848,-1.9640574397596249,0.6894272532712522,-1.3017747349938769,4.827180769741135,-0.5186077608337412,1.481168112763573,-0.9340125025987156,-1.0753845799931088
10.0,270.0,1000.0232543945312,-4.244100159733917,-2.9525381059635647,-1.964057428730988,0.6894271748640843,-1.3017749288380802,4.827180933932246,-0.51860775660837,1.4811681345847747,-0.934012398885919,-1.0753846109854377
10.0,270.0,1000.0233764648438,-4.244099995552183,-2.95253872354248,-1.964057471105725,0.6894275550803712,-1.3017740262396522,4.827180181629926,-0.5186077749428266,1.4811680597161525,-0.9340128743034636,-1.0753844654088085
10.0,270.0,1000.023193359375,-4.244100037519544,-2.9525385670178776,-1.9640574587570023,0.6894274651346377,-1.301774249305934,4.827180372607318,-0.5186077684799031,1.4811680823060378,-0.9340127531165364,-1.0753845008889051
10.0,270.0,1000.0233764648438,-4.244099994581565,-2.9525387404825865,-1.964057468758132,0.6894275689584433,-1.301773998157782,4.827180162745501,-0.5186077752692881,1.4811680681139103,-0.934012889568784,-1.0753844510084225
10.0,270.0,1000.023193359375,-4.244100047038895,-2.952538512943663,-1.9640574594384992,0.6894274281715074,-1.3017743382474496,4.827180438042724,-0.5186077669951041,1.481168079996488,-0.9340127075592184,-1.075384521243845
10.0,270.0,1000.023193359375,-4.244100131103296,-2.952538204878742,-1.96405743239998,0.6894272430952819,-1.3017747768236196,4.827180810042584,-0.5186077604272228,1.481168123673708,-0.9340124778518728,-1.0753845904457906
10.0,270.0,1000.0232543945312,-4.244099967187097,-2.9525388187885366,-1.964057481708123,0.6894276107039836,-1.3017738950423166,4.827180073039662,-0.5186077761562622,1.4811680439300288,-0.9340129382855676,-1.07538444455157
10.0,270.0,1000.0233154296876,-4.244100003038831,-2.952538704631804,-1.9640574677966176,0.6894275479130556,-1.3017740519376524,4.827180207086242,-0.5186077724270541,1.481168066184031,-0.934012858836911,-1.0753844673941315
10.0,270.0,1000.023193359375,-4.244100082731645,-2.952538413238728,-1.964057445722985,0.6894273684863297,-1.301774463943449,4.827180559802581,-0.5186077672619058,1.4811681074671634,-0.9340126382943588,-1.0753845268365048
10.0,270.0,1000.023193359375,-4.244100065584645,-2.9525384589964747,-1.9640574532492607,0.6894273946474243,-1.3017744031583387,4.827180498949817,-0.5186077672051228,1.4811680974457984,-0.9340126750297664,-1.07538452045974
10.0,270.0,1000.0234375,-4.244100217996495,-2.9525379072096527,-1.964057417453982,0.6894270516932455,-1.301775224446283,4.827181169947036,-0.5186077488138681,1.4811681526947087,-0.9340122451719416,-1.0753846639561615
10.0,270.0,1000.023193359375,-4.244100058045386,-2.952538504001979,-1.9640574578107,0.6894274186333309,-1.3017743592783777,4.827180448489628,-0.5186077661952284,1.4811680819984083,-0.9340127010832582,-1.075384522088472
10.0,270.0,1000.023193359375,-4.24410007025181,-2.952538469957999,-1.964057452541384,0.689427404787903,-1.3017743969829567,4.8271804899336885,-0.5186077623505589,1.481168094361193,-0.934012676015474,-1.0753845254710774
10.0,270.0,1000.023193359375,-4.2441000699202895,-2.952538412273596,-1.9640574545935108,0.6894273638300117,-1.3017744842923888,4.827180554889933,-0.5186077663897475,1.48116809072381,-0.934012634504251,-1.0753845445112131
10.0,270.0,1000.0232543945312,-4.244100185544809,-2.952538019778558,-1.964057422288968,0.6894271232366931,-1.3017750545009936,4.827181034429831,-0.5186077516868401,1.4811681416868936,-0.9340123339770728,-1.0753846356003938
10.0,270.0,1000.0232543945312,-4.244100032257546,-2.952538601617555,-1.964057459664648,0.6894274828503191,-1.3017741983540967,4.827180331806515,-0.5186077708859029,1.481168081086187,-0.9340127826479891,-1.0753844867314035
10.0,270.0,1000.0232543945312,-4.244100120457955,-2.95253826673302,-1.964057440696836,0.6894272737277092,-1.3017746938077157,4.827180734941226,-0.5186077603405277,1.4811681139478257,-0.9340125228777928,-1.0753845735158445
10.0,270.0,1000.023193359375,-4.244100126655958,-2.952538240550429,-1.964057438512248,0.689427261669076,-1.3017747316291488,4.827180766655095,-0.5186077566688949,1.4811681172287496,-0.9340125004366736,-1.0753845818445988
10.0,270.0,1000.023193359375,-4.2440999652957245,-2.9525388542517463,-1.964057475020616,0.6894276435235938,-1.3017738272145731,4.827180026276652,-0.5186077774045934,1.481168054090693,-0.9340129755711412,-1.0753844267624304
10.0,270.0,1000.023193359375,-4.244100068265993,-2.9525384609046523,-1.9640574507096304,0.6894274014628854,-1.3017744035111782,4.827180499041598,-0.5186077651826277,1.481168096727103,-0.9340126713344556,-1.075384527848505
10.0,270.0,1000.0232543945312,-4.244100119152488,-2.95253825738116,-1.9640574401845683,0.6894272669511823,-1.3017747013892849,4.827180748517112,-0.5186077629604595,1.4811681193837505,-0.9340125141205728,-1.0753845718890318
10.0,270.0,1000.023193359375,-4.244100162093552,-2.952538110616014,-1.9640574276770024,0.6894271866583157,-1.301774911558466,4.827180924762013,-0.5186077541708976,1.48116813799356,-0.934012401565968,-1.0753846104793017
10.0,270.0,1000.0232543945312,-4.244100039667628,-2.9525385861596902,-1.9640574560113049,0.6894274750038587,-1.301774222275096,4.827180349762223,-0.5186077722824818,1.4811680865167285,-0.934012773480374,-1.0753844895537543
10.0,270.0,1000.0232543945312,-4.244100020802714,-2.9525386287300823,-1.964057456455644,0.689427508138218,-1.301774143763537,4.827180295826793,-0.5186077752755383,1.4811680873633692,-0.9340128135774108,-1.0753844725144006
10.0,270.0,1000.0232543945312,-4.244100031111139,-2.9525385845415646,-1.9640574562587672,0.689427482300843,-1.3017742189635264,4.827180351435166,-0.5186077687651194,1.481168084833313,-0.9340127667006016,-1.075384499108277
10.0,270.0,1000.023193359375,-4.244100170347325,-2.952538053015173,-1.964057429719588,0.689427136376163,-1.3017750117699367,4.827180995202955,-0.5186077545771228,1.481168132336253,-0.9340123551643478,-1.0753846267774572
10.0,270.0,1000.023193359375,-4.2441001440604085,-2.9525381734400646,-1.9640574316424964,0.6894272173432778,-1.3017748235037847,4.827180848155967,-0.5186077580927426,1.481168126404846,-0.9340124544646402,-1.0753845912143185
10.0,270.0,1000.023193359375,-4.244100023783011,-2.952538612819486,-1.9640574639762045,0.6894274907849454,-1.301774186981477,4.827180314451034,-0.5186077713221451,1.4811680765191717,-0.9340127898520444,-1.0753844897279774
10.0,270.0,1000.0232543945312,-4.244100112461865,-2.9525383045452207,-1.964057446591406,0.6894272978401297,-1.3017746451403625,4.827180689136938,-0.5186077564966247,1.4811681042563718,-0.9340125453423092,-1.0753845707933485
10.0,270.0,1000.0232543945312,-4.244100024938736,-2.9525385969115465,-1.9640574578700687,0.689427480578706,-1.3017741930750677,4.827180334368231,-0.5186077764332016,1.4811680840157502,-0.934012786540186,-1.0753844839026527
10.0,270.0,1000.0232543945312,-4.244100252523891,-2.952537737410648,-1.964057408629044,0.6894269439383081,-1.3017754720638135,4.827181379148289,-0.5186077426813833,1.4811681639819805,-0.9340121095252378,-1.0753847069536655
10.0,270.0,1000.0232543945312,-4.244100029878493,-2.952538607308288,-1.9640574624977765,0.6894274903507842,-1.3017741951550112,4.82718032693646,-0.5186077668810087,1.4811680786219874,-0.9340127773230584,-1.0753844927334066
10.0,270.0,1000.0233764648438,-4.244100000644199,-2.9525387367546503,-1.9640574716840908,0.6894275718469158,-1.30177400608251,4.827180168589546,-0.5186077690038147,1.4811680639805624,-0.9340128752870456,-1.075384462259441
10.0,270.0,1000.0232543945312,-4.244100122369384,-2.952538243065924,-1.964057438228327,0.689427261256502,-1.3017747239997337,4.827180762739818,-0.5186077611272202,1.4811681178256508,-0.9340125068723316,-1.075384577525322
10.0,270.0,1000.023193359375,-4.244100161833014,-2.952538107029287,-1.9640574272939664,0.6894271771596276,-1.3017749179631406,4.827180929737825,-0.5186077556327282,1.4811681368287113,-0.9340124009013708,-1.07538460640568
10.0,270.0,1000.023193359375,-4.244100070674868,-2.952538468438909,-1.964057449680068,0.6894274059196137,-1.3017743829829205,4.82718048817693,-0.5186077668194944,1.4811681024654426,-0.9340126829183352,-1.075384517376202
10.0,270.0,1000.023193359375,-4.244100124279479,-2.952538242384605,-1.9640574371165327,0.689427266181557,-1.3017747260833883,4.827180767672717,-0.5186077580609751,1.481168119408334,-0.9340125005415744,-1.0753845833646625
10.0,270.0,1000.0234375,-4.24409989407205,-2.95253909736848,-1.9640574946473195,0.6894277898135588,-1.3017734769856657,4.827179733168645,-0.5186077867697358,1.4811680252215815,-0.9340131583289571,-1.075384367811612
10.0,270.0,1000.0232543945312,-4.2441000442859655,-2.9525385671867377,-1.9640574555010688,0.6894274684738644,-1.301774243583509,4.827180373323644,-0.5186077682759391,1.4811680904105362,-0.9340127527115828,-1.0753844971730158
10.0,270.0,1000.023193359375,-4.244100193972226,-2.952538034142873,-1.9640574212908843,0.6894271350759693,-1.3017750324941595,4.827181021025407,-0.5186077476657251,1.4811681444530445,-0.9340123370986556,-1.075384630739498
10.0,270.0,1000.0232543945312,-4.244100079730709,-2.952538398032792,-1.964057454880032,0.6894273498111794,-1.3017745106646443,4.827180576437472,-0.5186077620694531,1.481168089654263,-0.9340126181763786,-1.0753845456158024
10.0,270.0,1000.023193359375,-4.244100174392815,-2.9525380496224125,-1.964057428104391,0.6894271413183688,-1.301775010213909,4.827180997958999,-0.5186077520650834,1.4811681366623226,-0.9340123533119672,-1.0753846285582087
10.0,270.0,1000.0232543945312,-4.244100024598017,-2.9525386223908456,-1.9640574565405844,0.6894275064284692,-1.3017741555939506,4.827180304053652,-0.5186077713546116,1.481168084020668,-0.9340128030311944,-1.0753844822424838
10.0,270.0,1000.0233154296876,-4.244099998049369,-2.9525387009323207,-1.9640574677174607,0.6894275510684453,-1.3017740531740518,4.827180211589258,-0.5186077738420867,1.4811680690896658,-0.9340128538719208,-1.0753844712303753
10.0,270.0,1000.0233764648438,-4.244100000060617,-2.952538721101257,-1.9640574611086823,0.6894275647199111,-1.3017740110931912,4.8271801870718285,-0.5186077757465224,1.4811680753075065,-0.9340128778903996,-1.075384455373296
10.0,270.0,1000.023193359375,-4.244100072125349,-2.9525384360270115,-1.964057451456324,0.6894273846728973,-1.3017744408802012,4.827180530935719,-0.5186077630250017,1.4811680956058382,-0.9340126514236964,-1.0753845318837234
10.0,270.0,1000.0232543945312,-4.244100078044539,-2.952538445483195,-1.964057456154276,0.6894273864755585,-1.301774446759722,4.827180524461364,-0.5186077573735801,1.4811680880691735,-0.9340126440055928,-1.075384540921946
10.0,270.0,1000.0234375,-4.244099898403227,-2.952539104552165,-1.964057486942525,0.6894278050504967,-1.301773450037205,4.827179719186637,-0.5186077885672367,1.4811680352328036,-0.934013174834006,-1.0753843629803024
10.0,271.0,1000.0232543945312,-4.244099986769082,-2.952538753671768,-1.964057460410616,0.6894275901504905,-1.301773953174651,4.827180142190883,-0.5186077818944295,1.481168080548505,-0.934012914848786,-1.075384438626399
10.0,271.0,1000.023193359375,-4.244100168683847,-2.952538075751473,-1.9640574250124967,0.6894271624393831,-1.301774964291922,4.827180965906555,-0.5186077551868609,1.4811681407901034,-0.9340123765854128,-1.075384619003538
10.0,271.0,1000.023193359375,-4.2441001432101215,-2.9525381636775943,-1.9640574353549352,0.6894272116620304,-1.3017748448504882,4.827180857955902,-0.5186077555452959,1.4811681201478208,-0.934012440909453,-1.0753846039167958
10.0,271.0,1000.0233764648438,-4.244100109651868,-2.95253832131674,-1.9640574400138824,0.6894273114919338,-1.3017746102752978,4.827180673001163,-0.518607759450834,1.48116811036867,-0.934012565576813,-1.0753845586914936
10.0,271.0,1000.0232543945312,-4.24410011278953,-2.952538306755411,-1.9640574439653324,0.6894273010295198,-1.301774641352098,4.827180690405486,-0.5186077553032966,1.481168105237769,-0.9340125426526747,-1.0753845725510174
10.0,271.0,1000.0232543945312,-4.244099836512289,-2.9525393015244803,-1.964057506781152,0.6894279201903082,-1.3017731663770469,4.827179476199017,-0.5186077954817891,1.4811680048306064,-0.9340133289277296,-1.0753843148780091
10.0,271.0,1000.0233764648438,-4.244099992065465,-2.952538721811101,-1.9640574678935203,0.6894275640714795,-1.301774018585582,4.8271801817705295,-0.51860777604682,1.4811680685383344,-0.934012878045503,-1.075384460903913
10.0,271.0,1000.023193359375,-4.244100041213719,-2.952538565761728,-1.964057453274356,0.6894274677038332,-1.3017742344760737,4.827180367237403,-0.5186077713940689,1.481168094008436,-0.9340127641825022,-1.075384488522567
10.0,271.0,1000.0232543945312,-4.244100045844462,-2.952538561297317,-1.96405745437586,0.6894274676885601,-1.3017742556309986,4.827180382367009,-0.5186077658637656,1.4811680892886256,-0.934012746952602,-1.0753845027523914
10.0,271.0,1000.023193359375,-4.244100035715313,-2.952538564470607,-1.964057462174997,0.6894274597871295,-1.301774260259434,4.827180375173784,-0.5186077664397262,1.4811680753504677,-0.9340127477552508,-1.0753845061326903
10.0,271.0,1000.023193359375,-4.244100043368188,-2.952538565018866,-1.964057458342508,0.6894274605341568,-1.301774261702,4.8271803763368695,-0.5186077682680592,1.4811680833330332,-0.934012750082557,-1.0753845014560452
10.0,271.0,1000.0232543945312,-4.244100019408688,-2.952538626227506,-1.964057460082821,0.6894275059137929,-1.3017741543806842,4.827180297556229,-0.5186077732977354,1.4811680804661789,-0.934012806422154,-1.075384483085084
10.0,271.0,1000.0234375,-4.244100220634582,-2.9525379003977887,-1.9640574170614336,0.6894270485554985,-1.3017752342268842,4.827181181057856,-0.5186077451763405,1.4811681540731625,-0.9340122334266852,-1.0753846663619937
10.0,271.0,1000.0233764648438,-4.244099998165944,-2.952538714708217,-1.9640574648396607,0.6894275551627231,-1.301774019499426,4.827180194863976,-0.5186077763285537,1.4811680727858958,-0.9340128727184488,-1.0753844533107673
10.0,271.0,1000.023193359375,-4.244100047730344,-2.952538540358019,-1.964057454969006,0.6894274466296544,-1.301774291972296,4.827180405741931,-0.5186077677212957,1.4811680875246314,-0.9340127332961092,-1.0753845060024556
10.0,271.0,1000.023193359375,-4.244100075315665,-2.952538422629548,-1.9640574480235995,0.689427375622226,-1.301774452244819,4.827180546415962,-0.5186077668424973,1.481168102449196,-0.9340126468629996,-1.0753845285528056
10.0,271.0,1000.023193359375,-4.244100083482191,-2.952538429439156,-1.964057440562876,0.689427386910145,-1.3017744361257797,4.827180539790634,-0.5186077669272677,1.4811681140089237,-0.9340126528060608,-1.0753845235629802
10.0,271.0,1000.023193359375,-4.244100037699795,-2.952538556626341,-1.9640574542493336,0.6894274637622653,-1.301774252746919,4.8271803849839685,-0.5186077691775335,1.481168089250139,-0.9340127487325632,-1.075384498894063
10.0,271.0,1000.023193359375,-4.244100193461584,-2.95253801882834,-1.9640574277779408,0.6894271253091846,-1.3017750641066348,4.8271810389903695,-0.518607744536058,1.481168139816864,-0.9340123181751548,-1.0753846423987783
10.0,271.0,1000.0233154296876,-4.24410000245286,-2.9525387032694725,-1.964057469393468,0.6894275444229025,-1.3017740519979242,4.827180204513086,-0.5186077751436136,1.4811680681628134,-0.9340128588731088,-1.0753844649098203
10.0,271.0,1000.0232543945312,-4.244100124543012,-2.952538277766782,-1.964057439141837,0.6894272873473444,-1.3017746785619777,4.827180723382419,-0.518607754888964,1.481168114814202,-0.9340125255677822,-1.0753845740980037
10.0,271.0,1000.0232543945312,-4.2441001229298845,-2.9525382586040143,-1.964057440796352,0.6894272745801135,-1.3017747028989368,4.827180744912486,-0.5186077583530881,1.481168119228058,-0.934012511456281,-1.0753845773322208
10.0,271.0,1000.0233154296876,-4.244100012387959,-2.952538694520793,-1.964057464965476,0.6894275432130295,-1.3017740615202342,4.827180220378294,-0.5186077715942492,1.481168074835835,-0.934012850337675,-1.0753844644291544
10.0,271.0,1000.0233764648438,-4.244099994438534,-2.9525387201455406,-1.9640574661575947,0.6894275645352446,-1.3017740177089658,4.827180184735976,-0.5186077732177585,1.4811680671194418,-0.934012876316201,-1.0753844632786356
10.0,271.0,1000.0233154296876,-4.24410000290108,-2.9525386950920223,-1.9640574633150711,0.689427544778372,-1.301774058245115,4.827180214464251,-0.5186077745112714,1.4811680724699308,-0.9340128584536184,-1.075384467211475
10.0,271.0,1000.023193359375,-4.2441000596005365,-2.952538500121716,-1.9640574571326683,0.6894274191931764,-1.301774359095103,4.827180453024461,-0.5186077644565978,1.481168087605324,-0.9340126959218154,-1.075384520956249
10.0,271.0,1000.023193359375,-4.244100123748674,-2.9525382394938267,-1.9640574411674008,0.6894272585729375,-1.3017747328699314,4.827180764686339,-0.5186077586313687,1.481168114639515,-0.9340125016091552,-1.075384581114209
10.0,271.0,1000.0232543945312,-4.244100029426359,-2.952538608624928,-1.9640574589518067,0.6894274881599287,-1.30177419360942,4.827180324101082,-0.5186077719528441,1.4811680792341877,-0.9340127865266972,-1.0753844904412473
10.0,271.0,1000.0232543945312,-4.244100005752514,-2.952538660447598,-1.9640574657719108,0.6894275202468103,-1.3017741109822651,4.827180258133382,-0.5186077735935699,1.4811680694431644,-0.9340128277303136,-1.075384475981081
10.0,271.0,1000.023193359375,-4.24410015148489,-2.9525381395697967,-1.9640574276621847,0.6894272036781421,-1.3017748600516077,4.827180884392748,-0.5186077578971258,1.4811681379328956,-0.9340124337298256,-1.0753845958421158
10.0,271.0,1000.023193359375,-4.244100230251249,-2.952537857563533,-1.9640574148433207,0.689427023086882,-1.3017753021695715,4.8271812326825945,-0.5186077448135427,1.4811681564234505,-0.9340122017859738,-1.0753846787874073
10.0,271.0,1000.0231323242188,-4.2441000746293245,-2.952538426776032,-1.9640574525041783,0.689427375780828,-1.3017744611347657,4.827180540859992,-0.5186077613197568,1.48116809294536,-0.9340126428668344,-1.0753845383907907
10.0,271.0,1000.0233154296876,-4.244100006277526,-2.95253870226055,-1.964057468427912,0.6894275473627953,-1.3017740556061486,4.827180207003609,-0.5186077728628256,1.4811680689540356,-0.9340128559203116,-1.0753844682667228
10.0,271.0,1000.0233764648438,-4.244100002902186,-2.952538708816231,-1.9640574675347144,0.689427556928651,-1.3017740366719792,4.827180198559802,-0.5186077709333947,1.4811680703965493,-0.9340128627397988,-1.0753844672656705
10.0,271.0,1000.0232543945312,-4.244099986626632,-2.952538780062388,-1.9640574715995047,0.6894275984250609,-1.3017739386496905,4.827180112531163,-0.518607774382839,1.481168063913784,-0.9340129169304152,-1.075384447215067
10.0,271.0,1000.0234375,-4.2441002094078994,-2.952537935144334,-1.964057421931092,0.6894270700716802,-1.3017751835159723,4.827181135983839,-0.5186077461122993,1.4811681467109183,-0.9340122613441428,-1.0753846579937685
10.0,271.0,1000.023193359375,-4.244100187494929,-2.952538002249891,-1.9640574257279664,0.6894271133025534,-1.3017750797721348,4.827181054202411,-0.5186077494555619,1.4811681416428657,-0.9340123153332404,-1.0753846397860929
10.0,271.0,1000.0233154296876,-4.244100008142188,-2.9525386783388803,-1.9640574641803608,0.6894275336617621,-1.3017740798630522,4.827180236197883,-0.5186077766401134,1.4811680761428594,-0.9340128441182892,-1.0753844682672549
10.0,271.0,1000.0232543945312,-4.244100163265188,-2.952538102709138,-1.964057431237053,0.6894271674990708,-1.3017749330110258,4.827180933423673,-0.5186077556885191,1.4811681317494951,-0.934012397637428,-1.075384608711877
10.0,271.0,1000.0234375,-4.244100215625984,-2.952537902247313,-1.964057417167106,0.6894270481303231,-1.3017752254667787,4.827181176060405,-0.5186077483356177,1.481168154044953,-0.9340122416617832,-1.0753846629497232
10.0,271.0,1000.0232543945312,-4.244100014401001,-2.9525386410624472,-1.964057466068892,0.689427507630878,-1.301774134812522,4.827180277768647,-0.5186077734809116,1.48116807788983,-0.934012815455234,-1.0753844763464664
10.0,271.0,1000.023193359375,-4.244100063146863,-2.9525384650917013,-1.9640574537875144,0.6894274006204348,-1.3017744010581866,4.827180492246864,-0.5186077673207743,1.4811680925662536,-0.9340126771227562,-1.0753845257609318
10.0,271.0,1000.023193359375,-4.244100034239088,-2.9525385714422074,-1.964057448356935,0.6894274778097911,-1.301774218810294,4.8271803654995225,-0.5186077759088272,1.4811680975862709,-0.9340127709364694,-1.0753844880491403
10.0,271.0,1000.023193359375,-4.244100216276108,-2.9525378860877747,-1.964057418703577,0.6894270393981783,-1.301775252742858,4.827181198643576,-0.5186077458691187,1.481168152159925,-0.9340122230303622,-1.0753846707378585
10.0,271.0,1000.023193359375,-4.244100041153494,-2.95253856508979,-1.9640574582537969,0.6894274636304232,-1.3017742542393584,4.827180372865174,-0.518607769136592,1.481168084670479,-0.9340127538747164,-1.075384498825771
10.0,271.0,1000.0233764648438,-4.2440999988896975,-2.952538734361331,-1.9640574671413773,0.6894275659087512,-1.3017740035027623,4.827180174403976,-0.5186077749014313,1.4811680701776364,-0.9340128816558496,-1.075384453675082
10.0,271.0,1000.0232543945312,-4.244099868021823,-2.9525392279988805,-1.9640574955037515,0.6894278772638707,-1.301773272789826,4.82717956898362,-0.5186077939924232,1.48116802336175,-0.9340132719749984,-1.0753843285580529
10.0,271.0,1000.0233764648438,-4.244099994082872,-2.9525387226284505,-1.9640574705540752,0.6894275620258821,-1.301774023804632,4.827180179885458,-0.5186077735357593,1.4811680646743586,-0.9340128762416208,-1.0753844641378807
10.0,271.0,1000.023193359375,-4.244099956878394,-2.9525388689100027,-1.964057474816439,0.6894276515302824,-1.3017738014558606,4.827180000891364,-0.5186077817433015,1.481168053006238,-0.9340129947343668,-1.0753844221529505
10.0,271.0,1000.023193359375,-4.244099951483126,-2.9525389134337896,-1.9640574780275253,0.6894276785521658,-1.3017737385744337,4.827179953884414,-0.5186077796694839,1.4811680492227577,-0.9340130244527902,-1.0753844089138482
10.0,272.0,1000.023193359375,-4.244099961141183,-2.9525388779326254,-1.964057476049306,0.6894276618791153,-1.3017737885898133,4.827179995762869,-0.5186077770149282,1.481168057642134,-0.9340129925577748,-1.0753844209193844
10.0,272.0,1000.0232543945312,-4.244100044883138,-2.9525385660865338,-1.9640574554791528,0.6894274654194321,-1.3017742512528212,4.827180373713256,-0.518607768863161,1.4811680880027742,-0.9340127538049724,-1.0753844984650458
10.0,272.0,1000.023193359375,-4.244100058990183,-2.9525384921517577,-1.964057454409992,0.6894274155265983,-1.3017743621054767,4.827180458846524,-0.5186077657920336,1.4811680874620228,-0.934012698229398,-1.075384520622955
10.0,272.0,1000.023193359375,-4.244100067279217,-2.9525384810318083,-1.964057454587627,0.6894274114307777,-1.3017743817600644,4.827180478936404,-0.5186077633843187,1.481168091790841,-0.9340126811538304,-1.0753845260182509
10.0,272.0,1000.0232543945312,-4.244100112836433,-2.952538266834772,-1.9640574357279976,0.6894272815187446,-1.301774678568684,4.8271807361513055,-0.5186077631145842,1.4811681219761406,-0.9340125271187604,-1.0753845692993873
10.0,272.0,1000.0232543945312,-4.244100116913886,-2.952538253639648,-1.9640574354154152,0.689427272118369,-1.301774695784481,4.827180747572172,-0.5186077611506388,1.4811681216675252,-0.9340125223984552,-1.075384566427581
10.0,272.0,1000.0233764648438,-4.244100352069964,-2.9525374090815983,-1.964057388003441,0.6894267454959069,-1.3017759519451682,4.827181772401527,-0.5186077272366205,1.4811682057292863,-0.9340118515672042,-1.0753847900527735
10.0,272.0,1000.023193359375,-4.244100161439831,-2.95253813619854,-1.9640574264150064,0.6894271973485031,-1.301774876740316,4.827180894663636,-0.5186077549768511,1.481168136218006,-0.9340124246181264,-1.0753845991749076
10.0,272.0,1000.023193359375,-4.2440999627827605,-2.9525388491540614,-1.964057474470988,0.6894276414251284,-1.3017738396086864,4.827180028595212,-0.5186077791112664,1.4811680543808876,-0.9340129762045156,-1.0753844295251749
10.0,272.0,1000.0233764648438,-4.244099997281112,-2.9525387244563013,-1.9640574624255724,0.6894275630541973,-1.3017740108673437,4.8271801825395535,-0.5186077764078973,1.481168070105995,-0.9340128838994336,-1.0753844541283637
10.0,272.0,1000.0232543945312,-4.244100128237621,-2.9525382576857035,-1.9640574305726768,0.6894272760914113,-1.3017746878404806,4.827180745973935,-0.518607763309026,1.4811681301145994,-0.9340125266649384,-1.075384561928935
10.0,272.0,1000.023193359375,-4.244100039949944,-2.9525385685662773,-1.9640574580565344,0.6894274591691971,-1.3017742453396195,4.82718036666078,-0.5186077707206893,1.481168080280214,-0.9340127613513962,-1.0753844933878227
10.0,272.0,1000.023193359375,-4.244100046501528,-2.952538548827515,-1.964057457110433,0.6894274495162636,-1.301774273917331,4.827180393484273,-0.5186077684996517,1.4811680878792473,-0.934012742086229,-1.0753844969993769
10.0,272.0,1000.023193359375,-4.244100184202295,-2.952538038859581,-1.9640574282997847,0.6894271341868414,-1.3017750363046727,4.827181010530323,-0.5186077484347376,1.4811681354512487,-0.9340123413983568,-1.0753846359813908
10.0,272.0,1000.023193359375,-4.244100056853135,-2.952538503715856,-1.9640574566182667,0.689427420890933,-1.3017743464544025,4.827180449253717,-0.5186077655435497,1.481168087260424,-0.934012702889472,-1.0753845168195508
10.0,272.0,1000.0232543945312,-4.244100171557319,-2.9525380867041604,-1.9640574228222265,0.6894271716160016,-1.3017749445343791,4.827180951781058,-0.5186077535506346,1.4811681464880897,-0.9340123876799752,-1.0753846100145208
10.0,272.0,1000.0232543945312,-4.244100034766162,-2.952538603374097,-1.964057461771904,0.6894274863725602,-1.3017742008738795,4.827180325965792,-0.518607767402294,1.4811680789041324,-0.9340127800772288,-1.0753844916843276
10.0,272.0,1000.0232543945312,-4.24409997257111,-2.9525388111837545,-1.9640574721539537,0.6894276154809234,-1.3017738839061854,4.827180072870696,-0.5186077806780984,1.4811680614924825,-0.9340129502676496,-1.075384433796657
10.0,272.0,1000.023193359375,-4.244100098531115,-2.952538375045037,-1.9640574461594924,0.6894273436554137,-1.3017745388532955,4.827180605835144,-0.5186077572819352,1.4811681023557597,-0.9340126006502754,-1.075384547938438
10.0,272.0,1000.023193359375,-4.244100134608743,-2.952538165114732,-1.9640574342110704,0.6894272111566488,-1.3017748289439144,4.827180850124428,-0.5186077608085062,1.4811681233270573,-0.9340124543802206,-1.0753845935562407
10.0,272.0,1000.023193359375,-4.244100055644938,-2.95253849425238,-1.964057453206456,0.6894274217317538,-1.3017743560259216,4.827180461260113,-0.5186077664025657,1.4811680908158218,-0.934012696315616,-1.0753845197426657
10.0,272.0,1000.0233764648438,-4.244100001961166,-2.9525387252962227,-1.9640574672958409,0.6894275640856371,-1.3017740175175183,4.827180183700236,-0.5186077712714106,1.4811680696077465,-0.9340128704083348,-1.075384462470454
10.0,272.0,1000.023193359375,-4.244100089421212,-2.9525383764995605,-1.9640574512092912,0.68942734034799,-1.3017745399784602,4.827180602022159,-0.5186077591985052,1.481168095048968,-0.9340126007044374,-1.075384552864155
10.0,272.0,1000.023193359375,-4.244099960132542,-2.952538867672228,-1.9640574768664936,0.6894276516595141,-1.301773804892989,4.827180009071249,-0.5186077806961755,1.4811680554292632,-0.9340129861991304,-1.0753844228937073
10.0,272.0,1000.0233154296876,-4.244100288317776,-2.95253763889036,-1.9640574046487689,0.689426886637202,-1.3017756250064378,4.827181500891891,-0.5186077333592323,1.4811681769174188,-0.934012024655816,-1.0753847358658843
10.0,272.0,1000.0232543945312,-4.244100020278488,-2.952538628563372,-1.9640574635571428,0.6894274985550952,-1.3017741652794443,4.827180295669217,-0.5186077712740875,1.481168074651725,-0.934012803494256,-1.0753844829659331
10.0,272.0,1000.0234375,-4.244100210774944,-2.9525379474480067,-1.9640574183221684,0.6894270836418661,-1.301775165807746,4.82718112325249,-0.518607746054399,1.4811681509216124,-0.9340122730302688,-1.075384655305653
10.0,272.0,1000.0231323242188,-4.244100075979015,-2.95253843974026,-1.964057452439239,0.6894273826162234,-1.301774448462199,4.827180527168775,-0.5186077632623318,1.4811680925028314,-0.9340126512513872,-1.0753845361352117
10.0,272.0,1000.0233764648438,-4.244099997015229,-2.9525387388532405,-1.964057461996921,0.6894275753956478,-1.301773988121253,4.82718016250595,-0.5186077771150126,1.4811680733699075,-0.9340128934413112,-1.075384452157527
10.0,272.0,1000.023193359375,-4.244100052745257,-2.952538532445788,-1.96405744911214,0.6894274521822545,-1.301774279173478,4.827180413865914,-0.518607767248743,1.481168100172492,-0.9340127323353896,-1.0753844985329055
10.0,272.0,1000.023193359375,-4.244100143445599,-2.9525381610200814,-1.964057429027081,0.6894272083627486,-1.3017748328547136,4.827180861965786,-0.5186077610094433,1.481168129713537,-0.9340124516284716,-1.0753845894726917
10.0,272.0,1000.023193359375,-4.244100051105961,-2.9525385325834,-1.964057455639848,0.6894274453533535,-1.3017743012296212,4.827180414555096,-0.5186077664229778,1.4811680889331005,-0.9340127259789934,-1.0753845084047309
10.0,272.0,1000.0232543945312,-4.244099940437936,-2.9525389600460104,-1.964057475467314,0.6894277167897496,-1.3017736582150423,4.827179892857474,-0.5186077855236535,1.4811680571437345,-0.934013065303274,-1.0753843945051873
10.0,272.0,1000.0231323242188,-4.244100075210535,-2.952538424842761,-1.9640574514212168,0.6894273784920593,-1.3017744599139078,4.827180542419052,-0.5186077626632555,1.4811680961532234,-0.9340126431861576,-1.0753845363399108
10.0,272.0,1000.0232543945312,-4.244099968797206,-2.952538841945055,-1.964057472670801,0.6894276369902119,-1.3017738384385873,4.827180036225341,-0.518607778404415,1.481168059696433,-0.9340129726468483,-1.0753844246081457
10.0,272.0,1000.023193359375,-4.244100072283061,-2.9525384415577696,-1.964057452374286,0.6894273874821781,-1.3017744338215491,4.827180523515953,-0.5186077631609161,1.4811680968134446,-0.9340126518385964,-1.075384533967762
10.0,272.0,1000.0232543945312,-4.2440999441541445,-2.952538936694404,-1.964057480122964,0.6894276962792993,-1.301773705797567,4.827179923837928,-0.5186077805768647,1.4811680484416758,-0.934013040329062,-1.0753844061641988
10.0,272.0,1000.0232543945312,-4.244100096281082,-2.952538341456686,-1.964057441811467,0.6894273286609396,-1.3017745645171583,4.827180638494736,-0.518607764756565,1.481168117260072,-0.9340125880576098,-1.0753845456881947
10.0,272.0,1000.023193359375,-4.24410019192469,-2.952537976177076,-1.9640574224401508,0.6894270985084203,-1.3017751074494075,4.827181083309293,-0.5186077513352725,1.481168148449287,-0.9340123003302097,-1.0753846413211052
10.0,272.0,1000.0234375,-4.244100221520553,-2.952537904401733,-1.964057409957416,0.6894270560829172,-1.3017752085457444,4.827181172553914,-0.5186077498100135,1.4811681652433828,-0.9340122499209872,-1.0753846519960386
10.0,272.0,1000.0232543945312,-4.244099938139781,-2.952538942789265,-1.9640574790801817,0.6894277022089117,-1.3017736818904484,4.827179912131289,-0.5186077836066865,1.4811680515221548,-0.9340130530081598,-1.07538439680326
10.0,272.0,1000.0231323242188,-4.244100080775249,-2.95253842399413,-1.9640574490897311,0.6894273774180757,-1.301774458486718,4.827180546624664,-0.518607762681409,1.4811681031624149,-0.9340126395292394,-1.0753845357009388
10.0,272.0,1000.0232543945312,-4.24409997914119,-2.9525387630928703,-1.9640574716608543,0.6894275850478904,-1.3017739637879138,4.827180131412568,-0.5186077776017193,1.4811680584276743,-0.9340129105269545,-1.075384452538357
10.0,272.0,1000.023193359375,-4.24410015243166,-2.952538168579065,-1.964057431998456,0.6894272208366479,-1.3017748354156975,4.827180856298444,-0.5186077498453319,1.4811681254696918,-0.9340124399456736,-1.0753846009385477
10.0,272.0,1000.0232543945312,-4.24410025236678,-2.9525377718995847,-1.9640574129631088,0.6894269681456198,-1.3017754300921398,4.8271813357541244,-0.5186077392206592,1.4811681624218132,-0.9340121307264768,-1.075384703721828
10.0,272.0,1000.0233764648438,-4.244100006858618,-2.952538721949454,-1.964057457259586,0.6894275685366082,-1.3017740027941764,4.8271801858271,-0.5186077743312723,1.4811680818740394,-0.9340128824255354,-1.075384449495727
10.0,272.0,1000.0232543945312,-4.244100125880055,-2.9525382653427825,-1.9640574351687088,0.6894272822740355,-1.3017746919393485,4.827180736659395,-0.5186077582517248,1.4811681198194222,-0.9340125245935472,-1.075384572850156
10.0,272.0,1000.023193359375,-4.244100124885644,-2.952538301954013,-1.9640574310462453,0.6894273073212229,-1.3017746242533117,4.827180692963918,-0.5186077617417508,1.4811681311079496,-0.9340125584025358,-1.0753845504086366
10.0,272.0,1000.0232543945312,-4.244100107209553,-2.952538344385143,-1.964057441642305,0.689427330455703,-1.301774575358286,4.827180641784237,-0.5186077571111234,1.4811681124199838,-0.9340125808131204,-1.0753845530624346
10.0,272.0,1000.0232543945312,-4.244100110902646,-2.952538318266248,-1.964057438731488,0.689427307164312,-1.3017746173891136,4.827180674485609,-0.5186077630482835,1.4811681129751744,-0.9340125671715304,-1.0753845563137765
10.0,273.0,1000.023193359375,-4.2441001301977135,-2.9525382425281315,-1.9640574398766173,0.6894272600579736,-1.301774734079148,4.827180762759685,-0.5186077569939371,1.4811681151690823,-0.934012501798974,-1.075384581569132
10.0,273.0,1000.0233764648438,-4.244099994810598,-2.952538735535856,-1.964057468495442,0.6894275703674078,-1.30177399920145,4.82718016841336,-0.5186077725396796,1.4811680667409242,-0.9340128840315004,-1.075384455768686
10.0,273.0,1000.0233764648438,-4.24409999203521,-2.952538749553137,-1.9640574688598904,0.6894275797844411,-1.3017739844662528,4.827180150567461,-0.5186077743031596,1.4811680655758916,-0.9340128950695216,-1.0753844544963878
10.0,273.0,1000.023193359375,-4.244100054287102,-2.9525385140202283,-1.964057454772334,0.6894274337924262,-1.3017743188252546,4.827180435226678,-0.5186077649601888,1.4811680921107353,-0.9340127136137336,-1.0753845080024176
10.0,273.0,1000.023193359375,-4.244100129607551,-2.952538228153675,-1.9640574377764528,0.6894272545744338,-1.3017747505477786,4.827180783783589,-0.5186077559371629,1.4811681160473462,-0.9340124883061778,-1.075384588224384
10.0,273.0,1000.023193359375,-4.244100128648439,-2.9525382218772256,-1.964057436977681,0.6894272527355323,-1.301774751926427,4.827180791547768,-0.5186077567257188,1.4811681197286486,-0.9340124844418032,-1.0753845850310126
10.0,273.0,1000.0233154296876,-4.24410001503251,-2.9525386919608865,-1.9640574668545248,0.6894275411191231,-1.3017740739832515,4.827180217632519,-0.5186077706410783,1.481168071596274,-0.9340128502571085,-1.075384470342469
10.0,273.0,1000.0232543945312,-4.244099975905184,-2.9525388223390774,-1.9640574688073769,0.6894276309513785,-1.3017738579820048,4.827180060474136,-0.518607775732022,1.4811680650469574,-0.9340129570367796,-1.0753844282428302
10.0,273.0,1000.0232543945312,-4.244100026334721,-2.9525386393822504,-1.9640574610226649,0.6894275102322123,-1.30177414270487,4.827180286600154,-0.5186077691293942,1.4811680789363135,-0.9340128074517562,-1.0753844801997996
10.0,273.0,1000.0233154296876,-4.244100011061899,-2.9525386791828714,-1.964057468070604,0.6894275298387429,-1.301774096033859,4.827180238340171,-0.5186077702504726,1.4811680671915817,-0.934012836152614,-1.0753844755761557
10.0,273.0,1000.023193359375,-4.244100135336367,-2.9525382141806387,-1.964057434522752,0.6894272455491137,-1.3017747668049968,4.827180800191837,-0.5186077569270644,1.4811681196981743,-0.934012480249418,-1.075384590300465
10.0,273.0,1000.0232543945312,-4.244100025259691,-2.952538590427369,-1.9640574659082324,0.6894274705025456,-1.3017742283590623,4.827180341418462,-0.518607771383178,1.4811680685134707,-0.9340127690272606,-1.0753845025048592
10.0,273.0,1000.0232543945312,-4.244100109582367,-2.952538310613561,-1.9640574435645533,0.6894273073215897,-1.301774625813601,4.827180684751264,-0.5186077548178938,1.4811681089955906,-0.9340125480224586,-1.0753845657253045
10.0,273.0,1000.0233154296876,-4.244100014991982,-2.9525386684073425,-1.9640574616578688,0.6894275296717396,-1.3017741000739953,4.8271802492721125,-0.5186077731819303,1.4811680763609347,-0.9340128343226805,-1.0753844733679865
10.0,273.0,1000.023193359375,-4.244100063894414,-2.9525384715424554,-1.964057449845955,0.6894274062674555,-1.3017743819648446,4.827180486843224,-0.5186077685952828,1.481168100239605,-0.9340126844493531,-1.0753845167219316
10.0,273.0,1000.0232543945312,-4.244100112263956,-2.9525383140796384,-1.9640574394954309,0.6894273124897401,-1.30177461321972,4.827180680713566,-0.5186077598611742,1.4811681194769175,-0.9340125554021128,-1.075384559070096
10.0,273.0,1000.0232543945312,-4.2441001061037085,-2.952538321312375,-1.9640574433751288,0.6894273151685217,-1.3017746089133402,4.827180669975327,-0.5186077582232613,1.4811681114127977,-0.934012560979478,-1.0753845606928998
10.0,273.0,1000.023193359375,-4.244100057407161,-2.952538493473754,-1.964057455954057,0.6894274178664368,-1.3017743584852322,4.827180460833855,-0.5186077662760642,1.4811680902350002,-0.9340126955652828,-1.0753845190589284
10.0,273.0,1000.023193359375,-4.2441000505586,-2.952538537576351,-1.9640574565302056,0.6894274486507621,-1.3017742973290929,4.82718040764105,-0.5186077646064362,1.481168085843131,-0.9340127268632664,-1.075384512060975
10.0,273.0,1000.0231323242188,-4.244100083057091,-2.9525383874937186,-1.9640574489136984,0.6894273518725171,-1.3017745189357577,4.827180587644456,-0.5186077620831933,1.4811680960080773,-0.9340126139010057,-1.0753845496600771
10.0,273.0,1000.023193359375,-4.244100049222532,-2.952538526572294,-1.964057462051808,0.6894274355035552,-1.3017743270706983,4.827180419464794,-0.5186077630028123,1.4811680773296922,-0.9340127154854984,-1.075384519437104
10.0,273.0,1000.023193359375,-4.244100052481374,-2.9525385040752563,-1.9640574588791608,0.689427424204756,-1.3017743555832268,4.827180449749202,-0.5186077649008061,1.4811680827891855,-0.9340126971158772,-1.0753845260126171
10.0,273.0,1000.023193359375,-4.2441001432244665,-2.952538187731713,-1.9640574321616109,0.6894272323819468,-1.3017748028100282,4.827180834843672,-0.5186077553131412,1.4811681264265788,-0.9340124580458422,-1.0753845940498707
10.0,273.0,1000.023193359375,-4.244100136968328,-2.952538205385657,-1.96405743313844,0.689427242916393,-1.3017747731853166,4.827180810897266,-0.5186077583137312,1.4811681281820075,-0.9340124766197526,-1.075384584746979
10.0,273.0,1000.0232543945312,-4.244100018024959,-2.9525386414831094,-1.964057463908614,0.6894275078010983,-1.3017741410594137,4.827180280415201,-0.5186077733437537,1.4811680755787204,-0.9340128150390532,-1.0753844781114807
10.0,273.0,1000.023193359375,-4.24410013311674,-2.9525382359436,-1.9640574318979505,0.6894272682088172,-1.3017747262086377,4.8271807745004125,-0.5186077569646201,1.4811681275499833,-0.9340124973940388,-1.07538457993007
10.0,273.0,1000.0232543945312,-4.244099879279278,-2.9525391796006315,-1.9640574882116817,0.689427845421827,-1.3017733352607823,4.82717962630668,-0.51860779350746,1.4811680273861896,-0.9340132416169364,-1.0753843375119292
10.0,273.0,1000.0233764648438,-4.244100107496552,-2.9525383387954047,-1.9640574450252428,0.6894273256226011,-1.3017745874617113,4.827180647784024,-0.5186077567874818,1.481168108870459,-0.9340125705017392,-1.0753845610926307
10.0,273.0,1000.023193359375,-4.244100078024584,-2.9525383940613588,-1.9640574468311804,0.6894273542109364,-1.3017744952442922,4.827180581951913,-0.5186077669693834,1.4811681008115238,-0.9340126232385773,-1.0753845382235876
10.0,273.0,1000.023193359375,-4.244100047650886,-2.952538537909037,-1.964057454939507,0.689427444791594,-1.3017742873277445,4.82718040466256,-0.518607769939333,1.4811680893789303,-0.93401273895949,-1.0753844986386114
10.0,273.0,1000.0232543945312,-4.244100117058538,-2.952538283917713,-1.964057442868908,0.6894272888853061,-1.3017746632161806,4.827180712696592,-0.5186077576994181,1.481168115514623,-0.9340125334679374,-1.0753845684351164
10.0,273.0,1000.0231323242188,-4.244100086955262,-2.952538393639725,-1.9640574426352624,0.6894273583708728,-1.3017744964914728,4.82718058070404,-0.5186077652469665,1.481168106414433,-0.9340126259645808,-1.0753845381220128
10.0,273.0,1000.023193359375,-4.244100047797738,-2.952538531127665,-1.9640574566007327,0.6894274389797612,-1.3017743034925695,4.827180413202589,-0.5186077694475868,1.4811680868310493,-0.9340127279771416,-1.0753845085871403
10.0,273.0,1000.023193359375,-4.244100050448889,-2.9525384988213794,-1.964057459313166,0.6894274167191945,-1.301774360832055,4.827180453247248,-0.5186077652549868,1.4811680816268105,-0.9340126971963238,-1.0753845225310317
10.0,273.0,1000.0232543945312,-4.244100017454145,-2.9525386433202727,-1.9640574688498664,0.6894275066555462,-1.3017741463209025,4.82718027595525,-0.518607770212749,1.481168068744385,-0.9340128097782516,-1.0753844846337364
10.0,273.0,1000.023193359375,-4.244100187160901,-2.952538002817863,-1.964057426455944,0.6894271086799524,-1.3017750786164357,4.827181051814232,-0.5186077503828184,1.4811681407051367,-0.9340123182212974,-1.0753846379798286
10.0,273.0,1000.0233764648438,-4.244100104261045,-2.952538352841361,-1.9640574532518027,0.6894273234087187,-1.301774590122191,4.827180636353331,-0.5186077527578918,1.4811680922577477,-0.934012571245426,-1.075384564990686
10.0,273.0,1000.0232543945312,-4.244100032844647,-2.95253860677374,-1.9640574598335163,0.689427491817022,-1.3017741884000182,4.827180324140285,-0.5186077680383763,1.4811680830924343,-0.9340127818454054,-1.0753844893702589
10.0,273.0,1000.023193359375,-4.2441000592394,-2.952538509675801,-1.964057456513952,0.6894274260178026,-1.3017743385734954,4.827180442805874,-0.518607763334499,1.4811680870538255,-0.934012704596868,-1.0753845159087567
10.0,273.0,1000.0232543945312,-4.24410002752318,-2.952538608527061,-1.9640574636648296,0.689427489738911,-1.301774189297959,4.827180317820721,-0.5186077699183969,1.481168079339171,-0.9340127878821604,-1.0753844882765726
10.0,273.0,1000.0232543945312,-4.244099934761254,-2.952538949673177,-1.964057482066068,0.6894277031270875,-1.3017736770858828,4.827179907363163,-0.5186077828404221,1.4811680467734964,-0.9340130538705989,-1.0753843977042483
10.0,273.0,1000.0232543945312,-4.244100014458976,-2.9525386555358804,-1.9640574692733088,0.6894275126966729,-1.3017741364951578,4.827180266555258,-0.5186077709707781,1.4811680665464415,-0.9340128160425074,-1.0753844841490832
10.0,273.0,1000.023193359375,-4.244100089696207,-2.952538376492815,-1.9640574528546744,0.6894273443715102,-1.3017745433912986,4.82718060415082,-0.518607758978801,1.4811680971781571,-0.934012594099828,-1.0753845580041443
10.0,273.0,1000.0232543945312,-4.244100120252313,-2.9525382645818894,-1.9640574390661785,0.6894272740342764,-1.3017746913013366,4.827180735330316,-0.5186077600670487,1.4811681154065166,-0.9340125229097412,-1.0753845728460791
10.0,273.0,1000.0232543945312,-4.244100124940803,-2.95253824358529,-1.964057439363633,0.689427261209044,-1.3017747303732286,4.827180763447217,-0.518607759117975,1.4811681158257717,-0.9340125027985636,-1.0753845828854818
10.0,273.0,1000.023193359375,-4.2441001528405735,-2.9525381280164846,-1.964057429660409,0.6894271917155095,-1.3017748899767172,4.827180901163789,-0.5186077559837834,1.481168128455444,-0.9340124192596856,-1.075384606773795
10.0,273.0,1000.0232543945312,-4.244100117911319,-2.952538279286433,-1.964057439290265,0.6894272878090026,-1.3017746687701512,4.827180720219662,-0.5186077597966783,1.4811681176283231,-0.9340125310694845,-1.0753845702195837
10.0,273.0,1000.0232543945312,-4.244100125520623,-2.952538276582695,-1.9640574434614293,0.6894272814326445,-1.301774688229365,4.82718072955975,-0.5186077503893847,1.4811681080332804,-0.9340125151871188,-1.0753845789238192
10.0,273.0,1000.0233154296876,-4.244100009153891,-2.9525386942683403,-1.96405746934434,0.6894275416112015,-1.3017740724006472,4.827180222652185,-0.5186077681484758,1.4811680650493084,-0.9340128409168632,-1.0753844749931107
10.0,273.0,1000.0233154296876,-4.244100009293133,-2.95253867887863,-1.9640574620634856,0.6894275376641987,-1.3017740772698354,4.827180230854937,-0.5186077737826436,1.4811680770612954,-0.93401285044287,-1.0753844649774793
10.0,274.0,1000.0232543945312,-4.244100100751109,-2.9525383364072444,-1.964057441961065,0.6894273186690096,-1.301774585683018,4.827180650066596,-0.5186077624900998,1.481168108111507,-0.9340125799856542,-1.0753845520862502
10.0,274.0,1000.023193359375,-4.244100146988603,-2.9525381393228294,-1.9640574284458867,0.6894272027312276,-1.3017748640523692,4.827180886542115,-0.518607756564804,1.48116813131724,-0.9340124299204148,-1.075384601699798
10.0,274.0,1000.0232543945312,-4.244100101506803,-2.952538337107472,-1.9640574395158767,0.6894273228340335,-1.301774582743826,4.8271806502225285,-0.51860776300345,1.4811681104131535,-0.9340125814282372,-1.0753845526004553
10.0,274.0,1000.023193359375,-4.244100053114309,-2.9525385189557647,-1.964057454996096,0.6894274349473033,-1.3017743203513747,4.8271804301842725,-0.5186077662389961,1.4811680874300943,-0.9340127166365084,-1.0753845120478438
10.0,274.0,1000.0234375,-4.24410020668589,-2.95253792515568,-1.9640574192036195,0.6894270625811014,-1.3017751959675343,4.827181147000987,-0.5186077504560629,1.481168147708427,-0.934012259502878,-1.0753846607332158
10.0,274.0,1000.0232543945312,-4.244100153699548,-2.952538102549261,-1.9640574320059816,0.6894271749493885,-1.3017749224281387,4.827180928486122,-0.518607754922086,1.4811681294648258,-0.9340123993720928,-1.075384612459183
10.0,274.0,1000.0232543945312,-4.244100162708571,-2.952538095068741,-1.96405742765765,0.6894271738274274,-1.3017749429047627,4.827180943369418,-0.5186077528014135,1.4811681307051714,-0.9340123881143328,-1.075384620358454
10.0,274.0,1000.0233764648438,-4.244100094089917,-2.9525383581944578,-1.9640574442004024,0.6894273362388486,-1.3017745500391211,4.827180623284626,-0.5186077633833799,1.4811681080663046,-0.9340125949256954,-1.0753845474765948
10.0,274.0,1000.0232543945312,-4.244100033580332,-2.952538575320678,-1.9640574596982503,0.6894274702263337,-1.3017742359309432,4.827180361553392,-0.5186077707920616,1.4811680832524765,-0.9340127597534184,-1.0753844978753513
10.0,274.0,1000.023193359375,-4.244100236590227,-2.9525378379524607,-1.9640574108560045,0.6894270103942404,-1.3017753198315225,4.82718125718171,-0.5186077454190237,1.4811681622407988,-0.9340121908646468,-1.075384677906369
10.0,274.0,1000.023193359375,-4.244100223535022,-2.9525378828831697,-1.964057415651315,0.6894270375241804,-1.3017752535551357,4.827181201866251,-0.5186077444167552,1.4811681560176702,-0.9340122225405114,-1.075384666092058
10.0,274.0,1000.023193359375,-4.244100110900273,-2.952538302226101,-1.96405743355976,0.6894273014048347,-1.301774624551599,4.827180692039516,-0.5186077638610334,1.4811681177915856,-0.9340125594186725,-1.0753845564226627
10.0,274.0,1000.0234375,-4.24410020995837,-2.9525379107853675,-1.9640574152118293,0.6894270578143322,-1.301775205991606,4.827181166218384,-0.5186077496814017,1.4811681538913757,-0.934012250640678,-1.075384659193792
10.0,274.0,1000.0232543945312,-4.244099939593486,-2.9525389707446283,-1.9640574798888195,0.6894277202974592,-1.301773656061778,4.827179884489079,-0.5186077802733227,1.4811680477618785,-0.9340130650917312,-1.075384399163991
10.0,274.0,1000.023193359375,-4.244100055386388,-2.9525385109673943,-1.964057458966089,0.6894274249899466,-1.3017743444584151,4.827180436098848,-0.5186077647578564,1.4811680834240857,-0.934012707905736,-1.0753845184503934
10.0,274.0,1000.023193359375,-4.244100159829612,-2.9525381123765686,-1.964057427752384,0.6894271849836624,-1.3017749102967588,4.827180923878981,-0.5186077529615201,1.4811681322438126,-0.9340124022958278,-1.0753846116514727
10.0,274.0,1000.023193359375,-4.244100121464793,-2.952538236551853,-1.9640574388744088,0.689427255867864,-1.301774734268503,4.827180773346166,-0.5186077592008758,1.4811681153364686,-0.9340124972697836,-1.0753845811919858
10.0,274.0,1000.023193359375,-4.24410017277307,-2.952538059624347,-1.9640574248886349,0.6894271520580286,-1.3017749936573746,4.827180985375124,-0.5186077537025948,1.4811681373814132,-0.9340123628835588,-1.075384627437912
10.0,274.0,1000.023193359375,-4.244100152265452,-2.952538174077968,-1.9640574301834195,0.6894272242899397,-1.30177482317663,4.827180847335738,-0.5186077550396444,1.4811681315778005,-0.9340124499446568,-1.075384594571831
10.0,274.0,1000.0234375,-4.244099899255128,-2.9525390652997405,-1.9640574890033689,0.6894277732115395,-1.3017735082799158,4.827179767578398,-0.5186077888022398,1.4811680324802632,-0.9340131446820276,-1.0753843709847717
10.0,274.0,1000.023193359375,-4.244100048221908,-2.9525385120369565,-1.9640574564054976,0.68942742851132,-1.3017743342832446,4.827180438121978,-0.5186077682452614,1.4811680845062725,-0.934012709279826,-1.0753845188645923
10.0,274.0,1000.0232543945312,-4.244099938718322,-2.9525389639924944,-1.9640574761525944,0.6894277159164455,-1.301773656254804,4.827179892297615,-0.5186077832637137,1.4811680504642606,-0.9340130659153862,-1.075384395720309
10.0,274.0,1000.023193359375,-4.244100068094738,-2.952538434979724,-1.964057450804579,0.6894273775479229,-1.301774444887433,4.82718052807461,-0.518607768090205,1.4811680909479374,-0.934012658772855,-1.0753845315503736
10.0,274.0,1000.0232543945312,-4.244100019914481,-2.952538626726763,-1.964057458920996,0.6894275027049162,-1.3017741526150002,4.827180296067246,-0.518607774566954,1.4811680807582528,-0.934012807890178,-1.075384480495314
10.0,274.0,1000.0232543945312,-4.244100030744424,-2.9525385889517137,-1.9640574611603443,0.6894274765083566,-1.3017742120914817,4.8271803454831215,-0.5186077690070654,1.4811680797669036,-0.9340127694877438,-1.0753844937955566
10.0,274.0,1000.023193359375,-4.244100084813901,-2.952538375799172,-1.9640574509166824,0.6894273392169499,-1.301774537125345,4.827180602283747,-0.5186077640817803,1.4811680959926503,-0.9340126037737644,-1.07538455131232
10.0,274.0,1000.0232543945312,-4.24410010805538,-2.952538296469011,-1.9640574419822496,0.6894272975548041,-1.301774644620774,4.827180698576578,-0.5186077617716869,1.4811681126276903,-0.9340125445303924,-1.0753845676744094
10.0,274.0,1000.0232543945312,-4.24410010840901,-2.952538308956819,-1.964057444126732,0.6894273035736305,-1.30177463872996,4.827180681912546,-0.5186077572016217,1.4811681061784467,-0.9340125507402944,-1.07538457063781
10.0,274.0,1000.0232543945312,-4.244100118254432,-2.952538283441439,-1.9640574365840155,0.6894272917457753,-1.3017746631175156,4.827180718991226,-0.5186077585467288,1.4811681166424586,-0.9340125331471328,-1.075384569457528
10.0,274.0,1000.0231323242188,-4.244100088157428,-2.95253839137467,-1.964057445557236,0.6894273583212431,-1.301774501254687,4.827180582817171,-0.5186077631125059,1.4811681055128254,-0.9340126195991498,-1.0753845413139724
10.0,274.0,1000.0232543945312,-4.244100224518087,-2.952537880399885,-1.9640574168612488,0.6894270410755832,-1.301775267470159,4.8271812057871735,-0.5186077415980099,1.481168152094119,-0.9340122131848324,-1.0753846800079274
10.0,274.0,1000.0232543945312,-4.244100103580897,-2.952538315983819,-1.9640574440930385,0.6894273043512467,-1.3017746275632065,4.827180676919344,-0.5186077587492628,1.4811680997247478,-0.9340125577796146,-1.0753845685558687
10.0,274.0,1000.0233764648438,-4.244100097177615,-2.9525383336133686,-1.9640574479801671,0.6894273082046158,-1.3017746061667324,4.827180654055576,-0.5186077609501876,1.4811680953050477,-0.9340125729199276,-1.0753845618394848
10.0,274.0,1000.0231323242188,-4.244100076096931,-2.952538428743376,-1.9640574525187544,0.6894273772666555,-1.3017744550330472,4.827180538106223,-0.5186077633925326,1.4811680957727722,-0.9340126442214398,-1.0753845347658153
10.0,274.0,1000.023193359375,-4.244100185260345,-2.952538007049521,-1.964057424792892,0.6894271143617994,-1.3017750716082994,4.827181047614474,-0.518607751678938,1.4811681395973375,-0.9340123221563914,-1.0753846381828835
10.0,274.0,1000.0231323242188,-4.244100086288119,-2.9525383855222382,-1.964057444294616,0.689427354924792,-1.301774505369243,4.827180590405611,-0.5186077636758419,1.48116810807886,-0.934012618970784,-1.075384538922071
10.0,274.0,1000.023193359375,-4.244100130007455,-2.952538219083994,-1.9640574410140423,0.6894272418015497,-1.301774774021891,4.827180790639746,-0.51860775701621,1.4811681114755777,-0.9340124846368044,-1.0753845893306857
10.0,274.0,1000.0233154296876,-4.2441000072516655,-2.952538688201712,-1.9640574650938607,0.6894275393009908,-1.301774072502877,4.827180224212293,-0.5186077729510616,1.481168070014327,-0.9340128498055904,-1.0753844693525587
10.0,274.0,1000.023193359375,-4.24410006112751,-2.9525384873211564,-1.96405745806088,0.68942740984666,-1.3017743796749737,4.827180470199439,-0.518607763474864,1.481168084372392,-0.9340126843115312,-1.0753845258154513
10.0,274.0,1000.023193359375,-4.244100123853666,-2.9525382361681785,-1.964057435900247,0.6894272613176504,-1.3017747260615664,4.827180769616483,-0.5186077574960173,1.481168118867295,-0.934012501470491,-1.075384579851768
10.0,274.0,1000.0232543945312,-4.2441001202567925,-2.952538273118309,-1.9640574397917203,0.6894272799059884,-1.3017746833458994,4.827180728247111,-0.5186077599056187,1.4811681154958558,-0.9340125271467272,-1.0753845694893909
10.0,274.0,1000.023193359375,-4.244100044949574,-2.952538559137269,-1.96405745510824,0.689427462641965,-1.3017742569141308,4.8271803818970245,-0.5186077678789465,1.481168089232083,-0.9340127469613124,-1.0753845011251064
10.0,274.0,1000.0231323242188,-4.24410007528062,-2.952538427299463,-1.9640574512094136,0.68942737612476,-1.3017744582023305,4.827180539338352,-0.5186077644230762,1.481168096206531,-0.9340126464140122,-1.0753845349004991
10.0,274.0,1000.023193359375,-4.244100074799883,-2.9525384248443443,-1.964057449691885,0.6894273721774731,-1.3017744571898326,4.827180542958928,-0.5186077657472463,1.481168097245957,-0.9340126477329358,-1.0753845315430235
10.0,274.0,1000.0232543945312,-4.2441002284199705,-2.9525378440567023,-1.964057405513243,0.6894270201844144,-1.3017752953101691,4.827181244469514,-0.5186077488249206,1.481168165127694,-0.934012206226079,-1.0753846716454358
10.0,274.0,1000.023193359375,-4.244100139381239,-2.9525381911059787,-1.96405743431626,0.6894272316809049,-1.3017748099239008,4.8271808293816,-0.518607756124374,1.4811681198189603,-0.9340124617735128,-1.0753845973430265
10.0,274.0,1000.023193359375,-4.244099962471677,-2.952538882646628,-1.964057475575388,0.6894276610971231,-1.3017737918048051,4.827179990924865,-0.5186077794747082,1.48116805319426,-0.9340129983471704,-1.0753844219940656
10.0,274.0,1000.0232543945312,-4.244100121585636,-2.9525382540770533,-1.9640574407953908,0.6894272683430271,-1.3017747093971783,4.827180747787327,-0.5186077583933804,1.4811681152670833,-0.9340125125500992,-1.075384577383232
10.0,274.0,1000.023193359375,-4.244100071115383,-2.9525384447174927,-1.9640574520842384,0.6894273875869246,-1.301774437418865,4.827180521247513,-0.5186077631554369,1.4811680939374208,-0.9340126560027056,-1.075384533439415
10.0,274.0,1000.0232543945312,-4.244100097524752,-2.952538338624811,-1.9640574386244047,0.6894273285934736,-1.301774569978254,4.827180645968269,-0.5186077633602899,1.4811681123792786,-0.9340125843015432,-1.0753845510894289
10.0,275.0,1000.0234375,-4.244100201153965,-2.9525379534136493,-1.964057422411737,0.6894270808444523,-1.3017751552955814,4.827181111919177,-0.5186077490227081,1.4811681437445232,-0.9340122792248068,-1.075384653412959
10.0,275.0,1000.023193359375,-4.244100049526486,-2.952538517572916,-1.964057458146839,0.6894274308794586,-1.301774329652377,4.827180430986374,-0.5186077662833259,1.4811680834223149,-0.9340127140904668,-1.075384516384621
10.0,275.0,1000.023193359375,-4.24410021873785,-2.9525378718925075,-1.964057414885778,0.6894270318684654,-1.301775265000245,4.827181212851466,-0.5186077486045768,1.4811681555855705,-0.9340122191416338,-1.0753846698525282
10.0,275.0,1000.023193359375,-4.244100177581322,-2.9525380365646643,-1.964057424766888,0.6894271387441524,-1.3017750268103478,4.827181013380931,-0.5186077505825955,1.4811681392559084,-0.9340123441238556,-1.0753846309794843
10.0,275.0,1000.023193359375,-4.24410005764861,-2.9525385047379054,-1.9640574530306965,0.6894274289568418,-1.3017743374263868,4.827180447095509,-0.5186077660077002,1.4811680926549349,-0.9340127063623668,-1.0753845126253312
10.0,275.0,1000.0231323242188,-4.2441000790263645,-2.9525384124086047,-1.9640574487064293,0.6894273728928457,-1.301774471592037,4.827180555691825,-0.5186077621983562,1.4811681006813648,-0.9340126347033736,-1.0753845379657818
10.0,275.0,1000.0232543945312,-4.244100109409321,-2.952538310598686,-1.9640574480480848,0.6894273002277966,-1.3017746431676476,4.827180682050416,-0.5186077569981071,1.4811681009831688,-0.9340125471320206,-1.0753845727158544
10.0,275.0,1000.0231323242188,-4.244100078275927,-2.952538417747537,-1.96405744995426,0.6894273722210755,-1.3017744739890218,4.827180551423831,-0.5186077629947592,1.4811680960693518,-0.934012636697222,-1.0753845413504108
10.0,275.0,1000.023193359375,-4.244100037665745,-2.952538550972494,-1.9640574556334789,0.6894274557480955,-1.30177426369489,4.8271803876263935,-0.5186077723872167,1.481168087014285,-0.9340127470349522,-1.0753845010919585
10.0,275.0,1000.0231323242188,-4.244100084309385,-2.9525383970295542,-1.9640574468231304,0.689427360175868,-1.3017744995865257,4.827180576039648,-0.5186077633774904,1.4811681012878104,-0.9340126238740388,-1.0753845420717003
10.0,275.0,1000.0231323242188,-4.244100078596515,-2.9525384163781663,-1.9640574501137205,0.6894273694321402,-1.3017744738328003,4.8271805557421406,-0.5186077623865142,1.481168095974135,-0.934012635386246,-1.0753845384548266
10.0,275.0,1000.0233154296876,-4.244100017320699,-2.952538663538255,-1.9640574631071783,0.6894275272424615,-1.301774105011348,4.82718025536861,-0.5186077701590275,1.4811680743152564,-0.9340128268537402,-1.0753844770097984
10.0,275.0,1000.023193359375,-4.244100182421184,-2.952538041957127,-1.964057421844632,0.6894271421596967,-1.3017750104228858,4.827181010604701,-0.5186077504904301,1.4811681440742284,-0.9340123474482828,-1.0753846250807442
10.0,275.0,1000.0233764648438,-4.244100101957779,-2.952538325035617,-1.9640574424156032,0.6894273143223071,-1.3017746020427472,4.827180662936803,-0.5186077619486875,1.4811681103159096,-0.9340125687927854,-1.0753845582584676
10.0,275.0,1000.023193359375,-4.24410013288678,-2.952538222495629,-1.964057435865728,0.6894272546359925,-1.3017747560481134,4.827180789877444,-0.5186077543939875,1.48116812072627,-0.9340124831944588,-1.0753845896246164
10.0,275.0,1000.023193359375,-4.244100165286202,-2.9525381091960377,-1.96405742564148,0.6894271847740736,-1.3017749119826385,4.827180926870891,-0.5186077545483867,1.4811681409956634,-0.9340124031934768,-1.075384606966729
10.0,275.0,1000.023193359375,-4.244100129672604,-2.952538236862552,-1.964057437779375,0.6894272611119181,-1.3017747363975714,4.827180774454176,-0.5186077550052159,1.4811681194815742,-0.9340124932999084,-1.075384583510722
10.0,275.0,1000.0232543945312,-4.244100116917529,-2.9525382700477327,-1.9640574434963227,0.6894272763673754,-1.3017746879099843,4.827180728765088,-0.5186077590134381,1.4811681111128658,-0.9340125231312522,-1.0753845741640449
10.0,275.0,1000.0232543945312,-4.24410012014137,-2.95253827903148,-1.9640574405942828,0.6894272857659196,-1.301774676382443,4.827180719247517,-0.5186077579268797,1.481168116059032,-0.9340125289703254,-1.0753845721131672
10.0,275.0,1000.023193359375,-4.244100170153184,-2.95253805619624,-1.9640574318208124,0.6894271380284058,-1.301775015232573,4.827180987444091,-0.5186077506948621,1.481168123337138,-0.9340123572089628,-1.0753846324114624
10.0,275.0,1000.0231323242188,-4.244100081960291,-2.9525384084276087,-1.9640574491342688,0.6894273655385872,-1.3017744849509367,4.827180563058329,-0.5186077636125166,1.4811681004949362,-0.934012631233294,-1.075384540073033
10.0,275.0,1000.0234375,-4.2441002031731045,-2.952537961769855,-1.964057418825191,0.6894270906336413,-1.3017751412398608,4.827181107457097,-0.5186077477384927,1.4811681494293172,-0.934012282737263,-1.075384651519142
10.0,275.0,1000.0233154296876,-4.244100011503212,-2.952538668874336,-1.9640574629854624,0.6894275320736583,-1.3017740955939958,4.827180248633463,-0.5186077721970666,1.4811680760004773,-0.9340128326452372,-1.0753844745546184
10.0,275.0,1000.0232543945312,-4.244100093456656,-2.95253834976658,-1.964057445136441,0.6894273298699174,-1.301774569780498,4.827180632920591,-0.5186077620708422,1.481168104607847,-0.934012585872284,-1.0753845572191367
10.0,275.0,1000.0232543945312,-4.244100116916563,-2.9525382680483734,-1.964057440431061,0.6894272780109585,-1.30177469070081,4.827180736427655,-0.5186077571181267,1.4811681122701037,-0.9340125180227404,-1.0753845770648929
10.0,275.0,1000.0232543945312,-4.244100185301221,-2.9525380142368123,-1.9640574205604304,0.6894271219636563,-1.3017750580036278,4.8271810389327285,-0.5186077509719578,1.481168141425904,-0.934012330625289,-1.0753846362303898
10.0,275.0,1000.0232543945312,-4.24410010406299,-2.9525383215455583,-1.9640574437566445,0.6894273134026854,-1.3017746111336974,4.827180668782475,-0.5186077595358416,1.4811681093717688,-0.9340125612067158,-1.0753845628700098
10.0,275.0,1000.0232543945312,-4.244100111250486,-2.9525382945606986,-1.964057440967204,0.6894272950130578,-1.3017746437436175,4.827180701192098,-0.5186077592300329,1.4811681113003594,-0.9340125443174818,-1.075384564430657
10.0,275.0,1000.023193359375,-4.244100130249647,-2.952538205806727,-1.96405743972007,0.6894272338117347,-1.3017747813398262,4.827180809535774,-0.5186077578210311,1.4811681142663566,-0.9340124735437412,-1.075384589141919
10.0,275.0,1000.0232543945312,-4.244100261738762,-2.952537730895757,-1.9640574042167749,0.6894269465797853,-1.3017754748551456,4.827181385244106,-0.5186077406540885,1.481168170026237,-0.9340121085936196,-1.0753847063979705
10.0,275.0,1000.023193359375,-4.244100168570856,-2.9525380779966564,-1.964057428340935,0.6894271637569833,-1.3017749694114151,4.827180964829372,-0.5186077506269857,1.4811681319039174,-0.934012370954612,-1.0753846261740758
10.0,275.0,1000.0232543945312,-4.244100109422411,-2.952538278315086,-1.9640574413617609,0.6894272798513654,-1.3017746735683176,4.827180715736807,-0.5186077638031952,1.48116811123929,-0.9340125405879256,-1.0753845647796618
10.0,275.0,1000.023193359375,-4.244100171614978,-2.952538068130796,-1.9640574189768447,0.6894271616730032,-1.3017749604570632,4.827180973891085,-0.5186077555199544,1.4811681472902103,-0.934012378648081,-1.0753846120914776
10.0,275.0,1000.0233154296876,-4.244100005096112,-2.952538685587474,-1.9640574615721569,0.6894275387390625,-1.3017740617462,4.827180225977648,-0.518607776694954,1.4811680769985769,-0.9340128538801622,-1.0753844623352071
10.0,275.0,1000.023193359375,-4.244100147645056,-2.952538151747332,-1.9640574337559995,0.6894272043284309,-1.3017748632262762,4.827180874636321,-0.5186077545912919,1.481168121866716,-0.934012431357602,-1.0753846048912583
10.0,275.0,1000.0233764648438,-4.244100095257879,-2.952538330729861,-1.9640574434336464,0.6894273181876587,-1.3017745912950938,4.827180656528041,-0.5186077635201469,1.4811681061551774,-0.9340125741230328,-1.0753845590966806
10.0,275.0,1000.0232543945312,-4.244100164981897,-2.9525380967759887,-1.9640574323725568,0.6894271695319105,-1.3017749478806429,4.827180939859815,-0.5186077490879679,1.4811681249162048,-0.934012385946275,-1.0753846216431673
10.0,275.0,1000.023193359375,-4.244100151173879,-2.9525381504884955,-1.9640574329822709,0.6894272058027164,-1.3017748621961878,4.827180874520499,-0.518607753818066,1.4811681263922711,-0.9340124309810331,-1.0753846032375765
10.0,275.0,1000.0233764648438,-4.244100096470963,-2.952538341850089,-1.964057448701828,0.6894273190840554,-1.301774590105795,4.827180644342096,-0.5186077595950049,1.4811680979650514,-0.9340125751504988,-1.0753845613359534
10.0,275.0,1000.0232543945312,-4.244100107079113,-2.9525382977449093,-1.9640574520783467,0.689427291110194,-1.3017746656353495,4.827180696032462,-0.5186077566420497,1.4811680988832023,-0.934012533920475,-1.0753845803804012
10.0,275.0,1000.0232543945312,-4.244100107279728,-2.9525383137115826,-1.9640574390752348,0.6894273077092228,-1.3017746189983566,4.8271806803736,-0.5186077621777079,1.4811681140538733,-0.93401255828858,-1.0753845613203952
10.0,275.0,1000.023193359375,-4.244100047971855,-2.9525385272968,-1.964057458721992,0.6894274370599716,-1.3017743103852957,4.827180416001211,-0.5186077685401935,1.4811680835140484,-0.9340127241753108,-1.075384511755165
10.0,275.0,1000.0231323242188,-4.24410009052646,-2.952538385809685,-1.964057450892879,0.689427349526941,-1.3017745207135816,4.827180591590132,-0.5186077587617746,1.4811680988063962,-0.9340126076552188,-1.075384547018095
10.0,275.0,1000.023193359375,-4.24410006834286,-2.952538443257124,-1.964057454106097,0.6894273874470223,-1.301774438616668,4.82718051927826,-0.5186077646823168,1.4811680924515525,-0.9340126560129988,-1.0753845364507657
10.0,275.0,1000.0231323242188,-4.244100068999456,-2.9525384345965007,-1.964057452163996,0.6894273790812662,-1.3017744423564852,4.8271805287504925,-0.5186077651635106,1.481168093616266,-0.9340126562856844,-1.0753845275288167
10.0,275.0,1000.0233764648438,-4.244100089496338,-2.9525383600146475,-1.9640574475903505,0.6894273349043525,-1.3017745571923496,4.82718061784588,-0.5186077632815529,1.481168101679975,-0.9340125958256786,-1.0753845551972363
10.0,275.0,1000.023193359375,-4.244100126783847,-2.952538234457058,-1.96405743476411,0.6894272594356119,-1.3017747267673467,4.827180773524727,-0.5186077602307657,1.4811681251678612,-0.9340125023945128,-1.0753845734099037
10.0,275.0,1000.023193359375,-4.244100073172987,-2.9525384472359124,-1.9640574482477664,0.6894273929751913,-1.3017744174653156,4.827180513437954,-0.5186077644237734,1.4811681008608009,-0.9340126662100454,-1.0753845228438608
10.0,275.0,1000.0232543945312,-4.244100095322034,-2.952538335707591,-1.964057443448746,0.6894273243828009,-1.3017745790030515,4.8271806478384764,-0.5186077627848524,1.4811681099838738,-0.934012578309817,-1.0753845551330752
10.0,275.0,1000.0232543945312,-4.244100112615009,-2.952538271359087,-1.9640574424575448,0.6894272765575344,-1.301774692854727,4.827180729813538,-0.5186077592887477,1.4811681054158257,-0.9340125234971212,-1.0753845794087424
10.0,276.0,1000.023193359375,-4.244100091846965,-2.95253837152186,-1.9640574477264257,0.6894273433044109,-1.3017745437870438,4.827180611234812,-0.5186077605872343,1.4811681018786818,-0.9340125980187136,-1.0753845524324823
10.0,276.0,1000.0231323242188,-4.244100081844101,-2.9525384236341683,-1.9640574518794511,0.6894273738810259,-1.301774465238592,4.82718054496989,-0.518607762102901,1.4811680973085473,-0.9340126377830008,-1.075384537638028
10.0,276.0,1000.023193359375,-4.2441001671527046,-2.952538110981925,-1.9640574270553577,0.6894271872711313,-1.301774913946713,4.827180924338331,-0.5186077502528956,1.4811681365389218,-0.9340124004619,-1.0753846111707597
10.0,276.0,1000.0231323242188,-4.244100079835047,-2.952538428381746,-1.964057452748656,0.689427376159153,-1.3017744619256573,4.827180539261173,-0.5186077607711503,1.4811680934273284,-0.9340126407186772,-1.0753845383941254
10.0,276.0,1000.0233764648438,-4.2441000914637215,-2.9525383705420976,-1.964057445473068,0.6894273429191493,-1.3017745354571213,4.82718060835855,-0.5186077609758648,1.4811681009151698,-0.9340126032143744,-1.075384547950332
10.0,276.0,1000.0232543945312,-4.2441000227797385,-2.952538639681124,-1.9640574645267304,0.6894275138880648,-1.3017741466342638,4.82718028457708,-0.518607766500355,1.4811680736246222,-0.934012802702144,-1.0753844883113175
10.0,276.0,1000.023193359375,-4.244100140837085,-2.952538189081749,-1.9640574336976573,0.6894272314285121,-1.301774802036881,4.827180829966087,-0.518607755556153,1.4811681247325676,-0.9340124602456576,-1.075384592808588
10.0,276.0,1000.023193359375,-4.244100154454844,-2.952538125405888,-1.9640574342899697,0.6894271898596589,-1.3017749030595294,4.827180905853915,-0.5186077515904621,1.481168124123564,-0.9340124083618936,-1.0753846129315274
10.0,276.0,1000.023193359375,-4.244100166813169,-2.952538080641482,-1.9640574308293908,0.689427159868651,-1.301774967387792,4.827180957170281,-0.5186077506218396,1.4811681285163667,-0.9340123770867832,-1.0753846236068885
10.0,276.0,1000.0233764648438,-4.2441000985655695,-2.952538323015633,-1.964057447020828,0.6894273093773551,-1.3017746131737025,4.827180665374996,-0.5186077599072805,1.481168099987567,-0.9340125640295244,-1.0753845638804966
10.0,276.0,1000.023193359375,-4.244100170034254,-2.952538055718878,-1.9640574320418192,0.6894271439220123,-1.3017750086348072,4.8271809909637735,-0.5186077497578898,1.481168126836855,-0.9340123509545356,-1.0753846355216332
10.0,276.0,1000.023193359375,-4.244100136160535,-2.952538197221502,-1.9640574327282585,0.6894272377107544,-1.3017747808872429,4.8271808155851375,-0.5186077584841478,1.4811681273085986,-0.934012474209622,-1.075384585465693
10.0,276.0,1000.023193359375,-4.244100139914435,-2.952538207321791,-1.9640574342363304,0.6894272427296064,-1.30177477785476,4.827180807041726,-0.5186077555349256,1.4811681245562551,-0.9340124754988076,-1.0753845883082924
10.0,276.0,1000.0231323242188,-4.244100088783204,-2.9525383919057684,-1.9640574535106312,0.6894273499840429,-1.3017745222092798,4.827180585730771,-0.518607758913685,1.4811680925519255,-0.9340126092003836,-1.075384551387485
10.0,276.0,1000.0231323242188,-4.244100079285255,-2.952538416166882,-1.9640574464016272,0.6894273716810408,-1.3017744737603958,4.827180554085013,-0.5186077646633249,1.481168101035827,-0.9340126409823633,-1.075384535164532
10.0,276.0,1000.023193359375,-4.244100129672885,-2.952538206451379,-1.9640574329736704,0.6894272404012565,-1.301774764517902,4.827180805408473,-0.518607761108834,1.4811681242467865,-0.9340124840647236,-1.0753845808602125
10.0,276.0,1000.0231323242188,-4.244100080883515,-2.952538408873979,-1.9640574507116,0.6894273639612827,-1.301774483706489,4.827180564228396,-0.518607761915928,1.4811680970142538,-0.9340126283755036,-1.0753845388536476
10.0,276.0,1000.023193359375,-4.244100135567363,-2.952538199865654,-1.964057436922782,0.6894272386913762,-1.3017747887071702,4.827180815266852,-0.5186077544084329,1.4811681211521597,-0.9340124685684073,-1.0753845907802084
10.0,276.0,1000.023193359375,-4.2441000423062745,-2.952538550045011,-1.964057460498685,0.6894274522327244,-1.301774279620342,4.827180391397265,-0.5186077663658546,1.481168081562915,-0.934012738195845,-1.0753845059549365
10.0,276.0,1000.023193359375,-4.244100128181202,-2.952538218550472,-1.964057439299773,0.6894272470112597,-1.3017747576628285,4.8271807908119975,-0.5186077574001065,1.481168118817057,-0.9340124858419908,-1.0753845837138378
10.0,276.0,1000.0231323242188,-4.244100091209946,-2.952538379235106,-1.964057444191612,0.6894273495851326,-1.3017745240166856,4.827180601494929,-0.5186077627818282,1.4811681059478756,-0.9340126092531662,-1.0753845442699037
10.0,276.0,1000.0233764648438,-4.244099997569059,-2.952538714664567,-1.964057464123972,0.6894275605948428,-1.301774021113312,4.82718019202354,-0.5186077757531846,1.4811680721356124,-0.9340128737204498,-1.075384457396522
10.0,276.0,1000.0231323242188,-4.244100086931727,-2.9525383836847507,-1.96405744781908,0.6894273493884704,-1.3017745113704846,4.827180590234994,-0.518607763517716,1.4811681034135535,-0.9340126144605012,-1.075384541988465
10.0,276.0,1000.0232543945312,-4.2441001095818045,-2.952538309486383,-1.964057441006824,0.6894273031238152,-1.301774625478591,4.827180682629603,-0.5186077632879531,1.481168116387252,-0.9340125589070656,-1.0753845578564074
10.0,276.0,1000.0231323242188,-4.24410008485544,-2.95253839523007,-1.9640574466040863,0.6894273599656762,-1.3017744992384557,4.827180578775735,-0.5186077627882142,1.4811681036084847,-0.9340126225028288,-1.075384540864989
10.0,276.0,1000.0233764648438,-4.24410010272164,-2.952538329039725,-1.9640574469384824,0.6894273133707864,-1.301774606872602,4.827180659296189,-0.5186077585138751,1.4811681028088843,-0.934012565961547,-1.0753845606882666
10.0,276.0,1000.023193359375,-4.244100153533916,-2.9525381199514578,-1.9640574371914377,0.6894271853959619,-1.3017749160626408,4.827180910246971,-0.5186077501777451,1.481168119948202,-0.9340124021728532,-1.0753846190039935
10.0,276.0,1000.0232543945312,-4.244100110381514,-2.9525382912833864,-1.964057439635992,0.6894272918470836,-1.3017746479061634,4.827180704333928,-0.5186077616602605,1.481168112924899,-0.9340125438808348,-1.075384565462123
10.0,276.0,1000.0232543945312,-4.244100022058542,-2.952538622680135,-1.9640574599137968,0.6894275000844363,-1.3017741632569608,4.8271803027518665,-0.5186077721469848,1.481168078986224,-0.9340128016566238,-1.0753844830914487
10.0,276.0,1000.0234375,-4.244100215152134,-2.9525379116265804,-1.964057420201757,0.689427053768183,-1.3017752155755251,4.827181165741944,-0.5186077451320017,1.481168148928048,-0.9340122434267056,-1.0753846636224085
10.0,276.0,1000.0232543945312,-4.244099930016314,-2.9525390028166574,-1.9640574891175424,0.6894277354607876,-1.3017736218331653,4.827179845769422,-0.5186077777462348,1.4811680359499668,-0.9340130830290674,-1.0753843958063576
10.0,276.0,1000.0232543945312,-4.244100109777239,-2.952538318601187,-1.9640574456780224,0.6894273110714275,-1.3017746192754172,4.827180670342285,-0.5186077558129938,1.4811681076777958,-0.934012557036726,-1.0753845651483402
10.0,276.0,1000.023193359375,-4.244100132713943,-2.952538181135435,-1.964057433911768,0.6894272233304228,-1.3017748026079232,4.827180834710065,-0.5186077604483863,1.4811681253439453,-0.934012465590186,-1.0753845846421766
10.0,276.0,1000.0231323242188,-4.244100080934476,-2.9525384202238505,-1.9640574437151188,0.6894273795488406,-1.301774454942544,4.82718054743874,-0.5186077643738995,1.481168105977721,-0.9340126462325076,-1.0753845330708731
10.0,276.0,1000.0233154296876,-4.24410000430415,-2.9525386941963547,-1.964057461259674,0.6894275503970304,-1.3017740522145966,4.827180215550657,-0.5186077756884142,1.481168078059247,-0.93401285881351,-1.0753844638934087
10.0,276.0,1000.0234375,-4.244100198644234,-2.952537953433768,-1.964057424046272,0.689427080024374,-1.3017751638557002,4.827181110962295,-0.5186077470979766,1.481168137707849,-0.9340122780445634,-1.0753846595372227
10.0,276.0,1000.0231323242188,-4.244100075519305,-2.9525384310254763,-1.96405745266656,0.689427380523659,-1.301774453846706,4.8271805378904205,-0.5186077615190472,1.481168093988634,-0.9340126423636406,-1.0753845382345917
10.0,276.0,1000.023193359375,-4.244100142526288,-2.9525381847849217,-1.9640574361810343,0.6894272291606098,-1.3017748166710748,4.827180833273536,-0.5186077536211418,1.4811681203974425,-0.93401245550488,-1.0753845992272677
10.0,276.0,1000.0232543945312,-4.2441001230358415,-2.9525382573741816,-1.964057445719578,0.6894272679733104,-1.301774721320998,4.827180747515174,-0.5186077550135231,1.4811681078024428,-0.9340125043955424,-1.075384586967835
10.0,276.0,1000.0232543945312,-4.244100015168015,-2.9525386610210425,-1.964057467944445,0.689427519784779,-1.301774119051804,4.827180256647223,-0.5186077697075788,1.481168070587847,-0.9340128216900982,-1.0753844797082546
10.0,276.0,1000.0231323242188,-4.244100086410881,-2.952538388283331,-1.9640574474269847,0.6894273529594228,-1.3017745116185306,4.827180587202317,-0.5186077630259662,1.481168101403063,-0.9340126168174416,-1.075384543140436
10.0,276.0,1000.0231323242188,-4.24410008370275,-2.952538404516216,-1.9640574496776264,0.6894273646588633,-1.3017744844773866,4.82718056752136,-0.5186077612001956,1.4811681004455457,-0.9340126272580777,-1.0753845383641183
10.0,276.0,1000.0231323242188,-4.244100172213086,-2.952538095046075,-1.964057432515548,0.6894271702166712,-1.3017749562895773,4.827180945789024,-0.5186077476084359,1.481168129128669,-0.9340123788291876,-1.075384622209823
10.0,276.0,1000.023193359375,-4.244100220566439,-2.952537880997065,-1.9640574180507155,0.6894270365497492,-1.3017752624732393,4.827181203339077,-0.5186077444467898,1.4811681518960649,-0.9340122192085208,-1.0753846724935134
10.0,276.0,1000.0233764648438,-4.244100102930674,-2.952538327504034,-1.9640574420585049,0.6894273182084811,-1.3017745978422552,4.827180661946276,-0.5186077604622676,1.48116810890631,-0.9340125682693968,-1.0753845605982757
10.0,276.0,1000.023193359375,-4.244100062546739,-2.95253847964782,-1.964057453327403,0.689427412374874,-1.3017743744319912,4.827180475205617,-0.5186077656475465,1.4811680941865015,-0.934012687358898,-1.0753845200939955
10.0,276.0,1000.023193359375,-4.244100149617338,-2.952538137605214,-1.9640574294630648,0.6894271969009154,-1.3017748722326514,4.827180888582141,-0.5186077572078789,1.481168128788016,-0.934012428878825,-1.075384601094234
10.0,276.0,1000.023193359375,-4.244100027523206,-2.952538614535602,-1.9640574609598973,0.6894274950575472,-1.3017741829903868,4.827180317229711,-0.5186077690676347,1.4811680772722848,-0.9340127865766404,-1.0753844921586668
10.0,276.0,1000.023193359375,-4.244100068709264,-2.952538451866365,-1.9640574538690911,0.689427390660196,-1.3017744264730648,4.827180511878595,-0.5186077637060302,1.4811680916873955,-0.9340126598481548,-1.075384533192362
10.0,276.0,1000.023193359375,-4.244100089265052,-2.952538375469069,-1.964057445788464,0.6894273439560274,-1.3017745323974177,4.827180605042509,-0.5186077638980464,1.4811681015792129,-0.9340126059779496,-1.0753845490668916
10.0,277.0,1000.0231323242188,-4.244100077892156,-2.952538424879868,-1.964057451227316,0.6894273763369902,-1.3017744619141025,4.827180544417171,-0.5186077630628096,1.4811680976675232,-0.9340126404103036,-1.0753845377139726
10.0,277.0,1000.023193359375,-4.244100060146204,-2.952538485012509,-1.9640574528604464,0.6894274133179294,-1.3017743673272086,4.827180469434744,-0.518607766507257,1.4811680924739503,-0.9340126928891026,-1.0753845182910098
10.0,277.0,1000.023193359375,-4.2441000502526505,-2.95253852155208,-1.9640574555143973,0.6894274358997441,-1.3017743161652562,4.827180423100844,-0.5186077692138973,1.4811680883963518,-0.9340127236727468,-1.07538450876852
10.0,277.0,1000.0232543945312,-4.244100111961942,-2.9525382712869663,-1.964057439433213,0.6894272810026711,-1.3017746804860724,4.827180725359844,-0.518607759948539,1.481168112248409,-0.9340125301023674,-1.0753845732158478
10.0,277.0,1000.023193359375,-4.244100127926139,-2.9525382361230377,-1.964057436692454,0.6894272587590979,-1.3017747281911998,4.8271807735471945,-0.5186077579676036,1.481168120834039,-0.9340124994301088,-1.0753845763314305
10.0,277.0,1000.023193359375,-4.244100138600626,-2.9525382018450417,-1.9640574322685147,0.6894272410120887,-1.3017747855932829,4.827180814960972,-0.5186077554236457,1.4811681239783523,-0.9340124717312984,-1.075384592006133
10.0,277.0,1000.023193359375,-4.244100130419161,-2.952538228917028,-1.964057435969437,0.6894272561042589,-1.3017747467997012,4.8271807805215285,-0.5186077573056158,1.4811681195113664,-0.9340124938717232,-1.075384582354479
10.0,277.0,1000.023193359375,-4.244100089596191,-2.9525383721618006,-1.9640574519367164,0.6894273397025605,-1.3017745423191585,4.827180603894044,-0.518607759811796,1.4811680959300553,-0.9340126001620996,-1.07538455178707
10.0,277.0,1000.023193359375,-4.2441000271282805,-2.952538617850081,-1.9640574683339336,0.689427487986559,-1.3017741948242656,4.827180311718824,-0.5186077656478707,1.481168065818269,-0.9340127839968392,-1.0753844958967944
10.0,277.0,1000.023193359375,-4.244100078584884,-2.952538426202221,-1.9640574450289243,0.6894273807104865,-1.301774446367958,4.827180540642871,-0.5186077657601729,1.4811681051613776,-0.9340126506545738,-1.0753845290317043
10.0,277.0,1000.0233764648438,-4.244100092154668,-2.9525383677409787,-1.964057444845152,0.6894273437841338,-1.3017745396718583,4.827180613509055,-0.5186077617996512,1.4811681068941578,-0.9340125998190434,-1.075384549529899
10.0,277.0,1000.0232543945312,-4.2441001115524895,-2.952538294274429,-1.9640574413828604,0.6894272947006765,-1.301774653355498,4.827180701841892,-0.5186077598723724,1.481168110643198,-0.9340125431176024,-1.0753845685091692
10.0,277.0,1000.023193359375,-4.244100131104761,-2.9525382439564147,-1.9640574373217257,0.6894272646493507,-1.30177472869308,4.827180765348077,-0.5186077560991773,1.4811681184060976,-0.9340125006618392,-1.0753845809847151
10.0,277.0,1000.023193359375,-4.2441001361904975,-2.952538208192548,-1.9640574359061072,0.6894272392653011,-1.3017747777067674,4.827180804867876,-0.5186077571819663,1.4811681212691132,-0.9340124783107084,-1.0753845851317276
10.0,277.0,1000.023193359375,-4.244100138412568,-2.952538210821199,-1.964057438224175,0.6894272427557091,-1.3017747814102072,4.827180802942088,-0.5186077542398504,1.4811681183149252,-0.934012474891345,-1.075384590613513
10.0,277.0,1000.0232543945312,-4.244100036861825,-2.9525385823441046,-1.964057459158861,0.6894274755007279,-1.3017742275215296,4.827180353829082,-0.5186077690509379,1.4811680829525518,-0.9340127657983546,-1.0753844941466744
10.0,277.0,1000.0231323242188,-4.244100077789593,-2.9525384208747703,-1.9640574509903308,0.6894273724577893,-1.3017744674685434,4.827180549294143,-0.5186077637817732,1.4811680980355222,-0.9340126375605936,-1.0753845378071731
10.0,277.0,1000.023193359375,-4.244100060467526,-2.952538501542718,-1.9640574550609764,0.6894274263391607,-1.3017743531536956,4.827180451713479,-0.5186077639711844,1.481168090087042,-0.9340126995873934,-1.0753845196792584
10.0,277.0,1000.0232543945312,-4.244100118830144,-2.952538270696942,-1.964057441701939,0.6894272763671854,-1.3017746892938191,4.827180730283651,-0.5186077578173887,1.4811681099719118,-0.9340125238148403,-1.075384573477614
10.0,277.0,1000.0233154296876,-4.244100017450617,-2.9525386729799843,-1.9640574666163249,0.689427529355715,-1.3017740983321555,4.827180245023721,-0.5186077701411378,1.4811680738747457,-0.9340128319031162,-1.0753844715136325
10.0,277.0,1000.0232543945312,-4.244100102221253,-2.9525383333299566,-1.964057443785701,0.6894273220944891,-1.3017745879374654,4.827180651305095,-0.5186077596220482,1.4811681112152488,-0.93401257576825,-1.075384554784344
10.0,277.0,1000.023193359375,-4.24410016794031,-2.952538079199093,-1.9640574261508728,0.689427161965356,-1.301774961861745,4.827180963317076,-0.5186077531906097,1.481168136727396,-0.9340123782405804,-1.075384617971065
10.0,277.0,1000.023193359375,-4.244100143250615,-2.952538176129322,-1.9640574341454768,0.6894272225724833,-1.301774824311232,4.827180845075869,-0.5186077551460686,1.481168122817346,-0.934012449886187,-1.0753845981148773
10.0,277.0,1000.023193359375,-4.2441001474111175,-2.952538165093305,-1.964057433829523,0.6894272161104968,-1.3017748379143603,4.827180857334346,-0.5186077539133853,1.4811681275740494,-0.93401244187703,-1.075384596733023
10.0,277.0,1000.0232543945312,-4.244100094939929,-2.9525383560314715,-1.9640574466224328,0.6894273336353045,-1.301774559477462,4.827180625869357,-0.5186077610355175,1.4811681036880886,-0.9340125897534896,-1.0753845531991062
10.0,277.0,1000.0231323242188,-4.244100079442199,-2.952538404656679,-1.964057450187768,0.6894273610348005,-1.3017744893546936,4.82718056461418,-0.5186077625081005,1.481168095000788,-0.9340126298684188,-1.075384541890715
10.0,277.0,1000.023193359375,-4.244100076692621,-2.9525384096445446,-1.9640574482717963,0.6894273654376644,-1.3017744761387977,4.827180559007578,-0.5186077658704917,1.481168099166692,-0.9340126384945756,-1.075384534487187
10.0,277.0,1000.023193359375,-4.244100078328738,-2.9525384337529825,-1.9640574464094864,0.6894273828627098,-1.301774437165073,4.827180532049244,-0.5186077646628604,1.481168104011558,-0.9340126567707898,-1.0753845238024209
10.0,277.0,1000.023193359375,-4.244100167972907,-2.952538114962936,-1.9640574284663028,0.6894271866459434,-1.3017749181286755,4.827180922793,-0.5186077493947474,1.481168132263483,-0.9340123965473291,-1.075384617400573
10.0,277.0,1000.023193359375,-4.244100144570817,-2.952538182375829,-1.9640574353008675,0.689427222551318,-1.3017748192652956,4.827180837681189,-0.5186077537873937,1.4811681222055846,-0.9340124544874532,-1.0753845944669695
10.0,277.0,1000.0231323242188,-4.244100079416217,-2.952538418916609,-1.9640574510734927,0.6894273713102663,-1.3017744733963823,4.8271805537315,-0.5186077613714426,1.4811680970895384,-0.934012633434392,-1.075384538951103
10.0,277.0,1000.0232543945312,-4.244100039576869,-2.9525385744621144,-1.9640574581602213,0.689427467946385,-1.3017742339712113,4.827180362422705,-0.5186077698459481,1.481168085968369,-0.934012762793234,-1.075384492729656
10.0,277.0,1000.0231323242188,-4.2441000867260925,-2.952538383781216,-1.964057450937687,0.6894273473850792,-1.301774523877182,4.827180595146478,-0.5186077613139304,1.4811680991202625,-0.934012606595144,-1.0753845468871417
10.0,277.0,1000.0232543945312,-4.244100014806317,-2.9525386527087187,-1.9640574634885204,0.6894275172880189,-1.3017741205334827,4.82718026972714,-0.5186077722555771,1.4811680767454636,-0.9340128197665312,-1.075384476359924
10.0,277.0,1000.023193359375,-4.244100155819918,-2.952538142309924,-1.9640574285340309,0.6894272068617209,-1.3017748657572366,4.827180887109513,-0.5186077528515822,1.481168134134533,-0.934012425002912,-1.0753846028077234
10.0,277.0,1000.023193359375,-4.244100132875294,-2.952538215158984,-1.9640574370661728,0.6894272465484104,-1.3017747674477196,4.827180797438725,-0.5186077561381088,1.4811681190537265,-0.934012480092994,-1.075384589664865
10.0,277.0,1000.0232543945312,-4.244100025616116,-2.952538615852873,-1.9640574583118304,0.6894274969701701,-1.3017741704038397,4.827180308533484,-0.5186077721725768,1.481168082127983,-0.9340128009243962,-1.0753844808576165
10.0,277.0,1000.023193359375,-4.244100059187738,-2.952538511516281,-1.9640574528828296,0.6894274368567341,-1.3017743278439218,4.827180437992602,-0.5186077631117305,1.4811680932695823,-0.9340127095332224,-1.0753845139039546
10.0,277.0,1000.023193359375,-4.244100072290099,-2.952538449238655,-1.9640574513367608,0.6894273941902194,-1.301774423940337,4.8271805154049385,-0.5186077621474485,1.4811680978374522,-0.9340126593172666,-1.0753845290315929
10.0,277.0,1000.023193359375,-4.24410020070128,-2.9525379650272354,-1.96405742218404,0.6894270877703343,-1.3017751370525006,4.827181100454329,-0.5186077478924558,1.481168145525908,-0.934012286898648,-1.0753846480569025
10.0,277.0,1000.023193359375,-4.244100128271982,-2.952538218154308,-1.9640574369036303,0.6894272476776733,-1.3017747581893362,4.827180790846398,-0.518607758524193,1.4811681188029402,-0.934012489643707,-1.0753845828089044
10.0,277.0,1000.0232543945312,-4.244100033070977,-2.952538603356121,-1.9640574600827403,0.6894274889734175,-1.301774194385107,4.827180325728227,-0.5186077676407104,1.4811680817128048,-0.9340127822343024,-1.0753844895368845
10.0,277.0,1000.0233764648438,-4.244100001966447,-2.9525387112428603,-1.9640574690863004,0.68942755207574,-1.301774041525194,4.827180195006726,-0.5186077723882558,1.4811680656107784,-0.934012865523366,-1.0753844652864435
10.0,277.0,1000.0233764648438,-4.244100096869511,-2.9525383616972007,-1.9640574425317552,0.6894273417762182,-1.3017745414820912,4.827180622203537,-0.518607761402226,1.4811681117314848,-0.9340125955124448,-1.075384545370083
10.0,277.0,1000.023193359375,-4.244100034370678,-2.952538609888689,-1.9640574569572624,0.6894274971507732,-1.3017741807165728,4.8271803174262615,-0.5186077698678089,1.481168086828795,-0.9340127904754052,-1.0753844854597028
10.0,277.0,1000.0232543945312,-4.24410003798848,-2.952538572021568,-1.9640574579650067,0.6894274685445527,-1.3017742386119924,4.827180365302631,-0.5186077700966178,1.4811680859898324,-0.9340127598114716,-1.0753844950102187
10.0,277.0,1000.0232543945312,-4.244100119305169,-2.9525382641756432,-1.9640574412589349,0.6894272755374375,-1.3017747021638453,4.827180740141957,-0.5186077563328846,1.4811681100391425,-0.9340125153898065,-1.075384580565013
10.0,277.0,1000.023193359375,-4.244100203388381,-2.952537976359116,-1.9640574188464743,0.6894271017554878,-1.3017751111882014,4.827181087260119,-0.5186077472130437,1.481168152203968,-0.9340122960126244,-1.075384641994904
10.0,277.0,1000.023193359375,-4.244100132618516,-2.952538223623029,-1.9640574348165392,0.6894272528274055,-1.3017747479934298,4.8271807865898015,-0.5186077585306679,1.481168124283899,-0.9340124907941334,-1.0753845803800886
10.0,277.0,1000.023193359375,-4.244100045052416,-2.9525385536386097,-1.9640574629097425,0.6894274523453445,-1.3017742879259862,4.827180391019507,-0.5186077627059618,1.4811680752616798,-0.9340127331855728,-1.0753845128869417
10.0,278.0,1000.0232543945312,-4.244100116550474,-2.9525382737690014,-1.9640574419426224,0.689427282575549,-1.3017746830977823,4.827180728650735,-0.5186077579554649,1.4811681133293757,-0.9340125207529208,-1.075384576282052
10.0,278.0,1000.0232543945312,-4.244100114034814,-2.95253829286705,-1.9640574471377088,0.6894272902440974,-1.3017746676035418,4.827180704971223,-0.5186077553641066,1.481168103584909,-0.9340125323640692,-1.075384576231503
10.0,278.0,1000.0231323242188,-4.244100082283693,-2.952538405838389,-1.9640574445813688,0.6894273708519023,-1.3017744784922107,4.827180565974915,-0.518607762947922,1.4811681050615384,-0.9340126313402486,-1.0753845380441502
10.0,278.0,1000.0232543945312,-4.244100184722469,-2.952538021341408,-1.964057424701406,0.6894271253419273,-1.3017750524488134,4.827181033601759,-0.5186077492023378,1.4811681391403215,-0.9340123286842434,-1.075384638118018
10.0,278.0,1000.023193359375,-4.2441001325529,-2.9525382130935185,-1.9640574405768585,0.6894272430728607,-1.301774775345938,4.827180802133031,-0.518607753974277,1.4811681162479235,-0.9340124728761552,-1.0753845918547404
10.0,278.0,1000.023193359375,-4.244100151102988,-2.952538157663374,-1.964057431672939,0.6894272133233876,-1.3017748465777237,4.827180869584719,-0.5186077547696382,1.4811681328143536,-0.9340124338425876,-1.0753845996815987
10.0,278.0,1000.023193359375,-4.24410004676989,-2.95253854116,-1.9640574568979643,0.6894274487020526,-1.3017742868664546,4.8271804011226624,-0.5186077668722247,1.4811680865090482,-0.9340127345588902,-1.075384505459331
10.0,278.0,1000.023193359375,-4.244100153904595,-2.952538141437338,-1.96405743430113,0.6894271995063086,-1.3017748753963954,4.827180887041436,-0.5186077531824207,1.4811681276338966,-0.9340124212515032,-1.075384605749496
10.0,278.0,1000.023193359375,-4.244100139482272,-2.9525381783992426,-1.9640574384844585,0.6894272210525294,-1.301774826794262,4.827180840698995,-0.518607753449297,1.4811681162201251,-0.9340124499044168,-1.0753846010948471
10.0,278.0,1000.0232543945312,-4.244100123510439,-2.952538255267375,-1.96405743873767,0.6894272687769547,-1.3017747053306357,4.827180748975795,-0.5186077584824824,1.4811681163105035,-0.9340125133117604,-1.0753845740684582
10.0,278.0,1000.023193359375,-4.24410012995356,-2.9525382325452427,-1.964057438593681,0.689427256214187,-1.3017747470766272,4.827180778648202,-0.5186077542931526,1.4811681152946132,-0.9340124896496906,-1.0753845887510742
10.0,278.0,1000.0233764648438,-4.244100096558796,-2.952538367374096,-1.964057444769714,0.6894273443850416,-1.3017745416771636,4.827180615350672,-0.5186077597877956,1.481168106808548,-0.9340125959110672,-1.075384550851565
10.0,278.0,1000.0232543945312,-4.244100112233149,-2.9525383054268977,-1.9640574430040472,0.6894273015345407,-1.3017746381250883,4.8271806881618335,-0.5186077578838253,1.481168109264929,-0.934012547569532,-1.0753845680590772
10.0,278.0,1000.023193359375,-4.244100086397716,-2.9525383738687263,-1.964057447393716,0.6894273445433905,-1.3017745313560978,4.827180602333245,-0.5186077630139847,1.4811681023957295,-0.934012606289584,-1.0753845477946893
10.0,278.0,1000.0232543945312,-4.24410016986109,-2.9525380961833205,-1.96405742680698,0.6894271772922869,-1.301774934169711,4.827180942084864,-0.5186077508828992,1.4811681393491618,-0.9340123882868508,-1.0753846133318024
10.0,278.0,1000.023193359375,-4.244100066441972,-2.952538468847324,-1.964057454210857,0.6894274021789473,-1.3017744043706232,4.82718049054867,-0.5186077639052193,1.481168089652087,-0.9340126736934966,-1.07538453003402
10.0,278.0,1000.023193359375,-4.244100135635578,-2.9525382065416808,-1.964057436014539,0.6894272408789561,-1.3017747768574797,4.827180805875658,-0.5186077563510176,1.481168121466732,-0.9340124774244724,-1.0753845863460612
10.0,278.0,1000.023193359375,-4.244100128620386,-2.95253824852509,-1.964057440953519,0.6894272666180434,-1.3017747267575257,4.8271807600572725,-0.5186077535633613,1.4811681139234247,-0.934012498533166,-1.075384584646157
10.0,278.0,1000.023193359375,-4.244100053379105,-2.9525385139278666,-1.9640574572532747,0.6894274282527828,-1.301774333765783,4.827180435599201,-0.5186077662476913,1.4811680851394655,-0.9340127104054295,-1.0753845153705783
10.0,278.0,1000.0231323242188,-4.244100083814789,-2.952538401501124,-1.9640574506881423,0.6894273639229773,-1.3017744969231844,4.827180572169246,-0.5186077595968621,1.4811680988605946,-0.9340126206851735,-1.0753845443537775
10.0,278.0,1000.0233764648438,-4.244100091545215,-2.9525383603123494,-1.9640574523258407,0.6894273289296962,-1.3017745636907376,4.827180622803528,-0.5186077588031157,1.4811680949837225,-0.9340125854196168,-1.0753845564496984
10.0,278.0,1000.0232543945312,-4.244100116640945,-2.9525382836023994,-1.9640574417941703,0.6894272875045351,-1.3017746706406117,4.827180715137127,-0.5186077574104564,1.4811681113405477,-0.934012532228606,-1.0753845719078257
10.0,278.0,1000.0232543945312,-4.2441001106412335,-2.9525383029288124,-1.964057439811293,0.6894273024748641,-1.3017746325788346,4.827180691258807,-0.5186077602887194,1.4811681140375654,-0.934012550762576,-1.0753845634078845
10.0,278.0,1000.023193359375,-4.244100046890949,-2.952538534211282,-1.964057455949788,0.6894274473947917,-1.3017742967422148,4.827180410965756,-0.5186077669615479,1.481168087999702,-0.9340127269245526,-1.0753845093277803
10.0,278.0,1000.0232543945312,-4.244100036868212,-2.9525385696873934,-1.964057459034254,0.6894274657692208,-1.3017742432705703,4.827180366992149,-0.5186077706454126,1.481168084421963,-0.9340127569593956,-1.0753844980573826
10.0,278.0,1000.0232543945312,-4.244100114985368,-2.9525382811406207,-1.9640574432941744,0.6894272862271205,-1.3017746708459277,4.827180717368533,-0.5186077570617149,1.481168111181013,-0.9340125293524224,-1.075384572821743
10.0,278.0,1000.0232543945312,-4.244100114368162,-2.952538299535472,-1.9640574397502704,0.6894273006265053,-1.3017746407542252,4.8271806987616745,-0.5186077584539133,1.4811681160629666,-0.934012544246607,-1.0753845649051752
10.0,278.0,1000.023193359375,-4.244100066803341,-2.952538458327463,-1.9640574535520376,0.6894273934803348,-1.3017744095316304,4.827180501239733,-0.5186077656037575,1.481168093049396,-0.9340126716599348,-1.0753845241141242
10.0,278.0,1000.0232543945312,-4.244100040798678,-2.9525385709644176,-1.964057457293527,0.6894274692742544,-1.301774240895969,4.827180365869916,-0.5186077686842765,1.4811680863919507,-0.934012758950174,-1.0753844956078191
10.0,278.0,1000.0232543945312,-4.244100038563884,-2.9525385968231928,-1.9640574604420924,0.6894274857179807,-1.301774208023212,4.827180337928876,-0.5186077665961646,1.4811680835632943,-0.9340127715106724,-1.075384493251606
10.0,278.0,1000.023193359375,-4.244100048185969,-2.952538538765044,-1.964057457778865,0.6894274471761888,-1.3017743000294373,4.82718040827546,-0.5186077661660367,1.481168085933903,-0.9340127273857632,-1.075384510533513
10.0,278.0,1000.0231323242188,-4.244100084688997,-2.952538410594274,-1.964057446611268,0.6894273735812799,-1.3017744772261608,4.827180563339528,-0.5186077607618262,1.481168103483311,-0.9340126286283574,-1.075384541827233
10.0,278.0,1000.023193359375,-4.244100127960124,-2.95253822623709,-1.9640574394074,0.6894272522448661,-1.3017747511672946,4.827180783875184,-0.5186077574537045,1.4811681180445555,-0.934012487727621,-1.0753845841923733
10.0,278.0,1000.023193359375,-4.244100089096344,-2.952538377625921,-1.964057448564219,0.6894273447065551,-1.3017745268054697,4.827180601159002,-0.5186077627885908,1.4811681040361693,-0.934012605728717,-1.0753845434967242
10.0,278.0,1000.023193359375,-4.2441001387462345,-2.952538179275364,-1.964057434860298,0.689427221603804,-1.3017748169460228,4.827180838340158,-0.518607756795932,1.4811681215373982,-0.9340124575908292,-1.0753845935528483
10.0,278.0,1000.0232543945312,-4.244100123436037,-2.9525382626189995,-1.9640574394857016,0.6894272768200462,-1.301774697336906,4.8271807421470925,-0.5186077571799323,1.481168118740683,-0.9340125146863284,-1.075384573981272
10.0,278.0,1000.023193359375,-4.244100073406254,-2.9525384498848064,-1.9640574510614688,0.6894273932048023,-1.3017744232551682,4.827180513444572,-0.5186077619390588,1.48116809610851,-0.9340126614284197,-1.075384528757434
10.0,278.0,1000.0232543945312,-4.244100111314559,-2.952538294375024,-1.964057444840495,0.6894272951496347,-1.3017746588931405,4.827180702748548,-0.5186077575183052,1.4811681084209043,-0.9340125367062776,-1.0753845730227547
10.0,278.0,1000.023193359375,-4.244100200200896,-2.9525379843445347,-1.964057423486627,0.6894270998101417,-1.3017751135412152,4.827181077113334,-0.5186077467367376,1.481168141844238,-0.9340122998886322,-1.075384646704979
10.0,278.0,1000.023193359375,-4.244100181028838,-2.9525380485805472,-1.964057426015496,0.689427144589958,-1.301775014663129,4.827181002878747,-0.5186077482717097,1.4811681383979671,-0.934012345936348,-1.07538463318622
10.0,278.0,1000.023193359375,-4.244100126804582,-2.9525382340320894,-1.9640574386322005,0.6894272574141542,-1.3017747399669028,4.827180776015474,-0.5186077564201206,1.4811681165340025,-0.9340124941184014,-1.0753845834975144
10.0,278.0,1000.0232543945312,-4.244100103302178,-2.952538328010318,-1.9640574429326825,0.6894273169350482,-1.3017745998981716,4.827180658539037,-0.518607760881256,1.4811681096600164,-0.9340125719479424,-1.0753845568885128
10.0,278.0,1000.023193359375,-4.244100143896562,-2.9525381926713146,-1.964057436380016,0.6894272312083052,-1.3017748045576931,4.827180827668521,-0.518607754178241,1.4811681235966443,-0.934012458792644,-1.0753845939292983
10.0,278.0,1000.0232543945312,-4.244100098746098,-2.952538352043612,-1.964057446638164,0.6894273344237991,-1.3017745673323784,4.827180631938319,-0.5186077577649186,1.4811681060549071,-0.9340125833908433,-1.0753845557210489
10.0,278.0,1000.0232543945312,-4.244100179518698,-2.9525380305320628,-1.9640574274066496,0.6894271317233072,-1.3017750394893213,4.827181021848514,-0.5186077485818714,1.4811681354671578,-0.9340123345533682,-1.0753846376189875
10.0,278.0,1000.023193359375,-4.2441001911122,-2.9525380065231093,-1.9640574243315263,0.6894271152613909,-1.30177507601538,4.827181051744146,-0.5186077487763061,1.4811681413833933,-0.9340123164623036,-1.075384640170633
10.0,278.0,1000.023193359375,-4.244100147541704,-2.9525381685323184,-1.964057436754924,0.6894272184808345,-1.301774841865193,4.827180857828173,-0.5186077511494762,1.4811681239770156,-0.9340124350899552,-1.0753846042067128
10.0,278.0,1000.023193359375,-4.244100046253744,-2.9525385556799386,-1.9640574559686053,0.689427463140829,-1.3017742614589505,4.827180384782718,-0.5186077660196347,1.4811680903013924,-0.9340127445084736,-1.0753845002583873
10.0,278.0,1000.023193359375,-4.244100056683149,-2.952538472789296,-1.9640574579868888,0.6894273992251589,-1.3017744009951784,4.827180484860852,-0.5186077662226802,1.4811680831133494,-0.934012679573434,-1.0753845287059818
10.0,278.0,1000.023193359375,-4.244100129175509,-2.952538232116785,-1.964057437261724,0.6894272591735202,-1.3017747405591955,4.827180776640752,-0.5186077572259427,1.4811681216783077,-0.9340124940312328,-1.075384582431846
10.0,279.0,1000.023193359375,-4.244100152390779,-2.9525381490905263,-1.9640574322744,0.6894272072973084,-1.301774862588751,4.827180878646423,-0.5186077541799179,1.4811681295457193,-0.9340124285368824,-1.0753846038632409
10.0,279.0,1000.0231323242188,-4.24410009277704,-2.952538384446169,-1.964057444133184,0.6894273536468374,-1.3017745138114938,4.827180591789153,-0.5186077623188616,1.4811681077519705,-0.9340126150622572,-1.0753845418775314
10.0,279.0,1000.023193359375,-4.2441001455276295,-2.952538192771574,-1.9640574375983704,0.68942723323413,-1.301774805865041,4.82718082843329,-0.5186077518286334,1.4811681226315256,-0.9340124545206788,-1.07538459735541
10.0,279.0,1000.0231323242188,-4.244100089996191,-2.952538389687178,-1.9640574496698164,0.6894273549138177,-1.301774516295302,4.827180584344523,-0.5186077604236274,1.4811681018973264,-0.9340126142935096,-1.0753845454869797
10.0,279.0,1000.0233764648438,-4.244100098585555,-2.9525383342663685,-1.964057444372298,0.6894273206834605,-1.3017745951119035,4.827180652895242,-0.5186077594630962,1.481168104810985,-0.9340125729123718,-1.0753845601385903
10.0,279.0,1000.0233764648438,-4.2441000919002185,-2.9525383679588875,-1.964057445100984,0.6894273418280488,-1.3017745451928202,4.827180614781254,-0.5186077618973481,1.4811681039488374,-0.9340125981349168,-1.075384552219671
10.0,279.0,1000.0232543945312,-4.244100032092263,-2.952538594190976,-1.9640574572648768,0.6894274867133889,-1.30177420465035,4.82718033854982,-0.518607768582001,1.4811680833567644,-0.9340127763063116,-1.0753844922549178
10.0,279.0,1000.0231323242188,-4.244100064614544,-2.95253847459726,-1.964057456610683,0.6894274069636808,-1.3017743929577712,4.827180483847339,-0.5186077628313361,1.481168090085924,-0.9340126754016208,-1.07538452893952
10.0,279.0,1000.0233764648438,-4.244100094163304,-2.952538368933639,-1.9640574438719471,0.6894273457059388,-1.3017745367947868,4.827180612772288,-0.5186077610652422,1.481168108982196,-0.9340126006496874,-1.0753845474858172
10.0,279.0,1000.0233764648438,-4.244100103130551,-2.9525383317075047,-1.964057447317584,0.6894273185026467,-1.3017746072238428,4.827180657227419,-0.5186077563426466,1.4811681033924415,-0.9340125643606793,-1.0753845649491374
10.0,279.0,1000.023193359375,-4.244100150156072,-2.9525381545007976,-1.9640574354930616,0.6894272052980348,-1.301774863051646,4.827180872448279,-0.5186077539155125,1.4811681230642169,-0.9340124301690658,-1.0753846042405637
10.0,279.0,1000.023193359375,-4.244100156056192,-2.9525381236368684,-1.964057432002985,0.6894271933149421,-1.3017749015357256,4.8271809085156985,-0.5186077520254031,1.4811681306781814,-0.9340124067614076,-1.0753846131961078
10.0,279.0,1000.0232543945312,-4.244100015726594,-2.952538653674562,-1.964057464040565,0.6894275209520764,-1.3017741255547173,4.827180266182808,-0.5186077693574189,1.4811680727434895,-0.9340128197795216,-1.0753844809896955
10.0,279.0,1000.023193359375,-4.244100132156765,-2.952538220614195,-1.9640574423673576,0.689427249021831,-1.3017747697478017,4.8271807918214975,-0.51860775364662,1.481168114685051,-0.934012476622402,-1.07538459216689
10.0,279.0,1000.0231323242188,-4.244100077140553,-2.9525384218827,-1.9640574504014527,0.6894273727053246,-1.3017744685200603,4.827180547628295,-0.5186077634731738,1.4811680951108697,-0.9340126395997386,-1.0753845393458876
10.0,279.0,1000.0233154296876,-4.244100015755125,-2.9525386684834283,-1.96405746407643,0.6894275304019795,-1.3017741018163074,4.827180249563606,-0.5186077693993703,1.481168074863187,-0.9340128306164388,-1.0753844748111847
10.0,279.0,1000.0232543945312,-4.244100116408263,-2.952538278565439,-1.9640574435137848,0.6894272837137336,-1.301774674957901,4.827180722087208,-0.5186077575646681,1.4811681126776763,-0.9340125252796057,-1.07538457186309
10.0,279.0,1000.0231323242188,-4.244100092661066,-2.952538374935199,-1.964057444740368,0.6894273510187565,-1.3017745310960134,4.8271806066773095,-0.5186077593733982,1.481168105877324,-0.9340126010928352,-1.07538455073953
10.0,279.0,1000.0232543945312,-4.244100013708393,-2.95253866067442,-1.9640574670277025,0.6894275239427028,-1.3017741164991463,4.827180258134476,-0.5186077690480868,1.481168071546923,-0.9340128213720238,-1.0753844802891606
10.0,279.0,1000.0232543945312,-4.244100098835031,-2.9525383515981827,-1.9640574443134624,0.6894273315073107,-1.3017745676293373,4.827180633179562,-0.518607760416053,1.4811681068803768,-0.9340125863456574,-1.0753845525999246
10.0,279.0,1000.023193359375,-4.24410019279905,-2.952538003262803,-1.9640574213466628,0.6894271186038923,-1.3017750752634694,4.827181054415226,-0.5186077485041043,1.481168146404558,-0.9340123178329032,-1.0753846373129856
10.0,279.0,1000.0233764648438,-4.244100103251782,-2.952538325705002,-1.964057446806562,0.6894273109553826,-1.3017746134656898,4.827180663403976,-0.5186077589536691,1.4811681017441265,-0.9340125622958118,-1.0753845646930484
10.0,279.0,1000.023193359375,-4.244100169182337,-2.952538086163248,-1.9640574279581005,0.6894271644201311,-1.301774961056645,4.827180955520442,-0.5186077535626881,1.4811681350453083,-0.9340123796455204,-1.0753846201064825
10.0,279.0,1000.0233764648438,-4.244100101426604,-2.9525383315207616,-1.9640574450565864,0.6894273191999369,-1.301774599883318,4.827180656588112,-0.5186077587019575,1.4811681056492318,-0.93401256835931,-1.0753845621581917
10.0,279.0,1000.0233764648438,-4.244100093642664,-2.9525383646726624,-1.964057446931964,0.689427335856033,-1.3017745475084306,4.827180618397808,-0.5186077615288394,1.481168104946149,-0.9340125959758012,-1.075384546919493
10.0,279.0,1000.023193359375,-4.244100175934994,-2.9525380570823816,-1.964057427478052,0.6894271520345434,-1.30177500282257,4.827180989892352,-0.5186077487884013,1.4811681364655938,-0.9340123532289796,-1.075384631183299
10.0,279.0,1000.023193359375,-4.244100149708306,-2.952538168209663,-1.964057434897601,0.6894272155435459,-1.301774840416445,4.827180854901833,-0.5186077536928471,1.4811681262784635,-0.9340124428474512,-1.07538459845747
10.0,279.0,1000.0232543945312,-4.244100034490826,-2.9525385932503654,-1.9640574577843948,0.6894274865966352,-1.301774211755307,4.82718034161484,-0.5186077673304723,1.4811680843702495,-0.934012770547846,-1.0753844960205123
10.0,279.0,1000.0232543945312,-4.244100107763792,-2.952538309873224,-1.9640574415424368,0.6894273046574542,-1.301774629383055,4.82718068148035,-0.5186077608551134,1.4811681111042925,-0.9340125574086082,-1.0753845626930216
10.0,279.0,1000.0233154296876,-4.244100010782041,-2.9525386781121825,-1.9640574679883336,0.6894275306634778,-1.30177409140361,4.827180236181276,-0.5186077704823875,1.4811680679515715,-0.9340128378679003,-1.075384473210038
10.0,279.0,1000.023193359375,-4.244100088153762,-2.952538378569604,-1.9640574510465607,0.6894273442189167,-1.301774532788213,4.827180599578743,-0.5186077607975665,1.48116809821512,-0.934012603623292,-1.075384549768751
10.0,279.0,1000.0232543945312,-4.24410011851454,-2.952538276342289,-1.9640574408866824,0.6894272859091375,-1.30177467699363,4.827180723100879,-0.5186077564268912,1.4811681130453902,-0.9340125273066312,-1.0753845733397775
10.0,279.0,1000.0232543945312,-4.244100104460939,-2.9525383174732243,-1.964057443711804,0.6894273115212286,-1.3017746179694465,4.8271806736082254,-0.5186077594328413,1.481168109793881,-0.9340125573230464,-1.07538456436113
10.0,279.0,1000.0233764648438,-4.244100102868988,-2.952538333379432,-1.9640574442252048,0.6894273192928226,-1.3017745952585278,4.827180654889055,-0.5186077607061925,1.481168108077746,-0.9340125728766218,-1.0753845579792087
10.0,279.0,1000.0232543945312,-4.244100099545491,-2.952538340099005,-1.964057443903476,0.6894273256802403,-1.301774582771391,4.827180646838359,-0.5186077609643895,1.4811681092183733,-0.9340125770495248,-1.0753845557532324
10.0,279.0,1000.023193359375,-4.244100026775822,-2.952538621733919,-1.9640574625056624,0.6894274985277349,-1.3017741748614655,4.8271803070558725,-0.5186077697437499,1.48116807863979,-0.934012793502558,-1.0753844867349025
10.0,279.0,1000.023193359375,-4.244100040640059,-2.9525385429384605,-1.96405745659452,0.6894274532865596,-1.3017742827548051,4.827180401259451,-0.5186077673832585,1.4811680859236498,-0.934012733010098,-1.0753845087619769
10.0,279.0,1000.023193359375,-4.244100042099777,-2.952538556656093,-1.964057456085308,0.6894274593283054,-1.3017742637795306,4.827180383472498,-0.5186077686512123,1.4811680858522758,-0.9340127481226236,-1.0753845016190966
10.0,279.0,1000.023193359375,-4.2441001887372005,-2.9525380031066213,-1.9640574262474413,0.6894271147866053,-1.3017750863431845,4.827181056025525,-0.5186077464975698,1.4811681384397088,-0.9340123098010348,-1.0753846465664458
10.0,279.0,1000.0232543945312,-4.2441000976317325,-2.9525383584480864,-1.9640574457072155,0.6894273378740046,-1.301774558030658,4.827180624091215,-0.5186077601120651,1.481168106910542,-0.9340125900639008,-1.075384552804702
10.0,279.0,1000.023193359375,-4.244100065660456,-2.9525384603790776,-1.9640574511723965,0.6894274024051859,-1.301774402072537,4.827180498420489,-0.5186077645157852,1.4811680963715634,-0.9340126711698956,-1.0753845269671771
10.0,279.0,1000.0232543945312,-4.244100024231807,-2.952538628750551,-1.9640574633958248,0.6894275038368756,-1.3017741594072882,4.827180293783018,-0.5186077690585913,1.4811680773896398,-0.9340128016769248,-1.0753844843218243
10.0,279.0,1000.023193359375,-4.244100023061391,-2.952538628692225,-1.964057463853808,0.6894275008986632,-1.3017741648837418,4.8271802974779625,-0.5186077687036974,1.4811680747866358,-0.9340127985564024,-1.0753844869441629
10.0,279.0,1000.0232543945312,-4.244100115875285,-2.9525382945847576,-1.9640574361551928,0.6894273019639074,-1.3017746455018662,4.8271807022906135,-0.5186077583624282,1.4811681184418717,-0.934012545104915,-1.0753845646699518
10.0,279.0,1000.0232543945312,-4.244100122405087,-2.952538265542352,-1.964057436997117,0.6894272827702528,-1.3017746843878657,4.827180735237743,-0.5186077582795017,1.4811681200589677,-0.9340125216089294,-1.075384572926854
10.0,279.0,1000.023193359375,-4.244100128286918,-2.9525382178018496,-1.964057438009406,0.68942724760901,-1.3017747603541592,4.827180791141746,-0.5186077567034815,1.481168117390351,-0.9340124857700056,-1.0753845862647586
10.0,279.0,1000.0231323242188,-4.244100088916271,-2.95253838444503,-1.9640574451729649,0.6894273568137654,-1.3017745142103108,4.827180591470954,-0.5186077604175674,1.4811681033906234,-0.9340126126727136,-1.0753845476468933
10.0,279.0,1000.0232543945312,-4.244100120918825,-2.9525382623521628,-1.964057439308484,0.6894272778679049,-1.3017746958595695,4.827180741482859,-0.5186077571298311,1.4811681164371828,-0.9340125148458772,-1.0753845771243502
10.0,279.0,1000.0231323242188,-4.2441000831946845,-2.9525384210925205,-1.964057448114936,0.6894273762351162,-1.3017744701454346,4.827180551053779,-0.5186077620694398,1.4811681000770085,-0.9340126369832094,-1.0753845399696935
10.0,279.0,1000.023193359375,-4.244100052615554,-2.952538519765868,-1.9640574571527265,0.6894274386666934,-1.301774318270026,4.827180427927939,-0.5186077651552505,1.481168090306646,-0.9340127134686876,-1.0753845132328124
10.0,280.0,1000.023193359375,-4.244100041346043,-2.9525385628406355,-1.96405746043879,0.6894274599963337,-1.3017742653385875,4.827180376238344,-0.5186077686135508,1.481168081550944,-0.9340127483200842,-1.0753845035470344
10.0,280.0,1000.0234375,-4.244100209562346,-2.95253793791968,-1.9640574194907383,0.6894270745450015,-1.301775178340872,4.827181135803468,-0.518607745336058,1.481168147564761,-0.9340122623524224,-1.075384658990688
10.0,280.0,1000.0233764648438,-4.244100099008829,-2.952538340089044,-1.9640574492119711,0.6894273211361055,-1.3017745917647394,4.827180645667465,-0.5186077587441273,1.481168100638226,-0.9340125730316357,-1.0753845611381814
10.0,280.0,1000.023193359375,-4.244100139377678,-2.952538165191415,-1.9640574356225928,0.6894272183978636,-1.301774842124344,4.82718085942895,-0.5186077519606549,1.4811681188361543,-0.9340124365899848,-1.0753846085110204
10.0,280.0,1000.023193359375,-4.244100194595896,-2.952538004854227,-1.9640574238739903,0.6894271179943026,-1.3017750814733846,4.8271810552182775,-0.5186077453457978,1.481168142502404,-0.9340123113422596,-1.0753846449359568
10.0,280.0,1000.0232543945312,-4.244100169796537,-2.9525380948781192,-1.9640574264067472,0.6894271770567206,-1.301774938771478,4.82718094285312,-0.5186077501132393,1.4811681365477414,-0.934012387603138,-1.0753846174851218
10.0,280.0,1000.023193359375,-4.244100136868241,-2.9525382105634908,-1.964057435584896,0.6894272467507374,-1.3017747773202797,4.827180804293217,-0.5186077564492066,1.4811681251279207,-0.9340124765983404,-1.075384589513976
10.0,280.0,1000.0231323242188,-4.244100095549957,-2.9525383767808853,-1.9640574454311768,0.6894273479937851,-1.301774532128284,4.827180602530072,-0.5186077607721584,1.4811681058753736,-0.9340126044348098,-1.0753845479831274
10.0,280.0,1000.0232543945312,-4.244100187830602,-2.952538019790733,-1.9640574232986885,0.6894271311297206,-1.3017750519213966,4.827181034121876,-0.5186077475839328,1.481168143656065,-0.9340123265872098,-1.0753846391196116
10.0,280.0,1000.023193359375,-4.244100046396611,-2.952538546312096,-1.9640574541355464,0.689427454312205,-1.3017742781564223,4.8271803941277085,-0.5186077697240643,1.481168089520711,-0.9340127433349572,-1.0753845032585687
10.0,280.0,1000.023193359375,-4.244100059370917,-2.952538503168737,-1.9640574522067795,0.6894274279478827,-1.3017743409873943,4.827180447364327,-0.5186077652104446,1.4811680938391945,-0.9340127076299414,-1.075384511341122
10.0,280.0,1000.0231323242188,-4.244100078007126,-2.9525383962714145,-1.9640574502363224,0.6894273595492031,-1.3017745005197905,4.827180577443576,-0.5186077621924916,1.4811680970927723,-0.9340126192609032,-1.0753845452672026
10.0,280.0,1000.0232543945312,-4.244100114796301,-2.952538282240716,-1.9640574367530568,0.6894272918134714,-1.3017746595007291,4.827180715893368,-0.5186077602743095,1.4811681175707043,-0.9340125370823538,-1.0753845683536034
10.0,280.0,1000.0231323242188,-4.244100089440151,-2.9525384015434755,-1.9640574466098144,0.6894273651309879,-1.3017744911358742,4.827180571133123,-0.5186077615208076,1.481168104340281,-0.9340126262831464,-1.0753845403770017
10.0,280.0,1000.0233764648438,-4.2441001056438585,-2.952538324173814,-1.9640574447599464,0.6894273106378073,-1.3017746130745769,4.827180666370239,-0.5186077596051772,1.481168108130788,-0.9340125630413212,-1.0753845598627354
10.0,280.0,1000.023193359375,-4.244100052083558,-2.9525385368058203,-1.964057453082116,0.6894274513026977,-1.3017742867311108,4.827180408395842,-0.5186077658861805,1.481168091415186,-0.9340127302807728,-1.0753845076303945
10.0,280.0,1000.023193359375,-4.244100062716001,-2.952538493418385,-1.964057449037868,0.6894274235541262,-1.3017743512268654,4.827180459619102,-0.5186077667248936,1.4811680968810803,-0.9340127009044448,-1.075384515281887
10.0,280.0,1000.0231323242188,-4.244100080698479,-2.952538435275647,-1.9640574478171176,0.6894273860208475,-1.3017744501349893,4.827180531723062,-0.5186077628328256,1.4811680997494605,-0.934012650726144,-1.0753845359050596
10.0,280.0,1000.0232543945312,-4.244100115241796,-2.952538285340897,-1.964057440683668,0.6894272942707982,-1.3017746646601518,4.827180714651695,-0.5186077562663609,1.4811681137729114,-0.9340125306684088,-1.075384572927467
10.0,280.0,1000.0233154296876,-4.244100014540823,-2.9525386678317416,-1.9640574609567167,0.6894275353020829,-1.30177409753025,4.827180247954768,-0.5186077709587007,1.4811680778408265,-0.934012833200014,-1.075384476569175
10.0,280.0,1000.0232543945312,-4.2441001267795295,-2.952538249973556,-1.9640574385267988,0.6894272707174967,-1.3017747175418104,4.827180755035837,-0.5186077559310203,1.4811681186739625,-0.9340125069715368,-1.0753845790649097
10.0,280.0,1000.023193359375,-4.244100049817848,-2.9525385329473206,-1.964057455435717,0.6894274457200664,-1.3017743021086887,4.827180414588991,-0.5186077659161716,1.4811680867292782,-0.9340127248273832,-1.0753845110632838
10.0,280.0,1000.0233764648438,-4.24410010516381,-2.952538330971617,-1.96405744433648,0.6894273205913208,-1.3017745976177748,4.827180658507842,-0.5186077577027852,1.4811681077896433,-0.9340125665322034,-1.0753845609306287
10.0,280.0,1000.023193359375,-4.244100067511662,-2.9525384814471733,-1.9640574536385056,0.6894274123210762,-1.3017743767261027,4.827180474638197,-0.5186077646780465,1.4811680959124385,-0.934012686247657,-1.075384519664908
10.0,280.0,1000.023193359375,-4.244100126090034,-2.9525382413529293,-1.964057440456695,0.6894272633633225,-1.3017747338712935,4.827180766410686,-0.5186077556655668,1.481168115586752,-0.934012496046984,-1.0753845867141891
10.0,280.0,1000.0232543945312,-4.244100127825695,-2.952538253578469,-1.964057435064372,0.6894272775930617,-1.3017747048036128,4.827180750850962,-0.5186077573693169,1.4811681239426129,-0.9340125125061184,-1.0753845764822856
10.0,280.0,1000.0232543945312,-4.244100119957144,-2.952538260830895,-1.9640574433869693,0.6894272722574533,-1.3017747114619374,4.827180743021099,-0.5186077573554382,1.4811681090767692,-0.934012512229372,-1.075384583586816
10.0,280.0,1000.0231323242188,-4.244100084135994,-2.9525384095326883,-1.9640574485238085,0.6894273681819572,-1.3017744852910424,4.827180563726181,-0.5186077610411166,1.4811680999111123,-0.9340126281212972,-1.0753845422624826
10.0,280.0,1000.0232543945312,-4.244100120198468,-2.952538271483861,-1.964057441545119,0.6894272859363415,-1.3017746825614631,4.827180727806779,-0.5186077548982411,1.481168116050462,-0.934012521058639,-1.0753845748462365
10.0,280.0,1000.023193359375,-4.24410006577164,-2.952538465436875,-1.9640574514013,0.6894274045090683,-1.3017743988294033,4.82718049644604,-0.518607763382545,1.4811680947319097,-0.934012673341373,-1.0753845267961752
10.0,280.0,1000.0231323242188,-4.244100081672188,-2.952538422142688,-1.964057450025052,0.6894273770736365,-1.3017744684156582,4.8271805478569565,-0.5186077609991919,1.4811680964623726,-0.9340126365457831,-1.075384542293544
10.0,280.0,1000.0232543945312,-4.244100123726752,-2.9525382759024863,-1.96405744058766,0.6894272837393265,-1.3017746837572752,4.827180726175204,-0.5186077561754585,1.4811681143906856,-0.9340125241795896,-1.0753845742331452
10.0,280.0,1000.023193359375,-4.244100071686096,-2.952538455545734,-1.9640574509669189,0.6894273985641615,-1.3017744105205278,4.827180505444019,-0.5186077637374966,1.481168098812705,-0.9340126670031764,-1.075384526499661
10.0,280.0,1000.023193359375,-4.244100054906954,-2.95253850752406,-1.96405745696872,0.6894274290847191,-1.3017743467664964,4.827180444141545,-0.5186077633554405,1.48116808527611,-0.9340127025099384,-1.0753845228245074
10.0,280.0,1000.0231323242188,-4.244100082194136,-2.952538422739597,-1.964057448027594,0.6894273755723912,-1.3017744643762803,4.827180545644271,-0.5186077636126551,1.48116810204972,-0.9340126429610968,-1.0753845338303094
10.0,280.0,1000.023193359375,-4.244100155987714,-2.952538129737788,-1.964057432820919,0.6894271931970302,-1.301774892730438,4.827180900022686,-0.5186077533950728,1.4811681297445398,-0.9340124134340276,-1.075384608097738
10.0,280.0,1000.0231323242188,-4.244100092313111,-2.9525383738759494,-1.9640574473027672,0.6894273473966841,-1.3017745357444834,4.827180606031154,-0.518607758950572,1.4811681023620027,-0.9340125989291472,-1.075384553285201
10.0,280.0,1000.0232543945312,-4.244100104186269,-2.952538319876777,-1.96405744539413,0.6894273116002019,-1.3017746153065612,4.827180669922676,-0.5186077575115666,1.4811681059680009,-0.9340125591829622,-1.075384564063766
10.0,280.0,1000.0232543945312,-4.2441001184143525,-2.952538290131645,-1.964057441109444,0.6894272969026947,-1.3017746556970882,4.827180706428532,-0.5186077554282829,1.4811681166452466,-0.9340125355736744,-1.075384569060161
10.0,280.0,1000.023193359375,-4.244100078595837,-2.9525384403975248,-1.9640574488703884,0.6894273893048144,-1.3017744397655804,4.827180527755937,-0.5186077614983207,1.4811680992203788,-0.9340126502749362,-1.0753845342801331
10.0,280.0,1000.0232543945312,-4.244100101904401,-2.9525383562154683,-1.9640574414788272,0.689427336593921,-1.3017745592615748,4.827180628205879,-0.5186077609183135,1.4811681094903042,-0.934012590699246,-1.0753845524631238
10.0,280.0,1000.023193359375,-4.244100132025384,-2.9525382292916773,-1.9640574375129585,0.6894272555068612,-1.301774748760058,4.827180782367149,-0.5186077554328978,1.481168118160344,-0.9340124899719182,-1.0753845847058008
10.0,280.0,1000.023193359375,-4.244100133830681,-2.9525382112387466,-1.9640574369463688,0.6894272442673586,-1.3017747727200568,4.827180803317603,-0.5186077558093958,1.4811681208344272,-0.9340124755755044,-1.0753845888937068
10.0,280.0,1000.023193359375,-4.244100035657488,-2.952538567287278,-1.9640574638190904,0.689427461242925,-1.3017742558821594,4.827180368465596,-0.5186077681383097,1.4811680779014944,-0.9340127522121052,-1.0753845032599436
10.0,280.0,1000.0233764648438,-4.244100091597729,-2.9525383686673625,-1.9640574489446985,0.6894273378654354,-1.301774547624976,4.827180608536141,-0.5186077618729623,1.4811680984812456,-0.9340125996687504,-1.0753845532904762
10.0,280.0,1000.0232543945312,-4.244100112577752,-2.952538290436327,-1.9640574388030776,0.689427298496728,-1.3017746530050802,4.827180708009097,-0.5186077572793426,1.4811681137305008,-0.9340125382719516,-1.0753845703177816
10.0,280.0,1000.0231323242188,-4.244100082801037,-2.9525384184656325,-1.9640574483933888,0.689427372635425,-1.3017744720440327,4.827180552860552,-0.5186077632726098,1.4811681020685157,-0.9340126381972764,-1.0753845364990195
10.0,280.0,1000.023193359375,-4.24410017708428,-2.9525380449847827,-1.9640574240493325,0.6894271462707477,-1.3017750099891874,4.827181004029043,-0.51860775063113,1.4811681417963571,-0.9340123487885688,-1.0753846298885628
10.0,280.0,1000.0232543945312,-4.244100122484486,-2.95253826967742,-1.964057441793652,0.6894272814161395,-1.301774693877371,4.82718073301918,-0.5186077557211828,1.481168113557194,-0.9340125181644812,-1.0753845777847868
10.0,280.0,1000.0231323242188,-4.244100081786617,-2.9525384194698288,-1.9640574495507528,0.6894273731358416,-1.301774468063984,4.827180548629515,-0.5186077640661644,1.4811681016625329,-0.9340126401198932,-1.0753845341069015
10.0,281.0,1000.0232543945312,-4.244100097362997,-2.9525383564294607,-1.964057447044952,0.6894273316154624,-1.301774565161372,4.827180624576684,-0.518607761916611,1.4811681050136327,-0.9340125914477956,-1.0753845505013473
10.0,281.0,1000.0232543945312,-4.244100109264128,-2.952538305076078,-1.9640574423150368,0.6894273058509732,-1.30177463141042,4.827180688776462,-0.5186077594554348,1.481168113787187,-0.9340125489332572,-1.0753845642234778
10.0,281.0,1000.0232543945312,-4.244100027396256,-2.9525386467194976,-1.964057464173803,0.6894275176665632,-1.3017741413918884,4.827180275336065,-0.5186077675479845,1.48116807778249,-0.9340128086135264,-1.0753844854083634
10.0,281.0,1000.0232543945312,-4.244100106131588,-2.952538337181665,-1.9640574409150195,0.6894273284281596,-1.3017745811554384,4.827180649947794,-0.5186077584773106,1.4811681134171746,-0.9340125758244372,-1.075384555461918
10.0,281.0,1000.0232543945312,-4.244100114628689,-2.9525382921205203,-1.9640574359667644,0.6894273023938533,-1.3017746423064622,4.827180702733916,-0.5186077604651897,1.481168120762205,-0.9340125449325152,-1.0753845647336084
10.0,281.0,1000.023193359375,-4.244100049034843,-2.9525385454469992,-1.964057460856976,0.6894274482553442,-1.3017742883711634,4.827180397565346,-0.5186077641431899,1.4811680826134053,-0.9340127313986476,-1.0753845075531574
10.0,281.0,1000.023193359375,-4.244100064707722,-2.9525384692181964,-1.9640574493680871,0.6894274106958873,-1.301774384714835,4.82718048884497,-0.5186077660903523,1.4811681005231456,-0.9340126803438372,-1.0753845206810264
10.0,281.0,1000.023193359375,-4.244100125936021,-2.952538243996283,-1.9640574378130724,0.6894272656548299,-1.301774726147999,4.827180763026394,-0.5186077570398062,1.4811681169664226,-0.9340125021026262,-1.075384583110746
10.0,281.0,1000.0232543945312,-4.244100130711925,-2.9525382524157813,-1.9640574352163915,0.6894272745664853,-1.3017747116495784,4.827180752246182,-0.5186077562994846,1.481168120950283,-0.9340125105739948,-1.07538457858952
10.0,281.0,1000.0231323242188,-4.244100089757261,-2.952538398575332,-1.9640574461526088,0.6894273639560664,-1.3017744961016895,4.8271805759446895,-0.5186077615459848,1.481168105510343,-0.9340126220642216,-1.075384541269158
10.0,281.0,1000.0232543945312,-4.244100120625005,-2.9525382687786013,-1.964057437213098,0.6894272800056758,-1.301774683619236,4.827180733049598,-0.5186077600656569,1.4811681194229005,-0.934012526444686,-1.0753845682957968
10.0,281.0,1000.023193359375,-4.24410007443934,-2.952538473891378,-1.964057449701844,0.6894274117471202,-1.3017743873957943,4.827180485620884,-0.5186077626558054,1.481168099277216,-0.9340126781038416,-1.0753845238704347
10.0,281.0,1000.023193359375,-4.244100050037895,-2.9525385341245616,-1.9640574533909727,0.6894274461300833,-1.3017742979494944,4.827180412430533,-0.5186077691862669,1.4811680926095274,-0.9340127301338176,-1.0753845055537377
10.0,281.0,1000.0233154296876,-4.244100007968912,-2.95253868641405,-1.964057467579321,0.6894275419219191,-1.301774081394461,4.827180227759843,-0.5186077707119647,1.481168068414327,-0.9340128405694176,-1.0753844783925404
10.0,281.0,1000.0232543945312,-4.244100023192174,-2.952538654572204,-1.9640574614183584,0.6894275237512124,-1.3017741165727506,4.827180266507913,-0.518607770799905,1.4811680839167076,-0.9340128214947504,-1.075384472329307
10.0,281.0,1000.0231323242188,-4.244100094388494,-2.95253840541526,-1.9640574450476285,0.6894273690880652,-1.301774490487967,4.827180571306007,-0.5186077603053354,1.481168107961012,-0.9340126233897764,-1.0753845403194484
10.0,281.0,1000.0232543945312,-4.244100036749552,-2.9525385797136554,-1.9640574599818983,0.6894274719042981,-1.3017742402494914,4.827180356119264,-0.5186077680812158,1.4811680792780182,-0.934012760752804,-1.075384501516412
10.0,281.0,1000.0231323242188,-4.2441000790401775,-2.9525384230313563,-1.964057444060088,0.6894273863043718,-1.3017744481806304,4.827180545612904,-0.5186077624428789,1.4811681066978544,-0.9340126431987876,-1.0753845341975845
10.0,281.0,1000.0231323242188,-4.244100089481111,-2.952538390524486,-1.964057444418408,0.6894273607134629,-1.301774501088234,4.827180583995931,-0.518607762070479,1.4811681098851786,-0.9340126206633856,-1.0753845368318595
10.0,281.0,1000.0231323242188,-4.244100080779805,-2.95253842745528,-1.9640574452296529,0.689427385414155,-1.3017744496474624,4.827180541425561,-0.5186077628995909,1.4811681050456773,-0.9340126446990896,-1.075384534251465
10.0,281.0,1000.0231323242188,-4.24410009076866,-2.952538376760114,-1.9640574477707968,0.6894273462495013,-1.3017745357906758,4.827180601137432,-0.5186077616119471,1.4811681011522602,-0.9340126047690394,-1.075384552268556
10.0,281.0,1000.023193359375,-4.244100141948088,-2.952538171993377,-1.9640574339794927,0.6894272190424919,-1.301774825605992,4.827180848574415,-0.5186077573542072,1.481168127598357,-0.9340124498941896,-1.0753845934257455
10.0,281.0,1000.0231323242188,-4.244100082093261,-2.952538423586466,-1.964057450329104,0.6894273732764162,-1.301774466238368,4.827180548445767,-0.5186077639345736,1.48116810001774,-0.9340126392289818,-1.075384536125643
10.0,281.0,1000.023193359375,-4.244100148763322,-2.952538170582104,-1.9640574331151937,0.6894272216081934,-1.3017748324482996,4.82718085449611,-0.5186077527951607,1.481168127812853,-0.9340124412225306,-1.0753846008742634
10.0,281.0,1000.0232543945312,-4.244100127911826,-2.952538257641705,-1.964057442193324,0.6894272724569896,-1.3017747166762668,4.827180747775623,-0.5186077539771503,1.4811681134863743,-0.9340125049541016,-1.0753845844247638
10.0,281.0,1000.023193359375,-4.244100150774209,-2.9525381473494696,-1.9640574371319035,0.6894271997409955,-1.3017748780560807,4.827180878831399,-0.5186077524439696,1.4811681199108089,-0.9340124245540498,-1.0753846092933426
10.0,281.0,1000.023193359375,-4.244100053141938,-2.952538535286544,-1.9640574577213368,0.6894274449761468,-1.3017743040403662,4.827180408212715,-0.5186077666511526,1.4811680881955829,-0.9340127278310586,-1.0753845091129302
10.0,281.0,1000.0231323242188,-4.24410008576995,-2.9525383984242346,-1.9640574497894416,0.6894273605365164,-1.301774501993973,4.827180575164887,-0.518607760919708,1.4811680996152363,-0.934012620573891,-1.0753845440827847
10.0,281.0,1000.023193359375,-4.2441000474753,-2.952538554897804,-1.964057456792636,0.6894274621022145,-1.3017742738529696,4.827180386528479,-0.5186077652900565,1.4811680848786066,-0.9340127402948672,-1.07538450926491
10.0,281.0,1000.0232543945312,-4.244100126969189,-2.952538265012995,-1.9640574387640068,0.6894272820553216,-1.3017746983295222,4.827180737006797,-0.5186077555314483,1.4811681182930334,-0.9340125163863632,-1.0753845782060312
10.0,281.0,1000.0232543945312,-4.244100120721598,-2.9525382753499034,-1.964057436883213,0.6894272875031824,-1.301774673393271,4.827180726281618,-0.5186077579662873,1.481168119024816,-0.9340125275845468,-1.0753845700520297
10.0,281.0,1000.023193359375,-4.2441000772150845,-2.9525384258743754,-1.9640574438539988,0.6894273839171277,-1.3017744434916292,4.827180539516471,-0.518607765481744,1.481168108041036,-0.9340126531962404,-1.0753845262108586
10.0,281.0,1000.0231323242188,-4.24410008428389,-2.952538411116599,-1.9640574487954936,0.6894273697639175,-1.301774479787634,4.827180558375938,-0.5186077618589584,1.4811681019009262,-0.9340126323934131,-1.0753845396257855
10.0,281.0,1000.023193359375,-4.244100146865426,-2.9525381764036176,-1.964057432686194,0.6894272249086821,-1.3017748184746147,4.827180842522187,-0.5186077551154815,1.4811681280112925,-0.9340124536915368,-1.0753845943373053
10.0,281.0,1000.0231323242188,-4.244100081786085,-2.9525384027355126,-1.9640574493685592,0.6894273623555822,-1.301774490762348,4.8271805689202125,-0.5186077635032458,1.4811681001399697,-0.9340126276412146,-1.0753845397774415
10.0,281.0,1000.0232543945312,-4.244100109726094,-2.9525382764698285,-1.964057444920084,0.6894272822051928,-1.301774683011268,4.827180722490322,-0.5186077583201829,1.481168107097364,-0.9340125256703278,-1.0753845763358232
10.0,281.0,1000.023193359375,-4.24410007130397,-2.952538463720153,-1.9640574539023248,0.6894273976833345,-1.301774414943257,4.8271804977372685,-0.5186077627468588,1.4811680911148128,-0.9340126682464636,-1.075384529496083
10.0,281.0,1000.023193359375,-4.24410007710334,-2.952538451519827,-1.964057454395267,0.6894273946588232,-1.3017744355429786,4.827180514819661,-0.5186077582761826,1.481168092889293,-0.9340126523085353,-1.0753845382742195
10.0,281.0,1000.0231323242188,-4.244100076421551,-2.952538426166808,-1.9640574513842344,0.689427379129044,-1.3017744599836585,4.827180540066934,-0.5186077620630423,1.48116809676603,-0.9340126430504264,-1.0753845375953652
10.0,281.0,1000.0232543945312,-4.244100114111878,-2.9525382972840606,-1.9640574429759128,0.6894272944012183,-1.3017746541066693,4.827180696631157,-0.5186077588896785,1.4811681088826116,-0.9340125453863956,-1.0753845692563213
10.0,281.0,1000.023193359375,-4.244100048424955,-2.9525385223592227,-1.9640574601327048,0.6894274319836216,-1.3017743248724978,4.827180423286812,-0.5186077667469648,1.4811680819603763,-0.9340127192583196,-1.0753845112769471
10.0,281.0,1000.023193359375,-4.244100051037453,-2.952538529979209,-1.964057452474732,0.6894274481924683,-1.3017742971426545,4.827180414236612,-0.5186077673091845,1.4811680928176676,-0.9340127278395568,-1.0753845078585398
10.0,281.0,1000.0232543945312,-4.244100118560569,-2.952538277403973,-1.9640574414097167,0.689427282355445,-1.301774683951078,4.827180723147212,-0.5186077583743458,1.481168110391165,-0.9340125276521656,-1.075384575452301
10.0,281.0,1000.023193359375,-4.244100046750605,-2.952538557950822,-1.9640574584342323,0.6894274566606571,-1.3017742711441258,4.8271803803162925,-0.5186077676963121,1.4811680841977175,-0.9340127476791418,-1.0753845028131592
10.0,281.0,1000.0231323242188,-4.244100080797234,-2.9525384086083086,-1.9640574529229813,0.6894273611610169,-1.301774491672905,4.827180563170243,-0.5186077629179682,1.4811680950482664,-0.934012627434277,-1.0753845413305303
10.0,281.0,1000.023193359375,-4.244100063145265,-2.9525384807246087,-1.964057451298104,0.6894274169686163,-1.3017743726600788,4.827180474682621,-0.5186077651463954,1.4811680965220528,-0.934012687320246,-1.07538452274015
10.0,281.0,1000.0232543945312,-4.244100113726847,-2.952538297488629,-1.9640574409857448,0.689427298295505,-1.3017746510211197,4.827180697298662,-0.5186077581885922,1.4811681101293743,-0.9340125435667774,-1.0753845713167292
10.0,281.0,1000.023193359375,-4.244100054509978,-2.952538517770284,-1.9640574536668056,0.6894274367191535,-1.3017743184268884,4.827180429678737,-0.5186077667199731,1.4811680925027684,-0.9340127170227772,-1.0753845101966202
10.0,281.0,1000.023193359375,-4.244100142329648,-2.9525382006000465,-1.964057432898456,0.6894272404508053,-1.301774782360675,4.82718081410159,-0.5186077567634166,1.481168129630034,-0.9340124730485728,-1.0753845863751286
10.0,281.0,1000.0232543945312,-4.244100040212395,-2.9525385647163462,-1.9640574593248896,0.6894274659027371,-1.3017742555604253,4.8271803724921405,-0.5186077674800504,1.4811680842439383,-0.9340127507343308,-1.0753845026938786
10.0,282.0,1000.023193359375,-4.244100059755425,-2.9525385250194622,-1.9640574496696268,0.6894274451283531,-1.3017743054842263,4.827180423406611,-0.5186077670239158,1.4811680978433444,-0.9340127233433656,-1.0753845076403312
10.0,282.0,1000.0233764648438,-4.2441000943171305,-2.9525383664624947,-1.964057443253036,0.6894273435393226,-1.3017745407621977,4.827180616308116,-0.5186077606803776,1.481168107435109,-0.9340125966526278,-1.0753845491867424
10.0,282.0,1000.0232543945312,-4.244100105671538,-2.952538319308041,-1.964057441941427,0.689427314046382,-1.301774613405061,4.827180672109225,-0.5186077607783659,1.4811681115477828,-0.9340125616818344,-1.0753845626476193
10.0,282.0,1000.0231323242188,-4.244100082733297,-2.952538425940209,-1.96405744455505,0.6894273822070325,-1.301774452854008,4.827180541997604,-0.5186077642021241,1.481168105983507,-0.9340126480378848,-1.075384532638513
10.0,282.0,1000.023193359375,-4.244100094024703,-2.952538372779709,-1.9640574463405605,0.689427344419312,-1.3017745395409923,4.827180608170194,-0.518607761737985,1.4811681048267955,-0.9340126005841852,-1.0753845504274344
10.0,282.0,1000.023193359375,-4.244100050682145,-2.952538536812508,-1.964057453081285,0.6894274536933853,-1.3017742864697968,4.827180407478755,-0.5186077663046129,1.4811680947242518,-0.9340127304208012,-1.075384504916579
10.0,282.0,1000.0231323242188,-4.244100091346818,-2.952538378698355,-1.964057446469072,0.6894273482232744,-1.3017745272448575,4.8271805988860645,-0.5186077612576696,1.4811681036218305,-0.9340126074234344,-1.075384547414151
10.0,282.0,1000.023193359375,-4.244100063359739,-2.952538484153728,-1.9640574506477897,0.6894274168825572,-1.3017743641437534,4.827180470017112,-0.5186077665525444,1.481168098634937,-0.934012693860372,-1.0753845151062371
10.0,282.0,1000.0232543945312,-4.244100106597548,-2.952538328129688,-1.964057441747784,0.6894273195498073,-1.3017745973375314,4.827180661516834,-0.5186077580005604,1.4811681115986044,-0.9340125678321892,-1.0753845570502365
10.0,282.0,1000.0232543945312,-4.244100113545902,-2.9525382991467364,-1.964057440334117,0.689427306062389,-1.3017746412911126,4.827180695346149,-0.518607756727806,1.4811681160303225,-0.9340125451469944,-1.075384566425719
10.0,282.0,1000.0233764648438,-4.244100103056874,-2.9525383328576176,-1.9640574435908973,0.6894273236591459,-1.301774594236468,4.827180656883938,-0.5186077588023146,1.4811681111577046,-0.9340125699073852,-1.0753845580004824
10.0,282.0,1000.023193359375,-4.244100049543854,-2.95253854919452,-1.9640574539123188,0.6894274547997163,-1.3017742712277405,4.8271803928542205,-0.5186077682176728,1.4811680924047614,-0.9340127445380704,-1.075384497255154
10.0,282.0,1000.0232543945312,-4.244100120446923,-2.9525382835295693,-1.9640574385362952,0.6894272928298175,-1.301774665684917,4.827180716895802,-0.5186077563170075,1.4811681173707625,-0.9340125308237512,-1.0753845698411486
10.0,282.0,1000.0231323242188,-4.244100085421936,-2.9525384134091146,-1.9640574500716257,0.6894273731058966,-1.3017744805101257,4.827180557279306,-0.5186077602576109,1.4811681019665237,-0.9340126297700264,-1.0753845409610825
10.0,282.0,1000.023193359375,-4.24410007536119,-2.952538450982391,-1.964057449722449,0.6894273990336828,-1.3017744208841036,4.827180514398172,-0.5186077611467992,1.4811680983152078,-0.9340126589483112,-1.075384533228851
10.0,282.0,1000.023193359375,-4.244100067110871,-2.952538484993201,-1.964057448894751,0.6894274160559224,-1.3017743609543722,4.8271804719412685,-0.5186077659040675,1.4811681006000477,-0.9340126932209394,-1.075384513293721
10.0,282.0,1000.0231323242188,-4.244100075753843,-2.9525384173895186,-1.9640574465406453,0.6894273787232006,-1.3017744570328582,4.827180550145792,-0.5186077634185429,1.4811681024247534,-0.9340126414592956,-1.0753845356890892
10.0,282.0,1000.0232543945312,-4.244100099523429,-2.9525383536584915,-1.964057445194508,0.689427333693077,-1.3017745659980964,4.827180631239978,-0.5186077623419463,1.4811681094347016,-0.934012586272285,-1.0753845538330276
10.0,282.0,1000.023193359375,-4.244100121240683,-2.952538242066251,-1.964057440011071,0.689427265456314,-1.301774725061791,4.827180762781344,-0.5186077556788229,1.481168113932263,-0.9340125008086256,-1.0753845826784958
10.0,282.0,1000.023193359375,-4.244100040906911,-2.952538586774062,-1.9640574567245064,0.6894274826349767,-1.301774213780571,4.827180348077299,-0.5186077696932037,1.4811680916420027,-0.9340127691386186,-1.0753844898091742
10.0,282.0,1000.023193359375,-4.244100071437734,-2.952538443504383,-1.9640574458639173,0.6894273944414033,-1.3017744154850726,4.827180519086278,-0.5186077667474027,1.4811681071685072,-0.9340126651801032,-1.075384522351381
10.0,282.0,1000.0232543945312,-4.2441001732376575,-2.95253809941586,-1.9640574279470675,0.6894271751147567,-1.3017749453789995,4.827180942370989,-0.5186077508999096,1.4811681357382076,-0.9340123858633956,-1.0753846188139635
10.0,282.0,1000.023193359375,-4.244100062147422,-2.9525384933364966,-1.9640574561606905,0.689427416978285,-1.3017743649761542,4.827180462146391,-0.5186077653174443,1.4811680921968329,-0.9340126914659468,-1.0753845198027454
10.0,282.0,1000.023193359375,-4.244100067582385,-2.95253847090598,-1.9640574509075588,0.6894274063219319,-1.30177439084445,4.8271804880978415,-0.5186077646367178,1.4811680957532536,-0.9340126793899596,-1.0753845227388918
10.0,282.0,1000.0232543945312,-4.244100109868207,-2.952538322693071,-1.9640574412184888,0.6894273124564476,-1.3017746078833374,4.8271806689971335,-0.518607760756649,1.4811681138296864,-0.9340125641617744,-1.075384556750394
10.0,282.0,1000.0233764648438,-4.244100099471467,-2.9525383247725645,-1.9640574425656987,0.6894273148805228,-1.301774598267451,4.827180660206192,-0.5186077636533266,1.4811681094490536,-0.9340125730539244,-1.0753845577165388
10.0,282.0,1000.0232543945312,-4.244100123678392,-2.9525382745300006,-1.9640574377255795,0.68942728805487,-1.3017746785689877,4.827180727299448,-0.5186077556414865,1.4811681191212056,-0.934012523880524,-1.0753845731517293
10.0,282.0,1000.0232543945312,-4.2441000272381615,-2.9525386271223333,-1.964057457191388,0.6894275097231333,-1.3017741546952606,4.827180296549654,-0.5186077717162654,1.4811680857497054,-0.9340128059587008,-1.075384481212848
10.0,282.0,1000.0232543945312,-4.244100037856078,-2.95253857533499,-1.9640574622236049,0.6894274661276363,-1.301774247412995,4.827180359046551,-0.5186077694283648,1.4811680802161111,-0.9340127595791908,-1.075384498849346
10.0,282.0,1000.023193359375,-4.244100042668753,-2.952538553601455,-1.9640574561073687,0.6894274571144186,-1.3017742693536647,4.827180387903141,-0.5186077690067172,1.4811680857616487,-0.934012744839782,-1.075384503070853
10.0,282.0,1000.023193359375,-4.244100047213092,-2.952538565609593,-1.964057457134461,0.6894274648580581,-1.301774255296,4.827180373332425,-0.5186077670269817,1.481168087312179,-0.9340127520591376,-1.0753844989692762
10.0,282.0,1000.0232543945312,-4.244100101294661,-2.952538346176752,-1.96405744260643,0.6894273337100199,-1.3017745672201873,4.827180637704698,-0.5186077584919131,1.4811681117583788,-0.9340125835917076,-1.0753845531396315
10.0,282.0,1000.0231323242188,-4.244100088933881,-2.95253839602472,-1.9640574476355432,0.6894273575752976,-1.3017745003866232,4.827180578225365,-0.5186077635152628,1.4811681058101458,-0.9340126233554154,-1.0753845368728214
10.0,282.0,1000.0232543945312,-4.244100121246637,-2.952538289896385,-1.9640574410320528,0.6894272930426713,-1.3017746620753925,4.827180709266285,-0.5186077590978835,1.4811681191163937,-0.9340125366477796,-1.0753845666146349
10.0,282.0,1000.0232543945312,-4.2441001133035385,-2.9525382824467634,-1.9640574445638297,0.6894272861608268,-1.3017746771809031,4.827180713258434,-0.518607758890961,1.4811681085558028,-0.9340125306066068,-1.075384576232235
10.0,282.0,1000.0231323242188,-4.2441000886465226,-2.9525384129323067,-1.964057446849413,0.6894273724696784,-1.3017744792941306,4.82718055812324,-0.5186077616603857,1.4811681037663025,-0.9340126324454704,-1.0753845403097309
10.0,282.0,1000.0232543945312,-4.244100033397642,-2.952538622166501,-1.9640574536639592,0.6894275080669594,-1.3017741574332065,4.827180304996437,-0.5186077706187904,1.4811680915589722,-0.9340128016441368,-1.0753844790732554
10.0,282.0,1000.023193359375,-4.244100044381007,-2.952538553996491,-1.9640574570670792,0.689427462220551,-1.3017742699402757,4.827180385704335,-0.5186077670287847,1.4811680886693566,-0.9340127436753248,-1.0753845036951946
10.0,282.0,1000.023193359375,-4.2441000650077285,-2.952538472656986,-1.9640574515208788,0.6894274058729613,-1.3017743860826965,4.827180482764335,-0.5186077656260162,1.4811680942498784,-0.9340126852421512,-1.0753845200615042
10.0,282.0,1000.0232543945312,-4.244100031167172,-2.952538577900916,-1.9640574604635708,0.6894274693596518,-1.301774231772935,4.82718035771973,-0.5186077704730021,1.4811680788663466,-0.934012763581804,-1.07538449569831
10.0,282.0,1000.0231323242188,-4.244100086329791,-2.9525384051783394,-1.964057453038264,0.689427363986507,-1.3017745046056484,4.827180570704673,-0.5186077583426298,1.481168093625933,-0.9340126155900572,-1.0753845532607165
10.0,282.0,1000.0231323242188,-4.244100080175119,-2.9525384087589663,-1.9640574502838208,0.6894273644968933,-1.3017744823629136,4.827180560152966,-0.5186077636968589,1.4811680995659025,-0.9340126334298836,-1.075384536565255
10.0,282.0,1000.023193359375,-4.24410005996209,-2.9525384716562235,-1.964057453446073,0.6894274064705588,-1.3017743857865978,4.827180485769221,-0.5186077663202688,1.481168094591502,-0.9340126803766892,-1.0753845217122286
10.0,282.0,1000.023193359375,-4.2441000598922365,-2.952538516328655,-1.964057449126405,0.6894274431501737,-1.3017743191908644,4.827180434047399,-0.518607765227336,1.4811680977842236,-0.9340127155832976,-1.075384511451512
10.0,282.0,1000.0232543945312,-4.24410010114882,-2.9525383097672204,-1.9640574464020104,0.6894273044826082,-1.3017746279504565,4.827180682165448,-0.5186077595323821,1.4811681057619197,-0.9340125521683768,-1.0753845673510982
10.0,282.0,1000.023193359375,-4.244100055712603,-2.952538519005501,-1.9640574571016,0.6894274348673557,-1.3017743262345838,4.8271804293073615,-0.5186077646293734,1.4811680864415695,-0.9340127128143508,-1.0753845160382869
10.0,282.0,1000.0232543945312,-4.244100123026222,-2.952538272768253,-1.9640574413161425,0.6894272824146093,-1.301774687252638,4.827180727451298,-0.5186077569981817,1.4811681138648003,-0.9340125238659596,-1.0753845747378206
10.0,282.0,1000.023193359375,-4.244100060081428,-2.95253852473533,-1.9640574500519563,0.6894274450330284,-1.3017743098144408,4.827180425068104,-0.5186077658426029,1.4811680965171403,-0.9340127215298848,-1.0753845078769602
10.0,282.0,1000.0232543945312,-4.244100115378069,-2.95253829462324,-1.964057443118756,0.6894272952409475,-1.3017746556446443,4.827180702272296,-0.5186077587953912,1.4811681120468547,-0.9340125395826826,-1.0753845709749377
10.0,282.0,1000.023193359375,-4.244100169717013,-2.952538074449731,-1.964057427261416,0.6894271603544091,-1.3017749714704747,4.82718096649047,-0.5186077530434217,1.4811681366741878,-0.934012373389268,-1.075384622511228
10.0,283.0,1000.0233764648438,-4.244100097040479,-2.9525383621542387,-1.964057441285718,0.6894273457074256,-1.301774542084475,4.827180620365359,-0.5186077606263506,1.481168112664588,-0.9340125943737884,-1.0753845503341122
10.0,283.0,1000.023193359375,-4.244100140709942,-2.952538187898324,-1.964057436574493,0.6894272304525568,-1.3017748126323374,4.827180831634088,-0.5186077537477285,1.481168120759806,-0.9340124543189968,-1.075384600352955
10.0,283.0,1000.0231323242188,-4.244100080119533,-2.952538413386474,-1.9640574496808805,0.6894273667210467,-1.301774480072666,4.8271805560978045,-0.5186077640872124,1.4811680979686503,-0.9340126365007198,-1.0753845380204052
10.0,283.0,1000.023193359375,-4.2441000408801965,-2.952538566816518,-1.964057458267252,0.6894274617504976,-1.3017742511664654,4.827180372018669,-0.5186077693582947,1.4811680857852387,-0.9340127554562292,-1.0753844959220853
10.0,283.0,1000.023193359375,-4.244100050086686,-2.9525385381104785,-1.9640574577465184,0.689427446143557,-1.3017742964430132,4.827180406324386,-0.5186077672606828,1.4811680873258322,-0.934012728656425,-1.0753845095356709
10.0,283.0,1000.023193359375,-4.244100070359444,-2.952538442252379,-1.964057447066815,0.6894273921539984,-1.3017744257801818,4.827180520885211,-0.518607765747892,1.4811681004370705,-0.93401266106473,-1.0753845289654975
10.0,283.0,1000.023193359375,-4.244100067290182,-2.952538477988244,-1.9640574526028631,0.6894274148610986,-1.301774378005396,4.827180477954515,-0.5186077632723958,1.4811680966676573,-0.9340126834840294,-1.0753845221130869
10.0,283.0,1000.023193359375,-4.244100092917606,-2.9525383769521087,-1.964057448749842,0.6894273453600652,-1.3017745368055689,4.827180601905523,-0.5186077596611813,1.481168100954367,-0.9340126014614584,-1.0753845513292817
10.0,283.0,1000.023193359375,-4.244100049240105,-2.952538535958697,-1.9640574552986585,0.6894274499250876,-1.301774290773286,4.827180407220565,-0.5186077673161735,1.4811680927673532,-0.9340127309833496,-1.075384505222793
10.0,283.0,1000.023193359375,-4.2441000706038405,-2.9525384550046736,-1.964057453934278,0.6894273937305231,-1.301774422959774,4.827180507056019,-0.5186077636415902,1.4811680926049782,-0.9340126632686694,-1.0753845302161609
10.0,283.0,1000.0231323242188,-4.244100084034153,-2.952538404700477,-1.964057448265376,0.6894273639581971,-1.3017744872720112,4.827180566720791,-0.5186077632431427,1.4811681013987297,-0.9340126295536252,-1.075384538814037
10.0,283.0,1000.0233764648438,-4.244099996347101,-2.952538746218896,-1.9640574674127136,0.6894275771154854,-1.3017739839790887,4.82718015414293,-0.5186077747085136,1.4811680696771663,-0.9340128941993386,-1.0753844523016554
10.0,283.0,1000.023193359375,-4.2441000556149735,-2.9525385087913247,-1.9640574584785653,0.6894274284975683,-1.3017743421494647,4.827180440558953,-0.5186077638347459,1.4811680847048585,-0.9340127034547372,-1.0753845205139445
10.0,283.0,1000.0233764648438,-4.2440999995035495,-2.952538714030267,-1.964057469938824,0.6894275521668547,-1.3017740367576955,4.827180191758618,-0.5186077738695385,1.4811680664018816,-0.9340128680926698,-1.0753844624218671
10.0,283.0,1000.023193359375,-4.244100056169204,-2.952538521982703,-1.964057454873693,0.6894274418163873,-1.301774316931131,4.827180425771351,-0.5186077650421437,1.4811680915808267,-0.9340127161807592,-1.07538451334341
10.0,283.0,1000.0232543945312,-4.244099983395938,-2.9525387919912385,-1.964057473411331,0.6894276051431047,-1.301773923415405,4.827180098356909,-0.5186077752782001,1.481168063005854,-0.934012926635444,-1.07538444283229
10.0,283.0,1000.023193359375,-4.244100066466684,-2.952538464632436,-1.964057451856278,0.6894274016847222,-1.3017744003524143,4.827180493820997,-0.51860776512091,1.4811680947436798,-0.9340126768656818,-1.0753845247884946
10.0,283.0,1000.023193359375,-4.244100035114654,-2.952538613064029,-1.964057457657669,0.6894274963113531,-1.3017741816415636,4.827180317230566,-0.5186077691211981,1.4811680854065852,-0.9340127890131392,-1.075384485977816
10.0,283.0,1000.0231323242188,-4.244100089345389,-2.9525383829057734,-1.964057444837424,0.6894273492181879,-1.3017745183394136,4.827180594256976,-0.5186077650337717,1.4811681069279414,-0.9340126156763048,-1.0753845410365988
10.0,283.0,1000.0231323242188,-4.244100082731812,-2.952538402614601,-1.9640574446886696,0.6894273673641322,-1.3017744763063677,4.827180568121706,-0.5186077644989728,1.4811681072273055,-0.9340126320825188,-1.075384534615516
10.0,283.0,1000.0231323242188,-4.244100087648132,-2.9525383979172526,-1.9640574466918803,0.68942736295761,-1.3017744935047282,4.827180574657408,-0.5186077621791636,1.4811681069110794,-0.934012624096778,-1.0753845380533384
10.0,283.0,1000.0231323242188,-4.2441000936293225,-2.952538384088124,-1.9640574454573856,0.6894273505172173,-1.3017745182536586,4.827180591999008,-0.5186077619093314,1.481168105875355,-0.9340126133632608,-1.07538454322389
10.0,283.0,1000.023193359375,-4.244100142706223,-2.9525381870739507,-1.9640574354112217,0.6894272291881745,-1.3017748123376744,4.827180830865764,-0.5186077556041928,1.4811681229132176,-0.9340124582714164,-1.0753845972553022
10.0,283.0,1000.0231323242188,-4.24410009137943,-2.9525383879885254,-1.9640574491814125,0.6894273551873482,-1.3017745175982132,4.827180588446112,-0.518607759538769,1.4811681024914891,-0.9340126098084154,-1.075384548369875
10.0,283.0,1000.0231323242188,-4.244100091840007,-2.9525383836355603,-1.9640574454700848,0.689427354884323,-1.3017745152982163,4.827180592093171,-0.5186077611009949,1.4811681068503582,-0.9340126131829782,-1.075384543521119
10.0,283.0,1000.0233154296876,-4.244100017442817,-2.952538672856476,-1.964057461356864,0.6894275337654072,-1.3017740888832003,4.82718024137567,-0.5186077717477353,1.4811680794918285,-0.9340128392821176,-1.075384469237707
10.0,283.0,1000.023193359375,-4.244100090880151,-2.952538373836053,-1.9640574505431023,0.6894273433866616,-1.30177454105457,4.827180605224866,-0.51860775942587,1.4811680986512918,-0.9340125990623972,-1.0753845533356283
10.0,283.0,1000.023193359375,-4.244100060381399,-2.9525384973566995,-1.964057451752332,0.689427423050935,-1.3017743499671672,4.827180454414435,-0.5186077664728428,1.4811680942199477,-0.9340127026989222,-1.0753845156580133
10.0,283.0,1000.023193359375,-4.244100070669502,-2.9525384370203,-1.964057452463204,0.6894273840275575,-1.301774438951711,4.827180522978811,-0.5186077646982854,1.481168095281275,-0.9340126565686804,-1.075384530880363
10.0,283.0,1000.0231323242188,-4.244100082255341,-2.952538410952701,-1.9640574450863109,0.6894273767040557,-1.3017744692087332,4.827180558653071,-0.5186077618895952,1.481168107188136,-0.9340126351805846,-1.0753845349464934
10.0,283.0,1000.0231323242188,-4.244100095364979,-2.952538379731411,-1.964057443992204,0.6894273494075911,-1.301774519554893,4.827180596735886,-0.5186077642308042,1.4811681114069248,-0.9340126127596786,-1.075384539237798
10.0,283.0,1000.0232543945312,-4.244100018167717,-2.952538656967068,-1.964057466504452,0.6894275167756003,-1.3017741224905666,4.827180262243395,-0.5186077715134205,1.4811680744432252,-0.9340128218730328,-1.0753844749652828
10.0,283.0,1000.0232543945312,-4.244100100764856,-2.952538331110249,-1.9640574418408248,0.6894273223709018,-1.3017745885942853,4.827180653137212,-0.5186077618856828,1.4811681130957872,-0.9340125755350144,-1.0753845549634151
10.0,283.0,1000.023193359375,-4.244100142352519,-2.9525381932031163,-1.964057433038255,0.6894272358626878,-1.3017747957394523,4.827180822011201,-0.5186077551178983,1.4811681250254694,-0.9340124667652274,-1.0753845931456407
10.0,283.0,1000.0233764648438,-4.244100093951462,-2.952538361556208,-1.9640574436440623,0.6894273424856632,-1.3017745402518006,4.827180617443812,-0.5186077613238398,1.48116810934214,-0.934012598958267,-1.0753845466139715
10.0,283.0,1000.0233764648438,-4.244100107345634,-2.952538326343064,-1.9640574429786224,0.6894273191494857,-1.301774601706355,4.827180663411232,-0.5186077585029008,1.4811681111604251,-0.934012564046368,-1.0753845615281985
10.0,283.0,1000.023193359375,-4.244100063461475,-2.9525384759272213,-1.9640574536097803,0.6894274096832635,-1.3017743868319096,4.827180482491226,-0.5186077633842148,1.4811680916221794,-0.9340126790565026,-1.0753845262960642
10.0,283.0,1000.0231323242188,-4.244100096005894,-2.952538376036242,-1.96405744447521,0.6894273484822353,-1.301774529860377,4.82718060081716,-0.5186077632584416,1.481168109317168,-0.9340126093780068,-1.0753845441106042
10.0,283.0,1000.023193359375,-4.244100063688869,-2.952538483319043,-1.964057454215648,0.6894274111279319,-1.3017743826419317,4.82718047515456,-0.5186077649882472,1.481168089524676,-0.9340126851143608,-1.0753845262146444
10.0,283.0,1000.0233764648438,-4.24410010695524,-2.952538320655856,-1.9640574413512688,0.6894273133900324,-1.3017746078053087,4.827180667042951,-0.5186077605196218,1.481168110427202,-0.9340125662250164,-1.07538456020712
10.0,283.0,1000.023193359375,-4.244100046042573,-2.95253854057901,-1.964057456603658,0.6894274495616965,-1.301774289987892,4.827180404609969,-0.5186077669131635,1.4811680855366005,-0.9340127318392986,-1.075384508353891
10.0,283.0,1000.023193359375,-4.244100137177497,-2.9525382093959647,-1.9640574351093136,0.689427246433433,-1.3017747708422842,4.827180802958825,-0.5186077558608302,1.4811681257285798,-0.9340124778168012,-1.0753845862919582
10.0,283.0,1000.0232543945312,-4.244100019931153,-2.9525386351997467,-1.9640574664816155,0.6894275083810655,-1.301774158099331,4.827180287737841,-0.5186077683831245,1.4811680735935528,-0.93401280096188,-1.0753844884035195
10.0,283.0,1000.023193359375,-4.24410005025714,-2.9525385548942578,-1.9640574570434048,0.6894274623862371,-1.301774275697769,4.82718038620629,-0.5186077636350026,1.4811680859666223,-0.9340127389949346,-1.0753845103570765
10.0,283.0,1000.023193359375,-4.2441001439991135,-2.9525381736875853,-1.964057436443356,0.6894272184944956,-1.301774832146683,4.827180846654214,-0.5186077551713568,1.481168123306151,-0.934012447791174,-1.0753845980858552
10.0,283.0,1000.023193359375,-4.244100071662284,-2.95253845092853,-1.9640574459675435,0.6894273965507836,-1.3017744101106254,4.827180508998749,-0.5186077682728101,1.48116810375278,-0.934012673832754,-1.0753845206303243
10.0,283.0,1000.0231323242188,-4.244100076511696,-2.9525384270218904,-1.964057446059961,0.6894273830068851,-1.3017744438227226,4.82718053892552,-0.5186077643931908,1.4811681029985897,-0.9340126506356308,-1.075384531096061
10.0,283.0,1000.0232543945312,-4.244100031237323,-2.9525385952580523,-1.964057458124946,0.6894274851609685,-1.301774201250543,4.827180332524815,-0.5186077703137615,1.4811680825309494,-0.934012781803915,-1.0753844896630902
10.0,283.0,1000.0232543945312,-4.24410011156772,-2.9525383119474147,-1.9640574445508148,0.6894273027886602,-1.3017746327681587,4.827180683124384,-0.518607759332113,1.481168109388391,-0.9340125510106834,-1.0753845651818486
10.0,283.0,1000.0232543945312,-4.244100112931259,-2.9525382896557404,-1.9640574421082733,0.689427291645071,-1.3017746596684878,4.827180707861666,-0.5186077585505284,1.4811681106357808,-0.9340125382401744,-1.0753845696857889
10.0,284.0,1000.0233764648438,-4.24410009404372,-2.95253835777775,-1.9640574473286057,0.6894273317937669,-1.301774558186227,4.827180620958586,-0.5186077622928718,1.4811681040513562,-0.9340125952414492,-1.0753845491017482
10.0,284.0,1000.023193359375,-4.244100184588245,-2.952538050543429,-1.9640574258896577,0.689427144683469,-1.3017750173708853,4.82718099908624,-0.5186077498239205,1.481168138211685,-0.934012349091315,-1.075384633343663
10.0,284.0,1000.0231323242188,-4.244100078801986,-2.952538416350716,-1.964057448233188,0.6894273717970121,-1.3017744673367655,4.827180551525084,-0.5186077635948845,1.4811681004660384,-0.93401264072378,-1.07538453403998
10.0,284.0,1000.0231323242188,-4.244100090620384,-2.9525383921822432,-1.9640574441750287,0.6894273617656301,-1.3017745011490032,4.827180583974959,-0.5186077608418955,1.481168107950741,-0.9340126181362248,-1.075384540905333
10.0,284.0,1000.0232543945312,-4.244100105288035,-2.952538338800734,-1.964057440093528,0.6894273298626299,-1.3017745701288348,4.82718064469014,-0.5186077610609052,1.481168118023383,-0.9340125824869788,-1.0753845493135508
10.0,284.0,1000.0232543945312,-4.2441001024549205,-2.952538345231265,-1.9640574446277164,0.6894273269927265,-1.3017745759335717,4.827180639043327,-0.5186077604250157,1.4811681093197553,-0.9340125819320432,-1.0753845532152295
10.0,284.0,1000.023193359375,-4.244100134560258,-2.952538208173896,-1.964057438154763,0.6894272378576165,-1.3017747753103937,4.827180804938204,-0.5186077576932675,1.4811681232673388,-0.9340124772634004,-1.0753845828787014
10.0,284.0,1000.023193359375,-4.244100070921891,-2.952538472152238,-1.964057451128954,0.6894274064172663,-1.3017743841471212,4.827180481267096,-0.5186077671172455,1.4811681009912585,-0.9340126852887574,-1.075384516164112
10.0,284.0,1000.023193359375,-4.244100149100584,-2.952538167977084,-1.964057427413045,0.6894272224311919,-1.3017748186711198,4.827180850523988,-0.518607758188466,1.4811681372617187,-0.934012455501513,-1.07538458765079
10.0,284.0,1000.0231323242188,-4.244100080600903,-2.9525384268580543,-1.9640574450902188,0.6894273829571986,-1.301774451290702,4.827180538828799,-0.5186077647995049,1.481168103233868,-0.9340126499102724,-1.075384534367743
10.0,284.0,1000.0233764648438,-4.244100098361338,-2.952538352027683,-1.9640574476007355,0.6894273328488296,-1.301774572736945,4.827180634131057,-0.5186077582660502,1.481168103551262,-0.9340125782185282,-1.0753845606774115
10.0,284.0,1000.023193359375,-4.244100060044555,-2.952538502723528,-1.964057451903518,0.6894274290089211,-1.3017743412043128,4.827180448692262,-0.5186077660871824,1.4811680952271231,-0.9340127042420256,-1.0753845163838176
10.0,284.0,1000.0232543945312,-4.244100039524848,-2.952538570891407,-1.9640574549698944,0.6894274730776297,-1.3017742341762526,4.827180364597872,-0.518607769137212,1.4811680887362186,-0.934012761809548,-1.0753844940310937
10.0,284.0,1000.0232543945312,-4.244100026585911,-2.952538627770404,-1.964057462394868,0.6894275022723342,-1.3017741656264574,4.827180295231223,-0.518607770197935,1.4811680782465508,-0.9340128016378656,-1.0753844863579438
10.0,284.0,1000.023193359375,-4.244100075994482,-2.952538446347376,-1.9640574478881063,0.6894273929475769,-1.3017744233097628,4.827180516635657,-0.5186077639209508,1.4811681012448543,-0.9340126621513384,-1.0753845263123625
10.0,284.0,1000.0232543945312,-4.244100128090262,-2.95253824551225,-1.964057438433282,0.6894272642225383,-1.301774719899487,4.827180761025712,-0.518607758126441,1.4811681208151493,-0.9340125047747608,-1.0753845760564666
10.0,284.0,1000.0231323242188,-4.244100090416288,-2.9525383869465367,-1.9640574478126367,0.689427350239078,-1.3017745148652309,4.8271805878211165,-0.5186077640122413,1.4811681031950528,-0.9340126165736242,-1.0753845417053824
10.0,284.0,1000.023193359375,-4.244100123531728,-2.952538239471724,-1.964057437273772,0.6894272642779047,-1.3017747261599788,4.827180766135935,-0.5186077576186632,1.4811681190528958,-0.9340125016974818,-1.075384581019328
10.0,284.0,1000.0231323242188,-4.244100079969591,-2.9525383981514954,-1.9640574473759056,0.6894273656797285,-1.3017744900661827,4.827180572019717,-0.5186077625788021,1.4811681027234371,-0.9340126264319136,-1.0753845403682498
10.0,284.0,1000.023193359375,-4.244100155101928,-2.9525381330228724,-1.9640574274634035,0.6894271982208195,-1.3017748740305652,4.827180894259989,-0.518607756134486,1.481168136708857,-0.9340124245735728,-1.0753845989280286
10.0,284.0,1000.023193359375,-4.244100141170808,-2.952538209130507,-1.9640574310226628,0.6894272492915556,-1.301774761908805,4.827180804205517,-0.5186077566426501,1.4811681333281577,-0.934012481022962,-1.075384580586403
10.0,284.0,1000.0231323242188,-4.244100085103674,-2.952538412826999,-1.964057447412812,0.6894273703230134,-1.3017744776281237,4.827180558781821,-0.5186077626177994,1.4811681031569934,-0.9340126337813216,-1.0753845373396302
10.0,284.0,1000.0232543945312,-4.244100112047343,-2.9525382962480915,-1.9640574421445152,0.6894272943215256,-1.3017746462249442,4.827180696801616,-0.5186077608747146,1.4811681131595655,-0.9340125476453318,-1.0753845634015065
10.0,284.0,1000.023193359375,-4.2441000600339365,-2.9525385280626346,-1.964057452718822,0.6894274465098622,-1.3017743118543206,4.827180418952322,-0.5186077653356094,1.4811680946288508,-0.9340127217495312,-1.0753845116960052
10.0,284.0,1000.023193359375,-4.244100075001004,-2.952538450102678,-1.964057451735804,0.6894273892500937,-1.301774424501625,4.827180511457481,-0.5186077651820469,1.4811680969362184,-0.9340126634287432,-1.0753845270432376
10.0,284.0,1000.0232543945312,-4.244100036717491,-2.9525385767181622,-1.964057456809236,0.6894274773356033,-1.3017742269943815,4.82718035762108,-0.5186077686319788,1.4811680877690918,-0.934012762852169,-1.0753844963461665
10.0,284.0,1000.0232543945312,-4.244100115586106,-2.952538303712792,-1.9640574405595983,0.689427303185731,-1.3017746373272114,4.827180689609106,-0.5186077598250245,1.4811681160871508,-0.9340125504388652,-1.075384563389925
10.0,284.0,1000.0232543945312,-4.244100122174242,-2.952538256167156,-1.9640574386302616,0.6894272752112798,-1.3017747004313964,4.827180746772834,-0.5186077561163174,1.4811681178341214,-0.934012513155932,-1.0753845765975072
10.0,284.0,1000.023193359375,-4.244100062817683,-2.952538470159616,-1.964057450804868,0.6894274072733761,-1.3017743830493362,4.827180486286265,-0.5186077671170084,1.4811680975163348,-0.9340126836613224,-1.0753845186262438
10.0,284.0,1000.023193359375,-4.244100044772426,-2.952538538450309,-1.9640574580492216,0.6894274468513437,-1.3017742927783282,4.827180404160398,-0.5186077681419574,1.4811680854957432,-0.9340127314310918,-1.0753845093969767
10.0,284.0,1000.023193359375,-4.244100067268746,-2.9525384895520794,-1.9640574520356804,0.6894274220145764,-1.3017743663234116,4.827180464852757,-0.5186077626198307,1.4811680951655006,-0.9340126910883182,-1.0753845224159957
10.0,284.0,1000.023193359375,-4.2441000576423535,-2.9525384923461204,-1.9640574517489289,0.6894274195753693,-1.3017743587875596,4.827180459350153,-0.5186077672841485,1.481168091732069,-0.9340127003763126,-1.0753845178611208
10.0,284.0,1000.023193359375,-4.244100060276788,-2.952538490153497,-1.964057452297825,0.6894274198398058,-1.301774357798025,4.827180461647918,-0.5186077671257863,1.4811680946767094,-0.9340126983003874,-1.075384516405962
10.0,284.0,1000.023193359375,-4.244100071135175,-2.9525384487123087,-1.9640574532578867,0.6894273940475939,-1.3017744277132524,4.827180515248346,-0.5186077618192524,1.4811680946747092,-0.9340126569017286,-1.0753845338722878
10.0,284.0,1000.0232543945312,-4.244100032452615,-2.952538599002443,-1.964057460088135,0.6894274873222264,-1.3017741994441616,4.827180330765055,-0.5186077679495984,1.4811680816172688,-0.9340127792687296,-1.0753844924086735
10.0,284.0,1000.0232543945312,-4.24410006751944,-2.952538465143129,-1.9640574524900127,0.689427395906625,-1.3017743977857812,4.827180489674721,-0.5186077681313881,1.4811680960549474,-0.9340126832980477,-1.0753845173009156
10.0,284.0,1000.023193359375,-4.244100052947765,-2.952538512873611,-1.9640574554348191,0.6894274339762401,-1.301774328567303,4.827180435430044,-0.5186077654957177,1.4811680893635373,-0.9340127108719328,-1.0753845153037744
10.0,284.0,1000.0231323242188,-4.244100089832174,-2.95253840226818,-1.9640574435685787,0.6894273641398483,-1.3017744874248938,4.827180569025305,-0.5186077649975109,1.4811681085860453,-0.9340126326024932,-1.0753845352333018
10.0,284.0,1000.0232543945312,-4.2441001227525375,-2.952538271456894,-1.964057441026037,0.689427280250424,-1.301774688243606,4.827180727759496,-0.5186077588880389,1.4811681178746428,-0.934012524689531,-1.0753845707325054
10.0,284.0,1000.023193359375,-4.244100066208475,-2.952538465496509,-1.9640574516391784,0.689427405118713,-1.301774402643666,4.827180494695874,-0.5186077639150151,1.481168095345521,-0.934012672352365,-1.0753845291278
10.0,284.0,1000.0232543945312,-4.244100101058415,-2.9525383481419767,-1.964057438317706,0.6894273367927974,-1.3017745574409725,4.827180633374718,-0.51860776233148,1.4811681161044108,-0.9340125914373978,-1.075384549879666
10.0,284.0,1000.0232543945312,-4.2441000973805965,-2.9525383546584054,-1.9640574431712992,0.6894273346472444,-1.3017745633010187,4.827180627121464,-0.5186077623117926,1.4811681068873632,-0.9340125920423192,-1.0753845542208769
10.0,284.0,1000.0232543945312,-4.244100107828624,-2.952538317464169,-1.9640574433464624,0.6894273120016905,-1.3017746141450184,4.827180672492679,-0.518607757444288,1.4811681099222884,-0.9340125593000276,-1.0753845627697127
10.0,284.0,1000.023193359375,-4.244100061159845,-2.952538478985572,-1.964057455012298,0.6894274072199167,-1.3017743836833435,4.827180476206339,-0.5186077667103675,1.481168090929125,-0.9340126864519692,-1.0753845226949337
10.0,284.0,1000.0232543945312,-4.244100124601471,-2.9525382585560296,-1.964057436890908,0.6894272761711173,-1.3017746963262915,4.827180743365998,-0.5186077590536389,1.4811681230444584,-0.9340125186595118,-1.0753845707151783
10.0,284.0,1000.023193359375,-4.244100148748293,-2.9525381793490624,-1.9640574315807984,0.68942722948956,-1.3017748155316191,4.827180838288799,-0.5186077542280163,1.481168131064717,-0.9340124558254744,-1.0753845932629824
10.0,284.0,1000.023193359375,-4.244100081575998,-2.952538394624733,-1.9640574488504128,0.6894273556543995,-1.3017744968836804,4.827180577164475,-0.5186077658256947,1.4811681043312337,-0.9340126242948016,-1.0753845366269577
10.0,284.0,1000.0231323242188,-4.244100084945076,-2.952538397818344,-1.9640574488244185,0.6894273649719382,-1.3017744985301691,4.827180575631939,-0.51860776026568,1.481168102236138,-0.9340126192002848,-1.0753845453634447
10.0,284.0,1000.023193359375,-4.244100074488777,-2.9525384417133296,-1.964057447906435,0.6894273917255731,-1.301774422776509,4.8271805197851805,-0.5186077650824696,1.4811681048514993,-0.9340126620765076,-1.0753845234877786
10.0,284.0,1000.023193359375,-4.244100057253938,-2.952538502843041,-1.964057457620786,0.6894274235753226,-1.3017743541268691,4.827180450738636,-0.5186077629032706,1.4811680855825724,-0.9340126980185212,-1.0753845214067983
10.0,285.0,1000.023193359375,-4.244100065821873,-2.952538490961846,-1.9640574522653944,0.689427421307153,-1.301774365158272,4.827180465246588,-0.5186077648556733,1.4811680969423957,-0.9340126916264656,-1.0753845201463297
10.0,285.0,1000.023193359375,-4.244100136199073,-2.952538216146304,-1.9640574355964469,0.6894272463262352,-1.3017747674736395,4.827180795945653,-0.5186077575587147,1.4811681229342757,-0.9340124831468116,-1.0753845851076456
10.0,285.0,1000.0233764648438,-4.24410009229079,-2.9525383706859807,-1.9640574453777264,0.6894273454156501,-1.3017745410543906,4.827180608060759,-0.5186077616682994,1.4811681049705427,-0.9340126007293056,-1.0753845505517383
10.0,285.0,1000.0231323242188,-4.244100090567104,-2.9525383954981432,-1.9640574455881048,0.6894273661314152,-1.3017744975421626,4.827180580207926,-0.5186077595057874,1.4811681074654466,-0.9340126183417564,-1.075384542217666
10.0,285.0,1000.0232543945312,-4.244100099119748,-2.952538358174846,-1.9640574452583608,0.6894273323749598,-1.3017745625977946,4.827180625405701,-0.5186077617278899,1.4811681064351534,-0.9340125914529392,-1.0753845511936704
10.0,285.0,1000.0231323242188,-4.244100086688027,-2.952538390470776,-1.9640574487242968,0.6894273531806894,-1.30177451095743,4.827180583571931,-0.518607762061233,1.4811681004071442,-0.9340126178785272,-1.0753845434800158
10.0,285.0,1000.0232543945312,-4.244100122616958,-2.9525382574868666,-1.9640574427269093,0.6894272715990066,-1.3017747100401342,4.827180746167217,-0.518607755289672,1.4811681125357137,-0.9340125085136232,-1.0753845802671376
10.0,285.0,1000.023193359375,-4.244100057101737,-2.9525385158579023,-1.964057455561878,0.6894274324671148,-1.3017743277679497,4.827180433063102,-0.5186077653886159,1.4811680894011072,-0.9340127125058144,-1.0753845145575336
10.0,285.0,1000.023193359375,-4.244100062967108,-2.952538466798211,-1.964057450214046,0.689427402725725,-1.3017743934388912,4.827180492801013,-0.5186077681666825,1.481168094853026,-0.934012679502758,-1.0753845236674584
10.0,285.0,1000.0232543945312,-4.244100110205446,-2.952538290655457,-1.964057443006224,0.689427293616359,-1.301774658859185,4.827180703496396,-0.5186077586088782,1.4811681089781628,-0.9340125399900988,-1.0753845704308738
10.0,285.0,1000.023193359375,-4.2441000618940565,-2.9525384974348623,-1.96405744970176,0.6894274293211069,-1.3017743460684317,4.827180454343347,-0.5186077645205831,1.481168097408542,-0.9340127019752344,-1.0753845155495667
10.0,285.0,1000.023193359375,-4.24410006933454,-2.95253846993874,-1.9640574502362504,0.6894274065933468,-1.3017743915546327,4.827180489338954,-0.518607765456454,1.4811680988815734,-0.9340126794834028,-1.075384521566955
10.0,285.0,1000.0232543945312,-4.24410012931415,-2.9525382532782984,-1.96405743624272,0.6894272736875564,-1.3017747129172408,4.827180752829845,-0.5186077567222096,1.4811681196922135,-0.9340125088504836,-1.0753845801705042
10.0,285.0,1000.0232543945312,-4.244100029382135,-2.952538606997627,-1.964057458933366,0.6894274926762121,-1.3017741872535549,4.827180319769576,-0.5186077711330519,1.4811680827259297,-0.9340127887090456,-1.0753844889886928
10.0,285.0,1000.023193359375,-4.2441000712214425,-2.952538463380641,-1.964057451592764,0.6894274025830347,-1.30177440454939,4.827180497812352,-0.5186077626103822,1.4811680960946916,-0.9340126705043392,-1.0753845283604315
10.0,285.0,1000.0231323242188,-4.244100077485051,-2.952538429280239,-1.9640574484024045,0.6894273841657359,-1.3017744487536786,4.8271805381452655,-0.5186077630240034,1.481168101882159,-0.9340126468727296,-1.075384534665634
10.0,285.0,1000.023193359375,-4.244100045427328,-2.952538561374929,-1.964057456878297,0.6894274650086345,-1.3017742575184514,4.827180374464385,-0.5186077675910656,1.4811680879342417,-0.9340127518320456,-1.075384500159446
10.0,285.0,1000.0231323242188,-4.244100087974561,-2.9525383900685385,-1.9640574436130944,0.6894273582372588,-1.3017745012840698,4.827180581404372,-0.5186077646719331,1.481168108745444,-0.9340126248874387,-1.0753845371235626
10.0,285.0,1000.0231323242188,-4.244100083837555,-2.9525384127878347,-1.964057446738007,0.6894273718051043,-1.3017744762199115,4.827180560113565,-0.5186077621922367,1.4811681032842658,-0.934012632943764,-1.075384538039457
10.0,285.0,1000.0232543945312,-4.244100041373085,-2.9525385780804307,-1.9640574561458908,0.6894274779655625,-1.3017742293212224,4.827180355337067,-0.5186077670295743,1.4811680861904095,-0.9340127648206558,-1.0753844972648134
10.0,285.0,1000.023193359375,-4.244100066070211,-2.952538494267756,-1.964057451521462,0.6894274211393157,-1.3017743542205622,4.827180457271288,-0.5186077663857089,1.481168097711766,-0.934012700544974,-1.0753845139351248
10.0,285.0,1000.0231323242188,-4.244100077374103,-2.9525384328249,-1.9640574492002096,0.6894273837432516,-1.3017744453438498,4.827180534452706,-0.5186077626449661,1.4811681005997812,-0.9340126487738908,-1.0753845324557876
10.0,285.0,1000.023193359375,-4.244100044306715,-2.952538560705282,-1.9640574576377428,0.6894274659201569,-1.3017742602132492,4.827180378133603,-0.5186077652887624,1.481168086413886,-0.9340127465495468,-1.0753845039870091
10.0,285.0,1000.0231323242188,-4.244100094597395,-2.9525383773546285,-1.9640574450722743,0.6894273482032673,-1.3017745312739382,4.827180600893739,-0.5186077618019436,1.4811681064861917,-0.9340126069256192,-1.0753845475221295
10.0,285.0,1000.023193359375,-4.244100055332676,-2.952538521222269,-1.9640574511417097,0.6894274403859626,-1.3017743090844318,4.827180426719858,-0.5186077675893213,1.48116809584348,-0.9340127222707366,-1.0753845069704449
10.0,285.0,1000.0232543945312,-4.244100103966919,-2.952538325989796,-1.9640574395804613,0.6894273226521737,-1.3017745884539655,4.827180658111654,-0.5186077606069155,1.4811681179105485,-0.9340125744597624,-1.0753845518391545
10.0,285.0,1000.0231323242188,-4.244100081214161,-2.95253839171812,-1.964057446641422,0.689427356711362,-1.3017744978719978,4.827180580896712,-0.5186077652427388,1.4811681029766168,-0.9340126234920056,-1.0753845382239495
10.0,285.0,1000.0231323242188,-4.244100059074039,-2.9525384749231294,-1.9640574548819387,0.6894274100348028,-1.3017743847219614,4.827180481804218,-0.5186077645204357,1.4811680910165057,-0.9340126802026189,-1.0753845259338806
10.0,285.0,1000.023193359375,-4.244100067337898,-2.9525384394552106,-1.9640574501229144,0.6894273884347175,-1.3017744322396747,4.82718052294006,-0.5186077652625105,1.481168096320344,-0.9340126588179968,-1.0753845308801022
10.0,285.0,1000.0232543945312,-4.244100127480197,-2.9525382634191297,-1.9640574352097424,0.6894272826118879,-1.3017746885505903,4.827180737340264,-0.518607757526774,1.4811681254050493,-0.934012522434374,-1.075384569142845
10.0,285.0,1000.023193359375,-4.244100023818166,-2.952538624752385,-1.9640574634398835,0.6894275004358184,-1.3017741680267836,4.827180299752939,-0.5186077697988649,1.4811680767517252,-0.9340127985256704,-1.0753844866228537
10.0,285.0,1000.0232543945312,-4.244100104042624,-2.952538328578715,-1.964057443029091,0.6894273151625194,-1.301774600363712,4.827180659597678,-0.5186077617610181,1.481168110672895,-0.934012570625387,-1.075384555927521
10.0,285.0,1000.023193359375,-4.2441000559587225,-2.952538516455879,-1.9640574532950368,0.6894274410612358,-1.3017743244179898,4.827180434689476,-0.5186077641694675,1.481168093205528,-0.9340127098600464,-1.075384516913107
10.0,285.0,1000.023193359375,-4.244100059310518,-2.952538498020377,-1.964057451740552,0.6894274283202639,-1.3017743432178248,4.8271804537641,-0.5186077645794036,1.4811680959528497,-0.934012701540066,-1.0753845145514038
10.0,285.0,1000.0232543945312,-4.244100033487962,-2.9525385883990287,-1.9640574610843229,0.6894274774437932,-1.301774219726556,4.827180344279526,-0.5186077686855173,1.4811680803995948,-0.9340127706995442,-1.0753844937264692
10.0,285.0,1000.023193359375,-4.244100062338074,-2.952538499392084,-1.9640574531535493,0.6894274259963211,-1.3017743524298435,4.827180454847804,-0.5186077636243311,1.481168092316607,-0.9340126987160726,-1.075384518188598
10.0,285.0,1000.023193359375,-4.244100063680252,-2.9525384817182854,-1.9640574523674497,0.6894274134094145,-1.3017743730750393,4.827180473872563,-0.5186077661402972,1.481168096184633,-0.9340126885626924,-1.0753845188065494
10.0,285.0,1000.023193359375,-4.244100075276316,-2.952538457801271,-1.964057447245715,0.689427406783639,-1.3017744014241075,4.82718050125481,-0.5186077621611123,1.4811681027410897,-0.9340126712065012,-1.0753845249264975
10.0,285.0,1000.023193359375,-4.244100043181556,-2.9525385616495567,-1.964057460488068,0.6894274609456961,-1.301774262638442,4.827180376598433,-0.5186077668471496,1.481168082902342,-0.9340127472279712,-1.0753845037691296
10.0,285.0,1000.0232543945312,-4.244100115404754,-2.952538301914616,-1.9640574404883888,0.6894273031820086,-1.3017746378786783,4.827180691651797,-0.5186077587806484,1.4811681165584183,-0.9340125492969972,-1.0753845633080044
10.0,285.0,1000.023193359375,-4.244100048912711,-2.952538536763643,-1.9640574570139853,0.6894274488096253,-1.301774295618496,4.82718040761576,-0.5186077657587287,1.4811680877317943,-0.9340127285725516,-1.0753845091094156
10.0,285.0,1000.0232543945312,-4.244100112734,-2.952538305529436,-1.9640574425239616,0.689427300773473,-1.30177463916994,4.827180688589488,-0.5186077596012453,1.4811681124537692,-0.9340125504743292,-1.0753845640614594
10.0,285.0,1000.023193359375,-4.244100048931266,-2.952538542802568,-1.9640574541028792,0.6894274559771398,-1.3017742798543774,4.827180399995482,-0.5186077667138802,1.4811680930237507,-0.934012736215604,-1.075384503654862
10.0,285.0,1000.023193359375,-4.244100038718163,-2.952538546887259,-1.9640574587553503,0.6894274520074104,-1.3017742783478004,4.8271803932974695,-0.5186077685450412,1.4811680821104432,-0.9340127393017452,-1.0753845056794529
10.0,285.0,1000.0233764648438,-4.24410009722064,-2.952538364128747,-1.964057441246996,0.6894273440165257,-1.3017745387974855,4.827180616095266,-0.5186077630792019,1.481168113528461,-0.9340126013184245,-1.075384544881954
10.0,285.0,1000.023193359375,-4.244100052499645,-2.952538529826765,-1.964057456913606,0.6894274408997756,-1.3017743098767678,4.827180417027373,-0.518607766125954,1.481168086729233,-0.9340127217993386,-1.0753845116908352
10.0,285.0,1000.0231323242188,-4.244100092861044,-2.95253837768118,-1.9640574484527007,0.6894273468955259,-1.301774533857346,4.8271805995103705,-0.5186077600195347,1.4811681020694154,-0.9340126052265793,-1.075384549315073
10.0,285.0,1000.0232543945312,-4.244100127209226,-2.9525382439591983,-1.964057436967364,0.6894272628625897,-1.301774721408207,4.827180759881877,-0.5186077591508349,1.4811681208432337,-0.9340125086309712,-1.075384574658396
10.0,285.0,1000.023193359375,-4.244100139103398,-2.952538208835601,-1.9640574341521384,0.6894272417358982,-1.301774771335909,4.8271808025116165,-0.5186077569099918,1.4811681261473542,-0.93401248184085,-1.0753845816294887
10.0,285.0,1000.0232543945312,-4.244100105040208,-2.9525383155811995,-1.964057441487536,0.6894273145345755,-1.301774614808565,4.827180673101651,-0.5186077587932667,1.481168111656265,-0.934012559928477,-1.0753845646785587
10.0,286.0,1000.0231323242188,-4.244100084958044,-2.952538399134062,-1.964057444496164,0.6894273652501131,-1.301774492592421,4.827180573947029,-0.5186077618793759,1.4811681036561914,-0.9340126267139964,-1.0753845408447609
10.0,286.0,1000.0232543945312,-4.244100103856535,-2.9525383327879777,-1.9640574430910005,0.689427321874061,-1.3017745911619143,4.82718065453178,-0.5186077600834613,1.4811681105533705,-0.9340125729777976,-1.0753845567301958
10.0,286.0,1000.023193359375,-4.24410002803129,-2.952538615522609,-1.9640574599979264,0.6894274976919759,-1.3017741777214336,4.827180311750736,-0.5186077695856479,1.4811680814263362,-0.9340127919193416,-1.0753844873235452
10.0,286.0,1000.0231323242188,-4.244100087919232,-2.9525383805196643,-1.9640574463147813,0.6894273511900533,-1.3017745220046444,4.827180594411612,-0.5186077624983385,1.4811681045857084,-0.9340126117897124,-1.0753845456838955
10.0,286.0,1000.0232543945312,-4.244100098534394,-2.952538351194123,-1.964057444805099,0.6894273341476707,-1.3017745683617004,4.8271806321401325,-0.5186077589751008,1.48116810636982,-0.9340125841968828,-1.0753845563847504
10.0,286.0,1000.023193359375,-4.244100055579926,-2.9525385259511454,-1.9640574549318333,0.6894274433179302,-1.3017743095038838,4.827180421183204,-0.51860776583099,1.4811680934825515,-0.9340127201075016,-1.0753845104449211
10.0,286.0,1000.0231323242188,-4.244100085974637,-2.9525384023347976,-1.9640574461289004,0.6894273640836577,-1.3017744884801936,4.827180569371871,-0.5186077629795607,1.4811681035949444,-0.9340126287387368,-1.0753845386855918
10.0,286.0,1000.0232543945312,-4.244100105976235,-2.952538323122039,-1.964057445896647,0.6894273113359866,-1.3017746139245046,4.827180666224537,-0.518607758558514,1.4811681062789823,-0.9340125615198094,-1.0753845633934835
10.0,286.0,1000.023193359375,-4.244100063414274,-2.952538472087948,-1.96405745463344,0.6894274047496882,-1.3017743937814803,4.827180485422648,-0.518607764293928,1.4811680905983424,-0.9340126793073118,-1.0753845260274837
10.0,286.0,1000.0233764648438,-4.244100104523481,-2.9525383259007945,-1.964057443340951,0.6894273164888229,-1.3017746034697848,4.827180662665736,-0.5186077586205116,1.4811681086392188,-0.9340125665922888,-1.0753845610807842
10.0,286.0,1000.0232543945312,-4.24410009817983,-2.952538358843731,-1.964057443854852,0.6894273398583115,-1.301774554102345,4.827180624566701,-0.518607759229206,1.481168108314117,-0.9340125900551026,-1.0753845530315358
10.0,286.0,1000.023193359375,-4.244100075101195,-2.952538446256729,-1.964057448945488,0.689427393296147,-1.3017744225429908,4.827180515910266,-0.5186077640662106,1.481168101889189,-0.9340126629124867,-1.075384525690258
10.0,286.0,1000.023193359375,-4.244100067691631,-2.9525384805143857,-1.9640574546815524,0.6894274101234075,-1.3017743857659516,4.827180479163465,-0.5186077631053063,1.4811680923355262,-0.9340126810426392,-1.0753845241261373
10.0,286.0,1000.0231323242188,-4.244100087560929,-2.9525383817130577,-1.9640574492388616,0.6894273508788631,-1.3017745240607672,4.827180596242284,-0.5186077608490178,1.4811681025578007,-0.934012607925836,-1.0753845468952692
10.0,286.0,1000.023193359375,-4.244100051404272,-2.952538540160718,-1.9640574525220929,0.6894274534250364,-1.301774281316137,4.8271804014279045,-0.5186077683447996,1.4811680950153487,-0.9340127376171194,-1.0753845013707295
10.0,286.0,1000.023193359375,-4.244100050476521,-2.952538512571471,-1.964057454458408,0.6894274321490794,-1.3017743220075015,4.827180433397267,-0.5186077690257029,1.4811680923311057,-0.9340127180575032,-1.0753845081837636
10.0,286.0,1000.023193359375,-4.244100060693632,-2.952538494196722,-1.964057452522621,0.6894274212409446,-1.301774353854026,4.827180459281385,-0.5186077668693825,1.4811680961084894,-0.9340126995947252,-1.0753845146034855
10.0,286.0,1000.023193359375,-4.244100068697812,-2.952538460149507,-1.9640574514693347,0.6894273988405253,-1.3017744057283358,4.827180498958354,-0.5186077658295449,1.4811680971316576,-0.9340126737555624,-1.0753845235068904
10.0,286.0,1000.0232543945312,-4.244100107682369,-2.9525383222918937,-1.9640574405816864,0.6894273151829324,-1.301774602835455,4.8271806660862,-0.5186077609432491,1.4811681151248202,-0.9340125682737712,-1.0753845553496897
10.0,286.0,1000.023193359375,-4.244100060230132,-2.95253848189738,-1.9640574526712085,0.6894274150340554,-1.3017743761965272,4.827180475031708,-0.5186077642383937,1.481168091473835,-0.9340126856622746,-1.0753845249626028
10.0,286.0,1000.0231323242188,-4.2441000958795865,-2.9525383714093176,-1.9640574468062424,0.6894273477564123,-1.301774539613611,4.827180610142509,-0.5186077582426636,1.481168106670725,-0.934012595887988,-1.075384551348329
10.0,286.0,1000.023193359375,-4.24410007267735,-2.952538445981593,-1.964057451741473,0.6894273876446348,-1.3017744297839924,4.827180516974012,-0.5186077643175926,1.481168095653148,-0.934012660271856,-1.075384529963903
10.0,286.0,1000.0233764648438,-4.2441001068893405,-2.952538340652004,-1.964057442779564,0.6894273302701626,-1.3017745841534865,4.827180648425498,-0.5186077568579996,1.48116811126798,-0.9340125727709028,-1.0753845594964129
10.0,286.0,1000.023193359375,-4.244100077399176,-2.9525384349700663,-1.964057446420031,0.6894273864725626,-1.3017744368885036,4.827180529338747,-0.5186077655251173,1.4811681039622968,-0.9340126567690596,-1.0753845278591352
10.0,286.0,1000.0232543945312,-4.244100038682629,-2.952538578038523,-1.964057459059263,0.6894274702279937,-1.3017742349439807,4.827180358244284,-0.5186077692503819,1.4811680838325234,-0.93401276233182,-1.0753844960520142
10.0,286.0,1000.0231323242188,-4.244100087582275,-2.952538397592136,-1.9640574483128728,0.6894273582267241,-1.3017745038211288,4.827180577160206,-0.5186077616049651,1.481168099000581,-0.9340126201501676,-1.075384545533693
10.0,286.0,1000.0232543945312,-4.244100114314471,-2.952538284150765,-1.9640574400523385,0.6894272918068625,-1.301774660457581,4.827180712044418,-0.5186077587819442,1.4811681152009726,-0.9340125375088276,-1.0753845669816933
10.0,286.0,1000.023193359375,-4.244100071053323,-2.9525384595000137,-1.964057451339634,0.6894274014890964,-1.3017744079544662,4.827180501829249,-0.5186077629951322,1.4811680980940798,-0.9340126684444404,-1.0753845277037732
10.0,286.0,1000.023193359375,-4.244100067943025,-2.95253846764626,-1.964057450089944,0.689427406475752,-1.301774389997385,4.827180489959876,-0.5186077657862782,1.481168099274429,-0.9340126802953356,-1.0753845206993962
10.0,286.0,1000.0232543945312,-4.244100101778656,-2.952538342961841,-1.9640574410504048,0.6894273289434372,-1.3017745704363466,4.827180641899728,-0.5186077620768232,1.4811681137369224,-0.9340125856520364,-1.075384548306113
10.0,286.0,1000.0233764648438,-4.244100097121046,-2.952538362824809,-1.9640574427745583,0.6894273436675213,-1.30177454185504,4.827180614850153,-0.5186077613540601,1.4811681120125977,-0.934012600138975,-1.0753845464385945
10.0,286.0,1000.0232543945312,-4.244100105150183,-2.952538314643192,-1.96405744230605,0.6894273124467718,-1.3017746146460665,4.827180675096628,-0.5186077587343982,1.4811681128462617,-0.9340125587109958,-1.0753845612611164
10.0,286.0,1000.023193359375,-4.244100077815467,-2.95253844886198,-1.964057450785624,0.6894273971363409,-1.301774424221858,4.827180514249189,-0.5186077609007143,1.4811681005859487,-0.9340126585628168,-1.0753845305808314
10.0,286.0,1000.0232543945312,-4.244100109534858,-2.952538318556807,-1.9640574447454844,0.6894273082981375,-1.301774620409375,4.827180671952867,-0.518607758548276,1.481168108590051,-0.9340125589907152,-1.075384563402979
10.0,286.0,1000.0232543945312,-4.244100029977646,-2.952538604870833,-1.964057461618544,0.6894274874034512,-1.3017742032485289,4.827180325850801,-0.5186077689031334,1.4811680774935834,-0.9340127814372928,-1.075384494496098
10.0,286.0,1000.0232543945312,-4.244100109371262,-2.9525382987326045,-1.9640574448539063,0.6894272960014529,-1.30177465037292,4.827180693600488,-0.5186077587565876,1.4811681076027128,-0.9340125451799874,-1.0753845698719695
10.0,286.0,1000.023193359375,-4.2441000762285945,-2.952538438205816,-1.9640574487756088,0.6894273895246901,-1.3017744387054324,4.827180527786517,-0.5186077620182514,1.481168099359239,-0.9340126529340732,-1.0753845336503938
10.0,286.0,1000.023193359375,-4.244100077178601,-2.9525384406890702,-1.9640574468773984,0.6894273919259009,-1.301774426263826,4.827180523285426,-0.5186077645971086,1.481168105238833,-0.9340126592748472,-1.0753845262930382
10.0,286.0,1000.023193359375,-4.244100066864056,-2.952538481013826,-1.9640574525329253,0.6894274111736269,-1.3017743788796827,4.827180474999933,-0.5186077658021411,1.4811680952337518,-0.9340126867340092,-1.0753845211830426
10.0,286.0,1000.0233764648438,-4.244100094919464,-2.95253837045844,-1.9640574466342624,0.689427341889469,-1.3017745442442568,4.827180609589231,-0.5186077601681269,1.4811681037064153,-0.9340125997839576,-1.0753845503556327
10.0,286.0,1000.0232543945312,-4.244100096947985,-2.9525383526287827,-1.964057444997156,0.6894273324073028,-1.3017745610911755,4.827180629136414,-0.5186077621299834,1.4811681099424865,-0.9340125907659234,-1.0753845473203487
10.0,286.0,1000.023193359375,-4.244100053590442,-2.952538514469772,-1.9640574564120028,0.6894274329627992,-1.3017743277623168,4.827180433621276,-0.5186077672111153,1.481168089998559,-0.9340127122230656,-1.0753845129543826
10.0,286.0,1000.023193359375,-4.244100049463437,-2.95253854057328,-1.9640574557015444,0.6894274516383403,-1.3017742874905345,4.827180403502339,-0.5186077664040862,1.481168089054556,-0.9340127318789389,-1.0753845073315134
10.0,286.0,1000.0232543945312,-4.244100103913135,-2.952538347168487,-1.964057442488852,0.6894273309976136,-1.301774570035947,4.827180636415935,-0.518607760668873,1.481168112593883,-0.9340125853003558,-1.0753845509196762
10.0,286.0,1000.0233764648438,-4.24410009608878,-2.9525383622387884,-1.964057441702423,0.6894273434513689,-1.3017745433627868,4.827180617087088,-0.5186077618573703,1.4811681121295406,-0.9340126004662626,-1.075384547178639
10.0,286.0,1000.0231323242188,-4.244100088051967,-2.9525384054483,-1.9640574468582208,0.6894273666854103,-1.301774489398697,4.827180566308396,-0.518607762667445,1.4811681042288996,-0.9340126293849078,-1.0753845397244954
10.0,286.0,1000.0232543945312,-4.244100099411049,-2.9525383519910795,-1.964057444340079,0.6894273347293769,-1.3017745641443894,4.827180632780658,-0.5186077601186625,1.4811681108228756,-0.9340125851716587,-1.07538455279892
10.0,286.0,1000.0231323242188,-4.244100091966509,-2.952538377772082,-1.964057444058306,0.6894273488350553,-1.3017745209148983,4.827180598685345,-0.518607762874602,1.4811681077055052,-0.9340126116620392,-1.0753845421455472
10.0,286.0,1000.0231323242188,-4.244100092869209,-2.9525383782924304,-1.9640574464810368,0.689427351241541,-1.3017745266828746,4.827180600734454,-0.5186077598567485,1.4811681068329072,-0.934012604870948,-1.075384545989697
10.0,286.0,1000.023193359375,-4.244100065387895,-2.9525384663021264,-1.9640574538096829,0.6894274051185683,-1.3017743992912894,4.827180490248562,-0.5186077628768322,1.4811680912496836,-0.934012674693391,-1.0753845288141315
10.0,287.0,1000.0232543945312,-4.244100097887916,-2.95253835223865,-1.964057445545872,0.6894273317785764,-1.301774567002961,4.827180629048673,-0.5186077605358728,1.4811681050965184,-0.9340125889465528,-1.075384554173123
10.0,287.0,1000.0232543945312,-4.244100105864272,-2.95253833226234,-1.9640574402341056,0.6894273227909942,-1.3017745883240597,4.827180654925474,-0.518607760145648,1.4811681143545137,-0.93401257463933,-1.0753845537182043
10.0,287.0,1000.023193359375,-4.244100067530342,-2.9525384652597704,-1.9640574517315168,0.6894274022927149,-1.3017743960084949,4.82718049327922,-0.5186077650699197,1.481168096677382,-0.934012676379396,-1.0753845226532943
10.0,287.0,1000.0231323242188,-4.244100087982925,-2.952538393318208,-1.9640574445735703,0.689427362503646,-1.3017744979875898,4.8271805814422,-0.5186077626910457,1.4811681083933612,-0.9340126201265306,-1.0753845411340164
10.0,287.0,1000.023193359375,-4.244100072052035,-2.952538452536806,-1.96405745076853,0.6894273960528459,-1.3017744154555984,4.827180507777552,-0.5186077641375935,1.4811680980991095,-0.9340126666312508,-1.075384526835574
10.0,287.0,1000.0231323242188,-4.244100079076555,-2.952538431519698,-1.96405744928516,0.6894273829847739,-1.3017744497536734,4.827180535592371,-0.5186077624485534,1.4811681002097892,-0.934012646827406,-1.0753845334509329
10.0,287.0,1000.0231323242188,-4.244100077201169,-2.9525384186875128,-1.964057447807668,0.6894273758455371,-1.3017744645066864,4.827180550890924,-0.5186077638866387,1.4811681016095113,-0.9340126405077652,-1.0753845353525682
10.0,287.0,1000.0231323242188,-4.244100082367401,-2.952538420830198,-1.9640574490187424,0.6894273753673303,-1.30177446305145,4.8271805466593225,-0.518607762908033,1.4811681020670653,-0.9340126411380956,-1.0753845340515666
10.0,287.0,1000.023193359375,-4.244100059455711,-2.9525384967472466,-1.9640574527203285,0.6894274250271417,-1.3017743492130167,4.827180454924694,-0.5186077655615557,1.4811680951215935,-0.9340127009933016,-1.0753845150414114
10.0,287.0,1000.0232543945312,-4.244100127221307,-2.9525382523802515,-1.9640574378261848,0.6894272730075972,-1.3017747136850408,4.827180752609307,-0.5186077562693407,1.4811681195181068,-0.9340125085241526,-1.0753845803989617
10.0,287.0,1000.023193359375,-4.244100068554639,-2.9525384788097866,-1.9640574488108469,0.6894274122831021,-1.3017743796439074,4.827180479344333,-0.5186077652432264,1.4811680972419785,-0.9340126872690506,-1.075384519932827
10.0,287.0,1000.023193359375,-4.244100072794806,-2.952538445467142,-1.9640574510804192,0.6894273893063527,-1.301774428726135,4.827180517067882,-0.5186077647225646,1.4811680982643258,-0.9340126613829032,-1.0753845278773175
10.0,287.0,1000.023193359375,-4.244100059660104,-2.9525384982057794,-1.9640574538414504,0.6894274236546742,-1.301774357361916,4.827180454741731,-0.518607764745111,1.4811680893047443,-0.9340126986721318,-1.075384521833854
10.0,287.0,1000.0231323242188,-4.244100092027212,-2.952538378537185,-1.964057446791972,0.6894273488880724,-1.3017745284435414,4.827180599279377,-0.5186077613447466,1.481168104404241,-0.9340126062661732,-1.0753845483679991
10.0,287.0,1000.023193359375,-4.244100095283141,-2.952538374840098,-1.9640574479070767,0.6894273456279354,-1.3017745383930617,4.827180605439732,-0.5186077605380675,1.4811681045634175,-0.9340126000378132,-1.0753845498174308
10.0,287.0,1000.0231323242188,-4.244100090322393,-2.952538395235052,-1.9640574473770425,0.6894273586561663,-1.3017745083550314,4.8271805799247165,-0.5186077612845805,1.481168102431072,-0.9340126185508364,-1.0753845449545725
10.0,287.0,1000.023193359375,-4.244100077328662,-2.952538438688105,-1.964057447901628,0.6894273928285886,-1.3017744321557003,4.827180527052725,-0.5186077626777177,1.4811681046466587,-0.9340126535067936,-1.0753845302863114
10.0,287.0,1000.0231323242188,-4.244100089928924,-2.952538392480483,-1.9640574439753529,0.6894273612460662,-1.3017744974232142,4.827180581094261,-0.5186077619543319,1.481168108092482,-0.9340126224208092,-1.0753845389503058
10.0,287.0,1000.0231323242188,-4.244100087635705,-2.952538400364176,-1.964057447939335,0.6894273643227464,-1.301774498222093,4.827180574595465,-0.5186077595518288,1.4811681025068315,-0.9340126204633784,-1.0753845445996784
10.0,287.0,1000.0232543945312,-4.244100100271831,-2.9525383382767534,-1.96405744429,0.689427321424299,-1.3017745850334044,4.827180646925433,-0.5186077616172247,1.481168108067764,-0.9340125791337864,-1.0753845541686635
10.0,287.0,1000.0232543945312,-4.244100030431591,-2.9525386087056784,-1.9640574601776004,0.6894274934013058,-1.3017741896529946,4.82718031970389,-0.5186077690477724,1.4811680813465546,-0.9340127862294416,-1.075384490046046
10.0,287.0,1000.0232543945312,-4.244100121860712,-2.9525382571997887,-1.9640574392632884,0.6894272753204991,-1.301774703191159,4.82718074625552,-0.5186077564306188,1.4811681162579011,-0.9340125124034522,-1.0753845777667204
10.0,287.0,1000.023193359375,-4.244100070047359,-2.9525384655768434,-1.964057451109644,0.689427403643422,-1.3017744007717669,4.827180495909508,-0.5186077639605511,1.4811680961761864,-0.9340126736632062,-1.0753845260393695
10.0,287.0,1000.023193359375,-4.244100061610578,-2.95253848533317,-1.9640574521595977,0.6894274174723805,-1.3017743666957875,4.827180468707788,-0.518607765581339,1.481168093829628,-0.9340126920926703,-1.0753845199135457
10.0,287.0,1000.0231323242188,-4.244100078856661,-2.9525384157211625,-1.9640574474832049,0.689427371559451,-1.3017744694811766,4.8271805522155145,-0.5186077653653056,1.4811681010570386,-0.9340126417560182,-1.0753845352953944
10.0,287.0,1000.0231323242188,-4.244100092618355,-2.9525383874686724,-1.964057444769036,0.6894273550499976,-1.3017745134500864,4.827180588979664,-0.5186077614183828,1.481168105564608,-0.934012615626493,-1.0753845427185338
10.0,287.0,1000.023193359375,-4.244100073299149,-2.952538452264248,-1.9640574480006887,0.6894273976009382,-1.3017744135310911,4.827180509931569,-0.5186077641422546,1.4811681005005086,-0.9340126674510554,-1.0753845250319194
10.0,287.0,1000.0232543945312,-4.244100111590754,-2.952538301731692,-1.96405744377126,0.6894273004490037,-1.30177463999666,4.8271806909044965,-0.5186077579025561,1.4811681112056982,-0.9340125470016672,-1.0753845650411025
10.0,287.0,1000.0233764648438,-4.244100099450793,-2.9525383384081927,-1.964057447099856,0.6894273235904169,-1.3017745903529554,4.827180648794254,-0.5186077579607913,1.4811681049513012,-0.9340125716871208,-1.0753845607243129
10.0,287.0,1000.0232543945312,-4.24410009673252,-2.952538348123394,-1.9640574433540592,0.6894273310518519,-1.3017745652635415,4.827180633993137,-0.5186077621001006,1.4811681097157283,-0.9340125881942304,-1.0753845506351545
10.0,287.0,1000.023193359375,-4.244100068135758,-2.9525384565545822,-1.964057446994728,0.689427400163245,-1.3017744031087872,4.827180503698887,-0.518607766341523,1.4811681004668635,-0.9340126738446825,-1.0753845230855008
10.0,287.0,1000.0233764648438,-4.244100110986401,-2.952538319091973,-1.9640574424113533,0.6894273095489609,-1.3017746198215137,4.827180670588675,-0.5186077610149429,1.4811681127254896,-0.934012563269027,-1.0753845601696947
10.0,287.0,1000.023193359375,-4.244100064736677,-2.9525384691499386,-1.964057450865676,0.689427408186642,-1.3017743902070311,4.827180490054998,-0.5186077648107235,1.481168097196905,-0.9340126776899672,-1.075384523543594
10.0,287.0,1000.023193359375,-4.244100049862393,-2.952538539373598,-1.9640574560507469,0.6894274509445006,-1.3017742927502467,4.827180405721604,-0.5186077653653429,1.481168086911124,-0.9340127291591038,-1.075384510997564
10.0,287.0,1000.0231323242188,-4.244100062128685,-2.952538476056921,-1.964057454966647,0.6894274098986806,-1.301774387602597,4.827180483020886,-0.5186077632256065,1.4811680912215506,-0.9340126779328656,-1.075384526830514
10.0,287.0,1000.023193359375,-4.244100052157743,-2.952538531737672,-1.9640574561487547,0.689427443924612,-1.3017743054153923,4.827180413391066,-0.5186077657453101,1.481168087453648,-0.9340127247025212,-1.0753845104435262
10.0,287.0,1000.023193359375,-4.244100069951706,-2.952538458805168,-1.964057451022536,0.6894273973663321,-1.3017744094147,4.827180500751835,-0.5186077650766743,1.4811680954223814,-0.934012672197932,-1.0753845264353106
10.0,287.0,1000.0231323242188,-4.244100094100166,-2.952538373619434,-1.9640574461089155,0.6894273487638669,-1.301774534035527,4.827180606664669,-0.5186077596988339,1.4811681073928176,-0.934012600326831,-1.075384549138621
10.0,287.0,1000.0231323242188,-4.244100090617709,-2.9525383845555,-1.9640574469567,0.689427350321365,-1.3017745171511752,4.8271805906327785,-0.5186077632559858,1.4811681048708405,-0.9340126150603876,-1.0753845420350174
10.0,287.0,1000.023193359375,-4.244100068319478,-2.952538453701661,-1.9640574521480367,0.6894273967109132,-1.3017744147847905,4.827180508703714,-0.518607764333062,1.481168096464157,-0.9340126644255022,-1.0753845286066346
10.0,287.0,1000.0232543945312,-4.244100108734102,-2.952538313298981,-1.9640574426292248,0.6894273086883214,-1.3017746220817084,4.82718067836643,-0.5186077589585203,1.4811681116104864,-0.9340125565680122,-1.0753845624717573
10.0,287.0,1000.023193359375,-4.244100069692619,-2.952538467323895,-1.9640574538047408,0.6894273996832156,-1.301774403812313,4.827180493577089,-0.5186077642258722,1.48116809294552,-0.9340126734252738,-1.0753845257353771
10.0,287.0,1000.0232543945312,-4.244100102425481,-2.9525383559033584,-1.964057445103476,0.6894273361561467,-1.3017745619099197,4.82718062662607,-0.5186077591124523,1.4811681089171245,-0.9340125883539044,-1.075384552924965
10.0,287.0,1000.0232543945312,-4.2441000991978175,-2.952538346888486,-1.9640574419513488,0.6894273302733458,-1.3017745660261442,4.827180636515351,-0.5186077619009044,1.4811681112834272,-0.9340125883119912,-1.0753845495233616
10.0,287.0,1000.0233764648438,-4.244100104277631,-2.952538330186685,-1.964057442384596,0.6894273208655655,-1.3017745959493885,4.827180657798042,-0.5186077592113278,1.4811681100676344,-0.9340125700434544,-1.075384559346154
10.0,287.0,1000.0231323242188,-4.244100091482,-2.952538395655326,-1.964057448930698,0.6894273604980903,-1.3017745083716803,4.827180580913948,-0.5186077584968283,1.481168101967924,-0.9340126140824836,-1.0753845470549246
10.0,287.0,1000.023193359375,-4.244100056653432,-2.952538508172508,-1.9640574536502104,0.6894274321219687,-1.301774333313626,4.827180442615047,-0.518607766367988,1.4811680949796493,-0.9340127075258532,-1.0753845138155915
10.0,287.0,1000.0233764648438,-4.244100099252743,-2.952538338801775,-1.9640574446541672,0.6894273243330984,-1.30177458682827,4.8271806466149965,-0.5186077597612337,1.481168106230557,-0.9340125762310914,-1.075384558758146
10.0,287.0,1000.023193359375,-4.244100074796683,-2.952538448958088,-1.964057450096892,0.6894273932729176,-1.3017744222539926,4.827180513307255,-0.5186077643879452,1.4811681003678494,-0.9340126639263716,-1.075384526594906
10.0,287.0,1000.023193359375,-4.244100060910125,-2.952538480707898,-1.9640574524084744,0.6894274117743446,-1.3017743723728945,4.827180472360427,-0.5186077667838216,1.4811680934215683,-0.9340126911254804,-1.0753845196229133
10.0,288.0,1000.0231323242188,-4.244100079489799,-2.952538415600414,-1.9640574493717635,0.6894273719135686,-1.30177447375359,4.827180554642137,-0.5186077630953703,1.481168100360212,-0.9340126358944296,-1.0753845383080505
10.0,288.0,1000.0231323242188,-4.244100084280232,-2.952538411787996,-1.964057449021168,0.6894273697968076,-1.3017744804131604,4.827180560231282,-0.518607760780351,1.481168099991704,-0.9340126304632932,-1.0753845404770992
10.0,288.0,1000.023193359375,-4.244100070531461,-2.952538457034556,-1.9640574513523248,0.6894273968319222,-1.3017744116833891,4.82718050388104,-0.5186077653635675,1.481168097099994,-0.9340126693103716,-1.0753845259345178
10.0,288.0,1000.023193359375,-4.244100061667536,-2.952538492099956,-1.964057452933452,0.6894274231703248,-1.301774358037719,4.827180462522241,-0.51860776419357,1.481168094690429,-0.9340126938639282,-1.075384519575135
10.0,288.0,1000.0232543945312,-4.244100100555233,-2.952538342579264,-1.9640574437489984,0.6894273257961654,-1.301774578906763,4.827180641785144,-0.5186077612267566,1.4811681086328203,-0.9340125817849784,-1.0753845538117064
10.0,288.0,1000.0231323242188,-4.244100090346713,-2.9525383832655216,-1.964057446650544,0.6894273510769802,-1.3017745197940571,4.827180592487645,-0.5186077618810341,1.4811681037501945,-0.9340126124913716,-1.0753845445693773
10.0,288.0,1000.023193359375,-4.244100073273802,-2.952538452914911,-1.9640574500836527,0.6894273959194468,-1.301774416597557,4.8271805098806,-0.5186077639277658,1.481168098671918,-0.934012664360667,-1.0753845281153651
10.0,288.0,1000.0231323242188,-4.244100079206264,-2.9525384169000155,-1.9640574515588085,0.6894273685270171,-1.3017744759674654,4.827180552681735,-0.518607763310853,1.4811680959170603,-0.934012636774316,-1.075384538719415
10.0,288.0,1000.0231323242188,-4.244100078646557,-2.952538413168205,-1.9640574498357453,0.6894273680082383,-1.3017744746638995,4.827180555893358,-0.5186077642992704,1.481168099144479,-0.9340126361810892,-1.0753845373528752
10.0,288.0,1000.0232543945312,-4.244100104120831,-2.952538346528082,-1.964057442138268,0.6894273324077602,-1.3017745738868842,4.827180639555957,-0.5186077592476481,1.48116811177879,-0.934012581491352,-1.075384554958081
10.0,288.0,1000.0231323242188,-4.2441000826710935,-2.952538403443233,-1.9640574499293304,0.6894273640960735,-1.3017744925498853,4.827180570625924,-0.5186077613810767,1.4811680992393264,-0.9340126232120224,-1.0753845436238612
10.0,288.0,1000.0231323242188,-4.2441000849904,-2.9525384010220352,-1.964057446120005,0.6894273627173391,-1.301774490237868,4.827180571290873,-0.5186077641444236,1.4811681050392007,-0.9340126287553394,-1.0753845375307851
10.0,288.0,1000.023193359375,-4.24410007669191,-2.952538441848964,-1.9640574502441304,0.6894273881994275,-1.301774435049356,4.827180522336112,-0.5186077636665516,1.4811680992161331,-0.9340126567013164,-1.0753845304977938
10.0,288.0,1000.0231323242188,-4.244100086501874,-2.952538404601869,-1.964057446443218,0.689427367381084,-1.3017744863377416,4.827180568188062,-0.5186077623718504,1.481168105546935,-0.9340126282216196,-1.0753845389000063
10.0,288.0,1000.0231323242188,-4.244100082460652,-2.9525384145905376,-1.9640574493891765,0.6894273681336047,-1.3017744773237765,4.827180555857938,-0.5186077632058765,1.481168098662052,-0.9340126356099896,-1.0753845389396963
10.0,288.0,1000.0233764648438,-4.244100091892621,-2.9525383688189093,-1.964057445359186,0.6894273432987816,-1.3017745390975244,4.827180611225835,-0.5186077615876785,1.4811681058123265,-0.9340126007451852,-1.075384548684586
10.0,288.0,1000.0231323242188,-4.244100081742399,-2.9525384144950704,-1.9640574460705904,0.6894273742939019,-1.3017744679280656,4.827180554979105,-0.5186077633507873,1.4811681043572111,-0.9340126389866752,-1.075384534376477
10.0,288.0,1000.023193359375,-4.244100069311933,-2.952538452574295,-1.9640574504172603,0.689427395406855,-1.301774415424271,4.82718051045409,-0.5186077645049672,1.481168097460107,-0.9340126652673302,-1.0753845275427911
10.0,288.0,1000.0231323242188,-4.244100085049315,-2.952538415208249,-1.9640574459922249,0.6894273719774082,-1.3017744688640605,4.8271805544932445,-0.5186077640406701,1.4811681050809966,-0.9340126386889728,-1.0753845338280383
10.0,288.0,1000.0231323242188,-4.244100086838522,-2.952538400784786,-1.964057448441312,0.6894273652871918,-1.3017744943341936,4.827180573592527,-0.5186077601596546,1.4811681039494289,-0.9340126204815906,-1.0753845425204966
10.0,288.0,1000.0232543945312,-4.244100100184086,-2.952538352841529,-1.9640574447513108,0.6894273340828683,-1.301774564751314,4.827180630640864,-0.5186077599726397,1.481168108969059,-0.9340125860547736,-1.075384553647059
10.0,288.0,1000.023193359375,-4.244100072330276,-2.952538452335596,-1.9640574487033096,0.6894273969908173,-1.301774413627974,4.827180509337076,-0.5186077650260437,1.4811680999202883,-0.934012667056888,-1.0753845265716135
10.0,288.0,1000.0232543945312,-4.244100095198276,-2.9525383564110834,-1.964057445274618,0.6894273343176627,-1.3017745581125215,4.82718062553489,-0.5186077621588598,1.481168107094538,-0.9340125924630742,-1.075384550112664
10.0,288.0,1000.0231323242188,-4.244100081504533,-2.952538426867842,-1.9640574473915613,0.6894273822159143,-1.3017744522326111,4.82718054063804,-0.51860776298739,1.4811681039367022,-0.9340126458014826,-1.0753845328941771
10.0,288.0,1000.0231323242188,-4.244100079122845,-2.952538432011605,-1.964057448586116,0.6894273850619692,-1.3017744451660769,4.827180533873008,-0.518607762266619,1.4811681014344042,-0.9340126488276974,-1.0753845333249543
10.0,288.0,1000.0231323242188,-4.24410009093109,-2.9525383934565546,-1.964057449930488,0.6894273570848082,-1.3017745136852414,4.8271805823587055,-0.5186077600903589,1.481168101399847,-0.9340126140985276,-1.0753845464506435
10.0,288.0,1000.0231323242188,-4.244100083920637,-2.9525383927075213,-1.9640574481234807,0.6894273575451493,-1.3017745056427006,4.827180582960651,-0.5186077623192933,1.481168101426599,-0.9340126168299764,-1.0753845450026716
10.0,288.0,1000.023193359375,-4.244100045211537,-2.9525385601642533,-1.9640574589558928,0.689427459505251,-1.301774267565721,4.827180379663128,-0.5186077668494491,1.4811680824496012,-0.934012746308647,-1.0753845048611803
10.0,288.0,1000.0231323242188,-4.244100080225335,-2.952538396224364,-1.9640574499089136,0.6894273605409946,-1.3017744999290857,4.827180577000604,-0.5186077611406894,1.4811680991131355,-0.934012620260302,-1.075384543604053
10.0,288.0,1000.0231323242188,-4.244100073956024,-2.952538425018472,-1.9640574484195392,0.6894273776489568,-1.3017744537612383,4.827180541247575,-0.5186077648136829,1.4811680994645808,-0.9340126480777702,-1.075384531964663
10.0,288.0,1000.0231323242188,-4.244100091359507,-2.95253838636551,-1.9640574449506,0.6894273543139704,-1.3017745158698355,4.827180590122321,-0.5186077619772824,1.481168105151962,-0.9340126147646436,-1.075384544966525
10.0,288.0,1000.0232543945312,-4.2441001066208335,-2.9525383396356646,-1.9640574417718537,0.6894273250968661,-1.3017745830312104,4.827180645465692,-0.5186077598492735,1.4811681112360553,-0.9340125796557556,-1.0753845543855365
10.0,288.0,1000.023193359375,-4.244100073502131,-2.9525384484283874,-1.964057449228316,0.6894273962418396,-1.3017744199404908,4.8271805149184495,-0.5186077629087951,1.481168100602024,-0.9340126610225647,-1.0753845288007802
10.0,288.0,1000.023193359375,-4.244100074930192,-2.9525384591674126,-1.9640574504231083,0.6894274002195209,-1.3017744113532426,4.827180503605868,-0.5186077621282053,1.481168097570821,-0.9340126671469564,-1.0753845286460506
10.0,288.0,1000.0231323242188,-4.244100082825633,-2.952538410590233,-1.9640574473540755,0.6894273701584108,-1.3017744794216242,4.82718056092954,-0.5186077625461643,1.4811681021700815,-0.9340126321914752,-1.0753845389410364
10.0,288.0,1000.023193359375,-4.24410007003204,-2.9525384666239334,-1.964057450561496,0.6894274058163496,-1.30177439658133,4.8271804919681855,-0.5186077647965535,1.4811680984068405,-0.9340126762688286,-1.0753845248035483
10.0,288.0,1000.0231323242188,-4.244100082470206,-2.952538416269604,-1.964057447975999,0.6894273718767554,-1.301774470053264,4.827180553104768,-0.5186077633962114,1.4811681015455296,-0.9340126383485128,-1.0753845352984115
10.0,288.0,1000.0232543945312,-4.244100109612139,-2.95253831241356,-1.964057443585134,0.6894273080291544,-1.301774625773746,4.827180679752372,-0.5186077580599857,1.481168110386088,-0.9340125543529894,-1.075384564492729
10.0,288.0,1000.023193359375,-4.244100092286844,-2.9525383718950176,-1.9640574473150747,0.689427343657794,-1.3017745394668556,4.8271806062124085,-0.5186077612929312,1.4811681032376836,-0.9340126025844776,-1.075384549889935
10.0,288.0,1000.0231323242188,-4.244100081916431,-2.952538406770563,-1.9640574472774184,0.6894273669635718,-1.3017744835140648,4.827180565902317,-0.5186077637356661,1.4811681024566914,-0.934012630383262,-1.0753845392312762
10.0,288.0,1000.023193359375,-4.244100057227747,-2.952538526001596,-1.9640574551381915,0.6894274418795394,-1.301774315143565,4.82718042407409,-0.5186077636355,1.4811680907309128,-0.9340127163194224,-1.0753845123700545
10.0,288.0,1000.023193359375,-4.24410006413065,-2.952538477378756,-1.964057454119914,0.6894274104741118,-1.3017743862064537,4.827180480743699,-0.5186077641812865,1.481168092269696,-0.9340126809854414,-1.0753845260459065
10.0,288.0,1000.0232543945312,-4.244100098651005,-2.952538356371039,-1.964057445791904,0.6894273368093966,-1.3017745619260146,4.827180627483848,-0.5186077582236912,1.4811681062239297,-0.934012586572594,-1.0753845544043998
10.0,288.0,1000.0231323242188,-4.244100093934722,-2.9525383761673774,-1.9640574467874523,0.6894273486082625,-1.301774533422578,4.82718060312931,-0.5186077595881473,1.4811681060101378,-0.93401260332893,-1.075384547845685
10.0,288.0,1000.0231323242188,-4.24410009456779,-2.9525383740940976,-1.9640574461139928,0.6894273470883867,-1.3017745350099543,4.827180605196466,-0.5186077603127206,1.4811681050894716,-0.9340126017978864,-1.0753845498578145
10.0,288.0,1000.0231323242188,-4.244100085166606,-2.9525384077508865,-1.9640574474909087,0.6894273702509635,-1.3017744809524756,4.827180564902282,-0.5186077614912303,1.481168104823789,-0.9340126287263786,-1.0753845381328624
10.0,288.0,1000.0232543945312,-4.24410011335916,-2.952538301089361,-1.964057439899018,0.689427303665636,-1.3017746366753973,4.827180694339562,-0.51860775910865,1.4811681164268364,-0.9340125469431736,-1.075384565580377
10.0,288.0,1000.023193359375,-4.244100056468149,-2.9525384904797,-1.9640574526362728,0.6894274188756828,-1.3017743590437645,4.827180462304314,-0.5186077670157605,1.481168091785472,-0.9340126986101618,-1.0753845183349298
10.0,288.0,1000.0233764648438,-4.2441001117309645,-2.952538321670138,-1.9640574400767603,0.6894273169163476,-1.3017746095750642,4.827180668700153,-0.5186077584236966,1.4811681147243032,-0.9340125639068636,-1.0753845600943257
10.0,288.0,1000.0231323242188,-4.244100093023032,-2.9525383780363774,-1.9640574446142944,0.6894273489834806,-1.3017745255579207,4.8271806000333335,-0.5186077634505866,1.4811681074944951,-0.9340126092174836,-1.0753845446678891
10.0,289.0,1000.0231323242188,-4.244100089879477,-2.952538386340384,-1.9640574464147988,0.6894273541936062,-1.3017745140702195,4.827180589115393,-0.5186077622722971,1.4811681051136318,-0.9340126147773162,-1.0753845435526732
10.0,289.0,1000.0231323242188,-4.244100090611926,-2.95253838937572,-1.96405744746336,0.6894273560994364,-1.3017745133811918,4.827180586925069,-0.5186077606203456,1.4811681044269678,-0.9340126135660984,-1.0753845449162904
10.0,289.0,1000.0231323242188,-4.244100092086015,-2.95253838240873,-1.9640574433720523,0.6894273516285061,-1.301774519348588,4.827180595258893,-0.5186077631482497,1.4811681072325469,-0.9340126138217536,-1.0753845436697174
10.0,289.0,1000.023193359375,-4.244100075936783,-2.952538438578896,-1.9640574508261084,0.6894273868076404,-1.301774440806307,4.82718052684935,-0.5186077629483989,1.4811680987685314,-0.9340126524145944,-1.075384532647123
10.0,289.0,1000.0231323242188,-4.244100083902476,-2.9525384055216417,-1.9640574483799904,0.689427365068175,-1.3017744882607367,4.827180566628572,-0.5186077624360781,1.4811681011819804,-0.9340126275984276,-1.0753845406372573
10.0,289.0,1000.0231323242188,-4.244100086950367,-2.952538390983611,-1.964057446206784,0.6894273589447248,-1.3017745021668854,4.827180583954357,-0.5186077622905136,1.481168105123877,-0.9340126184002946,-1.075384541673809
10.0,289.0,1000.0231323242188,-4.244100085550139,-2.952538390947575,-1.96405744540797,0.6894273589936049,-1.3017745028804877,4.8271805833906605,-0.5186077628559911,1.481168106184346,-0.9340126203349576,-1.0753845411507696
10.0,289.0,1000.0232543945312,-4.244100106165055,-2.9525383334698145,-1.964057441954488,0.6894273220854652,-1.3017745908535463,4.827180653978861,-0.518607760397324,1.481168112656123,-0.9340125737261468,-1.075384555363712
10.0,289.0,1000.0233764648438,-4.244100101396542,-2.9525383448974325,-1.964057445707556,0.6894273289344808,-1.3017745809780386,4.827180641190532,-0.5186077583832089,1.4811681072727012,-0.9340125772942622,-1.0753845580752843
10.0,289.0,1000.0232543945312,-4.244100096635725,-2.9525383534635665,-1.964057446076215,0.6894273328628948,-1.3017745650194956,4.8271806304257066,-0.5186077596336061,1.4811681048647083,-0.934012585859704,-1.0753845544499514
10.0,289.0,1000.0231323242188,-4.244100089153106,-2.9525383878921274,-1.964057446855948,0.6894273549957317,-1.3017745109025198,4.827180586478288,-0.5186077624288412,1.4811681050910162,-0.93401261623384,-1.0753845417872825
10.0,289.0,1000.023193359375,-4.244100067203105,-2.952538464335098,-1.96405745031394,0.6894274045768132,-1.3017743979347007,4.827180497447117,-0.5186077640333986,1.4811680980126756,-0.934012673439824,-1.075384523689607
10.0,289.0,1000.0232543945312,-4.24410010029381,-2.952538333420105,-1.964057442737136,0.6894273231796335,-1.3017745876171016,4.827180652717944,-0.5186077614549554,1.4811681112684525,-0.9340125748020736,-1.0753845559773128
10.0,289.0,1000.0233764648438,-4.244100105946254,-2.9525383209930847,-1.9640574427698096,0.6894273121167735,-1.3017746104289296,4.827180668518704,-0.518607760229032,1.48116810986354,-0.934012564024748,-1.0753845598565253
10.0,289.0,1000.0231323242188,-4.24410007462108,-2.9525384325831543,-1.9640574500257733,0.6894273834415365,-1.3017744467667192,4.827180533862832,-0.5186077638537059,1.4811680988139084,-0.9340126494790528,-1.0753845337925585
10.0,289.0,1000.0231323242188,-4.244100079119331,-2.952538426711916,-1.964057447714912,0.6894273818580547,-1.3017744554946082,4.827180541117039,-0.5186077625749093,1.481168101909911,-0.9340126452602346,-1.0753845343984605
10.0,289.0,1000.0232543945312,-4.244100103974851,-2.952538328982342,-1.964057441945581,0.689427318826235,-1.3017745976986237,4.827180660161478,-0.5186077603462831,1.481168111280132,-0.9340125706322152,-1.0753845569439773
10.0,289.0,1000.0233764648438,-4.244100101294559,-2.952538361819408,-1.964057444474048,0.6894273413136665,-1.3017745537399217,4.827180621504418,-0.5186077583284829,1.4811681092250772,-0.9340125905396892,-1.0753845518678131
10.0,289.0,1000.0231323242188,-4.244100085617278,-2.952538394064512,-1.9640574482481965,0.6894273576829928,-1.3017745057699153,4.827180580995227,-0.5186077621069254,1.4811681022927017,-0.9340126180671752,-1.0753845436988918
10.0,289.0,1000.0231323242188,-4.244100086402632,-2.952538403121138,-1.9640574490501868,0.6894273647549634,-1.3017744953160797,4.827180570667046,-0.5186077611041862,1.481168101828839,-0.9340126232186688,-1.0753845429740745
10.0,289.0,1000.0231323242188,-4.244100077609606,-2.952538424790718,-1.964057449157344,0.6894273800957675,-1.3017744575723356,4.8271805445815605,-0.5186077625247014,1.4811681009401738,-0.9340126412498542,-1.075384536663159
10.0,289.0,1000.023193359375,-4.244100071215557,-2.9525384443967377,-1.964057451287564,0.6894273900716268,-1.301774433985492,4.827180521085936,-0.5186077631470951,1.481168094960415,-0.9340126561869476,-1.075384534070496
10.0,289.0,1000.0232543945312,-4.244100104115933,-2.952538342645534,-1.9640574435342844,0.6894273278119769,-1.301774580149042,4.827180643989466,-0.5186077600186048,1.4811681111159576,-0.9340125781035028,-1.0753845555805768
10.0,289.0,1000.0232543945312,-4.244100114852964,-2.952538286842889,-1.964057441293845,0.6894272892768294,-1.301774664613638,4.827180710557808,-0.518607758468427,1.4811681112784,-0.9340125364991244,-1.0753845708346603
10.0,289.0,1000.0233764648438,-4.244100093315619,-2.952538368323487,-1.9640574434349247,0.6894273449903645,-1.3017745377963488,4.827180613017088,-0.5186077619729916,1.4811681089169664,-0.9340126006074704,-1.0753845473770154
10.0,289.0,1000.0231323242188,-4.244100088919619,-2.952538378108552,-1.96405744697262,0.6894273479607342,-1.301774529699537,4.827180600595986,-0.5186077613334721,1.481168102615463,-0.9340126063517004,-1.0753845483712334
10.0,289.0,1000.0232543945312,-4.24410010909307,-2.9525383150471174,-1.964057442249115,0.6894273108868996,-1.30177461920657,4.827180675497466,-0.518607759057895,1.4811681132171648,-0.9340125587761836,-1.075384562144313
10.0,289.0,1000.023193359375,-4.244100073092559,-2.9525384509196937,-1.9640574489791431,0.6894273967891209,-1.301774415408902,4.827180511161098,-0.5186077640464877,1.4811681004024742,-0.9340126660541176,-1.0753845255011285
10.0,289.0,1000.023193359375,-4.244100066411377,-2.9525384651451776,-1.964057454488808,0.6894274009578716,-1.3017744047247954,4.827180496669127,-0.5186077628353267,1.4811680924415596,-0.9340126695147006,-1.0753845284392547
10.0,289.0,1000.0231323242188,-4.2441000947742165,-2.952538383749354,-1.9640574466480336,0.6894273528019674,-1.301774520289365,4.827180594132802,-0.5186077608485276,1.4811681069568952,-0.93401260878864,-1.075384545493208
10.0,289.0,1000.0232543945312,-4.244100100122599,-2.952538357295453,-1.9640574449560813,0.6894273377902538,-1.3017745602339796,4.827180626404953,-0.5186077599384742,1.481168109248566,-0.9340125881185868,-1.075384553365097
10.0,289.0,1000.0233764648438,-4.244100100865069,-2.952538338427066,-1.9640574449923287,0.6894273245615654,-1.301774587079075,4.827180648179324,-0.518607759739858,1.4811681081265826,-0.9340125742455418,-1.0753845583845951
10.0,289.0,1000.0232543945312,-4.244100099626963,-2.9525383508433194,-1.9640574431106712,0.6894273320268844,-1.3017745638065144,4.827180632776942,-0.5186077616007765,1.4811681103839458,-0.9340125885888986,-1.0753845501031458
10.0,289.0,1000.0233764648438,-4.244100091915757,-2.952538369160581,-1.964057444631728,0.6894273432469653,-1.3017745349247605,4.8271806097460335,-0.5186077634688786,1.4811681082017645,-0.9340126036468988,-1.0753845449438657
10.0,289.0,1000.0233764648438,-4.244100096141478,-2.9525383680271204,-1.9640574442704373,0.6894273452491255,-1.3017745404468144,4.827180613843288,-0.518607760641066,1.4811681087969717,-0.9340125980451875,-1.0753845490586005
10.0,289.0,1000.0231323242188,-4.244100083248204,-2.952538404055559,-1.964057449670644,0.6894273629729097,-1.3017744924156496,4.827180567804497,-0.5186077621974565,1.481168098831259,-0.9340126266461644,-1.0753845422227428
10.0,289.0,1000.0232543945312,-4.244100101851356,-2.9525383431861534,-1.9640574440584664,0.6894273286872679,-1.3017745782449983,4.827180643327056,-0.5186077586414157,1.4811681092107722,-0.9340125785296712,-1.0753845552649417
10.0,289.0,1000.0231323242188,-4.244100083796407,-2.95253840711188,-1.9640574488813016,0.6894273667223514,-1.301774483623949,4.827180564194464,-0.5186077625670809,1.481168101754914,-0.9340126287315896,-1.0753845398153228
10.0,289.0,1000.0231323242188,-4.244100076626926,-2.952538430654092,-1.9640574514569744,0.6894273804480928,-1.3017744558039317,4.82718053781732,-0.518607761642321,1.481168096348365,-0.9340126441367876,-1.0753845369593569
10.0,289.0,1000.0231323242188,-4.244100084685728,-2.952538407981745,-1.9640574485306048,0.6894273694024209,-1.3017744842680077,4.827180563576549,-0.5186077614413582,1.4811681021302103,-0.934012628359401,-1.0753845410352234
10.0,289.0,1000.0233764648438,-4.244100107010392,-2.952538325205769,-1.9640574421684844,0.6894273163006472,-1.301774603104457,4.827180663577929,-0.5186077600597416,1.4811681121772713,-0.9340125679345644,-1.07538455772786
10.0,289.0,1000.023193359375,-4.244100066586674,-2.952538464065927,-1.96405745462328,0.6894274036910559,-1.301774407525384,4.827180497294817,-0.5186077616013876,1.4811680919741512,-0.9340126673927038,-1.075384531478912
10.0,289.0,1000.0231323242188,-4.2441000796889385,-2.952538422421236,-1.964057448971128,0.6894273793598682,-1.3017744611878477,4.827180546138358,-0.5186077622049776,1.481168101952881,-0.9340126404781266,-1.0753845357667116
10.0,289.0,1000.023193359375,-4.244100063216388,-2.9525384726570585,-1.964057453436732,0.6894274052544525,-1.301774390333124,4.82718048565868,-0.5186077660797528,1.4811680932688462,-0.9340126808728284,-1.0753845234143893
10.0,289.0,1000.0233764648438,-4.244100094235751,-2.952538359041326,-1.9640574445912429,0.6894273401858015,-1.3017745503303706,4.827180621346365,-0.5186077611253754,1.4811681087338924,-0.9340125943021612,-1.075384549825244
10.0,289.0,1000.0231323242188,-4.244100076413111,-2.952538428013629,-1.9640574495461995,0.6894273791698202,-1.3017744543544394,4.827180539054133,-0.5186077636872604,1.481168098345642,-0.9340126469746473,-1.0753845341021986
10.0,289.0,1000.0231323242188,-4.244100078745794,-2.9525384333345803,-1.964057447967693,0.6894273838484484,-1.3017744431895522,4.8271805318745535,-0.518607763995294,1.481168101286804,-0.9340126527383266,-1.075384531338757
10.0,289.0,1000.0231323242188,-4.244100090765938,-2.952538387087955,-1.9640574477459745,0.6894273552892072,-1.301774517769867,4.827180590948091,-0.518607760031319,1.4811681042411626,-0.934012610169744,-1.0753845459812634
10.0,289.0,1000.0232543945312,-4.244100102532281,-2.952538348304119,-1.9640574422773711,0.6894273326292293,-1.3017745694104637,4.827180636553123,-0.5186077600590373,1.4811681106004402,-0.9340125843369336,-1.0753845537878153
10.0,289.0,1000.0231323242188,-4.244100080716214,-2.952538418004917,-1.9640574478047128,0.6894273752593278,-1.301774465233609,4.8271805514011525,-0.5186077633796007,1.4811681023209786,-0.9340126386545188,-1.0753845365862729
10.0,290.0,1000.0231323242188,-4.244100093052433,-2.952538377030109,-1.9640574467323264,0.6894273481079436,-1.3017745298876369,4.8271806008616736,-0.5186077614697915,1.4811681063765878,-0.9340126061003752,-1.0753845465008087
10.0,290.0,1000.0232543945312,-4.244100110785791,-2.9525383060452834,-1.964057441549218,0.6894273053038464,-1.3017746336152358,4.827180687962816,-0.5186077586900133,1.4811681131955492,-0.934012550174689,-1.0753845653737812
10.0,290.0,1000.0231323242188,-4.244100083506521,-2.952538408608483,-1.9640574510094104,0.6894273654136178,-1.3017744897644636,4.827180563466836,-0.5186077613392959,1.481168097983958,-0.934012627216208,-1.0753845428794993
10.0,290.0,1000.0231323242188,-4.244100089130686,-2.952538394040056,-1.964057447539815,0.6894273586969533,-1.3017745058415555,4.827180581145427,-0.5186077614702596,1.4811681041367484,-0.9340126181870136,-1.07538454279535
10.0,290.0,1000.0231323242188,-4.244100093041585,-2.9525383784103374,-1.9640574463874207,0.6894273499989909,-1.3017745286229898,4.827180598384548,-0.5186077609077868,1.4811681048297407,-0.9340126076784544,-1.0753845482194353
10.0,290.0,1000.0231323242188,-4.244100087645826,-2.9525383839359947,-1.964057446775824,0.6894273536110695,-1.3017745139254835,4.827180592134463,-0.5186077621498946,1.4811681049529335,-0.9340126123404344,-1.0753845438268643
10.0,290.0,1000.023193359375,-4.244100070406726,-2.9525384557079577,-1.9640574508775783,0.6894273966630129,-1.3017744129179682,4.827180505015452,-0.5186077651445418,1.4811680964645877,-0.934012668431026,-1.0753845277632172
10.0,290.0,1000.023193359375,-4.244100069605702,-2.95253845614355,-1.964057450846512,0.6894273975394647,-1.301774411732073,4.827180504287703,-0.5186077647415219,1.4811680965978369,-0.934012669276438,-1.0753845272777984
10.0,290.0,1000.0231323242188,-4.244100085721749,-2.952538400195065,-1.964057449436112,0.6894273629927525,-1.3017744983749742,4.827180574451058,-0.5186077605690782,1.4811681015087794,-0.9340126197806092,-1.075384544364129
10.0,290.0,1000.0231323242188,-4.244100082886876,-2.952538412514118,-1.964057448975033,0.6894273708135383,-1.301774478378506,4.827180558966564,-0.5186077618903928,1.4811681011981197,-0.9340126317701688,-1.075384539628753
10.0,290.0,1000.0231323242188,-4.2441000852669575,-2.952538396119902,-1.9640574486562603,0.6894273608077386,-1.3017745015974145,4.827180577277376,-0.5186077615618636,1.4811681018700256,-0.9340126203814928,-1.0753845432635178
10.0,290.0,1000.0231323242188,-4.244100095449569,-2.952538374722856,-1.9640574445673569,0.6894273496916945,-1.301774529865551,4.827180604145791,-0.5186077603340236,1.4811681083526285,-0.9340126040314072,-1.0753845470130576
10.0,290.0,1000.023193359375,-4.244100067299036,-2.952538468181009,-1.9640574499580816,0.689427407687643,-1.3017743900099052,4.827180490351271,-0.5186077647818612,1.481168097985469,-0.9340126785885968,-1.075384523012155
10.0,290.0,1000.0231323242188,-4.244100090083417,-2.952538389579011,-1.9640574469073124,0.6894273569276361,-1.3017745104657803,4.827180586545495,-0.5186077619316878,1.4811681056537953,-0.9340126148930352,-1.0753845437724352
10.0,290.0,1000.0231323242188,-4.244100081900663,-2.952538419775756,-1.9640574506569848,0.6894273756238833,-1.301774470627108,4.827180549331429,-0.5186077607864146,1.4811680986406337,-0.9340126359280508,-1.075384540419264
10.0,290.0,1000.0231323242188,-4.244100086566956,-2.952538401308274,-1.9640574482636,0.6894273628026726,-1.301774495039862,4.827180570987913,-0.5186077619874325,1.4811681024828562,-0.934012624795443,-1.0753845413922565
10.0,290.0,1000.0231323242188,-4.24410008971403,-2.952538379838242,-1.964057447922933,0.689427351647983,-1.3017745245592205,4.827180597792257,-0.5186077600573142,1.4811681046127925,-0.9340126057697332,-1.0753845476484014
10.0,290.0,1000.0231323242188,-4.244100084372255,-2.952538402611583,-1.9640574478826025,0.6894273660885641,-1.3017744907160926,4.82718057045761,-0.5186077619010945,1.4811681037493258,-0.9340126251128468,-1.0753845410552616
10.0,290.0,1000.0231323242188,-4.244100083179488,-2.952538412884035,-1.9640574480336823,0.689427371981254,-1.3017744733104406,4.827180557005898,-0.5186077629838266,1.4811681039876472,-0.9340126348351224,-1.0753845358635967
10.0,290.0,1000.0231323242188,-4.244100087870814,-2.9525383843010293,-1.964057449852037,0.689427352031224,-1.301774522874886,4.827180594518602,-0.5186077602321646,1.481168100769402,-0.934012605924698,-1.0753845496578784
10.0,290.0,1000.0233764648438,-4.24410010349285,-2.952538334223968,-1.96405744390974,0.6894273207517854,-1.301774593763774,4.827180653221619,-0.5186077599513963,1.4811681083995234,-0.9340125725221292,-1.0753845584344166
10.0,290.0,1000.023193359375,-4.244100075958121,-2.952538439767659,-1.9640574497255223,0.689427387200424,-1.3017744351247105,4.827180524309361,-0.5186077644339422,1.4811681005908808,-0.9340126563037066,-1.0753845295537685
10.0,290.0,1000.0231323242188,-4.2441000796714325,-2.952538428538133,-1.9640574486884688,0.6894273818919094,-1.3017744513696945,4.827180540031703,-0.5186077625468792,1.481168101892198,-0.9340126447281554,-1.0753845335430112
10.0,290.0,1000.0231323242188,-4.244100077888876,-2.952538428408653,-1.964057449089752,0.6894273810062668,-1.3017744544785503,4.827180538690234,-0.5186077626588386,1.4811680992393903,-0.934012646392464,-1.0753845352642792
10.0,290.0,1000.0233764648438,-4.244100095107896,-2.952538365779958,-1.9640574451962225,0.6894273413674199,-1.3017745454874057,4.8271806151093255,-0.5186077614479618,1.4811681071828875,-0.934012597752946,-1.075384549722917
10.0,290.0,1000.0231323242188,-4.244100093244423,-2.9525383745260934,-1.964057445363447,0.6894273480187305,-1.3017745310801003,4.827180604058288,-0.5186077606829089,1.481168106153687,-0.9340126054552984,-1.0753845468633436
10.0,290.0,1000.0233764648438,-4.244100100852371,-2.9525383476320592,-1.964057445662456,0.6894273314652555,-1.3017745744067577,4.827180638169802,-0.5186077585142996,1.48116810770607,-0.934012578943535,-1.0753845572920206
10.0,290.0,1000.0231323242188,-4.244100095408042,-2.9525383738907336,-1.9640574454337976,0.6894273467341581,-1.3017745333325976,4.827180604940612,-0.5186077611783277,1.4811681078529857,-0.9340126037888066,-1.0753845468363972
10.0,290.0,1000.0232543945312,-4.244100097495109,-2.9525383555299145,-1.964057445556166,0.6894273353502278,-1.301774561991154,4.8271806278473,-0.5186077603943815,1.481168107563299,-0.9340125875244184,-1.0753845535468494
10.0,290.0,1000.0231323242188,-4.244100086272487,-2.952538404384303,-1.9640574497395429,0.6894273645992266,-1.3017744933962565,4.827180568923113,-0.518607760428325,1.4811681004236608,-0.934012623683632,-1.0753845425672952
10.0,290.0,1000.0232543945312,-4.244100101398587,-2.952538339673707,-1.9640574455109403,0.6894273251464913,-1.3017745839542232,4.827180646326008,-0.5186077593531451,1.4811681084938677,-0.934012575678036,-1.0753845568188218
10.0,290.0,1000.023193359375,-4.244100070598987,-2.952538451052096,-1.9640574515555185,0.6894273952088614,-1.3017744225426138,4.827180512684331,-0.5186077632138586,1.4811680966454404,-0.9340126615838588,-1.0753845302040648
10.0,290.0,1000.0233764648438,-4.244100095539577,-2.9525383680477506,-1.964057445549238,0.6894273404609024,-1.301774543573568,4.827180611563723,-0.5186077614147848,1.481168104607166,-0.9340126010905624,-1.0753845479930475
10.0,290.0,1000.0231323242188,-4.24410008689873,-2.9525383882997254,-1.9640574474971628,0.689427355401973,-1.3017745120007094,4.827180587114144,-0.5186077616643825,1.4811681029677557,-0.9340126151426116,-1.0753845448808228
10.0,290.0,1000.0232543945312,-4.2441001011338,-2.95253834367246,-1.9640574444774368,0.6894273295129398,-1.3017745779556895,4.8271806418153,-0.5186077591810658,1.4811681084352015,-0.93401257849007,-1.0753845569358758
10.0,290.0,1000.0231323242188,-4.244100086309768,-2.952538398892329,-1.964057445386306,0.6894273630530385,-1.3017744905305433,4.827180573531859,-0.5186077636713939,1.4811681064611824,-0.934012626961386,-1.0753845376688211
10.0,290.0,1000.023193359375,-4.244100092258493,-2.952538373408484,-1.9640574462749512,0.6894273455072453,-1.301774533329639,4.827180604634112,-0.5186077623425192,1.4811681058954251,-0.934012604589439,-1.0753845472018368
10.0,290.0,1000.0233764648438,-4.244100097529163,-2.952538365122339,-1.9640574450519308,0.6894273429969546,-1.301774544808702,4.827180613994031,-0.5186077602431798,1.4811681089390785,-0.9340125976369348,-1.0753845488902476
10.0,290.0,1000.0231323242188,-4.244100083286422,-2.95253841014636,-1.964057449670644,0.6894273667909125,-1.301774483325295,4.827180560184415,-0.5186077623609755,1.4811680993109997,-0.934012630999435,-1.0753845405552709
10.0,290.0,1000.023193359375,-4.244100072154005,-2.9525384493493703,-1.9640574496415568,0.689427393441342,-1.3017744206035895,4.827180512807587,-0.5186077649951502,1.4811680991408966,-0.9340126648160264,-1.0753845267187794
10.0,290.0,1000.0231323242188,-4.244100076010732,-2.952538425056696,-1.964057449212342,0.6894273765879415,-1.301774456786004,4.827180541647092,-0.5186077646363216,1.4811680992983405,-0.9340126464524392,-1.0753845333044103
10.0,290.0,1000.0231323242188,-4.244100075834801,-2.9525384298193544,-1.9640574499458057,0.6894273822676054,-1.301774450292854,4.827180537936041,-0.5186077627578474,1.4811680993090963,-0.9340126456804292,-1.0753845345382045
10.0,290.0,1000.023193359375,-4.244100069093569,-2.9525384501755365,-1.9640574502478865,0.6894273944795293,-1.30177441818398,4.827180512359298,-0.518607764662204,1.4811680964019818,-0.9340126647133112,-1.0753845281071528
10.0,290.0,1000.0233764648438,-4.244100102642772,-2.952538336925987,-1.9640574440864544,0.6894273259988095,-1.3017745874874669,4.827180650865024,-0.5186077584434621,1.4811681099510166,-0.93401257221419,-1.0753845587582571
10.0,290.0,1000.023193359375,-4.244100074976425,-2.952538439920044,-1.9640574503648784,0.6894273868694505,-1.301774437032925,4.8271805250590205,-0.5186077636798636,1.4811680985517626,-0.9340126553420705,-1.075384530640508
10.0,290.0,1000.0232543945312,-4.2441000942227225,-2.9525383570287547,-1.9640574468692875,0.6894273326369689,-1.3017745612988376,4.827180625324319,-0.5186077614407676,1.4811681032066124,-0.9340125902272964,-1.0753845536375968
10.0,290.0,1000.0233764648438,-4.2441000973817005,-2.952538360526137,-1.964057446209441,0.689427337842563,-1.3017745554515647,4.827180621220105,-0.5186077601659713,1.481168106283742,-0.934012591998461,-1.0753845524712369
10.0,290.0,1000.0231323242188,-4.2441000841836525,-2.9525384151664085,-1.9640574498633023,0.6894273704448759,-1.3017744771041704,4.827180554629591,-0.5186077621348888,1.4811681002210548,-0.9340126347450166,-1.0753845378814688
10.0,290.0,1000.0231323242188,-4.244100086617333,-2.9525383979711126,-1.964057448633316,0.6894273610853787,-1.3017745024325649,4.827180576161629,-0.5186077617118423,1.4811681014914413,-0.9340126199453032,-1.0753845456558482
10.0,290.0,1000.0231323242188,-4.244100083977043,-2.9525384021228445,-1.9640574481462256,0.6894273649133815,-1.3017744903777984,4.827180570329158,-0.5186077620256127,1.4811681026897414,-0.9340126256499356,-1.0753845409275926
10.0,291.0,1000.0231323242188,-4.244100090061784,-2.9525383795365068,-1.9640574460888125,0.6894273509848414,-1.3017745238302272,4.827180598613877,-0.5186077614202773,1.481168105735228,-0.9340126076606712,-1.0753845465688467
10.0,291.0,1000.0231323242188,-4.2441000805761,-2.952538419703208,-1.9640574494109715,0.68942737386402,-1.3017744699745282,4.827180550042014,-0.5186077623918388,1.4811680988232752,-0.9340126377489087,-1.0753845389774348
10.0,291.0,1000.0231323242188,-4.244100078494625,-2.9525384227622204,-1.964057448597269,0.6894273762348995,-1.3017744596633438,4.827180545180331,-0.5186077643040274,1.4811681008055455,-0.9340126433722729,-1.0753845349596336
10.0,291.0,1000.0231323242188,-4.244100084129913,-2.952538407318809,-1.96405744919062,0.6894273674855338,-1.3017744861672478,4.827180564383287,-0.5186077616081821,1.4811681017938314,-0.9340126276020086,-1.0753845404127844
10.0,291.0,1000.0231323242188,-4.244100076655752,-2.9525384349452217,-1.964057450749471,0.6894273834665157,-1.301774446667307,4.827180531100176,-0.5186077624218752,1.4811680977980348,-0.9340126496853642,-1.0753845338375467
10.0,291.0,1000.023193359375,-4.244100071957728,-2.952538449717008,-1.9640574510041933,0.6894273941056355,-1.3017744216680698,4.827180513470395,-0.5186077635966049,1.4811680977230255,-0.9340126615203116,-1.0753845296836675
10.0,291.0,1000.023193359375,-4.2441000946495615,-2.952538372372447,-1.9640574473010088,0.6894273452323638,-1.301774540420241,4.827180608030153,-0.5186077595081802,1.4811681045087388,-0.9340125990981942,-1.0753845507846864
10.0,291.0,1000.0231323242188,-4.244100082369414,-2.952538417170417,-1.9640574493796512,0.689427372251159,-1.3017744720958784,4.82718055239042,-0.5186077628336054,1.481168100172539,-0.9340126370538676,-1.0753845371439432
10.0,291.0,1000.0231323242188,-4.244100088726628,-2.9525383895273576,-1.9640574479201884,0.6894273550514471,-1.3017745117999806,4.827180585925438,-0.5186077618578624,1.4811681037706157,-0.9340126152748996,-1.0753845431004674
10.0,291.0,1000.023193359375,-4.2441000748052655,-2.95253843952262,-1.964057449261412,0.6894273877783297,-1.301774434990862,4.827180525391903,-0.5186077638498201,1.481168099474707,-0.934012656224513,-1.075384530281534
10.0,291.0,1000.0231323242188,-4.244100087001371,-2.9525383966210725,-1.964057446896586,0.6894273599395015,-1.3017744978607286,4.827180577706345,-0.5186077627367451,1.481168104202303,-0.9340126223630644,-1.075384539783662
10.0,291.0,1000.0231323242188,-4.24410009327881,-2.952538382089421,-1.9640574482016824,0.6894273500779127,-1.3017745272020442,4.827180595642282,-0.5186077610440067,1.4811681043219511,-0.9340126076496088,-1.0753845474016743
10.0,291.0,1000.023193359375,-4.244100077306291,-2.952538432175244,-1.9640574478974333,0.6894273836210179,-1.3017744421093544,4.827180532719268,-0.5186077645525273,1.4811681023050198,-0.9340126525968592,-1.0753845295058122
10.0,291.0,1000.0231323242188,-4.244100083039656,-2.9525384052408423,-1.964057451963805,0.6894273633180426,-1.3017744963312516,4.827180567462451,-0.518607760804322,1.4811680972962469,-0.9340126228001396,-1.0753845454090167
10.0,291.0,1000.0231323242188,-4.244100084328808,-2.9525384033685813,-1.96405744833562,0.6894273626314709,-1.3017744915556366,4.827180567672274,-0.5186077635417687,1.4811681021196907,-0.9340126289101134,-1.075384539129829
10.0,291.0,1000.0231323242188,-4.244100085235717,-2.952538403816881,-1.9640574470483707,0.6894273666679567,-1.3017744856952924,4.827180569336138,-0.5186077620848781,1.4811681047165592,-0.9340126268813158,-1.0753845385866572
10.0,291.0,1000.0231323242188,-4.24410008440407,-2.952538404140716,-1.9640574460075435,0.6894273670513051,-1.301774484291596,4.827180568047265,-0.518607763167168,1.4811681057249135,-0.9340126298199564,-1.075384537310196
10.0,291.0,1000.0231323242188,-4.244100092380687,-2.95253838156165,-1.964057445892169,0.689427352287125,-1.3017745220955406,4.8271805954694855,-0.5186077609988367,1.4811681057929738,-0.9340126098973373,-1.075384546561077
10.0,291.0,1000.0233764648438,-4.244100092409664,-2.952538369320041,-1.964057446100997,0.6894273433180054,-1.301774539026444,4.827180609502037,-0.5186077618905411,1.4811681067099034,-0.93401260193487,-1.07538454720413
10.0,291.0,1000.0231323242188,-4.244100082718391,-2.95253841443004,-1.96405744789707,0.6894273710830117,-1.301774475624255,4.827180555698948,-0.5186077624688643,1.4811681005874409,-0.9340126356720236,-1.0753845385453165
10.0,291.0,1000.0233764648438,-4.244100097217565,-2.952538359860416,-1.9640574452049144,0.6894273375835294,-1.3017745568578647,4.827180621994863,-0.5186077604511503,1.4811681065758169,-0.9340125924840388,-1.0753845521227985
10.0,291.0,1000.0231323242188,-4.244100089408982,-2.9525383889120453,-1.964057447991827,0.6894273538205908,-1.3017745157933254,4.827180586484941,-0.5186077615063862,1.4811681014860252,-0.9340126145758916,-1.075384546176034
10.0,291.0,1000.0231323242188,-4.244100077632177,-2.952538434802608,-1.96405745037467,0.6894273832736104,-1.3017744459110037,4.82718053092219,-0.5186077629207402,1.4811680981183653,-0.9340126510331368,-1.0753845329821337
10.0,291.0,1000.0231323242188,-4.244100090444965,-2.9525383817680337,-1.964057446553264,0.689427352838754,-1.301774522444448,4.827180595877698,-0.5186077605259438,1.4811681048090186,-0.934012608766972,-1.0753845470680208
10.0,291.0,1000.0231323242188,-4.244100080399572,-2.952538420983109,-1.964057448833404,0.6894273766212953,-1.301774463532594,4.827180547729139,-0.5186077627697196,1.4811681017013123,-0.9340126399923268,-1.0753845362701546
10.0,291.0,1000.0231323242188,-4.244100083243652,-2.952538412055055,-1.964057449458183,0.6894273714875538,-1.301774479575155,4.827180559332122,-0.5186077612766251,1.481168100858704,-0.9340126308440376,-1.075384540244038
10.0,291.0,1000.0231323242188,-4.244100085843185,-2.9525384010473705,-1.964057447780096,0.6894273633022152,-1.3017744922201713,4.827180571425929,-0.5186077623402454,1.4811681035599236,-0.9340126255424188,-1.0753845402862967
10.0,291.0,1000.0231323242188,-4.244100086826292,-2.95253839716365,-1.964057447369264,0.6894273600080059,-1.3017744989716258,4.8271805755374455,-0.5186077626175933,1.4811681032477626,-0.9340126233237508,-1.0753845413079426
10.0,291.0,1000.0233764648438,-4.244100093158126,-2.9525383699990444,-1.964057446886368,0.6894273420391315,-1.3017745415763509,4.827180608879706,-0.5186077615333939,1.481168103568427,-0.9340126005919648,-1.0753845500115808
10.0,291.0,1000.0231323242188,-4.244100079796049,-2.9525384205261545,-1.9640574500909764,0.6894273755708111,-1.3017744665086797,4.827180548695832,-0.5186077623797374,1.4811681006114688,-0.9340126384846386,-1.0753845367541377
10.0,291.0,1000.0231323242188,-4.2441000891640455,-2.952538387906611,-1.964057447825693,0.689427352617634,-1.3017745158500462,4.827180587240212,-0.5186077629028505,1.4811681028288524,-0.934012614925809,-1.0753845447822998
10.0,291.0,1000.0231323242188,-4.244100083738507,-2.952538419955629,-1.9640574450962327,0.6894273791930559,-1.3017744580377792,4.827180549528077,-0.5186077634887667,1.4811681078019063,-0.9340126424880566,-1.0753845315859416
10.0,291.0,1000.023193359375,-4.244100075066955,-2.952538440196579,-1.9640574504779629,0.6894273883214392,-1.3017744355352852,4.827180524680973,-0.5186077632651092,1.4811680990656786,-0.9340126543549508,-1.0753845314386838
10.0,291.0,1000.0233764648438,-4.244100093959351,-2.9525383709109185,-1.964057446817971,0.689427341690152,-1.301774540051329,4.827180607363452,-0.5186077626711496,1.4811681056237005,-0.9340126034706024,-1.0753845466442864
10.0,291.0,1000.0233764648438,-4.244100094849946,-2.9525383704197536,-1.964057447968075,0.6894273426666775,-1.3017745417274007,4.827180609205996,-0.5186077601257448,1.4811681049816094,-0.934012598339863,-1.0753845488972775
10.0,291.0,1000.0231323242188,-4.244100079988905,-2.95253842180709,-1.964057450848532,0.6894273761137981,-1.3017744670755178,4.827180547525673,-0.5186077610210189,1.4811680978690005,-0.9340126368921728,-1.0753845395540202
10.0,291.0,1000.023193359375,-4.244100079552443,-2.952538437746883,-1.9640574498871288,0.6894273856422117,-1.3017744409695755,4.827180527808963,-0.5186077629936205,1.481168100403183,-0.9340126522412387,-1.075384531686936
10.0,291.0,1000.0231323242188,-4.244100092076679,-2.9525383757421304,-1.964057446213438,0.6894273474236474,-1.3017745314137108,4.827180603416952,-0.5186077610238042,1.4811681053679866,-0.9340126046996272,-1.0753845476391533
10.0,291.0,1000.0231323242188,-4.244100085808446,-2.9525384071262866,-1.964057448889767,0.689427365093418,-1.3017744870429264,4.827180564338194,-0.5186077620540726,1.4811681002200388,-0.9340126291455322,-1.0753845403565632
10.0,291.0,1000.0231323242188,-4.2441000804947056,-2.9525384243324315,-1.9640574504116777,0.6894273766576244,-1.3017744651805914,4.827180544527806,-0.5186077620461109,1.481168098920433,-0.9340126401443872,-1.0753845375550144
10.0,291.0,1000.0231323242188,-4.244100089752245,-2.9525383865447354,-1.964057448525016,0.6894273520740626,-1.3017745193725578,4.827180590105783,-0.5186077612593456,1.481168102443524,-0.934012611889952,-1.075384546058272
10.0,291.0,1000.0231323242188,-4.24410008776706,-2.9525383934019707,-1.964057448544324,0.6894273585702271,-1.3017745046959792,4.827180580921111,-0.5186077614782203,1.4811681034069917,-0.934012617257392,-1.075384543201276
10.0,291.0,1000.023193359375,-4.244100075134529,-2.9525384439122178,-1.964057450313516,0.6894273911672357,-1.3017744305077223,4.82718052012576,-0.5186077627659369,1.4811680987702325,-0.9340126570011718,-1.075384530982975
10.0,291.0,1000.0231323242188,-4.244100084419792,-2.9525384129950134,-1.9640574469940624,0.6894273739886039,-1.3017744730907657,4.827180557909921,-0.5186077618406095,1.48116810419039,-0.9340126339920642,-1.0753845374825493
10.0,291.0,1000.0231323242188,-4.244100091400378,-2.952538378814565,-1.964057447396744,0.6894273494001935,-1.3017745280792288,4.827180599655266,-0.5186077604417614,1.481168104701423,-0.9340126052111248,-1.0753845471216987
10.0,291.0,1000.0231323242188,-4.244100090861868,-2.9525383828130907,-1.964057448405592,0.6894273492471781,-1.3017745249456167,4.827180595113347,-0.5186077608146862,1.481168102112953,-0.9340126079226944,-1.0753845477098514
10.0,291.0,1000.0232543945312,-4.244100101855761,-2.952538339768425,-1.9640574448529569,0.6894273232766999,-1.301774584958486,4.827180646096208,-0.5186077603479395,1.4811681085149946,-0.9340125771223766,-1.075384555534301
10.0,291.0,1000.0231323242188,-4.244100082006934,-2.9525384070354503,-1.964057448097198,0.6894273695837629,-1.3017744852876998,4.827180566097216,-0.5186077617289007,1.4811681021472225,-0.9340126276482827,-1.0753845415836265
10.0,291.0,1000.0231323242188,-4.244100085068378,-2.952538407369738,-1.964057447693184,0.6894273660831427,-1.301774483170469,4.827180564680445,-0.5186077632903814,1.481168104247108,-0.9340126307933588,-1.075384536729183
10.0,291.0,1000.0231323242188,-4.244100086510322,-2.9525384034719258,-1.964057446952668,0.6894273632167423,-1.3017744871578008,4.827180567778186,-0.5186077637763606,1.4811681042593865,-0.934012630582215,-1.0753845363882908
10.0,292.0,1000.0231323242188,-4.244100085064667,-2.9525384039426896,-1.964057447801419,0.6894273654294123,-1.301774488554488,4.827180568078797,-0.5186077626963401,1.4811681034175237,-0.9340126280625842,-1.0753845393085195
10.0,292.0,1000.0231323242188,-4.244100091450403,-2.9525383797076445,-1.964057445713384,0.689427350487513,-1.3017745249204014,4.827180597665233,-0.5186077614953142,1.4811681053561363,-0.9340126089579366,-1.075384546753214
10.0,292.0,1000.023193359375,-4.244100075207791,-2.952538437415796,-1.9640574495681924,0.6894273858923885,-1.3017744391949364,4.827180528307693,-0.5186077634939128,1.4811680991308949,-0.9340126531207256,-1.0753845321105575
10.0,292.0,1000.0231323242188,-4.244100080911709,-2.9525384144950344,-1.964057449160261,0.689427371729705,-1.3017744729861116,4.827180555636009,-0.5186077628735255,1.481168100879624,-0.9340126348744908,-1.0753845373013684
10.0,292.0,1000.0231323242188,-4.244100079105774,-2.9525384196857694,-1.964057449221524,0.6894273762395899,-1.3017744657454535,4.827180549090901,-0.5186077620623015,1.4811680995960472,-0.934012638895295,-1.075384538381234
10.0,292.0,1000.0231323242188,-4.244100078568796,-2.952538421862929,-1.9640574481610555,0.6894273779734448,-1.3017744611021675,4.827180546845636,-0.518607763075142,1.481168100790642,-0.9340126412218784,-1.0753845364742558
10.0,292.0,1000.0231323242188,-4.244100087430279,-2.952538397373054,-1.964057450535008,0.6894273571934031,-1.3017745080119658,4.827180576769509,-0.5186077615649358,1.4811680988724234,-0.9340126185666212,-1.0753845460441025
10.0,292.0,1000.0231323242188,-4.244100085008146,-2.952538400858848,-1.964057448041484,0.6894273640272228,-1.301774492842335,4.827180572214889,-0.5186077617267566,1.4811681028665102,-0.9340126237712898,-1.0753845413552514
10.0,292.0,1000.0231323242188,-4.244100080925921,-2.9525384228805924,-1.9640574488318792,0.6894273774729776,-1.3017744618071123,4.8271805461251365,-0.5186077623906753,1.4811681017388798,-0.9340126409084046,-1.075384534986275
10.0,292.0,1000.0231323242188,-4.244100080661567,-2.95253841869327,-1.964057450610908,0.6894273743863719,-1.3017744716249142,4.82718055167553,-0.5186077613428575,1.4811680992035985,-0.9340126350014336,-1.075384539792828
10.0,292.0,1000.0231323242188,-4.244100092858581,-2.95253837394908,-1.9640574474730457,0.6894273474050214,-1.3017745353902646,4.827180605588064,-0.5186077597412604,1.481168104676649,-0.93401260055633,-1.075384550064881
10.0,292.0,1000.0231323242188,-4.244100083319725,-2.952538412126679,-1.9640574494325227,0.6894273688923107,-1.301774482044034,4.827180559354925,-0.5186077620572442,1.481168099855453,-0.9340126318342454,-1.0753845404711853
10.0,292.0,1000.0231323242188,-4.244100085550613,-2.9525383995808743,-1.964057447878536,0.6894273637811486,-1.3017744932243542,4.827180573087448,-0.5186077618723663,1.481168103911623,-0.9340126236435502,-1.075384540425986
10.0,292.0,1000.0231323242188,-4.244100079230536,-2.952538415927552,-1.964057449327412,0.6894273714892769,-1.3017744718237791,4.827180553827326,-0.5186077633158543,1.481168099654412,-0.9340126367970925,-1.0753845374958226
10.0,292.0,1000.0231323242188,-4.244100082326673,-2.952538415020636,-1.9640574503946864,0.6894273701659825,-1.3017744761833283,4.827180555435076,-0.5186077623023531,1.4811680996045773,-0.9340126334031568,-1.0753845394904245
10.0,292.0,1000.0231323242188,-4.244100083739168,-2.952538407506095,-1.964057449009608,0.6894273665050079,-1.301774486536898,4.827180564855379,-0.5186077625436782,1.4811681013520692,-0.9340126284588388,-1.0753845404329008
10.0,292.0,1000.0231323242188,-4.244100086326322,-2.952538394288755,-1.964057446809226,0.689427358805565,-1.3017745036001034,4.827180580094028,-0.518607762523625,1.481168103005678,-0.9340126206997724,-1.0753845431198927
10.0,292.0,1000.023193359375,-4.244100069455332,-2.952538450945993,-1.964057450083592,0.6894273943679208,-1.3017744173125774,4.8271805104207175,-0.5186077652778893,1.4811680972071546,-0.9340126666022028,-1.075384527506542
10.0,292.0,1000.0231323242188,-4.24410007684688,-2.952538433224197,-1.964057450745888,0.6894273838205676,-1.3017744484774263,4.827180534445031,-0.5186077620272753,1.4811680985295623,-0.9340126470608272,-1.075384534171219
10.0,292.0,1000.0231323242188,-4.244100080458541,-2.952538419775991,-1.9640574493640668,0.6894273748388011,-1.3017744665511604,4.827180549804931,-0.5186077627274877,1.4811681005781905,-0.9340126383099934,-1.075384537182793
10.0,292.0,1000.0231323242188,-4.244100092153046,-2.952538375747066,-1.964057445218876,0.6894273490531555,-1.3017745287873494,4.82718060280892,-0.5186077612853683,1.4811681071285676,-0.9340126055724216,-1.0753845467969647
10.0,292.0,1000.023193359375,-4.244100067385091,-2.9525384738987324,-1.9640574520730687,0.6894274084697303,-1.301774387655572,4.827180483995527,-0.5186077644523843,1.481168095479073,-0.9340126812182854,-1.0753845226785663
10.0,292.0,1000.0231323242188,-4.244100091816189,-2.952538380201362,-1.9640574464706304,0.6894273503375059,-1.301774525556698,4.827180598093305,-0.5186077612824995,1.4811681049848815,-0.9340126072276328,-1.075384547492786
10.0,292.0,1000.0231323242188,-4.244100089973736,-2.9525383858297976,-1.9640574487262552,0.6894273532431727,-1.3017745200501991,4.827180591247268,-0.5186077602035173,1.481168102525812,-0.9340126094826592,-1.0753845474323316
10.0,292.0,1000.0231323242188,-4.244100082633854,-2.952538404048024,-1.964057449793168,0.689427362581819,-1.3017744919306198,4.827180568020207,-0.5186077624647432,1.4811680994329173,-0.9340126267132688,-1.0753845414942624
10.0,292.0,1000.0231323242188,-4.244100082696876,-2.9525384119495377,-1.9640574496586365,0.6894273690010575,-1.3017744785253966,4.827180558468628,-0.5186077627961581,1.4811681018396703,-0.9340126322714212,-1.0753845382164706
10.0,292.0,1000.0231323242188,-4.24410008895567,-2.952538387139226,-1.964057446675595,0.6894273547582088,-1.3017745132717584,4.827180589152789,-0.5186077617169405,1.4811681047707292,-0.934012614132386,-1.0753845438727438
10.0,292.0,1000.0231323242188,-4.244100082429874,-2.952538417531553,-1.96405744866217,0.689427373075679,-1.301774471471913,4.827180552887031,-0.5186077626588057,1.481168101737074,-0.9340126363619063,-1.0753845372690298
10.0,292.0,1000.0231323242188,-4.244100092232157,-2.952538382970946,-1.9640574455824515,0.6894273525151684,-1.3017745181723024,4.827180593569061,-0.5186077618857148,1.481168106638341,-0.9340126120498048,-1.0753845435131022
10.0,292.0,1000.0231323242188,-4.244100086998282,-2.952538393650955,-1.96405744772865,0.6894273596206482,-1.3017745070365905,4.827180581495286,-0.5186077613315749,1.4811681025296952,-0.9340126174215522,-1.0753845458001443
10.0,292.0,1000.0232543945312,-4.244100102124124,-2.952538347576907,-1.96405744368723,0.6894273305648948,-1.3017745715079143,4.827180637267096,-0.5186077599072476,1.481168110068042,-0.9340125828205652,-1.0753845541720155
10.0,292.0,1000.0231323242188,-4.244100089716348,-2.952538396608277,-1.964057446620055,0.6894273621267679,-1.301774497104296,4.827180576726688,-0.5186077619151241,1.4811681065905606,-0.9340126218792228,-1.0753845401927418
10.0,292.0,1000.0231323242188,-4.244100075243083,-2.9525384309930818,-1.9640574508530828,0.6894273804158129,-1.3017744516103842,4.827180536421407,-0.5186077638155355,1.4811680982031907,-0.9340126471223762,-1.075384534355836
10.0,292.0,1000.0231323242188,-4.244100078614943,-2.952538435783058,-1.96405744993954,0.6894273853333042,-1.3017744434313443,4.82718052972497,-0.5186077636184718,1.4811681010040232,-0.9340126513418774,-1.075384532566273
10.0,292.0,1000.0231323242188,-4.2441000911532285,-2.9525383752465086,-1.964057447381383,0.6894273479956636,-1.3017745325962466,4.827180603727019,-0.5186077603740342,1.4811681046510037,-0.9340126025289744,-1.07538454864937
10.0,292.0,1000.0231323242188,-4.24410008870318,-2.9525383906590648,-1.964057445066782,0.689427357496144,-1.3017745050816778,4.827180584179944,-0.5186077632446118,1.481168106656189,-0.9340126201460884,-1.0753845405410385
10.0,292.0,1000.0231323242188,-4.244100084598083,-2.9525384093492963,-1.96405744775508,0.6894273671313025,-1.301774481458466,4.827180560992449,-0.5186077631031392,1.4811681022463707,-0.9340126333617942,-1.0753845374746076
10.0,292.0,1000.0231323242188,-4.2441000908059685,-2.9525383775419147,-1.9640574460346496,0.6894273495552392,-1.3017745265577711,4.827180600333715,-0.5186077616297009,1.4811681057998394,-0.9340126071814528,-1.0753845464014034
10.0,292.0,1000.0231323242188,-4.244100086912315,-2.952538390631632,-1.964057447708764,0.6894273569487241,-1.3017745075629596,4.827180584248238,-0.5186077620609151,1.4811681037684998,-0.9340126164082658,-1.0753845437229987
10.0,292.0,1000.0231323242188,-4.244100085330311,-2.9525383979538065,-1.964057448575388,0.6894273616418882,-1.3017744988380384,4.827180575749173,-0.5186077615803395,1.4811681016960678,-0.9340126214024788,-1.0753845427710154
10.0,292.0,1000.0231323242188,-4.244100077966174,-2.952538423647391,-1.964057450683894,0.689427376506182,-1.3017744634622903,4.827180544070451,-0.518607762311226,1.4811680972221986,-0.9340126414942445,-1.0753845379408085
10.0,292.0,1000.0231323242188,-4.244100086215713,-2.9525384019742624,-1.964057447215404,0.6894273647824711,-1.3017744914423557,4.827180570770569,-0.51860776275179,1.4811681042142268,-0.9340126261011924,-1.0753845404123656
10.0,292.0,1000.0232543945312,-4.244100097953342,-2.9525383437749624,-1.9640574453743271,0.6894273275866682,-1.3017745776901617,4.827180641680785,-0.5186077604011139,1.481168107375046,-0.934012579271254,-1.0753845562453854
10.0,292.0,1000.0231323242188,-4.244100086261889,-2.9525383976846364,-1.9640574474117365,0.6894273598029512,-1.3017744991697504,4.827180576987775,-0.5186077630440158,1.4811681034909672,-0.9340126226610632,-1.0753845408294098
10.0,292.0,1000.0231323242188,-4.244100090865418,-2.9525383813642043,-1.9640574458986504,0.689427351502121,-1.3017745212697358,4.827180595648208,-0.5186077619467468,1.4811681062291502,-0.93401261037961,-1.0753845451700077
10.0,292.0,1000.0231323242188,-4.244100088439387,-2.952538397126101,-1.9640574491583287,0.6894273604357606,-1.301774503996417,4.8271805778394565,-0.5186077605472565,1.481168101702214,-0.9340126178192412,-1.075384545457856
10.0,292.0,1000.0231323242188,-4.244100087782336,-2.95253839222994,-1.9640574482479551,0.6894273590060642,-1.3017745088181067,4.827180583815865,-0.5186077602529311,1.4811681027458174,-0.934012615231084,-1.075384544845278
10.0,292.0,1000.0231323242188,-4.244100081328165,-2.952538424043177,-1.9640574512650364,0.6894273776682898,-1.301774466156595,4.827180544900834,-0.5186077608224906,1.4811680983473865,-0.9340126378364202,-1.0753845391940176
10.0,292.0,1000.0231323242188,-4.24410008786004,-2.952538398557923,-1.9640574487930773,0.6894273600197867,-1.3017745020940952,4.827180575770132,-0.5186077615161997,1.4811681011544555,-0.9340126206003978,-1.0753845443786112
10.0,292.0,1000.0231323242188,-4.244100074374695,-2.952538434659401,-1.964057450388761,0.6894273850004602,-1.301774444338117,4.8271805324288,-0.5186077627245345,1.481168098464808,-0.9340126493452664,-1.075384533964772
10.0,293.0,1000.0231323242188,-4.244100085064667,-2.9525384039426896,-1.964057447801419,0.6894273654294123,-1.301774488554488,4.827180568078797,-0.5186077626963401,1.4811681034175237,-0.9340126280625842,-1.0753845393085195
10.0,293.0,1000.0231323242188,-4.244100091450403,-2.9525383797076445,-1.964057445713384,0.689427350487513,-1.3017745249204014,4.827180597665233,-0.5186077614953142,1.4811681053561363,-0.9340126089579366,-1.075384546753214
10.0,293.0,1000.023193359375,-4.244100075207791,-2.952538437415796,-1.9640574495681924,0.6894273858923885,-1.3017744391949364,4.827180528307693,-0.5186077634939128,1.4811680991308949,-0.9340126531207256,-1.0753845321105575
10.0,293.0,1000.0231323242188,-4.244100080911709,-2.9525384144950344,-1.964057449160261,0.689427371729705,-1.3017744729861116,4.827180555636009,-0.5186077628735255,1.481168100879624,-0.9340126348744908,-1.0753845373013684
10.0,293.0,1000.0231323242188,-4.244100079105774,-2.9525384196857694,-1.964057449221524,0.6894273762395899,-1.3017744657454535,4.827180549090901,-0.5186077620623015,1.4811680995960472,-0.934012638895295,-1.075384538381234
10.0,293.0,1000.0231323242188,-4.244100078568796,-2.952538421862929,-1.9640574481610555,0.6894273779734448,-1.3017744611021675,4.827180546845636,-0.518607763075142,1.481168100790642,-0.9340126412218784,-1.0753845364742558
10.0,293.0,1000.0231323242188,-4.244100087430279,-2.952538397373054,-1.964057450535008,0.6894273571934031,-1.3017745080119658,4.827180576769509,-0.5186077615649358,1.4811680988724234,-0.9340126185666212,-1.0753845460441025
10.0,293.0,1000.0231323242188,-4.244100085008146,-2.952538400858848,-1.964057448041484,0.6894273640272228,-1.301774492842335,4.827180572214889,-0.5186077617267566,1.4811681028665102,-0.9340126237712898,-1.0753845413552514
10.0,293.0,1000.0231323242188,-4.244100080925921,-2.9525384228805924,-1.9640574488318792,0.6894273774729776,-1.3017744618071123,4.8271805461251365,-0.5186077623906753,1.4811681017388798,-0.9340126409084046,-1.075384534986275
10.0,293.0,1000.0231323242188,-4.244100080661567,-2.95253841869327,-1.964057450610908,0.6894273743863719,-1.3017744716249142,4.82718055167553,-0.5186077613428575,1.4811680992035985,-0.9340126350014336,-1.075384539792828
10.0,293.0,1000.0231323242188,-4.244100092858581,-2.95253837394908,-1.9640574474730457,0.6894273474050214,-1.3017745353902646,4.827180605588064,-0.5186077597412604,1.481168104676649,-0.93401260055633,-1.075384550064881
10.0,293.0,1000.0231323242188,-4.244100083319725,-2.952538412126679,-1.9640574494325227,0.6894273688923107,-1.301774482044034,4.827180559354925,-0.5186077620572442,1.481168099855453,-0.9340126318342454,-1.0753845404711853
10.0,293.0,1000.0231323242188,-4.244100085550613,-2.9525383995808743,-1.964057447878536,0.6894273637811486,-1.3017744932243542,4.827180573087448,-0.5186077618723663,1.481168103911623,-0.9340126236435502,-1.075384540425986
10.0,293.0,1000.0231323242188,-4.244100079230536,-2.952538415927552,-1.964057449327412,0.6894273714892769,-1.3017744718237791,4.827180553827326,-0.5186077633158543,1.481168099654412,-0.9340126367970925,-1.0753845374958226
10.0,293.0,1000.0231323242188,-4.244100082326673,-2.952538415020636,-1.9640574503946864,0.6894273701659825,-1.3017744761833283,4.827180555435076,-0.5186077623023531,1.4811680996045773,-0.9340126334031568,-1.0753845394904245
10.0,293.0,1000.0231323242188,-4.244100083739168,-2.952538407506095,-1.964057449009608,0.6894273665050079,-1.301774486536898,4.827180564855379,-0.5186077625436782,1.4811681013520692,-0.9340126284588388,-1.0753845404329008
10.0,293.0,1000.0231323242188,-4.244100086326322,-2.952538394288755,-1.964057446809226,0.689427358805565,-1.3017745036001034,4.827180580094028,-0.518607762523625,1.481168103005678,-0.9340126206997724,-1.0753845431198927
10.0,293.0,1000.023193359375,-4.244100069455332,-2.952538450945993,-1.964057450083592,0.6894273943679208,-1.3017744173125774,4.8271805104207175,-0.5186077652778893,1.4811680972071546,-0.9340126666022028,-1.075384527506542
10.0,293.0,1000.0231323242188,-4.24410007684688,-2.952538433224197,-1.964057450745888,0.6894273838205676,-1.3017744484774263,4.827180534445031,-0.5186077620272753,1.4811680985295623,-0.9340126470608272,-1.075384534171219
10.0,293.0,1000.0231323242188,-4.244100080458541,-2.952538419775991,-1.9640574493640668,0.6894273748388011,-1.3017744665511604,4.827180549804931,-0.5186077627274877,1.4811681005781905,-0.9340126383099934,-1.075384537182793
10.0,293.0,1000.0231323242188,-4.244100092153046,-2.952538375747066,-1.964057445218876,0.6894273490531555,-1.3017745287873494,4.82718060280892,-0.5186077612853683,1.4811681071285676,-0.9340126055724216,-1.0753845467969647
10.0,293.0,1000.023193359375,-4.244100067385091,-2.9525384738987324,-1.9640574520730687,0.6894274084697303,-1.301774387655572,4.827180483995527,-0.5186077644523843,1.481168095479073,-0.9340126812182854,-1.0753845226785663
10.0,293.0,1000.0231323242188,-4.244100091816189,-2.952538380201362,-1.9640574464706304,0.6894273503375059,-1.301774525556698,4.827180598093305,-0.5186077612824995,1.4811681049848815,-0.9340126072276328,-1.075384547492786
10.0,293.0,1000.0231323242188,-4.244100089973736,-2.9525383858297976,-1.9640574487262552,0.6894273532431727,-1.3017745200501991,4.827180591247268,-0.5186077602035173,1.481168102525812,-0.9340126094826592,-1.0753845474323316
10.0,293.0,1000.0231323242188,-4.244100082633854,-2.952538404048024,-1.964057449793168,0.689427362581819,-1.3017744919306198,4.827180568020207,-0.5186077624647432,1.4811680994329173,-0.9340126267132688,-1.0753845414942624
10.0,293.0,1000.0231323242188,-4.244100082696876,-2.9525384119495377,-1.9640574496586365,0.6894273690010575,-1.3017744785253966,4.827180558468628,-0.5186077627961581,1.4811681018396703,-0.9340126322714212,-1.0753845382164706
10.0,293.0,1000.0231323242188,-4.24410008895567,-2.952538387139226,-1.964057446675595,0.6894273547582088,-1.3017745132717584,4.827180589152789,-0.5186077617169405,1.4811681047707292,-0.934012614132386,-1.0753845438727438
10.0,293.0,1000.0231323242188,-4.244100082429874,-2.952538417531553,-1.96405744866217,0.689427373075679,-1.301774471471913,4.827180552887031,-0.5186077626588057,1.481168101737074,-0.9340126363619063,-1.0753845372690298
10.0,293.0,1000.0231323242188,-4.244100092232157,-2.952538382970946,-1.9640574455824515,0.6894273525151684,-1.3017745181723024,4.827180593569061,-0.5186077618857148,1.481168106638341,-0.9340126120498048,-1.0753845435131022
10.0,293.0,1000.0231323242188,-4.244100086998282,-2.952538393650955,-1.96405744772865,0.6894273596206482,-1.3017745070365905,4.827180581495286,-0.5186077613315749,1.4811681025296952,-0.9340126174215522,-1.0753845458001443
10.0,293.0,1000.0232543945312,-4.244100102124124,-2.952538347576907,-1.96405744368723,0.6894273305648948,-1.3017745715079143,4.827180637267096,-0.5186077599072476,1.481168110068042,-0.9340125828205652,-1.0753845541720155
10.0,293.0,1000.0231323242188,-4.244100089716348,-2.952538396608277,-1.964057446620055,0.6894273621267679,-1.301774497104296,4.827180576726688,-0.5186077619151241,1.4811681065905606,-0.9340126218792228,-1.0753845401927418
10.0,293.0,1000.0231323242188,-4.244100075243083,-2.9525384309930818,-1.9640574508530828,0.6894273804158129,-1.3017744516103842,4.827180536421407,-0.5186077638155355,1.4811680982031907,-0.9340126471223762,-1.075384534355836
10.0,293.0,1000.0231323242188,-4.244100078614943,-2.952538435783058,-1.96405744993954,0.6894273853333042,-1.3017744434313443,4.82718052972497,-0.5186077636184718,1.4811681010040232,-0.9340126513418774,-1.075384532566273
10.0,293.0,1000.0231323242188,-4.2441000911532285,-2.9525383752465086,-1.964057447381383,0.6894273479956636,-1.3017745325962466,4.827180603727019,-0.5186077603740342,1.4811681046510037,-0.9340126025289744,-1.07538454864937
10.0,293.0,1000.0231323242188,-4.24410008870318,-2.9525383906590648,-1.964057445066782,0.689427357496144,-1.3017745050816778,4.827180584179944,-0.5186077632446118,1.481168106656189,-0.9340126201460884,-1.0753845405410385
10.0,293.0,1000.0231323242188,-4.244100084598083,-2.9525384093492963,-1.96405744775508,0.6894273671313025,-1.301774481458466,4.827180560992449,-0.5186077631031392,1.4811681022463707,-0.9340126333617942,-1.0753845374746076
10.0,293.0,1000.0231323242188,-4.2441000908059685,-2.9525383775419147,-1.9640574460346496,0.6894273495552392,-1.3017745265577711,4.827180600333715,-0.5186077616297009,1.4811681057998394,-0.9340126071814528,-1.0753845464014034
10.0,293.0,1000.0231323242188,-4.244100086912315,-2.952538390631632,-1.964057447708764,0.6894273569487241,-1.3017745075629596,4.827180584248238,-0.5186077620609151,1.4811681037684998,-0.9340126164082658,-1.0753845437229987
10.0,293.0,1000.0231323242188,-4.244100085330311,-2.9525383979538065,-1.964057448575388,0.6894273616418882,-1.3017744988380384,4.827180575749173,-0.5186077615803395,1.4811681016960678,-0.9340126214024788,-1.0753845427710154
10.0,293.0,1000.0231323242188,-4.244100077966174,-2.952538423647391,-1.964057450683894,0.689427376506182,-1.3017744634622903,4.827180544070451,-0.518607762311226,1.4811680972221986,-0.9340126414942445,-1.0753845379408085
10.0,293.0,1000.0231323242188,-4.244100086215713,-2.9525384019742624,-1.964057447215404,0.6894273647824711,-1.3017744914423557,4.827180570770569,-0.51860776275179,1.4811681042142268,-0.9340126261011924,-1.0753845404123656
10.0,293.0,1000.0232543945312,-4.244100097953342,-2.9525383437749624,-1.9640574453743271,0.6894273275866682,-1.3017745776901617,4.827180641680785,-0.5186077604011139,1.481168107375046,-0.934012579271254,-1.0753845562453854
10.0,293.0,1000.0231323242188,-4.244100086261889,-2.9525383976846364,-1.9640574474117365,0.6894273598029512,-1.3017744991697504,4.827180576987775,-0.5186077630440158,1.4811681034909672,-0.9340126226610632,-1.0753845408294098
10.0,293.0,1000.0231323242188,-4.244100090865418,-2.9525383813642043,-1.9640574458986504,0.689427351502121,-1.3017745212697358,4.827180595648208,-0.5186077619467468,1.4811681062291502,-0.93401261037961,-1.0753845451700077
10.0,293.0,1000.0231323242188,-4.244100088439387,-2.952538397126101,-1.9640574491583287,0.6894273604357606,-1.301774503996417,4.8271805778394565,-0.5186077605472565,1.481168101702214,-0.9340126178192412,-1.075384545457856
10.0,293.0,1000.0231323242188,-4.244100087782336,-2.95253839222994,-1.9640574482479551,0.6894273590060642,-1.3017745088181067,4.827180583815865,-0.5186077602529311,1.4811681027458174,-0.934012615231084,-1.075384544845278
10.0,293.0,1000.0231323242188,-4.244100081328165,-2.952538424043177,-1.9640574512650364,0.6894273776682898,-1.301774466156595,4.827180544900834,-0.5186077608224906,1.4811680983473865,-0.9340126378364202,-1.0753845391940176
10.0,293.0,1000.0231323242188,-4.24410008786004,-2.952538398557923,-1.9640574487930773,0.6894273600197867,-1.3017745020940952,4.827180575770132,-0.5186077615161997,1.4811681011544555,-0.9340126206003978,-1.0753845443786112
10.0,293.0,1000.0231323242188,-4.244100074374695,-2.952538434659401,-1.964057450388761,0.6894273850004602,-1.301774444338117,4.8271805324288,-0.5186077627245345,1.481168098464808,-0.9340126493452664,-1.075384533964772
10.0,294.0,1000.0231323242188,-4.244100085064667,-2.9525384039426896,-1.964057447801419,0.6894273654294123,-1.301774488554488,4.827180568078797,-0.5186077626963401,1.4811681034175237,-0.9340126280625842,-1.0753845393085195
10.0,294.0,1000.0231323242188,-4.244100091450403,-2.9525383797076445,-1.964057445713384,0.689427350487513,-1.3017745249204014,4.827180597665233,-0.5186077614953142,1.4811681053561363,-0.9340126089579366,-1.075384546753214
10.0,294.0,1000.023193359375,-4.244100075207791,-2.952538437415796,-1.9640574495681924,0.6894273858923885,-1.3017744391949364,4.827180528307693,-0.5186077634939128,1.4811680991308949,-0.9340126531207256,-1.0753845321105575
10.0,294.0,1000.0231323242188,-4.244100080911709,-2.9525384144950344,-1.964057449160261,0.689427371729705,-1.3017744729861116,4.827180555636009,-0.5186077628735255,1.481168100879624,-0.9340126348744908,-1.0753845373013684
10.0,294.0,1000.0231323242188,-4.244100079105774,-2.9525384196857694,-1.964057449221524,0.6894273762395899,-1.3017744657454535,4.827180549090901,-0.5186077620623015,1.4811680995960472,-0.934012638895295,-1.075384538381234
10.0,294.0,1000.0231323242188,-4.244100078568796,-2.952538421862929,-1.9640574481610555,0.6894273779734448,-1.3017744611021675,4.827180546845636,-0.518607763075142,1.481168100790642,-0.9340126412218784,-1.0753845364742558
10.0,294.0,1000.0231323242188,-4.244100087430279,-2.952538397373054,-1.964057450535008,0.6894273571934031,-1.3017745080119658,4.827180576769509,-0.5186077615649358,1.4811680988724234,-0.9340126185666212,-1.0753845460441025
10.0,294.0,1000.0231323242188,-4.244100085008146,-2.952538400858848,-1.964057448041484,0.6894273640272228,-1.301774492842335,4.827180572214889,-0.5186077617267566,1.4811681028665102,-0.9340126237712898,-1.0753845413552514
10.0,294.0,1000.0231323242188,-4.244100080925921,-2.9525384228805924,-1.9640574488318792,0.6894273774729776,-1.3017744618071123,4.8271805461251365,-0.5186077623906753,1.4811681017388798,-0.9340126409084046,-1.075384534986275
10.0,294.0,1000.0231323242188,-4.244100080661567,-2.95253841869327,-1.964057450610908,0.6894273743863719,-1.3017744716249142,4.82718055167553,-0.5186077613428575,1.4811680992035985,-0.9340126350014336,-1.075384539792828
10.0,294.0,1000.0231323242188,-4.244100092858581,-2.95253837394908,-1.9640574474730457,0.6894273474050214,-1.3017745353902646,4.827180605588064,-0.5186077597412604,1.481168104676649,-0.93401260055633,-1.075384550064881
10.0,294.0,1000.0231323242188,-4.244100083319725,-2.952538412126679,-1.9640574494325227,0.6894273688923107,-1.301774482044034,4.827180559354925,-0.5186077620572442,1.481168099855453,-0.9340126318342454,-1.0753845404711853
10.0,294.0,1000.0231323242188,-4.244100085550613,-2.9525383995808743,-1.964057447878536,0.6894273637811486,-1.3017744932243542,4.827180573087448,-0.5186077618723663,1.481168103911623,-0.9340126236435502,-1.075384540425986
10.0,294.0,1000.0231323242188,-4.244100079230536,-2.952538415927552,-1.964057449327412,0.6894273714892769,-1.3017744718237791,4.827180553827326,-0.5186077633158543,1.481168099654412,-0.9340126367970925,-1.0753845374958226
10.0,294.0,1000.0231323242188,-4.244100082326673,-2.952538415020636,-1.9640574503946864,0.6894273701659825,-1.3017744761833283,4.827180555435076,-0.5186077623023531,1.4811680996045773,-0.9340126334031568,-1.0753845394904245
10.0,294.0,1000.0231323242188,-4.244100083739168,-2.952538407506095,-1.964057449009608,0.6894273665050079,-1.301774486536898,4.827180564855379,-0.5186077625436782,1.4811681013520692,-0.9340126284588388,-1.0753845404329008
10.0,294.0,1000.0231323242188,-4.244100086326322,-2.952538394288755,-1.964057446809226,0.689427358805565,-1.3017745036001034,4.827180580094028,-0.518607762523625,1.481168103005678,-0.9340126206997724,-1.0753845431198927
10.0,294.0,1000.023193359375,-4.244100069455332,-2.952538450945993,-1.964057450083592,0.6894273943679208,-1.3017744173125774,4.8271805104207175,-0.5186077652778893,1.4811680972071546,-0.9340126666022028,-1.075384527506542
10.0,294.0,1000.0231323242188,-4.24410007684688,-2.952538433224197,-1.964057450745888,0.6894273838205676,-1.3017744484774263,4.827180534445031,-0.5186077620272753,1.4811680985295623,-0.9340126470608272,-1.075384534171219
10.0,294.0,1000.0231323242188,-4.244100080458541,-2.952538419775991,-1.9640574493640668,0.6894273748388011,-1.3017744665511604,4.827180549804931,-0.5186077627274877,1.4811681005781905,-0.9340126383099934,-1.075384537182793
10.0,294.0,1000.0231323242188,-4.244100092153046,-2.952538375747066,-1.964057445218876,0.6894273490531555,-1.3017745287873494,4.82718060280892,-0.5186077612853683,1.4811681071285676,-0.9340126055724216,-1.0753845467969647
10.0,294.0,1000.023193359375,-4.244100067385091,-2.9525384738987324,-1.9640574520730687,0.6894274084697303,-1.301774387655572,4.827180483995527,-0.5186077644523843,1.481168095479073,-0.9340126812182854,-1.0753845226785663
10.0,294.0,1000.0231323242188,-4.244100091816189,-2.952538380201362,-1.9640574464706304,0.6894273503375059,-1.301774525556698,4.827180598093305,-0.5186077612824995,1.4811681049848815,-0.9340126072276328,-1.075384547492786
10.0,294.0,1000.0231323242188,-4.244100089973736,-2.9525383858297976,-1.9640574487262552,0.6894273532431727,-1.3017745200501991,4.827180591247268,-0.5186077602035173,1.481168102525812,-0.9340126094826592,-1.0753845474323316
10.0,294.0,1000.0231323242188,-4.244100082633854,-2.952538404048024,-1.964057449793168,0.689427362581819,-1.3017744919306198,4.827180568020207,-0.5186077624647432,1.4811680994329173,-0.9340126267132688,-1.0753845414942624
10.0,294.0,1000.0231323242188,-4.244100082696876,-2.9525384119495377,-1.9640574496586365,0.6894273690010575,-1.3017744785253966,4.827180558468628,-0.5186077627961581,1.4811681018396703,-0.9340126322714212,-1.0753845382164706
10.0,294.0,1000.0231323242188,-4.24410008895567,-2.952538387139226,-1.964057446675595,0.6894273547582088,-1.3017745132717584,4.827180589152789,-0.5186077617169405,1.4811681047707292,-0.934012614132386,-1.0753845438727438
10.0,294.0,1000.0231323242188,-4.244100082429874,-2.952538417531553,-1.96405744866217,0.689427373075679,-1.301774471471913,4.827180552887031,-0.5186077626588057,1.481168101737074,-0.9340126363619063,-1.0753845372690298
10.0,294.0,1000.0231323242188,-4.244100092232157,-2.952538382970946,-1.9640574455824515,0.6894273525151684,-1.3017745181723024,4.827180593569061,-0.5186077618857148,1.481168106638341,-0.9340126120498048,-1.0753845435131022
10.0,294.0,1000.0231323242188,-4.244100086998282,-2.952538393650955,-1.96405744772865,0.6894273596206482,-1.3017745070365905,4.827180581495286,-0.5186077613315749,1.4811681025296952,-0.9340126174215522,-1.0753845458001443
10.0,294.0,1000.0232543945312,-4.244100102124124,-2.952538347576907,-1.96405744368723,0.6894273305648948,-1.3017745715079143,4.827180637267096,-0.5186077599072476,1.481168110068042,-0.9340125828205652,-1.0753845541720155
10.0,294.0,1000.0231323242188,-4.244100089716348,-2.952538396608277,-1.964057446620055,0.6894273621267679,-1.301774497104296,4.827180576726688,-0.5186077619151241,1.4811681065905606,-0.9340126218792228,-1.0753845401927418
10.0,294.0,1000.0231323242188,-4.244100075243083,-2.9525384309930818,-1.9640574508530828,0.6894273804158129,-1.3017744516103842,4.827180536421407,-0.5186077638155355,1.4811680982031907,-0.9340126471223762,-1.075384534355836
10.0,294.0,1000.0231323242188,-4.244100078614943,-2.952538435783058,-1.96405744993954,0.6894273853333042,-1.3017744434313443,4.82718052972497,-0.5186077636184718,1.4811681010040232,-0.9340126513418774,-1.075384532566273
10.0,294.0,1000.0231323242188,-4.2441000911532285,-2.9525383752465086,-1.964057447381383,0.6894273479956636,-1.3017745325962466,4.827180603727019,-0.5186077603740342,1.4811681046510037,-0.9340126025289744,-1.07538454864937
10.0,294.0,1000.0231323242188,-4.24410008870318,-2.9525383906590648,-1.964057445066782,0.689427357496144,-1.3017745050816778,4.827180584179944,-0.5186077632446118,1.481168106656189,-0.9340126201460884,-1.0753845405410385
10.0,294.0,1000.0231323242188,-4.244100084598083,-2.9525384093492963,-1.96405744775508,0.6894273671313025,-1.301774481458466,4.827180560992449,-0.5186077631031392,1.4811681022463707,-0.9340126333617942,-1.0753845374746076
10.0,294.0,1000.0231323242188,-4.2441000908059685,-2.9525383775419147,-1.9640574460346496,0.6894273495552392,-1.3017745265577711,4.827180600333715,-0.5186077616297009,1.4811681057998394,-0.9340126071814528,-1.0753845464014034
10.0,294.0,1000.0231323242188,-4.244100086912315,-2.952538390631632,-1.964057447708764,0.6894273569487241,-1.3017745075629596,4.827180584248238,-0.5186077620609151,1.4811681037684998,-0.9340126164082658,-1.0753845437229987
10.0,294.0,1000.0231323242188,-4.244100085330311,-2.9525383979538065,-1.964057448575388,0.6894273616418882,-1.3017744988380384,4.827180575749173,-0.5186077615803395,1.4811681016960678,-0.9340126214024788,-1.0753845427710154
10.0,294.0,1000.0231323242188,-4.244100077966174,-2.952538423647391,-1.964057450683894,0.689427376506182,-1.3017744634622903,4.827180544070451,-0.518607762311226,1.4811680972221986,-0.9340126414942445,-1.0753845379408085
10.0,294.0,1000.0231323242188,-4.244100086215713,-2.9525384019742624,-1.964057447215404,0.6894273647824711,-1.3017744914423557,4.827180570770569,-0.51860776275179,1.4811681042142268,-0.9340126261011924,-1.0753845404123656
10.0,294.0,1000.0232543945312,-4.244100097953342,-2.9525383437749624,-1.9640574453743271,0.6894273275866682,-1.3017745776901617,4.827180641680785,-0.5186077604011139,1.481168107375046,-0.934012579271254,-1.0753845562453854
10.0,294.0,1000.0231323242188,-4.244100086261889,-2.9525383976846364,-1.9640574474117365,0.6894273598029512,-1.3017744991697504,4.827180576987775,-0.5186077630440158,1.4811681034909672,-0.9340126226610632,-1.0753845408294098
10.0,294.0,1000.0231323242188,-4.244100090865418,-2.9525383813642043,-1.9640574458986504,0.689427351502121,-1.3017745212697358,4.827180595648208,-0.5186077619467468,1.4811681062291502,-0.93401261037961,-1.0753845451700077
10.0,294.0,1000.0231323242188,-4.244100088439387,-2.952538397126101,-1.9640574491583287,0.6894273604357606,-1.301774503996417,4.8271805778394565,-0.5186077605472565,1.481168101702214,-0.9340126178192412,-1.075384545457856
10.0,294.0,1000.0231323242188,-4.244100087782336,-2.95253839222994,-1.9640574482479551,0.6894273590060642,-1.3017745088181067,4.827180583815865,-0.5186077602529311,1.4811681027458174,-0.934012615231084,-1.075384544845278
10.0,294.0,1000.0231323242188,-4.244100081328165,-2.952538424043177,-1.9640574512650364,0.6894273776682898,-1.301774466156595,4.827180544900834,-0.5186077608224906,1.4811680983473865,-0.9340126378364202,-1.0753845391940176
10.0,294.0,1000.0231323242188,-4.24410008786004,-2.952538398557923,-1.9640574487930773,0.6894273600197867,-1.3017745020940952,4.827180575770132,-0.5186077615161997,1.4811681011544555,-0.9340126206003978,-1.0753845443786112
10.0,294.0,1000.0231323242188,-4.244100074374695,-2.952538434659401,-1.964057450388761,0.6894273850004602,-1.301774444338117,4.8271805324288,-0.5186077627245345,1.481168098464808,-0.9340126493452664,-1.075384533964772
10.0,295.0,1000.0231323242188,-4.244100085064667,-2.9525384039426896,-1.964057447801419,0.6894273654294123,-1.301774488554488,4.827180568078797,-0.5186077626963401,1.4811681034175237,-0.9340126280625842,-1.0753845393085195
10.0,295.0,1000.0231323242188,-4.244100091450403,-2.9525383797076445,-1.964057445713384,0.689427350487513,-1.3017745249204014,4.827180597665233,-0.5186077614953142,1.4811681053561363,-0.9340126089579366,-1.075384546753214
10.0,295.0,1000.023193359375,-4.244100075207791,-2.952538437415796,-1.9640574495681924,0.6894273858923885,-1.3017744391949364,4.827180528307693,-0.5186077634939128,1.4811680991308949,-0.9340126531207256,-1.0753845321105575
10.0,295.0,1000.0231323242188,-4.244100080911709,-2.9525384144950344,-1.964057449160261,0.689427371729705,-1.3017744729861116,4.827180555636009,-0.5186077628735255,1.481168100879624,-0.9340126348744908,-1.0753845373013684
10.0,295.0,1000.0231323242188,-4.244100079105774,-2.9525384196857694,-1.964057449221524,0.6894273762395899,-1.3017744657454535,4.827180549090901,-0.5186077620623015,1.4811680995960472,-0.934012638895295,-1.075384538381234
10.0,295.0,1000.0231323242188,-4.244100078568796,-2.952538421862929,-1.9640574481610555,0.6894273779734448,-1.3017744611021675,4.827180546845636,-0.518607763075142,1.481168100790642,-0.9340126412218784,-1.0753845364742558
10.0,295.0,1000.0231323242188,-4.244100087430279,-2.952538397373054,-1.964057450535008,0.6894273571934031,-1.3017745080119658,4.827180576769509,-0.5186077615649358,1.4811680988724234,-0.9340126185666212,-1.0753845460441025
10.0,295.0,1000.0231323242188,-4.244100085008146,-2.952538400858848,-1.964057448041484,0.6894273640272228,-1.301774492842335,4.827180572214889,-0.5186077617267566,1.4811681028665102,-0.9340126237712898,-1.0753845413552514
10.0,295.0,1000.0231323242188,-4.244100080925921,-2.9525384228805924,-1.9640574488318792,0.6894273774729776,-1.3017744618071123,4.8271805461251365,-0.5186077623906753,1.4811681017388798,-0.9340126409084046,-1.075384534986275
10.0,295.0,1000.0231323242188,-4.244100080661567,-2.95253841869327,-1.964057450610908,0.6894273743863719,-1.3017744716249142,4.82718055167553,-0.5186077613428575,1.4811680992035985,-0.9340126350014336,-1.075384539792828
10.0,295.0,1000.0231323242188,-4.244100092858581,-2.95253837394908,-1.9640574474730457,0.6894273474050214,-1.3017745353902646,4.827180605588064,-0.5186077597412604,1.481168104676649,-0.93401260055633,-1.075384550064881
10.0,295.0,1000.0231323242188,-4.244100083319725,-2.952538412126679,-1.9640574494325227,0.6894273688923107,-1.301774482044034,4.827180559354925,-0.5186077620572442,1.481168099855453,-0.9340126318342454,-1.0753845404711853
10.0,295.0,1000.0231323242188,-4.244100085550613,-2.9525383995808743,-1.964057447878536,0.6894273637811486,-1.3017744932243542,4.827180573087448,-0.5186077618723663,1.481168103911623,-0.9340126236435502,-1.075384540425986
10.0,295.0,1000.0231323242188,-4.244100079230536,-2.952538415927552,-1.964057449327412,0.6894273714892769,-1.3017744718237791,4.827180553827326,-0.5186077633158543,1.481168099654412,-0.9340126367970925,-1.0753845374958226
10.0,295.0,1000.0231323242188,-4.244100082326673,-2.952538415020636,-1.9640574503946864,0.6894273701659825,-1.3017744761833283,4.827180555435076,-0.5186077623023531,1.4811680996045773,-0.9340126334031568,-1.0753845394904245
10.0,295.0,1000.0231323242188,-4.244100083739168,-2.952538407506095,-1.964057449009608,0.6894273665050079,-1.301774486536898,4.827180564855379,-0.5186077625436782,1.4811681013520692,-0.9340126284588388,-1.0753845404329008
10.0,295.0,1000.0231323242188,-4.244100086326322,-2.952538394288755,-1.964057446809226,0.689427358805565,-1.3017745036001034,4.827180580094028,-0.518607762523625,1.481168103005678,-0.9340126206997724,-1.0753845431198927
10.0,295.0,1000.023193359375,-4.244100069455332,-2.952538450945993,-1.964057450083592,0.6894273943679208,-1.3017744173125774,4.8271805104207175,-0.5186077652778893,1.4811680972071546,-0.9340126666022028,-1.075384527506542
10.0,295.0,1000.0231323242188,-4.24410007684688,-2.952538433224197,-1.964057450745888,0.6894273838205676,-1.3017744484774263,4.827180534445031,-0.5186077620272753,1.4811680985295623,-0.9340126470608272,-1.075384534171219
10.0,295.0,1000.0231323242188,-4.244100080458541,-2.952538419775991,-1.9640574493640668,0.6894273748388011,-1.3017744665511604,4.827180549804931,-0.5186077627274877,1.4811681005781905,-0.9340126383099934,-1.075384537182793
10.0,295.0,1000.0231323242188,-4.244100092153046,-2.952538375747066,-1.964057445218876,0.6894273490531555,-1.3017745287873494,4.82718060280892,-0.5186077612853683,1.4811681071285676,-0.9340126055724216,-1.0753845467969647
10.0,295.0,1000.023193359375,-4.244100067385091,-2.9525384738987324,-1.9640574520730687,0.6894274084697303,-1.301774387655572,4.827180483995527,-0.5186077644523843,1.481168095479073,-0.9340126812182854,-1.0753845226785663
10.0,295.0,1000.0231323242188,-4.244100091816189,-2.952538380201362,-1.9640574464706304,0.6894273503375059,-1.301774525556698,4.827180598093305,-0.5186077612824995,1.4811681049848815,-0.9340126072276328,-1.075384547492786
10.0,295.0,1000.0231323242188,-4.244100089973736,-2.9525383858297976,-1.9640574487262552,0.6894273532431727,-1.3017745200501991,4.827180591247268,-0.5186077602035173,1.481168102525812,-0.9340126094826592,-1.0753845474323316
10.0,295.0,1000.0231323242188,-4.244100082633854,-2.952538404048024,-1.964057449793168,0.689427362581819,-1.3017744919306198,4.827180568020207,-0.5186077624647432,1.4811680994329173,-0.9340126267132688,-1.0753845414942624
10.0,295.0,1000.0231323242188,-4.244100082696876,-2.9525384119495377,-1.9640574496586365,0.6894273690010575,-1.3017744785253966,4.827180558468628,-0.5186077627961581,1.4811681018396703,-0.9340126322714212,-1.0753845382164706
10.0,295.0,1000.0231323242188,-4.24410008895567,-2.952538387139226,-1.964057446675595,0.6894273547582088,-1.3017745132717584,4.827180589152789,-0.5186077617169405,1.4811681047707292,-0.934012614132386,-1.0753845438727438
10.0,295.0,1000.0231323242188,-4.244100082429874,-2.952538417531553,-1.96405744866217,0.689427373075679,-1.301774471471913,4.827180552887031,-0.5186077626588057,1.481168101737074,-0.9340126363619063,-1.0753845372690298
10.0,295.0,1000.0231323242188,-4.244100092232157,-2.952538382970946,-1.9640574455824515,0.6894273525151684,-1.3017745181723024,4.827180593569061,-0.5186077618857148,1.481168106638341,-0.9340126120498048,-1.0753845435131022
10.0,295.0,1000.0231323242188,-4.244100086998282,-2.952538393650955,-1.96405744772865,0.6894273596206482,-1.3017745070365905,4.827180581495286,-0.5186077613315749,1.4811681025296952,-0.9340126174215522,-1.0753845458001443
10.0,295.0,1000.0232543945312,-4.244100102124124,-2.952538347576907,-1.96405744368723,0.6894273305648948,-1.3017745715079143,4.827180637267096,-0.5186077599072476,1.481168110068042,-0.9340125828205652,-1.0753845541720155
10.0,295.0,1000.0231323242188,-4.244100089716348,-2.952538396608277,-1.964057446620055,0.6894273621267679,-1.301774497104296,4.827180576726688,-0.5186077619151241,1.4811681065905606,-0.9340126218792228,-1.0753845401927418
10.0,295.0,1000.0231323242188,-4.244100075243083,-2.9525384309930818,-1.9640574508530828,0.6894273804158129,-1.3017744516103842,4.827180536421407,-0.5186077638155355,1.4811680982031907,-0.9340126471223762,-1.075384534355836
10.0,295.0,1000.0231323242188,-4.244100078614943,-2.952538435783058,-1.96405744993954,0.6894273853333042,-1.3017744434313443,4.82718052972497,-0.5186077636184718,1.4811681010040232,-0.9340126513418774,-1.075384532566273
10.0,295.0,1000.0231323242188,-4.2441000911532285,-2.9525383752465086,-1.964057447381383,0.6894273479956636,-1.3017745325962466,4.827180603727019,-0.5186077603740342,1.4811681046510037,-0.9340126025289744,-1.07538454864937
10.0,295.0,1000.0231323242188,-4.24410008870318,-2.9525383906590648,-1.964057445066782,0.689427357496144,-1.3017745050816778,4.827180584179944,-0.5186077632446118,1.481168106656189,-0.9340126201460884,-1.0753845405410385
10.0,295.0,1000.0231323242188,-4.244100084598083,-2.9525384093492963,-1.96405744775508,0.6894273671313025,-1.301774481458466,4.827180560992449,-0.5186077631031392,1.4811681022463707,-0.9340126333617942,-1.0753845374746076
10.0,295.0,1000.0231323242188,-4.2441000908059685,-2.9525383775419147,-1.9640574460346496,0.6894273495552392,-1.3017745265577711,4.827180600333715,-0.5186077616297009,1.4811681057998394,-0.9340126071814528,-1.0753845464014034
10.0,295.0,1000.0231323242188,-4.244100086912315,-2.952538390631632,-1.964057447708764,0.6894273569487241,-1.3017745075629596,4.827180584248238,-0.5186077620609151,1.4811681037684998,-0.9340126164082658,-1.0753845437229987
10.0,295.0,1000.0231323242188,-4.244100085330311,-2.9525383979538065,-1.964057448575388,0.6894273616418882,-1.3017744988380384,4.827180575749173,-0.5186077615803395,1.4811681016960678,-0.9340126214024788,-1.0753845427710154
10.0,295.0,1000.0231323242188,-4.244100077966174,-2.952538423647391,-1.964057450683894,0.689427376506182,-1.3017744634622903,4.827180544070451,-0.518607762311226,1.4811680972221986,-0.9340126414942445,-1.0753845379408085
10.0,295.0,1000.0231323242188,-4.244100086215713,-2.9525384019742624,-1.964057447215404,0.6894273647824711,-1.3017744914423557,4.827180570770569,-0.51860776275179,1.4811681042142268,-0.9340126261011924,-1.0753845404123656
10.0,295.0,1000.0232543945312,-4.244100097953342,-2.9525383437749624,-1.9640574453743271,0.6894273275866682,-1.3017745776901617,4.827180641680785,-0.5186077604011139,1.481168107375046,-0.934012579271254,-1.0753845562453854
10.0,295.0,1000.0231323242188,-4.244100086261889,-2.9525383976846364,-1.9640574474117365,0.6894273598029512,-1.3017744991697504,4.827180576987775,-0.5186077630440158,1.4811681034909672,-0.9340126226610632,-1.0753845408294098
10.0,295.0,1000.0231323242188,-4.244100090865418,-2.9525383813642043,-1.9640574458986504,0.689427351502121,-1.3017745212697358,4.827180595648208,-0.5186077619467468,1.4811681062291502,-0.93401261037961,-1.0753845451700077
10.0,295.0,1000.0231323242188,-4.244100088439387,-2.952538397126101,-1.9640574491583287,0.6894273604357606,-1.301774503996417,4.8271805778394565,-0.5186077605472565,1.481168101702214,-0.9340126178192412,-1.075384545457856
10.0,295.0,1000.0231323242188,-4.244100087782336,-2.95253839222994,-1.9640574482479551,0.6894273590060642,-1.3017745088181067,4.827180583815865,-0.5186077602529311,1.4811681027458174,-0.934012615231084,-1.075384544845278
10.0,295.0,1000.0231323242188,-4.244100081328165,-2.952538424043177,-1.9640574512650364,0.6894273776682898,-1.301774466156595,4.827180544900834,-0.5186077608224906,1.4811680983473865,-0.9340126378364202,-1.0753845391940176
10.0,295.0,1000.0231323242188,-4.24410008786004,-2.952538398557923,-1.9640574487930773,0.6894273600197867,-1.3017745020940952,4.827180575770132,-0.5186077615161997,1.4811681011544555,-0.9340126206003978,-1.0753845443786112
10.0,295.0,1000.0231323242188,-4.244100074374695,-2.952538434659401,-1.964057450388761,0.6894273850004602,-1.301774444338117,4.8271805324288,-0.5186077627245345,1.481168098464808,-0.9340126493452664,-1.075384533964772
10.0,296.0,1000.0231323242188,-4.244100085064667,-2.9525384039426896,-1.964057447801419,0.6894273654294123,-1.301774488554488,4.827180568078797,-0.5186077626963401,1.4811681034175237,-0.9340126280625842,-1.0753845393085195
10.0,296.0,1000.0231323242188,-4.244100091450403,-2.9525383797076445,-1.964057445713384,0.689427350487513,-1.3017745249204014,4.827180597665233,-0.5186077614953142,1.4811681053561363,-0.9340126089579366,-1.075384546753214
10.0,296.0,1000.023193359375,-4.244100075207791,-2.952538437415796,-1.9640574495681924,0.6894273858923885,-1.3017744391949364,4.827180528307693,-0.5186077634939128,1.4811680991308949,-0.9340126531207256,-1.0753845321105575
10.0,296.0,1000.0231323242188,-4.244100080911709,-2.9525384144950344,-1.964057449160261,0.689427371729705,-1.3017744729861116,4.827180555636009,-0.5186077628735255,1.481168100879624,-0.9340126348744908,-1.0753845373013684
10.0,296.0,1000.0231323242188,-4.244100079105774,-2.9525384196857694,-1.964057449221524,0.6894273762395899,-1.3017744657454535,4.827180549090901,-0.5186077620623015,1.4811680995960472,-0.934012638895295,-1.075384538381234
10.0,296.0,1000.0231323242188,-4.244100078568796,-2.952538421862929,-1.9640574481610555,0.6894273779734448,-1.3017744611021675,4.827180546845636,-0.518607763075142,1.481168100790642,-0.9340126412218784,-1.0753845364742558
10.0,296.0,1000.0231323242188,-4.244100087430279,-2.952538397373054,-1.964057450535008,0.6894273571934031,-1.3017745080119658,4.827180576769509,-0.5186077615649358,1.4811680988724234,-0.9340126185666212,-1.0753845460441025
10.0,296.0,1000.0231323242188,-4.244100085008146,-2.952538400858848,-1.964057448041484,0.6894273640272228,-1.301774492842335,4.827180572214889,-0.5186077617267566,1.4811681028665102,-0.9340126237712898,-1.0753845413552514
10.0,296.0,1000.0231323242188,-4.244100080925921,-2.9525384228805924,-1.9640574488318792,0.6894273774729776,-1.3017744618071123,4.8271805461251365,-0.5186077623906753,1.4811681017388798,-0.9340126409084046,-1.075384534986275
10.0,296.0,1000.0231323242188,-4.244100080661567,-2.95253841869327,-1.964057450610908,0.6894273743863719,-1.3017744716249142,4.82718055167553,-0.5186077613428575,1.4811680992035985,-0.9340126350014336,-1.075384539792828
10.0,296.0,1000.0231323242188,-4.244100092858581,-2.95253837394908,-1.9640574474730457,0.6894273474050214,-1.3017745353902646,4.827180605588064,-0.5186077597412604,1.481168104676649,-0.93401260055633,-1.075384550064881
10.0,296.0,1000.0231323242188,-4.244100083319725,-2.952538412126679,-1.9640574494325227,0.6894273688923107,-1.301774482044034,4.827180559354925,-0.5186077620572442,1.481168099855453,-0.9340126318342454,-1.0753845404711853
10.0,296.0,1000.0231323242188,-4.244100085550613,-2.9525383995808743,-1.964057447878536,0.6894273637811486,-1.3017744932243542,4.827180573087448,-0.5186077618723663,1.481168103911623,-0.9340126236435502,-1.075384540425986
10.0,296.0,1000.0231323242188,-4.244100079230536,-2.952538415927552,-1.964057449327412,0.6894273714892769,-1.3017744718237791,4.827180553827326,-0.5186077633158543,1.481168099654412,-0.9340126367970925,-1.0753845374958226
10.0,296.0,1000.0231323242188,-4.244100082326673,-2.952538415020636,-1.9640574503946864,0.6894273701659825,-1.3017744761833283,4.827180555435076,-0.5186077623023531,1.4811680996045773,-0.9340126334031568,-1.0753845394904245
10.0,296.0,1000.0231323242188,-4.244100083739168,-2.952538407506095,-1.964057449009608,0.6894273665050079,-1.301774486536898,4.827180564855379,-0.5186077625436782,1.4811681013520692,-0.9340126284588388,-1.0753845404329008
10.0,296.0,1000.0231323242188,-4.244100086326322,-2.952538394288755,-1.964057446809226,0.689427358805565,-1.3017745036001034,4.827180580094028,-0.518607762523625,1.481168103005678,-0.9340126206997724,-1.0753845431198927
10.0,296.0,1000.023193359375,-4.244100069455332,-2.952538450945993,-1.964057450083592,0.6894273943679208,-1.3017744173125774,4.8271805104207175,-0.5186077652778893,1.4811680972071546,-0.9340126666022028,-1.075384527506542
10.0,296.0,1000.0231323242188,-4.24410007684688,-2.952538433224197,-1.964057450745888,0.6894273838205676,-1.3017744484774263,4.827180534445031,-0.5186077620272753,1.4811680985295623,-0.9340126470608272,-1.075384534171219
10.0,296.0,1000.0231323242188,-4.244100080458541,-2.952538419775991,-1.9640574493640668,0.6894273748388011,-1.3017744665511604,4.827180549804931,-0.5186077627274877,1.4811681005781905,-0.9340126383099934,-1.075384537182793
10.0,296.0,1000.0231323242188,-4.244100092153046,-2.952538375747066,-1.964057445218876,0.6894273490531555,-1.3017745287873494,4.82718060280892,-0.5186077612853683,1.4811681071285676,-0.9340126055724216,-1.0753845467969647
10.0,296.0,1000.023193359375,-4.244100067385091,-2.9525384738987324,-1.9640574520730687,0.6894274084697303,-1.301774387655572,4.827180483995527,-0.5186077644523843,1.481168095479073,-0.9340126812182854,-1.0753845226785663
10.0,296.0,1000.0231323242188,-4.244100091816189,-2.952538380201362,-1.9640574464706304,0.6894273503375059,-1.301774525556698,4.827180598093305,-0.5186077612824995,1.4811681049848815,-0.9340126072276328,-1.075384547492786
10.0,296.0,1000.0231323242188,-4.244100089973736,-2.9525383858297976,-1.9640574487262552,0.6894273532431727,-1.3017745200501991,4.827180591247268,-0.5186077602035173,1.481168102525812,-0.9340126094826592,-1.0753845474323316
10.0,296.0,1000.0231323242188,-4.244100082633854,-2.952538404048024,-1.964057449793168,0.689427362581819,-1.3017744919306198,4.827180568020207,-0.5186077624647432,1.4811680994329173,-0.9340126267132688,-1.0753845414942624
10.0,296.0,1000.0231323242188,-4.244100082696876,-2.9525384119495377,-1.9640574496586365,0.6894273690010575,-1.3017744785253966,4.827180558468628,-0.5186077627961581,1.4811681018396703,-0.9340126322714212,-1.0753845382164706
10.0,296.0,1000.0231323242188,-4.24410008895567,-2.952538387139226,-1.964057446675595,0.6894273547582088,-1.3017745132717584,4.827180589152789,-0.5186077617169405,1.4811681047707292,-0.934012614132386,-1.0753845438727438
10.0,296.0,1000.0231323242188,-4.244100082429874,-2.952538417531553,-1.96405744866217,0.689427373075679,-1.301774471471913,4.827180552887031,-0.5186077626588057,1.481168101737074,-0.9340126363619063,-1.0753845372690298
10.0,296.0,1000.0231323242188,-4.244100092232157,-2.952538382970946,-1.9640574455824515,0.6894273525151684,-1.3017745181723024,4.827180593569061,-0.5186077618857148,1.481168106638341,-0.9340126120498048,-1.0753845435131022
10.0,296.0,1000.0231323242188,-4.244100086998282,-2.952538393650955,-1.96405744772865,0.6894273596206482,-1.3017745070365905,4.827180581495286,-0.5186077613315749,1.4811681025296952,-0.9340126174215522,-1.0753845458001443
10.0,296.0,1000.0232543945312,-4.244100102124124,-2.952538347576907,-1.96405744368723,0.6894273305648948,-1.3017745715079143,4.827180637267096,-0.5186077599072476,1.481168110068042,-0.9340125828205652,-1.0753845541720155
10.0,296.0,1000.0231323242188,-4.244100089716348,-2.952538396608277,-1.964057446620055,0.6894273621267679,-1.301774497104296,4.827180576726688,-0.5186077619151241,1.4811681065905606,-0.9340126218792228,-1.0753845401927418
10.0,296.0,1000.0231323242188,-4.244100075243083,-2.9525384309930818,-1.9640574508530828,0.6894273804158129,-1.3017744516103842,4.827180536421407,-0.5186077638155355,1.4811680982031907,-0.9340126471223762,-1.075384534355836
10.0,296.0,1000.0231323242188,-4.244100078614943,-2.952538435783058,-1.96405744993954,0.6894273853333042,-1.3017744434313443,4.82718052972497,-0.5186077636184718,1.4811681010040232,-0.9340126513418774,-1.075384532566273
10.0,296.0,1000.0231323242188,-4.2441000911532285,-2.9525383752465086,-1.964057447381383,0.6894273479956636,-1.3017745325962466,4.827180603727019,-0.5186077603740342,1.4811681046510037,-0.9340126025289744,-1.07538454864937
10.0,296.0,1000.0231323242188,-4.24410008870318,-2.9525383906590648,-1.964057445066782,0.689427357496144,-1.3017745050816778,4.827180584179944,-0.5186077632446118,1.481168106656189,-0.9340126201460884,-1.0753845405410385
10.0,296.0,1000.0231323242188,-4.244100084598083,-2.9525384093492963,-1.96405744775508,0.6894273671313025,-1.301774481458466,4.827180560992449,-0.5186077631031392,1.4811681022463707,-0.9340126333617942,-1.0753845374746076
10.0,296.0,1000.0231323242188,-4.2441000908059685,-2.9525383775419147,-1.9640574460346496,0.6894273495552392,-1.3017745265577711,4.827180600333715,-0.5186077616297009,1.4811681057998394,-0.9340126071814528,-1.0753845464014034
10.0,296.0,1000.0231323242188,-4.244100086912315,-2.952538390631632,-1.964057447708764,0.6894273569487241,-1.3017745075629596,4.827180584248238,-0.5186077620609151,1.4811681037684998,-0.9340126164082658,-1.0753845437229987
10.0,296.0,1000.0231323242188,-4.244100085330311,-2.9525383979538065,-1.964057448575388,0.6894273616418882,-1.3017744988380384,4.827180575749173,-0.5186077615803395,1.4811681016960678,-0.9340126214024788,-1.0753845427710154
10.0,296.0,1000.0231323242188,-4.244100077966174,-2.952538423647391,-1.964057450683894,0.689427376506182,-1.3017744634622903,4.827180544070451,-0.518607762311226,1.4811680972221986,-0.9340126414942445,-1.0753845379408085
10.0,296.0,1000.0231323242188,-4.244100086215713,-2.9525384019742624,-1.964057447215404,0.6894273647824711,-1.3017744914423557,4.827180570770569,-0.51860776275179,1.4811681042142268,-0.9340126261011924,-1.0753845404123656
10.0,296.0,1000.0232543945312,-4.244100097953342,-2.9525383437749624,-1.9640574453743271,0.6894273275866682,-1.3017745776901617,4.827180641680785,-0.5186077604011139,1.481168107375046,-0.934012579271254,-1.0753845562453854
10.0,296.0,1000.0231323242188,-4.244100086261889,-2.9525383976846364,-1.9640574474117365,0.6894273598029512,-1.3017744991697504,4.827180576987775,-0.5186077630440158,1.4811681034909672,-0.9340126226610632,-1.0753845408294098
10.0,296.0,1000.0231323242188,-4.244100090865418,-2.9525383813642043,-1.9640574458986504,0.689427351502121,-1.3017745212697358,4.827180595648208,-0.5186077619467468,1.4811681062291502,-0.93401261037961,-1.0753845451700077
10.0,296.0,1000.0231323242188,-4.244100088439387,-2.952538397126101,-1.9640574491583287,0.6894273604357606,-1.301774503996417,4.8271805778394565,-0.5186077605472565,1.481168101702214,-0.9340126178192412,-1.075384545457856
10.0,296.0,1000.0231323242188,-4.244100087782336,-2.95253839222994,-1.9640574482479551,0.6894273590060642,-1.3017745088181067,4.827180583815865,-0.5186077602529311,1.4811681027458174,-0.934012615231084,-1.075384544845278
10.0,296.0,1000.0231323242188,-4.244100081328165,-2.952538424043177,-1.9640574512650364,0.6894273776682898,-1.301774466156595,4.827180544900834,-0.5186077608224906,1.4811680983473865,-0.9340126378364202,-1.0753845391940176
10.0,296.0,1000.0231323242188,-4.24410008786004,-2.952538398557923,-1.9640574487930773,0.6894273600197867,-1.3017745020940952,4.827180575770132,-0.5186077615161997,1.4811681011544555,-0.9340126206003978,-1.0753845443786112
10.0,296.0,1000.0231323242188,-4.244100074374695,-2.952538434659401,-1.964057450388761,0.6894273850004602,-1.301774444338117,4.8271805324288,-0.5186077627245345,1.481168098464808,-0.9340126493452664,-1.075384533964772
10.0,297.0,1000.0231323242188,-4.244100085064667,-2.9525384039426896,-1.964057447801419,0.6894273654294123,-1.301774488554488,4.827180568078797,-0.5186077626963401,1.4811681034175237,-0.9340126280625842,-1.0753845393085195
10.0,297.0,1000.0231323242188,-4.244100091450403,-2.9525383797076445,-1.964057445713384,0.689427350487513,-1.3017745249204014,4.827180597665233,-0.5186077614953142,1.4811681053561363,-0.9340126089579366,-1.075384546753214
10.0,297.0,1000.023193359375,-4.244100075207791,-2.952538437415796,-1.9640574495681924,0.6894273858923885,-1.3017744391949364,4.827180528307693,-0.5186077634939128,1.4811680991308949,-0.9340126531207256,-1.0753845321105575
10.0,297.0,1000.0231323242188,-4.244100080911709,-2.9525384144950344,-1.964057449160261,0.689427371729705,-1.3017744729861116,4.827180555636009,-0.5186077628735255,1.481168100879624,-0.9340126348744908,-1.0753845373013684
10.0,297.0,1000.0231323242188,-4.244100079105774,-2.9525384196857694,-1.964057449221524,0.6894273762395899,-1.3017744657454535,4.827180549090901,-0.5186077620623015,1.4811680995960472,-0.934012638895295,-1.075384538381234
10.0,297.0,1000.0231323242188,-4.244100078568796,-2.952538421862929,-1.9640574481610555,0.6894273779734448,-1.3017744611021675,4.827180546845636,-0.518607763075142,1.481168100790642,-0.9340126412218784,-1.0753845364742558
10.0,297.0,1000.0231323242188,-4.244100087430279,-2.952538397373054,-1.964057450535008,0.6894273571934031,-1.3017745080119658,4.827180576769509,-0.5186077615649358,1.4811680988724234,-0.9340126185666212,-1.0753845460441025
10.0,297.0,1000.0231323242188,-4.244100085008146,-2.952538400858848,-1.964057448041484,0.6894273640272228,-1.301774492842335,4.827180572214889,-0.5186077617267566,1.4811681028665102,-0.9340126237712898,-1.0753845413552514
10.0,297.0,1000.0231323242188,-4.244100080925921,-2.9525384228805924,-1.9640574488318792,0.6894273774729776,-1.3017744618071123,4.8271805461251365,-0.5186077623906753,1.4811681017388798,-0.9340126409084046,-1.075384534986275
10.0,297.0,1000.0231323242188,-4.244100080661567,-2.95253841869327,-1.964057450610908,0.6894273743863719,-1.3017744716249142,4.82718055167553,-0.5186077613428575,1.4811680992035985,-0.9340126350014336,-1.075384539792828
10.0,297.0,1000.0231323242188,-4.244100092858581,-2.95253837394908,-1.9640574474730457,0.6894273474050214,-1.3017745353902646,4.827180605588064,-0.5186077597412604,1.481168104676649,-0.93401260055633,-1.075384550064881
10.0,297.0,1000.0231323242188,-4.244100083319725,-2.952538412126679,-1.9640574494325227,0.6894273688923107,-1.301774482044034,4.827180559354925,-0.5186077620572442,1.481168099855453,-0.9340126318342454,-1.0753845404711853
10.0,297.0,1000.0231323242188,-4.244100085550613,-2.9525383995808743,-1.964057447878536,0.6894273637811486,-1.3017744932243542,4.827180573087448,-0.5186077618723663,1.481168103911623,-0.9340126236435502,-1.075384540425986
10.0,297.0,1000.0231323242188,-4.244100079230536,-2.952538415927552,-1.964057449327412,0.6894273714892769,-1.3017744718237791,4.827180553827326,-0.5186077633158543,1.481168099654412,-0.9340126367970925,-1.0753845374958226
10.0,297.0,1000.0231323242188,-4.244100082326673,-2.952538415020636,-1.9640574503946864,0.6894273701659825,-1.3017744761833283,4.827180555435076,-0.5186077623023531,1.4811680996045773,-0.9340126334031568,-1.0753845394904245
10.0,297.0,1000.0231323242188,-4.244100083739168,-2.952538407506095,-1.964057449009608,0.6894273665050079,-1.301774486536898,4.827180564855379,-0.5186077625436782,1.4811681013520692,-0.9340126284588388,-1.0753845404329008
10.0,297.0,1000.0231323242188,-4.244100086326322,-2.952538394288755,-1.964057446809226,0.689427358805565,-1.3017745036001034,4.827180580094028,-0.518607762523625,1.481168103005678,-0.9340126206997724,-1.0753845431198927
10.0,297.0,1000.023193359375,-4.244100069455332,-2.952538450945993,-1.964057450083592,0.6894273943679208,-1.3017744173125774,4.8271805104207175,-0.5186077652778893,1.4811680972071546,-0.9340126666022028,-1.075384527506542
10.0,297.0,1000.0231323242188,-4.24410007684688,-2.952538433224197,-1.964057450745888,0.6894273838205676,-1.3017744484774263,4.827180534445031,-0.5186077620272753,1.4811680985295623,-0.9340126470608272,-1.075384534171219
10.0,297.0,1000.0231323242188,-4.244100080458541,-2.952538419775991,-1.9640574493640668,0.6894273748388011,-1.3017744665511604,4.827180549804931,-0.5186077627274877,1.4811681005781905,-0.9340126383099934,-1.075384537182793
10.0,297.0,1000.0231323242188,-4.244100092153046,-2.952538375747066,-1.964057445218876,0.6894273490531555,-1.3017745287873494,4.82718060280892,-0.5186077612853683,1.4811681071285676,-0.9340126055724216,-1.0753845467969647
10.0,297.0,1000.023193359375,-4.244100067385091,-2.9525384738987324,-1.9640574520730687,0.6894274084697303,-1.301774387655572,4.827180483995527,-0.5186077644523843,1.481168095479073,-0.9340126812182854,-1.0753845226785663
10.0,297.0,1000.0231323242188,-4.244100091816189,-2.952538380201362,-1.9640574464706304,0.6894273503375059,-1.301774525556698,4.827180598093305,-0.5186077612824995,1.4811681049848815,-0.9340126072276328,-1.075384547492786
10.0,297.0,1000.0231323242188,-4.244100089973736,-2.9525383858297976,-1.9640574487262552,0.6894273532431727,-1.3017745200501991,4.827180591247268,-0.5186077602035173,1.481168102525812,-0.9340126094826592,-1.0753845474323316
10.0,297.0,1000.0231323242188,-4.244100082633854,-2.952538404048024,-1.964057449793168,0.689427362581819,-1.3017744919306198,4.827180568020207,-0.5186077624647432,1.4811680994329173,-0.9340126267132688,-1.0753845414942624
10.0,297.0,1000.0231323242188,-4.244100082696876,-2.9525384119495377,-1.9640574496586365,0.6894273690010575,-1.3017744785253966,4.827180558468628,-0.5186077627961581,1.4811681018396703,-0.9340126322714212,-1.0753845382164706
10.0,297.0,1000.0231323242188,-4.24410008895567,-2.952538387139226,-1.964057446675595,0.6894273547582088,-1.3017745132717584,4.827180589152789,-0.5186077617169405,1.4811681047707292,-0.934012614132386,-1.0753845438727438
10.0,297.0,1000.0231323242188,-4.244100082429874,-2.952538417531553,-1.96405744866217,0.689427373075679,-1.301774471471913,4.827180552887031,-0.5186077626588057,1.481168101737074,-0.9340126363619063,-1.0753845372690298
10.0,297.0,1000.0231323242188,-4.244100092232157,-2.952538382970946,-1.9640574455824515,0.6894273525151684,-1.3017745181723024,4.827180593569061,-0.5186077618857148,1.481168106638341,-0.9340126120498048,-1.0753845435131022
10.0,297.0,1000.0231323242188,-4.244100086998282,-2.952538393650955,-1.96405744772865,0.6894273596206482,-1.3017745070365905,4.827180581495286,-0.5186077613315749,1.4811681025296952,-0.9340126174215522,-1.0753845458001443
10.0,297.0,1000.0232543945312,-4.244100102124124,-2.952538347576907,-1.96405744368723,0.6894273305648948,-1.3017745715079143,4.827180637267096,-0.5186077599072476,1.481168110068042,-0.9340125828205652,-1.0753845541720155
10.0,297.0,1000.0231323242188,-4.244100089716348,-2.952538396608277,-1.964057446620055,0.6894273621267679,-1.301774497104296,4.827180576726688,-0.5186077619151241,1.4811681065905606,-0.9340126218792228,-1.0753845401927418
10.0,297.0,1000.0231323242188,-4.244100075243083,-2.9525384309930818,-1.9640574508530828,0.6894273804158129,-1.3017744516103842,4.827180536421407,-0.5186077638155355,1.4811680982031907,-0.9340126471223762,-1.075384534355836
10.0,297.0,1000.0231323242188,-4.244100078614943,-2.952538435783058,-1.96405744993954,0.6894273853333042,-1.3017744434313443,4.82718052972497,-0.5186077636184718,1.4811681010040232,-0.9340126513418774,-1.075384532566273
10.0,297.0,1000.0231323242188,-4.2441000911532285,-2.9525383752465086,-1.964057447381383,0.6894273479956636,-1.3017745325962466,4.827180603727019,-0.5186077603740342,1.4811681046510037,-0.9340126025289744,-1.07538454864937
10.0,297.0,1000.0231323242188,-4.24410008870318,-2.9525383906590648,-1.964057445066782,0.689427357496144,-1.3017745050816778,4.827180584179944,-0.5186077632446118,1.481168106656189,-0.9340126201460884,-1.0753845405410385
10.0,297.0,1000.0231323242188,-4.244100084598083,-2.9525384093492963,-1.96405744775508,0.6894273671313025,-1.301774481458466,4.827180560992449,-0.5186077631031392,1.4811681022463707,-0.9340126333617942,-1.0753845374746076
10.0,297.0,1000.0231323242188,-4.2441000908059685,-2.9525383775419147,-1.9640574460346496,0.6894273495552392,-1.3017745265577711,4.827180600333715,-0.5186077616297009,1.4811681057998394,-0.9340126071814528,-1.0753845464014034
10.0,297.0,1000.0231323242188,-4.244100086912315,-2.952538390631632,-1.964057447708764,0.6894273569487241,-1.3017745075629596,4.827180584248238,-0.5186077620609151,1.4811681037684998,-0.9340126164082658,-1.0753845437229987
10.0,297.0,1000.0231323242188,-4.244100085330311,-2.9525383979538065,-1.964057448575388,0.6894273616418882,-1.3017744988380384,4.827180575749173,-0.5186077615803395,1.4811681016960678,-0.9340126214024788,-1.0753845427710154
10.0,297.0,1000.0231323242188,-4.244100077966174,-2.952538423647391,-1.964057450683894,0.689427376506182,-1.3017744634622903,4.827180544070451,-0.518607762311226,1.4811680972221986,-0.9340126414942445,-1.0753845379408085
10.0,297.0,1000.0231323242188,-4.244100086215713,-2.9525384019742624,-1.964057447215404,0.6894273647824711,-1.3017744914423557,4.827180570770569,-0.51860776275179,1.4811681042142268,-0.9340126261011924,-1.0753845404123656
10.0,297.0,1000.0232543945312,-4.244100097953342,-2.9525383437749624,-1.9640574453743271,0.6894273275866682,-1.3017745776901617,4.827180641680785,-0.5186077604011139,1.481168107375046,-0.934012579271254,-1.0753845562453854
10.0,297.0,1000.0231323242188,-4.244100086261889,-2.9525383976846364,-1.9640574474117365,0.6894273598029512,-1.3017744991697504,4.827180576987775,-0.5186077630440158,1.4811681034909672,-0.9340126226610632,-1.0753845408294098
10.0,297.0,1000.0231323242188,-4.244100090865418,-2.9525383813642043,-1.9640574458986504,0.689427351502121,-1.3017745212697358,4.827180595648208,-0.5186077619467468,1.4811681062291502,-0.93401261037961,-1.0753845451700077
10.0,297.0,1000.0231323242188,-4.244100088439387,-2.952538397126101,-1.9640574491583287,0.6894273604357606,-1.301774503996417,4.8271805778394565,-0.5186077605472565,1.481168101702214,-0.9340126178192412,-1.075384545457856
10.0,297.0,1000.0231323242188,-4.244100087782336,-2.95253839222994,-1.9640574482479551,0.6894273590060642,-1.3017745088181067,4.827180583815865,-0.5186077602529311,1.4811681027458174,-0.934012615231084,-1.075384544845278
10.0,297.0,1000.0231323242188,-4.244100081328165,-2.952538424043177,-1.9640574512650364,0.6894273776682898,-1.301774466156595,4.827180544900834,-0.5186077608224906,1.4811680983473865,-0.9340126378364202,-1.0753845391940176
10.0,297.0,1000.0231323242188,-4.24410008786004,-2.952538398557923,-1.9640574487930773,0.6894273600197867,-1.3017745020940952,4.827180575770132,-0.5186077615161997,1.4811681011544555,-0.9340126206003978,-1.0753845443786112
10.0,297.0,1000.0231323242188,-4.244100074374695,-2.952538434659401,-1.964057450388761,0.6894273850004602,-1.301774444338117,4.8271805324288,-0.5186077627245345,1.481168098464808,-0.9340126493452664,-1.075384533964772
10.0,298.0,1000.0231323242188,-4.244100085064667,-2.9525384039426896,-1.964057447801419,0.6894273654294123,-1.301774488554488,4.827180568078797,-0.5186077626963401,1.4811681034175237,-0.9340126280625842,-1.0753845393085195
10.0,298.0,1000.0231323242188,-4.244100091450403,-2.9525383797076445,-1.964057445713384,0.689427350487513,-1.3017745249204014,4.827180597665233,-0.5186077614953142,1.4811681053561363,-0.9340126089579366,-1.075384546753214
10.0,298.0,1000.023193359375,-4.244100075207791,-2.952538437415796,-1.9640574495681924,0.6894273858923885,-1.3017744391949364,4.827180528307693,-0.5186077634939128,1.4811680991308949,-0.9340126531207256,-1.0753845321105575
10.0,298.0,1000.0231323242188,-4.244100080911709,-2.9525384144950344,-1.964057449160261,0.689427371729705,-1.3017744729861116,4.827180555636009,-0.5186077628735255,1.481168100879624,-0.9340126348744908,-1.0753845373013684
10.0,298.0,1000.0231323242188,-4.244100079105774,-2.9525384196857694,-1.964057449221524,0.6894273762395899,-1.3017744657454535,4.827180549090901,-0.5186077620623015,1.4811680995960472,-0.934012638895295,-1.075384538381234
10.0,298.0,1000.0231323242188,-4.244100078568796,-2.952538421862929,-1.9640574481610555,0.6894273779734448,-1.3017744611021675,4.827180546845636,-0.518607763075142,1.481168100790642,-0.9340126412218784,-1.0753845364742558
10.0,298.0,1000.0231323242188,-4.244100087430279,-2.952538397373054,-1.964057450535008,0.6894273571934031,-1.3017745080119658,4.827180576769509,-0.5186077615649358,1.4811680988724234,-0.9340126185666212,-1.0753845460441025
10.0,298.0,1000.0231323242188,-4.244100085008146,-2.952538400858848,-1.964057448041484,0.6894273640272228,-1.301774492842335,4.827180572214889,-0.5186077617267566,1.4811681028665102,-0.9340126237712898,-1.0753845413552514
10.0,298.0,1000.0231323242188,-4.244100080925921,-2.9525384228805924,-1.9640574488318792,0.6894273774729776,-1.3017744618071123,4.8271805461251365,-0.5186077623906753,1.4811681017388798,-0.9340126409084046,-1.075384534986275
10.0,298.0,1000.0231323242188,-4.244100080661567,-2.95253841869327,-1.964057450610908,0.6894273743863719,-1.3017744716249142,4.82718055167553,-0.5186077613428575,1.4811680992035985,-0.9340126350014336,-1.075384539792828
10.0,298.0,1000.0231323242188,-4.244100092858581,-2.95253837394908,-1.9640574474730457,0.6894273474050214,-1.3017745353902646,4.827180605588064,-0.5186077597412604,1.481168104676649,-0.93401260055633,-1.075384550064881
10.0,298.0,1000.0231323242188,-4.244100083319725,-2.952538412126679,-1.9640574494325227,0.6894273688923107,-1.301774482044034,4.827180559354925,-0.5186077620572442,1.481168099855453,-0.9340126318342454,-1.0753845404711853
10.0,298.0,1000.0231323242188,-4.244100085550613,-2.9525383995808743,-1.964057447878536,0.6894273637811486,-1.3017744932243542,4.827180573087448,-0.5186077618723663,1.481168103911623,-0.9340126236435502,-1.075384540425986
10.0,298.0,1000.0231323242188,-4.244100079230536,-2.952538415927552,-1.964057449327412,0.6894273714892769,-1.3017744718237791,4.827180553827326,-0.5186077633158543,1.481168099654412,-0.9340126367970925,-1.0753845374958226
10.0,298.0,1000.0231323242188,-4.244100082326673,-2.952538415020636,-1.9640574503946864,0.6894273701659825,-1.3017744761833283,4.827180555435076,-0.5186077623023531,1.4811680996045773,-0.9340126334031568,-1.0753845394904245
10.0,298.0,1000.0231323242188,-4.244100083739168,-2.952538407506095,-1.964057449009608,0.6894273665050079,-1.301774486536898,4.827180564855379,-0.5186077625436782,1.4811681013520692,-0.9340126284588388,-1.0753845404329008
10.0,298.0,1000.0231323242188,-4.244100086326322,-2.952538394288755,-1.964057446809226,0.689427358805565,-1.3017745036001034,4.827180580094028,-0.518607762523625,1.481168103005678,-0.9340126206997724,-1.0753845431198927
10.0,298.0,1000.023193359375,-4.244100069455332,-2.952538450945993,-1.964057450083592,0.6894273943679208,-1.3017744173125774,4.8271805104207175,-0.5186077652778893,1.4811680972071546,-0.9340126666022028,-1.075384527506542
10.0,298.0,1000.0231323242188,-4.24410007684688,-2.952538433224197,-1.964057450745888,0.6894273838205676,-1.3017744484774263,4.827180534445031,-0.5186077620272753,1.4811680985295623,-0.9340126470608272,-1.075384534171219
10.0,298.0,1000.0231323242188,-4.244100080458541,-2.952538419775991,-1.9640574493640668,0.6894273748388011,-1.3017744665511604,4.827180549804931,-0.5186077627274877,1.4811681005781905,-0.9340126383099934,-1.075384537182793
10.0,298.0,1000.0231323242188,-4.244100092153046,-2.952538375747066,-1.964057445218876,0.6894273490531555,-1.3017745287873494,4.82718060280892,-0.5186077612853683,1.4811681071285676,-0.9340126055724216,-1.0753845467969647
10.0,298.0,1000.023193359375,-4.244100067385091,-2.9525384738987324,-1.9640574520730687,0.6894274084697303,-1.301774387655572,4.827180483995527,-0.5186077644523843,1.481168095479073,-0.9340126812182854,-1.0753845226785663
10.0,298.0,1000.0231323242188,-4.244100091816189,-2.952538380201362,-1.9640574464706304,0.6894273503375059,-1.301774525556698,4.827180598093305,-0.5186077612824995,1.4811681049848815,-0.9340126072276328,-1.075384547492786
10.0,298.0,1000.0231323242188,-4.244100089973736,-2.9525383858297976,-1.9640574487262552,0.6894273532431727,-1.3017745200501991,4.827180591247268,-0.5186077602035173,1.481168102525812,-0.9340126094826592,-1.0753845474323316
10.0,298.0,1000.0231323242188,-4.244100082633854,-2.952538404048024,-1.964057449793168,0.689427362581819,-1.3017744919306198,4.827180568020207,-0.5186077624647432,1.4811680994329173,-0.9340126267132688,-1.0753845414942624
10.0,298.0,1000.0231323242188,-4.244100082696876,-2.9525384119495377,-1.9640574496586365,0.6894273690010575,-1.3017744785253966,4.827180558468628,-0.5186077627961581,1.4811681018396703,-0.9340126322714212,-1.0753845382164706
10.0,298.0,1000.0231323242188,-4.24410008895567,-2.952538387139226,-1.964057446675595,0.6894273547582088,-1.3017745132717584,4.827180589152789,-0.5186077617169405,1.4811681047707292,-0.934012614132386,-1.0753845438727438
10.0,298.0,1000.0231323242188,-4.244100082429874,-2.952538417531553,-1.96405744866217,0.689427373075679,-1.301774471471913,4.827180552887031,-0.5186077626588057,1.481168101737074,-0.9340126363619063,-1.0753845372690298
10.0,298.0,1000.0231323242188,-4.244100092232157,-2.952538382970946,-1.9640574455824515,0.6894273525151684,-1.3017745181723024,4.827180593569061,-0.5186077618857148,1.481168106638341,-0.9340126120498048,-1.0753845435131022
10.0,298.0,1000.0231323242188,-4.244100086998282,-2.952538393650955,-1.96405744772865,0.6894273596206482,-1.3017745070365905,4.827180581495286,-0.5186077613315749,1.4811681025296952,-0.9340126174215522,-1.0753845458001443
10.0,298.0,1000.0232543945312,-4.244100102124124,-2.952538347576907,-1.96405744368723,0.6894273305648948,-1.3017745715079143,4.827180637267096,-0.5186077599072476,1.481168110068042,-0.9340125828205652,-1.0753845541720155
10.0,298.0,1000.0231323242188,-4.244100089716348,-2.952538396608277,-1.964057446620055,0.6894273621267679,-1.301774497104296,4.827180576726688,-0.5186077619151241,1.4811681065905606,-0.9340126218792228,-1.0753845401927418
10.0,298.0,1000.0231323242188,-4.244100075243083,-2.9525384309930818,-1.9640574508530828,0.6894273804158129,-1.3017744516103842,4.827180536421407,-0.5186077638155355,1.4811680982031907,-0.9340126471223762,-1.075384534355836
10.0,298.0,1000.0231323242188,-4.244100078614943,-2.952538435783058,-1.96405744993954,0.6894273853333042,-1.3017744434313443,4.82718052972497,-0.5186077636184718,1.4811681010040232,-0.9340126513418774,-1.075384532566273
10.0,298.0,1000.0231323242188,-4.2441000911532285,-2.9525383752465086,-1.964057447381383,0.6894273479956636,-1.3017745325962466,4.827180603727019,-0.5186077603740342,1.4811681046510037,-0.9340126025289744,-1.07538454864937
10.0,298.0,1000.0231323242188,-4.24410008870318,-2.9525383906590648,-1.964057445066782,0.689427357496144,-1.3017745050816778,4.827180584179944,-0.5186077632446118,1.481168106656189,-0.9340126201460884,-1.0753845405410385
10.0,298.0,1000.0231323242188,-4.244100084598083,-2.9525384093492963,-1.96405744775508,0.6894273671313025,-1.301774481458466,4.827180560992449,-0.5186077631031392,1.4811681022463707,-0.9340126333617942,-1.0753845374746076
10.0,298.0,1000.0231323242188,-4.2441000908059685,-2.9525383775419147,-1.9640574460346496,0.6894273495552392,-1.3017745265577711,4.827180600333715,-0.5186077616297009,1.4811681057998394,-0.9340126071814528,-1.0753845464014034
10.0,298.0,1000.0231323242188,-4.244100086912315,-2.952538390631632,-1.964057447708764,0.6894273569487241,-1.3017745075629596,4.827180584248238,-0.5186077620609151,1.4811681037684998,-0.9340126164082658,-1.0753845437229987
10.0,298.0,1000.0231323242188,-4.244100085330311,-2.9525383979538065,-1.964057448575388,0.6894273616418882,-1.3017744988380384,4.827180575749173,-0.5186077615803395,1.4811681016960678,-0.9340126214024788,-1.0753845427710154
10.0,298.0,1000.0231323242188,-4.244100077966174,-2.952538423647391,-1.964057450683894,0.689427376506182,-1.3017744634622903,4.827180544070451,-0.518607762311226,1.4811680972221986,-0.9340126414942445,-1.0753845379408085
10.0,298.0,1000.0231323242188,-4.244100086215713,-2.9525384019742624,-1.964057447215404,0.6894273647824711,-1.3017744914423557,4.827180570770569,-0.51860776275179,1.4811681042142268,-0.9340126261011924,-1.0753845404123656
10.0,298.0,1000.0232543945312,-4.244100097953342,-2.9525383437749624,-1.9640574453743271,0.6894273275866682,-1.3017745776901617,4.827180641680785,-0.5186077604011139,1.481168107375046,-0.934012579271254,-1.0753845562453854
10.0,298.0,1000.0231323242188,-4.244100086261889,-2.9525383976846364,-1.9640574474117365,0.6894273598029512,-1.3017744991697504,4.827180576987775,-0.5186077630440158,1.4811681034909672,-0.9340126226610632,-1.0753845408294098
10.0,298.0,1000.0231323242188,-4.244100090865418,-2.9525383813642043,-1.9640574458986504,0.689427351502121,-1.3017745212697358,4.827180595648208,-0.5186077619467468,1.4811681062291502,-0.93401261037961,-1.0753845451700077
10.0,298.0,1000.0231323242188,-4.244100088439387,-2.952538397126101,-1.9640574491583287,0.6894273604357606,-1.301774503996417,4.8271805778394565,-0.5186077605472565,1.481168101702214,-0.9340126178192412,-1.075384545457856
10.0,298.0,1000.0231323242188,-4.244100087782336,-2.95253839222994,-1.9640574482479551,0.6894273590060642,-1.3017745088181067,4.827180583815865,-0.5186077602529311,1.4811681027458174,-0.934012615231084,-1.075384544845278
10.0,298.0,1000.0231323242188,-4.244100081328165,-2.952538424043177,-1.9640574512650364,0.6894273776682898,-1.301774466156595,4.827180544900834,-0.5186077608224906,1.4811680983473865,-0.9340126378364202,-1.0753845391940176
10.0,298.0,1000.0231323242188,-4.24410008786004,-2.952538398557923,-1.9640574487930773,0.6894273600197867,-1.3017745020940952,4.827180575770132,-0.5186077615161997,1.4811681011544555,-0.9340126206003978,-1.0753845443786112
10.0,298.0,1000.0231323242188,-4.244100074374695,-2.952538434659401,-1.964057450388761,0.6894273850004602,-1.301774444338117,4.8271805324288,-0.5186077627245345,1.481168098464808,-0.9340126493452664,-1.075384533964772
10.0,299.0,1000.0231323242188,-4.244100085064667,-2.9525384039426896,-1.964057447801419,0.6894273654294123,-1.301774488554488,4.827180568078797,-0.5186077626963401,1.4811681034175237,-0.9340126280625842,-1.0753845393085195
10.0,299.0,1000.0231323242188,-4.244100091450403,-2.9525383797076445,-1.964057445713384,0.689427350487513,-1.3017745249204014,4.827180597665233,-0.5186077614953142,1.4811681053561363,-0.9340126089579366,-1.075384546753214
10.0,299.0,1000.023193359375,-4.244100075207791,-2.952538437415796,-1.9640574495681924,0.6894273858923885,-1.3017744391949364,4.827180528307693,-0.5186077634939128,1.4811680991308949,-0.9340126531207256,-1.0753845321105575
10.0,299.0,1000.0231323242188,-4.244100080911709,-2.9525384144950344,-1.964057449160261,0.689427371729705,-1.3017744729861116,4.827180555636009,-0.5186077628735255,1.481168100879624,-0.9340126348744908,-1.0753845373013684
10.0,299.0,1000.0231323242188,-4.244100079105774,-2.9525384196857694,-1.964057449221524,0.6894273762395899,-1.3017744657454535,4.827180549090901,-0.5186077620623015,1.4811680995960472,-0.934012638895295,-1.075384538381234
10.0,299.0,1000.0231323242188,-4.244100078568796,-2.952538421862929,-1.9640574481610555,0.6894273779734448,-1.3017744611021675,4.827180546845636,-0.518607763075142,1.481168100790642,-0.9340126412218784,-1.0753845364742558
10.0,299.0,1000.0231323242188,-4.244100087430279,-2.952538397373054,-1.964057450535008,0.6894273571934031,-1.3017745080119658,4.827180576769509,-0.5186077615649358,1.4811680988724234,-0.9340126185666212,-1.0753845460441025
10.0,299.0,1000.0231323242188,-4.244100085008146,-2.952538400858848,-1.964057448041484,0.6894273640272228,-1.301774492842335,4.827180572214889,-0.5186077617267566,1.4811681028665102,-0.9340126237712898,-1.0753845413552514
10.0,299.0,1000.0231323242188,-4.244100080925921,-2.9525384228805924,-1.9640574488318792,0.6894273774729776,-1.3017744618071123,4.8271805461251365,-0.5186077623906753,1.4811681017388798,-0.9340126409084046,-1.075384534986275
10.0,299.0,1000.0231323242188,-4.244100080661567,-2.95253841869327,-1.964057450610908,0.6894273743863719,-1.3017744716249142,4.82718055167553,-0.5186077613428575,1.4811680992035985,-0.9340126350014336,-1.075384539792828
10.0,299.0,1000.0231323242188,-4.244100092858581,-2.95253837394908,-1.9640574474730457,0.6894273474050214,-1.3017745353902646,4.827180605588064,-0.5186077597412604,1.481168104676649,-0.93401260055633,-1.075384550064881
10.0,299.0,1000.0231323242188,-4.244100083319725,-2.952538412126679,-1.9640574494325227,0.6894273688923107,-1.301774482044034,4.827180559354925,-0.5186077620572442,1.481168099855453,-0.9340126318342454,-1.0753845404711853
10.0,299.0,1000.0231323242188,-4.244100085550613,-2.9525383995808743,-1.964057447878536,0.6894273637811486,-1.3017744932243542,4.827180573087448,-0.5186077618723663,1.481168103911623,-0.9340126236435502,-1.075384540425986
10.0,299.0,1000.0231323242188,-4.244100079230536,-2.952538415927552,-1.964057449327412,0.6894273714892769,-1.3017744718237791,4.827180553827326,-0.5186077633158543,1.481168099654412,-0.9340126367970925,-1.0753845374958226
10.0,299.0,1000.0231323242188,-4.244100082326673,-2.952538415020636,-1.9640574503946864,0.6894273701659825,-1.3017744761833283,4.827180555435076,-0.5186077623023531,1.4811680996045773,-0.9340126334031568,-1.0753845394904245
10.0,299.0,1000.0231323242188,-4.244100083739168,-2.952538407506095,-1.964057449009608,0.6894273665050079,-1.301774486536898,4.827180564855379,-0.5186077625436782,1.4811681013520692,-0.9340126284588388,-1.0753845404329008
10.0,299.0,1000.0231323242188,-4.244100086326322,-2.952538394288755,-1.964057446809226,0.689427358805565,-1.3017745036001034,4.827180580094028,-0.518607762523625,1.481168103005678,-0.9340126206997724,-1.0753845431198927
10.0,299.0,1000.023193359375,-4.244100069455332,-2.952538450945993,-1.964057450083592,0.6894273943679208,-1.3017744173125774,4.8271805104207175,-0.5186077652778893,1.4811680972071546,-0.9340126666022028,-1.075384527506542
10.0,299.0,1000.0231323242188,-4.24410007684688,-2.952538433224197,-1.964057450745888,0.6894273838205676,-1.3017744484774263,4.827180534445031,-0.5186077620272753,1.4811680985295623,-0.9340126470608272,-1.075384534171219
10.0,299.0,1000.0231323242188,-4.244100080458541,-2.952538419775991,-1.9640574493640668,0.6894273748388011,-1.3017744665511604,4.827180549804931,-0.5186077627274877,1.4811681005781905,-0.9340126383099934,-1.075384537182793
10.0,299.0,1000.0231323242188,-4.244100092153046,-2.952538375747066,-1.964057445218876,0.6894273490531555,-1.3017745287873494,4.82718060280892,-0.5186077612853683,1.4811681071285676,-0.9340126055724216,-1.0753845467969647
10.0,299.0,1000.023193359375,-4.244100067385091,-2.9525384738987324,-1.9640574520730687,0.6894274084697303,-1.301774387655572,4.827180483995527,-0.5186077644523843,1.481168095479073,-0.9340126812182854,-1.0753845226785663
10.0,299.0,1000.0231323242188,-4.244100091816189,-2.952538380201362,-1.9640574464706304,0.6894273503375059,-1.301774525556698,4.827180598093305,-0.5186077612824995,1.4811681049848815,-0.9340126072276328,-1.075384547492786
10.0,299.0,1000.0231323242188,-4.244100089973736,-2.9525383858297976,-1.9640574487262552,0.6894273532431727,-1.3017745200501991,4.827180591247268,-0.5186077602035173,1.481168102525812,-0.9340126094826592,-1.0753845474323316
10.0,299.0,1000.0231323242188,-4.244100082633854,-2.952538404048024,-1.964057449793168,0.689427362581819,-1.3017744919306198,4.827180568020207,-0.5186077624647432,1.4811680994329173,-0.9340126267132688,-1.0753845414942624
10.0,299.0,1000.0231323242188,-4.244100082696876,-2.9525384119495377,-1.9640574496586365,0.6894273690010575,-1.3017744785253966,4.827180558468628,-0.5186077627961581,1.4811681018396703,-0.9340126322714212,-1.0753845382164706
10.0,299.0,1000.0231323242188,-4.24410008895567,-2.952538387139226,-1.964057446675595,0.6894273547582088,-1.3017745132717584,4.827180589152789,-0.5186077617169405,1.4811681047707292,-0.934012614132386,-1.0753845438727438
10.0,299.0,1000.0231323242188,-4.244100082429874,-2.952538417531553,-1.96405744866217,0.689427373075679,-1.301774471471913,4.827180552887031,-0.5186077626588057,1.481168101737074,-0.9340126363619063,-1.0753845372690298
10.0,299.0,1000.0231323242188,-4.244100092232157,-2.952538382970946,-1.9640574455824515,0.6894273525151684,-1.3017745181723024,4.827180593569061,-0.5186077618857148,1.481168106638341,-0.9340126120498048,-1.0753845435131022
10.0,299.0,1000.0231323242188,-4.244100086998282,-2.952538393650955,-1.96405744772865,0.6894273596206482,-1.3017745070365905,4.827180581495286,-0.5186077613315749,1.4811681025296952,-0.9340126174215522,-1.0753845458001443
10.0,299.0,1000.0232543945312,-4.244100102124124,-2.952538347576907,-1.96405744368723,0.6894273305648948,-1.3017745715079143,4.827180637267096,-0.5186077599072476,1.481168110068042,-0.9340125828205652,-1.0753845541720155
10.0,299.0,1000.0231323242188,-4.244100089716348,-2.952538396608277,-1.964057446620055,0.6894273621267679,-1.301774497104296,4.827180576726688,-0.5186077619151241,1.4811681065905606,-0.9340126218792228,-1.0753845401927418
10.0,299.0,1000.0231323242188,-4.244100075243083,-2.9525384309930818,-1.9640574508530828,0.6894273804158129,-1.3017744516103842,4.827180536421407,-0.5186077638155355,1.4811680982031907,-0.9340126471223762,-1.075384534355836
10.0,299.0,1000.0231323242188,-4.244100078614943,-2.952538435783058,-1.96405744993954,0.6894273853333042,-1.3017744434313443,4.82718052972497,-0.5186077636184718,1.4811681010040232,-0.9340126513418774,-1.075384532566273
10.0,299.0,1000.0231323242188,-4.2441000911532285,-2.9525383752465086,-1.964057447381383,0.6894273479956636,-1.3017745325962466,4.827180603727019,-0.5186077603740342,1.4811681046510037,-0.9340126025289744,-1.07538454864937
10.0,299.0,1000.0231323242188,-4.24410008870318,-2.9525383906590648,-1.964057445066782,0.689427357496144,-1.3017745050816778,4.827180584179944,-0.5186077632446118,1.481168106656189,-0.9340126201460884,-1.0753845405410385
10.0,299.0,1000.0231323242188,-4.244100084598083,-2.9525384093492963,-1.96405744775508,0.6894273671313025,-1.301774481458466,4.827180560992449,-0.5186077631031392,1.4811681022463707,-0.9340126333617942,-1.0753845374746076
10.0,299.0,1000.0231323242188,-4.2441000908059685,-2.9525383775419147,-1.9640574460346496,0.6894273495552392,-1.3017745265577711,4.827180600333715,-0.5186077616297009,1.4811681057998394,-0.9340126071814528,-1.0753845464014034
10.0,299.0,1000.0231323242188,-4.244100086912315,-2.952538390631632,-1.964057447708764,0.6894273569487241,-1.3017745075629596,4.827180584248238,-0.5186077620609151,1.4811681037684998,-0.9340126164082658,-1.0753845437229987
10.0,299.0,1000.0231323242188,-4.244100085330311,-2.9525383979538065,-1.964057448575388,0.6894273616418882,-1.3017744988380384,4.827180575749173,-0.5186077615803395,1.4811681016960678,-0.9340126214024788,-1.0753845427710154
10.0,299.0,1000.0231323242188,-4.244100077966174,-2.952538423647391,-1.964057450683894,0.689427376506182,-1.3017744634622903,4.827180544070451,-0.518607762311226,1.4811680972221986,-0.9340126414942445,-1.0753845379408085
10.0,299.0,1000.0231323242188,-4.244100086215713,-2.9525384019742624,-1.964057447215404,0.6894273647824711,-1.3017744914423557,4.827180570770569,-0.51860776275179,1.4811681042142268,-0.9340126261011924,-1.0753845404123656
10.0,299.0,1000.0232543945312,-4.244100097953342,-2.9525383437749624,-1.9640574453743271,0.6894273275866682,-1.3017745776901617,4.827180641680785,-0.5186077604011139,1.481168107375046,-0.934012579271254,-1.0753845562453854
10.0,299.0,1000.0231323242188,-4.244100086261889,-2.9525383976846364,-1.9640574474117365,0.6894273598029512,-1.3017744991697504,4.827180576987775,-0.5186077630440158,1.4811681034909672,-0.9340126226610632,-1.0753845408294098
10.0,299.0,1000.0231323242188,-4.244100090865418,-2.9525383813642043,-1.9640574458986504,0.689427351502121,-1.3017745212697358,4.827180595648208,-0.5186077619467468,1.4811681062291502,-0.93401261037961,-1.0753845451700077
10.0,299.0,1000.0231323242188,-4.244100088439387,-2.952538397126101,-1.9640574491583287,0.6894273604357606,-1.301774503996417,4.8271805778394565,-0.5186077605472565,1.481168101702214,-0.9340126178192412,-1.075384545457856
10.0,299.0,1000.0231323242188,-4.244100087782336,-2.95253839222994,-1.9640574482479551,0.6894273590060642,-1.3017745088181067,4.827180583815865,-0.5186077602529311,1.4811681027458174,-0.934012615231084,-1.075384544845278
10.0,299.0,1000.0231323242188,-4.244100081328165,-2.952538424043177,-1.9640574512650364,0.6894273776682898,-1.301774466156595,4.827180544900834,-0.5186077608224906,1.4811680983473865,-0.9340126378364202,-1.0753845391940176
10.0,299.0,1000.0231323242188,-4.24410008786004,-2.952538398557923,-1.9640574487930773,0.6894273600197867,-1.3017745020940952,4.827180575770132,-0.5186077615161997,1.4811681011544555,-0.9340126206003978,-1.0753845443786112
10.0,299.0,1000.0231323242188,-4.244100074374695,-2.952538434659401,-1.964057450388761,0.6894273850004602,-1.301774444338117,4.8271805324288,-0.5186077627245345,1.481168098464808,-0.9340126493452664,-1.075384533964772
