Run,Gen,F,1,2,3,4,5,6,7,8,9,10
49.0,0.0,1100.9212646484375,2.617381279244098,-0.1624919688815094,0.954522206905235,-1.4442032633619473,2.314760514099473,2.6055258226526625,-0.9311463271894524,1.0568341209130407,-4.382845613329245,-3.5173985496185867
49.0,0.0,1246.3375244140625,1.7957160152118767,-4.226318590755026,2.836513104604843,-4.072510192202397,-4.772967475768761,-4.998817157726175,0.4195771413186202,0.3296985486054273,1.7923862728988291,3.885843349756078
49.0,0.0,1133.537109375,0.7096021946072071,0.8031616706143696,4.149779317179087,-3.4216780304080627,0.3866401384213525,-2.5886855845147574,1.4132811407641368,-0.5176887398526624,1.0428861884598737,-0.5362337815093534
49.0,0.0,1379.4310302734375,0.5013465006158757,1.3190049686877696,2.197773767883807,-3.112176742134257,-4.726779839810251,-2.1228009456528865,-2.3190405447611475,1.4453726048454278,2.860076334761718,-2.345323100391248
49.0,0.0,1061.8267822265625,-4.422058646095007,3.235303534197836,-1.778040940778017,0.2035496333696844,-2.2693420697366395,2.9017520537528725,2.3299648453888464,2.661309651236591,-3.75794404553364,-2.1261201483728973
49.0,0.0,1070.7789306640625,-1.5536893284848388,-3.8417243835612447,3.3096643540120603,-2.130803021321346,1.4520774858724632,0.0167071804406973,2.0332475627511286,1.92476103747328,0.3989973884906703,3.176753954504372
49.0,0.0,1112.439453125,-2.450688215847796,1.9773564619210715,0.2880865316041632,-4.070221436664989,3.460842675597341,-0.197256836070081,1.461018439649461,0.3905444042648929,-2.261386603437554,-0.3108683065073006
49.0,0.0,1102.5955810546875,3.1679150442592654,-2.1600420312690938,4.220444450861368,3.294195807677051,-0.5308691091421212,-1.0249244049471828,4.101481777493984,-0.4494303471178416,1.8663269734912824,2.2709935275283826
49.0,0.0,1064.6595458984375,-1.4097807841699552,-2.1971149472266696,4.206908273221877,-1.3754184701679906,-0.3575450415082795,-0.6293716085120282,3.7291861530341226,1.2268632065838458,-0.2976708342275369,1.3231534384355284
49.0,0.0,1095.1016845703125,0.2177941053660586,-2.752918522697948,0.3153601501488658,-2.889356813379477,-1.8056528430439,-0.7677914632425011,0.481414343152994,-2.3590839621976425,-1.5999027600713154,-0.0109766737280336
49.0,0.0,1190.3243408203125,2.8871824480636867,0.0340161299292276,-2.862497186986497,1.917622599222225,1.7306260178074098,3.384469000188448,3.627927689661904,-3.863916760569057,3.564791992058049,-1.855152635830045
49.0,0.0,1132.7799072265625,-3.2866965189128683,2.433377882409582,4.606231989107275,-4.270306525842761,-2.361723653315088,-3.661506238246708,4.957364298134195,0.3048690914909695,-0.5274994131123112,1.4164520478151506
49.0,0.0,1110.198486328125,0.7128800235767052,-0.2147271548382709,3.036380537299678,3.8019857251427407,-1.5949291255182163,2.120845587525982,-2.981725950854014,-2.267236090123788,-1.460062403462948,2.395838193898248
49.0,0.0,1067.9266357421875,-0.5225102821824725,2.3346757337638024,1.5368965199848406,3.345233333442197,2.41607012486114,3.165917585321722,4.049706095105671,0.8093674137198921,0.4061363223987371,3.964954456990245
49.0,0.0,1374.5087890625,1.999851617057411,1.2007477165863143,-1.5642293873505553,0.2739694051142285,-2.1439609697420794,2.136723040076125,2.039801274411293,2.9207839929755703,4.403799536763838,0.659847040398863
49.0,0.0,1074.638916015625,-2.61022972922241,-4.646783162819148,-1.16318199613634,-1.0792327725348172,-1.0556020101344252,-0.0024218359042365,0.6993980079367592,-2.0100320941287366,-3.447373441319672,-4.497327725752123
49.0,0.0,1147.6622314453125,-2.2810081890885447,-1.7577319604527544,-2.864709346722715,-3.0627866908392254,-4.704369545983025,0.7974821611253491,-4.480852208215024,-2.010878125210957,-0.70243927395064,1.5670013996897776
49.0,0.0,1506.08642578125,-1.6501948631004923,-1.2004608173266318,2.2468129628553584,-4.340565343478384,0.9527711702842536,-3.44152797613044,0.2278218076381275,-2.795230984688027,3.448469726779784,-3.916177805342195
49.0,0.0,1260.68603515625,-2.555087314652064,3.5083332174206827,0.8343673859853604,-2.4567504388125383,3.6471464739972,1.25242562591347,-1.057213247007296,-0.2346494788364737,3.18278240315326,3.909576260360005
49.0,0.0,2046.5693359375,3.6405627816967456,0.1305852992401304,-0.3496322275692041,-3.642651163344679,-4.984721128508985,3.4715928505694773,0.6853165068672498,1.3443073175049545,-2.2746869551182094,4.971254769616696
49.0,0.0,1078.771728515625,4.375999136490712,0.4150793020436936,2.169090122528779,4.837796090765899,1.7501831922386426,-0.3334837209253747,4.477214307419484,1.4498920212297008,-3.3102950459105465,3.247333235299042
49.0,0.0,1065.225830078125,-1.863625049733173,1.343648802985932,2.9622714707954634,-0.1156250150055591,1.3336637222285024,-1.990884207441824,-2.5746162285972787,4.728072500397708,-2.6800473535052136,3.1797147673769643
49.0,0.0,1087.1741943359375,1.1247005641839616,1.7059041329902955,-3.837313783305232,2.421560466596543,-0.8805309534697114,4.034333387939878,-2.5725224285157733,-3.0258591128790515,-1.755566679104128,2.203030378879384
49.0,0.0,1231.40185546875,0.9588267147403008,0.1275132862403367,4.9084691158127605,-2.7100584270266213,-2.70508305181571,4.127364573552029,3.118121922619755,3.809323144296956,-0.1001007996102494,2.764461991088033
49.0,0.0,1189.7373046875,0.059267706073137,1.1166921323480272,4.62649350897231,-3.384561163004266,-0.3215371506872397,-0.2395372587962549,-2.454003167588392,3.9288462439622034,1.081347737020813,4.834226102465406
49.0,0.0,1070.14306640625,-3.884410441492821,-4.313135096682004,-2.1782835214184826,1.4196098993726958,3.537596236964985,-3.1127213698880087,-0.5838603524792667,-2.6337979351201946,-4.51990127181667,4.104463390113018
49.0,0.0,1112.3035888671875,4.283561451097443,-2.77016567693836,3.227414387449855,2.8590338672984306,-3.510814536328711,0.6771544010385249,4.358284360733162,2.0890750951424906,1.9379394286061604,2.978093256838683
49.0,0.0,1141.193603515625,-4.4689426507935215,-4.1785903671232685,-1.354399744099719,3.0171988475304783,-1.8342884577723504,0.0026992182902478,1.0968798302464826,-2.516685020175098,0.8887094535486035,3.2143094915827817
49.0,0.0,1082.95361328125,-3.4625424094524595,3.62447354532803,3.528903703140489,-2.763804815154749,-3.4343173454553053,1.3361221600997375,3.6919279553881488,-3.775911898890536,-3.984733670395472,2.9707624072690706
49.0,0.0,1932.572265625,2.4038200331536066,0.2034389906678573,-2.193307218772399,-4.18120615620092,-4.588537716659631,1.3593159749444892,4.618299638832848,1.7405885774466734,3.7819253943639257,1.5128497846962254
49.0,0.0,1234.810791015625,4.866560069128971,0.9944752423702744,2.6410139191793096,1.1051230970474446,0.1794704167758434,4.300408695959364,2.9232845062211865,-2.4667717711388404,-0.4487598626772779,3.95355053358462
49.0,0.0,1085.416015625,-1.4199690492470198,2.7774818596601003,-4.27743667783676,2.621480316142204,-4.448612894122056,-0.2006602176302525,-2.1260833291567693,-1.0645486516132685,-2.870689240845868,-3.682022800306524
49.0,0.0,1100.3477783203125,3.5953335551259453,-3.7172698519711167,-0.7199907462533064,-2.0181251146258727,0.8337021797157638,1.5141739517541,0.2225962351692034,-2.8961079003045365,-2.831476474223206,-1.3516393474009425
49.0,0.0,1087.828369140625,1.6184588123766677,-4.000784860568406,-3.790115320968759,-1.842446241349736,1.53473325185219,-2.261989154576496,-1.995043406984467,-1.0815919279504105,-3.887643969073877,0.6821522078279143
49.0,0.0,1250.4390869140625,1.2008266817420354,3.4733529330340733,-1.9752609979726767,1.7480927776664048,-2.519130355989525,3.1097873443723127,-2.8016268490248084,-0.9722563746923862,-0.4626101740547437,2.00922407224796
49.0,0.0,1168.18896484375,-4.797214558128664,-2.324177860389962,-3.191603621959591,-3.34026224989902,3.359241641387173,3.1625387930728337,-4.569102815461777,0.836838802166473,2.911133045693292,-2.512031587668675
49.0,0.0,1126.6656494140625,2.7515413921490577,1.6727622762616292,4.859993737018582,4.372717662865895,0.535524253424434,1.846707041128728,4.152367347086651,-4.046492501049228,4.159946243783011,0.4121239617163752
49.0,0.0,1075.3292236328125,2.00591302261334,-2.562546799489721,4.368897586209918,4.721510870092526,3.163102626050666,1.831945834008552,-3.01502334845634,-1.177724795992944,-1.0342319878342163,0.2827805134122565
49.0,0.0,1110.68115234375,1.1958395920806364,4.831859246334362,2.990348587761699,0.6475298810975669,-2.673262117598997,2.051626132299366,-0.1713467930569878,1.9256339189057936,-4.318315466164922,-0.396865478026303
49.0,0.0,1103.6434326171875,1.3242695529354096,0.9506182060904989,0.7764001821845525,4.8841286070853975,-3.9066828476589066,2.615334853640908,-4.75338693896409,3.632675565512113,3.7064798178087024,-1.734163081588731
49.0,0.0,1135.19091796875,-3.7818265425483744,-4.594715560652062,-2.725090075001191,0.4237180254462043,4.082322620277601,2.7574850593137974,2.479308773898645,-0.1821710941793108,1.7709062884149054,1.295732322260692
49.0,0.0,1648.392822265625,4.716812105366854,-1.0215993415075375,-1.9445426528516887,-4.775939690655169,1.1960266185110138,-3.9562667293882994,-1.5169813663646972,4.260742953318161,-1.9537880439414657,1.2891154186852392
49.0,0.0,1123.87109375,2.301518217385733,1.1420709479157658,4.455973180308737,4.942967842413264,4.752990767988663,1.053330750759339,0.8114221850777694,-0.9418106262671682,4.373192633035192,4.8393884154246365
49.0,0.0,1098.4971923828125,-3.450481806943716,-3.0083582902844777,1.988509887262708,2.8654956101116404,-4.292112363913898,-2.74511756163014,2.5202373799450424,4.734631315116337,1.0504196196348126,4.474685521248574
49.0,0.0,1567.851318359375,4.327903380749021,-2.859549145929633,-0.7436040412276137,-1.2077746813451484,-4.549016860442618,2.889144900728993,-4.05787655952322,2.558816169297506,0.2119376276370488,3.729263692124272
49.0,0.0,1281.696533203125,1.0621396681562691,3.941732763488263,-1.3618075549728612,0.9746231117325364,-4.856529066160078,-1.8049018625745967,0.0110072805446961,-3.4160238243295127,-3.090649313997499,4.660596974527387
49.0,0.0,1204.755615234375,-0.8300040532428117,-0.7353716814201725,2.4881672974712306,-4.897092305126627,-3.2910883197311835,4.398889178436885,-2.2171865915084146,1.3714337487791717,-1.4580645884979293,2.114983363688524
49.0,0.0,1063.3870849609375,-2.0659161764897016,-1.3803848712656483,1.9140418742566068,1.628931283247824,3.9294791875332606,4.064913796599916,-4.371274568179567,2.526587280813688,-0.6467219709474836,-3.29649783810214
49.0,0.0,1065.2181396484375,3.710121401624324,-1.6869256944442048,0.9607722943470272,4.595200533598749,3.314399862681922,1.7178728688599607,-0.951668916836315,-3.083555599013036,-4.985163249025847,-4.757136675654713
49.0,0.0,1060.0548095703125,-0.995960613541432,-4.051591414257603,-3.763723486990642,3.9182638652647857,2.798826071089441,-4.741114490737035,-2.275891927690558,4.622182820886881,0.0770541162252902,1.21777320940428
49.0,1.0,1042.809326171875,-1.1161141725417016,-4.042292851476013,-2.1782835214184826,3.857067748121292,3.537596236964985,-3.139205944067006,-0.5838603524792667,-2.6337979351201946,-4.51990127181667,1.108574176798857
49.0,1.0,1047.7509765625,-1.863625049733173,3.273664461821173,2.9622714707954634,0.1874133527113148,1.3336637222285024,2.3660088862492747,-2.5746162285972787,2.6282456285386018,-2.6800473535052136,3.1797147673769643
49.0,1.0,1048.3546142578125,-1.5536893284848388,-3.8417243835612447,3.3096643540120603,-2.002444832030013,1.4520774858724632,-0.0031164099974834,2.0332475627511286,1.9768047297929083,-1.7835018062202308,2.189765895625341
49.0,1.0,1048.8355712890625,0.2549940953709413,-2.756069168601332,4.368897586209918,4.397308474050281,3.4190338370302635,1.831945834008552,-3.01502334845634,-1.177724795992944,-1.0401483875389448,0.2827805134122565
49.0,1.0,1049.6158447265625,-1.2751041861036227,-4.051955241078638,-3.790877183552558,-1.9240850828375589,1.53473325185219,-2.261989154576496,-1.7221944845159032,-1.0815919279504105,-3.887643969073877,0.6821522078279143
49.0,1.0,1051.104736328125,-3.5531988759860083,-1.6999689938837224,1.8767520364910768,1.7972002460905254,-3.330543791121545,1.348358953128843,-4.454585950953422,2.526587280813688,-0.6467219709474836,-3.29649783810214
49.0,1.0,1054.34375,-2.0659161764897016,-1.3803848712656483,1.9147816650694185,1.628931283247824,-1.581155417289281,2.079899557481454,-4.371274568179567,2.526587280813688,-1.4401887507755802,-3.29649783810214
49.0,1.0,1054.6739501953125,-2.61022972922241,-4.646783162819148,-1.16318199613634,-1.1787544756823631,-0.7530623364487927,-0.0332062494704268,0.6993980079367592,-2.0100320941287366,-3.447373441319672,-1.7591431230193977
49.0,1.0,1060.0548095703125,-0.995960613541432,-4.051591414257603,-3.763723486990642,3.9182638652647857,2.798826071089441,-4.741114490737035,-2.275891927690558,4.622182820886881,0.0770541162252902,1.21777320940428
49.0,1.0,1061.8267822265625,-4.422058646095007,3.235303534197836,-1.778040940778017,0.2035496333696844,-2.2693420697366395,2.9017520537528725,2.3299648453888464,2.661309651236591,-3.75794404553364,-2.1261201483728973
49.0,1.0,1063.3870849609375,-2.0659161764897016,-1.3803848712656483,1.9140418742566068,1.628931283247824,3.9294791875332606,4.064913796599916,-4.371274568179567,2.526587280813688,-0.6467219709474836,-3.29649783810214
49.0,1.0,1064.6595458984375,-1.4097807841699552,-2.1971149472266696,4.206908273221877,-1.3754184701679906,-0.3575450415082795,-0.6293716085120282,3.7291861530341226,1.2268632065838458,-0.2976708342275369,1.3231534384355284
49.0,1.0,1065.2181396484375,3.710121401624324,-1.6869256944442048,0.9607722943470272,4.595200533598749,3.314399862681922,1.7178728688599607,-0.951668916836315,-3.083555599013036,-4.985163249025847,-4.757136675654713
49.0,1.0,1065.2181396484375,3.710121401624324,-1.6869256944442048,0.9607722943470272,4.595200533598749,3.314399862681922,1.7178728688599607,-0.951668916836315,-3.083555599013036,-4.985163249025847,-4.757136675654713
49.0,1.0,1065.225830078125,-1.863625049733173,1.343648802985932,2.9622714707954634,-0.1156250150055591,1.3336637222285024,-1.990884207441824,-2.5746162285972787,4.728072500397708,-2.6800473535052136,3.1797147673769643
49.0,1.0,1065.2890625,-1.4097807841699552,-2.1638067085109647,4.206908273221877,-1.3754184701679906,-0.3575450415082795,-0.6293716085120282,3.7291861530341226,1.2268632065838458,-0.2976708342275369,1.3231534384355284
49.0,1.0,1067.9266357421875,-0.5225102821824725,2.3346757337638024,1.5368965199848406,3.345233333442197,2.41607012486114,3.165917585321722,4.049706095105671,0.8093674137198921,0.4061363223987371,3.964954456990245
49.0,1.0,1068.7183837890625,-2.215189040128754,-1.7057416888409649,-2.182010317561456,1.4196098993726958,4.187860679409068,-3.1127213698880087,-0.5415336155402617,-1.9895666481349423,-4.51990127181667,4.169615159389719
49.0,1.0,1068.7587890625,-3.347303423516762,-3.1143110425849523,1.988509887262708,2.8569758802048404,-4.474519911186016,-0.9270805919697164,2.513122290980016,-0.3895713405803964,1.0504196196348126,2.2468173453088864
49.0,1.0,1068.7947998046875,-1.3742323504308551,-2.562546799489721,4.368897586209918,4.721510870092526,3.1741141455156234,1.831945834008552,-2.9246759667457947,-1.177724795992944,-1.0337453153337262,0.2827805134122565
49.0,1.0,1070.14306640625,-3.884410441492821,-4.313135096682004,-2.1782835214184826,1.4196098993726958,3.537596236964985,-3.1127213698880087,-0.5838603524792667,-2.6337979351201946,-4.51990127181667,4.104463390113018
49.0,1.0,1070.7789306640625,-1.5536893284848388,-3.8417243835612447,3.3096643540120603,-2.130803021321346,1.4520774858724632,0.0167071804406973,2.0332475627511286,1.92476103747328,0.3989973884906703,3.176753954504372
49.0,1.0,1072.670166015625,0.7128800235767052,-0.2147271548382709,3.035640746486245,3.8019857251427407,3.9152502506266496,4.105857942037389,-2.981725950854014,-2.267236090123788,-0.6807160191276487,2.395838193898248
49.0,1.0,1073.793212890625,-4.422058646095007,3.235303534197836,-1.778040940778017,0.30307133651724,-2.3568895274467327,2.932536416243108,2.3299648453888464,2.661309651236591,-3.75794404553364,-4.842044920349741
49.0,1.0,1074.638916015625,-2.61022972922241,-4.646783162819148,-1.16318199613634,-1.0792327725348172,-1.0556020101344252,-0.0024218359042365,0.6993980079367592,-2.0100320941287366,-3.447373441319672,-4.497327725752123
49.0,1.0,1075.3292236328125,2.00591302261334,-2.562546799489721,4.368897586209918,4.721510870092526,3.163102626050666,1.831945834008552,-3.01502334845634,-1.177724795992944,-1.0342319878342163,0.2827805134122565
49.0,1.0,1078.4993896484375,1.9927464037337488,-4.003088267620472,-3.599260042034045,4.837796090765899,1.7501831922386426,-0.3334837209253747,-1.985062585861856,1.4498920212297008,-3.8771144066048246,3.247333235299042
49.0,1.0,1078.6932373046875,1.8976023824710333,-4.000421033747371,-3.7629616244068433,3.998709511689074,2.798826071089441,-4.741114490737035,-2.275891927690558,4.622182820886881,0.0770541162252902,1.21777320940428
49.0,1.0,1078.771728515625,4.375999136490712,0.4150793020436936,2.169090122528779,4.837796090765899,1.7501831922386426,-0.3334837209253747,4.477214307419484,1.4498920212297008,-3.3102950459105465,3.247333235299042
49.0,1.0,1078.771728515625,4.375999136490712,0.4150793020436936,2.169090122528779,4.837796090765899,1.7501831922386426,-0.3334837209253747,4.477214307419484,1.4498920212297008,-3.3102950459105465,3.247333235299042
49.0,1.0,1080.51123046875,-2.61022972922241,-4.646783162819148,-1.0347652387742723,-1.0792327725348172,-1.0556020101344252,-0.0024218359042365,0.6993980079367592,-2.0100320941287366,-3.447373441319672,-4.497327725752123
49.0,1.0,1082.020751953125,-3.4625424094524595,0.6826204615136493,3.5338465497693963,-2.763804815154749,-3.500251610338979,-0.154657121992483,3.6919279553881488,-3.724864060733574,-3.984733670395472,2.9707624072690706
49.0,1.0,1082.95361328125,-3.4625424094524595,3.62447354532803,3.528903703140489,-2.763804815154749,-3.4343173454553053,1.3361221600997375,3.6919279553881488,-3.775911898890536,-3.984733670395472,2.9707624072690706
49.0,1.0,1085.416015625,-1.4199690492470198,2.7774818596601003,-4.27743667783676,2.621480316142204,-4.448612894122056,-0.2006602176302525,-2.1260833291567693,-1.0645486516132685,-2.870689240845868,-3.682022800306524
49.0,1.0,1087.1741943359375,1.1247005641839616,1.7059041329902955,-3.837313783305232,2.421560466596543,-0.8805309534697114,4.034333387939878,-2.5725224285157733,-3.0258591128790515,-1.755566679104128,2.203030378879384
49.0,1.0,1087.1741943359375,1.1247005641839616,1.7059041329902955,-3.837313783305232,2.421560466596543,-0.8805309534697114,4.034333387939878,-2.5725224285157733,-3.0258591128790515,-1.755566679104128,2.203030378879384
49.0,1.0,1087.828369140625,1.6184588123766677,-4.000784860568406,-3.790115320968759,-1.842446241349736,1.53473325185219,-2.261989154576496,-1.995043406984467,-1.0815919279504105,-3.887643969073877,0.6821522078279143
49.0,1.0,1090.65576171875,-0.5225102821824725,2.3346757337638024,1.5368965199848406,3.345233333442197,-1.9751941867839244,-0.7296742543679808,4.049706095105671,0.8093674137198921,-1.7867180233715778,3.964954456990245
49.0,1.0,1094.7227783203125,-4.422058646095007,1.3052878712336566,-1.778040940778017,-0.0994887343471894,-2.2693420697366395,-2.0513462673369296,2.128455388568817,4.759329531362398,-3.636073608210788,-2.1261201483728973
49.0,1.0,1095.1016845703125,0.2177941053660586,-2.752918522697948,0.3153601501488658,-2.889356813379477,-1.8056528430439,-0.7677914632425011,0.481414343152994,-2.3590839621976425,-1.5999027600713154,-0.0109766737280336
49.0,1.0,1095.68359375,-3.7642525214170703,-4.322433659463589,-3.763723486990642,1.4808042959434595,2.798826071089441,-4.714332071878929,-2.275891927690558,4.622182820886881,0.0770541162252902,4.213546081536331
49.0,1.0,1097.642578125,0.2177941053660586,-2.752918522697948,0.3153601501488658,-2.889356813379477,2.5856104644202555,3.127798784027103,0.481414343152994,-2.3590839621976425,0.5929515857559085,-0.0109766737280336
49.0,1.0,1098.4971923828125,-3.450481806943716,-3.0083582902844777,1.988509887262708,2.8654956101116404,-4.292112363913898,-2.74511756163014,2.5202373799450424,4.734631315116337,1.0504196196348126,4.474685521248574
49.0,1.0,1099.36962890625,-1.858208708229185,2.0138431480919285,2.969910207482994,-0.0345861267472304,1.3336637222285024,-2.040445076720502,-2.264143614525255,4.728072500397708,-2.44179243991173,3.1797147673769643
49.0,1.0,1100.3477783203125,3.5953335551259453,-3.7172698519711167,-0.7199907462533064,-2.0181251146258727,0.8337021797157638,1.5141739517541,0.2225962351692034,-2.8961079003045365,-2.831476474223206,-1.3516393474009425
49.0,1.0,1100.9212646484375,2.617381279244098,-0.1624919688815094,0.954522206905235,-1.4442032633619473,2.314760514099473,2.6055258226526625,-0.9311463271894524,1.0568341209130407,-4.382845613329245,-3.5173985496185867
49.0,1.0,1102.031982421875,-3.950229446779306,-4.365006832676947,-2.8609825505797426,-3.0627866908392254,-4.966583057349196,0.7974821611253491,-4.520620112815657,-2.655109412196209,-0.70243927395064,1.501821597445618
49.0,1.0,1102.5955810546875,3.1679150442592654,-2.1600420312690938,4.220444450861368,3.294195807677051,-0.5308691091421212,-1.0249244049471828,4.101481777493984,-0.4494303471178416,1.8663269734912824,2.2709935275283826
49.0,1.0,1103.6434326171875,1.3242695529354096,0.9506182060904989,0.7764001821845525,4.8841286070853975,-3.9066828476589066,2.615334853640908,-4.75338693896409,3.632675565512113,3.7064798178087024,-1.734163081588731
49.0,1.0,1103.6434326171875,1.3242695529354096,0.9506182060904989,0.7764001821845525,4.8841286070853975,-3.9066828476589066,2.615334853640908,-4.75338693896409,3.632675565512113,3.7064798178087024,-1.734163081588731
49.0,2.0,1040.3577880859375,-2.0659161764897016,-1.3752590707674657,1.9140418742566068,1.663745628399544,3.9294791875332606,4.064913796599916,-4.371274568179567,2.526587280813688,-0.6467219709474836,-1.7514669011082975
49.0,2.0,1042.809326171875,-1.1161141725417016,-4.042292851476013,-2.1782835214184826,3.857067748121292,3.537596236964985,-3.139205944067006,-0.5838603524792667,-2.6337979351201946,-4.51990127181667,1.108574176798857
49.0,2.0,1046.421142578125,1.9927464037337488,-0.8719753230417124,-3.7788685016941495,4.837796090765899,3.752474631855231,-0.3334837209253747,-1.985062585861856,1.4498920212297008,-0.6466256338212013,3.247333235299042
49.0,2.0,1047.6436767578125,-2.0213962947208666,-4.037214859861663,-1.1503514953409013,4.028427380223103,-1.0556020101344252,-0.1242375952826848,0.756178859081042,-1.9977024265443115,-3.4492041141123813,1.2046976375863263
49.0,2.0,1047.7509765625,-1.863625049733173,3.273664461821173,2.9622714707954634,0.1874133527113148,1.3336637222285024,2.3660088862492747,-2.5746162285972787,2.6282456285386018,-2.6800473535052136,3.1797147673769643
49.0,2.0,1048.3546142578125,-1.5536893284848388,-3.8417243835612447,3.3096643540120603,-2.002444832030013,1.4520774858724632,-0.0031164099974834,2.0332475627511286,1.9768047297929083,-1.7835018062202308,2.189765895625341
49.0,2.0,1048.8065185546875,0.017018659179937,0.4150793020436936,2.193899847724082,4.837796090765899,1.7501831922386426,-0.3334837209253747,4.724264353675593,1.4498920212297008,-3.31445306493352,0.5666249984708931
49.0,2.0,1048.8355712890625,0.2549940953709413,-2.756069168601332,4.368897586209918,4.397308474050281,3.4190338370302635,1.831945834008552,-3.01502334845634,-1.177724795992944,-1.0401483875389448,0.2827805134122565
49.0,2.0,1049.6158447265625,-1.2751041861036227,-4.051955241078638,-3.790877183552558,-1.9240850828375589,1.53473325185219,-2.261989154576496,-1.7221944845159032,-1.0815919279504105,-3.887643969073877,0.6821522078279143
49.0,2.0,1050.452392578125,-1.005321676421891,-2.162828987308556,4.206908273221877,-1.3754184701679906,-0.3575450415082795,-0.6293716085120282,3.7291861530341226,1.2268632065838458,-0.2976708342275369,1.3231534384355284
49.0,2.0,1050.804443359375,-2.61022972922241,-1.683995988660124,-1.16318199613634,-1.1787544756823631,-0.67513084000138,-0.0332062494704268,0.5060486133128417,2.474197092249447,-3.447373441319672,-1.7591431230193977
49.0,2.0,1051.104736328125,-3.5531988759860083,-1.6999689938837224,1.8767520364910768,1.7972002460905254,-3.330543791121545,1.348358953128843,-4.454585950953422,2.526587280813688,-0.6467219709474836,-3.29649783810214
49.0,2.0,1053.5877685546875,-3.5531988759860083,-4.660722009523528,1.8767520364910768,1.7972002460905254,-3.4084749915605,1.348358953128843,-4.257746507528077,-1.957642326782702,-0.6467219709474836,-3.29649783810214
49.0,2.0,1053.705078125,-1.8716523913374543,-1.3803848712656483,2.9683437577918266,1.6267615749063515,-1.751879131567287,2.2979120170135388,-4.48474390689362,2.625443537922312,-2.684814254676565,3.186913731223502
49.0,2.0,1054.34375,-2.0659161764897016,-1.3803848712656483,1.9147816650694185,1.628931283247824,-1.581155417289281,2.079899557481454,-4.371274568179567,2.526587280813688,-1.4401887507755802,-3.29649783810214
49.0,2.0,1054.6287841796875,-1.863625049733173,3.273664461821173,1.0214261018194968,0.1874133527113148,1.23052675104646,2.3660088862492747,-2.5746162285972787,2.6282456285386018,-2.6800473535052136,3.1797147673769643
49.0,2.0,1054.6739501953125,-2.61022972922241,-4.646783162819148,-1.16318199613634,-1.1787544756823631,-0.7530623364487927,-0.0332062494704268,0.6993980079367592,-2.0100320941287366,-3.447373441319672,-1.7591431230193977
49.0,2.0,1054.8056640625,-2.61022972922241,-4.646783162819148,-1.0347652387742723,-2.6694680382651352,-1.0556020101344252,0.292174441785636,0.6993980079367592,-2.131306686015168,-2.786160807494756,3.331172856687919
49.0,2.0,1056.6151123046875,-2.61022972922241,-4.646783162819148,-1.16318199613634,-1.0792327725348172,-1.057452854388156,-0.0024218359042365,0.6993980079367592,-2.0100320941287366,-3.447373441319672,-3.4940294367238334
49.0,2.0,1057.5345458984375,3.710121401624324,-1.6869256944442048,0.9607722943470272,4.595200533598749,3.729644322106652,1.7178728688599607,-0.951668916836315,-3.083555599013036,-4.9945355050749,-4.941793162186814
49.0,2.0,1057.766357421875,-2.61022972922241,-4.646783162819148,-1.16318199613634,-1.1787544756823631,-0.7512114921950619,-0.0332062494704268,0.6993980079367592,-2.0100320941287366,-3.447373441319672,-1.7978565315857609
49.0,2.0,1057.8597412109375,-1.619599340721969,-2.1638067085109647,4.206908273221877,-1.3754184701679906,-0.3575450415082795,-0.6293716085120282,3.7291861530341226,1.2268632065838458,-0.2976708342275369,1.3231534384355284
49.0,2.0,1057.8848876953125,-1.5536893284848388,-4.000947098459628,-2.129016894296379,-2.002444832030013,4.054552617588999,0.0700656972610536,2.0332475627511286,1.7078137626340504,-1.7835018062202308,2.3148953905198404
49.0,2.0,1058.220703125,-1.4199690492470198,-3.943720363577096,-4.27743667783676,-1.9842114881593933,-4.448612894122056,-0.2070654173060909,-2.1260833291567693,-1.0645486516132685,-2.870689240845868,-3.706246798018861
49.0,2.0,1058.3876953125,-1.4097807841699552,-2.1971149472266696,4.206908273221877,-1.3754184701679906,-0.3575450415082795,-0.6293716085120282,3.7291861530341226,1.2268632065838458,-0.2976708342275369,1.155702605314586
49.0,2.0,1059.89599609375,-4.422058646095007,3.2301696149877523,-1.9623520204156395,0.1687352882179077,-2.2693420697366395,2.9017520537528725,2.3299648453888464,2.661309651236591,-3.75794404553364,-3.333370362265026
49.0,2.0,1060.0548095703125,-0.995960613541432,-4.051591414257603,-3.763723486990642,3.9182638652647857,2.798826071089441,-4.741114490737035,-2.275891927690558,4.622182820886881,0.0770541162252902,1.21777320940428
49.0,2.0,1060.0548095703125,-0.995960613541432,-4.051591414257603,-3.763723486990642,3.9182638652647857,2.798826071089441,-4.741114490737035,-2.275891927690558,4.622182820886881,0.0770541162252902,1.21777320940428
49.0,2.0,1060.5269775390625,3.710121401624324,-1.6869256944442048,2.901617662759706,4.595200533598749,3.4175367967797934,1.7178728688599607,-0.951668916836315,-3.083555599013036,-4.985163249025847,-4.757136675654713
49.0,2.0,1061.8267822265625,-4.422058646095007,3.235303534197836,-1.778040940778017,0.2035496333696844,-2.2693420697366395,2.9017520537528725,2.3299648453888464,2.661309651236591,-3.75794404553364,-2.1261201483728973
49.0,2.0,1063.0302734375,4.73040293405237,-2.756069168601332,4.344064132781353,4.397308474050281,4.099254079732061,2.185677430247413,-3.01502334845634,-1.177724795992944,-1.035990350086776,2.9634886088366184
49.0,2.0,1063.3870849609375,-2.0659161764897016,-1.3803848712656483,1.9140418742566068,1.628931283247824,3.9294791875332606,4.064913796599916,-4.371274568179567,2.526587280813688,-0.6467219709474836,-3.29649783810214
49.0,2.0,1064.638427734375,-1.4097807841699552,-2.1980926684290782,4.206908273221877,-1.3754184701679906,-0.3575450415082795,-0.6293716085120282,3.7291861530341226,1.2268632065838458,-0.2976708342275369,1.3231534384355284
49.0,2.0,1064.6595458984375,-1.4097807841699552,-2.1971149472266696,4.206908273221877,-1.3754184701679906,-0.3575450415082795,-0.6293716085120282,3.7291861530341226,1.2268632065838458,-0.2976708342275369,1.3231534384355284
49.0,2.0,1065.2181396484375,3.710121401624324,-1.6869256944442048,0.9607722943470272,4.595200533598749,3.314399862681922,1.7178728688599607,-0.951668916836315,-3.083555599013036,-4.985163249025847,-4.757136675654713
49.0,2.0,1065.2181396484375,3.710121401624324,-1.6869256944442048,0.9607722943470272,4.595200533598749,3.314399862681922,1.7178728688599607,-0.951668916836315,-3.083555599013036,-4.985163249025847,-4.757136675654713
49.0,2.0,1065.225830078125,-1.863625049733173,1.343648802985932,2.9622714707954634,-0.1156250150055591,1.3336637222285024,-1.990884207441824,-2.5746162285972787,4.728072500397708,-2.6800473535052136,3.1797147673769643
49.0,2.0,1065.2890625,-1.4097807841699552,-2.1638067085109647,4.206908273221877,-1.3754184701679906,-0.3575450415082795,-0.6293716085120282,3.7291861530341226,1.2268632065838458,-0.2976708342275369,1.3231534384355284
49.0,2.0,1067.9266357421875,-0.5225102821824725,2.3346757337638024,1.5368965199848406,3.345233333442197,2.41607012486114,3.165917585321722,4.049706095105671,0.8093674137198921,0.4061363223987371,3.964954456990245
49.0,2.0,1067.978515625,3.5834739217758984,-1.9906388579206025,0.9607722943470272,4.595200533598749,4.278948839898945,1.7952308296117594,-0.5405318564813245,-1.9393430967737064,-4.985163249025847,4.100028894652908
49.0,2.0,1068.0738525390625,-3.820363851821133,1.7059041329902955,-3.943927374348239,1.447981258851348,-1.5727340960989178,-3.085386219266058,-2.5725224285157733,-2.5869403130996904,-4.473496323616988,2.223080375275948
49.0,2.0,1068.257568359375,-2.0659161764897016,-3.843173947611407,1.9140418742566068,1.628931283247824,1.7325756034346511,4.064913796599916,-4.371274568179567,2.526587280813688,-3.8771998702984,-3.29649783810214
49.0,2.0,1068.7183837890625,-2.215189040128754,-1.7057416888409649,-2.182010317561456,1.4196098993726958,4.187860679409068,-3.1127213698880087,-0.5415336155402617,-1.9895666481349423,-4.51990127181667,4.169615159389719
49.0,2.0,1068.7587890625,-3.347303423516762,-3.1143110425849523,1.988509887262708,2.8569758802048404,-4.474519911186016,-0.9270805919697164,2.513122290980016,-0.3895713405803964,1.0504196196348126,2.2468173453088864
49.0,2.0,1068.7947998046875,-1.3742323504308551,-2.562546799489721,4.368897586209918,4.721510870092526,3.1741141455156234,1.831945834008552,-2.9246759667457947,-1.177724795992944,-1.0337453153337262,0.2827805134122565
49.0,2.0,1070.14306640625,-3.884410441492821,-4.313135096682004,-2.1782835214184826,1.4196098993726958,3.537596236964985,-3.1127213698880087,-0.5838603524792667,-2.6337979351201946,-4.51990127181667,4.104463390113018
49.0,2.0,1070.28759765625,1.8976023824710333,-4.000421033747371,-3.7629616244068433,3.998709511689074,2.798826071089441,-4.529869035731172,-2.67328305523352,4.622182820886881,0.2483955676313798,1.21777320940428
49.0,2.0,1070.7789306640625,-1.5536893284848388,-3.8417243835612447,3.3096643540120603,-2.130803021321346,1.4520774858724632,0.0167071804406973,2.0332475627511286,1.92476103747328,0.3989973884906703,3.176753954504372
49.0,2.0,1071.7127685546875,-4.422058646095007,0.3771651348440472,-1.9001467611414071,0.30307133651724,-2.3568895274467327,2.932536416243108,2.3299648453888464,2.661309651236591,-3.75794404553364,-4.817887483730766
49.0,2.0,1072.670166015625,0.7128800235767052,-0.2147271548382709,3.035640746486245,3.8019857251427407,3.9152502506266496,4.105857942037389,-2.981725950854014,-2.267236090123788,-0.6807160191276487,2.395838193898248
49.0,3.0,1035.1778564453125,-2.0659161764897016,-1.3752590707674657,1.9140418742566068,1.3928418038199004,3.9294791875332606,4.064913796599916,-4.408802601430077,2.476643398382182,-0.6467219709474836,-1.802877739431711
49.0,3.0,1037.42919921875,-1.891285725510932,-2.139934444263967,2.9622714707954634,0.1874133527113148,-0.3518002656187452,2.3660088862492747,-2.480216603102024,1.180456089123107,-2.6800473535052136,3.1797147673769643
49.0,3.0,1038.90185546875,-2.0659161764897016,0.2798208448551365,1.9140418742566068,1.663745628399544,-1.718693933341043,4.064913796599916,-4.479642119546661,2.52679013655205,-3.8690436837912894,-1.7514669011082975
49.0,3.0,1040.3577880859375,-2.0659161764897016,-1.3752590707674657,1.9140418742566068,1.663745628399544,3.9294791875332606,4.064913796599916,-4.371274568179567,2.526587280813688,-0.6467219709474836,-1.7514669011082975
49.0,3.0,1040.717041015625,-2.533747507004584,-4.646783162819148,-1.0347652387742723,-1.966280588828176,-1.0556020101344252,0.292174441785636,-0.6398267846814268,-2.131306686015168,-2.786160807494756,1.1473755398486345
49.0,3.0,1040.8927001953125,-2.61022972922241,-2.6078735366441057,-1.204966872845758,4.743420277859182,-1.057452854388156,1.966594800995605,0.6993980079367592,-2.0100320941287366,-1.090187515095052,-3.4940294367238334
49.0,3.0,1041.04443359375,-3.604703400607725,-1.6999689938837224,1.8927535244296387,1.622657180848274,-3.330543791121545,1.348358953128843,-4.583120596401249,2.529421317026664,-2.908465562035365,-3.281350522598055
49.0,3.0,1042.809326171875,-1.1161141725417016,-4.042292851476013,-2.1782835214184826,3.857067748121292,3.537596236964985,-3.139205944067006,-0.5838603524792667,-2.6337979351201946,-4.51990127181667,1.108574176798857
49.0,3.0,1046.421142578125,1.9927464037337488,-0.8719753230417124,-3.7788685016941495,4.837796090765899,3.752474631855231,-0.3334837209253747,-1.985062585861856,1.4498920212297008,-0.6466256338212013,3.247333235299042
49.0,3.0,1047.10595703125,-2.0213962947208666,-4.037214859861663,-0.9835021036441468,4.028427380223103,-1.0508942905289873,-0.1242375952826848,0.756178859081042,-1.9977024265443115,-3.4700626051871417,1.2046976375863263
49.0,3.0,1047.589599609375,1.9927464037337488,-0.8719753230417124,-4.834669749568786,4.837796090765899,3.5403688937460203,-3.122869879281135,-1.985062585861856,-2.637041952198693,-4.608137185975944,3.254366598946526
49.0,3.0,1047.6436767578125,-2.0213962947208666,-4.037214859861663,-1.1503514953409013,4.028427380223103,-1.0556020101344252,-0.1242375952826848,0.756178859081042,-1.9977024265443115,-3.4492041141123813,1.2046976375863263
49.0,3.0,1047.7509765625,-1.863625049733173,3.273664461821173,2.9622714707954634,0.1874133527113148,1.3336637222285024,2.3660088862492747,-2.5746162285972787,2.6282456285386018,-2.6800473535052136,3.1797147673769643
49.0,3.0,1048.2562255859375,-2.61022972922241,-4.646783162819148,-1.1591420094040306,-2.6398855454358747,-0.7567957224764719,-0.0332062494704268,0.6993980079367592,-2.0100320941287366,-2.7901585734517376,-1.7591431230193977
49.0,3.0,1048.2742919921875,-2.699028228950416,-4.799143860252046,-1.3846393675848478,-1.0792327725348172,-0.9597241585214712,-0.0024218359042365,0.9516064710293298,-1.5761565544831695,-3.447373441319672,4.532155123046948
49.0,3.0,1048.3546142578125,-1.5536893284848388,-3.8417243835612447,3.3096643540120603,-2.002444832030013,1.4520774858724632,-0.0031164099974834,2.0332475627511286,1.9768047297929083,-1.7835018062202308,2.189765895625341
49.0,3.0,1048.8065185546875,0.017018659179937,0.4150793020436936,2.193899847724082,4.837796090765899,1.7501831922386426,-0.3334837209253747,4.724264353675593,1.4498920212297008,-3.31445306493352,0.5666249984708931
49.0,3.0,1048.8355712890625,0.2549940953709413,-2.756069168601332,4.368897586209918,4.397308474050281,3.4190338370302635,1.831945834008552,-3.01502334845634,-1.177724795992944,-1.0401483875389448,0.2827805134122565
49.0,3.0,1049.6158447265625,-1.2751041861036227,-4.051955241078638,-3.790877183552558,-1.9240850828375589,1.53473325185219,-2.261989154576496,-1.7221944845159032,-1.0815919279504105,-3.887643969073877,0.6821522078279143
49.0,3.0,1050.0775146484375,-1.863625049733173,0.5251747031222291,1.083921751831768,0.1874133527113148,1.23052675104646,-0.4812632463454409,-2.5746162285972787,2.6282456285386018,-2.6800473535052136,0.1570801018985761
49.0,3.0,1050.3121337890625,-1.2751041861036227,-4.051955241078638,-3.957709043493496,-1.9240850828375589,1.5300255322182412,-2.261989154576496,-1.7221944845159032,-1.0815919279504105,-3.866785477999114,0.6821522078279143
49.0,3.0,1050.31884765625,-2.076324065858639,-1.3873785729185637,1.910450349530304,0.1948939879666655,-1.581155417289281,2.0794530326201817,-4.371274568179567,2.526587280813688,-2.7693603533735884,-3.29649783810214
49.0,3.0,1050.452392578125,-1.005321676421891,-2.162828987308556,4.206908273221877,-1.3754184701679906,-0.3575450415082795,-0.6293716085120282,3.7291861530341226,1.2268632065838458,-0.2976708342275369,1.3231534384355284
49.0,3.0,1050.804443359375,-2.61022972922241,-1.683995988660124,-1.16318199613634,-1.1787544756823631,-0.67513084000138,-0.0332062494704268,0.5060486133128417,2.474197092249447,-3.447373441319672,-1.7591431230193977
49.0,3.0,1051.104736328125,-3.5531988759860083,-1.6999689938837224,1.8767520364910768,1.7972002460905254,-3.330543791121545,1.348358953128843,-4.454585950953422,2.526587280813688,-0.6467219709474836,-3.29649783810214
49.0,3.0,1051.62744140625,-1.8716523913374543,-1.375241197247207,2.9683437577918266,1.6267615749063515,3.89576771771216,2.2979120170135388,-4.376376355526526,2.6252406821839496,-0.6102902380432211,3.186913731223502
49.0,3.0,1053.5877685546875,-3.5531988759860083,-4.660722009523528,1.8767520364910768,1.7972002460905254,-3.4084749915605,1.348358953128843,-4.257746507528077,-1.957642326782702,-0.6467219709474836,-3.29649783810214
49.0,3.0,1053.705078125,-1.8716523913374543,-1.3803848712656483,2.9683437577918266,1.6267615749063515,-1.751879131567287,2.2979120170135388,-4.48474390689362,2.625443537922312,-2.684814254676565,3.186913731223502
49.0,3.0,1054.04248046875,-2.059269313971744,-2.243766880035237,1.9147816650694185,-1.2495434533606755,-1.581155417289281,-0.6700226869281971,-4.371274568179567,1.2563515141698791,-1.3963082921807624,-3.29649783810214
49.0,3.0,1054.34375,-2.0659161764897016,-1.3803848712656483,1.9147816650694185,1.628931283247824,-1.581155417289281,2.079899557481454,-4.371274568179567,2.526587280813688,-1.4401887507755802,-3.29649783810214
49.0,3.0,1054.3641357421875,-1.5536893284848388,-1.355043468377987,3.2915333408900453,1.813392873777636,1.4520774858724632,4.294848525618392,2.126015258149418,1.9768047297929083,-1.7835018062202308,2.189765895625341
49.0,3.0,1054.6287841796875,-1.863625049733173,3.273664461821173,1.0214261018194968,0.1874133527113148,1.23052675104646,2.3660088862492747,-2.5746162285972787,2.6282456285386018,-2.6800473535052136,3.1797147673769643
49.0,3.0,1054.6739501953125,-2.61022972922241,-4.646783162819148,-1.16318199613634,-1.1787544756823631,-0.7530623364487927,-0.0332062494704268,0.6993980079367592,-2.0100320941287366,-3.447373441319672,-1.7591431230193977
49.0,3.0,1054.8056640625,-2.61022972922241,-4.646783162819148,-1.0347652387742723,-2.6694680382651352,-1.0556020101344252,0.292174441785636,0.6993980079367592,-2.131306686015168,-2.786160807494756,3.331172856687919
49.0,3.0,1055.397216796875,-3.819224032184194,2.289073747376832,-3.943927374348239,1.447981258851348,-1.5727340960989178,2.858632426222792,-2.5725224285157733,-2.5869403130996904,-4.473496323616988,2.124696693803192
49.0,3.0,1056.6151123046875,-2.61022972922241,-4.646783162819148,-1.16318199613634,-1.0792327725348172,-1.057452854388156,-0.0024218359042365,0.6993980079367592,-2.0100320941287366,-3.447373441319672,-3.4940294367238334
49.0,3.0,1056.9052734375,-2.0213962947208666,-4.037214859861663,-1.1503514953409013,3.9805212001476447,-1.0556020101344252,0.0646019508109411,2.0356051915029107,1.7720367813648783,-1.763324269594292,1.2046976375863263
49.0,3.0,1057.4910888671875,-1.6034729886772356,-2.1980926684290782,4.206908273221877,-1.3754184701679906,-0.3575450415082795,-0.6293716085120282,3.7291861530341226,1.2268632065838458,-0.2976708342275369,1.3231534384355284
49.0,3.0,1057.5345458984375,3.710121401624324,-1.6869256944442048,0.9607722943470272,4.595200533598749,3.729644322106652,1.7178728688599607,-0.951668916836315,-3.083555599013036,-4.9945355050749,-4.941793162186814
49.0,3.0,1057.766357421875,-2.61022972922241,-4.646783162819148,-1.16318199613634,-1.1787544756823631,-0.7512114921950619,-0.0332062494704268,0.6993980079367592,-2.0100320941287366,-3.447373441319672,-1.7978565315857609
49.0,3.0,1057.8597412109375,-1.619599340721969,-2.1638067085109647,4.206908273221877,-1.3754184701679906,-0.3575450415082795,-0.6293716085120282,3.7291861530341226,1.2268632065838458,-0.2976708342275369,1.3231534384355284
49.0,3.0,1057.8848876953125,-1.5536893284848388,-4.000947098459628,-2.129016894296379,-2.002444832030013,4.054552617588999,0.0700656972610536,2.0332475627511286,1.7078137626340504,-1.7835018062202308,2.3148953905198404
49.0,3.0,1057.9320068359375,-1.5536893284848388,-3.8417243835612447,-3.8471361297244906,-1.9846500650500911,1.4520774858724632,-0.0031164099974834,2.0332475627511286,-0.7032236893161239,-1.7835018062202308,0.8654982736010607
49.0,3.0,1058.220703125,-1.4199690492470198,-3.943720363577096,-4.27743667783676,-1.9842114881593933,-4.448612894122056,-0.2070654173060909,-2.1260833291567693,-1.0645486516132685,-2.870689240845868,-3.706246798018861
49.0,3.0,1058.3876953125,-1.4097807841699552,-2.1971149472266696,4.206908273221877,-1.3754184701679906,-0.3575450415082795,-0.6293716085120282,3.7291861530341226,1.2268632065838458,-0.2976708342275369,1.155702605314586
49.0,3.0,1059.481689453125,-4.422058646095007,-1.9390522113863864,-1.9623520204156395,-1.1641990840644438,-2.03859493803282,0.3746316323377494,2.3299648453888464,2.661309651236591,-3.75794404553364,-3.333370362265026
49.0,3.0,1059.89599609375,-4.422058646095007,3.2301696149877523,-1.9623520204156395,0.1687352882179077,-2.2693420697366395,2.9017520537528725,2.3299648453888464,2.661309651236591,-3.75794404553364,-3.333370362265026
49.0,3.0,1060.0548095703125,-0.995960613541432,-4.051591414257603,-3.763723486990642,3.9182638652647857,2.798826071089441,-4.741114490737035,-2.275891927690558,4.622182820886881,0.0770541162252902,1.21777320940428
49.0,3.0,1060.0548095703125,-0.995960613541432,-4.051591414257603,-3.763723486990642,3.9182638652647857,2.798826071089441,-4.741114490737035,-2.275891927690558,4.622182820886881,0.0770541162252902,1.21777320940428
49.0,3.0,1060.12353515625,2.081546834985157,-0.6914967359448525,-3.557410241830342,4.837796090765899,3.654655919952215,-0.3334837209253747,-2.2372710391388333,1.2612044379972402,-0.6466256338212013,-4.7122598703587775
49.0,4.0,1030.2530517578125,-1.891285725510932,-2.3717649134625844,2.2417693499664866,0.1874133527113148,-0.3467883434894356,2.3660088862492747,-2.263311002043973,1.180456089123107,-3.303518150346327,3.1797147673769643
49.0,4.0,1033.5301513671875,-1.8457133689543463,0.4957150035116213,1.0162128593346131,4.771782999283037,-1.057452854388156,1.966594800995605,0.6832338338758819,2.610919329266385,-1.090187515095052,-3.4940294367238334
49.0,4.0,1035.1778564453125,-2.0659161764897016,-1.3752590707674657,1.9140418742566068,1.3928418038199004,3.9294791875332606,4.064913796599916,-4.408802601430077,2.476643398382182,-0.6467219709474836,-1.802877739431711
49.0,4.0,1037.117919921875,-2.61022972922241,-2.6078735366441057,-1.2040449180060662,4.22897481989319,-1.0640664449506372,1.966594800995605,0.6993980079367592,-2.0100320941287366,-1.090187515095052,-3.4940294367238334
49.0,4.0,1037.42919921875,-1.891285725510932,-2.139934444263967,2.9622714707954634,0.1874133527113148,-0.3518002656187452,2.3660088862492747,-2.480216603102024,1.180456089123107,-2.6800473535052136,3.1797147673769643
49.0,4.0,1038.05126953125,-1.937039422018804,-1.7050262082019092,1.910450349530304,0.1948939879666655,-3.31163274618367,2.0794530326201817,-4.3823798420328295,1.6929995416665244,-2.7693603533735884,-3.29649783810214
49.0,4.0,1038.90185546875,-2.0659161764897016,0.2798208448551365,1.9140418742566068,1.663745628399544,-1.718693933341043,4.064913796599916,-4.479642119546661,2.52679013655205,-3.8690436837912894,-1.7514669011082975
49.0,4.0,1038.90185546875,-2.0659161764897016,0.2798208448551365,1.9140418742566068,1.663745628399544,-1.718693933341043,4.064913796599916,-4.479642119546661,2.52679013655205,-3.8690436837912894,-1.7514669011082975
49.0,4.0,1040.3577880859375,-2.0659161764897016,-1.3752590707674657,1.9140418742566068,1.663745628399544,3.9294791875332606,4.064913796599916,-4.371274568179567,2.526587280813688,-0.6467219709474836,-1.7514669011082975
49.0,4.0,1040.717041015625,-2.533747507004584,-4.646783162819148,-1.0347652387742723,-1.966280588828176,-1.0556020101344252,0.292174441785636,-0.6398267846814268,-2.131306686015168,-2.786160807494756,1.1473755398486345
49.0,4.0,1040.8927001953125,-2.61022972922241,-2.6078735366441057,-1.204966872845758,4.743420277859182,-1.057452854388156,1.966594800995605,0.6993980079367592,-2.0100320941287366,-1.090187515095052,-3.4940294367238334
49.0,4.0,1041.04443359375,-3.604703400607725,-1.6999689938837224,1.8927535244296387,1.622657180848274,-3.330543791121545,1.348358953128843,-4.583120596401249,2.529421317026664,-2.908465562035365,-3.281350522598055
49.0,4.0,1041.04443359375,-3.604703400607725,-1.6999689938837224,1.8927535244296387,1.622657180848274,-3.330543791121545,1.348358953128843,-4.583120596401249,2.529421317026664,-2.908465562035365,-3.281350522598055
49.0,4.0,1042.1492919921875,-3.743987996399586,-1.3823213586003766,1.8927535244296387,1.622657180848274,-1.600066461208027,1.348358953128843,-4.572015322547963,2.529421317026664,-2.908465562035365,-3.281350522598055
49.0,4.0,1042.3721923828125,-2.0185526072180293,-3.802666106543517,-1.1503514953409013,4.052597384627003,-1.0556020101344252,-0.1242375952826848,0.0866271617260807,-1.9529398100543325,-2.687801873049016,1.2176580536707764
49.0,4.0,1042.809326171875,-1.1161141725417016,-4.042292851476013,-2.1782835214184826,3.857067748121292,3.537596236964985,-3.139205944067006,-0.5838603524792667,-2.6337979351201946,-4.51990127181667,1.108574176798857
49.0,4.0,1043.1614990234375,2.5833334005975503,-4.646783162819148,-1.130313711483854,4.872890713113222,-0.7530623364487927,0.0429711595473597,0.6993980079367592,1.367374719019465,-3.447373441319672,-1.7591431230193977
49.0,4.0,1043.930908203125,-4.355641815276422,3.2301696149877523,-1.9623520204156395,0.1660604432897588,-2.0484673147729886,2.9017520537528725,2.434051330963914,1.5144921475520905,-3.796530076783193,-3.333370362265026
49.0,4.0,1044.105224609375,-2.535146630255434,-4.646783162819148,-1.0349453384300138,-2.6398855454358747,-0.7567957224764719,0.2889707719304623,0.6993980079367592,-2.009200121487419,-2.7861619434471576,1.0305680220653195
49.0,4.0,1044.83740234375,-3.819224032184194,-3.211876667298806,-3.943927374348239,-1.718783781436289,-1.6377322255917055,0.0618091796163702,-2.585466703902682,-2.5869403130996904,-4.572855630709084,2.1251303322551687
49.0,4.0,1044.905029296875,-2.0659161764897016,-1.3752590707674657,1.9140418742566068,3.916834266288108,3.931519559766626,4.120175118789724,-0.6295945132390524,2.526587280813688,-0.6467219709474836,1.0178101489466234
49.0,4.0,1045.8477783203125,-3.1919510477833284,-1.683995988660124,-1.1395183716315282,-1.1787544756823631,-0.67513084000138,-0.0332062494704268,0.5060486133128417,2.474197092249447,-3.447373441319672,-1.7591431230193977
49.0,4.0,1046.1746826171875,-2.61022972922241,-4.646783162819148,-1.1600639642437225,-2.162772918151547,-2.0005520498301737,-0.0332062494704268,0.6993980079367592,-2.0100320941287366,-2.7901585734517376,-1.7591431230193977
49.0,4.0,1046.421142578125,1.9927464037337488,-0.8719753230417124,-3.7788685016941495,4.837796090765899,3.752474631855231,-0.3334837209253747,-1.985062585861856,1.4498920212297008,-0.6466256338212013,3.247333235299042
49.0,4.0,1047.10595703125,-2.0213962947208666,-4.037214859861663,-0.9835021036441468,4.028427380223103,-1.0508942905289873,-0.1242375952826848,0.756178859081042,-1.9977024265443115,-3.4700626051871417,1.2046976375863263
49.0,4.0,1047.47265625,-1.2751041861036227,-4.051955241078638,-3.879494957043637,-1.9240850828375589,1.5300255322182412,-0.1146184302432222,-1.5695975734400502,-1.0815919279504105,-3.866785477999114,0.6914473453146288
49.0,4.0,1047.589599609375,1.9927464037337488,-0.8719753230417124,-4.834669749568786,4.837796090765899,3.5403688937460203,-3.122869879281135,-1.985062585861856,-2.637041952198693,-4.608137185975944,3.254366598946526
49.0,4.0,1047.6436767578125,-2.0213962947208666,-4.037214859861663,-1.1503514953409013,4.028427380223103,-1.0556020101344252,-0.1242375952826848,0.756178859081042,-1.9977024265443115,-3.4492041141123813,1.2046976375863263
49.0,4.0,1047.7509765625,-1.863625049733173,3.273664461821173,2.9622714707954634,0.1874133527113148,1.3336637222285024,2.3660088862492747,-2.5746162285972787,2.6282456285386018,-2.6800473535052136,3.1797147673769643
49.0,4.0,1048.2562255859375,-2.61022972922241,-4.646783162819148,-1.1591420094040306,-2.6398855454358747,-0.7567957224764719,-0.0332062494704268,0.6993980079367592,-2.0100320941287366,-2.7901585734517376,-1.7591431230193977
49.0,4.0,1048.2742919921875,-2.699028228950416,-4.799143860252046,-1.3846393675848478,-1.0792327725348172,-0.9597241585214712,-0.0024218359042365,0.9516064710293298,-1.5761565544831695,-3.447373441319672,4.532155123046948
49.0,4.0,1048.3546142578125,-1.5536893284848388,-3.8417243835612447,3.3096643540120603,-2.002444832030013,1.4520774858724632,-0.0031164099974834,2.0332475627511286,1.9768047297929083,-1.7835018062202308,2.189765895625341
49.0,4.0,1048.36181640625,-1.9545116484422285,-4.037214859861663,-1.1524793618352756,-1.0221228013372172,-1.0556567750829036,-0.126206663838682,0.756178859081042,-2.014645484102959,-3.4491755410196685,1.1988889277106491
49.0,4.0,1048.5850830078125,-2.076324065858639,-1.3873785729185637,1.876682935875518,0.1948939879666655,-1.5896114215506043,1.3383407503692644,-4.371274568179567,2.526587280813688,-2.7693603533735884,-3.29649783810214
49.0,4.0,1048.8065185546875,0.017018659179937,0.4150793020436936,2.193899847724082,4.837796090765899,1.7501831922386426,-0.3334837209253747,4.724264353675593,1.4498920212297008,-3.31445306493352,0.5666249984708931
49.0,4.0,1048.8355712890625,0.2549940953709413,-2.756069168601332,4.368897586209918,4.397308474050281,3.4190338370302635,1.831945834008552,-3.01502334845634,-1.177724795992944,-1.0401483875389448,0.2827805134122565
49.0,4.0,1048.8355712890625,0.2549940953709413,-2.756069168601332,4.368897586209918,4.397308474050281,3.4190338370302635,1.831945834008552,-3.01502334845634,-1.177724795992944,-1.0401483875389448,0.2827805134122565
49.0,4.0,1049.6158447265625,-1.2751041861036227,-4.051955241078638,-3.790877183552558,-1.9240850828375589,1.53473325185219,-2.261989154576496,-1.7221944845159032,-1.0815919279504105,-3.887643969073877,0.6821522078279143
49.0,4.0,1050.0775146484375,-1.863625049733173,0.5251747031222291,1.083921751831768,0.1874133527113148,1.23052675104646,-0.4812632463454409,-2.5746162285972787,2.6282456285386018,-2.6800473535052136,0.1570801018985761
49.0,4.0,1050.3121337890625,-1.2751041861036227,-4.051955241078638,-3.957709043493496,-1.9240850828375589,1.5300255322182412,-2.261989154576496,-1.7221944845159032,-1.0815919279504105,-3.866785477999114,0.6821522078279143
49.0,4.0,1050.31884765625,-2.076324065858639,-1.3873785729185637,1.910450349530304,0.1948939879666655,-1.581155417289281,2.0794530326201817,-4.371274568179567,2.526587280813688,-2.7693603533735884,-3.29649783810214
49.0,4.0,1050.452392578125,-1.005321676421891,-2.162828987308556,4.206908273221877,-1.3754184701679906,-0.3575450415082795,-0.6293716085120282,3.7291861530341226,1.2268632065838458,-0.2976708342275369,1.3231534384355284
49.0,4.0,1050.804443359375,-2.61022972922241,-1.683995988660124,-1.16318199613634,-1.1787544756823631,-0.67513084000138,-0.0332062494704268,0.5060486133128417,2.474197092249447,-3.447373441319672,-1.7591431230193977
49.0,4.0,1051.104736328125,-3.5531988759860083,-1.6999689938837224,1.8767520364910768,1.7972002460905254,-3.330543791121545,1.348358953128843,-4.454585950953422,2.526587280813688,-0.6467219709474836,-3.29649783810214
49.0,4.0,1051.3348388671875,-2.0234679165685856,-4.037214859861663,1.8610313650947643,4.3867208748970645,-1.153151641682517,-0.1238743262073658,0.756178859081042,1.3271759325433057,-1.418684219352372,1.2046976375863263
49.0,4.0,1051.5679931640625,-1.1877600112839548,3.273664461821173,2.9622714707954634,0.1874133527113148,1.3336637222285024,2.3660088862492747,-2.5746162285972787,2.6282456285386018,-2.6800473535052136,3.1797147673769643
49.0,4.0,1051.587158203125,-1.8941294130137687,-2.3744828952304133,2.9622714707954634,-0.0912251688689287,-0.3518002656187452,2.3660088862492747,-1.9508458631060268,1.1356934745299896,-3.441449594568509,3.166754349623486
49.0,4.0,1051.62744140625,-1.8716523913374543,-1.375241197247207,2.9683437577918266,1.6267615749063515,3.89576771771216,2.2979120170135388,-4.376376355526526,2.6252406821839496,-0.6102902380432211,3.186913731223502
49.0,4.0,1053.5877685546875,-3.5531988759860083,-4.660722009523528,1.8767520364910768,1.7972002460905254,-3.4084749915605,1.348358953128843,-4.257746507528077,-1.957642326782702,-0.6467219709474836,-3.29649783810214
49.0,4.0,1053.705078125,-1.8716523913374543,-1.3803848712656483,2.9683437577918266,1.6267615749063515,-1.751879131567287,2.2979120170135388,-4.48474390689362,2.625443537922312,-2.684814254676565,3.186913731223502
49.0,5.0,1029.2225341796875,-1.9531413773549595,0.2798208448551365,1.9440893965517176,1.663745628399544,-0.8908691742816426,4.064913796599916,0.6632562862163565,2.52679013655205,-3.4737318835829094,-1.5943473300260118
49.0,5.0,1030.120849609375,-2.191462313335056,-1.7102732953490325,1.9140418742566068,3.9790700830083248,3.836561908530757,4.089128281885569,-0.6295945132390524,2.529447472148444,-2.864495116354524,1.0178101489466234
49.0,5.0,1030.2530517578125,-1.891285725510932,-2.3717649134625844,2.2417693499664866,0.1874133527113148,-0.3467883434894356,2.3660088862492747,-2.263311002043973,1.180456089123107,-3.303518150346327,3.1797147673769643
49.0,5.0,1031.1761474609375,-1.9018015036912967,-4.597617503999011,-0.8944920603719052,0.194628098430887,-3.2052460526681035,0.7607444090133608,-0.8823384877886168,-2.131306686015168,-2.768392594056356,1.2866593775366124
49.0,5.0,1031.426025390625,-1.891285725510932,-2.371138280098049,2.9622714707954634,0.1874133527113148,-0.351724870399521,3.494818603224407,-2.480216603102024,1.028396709561334,-3.2290220927754025,3.1797147673769643
49.0,5.0,1032.3828125,-2.067286447576971,-4.037214859861663,-1.1825268858042957,-1.0221228013372172,-1.868197443889964,-0.126206663838682,-4.382324087758623,-2.014645484102959,-3.844487341228049,1.0417693569080493
49.0,5.0,1032.6461181640625,-2.534372501627604,-2.6078735366441057,-1.0325716705151131,4.22897481989319,-0.7614088099888734,1.9990797863460488,0.6993980079367592,-2.0100320941287366,-1.1838960603790782,-3.4940294367238334
49.0,5.0,1033.5301513671875,-1.8457133689543463,0.4957150035116213,1.0162128593346131,4.771782999283037,-1.057452854388156,1.966594800995605,0.6832338338758819,2.610919329266385,-1.090187515095052,-3.4940294367238334
49.0,5.0,1035.1778564453125,-2.0659161764897016,-1.3752590707674657,1.9140418742566068,1.3928418038199004,3.9294791875332606,4.064913796599916,-4.408802601430077,2.476643398382182,-0.6467219709474836,-1.802877739431711
49.0,5.0,1035.1778564453125,-2.0659161764897016,-1.3752590707674657,1.9140418742566068,1.3928418038199004,3.9294791875332606,4.064913796599916,-4.408802601430077,2.476643398382182,-0.6467219709474836,-1.802877739431711
49.0,5.0,1037.117919921875,-2.61022972922241,-2.6078735366441057,-1.2040449180060662,4.22897481989319,-1.0640664449506372,1.966594800995605,0.6993980079367592,-2.0100320941287366,-1.090187515095052,-3.4940294367238334
49.0,5.0,1037.42919921875,-1.891285725510932,-2.139934444263967,2.9622714707954634,0.1874133527113148,-0.3518002656187452,2.3660088862492747,-2.480216603102024,1.180456089123107,-2.6800473535052136,3.1797147673769643
49.0,5.0,1037.5511474609375,-1.1161141725417016,-3.780762193291794,-2.1782835214184826,3.857067748121292,3.537596236964985,2.1210688552031853,-0.5838603524792667,-2.6337979351201946,-4.51990127181667,0.9348086811417984
49.0,5.0,1037.7479248046875,-1.90641512318456,0.8409212156138635,1.8761663410021456,1.622657180848274,-1.600066461208027,2.349375959593759,-4.572015322547963,2.529421317026664,-2.908465562035365,-4.00127040318827
49.0,5.0,1038.05126953125,-1.937039422018804,-1.7050262082019092,1.910450349530304,0.1948939879666655,-3.31163274618367,2.0794530326201817,-4.3823798420328295,1.6929995416665244,-2.7693603533735884,-3.29649783810214
49.0,5.0,1038.8065185546875,-1.8426516226159813,-1.5603058370410792,-1.658791478401408,4.118114946910622,-0.7417795427042531,1.8362499233238228,0.4936172774520576,2.474197092249447,-3.447373441319672,-3.5334858001034606
49.0,5.0,1038.90185546875,-2.0659161764897016,0.2798208448551365,1.9140418742566068,1.663745628399544,-1.718693933341043,4.064913796599916,-4.479642119546661,2.52679013655205,-3.8690436837912894,-1.7514669011082975
49.0,5.0,1038.90185546875,-2.0659161764897016,0.2798208448551365,1.9140418742566068,1.663745628399544,-1.718693933341043,4.064913796599916,-4.479642119546661,2.52679013655205,-3.8690436837912894,-1.7514669011082975
49.0,5.0,1039.8133544921875,-2.61022972922241,-2.6078735366441057,-1.204966872845758,4.743420277859182,-1.2354249408158746,1.9823594054644007,0.6123918442101807,-2.0100320941287366,-0.7657265045999779,-3.5620935333981647
49.0,5.0,1040.3577880859375,-2.0659161764897016,-1.3752590707674657,1.9140418742566068,1.663745628399544,3.9294791875332606,4.064913796599916,-4.371274568179567,2.526587280813688,-0.6467219709474836,-1.7514669011082975
49.0,5.0,1040.395263671875,-2.65763148834844,-1.405012679882853,1.9140418742566068,1.663745628399544,-1.718693933341043,4.064913796599916,-4.478977144641529,2.4506486823892635,-4.177932881646939,-1.808894259174281
49.0,5.0,1040.5152587890625,-2.010265717410036,-3.755353154568947,-1.2988853305298271,4.028427380223103,-1.026029119973651,-0.1254745448393356,-0.5295838783562044,-2.0087950481114296,-2.611798118832415,1.2046976375863263
49.0,5.0,1040.717041015625,-2.533747507004584,-4.646783162819148,-1.0347652387742723,-1.966280588828176,-1.0556020101344252,0.292174441785636,-0.6398267846814268,-2.131306686015168,-2.786160807494756,1.1473755398486345
49.0,5.0,1040.717041015625,-2.533747507004584,-4.646783162819148,-1.0347652387742723,-1.966280588828176,-1.0556020101344252,0.292174441785636,-0.6398267846814268,-2.131306686015168,-2.786160807494756,1.1473755398486345
49.0,5.0,1040.8927001953125,-2.61022972922241,-2.6078735366441057,-1.204966872845758,4.743420277859182,-1.057452854388156,1.966594800995605,0.6993980079367592,-2.0100320941287366,-1.090187515095052,-3.4940294367238334
49.0,5.0,1040.8927001953125,-2.61022972922241,-2.6078735366441057,-1.204966872845758,4.743420277859182,-1.0573753427537422,1.966594800995605,0.6993980079367592,-2.0100320941287366,-1.090187515095052,-3.4940294367238334
49.0,5.0,1040.9290771484375,-2.747257872030644,-4.775780595113307,-0.6147170940657132,1.6174728565345606,-0.9597241585214712,-0.0024218359042365,1.0915252152317745,2.2974936088608406,-2.834948616158258,4.210374479412723
49.0,5.0,1041.04443359375,-3.604703400607725,-1.6999689938837224,1.8927535244296387,1.622657180848274,-3.330543791121545,1.348358953128843,-4.583120596401249,2.529421317026664,-2.908465562035365,-3.281350522598055
49.0,5.0,1041.04443359375,-3.604703400607725,-1.6999689938837224,1.8927535244296387,1.622657180848274,-3.330543791121545,1.348358953128843,-4.583120596401249,2.529421317026664,-2.908465562035365,-3.281350522598055
49.0,5.0,1042.1492919921875,-3.743987996399586,-1.3823213586003766,1.8927535244296387,1.622657180848274,-1.600066461208027,1.348358953128843,-4.572015322547963,2.529421317026664,-2.908465562035365,-3.281350522598055
49.0,5.0,1042.3721923828125,-2.0185526072180293,-3.802666106543517,-1.1503514953409013,4.052597384627003,-1.0556020101344252,-0.1242375952826848,0.0866271617260807,-1.9529398100543325,-2.687801873049016,1.2176580536707764
49.0,5.0,1042.809326171875,-1.1161141725417016,-4.042292851476013,-2.1782835214184826,3.857067748121292,3.537596236964985,-3.139205944067006,-0.5838603524792667,-2.6337979351201946,-4.51990127181667,1.108574176798857
49.0,5.0,1043.1614990234375,2.5833334005975503,-4.646783162819148,-1.130313711483854,4.872890713113222,-0.7530623364487927,0.0429711595473597,0.6993980079367592,1.367374719019465,-3.447373441319672,-1.7591431230193977
49.0,5.0,1043.930908203125,-4.355641815276422,3.2301696149877523,-1.9623520204156395,0.1660604432897588,-2.0484673147729886,2.9017520537528725,2.434051330963914,1.5144921475520905,-3.796530076783193,-3.333370362265026
49.0,5.0,1044.105224609375,-2.535146630255434,-4.646783162819148,-1.0349453384300138,-2.6398855454358747,-0.7567957224764719,0.2889707719304623,0.6993980079367592,-2.009200121487419,-2.7861619434471576,1.0305680220653195
49.0,5.0,1044.83740234375,-3.819224032184194,-3.211876667298806,-3.943927374348239,-1.718783781436289,-1.6377322255917055,0.0618091796163702,-2.585466703902682,-2.5869403130996904,-4.572855630709084,2.1251303322551687
49.0,5.0,1044.83740234375,-3.819224032184194,-3.211876667298806,-3.943927374348239,-1.718783781436289,-1.6377322255917055,0.0618091796163702,-2.585466703902682,-2.5869403130996904,-4.572855630709084,2.1251303322551687
49.0,5.0,1044.905029296875,-2.0659161764897016,-1.3752590707674657,1.9140418742566068,3.916834266288108,3.931519559766626,4.120175118789724,-0.6295945132390524,2.526587280813688,-0.6467219709474836,1.0178101489466234
49.0,5.0,1045.4013671875,-2.6110038578502395,-4.378590719835215,-1.2064185859209664,-2.6398855454358747,-1.0594533574382357,0.2564857865783078,0.6993980079367592,-2.009200121487419,-2.692453398134888,1.0305680220653195
49.0,5.0,1045.8477783203125,-3.1919510477833284,-1.683995988660124,-1.1395183716315282,-1.1787544756823631,-0.67513084000138,-0.0332062494704268,0.5060486133128417,2.474197092249447,-3.447373441319672,-1.7591431230193977
49.0,5.0,1046.1746826171875,-2.61022972922241,-4.646783162819148,-1.1600639642437225,-2.162772918151547,-2.0005520498301737,-0.0332062494704268,0.6993980079367592,-2.0100320941287366,-2.7901585734517376,-1.7591431230193977
49.0,5.0,1046.1927490234375,-2.0659161764897016,0.3095744539706568,0.4006896005418991,1.3928418038199004,3.9294791875332606,4.064913796599916,-4.409467576335208,2.476643398382182,-0.6467219709474836,-1.7454503813657276
49.0,5.0,1046.421142578125,1.9927464037337488,-0.8719753230417124,-3.7788685016941495,4.837796090765899,3.752474631855231,-0.3334837209253747,-1.985062585861856,1.4498920212297008,-0.6466256338212013,3.247333235299042
49.0,5.0,1046.6195068359375,-2.61022972922241,-2.3135141652073448,-1.2040449180060662,4.22897481989319,-1.0641439565850508,1.5402080373366778,0.6993980079367592,-2.0100320941287366,-1.090187515095052,-3.4940294367238334
49.0,5.0,1046.9591064453125,-3.819224032184194,-3.211876667298806,1.7702356232237608,1.736620312037804,-1.2950907177997937,4.011993994382439,-2.585466703902682,-2.5869403130996904,-4.565049702594345,1.4111309885130676
49.0,5.0,1047.10595703125,-2.0213962947208666,-4.037214859861663,-0.9835021036441468,4.028427380223103,-1.0508942905289873,-0.1242375952826848,0.756178859081042,-1.9977024265443115,-3.4700626051871417,1.2046976375863263
49.0,5.0,1047.47265625,-1.2751041861036227,-4.051955241078638,-3.879494957043637,-1.9240850828375589,1.5300255322182412,-0.1146184302432222,-1.5695975734400502,-1.0815919279504105,-3.866785477999114,0.6914473453146288
49.0,5.0,1047.589599609375,1.9927464037337488,-0.8719753230417124,-4.834669749568786,4.837796090765899,3.5403688937460203,-3.122869879281135,-1.985062585861856,-2.637041952198693,-4.608137185975944,3.254366598946526
49.0,5.0,1047.6436767578125,-2.0213962947208666,-4.037214859861663,-1.1503514953409013,4.028427380223103,-1.0556020101344252,-0.1242375952826848,0.756178859081042,-1.9977024265443115,-3.4492041141123813,1.2046976375863263
49.0,5.0,1047.7509765625,-1.863625049733173,3.273664461821173,2.9622714707954634,0.1874133527113148,1.3336637222285024,2.3660088862492747,-2.5746162285972787,2.6282456285386018,-2.6800473535052136,3.1797147673769643
49.0,6.0,1021.8432006835938,-2.534372501627604,-2.6078735366441057,1.5570993026429472,4.255188974825368,-0.9656821840919888,1.9990797863460488,0.6993980079367592,1.7200713495316555,-2.643586922716824,-4.472537415488217
49.0,6.0,1028.11181640625,-1.6988744569339085,-0.8270139724315648,-1.658791478401408,4.118114946910622,-0.7417795427042531,1.8362499233238228,0.4936172774520576,2.474197092249447,-3.447373441319672,-3.5334858001034606
49.0,6.0,1028.4925537109375,-0.5969250643960036,-1.7102732953490325,-1.206892176113302,3.9790700830083248,3.836561908530757,4.089128281885569,-0.6295945132390524,2.529447472148444,-3.8675869487188255,1.0178563784607753
49.0,6.0,1029.2225341796875,-1.9531413773549595,0.2798208448551365,1.9440893965517176,1.663745628399544,-0.8908691742816426,4.064913796599916,0.6632562862163565,2.52679013655205,-3.4737318835829094,-1.5943473300260118
49.0,6.0,1030.120849609375,-2.191462313335056,-1.7102732953490325,1.9140418742566068,3.9790700830083248,3.836561908530757,4.089128281885569,-0.6295945132390524,2.529447472148444,-2.864495116354524,1.0178101489466234
49.0,6.0,1030.2530517578125,-1.891285725510932,-2.3717649134625844,2.2417693499664866,0.1874133527113148,-0.3467883434894356,2.3660088862492747,-2.263311002043973,1.180456089123107,-3.303518150346327,3.1797147673769643
49.0,6.0,1031.1761474609375,-1.9018015036912967,-4.597617503999011,-0.8944920603719052,0.194628098430887,-3.2052460526681035,0.7607444090133608,-0.8823384877886168,-2.131306686015168,-2.768392594056356,1.2866593775366124
49.0,6.0,1031.426025390625,-1.891285725510932,-2.371138280098049,2.9622714707954634,0.1874133527113148,-0.351724870399521,3.494818603224407,-2.480216603102024,1.028396709561334,-3.2290220927754025,3.1797147673769643
49.0,6.0,1032.3828125,-2.067286447576971,-4.037214859861663,-1.1825268858042957,-1.0221228013372172,-1.868197443889964,-0.126206663838682,-4.382324087758623,-2.014645484102959,-3.844487341228049,1.0417693569080493
49.0,6.0,1032.6461181640625,-2.534372501627604,-2.6078735366441057,-1.0325716705151131,4.22897481989319,-0.7614088099888734,1.9990797863460488,0.6993980079367592,-2.0100320941287366,-1.1838960603790782,-3.4940294367238334
49.0,6.0,1033.5301513671875,-1.8457133689543463,0.4957150035116213,1.0162128593346131,4.771782999283037,-1.057452854388156,1.966594800995605,0.6832338338758819,2.610919329266385,-1.090187515095052,-3.4940294367238334
49.0,6.0,1034.0152587890625,-1.8317950685645683,-1.5199627708893493,1.8927535244296387,-0.2961170430330424,-1.5552899674011598,1.348358953128843,-4.572015322547963,2.999362872497652,-2.908465562035365,-2.304942130008326
49.0,6.0,1034.5684814453125,-2.61022972922241,-2.6078735366441057,2.0979653428703164,4.771189851227053,-1.2354249408158746,1.9823594054644007,0.6123918442101807,0.6545705097246328,-0.7657265045999779,-1.7311011374387282
49.0,6.0,1034.690185546875,-1.979531161775016,0.218263457138879,2.3072032954309463,1.7001820885807102,-0.8850655278473321,4.004966129164079,0.6684708652461098,2.52679013655205,-3.4737318835829094,1.1662068042158038
49.0,6.0,1035.1778564453125,-2.0659161764897016,-1.3752590707674657,1.9140418742566068,1.3928418038199004,3.9294791875332606,4.064913796599916,-4.408802601430077,2.476643398382182,-0.6467219709474836,-1.802877739431711
49.0,6.0,1035.1778564453125,-2.0659161764897016,-1.3752590707674657,1.9140418742566068,1.3928418038199004,3.9294791875332606,4.064913796599916,-4.408802601430077,2.476643398382182,-0.6467219709474836,-1.802877739431711
49.0,6.0,1035.1778564453125,-2.0659161764897016,-1.3752590707674657,1.9140418742566068,1.3928418038199004,3.9294791875332606,4.064913796599916,-4.408802601430077,2.476643398382182,-0.6467219709474836,-1.802877739431711
49.0,6.0,1035.9029541015625,-2.5073577225845263,-4.576179225887755,-0.7809341336637156,-1.966280588828176,-1.0614056565687358,0.3520310986933637,-0.6450413637111803,-2.131306686015168,-2.786160807494756,-1.6131785942889867
49.0,6.0,1037.117919921875,-2.61022972922241,-2.6078735366441057,-1.2040449180060662,4.22897481989319,-1.0640664449506372,1.966594800995605,0.6993980079367592,-2.0100320941287366,-1.090187515095052,-3.4940294367238334
49.0,6.0,1037.117919921875,-2.61022972922241,-2.6078735366441057,-1.2040449180060662,4.22897481989319,-1.0640664449506372,1.966594800995605,0.6993980079367592,-2.0100320941287366,-1.090187515095052,-3.4940294367238334
49.0,6.0,1037.42919921875,-1.891285725510932,-2.139934444263967,2.9622714707954634,0.1874133527113148,-0.3518002656187452,2.3660088862492747,-2.480216603102024,1.180456089123107,-2.6800473535052136,3.1797147673769643
49.0,6.0,1037.5511474609375,-1.1161141725417016,-3.780762193291794,-2.1782835214184826,3.857067748121292,3.537596236964985,2.1210688552031853,-0.5838603524792667,-2.6337979351201946,-4.51990127181667,0.9348086811417984
49.0,6.0,1037.7479248046875,-1.90641512318456,0.8409212156138635,1.8761663410021456,1.622657180848274,-1.600066461208027,2.349375959593759,-4.572015322547963,2.529421317026664,-2.908465562035365,-4.00127040318827
49.0,6.0,1038.05126953125,-1.937039422018804,-1.7050262082019092,1.910450349530304,0.1948939879666655,-3.31163274618367,2.0794530326201817,-4.3823798420328295,1.6929995416665244,-2.7693603533735884,-3.29649783810214
49.0,6.0,1038.783935546875,-1.891285725510932,-2.139934444263967,4.122998639651088,0.1874133527113148,-0.2073040038716195,2.3660088862492747,-2.480216603102024,1.5962166823454689,-2.6800473535052136,3.1797147673769643
49.0,6.0,1038.8065185546875,-1.8426516226159813,-1.5603058370410792,-1.658791478401408,4.118114946910622,-0.7417795427042531,1.8362499233238228,0.4936172774520576,2.474197092249447,-3.447373441319672,-3.5334858001034606
49.0,6.0,1038.90185546875,-2.0659161764897016,0.2798208448551365,1.9140418742566068,1.663745628399544,-1.718693933341043,4.064913796599916,-4.479642119546661,2.52679013655205,-3.8690436837912894,-1.7514669011082975
49.0,6.0,1038.90185546875,-2.0659161764897016,0.2798208448551365,1.9140418742566068,1.663745628399544,-1.718693933341043,4.064913796599916,-4.479642119546661,2.52679013655205,-3.8690436837912894,-1.7514669011082975
49.0,6.0,1039.8133544921875,-2.61022972922241,-2.6078735366441057,-1.204966872845758,4.743420277859182,-1.2354249408158746,1.9823594054644007,0.6123918442101807,-2.0100320941287366,-0.7657265045999779,-3.5620935333981647
49.0,6.0,1040.2987060546875,-2.0474869101525304,0.3176389351151027,0.9704590454304984,4.771782999283037,-1.057452854388156,1.926528696138006,0.6932007796779449,3.0774592449935274,-1.09218575467983,1.3374112605874633
49.0,6.0,1040.3577880859375,-2.0659161764897016,-1.3752590707674657,1.9140418742566068,1.663745628399544,3.9294791875332606,4.064913796599916,-4.371274568179567,2.526587280813688,-0.6467219709474836,-1.7514669011082975
49.0,6.0,1040.395263671875,-2.65763148834844,-1.405012679882853,1.9140418742566068,1.663745628399544,-1.718693933341043,4.064913796599916,-4.478977144641529,2.4506486823892635,-4.177932881646939,-1.808894259174281
49.0,6.0,1040.5152587890625,-2.010265717410036,-3.755353154568947,-1.2988853305298271,4.028427380223103,-1.026029119973651,-0.1254745448393356,-0.5295838783562044,-2.0087950481114296,-2.611798118832415,1.2046976375863263
49.0,6.0,1040.717041015625,-2.533747507004584,-4.646783162819148,-1.0347652387742723,-1.966280588828176,-1.0556020101344252,0.292174441785636,-0.6398267846814268,-2.131306686015168,-2.786160807494756,1.1473755398486345
49.0,6.0,1040.717041015625,-2.533747507004584,-4.646783162819148,-1.0347652387742723,-1.966280588828176,-1.0556020101344252,0.292174441785636,-0.6398267846814268,-2.131306686015168,-2.786160807494756,1.1473755398486345
49.0,6.0,1040.876953125,-1.891285725510932,-1.7881695822485737,2.9622714707954634,0.1874133527113148,2.9897650642836133,3.494818603224407,-2.480216603102024,2.496941027741148,-3.2290220927754025,0.9520607047810924
49.0,6.0,1040.8927001953125,-2.61022972922241,-2.6078735366441057,-1.204966872845758,4.743420277859182,-1.057452854388156,1.966594800995605,0.6993980079367592,-2.0100320941287366,-1.090187515095052,-3.4940294367238334
49.0,6.0,1040.8927001953125,-2.61022972922241,-2.6078735366441057,-1.204966872845758,4.743420277859182,-1.0573753427537422,1.966594800995605,0.6993980079367592,-2.0100320941287366,-1.090187515095052,-3.4940294367238334
49.0,6.0,1040.8927001953125,-2.61022972922241,-2.6078735366441057,-1.204966872845758,4.743420277859182,-1.0573753427537422,1.966594800995605,0.6993980079367592,-2.0100320941287366,-1.090187515095052,-3.4940294367238334
49.0,6.0,1040.9290771484375,-2.747257872030644,-4.775780595113307,-0.6147170940657132,1.6174728565345606,-0.9597241585214712,-0.0024218359042365,1.0915252152317745,2.2974936088608406,-2.834948616158258,4.210374479412723
49.0,6.0,1041.04443359375,-3.604703400607725,-1.6999689938837224,1.8927535244296387,1.622657180848274,-3.330543791121545,1.348358953128843,-4.583120596401249,2.529421317026664,-2.908465562035365,-3.281350522598055
49.0,6.0,1041.04443359375,-3.604703400607725,-1.6999689938837224,1.8927535244296387,1.622657180848274,-3.330543791121545,1.348358953128843,-4.583120596401249,2.529421317026664,-2.908465562035365,-3.281350522598055
49.0,6.0,1041.44677734375,-1.1161141725417016,-4.042292851476013,-2.1782835214184826,3.857067748121292,3.537596236964985,-1.5440830085371755,-0.5838603524792667,-2.6337979351201946,-4.51990127181667,1.108574176798857
49.0,6.0,1041.4468994140625,-2.061915307467789,-2.6078735366441057,1.910567490374256,4.2124819377910665,-0.7614088099888734,4.121393626032576,0.6993980079367592,-2.0100320941287366,-1.1838960603790782,-3.4940294367238334
49.0,6.0,1042.1492919921875,-3.743987996399586,-1.3823213586003766,1.8927535244296387,1.622657180848274,-1.600066461208027,1.348358953128843,-4.572015322547963,2.529421317026664,-2.908465562035365,-3.281350522598055
49.0,6.0,1042.3721923828125,-2.0185526072180293,-3.802666106543517,-1.1503514953409013,4.052597384627003,-1.0556020101344252,-0.1242375952826848,0.0866271617260807,-1.9529398100543325,-2.687801873049016,1.2176580536707764
49.0,6.0,1042.49365234375,-1.9136126251894965,-3.9283673052987593,2.2417693499664866,0.1980805954308288,-0.3467883434894356,2.3660088862492747,-2.263311002043973,1.180456089123107,-3.303518150346327,1.068421484873282
49.0,6.0,1042.546630859375,-1.1161141725417016,-4.653793841975444,-2.1249334912986853,3.857067748121292,3.537596236964985,0.3887791848688586,-0.5838603524792667,-2.62427074344823,-4.51990127181667,0.9348086811417984
49.0,6.0,1042.809326171875,-1.1161141725417016,-4.042292851476013,-2.1782835214184826,3.857067748121292,3.537596236964985,-3.139205944067006,-0.5838603524792667,-2.6337979351201946,-4.51990127181667,1.108574176798857
49.0,6.0,1042.8353271484375,-1.9000557534989733,-4.253953793433729,-0.8487382464678257,0.194628098430887,-3.2052460526681035,0.8008105138709535,-0.8923054335906768,-2.597880999505522,-2.7663943544462937,-3.5447261141782542
49.0,7.0,1021.5036010742188,-0.5969250643960036,-2.615394101285729,-1.206892176113302,4.1114465290773685,4.035434947907504,1.97781742798478,-0.6295945132390524,2.507592262285264,-3.8675869487188255,1.3066622693555672
49.0,7.0,1021.8432006835938,-2.534372501627604,-2.6078735366441057,1.5570993026429472,4.255188974825368,-0.9656821840919888,1.9990797863460488,0.6993980079367592,1.7200713495316555,-2.643586922716824,-4.472537415488217
49.0,7.0,1024.17626953125,-2.0659161764897016,0.2798208448551365,1.8854921037063044,1.663745628399544,-1.0408161242035647,4.022169184576319,-0.8499076408404236,2.52679013655205,-3.8690436837912894,-1.7514669011082975
49.0,7.0,1024.5645751953125,-2.61022972922241,-2.6078735366441057,-1.204966872845758,4.743420277859182,-1.2354249408158746,1.982022141504518,0.6829754445780797,2.460413781468405,-0.7555187873784157,-3.495042603322303
49.0,7.0,1026.491455078125,-2.191462313335056,-1.7102732953490325,2.297045071843414,4.119963966051863,4.494348649904575,4.089128281885569,-0.6295945132390524,2.529447472148444,-2.883066584789952,1.0178101489466234
49.0,7.0,1028.11181640625,-1.6988744569339085,-0.8270139724315648,-1.658791478401408,4.118114946910622,-0.7417795427042531,1.8362499233238228,0.4936172774520576,2.474197092249447,-3.447373441319672,-3.5334858001034606
49.0,7.0,1028.4925537109375,-0.5969250643960036,-1.7102732953490325,-1.206892176113302,3.9790700830083248,3.836561908530757,4.089128281885569,-0.6295945132390524,2.529447472148444,-3.8675869487188255,1.0178563784607753
49.0,7.0,1028.673583984375,-1.891285725510932,-2.1185163965170304,1.970864931165205,1.4069237194463575,-0.3518002656187452,2.403442022736258,-2.5067670562773365,1.1743671370132307,-2.6800473535052136,3.1797147673769643
49.0,7.0,1029.2225341796875,-1.9531413773549595,0.2798208448551365,1.9440893965517176,1.663745628399544,-0.8908691742816426,4.064913796599916,0.6632562862163565,2.52679013655205,-3.4737318835829094,-1.5943473300260118
49.0,7.0,1030.120849609375,-2.191462313335056,-1.7102732953490325,1.9140418742566068,3.9790700830083248,3.836561908530757,4.089128281885569,-0.6295945132390524,2.529447472148444,-2.864495116354524,1.0178101489466234
49.0,7.0,1030.2530517578125,-1.891285725510932,-2.3717649134625844,2.2417693499664866,0.1874133527113148,-0.3467883434894356,2.3660088862492747,-2.263311002043973,1.180456089123107,-3.303518150346327,3.1797147673769643
49.0,7.0,1030.449462890625,-2.534372501627604,-1.327904803098088,1.5570993026429472,4.255188974825368,-0.9656821840919888,4.162594062005084,0.784782597400604,1.7200713495316555,-0.8373103031456471,-1.8265451900707028
49.0,7.0,1031.1761474609375,-1.9018015036912967,-4.597617503999011,-0.8944920603719052,0.194628098430887,-3.2052460526681035,0.7607444090133608,-0.8823384877886168,-2.131306686015168,-2.768392594056356,1.2866593775366124
49.0,7.0,1031.426025390625,-1.891285725510932,-2.371138280098049,2.9622714707954634,0.1874133527113148,-0.351724870399521,3.494818603224407,-2.480216603102024,1.028396709561334,-3.2290220927754025,3.1797147673769643
49.0,7.0,1031.813232421875,-1.8457133689543463,-1.2339325942437878,1.1342627357081392,4.771782999283037,-1.1888286634143967,1.966594800995605,0.6832338338758819,2.522551192321748,-1.0733709103789104,-3.56645590635386
49.0,7.0,1032.3828125,-2.067286447576971,-4.037214859861663,-1.1825268858042957,-1.0221228013372172,-1.868197443889964,-0.126206663838682,-4.382324087758623,-2.014645484102959,-3.844487341228049,1.0417693569080493
49.0,7.0,1032.6461181640625,-2.534372501627604,-2.6078735366441057,-1.0325716705151131,4.22897481989319,-0.7614088099888734,1.9990797863460488,0.6993980079367592,-2.0100320941287366,-1.1838960603790782,-3.4940294367238334
49.0,7.0,1032.81103515625,-1.7145507919917653,-4.597617503999011,-0.9297291591703458,4.07597980840641,-0.8901340974276499,1.8174752735841544,-0.8823384877886168,2.629096879667025,-2.759025609785658,1.1467137252236277
49.0,7.0,1033.5301513671875,-1.8457133689543463,0.4957150035116213,1.0162128593346131,4.771782999283037,-1.057452854388156,1.966594800995605,0.6832338338758819,2.610919329266385,-1.090187515095052,-3.4940294367238334
49.0,7.0,1034.0152587890625,-1.8317950685645683,-1.5199627708893493,1.8927535244296387,-0.2961170430330424,-1.5552899674011598,1.348358953128843,-4.572015322547963,2.999362872497652,-2.908465562035365,-2.304942130008326
49.0,7.0,1034.5684814453125,-2.61022972922241,-2.6078735366441057,2.0979653428703164,4.771189851227053,-1.2354249408158746,1.9823594054644007,0.6123918442101807,0.6545705097246328,-0.7657265045999779,-1.7311011374387282
49.0,7.0,1034.690185546875,-1.979531161775016,0.218263457138879,2.3072032954309463,1.7001820885807102,-0.8850655278473321,4.004966129164079,0.6684708652461098,2.52679013655205,-3.4737318835829094,1.1662068042158038
49.0,7.0,1035.1778564453125,-2.0659161764897016,-1.3752590707674657,1.9140418742566068,1.3928418038199004,3.9294791875332606,4.064913796599916,-4.408802601430077,2.476643398382182,-0.6467219709474836,-1.802877739431711
49.0,7.0,1035.1778564453125,-2.0659161764897016,-1.3752590707674657,1.9140418742566068,1.3928418038199004,3.9294791875332606,4.064913796599916,-4.408802601430077,2.476643398382182,-0.6467219709474836,-1.802877739431711
49.0,7.0,1035.1778564453125,-2.0659161764897016,-1.3752590707674657,1.9140418742566068,1.3928418038199004,3.9294791875332606,4.064913796599916,-4.408802601430077,2.476643398382182,-0.6467219709474836,-1.802877739431711
49.0,7.0,1035.1778564453125,-2.0659161764897016,-1.3752590707674657,1.9140418742566068,1.3928418038199004,3.9294791875332606,4.064913796599916,-4.408802601430077,2.476643398382182,-0.6467219709474836,-1.802877739431711
49.0,7.0,1035.9029541015625,-2.5073577225845263,-4.576179225887755,-0.7809341336637156,-1.966280588828176,-1.0614056565687358,0.3520310986933637,-0.6450413637111803,-2.131306686015168,-2.786160807494756,-1.6131785942889867
49.0,7.0,1036.4195556640625,-2.057262950073923,-1.7356931660356945,1.9140418742566068,1.663745628399544,-3.295245240703526,2.0514902887279063,-4.479642119546661,2.52679013655205,-3.7412514873997855,-3.518690916252245
49.0,7.0,1037.117919921875,-2.61022972922241,-2.6078735366441057,-1.2040449180060662,4.22897481989319,-1.0640664449506372,1.966594800995605,0.6993980079367592,-2.0100320941287366,-1.090187515095052,-3.4940294367238334
49.0,7.0,1037.117919921875,-2.61022972922241,-2.6078735366441057,-1.2040449180060662,4.22897481989319,-1.0640664449506372,1.966594800995605,0.6993980079367592,-2.0100320941287366,-1.090187515095052,-3.4940294367238334
49.0,7.0,1037.117919921875,-2.61022972922241,-2.6078735366441057,-1.2040449180060662,4.22897481989319,-1.0640664449506372,1.966594800995605,0.6993980079367592,-2.0100320941287366,-1.090187515095052,-3.4940294367238334
49.0,7.0,1037.117919921875,-2.61022972922241,-2.6078735366441057,-1.2040449180060662,4.22897481989319,-1.0640664449506372,1.966594800995605,0.6993980079367592,-2.0100320941287366,-1.090187515095052,-3.4940294367238334
49.0,7.0,1037.42919921875,-1.891285725510932,-2.139934444263967,2.9622714707954634,0.1874133527113148,-0.3518002656187452,2.3660088862492747,-2.480216603102024,1.180456089123107,-2.6800473535052136,3.1797147673769643
49.0,7.0,1037.42919921875,-1.891285725510932,-2.139934444263967,2.9622714707954634,0.1874133527113148,-0.3518002656187452,2.3660088862492747,-2.480216603102024,1.180456089123107,-2.6800473535052136,3.1797147673769643
49.0,7.0,1037.5511474609375,-1.1161141725417016,-3.780762193291794,-2.1782835214184826,3.857067748121292,3.537596236964985,2.1210688552031853,-0.5838603524792667,-2.6337979351201946,-4.51990127181667,0.9348086811417984
49.0,7.0,1037.6142578125,-1.9873748001662384,0.2123692590698969,2.306109303213417,0.2803369579477397,-0.8850655278473321,4.004966129164079,-2.1136803611192665,2.5373185063110424,-3.3040357584540496,1.1662068042158038
49.0,7.0,1037.7479248046875,-1.90641512318456,0.8409212156138635,1.8761663410021456,1.622657180848274,-1.600066461208027,2.349375959593759,-4.572015322547963,2.529421317026664,-2.908465562035365,-4.00127040318827
49.0,7.0,1037.7535400390625,-1.891285725510932,-3.0497413357786924,-1.649954116181612,0.1874133527113148,-0.7407442202835809,1.838133098639932,-2.480216603102024,0.9687005258142364,-3.2290220927754025,-3.301296022364917
49.0,7.0,1038.05126953125,-1.937039422018804,-1.7050262082019092,1.910450349530304,0.1948939879666655,-3.31163274618367,2.0794530326201817,-4.3823798420328295,1.6929995416665244,-2.7693603533735884,-3.29649783810214
49.0,7.0,1038.783935546875,-1.891285725510932,-2.139934444263967,4.122998639651088,0.1874133527113148,-0.2073040038716195,2.3660088862492747,-2.480216603102024,1.5962166823454689,-2.6800473535052136,3.1797147673769643
49.0,7.0,1038.8065185546875,-1.8426516226159813,-1.5603058370410792,-1.658791478401408,4.118114946910622,-0.7417795427042531,1.8362499233238228,0.4936172774520576,2.474197092249447,-3.447373441319672,-3.5334858001034606
49.0,7.0,1038.90185546875,-2.0659161764897016,0.2798208448551365,1.9140418742566068,1.663745628399544,-1.718693933341043,4.064913796599916,-4.479642119546661,2.52679013655205,-3.8690436837912894,-1.7514669011082975
49.0,7.0,1038.90185546875,-2.0659161764897016,0.2798208448551365,1.9140418742566068,1.663745628399544,-1.718693933341043,4.064913796599916,-4.479642119546661,2.52679013655205,-3.8690436837912894,-1.7514669011082975
49.0,7.0,1039.8133544921875,-2.61022972922241,-2.6078735366441057,-1.204966872845758,4.743420277859182,-1.2354249408158746,1.9823594054644007,0.6123918442101807,-2.0100320941287366,-0.7657265045999779,-3.5620935333981647
49.0,7.0,1040.2987060546875,-2.0474869101525304,0.3176389351151027,0.9704590454304984,4.771782999283037,-1.057452854388156,1.926528696138006,0.6932007796779449,3.0774592449935274,-1.09218575467983,1.3374112605874633
49.0,7.0,1040.3577880859375,-2.0659161764897016,-1.3752590707674657,1.9140418742566068,1.663745628399544,3.9294791875332606,4.064913796599916,-4.371274568179567,2.526587280813688,-0.6467219709474836,-1.7514669011082975
49.0,7.0,1040.395263671875,-2.65763148834844,-1.405012679882853,1.9140418742566068,1.663745628399544,-1.718693933341043,4.064913796599916,-4.478977144641529,2.4506486823892635,-4.177932881646939,-1.808894259174281
49.0,7.0,1040.5152587890625,-2.010265717410036,-3.755353154568947,-1.2988853305298271,4.028427380223103,-1.026029119973651,-0.1254745448393356,-0.5295838783562044,-2.0087950481114296,-2.611798118832415,1.2046976375863263
49.0,7.0,1040.717041015625,-2.533747507004584,-4.646783162819148,-1.0347652387742723,-1.966280588828176,-1.0556020101344252,0.292174441785636,-0.6398267846814268,-2.131306686015168,-2.786160807494756,1.1473755398486345
49.0,7.0,1040.717041015625,-2.533747507004584,-4.646783162819148,-1.0347652387742723,-1.966280588828176,-1.0556020101344252,0.292174441785636,-0.6398267846814268,-2.131306686015168,-2.786160807494756,1.1473755398486345
49.0,8.0,1019.455810546875,-2.5375143035430736,-2.6078735366441057,1.5377915390459918,4.255188974825368,-0.9662465039987966,1.9200340224375303,0.5862662096946682,1.7200713495316555,-2.643586922716824,-4.472537415488217
49.0,8.0,1021.4276123046876,-2.506602372061767,-3.0497413357786924,-1.649954116181612,4.034753383678578,-0.7407442202835809,2.051642086680517,0.3573110480136459,0.9687005258142364,-2.926586759112303,-1.7566664566485353
49.0,8.0,1021.5036010742188,-0.5969250643960036,-2.615394101285729,-1.206892176113302,4.1114465290773685,4.035434947907504,1.97781742798478,-0.6295945132390524,2.507592262285264,-3.8675869487188255,1.3066622693555672
49.0,8.0,1021.8432006835938,-2.534372501627604,-2.6078735366441057,1.5570993026429472,4.255188974825368,-0.9656821840919888,1.9990797863460488,0.6993980079367592,1.7200713495316555,-2.643586922716824,-4.472537415488217
49.0,8.0,1024.17626953125,-2.0659161764897016,0.2798208448551365,1.8854921037063044,1.663745628399544,-1.0408161242035647,4.022169184576319,-0.8499076408404236,2.52679013655205,-3.8690436837912894,-1.7514669011082975
49.0,8.0,1024.5645751953125,-2.61022972922241,-2.6078735366441057,-1.204966872845758,4.743420277859182,-1.2354249408158746,1.982022141504518,0.6829754445780797,2.460413781468405,-0.7555187873784157,-3.495042603322303
49.0,8.0,1024.5645751953125,-2.61022972922241,-2.6078735366441057,-1.204966872845758,4.743420277859182,-1.2354249408158746,1.982022141504518,0.6829754445780797,2.460413781468405,-0.7555187873784157,-3.495042603322303
49.0,8.0,1026.491455078125,-2.191462313335056,-1.7102732953490325,2.297045071843414,4.119963966051863,4.494348649904575,4.089128281885569,-0.6295945132390524,2.529447472148444,-2.883066584789952,1.0178101489466234
49.0,8.0,1027.18798828125,-0.5969250643960036,-1.3673802850011714,-1.1944490002947707,3.9790700830083248,3.8358526104688377,4.064863345355579,-0.6295945132390524,2.529447472148444,-3.8675869487188255,1.0178563784607753
49.0,8.0,1027.5548095703125,-2.609433078083763,-2.6947972973908465,-1.2804287415006446,4.2283425014012295,-0.9656821840919888,1.9990797863460488,0.6993980079367592,1.7200713495316555,-2.537728411230051,-4.472537415488217
49.0,8.0,1028.0279541015625,-1.7145507919917653,-4.597617503999011,-0.9297291591703458,4.07597980840641,-0.8901340974276499,2.391768656221252,-0.891859594730132,2.629096879667025,-2.759025609785658,1.1467137252236277
49.0,8.0,1028.11181640625,-1.6988744569339085,-0.8270139724315648,-1.658791478401408,4.118114946910622,-0.7417795427042531,1.8362499233238228,0.4936172774520576,2.474197092249447,-3.447373441319672,-3.5334858001034606
49.0,8.0,1028.4925537109375,-0.5969250643960036,-1.7102732953490325,-1.206892176113302,3.9790700830083248,3.836561908530757,4.089128281885569,-0.6295945132390524,2.529447472148444,-3.8675869487188255,1.0178563784607753
49.0,8.0,1028.673583984375,-1.891285725510932,-2.1185163965170304,1.970864931165205,1.4069237194463575,-0.3518002656187452,2.403442022736258,-2.5067670562773365,1.1743671370132307,-2.6800473535052136,3.1797147673769643
49.0,8.0,1028.783447265625,-2.61022972922241,-1.7453696164281625,-1.204966872845758,3.516316548568501,-1.3040385199812723,1.982022141504518,1.0549644426555764,2.460413781468405,-1.3666207467155105,-3.495042603322303
49.0,8.0,1029.2225341796875,-1.9531413773549595,0.2798208448551365,1.9440893965517176,1.663745628399544,-0.8908691742816426,4.064913796599916,0.6632562862163565,2.52679013655205,-3.4737318835829094,-1.5943473300260118
49.0,8.0,1029.6541748046875,-1.8457133689543463,-1.20197662712109,1.0939300687982558,4.771782999283037,-0.954422184780102,1.97117819609416,0.6832338338758819,2.522551192321748,-1.0733709103789104,-3.572639305335901
49.0,8.0,1030.120849609375,-2.191462313335056,-1.7102732953490325,1.9140418742566068,3.9790700830083248,3.836561908530757,4.089128281885569,-0.6295945132390524,2.529447472148444,-2.864495116354524,1.0178101489466234
49.0,8.0,1030.183349609375,-2.0659161764897016,0.2798208448551365,1.8854921037063044,1.3916985189319195,-1.0408161242035647,4.022669213954619,-0.8499076408404236,2.4762969544294333,-3.8690436837912894,-1.7514669011082975
49.0,8.0,1030.2530517578125,-1.891285725510932,-2.3717649134625844,2.2417693499664866,0.1874133527113148,-0.3467883434894356,2.3660088862492747,-2.263311002043973,1.180456089123107,-3.303518150346327,3.1797147673769643
49.0,8.0,1030.449462890625,-2.534372501627604,-1.327904803098088,1.5570993026429472,4.255188974825368,-0.9656821840919888,4.162594062005084,0.784782597400604,1.7200713495316555,-0.8373103031456471,-1.8265451900707028
49.0,8.0,1030.7220458984375,-1.9531413773549595,0.2478648777324468,1.984422063461601,1.663745628399544,-0.8907793861197868,4.06032918326656,0.6632562862163565,2.52679013655205,-3.4737318835829094,-1.588163909321423
49.0,8.0,1031.02685546875,-2.534372501627604,-2.606434402857856,-1.0325716705151131,1.2789755436230434,-0.7046885049448732,1.9976645783315667,1.2875014060179315,-2.0523774786544635,-2.548347526413321,-3.584858800327187
49.0,8.0,1031.1761474609375,-1.9018015036912967,-4.597617503999011,-0.8944920603719052,0.194628098430887,-3.2052460526681035,0.7607444090133608,-0.8823384877886168,-2.131306686015168,-2.768392594056356,1.2866593775366124
49.0,8.0,1031.1761474609375,-1.9018015036912967,-4.597617503999011,-0.8944920603719052,0.194628098430887,-3.2052460526681035,0.7607444090133608,-0.8823384877886168,-2.131306686015168,-2.768392594056356,1.2866593775366124
49.0,8.0,1031.2498779296875,-1.863336584418633,-1.7102732953490325,2.262724303918223,4.119963966051863,3.699792117986784,4.089128281885569,-0.6295945132390524,2.264931558102913,-2.882985592826895,1.041691087567245
49.0,8.0,1031.426025390625,-1.891285725510932,-2.371138280098049,2.9622714707954634,0.1874133527113148,-0.351724870399521,3.494818603224407,-2.480216603102024,1.028396709561334,-3.2290220927754025,3.1797147673769643
49.0,8.0,1031.672607421875,-1.6988744569339085,-3.641561868511536,-2.178097308505691,3.8610821843645264,-0.8381155154107764,1.8362499233238228,0.4936172774520576,2.474197092249447,-4.479454935554369,-3.5334858001034606
49.0,8.0,1031.813232421875,-1.8457133689543463,-1.2339325942437878,1.1342627357081392,4.771782999283037,-1.1888286634143967,1.966594800995605,0.6832338338758819,2.522551192321748,-1.0733709103789104,-3.56645590635386
49.0,8.0,1032.3248291015625,-1.979531161775016,0.218263457138879,2.3072032954309463,1.8637369114295208,-0.8850655278473321,3.9501513333347824,0.6684708652461098,2.52679013655205,-3.4737318835829094,1.1662068042158038
49.0,8.0,1032.3828125,-2.067286447576971,-4.037214859861663,-1.1825268858042957,-1.0221228013372172,-1.868197443889964,-0.126206663838682,-4.382324087758623,-2.014645484102959,-3.844487341228049,1.0417693569080493
49.0,8.0,1032.6461181640625,-2.534372501627604,-2.6078735366441057,-1.0325716705151131,4.22897481989319,-0.7614088099888734,1.9990797863460488,0.6993980079367592,-2.0100320941287366,-1.1838960603790782,-3.4940294367238334
49.0,8.0,1032.81103515625,-1.7145507919917653,-4.597617503999011,-0.9297291591703458,4.07597980840641,-0.8901340974276499,1.8174752735841544,-0.8823384877886168,2.629096879667025,-2.759025609785658,1.1467137252236277
49.0,8.0,1033.0155029296875,-1.8570848726447489,0.4957150035116213,1.0162128593346131,3.971472674891491,-1.0604210745454177,1.966594800995605,0.6832338338758819,2.527408594621825,-1.090187515095052,-3.4940294367238334
49.0,8.0,1033.405029296875,-2.0659161764897016,2.214654960699437,1.8854921037063044,1.663745628399544,-1.0241044164773234,4.022169184576319,-0.8455054969634191,2.52679013655205,-3.479377111703497,-1.5964997190718642
49.0,8.0,1033.5301513671875,-1.8457133689543463,0.4957150035116213,1.0162128593346131,4.771782999283037,-1.057452854388156,1.966594800995605,0.6832338338758819,2.610919329266385,-1.090187515095052,-3.4940294367238334
49.0,8.0,1034.0152587890625,-1.8317950685645683,-1.5199627708893493,1.8927535244296387,-0.2961170430330424,-1.5552899674011598,1.348358953128843,-4.572015322547963,2.999362872497652,-2.908465562035365,-2.304942130008326
49.0,8.0,1034.2388916015625,-2.0659161764897016,-2.399607830718649,1.9140418742566068,1.3928418038199004,-0.4799503986400817,2.3302288036487058,-4.473389143504608,2.476643398382182,-3.451696029136452,-1.802877739431711
49.0,8.0,1034.5684814453125,-2.61022972922241,-2.6078735366441057,2.0979653428703164,4.771189851227053,-1.2354249408158746,1.9823594054644007,0.6123918442101807,0.6545705097246328,-0.7657265045999779,-1.7311011374387282
49.0,8.0,1034.5794677734375,-0.5855535607055907,-1.7102732953490325,-1.206892176113302,4.779365477030653,3.808566237209149,4.089128281885569,-0.6295945132390524,2.6129582067930026,-3.8675869487188255,1.0178563784607753
49.0,8.0,1034.690185546875,-1.979531161775016,0.218263457138879,2.3072032954309463,1.7001820885807102,-0.8850655278473321,4.004966129164079,0.6684708652461098,2.52679013655205,-3.4737318835829094,1.1662068042158038
49.0,8.0,1035.1778564453125,-2.0659161764897016,-1.3752590707674657,1.9140418742566068,1.3928418038199004,3.9294791875332606,4.064913796599916,-4.408802601430077,2.476643398382182,-0.6467219709474836,-1.802877739431711
49.0,8.0,1035.1778564453125,-2.0659161764897016,-1.3752590707674657,1.9140418742566068,1.3928418038199004,3.9294791875332606,4.064913796599916,-4.408802601430077,2.476643398382182,-0.6467219709474836,-1.802877739431711
49.0,8.0,1035.1778564453125,-2.0659161764897016,-1.3752590707674657,1.9140418742566068,1.3928418038199004,3.9294791875332606,4.064913796599916,-4.408802601430077,2.476643398382182,-0.6467219709474836,-1.802877739431711
49.0,8.0,1035.1778564453125,-2.0659161764897016,-1.3752590707674657,1.9140418742566068,1.3928418038199004,3.9294791875332606,4.064913796599916,-4.408802601430077,2.476643398382182,-0.6467219709474836,-1.802877739431711
49.0,8.0,1035.4771728515625,-2.61022972922241,-2.313156058352587,2.0979653428703164,4.771189851227053,-0.7343217891487941,1.9823594054644007,0.6123918442101807,0.6545705097246328,-0.7657265045999779,-1.7311011374387282
49.0,8.0,1035.9029541015625,-2.5073577225845263,-4.576179225887755,-0.7809341336637156,-1.966280588828176,-1.0614056565687358,0.3520310986933637,-0.6450413637111803,-2.131306686015168,-2.786160807494756,-1.6131785942889867
49.0,8.0,1036.4195556640625,-2.057262950073923,-1.7356931660356945,1.9140418742566068,1.663745628399544,-3.295245240703526,2.0514902887279063,-4.479642119546661,2.52679013655205,-3.7412514873997855,-3.518690916252245
49.0,8.0,1037.117919921875,-2.61022972922241,-2.6078735366441057,-1.2040449180060662,4.22897481989319,-1.0640664449506372,1.966594800995605,0.6993980079367592,-2.0100320941287366,-1.090187515095052,-3.4940294367238334
49.0,8.0,1037.117919921875,-2.61022972922241,-2.6078735366441057,-1.2040449180060662,4.22897481989319,-1.0640664449506372,1.966594800995605,0.6993980079367592,-2.0100320941287366,-1.090187515095052,-3.4940294367238334
49.0,9.0,1019.3197021484376,-2.0265776829456787,-1.7453696164281625,1.2799786271070852,3.516316548568501,3.892947119158197,4.160062429210375,1.0549644426555764,2.476988458398365,-1.3666207467155105,-3.495042603322303
49.0,9.0,1019.455810546875,-2.5375143035430736,-2.6078735366441057,1.5377915390459918,4.255188974825368,-0.9662465039987966,1.9200340224375303,0.5862662096946682,1.7200713495316555,-2.643586922716824,-4.472537415488217
49.0,9.0,1019.4739990234376,-1.7673700506493255,-2.61636802688937,1.0939300687982558,4.740208594873525,-0.954422184780102,1.97117819609416,0.6829893810902882,2.522551192321748,-1.0805382207493996,-3.570275698423665
49.0,9.0,1020.539306640625,-2.632686528053191,-2.749065887885611,1.9561666975398064,4.679744954287845,-0.9656821840919888,4.000017146316695,0.8613974141380067,1.7200713495316555,-2.5720616232103817,-4.472537415488217
49.0,9.0,1021.4276123046876,-2.506602372061767,-3.0497413357786924,-1.649954116181612,4.034753383678578,-0.7407442202835809,2.051642086680517,0.3573110480136459,0.9687005258142364,-2.926586759112303,-1.7566664566485353
49.0,9.0,1021.5036010742188,-0.5969250643960036,-2.615394101285729,-1.206892176113302,4.1114465290773685,4.035434947907504,1.97781742798478,-0.6295945132390524,2.507592262285264,-3.8675869487188255,1.3066622693555672
49.0,9.0,1021.5677490234376,-1.5670333309919575,-1.7102732953490325,2.2961444624430114,4.291411368084713,3.699792117986784,4.089128281885569,-0.6295945132390524,2.264931558102913,-2.882985592826895,1.0415665808096124
49.0,9.0,1021.733642578125,-2.2521794930668744,-2.4137510477950403,-1.317601531867609,4.034753383678578,-1.2645605074875583,2.051642086680517,0.1951942727654638,0.9917872746434272,-2.926586759112303,-1.761192211787998
49.0,9.0,1021.8432006835938,-2.534372501627604,-2.6078735366441057,1.5570993026429472,4.255188974825368,-0.9656821840919888,1.9990797863460488,0.6993980079367592,1.7200713495316555,-2.643586922716824,-4.472537415488217
49.0,9.0,1023.9428100585938,-0.5969250643960036,-2.615394101285729,-1.206892176113302,4.1114465290773685,4.035434947907504,1.8409882974391587,-0.6295945132390524,2.507592262285264,-3.8675869487188255,1.3066622693555672
49.0,9.0,1023.9625854492188,-2.506602372061767,-2.7899289664009403,1.0596584582143478,4.041723406495506,-0.7407442202835809,1.968943031534074,0.3573110480136459,0.9747451934103952,-2.926586759112303,-1.7566664566485353
49.0,9.0,1024.17626953125,-2.0659161764897016,0.2798208448551365,1.8854921037063044,1.663745628399544,-1.0408161242035647,4.022169184576319,-0.8499076408404236,2.52679013655205,-3.8690436837912894,-1.7514669011082975
49.0,9.0,1024.5303955078125,-2.0710704258682866,-2.399607830718649,1.8822943416718103,1.3928418038199004,-0.4799503986400817,3.471755289037663,-4.474676630262118,2.476643398382182,-3.451887591401227,-1.2218419088063803
49.0,9.0,1024.5645751953125,-2.61022972922241,-2.6078735366441057,-1.204966872845758,4.743420277859182,-1.2354249408158746,1.982022141504518,0.6829754445780797,2.460413781468405,-0.7555187873784157,-3.495042603322303
49.0,9.0,1024.5645751953125,-2.61022972922241,-2.6078735366441057,-1.204966872845758,4.743420277859182,-1.2354249408158746,1.982022141504518,0.6829754445780797,2.460413781468405,-0.7555187873784157,-3.495042603322303
49.0,9.0,1024.8572998046875,-2.5375143035430736,-2.6078735366441057,1.091146593305211,4.27112839132982,-0.9664757978916408,1.919621379358248,1.1878116225677018,1.7200713495316555,-2.6009616049787265,-4.472537415488217
49.0,9.0,1025.0135498046875,-2.0659161764897016,0.2798208448551365,1.8854921037063044,1.663745628399544,-1.0408161242035647,4.022169184576319,-0.8499076408404236,2.52679013655205,-3.8690436837912894,-1.729994918962259
49.0,9.0,1026.491455078125,-2.191462313335056,-1.7102732953490325,2.297045071843414,4.119963966051863,4.494348649904575,4.089128281885569,-0.6295945132390524,2.529447472148444,-2.883066584789952,1.0178101489466234
49.0,9.0,1027.18798828125,-0.5969250643960036,-1.3673802850011714,-1.1944490002947707,3.9790700830083248,3.8358526104688377,4.064863345355579,-0.6295945132390524,2.529447472148444,-3.8675869487188255,1.0178563784607753
49.0,9.0,1027.5548095703125,-2.609433078083763,-2.6947972973908465,-1.2804287415006446,4.2283425014012295,-0.9656821840919888,1.9990797863460488,0.6993980079367592,1.7200713495316555,-2.537728411230051,-4.472537415488217
49.0,9.0,1028.0067138671875,-1.9018015036912967,-2.73246144072143,-0.8944920603719052,4.315178002528814,-0.9662619292480958,1.970066693395201,-0.8823384877886168,1.7277944421006612,-2.768392594056356,1.365395791485317
49.0,9.0,1028.0279541015625,-1.7145507919917653,-4.597617503999011,-0.9297291591703458,4.07597980840641,-0.8901340974276499,2.391768656221252,-0.891859594730132,2.629096879667025,-2.759025609785658,1.1467137252236277
49.0,9.0,1028.11181640625,-1.6988744569339085,-0.8270139724315648,-1.658791478401408,4.118114946910622,-0.7417795427042531,1.8362499233238228,0.4936172774520576,2.474197092249447,-3.447373441319672,-3.5334858001034606
49.0,9.0,1028.33935546875,-2.2007826215580923,-1.7102732953490325,1.738759152318921,4.725913587698591,3.836561908530757,4.079240122996504,-0.6295945132390524,2.532011894784898,-0.6492609576720854,0.975045571522102
49.0,9.0,1028.4925537109375,-0.5969250643960036,-1.7102732953490325,-1.206892176113302,3.9790700830083248,3.836561908530757,4.089128281885569,-0.6295945132390524,2.529447472148444,-3.8675869487188255,1.0178563784607753
49.0,9.0,1028.671142578125,-2.1848022029363405,-1.7102732953490325,2.297045071843414,4.804301564309608,4.472101964447772,4.089128281885569,-0.6295945132390524,2.525230156837476,-2.883066584789952,1.0178101489466234
49.0,9.0,1028.673583984375,-1.891285725510932,-2.1185163965170304,1.970864931165205,1.4069237194463575,-0.3518002656187452,2.403442022736258,-2.5067670562773365,1.1743671370132307,-2.6800473535052136,3.1797147673769643
49.0,9.0,1028.783447265625,-2.61022972922241,-1.7453696164281625,-1.204966872845758,3.516316548568501,-1.3040385199812723,1.982022141504518,1.0549644426555764,2.460413781468405,-1.3666207467155105,-3.495042603322303
49.0,9.0,1028.8873291015625,-1.867094703244852,-2.6078735366441057,1.631063678864371,4.255188974825368,-0.9248885334435496,2.0141998362091265,0.6481795367859939,1.7200713495316555,-2.616985447294702,-4.472537415488217
49.0,9.0,1029.2225341796875,-1.9531413773549595,0.2798208448551365,1.9440893965517176,1.663745628399544,-0.8908691742816426,4.064913796599916,0.6632562862163565,2.52679013655205,-3.4737318835829094,-1.5943473300260118
49.0,9.0,1029.6387939453125,-2.191462313335056,-2.1759636097259056,2.2636249133186257,4.119963966051863,4.494348649904575,4.089128281885569,-0.6295945132390524,2.529447472148444,-2.883066584789952,1.0179346557042557
49.0,9.0,1029.6541748046875,-1.8457133689543463,-1.20197662712109,1.0939300687982558,4.771782999283037,-0.954422184780102,1.97117819609416,0.6832338338758819,2.522551192321748,-1.0733709103789104,-3.572639305335901
49.0,9.0,1030.120849609375,-2.191462313335056,-1.7102732953490325,1.9140418742566068,3.9790700830083248,3.836561908530757,4.089128281885569,-0.6295945132390524,2.529447472148444,-2.864495116354524,1.0178101489466234
49.0,9.0,1030.151123046875,-2.1849832015857795,-1.70043732052241,1.9140418742566068,1.361020480709405,-1.0439126231285638,4.089128281885569,-0.6295945132390524,2.4749599856544755,-3.8054394276817183,1.0178101489466234
49.0,9.0,1030.183349609375,-2.0659161764897016,0.2798208448551365,1.8854921037063044,1.3916985189319195,-1.0408161242035647,4.022669213954619,-0.8499076408404236,2.4762969544294333,-3.8690436837912894,-1.7514669011082975
49.0,9.0,1030.2530517578125,-1.891285725510932,-2.3717649134625844,2.2417693499664866,0.1874133527113148,-0.3467883434894356,2.3660088862492747,-2.263311002043973,1.180456089123107,-3.303518150346327,3.1797147673769643
49.0,9.0,1030.449462890625,-2.534372501627604,-1.327904803098088,1.5570993026429472,4.255188974825368,-0.9656821840919888,4.162594062005084,0.784782597400604,1.7200713495316555,-0.8373103031456471,-1.8265451900707028
49.0,9.0,1030.5296630859375,-0.5969250643960036,-1.2987431993844627,-1.1944490002947707,4.289174488384594,3.8258693514576776,4.064863345355579,-0.6295945132390524,0.6474980661693996,-4.4450551188270815,1.0178563784607753
49.0,9.0,1030.7220458984375,-1.9531413773549595,0.2478648777324468,1.984422063461601,1.663745628399544,-0.8907793861197868,4.06032918326656,0.6632562862163565,2.52679013655205,-3.4737318835829094,-1.588163909321423
49.0,9.0,1030.971923828125,-2.616889839621125,-2.313156058352587,1.436253021736596,4.086833336015173,-0.7343217891487941,1.9823594054644007,0.6123918442101807,0.6587878250042722,-0.7657265045999779,-1.7311011374387282
49.0,9.0,1031.02685546875,-2.534372501627604,-2.606434402857856,-1.0325716705151131,1.2789755436230434,-0.7046885049448732,1.9976645783315667,1.2875014060179315,-2.0523774786544635,-2.548347526413321,-3.584858800327187
49.0,9.0,1031.1761474609375,-1.9018015036912967,-4.597617503999011,-0.8944920603719052,0.194628098430887,-3.2052460526681035,0.7607444090133608,-0.8823384877886168,-2.131306686015168,-2.768392594056356,1.2866593775366124
49.0,9.0,1031.1761474609375,-1.9018015036912967,-4.597617503999011,-0.8944920603719052,0.194628098430887,-3.2052460526681035,0.7607444090133608,-0.8823384877886168,-2.131306686015168,-2.768392594056356,1.2866593775366124
49.0,9.0,1031.2498779296875,-1.863336584418633,-1.7102732953490325,2.262724303918223,4.119963966051863,3.699792117986784,4.089128281885569,-0.6295945132390524,2.264931558102913,-2.882985592826895,1.041691087567245
49.0,9.0,1031.426025390625,-1.891285725510932,-2.371138280098049,2.9622714707954634,0.1874133527113148,-0.351724870399521,3.494818603224407,-2.480216603102024,1.028396709561334,-3.2290220927754025,3.1797147673769643
49.0,9.0,1031.672607421875,-1.6988744569339085,-3.641561868511536,-2.178097308505691,3.8610821843645264,-0.8381155154107764,1.8362499233238228,0.4936172774520576,2.474197092249447,-4.479454935554369,-3.5334858001034606
49.0,9.0,1031.813232421875,-1.8457133689543463,-1.2339325942437878,1.1342627357081392,4.771782999283037,-1.1888286634143967,1.966594800995605,0.6832338338758819,2.522551192321748,-1.0733709103789104,-3.56645590635386
49.0,9.0,1032.3248291015625,-1.979531161775016,0.218263457138879,2.3072032954309463,1.8637369114295208,-0.8850655278473321,3.9501513333347824,0.6684708652461098,2.52679013655205,-3.4737318835829094,1.1662068042158038
49.0,9.0,1032.3828125,-2.067286447576971,-4.037214859861663,-1.1825268858042957,-1.0221228013372172,-1.868197443889964,-0.126206663838682,-4.382324087758623,-2.014645484102959,-3.844487341228049,1.0417693569080493
49.0,9.0,1032.6083984375,-2.7559221004544647,-2.5448402103286347,-1.204966872845758,4.743420277859182,-1.2354249408158746,1.9379530051745848,0.6639137431031922,2.460413781468405,-3.284925663980056,-3.495042603322303
49.0,10.0,1017.4818725585938,-1.719919510215152,-2.8129482056322983,0.8880806892192751,4.041723406495506,-0.7407442202835809,1.968943031534074,0.3573110480136459,2.66669152557805,-2.926586759112303,-1.8447844693117
49.0,10.0,1018.0101928710938,-2.264930450885813,-3.0497413357786924,-1.649954116181612,4.034753383678578,-0.7407442202835809,2.051642086680517,0.3788819178251685,0.98391282784357,-2.926586759112303,-1.7566996881008563
49.0,10.0,1019.3197021484376,-2.0265776829456787,-1.7453696164281625,1.2799786271070852,3.516316548568501,3.892947119158197,4.160062429210375,1.0549644426555764,2.476988458398365,-1.3666207467155105,-3.495042603322303
49.0,10.0,1019.455810546875,-2.5375143035430736,-2.6078735366441057,1.5377915390459918,4.255188974825368,-0.9662465039987966,1.9200340224375303,0.5862662096946682,1.7200713495316555,-2.643586922716824,-4.472537415488217
49.0,10.0,1019.4739990234376,-1.7673700506493255,-2.61636802688937,1.0939300687982558,4.740208594873525,-0.954422184780102,1.97117819609416,0.6829893810902882,2.522551192321748,-1.0805382207493996,-3.570275698423665
49.0,10.0,1020.539306640625,-2.632686528053191,-2.749065887885611,1.9561666975398064,4.679744954287845,-0.9656821840919888,4.000017146316695,0.8613974141380067,1.7200713495316555,-2.5720616232103817,-4.472537415488217
49.0,10.0,1020.6844482421876,-2.4938514142428287,-2.056753363499742,-1.317601531867609,4.034753383678578,-1.2645605074875583,2.051642086680517,0.1736234029539411,0.9917872746434272,-2.98159672629452,-1.7611589803356769
49.0,10.0,1021.3998413085938,-1.5670333309919575,-1.6944834846190855,2.2961444624430114,4.31255980316269,3.699792117986784,4.085145369315077,-0.6295945132390524,2.302380034792616,-2.882985592826895,1.0415665808096124
49.0,10.0,1021.4276123046876,-2.506602372061767,-3.0497413357786924,-1.649954116181612,4.034753383678578,-0.7407442202835809,2.051642086680517,0.3573110480136459,0.9687005258142364,-2.926586759112303,-1.7566664566485353
49.0,10.0,1021.5036010742188,-0.5969250643960036,-2.615394101285729,-1.206892176113302,4.1114465290773685,4.035434947907504,1.97781742798478,-0.6295945132390524,2.507592262285264,-3.8675869487188255,1.3066622693555672
49.0,10.0,1021.5677490234376,-1.5670333309919575,-1.7102732953490325,2.2961444624430114,4.291411368084713,3.699792117986784,4.089128281885569,-0.6295945132390524,2.264931558102913,-2.882985592826895,1.0415665808096124
49.0,10.0,1021.733642578125,-2.2521794930668744,-2.4137510477950403,-1.317601531867609,4.034753383678578,-1.2645605074875583,2.051642086680517,0.1951942727654638,0.9917872746434272,-2.926586759112303,-1.761192211787998
49.0,10.0,1021.8432006835938,-2.534372501627604,-2.6078735366441057,1.5570993026429472,4.255188974825368,-0.9656821840919888,1.9990797863460488,0.6993980079367592,1.7200713495316555,-2.643586922716824,-4.472537415488217
49.0,10.0,1023.430908203125,-2.640931438061564,-1.7088659701833802,-0.6792836084163316,4.729416347448791,-1.1022916442134856,3.946127882322316,0.6829754445780797,2.252148643566221,-0.5070458340525814,-3.495042603322303
49.0,10.0,1023.9428100585938,-0.5969250643960036,-2.615394101285729,-1.206892176113302,4.1114465290773685,4.035434947907504,1.8409882974391587,-0.6295945132390524,2.507592262285264,-3.8675869487188255,1.3066622693555672
49.0,10.0,1023.955810546875,-0.5969250643960036,-2.615394101285729,-1.206892176113302,4.105513098155713,4.035434947907504,1.9516220825559425,-0.6295945132390524,2.507592262285264,-3.804328609452378,1.3066622693555672
49.0,10.0,1023.9625854492188,-2.506602372061767,-2.7899289664009403,1.0596584582143478,4.041723406495506,-0.7407442202835809,1.968943031534074,0.3573110480136459,0.9747451934103952,-2.926586759112303,-1.7566664566485353
49.0,10.0,1024.17626953125,-2.0659161764897016,0.2798208448551365,1.8854921037063044,1.663745628399544,-1.0408161242035647,4.022169184576319,-0.8499076408404236,2.52679013655205,-3.8690436837912894,-1.7514669011082975
49.0,10.0,1024.201171875,-2.5375143035430736,-2.6078735366441057,1.091146593305211,4.0732349127591965,-0.3216010648770099,1.919621379358248,1.177108095201089,0.6413278263723583,-2.597119759329111,-1.7573769924408549
49.0,10.0,1024.5303955078125,-2.0710704258682866,-2.399607830718649,1.8822943416718103,1.3928418038199004,-0.4799503986400817,3.471755289037663,-4.474676630262118,2.476643398382182,-3.451887591401227,-1.2218419088063803
49.0,10.0,1024.5645751953125,-2.61022972922241,-2.6078735366441057,-1.204966872845758,4.743420277859182,-1.2354249408158746,1.982022141504518,0.6829754445780797,2.460413781468405,-0.7555187873784157,-3.495042603322303
49.0,10.0,1024.5645751953125,-2.61022972922241,-2.6078735366441057,-1.204966872845758,4.743420277859182,-1.2354249408158746,1.982022141504518,0.6829754445780797,2.460413781468405,-0.7555187873784157,-3.495042603322303
49.0,10.0,1024.583251953125,-2.21577150837934,-2.6078735366441057,1.5377915390459918,4.255673556890275,-0.9662633529517612,1.9196212849727168,-0.7608663066638099,1.7200713495316555,-2.894702351469822,-4.469474703214734
49.0,10.0,1024.8572998046875,-2.5375143035430736,-2.6078735366441057,1.091146593305211,4.27112839132982,-0.9664757978916408,1.919621379358248,1.1878116225677018,1.7200713495316555,-2.6009616049787265,-4.472537415488217
49.0,10.0,1024.912353515625,-2.506602372061767,-2.831438632752799,1.0596584582143478,4.132823515618831,-0.7217804804764496,2.1133013771195843,0.3573110480136459,0.9747451934103952,-2.9330124140186693,-1.802661435392093
49.0,10.0,1025.0135498046875,-2.0659161764897016,0.2798208448551365,1.8854921037063044,1.663745628399544,-1.0408161242035647,4.022169184576319,-0.8499076408404236,2.52679013655205,-3.8690436837912894,-1.729994918962259
49.0,10.0,1025.095458984375,-1.9910845258563747,-1.7453696164281625,1.289752381656727,4.953179728893425,3.9040030002796384,4.148661221889929,1.0549644426555764,2.4775761410507995,-1.3666207467155105,-3.495042603322303
49.0,10.0,1025.27734375,-2.1849832015857795,-2.6377695767060105,1.08548413453899,1.361020480709405,-1.0439126231285638,4.089128281885569,-0.6295945132390524,2.4749599856544755,-3.8054394276817183,-4.583735099197066
49.0,10.0,1025.749267578125,-2.0659161764897016,0.2798208448551365,1.8854921037063044,1.779929451906274,-1.0408161242035647,4.022169184576319,-0.8338821404759607,2.522443316581741,-3.910828365271392,-1.7514669011082975
49.0,10.0,1025.8096923828125,-1.6758370468434838,-2.6078735366441057,0.8337919252474477,4.255188974825368,-1.4075318816965288,1.8378904916184915,0.5862662096946682,1.7170059862529152,-2.397282924767015,-4.567518158954156
49.0,10.0,1025.89892578125,-2.1848022029363405,-1.6687636289966836,2.297045071843414,4.722174804614561,4.4488574188574725,3.944768532629414,-0.6295945132390524,2.525230156837476,-2.8766409298835858,0.9084815982220824
49.0,10.0,1026.245361328125,-1.7673700506493255,-2.61636802688937,1.0939300687982558,4.620293001359981,-0.954422184780102,1.97117819609416,0.6669638807258262,2.526898012292057,-1.0387461477630346,-3.570275698423665
49.0,10.0,1026.4638671875,-2.1849832015857795,-1.70043732052241,1.9140418742566068,1.361020480709405,-1.0439126231285638,3.978492117101856,-0.9421889078639012,2.6129202378589085,-3.868697766948166,1.0178101489466234
49.0,10.0,1026.491455078125,-2.191462313335056,-1.7102732953490325,2.297045071843414,4.119963966051863,4.494348649904575,4.089128281885569,-0.6295945132390524,2.529447472148444,-2.883066584789952,1.0178101489466234
49.0,10.0,1026.768310546875,-2.5299480910155143,-1.7518449515971013,2.283595691496144,4.120490314773762,4.494348649904575,4.090992549522677,-0.6295945132390524,2.5404867767681587,-2.8873155721131933,1.0178101489466234
49.0,10.0,1027.123779296875,-1.7673700506493255,-2.657830109214913,1.0939300687982558,4.740208594873525,-0.9634246789209,1.97117819609416,1.770077956692468,2.1566342483441323,-3.5076145139483894,-3.570275698423665
49.0,10.0,1027.1417236328125,-0.5969250643960036,-2.680281423411828,-1.191527989999424,2.2133179963559604,4.035434947907504,1.9867618439537449,-0.6295945132390524,2.5078817360482217,-3.869115388727412,-1.6888296735938844
49.0,10.0,1027.18798828125,-0.5969250643960036,-1.3673802850011714,-1.1944490002947707,3.9790700830083248,3.8358526104688377,4.064863345355579,-0.6295945132390524,2.529447472148444,-3.8675869487188255,1.0178563784607753
49.0,10.0,1027.5548095703125,-2.609433078083763,-2.6947972973908465,-1.2804287415006446,4.2283425014012295,-0.9656821840919888,1.9990797863460488,0.6993980079367592,1.7200713495316555,-2.537728411230051,-4.472537415488217
49.0,10.0,1027.719970703125,-2.2006951675530804,-1.7102732953490325,1.7492791115672182,4.024357762977015,3.836561908530757,4.079606537491531,-0.6295945132390524,2.532011894784898,-2.81114295479321,0.9769378161948692
49.0,10.0,1028.0067138671875,-1.9018015036912967,-2.73246144072143,-0.8944920603719052,4.315178002528814,-0.9662619292480958,1.970066693395201,-0.8823384877886168,1.7277944421006612,-2.768392594056356,1.365395791485317
49.0,10.0,1028.0159912109375,-2.1915497673400672,-1.7102732953490325,1.9035219150083096,4.680624372454086,3.836561908530757,4.088761867390542,-0.6295945132390524,2.529447472148444,-0.7026131181045969,1.0159179042738562
49.0,10.0,1028.0279541015625,-1.7145507919917653,-4.597617503999011,-0.9297291591703458,4.07597980840641,-0.8901340974276499,2.391768656221252,-0.891859594730132,2.629096879667025,-2.759025609785658,1.1467137252236277
49.0,10.0,1028.11181640625,-1.6988744569339085,-0.8270139724315648,-1.658791478401408,4.118114946910622,-0.7417795427042531,1.8362499233238228,0.4936172774520576,2.474197092249447,-3.447373441319672,-3.5334858001034606
49.0,10.0,1028.33935546875,-2.2007826215580923,-1.7102732953490325,1.738759152318921,4.725913587698591,3.836561908530757,4.079240122996504,-0.6295945132390524,2.532011894784898,-0.6492609576720854,0.975045571522102
49.0,10.0,1028.4925537109375,-0.5969250643960036,-1.7102732953490325,-1.206892176113302,3.9790700830083248,3.836561908530757,4.089128281885569,-0.6295945132390524,2.529447472148444,-3.8675869487188255,1.0178563784607753
49.0,10.0,1028.53076171875,-2.0659161764897016,-0.0598146084931194,1.8701279166795928,1.663745628399544,-1.0408161242035647,4.109634754265668,-0.8499076408404236,2.5265006627890925,-4.273526676601568,0.9850240893416652
49.0,10.0,1028.671142578125,-2.1848022029363405,-1.7102732953490325,2.297045071843414,4.804301564309608,4.472101964447772,4.089128281885569,-0.6295945132390524,2.525230156837476,-2.883066584789952,1.0178101489466234
49.0,10.0,1028.673583984375,-1.891285725510932,-2.1185163965170304,1.970864931165205,1.4069237194463575,-0.3518002656187452,2.403442022736258,-2.5067670562773365,1.1743671370132307,-2.6800473535052136,3.1797147673769643
49.0,10.0,1028.783447265625,-2.61022972922241,-1.7453696164281625,-1.204966872845758,3.516316548568501,-1.3040385199812723,1.982022141504518,1.0549644426555764,2.460413781468405,-1.3666207467155105,-3.495042603322303
49.0,11.0,1015.8388671875,-1.7673120794839052,-3.0497413357786924,-1.649954116181612,4.747318880194023,-0.74242708065601,2.0555360449281577,0.3573110480136459,0.9687005258142364,-2.926586759112303,-1.7566664566485353
49.0,11.0,1016.4808349609376,-1.5670333309919575,-1.6944834846190855,-1.315814949997511,4.312820898103358,1.5618125446394515,4.175484817438584,-0.6295945132390524,2.4844617339459933,-2.847320286507272,1.321199468678561
49.0,11.0,1016.7325439453124,-1.7662904948211755,-2.61636802688937,1.0939300687982558,4.740208594873525,-0.954422184780102,1.968975287684105,0.6829893810902882,2.513367874004848,-2.959101187312842,-3.570275698423665
49.0,11.0,1017.4818725585938,-1.719919510215152,-2.8129482056322983,0.8880806892192751,4.041723406495506,-0.7407442202835809,1.968943031534074,0.3573110480136459,2.66669152557805,-2.926586759112303,-1.8447844693117
49.0,11.0,1018.0101928710938,-2.264930450885813,-3.0497413357786924,-1.649954116181612,4.034753383678578,-0.7407442202835809,2.051642086680517,0.3788819178251685,0.98391282784357,-2.926586759112303,-1.7566996881008563
49.0,11.0,1019.305908203125,-2.462488822597958,-2.6078735366441057,1.5377915390459918,4.255188974825368,-0.95982495729134,1.9200340224375303,0.5862662096946682,1.7199680198511729,-2.643586922716824,-4.472537415488217
49.0,11.0,1019.3197021484376,-2.0265776829456787,-1.7453696164281625,1.2799786271070852,3.516316548568501,3.892947119158197,4.160062429210375,1.0549644426555764,2.476988458398365,-1.3666207467155105,-3.495042603322303
49.0,11.0,1019.455810546875,-2.5375143035430736,-2.6078735366441057,1.5377915390459918,4.255188974825368,-0.9662465039987966,1.9200340224375303,0.5862662096946682,1.7200713495316555,-2.643586922716824,-4.472537415488217
49.0,11.0,1019.4739990234376,-1.7673700506493255,-2.61636802688937,1.0939300687982558,4.740208594873525,-0.954422184780102,1.97117819609416,0.6829893810902882,2.522551192321748,-1.0805382207493996,-3.570275698423665
49.0,11.0,1020.2994995117188,-2.268193869996955,-3.0497413357786924,-1.273232765869585,4.034753383678578,-0.7459216567913816,2.051642086680517,0.6964267374554663,1.6967805483681448,-2.926586759112303,-1.8967750687633065
49.0,11.0,1020.539306640625,-2.632686528053191,-2.749065887885611,1.9561666975398064,4.679744954287845,-0.9656821840919888,4.000017146316695,0.8613974141380067,1.7200713495316555,-2.5720616232103817,-4.472537415488217
49.0,11.0,1020.6844482421876,-2.4938514142428287,-2.056753363499742,-1.317601531867609,4.034753383678578,-1.2645605074875583,2.051642086680517,0.1736234029539411,0.9917872746434272,-2.98159672629452,-1.7611589803356769
49.0,11.0,1021.3895263671876,-2.61022972922241,-2.6078735366441057,-1.204966872845758,4.287537625693676,-1.2354249408158746,1.982022141504518,0.5858286273557827,1.7434829859001422,-0.7555187873784157,-4.51624482691014
49.0,11.0,1021.3998413085938,-1.5670333309919575,-1.6944834846190855,2.2961444624430114,4.31255980316269,3.699792117986784,4.085145369315077,-0.6295945132390524,2.302380034792616,-2.882985592826895,1.0415665808096124
49.0,11.0,1021.4276123046876,-2.506602372061767,-3.0497413357786924,-1.649954116181612,4.034753383678578,-0.7407442202835809,2.051642086680517,0.3573110480136459,0.9687005258142364,-2.926586759112303,-1.7566664566485353
49.0,11.0,1021.5036010742188,-0.5969250643960036,-2.615394101285729,-1.206892176113302,4.1114465290773685,4.035434947907504,1.97781742798478,-0.6295945132390524,2.507592262285264,-3.8675869487188255,1.3066622693555672
49.0,11.0,1021.5677490234376,-1.5670333309919575,-1.7102732953490325,2.2961444624430114,4.291411368084713,3.699792117986784,4.089128281885569,-0.6295945132390524,2.264931558102913,-2.882985592826895,1.0415665808096124
49.0,11.0,1021.5870361328124,-2.645764945169475,-1.7088659701833802,-0.7525051997047186,4.729416347448791,-1.077786193321868,1.8695928581529984,0.6829754445780797,2.252148643566221,-2.484287677214199,-3.5097650318013125
49.0,11.0,1021.733642578125,-2.2521794930668744,-2.4137510477950403,-1.317601531867609,4.034753383678578,-1.2645605074875583,2.051642086680517,0.1951942727654638,0.9917872746434272,-2.926586759112303,-1.761192211787998
49.0,11.0,1021.733642578125,-2.2521794930668744,-2.4137510477950403,-1.317601531867609,4.034753383678578,-1.2645605074875583,2.051642086680517,0.1951942727654638,0.9917872746434272,-2.926586759112303,-1.761192211787998
49.0,11.0,1021.8432006835938,-2.534372501627604,-2.6078735366441057,1.5570993026429472,4.255188974825368,-0.9656821840919888,1.9990797863460488,0.6993980079367592,1.7200713495316555,-2.643586922716824,-4.472537415488217
49.0,11.0,1022.0838012695312,-2.506602372061767,-2.831438632752799,1.0596584582143478,4.128189043197497,-0.7217804804764496,2.1133013771195843,0.3573110480136459,1.3152571690109545,-2.999056152537892,-1.802661435392093
49.0,11.0,1022.2313232421876,-2.281051375314602,-2.6078735366441057,-0.956994602078131,4.756354496715565,-0.9676064500920852,1.998502021444696,0.6988112303546866,3.614238833587189,-0.8113405189741469,-3.495042603322303
49.0,11.0,1022.2817993164062,-2.503583721930962,-2.6028379984842425,-1.3237184612728998,4.1114465290773685,4.035434947907504,1.97781742798478,-0.6372796196712414,2.507592262285264,-3.8675869487188255,2.8285718211451303
49.0,11.0,1022.6664428710938,-2.506660343227188,-2.61636802688937,1.0939300687982558,4.027640215882437,-0.952739324407673,1.96728423784652,0.6829893810902882,2.522551192321748,-1.74194669402451,-3.570275698423665
49.0,11.0,1023.430908203125,-2.640931438061564,-1.7088659701833802,-0.6792836084163316,4.729416347448791,-1.1022916442134856,3.946127882322316,0.6829754445780797,2.252148643566221,-0.5070458340525814,-3.495042603322303
49.0,11.0,1023.7671508789062,-2.5375143035430736,-2.6078735366441057,1.5377915390459918,4.711071559528428,-0.9662465039987966,1.9200340224375303,0.6834130269169654,2.43700214509992,-2.643586922716824,-3.4513342543922416
49.0,11.0,1023.9428100585938,-0.5969250643960036,-2.615394101285729,-1.206892176113302,4.1114465290773685,4.035434947907504,1.8409882974391587,-0.6295945132390524,2.507592262285264,-3.8675869487188255,1.3066622693555672
49.0,11.0,1023.955810546875,-0.5969250643960036,-2.615394101285729,-1.206892176113302,4.105513098155713,4.035434947907504,1.9516220825559425,-0.6295945132390524,2.507592262285264,-3.804328609452378,1.3066622693555672
49.0,11.0,1023.9625854492188,-2.506602372061767,-2.7899289664009403,1.0596584582143478,4.041723406495506,-0.7407442202835809,1.968943031534074,0.3573110480136459,0.9747451934103952,-2.926586759112303,-1.7566664566485353
49.0,11.0,1024.17626953125,-2.0659161764897016,0.2798208448551365,1.8854921037063044,1.663745628399544,-1.0408161242035647,4.022169184576319,-0.8499076408404236,2.52679013655205,-3.8690436837912894,-1.7514669011082975
49.0,11.0,1024.201171875,-2.5375143035430736,-2.6078735366441057,1.091146593305211,4.0732349127591965,-0.3216010648770099,1.919621379358248,1.177108095201089,0.6413278263723583,-2.597119759329111,-1.7573769924408549
49.0,11.0,1024.5274658203125,-0.5969250643960036,-2.615394101285729,-1.206892176113302,4.105513098155713,4.035434947907504,1.9516220825559425,-0.6295945132390524,2.508387412084641,-0.6627551731997408,1.3148392637418522
49.0,11.0,1024.5303955078125,-2.0710704258682866,-2.399607830718649,1.8822943416718103,1.3928418038199004,-0.4799503986400817,3.471755289037663,-4.474676630262118,2.476643398382182,-3.451887591401227,-1.2218419088063803
49.0,11.0,1024.5645751953125,-2.61022972922241,-2.6078735366441057,-1.204966872845758,4.743420277859182,-1.2354249408158746,1.982022141504518,0.6829754445780797,2.460413781468405,-0.7555187873784157,-3.495042603322303
49.0,11.0,1024.5645751953125,-2.61022972922241,-2.6078735366441057,-1.204966872845758,4.743420277859182,-1.2354249408158746,1.982022141504518,0.6829754445780797,2.460413781468405,-0.7555187873784157,-3.495042603322303
49.0,11.0,1024.583251953125,-2.21577150837934,-2.6078735366441057,1.5377915390459918,4.255673556890275,-0.9662633529517612,1.9196212849727168,-0.7608663066638099,1.7200713495316555,-2.894702351469822,-4.469474703214734
49.0,11.0,1024.8572998046875,-2.5375143035430736,-2.6078735366441057,1.091146593305211,4.27112839132982,-0.9664757978916408,1.919621379358248,1.1878116225677018,1.7200713495316555,-2.6009616049787265,-4.472537415488217
49.0,11.0,1024.8572998046875,-2.5375143035430736,-2.6078735366441057,1.091146593305211,4.27112839132982,-0.9664757978916408,1.919621379358248,1.1878116225677018,1.7200713495316555,-2.6009616049787265,-4.472537415488217
49.0,11.0,1024.912353515625,-2.506602372061767,-2.831438632752799,1.0596584582143478,4.132823515618831,-0.7217804804764496,2.1133013771195843,0.3573110480136459,0.9747451934103952,-2.9330124140186693,-1.802661435392093
49.0,11.0,1025.0135498046875,-2.0659161764897016,0.2798208448551365,1.8854921037063044,1.663745628399544,-1.0408161242035647,4.022169184576319,-0.8499076408404236,2.52679013655205,-3.8690436837912894,-1.729994918962259
49.0,11.0,1025.0821533203125,-2.6351300695303,-2.420979722653492,-1.6525881645738938,3.882452569473595,-1.1001416606756649,2.2915226021365136,0.3788819178251685,0.98391282784357,-4.617719290800422,-1.7566996881008563
49.0,11.0,1025.095458984375,-1.9910845258563747,-1.7453696164281625,1.289752381656727,4.953179728893425,3.9040030002796384,4.148661221889929,1.0549644426555764,2.4775761410507995,-1.3666207467155105,-3.495042603322303
49.0,11.0,1025.263427734375,-0.5516765198804514,-2.680274865371062,-1.2367158448584812,4.307439793749852,3.963410473582007,1.987341351594808,-0.8925195198769844,2.568450049717357,-2.857206173175809,-1.7258087208243218
49.0,11.0,1025.27734375,-2.1849832015857795,-2.6377695767060105,1.08548413453899,1.361020480709405,-1.0439126231285638,4.089128281885569,-0.6295945132390524,2.4749599856544755,-3.8054394276817183,-4.583735099197066
49.0,11.0,1025.5604248046875,-1.883620542279186,-1.7102732953490325,1.9035219150083096,4.680624372454086,3.836561908530757,4.088761867390542,-0.6295945132390524,2.5286523223490662,-3.844175927388892,0.678611251353893
49.0,11.0,1025.5909423828125,-1.7508625277885983,-2.6078735366441057,0.0546226977962924,4.255188974825368,-1.4139534284039852,1.8378904916184915,0.5862662096946682,1.717109315933398,-2.397282924767015,-4.567518158954156
49.0,11.0,1025.6953125,-1.9910845258563747,-1.7453696164281625,1.289752381656727,4.969962658768493,2.776371191347224,4.148661221889929,1.0549644426555764,2.4775761410507995,-1.2406235909674823,-1.6619898637276602
49.0,11.0,1025.7037353515625,-2.4409402276695435,-2.7883494502685497,-1.2968024641966385,4.111280817659332,-0.5870659646106979,1.968943031534074,0.3087752410587382,2.422881155293416,-3.825481185176473,-1.871403102651231
49.0,11.0,1025.749267578125,-2.0659161764897016,0.2798208448551365,1.8854921037063044,1.779929451906274,-1.0408161242035647,4.022169184576319,-0.8338821404759607,2.522443316581741,-3.910828365271392,-1.7514669011082975
49.0,12.0,1015.3933715820312,-2.21577150837934,-2.6078735366441057,1.5546299357298023,4.255673556890275,-0.9662633529517612,1.9668367470509835,0.6655014279070119,2.463867666888223,-2.894702351469822,-3.580177448705044
49.0,12.0,1015.8388671875,-1.7673120794839052,-3.0497413357786924,-1.649954116181612,4.747318880194023,-0.74242708065601,2.0555360449281577,0.3573110480136459,0.9687005258142364,-2.926586759112303,-1.7566664566485353
49.0,12.0,1016.067138671875,-2.25286435663314,-3.758120538653389,-1.2782882640306412,4.034753383678578,-1.1025392881357965,2.051642086680517,0.6964267374554663,1.6967805483681448,-2.926586759112303,-1.8967750687633065
49.0,12.0,1016.4808349609376,-1.5670333309919575,-1.6944834846190855,-1.315814949997511,4.312820898103358,1.5618125446394515,4.175484817438584,-0.6295945132390524,2.4844617339459933,-2.847320286507272,1.321199468678561
49.0,12.0,1016.7325439453124,-1.7662904948211755,-2.61636802688937,1.0939300687982558,4.740208594873525,-0.954422184780102,1.968975287684105,0.6829893810902882,2.513367874004848,-2.959101187312842,-3.570275698423665
49.0,12.0,1016.8309936523438,-1.7662904948211755,-2.61636802688937,1.0939300687982558,4.740208594873525,-0.954422184780102,1.9711445834778416,0.6829893810902882,2.513367874004848,-2.959101187312842,-3.570275698423665
49.0,12.0,1017.412353515625,-2.516396421825966,-3.139518300554436,-1.358039419589562,1.7532082693947997,-1.0408161242035647,4.022169184576319,-0.8499076408404236,2.52679013655205,-3.8690436837912894,-1.729994918962259
49.0,12.0,1017.4818725585938,-1.719919510215152,-2.8129482056322983,0.8880806892192751,4.041723406495506,-0.7407442202835809,1.968943031534074,0.3573110480136459,2.66669152557805,-2.926586759112303,-1.8447844693117
49.0,12.0,1018.0101928710938,-2.264930450885813,-3.0497413357786924,-1.649954116181612,4.034753383678578,-0.7407442202835809,2.051642086680517,0.3788819178251685,0.98391282784357,-2.926586759112303,-1.7566996881008563
49.0,12.0,1018.7623291015624,-1.725384559159134,-2.797330219973935,-1.206892176113302,4.1114465290773685,-0.8213278613256336,1.967952996177966,-0.6295945132390524,2.5001199054752514,-3.8766747444572935,-1.8322098027245777
49.0,12.0,1018.78759765625,-2.45783288241857,-2.6078735366441057,1.5377915390459918,4.698431061895122,-0.326976467001133,1.9200340224375303,0.5876477464143631,1.7199680198511729,-2.643586922716824,-4.472537415488217
49.0,12.0,1019.1502075195312,-2.339788194003863,-2.413699456061439,-1.6525881645738938,3.88321794655104,-1.1001416606756649,2.2915226021365136,0.3788819178251685,0.98391282784357,-2.91082330602696,-1.7566996881008563
49.0,12.0,1019.2803344726562,-2.5142834536128555,-1.7088659701833802,-0.6792836084163316,4.729416347448791,-1.1022916442134856,3.680982140142002,0.6829754445780797,2.260377804437148,-1.76360282685808,-3.495042603322303
49.0,12.0,1019.305908203125,-2.462488822597958,-2.6078735366441057,1.5377915390459918,4.255188974825368,-0.95982495729134,1.9200340224375303,0.5862662096946682,1.7199680198511729,-2.643586922716824,-4.472537415488217
49.0,12.0,1019.3197021484376,-2.0265776829456787,-1.7453696164281625,1.2799786271070852,3.516316548568501,3.892947119158197,4.160062429210375,1.0549644426555764,2.476988458398365,-1.3666207467155105,-3.495042603322303
49.0,12.0,1019.3447875976562,-1.872871397930603,-2.512661758688083,-1.1951562050936682,4.808269580473606,-0.7397918765745665,2.051642086680517,0.3788819178251685,1.729038115462362,-2.926586759112303,-1.7494813091257002
49.0,12.0,1019.455810546875,-2.5375143035430736,-2.6078735366441057,1.5377915390459918,4.255188974825368,-0.9662465039987966,1.9200340224375303,0.5862662096946682,1.7200713495316555,-2.643586922716824,-4.472537415488217
49.0,12.0,1019.4739990234376,-1.7673700506493255,-2.61636802688937,1.0939300687982558,4.740208594873525,-0.954422184780102,1.97117819609416,0.6829893810902882,2.522551192321748,-1.0805382207493996,-3.570275698423665
49.0,12.0,1019.6051025390624,-1.7673700506493255,-2.61636802688937,1.0939300687982558,4.740208594873525,-0.954422184780102,1.9690089003004232,0.6829893810902882,2.522551192321748,-1.0805382207493996,-3.570275698423665
49.0,12.0,1019.7159423828124,-1.7614774321759596,-2.9490902401311128,-1.871748310772927,4.314526835903727,-0.8355585067778815,2.0555360449281577,-0.6841963369750156,0.9745015734091552,-2.925909714876534,-1.898582418623504
49.0,12.0,1020.2130737304688,-2.267509006430689,-2.4137510477950403,-1.3125460337065529,4.034753383678578,-0.7486537602271068,2.051642086680517,0.1951942727654638,0.9917872746434272,-2.926586759112303,-1.761192211787998
49.0,12.0,1020.2994995117188,-2.268193869996955,-3.0497413357786924,-1.273232765869585,4.034753383678578,-0.7459216567913816,2.051642086680517,0.6964267374554663,1.6967805483681448,-2.926586759112303,-1.8967750687633065
49.0,12.0,1020.539306640625,-2.632686528053191,-2.749065887885611,1.9561666975398064,4.679744954287845,-0.9656821840919888,4.000017146316695,0.8613974141380067,1.7200713495316555,-2.5720616232103817,-4.472537415488217
49.0,12.0,1020.6844482421876,-2.4938514142428287,-2.056753363499742,-1.317601531867609,4.034753383678578,-1.2645605074875583,2.051642086680517,0.1736234029539411,0.9917872746434272,-2.98159672629452,-1.7611589803356769
49.0,12.0,1021.1748046875,-2.6413758258658766,-2.061366213407584,-1.3159707582327624,4.028831036165551,-1.2883219072053236,1.862535542248761,0.1736234029539411,0.9917872746434272,-2.98159672629452,-3.2778067986134207
49.0,12.0,1021.3895263671876,-2.61022972922241,-2.6078735366441057,-1.204966872845758,4.287537625693676,-1.2354249408158746,1.982022141504518,0.5858286273557827,1.7434829859001422,-0.7555187873784157,-4.51624482691014
49.0,12.0,1021.3998413085938,-1.5670333309919575,-1.6944834846190855,2.2961444624430114,4.31255980316269,3.699792117986784,4.085145369315077,-0.6295945132390524,2.302380034792616,-2.882985592826895,1.0415665808096124
49.0,12.0,1021.4276123046876,-2.506602372061767,-3.0497413357786924,-1.649954116181612,4.034753383678578,-0.7407442202835809,2.051642086680517,0.3573110480136459,0.9687005258142364,-2.926586759112303,-1.7566664566485353
49.0,12.0,1021.5036010742188,-0.5969250643960036,-2.615394101285729,-1.206892176113302,4.1114465290773685,4.035434947907504,1.97781742798478,-0.6295945132390524,2.507592262285264,-3.8675869487188255,1.3066622693555672
49.0,12.0,1021.5677490234376,-1.5670333309919575,-1.7102732953490325,2.2961444624430114,4.291411368084713,3.699792117986784,4.089128281885569,-0.6295945132390524,2.264931558102913,-2.882985592826895,1.0415665808096124
49.0,12.0,1021.5870361328124,-2.645764945169475,-1.7088659701833802,-0.7525051997047186,4.729416347448791,-1.077786193321868,1.8695928581529984,0.6829754445780797,2.252148643566221,-2.484287677214199,-3.5097650318013125
49.0,12.0,1021.6282958984376,-2.5572984376930568,-3.0587697777687737,-1.6220443076828257,4.689125156425992,-0.7427686878853553,2.1133013771195843,0.3573110480136459,1.3152571690109545,-2.999056152537892,-1.8003658696609073
49.0,12.0,1021.733642578125,-2.2521794930668744,-2.4137510477950403,-1.317601531867609,4.034753383678578,-1.2645605074875583,2.051642086680517,0.1951942727654638,0.9917872746434272,-2.926586759112303,-1.761192211787998
49.0,12.0,1021.733642578125,-2.2521794930668744,-2.4137510477950403,-1.317601531867609,4.034753383678578,-1.2645605074875583,2.051642086680517,0.1951942727654638,0.9917872746434272,-2.926586759112303,-1.761192211787998
49.0,12.0,1021.733642578125,-2.2521794930668744,-2.4137510477950403,-1.317601531867609,4.034753383678578,-1.2645605074875583,2.051642086680517,0.1951942727654638,0.9917872746434272,-2.926586759112303,-1.761192211787998
49.0,12.0,1021.8432006835938,-2.534372501627604,-2.6078735366441057,1.5570993026429472,4.255188974825368,-0.9656821840919888,1.9990797863460488,0.6993980079367592,1.7200713495316555,-2.643586922716824,-4.472537415488217
49.0,12.0,1022.0838012695312,-2.506602372061767,-2.831438632752799,1.0596584582143478,4.128189043197497,-0.7217804804764496,2.1133013771195843,0.3573110480136459,1.3152571690109545,-2.999056152537892,-1.802661435392093
49.0,12.0,1022.2313232421876,-2.281051375314602,-2.6078735366441057,-0.956994602078131,4.756354496715565,-0.9676064500920852,1.998502021444696,0.6988112303546866,3.614238833587189,-0.8113405189741469,-3.495042603322303
49.0,12.0,1022.2817993164062,-2.503583721930962,-2.6028379984842425,-1.3237184612728998,4.1114465290773685,4.035434947907504,1.97781742798478,-0.6372796196712414,2.507592262285264,-3.8675869487188255,2.8285718211451303
49.0,12.0,1022.3057861328124,-2.498240533546427,-1.704253120275538,-0.7541359733395652,4.735336917411833,-1.054024793604103,2.0586994025847547,0.6829754445780797,2.252148643566221,-2.484287677214199,-1.9931172110729864
49.0,12.0,1022.6664428710938,-2.506660343227188,-2.61636802688937,1.0939300687982558,4.027640215882437,-0.952739324407673,1.96728423784652,0.6829893810902882,2.522551192321748,-1.74194669402451,-3.570275698423665
49.0,12.0,1022.9114379882812,-2.645764945169475,-2.062897811874388,-1.3747866760564535,4.729416347448791,-1.3417603000730394,1.8695928581529984,0.1996527108081963,2.252148643566221,-2.984137342851203,-2.3275936989303454
49.0,12.0,1023.0308837890624,-2.2521794930668744,-2.4137510477950403,-1.156081149340635,4.029817154276618,-1.2645605074875583,2.051642086680517,-1.1460383945283437,0.9917872746434272,-2.926586759112303,-1.5327539463060176
49.0,12.0,1023.430908203125,-2.640931438061564,-1.7088659701833802,-0.6792836084163316,4.729416347448791,-1.1022916442134856,3.946127882322316,0.6829754445780797,2.252148643566221,-0.5070458340525814,-3.495042603322303
49.0,12.0,1023.7671508789062,-2.5375143035430736,-2.6078735366441057,1.5377915390459918,4.711071559528428,-0.9662465039987966,1.9200340224375303,0.6834130269169654,2.43700214509992,-2.643586922716824,-3.4513342543922416
49.0,12.0,1023.9428100585938,-0.5969250643960036,-2.615394101285729,-1.206892176113302,4.1114465290773685,4.035434947907504,1.8409882974391587,-0.6295945132390524,2.507592262285264,-3.8675869487188255,1.3066622693555672
49.0,12.0,1023.955810546875,-0.5969250643960036,-2.615394101285729,-1.206892176113302,4.105513098155713,4.035434947907504,1.9516220825559425,-0.6295945132390524,2.507592262285264,-3.804328609452378,1.3066622693555672
49.0,12.0,1023.9625854492188,-2.506602372061767,-2.7899289664009403,1.0596584582143478,4.041723406495506,-0.7407442202835809,1.968943031534074,0.3573110480136459,0.9747451934103952,-2.926586759112303,-1.7566664566485353
49.0,12.0,1024.0654296875,-2.632686528053191,-2.934063561343727,1.9561666975398064,4.105165354553967,-0.9656821840919888,3.967668641720712,0.8613974141380067,2.521323610930468,-2.5720616232103817,-4.306343501784314
49.0,12.0,1024.17626953125,-2.0659161764897016,0.2798208448551365,1.8854921037063044,1.663745628399544,-1.0408161242035647,4.022169184576319,-0.8499076408404236,2.52679013655205,-3.8690436837912894,-1.7514669011082975
49.0,13.0,1012.1002807617188,-1.774318248180133,-1.6802239997635289,1.0546509984681731,3.238894463831297,-1.1022916442134856,3.680982140142002,0.6829754445780797,2.260377804437148,-1.7012470497560126,-3.495042603322303
49.0,13.0,1013.5982055664062,-1.872871397930603,-2.5272903933629345,-1.1951562050936682,3.5344126133177154,-0.7220185659768585,2.051642086680517,0.3788819178251685,1.729038115462362,-2.926586759112303,-1.6485714520224208
49.0,13.0,1014.5650024414062,-1.7673120794839052,-3.0019726548241983,1.1801301701939784,4.740253331969106,-0.74242708065601,1.969450576073591,0.3573110480136459,2.447282004902785,-2.926586759112303,-3.759047767597427
49.0,13.0,1015.1674194335938,-2.2559441393681783,-2.363697648539813,1.91477031753362,2.987901625637536,0.0044723807441388,4.000017146316695,0.8613974141380067,1.7200713495316555,-3.2493562642549474,-1.7848775504827104
49.0,13.0,1015.3933715820312,-2.21577150837934,-2.6078735366441057,1.5546299357298023,4.255673556890275,-0.9662633529517612,1.9668367470509835,0.6655014279070119,2.463867666888223,-2.894702351469822,-3.580177448705044
49.0,13.0,1015.6172485351562,-2.506602372061767,-3.0497413357786924,-1.649954116181612,4.034753383678578,-0.3229908703737756,2.296471728451967,0.3573110480136459,0.9687005258142364,-2.9104200329221586,-1.7566999634662417
49.0,13.0,1015.7220458984376,-1.7138305552890016,-2.797330219973935,-1.206892176113302,4.1113751709979445,-0.8213278613256336,2.0540314180768107,-0.6295945132390524,2.5001199054752514,-2.9778655057834684,-1.7610780802572314
49.0,13.0,1015.8388671875,-1.7673120794839052,-3.0497413357786924,-1.649954116181612,4.747318880194023,-0.74242708065601,2.0555360449281577,0.3573110480136459,0.9687005258142364,-2.926586759112303,-1.7566664566485353
49.0,13.0,1016.067138671875,-2.25286435663314,-3.758120538653389,-1.2782882640306412,4.034753383678578,-1.1025392881357965,2.051642086680517,0.6964267374554663,1.6967805483681448,-2.926586759112303,-1.8967750687633065
49.0,13.0,1016.4808349609376,-1.5670333309919575,-1.6944834846190855,-1.315814949997511,4.312820898103358,1.5618125446394515,4.175484817438584,-0.6295945132390524,2.4844617339459933,-2.847320286507272,1.321199468678561
49.0,13.0,1016.7325439453124,-1.7662904948211755,-2.61636802688937,1.0939300687982558,4.740208594873525,-0.954422184780102,1.968975287684105,0.6829893810902882,2.513367874004848,-2.959101187312842,-3.570275698423665
49.0,13.0,1016.744384765625,-1.7290370400669175,-2.797330219973935,-1.206892176113302,4.1114465290773685,-0.9690288064056778,1.967952996177966,-0.7264044893690556,1.7441768729360896,-3.8779815030063567,-1.8322098027245777
49.0,13.0,1016.8309936523438,-1.7662904948211755,-2.61636802688937,1.0939300687982558,4.740208594873525,-0.954422184780102,1.9711445834778416,0.6829893810902882,2.513367874004848,-2.959101187312842,-3.570275698423665
49.0,13.0,1017.19384765625,-2.267698244816061,-2.6078735366441057,1.5546299357298023,4.024413429437182,-0.9369547438603752,1.9672812116285725,0.6647824399938095,2.463867666888223,-2.894702351469822,-3.491017542940272
49.0,13.0,1017.412353515625,-2.516396421825966,-3.139518300554436,-1.358039419589562,1.7532082693947997,-1.0408161242035647,4.022169184576319,-0.8499076408404236,2.52679013655205,-3.8690436837912894,-1.729994918962259
49.0,13.0,1017.47265625,-1.7392196074452366,-2.8129482056322983,0.9068262069065528,4.285281385151236,-0.7423368091273959,1.981799065530221,0.5850466309689051,2.66669152557805,-2.926586759112303,-1.8447844693117
49.0,13.0,1017.4818725585938,-1.719919510215152,-2.8129482056322983,0.8880806892192751,4.041723406495506,-0.7407442202835809,1.968943031534074,0.3573110480136459,2.66669152557805,-2.926586759112303,-1.8447844693117
49.0,13.0,1018.0101928710938,-2.264930450885813,-3.0497413357786924,-1.649954116181612,4.034753383678578,-0.7407442202835809,2.051642086680517,0.3788819178251685,0.98391282784357,-2.926586759112303,-1.7566996881008563
49.0,13.0,1018.391357421875,-2.264930450885813,-3.025170784851583,-1.4070994537229549,4.034753383678578,-0.7407442202835809,2.050170843219864,0.3788819178251685,2.4933687713962573,-1.3486154330247104,-2.2428630725696923
49.0,13.0,1018.5173950195312,-2.516396421825966,-3.136343950524798,-1.3579118711390206,1.7532082693947997,-1.0408161242035647,2.073812551963045,-0.956050596962401,0.9752256642746238,-3.8690436837912894,-1.382545469951817
49.0,13.0,1018.5474853515624,-2.7729501948806075,-2.6078735366441057,1.5546299357298023,4.740831917506243,-0.96572678740979,2.1892252004704043,0.6655014279070119,2.463867666888223,-2.891726002202729,-3.580177448705044
49.0,13.0,1018.7623291015624,-1.725384559159134,-2.797330219973935,-1.206892176113302,4.1114465290773685,-0.8213278613256336,1.967952996177966,-0.6295945132390524,2.5001199054752514,-3.8766747444572935,-1.8322098027245777
49.0,13.0,1018.78759765625,-2.45783288241857,-2.6078735366441057,1.5377915390459918,4.698431061895122,-0.326976467001133,1.9200340224375303,0.5876477464143631,1.7199680198511729,-2.643586922716824,-4.472537415488217
49.0,13.0,1018.8085327148438,-2.5195035830768004,-2.599277465847109,-1.317601531867609,4.003309002222148,-1.2920217163416985,1.9732665172764527,0.1736234029539411,0.9887194233042604,-2.981044330503269,-1.7611589803356769
49.0,13.0,1019.1502075195312,-2.339788194003863,-2.413699456061439,-1.6525881645738938,3.88321794655104,-1.1001416606756649,2.2915226021365136,0.3788819178251685,0.98391282784357,-2.91082330602696,-1.7566996881008563
49.0,13.0,1019.2803344726562,-2.5142834536128555,-1.7088659701833802,-0.6792836084163316,4.729416347448791,-1.1022916442134856,3.680982140142002,0.6829754445780797,2.260377804437148,-1.76360282685808,-3.495042603322303
49.0,13.0,1019.305908203125,-2.462488822597958,-2.6078735366441057,1.5377915390459918,4.255188974825368,-0.95982495729134,1.9200340224375303,0.5862662096946682,1.7199680198511729,-2.643586922716824,-4.472537415488217
49.0,13.0,1019.3197021484376,-2.0265776829456787,-1.7453696164281625,1.2799786271070852,3.516316548568501,3.892947119158197,4.160062429210375,1.0549644426555764,2.476988458398365,-1.3666207467155105,-3.495042603322303
49.0,13.0,1019.334228515625,-2.5572984376930568,-3.7523382309597775,-1.6088572779383763,4.034303693197713,-1.1171792429354213,2.1133013771195843,0.3735128192842727,1.3152571690109545,-2.999056152537892,-1.8003658696609073
49.0,13.0,1019.3447875976562,-1.872871397930603,-2.512661758688083,-1.1951562050936682,4.808269580473606,-0.7397918765745665,2.051642086680517,0.3788819178251685,1.729038115462362,-2.926586759112303,-1.7494813091257002
49.0,13.0,1019.455810546875,-2.5375143035430736,-2.6078735366441057,1.5377915390459918,4.255188974825368,-0.9662465039987966,1.9200340224375303,0.5862662096946682,1.7200713495316555,-2.643586922716824,-4.472537415488217
49.0,13.0,1019.4739990234376,-1.7673700506493255,-2.61636802688937,1.0939300687982558,4.740208594873525,-0.954422184780102,1.97117819609416,0.6829893810902882,2.522551192321748,-1.0805382207493996,-3.570275698423665
49.0,13.0,1019.6051025390624,-1.7673700506493255,-2.61636802688937,1.0939300687982558,4.740208594873525,-0.954422184780102,1.9690089003004232,0.6829893810902882,2.522551192321748,-1.0805382207493996,-3.570275698423665
49.0,13.0,1019.7159423828124,-1.7614774321759596,-2.9490902401311128,-1.871748310772927,4.314526835903727,-0.8355585067778815,2.0555360449281577,-0.6841963369750156,0.9745015734091552,-2.925909714876534,-1.898582418623504
49.0,13.0,1019.8416748046876,-2.6362532912753966,-2.749065887885611,1.9561666975398064,4.679744954287845,-0.9662187496339604,4.02737622182111,0.8613974141380067,1.7500385751462122,-2.5750379724774746,-4.472537415488217
49.0,13.0,1019.9439697265624,-1.7662904948211755,-2.61636802688937,1.0939300687982558,4.03813567777352,-0.9538960949437868,2.5549898352250224,0.6829893810902882,1.688536280928728,-2.959101187312842,-3.570275698423665
49.0,13.0,1020.2130737304688,-2.267509006430689,-2.4137510477950403,-1.3125460337065529,4.034753383678578,-0.7486537602271068,2.051642086680517,0.1951942727654638,0.9917872746434272,-2.926586759112303,-1.761192211787998
49.0,13.0,1020.2994995117188,-2.268193869996955,-3.0497413357786924,-1.273232765869585,4.034753383678578,-0.7459216567913816,2.051642086680517,0.6964267374554663,1.6967805483681448,-2.926586759112303,-1.8967750687633065
49.0,13.0,1020.539306640625,-2.632686528053191,-2.749065887885611,1.9561666975398064,4.679744954287845,-0.9656821840919888,4.000017146316695,0.8613974141380067,1.7200713495316555,-2.5720616232103817,-4.472537415488217
49.0,13.0,1020.6844482421876,-2.4938514142428287,-2.056753363499742,-1.317601531867609,4.034753383678578,-1.2645605074875583,2.051642086680517,0.1736234029539411,0.9917872746434272,-2.98159672629452,-1.7611589803356769
49.0,13.0,1021.1748046875,-2.6413758258658766,-2.061366213407584,-1.3159707582327624,4.028831036165551,-1.2883219072053236,1.862535542248761,0.1736234029539411,0.9917872746434272,-2.98159672629452,-3.2778067986134207
49.0,13.0,1021.3895263671876,-2.61022972922241,-2.6078735366441057,-1.204966872845758,4.287537625693676,-1.2354249408158746,1.982022141504518,0.5858286273557827,1.7434829859001422,-0.7555187873784157,-4.51624482691014
49.0,13.0,1021.3998413085938,-1.5670333309919575,-1.6944834846190855,2.2961444624430114,4.31255980316269,3.699792117986784,4.085145369315077,-0.6295945132390524,2.302380034792616,-2.882985592826895,1.0415665808096124
49.0,13.0,1021.4276123046876,-2.506602372061767,-3.0497413357786924,-1.649954116181612,4.034753383678578,-0.7407442202835809,2.051642086680517,0.3573110480136459,0.9687005258142364,-2.926586759112303,-1.7566664566485353
49.0,13.0,1021.5036010742188,-0.5969250643960036,-2.615394101285729,-1.206892176113302,4.1114465290773685,4.035434947907504,1.97781742798478,-0.6295945132390524,2.507592262285264,-3.8675869487188255,1.3066622693555672
49.0,13.0,1021.5454711914062,-2.2521794930668744,-3.088497490450757,-1.3177290803181507,4.01419881053435,-1.0263748461755782,3.999998231428672,0.3013372288874417,2.543351746916499,-2.926586759112303,-1.7293752590681883
49.0,13.0,1021.5677490234376,-1.5670333309919575,-1.7102732953490325,2.2961444624430114,4.291411368084713,3.699792117986784,4.089128281885569,-0.6295945132390524,2.264931558102913,-2.882985592826895,1.0415665808096124
49.0,13.0,1021.5870361328124,-2.645764945169475,-1.7088659701833802,-0.7525051997047186,4.729416347448791,-1.077786193321868,1.8695928581529984,0.6829754445780797,2.252148643566221,-2.484287677214199,-3.5097650318013125
49.0,13.0,1021.5870361328124,-2.645764945169475,-1.7088659701833802,-0.7525051997047186,4.729416347448791,-1.077786193321868,1.8695928581529984,0.6829754445780797,2.252148643566221,-2.484287677214199,-3.5097650318013125
49.0,13.0,1021.6282958984376,-2.5572984376930568,-3.0587697777687737,-1.6220443076828257,4.689125156425992,-0.7427686878853553,2.1133013771195843,0.3573110480136459,1.3152571690109545,-2.999056152537892,-1.8003658696609073
49.0,14.0,1012.1002807617188,-1.774318248180133,-1.6802239997635289,1.0546509984681731,3.238894463831297,-1.1022916442134856,3.680982140142002,0.6829754445780797,2.260377804437148,-1.7012470497560126,-3.495042603322303
49.0,14.0,1013.3443603515624,-2.232139060997544,-2.6160550862232568,1.5546299357298023,4.111328916428084,-0.9662633529517612,1.9670130950588969,-0.5611970738460116,2.465579856313425,-2.894702351469822,-3.674858225643808
49.0,14.0,1013.5982055664062,-1.872871397930603,-2.5272903933629345,-1.1951562050936682,3.5344126133177154,-0.7220185659768585,2.051642086680517,0.3788819178251685,1.729038115462362,-2.926586759112303,-1.6485714520224208
49.0,14.0,1014.5650024414062,-1.7673120794839052,-3.0019726548241983,1.1801301701939784,4.740253331969106,-0.74242708065601,1.969450576073591,0.3573110480136459,2.447282004902785,-2.926586759112303,-3.759047767597427
49.0,14.0,1015.1674194335938,-2.2559441393681783,-2.363697648539813,1.91477031753362,2.987901625637536,0.0044723807441388,4.000017146316695,0.8613974141380067,1.7200713495316555,-3.2493562642549474,-1.7848775504827104
49.0,14.0,1015.3345336914062,-2.0381379896506373,-3.0272690198543764,1.1801301701939784,4.740253331969106,-0.74242708065601,2.5188111133784075,0.3586414330772284,2.4468522116245883,-2.926586759112303,-3.759047767597427
49.0,14.0,1015.3933715820312,-2.21577150837934,-2.6078735366441057,1.5546299357298023,4.255673556890275,-0.9662633529517612,1.9668367470509835,0.6655014279070119,2.463867666888223,-2.894702351469822,-3.580177448705044
49.0,14.0,1015.5100708007812,-1.872871397930603,-2.5272903933629345,-1.1951562050936682,3.5344126133177154,-0.7220185659768585,1.8370750277179515,0.3788819178251685,1.729038115462362,-2.926586759112303,-1.6485714520224208
49.0,14.0,1015.6172485351562,-2.506602372061767,-3.0497413357786924,-1.649954116181612,4.034753383678578,-0.3229908703737756,2.296471728451967,0.3573110480136459,0.9687005258142364,-2.9104200329221586,-1.7566999634662417
49.0,14.0,1015.7220458984376,-1.7138305552890016,-2.797330219973935,-1.206892176113302,4.1113751709979445,-0.8213278613256336,2.0540314180768107,-0.6295945132390524,2.5001199054752514,-2.9778655057834684,-1.7610780802572314
49.0,14.0,1015.8388671875,-1.7673120794839052,-3.0497413357786924,-1.649954116181612,4.747318880194023,-0.74242708065601,2.0555360449281577,0.3573110480136459,0.9687005258142364,-2.926586759112303,-1.7566664566485353
49.0,14.0,1016.067138671875,-2.25286435663314,-3.758120538653389,-1.2782882640306412,4.034753383678578,-1.1025392881357965,2.051642086680517,0.6964267374554663,1.6967805483681448,-2.926586759112303,-1.8967750687633065
49.0,14.0,1016.067138671875,-2.25286435663314,-3.758120538653389,-1.2782882640306412,4.034753383678578,-1.1025392881357965,2.051642086680517,0.6964267374554663,1.6967805483681448,-2.926586759112303,-1.8967750687633065
49.0,14.0,1016.4808349609376,-1.5670333309919575,-1.6944834846190855,-1.315814949997511,4.312820898103358,1.5618125446394515,4.175484817438584,-0.6295945132390524,2.4844617339459933,-2.847320286507272,1.321199468678561
49.0,14.0,1016.7325439453124,-1.7662904948211755,-2.61636802688937,1.0939300687982558,4.740208594873525,-0.954422184780102,1.968975287684105,0.6829893810902882,2.513367874004848,-2.959101187312842,-3.570275698423665
49.0,14.0,1016.744384765625,-1.7290370400669175,-2.797330219973935,-1.206892176113302,4.1114465290773685,-0.9690288064056778,1.967952996177966,-0.7264044893690556,1.7441768729360896,-3.8779815030063567,-1.8322098027245777
49.0,14.0,1016.8309936523438,-1.7662904948211755,-2.61636802688937,1.0939300687982558,4.740208594873525,-0.954422184780102,1.9711445834778416,0.6829893810902882,2.513367874004848,-2.959101187312842,-3.570275698423665
49.0,14.0,1016.8339233398438,-1.774318248180133,-1.6802239997635289,1.0546509984681731,3.238894463831297,-1.1022916442134856,3.680982140142002,0.515375582282462,2.260377804437148,-1.7012470497560126,-3.495042603322303
49.0,14.0,1017.19384765625,-2.267698244816061,-2.6078735366441057,1.5546299357298023,4.024413429437182,-0.9369547438603752,1.9672812116285725,0.6647824399938095,2.463867666888223,-2.894702351469822,-3.491017542940272
49.0,14.0,1017.298828125,-1.7063009519165755,-2.797330219973935,-1.206892176113302,4.1114465290773685,-0.9690288064056778,1.967952996177966,0.7111250009034956,2.462577779682598,-2.954796524142605,-1.785443647883822
49.0,14.0,1017.412353515625,-2.516396421825966,-3.139518300554436,-1.358039419589562,1.7532082693947997,-1.0408161242035647,4.022169184576319,-0.8499076408404236,2.52679013655205,-3.8690436837912894,-1.729994918962259
49.0,14.0,1017.4140625,-1.7746641238766383,-2.6075656242832648,1.0546509984681731,3.238894463831297,-1.109388281640797,3.680982140142002,0.6829752706572367,2.260377804437148,-1.7012470497560126,-3.495042603322303
49.0,14.0,1017.47265625,-1.7392196074452366,-2.8129482056322983,0.9068262069065528,4.285281385151236,-0.7423368091273959,1.981799065530221,0.5850466309689051,2.66669152557805,-2.926586759112303,-1.8447844693117
49.0,14.0,1017.4818725585938,-1.719919510215152,-2.8129482056322983,0.8880806892192751,4.041723406495506,-0.7407442202835809,1.968943031534074,0.3573110480136459,2.66669152557805,-2.926586759112303,-1.8447844693117
49.0,14.0,1017.4953002929688,-1.7138305552890016,-2.39492002343135,-1.206892176113302,4.1113751709979445,-0.0014528839941206,4.102658015916571,-0.6295945132390524,2.5001199054752514,-2.9803732338527755,-1.7610780802572314
49.0,14.0,1017.558349609375,-1.7662904948211755,-2.61636802688937,1.1559648038292494,4.740208594873525,-0.954422184780102,1.968975287684105,0.6829893810902882,2.024267729518194,-2.6763908884076577,-3.570275698423665
49.0,14.0,1017.5613403320312,-1.7290370400669175,-2.7962383939454267,-1.206892176113302,4.112267496369119,-0.7478786328164151,1.969036715577656,-0.7264044893690556,1.7441768729360896,-3.8779815030063567,-1.8321781842892728
49.0,14.0,1018.0101928710938,-2.264930450885813,-3.0497413357786924,-1.649954116181612,4.034753383678578,-0.7407442202835809,2.051642086680517,0.3788819178251685,0.98391282784357,-2.926586759112303,-1.7566996881008563
49.0,14.0,1018.3502197265624,-2.462488822597958,-2.6078735366441057,1.5377915390459918,4.288293795029855,-0.9487087915354656,1.9687222464575835,0.5862662096946682,1.6908635245287544,-2.6423903719283786,-4.472537415488217
49.0,14.0,1018.391357421875,-2.264930450885813,-3.025170784851583,-1.4070994537229549,4.034753383678578,-0.7407442202835809,2.050170843219864,0.3788819178251685,2.4933687713962573,-1.3486154330247104,-2.2428630725696923
49.0,14.0,1018.5173950195312,-2.516396421825966,-3.136343950524798,-1.3579118711390206,1.7532082693947997,-1.0408161242035647,2.073812551963045,-0.956050596962401,0.9752256642746238,-3.8690436837912894,-1.382545469951817
49.0,14.0,1018.5173950195312,-2.516396421825966,-3.136343950524798,-1.3579118711390206,1.7532082693947997,-1.0408161242035647,2.073812551963045,-0.956050596962401,0.9752256642746238,-3.8690436837912894,-1.382545469951817
49.0,14.0,1018.5474853515624,-2.7729501948806075,-2.6078735366441057,1.5546299357298023,4.740831917506243,-0.96572678740979,2.1892252004704043,0.6655014279070119,2.463867666888223,-2.891726002202729,-3.580177448705044
49.0,14.0,1018.6882934570312,-2.555592489306449,-3.7523382309597775,-1.6088572779383763,4.034303693197713,-1.0888279006258823,1.981819488227181,0.3735128192842727,1.3152571690109545,-2.998343690709782,-1.800445626129494
49.0,14.0,1018.7623291015624,-1.725384559159134,-2.797330219973935,-1.206892176113302,4.1114465290773685,-0.8213278613256336,1.967952996177966,-0.6295945132390524,2.5001199054752514,-3.8766747444572935,-1.8322098027245777
49.0,14.0,1018.78759765625,-2.45783288241857,-2.6078735366441057,1.5377915390459918,4.698431061895122,-0.326976467001133,1.9200340224375303,0.5876477464143631,1.7199680198511729,-2.643586922716824,-4.472537415488217
49.0,14.0,1018.8085327148438,-2.5195035830768004,-2.599277465847109,-1.317601531867609,4.003309002222148,-1.2920217163416985,1.9732665172764527,0.1736234029539411,0.9887194233042604,-2.981044330503269,-1.7611589803356769
49.0,14.0,1018.8648071289062,-2.267339664902676,-3.0818657492378168,1.5546299357298023,4.040444896508175,-0.9662633529517612,1.9668367470509835,0.6655014279070119,2.983801148814816,-2.927794104837042,-3.4966468552572736
49.0,14.0,1018.8661499023438,-1.7139326472544174,-2.797330219973935,-1.206892176113302,4.111450826492433,-0.8213278613256336,1.967952996177966,-0.6295945132390524,2.5001199054752514,-3.8766747444572935,-1.8322098027245777
49.0,14.0,1018.9036865234376,-1.7673120794839052,-3.0497413357786924,-1.6266555875559583,4.6807881710452754,-1.034401516554369,2.1725306854410587,0.3573110480136459,0.3311939833075945,-2.9274264762061755,-1.7566664566485353
49.0,14.0,1018.9864501953124,-2.264930450885813,-2.9998744198214045,-1.4070994537229549,4.034753383678578,-0.7407442202835809,2.0495920754085857,0.377551532761586,2.4937985646744543,-1.3486154330247104,-2.2428630725696923
49.0,14.0,1019.1502075195312,-2.339788194003863,-2.413699456061439,-1.6525881645738938,3.88321794655104,-1.1001416606756649,2.2915226021365136,0.3788819178251685,0.98391282784357,-2.91082330602696,-1.7566996881008563
49.0,14.0,1019.1663818359376,-1.7392196074452366,-2.8129482056322983,0.9068262069065528,4.285281385151236,-2.132717968627792,1.981799065530221,0.5850466309689051,3.617093998114112,-2.926586759112303,-1.8447844693117
49.0,14.0,1019.2453002929688,-2.268193869996955,-3.050833161807201,-1.273232765869585,4.033932416386827,-0.9670718303806444,3.212264992900348,0.6964267374554663,1.6967805483681448,-2.926586759112303,-2.1110019050116016
49.0,14.0,1019.2803344726562,-2.5142834536128555,-1.7088659701833802,-0.6792836084163316,4.729416347448791,-1.1022916442134856,3.680982140142002,0.6829754445780797,2.260377804437148,-1.76360282685808,-3.495042603322303
49.0,14.0,1019.305908203125,-2.462488822597958,-2.6078735366441057,1.5377915390459918,4.255188974825368,-0.95982495729134,1.9200340224375303,0.5862662096946682,1.7199680198511729,-2.643586922716824,-4.472537415488217
49.0,14.0,1019.3197021484376,-2.0265776829456787,-1.7453696164281625,1.2799786271070852,3.516316548568501,3.892947119158197,4.160062429210375,1.0549644426555764,2.476988458398365,-1.3666207467155105,-3.495042603322303
49.0,14.0,1019.334228515625,-2.5572984376930568,-3.7523382309597775,-1.6088572779383763,4.034303693197713,-1.1171792429354213,2.1133013771195843,0.3735128192842727,1.3152571690109545,-2.999056152537892,-1.8003658696609073
49.0,14.0,1019.3447875976562,-1.872871397930603,-2.512661758688083,-1.1951562050936682,4.808269580473606,-0.7397918765745665,2.051642086680517,0.3788819178251685,1.729038115462362,-2.926586759112303,-1.7494813091257002
49.0,14.0,1019.455810546875,-2.5375143035430736,-2.6078735366441057,1.5377915390459918,4.255188974825368,-0.9662465039987966,1.9200340224375303,0.5862662096946682,1.7200713495316555,-2.643586922716824,-4.472537415488217
49.0,15.0,1012.1002807617188,-1.774318248180133,-1.6802239997635289,1.0546509984681731,3.238894463831297,-1.1022916442134856,3.680982140142002,0.6829754445780797,2.260377804437148,-1.7012470497560126,-3.495042603322303
49.0,15.0,1013.3443603515624,-2.232139060997544,-2.6160550862232568,1.5546299357298023,4.111328916428084,-0.9662633529517612,1.9670130950588969,-0.5611970738460116,2.465579856313425,-2.894702351469822,-3.674858225643808
49.0,15.0,1013.5982055664062,-1.872871397930603,-2.5272903933629345,-1.1951562050936682,3.5344126133177154,-0.7220185659768585,2.051642086680517,0.3788819178251685,1.729038115462362,-2.926586759112303,-1.6485714520224208
49.0,15.0,1014.0676879882812,-1.7104228070041807,-2.5272903933629345,-0.8435297879003534,3.5344126133177154,-0.7220185659768585,2.2748344629186743,0.3788819178251685,2.48121343761259,-3.500199465243856,-1.6433478446959666
49.0,15.0,1014.2235717773438,-2.21577150837934,-2.6078735366441057,1.5546299357298023,4.255673556890275,-0.9662633529517612,1.9668367470509835,-0.5513831142524446,2.463867666888223,-2.894702351469822,-3.580177448705044
49.0,15.0,1014.2906494140624,-1.7280583527622944,-3.0019726548241983,1.1801301701939784,4.092467735914754,-0.966319507550571,1.969450576073591,-0.6591175952996728,2.447282004902785,-2.9655013429339325,-3.759047767597427
49.0,15.0,1014.3018188476562,-2.036645750073801,-3.0272690198543764,1.1801301701939784,4.613181725453819,-1.0306684506049584,2.0298330318490714,0.3586414330772284,2.4468522116245883,-2.958666128885913,-3.759047767597427
49.0,15.0,1014.5650024414062,-1.7673120794839052,-3.0019726548241983,1.1801301701939784,4.740253331969106,-0.74242708065601,1.969450576073591,0.3573110480136459,2.447282004902785,-2.926586759112303,-3.759047767597427
49.0,15.0,1015.1190185546876,-1.7138305552890016,-2.797330219973935,-1.206892176113302,4.1113751709979445,-0.8213278613256336,1.97050814155394,-0.6295945132390524,1.7629736611096056,-3.8730141483701854,-1.8324116014309968
49.0,15.0,1015.1674194335938,-2.2559441393681783,-2.363697648539813,1.91477031753362,2.987901625637536,0.0044723807441388,4.000017146316695,0.8613974141380067,1.7200713495316555,-3.2493562642549474,-1.7848775504827104
49.0,15.0,1015.1674194335938,-2.2559441393681783,-2.363697648539813,1.91477031753362,2.987901625637536,0.0044723807441388,4.000017146316695,0.8613974141380067,1.7200713495316555,-3.2493562642549474,-1.7848775504827104
49.0,15.0,1015.2401123046876,-1.7662534321677636,-3.0019726548241983,1.1220725320371048,4.740253331969106,-0.7406847989636032,2.047293269458365,0.3781065427842924,2.4940711278433123,-2.926586759112303,-3.759047767597427
49.0,15.0,1015.3345336914062,-2.0381379896506373,-3.0272690198543764,1.1801301701939784,4.740253331969106,-0.74242708065601,2.5188111133784075,0.3586414330772284,2.4468522116245883,-2.926586759112303,-3.759047767597427
49.0,15.0,1015.3933715820312,-2.21577150837934,-2.6078735366441057,1.5546299357298023,4.255673556890275,-0.9662633529517612,1.9668367470509835,0.6655014279070119,2.463867666888223,-2.894702351469822,-3.580177448705044
49.0,15.0,1015.5100708007812,-1.872871397930603,-2.5272903933629345,-1.1951562050936682,3.5344126133177154,-0.7220185659768585,1.8370750277179515,0.3788819178251685,1.729038115462362,-2.926586759112303,-1.6485714520224208
49.0,15.0,1015.6172485351562,-2.506602372061767,-3.0497413357786924,-1.649954116181612,4.034753383678578,-0.3229908703737756,2.296471728451967,0.3573110480136459,0.9687005258142364,-2.9104200329221586,-1.7566999634662417
49.0,15.0,1015.6172485351562,-2.506602372061767,-3.0497413357786924,-1.649954116181612,4.034753383678578,-0.3229908703737756,2.296471728451967,0.3573110480136459,0.9687005258142364,-2.9104200329221586,-1.7566999634662417
49.0,15.0,1015.7220458984376,-1.7138305552890016,-2.797330219973935,-1.206892176113302,4.1113751709979445,-0.8213278613256336,2.0540314180768107,-0.6295945132390524,2.5001199054752514,-2.9778655057834684,-1.7610780802572314
49.0,15.0,1015.7220458984376,-1.7138305552890016,-2.797330219973935,-1.206892176113302,4.1113751709979445,-0.8213278613256336,2.0540314180768107,-0.6295945132390524,2.5001199054752514,-2.9778655057834684,-1.7610780802572314
49.0,15.0,1015.8388671875,-1.7673120794839052,-3.0497413357786924,-1.649954116181612,4.747318880194023,-0.74242708065601,2.0555360449281577,0.3573110480136459,0.9687005258142364,-2.926586759112303,-1.7566664566485353
49.0,15.0,1016.067138671875,-2.25286435663314,-3.758120538653389,-1.2782882640306412,4.034753383678578,-1.1025392881357965,2.051642086680517,0.6964267374554663,1.6967805483681448,-2.926586759112303,-1.8967750687633065
49.0,15.0,1016.067138671875,-2.25286435663314,-3.758120538653389,-1.2782882640306412,4.034753383678578,-1.1025392881357965,2.051642086680517,0.6964267374554663,1.6967805483681448,-2.926586759112303,-1.8967750687633065
49.0,15.0,1016.43994140625,-2.516396421825966,-3.139518300554436,-1.358039419589562,1.7532082693947997,-1.0408161242035647,2.263933982151736,0.4713329893093806,2.52679013655205,-3.8690436837912894,-1.729994918962259
49.0,15.0,1016.4808349609376,-1.5670333309919575,-1.6944834846190855,-1.315814949997511,4.312820898103358,1.5618125446394515,4.175484817438584,-0.6295945132390524,2.4844617339459933,-2.847320286507272,1.321199468678561
49.0,15.0,1016.5673217773438,-1.7290370400669175,-2.797330219973935,-0.8331118828356796,4.1114465290773685,-0.9690288064056778,2.1821532237322585,-0.7264044893690556,2.481323117301735,-2.776215710344022,-1.7608762815508123
49.0,15.0,1016.7325439453124,-1.7662904948211755,-2.61636802688937,1.0939300687982558,4.740208594873525,-0.954422184780102,1.968975287684105,0.6829893810902882,2.513367874004848,-2.959101187312842,-3.570275698423665
49.0,15.0,1016.744384765625,-1.7290370400669175,-2.797330219973935,-1.206892176113302,4.1114465290773685,-0.9690288064056778,1.967952996177966,-0.7264044893690556,1.7441768729360896,-3.8779815030063567,-1.8322098027245777
49.0,15.0,1016.7887573242188,-1.7662904948211755,-2.61636802688937,1.0939300687982558,4.740208594873525,-0.954422184780102,1.968975287684105,0.6829893810902882,2.513367874004848,-2.9269546000338864,-3.570275698423665
49.0,15.0,1016.8309936523438,-1.7662904948211755,-2.61636802688937,1.0939300687982558,4.740208594873525,-0.954422184780102,1.9711445834778416,0.6829893810902882,2.513367874004848,-2.959101187312842,-3.570275698423665
49.0,15.0,1016.8339233398438,-1.774318248180133,-1.6802239997635289,1.0546509984681731,3.238894463831297,-1.1022916442134856,3.680982140142002,0.515375582282462,2.260377804437148,-1.7012470497560126,-3.495042603322303
49.0,15.0,1017.19384765625,-2.267698244816061,-2.6078735366441057,1.5546299357298023,4.024413429437182,-0.9369547438603752,1.9672812116285725,0.6647824399938095,2.463867666888223,-2.894702351469822,-3.491017542940272
49.0,15.0,1017.298828125,-1.7063009519165755,-2.797330219973935,-1.206892176113302,4.1114465290773685,-0.9690288064056778,1.967952996177966,0.7111250009034956,2.462577779682598,-2.954796524142605,-1.785443647883822
49.0,15.0,1017.412353515625,-2.516396421825966,-3.139518300554436,-1.358039419589562,1.7532082693947997,-1.0408161242035647,4.022169184576319,-0.8499076408404236,2.52679013655205,-3.8690436837912894,-1.729994918962259
49.0,15.0,1017.4140625,-1.7746641238766383,-2.6075656242832648,1.0546509984681731,3.238894463831297,-1.109388281640797,3.680982140142002,0.6829752706572367,2.260377804437148,-1.7012470497560126,-3.495042603322303
49.0,15.0,1017.47265625,-1.7392196074452366,-2.8129482056322983,0.9068262069065528,4.285281385151236,-0.7423368091273959,1.981799065530221,0.5850466309689051,2.66669152557805,-2.926586759112303,-1.8447844693117
49.0,15.0,1017.4818725585938,-1.719919510215152,-2.8129482056322983,0.8880806892192751,4.041723406495506,-0.7407442202835809,1.968943031534074,0.3573110480136459,2.66669152557805,-2.926586759112303,-1.8447844693117
49.0,15.0,1017.4843139648438,-2.2659890982019544,-3.025170784851583,-1.3490418155544783,4.034753383678578,-0.7424865019759879,1.97232814983509,0.358086423054522,2.4465796484557303,-1.3486154330247104,-2.2428630725696923
49.0,15.0,1017.4953002929688,-1.7138305552890016,-2.39492002343135,-1.206892176113302,4.1113751709979445,-0.0014528839941206,4.102658015916571,-0.6295945132390524,2.5001199054752514,-2.9803732338527755,-1.7610780802572314
49.0,15.0,1017.558349609375,-1.7662904948211755,-2.61636802688937,1.1559648038292494,4.740208594873525,-0.954422184780102,1.968975287684105,0.6829893810902882,2.024267729518194,-2.6763908884076577,-3.570275698423665
49.0,15.0,1017.5613403320312,-1.7290370400669175,-2.7962383939454267,-1.206892176113302,4.112267496369119,-0.7478786328164151,1.969036715577656,-0.7264044893690556,1.7441768729360896,-3.8779815030063567,-1.8321781842892728
49.0,15.0,1017.942626953125,-1.7673120794839052,-3.0497413357786924,-2.4186778945712937,4.855186901266382,-0.7309109950853788,2.0555360449281577,-0.2135950929121445,1.7200797258942735,-2.926586759112303,-1.7847074106561214
49.0,15.0,1018.0101928710938,-2.264930450885813,-3.0497413357786924,-1.649954116181612,4.034753383678578,-0.7407442202835809,2.051642086680517,0.3788819178251685,0.98391282784357,-2.926586759112303,-1.7566996881008563
49.0,15.0,1018.3502197265624,-2.462488822597958,-2.6078735366441057,1.5377915390459918,4.288293795029855,-0.9487087915354656,1.9687222464575835,0.5862662096946682,1.6908635245287544,-2.6423903719283786,-4.472537415488217
49.0,15.0,1018.391357421875,-2.264930450885813,-3.025170784851583,-1.4070994537229549,4.034753383678578,-0.7407442202835809,2.050170843219864,0.3788819178251685,2.4933687713962573,-1.3486154330247104,-2.2428630725696923
49.0,15.0,1018.5173950195312,-2.516396421825966,-3.136343950524798,-1.3579118711390206,1.7532082693947997,-1.0408161242035647,2.073812551963045,-0.956050596962401,0.9752256642746238,-3.8690436837912894,-1.382545469951817
49.0,15.0,1018.5173950195312,-2.516396421825966,-3.136343950524798,-1.3579118711390206,1.7532082693947997,-1.0408161242035647,2.073812551963045,-0.956050596962401,0.9752256642746238,-3.8690436837912894,-1.382545469951817
49.0,15.0,1018.5474853515624,-2.7729501948806075,-2.6078735366441057,1.5546299357298023,4.740831917506243,-0.96572678740979,2.1892252004704043,0.6655014279070119,2.463867666888223,-2.891726002202729,-3.580177448705044
49.0,15.0,1018.6218872070312,-1.7789737609798757,-3.011054925356055,1.1725709341550516,4.740253331969106,-1.111030010040813,2.516075222300594,0.3586414330772284,2.4468522116245883,-3.0109833089664275,-3.812202865156717
49.0,15.0,1018.6882934570312,-2.555592489306449,-3.7523382309597775,-1.6088572779383763,4.034303693197713,-1.0888279006258823,1.981819488227181,0.3735128192842727,1.3152571690109545,-2.998343690709782,-1.800445626129494
49.0,15.0,1018.7623291015624,-1.725384559159134,-2.797330219973935,-1.206892176113302,4.1114465290773685,-0.8213278613256336,1.967952996177966,-0.6295945132390524,2.5001199054752514,-3.8766747444572935,-1.8322098027245777
49.0,16.0,1010.7562255859376,-2.25286435663314,-3.758120538653389,-1.2083075932452785,4.034753383678578,-0.8667422629337116,2.051642086680517,0.6964267374554663,1.7616937813118558,-2.926586759112303,-1.837422098084441
49.0,16.0,1010.89208984375,-1.114120762406325,-2.8122355778440244,-0.93666268476235,4.045019891686085,-0.8216804805484292,2.0540314180768107,-0.6295945132390524,2.5001199054752514,-2.9778655057834684,-1.6182732781407252
49.0,16.0,1012.1002807617188,-1.774318248180133,-1.6802239997635289,1.0546509984681731,3.238894463831297,-1.1022916442134856,3.680982140142002,0.6829754445780797,2.260377804437148,-1.7012470497560126,-3.495042603322303
49.0,16.0,1012.11669921875,-1.7698498423488394,-2.615624298343688,-0.8522940861013799,3.5344126133177154,-0.9488900551664192,2.2748344629186743,0.3896990789288048,2.48121343761259,-3.490499859338573,-1.7506124882146097
49.0,16.0,1012.4342651367188,-1.7280583527622944,-3.0019726548241983,1.1801301701939784,4.092467735914754,-0.966319507550571,1.969450576073591,-0.6591175952996728,2.447282004902785,-2.9655013429339325,-3.999968033785268
49.0,16.0,1013.28271484375,-1.723982940832805,-2.5272903933629345,-0.8922137261186274,3.5344126133177154,-0.7220185659768585,2.2748344629186743,0.3788819178251685,2.481636533755423,-3.500199465243856,-1.790226067639766
49.0,16.0,1013.3443603515624,-2.232139060997544,-2.6160550862232568,1.5546299357298023,4.111328916428084,-0.9662633529517612,1.9670130950588969,-0.5611970738460116,2.465579856313425,-2.894702351469822,-3.674858225643808
49.0,16.0,1013.424072265625,-2.0230856162451767,-3.0272690198543764,1.228814108411283,4.613181725453819,-1.0306684506049584,2.0298330318490714,0.3586414330772284,2.353127200537888,-2.958666128885913,-3.79893987085878
49.0,16.0,1013.5982055664062,-1.872871397930603,-2.5272903933629345,-1.1951562050936682,3.5344126133177154,-0.7220185659768585,2.051642086680517,0.3788819178251685,1.729038115462362,-2.926586759112303,-1.6485714520224208
49.0,16.0,1014.0676879882812,-1.7104228070041807,-2.5272903933629345,-0.8435297879003534,3.5344126133177154,-0.7220185659768585,2.2748344629186743,0.3788819178251685,2.48121343761259,-3.500199465243856,-1.6433478446959666
49.0,16.0,1014.2235717773438,-2.21577150837934,-2.6078735366441057,1.5546299357298023,4.255673556890275,-0.9662633529517612,1.9668367470509835,-0.5513831142524446,2.463867666888223,-2.894702351469822,-3.580177448705044
49.0,16.0,1014.2235717773438,-2.21577150837934,-2.6078735366441057,1.5546299357298023,4.255673556890275,-0.9662633529517612,1.9668367470509835,-0.5513831142524446,2.463867666888223,-2.894702351469822,-3.580177448705044
49.0,16.0,1014.2906494140624,-1.7280583527622944,-3.0019726548241983,1.1801301701939784,4.092467735914754,-0.966319507550571,1.969450576073591,-0.6591175952996728,2.447282004902785,-2.9655013429339325,-3.759047767597427
49.0,16.0,1014.3018188476562,-2.036645750073801,-3.0272690198543764,1.1801301701939784,4.613181725453819,-1.0306684506049584,2.0298330318490714,0.3586414330772284,2.4468522116245883,-2.958666128885913,-3.759047767597427
49.0,16.0,1014.5650024414062,-1.7673120794839052,-3.0019726548241983,1.1801301701939784,4.740253331969106,-0.74242708065601,1.969450576073591,0.3573110480136459,2.447282004902785,-2.926586759112303,-3.759047767597427
49.0,16.0,1014.6737670898438,-1.774318248180133,-2.979089833504256,1.0546509984681731,3.238894463831297,-1.0973554375815555,3.680982140142002,0.3799953037634209,2.260377804437148,-3.036096317053826,-3.495042603322303
49.0,16.0,1015.1190185546876,-1.7138305552890016,-2.797330219973935,-1.206892176113302,4.1113751709979445,-0.8213278613256336,1.97050814155394,-0.6295945132390524,1.7629736611096056,-3.8730141483701854,-1.8324116014309968
49.0,16.0,1015.1674194335938,-2.2559441393681783,-2.363697648539813,1.91477031753362,2.987901625637536,0.0044723807441388,4.000017146316695,0.8613974141380067,1.7200713495316555,-3.2493562642549474,-1.7848775504827104
49.0,16.0,1015.1674194335938,-2.2559441393681783,-2.363697648539813,1.91477031753362,2.987901625637536,0.0044723807441388,4.000017146316695,0.8613974141380067,1.7200713495316555,-3.2493562642549474,-1.7848775504827104
49.0,16.0,1015.2401123046876,-1.7662534321677636,-3.0019726548241983,1.1220725320371048,4.740253331969106,-0.7406847989636032,2.047293269458365,0.3781065427842924,2.4940711278433123,-2.926586759112303,-3.759047767597427
49.0,16.0,1015.3319702148438,-1.7326957139498564,-1.6944834846190855,-1.315814949997511,4.284876316639468,1.5618125446394515,4.175484817438584,-0.6295945132390524,2.669395185653664,-2.9326747730237592,1.321199468678561
49.0,16.0,1015.3345336914062,-2.0381379896506373,-3.0272690198543764,1.1801301701939784,4.740253331969106,-0.74242708065601,2.5188111133784075,0.3586414330772284,2.4468522116245883,-2.926586759112303,-3.759047767597427
49.0,16.0,1015.3933715820312,-2.21577150837934,-2.6078735366441057,1.5546299357298023,4.255673556890275,-0.9662633529517612,1.9668367470509835,0.6655014279070119,2.463867666888223,-2.894702351469822,-3.580177448705044
49.0,16.0,1015.5100708007812,-1.872871397930603,-2.5272903933629345,-1.1951562050936682,3.5344126133177154,-0.7220185659768585,1.8370750277179515,0.3788819178251685,1.729038115462362,-2.926586759112303,-1.6485714520224208
49.0,16.0,1015.6172485351562,-2.506602372061767,-3.0497413357786924,-1.649954116181612,4.034753383678578,-0.3229908703737756,2.296471728451967,0.3573110480136459,0.9687005258142364,-2.9104200329221586,-1.7566999634662417
49.0,16.0,1015.6172485351562,-2.506602372061767,-3.0497413357786924,-1.649954116181612,4.034753383678578,-0.3229908703737756,2.296471728451967,0.3573110480136459,0.9687005258142364,-2.9104200329221586,-1.7566999634662417
49.0,16.0,1015.7220458984376,-1.7138305552890016,-2.797330219973935,-1.206892176113302,4.1113751709979445,-0.8213278613256336,2.0540314180768107,-0.6295945132390524,2.5001199054752514,-2.9778655057834684,-1.7610780802572314
49.0,16.0,1015.7220458984376,-1.7138305552890016,-2.797330219973935,-1.206892176113302,4.1113751709979445,-0.8213278613256336,2.0540314180768107,-0.6295945132390524,2.5001199054752514,-2.9778655057834684,-1.7610780802572314
49.0,16.0,1015.7774047851562,-1.7699494673420182,-3.0497413357786924,-1.62963914694912,4.747318880194023,-0.9643433725689496,2.0555360449281577,0.3573110480136459,0.9141907110203724,-2.9670251593266648,-1.7566664566485353
49.0,16.0,1015.8388671875,-1.7673120794839052,-3.0497413357786924,-1.649954116181612,4.747318880194023,-0.74242708065601,2.0555360449281577,0.3573110480136459,0.9687005258142364,-2.926586759112303,-1.7566664566485353
49.0,16.0,1016.067138671875,-2.25286435663314,-3.758120538653389,-1.2782882640306412,4.034753383678578,-1.1025392881357965,2.051642086680517,0.6964267374554663,1.6967805483681448,-2.926586759112303,-1.8967750687633065
49.0,16.0,1016.067138671875,-2.25286435663314,-3.758120538653389,-1.2782882640306412,4.034753383678578,-1.1025392881357965,2.051642086680517,0.6964267374554663,1.6967805483681448,-2.926586759112303,-1.8967750687633065
49.0,16.0,1016.2985229492188,-1.7138305552890016,-2.797330219973935,-1.206892176113302,4.1113751709979445,-0.8204998040003926,1.97050814155394,-0.7283475493894429,1.7443763164590282,-3.8730141483701854,-1.866404786151792
49.0,16.0,1016.3382568359376,-1.7290370400669175,-2.7962383939454267,-1.206892176113302,4.112267496369119,-0.7487066901416561,1.969036715577656,-0.627651453218665,1.7627742175866667,-3.8779815030063567,-1.8321781842892728
49.0,16.0,1016.43994140625,-2.516396421825966,-3.139518300554436,-1.358039419589562,1.7532082693947997,-1.0408161242035647,2.263933982151736,0.4713329893093806,2.52679013655205,-3.8690436837912894,-1.729994918962259
49.0,16.0,1016.4808349609376,-1.5670333309919575,-1.6944834846190855,-1.315814949997511,4.312820898103358,1.5618125446394515,4.175484817438584,-0.6295945132390524,2.4844617339459933,-2.847320286507272,1.321199468678561
49.0,16.0,1016.5673217773438,-1.7290370400669175,-2.797330219973935,-0.8331118828356796,4.1114465290773685,-0.9690288064056778,2.1821532237322585,-0.7264044893690556,2.481323117301735,-2.776215710344022,-1.7608762815508123
49.0,16.0,1016.6686401367188,-2.217460578821969,-2.605962369962272,-1.2782882640306412,4.041756440986696,-1.1025392881357965,1.9599687765935825,0.2654298778762184,1.6967805483681448,-2.926586759112303,-1.691092048050182
49.0,16.0,1016.7325439453124,-1.7662904948211755,-2.61636802688937,1.0939300687982558,4.740208594873525,-0.954422184780102,1.968975287684105,0.6829893810902882,2.513367874004848,-2.959101187312842,-3.570275698423665
49.0,16.0,1016.744384765625,-1.7290370400669175,-2.797330219973935,-1.206892176113302,4.1114465290773685,-0.9690288064056778,1.967952996177966,-0.7264044893690556,1.7441768729360896,-3.8779815030063567,-1.8322098027245777
49.0,16.0,1016.7676391601562,-1.7673120794839052,-3.0019726548241983,1.177258238395818,4.740254744691803,-0.74242708065601,1.9694445927098287,0.6719873618193695,2.5163424953963585,-2.926586759112303,-3.759047767597427
49.0,16.0,1016.7887573242188,-1.7662904948211755,-2.61636802688937,1.0939300687982558,4.740208594873525,-0.954422184780102,1.968975287684105,0.6829893810902882,2.513367874004848,-2.9269546000338864,-3.570275698423665
49.0,16.0,1016.8306274414062,-2.497192209592672,-3.0497413357786924,-1.7678513588739788,4.040275356272432,-0.924038406576794,1.9511827172246383,-0.5651295631814204,0.9402027176209292,-2.910151635894057,-1.7566999634662417
49.0,16.0,1016.8309936523438,-1.7662904948211755,-2.61636802688937,1.0939300687982558,4.740208594873525,-0.954422184780102,1.9711445834778416,0.6829893810902882,2.513367874004848,-2.959101187312842,-3.570275698423665
49.0,16.0,1016.8339233398438,-1.774318248180133,-1.6802239997635289,1.0546509984681731,3.238894463831297,-1.1022916442134856,3.680982140142002,0.515375582282462,2.260377804437148,-1.7012470497560126,-3.495042603322303
49.0,16.0,1017.083984375,-2.036645750073801,-3.0272690198543764,1.1801301701939784,4.613181725453819,-0.9974769086042926,2.137734308857456,0.3586414330772284,2.4468522116245883,-2.958666128885913,-3.719729239020247
49.0,16.0,1017.19384765625,-2.267698244816061,-2.6078735366441057,1.5546299357298023,4.024413429437182,-0.9369547438603752,1.9672812116285725,0.6647824399938095,2.463867666888223,-2.894702351469822,-3.491017542940272
49.0,16.0,1017.298828125,-1.7063009519165755,-2.797330219973935,-1.206892176113302,4.1114465290773685,-0.9690288064056778,1.967952996177966,0.7111250009034956,2.462577779682598,-2.954796524142605,-1.785443647883822
49.0,16.0,1017.4114990234376,-2.232139060997544,-2.6160550862232568,1.122781921513836,4.140796653673364,-0.9638883160971092,1.9710604471033173,-0.5611970738460116,2.4674260589667774,-2.894702351469822,-3.7567612305531344
49.0,16.0,1017.412353515625,-2.516396421825966,-3.139518300554436,-1.358039419589562,1.7532082693947997,-1.0408161242035647,4.022169184576319,-0.8499076408404236,2.52679013655205,-3.8690436837912894,-1.729994918962259
49.0,17.0,1010.7562255859376,-2.25286435663314,-3.758120538653389,-1.2083075932452785,4.034753383678578,-0.8667422629337116,2.051642086680517,0.6964267374554663,1.7616937813118558,-2.926586759112303,-1.837422098084441
49.0,17.0,1010.89208984375,-1.114120762406325,-2.8122355778440244,-0.93666268476235,4.045019891686085,-0.8216804805484292,2.0540314180768107,-0.6295945132390524,2.5001199054752514,-2.9778655057834684,-1.6182732781407252
49.0,17.0,1011.8033447265624,-2.2345090762973427,-3.0169094203119338,-1.229439040744332,3.5344126133177154,-0.7220185659768585,2.0297913983028457,0.3448931780407955,2.38609467889993,-2.959245626720572,-1.6502118636914715
49.0,17.0,1012.1002807617188,-1.774318248180133,-1.6802239997635289,1.0546509984681731,3.238894463831297,-1.1022916442134856,3.680982140142002,0.6829754445780797,2.260377804437148,-1.7012470497560126,-3.495042603322303
49.0,17.0,1012.11669921875,-1.7698498423488394,-2.615624298343688,-0.8522940861013799,3.5344126133177154,-0.9488900551664192,2.2748344629186743,0.3896990789288048,2.48121343761259,-3.490499859338573,-1.7506124882146097
49.0,17.0,1012.4342651367188,-1.7280583527622944,-3.0019726548241983,1.1801301701939784,4.092467735914754,-0.966319507550571,1.969450576073591,-0.6591175952996728,2.447282004902785,-2.9655013429339325,-3.999968033785268
49.0,17.0,1012.6267700195312,-1.7280583527622944,-3.0019726548241983,1.1771385644732817,4.092467735914754,-0.9674961202286604,1.969450576073591,-0.6700361986192177,2.447282004902785,-2.9659830318849623,-3.999968033785268
49.0,17.0,1012.7208251953124,-1.7472289913329566,-2.6078735366441057,1.1642586641245591,4.5082330345189785,-0.9663206450714404,1.9668367470509835,-0.5452414834305179,2.4641602249782992,-2.894702351469822,-3.589049512808101
49.0,17.0,1013.28271484375,-1.723982940832805,-2.5272903933629345,-0.8922137261186274,3.5344126133177154,-0.7220185659768585,2.2748344629186743,0.3788819178251685,2.481636533755423,-3.500199465243856,-1.790226067639766
49.0,17.0,1013.3443603515624,-2.232139060997544,-2.6160550862232568,1.5546299357298023,4.111328916428084,-0.9662633529517612,1.9670130950588969,-0.5611970738460116,2.465579856313425,-2.894702351469822,-3.674858225643808
49.0,17.0,1013.3443603515624,-2.232139060997544,-2.6160550862232568,1.5546299357298023,4.111328916428084,-0.9662633529517612,1.9670130950588969,-0.5611970738460116,2.465579856313425,-2.894702351469822,-3.674858225643808
49.0,17.0,1013.424072265625,-2.0230856162451767,-3.0272690198543764,1.228814108411283,4.613181725453819,-1.0306684506049584,2.0298330318490714,0.3586414330772284,2.353127200537888,-2.958666128885913,-3.79893987085878
49.0,17.0,1013.5982055664062,-1.872871397930603,-2.5272903933629345,-1.1951562050936682,3.5344126133177154,-0.7220185659768585,2.051642086680517,0.3788819178251685,1.729038115462362,-2.926586759112303,-1.6485714520224208
49.0,17.0,1013.721435546875,-1.7138305552890016,-2.797330219973935,-1.206892176113302,4.1113751709979445,-0.8213278613256336,1.9754975237182804,-0.6295945132390524,2.5001199054752514,-2.9778655057834684,-1.8340586235675544
49.0,17.0,1013.8724975585938,-1.705212801071515,-2.8129431513693937,-0.93666268476235,3.9333469528419167,-0.8216804805484292,2.0540314180768107,-0.6295945132390524,2.5001199054752514,-2.9778655057834684,-1.834270646464932
49.0,17.0,1014.0676879882812,-1.7104228070041807,-2.5272903933629345,-0.8435297879003534,3.5344126133177154,-0.7220185659768585,2.2748344629186743,0.3788819178251685,2.48121343761259,-3.500199465243856,-1.6433478446959666
49.0,17.0,1014.10595703125,-1.7662892144539049,-2.9979762917745543,1.093980220885624,4.740209231643655,-0.7406847989636032,1.9709539001798453,0.3811726440253319,2.4940711278433123,-2.926586759112303,-3.7584452378384494
49.0,17.0,1014.2235717773438,-2.21577150837934,-2.6078735366441057,1.5546299357298023,4.255673556890275,-0.9662633529517612,1.9668367470509835,-0.5513831142524446,2.463867666888223,-2.894702351469822,-3.580177448705044
49.0,17.0,1014.2235717773438,-2.21577150837934,-2.6078735366441057,1.5546299357298023,4.255673556890275,-0.9662633529517612,1.9668367470509835,-0.5513831142524446,2.463867666888223,-2.894702351469822,-3.580177448705044
49.0,17.0,1014.2906494140624,-1.7280583527622944,-3.0019726548241983,1.1801301701939784,4.092467735914754,-0.966319507550571,1.969450576073591,-0.6591175952996728,2.447282004902785,-2.9655013429339325,-3.759047767597427
49.0,17.0,1014.2933959960938,-1.723982940832805,-2.5272903933629345,-0.8922137261186274,3.5344126133177154,-0.7212454975383982,1.980231024740547,0.4260124274205883,2.481636533755423,-3.500199465243856,-1.8515890924228569
49.0,17.0,1014.3018188476562,-2.036645750073801,-3.0272690198543764,1.1801301701939784,4.613181725453819,-1.0306684506049584,2.0298330318490714,0.3586414330772284,2.4468522116245883,-2.958666128885913,-3.759047767597427
49.0,17.0,1014.5502319335938,-2.516396421825966,-3.7625229486419616,-1.353633696439545,1.7259005066255693,-1.1340401479881452,2.2691912554695564,0.7023933449578607,1.7445809752579762,-3.8690436837912894,-1.729994918962259
49.0,17.0,1014.5650024414062,-1.7673120794839052,-3.0019726548241983,1.1801301701939784,4.740253331969106,-0.74242708065601,1.969450576073591,0.3573110480136459,2.447282004902785,-2.926586759112303,-3.759047767597427
49.0,17.0,1014.6737670898438,-1.774318248180133,-2.979089833504256,1.0546509984681731,3.238894463831297,-1.0973554375815555,3.680982140142002,0.3799953037634209,2.260377804437148,-3.036096317053826,-3.495042603322303
49.0,17.0,1014.8834228515624,-1.7662530707323674,-2.616385678215068,1.0939300687982558,4.740208594873525,-0.954422184780102,2.2799533117514086,0.6829893810902882,2.481960345244755,-2.959101187312842,-3.570275698423665
49.0,17.0,1015.1190185546876,-1.7138305552890016,-2.797330219973935,-1.206892176113302,4.1113751709979445,-0.8213278613256336,1.97050814155394,-0.6295945132390524,1.7629736611096056,-3.8730141483701854,-1.8324116014309968
49.0,17.0,1015.1674194335938,-2.2559441393681783,-2.363697648539813,1.91477031753362,2.987901625637536,0.0044723807441388,4.000017146316695,0.8613974141380067,1.7200713495316555,-3.2493562642549474,-1.7848775504827104
49.0,17.0,1015.1674194335938,-2.2559441393681783,-2.363697648539813,1.91477031753362,2.987901625637536,0.0044723807441388,4.000017146316695,0.8613974141380067,1.7200713495316555,-3.2493562642549474,-1.7848775504827104
49.0,17.0,1015.2401123046876,-1.7662534321677636,-3.0019726548241983,1.1220725320371048,4.740253331969106,-0.7406847989636032,2.047293269458365,0.3781065427842924,2.4940711278433123,-2.926586759112303,-3.759047767597427
49.0,17.0,1015.3319702148438,-1.7326957139498564,-1.6944834846190855,-1.315814949997511,4.284876316639468,1.5618125446394515,4.175484817438584,-0.6295945132390524,2.669395185653664,-2.9326747730237592,1.321199468678561
49.0,17.0,1015.3345336914062,-2.0381379896506373,-3.0272690198543764,1.1801301701939784,4.740253331969106,-0.74242708065601,2.5188111133784075,0.3586414330772284,2.4468522116245883,-2.926586759112303,-3.759047767597427
49.0,17.0,1015.3933715820312,-2.21577150837934,-2.6078735366441057,1.5546299357298023,4.255673556890275,-0.9662633529517612,1.9668367470509835,0.6655014279070119,2.463867666888223,-2.894702351469822,-3.580177448705044
49.0,17.0,1015.5100708007812,-1.872871397930603,-2.5272903933629345,-1.1951562050936682,3.5344126133177154,-0.7220185659768585,1.8370750277179515,0.3788819178251685,1.729038115462362,-2.926586759112303,-1.6485714520224208
49.0,17.0,1015.6172485351562,-2.506602372061767,-3.0497413357786924,-1.649954116181612,4.034753383678578,-0.3229908703737756,2.296471728451967,0.3573110480136459,0.9687005258142364,-2.9104200329221586,-1.7566999634662417
49.0,17.0,1015.6172485351562,-2.506602372061767,-3.0497413357786924,-1.649954116181612,4.034753383678578,-0.3229908703737756,2.296471728451967,0.3573110480136459,0.9687005258142364,-2.9104200329221586,-1.7566999634662417
49.0,17.0,1015.6172485351562,-2.506602372061767,-3.0497413357786924,-1.649954116181612,4.034753383678578,-0.3229908703737756,2.296471728451967,0.3573110480136459,0.9687005258142364,-2.9104200329221586,-1.7566999634662417
49.0,17.0,1015.7220458984376,-1.7138305552890016,-2.797330219973935,-1.206892176113302,4.1113751709979445,-0.8213278613256336,2.0540314180768107,-0.6295945132390524,2.5001199054752514,-2.9778655057834684,-1.7610780802572314
49.0,17.0,1015.7220458984376,-1.7138305552890016,-2.797330219973935,-1.206892176113302,4.1113751709979445,-0.8213278613256336,2.0540314180768107,-0.6295945132390524,2.5001199054752514,-2.9778655057834684,-1.7610780802572314
49.0,17.0,1015.7774047851562,-1.7699494673420182,-3.0497413357786924,-1.62963914694912,4.747318880194023,-0.9643433725689496,2.0555360449281577,0.3573110480136459,0.9141907110203724,-2.9670251593266648,-1.7566664566485353
49.0,17.0,1015.8388671875,-1.7673120794839052,-3.0497413357786924,-1.649954116181612,4.747318880194023,-0.74242708065601,2.0555360449281577,0.3573110480136459,0.9687005258142364,-2.926586759112303,-1.7566664566485353
49.0,17.0,1015.9094848632812,-1.114120762406325,-2.596543374348979,-0.8280372839172347,4.0520370941066375,-0.8216804805484292,2.0540314180768107,-0.6295945132390524,2.5001199054752514,-2.894698607680083,-1.606366602693338
49.0,17.0,1016.067138671875,-2.25286435663314,-3.758120538653389,-1.2782882640306412,4.034753383678578,-1.1025392881357965,2.051642086680517,0.6964267374554663,1.6967805483681448,-2.926586759112303,-1.8967750687633065
49.0,17.0,1016.067138671875,-2.25286435663314,-3.758120538653389,-1.2782882640306412,4.034753383678578,-1.1025392881357965,2.051642086680517,0.6964267374554663,1.6967805483681448,-2.926586759112303,-1.8967750687633065
49.0,17.0,1016.2985229492188,-1.7138305552890016,-2.797330219973935,-1.206892176113302,4.1113751709979445,-0.8204998040003926,1.97050814155394,-0.7283475493894429,1.7443763164590282,-3.8730141483701854,-1.866404786151792
49.0,17.0,1016.3382568359376,-1.7290370400669175,-2.7962383939454267,-1.206892176113302,4.112267496369119,-0.7487066901416561,1.969036715577656,-0.627651453218665,1.7627742175866667,-3.8779815030063567,-1.8321781842892728
49.0,17.0,1016.43994140625,-2.516396421825966,-3.139518300554436,-1.358039419589562,1.7532082693947997,-1.0408161242035647,2.263933982151736,0.4713329893093806,2.52679013655205,-3.8690436837912894,-1.729994918962259
49.0,17.0,1016.4808349609376,-1.5670333309919575,-1.6944834846190855,-1.315814949997511,4.312820898103358,1.5618125446394515,4.175484817438584,-0.6295945132390524,2.4844617339459933,-2.847320286507272,1.321199468678561
49.0,17.0,1016.5673217773438,-1.7290370400669175,-2.797330219973935,-0.8331118828356796,4.1114465290773685,-0.9690288064056778,2.1821532237322585,-0.7264044893690556,2.481323117301735,-2.776215710344022,-1.7608762815508123
49.0,17.0,1016.6265869140624,-1.779358313229025,-1.7123190045579264,1.5546299357298023,4.036690844891775,-1.1011298819699982,3.679557623693151,-0.5611970738460116,2.465579856313425,-2.9068629849540053,-3.674637944730251
49.0,18.0,1010.7562255859376,-2.25286435663314,-3.758120538653389,-1.2083075932452785,4.034753383678578,-0.8667422629337116,2.051642086680517,0.6964267374554663,1.7616937813118558,-2.926586759112303,-1.837422098084441
49.0,18.0,1010.89208984375,-1.114120762406325,-2.8122355778440244,-0.93666268476235,4.045019891686085,-0.8216804805484292,2.0540314180768107,-0.6295945132390524,2.5001199054752514,-2.9778655057834684,-1.6182732781407252
49.0,18.0,1010.89208984375,-1.114120762406325,-2.8122355778440244,-0.93666268476235,4.045019891686085,-0.8216804805484292,2.0540314180768107,-0.6295945132390524,2.5001199054752514,-2.9778655057834684,-1.6182732781407252
49.0,18.0,1010.9264526367188,-1.7280583527622944,-3.0019726548241983,1.1801301701939784,4.092467735914754,-1.2704561941562504,1.969450576073591,-0.6591175952996728,2.447282004902785,-2.9655013429339325,-3.759047767597427
49.0,18.0,1011.8033447265624,-2.2345090762973427,-3.0169094203119338,-1.229439040744332,3.5344126133177154,-0.7220185659768585,2.0297913983028457,0.3448931780407955,2.38609467889993,-2.959245626720572,-1.6502118636914715
49.0,18.0,1012.1002807617188,-1.774318248180133,-1.6802239997635289,1.0546509984681731,3.238894463831297,-1.1022916442134856,3.680982140142002,0.6829754445780797,2.260377804437148,-1.7012470497560126,-3.495042603322303
49.0,18.0,1012.11669921875,-1.7698498423488394,-2.615624298343688,-0.8522940861013799,3.5344126133177154,-0.9488900551664192,2.2748344629186743,0.3896990789288048,2.48121343761259,-3.490499859338573,-1.7506124882146097
49.0,18.0,1012.4342651367188,-1.7280583527622944,-3.0019726548241983,1.1801301701939784,4.092467735914754,-0.966319507550571,1.969450576073591,-0.6591175952996728,2.447282004902785,-2.9655013429339325,-3.999968033785268
49.0,18.0,1012.4342651367188,-1.7280583527622944,-3.0019726548241983,1.1801301701939784,4.092467735914754,-0.966319507550571,1.969450576073591,-0.6591175952996728,2.447282004902785,-2.9655013429339325,-3.999968033785268
49.0,18.0,1012.6267700195312,-1.7280583527622944,-3.0019726548241983,1.1771385644732817,4.092467735914754,-0.9674961202286604,1.969450576073591,-0.6700361986192177,2.447282004902785,-2.9659830318849623,-3.999968033785268
49.0,18.0,1012.7208251953124,-1.7472289913329566,-2.6078735366441057,1.1642586641245591,4.5082330345189785,-0.9663206450714404,1.9668367470509835,-0.5452414834305179,2.4641602249782992,-2.894702351469822,-3.589049512808101
49.0,18.0,1013.28271484375,-1.723982940832805,-2.5272903933629345,-0.8922137261186274,3.5344126133177154,-0.7220185659768585,2.2748344629186743,0.3788819178251685,2.481636533755423,-3.500199465243856,-1.790226067639766
49.0,18.0,1013.3443603515624,-2.232139060997544,-2.6160550862232568,1.5546299357298023,4.111328916428084,-0.9662633529517612,1.9670130950588969,-0.5611970738460116,2.465579856313425,-2.894702351469822,-3.674858225643808
49.0,18.0,1013.3443603515624,-2.232139060997544,-2.6160550862232568,1.5546299357298023,4.111328916428084,-0.9662633529517612,1.9670130950588969,-0.5611970738460116,2.465579856313425,-2.894702351469822,-3.674858225643808
49.0,18.0,1013.424072265625,-2.0230856162451767,-3.0272690198543764,1.228814108411283,4.613181725453819,-1.0306684506049584,2.0298330318490714,0.3586414330772284,2.353127200537888,-2.958666128885913,-3.79893987085878
49.0,18.0,1013.5982055664062,-1.872871397930603,-2.5272903933629345,-1.1951562050936682,3.5344126133177154,-0.7220185659768585,2.051642086680517,0.3788819178251685,1.729038115462362,-2.926586759112303,-1.6485714520224208
49.0,18.0,1013.721435546875,-1.7138305552890016,-2.797330219973935,-1.206892176113302,4.1113751709979445,-0.8213278613256336,1.9754975237182804,-0.6295945132390524,2.5001199054752514,-2.9778655057834684,-1.8340586235675544
49.0,18.0,1013.8724975585938,-1.705212801071515,-2.8129431513693937,-0.93666268476235,3.9333469528419167,-0.8216804805484292,2.0540314180768107,-0.6295945132390524,2.5001199054752514,-2.9778655057834684,-1.834270646464932
49.0,18.0,1013.9884643554688,-1.7280583527622944,-3.0019726548241983,1.1801301701939784,4.111528052094757,-0.966319507550571,1.969450576073591,-0.6591175952996728,2.447282004902785,-2.8947093463793028,-3.999968033785268
49.0,18.0,1014.0676879882812,-1.7104228070041807,-2.5272903933629345,-0.8435297879003534,3.5344126133177154,-0.7220185659768585,2.2748344629186743,0.3788819178251685,2.48121343761259,-3.500199465243856,-1.6433478446959666
49.0,18.0,1014.1029052734376,-1.924007118940098,-3.0272690198543764,1.1801301701939784,4.740253331969106,-0.74242708065601,2.5188111133784075,0.3586414330772284,2.4468522116245883,-2.960441521868161,-3.759047767597427
49.0,18.0,1014.10595703125,-1.7662892144539049,-2.9979762917745543,1.093980220885624,4.740209231643655,-0.7406847989636032,1.9709539001798453,0.3811726440253319,2.4940711278433123,-2.926586759112303,-3.7584452378384494
49.0,18.0,1014.2235717773438,-2.21577150837934,-2.6078735366441057,1.5546299357298023,4.255673556890275,-0.9662633529517612,1.9668367470509835,-0.5513831142524446,2.463867666888223,-2.894702351469822,-3.580177448705044
49.0,18.0,1014.2235717773438,-2.21577150837934,-2.6078735366441057,1.5546299357298023,4.255673556890275,-0.9662633529517612,1.9668367470509835,-0.5513831142524446,2.463867666888223,-2.894702351469822,-3.580177448705044
49.0,18.0,1014.2906494140624,-1.7280583527622944,-3.0019726548241983,1.1801301701939784,4.092467735914754,-0.966319507550571,1.969450576073591,-0.6591175952996728,2.447282004902785,-2.9655013429339325,-3.759047767597427
49.0,18.0,1014.2933959960938,-1.723982940832805,-2.5272903933629345,-0.8922137261186274,3.5344126133177154,-0.7212454975383982,1.980231024740547,0.4260124274205883,2.481636533755423,-3.500199465243856,-1.8515890924228569
49.0,18.0,1014.3018188476562,-2.036645750073801,-3.0272690198543764,1.1801301701939784,4.613181725453819,-1.0306684506049584,2.0298330318490714,0.3586414330772284,2.4468522116245883,-2.958666128885913,-3.759047767597427
49.0,18.0,1014.3975830078124,-1.7141974710837835,-2.797330219973935,-1.206892176113302,4.1113751709979445,-0.8213278613256336,2.0540314180768107,-0.6295945132390524,2.505008167858695,-3.220352583467061,-1.7610780802572314
49.0,18.0,1014.4669799804688,-1.763131127307234,-3.00210822217506,1.1801301701939784,4.741375269851609,-0.74775065342573,2.0263142320152965,0.3587355576822532,2.017466492406478,-2.958666128885913,-3.759047767597427
49.0,18.0,1014.5502319335938,-2.516396421825966,-3.7625229486419616,-1.353633696439545,1.7259005066255693,-1.1340401479881452,2.2691912554695564,0.7023933449578607,1.7445809752579762,-3.8690436837912894,-1.729994918962259
49.0,18.0,1014.5650024414062,-1.7673120794839052,-3.0019726548241983,1.1801301701939784,4.740253331969106,-0.74242708065601,1.969450576073591,0.3573110480136459,2.447282004902785,-2.926586759112303,-3.759047767597427
49.0,18.0,1014.6737670898438,-1.774318248180133,-2.979089833504256,1.0546509984681731,3.238894463831297,-1.0973554375815555,3.680982140142002,0.3799953037634209,2.260377804437148,-3.036096317053826,-3.495042603322303
49.0,18.0,1014.8834228515624,-1.7662530707323674,-2.616385678215068,1.0939300687982558,4.740208594873525,-0.954422184780102,2.2799533117514086,0.6829893810902882,2.481960345244755,-2.959101187312842,-3.570275698423665
49.0,18.0,1014.9326782226562,-1.728379518762267,-2.797330219973935,-1.0575902156414672,4.1113751709979445,-0.9665511837409064,1.9693255381902308,-0.6281018278958271,2.5001199054752514,-2.9646390240450424,-1.8340586235675544
49.0,18.0,1015.03955078125,-2.506602372061767,-3.751171472381142,-1.649954116181612,4.034753383678578,-0.3229908703737756,2.296471728451967,0.3573110480136459,1.7789391988819097,-3.0488523205139133,-1.758879001767089
49.0,18.0,1015.067626953125,-2.232884963097165,-2.6160550862232568,1.5546299357298023,4.111328916428084,-0.8494633275134522,2.052017557871627,-0.5611970738460116,2.465644285781095,-2.894702351469822,-3.674858225643808
49.0,18.0,1015.1190185546876,-1.7138305552890016,-2.797330219973935,-1.206892176113302,4.1113751709979445,-0.8213278613256336,1.97050814155394,-0.6295945132390524,1.7629736611096056,-3.8730141483701854,-1.8324116014309968
49.0,18.0,1015.1190185546876,-1.7138305552890016,-2.797330219973935,-1.206892176113302,4.1113751709979445,-0.8213278613256336,1.97050814155394,-0.6295945132390524,1.7629736611096056,-3.8730141483701854,-1.8324116014309968
49.0,18.0,1015.1292114257812,-1.934216352675092,-3.027133452503515,1.1801301701939784,4.612059787571299,-1.0253448778352383,1.972969375907366,0.3572169234086211,2.4468722491125887,-2.926586759112303,-3.759047767597427
49.0,18.0,1015.1674194335938,-2.2559441393681783,-2.363697648539813,1.91477031753362,2.987901625637536,0.0044723807441388,4.000017146316695,0.8613974141380067,1.7200713495316555,-3.2493562642549474,-1.7848775504827104
49.0,18.0,1015.1674194335938,-2.2559441393681783,-2.363697648539813,1.91477031753362,2.987901625637536,0.0044723807441388,4.000017146316695,0.8613974141380067,1.7200713495316555,-3.2493562642549474,-1.7848775504827104
49.0,18.0,1015.2401123046876,-1.7662534321677636,-3.0019726548241983,1.1220725320371048,4.740253331969106,-0.7406847989636032,2.047293269458365,0.3781065427842924,2.4940711278433123,-2.926586759112303,-3.759047767597427
49.0,18.0,1015.3319702148438,-1.7326957139498564,-1.6944834846190855,-1.315814949997511,4.284876316639468,1.5618125446394515,4.175484817438584,-0.6295945132390524,2.669395185653664,-2.9326747730237592,1.321199468678561
49.0,18.0,1015.3345336914062,-2.0381379896506373,-3.0272690198543764,1.1801301701939784,4.740253331969106,-0.74242708065601,2.5188111133784075,0.3586414330772284,2.4468522116245883,-2.926586759112303,-3.759047767597427
49.0,18.0,1015.3933715820312,-2.21577150837934,-2.6078735366441057,1.5546299357298023,4.255673556890275,-0.9662633529517612,1.9668367470509835,0.6655014279070119,2.463867666888223,-2.894702351469822,-3.580177448705044
49.0,18.0,1015.5100708007812,-1.872871397930603,-2.5272903933629345,-1.1951562050936682,3.5344126133177154,-0.7220185659768585,1.8370750277179515,0.3788819178251685,1.729038115462362,-2.926586759112303,-1.6485714520224208
49.0,18.0,1015.5905151367188,-1.704318108492785,-3.0019726548241983,1.1220725320371048,4.740253331969106,-0.7406847989636032,2.047293269458365,0.3781065427842924,2.4940711278433123,-2.926586759112303,-3.759047767597427
49.0,18.0,1015.6172485351562,-2.506602372061767,-3.0497413357786924,-1.649954116181612,4.034753383678578,-0.3229908703737756,2.296471728451967,0.3573110480136459,0.9687005258142364,-2.9104200329221586,-1.7566999634662417
49.0,18.0,1015.6172485351562,-2.506602372061767,-3.0497413357786924,-1.649954116181612,4.034753383678578,-0.3229908703737756,2.296471728451967,0.3573110480136459,0.9687005258142364,-2.9104200329221586,-1.7566999634662417
49.0,18.0,1015.6172485351562,-2.506602372061767,-3.0497413357786924,-1.649954116181612,4.034753383678578,-0.3229908703737756,2.296471728451967,0.3573110480136459,0.9687005258142364,-2.9104200329221586,-1.7566999634662417
49.0,19.0,1010.4371948242188,-0.624379356072124,-2.539179760924469,1.1821328534079023,4.698620518950413,-1.0306684506049584,2.0155379889392515,0.3586414330772284,2.352601227833622,-3.6107654381463066,-3.79893987085878
49.0,19.0,1010.7562255859376,-2.25286435663314,-3.758120538653389,-1.2083075932452785,4.034753383678578,-0.8667422629337116,2.051642086680517,0.6964267374554663,1.7616937813118558,-2.926586759112303,-1.837422098084441
49.0,19.0,1010.89208984375,-1.114120762406325,-2.8122355778440244,-0.93666268476235,4.045019891686085,-0.8216804805484292,2.0540314180768107,-0.6295945132390524,2.5001199054752514,-2.9778655057834684,-1.6182732781407252
49.0,19.0,1010.89208984375,-1.114120762406325,-2.8122355778440244,-0.93666268476235,4.045019891686085,-0.8216804805484292,2.0540314180768107,-0.6295945132390524,2.5001199054752514,-2.9778655057834684,-1.6182732781407252
49.0,19.0,1010.9264526367188,-1.7280583527622944,-3.0019726548241983,1.1801301701939784,4.092467735914754,-1.2704561941562504,1.969450576073591,-0.6591175952996728,2.447282004902785,-2.9655013429339325,-3.759047767597427
49.0,19.0,1011.8033447265624,-2.2345090762973427,-3.0169094203119338,-1.229439040744332,3.5344126133177154,-0.7220185659768585,2.0297913983028457,0.3448931780407955,2.38609467889993,-2.959245626720572,-1.6502118636914715
49.0,19.0,1012.1002807617188,-1.774318248180133,-1.6802239997635289,1.0546509984681731,3.238894463831297,-1.1022916442134856,3.680982140142002,0.6829754445780797,2.260377804437148,-1.7012470497560126,-3.495042603322303
49.0,19.0,1012.11669921875,-1.7698498423488394,-2.615624298343688,-0.8522940861013799,3.5344126133177154,-0.9488900551664192,2.2748344629186743,0.3896990789288048,2.48121343761259,-3.490499859338573,-1.7506124882146097
49.0,19.0,1012.207763671875,-1.7662892144539049,-2.9870224532091414,1.0783262356501395,4.740209231643655,-0.7406847989636032,1.966934531550993,-0.5660745159892913,2.4940711278433123,-2.926586759112303,-3.585995697317162
49.0,19.0,1012.4342651367188,-1.7280583527622944,-3.0019726548241983,1.1801301701939784,4.092467735914754,-0.966319507550571,1.969450576073591,-0.6591175952996728,2.447282004902785,-2.9655013429339325,-3.999968033785268
49.0,19.0,1012.4342651367188,-1.7280583527622944,-3.0019726548241983,1.1801301701939784,4.092467735914754,-0.966319507550571,1.969450576073591,-0.6591175952996728,2.447282004902785,-2.9655013429339325,-3.999968033785268
49.0,19.0,1012.4342651367188,-1.7280583527622944,-3.0019726548241983,1.1801301701939784,4.092467735914754,-0.966319507550571,1.969450576073591,-0.6591175952996728,2.447282004902785,-2.9655013429339325,-3.999968033785268
49.0,19.0,1012.5042724609376,-1.7280583527622944,-1.6801036481559437,1.1771385644732817,3.545730389161467,-0.9674961202286604,1.970700008712913,-0.6700361986192177,2.447282004902785,-2.9659830318849623,-3.999968033785268
49.0,19.0,1012.6267700195312,-1.7280583527622944,-3.0019726548241983,1.1771385644732817,4.092467735914754,-0.9674961202286604,1.969450576073591,-0.6700361986192177,2.447282004902785,-2.9659830318849623,-3.999968033785268
49.0,19.0,1012.7208251953124,-1.7472289913329566,-2.6078735366441057,1.1642586641245591,4.5082330345189785,-0.9663206450714404,1.9668367470509835,-0.5452414834305179,2.4641602249782992,-2.894702351469822,-3.589049512808101
49.0,19.0,1013.1994018554688,-1.114120762406325,-2.8122355778440244,-0.93666268476235,4.27118729871602,-0.8216804805484292,2.0540314180768107,-0.6295945132390524,2.5001199054752514,-2.9778655057834684,-1.6182732781407252
49.0,19.0,1013.28271484375,-1.723982940832805,-2.5272903933629345,-0.8922137261186274,3.5344126133177154,-0.7220185659768585,2.2748344629186743,0.3788819178251685,2.481636533755423,-3.500199465243856,-1.790226067639766
49.0,19.0,1013.3443603515624,-2.232139060997544,-2.6160550862232568,1.5546299357298023,4.111328916428084,-0.9662633529517612,1.9670130950588969,-0.5611970738460116,2.465579856313425,-2.894702351469822,-3.674858225643808
49.0,19.0,1013.3443603515624,-2.232139060997544,-2.6160550862232568,1.5546299357298023,4.111328916428084,-0.9662633529517612,1.9670130950588969,-0.5611970738460116,2.465579856313425,-2.894702351469822,-3.674858225643808
49.0,19.0,1013.424072265625,-2.0230856162451767,-3.0272690198543764,1.228814108411283,4.613181725453819,-1.0306684506049584,2.0298330318490714,0.3586414330772284,2.353127200537888,-2.958666128885913,-3.79893987085878
49.0,19.0,1013.5982055664062,-1.872871397930603,-2.5272903933629345,-1.1951562050936682,3.5344126133177154,-0.7220185659768585,2.051642086680517,0.3788819178251685,1.729038115462362,-2.926586759112303,-1.6485714520224208
49.0,19.0,1013.5982055664062,-1.872871397930603,-2.5272903933629345,-1.1951562050936682,3.5344126133177154,-0.7220185659768585,2.051642086680517,0.3788819178251685,1.729038115462362,-2.926586759112303,-1.6485714520224208
49.0,19.0,1013.721435546875,-1.7138305552890016,-2.797330219973935,-1.206892176113302,4.1113751709979445,-0.8213278613256336,1.9754975237182804,-0.6295945132390524,2.5001199054752514,-2.9778655057834684,-1.8340586235675544
49.0,19.0,1013.8724975585938,-1.705212801071515,-2.8129431513693937,-0.93666268476235,3.9333469528419167,-0.8216804805484292,2.0540314180768107,-0.6295945132390524,2.5001199054752514,-2.9778655057834684,-1.834270646464932
49.0,19.0,1013.9884643554688,-1.7280583527622944,-3.0019726548241983,1.1801301701939784,4.111528052094757,-0.966319507550571,1.969450576073591,-0.6591175952996728,2.447282004902785,-2.8947093463793028,-3.999968033785268
49.0,19.0,1013.9884643554688,-1.7280583527622944,-3.0019726548241983,1.1801301701939784,4.111528052094757,-0.966319507550571,1.969450576073591,-0.6591175952996728,2.447282004902785,-2.8947093463793028,-3.999968033785268
49.0,19.0,1014.0676879882812,-1.7104228070041807,-2.5272903933629345,-0.8435297879003534,3.5344126133177154,-0.7220185659768585,2.2748344629186743,0.3788819178251685,2.48121343761259,-3.500199465243856,-1.6433478446959666
49.0,19.0,1014.1029052734376,-1.924007118940098,-3.0272690198543764,1.1801301701939784,4.740253331969106,-0.74242708065601,2.5188111133784075,0.3586414330772284,2.4468522116245883,-2.960441521868161,-3.759047767597427
49.0,19.0,1014.10595703125,-1.7662892144539049,-2.9979762917745543,1.093980220885624,4.740209231643655,-0.7406847989636032,1.9709539001798453,0.3811726440253319,2.4940711278433123,-2.926586759112303,-3.7584452378384494
49.0,19.0,1014.2235717773438,-2.21577150837934,-2.6078735366441057,1.5546299357298023,4.255673556890275,-0.9662633529517612,1.9668367470509835,-0.5513831142524446,2.463867666888223,-2.894702351469822,-3.580177448705044
49.0,19.0,1014.2235717773438,-2.21577150837934,-2.6078735366441057,1.5546299357298023,4.255673556890275,-0.9662633529517612,1.9668367470509835,-0.5513831142524446,2.463867666888223,-2.894702351469822,-3.580177448705044
49.0,19.0,1014.2906494140624,-1.7280583527622944,-3.0019726548241983,1.1801301701939784,4.092467735914754,-0.966319507550571,1.969450576073591,-0.6591175952996728,2.447282004902785,-2.9655013429339325,-3.759047767597427
49.0,19.0,1014.2933959960938,-1.723982940832805,-2.5272903933629345,-0.8922137261186274,3.5344126133177154,-0.7212454975383982,1.980231024740547,0.4260124274205883,2.481636533755423,-3.500199465243856,-1.8515890924228569
49.0,19.0,1014.3018188476562,-2.036645750073801,-3.0272690198543764,1.1801301701939784,4.613181725453819,-1.0306684506049584,2.0298330318490714,0.3586414330772284,2.4468522116245883,-2.958666128885913,-3.759047767597427
49.0,19.0,1014.3773803710938,-2.0230856162451767,-3.0272690198543764,1.2313699256155377,4.091262863205121,-1.031058973172393,2.028371331013322,0.3586414330772284,2.353127200537888,-2.958666128885913,-3.999621318126506
49.0,19.0,1014.3975830078124,-1.7141974710837835,-2.797330219973935,-1.206892176113302,4.1113751709979445,-0.8213278613256336,2.0540314180768107,-0.6295945132390524,2.505008167858695,-3.220352583467061,-1.7610780802572314
49.0,19.0,1014.4669799804688,-1.763131127307234,-3.00210822217506,1.1801301701939784,4.741375269851609,-0.74775065342573,2.0263142320152965,0.3587355576822532,2.017466492406478,-2.958666128885913,-3.759047767597427
49.0,19.0,1014.5502319335938,-2.516396421825966,-3.7625229486419616,-1.353633696439545,1.7259005066255693,-1.1340401479881452,2.2691912554695564,0.7023933449578607,1.7445809752579762,-3.8690436837912894,-1.729994918962259
49.0,19.0,1014.5650024414062,-1.7673120794839052,-3.0019726548241983,1.1801301701939784,4.740253331969106,-0.74242708065601,1.969450576073591,0.3573110480136459,2.447282004902785,-2.926586759112303,-3.759047767597427
49.0,19.0,1014.6737670898438,-1.774318248180133,-2.979089833504256,1.0546509984681731,3.238894463831297,-1.0973554375815555,3.680982140142002,0.3799953037634209,2.260377804437148,-3.036096317053826,-3.495042603322303
49.0,19.0,1014.8834228515624,-1.7662530707323674,-2.616385678215068,1.0939300687982558,4.740208594873525,-0.954422184780102,2.2799533117514086,0.6829893810902882,2.481960345244755,-2.959101187312842,-3.570275698423665
49.0,19.0,1014.9326782226562,-1.728379518762267,-2.797330219973935,-1.0575902156414672,4.1113751709979445,-0.9665511837409064,1.9693255381902308,-0.6281018278958271,2.5001199054752514,-2.9646390240450424,-1.8340586235675544
49.0,19.0,1015.03955078125,-2.506602372061767,-3.751171472381142,-1.649954116181612,4.034753383678578,-0.3229908703737756,2.296471728451967,0.3573110480136459,1.7789391988819097,-3.0488523205139133,-1.758879001767089
49.0,19.0,1015.062744140625,-2.605605195827118,-3.7625229486419616,-1.353633696439545,1.7259005066255693,-1.1340401479881452,2.2691912554695564,0.7023933449578607,1.7445809752579762,-3.8690436837912894,-1.729994918962259
49.0,19.0,1015.067626953125,-2.232884963097165,-2.6160550862232568,1.5546299357298023,4.111328916428084,-0.8494633275134522,2.052017557871627,-0.5611970738460116,2.465644285781095,-2.894702351469822,-3.674858225643808
49.0,19.0,1015.1190185546876,-1.7138305552890016,-2.797330219973935,-1.206892176113302,4.1113751709979445,-0.8213278613256336,1.97050814155394,-0.6295945132390524,1.7629736611096056,-3.8730141483701854,-1.8324116014309968
49.0,19.0,1015.1190185546876,-1.7138305552890016,-2.797330219973935,-1.206892176113302,4.1113751709979445,-0.8213278613256336,1.97050814155394,-0.6295945132390524,1.7629736611096056,-3.8730141483701854,-1.8324116014309968
49.0,19.0,1015.1292114257812,-1.934216352675092,-3.027133452503515,1.1801301701939784,4.612059787571299,-1.0253448778352383,1.972969375907366,0.3572169234086211,2.4468722491125887,-2.926586759112303,-3.759047767597427
49.0,19.0,1015.1674194335938,-2.2559441393681783,-2.363697648539813,1.91477031753362,2.987901625637536,0.0044723807441388,4.000017146316695,0.8613974141380067,1.7200713495316555,-3.2493562642549474,-1.7848775504827104
49.0,19.0,1015.1674194335938,-2.2559441393681783,-2.363697648539813,1.91477031753362,2.987901625637536,0.0044723807441388,4.000017146316695,0.8613974141380067,1.7200713495316555,-3.2493562642549474,-1.7848775504827104
49.0,20.0,1010.4371948242188,-0.624379356072124,-2.539179760924469,1.1821328534079023,4.698620518950413,-1.0306684506049584,2.0155379889392515,0.3586414330772284,2.352601227833622,-3.6107654381463066,-3.79893987085878
49.0,20.0,1010.6044311523438,-2.7024457115864715,-2.5272903933629345,0.6342939043011587,3.542739513328744,-0.3410039863163017,2.2748344629186743,-0.7097786461021425,2.481636533755423,-3.500199465243856,-1.790226067639766
49.0,20.0,1010.7562255859376,-2.25286435663314,-3.758120538653389,-1.2083075932452785,4.034753383678578,-0.8667422629337116,2.051642086680517,0.6964267374554663,1.7616937813118558,-2.926586759112303,-1.837422098084441
49.0,20.0,1010.89208984375,-1.114120762406325,-2.8122355778440244,-0.93666268476235,4.045019891686085,-0.8216804805484292,2.0540314180768107,-0.6295945132390524,2.5001199054752514,-2.9778655057834684,-1.6182732781407252
49.0,20.0,1010.89208984375,-1.114120762406325,-2.8122355778440244,-0.93666268476235,4.045019891686085,-0.8216804805484292,2.0540314180768107,-0.6295945132390524,2.5001199054752514,-2.9778655057834684,-1.6182732781407252
49.0,20.0,1010.9264526367188,-1.7280583527622944,-3.0019726548241983,1.1801301701939784,4.092467735914754,-1.2704561941562504,1.969450576073591,-0.6591175952996728,2.447282004902785,-2.9655013429339325,-3.759047767597427
49.0,20.0,1010.9789428710938,-1.924007118940098,-3.0272690198543764,1.1801301701939784,4.740253331969106,-0.9546471962124196,2.5188111133784075,0.3586414330772284,2.44727709008892,-2.960441521868161,-3.759047767597427
49.0,20.0,1011.5595703125,-2.0252224227863707,-3.0272690198543764,1.228814108411283,4.745162121043402,-0.7197937971667878,2.0298339549806874,0.3586414330772284,2.385354552946073,-3.086737022576312,-3.79893987085878
49.0,20.0,1011.8033447265624,-2.2345090762973427,-3.0169094203119338,-1.229439040744332,3.5344126133177154,-0.7220185659768585,2.0297913983028457,0.3448931780407955,2.38609467889993,-2.959245626720572,-1.6502118636914715
49.0,20.0,1012.0526733398438,-2.21577150837934,-2.6159167975280093,1.5546299357298023,4.255673556890275,-0.9662633529517612,1.9668402400321896,-0.5611681228863801,2.463867666888223,-2.894702351469822,-3.6732509166834415
49.0,20.0,1012.1002807617188,-1.774318248180133,-1.6802239997635289,1.0546509984681731,3.238894463831297,-1.1022916442134856,3.680982140142002,0.6829754445780797,2.260377804437148,-1.7012470497560126,-3.495042603322303
49.0,20.0,1012.11669921875,-1.7698498423488394,-2.615624298343688,-0.8522940861013799,3.5344126133177154,-0.9488900551664192,2.2748344629186743,0.3896990789288048,2.48121343761259,-3.490499859338573,-1.7506124882146097
49.0,20.0,1012.207763671875,-1.7662892144539049,-2.9870224532091414,1.0783262356501395,4.740209231643655,-0.7406847989636032,1.966934531550993,-0.5660745159892913,2.4940711278433123,-2.926586759112303,-3.585995697317162
49.0,20.0,1012.4342651367188,-1.7280583527622944,-3.0019726548241983,1.1801301701939784,4.092467735914754,-0.966319507550571,1.969450576073591,-0.6591175952996728,2.447282004902785,-2.9655013429339325,-3.999968033785268
49.0,20.0,1012.4342651367188,-1.7280583527622944,-3.0019726548241983,1.1801301701939784,4.092467735914754,-0.966319507550571,1.969450576073591,-0.6591175952996728,2.447282004902785,-2.9655013429339325,-3.999968033785268
49.0,20.0,1012.4342651367188,-1.7280583527622944,-3.0019726548241983,1.1801301701939784,4.092467735914754,-0.966319507550571,1.969450576073591,-0.6591175952996728,2.447282004902785,-2.9655013429339325,-3.999968033785268
49.0,20.0,1012.5042724609376,-1.7280583527622944,-1.6801036481559437,1.1771385644732817,3.545730389161467,-0.9674961202286604,1.970700008712913,-0.6700361986192177,2.447282004902785,-2.9659830318849623,-3.999968033785268
49.0,20.0,1012.6267700195312,-1.7280583527622944,-3.0019726548241983,1.1771385644732817,4.092467735914754,-0.9674961202286604,1.969450576073591,-0.6700361986192177,2.447282004902785,-2.9659830318849623,-3.999968033785268
49.0,20.0,1012.7208251953124,-1.7472289913329566,-2.6078735366441057,1.1642586641245591,4.5082330345189785,-0.9663206450714404,1.9668367470509835,-0.5452414834305179,2.4641602249782992,-2.894702351469822,-3.589049512808101
49.0,20.0,1013.1928100585938,-1.7280583527622944,-3.0019726548241983,1.1801301701939784,4.092467735914754,-0.966319507550571,1.969450576073591,-0.6591175952996728,2.447282004902785,-2.8962815954708496,-3.999968033785268
49.0,20.0,1013.1994018554688,-1.114120762406325,-2.8122355778440244,-0.93666268476235,4.27118729871602,-0.8216804805484292,2.0540314180768107,-0.6295945132390524,2.5001199054752514,-2.9778655057834684,-1.6182732781407252
49.0,20.0,1013.28271484375,-1.723982940832805,-2.5272903933629345,-0.8922137261186274,3.5344126133177154,-0.7220185659768585,2.2748344629186743,0.3788819178251685,2.481636533755423,-3.500199465243856,-1.790226067639766
49.0,20.0,1013.3002319335938,-2.2323722697561488,-3.1096347646911138,-1.229439040744332,3.5615586041224123,-1.032893219415029,2.0297904751712297,0.3448931780407955,2.3538673264917445,-2.9592159126472493,-1.6502118636914715
49.0,20.0,1013.3443603515624,-2.232139060997544,-2.6160550862232568,1.5546299357298023,4.111328916428084,-0.9662633529517612,1.9670130950588969,-0.5611970738460116,2.465579856313425,-2.894702351469822,-3.674858225643808
49.0,20.0,1013.3443603515624,-2.232139060997544,-2.6160550862232568,1.5546299357298023,4.111328916428084,-0.9662633529517612,1.9670130950588969,-0.5611970738460116,2.465579856313425,-2.894702351469822,-3.674858225643808
49.0,20.0,1013.424072265625,-2.0230856162451767,-3.0272690198543764,1.228814108411283,4.613181725453819,-1.0306684506049584,2.0298330318490714,0.3586414330772284,2.353127200537888,-2.958666128885913,-3.79893987085878
49.0,20.0,1013.577392578125,-2.232139060997544,-2.6080118253393527,1.5546299357298023,4.111328916428084,-0.9662633529517612,1.9670096020776904,-0.5514120652120762,2.465579856313425,-2.894702351469822,-3.5817847576654094
49.0,20.0,1013.5982055664062,-1.872871397930603,-2.5272903933629345,-1.1951562050936682,3.5344126133177154,-0.7220185659768585,2.051642086680517,0.3788819178251685,1.729038115462362,-2.926586759112303,-1.6485714520224208
49.0,20.0,1013.5982055664062,-1.872871397930603,-2.5272903933629345,-1.1951562050936682,3.5344126133177154,-0.7220185659768585,2.051642086680517,0.3788819178251685,1.729038115462362,-2.926586759112303,-1.6485714520224208
49.0,20.0,1013.721435546875,-1.7138305552890016,-2.797330219973935,-1.206892176113302,4.1113751709979445,-0.8213278613256336,1.9754975237182804,-0.6295945132390524,2.5001199054752514,-2.9778655057834684,-1.8340586235675544
49.0,20.0,1013.8724975585938,-1.705212801071515,-2.8129431513693937,-0.93666268476235,3.9333469528419167,-0.8216804805484292,2.0540314180768107,-0.6295945132390524,2.5001199054752514,-2.9778655057834684,-1.834270646464932
49.0,20.0,1013.9884643554688,-1.7280583527622944,-3.0019726548241983,1.1801301701939784,4.111528052094757,-0.966319507550571,1.969450576073591,-0.6591175952996728,2.447282004902785,-2.8947093463793028,-3.999968033785268
49.0,20.0,1013.9884643554688,-1.7280583527622944,-3.0019726548241983,1.1801301701939784,4.111528052094757,-0.966319507550571,1.969450576073591,-0.6591175952996728,2.447282004902785,-2.8947093463793028,-3.999968033785268
49.0,20.0,1014.0676879882812,-1.7104228070041807,-2.5272903933629345,-0.8435297879003534,3.5344126133177154,-0.7220185659768585,2.2748344629186743,0.3788819178251685,2.48121343761259,-3.500199465243856,-1.6433478446959666
49.0,20.0,1014.1029052734376,-1.924007118940098,-3.0272690198543764,1.1801301701939784,4.740253331969106,-0.74242708065601,2.5188111133784075,0.3586414330772284,2.4468522116245883,-2.960441521868161,-3.759047767597427
49.0,20.0,1014.10595703125,-1.7662892144539049,-2.9979762917745543,1.093980220885624,4.740209231643655,-0.7406847989636032,1.9709539001798453,0.3811726440253319,2.4940711278433123,-2.926586759112303,-3.7584452378384494
49.0,20.0,1014.1862182617188,-1.7665110351570568,-2.618541611559001,1.390341225014161,4.0469909622779765,-0.9662633529517612,1.9668367470509835,-0.5513831142524446,2.463867666888223,-2.894702351469822,-3.580177448705044
49.0,20.0,1014.2235717773438,-2.21577150837934,-2.6078735366441057,1.5546299357298023,4.255673556890275,-0.9662633529517612,1.9668367470509835,-0.5513831142524446,2.463867666888223,-2.894702351469822,-3.580177448705044
49.0,20.0,1014.2235717773438,-2.21577150837934,-2.6078735366441057,1.5546299357298023,4.255673556890275,-0.9662633529517612,1.9668367470509835,-0.5513831142524446,2.463867666888223,-2.894702351469822,-3.580177448705044
49.0,20.0,1014.22509765625,-1.7534733656307415,-2.615624298343688,-0.8522940861013799,3.5039495716373468,-0.9488900551664192,2.2748344629186743,0.3896990789288048,2.482693063841966,-3.4574032635765364,-1.729954700270607
49.0,20.0,1014.244873046875,-2.2205641865410435,-3.028856080541803,1.5546299357298023,4.097383474893922,-0.9662633529517612,1.9668367470509835,-0.5513831142524446,2.463867666888223,-2.967611682141198,-3.752957876342048
49.0,20.0,1014.2906494140624,-1.7280583527622944,-3.0019726548241983,1.1801301701939784,4.092467735914754,-0.966319507550571,1.969450576073591,-0.6591175952996728,2.447282004902785,-2.9655013429339325,-3.759047767597427
49.0,20.0,1014.2933959960938,-1.723982940832805,-2.5272903933629345,-0.8922137261186274,3.5344126133177154,-0.7212454975383982,1.980231024740547,0.4260124274205883,2.481636533755423,-3.500199465243856,-1.8515890924228569
49.0,20.0,1014.3018188476562,-2.036645750073801,-3.0272690198543764,1.1801301701939784,4.613181725453819,-1.0306684506049584,2.0298330318490714,0.3586414330772284,2.4468522116245883,-2.958666128885913,-3.759047767597427
49.0,20.0,1014.3773803710938,-2.0230856162451767,-3.0272690198543764,1.2313699256155377,4.091262863205121,-1.031058973172393,2.028371331013322,0.3586414330772284,2.353127200537888,-2.958666128885913,-3.999621318126506
49.0,20.0,1014.3975830078124,-1.7141974710837835,-2.797330219973935,-1.206892176113302,4.1113751709979445,-0.8213278613256336,2.0540314180768107,-0.6295945132390524,2.505008167858695,-3.220352583467061,-1.7610780802572314
49.0,20.0,1014.4669799804688,-1.763131127307234,-3.00210822217506,1.1801301701939784,4.741375269851609,-0.74775065342573,2.0263142320152965,0.3587355576822532,2.017466492406478,-2.958666128885913,-3.759047767597427
49.0,20.0,1014.5502319335938,-2.516396421825966,-3.7625229486419616,-1.353633696439545,1.7259005066255693,-1.1340401479881452,2.2691912554695564,0.7023933449578607,1.7445809752579762,-3.8690436837912894,-1.729994918962259
49.0,20.0,1014.5650024414062,-1.7673120794839052,-3.0019726548241983,1.1801301701939784,4.740253331969106,-0.74242708065601,1.969450576073591,0.3573110480136459,2.447282004902785,-2.926586759112303,-3.759047767597427
49.0,20.0,1014.5741577148438,-2.2345090762973427,-3.024432494997588,-1.229439040744332,3.5344126133177154,-0.7220185659768585,2.0297913983028457,-0.6247950626978352,2.386074520729347,-2.959245626720572,-1.6502118636914715
49.0,21.0,1010.4371948242188,-0.624379356072124,-2.539179760924469,1.1821328534079023,4.698620518950413,-1.0306684506049584,2.0155379889392515,0.3586414330772284,2.352601227833622,-3.6107654381463066,-3.79893987085878
49.0,21.0,1010.6044311523438,-2.7024457115864715,-2.5272903933629345,0.6342939043011587,3.542739513328744,-0.3410039863163017,2.2748344629186743,-0.7097786461021425,2.481636533755423,-3.500199465243856,-1.790226067639766
49.0,21.0,1010.7562255859376,-2.25286435663314,-3.758120538653389,-1.2083075932452785,4.034753383678578,-0.8667422629337116,2.051642086680517,0.6964267374554663,1.7616937813118558,-2.926586759112303,-1.837422098084441
49.0,21.0,1010.89208984375,-1.114120762406325,-2.8122355778440244,-0.93666268476235,4.045019891686085,-0.8216804805484292,2.0540314180768107,-0.6295945132390524,2.5001199054752514,-2.9778655057834684,-1.6182732781407252
49.0,21.0,1010.89208984375,-1.114120762406325,-2.8122355778440244,-0.93666268476235,4.045019891686085,-0.8216804805484292,2.0540314180768107,-0.6295945132390524,2.5001199054752514,-2.9778655057834684,-1.6182732781407252
49.0,21.0,1010.9264526367188,-1.7280583527622944,-3.0019726548241983,1.1801301701939784,4.092467735914754,-1.2704561941562504,1.969450576073591,-0.6591175952996728,2.447282004902785,-2.9655013429339325,-3.759047767597427
49.0,21.0,1010.9789428710938,-1.924007118940098,-3.0272690198543764,1.1801301701939784,4.740253331969106,-0.9546471962124196,2.5188111133784075,0.3586414330772284,2.44727709008892,-2.960441521868161,-3.759047767597427
49.0,21.0,1011.5595703125,-2.0252224227863707,-3.0272690198543764,1.228814108411283,4.745162121043402,-0.7197937971667878,2.0298339549806874,0.3586414330772284,2.385354552946073,-3.086737022576312,-3.79893987085878
49.0,21.0,1011.8033447265624,-2.2345090762973427,-3.0169094203119338,-1.229439040744332,3.5344126133177154,-0.7220185659768585,2.0297913983028457,0.3448931780407955,2.38609467889993,-2.959245626720572,-1.6502118636914715
49.0,21.0,1012.0526733398438,-2.21577150837934,-2.6159167975280093,1.5546299357298023,4.255673556890275,-0.9662633529517612,1.9668402400321896,-0.5611681228863801,2.463867666888223,-2.894702351469822,-3.6732509166834415
49.0,21.0,1012.1002807617188,-1.774318248180133,-1.6802239997635289,1.0546509984681731,3.238894463831297,-1.1022916442134856,3.680982140142002,0.6829754445780797,2.260377804437148,-1.7012470497560126,-3.495042603322303
49.0,21.0,1012.11669921875,-1.7698498423488394,-2.615624298343688,-0.8522940861013799,3.5344126133177154,-0.9488900551664192,2.2748344629186743,0.3896990789288048,2.48121343761259,-3.490499859338573,-1.7506124882146097
49.0,21.0,1012.207763671875,-1.7662892144539049,-2.9870224532091414,1.0783262356501395,4.740209231643655,-0.7406847989636032,1.966934531550993,-0.5660745159892913,2.4940711278433123,-2.926586759112303,-3.585995697317162
49.0,21.0,1012.4342651367188,-1.7280583527622944,-3.0019726548241983,1.1801301701939784,4.092467735914754,-0.966319507550571,1.969450576073591,-0.6591175952996728,2.447282004902785,-2.9655013429339325,-3.999968033785268
49.0,21.0,1012.4342651367188,-1.7280583527622944,-3.0019726548241983,1.1801301701939784,4.092467735914754,-0.966319507550571,1.969450576073591,-0.6591175952996728,2.447282004902785,-2.9655013429339325,-3.999968033785268
49.0,21.0,1012.4342651367188,-1.7280583527622944,-3.0019726548241983,1.1801301701939784,4.092467735914754,-0.966319507550571,1.969450576073591,-0.6591175952996728,2.447282004902785,-2.9655013429339325,-3.999968033785268
49.0,21.0,1012.5042724609376,-1.7280583527622944,-1.6801036481559437,1.1771385644732817,3.545730389161467,-0.9674961202286604,1.970700008712913,-0.6700361986192177,2.447282004902785,-2.9659830318849623,-3.999968033785268
49.0,21.0,1012.5692138671876,-1.7280583527622944,-2.99845230213773,1.1801301701939784,4.04384561237913,-0.968538586866714,1.969450576073591,-0.6591175952996728,2.447282004902785,-2.8962815954708496,-3.94959833130281
49.0,21.0,1012.6267700195312,-1.7280583527622944,-3.0019726548241983,1.1771385644732817,4.092467735914754,-0.9674961202286604,1.969450576073591,-0.6700361986192177,2.447282004902785,-2.9659830318849623,-3.999968033785268
49.0,21.0,1012.7208251953124,-1.7472289913329566,-2.6078735366441057,1.1642586641245591,4.5082330345189785,-0.9663206450714404,1.9668367470509835,-0.5452414834305179,2.4641602249782992,-2.894702351469822,-3.589049512808101
49.0,21.0,1013.1928100585938,-1.7280583527622944,-3.0019726548241983,1.1801301701939784,4.092467735914754,-0.966319507550571,1.969450576073591,-0.6591175952996728,2.447282004902785,-2.8962815954708496,-3.999968033785268
49.0,21.0,1013.1994018554688,-1.114120762406325,-2.8122355778440244,-0.93666268476235,4.27118729871602,-0.8216804805484292,2.0540314180768107,-0.6295945132390524,2.5001199054752514,-2.9778655057834684,-1.6182732781407252
49.0,21.0,1013.2293090820312,-1.7756808420119023,-1.6802239997635289,1.0546509984681731,3.238894463831297,-1.1022916442134856,3.7094439355863313,0.3574338513049935,2.257627576438788,-1.7012470497560126,-3.761865883456456
49.0,21.0,1013.28271484375,-1.723982940832805,-2.5272903933629345,-0.8922137261186274,3.5344126133177154,-0.7220185659768585,2.2748344629186743,0.3788819178251685,2.481636533755423,-3.500199465243856,-1.790226067639766
49.0,21.0,1013.3002319335938,-2.2323722697561488,-3.1096347646911138,-1.229439040744332,3.5615586041224123,-1.032893219415029,2.0297904751712297,0.3448931780407955,2.3538673264917445,-2.9592159126472493,-1.6502118636914715
49.0,21.0,1013.3443603515624,-2.232139060997544,-2.6160550862232568,1.5546299357298023,4.111328916428084,-0.9662633529517612,1.9670130950588969,-0.5611970738460116,2.465579856313425,-2.894702351469822,-3.674858225643808
49.0,21.0,1013.3443603515624,-2.232139060997544,-2.6160550862232568,1.5546299357298023,4.111328916428084,-0.9662633529517612,1.9670130950588969,-0.5611970738460116,2.465579856313425,-2.894702351469822,-3.674858225643808
49.0,21.0,1013.424072265625,-2.0230856162451767,-3.0272690198543764,1.228814108411283,4.613181725453819,-1.0306684506049584,2.0298330318490714,0.3586414330772284,2.353127200537888,-2.958666128885913,-3.79893987085878
49.0,21.0,1013.5470581054688,-1.415788933993823,-2.8157559305304933,-0.93666268476235,4.093642015221709,-0.8194614012322863,2.113169032887357,-0.6295945132390524,2.470337620887965,-2.9778655057834684,-1.6686409116931258
49.0,21.0,1013.577392578125,-2.232139060997544,-2.6080118253393527,1.5546299357298023,4.111328916428084,-0.9662633529517612,1.9670096020776904,-0.5514120652120762,2.465579856313425,-2.894702351469822,-3.5817847576654094
49.0,21.0,1013.5982055664062,-1.872871397930603,-2.5272903933629345,-1.1951562050936682,3.5344126133177154,-0.7220185659768585,2.051642086680517,0.3788819178251685,1.729038115462362,-2.926586759112303,-1.6485714520224208
49.0,21.0,1013.5982055664062,-1.872871397930603,-2.5272903933629345,-1.1951562050936682,3.5344126133177154,-0.7220185659768585,2.051642086680517,0.3788819178251685,1.729038115462362,-2.926586759112303,-1.6485714520224208
49.0,21.0,1013.7085571289062,-1.7280583527622944,-3.0019726548241983,1.1801301701939784,4.092467735914754,-1.2704561941562504,1.969450576073591,-0.6591175952996728,2.3146433653799017,-2.9655013429339325,-3.759047767597427
49.0,21.0,1013.721435546875,-1.7138305552890016,-2.797330219973935,-1.206892176113302,4.1113751709979445,-0.8213278613256336,1.9754975237182804,-0.6295945132390524,2.5001199054752514,-2.9778655057834684,-1.8340586235675544
49.0,21.0,1013.743896484375,-1.705212801071515,-2.8129431513693937,-0.93666268476235,3.9333469528419167,-0.8216804805484292,2.0540314180768107,-0.6295945132390524,2.5001199054752514,-2.9778655057834684,-1.8547363323114685
49.0,21.0,1013.8724975585938,-1.705212801071515,-2.8129431513693937,-0.93666268476235,3.9333469528419167,-0.8216804805484292,2.0540314180768107,-0.6295945132390524,2.5001199054752514,-2.9778655057834684,-1.834270646464932
49.0,21.0,1013.9296875,-2.232139060997544,-2.6160550862232568,1.5202285984625687,4.111328916428084,-0.9662633529517612,1.9670130950588969,-0.5611970738460116,2.465579856313425,-2.894702351469822,-3.674858225643808
49.0,21.0,1013.9884643554688,-1.7280583527622944,-3.0019726548241983,1.1801301701939784,4.111528052094757,-0.966319507550571,1.969450576073591,-0.6591175952996728,2.447282004902785,-2.8947093463793028,-3.999968033785268
49.0,21.0,1013.9884643554688,-1.7280583527622944,-3.0019726548241983,1.1801301701939784,4.111528052094757,-0.966319507550571,1.969450576073591,-0.6591175952996728,2.447282004902785,-2.8947093463793028,-3.999968033785268
49.0,21.0,1014.0676879882812,-1.7104228070041807,-2.5272903933629345,-0.8435297879003534,3.5344126133177154,-0.7220185659768585,2.2748344629186743,0.3788819178251685,2.48121343761259,-3.500199465243856,-1.6433478446959666
49.0,21.0,1014.1029052734376,-1.924007118940098,-3.0272690198543764,1.1801301701939784,4.740253331969106,-0.74242708065601,2.5188111133784075,0.3586414330772284,2.4468522116245883,-2.960441521868161,-3.759047767597427
49.0,21.0,1014.10595703125,-1.7662892144539049,-2.9979762917745543,1.093980220885624,4.740209231643655,-0.7406847989636032,1.9709539001798453,0.3811726440253319,2.4940711278433123,-2.926586759112303,-3.7584452378384494
49.0,21.0,1014.1862182617188,-1.7665110351570568,-2.618541611559001,1.390341225014161,4.0469909622779765,-0.9662633529517612,1.9668367470509835,-0.5513831142524446,2.463867666888223,-2.894702351469822,-3.580177448705044
49.0,21.0,1014.2235717773438,-2.21577150837934,-2.6078735366441057,1.5546299357298023,4.255673556890275,-0.9662633529517612,1.9668367470509835,-0.5513831142524446,2.463867666888223,-2.894702351469822,-3.580177448705044
49.0,21.0,1014.2235717773438,-2.21577150837934,-2.6078735366441057,1.5546299357298023,4.255673556890275,-0.9662633529517612,1.9668367470509835,-0.5513831142524446,2.463867666888223,-2.894702351469822,-3.580177448705044
49.0,21.0,1014.22509765625,-1.7534733656307415,-2.615624298343688,-0.8522940861013799,3.5039495716373468,-0.9488900551664192,2.2748344629186743,0.3896990789288048,2.482693063841966,-3.4574032635765364,-1.729954700270607
49.0,21.0,1014.244873046875,-2.2205641865410435,-3.028856080541803,1.5546299357298023,4.097383474893922,-0.9662633529517612,1.9668367470509835,-0.5513831142524446,2.463867666888223,-2.967611682141198,-3.752957876342048
49.0,21.0,1014.2906494140624,-1.7280583527622944,-3.0019726548241983,1.1801301701939784,4.092467735914754,-0.966319507550571,1.969450576073591,-0.6591175952996728,2.447282004902785,-2.9655013429339325,-3.759047767597427
49.0,21.0,1014.2933959960938,-1.723982940832805,-2.5272903933629345,-0.8922137261186274,3.5344126133177154,-0.7212454975383982,1.980231024740547,0.4260124274205883,2.481636533755423,-3.500199465243856,-1.8515890924228569
49.0,21.0,1014.3018188476562,-2.036645750073801,-3.0272690198543764,1.1801301701939784,4.613181725453819,-1.0306684506049584,2.0298330318490714,0.3586414330772284,2.4468522116245883,-2.958666128885913,-3.759047767597427
49.0,22.0,1010.3126220703124,-1.7280583527622944,-3.0019726548241983,1.1801301701939784,4.092467735914754,-1.2704561941562504,1.969450576073591,-0.6307787368741706,2.4486648010141074,-2.978153568233793,-3.757605187343361
49.0,22.0,1010.4371948242188,-0.624379356072124,-2.539179760924469,1.1821328534079023,4.698620518950413,-1.0306684506049584,2.0155379889392515,0.3586414330772284,2.352601227833622,-3.6107654381463066,-3.79893987085878
49.0,22.0,1010.6044311523438,-2.7024457115864715,-2.5272903933629345,0.6342939043011587,3.542739513328744,-0.3410039863163017,2.2748344629186743,-0.7097786461021425,2.481636533755423,-3.500199465243856,-1.790226067639766
49.0,22.0,1010.7562255859376,-2.25286435663314,-3.758120538653389,-1.2083075932452785,4.034753383678578,-0.8667422629337116,2.051642086680517,0.6964267374554663,1.7616937813118558,-2.926586759112303,-1.837422098084441
49.0,22.0,1010.89208984375,-1.114120762406325,-2.8122355778440244,-0.93666268476235,4.045019891686085,-0.8216804805484292,2.0540314180768107,-0.6295945132390524,2.5001199054752514,-2.9778655057834684,-1.6182732781407252
49.0,22.0,1010.89208984375,-1.114120762406325,-2.8122355778440244,-0.93666268476235,4.045019891686085,-0.8216804805484292,2.0540314180768107,-0.6295945132390524,2.5001199054752514,-2.9778655057834684,-1.6182732781407252
49.0,22.0,1010.89208984375,-1.114120762406325,-2.8122355778440244,-0.93666268476235,4.045019891686085,-0.8216804805484292,2.0540314180768107,-0.6295945132390524,2.5001199054752514,-2.9778655057834684,-1.6182732781407252
49.0,22.0,1010.9264526367188,-1.7280583527622944,-3.0019726548241983,1.1801301701939784,4.092467735914754,-1.2704561941562504,1.969450576073591,-0.6591175952996728,2.447282004902785,-2.9655013429339325,-3.759047767597427
49.0,22.0,1010.9789428710938,-1.924007118940098,-3.0272690198543764,1.1801301701939784,4.740253331969106,-0.9546471962124196,2.5188111133784075,0.3586414330772284,2.44727709008892,-2.960441521868161,-3.759047767597427
49.0,22.0,1011.21142578125,-1.114120762406325,-2.808184642535102,-0.93666268476235,4.045019891686085,-0.8216804805484292,2.054445814023571,-0.636345687412568,2.5001199054752514,-2.9778655057834684,-1.6182732781407252
49.0,22.0,1011.5595703125,-2.0252224227863707,-3.0272690198543764,1.228814108411283,4.745162121043402,-0.7197937971667878,2.0298339549806874,0.3586414330772284,2.385354552946073,-3.086737022576312,-3.79893987085878
49.0,22.0,1011.8033447265624,-2.2345090762973427,-3.0169094203119338,-1.229439040744332,3.5344126133177154,-0.7220185659768585,2.0297913983028457,0.3448931780407955,2.38609467889993,-2.959245626720572,-1.6502118636914715
49.0,22.0,1011.8123779296876,-1.924007118940098,-3.0368620988352184,1.1801301701939784,4.797184586932997,-0.9546471962124196,2.519151229529724,0.3380157721510991,2.447281945341278,-2.960361117692117,-3.7472179815931774
49.0,22.0,1012.0526733398438,-2.21577150837934,-2.6159167975280093,1.5546299357298023,4.255673556890275,-0.9662633529517612,1.9668402400321896,-0.5611681228863801,2.463867666888223,-2.894702351469822,-3.6732509166834415
49.0,22.0,1012.1002807617188,-1.774318248180133,-1.6802239997635289,1.0546509984681731,3.238894463831297,-1.1022916442134856,3.680982140142002,0.6829754445780797,2.260377804437148,-1.7012470497560126,-3.495042603322303
49.0,22.0,1012.11669921875,-1.7698498423488394,-2.615624298343688,-0.8522940861013799,3.5344126133177154,-0.9488900551664192,2.2748344629186743,0.3896990789288048,2.48121343761259,-3.490499859338573,-1.7506124882146097
49.0,22.0,1012.207763671875,-1.7662892144539049,-2.9870224532091414,1.0783262356501395,4.740209231643655,-0.7406847989636032,1.966934531550993,-0.5660745159892913,2.4940711278433123,-2.926586759112303,-3.585995697317162
49.0,22.0,1012.4342651367188,-1.7280583527622944,-3.0019726548241983,1.1801301701939784,4.092467735914754,-0.966319507550571,1.969450576073591,-0.6591175952996728,2.447282004902785,-2.9655013429339325,-3.999968033785268
49.0,22.0,1012.4342651367188,-1.7280583527622944,-3.0019726548241983,1.1801301701939784,4.092467735914754,-0.966319507550571,1.969450576073591,-0.6591175952996728,2.447282004902785,-2.9655013429339325,-3.999968033785268
49.0,22.0,1012.4342651367188,-1.7280583527622944,-3.0019726548241983,1.1801301701939784,4.092467735914754,-0.966319507550571,1.969450576073591,-0.6591175952996728,2.447282004902785,-2.9655013429339325,-3.999968033785268
49.0,22.0,1012.5042724609376,-1.7280583527622944,-1.6801036481559437,1.1771385644732817,3.545730389161467,-0.9674961202286604,1.970700008712913,-0.6700361986192177,2.447282004902785,-2.9659830318849623,-3.999968033785268
49.0,22.0,1012.5692138671876,-1.7280583527622944,-2.99845230213773,1.1801301701939784,4.04384561237913,-0.968538586866714,1.969450576073591,-0.6591175952996728,2.447282004902785,-2.8962815954708496,-3.94959833130281
49.0,22.0,1012.6267700195312,-1.7280583527622944,-3.0019726548241983,1.1771385644732817,4.092467735914754,-0.9674961202286604,1.969450576073591,-0.6700361986192177,2.447282004902785,-2.9659830318849623,-3.999968033785268
49.0,22.0,1012.7208251953124,-1.7472289913329566,-2.6078735366441057,1.1642586641245591,4.5082330345189785,-0.9663206450714404,1.9668367470509835,-0.5452414834305179,2.4641602249782992,-2.894702351469822,-3.589049512808101
49.0,22.0,1012.9402465820312,-2.0230856162451767,-3.001269875790446,1.228649361245003,4.607145720296221,-1.0306684506049584,2.0297481013600263,0.4063850012255507,2.450697307931791,-2.958666128885913,-3.799154609417516
49.0,22.0,1013.0496215820312,-1.774318248180133,-1.6802239997635289,1.0546509984681731,3.238894463831297,-1.089632243179368,3.707307240651737,0.6829754445780797,2.260285701016554,-1.7012470497560126,-3.4976726229261703
49.0,22.0,1013.0563354492188,-1.6564079545160573,-2.6078735366441057,1.1642586641245591,4.042648153502382,-0.9663206450714404,1.9668367470509835,-0.5452414834305179,2.4641602249782992,-2.894702351469822,-3.589049512808101
49.0,22.0,1013.1928100585938,-1.7280583527622944,-3.0019726548241983,1.1801301701939784,4.092467735914754,-0.966319507550571,1.969450576073591,-0.6591175952996728,2.447282004902785,-2.8962815954708496,-3.999968033785268
49.0,22.0,1013.1994018554688,-1.114120762406325,-2.8122355778440244,-0.93666268476235,4.27118729871602,-0.8216804805484292,2.0540314180768107,-0.6295945132390524,2.5001199054752514,-2.9778655057834684,-1.6182732781407252
49.0,22.0,1013.2293090820312,-1.7756808420119023,-1.6802239997635289,1.0546509984681731,3.238894463831297,-1.1022916442134856,3.7094439355863313,0.3574338513049935,2.257627576438788,-1.7012470497560126,-3.761865883456456
49.0,22.0,1013.28271484375,-1.723982940832805,-2.5272903933629345,-0.8922137261186274,3.5344126133177154,-0.7220185659768585,2.2748344629186743,0.3788819178251685,2.481636533755423,-3.500199465243856,-1.790226067639766
49.0,22.0,1013.3002319335938,-2.2323722697561488,-3.1096347646911138,-1.229439040744332,3.5615586041224123,-1.032893219415029,2.0297904751712297,0.3448931780407955,2.3538673264917445,-2.9592159126472493,-1.6502118636914715
49.0,22.0,1013.3443603515624,-2.232139060997544,-2.6160550862232568,1.5546299357298023,4.111328916428084,-0.9662633529517612,1.9670130950588969,-0.5611970738460116,2.465579856313425,-2.894702351469822,-3.674858225643808
49.0,22.0,1013.3443603515624,-2.232139060997544,-2.6160550862232568,1.5546299357298023,4.111328916428084,-0.9662633529517612,1.9670130950588969,-0.5611970738460116,2.465579856313425,-2.894702351469822,-3.674858225643808
49.0,22.0,1013.3443603515624,-2.232139060997544,-2.6160550862232568,1.5546299357298023,4.111328916428084,-0.9662633529517612,1.9670130950588969,-0.5611970738460116,2.465579856313425,-2.894702351469822,-3.674858225643808
49.0,22.0,1013.424072265625,-2.0230856162451767,-3.0272690198543764,1.228814108411283,4.613181725453819,-1.0306684506049584,2.0298330318490714,0.3586414330772284,2.353127200537888,-2.958666128885913,-3.79893987085878
49.0,22.0,1013.5470581054688,-1.415788933993823,-2.8157559305304933,-0.93666268476235,4.093642015221709,-0.8194614012322863,2.113169032887357,-0.6295945132390524,2.470337620887965,-2.9778655057834684,-1.6686409116931258
49.0,22.0,1013.577392578125,-2.232139060997544,-2.6080118253393527,1.5546299357298023,4.111328916428084,-0.9662633529517612,1.9670096020776904,-0.5514120652120762,2.465579856313425,-2.894702351469822,-3.5817847576654094
49.0,22.0,1013.5982055664062,-1.872871397930603,-2.5272903933629345,-1.1951562050936682,3.5344126133177154,-0.7220185659768585,2.051642086680517,0.3788819178251685,1.729038115462362,-2.926586759112303,-1.6485714520224208
49.0,22.0,1013.5982055664062,-1.872871397930603,-2.5272903933629345,-1.1951562050936682,3.5344126133177154,-0.7220185659768585,2.051642086680517,0.3788819178251685,1.729038115462362,-2.926586759112303,-1.6485714520224208
49.0,22.0,1013.7085571289062,-1.7280583527622944,-3.0019726548241983,1.1801301701939784,4.092467735914754,-1.2704561941562504,1.969450576073591,-0.6591175952996728,2.3146433653799017,-2.9655013429339325,-3.759047767597427
49.0,22.0,1013.721435546875,-1.7138305552890016,-2.797330219973935,-1.206892176113302,4.1113751709979445,-0.8213278613256336,1.9754975237182804,-0.6295945132390524,2.5001199054752514,-2.9778655057834684,-1.8340586235675544
49.0,22.0,1013.721435546875,-1.7138305552890016,-2.797330219973935,-1.206892176113302,4.1113751709979445,-0.8213278613256336,1.9754975237182804,-0.6295945132390524,2.5001199054752514,-2.9778655057834684,-1.8340586235675544
49.0,22.0,1013.743896484375,-1.705212801071515,-2.8129431513693937,-0.93666268476235,3.9333469528419167,-0.8216804805484292,2.0540314180768107,-0.6295945132390524,2.5001199054752514,-2.9778655057834684,-1.8547363323114685
49.0,22.0,1013.8724975585938,-1.705212801071515,-2.8129431513693937,-0.93666268476235,3.9333469528419167,-0.8216804805484292,2.0540314180768107,-0.6295945132390524,2.5001199054752514,-2.9778655057834684,-1.834270646464932
49.0,22.0,1013.9296875,-2.232139060997544,-2.6160550862232568,1.5202285984625687,4.111328916428084,-0.9662633529517612,1.9670130950588969,-0.5611970738460116,2.465579856313425,-2.894702351469822,-3.674858225643808
49.0,22.0,1013.9884643554688,-1.7280583527622944,-3.0019726548241983,1.1801301701939784,4.111528052094757,-0.966319507550571,1.969450576073591,-0.6591175952996728,2.447282004902785,-2.8947093463793028,-3.999968033785268
49.0,22.0,1013.9884643554688,-1.7280583527622944,-3.0019726548241983,1.1801301701939784,4.111528052094757,-0.966319507550571,1.969450576073591,-0.6591175952996728,2.447282004902785,-2.8947093463793028,-3.999968033785268
49.0,22.0,1013.9884643554688,-1.7280583527622944,-3.0019726548241983,1.1801301701939784,4.111528052094757,-0.966319507550571,1.969450576073591,-0.6591175952996728,2.447282004902785,-2.8947093463793028,-3.999968033785268
49.0,22.0,1014.0676879882812,-1.7104228070041807,-2.5272903933629345,-0.8435297879003534,3.5344126133177154,-0.7220185659768585,2.2748344629186743,0.3788819178251685,2.48121343761259,-3.500199465243856,-1.6433478446959666
49.0,23.0,1008.52783203125,-2.7628158800530054,-3.092231086594801,0.7504702103665593,3.542739513328744,-0.3410039863163017,2.2748344629186743,-0.7097786461021425,2.481636533755423,-3.500199465243856,-1.790226067639766
49.0,23.0,1009.802490234375,-1.104094744161067,-2.808184642535102,-0.93666268476235,4.045019891686085,-0.9522006569583944,2.053191380454159,-0.6354669145324251,2.498553656621594,-2.900304204227808,-1.6182732781407252
49.0,23.0,1010.3126220703124,-1.7280583527622944,-3.0019726548241983,1.1801301701939784,4.092467735914754,-1.2704561941562504,1.969450576073591,-0.6307787368741706,2.4486648010141074,-2.978153568233793,-3.757605187343361
49.0,23.0,1010.4371948242188,-0.624379356072124,-2.539179760924469,1.1821328534079023,4.698620518950413,-1.0306684506049584,2.0155379889392515,0.3586414330772284,2.352601227833622,-3.6107654381463066,-3.79893987085878
49.0,23.0,1010.5917358398438,-1.7280583527622944,-3.0044460737301937,1.181981544161807,4.0861172860669965,-1.1012480510526237,1.969450576073591,-0.6684977882338963,2.826605701067013,-2.985430864151537,-3.7583679207468648
49.0,23.0,1010.6044311523438,-2.7024457115864715,-2.5272903933629345,0.6342939043011587,3.542739513328744,-0.3410039863163017,2.2748344629186743,-0.7097786461021425,2.481636533755423,-3.500199465243856,-1.790226067639766
49.0,23.0,1010.7562255859376,-2.25286435663314,-3.758120538653389,-1.2083075932452785,4.034753383678578,-0.8667422629337116,2.051642086680517,0.6964267374554663,1.7616937813118558,-2.926586759112303,-1.837422098084441
49.0,23.0,1010.89208984375,-1.114120762406325,-2.8122355778440244,-0.93666268476235,4.045019891686085,-0.8216804805484292,2.0540314180768107,-0.6295945132390524,2.5001199054752514,-2.9778655057834684,-1.6182732781407252
49.0,23.0,1010.89208984375,-1.114120762406325,-2.8122355778440244,-0.93666268476235,4.045019891686085,-0.8216804805484292,2.0540314180768107,-0.6295945132390524,2.5001199054752514,-2.9778655057834684,-1.6182732781407252
49.0,23.0,1010.89208984375,-1.114120762406325,-2.8122355778440244,-0.93666268476235,4.045019891686085,-0.8216804805484292,2.0540314180768107,-0.6295945132390524,2.5001199054752514,-2.9778655057834684,-1.6182732781407252
49.0,23.0,1010.9264526367188,-1.7280583527622944,-3.0019726548241983,1.1801301701939784,4.092467735914754,-1.2704561941562504,1.969450576073591,-0.6591175952996728,2.447282004902785,-2.9655013429339325,-3.759047767597427
49.0,23.0,1010.9789428710938,-1.924007118940098,-3.0272690198543764,1.1801301701939784,4.740253331969106,-0.9546471962124196,2.5188111133784075,0.3586414330772284,2.44727709008892,-2.960441521868161,-3.759047767597427
49.0,23.0,1011.21142578125,-1.114120762406325,-2.808184642535102,-0.93666268476235,4.045019891686085,-0.8216804805484292,2.054445814023571,-0.636345687412568,2.5001199054752514,-2.9778655057834684,-1.6182732781407252
49.0,23.0,1011.3187866210938,-1.9275401379264647,-3.0272690198543764,1.228814108411283,4.730826794170417,-0.9518807757101954,2.516874364366233,0.3586414330772284,2.353127200537888,-2.95862151424557,-3.762911780225066
49.0,23.0,1011.5595703125,-2.0252224227863707,-3.0272690198543764,1.228814108411283,4.745162121043402,-0.7197937971667878,2.0298339549806874,0.3586414330772284,2.385354552946073,-3.086737022576312,-3.79893987085878
49.0,23.0,1011.8033447265624,-2.2345090762973427,-3.0169094203119338,-1.229439040744332,3.5344126133177154,-0.7220185659768585,2.0297913983028457,0.3448931780407955,2.38609467889993,-2.959245626720572,-1.6502118636914715
49.0,23.0,1011.8123779296876,-1.924007118940098,-3.0368620988352184,1.1801301701939784,4.797184586932997,-0.9546471962124196,2.519151229529724,0.3380157721510991,2.447281945341278,-2.960361117692117,-3.7472179815931774
49.0,23.0,1011.9080810546876,-1.7280583527622944,-2.99845230213773,1.1801301701939784,3.86532306077438,-0.968538586866714,1.969450576073591,-0.6591175952996728,2.447282004902785,-2.8962815954708496,-3.94959833130281
49.0,23.0,1011.9589233398438,-1.0537505938874296,-2.8122355778440244,-1.0528389908276832,4.045019891686085,-0.8216804805484292,2.0540314180768107,-0.8139493365432604,2.5001199054752514,-2.9778655057834684,-1.6182732781407252
49.0,23.0,1012.0526733398438,-2.21577150837934,-2.6159167975280093,1.5546299357298023,4.255673556890275,-0.9662633529517612,1.9668402400321896,-0.5611681228863801,2.463867666888223,-2.894702351469822,-3.6732509166834415
49.0,23.0,1012.1002807617188,-1.774318248180133,-1.6802239997635289,1.0546509984681731,3.238894463831297,-1.1022916442134856,3.680982140142002,0.6829754445780797,2.260377804437148,-1.7012470497560126,-3.495042603322303
49.0,23.0,1012.11669921875,-1.7698498423488394,-2.615624298343688,-0.8522940861013799,3.5344126133177154,-0.9488900551664192,2.2748344629186743,0.3896990789288048,2.48121343761259,-3.490499859338573,-1.7506124882146097
49.0,23.0,1012.207763671875,-1.7662892144539049,-2.9870224532091414,1.0783262356501395,4.740209231643655,-0.7406847989636032,1.966934531550993,-0.5660745159892913,2.4940711278433123,-2.926586759112303,-3.585995697317162
49.0,23.0,1012.4342651367188,-1.7280583527622944,-3.0019726548241983,1.1801301701939784,4.092467735914754,-0.966319507550571,1.969450576073591,-0.6591175952996728,2.447282004902785,-2.9655013429339325,-3.999968033785268
49.0,23.0,1012.4342651367188,-1.7280583527622944,-3.0019726548241983,1.1801301701939784,4.092467735914754,-0.966319507550571,1.969450576073591,-0.6591175952996728,2.447282004902785,-2.9655013429339325,-3.999968033785268
49.0,23.0,1012.4342651367188,-1.7280583527622944,-3.0019726548241983,1.1801301701939784,4.092467735914754,-0.966319507550571,1.969450576073591,-0.6591175952996728,2.447282004902785,-2.9655013429339325,-3.999968033785268
49.0,23.0,1012.5042724609376,-1.7280583527622944,-1.6801036481559437,1.1771385644732817,3.545730389161467,-0.9674961202286604,1.970700008712913,-0.6700361986192177,2.447282004902785,-2.9659830318849623,-3.999968033785268
49.0,23.0,1012.5054321289062,-1.7280583527622944,-1.6801036481559437,1.1771385644732817,3.545730389161467,-0.9674108375833524,1.970700008712913,-0.6700361986192177,2.447282004902785,-2.9659830318849623,-3.999968033785268
49.0,23.0,1012.5180053710938,-1.114120762406325,-2.8122355778440244,-0.93666268476235,4.045019891686085,-0.8216804805484292,2.0540314180768107,-0.6295945132390524,2.018037598780025,-2.9778655057834684,-1.6182732781407252
49.0,23.0,1012.5692138671876,-1.7280583527622944,-2.99845230213773,1.1801301701939784,4.04384561237913,-0.968538586866714,1.969450576073591,-0.6591175952996728,2.447282004902785,-2.8962815954708496,-3.94959833130281
49.0,23.0,1012.6267700195312,-1.7280583527622944,-3.0019726548241983,1.1771385644732817,4.092467735914754,-0.9674961202286604,1.969450576073591,-0.6700361986192177,2.447282004902785,-2.9659830318849623,-3.999968033785268
49.0,23.0,1012.7208251953124,-1.7472289913329566,-2.6078735366441057,1.1642586641245591,4.5082330345189785,-0.9663206450714404,1.9668367470509835,-0.5452414834305179,2.4641602249782992,-2.894702351469822,-3.589049512808101
49.0,23.0,1012.9402465820312,-2.0230856162451767,-3.001269875790446,1.228649361245003,4.607145720296221,-1.0306684506049584,2.0297481013600263,0.4063850012255507,2.450697307931791,-2.958666128885913,-3.799154609417516
49.0,23.0,1012.9880981445312,-1.659986368927791,-3.0272690198543764,1.228814108411283,4.048075219648698,-0.7127034032987383,2.0298339549806874,0.3586414330772284,2.385354552946073,-3.086737022576312,-3.79893987085878
49.0,23.0,1013.0496215820312,-1.774318248180133,-1.6802239997635289,1.0546509984681731,3.238894463831297,-1.089632243179368,3.707307240651737,0.6829754445780797,2.260285701016554,-1.7012470497560126,-3.4976726229261703
49.0,23.0,1013.0563354492188,-1.6564079545160573,-2.6078735366441057,1.1642586641245591,4.042648153502382,-0.9663206450714404,1.9668367470509835,-0.5452414834305179,2.4641602249782992,-2.894702351469822,-3.589049512808101
49.0,23.0,1013.1928100585938,-1.7280583527622944,-3.0019726548241983,1.1801301701939784,4.092467735914754,-0.966319507550571,1.969450576073591,-0.6591175952996728,2.447282004902785,-2.8962815954708496,-3.999968033785268
49.0,23.0,1013.1928100585938,-1.7280583527622944,-3.0019726548241983,1.1801301701939784,4.092467735914754,-0.966319507550571,1.969450576073591,-0.6591175952996728,2.447282004902785,-2.8962815954708496,-3.999968033785268
49.0,23.0,1013.1994018554688,-1.114120762406325,-2.8122355778440244,-0.93666268476235,4.27118729871602,-0.8216804805484292,2.0540314180768107,-0.6295945132390524,2.5001199054752514,-2.9778655057834684,-1.6182732781407252
49.0,23.0,1013.2293090820312,-1.7756808420119023,-1.6802239997635289,1.0546509984681731,3.238894463831297,-1.1022916442134856,3.7094439355863313,0.3574338513049935,2.257627576438788,-1.7012470497560126,-3.761865883456456
49.0,23.0,1013.2732543945312,-1.6564079545160573,-2.608313645004068,1.2114194198395254,4.042648153502382,-0.8214002196302634,2.0521417631758183,-0.5489722052631291,2.5010348187188347,-2.890215687911314,-3.589049512808101
49.0,23.0,1013.28271484375,-1.723982940832805,-2.5272903933629345,-0.8922137261186274,3.5344126133177154,-0.7220185659768585,2.2748344629186743,0.3788819178251685,2.481636533755423,-3.500199465243856,-1.790226067639766
49.0,23.0,1013.3002319335938,-2.2323722697561488,-3.1096347646911138,-1.229439040744332,3.5615586041224123,-1.032893219415029,2.0297904751712297,0.3448931780407955,2.3538673264917445,-2.9592159126472493,-1.6502118636914715
49.0,23.0,1013.3443603515624,-2.232139060997544,-2.6160550862232568,1.5546299357298023,4.111328916428084,-0.9662633529517612,1.9670130950588969,-0.5611970738460116,2.465579856313425,-2.894702351469822,-3.674858225643808
49.0,23.0,1013.3443603515624,-2.232139060997544,-2.6160550862232568,1.5546299357298023,4.111328916428084,-0.9662633529517612,1.9670130950588969,-0.5611970738460116,2.465579856313425,-2.894702351469822,-3.674858225643808
49.0,23.0,1013.3443603515624,-2.232139060997544,-2.6160550862232568,1.5546299357298023,4.111328916428084,-0.9662633529517612,1.9670130950588969,-0.5611970738460116,2.465579856313425,-2.894702351469822,-3.674858225643808
49.0,23.0,1013.3443603515624,-2.232139060997544,-2.6160550862232568,1.5546299357298023,4.111328916428084,-0.9662633529517612,1.9670130950588969,-0.5611970738460116,2.465579856313425,-2.894702351469822,-3.674858225643808
49.0,23.0,1013.3456420898438,-2.232139060997544,-2.6160550862232568,1.5546299357298023,4.111328916428084,-0.9663486355970689,1.9670130950588969,-0.5611970738460116,2.465579856313425,-2.894702351469822,-3.674858225643808
49.0,23.0,1013.3895263671876,-2.01955259725881,-3.0272690198543764,1.1801301701939784,4.6226082632524985,-1.0334348711071826,2.0317697808612465,0.3586414330772284,2.44727709008892,-2.960486136508504,-3.79507585823114
49.0,23.0,1013.424072265625,-2.0230856162451767,-3.0272690198543764,1.228814108411283,4.613181725453819,-1.0306684506049584,2.0298330318490714,0.3586414330772284,2.353127200537888,-2.958666128885913,-3.79893987085878
49.0,24.0,1008.52783203125,-2.7628158800530054,-3.092231086594801,0.7504702103665593,3.542739513328744,-0.3410039863163017,2.2748344629186743,-0.7097786461021425,2.481636533755423,-3.500199465243856,-1.790226067639766
49.0,24.0,1009.802490234375,-1.104094744161067,-2.808184642535102,-0.93666268476235,4.045019891686085,-0.9522006569583944,2.053191380454159,-0.6354669145324251,2.498553656621594,-2.900304204227808,-1.6182732781407252
49.0,24.0,1010.3126220703124,-1.7280583527622944,-3.0019726548241983,1.1801301701939784,4.092467735914754,-1.2704561941562504,1.969450576073591,-0.6307787368741706,2.4486648010141074,-2.978153568233793,-3.757605187343361
49.0,24.0,1010.4371948242188,-0.624379356072124,-2.539179760924469,1.1821328534079023,4.698620518950413,-1.0306684506049584,2.0155379889392515,0.3586414330772284,2.352601227833622,-3.6107654381463066,-3.79893987085878
49.0,24.0,1010.5917358398438,-1.7280583527622944,-3.0044460737301937,1.181981544161807,4.0861172860669965,-1.1012480510526237,1.969450576073591,-0.6684977882338963,2.826605701067013,-2.985430864151537,-3.7583679207468648
49.0,24.0,1010.6044311523438,-2.7024457115864715,-2.5272903933629345,0.6342939043011587,3.542739513328744,-0.3410039863163017,2.2748344629186743,-0.7097786461021425,2.481636533755423,-3.500199465243856,-1.790226067639766
49.0,24.0,1010.6044311523438,-2.7024457115864715,-2.5272903933629345,0.6342939043011587,3.542739513328744,-0.3410039863163017,2.2748344629186743,-0.7097786461021425,2.481636533755423,-3.500199465243856,-1.790226067639766
49.0,24.0,1010.7562255859376,-2.25286435663314,-3.758120538653389,-1.2083075932452785,4.034753383678578,-0.8667422629337116,2.051642086680517,0.6964267374554663,1.7616937813118558,-2.926586759112303,-1.837422098084441
49.0,24.0,1010.89208984375,-1.114120762406325,-2.8122355778440244,-0.93666268476235,4.045019891686085,-0.8216804805484292,2.0540314180768107,-0.6295945132390524,2.5001199054752514,-2.9778655057834684,-1.6182732781407252
49.0,24.0,1010.89208984375,-1.114120762406325,-2.8122355778440244,-0.93666268476235,4.045019891686085,-0.8216804805484292,2.0540314180768107,-0.6295945132390524,2.5001199054752514,-2.9778655057834684,-1.6182732781407252
49.0,24.0,1010.89208984375,-1.114120762406325,-2.8122355778440244,-0.93666268476235,4.045019891686085,-0.8216804805484292,2.0540314180768107,-0.6295945132390524,2.5001199054752514,-2.9778655057834684,-1.6182732781407252
49.0,24.0,1010.9264526367188,-1.7280583527622944,-3.0019726548241983,1.1801301701939784,4.092467735914754,-1.2704561941562504,1.969450576073591,-0.6591175952996728,2.447282004902785,-2.9655013429339325,-3.759047767597427
49.0,24.0,1010.9501342773438,-1.114120762406325,-2.8122396364484645,-0.93666268476235,4.045019891686085,-0.8216804805484292,2.054445814023571,-0.6298764340134095,2.5001199054752514,-2.9778655057834684,-1.6182732781407252
49.0,24.0,1010.9789428710938,-1.924007118940098,-3.0272690198543764,1.1801301701939784,4.740253331969106,-0.9546471962124196,2.5188111133784075,0.3586414330772284,2.44727709008892,-2.960441521868161,-3.759047767597427
49.0,24.0,1011.21142578125,-1.114120762406325,-2.808184642535102,-0.93666268476235,4.045019891686085,-0.8216804805484292,2.054445814023571,-0.636345687412568,2.5001199054752514,-2.9778655057834684,-1.6182732781407252
49.0,24.0,1011.2142333984376,-1.114120762406325,-2.808184642535102,-0.93666268476235,4.045019891686085,-0.8216804805484292,2.054445814023571,-0.6363757440523156,2.5001199054752514,-2.9778655057834684,-1.6182732781407252
49.0,24.0,1011.3187866210938,-1.9275401379264647,-3.0272690198543764,1.228814108411283,4.730826794170417,-0.9518807757101954,2.516874364366233,0.3586414330772284,2.353127200537888,-2.95862151424557,-3.762911780225066
49.0,24.0,1011.484375,-1.0537505938874296,-2.8081805839306613,-1.0528389908276832,4.045019891686085,-0.8216804805484292,2.0540314180768107,-0.820418589942419,2.5001199054752514,-2.9778655057834684,-1.6182732781407252
49.0,24.0,1011.5595703125,-2.0252224227863707,-3.0272690198543764,1.228814108411283,4.745162121043402,-0.7197937971667878,2.0298339549806874,0.3586414330772284,2.385354552946073,-3.086737022576312,-3.79893987085878
49.0,24.0,1011.5982055664062,-1.114120762406325,-2.8122355778440244,-0.93666268476235,4.045019891686085,-0.8216804805484292,2.0540314180768107,-0.6295644565993047,2.395467134926595,-2.9778655057834684,-1.6182732781407252
49.0,24.0,1011.7357177734376,-2.25286435663314,-3.7814521868065385,0.7796783828197694,4.034753383678578,0.1018365741196781,2.048052780281944,0.6964267374554663,2.450833511469872,-2.918940404072911,-1.837422098084441
49.0,24.0,1011.8033447265624,-2.2345090762973427,-3.0169094203119338,-1.229439040744332,3.5344126133177154,-0.7220185659768585,2.0297913983028457,0.3448931780407955,2.38609467889993,-2.959245626720572,-1.6502118636914715
49.0,24.0,1011.8123779296876,-1.924007118940098,-3.0368620988352184,1.1801301701939784,4.797184586932997,-0.9546471962124196,2.519151229529724,0.3380157721510991,2.447281945341278,-2.960361117692117,-3.7472179815931774
49.0,24.0,1011.9080810546876,-1.7280583527622944,-2.99845230213773,1.1801301701939784,3.86532306077438,-0.968538586866714,1.969450576073591,-0.6591175952996728,2.447282004902785,-2.8962815954708496,-3.94959833130281
49.0,24.0,1011.9589233398438,-1.0537505938874296,-2.8122355778440244,-1.0528389908276832,4.045019891686085,-0.8216804805484292,2.0540314180768107,-0.8139493365432604,2.5001199054752514,-2.9778655057834684,-1.6182732781407252
49.0,24.0,1012.0526733398438,-2.21577150837934,-2.6159167975280093,1.5546299357298023,4.255673556890275,-0.9662633529517612,1.9668402400321896,-0.5611681228863801,2.463867666888223,-2.894702351469822,-3.6732509166834415
49.0,24.0,1012.1002807617188,-1.774318248180133,-1.6802239997635289,1.0546509984681731,3.238894463831297,-1.1022916442134856,3.680982140142002,0.6829754445780797,2.260377804437148,-1.7012470497560126,-3.495042603322303
49.0,24.0,1012.11669921875,-1.7698498423488394,-2.615624298343688,-0.8522940861013799,3.5344126133177154,-0.9488900551664192,2.2748344629186743,0.3896990789288048,2.48121343761259,-3.490499859338573,-1.7506124882146097
49.0,24.0,1012.207763671875,-1.7662892144539049,-2.9870224532091414,1.0783262356501395,4.740209231643655,-0.7406847989636032,1.966934531550993,-0.5660745159892913,2.4940711278433123,-2.926586759112303,-3.585995697317162
49.0,24.0,1012.4342651367188,-1.7280583527622944,-3.0019726548241983,1.1801301701939784,4.092467735914754,-0.966319507550571,1.969450576073591,-0.6591175952996728,2.447282004902785,-2.9655013429339325,-3.999968033785268
49.0,24.0,1012.4342651367188,-1.7280583527622944,-3.0019726548241983,1.1801301701939784,4.092467735914754,-0.966319507550571,1.969450576073591,-0.6591175952996728,2.447282004902785,-2.9655013429339325,-3.999968033785268
49.0,24.0,1012.4342651367188,-1.7280583527622944,-3.0019726548241983,1.1801301701939784,4.092467735914754,-0.966319507550571,1.969450576073591,-0.6591175952996728,2.447282004902785,-2.9655013429339325,-3.999968033785268
49.0,24.0,1012.5042724609376,-1.7280583527622944,-1.6801036481559437,1.1771385644732817,3.545730389161467,-0.9674961202286604,1.970700008712913,-0.6700361986192177,2.447282004902785,-2.9659830318849623,-3.999968033785268
49.0,24.0,1012.5054321289062,-1.7280583527622944,-1.6801036481559437,1.1771385644732817,3.545730389161467,-0.9674108375833524,1.970700008712913,-0.6700361986192177,2.447282004902785,-2.9659830318849623,-3.999968033785268
49.0,24.0,1012.5180053710938,-1.114120762406325,-2.8122355778440244,-0.93666268476235,4.045019891686085,-0.8216804805484292,2.0540314180768107,-0.6295945132390524,2.018037598780025,-2.9778655057834684,-1.6182732781407252
49.0,24.0,1012.5692138671876,-1.7280583527622944,-2.99845230213773,1.1801301701939784,4.04384561237913,-0.968538586866714,1.969450576073591,-0.6591175952996728,2.447282004902785,-2.8962815954708496,-3.94959833130281
49.0,24.0,1012.6267700195312,-1.7280583527622944,-3.0019726548241983,1.1771385644732817,4.092467735914754,-0.9674961202286604,1.969450576073591,-0.6700361986192177,2.447282004902785,-2.9659830318849623,-3.999968033785268
49.0,24.0,1012.7208251953124,-1.7472289913329566,-2.6078735366441057,1.1642586641245591,4.5082330345189785,-0.9663206450714404,1.9668367470509835,-0.5452414834305179,2.4641602249782992,-2.894702351469822,-3.589049512808101
49.0,24.0,1012.9402465820312,-2.0230856162451767,-3.001269875790446,1.228649361245003,4.607145720296221,-1.0306684506049584,2.0297481013600263,0.4063850012255507,2.450697307931791,-2.958666128885913,-3.799154609417516
49.0,24.0,1012.9880981445312,-1.659986368927791,-3.0272690198543764,1.228814108411283,4.048075219648698,-0.7127034032987383,2.0298339549806874,0.3586414330772284,2.385354552946073,-3.086737022576312,-3.79893987085878
49.0,24.0,1013.0496215820312,-1.774318248180133,-1.6802239997635289,1.0546509984681731,3.238894463831297,-1.089632243179368,3.707307240651737,0.6829754445780797,2.260285701016554,-1.7012470497560126,-3.4976726229261703
49.0,24.0,1013.0563354492188,-1.6564079545160573,-2.6078735366441057,1.1642586641245591,4.042648153502382,-0.9663206450714404,1.9668367470509835,-0.5452414834305179,2.4641602249782992,-2.894702351469822,-3.589049512808101
49.0,24.0,1013.1928100585938,-1.7280583527622944,-3.0019726548241983,1.1801301701939784,4.092467735914754,-0.966319507550571,1.969450576073591,-0.6591175952996728,2.447282004902785,-2.8962815954708496,-3.999968033785268
49.0,24.0,1013.1928100585938,-1.7280583527622944,-3.0019726548241983,1.1801301701939784,4.092467735914754,-0.966319507550571,1.969450576073591,-0.6591175952996728,2.447282004902785,-2.8962815954708496,-3.999968033785268
49.0,24.0,1013.1994018554688,-1.114120762406325,-2.8122355778440244,-0.93666268476235,4.27118729871602,-0.8216804805484292,2.0540314180768107,-0.6295945132390524,2.5001199054752514,-2.9778655057834684,-1.6182732781407252
49.0,24.0,1013.2293090820312,-1.7756808420119023,-1.6802239997635289,1.0546509984681731,3.238894463831297,-1.1022916442134856,3.7094439355863313,0.3574338513049935,2.257627576438788,-1.7012470497560126,-3.761865883456456
49.0,24.0,1013.2732543945312,-1.6564079545160573,-2.608313645004068,1.2114194198395254,4.042648153502382,-0.8214002196302634,2.0521417631758183,-0.5489722052631291,2.5010348187188347,-2.890215687911314,-3.589049512808101
49.0,24.0,1013.28271484375,-1.723982940832805,-2.5272903933629345,-0.8922137261186274,3.5344126133177154,-0.7220185659768585,2.2748344629186743,0.3788819178251685,2.481636533755423,-3.500199465243856,-1.790226067639766
49.0,24.0,1013.3002319335938,-2.2323722697561488,-3.1096347646911138,-1.229439040744332,3.5615586041224123,-1.032893219415029,2.0297904751712297,0.3448931780407955,2.3538673264917445,-2.9592159126472493,-1.6502118636914715
49.0,24.0,1013.3355102539062,-2.2345090762973427,-2.999545917306876,-1.2894148047720742,4.039993457766547,-0.7184608152326433,2.0297913983028457,0.3068696080247036,2.4492437974027337,-2.8909957707703065,-1.6502118636914715
49.0,25.0,1008.52783203125,-2.7628158800530054,-3.092231086594801,0.7504702103665593,3.542739513328744,-0.3410039863163017,2.2748344629186743,-0.7097786461021425,2.481636533755423,-3.500199465243856,-1.790226067639766
49.0,25.0,1008.6472778320312,-2.7482699592641264,-3.084966238921357,0.7504702103665593,3.5283144268276936,-0.3410039863163017,2.284989204513621,-0.7097786461021425,2.481636533755423,-3.500199465243856,-1.790226067639766
49.0,25.0,1009.802490234375,-1.104094744161067,-2.808184642535102,-0.93666268476235,4.045019891686085,-0.9522006569583944,2.053191380454159,-0.6354669145324251,2.498553656621594,-2.900304204227808,-1.6182732781407252
49.0,25.0,1009.8129272460938,-1.1150872705288803,-2.8081805839306613,-1.0514505967599743,4.045019891686085,-0.8216804805484292,2.0540314180768107,-0.820418589942419,2.5001199054752514,-2.9778655057834684,-1.6182732781407252
49.0,25.0,1010.3126220703124,-1.7280583527622944,-3.0019726548241983,1.1801301701939784,4.092467735914754,-1.2704561941562504,1.969450576073591,-0.6307787368741706,2.4486648010141074,-2.978153568233793,-3.757605187343361
49.0,25.0,1010.4371948242188,-0.624379356072124,-2.539179760924469,1.1821328534079023,4.698620518950413,-1.0306684506049584,2.0155379889392515,0.3586414330772284,2.352601227833622,-3.6107654381463066,-3.79893987085878
49.0,25.0,1010.4371948242188,-0.624379356072124,-2.539179760924469,1.1821328534079023,4.698620518950413,-1.0306684506049584,2.0155379889392515,0.3586414330772284,2.352601227833622,-3.6107654381463066,-3.79893987085878
49.0,25.0,1010.5917358398438,-1.7280583527622944,-3.0044460737301937,1.181981544161807,4.0861172860669965,-1.1012480510526237,1.969450576073591,-0.6684977882338963,2.826605701067013,-2.985430864151537,-3.7583679207468648
49.0,25.0,1010.6044311523438,-2.7024457115864715,-2.5272903933629345,0.6342939043011587,3.542739513328744,-0.3410039863163017,2.2748344629186743,-0.7097786461021425,2.481636533755423,-3.500199465243856,-1.790226067639766
49.0,25.0,1010.6044311523438,-2.7024457115864715,-2.5272903933629345,0.6342939043011587,3.542739513328744,-0.3410039863163017,2.2748344629186743,-0.7097786461021425,2.481636533755423,-3.500199465243856,-1.790226067639766
49.0,25.0,1010.7562255859376,-2.25286435663314,-3.758120538653389,-1.2083075932452785,4.034753383678578,-0.8667422629337116,2.051642086680517,0.6964267374554663,1.7616937813118558,-2.926586759112303,-1.837422098084441
49.0,25.0,1010.89208984375,-1.114120762406325,-2.8122355778440244,-0.93666268476235,4.045019891686085,-0.8216804805484292,2.0540314180768107,-0.6295945132390524,2.5001199054752514,-2.9778655057834684,-1.6182732781407252
49.0,25.0,1010.89208984375,-1.114120762406325,-2.8122355778440244,-0.93666268476235,4.045019891686085,-0.8216804805484292,2.0540314180768107,-0.6295945132390524,2.5001199054752514,-2.9778655057834684,-1.6182732781407252
49.0,25.0,1010.89208984375,-1.114120762406325,-2.8122355778440244,-0.93666268476235,4.045019891686085,-0.8216804805484292,2.0540314180768107,-0.6295945132390524,2.5001199054752514,-2.9778655057834684,-1.6182732781407252
49.0,25.0,1010.9264526367188,-1.7280583527622944,-3.0019726548241983,1.1801301701939784,4.092467735914754,-1.2704561941562504,1.969450576073591,-0.6591175952996728,2.447282004902785,-2.9655013429339325,-3.759047767597427
49.0,25.0,1010.9501342773438,-1.114120762406325,-2.8122396364484645,-0.93666268476235,4.045019891686085,-0.8216804805484292,2.054445814023571,-0.6298764340134095,2.5001199054752514,-2.9778655057834684,-1.6182732781407252
49.0,25.0,1010.9789428710938,-1.924007118940098,-3.0272690198543764,1.1801301701939784,4.740253331969106,-0.9546471962124196,2.5188111133784075,0.3586414330772284,2.44727709008892,-2.960441521868161,-3.759047767597427
49.0,25.0,1011.21142578125,-1.114120762406325,-2.808184642535102,-0.93666268476235,4.045019891686085,-0.8216804805484292,2.054445814023571,-0.636345687412568,2.5001199054752514,-2.9778655057834684,-1.6182732781407252
49.0,25.0,1011.2142333984376,-1.114120762406325,-2.808184642535102,-0.93666268476235,4.045019891686085,-0.8216804805484292,2.054445814023571,-0.6363757440523156,2.5001199054752514,-2.9778655057834684,-1.6182732781407252
49.0,25.0,1011.3187866210938,-1.9275401379264647,-3.0272690198543764,1.228814108411283,4.730826794170417,-0.9518807757101954,2.516874364366233,0.3586414330772284,2.353127200537888,-2.95862151424557,-3.762911780225066
49.0,25.0,1011.484375,-1.0537505938874296,-2.8081805839306613,-1.0528389908276832,4.045019891686085,-0.8216804805484292,2.0540314180768107,-0.820418589942419,2.5001199054752514,-2.9778655057834684,-1.6182732781407252
49.0,25.0,1011.5595703125,-2.0252224227863707,-3.0272690198543764,1.228814108411283,4.745162121043402,-0.7197937971667878,2.0298339549806874,0.3586414330772284,2.385354552946073,-3.086737022576312,-3.79893987085878
49.0,25.0,1011.5982055664062,-1.114120762406325,-2.8122355778440244,-0.93666268476235,4.045019891686085,-0.8216804805484292,2.0540314180768107,-0.6295644565993047,2.395467134926595,-2.9778655057834684,-1.6182732781407252
49.0,25.0,1011.7357177734376,-2.25286435663314,-3.7814521868065385,0.7796783828197694,4.034753383678578,0.1018365741196781,2.048052780281944,0.6964267374554663,2.450833511469872,-2.918940404072911,-1.837422098084441
49.0,25.0,1011.8033447265624,-2.2345090762973427,-3.0169094203119338,-1.229439040744332,3.5344126133177154,-0.7220185659768585,2.0297913983028457,0.3448931780407955,2.38609467889993,-2.959245626720572,-1.6502118636914715
49.0,25.0,1011.8123779296876,-1.924007118940098,-3.0368620988352184,1.1801301701939784,4.797184586932997,-0.9546471962124196,2.519151229529724,0.3380157721510991,2.447281945341278,-2.960361117692117,-3.7472179815931774
49.0,25.0,1011.9080810546876,-1.7280583527622944,-2.99845230213773,1.1801301701939784,3.86532306077438,-0.968538586866714,1.969450576073591,-0.6591175952996728,2.447282004902785,-2.8962815954708496,-3.94959833130281
49.0,25.0,1011.9589233398438,-1.0537505938874296,-2.8122355778440244,-1.0528389908276832,4.045019891686085,-0.8216804805484292,2.0540314180768107,-0.8139493365432604,2.5001199054752514,-2.9778655057834684,-1.6182732781407252
49.0,25.0,1012.0526733398438,-2.21577150837934,-2.6159167975280093,1.5546299357298023,4.255673556890275,-0.9662633529517612,1.9668402400321896,-0.5611681228863801,2.463867666888223,-2.894702351469822,-3.6732509166834415
49.0,25.0,1012.1002807617188,-1.774318248180133,-1.6802239997635289,1.0546509984681731,3.238894463831297,-1.1022916442134856,3.680982140142002,0.6829754445780797,2.260377804437148,-1.7012470497560126,-3.495042603322303
49.0,25.0,1012.11669921875,-1.7698498423488394,-2.615624298343688,-0.8522940861013799,3.5344126133177154,-0.9488900551664192,2.2748344629186743,0.3896990789288048,2.48121343761259,-3.490499859338573,-1.7506124882146097
49.0,25.0,1012.207763671875,-1.7662892144539049,-2.9870224532091414,1.0783262356501395,4.740209231643655,-0.7406847989636032,1.966934531550993,-0.5660745159892913,2.4940711278433123,-2.926586759112303,-3.585995697317162
49.0,25.0,1012.4342651367188,-1.7280583527622944,-3.0019726548241983,1.1801301701939784,4.092467735914754,-0.966319507550571,1.969450576073591,-0.6591175952996728,2.447282004902785,-2.9655013429339325,-3.999968033785268
49.0,25.0,1012.4342651367188,-1.7280583527622944,-3.0019726548241983,1.1801301701939784,4.092467735914754,-0.966319507550571,1.969450576073591,-0.6591175952996728,2.447282004902785,-2.9655013429339325,-3.999968033785268
49.0,25.0,1012.4342651367188,-1.7280583527622944,-3.0019726548241983,1.1801301701939784,4.092467735914754,-0.966319507550571,1.969450576073591,-0.6591175952996728,2.447282004902785,-2.9655013429339325,-3.999968033785268
49.0,25.0,1012.4695434570312,-1.729145396839464,-3.0019726548241983,1.1767729206688873,4.048244651382606,-0.966319507550571,1.969450576073591,-0.6591175952996728,2.4465758276146468,-2.8962815954708496,-3.999968033785268
49.0,25.0,1012.5042724609376,-1.7280583527622944,-1.6801036481559437,1.1771385644732817,3.545730389161467,-0.9674961202286604,1.970700008712913,-0.6700361986192177,2.447282004902785,-2.9659830318849623,-3.999968033785268
49.0,25.0,1012.5052490234376,-1.052784085764874,-2.808184642535102,-0.9380510788300588,4.045019891686085,-0.8216804805484292,2.054445814023571,-0.636345687412568,2.5001199054752514,-3.0027234564361773,-1.6182732781407252
49.0,25.0,1012.5054321289062,-1.7280583527622944,-1.6801036481559437,1.1771385644732817,3.545730389161467,-0.9674108375833524,1.970700008712913,-0.6700361986192177,2.447282004902785,-2.9659830318849623,-3.999968033785268
49.0,25.0,1012.5180053710938,-1.114120762406325,-2.8122355778440244,-0.93666268476235,4.045019891686085,-0.8216804805484292,2.0540314180768107,-0.6295945132390524,2.018037598780025,-2.9778655057834684,-1.6182732781407252
49.0,25.0,1012.5692138671876,-1.7280583527622944,-2.99845230213773,1.1801301701939784,4.04384561237913,-0.968538586866714,1.969450576073591,-0.6591175952996728,2.447282004902785,-2.8962815954708496,-3.94959833130281
49.0,25.0,1012.5943603515624,-2.719184146448033,-2.5272903933629345,0.6342939043011587,3.545727256365475,-0.3373542663294321,2.2748344629186743,0.4085560540384232,2.481636533755423,-3.500199465243856,-1.790226067639766
49.0,25.0,1012.6187744140624,-1.711319917900703,-1.6801036481559437,1.1771385644732817,3.542742646124736,-0.971060557570222,1.970700008712913,-0.6692534816390248,2.447282004902785,-2.9659830318849623,-3.999968033785268
49.0,25.0,1012.6267700195312,-1.7280583527622944,-3.0019726548241983,1.1771385644732817,4.092467735914754,-0.9674961202286604,1.969450576073591,-0.6700361986192177,2.447282004902785,-2.9659830318849623,-3.999968033785268
49.0,25.0,1012.693359375,-1.7280583527622944,-3.322054067255232,1.1801301701939784,4.092467735914754,-0.9666208778712222,1.9672185989351152,-0.6563276049704326,2.447634562605285,-2.9799446143749626,-3.999968033785268
49.0,25.0,1012.7208251953124,-1.7472289913329566,-2.6078735366441057,1.1642586641245591,4.5082330345189785,-0.9663206450714404,1.9668367470509835,-0.5452414834305179,2.4641602249782992,-2.894702351469822,-3.589049512808101
49.0,25.0,1012.9402465820312,-2.0230856162451767,-3.001269875790446,1.228649361245003,4.607145720296221,-1.0306684506049584,2.0297481013600263,0.4063850012255507,2.450697307931791,-2.958666128885913,-3.799154609417516
49.0,25.0,1012.9880981445312,-1.659986368927791,-3.0272690198543764,1.228814108411283,4.048075219648698,-0.7127034032987383,2.0298339549806874,0.3586414330772284,2.385354552946073,-3.086737022576312,-3.79893987085878
49.0,25.0,1013.0496215820312,-1.774318248180133,-1.6802239997635289,1.0546509984681731,3.238894463831297,-1.089632243179368,3.707307240651737,0.6829754445780797,2.260285701016554,-1.7012470497560126,-3.4976726229261703
49.0,25.0,1013.0563354492188,-1.6564079545160573,-2.6078735366441057,1.1642586641245591,4.042648153502382,-0.9663206450714404,1.9668367470509835,-0.5452414834305179,2.4641602249782992,-2.894702351469822,-3.589049512808101
49.0,26.0,1008.52783203125,-2.7628158800530054,-3.092231086594801,0.7504702103665593,3.542739513328744,-0.3410039863163017,2.2748344629186743,-0.7097786461021425,2.481636533755423,-3.500199465243856,-1.790226067639766
49.0,26.0,1008.6472778320312,-2.7482699592641264,-3.084966238921357,0.7504702103665593,3.5283144268276936,-0.3410039863163017,2.284989204513621,-0.7097786461021425,2.481636533755423,-3.500199465243856,-1.790226067639766
49.0,26.0,1009.4500122070312,-2.7482699592641264,-3.073972614491514,0.6374087385480485,3.527468642738132,-0.3410039863163017,2.284989204513621,-0.7097786461021425,2.481636533755423,-3.500199465243856,-1.790226067639766
49.0,26.0,1009.7125244140624,-2.7024457115864715,-2.538284017792777,0.7473553761196696,3.5435852974183053,-0.3410039863163017,2.2748344629186743,-0.7097786461021425,2.481636533755423,-3.500199465243856,-1.790226067639766
49.0,26.0,1009.802490234375,-1.104094744161067,-2.808184642535102,-0.93666268476235,4.045019891686085,-0.9522006569583944,2.053191380454159,-0.6354669145324251,2.498553656621594,-2.900304204227808,-1.6182732781407252
49.0,26.0,1009.8129272460938,-1.1150872705288803,-2.8081805839306613,-1.0514505967599743,4.045019891686085,-0.8216804805484292,2.0540314180768107,-0.820418589942419,2.5001199054752514,-2.9778655057834684,-1.6182732781407252
49.0,26.0,1010.3126220703124,-1.7280583527622944,-3.0019726548241983,1.1801301701939784,4.092467735914754,-1.2704561941562504,1.969450576073591,-0.6307787368741706,2.4486648010141074,-2.978153568233793,-3.757605187343361
49.0,26.0,1010.4371948242188,-0.624379356072124,-2.539179760924469,1.1821328534079023,4.698620518950413,-1.0306684506049584,2.0155379889392515,0.3586414330772284,2.352601227833622,-3.6107654381463066,-3.79893987085878
49.0,26.0,1010.4371948242188,-0.624379356072124,-2.539179760924469,1.1821328534079023,4.698620518950413,-1.0306684506049584,2.0155379889392515,0.3586414330772284,2.352601227833622,-3.6107654381463066,-3.79893987085878
49.0,26.0,1010.4747314453124,-0.624379356072124,-2.527123521944169,1.5116847722509594,4.736208831473048,-1.0306684506049584,2.283674529681352,0.3586414330772284,2.4811627938130774,-3.50923846308118,-3.79893987085878
49.0,26.0,1010.53564453125,-2.25286435663314,-3.758120538653389,-1.2083075932452785,4.034753383678578,-0.8667422629337116,2.051642086680517,0.6964267374554663,2.0653911985163784,-2.542682650844689,-1.837422098084441
49.0,26.0,1010.5829467773438,-0.5765559775706732,-2.5445775445689875,1.1821328534079023,4.698620518950413,-0.9690743774022144,2.0196914830595585,0.3586414330772284,2.352601227833622,-3.6107654381463066,-3.79893987085878
49.0,26.0,1010.5917358398438,-1.7280583527622944,-3.0044460737301937,1.181981544161807,4.0861172860669965,-1.1012480510526237,1.969450576073591,-0.6684977882338963,2.826605701067013,-2.985430864151537,-3.7583679207468648
49.0,26.0,1010.6044311523438,-2.7024457115864715,-2.5272903933629345,0.6342939043011587,3.542739513328744,-0.3410039863163017,2.2748344629186743,-0.7097786461021425,2.481636533755423,-3.500199465243856,-1.790226067639766
49.0,26.0,1010.6044311523438,-2.7024457115864715,-2.5272903933629345,0.6342939043011587,3.542739513328744,-0.3410039863163017,2.2748344629186743,-0.7097786461021425,2.481636533755423,-3.500199465243856,-1.790226067639766
49.0,26.0,1010.7562255859376,-2.25286435663314,-3.758120538653389,-1.2083075932452785,4.034753383678578,-0.8667422629337116,2.051642086680517,0.6964267374554663,1.7616937813118558,-2.926586759112303,-1.837422098084441
49.0,26.0,1010.89208984375,-1.114120762406325,-2.8122355778440244,-0.93666268476235,4.045019891686085,-0.8216804805484292,2.0540314180768107,-0.6295945132390524,2.5001199054752514,-2.9778655057834684,-1.6182732781407252
49.0,26.0,1010.89208984375,-1.114120762406325,-2.8122355778440244,-0.93666268476235,4.045019891686085,-0.8216804805484292,2.0540314180768107,-0.6295945132390524,2.5001199054752514,-2.9778655057834684,-1.6182732781407252
49.0,26.0,1010.89208984375,-1.114120762406325,-2.8122355778440244,-0.93666268476235,4.045019891686085,-0.8216804805484292,2.0540314180768107,-0.6295945132390524,2.5001199054752514,-2.9778655057834684,-1.6182732781407252
49.0,26.0,1010.89208984375,-1.114120762406325,-2.8122355778440244,-0.93666268476235,4.045019891686085,-0.8216804805484292,2.0540314180768107,-0.6295945132390524,2.5001199054752514,-2.9778655057834684,-1.6182732781407252
49.0,26.0,1010.9264526367188,-1.7280583527622944,-3.0019726548241983,1.1801301701939784,4.092467735914754,-1.2704561941562504,1.969450576073591,-0.6591175952996728,2.447282004902785,-2.9655013429339325,-3.759047767597427
49.0,26.0,1010.9501342773438,-1.114120762406325,-2.8122396364484645,-0.93666268476235,4.045019891686085,-0.8216804805484292,2.054445814023571,-0.6298764340134095,2.5001199054752514,-2.9778655057834684,-1.6182732781407252
49.0,26.0,1010.9789428710938,-1.924007118940098,-3.0272690198543764,1.1801301701939784,4.740253331969106,-0.9546471962124196,2.5188111133784075,0.3586414330772284,2.44727709008892,-2.960441521868161,-3.759047767597427
49.0,26.0,1011.0018920898438,-1.114120762406325,-2.811238443123032,-0.93666268476235,4.045019891686085,-0.8216804805484292,2.0504663433945565,-0.636345687412568,2.5001199054752514,-2.9778655057834684,-1.6182732781407252
49.0,26.0,1011.21142578125,-1.114120762406325,-2.808184642535102,-0.93666268476235,4.045019891686085,-0.8216804805484292,2.054445814023571,-0.636345687412568,2.5001199054752514,-2.9778655057834684,-1.6182732781407252
49.0,26.0,1011.2142333984376,-1.114120762406325,-2.808184642535102,-0.93666268476235,4.045019891686085,-0.8216804805484292,2.054445814023571,-0.6363757440523156,2.5001199054752514,-2.9778655057834684,-1.6182732781407252
49.0,26.0,1011.2233276367188,-1.1031952850975475,-2.8122355778440244,-0.93666268476235,4.045019891686085,-0.8221256975242981,2.0540314180768107,-0.6295305658598439,2.500099112243148,-2.9778655057834684,-1.6182732781407252
49.0,26.0,1011.3187866210938,-1.9275401379264647,-3.0272690198543764,1.228814108411283,4.730826794170417,-0.9518807757101954,2.516874364366233,0.3586414330772284,2.353127200537888,-2.95862151424557,-3.762911780225066
49.0,26.0,1011.484375,-1.0537505938874296,-2.8081805839306613,-1.0528389908276832,4.045019891686085,-0.8216804805484292,2.0540314180768107,-0.820418589942419,2.5001199054752514,-2.9778655057834684,-1.6182732781407252
49.0,26.0,1011.502197265625,-2.7482699592641264,-3.084966238921357,0.7504702103665593,3.5283144268276936,-0.957897326419362,2.0605131121448093,-0.7097786461021425,2.4987452754487105,-3.435379449404796,-1.790226067639766
49.0,26.0,1011.5595703125,-2.0252224227863707,-3.0272690198543764,1.228814108411283,4.745162121043402,-0.7197937971667878,2.0298339549806874,0.3586414330772284,2.385354552946073,-3.086737022576312,-3.79893987085878
49.0,26.0,1011.5736694335938,-1.7769687753409102,-2.99657487117968,1.1767729206688873,4.048244651382606,-1.027913580753315,1.965297081953284,-0.6591175952996728,2.4465758276146468,-2.8962815954708496,-3.999968033785268
49.0,26.0,1011.5982055664062,-1.114120762406325,-2.8122355778440244,-0.93666268476235,4.045019891686085,-0.8216804805484292,2.0540314180768107,-0.6295644565993047,2.395467134926595,-2.9778655057834684,-1.6182732781407252
49.0,26.0,1011.7357177734376,-2.25286435663314,-3.7814521868065385,0.7796783828197694,4.034753383678578,0.1018365741196781,2.048052780281944,0.6964267374554663,2.450833511469872,-2.918940404072911,-1.837422098084441
49.0,26.0,1011.8033447265624,-2.2345090762973427,-3.0169094203119338,-1.229439040744332,3.5344126133177154,-0.7220185659768585,2.0297913983028457,0.3448931780407955,2.38609467889993,-2.959245626720572,-1.6502118636914715
49.0,26.0,1011.8123779296876,-1.924007118940098,-3.0368620988352184,1.1801301701939784,4.797184586932997,-0.9546471962124196,2.519151229529724,0.3380157721510991,2.447281945341278,-2.960361117692117,-3.7472179815931774
49.0,26.0,1011.9080810546876,-1.7280583527622944,-2.99845230213773,1.1801301701939784,3.86532306077438,-0.968538586866714,1.969450576073591,-0.6591175952996728,2.447282004902785,-2.8962815954708496,-3.94959833130281
49.0,26.0,1011.9589233398438,-1.0537505938874296,-2.8122355778440244,-1.0528389908276832,4.045019891686085,-0.8216804805484292,2.0540314180768107,-0.8139493365432604,2.5001199054752514,-2.9778655057834684,-1.6182732781407252
49.0,26.0,1012.0526733398438,-2.21577150837934,-2.6159167975280093,1.5546299357298023,4.255673556890275,-0.9662633529517612,1.9668402400321896,-0.5611681228863801,2.463867666888223,-2.894702351469822,-3.6732509166834415
49.0,26.0,1012.1002807617188,-1.774318248180133,-1.6802239997635289,1.0546509984681731,3.238894463831297,-1.1022916442134856,3.680982140142002,0.6829754445780797,2.260377804437148,-1.7012470497560126,-3.495042603322303
49.0,26.0,1012.11669921875,-1.7698498423488394,-2.615624298343688,-0.8522940861013799,3.5344126133177154,-0.9488900551664192,2.2748344629186743,0.3896990789288048,2.48121343761259,-3.490499859338573,-1.7506124882146097
49.0,26.0,1012.207763671875,-1.7662892144539049,-2.9870224532091414,1.0783262356501395,4.740209231643655,-0.7406847989636032,1.966934531550993,-0.5660745159892913,2.4940711278433123,-2.926586759112303,-3.585995697317162
49.0,26.0,1012.4342651367188,-1.7280583527622944,-3.0019726548241983,1.1801301701939784,4.092467735914754,-0.966319507550571,1.969450576073591,-0.6591175952996728,2.447282004902785,-2.9655013429339325,-3.999968033785268
49.0,26.0,1012.4342651367188,-1.7280583527622944,-3.0019726548241983,1.1801301701939784,4.092467735914754,-0.966319507550571,1.969450576073591,-0.6591175952996728,2.447282004902785,-2.9655013429339325,-3.999968033785268
49.0,26.0,1012.4342651367188,-1.7280583527622944,-3.0019726548241983,1.1801301701939784,4.092467735914754,-0.966319507550571,1.969450576073591,-0.6591175952996728,2.447282004902785,-2.9655013429339325,-3.999968033785268
49.0,26.0,1012.4371948242188,-1.0728669666662325,-2.787853345454228,-1.0263264773287708,3.9096405863850174,-0.8216804805484292,2.054289839733909,-0.6691538712408647,2.4997816007870792,-2.9778655057834684,-1.6182732781407252
49.0,26.0,1012.4695434570312,-1.729145396839464,-3.0019726548241983,1.1767729206688873,4.048244651382606,-0.966319507550571,1.969450576073591,-0.6591175952996728,2.4465758276146468,-2.8962815954708496,-3.999968033785268
49.0,26.0,1012.4803466796876,-1.1150872705288803,-2.8081805839306613,-1.0514505967599743,4.045019891686085,-0.8216804805484292,2.0540314180768107,-0.820418589942419,2.5001199054752514,-3.204550990312593,-1.6182732781407252
49.0,26.0,1012.5042724609376,-1.7280583527622944,-1.6801036481559437,1.1771385644732817,3.545730389161467,-0.9674961202286604,1.970700008712913,-0.6700361986192177,2.447282004902785,-2.9659830318849623,-3.999968033785268
49.0,26.0,1012.5052490234376,-1.052784085764874,-2.808184642535102,-0.9380510788300588,4.045019891686085,-0.8216804805484292,2.054445814023571,-0.636345687412568,2.5001199054752514,-3.0027234564361773,-1.6182732781407252
49.0,27.0,1008.52783203125,-2.7628158800530054,-3.092231086594801,0.7504702103665593,3.542739513328744,-0.3410039863163017,2.2748344629186743,-0.7097786461021425,2.481636533755423,-3.500199465243856,-1.790226067639766
49.0,27.0,1008.6472778320312,-2.7482699592641264,-3.084966238921357,0.7504702103665593,3.5283144268276936,-0.3410039863163017,2.284989204513621,-0.7097786461021425,2.481636533755423,-3.500199465243856,-1.790226067639766
49.0,27.0,1008.6472778320312,-2.7482699592641264,-3.084966238921357,0.7504702103665593,3.5283144268276936,-0.3410039863163017,2.284989204513621,-0.7097786461021425,2.481636533755423,-3.500199465243856,-1.790226067639766
49.0,27.0,1009.4500122070312,-2.7482699592641264,-3.073972614491514,0.6374087385480485,3.527468642738132,-0.3410039863163017,2.284989204513621,-0.7097786461021425,2.481636533755423,-3.500199465243856,-1.790226067639766
49.0,27.0,1009.7125244140624,-2.7024457115864715,-2.538284017792777,0.7473553761196696,3.5435852974183053,-0.3410039863163017,2.2748344629186743,-0.7097786461021425,2.481636533755423,-3.500199465243856,-1.790226067639766
49.0,27.0,1009.802490234375,-1.104094744161067,-2.808184642535102,-0.93666268476235,4.045019891686085,-0.9522006569583944,2.053191380454159,-0.6354669145324251,2.498553656621594,-2.900304204227808,-1.6182732781407252
49.0,27.0,1009.8129272460938,-1.1150872705288803,-2.8081805839306613,-1.0514505967599743,4.045019891686085,-0.8216804805484292,2.0540314180768107,-0.820418589942419,2.5001199054752514,-2.9778655057834684,-1.6182732781407252
49.0,27.0,1010.3126220703124,-1.7280583527622944,-3.0019726548241983,1.1801301701939784,4.092467735914754,-1.2704561941562504,1.969450576073591,-0.6307787368741706,2.4486648010141074,-2.978153568233793,-3.757605187343361
49.0,27.0,1010.4371948242188,-0.624379356072124,-2.539179760924469,1.1821328534079023,4.698620518950413,-1.0306684506049584,2.0155379889392515,0.3586414330772284,2.352601227833622,-3.6107654381463066,-3.79893987085878
49.0,27.0,1010.4371948242188,-0.624379356072124,-2.539179760924469,1.1821328534079023,4.698620518950413,-1.0306684506049584,2.0155379889392515,0.3586414330772284,2.352601227833622,-3.6107654381463066,-3.79893987085878
49.0,27.0,1010.4747314453124,-0.624379356072124,-2.527123521944169,1.5116847722509594,4.736208831473048,-1.0306684506049584,2.283674529681352,0.3586414330772284,2.4811627938130774,-3.50923846308118,-3.79893987085878
49.0,27.0,1010.53564453125,-2.25286435663314,-3.758120538653389,-1.2083075932452785,4.034753383678578,-0.8667422629337116,2.051642086680517,0.6964267374554663,2.0653911985163784,-2.542682650844689,-1.837422098084441
49.0,27.0,1010.5829467773438,-0.5765559775706732,-2.5445775445689875,1.1821328534079023,4.698620518950413,-0.9690743774022144,2.0196914830595585,0.3586414330772284,2.352601227833622,-3.6107654381463066,-3.79893987085878
49.0,27.0,1010.5917358398438,-1.7280583527622944,-3.0044460737301937,1.181981544161807,4.0861172860669965,-1.1012480510526237,1.969450576073591,-0.6684977882338963,2.826605701067013,-2.985430864151537,-3.7583679207468648
49.0,27.0,1010.6044311523438,-2.7024457115864715,-2.5272903933629345,0.6342939043011587,3.542739513328744,-0.3410039863163017,2.2748344629186743,-0.7097786461021425,2.481636533755423,-3.500199465243856,-1.790226067639766
49.0,27.0,1010.6044311523438,-2.7024457115864715,-2.5272903933629345,0.6342939043011587,3.542739513328744,-0.3410039863163017,2.2748344629186743,-0.7097786461021425,2.481636533755423,-3.500199465243856,-1.790226067639766
49.0,27.0,1010.7562255859376,-2.25286435663314,-3.758120538653389,-1.2083075932452785,4.034753383678578,-0.8667422629337116,2.051642086680517,0.6964267374554663,1.7616937813118558,-2.926586759112303,-1.837422098084441
49.0,27.0,1010.89208984375,-1.114120762406325,-2.8122355778440244,-0.93666268476235,4.045019891686085,-0.8216804805484292,2.0540314180768107,-0.6295945132390524,2.5001199054752514,-2.9778655057834684,-1.6182732781407252
49.0,27.0,1010.89208984375,-1.114120762406325,-2.8122355778440244,-0.93666268476235,4.045019891686085,-0.8216804805484292,2.0540314180768107,-0.6295945132390524,2.5001199054752514,-2.9778655057834684,-1.6182732781407252
49.0,27.0,1010.89208984375,-1.114120762406325,-2.8122355778440244,-0.93666268476235,4.045019891686085,-0.8216804805484292,2.0540314180768107,-0.6295945132390524,2.5001199054752514,-2.9778655057834684,-1.6182732781407252
49.0,27.0,1010.89208984375,-1.114120762406325,-2.8122355778440244,-0.93666268476235,4.045019891686085,-0.8216804805484292,2.0540314180768107,-0.6295945132390524,2.5001199054752514,-2.9778655057834684,-1.6182732781407252
49.0,27.0,1010.9264526367188,-1.7280583527622944,-3.0019726548241983,1.1801301701939784,4.092467735914754,-1.2704561941562504,1.969450576073591,-0.6591175952996728,2.447282004902785,-2.9655013429339325,-3.759047767597427
49.0,27.0,1010.9501342773438,-1.114120762406325,-2.8122396364484645,-0.93666268476235,4.045019891686085,-0.8216804805484292,2.054445814023571,-0.6298764340134095,2.5001199054752514,-2.9778655057834684,-1.6182732781407252
49.0,27.0,1010.9789428710938,-1.924007118940098,-3.0272690198543764,1.1801301701939784,4.740253331969106,-0.9546471962124196,2.5188111133784075,0.3586414330772284,2.44727709008892,-2.960441521868161,-3.759047767597427
49.0,27.0,1011.0018920898438,-1.114120762406325,-2.811238443123032,-0.93666268476235,4.045019891686085,-0.8216804805484292,2.0504663433945565,-0.636345687412568,2.5001199054752514,-2.9778655057834684,-1.6182732781407252
49.0,27.0,1011.003173828125,-1.114120762406325,-2.8112628506838138,-0.93666268476235,4.045019891686085,-0.8216804805484292,2.0504663433945565,-0.636345687412568,2.5001199054752514,-2.9778655057834684,-1.6182732781407252
49.0,27.0,1011.21142578125,-1.114120762406325,-2.808184642535102,-0.93666268476235,4.045019891686085,-0.8216804805484292,2.054445814023571,-0.636345687412568,2.5001199054752514,-2.9778655057834684,-1.6182732781407252
49.0,27.0,1011.2142333984376,-1.114120762406325,-2.808184642535102,-0.93666268476235,4.045019891686085,-0.8216804805484292,2.054445814023571,-0.6363757440523156,2.5001199054752514,-2.9778655057834684,-1.6182732781407252
49.0,27.0,1011.2233276367188,-1.1031952850975475,-2.8122355778440244,-0.93666268476235,4.045019891686085,-0.8221256975242981,2.0540314180768107,-0.6295305658598439,2.500099112243148,-2.9778655057834684,-1.6182732781407252
49.0,27.0,1011.3187866210938,-1.9275401379264647,-3.0272690198543764,1.228814108411283,4.730826794170417,-0.9518807757101954,2.516874364366233,0.3586414330772284,2.353127200537888,-2.95862151424557,-3.762911780225066
49.0,27.0,1011.484375,-1.0537505938874296,-2.8081805839306613,-1.0528389908276832,4.045019891686085,-0.8216804805484292,2.0540314180768107,-0.820418589942419,2.5001199054752514,-2.9778655057834684,-1.6182732781407252
49.0,27.0,1011.4844360351562,-1.0537505938874296,-2.8081561763698795,-1.0528389908276832,4.045019891686085,-0.8216804805484292,2.0540314180768107,-0.820418589942419,2.5001199054752514,-2.9778655057834684,-1.6182732781407252
49.0,27.0,1011.502197265625,-2.7482699592641264,-3.084966238921357,0.7504702103665593,3.5283144268276936,-0.957897326419362,2.0605131121448093,-0.7097786461021425,2.4987452754487105,-3.435379449404796,-1.790226067639766
49.0,27.0,1011.5595703125,-2.0252224227863707,-3.0272690198543764,1.228814108411283,4.745162121043402,-0.7197937971667878,2.0298339549806874,0.3586414330772284,2.385354552946073,-3.086737022576312,-3.79893987085878
49.0,27.0,1011.5736694335938,-1.7769687753409102,-2.99657487117968,1.1767729206688873,4.048244651382606,-1.027913580753315,1.965297081953284,-0.6591175952996728,2.4465758276146468,-2.8962815954708496,-3.999968033785268
49.0,27.0,1011.5982055664062,-1.114120762406325,-2.8122355778440244,-0.93666268476235,4.045019891686085,-0.8216804805484292,2.0540314180768107,-0.6295644565993047,2.395467134926595,-2.9778655057834684,-1.6182732781407252
49.0,27.0,1011.7357177734376,-2.25286435663314,-3.7814521868065385,0.7796783828197694,4.034753383678578,0.1018365741196781,2.048052780281944,0.6964267374554663,2.450833511469872,-2.918940404072911,-1.837422098084441
49.0,27.0,1011.7586669921876,-2.723048114600413,-3.133842173342753,0.7186250773485564,3.4942102785305127,-0.837314449084111,2.284989204513621,-0.7097786461021425,2.481636533755423,-3.4746228930795025,-1.7818122217674084
49.0,27.0,1011.7606201171876,-1.0879192467444916,-2.8122355778440244,-0.93666268476235,4.045019891686085,-0.8216804805484292,2.0540314180768107,-0.6295945132390524,2.5001199054752514,-2.9778655057834684,-1.6182732781407252
49.0,27.0,1011.8033447265624,-2.2345090762973427,-3.0169094203119338,-1.229439040744332,3.5344126133177154,-0.7220185659768585,2.0297913983028457,0.3448931780407955,2.38609467889993,-2.959245626720572,-1.6502118636914715
49.0,27.0,1011.8123779296876,-1.924007118940098,-3.0368620988352184,1.1801301701939784,4.797184586932997,-0.9546471962124196,2.519151229529724,0.3380157721510991,2.447281945341278,-2.960361117692117,-3.7472179815931774
49.0,27.0,1011.9080810546876,-1.7280583527622944,-2.99845230213773,1.1801301701939784,3.86532306077438,-0.968538586866714,1.969450576073591,-0.6591175952996728,2.447282004902785,-2.8962815954708496,-3.94959833130281
49.0,27.0,1011.9589233398438,-1.0537505938874296,-2.8122355778440244,-1.0528389908276832,4.045019891686085,-0.8216804805484292,2.0540314180768107,-0.8139493365432604,2.5001199054752514,-2.9778655057834684,-1.6182732781407252
49.0,27.0,1012.0526733398438,-2.21577150837934,-2.6159167975280093,1.5546299357298023,4.255673556890275,-0.9662633529517612,1.9668402400321896,-0.5611681228863801,2.463867666888223,-2.894702351469822,-3.6732509166834415
49.0,27.0,1012.1002807617188,-1.774318248180133,-1.6802239997635289,1.0546509984681731,3.238894463831297,-1.1022916442134856,3.680982140142002,0.6829754445780797,2.260377804437148,-1.7012470497560126,-3.495042603322303
49.0,27.0,1012.11669921875,-1.7698498423488394,-2.615624298343688,-0.8522940861013799,3.5344126133177154,-0.9488900551664192,2.2748344629186743,0.3896990789288048,2.48121343761259,-3.490499859338573,-1.7506124882146097
49.0,27.0,1012.207763671875,-1.7662892144539049,-2.9870224532091414,1.0783262356501395,4.740209231643655,-0.7406847989636032,1.966934531550993,-0.5660745159892913,2.4940711278433123,-2.926586759112303,-3.585995697317162
49.0,27.0,1012.4342651367188,-1.7280583527622944,-3.0019726548241983,1.1801301701939784,4.092467735914754,-0.966319507550571,1.969450576073591,-0.6591175952996728,2.447282004902785,-2.9655013429339325,-3.999968033785268
49.0,27.0,1012.4342651367188,-1.7280583527622944,-3.0019726548241983,1.1801301701939784,4.092467735914754,-0.966319507550571,1.969450576073591,-0.6591175952996728,2.447282004902785,-2.9655013429339325,-3.999968033785268
49.0,27.0,1012.4342651367188,-1.7280583527622944,-3.0019726548241983,1.1801301701939784,4.092467735914754,-0.966319507550571,1.969450576073591,-0.6591175952996728,2.447282004902785,-2.9655013429339325,-3.999968033785268
49.0,28.0,1008.52783203125,-2.7628158800530054,-3.092231086594801,0.7504702103665593,3.542739513328744,-0.3410039863163017,2.2748344629186743,-0.7097786461021425,2.481636533755423,-3.500199465243856,-1.790226067639766
49.0,28.0,1008.6472778320312,-2.7482699592641264,-3.084966238921357,0.7504702103665593,3.5283144268276936,-0.3410039863163017,2.284989204513621,-0.7097786461021425,2.481636533755423,-3.500199465243856,-1.790226067639766
49.0,28.0,1008.6472778320312,-2.7482699592641264,-3.084966238921357,0.7504702103665593,3.5283144268276936,-0.3410039863163017,2.284989204513621,-0.7097786461021425,2.481636533755423,-3.500199465243856,-1.790226067639766
49.0,28.0,1008.8161010742188,-2.7496646126559536,-3.084966238921357,0.7473930079054903,3.5283144268276936,-0.3410039863163017,2.284989204513621,-0.7097786461021425,2.481636533755423,-3.500199465243856,-1.790226067639766
49.0,28.0,1009.4500122070312,-2.7482699592641264,-3.073972614491514,0.6374087385480485,3.527468642738132,-0.3410039863163017,2.284989204513621,-0.7097786461021425,2.481636533755423,-3.500199465243856,-1.790226067639766
49.0,28.0,1009.7125244140624,-2.7024457115864715,-2.538284017792777,0.7473553761196696,3.5435852974183053,-0.3410039863163017,2.2748344629186743,-0.7097786461021425,2.481636533755423,-3.500199465243856,-1.790226067639766
49.0,28.0,1009.802490234375,-1.104094744161067,-2.808184642535102,-0.93666268476235,4.045019891686085,-0.9522006569583944,2.053191380454159,-0.6354669145324251,2.498553656621594,-2.900304204227808,-1.6182732781407252
49.0,28.0,1009.8129272460938,-1.1150872705288803,-2.8081805839306613,-1.0514505967599743,4.045019891686085,-0.8216804805484292,2.0540314180768107,-0.820418589942419,2.5001199054752514,-2.9778655057834684,-1.6182732781407252
49.0,28.0,1010.2432861328124,-1.1150872705288803,-2.813057033299628,-1.0514312965819288,4.045019891686085,-0.823157046266668,2.0540739774888506,-0.820418589942419,2.541843525129004,-2.9778655057834684,-1.6228985256918826
49.0,28.0,1010.244873046875,-0.5798401384673663,-2.5445775445689875,1.1821328534079023,4.698620518950413,-0.9685441362798936,2.015508866615602,0.3586414330772284,2.352601227833622,-3.6107654381463066,-3.79893987085878
49.0,28.0,1010.3126220703124,-1.7280583527622944,-3.0019726548241983,1.1801301701939784,4.092467735914754,-1.2704561941562504,1.969450576073591,-0.6307787368741706,2.4486648010141074,-2.978153568233793,-3.757605187343361
49.0,28.0,1010.4371948242188,-0.624379356072124,-2.539179760924469,1.1821328534079023,4.698620518950413,-1.0306684506049584,2.0155379889392515,0.3586414330772284,2.352601227833622,-3.6107654381463066,-3.79893987085878
49.0,28.0,1010.4371948242188,-0.624379356072124,-2.539179760924469,1.1821328534079023,4.698620518950413,-1.0306684506049584,2.0155379889392515,0.3586414330772284,2.352601227833622,-3.6107654381463066,-3.79893987085878
49.0,28.0,1010.4747314453124,-0.624379356072124,-2.527123521944169,1.5116847722509594,4.736208831473048,-1.0306684506049584,2.283674529681352,0.3586414330772284,2.4811627938130774,-3.50923846308118,-3.79893987085878
49.0,28.0,1010.53564453125,-2.25286435663314,-3.758120538653389,-1.2083075932452785,4.034753383678578,-0.8667422629337116,2.051642086680517,0.6964267374554663,2.0653911985163784,-2.542682650844689,-1.837422098084441
49.0,28.0,1010.5663452148438,-0.5765559775706732,-2.5445775445689875,1.1821328534079023,4.698620518950413,-0.9673599040318992,2.0201072842684984,0.3586414330772284,2.352601227833622,-3.6107654381463066,-3.79893987085878
49.0,28.0,1010.5829467773438,-0.5765559775706732,-2.5445775445689875,1.1821328534079023,4.698620518950413,-0.9690743774022144,2.0196914830595585,0.3586414330772284,2.352601227833622,-3.6107654381463066,-3.79893987085878
49.0,28.0,1010.5917358398438,-1.7280583527622944,-3.0044460737301937,1.181981544161807,4.0861172860669965,-1.1012480510526237,1.969450576073591,-0.6684977882338963,2.826605701067013,-2.985430864151537,-3.7583679207468648
49.0,28.0,1010.6044311523438,-2.7024457115864715,-2.5272903933629345,0.6342939043011587,3.542739513328744,-0.3410039863163017,2.2748344629186743,-0.7097786461021425,2.481636533755423,-3.500199465243856,-1.790226067639766
49.0,28.0,1010.6044311523438,-2.7024457115864715,-2.5272903933629345,0.6342939043011587,3.542739513328744,-0.3410039863163017,2.2748344629186743,-0.7097786461021425,2.481636533755423,-3.500199465243856,-1.790226067639766
49.0,28.0,1010.7144165039062,-0.621095195175431,-2.539179760924469,1.1821328534079023,4.698620518950413,-1.031198691727279,2.019720605383208,0.3586414330772284,2.352601227833622,-3.6107654381463066,-3.79893987085878
49.0,28.0,1010.7562255859376,-2.25286435663314,-3.758120538653389,-1.2083075932452785,4.034753383678578,-0.8667422629337116,2.051642086680517,0.6964267374554663,1.7616937813118558,-2.926586759112303,-1.837422098084441
49.0,28.0,1010.8718872070312,-2.25286435663314,-3.7532440892671257,-1.2083268934233242,4.034753383678578,-0.8652656972154729,2.0515995272684773,0.6964267374554663,1.7199701616581025,-2.926586759112303,-1.832796850533284
49.0,28.0,1010.89208984375,-1.114120762406325,-2.8122355778440244,-0.93666268476235,4.045019891686085,-0.8216804805484292,2.0540314180768107,-0.6295945132390524,2.5001199054752514,-2.9778655057834684,-1.6182732781407252
49.0,28.0,1010.89208984375,-1.114120762406325,-2.8122355778440244,-0.93666268476235,4.045019891686085,-0.8216804805484292,2.0540314180768107,-0.6295945132390524,2.5001199054752514,-2.9778655057834684,-1.6182732781407252
49.0,28.0,1010.89208984375,-1.114120762406325,-2.8122355778440244,-0.93666268476235,4.045019891686085,-0.8216804805484292,2.0540314180768107,-0.6295945132390524,2.5001199054752514,-2.9778655057834684,-1.6182732781407252
49.0,28.0,1010.89208984375,-1.114120762406325,-2.8122355778440244,-0.93666268476235,4.045019891686085,-0.8216804805484292,2.0540314180768107,-0.6295945132390524,2.5001199054752514,-2.9778655057834684,-1.6182732781407252
49.0,28.0,1010.8929443359376,-1.114120762406325,-2.8122355778440244,-0.93666268476235,4.045019891686085,-0.8216804805484292,2.054039567158004,-0.6295945132390524,2.5001199054752514,-2.9778655057834684,-1.6182732781407252
49.0,28.0,1010.9264526367188,-1.7280583527622944,-3.0019726548241983,1.1801301701939784,4.092467735914754,-1.2704561941562504,1.969450576073591,-0.6591175952996728,2.447282004902785,-2.9655013429339325,-3.759047767597427
49.0,28.0,1010.9501342773438,-1.114120762406325,-2.8122396364484645,-0.93666268476235,4.045019891686085,-0.8216804805484292,2.054445814023571,-0.6298764340134095,2.5001199054752514,-2.9778655057834684,-1.6182732781407252
49.0,28.0,1010.9789428710938,-1.924007118940098,-3.0272690198543764,1.1801301701939784,4.740253331969106,-0.9546471962124196,2.5188111133784075,0.3586414330772284,2.44727709008892,-2.960441521868161,-3.759047767597427
49.0,28.0,1011.0018920898438,-1.114120762406325,-2.811238443123032,-0.93666268476235,4.045019891686085,-0.8216804805484292,2.0504663433945565,-0.636345687412568,2.5001199054752514,-2.9778655057834684,-1.6182732781407252
49.0,28.0,1011.003173828125,-1.114120762406325,-2.8112628506838138,-0.93666268476235,4.045019891686085,-0.8216804805484292,2.0504663433945565,-0.636345687412568,2.5001199054752514,-2.9778655057834684,-1.6182732781407252
49.0,28.0,1011.21142578125,-1.114120762406325,-2.808184642535102,-0.93666268476235,4.045019891686085,-0.8216804805484292,2.054445814023571,-0.636345687412568,2.5001199054752514,-2.9778655057834684,-1.6182732781407252
49.0,28.0,1011.2142333984376,-1.114120762406325,-2.808184642535102,-0.93666268476235,4.045019891686085,-0.8216804805484292,2.054445814023571,-0.6363757440523156,2.5001199054752514,-2.9778655057834684,-1.6182732781407252
49.0,28.0,1011.2233276367188,-1.1031952850975475,-2.8122355778440244,-0.93666268476235,4.045019891686085,-0.8221256975242981,2.0540314180768107,-0.6295305658598439,2.500099112243148,-2.9778655057834684,-1.6182732781407252
49.0,28.0,1011.252197265625,-0.624379356072124,-2.5389883513349534,1.1818285219884603,4.736208831473048,-1.0306684506049584,2.283674529681352,0.3586414330772284,2.3584079745833244,-3.612876970107499,-3.79893987085878
49.0,28.0,1011.3187866210938,-1.9275401379264647,-3.0272690198543764,1.228814108411283,4.730826794170417,-0.9518807757101954,2.516874364366233,0.3586414330772284,2.353127200537888,-2.95862151424557,-3.762911780225066
49.0,28.0,1011.484375,-1.0537505938874296,-2.8081805839306613,-1.0528389908276832,4.045019891686085,-0.8216804805484292,2.0540314180768107,-0.820418589942419,2.5001199054752514,-2.9778655057834684,-1.6182732781407252
49.0,28.0,1011.4844360351562,-1.0537505938874296,-2.8081561763698795,-1.0528389908276832,4.045019891686085,-0.8216804805484292,2.0540314180768107,-0.820418589942419,2.5001199054752514,-2.9778655057834684,-1.6182732781407252
49.0,28.0,1011.502197265625,-2.7482699592641264,-3.084966238921357,0.7504702103665593,3.5283144268276936,-0.957897326419362,2.0605131121448093,-0.7097786461021425,2.4987452754487105,-3.435379449404796,-1.790226067639766
49.0,28.0,1011.5289306640624,-1.0537505938874296,-3.0717669461637445,-1.0528389908276832,4.045019891686085,-0.8216804805484292,2.0540314180768107,-0.820418589942419,2.4989426814017834,-2.9778655057834684,-1.4656549963201564
49.0,28.0,1011.5595703125,-2.0252224227863707,-3.0272690198543764,1.228814108411283,4.745162121043402,-0.7197937971667878,2.0298339549806874,0.3586414330772284,2.385354552946073,-3.086737022576312,-3.79893987085878
49.0,28.0,1011.5736694335938,-1.7769687753409102,-2.99657487117968,1.1767729206688873,4.048244651382606,-1.027913580753315,1.965297081953284,-0.6591175952996728,2.4465758276146468,-2.8962815954708496,-3.999968033785268
49.0,28.0,1011.5982055664062,-1.114120762406325,-2.8122355778440244,-0.93666268476235,4.045019891686085,-0.8216804805484292,2.0540314180768107,-0.6295644565993047,2.395467134926595,-2.9778655057834684,-1.6182732781407252
49.0,28.0,1011.6236572265624,-2.7482699592641264,-3.084966238921357,0.7504702103665593,3.5426657770269934,-0.6289330507521569,2.277128918755685,-0.4610620857154632,2.4987452754487105,-3.4346027138714303,-1.790226067639766
49.0,28.0,1011.7357177734376,-2.25286435663314,-3.7814521868065385,0.7796783828197694,4.034753383678578,0.1018365741196781,2.048052780281944,0.6964267374554663,2.450833511469872,-2.918940404072911,-1.837422098084441
49.0,28.0,1011.7586669921876,-2.723048114600413,-3.133842173342753,0.7186250773485564,3.4942102785305127,-0.837314449084111,2.284989204513621,-0.7097786461021425,2.481636533755423,-3.4746228930795025,-1.7818122217674084
49.0,28.0,1011.7606201171876,-1.0879192467444916,-2.8122355778440244,-0.93666268476235,4.045019891686085,-0.8216804805484292,2.0540314180768107,-0.6295945132390524,2.5001199054752514,-2.9778655057834684,-1.6182732781407252
49.0,28.0,1011.7606201171876,-1.0879192467444916,-2.8122355778440244,-0.93666268476235,4.045019891686085,-0.8216804805484292,2.0540314180768107,-0.6295945132390524,2.5001199054752514,-2.9778655057834684,-1.6182732781407252
49.0,29.0,1008.52783203125,-2.7628158800530054,-3.092231086594801,0.7504702103665593,3.542739513328744,-0.3410039863163017,2.2748344629186743,-0.7097786461021425,2.481636533755423,-3.500199465243856,-1.790226067639766
49.0,29.0,1008.6472778320312,-2.7482699592641264,-3.084966238921357,0.7504702103665593,3.5283144268276936,-0.3410039863163017,2.284989204513621,-0.7097786461021425,2.481636533755423,-3.500199465243856,-1.790226067639766
49.0,29.0,1008.6472778320312,-2.7482699592641264,-3.084966238921357,0.7504702103665593,3.5283144268276936,-0.3410039863163017,2.284989204513621,-0.7097786461021425,2.481636533755423,-3.500199465243856,-1.790226067639766
49.0,29.0,1008.6472778320312,-2.7482699592641264,-3.084966238921357,0.7504702103665593,3.5283144268276936,-0.3410039863163017,2.284989204513621,-0.7097786461021425,2.481636533755423,-3.500199465243856,-1.790226067639766
49.0,29.0,1008.6472778320312,-2.7482699592641264,-3.084966238921357,0.7504702103665593,3.5283144268276936,-0.3410039863163017,2.284989204513621,-0.7097786461021425,2.481636533755423,-3.500199465243856,-1.790226067639766
49.0,29.0,1008.8161010742188,-2.7496646126559536,-3.084966238921357,0.7473930079054903,3.5283144268276936,-0.3410039863163017,2.284989204513621,-0.7097786461021425,2.481636533755423,-3.500199465243856,-1.790226067639766
49.0,29.0,1009.4500122070312,-2.7482699592641264,-3.073972614491514,0.6374087385480485,3.527468642738132,-0.3410039863163017,2.284989204513621,-0.7097786461021425,2.481636533755423,-3.500199465243856,-1.790226067639766
49.0,29.0,1009.7125244140624,-2.7024457115864715,-2.538284017792777,0.7473553761196696,3.5435852974183053,-0.3410039863163017,2.2748344629186743,-0.7097786461021425,2.481636533755423,-3.500199465243856,-1.790226067639766
49.0,29.0,1009.802490234375,-1.104094744161067,-2.808184642535102,-0.93666268476235,4.045019891686085,-0.9522006569583944,2.053191380454159,-0.6354669145324251,2.498553656621594,-2.900304204227808,-1.6182732781407252
49.0,29.0,1009.8129272460938,-1.1150872705288803,-2.8081805839306613,-1.0514505967599743,4.045019891686085,-0.8216804805484292,2.0540314180768107,-0.820418589942419,2.5001199054752514,-2.9778655057834684,-1.6182732781407252
49.0,29.0,1009.8728637695312,-2.727512982621944,-2.538284017792777,0.7473553761196696,3.5435852974183053,-0.3470083089839344,2.2748344629186743,-0.6245286797261308,2.481636533755423,-3.500199465243856,-1.790226067639766
49.0,29.0,1010.2432861328124,-1.1150872705288803,-2.813057033299628,-1.0514312965819288,4.045019891686085,-0.823157046266668,2.0540739774888506,-0.820418589942419,2.541843525129004,-2.9778655057834684,-1.6228985256918826
49.0,29.0,1010.244873046875,-0.5798401384673663,-2.5445775445689875,1.1821328534079023,4.698620518950413,-0.9685441362798936,2.015508866615602,0.3586414330772284,2.352601227833622,-3.6107654381463066,-3.79893987085878
49.0,29.0,1010.257568359375,-0.5765737405696972,-2.5393864293363366,1.1821328534079023,4.698620518950413,-0.9673599040318992,2.0200377962858425,0.3586414330772284,2.352601227833622,-3.6107654381463066,-3.79893987085878
49.0,29.0,1010.3126220703124,-1.7280583527622944,-3.0019726548241983,1.1801301701939784,4.092467735914754,-1.2704561941562504,1.969450576073591,-0.6307787368741706,2.4486648010141074,-2.978153568233793,-3.757605187343361
49.0,29.0,1010.4371948242188,-0.624379356072124,-2.539179760924469,1.1821328534079023,4.698620518950413,-1.0306684506049584,2.0155379889392515,0.3586414330772284,2.352601227833622,-3.6107654381463066,-3.79893987085878
49.0,29.0,1010.4371948242188,-0.624379356072124,-2.539179760924469,1.1821328534079023,4.698620518950413,-1.0306684506049584,2.0155379889392515,0.3586414330772284,2.352601227833622,-3.6107654381463066,-3.79893987085878
49.0,29.0,1010.4371948242188,-0.624379356072124,-2.539179760924469,1.1821328534079023,4.698620518950413,-1.0306684506049584,2.0155379889392515,0.3586414330772284,2.352601227833622,-3.6107654381463066,-3.79893987085878
49.0,29.0,1010.4747314453124,-0.624379356072124,-2.527123521944169,1.5116847722509594,4.736208831473048,-1.0306684506049584,2.283674529681352,0.3586414330772284,2.4811627938130774,-3.50923846308118,-3.79893987085878
49.0,29.0,1010.53564453125,-2.25286435663314,-3.758120538653389,-1.2083075932452785,4.034753383678578,-0.8667422629337116,2.051642086680517,0.6964267374554663,2.0653911985163784,-2.542682650844689,-1.837422098084441
49.0,29.0,1010.5663452148438,-0.5765559775706732,-2.5445775445689875,1.1821328534079023,4.698620518950413,-0.9673599040318992,2.0201072842684984,0.3586414330772284,2.352601227833622,-3.6107654381463066,-3.79893987085878
49.0,29.0,1010.5829467773438,-0.5765559775706732,-2.5445775445689875,1.1821328534079023,4.698620518950413,-0.9690743774022144,2.0196914830595585,0.3586414330772284,2.352601227833622,-3.6107654381463066,-3.79893987085878
49.0,29.0,1010.5917358398438,-1.7280583527622944,-3.0044460737301937,1.181981544161807,4.0861172860669965,-1.1012480510526237,1.969450576073591,-0.6684977882338963,2.826605701067013,-2.985430864151537,-3.7583679207468648
49.0,29.0,1010.6044311523438,-2.7024457115864715,-2.5272903933629345,0.6342939043011587,3.542739513328744,-0.3410039863163017,2.2748344629186743,-0.7097786461021425,2.481636533755423,-3.500199465243856,-1.790226067639766
49.0,29.0,1010.6044311523438,-2.7024457115864715,-2.5272903933629345,0.6342939043011587,3.542739513328744,-0.3410039863163017,2.2748344629186743,-0.7097786461021425,2.481636533755423,-3.500199465243856,-1.790226067639766
49.0,29.0,1010.7144165039062,-0.621095195175431,-2.539179760924469,1.1821328534079023,4.698620518950413,-1.031198691727279,2.019720605383208,0.3586414330772284,2.352601227833622,-3.6107654381463066,-3.79893987085878
49.0,29.0,1010.7562255859376,-2.25286435663314,-3.758120538653389,-1.2083075932452785,4.034753383678578,-0.8667422629337116,2.051642086680517,0.6964267374554663,1.7616937813118558,-2.926586759112303,-1.837422098084441
49.0,29.0,1010.8718872070312,-2.25286435663314,-3.7532440892671257,-1.2083268934233242,4.034753383678578,-0.8652656972154729,2.0515995272684773,0.6964267374554663,1.7199701616581025,-2.926586759112303,-1.832796850533284
49.0,29.0,1010.89208984375,-1.114120762406325,-2.8122355778440244,-0.93666268476235,4.045019891686085,-0.8216804805484292,2.0540314180768107,-0.6295945132390524,2.5001199054752514,-2.9778655057834684,-1.6182732781407252
49.0,29.0,1010.89208984375,-1.114120762406325,-2.8122355778440244,-0.93666268476235,4.045019891686085,-0.8216804805484292,2.0540314180768107,-0.6295945132390524,2.5001199054752514,-2.9778655057834684,-1.6182732781407252
49.0,29.0,1010.89208984375,-1.114120762406325,-2.8122355778440244,-0.93666268476235,4.045019891686085,-0.8216804805484292,2.0540314180768107,-0.6295945132390524,2.5001199054752514,-2.9778655057834684,-1.6182732781407252
49.0,29.0,1010.89208984375,-1.114120762406325,-2.8122355778440244,-0.93666268476235,4.045019891686085,-0.8216804805484292,2.0540314180768107,-0.6295945132390524,2.5001199054752514,-2.9778655057834684,-1.6182732781407252
49.0,29.0,1010.8929443359376,-1.114120762406325,-2.8122355778440244,-0.93666268476235,4.045019891686085,-0.8216804805484292,2.054039567158004,-0.6295945132390524,2.5001199054752514,-2.9778655057834684,-1.6182732781407252
49.0,29.0,1010.9264526367188,-1.7280583527622944,-3.0019726548241983,1.1801301701939784,4.092467735914754,-1.2704561941562504,1.969450576073591,-0.6591175952996728,2.447282004902785,-2.9655013429339325,-3.759047767597427
49.0,29.0,1010.9501342773438,-1.114120762406325,-2.8122396364484645,-0.93666268476235,4.045019891686085,-0.8216804805484292,2.054445814023571,-0.6298764340134095,2.5001199054752514,-2.9778655057834684,-1.6182732781407252
49.0,29.0,1010.9789428710938,-1.924007118940098,-3.0272690198543764,1.1801301701939784,4.740253331969106,-0.9546471962124196,2.5188111133784075,0.3586414330772284,2.44727709008892,-2.960441521868161,-3.759047767597427
49.0,29.0,1011.0018920898438,-1.114120762406325,-2.811238443123032,-0.93666268476235,4.045019891686085,-0.8216804805484292,2.0504663433945565,-0.636345687412568,2.5001199054752514,-2.9778655057834684,-1.6182732781407252
49.0,29.0,1011.0018920898438,-1.114120762406325,-2.811238443123032,-0.93666268476235,4.045019891686085,-0.8216804805484292,2.0504663433945565,-0.636345687412568,2.5001199054752514,-2.9778655057834684,-1.6182732781407252
49.0,29.0,1011.003173828125,-1.114120762406325,-2.8112628506838138,-0.93666268476235,4.045019891686085,-0.8216804805484292,2.0504663433945565,-0.636345687412568,2.5001199054752514,-2.9778655057834684,-1.6182732781407252
49.0,29.0,1011.1821899414062,-0.6236696097971107,-2.5445775445689875,1.1818221710224392,4.698730270312565,-0.9673599040318992,2.036286094633984,0.3586414330772284,2.352601227833622,-3.6107654381463066,-3.79893987085878
49.0,29.0,1011.21142578125,-1.114120762406325,-2.808184642535102,-0.93666268476235,4.045019891686085,-0.8216804805484292,2.054445814023571,-0.636345687412568,2.5001199054752514,-2.9778655057834684,-1.6182732781407252
49.0,29.0,1011.2142333984376,-1.114120762406325,-2.808184642535102,-0.93666268476235,4.045019891686085,-0.8216804805484292,2.054445814023571,-0.6363757440523156,2.5001199054752514,-2.9778655057834684,-1.6182732781407252
49.0,29.0,1011.2233276367188,-1.1031952850975475,-2.8122355778440244,-0.93666268476235,4.045019891686085,-0.8221256975242981,2.0540314180768107,-0.6295305658598439,2.500099112243148,-2.9778655057834684,-1.6182732781407252
49.0,29.0,1011.252197265625,-0.624379356072124,-2.5389883513349534,1.1818285219884603,4.736208831473048,-1.0306684506049584,2.283674529681352,0.3586414330772284,2.3584079745833244,-3.612876970107499,-3.79893987085878
49.0,29.0,1011.3187866210938,-1.9275401379264647,-3.0272690198543764,1.228814108411283,4.730826794170417,-0.9518807757101954,2.516874364366233,0.3586414330772284,2.353127200537888,-2.95862151424557,-3.762911780225066
49.0,29.0,1011.4180908203124,-1.0890534913498089,-2.8122355778440244,-0.93666268476235,4.045019891686085,-0.8156761578807965,2.0540314180768107,-0.714844479615064,2.5001199054752514,-2.9778655057834684,-1.6182732781407252
49.0,29.0,1011.4262084960938,-1.1151296275281135,-2.808184746372141,-0.93666268476235,4.045019891686085,-0.9500186198020486,2.0540066123591965,-0.8538652899900476,2.498607451301025,-2.899179919234895,-1.6182732781407252
49.0,29.0,1011.484375,-1.0537505938874296,-2.8081805839306613,-1.0528389908276832,4.045019891686085,-0.8216804805484292,2.0540314180768107,-0.820418589942419,2.5001199054752514,-2.9778655057834684,-1.6182732781407252
49.0,29.0,1011.4844360351562,-1.0537505938874296,-2.8081561763698795,-1.0528389908276832,4.045019891686085,-0.8216804805484292,2.0540314180768107,-0.820418589942419,2.5001199054752514,-2.9778655057834684,-1.6182732781407252
49.0,29.0,1011.502197265625,-2.7482699592641264,-3.084966238921357,0.7504702103665593,3.5283144268276936,-0.957897326419362,2.0605131121448093,-0.7097786461021425,2.4987452754487105,-3.435379449404796,-1.790226067639766
49.0,30.0,1008.52783203125,-2.7628158800530054,-3.092231086594801,0.7504702103665593,3.542739513328744,-0.3410039863163017,2.2748344629186743,-0.7097786461021425,2.481636533755423,-3.500199465243856,-1.790226067639766
49.0,30.0,1008.6472778320312,-2.7482699592641264,-3.084966238921357,0.7504702103665593,3.5283144268276936,-0.3410039863163017,2.284989204513621,-0.7097786461021425,2.481636533755423,-3.500199465243856,-1.790226067639766
49.0,30.0,1008.6472778320312,-2.7482699592641264,-3.084966238921357,0.7504702103665593,3.5283144268276936,-0.3410039863163017,2.284989204513621,-0.7097786461021425,2.481636533755423,-3.500199465243856,-1.790226067639766
49.0,30.0,1008.6472778320312,-2.7482699592641264,-3.084966238921357,0.7504702103665593,3.5283144268276936,-0.3410039863163017,2.284989204513621,-0.7097786461021425,2.481636533755423,-3.500199465243856,-1.790226067639766
49.0,30.0,1008.6472778320312,-2.7482699592641264,-3.084966238921357,0.7504702103665593,3.5283144268276936,-0.3410039863163017,2.284989204513621,-0.7097786461021425,2.481636533755423,-3.500199465243856,-1.790226067639766
49.0,30.0,1008.6472778320312,-2.7482699592641264,-3.084966238921357,0.7504702103665593,3.5283144268276936,-0.3410039863163017,2.284989204513621,-0.7097786461021425,2.481636533755423,-3.500199465243856,-1.790226067639766
49.0,30.0,1008.8161010742188,-2.7496646126559536,-3.084966238921357,0.7473930079054903,3.5283144268276936,-0.3410039863163017,2.284989204513621,-0.7097786461021425,2.481636533755423,-3.500199465243856,-1.790226067639766
49.0,30.0,1009.4500122070312,-2.7482699592641264,-3.073972614491514,0.6374087385480485,3.527468642738132,-0.3410039863163017,2.284989204513621,-0.7097786461021425,2.481636533755423,-3.500199465243856,-1.790226067639766
49.0,30.0,1009.7125244140624,-2.7024457115864715,-2.538284017792777,0.7473553761196696,3.5435852974183053,-0.3410039863163017,2.2748344629186743,-0.7097786461021425,2.481636533755423,-3.500199465243856,-1.790226067639766
49.0,30.0,1009.7427368164062,-2.7482699592641264,-3.084966238921357,0.7504702103665593,3.5283144268276936,-0.3410039863163017,2.284989204513621,-0.7097786461021425,2.481636533755423,-3.500199465243856,-2.2404248092012065
49.0,30.0,1009.802490234375,-1.104094744161067,-2.808184642535102,-0.93666268476235,4.045019891686085,-0.9522006569583944,2.053191380454159,-0.6354669145324251,2.498553656621594,-2.900304204227808,-1.6182732781407252
49.0,30.0,1009.8129272460938,-1.1150872705288803,-2.8081805839306613,-1.0514505967599743,4.045019891686085,-0.8216804805484292,2.0540314180768107,-0.820418589942419,2.5001199054752514,-2.9778655057834684,-1.6182732781407252
49.0,30.0,1009.8728637695312,-2.727512982621944,-2.538284017792777,0.7473553761196696,3.5435852974183053,-0.3470083089839344,2.2748344629186743,-0.6245286797261308,2.481636533755423,-3.500199465243856,-1.790226067639766
49.0,30.0,1010.1025390625,-2.2458529857727565,-3.117673175202313,0.7504702103665593,3.5283144268276936,-0.3410039863163017,2.284989204513621,0.4725214509821471,2.497729978370133,-2.546469285424425,-1.790226067639766
49.0,30.0,1010.2432861328124,-1.1150872705288803,-2.813057033299628,-1.0514312965819288,4.045019891686085,-0.823157046266668,2.0540739774888506,-0.820418589942419,2.541843525129004,-2.9778655057834684,-1.6228985256918826
49.0,30.0,1010.244873046875,-0.5798401384673663,-2.5445775445689875,1.1821328534079023,4.698620518950413,-0.9685441362798936,2.015508866615602,0.3586414330772284,2.352601227833622,-3.6107654381463066,-3.79893987085878
49.0,30.0,1010.257568359375,-0.5765737405696972,-2.5393864293363366,1.1821328534079023,4.698620518950413,-0.9673599040318992,2.0200377962858425,0.3586414330772284,2.352601227833622,-3.6107654381463066,-3.79893987085878
49.0,30.0,1010.3126220703124,-1.7280583527622944,-3.0019726548241983,1.1801301701939784,4.092467735914754,-1.2704561941562504,1.969450576073591,-0.6307787368741706,2.4486648010141074,-2.978153568233793,-3.757605187343361
49.0,30.0,1010.3578491210938,-1.1032226719008589,-2.8079455917834584,-0.93666268476235,4.045019891686085,-0.8222929125012621,2.0540915790012626,-0.6295440590819789,2.500101861607759,-2.907887648589207,-1.6182732781407252
49.0,30.0,1010.4371948242188,-0.624379356072124,-2.539179760924469,1.1821328534079023,4.698620518950413,-1.0306684506049584,2.0155379889392515,0.3586414330772284,2.352601227833622,-3.6107654381463066,-3.79893987085878
49.0,30.0,1010.4371948242188,-0.624379356072124,-2.539179760924469,1.1821328534079023,4.698620518950413,-1.0306684506049584,2.0155379889392515,0.3586414330772284,2.352601227833622,-3.6107654381463066,-3.79893987085878
49.0,30.0,1010.4371948242188,-0.624379356072124,-2.539179760924469,1.1821328534079023,4.698620518950413,-1.0306684506049584,2.0155379889392515,0.3586414330772284,2.352601227833622,-3.6107654381463066,-3.79893987085878
49.0,30.0,1010.44921875,-2.7024457115864715,-2.527270304907064,0.7528258124329222,3.542739513328744,-0.3408990103657347,2.2748344629186743,-0.7097786461021425,2.481636533755423,-3.500199465243856,-1.790226067639766
49.0,30.0,1010.4747314453124,-0.624379356072124,-2.527123521944169,1.5116847722509594,4.736208831473048,-1.0306684506049584,2.283674529681352,0.3586414330772284,2.4811627938130774,-3.50923846308118,-3.79893987085878
49.0,30.0,1010.53564453125,-2.25286435663314,-3.758120538653389,-1.2083075932452785,4.034753383678578,-0.8667422629337116,2.051642086680517,0.6964267374554663,2.0653911985163784,-2.542682650844689,-1.837422098084441
49.0,30.0,1010.5663452148438,-0.5765559775706732,-2.5445775445689875,1.1821328534079023,4.698620518950413,-0.9673599040318992,2.0201072842684984,0.3586414330772284,2.352601227833622,-3.6107654381463066,-3.79893987085878
49.0,30.0,1010.5829467773438,-0.5765559775706732,-2.5445775445689875,1.1821328534079023,4.698620518950413,-0.9690743774022144,2.0196914830595585,0.3586414330772284,2.352601227833622,-3.6107654381463066,-3.79893987085878
49.0,30.0,1010.5917358398438,-1.7280583527622944,-3.0044460737301937,1.181981544161807,4.0861172860669965,-1.1012480510526237,1.969450576073591,-0.6684977882338963,2.826605701067013,-2.985430864151537,-3.7583679207468648
49.0,30.0,1010.5946044921876,-1.114120762406325,-2.8122355778440244,-0.93666268476235,4.045019891686085,-0.8216804805484292,2.050254851560856,-0.6295945132390524,2.5001199054752514,-2.9778655057834684,-1.6182732781407252
49.0,30.0,1010.6044311523438,-2.7024457115864715,-2.5272903933629345,0.6342939043011587,3.542739513328744,-0.3410039863163017,2.2748344629186743,-0.7097786461021425,2.481636533755423,-3.500199465243856,-1.790226067639766
49.0,30.0,1010.6044311523438,-2.7024457115864715,-2.5272903933629345,0.6342939043011587,3.542739513328744,-0.3410039863163017,2.2748344629186743,-0.7097786461021425,2.481636533755423,-3.500199465243856,-1.790226067639766
49.0,30.0,1010.7144165039062,-0.621095195175431,-2.539179760924469,1.1821328534079023,4.698620518950413,-1.031198691727279,2.019720605383208,0.3586414330772284,2.352601227833622,-3.6107654381463066,-3.79893987085878
49.0,30.0,1010.7562255859376,-2.25286435663314,-3.758120538653389,-1.2083075932452785,4.034753383678578,-0.8667422629337116,2.051642086680517,0.6964267374554663,1.7616937813118558,-2.926586759112303,-1.837422098084441
49.0,30.0,1010.8718872070312,-2.25286435663314,-3.7532440892671257,-1.2083268934233242,4.034753383678578,-0.8652656972154729,2.0515995272684773,0.6964267374554663,1.7199701616581025,-2.926586759112303,-1.832796850533284
49.0,30.0,1010.88525390625,-1.1143632647166015,-2.8122355778440244,-0.93666268476235,4.045019891686085,-0.8216804805484292,2.0540314180768107,-0.6295945132390524,2.5001199054752514,-2.9778655057834684,-1.6182732781407252
49.0,30.0,1010.89208984375,-1.114120762406325,-2.8122355778440244,-0.93666268476235,4.045019891686085,-0.8216804805484292,2.0540314180768107,-0.6295945132390524,2.5001199054752514,-2.9778655057834684,-1.6182732781407252
49.0,30.0,1010.89208984375,-1.114120762406325,-2.8122355778440244,-0.93666268476235,4.045019891686085,-0.8216804805484292,2.0540314180768107,-0.6295945132390524,2.5001199054752514,-2.9778655057834684,-1.6182732781407252
49.0,30.0,1010.89208984375,-1.114120762406325,-2.8122355778440244,-0.93666268476235,4.045019891686085,-0.8216804805484292,2.0540314180768107,-0.6295945132390524,2.5001199054752514,-2.9778655057834684,-1.6182732781407252
49.0,30.0,1010.89208984375,-1.114120762406325,-2.8122355778440244,-0.93666268476235,4.045019891686085,-0.8216804805484292,2.0540314180768107,-0.6295945132390524,2.5001199054752514,-2.9778655057834684,-1.6182732781407252
49.0,30.0,1010.8929443359376,-1.114120762406325,-2.8122355778440244,-0.93666268476235,4.045019891686085,-0.8216804805484292,2.054039567158004,-0.6295945132390524,2.5001199054752514,-2.9778655057834684,-1.6182732781407252
49.0,30.0,1010.9264526367188,-1.7280583527622944,-3.0019726548241983,1.1801301701939784,4.092467735914754,-1.2704561941562504,1.969450576073591,-0.6591175952996728,2.447282004902785,-2.9655013429339325,-3.759047767597427
49.0,30.0,1010.9501342773438,-1.114120762406325,-2.8122396364484645,-0.93666268476235,4.045019891686085,-0.8216804805484292,2.054445814023571,-0.6298764340134095,2.5001199054752514,-2.9778655057834684,-1.6182732781407252
49.0,30.0,1010.9789428710938,-1.924007118940098,-3.0272690198543764,1.1801301701939784,4.740253331969106,-0.9546471962124196,2.5188111133784075,0.3586414330772284,2.44727709008892,-2.960441521868161,-3.759047767597427
49.0,30.0,1011.0018920898438,-1.114120762406325,-2.811238443123032,-0.93666268476235,4.045019891686085,-0.8216804805484292,2.0504663433945565,-0.636345687412568,2.5001199054752514,-2.9778655057834684,-1.6182732781407252
49.0,30.0,1011.0018920898438,-1.114120762406325,-2.811238443123032,-0.93666268476235,4.045019891686085,-0.8216804805484292,2.0504663433945565,-0.636345687412568,2.5001199054752514,-2.9778655057834684,-1.6182732781407252
49.0,30.0,1011.003173828125,-1.114120762406325,-2.8112628506838138,-0.93666268476235,4.045019891686085,-0.8216804805484292,2.0504663433945565,-0.636345687412568,2.5001199054752514,-2.9778655057834684,-1.6182732781407252
49.0,30.0,1011.1497802734376,-2.7628158800530054,-3.083553499135061,0.8299491618681957,3.5462270144464947,-0.3410039863163017,2.2748344629186743,-0.6283007191902524,2.481636533755423,-3.500199465243856,-1.6198636008875125
49.0,30.0,1011.1821899414062,-0.6236696097971107,-2.5445775445689875,1.1818221710224392,4.698730270312565,-0.9673599040318992,2.036286094633984,0.3586414330772284,2.352601227833622,-3.6107654381463066,-3.79893987085878
49.0,30.0,1011.21142578125,-1.114120762406325,-2.808184642535102,-0.93666268476235,4.045019891686085,-0.8216804805484292,2.054445814023571,-0.636345687412568,2.5001199054752514,-2.9778655057834684,-1.6182732781407252
49.0,30.0,1011.2142333984376,-1.114120762406325,-2.808184642535102,-0.93666268476235,4.045019891686085,-0.8216804805484292,2.054445814023571,-0.6363757440523156,2.5001199054752514,-2.9778655057834684,-1.6182732781407252
49.0,31.0,1008.3551635742188,-2.7482699592641264,-3.084966238921357,0.7104146134871212,3.896462129938804,-0.3410039863163017,2.284989204513621,-0.7097786461021425,2.481636533755423,-3.500199465243856,-1.790226067639766
49.0,31.0,1008.52783203125,-2.7628158800530054,-3.092231086594801,0.7504702103665593,3.542739513328744,-0.3410039863163017,2.2748344629186743,-0.7097786461021425,2.481636533755423,-3.500199465243856,-1.790226067639766
49.0,31.0,1008.52783203125,-2.7628158800530054,-3.092231086594801,0.7504702103665593,3.542739513328744,-0.3410039863163017,2.2748344629186743,-0.7097786461021425,2.481636533755423,-3.500199465243856,-1.790226067639766
49.0,31.0,1008.6472778320312,-2.7482699592641264,-3.084966238921357,0.7504702103665593,3.5283144268276936,-0.3410039863163017,2.284989204513621,-0.7097786461021425,2.481636533755423,-3.500199465243856,-1.790226067639766
49.0,31.0,1008.6472778320312,-2.7482699592641264,-3.084966238921357,0.7504702103665593,3.5283144268276936,-0.3410039863163017,2.284989204513621,-0.7097786461021425,2.481636533755423,-3.500199465243856,-1.790226067639766
49.0,31.0,1008.6472778320312,-2.7482699592641264,-3.084966238921357,0.7504702103665593,3.5283144268276936,-0.3410039863163017,2.284989204513621,-0.7097786461021425,2.481636533755423,-3.500199465243856,-1.790226067639766
49.0,31.0,1008.6472778320312,-2.7482699592641264,-3.084966238921357,0.7504702103665593,3.5283144268276936,-0.3410039863163017,2.284989204513621,-0.7097786461021425,2.481636533755423,-3.500199465243856,-1.790226067639766
49.0,31.0,1008.6472778320312,-2.7482699592641264,-3.084966238921357,0.7504702103665593,3.5283144268276936,-0.3410039863163017,2.284989204513621,-0.7097786461021425,2.481636533755423,-3.500199465243856,-1.790226067639766
49.0,31.0,1008.8161010742188,-2.7496646126559536,-3.084966238921357,0.7473930079054903,3.5283144268276936,-0.3410039863163017,2.284989204513621,-0.7097786461021425,2.481636533755423,-3.500199465243856,-1.790226067639766
49.0,31.0,1009.2827758789062,-0.5765737405696972,-3.03568749542082,1.1821328534079023,4.698620518950413,-0.9716539118810976,2.0200377962858425,0.3586414330772284,2.486185238930476,-3.5008669116582065,-3.79893987085878
49.0,31.0,1009.4500122070312,-2.7482699592641264,-3.073972614491514,0.6374087385480485,3.527468642738132,-0.3410039863163017,2.284989204513621,-0.7097786461021425,2.481636533755423,-3.500199465243856,-1.790226067639766
49.0,31.0,1009.7125244140624,-2.7024457115864715,-2.538284017792777,0.7473553761196696,3.5435852974183053,-0.3410039863163017,2.2748344629186743,-0.7097786461021425,2.481636533755423,-3.500199465243856,-1.790226067639766
49.0,31.0,1009.7125244140624,-2.7024457115864715,-2.538284017792777,0.7473553761196696,3.5435852974183053,-0.3410039863163017,2.2748344629186743,-0.7097786461021425,2.481636533755423,-3.500199465243856,-1.790226067639766
49.0,31.0,1009.7427368164062,-2.7482699592641264,-3.084966238921357,0.7504702103665593,3.5283144268276936,-0.3410039863163017,2.284989204513621,-0.7097786461021425,2.481636533755423,-3.500199465243856,-2.2404248092012065
49.0,31.0,1009.802490234375,-1.104094744161067,-2.808184642535102,-0.93666268476235,4.045019891686085,-0.9522006569583944,2.053191380454159,-0.6354669145324251,2.498553656621594,-2.900304204227808,-1.6182732781407252
49.0,31.0,1009.8129272460938,-1.1150872705288803,-2.8081805839306613,-1.0514505967599743,4.045019891686085,-0.8216804805484292,2.0540314180768107,-0.820418589942419,2.5001199054752514,-2.9778655057834684,-1.6182732781407252
49.0,31.0,1009.8728637695312,-2.727512982621944,-2.538284017792777,0.7473553761196696,3.5435852974183053,-0.3470083089839344,2.2748344629186743,-0.6245286797261308,2.481636533755423,-3.500199465243856,-1.790226067639766
49.0,31.0,1010.1025390625,-2.2458529857727565,-3.117673175202313,0.7504702103665593,3.5283144268276936,-0.3410039863163017,2.284989204513621,0.4725214509821471,2.497729978370133,-2.546469285424425,-1.790226067639766
49.0,31.0,1010.1153564453124,-2.727512982621944,-2.538284017792777,0.7473926426387476,3.543488866522672,-0.3406441593740716,2.2849253228654405,-0.6245286797261308,2.481636533755423,-3.500199465243856,-1.790226067639766
49.0,31.0,1010.2271118164062,-2.701571528968161,-2.538284017792777,0.7492218290193268,3.5435852974183053,-0.3410522873919646,2.2748344629186743,-0.6261571590923344,2.481636533755423,-3.500199465243856,-1.790226067639766
49.0,31.0,1010.2432861328124,-1.1150872705288803,-2.813057033299628,-1.0514312965819288,4.045019891686085,-0.823157046266668,2.0540739774888506,-0.820418589942419,2.541843525129004,-2.9778655057834684,-1.6228985256918826
49.0,31.0,1010.244873046875,-0.5798401384673663,-2.5445775445689875,1.1821328534079023,4.698620518950413,-0.9685441362798936,2.015508866615602,0.3586414330772284,2.352601227833622,-3.6107654381463066,-3.79893987085878
49.0,31.0,1010.257568359375,-0.5765737405696972,-2.5393864293363366,1.1821328534079023,4.698620518950413,-0.9673599040318992,2.0200377962858425,0.3586414330772284,2.352601227833622,-3.6107654381463066,-3.79893987085878
49.0,31.0,1010.3126220703124,-1.7280583527622944,-3.0019726548241983,1.1801301701939784,4.092467735914754,-1.2704561941562504,1.969450576073591,-0.6307787368741706,2.4486648010141074,-2.978153568233793,-3.757605187343361
49.0,31.0,1010.3578491210938,-1.1032226719008589,-2.8079455917834584,-0.93666268476235,4.045019891686085,-0.8222929125012621,2.0540915790012626,-0.6295440590819789,2.500101861607759,-2.907887648589207,-1.6182732781407252
49.0,31.0,1010.3578491210938,-1.1032226719008589,-2.8079455917834584,-0.93666268476235,4.045019891686085,-0.8222929125012621,2.0540915790012626,-0.6295440590819789,2.500101861607759,-2.907887648589207,-1.6182732781407252
49.0,31.0,1010.4371948242188,-0.624379356072124,-2.539179760924469,1.1821328534079023,4.698620518950413,-1.0306684506049584,2.0155379889392515,0.3586414330772284,2.352601227833622,-3.6107654381463066,-3.79893987085878
49.0,31.0,1010.4371948242188,-0.624379356072124,-2.539179760924469,1.1821328534079023,4.698620518950413,-1.0306684506049584,2.0155379889392515,0.3586414330772284,2.352601227833622,-3.6107654381463066,-3.79893987085878
49.0,31.0,1010.4371948242188,-0.624379356072124,-2.539179760924469,1.1821328534079023,4.698620518950413,-1.0306684506049584,2.0155379889392515,0.3586414330772284,2.352601227833622,-3.6107654381463066,-3.79893987085878
49.0,31.0,1010.44921875,-2.7024457115864715,-2.527270304907064,0.7528258124329222,3.542739513328744,-0.3408990103657347,2.2748344629186743,-0.7097786461021425,2.481636533755423,-3.500199465243856,-1.790226067639766
49.0,31.0,1010.4747314453124,-0.624379356072124,-2.527123521944169,1.5116847722509594,4.736208831473048,-1.0306684506049584,2.283674529681352,0.3586414330772284,2.4811627938130774,-3.50923846308118,-3.79893987085878
49.0,31.0,1010.53564453125,-2.25286435663314,-3.758120538653389,-1.2083075932452785,4.034753383678578,-0.8667422629337116,2.051642086680517,0.6964267374554663,2.0653911985163784,-2.542682650844689,-1.837422098084441
49.0,31.0,1010.5663452148438,-0.5765559775706732,-2.5445775445689875,1.1821328534079023,4.698620518950413,-0.9673599040318992,2.0201072842684984,0.3586414330772284,2.352601227833622,-3.6107654381463066,-3.79893987085878
49.0,31.0,1010.5829467773438,-0.5765559775706732,-2.5445775445689875,1.1821328534079023,4.698620518950413,-0.9690743774022144,2.0196914830595585,0.3586414330772284,2.352601227833622,-3.6107654381463066,-3.79893987085878
49.0,31.0,1010.5917358398438,-1.7280583527622944,-3.0044460737301937,1.181981544161807,4.0861172860669965,-1.1012480510526237,1.969450576073591,-0.6684977882338963,2.826605701067013,-2.985430864151537,-3.7583679207468648
49.0,31.0,1010.5946044921876,-1.114120762406325,-2.8122355778440244,-0.93666268476235,4.045019891686085,-0.8216804805484292,2.050254851560856,-0.6295945132390524,2.5001199054752514,-2.9778655057834684,-1.6182732781407252
49.0,31.0,1010.6044311523438,-2.7024457115864715,-2.5272903933629345,0.6342939043011587,3.542739513328744,-0.3410039863163017,2.2748344629186743,-0.7097786461021425,2.481636533755423,-3.500199465243856,-1.790226067639766
49.0,31.0,1010.6044311523438,-2.7024457115864715,-2.5272903933629345,0.6342939043011587,3.542739513328744,-0.3410039863163017,2.2748344629186743,-0.7097786461021425,2.481636533755423,-3.500199465243856,-1.790226067639766
49.0,31.0,1010.7144165039062,-0.621095195175431,-2.539179760924469,1.1821328534079023,4.698620518950413,-1.031198691727279,2.019720605383208,0.3586414330772284,2.352601227833622,-3.6107654381463066,-3.79893987085878
49.0,31.0,1010.7562255859376,-2.25286435663314,-3.758120538653389,-1.2083075932452785,4.034753383678578,-0.8667422629337116,2.051642086680517,0.6964267374554663,1.7616937813118558,-2.926586759112303,-1.837422098084441
49.0,31.0,1010.8718872070312,-2.25286435663314,-3.7532440892671257,-1.2083268934233242,4.034753383678578,-0.8652656972154729,2.0515995272684773,0.6964267374554663,1.7199701616581025,-2.926586759112303,-1.832796850533284
49.0,31.0,1010.88525390625,-1.1143632647166015,-2.8122355778440244,-0.93666268476235,4.045019891686085,-0.8216804805484292,2.0540314180768107,-0.6295945132390524,2.5001199054752514,-2.9778655057834684,-1.6182732781407252
49.0,31.0,1010.89208984375,-1.114120762406325,-2.8122355778440244,-0.93666268476235,4.045019891686085,-0.8216804805484292,2.0540314180768107,-0.6295945132390524,2.5001199054752514,-2.9778655057834684,-1.6182732781407252
49.0,31.0,1010.89208984375,-1.114120762406325,-2.8122355778440244,-0.93666268476235,4.045019891686085,-0.8216804805484292,2.0540314180768107,-0.6295945132390524,2.5001199054752514,-2.9778655057834684,-1.6182732781407252
49.0,31.0,1010.89208984375,-1.114120762406325,-2.8122355778440244,-0.93666268476235,4.045019891686085,-0.8216804805484292,2.0540314180768107,-0.6295945132390524,2.5001199054752514,-2.9778655057834684,-1.6182732781407252
49.0,31.0,1010.89208984375,-1.114120762406325,-2.8122355778440244,-0.93666268476235,4.045019891686085,-0.8216804805484292,2.0540314180768107,-0.6295945132390524,2.5001199054752514,-2.9778655057834684,-1.6182732781407252
49.0,31.0,1010.8929443359376,-1.114120762406325,-2.8122355778440244,-0.93666268476235,4.045019891686085,-0.8216804805484292,2.054039567158004,-0.6295945132390524,2.5001199054752514,-2.9778655057834684,-1.6182732781407252
49.0,31.0,1010.9264526367188,-1.7280583527622944,-3.0019726548241983,1.1801301701939784,4.092467735914754,-1.2704561941562504,1.969450576073591,-0.6591175952996728,2.447282004902785,-2.9655013429339325,-3.759047767597427
49.0,31.0,1010.9501342773438,-1.114120762406325,-2.8122396364484645,-0.93666268476235,4.045019891686085,-0.8216804805484292,2.054445814023571,-0.6298764340134095,2.5001199054752514,-2.9778655057834684,-1.6182732781407252
49.0,31.0,1010.9789428710938,-1.924007118940098,-3.0272690198543764,1.1801301701939784,4.740253331969106,-0.9546471962124196,2.5188111133784075,0.3586414330772284,2.44727709008892,-2.960441521868161,-3.759047767597427
49.0,32.0,1008.3551635742188,-2.7482699592641264,-3.084966238921357,0.7104146134871212,3.896462129938804,-0.3410039863163017,2.284989204513621,-0.7097786461021425,2.481636533755423,-3.500199465243856,-1.790226067639766
49.0,32.0,1008.52783203125,-2.7628158800530054,-3.092231086594801,0.7504702103665593,3.542739513328744,-0.3410039863163017,2.2748344629186743,-0.7097786461021425,2.481636533755423,-3.500199465243856,-1.790226067639766
49.0,32.0,1008.52783203125,-2.7628158800530054,-3.092231086594801,0.7504702103665593,3.542739513328744,-0.3410039863163017,2.2748344629186743,-0.7097786461021425,2.481636533755423,-3.500199465243856,-1.790226067639766
49.0,32.0,1008.6472778320312,-2.7482699592641264,-3.084966238921357,0.7504702103665593,3.5283144268276936,-0.3410039863163017,2.284989204513621,-0.7097786461021425,2.481636533755423,-3.500199465243856,-1.790226067639766
49.0,32.0,1008.6472778320312,-2.7482699592641264,-3.084966238921357,0.7504702103665593,3.5283144268276936,-0.3410039863163017,2.284989204513621,-0.7097786461021425,2.481636533755423,-3.500199465243856,-1.790226067639766
49.0,32.0,1008.6472778320312,-2.7482699592641264,-3.084966238921357,0.7504702103665593,3.5283144268276936,-0.3410039863163017,2.284989204513621,-0.7097786461021425,2.481636533755423,-3.500199465243856,-1.790226067639766
49.0,32.0,1008.6472778320312,-2.7482699592641264,-3.084966238921357,0.7504702103665593,3.5283144268276936,-0.3410039863163017,2.284989204513621,-0.7097786461021425,2.481636533755423,-3.500199465243856,-1.790226067639766
49.0,32.0,1008.6472778320312,-2.7482699592641264,-3.084966238921357,0.7504702103665593,3.5283144268276936,-0.3410039863163017,2.284989204513621,-0.7097786461021425,2.481636533755423,-3.500199465243856,-1.790226067639766
49.0,32.0,1008.6472778320312,-2.7482699592641264,-3.084966238921357,0.7504702103665593,3.5283144268276936,-0.3410039863163017,2.284989204513621,-0.7097786461021425,2.481636533755423,-3.500199465243856,-1.790226067639766
49.0,32.0,1008.8161010742188,-2.7496646126559536,-3.084966238921357,0.7473930079054903,3.5283144268276936,-0.3410039863163017,2.284989204513621,-0.7097786461021425,2.481636533755423,-3.500199465243856,-1.790226067639766
49.0,32.0,1008.9214477539062,-2.708246874934731,-3.084966238921357,0.7504702103665593,3.5283144268276936,-0.3410039863163017,2.284989204513621,-0.7097786461021425,2.481636533755423,-3.500199465243856,-1.790226067639766
49.0,32.0,1009.2827758789062,-0.5765737405696972,-3.03568749542082,1.1821328534079023,4.698620518950413,-0.9716539118810976,2.0200377962858425,0.3586414330772284,2.486185238930476,-3.5008669116582065,-3.79893987085878
49.0,32.0,1009.4500122070312,-2.7482699592641264,-3.073972614491514,0.6374087385480485,3.527468642738132,-0.3410039863163017,2.284989204513621,-0.7097786461021425,2.481636533755423,-3.500199465243856,-1.790226067639766
49.0,32.0,1009.7125244140624,-2.7024457115864715,-2.538284017792777,0.7473553761196696,3.5435852974183053,-0.3410039863163017,2.2748344629186743,-0.7097786461021425,2.481636533755423,-3.500199465243856,-1.790226067639766
49.0,32.0,1009.7125244140624,-2.7024457115864715,-2.538284017792777,0.7473553761196696,3.5435852974183053,-0.3410039863163017,2.2748344629186743,-0.7097786461021425,2.481636533755423,-3.500199465243856,-1.790226067639766
49.0,32.0,1009.7130737304688,-2.7024457115864715,-2.539203008147332,0.7473553761196696,3.5435852974183053,-0.3410039863163017,2.2748344629186743,-0.6835700610018625,2.481636533755423,-3.500199465243856,-1.790226067639766
49.0,32.0,1009.7427368164062,-2.7482699592641264,-3.084966238921357,0.7504702103665593,3.5283144268276936,-0.3410039863163017,2.284989204513621,-0.7097786461021425,2.481636533755423,-3.500199465243856,-2.2404248092012065
49.0,32.0,1009.802490234375,-1.104094744161067,-2.808184642535102,-0.93666268476235,4.045019891686085,-0.9522006569583944,2.053191380454159,-0.6354669145324251,2.498553656621594,-2.900304204227808,-1.6182732781407252
49.0,32.0,1009.8129272460938,-1.1150872705288803,-2.8081805839306613,-1.0514505967599743,4.045019891686085,-0.8216804805484292,2.0540314180768107,-0.820418589942419,2.5001199054752514,-2.9778655057834684,-1.6182732781407252
49.0,32.0,1009.8728637695312,-2.727512982621944,-2.538284017792777,0.7473553761196696,3.5435852974183053,-0.3470083089839344,2.2748344629186743,-0.6245286797261308,2.481636533755423,-3.500199465243856,-1.790226067639766
49.0,32.0,1010.1025390625,-2.2458529857727565,-3.117673175202313,0.7504702103665593,3.5283144268276936,-0.3410039863163017,2.284989204513621,0.4725214509821471,2.497729978370133,-2.546469285424425,-1.790226067639766
49.0,32.0,1010.1153564453124,-2.727512982621944,-2.538284017792777,0.7473926426387476,3.543488866522672,-0.3406441593740716,2.2849253228654405,-0.6245286797261308,2.481636533755423,-3.500199465243856,-1.790226067639766
49.0,32.0,1010.2271118164062,-2.701571528968161,-2.538284017792777,0.7492218290193268,3.5435852974183053,-0.3410522873919646,2.2748344629186743,-0.6261571590923344,2.481636533755423,-3.500199465243856,-1.790226067639766
49.0,32.0,1010.2432861328124,-1.1150872705288803,-2.813057033299628,-1.0514312965819288,4.045019891686085,-0.823157046266668,2.0540739774888506,-0.820418589942419,2.541843525129004,-2.9778655057834684,-1.6228985256918826
49.0,32.0,1010.244873046875,-0.5798401384673663,-2.5445775445689875,1.1821328534079023,4.698620518950413,-0.9685441362798936,2.015508866615602,0.3586414330772284,2.352601227833622,-3.6107654381463066,-3.79893987085878
49.0,32.0,1010.257568359375,-0.5765737405696972,-2.5393864293363366,1.1821328534079023,4.698620518950413,-0.9673599040318992,2.0200377962858425,0.3586414330772284,2.352601227833622,-3.6107654381463066,-3.79893987085878
49.0,32.0,1010.3126220703124,-1.7280583527622944,-3.0019726548241983,1.1801301701939784,4.092467735914754,-1.2704561941562504,1.969450576073591,-0.6307787368741706,2.4486648010141074,-2.978153568233793,-3.757605187343361
49.0,32.0,1010.3578491210938,-1.1032226719008589,-2.8079455917834584,-0.93666268476235,4.045019891686085,-0.8222929125012621,2.0540915790012626,-0.6295440590819789,2.500101861607759,-2.907887648589207,-1.6182732781407252
49.0,32.0,1010.3578491210938,-1.1032226719008589,-2.8079455917834584,-0.93666268476235,4.045019891686085,-0.8222929125012621,2.0540915790012626,-0.6295440590819789,2.500101861607759,-2.907887648589207,-1.6182732781407252
49.0,32.0,1010.4371948242188,-0.624379356072124,-2.539179760924469,1.1821328534079023,4.698620518950413,-1.0306684506049584,2.0155379889392515,0.3586414330772284,2.352601227833622,-3.6107654381463066,-3.79893987085878
49.0,32.0,1010.4371948242188,-0.624379356072124,-2.539179760924469,1.1821328534079023,4.698620518950413,-1.0306684506049584,2.0155379889392515,0.3586414330772284,2.352601227833622,-3.6107654381463066,-3.79893987085878
49.0,32.0,1010.4371948242188,-0.624379356072124,-2.539179760924469,1.1821328534079023,4.698620518950413,-1.0306684506049584,2.0155379889392515,0.3586414330772284,2.352601227833622,-3.6107654381463066,-3.79893987085878
49.0,32.0,1010.44921875,-2.7024457115864715,-2.527270304907064,0.7528258124329222,3.542739513328744,-0.3408990103657347,2.2748344629186743,-0.7097786461021425,2.481636533755423,-3.500199465243856,-1.790226067639766
49.0,32.0,1010.4747314453124,-0.624379356072124,-2.527123521944169,1.5116847722509594,4.736208831473048,-1.0306684506049584,2.283674529681352,0.3586414330772284,2.4811627938130774,-3.50923846308118,-3.79893987085878
49.0,32.0,1010.53564453125,-2.25286435663314,-3.758120538653389,-1.2083075932452785,4.034753383678578,-0.8667422629337116,2.051642086680517,0.6964267374554663,2.0653911985163784,-2.542682650844689,-1.837422098084441
49.0,32.0,1010.53564453125,-2.25286435663314,-3.758120538653389,-1.2083075932452785,4.034753383678578,-0.8667422629337116,2.051642086680517,0.6964267374554663,2.0653911985163784,-2.542682650844689,-1.837422098084441
49.0,32.0,1010.5663452148438,-0.5765559775706732,-2.5445775445689875,1.1821328534079023,4.698620518950413,-0.9673599040318992,2.0201072842684984,0.3586414330772284,2.352601227833622,-3.6107654381463066,-3.79893987085878
49.0,32.0,1010.5829467773438,-0.5765559775706732,-2.5445775445689875,1.1821328534079023,4.698620518950413,-0.9690743774022144,2.0196914830595585,0.3586414330772284,2.352601227833622,-3.6107654381463066,-3.79893987085878
49.0,32.0,1010.5917358398438,-1.7280583527622944,-3.0044460737301937,1.181981544161807,4.0861172860669965,-1.1012480510526237,1.969450576073591,-0.6684977882338963,2.826605701067013,-2.985430864151537,-3.7583679207468648
49.0,32.0,1010.5946044921876,-1.114120762406325,-2.8122355778440244,-0.93666268476235,4.045019891686085,-0.8216804805484292,2.050254851560856,-0.6295945132390524,2.5001199054752514,-2.9778655057834684,-1.6182732781407252
49.0,32.0,1010.6044311523438,-2.7024457115864715,-2.5272903933629345,0.6342939043011587,3.542739513328744,-0.3410039863163017,2.2748344629186743,-0.7097786461021425,2.481636533755423,-3.500199465243856,-1.790226067639766
49.0,32.0,1010.6044311523438,-2.7024457115864715,-2.5272903933629345,0.6342939043011587,3.542739513328744,-0.3410039863163017,2.2748344629186743,-0.7097786461021425,2.481636533755423,-3.500199465243856,-1.790226067639766
49.0,32.0,1010.7144165039062,-0.621095195175431,-2.539179760924469,1.1821328534079023,4.698620518950413,-1.031198691727279,2.019720605383208,0.3586414330772284,2.352601227833622,-3.6107654381463066,-3.79893987085878
49.0,32.0,1010.7562255859376,-2.25286435663314,-3.758120538653389,-1.2083075932452785,4.034753383678578,-0.8667422629337116,2.051642086680517,0.6964267374554663,1.7616937813118558,-2.926586759112303,-1.837422098084441
49.0,32.0,1010.8718872070312,-2.25286435663314,-3.7532440892671257,-1.2083268934233242,4.034753383678578,-0.8652656972154729,2.0515995272684773,0.6964267374554663,1.7199701616581025,-2.926586759112303,-1.832796850533284
49.0,32.0,1010.88525390625,-1.1143632647166015,-2.8122355778440244,-0.93666268476235,4.045019891686085,-0.8216804805484292,2.0540314180768107,-0.6295945132390524,2.5001199054752514,-2.9778655057834684,-1.6182732781407252
49.0,32.0,1010.89208984375,-1.114120762406325,-2.8122355778440244,-0.93666268476235,4.045019891686085,-0.8216804805484292,2.0540314180768107,-0.6295945132390524,2.5001199054752514,-2.9778655057834684,-1.6182732781407252
49.0,32.0,1010.89208984375,-1.114120762406325,-2.8122355778440244,-0.93666268476235,4.045019891686085,-0.8216804805484292,2.0540314180768107,-0.6295945132390524,2.5001199054752514,-2.9778655057834684,-1.6182732781407252
49.0,32.0,1010.89208984375,-1.114120762406325,-2.8122355778440244,-0.93666268476235,4.045019891686085,-0.8216804805484292,2.0540314180768107,-0.6295945132390524,2.5001199054752514,-2.9778655057834684,-1.6182732781407252
49.0,32.0,1010.89208984375,-1.114120762406325,-2.8122355778440244,-0.93666268476235,4.045019891686085,-0.8216804805484292,2.0540314180768107,-0.6295945132390524,2.5001199054752514,-2.9778655057834684,-1.6182732781407252
49.0,33.0,1008.3551635742188,-2.7482699592641264,-3.084966238921357,0.7104146134871212,3.896462129938804,-0.3410039863163017,2.284989204513621,-0.7097786461021425,2.481636533755423,-3.500199465243856,-1.790226067639766
49.0,33.0,1008.52783203125,-2.7628158800530054,-3.092231086594801,0.7504702103665593,3.542739513328744,-0.3410039863163017,2.2748344629186743,-0.7097786461021425,2.481636533755423,-3.500199465243856,-1.790226067639766
49.0,33.0,1008.52783203125,-2.7628158800530054,-3.092231086594801,0.7504702103665593,3.542739513328744,-0.3410039863163017,2.2748344629186743,-0.7097786461021425,2.481636533755423,-3.500199465243856,-1.790226067639766
49.0,33.0,1008.5569458007812,-2.7616910815583493,-3.092246768872448,0.7504702103665593,3.542440145470786,-0.3448545792886948,2.284989204513621,-0.7097786461021425,2.481636533755423,-3.500199465243856,-1.790226067639766
49.0,33.0,1008.6472778320312,-2.7482699592641264,-3.084966238921357,0.7504702103665593,3.5283144268276936,-0.3410039863163017,2.284989204513621,-0.7097786461021425,2.481636533755423,-3.500199465243856,-1.790226067639766
49.0,33.0,1008.6472778320312,-2.7482699592641264,-3.084966238921357,0.7504702103665593,3.5283144268276936,-0.3410039863163017,2.284989204513621,-0.7097786461021425,2.481636533755423,-3.500199465243856,-1.790226067639766
49.0,33.0,1008.6472778320312,-2.7482699592641264,-3.084966238921357,0.7504702103665593,3.5283144268276936,-0.3410039863163017,2.284989204513621,-0.7097786461021425,2.481636533755423,-3.500199465243856,-1.790226067639766
49.0,33.0,1008.6472778320312,-2.7482699592641264,-3.084966238921357,0.7504702103665593,3.5283144268276936,-0.3410039863163017,2.284989204513621,-0.7097786461021425,2.481636533755423,-3.500199465243856,-1.790226067639766
49.0,33.0,1008.6472778320312,-2.7482699592641264,-3.084966238921357,0.7504702103665593,3.5283144268276936,-0.3410039863163017,2.284989204513621,-0.7097786461021425,2.481636533755423,-3.500199465243856,-1.790226067639766
49.0,33.0,1008.6472778320312,-2.7482699592641264,-3.084966238921357,0.7504702103665593,3.5283144268276936,-0.3410039863163017,2.284989204513621,-0.7097786461021425,2.481636533755423,-3.500199465243856,-1.790226067639766
49.0,33.0,1008.6472778320312,-2.7482699592641264,-3.084966238921357,0.7504702103665593,3.5283144268276936,-0.3410039863163017,2.284989204513621,-0.7097786461021425,2.481636533755423,-3.500199465243856,-1.790226067639766
49.0,33.0,1008.74609375,-2.7628158800530054,-3.0848316826301576,0.7504702103665593,3.5425690358203643,-0.3410039863163017,2.2748344629186743,-0.7097786461021425,2.481636533755423,-3.500199465243856,-1.790226067639766
49.0,33.0,1008.8161010742188,-2.7496646126559536,-3.084966238921357,0.7473930079054903,3.5283144268276936,-0.3410039863163017,2.284989204513621,-0.7097786461021425,2.481636533755423,-3.500199465243856,-1.790226067639766
49.0,33.0,1008.9214477539062,-2.708246874934731,-3.084966238921357,0.7504702103665593,3.5283144268276936,-0.3410039863163017,2.284989204513621,-0.7097786461021425,2.481636533755423,-3.500199465243856,-1.790226067639766
49.0,33.0,1009.2827758789062,-0.5765737405696972,-3.03568749542082,1.1821328534079023,4.698620518950413,-0.9716539118810976,2.0200377962858425,0.3586414330772284,2.486185238930476,-3.5008669116582065,-3.79893987085878
49.0,33.0,1009.4500122070312,-2.7482699592641264,-3.073972614491514,0.6374087385480485,3.527468642738132,-0.3410039863163017,2.284989204513621,-0.7097786461021425,2.481636533755423,-3.500199465243856,-1.790226067639766
49.0,33.0,1009.6297607421876,-2.7480467510373727,-3.0660891252489537,0.7473926426387476,3.5284413473350225,-0.3406441593740716,2.2849253228654405,-0.6245286797261308,2.481636533755423,-3.500199465243856,-1.790226067639766
49.0,33.0,1009.7125244140624,-2.7024457115864715,-2.538284017792777,0.7473553761196696,3.5435852974183053,-0.3410039863163017,2.2748344629186743,-0.7097786461021425,2.481636533755423,-3.500199465243856,-1.790226067639766
49.0,33.0,1009.7125244140624,-2.7024457115864715,-2.538284017792777,0.7473553761196696,3.5435852974183053,-0.3410039863163017,2.2748344629186743,-0.7097786461021425,2.481636533755423,-3.500199465243856,-1.790226067639766
49.0,33.0,1009.7130737304688,-2.7024457115864715,-2.539203008147332,0.7473553761196696,3.5435852974183053,-0.3410039863163017,2.2748344629186743,-0.6835700610018625,2.481636533755423,-3.500199465243856,-1.790226067639766
49.0,33.0,1009.7427368164062,-2.7482699592641264,-3.084966238921357,0.7504702103665593,3.5283144268276936,-0.3410039863163017,2.284989204513621,-0.7097786461021425,2.481636533755423,-3.500199465243856,-2.2404248092012065
49.0,33.0,1009.802490234375,-1.104094744161067,-2.808184642535102,-0.93666268476235,4.045019891686085,-0.9522006569583944,2.053191380454159,-0.6354669145324251,2.498553656621594,-2.900304204227808,-1.6182732781407252
49.0,33.0,1009.8129272460938,-1.1150872705288803,-2.8081805839306613,-1.0514505967599743,4.045019891686085,-0.8216804805484292,2.0540314180768107,-0.820418589942419,2.5001199054752514,-2.9778655057834684,-1.6182732781407252
49.0,33.0,1009.8728637695312,-2.727512982621944,-2.538284017792777,0.7473553761196696,3.5435852974183053,-0.3470083089839344,2.2748344629186743,-0.6245286797261308,2.481636533755423,-3.500199465243856,-1.790226067639766
49.0,33.0,1010.1025390625,-2.2458529857727565,-3.117673175202313,0.7504702103665593,3.5283144268276936,-0.3410039863163017,2.284989204513621,0.4725214509821471,2.497729978370133,-2.546469285424425,-1.790226067639766
49.0,33.0,1010.1153564453124,-2.727512982621944,-2.538284017792777,0.7473926426387476,3.543488866522672,-0.3406441593740716,2.2849253228654405,-0.6245286797261308,2.481636533755423,-3.500199465243856,-1.790226067639766
49.0,33.0,1010.1153564453124,-2.727512982621944,-2.538284017792777,0.7473926426387476,3.543488866522672,-0.3406441593740716,2.2849253228654405,-0.6245286797261308,2.481636533755423,-3.500199465243856,-1.790226067639766
49.0,33.0,1010.2159423828124,-2.762099584125224,-3.0615638955141007,0.747325448677249,3.542784536465489,-0.3410039863163017,2.2748344629186743,-0.7096606481248222,2.481636533755423,-3.500199465243856,-1.790226067639766
49.0,33.0,1010.2271118164062,-2.701571528968161,-2.538284017792777,0.7492218290193268,3.5435852974183053,-0.3410522873919646,2.2748344629186743,-0.6261571590923344,2.481636533755423,-3.500199465243856,-1.790226067639766
49.0,33.0,1010.2432861328124,-1.1150872705288803,-2.813057033299628,-1.0514312965819288,4.045019891686085,-0.823157046266668,2.0540739774888506,-0.820418589942419,2.541843525129004,-2.9778655057834684,-1.6228985256918826
49.0,33.0,1010.244873046875,-0.5798401384673663,-2.5445775445689875,1.1821328534079023,4.698620518950413,-0.9685441362798936,2.015508866615602,0.3586414330772284,2.352601227833622,-3.6107654381463066,-3.79893987085878
49.0,33.0,1010.257568359375,-0.5765737405696972,-2.5393864293363366,1.1821328534079023,4.698620518950413,-0.9673599040318992,2.0200377962858425,0.3586414330772284,2.352601227833622,-3.6107654381463066,-3.79893987085878
49.0,33.0,1010.2682495117188,-2.7482699592641264,-3.084966238921357,0.8839107675873146,3.5283144268276936,-0.3410039863163017,2.284989204513621,-0.7097786461021425,2.481636533755423,-3.500199465243856,-1.790226067639766
49.0,33.0,1010.2763061523438,-0.5812075713847636,-2.5445775445689875,1.1821328534079023,4.698620518950413,-0.9705604205273408,2.015437493006973,0.3586414330772284,2.352601227833622,-3.6107654381463066,-3.79893987085878
49.0,33.0,1010.3126220703124,-1.7280583527622944,-3.0019726548241983,1.1801301701939784,4.092467735914754,-1.2704561941562504,1.969450576073591,-0.6307787368741706,2.4486648010141074,-2.978153568233793,-3.757605187343361
49.0,33.0,1010.3578491210938,-1.1032226719008589,-2.8079455917834584,-0.93666268476235,4.045019891686085,-0.8222929125012621,2.0540915790012626,-0.6295440590819789,2.500101861607759,-2.907887648589207,-1.6182732781407252
49.0,33.0,1010.3578491210938,-1.1032226719008589,-2.8079455917834584,-0.93666268476235,4.045019891686085,-0.8222929125012621,2.0540915790012626,-0.6295440590819789,2.500101861607759,-2.907887648589207,-1.6182732781407252
49.0,33.0,1010.4371948242188,-0.624379356072124,-2.539179760924469,1.1821328534079023,4.698620518950413,-1.0306684506049584,2.0155379889392515,0.3586414330772284,2.352601227833622,-3.6107654381463066,-3.79893987085878
49.0,33.0,1010.4371948242188,-0.624379356072124,-2.539179760924469,1.1821328534079023,4.698620518950413,-1.0306684506049584,2.0155379889392515,0.3586414330772284,2.352601227833622,-3.6107654381463066,-3.79893987085878
49.0,33.0,1010.4371948242188,-0.624379356072124,-2.539179760924469,1.1821328534079023,4.698620518950413,-1.0306684506049584,2.0155379889392515,0.3586414330772284,2.352601227833622,-3.6107654381463066,-3.79893987085878
49.0,33.0,1010.44921875,-2.7024457115864715,-2.527270304907064,0.7528258124329222,3.542739513328744,-0.3408990103657347,2.2748344629186743,-0.7097786461021425,2.481636533755423,-3.500199465243856,-1.790226067639766
49.0,33.0,1010.4747314453124,-0.624379356072124,-2.527123521944169,1.5116847722509594,4.736208831473048,-1.0306684506049584,2.283674529681352,0.3586414330772284,2.4811627938130774,-3.50923846308118,-3.79893987085878
49.0,33.0,1010.53564453125,-2.25286435663314,-3.758120538653389,-1.2083075932452785,4.034753383678578,-0.8667422629337116,2.051642086680517,0.6964267374554663,2.0653911985163784,-2.542682650844689,-1.837422098084441
49.0,33.0,1010.53564453125,-2.25286435663314,-3.758120538653389,-1.2083075932452785,4.034753383678578,-0.8667422629337116,2.051642086680517,0.6964267374554663,2.0653911985163784,-2.542682650844689,-1.837422098084441
49.0,33.0,1010.5663452148438,-0.5765559775706732,-2.5445775445689875,1.1821328534079023,4.698620518950413,-0.9673599040318992,2.0201072842684984,0.3586414330772284,2.352601227833622,-3.6107654381463066,-3.79893987085878
49.0,33.0,1010.5829467773438,-0.5765559775706732,-2.5445775445689875,1.1821328534079023,4.698620518950413,-0.9690743774022144,2.0196914830595585,0.3586414330772284,2.352601227833622,-3.6107654381463066,-3.79893987085878
49.0,33.0,1010.5917358398438,-1.7280583527622944,-3.0044460737301937,1.181981544161807,4.0861172860669965,-1.1012480510526237,1.969450576073591,-0.6684977882338963,2.826605701067013,-2.985430864151537,-3.7583679207468648
49.0,33.0,1010.5946044921876,-1.114120762406325,-2.8122355778440244,-0.93666268476235,4.045019891686085,-0.8216804805484292,2.050254851560856,-0.6295945132390524,2.5001199054752514,-2.9778655057834684,-1.6182732781407252
49.0,33.0,1010.6044311523438,-2.7024457115864715,-2.5272903933629345,0.6342939043011587,3.542739513328744,-0.3410039863163017,2.2748344629186743,-0.7097786461021425,2.481636533755423,-3.500199465243856,-1.790226067639766
49.0,33.0,1010.6044311523438,-2.7024457115864715,-2.5272903933629345,0.6342939043011587,3.542739513328744,-0.3410039863163017,2.2748344629186743,-0.7097786461021425,2.481636533755423,-3.500199465243856,-1.790226067639766
49.0,34.0,1008.3111572265624,-2.748759784780212,-3.084966238921357,0.7104146134871212,3.896462129938804,-0.3448255498824274,2.284989204513621,-0.7097786461021425,2.481636533755423,-3.500199465243856,-1.790226067639766
49.0,34.0,1008.3551635742188,-2.7482699592641264,-3.084966238921357,0.7104146134871212,3.896462129938804,-0.3410039863163017,2.284989204513621,-0.7097786461021425,2.481636533755423,-3.500199465243856,-1.790226067639766
49.0,34.0,1008.52783203125,-2.7628158800530054,-3.092231086594801,0.7504702103665593,3.542739513328744,-0.3410039863163017,2.2748344629186743,-0.7097786461021425,2.481636533755423,-3.500199465243856,-1.790226067639766
49.0,34.0,1008.52783203125,-2.7628158800530054,-3.092231086594801,0.7504702103665593,3.542739513328744,-0.3410039863163017,2.2748344629186743,-0.7097786461021425,2.481636533755423,-3.500199465243856,-1.790226067639766
49.0,34.0,1008.5569458007812,-2.7616910815583493,-3.092246768872448,0.7504702103665593,3.542440145470786,-0.3448545792886948,2.284989204513621,-0.7097786461021425,2.481636533755423,-3.500199465243856,-1.790226067639766
49.0,34.0,1008.576416015625,-2.761201256042264,-3.092246768872448,0.7504702103665593,3.542440145470786,-0.341033015722569,2.284989204513621,-0.7097786461021425,2.481636533755423,-3.500199465243856,-1.790226067639766
49.0,34.0,1008.6464233398438,-2.7482699592641264,-3.0850232853886874,0.7504702103665593,3.5283144268276936,-0.3410039863163017,2.284809939005332,-0.7096547310119526,2.481636533755423,-3.500199465243856,-1.790226067639766
49.0,34.0,1008.6467895507812,-2.7482699592641264,-3.084966238921357,0.7504702103665593,3.5284243284339603,-0.3410039863163017,2.284989204513621,-0.7097786461021425,2.481636533755423,-3.500199465243856,-1.790226067639766
49.0,34.0,1008.6472778320312,-2.7482699592641264,-3.084966238921357,0.7504702103665593,3.5283144268276936,-0.3410039863163017,2.284989204513621,-0.7097786461021425,2.481636533755423,-3.500199465243856,-1.790226067639766
49.0,34.0,1008.6472778320312,-2.7482699592641264,-3.084966238921357,0.7504702103665593,3.5283144268276936,-0.3410039863163017,2.284989204513621,-0.7097786461021425,2.481636533755423,-3.500199465243856,-1.790226067639766
49.0,34.0,1008.6472778320312,-2.7482699592641264,-3.084966238921357,0.7504702103665593,3.5283144268276936,-0.3410039863163017,2.284989204513621,-0.7097786461021425,2.481636533755423,-3.500199465243856,-1.790226067639766
49.0,34.0,1008.6472778320312,-2.7482699592641264,-3.084966238921357,0.7504702103665593,3.5283144268276936,-0.3410039863163017,2.284989204513621,-0.7097786461021425,2.481636533755423,-3.500199465243856,-1.790226067639766
49.0,34.0,1008.6472778320312,-2.7482699592641264,-3.084966238921357,0.7504702103665593,3.5283144268276936,-0.3410039863163017,2.284989204513621,-0.7097786461021425,2.481636533755423,-3.500199465243856,-1.790226067639766
49.0,34.0,1008.6472778320312,-2.7482699592641264,-3.084966238921357,0.7504702103665593,3.5283144268276936,-0.3410039863163017,2.284989204513621,-0.7097786461021425,2.481636533755423,-3.500199465243856,-1.790226067639766
49.0,34.0,1008.6472778320312,-2.7482699592641264,-3.084966238921357,0.7504702103665593,3.5283144268276936,-0.3410039863163017,2.284989204513621,-0.7097786461021425,2.481636533755423,-3.500199465243856,-1.790226067639766
49.0,34.0,1008.6472778320312,-2.7482699592641264,-3.084966238921357,0.7504702103665593,3.5283144268276936,-0.3410039863163017,2.284989204513621,-0.7097786461021425,2.481636533755423,-3.500199465243856,-1.790226067639766
49.0,34.0,1008.6476440429688,-2.7482699592641264,-3.084966238921357,0.7504702103665593,3.5283144268276936,-0.3410039863163017,2.285014385677284,-0.7097786461021425,2.481636533755423,-3.500199465243856,-1.790226067639766
49.0,34.0,1008.74609375,-2.7628158800530054,-3.0848316826301576,0.7504702103665593,3.5425690358203643,-0.3410039863163017,2.2748344629186743,-0.7097786461021425,2.481636533755423,-3.500199465243856,-1.790226067639766
49.0,34.0,1008.8161010742188,-2.7496646126559536,-3.084966238921357,0.7473930079054903,3.5283144268276936,-0.3410039863163017,2.284989204513621,-0.7097786461021425,2.481636533755423,-3.500199465243856,-1.790226067639766
49.0,34.0,1008.8388671875,-2.7482699592641264,-3.084966238921357,0.7504702103665593,3.5283144268276936,-0.3410039863163017,2.284989204513621,-0.7095308229212004,2.4819416005499684,-3.500199465243856,-1.796888863309417
49.0,34.0,1008.9214477539062,-2.708246874934731,-3.084966238921357,0.7504702103665593,3.5283144268276936,-0.3410039863163017,2.284989204513621,-0.7097786461021425,2.481636533755423,-3.500199465243856,-1.790226067639766
49.0,34.0,1009.1235961914062,-2.762099584125224,-3.0615068490467703,0.747325448677249,3.440596480326408,-0.3410039863163017,2.2750137284269645,-0.709784563215012,2.737067979031657,-3.500199465243856,-1.790226067639766
49.0,34.0,1009.23486328125,-2.7482699592641264,-3.084966238921357,0.7504702103665593,3.5283144268276936,-0.3410039863163017,2.284989204513621,-0.667481145313664,2.481636533755423,-3.500199465243856,-1.790226067639766
49.0,34.0,1009.2827758789062,-0.5765737405696972,-3.03568749542082,1.1821328534079023,4.698620518950413,-0.9716539118810976,2.0200377962858425,0.3586414330772284,2.486185238930476,-3.5008669116582065,-3.79893987085878
49.0,34.0,1009.4500122070312,-2.7482699592641264,-3.073972614491514,0.6374087385480485,3.527468642738132,-0.3410039863163017,2.284989204513621,-0.7097786461021425,2.481636533755423,-3.500199465243856,-1.790226067639766
49.0,34.0,1009.4500122070312,-2.7482699592641264,-3.073972614491514,0.6374087385480485,3.527468642738132,-0.3410039863163017,2.284989204513621,-0.7097786461021425,2.481636533755423,-3.500199465243856,-1.790226067639766
49.0,34.0,1009.5437622070312,-2.7515533261941365,-2.538284017792777,0.7107352669397422,3.5435852974183053,-0.3410039863163017,2.275767410713203,-0.7097786461021425,2.481636533755423,-3.500199465243856,-1.790226067639766
49.0,34.0,1009.5479125976562,-2.7628158800530054,-3.0922860184090544,0.7505267142745113,3.542739513328744,-0.3410039863163017,2.4677364488324267,-0.7097786461021425,2.481636533755423,-3.500199465243856,-1.790226067639766
49.0,34.0,1009.6297607421876,-2.7480467510373727,-3.0660891252489537,0.7473926426387476,3.5284413473350225,-0.3406441593740716,2.2849253228654405,-0.6245286797261308,2.481636533755423,-3.500199465243856,-1.790226067639766
49.0,34.0,1009.7125244140624,-2.7024457115864715,-2.538284017792777,0.7473553761196696,3.5435852974183053,-0.3410039863163017,2.2748344629186743,-0.7097786461021425,2.481636533755423,-3.500199465243856,-1.790226067639766
49.0,34.0,1009.7125244140624,-2.7024457115864715,-2.538284017792777,0.7473553761196696,3.5435852974183053,-0.3410039863163017,2.2748344629186743,-0.7097786461021425,2.481636533755423,-3.500199465243856,-1.790226067639766
49.0,34.0,1009.7130737304688,-2.7024457115864715,-2.539203008147332,0.7473553761196696,3.5435852974183053,-0.3410039863163017,2.2748344629186743,-0.6835700610018625,2.481636533755423,-3.500199465243856,-1.790226067639766
49.0,34.0,1009.7147216796876,-2.7024457115864715,-2.538284017792777,0.7473553761196696,3.5435852974183053,-0.3410039863163017,2.274809281755012,-0.7097786461021425,2.481636533755423,-3.500199465243856,-1.790226067639766
49.0,34.0,1009.7384643554688,-2.7482699592641264,-2.546977430523428,0.7504702103665593,3.5283144268276936,-0.3410039863163017,2.284989204513621,-0.7097786461021425,2.481636533755423,-3.500199465243856,-1.790226067639766
49.0,34.0,1009.7427368164062,-2.7482699592641264,-3.084966238921357,0.7504702103665593,3.5283144268276936,-0.3410039863163017,2.284989204513621,-0.7097786461021425,2.481636533755423,-3.500199465243856,-2.2404248092012065
49.0,34.0,1009.7427368164062,-2.7482699592641264,-3.084966238921357,0.7504702103665593,3.5283144268276936,-0.3410039863163017,2.284989204513621,-0.7097786461021425,2.481636533755423,-3.500199465243856,-2.2404248092012065
49.0,34.0,1009.802490234375,-1.104094744161067,-2.808184642535102,-0.93666268476235,4.045019891686085,-0.9522006569583944,2.053191380454159,-0.6354669145324251,2.498553656621594,-2.900304204227808,-1.6182732781407252
49.0,34.0,1009.8129272460938,-1.1150872705288803,-2.8081805839306613,-1.0514505967599743,4.045019891686085,-0.8216804805484292,2.0540314180768107,-0.820418589942419,2.5001199054752514,-2.9778655057834684,-1.6182732781407252
49.0,34.0,1009.8728637695312,-2.727512982621944,-2.538284017792777,0.7473553761196696,3.5435852974183053,-0.3470083089839344,2.2748344629186743,-0.6245286797261308,2.481636533755423,-3.500199465243856,-1.790226067639766
49.0,34.0,1010.0697631835938,-2.7628158800530054,-3.0916235842892283,0.7504702103665593,3.528230171325455,-0.3410039863163017,2.22058725133871,-0.7097786461021425,2.481636533755423,-3.500199465243856,-1.790226067639766
49.0,34.0,1010.1025390625,-2.2458529857727565,-3.117673175202313,0.7504702103665593,3.5283144268276936,-0.3410039863163017,2.284989204513621,0.4725214509821471,2.497729978370133,-2.546469285424425,-1.790226067639766
49.0,34.0,1010.1153564453124,-2.727512982621944,-2.538284017792777,0.7473926426387476,3.543488866522672,-0.3406441593740716,2.2849253228654405,-0.6245286797261308,2.481636533755423,-3.500199465243856,-1.790226067639766
49.0,34.0,1010.1153564453124,-2.727512982621944,-2.538284017792777,0.7473926426387476,3.543488866522672,-0.3406441593740716,2.2849253228654405,-0.6245286797261308,2.481636533755423,-3.500199465243856,-1.790226067639766
49.0,34.0,1010.2159423828124,-2.762099584125224,-3.0615638955141007,0.747325448677249,3.542784536465489,-0.3410039863163017,2.2748344629186743,-0.7096606481248222,2.481636533755423,-3.500199465243856,-1.790226067639766
49.0,34.0,1010.2271118164062,-2.701571528968161,-2.538284017792777,0.7492218290193268,3.5435852974183053,-0.3410522873919646,2.2748344629186743,-0.6261571590923344,2.481636533755423,-3.500199465243856,-1.790226067639766
49.0,34.0,1010.2432861328124,-1.1150872705288803,-2.813057033299628,-1.0514312965819288,4.045019891686085,-0.823157046266668,2.0540739774888506,-0.820418589942419,2.541843525129004,-2.9778655057834684,-1.6228985256918826
49.0,34.0,1010.244873046875,-0.5798401384673663,-2.5445775445689875,1.1821328534079023,4.698620518950413,-0.9685441362798936,2.015508866615602,0.3586414330772284,2.352601227833622,-3.6107654381463066,-3.79893987085878
49.0,34.0,1010.257568359375,-0.5765737405696972,-2.5393864293363366,1.1821328534079023,4.698620518950413,-0.9673599040318992,2.0200377962858425,0.3586414330772284,2.352601227833622,-3.6107654381463066,-3.79893987085878
49.0,34.0,1010.2682495117188,-2.7482699592641264,-3.084966238921357,0.8839107675873146,3.5283144268276936,-0.3410039863163017,2.284989204513621,-0.7097786461021425,2.481636533755423,-3.500199465243856,-1.790226067639766
49.0,34.0,1010.2763061523438,-0.5812075713847636,-2.5445775445689875,1.1821328534079023,4.698620518950413,-0.9705604205273408,2.015437493006973,0.3586414330772284,2.352601227833622,-3.6107654381463066,-3.79893987085878
49.0,35.0,1008.2800903320312,-2.7482699592641264,-3.084966238921357,0.7504702103665593,3.5283144268276936,-0.3410039863163017,2.284989204513621,-0.7307066109207359,2.481636533755423,-3.500199465243856,-1.790226067639766
49.0,35.0,1008.2938842773438,-2.7482699592641264,-3.084966238921357,0.7112597086550257,3.896462129938804,-0.3448649381624591,2.284989204513621,-0.7097786461021425,2.481636533755423,-3.500199465243856,-1.790226067639766
49.0,35.0,1008.3111572265624,-2.748759784780212,-3.084966238921357,0.7104146134871212,3.896462129938804,-0.3448255498824274,2.284989204513621,-0.7097786461021425,2.481636533755423,-3.500199465243856,-1.790226067639766
49.0,35.0,1008.3551635742188,-2.7482699592641264,-3.084966238921357,0.7104146134871212,3.896462129938804,-0.3410039863163017,2.284989204513621,-0.7097786461021425,2.481636533755423,-3.500199465243856,-1.790226067639766
49.0,35.0,1008.3972778320312,-2.748273585768356,-3.084966238921357,0.7101569759739962,3.8953679685284426,-0.3410039863163017,2.284989204513621,-0.7097786461021425,2.481636533755423,-3.500199465243856,-1.790226067639766
49.0,35.0,1008.52783203125,-2.7628158800530054,-3.092231086594801,0.7504702103665593,3.542739513328744,-0.3410039863163017,2.2748344629186743,-0.7097786461021425,2.481636533755423,-3.500199465243856,-1.790226067639766
49.0,35.0,1008.52783203125,-2.7628158800530054,-3.092231086594801,0.7504702103665593,3.542739513328744,-0.3410039863163017,2.2748344629186743,-0.7097786461021425,2.481636533755423,-3.500199465243856,-1.790226067639766
49.0,35.0,1008.5569458007812,-2.7616910815583493,-3.092246768872448,0.7504702103665593,3.542440145470786,-0.3448545792886948,2.284989204513621,-0.7097786461021425,2.481636533755423,-3.500199465243856,-1.790226067639766
49.0,35.0,1008.576416015625,-2.761201256042264,-3.092246768872448,0.7504702103665593,3.542440145470786,-0.341033015722569,2.284989204513621,-0.7097786461021425,2.481636533755423,-3.500199465243856,-1.790226067639766
49.0,35.0,1008.576416015625,-2.761201256042264,-3.092246768872448,0.7504702103665593,3.542440145470786,-0.341033015722569,2.284989204513621,-0.7097786461021425,2.481636533755423,-3.500199465243856,-1.790226067639766
49.0,35.0,1008.6224365234376,-2.7616910815583493,-3.092246768872448,0.7496251151986547,3.542440145470786,-0.3409936274425373,2.284989204513621,-0.7097786461021425,2.481636533755423,-3.500199465243856,-1.790226067639766
49.0,35.0,1008.6365356445312,-2.747460571300013,-3.085598571100176,0.7504702103665593,3.5283144268276936,-0.3410039863163017,2.284989204513621,-0.7097786461021425,2.481636533755423,-3.500199465243856,-1.790226067639766
49.0,35.0,1008.6447143554688,-2.7482699592641264,-3.084966238921357,0.7504702103665593,3.5283144268276936,-0.3410039863163017,2.284989204513621,-0.7097786461021425,2.481636533755423,-3.500199465243856,-1.7900792273117878
49.0,35.0,1008.6464233398438,-2.7482699592641264,-3.0850232853886874,0.7504702103665593,3.5283144268276936,-0.3410039863163017,2.284809939005332,-0.7096547310119526,2.481636533755423,-3.500199465243856,-1.790226067639766
49.0,35.0,1008.6467895507812,-2.7482699592641264,-3.084966238921357,0.7504702103665593,3.5284243284339603,-0.3410039863163017,2.284989204513621,-0.7097786461021425,2.481636533755423,-3.500199465243856,-1.790226067639766
49.0,35.0,1008.6467895507812,-2.7482699592641264,-3.084966238921357,0.7504702103665593,3.5284243284339603,-0.3410039863163017,2.284989204513621,-0.7097786461021425,2.481636533755423,-3.500199465243856,-1.790226067639766
49.0,35.0,1008.6472778320312,-2.7482699592641264,-3.084966238921357,0.7504702103665593,3.5283144268276936,-0.3410039863163017,2.284989204513621,-0.7097786461021425,2.481636533755423,-3.500199465243856,-1.790226067639766
49.0,35.0,1008.6472778320312,-2.7482699592641264,-3.084966238921357,0.7504702103665593,3.5283144268276936,-0.3410039863163017,2.284989204513621,-0.7097786461021425,2.481636533755423,-3.500199465243856,-1.790226067639766
49.0,35.0,1008.6472778320312,-2.7482699592641264,-3.084966238921357,0.7504702103665593,3.5283144268276936,-0.3410039863163017,2.284989204513621,-0.7097786461021425,2.481636533755423,-3.500199465243856,-1.790226067639766
49.0,35.0,1008.6472778320312,-2.7482699592641264,-3.084966238921357,0.7504702103665593,3.5283144268276936,-0.3410039863163017,2.284989204513621,-0.7097786461021425,2.481636533755423,-3.500199465243856,-1.790226067639766
49.0,35.0,1008.6472778320312,-2.7482699592641264,-3.084966238921357,0.7504702103665593,3.5283144268276936,-0.3410039863163017,2.284989204513621,-0.7097786461021425,2.481636533755423,-3.500199465243856,-1.790226067639766
49.0,35.0,1008.6472778320312,-2.7482699592641264,-3.084966238921357,0.7504702103665593,3.5283144268276936,-0.3410039863163017,2.284989204513621,-0.7097786461021425,2.481636533755423,-3.500199465243856,-1.790226067639766
49.0,35.0,1008.6472778320312,-2.7482699592641264,-3.084966238921357,0.7504702103665593,3.5283144268276936,-0.3410039863163017,2.284989204513621,-0.7097786461021425,2.481636533755423,-3.500199465243856,-1.790226067639766
49.0,35.0,1008.6472778320312,-2.7482699592641264,-3.084966238921357,0.7504702103665593,3.5283144268276936,-0.3410039863163017,2.284989204513621,-0.7097786461021425,2.481636533755423,-3.500199465243856,-1.790226067639766
49.0,35.0,1008.6472778320312,-2.7482699592641264,-3.084966238921357,0.7504702103665593,3.5283144268276936,-0.3410064089771071,2.284989204513621,-0.7097786461021425,2.481636533755423,-3.500199465243856,-1.790226067639766
49.0,35.0,1008.6472778320312,-2.7482699592641264,-3.084966238921357,0.7504702103665593,3.5283144268276936,-0.3410039863163017,2.284989204513621,-0.7097786461021425,2.481636533755423,-3.500199465243856,-1.790226067639766
49.0,35.0,1008.6476440429688,-2.7482699592641264,-3.084966238921357,0.7504702103665593,3.5283144268276936,-0.3410039863163017,2.285014385677284,-0.7097786461021425,2.481636533755423,-3.500199465243856,-1.790226067639766
49.0,35.0,1008.6552734375,-2.7482699592641264,-3.085543000255698,0.7504702103665593,3.5283144268276936,-0.3410039863163017,2.285874631407151,-0.7097786461021425,2.481636533755423,-3.500199465243856,-1.790226067639766
49.0,35.0,1008.6611938476562,-2.7482699592641264,-3.0840544073285217,0.7504702103665593,3.5274876719804995,-0.3410039863163017,2.284989204513621,-0.7097786461021425,2.481636533755423,-3.500199465243856,-1.790226067639766
49.0,35.0,1008.66796875,-2.7621078083984947,-3.0927026908255217,0.747325448677249,3.542784536465489,-0.3410039863163017,2.2748344629186743,-0.7096606481248222,2.481636533755423,-3.500199465243856,-1.790226067639766
49.0,35.0,1008.6939697265624,-2.7482699592641264,-3.3563323102793348,0.7504702103665593,3.5283144268276936,-0.3410039863163017,2.284989204513621,-0.7097786461021425,2.481636533755423,-3.500199465243856,-2.233353746976041
49.0,35.0,1008.744140625,-2.7639738926253306,-3.084966238921357,0.7504702103665593,3.5283144268276936,-0.3410039863163017,2.27508912403852,-0.7097786461021425,2.481636533755423,-3.500199465243856,-1.790226067639766
49.0,35.0,1008.74609375,-2.7628158800530054,-3.0848316826301576,0.7504702103665593,3.5425690358203643,-0.3410039863163017,2.2748344629186743,-0.7097786461021425,2.481636533755423,-3.500199465243856,-1.790226067639766
49.0,35.0,1008.79931640625,-2.7496609861517243,-3.084966238921357,0.7476506454186153,3.5294085882380544,-0.3410039863163017,2.284989204513621,-0.7097786461021425,2.481636533755423,-3.500199465243856,-1.790226067639766
49.0,35.0,1008.8161010742188,-2.7496646126559536,-3.084966238921357,0.7473930079054903,3.5283144268276936,-0.3410039863163017,2.284989204513621,-0.7097786461021425,2.481636533755423,-3.500199465243856,-1.790226067639766
49.0,35.0,1008.8388671875,-2.7482699592641264,-3.084966238921357,0.7504702103665593,3.5283144268276936,-0.3410039863163017,2.284989204513621,-0.7095308229212004,2.4819416005499684,-3.500199465243856,-1.796888863309417
49.0,35.0,1008.8694458007812,-2.7482699592641264,-3.073827025917162,0.75047016760032,3.527468642738132,-0.3410039863163017,2.284989204513621,-0.7097786461021425,2.481636533755423,-3.500199465243856,-1.790226067639766
49.0,35.0,1008.9214477539062,-2.708246874934731,-3.084966238921357,0.7504702103665593,3.5283144268276936,-0.3410039863163017,2.284989204513621,-0.7097786461021425,2.481636533755423,-3.500199465243856,-1.790226067639766
49.0,35.0,1009.1235961914062,-2.762099584125224,-3.0615068490467703,0.747325448677249,3.440596480326408,-0.3410039863163017,2.2750137284269645,-0.709784563215012,2.737067979031657,-3.500199465243856,-1.790226067639766
49.0,35.0,1009.23486328125,-2.7482699592641264,-3.084966238921357,0.7504702103665593,3.5283144268276936,-0.3410039863163017,2.284989204513621,-0.667481145313664,2.481636533755423,-3.500199465243856,-1.790226067639766
49.0,35.0,1009.2827758789062,-0.5765737405696972,-3.03568749542082,1.1821328534079023,4.698620518950413,-0.9716539118810976,2.0200377962858425,0.3586414330772284,2.486185238930476,-3.5008669116582065,-3.79893987085878
49.0,35.0,1009.4300537109376,-2.7482699592641264,-2.561969002954556,0.7504702103665593,3.5283144268276936,-0.3410039863163017,2.284989204513621,-0.7097786461021425,2.481636533755423,-3.500199465243856,-1.790226067639766
49.0,35.0,1009.4500122070312,-2.7482699592641264,-3.073972614491514,0.6374087385480485,3.527468642738132,-0.3410039863163017,2.284989204513621,-0.7097786461021425,2.481636533755423,-3.500199465243856,-1.790226067639766
49.0,35.0,1009.4500122070312,-2.7482699592641264,-3.073972614491514,0.6374087385480485,3.527468642738132,-0.3410039863163017,2.284989204513621,-0.7097786461021425,2.481636533755423,-3.500199465243856,-1.790226067639766
49.0,35.0,1009.5437622070312,-2.7515533261941365,-2.538284017792777,0.7107352669397422,3.5435852974183053,-0.3410039863163017,2.275767410713203,-0.7097786461021425,2.481636533755423,-3.500199465243856,-1.790226067639766
49.0,35.0,1009.5479125976562,-2.7628158800530054,-3.0922860184090544,0.7505267142745113,3.542739513328744,-0.3410039863163017,2.4677364488324267,-0.7097786461021425,2.481636533755423,-3.500199465243856,-1.790226067639766
49.0,35.0,1009.5479125976562,-2.7628158800530054,-3.0922860184090544,0.7505267142745113,3.542739513328744,-0.3410039863163017,2.4677364488324267,-0.7097786461021425,2.481636533755423,-3.500199465243856,-1.790226067639766
49.0,35.0,1009.6297607421876,-2.7480467510373727,-3.0660891252489537,0.7473926426387476,3.5284413473350225,-0.3406441593740716,2.2849253228654405,-0.6245286797261308,2.481636533755423,-3.500199465243856,-1.790226067639766
49.0,35.0,1009.7125244140624,-2.7024457115864715,-2.538284017792777,0.7473553761196696,3.5435852974183053,-0.3410039863163017,2.2748344629186743,-0.7097786461021425,2.481636533755423,-3.500199465243856,-1.790226067639766
49.0,35.0,1009.7125244140624,-2.7024457115864715,-2.538284017792777,0.7473553761196696,3.5435852974183053,-0.3410039863163017,2.2748344629186743,-0.7097786461021425,2.481636533755423,-3.500199465243856,-1.790226067639766
49.0,36.0,1008.1197509765624,-2.7482699592641264,-3.084966238921357,0.7504702103665593,3.5283144268276936,-0.3410039863163017,2.284989204513621,-0.731669156119078,2.481636533755423,-3.568751315102336,-1.790226067639766
49.0,36.0,1008.2800903320312,-2.7482699592641264,-3.084966238921357,0.7504702103665593,3.5283144268276936,-0.3410039863163017,2.284989204513621,-0.7307066109207359,2.481636533755423,-3.500199465243856,-1.790226067639766
49.0,36.0,1008.2938842773438,-2.7482699592641264,-3.084966238921357,0.7112597086550257,3.896462129938804,-0.3448649381624591,2.284989204513621,-0.7097786461021425,2.481636533755423,-3.500199465243856,-1.790226067639766
49.0,36.0,1008.2953491210938,-2.7482699592641264,-3.0847932643312816,0.7112597086550257,3.896462129938804,-0.3448649381624591,2.284989204513621,-0.7097786461021425,2.481636533755423,-3.500199465243856,-1.790226067639766
49.0,36.0,1008.3076171875,-2.748287392516052,-3.084966238921357,0.7104146134871212,3.896462129938804,-0.3448255498824274,2.284989204513621,-0.7097786461021425,2.481636533755423,-3.500199465243856,-1.790226067639766
49.0,36.0,1008.3111572265624,-2.748759784780212,-3.084966238921357,0.7104146134871212,3.896462129938804,-0.3448255498824274,2.284989204513621,-0.7097786461021425,2.481636533755423,-3.500199465243856,-1.790226067639766
49.0,36.0,1008.3551635742188,-2.7482699592641264,-3.084966238921357,0.7104146134871212,3.896462129938804,-0.3410039863163017,2.284989204513621,-0.7097786461021425,2.481636533755423,-3.500199465243856,-1.790226067639766
49.0,36.0,1008.3551635742188,-2.7482699592641264,-3.084966238921357,0.7104146134871212,3.896462129938804,-0.3410039863163017,2.284989204513621,-0.7097786461021425,2.481636533755423,-3.500199465243856,-1.790226067639766
49.0,36.0,1008.3944091796876,-2.748270265334868,-3.084966238921357,0.7101569759739962,3.8953679685284426,-0.3410039863163017,2.284989204513621,-0.7097786461021425,2.481636533755423,-3.500199465243856,-1.7900770864717117
49.0,36.0,1008.3972778320312,-2.748273585768356,-3.084966238921357,0.7101569759739962,3.8953679685284426,-0.3410039863163017,2.284989204513621,-0.7097786461021425,2.481636533755423,-3.500199465243856,-1.790226067639766
49.0,36.0,1008.3972778320312,-2.7482698940348023,-3.084966238921357,0.7101569759739962,3.8953679685284426,-0.3410039863163017,2.284989204513621,-0.7097786461021425,2.481636533755423,-3.500199465243856,-1.790226067639766
49.0,36.0,1008.5225219726562,-2.762099243204648,-3.092230904109818,0.7505605309123372,3.542784536465489,-0.3410039863163017,2.2748344629186743,-0.7096606481248222,2.481636533755423,-3.500199465243856,-1.790226067639766
49.0,36.0,1008.52392578125,-2.7628158800530054,-3.092404061184877,0.7504702103665593,3.542739513328744,-0.3410039863163017,2.2748344629186743,-0.7097786461021425,2.481636533755423,-3.500199465243856,-1.790226067639766
49.0,36.0,1008.52783203125,-2.7628158800530054,-3.092231086594801,0.7504702103665593,3.542739513328744,-0.3410039863163017,2.2748344629186743,-0.7097786461021425,2.481636533755423,-3.500199465243856,-1.790226067639766
49.0,36.0,1008.52783203125,-2.7628158800530054,-3.092231086594801,0.7504702103665593,3.542739513328744,-0.3410039863163017,2.2748344629186743,-0.7097786461021425,2.481636533755423,-3.500199465243856,-1.790226067639766
49.0,36.0,1008.5569458007812,-2.7616910815583493,-3.092246768872448,0.7504702103665593,3.542440145470786,-0.3448545792886948,2.284989204513621,-0.7097786461021425,2.481636533755423,-3.500199465243856,-1.790226067639766
49.0,36.0,1008.5569458007812,-2.7616910815583493,-3.092246768872448,0.7504702103665593,3.542440145470786,-0.3448545792886948,2.284989204513621,-0.7097786461021425,2.481636533755423,-3.500199465243856,-1.790226067639766
49.0,36.0,1008.57568359375,-2.7617283133607287,-3.0922308859926884,0.7504693914415891,3.5427414022181845,-0.3409933241764251,2.2847350602121788,-0.7097786461021425,2.481636533755423,-3.500199465243856,-1.790226067639766
49.0,36.0,1008.576416015625,-2.761201256042264,-3.092246768872448,0.7504702103665593,3.542440145470786,-0.341033015722569,2.284989204513621,-0.7097786461021425,2.481636533755423,-3.500199465243856,-1.790226067639766
49.0,36.0,1008.576416015625,-2.761201256042264,-3.092246768872448,0.7504702103665593,3.542440145470786,-0.341033015722569,2.284989204513621,-0.7097786461021425,2.481636533755423,-3.500199465243856,-1.790226067639766
49.0,36.0,1008.6224365234376,-2.7616910815583493,-3.092246768872448,0.7496251151986547,3.542440145470786,-0.3409936274425373,2.284989204513621,-0.7097786461021425,2.481636533755423,-3.500199465243856,-1.790226067639766
49.0,36.0,1008.6364135742188,-2.747436324894428,-3.085598571100176,0.7504702103665593,3.5283144268276936,-0.3410039863163017,2.284989204513621,-0.7097786461021425,2.481636533755423,-3.500199465243856,-1.790226067639766
49.0,36.0,1008.6365356445312,-2.747460571300013,-3.085598571100176,0.7504702103665593,3.5283144268276936,-0.3410039863163017,2.284989204513621,-0.7097786461021425,2.481636533755423,-3.500199465243856,-1.790226067639766
49.0,36.0,1008.6447143554688,-2.7482699592641264,-3.084966238921357,0.7504702103665593,3.5283144268276936,-0.3410039863163017,2.284989204513621,-0.7097786461021425,2.481636533755423,-3.500199465243856,-1.7900792273117878
49.0,36.0,1008.6447143554688,-2.7482699592641264,-3.084966238921357,0.7504702103665593,3.5283144268276936,-0.3410039937952206,2.284989204513621,-0.7097786461021425,2.481636533755423,-3.500199465243856,-1.7900792273117878
49.0,36.0,1008.6464233398438,-2.7482699592641264,-3.0850232853886874,0.7504702103665593,3.5283144268276936,-0.3410039863163017,2.284809939005332,-0.7096547310119526,2.481636533755423,-3.500199465243856,-1.790226067639766
49.0,36.0,1008.6467895507812,-2.7482699592641264,-3.084966238921357,0.7504702103665593,3.5284243284339603,-0.3410039863163017,2.284989204513621,-0.7097786461021425,2.481636533755423,-3.500199465243856,-1.790226067639766
49.0,36.0,1008.6467895507812,-2.7482699592641264,-3.084966238921357,0.7504702103665593,3.5284243284339603,-0.3410039863163017,2.284989204513621,-0.7097786461021425,2.481636533755423,-3.500199465243856,-1.790226067639766
49.0,36.0,1008.6467895507812,-2.7482699592641264,-3.084966238921357,0.7504702103665593,3.5284243284339603,-0.3410039863163017,2.284989204513621,-0.7097786461021425,2.481636533755423,-3.500199465243856,-1.790226067639766
49.0,36.0,1008.6467895507812,-2.74827365099768,-3.084966238921357,0.7504702103665593,3.5284243284339603,-0.3410039863163017,2.284989204513621,-0.7097786461021425,2.481636533755423,-3.500199465243856,-1.790226067639766
49.0,36.0,1008.6467895507812,-2.7482699592641264,-3.084966238921357,0.7504702103665593,3.5284243284339603,-0.3410039863163017,2.284989204513621,-0.7097786461021425,2.481636533755423,-3.500199465243856,-1.790226067639766
49.0,36.0,1008.6472778320312,-2.7482699592641264,-3.084966238921357,0.7504702103665593,3.5283144268276936,-0.3410039863163017,2.284989204513621,-0.7097786461021425,2.481636533755423,-3.500199465243856,-1.790226067639766
49.0,36.0,1008.6472778320312,-2.7482699592641264,-3.084966238921357,0.7504702103665593,3.5283144268276936,-0.3410039863163017,2.284989204513621,-0.7097786461021425,2.481636533755423,-3.500199465243856,-1.790226067639766
49.0,36.0,1008.6472778320312,-2.7482699592641264,-3.084966238921357,0.7504702103665593,3.5283144268276936,-0.3410039863163017,2.284989204513621,-0.7097786461021425,2.481636533755423,-3.500199465243856,-1.790226067639766
49.0,36.0,1008.6472778320312,-2.7482699592641264,-3.084966238921357,0.7504702103665593,3.5283144268276936,-0.3410039863163017,2.284989204513621,-0.7097786461021425,2.481636533755423,-3.500199465243856,-1.790226067639766
49.0,36.0,1008.6472778320312,-2.7482699592641264,-3.084966238921357,0.7504702103665593,3.5283144268276936,-0.3410039863163017,2.284989204513621,-0.7097786461021425,2.481636533755423,-3.500199465243856,-1.790226067639766
49.0,36.0,1008.6472778320312,-2.7482699592641264,-3.084966238921357,0.7504702103665593,3.5283144268276936,-0.3410039863163017,2.284989204513621,-0.7097786461021425,2.481636533755423,-3.500199465243856,-1.790226067639766
49.0,36.0,1008.6472778320312,-2.7482699592641264,-3.084966238921357,0.7504702103665593,3.5283144268276936,-0.3410039863163017,2.284989204513621,-0.7097786461021425,2.481636533755423,-3.500199465243856,-1.790226067639766
49.0,36.0,1008.6472778320312,-2.7482699592641264,-3.084966238921357,0.7504702103665593,3.5283144268276936,-0.3410039863163017,2.284989204513621,-0.7097786461021425,2.481636533755423,-3.500199465243856,-1.790226067639766
49.0,36.0,1008.6472778320312,-2.7482699592641264,-3.084966238921357,0.7504702103665593,3.5283144268276936,-0.3410064089771071,2.284989204513621,-0.7097786461021425,2.481636533755423,-3.500199465243856,-1.790226067639766
49.0,36.0,1008.6472778320312,-2.7482699592641264,-3.084966238921357,0.7504702103665593,3.5283144268276936,-0.3410039863163017,2.284989204513621,-0.7097786461021425,2.481636533755423,-3.500199465243856,-1.790226067639766
49.0,36.0,1008.6472778320312,-2.7482699592641264,-3.084966238921357,0.7504702103665593,3.5283144268276936,-0.3410064014981883,2.284989204513621,-0.7097786461021425,2.481636533755423,-3.500199465243856,-1.790226067639766
49.0,36.0,1008.6472778320312,-2.7482699592641264,-3.084966238921357,0.7504702103665593,3.5283144268276936,-0.3410039863163017,2.284989204513621,-0.7097786461021425,2.481636533755423,-3.500199465243856,-1.790226067639766
49.0,36.0,1008.6472778320312,-2.7482699592641264,-3.084966238921357,0.7504702103665593,3.5283144268276936,-0.3410039863163017,2.284989204513621,-0.7097786461021425,2.481636533755423,-3.500199465243856,-1.790226067639766
49.0,36.0,1008.6476440429688,-2.7482699592641264,-3.084966238921357,0.7504702103665593,3.5283144268276936,-0.3410039863163017,2.285014385677284,-0.7097786461021425,2.481636533755423,-3.500199465243856,-1.790226067639766
49.0,36.0,1008.6552734375,-2.7482699592641264,-3.085543000255698,0.7504702103665593,3.5283144268276936,-0.3410039863163017,2.285874631407151,-0.7097786461021425,2.481636533755423,-3.500199465243856,-1.790226067639766
49.0,36.0,1008.6611938476562,-2.7482699592641264,-3.0840544073285217,0.7504702103665593,3.5274876719804995,-0.3410039863163017,2.284989204513621,-0.7097786461021425,2.481636533755423,-3.500199465243856,-1.790226067639766
49.0,36.0,1008.66796875,-2.7621078083984947,-3.0927026908255217,0.747325448677249,3.542784536465489,-0.3410039863163017,2.2748344629186743,-0.7096606481248222,2.481636533755423,-3.500199465243856,-1.790226067639766
49.0,36.0,1008.6746826171876,-2.762824445246852,-3.092702873310505,0.7472351281314712,3.542739513328744,-0.3410039863163017,2.2748344629186743,-0.7097786461021425,2.481636533755423,-3.500199465243856,-1.790226067639766
49.0,36.0,1008.6837158203124,-2.748765604201304,-3.084966238921357,0.7504702103665593,3.540753934196976,-0.3410039649097561,2.284989204513621,-0.7097786461021425,2.481636533755423,-3.500199465243856,-1.790226067639766
49.0,37.0,1008.1197509765624,-2.7482699592641264,-3.084966238921357,0.7504702103665593,3.5283144268276936,-0.3410039863163017,2.284989204513621,-0.731669156119078,2.481636533755423,-3.568751315102336,-1.790226067639766
49.0,37.0,1008.2800903320312,-2.7482699592641264,-3.084966238921357,0.7504702103665593,3.5283144268276936,-0.3410039863163017,2.284989204513621,-0.7307066109207359,2.481636533755423,-3.500199465243856,-1.790226067639766
49.0,37.0,1008.2911376953124,-2.7482699592641264,-3.084966238921357,0.7504702103665593,3.528418419822533,-0.3410039863163017,2.284989204513621,-0.7298850750343777,2.481636533755423,-3.500199465243856,-1.790226067639766
49.0,37.0,1008.2938842773438,-2.7482699592641264,-3.084966238921357,0.7112597086550257,3.896462129938804,-0.3448649381624591,2.284989204513621,-0.7097786461021425,2.481636533755423,-3.500199465243856,-1.790226067639766
49.0,37.0,1008.2953491210938,-2.7482699592641264,-3.0847932643312816,0.7112597086550257,3.896462129938804,-0.3448649381624591,2.284989204513621,-0.7097786461021425,2.481636533755423,-3.500199465243856,-1.790226067639766
49.0,37.0,1008.3076171875,-2.748287392516052,-3.084966238921357,0.7104146134871212,3.896462129938804,-0.3448255498824274,2.284989204513621,-0.7097786461021425,2.481636533755423,-3.500199465243856,-1.790226067639766
49.0,37.0,1008.3111572265624,-2.748759784780212,-3.084966238921357,0.7104146134871212,3.896462129938804,-0.3448255498824274,2.284989204513621,-0.7097786461021425,2.481636533755423,-3.500199465243856,-1.790226067639766
49.0,37.0,1008.3470458984376,-2.748273585768356,-3.084966238921357,0.7101569759739962,3.8953679685284426,-0.344917917472065,2.284989204513621,-0.7097786461021425,2.481636533755423,-3.500199465243856,-1.790226067639766
49.0,37.0,1008.3543090820312,-2.748269893591061,-3.084966238921357,0.7104146134871212,3.896486896786329,-0.3410039863163017,2.284989204513621,-0.7097786461021425,2.481636533755423,-3.500199465243856,-1.790226067639766
49.0,37.0,1008.3551635742188,-2.7482699592641264,-3.084966238921357,0.7104146134871212,3.896462129938804,-0.3410039863163017,2.284989204513621,-0.7097786461021425,2.481636533755423,-3.500199465243856,-1.790226067639766
49.0,37.0,1008.3551635742188,-2.7482699592641264,-3.084966238921357,0.7104146134871212,3.896462129938804,-0.3410039863163017,2.284989204513621,-0.7097786461021425,2.481636533755423,-3.500199465243856,-1.790226067639766
49.0,37.0,1008.3605346679688,-2.748759784780212,-3.084966238921357,0.7104146134871212,3.896462129938804,-0.340911618726664,2.284989204513621,-0.7097786461021425,2.481636533755423,-3.500199465243856,-1.790226067639766
49.0,37.0,1008.3944091796876,-2.748270265334868,-3.084966238921357,0.7101569759739962,3.8953679685284426,-0.3410039863163017,2.284989204513621,-0.7097786461021425,2.481636533755423,-3.500199465243856,-1.7900770864717117
49.0,37.0,1008.3972778320312,-2.748273585768356,-3.084966238921357,0.7101569759739962,3.8953679685284426,-0.3410039863163017,2.284989204513621,-0.7097786461021425,2.481636533755423,-3.500199465243856,-1.790226067639766
49.0,37.0,1008.3972778320312,-2.7482698940348023,-3.084966238921357,0.7101569759739962,3.8953679685284426,-0.3410039863163017,2.284989204513621,-0.7097786461021425,2.481636533755423,-3.500199465243856,-1.790226067639766
49.0,37.0,1008.5225219726562,-2.762099243204648,-3.092230904109818,0.7505605309123372,3.542784536465489,-0.3410039863163017,2.2748344629186743,-0.7096606481248222,2.481636533755423,-3.500199465243856,-1.790226067639766
49.0,37.0,1008.52392578125,-2.7628158800530054,-3.092404061184877,0.7504702103665593,3.542739513328744,-0.3410039863163017,2.2748344629186743,-0.7097786461021425,2.481636533755423,-3.500199465243856,-1.790226067639766
49.0,37.0,1008.52783203125,-2.7628158800530054,-3.092231086594801,0.7504702103665593,3.542739513328744,-0.3410039863163017,2.2748344629186743,-0.7097786461021425,2.481636533755423,-3.500199465243856,-1.790226067639766
49.0,37.0,1008.52783203125,-2.7628158800530054,-3.092231086594801,0.7504702103665593,3.542739513328744,-0.3410039863163017,2.2748344629186743,-0.7097786461021425,2.481636533755423,-3.500199465243856,-1.790226067639766
49.0,37.0,1008.5569458007812,-2.7616910815583493,-3.092246768872448,0.7504702103665593,3.542440145470786,-0.3448545792886948,2.284989204513621,-0.7097786461021425,2.481636533755423,-3.500199465243856,-1.790226067639766
49.0,37.0,1008.5569458007812,-2.7616910815583493,-3.092246768872448,0.7504702103665593,3.542440145470786,-0.3448545792886948,2.284989204513621,-0.7097786461021425,2.481636533755423,-3.500199465243856,-1.790226067639766
49.0,37.0,1008.5750122070312,-2.7612573397172784,-3.092246768872448,0.7504702103665593,3.542440145470786,-0.341033015722569,2.2848509349880164,-0.7097786461021425,2.481636533755423,-3.500199465243856,-1.790226067639766
49.0,37.0,1008.57568359375,-2.7617283133607287,-3.0922308859926884,0.7504693914415891,3.5427414022181845,-0.3409933241764251,2.2847350602121788,-0.7097786461021425,2.481636533755423,-3.500199465243856,-1.790226067639766
49.0,37.0,1008.576416015625,-2.761201256042264,-3.092246768872448,0.7504702103665593,3.542440145470786,-0.341033015722569,2.284989204513621,-0.7097786461021425,2.481636533755423,-3.500199465243856,-1.790226067639766
49.0,37.0,1008.576416015625,-2.761201256042264,-3.092246768872448,0.7504702103665593,3.542440145470786,-0.341033015722569,2.284989204513621,-0.7097786461021425,2.481636533755423,-3.500199465243856,-1.790226067639766
49.0,37.0,1008.6224365234376,-2.7616910815583493,-3.092246768872448,0.7496251151986547,3.542440145470786,-0.3409936274425373,2.284989204513621,-0.7097786461021425,2.481636533755423,-3.500199465243856,-1.790226067639766
49.0,37.0,1008.6306762695312,-2.7482699592641264,-3.084966238921357,0.7504702103665593,3.5283144268276936,-0.3410793592939113,2.284989204513621,-0.7102961594067928,2.481636533755423,-3.499947920176223,-1.790226067639766
49.0,37.0,1008.6364135742188,-2.747436324894428,-3.085598571100176,0.7504702103665593,3.5283144268276936,-0.3410039863163017,2.284989204513621,-0.7097786461021425,2.481636533755423,-3.500199465243856,-1.790226067639766
49.0,37.0,1008.6365356445312,-2.747460571300013,-3.085598571100176,0.7504702103665593,3.5283144268276936,-0.3410039863163017,2.284989204513621,-0.7097786461021425,2.481636533755423,-3.500199465243856,-1.790226067639766
49.0,37.0,1008.6447143554688,-2.7482699592641264,-3.084966238921357,0.7504702103665593,3.5283144268276936,-0.3410039863163017,2.284989204513621,-0.7097786461021425,2.481636533755423,-3.500199465243856,-1.7900792273117878
49.0,37.0,1008.6447143554688,-2.7482699592641264,-3.084966238921357,0.7504702103665593,3.5283144268276936,-0.3410039937952206,2.284989204513621,-0.7097786461021425,2.481636533755423,-3.500199465243856,-1.7900792273117878
49.0,37.0,1008.6464233398438,-2.7482699592641264,-3.0850232853886874,0.7504702103665593,3.5283144268276936,-0.3410039863163017,2.284809939005332,-0.7096547310119526,2.481636533755423,-3.500199465243856,-1.790226067639766
49.0,37.0,1008.6467895507812,-2.7482699592641264,-3.084966238921357,0.7504702103665593,3.5284243284339603,-0.3410039863163017,2.284989204513621,-0.7097786461021425,2.481636533755423,-3.500199465243856,-1.790226067639766
49.0,37.0,1008.6467895507812,-2.7482699592641264,-3.084966238921357,0.7504702103665593,3.5284243284339603,-0.3410039863163017,2.284989204513621,-0.7097786461021425,2.481636533755423,-3.500199465243856,-1.790226067639766
49.0,37.0,1008.6467895507812,-2.7482699592641264,-3.084966238921357,0.7504702103665593,3.5284243284339603,-0.3410039863163017,2.284989204513621,-0.7097786461021425,2.481636533755423,-3.500199465243856,-1.790226067639766
49.0,37.0,1008.6467895507812,-2.74827365099768,-3.084966238921357,0.7504702103665593,3.5284243284339603,-0.3410039863163017,2.284989204513621,-0.7097786461021425,2.481636533755423,-3.500199465243856,-1.790226067639766
49.0,37.0,1008.6467895507812,-2.7482699592641264,-3.084966238921357,0.7504702103665593,3.5284243284339603,-0.3410039863163017,2.284989204513621,-0.7097786461021425,2.481636533755423,-3.500199465243856,-1.790226067639766
49.0,37.0,1008.6467895507812,-2.7482699592641264,-3.084966238921357,0.7504702103665593,3.5284220671469946,-0.3410039863163017,2.284989204513621,-0.7097786461021425,2.481636533755423,-3.500199465243856,-1.790226067639766
49.0,37.0,1008.6472778320312,-2.7482699592641264,-3.084966238921357,0.7504702103665593,3.5283144268276936,-0.3410039863163017,2.284989204513621,-0.7097786461021425,2.481636533755423,-3.500199465243856,-1.790226067639766
49.0,37.0,1008.6472778320312,-2.7482699592641264,-3.084966238921357,0.7504702103665593,3.5283144268276936,-0.3410039863163017,2.284989204513621,-0.7097786461021425,2.481636533755423,-3.500199465243856,-1.790226067639766
49.0,37.0,1008.6472778320312,-2.7482699592641264,-3.084966238921357,0.7504702103665593,3.5283144268276936,-0.3410039863163017,2.284989204513621,-0.7097786461021425,2.481636533755423,-3.500199465243856,-1.790226067639766
49.0,37.0,1008.6472778320312,-2.7482699592641264,-3.084966238921357,0.7504702103665593,3.5283144268276936,-0.3410039863163017,2.284989204513621,-0.7097786461021425,2.481636533755423,-3.500199465243856,-1.790226067639766
49.0,37.0,1008.6472778320312,-2.7482699592641264,-3.084966238921357,0.7504702103665593,3.5283144268276936,-0.3410039863163017,2.284989204513621,-0.7097786461021425,2.481636533755423,-3.500199465243856,-1.790226067639766
49.0,37.0,1008.6472778320312,-2.7482699592641264,-3.084966238921357,0.7504702103665593,3.5283144268276936,-0.3410039863163017,2.284989204513621,-0.7097786461021425,2.481636533755423,-3.500199465243856,-1.790226067639766
49.0,37.0,1008.6472778320312,-2.7482699592641264,-3.084966238921357,0.7504702103665593,3.5283144268276936,-0.3410039863163017,2.284989204513621,-0.7097786461021425,2.481636533755423,-3.500199465243856,-1.790226067639766
49.0,37.0,1008.6472778320312,-2.7482699592641264,-3.084966238921357,0.7504702103665593,3.5283144268276936,-0.3410039863163017,2.284989204513621,-0.7097786461021425,2.481636533755423,-3.500199465243856,-1.790226067639766
49.0,37.0,1008.6472778320312,-2.7482699592641264,-3.084966238921357,0.7504702103665593,3.5283144268276936,-0.3410064089771071,2.284989204513621,-0.7097786461021425,2.481636533755423,-3.500199465243856,-1.790226067639766
49.0,37.0,1008.6472778320312,-2.7482699592641264,-3.084966238921357,0.7504702103665593,3.5283144268276936,-0.3410039863163017,2.284989204513621,-0.7097786461021425,2.481636533755423,-3.500199465243856,-1.790226067639766
49.0,37.0,1008.6472778320312,-2.7482699592641264,-3.084966238921357,0.7504702103665593,3.5283144268276936,-0.3410064014981883,2.284989204513621,-0.7097786461021425,2.481636533755423,-3.500199465243856,-1.790226067639766
49.0,37.0,1008.6472778320312,-2.7482699592641264,-3.084966238921357,0.7504702103665593,3.5283144268276936,-0.3410039863163017,2.284989204513621,-0.7097786461021425,2.481636533755423,-3.500199465243856,-1.790226067639766
49.0,38.0,1008.1197509765624,-2.7482699592641264,-3.084966238921357,0.7504702103665593,3.5283144268276936,-0.3410039863163017,2.284989204513621,-0.731669156119078,2.481636533755423,-3.568751315102336,-1.790226067639766
49.0,38.0,1008.1209716796876,-2.7482699592641264,-3.084966238921357,0.7504702103665593,3.528313394448954,-0.3410039863163017,2.284989204513621,-0.7316295583453882,2.481636533755423,-3.568751315102336,-1.790226067639766
49.0,38.0,1008.2800903320312,-2.7482699592641264,-3.084966238921357,0.7504702103665593,3.5283144268276936,-0.3410039863163017,2.284989204513621,-0.7307066109207359,2.481636533755423,-3.500199465243856,-1.790226067639766
49.0,38.0,1008.2911376953124,-2.7482699592641264,-3.084966238921357,0.7504702103665593,3.528418419822533,-0.3410039863163017,2.284989204513621,-0.7298850750343777,2.481636533755423,-3.500199465243856,-1.790226067639766
49.0,38.0,1008.2938842773438,-2.7482699592641264,-3.084966238921357,0.7112597086550257,3.896462129938804,-0.3448649381624591,2.284989204513621,-0.7097786461021425,2.481636533755423,-3.500199465243856,-1.790226067639766
49.0,38.0,1008.2953491210938,-2.7482699592641264,-3.0847932643312816,0.7112597086550257,3.896462129938804,-0.3448649381624591,2.284989204513621,-0.7097786461021425,2.481636533755423,-3.500199465243856,-1.790226067639766
49.0,38.0,1008.3062133789062,-2.7482699592641264,-3.084966238921357,0.7504702103665593,3.5251124513361067,-0.3410039863163017,2.284989204513621,-0.7307066109207359,2.481636533755423,-3.500199465243856,-1.790226067639766
49.0,38.0,1008.306396484375,-2.7482874277854097,-3.084966238921357,0.7104146134871212,3.896462129938804,-0.3449294756567288,2.284989204513621,-0.7097786461021425,2.481636533755423,-3.500199465243856,-1.790226067639766
49.0,38.0,1008.3076171875,-2.748287392516052,-3.084966238921357,0.7104146134871212,3.896462129938804,-0.3448255498824274,2.284989204513621,-0.7097786461021425,2.481636533755423,-3.500199465243856,-1.790226067639766
49.0,38.0,1008.3111572265624,-2.748759784780212,-3.084966238921357,0.7104146134871212,3.896462129938804,-0.3448255498824274,2.284989204513621,-0.7097786461021425,2.481636533755423,-3.500199465243856,-1.790226067639766
49.0,38.0,1008.3388671875,-2.748422351639204,-3.091701035092101,0.7104146134871212,3.896486896786329,-0.3410039863163017,2.284989204513621,-0.7097786461021425,2.481636533755423,-3.500199465243856,-1.790226067639766
49.0,38.0,1008.3409423828124,-2.748273542193708,-3.084966238921357,0.7104047238997058,3.8953679685284426,-0.3450767583233695,2.284989204513621,-0.7097786461021425,2.481636533755423,-3.500199465243856,-1.790226067639766
49.0,38.0,1008.3470458984376,-2.748273585768356,-3.084966238921357,0.7101569759739962,3.8953679685284426,-0.344917917472065,2.284989204513621,-0.7097786461021425,2.481636533755423,-3.500199465243856,-1.790226067639766
49.0,38.0,1008.3543090820312,-2.748269893591061,-3.084966238921357,0.7104146134871212,3.896486896786329,-0.3410039863163017,2.284989204513621,-0.7097786461021425,2.481636533755423,-3.500199465243856,-1.790226067639766
49.0,38.0,1008.3543090820312,-2.748269893591061,-3.084966238921357,0.7104146134871212,3.896486896786329,-0.3410039863163017,2.284989204513621,-0.7097786461021425,2.481636533755423,-3.500199465243856,-1.790226067639766
49.0,38.0,1008.3551635742188,-2.7482699592641264,-3.084966238921357,0.7104146134871212,3.896462129938804,-0.3410039863163017,2.284989204513621,-0.7097786461021425,2.481636533755423,-3.500199465243856,-1.790226067639766
49.0,38.0,1008.3551635742188,-2.7482699592641264,-3.084966238921357,0.7104146134871212,3.896462129938804,-0.3410039863163017,2.284989204513621,-0.7097786461021425,2.481636533755423,-3.500199465243856,-1.790226067639766
49.0,38.0,1008.3605346679688,-2.748759784780212,-3.084966238921357,0.7104146134871212,3.896462129938804,-0.340911618726664,2.284989204513621,-0.7097786461021425,2.481636533755423,-3.500199465243856,-1.790226067639766
49.0,38.0,1008.373291015625,-2.761281420677018,-3.091283688348472,0.7108379596270269,3.896462129938804,-0.3448255498824274,2.284989204513621,-0.7097786461021425,2.481636533755423,-3.500199465243856,-1.790226067639766
49.0,38.0,1008.3944091796876,-2.748270265334868,-3.084966238921357,0.7101569759739962,3.8953679685284426,-0.3410039863163017,2.284989204513621,-0.7097786461021425,2.481636533755423,-3.500199465243856,-1.7900770864717117
49.0,38.0,1008.3972778320312,-2.748273585768356,-3.084966238921357,0.7101569759739962,3.8953679685284426,-0.3410039863163017,2.284989204513621,-0.7097786461021425,2.481636533755423,-3.500199465243856,-1.790226067639766
49.0,38.0,1008.3972778320312,-2.7482698940348023,-3.084966238921357,0.7101569759739962,3.8953679685284426,-0.3410039863163017,2.284989204513621,-0.7097786461021425,2.481636533755423,-3.500199465243856,-1.790226067639766
49.0,38.0,1008.3972778320312,-2.7482699608624617,-3.084966238921357,0.7101569759739962,3.8953679685284426,-0.3410039863163017,2.284989204513621,-0.7097786461021425,2.481636533755423,-3.500199465243856,-1.790226067639766
49.0,38.0,1008.51904296875,-2.761660328974679,-3.092404061184877,0.7504702103665593,3.542739513328744,-0.3410039863163017,2.275208735041173,-0.7097786461021425,2.481636533755423,-3.500199465243856,-1.790226067639766
49.0,38.0,1008.5225219726562,-2.762099243204648,-3.092230904109818,0.7505605309123372,3.542784536465489,-0.3410039863163017,2.2748344629186743,-0.7096606481248222,2.481636533755423,-3.500199465243856,-1.790226067639766
49.0,38.0,1008.52392578125,-2.7628158800530054,-3.092404061184877,0.7504702103665593,3.542739513328744,-0.3410039863163017,2.2748344629186743,-0.7097786461021425,2.481636533755423,-3.500199465243856,-1.790226067639766
49.0,38.0,1008.5257568359376,-2.7628158800530054,-3.092231086594801,0.7504702103665593,3.542739513328744,-0.3410039863163017,2.2748344629186743,-0.7099335662832766,2.481636533755423,-3.500199465243856,-1.790226067639766
49.0,38.0,1008.52783203125,-2.7628158800530054,-3.092231086594801,0.7504702103665593,3.542739513328744,-0.3410039863163017,2.2748344629186743,-0.7097786461021425,2.481636533755423,-3.500199465243856,-1.790226067639766
49.0,38.0,1008.52783203125,-2.7628158800530054,-3.092231086594801,0.7504702103665593,3.542739513328744,-0.3410039863163017,2.2748344629186743,-0.7097786461021425,2.481636533755423,-3.500199465243856,-1.790226067639766
49.0,38.0,1008.5426635742188,-2.7482700028387743,-3.084966238921357,0.7101668655614117,3.896462129938804,-0.4214843148849155,2.284989204513621,-0.7097786461021425,2.481636533755423,-3.500199465243856,-1.790226067639766
49.0,38.0,1008.5569458007812,-2.7616910815583493,-3.092246768872448,0.7504702103665593,3.542440145470786,-0.3448545792886948,2.284989204513621,-0.7097786461021425,2.481636533755423,-3.500199465243856,-1.790226067639766
49.0,38.0,1008.5569458007812,-2.7616910815583493,-3.092246768872448,0.7504702103665593,3.542440145470786,-0.3448545792886948,2.284989204513621,-0.7097786461021425,2.481636533755423,-3.500199465243856,-1.790226067639766
49.0,38.0,1008.5750122070312,-2.7612573397172784,-3.092246768872448,0.7504702103665593,3.542440145470786,-0.341033015722569,2.2848509349880164,-0.7097786461021425,2.481636533755423,-3.500199465243856,-1.790226067639766
49.0,38.0,1008.57568359375,-2.7617283133607287,-3.0922308859926884,0.7504693914415891,3.5427414022181845,-0.3409933241764251,2.2847350602121788,-0.7097786461021425,2.481636533755423,-3.500199465243856,-1.790226067639766
49.0,38.0,1008.576416015625,-2.761201256042264,-3.092246768872448,0.7504702103665593,3.542440145470786,-0.341033015722569,2.284989204513621,-0.7097786461021425,2.481636533755423,-3.500199465243856,-1.790226067639766
49.0,38.0,1008.576416015625,-2.761201256042264,-3.092246768872448,0.7504702103665593,3.542440145470786,-0.341033015722569,2.284989204513621,-0.7097786461021425,2.481636533755423,-3.500199465243856,-1.790226067639766
49.0,38.0,1008.5769653320312,-2.761201256042264,-3.092246768872448,0.7504702103665593,3.542440145470786,-0.341033015722569,2.284989204513621,-0.709761906928201,2.481636533755423,-3.500205539091419,-1.790226067639766
49.0,38.0,1008.6224365234376,-2.7616910815583493,-3.092246768872448,0.7496251151986547,3.542440145470786,-0.3409936274425373,2.284989204513621,-0.7097786461021425,2.481636533755423,-3.500199465243856,-1.790226067639766
49.0,38.0,1008.6306762695312,-2.7482699592641264,-3.084966238921357,0.7504702103665593,3.5283144268276936,-0.3410793592939113,2.284989204513621,-0.7102961594067928,2.481636533755423,-3.499947920176223,-1.790226067639766
49.0,38.0,1008.6364135742188,-2.747436324894428,-3.085598571100176,0.7504702103665593,3.5283144268276936,-0.3410039863163017,2.284989204513621,-0.7097786461021425,2.481636533755423,-3.500199465243856,-1.790226067639766
49.0,38.0,1008.6365356445312,-2.747460571300013,-3.085598571100176,0.7504702103665593,3.5283144268276936,-0.3410039863163017,2.284989204513621,-0.7097786461021425,2.481636533755423,-3.500199465243856,-1.790226067639766
49.0,38.0,1008.6447143554688,-2.7482699592641264,-3.084966238921357,0.7504702103665593,3.5283144268276936,-0.3410039863163017,2.284989204513621,-0.7097786461021425,2.481636533755423,-3.500199465243856,-1.7900792273117878
49.0,38.0,1008.6447143554688,-2.7482699592641264,-3.084966238921357,0.7504702103665593,3.5283144268276936,-0.3410039937952206,2.284989204513621,-0.7097786461021425,2.481636533755423,-3.500199465243856,-1.7900792273117878
49.0,38.0,1008.6464233398438,-2.7482699592641264,-3.0850232853886874,0.7504702103665593,3.5283144268276936,-0.3410039863163017,2.284809939005332,-0.7096547310119526,2.481636533755423,-3.500199465243856,-1.790226067639766
49.0,38.0,1008.6467895507812,-2.7482699592641264,-3.084966238921357,0.7504702103665593,3.5284243284339603,-0.3410039863163017,2.284989204513621,-0.7097786461021425,2.481636533755423,-3.500199465243856,-1.790226067639766
49.0,38.0,1008.6467895507812,-2.7482699592641264,-3.084966238921357,0.7504702103665593,3.5284243284339603,-0.3410039863163017,2.284989204513621,-0.7097786461021425,2.481636533755423,-3.500199465243856,-1.790226067639766
49.0,38.0,1008.6467895507812,-2.7482699592641264,-3.084966238921357,0.7504702103665593,3.5284243284339603,-0.3410039863163017,2.284989204513621,-0.7097786461021425,2.481636533755423,-3.500199465243856,-1.790226067639766
49.0,38.0,1008.6467895507812,-2.74827365099768,-3.084966238921357,0.7504702103665593,3.5284243284339603,-0.3410039863163017,2.284989204513621,-0.7097786461021425,2.481636533755423,-3.500199465243856,-1.790226067639766
49.0,38.0,1008.6467895507812,-2.7482699592641264,-3.084966238921357,0.7504702103665593,3.5284243284339603,-0.3410039863163017,2.284989204513621,-0.7097786461021425,2.481636533755423,-3.500199465243856,-1.790226067639766
49.0,38.0,1008.6467895507812,-2.7482699592641264,-3.084966238921357,0.7504702103665593,3.5284220671469946,-0.3410039863163017,2.284989204513621,-0.7097786461021425,2.481636533755423,-3.500199465243856,-1.790226067639766
49.0,39.0,1008.1197509765624,-2.7482699592641264,-3.084966238921357,0.7504702103665593,3.5283144268276936,-0.3410039863163017,2.284989204513621,-0.731669156119078,2.481636533755423,-3.568751315102336,-1.790226067639766
49.0,39.0,1008.1209716796876,-2.7482699592641264,-3.084966238921357,0.7504702103665593,3.528313394448954,-0.3410039863163017,2.284989204513621,-0.7316295583453882,2.481636533755423,-3.568751315102336,-1.790226067639766
49.0,39.0,1008.1234130859376,-2.74828261716592,-3.085587446469819,0.7504702103665593,3.5283144268276936,-0.3410039863163017,2.284989204513621,-0.7315676111691213,2.481636533755423,-3.568751315102336,-1.790226067639766
49.0,39.0,1008.1752319335938,-2.748270265334868,-3.084966238921357,0.7101505455711046,3.8953679685284426,-0.3409585969715686,2.284989204513621,-0.7097786461021425,2.481636533755423,-3.500199465243856,-1.7618721871092096
49.0,39.0,1008.1836547851562,-2.7487743954756927,-3.084966238921357,0.7113539573580491,3.896462129938804,-0.3410016188754073,2.284989204513621,-0.7302517429357139,2.481636533755423,-3.500199465243856,-1.790226067639766
49.0,39.0,1008.2800903320312,-2.7482699592641264,-3.084966238921357,0.7504702103665593,3.5283144268276936,-0.3410039863163017,2.284989204513621,-0.7307066109207359,2.481636533755423,-3.500199465243856,-1.790226067639766
49.0,39.0,1008.2911376953124,-2.7482699592641264,-3.084966238921357,0.7504702103665593,3.528418419822533,-0.3410039863163017,2.284989204513621,-0.7298850750343777,2.481636533755423,-3.500199465243856,-1.790226067639766
49.0,39.0,1008.2938842773438,-2.7482699592641264,-3.084966238921357,0.7112597086550257,3.896462129938804,-0.3448649381624591,2.284989204513621,-0.7097786461021425,2.481636533755423,-3.500199465243856,-1.790226067639766
49.0,39.0,1008.2953491210938,-2.7482699592641264,-3.0847932643312816,0.7112597086550257,3.896462129938804,-0.3448649381624591,2.284989204513621,-0.7097786461021425,2.481636533755423,-3.500199465243856,-1.790226067639766
49.0,39.0,1008.3023681640624,-2.748422351639204,-3.0917007230018703,0.7104157019653125,3.896461720589469,-0.344437128363103,2.284989204513621,-0.7097786461021425,2.481636533755423,-3.500199465243856,-1.790226067639766
49.0,39.0,1008.3024291992188,-2.7482699592641264,-3.084966238921357,0.7504702103665593,3.5283144268276936,-0.3410039863163017,2.284989204513621,-0.730692778036589,2.481636533755423,-3.57074037477656,-1.790226067639766
49.0,39.0,1008.3062133789062,-2.7482699592641264,-3.084966238921357,0.7504702103665593,3.5251124513361067,-0.3410039863163017,2.284989204513621,-0.7307066109207359,2.481636533755423,-3.500199465243856,-1.790226067639766
49.0,39.0,1008.306396484375,-2.7482874277854097,-3.084966238921357,0.7104146134871212,3.896462129938804,-0.3449294756567288,2.284989204513621,-0.7097786461021425,2.481636533755423,-3.500199465243856,-1.790226067639766
49.0,39.0,1008.3074951171876,-2.7482706491474693,-3.084966238921357,0.7104146134871212,3.896462129938804,-0.3448255498824274,2.284989204513621,-0.7097786461021425,2.481636533755423,-3.500199465243856,-1.790226067639766
49.0,39.0,1008.3076171875,-2.748287392516052,-3.084966238921357,0.7104146134871212,3.896462129938804,-0.3448255498824274,2.284989204513621,-0.7097786461021425,2.481636533755423,-3.500199465243856,-1.790226067639766
49.0,39.0,1008.3085327148438,-2.748790647588653,-3.084966238921357,0.7104146134871212,3.896462129938804,-0.3450702557802299,2.284989204513621,-0.7097786461021425,2.481636533755423,-3.500199465243856,-1.790226067639766
49.0,39.0,1008.309326171875,-2.7482699592641264,-3.084966238921357,0.7104386088864985,3.896462129938804,-0.3446353402784938,2.284989204513621,-0.7097786461021425,2.481636533755423,-3.500199465243856,-1.790226067639766
49.0,39.0,1008.3111572265624,-2.748759784780212,-3.084966238921357,0.7104146134871212,3.896462129938804,-0.3448255498824274,2.284989204513621,-0.7097786461021425,2.481636533755423,-3.500199465243856,-1.790226067639766
49.0,39.0,1008.3388671875,-2.748422351639204,-3.091701035092101,0.7104146134871212,3.896486896786329,-0.3410039863163017,2.284989204513621,-0.7097786461021425,2.481636533755423,-3.500199465243856,-1.790226067639766
49.0,39.0,1008.3397827148438,-2.7482699592641264,-3.084966238921357,0.7112357132556486,3.896462129938804,-0.341233584200267,2.284989204513621,-0.7097786461021425,2.481636533755423,-3.500199465243856,-1.790226067639766
49.0,39.0,1008.3409423828124,-2.748273542193708,-3.084966238921357,0.7104047238997058,3.8953679685284426,-0.3450767583233695,2.284989204513621,-0.7097786461021425,2.481636533755423,-3.500199465243856,-1.790226067639766
49.0,39.0,1008.3447265625,-2.7482699592641264,-3.0847932643312816,0.7111601902431791,3.896462129938804,-0.3410622472246619,2.284989204513621,-0.7097786461021425,2.481636533755423,-3.500199465243856,-1.790226067639766
49.0,39.0,1008.3468627929688,-2.7482700638859523,-3.084966238921357,0.7101672275520293,3.8953679685284426,-0.344917917472065,2.284989204513621,-0.7097786461021425,2.481636533755423,-3.500199465243856,-1.790226067639766
49.0,39.0,1008.3470458984376,-2.748273585768356,-3.084966238921357,0.7101569759739962,3.8953679685284426,-0.344917917472065,2.284989204513621,-0.7097786461021425,2.481636533755423,-3.500199465243856,-1.790226067639766
49.0,39.0,1008.3477172851562,-2.7474600500464863,-3.084966238921357,0.7104146134871212,3.896486896786329,-0.3410039863163017,2.284989204513621,-0.7097786461021425,2.481636533755423,-3.500199465243856,-1.790226067639766
49.0,39.0,1008.3543090820312,-2.748269893591061,-3.084966238921357,0.7104146134871212,3.896486896786329,-0.3410039863163017,2.284989204513621,-0.7097786461021425,2.481636533755423,-3.500199465243856,-1.790226067639766
49.0,39.0,1008.3543090820312,-2.748269893591061,-3.084966238921357,0.7104146134871212,3.896486896786329,-0.3410039863163017,2.284989204513621,-0.7097786461021425,2.481636533755423,-3.500199465243856,-1.790226067639766
49.0,39.0,1008.3551635742188,-2.7482699592641264,-3.084966238921357,0.7104146134871212,3.896462129938804,-0.3410039863163017,2.284989204513621,-0.7097786461021425,2.481636533755423,-3.500199465243856,-1.790226067639766
49.0,39.0,1008.3551635742188,-2.7482699592641264,-3.084966238921357,0.7104146134871212,3.896462129938804,-0.3410039863163017,2.284989204513621,-0.7097786461021425,2.481636533755423,-3.500199465243856,-1.790226067639766
49.0,39.0,1008.3583374023438,-2.748270010797987,-3.084966238921357,0.7101609565175957,3.896486896786329,-0.3410039863163017,2.284989204513621,-0.7097786461021425,2.481636533755423,-3.500199465243856,-1.790226067639766
49.0,39.0,1008.3605346679688,-2.748759784780212,-3.084966238921357,0.7104146134871212,3.896462129938804,-0.340911618726664,2.284989204513621,-0.7097786461021425,2.481636533755423,-3.500199465243856,-1.790226067639766
49.0,39.0,1008.373291015625,-2.761281420677018,-3.091283688348472,0.7108379596270269,3.896462129938804,-0.3448255498824274,2.284989204513621,-0.7097786461021425,2.481636533755423,-3.500199465243856,-1.790226067639766
49.0,39.0,1008.3944091796876,-2.748270265334868,-3.084966238921357,0.7101569759739962,3.8953679685284426,-0.3410039863163017,2.284989204513621,-0.7097786461021425,2.481636533755423,-3.500199465243856,-1.7900770864717117
49.0,39.0,1008.3972778320312,-2.748273585768356,-3.084966238921357,0.7101569759739962,3.8953679685284426,-0.3410039863163017,2.284989204513621,-0.7097786461021425,2.481636533755423,-3.500199465243856,-1.790226067639766
49.0,39.0,1008.3972778320312,-2.7482698940348023,-3.084966238921357,0.7101569759739962,3.8953679685284426,-0.3410039863163017,2.284989204513621,-0.7097786461021425,2.481636533755423,-3.500199465243856,-1.790226067639766
49.0,39.0,1008.3972778320312,-2.7482699608624617,-3.084966238921357,0.7101569759739962,3.8953679685284426,-0.3410039863163017,2.284989204513621,-0.7097786461021425,2.481636533755423,-3.500199465243856,-1.790226067639766
49.0,39.0,1008.51904296875,-2.761660328974679,-3.092404061184877,0.7504702103665593,3.542739513328744,-0.3410039863163017,2.275208735041173,-0.7097786461021425,2.481636533755423,-3.500199465243856,-1.790226067639766
49.0,39.0,1008.5225219726562,-2.762099243204648,-3.092230904109818,0.7505605309123372,3.542784536465489,-0.3410039863163017,2.2748344629186743,-0.7096606481248222,2.481636533755423,-3.500199465243856,-1.790226067639766
49.0,39.0,1008.52392578125,-2.7628158800530054,-3.092404061184877,0.7504702103665593,3.542739513328744,-0.3410039863163017,2.2748344629186743,-0.7097786461021425,2.481636533755423,-3.500199465243856,-1.790226067639766
49.0,39.0,1008.5257568359376,-2.7628158800530054,-3.092231086594801,0.7504702103665593,3.542739513328744,-0.3410039863163017,2.2748344629186743,-0.7099335662832766,2.481636533755423,-3.500199465243856,-1.790226067639766
49.0,39.0,1008.52783203125,-2.7628158800530054,-3.092231086594801,0.7504702103665593,3.542739513328744,-0.3410039863163017,2.2748344629186743,-0.7097786461021425,2.481636533755423,-3.500199465243856,-1.790226067639766
49.0,39.0,1008.52783203125,-2.7628158800530054,-3.092231086594801,0.7504702103665593,3.542739513328744,-0.3410039863163017,2.2748344629186743,-0.7097786461021425,2.481636533755423,-3.500199465243856,-1.790226067639766
49.0,39.0,1008.5354614257812,-2.7482698856318484,-3.084966238921357,0.7104205225309372,3.896462129938804,-0.4214843148849155,2.284989204513621,-0.7097786461021425,2.481636533755423,-3.500199465243856,-1.790226067639766
49.0,39.0,1008.5426635742188,-2.7482700028387743,-3.084966238921357,0.7101668655614117,3.896462129938804,-0.4214843148849155,2.284989204513621,-0.7097786461021425,2.481636533755423,-3.500199465243856,-1.790226067639766
49.0,39.0,1008.5429077148438,-2.748273524721178,-3.084966238921357,0.7101566139833785,3.896462129938804,-0.4214843148849155,2.284989204513621,-0.7097786461021425,2.481636533755423,-3.500199465243856,-1.790226067639766
49.0,39.0,1008.5515747070312,-2.748960972999092,-3.092246768872448,0.7512698747567358,3.542440145470786,-0.341033015722569,2.284989204513621,-0.7097622715084283,2.481636533755423,-3.500205539091419,-1.790226067639766
49.0,39.0,1008.5569458007812,-2.7616910815583493,-3.092246768872448,0.7504702103665593,3.542440145470786,-0.3448545792886948,2.284989204513621,-0.7097786461021425,2.481636533755423,-3.500199465243856,-1.790226067639766
49.0,39.0,1008.5569458007812,-2.7616910815583493,-3.092246768872448,0.7504702103665593,3.542440145470786,-0.3448545792886948,2.284989204513621,-0.7097786461021425,2.481636533755423,-3.500199465243856,-1.790226067639766
49.0,39.0,1008.5750122070312,-2.7612573397172784,-3.092246768872448,0.7504702103665593,3.542440145470786,-0.341033015722569,2.2848509349880164,-0.7097786461021425,2.481636533755423,-3.500199465243856,-1.790226067639766
49.0,39.0,1008.57568359375,-2.7617283133607287,-3.0922308859926884,0.7504693914415891,3.5427414022181845,-0.3409933241764251,2.2847350602121788,-0.7097786461021425,2.481636533755423,-3.500199465243856,-1.790226067639766
49.0,40.0,1008.0452880859376,-2.7482699592641264,-3.084966238921357,0.7504702103665593,3.528313394448954,-0.3410039863163017,2.284989204513621,-0.7316295583453882,2.481636533755423,-3.5677232867847213,-1.790226067639766
49.0,40.0,1008.1026000976562,-2.7482699592641264,-3.084966238921357,0.7104386088864985,3.896462129938804,-0.3446353402784938,2.284989204513621,-0.7294978008182228,2.481636533755423,-3.500199465243856,-1.790226067639766
49.0,40.0,1008.1197509765624,-2.7482699592641264,-3.084966238921357,0.7504702103665593,3.5283144268276936,-0.3410039863163017,2.284989204513621,-0.731669156119078,2.481636533755423,-3.568751315102336,-1.790226067639766
49.0,40.0,1008.1197509765624,-2.7482699592641264,-3.084966238921357,0.7504702103665593,3.5283144268276936,-0.3410039863163017,2.284989204513621,-0.731669156119078,2.481636533755423,-3.568751315102336,-1.790226067639766
49.0,40.0,1008.1209716796876,-2.7482699592641264,-3.084966238921357,0.7504702103665593,3.528313394448954,-0.3410039863163017,2.284989204513621,-0.7316295583453882,2.481636533755423,-3.568751315102336,-1.790226067639766
49.0,40.0,1008.1209716796876,-2.7482699592641264,-3.084966238921357,0.7504702103665593,3.528313394448954,-0.3410039863163017,2.284989204513621,-0.7316295583453882,2.481636533755423,-3.568751315102336,-1.790226067639766
49.0,40.0,1008.1234130859376,-2.74828261716592,-3.085587446469819,0.7504702103665593,3.5283144268276936,-0.3410039863163017,2.284989204513621,-0.7315676111691213,2.481636533755423,-3.568751315102336,-1.790226067639766
49.0,40.0,1008.1752319335938,-2.748270265334868,-3.084966238921357,0.7101505455711046,3.8953679685284426,-0.3409585969715686,2.284989204513621,-0.7097786461021425,2.481636533755423,-3.500199465243856,-1.7618721871092096
49.0,40.0,1008.1820068359376,-2.7487743954756927,-3.084966238921357,0.7113539573580491,3.896462129938804,-0.3410015691092725,2.284989204513621,-0.7302517429357139,2.481636533755423,-3.500199465243856,-1.7900744957767225
49.0,40.0,1008.1836547851562,-2.7487743954756927,-3.084966238921357,0.7113539573580491,3.896462129938804,-0.3410016188754073,2.284989204513621,-0.7302517429357139,2.481636533755423,-3.500199465243856,-1.790226067639766
49.0,40.0,1008.2734375,-2.748960972999092,-3.092246768872448,0.7512698747567358,3.542440145470786,-0.341033015722569,2.284989204513621,-0.0395605629612737,2.481636533755423,-3.500205539091419,-1.790226067639766
49.0,40.0,1008.2800903320312,-2.7482699592641264,-3.084966238921357,0.7504702103665593,3.5283144268276936,-0.3410039863163017,2.284989204513621,-0.7307066109207359,2.481636533755423,-3.500199465243856,-1.790226067639766
49.0,40.0,1008.2911376953124,-2.7482699592641264,-3.084966238921357,0.7504702103665593,3.528418419822533,-0.3410039863163017,2.284989204513621,-0.7298850750343777,2.481636533755423,-3.500199465243856,-1.790226067639766
49.0,40.0,1008.2938842773438,-2.7482699592641264,-3.084966238921357,0.7112597086550257,3.896462129938804,-0.3448649381624591,2.284989204513621,-0.7097786461021425,2.481636533755423,-3.500199465243856,-1.790226067639766
49.0,40.0,1008.2953491210938,-2.7482699592641264,-3.0847932643312816,0.7112597086550257,3.896462129938804,-0.3448649381624591,2.284989204513621,-0.7097786461021425,2.481636533755423,-3.500199465243856,-1.790226067639766
49.0,40.0,1008.2953491210938,-2.7482699592641264,-3.0847932643312816,0.7112597086550257,3.896462129938804,-0.3448649381624591,2.284989204513621,-0.7097786461021425,2.481636533755423,-3.500199465243856,-1.790226067639766
49.0,40.0,1008.3023681640624,-2.748422351639204,-3.0917007230018703,0.7104157019653125,3.896461720589469,-0.344437128363103,2.284989204513621,-0.7097786461021425,2.481636533755423,-3.500199465243856,-1.790226067639766
49.0,40.0,1008.3024291992188,-2.7482699592641264,-3.084966238921357,0.7504702103665593,3.5283144268276936,-0.3410039863163017,2.284989204513621,-0.730692778036589,2.481636533755423,-3.57074037477656,-1.790226067639766
49.0,40.0,1008.3062133789062,-2.7482699592641264,-3.084966238921357,0.7504702103665593,3.5251124513361067,-0.3410039863163017,2.284989204513621,-0.7307066109207359,2.481636533755423,-3.500199465243856,-1.790226067639766
49.0,40.0,1008.306396484375,-2.7482874277854097,-3.084966238921357,0.7104146134871212,3.896462129938804,-0.3449294756567288,2.284989204513621,-0.7097786461021425,2.481636533755423,-3.500199465243856,-1.790226067639766
49.0,40.0,1008.306396484375,-2.7482874277854097,-3.084966238921357,0.7104146134871212,3.896462129938804,-0.3449290730551771,2.284989204513621,-0.7097786461021425,2.481636533755423,-3.500199465243856,-1.790226067639766
49.0,40.0,1008.3074951171876,-2.7482706491474693,-3.084966238921357,0.7104146134871212,3.896462129938804,-0.3448255498824274,2.284989204513621,-0.7097786461021425,2.481636533755423,-3.500199465243856,-1.790226067639766
49.0,40.0,1008.3074951171876,-2.748270696688248,-3.084966238921357,0.7104146134871212,3.896462129938804,-0.3448255498824274,2.284989204513621,-0.7097786461021425,2.481636533755423,-3.500199465243856,-1.790226067639766
49.0,40.0,1008.3076171875,-2.748287392516052,-3.084966238921357,0.7104146134871212,3.896462129938804,-0.3448255498824274,2.284989204513621,-0.7097786461021425,2.481636533755423,-3.500199465243856,-1.790226067639766
49.0,40.0,1008.3085327148438,-2.748790647588653,-3.084966238921357,0.7104146134871212,3.896462129938804,-0.3450702557802299,2.284989204513621,-0.7097786461021425,2.481636533755423,-3.500199465243856,-1.790226067639766
49.0,40.0,1008.309326171875,-2.7482699592641264,-3.084966238921357,0.7104386088864985,3.896462129938804,-0.3446353402784938,2.284989204513621,-0.7097786461021425,2.481636533755423,-3.500199465243856,-1.790226067639766
49.0,40.0,1008.3096923828124,-2.748759784780212,-3.084966238921357,0.7104146134871212,3.896462129938804,-0.344946339878271,2.284989204513621,-0.7097786461021425,2.481636533755423,-3.500199465243856,-1.790226067639766
49.0,40.0,1008.3111572265624,-2.748759784780212,-3.084966238921357,0.7104146134871212,3.896462129938804,-0.3448255498824274,2.284989204513621,-0.7097786461021425,2.481636533755423,-3.500199465243856,-1.790226067639766
49.0,40.0,1008.3388671875,-2.748422351639204,-3.091701035092101,0.7104146134871212,3.896486896786329,-0.3410039863163017,2.284989204513621,-0.7097786461021425,2.481636533755423,-3.500199465243856,-1.790226067639766
49.0,40.0,1008.3397827148438,-2.7482699592641264,-3.084966238921357,0.7112357132556486,3.896462129938804,-0.341233584200267,2.284989204513621,-0.7097786461021425,2.481636533755423,-3.500199465243856,-1.790226067639766
49.0,40.0,1008.340576171875,-2.7479229209532843,-3.084653294244357,0.7112357132556486,3.896462129938804,-0.341233584200267,2.284815026052434,-0.7097786461021425,2.481636533755423,-3.500199465243856,-1.790226067639766
49.0,40.0,1008.3409423828124,-2.748273542193708,-3.084966238921357,0.7104047238997058,3.8953679685284426,-0.3450767583233695,2.284989204513621,-0.7097786461021425,2.481636533755423,-3.500199465243856,-1.790226067639766
49.0,40.0,1008.342041015625,-2.7482699592641264,-3.084796361478732,0.711259253972313,3.896462129938804,-0.3411520728902292,2.284989204513621,-0.7097786461021425,2.481636533755423,-3.500199465243856,-1.790226067639766
49.0,40.0,1008.3447265625,-2.7482699592641264,-3.0847932643312816,0.7111601902431791,3.896462129938804,-0.3410622472246619,2.284989204513621,-0.7097786461021425,2.481636533755423,-3.500199465243856,-1.790226067639766
49.0,40.0,1008.3450927734376,-2.7482699592641264,-3.0847932643312816,0.7111300194418037,3.896462129938804,-0.3410690626349562,2.284989204513621,-0.7097786461021425,2.481636533755423,-3.500199465243856,-1.790226067639766
49.0,40.0,1008.3468627929688,-2.7482700638859523,-3.084966238921357,0.7101672275520293,3.8953679685284426,-0.344917917472065,2.284989204513621,-0.7097786461021425,2.481636533755423,-3.500199465243856,-1.790226067639766
49.0,40.0,1008.3470458984376,-2.748273585768356,-3.084966238921357,0.7101569759739962,3.8953679685284426,-0.344917917472065,2.284989204513621,-0.7097786461021425,2.481636533755423,-3.500199465243856,-1.790226067639766
49.0,40.0,1008.3470458984376,-2.748273585768356,-3.084966238921357,0.7101569759739962,3.8953679685284426,-0.344917917472065,2.284989204513621,-0.7097786461021425,2.481636533755423,-3.500199465243856,-1.790226067639766
49.0,40.0,1008.3477172851562,-2.7474600500464863,-3.084966238921357,0.7104146134871212,3.896486896786329,-0.3410039863163017,2.284989204513621,-0.7097786461021425,2.481636533755423,-3.500199465243856,-1.790226067639766
49.0,40.0,1008.3543090820312,-2.748269893591061,-3.084966238921357,0.7104146134871212,3.896486896786329,-0.3410039863163017,2.284989204513621,-0.7097786461021425,2.481636533755423,-3.500199465243856,-1.790226067639766
49.0,40.0,1008.3543090820312,-2.748269893591061,-3.084966238921357,0.7104146134871212,3.896486896786329,-0.3410039863163017,2.284989204513621,-0.7097786461021425,2.481636533755423,-3.500199465243856,-1.790226067639766
49.0,40.0,1008.3551635742188,-2.7482699592641264,-3.084966238921357,0.7104146134871212,3.896462129938804,-0.3410039863163017,2.284989204513621,-0.7097786461021425,2.481636533755423,-3.500199465243856,-1.790226067639766
49.0,40.0,1008.3551635742188,-2.7482699592641264,-3.084966238921357,0.7104146134871212,3.896462129938804,-0.3410039863163017,2.284989204513621,-0.7097786461021425,2.481636533755423,-3.500199465243856,-1.790226067639766
49.0,40.0,1008.356689453125,-2.748417645810751,-3.08493655419356,0.7104146134871212,3.8964629489615903,-0.3410039863163017,2.284989204513621,-0.7097786461021425,2.481636533755423,-3.500199465243856,-1.790226067639766
49.0,40.0,1008.3583374023438,-2.748270010797987,-3.084966238921357,0.7101609565175957,3.896486896786329,-0.3410039863163017,2.284989204513621,-0.7097786461021425,2.481636533755423,-3.500199465243856,-1.790226067639766
49.0,40.0,1008.3605346679688,-2.748759784780212,-3.084966238921357,0.7104146134871212,3.896462129938804,-0.340911618726664,2.284989204513621,-0.7097786461021425,2.481636533755423,-3.500199465243856,-1.790226067639766
49.0,40.0,1008.373291015625,-2.761281420677018,-3.091283688348472,0.7108379596270269,3.896462129938804,-0.3448255498824274,2.284989204513621,-0.7097786461021425,2.481636533755423,-3.500199465243856,-1.790226067639766
49.0,40.0,1008.3944091796876,-2.748270265334868,-3.084966238921357,0.7101569759739962,3.8953679685284426,-0.3410039863163017,2.284989204513621,-0.7097786461021425,2.481636533755423,-3.500199465243856,-1.7900770864717117
49.0,40.0,1008.3972778320312,-2.748273585768356,-3.084966238921357,0.7101569759739962,3.8953679685284426,-0.3410039863163017,2.284989204513621,-0.7097786461021425,2.481636533755423,-3.500199465243856,-1.790226067639766
49.0,40.0,1008.3972778320312,-2.7482698940348023,-3.084966238921357,0.7101569759739962,3.8953679685284426,-0.3410039863163017,2.284989204513621,-0.7097786461021425,2.481636533755423,-3.500199465243856,-1.790226067639766
49.0,41.0,1008.0452880859376,-2.7482699592641264,-3.084966238921357,0.7504702103665593,3.528313394448954,-0.3410039863163017,2.284989204513621,-0.7316295583453882,2.481636533755423,-3.5677232867847213,-1.790226067639766
49.0,41.0,1008.1026000976562,-2.7482699592641264,-3.084966238921357,0.7104386088864985,3.896462129938804,-0.3446353402784938,2.284989204513621,-0.7294978008182228,2.481636533755423,-3.500199465243856,-1.790226067639766
49.0,41.0,1008.1026000976562,-2.7482699616022885,-3.084966238921357,0.7104386088864985,3.896462129938804,-0.3446353402784938,2.284989204513621,-0.7294978008182228,2.481636533755423,-3.500199465243856,-1.790226067639766
49.0,41.0,1008.1075439453124,-2.7482720904771023,-3.084653294244357,0.7112357132556486,3.896462129938804,-0.344448284311858,2.284815986081969,-0.7291948275380116,2.481636533755423,-3.500199465243856,-1.790226067639766
49.0,41.0,1008.1197509765624,-2.7482699592641264,-3.084966238921357,0.7504702103665593,3.5283144268276936,-0.3410039863163017,2.284989204513621,-0.731669156119078,2.481636533755423,-3.568751315102336,-1.790226067639766
49.0,41.0,1008.1197509765624,-2.7482699592641264,-3.084966238921357,0.7504702103665593,3.5283144268276936,-0.3410039863163017,2.284989204513621,-0.731669156119078,2.481636533755423,-3.568751315102336,-1.790226067639766
49.0,41.0,1008.1209716796876,-2.7482699592641264,-3.084966238921357,0.7504702103665593,3.528313394448954,-0.3410039863163017,2.284989204513621,-0.7316295583453882,2.481636533755423,-3.568751315102336,-1.790226067639766
49.0,41.0,1008.1209716796876,-2.7482699592641264,-3.084966238921357,0.7504702103665593,3.528313394448954,-0.3410039863163017,2.284989204513621,-0.7316295583453882,2.481636533755423,-3.568751315102336,-1.790226067639766
49.0,41.0,1008.1209716796876,-2.7482699592641264,-3.084966238921357,0.7504702103665593,3.528313394448954,-0.3410039863163017,2.284989204513621,-0.7316295583453882,2.481636533755423,-3.568751315102336,-1.790226067639766
49.0,41.0,1008.1234130859376,-2.74828261716592,-3.085587446469819,0.7504702103665593,3.5283144268276936,-0.3410039863163017,2.284989204513621,-0.7315676111691213,2.481636533755423,-3.568751315102336,-1.790226067639766
49.0,41.0,1008.1752319335938,-2.748270265334868,-3.084966238921357,0.7101505455711046,3.8953679685284426,-0.3409585969715686,2.284989204513621,-0.7097786461021425,2.481636533755423,-3.500199465243856,-1.7618721871092096
49.0,41.0,1008.1752319335938,-2.748270265334868,-3.084966238921357,0.7101505455711046,3.8953679685284426,-0.3409585969715686,2.284989204513621,-0.7097786461021425,2.481636533755423,-3.500199465243856,-1.7618721871092096
49.0,41.0,1008.1820068359376,-2.7487743954756927,-3.084966238921357,0.7113539573580491,3.896462129938804,-0.3410015691092725,2.284989204513621,-0.7302517429357139,2.481636533755423,-3.500199465243856,-1.7900744957767225
49.0,41.0,1008.1825561523438,-2.7487743954756927,-3.084966238921357,0.7113539573580491,3.896487219428891,-0.3410015691092725,2.284989204513621,-0.7302517429357139,2.481636533755423,-3.500199465243856,-1.7900744957767225
49.0,41.0,1008.1836547851562,-2.7487743954756927,-3.084966238921357,0.7113539573580491,3.896462129938804,-0.3410016188754073,2.284989204513621,-0.7302517429357139,2.481636533755423,-3.500199465243856,-1.790226067639766
49.0,41.0,1008.2734375,-2.748960972999092,-3.092246768872448,0.7512698747567358,3.542440145470786,-0.341033015722569,2.284989204513621,-0.0395605629612737,2.481636533755423,-3.500205539091419,-1.790226067639766
49.0,41.0,1008.2800903320312,-2.7482699592641264,-3.084966238921357,0.7504702103665593,3.5283144268276936,-0.3410039863163017,2.284989204513621,-0.7307066109207359,2.481636533755423,-3.500199465243856,-1.790226067639766
49.0,41.0,1008.2890625,-2.7482699592641264,-3.084966238921357,0.7504702103665593,3.5283144268276936,-0.348449344633861,2.284989204513621,-0.731669156119078,2.481636533755423,-3.5050608536015124,-1.790226067639766
49.0,41.0,1008.2911376953124,-2.7482699592641264,-3.084966238921357,0.7504702103665593,3.528418419822533,-0.3410039863163017,2.284989204513621,-0.7298850750343777,2.481636533755423,-3.500199465243856,-1.790226067639766
49.0,41.0,1008.2938232421876,-2.7482699592641264,-3.08497952445944,0.7112597086550257,3.896462129938804,-0.3448649381624591,2.284989204513621,-0.7097786461021425,2.481636533755423,-3.500199465243856,-1.790226067639766
49.0,41.0,1008.2938232421876,-2.7482874277854097,-3.084966238921357,0.7112692333319184,3.896462129938804,-0.3448670902414555,2.284989204513621,-0.7097786461021425,2.481636533755423,-3.500199465243856,-1.790226067639766
49.0,41.0,1008.2938842773438,-2.7482699592641264,-3.084966238921357,0.7112597086550257,3.896462129938804,-0.3448649381624591,2.284989204513621,-0.7097786461021425,2.481636533755423,-3.500199465243856,-1.790226067639766
49.0,41.0,1008.2953491210938,-2.7482699592641264,-3.0847932643312816,0.7112597086550257,3.896462129938804,-0.3448649381624591,2.284989204513621,-0.7097786461021425,2.481636533755423,-3.500199465243856,-1.790226067639766
49.0,41.0,1008.2953491210938,-2.7482699592641264,-3.0847932643312816,0.7112597086550257,3.896462129938804,-0.3448649381624591,2.284989204513621,-0.7097786461021425,2.481636533755423,-3.500199465243856,-1.790226067639766
49.0,41.0,1008.2953491210938,-2.7482699592641264,-3.0847932643312816,0.7112597086550257,3.896462129938804,-0.3448649381624591,2.284989204513621,-0.7097786461021425,2.481636533755423,-3.500199465243856,-1.790226067639766
49.0,41.0,1008.2976684570312,-2.7482699592641264,-3.084960767849932,0.7112592636500561,3.896462129938804,-0.3445523874514972,2.284989204513621,-0.7097786461021425,2.481636533755423,-3.500199465243856,-1.790226067639766
49.0,41.0,1008.3023681640624,-2.748422351639204,-3.0917007230018703,0.7104157019653125,3.896461720589469,-0.344437128363103,2.284989204513621,-0.7097786461021425,2.481636533755423,-3.500199465243856,-1.790226067639766
49.0,41.0,1008.3024291992188,-2.7482699592641264,-3.084966238921357,0.7504702103665593,3.5283144268276936,-0.3410039863163017,2.284989204513621,-0.730692778036589,2.481636533755423,-3.57074037477656,-1.790226067639766
49.0,41.0,1008.3062133789062,-2.7482699592641264,-3.084966238921357,0.7504702103665593,3.5251124513361067,-0.3410039863163017,2.284989204513621,-0.7307066109207359,2.481636533755423,-3.500199465243856,-1.790226067639766
49.0,41.0,1008.306396484375,-2.7482874277854097,-3.084966238921357,0.7104146134871212,3.896462129938804,-0.3449294756567288,2.284989204513621,-0.7097786461021425,2.481636533755423,-3.500199465243856,-1.790226067639766
49.0,41.0,1008.306396484375,-2.7482874277854097,-3.084966238921357,0.7104146134871212,3.896462129938804,-0.3449290730551771,2.284989204513621,-0.7097786461021425,2.481636533755423,-3.500199465243856,-1.790226067639766
49.0,41.0,1008.3072509765624,-2.74841457439636,-3.092225103839528,0.7102583618229321,3.896461720589469,-0.344437128363103,2.284989204513621,-0.7097786461021425,2.481636533755423,-3.500199465243856,-1.790226067639766
49.0,41.0,1008.3074951171876,-2.7482706491474693,-3.084966238921357,0.7104146134871212,3.896462129938804,-0.3448255498824274,2.284989204513621,-0.7097786461021425,2.481636533755423,-3.500199465243856,-1.790226067639766
49.0,41.0,1008.3074951171876,-2.748270696688248,-3.084966238921357,0.7104146134871212,3.896462129938804,-0.3448255498824274,2.284989204513621,-0.7097786461021425,2.481636533755423,-3.500199465243856,-1.790226067639766
49.0,41.0,1008.3076171875,-2.748287392516052,-3.084966238921357,0.7104146134871212,3.896462129938804,-0.3448255498824274,2.284989204513621,-0.7097786461021425,2.481636533755423,-3.500199465243856,-1.790226067639766
49.0,41.0,1008.3085327148438,-2.748790647588653,-3.084966238921357,0.7104146134871212,3.896462129938804,-0.3450702557802299,2.284989204513621,-0.7097786461021425,2.481636533755423,-3.500199465243856,-1.790226067639766
49.0,41.0,1008.309326171875,-2.7482699592641264,-3.084966238921357,0.7104386088864985,3.896462129938804,-0.3446353402784938,2.284989204513621,-0.7097786461021425,2.481636533755423,-3.500199465243856,-1.790226067639766
49.0,41.0,1008.3096923828124,-2.748759784780212,-3.084966238921357,0.7104146134871212,3.896462129938804,-0.344946339878271,2.284989204513621,-0.7097786461021425,2.481636533755423,-3.500199465243856,-1.790226067639766
49.0,41.0,1008.3103637695312,-2.748759784780212,-3.084966238921357,0.7104146134871212,3.896462709530677,-0.3448923790391561,2.284989204513621,-0.7097786461021425,2.481636533755423,-3.500199465243856,-1.790226067639766
49.0,41.0,1008.3111572265624,-2.748759784780212,-3.084966238921357,0.7104146134871212,3.896462129938804,-0.3448255498824274,2.284989204513621,-0.7097786461021425,2.481636533755423,-3.500199465243856,-1.790226067639766
49.0,41.0,1008.3383178710938,-2.748422351639204,-3.091701035092101,0.7104146134871212,3.896486317194456,-0.3410579471554166,2.284989204513621,-0.7097786461021425,2.481636533755423,-3.500199465243856,-1.790226067639766
49.0,41.0,1008.3388671875,-2.748422351639204,-3.091701035092101,0.7104146134871212,3.896486896786329,-0.3410039863163017,2.284989204513621,-0.7097786461021425,2.481636533755423,-3.500199465243856,-1.790226067639766
49.0,41.0,1008.3397827148438,-2.7482699592641264,-3.084966238921357,0.7112357132556486,3.896462129938804,-0.341233584200267,2.284989204513621,-0.7097786461021425,2.481636533755423,-3.500199465243856,-1.790226067639766
49.0,41.0,1008.340576171875,-2.7479229209532843,-3.084653294244357,0.7112357132556486,3.896462129938804,-0.341233584200267,2.284815026052434,-0.7097786461021425,2.481636533755423,-3.500199465243856,-1.790226067639766
49.0,41.0,1008.3409423828124,-2.748273542193708,-3.084966238921357,0.7104047238997058,3.8953679685284426,-0.3450767583233695,2.284989204513621,-0.7097786461021425,2.481636533755423,-3.500199465243856,-1.790226067639766
49.0,41.0,1008.342041015625,-2.7482699592641264,-3.084796361478732,0.711259253972313,3.896462129938804,-0.3411520728902292,2.284989204513621,-0.7097786461021425,2.481636533755423,-3.500199465243856,-1.790226067639766
49.0,41.0,1008.3447265625,-2.7482699592641264,-3.0847932643312816,0.7111601902431791,3.896462129938804,-0.3410622472246619,2.284989204513621,-0.7097786461021425,2.481636533755423,-3.500199465243856,-1.790226067639766
49.0,41.0,1008.3450927734376,-2.7482699592641264,-3.0847932643312816,0.7111300194418037,3.896462129938804,-0.3410690626349562,2.284989204513621,-0.7097786461021425,2.481636533755423,-3.500199465243856,-1.790226067639766
49.0,41.0,1008.3468627929688,-2.7482700638859523,-3.084966238921357,0.7101672275520293,3.8953679685284426,-0.344917917472065,2.284989204513621,-0.7097786461021425,2.481636533755423,-3.500199465243856,-1.790226067639766
49.0,41.0,1008.3470458984376,-2.748273585768356,-3.084966238921357,0.7101569759739962,3.8953679685284426,-0.344917917472065,2.284989204513621,-0.7097786461021425,2.481636533755423,-3.500199465243856,-1.790226067639766
49.0,42.0,1008.0452880859376,-2.7482699592641264,-3.084966238921357,0.7504702103665593,3.528313394448954,-0.3410039863163017,2.284989204513621,-0.7316295583453882,2.481636533755423,-3.5677232867847213,-1.790226067639766
49.0,42.0,1008.0867309570312,-2.7482720904771023,-3.084653294244357,0.7102308940952179,3.896461640498524,-0.3444497073415078,2.284815986081969,-0.7294607687774879,2.481636533755423,-3.500199465243856,-1.790226067639766
49.0,42.0,1008.1026000976562,-2.7482699592641264,-3.084966238921357,0.7104386088864985,3.896462129938804,-0.3446353402784938,2.284989204513621,-0.7294978008182228,2.481636533755423,-3.500199465243856,-1.790226067639766
49.0,42.0,1008.1026000976562,-2.7482699616022885,-3.084966238921357,0.7104386088864985,3.896462129938804,-0.3446353402784938,2.284989204513621,-0.7294978008182228,2.481636533755423,-3.500199465243856,-1.790226067639766
49.0,42.0,1008.1054077148438,-2.7482699592641264,-3.084966238921357,0.7504702103665593,3.5283082085304014,-0.3410039863163017,2.284989204513621,-0.7298850750343777,2.481636533755423,-3.5678201349093177,-1.790226067639766
49.0,42.0,1008.1075439453124,-2.7482720904771023,-3.084653294244357,0.7112357132556486,3.896462129938804,-0.344448284311858,2.284815986081969,-0.7291948275380116,2.481636533755423,-3.500199465243856,-1.790226067639766
49.0,42.0,1008.1197509765624,-2.7482699592641264,-3.084966238921357,0.7504702103665593,3.5283144268276936,-0.3410039863163017,2.284989204513621,-0.731669156119078,2.481636533755423,-3.568751315102336,-1.790226067639766
49.0,42.0,1008.1197509765624,-2.7482699592641264,-3.084966238921357,0.7504702103665593,3.5283144268276936,-0.3410039863163017,2.284989204513621,-0.731669156119078,2.481636533755423,-3.568751315102336,-1.790226067639766
49.0,42.0,1008.1209716796876,-2.7482699592641264,-3.084966238921357,0.7504702103665593,3.528313394448954,-0.3410039863163017,2.284989204513621,-0.7316295583453882,2.481636533755423,-3.568751315102336,-1.790226067639766
49.0,42.0,1008.1209716796876,-2.7482699592641264,-3.084966238921357,0.7504702103665593,3.528313394448954,-0.3410039863163017,2.284989204513621,-0.7316295583453882,2.481636533755423,-3.568751315102336,-1.790226067639766
49.0,42.0,1008.1209716796876,-2.7482699592641264,-3.084966238921357,0.7504702103665593,3.528313394448954,-0.3410039863163017,2.284989204513621,-0.7316295583453882,2.481636533755423,-3.568751315102336,-1.790226067639766
49.0,42.0,1008.1209716796876,-2.7482699592641264,-3.084966238921357,0.7504702103665593,3.528313394448954,-0.3410039863163017,2.284989204513621,-0.7316295583453882,2.481636533755423,-3.568751315102336,-1.790226067639766
49.0,42.0,1008.1234130859376,-2.74828261716592,-3.085587446469819,0.7504702103665593,3.5283144268276936,-0.3410039863163017,2.284989204513621,-0.7315676111691213,2.481636533755423,-3.568751315102336,-1.790226067639766
49.0,42.0,1008.1439208984376,-2.748270265334868,-3.084966238921357,0.7112429880288252,3.8953635286129216,-0.3447899426576461,2.284989204513621,-0.7097786461021425,2.481636533755423,-3.500199465243856,-1.7618734162951004
49.0,42.0,1008.1475219726562,-2.748270265334868,-3.084966238921357,0.7101505455711046,3.8953679685284426,-0.3410114719246251,2.284989204513621,-0.7299793878119857,2.481636533755423,-3.500199465243856,-1.7618721871092096
49.0,42.0,1008.1752319335938,-2.748270265334868,-3.084966238921357,0.7101505455711046,3.8953679685284426,-0.3409585969715686,2.284989204513621,-0.7097786461021425,2.481636533755423,-3.500199465243856,-1.7618721871092096
49.0,42.0,1008.1752319335938,-2.748270265334868,-3.084966238921357,0.7101505455711046,3.8953679685284426,-0.3409585969715686,2.284989204513621,-0.7097786461021425,2.481636533755423,-3.500199465243856,-1.7618721871092096
49.0,42.0,1008.1820068359376,-2.7487743954756927,-3.084966238921357,0.7113539573580491,3.896462129938804,-0.3410015691092725,2.284989204513621,-0.7302517429357139,2.481636533755423,-3.500199465243856,-1.7900744957767225
49.0,42.0,1008.1825561523438,-2.7487743954756927,-3.084966238921357,0.7113539573580491,3.896487219428891,-0.3410015691092725,2.284989204513621,-0.7302517429357139,2.481636533755423,-3.500199465243856,-1.7900744957767225
49.0,42.0,1008.1836547851562,-2.7487743954756927,-3.084966238921357,0.7113539573580491,3.896462129938804,-0.3410016188754073,2.284989204513621,-0.7302517429357139,2.481636533755423,-3.500199465243856,-1.790226067639766
49.0,42.0,1008.1968383789062,-2.7482699616022885,-3.084966238921357,0.7104386088864985,3.896462129938804,-0.3445824653254372,2.284989204513621,-0.6883377059568799,2.481636533755423,-3.460928286173349,-1.790226067639766
49.0,42.0,1008.2066040039062,-2.7487743954756927,-3.084966238921357,0.7113525237890507,3.896487219428891,-0.3410159630296569,2.284989204513621,-0.7307621609134483,2.481636533755423,-3.500199465243856,-1.7900744957767225
49.0,42.0,1008.2349243164062,-2.7482720904771023,-3.084653294244357,0.7114724938019892,3.896462129938804,-0.344448284311858,2.284802328887164,-0.7317028903998913,2.481636533755423,-3.500199465243856,-1.790226067639766
49.0,42.0,1008.2708740234376,-2.7482699592641264,-3.084966238921357,0.7504702103665593,3.5284236057410854,-0.3410039863163017,2.284989204513621,-0.7316295583453882,2.481636533755423,-3.5011306454368727,-1.790226067639766
49.0,42.0,1008.2734375,-2.748960972999092,-3.092246768872448,0.7512698747567358,3.542440145470786,-0.341033015722569,2.284989204513621,-0.0395605629612737,2.481636533755423,-3.500205539091419,-1.790226067639766
49.0,42.0,1008.2800903320312,-2.7482699592641264,-3.084966238921357,0.7504702103665593,3.5283144268276936,-0.3410039863163017,2.284989204513621,-0.7307066109207359,2.481636533755423,-3.500199465243856,-1.790226067639766
49.0,42.0,1008.2800903320312,-2.7482699592641264,-3.084966238921357,0.7504702103665593,3.528314384609468,-0.3410039863163017,2.284989204513621,-0.7307066109207359,2.481636533755423,-3.500199465243856,-1.790226067639766
49.0,42.0,1008.2890625,-2.7482699592641264,-3.084966238921357,0.7504702103665593,3.5283144268276936,-0.348449344633861,2.284989204513621,-0.731669156119078,2.481636533755423,-3.5050608536015124,-1.790226067639766
49.0,42.0,1008.2890625,-2.7482699592641264,-3.084966238921357,0.7504702103665593,3.5283144268276936,-0.348449344633861,2.284989204513621,-0.731669156119078,2.481636533755423,-3.5050608536015124,-1.790226067639766
49.0,42.0,1008.2911376953124,-2.7482699592641264,-3.084966238921357,0.7504702103665593,3.528418419822533,-0.3410039863163017,2.284989204513621,-0.7298850750343777,2.481636533755423,-3.500199465243856,-1.790226067639766
49.0,42.0,1008.2938232421876,-2.7482699592641264,-3.08497952445944,0.7112597086550257,3.896462129938804,-0.3448649381624591,2.284989204513621,-0.7097786461021425,2.481636533755423,-3.500199465243856,-1.790226067639766
49.0,42.0,1008.2938232421876,-2.7482874277854097,-3.084966238921357,0.7112692333319184,3.896462129938804,-0.3448670902414555,2.284989204513621,-0.7097786461021425,2.481636533755423,-3.500199465243856,-1.790226067639766
49.0,42.0,1008.2938842773438,-2.7482699592641264,-3.084966238921357,0.7112597086550257,3.896462129938804,-0.3448649381624591,2.284989204513621,-0.7097786461021425,2.481636533755423,-3.500199465243856,-1.790226067639766
49.0,42.0,1008.2953491210938,-2.7482699592641264,-3.0847932643312816,0.7112597086550257,3.896462129938804,-0.3448649381624591,2.284989204513621,-0.7097786461021425,2.481636533755423,-3.500199465243856,-1.790226067639766
49.0,42.0,1008.2953491210938,-2.7482699592641264,-3.0847932643312816,0.7112597086550257,3.896462129938804,-0.3448649381624591,2.284989204513621,-0.7097786461021425,2.481636533755423,-3.500199465243856,-1.790226067639766
49.0,42.0,1008.2953491210938,-2.7482699592641264,-3.0847932643312816,0.7112597086550257,3.896462129938804,-0.3448649381624591,2.284989204513621,-0.7097786461021425,2.481636533755423,-3.500199465243856,-1.790226067639766
49.0,42.0,1008.2976684570312,-2.7482699592641264,-3.084960767849932,0.7112592636500561,3.896462129938804,-0.3445523874514972,2.284989204513621,-0.7097786461021425,2.481636533755423,-3.500199465243856,-1.790226067639766
49.0,42.0,1008.3023681640624,-2.748422351639204,-3.0917007230018703,0.7104157019653125,3.896461720589469,-0.344437128363103,2.284989204513621,-0.7097786461021425,2.481636533755423,-3.500199465243856,-1.790226067639766
49.0,42.0,1008.3024291992188,-2.7482699592641264,-3.084966238921357,0.7504702103665593,3.5283144268276936,-0.3410039863163017,2.284989204513621,-0.730692778036589,2.481636533755423,-3.57074037477656,-1.790226067639766
49.0,42.0,1008.3062133789062,-2.7482699592641264,-3.084966238921357,0.7504702103665593,3.5251124513361067,-0.3410039863163017,2.284989204513621,-0.7307066109207359,2.481636533755423,-3.500199465243856,-1.790226067639766
49.0,42.0,1008.3062133789062,-2.7482699592641264,-3.084966238921357,0.7504702103665593,3.5251124513361067,-0.3410039863163017,2.284989204513621,-0.7307066109207359,2.481636533755423,-3.500199465243856,-1.790226067639766
49.0,42.0,1008.306396484375,-2.7482874277854097,-3.084966238921357,0.7104146134871212,3.896462129938804,-0.3449294756567288,2.284989204513621,-0.7097786461021425,2.481636533755423,-3.500199465243856,-1.790226067639766
49.0,42.0,1008.306396484375,-2.7482874277854097,-3.084966238921357,0.7104146134871212,3.896462129938804,-0.3449290730551771,2.284989204513621,-0.7097786461021425,2.481636533755423,-3.500199465243856,-1.790226067639766
49.0,42.0,1008.3072509765624,-2.74841457439636,-3.092225103839528,0.7102583618229321,3.896461720589469,-0.344437128363103,2.284989204513621,-0.7097786461021425,2.481636533755423,-3.500199465243856,-1.790226067639766
49.0,42.0,1008.3074951171876,-2.7482706491474693,-3.084966238921357,0.7104146134871212,3.896462129938804,-0.3448255498824274,2.284989204513621,-0.7097786461021425,2.481636533755423,-3.500199465243856,-1.790226067639766
49.0,42.0,1008.3074951171876,-2.748270696688248,-3.084966238921357,0.7104146134871212,3.896462129938804,-0.3448255498824274,2.284989204513621,-0.7097786461021425,2.481636533755423,-3.500199465243856,-1.790226067639766
49.0,42.0,1008.3076171875,-2.748287392516052,-3.084966238921357,0.7104146134871212,3.896462129938804,-0.3448255498824274,2.284989204513621,-0.7097786461021425,2.481636533755423,-3.500199465243856,-1.790226067639766
49.0,42.0,1008.3085327148438,-2.748790647588653,-3.084966238921357,0.7104146134871212,3.896462129938804,-0.3450702557802299,2.284989204513621,-0.7097786461021425,2.481636533755423,-3.500199465243856,-1.790226067639766
49.0,42.0,1008.3090209960938,-2.748270696688248,-3.084796438385671,0.7104146134871212,3.896462129938804,-0.3448244436821887,2.284989204513621,-0.7097786461021425,2.481636533755423,-3.500199465243856,-1.790226067639766
49.0,42.0,1008.309326171875,-2.7482699592641264,-3.084966238921357,0.7104386088864985,3.896462129938804,-0.3446353402784938,2.284989204513621,-0.7097786461021425,2.481636533755423,-3.500199465243856,-1.790226067639766
49.0,43.0,1008.0452880859376,-2.7482699592641264,-3.084966238921357,0.7504702103665593,3.528313394448954,-0.3410039863163017,2.284989204513621,-0.7316295583453882,2.481636533755423,-3.5677232867847213,-1.790226067639766
49.0,43.0,1008.0452880859376,-2.7482699592641264,-3.084966238921357,0.7504702103665593,3.52831337056986,-0.3410039863163017,2.284989204513621,-0.7316295583453882,2.481636533755423,-3.5677232867847213,-1.790226067639766
49.0,43.0,1008.0452880859376,-2.7482699592641264,-3.084966238921357,0.7504702103665593,3.528313394448954,-0.3410039863163017,2.284989204513621,-0.7316295583453882,2.481636533755423,-3.5677232867847213,-1.790226067639766
49.0,43.0,1008.0590209960938,-2.748272075393718,-3.084967717191029,0.7112357132556486,3.896462129938804,-0.3445148924659707,2.279288270229589,-0.7299757529453715,2.481636533755423,-3.500199465243856,-1.790226067639766
49.0,43.0,1008.0867309570312,-2.7482720904771023,-3.084653294244357,0.7102308940952179,3.896461640498524,-0.3444497073415078,2.284815986081969,-0.7294607687774879,2.481636533755423,-3.500199465243856,-1.790226067639766
49.0,43.0,1008.1026000976562,-2.7482699592641264,-3.084966238921357,0.7104386088864985,3.896462129938804,-0.3446353402784938,2.284989204513621,-0.7294978008182228,2.481636533755423,-3.500199465243856,-1.790226067639766
49.0,43.0,1008.1026000976562,-2.7482699616022885,-3.084966238921357,0.7104386088864985,3.896462129938804,-0.3446353402784938,2.284989204513621,-0.7294978008182228,2.481636533755423,-3.500199465243856,-1.790226067639766
49.0,43.0,1008.1054077148438,-2.7482699592641264,-3.084966238921357,0.7504702103665593,3.5283082085304014,-0.3410039863163017,2.284989204513621,-0.7298850750343777,2.481636533755423,-3.5678201349093177,-1.790226067639766
49.0,43.0,1008.1054077148438,-2.7482699592641264,-3.084966238921357,0.7504702103665593,3.5283082085304014,-0.3410039863163017,2.284989204513621,-0.7298850750343777,2.481636533755423,-3.5678201349093177,-1.790226067639766
49.0,43.0,1008.1075439453124,-2.7482720904771023,-3.084653294244357,0.7112357132556486,3.896462129938804,-0.344448284311858,2.284815986081969,-0.7291948275380116,2.481636533755423,-3.500199465243856,-1.790226067639766
49.0,43.0,1008.11328125,-2.7487778745628413,-3.084959417089667,0.7112357132556486,3.8964625600428944,-0.344448284311858,2.284811170556468,-0.7291948275380116,2.481636533755423,-3.500199465243856,-1.790226067639766
49.0,43.0,1008.1197509765624,-2.7482699592641264,-3.084966238921357,0.7504702103665593,3.5283144268276936,-0.3410039863163017,2.284989204513621,-0.731669156119078,2.481636533755423,-3.568751315102336,-1.790226067639766
49.0,43.0,1008.1197509765624,-2.7482699592641264,-3.084966238921357,0.7504702103665593,3.5283144268276936,-0.3410039863163017,2.284989204513621,-0.731669156119078,2.481636533755423,-3.568751315102336,-1.790226067639766
49.0,43.0,1008.1197509765624,-2.7482699592641264,-3.084966238921357,0.7504702103665593,3.5283144268276936,-0.3410039863163017,2.284989204513621,-0.731669156119078,2.481636533755423,-3.568751315102336,-1.790226067639766
49.0,43.0,1008.1209716796876,-2.7482699592641264,-3.084966238921357,0.7504702103665593,3.528313394448954,-0.3410039863163017,2.284989204513621,-0.7316295583453882,2.481636533755423,-3.568751315102336,-1.790226067639766
49.0,43.0,1008.1209716796876,-2.7482699592641264,-3.084966238921357,0.7504702103665593,3.528313394448954,-0.3410039863163017,2.284989204513621,-0.7316295583453882,2.481636533755423,-3.568751315102336,-1.790226067639766
49.0,43.0,1008.1209716796876,-2.7482699592641264,-3.084966238921357,0.7504702103665593,3.528313394448954,-0.3410039863163017,2.284989204513621,-0.7316295583453882,2.481636533755423,-3.568751315102336,-1.790226067639766
49.0,43.0,1008.1209716796876,-2.7482699592641264,-3.084966238921357,0.7504702103665593,3.528313394448954,-0.3410039863163017,2.284989204513621,-0.7316295583453882,2.481636533755423,-3.568751315102336,-1.790226067639766
49.0,43.0,1008.1234130859376,-2.74828261716592,-3.085587446469819,0.7504702103665593,3.5283144268276936,-0.3410039863163017,2.284989204513621,-0.7315676111691213,2.481636533755423,-3.568751315102336,-1.790226067639766
49.0,43.0,1008.1236572265624,-2.748270407419695,-3.0848482569545848,0.7504702103665593,3.5283144268276936,-0.3410811472326139,2.284989204513621,-0.7315676111691213,2.481636533755423,-3.568751315102336,-1.790226067639766
49.0,43.0,1008.1243286132812,-2.748270265334868,-3.084966238921357,0.7101485770521522,3.8953679685284426,-0.3409585969715686,2.284989204513621,-0.7294945683225289,2.481636533755423,-3.500199465243856,-1.7618721871092096
49.0,43.0,1008.1439208984376,-2.748270265334868,-3.084966238921357,0.7112429880288252,3.8953635286129216,-0.3447899426576461,2.284989204513621,-0.7097786461021425,2.481636533755423,-3.500199465243856,-1.7618734162951004
49.0,43.0,1008.1475219726562,-2.748270265334868,-3.084966238921357,0.7101505455711046,3.8953679685284426,-0.3410114719246251,2.284989204513621,-0.7299793878119857,2.481636533755423,-3.500199465243856,-1.7618721871092096
49.0,43.0,1008.1487426757812,-2.7487743954756927,-3.084966238921357,0.7102097101205638,3.896463280234788,-0.3444767208105247,2.2848157408462115,-0.7307621609134483,2.481636533755423,-3.500199465243856,-1.7902248724388556
49.0,43.0,1008.1752319335938,-2.748270265334868,-3.084966238921357,0.7101505455711046,3.8953679685284426,-0.3409585969715686,2.284989204513621,-0.7097786461021425,2.481636533755423,-3.500199465243856,-1.7618721871092096
49.0,43.0,1008.1752319335938,-2.748270265334868,-3.084966238921357,0.7101505455711046,3.8953679685284426,-0.3409585969715686,2.284989204513621,-0.7097786461021425,2.481636533755423,-3.500199465243856,-1.7618721871092096
49.0,43.0,1008.1820068359376,-2.7487743954756927,-3.084966238921357,0.7113539573580491,3.896462129938804,-0.3410015691092725,2.284989204513621,-0.7302517429357139,2.481636533755423,-3.500199465243856,-1.7900744957767225
49.0,43.0,1008.1825561523438,-2.7487743954756927,-3.084966238921357,0.7113539573580491,3.896487219428891,-0.3410015691092725,2.284989204513621,-0.7302517429357139,2.481636533755423,-3.500199465243856,-1.7900744957767225
49.0,43.0,1008.1836547851562,-2.7487743954756927,-3.084966238921357,0.7113539573580491,3.896462129938804,-0.3410016188754073,2.284989204513621,-0.7302517429357139,2.481636533755423,-3.500199465243856,-1.790226067639766
49.0,43.0,1008.1968383789062,-2.7482699616022885,-3.084966238921357,0.7104386088864985,3.896462129938804,-0.3445824653254372,2.284989204513621,-0.6883377059568799,2.481636533755423,-3.460928286173349,-1.790226067639766
49.0,43.0,1008.1968383789062,-2.7482699616022885,-3.084966238921357,0.7104386088864985,3.896462129938804,-0.3445824653254372,2.284989204513621,-0.6883377059568799,2.481636533755423,-3.460928286173349,-1.790226067639766
49.0,43.0,1008.2066040039062,-2.7487743954756927,-3.084966238921357,0.7113525237890507,3.896487219428891,-0.3410159630296569,2.284989204513621,-0.7307621609134483,2.481636533755423,-3.500199465243856,-1.7900744957767225
49.0,43.0,1008.2349243164062,-2.7482720904771023,-3.084653294244357,0.7114724938019892,3.896462129938804,-0.344448284311858,2.284802328887164,-0.7317028903998913,2.481636533755423,-3.500199465243856,-1.790226067639766
49.0,43.0,1008.2454223632812,-2.7482699592641264,-3.084649845060042,0.7517748644817323,3.528313394448954,-0.3410535469014419,2.284985826200222,-0.7316295583453882,2.481636533755423,-3.4993029948978283,-1.790226067639766
49.0,43.0,1008.2708740234376,-2.7482699592641264,-3.084966238921357,0.7504702103665593,3.5284236057410854,-0.3410039863163017,2.284989204513621,-0.7316295583453882,2.481636533755423,-3.5011306454368727,-1.790226067639766
49.0,43.0,1008.2734375,-2.748960972999092,-3.092246768872448,0.7512698747567358,3.542440145470786,-0.341033015722569,2.284989204513621,-0.0395605629612737,2.481636533755423,-3.500205539091419,-1.790226067639766
49.0,43.0,1008.2800903320312,-2.7482699592641264,-3.084966238921357,0.7504702103665593,3.5283144268276936,-0.3410039863163017,2.284989204513621,-0.7307066109207359,2.481636533755423,-3.500199465243856,-1.790226067639766
49.0,43.0,1008.2800903320312,-2.7482699592641264,-3.084966238921357,0.7504702103665593,3.528314384609468,-0.3410039863163017,2.284989204513621,-0.7307066109207359,2.481636533755423,-3.500199465243856,-1.790226067639766
49.0,43.0,1008.2832641601562,-2.7482699592641264,-3.084966238921357,0.7504702103665593,3.528295598735257,-0.3410039863163017,2.284989204513621,-0.7307066109207359,2.481636533755423,-3.5008141267509774,-1.790226067639766
49.0,43.0,1008.2890625,-2.7482699592641264,-3.084966238921357,0.7504702103665593,3.5283144268276936,-0.348449344633861,2.284989204513621,-0.731669156119078,2.481636533755423,-3.5050608536015124,-1.790226067639766
49.0,43.0,1008.2890625,-2.7482699592641264,-3.084966238921357,0.7504702103665593,3.5283144268276936,-0.348449344633861,2.284989204513621,-0.731669156119078,2.481636533755423,-3.5050608536015124,-1.790226067639766
49.0,43.0,1008.2890625,-2.7482699592641264,-3.084966238921357,0.7504702103665593,3.5283144268276936,-0.348449344633861,2.284989204513621,-0.731669156119078,2.481636533755423,-3.5050608536015124,-1.790226067639766
49.0,43.0,1008.2911376953124,-2.7482699592641264,-3.084966238921357,0.7504702103665593,3.528418419822533,-0.3410039863163017,2.284989204513621,-0.7298850750343777,2.481636533755423,-3.500199465243856,-1.790226067639766
49.0,43.0,1008.2938232421876,-2.7482699592641264,-3.08497952445944,0.7112597086550257,3.896462129938804,-0.3448649381624591,2.284989204513621,-0.7097786461021425,2.481636533755423,-3.500199465243856,-1.790226067639766
49.0,43.0,1008.2938232421876,-2.7482874277854097,-3.084966238921357,0.7112692333319184,3.896462129938804,-0.3448670902414555,2.284989204513621,-0.7097786461021425,2.481636533755423,-3.500199465243856,-1.790226067639766
49.0,43.0,1008.2938842773438,-2.7482699592641264,-3.084966238921357,0.7112597086550257,3.896462129938804,-0.3448649381624591,2.284989204513621,-0.7097786461021425,2.481636533755423,-3.500199465243856,-1.790226067639766
49.0,43.0,1008.2953491210938,-2.7482699592641264,-3.0847932643312816,0.7112597086550257,3.896462129938804,-0.3448649381624591,2.284989204513621,-0.7097786461021425,2.481636533755423,-3.500199465243856,-1.790226067639766
49.0,43.0,1008.2953491210938,-2.7482699592641264,-3.0847932643312816,0.7112597086550257,3.896462129938804,-0.3448649381624591,2.284989204513621,-0.7097786461021425,2.481636533755423,-3.500199465243856,-1.790226067639766
49.0,43.0,1008.2953491210938,-2.7482699592641264,-3.0847932643312816,0.7112597086550257,3.896462129938804,-0.3448649381624591,2.284989204513621,-0.7097786461021425,2.481636533755423,-3.500199465243856,-1.790226067639766
49.0,43.0,1008.2976684570312,-2.7482699592641264,-3.084960767849932,0.7112592636500561,3.896462129938804,-0.3445523874514972,2.284989204513621,-0.7097786461021425,2.481636533755423,-3.500199465243856,-1.790226067639766
49.0,44.0,1007.7047119140624,-2.7482699592641264,-3.084966238921357,0.7103123819438212,3.5125819419334987,-0.3878594973234883,2.459119423782738,-0.7316277034243964,2.481636533755423,-3.568751315102336,-1.790226067639766
49.0,44.0,1008.0452880859376,-2.7482699592641264,-3.084966238921357,0.7504702103665593,3.528313394448954,-0.3410039863163017,2.284989204513621,-0.7316295583453882,2.481636533755423,-3.5677232867847213,-1.790226067639766
49.0,44.0,1008.0452880859376,-2.7482699592641264,-3.084966238921357,0.7504702103665593,3.52831337056986,-0.3410039863163017,2.284989204513621,-0.7316295583453882,2.481636533755423,-3.5677232867847213,-1.790226067639766
49.0,44.0,1008.0452880859376,-2.7482699592641264,-3.084966238921357,0.7504702103665593,3.528313394448954,-0.3410039863163017,2.284989204513621,-0.7316295583453882,2.481636533755423,-3.5677232867847213,-1.790226067639766
49.0,44.0,1008.0452880859376,-2.7482699592641264,-3.084966238921357,0.7504702103665593,3.52831337056986,-0.3410039863163017,2.284989204513621,-0.7316295583453882,2.481636533755423,-3.5677232867847213,-1.790226067639766
49.0,44.0,1008.0590209960938,-2.748272075393718,-3.084967717191029,0.7112357132556486,3.896462129938804,-0.3445148924659707,2.279288270229589,-0.7299757529453715,2.481636533755423,-3.500199465243856,-1.790226067639766
49.0,44.0,1008.0842895507812,-2.7482699592641264,-3.084966238921357,0.7504748746721358,3.5283082085304014,-0.3410318840169998,2.284989204513621,-0.7298850750343777,2.481636533755423,-3.5675334966894168,-1.790226067639766
49.0,44.0,1008.0867309570312,-2.7482720904771023,-3.084653294244357,0.7102308940952179,3.896461640498524,-0.3444497073415078,2.284815986081969,-0.7294607687774879,2.481636533755423,-3.500199465243856,-1.790226067639766
49.0,44.0,1008.1026000976562,-2.7482699592641264,-3.084966238921357,0.7104386088864985,3.896462129938804,-0.3446353402784938,2.284989204513621,-0.7294978008182228,2.481636533755423,-3.500199465243856,-1.790226067639766
49.0,44.0,1008.1026000976562,-2.7482699616022885,-3.084966238921357,0.7104386088864985,3.896462129938804,-0.3446353402784938,2.284989204513621,-0.7294978008182228,2.481636533755423,-3.500199465243856,-1.790226067639766
49.0,44.0,1008.1054077148438,-2.7482699592641264,-3.084966238921357,0.7504702103665593,3.5283082085304014,-0.3410039863163017,2.284989204513621,-0.7298850750343777,2.481636533755423,-3.5678201349093177,-1.790226067639766
49.0,44.0,1008.1054077148438,-2.7482699592641264,-3.084966238921357,0.7504702103665593,3.5283082085304014,-0.3410039863163017,2.284989204513621,-0.7298850750343777,2.481636533755423,-3.5678201349093177,-1.790226067639766
49.0,44.0,1008.1075439453124,-2.7482720904771023,-3.084653294244357,0.7112357132556486,3.896462129938804,-0.344448284311858,2.284815986081969,-0.7291948275380116,2.481636533755423,-3.500199465243856,-1.790226067639766
49.0,44.0,1008.11328125,-2.7487778745628413,-3.084959417089667,0.7112357132556486,3.8964625600428944,-0.344448284311858,2.284811170556468,-0.7291948275380116,2.481636533755423,-3.500199465243856,-1.790226067639766
49.0,44.0,1008.1197509765624,-2.7482699592641264,-3.084966238921357,0.7504702103665593,3.5283144268276936,-0.3410039863163017,2.284989204513621,-0.731669156119078,2.481636533755423,-3.568751315102336,-1.790226067639766
49.0,44.0,1008.1197509765624,-2.7482699592641264,-3.084966238921357,0.7504702103665593,3.5283144268276936,-0.3410039863163017,2.284989204513621,-0.731669156119078,2.481636533755423,-3.568751315102336,-1.790226067639766
49.0,44.0,1008.1197509765624,-2.7482699592641264,-3.084966238921357,0.7504702103665593,3.5283144268276936,-0.3410039863163017,2.284989204513621,-0.731669156119078,2.481636533755423,-3.568751315102336,-1.790226067639766
49.0,44.0,1008.1197509765624,-2.7482699592641264,-3.084966238921357,0.7504702103665593,3.5283144268276936,-0.3410039863163017,2.284989204513621,-0.731669156119078,2.481636533755423,-3.568751315102336,-1.790226067639766
49.0,44.0,1008.1209106445312,-2.7482699592641264,-3.084966238921357,0.7504702103665593,3.528313394448954,-0.3410039863163017,2.284989204513621,-0.7316295583453882,2.481636533755423,-3.5687498448747266,-1.790226067639766
49.0,44.0,1008.1209716796876,-2.7482699592641264,-3.084966238921357,0.7504702103665593,3.528313394448954,-0.3410039863163017,2.284989204513621,-0.7316295583453882,2.481636533755423,-3.568751315102336,-1.790226067639766
49.0,44.0,1008.1209716796876,-2.7482699592641264,-3.084966238921357,0.7504702103665593,3.528313394448954,-0.3410039863163017,2.284989204513621,-0.7316295583453882,2.481636533755423,-3.568751315102336,-1.790226067639766
49.0,44.0,1008.1209716796876,-2.7482699592641264,-3.084966238921357,0.7504702103665593,3.528313394448954,-0.3410039863163017,2.284989204513621,-0.7316295583453882,2.481636533755423,-3.568751315102336,-1.790226067639766
49.0,44.0,1008.1209716796876,-2.7482699592641264,-3.084966238921357,0.7504702103665593,3.528313394448954,-0.3410039863163017,2.284989204513621,-0.7316295583453882,2.481636533755423,-3.568751315102336,-1.790226067639766
49.0,44.0,1008.1234130859376,-2.74828261716592,-3.085587446469819,0.7504702103665593,3.5283144268276936,-0.3410039863163017,2.284989204513621,-0.7315676111691213,2.481636533755423,-3.568751315102336,-1.790226067639766
49.0,44.0,1008.1236572265624,-2.748270407419695,-3.0848482569545848,0.7504702103665593,3.5283144268276936,-0.3410811472326139,2.284989204513621,-0.7315676111691213,2.481636533755423,-3.568751315102336,-1.790226067639766
49.0,44.0,1008.1236572265624,-2.748270407419695,-3.0848482569545848,0.7504702103665593,3.5283144268276936,-0.3410811472326139,2.284989204513621,-0.7315676111691213,2.481636533755423,-3.568751315102336,-1.790226067639766
49.0,44.0,1008.1243286132812,-2.748270265334868,-3.084966238921357,0.7101485770521522,3.8953679685284426,-0.3409585969715686,2.284989204513621,-0.7294945683225289,2.481636533755423,-3.500199465243856,-1.7618721871092096
49.0,44.0,1008.1439208984376,-2.748270265334868,-3.084966238921357,0.7112429880288252,3.8953635286129216,-0.3447899426576461,2.284989204513621,-0.7097786461021425,2.481636533755423,-3.500199465243856,-1.7618734162951004
49.0,44.0,1008.1475219726562,-2.748270265334868,-3.084966238921357,0.7101505455711046,3.8953679685284426,-0.3410114719246251,2.284989204513621,-0.7299793878119857,2.481636533755423,-3.500199465243856,-1.7618721871092096
49.0,44.0,1008.1487426757812,-2.7487743954756927,-3.084966238921357,0.7102097101205638,3.896463280234788,-0.3444767208105247,2.2848157408462115,-0.7307621609134483,2.481636533755423,-3.500199465243856,-1.7902248724388556
49.0,44.0,1008.1578369140624,-2.7482699592641264,-3.084966238921357,0.7504702103665593,3.526259699892599,-0.345144418377849,2.284802341120256,-0.731669156119078,2.481636533755423,-3.568751315102336,-1.790226067639766
49.0,44.0,1008.1612548828124,-2.7482720904771023,-3.084650031943492,0.7105841774737554,3.898956753217882,-0.3410620975736786,2.2848325947474746,-0.7291948275380116,2.481636533755423,-3.500199465243856,-1.790226067639766
49.0,44.0,1008.1634521484376,-2.74827527817524,-3.084966238921357,0.7113539573580491,3.896462129938804,-0.3410015803960573,2.284989204513621,-0.7298663282829501,2.481636533755423,-3.500199465243856,-1.7900744957767225
49.0,44.0,1008.1752319335938,-2.748270265334868,-3.084966238921357,0.7101505455711046,3.8953679685284426,-0.3409585969715686,2.284989204513621,-0.7097786461021425,2.481636533755423,-3.500199465243856,-1.7618721871092096
49.0,44.0,1008.1752319335938,-2.748270265334868,-3.084966238921357,0.7101505455711046,3.8953679685284426,-0.3409585969715686,2.284989204513621,-0.7097786461021425,2.481636533755423,-3.500199465243856,-1.7618721871092096
49.0,44.0,1008.1820068359376,-2.7487743954756927,-3.084966238921357,0.7113539573580491,3.896462129938804,-0.3410015691092725,2.284989204513621,-0.7302517429357139,2.481636533755423,-3.500199465243856,-1.7900744957767225
49.0,44.0,1008.1825561523438,-2.7487743954756927,-3.084966238921357,0.7113539573580491,3.896487219428891,-0.3410015691092725,2.284989204513621,-0.7302517429357139,2.481636533755423,-3.500199465243856,-1.7900744957767225
49.0,44.0,1008.1836547851562,-2.7487743954756927,-3.084966238921357,0.7113539573580491,3.896462129938804,-0.3410016188754073,2.284989204513621,-0.7302517429357139,2.481636533755423,-3.500199465243856,-1.790226067639766
49.0,44.0,1008.1968383789062,-2.7482699616022885,-3.084966238921357,0.7104386088864985,3.896462129938804,-0.3445824653254372,2.284989204513621,-0.6883377059568799,2.481636533755423,-3.460928286173349,-1.790226067639766
49.0,44.0,1008.1968383789062,-2.7482699616022885,-3.084966238921357,0.7104386088864985,3.896462129938804,-0.3445824653254372,2.284989204513621,-0.6883377059568799,2.481636533755423,-3.460928286173349,-1.790226067639766
49.0,44.0,1008.2066040039062,-2.7487743954756927,-3.084966238921357,0.7113525237890507,3.896487219428891,-0.3410159630296569,2.284989204513621,-0.7307621609134483,2.481636533755423,-3.500199465243856,-1.7900744957767225
49.0,44.0,1008.2334594726562,-2.748269961540181,-3.084966238921357,0.7504702103665593,3.52831337056986,-0.3410039863163017,2.284989204513621,-0.7292433883727713,2.481636533755423,-3.5692556052072097,-1.790226067639766
49.0,44.0,1008.2346801757812,-2.7482720904771023,-3.084653294244357,0.7114724938019892,3.896462129938804,-0.3444954195106925,2.284802328887164,-0.7317028903998913,2.481636533755423,-3.500199465243856,-1.7902147571509794
49.0,44.0,1008.2349243164062,-2.7482720904771023,-3.084653294244357,0.7114724938019892,3.896462129938804,-0.344448284311858,2.284802328887164,-0.7317028903998913,2.481636533755423,-3.500199465243856,-1.790226067639766
49.0,44.0,1008.2454223632812,-2.7482699592641264,-3.084649845060042,0.7517748644817323,3.528313394448954,-0.3410535469014419,2.284985826200222,-0.7316295583453882,2.481636533755423,-3.4993029948978283,-1.790226067639766
49.0,44.0,1008.2708740234376,-2.7482699592641264,-3.084966238921357,0.7504702103665593,3.5284236057410854,-0.3410039863163017,2.284989204513621,-0.7316295583453882,2.481636533755423,-3.5011306454368727,-1.790226067639766
49.0,44.0,1008.272705078125,-2.7482699592641264,-3.084966238921357,0.7504702103665593,3.5238732576518936,-0.3447311762055825,2.284989204513621,-0.7318005733523514,2.481636533755423,-3.498783423338226,-1.790226067639766
49.0,44.0,1008.2734375,-2.748960972999092,-3.092246768872448,0.7512698747567358,3.542440145470786,-0.341033015722569,2.284989204513621,-0.0395605629612737,2.481636533755423,-3.500205539091419,-1.790226067639766
49.0,44.0,1008.2734375,-2.748269959322977,-3.084966238921357,0.7104386088864985,3.896462129938804,-0.340727774777998,2.284989204513621,-0.6883377059568799,2.481636533755423,-3.460928286173349,-1.790226067639766
49.0,44.0,1008.2800903320312,-2.7482699592641264,-3.084966238921357,0.7504702103665593,3.5283144268276936,-0.3410039863163017,2.284989204513621,-0.7307066109207359,2.481636533755423,-3.500199465243856,-1.790226067639766
49.0,45.0,1007.7047119140624,-2.7482699592641264,-3.084966238921357,0.7103123819438212,3.5125819419334987,-0.3878594973234883,2.459119423782738,-0.7316277034243964,2.481636533755423,-3.568751315102336,-1.790226067639766
49.0,45.0,1007.7755126953124,-2.7482699592641264,-3.084966238921357,0.7504702103665593,3.528313394448954,-0.3410039863163017,2.284989204513621,-0.7407360428414014,2.481636533755423,-3.5677232867847213,-1.790226067639766
49.0,45.0,1008.0452270507812,-2.7482699592641264,-3.084966238921357,0.7504702103665593,3.52831337056986,-0.3410039863163017,2.284989204513621,-0.7316307980484807,2.481636533755423,-3.5677232867847213,-1.790226067639766
49.0,45.0,1008.0452880859376,-2.7482699592641264,-3.084966238921357,0.7504702103665593,3.528313394448954,-0.3410039863163017,2.284989204513621,-0.7316295583453882,2.481636533755423,-3.5677232867847213,-1.790226067639766
49.0,45.0,1008.0452880859376,-2.7482699592641264,-3.084966238921357,0.7504702103665593,3.52831337056986,-0.3410039863163017,2.284989204513621,-0.7316295583453882,2.481636533755423,-3.5677232867847213,-1.790226067639766
49.0,45.0,1008.0452880859376,-2.7482699592641264,-3.084966238921357,0.7504702103665593,3.528313394448954,-0.3410039863163017,2.284989204513621,-0.7316295583453882,2.481636533755423,-3.5677232867847213,-1.790226067639766
49.0,45.0,1008.0452880859376,-2.7482699592641264,-3.084966238921357,0.7504702103665593,3.52831337056986,-0.3410039863163017,2.284989204513621,-0.7316295583453882,2.481636533755423,-3.5677232867847213,-1.790226067639766
49.0,45.0,1008.0452880859376,-2.7482699592641264,-3.084966238921357,0.7504702103665593,3.528313394448954,-0.3410039863163017,2.284989204513621,-0.7316295583453882,2.481636533755423,-3.5677232867847213,-1.790226067639766
49.0,45.0,1008.0452880859376,-2.7482699592641264,-3.084966238921357,0.7504702103665593,3.528312376029376,-0.3410039863163017,2.284989204513621,-0.7316295583453882,2.481636533755423,-3.5677232867847213,-1.790226067639766
49.0,45.0,1008.0590209960938,-2.748272075393718,-3.084967717191029,0.7112357132556486,3.896462129938804,-0.3445148924659707,2.279288270229589,-0.7299757529453715,2.481636533755423,-3.500199465243856,-1.790226067639766
49.0,45.0,1008.0842895507812,-2.7482699592641264,-3.084966238921357,0.7504748746721358,3.5283082085304014,-0.3410318840169998,2.284989204513621,-0.7298850750343777,2.481636533755423,-3.5675334966894168,-1.790226067639766
49.0,45.0,1008.0867309570312,-2.7482720904771023,-3.084653294244357,0.7102308940952179,3.896461640498524,-0.3444497073415078,2.284815986081969,-0.7294607687774879,2.481636533755423,-3.500199465243856,-1.790226067639766
49.0,45.0,1008.1017456054688,-2.748280069545425,-3.084966238921357,0.7104386088864985,3.896462129938804,-0.3448699316618258,2.284989204513621,-0.7294978008182228,2.481636533755423,-3.500199465243856,-1.790226067639766
49.0,45.0,1008.1026000976562,-2.7482699592641264,-3.084966238921357,0.7104386088864985,3.896462129938804,-0.3446353402784938,2.284989204513621,-0.7294978008182228,2.481636533755423,-3.500199465243856,-1.790226067639766
49.0,45.0,1008.1026000976562,-2.7482699616022885,-3.084966238921357,0.7104386088864985,3.896462129938804,-0.3446353402784938,2.284989204513621,-0.7294978008182228,2.481636533755423,-3.500199465243856,-1.790226067639766
49.0,45.0,1008.1054077148438,-2.7482699592641264,-3.084966238921357,0.7504702103665593,3.5283082085304014,-0.3410039863163017,2.284989204513621,-0.7298850750343777,2.481636533755423,-3.5678201349093177,-1.790226067639766
49.0,45.0,1008.1054077148438,-2.7482699592641264,-3.084966238921357,0.7504702103665593,3.5283082085304014,-0.3410039863163017,2.284989204513621,-0.7298850750343777,2.481636533755423,-3.5678201349093177,-1.790226067639766
49.0,45.0,1008.1054077148438,-2.7482699592641264,-3.084966238921357,0.7504702103665593,3.528313379065541,-0.3410039863163017,2.284989204513621,-0.7298850750343777,2.481636533755423,-3.5678201349093177,-1.790226067639766
49.0,45.0,1008.1075439453124,-2.7482720904771023,-3.084653294244357,0.7112357132556486,3.896462129938804,-0.344448284311858,2.284815986081969,-0.7291948275380116,2.481636533755423,-3.500199465243856,-1.790226067639766
49.0,45.0,1008.11328125,-2.7487778745628413,-3.084959417089667,0.7112357132556486,3.8964625600428944,-0.344448284311858,2.284811170556468,-0.7291948275380116,2.481636533755423,-3.500199465243856,-1.790226067639766
49.0,45.0,1008.1197509765624,-2.7482699592641264,-3.084966238921357,0.7504702103665593,3.5283144268276936,-0.3410039863163017,2.284989204513621,-0.731669156119078,2.481636533755423,-3.568751315102336,-1.790226067639766
49.0,45.0,1008.1197509765624,-2.7482699592641264,-3.084966238921357,0.7504702103665593,3.5283144268276936,-0.3410039863163017,2.284989204513621,-0.731669156119078,2.481636533755423,-3.568751315102336,-1.790226067639766
49.0,45.0,1008.1197509765624,-2.7482699592641264,-3.084966238921357,0.7504702103665593,3.5283144268276936,-0.3410039863163017,2.284989204513621,-0.731669156119078,2.481636533755423,-3.568751315102336,-1.790226067639766
49.0,45.0,1008.1197509765624,-2.7482699592641264,-3.084966238921357,0.7504702103665593,3.5283144268276936,-0.3410039863163017,2.284989204513621,-0.731669156119078,2.481636533755423,-3.568751315102336,-1.790226067639766
49.0,45.0,1008.1209106445312,-2.7482699592641264,-3.084966238921357,0.7504702103665593,3.528313394448954,-0.3410039863163017,2.284989204513621,-0.7316295583453882,2.481636533755423,-3.5687498448747266,-1.790226067639766
49.0,45.0,1008.1209106445312,-2.7482699592641264,-3.084966238921357,0.7504702103665593,3.528313394448954,-0.3410039863163017,2.284989204513621,-0.7316295583453882,2.481636533755423,-3.5687498075249984,-1.790226067639766
49.0,45.0,1008.1209106445312,-2.7482699592641264,-3.084966238921357,0.7504702103665593,3.528308223913815,-0.3410039863163017,2.284989204513621,-0.7316295583453882,2.481636533755423,-3.5687498448747266,-1.790226067639766
49.0,45.0,1008.1209716796876,-2.7482699592641264,-3.084966238921357,0.7504702103665593,3.528313394448954,-0.3410039863163017,2.284989204513621,-0.7316295583453882,2.481636533755423,-3.568751315102336,-1.790226067639766
49.0,45.0,1008.1209716796876,-2.7482699592641264,-3.084966238921357,0.7504702103665593,3.528313394448954,-0.3410039863163017,2.284989204513621,-0.7316295583453882,2.481636533755423,-3.568751315102336,-1.790226067639766
49.0,45.0,1008.1209716796876,-2.7482699592641264,-3.084966238921357,0.7504702103665593,3.528313394448954,-0.3410039863163017,2.284989204513621,-0.7316295583453882,2.481636533755423,-3.568751315102336,-1.790226067639766
49.0,45.0,1008.1209716796876,-2.7482699592641264,-3.084966238921357,0.7504702103665593,3.528313394448954,-0.3410039863163017,2.284989204513621,-0.7316295583453882,2.481636533755423,-3.568751315102336,-1.790226067639766
49.0,45.0,1008.1209716796876,-2.7482699592641264,-3.084966238921357,0.7504702103665593,3.528313394448954,-0.3410039863163017,2.284989204513621,-0.7316295583453882,2.481636533755423,-3.568751352452064,-1.790226067639766
49.0,45.0,1008.1209716796876,-2.7482699592641264,-3.084966238921357,0.7504702103665593,3.528313306610636,-0.3410039863163017,2.284989204513621,-0.7316295583453882,2.481636533755423,-3.568751315102336,-1.790226067639766
49.0,45.0,1008.1209716796876,-2.7482699592641264,-3.084966238921357,0.7504702103665593,3.528313394448954,-0.3410039863163017,2.284989204513621,-0.7316295583453882,2.481636533755423,-3.568751315102336,-1.790226067639766
49.0,45.0,1008.1210327148438,-2.7482699592641264,-3.084966238921357,0.7504702103665593,3.52831337056986,-0.3410039863163017,2.284989204513621,-0.7316295583453882,2.481636533755423,-3.5687518864590406,-1.790226067639766
49.0,45.0,1008.1224365234376,-2.7482703060235085,-3.084672494891686,0.7101505455711046,3.8953679685284426,-0.3408724041174066,2.284989204513621,-0.7294616500456028,2.481636533755423,-3.500199465243856,-1.76144367800125
49.0,45.0,1008.1228637695312,-2.748270407419695,-3.0848523543239863,0.7504702103665593,3.5283144268276936,-0.3409989572037574,2.284989204513621,-0.7315676111691213,2.481636533755423,-3.568751315102336,-1.790226067639766
49.0,45.0,1008.1234130859376,-2.74828261716592,-3.085587446469819,0.7504702103665593,3.5283144268276936,-0.3410039863163017,2.284989204513621,-0.7315676111691213,2.481636533755423,-3.568751315102336,-1.790226067639766
49.0,45.0,1008.1236572265624,-2.748270407419695,-3.0848482569545848,0.7504702103665593,3.5283144268276936,-0.3410811472326139,2.284989204513621,-0.7315676111691213,2.481636533755423,-3.568751315102336,-1.790226067639766
49.0,45.0,1008.1236572265624,-2.748270407419695,-3.0848482569545848,0.7504702103665593,3.5283144268276936,-0.3410811472326139,2.284989204513621,-0.7315676111691213,2.481636533755423,-3.568751315102336,-1.790226067639766
49.0,45.0,1008.1243286132812,-2.748270265334868,-3.084966238921357,0.7101485770521522,3.8953679685284426,-0.3409585969715686,2.284989204513621,-0.7294945683225289,2.481636533755423,-3.500199465243856,-1.7618721871092096
49.0,45.0,1008.1439208984376,-2.748270265334868,-3.084966238921357,0.7112429880288252,3.8953635286129216,-0.3447899426576461,2.284989204513621,-0.7097786461021425,2.481636533755423,-3.500199465243856,-1.7618734162951004
49.0,45.0,1008.1446533203124,-2.7482720904771023,-3.084650210349485,0.7114724938019892,3.896462129938804,-0.344448284311858,2.284802328887164,-0.7299061963296194,2.481636533755423,-3.500199465243856,-1.7900841971520396
49.0,45.0,1008.1475219726562,-2.748270265334868,-3.084966238921357,0.7101505455711046,3.8953679685284426,-0.3410114719246251,2.284989204513621,-0.7299793878119857,2.481636533755423,-3.500199465243856,-1.7618721871092096
49.0,45.0,1008.1487426757812,-2.7487743954756927,-3.084966238921357,0.7102097101205638,3.896463280234788,-0.3444767208105247,2.2848157408462115,-0.7307621609134483,2.481636533755423,-3.500199465243856,-1.7902248724388556
49.0,45.0,1008.1578369140624,-2.7482699592641264,-3.084966238921357,0.7504702103665593,3.526259699892599,-0.345144418377849,2.284802341120256,-0.731669156119078,2.481636533755423,-3.568751315102336,-1.790226067639766
49.0,45.0,1008.1578369140624,-2.7482699592641264,-3.084966238921357,0.7504702103665593,3.526260718312178,-0.345144418377849,2.284802341120256,-0.731669156119078,2.481636533755423,-3.568751315102336,-1.790226067639766
49.0,45.0,1008.1612548828124,-2.7482720904771023,-3.084650031943492,0.7105841774737554,3.898956753217882,-0.3410620975736786,2.2848325947474746,-0.7291948275380116,2.481636533755423,-3.500199465243856,-1.790226067639766
49.0,45.0,1008.1634521484376,-2.74827527817524,-3.084966238921357,0.7113539573580491,3.896462129938804,-0.3410015803960573,2.284989204513621,-0.7298663282829501,2.481636533755423,-3.500199465243856,-1.7900744957767225
49.0,45.0,1008.1634521484376,-2.74827527817524,-3.084966238921357,0.7113539573580491,3.896462129938804,-0.3410015803960573,2.284989204513621,-0.7298663282829501,2.481636533755423,-3.500199465243856,-1.7900744957767225
49.0,46.0,1007.7047119140624,-2.7482699592641264,-3.084966238921357,0.7103123819438212,3.5125819419334987,-0.3878594973234883,2.459119423782738,-0.7316277034243964,2.481636533755423,-3.568751315102336,-1.790226067639766
49.0,46.0,1007.7755126953124,-2.7482699592641264,-3.084966238921357,0.7504702103665593,3.528313394448954,-0.3410039863163017,2.284989204513621,-0.7407360428414014,2.481636533755423,-3.5677232867847213,-1.790226067639766
49.0,46.0,1007.7755126953124,-2.7482699592641264,-3.084966238921357,0.7504702103665593,3.528313394265864,-0.3410039863163017,2.284989204513621,-0.7407360428414014,2.481636533755423,-3.5677232867847213,-1.790226067639766
49.0,46.0,1008.0397338867188,-2.7482704033008245,-3.084966238921357,0.7504702103665593,3.52831431410279,-0.340999198193357,2.284989204513621,-0.7316295583453882,2.481636533755423,-3.5676468980447464,-1.790226067639766
49.0,46.0,1008.041015625,-2.7482699592641264,-3.084966238921357,0.7504702103665593,3.52831339176301,-0.3410039863163017,2.284989204513621,-0.7316295583453882,2.481636533755423,-3.567664090772489,-1.790226067639766
49.0,46.0,1008.0452270507812,-2.7482699592641264,-3.084966238921357,0.7504702103665593,3.52831337056986,-0.3410039863163017,2.284989204513621,-0.7316307980484807,2.481636533755423,-3.5677232867847213,-1.790226067639766
49.0,46.0,1008.0452880859376,-2.7482699592641264,-3.084966238921357,0.7504702103665593,3.528313394448954,-0.3410039863163017,2.284989204513621,-0.7316295583453882,2.481636533755423,-3.5677232867847213,-1.790226067639766
49.0,46.0,1008.0452880859376,-2.7482699592641264,-3.084966238921357,0.7504702103665593,3.52831337056986,-0.3410039863163017,2.284989204513621,-0.7316295583453882,2.481636533755423,-3.5677232867847213,-1.790226067639766
49.0,46.0,1008.0452880859376,-2.7482699592641264,-3.084966238921357,0.7504702103665593,3.528313394448954,-0.3410039863163017,2.284989204513621,-0.7316295583453882,2.481636533755423,-3.5677232867847213,-1.790226067639766
49.0,46.0,1008.0452880859376,-2.7482699592641264,-3.084966238921357,0.7504702103665593,3.52831337056986,-0.3410039863163017,2.284989204513621,-0.7316295583453882,2.481636533755423,-3.5677232867847213,-1.790226067639766
49.0,46.0,1008.0452880859376,-2.7482699592641264,-3.084966238921357,0.7504702103665593,3.528313394448954,-0.3410039863163017,2.284989204513621,-0.7316295583453882,2.481636533755423,-3.5677232867847213,-1.790226067639766
49.0,46.0,1008.0452880859376,-2.7482699592641264,-3.084966238921357,0.7504702103665593,3.528312376029376,-0.3410039863163017,2.284989204513621,-0.7316295583453882,2.481636533755423,-3.5677232867847213,-1.790226067639766
49.0,46.0,1008.0452880859376,-2.7482699592641264,-3.084966238921357,0.7504702103665593,3.528308177539051,-0.3410039863163017,2.284989204513621,-0.7316295583453882,2.481636533755423,-3.5677232867847213,-1.790226067639766
49.0,46.0,1008.0452880859376,-2.7482699592641264,-3.084966238921357,0.7504702103665593,3.528313394448954,-0.3410039863163017,2.284989204513621,-0.7316295583453882,2.481636533755423,-3.5677232867847213,-1.790226067639766
49.0,46.0,1008.0590209960938,-2.748272075393718,-3.084967717191029,0.7112357132556486,3.896462129938804,-0.3445148924659707,2.279288270229589,-0.7299757529453715,2.481636533755423,-3.500199465243856,-1.790226067639766
49.0,46.0,1008.0590209960938,-2.748272075393718,-3.084967717191029,0.7112357132556486,3.896462129938804,-0.3445148924659707,2.279288270229589,-0.7299757529453715,2.481636533755423,-3.500199465243856,-1.790226067639766
49.0,46.0,1008.0842895507812,-2.7482699592641264,-3.084966238921357,0.7504748746721358,3.5283082085304014,-0.3410318840169998,2.284989204513621,-0.7298850750343777,2.481636533755423,-3.5675334966894168,-1.790226067639766
49.0,46.0,1008.0867309570312,-2.7482720904771023,-3.084653294244357,0.7102308940952179,3.896461640498524,-0.3444497073415078,2.284815986081969,-0.7294607687774879,2.481636533755423,-3.500199465243856,-1.790226067639766
49.0,46.0,1008.0899658203124,-2.7482699592641264,-3.084966238921357,0.7104386088864985,3.896462129938804,-0.3446353402784938,2.284986255201144,-0.7291920274010574,2.481636533755423,-3.500199465243856,-1.790226067639766
49.0,46.0,1008.1017456054688,-2.748280069545425,-3.084966238921357,0.7104386088864985,3.896462129938804,-0.3448699316618258,2.284989204513621,-0.7294978008182228,2.481636533755423,-3.500199465243856,-1.790226067639766
49.0,46.0,1008.1026000976562,-2.7482699592641264,-3.084966238921357,0.7104386088864985,3.896462129938804,-0.3446353402784938,2.284989204513621,-0.7294978008182228,2.481636533755423,-3.500199465243856,-1.790226067639766
49.0,46.0,1008.1026000976562,-2.7482699616022885,-3.084966238921357,0.7104386088864985,3.896462129938804,-0.3446353402784938,2.284989204513621,-0.7294978008182228,2.481636533755423,-3.500199465243856,-1.790226067639766
49.0,46.0,1008.1054077148438,-2.7482699592641264,-3.084966238921357,0.7504702103665593,3.5283082085304014,-0.3410039863163017,2.284989204513621,-0.7298850750343777,2.481636533755423,-3.5678201349093177,-1.790226067639766
49.0,46.0,1008.1054077148438,-2.7482699592641264,-3.084966238921357,0.7504702103665593,3.5283082085304014,-0.3410039863163017,2.284989204513621,-0.7298850750343777,2.481636533755423,-3.5678201349093177,-1.790226067639766
49.0,46.0,1008.1054077148438,-2.7482699592641264,-3.084966238921357,0.7504702103665593,3.528313379065541,-0.3410039863163017,2.284989204513621,-0.7298850750343777,2.481636533755423,-3.5678201349093177,-1.790226067639766
49.0,46.0,1008.1054077148438,-2.7482699592641264,-3.084966238921357,0.7504702103665593,3.528313425440305,-0.3410039863163017,2.284989204513621,-0.7298850750343777,2.481636533755423,-3.5678201349093177,-1.790226067639766
49.0,46.0,1008.1075439453124,-2.7482720904771023,-3.084653294244357,0.7112357132556486,3.896462129938804,-0.344448284311858,2.284815986081969,-0.7291948275380116,2.481636533755423,-3.500199465243856,-1.790226067639766
49.0,46.0,1008.11328125,-2.7487778745628413,-3.084959417089667,0.7112357132556486,3.8964625600428944,-0.344448284311858,2.284811170556468,-0.7291948275380116,2.481636533755423,-3.500199465243856,-1.790226067639766
49.0,46.0,1008.1197509765624,-2.7482699592641264,-3.084966238921357,0.7504702103665593,3.5283144268276936,-0.3410039863163017,2.284989204513621,-0.731669156119078,2.481636533755423,-3.568751315102336,-1.790226067639766
49.0,46.0,1008.1197509765624,-2.7482699592641264,-3.084966238921357,0.7504702103665593,3.5283144268276936,-0.3410039863163017,2.284989204513621,-0.731669156119078,2.481636533755423,-3.568751315102336,-1.790226067639766
49.0,46.0,1008.1197509765624,-2.7482699592641264,-3.084966238921357,0.7504702103665593,3.5283144268276936,-0.3410039863163017,2.284989204513621,-0.731669156119078,2.481636533755423,-3.568751315102336,-1.790226067639766
49.0,46.0,1008.1197509765624,-2.7482699592641264,-3.084966238921357,0.7504702103665593,3.5283144268276936,-0.3410039863163017,2.284989204513621,-0.731669156119078,2.481636533755423,-3.568751315102336,-1.790226067639766
49.0,46.0,1008.1209106445312,-2.7482699592641264,-3.084966238921357,0.7504702103665593,3.528313394448954,-0.3410039863163017,2.284989204513621,-0.7316295583453882,2.481636533755423,-3.5687498448747266,-1.790226067639766
49.0,46.0,1008.1209106445312,-2.7482699592641264,-3.084966238921357,0.7504702103665593,3.528313394448954,-0.3410039863163017,2.284989204513621,-0.7316295583453882,2.481636533755423,-3.5687498075249984,-1.790226067639766
49.0,46.0,1008.1209106445312,-2.7482699592641264,-3.084966238921357,0.7504702103665593,3.528308223913815,-0.3410039863163017,2.284989204513621,-0.7316295583453882,2.481636533755423,-3.5687498448747266,-1.790226067639766
49.0,46.0,1008.1209106445312,-2.7482699592641264,-3.084966238921357,0.7504702103665593,3.528313394448954,-0.3410039863163017,2.284989204513621,-0.7316295583453882,2.481636533755423,-3.5687498075249984,-1.790226067639766
49.0,46.0,1008.1209716796876,-2.7482699592641264,-3.084966238921357,0.7504702103665593,3.528313394448954,-0.3410039863163017,2.284989204513621,-0.7316295583453882,2.481636533755423,-3.568751315102336,-1.790226067639766
49.0,46.0,1008.1209716796876,-2.7482699592641264,-3.084966238921357,0.7504702103665593,3.528313394448954,-0.3410039863163017,2.284989204513621,-0.7316295583453882,2.481636533755423,-3.568751315102336,-1.790226067639766
49.0,46.0,1008.1209716796876,-2.7482699592641264,-3.084966238921357,0.7504702103665593,3.528313394448954,-0.3410039863163017,2.284989204513621,-0.7316295583453882,2.481636533755423,-3.568751315102336,-1.790226067639766
49.0,46.0,1008.1209716796876,-2.7482699592641264,-3.084966238921357,0.7504702103665593,3.528313394448954,-0.3410039863163017,2.284989204513621,-0.7316295583453882,2.481636533755423,-3.568751315102336,-1.790226067639766
49.0,46.0,1008.1209716796876,-2.7482699592641264,-3.084966238921357,0.7504702103665593,3.528313394448954,-0.3410039863163017,2.284989204513621,-0.7316295583453882,2.481636533755423,-3.568751352452064,-1.790226067639766
49.0,46.0,1008.1209716796876,-2.7482699592641264,-3.084966238921357,0.7504702103665593,3.528313306610636,-0.3410039863163017,2.284989204513621,-0.7316295583453882,2.481636533755423,-3.568751315102336,-1.790226067639766
49.0,46.0,1008.1209716796876,-2.7482699592641264,-3.084966238921357,0.7504702103665593,3.528313394448954,-0.3410039863163017,2.284989204513621,-0.7316295583453882,2.481636533755423,-3.568751315102336,-1.790226067639766
49.0,46.0,1008.1210327148438,-2.7482699592641264,-3.084966238921357,0.7504702103665593,3.52831337056986,-0.3410039863163017,2.284989204513621,-0.7316295583453882,2.481636533755423,-3.5687518864590406,-1.790226067639766
49.0,46.0,1008.1210327148438,-2.7482699592641264,-3.084966238921357,0.7504702103665593,3.52831446627744,-0.3410039863163017,2.284989204513621,-0.7316286437357382,2.481636533755423,-3.568751315102336,-1.790226067639766
49.0,46.0,1008.1210327148438,-2.7482699592641264,-3.084966238921357,0.7504702103665593,3.52831337056986,-0.3410039863163017,2.284989204513621,-0.7316295583453882,2.481636533755423,-3.5687518864590406,-1.790226067639766
49.0,46.0,1008.1224365234376,-2.7482703060235085,-3.084672494891686,0.7101505455711046,3.8953679685284426,-0.3408724041174066,2.284989204513621,-0.7294616500456028,2.481636533755423,-3.500199465243856,-1.76144367800125
49.0,46.0,1008.1228637695312,-2.748270407419695,-3.0848523543239863,0.7504702103665593,3.5283144268276936,-0.3409989572037574,2.284989204513621,-0.7315676111691213,2.481636533755423,-3.568751315102336,-1.790226067639766
49.0,46.0,1008.1231689453124,-2.7482699592641264,-3.084966238921357,0.7504702103665593,3.528308223913815,-0.3410039863163017,2.284989204513621,-0.731557570884707,2.481636533755423,-3.5687498448747266,-1.790226067639766
49.0,46.0,1008.1234130859376,-2.74828261716592,-3.085587446469819,0.7504702103665593,3.5283144268276936,-0.3410039863163017,2.284989204513621,-0.7315676111691213,2.481636533755423,-3.568751315102336,-1.790226067639766
49.0,47.0,1007.6197509765624,-2.7482699592641264,-3.084966238921357,0.750844666386884,3.512572147923489,-0.3878594973234883,2.459119423782738,-0.7316277129809543,2.481636533755423,-3.568751315102336,-1.790226067639766
49.0,47.0,1007.7047119140624,-2.7482699592641264,-3.084966238921357,0.7103123819438212,3.5125819419334987,-0.3878594973234883,2.459119423782738,-0.7316277034243964,2.481636533755423,-3.568751315102336,-1.790226067639766
49.0,47.0,1007.7755126953124,-2.7482699592641264,-3.084966238921357,0.7504702103665593,3.528313394448954,-0.3410039863163017,2.284989204513621,-0.7407360428414014,2.481636533755423,-3.5677232867847213,-1.790226067639766
49.0,47.0,1007.7755126953124,-2.7482699592641264,-3.084966238921357,0.7504702103665593,3.528313394265864,-0.3410039863163017,2.284989204513621,-0.7407360428414014,2.481636533755423,-3.5677232867847213,-1.790226067639766
49.0,47.0,1007.7755126953124,-2.7482699592641264,-3.084966238921357,0.7504702103665593,3.528313394448954,-0.3410039863163017,2.284989204513621,-0.7407360428414014,2.481636533755423,-3.5677232867847213,-1.790226067639766
49.0,47.0,1008.0397338867188,-2.7482704033008245,-3.084966238921357,0.7504702103665593,3.52831431410279,-0.340999198193357,2.284989204513621,-0.7316295583453882,2.481636533755423,-3.5676468980447464,-1.790226067639766
49.0,47.0,1008.041015625,-2.7482699592641264,-3.084966238921357,0.7504702103665593,3.52831339176301,-0.3410039863163017,2.284989204513621,-0.7316295583453882,2.481636533755423,-3.567664090772489,-1.790226067639766
49.0,47.0,1008.0452270507812,-2.7482699592641264,-3.084966238921357,0.7504702103665593,3.52831337056986,-0.3410039863163017,2.284989204513621,-0.7316307980484807,2.481636533755423,-3.5677232867847213,-1.790226067639766
49.0,47.0,1008.0452270507812,-2.7482699592641264,-3.084966238921357,0.7504702103665593,3.5283133938812004,-0.3410039863163017,2.284989204513621,-0.7316307980484807,2.481636533755423,-3.5677232867847213,-1.790226067639766
49.0,47.0,1008.0452880859376,-2.7482699592641264,-3.084966238921357,0.7504702103665593,3.528313394448954,-0.3410039863163017,2.284989204513621,-0.7316295583453882,2.481636533755423,-3.5677232867847213,-1.790226067639766
49.0,47.0,1008.0452880859376,-2.7482699592641264,-3.084966238921357,0.7504702103665593,3.52831337056986,-0.3410039863163017,2.284989204513621,-0.7316295583453882,2.481636533755423,-3.5677232867847213,-1.790226067639766
49.0,47.0,1008.0452880859376,-2.7482699592641264,-3.084966238921357,0.7504702103665593,3.528313394448954,-0.3410039863163017,2.284989204513621,-0.7316295583453882,2.481636533755423,-3.5677232867847213,-1.790226067639766
49.0,47.0,1008.0452880859376,-2.7482699592641264,-3.084966238921357,0.7504702103665593,3.52831337056986,-0.3410039863163017,2.284989204513621,-0.7316295583453882,2.481636533755423,-3.5677232867847213,-1.790226067639766
49.0,47.0,1008.0452880859376,-2.7482699592641264,-3.084966238921357,0.7504702103665593,3.528313394448954,-0.3410039863163017,2.284989204513621,-0.7316295583453882,2.481636533755423,-3.5677232867847213,-1.790226067639766
49.0,47.0,1008.0452880859376,-2.7482699592641264,-3.084966238921357,0.7504702103665593,3.528312376029376,-0.3410039863163017,2.284989204513621,-0.7316295583453882,2.481636533755423,-3.5677232867847213,-1.790226067639766
49.0,47.0,1008.0452880859376,-2.7482699592641264,-3.084966238921357,0.7504702103665593,3.528308177539051,-0.3410039863163017,2.284989204513621,-0.7316295583453882,2.481636533755423,-3.5677232867847213,-1.790226067639766
49.0,47.0,1008.0452880859376,-2.7482699592641264,-3.084966238921357,0.7504702103665593,3.528313394448954,-0.3410039863163017,2.284989204513621,-0.7316295583453882,2.481636533755423,-3.5677232867847213,-1.790226067639766
49.0,47.0,1008.0452880859376,-2.7482699592641264,-3.084966238921357,0.7504702103665593,3.52831337056986,-0.3410039863163017,2.284989204513621,-0.7316295583453882,2.481636533755423,-3.5677232867847213,-1.790226067639766
49.0,47.0,1008.0452880859376,-2.7482699592641264,-3.084966238921357,0.7504702103665593,3.5283133787945875,-0.3410039863163017,2.284989204513621,-0.7316295583453882,2.481636533755423,-3.5677233671229858,-1.790226067639766
49.0,47.0,1008.0590209960938,-2.748272075393718,-3.084967717191029,0.7112357132556486,3.896462129938804,-0.3445148924659707,2.279288270229589,-0.7299757529453715,2.481636533755423,-3.500199465243856,-1.790226067639766
49.0,47.0,1008.0590209960938,-2.748272075393718,-3.084967717191029,0.7112357132556486,3.896462129938804,-0.3445148924659707,2.279288270229589,-0.7299757529453715,2.481636533755423,-3.500199465243856,-1.790226067639766
49.0,47.0,1008.072998046875,-2.7453833910620427,-3.084966238921357,0.7504702103665593,3.528313424023608,-0.3410039863163017,2.284989204513621,-0.7316295583453882,2.481636533755423,-3.567723340015626,-1.790226067639766
49.0,47.0,1008.0842895507812,-2.7482699592641264,-3.084966238921357,0.7504748746721358,3.5283082085304014,-0.3410318840169998,2.284989204513621,-0.7298850750343777,2.481636533755423,-3.5675334966894168,-1.790226067639766
49.0,47.0,1008.0867309570312,-2.7482720904771023,-3.084653294244357,0.7102308940952179,3.896461640498524,-0.3444497073415078,2.284815986081969,-0.7294607687774879,2.481636533755423,-3.500199465243856,-1.790226067639766
49.0,47.0,1008.0899658203124,-2.7482699592641264,-3.084966238921357,0.7104386088864985,3.896462129938804,-0.3446353402784938,2.284986255201144,-0.7291920274010574,2.481636533755423,-3.500199465243856,-1.790226067639766
49.0,47.0,1008.1017456054688,-2.748280069545425,-3.084966238921357,0.7104386088864985,3.896462129938804,-0.3448699316618258,2.284989204513621,-0.7294978008182228,2.481636533755423,-3.500199465243856,-1.790226067639766
49.0,47.0,1008.1026000976562,-2.7482699592641264,-3.084966238921357,0.7104386088864985,3.896462129938804,-0.3446353402784938,2.284989204513621,-0.7294978008182228,2.481636533755423,-3.500199465243856,-1.790226067639766
49.0,47.0,1008.1026000976562,-2.7482699616022885,-3.084966238921357,0.7104386088864985,3.896462129938804,-0.3446353402784938,2.284989204513621,-0.7294978008182228,2.481636533755423,-3.500199465243856,-1.790226067639766
49.0,47.0,1008.1054077148438,-2.7482699592641264,-3.084966238921357,0.7504702103665593,3.5283082085304014,-0.3410039863163017,2.284989204513621,-0.7298850750343777,2.481636533755423,-3.5678201349093177,-1.790226067639766
49.0,47.0,1008.1054077148438,-2.7482699592641264,-3.084966238921357,0.7504702103665593,3.5283082085304014,-0.3410039863163017,2.284989204513621,-0.7298850750343777,2.481636533755423,-3.5678201349093177,-1.790226067639766
49.0,47.0,1008.1054077148438,-2.7482699592641264,-3.084966238921357,0.7504702103665593,3.528313379065541,-0.3410039863163017,2.284989204513621,-0.7298850750343777,2.481636533755423,-3.5678201349093177,-1.790226067639766
49.0,47.0,1008.1054077148438,-2.7482699592641264,-3.084966238921357,0.7504702103665593,3.528313425440305,-0.3410039863163017,2.284989204513621,-0.7298850750343777,2.481636533755423,-3.5678201349093177,-1.790226067639766
49.0,47.0,1008.1054077148438,-2.7482699592641264,-3.084966238921357,0.7504702103665593,3.528313425440305,-0.3410039863163017,2.284989204513621,-0.7298850750343777,2.481636533755423,-3.5678201349093177,-1.790226067639766
49.0,47.0,1008.1075439453124,-2.7482720904771023,-3.084653294244357,0.7112357132556486,3.896462129938804,-0.344448284311858,2.284815986081969,-0.7291948275380116,2.481636533755423,-3.500199465243856,-1.790226067639766
49.0,47.0,1008.11328125,-2.7487778745628413,-3.084959417089667,0.7112357132556486,3.8964625600428944,-0.344448284311858,2.284811170556468,-0.7291948275380116,2.481636533755423,-3.500199465243856,-1.790226067639766
49.0,47.0,1008.1197509765624,-2.7482699592641264,-3.084966238921357,0.7504702103665593,3.5283144268276936,-0.3410039863163017,2.284989204513621,-0.731669156119078,2.481636533755423,-3.568751315102336,-1.790226067639766
49.0,47.0,1008.1197509765624,-2.7482699592641264,-3.084966238921357,0.7504702103665593,3.5283144268276936,-0.3410039863163017,2.284989204513621,-0.731669156119078,2.481636533755423,-3.568751315102336,-1.790226067639766
49.0,47.0,1008.1197509765624,-2.7482699592641264,-3.084966238921357,0.7504702103665593,3.5283144268276936,-0.3410039863163017,2.284989204513621,-0.731669156119078,2.481636533755423,-3.568751315102336,-1.790226067639766
49.0,47.0,1008.1197509765624,-2.7482699592641264,-3.084966238921357,0.7504702103665593,3.5283144268276936,-0.3410039863163017,2.284989204513621,-0.731669156119078,2.481636533755423,-3.568751315102336,-1.790226067639766
49.0,47.0,1008.1209106445312,-2.7482699592641264,-3.084966238921357,0.7504702103665593,3.528313394448954,-0.3410039863163017,2.284989204513621,-0.7316295583453882,2.481636533755423,-3.5687498448747266,-1.790226067639766
49.0,47.0,1008.1209106445312,-2.7482699592641264,-3.084966238921357,0.7504702103665593,3.528313394448954,-0.3410039863163017,2.284989204513621,-0.7316295583453882,2.481636533755423,-3.5687498075249984,-1.790226067639766
49.0,47.0,1008.1209106445312,-2.7482699592641264,-3.084966238921357,0.7504702103665593,3.528308223913815,-0.3410039863163017,2.284989204513621,-0.7316295583453882,2.481636533755423,-3.5687498448747266,-1.790226067639766
49.0,47.0,1008.1209106445312,-2.7482699592641264,-3.084966238921357,0.7504702103665593,3.528313394448954,-0.3410039863163017,2.284989204513621,-0.7316295583453882,2.481636533755423,-3.5687498075249984,-1.790226067639766
49.0,47.0,1008.1209106445312,-2.7482699592641264,-3.084966238921357,0.7504702103665593,3.528313394448954,-0.3410039863163017,2.284989204513621,-0.7316295583453882,2.481636533755423,-3.5687498448747266,-1.790226067639766
49.0,47.0,1008.1209716796876,-2.7482699592641264,-3.084966238921357,0.7504702103665593,3.528313394448954,-0.3410039863163017,2.284989204513621,-0.7316295583453882,2.481636533755423,-3.568751315102336,-1.790226067639766
49.0,47.0,1008.1209716796876,-2.7482699592641264,-3.084966238921357,0.7504702103665593,3.528313394448954,-0.3410039863163017,2.284989204513621,-0.7316295583453882,2.481636533755423,-3.568751315102336,-1.790226067639766
49.0,47.0,1008.1209716796876,-2.7482699592641264,-3.084966238921357,0.7504702103665593,3.528313394448954,-0.3410039863163017,2.284989204513621,-0.7316295583453882,2.481636533755423,-3.568751315102336,-1.790226067639766
49.0,47.0,1008.1209716796876,-2.7482699592641264,-3.084966238921357,0.7504702103665593,3.528313394448954,-0.3410039863163017,2.284989204513621,-0.7316295583453882,2.481636533755423,-3.568751315102336,-1.790226067639766
49.0,47.0,1008.1209716796876,-2.7482699592641264,-3.084966238921357,0.7504702103665593,3.528313394448954,-0.3410039863163017,2.284989204513621,-0.7316295583453882,2.481636533755423,-3.568751352452064,-1.790226067639766
49.0,47.0,1008.1209716796876,-2.7482699592641264,-3.084966238921357,0.7504702103665593,3.528313306610636,-0.3410039863163017,2.284989204513621,-0.7316295583453882,2.481636533755423,-3.568751315102336,-1.790226067639766
49.0,48.0,1007.6197509765624,-2.7482699592641264,-3.084966238921357,0.750844666386884,3.512572147923489,-0.3878594973234883,2.459119423782738,-0.7316277129809543,2.481636533755423,-3.568751315102336,-1.790226067639766
49.0,48.0,1007.7047119140624,-2.7482699592641264,-3.084966238921357,0.7103123819438212,3.5125819419334987,-0.3878594973234883,2.459119423782738,-0.7316277034243964,2.481636533755423,-3.568751315102336,-1.790226067639766
49.0,48.0,1007.7047119140624,-2.7482699592641264,-3.084966238921357,0.7103123819438212,3.5125819419334987,-0.3878594973234883,2.459119423782738,-0.7316277034243964,2.481636533755423,-3.568751315102336,-1.790226067639766
49.0,48.0,1007.7755126953124,-2.7482699592641264,-3.084966238921357,0.7504702103665593,3.528313394448954,-0.3410039863163017,2.284989204513621,-0.7407360428414014,2.481636533755423,-3.5677232867847213,-1.790226067639766
49.0,48.0,1007.7755126953124,-2.7482699592641264,-3.084966238921357,0.7504702103665593,3.528313394265864,-0.3410039863163017,2.284989204513621,-0.7407360428414014,2.481636533755423,-3.5677232867847213,-1.790226067639766
49.0,48.0,1007.7755126953124,-2.7482699592641264,-3.084966238921357,0.7504702103665593,3.528313394448954,-0.3410039863163017,2.284989204513621,-0.7407360428414014,2.481636533755423,-3.5677232867847213,-1.790226067639766
49.0,48.0,1007.785888671875,-2.7482699592641264,-3.084966238921357,0.7504702103665593,3.528313394442559,-0.3410039863163017,2.284989204513621,-0.7403642587695182,2.481636533755423,-3.5677232867847213,-1.790226067639766
49.0,48.0,1007.79052734375,-2.7482699592641264,-3.084966238921357,0.7504702103665593,3.528313394448954,-0.3410039863163017,2.284989204513621,-0.7401987373236647,2.481636533755423,-3.5677232867847213,-1.790226067639766
49.0,48.0,1007.7948608398438,-2.7482699592641264,-3.084966238921357,0.7504702103665593,3.528313394448954,-0.3410039863163017,2.284989204513621,-0.740045428257641,2.481636533755423,-3.5677232867847213,-1.790226067639766
49.0,48.0,1007.9054565429688,-2.7482699592641264,-3.084966238921357,0.7504702103665593,3.528313394448954,-0.3410039863163017,2.284989204513621,-0.7316295583453882,2.4749991510699147,-3.567701589438804,-1.790226067639766
49.0,48.0,1008.0397338867188,-2.7482704033008245,-3.084966238921357,0.7504702103665593,3.52831431410279,-0.340999198193357,2.284989204513621,-0.7316295583453882,2.481636533755423,-3.5676468980447464,-1.790226067639766
49.0,48.0,1008.041015625,-2.7482699592641264,-3.084966238921357,0.7504702103665593,3.52831339176301,-0.3410039863163017,2.284989204513621,-0.7316295583453882,2.481636533755423,-3.567664090772489,-1.790226067639766
49.0,48.0,1008.0452270507812,-2.7482699592641264,-3.084966238921357,0.7504702103665593,3.52831337056986,-0.3410039863163017,2.284989204513621,-0.7316307980484807,2.481636533755423,-3.5677232867847213,-1.790226067639766
49.0,48.0,1008.0452270507812,-2.7482699592641264,-3.084966238921357,0.7504702103665593,3.5283133938812004,-0.3410039863163017,2.284989204513621,-0.7316307980484807,2.481636533755423,-3.5677232867847213,-1.790226067639766
49.0,48.0,1008.0452270507812,-2.7482699592641264,-3.084966238921357,0.7504702103665593,3.5283133699300167,-0.3410039863163017,2.284989204513621,-0.7316307980484807,2.481636533755423,-3.5677232846573905,-1.790226067639766
49.0,48.0,1008.0452880859376,-2.7482699592641264,-3.084966238921357,0.7504702103665593,3.528313394448954,-0.3410039863163017,2.284989204513621,-0.7316295583453882,2.481636533755423,-3.5677232867847213,-1.790226067639766
49.0,48.0,1008.0452880859376,-2.7482699592641264,-3.084966238921357,0.7504702103665593,3.52831337056986,-0.3410039863163017,2.284989204513621,-0.7316295583453882,2.481636533755423,-3.5677232867847213,-1.790226067639766
49.0,48.0,1008.0452880859376,-2.7482699592641264,-3.084966238921357,0.7504702103665593,3.528313394448954,-0.3410039863163017,2.284989204513621,-0.7316295583453882,2.481636533755423,-3.5677232867847213,-1.790226067639766
49.0,48.0,1008.0452880859376,-2.7482699592641264,-3.084966238921357,0.7504702103665593,3.52831337056986,-0.3410039863163017,2.284989204513621,-0.7316295583453882,2.481636533755423,-3.5677232867847213,-1.790226067639766
49.0,48.0,1008.0452880859376,-2.7482699592641264,-3.084966238921357,0.7504702103665593,3.528313394448954,-0.3410039863163017,2.284989204513621,-0.7316295583453882,2.481636533755423,-3.5677232867847213,-1.790226067639766
49.0,48.0,1008.0452880859376,-2.7482699592641264,-3.084966238921357,0.7504702103665593,3.528312376029376,-0.3410039863163017,2.284989204513621,-0.7316295583453882,2.481636533755423,-3.5677232867847213,-1.790226067639766
49.0,48.0,1008.0452880859376,-2.7482699592641264,-3.084966238921357,0.7504702103665593,3.528308177539051,-0.3410039863163017,2.284989204513621,-0.7316295583453882,2.481636533755423,-3.5677232867847213,-1.790226067639766
49.0,48.0,1008.0452880859376,-2.7482699592641264,-3.084966238921357,0.7504702103665593,3.528313394448954,-0.3410039863163017,2.284989204513621,-0.7316295583453882,2.481636533755423,-3.5677232867847213,-1.790226067639766
49.0,48.0,1008.0452880859376,-2.7482699592641264,-3.084966238921357,0.7504702103665593,3.52831337056986,-0.3410039863163017,2.284989204513621,-0.7316295583453882,2.481636533755423,-3.5677232867847213,-1.790226067639766
49.0,48.0,1008.0452880859376,-2.7482699592641264,-3.084966238921357,0.7504702103665593,3.5283133787945875,-0.3410039863163017,2.284989204513621,-0.7316295583453882,2.481636533755423,-3.5677233671229858,-1.790226067639766
49.0,48.0,1008.0452880859376,-2.7482699592641264,-3.084966238921357,0.7504702103665593,3.528313379434431,-0.3410039863163017,2.284989204513621,-0.7316295583453882,2.481636533755423,-3.567723369250316,-1.790226067639766
49.0,48.0,1008.0452880859376,-2.7482699592641264,-3.084966238921357,0.7504702103665593,3.5283133787945875,-0.3410039863163017,2.284989204513621,-0.7316295583453882,2.481636533755423,-3.5677232822658755,-1.790226067639766
49.0,48.0,1008.0452880859376,-2.7482699592641264,-3.084966238921357,0.7504702103665593,3.528312376029376,-0.3410039863163017,2.284989204513621,-0.7316295583453882,2.481636533755423,-3.5677232867847213,-1.790226067639766
49.0,48.0,1008.0590209960938,-2.748272075393718,-3.084967717191029,0.7112357132556486,3.896462129938804,-0.3445148924659707,2.279288270229589,-0.7299757529453715,2.481636533755423,-3.500199465243856,-1.790226067639766
49.0,48.0,1008.0590209960938,-2.748272075393718,-3.084967717191029,0.7112357132556486,3.896462129938804,-0.3445148924659707,2.279288270229589,-0.7299757529453715,2.481636533755423,-3.500199465243856,-1.790226067639766
49.0,48.0,1008.072998046875,-2.7453833910620427,-3.084966238921357,0.7504702103665593,3.528313424023608,-0.3410039863163017,2.284989204513621,-0.7316295583453882,2.481636533755423,-3.567723340015626,-1.790226067639766
49.0,48.0,1008.072998046875,-2.7453833910620427,-3.084966238921357,0.7504702103665593,3.528313424023608,-0.3410039863163017,2.284989204513621,-0.7316295583453882,2.481636533755423,-3.567723340015626,-1.790226067639766
49.0,48.0,1008.0842895507812,-2.7482699592641264,-3.084966238921357,0.7504748746721358,3.5283082085304014,-0.3410318840169998,2.284989204513621,-0.7298850750343777,2.481636533755423,-3.5675334966894168,-1.790226067639766
49.0,48.0,1008.0867309570312,-2.7482720904771023,-3.084653294244357,0.7102308940952179,3.896461640498524,-0.3444497073415078,2.284815986081969,-0.7294607687774879,2.481636533755423,-3.500199465243856,-1.790226067639766
49.0,48.0,1008.0899658203124,-2.7482699592641264,-3.084966238921357,0.7104386088864985,3.896462129938804,-0.3446353402784938,2.284986255201144,-0.7291920274010574,2.481636533755423,-3.500199465243856,-1.790226067639766
49.0,48.0,1008.1017456054688,-2.748280069545425,-3.084966238921357,0.7104386088864985,3.896462129938804,-0.3448699316618258,2.284989204513621,-0.7294978008182228,2.481636533755423,-3.500199465243856,-1.790226067639766
49.0,48.0,1008.1026000976562,-2.7482699592641264,-3.084966238921357,0.7104386088864985,3.896462129938804,-0.3446353402784938,2.284989204513621,-0.7294978008182228,2.481636533755423,-3.500199465243856,-1.790226067639766
49.0,48.0,1008.1026000976562,-2.7482699616022885,-3.084966238921357,0.7104386088864985,3.896462129938804,-0.3446353402784938,2.284989204513621,-0.7294978008182228,2.481636533755423,-3.500199465243856,-1.790226067639766
49.0,48.0,1008.1054077148438,-2.7482699592641264,-3.084966238921357,0.7504702103665593,3.5283082085304014,-0.3410039863163017,2.284989204513621,-0.7298850750343777,2.481636533755423,-3.5678201349093177,-1.790226067639766
49.0,48.0,1008.1054077148438,-2.7482699592641264,-3.084966238921357,0.7504702103665593,3.5283082085304014,-0.3410039863163017,2.284989204513621,-0.7298850750343777,2.481636533755423,-3.5678201349093177,-1.790226067639766
49.0,48.0,1008.1054077148438,-2.7482699592641264,-3.084966238921357,0.7504702103665593,3.528313379065541,-0.3410039863163017,2.284989204513621,-0.7298850750343777,2.481636533755423,-3.5678201349093177,-1.790226067639766
49.0,48.0,1008.1054077148438,-2.7482699592641264,-3.084966238921357,0.7504702103665593,3.528313425440305,-0.3410039863163017,2.284989204513621,-0.7298850750343777,2.481636533755423,-3.5678201349093177,-1.790226067639766
49.0,48.0,1008.1054077148438,-2.7482699592641264,-3.084966238921357,0.7504702103665593,3.528313425440305,-0.3410039863163017,2.284989204513621,-0.7298850750343777,2.481636533755423,-3.5678201349093177,-1.790226067639766
49.0,48.0,1008.1075439453124,-2.7482720904771023,-3.084653294244357,0.7112357132556486,3.896462129938804,-0.344448284311858,2.284815986081969,-0.7291948275380116,2.481636533755423,-3.500199465243856,-1.790226067639766
49.0,48.0,1008.11328125,-2.7487778745628413,-3.084959417089667,0.7112357132556486,3.8964625600428944,-0.344448284311858,2.284811170556468,-0.7291948275380116,2.481636533755423,-3.500199465243856,-1.790226067639766
49.0,48.0,1008.1197509765624,-2.7482699592641264,-3.084966238921357,0.7504702103665593,3.5283144268276936,-0.3410039863163017,2.284989204513621,-0.731669156119078,2.481636533755423,-3.568751315102336,-1.790226067639766
49.0,48.0,1008.1197509765624,-2.7482699592641264,-3.084966238921357,0.7504702103665593,3.5283144268276936,-0.3410039863163017,2.284989204513621,-0.731669156119078,2.481636533755423,-3.568751315102336,-1.790226067639766
49.0,48.0,1008.1197509765624,-2.7482699592641264,-3.084966238921357,0.7504702103665593,3.5283144268276936,-0.3410039863163017,2.284989204513621,-0.731669156119078,2.481636533755423,-3.568751315102336,-1.790226067639766
49.0,48.0,1008.1197509765624,-2.7482699592641264,-3.084966238921357,0.7504702103665593,3.5283144268276936,-0.3410039863163017,2.284989204513621,-0.731669156119078,2.481636533755423,-3.568751315102336,-1.790226067639766
49.0,48.0,1008.1209106445312,-2.7482699592641264,-3.084966238921357,0.7504702103665593,3.528313394448954,-0.3410039863163017,2.284989204513621,-0.7316295583453882,2.481636533755423,-3.5687498448747266,-1.790226067639766
49.0,49.0,1007.6197509765624,-2.7482699592641264,-3.084966238921357,0.750844666386884,3.512572147923489,-0.3878594973234883,2.459119423782738,-0.7316277129809543,2.481636533755423,-3.568751315102336,-1.790226067639766
49.0,49.0,1007.7012939453124,-2.74826996036287,-3.084966238921357,0.7504702103665593,3.52831339176301,-0.3409991174979654,2.284989204513621,-0.7433446845068106,2.481636533755423,-3.567646358433897,-1.790226067639766
49.0,49.0,1007.7047119140624,-2.7482699592641264,-3.084966238921357,0.7103123819438212,3.5125819419334987,-0.3878594973234883,2.459119423782738,-0.7316277034243964,2.481636533755423,-3.568751315102336,-1.790226067639766
49.0,49.0,1007.7047119140624,-2.7482699592641264,-3.084966238921357,0.7103123819438212,3.5125819419334987,-0.3878594973234883,2.459119423782738,-0.7316277034243964,2.481636533755423,-3.568751315102336,-1.790226067639766
49.0,49.0,1007.7047119140624,-2.7482699592641264,-3.084966238921357,0.7103123819438212,3.5125819419334987,-0.3878594973234883,2.459119423782738,-0.7316277034243964,2.481636533755423,-3.568751315102336,-1.790226067639766
49.0,49.0,1007.7755126953124,-2.7482699592641264,-3.084966238921357,0.7504702103665593,3.528313394448954,-0.3410039863163017,2.284989204513621,-0.7407360428414014,2.481636533755423,-3.5677232867847213,-1.790226067639766
49.0,49.0,1007.7755126953124,-2.7482699592641264,-3.084966238921357,0.7504702103665593,3.528313394265864,-0.3410039863163017,2.284989204513621,-0.7407360428414014,2.481636533755423,-3.5677232867847213,-1.790226067639766
49.0,49.0,1007.7755126953124,-2.7482699592641264,-3.084966238921357,0.7504702103665593,3.528313394448954,-0.3410039863163017,2.284989204513621,-0.7407360428414014,2.481636533755423,-3.5677232867847213,-1.790226067639766
49.0,49.0,1007.785888671875,-2.7482699592641264,-3.084966238921357,0.7504702103665593,3.528313394442559,-0.3410039863163017,2.284989204513621,-0.7403642587695182,2.481636533755423,-3.5677232867847213,-1.790226067639766
49.0,49.0,1007.785888671875,-2.7482699592641264,-3.084966238921357,0.7504702103665593,3.528313394442559,-0.3410039863163017,2.284989204513621,-0.7403642587695182,2.481636533755423,-3.5677232867847213,-1.790226067639766
49.0,49.0,1007.79052734375,-2.7482699592641264,-3.084966238921357,0.7504702103665593,3.528313394448954,-0.3410039863163017,2.284989204513621,-0.7401987373236647,2.481636533755423,-3.5677232867847213,-1.790226067639766
49.0,49.0,1007.7948608398438,-2.7482699592641264,-3.084966238921357,0.7504702103665593,3.528313394448954,-0.3410039863163017,2.284989204513621,-0.740045428257641,2.481636533755423,-3.5677232867847213,-1.790226067639766
49.0,49.0,1007.9054565429688,-2.7482699592641264,-3.084966238921357,0.7504702103665593,3.528313394448954,-0.3410039863163017,2.284989204513621,-0.7316295583453882,2.4749991510699147,-3.567701589438804,-1.790226067639766
49.0,49.0,1007.9058837890624,-2.7482699592641264,-3.084966238921357,0.7504702103665593,3.528313395286065,-0.3410039863163017,2.284989204513621,-0.7316295191884049,2.474947754015758,-3.567723140504718,-1.790226067639766
49.0,49.0,1007.98095703125,-2.745375752086428,-3.084966238921357,0.7103123819438212,3.5125819419334987,-0.3403624615555367,2.459119423782738,-0.7316277034243964,2.481636533755423,-3.568751315102336,-1.790226067639766
49.0,49.0,1008.0313110351562,-2.748269959306423,-3.084966238921357,0.7514765820209232,3.528312376029376,-0.3410039863163017,2.284989204513621,-0.7295207463154725,2.481636533755423,-3.5677232867847213,-1.790226067639766
49.0,49.0,1008.0397338867188,-2.7482704033008245,-3.084966238921357,0.7504702103665593,3.52831431410279,-0.340999198193357,2.284989204513621,-0.7316295583453882,2.481636533755423,-3.5676468980447464,-1.790226067639766
49.0,49.0,1008.041015625,-2.7482699592641264,-3.084966238921357,0.7504702103665593,3.52831339176301,-0.3410039863163017,2.284989204513621,-0.7316295583453882,2.481636533755423,-3.567664090772489,-1.790226067639766
49.0,49.0,1008.0450439453124,-2.7482699592641264,-3.084966238921357,0.7504702103665593,3.528313369092906,-0.3410039863163017,2.284989204513621,-0.7316308372054642,2.48168793080958,-3.567701733591476,-1.790226067639766
49.0,49.0,1008.0451049804688,-2.7482699592641264,-3.084966238921357,0.7504702103665593,3.5283146801706584,-0.3410039863163017,2.284989204513621,-0.7316295583453882,2.481636533755423,-3.567721243657738,-1.790226067639766
49.0,49.0,1008.0452270507812,-2.7482699592641264,-3.084966238921357,0.7504702103665593,3.52831337056986,-0.3410039863163017,2.284989204513621,-0.7316307980484807,2.481636533755423,-3.5677232867847213,-1.790226067639766
49.0,49.0,1008.0452270507812,-2.7482699592641264,-3.084966238921357,0.7504702103665593,3.5283133938812004,-0.3410039863163017,2.284989204513621,-0.7316307980484807,2.481636533755423,-3.5677232867847213,-1.790226067639766
49.0,49.0,1008.0452270507812,-2.7482699592641264,-3.084966238921357,0.7504702103665593,3.5283133699300167,-0.3410039863163017,2.284989204513621,-0.7316307980484807,2.481636533755423,-3.5677232846573905,-1.790226067639766
49.0,49.0,1008.0452270507812,-2.7482699592641264,-3.084966238921357,0.7504702103665593,3.52831337056986,-0.3410039863163017,2.284989204513621,-0.7316307980484807,2.481636533755423,-3.5677232867847213,-1.790226067639766
49.0,49.0,1008.0452270507812,-2.7482699592641264,-3.084966238921357,0.7504702103665593,3.52831337056986,-0.3410039863163017,2.284989204513621,-0.7316307980484807,2.481636533755423,-3.5677232867847213,-1.790226067639766
49.0,49.0,1008.0452880859376,-2.7482699592641264,-3.084966238921357,0.7504702103665593,3.528313394448954,-0.3410039863163017,2.284989204513621,-0.7316295583453882,2.481636533755423,-3.5677232867847213,-1.790226067639766
49.0,49.0,1008.0452880859376,-2.7482699592641264,-3.084966238921357,0.7504702103665593,3.52831337056986,-0.3410039863163017,2.284989204513621,-0.7316295583453882,2.481636533755423,-3.5677232867847213,-1.790226067639766
49.0,49.0,1008.0452880859376,-2.7482699592641264,-3.084966238921357,0.7504702103665593,3.528313394448954,-0.3410039863163017,2.284989204513621,-0.7316295583453882,2.481636533755423,-3.5677232867847213,-1.790226067639766
49.0,49.0,1008.0452880859376,-2.7482699592641264,-3.084966238921357,0.7504702103665593,3.52831337056986,-0.3410039863163017,2.284989204513621,-0.7316295583453882,2.481636533755423,-3.5677232867847213,-1.790226067639766
49.0,49.0,1008.0452880859376,-2.7482699592641264,-3.084966238921357,0.7504702103665593,3.528313394448954,-0.3410039863163017,2.284989204513621,-0.7316295583453882,2.481636533755423,-3.5677232867847213,-1.790226067639766
49.0,49.0,1008.0452880859376,-2.7482699592641264,-3.084966238921357,0.7504702103665593,3.528312376029376,-0.3410039863163017,2.284989204513621,-0.7316295583453882,2.481636533755423,-3.5677232867847213,-1.790226067639766
49.0,49.0,1008.0452880859376,-2.7482699592641264,-3.084966238921357,0.7504702103665593,3.528308177539051,-0.3410039863163017,2.284989204513621,-0.7316295583453882,2.481636533755423,-3.5677232867847213,-1.790226067639766
49.0,49.0,1008.0452880859376,-2.7482699592641264,-3.084966238921357,0.7504702103665593,3.528313394448954,-0.3410039863163017,2.284989204513621,-0.7316295583453882,2.481636533755423,-3.5677232867847213,-1.790226067639766
49.0,49.0,1008.0452880859376,-2.7482699592641264,-3.084966238921357,0.7504702103665593,3.52831337056986,-0.3410039863163017,2.284989204513621,-0.7316295583453882,2.481636533755423,-3.5677232867847213,-1.790226067639766
49.0,49.0,1008.0452880859376,-2.7482699592641264,-3.084966238921357,0.7504702103665593,3.5283133787945875,-0.3410039863163017,2.284989204513621,-0.7316295583453882,2.481636533755423,-3.5677233671229858,-1.790226067639766
49.0,49.0,1008.0452880859376,-2.7482699592641264,-3.084966238921357,0.7504702103665593,3.528313379434431,-0.3410039863163017,2.284989204513621,-0.7316295583453882,2.481636533755423,-3.567723369250316,-1.790226067639766
49.0,49.0,1008.0452880859376,-2.7482699592641264,-3.084966238921357,0.7504702103665593,3.5283133787945875,-0.3410039863163017,2.284989204513621,-0.7316295583453882,2.481636533755423,-3.5677232822658755,-1.790226067639766
49.0,49.0,1008.0452880859376,-2.7482699592641264,-3.084966238921357,0.7504702103665593,3.528312376029376,-0.3410039863163017,2.284989204513621,-0.7316295583453882,2.481636533755423,-3.5677232867847213,-1.790226067639766
49.0,49.0,1008.0452880859376,-2.7482699592641264,-3.084966238921357,0.7504702103665593,3.5283133771672484,-0.3410039863163017,2.284989204513621,-0.7316295583453882,2.481636533755423,-3.5677232822658755,-1.790226067639766
49.0,49.0,1008.0452880859376,-2.7482699592641264,-3.084966238921357,0.7504702103665593,3.52831337031535,-0.3410039863163017,2.284989204513621,-0.7316295583453882,2.481636533755423,-3.5677232867847213,-1.790226067639766
49.0,49.0,1008.0452880859376,-2.7482699592641264,-3.084966238921357,0.7504702103665593,3.5283133944529497,-0.3410039863163017,2.284989204513621,-0.7316295583453882,2.481636533755423,-3.5677232867847213,-1.790226067639766
49.0,49.0,1008.0452880859376,-2.7482699592641264,-3.084966238921357,0.7504702103665593,3.528313394448954,-0.3410039863163017,2.284989204513621,-0.7316295583453882,2.481636533755423,-3.5677232867847213,-1.790226067639766
49.0,49.0,1008.0452880859376,-2.7482699592641264,-3.084966238921357,0.7504702103665593,3.528313379049097,-0.3410039863163017,2.284989204513621,-0.7316295583453882,2.481636533755423,-3.5677233671229858,-1.790226067639766
49.0,49.0,1008.0452880859376,-2.7482699592641264,-3.084966238921357,0.7504702103665593,3.528313394448954,-0.3410039863163017,2.284989204513621,-0.7316295583453882,2.481636533755423,-3.5677232867847213,-1.790226067639766
49.0,49.0,1008.0590209960938,-2.748272075393718,-3.084967717191029,0.7112357132556486,3.896462129938804,-0.3445148924659707,2.279288270229589,-0.7299757529453715,2.481636533755423,-3.500199465243856,-1.790226067639766
49.0,49.0,1008.0590209960938,-2.748272075393718,-3.084967717191029,0.7112357132556486,3.896462129938804,-0.3445148924659707,2.279288270229589,-0.7299757529453715,2.481636533755423,-3.500199465243856,-1.790226067639766
49.0,49.0,1008.072998046875,-2.7453833910620427,-3.084966238921357,0.7504702103665593,3.528313424023608,-0.3410039863163017,2.284989204513621,-0.7316295583453882,2.481636533755423,-3.567723340015626,-1.790226067639766
49.0,49.0,1008.072998046875,-2.7453833910620427,-3.084966238921357,0.7504702103665593,3.528313424023608,-0.3410039863163017,2.284989204513621,-0.7316295583453882,2.481636533755423,-3.567723340015626,-1.790226067639766
49.0,49.0,1008.0733032226562,-2.7453833910620427,-3.084966238921357,0.7504702103665593,3.528313424023608,-0.3410323927672839,2.284989204513621,-0.7316295583453882,2.481636533755423,-3.567723340015626,-1.790226067639766
49.0,49.0,1008.0842895507812,-2.7482699592641264,-3.084966238921357,0.7504748746721358,3.5283082085304014,-0.3410318840169998,2.284989204513621,-0.7298850750343777,2.481636533755423,-3.5675334966894168,-1.790226067639766
49.0,50.0,1007.6197509765624,-2.7482699592641264,-3.084966238921357,0.750844666386884,3.512572147923489,-0.3878594973234883,2.459119423782738,-0.7316277129809543,2.481636533755423,-3.568751315102336,-1.790226067639766
49.0,50.0,1007.7012939453124,-2.74826996036287,-3.084966238921357,0.7504702103665593,3.52831339176301,-0.3409991174979654,2.284989204513621,-0.7433446845068106,2.481636533755423,-3.567646358433897,-1.790226067639766
49.0,50.0,1007.7047119140624,-2.7482699592641264,-3.084966238921357,0.7103123819438212,3.5125819419334987,-0.3878594973234883,2.459119423782738,-0.7316277034243964,2.481636533755423,-3.568751315102336,-1.790226067639766
49.0,50.0,1007.7047119140624,-2.7482699592641264,-3.084966238921357,0.7103123819438212,3.5125819419334987,-0.3878594973234883,2.459119423782738,-0.7316277034243964,2.481636533755423,-3.568751315102336,-1.790226067639766
49.0,50.0,1007.7047119140624,-2.7482699592641264,-3.084966238921357,0.7103123819438212,3.5125819419334987,-0.3878594973234883,2.459119423782738,-0.7316277034243964,2.481636533755423,-3.568751315102336,-1.790226067639766
49.0,50.0,1007.7755126953124,-2.7482699592641264,-3.084966238921357,0.7504702103665593,3.528313394448954,-0.3410039863163017,2.284989204513621,-0.7407360428414014,2.481636533755423,-3.5677232867847213,-1.790226067639766
49.0,50.0,1007.7755126953124,-2.7482699592641264,-3.084966238921357,0.7504702103665593,3.528313394265864,-0.3410039863163017,2.284989204513621,-0.7407360428414014,2.481636533755423,-3.5677232867847213,-1.790226067639766
49.0,50.0,1007.7755126953124,-2.7482699592641264,-3.084966238921357,0.7504702103665593,3.528313394448954,-0.3410039863163017,2.284989204513621,-0.7407360428414014,2.481636533755423,-3.5677232867847213,-1.790226067639766
49.0,50.0,1007.7798461914062,-2.7482699592641264,-3.084966238921357,0.7504702103665593,3.52831337056986,-0.3410039863163017,2.284989204513621,-0.7405805011017815,2.481636533755423,-3.5677232867847213,-1.790226067639766
49.0,50.0,1007.785888671875,-2.7482699592641264,-3.084966238921357,0.7504702103665593,3.528313394442559,-0.3410039863163017,2.284989204513621,-0.7403642587695182,2.481636533755423,-3.5677232867847213,-1.790226067639766
49.0,50.0,1007.785888671875,-2.7482699592641264,-3.084966238921357,0.7504702103665593,3.528313394442559,-0.3410039863163017,2.284989204513621,-0.7403642587695182,2.481636533755423,-3.5677232867847213,-1.790226067639766
49.0,50.0,1007.785888671875,-2.7482699592641264,-3.084966238921357,0.7504702103665593,3.528313394442559,-0.3410039863163017,2.284989204513621,-0.7403642587695182,2.481636533755423,-3.5677232867847213,-1.790226067639766
49.0,50.0,1007.79052734375,-2.7482699592641264,-3.084966238921357,0.7504702103665593,3.528313394448954,-0.3410039863163017,2.284989204513621,-0.7401987373236647,2.481636533755423,-3.5677232867847213,-1.790226067639766
49.0,50.0,1007.79052734375,-2.7482699592641264,-3.084966238921357,0.7504702103665593,3.528313394448954,-0.3410039863163017,2.284989204513621,-0.7401987373236647,2.481636533755423,-3.5677232867847213,-1.790226067639766
49.0,50.0,1007.7948608398438,-2.7482699592641264,-3.084966238921357,0.7504702103665593,3.528313394448954,-0.3410039863163017,2.284989204513621,-0.740045428257641,2.481636533755423,-3.5677232867847213,-1.790226067639766
49.0,50.0,1007.9054565429688,-2.7482699592641264,-3.084966238921357,0.7504702103665593,3.528313394448954,-0.3410039863163017,2.284989204513621,-0.7316295583453882,2.4749991510699147,-3.567701589438804,-1.790226067639766
49.0,50.0,1007.9054565429688,-2.7482699592641264,-3.084966238921357,0.7504702103665593,3.528313394448954,-0.3410039863163017,2.284989204513621,-0.7316295583453882,2.4749991510699147,-3.567701589438804,-1.790226067639766
49.0,50.0,1007.9058837890624,-2.7482699592641264,-3.084966238921357,0.7504702103665593,3.528313395286065,-0.3410039863163017,2.284989204513621,-0.7316295191884049,2.474947754015758,-3.567723140504718,-1.790226067639766
49.0,50.0,1007.910400390625,-2.7482699592641264,-3.084966238921357,0.7504702103665593,3.5283133699300167,-0.3410039863163017,2.284989204513621,-0.7316308038885038,2.475254826396203,-3.5677232846573905,-1.790226067639766
49.0,50.0,1007.98095703125,-2.745375752086428,-3.084966238921357,0.7103123819438212,3.5125819419334987,-0.3403624615555367,2.459119423782738,-0.7316277034243964,2.481636533755423,-3.568751315102336,-1.790226067639766
49.0,50.0,1008.0166015625,-2.7482699592641264,-3.084966238921357,0.750841636057805,3.528313369092906,-0.3410039863163017,2.284989204513621,-0.7316277823074068,2.48168793080958,-3.567701733591476,-1.790226067639766
49.0,50.0,1008.018798828125,-2.7482699592641264,-3.084966238921357,0.7485832517118705,3.527928742941789,-0.3878594973234883,2.4624343066061027,-0.7316277034243964,2.481636533755423,-3.5677368909143574,-1.790226067639766
49.0,50.0,1008.0223388671876,-2.7482699592641264,-3.084966238921357,0.7504702103665593,3.52853041595072,-0.3421509860487996,2.284989204513621,-0.7327752165552694,2.481636533755423,-3.5677232867847213,-1.790226067639766
49.0,50.0,1008.0313110351562,-2.748269959306423,-3.084966238921357,0.7514765820209232,3.528312376029376,-0.3410039863163017,2.284989204513621,-0.7295207463154725,2.481636533755423,-3.5677232867847213,-1.790226067639766
49.0,50.0,1008.0397338867188,-2.7482704033008245,-3.084966238921357,0.7504702103665593,3.52831431410279,-0.340999198193357,2.284989204513621,-0.7316295583453882,2.481636533755423,-3.5676468980447464,-1.790226067639766
49.0,50.0,1008.04052734375,-2.7482699592641264,-3.084966238921357,0.7504702103665593,3.528313394448954,-0.3410039863163017,2.284989204513621,-0.7317863397881007,2.481636533755423,-3.5677232867847213,-1.790226067639766
49.0,50.0,1008.041015625,-2.7482699592641264,-3.084966238921357,0.7504702103665593,3.52831339176301,-0.3410039863163017,2.284989204513621,-0.7316295583453882,2.481636533755423,-3.567664090772489,-1.790226067639766
49.0,50.0,1008.041015625,-2.7482699592641264,-3.084966238921357,0.7504702103665593,3.52831339176301,-0.3410039863163017,2.284989204513621,-0.7316295583453882,2.481636533755423,-3.5676645811076497,-1.790226067639766
49.0,50.0,1008.0450439453124,-2.7482699592641264,-3.084966238921357,0.7504702103665593,3.528313369092906,-0.3410039863163017,2.284989204513621,-0.7316308372054642,2.48168793080958,-3.567701733591476,-1.790226067639766
49.0,50.0,1008.0451049804688,-2.7482699592641264,-3.084966238921357,0.7504702103665593,3.5283146801706584,-0.3410039863163017,2.284989204513621,-0.7316295583453882,2.481636533755423,-3.567721243657738,-1.790226067639766
49.0,50.0,1008.0451049804688,-2.7482699592641264,-3.084966238921357,0.7504702103665593,3.5283146801706584,-0.3410039863163017,2.284989204513621,-0.7316295583453882,2.481636533755423,-3.567721243657738,-1.790226067639766
49.0,50.0,1008.0452270507812,-2.7482699592641264,-3.084966238921357,0.7504702103665593,3.52831337056986,-0.3410039863163017,2.284989204513621,-0.7316307980484807,2.481636533755423,-3.5677232867847213,-1.790226067639766
49.0,50.0,1008.0452270507812,-2.7482699592641264,-3.084966238921357,0.7504702103665593,3.5283133938812004,-0.3410039863163017,2.284989204513621,-0.7316307980484807,2.481636533755423,-3.5677232867847213,-1.790226067639766
49.0,50.0,1008.0452270507812,-2.7482699592641264,-3.084966238921357,0.7504702103665593,3.5283133699300167,-0.3410039863163017,2.284989204513621,-0.7316307980484807,2.481636533755423,-3.5677232846573905,-1.790226067639766
49.0,50.0,1008.0452270507812,-2.7482699592641264,-3.084966238921357,0.7504702103665593,3.52831337056986,-0.3410039863163017,2.284989204513621,-0.7316307980484807,2.481636533755423,-3.5677232867847213,-1.790226067639766
49.0,50.0,1008.0452270507812,-2.7482699592641264,-3.084966238921357,0.7504702103665593,3.52831337056986,-0.3410039863163017,2.284989204513621,-0.7316307980484807,2.481636533755423,-3.5677232867847213,-1.790226067639766
49.0,50.0,1008.0452880859376,-2.7482699592641264,-3.084966238921357,0.7504702103665593,3.528313394448954,-0.3410039863163017,2.284989204513621,-0.7316295583453882,2.481636533755423,-3.5677232867847213,-1.790226067639766
49.0,50.0,1008.0452880859376,-2.7482699592641264,-3.084966238921357,0.7504702103665593,3.52831337056986,-0.3410039863163017,2.284989204513621,-0.7316295583453882,2.481636533755423,-3.5677232867847213,-1.790226067639766
49.0,50.0,1008.0452880859376,-2.7482699592641264,-3.084966238921357,0.7504702103665593,3.528313394448954,-0.3410039863163017,2.284989204513621,-0.7316295583453882,2.481636533755423,-3.5677232867847213,-1.790226067639766
49.0,50.0,1008.0452880859376,-2.7482699592641264,-3.084966238921357,0.7504702103665593,3.52831337056986,-0.3410039863163017,2.284989204513621,-0.7316295583453882,2.481636533755423,-3.5677232867847213,-1.790226067639766
49.0,50.0,1008.0452880859376,-2.7482699592641264,-3.084966238921357,0.7504702103665593,3.528313394448954,-0.3410039863163017,2.284989204513621,-0.7316295583453882,2.481636533755423,-3.5677232867847213,-1.790226067639766
49.0,50.0,1008.0452880859376,-2.7482699592641264,-3.084966238921357,0.7504702103665593,3.528312376029376,-0.3410039863163017,2.284989204513621,-0.7316295583453882,2.481636533755423,-3.5677232867847213,-1.790226067639766
49.0,50.0,1008.0452880859376,-2.7482699592641264,-3.084966238921357,0.7504702103665593,3.528308177539051,-0.3410039863163017,2.284989204513621,-0.7316295583453882,2.481636533755423,-3.5677232867847213,-1.790226067639766
49.0,50.0,1008.0452880859376,-2.7482699592641264,-3.084966238921357,0.7504702103665593,3.528313394448954,-0.3410039863163017,2.284989204513621,-0.7316295583453882,2.481636533755423,-3.5677232867847213,-1.790226067639766
49.0,50.0,1008.0452880859376,-2.7482699592641264,-3.084966238921357,0.7504702103665593,3.52831337056986,-0.3410039863163017,2.284989204513621,-0.7316295583453882,2.481636533755423,-3.5677232867847213,-1.790226067639766
49.0,50.0,1008.0452880859376,-2.7482699592641264,-3.084966238921357,0.7504702103665593,3.5283133787945875,-0.3410039863163017,2.284989204513621,-0.7316295583453882,2.481636533755423,-3.5677233671229858,-1.790226067639766
49.0,50.0,1008.0452880859376,-2.7482699592641264,-3.084966238921357,0.7504702103665593,3.528313379434431,-0.3410039863163017,2.284989204513621,-0.7316295583453882,2.481636533755423,-3.567723369250316,-1.790226067639766
49.0,50.0,1008.0452880859376,-2.7482699592641264,-3.084966238921357,0.7504702103665593,3.5283133787945875,-0.3410039863163017,2.284989204513621,-0.7316295583453882,2.481636533755423,-3.5677232822658755,-1.790226067639766
49.0,50.0,1008.0452880859376,-2.7482699592641264,-3.084966238921357,0.7504702103665593,3.528312376029376,-0.3410039863163017,2.284989204513621,-0.7316295583453882,2.481636533755423,-3.5677232867847213,-1.790226067639766
49.0,50.0,1008.0452880859376,-2.7482699592641264,-3.084966238921357,0.7504702103665593,3.5283133771672484,-0.3410039863163017,2.284989204513621,-0.7316295583453882,2.481636533755423,-3.5677232822658755,-1.790226067639766
49.0,51.0,1006.8192138671876,-2.7482699592641264,-3.084966238921357,0.7504702103665593,3.62808022236976,-0.3410039863163017,2.284989204513621,-0.7702688138332454,2.481636533755423,-3.5677232867847213,-1.790226067639766
49.0,51.0,1007.1939697265624,-2.488583886801435,-3.4912104107061976,0.7504702103665593,3.5283146801706584,-0.3410039863163017,2.298393951561972,-0.7316295583453882,2.481636533755423,-3.567721243657738,-1.790226067639766
49.0,51.0,1007.4951171875,-2.748269960369769,-3.084966238921357,0.7504702103665593,3.528313391724977,-0.3410039863163017,2.284989204513621,-0.7600329113073536,2.481636533755423,-3.567728153604868,-1.790226067639766
49.0,51.0,1007.6197509765624,-2.7482699592641264,-3.084966238921357,0.750844666386884,3.512572147923489,-0.3878594973234883,2.459119423782738,-0.7316277129809543,2.481636533755423,-3.568751315102336,-1.790226067639766
49.0,51.0,1007.6565551757812,-2.7482699592641264,-3.084966238921357,0.750844666386884,3.512572147923489,-0.3878594973234883,2.4580638137307544,-0.7316277129809543,2.481636533755423,-3.56781714439753,-1.790226067639766
49.0,51.0,1007.6799926757812,-2.7482699592641264,-3.084966238921357,0.750827870335017,3.512572147923489,-0.3878594973234883,2.459119423782738,-0.7316277129809543,2.481620713210589,-3.567739416911024,-1.790226067639766
49.0,51.0,1007.7011108398438,-2.748269959257228,-3.084966238921357,0.7504702103665593,3.528313394486988,-0.3409991174979654,2.284989204513621,-0.7433446845068106,2.481636533755423,-3.5676414916137507,-1.790226067639766
49.0,51.0,1007.7012939453124,-2.74826996036287,-3.084966238921357,0.7504702103665593,3.52831339176301,-0.3409991174979654,2.284989204513621,-0.7433446845068106,2.481636533755423,-3.567646358433897,-1.790226067639766
49.0,51.0,1007.7047119140624,-2.7482699592641264,-3.084966238921357,0.7103123819438212,3.5125819419334987,-0.3878594973234883,2.459119423782738,-0.7316277034243964,2.481636533755423,-3.568751315102336,-1.790226067639766
49.0,51.0,1007.7047119140624,-2.7482699592641264,-3.084966238921357,0.7103123819438212,3.5125819419334987,-0.3878594973234883,2.459119423782738,-0.7316277034243964,2.481636533755423,-3.568751315102336,-1.790226067639766
49.0,51.0,1007.7047119140624,-2.7482699592641264,-3.084966238921357,0.7103123819438212,3.5125819419334987,-0.3878594973234883,2.459119423782738,-0.7316277034243964,2.481636533755423,-3.568751315102336,-1.790226067639766
49.0,51.0,1007.7755126953124,-2.7482699592641264,-3.084966238921357,0.7504702103665593,3.528313394448954,-0.3410039863163017,2.284989204513621,-0.7407360428414014,2.481636533755423,-3.5677232867847213,-1.790226067639766
49.0,51.0,1007.7755126953124,-2.7482699592641264,-3.084966238921357,0.7504702103665593,3.528313394265864,-0.3410039863163017,2.284989204513621,-0.7407360428414014,2.481636533755423,-3.5677232867847213,-1.790226067639766
49.0,51.0,1007.7755126953124,-2.7482699592641264,-3.084966238921357,0.7504702103665593,3.528313394448954,-0.3410039863163017,2.284989204513621,-0.7407360428414014,2.481636533755423,-3.5677232867847213,-1.790226067639766
49.0,51.0,1007.7755126953124,-2.7482699592641264,-3.084966238921357,0.7504702103665593,3.528313394448954,-0.3410039863163017,2.284989204513621,-0.7407360428414014,2.481636533755423,-3.5677232867847213,-1.790226067639766
49.0,51.0,1007.7798461914062,-2.7482699592641264,-3.084966238921357,0.7504702103665593,3.52831337056986,-0.3410039863163017,2.284989204513621,-0.7405805011017815,2.481636533755423,-3.5677232867847213,-1.790226067639766
49.0,51.0,1007.7798461914062,-2.7482699592641264,-3.084966238921357,0.7504702103665593,3.52831337056986,-0.3410039863163017,2.284989204513621,-0.7405805011017815,2.481636533755423,-3.5677232867847213,-1.790226067639766
49.0,51.0,1007.785888671875,-2.7482699592641264,-3.084966238921357,0.7504702103665593,3.528313394442559,-0.3410039863163017,2.284989204513621,-0.7403642587695182,2.481636533755423,-3.5677232867847213,-1.790226067639766
49.0,51.0,1007.785888671875,-2.7482699592641264,-3.084966238921357,0.7504702103665593,3.528313394442559,-0.3410039863163017,2.284989204513621,-0.7403642587695182,2.481636533755423,-3.5677232867847213,-1.790226067639766
49.0,51.0,1007.785888671875,-2.7482699592641264,-3.084966238921357,0.7504702103665593,3.528313394442559,-0.3410039863163017,2.284989204513621,-0.7403642587695182,2.481636533755423,-3.5677232867847213,-1.790226067639766
49.0,51.0,1007.785888671875,-2.7482699592641264,-3.084966238921357,0.7504702103665593,3.528313382676905,-0.3410039863163017,2.284989204513621,-0.7403642587695182,2.481636533755423,-3.5677232867847213,-1.790226067639766
49.0,51.0,1007.7904052734376,-2.7482699592641264,-3.084966238921357,0.7504702103665593,3.528314727165051,-0.3410039863163017,2.284989204513621,-0.7401987373236647,2.481636533755423,-3.567721301297547,-1.790226067639766
49.0,51.0,1007.79052734375,-2.7482699592641264,-3.084966238921357,0.7504702103665593,3.528313394448954,-0.3410039863163017,2.284989204513621,-0.7401987373236647,2.481636533755423,-3.5677232867847213,-1.790226067639766
49.0,51.0,1007.79052734375,-2.7482699592641264,-3.084966238921357,0.7504702103665593,3.528313394448954,-0.3410039863163017,2.284989204513621,-0.7401987373236647,2.481636533755423,-3.5677232867847213,-1.790226067639766
49.0,51.0,1007.7948608398438,-2.7482699592641264,-3.084966238921357,0.7504702103665593,3.528313394448954,-0.3410039863163017,2.284989204513621,-0.740045428257641,2.481636533755423,-3.5677232867847213,-1.790226067639766
49.0,51.0,1007.7948608398438,-2.7482699592641264,-3.084966238921357,0.7504702103665593,3.528313394448954,-0.3410039863163017,2.284989204513621,-0.740045428257641,2.481636533755423,-3.5677232867847213,-1.790226067639766
49.0,51.0,1007.8339233398438,-2.7482699592641264,-3.084966238921357,0.7504702103665593,3.5278680444456625,-0.3410039863163017,2.284989204513621,-0.809183774191555,2.655501830056008,-3.5677209845160047,-1.790226067639766
49.0,51.0,1007.89599609375,-2.748270402853831,-3.084966238921357,0.7504702103665593,3.5283133996387663,-0.3410040225324601,2.284989204513621,-0.7316295583453882,2.4745275648643563,-3.5676468980447464,-1.790226067639766
49.0,51.0,1007.9054565429688,-2.7482699592641264,-3.084966238921357,0.7504702103665593,3.528313394448954,-0.3410039863163017,2.284989204513621,-0.7316295583453882,2.4749991510699147,-3.567701589438804,-1.790226067639766
49.0,51.0,1007.9054565429688,-2.7482699592641264,-3.084966238921357,0.7504702103665593,3.528313394448954,-0.3410039863163017,2.284989204513621,-0.7316295583453882,2.4749991510699147,-3.567701589438804,-1.790226067639766
49.0,51.0,1007.9054565429688,-2.7482699592641264,-3.084966238921357,0.7504702103665593,3.528313394448954,-0.3410039863163017,2.284989204513621,-0.7316295583453882,2.4749991510699147,-3.567701722765542,-1.790226067639766
49.0,51.0,1007.9058837890624,-2.7482699592641264,-3.084966238921357,0.7504702103665593,3.528313395286065,-0.3410039863163017,2.284989204513621,-0.7316295191884049,2.474947754015758,-3.567723140504718,-1.790226067639766
49.0,51.0,1007.910400390625,-2.7482699592641264,-3.084966238921357,0.7504702103665593,3.5283133699300167,-0.3410039863163017,2.284989204513621,-0.7316308038885038,2.475254826396203,-3.5677232846573905,-1.790226067639766
49.0,51.0,1007.910400390625,-2.7482699592641264,-3.084966238921357,0.7504702103665593,3.5283133699300167,-0.3410039863163017,2.284989204513621,-0.7316308038885038,2.475254826396203,-3.5677232846573905,-1.790226067639766
49.0,51.0,1007.9640502929688,-2.7482699592641264,-3.084966238921357,0.7504870064184263,3.528313395286065,-0.3410039863163017,2.284989204513621,-0.7316295191884049,2.474963574560592,-3.56873503869603,-1.790226067639766
49.0,51.0,1007.98095703125,-2.745375752086428,-3.084966238921357,0.7103123819438212,3.5125819419334987,-0.3403624615555367,2.459119423782738,-0.7316277034243964,2.481636533755423,-3.568751315102336,-1.790226067639766
49.0,51.0,1008.0166015625,-2.7482699592641264,-3.084966238921357,0.750841636057805,3.528313369092906,-0.3410039863163017,2.284989204513621,-0.7316277823074068,2.48168793080958,-3.567701733591476,-1.790226067639766
49.0,51.0,1008.018798828125,-2.7482699592641264,-3.084966238921357,0.7485832517118705,3.527928742941789,-0.3878594973234883,2.4624343066061027,-0.7316277034243964,2.481636533755423,-3.5677368909143574,-1.790226067639766
49.0,51.0,1008.0223388671876,-2.7482699592641264,-3.084966238921357,0.7504702103665593,3.52853041595072,-0.3421509860487996,2.284989204513621,-0.7327752165552694,2.481636533755423,-3.5677232867847213,-1.790226067639766
49.0,51.0,1008.0301513671876,-2.7482699592641264,-3.084966238921357,0.7103123819438212,3.5125819419334987,-0.3402338670875108,2.459119423782738,-0.7316464753935837,2.481636533755423,-3.567747238126188,-1.790226067639766
49.0,51.0,1008.0313110351562,-2.748269959306423,-3.084966238921357,0.7514765820209232,3.528312376029376,-0.3410039863163017,2.284989204513621,-0.7295207463154725,2.481636533755423,-3.5677232867847213,-1.790226067639766
49.0,51.0,1008.0313110351562,-2.748269959306423,-3.084966238921357,0.7514765820209232,3.528312387795029,-0.3410039863163017,2.284989204513621,-0.7295207463154725,2.481636533755423,-3.5677232867847213,-1.790226067639766
49.0,51.0,1008.0390625,-2.7482699592641264,-3.084966238921357,0.7504702103665593,3.5283133796868613,-0.3410039863163017,2.284989204513621,-0.731629436645731,2.481394623097845,-3.5677232846573905,-1.790226067639766
49.0,51.0,1008.0397338867188,-2.7482704033008245,-3.084966238921357,0.7504702103665593,3.52831431410279,-0.340999198193357,2.284989204513621,-0.7316295583453882,2.481636533755423,-3.5676468980447464,-1.790226067639766
49.0,51.0,1008.04052734375,-2.7482699592641264,-3.084966238921357,0.7504702103665593,3.528313394448954,-0.3410039863163017,2.284989204513621,-0.7317863397881007,2.481636533755423,-3.5677232867847213,-1.790226067639766
49.0,51.0,1008.041015625,-2.7482699592641264,-3.084966238921357,0.7504702103665593,3.52831339176301,-0.3410039863163017,2.284989204513621,-0.7316295583453882,2.481636533755423,-3.567664090772489,-1.790226067639766
49.0,51.0,1008.041015625,-2.7482699592641264,-3.084966238921357,0.7504702103665593,3.52831339176301,-0.3410039863163017,2.284989204513621,-0.7316295583453882,2.481636533755423,-3.5676645811076497,-1.790226067639766
49.0,51.0,1008.0450439453124,-2.7482699592641264,-3.084966238921357,0.7504702103665593,3.528313369092906,-0.3410039863163017,2.284989204513621,-0.7316308372054642,2.48168793080958,-3.567701733591476,-1.790226067639766
49.0,51.0,1008.0451049804688,-2.7482699592641264,-3.084966238921357,0.7504702103665593,3.5283146801706584,-0.3410039863163017,2.284989204513621,-0.7316295583453882,2.481636533755423,-3.567721243657738,-1.790226067639766
49.0,51.0,1008.0451049804688,-2.7482699592641264,-3.084966238921357,0.7504702103665593,3.5283146801706584,-0.3410039863163017,2.284989204513621,-0.7316295583453882,2.481636533755423,-3.567721243657738,-1.790226067639766
49.0,52.0,1006.8192138671876,-2.7482699592641264,-3.084966238921357,0.7504702103665593,3.62808022236976,-0.3410039863163017,2.284989204513621,-0.7702688138332454,2.481636533755423,-3.5677232867847213,-1.790226067639766
49.0,52.0,1007.1939697265624,-2.488583886801435,-3.4912104107061976,0.7504702103665593,3.5283146801706584,-0.3410039863163017,2.298393951561972,-0.7316295583453882,2.481636533755423,-3.567721243657738,-1.790226067639766
49.0,52.0,1007.4951171875,-2.748269960369769,-3.084966238921357,0.7504702103665593,3.528313391724977,-0.3410039863163017,2.284989204513621,-0.7600329113073536,2.481636533755423,-3.567728153604868,-1.790226067639766
49.0,52.0,1007.4951782226562,-2.748269960369769,-3.084966238921357,0.7504702103665593,3.52831339452484,-0.3410039863163017,2.284989204513621,-0.7600329113073536,2.481636533755423,-3.5677224144201705,-1.790226067639766
49.0,52.0,1007.6197509765624,-2.7482699592641264,-3.084966238921357,0.750844666386884,3.512572147923489,-0.3878594973234883,2.459119423782738,-0.7316277129809543,2.481636533755423,-3.568751315102336,-1.790226067639766
49.0,52.0,1007.6565551757812,-2.7482699592641264,-3.084966238921357,0.750844666386884,3.512572147923489,-0.3878594973234883,2.4580638137307544,-0.7316277129809543,2.481636533755423,-3.56781714439753,-1.790226067639766
49.0,52.0,1007.6799926757812,-2.7482699592641264,-3.084966238921357,0.750827870335017,3.512572147923489,-0.3878594973234883,2.459119423782738,-0.7316277129809543,2.481620713210589,-3.567739416911024,-1.790226067639766
49.0,52.0,1007.7011108398438,-2.748269959257228,-3.084966238921357,0.7504702103665593,3.528313394486988,-0.3409991174979654,2.284989204513621,-0.7433446845068106,2.481636533755423,-3.5676414916137507,-1.790226067639766
49.0,52.0,1007.7012939453124,-2.74826996036287,-3.084966238921357,0.7504702103665593,3.52831339176301,-0.3409991174979654,2.284989204513621,-0.7433446845068106,2.481636533755423,-3.567646358433897,-1.790226067639766
49.0,52.0,1007.7047119140624,-2.7482699592641264,-3.084966238921357,0.7103123819438212,3.5125819419334987,-0.3878594973234883,2.459119423782738,-0.7316277034243964,2.481636533755423,-3.568751315102336,-1.790226067639766
49.0,52.0,1007.7047119140624,-2.7482699592641264,-3.084966238921357,0.7103123819438212,3.5125819419334987,-0.3878594973234883,2.459119423782738,-0.7316277034243964,2.481636533755423,-3.568751315102336,-1.790226067639766
49.0,52.0,1007.7047119140624,-2.7482699592641264,-3.084966238921357,0.7103123819438212,3.5125819419334987,-0.3878594973234883,2.459119423782738,-0.7316277034243964,2.481636533755423,-3.568751315102336,-1.790226067639766
49.0,52.0,1007.7047119140624,-2.7482699592641264,-3.084966238921357,0.7103123819438212,3.5125819419334987,-0.3878594973234883,2.459119423782738,-0.7316277034243964,2.481636533755423,-3.568751315102336,-1.790226067639766
49.0,52.0,1007.7453002929688,-2.7775069310550347,-3.084966238921357,0.7504702103665593,3.5283133942995857,-0.3409991174979654,2.284989204513621,-0.7433253596569601,2.481636533755423,-3.5677262874234645,-1.790226067639766
49.0,52.0,1007.7539672851562,-2.7482699592641264,-3.084966238921357,0.7508094283756677,3.5283133938704867,-0.3410039863163017,2.284989204513621,-0.7407486391033609,2.4816875654308923,-3.5677232867847213,-1.790226067639766
49.0,52.0,1007.7747802734376,-2.7482699592641264,-3.084966238921357,0.7504702103665593,3.528313394448954,-0.3410039863163017,2.284989204513621,-0.7407602965525796,2.481636533755423,-3.5677232867847213,-1.790226067639766
49.0,52.0,1007.7755126953124,-2.7482699592641264,-3.084966238921357,0.7504702103665593,3.528313394448954,-0.3410039863163017,2.284989204513621,-0.7407360428414014,2.481636533755423,-3.5677232867847213,-1.790226067639766
49.0,52.0,1007.7755126953124,-2.7482699592641264,-3.084966238921357,0.7504702103665593,3.528313394265864,-0.3410039863163017,2.284989204513621,-0.7407360428414014,2.481636533755423,-3.5677232867847213,-1.790226067639766
49.0,52.0,1007.7755126953124,-2.7482699592641264,-3.084966238921357,0.7504702103665593,3.528313394448954,-0.3410039863163017,2.284989204513621,-0.7407360428414014,2.481636533755423,-3.5677232867847213,-1.790226067639766
49.0,52.0,1007.7755126953124,-2.7482699592641264,-3.084966238921357,0.7504702103665593,3.528313394448954,-0.3410039863163017,2.284989204513621,-0.7407360428414014,2.481636533755423,-3.5677232867847213,-1.790226067639766
49.0,52.0,1007.7762451171876,-2.7482699592641264,-3.084966238921357,0.7504702103665593,3.528313394448954,-0.3410039863163017,2.284989204513621,-0.7407360428414014,2.481636533755423,-3.567735392902257,-1.790226067639766
49.0,52.0,1007.7798461914062,-2.7482699592641264,-3.084966238921357,0.7504702103665593,3.52831337056986,-0.3410039863163017,2.284989204513621,-0.7405805011017815,2.481636533755423,-3.5677232867847213,-1.790226067639766
49.0,52.0,1007.7798461914062,-2.7482699592641264,-3.084966238921357,0.7504702103665593,3.52831337056986,-0.3410039863163017,2.284989204513621,-0.7405805011017815,2.481636533755423,-3.5677232867847213,-1.790226067639766
49.0,52.0,1007.7805786132812,-2.7482699591650643,-3.084966238921357,0.7504702103665593,3.528313391905983,-0.3410039863163017,2.284989204513621,-0.7403835836193685,2.481636533755423,-3.5676433577951543,-1.790226067639766
49.0,52.0,1007.785888671875,-2.7482699592641264,-3.084966238921357,0.7504702103665593,3.528313394442559,-0.3410039863163017,2.284989204513621,-0.7403642587695182,2.481636533755423,-3.5677232867847213,-1.790226067639766
49.0,52.0,1007.785888671875,-2.7482699592641264,-3.084966238921357,0.7504702103665593,3.528313394442559,-0.3410039863163017,2.284989204513621,-0.7403642587695182,2.481636533755423,-3.5677232867847213,-1.790226067639766
49.0,52.0,1007.785888671875,-2.7482699592641264,-3.084966238921357,0.7504702103665593,3.528313394442559,-0.3410039863163017,2.284989204513621,-0.7403642587695182,2.481636533755423,-3.5677232867847213,-1.790226067639766
49.0,52.0,1007.785888671875,-2.7482699592641264,-3.084966238921357,0.7504702103665593,3.528313382676905,-0.3410039863163017,2.284989204513621,-0.7403642587695182,2.481636533755423,-3.5677232867847213,-1.790226067639766
49.0,52.0,1007.7904052734376,-2.7482699592641264,-3.084966238921357,0.7504702103665593,3.528314727165051,-0.3410039863163017,2.284989204513621,-0.7401987373236647,2.481636533755423,-3.567721301297547,-1.790226067639766
49.0,52.0,1007.79052734375,-2.7482699592641264,-3.084966238921357,0.7504702103665593,3.528313394448954,-0.3410039863163017,2.284989204513621,-0.7401987373236647,2.481636533755423,-3.5677232867847213,-1.790226067639766
49.0,52.0,1007.79052734375,-2.7482699592641264,-3.084966238921357,0.7504702103665593,3.528313394448954,-0.3410039863163017,2.284989204513621,-0.7401987373236647,2.481636533755423,-3.5677232867847213,-1.790226067639766
49.0,52.0,1007.7948608398438,-2.7482699592641264,-3.084966238921357,0.7504702103665593,3.528313394448954,-0.3410039863163017,2.284989204513621,-0.740045428257641,2.481636533755423,-3.5677232867847213,-1.790226067639766
49.0,52.0,1007.7948608398438,-2.7482699592641264,-3.084966238921357,0.7504702103665593,3.528313394448954,-0.3410039863163017,2.284989204513621,-0.740045428257641,2.481636533755423,-3.5677232867847213,-1.790226067639766
49.0,52.0,1007.7955322265624,-2.7482699592641264,-3.084966238921357,0.7504702103665593,3.528313394448954,-0.3410039863163017,2.284989204513621,-0.7400211745464628,2.481636533755423,-3.5677232867847213,-1.790226067639766
49.0,52.0,1007.8226318359376,-2.7482699592641264,-3.084966238921357,0.7504702103665593,3.528313394448954,-0.3410039863163017,2.284989204513621,-0.7316295583453882,2.4749991510699147,-3.5677013724922664,-1.8685528366189148
49.0,52.0,1007.8339233398438,-2.7482699592641264,-3.084966238921357,0.7504702103665593,3.5278680444456625,-0.3410039863163017,2.284989204513621,-0.809183774191555,2.655501830056008,-3.5677209845160047,-1.790226067639766
49.0,52.0,1007.89599609375,-2.748270402853831,-3.084966238921357,0.7504702103665593,3.5283133996387663,-0.3410040225324601,2.284989204513621,-0.7316295583453882,2.4745275648643563,-3.5676468980447464,-1.790226067639766
49.0,52.0,1007.9054565429688,-2.7482699592641264,-3.084966238921357,0.7504702103665593,3.528313394448954,-0.3410039863163017,2.284989204513621,-0.7316295583453882,2.4749991510699147,-3.567701589438804,-1.790226067639766
49.0,52.0,1007.9054565429688,-2.7482699592641264,-3.084966238921357,0.7504702103665593,3.528313394448954,-0.3410039863163017,2.284989204513621,-0.7316295583453882,2.4749991510699147,-3.567701589438804,-1.790226067639766
49.0,52.0,1007.9054565429688,-2.7482699592641264,-3.084966238921357,0.7504702103665593,3.528313394448954,-0.3410039863163017,2.284989204513621,-0.7316295583453882,2.4749991510699147,-3.567701722765542,-1.790226067639766
49.0,52.0,1007.9058837890624,-2.7482699592641264,-3.084966238921357,0.7504702103665593,3.528313395286065,-0.3410039863163017,2.284989204513621,-0.7316295191884049,2.474947754015758,-3.567723140504718,-1.790226067639766
49.0,52.0,1007.910400390625,-2.7482699592641264,-3.084966238921357,0.7504702103665593,3.5283133699300167,-0.3410039863163017,2.284989204513621,-0.7316308038885038,2.475254826396203,-3.5677232846573905,-1.790226067639766
49.0,52.0,1007.910400390625,-2.7482699592641264,-3.084966238921357,0.7504702103665593,3.5283133699300167,-0.3410039863163017,2.284989204513621,-0.7316308038885038,2.475254826396203,-3.5677232846573905,-1.790226067639766
49.0,52.0,1007.9104614257812,-2.7482699592641264,-3.084966238921357,0.7504702103665593,3.5283133699300167,-0.3410039863163017,2.284989204513621,-0.7316308038885038,2.475254826396203,-3.5677236349306667,-1.790226067639766
49.0,52.0,1007.91064453125,-2.7482699592641264,-3.084966238921357,0.7504870064184263,3.528313395286065,-0.3410039863163017,2.284989204513621,-0.7316295191884049,2.474963574560592,-3.567823525957165,-1.790226067639766
49.0,52.0,1007.9118041992188,-2.7482699592641264,-3.084966238921357,0.7504702103665593,3.5300397425481327,-0.3409455363913966,2.284989204513621,-0.7316295583453882,2.4749991510699147,-3.567701589438804,-1.790226067639766
49.0,52.0,1007.9434204101562,-2.7482699592641264,-3.084966238921357,0.7508854077310305,3.528638142183672,-0.3878594973234883,2.4624343066061027,-0.7316277028149983,2.481636533755423,-3.5677368909143574,-1.790226067639766
49.0,52.0,1007.9633178710938,-2.7482699592641264,-3.084966238921357,0.7504870064184263,3.528313395286065,-0.3410039863163017,2.284989204513621,-0.7316295191884049,2.474963574560592,-3.568722932578494,-1.790226067639766
49.0,52.0,1007.9640502929688,-2.7482699592641264,-3.084966238921357,0.7504870064184263,3.528313395286065,-0.3410039863163017,2.284989204513621,-0.7316295191884049,2.474963574560592,-3.56873503869603,-1.790226067639766
49.0,52.0,1007.98095703125,-2.745375752086428,-3.084966238921357,0.7103123819438212,3.5125819419334987,-0.3403624615555367,2.459119423782738,-0.7316277034243964,2.481636533755423,-3.568751315102336,-1.790226067639766
49.0,53.0,1006.8192138671876,-2.7482699592641264,-3.084966238921357,0.7504702103665593,3.62808022236976,-0.3410039863163017,2.284989204513621,-0.7702688138332454,2.481636533755423,-3.5677232867847213,-1.790226067639766
49.0,53.0,1006.8193969726562,-2.7482699592641264,-3.084966238921357,0.7504702103665593,3.62808022236976,-0.3410039863163017,2.284989204513621,-0.7691686923684434,2.481636533755423,-3.5677232867847213,-1.790226067639766
49.0,53.0,1007.1939697265624,-2.488583886801435,-3.4912104107061976,0.7504702103665593,3.5283146801706584,-0.3410039863163017,2.298393951561972,-0.7316295583453882,2.481636533755423,-3.567721243657738,-1.790226067639766
49.0,53.0,1007.4210815429688,-2.502232886667316,-3.4912104107061976,0.7504702103665593,3.5283146801706584,-0.3410039863163017,2.298393951561972,-0.7316295583453882,2.481636533755423,-3.567721243657738,-1.790226067639766
49.0,53.0,1007.4951171875,-2.748269960369769,-3.084966238921357,0.7504702103665593,3.528313391724977,-0.3410039863163017,2.284989204513621,-0.7600329113073536,2.481636533755423,-3.567728153604868,-1.790226067639766
49.0,53.0,1007.4951171875,-2.748269960369769,-3.084966238921357,0.7504702103665593,3.528313391724977,-0.3410039863163017,2.284989204513621,-0.7600329113073536,2.481636533755423,-3.567728002925472,-1.790226067639766
49.0,53.0,1007.4951782226562,-2.748269960369769,-3.084966238921357,0.7504702103665593,3.52831339452484,-0.3410039863163017,2.284989204513621,-0.7600329113073536,2.481636533755423,-3.5677224144201705,-1.790226067639766
49.0,53.0,1007.4993896484376,-2.748344282202792,-3.084966238921357,0.7504702103665593,3.5283133942995857,-0.3409991174979654,2.284989204513621,-0.7608480991775145,2.481636533755423,-3.5677281256981006,-1.790226067639766
49.0,53.0,1007.6050415039062,-2.748269959158639,-3.084966238921357,0.7114370183359511,3.5125602058375325,-0.3879913763496009,2.459119423782738,-0.7324273698369891,2.481636533755423,-3.568751315102336,-1.790226067639766
49.0,53.0,1007.6197509765624,-2.7482699592641264,-3.084966238921357,0.750844666386884,3.512572147923489,-0.3878594973234883,2.459119423782738,-0.7316277129809543,2.481636533755423,-3.568751315102336,-1.790226067639766
49.0,53.0,1007.6565551757812,-2.7482699592641264,-3.084966238921357,0.750844666386884,3.512572147923489,-0.3878594973234883,2.4580638137307544,-0.7316277129809543,2.481636533755423,-3.56781714439753,-1.790226067639766
49.0,53.0,1007.6748657226562,-2.7482699603997083,-3.084966238921357,0.7504702103665593,3.528313391843872,-0.3410039863163017,2.284989204513621,-0.7428877857020876,2.4742446243982315,-3.567723140504718,-1.790226067639766
49.0,53.0,1007.6799926757812,-2.7482699592641264,-3.084966238921357,0.750827870335017,3.512572147923489,-0.3878594973234883,2.459119423782738,-0.7316277129809543,2.481620713210589,-3.567739416911024,-1.790226067639766
49.0,53.0,1007.7011108398438,-2.748269959257228,-3.084966238921357,0.7504702103665593,3.528313394486988,-0.3409991174979654,2.284989204513621,-0.7433446845068106,2.481636533755423,-3.5676414916137507,-1.790226067639766
49.0,53.0,1007.7012939453124,-2.74826996036287,-3.084966238921357,0.7504702103665593,3.52831339176301,-0.3409991174979654,2.284989204513621,-0.7433446845068106,2.481636533755423,-3.567646358433897,-1.790226067639766
49.0,53.0,1007.7015380859376,-2.74826996036287,-3.084966238921357,0.7504702103665593,3.52831339176301,-0.3409991174979654,2.284989204513621,-0.7433446845068106,2.481636533755423,-3.5676510564844155,-1.790226067639766
49.0,53.0,1007.7047119140624,-2.7482699592641264,-3.084966238921357,0.7103123819438212,3.5125819419334987,-0.3878594973234883,2.459119423782738,-0.7316277034243964,2.481636533755423,-3.568751315102336,-1.790226067639766
49.0,53.0,1007.7047119140624,-2.7482699592641264,-3.084966238921357,0.7103123819438212,3.5125819419334987,-0.3878594973234883,2.459119423782738,-0.7316277034243964,2.481636533755423,-3.568751315102336,-1.790226067639766
49.0,53.0,1007.7047119140624,-2.7482699592641264,-3.084966238921357,0.7103123819438212,3.5125819419334987,-0.3878594973234883,2.459119423782738,-0.7316277034243964,2.481636533755423,-3.568751315102336,-1.790226067639766
49.0,53.0,1007.7047119140624,-2.7482699592641264,-3.084966238921357,0.7103123819438212,3.5125819419334987,-0.3878594973234883,2.459119423782738,-0.7316277034243964,2.481636533755423,-3.568751315102336,-1.790226067639766
49.0,53.0,1007.7103271484376,-2.7482699592641264,-3.084966238921357,0.7504702103665593,3.528313394249601,-0.3410039863163017,2.284989204513621,-0.7404361456996039,2.475254826396203,-3.567723284644656,-1.790226067639766
49.0,53.0,1007.7213134765624,-2.759833688998106,-3.084966238921357,0.7504702103665593,3.528313394448954,-0.3410039863163017,2.284989204513621,-0.7407360428414014,2.481636533755423,-3.5677232867847213,-1.790226067639766
49.0,53.0,1007.7453002929688,-2.7775069310550347,-3.084966238921357,0.7504702103665593,3.5283133942995857,-0.3409991174979654,2.284989204513621,-0.7433253596569601,2.481636533755423,-3.5677262874234645,-1.790226067639766
49.0,53.0,1007.7479858398438,-2.7775069310550347,-3.084966238921357,0.7504702103665593,3.528313394445067,-0.3409997733495769,2.284989204513621,-0.7433253596569601,2.481791821386296,-3.5677015510217625,-1.790226067639766
49.0,53.0,1007.7539672851562,-2.7482699592641264,-3.084966238921357,0.7508094283756677,3.5283133938704867,-0.3410039863163017,2.284989204513621,-0.7407486391033609,2.4816875654308923,-3.5677232867847213,-1.790226067639766
49.0,53.0,1007.7633056640624,-2.777432609222012,-3.084966238921357,0.7504702103665593,3.528313391724977,-0.3410039863163017,2.284989204513621,-0.7425101717867991,2.481636533755423,-3.5677263153302325,-1.790226067639766
49.0,53.0,1007.7659301757812,-2.7482699592641264,-3.084966238921357,0.7504702103665593,3.5277447521361247,-0.3410039863163017,2.4539750421013657,-0.809183774191555,2.655501830056008,-3.5677209845160047,-1.790226067639766
49.0,53.0,1007.7747802734376,-2.7482699592641264,-3.084966238921357,0.7504702103665593,3.528313394448954,-0.3410039863163017,2.284989204513621,-0.7407602965525796,2.481636533755423,-3.5677232867847213,-1.790226067639766
49.0,53.0,1007.7755126953124,-2.7482699592641264,-3.084966238921357,0.7504702103665593,3.528313394448954,-0.3410039863163017,2.284989204513621,-0.7407360428414014,2.481636533755423,-3.5677232867847213,-1.790226067639766
49.0,53.0,1007.7755126953124,-2.7482699592641264,-3.084966238921357,0.7504702103665593,3.528313394265864,-0.3410039863163017,2.284989204513621,-0.7407360428414014,2.481636533755423,-3.5677232867847213,-1.790226067639766
49.0,53.0,1007.7755126953124,-2.7482699592641264,-3.084966238921357,0.7504702103665593,3.528313394448954,-0.3410039863163017,2.284989204513621,-0.7407360428414014,2.481636533755423,-3.5677232867847213,-1.790226067639766
49.0,53.0,1007.7755126953124,-2.7482699592641264,-3.084966238921357,0.7504702103665593,3.528313394448954,-0.3410039863163017,2.284989204513621,-0.7407360428414014,2.481636533755423,-3.5677232867847213,-1.790226067639766
49.0,53.0,1007.7762451171876,-2.7482699592641264,-3.084966238921357,0.7504702103665593,3.528313394448954,-0.3410039863163017,2.284989204513621,-0.7407360428414014,2.481636533755423,-3.567735392902257,-1.790226067639766
49.0,53.0,1007.779541015625,-2.7482699592641264,-3.084966238921357,0.7504702103665593,3.52831337056986,-0.3410039863163017,2.284989204513621,-0.7405805011017815,2.481636533755423,-3.567718588734204,-1.790226067639766
49.0,53.0,1007.7798461914062,-2.7482699592641264,-3.084966238921357,0.7504702103665593,3.52831337056986,-0.3410039863163017,2.284989204513621,-0.7405805011017815,2.481636533755423,-3.5677232867847213,-1.790226067639766
49.0,53.0,1007.7798461914062,-2.7482699592641264,-3.084966238921357,0.7504702103665593,3.52831337056986,-0.3410039863163017,2.284989204513621,-0.7405805011017815,2.481636533755423,-3.5677232867847213,-1.790226067639766
49.0,53.0,1007.7805786132812,-2.7482699591650643,-3.084966238921357,0.7504702103665593,3.528313391905983,-0.3410039863163017,2.284989204513621,-0.7403835836193685,2.481636533755423,-3.5676433577951543,-1.790226067639766
49.0,53.0,1007.785888671875,-2.7482699592641264,-3.084966238921357,0.7504702103665593,3.528313394442559,-0.3410039863163017,2.284989204513621,-0.7403642587695182,2.481636533755423,-3.5677232867847213,-1.790226067639766
49.0,53.0,1007.785888671875,-2.7482699592641264,-3.084966238921357,0.7504702103665593,3.528313394442559,-0.3410039863163017,2.284989204513621,-0.7403642587695182,2.481636533755423,-3.5677232867847213,-1.790226067639766
49.0,53.0,1007.785888671875,-2.7482699592641264,-3.084966238921357,0.7504702103665593,3.528313394442559,-0.3410039863163017,2.284989204513621,-0.7403642587695182,2.481636533755423,-3.5677232867847213,-1.790226067639766
49.0,53.0,1007.785888671875,-2.7482699592641264,-3.084966238921357,0.7504702103665593,3.528313382676905,-0.3410039863163017,2.284989204513621,-0.7403642587695182,2.481636533755423,-3.5677232867847213,-1.790226067639766
49.0,53.0,1007.78857421875,-2.7482699592641264,-3.0792308270983346,0.7504702103665593,3.528313394448954,-0.3410039863163017,2.284989204513621,-0.7418361643062034,2.481636533755423,-3.5677232867847213,-1.790226067639766
49.0,53.0,1007.7904052734376,-2.7482699592641264,-3.084966238921357,0.7504702103665593,3.528314727165051,-0.3410039863163017,2.284989204513621,-0.7401987373236647,2.481636533755423,-3.567721301297547,-1.790226067639766
49.0,53.0,1007.79052734375,-2.7482699592641264,-3.084966238921357,0.7504702103665593,3.528313394448954,-0.3410039863163017,2.284989204513621,-0.7401987373236647,2.481636533755423,-3.5677232867847213,-1.790226067639766
49.0,53.0,1007.79052734375,-2.7482699592641264,-3.084966238921357,0.7504702103665593,3.528313394448954,-0.3410039863163017,2.284989204513621,-0.7401987373236647,2.481636533755423,-3.5677232867847213,-1.790226067639766
49.0,53.0,1007.79052734375,-2.7482699592641264,-3.084966238921357,0.7504702103665593,3.5283133944488,-0.3410039863163017,2.284989204513621,-0.7401987373236647,2.481636533755423,-3.5677232867847213,-1.790226067639766
49.0,53.0,1007.791015625,-2.7482699592641264,-3.084966238921357,0.7504897292181355,3.5277866894546865,-0.3410039863163017,2.284989204513621,-0.7401581697436228,2.4816362093446447,-3.567721301297547,-1.790226067639766
49.0,53.0,1007.7948608398438,-2.7482699592641264,-3.084966238921357,0.7504702103665593,3.528313394448954,-0.3410039863163017,2.284989204513621,-0.740045428257641,2.481636533755423,-3.5677232867847213,-1.790226067639766
49.0,53.0,1007.7948608398438,-2.7482699592641264,-3.084966238921357,0.7504702103665593,3.528313394448954,-0.3410039863163017,2.284989204513621,-0.740045428257641,2.481636533755423,-3.5677232867847213,-1.790226067639766
49.0,53.0,1007.7955322265624,-2.7482699592641264,-3.084966238921357,0.7504702103665593,3.528313394448954,-0.3410039863163017,2.284989204513621,-0.7400211745464628,2.481636533755423,-3.5677232867847213,-1.790226067639766
49.0,54.0,1006.8192138671876,-2.7482699592641264,-3.084966238921357,0.7504702103665593,3.62808022236976,-0.3410039863163017,2.284989204513621,-0.7702688138332454,2.481636533755423,-3.5677232867847213,-1.790226067639766
49.0,54.0,1006.8193969726562,-2.7482699592641264,-3.084966238921357,0.7504702103665593,3.62808022236976,-0.3410039863163017,2.284989204513621,-0.7691686923684434,2.481636533755423,-3.5677232867847213,-1.790226067639766
49.0,54.0,1007.1939697265624,-2.488583886801435,-3.4912104107061976,0.7504702103665593,3.5283146801706584,-0.3410039863163017,2.298393951561972,-0.7316295583453882,2.481636533755423,-3.567721243657738,-1.790226067639766
49.0,54.0,1007.4210815429688,-2.502232886667316,-3.4912104107061976,0.7504702103665593,3.5283146801706584,-0.3410039863163017,2.298393951561972,-0.7316295583453882,2.481636533755423,-3.567721243657738,-1.790226067639766
49.0,54.0,1007.4949951171876,-2.748269960369769,-3.084966238921357,0.7504702103665593,3.528313391724977,-0.3410039863163017,2.284989204513621,-0.7600141757169406,2.481636533755423,-3.5677229772783923,-1.790226067639766
49.0,54.0,1007.4951171875,-2.748269960369769,-3.084966238921357,0.7504702103665593,3.528313391724977,-0.3410039863163017,2.284989204513621,-0.7600329113073536,2.481636533755423,-3.567728153604868,-1.790226067639766
49.0,54.0,1007.4951171875,-2.748269960369769,-3.084966238921357,0.7504702103665593,3.528313391724977,-0.3410039863163017,2.284989204513621,-0.7600329113073536,2.481636533755423,-3.567728002925472,-1.790226067639766
49.0,54.0,1007.4951782226562,-2.748269960369769,-3.084966238921357,0.7504702103665593,3.52831339452484,-0.3410039863163017,2.284989204513621,-0.7600329113073536,2.481636533755423,-3.5677224144201705,-1.790226067639766
49.0,54.0,1007.4951782226562,-2.7482699592806954,-3.084966238921357,0.7504702103665593,3.52831339452484,-0.3410039863163017,2.284989204513621,-0.7600329113073536,2.481636533755423,-3.5677224144201705,-1.790226067639766
49.0,54.0,1007.4993896484376,-2.748344282202792,-3.084966238921357,0.7504702103665593,3.5283133942995857,-0.3409991174979654,2.284989204513621,-0.7608480991775145,2.481636533755423,-3.5677281256981006,-1.790226067639766
49.0,54.0,1007.4993896484376,-2.748344282202792,-3.084966238921357,0.7504702103665593,3.5283133942995857,-0.3409987753604932,2.284989204513621,-0.7608480991775145,2.481636533755423,-3.5677281256981006,-1.790226067639766
49.0,54.0,1007.6050415039062,-2.748269959158639,-3.084966238921357,0.7114370183359511,3.5125602058375325,-0.3879913763496009,2.459119423782738,-0.7324273698369891,2.481636533755423,-3.568751315102336,-1.790226067639766
49.0,54.0,1007.6197509765624,-2.7482699592641264,-3.084966238921357,0.750844666386884,3.512572147923489,-0.3878594973234883,2.459119423782738,-0.7316277129809543,2.481636533755423,-3.568751315102336,-1.790226067639766
49.0,54.0,1007.6565551757812,-2.7482699592641264,-3.084966238921357,0.750844666386884,3.512572147923489,-0.3878594973234883,2.4580638137307544,-0.7316277129809543,2.481636533755423,-3.56781714439753,-1.790226067639766
49.0,54.0,1007.6748657226562,-2.7482699603997083,-3.084966238921357,0.7504702103665593,3.528313391843872,-0.3410039863163017,2.284989204513621,-0.7428877857020876,2.4742446243982315,-3.567723140504718,-1.790226067639766
49.0,54.0,1007.6791381835938,-2.7482699592641264,-3.084966238921357,0.750827870335017,3.512572147923489,-0.3878594973234883,2.459119423782738,-0.7316277129809543,2.4816362198296584,-3.567739416911024,-1.790226067639766
49.0,54.0,1007.6799926757812,-2.7482699592641264,-3.084966238921357,0.750827870335017,3.512572147923489,-0.3878594973234883,2.459119423782738,-0.7316277129809543,2.481620713210589,-3.567739416911024,-1.790226067639766
49.0,54.0,1007.7009887695312,-2.748269959257198,-3.084966238921357,0.7504702103665593,3.5283133941723674,-0.3409991603716393,2.284989204513621,-0.7433446845068106,2.481636533755423,-3.567640230410502,-1.790226067639766
49.0,54.0,1007.7011108398438,-2.748269959257228,-3.084966238921357,0.7504702103665593,3.528313394486988,-0.3409991174979654,2.284989204513621,-0.7433446845068106,2.481636533755423,-3.5676414916137507,-1.790226067639766
49.0,54.0,1007.7012939453124,-2.74826996036287,-3.084966238921357,0.7504702103665593,3.52831339176301,-0.3409991174979654,2.284989204513621,-0.7433446845068106,2.481636533755423,-3.567646358433897,-1.790226067639766
49.0,54.0,1007.7012939453124,-2.74826996036287,-3.084966238921357,0.7504702103665593,3.528313391831701,-0.3409991174979654,2.284989204513621,-0.7433446845068106,2.481636533755423,-3.5676458676638467,-1.790226067639766
49.0,54.0,1007.7015380859376,-2.74826996036287,-3.084966238921357,0.7504702103665593,3.52831339176301,-0.3409991174979654,2.284989204513621,-0.7433446845068106,2.481636533755423,-3.5676510564844155,-1.790226067639766
49.0,54.0,1007.7047119140624,-2.7482699592641264,-3.084966238921357,0.7103123819438212,3.5125819419334987,-0.3878594973234883,2.459119423782738,-0.7316277034243964,2.481636533755423,-3.568751315102336,-1.790226067639766
49.0,54.0,1007.7047119140624,-2.7482699592641264,-3.084966238921357,0.7103123819438212,3.5125819419334987,-0.3878594973234883,2.459119423782738,-0.7316277034243964,2.481636533755423,-3.568751315102336,-1.790226067639766
49.0,54.0,1007.7047119140624,-2.7482699592641264,-3.084966238921357,0.7103123819438212,3.5125819419334987,-0.3878594973234883,2.459119423782738,-0.7316277034243964,2.481636533755423,-3.568751315102336,-1.790226067639766
49.0,54.0,1007.7047119140624,-2.7482699592641264,-3.084966238921357,0.7103123819438212,3.5125819419334987,-0.3878594973234883,2.459119423782738,-0.7316277034243964,2.481636533755423,-3.568751315102336,-1.790226067639766
49.0,54.0,1007.7103271484376,-2.7482699592641264,-3.084966238921357,0.7504702103665593,3.528313394249601,-0.3410039863163017,2.284989204513621,-0.7404361456996039,2.475254826396203,-3.567723284644656,-1.790226067639766
49.0,54.0,1007.7213134765624,-2.759833688998106,-3.084966238921357,0.7504702103665593,3.528313394448954,-0.3410039863163017,2.284989204513621,-0.7407360428414014,2.481636533755423,-3.5677232867847213,-1.790226067639766
49.0,54.0,1007.7453002929688,-2.7775069310550347,-3.084966238921357,0.7504702103665593,3.5283133942995857,-0.3409991174979654,2.284989204513621,-0.7433253596569601,2.481636533755423,-3.5677262874234645,-1.790226067639766
49.0,54.0,1007.7479858398438,-2.7775069310550347,-3.084966238921357,0.7504702103665593,3.528313394445067,-0.3409997733495769,2.284989204513621,-0.7433253596569601,2.481791821386296,-3.5677015510217625,-1.790226067639766
49.0,54.0,1007.7479858398438,-2.7775069310550347,-3.084966238921357,0.7504702103665593,3.528313394445067,-0.3409997733495769,2.284989204513621,-0.7433253596569601,2.481791821386296,-3.5677015510217625,-1.790226067639766
49.0,54.0,1007.7510986328124,-2.516339170501914,-3.4912104107061976,0.7504702103665593,3.5283146801706584,-0.3410039863163017,2.283242056648532,-0.7403035447399663,2.481636533755423,-3.5677232838748867,-1.790226067639766
49.0,54.0,1007.7530517578124,-2.748269959158639,-3.084966238921357,0.7114370183359511,3.5125602058375325,-0.3880565347977187,2.4509596843070867,-0.7433735559438952,2.481636533755423,-3.568751315102336,-1.790226067639766
49.0,54.0,1007.7539672851562,-2.7482699592641264,-3.084966238921357,0.7508094283756677,3.5283133938704867,-0.3410039863163017,2.284989204513621,-0.7407486391033609,2.4816875654308923,-3.5677232867847213,-1.790226067639766
49.0,54.0,1007.7633056640624,-2.777432609222012,-3.084966238921357,0.7504702103665593,3.528313391724977,-0.3410039863163017,2.284989204513621,-0.7425101717867991,2.481636533755423,-3.5677263153302325,-1.790226067639766
49.0,54.0,1007.7659301757812,-2.7482699592641264,-3.084966238921357,0.7504702103665593,3.5277447521361247,-0.3410039863163017,2.4539750421013657,-0.809183774191555,2.655501830056008,-3.5677209845160047,-1.790226067639766
49.0,54.0,1007.7747802734376,-2.7482699592641264,-3.084966238921357,0.7504702103665593,3.528313394448954,-0.3410039863163017,2.284989204513621,-0.7407602965525796,2.481636533755423,-3.5677232867847213,-1.790226067639766
49.0,54.0,1007.7755126953124,-2.7482699592641264,-3.084966238921357,0.7504702103665593,3.528313394448954,-0.3410039863163017,2.284989204513621,-0.7407360428414014,2.481636533755423,-3.5677232867847213,-1.790226067639766
49.0,54.0,1007.7755126953124,-2.7482699592641264,-3.084966238921357,0.7504702103665593,3.528313394265864,-0.3410039863163017,2.284989204513621,-0.7407360428414014,2.481636533755423,-3.5677232867847213,-1.790226067639766
49.0,54.0,1007.7755126953124,-2.7482699592641264,-3.084966238921357,0.7504702103665593,3.528313394448954,-0.3410039863163017,2.284989204513621,-0.7407360428414014,2.481636533755423,-3.5677232867847213,-1.790226067639766
49.0,54.0,1007.7755126953124,-2.7482699592641264,-3.084966238921357,0.7504702103665593,3.528313394448954,-0.3410039863163017,2.284989204513621,-0.7407360428414014,2.481636533755423,-3.5677232867847213,-1.790226067639766
49.0,54.0,1007.7755126953124,-2.7482699592641264,-3.084966238921357,0.7504702103665593,3.528313394448954,-0.3410039863163017,2.284989204513621,-0.7407352466108453,2.481636533755423,-3.5677232867847213,-1.790226067639766
49.0,54.0,1007.7762451171876,-2.7482699592641264,-3.084966238921357,0.7504702103665593,3.528313394448954,-0.3410039863163017,2.284989204513621,-0.7407360428414014,2.481636533755423,-3.567735392902257,-1.790226067639766
49.0,54.0,1007.779541015625,-2.7482699592641264,-3.084966238921357,0.7504702103665593,3.52831337056986,-0.3410039863163017,2.284989204513621,-0.7405805011017815,2.481636533755423,-3.567718588734204,-1.790226067639766
49.0,54.0,1007.7798461914062,-2.7482699592641264,-3.084966238921357,0.7504702103665593,3.52831337056986,-0.3410039863163017,2.284989204513621,-0.7405805011017815,2.481636533755423,-3.5677232867847213,-1.790226067639766
49.0,54.0,1007.7798461914062,-2.7482699592641264,-3.084966238921357,0.7504702103665593,3.52831337056986,-0.3410039863163017,2.284989204513621,-0.7405805011017815,2.481636533755423,-3.5677232867847213,-1.790226067639766
49.0,54.0,1007.7799072265624,-2.748269959264156,-3.084966238921357,0.7504702103665593,3.5283133708844803,-0.3410039434426277,2.284989204513621,-0.7405805011017815,2.481636533755423,-3.56772454798797,-1.790226067639766
49.0,54.0,1007.7805786132812,-2.7482699591650643,-3.084966238921357,0.7504702103665593,3.528313391905983,-0.3410039863163017,2.284989204513621,-0.7403835836193685,2.481636533755423,-3.5676433577951543,-1.790226067639766
49.0,54.0,1007.7805786132812,-2.7482699591650643,-3.084966238921357,0.7504702103665593,3.528313391905983,-0.3410039863163017,2.284989204513621,-0.7403835836193685,2.481636533755423,-3.5676433577951543,-1.790226067639766
49.0,54.0,1007.785888671875,-2.7482699592641264,-3.084966238921357,0.7504702103665593,3.528313394442559,-0.3410039863163017,2.284989204513621,-0.7403642587695182,2.481636533755423,-3.5677232867847213,-1.790226067639766
49.0,55.0,1006.8124389648438,-2.7482699592567443,-3.084966238921357,0.7504702103665593,3.626136237166111,-0.3409994819891428,2.284989204513621,-0.7702688138332454,2.481636533755423,-3.5677232867847213,-1.790226067639766
49.0,55.0,1006.8192138671876,-2.7482699592641264,-3.084966238921357,0.7504702103665593,3.62808022236976,-0.3410039863163017,2.284989204513621,-0.7702688138332454,2.481636533755423,-3.5677232867847213,-1.790226067639766
49.0,55.0,1006.8193969726562,-2.7482699592641264,-3.084966238921357,0.7504702103665593,3.62808022236976,-0.3410039863163017,2.284989204513621,-0.7691686923684434,2.481636533755423,-3.5677232867847213,-1.790226067639766
49.0,55.0,1006.8193969726562,-2.7482699592641264,-3.084966238921357,0.7504702103665593,3.62808022236976,-0.3410039320791652,2.284989204513621,-0.7691686923684434,2.481636533755423,-3.5677232867847213,-1.790226067639766
49.0,55.0,1006.9544067382812,-2.777137815365703,-3.084966238921357,0.7504702103665593,3.62808022236976,-0.3410040291494154,2.284989204513621,-0.7691686923684434,2.481630806803264,-3.5677257660170056,-1.790226067639766
49.0,55.0,1007.0184936523438,-2.748269959206989,-3.084966238921357,0.7504702103665593,3.630729646399481,-0.3410039863163017,2.284989204513621,-0.7600141757169406,2.481636533755423,-3.5677229772783923,-1.790226067639766
49.0,55.0,1007.1939697265624,-2.488583886801435,-3.4912104107061976,0.7504702103665593,3.5283146801706584,-0.3410039863163017,2.298393951561972,-0.7316295583453882,2.481636533755423,-3.567721243657738,-1.790226067639766
49.0,55.0,1007.4210815429688,-2.502232886667316,-3.4912104107061976,0.7504702103665593,3.5283146801706584,-0.3410039863163017,2.298393951561972,-0.7316295583453882,2.481636533755423,-3.567721243657738,-1.790226067639766
49.0,55.0,1007.4949951171876,-2.748269960369769,-3.084966238921357,0.7504702103665593,3.528313391724977,-0.3410039863163017,2.284989204513621,-0.7600141757169406,2.481636533755423,-3.5677229772783923,-1.790226067639766
49.0,55.0,1007.4951171875,-2.748269960369769,-3.084966238921357,0.7504702103665593,3.528313391724977,-0.3410039863163017,2.284989204513621,-0.7600329113073536,2.481636533755423,-3.567728153604868,-1.790226067639766
49.0,55.0,1007.4951171875,-2.748269960369769,-3.084966238921357,0.7504702103665593,3.528313391724977,-0.3410039863163017,2.284989204513621,-0.7600329113073536,2.481636533755423,-3.567728002925472,-1.790226067639766
49.0,55.0,1007.4951782226562,-2.748269960369769,-3.084966238921357,0.7504702103665593,3.52831339452484,-0.3410039863163017,2.284989204513621,-0.7600329113073536,2.481636533755423,-3.5677224144201705,-1.790226067639766
49.0,55.0,1007.4951782226562,-2.7482699592806954,-3.084966238921357,0.7504702103665593,3.52831339452484,-0.3410039863163017,2.284989204513621,-0.7600329113073536,2.481636533755423,-3.5677224144201705,-1.790226067639766
49.0,55.0,1007.4951782226562,-2.7482699603855347,-3.084966238921357,0.7504702103665593,3.528313391794153,-0.3410039863163017,2.284989204513621,-0.7600329113073536,2.4816344456347705,-3.5677236002698307,-1.790226067639766
49.0,55.0,1007.4993896484376,-2.748344282202792,-3.084966238921357,0.7504702103665593,3.5283133942995857,-0.3409991174979654,2.284989204513621,-0.7608480991775145,2.481636533755423,-3.5677281256981006,-1.790226067639766
49.0,55.0,1007.4993896484376,-2.748344282202792,-3.084966238921357,0.7504702103665593,3.5283133942995857,-0.3409987753604932,2.284989204513621,-0.7608480991775145,2.481636533755423,-3.5677281256981006,-1.790226067639766
49.0,55.0,1007.4993896484376,-2.748344282202792,-3.084966238921357,0.7504702103665593,3.5283133942995857,-0.3409991717351019,2.284989204513621,-0.7608480991775145,2.481636533755423,-3.5677281256981006,-1.790226067639766
49.0,55.0,1007.500732421875,-2.748269960369769,-3.084966238921357,0.7504702103665593,3.528313394514821,-0.3409986121489108,2.284989204513621,-0.7608458423510043,2.481636533755423,-3.5677224144201705,-1.790226067639766
49.0,55.0,1007.5018310546876,-2.7482699603238023,-3.084966238921357,0.7504702103665593,3.52831339452484,-0.3410040139059318,2.284989204513621,-0.7609631579298635,2.481636533755423,-3.5677224144201705,-1.790226067639766
49.0,55.0,1007.6048583984376,-2.748269959169424,-3.084966238921357,0.7114370183359511,3.5125602058375325,-0.3878589655423112,2.459119423782738,-0.7324273698369891,2.481636533755423,-3.568751315102336,-1.790226067639766
49.0,55.0,1007.6050415039062,-2.748269959158639,-3.084966238921357,0.7114370183359511,3.5125602058375325,-0.3879913763496009,2.459119423782738,-0.7324273698369891,2.481636533755423,-3.568751315102336,-1.790226067639766
49.0,55.0,1007.6197509765624,-2.7482699592641264,-3.084966238921357,0.750844666386884,3.512572147923489,-0.3878594973234883,2.459119423782738,-0.7316277129809543,2.481636533755423,-3.568751315102336,-1.790226067639766
49.0,55.0,1007.6565551757812,-2.7482699592641264,-3.084966238921357,0.750844666386884,3.512572147923489,-0.3878594973234883,2.4580638137307544,-0.7316277129809543,2.481636533755423,-3.56781714439753,-1.790226067639766
49.0,55.0,1007.662353515625,-2.7482699592641264,-3.084966238921357,0.7522457138983545,3.5125821588113,-0.3878594973234883,2.459119423782738,-0.7316277034395157,2.481636533755423,-3.568751315102336,-1.790226067639766
49.0,55.0,1007.6748657226562,-2.7482699603997083,-3.084966238921357,0.7504702103665593,3.528313391843872,-0.3410039863163017,2.284989204513621,-0.7428877857020876,2.4742446243982315,-3.567723140504718,-1.790226067639766
49.0,55.0,1007.6791381835938,-2.7482699592641264,-3.084966238921357,0.750827870335017,3.512572147923489,-0.3878594973234883,2.459119423782738,-0.7316277129809543,2.4816362198296584,-3.567739416911024,-1.790226067639766
49.0,55.0,1007.6799926757812,-2.7482699592641264,-3.084966238921357,0.750827870335017,3.512572147923489,-0.3878594973234883,2.459119423782738,-0.7316277129809543,2.481620713210589,-3.567739416911024,-1.790226067639766
49.0,55.0,1007.7009887695312,-2.748269959257198,-3.084966238921357,0.7504702103665593,3.5283133941723674,-0.3409991603716393,2.284989204513621,-0.7433446845068106,2.481636533755423,-3.567640230410502,-1.790226067639766
49.0,55.0,1007.7011108398438,-2.748269959257228,-3.084966238921357,0.7504702103665593,3.528313394486988,-0.3409991174979654,2.284989204513621,-0.7433446845068106,2.481636533755423,-3.5676414916137507,-1.790226067639766
49.0,55.0,1007.7012939453124,-2.74826996036287,-3.084966238921357,0.7504702103665593,3.52831339176301,-0.3409991174979654,2.284989204513621,-0.7433446845068106,2.481636533755423,-3.567646358433897,-1.790226067639766
49.0,55.0,1007.7012939453124,-2.74826996036287,-3.084966238921357,0.7504702103665593,3.528313391831701,-0.3409991174979654,2.284989204513621,-0.7433446845068106,2.481636533755423,-3.5676458676638467,-1.790226067639766
49.0,55.0,1007.7012939453124,-2.74826996036287,-3.084966238921357,0.7504702103665593,3.528313394511382,-0.3409997938382954,2.284989204513621,-0.743345360819345,2.481636533755423,-3.5676458676638467,-1.790226067639766
49.0,55.0,1007.7015380859376,-2.74826996036287,-3.084966238921357,0.7504702103665593,3.52831339176301,-0.3409991174979654,2.284989204513621,-0.7433446845068106,2.481636533755423,-3.5676510564844155,-1.790226067639766
49.0,55.0,1007.701904296875,-2.7482699592645807,-3.084966238921357,0.7504702103665593,3.5302573793760166,-0.3410036646987982,2.284989204513621,-0.7433446845068106,2.481636533755423,-3.567640230410502,-1.790226067639766
49.0,55.0,1007.7047119140624,-2.7482699592641264,-3.084966238921357,0.7103123819438212,3.5125819419334987,-0.3878594973234883,2.459119423782738,-0.7316277034243964,2.481636533755423,-3.568751315102336,-1.790226067639766
49.0,55.0,1007.7047119140624,-2.7482699592641264,-3.084966238921357,0.7103123819438212,3.5125819419334987,-0.3878594973234883,2.459119423782738,-0.7316277034243964,2.481636533755423,-3.568751315102336,-1.790226067639766
49.0,55.0,1007.7047119140624,-2.7482699592641264,-3.084966238921357,0.7103123819438212,3.5125819419334987,-0.3878594973234883,2.459119423782738,-0.7316277034243964,2.481636533755423,-3.568751315102336,-1.790226067639766
49.0,55.0,1007.7047119140624,-2.7482699592641264,-3.084966238921357,0.7103123819438212,3.5125819419334987,-0.3878594973234883,2.459119423782738,-0.7316277034243964,2.481636533755423,-3.568751315102336,-1.790226067639766
49.0,55.0,1007.7103271484376,-2.7482699592641264,-3.084966238921357,0.7504702103665593,3.528313394249601,-0.3410039863163017,2.284989204513621,-0.7404361456996039,2.475254826396203,-3.567723284644656,-1.790226067639766
49.0,55.0,1007.7103271484376,-2.7482699592641264,-3.084966238921357,0.7504702103665593,3.528313394249601,-0.3410039863163017,2.284989204513621,-0.7404361456996039,2.475254826396203,-3.567723284644656,-1.790226067639766
49.0,55.0,1007.7213134765624,-2.759833688998106,-3.084966238921357,0.7504702103665593,3.528313394448954,-0.3410039863163017,2.284989204513621,-0.7407360428414014,2.481636533755423,-3.5677232867847213,-1.790226067639766
49.0,55.0,1007.7254638671876,-2.748269959319764,-3.084966238921357,0.7504702103665593,3.528313391831701,-0.3409990899083353,2.284989204513621,-0.7424144378843007,2.481636533755423,-3.5676458676638467,-1.790226067639766
49.0,55.0,1007.740966796875,-2.747385916440237,-3.084966238921357,0.7504702103665593,3.528313391724977,-0.3409991250188364,2.284989204513621,-0.7423138398919348,2.481636533755423,-3.5677263153302325,-1.790226067639766
49.0,55.0,1007.7453002929688,-2.7775069310550347,-3.084966238921357,0.7504702103665593,3.5283133942995857,-0.3409991174979654,2.284989204513621,-0.7433253596569601,2.481636533755423,-3.5677262874234645,-1.790226067639766
49.0,55.0,1007.7479858398438,-2.7775069310550347,-3.084966238921357,0.7504702103665593,3.528313394445067,-0.3409997733495769,2.284989204513621,-0.7433253596569601,2.481791821386296,-3.5677015510217625,-1.790226067639766
49.0,55.0,1007.7479858398438,-2.7775069310550347,-3.084966238921357,0.7504702103665593,3.528313394445067,-0.3409997733495769,2.284989204513621,-0.7433253596569601,2.481791821386296,-3.5677015510217625,-1.790226067639766
49.0,55.0,1007.7510986328124,-2.516339170501914,-3.4912104107061976,0.7504702103665593,3.5283146801706584,-0.3410039863163017,2.283242056648532,-0.7403035447399663,2.481636533755423,-3.5677232838748867,-1.790226067639766
49.0,55.0,1007.7510986328124,-2.516339170501914,-3.4912104107061976,0.7504702103665593,3.5283146801706584,-0.3410039863163017,2.283242056648532,-0.7403035447399663,2.481636533755423,-3.5677232838748867,-1.790226067639766
49.0,55.0,1007.7530517578124,-2.748269959158639,-3.084966238921357,0.7114370183359511,3.5125602058375325,-0.3880565347977187,2.4509596843070867,-0.7433735559438952,2.481636533755423,-3.568751315102336,-1.790226067639766
49.0,55.0,1007.7539672851562,-2.7482699592641264,-3.084966238921357,0.7508094283756677,3.5283133938704867,-0.3410039863163017,2.284989204513621,-0.7407486391033609,2.4816875654308923,-3.5677232867847213,-1.790226067639766
49.0,56.0,1006.8124389648438,-2.7482699592567443,-3.084966238921357,0.7504702103665593,3.626136237166111,-0.3409994819891428,2.284989204513621,-0.7702688138332454,2.481636533755423,-3.5677232867847213,-1.790226067639766
49.0,56.0,1006.8192138671876,-2.7482699592641264,-3.084966238921357,0.7504702103665593,3.62808022236976,-0.3410039863163017,2.284989204513621,-0.7702688138332454,2.481636533755423,-3.5677232867847213,-1.790226067639766
49.0,56.0,1006.8193969726562,-2.7482699592641264,-3.084966238921357,0.7504702103665593,3.62808022236976,-0.3410039863163017,2.284989204513621,-0.7691686923684434,2.481636533755423,-3.5677232867847213,-1.790226067639766
49.0,56.0,1006.8193969726562,-2.7482699592641264,-3.084966238921357,0.7504702103665593,3.62808022236976,-0.3410039320791652,2.284989204513621,-0.7691686923684434,2.481636533755423,-3.5677232867847213,-1.790226067639766
49.0,56.0,1006.819580078125,-2.7482699592641264,-3.084966238921357,0.7504702103665593,3.62808022236976,-0.3410039863163017,2.284989204513621,-0.7691141982133604,2.481636533755423,-3.5677232878829,-1.790226067639766
49.0,56.0,1006.9544067382812,-2.777137815365703,-3.084966238921357,0.7504702103665593,3.62808022236976,-0.3410040291494154,2.284989204513621,-0.7691686923684434,2.481630806803264,-3.5677257660170056,-1.790226067639766
49.0,56.0,1007.0184936523438,-2.748269959206989,-3.084966238921357,0.7504702103665593,3.630729646399481,-0.3410039863163017,2.284989204513621,-0.7600141757169406,2.481636533755423,-3.5677229772783923,-1.790226067639766
49.0,56.0,1007.0184936523438,-2.7482699591912008,-3.084966238921357,0.7504702103665593,3.630729646399481,-0.3410039863163017,2.284989204513621,-0.7600141757169406,2.481636533755423,-3.5677229772783923,-1.790226067639766
49.0,56.0,1007.0184936523438,-2.748269959206989,-3.084966238921357,0.7504702103665593,3.630729646399481,-0.3410039863163017,2.284989204513621,-0.7600141757169406,2.481636533755423,-3.5677229772783923,-1.790226067639766
49.0,56.0,1007.1939697265624,-2.488583886801435,-3.4912104107061976,0.7504702103665593,3.5283146801706584,-0.3410039863163017,2.298393951561972,-0.7316295583453882,2.481636533755423,-3.567721243657738,-1.790226067639766
49.0,56.0,1007.2905883789062,-2.777137815365703,-3.084966238921357,0.7504702103665593,3.62808022236976,-0.3410044160776527,2.272427946645708,-0.7691686923684434,2.481630806803264,-3.5677257660170056,-1.790226067639766
49.0,56.0,1007.4210815429688,-2.502232886667316,-3.4912104107061976,0.7504702103665593,3.5283146801706584,-0.3410039863163017,2.298393951561972,-0.7316295583453882,2.481636533755423,-3.567721243657738,-1.790226067639766
49.0,56.0,1007.4403686523438,-2.502232886667316,-3.4912104107061976,0.7504702103665593,3.5283146801706584,-0.3410039863163017,2.2995211736703323,-0.7318984672313882,2.481671224569173,-3.5677212508882112,-1.790226067639766
49.0,56.0,1007.4949951171876,-2.748269960369769,-3.084966238921357,0.7504702103665593,3.528313391724977,-0.3410039863163017,2.284989204513621,-0.7600141757169406,2.481636533755423,-3.5677229772783923,-1.790226067639766
49.0,56.0,1007.4949951171876,-2.7482699603855574,-3.084966238921357,0.7504702103665593,3.528313391724977,-0.3410039863163017,2.284989204513621,-0.7600141757169406,2.481636533755423,-3.5677229772783923,-1.790226067639766
49.0,56.0,1007.4951171875,-2.748269960369769,-3.084966238921357,0.7504702103665593,3.528313391724977,-0.3410039863163017,2.284989204513621,-0.7600329113073536,2.481636533755423,-3.567728153604868,-1.790226067639766
49.0,56.0,1007.4951171875,-2.748269960369769,-3.084966238921357,0.7504702103665593,3.528313391724977,-0.3410039863163017,2.284989204513621,-0.7600329113073536,2.481636533755423,-3.567728002925472,-1.790226067639766
49.0,56.0,1007.4951782226562,-2.748269960369769,-3.084966238921357,0.7504702103665593,3.52831339452484,-0.3410039863163017,2.284989204513621,-0.7600329113073536,2.481636533755423,-3.5677224144201705,-1.790226067639766
49.0,56.0,1007.4951782226562,-2.7482699592806954,-3.084966238921357,0.7504702103665593,3.52831339452484,-0.3410039863163017,2.284989204513621,-0.7600329113073536,2.481636533755423,-3.5677224144201705,-1.790226067639766
49.0,56.0,1007.4951782226562,-2.7482699603855347,-3.084966238921357,0.7504702103665593,3.528313391794153,-0.3410039863163017,2.284989204513621,-0.7600329113073536,2.4816344456347705,-3.5677236002698307,-1.790226067639766
49.0,56.0,1007.495361328125,-2.748269960369769,-3.084966238921357,0.7504702103665593,3.528313391724977,-0.3410039863163017,2.284989204513621,-0.7600686698720237,2.481636533755423,-3.567722976180214,-1.790226067639766
49.0,56.0,1007.4993896484376,-2.748344282202792,-3.084966238921357,0.7504702103665593,3.5283133942995857,-0.3409991174979654,2.284989204513621,-0.7608480991775145,2.481636533755423,-3.5677281256981006,-1.790226067639766
49.0,56.0,1007.4993896484376,-2.748344282202792,-3.084966238921357,0.7504702103665593,3.5283133942995857,-0.3409987753604932,2.284989204513621,-0.7608480991775145,2.481636533755423,-3.5677281256981006,-1.790226067639766
49.0,56.0,1007.4993896484376,-2.748344282202792,-3.084966238921357,0.7504702103665593,3.5283133942995857,-0.3409991717351019,2.284989204513621,-0.7608480991775145,2.481636533755423,-3.5677281256981006,-1.790226067639766
49.0,56.0,1007.500732421875,-2.748269960369769,-3.084966238921357,0.7504702103665593,3.528313394514821,-0.3409986121489108,2.284989204513621,-0.7608458423510043,2.481636533755423,-3.5677224144201705,-1.790226067639766
49.0,56.0,1007.5013427734376,-2.748344282202792,-3.084966238921357,0.7504702103665593,3.5283133942995857,-0.3409987753604932,2.284989204513621,-0.7610755907340159,2.481636533755423,-3.5677281256981006,-1.790226067639766
49.0,56.0,1007.5018310546876,-2.7482699603238023,-3.084966238921357,0.7504702103665593,3.52831339452484,-0.3410040139059318,2.284989204513621,-0.7609631579298635,2.481636533755423,-3.5677224144201705,-1.790226067639766
49.0,56.0,1007.5018310546876,-2.748269960261776,-3.084966238921357,0.7504702103665593,3.52831339452484,-0.3410040139059318,2.284989204513621,-0.7609631579298635,2.481636533755423,-3.5677224144201705,-1.790226067639766
49.0,56.0,1007.5380249023438,-2.748269960369769,-3.084966238921357,0.7478064828376751,3.52831339452484,-0.3403472794899476,2.284989204513621,-0.7600329113073536,2.481636533755423,-3.5677268877286408,-1.790226067639766
49.0,56.0,1007.578857421875,-2.7482699592641264,-3.084966238921357,0.7912085435635743,3.5125819419334987,-0.3885162041498424,2.459119423782738,-0.7316277034243964,2.481636533755423,-3.5687468417938653,-1.790226067639766
49.0,56.0,1007.6048583984376,-2.748269959169424,-3.084966238921357,0.7114370183359511,3.5125602058375325,-0.3878589655423112,2.459119423782738,-0.7324273698369891,2.481636533755423,-3.568751315102336,-1.790226067639766
49.0,56.0,1007.6050415039062,-2.748269959158639,-3.084966238921357,0.7114370183359511,3.5125602058375325,-0.3879913763496009,2.459119423782738,-0.7324273698369891,2.481636533755423,-3.568751315102336,-1.790226067639766
49.0,56.0,1007.6197509765624,-2.7482699592641264,-3.084966238921357,0.750844666386884,3.512572147923489,-0.3878594973234883,2.459119423782738,-0.7316277129809543,2.481636533755423,-3.568751315102336,-1.790226067639766
49.0,56.0,1007.6565551757812,-2.7482699592641264,-3.084966238921357,0.750844666386884,3.512572147923489,-0.3878594973234883,2.4580638137307544,-0.7316277129809543,2.481636533755423,-3.56781714439753,-1.790226067639766
49.0,56.0,1007.662353515625,-2.7482699592641264,-3.084966238921357,0.7522457138983545,3.5125821588113,-0.3878594973234883,2.459119423782738,-0.7316277034395157,2.481636533755423,-3.568751315102336,-1.790226067639766
49.0,56.0,1007.6748657226562,-2.7482699603997083,-3.084966238921357,0.7504702103665593,3.528313391843872,-0.3410039863163017,2.284989204513621,-0.7428877857020876,2.4742446243982315,-3.567723140504718,-1.790226067639766
49.0,56.0,1007.6791381835938,-2.7482699592641264,-3.084966238921357,0.750827870335017,3.512572147923489,-0.3878594973234883,2.459119423782738,-0.7316277129809543,2.4816362198296584,-3.567739416911024,-1.790226067639766
49.0,56.0,1007.6799926757812,-2.7482699592641264,-3.084966238921357,0.750827870335017,3.512572147923489,-0.3878594973234883,2.459119423782738,-0.7316277129809543,2.481620713210589,-3.567739416911024,-1.790226067639766
49.0,56.0,1007.7009887695312,-2.748269959257198,-3.084966238921357,0.7504702103665593,3.5283133941723674,-0.3409991603716393,2.284989204513621,-0.7433446845068106,2.481636533755423,-3.567640230410502,-1.790226067639766
49.0,56.0,1007.7011108398438,-2.748269959257228,-3.084966238921357,0.7504702103665593,3.528313394486988,-0.3409991174979654,2.284989204513621,-0.7433446845068106,2.481636533755423,-3.5676414916137507,-1.790226067639766
49.0,56.0,1007.7012939453124,-2.74826996036287,-3.084966238921357,0.7504702103665593,3.52831339176301,-0.3409991174979654,2.284989204513621,-0.7433446845068106,2.481636533755423,-3.567646358433897,-1.790226067639766
49.0,56.0,1007.7012939453124,-2.74826996036287,-3.084966238921357,0.7504702103665593,3.528313391831701,-0.3409991174979654,2.284989204513621,-0.7433446845068106,2.481636533755423,-3.5676458676638467,-1.790226067639766
49.0,56.0,1007.7012939453124,-2.74826996036287,-3.084966238921357,0.7504702103665593,3.528313394511382,-0.3409997938382954,2.284989204513621,-0.743345360819345,2.481636533755423,-3.5676458676638467,-1.790226067639766
49.0,56.0,1007.7015380859376,-2.74826996036287,-3.084966238921357,0.7504702103665593,3.52831339176301,-0.3409991174979654,2.284989204513621,-0.7433446845068106,2.481636533755423,-3.5676510564844155,-1.790226067639766
49.0,56.0,1007.701904296875,-2.7482699592645807,-3.084966238921357,0.7504702103665593,3.5302573793760166,-0.3410036646987982,2.284989204513621,-0.7433446845068106,2.481636533755423,-3.567640230410502,-1.790226067639766
49.0,56.0,1007.7047119140624,-2.7482699592641264,-3.084966238921357,0.7103123819438212,3.5125819419334987,-0.3878594973234883,2.459119423782738,-0.7316277034243964,2.481636533755423,-3.568751315102336,-1.790226067639766
49.0,56.0,1007.7047119140624,-2.7482699592641264,-3.084966238921357,0.7103123819438212,3.5125819419334987,-0.3878594973234883,2.459119423782738,-0.7316277034243964,2.481636533755423,-3.568751315102336,-1.790226067639766
49.0,56.0,1007.7047119140624,-2.7482699592641264,-3.084966238921357,0.7103123819438212,3.5125819419334987,-0.3878594973234883,2.459119423782738,-0.7316277034243964,2.481636533755423,-3.568751315102336,-1.790226067639766
49.0,56.0,1007.7047119140624,-2.7482699592641264,-3.084966238921357,0.7103123819438212,3.5125819419334987,-0.3878594973234883,2.459119423782738,-0.7316277034243964,2.481636533755423,-3.568751315102336,-1.790226067639766
49.0,56.0,1007.7047119140624,-2.7482699592641264,-3.084966238921357,0.7103123819438212,3.5125819419334987,-0.3878594973234883,2.459119423782738,-0.7316277034243964,2.481636533755423,-3.568751315102336,-1.790226067639766
49.0,57.0,1006.8124389648438,-2.7482699592567443,-3.084966238921357,0.7504702103665593,3.626136237166111,-0.3409994819891428,2.284989204513621,-0.7702688138332454,2.481636533755423,-3.5677232867847213,-1.790226067639766
49.0,57.0,1006.8192138671876,-2.7482699592641264,-3.084966238921357,0.7504702103665593,3.62808022236976,-0.3410039863163017,2.284989204513621,-0.7702688138332454,2.481636533755423,-3.5677232867847213,-1.790226067639766
49.0,57.0,1006.8193969726562,-2.7482699592641264,-3.084966238921357,0.7504702103665593,3.62808022236976,-0.3410039863163017,2.284989204513621,-0.7691686923684434,2.481636533755423,-3.5677232867847213,-1.790226067639766
49.0,57.0,1006.8193969726562,-2.7482699592641264,-3.084966238921357,0.7504702103665593,3.62808022236976,-0.3410039320791652,2.284989204513621,-0.7691686923684434,2.481636533755423,-3.5677232867847213,-1.790226067639766
49.0,57.0,1006.819580078125,-2.7482699592641264,-3.084966238921357,0.7504702103665593,3.62808022236976,-0.3410039863163017,2.284989204513621,-0.7691141982133604,2.481636533755423,-3.5677232878829,-1.790226067639766
49.0,57.0,1006.8379516601562,-2.7482699592055546,-3.084966238921357,0.7504702103665593,3.630664927254932,-0.3410039304413453,2.284989204513621,-0.7691686923684434,2.481636533755423,-3.5677232867847213,-1.790226067639766
49.0,57.0,1006.9544067382812,-2.777137815365703,-3.084966238921357,0.7504702103665593,3.62808022236976,-0.3410040291494154,2.284989204513621,-0.7691686923684434,2.481630806803264,-3.5677257660170056,-1.790226067639766
49.0,57.0,1006.9544067382812,-2.777137815365703,-3.084966238921357,0.7504702103665593,3.62808022236976,-0.3410044009920108,2.284989204513621,-0.7691686923684434,2.481630806803264,-3.5677257660170056,-1.790226067639766
49.0,57.0,1006.9959716796876,-2.7482699592641264,-3.084966238921357,0.7504702103665593,3.631399941994873,-0.3410039863163017,2.284989204513621,-0.7603225610385665,2.481636533755423,-3.5677232867847213,-1.790226067639766
49.0,57.0,1007.0050659179688,-2.748269959206989,-3.084966238921357,0.7504702103665593,3.6316404630992007,-0.3410039863163017,2.284989204513621,-0.7600141159716208,2.481636533755423,-3.5677229772783923,-1.790226067639766
49.0,57.0,1007.0183715820312,-2.748269960389182,-3.084966238921357,0.7504702103665593,3.630729646399481,-0.3410039863163017,2.284989204513621,-0.7600141757169406,2.481636533755423,-3.567720001389681,-1.790226067639766
49.0,57.0,1007.0184936523438,-2.748269959206989,-3.084966238921357,0.7504702103665593,3.630729646399481,-0.3410039863163017,2.284989204513621,-0.7600141757169406,2.481636533755423,-3.5677229772783923,-1.790226067639766
49.0,57.0,1007.0184936523438,-2.7482699591912008,-3.084966238921357,0.7504702103665593,3.630729646399481,-0.3410039863163017,2.284989204513621,-0.7600141757169406,2.481636533755423,-3.5677229772783923,-1.790226067639766
49.0,57.0,1007.0184936523438,-2.748269959206989,-3.084966238921357,0.7504702103665593,3.630729646399481,-0.3410039863163017,2.284989204513621,-0.7600141757169406,2.481636533755423,-3.5677229772783923,-1.790226067639766
49.0,57.0,1007.0184936523438,-2.748269959206989,-3.084966238921357,0.7504702103665593,3.630729646399481,-0.3410039863163017,2.284989204513621,-0.7600141757169406,2.481636533755423,-3.5677229772783923,-1.790226067639766
49.0,57.0,1007.0184936523438,-2.748269959206989,-3.084966238921357,0.7504702103665593,3.630729646399481,-0.3410039863163017,2.284989204513621,-0.7600141757169406,2.481636533755423,-3.5677229772783923,-1.790226067639766
49.0,57.0,1007.1939697265624,-2.488583886801435,-3.4912104107061976,0.7504702103665593,3.5283146801706584,-0.3410039863163017,2.298393951561972,-0.7316295583453882,2.481636533755423,-3.567721243657738,-1.790226067639766
49.0,57.0,1007.2905883789062,-2.777137815365703,-3.084966238921357,0.7504702103665593,3.62808022236976,-0.3410044160776527,2.272427946645708,-0.7691686923684434,2.481630806803264,-3.5677257660170056,-1.790226067639766
49.0,57.0,1007.2905883789062,-2.777137815365703,-3.084966238921357,0.7504702103665593,3.62808022236976,-0.3410040442350574,2.272427946645708,-0.7691686923684434,2.481630806803264,-3.5677257660170056,-1.790226067639766
49.0,57.0,1007.3033447265624,-2.777137815365703,-3.084966238921357,0.7504702103665593,3.6279160201100167,-0.3410040291494154,2.284989204513621,-0.7607715196083482,2.481630806803264,-3.5677257660170056,-1.790226067639766
49.0,57.0,1007.4210815429688,-2.502232886667316,-3.4912104107061976,0.7504702103665593,3.5283146801706584,-0.3410039863163017,2.298393951561972,-0.7316295583453882,2.481636533755423,-3.567721243657738,-1.790226067639766
49.0,57.0,1007.4403686523438,-2.502232886667316,-3.4912104107061976,0.7504702103665593,3.5283146801706584,-0.3410039863163017,2.2995211736703323,-0.7318984672313882,2.481671224569173,-3.5677212508882112,-1.790226067639766
49.0,57.0,1007.4403686523438,-2.502232886667316,-3.4912104107061976,0.7504702103665593,3.5283146801706584,-0.3410039863163017,2.2995211736703323,-0.7318984672313882,2.481671224569173,-3.56772125086993,-1.790226067639766
49.0,57.0,1007.4949951171876,-2.748269960369769,-3.084966238921357,0.7504702103665593,3.528313391724977,-0.3410039863163017,2.284989204513621,-0.7600141757169406,2.481636533755423,-3.5677229772783923,-1.790226067639766
49.0,57.0,1007.4949951171876,-2.7482699603855574,-3.084966238921357,0.7504702103665593,3.528313391724977,-0.3410039863163017,2.284989204513621,-0.7600141757169406,2.481636533755423,-3.5677229772783923,-1.790226067639766
49.0,57.0,1007.4951171875,-2.748269960369769,-3.084966238921357,0.7504702103665593,3.528313391724977,-0.3410039863163017,2.284989204513621,-0.7600329113073536,2.481636533755423,-3.567728153604868,-1.790226067639766
49.0,57.0,1007.4951171875,-2.748269960369769,-3.084966238921357,0.7504702103665593,3.528313391724977,-0.3410039863163017,2.284989204513621,-0.7600329113073536,2.481636533755423,-3.567728002925472,-1.790226067639766
49.0,57.0,1007.4951782226562,-2.748269960369769,-3.084966238921357,0.7504702103665593,3.52831339452484,-0.3410039863163017,2.284989204513621,-0.7600329113073536,2.481636533755423,-3.5677224144201705,-1.790226067639766
49.0,57.0,1007.4951782226562,-2.7482699592806954,-3.084966238921357,0.7504702103665593,3.52831339452484,-0.3410039863163017,2.284989204513621,-0.7600329113073536,2.481636533755423,-3.5677224144201705,-1.790226067639766
49.0,57.0,1007.4951782226562,-2.7482699603855347,-3.084966238921357,0.7504702103665593,3.528313391794153,-0.3410039863163017,2.284989204513621,-0.7600329113073536,2.4816344456347705,-3.5677236002698307,-1.790226067639766
49.0,57.0,1007.4951782226562,-2.748269960369769,-3.084966238921357,0.7504702103665593,3.52831339452484,-0.3410039863163017,2.284989204513621,-0.7600329113073536,2.481636533755423,-3.5677224144201705,-1.790226067639766
49.0,57.0,1007.495361328125,-2.748269960369769,-3.084966238921357,0.7504702103665593,3.528313391724977,-0.3410039863163017,2.284989204513621,-0.7600686698720237,2.481636533755423,-3.567722976180214,-1.790226067639766
49.0,57.0,1007.4993896484376,-2.748344282202792,-3.084966238921357,0.7504702103665593,3.5283133942995857,-0.3409991174979654,2.284989204513621,-0.7608480991775145,2.481636533755423,-3.5677281256981006,-1.790226067639766
49.0,57.0,1007.4993896484376,-2.748344282202792,-3.084966238921357,0.7504702103665593,3.5283133942995857,-0.3409987753604932,2.284989204513621,-0.7608480991775145,2.481636533755423,-3.5677281256981006,-1.790226067639766
49.0,57.0,1007.4993896484376,-2.748344282202792,-3.084966238921357,0.7504702103665593,3.5283133942995857,-0.3409991717351019,2.284989204513621,-0.7608480991775145,2.481636533755423,-3.5677281256981006,-1.790226067639766
49.0,57.0,1007.5,-2.748344498384266,-3.084966238921357,0.7504702103665593,3.5283133942995857,-0.3409987753604932,2.284989204513621,-0.76092385720827,2.481636533755423,-3.5677281256981006,-1.790226067639766
49.0,57.0,1007.500732421875,-2.748269960369769,-3.084966238921357,0.7504702103665593,3.528313394514821,-0.3409986121489108,2.284989204513621,-0.7608458423510043,2.481636533755423,-3.5677224144201705,-1.790226067639766
49.0,57.0,1007.5013427734376,-2.748344282202792,-3.084966238921357,0.7504702103665593,3.5283133942995857,-0.3409987753604932,2.284989204513621,-0.7610755907340159,2.481636533755423,-3.5677281256981006,-1.790226067639766
49.0,57.0,1007.5018310546876,-2.7482699603238023,-3.084966238921357,0.7504702103665593,3.52831339452484,-0.3410040139059318,2.284989204513621,-0.7609631579298635,2.481636533755423,-3.5677224144201705,-1.790226067639766
49.0,57.0,1007.5018310546876,-2.748269960261776,-3.084966238921357,0.7504702103665593,3.52831339452484,-0.3410040139059318,2.284989204513621,-0.7609631579298635,2.481636533755423,-3.5677224144201705,-1.790226067639766
49.0,57.0,1007.5380249023438,-2.748269960369769,-3.084966238921357,0.7478064828376751,3.52831339452484,-0.3403472794899476,2.284989204513621,-0.7600329113073536,2.481636533755423,-3.5677268877286408,-1.790226067639766
49.0,57.0,1007.543212890625,-2.7482699592641264,-3.084966238921357,0.7504702103665593,3.6288310389197456,-0.2863923259185069,2.284989204513621,-0.7691686923684434,2.481636533755423,-3.5677232867847213,-1.790226067639766
49.0,57.0,1007.578857421875,-2.7482699592641264,-3.084966238921357,0.7912085435635743,3.5125819419334987,-0.3885162041498424,2.459119423782738,-0.7316277034243964,2.481636533755423,-3.5687468417938653,-1.790226067639766
49.0,57.0,1007.6039428710938,-2.748269960369769,-3.084966238921357,0.7504702103665593,3.524993672099864,-0.3410039863163017,2.284989204513621,-0.7699791641020325,2.481636533755423,-3.567728153604868,-1.790226067639766
49.0,57.0,1007.6048583984376,-2.748269959169424,-3.084966238921357,0.7114370183359511,3.5125602058375325,-0.3878589655423112,2.459119423782738,-0.7324273698369891,2.481636533755423,-3.568751315102336,-1.790226067639766
49.0,57.0,1007.6050415039062,-2.748269959158639,-3.084966238921357,0.7114370183359511,3.5125602058375325,-0.3879913763496009,2.459119423782738,-0.7324273698369891,2.481636533755423,-3.568751315102336,-1.790226067639766
49.0,57.0,1007.6197509765624,-2.7482699592641264,-3.084966238921357,0.750844666386884,3.512572147923489,-0.3878594973234883,2.459119423782738,-0.7316277129809543,2.481636533755423,-3.568751315102336,-1.790226067639766
49.0,57.0,1007.6565551757812,-2.7482699592641264,-3.084966238921357,0.750844666386884,3.512572147923489,-0.3878594973234883,2.4580638137307544,-0.7316277129809543,2.481636533755423,-3.56781714439753,-1.790226067639766
49.0,57.0,1007.662353515625,-2.7482699592641264,-3.084966238921357,0.7522457138983545,3.5125821588113,-0.3878594973234883,2.459119423782738,-0.7316277034395157,2.481636533755423,-3.568751315102336,-1.790226067639766
49.0,57.0,1007.6748657226562,-2.7482699603997083,-3.084966238921357,0.7504702103665593,3.528313391843872,-0.3410039863163017,2.284989204513621,-0.7428877857020876,2.4742446243982315,-3.567723140504718,-1.790226067639766
49.0,58.0,1006.8124389648438,-2.7482699592567443,-3.084966238921357,0.7504702103665593,3.626136237166111,-0.3409994819891428,2.284989204513621,-0.7702688138332454,2.481636533755423,-3.5677232867847213,-1.790226067639766
49.0,58.0,1006.8192138671876,-2.7482699592641264,-3.084966238921357,0.7504702103665593,3.62808022236976,-0.3410039863163017,2.284989204513621,-0.7702688138332454,2.481636533755423,-3.5677232867847213,-1.790226067639766
49.0,58.0,1006.8193969726562,-2.7482699592641264,-3.084966238921357,0.7504702103665593,3.62808022236976,-0.3410039863163017,2.284989204513621,-0.7691686923684434,2.481636533755423,-3.5677232867847213,-1.790226067639766
49.0,58.0,1006.8193969726562,-2.7482699592641264,-3.084966238921357,0.7504702103665593,3.62808022236976,-0.3410039320791652,2.284989204513621,-0.7691686923684434,2.481636533755423,-3.5677232867847213,-1.790226067639766
49.0,58.0,1006.819580078125,-2.7482699592641264,-3.084966238921357,0.7504702103665593,3.62808022236976,-0.3410039863163017,2.284989204513621,-0.7691141982133604,2.481636533755423,-3.5677232878829,-1.790226067639766
49.0,58.0,1006.8202514648438,-2.748269959206989,-3.084966238921357,0.7504702103665593,3.627961971852735,-0.3410039863163017,2.284989204513621,-0.7688956824813592,2.481636533755423,-3.567722972564688,-1.790226067639766
49.0,58.0,1006.8379516601562,-2.7482699592055546,-3.084966238921357,0.7504702103665593,3.630664927254932,-0.3410039304413453,2.284989204513621,-0.7691686923684434,2.481636533755423,-3.5677232867847213,-1.790226067639766
49.0,58.0,1006.8734130859376,-2.776521416126294,-3.084966238921357,0.7518147740113175,3.631092943147293,-0.3410044009920108,2.2971295778555514,-0.7691686923684434,2.481630806803264,-3.568726497930961,-1.790226067639766
49.0,58.0,1006.9544067382812,-2.777137815365703,-3.084966238921357,0.7504702103665593,3.62808022236976,-0.3410040291494154,2.284989204513621,-0.7691686923684434,2.481630806803264,-3.5677257660170056,-1.790226067639766
49.0,58.0,1006.9544067382812,-2.777137815365703,-3.084966238921357,0.7504702103665593,3.62808022236976,-0.3410044009920108,2.284989204513621,-0.7691686923684434,2.481630806803264,-3.5677257660170056,-1.790226067639766
49.0,58.0,1006.9959716796876,-2.7482699592641264,-3.084966238921357,0.7504702103665593,3.631399941994873,-0.3410039863163017,2.284989204513621,-0.7603225610385665,2.481636533755423,-3.5677232867847213,-1.790226067639766
49.0,58.0,1006.9977416992188,-2.7814448154077343,-3.084951740068169,0.7504702103665593,3.62808022236976,-0.3410044009920108,2.284989204513621,-0.7707622541463635,2.481630762700871,-3.5677257660170056,-1.790226067639766
49.0,58.0,1007.0050659179688,-2.748269959206989,-3.084966238921357,0.7504702103665593,3.6316404630992007,-0.3410039863163017,2.284989204513621,-0.7600141159716208,2.481636533755423,-3.5677229772783923,-1.790226067639766
49.0,58.0,1007.0074462890624,-2.7482699592641264,-3.084966238921357,0.7504702103665593,3.630847896916506,-0.3410039863163017,2.284989204513621,-0.7602326914489418,2.481636533755423,-3.567723292596604,-1.790226067639766
49.0,58.0,1007.0183715820312,-2.748269960389182,-3.084966238921357,0.7504702103665593,3.630729646399481,-0.3410039863163017,2.284989204513621,-0.7600141757169406,2.481636533755423,-3.567720001389681,-1.790226067639766
49.0,58.0,1007.0184936523438,-2.748269959206989,-3.084966238921357,0.7504702103665593,3.630729646399481,-0.3410039863163017,2.284989204513621,-0.7600141757169406,2.481636533755423,-3.5677229772783923,-1.790226067639766
49.0,58.0,1007.0184936523438,-2.7482699591912008,-3.084966238921357,0.7504702103665593,3.630729646399481,-0.3410039863163017,2.284989204513621,-0.7600141757169406,2.481636533755423,-3.5677229772783923,-1.790226067639766
49.0,58.0,1007.0184936523438,-2.748269959206989,-3.084966238921357,0.7504702103665593,3.630729646399481,-0.3410039863163017,2.284989204513621,-0.7600141757169406,2.481636533755423,-3.5677229772783923,-1.790226067639766
49.0,58.0,1007.0184936523438,-2.748269959206989,-3.084966238921357,0.7504702103665593,3.630729646399481,-0.3410039863163017,2.284989204513621,-0.7600141757169406,2.481636533755423,-3.5677229772783923,-1.790226067639766
49.0,58.0,1007.0184936523438,-2.748269959206989,-3.084966238921357,0.7504702103665593,3.630729646399481,-0.3410039863163017,2.284989204513621,-0.7600141757169406,2.481636533755423,-3.5677229772783923,-1.790226067639766
49.0,58.0,1007.0189819335938,-2.488510502279655,-3.4912104107061976,0.7504702103665593,3.5283146801706584,-0.3410039863163017,2.2847702354064894,-0.7316295583453882,2.481636533755423,-3.567721243657738,-1.790226067639766
49.0,58.0,1007.0379028320312,-2.7512619181801856,-3.084966238921357,0.7504702103665593,3.628065770025151,-0.3410040291494154,2.284989204513621,-0.7606726204742595,2.481636540707977,-3.5677257660170056,-1.790226067639766
49.0,58.0,1007.0751342773438,-2.7482699592641056,-3.084966238921357,0.7504702103665593,3.627855185715712,-0.3410039863163017,2.284989204513621,-0.7600141159716208,2.481636533755423,-3.5677232961818643,-1.790226067639766
49.0,58.0,1007.1939697265624,-2.488583886801435,-3.4912104107061976,0.7504702103665593,3.5283146801706584,-0.3410039863163017,2.298393951561972,-0.7316295583453882,2.481636533755423,-3.567721243657738,-1.790226067639766
49.0,58.0,1007.2199096679688,-2.776825113122292,-3.084966238921357,0.7504702103665593,3.630729646399481,-0.3410039863163017,2.284989204513621,-0.7600141757169406,2.481630430970476,-3.5677229772783923,-1.790226067639766
49.0,58.0,1007.25732421875,-2.748343343728769,-3.084966238921357,0.7504702103665593,3.630729646399481,-0.3410039863163017,2.2986129206691035,-0.7600141757169406,2.481636533755423,-3.5677229772783923,-1.790226067639766
49.0,58.0,1007.2905883789062,-2.777137815365703,-3.084966238921357,0.7504702103665593,3.62808022236976,-0.3410044160776527,2.272427946645708,-0.7691686923684434,2.481630806803264,-3.5677257660170056,-1.790226067639766
49.0,58.0,1007.2905883789062,-2.777137815365703,-3.084966238921357,0.7504702103665593,3.62808022236976,-0.3410040442350574,2.272427946645708,-0.7691686923684434,2.481630806803264,-3.5677257660170056,-1.790226067639766
49.0,58.0,1007.3033447265624,-2.777137815365703,-3.084966238921357,0.7504702103665593,3.6279160201100167,-0.3410040291494154,2.284989204513621,-0.7607715196083482,2.481630806803264,-3.5677257660170056,-1.790226067639766
49.0,58.0,1007.4210815429688,-2.502232886667316,-3.4912104107061976,0.7504702103665593,3.5283146801706584,-0.3410039863163017,2.298393951561972,-0.7316295583453882,2.481636533755423,-3.567721243657738,-1.790226067639766
49.0,58.0,1007.4403686523438,-2.502232886667316,-3.4912104107061976,0.7504702103665593,3.5283146801706584,-0.3410039863163017,2.2995211736703323,-0.7318984672313882,2.481671224569173,-3.5677212508882112,-1.790226067639766
49.0,58.0,1007.4403686523438,-2.502232886667316,-3.4912104107061976,0.7504702103665593,3.5283146801706584,-0.3410039863163017,2.2995211736703323,-0.7318984672313882,2.481671224569173,-3.56772125086993,-1.790226067639766
49.0,58.0,1007.4949951171876,-2.748269960369769,-3.084966238921357,0.7504702103665593,3.528313391724977,-0.3410039863163017,2.284989204513621,-0.7600141757169406,2.481636533755423,-3.5677229772783923,-1.790226067639766
49.0,58.0,1007.4949951171876,-2.7482699603855574,-3.084966238921357,0.7504702103665593,3.528313391724977,-0.3410039863163017,2.284989204513621,-0.7600141757169406,2.481636533755423,-3.5677229772783923,-1.790226067639766
49.0,58.0,1007.4951171875,-2.748269960369769,-3.084966238921357,0.7504702103665593,3.528313391724977,-0.3410039863163017,2.284989204513621,-0.7600329113073536,2.481636533755423,-3.567728153604868,-1.790226067639766
49.0,58.0,1007.4951171875,-2.748269960369769,-3.084966238921357,0.7504702103665593,3.528313391724977,-0.3410039863163017,2.284989204513621,-0.7600329113073536,2.481636533755423,-3.567728002925472,-1.790226067639766
49.0,58.0,1007.4951171875,-2.748269960369769,-3.084966238921357,0.7504702103665593,3.5283133945842065,-0.3409986594763257,2.284989204513621,-0.7600405258028092,2.481636533755423,-3.5677229772783923,-1.790226067639766
49.0,58.0,1007.4951782226562,-2.748269960369769,-3.084966238921357,0.7504702103665593,3.52831339452484,-0.3410039863163017,2.284989204513621,-0.7600329113073536,2.481636533755423,-3.5677224144201705,-1.790226067639766
49.0,58.0,1007.4951782226562,-2.7482699592806954,-3.084966238921357,0.7504702103665593,3.52831339452484,-0.3410039863163017,2.284989204513621,-0.7600329113073536,2.481636533755423,-3.5677224144201705,-1.790226067639766
49.0,58.0,1007.4951782226562,-2.7482699603855347,-3.084966238921357,0.7504702103665593,3.528313391794153,-0.3410039863163017,2.284989204513621,-0.7600329113073536,2.4816344456347705,-3.5677236002698307,-1.790226067639766
49.0,58.0,1007.4951782226562,-2.748269960369769,-3.084966238921357,0.7504702103665593,3.52831339452484,-0.3410039863163017,2.284989204513621,-0.7600329113073536,2.481636533755423,-3.5677224144201705,-1.790226067639766
49.0,58.0,1007.4951782226562,-2.748269960369769,-3.084966238921357,0.7504702103665593,3.52831339452484,-0.3410039863163017,2.284989204513621,-0.7600329113073536,2.481636533755423,-3.5677224144201705,-1.790226067639766
49.0,58.0,1007.495361328125,-2.748269960369769,-3.084966238921357,0.7504702103665593,3.528313391724977,-0.3410039863163017,2.284989204513621,-0.7600686698720237,2.481636533755423,-3.567722976180214,-1.790226067639766
49.0,58.0,1007.4993896484376,-2.748344282202792,-3.084966238921357,0.7504702103665593,3.5283133942995857,-0.3409991174979654,2.284989204513621,-0.7608480991775145,2.481636533755423,-3.5677281256981006,-1.790226067639766
49.0,58.0,1007.4993896484376,-2.748344282202792,-3.084966238921357,0.7504702103665593,3.5283133942995857,-0.3409987753604932,2.284989204513621,-0.7608480991775145,2.481636533755423,-3.5677281256981006,-1.790226067639766
49.0,58.0,1007.4993896484376,-2.748344282202792,-3.084966238921357,0.7504702103665593,3.5283133942995857,-0.3409991717351019,2.284989204513621,-0.7608480991775145,2.481636533755423,-3.5677281256981006,-1.790226067639766
49.0,58.0,1007.5,-2.748344498384266,-3.084966238921357,0.7504702103665593,3.5283133942995857,-0.3409987753604932,2.284989204513621,-0.76092385720827,2.481636533755423,-3.5677281256981006,-1.790226067639766
49.0,58.0,1007.5006103515624,-2.748269960369769,-3.084966238921357,0.7504702103665593,3.528313391655592,-0.3410039389888868,2.284989204513621,-0.7608194922651356,2.481636533755423,-3.5677224144201705,-1.790226067639766
49.0,58.0,1007.500732421875,-2.748269960369769,-3.084966238921357,0.7504702103665593,3.528313394514821,-0.3409986121489108,2.284989204513621,-0.7608458423510043,2.481636533755423,-3.5677224144201705,-1.790226067639766
49.0,58.0,1007.5013427734376,-2.748344282202792,-3.084966238921357,0.7504702103665593,3.5283133942995857,-0.3409987753604932,2.284989204513621,-0.7610755907340159,2.481636533755423,-3.5677281256981006,-1.790226067639766
49.0,59.0,1006.8124389648438,-2.7482699592567443,-3.084966238921357,0.7504702103665593,3.626136237166111,-0.3409994819891428,2.284989204513621,-0.7702688138332454,2.481636533755423,-3.5677232867847213,-1.790226067639766
49.0,59.0,1006.8192138671876,-2.7482699592641264,-3.084966238921357,0.7504702103665593,3.62808022236976,-0.3410039863163017,2.284989204513621,-0.7702688138332454,2.481636533755423,-3.5677232867847213,-1.790226067639766
49.0,59.0,1006.8193969726562,-2.7482699592641264,-3.084966238921357,0.7504702103665593,3.62808022236976,-0.3410039863163017,2.284989204513621,-0.7691686923684434,2.481636533755423,-3.5677232867847213,-1.790226067639766
49.0,59.0,1006.8193969726562,-2.7482699592641264,-3.084966238921357,0.7504702103665593,3.62808022236976,-0.3410039320791652,2.284989204513621,-0.7691686923684434,2.481636533755423,-3.5677232867847213,-1.790226067639766
49.0,59.0,1006.8193969726562,-2.7482699592641264,-3.084966238921357,0.7504702103665593,3.62808022236976,-0.3410039320791652,2.284989204513621,-0.7691686923684434,2.481636533755423,-3.5677232867847213,-1.790226067639766
49.0,59.0,1006.8193969726562,-2.7482699592641264,-3.084966238921357,0.7504702103665593,3.62808022236976,-0.3410039863163017,2.284989204513621,-0.7691686923684434,2.481636533755423,-3.5677232867847213,-1.790226067639766
49.0,59.0,1006.8193969726562,-2.7482699592641264,-3.084966238921357,0.7504702103665593,3.62808022236976,-0.3410039863163017,2.284989204513621,-0.7691686923684434,2.481636533755423,-3.5677232867847213,-1.790226067639766
49.0,59.0,1006.819580078125,-2.7482699592641264,-3.084966238921357,0.7504702103665593,3.62808022236976,-0.3410039863163017,2.284989204513621,-0.7691141982133604,2.481636533755423,-3.5677232878829,-1.790226067639766
49.0,59.0,1006.819580078125,-2.7482699592641264,-3.084966238921357,0.7504702103665593,3.62808022236976,-0.3410039863163017,2.284989204513621,-0.7691141982133604,2.481636533755423,-3.567722979957675,-1.790226067639766
49.0,59.0,1006.820068359375,-2.7482699592641056,-3.084966238921357,0.7504702103665593,3.627853833362089,-0.3410040273015438,2.284989204513621,-0.7688953466023202,2.481636533755423,-3.567725790752616,-1.790226067639766
49.0,59.0,1006.8202514648438,-2.748269959206989,-3.084966238921357,0.7504702103665593,3.627961971852735,-0.3410039863163017,2.284989204513621,-0.7688956824813592,2.481636533755423,-3.567722972564688,-1.790226067639766
49.0,59.0,1006.8202514648438,-2.748269959206989,-3.084966238921357,0.7504702103665593,3.627961971852735,-0.3410039942973798,2.284989204513621,-0.7688956824813592,2.481636790763816,-3.567722972564688,-1.790226067639766
49.0,59.0,1006.8379516601562,-2.7482699592055546,-3.084966238921357,0.7504702103665593,3.630664927254932,-0.3410039304413453,2.284989204513621,-0.7691686923684434,2.481636533755423,-3.5677232867847213,-1.790226067639766
49.0,59.0,1006.8618774414062,-2.776384685941087,-3.084966238921357,0.7504214791167984,3.631092943147293,-0.3410039298422785,2.297312992163177,-0.7691686923684434,2.481630806803264,-3.568726497930961,-1.790226067639766
49.0,59.0,1006.8734130859376,-2.776521416126294,-3.084966238921357,0.7518147740113175,3.631092943147293,-0.3410044009920108,2.2971295778555514,-0.7691686923684434,2.481630806803264,-3.568726497930961,-1.790226067639766
49.0,59.0,1006.913330078125,-2.748794907939029,-3.084966238921357,0.7504702103665593,3.630729646399481,-0.3410039890282103,2.284989204513621,-0.7600141757169406,2.481636533755423,-3.5612945245774448,-1.790226067639766
49.0,59.0,1006.9542236328124,-2.777137815365703,-3.084966238921357,0.7504702103665593,3.62808022236976,-0.3410040271426778,2.285001848444557,-0.7691686923684434,2.481630806803264,-3.5677257660170056,-1.790226067639766
49.0,59.0,1006.9544067382812,-2.777137815365703,-3.084966238921357,0.7504702103665593,3.62808022236976,-0.3410040291494154,2.284989204513621,-0.7691686923684434,2.481630806803264,-3.5677257660170056,-1.790226067639766
49.0,59.0,1006.9544067382812,-2.777137815365703,-3.084966238921357,0.7504702103665593,3.62808022236976,-0.3410044009920108,2.284989204513621,-0.7691686923684434,2.481630806803264,-3.5677257660170056,-1.790226067639766
49.0,59.0,1006.9544067382812,-2.777137815365703,-3.084966238921357,0.7504702103665593,3.62808022236976,-0.3410043930109326,2.284989204513621,-0.7691686923684434,2.481630549794872,-3.5677257660170056,-1.790226067639766
49.0,59.0,1006.9959716796876,-2.7482699592641264,-3.084966238921357,0.7504702103665593,3.631399941994873,-0.3410039863163017,2.284989204513621,-0.7603225610385665,2.481636533755423,-3.5677232867847213,-1.790226067639766
49.0,59.0,1006.9977416992188,-2.7814448154077343,-3.084951740068169,0.7504702103665593,3.62808022236976,-0.3410044009920108,2.284989204513621,-0.7707622541463635,2.481630762700871,-3.5677257660170056,-1.790226067639766
49.0,59.0,1007.0050659179688,-2.748269959206989,-3.084966238921357,0.7504702103665593,3.6316404630992007,-0.3410039863163017,2.284989204513621,-0.7600141159716208,2.481636533755423,-3.5677229772783923,-1.790226067639766
49.0,59.0,1007.0050659179688,-2.748269959206989,-3.084966238921357,0.7504702103665593,3.6316404630992007,-0.3410039863163017,2.284989204513621,-0.7600141159716208,2.481636533755423,-3.5677229772783923,-1.790226067639766
49.0,59.0,1007.0074462890624,-2.7482699592641264,-3.084966238921357,0.7504702103665593,3.630847896916506,-0.3410039863163017,2.284989204513621,-0.7602326914489418,2.481636533755423,-3.567723292596604,-1.790226067639766
49.0,59.0,1007.0092163085938,-2.748269959206989,-3.084966238921357,0.7504702103665593,3.630729646399481,-0.3410039863163017,2.284989204513621,-0.7602330599976177,2.481636533755423,-3.5677229772783923,-1.790226067639766
49.0,59.0,1007.0166015625,-2.7482699592641264,-3.084966238921357,0.7504702103665593,3.630847896916506,-0.3410039863163017,2.284989204513621,-0.7600138071682647,2.481636533755423,-3.567723292596604,-1.790226067639766
49.0,59.0,1007.0183715820312,-2.748269960389182,-3.084966238921357,0.7504702103665593,3.630729646399481,-0.3410039863163017,2.284989204513621,-0.7600141757169406,2.481636533755423,-3.567720001389681,-1.790226067639766
49.0,59.0,1007.0184936523438,-2.748269959206989,-3.084966238921357,0.7504702103665593,3.630729646399481,-0.3410039863163017,2.284989204513621,-0.7600141757169406,2.481636533755423,-3.5677229772783923,-1.790226067639766
49.0,59.0,1007.0184936523438,-2.7482699591912008,-3.084966238921357,0.7504702103665593,3.630729646399481,-0.3410039863163017,2.284989204513621,-0.7600141757169406,2.481636533755423,-3.5677229772783923,-1.790226067639766
49.0,59.0,1007.0184936523438,-2.748269959206989,-3.084966238921357,0.7504702103665593,3.630729646399481,-0.3410039863163017,2.284989204513621,-0.7600141757169406,2.481636533755423,-3.5677229772783923,-1.790226067639766
49.0,59.0,1007.0184936523438,-2.748269959206989,-3.084966238921357,0.7504702103665593,3.630729646399481,-0.3410039863163017,2.284989204513621,-0.7600141757169406,2.481636533755423,-3.5677229772783923,-1.790226067639766
49.0,59.0,1007.0184936523438,-2.748269959206989,-3.084966238921357,0.7504702103665593,3.630729646399481,-0.3410039863163017,2.284989204513621,-0.7600141757169406,2.481636533755423,-3.5677229772783923,-1.790226067639766
49.0,59.0,1007.0189819335938,-2.488510502279655,-3.4912104107061976,0.7504702103665593,3.5283146801706584,-0.3410039863163017,2.2847702354064894,-0.7316295583453882,2.481636533755423,-3.567721243657738,-1.790226067639766
49.0,59.0,1007.0379028320312,-2.7512619181801856,-3.084966238921357,0.7504702103665593,3.628065770025151,-0.3410040291494154,2.284989204513621,-0.7606726204742595,2.481636540707977,-3.5677257660170056,-1.790226067639766
49.0,59.0,1007.0733032226562,-2.7482699591912008,-3.084966238921357,0.7680686177296501,3.630729646399481,-0.3410039863163017,2.284989204513621,-0.7600141757169406,2.481636533755423,-3.567723285203617,-1.790226067639766
49.0,59.0,1007.0751342773438,-2.7482699592641056,-3.084966238921357,0.7504702103665593,3.627855185715712,-0.3410039863163017,2.284989204513621,-0.7600141159716208,2.481636533755423,-3.5677232961818643,-1.790226067639766
49.0,59.0,1007.15283203125,-2.734792631896417,-3.084966238921357,0.7504702103665593,3.631399941994873,-0.3410039863163017,2.284989204513621,-0.7603225610385665,2.481636533755423,-3.5677229775293298,-1.8054319801528669
49.0,59.0,1007.1939697265624,-2.488583886801435,-3.4912104107061976,0.7504702103665593,3.5283146801706584,-0.3410039863163017,2.298393951561972,-0.7316295583453882,2.481636533755423,-3.567721243657738,-1.790226067639766
49.0,59.0,1007.2199096679688,-2.776825113122292,-3.084966238921357,0.7504702103665593,3.630729646399481,-0.3410039863163017,2.284989204513621,-0.7600141757169406,2.481630430970476,-3.5677229772783923,-1.790226067639766
49.0,59.0,1007.25732421875,-2.748343343728769,-3.084966238921357,0.7504702103665593,3.630729646399481,-0.3410039863163017,2.2986129206691035,-0.7600141757169406,2.481636533755423,-3.5677229772783923,-1.790226067639766
49.0,59.0,1007.2905883789062,-2.777137815365703,-3.084966238921357,0.7504702103665593,3.62808022236976,-0.3410044160776527,2.272427946645708,-0.7691686923684434,2.481630806803264,-3.5677257660170056,-1.790226067639766
49.0,59.0,1007.2905883789062,-2.777137815365703,-3.084966238921357,0.7504702103665593,3.62808022236976,-0.3410040442350574,2.272427946645708,-0.7691686923684434,2.481630806803264,-3.5677257660170056,-1.790226067639766
49.0,59.0,1007.3033447265624,-2.777137815365703,-3.084966238921357,0.7504702103665593,3.6279160201100167,-0.3410040291494154,2.284989204513621,-0.7607715196083482,2.481630806803264,-3.5677257660170056,-1.790226067639766
49.0,59.0,1007.3215942382812,-2.777137815365703,-3.084966238921357,0.7504702103665593,3.628081574723382,-0.3410039881641732,2.284989204513621,-0.7602874617377441,2.481630806803264,-3.567723271446254,-1.790226067639766
49.0,59.0,1007.4210815429688,-2.502232886667316,-3.4912104107061976,0.7504702103665593,3.5283146801706584,-0.3410039863163017,2.298393951561972,-0.7316295583453882,2.481636533755423,-3.567721243657738,-1.790226067639766
49.0,59.0,1007.4403686523438,-2.502232886667316,-3.4912104107061976,0.7504702103665593,3.5283146801706584,-0.3410039863163017,2.2995211736703323,-0.7318984672313882,2.481671224569173,-3.5677212508882112,-1.790226067639766
49.0,59.0,1007.4403686523438,-2.502232886667316,-3.4912104107061976,0.7504702103665593,3.5283146801706584,-0.3410039863163017,2.2995211736703323,-0.7318984672313882,2.481671224569173,-3.56772125086993,-1.790226067639766
49.0,59.0,1007.4427490234376,-2.5023343653828336,-3.4912104107061976,0.7504702103665593,3.5283146801706584,-0.3410039863163017,2.2995211736703323,-0.7318984672313882,2.4816709692418075,-3.56772122020544,-1.790226067639766
49.0,59.0,1007.4949951171876,-2.748269960369769,-3.084966238921357,0.7504702103665593,3.528313391724977,-0.3410039863163017,2.284989204513621,-0.7600141757169406,2.481636533755423,-3.5677229772783923,-1.790226067639766
49.0,60.0,1006.8031616210938,-2.751326717639277,-3.084966238921357,0.7504702103665593,3.627853833362089,-0.3410040273015438,2.284989204513621,-0.7688953466023202,2.481636533755423,-3.567725766768196,-1.790226067639766
49.0,60.0,1006.812255859375,-2.749348902087744,-3.084966238921357,0.7504702103665593,3.62808022236976,-0.3410039863163017,2.284989204513621,-0.7691141982133604,2.4816365689573323,-3.5677232878829,-1.790226067639766
49.0,60.0,1006.8124389648438,-2.7482699592567443,-3.084966238921357,0.7504702103665593,3.626136237166111,-0.3409994819891428,2.284989204513621,-0.7702688138332454,2.481636533755423,-3.5677232867847213,-1.790226067639766
49.0,60.0,1006.8192138671876,-2.7482699592641264,-3.084966238921357,0.7504702103665593,3.62808022236976,-0.3410039863163017,2.284989204513621,-0.7702688138332454,2.481636533755423,-3.5677232867847213,-1.790226067639766
49.0,60.0,1006.8193359375,-2.7482699592641264,-3.084966238921357,0.7504702103665593,3.6280766181104496,-0.3410039863163017,2.284989204513621,-0.7691686923684434,2.481636533755423,-3.5677232867847213,-1.790226067639766
49.0,60.0,1006.8193969726562,-2.7482699592641264,-3.084966238921357,0.7504702103665593,3.62808022236976,-0.3410039863163017,2.284989204513621,-0.7691686923684434,2.481636533755423,-3.5677232867847213,-1.790226067639766
49.0,60.0,1006.8193969726562,-2.7482699592641264,-3.084966238921357,0.7504702103665593,3.62808022236976,-0.3410039320791652,2.284989204513621,-0.7691686923684434,2.481636533755423,-3.5677232867847213,-1.790226067639766
49.0,60.0,1006.8193969726562,-2.7482699592641264,-3.084966238921357,0.7504702103665593,3.62808022236976,-0.3410039320791652,2.284989204513621,-0.7691686923684434,2.481636533755423,-3.5677232867847213,-1.790226067639766
49.0,60.0,1006.8193969726562,-2.7482699592641264,-3.084966238921357,0.7504702103665593,3.62808022236976,-0.3410039863163017,2.284989204513621,-0.7691686923684434,2.481636533755423,-3.5677232867847213,-1.790226067639766
49.0,60.0,1006.8193969726562,-2.7482699592641264,-3.084966238921357,0.7504702103665593,3.62808022236976,-0.3410039863163017,2.284989204513621,-0.7691686923684434,2.481636533755423,-3.5677232867847213,-1.790226067639766
49.0,60.0,1006.8193969726562,-2.7482699592641264,-3.084966238921357,0.7504702103665593,3.62808022236976,-0.3410039863163017,2.284989204513621,-0.7691714763229385,2.481636533755423,-3.5677232878829,-1.790226067639766
49.0,60.0,1006.8193969726562,-2.7482699592641264,-3.084966238921357,0.7504702103665593,3.62808022236976,-0.3410039863163017,2.284989204513621,-0.7691686923684434,2.481636533755423,-3.5677232867847213,-1.790226067639766
49.0,60.0,1006.8193969726562,-2.748269959209021,-3.084966238921357,0.7504702103665593,3.62808022236976,-0.3410039863163017,2.284989204513621,-0.7691686923684434,2.481636533755423,-3.5677232867847213,-1.790226067639766
49.0,60.0,1006.8193969726562,-2.7482699592641264,-3.084966238921357,0.7504702103665593,3.62808022236976,-0.3410039320791652,2.284989204513621,-0.7691686923684434,2.481636533755423,-3.5677232867847213,-1.790226067639766
49.0,60.0,1006.8193969726562,-2.7482699592641264,-3.084966238921357,0.7504702103665593,3.62808022236976,-0.3410039320791652,2.284989204513621,-0.7691686923684434,2.481636533755423,-3.5677232867847213,-1.790226067639766
49.0,60.0,1006.819580078125,-2.7482699592641264,-3.084966238921357,0.7504702103665593,3.62808022236976,-0.3410039863163017,2.284989204513621,-0.7691141982133604,2.481636533755423,-3.5677232878829,-1.790226067639766
49.0,60.0,1006.819580078125,-2.7482699592641264,-3.084966238921357,0.7504702103665593,3.62808022236976,-0.3410039863163017,2.284989204513621,-0.7691141982133604,2.481636533755423,-3.567722979957675,-1.790226067639766
49.0,60.0,1006.819580078125,-2.7482699592641264,-3.084966238921357,0.7504702103665593,3.62808022236976,-0.3410039863163017,2.284989204513621,-0.7691114142588653,2.481636533755423,-3.5677232867847213,-1.790226067639766
49.0,60.0,1006.8199462890624,-2.748269959262852,-3.084966238921357,0.7504702103665593,3.627853833362089,-0.3410040273015438,2.284989204513621,-0.7688953466023202,2.481825517886636,-3.5677257274012506,-1.790226067639766
49.0,60.0,1006.820068359375,-2.7482699592641056,-3.084966238921357,0.7504702103665593,3.627853833362089,-0.3410040273015438,2.284989204513621,-0.7688953466023202,2.481636533755423,-3.567725790752616,-1.790226067639766
49.0,60.0,1006.8202514648438,-2.748269959206989,-3.084966238921357,0.7504702103665593,3.627961971852735,-0.3410039863163017,2.284989204513621,-0.7688956824813592,2.481636533755423,-3.567722972564688,-1.790226067639766
49.0,60.0,1006.8202514648438,-2.748269959206989,-3.084966238921357,0.7504702103665593,3.627961971852735,-0.3410039942973798,2.284989204513621,-0.7688956824813592,2.481636790763816,-3.567722972564688,-1.790226067639766
49.0,60.0,1006.8204956054688,-2.7482699592627533,-3.084966238921357,0.7504702103665593,3.627965001940656,-0.3410039942973798,2.284989204513621,-0.7688506739838328,2.481636544981102,-3.56772328504829,-1.790226067639766
49.0,60.0,1006.837890625,-2.7482699592843147,-3.084966238921357,0.7504702103665593,3.630729646399481,-0.3410039853686138,2.284989204513621,-0.769001170402473,2.481636533755423,-3.567720001389681,-1.790226067639766
49.0,60.0,1006.8379516601562,-2.7482699592055546,-3.084966238921357,0.7504702103665593,3.630664927254932,-0.3410039304413453,2.284989204513621,-0.7691686923684434,2.481636533755423,-3.5677232867847213,-1.790226067639766
49.0,60.0,1006.8618774414062,-2.776384685941087,-3.084966238921357,0.7504214791167984,3.631092943147293,-0.3410039298422785,2.297312992163177,-0.7691686923684434,2.481630806803264,-3.568726497930961,-1.790226067639766
49.0,60.0,1006.8666381835938,-2.7482699592642703,-3.084966238921357,0.7504702103665593,3.631842432475751,-0.3410039863163017,2.284989204513621,-0.7702688138332454,2.481636533755423,-3.5677232867847213,-1.790226067639766
49.0,60.0,1006.8734130859376,-2.776521416126294,-3.084966238921357,0.7518147740113175,3.631092943147293,-0.3410044009920108,2.2971295778555514,-0.7691686923684434,2.481630806803264,-3.568726497930961,-1.790226067639766
49.0,60.0,1006.8741455078124,-2.777145837491991,-3.084966238921357,0.7518147740113175,3.631092943147293,-0.3410044009920108,2.2971295778555514,-0.7691686923684434,2.4816307175728527,-3.568726497930961,-1.790226067639766
49.0,60.0,1006.8927612304688,-2.7470572290345614,-3.084966238921357,0.7504702103665593,3.62808022236976,-0.3410039830467882,2.284989204513621,-0.769115768505628,2.4816366100831044,-3.5744342122027875,-1.790226067639766
49.0,60.0,1006.913330078125,-2.748794907939029,-3.084966238921357,0.7504702103665593,3.630729646399481,-0.3410039890282103,2.284989204513621,-0.7600141757169406,2.481636533755423,-3.5612945245774448,-1.790226067639766
49.0,60.0,1006.9413452148438,-2.77634428739438,-3.084966238921357,0.7504684020283267,3.62808022236976,-0.3410040271426778,2.285001848444557,-0.7691686923684434,2.481630806803264,-3.5677257660170056,-1.790226067639766
49.0,60.0,1006.9542236328124,-2.777137815365703,-3.084966238921357,0.7504702103665593,3.62808022236976,-0.3410040271426778,2.285001848444557,-0.7691686923684434,2.481630806803264,-3.5677257660170056,-1.790226067639766
49.0,60.0,1006.9544067382812,-2.777137815365703,-3.084966238921357,0.7504702103665593,3.62808022236976,-0.3410040291494154,2.284989204513621,-0.7691686923684434,2.481630806803264,-3.5677257660170056,-1.790226067639766
49.0,60.0,1006.9544067382812,-2.777137815365703,-3.084966238921357,0.7504702103665593,3.62808022236976,-0.3410044009920108,2.284989204513621,-0.7691686923684434,2.481630806803264,-3.5677257660170056,-1.790226067639766
49.0,60.0,1006.9544067382812,-2.777137815365703,-3.084966238921357,0.7504702103665593,3.62808022236976,-0.3410043930109326,2.284989204513621,-0.7691686923684434,2.481630549794872,-3.5677257660170056,-1.790226067639766
49.0,60.0,1006.9751586914062,-2.7783505455952686,-3.084966238921357,0.7504702103665593,3.62808022236976,-0.3410044042615243,2.284989204513621,-0.7691671220761758,2.4816307304755827,-3.567725755758659,-1.790226067639766
49.0,60.0,1006.9959716796876,-2.7482699592641264,-3.084966238921357,0.7504702103665593,3.631399941994873,-0.3410039863163017,2.284989204513621,-0.7603225610385665,2.481636533755423,-3.5677232867847213,-1.790226067639766
49.0,60.0,1006.9977416992188,-2.7814448154077343,-3.084951740068169,0.7504702103665593,3.62808022236976,-0.3410044009920108,2.284989204513621,-0.7707622541463635,2.481630762700871,-3.5677257660170056,-1.790226067639766
49.0,60.0,1006.9977416992188,-2.7814448154077343,-3.084951740068169,0.7504702103665593,3.62808022236976,-0.3410044009920108,2.284989204513621,-0.7707622541463635,2.481630762700871,-3.5677257660170056,-1.790226067639766
49.0,60.0,1007.0050659179688,-2.748269959206989,-3.084966238921357,0.7504702103665593,3.6316404630992007,-0.3410039863163017,2.284989204513621,-0.7600141159716208,2.481636533755423,-3.5677229772783923,-1.790226067639766
49.0,60.0,1007.0050659179688,-2.748269959206989,-3.084966238921357,0.7504702103665593,3.6316404630992007,-0.3410039863163017,2.284989204513621,-0.7600141159716208,2.481636533755423,-3.5677229772783923,-1.790226067639766
49.0,60.0,1007.0050659179688,-2.748269959206989,-3.084966238921357,0.7504702103665593,3.6316404630992007,-0.3410039863163017,2.284989204513621,-0.7600141159716208,2.481636533755423,-3.5677229772783923,-1.790226067639766
49.0,60.0,1007.0050659179688,-2.748269959206989,-3.084966238921357,0.7504702103665593,3.6316404630992007,-0.3410039863163017,2.284989204513621,-0.7600141159716208,2.481636533755423,-3.5677229772783923,-1.790226067639766
49.0,60.0,1007.0074462890624,-2.7482699592641264,-3.084966238921357,0.7504702103665593,3.630847896916506,-0.3410039863163017,2.284989204513621,-0.7602326914489418,2.481636533755423,-3.567723292596604,-1.790226067639766
49.0,60.0,1007.0092163085938,-2.748269959206989,-3.084966238921357,0.7504702103665593,3.630729646399481,-0.3410039863163017,2.284989204513621,-0.7602330599976177,2.481636533755423,-3.5677229772783923,-1.790226067639766
49.0,60.0,1007.0166015625,-2.7482699592641264,-3.084966238921357,0.7504702103665593,3.630847896916506,-0.3410039863163017,2.284989204513621,-0.7600138071682647,2.481636533755423,-3.567723292596604,-1.790226067639766
49.0,60.0,1007.0183715820312,-2.748269960389182,-3.084966238921357,0.7504702103665593,3.630729646399481,-0.3410039863163017,2.284989204513621,-0.7600141757169406,2.481636533755423,-3.567720001389681,-1.790226067639766
49.0,60.0,1007.0184936523438,-2.748269959206989,-3.084966238921357,0.7504702103665593,3.630729646399481,-0.3410039863163017,2.284989204513621,-0.7600141757169406,2.481636533755423,-3.5677229772783923,-1.790226067639766
49.0,60.0,1007.0184936523438,-2.7482699591912008,-3.084966238921357,0.7504702103665593,3.630729646399481,-0.3410039863163017,2.284989204513621,-0.7600141757169406,2.481636533755423,-3.5677229772783923,-1.790226067639766
49.0,61.0,1006.8031616210938,-2.751326717639277,-3.084966238921357,0.7504702103665593,3.627853833362089,-0.3410040273015438,2.284989204513621,-0.7688953466023202,2.481636533755423,-3.567725766768196,-1.790226067639766
49.0,61.0,1006.812255859375,-2.749348902087744,-3.084966238921357,0.7504702103665593,3.62808022236976,-0.3410039863163017,2.284989204513621,-0.7691141982133604,2.4816365689573323,-3.5677232878829,-1.790226067639766
49.0,61.0,1006.8124389648438,-2.7482699592567443,-3.084966238921357,0.7504702103665593,3.626136237166111,-0.3409994819891428,2.284989204513621,-0.7702688138332454,2.481636533755423,-3.5677232867847213,-1.790226067639766
49.0,61.0,1006.8189697265624,-2.748269959209021,-3.084966238921357,0.7504702103665593,3.62808022236976,-0.3410039863163017,2.284989204513621,-0.7701769257408106,2.481636533755423,-3.5677232867847213,-1.790226067639766
49.0,61.0,1006.8192138671876,-2.7482699592641264,-3.084966238921357,0.7504702103665593,3.62808022236976,-0.3410039863163017,2.284989204513621,-0.7702688138332454,2.481636533755423,-3.5677232867847213,-1.790226067639766
49.0,61.0,1006.8193359375,-2.7482699592641264,-3.084966238921357,0.7504702103665593,3.6280766181104496,-0.3410039863163017,2.284989204513621,-0.7691686923684434,2.481636533755423,-3.5677232867847213,-1.790226067639766
49.0,61.0,1006.8193359375,-2.7482699592641264,-3.084965081666032,0.7504702103665593,3.62808022236976,-0.3410039320791652,2.284989204513621,-0.7691686923684434,2.481636533755423,-3.567725898060184,-1.790226067639766
49.0,61.0,1006.8193969726562,-2.7482699592641264,-3.084966238921357,0.7504702103665593,3.62808022236976,-0.3410039863163017,2.284989204513621,-0.7691686923684434,2.481636533755423,-3.5677232867847213,-1.790226067639766
49.0,61.0,1006.8193969726562,-2.7482699592641264,-3.084966238921357,0.7504702103665593,3.62808022236976,-0.3410039320791652,2.284989204513621,-0.7691686923684434,2.481636533755423,-3.5677232867847213,-1.790226067639766
49.0,61.0,1006.8193969726562,-2.7482699592641264,-3.084966238921357,0.7504702103665593,3.62808022236976,-0.3410039320791652,2.284989204513621,-0.7691686923684434,2.481636533755423,-3.5677232867847213,-1.790226067639766
49.0,61.0,1006.8193969726562,-2.7482699592641264,-3.084966238921357,0.7504702103665593,3.62808022236976,-0.3410039863163017,2.284989204513621,-0.7691686923684434,2.481636533755423,-3.5677232867847213,-1.790226067639766
49.0,61.0,1006.8193969726562,-2.7482699592641264,-3.084966238921357,0.7504702103665593,3.62808022236976,-0.3410039863163017,2.284989204513621,-0.7691686923684434,2.481636533755423,-3.5677232867847213,-1.790226067639766
49.0,61.0,1006.8193969726562,-2.7482699592641264,-3.084966238921357,0.7504702103665593,3.62808022236976,-0.3410039863163017,2.284989204513621,-0.7691714763229385,2.481636533755423,-3.5677232878829,-1.790226067639766
49.0,61.0,1006.8193969726562,-2.7482699592641264,-3.084966238921357,0.7504702103665593,3.62808022236976,-0.3410039863163017,2.284989204513621,-0.7691686923684434,2.481636533755423,-3.5677232867847213,-1.790226067639766
49.0,61.0,1006.8193969726562,-2.748269959209021,-3.084966238921357,0.7504702103665593,3.62808022236976,-0.3410039863163017,2.284989204513621,-0.7691686923684434,2.481636533755423,-3.5677232867847213,-1.790226067639766
49.0,61.0,1006.8193969726562,-2.7482699592641264,-3.084966238921357,0.7504702103665593,3.62808022236976,-0.3410039320791652,2.284989204513621,-0.7691686923684434,2.481636533755423,-3.5677232867847213,-1.790226067639766
49.0,61.0,1006.8193969726562,-2.7482699592641264,-3.084966238921357,0.7504702103665593,3.62808022236976,-0.3410039320791652,2.284989204513621,-0.7691686923684434,2.481636533755423,-3.5677232867847213,-1.790226067639766
49.0,61.0,1006.8193969726562,-2.7482699592641264,-3.084966238921357,0.7504702103665593,3.62808022236976,-0.3410039863163017,2.284989204513621,-0.7691686923684434,2.481636551742636,-3.5677258615745258,-1.790226067639766
49.0,61.0,1006.8193969726562,-2.7482699592641264,-3.084966238921357,0.7504702103665593,3.62808022236976,-0.3410039863163017,2.284989204513621,-0.7691686923684434,2.481636533755423,-3.5677232867847213,-1.790226067639766
49.0,61.0,1006.8193969726562,-2.7482699592641264,-3.084966238921357,0.7504702103665593,3.62808022236976,-0.3410039863163017,2.284989204513621,-0.7691686923684434,2.481636533755423,-3.5677232867847213,-1.790226067639766
49.0,61.0,1006.8193969726562,-2.7482699592641264,-3.084966238921357,0.7504702103665593,3.62808022236976,-0.3410039320791652,2.284989204513621,-0.7691686923684434,2.481636533755423,-3.5677232867847213,-1.790226067639766
49.0,61.0,1006.8193969726562,-2.7482699592641264,-3.084966238921357,0.7504702103665593,3.62808022236976,-0.3410039863163017,2.284989204513621,-0.7691686923684434,2.481636533755423,-3.5677232867847213,-1.790226067639766
49.0,61.0,1006.819580078125,-2.7482699592641264,-3.084966238921357,0.7504702103665593,3.62808022236976,-0.3410039863163017,2.284989204513621,-0.7691141982133604,2.481636533755423,-3.5677232878829,-1.790226067639766
49.0,61.0,1006.819580078125,-2.7482699592641264,-3.084966238921357,0.7504702103665593,3.62808022236976,-0.3410039863163017,2.284989204513621,-0.7691141982133604,2.481636533755423,-3.567722979957675,-1.790226067639766
49.0,61.0,1006.819580078125,-2.7482699592641264,-3.084966238921357,0.7504702103665593,3.62808022236976,-0.3410039863163017,2.284989204513621,-0.7691114142588653,2.481636533755423,-3.5677232867847213,-1.790226067639766
49.0,61.0,1006.819580078125,-2.7482699592641264,-3.084966238921357,0.7504702103665593,3.62808022236976,-0.3410039863163017,2.284989204513621,-0.7691141982133604,2.481636533755423,-3.5677232878829,-1.790226067639766
49.0,61.0,1006.819580078125,-2.7482699592641264,-3.084966238921357,0.7504702103665593,3.62808022236976,-0.3410039863163017,2.284989204513621,-0.7691108209399453,2.481636533755423,-3.5677232867847213,-1.790226067639766
49.0,61.0,1006.8199462890624,-2.748269959262852,-3.084966238921357,0.7504702103665593,3.627853833362089,-0.3410040273015438,2.284989204513621,-0.7688953466023202,2.481825517886636,-3.5677257274012506,-1.790226067639766
49.0,61.0,1006.820068359375,-2.7482699592641056,-3.084966238921357,0.7504702103665593,3.627853833362089,-0.3410040273015438,2.284989204513621,-0.7688953466023202,2.481636533755423,-3.567725790752616,-1.790226067639766
49.0,61.0,1006.820068359375,-2.748269959206989,-3.084966238921357,0.7504702103665593,3.627852307797965,-0.3410039940754596,2.284989204513621,-0.7688956824813592,2.481636790763816,-3.567722972564688,-1.790226067639766
49.0,61.0,1006.8201904296876,-2.748151771822547,-3.084966238921357,0.7504702103665593,3.628065041863503,-0.3410039863163017,2.284989204513621,-0.7691746711299717,2.481636533755423,-3.5677232878829,-1.790226067639766
49.0,61.0,1006.8202514648438,-2.748269959206989,-3.084966238921357,0.7504702103665593,3.627961971852735,-0.3410039863163017,2.284989204513621,-0.7688956824813592,2.481636533755423,-3.567722972564688,-1.790226067639766
49.0,61.0,1006.8202514648438,-2.748269959206989,-3.084966238921357,0.7504702103665593,3.627961971852735,-0.3410039942973798,2.284989204513621,-0.7688956824813592,2.481636790763816,-3.567722972564688,-1.790226067639766
49.0,61.0,1006.8202514648438,-2.748269959209076,-3.084966238921357,0.7504702103665593,3.627955524961224,-0.3410039863163017,2.284989204513621,-0.7688956824813592,2.481636533755423,-3.567722972564688,-1.790226067639766
49.0,61.0,1006.8204956054688,-2.7482699592627533,-3.084966238921357,0.7504702103665593,3.627965001940656,-0.3410039942973798,2.284989204513621,-0.7688506739838328,2.481636544981102,-3.56772328504829,-1.790226067639766
49.0,61.0,1006.8298950195312,-2.7469366167696605,-3.084966238921357,0.7504702103665593,3.62808022236976,-0.34100398570177,2.2850015310397143,-0.7691686923684434,2.4816367071263183,-3.5677257660170056,-1.790226067639766
49.0,61.0,1006.8325805664062,-2.7470572290345614,-3.084966238921357,0.7504702103665593,3.628124320687409,-0.3410039467305593,2.284989204513621,-0.769115768505628,2.481636529224866,-3.5672100081469806,-1.790226067639766
49.0,61.0,1006.837890625,-2.7482699592843147,-3.084966238921357,0.7504702103665593,3.630729646399481,-0.3410039853686138,2.284989204513621,-0.769001170402473,2.481636533755423,-3.567720001389681,-1.790226067639766
49.0,61.0,1006.837890625,-2.748269959264486,-3.084966238921357,0.7504702103665593,3.630729646399481,-0.3410039854068451,2.284989204513621,-0.7690023595532783,2.481636533755423,-3.567720001389681,-1.790226067639766
49.0,61.0,1006.8379516601562,-2.7482699592055546,-3.084966238921357,0.7504702103665593,3.630664927254932,-0.3410039304413453,2.284989204513621,-0.7691686923684434,2.481636533755423,-3.5677232867847213,-1.790226067639766
49.0,61.0,1006.8543090820312,-2.7482699592642703,-3.084966238921357,0.7504702103665593,3.631842432475751,-0.3410039863163017,2.284989204513621,-0.7692605804608783,2.481636533755423,-3.5677232867847213,-1.790226067639766
49.0,61.0,1006.8618774414062,-2.776384685941087,-3.084966238921357,0.7504214791167984,3.631092943147293,-0.3410039298422785,2.297312992163177,-0.7691686923684434,2.481630806803264,-3.568726497930961,-1.790226067639766
49.0,61.0,1006.8618774414062,-2.776384685941087,-3.084966238921357,0.7504214791167984,3.631092943147293,-0.3410039298422785,2.297312992163177,-0.7691686923684434,2.481630806803264,-3.568726497930961,-1.790226067639766
49.0,61.0,1006.8666381835938,-2.7482699592642703,-3.084966238921357,0.7504702103665593,3.631842432475751,-0.3410039863163017,2.284989204513621,-0.7702688138332454,2.481636533755423,-3.5677232867847213,-1.790226067639766
49.0,61.0,1006.8734130859376,-2.776521416126294,-3.084966238921357,0.7518147740113175,3.631092943147293,-0.3410044009920108,2.2971295778555514,-0.7691686923684434,2.481630806803264,-3.568726497930961,-1.790226067639766
49.0,61.0,1006.8741455078124,-2.777145837491991,-3.084966238921357,0.7518147740113175,3.631092943147293,-0.3410044009920108,2.2971295778555514,-0.7691686923684434,2.4816307175728527,-3.568726497930961,-1.790226067639766
49.0,61.0,1006.8846435546876,-2.777141627023976,-3.084966238921357,0.7504684020283267,3.6310829813495817,-0.3410040271426778,2.285001848444557,-0.7691686923684434,2.481630806803264,-3.5677257660170056,-1.790226067639766
49.0,61.0,1006.8927612304688,-2.7470572290345614,-3.084966238921357,0.7504702103665593,3.62808022236976,-0.3410039830467882,2.284989204513621,-0.769115768505628,2.4816366100831044,-3.5744342122027875,-1.790226067639766
49.0,61.0,1006.904296875,-2.776348497862396,-3.084966238921357,0.7518147740113175,3.6280901841674704,-0.3410044009920108,2.2971295778555514,-0.7691686923684434,2.4816307175728527,-3.568726497930961,-1.790226067639766
49.0,61.0,1006.909423828125,-2.776521416126294,-3.084966238921357,0.7518147740113175,3.6281098589706025,-0.3410039415157574,2.297132479355836,-0.7691686923684434,2.4816365833749003,-3.5677492687451857,-1.790226067639766
49.0,62.0,1006.8031616210938,-2.751326717639277,-3.084966238921357,0.7504702103665593,3.627853833362089,-0.3410040273015438,2.284989204513621,-0.7688953466023202,2.481636533755423,-3.567725766768196,-1.790226067639766
49.0,62.0,1006.81201171875,-2.748347883045373,-3.084966238921357,0.7504702103665593,3.6261017385188383,-0.3409994819891428,2.284989204513621,-0.7702688138332454,2.481636533755423,-3.5677232867847213,-1.790226067639766
49.0,62.0,1006.812255859375,-2.749348902087744,-3.084966238921357,0.7504702103665593,3.62808022236976,-0.3410039863163017,2.284989204513621,-0.7691141982133604,2.4816365689573323,-3.5677232878829,-1.790226067639766
49.0,62.0,1006.8124389648438,-2.7482699592567443,-3.084966238921357,0.7504702103665593,3.626136237166111,-0.3409994819891428,2.284989204513621,-0.7702688138332454,2.481636533755423,-3.5677232867847213,-1.790226067639766
49.0,62.0,1006.8189697265624,-2.748269959209021,-3.084966238921357,0.7504702103665593,3.62808022236976,-0.3410039863163017,2.284989204513621,-0.7701769257408106,2.481636533755423,-3.5677232867847213,-1.790226067639766
49.0,62.0,1006.8190307617188,-2.748269959268196,-3.084966238921357,0.7504702103665593,3.627964797284832,-0.3410039320791652,2.284989204513621,-0.7691693634910518,2.481636533755423,-3.5677232867847213,-1.790226067639766
49.0,62.0,1006.8192138671876,-2.7482699592641264,-3.084966238921357,0.7504702103665593,3.62808022236976,-0.3410039863163017,2.284989204513621,-0.7702688138332454,2.481636533755423,-3.5677232867847213,-1.790226067639766
49.0,62.0,1006.8192138671876,-2.7482699592641264,-3.084966238921357,0.7504702103665593,3.62808022236976,-0.3410039807299793,2.284989204513621,-0.7702688138332454,2.481636533755423,-3.5677232867847213,-1.790226067639766
49.0,62.0,1006.8193359375,-2.7482699592641264,-3.084966238921357,0.7504702103665593,3.6280766181104496,-0.3410039863163017,2.284989204513621,-0.7691686923684434,2.481636533755423,-3.5677232867847213,-1.790226067639766
49.0,62.0,1006.8193359375,-2.7482699592641264,-3.084965081666032,0.7504702103665593,3.62808022236976,-0.3410039320791652,2.284989204513621,-0.7691686923684434,2.481636533755423,-3.567725898060184,-1.790226067639766
49.0,62.0,1006.8193359375,-2.7482699592641264,-3.084966238921357,0.7504702103665593,3.6280766181104496,-0.3410039863163017,2.284989204513621,-0.7691686923684434,2.481636533755423,-3.5677232867847213,-1.790226067639766
49.0,62.0,1006.8193359375,-2.7482699592641264,-3.084965081666032,0.7504702103665593,3.62808022236976,-0.3410039376654875,2.284989204513621,-0.7691686923684434,2.481636533755423,-3.567725898060184,-1.790226067639766
49.0,62.0,1006.8193359375,-2.7482699592641264,-3.084966238921357,0.7504702103665593,3.6280766181104496,-0.3410039863163017,2.284989204513621,-0.7691686923684434,2.481636533755423,-3.5677232867847213,-1.790226067639766
49.0,62.0,1006.8193359375,-2.7482699592641264,-3.084966238921357,0.7504702103665593,3.62796959331488,-0.3410039863163017,2.284989204513621,-0.7691061083527996,2.4816365334091253,-3.5677232866703097,-1.790226067639766
49.0,62.0,1006.8193359375,-2.7482699592641264,-3.084965031294534,0.7504702103665593,3.62808022236976,-0.3410039320791652,2.284989204513621,-0.7691686923684434,2.481636533755423,-3.567725898060184,-1.790226067639766
49.0,62.0,1006.8193969726562,-2.7482699592641264,-3.084966238921357,0.7504702103665593,3.62808022236976,-0.3410039863163017,2.284989204513621,-0.7691686923684434,2.481636533755423,-3.5677232867847213,-1.790226067639766
49.0,62.0,1006.8193969726562,-2.7482699592641264,-3.084966238921357,0.7504702103665593,3.62808022236976,-0.3410039320791652,2.284989204513621,-0.7691686923684434,2.481636533755423,-3.5677232867847213,-1.790226067639766
49.0,62.0,1006.8193969726562,-2.7482699592641264,-3.084966238921357,0.7504702103665593,3.62808022236976,-0.3410039320791652,2.284989204513621,-0.7691686923684434,2.481636533755423,-3.5677232867847213,-1.790226067639766
49.0,62.0,1006.8193969726562,-2.7482699592641264,-3.084966238921357,0.7504702103665593,3.62808022236976,-0.3410039863163017,2.284989204513621,-0.7691686923684434,2.481636533755423,-3.5677232867847213,-1.790226067639766
49.0,62.0,1006.8193969726562,-2.7482699592641264,-3.084966238921357,0.7504702103665593,3.62808022236976,-0.3410039863163017,2.284989204513621,-0.7691686923684434,2.481636533755423,-3.5677232867847213,-1.790226067639766
49.0,62.0,1006.8193969726562,-2.7482699592641264,-3.084966238921357,0.7504702103665593,3.62808022236976,-0.3410039863163017,2.284989204513621,-0.7691714763229385,2.481636533755423,-3.5677232878829,-1.790226067639766
49.0,62.0,1006.8193969726562,-2.7482699592641264,-3.084966238921357,0.7504702103665593,3.62808022236976,-0.3410039863163017,2.284989204513621,-0.7691686923684434,2.481636533755423,-3.5677232867847213,-1.790226067639766
49.0,62.0,1006.8193969726562,-2.748269959209021,-3.084966238921357,0.7504702103665593,3.62808022236976,-0.3410039863163017,2.284989204513621,-0.7691686923684434,2.481636533755423,-3.5677232867847213,-1.790226067639766
49.0,62.0,1006.8193969726562,-2.7482699592641264,-3.084966238921357,0.7504702103665593,3.62808022236976,-0.3410039320791652,2.284989204513621,-0.7691686923684434,2.481636533755423,-3.5677232867847213,-1.790226067639766
49.0,62.0,1006.8193969726562,-2.7482699592641264,-3.084966238921357,0.7504702103665593,3.62808022236976,-0.3410039320791652,2.284989204513621,-0.7691686923684434,2.481636533755423,-3.5677232867847213,-1.790226067639766
49.0,62.0,1006.8193969726562,-2.7482699592641264,-3.084966238921357,0.7504702103665593,3.62808022236976,-0.3410039863163017,2.284989204513621,-0.7691686923684434,2.481636551742636,-3.5677258615745258,-1.790226067639766
49.0,62.0,1006.8193969726562,-2.7482699592641264,-3.084966238921357,0.7504702103665593,3.62808022236976,-0.3410039863163017,2.284989204513621,-0.7691686923684434,2.481636533755423,-3.5677232867847213,-1.790226067639766
49.0,62.0,1006.8193969726562,-2.7482699592641264,-3.084966238921357,0.7504702103665593,3.62808022236976,-0.3410039863163017,2.284989204513621,-0.7691686923684434,2.481636533755423,-3.5677232867847213,-1.790226067639766
49.0,62.0,1006.8193969726562,-2.7482699592641264,-3.084966238921357,0.7504702103665593,3.62808022236976,-0.3410039320791652,2.284989204513621,-0.7691686923684434,2.481636533755423,-3.5677232867847213,-1.790226067639766
49.0,62.0,1006.8193969726562,-2.7482699592641264,-3.084966238921357,0.7504702103665593,3.62808022236976,-0.3410039863163017,2.284989204513621,-0.7691686923684434,2.481636533755423,-3.5677232867847213,-1.790226067639766
49.0,62.0,1006.8193969726562,-2.7482699592641264,-3.084966238921357,0.7504702103665593,3.62808022236976,-0.3410039863163017,2.284989204513621,-0.769171822109051,2.481636533755423,-3.567723287964409,-1.790226067639766
49.0,62.0,1006.8193969726562,-2.7482699592638618,-3.084966238921357,0.7504702103665593,3.62808022236976,-0.3410039320791652,2.284989204513621,-0.7691686923684434,2.481636533755423,-3.5677232867847213,-1.790226067639766
49.0,62.0,1006.8193969726562,-2.7482699592641264,-3.084966238921357,0.7504702103665593,3.62808022236976,-0.3410039320791652,2.284989204513621,-0.7691686923684434,2.481636533755423,-3.5677232867847213,-1.790226067639766
49.0,62.0,1006.8193969726562,-2.7482699592641264,-3.084966238921357,0.7504702103665593,3.62808022236976,-0.3410039866652522,2.284989204513621,-0.7691686923684434,2.481636533755423,-3.5677232879408267,-1.790226067639766
49.0,62.0,1006.8193969726562,-2.7482699592641264,-3.084966238921357,0.7504702103665593,3.62808022236976,-0.3410039863163017,2.284989204513621,-0.7691686923684434,2.481636533755423,-3.5677232867847213,-1.790226067639766
49.0,62.0,1006.8193969726562,-2.7482699592641264,-3.084966238921357,0.7504702103665593,3.62808022236976,-0.3410039863163017,2.284989204513621,-0.7691686923684434,2.481636551742636,-3.567725846763326,-1.790226067639766
49.0,62.0,1006.8193969726562,-2.7482699592641264,-3.084966238921357,0.7504702103665593,3.62808022236976,-0.3410039863163017,2.284989204513621,-0.7691686923684434,2.481636533755423,-3.5677232867847213,-1.790226067639766
49.0,62.0,1006.8193969726562,-2.7482699592641264,-3.084966238921357,0.7504702103665593,3.62808022236976,-0.3410039863163017,2.284989204513621,-0.769168346582331,2.481636533755423,-3.567723286703212,-1.790226067639766
49.0,62.0,1006.8193969726562,-2.7482699592641264,-3.084966238921357,0.7504702103665593,3.62808022236976,-0.3410039320791652,2.284989204513621,-0.7691686923684434,2.481636533755423,-3.5677232867847213,-1.790226067639766
49.0,62.0,1006.8193969726562,-2.7482699592641264,-3.084966238921357,0.7504702103665593,3.62808022236976,-0.3410039320791652,2.284989204513621,-0.7691686923684434,2.481636533755423,-3.5677232867847213,-1.790226067639766
49.0,62.0,1006.8193969726562,-2.748269959209021,-3.084966238921357,0.7504702103665593,3.62808022236976,-0.3410039863163017,2.284989204513621,-0.7691686923684434,2.481636533755423,-3.5677232867847213,-1.790226067639766
49.0,62.0,1006.8193969726562,-2.7482699592641264,-3.084966238921357,0.7504702103665593,3.62808022236976,-0.3410039863163017,2.284989204513621,-0.7691686923684434,2.481636533755423,-3.5677232867847213,-1.790226067639766
49.0,62.0,1006.8193969726562,-2.7482699592641264,-3.084966238921357,0.7504702103665593,3.62808022236976,-0.3410039863163017,2.284989204513621,-0.7691686923684434,2.481636533755423,-3.567723301595921,-1.790226067639766
49.0,62.0,1006.819580078125,-2.7482699592641264,-3.084966238921357,0.7504702103665593,3.62808022236976,-0.3410039863163017,2.284989204513621,-0.7691141982133604,2.481636533755423,-3.5677232878829,-1.790226067639766
49.0,62.0,1006.819580078125,-2.7482699592641264,-3.084966238921357,0.7504702103665593,3.62808022236976,-0.3410039863163017,2.284989204513621,-0.7691141982133604,2.481636533755423,-3.567722979957675,-1.790226067639766
49.0,62.0,1006.819580078125,-2.7482699592641264,-3.084966238921357,0.7504702103665593,3.62808022236976,-0.3410039863163017,2.284989204513621,-0.7691114142588653,2.481636533755423,-3.5677232867847213,-1.790226067639766
49.0,62.0,1006.819580078125,-2.7482699592641264,-3.084966238921357,0.7504702103665593,3.62808022236976,-0.3410039863163017,2.284989204513621,-0.7691141982133604,2.481636533755423,-3.5677232878829,-1.790226067639766
49.0,62.0,1006.819580078125,-2.7482699592641264,-3.084966238921357,0.7504702103665593,3.62808022236976,-0.3410039863163017,2.284989204513621,-0.7691108209399453,2.481636533755423,-3.5677232867847213,-1.790226067639766
49.0,62.0,1006.819580078125,-2.7482699592641264,-3.084966238921357,0.7504702103665593,3.62808022236976,-0.3410039863163017,2.284989204513621,-0.7691114142588653,2.481636533755423,-3.5677232867847213,-1.790226067639766
49.0,62.0,1006.8199462890624,-2.748269959262852,-3.084966238921357,0.7504702103665593,3.627853833362089,-0.3410040273015438,2.284989204513621,-0.7688953466023202,2.481825517886636,-3.5677257274012506,-1.790226067639766
49.0,63.0,1006.8031616210938,-2.751326717639277,-3.084966238921357,0.7504702103665593,3.627853833362089,-0.3410040273015438,2.284989204513621,-0.7688953466023202,2.481636533755423,-3.567725766768196,-1.790226067639766
49.0,63.0,1006.8119506835938,-2.748347883045373,-3.084966238921357,0.7504702103665593,3.6261017385188383,-0.3409994819891428,2.284989204513621,-0.7702688138332454,2.481636533755423,-3.5677259470621494,-1.790226067639766
49.0,63.0,1006.81201171875,-2.748347883045373,-3.084966238921357,0.7504702103665593,3.6261017385188383,-0.3409994819891428,2.284989204513621,-0.7702688138332454,2.481636533755423,-3.5677232867847213,-1.790226067639766
49.0,63.0,1006.8121337890624,-2.749338791391004,-3.084966238921357,0.7504702103665593,3.62808022236976,-0.3410039863163017,2.284989204513621,-0.7691668171241115,2.481636535105544,-3.567723287984538,-1.790226067639766
49.0,63.0,1006.812255859375,-2.749348902087744,-3.084966238921357,0.7504702103665593,3.62808022236976,-0.3410039863163017,2.284989204513621,-0.7691141982133604,2.4816365689573323,-3.5677232878829,-1.790226067639766
49.0,63.0,1006.8124389648438,-2.7482699592567443,-3.084966238921357,0.7504702103665593,3.626136237166111,-0.3409994819891428,2.284989204513621,-0.7702688138332454,2.481636533755423,-3.5677232867847213,-1.790226067639766
49.0,63.0,1006.8184814453124,-2.748269959268101,-3.084966238921357,0.7504702103665593,3.627968681397812,-0.3410039807299793,2.284989204513621,-0.7702688138332454,2.481636533755423,-3.5677232867847213,-1.790226067639766
49.0,63.0,1006.8189086914062,-2.748269959209021,-3.084966238921357,0.7504702103665593,3.62808022236976,-0.3410039863163017,2.284989204513621,-0.7701603874961236,2.481636533755423,-3.567723287864871,-1.790226067639766
49.0,63.0,1006.8189086914062,-2.748269959209021,-3.084966238921357,0.7504702103665593,3.628074052545779,-0.3409990754165515,2.284989204513621,-0.770178060724684,2.481636533755423,-3.5677232867847213,-1.790226067639766
49.0,63.0,1006.8189697265624,-2.748269959209021,-3.084966238921357,0.7504702103665593,3.62808022236976,-0.3410039863163017,2.284989204513621,-0.7701769257408106,2.481636533755423,-3.5677232867847213,-1.790226067639766
49.0,63.0,1006.8190307617188,-2.748269959268196,-3.084966238921357,0.7504702103665593,3.627964797284832,-0.3410039320791652,2.284989204513621,-0.7691693634910518,2.481636533755423,-3.5677232867847213,-1.790226067639766
49.0,63.0,1006.8190307617188,-2.7482699592684305,-3.084966238921357,0.7504702103665593,3.627964797284832,-0.3410039320791652,2.284989204513621,-0.7691692802219667,2.481636533755423,-3.5677232867847213,-1.790226067639766
49.0,63.0,1006.8190307617188,-2.7482699592641264,-3.084966238921357,0.7504702103665593,3.6279687693126,-0.3410039863163017,2.284989204513621,-0.7691686971398006,2.4816365334146164,-3.5677232866703097,-1.790226067639766
49.0,63.0,1006.8191528320312,-2.7482699592641264,-3.084966238921357,0.7504702103665593,3.628076420398221,-0.3410039807299793,2.284989204513621,-0.7702688138332454,2.481636533755423,-3.5677232867847213,-1.790226067639766
49.0,63.0,1006.8192138671876,-2.7482699592641264,-3.084966238921357,0.7504702103665593,3.62808022236976,-0.3410039863163017,2.284989204513621,-0.7702688138332454,2.481636533755423,-3.5677232867847213,-1.790226067639766
49.0,63.0,1006.8192138671876,-2.7482699592641264,-3.084966238921357,0.7504702103665593,3.62808022236976,-0.3410039807299793,2.284989204513621,-0.7702688138332454,2.481636533755423,-3.5677232867847213,-1.790226067639766
49.0,63.0,1006.8193359375,-2.7482699592641264,-3.084966238921357,0.7504702103665593,3.6280766181104496,-0.3410039863163017,2.284989204513621,-0.7691686923684434,2.481636533755423,-3.5677232867847213,-1.790226067639766
49.0,63.0,1006.8193359375,-2.7482699592641264,-3.084965081666032,0.7504702103665593,3.62808022236976,-0.3410039320791652,2.284989204513621,-0.7691686923684434,2.481636533755423,-3.567725898060184,-1.790226067639766
49.0,63.0,1006.8193359375,-2.7482699592641264,-3.084966238921357,0.7504702103665593,3.6280766181104496,-0.3410039863163017,2.284989204513621,-0.7691686923684434,2.481636533755423,-3.5677232867847213,-1.790226067639766
49.0,63.0,1006.8193359375,-2.7482699592641264,-3.084965081666032,0.7504702103665593,3.62808022236976,-0.3410039376654875,2.284989204513621,-0.7691686923684434,2.481636533755423,-3.567725898060184,-1.790226067639766
49.0,63.0,1006.8193359375,-2.7482699592641264,-3.084966238921357,0.7504702103665593,3.6280766181104496,-0.3410039863163017,2.284989204513621,-0.7691686923684434,2.481636533755423,-3.5677232867847213,-1.790226067639766
49.0,63.0,1006.8193359375,-2.7482699592641264,-3.084966238921357,0.7504702103665593,3.62796959331488,-0.3410039863163017,2.284989204513621,-0.7691061083527996,2.4816365334091253,-3.5677232866703097,-1.790226067639766
49.0,63.0,1006.8193359375,-2.7482699592641264,-3.084965031294534,0.7504702103665593,3.62808022236976,-0.3410039320791652,2.284989204513621,-0.7691686923684434,2.481636533755423,-3.567725898060184,-1.790226067639766
49.0,63.0,1006.8193359375,-2.7482699592641264,-3.0849651437741805,0.7504702103665593,3.62808022236976,-0.3410039376654875,2.284989204513621,-0.7691686923684434,2.481636533755423,-3.567725898060184,-1.790226067639766
49.0,63.0,1006.8193969726562,-2.7482699592641264,-3.084966238921357,0.7504702103665593,3.62808022236976,-0.3410039863163017,2.284989204513621,-0.7691686923684434,2.481636533755423,-3.5677232867847213,-1.790226067639766
49.0,63.0,1006.8193969726562,-2.7482699592641264,-3.084966238921357,0.7504702103665593,3.62808022236976,-0.3410039320791652,2.284989204513621,-0.7691686923684434,2.481636533755423,-3.5677232867847213,-1.790226067639766
49.0,63.0,1006.8193969726562,-2.7482699592641264,-3.084966238921357,0.7504702103665593,3.62808022236976,-0.3410039320791652,2.284989204513621,-0.7691686923684434,2.481636533755423,-3.5677232867847213,-1.790226067639766
49.0,63.0,1006.8193969726562,-2.7482699592641264,-3.084966238921357,0.7504702103665593,3.62808022236976,-0.3410039863163017,2.284989204513621,-0.7691686923684434,2.481636533755423,-3.5677232867847213,-1.790226067639766
49.0,63.0,1006.8193969726562,-2.7482699592641264,-3.084966238921357,0.7504702103665593,3.62808022236976,-0.3410039863163017,2.284989204513621,-0.7691686923684434,2.481636533755423,-3.5677232867847213,-1.790226067639766
49.0,63.0,1006.8193969726562,-2.7482699592641264,-3.084966238921357,0.7504702103665593,3.62808022236976,-0.3410039863163017,2.284989204513621,-0.7691714763229385,2.481636533755423,-3.5677232878829,-1.790226067639766
49.0,63.0,1006.8193969726562,-2.7482699592641264,-3.084966238921357,0.7504702103665593,3.62808022236976,-0.3410039863163017,2.284989204513621,-0.7691686923684434,2.481636533755423,-3.5677232867847213,-1.790226067639766
49.0,63.0,1006.8193969726562,-2.748269959209021,-3.084966238921357,0.7504702103665593,3.62808022236976,-0.3410039863163017,2.284989204513621,-0.7691686923684434,2.481636533755423,-3.5677232867847213,-1.790226067639766
49.0,63.0,1006.8193969726562,-2.7482699592641264,-3.084966238921357,0.7504702103665593,3.62808022236976,-0.3410039320791652,2.284989204513621,-0.7691686923684434,2.481636533755423,-3.5677232867847213,-1.790226067639766
49.0,63.0,1006.8193969726562,-2.7482699592641264,-3.084966238921357,0.7504702103665593,3.62808022236976,-0.3410039320791652,2.284989204513621,-0.7691686923684434,2.481636533755423,-3.5677232867847213,-1.790226067639766
49.0,63.0,1006.8193969726562,-2.7482699592641264,-3.084966238921357,0.7504702103665593,3.62808022236976,-0.3410039863163017,2.284989204513621,-0.7691686923684434,2.481636551742636,-3.5677258615745258,-1.790226067639766
49.0,63.0,1006.8193969726562,-2.7482699592641264,-3.084966238921357,0.7504702103665593,3.62808022236976,-0.3410039863163017,2.284989204513621,-0.7691686923684434,2.481636533755423,-3.5677232867847213,-1.790226067639766
49.0,63.0,1006.8193969726562,-2.7482699592641264,-3.084966238921357,0.7504702103665593,3.62808022236976,-0.3410039863163017,2.284989204513621,-0.7691686923684434,2.481636533755423,-3.5677232867847213,-1.790226067639766
49.0,63.0,1006.8193969726562,-2.7482699592641264,-3.084966238921357,0.7504702103665593,3.62808022236976,-0.3410039320791652,2.284989204513621,-0.7691686923684434,2.481636533755423,-3.5677232867847213,-1.790226067639766
49.0,63.0,1006.8193969726562,-2.7482699592641264,-3.084966238921357,0.7504702103665593,3.62808022236976,-0.3410039863163017,2.284989204513621,-0.7691686923684434,2.481636533755423,-3.5677232867847213,-1.790226067639766
49.0,63.0,1006.8193969726562,-2.7482699592641264,-3.084966238921357,0.7504702103665593,3.62808022236976,-0.3410039863163017,2.284989204513621,-0.769171822109051,2.481636533755423,-3.567723287964409,-1.790226067639766
49.0,63.0,1006.8193969726562,-2.7482699592638618,-3.084966238921357,0.7504702103665593,3.62808022236976,-0.3410039320791652,2.284989204513621,-0.7691686923684434,2.481636533755423,-3.5677232867847213,-1.790226067639766
49.0,63.0,1006.8193969726562,-2.7482699592641264,-3.084966238921357,0.7504702103665593,3.62808022236976,-0.3410039320791652,2.284989204513621,-0.7691686923684434,2.481636533755423,-3.5677232867847213,-1.790226067639766
49.0,63.0,1006.8193969726562,-2.7482699592641264,-3.084966238921357,0.7504702103665593,3.62808022236976,-0.3410039866652522,2.284989204513621,-0.7691686923684434,2.481636533755423,-3.5677232879408267,-1.790226067639766
49.0,63.0,1006.8193969726562,-2.7482699592641264,-3.084966238921357,0.7504702103665593,3.62808022236976,-0.3410039863163017,2.284989204513621,-0.7691686923684434,2.481636533755423,-3.5677232867847213,-1.790226067639766
49.0,63.0,1006.8193969726562,-2.7482699592641264,-3.084966238921357,0.7504702103665593,3.62808022236976,-0.3410039863163017,2.284989204513621,-0.7691686923684434,2.481636551742636,-3.567725846763326,-1.790226067639766
49.0,63.0,1006.8193969726562,-2.7482699592641264,-3.084966238921357,0.7504702103665593,3.62808022236976,-0.3410039863163017,2.284989204513621,-0.7691686923684434,2.481636533755423,-3.5677232867847213,-1.790226067639766
49.0,63.0,1006.8193969726562,-2.7482699592641264,-3.084966238921357,0.7504702103665593,3.62808022236976,-0.3410039863163017,2.284989204513621,-0.769168346582331,2.481636533755423,-3.567723286703212,-1.790226067639766
49.0,63.0,1006.8193969726562,-2.7482699592641264,-3.084966238921357,0.7504702103665593,3.62808022236976,-0.3410039320791652,2.284989204513621,-0.7691686923684434,2.481636533755423,-3.5677232867847213,-1.790226067639766
49.0,63.0,1006.8193969726562,-2.7482699592641264,-3.084966238921357,0.7504702103665593,3.62808022236976,-0.3410039320791652,2.284989204513621,-0.7691686923684434,2.481636533755423,-3.5677232867847213,-1.790226067639766
49.0,63.0,1006.8193969726562,-2.748269959209021,-3.084966238921357,0.7504702103665593,3.62808022236976,-0.3410039863163017,2.284989204513621,-0.7691686923684434,2.481636533755423,-3.5677232867847213,-1.790226067639766
49.0,64.0,1006.8031616210938,-2.751326717639277,-3.084966238921357,0.7504702103665593,3.627853833362089,-0.3410040273015438,2.284989204513621,-0.7688953466023202,2.481636533755423,-3.567725766768196,-1.790226067639766
49.0,64.0,1006.8031616210938,-2.751326717639277,-3.084966238921357,0.7504702103665593,3.627853833362089,-0.3410040273015438,2.284989204513621,-0.7688953466023202,2.481636533755423,-3.567725766768196,-1.790226067639766
49.0,64.0,1006.8035888671876,-2.751223930690302,-3.084966238921357,0.7504702103665593,3.627853833362089,-0.3410040273015438,2.284989204513621,-0.7688953466023202,2.481636533755423,-3.567725879940056,-1.790226067639766
49.0,64.0,1006.8119506835938,-2.748347883045373,-3.084966238921357,0.7504702103665593,3.6261017385188383,-0.3409994819891428,2.284989204513621,-0.7702688138332454,2.481636533755423,-3.5677259470621494,-1.790226067639766
49.0,64.0,1006.81201171875,-2.748347883045373,-3.084966238921357,0.7504702103665593,3.6261017385188383,-0.3409994819891428,2.284989204513621,-0.7702688138332454,2.481636533755423,-3.5677232867847213,-1.790226067639766
49.0,64.0,1006.81201171875,-2.7483460772700403,-3.084966238921357,0.7504702103665593,3.626104028163408,-0.3409990754165515,2.284989204513621,-0.7702695379704032,2.481636533755423,-3.567725969732942,-1.790226067639766
49.0,64.0,1006.81201171875,-2.748347883045373,-3.084966238921357,0.7504702103665593,3.6261017385188383,-0.3409994819891428,2.284989204513621,-0.7702688138332454,2.481636533755423,-3.5677232867847213,-1.790226067639766
49.0,64.0,1006.8120727539062,-2.7493397455410022,-3.084966238921357,0.7504702103665593,3.62808022236976,-0.3410039863163017,2.284989204513621,-0.7691697936227146,2.4816365689573323,-3.5677232878829,-1.790226067639766
49.0,64.0,1006.8121337890624,-2.749338791391004,-3.084966238921357,0.7504702103665593,3.62808022236976,-0.3410039863163017,2.284989204513621,-0.7691668171241115,2.481636535105544,-3.567723287984538,-1.790226067639766
49.0,64.0,1006.8121337890624,-2.749338791391004,-3.084966238921357,0.7504702103665593,3.62808022236976,-0.3410039863163017,2.284989204513621,-0.769168587400515,2.481636533634741,-3.567723288020129,-1.790226067639766
49.0,64.0,1006.812255859375,-2.749348902087744,-3.084966238921357,0.7504702103665593,3.62808022236976,-0.3410039863163017,2.284989204513621,-0.7691141982133604,2.4816365689573323,-3.5677232878829,-1.790226067639766
49.0,64.0,1006.8124389648438,-2.7482699592567443,-3.084966238921357,0.7504702103665593,3.626136237166111,-0.3409994819891428,2.284989204513621,-0.7702688138332454,2.481636533755423,-3.5677232867847213,-1.790226067639766
49.0,64.0,1006.8124389648438,-2.7482699592641264,-3.084966238921357,0.7504702103665593,3.626058304434916,-0.3410039863163017,2.284989204513621,-0.770263174902333,2.481636533408407,-3.567723286789565,-1.790226067639766
49.0,64.0,1006.8184814453124,-2.748269959268101,-3.084966238921357,0.7504702103665593,3.627968681397812,-0.3410039807299793,2.284989204513621,-0.7702688138332454,2.481636533755423,-3.5677232867847213,-1.790226067639766
49.0,64.0,1006.8189086914062,-2.748269959209021,-3.084966238921357,0.7504702103665593,3.62808022236976,-0.3410039863163017,2.284989204513621,-0.7701603874961236,2.481636533755423,-3.567723287864871,-1.790226067639766
49.0,64.0,1006.8189086914062,-2.748269959209021,-3.084966238921357,0.7504702103665593,3.628074052545779,-0.3409990754165515,2.284989204513621,-0.770178060724684,2.481636533755423,-3.5677232867847213,-1.790226067639766
49.0,64.0,1006.8189086914062,-2.748269959209021,-3.084966238921357,0.7504702103665593,3.62808022236976,-0.3410039863163017,2.284989204513621,-0.7701603874961236,2.481636533755423,-3.567723287864871,-1.790226067639766
49.0,64.0,1006.8189086914062,-2.748269959209021,-3.084966238921357,0.7504702103665593,3.628074052545779,-0.3409990754165515,2.284989204513621,-0.770178060724684,2.481636533755423,-3.5677232867847213,-1.790226067639766
49.0,64.0,1006.8189086914062,-2.748269959209021,-3.084966238921357,0.7504702103665593,3.628081590549471,-0.3410039313585664,2.284989204513621,-0.7701603874961236,2.481636533755423,-3.567723286781668,-1.790226067639766
49.0,64.0,1006.8189697265624,-2.748269959209021,-3.084966238921357,0.7504702103665593,3.62808022236976,-0.3410039863163017,2.284989204513621,-0.7701769257408106,2.481636533755423,-3.5677232867847213,-1.790226067639766
49.0,64.0,1006.8189697265624,-2.748269959209021,-3.084966238921357,0.7504702103665593,3.62808022236976,-0.3410039863163017,2.284989204513621,-0.7701769257408106,2.481636533755423,-3.5677232867847213,-1.790226067639766
49.0,64.0,1006.8189697265624,-2.748269959209021,-3.084966238921357,0.7504702103665593,3.62808022236976,-0.3410039802262077,2.284989204513621,-0.7701745499972857,2.481636533755423,-3.5677232867847213,-1.790226067639766
49.0,64.0,1006.8190307617188,-2.748269959268196,-3.084966238921357,0.7504702103665593,3.627964797284832,-0.3410039320791652,2.284989204513621,-0.7691693634910518,2.481636533755423,-3.5677232867847213,-1.790226067639766
49.0,64.0,1006.8190307617188,-2.7482699592684305,-3.084966238921357,0.7504702103665593,3.627964797284832,-0.3410039320791652,2.284989204513621,-0.7691692802219667,2.481636533755423,-3.5677232867847213,-1.790226067639766
49.0,64.0,1006.8190307617188,-2.7482699592641264,-3.084966238921357,0.7504702103665593,3.6279687693126,-0.3410039863163017,2.284989204513621,-0.7691686971398006,2.4816365334146164,-3.5677232866703097,-1.790226067639766
49.0,64.0,1006.8190307617188,-2.748269959268089,-3.084966238921357,0.7504702103665593,3.627964797284832,-0.3410039320791652,2.284989204513621,-0.7691683537796472,2.481636533755423,-3.5677232867847213,-1.790226067639766
49.0,64.0,1006.819091796875,-2.7482699592641264,-3.084966238921357,0.7504702103665593,3.62796957042085,-0.3410039863163017,2.284989204513621,-0.7691688568133845,2.481636533409276,-3.5677232866703097,-1.790226067639766
49.0,64.0,1006.8191528320312,-2.7482699592641264,-3.084966238921357,0.7504702103665593,3.628076420398221,-0.3410039807299793,2.284989204513621,-0.7702688138332454,2.481636533755423,-3.5677232867847213,-1.790226067639766
49.0,64.0,1006.8191528320312,-2.7482699592641264,-3.084966238921357,0.7504702103665593,3.628076420398221,-0.3410039807299793,2.284989204513621,-0.7702688138332454,2.481636533755423,-3.5677232867847213,-1.790226067639766
49.0,64.0,1006.8192138671876,-2.7482699592641264,-3.084966238921357,0.7504702103665593,3.62808022236976,-0.3410039863163017,2.284989204513621,-0.7702688138332454,2.481636533755423,-3.5677232867847213,-1.790226067639766
49.0,64.0,1006.8192138671876,-2.7482699592641264,-3.084966238921357,0.7504702103665593,3.62808022236976,-0.3410039807299793,2.284989204513621,-0.7702688138332454,2.481636533755423,-3.5677232867847213,-1.790226067639766
49.0,64.0,1006.8192749023438,-2.7482699592641264,-3.084966238921357,0.7504702103665593,3.627968792206631,-0.3410039863163017,2.284989204513621,-0.7691059486792156,2.4816365334144663,-3.5677232866703097,-1.790226067639766
49.0,64.0,1006.8193359375,-2.7482699592641264,-3.084966238921357,0.7504702103665593,3.6280766181104496,-0.3410039863163017,2.284989204513621,-0.7691686923684434,2.481636533755423,-3.5677232867847213,-1.790226067639766
49.0,64.0,1006.8193359375,-2.7482699592641264,-3.084965081666032,0.7504702103665593,3.62808022236976,-0.3410039320791652,2.284989204513621,-0.7691686923684434,2.481636533755423,-3.567725898060184,-1.790226067639766
49.0,64.0,1006.8193359375,-2.7482699592641264,-3.084966238921357,0.7504702103665593,3.6280766181104496,-0.3410039863163017,2.284989204513621,-0.7691686923684434,2.481636533755423,-3.5677232867847213,-1.790226067639766
49.0,64.0,1006.8193359375,-2.7482699592641264,-3.084965081666032,0.7504702103665593,3.62808022236976,-0.3410039376654875,2.284989204513621,-0.7691686923684434,2.481636533755423,-3.567725898060184,-1.790226067639766
49.0,64.0,1006.8193359375,-2.7482699592641264,-3.084966238921357,0.7504702103665593,3.6280766181104496,-0.3410039863163017,2.284989204513621,-0.7691686923684434,2.481636533755423,-3.5677232867847213,-1.790226067639766
49.0,64.0,1006.8193359375,-2.7482699592641264,-3.084966238921357,0.7504702103665593,3.62796959331488,-0.3410039863163017,2.284989204513621,-0.7691061083527996,2.4816365334091253,-3.5677232866703097,-1.790226067639766
49.0,64.0,1006.8193359375,-2.7482699592641264,-3.084965031294534,0.7504702103665593,3.62808022236976,-0.3410039320791652,2.284989204513621,-0.7691686923684434,2.481636533755423,-3.567725898060184,-1.790226067639766
49.0,64.0,1006.8193359375,-2.7482699592641264,-3.0849651437741805,0.7504702103665593,3.62808022236976,-0.3410039376654875,2.284989204513621,-0.7691686923684434,2.481636533755423,-3.567725898060184,-1.790226067639766
49.0,64.0,1006.8193359375,-2.7482699592641264,-3.084965031294534,0.7504702103665593,3.62808022236976,-0.3410039320791652,2.284989204513621,-0.7691686923684434,2.481636533755423,-3.567725898060184,-1.790226067639766
49.0,64.0,1006.8193359375,-2.7482699592641264,-3.084966238921357,0.7504702103665593,3.6280766181104496,-0.3410039863163017,2.284989204513621,-0.7691686923684434,2.481636533755423,-3.5677232867847213,-1.790226067639766
49.0,64.0,1006.8193969726562,-2.7482699592641264,-3.084966238921357,0.7504702103665593,3.62808022236976,-0.3410039863163017,2.284989204513621,-0.7691686923684434,2.481636533755423,-3.5677232867847213,-1.790226067639766
49.0,64.0,1006.8193969726562,-2.7482699592641264,-3.084966238921357,0.7504702103665593,3.62808022236976,-0.3410039320791652,2.284989204513621,-0.7691686923684434,2.481636533755423,-3.5677232867847213,-1.790226067639766
49.0,64.0,1006.8193969726562,-2.7482699592641264,-3.084966238921357,0.7504702103665593,3.62808022236976,-0.3410039320791652,2.284989204513621,-0.7691686923684434,2.481636533755423,-3.5677232867847213,-1.790226067639766
49.0,64.0,1006.8193969726562,-2.7482699592641264,-3.084966238921357,0.7504702103665593,3.62808022236976,-0.3410039863163017,2.284989204513621,-0.7691686923684434,2.481636533755423,-3.5677232867847213,-1.790226067639766
49.0,64.0,1006.8193969726562,-2.7482699592641264,-3.084966238921357,0.7504702103665593,3.62808022236976,-0.3410039863163017,2.284989204513621,-0.7691686923684434,2.481636533755423,-3.5677232867847213,-1.790226067639766
49.0,64.0,1006.8193969726562,-2.7482699592641264,-3.084966238921357,0.7504702103665593,3.62808022236976,-0.3410039863163017,2.284989204513621,-0.7691714763229385,2.481636533755423,-3.5677232878829,-1.790226067639766
49.0,64.0,1006.8193969726562,-2.7482699592641264,-3.084966238921357,0.7504702103665593,3.62808022236976,-0.3410039863163017,2.284989204513621,-0.7691686923684434,2.481636533755423,-3.5677232867847213,-1.790226067639766
49.0,64.0,1006.8193969726562,-2.748269959209021,-3.084966238921357,0.7504702103665593,3.62808022236976,-0.3410039863163017,2.284989204513621,-0.7691686923684434,2.481636533755423,-3.5677232867847213,-1.790226067639766
49.0,65.0,1006.8031616210938,-2.751326717639277,-3.084966238921357,0.7504702103665593,3.627853833362089,-0.3410040273015438,2.284989204513621,-0.7688953466023202,2.481636533755423,-3.567725766768196,-1.790226067639766
49.0,65.0,1006.8031616210938,-2.751326717639277,-3.084966238921357,0.7504702103665593,3.627853833362089,-0.3410040273015438,2.284989204513621,-0.7688953466023202,2.481636533755423,-3.567725766768196,-1.790226067639766
49.0,65.0,1006.8035888671876,-2.751223930690302,-3.084966238921357,0.7504702103665593,3.627853833362089,-0.3410040273015438,2.284989204513621,-0.7688953466023202,2.481636533755423,-3.567725879940056,-1.790226067639766
49.0,65.0,1006.8119506835938,-2.748347883045373,-3.084966238921357,0.7504702103665593,3.6261017385188383,-0.3409994819891428,2.284989204513621,-0.7702688138332454,2.481636533755423,-3.5677259470621494,-1.790226067639766
49.0,65.0,1006.81201171875,-2.748347883045373,-3.084966238921357,0.7504702103665593,3.6261017385188383,-0.3409994819891428,2.284989204513621,-0.7702688138332454,2.481636533755423,-3.5677232867847213,-1.790226067639766
49.0,65.0,1006.81201171875,-2.7483460772700403,-3.084966238921357,0.7504702103665593,3.626104028163408,-0.3409990754165515,2.284989204513621,-0.7702695379704032,2.481636533755423,-3.567725969732942,-1.790226067639766
49.0,65.0,1006.81201171875,-2.748347883045373,-3.084966238921357,0.7504702103665593,3.6261017385188383,-0.3409994819891428,2.284989204513621,-0.7702688138332454,2.481636533755423,-3.5677232867847213,-1.790226067639766
49.0,65.0,1006.81201171875,-2.7483460772700403,-3.084966238921357,0.7504702103665593,3.626104028163408,-0.3409990754165515,2.284989204513621,-0.7702695379704032,2.4816365683373443,-3.567725969732942,-1.790226067639766
49.0,65.0,1006.8120727539062,-2.7493397455410022,-3.084966238921357,0.7504702103665593,3.62808022236976,-0.3410039863163017,2.284989204513621,-0.7691697936227146,2.4816365689573323,-3.5677232878829,-1.790226067639766
49.0,65.0,1006.8120727539062,-2.749343823697853,-3.084966238921357,0.7504702103665593,3.62808022236976,-0.3410039863163017,2.284989204513621,-0.7691686792616516,2.481636533638256,-3.5677232867847213,-1.790226067639766
49.0,65.0,1006.8121337890624,-2.749338791391004,-3.084966238921357,0.7504702103665593,3.62808022236976,-0.3410039863163017,2.284989204513621,-0.7691668171241115,2.481636535105544,-3.567723287984538,-1.790226067639766
49.0,65.0,1006.8121337890624,-2.749338791391004,-3.084966238921357,0.7504702103665593,3.62808022236976,-0.3410039863163017,2.284989204513621,-0.769168587400515,2.481636533634741,-3.567723288020129,-1.790226067639766
49.0,65.0,1006.8121337890624,-2.749338791391004,-3.084966238921357,0.7504702103665593,3.62808022236976,-0.3410039863163017,2.284989204513621,-0.7691668171241115,2.481636534118513,-3.567723287984538,-1.790226067639766
49.0,65.0,1006.8121337890624,-2.749338791391004,-3.084966202356731,0.7504702103665593,3.62808022236976,-0.3410039863163017,2.284989204513621,-0.7691668158729666,2.481636533722816,-3.567723302974306,-1.790226067639766
49.0,65.0,1006.812255859375,-2.749348902087744,-3.084966238921357,0.7504702103665593,3.62808022236976,-0.3410039863163017,2.284989204513621,-0.7691141982133604,2.4816365689573323,-3.5677232878829,-1.790226067639766
49.0,65.0,1006.8123779296876,-2.748356184647922,-3.084966238921357,0.7504702103665593,3.625976520648161,-0.3410048454205592,2.284989204513621,-0.7701603874961236,2.481636533755423,-3.567723287830506,-1.790226067639766
49.0,65.0,1006.8124389648438,-2.7482699592567443,-3.084966238921357,0.7504702103665593,3.626136237166111,-0.3409994819891428,2.284989204513621,-0.7702688138332454,2.481636533755423,-3.5677232867847213,-1.790226067639766
49.0,65.0,1006.8124389648438,-2.7482699592641264,-3.084966238921357,0.7504702103665593,3.626058304434916,-0.3410039863163017,2.284989204513621,-0.770263174902333,2.481636533408407,-3.567723286789565,-1.790226067639766
49.0,65.0,1006.8124389648438,-2.7482719020926867,-3.084966238921357,0.7504702103665593,3.6261045040092257,-0.3409996014141579,2.284989204513621,-0.7702632371269372,2.481636533408407,-3.567723236473676,-1.790226067639766
49.0,65.0,1006.8124389648438,-2.748269959256729,-3.084966238921357,0.7504702103665593,3.626136237166111,-0.3409990747059302,2.284989204513621,-0.7702688138332454,2.481636533755423,-3.5677232867847213,-1.790226067639766
49.0,65.0,1006.814697265625,-2.7493397455410022,-3.084966238921357,0.7504702103665593,3.62610389204793,-0.3410039863163017,2.284989204513621,-0.7691697936227146,2.48163653528876,-3.5677232878829,-1.790226067639766
49.0,65.0,1006.8181762695312,-2.748269959209021,-3.084966238921357,0.7504702103665593,3.627956737911864,-0.3410039863163017,2.284989204513621,-0.7701769257408106,2.481636533754568,-3.567723286677539,-1.790226067639766
49.0,65.0,1006.8184814453124,-2.748269959268101,-3.084966238921357,0.7504702103665593,3.627968681397812,-0.3410039807299793,2.284989204513621,-0.7702688138332454,2.481636533755423,-3.5677232867847213,-1.790226067639766
49.0,65.0,1006.8189086914062,-2.748269959209021,-3.084966238921357,0.7504702103665593,3.62808022236976,-0.3410039863163017,2.284989204513621,-0.7701603874961236,2.481636533755423,-3.567723287864871,-1.790226067639766
49.0,65.0,1006.8189086914062,-2.748269959209021,-3.084966238921357,0.7504702103665593,3.628074052545779,-0.3409990754165515,2.284989204513621,-0.770178060724684,2.481636533755423,-3.5677232867847213,-1.790226067639766
49.0,65.0,1006.8189086914062,-2.748269959209021,-3.084966238921357,0.7504702103665593,3.62808022236976,-0.3410039863163017,2.284989204513621,-0.7701603874961236,2.481636533755423,-3.567723287864871,-1.790226067639766
49.0,65.0,1006.8189086914062,-2.748269959209021,-3.084966238921357,0.7504702103665593,3.628074052545779,-0.3409990754165515,2.284989204513621,-0.770178060724684,2.481636533755423,-3.5677232867847213,-1.790226067639766
49.0,65.0,1006.8189086914062,-2.748269959209021,-3.084966238921357,0.7504702103665593,3.628081590549471,-0.3410039313585664,2.284989204513621,-0.7701603874961236,2.481636533755423,-3.567723286781668,-1.790226067639766
49.0,65.0,1006.8189086914062,-2.748269959209021,-3.084966238921357,0.7504702103665593,3.628074052545779,-0.3409990754165515,2.284989204513621,-0.770178060724684,2.481636533755423,-3.5677232867847213,-1.790226067639766
49.0,65.0,1006.8189086914062,-2.748269959209037,-3.084966238921357,0.7504702103665593,3.628074052545779,-0.3409994826997641,2.284989204513621,-0.770178060724684,2.481636533755423,-3.5677232867847213,-1.790226067639766
49.0,65.0,1006.8189086914062,-2.748269959209021,-3.084966238921357,0.7504702103665593,3.628074052545779,-0.3409990754165515,2.284989204513621,-0.770178060724684,2.481636533755423,-3.5677232867847213,-1.790226067639766
49.0,65.0,1006.8189697265624,-2.748269959209021,-3.084966238921357,0.7504702103665593,3.62808022236976,-0.3410039863163017,2.284989204513621,-0.7701769257408106,2.481636533755423,-3.5677232867847213,-1.790226067639766
49.0,65.0,1006.8189697265624,-2.748269959209021,-3.084966238921357,0.7504702103665593,3.62808022236976,-0.3410039863163017,2.284989204513621,-0.7701769257408106,2.481636533755423,-3.5677232867847213,-1.790226067639766
49.0,65.0,1006.8189697265624,-2.748269959209021,-3.084966238921357,0.7504702103665593,3.62808022236976,-0.3410039802262077,2.284989204513621,-0.7701745499972857,2.481636533755423,-3.5677232867847213,-1.790226067639766
49.0,65.0,1006.8189697265624,-2.7482699592651127,-3.084966238921357,0.7504702103665593,3.62808022236976,-0.3410039869649095,2.284989204513621,-0.7701745499972857,2.481636533755423,-3.5677232867847213,-1.790226067639766
49.0,65.0,1006.8189697265624,-2.7482699592567443,-3.084966238921357,0.7504702103665593,3.6279946757431136,-0.340999393336715,2.284989204513621,-0.7692078560257172,2.481636533755423,-3.5677232867847213,-1.790226067639766
49.0,65.0,1006.8190307617188,-2.748269959268196,-3.084966238921357,0.7504702103665593,3.627964797284832,-0.3410039320791652,2.284989204513621,-0.7691693634910518,2.481636533755423,-3.5677232867847213,-1.790226067639766
49.0,65.0,1006.8190307617188,-2.7482699592684305,-3.084966238921357,0.7504702103665593,3.627964797284832,-0.3410039320791652,2.284989204513621,-0.7691692802219667,2.481636533755423,-3.5677232867847213,-1.790226067639766
49.0,65.0,1006.8190307617188,-2.7482699592641264,-3.084966238921357,0.7504702103665593,3.6279687693126,-0.3410039863163017,2.284989204513621,-0.7691686971398006,2.4816365334146164,-3.5677232866703097,-1.790226067639766
49.0,65.0,1006.8190307617188,-2.748269959268089,-3.084966238921357,0.7504702103665593,3.627964797284832,-0.3410039320791652,2.284989204513621,-0.7691683537796472,2.481636533755423,-3.5677232867847213,-1.790226067639766
49.0,65.0,1006.819091796875,-2.7482699592641264,-3.084966238921357,0.7504702103665593,3.62796957042085,-0.3410039863163017,2.284989204513621,-0.7691688568133845,2.481636533409276,-3.5677232866703097,-1.790226067639766
49.0,65.0,1006.8191528320312,-2.7482699592641264,-3.084966238921357,0.7504702103665593,3.628076420398221,-0.3410039807299793,2.284989204513621,-0.7702688138332454,2.481636533755423,-3.5677232867847213,-1.790226067639766
49.0,65.0,1006.8191528320312,-2.7482699592641264,-3.084966238921357,0.7504702103665593,3.628076420398221,-0.3410039807299793,2.284989204513621,-0.7702688138332454,2.481636533755423,-3.5677232867847213,-1.790226067639766
49.0,65.0,1006.8191528320312,-2.748269959209021,-3.084966238921357,0.7504702103665593,3.628076247350095,-0.3410039864638868,2.284989204513621,-0.7702699621291087,2.481636533755423,-3.5677232867847213,-1.790226067639766
49.0,65.0,1006.8192138671876,-2.7482699592641264,-3.084966238921357,0.7504702103665593,3.62808022236976,-0.3410039863163017,2.284989204513621,-0.7702688138332454,2.481636533755423,-3.5677232867847213,-1.790226067639766
49.0,65.0,1006.8192138671876,-2.7482699592641264,-3.084966238921357,0.7504702103665593,3.62808022236976,-0.3410039807299793,2.284989204513621,-0.7702688138332454,2.481636533755423,-3.5677232867847213,-1.790226067639766
49.0,65.0,1006.8192138671876,-2.748269959208874,-3.084966238921357,0.7504702103665593,3.62808022236976,-0.3410039807299793,2.284989204513621,-0.770268147905801,2.481636533755423,-3.5677232868220226,-1.790226067639766
49.0,65.0,1006.8192138671876,-2.748269959208035,-3.084966238921357,0.7504702103665593,3.62808022236976,-0.3410039795775998,2.284989204513621,-0.7702688138332454,2.481636533755423,-3.5677232867847213,-1.790226067639766
49.0,65.0,1006.8192749023438,-2.7482699592641264,-3.084966238921357,0.7504702103665593,3.627968792206631,-0.3410039863163017,2.284989204513621,-0.7691059486792156,2.4816365334144663,-3.5677232866703097,-1.790226067639766
49.0,65.0,1006.8193359375,-2.7482699592641264,-3.084966238921357,0.7504702103665593,3.6280766181104496,-0.3410039863163017,2.284989204513621,-0.7691686923684434,2.481636533755423,-3.5677232867847213,-1.790226067639766
49.0,66.0,1006.8027954101562,-2.751326717639277,-3.084966238921357,0.7504702103665593,3.627853833362089,-0.3410039864477325,2.284989204513621,-0.7689436368519872,2.481636533755423,-3.567725766768196,-1.790226067639766
49.0,66.0,1006.8031616210938,-2.751326717639277,-3.084966238921357,0.7504702103665593,3.627853833362089,-0.3410040273015438,2.284989204513621,-0.7688953466023202,2.481636533755423,-3.567725766768196,-1.790226067639766
49.0,66.0,1006.8031616210938,-2.751326717639277,-3.084966238921357,0.7504702103665593,3.627853833362089,-0.3410040273015438,2.284989204513621,-0.7688953466023202,2.481636533755423,-3.567725766768196,-1.790226067639766
49.0,66.0,1006.8031616210938,-2.7513338852894527,-3.084966238921357,0.7504702103665593,3.627853833362089,-0.3409992536426874,2.284989204513621,-0.7688953466023202,2.481636533755423,-3.567725766768196,-1.790226067639766
49.0,66.0,1006.8035888671876,-2.751223930690302,-3.084966238921357,0.7504702103665593,3.627853833362089,-0.3410040273015438,2.284989204513621,-0.7688953466023202,2.481636533755423,-3.567725879940056,-1.790226067639766
49.0,66.0,1006.8035888671876,-2.751223930690302,-3.084966238921357,0.7504702103665593,3.627853833362089,-0.3410040273015438,2.284989204513621,-0.7688953466023202,2.481636533755423,-3.5677257626367624,-1.790226067639766
49.0,66.0,1006.8103637695312,-2.749391948824309,-3.084966238921357,0.7504702103665593,3.62808022236976,-0.3410036979695588,2.284989204513621,-0.770048991606019,2.481636534118513,-3.5677232878798137,-1.790226067639766
49.0,66.0,1006.8112182617188,-2.749297142601628,-3.084966238921357,0.7504702103665593,3.62808022236976,-0.3410039863163017,2.284989204513621,-0.770204667931272,2.481636533634741,-3.5677232880188434,-1.790226067639766
49.0,66.0,1006.8119506835938,-2.748347883045373,-3.084966238921357,0.7504702103665593,3.6261017385188383,-0.3409994819891428,2.284989204513621,-0.7702688138332454,2.481636533755423,-3.5677259470621494,-1.790226067639766
49.0,66.0,1006.8119506835938,-2.748352298944545,-3.084966238921357,0.7504702103665593,3.626100174570389,-0.3410040586707942,2.284989204513621,-0.7702631179510975,2.481636533754592,-3.567723286677539,-1.790226067639766
49.0,66.0,1006.81201171875,-2.748347883045373,-3.084966238921357,0.7504702103665593,3.6261017385188383,-0.3409994819891428,2.284989204513621,-0.7702688138332454,2.481636533755423,-3.5677232867847213,-1.790226067639766
49.0,66.0,1006.81201171875,-2.7483460772700403,-3.084966238921357,0.7504702103665593,3.626104028163408,-0.3409990754165515,2.284989204513621,-0.7702695379704032,2.481636533755423,-3.567725969732942,-1.790226067639766
49.0,66.0,1006.81201171875,-2.748347883045373,-3.084966238921357,0.7504702103665593,3.6261017385188383,-0.3409994819891428,2.284989204513621,-0.7702688138332454,2.481636533755423,-3.5677232867847213,-1.790226067639766
49.0,66.0,1006.81201171875,-2.7483460772700403,-3.084966238921357,0.7504702103665593,3.626104028163408,-0.3409990754165515,2.284989204513621,-0.7702695379704032,2.4816365683373443,-3.567725969732942,-1.790226067639766
49.0,66.0,1006.81201171875,-2.748346060496585,-3.084966238921357,0.7504702103665593,3.626104028163408,-0.3409990759799523,2.284989204513621,-0.7702694982437971,2.481636532685872,-3.567725969732942,-1.790226067639766
49.0,66.0,1006.81201171875,-2.7483389096198647,-3.084966238921357,0.7504702103665593,3.626104028163408,-0.341003849075408,2.284989204513621,-0.7702695379704032,2.481636533755423,-3.567725969732942,-1.790226067639766
49.0,66.0,1006.8120727539062,-2.7493397455410022,-3.084966238921357,0.7504702103665593,3.62808022236976,-0.3410039863163017,2.284989204513621,-0.7691697936227146,2.4816365689573323,-3.5677232878829,-1.790226067639766
49.0,66.0,1006.8120727539062,-2.749343823697853,-3.084966238921357,0.7504702103665593,3.62808022236976,-0.3410039863163017,2.284989204513621,-0.7691686792616516,2.481636533638256,-3.5677232867847213,-1.790226067639766
49.0,66.0,1006.8120727539062,-2.7493397455410022,-3.084966238921357,0.7504702103665593,3.62808022236976,-0.3410039863163017,2.284989204513621,-0.7691697936227146,2.4816365693603486,-3.5677232878829,-1.790226067639766
49.0,66.0,1006.8121337890624,-2.749338791391004,-3.084966238921357,0.7504702103665593,3.62808022236976,-0.3410039863163017,2.284989204513621,-0.7691668171241115,2.481636535105544,-3.567723287984538,-1.790226067639766
49.0,66.0,1006.8121337890624,-2.749338791391004,-3.084966238921357,0.7504702103665593,3.62808022236976,-0.3410039863163017,2.284989204513621,-0.769168587400515,2.481636533634741,-3.567723288020129,-1.790226067639766
49.0,66.0,1006.8121337890624,-2.749338791391004,-3.084966238921357,0.7504702103665593,3.62808022236976,-0.3410039863163017,2.284989204513621,-0.7691668171241115,2.481636534118513,-3.567723287984538,-1.790226067639766
49.0,66.0,1006.8121337890624,-2.749338791391004,-3.084966202356731,0.7504702103665593,3.62808022236976,-0.3410039863163017,2.284989204513621,-0.7691668158729666,2.481636533722816,-3.567723302974306,-1.790226067639766
49.0,66.0,1006.8121337890624,-2.749338791391004,-3.084966238921357,0.7504702103665593,3.62808022236976,-0.3409996149315442,2.284989204513621,-0.7691668171241115,2.481636534118513,-3.567723289229076,-1.790226067639766
49.0,66.0,1006.812255859375,-2.749348902087744,-3.084966238921357,0.7504702103665593,3.62808022236976,-0.3410039863163017,2.284989204513621,-0.7691141982133604,2.4816365689573323,-3.5677232878829,-1.790226067639766
49.0,66.0,1006.8123779296876,-2.748356184647922,-3.084966238921357,0.7504702103665593,3.625976520648161,-0.3410048454205592,2.284989204513621,-0.7701603874961236,2.481636533755423,-3.567723287830506,-1.790226067639766
49.0,66.0,1006.8124389648438,-2.7482699592567443,-3.084966238921357,0.7504702103665593,3.626136237166111,-0.3409994819891428,2.284989204513621,-0.7702688138332454,2.481636533755423,-3.5677232867847213,-1.790226067639766
49.0,66.0,1006.8124389648438,-2.7482699592641264,-3.084966238921357,0.7504702103665593,3.626058304434916,-0.3410039863163017,2.284989204513621,-0.770263174902333,2.481636533408407,-3.567723286789565,-1.790226067639766
49.0,66.0,1006.8124389648438,-2.7482719020926867,-3.084966238921357,0.7504702103665593,3.6261045040092257,-0.3409996014141579,2.284989204513621,-0.7702632371269372,2.481636533408407,-3.567723236473676,-1.790226067639766
49.0,66.0,1006.8124389648438,-2.748269959256729,-3.084966238921357,0.7504702103665593,3.626136237166111,-0.3409990747059302,2.284989204513621,-0.7702688138332454,2.481636533755423,-3.5677232867847213,-1.790226067639766
49.0,66.0,1006.8124389648438,-2.7482719020926867,-3.084966238921357,0.7504702103665593,3.6261045040092257,-0.3410039727989154,2.284989204513621,-0.7702632371269372,2.481636533408407,-3.567723235229137,-1.790226067639766
49.0,66.0,1006.8124389648438,-2.7482699592567443,-3.084966238921357,0.7504702103665593,3.626136237166111,-0.3409994819891428,2.284989204513621,-0.7702688138332454,2.481636533755423,-3.5677232867847213,-1.790226067639766
49.0,66.0,1006.8125610351562,-2.749328759138442,-3.084966238921357,0.7504702103665593,3.62801902941432,-0.3410039497385138,2.284989204513621,-0.7690585860893334,2.4816365685707087,-3.567723389655078,-1.790226067639766
49.0,66.0,1006.814697265625,-2.7493397455410022,-3.084966238921357,0.7504702103665593,3.62610389204793,-0.3410039863163017,2.284989204513621,-0.7691697936227146,2.48163653528876,-3.5677232878829,-1.790226067639766
49.0,66.0,1006.8181762695312,-2.748269959209021,-3.084966238921357,0.7504702103665593,3.627956737911864,-0.3410039863163017,2.284989204513621,-0.7701769257408106,2.481636533754568,-3.567723286677539,-1.790226067639766
49.0,66.0,1006.8184814453124,-2.748269959268101,-3.084966238921357,0.7504702103665593,3.627968681397812,-0.3410039807299793,2.284989204513621,-0.7702688138332454,2.481636533755423,-3.5677232867847213,-1.790226067639766
49.0,66.0,1006.8189086914062,-2.748269959209021,-3.084966238921357,0.7504702103665593,3.62808022236976,-0.3410039863163017,2.284989204513621,-0.7701603874961236,2.481636533755423,-3.567723287864871,-1.790226067639766
49.0,66.0,1006.8189086914062,-2.748269959209021,-3.084966238921357,0.7504702103665593,3.628074052545779,-0.3409990754165515,2.284989204513621,-0.770178060724684,2.481636533755423,-3.5677232867847213,-1.790226067639766
49.0,66.0,1006.8189086914062,-2.748269959209021,-3.084966238921357,0.7504702103665593,3.62808022236976,-0.3410039863163017,2.284989204513621,-0.7701603874961236,2.481636533755423,-3.567723287864871,-1.790226067639766
49.0,66.0,1006.8189086914062,-2.748269959209021,-3.084966238921357,0.7504702103665593,3.628074052545779,-0.3409990754165515,2.284989204513621,-0.770178060724684,2.481636533755423,-3.5677232867847213,-1.790226067639766
49.0,66.0,1006.8189086914062,-2.748269959209021,-3.084966238921357,0.7504702103665593,3.628081590549471,-0.3410039313585664,2.284989204513621,-0.7701603874961236,2.481636533755423,-3.567723286781668,-1.790226067639766
49.0,66.0,1006.8189086914062,-2.748269959209021,-3.084966238921357,0.7504702103665593,3.628074052545779,-0.3409990754165515,2.284989204513621,-0.770178060724684,2.481636533755423,-3.5677232867847213,-1.790226067639766
49.0,66.0,1006.8189086914062,-2.748269959209037,-3.084966238921357,0.7504702103665593,3.628074052545779,-0.3409994826997641,2.284989204513621,-0.770178060724684,2.481636533755423,-3.5677232867847213,-1.790226067639766
49.0,66.0,1006.8189086914062,-2.748269959209021,-3.084966238921357,0.7504702103665593,3.628074052545779,-0.3409990754165515,2.284989204513621,-0.770178060724684,2.481636533755423,-3.5677232867847213,-1.790226067639766
49.0,66.0,1006.8189086914062,-2.748269959209021,-3.084966238921357,0.7504702103665593,3.62808022236976,-0.3410039829036591,2.284989204513621,-0.7701607824008379,2.481636533755423,-3.567723286840518,-1.790226067639766
49.0,66.0,1006.8189697265624,-2.748269959209021,-3.084966238921357,0.7504702103665593,3.62808022236976,-0.3410039863163017,2.284989204513621,-0.7701769257408106,2.481636533755423,-3.5677232867847213,-1.790226067639766
49.0,66.0,1006.8189697265624,-2.748269959209021,-3.084966238921357,0.7504702103665593,3.62808022236976,-0.3410039863163017,2.284989204513621,-0.7701769257408106,2.481636533755423,-3.5677232867847213,-1.790226067639766
49.0,66.0,1006.8189697265624,-2.748269959209021,-3.084966238921357,0.7504702103665593,3.62808022236976,-0.3410039802262077,2.284989204513621,-0.7701745499972857,2.481636533755423,-3.5677232867847213,-1.790226067639766
49.0,66.0,1006.8189697265624,-2.7482699592651127,-3.084966238921357,0.7504702103665593,3.62808022236976,-0.3410039869649095,2.284989204513621,-0.7701745499972857,2.481636533755423,-3.5677232867847213,-1.790226067639766
49.0,66.0,1006.8189697265624,-2.7482699592567443,-3.084966238921357,0.7504702103665593,3.6279946757431136,-0.340999393336715,2.284989204513621,-0.7692078560257172,2.481636533755423,-3.5677232867847213,-1.790226067639766
49.0,67.0,1006.8027954101562,-2.751326717639277,-3.084966238921357,0.7504702103665593,3.627853833362089,-0.3410039864477325,2.284989204513621,-0.7689436368519872,2.481636533755423,-3.567725766768196,-1.790226067639766
49.0,67.0,1006.8031616210938,-2.751326717639277,-3.084966238921357,0.7504702103665593,3.627853833362089,-0.3410040273015438,2.284989204513621,-0.7688953466023202,2.481636533755423,-3.567725766768196,-1.790226067639766
49.0,67.0,1006.8031616210938,-2.751326717639277,-3.084966238921357,0.7504702103665593,3.627853833362089,-0.3410040273015438,2.284989204513621,-0.7688953466023202,2.481636533755423,-3.567725766768196,-1.790226067639766
49.0,67.0,1006.8031616210938,-2.7513338852894527,-3.084966238921357,0.7504702103665593,3.627853833362089,-0.3409992536426874,2.284989204513621,-0.7688953466023202,2.481636533755423,-3.567725766768196,-1.790226067639766
49.0,67.0,1006.8031616210938,-2.751326717639277,-3.084966238921357,0.7504702103665593,3.627853833362089,-0.3410040273015438,2.284989204513621,-0.7688953466023202,2.481636533755423,-3.567725766768196,-1.790226067639766
49.0,67.0,1006.8031616210938,-2.751326717639277,-3.084966238921357,0.7504702103665593,3.627853833362089,-0.3410040273015438,2.284989204513621,-0.7688953466023202,2.481636533755423,-3.567725766768196,-1.790226067639766
49.0,67.0,1006.8035888671876,-2.751223930690302,-3.084966238921357,0.7504702103665593,3.627853833362089,-0.3410040273015438,2.284989204513621,-0.7688953466023202,2.481636533755423,-3.567725879940056,-1.790226067639766
49.0,67.0,1006.8035888671876,-2.751223930690302,-3.084966238921357,0.7504702103665593,3.627853833362089,-0.3410040273015438,2.284989204513621,-0.7688953466023202,2.481636533755423,-3.5677257626367624,-1.790226067639766
49.0,67.0,1006.8035888671876,-2.751223930690302,-3.084966238921357,0.7504702103665593,3.627853833362089,-0.3410040273015438,2.284989204513621,-0.7688953466023202,2.481636533755423,-3.567725879940056,-1.790226067639766
49.0,67.0,1006.8035888671876,-2.751223930690302,-3.084966238921357,0.7504702103665593,3.627853833362089,-0.3410040273015438,2.284989204513621,-0.7688953466023202,2.481636533755423,-3.567725879940056,-1.790226067639766
49.0,67.0,1006.8103637695312,-2.749391948824309,-3.084966238921357,0.7504702103665593,3.62808022236976,-0.3410036979695588,2.284989204513621,-0.770048991606019,2.481636534118513,-3.5677232878798137,-1.790226067639766
49.0,67.0,1006.8103637695312,-2.749391948824309,-3.084966238921357,0.7504702103665593,3.62808022236976,-0.3410036979695588,2.284989204513621,-0.770048991606019,2.481636534118513,-3.5677232878798137,-1.790226067639766
49.0,67.0,1006.8112182617188,-2.749297142601628,-3.084966238921357,0.7504702103665593,3.62808022236976,-0.3410039863163017,2.284989204513621,-0.770204667931272,2.481636533634741,-3.5677232880188434,-1.790226067639766
49.0,67.0,1006.8119506835938,-2.748347883045373,-3.084966238921357,0.7504702103665593,3.6261017385188383,-0.3409994819891428,2.284989204513621,-0.7702688138332454,2.481636533755423,-3.5677259470621494,-1.790226067639766
49.0,67.0,1006.8119506835938,-2.748352298944545,-3.084966238921357,0.7504702103665593,3.626100174570389,-0.3410040586707942,2.284989204513621,-0.7702631179510975,2.481636533754592,-3.567723286677539,-1.790226067639766
49.0,67.0,1006.8119506835938,-2.749348902087744,-3.084966238921357,0.7504702103665593,3.627810923521692,-0.3410038461802143,2.284989204513621,-0.7691084752808566,2.4816365689573323,-3.5677232878829,-1.790226067639766
49.0,67.0,1006.8119506835938,-2.748352298944545,-3.084966238921357,0.7504702103665593,3.626097341953509,-0.3410039920427009,2.284989204513621,-0.7702689341454853,2.4816365337546857,-3.567723286783388,-1.790226067639766
49.0,67.0,1006.81201171875,-2.748347883045373,-3.084966238921357,0.7504702103665593,3.6261017385188383,-0.3409994819891428,2.284989204513621,-0.7702688138332454,2.481636533755423,-3.5677232867847213,-1.790226067639766
49.0,67.0,1006.81201171875,-2.7483460772700403,-3.084966238921357,0.7504702103665593,3.626104028163408,-0.3409990754165515,2.284989204513621,-0.7702695379704032,2.481636533755423,-3.567725969732942,-1.790226067639766
49.0,67.0,1006.81201171875,-2.748347883045373,-3.084966238921357,0.7504702103665593,3.6261017385188383,-0.3409994819891428,2.284989204513621,-0.7702688138332454,2.481636533755423,-3.5677232867847213,-1.790226067639766
49.0,67.0,1006.81201171875,-2.7483460772700403,-3.084966238921357,0.7504702103665593,3.626104028163408,-0.3409990754165515,2.284989204513621,-0.7702695379704032,2.4816365683373443,-3.567725969732942,-1.790226067639766
49.0,67.0,1006.81201171875,-2.748346060496585,-3.084966238921357,0.7504702103665593,3.626104028163408,-0.3409990759799523,2.284989204513621,-0.7702694982437971,2.481636532685872,-3.567725969732942,-1.790226067639766
49.0,67.0,1006.81201171875,-2.7483389096198647,-3.084966238921357,0.7504702103665593,3.626104028163408,-0.341003849075408,2.284989204513621,-0.7702695379704032,2.481636533755423,-3.567725969732942,-1.790226067639766
49.0,67.0,1006.81201171875,-2.7483460772700403,-3.084966238921357,0.7504702103665593,3.626104147326961,-0.3409992450004083,2.284989204513621,-0.7702695379704032,2.481636533755423,-3.5677260405921145,-1.790226067639766
49.0,67.0,1006.81201171875,-2.7483460772700403,-3.084966238921357,0.7504702103665593,3.626104028163408,-0.3409990754165515,2.284989204513621,-0.7702695379704032,2.4816365683373443,-3.567725969732942,-1.790226067639766
49.0,67.0,1006.81201171875,-2.748346060496585,-3.084966238921357,0.7504702103665593,3.626104028163408,-0.3409990759799523,2.284989204513621,-0.7702694982437971,2.481636532685872,-3.567723254255391,-1.790226067639766
49.0,67.0,1006.81201171875,-2.748347883045373,-3.084966238921357,0.7504702103665593,3.6261017385188383,-0.3409994819891428,2.284989204513621,-0.7702688138332454,2.481636533755423,-3.5677232867847213,-1.790226067639766
49.0,67.0,1006.8120727539062,-2.7493397455410022,-3.084966238921357,0.7504702103665593,3.62808022236976,-0.3410039863163017,2.284989204513621,-0.7691697936227146,2.4816365689573323,-3.5677232878829,-1.790226067639766
49.0,67.0,1006.8120727539062,-2.749343823697853,-3.084966238921357,0.7504702103665593,3.62808022236976,-0.3410039863163017,2.284989204513621,-0.7691686792616516,2.481636533638256,-3.5677232867847213,-1.790226067639766
49.0,67.0,1006.8120727539062,-2.7493397455410022,-3.084966238921357,0.7504702103665593,3.62808022236976,-0.3410039863163017,2.284989204513621,-0.7691697936227146,2.4816365693603486,-3.5677232878829,-1.790226067639766
49.0,67.0,1006.8120727539062,-2.7493397455410022,-3.084966238921357,0.7504702103665593,3.62808022236976,-0.3410039863163017,2.284989204513621,-0.7691697936227146,2.4816365693603486,-3.5677232878383123,-1.790226067639766
49.0,67.0,1006.8120727539062,-2.749343823697853,-3.084966238921357,0.7504702103665593,3.62808022236976,-0.3410039863163017,2.284989204513621,-0.7691686792616516,2.481636533638256,-3.5677232867847213,-1.790226067639766
49.0,67.0,1006.8121337890624,-2.749338791391004,-3.084966238921357,0.7504702103665593,3.62808022236976,-0.3410039863163017,2.284989204513621,-0.7691668171241115,2.481636535105544,-3.567723287984538,-1.790226067639766
49.0,67.0,1006.8121337890624,-2.749338791391004,-3.084966238921357,0.7504702103665593,3.62808022236976,-0.3410039863163017,2.284989204513621,-0.769168587400515,2.481636533634741,-3.567723288020129,-1.790226067639766
49.0,67.0,1006.8121337890624,-2.749338791391004,-3.084966238921357,0.7504702103665593,3.62808022236976,-0.3410039863163017,2.284989204513621,-0.7691668171241115,2.481636534118513,-3.567723287984538,-1.790226067639766
49.0,67.0,1006.8121337890624,-2.749338791391004,-3.084966202356731,0.7504702103665593,3.62808022236976,-0.3410039863163017,2.284989204513621,-0.7691668158729666,2.481636533722816,-3.567723302974306,-1.790226067639766
49.0,67.0,1006.8121337890624,-2.749338791391004,-3.084966238921357,0.7504702103665593,3.62808022236976,-0.3409996149315442,2.284989204513621,-0.7691668171241115,2.481636534118513,-3.567723289229076,-1.790226067639766
49.0,67.0,1006.812255859375,-2.749348902087744,-3.084966238921357,0.7504702103665593,3.62808022236976,-0.3410039863163017,2.284989204513621,-0.7691141982133604,2.4816365689573323,-3.5677232878829,-1.790226067639766
49.0,67.0,1006.8123779296876,-2.748356184647922,-3.084966238921357,0.7504702103665593,3.625976520648161,-0.3410048454205592,2.284989204513621,-0.7701603874961236,2.481636533755423,-3.567723287830506,-1.790226067639766
49.0,67.0,1006.8124389648438,-2.7482699592567443,-3.084966238921357,0.7504702103665593,3.626136237166111,-0.3409994819891428,2.284989204513621,-0.7702688138332454,2.481636533755423,-3.5677232867847213,-1.790226067639766
49.0,67.0,1006.8124389648438,-2.7482699592641264,-3.084966238921357,0.7504702103665593,3.626058304434916,-0.3410039863163017,2.284989204513621,-0.770263174902333,2.481636533408407,-3.567723286789565,-1.790226067639766
49.0,67.0,1006.8124389648438,-2.7482719020926867,-3.084966238921357,0.7504702103665593,3.6261045040092257,-0.3409996014141579,2.284989204513621,-0.7702632371269372,2.481636533408407,-3.567723236473676,-1.790226067639766
49.0,67.0,1006.8124389648438,-2.748269959256729,-3.084966238921357,0.7504702103665593,3.626136237166111,-0.3409990747059302,2.284989204513621,-0.7702688138332454,2.481636533755423,-3.5677232867847213,-1.790226067639766
49.0,67.0,1006.8124389648438,-2.7482719020926867,-3.084966238921357,0.7504702103665593,3.6261045040092257,-0.3410039727989154,2.284989204513621,-0.7702632371269372,2.481636533408407,-3.567723235229137,-1.790226067639766
49.0,67.0,1006.8124389648438,-2.7482699592567443,-3.084966238921357,0.7504702103665593,3.626136237166111,-0.3409994819891428,2.284989204513621,-0.7702688138332454,2.481636533755423,-3.5677232867847213,-1.790226067639766
49.0,67.0,1006.8125610351562,-2.749328759138442,-3.084966238921357,0.7504702103665593,3.62801902941432,-0.3410039497385138,2.284989204513621,-0.7690585860893334,2.4816365685707087,-3.567723389655078,-1.790226067639766
49.0,67.0,1006.8128662109376,-2.7493623884046947,-3.084966238921357,0.7504702103665593,3.627853833362089,-0.3410039864477325,2.284989204513621,-0.7689436368519872,2.481636533755423,-3.567725766768196,-1.790226067639766
49.0,67.0,1006.814697265625,-2.7493397455410022,-3.084966238921357,0.7504702103665593,3.62610389204793,-0.3410039863163017,2.284989204513621,-0.7691697936227146,2.48163653528876,-3.5677232878829,-1.790226067639766
49.0,67.0,1006.8157958984376,-2.749328759138442,-3.084966238921357,0.7504702103665593,3.626135988842064,-0.3410039497385138,2.284989204513621,-0.7690585860893334,2.4816365685707087,-3.567723389655078,-1.790226067639766
49.0,67.0,1006.8181762695312,-2.748269959209021,-3.084966238921357,0.7504702103665593,3.627956737911864,-0.3410039863163017,2.284989204513621,-0.7701769257408106,2.481636533754568,-3.567723286677539,-1.790226067639766
49.0,68.0,1006.8027954101562,-2.751326717639277,-3.084966238921357,0.7504702103665593,3.627853833362089,-0.3410039864477325,2.284989204513621,-0.7689436368519872,2.481636533755423,-3.567725766768196,-1.790226067639766
49.0,68.0,1006.8027954101562,-2.7513338852894527,-3.084966238921357,0.7504702103665593,3.627951175756625,-0.3409990750636939,2.284989204513621,-0.7689222318418342,2.4816365337736297,-3.567725762875499,-1.790226067639766
49.0,68.0,1006.8030395507812,-2.751326717639277,-3.084966238921357,0.7504702103665593,3.6280734481868273,-0.3410040273015438,2.284989204513621,-0.7688675232850524,2.481636533755423,-3.567725873797546,-1.790226067639766
49.0,68.0,1006.8031616210938,-2.751326717639277,-3.084966238921357,0.7504702103665593,3.627853833362089,-0.3410040273015438,2.284989204513621,-0.7688953466023202,2.481636533755423,-3.567725766768196,-1.790226067639766
49.0,68.0,1006.8031616210938,-2.751326717639277,-3.084966238921357,0.7504702103665593,3.627853833362089,-0.3410040273015438,2.284989204513621,-0.7688953466023202,2.481636533755423,-3.567725766768196,-1.790226067639766
49.0,68.0,1006.8031616210938,-2.7513338852894527,-3.084966238921357,0.7504702103665593,3.627853833362089,-0.3409992536426874,2.284989204513621,-0.7688953466023202,2.481636533755423,-3.567725766768196,-1.790226067639766
49.0,68.0,1006.8031616210938,-2.751326717639277,-3.084966238921357,0.7504702103665593,3.627853833362089,-0.3410040273015438,2.284989204513621,-0.7688953466023202,2.481636533755423,-3.567725766768196,-1.790226067639766
49.0,68.0,1006.8031616210938,-2.751326717639277,-3.084966238921357,0.7504702103665593,3.627853833362089,-0.3410040273015438,2.284989204513621,-0.7688953466023202,2.481636533755423,-3.567725766768196,-1.790226067639766
49.0,68.0,1006.8031616210938,-2.7513338852894527,-3.084966238921357,0.7504702103665593,3.627853833362089,-0.3410040428471731,2.284989204513621,-0.7688953466023202,2.481636533755423,-3.567725766768196,-1.790226067639766
49.0,68.0,1006.8031616210938,-2.751326717639277,-3.084966238921357,0.7504702103665593,3.627853833362089,-0.3410040273015438,2.284989204513621,-0.7688953466023202,2.481636533755423,-3.567725766768196,-1.790226067639766
49.0,68.0,1006.8031616210938,-2.751326717639277,-3.084966238921357,0.7504702103665593,3.627853833362089,-0.3409992380970581,2.284989204513621,-0.7688953466023202,2.481636533755423,-3.567725766768196,-1.790226067639766
49.0,68.0,1006.8031616210938,-2.751327816584649,-3.084966238921357,0.7504702103665593,3.627853833362089,-0.3410040273015438,2.284989204513621,-0.7688953466023202,2.481636533755423,-3.567725762892744,-1.790226067639766
49.0,68.0,1006.8031616210938,-2.751326717639277,-3.084966238921357,0.7504702103665593,3.627853833362089,-0.3410040273015438,2.284989204513621,-0.7688950863097451,2.481636533755423,-3.567725766768196,-1.790226067639766
49.0,68.0,1006.8032836914062,-2.751326717639277,-3.084966238921357,0.7504702103665593,3.627853833362089,-0.3410040273015438,2.284989204513621,-0.7688803887524238,2.4816365337540467,-3.567725847807554,-1.790226067639766
49.0,68.0,1006.8035888671876,-2.751223930690302,-3.084966238921357,0.7504702103665593,3.627853833362089,-0.3410040273015438,2.284989204513621,-0.7688953466023202,2.481636533755423,-3.567725879940056,-1.790226067639766
49.0,68.0,1006.8035888671876,-2.751223930690302,-3.084966238921357,0.7504702103665593,3.627853833362089,-0.3410040273015438,2.284989204513621,-0.7688953466023202,2.481636533755423,-3.5677257626367624,-1.790226067639766
49.0,68.0,1006.8035888671876,-2.751223930690302,-3.084966238921357,0.7504702103665593,3.627853833362089,-0.3410040273015438,2.284989204513621,-0.7688953466023202,2.481636533755423,-3.567725879940056,-1.790226067639766
49.0,68.0,1006.8035888671876,-2.751223930690302,-3.084966238921357,0.7504702103665593,3.627853833362089,-0.3410040273015438,2.284989204513621,-0.7688953466023202,2.481636533755423,-3.567725879940056,-1.790226067639766
49.0,68.0,1006.8035888671876,-2.751223930690302,-3.084966238921357,0.7504702103665593,3.627856149875132,-0.3410040276021361,2.284989204513621,-0.7688953466023202,2.4816365707473604,-3.567725879940056,-1.790226067639766
49.0,68.0,1006.8035888671876,-2.751223930690302,-3.084966238921357,0.7504702103665593,3.627853833362089,-0.3410040273015438,2.284989204513621,-0.7688953466023202,2.481636533755423,-3.567725753918089,-1.790226067639766
49.0,68.0,1006.8036499023438,-2.75122283174493,-3.084966238921357,0.7504702103665593,3.627853833362089,-0.3410040273015438,2.284989204513621,-0.7688953466023202,2.481636533755423,-3.567725766512215,-1.790226067639766
49.0,68.0,1006.8063354492188,-2.749391948824309,-3.084966238921357,0.7504702103665593,3.6261213186792056,-0.3410036979695588,2.284989204513621,-0.7702565941819816,2.481636534118513,-3.5677261356902976,-1.790226067639766
49.0,68.0,1006.8103637695312,-2.749391948824309,-3.084966238921357,0.7504702103665593,3.62808022236976,-0.3410036979695588,2.284989204513621,-0.770048991606019,2.481636534118513,-3.5677232878798137,-1.790226067639766
49.0,68.0,1006.8103637695312,-2.749391948824309,-3.084966238921357,0.7504702103665593,3.62808022236976,-0.3410036979695588,2.284989204513621,-0.770048991606019,2.481636534118513,-3.5677232878798137,-1.790226067639766
49.0,68.0,1006.8103637695312,-2.749391948824309,-3.084966238921357,0.7504702103665593,3.62808022236976,-0.3410036979695588,2.284989204513621,-0.770048991606019,2.481636534130795,-3.5677232878798137,-1.790226067639766
49.0,68.0,1006.8112182617188,-2.749297142601628,-3.084966238921357,0.7504702103665593,3.62808022236976,-0.3410039863163017,2.284989204513621,-0.770204667931272,2.481636533634741,-3.5677232880188434,-1.790226067639766
49.0,68.0,1006.8112182617188,-2.749297142601628,-3.084966238921357,0.7504702103665593,3.62808022236976,-0.3410039863163017,2.284989204513621,-0.770204667931272,2.4816365336224586,-3.5677232880188434,-1.790226067639766
49.0,68.0,1006.8119506835938,-2.748347883045373,-3.084966238921357,0.7504702103665593,3.6261017385188383,-0.3409994819891428,2.284989204513621,-0.7702688138332454,2.481636533755423,-3.5677259470621494,-1.790226067639766
49.0,68.0,1006.8119506835938,-2.748352298944545,-3.084966238921357,0.7504702103665593,3.626100174570389,-0.3410040586707942,2.284989204513621,-0.7702631179510975,2.481636533754592,-3.567723286677539,-1.790226067639766
49.0,68.0,1006.8119506835938,-2.749348902087744,-3.084966238921357,0.7504702103665593,3.627810923521692,-0.3410038461802143,2.284989204513621,-0.7691084752808566,2.4816365689573323,-3.5677232878829,-1.790226067639766
49.0,68.0,1006.8119506835938,-2.748352298944545,-3.084966238921357,0.7504702103665593,3.626097341953509,-0.3410039920427009,2.284989204513621,-0.7702689341454853,2.4816365337546857,-3.567723286783388,-1.790226067639766
49.0,68.0,1006.8119506835938,-2.748352298944545,-3.084966238921357,0.7504702103665593,3.626100174570389,-0.341003854994227,2.284989204513621,-0.7702631179510975,2.481636533754592,-3.5677259844407714,-1.790226067639766
49.0,68.0,1006.81201171875,-2.748347883045373,-3.084966238921357,0.7504702103665593,3.6261017385188383,-0.3409994819891428,2.284989204513621,-0.7702688138332454,2.481636533755423,-3.5677232867847213,-1.790226067639766
49.0,68.0,1006.81201171875,-2.7483460772700403,-3.084966238921357,0.7504702103665593,3.626104028163408,-0.3409990754165515,2.284989204513621,-0.7702695379704032,2.481636533755423,-3.567725969732942,-1.790226067639766
49.0,68.0,1006.81201171875,-2.748347883045373,-3.084966238921357,0.7504702103665593,3.6261017385188383,-0.3409994819891428,2.284989204513621,-0.7702688138332454,2.481636533755423,-3.5677232867847213,-1.790226067639766
49.0,68.0,1006.81201171875,-2.7483460772700403,-3.084966238921357,0.7504702103665593,3.626104028163408,-0.3409990754165515,2.284989204513621,-0.7702695379704032,2.4816365683373443,-3.567725969732942,-1.790226067639766
49.0,68.0,1006.81201171875,-2.748346060496585,-3.084966238921357,0.7504702103665593,3.626104028163408,-0.3409990759799523,2.284989204513621,-0.7702694982437971,2.481636532685872,-3.567725969732942,-1.790226067639766
49.0,68.0,1006.81201171875,-2.7483389096198647,-3.084966238921357,0.7504702103665593,3.626104028163408,-0.341003849075408,2.284989204513621,-0.7702695379704032,2.481636533755423,-3.567725969732942,-1.790226067639766
49.0,68.0,1006.81201171875,-2.7483460772700403,-3.084966238921357,0.7504702103665593,3.626104147326961,-0.3409992450004083,2.284989204513621,-0.7702695379704032,2.481636533755423,-3.5677260405921145,-1.790226067639766
49.0,68.0,1006.81201171875,-2.7483460772700403,-3.084966238921357,0.7504702103665593,3.626104028163408,-0.3409990754165515,2.284989204513621,-0.7702695379704032,2.4816365683373443,-3.567725969732942,-1.790226067639766
49.0,68.0,1006.81201171875,-2.748346060496585,-3.084966238921357,0.7504702103665593,3.626104028163408,-0.3409990759799523,2.284989204513621,-0.7702694982437971,2.481636532685872,-3.567723254255391,-1.790226067639766
49.0,68.0,1006.81201171875,-2.748347883045373,-3.084966238921357,0.7504702103665593,3.6261017385188383,-0.3409994819891428,2.284989204513621,-0.7702688138332454,2.481636533755423,-3.5677232867847213,-1.790226067639766
49.0,68.0,1006.81201171875,-2.7483389096198647,-3.084966238921357,0.7504702103665593,3.626104028163408,-0.3410040527519752,2.284989204513621,-0.7702695379704032,2.481636533755423,-3.5677232719697103,-1.790226067639766
49.0,68.0,1006.81201171875,-2.749343823697853,-3.084966238921357,0.7504702103665593,3.62808022236976,-0.3410039863163017,2.284989204513621,-0.7691836371115479,2.4816365336396315,-3.5677232057453625,-1.790226067639766
49.0,68.0,1006.81201171875,-2.748347883045373,-3.084966238921357,0.7504702103665593,3.6261017385188383,-0.3409990990827556,2.284989204513621,-0.7702688138332454,2.481636533755423,-3.5677232867847213,-1.790226067639766
49.0,68.0,1006.8120727539062,-2.7493397455410022,-3.084966238921357,0.7504702103665593,3.62808022236976,-0.3410039863163017,2.284989204513621,-0.7691697936227146,2.4816365689573323,-3.5677232878829,-1.790226067639766
49.0,68.0,1006.8120727539062,-2.749343823697853,-3.084966238921357,0.7504702103665593,3.62808022236976,-0.3410039863163017,2.284989204513621,-0.7691686792616516,2.481636533638256,-3.5677232867847213,-1.790226067639766
49.0,68.0,1006.8120727539062,-2.7493397455410022,-3.084966238921357,0.7504702103665593,3.62808022236976,-0.3410039863163017,2.284989204513621,-0.7691697936227146,2.4816365693603486,-3.5677232878829,-1.790226067639766
49.0,68.0,1006.8120727539062,-2.7493397455410022,-3.084966238921357,0.7504702103665593,3.62808022236976,-0.3410039863163017,2.284989204513621,-0.7691697936227146,2.4816365693603486,-3.5677232878383123,-1.790226067639766
49.0,68.0,1006.8120727539062,-2.749343823697853,-3.084966238921357,0.7504702103665593,3.62808022236976,-0.3410039863163017,2.284989204513621,-0.7691686792616516,2.481636533638256,-3.5677232867847213,-1.790226067639766
49.0,69.0,1006.7974243164062,-2.7513825978771167,-3.084966238921357,0.7504702103665593,3.627853833362089,-0.3410040273015438,2.284989204513621,-0.7702702780646833,2.481636533755423,-3.567725766512215,-1.790226067639766
49.0,69.0,1006.798095703125,-2.7513493107946623,-3.084966238921357,0.7504702103665593,3.626129795187629,-0.3409990759799523,2.284989204513621,-0.7702697936634904,2.481636532682738,-3.5677259709332607,-1.790226067639766
49.0,69.0,1006.7984619140624,-2.751252250824188,-3.084966238921357,0.7504702103665593,3.626104028163408,-0.3409990754165515,2.284989204513621,-0.7702695379704032,2.481636533755423,-3.5677257774032367,-1.790226067639766
49.0,69.0,1006.80224609375,-2.751194260169984,-3.084966238921357,0.7504702103665593,3.627853833362089,-0.3410040411894227,2.284989204513621,-0.7691050586902504,2.481636533755423,-3.567725766768196,-1.790226067639766
49.0,69.0,1006.8027954101562,-2.751326717639277,-3.084966238921357,0.7504702103665593,3.627853833362089,-0.3410039864477325,2.284989204513621,-0.7689436368519872,2.481636533755423,-3.567725766768196,-1.790226067639766
49.0,69.0,1006.8027954101562,-2.7513338852894527,-3.084966238921357,0.7504702103665593,3.627951175756625,-0.3409990750636939,2.284989204513621,-0.7689222318418342,2.4816365337736297,-3.567725762875499,-1.790226067639766
49.0,69.0,1006.8027954101562,-2.751326717639277,-3.084966238921357,0.7504702103665593,3.6280734481868273,-0.341004027281246,2.284989204513621,-0.7688973983305561,2.481636533755423,-3.567725873797546,-1.790226067639766
49.0,69.0,1006.8027954101562,-2.751330412863738,-3.084966238921357,0.7504702103665593,3.627853833362089,-0.3410039864477325,2.284989204513621,-0.7689436368519872,2.481636533755423,-3.567725766768196,-1.790226067639766
49.0,69.0,1006.8029174804688,-2.7513338888427854,-3.084966238921357,0.7504702103665593,3.627851380518952,-0.3409990750636939,2.284989204513621,-0.7689222318418342,2.4816365337736297,-3.567725762875499,-1.790226067639766
49.0,69.0,1006.8030395507812,-2.751326717639277,-3.084966238921357,0.7504702103665593,3.6280734481868273,-0.3410040273015438,2.284989204513621,-0.7688675232850524,2.481636533755423,-3.567725873797546,-1.790226067639766
49.0,69.0,1006.8031616210938,-2.751326717639277,-3.084966238921357,0.7504702103665593,3.627853833362089,-0.3410040273015438,2.284989204513621,-0.7688953466023202,2.481636533755423,-3.567725766768196,-1.790226067639766
49.0,69.0,1006.8031616210938,-2.751326717639277,-3.084966238921357,0.7504702103665593,3.627853833362089,-0.3410040273015438,2.284989204513621,-0.7688953466023202,2.481636533755423,-3.567725766768196,-1.790226067639766
49.0,69.0,1006.8031616210938,-2.7513338852894527,-3.084966238921357,0.7504702103665593,3.627853833362089,-0.3409992536426874,2.284989204513621,-0.7688953466023202,2.481636533755423,-3.567725766768196,-1.790226067639766
49.0,69.0,1006.8031616210938,-2.751326717639277,-3.084966238921357,0.7504702103665593,3.627853833362089,-0.3410040273015438,2.284989204513621,-0.7688953466023202,2.481636533755423,-3.567725766768196,-1.790226067639766
49.0,69.0,1006.8031616210938,-2.751326717639277,-3.084966238921357,0.7504702103665593,3.627853833362089,-0.3410040273015438,2.284989204513621,-0.7688953466023202,2.481636533755423,-3.567725766768196,-1.790226067639766
49.0,69.0,1006.8031616210938,-2.7513338852894527,-3.084966238921357,0.7504702103665593,3.627853833362089,-0.3410040428471731,2.284989204513621,-0.7688953466023202,2.481636533755423,-3.567725766768196,-1.790226067639766
49.0,69.0,1006.8031616210938,-2.751326717639277,-3.084966238921357,0.7504702103665593,3.627853833362089,-0.3410040273015438,2.284989204513621,-0.7688953466023202,2.481636533755423,-3.567725766768196,-1.790226067639766
49.0,69.0,1006.8031616210938,-2.751326717639277,-3.084966238921357,0.7504702103665593,3.627853833362089,-0.3409992380970581,2.284989204513621,-0.7688953466023202,2.481636533755423,-3.567725766768196,-1.790226067639766
49.0,69.0,1006.8031616210938,-2.751327816584649,-3.084966238921357,0.7504702103665593,3.627853833362089,-0.3410040273015438,2.284989204513621,-0.7688953466023202,2.481636533755423,-3.567725762892744,-1.790226067639766
49.0,69.0,1006.8031616210938,-2.751326717639277,-3.084966238921357,0.7504702103665593,3.627853833362089,-0.3410040273015438,2.284989204513621,-0.7688950863097451,2.481636533755423,-3.567725766768196,-1.790226067639766
49.0,69.0,1006.8031616210938,-2.751326717639277,-3.084966238921357,0.7504702103665593,3.627853833362089,-0.3410040273015438,2.284989204513621,-0.7688950863097451,2.481636533755423,-3.56772596759641,-1.790226067639766
49.0,69.0,1006.8031616210938,-2.751334232057882,-3.084966238921357,0.7504702103665593,3.627853833362089,-0.3410042197622801,2.284989204513621,-0.7688953466023202,2.481636533755423,-3.567725766768196,-1.790226067639766
49.0,69.0,1006.8031616210938,-2.751326717639277,-3.084966238921357,0.7504702103665593,3.627853833362089,-0.3410040273015438,2.284989204513621,-0.7688953466023202,2.481636533755423,-3.567725766768196,-1.790226067639766
49.0,69.0,1006.8031616210938,-2.751326717639277,-3.084966238921357,0.7504702103665593,3.627853833362089,-0.3410040273015438,2.284989204513621,-0.7688953466023202,2.481636533755423,-3.567725766768196,-1.790226067639766
49.0,69.0,1006.8031616210938,-2.751327816584649,-3.084966238921357,0.7504702103665593,3.627853833362089,-0.3410040273015438,2.284989204513621,-0.7688953466023202,2.481636533755423,-3.567725762892744,-1.790226067639766
49.0,69.0,1006.8031616210938,-2.751326717639277,-3.084966238921357,0.7504702103665593,3.627853833362089,-0.3410040273015438,2.284989204513621,-0.7688953466023202,2.481636533755423,-3.567725766768196,-1.790226067639766
49.0,69.0,1006.8031616210938,-2.751326717639277,-3.084966238921357,0.7504702103665593,3.627853833362089,-0.3410040273015438,2.284989204513621,-0.7688953466023202,2.481636533755423,-3.567725766768196,-1.790226067639766
49.0,69.0,1006.8032836914062,-2.751326717639277,-3.084966238921357,0.7504702103665593,3.627853833362089,-0.3410040273015438,2.284989204513621,-0.7688803887524238,2.4816365337540467,-3.567725847807554,-1.790226067639766
49.0,69.0,1006.8034057617188,-2.751327816584649,-3.084966238921357,0.7504702103665593,3.627853833362089,-0.3410040273015438,2.284989204513621,-0.7688672696405271,2.481636533755423,-3.567725762892744,-1.790226067639766
49.0,69.0,1006.8035888671876,-2.751223930690302,-3.084966238921357,0.7504702103665593,3.627853833362089,-0.3410040273015438,2.284989204513621,-0.7688953466023202,2.481636533755423,-3.567725879940056,-1.790226067639766
49.0,69.0,1006.8035888671876,-2.751223930690302,-3.084966238921357,0.7504702103665593,3.627853833362089,-0.3410040273015438,2.284989204513621,-0.7688953466023202,2.481636533755423,-3.5677257626367624,-1.790226067639766
49.0,69.0,1006.8035888671876,-2.751223930690302,-3.084966238921357,0.7504702103665593,3.627853833362089,-0.3410040273015438,2.284989204513621,-0.7688953466023202,2.481636533755423,-3.567725879940056,-1.790226067639766
49.0,69.0,1006.8035888671876,-2.751223930690302,-3.084966238921357,0.7504702103665593,3.627853833362089,-0.3410040273015438,2.284989204513621,-0.7688953466023202,2.481636533755423,-3.567725879940056,-1.790226067639766
49.0,69.0,1006.8035888671876,-2.751223930690302,-3.084966238921357,0.7504702103665593,3.627856149875132,-0.3410040276021361,2.284989204513621,-0.7688953466023202,2.4816365707473604,-3.567725879940056,-1.790226067639766
49.0,69.0,1006.8035888671876,-2.751223930690302,-3.084966238921357,0.7504702103665593,3.627853833362089,-0.3410040273015438,2.284989204513621,-0.7688953466023202,2.481636533755423,-3.567725753918089,-1.790226067639766
49.0,69.0,1006.8035888671876,-2.751223930690302,-3.084966238921357,0.7504702103665593,3.627853833362089,-0.3410040273015438,2.284989204513621,-0.7688953466023202,2.481636534131457,-3.5677233026702067,-1.790226067639766
49.0,69.0,1006.8035888671876,-2.751223930690302,-3.084966238921357,0.7504702103665593,3.627856149875132,-0.3410040276021361,2.284989204513621,-0.7688953466023202,2.4816365707473604,-3.567725879940056,-1.790226067639766
49.0,69.0,1006.8035888671876,-2.751223930690302,-3.084966238921357,0.7504702103665593,3.627853833362089,-0.3410040273015438,2.284989204513621,-0.7688953466023202,2.481636533755423,-3.567725879940056,-1.790226067639766
49.0,69.0,1006.8036499023438,-2.75122283174493,-3.084966238921357,0.7504702103665593,3.627853833362089,-0.3410040273015438,2.284989204513621,-0.7688953466023202,2.481636533755423,-3.567725766512215,-1.790226067639766
49.0,69.0,1006.8037109375,-2.751223930690302,-3.084966238921357,0.7504702103665593,3.627809985142092,-0.3410040300815985,2.284989204513621,-0.7688953466023202,2.481636533742354,-3.5677257425544164,-1.790226067639766
49.0,69.0,1006.8063354492188,-2.749391948824309,-3.084966238921357,0.7504702103665593,3.6261213186792056,-0.3410036979695588,2.284989204513621,-0.7702565941819816,2.481636534118513,-3.5677261356902976,-1.790226067639766
49.0,69.0,1006.8103637695312,-2.749391948824309,-3.084966238921357,0.7504702103665593,3.62808022236976,-0.3410036979695588,2.284989204513621,-0.770048991606019,2.481636534118513,-3.5677232878798137,-1.790226067639766
49.0,69.0,1006.8103637695312,-2.749391948824309,-3.084966238921357,0.7504702103665593,3.62808022236976,-0.3410036979695588,2.284989204513621,-0.770048991606019,2.481636534118513,-3.5677232878798137,-1.790226067639766
49.0,69.0,1006.8103637695312,-2.749391948824309,-3.084966238921357,0.7504702103665593,3.62808022236976,-0.3410036979695588,2.284989204513621,-0.770048991606019,2.481636534130795,-3.5677232878798137,-1.790226067639766
49.0,69.0,1006.8106689453124,-2.749391948824309,-3.084966238921357,0.7504702103665593,3.62808022236976,-0.3410040373785137,2.284989204513621,-0.7702752589077124,2.481636534118513,-3.5677232878798137,-1.790226067639766
49.0,69.0,1006.8109130859376,-2.7515607972181453,-3.084966238921357,0.7504702103665593,3.6260919270832352,-0.3410039920427009,2.284989204513621,-0.7689011753104654,2.4816365337546857,-3.567725762239265,-1.790226067639766
49.0,69.0,1006.8112182617188,-2.749297142601628,-3.084966238921357,0.7504702103665593,3.62808022236976,-0.3410039863163017,2.284989204513621,-0.770204667931272,2.481636533634741,-3.5677232880188434,-1.790226067639766
49.0,69.0,1006.8112182617188,-2.749297142601628,-3.084966238921357,0.7504702103665593,3.62808022236976,-0.3410039863163017,2.284989204513621,-0.770204667931272,2.4816365336224586,-3.5677232880188434,-1.790226067639766
49.0,69.0,1006.8112182617188,-2.749297142601628,-3.084966238921357,0.7504702103665593,3.62808022236976,-0.3410039863163017,2.284989204513621,-0.770204667931272,2.4816365336224586,-3.567725741995464,-1.790226067639766
49.0,69.0,1006.8112182617188,-2.749297142601628,-3.084966238921357,0.7504702103665593,3.62808022236976,-0.3410039863163017,2.284989204513621,-0.770204667931272,2.4816365336224586,-3.5677232880188434,-1.790226067639766
49.0,70.0,1006.7974243164062,-2.7513825978771167,-3.084966238921357,0.7504702103665593,3.627853833362089,-0.3410040273015438,2.284989204513621,-0.7702702780646833,2.481636533755423,-3.567725766512215,-1.790226067639766
49.0,70.0,1006.7974243164062,-2.751380307827512,-3.084966238921357,0.7504702103665593,3.627853833362089,-0.3410040273015438,2.284989204513621,-0.770276046075043,2.481636533755423,-3.567725753918089,-1.790226067639766
49.0,70.0,1006.7977294921876,-2.751326717639277,-3.084966238921357,0.7504702103665593,3.627853833362089,-0.3409992380970581,2.284989204513621,-0.770256696140327,2.481636533755423,-3.567725766768196,-1.790226067639766
49.0,70.0,1006.7977294921876,-2.7513482705692027,-3.084966238921357,0.7504702103665593,3.627878383487563,-0.3409990759799523,2.284989204513621,-0.7703667522914097,2.481636533691492,-3.5677259942390283,-1.790226067639766
49.0,70.0,1006.7977294921876,-2.751326717639277,-3.084966238921357,0.7504702103665593,3.627853833362089,-0.3409990426849584,2.284989204513621,-0.7703261850081627,2.4816365337540467,-3.567725847746665,-1.790226067639766
49.0,70.0,1006.798095703125,-2.7513493107946623,-3.084966238921357,0.7504702103665593,3.626129795187629,-0.3409990759799523,2.284989204513621,-0.7702697936634904,2.481636532682738,-3.5677259709332607,-1.790226067639766
49.0,70.0,1006.798095703125,-2.7513493107946623,-3.084966238921357,0.7504702103665593,3.626129795187629,-0.3409990759799523,2.284989204513621,-0.7702697936634904,2.481636532675812,-3.5677259692716103,-1.790226067639766
49.0,70.0,1006.7984619140624,-2.751252250824188,-3.084966238921357,0.7504702103665593,3.626104028163408,-0.3409990754165515,2.284989204513621,-0.7702695379704032,2.481636533755423,-3.5677257774032367,-1.790226067639766
49.0,70.0,1006.8015747070312,-2.751328427683439,-3.084966238921357,0.7504702103665593,3.627853833362089,-0.3410040273015438,2.284989204513621,-0.7691113241482882,2.481636533755423,-3.567725766768196,-1.790226067639766
49.0,70.0,1006.80224609375,-2.751194260169984,-3.084966238921357,0.7504702103665593,3.627853833362089,-0.3410040411894227,2.284989204513621,-0.7691050586902504,2.481636533755423,-3.567725766768196,-1.790226067639766
49.0,70.0,1006.80224609375,-2.751194260169984,-3.084966238921357,0.7504702103665593,3.627853833362089,-0.3410040280509561,2.284989204513621,-0.7691072470157849,2.481636533755423,-3.567725766768196,-1.790226067639766
49.0,70.0,1006.802734375,-2.7513340740413144,-3.084966238921357,0.7504702103665593,3.627853833362089,-0.3410040435055926,2.284989204513621,-0.7689436368519872,2.481636533755423,-3.567725766768196,-1.790226067639766
49.0,70.0,1006.8027954101562,-2.751326717639277,-3.084966238921357,0.7504702103665593,3.627853833362089,-0.3410039864477325,2.284989204513621,-0.7689436368519872,2.481636533755423,-3.567725766768196,-1.790226067639766
49.0,70.0,1006.8027954101562,-2.7513338852894527,-3.084966238921357,0.7504702103665593,3.627951175756625,-0.3409990750636939,2.284989204513621,-0.7689222318418342,2.4816365337736297,-3.567725762875499,-1.790226067639766
49.0,70.0,1006.8027954101562,-2.751326717639277,-3.084966238921357,0.7504702103665593,3.6280734481868273,-0.341004027281246,2.284989204513621,-0.7688973983305561,2.481636533755423,-3.567725873797546,-1.790226067639766
49.0,70.0,1006.8027954101562,-2.751330412863738,-3.084966238921357,0.7504702103665593,3.627853833362089,-0.3410039864477325,2.284989204513621,-0.7689436368519872,2.481636533755423,-3.567725766768196,-1.790226067639766
49.0,70.0,1006.8027954101562,-2.7513338852894527,-3.084966238921357,0.7504702103665593,3.627951175756625,-0.3409990750636939,2.284989204513621,-0.7689222318418342,2.481636533780556,-3.567725764537149,-1.790226067639766
49.0,70.0,1006.8029174804688,-2.7513338888427854,-3.084966238921357,0.7504702103665593,3.627851380518952,-0.3409990750636939,2.284989204513621,-0.7689222318418342,2.4816365337736297,-3.567725762875499,-1.790226067639766
49.0,70.0,1006.8030395507812,-2.751326717639277,-3.084966238921357,0.7504702103665593,3.6280734481868273,-0.3410040273015438,2.284989204513621,-0.7688675232850524,2.481636533755423,-3.567725873797546,-1.790226067639766
49.0,70.0,1006.8031616210938,-2.751326717639277,-3.084966238921357,0.7504702103665593,3.627853833362089,-0.3410040273015438,2.284989204513621,-0.7688953466023202,2.481636533755423,-3.567725766768196,-1.790226067639766
49.0,70.0,1006.8031616210938,-2.751326717639277,-3.084966238921357,0.7504702103665593,3.627853833362089,-0.3410040273015438,2.284989204513621,-0.7688953466023202,2.481636533755423,-3.567725766768196,-1.790226067639766
49.0,70.0,1006.8031616210938,-2.7513338852894527,-3.084966238921357,0.7504702103665593,3.627853833362089,-0.3409992536426874,2.284989204513621,-0.7688953466023202,2.481636533755423,-3.567725766768196,-1.790226067639766
49.0,70.0,1006.8031616210938,-2.751326717639277,-3.084966238921357,0.7504702103665593,3.627853833362089,-0.3410040273015438,2.284989204513621,-0.7688953466023202,2.481636533755423,-3.567725766768196,-1.790226067639766
49.0,70.0,1006.8031616210938,-2.751326717639277,-3.084966238921357,0.7504702103665593,3.627853833362089,-0.3410040273015438,2.284989204513621,-0.7688953466023202,2.481636533755423,-3.567725766768196,-1.790226067639766
49.0,70.0,1006.8031616210938,-2.7513338852894527,-3.084966238921357,0.7504702103665593,3.627853833362089,-0.3410040428471731,2.284989204513621,-0.7688953466023202,2.481636533755423,-3.567725766768196,-1.790226067639766
49.0,70.0,1006.8031616210938,-2.751326717639277,-3.084966238921357,0.7504702103665593,3.627853833362089,-0.3410040273015438,2.284989204513621,-0.7688953466023202,2.481636533755423,-3.567725766768196,-1.790226067639766
49.0,70.0,1006.8031616210938,-2.751326717639277,-3.084966238921357,0.7504702103665593,3.627853833362089,-0.3409992380970581,2.284989204513621,-0.7688953466023202,2.481636533755423,-3.567725766768196,-1.790226067639766
49.0,70.0,1006.8031616210938,-2.751327816584649,-3.084966238921357,0.7504702103665593,3.627853833362089,-0.3410040273015438,2.284989204513621,-0.7688953466023202,2.481636533755423,-3.567725762892744,-1.790226067639766
49.0,70.0,1006.8031616210938,-2.751326717639277,-3.084966238921357,0.7504702103665593,3.627853833362089,-0.3410040273015438,2.284989204513621,-0.7688950863097451,2.481636533755423,-3.567725766768196,-1.790226067639766
49.0,70.0,1006.8031616210938,-2.751326717639277,-3.084966238921357,0.7504702103665593,3.627853833362089,-0.3410040273015438,2.284989204513621,-0.7688950863097451,2.481636533755423,-3.56772596759641,-1.790226067639766
49.0,70.0,1006.8031616210938,-2.751334232057882,-3.084966238921357,0.7504702103665593,3.627853833362089,-0.3410042197622801,2.284989204513621,-0.7688953466023202,2.481636533755423,-3.567725766768196,-1.790226067639766
49.0,70.0,1006.8031616210938,-2.751326717639277,-3.084966238921357,0.7504702103665593,3.627853833362089,-0.3410040273015438,2.284989204513621,-0.7688953466023202,2.481636533755423,-3.567725766768196,-1.790226067639766
49.0,70.0,1006.8031616210938,-2.751326717639277,-3.084966238921357,0.7504702103665593,3.627853833362089,-0.3410040273015438,2.284989204513621,-0.7688953466023202,2.481636533755423,-3.567725766768196,-1.790226067639766
49.0,70.0,1006.8031616210938,-2.751327816584649,-3.084966238921357,0.7504702103665593,3.627853833362089,-0.3410040273015438,2.284989204513621,-0.7688953466023202,2.481636533755423,-3.567725762892744,-1.790226067639766
49.0,70.0,1006.8031616210938,-2.751326717639277,-3.084966238921357,0.7504702103665593,3.627853833362089,-0.3410040273015438,2.284989204513621,-0.7688953466023202,2.481636533755423,-3.567725766768196,-1.790226067639766
49.0,70.0,1006.8031616210938,-2.751326717639277,-3.084966238921357,0.7504702103665593,3.627853833362089,-0.3410040273015438,2.284989204513621,-0.7688953466023202,2.481636533755423,-3.567725766768196,-1.790226067639766
49.0,70.0,1006.8031616210938,-2.751326717639277,-3.084966238921357,0.7504702103665593,3.627853833362089,-0.3410040273015438,2.284989204513621,-0.7688953466023202,2.481636533755423,-3.567725766768196,-1.790226067639766
49.0,70.0,1006.8031616210938,-2.751326717639277,-3.084966238921357,0.7504702103665593,3.627853833362089,-0.3410040273015438,2.284989204513621,-0.7688953466023202,2.481636533755423,-3.567725766768196,-1.790226067639766
49.0,70.0,1006.8031616210938,-2.751326484594675,-3.084966238921357,0.7504702103665593,3.627853833362089,-0.3410038794582303,2.284989204513621,-0.768894766948961,2.481636533754685,-3.567725982618844,-1.790226067639766
49.0,70.0,1006.8031616210938,-2.751327816584649,-3.084966238921357,0.7504702103665593,3.627853833362089,-0.3410040273015438,2.284989204513621,-0.7688954847119354,2.481636533755423,-3.567725761261147,-1.790226067639766
49.0,70.0,1006.8031616210938,-2.751326717639277,-3.084966238921357,0.7504702103665593,3.627853833362089,-0.3410040273015438,2.284989204513621,-0.7688953466023202,2.481636533755423,-3.567725766768196,-1.790226067639766
49.0,70.0,1006.8031616210938,-2.751326717639277,-3.084966238921357,0.7504702103665593,3.627853833362089,-0.3410040273015438,2.284989204513621,-0.7688950863097451,2.481636533755423,-3.56772576282765,-1.790226067639766
49.0,70.0,1006.8031616210938,-2.7513277897973625,-3.084966238921357,0.7504702103665593,3.627853833362089,-0.3410040273015438,2.284989204513621,-0.7688953466023202,2.481636533755423,-3.567725762892744,-1.790226067639766
49.0,70.0,1006.8032836914062,-2.751326717639277,-3.084966238921357,0.7504702103665593,3.627853833362089,-0.3410040273015438,2.284989204513621,-0.7688803887524238,2.4816365337540467,-3.567725847807554,-1.790226067639766
49.0,70.0,1006.8034057617188,-2.751327816584649,-3.084966238921357,0.7504702103665593,3.627853833362089,-0.3410040273015438,2.284989204513621,-0.7688672696405271,2.481636533755423,-3.567725762892744,-1.790226067639766
49.0,70.0,1006.8035888671876,-2.751223930690302,-3.084966238921357,0.7504702103665593,3.627853833362089,-0.3410040273015438,2.284989204513621,-0.7688953466023202,2.481636533755423,-3.567725879940056,-1.790226067639766
49.0,70.0,1006.8035888671876,-2.751223930690302,-3.084966238921357,0.7504702103665593,3.627853833362089,-0.3410040273015438,2.284989204513621,-0.7688953466023202,2.481636533755423,-3.5677257626367624,-1.790226067639766
49.0,70.0,1006.8035888671876,-2.751223930690302,-3.084966238921357,0.7504702103665593,3.627853833362089,-0.3410040273015438,2.284989204513621,-0.7688953466023202,2.481636533755423,-3.567725879940056,-1.790226067639766
49.0,70.0,1006.8035888671876,-2.751223930690302,-3.084966238921357,0.7504702103665593,3.627853833362089,-0.3410040273015438,2.284989204513621,-0.7688953466023202,2.481636533755423,-3.567725879940056,-1.790226067639766
49.0,70.0,1006.8035888671876,-2.751223930690302,-3.084966238921357,0.7504702103665593,3.627856149875132,-0.3410040276021361,2.284989204513621,-0.7688953466023202,2.4816365707473604,-3.567725879940056,-1.790226067639766
49.0,71.0,1006.7974243164062,-2.7513825978771167,-3.084966238921357,0.7504702103665593,3.627853833362089,-0.3410040273015438,2.284989204513621,-0.7702702780646833,2.481636533755423,-3.567725766512215,-1.790226067639766
49.0,71.0,1006.7974243164062,-2.751380307827512,-3.084966238921357,0.7504702103665593,3.627853833362089,-0.3410040273015438,2.284989204513621,-0.770276046075043,2.481636533755423,-3.567725753918089,-1.790226067639766
49.0,71.0,1006.7975463867188,-2.751349248853657,-3.084966238921357,0.7504702103665593,3.627832397561023,-0.3409990759799523,2.284989204513621,-0.7702697630497483,2.481636532682738,-3.5677259709332607,-1.790226067639766
49.0,71.0,1006.7977294921876,-2.751326717639277,-3.084966238921357,0.7504702103665593,3.627853833362089,-0.3409992380970581,2.284989204513621,-0.770256696140327,2.481636533755423,-3.567725766768196,-1.790226067639766
49.0,71.0,1006.7977294921876,-2.7513482705692027,-3.084966238921357,0.7504702103665593,3.627878383487563,-0.3409990759799523,2.284989204513621,-0.7703667522914097,2.481636533691492,-3.5677259942390283,-1.790226067639766
49.0,71.0,1006.7977294921876,-2.751326717639277,-3.084966238921357,0.7504702103665593,3.627853833362089,-0.3409990426849584,2.284989204513621,-0.7703261850081627,2.4816365337540467,-3.567725847746665,-1.790226067639766
49.0,71.0,1006.798095703125,-2.7513493107946623,-3.084966238921357,0.7504702103665593,3.626129795187629,-0.3409990759799523,2.284989204513621,-0.7702697936634904,2.481636532682738,-3.5677259709332607,-1.790226067639766
49.0,71.0,1006.798095703125,-2.7513493107946623,-3.084966238921357,0.7504702103665593,3.626129795187629,-0.3409990759799523,2.284989204513621,-0.7702697936634904,2.481636532675812,-3.5677259692716103,-1.790226067639766
49.0,71.0,1006.7984619140624,-2.751252250824188,-3.084966238921357,0.7504702103665593,3.626104028163408,-0.3409990754165515,2.284989204513621,-0.7702695379704032,2.481636533755423,-3.5677257774032367,-1.790226067639766
49.0,71.0,1006.7984619140624,-2.751190917358834,-3.084966238921357,0.7504702103665593,3.627853833362089,-0.3410041942191222,2.284989204513621,-0.7703261850081627,2.4816365337540467,-3.5677257748087388,-1.790226067639766
49.0,71.0,1006.7984619140624,-2.751252250824188,-3.084966238921357,0.7504702103665593,3.626104028163408,-0.3409990754165515,2.284989204513621,-0.7702701317020018,2.481636533755423,-3.567725776935848,-1.790226067639766
49.0,71.0,1006.8015747070312,-2.751328427683439,-3.084966238921357,0.7504702103665593,3.627853833362089,-0.3410040273015438,2.284989204513621,-0.7691113241482882,2.481636533755423,-3.567725766768196,-1.790226067639766
49.0,71.0,1006.80224609375,-2.751194260169984,-3.084966238921357,0.7504702103665593,3.627853833362089,-0.3410040411894227,2.284989204513621,-0.7691050586902504,2.481636533755423,-3.567725766768196,-1.790226067639766
49.0,71.0,1006.80224609375,-2.751194260169984,-3.084966238921357,0.7504702103665593,3.627853833362089,-0.3410040280509561,2.284989204513621,-0.7691072470157849,2.481636533755423,-3.567725766768196,-1.790226067639766
49.0,71.0,1006.80224609375,-2.751194260169984,-3.084966238921357,0.7504702103665593,3.627853833362089,-0.3410040411894227,2.284989204513621,-0.7691050586902504,2.481636533755423,-3.567725766768196,-1.790226067639766
49.0,71.0,1006.802734375,-2.7513340740413144,-3.084966238921357,0.7504702103665593,3.627853833362089,-0.3410040435055926,2.284989204513621,-0.7689436368519872,2.481636533755423,-3.567725766768196,-1.790226067639766
49.0,71.0,1006.8027954101562,-2.751326717639277,-3.084966238921357,0.7504702103665593,3.627853833362089,-0.3410039864477325,2.284989204513621,-0.7689436368519872,2.481636533755423,-3.567725766768196,-1.790226067639766
49.0,71.0,1006.8027954101562,-2.7513338852894527,-3.084966238921357,0.7504702103665593,3.627951175756625,-0.3409990750636939,2.284989204513621,-0.7689222318418342,2.4816365337736297,-3.567725762875499,-1.790226067639766
49.0,71.0,1006.8027954101562,-2.751326717639277,-3.084966238921357,0.7504702103665593,3.6280734481868273,-0.341004027281246,2.284989204513621,-0.7688973983305561,2.481636533755423,-3.567725873797546,-1.790226067639766
49.0,71.0,1006.8027954101562,-2.751330412863738,-3.084966238921357,0.7504702103665593,3.627853833362089,-0.3410039864477325,2.284989204513621,-0.7689436368519872,2.481636533755423,-3.567725766768196,-1.790226067639766
49.0,71.0,1006.8027954101562,-2.7513338852894527,-3.084966238921357,0.7504702103665593,3.627951175756625,-0.3409990750636939,2.284989204513621,-0.7689222318418342,2.481636533780556,-3.567725764537149,-1.790226067639766
49.0,71.0,1006.8027954101562,-2.751326717639277,-3.084966238921357,0.7504702103665593,3.627853833362089,-0.3410040273015438,2.284989204513621,-0.7689445548418342,2.481636533755423,-3.567725766768196,-1.790226067639766
49.0,71.0,1006.8027954101562,-2.751326717639277,-3.084966238921357,0.7504702103665593,3.627853833362089,-0.3410039864477325,2.284989204513621,-0.7689436368519872,2.481636533755423,-3.567725766768196,-1.790226067639766
49.0,71.0,1006.8027954101562,-2.751326882960281,-3.084966238921357,0.7504702103665593,3.627853833362089,-0.3409992380970581,2.284989204513621,-0.7689417389356656,2.481636533755423,-3.567725766768196,-1.790226067639766
49.0,71.0,1006.8029174804688,-2.7513338888427854,-3.084966238921357,0.7504702103665593,3.627851380518952,-0.3409990750636939,2.284989204513621,-0.7689222318418342,2.4816365337736297,-3.567725762875499,-1.790226067639766
49.0,71.0,1006.802978515625,-2.7513340451444463,-3.084966238921357,0.7504702103665593,3.628079152420136,-0.3410040273015438,2.284989204513621,-0.768870899070673,2.4816365337567547,-3.567725872742418,-1.790226067639766
49.0,71.0,1006.802978515625,-2.751326717639277,-3.084966238921357,0.7504702103665593,3.627952265641543,-0.3410040273015438,2.284989204513621,-0.7688953466023202,2.481636533755423,-3.567725766768196,-1.790226067639766
49.0,71.0,1006.8030395507812,-2.751326717639277,-3.084966238921357,0.7504702103665593,3.6280734481868273,-0.3410040273015438,2.284989204513621,-0.7688675232850524,2.481636533755423,-3.567725873797546,-1.790226067639766
49.0,71.0,1006.8030395507812,-2.7513482705692027,-3.084966238921357,0.7504702103665593,3.627878383487563,-0.3409993260294672,2.284989204513621,-0.7688985583820099,2.481636533691492,-3.5677257668552467,-1.790226067639766
49.0,71.0,1006.8031616210938,-2.751326717639277,-3.084966238921357,0.7504702103665593,3.627853833362089,-0.3410040273015438,2.284989204513621,-0.7688953466023202,2.481636533755423,-3.567725766768196,-1.790226067639766
49.0,71.0,1006.8031616210938,-2.751326717639277,-3.084966238921357,0.7504702103665593,3.627853833362089,-0.3410040273015438,2.284989204513621,-0.7688953466023202,2.481636533755423,-3.567725766768196,-1.790226067639766
49.0,71.0,1006.8031616210938,-2.7513338852894527,-3.084966238921357,0.7504702103665593,3.627853833362089,-0.3409992536426874,2.284989204513621,-0.7688953466023202,2.481636533755423,-3.567725766768196,-1.790226067639766
49.0,71.0,1006.8031616210938,-2.751326717639277,-3.084966238921357,0.7504702103665593,3.627853833362089,-0.3410040273015438,2.284989204513621,-0.7688953466023202,2.481636533755423,-3.567725766768196,-1.790226067639766
49.0,71.0,1006.8031616210938,-2.751326717639277,-3.084966238921357,0.7504702103665593,3.627853833362089,-0.3410040273015438,2.284989204513621,-0.7688953466023202,2.481636533755423,-3.567725766768196,-1.790226067639766
49.0,71.0,1006.8031616210938,-2.7513338852894527,-3.084966238921357,0.7504702103665593,3.627853833362089,-0.3410040428471731,2.284989204513621,-0.7688953466023202,2.481636533755423,-3.567725766768196,-1.790226067639766
49.0,71.0,1006.8031616210938,-2.751326717639277,-3.084966238921357,0.7504702103665593,3.627853833362089,-0.3410040273015438,2.284989204513621,-0.7688953466023202,2.481636533755423,-3.567725766768196,-1.790226067639766
49.0,71.0,1006.8031616210938,-2.751326717639277,-3.084966238921357,0.7504702103665593,3.627853833362089,-0.3409992380970581,2.284989204513621,-0.7688953466023202,2.481636533755423,-3.567725766768196,-1.790226067639766
49.0,71.0,1006.8031616210938,-2.751327816584649,-3.084966238921357,0.7504702103665593,3.627853833362089,-0.3410040273015438,2.284989204513621,-0.7688953466023202,2.481636533755423,-3.567725762892744,-1.790226067639766
49.0,71.0,1006.8031616210938,-2.751326717639277,-3.084966238921357,0.7504702103665593,3.627853833362089,-0.3410040273015438,2.284989204513621,-0.7688950863097451,2.481636533755423,-3.567725766768196,-1.790226067639766
49.0,71.0,1006.8031616210938,-2.751326717639277,-3.084966238921357,0.7504702103665593,3.627853833362089,-0.3410040273015438,2.284989204513621,-0.7688950863097451,2.481636533755423,-3.56772596759641,-1.790226067639766
49.0,71.0,1006.8031616210938,-2.751334232057882,-3.084966238921357,0.7504702103665593,3.627853833362089,-0.3410042197622801,2.284989204513621,-0.7688953466023202,2.481636533755423,-3.567725766768196,-1.790226067639766
49.0,71.0,1006.8031616210938,-2.751326717639277,-3.084966238921357,0.7504702103665593,3.627853833362089,-0.3410040273015438,2.284989204513621,-0.7688953466023202,2.481636533755423,-3.567725766768196,-1.790226067639766
49.0,71.0,1006.8031616210938,-2.751326717639277,-3.084966238921357,0.7504702103665593,3.627853833362089,-0.3410040273015438,2.284989204513621,-0.7688953466023202,2.481636533755423,-3.567725766768196,-1.790226067639766
49.0,71.0,1006.8031616210938,-2.751327816584649,-3.084966238921357,0.7504702103665593,3.627853833362089,-0.3410040273015438,2.284989204513621,-0.7688953466023202,2.481636533755423,-3.567725762892744,-1.790226067639766
49.0,71.0,1006.8031616210938,-2.751326717639277,-3.084966238921357,0.7504702103665593,3.627853833362089,-0.3410040273015438,2.284989204513621,-0.7688953466023202,2.481636533755423,-3.567725766768196,-1.790226067639766
49.0,71.0,1006.8031616210938,-2.751326717639277,-3.084966238921357,0.7504702103665593,3.627853833362089,-0.3410040273015438,2.284989204513621,-0.7688953466023202,2.481636533755423,-3.567725766768196,-1.790226067639766
49.0,71.0,1006.8031616210938,-2.751326717639277,-3.084966238921357,0.7504702103665593,3.627853833362089,-0.3410040273015438,2.284989204513621,-0.7688953466023202,2.481636533755423,-3.567725766768196,-1.790226067639766
49.0,71.0,1006.8031616210938,-2.751326717639277,-3.084966238921357,0.7504702103665593,3.627853833362089,-0.3410040273015438,2.284989204513621,-0.7688953466023202,2.481636533755423,-3.567725766768196,-1.790226067639766
49.0,71.0,1006.8031616210938,-2.751326484594675,-3.084966238921357,0.7504702103665593,3.627853833362089,-0.3410038794582303,2.284989204513621,-0.768894766948961,2.481636533754685,-3.567725982618844,-1.790226067639766
49.0,71.0,1006.8031616210938,-2.751327816584649,-3.084966238921357,0.7504702103665593,3.627853833362089,-0.3410040273015438,2.284989204513621,-0.7688954847119354,2.481636533755423,-3.567725761261147,-1.790226067639766
49.0,72.0,1006.7940673828124,-2.7513271489269937,-3.084966238921357,0.7504702103665593,3.627878383487563,-0.3409990759799523,2.2837493153457933,-0.7689593421661453,2.481636533691492,-3.5677259942390283,-1.790226067639766
49.0,72.0,1006.7974243164062,-2.7513825978771167,-3.084966238921357,0.7504702103665593,3.627853833362089,-0.3410040273015438,2.284989204513621,-0.7702702780646833,2.481636533755423,-3.567725766512215,-1.790226067639766
49.0,72.0,1006.7974243164062,-2.751380307827512,-3.084966238921357,0.7504702103665593,3.627853833362089,-0.3410040273015438,2.284989204513621,-0.770276046075043,2.481636533755423,-3.567725753918089,-1.790226067639766
49.0,72.0,1006.7975463867188,-2.751349248853657,-3.084966238921357,0.7504702103665593,3.627832397561023,-0.3409990759799523,2.284989204513621,-0.7702697630497483,2.481636532682738,-3.5677259709332607,-1.790226067639766
49.0,72.0,1006.7975463867188,-2.751349248853657,-3.084966238921357,0.7504702103665593,3.627832397561023,-0.3409990759799523,2.284989204513621,-0.7702697630497483,2.481636532682738,-3.5677259709332607,-1.790226067639766
49.0,72.0,1006.7975463867188,-2.75134923818886,-3.084966238921357,0.7504702103665593,3.627831952907278,-0.3409990759799523,2.284989204513621,-0.7703622624826877,2.4816365326867094,-3.5677259709332607,-1.790226067639766
49.0,72.0,1006.797607421875,-2.7513478392814865,-3.084966238921357,0.7504702103665593,3.627853833362089,-0.3410039864477325,2.284989204513621,-0.7703510469772518,2.481636533755423,-3.567725766768196,-1.790226067639766
49.0,72.0,1006.7976684570312,-2.751348281234,-3.084966238921357,0.7504702103665593,3.627878828141309,-0.3409990759799523,2.284989204513621,-0.7702742528584702,2.4816365336875204,-3.5677259942390283,-1.790226067639766
49.0,72.0,1006.7977294921876,-2.751326717639277,-3.084966238921357,0.7504702103665593,3.627853833362089,-0.3409992380970581,2.284989204513621,-0.770256696140327,2.481636533755423,-3.567725766768196,-1.790226067639766
49.0,72.0,1006.7977294921876,-2.7513482705692027,-3.084966238921357,0.7504702103665593,3.627878383487563,-0.3409990759799523,2.284989204513621,-0.7703667522914097,2.481636533691492,-3.5677259942390283,-1.790226067639766
49.0,72.0,1006.7977294921876,-2.751326717639277,-3.084966238921357,0.7504702103665593,3.627853833362089,-0.3409990426849584,2.284989204513621,-0.7703261850081627,2.4816365337540467,-3.567725847746665,-1.790226067639766
49.0,72.0,1006.798095703125,-2.7513493107946623,-3.084966238921357,0.7504702103665593,3.626129795187629,-0.3409990759799523,2.284989204513621,-0.7702697936634904,2.481636532682738,-3.5677259709332607,-1.790226067639766
49.0,72.0,1006.798095703125,-2.7513493107946623,-3.084966238921357,0.7504702103665593,3.626129795187629,-0.3409990759799523,2.284989204513621,-0.7702697936634904,2.481636532675812,-3.5677259692716103,-1.790226067639766
49.0,72.0,1006.7984619140624,-2.751252250824188,-3.084966238921357,0.7504702103665593,3.626104028163408,-0.3409990754165515,2.284989204513621,-0.7702695379704032,2.481636533755423,-3.5677257774032367,-1.790226067639766
49.0,72.0,1006.7984619140624,-2.751190917358834,-3.084966238921357,0.7504702103665593,3.627853833362089,-0.3410041942191222,2.284989204513621,-0.7703261850081627,2.4816365337540467,-3.5677257748087388,-1.790226067639766
49.0,72.0,1006.7984619140624,-2.751252250824188,-3.084966238921357,0.7504702103665593,3.626104028163408,-0.3409990754165515,2.284989204513621,-0.7702701317020018,2.481636533755423,-3.567725776935848,-1.790226067639766
49.0,72.0,1006.8015747070312,-2.751328427683439,-3.084966238921357,0.7504702103665593,3.627853833362089,-0.3410040273015438,2.284989204513621,-0.7691113241482882,2.481636533755423,-3.567725766768196,-1.790226067639766
49.0,72.0,1006.80224609375,-2.751194260169984,-3.084966238921357,0.7504702103665593,3.627853833362089,-0.3410040411894227,2.284989204513621,-0.7691050586902504,2.481636533755423,-3.567725766768196,-1.790226067639766
49.0,72.0,1006.80224609375,-2.751194260169984,-3.084966238921357,0.7504702103665593,3.627853833362089,-0.3410040280509561,2.284989204513621,-0.7691072470157849,2.481636533755423,-3.567725766768196,-1.790226067639766
49.0,72.0,1006.80224609375,-2.751194260169984,-3.084966238921357,0.7504702103665593,3.627853833362089,-0.3410040411894227,2.284989204513621,-0.7691050586902504,2.481636533755423,-3.567725766768196,-1.790226067639766
49.0,72.0,1006.8024291992188,-2.751194260169984,-3.084966238921357,0.7504702103665593,3.627833475054586,-0.3410040411894227,2.284989204513621,-0.7690757474199919,2.481636533755423,-3.567725766768196,-1.790226067639766
49.0,72.0,1006.802734375,-2.7513340740413144,-3.084966238921357,0.7504702103665593,3.627853833362089,-0.3410040435055926,2.284989204513621,-0.7689436368519872,2.481636533755423,-3.567725766768196,-1.790226067639766
49.0,72.0,1006.8027954101562,-2.751326717639277,-3.084966238921357,0.7504702103665593,3.627853833362089,-0.3410039864477325,2.284989204513621,-0.7689436368519872,2.481636533755423,-3.567725766768196,-1.790226067639766
49.0,72.0,1006.8027954101562,-2.7513338852894527,-3.084966238921357,0.7504702103665593,3.627951175756625,-0.3409990750636939,2.284989204513621,-0.7689222318418342,2.4816365337736297,-3.567725762875499,-1.790226067639766
49.0,72.0,1006.8027954101562,-2.751326717639277,-3.084966238921357,0.7504702103665593,3.6280734481868273,-0.341004027281246,2.284989204513621,-0.7688973983305561,2.481636533755423,-3.567725873797546,-1.790226067639766
49.0,72.0,1006.8027954101562,-2.751330412863738,-3.084966238921357,0.7504702103665593,3.627853833362089,-0.3410039864477325,2.284989204513621,-0.7689436368519872,2.481636533755423,-3.567725766768196,-1.790226067639766
49.0,72.0,1006.8027954101562,-2.7513338852894527,-3.084966238921357,0.7504702103665593,3.627951175756625,-0.3409990750636939,2.284989204513621,-0.7689222318418342,2.481636533780556,-3.567725764537149,-1.790226067639766
49.0,72.0,1006.8027954101562,-2.751326717639277,-3.084966238921357,0.7504702103665593,3.627853833362089,-0.3410040273015438,2.284989204513621,-0.7689445548418342,2.481636533755423,-3.567725766768196,-1.790226067639766
49.0,72.0,1006.8027954101562,-2.751326717639277,-3.084966238921357,0.7504702103665593,3.627853833362089,-0.3410039864477325,2.284989204513621,-0.7689436368519872,2.481636533755423,-3.567725766768196,-1.790226067639766
49.0,72.0,1006.8027954101562,-2.751326882960281,-3.084966238921357,0.7504702103665593,3.627853833362089,-0.3409992380970581,2.284989204513621,-0.7689417389356656,2.481636533755423,-3.567725766768196,-1.790226067639766
49.0,72.0,1006.8027954101562,-2.751330379823985,-3.084966238921357,0.7504702103665593,3.627853833362089,-0.3410040264837223,2.284989204513621,-0.7689436368519872,2.481636533755423,-3.5677257668069013,-1.790226067639766
49.0,72.0,1006.8027954101562,-2.751326717639277,-3.084966238921357,0.7504702103665593,3.627853695978215,-0.3410039864477325,2.284989204513621,-0.7689436368519872,2.481636533755423,-3.567725766768196,-1.790226067639766
49.0,72.0,1006.8027954101562,-2.7513270517490738,-3.084966238921357,0.7504702103665593,3.627951175756625,-0.3409990750636939,2.284989204513621,-0.7689222318418342,2.4816365337736297,-3.567725762883255,-1.790226067639766
49.0,72.0,1006.8028564453124,-2.7513825978771167,-3.084966238921357,0.7504702103665593,3.627853833362089,-0.3410040273015438,2.284989204513621,-0.7689066045202102,2.481636533755423,-3.567725766512215,-1.790226067639766
49.0,72.0,1006.8029174804688,-2.7513338888427854,-3.084966238921357,0.7504702103665593,3.627851380518952,-0.3409990750636939,2.284989204513621,-0.7689222318418342,2.4816365337736297,-3.567725762875499,-1.790226067639766
49.0,72.0,1006.8029174804688,-2.751333888873912,-3.084966238921357,0.7504702103665593,3.627860153539389,-0.3409990750636939,2.284989204513621,-0.7689222318418342,2.4816365337736297,-3.567725762875499,-1.790226067639766
49.0,72.0,1006.802978515625,-2.7513340451444463,-3.084966238921357,0.7504702103665593,3.628079152420136,-0.3410040273015438,2.284989204513621,-0.768870899070673,2.4816365337567547,-3.567725872742418,-1.790226067639766
49.0,72.0,1006.802978515625,-2.751326717639277,-3.084966238921357,0.7504702103665593,3.627952265641543,-0.3410040273015438,2.284989204513621,-0.7688953466023202,2.481636533755423,-3.567725766768196,-1.790226067639766
49.0,72.0,1006.802978515625,-2.751326717639277,-3.084966238921357,0.7504702103665593,3.627952403025417,-0.3410040273015438,2.284989204513621,-0.7688953466023202,2.481636533755423,-3.567725766768196,-1.790226067639766
49.0,72.0,1006.8030395507812,-2.751326717639277,-3.084966238921357,0.7504702103665593,3.6280734481868273,-0.3410040273015438,2.284989204513621,-0.7688675232850524,2.481636533755423,-3.567725873797546,-1.790226067639766
49.0,72.0,1006.8030395507812,-2.7513482705692027,-3.084966238921357,0.7504702103665593,3.627878383487563,-0.3409993260294672,2.284989204513621,-0.7688985583820099,2.481636533691492,-3.5677257668552467,-1.790226067639766
49.0,72.0,1006.8031616210938,-2.751326717639277,-3.084966238921357,0.7504702103665593,3.627853833362089,-0.3410040273015438,2.284989204513621,-0.7688953466023202,2.481636533755423,-3.567725766768196,-1.790226067639766
49.0,72.0,1006.8031616210938,-2.751326717639277,-3.084966238921357,0.7504702103665593,3.627853833362089,-0.3410040273015438,2.284989204513621,-0.7688953466023202,2.481636533755423,-3.567725766768196,-1.790226067639766
49.0,72.0,1006.8031616210938,-2.7513338852894527,-3.084966238921357,0.7504702103665593,3.627853833362089,-0.3409992536426874,2.284989204513621,-0.7688953466023202,2.481636533755423,-3.567725766768196,-1.790226067639766
49.0,72.0,1006.8031616210938,-2.751326717639277,-3.084966238921357,0.7504702103665593,3.627853833362089,-0.3410040273015438,2.284989204513621,-0.7688953466023202,2.481636533755423,-3.567725766768196,-1.790226067639766
49.0,72.0,1006.8031616210938,-2.751326717639277,-3.084966238921357,0.7504702103665593,3.627853833362089,-0.3410040273015438,2.284989204513621,-0.7688953466023202,2.481636533755423,-3.567725766768196,-1.790226067639766
49.0,72.0,1006.8031616210938,-2.7513338852894527,-3.084966238921357,0.7504702103665593,3.627853833362089,-0.3410040428471731,2.284989204513621,-0.7688953466023202,2.481636533755423,-3.567725766768196,-1.790226067639766
49.0,72.0,1006.8031616210938,-2.751326717639277,-3.084966238921357,0.7504702103665593,3.627853833362089,-0.3410040273015438,2.284989204513621,-0.7688953466023202,2.481636533755423,-3.567725766768196,-1.790226067639766
49.0,72.0,1006.8031616210938,-2.751326717639277,-3.084966238921357,0.7504702103665593,3.627853833362089,-0.3409992380970581,2.284989204513621,-0.7688953466023202,2.481636533755423,-3.567725766768196,-1.790226067639766
49.0,72.0,1006.8031616210938,-2.751327816584649,-3.084966238921357,0.7504702103665593,3.627853833362089,-0.3410040273015438,2.284989204513621,-0.7688953466023202,2.481636533755423,-3.567725762892744,-1.790226067639766
49.0,73.0,1006.7940673828124,-2.7513271489269937,-3.084966238921357,0.7504702103665593,3.627878383487563,-0.3409990759799523,2.2837493153457933,-0.7689593421661453,2.481636533691492,-3.5677259942390283,-1.790226067639766
49.0,73.0,1006.7974243164062,-2.7513825978771167,-3.084966238921357,0.7504702103665593,3.627853833362089,-0.3410040273015438,2.284989204513621,-0.7702702780646833,2.481636533755423,-3.567725766512215,-1.790226067639766
49.0,73.0,1006.7974243164062,-2.751380307827512,-3.084966238921357,0.7504702103665593,3.627853833362089,-0.3410040273015438,2.284989204513621,-0.770276046075043,2.481636533755423,-3.567725753918089,-1.790226067639766
49.0,73.0,1006.7974243164062,-2.751383066925565,-3.084966238921357,0.7504702103665593,3.627853833362089,-0.3410039864477325,2.284989204513621,-0.7702706177527215,2.481636533755423,-3.567725766768196,-1.790226067639766
49.0,73.0,1006.7975463867188,-2.751349248853657,-3.084966238921357,0.7504702103665593,3.627832397561023,-0.3409990759799523,2.284989204513621,-0.7702697630497483,2.481636532682738,-3.5677259709332607,-1.790226067639766
49.0,73.0,1006.7975463867188,-2.751349248853657,-3.084966238921357,0.7504702103665593,3.627832397561023,-0.3409990759799523,2.284989204513621,-0.7702697630497483,2.481636532682738,-3.5677259709332607,-1.790226067639766
49.0,73.0,1006.7975463867188,-2.75134923818886,-3.084966238921357,0.7504702103665593,3.627831952907278,-0.3409990759799523,2.284989204513621,-0.7703622624826877,2.4816365326867094,-3.5677259709332607,-1.790226067639766
49.0,73.0,1006.797607421875,-2.7513478392814865,-3.084966238921357,0.7504702103665593,3.627853833362089,-0.3410039864477325,2.284989204513621,-0.7703510469772518,2.481636533755423,-3.567725766768196,-1.790226067639766
49.0,73.0,1006.7976684570312,-2.751348281234,-3.084966238921357,0.7504702103665593,3.627878828141309,-0.3409990759799523,2.284989204513621,-0.7702742528584702,2.4816365336875204,-3.5677259942390283,-1.790226067639766
49.0,73.0,1006.7976684570312,-2.751349495851233,-3.084966238921357,0.7504702103665593,3.627878828141309,-0.3410039393207875,2.284989204513621,-0.7702742528584702,2.4816365336875204,-3.5677259942390283,-1.790226067639766
49.0,73.0,1006.7977294921876,-2.751326717639277,-3.084966238921357,0.7504702103665593,3.627853833362089,-0.3409992380970581,2.284989204513621,-0.770256696140327,2.481636533755423,-3.567725766768196,-1.790226067639766
49.0,73.0,1006.7977294921876,-2.7513482705692027,-3.084966238921357,0.7504702103665593,3.627878383487563,-0.3409990759799523,2.284989204513621,-0.7703667522914097,2.481636533691492,-3.5677259942390283,-1.790226067639766
49.0,73.0,1006.7977294921876,-2.751326717639277,-3.084966238921357,0.7504702103665593,3.627853833362089,-0.3409990426849584,2.284989204513621,-0.7703261850081627,2.4816365337540467,-3.567725847746665,-1.790226067639766
49.0,73.0,1006.7977905273438,-2.751326882960281,-3.084966238921357,0.7504702103665593,3.627853833362089,-0.3409992380970581,2.284989204513621,-0.7701338202763524,2.481636533755429,-3.567725845603847,-1.790226067639766
49.0,73.0,1006.7979736328124,-2.7513338852894527,-3.084966238921357,0.7504702103665593,3.627951175756625,-0.3410047708808227,2.284989204513621,-0.7703057282989546,2.481636533780556,-3.567725773859454,-1.790226067639766
49.0,73.0,1006.798095703125,-2.7513493107946623,-3.084966238921357,0.7504702103665593,3.626129795187629,-0.3409990759799523,2.284989204513621,-0.7702697936634904,2.481636532682738,-3.5677259709332607,-1.790226067639766
49.0,73.0,1006.798095703125,-2.7513493107946623,-3.084966238921357,0.7504702103665593,3.626129795187629,-0.3409990759799523,2.284989204513621,-0.7702697936634904,2.481636532675812,-3.5677259692716103,-1.790226067639766
49.0,73.0,1006.7981567382812,-2.751250882081072,-3.084966238921357,0.7504702103665593,3.627853833362089,-0.3409989942412063,2.284989204513621,-0.7702710411070068,2.481636533755423,-3.567725766887559,-1.790226067639766
49.0,73.0,1006.7984619140624,-2.751252250824188,-3.084966238921357,0.7504702103665593,3.626104028163408,-0.3409990754165515,2.284989204513621,-0.7702695379704032,2.481636533755423,-3.5677257774032367,-1.790226067639766
49.0,73.0,1006.7984619140624,-2.751190917358834,-3.084966238921357,0.7504702103665593,3.627853833362089,-0.3410041942191222,2.284989204513621,-0.7703261850081627,2.4816365337540467,-3.5677257748087388,-1.790226067639766
49.0,73.0,1006.7984619140624,-2.751252250824188,-3.084966238921357,0.7504702103665593,3.626104028163408,-0.3409990754165515,2.284989204513621,-0.7702701317020018,2.481636533755423,-3.567725776935848,-1.790226067639766
49.0,73.0,1006.7984619140624,-2.751188311882781,-3.084966238921357,0.7504702103665593,3.627853833362089,-0.3410041942191222,2.284989204513621,-0.7703261850081627,2.481636533755408,-3.5677257748087388,-1.790226067639766
49.0,73.0,1006.8015747070312,-2.751328427683439,-3.084966238921357,0.7504702103665593,3.627853833362089,-0.3410040273015438,2.284989204513621,-0.7691113241482882,2.481636533755423,-3.567725766768196,-1.790226067639766
49.0,73.0,1006.8015747070312,-2.751328534854188,-3.084966238921357,0.7504702103665593,3.627853833362089,-0.3410040273015438,2.284989204513621,-0.7691146356611015,2.481636533755904,-3.567725766768196,-1.790226067639766
49.0,73.0,1006.80224609375,-2.751194260169984,-3.084966238921357,0.7504702103665593,3.627853833362089,-0.3410040411894227,2.284989204513621,-0.7691050586902504,2.481636533755423,-3.567725766768196,-1.790226067639766
49.0,73.0,1006.80224609375,-2.751194260169984,-3.084966238921357,0.7504702103665593,3.627853833362089,-0.3410040280509561,2.284989204513621,-0.7691072470157849,2.481636533755423,-3.567725766768196,-1.790226067639766
49.0,73.0,1006.80224609375,-2.751194260169984,-3.084966238921357,0.7504702103665593,3.627853833362089,-0.3410040411894227,2.284989204513621,-0.7691050586902504,2.481636533755423,-3.567725766768196,-1.790226067639766
49.0,73.0,1006.8024291992188,-2.751194260169984,-3.084966238921357,0.7504702103665593,3.627833475054586,-0.3410040411894227,2.284989204513621,-0.7690757474199919,2.481636533755423,-3.567725766768196,-1.790226067639766
49.0,73.0,1006.8024291992188,-2.751194260169984,-3.084966238921357,0.7504702103665593,3.627833475054586,-0.3410040411894227,2.284989204513621,-0.7690757474199919,2.481636533755423,-3.567725766768196,-1.790226067639766
49.0,73.0,1006.802734375,-2.7513340740413144,-3.084966238921357,0.7504702103665593,3.627853833362089,-0.3410040435055926,2.284989204513621,-0.7689436368519872,2.481636533755423,-3.567725766768196,-1.790226067639766
49.0,73.0,1006.802734375,-2.751334176081522,-3.084966238921357,0.7504702103665593,3.6279542179938136,-0.3409990750636939,2.284989204513621,-0.7689222318418342,2.481636533779416,-3.567725767090349,-1.790226067639766
49.0,73.0,1006.8027954101562,-2.751326717639277,-3.084966238921357,0.7504702103665593,3.627853833362089,-0.3410039864477325,2.284989204513621,-0.7689436368519872,2.481636533755423,-3.567725766768196,-1.790226067639766
49.0,73.0,1006.8027954101562,-2.7513338852894527,-3.084966238921357,0.7504702103665593,3.627951175756625,-0.3409990750636939,2.284989204513621,-0.7689222318418342,2.4816365337736297,-3.567725762875499,-1.790226067639766
49.0,73.0,1006.8027954101562,-2.751326717639277,-3.084966238921357,0.7504702103665593,3.6280734481868273,-0.341004027281246,2.284989204513621,-0.7688973983305561,2.481636533755423,-3.567725873797546,-1.790226067639766
49.0,73.0,1006.8027954101562,-2.751330412863738,-3.084966238921357,0.7504702103665593,3.627853833362089,-0.3410039864477325,2.284989204513621,-0.7689436368519872,2.481636533755423,-3.567725766768196,-1.790226067639766
49.0,73.0,1006.8027954101562,-2.7513338852894527,-3.084966238921357,0.7504702103665593,3.627951175756625,-0.3409990750636939,2.284989204513621,-0.7689222318418342,2.481636533780556,-3.567725764537149,-1.790226067639766
49.0,73.0,1006.8027954101562,-2.751326717639277,-3.084966238921357,0.7504702103665593,3.627853833362089,-0.3410040273015438,2.284989204513621,-0.7689445548418342,2.481636533755423,-3.567725766768196,-1.790226067639766
49.0,73.0,1006.8027954101562,-2.751326717639277,-3.084966238921357,0.7504702103665593,3.627853833362089,-0.3410039864477325,2.284989204513621,-0.7689436368519872,2.481636533755423,-3.567725766768196,-1.790226067639766
49.0,73.0,1006.8027954101562,-2.751326882960281,-3.084966238921357,0.7504702103665593,3.627853833362089,-0.3409992380970581,2.284989204513621,-0.7689417389356656,2.481636533755423,-3.567725766768196,-1.790226067639766
49.0,73.0,1006.8027954101562,-2.751330379823985,-3.084966238921357,0.7504702103665593,3.627853833362089,-0.3410040264837223,2.284989204513621,-0.7689436368519872,2.481636533755423,-3.5677257668069013,-1.790226067639766
49.0,73.0,1006.8027954101562,-2.751326717639277,-3.084966238921357,0.7504702103665593,3.627853695978215,-0.3410039864477325,2.284989204513621,-0.7689436368519872,2.481636533755423,-3.567725766768196,-1.790226067639766
49.0,73.0,1006.8027954101562,-2.7513270517490738,-3.084966238921357,0.7504702103665593,3.627951175756625,-0.3409990750636939,2.284989204513621,-0.7689222318418342,2.4816365337736297,-3.567725762883255,-1.790226067639766
49.0,73.0,1006.8027954101562,-2.751326717639277,-3.084966238921357,0.7504702103665593,3.627853833362089,-0.3410040273015438,2.284989204513621,-0.7689445548418342,2.481636533755423,-3.567725766768196,-1.790226067639766
49.0,73.0,1006.8027954101562,-2.751330379823985,-3.084966238921357,0.7504702103665593,3.627853833362089,-0.3410040264837223,2.284989204513621,-0.7689436368519872,2.481636533755423,-3.567725766836348,-1.790226067639766
49.0,73.0,1006.8027954101562,-2.7513262485908294,-3.084966238921357,0.7504702103665593,3.627853833362089,-0.3410040273015438,2.284989204513621,-0.768943297163949,2.481636533755423,-3.567725766512215,-1.790226067639766
49.0,73.0,1006.8027954101562,-2.7513270517490738,-3.084966238921357,0.7504702103665593,3.627951175756625,-0.3409990750636939,2.284989204513621,-0.7689222318418342,2.4816365337736297,-3.567725762853809,-1.790226067639766
49.0,73.0,1006.8028564453124,-2.7513825978771167,-3.084966238921357,0.7504702103665593,3.627853833362089,-0.3410040273015438,2.284989204513621,-0.7689066045202102,2.481636533755423,-3.567725766512215,-1.790226067639766
49.0,73.0,1006.8028564453124,-2.75132637756626,-3.084966238921357,0.7504702103665593,3.627853833362089,-0.3410040273015438,2.284989204513621,-0.7689365065332192,2.481636533755423,-3.567725768957233,-1.790226067639766
49.0,73.0,1006.8029174804688,-2.7513338888427854,-3.084966238921357,0.7504702103665593,3.627851380518952,-0.3409990750636939,2.284989204513621,-0.7689222318418342,2.4816365337736297,-3.567725762875499,-1.790226067639766
49.0,73.0,1006.8029174804688,-2.751333888873912,-3.084966238921357,0.7504702103665593,3.627860153539389,-0.3409990750636939,2.284989204513621,-0.7689222318418342,2.4816365337736297,-3.567725762875499,-1.790226067639766
49.0,74.0,1006.7940673828124,-2.7513271489269937,-3.084966238921357,0.7504702103665593,3.627878383487563,-0.3409990759799523,2.2837493153457933,-0.7689593421661453,2.481636533691492,-3.5677259942390283,-1.790226067639766
49.0,74.0,1006.7974243164062,-2.7513825978771167,-3.084966238921357,0.7504702103665593,3.627853833362089,-0.3410040273015438,2.284989204513621,-0.7702702780646833,2.481636533755423,-3.567725766512215,-1.790226067639766
49.0,74.0,1006.7974243164062,-2.751380307827512,-3.084966238921357,0.7504702103665593,3.627853833362089,-0.3410040273015438,2.284989204513621,-0.770276046075043,2.481636533755423,-3.567725753918089,-1.790226067639766
49.0,74.0,1006.7974243164062,-2.751383066925565,-3.084966238921357,0.7504702103665593,3.627853833362089,-0.3410039864477325,2.284989204513621,-0.7702706177527215,2.481636533755423,-3.567725766768196,-1.790226067639766
49.0,74.0,1006.7974243164062,-2.7513828238685383,-3.084966238921357,0.7504702103665593,3.627853833362089,-0.3410041942191222,2.284989204513621,-0.7703261850081627,2.481636533754002,-3.5677257748023394,-1.790226067639766
49.0,74.0,1006.7974853515624,-2.7513782534347486,-3.084966238921357,0.7504702103665593,3.627853833362089,-0.3410039864477325,2.284989204513621,-0.7702564843543294,2.481636533755423,-3.567725766768196,-1.790226067639766
49.0,74.0,1006.7975463867188,-2.751349248853657,-3.084966238921357,0.7504702103665593,3.627832397561023,-0.3409990759799523,2.284989204513621,-0.7702697630497483,2.481636532682738,-3.5677259709332607,-1.790226067639766
49.0,74.0,1006.7975463867188,-2.751349248853657,-3.084966238921357,0.7504702103665593,3.627832397561023,-0.3409990759799523,2.284989204513621,-0.7702697630497483,2.481636532682738,-3.5677259709332607,-1.790226067639766
49.0,74.0,1006.7975463867188,-2.75134923818886,-3.084966238921357,0.7504702103665593,3.627831952907278,-0.3409990759799523,2.284989204513621,-0.7703622624826877,2.4816365326867094,-3.5677259709332607,-1.790226067639766
49.0,74.0,1006.7975463867188,-2.75134923818886,-3.084966238921357,0.7504702103665593,3.627831952907278,-0.3409990759799523,2.284989204513621,-0.7703622624826877,2.4816365326867094,-3.5677259709332607,-1.790226067639766
49.0,74.0,1006.797607421875,-2.7513478392814865,-3.084966238921357,0.7504702103665593,3.627853833362089,-0.3410039864477325,2.284989204513621,-0.7703510469772518,2.481636533755423,-3.567725766768196,-1.790226067639766
49.0,74.0,1006.797607421875,-2.7513478392814865,-3.084966238921357,0.7504702103665593,3.627853833362089,-0.3410039864477325,2.284989204513621,-0.7703180539512477,2.481636533755573,-3.567725766768196,-1.790226067639766
49.0,74.0,1006.7976684570312,-2.751348281234,-3.084966238921357,0.7504702103665593,3.627878828141309,-0.3409990759799523,2.284989204513621,-0.7702742528584702,2.4816365336875204,-3.5677259942390283,-1.790226067639766
49.0,74.0,1006.7976684570312,-2.751349495851233,-3.084966238921357,0.7504702103665593,3.627878828141309,-0.3410039393207875,2.284989204513621,-0.7702742528584702,2.4816365336875204,-3.5677259942390283,-1.790226067639766
49.0,74.0,1006.7976684570312,-2.751349297420975,-3.084966238921357,0.7504702103665593,3.627878383487563,-0.3409990759799523,2.284989204513621,-0.7702696779758752,2.4816365327007106,-3.5677259942390283,-1.790226067639766
49.0,74.0,1006.7976684570312,-2.751349495851233,-3.084966238921357,0.7504702103665593,3.627878828141309,-0.3410039393207875,2.284989204513621,-0.7702742528584702,2.4816365336875204,-3.5677259942390283,-1.790226067639766
49.0,74.0,1006.7977294921876,-2.751326717639277,-3.084966238921357,0.7504702103665593,3.627853833362089,-0.3409992380970581,2.284989204513621,-0.770256696140327,2.481636533755423,-3.567725766768196,-1.790226067639766
49.0,74.0,1006.7977294921876,-2.7513482705692027,-3.084966238921357,0.7504702103665593,3.627878383487563,-0.3409990759799523,2.284989204513621,-0.7703667522914097,2.481636533691492,-3.5677259942390283,-1.790226067639766
49.0,74.0,1006.7977294921876,-2.751326717639277,-3.084966238921357,0.7504702103665593,3.627853833362089,-0.3409990426849584,2.284989204513621,-0.7703261850081627,2.4816365337540467,-3.567725847746665,-1.790226067639766
49.0,74.0,1006.7977294921876,-2.751331531130094,-3.084966238921357,0.7504702103665593,3.627853833362089,-0.3409992380970581,2.284989204513621,-0.7702708295387191,2.481636533755423,-3.567725766768196,-1.790226067639766
49.0,74.0,1006.7977905273438,-2.751326882960281,-3.084966238921357,0.7504702103665593,3.627853833362089,-0.3409992380970581,2.284989204513621,-0.7701338202763524,2.481636533755429,-3.567725845603847,-1.790226067639766
49.0,74.0,1006.7977905273438,-2.751326882960281,-3.084966238921357,0.7504702103665593,3.627853833362089,-0.3409992554715016,2.284989204513621,-0.7701338202763524,2.481636533755429,-3.567725845603847,-1.790226067639766
49.0,74.0,1006.7979736328124,-2.7513338852894527,-3.084966238921357,0.7504702103665593,3.627951175756625,-0.3410047708808227,2.284989204513621,-0.7703057282989546,2.481636533780556,-3.567725773859454,-1.790226067639766
49.0,74.0,1006.7979736328124,-2.751334147463721,-3.084966238921357,0.7504702103665593,3.627951067103347,-0.3409990750636939,2.284989204513621,-0.7703191458792749,2.481636533779416,-3.5677257737332675,-1.790226067639766
49.0,74.0,1006.798095703125,-2.7513493107946623,-3.084966238921357,0.7504702103665593,3.626129795187629,-0.3409990759799523,2.284989204513621,-0.7702697936634904,2.481636532682738,-3.5677259709332607,-1.790226067639766
49.0,74.0,1006.798095703125,-2.7513493107946623,-3.084966238921357,0.7504702103665593,3.626129795187629,-0.3409990759799523,2.284989204513621,-0.7702697936634904,2.481636532675812,-3.5677259692716103,-1.790226067639766
49.0,74.0,1006.7981567382812,-2.751250882081072,-3.084966238921357,0.7504702103665593,3.627853833362089,-0.3409989942412063,2.284989204513621,-0.7702710411070068,2.481636533755423,-3.567725766887559,-1.790226067639766
49.0,74.0,1006.7982177734376,-2.7512514788430207,-3.084966238921357,0.7504702103665593,3.627878828141309,-0.3409989920817974,2.284989204513621,-0.7702743755937799,2.4816365336875204,-3.5677257779849296,-1.790226067639766
49.0,74.0,1006.7984619140624,-2.751252250824188,-3.084966238921357,0.7504702103665593,3.626104028163408,-0.3409990754165515,2.284989204513621,-0.7702695379704032,2.481636533755423,-3.5677257774032367,-1.790226067639766
49.0,74.0,1006.7984619140624,-2.751190917358834,-3.084966238921357,0.7504702103665593,3.627853833362089,-0.3410041942191222,2.284989204513621,-0.7703261850081627,2.4816365337540467,-3.5677257748087388,-1.790226067639766
49.0,74.0,1006.7984619140624,-2.751252250824188,-3.084966238921357,0.7504702103665593,3.626104028163408,-0.3409990754165515,2.284989204513621,-0.7702701317020018,2.481636533755423,-3.567725776935848,-1.790226067639766
49.0,74.0,1006.7984619140624,-2.751188311882781,-3.084966238921357,0.7504702103665593,3.627853833362089,-0.3410041942191222,2.284989204513621,-0.7703261850081627,2.481636533755408,-3.5677257748087388,-1.790226067639766
49.0,74.0,1006.7987060546876,-2.751194260169984,-3.084966238921357,0.7504702103665593,3.626105303961564,-0.3410040403574642,2.284989204513621,-0.7702623737602252,2.481636533755423,-3.567725766768196,-1.790226067639766
49.0,74.0,1006.80126953125,-2.751194260169984,-3.084966238921357,0.7483893826339836,3.627853833362089,-0.3410040401651518,2.284989204513621,-0.7702670612794575,2.481636533755423,-3.56772576678219,-1.790226067639766
49.0,74.0,1006.8013916015624,-2.7513825978771167,-3.084966238921357,0.7504702103665593,3.627853833362089,-0.3410040283258146,2.284989204513621,-0.7691082754754761,2.481636533755423,-3.5677257664982207,-1.790226067639766
49.0,74.0,1006.8014526367188,-2.751326717639277,-3.084966238921357,0.7504702103665593,3.627853833362089,-0.3409991863176644,2.284989204513621,-0.7691330578121474,2.4816365337554327,-3.5677257702152985,-1.790226067639766
49.0,74.0,1006.8015747070312,-2.751328427683439,-3.084966238921357,0.7504702103665593,3.627853833362089,-0.3410040273015438,2.284989204513621,-0.7691113241482882,2.481636533755423,-3.567725766768196,-1.790226067639766
49.0,74.0,1006.8015747070312,-2.751328534854188,-3.084966238921357,0.7504702103665593,3.627853833362089,-0.3410040273015438,2.284989204513621,-0.7691146356611015,2.481636533755904,-3.567725766768196,-1.790226067639766
49.0,74.0,1006.8015747070312,-2.751328427683439,-3.084966238921357,0.7504702103665593,3.627853833362089,-0.3410040273015438,2.284989204513621,-0.7691113241482882,2.481636533755423,-3.567725766768196,-1.790226067639766
49.0,74.0,1006.8019409179688,-2.751328534854188,-3.084966238921357,0.7504702103665593,3.627853833362089,-0.3409992584128171,2.284989204513621,-0.7690621700670724,2.4816365337558994,-3.567725766768196,-1.790226067639766
49.0,74.0,1006.8019409179688,-2.751252250824188,-3.084966238921357,0.7504702103665593,3.6278525575639327,-0.34099907624851,2.284989204513621,-0.7691122229004284,2.481636533755423,-3.5677257774032367,-1.790226067639766
49.0,74.0,1006.80224609375,-2.751194260169984,-3.084966238921357,0.7504702103665593,3.627853833362089,-0.3410040411894227,2.284989204513621,-0.7691050586902504,2.481636533755423,-3.567725766768196,-1.790226067639766
49.0,74.0,1006.80224609375,-2.751194260169984,-3.084966238921357,0.7504702103665593,3.627853833362089,-0.3410040280509561,2.284989204513621,-0.7691072470157849,2.481636533755423,-3.567725766768196,-1.790226067639766
49.0,74.0,1006.80224609375,-2.751194260169984,-3.084966238921357,0.7504702103665593,3.627853833362089,-0.3410040411894227,2.284989204513621,-0.7691050586902504,2.481636533755423,-3.567725766768196,-1.790226067639766
49.0,74.0,1006.8024291992188,-2.751194260169984,-3.084966238921357,0.7504702103665593,3.627833475054586,-0.3410040411894227,2.284989204513621,-0.7690757474199919,2.481636533755423,-3.567725766768196,-1.790226067639766
49.0,74.0,1006.8024291992188,-2.751194260169984,-3.084966238921357,0.7504702103665593,3.627833475054586,-0.3410040411894227,2.284989204513621,-0.7690757474199919,2.481636533755423,-3.567725766768196,-1.790226067639766
49.0,74.0,1006.8025512695312,-2.751334176081522,-3.084966238921357,0.7504702103665593,3.6279542179938136,-0.3409990750636939,2.284989204513621,-0.7689552248678382,2.481636533779266,-3.567725767090349,-1.790226067639766
49.0,74.0,1006.802734375,-2.7513340740413144,-3.084966238921357,0.7504702103665593,3.627853833362089,-0.3410040435055926,2.284989204513621,-0.7689436368519872,2.481636533755423,-3.567725766768196,-1.790226067639766
49.0,74.0,1006.802734375,-2.751334176081522,-3.084966238921357,0.7504702103665593,3.6279542179938136,-0.3409990750636939,2.284989204513621,-0.7689222318418342,2.481636533779416,-3.567725767090349,-1.790226067639766
49.0,74.0,1006.802734375,-2.751383239570179,-3.084966238921357,0.7504702103665593,3.627850046174315,-0.3410039231753258,2.284989204513621,-0.7689222318418342,2.4816365337736297,-3.567725762853809,-1.790226067639766
49.0,75.0,1006.7940673828124,-2.7513271489269937,-3.084966238921357,0.7504702103665593,3.627878383487563,-0.3409990759799523,2.2837493153457933,-0.7689593421661453,2.481636533691492,-3.5677259942390283,-1.790226067639766
49.0,75.0,1006.79736328125,-2.7513826654449933,-3.084966238921357,0.7504702103665593,3.6278301678863314,-0.341004193123411,2.284989204513621,-0.770358963913294,2.4816365326568497,-3.567725766512215,-1.790226067639766
49.0,75.0,1006.7974243164062,-2.7513825978771167,-3.084966238921357,0.7504702103665593,3.627853833362089,-0.3410040273015438,2.284989204513621,-0.7702702780646833,2.481636533755423,-3.567725766512215,-1.790226067639766
49.0,75.0,1006.7974243164062,-2.751380307827512,-3.084966238921357,0.7504702103665593,3.627853833362089,-0.3410040273015438,2.284989204513621,-0.770276046075043,2.481636533755423,-3.567725753918089,-1.790226067639766
49.0,75.0,1006.7974243164062,-2.751383066925565,-3.084966238921357,0.7504702103665593,3.627853833362089,-0.3410039864477325,2.284989204513621,-0.7702706177527215,2.481636533755423,-3.567725766768196,-1.790226067639766
49.0,75.0,1006.7974243164062,-2.7513828238685383,-3.084966238921357,0.7504702103665593,3.627853833362089,-0.3410041942191222,2.284989204513621,-0.7703261850081627,2.481636533754002,-3.5677257748023394,-1.790226067639766
49.0,75.0,1006.7974243164062,-2.751382574319159,-3.084966238921357,0.7504702103665593,3.627853833362089,-0.3410040280062246,2.284989204513621,-0.7702702751589964,2.481636533755423,-3.5677257665129227,-1.790226067639766
49.0,75.0,1006.7974243164062,-2.751380307827512,-3.084966238921357,0.7504702103665593,3.627853833362089,-0.3410040273015438,2.284989204513621,-0.770276046075043,2.481636533755423,-3.567725753918089,-1.790226067639766
49.0,75.0,1006.7974853515624,-2.7513782534347486,-3.084966238921357,0.7504702103665593,3.627853833362089,-0.3410039864477325,2.284989204513621,-0.7702564843543294,2.481636533755423,-3.567725766768196,-1.790226067639766
49.0,75.0,1006.7974853515624,-2.7513782534347486,-3.084966238921357,0.7504702103665593,3.627853833362089,-0.3410039864477325,2.284989204513621,-0.7703616151549436,2.481636533755423,-3.567725964872266,-1.790226067639766
49.0,75.0,1006.7975463867188,-2.751349248853657,-3.084966238921357,0.7504702103665593,3.627832397561023,-0.3409990759799523,2.284989204513621,-0.7702697630497483,2.481636532682738,-3.5677259709332607,-1.790226067639766
49.0,75.0,1006.7975463867188,-2.751349248853657,-3.084966238921357,0.7504702103665593,3.627832397561023,-0.3409990759799523,2.284989204513621,-0.7702697630497483,2.481636532682738,-3.5677259709332607,-1.790226067639766
49.0,75.0,1006.7975463867188,-2.75134923818886,-3.084966238921357,0.7504702103665593,3.627831952907278,-0.3409990759799523,2.284989204513621,-0.7703622624826877,2.4816365326867094,-3.5677259709332607,-1.790226067639766
49.0,75.0,1006.7975463867188,-2.75134923818886,-3.084966238921357,0.7504702103665593,3.627831952907278,-0.3409990759799523,2.284989204513621,-0.7703622624826877,2.4816365326867094,-3.5677259709332607,-1.790226067639766
49.0,75.0,1006.7975463867188,-2.751349248853657,-3.084966238921357,0.7504702103665593,3.627832397561023,-0.3409990759799523,2.284989204513621,-0.7702697630497483,2.481636532682738,-3.5677259709332607,-1.790226067639766
49.0,75.0,1006.7975463867188,-2.751349248853657,-3.084966238921357,0.7504702103665593,3.627832397561023,-0.3409990759799523,2.284989204513621,-0.7702697630497483,2.481636532682738,-3.5677259709332607,-1.790226067639766
49.0,75.0,1006.797607421875,-2.7513478392814865,-3.084966238921357,0.7504702103665593,3.627853833362089,-0.3410039864477325,2.284989204513621,-0.7703510469772518,2.481636533755423,-3.567725766768196,-1.790226067639766
49.0,75.0,1006.797607421875,-2.7513478392814865,-3.084966238921357,0.7504702103665593,3.627853833362089,-0.3410039864477325,2.284989204513621,-0.7703180539512477,2.481636533755573,-3.567725766768196,-1.790226067639766
49.0,75.0,1006.797607421875,-2.75134923818886,-3.084966238921357,0.7504702103665593,3.627854221222111,-0.3410041279405169,2.284989204513621,-0.7703622624826877,2.4816365326867094,-3.5677259709332607,-1.790226067639766
49.0,75.0,1006.797607421875,-2.7513478257511004,-3.084966238921357,0.7504702103665593,3.627853833362089,-0.3410039864477325,2.284989204513621,-0.7703180539512477,2.481636533793294,-3.5677257716080075,-1.790226067639766
49.0,75.0,1006.797607421875,-2.751349170620983,-3.084966238921357,0.7504702103665593,3.627855618383036,-0.3409989101580851,2.284989204513621,-0.7702735766340769,2.481636533785283,-3.5677259709332607,-1.790226067639766
49.0,75.0,1006.797607421875,-2.751349248853657,-3.084966238921357,0.7504702103665593,3.627853402659997,-0.3409987160875184,2.284989204513621,-0.7702697630497483,2.481636532682738,-3.567725958869969,-1.790226067639766
49.0,75.0,1006.7976684570312,-2.751348281234,-3.084966238921357,0.7504702103665593,3.627878828141309,-0.3409990759799523,2.284989204513621,-0.7702742528584702,2.4816365336875204,-3.5677259942390283,-1.790226067639766
49.0,75.0,1006.7976684570312,-2.751349495851233,-3.084966238921357,0.7504702103665593,3.627878828141309,-0.3410039393207875,2.284989204513621,-0.7702742528584702,2.4816365336875204,-3.5677259942390283,-1.790226067639766
49.0,75.0,1006.7976684570312,-2.751349297420975,-3.084966238921357,0.7504702103665593,3.627878383487563,-0.3409990759799523,2.284989204513621,-0.7702696779758752,2.4816365327007106,-3.5677259942390283,-1.790226067639766
49.0,75.0,1006.7976684570312,-2.751349495851233,-3.084966238921357,0.7504702103665593,3.627878828141309,-0.3410039393207875,2.284989204513621,-0.7702742528584702,2.4816365336875204,-3.5677259942390283,-1.790226067639766
49.0,75.0,1006.7977294921876,-2.751326717639277,-3.084966238921357,0.7504702103665593,3.627853833362089,-0.3409992380970581,2.284989204513621,-0.770256696140327,2.481636533755423,-3.567725766768196,-1.790226067639766
49.0,75.0,1006.7977294921876,-2.7513482705692027,-3.084966238921357,0.7504702103665593,3.627878383487563,-0.3409990759799523,2.284989204513621,-0.7703667522914097,2.481636533691492,-3.5677259942390283,-1.790226067639766
49.0,75.0,1006.7977294921876,-2.751326717639277,-3.084966238921357,0.7504702103665593,3.627853833362089,-0.3409990426849584,2.284989204513621,-0.7703261850081627,2.4816365337540467,-3.567725847746665,-1.790226067639766
49.0,75.0,1006.7977294921876,-2.751331531130094,-3.084966238921357,0.7504702103665593,3.627853833362089,-0.3409992380970581,2.284989204513621,-0.7702708295387191,2.481636533755423,-3.567725766768196,-1.790226067639766
49.0,75.0,1006.7977294921876,-2.751331531130094,-3.084966238921357,0.7504702103665593,3.627853833362089,-0.3409992380970581,2.284989204513621,-0.7702708295387191,2.481636533755423,-3.567725766768196,-1.790226067639766
49.0,75.0,1006.7977294921876,-2.7513478203489306,-3.084966238921357,0.7504702103665593,3.627878818580165,-0.341003986314723,2.284989204513621,-0.7703510469772518,2.481636533755423,-3.5677257645755938,-1.790226067639766
49.0,75.0,1006.7977905273438,-2.751326882960281,-3.084966238921357,0.7504702103665593,3.627853833362089,-0.3409992380970581,2.284989204513621,-0.7701338202763524,2.481636533755429,-3.567725845603847,-1.790226067639766
49.0,75.0,1006.7977905273438,-2.751326882960281,-3.084966238921357,0.7504702103665593,3.627853833362089,-0.3409992554715016,2.284989204513621,-0.7701338202763524,2.481636533755429,-3.567725845603847,-1.790226067639766
49.0,75.0,1006.7977905273438,-2.7513195555955257,-3.084966238921357,0.7504702103665593,3.627853833362089,-0.3409992366779524,2.284989204513621,-0.770256696140327,2.481636533755423,-3.567725766768196,-1.790226067639766
49.0,75.0,1006.7979736328124,-2.7513338852894527,-3.084966238921357,0.7504702103665593,3.627951175756625,-0.3410047708808227,2.284989204513621,-0.7703057282989546,2.481636533780556,-3.567725773859454,-1.790226067639766
49.0,75.0,1006.7979736328124,-2.751334147463721,-3.084966238921357,0.7504702103665593,3.627951067103347,-0.3409990750636939,2.284989204513621,-0.7703191458792749,2.481636533779416,-3.5677257737332675,-1.790226067639766
49.0,75.0,1006.798095703125,-2.7513493107946623,-3.084966238921357,0.7504702103665593,3.626129795187629,-0.3409990759799523,2.284989204513621,-0.7702697936634904,2.481636532682738,-3.5677259709332607,-1.790226067639766
49.0,75.0,1006.798095703125,-2.7513493107946623,-3.084966238921357,0.7504702103665593,3.626129795187629,-0.3409990759799523,2.284989204513621,-0.7702697936634904,2.481636532675812,-3.5677259692716103,-1.790226067639766
49.0,75.0,1006.798095703125,-2.7513564338931205,-3.084966238921357,0.7504702103665593,3.6261156466555953,-0.34100417199745,2.284989204513621,-0.7702696779758752,2.4816365327007106,-3.5677259942390283,-1.790226067639766
49.0,75.0,1006.7981567382812,-2.751250882081072,-3.084966238921357,0.7504702103665593,3.627853833362089,-0.3409989942412063,2.284989204513621,-0.7702710411070068,2.481636533755423,-3.567725766887559,-1.790226067639766
49.0,75.0,1006.7981567382812,-2.751251573303344,-3.084966238921357,0.7504702103665593,3.627853833362089,-0.3409990422080999,2.284989204513621,-0.7703261850081627,2.481636533754014,-3.5677257751291367,-1.790226067639766
49.0,75.0,1006.7981567382812,-2.751250882081072,-3.084966238921357,0.7504702103665593,3.627853833362089,-0.3410042648297828,2.284989204513621,-0.7702710411070068,2.481636533755572,-3.567725766887559,-1.790226067639766
49.0,75.0,1006.7982177734376,-2.7512514788430207,-3.084966238921357,0.7504702103665593,3.627878828141309,-0.3409989920817974,2.284989204513621,-0.7702743755937799,2.4816365336875204,-3.5677257779849296,-1.790226067639766
49.0,75.0,1006.7982177734376,-2.7512474000113696,-3.084966238921357,0.7504702103665593,3.627878828141309,-0.3410038424441317,2.284989204513621,-0.7702743755937799,2.4816365336875204,-3.5677257779849296,-1.790226067639766
49.0,75.0,1006.7984619140624,-2.751252250824188,-3.084966238921357,0.7504702103665593,3.626104028163408,-0.3409990754165515,2.284989204513621,-0.7702695379704032,2.481636533755423,-3.5677257774032367,-1.790226067639766
49.0,75.0,1006.7984619140624,-2.751190917358834,-3.084966238921357,0.7504702103665593,3.627853833362089,-0.3410041942191222,2.284989204513621,-0.7703261850081627,2.4816365337540467,-3.5677257748087388,-1.790226067639766
49.0,75.0,1006.7984619140624,-2.751252250824188,-3.084966238921357,0.7504702103665593,3.626104028163408,-0.3409990754165515,2.284989204513621,-0.7702701317020018,2.481636533755423,-3.567725776935848,-1.790226067639766
49.0,75.0,1006.7984619140624,-2.751188311882781,-3.084966238921357,0.7504702103665593,3.627853833362089,-0.3410041942191222,2.284989204513621,-0.7703261850081627,2.481636533755408,-3.5677257748087388,-1.790226067639766
49.0,75.0,1006.7984619140624,-2.75125941286794,-3.084966238921357,0.7504702103665593,3.626104028163408,-0.3409990768356572,2.284989204513621,-0.7702701317020018,2.481636533755423,-3.567725776935848,-1.790226067639766
49.0,76.0,1006.7940673828124,-2.7513271489269937,-3.084966238921357,0.7504702103665593,3.627878383487563,-0.3409990759799523,2.2837493153457933,-0.7689593421661453,2.481636533691492,-3.5677259942390283,-1.790226067639766
49.0,76.0,1006.7971801757812,-2.7513782534347486,-3.084966238921357,0.7504702103665593,3.62774281442856,-0.341003987896907,2.284989204513621,-0.7702564843543294,2.481636533755423,-3.567725766768196,-1.790226067639766
49.0,76.0,1006.79736328125,-2.7513826654449933,-3.084966238921357,0.7504702103665593,3.6278301678863314,-0.341004193123411,2.284989204513621,-0.770358963913294,2.4816365326568497,-3.567725766512215,-1.790226067639766
49.0,76.0,1006.79736328125,-2.751382574319159,-3.084966238921357,0.7504702103665593,3.627830178282487,-0.3410041990022048,2.284989204513621,-0.7702702751589964,2.481636532605427,-3.5677257665129063,-1.790226067639766
49.0,76.0,1006.7974243164062,-2.7513825978771167,-3.084966238921357,0.7504702103665593,3.627853833362089,-0.3410040273015438,2.284989204513621,-0.7702702780646833,2.481636533755423,-3.567725766512215,-1.790226067639766
49.0,76.0,1006.7974243164062,-2.751380307827512,-3.084966238921357,0.7504702103665593,3.627853833362089,-0.3410040273015438,2.284989204513621,-0.770276046075043,2.481636533755423,-3.567725753918089,-1.790226067639766
49.0,76.0,1006.7974243164062,-2.751383066925565,-3.084966238921357,0.7504702103665593,3.627853833362089,-0.3410039864477325,2.284989204513621,-0.7702706177527215,2.481636533755423,-3.567725766768196,-1.790226067639766
49.0,76.0,1006.7974243164062,-2.7513828238685383,-3.084966238921357,0.7504702103665593,3.627853833362089,-0.3410041942191222,2.284989204513621,-0.7703261850081627,2.481636533754002,-3.5677257748023394,-1.790226067639766
49.0,76.0,1006.7974243164062,-2.751382574319159,-3.084966238921357,0.7504702103665593,3.627853833362089,-0.3410040280062246,2.284989204513621,-0.7702702751589964,2.481636533755423,-3.5677257665129227,-1.790226067639766
49.0,76.0,1006.7974243164062,-2.751380307827512,-3.084966238921357,0.7504702103665593,3.627853833362089,-0.3410040273015438,2.284989204513621,-0.770276046075043,2.481636533755423,-3.567725753918089,-1.790226067639766
49.0,76.0,1006.7974243164062,-2.7513841422750387,-3.084966238921357,0.7504702103665593,3.62785381461527,-0.3410040273015438,2.284989204513621,-0.7703624253436667,2.481636532767182,-3.5677259703027544,-1.790226067639766
49.0,76.0,1006.7974243164062,-2.751380307827512,-3.084966238921357,0.7504702103665593,3.627853833362089,-0.3410040260613609,2.284989204513621,-0.7702777991694091,2.481636533755423,-3.567725753918089,-1.790226067639766
49.0,76.0,1006.7974243164062,-2.751383066925565,-3.084966238921357,0.7504702103665593,3.6278533944694127,-0.3410038619190086,2.284989204513621,-0.7702706177527215,2.4816365337571584,-3.567725766768196,-1.790226067639766
49.0,76.0,1006.7974243164062,-2.7513804331202385,-3.084966238921357,0.7504702103665593,3.627853833362089,-0.3410040298357796,2.284989204513621,-0.7702768839463149,2.481636533754002,-3.567725754620831,-1.790226067639766
49.0,76.0,1006.7974243164062,-2.7513826654449933,-3.084966238921357,0.7504702103665593,3.6278538229659336,-0.3410040221274308,2.284989204513621,-0.770358963913294,2.4816365338068453,-3.567725766512232,-1.790226067639766
49.0,76.0,1006.7974853515624,-2.7513782534347486,-3.084966238921357,0.7504702103665593,3.627853833362089,-0.3410039864477325,2.284989204513621,-0.7702564843543294,2.481636533755423,-3.567725766768196,-1.790226067639766
49.0,76.0,1006.7974853515624,-2.7513782534347486,-3.084966238921357,0.7504702103665593,3.627853833362089,-0.3410039864477325,2.284989204513621,-0.7703616151549436,2.481636533755423,-3.567725964872266,-1.790226067639766
49.0,76.0,1006.7974853515624,-2.7513782534347486,-3.084966238921357,0.7504702103665593,3.627855296607096,-0.3410038329309809,2.284989204513621,-0.7702564843543294,2.481636533755423,-3.567725766768196,-1.790226067639766
49.0,76.0,1006.7974853515624,-2.751382574319159,-3.084966238921357,0.7504702103665593,3.62788170903922,-0.3410040280062246,2.284989204513621,-0.7702702751589964,2.481636533751341,-3.567725762829031,-1.790226067639766
49.0,76.0,1006.7975463867188,-2.751349248853657,-3.084966238921357,0.7504702103665593,3.627832397561023,-0.3409990759799523,2.284989204513621,-0.7702697630497483,2.481636532682738,-3.5677259709332607,-1.790226067639766
49.0,76.0,1006.7975463867188,-2.751349248853657,-3.084966238921357,0.7504702103665593,3.627832397561023,-0.3409990759799523,2.284989204513621,-0.7702697630497483,2.481636532682738,-3.5677259709332607,-1.790226067639766
49.0,76.0,1006.7975463867188,-2.75134923818886,-3.084966238921357,0.7504702103665593,3.627831952907278,-0.3409990759799523,2.284989204513621,-0.7703622624826877,2.4816365326867094,-3.5677259709332607,-1.790226067639766
49.0,76.0,1006.7975463867188,-2.75134923818886,-3.084966238921357,0.7504702103665593,3.627831952907278,-0.3409990759799523,2.284989204513621,-0.7703622624826877,2.4816365326867094,-3.5677259709332607,-1.790226067639766
49.0,76.0,1006.7975463867188,-2.751349248853657,-3.084966238921357,0.7504702103665593,3.627832397561023,-0.3409990759799523,2.284989204513621,-0.7702697630497483,2.481636532682738,-3.5677259709332607,-1.790226067639766
49.0,76.0,1006.7975463867188,-2.751349248853657,-3.084966238921357,0.7504702103665593,3.627832397561023,-0.3409990759799523,2.284989204513621,-0.7702697630497483,2.481636532682738,-3.5677259709332607,-1.790226067639766
49.0,76.0,1006.7975463867188,-2.751349248853657,-3.084966238921357,0.7504702103665593,3.627832397561023,-0.3409990759799523,2.284989204513621,-0.7702697630497483,2.481636532682738,-3.5677259709332607,-1.790226067639766
49.0,76.0,1006.7975463867188,-2.7513478392814865,-3.084966238921357,0.7504702103665593,3.627829935764789,-0.3410039864477325,2.284989204513621,-0.7703585860706627,2.481636533755573,-3.567725766768196,-1.790226067639766
49.0,76.0,1006.7975463867188,-2.7513502374025625,-3.084966238921357,0.7504702103665593,3.6278314664686953,-0.3409990714062893,2.284989204513621,-0.7702710203406987,2.481636532696072,-3.5677259709332607,-1.790226067639766
49.0,76.0,1006.7975463867188,-2.75134923818886,-3.084966238921357,0.7504702103665593,3.627831952907278,-0.3409990759799523,2.284989204513621,-0.7703533692339082,2.481636532629128,-3.5677259709332607,-1.790226067639766
49.0,76.0,1006.797607421875,-2.7513478392814865,-3.084966238921357,0.7504702103665593,3.627853833362089,-0.3410039864477325,2.284989204513621,-0.7703510469772518,2.481636533755423,-3.567725766768196,-1.790226067639766
49.0,76.0,1006.797607421875,-2.7513478392814865,-3.084966238921357,0.7504702103665593,3.627853833362089,-0.3410039864477325,2.284989204513621,-0.7703180539512477,2.481636533755573,-3.567725766768196,-1.790226067639766
49.0,76.0,1006.797607421875,-2.75134923818886,-3.084966238921357,0.7504702103665593,3.627854221222111,-0.3410041279405169,2.284989204513621,-0.7703622624826877,2.4816365326867094,-3.5677259709332607,-1.790226067639766
49.0,76.0,1006.797607421875,-2.7513478257511004,-3.084966238921357,0.7504702103665593,3.627853833362089,-0.3410039864477325,2.284989204513621,-0.7703180539512477,2.481636533793294,-3.5677257716080075,-1.790226067639766
49.0,76.0,1006.797607421875,-2.751349170620983,-3.084966238921357,0.7504702103665593,3.627855618383036,-0.3409989101580851,2.284989204513621,-0.7702735766340769,2.481636533785283,-3.5677259709332607,-1.790226067639766
49.0,76.0,1006.797607421875,-2.751349248853657,-3.084966238921357,0.7504702103665593,3.627853402659997,-0.3409987160875184,2.284989204513621,-0.7702697630497483,2.481636532682738,-3.567725958869969,-1.790226067639766
49.0,76.0,1006.797607421875,-2.7513478257511004,-3.084966238921357,0.7504702103665593,3.627853833362089,-0.3410039876879154,2.284989204513621,-0.7703163008568817,2.481636533793294,-3.5677257716080075,-1.790226067639766
49.0,76.0,1006.797607421875,-2.75134923818886,-3.084966238921357,0.7504702103665593,3.627853521006806,-0.3409990759799523,2.284989204513621,-0.7703616112860624,2.4816365326867094,-3.5677259709332607,-1.790226067639766
49.0,76.0,1006.797607421875,-2.751347870272936,-3.084966238921357,0.7504702103665593,3.627851942330913,-0.3409990759799523,2.284989204513621,-0.7702663681891838,2.481636533826636,-3.567725765857783,-1.790226067639766
49.0,76.0,1006.797607421875,-2.7513476937909376,-3.084966238921357,0.7504702103665593,3.62785423996893,-0.3410041279405169,2.284989204513621,-0.7702701152037041,2.481636533674951,-3.5677257671427207,-1.790226067639766
49.0,76.0,1006.7976684570312,-2.751348281234,-3.084966238921357,0.7504702103665593,3.627878828141309,-0.3409990759799523,2.284989204513621,-0.7702742528584702,2.4816365336875204,-3.5677259942390283,-1.790226067639766
49.0,76.0,1006.7976684570312,-2.751349495851233,-3.084966238921357,0.7504702103665593,3.627878828141309,-0.3410039393207875,2.284989204513621,-0.7702742528584702,2.4816365336875204,-3.5677259942390283,-1.790226067639766
49.0,76.0,1006.7976684570312,-2.751349297420975,-3.084966238921357,0.7504702103665593,3.627878383487563,-0.3409990759799523,2.284989204513621,-0.7702696779758752,2.4816365327007106,-3.5677259942390283,-1.790226067639766
49.0,76.0,1006.7976684570312,-2.751349495851233,-3.084966238921357,0.7504702103665593,3.627878828141309,-0.3410039393207875,2.284989204513621,-0.7702742528584702,2.4816365336875204,-3.5677259942390283,-1.790226067639766
49.0,76.0,1006.7976684570312,-2.751349493976206,-3.084966238921357,0.7504702103665593,3.627878371752897,-0.3409990759799523,2.284989204513621,-0.7702747261595587,2.4816365336917583,-3.5677259942390283,-1.790226067639766
49.0,76.0,1006.7976684570312,-2.7513492375478,-3.084966238921357,0.7504702103665593,3.627878395223297,-0.3409990759799523,2.284989204513621,-0.7702675280279287,2.4816365326867094,-3.567725971384026,-1.790226067639766
49.0,76.0,1006.7976684570312,-2.751350326282984,-3.084966238921357,0.7504702103665593,3.62787925780582,-0.3410039393207875,2.284989204513621,-0.7702742175129955,2.481636533755476,-3.567725751213069,-1.790226067639766
49.0,76.0,1006.7976684570312,-2.75134827244423,-3.084966238921357,0.7504702103665593,3.627878839875976,-0.3410039393207875,2.284989204513621,-0.7703662789903213,2.481636533687253,-3.5677259942390283,-1.790226067639766
49.0,76.0,1006.7977294921876,-2.751326717639277,-3.084966238921357,0.7504702103665593,3.627853833362089,-0.3409992380970581,2.284989204513621,-0.770256696140327,2.481636533755423,-3.567725766768196,-1.790226067639766
49.0,76.0,1006.7977294921876,-2.7513482705692027,-3.084966238921357,0.7504702103665593,3.627878383487563,-0.3409990759799523,2.284989204513621,-0.7703667522914097,2.481636533691492,-3.5677259942390283,-1.790226067639766
49.0,76.0,1006.7977294921876,-2.751326717639277,-3.084966238921357,0.7504702103665593,3.627853833362089,-0.3409990426849584,2.284989204513621,-0.7703261850081627,2.4816365337540467,-3.567725847746665,-1.790226067639766
49.0,77.0,1006.7940673828124,-2.7513271489269937,-3.084966238921357,0.7504702103665593,3.627878383487563,-0.3409990759799523,2.2837493153457933,-0.7689593421661453,2.481636533691492,-3.5677259942390283,-1.790226067639766
49.0,77.0,1006.794189453125,-2.751328910373298,-3.084966238921357,0.7504702103665593,3.627828624976396,-0.3409990759799523,2.2837493153457933,-0.7689593421661453,2.481636533691492,-3.5677259942390283,-1.790226067639766
49.0,77.0,1006.7971801757812,-2.7513782534347486,-3.084966238921357,0.7504702103665593,3.62774281442856,-0.341003987896907,2.284989204513621,-0.7702564843543294,2.481636533755423,-3.567725766768196,-1.790226067639766
49.0,77.0,1006.7971801757812,-2.7513782534347486,-3.084966238921357,0.7504702103665593,3.62774281442856,-0.3410039864771821,2.284989204513621,-0.7702564843543294,2.481636533755423,-3.567725766768196,-1.790226067639766
49.0,77.0,1006.7971801757812,-2.7513779308222603,-3.084966238921357,0.7504702103665593,3.62774281442856,-0.341004117089657,2.284989204513621,-0.7702564843543294,2.481636533755423,-3.56772576677381,-1.790226067639766
49.0,77.0,1006.79736328125,-2.7513826654449933,-3.084966238921357,0.7504702103665593,3.6278301678863314,-0.341004193123411,2.284989204513621,-0.770358963913294,2.4816365326568497,-3.567725766512215,-1.790226067639766
49.0,77.0,1006.79736328125,-2.751382574319159,-3.084966238921357,0.7504702103665593,3.627830178282487,-0.3410041990022048,2.284989204513621,-0.7702702751589964,2.481636532605427,-3.5677257665129063,-1.790226067639766
49.0,77.0,1006.79736328125,-2.7513823231037726,-3.084966238921357,0.7504702103665593,3.6278288663249993,-0.3410040280062246,2.284989204513621,-0.7702702751589964,2.481636533755423,-3.567725766799686,-1.790226067639766
49.0,77.0,1006.79736328125,-2.7513830433721624,-3.084966238921357,0.7504702103665593,3.6278301678863314,-0.3410041739997087,2.284989204513621,-0.770358963913294,2.481636533786743,-3.56772576676878,-1.790226067639766
49.0,77.0,1006.79736328125,-2.7513826654449933,-3.084966238921357,0.7504702103665593,3.627831478675962,-0.341004193123411,2.284989204513621,-0.7703577525837619,2.4816365326919674,-3.567725766512215,-1.790226067639766
49.0,77.0,1006.79736328125,-2.751382574319159,-3.084966238921357,0.7504702103665593,3.627830085538987,-0.3410039954107474,2.284989204513621,-0.7702702751589964,2.481636532569116,-3.5677257665129063,-1.790226067639766
49.0,77.0,1006.7974243164062,-2.7513825978771167,-3.084966238921357,0.7504702103665593,3.627853833362089,-0.3410040273015438,2.284989204513621,-0.7702702780646833,2.481636533755423,-3.567725766512215,-1.790226067639766
49.0,77.0,1006.7974243164062,-2.751380307827512,-3.084966238921357,0.7504702103665593,3.627853833362089,-0.3410040273015438,2.284989204513621,-0.770276046075043,2.481636533755423,-3.567725753918089,-1.790226067639766
49.0,77.0,1006.7974243164062,-2.751383066925565,-3.084966238921357,0.7504702103665593,3.627853833362089,-0.3410039864477325,2.284989204513621,-0.7702706177527215,2.481636533755423,-3.567725766768196,-1.790226067639766
49.0,77.0,1006.7974243164062,-2.7513828238685383,-3.084966238921357,0.7504702103665593,3.627853833362089,-0.3410041942191222,2.284989204513621,-0.7703261850081627,2.481636533754002,-3.5677257748023394,-1.790226067639766
49.0,77.0,1006.7974243164062,-2.751382574319159,-3.084966238921357,0.7504702103665593,3.627853833362089,-0.3410040280062246,2.284989204513621,-0.7702702751589964,2.481636533755423,-3.5677257665129227,-1.790226067639766
49.0,77.0,1006.7974243164062,-2.751380307827512,-3.084966238921357,0.7504702103665593,3.627853833362089,-0.3410040273015438,2.284989204513621,-0.770276046075043,2.481636533755423,-3.567725753918089,-1.790226067639766
49.0,77.0,1006.7974243164062,-2.7513841422750387,-3.084966238921357,0.7504702103665593,3.62785381461527,-0.3410040273015438,2.284989204513621,-0.7703624253436667,2.481636532767182,-3.5677259703027544,-1.790226067639766
49.0,77.0,1006.7974243164062,-2.751380307827512,-3.084966238921357,0.7504702103665593,3.627853833362089,-0.3410040260613609,2.284989204513621,-0.7702777991694091,2.481636533755423,-3.567725753918089,-1.790226067639766
49.0,77.0,1006.7974243164062,-2.751383066925565,-3.084966238921357,0.7504702103665593,3.6278533944694127,-0.3410038619190086,2.284989204513621,-0.7702706177527215,2.4816365337571584,-3.567725766768196,-1.790226067639766
49.0,77.0,1006.7974243164062,-2.7513804331202385,-3.084966238921357,0.7504702103665593,3.627853833362089,-0.3410040298357796,2.284989204513621,-0.7702768839463149,2.481636533754002,-3.567725754620831,-1.790226067639766
49.0,77.0,1006.7974243164062,-2.7513826654449933,-3.084966238921357,0.7504702103665593,3.6278538229659336,-0.3410040221274308,2.284989204513621,-0.770358963913294,2.4816365338068453,-3.567725766512232,-1.790226067639766
49.0,77.0,1006.7974243164062,-2.7513796745880943,-3.084966238921357,0.7504702103665593,3.6278320807888425,-0.3410041566034692,2.284989204513621,-0.7703632486156018,2.4816365326867094,-3.5677259709332607,-1.790226067639766
49.0,77.0,1006.7974243164062,-2.751380307827512,-3.084966238921357,0.7504702103665593,3.627853833362089,-0.3410040273015438,2.284989204513621,-0.770276046075043,2.481636533755423,-3.567725753918089,-1.790226067639766
49.0,77.0,1006.7974243164062,-2.7513828238685383,-3.084966238921357,0.7504702103665593,3.627853833362089,-0.3410041942191222,2.284989204513621,-0.7703261850081627,2.481636533753921,-3.5677257748023394,-1.790226067639766
49.0,77.0,1006.7974243164062,-2.751380307827512,-3.084966238921357,0.7504702103665593,3.6278325623705374,-0.3410040273015438,2.284989204513621,-0.7702698371554035,2.481636533755423,-3.567725753918089,-1.790226067639766
49.0,77.0,1006.7974243164062,-2.75138413841846,-3.084966238921357,0.7504702103665593,3.62785381461527,-0.3410041965701128,2.284989204513621,-0.7703624253436667,2.481636532767182,-3.5677259680317768,-1.790226067639766
49.0,77.0,1006.7974243164062,-2.7513826654449933,-3.084966238921357,0.7504702103665593,3.6278538229659336,-0.3410040221274308,2.284989204513621,-0.770358963913294,2.4816365338068453,-3.567725766512232,-1.790226067639766
49.0,77.0,1006.7974243164062,-2.751383066925565,-3.084966238921357,0.7504702103665593,3.627853833362089,-0.3410039864477325,2.284989204513621,-0.7702706177527215,2.481636533755504,-3.567725766768196,-1.790226067639766
49.0,77.0,1006.7974243164062,-2.751378206053632,-3.084966238921357,0.7504702103665593,3.627853833362089,-0.3410039864477325,2.284989204513621,-0.7702747883671376,2.481636533755423,-3.567725964872266,-1.790226067639766
49.0,77.0,1006.7974853515624,-2.7513782534347486,-3.084966238921357,0.7504702103665593,3.627853833362089,-0.3410039864477325,2.284989204513621,-0.7702564843543294,2.481636533755423,-3.567725766768196,-1.790226067639766
49.0,77.0,1006.7974853515624,-2.7513782534347486,-3.084966238921357,0.7504702103665593,3.627853833362089,-0.3410039864477325,2.284989204513621,-0.7703616151549436,2.481636533755423,-3.567725964872266,-1.790226067639766
49.0,77.0,1006.7974853515624,-2.7513782534347486,-3.084966238921357,0.7504702103665593,3.627855296607096,-0.3410038329309809,2.284989204513621,-0.7702564843543294,2.481636533755423,-3.567725766768196,-1.790226067639766
49.0,77.0,1006.7974853515624,-2.751382574319159,-3.084966238921357,0.7504702103665593,3.62788170903922,-0.3410040280062246,2.284989204513621,-0.7702702751589964,2.481636533751341,-3.567725762829031,-1.790226067639766
49.0,77.0,1006.7974853515624,-2.7513782534347486,-3.084966238921357,0.7504702103665593,3.627853833362089,-0.3410040274764688,2.284989204513621,-0.7703616151549436,2.481636533755423,-3.567725964872266,-1.790226067639766
49.0,77.0,1006.7974853515624,-2.7513782534347486,-3.084966238921357,0.7504702103665593,3.6278539261055887,-0.3410041900391899,2.284989204513621,-0.7702564843543294,2.4816365337917343,-3.567725766768196,-1.790226067639766
49.0,77.0,1006.7975463867188,-2.751349248853657,-3.084966238921357,0.7504702103665593,3.627832397561023,-0.3409990759799523,2.284989204513621,-0.7702697630497483,2.481636532682738,-3.5677259709332607,-1.790226067639766
49.0,77.0,1006.7975463867188,-2.751349248853657,-3.084966238921357,0.7504702103665593,3.627832397561023,-0.3409990759799523,2.284989204513621,-0.7702697630497483,2.481636532682738,-3.5677259709332607,-1.790226067639766
49.0,77.0,1006.7975463867188,-2.75134923818886,-3.084966238921357,0.7504702103665593,3.627831952907278,-0.3409990759799523,2.284989204513621,-0.7703622624826877,2.4816365326867094,-3.5677259709332607,-1.790226067639766
49.0,77.0,1006.7975463867188,-2.75134923818886,-3.084966238921357,0.7504702103665593,3.627831952907278,-0.3409990759799523,2.284989204513621,-0.7703622624826877,2.4816365326867094,-3.5677259709332607,-1.790226067639766
49.0,77.0,1006.7975463867188,-2.751349248853657,-3.084966238921357,0.7504702103665593,3.627832397561023,-0.3409990759799523,2.284989204513621,-0.7702697630497483,2.481636532682738,-3.5677259709332607,-1.790226067639766
49.0,77.0,1006.7975463867188,-2.751349248853657,-3.084966238921357,0.7504702103665593,3.627832397561023,-0.3409990759799523,2.284989204513621,-0.7702697630497483,2.481636532682738,-3.5677259709332607,-1.790226067639766
49.0,77.0,1006.7975463867188,-2.751349248853657,-3.084966238921357,0.7504702103665593,3.627832397561023,-0.3409990759799523,2.284989204513621,-0.7702697630497483,2.481636532682738,-3.5677259709332607,-1.790226067639766
49.0,77.0,1006.7975463867188,-2.7513478392814865,-3.084966238921357,0.7504702103665593,3.627829935764789,-0.3410039864477325,2.284989204513621,-0.7703585860706627,2.481636533755573,-3.567725766768196,-1.790226067639766
49.0,77.0,1006.7975463867188,-2.7513502374025625,-3.084966238921357,0.7504702103665593,3.6278314664686953,-0.3409990714062893,2.284989204513621,-0.7702710203406987,2.481636532696072,-3.5677259709332607,-1.790226067639766
49.0,77.0,1006.7975463867188,-2.75134923818886,-3.084966238921357,0.7504702103665593,3.627831952907278,-0.3409990759799523,2.284989204513621,-0.7703533692339082,2.481636532629128,-3.5677259709332607,-1.790226067639766
49.0,77.0,1006.7975463867188,-2.75134923818886,-3.084966238921357,0.7504702103665593,3.627831952907278,-0.3409990759799523,2.284989204513621,-0.7703622624826877,2.4816365326867094,-3.5677259709332607,-1.790226067639766
49.0,77.0,1006.7975463867188,-2.7513826379073016,-3.084966238921357,0.7504702103665593,3.627878814001997,-0.3410039393207875,2.284989204513621,-0.7703714087874649,2.481636533687253,-3.56772600274672,-1.790226067639766
49.0,77.0,1006.7975463867188,-2.75134923818886,-3.084966238921357,0.7504702103665593,3.62783239543923,-0.3409990746906746,2.284989204513621,-0.7702820646758703,2.481636532629128,-3.5677259709332607,-1.790226067639766
49.0,77.0,1006.797607421875,-2.7513478392814865,-3.084966238921357,0.7504702103665593,3.627853833362089,-0.3410039864477325,2.284989204513621,-0.7703510469772518,2.481636533755423,-3.567725766768196,-1.790226067639766
49.0,78.0,1006.7872314453124,-2.7513800661658423,-3.084966238921357,0.7504702103665593,3.627853833362089,-0.3410038004815616,2.2837469199449068,-0.770276046075043,2.481636533755423,-3.567725753918089,-1.790226067639766
49.0,78.0,1006.7874755859376,-2.7513832459194183,-3.084966238921357,0.7504702103665593,3.62785509751098,-0.3410040221274308,2.2837944688406315,-0.7703671000095152,2.481636533689348,-3.5677259934771297,-1.790226067639766
49.0,78.0,1006.7940673828124,-2.7513271489269937,-3.084966238921357,0.7504702103665593,3.627878383487563,-0.3409990759799523,2.2837493153457933,-0.7689593421661453,2.481636533691492,-3.5677259942390283,-1.790226067639766
49.0,78.0,1006.794189453125,-2.751328910373298,-3.084966238921357,0.7504702103665593,3.627828624976396,-0.3409990759799523,2.2837493153457933,-0.7689593421661453,2.481636533691492,-3.5677259942390283,-1.790226067639766
49.0,78.0,1006.7942504882812,-2.7513266880411185,-3.084966238921357,0.7504702103665593,3.627877166183503,-0.3409990759799523,2.283778749897364,-0.7689593421661453,2.481636533787829,-3.5677259955257017,-1.790226067639766
49.0,78.0,1006.7971801757812,-2.7513782534347486,-3.084966238921357,0.7504702103665593,3.62774281442856,-0.341003987896907,2.284989204513621,-0.7702564843543294,2.481636533755423,-3.567725766768196,-1.790226067639766
49.0,78.0,1006.7971801757812,-2.7513782534347486,-3.084966238921357,0.7504702103665593,3.62774281442856,-0.3410039864771821,2.284989204513621,-0.7702564843543294,2.481636533755423,-3.567725766768196,-1.790226067639766
49.0,78.0,1006.7971801757812,-2.7513779308222603,-3.084966238921357,0.7504702103665593,3.62774281442856,-0.341004117089657,2.284989204513621,-0.7702564843543294,2.481636533755423,-3.56772576677381,-1.790226067639766
49.0,78.0,1006.7971801757812,-2.7513782534347486,-3.084966238921357,0.7504702103665593,3.62774281442856,-0.341003987896907,2.284989204513621,-0.7702564843543294,2.4816365326071663,-3.567725766768196,-1.790226067639766
49.0,78.0,1006.7971801757812,-2.751378242971854,-3.084966238921357,0.7504702103665593,3.62774281442856,-0.3410039865541245,2.284989204513621,-0.770257421926014,2.481636533755423,-3.567725754050074,-1.790226067639766
49.0,78.0,1006.7971801757812,-2.7513779308222603,-3.084966238921357,0.7504702103665593,3.62774281442856,-0.341004117089657,2.284989204513621,-0.7702765904688356,2.481636533755423,-3.567725767167792,-1.790226067639766
49.0,78.0,1006.79736328125,-2.7513826654449933,-3.084966238921357,0.7504702103665593,3.6278301678863314,-0.341004193123411,2.284989204513621,-0.770358963913294,2.4816365326568497,-3.567725766512215,-1.790226067639766
49.0,78.0,1006.79736328125,-2.751382574319159,-3.084966238921357,0.7504702103665593,3.627830178282487,-0.3410041990022048,2.284989204513621,-0.7702702751589964,2.481636532605427,-3.5677257665129063,-1.790226067639766
49.0,78.0,1006.79736328125,-2.7513823231037726,-3.084966238921357,0.7504702103665593,3.6278288663249993,-0.3410040280062246,2.284989204513621,-0.7702702751589964,2.481636533755423,-3.567725766799686,-1.790226067639766
49.0,78.0,1006.79736328125,-2.7513830433721624,-3.084966238921357,0.7504702103665593,3.6278301678863314,-0.3410041739997087,2.284989204513621,-0.770358963913294,2.481636533786743,-3.56772576676878,-1.790226067639766
49.0,78.0,1006.79736328125,-2.7513826654449933,-3.084966238921357,0.7504702103665593,3.627831478675962,-0.341004193123411,2.284989204513621,-0.7703577525837619,2.4816365326919674,-3.567725766512215,-1.790226067639766
49.0,78.0,1006.79736328125,-2.751382574319159,-3.084966238921357,0.7504702103665593,3.627830085538987,-0.3410039954107474,2.284989204513621,-0.7702702751589964,2.481636532569116,-3.5677257665129063,-1.790226067639766
49.0,78.0,1006.79736328125,-2.7513841325403137,-3.084966238921357,0.7504702103665593,3.627830185160985,-0.3410041987429544,2.284989204513621,-0.770359538334017,2.4816365325987704,-3.5677259680317768,-1.790226067639766
49.0,78.0,1006.79736328125,-2.751381480364886,-3.084966238921357,0.7504702103665593,3.627829940276886,-0.3410041768569731,2.284989204513621,-0.7703589616572648,2.481636533786169,-3.5677257667687354,-1.790226067639766
49.0,78.0,1006.7974243164062,-2.7513825978771167,-3.084966238921357,0.7504702103665593,3.627853833362089,-0.3410040273015438,2.284989204513621,-0.7702702780646833,2.481636533755423,-3.567725766512215,-1.790226067639766
49.0,78.0,1006.7974243164062,-2.751380307827512,-3.084966238921357,0.7504702103665593,3.627853833362089,-0.3410040273015438,2.284989204513621,-0.770276046075043,2.481636533755423,-3.567725753918089,-1.790226067639766
49.0,78.0,1006.7974243164062,-2.751383066925565,-3.084966238921357,0.7504702103665593,3.627853833362089,-0.3410039864477325,2.284989204513621,-0.7702706177527215,2.481636533755423,-3.567725766768196,-1.790226067639766
49.0,78.0,1006.7974243164062,-2.7513828238685383,-3.084966238921357,0.7504702103665593,3.627853833362089,-0.3410041942191222,2.284989204513621,-0.7703261850081627,2.481636533754002,-3.5677257748023394,-1.790226067639766
49.0,78.0,1006.7974243164062,-2.751382574319159,-3.084966238921357,0.7504702103665593,3.627853833362089,-0.3410040280062246,2.284989204513621,-0.7702702751589964,2.481636533755423,-3.5677257665129227,-1.790226067639766
49.0,78.0,1006.7974243164062,-2.751380307827512,-3.084966238921357,0.7504702103665593,3.627853833362089,-0.3410040273015438,2.284989204513621,-0.770276046075043,2.481636533755423,-3.567725753918089,-1.790226067639766
49.0,78.0,1006.7974243164062,-2.7513841422750387,-3.084966238921357,0.7504702103665593,3.62785381461527,-0.3410040273015438,2.284989204513621,-0.7703624253436667,2.481636532767182,-3.5677259703027544,-1.790226067639766
49.0,78.0,1006.7974243164062,-2.751380307827512,-3.084966238921357,0.7504702103665593,3.627853833362089,-0.3410040260613609,2.284989204513621,-0.7702777991694091,2.481636533755423,-3.567725753918089,-1.790226067639766
49.0,78.0,1006.7974243164062,-2.751383066925565,-3.084966238921357,0.7504702103665593,3.6278533944694127,-0.3410038619190086,2.284989204513621,-0.7702706177527215,2.4816365337571584,-3.567725766768196,-1.790226067639766
49.0,78.0,1006.7974243164062,-2.7513804331202385,-3.084966238921357,0.7504702103665593,3.627853833362089,-0.3410040298357796,2.284989204513621,-0.7702768839463149,2.481636533754002,-3.567725754620831,-1.790226067639766
49.0,78.0,1006.7974243164062,-2.7513826654449933,-3.084966238921357,0.7504702103665593,3.6278538229659336,-0.3410040221274308,2.284989204513621,-0.770358963913294,2.4816365338068453,-3.567725766512232,-1.790226067639766
49.0,78.0,1006.7974243164062,-2.7513796745880943,-3.084966238921357,0.7504702103665593,3.6278320807888425,-0.3410041566034692,2.284989204513621,-0.7703632486156018,2.4816365326867094,-3.5677259709332607,-1.790226067639766
49.0,78.0,1006.7974243164062,-2.751380307827512,-3.084966238921357,0.7504702103665593,3.627853833362089,-0.3410040273015438,2.284989204513621,-0.770276046075043,2.481636533755423,-3.567725753918089,-1.790226067639766
49.0,78.0,1006.7974243164062,-2.7513828238685383,-3.084966238921357,0.7504702103665593,3.627853833362089,-0.3410041942191222,2.284989204513621,-0.7703261850081627,2.481636533753921,-3.5677257748023394,-1.790226067639766
49.0,78.0,1006.7974243164062,-2.751380307827512,-3.084966238921357,0.7504702103665593,3.6278325623705374,-0.3410040273015438,2.284989204513621,-0.7702698371554035,2.481636533755423,-3.567725753918089,-1.790226067639766
49.0,78.0,1006.7974243164062,-2.75138413841846,-3.084966238921357,0.7504702103665593,3.62785381461527,-0.3410041965701128,2.284989204513621,-0.7703624253436667,2.481636532767182,-3.5677259680317768,-1.790226067639766
49.0,78.0,1006.7974243164062,-2.7513826654449933,-3.084966238921357,0.7504702103665593,3.6278538229659336,-0.3410040221274308,2.284989204513621,-0.770358963913294,2.4816365338068453,-3.567725766512232,-1.790226067639766
49.0,78.0,1006.7974243164062,-2.751383066925565,-3.084966238921357,0.7504702103665593,3.627853833362089,-0.3410039864477325,2.284989204513621,-0.7702706177527215,2.481636533755504,-3.567725766768196,-1.790226067639766
49.0,78.0,1006.7974243164062,-2.751378206053632,-3.084966238921357,0.7504702103665593,3.627853833362089,-0.3410039864477325,2.284989204513621,-0.7702747883671376,2.481636533755423,-3.567725964872266,-1.790226067639766
49.0,78.0,1006.7974243164062,-2.7513828238685383,-3.084966238921357,0.7504702103665593,3.627853833362089,-0.3410039856927013,2.284989204513621,-0.7703259352774658,2.4816365337540423,-3.5677257797819744,-1.790226067639766
49.0,78.0,1006.7974243164062,-2.75138029765139,-3.084966238921357,0.7504702103665593,3.627832119478382,-0.3410039864477325,2.284989204513621,-0.7703659728762241,2.481636533755423,-3.567725964872266,-1.790226067639766
49.0,78.0,1006.7974243164062,-2.7513805001099314,-3.084966238921357,0.7504702103665593,3.6278319467739606,-0.3410040649688025,2.284989204513621,-0.7703632293293293,2.4816365326867094,-3.5677259709332607,-1.790226067639766
49.0,78.0,1006.7974243164062,-2.751378206053632,-3.084966238921357,0.7504702103665593,3.627853833362089,-0.3410041949741534,2.284989204513621,-0.7702750380978345,2.4816365337553825,-3.5677259598926314,-1.790226067639766
49.0,78.0,1006.7974243164062,-2.751380318290406,-3.084966238921357,0.7504702103665593,3.627853833362089,-0.3410040259844185,2.284989204513621,-0.7702768615977243,2.481636533755423,-3.5677257666362108,-1.790226067639766
49.0,78.0,1006.7974243164062,-2.7513804331202385,-3.084966238921357,0.7504702103665593,3.627853833362089,-0.3410040298357796,2.284989204513621,-0.7702768839463149,2.481636533754002,-3.567725754620831,-1.790226067639766
49.0,78.0,1006.7974243164062,-2.751380307827512,-3.084966238921357,0.7504702103665593,3.627853833362089,-0.3410040273015438,2.284989204513621,-0.7702559399605367,2.481636533755423,-3.567725753524108,-1.790226067639766
49.0,78.0,1006.7974853515624,-2.7513782534347486,-3.084966238921357,0.7504702103665593,3.627853833362089,-0.3410039864477325,2.284989204513621,-0.7702564843543294,2.481636533755423,-3.567725766768196,-1.790226067639766
49.0,78.0,1006.7974853515624,-2.7513782534347486,-3.084966238921357,0.7504702103665593,3.627853833362089,-0.3410039864477325,2.284989204513621,-0.7703616151549436,2.481636533755423,-3.567725964872266,-1.790226067639766
49.0,78.0,1006.7974853515624,-2.7513782534347486,-3.084966238921357,0.7504702103665593,3.627855296607096,-0.3410038329309809,2.284989204513621,-0.7702564843543294,2.481636533755423,-3.567725766768196,-1.790226067639766
49.0,78.0,1006.7974853515624,-2.751382574319159,-3.084966238921357,0.7504702103665593,3.62788170903922,-0.3410040280062246,2.284989204513621,-0.7702702751589964,2.481636533751341,-3.567725762829031,-1.790226067639766
49.0,78.0,1006.7974853515624,-2.7513782534347486,-3.084966238921357,0.7504702103665593,3.627853833362089,-0.3410040274764688,2.284989204513621,-0.7703616151549436,2.481636533755423,-3.567725964872266,-1.790226067639766
49.0,79.0,1006.7871704101562,-2.751388110120548,-3.084966238921357,0.7504702103665593,3.62774281442856,-0.3410040565778323,2.283717446111615,-0.7701374609272271,2.4816365326071663,-3.567725766768196,-1.790226067639766
49.0,79.0,1006.7872314453124,-2.7513800661658423,-3.084966238921357,0.7504702103665593,3.627853833362089,-0.3410038004815616,2.2837469199449068,-0.770276046075043,2.481636533755423,-3.567725753918089,-1.790226067639766
49.0,79.0,1006.7874755859376,-2.7513832459194183,-3.084966238921357,0.7504702103665593,3.62785509751098,-0.3410040221274308,2.2837944688406315,-0.7703671000095152,2.481636533689348,-3.5677259934771297,-1.790226067639766
49.0,79.0,1006.7940673828124,-2.7513271489269937,-3.084966238921357,0.7504702103665593,3.627878383487563,-0.3409990759799523,2.2837493153457933,-0.7689593421661453,2.481636533691492,-3.5677259942390283,-1.790226067639766
49.0,79.0,1006.7940673828124,-2.751383616657383,-3.084966238921357,0.7504702103665593,3.627828624976396,-0.3410042360998024,2.2837627879131537,-0.7689593421661453,2.481636532661692,-3.5677259942390283,-1.790226067639766
49.0,79.0,1006.794189453125,-2.751328910373298,-3.084966238921357,0.7504702103665593,3.627828624976396,-0.3409990759799523,2.2837493153457933,-0.7689593421661453,2.481636533691492,-3.5677259942390283,-1.790226067639766
49.0,79.0,1006.7942504882812,-2.7513266880411185,-3.084966238921357,0.7504702103665593,3.627877166183503,-0.3409990759799523,2.283778749897364,-0.7689593421661453,2.481636533787829,-3.5677259955257017,-1.790226067639766
49.0,79.0,1006.7971801757812,-2.7513782534347486,-3.084966238921357,0.7504702103665593,3.62774281442856,-0.341003987896907,2.284989204513621,-0.7702564843543294,2.481636533755423,-3.567725766768196,-1.790226067639766
49.0,79.0,1006.7971801757812,-2.7513782534347486,-3.084966238921357,0.7504702103665593,3.62774281442856,-0.3410039864771821,2.284989204513621,-0.7702564843543294,2.481636533755423,-3.567725766768196,-1.790226067639766
49.0,79.0,1006.7971801757812,-2.7513779308222603,-3.084966238921357,0.7504702103665593,3.62774281442856,-0.341004117089657,2.284989204513621,-0.7702564843543294,2.481636533755423,-3.56772576677381,-1.790226067639766
49.0,79.0,1006.7971801757812,-2.7513782534347486,-3.084966238921357,0.7504702103665593,3.62774281442856,-0.341003987896907,2.284989204513621,-0.7702564843543294,2.4816365326071663,-3.567725766768196,-1.790226067639766
49.0,79.0,1006.7971801757812,-2.751378242971854,-3.084966238921357,0.7504702103665593,3.62774281442856,-0.3410039865541245,2.284989204513621,-0.770257421926014,2.481636533755423,-3.567725754050074,-1.790226067639766
49.0,79.0,1006.7971801757812,-2.7513779308222603,-3.084966238921357,0.7504702103665593,3.62774281442856,-0.341004117089657,2.284989204513621,-0.7702765904688356,2.481636533755423,-3.567725767167792,-1.790226067639766
49.0,79.0,1006.7971801757812,-2.7513782534347486,-3.084966238921357,0.7504702103665593,3.62774281442856,-0.3410039864771821,2.284989204513621,-0.7702564843543294,2.481636533755423,-3.567725766768196,-1.790226067639766
49.0,79.0,1006.7971801757812,-2.751378242971854,-3.084966238921357,0.7504702103665593,3.627743729014366,-0.3410039865541245,2.284989204513621,-0.7703657020952658,2.481636533689101,-3.567725754050074,-1.790226067639766
49.0,79.0,1006.7971801757812,-2.7513779308222603,-3.084966238921357,0.7504702103665593,3.62774281442856,-0.341004117089657,2.284989204513621,-0.7702564843543294,2.481636533755423,-3.567725753072547,-1.790226067639766
49.0,79.0,1006.79736328125,-2.7513826654449933,-3.084966238921357,0.7504702103665593,3.6278301678863314,-0.341004193123411,2.284989204513621,-0.770358963913294,2.4816365326568497,-3.567725766512215,-1.790226067639766
49.0,79.0,1006.79736328125,-2.751382574319159,-3.084966238921357,0.7504702103665593,3.627830178282487,-0.3410041990022048,2.284989204513621,-0.7702702751589964,2.481636532605427,-3.5677257665129063,-1.790226067639766
49.0,79.0,1006.79736328125,-2.7513823231037726,-3.084966238921357,0.7504702103665593,3.6278288663249993,-0.3410040280062246,2.284989204513621,-0.7702702751589964,2.481636533755423,-3.567725766799686,-1.790226067639766
49.0,79.0,1006.79736328125,-2.7513830433721624,-3.084966238921357,0.7504702103665593,3.6278301678863314,-0.3410041739997087,2.284989204513621,-0.770358963913294,2.481636533786743,-3.56772576676878,-1.790226067639766
49.0,79.0,1006.79736328125,-2.7513826654449933,-3.084966238921357,0.7504702103665593,3.627831478675962,-0.341004193123411,2.284989204513621,-0.7703577525837619,2.4816365326919674,-3.567725766512215,-1.790226067639766
49.0,79.0,1006.79736328125,-2.751382574319159,-3.084966238921357,0.7504702103665593,3.627830085538987,-0.3410039954107474,2.284989204513621,-0.7702702751589964,2.481636532569116,-3.5677257665129063,-1.790226067639766
49.0,79.0,1006.79736328125,-2.7513841325403137,-3.084966238921357,0.7504702103665593,3.627830185160985,-0.3410041987429544,2.284989204513621,-0.770359538334017,2.4816365325987704,-3.5677259680317768,-1.790226067639766
49.0,79.0,1006.79736328125,-2.751381480364886,-3.084966238921357,0.7504702103665593,3.627829940276886,-0.3410041768569731,2.284989204513621,-0.7703589616572648,2.481636533786169,-3.5677257667687354,-1.790226067639766
49.0,79.0,1006.79736328125,-2.7513826654449933,-3.084966238921357,0.7504702103665593,3.627831478675962,-0.341004193123411,2.284989204513621,-0.7703577525837619,2.4816365326919674,-3.567725766512215,-1.790226067639766
49.0,79.0,1006.79736328125,-2.7513824063751806,-3.084966238921357,0.7504702103665593,3.6278288663249993,-0.3410040280062246,2.284989204513621,-0.770270156354547,2.481636533755423,-3.5677257667998186,-1.790226067639766
49.0,79.0,1006.79736328125,-2.751382574319159,-3.084966238921357,0.7504702103665593,3.627830085538987,-0.3410039954107474,2.284989204513621,-0.7702702751589964,2.481636532569116,-3.5677257665129063,-1.790226067639766
49.0,79.0,1006.79736328125,-2.751382555068816,-3.084966238921357,0.7504702103665593,3.6278299470396,-0.3410041990022048,2.284989204513621,-0.770270164331567,2.481636532610824,-3.5677257665129063,-1.790226067639766
49.0,79.0,1006.7974243164062,-2.7513825978771167,-3.084966238921357,0.7504702103665593,3.627853833362089,-0.3410040273015438,2.284989204513621,-0.7702702780646833,2.481636533755423,-3.567725766512215,-1.790226067639766
49.0,79.0,1006.7974243164062,-2.751380307827512,-3.084966238921357,0.7504702103665593,3.627853833362089,-0.3410040273015438,2.284989204513621,-0.770276046075043,2.481636533755423,-3.567725753918089,-1.790226067639766
49.0,79.0,1006.7974243164062,-2.751383066925565,-3.084966238921357,0.7504702103665593,3.627853833362089,-0.3410039864477325,2.284989204513621,-0.7702706177527215,2.481636533755423,-3.567725766768196,-1.790226067639766
49.0,79.0,1006.7974243164062,-2.7513828238685383,-3.084966238921357,0.7504702103665593,3.627853833362089,-0.3410041942191222,2.284989204513621,-0.7703261850081627,2.481636533754002,-3.5677257748023394,-1.790226067639766
49.0,79.0,1006.7974243164062,-2.751382574319159,-3.084966238921357,0.7504702103665593,3.627853833362089,-0.3410040280062246,2.284989204513621,-0.7702702751589964,2.481636533755423,-3.5677257665129227,-1.790226067639766
49.0,79.0,1006.7974243164062,-2.751380307827512,-3.084966238921357,0.7504702103665593,3.627853833362089,-0.3410040273015438,2.284989204513621,-0.770276046075043,2.481636533755423,-3.567725753918089,-1.790226067639766
49.0,79.0,1006.7974243164062,-2.7513841422750387,-3.084966238921357,0.7504702103665593,3.62785381461527,-0.3410040273015438,2.284989204513621,-0.7703624253436667,2.481636532767182,-3.5677259703027544,-1.790226067639766
49.0,79.0,1006.7974243164062,-2.751380307827512,-3.084966238921357,0.7504702103665593,3.627853833362089,-0.3410040260613609,2.284989204513621,-0.7702777991694091,2.481636533755423,-3.567725753918089,-1.790226067639766
49.0,79.0,1006.7974243164062,-2.751383066925565,-3.084966238921357,0.7504702103665593,3.6278533944694127,-0.3410038619190086,2.284989204513621,-0.7702706177527215,2.4816365337571584,-3.567725766768196,-1.790226067639766
49.0,79.0,1006.7974243164062,-2.7513804331202385,-3.084966238921357,0.7504702103665593,3.627853833362089,-0.3410040298357796,2.284989204513621,-0.7702768839463149,2.481636533754002,-3.567725754620831,-1.790226067639766
49.0,79.0,1006.7974243164062,-2.7513826654449933,-3.084966238921357,0.7504702103665593,3.6278538229659336,-0.3410040221274308,2.284989204513621,-0.770358963913294,2.4816365338068453,-3.567725766512232,-1.790226067639766
49.0,79.0,1006.7974243164062,-2.7513796745880943,-3.084966238921357,0.7504702103665593,3.6278320807888425,-0.3410041566034692,2.284989204513621,-0.7703632486156018,2.4816365326867094,-3.5677259709332607,-1.790226067639766
49.0,79.0,1006.7974243164062,-2.751380307827512,-3.084966238921357,0.7504702103665593,3.627853833362089,-0.3410040273015438,2.284989204513621,-0.770276046075043,2.481636533755423,-3.567725753918089,-1.790226067639766
49.0,79.0,1006.7974243164062,-2.7513828238685383,-3.084966238921357,0.7504702103665593,3.627853833362089,-0.3410041942191222,2.284989204513621,-0.7703261850081627,2.481636533753921,-3.5677257748023394,-1.790226067639766
49.0,79.0,1006.7974243164062,-2.751380307827512,-3.084966238921357,0.7504702103665593,3.6278325623705374,-0.3410040273015438,2.284989204513621,-0.7702698371554035,2.481636533755423,-3.567725753918089,-1.790226067639766
49.0,79.0,1006.7974243164062,-2.75138413841846,-3.084966238921357,0.7504702103665593,3.62785381461527,-0.3410041965701128,2.284989204513621,-0.7703624253436667,2.481636532767182,-3.5677259680317768,-1.790226067639766
49.0,79.0,1006.7974243164062,-2.7513826654449933,-3.084966238921357,0.7504702103665593,3.6278538229659336,-0.3410040221274308,2.284989204513621,-0.770358963913294,2.4816365338068453,-3.567725766512232,-1.790226067639766
49.0,79.0,1006.7974243164062,-2.751383066925565,-3.084966238921357,0.7504702103665593,3.627853833362089,-0.3410039864477325,2.284989204513621,-0.7702706177527215,2.481636533755504,-3.567725766768196,-1.790226067639766
49.0,79.0,1006.7974243164062,-2.751378206053632,-3.084966238921357,0.7504702103665593,3.627853833362089,-0.3410039864477325,2.284989204513621,-0.7702747883671376,2.481636533755423,-3.567725964872266,-1.790226067639766
49.0,79.0,1006.7974243164062,-2.7513828238685383,-3.084966238921357,0.7504702103665593,3.627853833362089,-0.3410039856927013,2.284989204513621,-0.7703259352774658,2.4816365337540423,-3.5677257797819744,-1.790226067639766
49.0,79.0,1006.7974243164062,-2.75138029765139,-3.084966238921357,0.7504702103665593,3.627832119478382,-0.3410039864477325,2.284989204513621,-0.7703659728762241,2.481636533755423,-3.567725964872266,-1.790226067639766
49.0,79.0,1006.7974243164062,-2.7513805001099314,-3.084966238921357,0.7504702103665593,3.6278319467739606,-0.3410040649688025,2.284989204513621,-0.7703632293293293,2.4816365326867094,-3.5677259709332607,-1.790226067639766
49.0,80.0,1006.7866821289062,-2.751380128856588,-3.084966238921357,0.7504702103665593,3.627830178282487,-0.3410038121067156,2.2836703276460018,-0.7702702751589964,2.481636533767312,-3.5677257665129063,-1.790226067639766
49.0,80.0,1006.7869262695312,-2.7513782534347486,-3.084966238921357,0.7504702103665593,3.62774281442856,-0.3410039864771821,2.2837166028279445,-0.7702563211289647,2.481636533755423,-3.567725766768196,-1.790226067639766
49.0,80.0,1006.7871704101562,-2.751388110120548,-3.084966238921357,0.7504702103665593,3.62774281442856,-0.3410040565778323,2.283717446111615,-0.7701374609272271,2.4816365326071663,-3.567725766768196,-1.790226067639766
49.0,80.0,1006.7871704101562,-2.7513779308222603,-3.084966238921357,0.7504702103665593,3.62774281442856,-0.341004117089657,2.2837564527336127,-0.7702765904688356,2.481636533755423,-3.567725767167792,-1.790226067639766
49.0,80.0,1006.7871704101562,-2.751383295555026,-3.084966238921357,0.7504702103665593,3.62774281442856,-0.3410040224346303,2.283717446111615,-0.7701480465412195,2.4816365336791044,-3.567725766768196,-1.790226067639766
49.0,80.0,1006.7872314453124,-2.7513800661658423,-3.084966238921357,0.7504702103665593,3.627853833362089,-0.3410038004815616,2.2837469199449068,-0.770276046075043,2.481636533755423,-3.567725753918089,-1.790226067639766
49.0,80.0,1006.7872924804688,-2.751380023570207,-3.084966238921357,0.7504702103665593,3.627853833362089,-0.3410038004815616,2.283750609920923,-0.770276046075043,2.481636533755423,-3.5677257667608178,-1.790226067639766
49.0,80.0,1006.7874145507812,-2.7513780837815767,-3.084966238921357,0.7504702103665593,3.627829367892277,-0.3410039864771821,2.283767510602522,-0.7702564843543294,2.48163653275714,-3.5677257615874653,-1.790226067639766
49.0,80.0,1006.7874755859376,-2.7513832459194183,-3.084966238921357,0.7504702103665593,3.62785509751098,-0.3410040221274308,2.2837944688406315,-0.7703671000095152,2.481636533689348,-3.5677259934771297,-1.790226067639766
49.0,80.0,1006.7874755859376,-2.75138806048494,-3.084966238921357,0.7504702103665593,3.62785509751098,-0.3410040562706328,2.2837944688406315,-0.7703565143955228,2.4816365326174097,-3.5677259934771297,-1.790226067639766
49.0,80.0,1006.78759765625,-2.7513789905091115,-3.084966238921357,0.7504702103665593,3.627877166183503,-0.3409990759799523,2.283778749897364,-0.7702365794843455,2.481636533787829,-3.5677259955257017,-1.790226067639766
49.0,80.0,1006.7940673828124,-2.7513271489269937,-3.084966238921357,0.7504702103665593,3.627878383487563,-0.3409990759799523,2.2837493153457933,-0.7689593421661453,2.481636533691492,-3.5677259942390283,-1.790226067639766
49.0,80.0,1006.7940673828124,-2.751383616657383,-3.084966238921357,0.7504702103665593,3.627828624976396,-0.3410042360998024,2.2837627879131537,-0.7689593421661453,2.481636532661692,-3.5677259942390283,-1.790226067639766
49.0,80.0,1006.7940673828124,-2.751328848147801,-3.084966238921357,0.7504702103665593,3.627878383487563,-0.3409990759799523,2.2837493153457933,-0.7689593421661453,2.481636533691492,-3.5677259942390283,-1.790226067639766
49.0,80.0,1006.794189453125,-2.751328910373298,-3.084966238921357,0.7504702103665593,3.627828624976396,-0.3409990759799523,2.2837493153457933,-0.7689593421661453,2.481636533691492,-3.5677259942390283,-1.790226067639766
49.0,80.0,1006.794189453125,-2.751327211152491,-3.084966238921357,0.7504702103665593,3.627828624976396,-0.3409990759799523,2.2837493153457933,-0.7689593421661453,2.481636533691492,-3.5677259942390283,-1.790226067639766
49.0,80.0,1006.7942504882812,-2.7513266880411185,-3.084966238921357,0.7504702103665593,3.627877166183503,-0.3409990759799523,2.283778749897364,-0.7689593421661453,2.481636533787829,-3.5677259955257017,-1.790226067639766
49.0,80.0,1006.7971801757812,-2.7513782534347486,-3.084966238921357,0.7504702103665593,3.62774281442856,-0.341003987896907,2.284989204513621,-0.7702564843543294,2.481636533755423,-3.567725766768196,-1.790226067639766
49.0,80.0,1006.7971801757812,-2.7513782534347486,-3.084966238921357,0.7504702103665593,3.62774281442856,-0.3410039864771821,2.284989204513621,-0.7702564843543294,2.481636533755423,-3.567725766768196,-1.790226067639766
49.0,80.0,1006.7971801757812,-2.7513779308222603,-3.084966238921357,0.7504702103665593,3.62774281442856,-0.341004117089657,2.284989204513621,-0.7702564843543294,2.481636533755423,-3.56772576677381,-1.790226067639766
49.0,80.0,1006.7971801757812,-2.7513782534347486,-3.084966238921357,0.7504702103665593,3.62774281442856,-0.341003987896907,2.284989204513621,-0.7702564843543294,2.4816365326071663,-3.567725766768196,-1.790226067639766
49.0,80.0,1006.7971801757812,-2.751378242971854,-3.084966238921357,0.7504702103665593,3.62774281442856,-0.3410039865541245,2.284989204513621,-0.770257421926014,2.481636533755423,-3.567725754050074,-1.790226067639766
49.0,80.0,1006.7971801757812,-2.7513779308222603,-3.084966238921357,0.7504702103665593,3.62774281442856,-0.341004117089657,2.284989204513621,-0.7702765904688356,2.481636533755423,-3.567725767167792,-1.790226067639766
49.0,80.0,1006.7971801757812,-2.7513782534347486,-3.084966238921357,0.7504702103665593,3.62774281442856,-0.3410039864771821,2.284989204513621,-0.7702564843543294,2.481636533755423,-3.567725766768196,-1.790226067639766
49.0,80.0,1006.7971801757812,-2.751378242971854,-3.084966238921357,0.7504702103665593,3.627743729014366,-0.3410039865541245,2.284989204513621,-0.7703657020952658,2.481636533689101,-3.567725754050074,-1.790226067639766
49.0,80.0,1006.7971801757812,-2.7513779308222603,-3.084966238921357,0.7504702103665593,3.62774281442856,-0.341004117089657,2.284989204513621,-0.7702564843543294,2.481636533755423,-3.567725753072547,-1.790226067639766
49.0,80.0,1006.7971801757812,-2.751384163537357,-3.084966238921357,0.7504702103665593,3.62774281442856,-0.341004117089657,2.284989204513621,-0.7702564843543294,2.481636532677125,-3.56772576677381,-1.790226067639766
49.0,80.0,1006.7971801757812,-2.7513779308222603,-3.084966238921357,0.7504702103665593,3.62774281442856,-0.3410041924541852,2.284989204513621,-0.7702564843543294,2.481636533755423,-3.567725753072547,-1.790226067639766
49.0,80.0,1006.7971801757812,-2.7513782530432,-3.084966238921357,0.7504702103665593,3.627743729014366,-0.3410041153626256,2.284989204513621,-0.7703749329495267,2.481636533689929,-3.567725768283892,-1.790226067639766
49.0,80.0,1006.7971801757812,-2.7513828746569784,-3.084966238921357,0.7504702103665593,3.62774281442856,-0.3410039864771821,2.284989204513621,-0.7702564843543294,2.4816365337540467,-3.567725779887672,-1.790226067639766
49.0,80.0,1006.7971801757812,-2.751377920750915,-3.084966238921357,0.7504702103665593,3.62774281442856,-0.3410039882811559,2.284989204513621,-0.7702472535000685,2.4816365337545943,-3.5677257525399924,-1.790226067639766
49.0,80.0,1006.79736328125,-2.7513826654449933,-3.084966238921357,0.7504702103665593,3.6278301678863314,-0.341004193123411,2.284989204513621,-0.770358963913294,2.4816365326568497,-3.567725766512215,-1.790226067639766
49.0,80.0,1006.79736328125,-2.751382574319159,-3.084966238921357,0.7504702103665593,3.627830178282487,-0.3410041990022048,2.284989204513621,-0.7702702751589964,2.481636532605427,-3.5677257665129063,-1.790226067639766
49.0,80.0,1006.79736328125,-2.7513823231037726,-3.084966238921357,0.7504702103665593,3.6278288663249993,-0.3410040280062246,2.284989204513621,-0.7702702751589964,2.481636533755423,-3.567725766799686,-1.790226067639766
49.0,80.0,1006.79736328125,-2.7513830433721624,-3.084966238921357,0.7504702103665593,3.6278301678863314,-0.3410041739997087,2.284989204513621,-0.770358963913294,2.481636533786743,-3.56772576676878,-1.790226067639766
49.0,80.0,1006.79736328125,-2.7513826654449933,-3.084966238921357,0.7504702103665593,3.627831478675962,-0.341004193123411,2.284989204513621,-0.7703577525837619,2.4816365326919674,-3.567725766512215,-1.790226067639766
49.0,80.0,1006.79736328125,-2.751382574319159,-3.084966238921357,0.7504702103665593,3.627830085538987,-0.3410039954107474,2.284989204513621,-0.7702702751589964,2.481636532569116,-3.5677257665129063,-1.790226067639766
49.0,80.0,1006.79736328125,-2.7513841325403137,-3.084966238921357,0.7504702103665593,3.627830185160985,-0.3410041987429544,2.284989204513621,-0.770359538334017,2.4816365325987704,-3.5677259680317768,-1.790226067639766
49.0,80.0,1006.79736328125,-2.751381480364886,-3.084966238921357,0.7504702103665593,3.627829940276886,-0.3410041768569731,2.284989204513621,-0.7703589616572648,2.481636533786169,-3.5677257667687354,-1.790226067639766
49.0,80.0,1006.79736328125,-2.7513826654449933,-3.084966238921357,0.7504702103665593,3.627831478675962,-0.341004193123411,2.284989204513621,-0.7703577525837619,2.4816365326919674,-3.567725766512215,-1.790226067639766
49.0,80.0,1006.79736328125,-2.7513824063751806,-3.084966238921357,0.7504702103665593,3.6278288663249993,-0.3410040280062246,2.284989204513621,-0.770270156354547,2.481636533755423,-3.5677257667998186,-1.790226067639766
49.0,80.0,1006.79736328125,-2.751382574319159,-3.084966238921357,0.7504702103665593,3.627830085538987,-0.3410039954107474,2.284989204513621,-0.7702702751589964,2.481636532569116,-3.5677257665129063,-1.790226067639766
49.0,80.0,1006.79736328125,-2.751382555068816,-3.084966238921357,0.7504702103665593,3.6278299470396,-0.3410041990022048,2.284989204513621,-0.770270164331567,2.481636532610824,-3.5677257665129063,-1.790226067639766
49.0,80.0,1006.79736328125,-2.7513826654449933,-3.084966238921357,0.7504702103665593,3.627831478675962,-0.3410041932096161,2.284989204513621,-0.7703577525837619,2.4816365326919674,-3.5677257664992714,-1.790226067639766
49.0,80.0,1006.79736328125,-2.751383066925565,-3.084966238921357,0.7504702103665593,3.627830576702494,-0.3410039864477325,2.284989204513621,-0.7703571688738379,2.481636533755504,-3.567725766768196,-1.790226067639766
49.0,80.0,1006.79736328125,-2.7513830433721624,-3.084966238921357,0.7504702103665593,3.6278301678863314,-0.3410041739997087,2.284989204513621,-0.770358963913294,2.481636533786743,-3.5677257667687927,-1.790226067639766
49.0,80.0,1006.79736328125,-2.7513824063751806,-3.084966238921357,0.7504702103665593,3.6278288663249993,-0.3410040407994896,2.284989204513621,-0.7702714600506674,2.481636533755423,-3.5677257667998186,-1.790226067639766
49.0,80.0,1006.7974243164062,-2.7513825978771167,-3.084966238921357,0.7504702103665593,3.627853833362089,-0.3410040273015438,2.284989204513621,-0.7702702780646833,2.481636533755423,-3.567725766512215,-1.790226067639766
49.0,80.0,1006.7974243164062,-2.751380307827512,-3.084966238921357,0.7504702103665593,3.627853833362089,-0.3410040273015438,2.284989204513621,-0.770276046075043,2.481636533755423,-3.567725753918089,-1.790226067639766
49.0,80.0,1006.7974243164062,-2.751383066925565,-3.084966238921357,0.7504702103665593,3.627853833362089,-0.3410039864477325,2.284989204513621,-0.7702706177527215,2.481636533755423,-3.567725766768196,-1.790226067639766
49.0,81.0,1006.7866821289062,-2.751380128856588,-3.084966238921357,0.7504702103665593,3.627830178282487,-0.3410038121067156,2.2836703276460018,-0.7702702751589964,2.481636533767312,-3.5677257665129063,-1.790226067639766
49.0,81.0,1006.7869262695312,-2.7513782534347486,-3.084966238921357,0.7504702103665593,3.62774281442856,-0.3410039864771821,2.2837166028279445,-0.7702563211289647,2.481636533755423,-3.567725766768196,-1.790226067639766
49.0,81.0,1006.7869262695312,-2.751378260519473,-3.084966238921357,0.7504702103665593,3.62774281442856,-0.3410041226433425,2.2837166028279445,-0.7702563211289647,2.481636533755423,-3.567725766768196,-1.790226067639766
49.0,81.0,1006.7871704101562,-2.751388110120548,-3.084966238921357,0.7504702103665593,3.62774281442856,-0.3410040565778323,2.283717446111615,-0.7701374609272271,2.4816365326071663,-3.567725766768196,-1.790226067639766
49.0,81.0,1006.7871704101562,-2.7513779308222603,-3.084966238921357,0.7504702103665593,3.62774281442856,-0.341004117089657,2.2837564527336127,-0.7702765904688356,2.481636533755423,-3.567725767167792,-1.790226067639766
49.0,81.0,1006.7871704101562,-2.751383295555026,-3.084966238921357,0.7504702103665593,3.62774281442856,-0.3410040224346303,2.283717446111615,-0.7701480465412195,2.4816365336791044,-3.567725766768196,-1.790226067639766
49.0,81.0,1006.7871704101562,-2.751383147905651,-3.084966238921357,0.7504702103665593,3.6278301678863314,-0.341004161713456,2.2837606047256123,-0.770358963913294,2.481636533786743,-3.567725998066213,-1.790226067639766
49.0,81.0,1006.7871704101562,-2.751383295555026,-3.084966238921357,0.7504702103665593,3.62774281442856,-0.3410040224346303,2.283717446111615,-0.7701476908696648,2.481636533787753,-3.567725766768175,-1.790226067639766
49.0,81.0,1006.7872314453124,-2.7513800661658423,-3.084966238921357,0.7504702103665593,3.627853833362089,-0.3410038004815616,2.2837469199449068,-0.770276046075043,2.481636533755423,-3.567725753918089,-1.790226067639766
49.0,81.0,1006.7872314453124,-2.751383827783679,-3.084966238921357,0.7504702103665593,3.627827412081569,-0.3410040565778323,2.283717446111615,-0.7701374609272271,2.481636532609524,-3.5677257486789884,-1.790226067639766
49.0,81.0,1006.7872924804688,-2.751380023570207,-3.084966238921357,0.7504702103665593,3.627853833362089,-0.3410038004815616,2.283750609920923,-0.770276046075043,2.481636533755423,-3.5677257667608178,-1.790226067639766
49.0,81.0,1006.7872924804688,-2.7513800513472257,-3.084966238921357,0.7504702103665593,3.627829367892277,-0.3410039864771821,2.283750633402969,-0.7702564843543294,2.48163653275714,-3.5677257615874653,-1.790226067639766
49.0,81.0,1006.7874145507812,-2.7513780837815767,-3.084966238921357,0.7504702103665593,3.627829367892277,-0.3410039864771821,2.283767510602522,-0.7702564843543294,2.48163653275714,-3.5677257615874653,-1.790226067639766
49.0,81.0,1006.7874145507812,-2.7513780560045578,-3.084966238921357,0.7504702103665593,3.627853833362089,-0.3410038004815616,2.283767487120476,-0.770276046075043,2.481636533755423,-3.5677257667608178,-1.790226067639766
49.0,81.0,1006.7874755859376,-2.7513832459194183,-3.084966238921357,0.7504702103665593,3.62785509751098,-0.3410040221274308,2.2837944688406315,-0.7703671000095152,2.481636533689348,-3.5677259934771297,-1.790226067639766
49.0,81.0,1006.7874755859376,-2.75138806048494,-3.084966238921357,0.7504702103665593,3.62785509751098,-0.3410040562706328,2.2837944688406315,-0.7703565143955228,2.4816365326174097,-3.5677259934771297,-1.790226067639766
49.0,81.0,1006.7874755859376,-2.7513832459194183,-3.084966238921357,0.7504702103665593,3.62785509751098,-0.3410040221274308,2.2837944688406315,-0.7703671000095152,2.481636533689348,-3.5677259934771297,-1.790226067639766
49.0,81.0,1006.7875366210938,-2.7513779308222603,-3.084966238921357,0.7504702103665593,3.62774281442856,-0.341004117089657,2.2838078345721704,-0.7702767303700837,2.481636533755423,-3.567725767108798,-1.790226067639766
49.0,81.0,1006.7875366210938,-2.7513789905091115,-3.084966238921357,0.7504702103665593,3.627877166183503,-0.3410041093859384,2.283778749897364,-0.7702365794843455,2.481636533787829,-3.5677260084125453,-1.790226067639766
49.0,81.0,1006.78759765625,-2.7513789905091115,-3.084966238921357,0.7504702103665593,3.627877166183503,-0.3409990759799523,2.283778749897364,-0.7702365794843455,2.481636533787829,-3.5677259955257017,-1.790226067639766
49.0,81.0,1006.7876586914062,-2.7513782534347486,-3.084966238921357,0.7504702103665593,3.627854090645753,-0.3410039901726776,2.2838000292828995,-0.7702563211289647,2.481636533829467,-3.5677257429449165,-1.790226067639766
49.0,81.0,1006.7877197265624,-2.7513823231037726,-3.084966238921357,0.7504702103665593,3.6278288663249993,-0.3410040903659428,2.283803595858764,-0.7701950935903445,2.481636533690791,-3.567725994152018,-1.790226067639766
49.0,81.0,1006.7940673828124,-2.7513271489269937,-3.084966238921357,0.7504702103665593,3.627878383487563,-0.3409990759799523,2.2837493153457933,-0.7689593421661453,2.481636533691492,-3.5677259942390283,-1.790226067639766
49.0,81.0,1006.7940673828124,-2.751383616657383,-3.084966238921357,0.7504702103665593,3.627828624976396,-0.3410042360998024,2.2837627879131537,-0.7689593421661453,2.481636532661692,-3.5677259942390283,-1.790226067639766
49.0,81.0,1006.7940673828124,-2.751328848147801,-3.084966238921357,0.7504702103665593,3.627878383487563,-0.3409990759799523,2.2837493153457933,-0.7689593421661453,2.481636533691492,-3.5677259942390283,-1.790226067639766
49.0,81.0,1006.794189453125,-2.751328910373298,-3.084966238921357,0.7504702103665593,3.627828624976396,-0.3409990759799523,2.2837493153457933,-0.7689593421661453,2.481636533691492,-3.5677259942390283,-1.790226067639766
49.0,81.0,1006.794189453125,-2.751327211152491,-3.084966238921357,0.7504702103665593,3.627828624976396,-0.3409990759799523,2.2837493153457933,-0.7689593421661453,2.481636533691492,-3.5677259942390283,-1.790226067639766
49.0,81.0,1006.7942504882812,-2.7513266880411185,-3.084966238921357,0.7504702103665593,3.627877166183503,-0.3409990759799523,2.283778749897364,-0.7689593421661453,2.481636533787829,-3.5677259955257017,-1.790226067639766
49.0,81.0,1006.7971801757812,-2.7513782534347486,-3.084966238921357,0.7504702103665593,3.62774281442856,-0.341003987896907,2.284989204513621,-0.7702564843543294,2.481636533755423,-3.567725766768196,-1.790226067639766
49.0,81.0,1006.7971801757812,-2.7513782534347486,-3.084966238921357,0.7504702103665593,3.62774281442856,-0.3410039864771821,2.284989204513621,-0.7702564843543294,2.481636533755423,-3.567725766768196,-1.790226067639766
49.0,81.0,1006.7971801757812,-2.7513779308222603,-3.084966238921357,0.7504702103665593,3.62774281442856,-0.341004117089657,2.284989204513621,-0.7702564843543294,2.481636533755423,-3.56772576677381,-1.790226067639766
49.0,81.0,1006.7971801757812,-2.7513782534347486,-3.084966238921357,0.7504702103665593,3.62774281442856,-0.341003987896907,2.284989204513621,-0.7702564843543294,2.4816365326071663,-3.567725766768196,-1.790226067639766
49.0,81.0,1006.7971801757812,-2.751378242971854,-3.084966238921357,0.7504702103665593,3.62774281442856,-0.3410039865541245,2.284989204513621,-0.770257421926014,2.481636533755423,-3.567725754050074,-1.790226067639766
49.0,81.0,1006.7971801757812,-2.7513779308222603,-3.084966238921357,0.7504702103665593,3.62774281442856,-0.341004117089657,2.284989204513621,-0.7702765904688356,2.481636533755423,-3.567725767167792,-1.790226067639766
49.0,81.0,1006.7971801757812,-2.7513782534347486,-3.084966238921357,0.7504702103665593,3.62774281442856,-0.3410039864771821,2.284989204513621,-0.7702564843543294,2.481636533755423,-3.567725766768196,-1.790226067639766
49.0,81.0,1006.7971801757812,-2.751378242971854,-3.084966238921357,0.7504702103665593,3.627743729014366,-0.3410039865541245,2.284989204513621,-0.7703657020952658,2.481636533689101,-3.567725754050074,-1.790226067639766
49.0,81.0,1006.7971801757812,-2.7513779308222603,-3.084966238921357,0.7504702103665593,3.62774281442856,-0.341004117089657,2.284989204513621,-0.7702564843543294,2.481636533755423,-3.567725753072547,-1.790226067639766
49.0,81.0,1006.7971801757812,-2.751384163537357,-3.084966238921357,0.7504702103665593,3.62774281442856,-0.341004117089657,2.284989204513621,-0.7702564843543294,2.481636532677125,-3.56772576677381,-1.790226067639766
49.0,81.0,1006.7971801757812,-2.7513779308222603,-3.084966238921357,0.7504702103665593,3.62774281442856,-0.3410041924541852,2.284989204513621,-0.7702564843543294,2.481636533755423,-3.567725753072547,-1.790226067639766
49.0,81.0,1006.7971801757812,-2.7513782530432,-3.084966238921357,0.7504702103665593,3.627743729014366,-0.3410041153626256,2.284989204513621,-0.7703749329495267,2.481636533689929,-3.567725768283892,-1.790226067639766
49.0,81.0,1006.7971801757812,-2.7513828746569784,-3.084966238921357,0.7504702103665593,3.62774281442856,-0.3410039864771821,2.284989204513621,-0.7702564843543294,2.4816365337540467,-3.567725779887672,-1.790226067639766
49.0,81.0,1006.7971801757812,-2.751377920750915,-3.084966238921357,0.7504702103665593,3.62774281442856,-0.3410039882811559,2.284989204513621,-0.7702472535000685,2.4816365337545943,-3.5677257525399924,-1.790226067639766
49.0,81.0,1006.7971801757812,-2.7513782534347486,-3.084966238921357,0.7504702103665593,3.62774281442856,-0.341003987847653,2.284989204513621,-0.7702564843543294,2.481636533755423,-3.567725766768196,-1.790226067639766
49.0,81.0,1006.7971801757812,-2.7513779308222603,-3.084966238921357,0.7504702103665593,3.62774281442856,-0.3409990836836709,2.284989204513621,-0.7702765904688356,2.481636533755423,-3.5677257542809486,-1.790226067639766
49.0,81.0,1006.7971801757812,-2.7513782534347486,-3.084966238921357,0.7504702103665593,3.62774281442856,-0.3410039864771821,2.284989204513621,-0.7702564843543294,2.481636533755423,-3.567725766768196,-1.790226067639766
49.0,81.0,1006.79736328125,-2.7513826654449933,-3.084966238921357,0.7504702103665593,3.6278301678863314,-0.341004193123411,2.284989204513621,-0.770358963913294,2.4816365326568497,-3.567725766512215,-1.790226067639766
49.0,81.0,1006.79736328125,-2.751382574319159,-3.084966238921357,0.7504702103665593,3.627830178282487,-0.3410041990022048,2.284989204513621,-0.7702702751589964,2.481636532605427,-3.5677257665129063,-1.790226067639766
49.0,81.0,1006.79736328125,-2.7513823231037726,-3.084966238921357,0.7504702103665593,3.6278288663249993,-0.3410040280062246,2.284989204513621,-0.7702702751589964,2.481636533755423,-3.567725766799686,-1.790226067639766
49.0,81.0,1006.79736328125,-2.7513830433721624,-3.084966238921357,0.7504702103665593,3.6278301678863314,-0.3410041739997087,2.284989204513621,-0.770358963913294,2.481636533786743,-3.56772576676878,-1.790226067639766
49.0,81.0,1006.79736328125,-2.7513826654449933,-3.084966238921357,0.7504702103665593,3.627831478675962,-0.341004193123411,2.284989204513621,-0.7703577525837619,2.4816365326919674,-3.567725766512215,-1.790226067639766
49.0,82.0,1006.7866821289062,-2.751380128856588,-3.084966238921357,0.7504702103665593,3.627830178282487,-0.3410038121067156,2.2836703276460018,-0.7702702751589964,2.481636533767312,-3.5677257665129063,-1.790226067639766
49.0,82.0,1006.7866821289062,-2.751380128856588,-3.084966238921357,0.7504702103665593,3.627830178282487,-0.3410041188130532,2.2836693885272843,-0.7702706661358043,2.4816365337563644,-3.5677257667648603,-1.790226067639766
49.0,82.0,1006.7869262695312,-2.7513782534347486,-3.084966238921357,0.7504702103665593,3.62774281442856,-0.3410039864771821,2.2837166028279445,-0.7702563211289647,2.481636533755423,-3.567725766768196,-1.790226067639766
49.0,82.0,1006.7869262695312,-2.751378260519473,-3.084966238921357,0.7504702103665593,3.62774281442856,-0.3410041226433425,2.2837166028279445,-0.7702563211289647,2.481636533755423,-3.567725766768196,-1.790226067639766
49.0,82.0,1006.7869262695312,-2.7513783355928947,-3.084966238921357,0.7504702103665593,3.62774281442856,-0.3410041226433425,2.2837166028279445,-0.7702563211289647,2.481636533755423,-3.567725766768196,-1.790226067639766
49.0,82.0,1006.7869262695312,-2.7513832701815497,-3.084966238921357,0.7504702103665593,3.62774546112046,-0.3410039864771821,2.2837189078877085,-0.7702564843543294,2.481636532780494,-3.5677257662042776,-1.790226067639766
49.0,82.0,1006.7869873046876,-2.7513779308222603,-3.084966238921357,0.7504702103665593,3.62774281442856,-0.3410039848993581,2.283726223397808,-0.7702767303700837,2.481636533755423,-3.5677257671130818,-1.790226067639766
49.0,82.0,1006.7871704101562,-2.751388110120548,-3.084966238921357,0.7504702103665593,3.62774281442856,-0.3410040565778323,2.283717446111615,-0.7701374609272271,2.4816365326071663,-3.567725766768196,-1.790226067639766
49.0,82.0,1006.7871704101562,-2.7513779308222603,-3.084966238921357,0.7504702103665593,3.62774281442856,-0.341004117089657,2.2837564527336127,-0.7702765904688356,2.481636533755423,-3.567725767167792,-1.790226067639766
49.0,82.0,1006.7871704101562,-2.751383295555026,-3.084966238921357,0.7504702103665593,3.62774281442856,-0.3410040224346303,2.283717446111615,-0.7701480465412195,2.4816365336791044,-3.567725766768196,-1.790226067639766
49.0,82.0,1006.7871704101562,-2.751383147905651,-3.084966238921357,0.7504702103665593,3.6278301678863314,-0.341004161713456,2.2837606047256123,-0.770358963913294,2.481636533786743,-3.567725998066213,-1.790226067639766
49.0,82.0,1006.7871704101562,-2.751383295555026,-3.084966238921357,0.7504702103665593,3.62774281442856,-0.3410040224346303,2.283717446111615,-0.7701476908696648,2.481636533787753,-3.567725766768175,-1.790226067639766
49.0,82.0,1006.7871704101562,-2.751377855748838,-3.084966238921357,0.7504702103665593,3.62774281442856,-0.341004117089657,2.2837564527336127,-0.7702765904688356,2.481636533755423,-3.567725767167792,-1.790226067639766
49.0,82.0,1006.7872314453124,-2.7513800661658423,-3.084966238921357,0.7504702103665593,3.627853833362089,-0.3410038004815616,2.2837469199449068,-0.770276046075043,2.481636533755423,-3.567725753918089,-1.790226067639766
49.0,82.0,1006.7872314453124,-2.751383827783679,-3.084966238921357,0.7504702103665593,3.627827412081569,-0.3410040565778323,2.283717446111615,-0.7701374609272271,2.481636532609524,-3.5677257486789884,-1.790226067639766
49.0,82.0,1006.7872314453124,-2.75137730127605,-3.084966238921357,0.7504702103665593,3.627828859101784,-0.3409990759799523,2.2837493153457933,-0.7702955340684216,2.481636533689455,-3.567725999203523,-1.790226067639766
49.0,82.0,1006.7872924804688,-2.751380023570207,-3.084966238921357,0.7504702103665593,3.627853833362089,-0.3410038004815616,2.283750609920923,-0.770276046075043,2.481636533755423,-3.5677257667608178,-1.790226067639766
49.0,82.0,1006.7872924804688,-2.7513800513472257,-3.084966238921357,0.7504702103665593,3.627829367892277,-0.3410039864771821,2.283750633402969,-0.7702564843543294,2.48163653275714,-3.5677257615874653,-1.790226067639766
49.0,82.0,1006.787353515625,-2.751378188831642,-3.084966238921357,0.7504702103665593,3.627829367892277,-0.3410039864771821,2.283764438259139,-0.7702564843543294,2.481636533722385,-3.567725761266045,-1.790226067639766
49.0,82.0,1006.7874145507812,-2.7513780837815767,-3.084966238921357,0.7504702103665593,3.627829367892277,-0.3410039864771821,2.283767510602522,-0.7702564843543294,2.48163653275714,-3.5677257615874653,-1.790226067639766
49.0,82.0,1006.7874145507812,-2.7513780560045578,-3.084966238921357,0.7504702103665593,3.627853833362089,-0.3410038004815616,2.283767487120476,-0.770276046075043,2.481636533755423,-3.5677257667608178,-1.790226067639766
49.0,82.0,1006.7874145507812,-2.75132598472721,-3.084966238921357,0.7504702103665593,3.62774281442856,-0.3410040748621414,2.28375676295726,-0.7702765904688356,2.4816365336917867,-3.5677257635404027,-1.790226067639766
49.0,82.0,1006.7874145507812,-2.7513780837815767,-3.084966238921357,0.7504702103665593,3.627829367892277,-0.3410039864821712,2.283767510602522,-0.7702564843543294,2.4816365327785923,-3.5677257542716765,-1.790226067639766
49.0,82.0,1006.7874755859376,-2.7513832459194183,-3.084966238921357,0.7504702103665593,3.62785509751098,-0.3410040221274308,2.2837944688406315,-0.7703671000095152,2.481636533689348,-3.5677259934771297,-1.790226067639766
49.0,82.0,1006.7874755859376,-2.75138806048494,-3.084966238921357,0.7504702103665593,3.62785509751098,-0.3410040562706328,2.2837944688406315,-0.7703565143955228,2.4816365326174097,-3.5677259934771297,-1.790226067639766
49.0,82.0,1006.7874755859376,-2.7513832459194183,-3.084966238921357,0.7504702103665593,3.62785509751098,-0.3410040221274308,2.2837944688406315,-0.7703671000095152,2.481636533689348,-3.5677259934771297,-1.790226067639766
49.0,82.0,1006.7874755859376,-2.751378077571988,-3.084966238921357,0.7504702103665593,3.6278536986479777,-0.3409990759799523,2.283778749897364,-0.770274606360309,2.481636533787829,-3.5677259955257017,-1.790226067639766
49.0,82.0,1006.7874755859376,-2.751388033572677,-3.084966238921357,0.7504702103665593,3.6278288663249993,-0.3410040916172202,2.2838032267617527,-0.7703607063198943,2.481636533690791,-3.567725994212036,-1.790226067639766
49.0,82.0,1006.7875366210938,-2.7513779308222603,-3.084966238921357,0.7504702103665593,3.62774281442856,-0.341004117089657,2.2838078345721704,-0.7702767303700837,2.481636533755423,-3.567725767108798,-1.790226067639766
49.0,82.0,1006.7875366210938,-2.7513789905091115,-3.084966238921357,0.7504702103665593,3.627877166183503,-0.3410041093859384,2.283778749897364,-0.7702365794843455,2.481636533787829,-3.5677260084125453,-1.790226067639766
49.0,82.0,1006.7875366210938,-2.751377376964412,-3.084966238921357,0.7504702103665593,3.6277470188130976,-0.341004117089657,2.2838078345721704,-0.7702924863636992,2.481636533755423,-3.5677259925976847,-1.790226067639766
49.0,82.0,1006.7875366210938,-2.7513782534347486,-3.084966238921357,0.7504702103665593,3.62774281442856,-0.341004118667481,2.283798214002307,-0.7702563211289647,2.481636533755423,-3.567725766763912,-1.790226067639766
49.0,82.0,1006.78759765625,-2.7513789905091115,-3.084966238921357,0.7504702103665593,3.627877166183503,-0.3409990759799523,2.283778749897364,-0.7702365794843455,2.481636533787829,-3.5677259955257017,-1.790226067639766
49.0,82.0,1006.78759765625,-2.751378221296953,-3.084966238921357,0.7504702103665593,3.62785509751098,-0.3410040221274308,2.2837944688406315,-0.770271138167754,2.481636533689348,-3.567725774933549,-1.790226067639766
49.0,82.0,1006.7876586914062,-2.7513782534347486,-3.084966238921357,0.7504702103665593,3.627854090645753,-0.3410039901726776,2.2838000292828995,-0.7702563211289647,2.481636533829467,-3.5677257429449165,-1.790226067639766
49.0,82.0,1006.7876586914062,-2.751387275409116,-3.084966238921357,0.7504702103665593,3.6278262457339294,-0.3409990759799523,2.283778749897364,-0.7701491421490775,2.481636533787829,-3.567726006537526,-1.790226067639766
49.0,82.0,1006.7877197265624,-2.7513823231037726,-3.084966238921357,0.7504702103665593,3.6278288663249993,-0.3410040903659428,2.283803595858764,-0.7701950935903445,2.481636533690791,-3.567725994152018,-1.790226067639766
49.0,82.0,1006.7877807617188,-2.7513800661658423,-3.084966238921357,0.7504702103665593,3.627853833362089,-0.3410040812062772,2.28380209722064,-0.7701949481019047,2.481636533755423,-3.567725753918089,-1.790226067639766
49.0,82.0,1006.7940063476562,-2.751323240415682,-3.084966238921357,0.7504702103665593,3.62787833253114,-0.3410040565778323,2.283717446111615,-0.768947660944295,2.481636532609524,-3.5677257376671645,-1.790226067639766
49.0,82.0,1006.7940673828124,-2.7513271489269937,-3.084966238921357,0.7504702103665593,3.627878383487563,-0.3409990759799523,2.2837493153457933,-0.7689593421661453,2.481636533691492,-3.5677259942390283,-1.790226067639766
49.0,82.0,1006.7940673828124,-2.751383616657383,-3.084966238921357,0.7504702103665593,3.627828624976396,-0.3410042360998024,2.2837627879131537,-0.7689593421661453,2.481636532661692,-3.5677259942390283,-1.790226067639766
49.0,82.0,1006.7940673828124,-2.751328848147801,-3.084966238921357,0.7504702103665593,3.627878383487563,-0.3409990759799523,2.2837493153457933,-0.7689593421661453,2.481636533691492,-3.5677259942390283,-1.790226067639766
49.0,82.0,1006.794189453125,-2.751328910373298,-3.084966238921357,0.7504702103665593,3.627828624976396,-0.3409990759799523,2.2837493153457933,-0.7689593421661453,2.481636533691492,-3.5677259942390283,-1.790226067639766
49.0,82.0,1006.794189453125,-2.751327211152491,-3.084966238921357,0.7504702103665593,3.627828624976396,-0.3409990759799523,2.2837493153457933,-0.7689593421661453,2.481636533691492,-3.5677259942390283,-1.790226067639766
49.0,82.0,1006.794189453125,-2.751328910373298,-3.084966238921357,0.7504702103665593,3.627828624976396,-0.3409990759799523,2.2837493153457933,-0.7689593421661453,2.481636533691492,-3.5677259942390283,-1.790226067639766
49.0,82.0,1006.7942504882812,-2.7513266880411185,-3.084966238921357,0.7504702103665593,3.627877166183503,-0.3409990759799523,2.283778749897364,-0.7689593421661453,2.481636533787829,-3.5677259955257017,-1.790226067639766
49.0,82.0,1006.7958984375,-2.751378242971854,-3.084966238921357,0.7504702103665593,3.627743729014366,-0.3410039865491355,2.284989204513621,-0.7703657020952658,2.481636533667649,-3.571006588488382,-1.790226067639766
49.0,82.0,1006.7958984375,-2.751378222531993,-3.084966238921357,0.7504702103665593,3.62774281442856,-0.3410040565778323,2.2848355362397954,-0.7701351232649744,2.4816365326071663,-3.567725766768196,-1.790226067639766
49.0,82.0,1006.7971801757812,-2.7513782534347486,-3.084966238921357,0.7504702103665593,3.62774281442856,-0.341003987896907,2.284989204513621,-0.7702564843543294,2.481636533755423,-3.567725766768196,-1.790226067639766
49.0,82.0,1006.7971801757812,-2.7513782534347486,-3.084966238921357,0.7504702103665593,3.62774281442856,-0.3410039864771821,2.284989204513621,-0.7702564843543294,2.481636533755423,-3.567725766768196,-1.790226067639766
49.0,83.0,1006.78662109375,-2.751377855748838,-3.084966238921357,0.7504702103665593,3.62774281442856,-0.3410041118057135,2.283670393060833,-0.7702765904688356,2.481636533755423,-3.567725767167792,-1.790226067639766
49.0,83.0,1006.7866821289062,-2.751380128856588,-3.084966238921357,0.7504702103665593,3.627830178282487,-0.3410038121067156,2.2836703276460018,-0.7702702751589964,2.481636533767312,-3.5677257665129063,-1.790226067639766
49.0,83.0,1006.7866821289062,-2.751380128856588,-3.084966238921357,0.7504702103665593,3.627830178282487,-0.3410041188130532,2.2836693885272843,-0.7702706661358043,2.4816365337563644,-3.5677257667648603,-1.790226067639766
49.0,83.0,1006.786865234375,-2.75138329417465,-3.084966238921357,0.7504702103665593,3.627743664460626,-0.3410040102213962,2.283717446111615,-0.7702813678053358,2.481636533787753,-3.567725766768175,-1.790226067639766
49.0,83.0,1006.786865234375,-2.7513880461632128,-3.084966238921357,0.7504702103665593,3.6278274589484174,-0.3410040916172202,2.2837151192802816,-0.7703539069613867,2.481636533690791,-3.567726006166726,-1.790226067639766
49.0,83.0,1006.786865234375,-2.751378096914451,-3.084966238921357,0.7504702103665593,3.62774281442856,-0.3410039848993581,2.283726223397808,-0.7703589354167479,2.481636533755423,-3.5677257671130818,-1.790226067639766
49.0,83.0,1006.7869262695312,-2.7513782534347486,-3.084966238921357,0.7504702103665593,3.62774281442856,-0.3410039864771821,2.2837166028279445,-0.7702563211289647,2.481636533755423,-3.567725766768196,-1.790226067639766
49.0,83.0,1006.7869262695312,-2.751378260519473,-3.084966238921357,0.7504702103665593,3.62774281442856,-0.3410041226433425,2.2837166028279445,-0.7702563211289647,2.481636533755423,-3.567725766768196,-1.790226067639766
49.0,83.0,1006.7869262695312,-2.7513783355928947,-3.084966238921357,0.7504702103665593,3.62774281442856,-0.3410041226433425,2.2837166028279445,-0.7702563211289647,2.481636533755423,-3.567725766768196,-1.790226067639766
49.0,83.0,1006.7869262695312,-2.7513832701815497,-3.084966238921357,0.7504702103665593,3.62774546112046,-0.3410039864771821,2.2837189078877085,-0.7702564843543294,2.481636532780494,-3.5677257662042776,-1.790226067639766
49.0,83.0,1006.7869873046876,-2.7513779308222603,-3.084966238921357,0.7504702103665593,3.62774281442856,-0.3410039848993581,2.283726223397808,-0.7702767303700837,2.481636533755423,-3.5677257671130818,-1.790226067639766
49.0,83.0,1006.7869873046876,-2.7513789905091115,-3.084966238921357,0.7504702103665593,3.627745829754422,-0.3410041093859384,2.283718492816491,-0.7702564438168867,2.481636533787829,-3.567726008223594,-1.790226067639766
49.0,83.0,1006.7870483398438,-2.751377934592609,-3.084966238921357,0.7504702103665593,3.627828924911424,-0.3410039864771821,2.2837200410105507,-0.7702564843543294,2.481636533716203,-3.567725761154356,-1.790226067639766
49.0,83.0,1006.7871704101562,-2.751388110120548,-3.084966238921357,0.7504702103665593,3.62774281442856,-0.3410040565778323,2.283717446111615,-0.7701374609272271,2.4816365326071663,-3.567725766768196,-1.790226067639766
49.0,83.0,1006.7871704101562,-2.7513779308222603,-3.084966238921357,0.7504702103665593,3.62774281442856,-0.341004117089657,2.2837564527336127,-0.7702765904688356,2.481636533755423,-3.567725767167792,-1.790226067639766
49.0,83.0,1006.7871704101562,-2.751383295555026,-3.084966238921357,0.7504702103665593,3.62774281442856,-0.3410040224346303,2.283717446111615,-0.7701480465412195,2.4816365336791044,-3.567725766768196,-1.790226067639766
49.0,83.0,1006.7871704101562,-2.751383147905651,-3.084966238921357,0.7504702103665593,3.6278301678863314,-0.341004161713456,2.2837606047256123,-0.770358963913294,2.481636533786743,-3.567725998066213,-1.790226067639766
49.0,83.0,1006.7871704101562,-2.751383295555026,-3.084966238921357,0.7504702103665593,3.62774281442856,-0.3410040224346303,2.283717446111615,-0.7701476908696648,2.481636533787753,-3.567725766768175,-1.790226067639766
49.0,83.0,1006.7871704101562,-2.751377855748838,-3.084966238921357,0.7504702103665593,3.62774281442856,-0.341004117089657,2.2837564527336127,-0.7702765904688356,2.481636533755423,-3.567725767167792,-1.790226067639766
49.0,83.0,1006.7871704101562,-2.7513834611590053,-3.084966238921357,0.7504702103665593,3.62774281442856,-0.3410040224346303,2.283717446111615,-0.7701480465412195,2.481636533753297,-3.567725766768196,-1.790226067639766
49.0,83.0,1006.7871704101562,-2.7513779308222603,-3.084966238921357,0.7504702103665593,3.62774281442856,-0.3409990845678194,2.2837564527336127,-0.7702768287875947,2.481636533755423,-3.567725777122274,-1.790226067639766
49.0,83.0,1006.7872314453124,-2.7513800661658423,-3.084966238921357,0.7504702103665593,3.627853833362089,-0.3410038004815616,2.2837469199449068,-0.770276046075043,2.481636533755423,-3.567725753918089,-1.790226067639766
49.0,83.0,1006.7872314453124,-2.751383827783679,-3.084966238921357,0.7504702103665593,3.627827412081569,-0.3410040565778323,2.283717446111615,-0.7701374609272271,2.481636532609524,-3.5677257486789884,-1.790226067639766
49.0,83.0,1006.7872314453124,-2.75137730127605,-3.084966238921357,0.7504702103665593,3.627828859101784,-0.3409990759799523,2.2837493153457933,-0.7702955340684216,2.481636533689455,-3.567725999203523,-1.790226067639766
49.0,83.0,1006.7872314453124,-2.75137730127605,-3.084966238921357,0.7504702103665593,3.627828859101784,-0.3410041085017899,2.2837493153457933,-0.7702952957496623,2.481636533689455,-3.5677259892490407,-1.790226067639766
49.0,83.0,1006.7872314453124,-2.7513832874121347,-3.084966238921357,0.7504702103665593,3.627827412081569,-0.3410040223717585,2.283717446111615,-0.7701371810944398,2.481636532609524,-3.567725748259644,-1.790226067639766
49.0,83.0,1006.7872924804688,-2.751380023570207,-3.084966238921357,0.7504702103665593,3.627853833362089,-0.3410038004815616,2.283750609920923,-0.770276046075043,2.481636533755423,-3.5677257667608178,-1.790226067639766
49.0,83.0,1006.7872924804688,-2.7513800513472257,-3.084966238921357,0.7504702103665593,3.627829367892277,-0.3410039864771821,2.283750633402969,-0.7702564843543294,2.48163653275714,-3.5677257615874653,-1.790226067639766
49.0,83.0,1006.787353515625,-2.751378188831642,-3.084966238921357,0.7504702103665593,3.627829367892277,-0.3410039864771821,2.283764438259139,-0.7702564843543294,2.481636533722385,-3.567725761266045,-1.790226067639766
49.0,83.0,1006.787353515625,-2.751383627230356,-3.084966238921357,0.7504702103665593,3.6278536986479777,-0.3409990967927964,2.283778749897364,-0.7703643833519457,2.481636533787829,-3.5677259955257017,-1.790226067639766
49.0,83.0,1006.787353515625,-2.751378188831642,-3.084966238921357,0.7504702103665593,3.627829367892277,-0.3410039864771821,2.283764438259139,-0.7702564843543294,2.481636533722385,-3.567725761266045,-1.790226067639766
49.0,83.0,1006.7874145507812,-2.7513780837815767,-3.084966238921357,0.7504702103665593,3.627829367892277,-0.3410039864771821,2.283767510602522,-0.7702564843543294,2.48163653275714,-3.5677257615874653,-1.790226067639766
49.0,83.0,1006.7874145507812,-2.7513780560045578,-3.084966238921357,0.7504702103665593,3.627853833362089,-0.3410038004815616,2.283767487120476,-0.770276046075043,2.481636533755423,-3.5677257667608178,-1.790226067639766
49.0,83.0,1006.7874145507812,-2.75132598472721,-3.084966238921357,0.7504702103665593,3.62774281442856,-0.3410040748621414,2.28375676295726,-0.7702765904688356,2.4816365336917867,-3.5677257635404027,-1.790226067639766
49.0,83.0,1006.7874145507812,-2.7513780837815767,-3.084966238921357,0.7504702103665593,3.627829367892277,-0.3410039864821712,2.283767510602522,-0.7702564843543294,2.4816365327785923,-3.5677257542716765,-1.790226067639766
49.0,83.0,1006.7874145507812,-2.751323774737926,-3.084966238921357,0.7504702103665593,3.62774281442856,-0.3410040746946144,2.28375676295726,-0.7702765904688356,2.4816365336917867,-3.5677257635404027,-1.790226067639766
49.0,83.0,1006.7874145507812,-2.751378082678269,-3.084966238921357,0.7504702103665593,3.627829367892277,-0.3410039852319659,2.283767510602522,-0.7702563184111136,2.48163653275714,-3.5677257615741693,-1.790226067639766
49.0,83.0,1006.7874755859376,-2.7513832459194183,-3.084966238921357,0.7504702103665593,3.62785509751098,-0.3410040221274308,2.2837944688406315,-0.7703671000095152,2.481636533689348,-3.5677259934771297,-1.790226067639766
49.0,83.0,1006.7874755859376,-2.75138806048494,-3.084966238921357,0.7504702103665593,3.62785509751098,-0.3410040562706328,2.2837944688406315,-0.7703565143955228,2.4816365326174097,-3.5677259934771297,-1.790226067639766
49.0,83.0,1006.7874755859376,-2.7513832459194183,-3.084966238921357,0.7504702103665593,3.62785509751098,-0.3410040221274308,2.2837944688406315,-0.7703671000095152,2.481636533689348,-3.5677259934771297,-1.790226067639766
49.0,83.0,1006.7874755859376,-2.751378077571988,-3.084966238921357,0.7504702103665593,3.6278536986479777,-0.3409990759799523,2.283778749897364,-0.770274606360309,2.481636533787829,-3.5677259955257017,-1.790226067639766
49.0,83.0,1006.7874755859376,-2.751388033572677,-3.084966238921357,0.7504702103665593,3.6278288663249993,-0.3410040916172202,2.2838032267617527,-0.7703607063198943,2.481636533690791,-3.567725994212036,-1.790226067639766
49.0,83.0,1006.7874755859376,-2.7513832459194183,-3.084966238921357,0.7504702103665593,3.62785509751098,-0.3410040221274308,2.2837944688406315,-0.7703671000095152,2.481636533689348,-3.5677259934771297,-1.790226067639766
49.0,83.0,1006.7875366210938,-2.7513779308222603,-3.084966238921357,0.7504702103665593,3.62774281442856,-0.341004117089657,2.2838078345721704,-0.7702767303700837,2.481636533755423,-3.567725767108798,-1.790226067639766
49.0,83.0,1006.7875366210938,-2.7513789905091115,-3.084966238921357,0.7504702103665593,3.627877166183503,-0.3410041093859384,2.283778749897364,-0.7702365794843455,2.481636533787829,-3.5677260084125453,-1.790226067639766
49.0,83.0,1006.7875366210938,-2.751377376964412,-3.084966238921357,0.7504702103665593,3.6277470188130976,-0.341004117089657,2.2838078345721704,-0.7702924863636992,2.481636533755423,-3.5677259925976847,-1.790226067639766
49.0,83.0,1006.7875366210938,-2.7513782534347486,-3.084966238921357,0.7504702103665593,3.62774281442856,-0.341004118667481,2.283798214002307,-0.7702563211289647,2.481636533755423,-3.567725766763912,-1.790226067639766
49.0,83.0,1006.7875366210938,-2.751387894392749,-3.084966238921357,0.7504702103665593,3.62785509751098,-0.3410040562706328,2.2837944688406315,-0.7702743093488587,2.4816365326174097,-3.5677259934771297,-1.790226067639766
49.0,83.0,1006.7875366210938,-2.7513782534347486,-3.084966238921357,0.7504702103665593,3.62774281442856,-0.341004118667481,2.283798214002307,-0.7702563211289647,2.4816365337554296,-3.567725763675004,-1.790226067639766
49.0,83.0,1006.78759765625,-2.7513789905091115,-3.084966238921357,0.7504702103665593,3.627877166183503,-0.3409990759799523,2.283778749897364,-0.7702365794843455,2.481636533787829,-3.5677259955257017,-1.790226067639766
49.0,84.0,1006.78662109375,-2.751377855748838,-3.084966238921357,0.7504702103665593,3.62774281442856,-0.3410041118057135,2.283670393060833,-0.7702765904688356,2.481636533755423,-3.567725767167792,-1.790226067639766
49.0,84.0,1006.7866821289062,-2.751380128856588,-3.084966238921357,0.7504702103665593,3.627830178282487,-0.3410038121067156,2.2836703276460018,-0.7702702751589964,2.481636533767312,-3.5677257665129063,-1.790226067639766
49.0,84.0,1006.7866821289062,-2.751380128856588,-3.084966238921357,0.7504702103665593,3.627830178282487,-0.3410041188130532,2.2836693885272843,-0.7702706661358043,2.4816365337563644,-3.5677257667648603,-1.790226067639766
49.0,84.0,1006.786865234375,-2.75138329417465,-3.084966238921357,0.7504702103665593,3.627743664460626,-0.3410040102213962,2.283717446111615,-0.7702813678053358,2.481636533787753,-3.567725766768175,-1.790226067639766
49.0,84.0,1006.786865234375,-2.7513880461632128,-3.084966238921357,0.7504702103665593,3.6278274589484174,-0.3410040916172202,2.2837151192802816,-0.7703539069613867,2.481636533690791,-3.567726006166726,-1.790226067639766
49.0,84.0,1006.786865234375,-2.751378096914451,-3.084966238921357,0.7504702103665593,3.62774281442856,-0.3410039848993581,2.283726223397808,-0.7703589354167479,2.481636533755423,-3.5677257671130818,-1.790226067639766
49.0,84.0,1006.7869262695312,-2.7513782534347486,-3.084966238921357,0.7504702103665593,3.62774281442856,-0.3410039864771821,2.2837166028279445,-0.7702563211289647,2.481636533755423,-3.567725766768196,-1.790226067639766
49.0,84.0,1006.7869262695312,-2.751378260519473,-3.084966238921357,0.7504702103665593,3.62774281442856,-0.3410041226433425,2.2837166028279445,-0.7702563211289647,2.481636533755423,-3.567725766768196,-1.790226067639766
49.0,84.0,1006.7869262695312,-2.7513783355928947,-3.084966238921357,0.7504702103665593,3.62774281442856,-0.3410041226433425,2.2837166028279445,-0.7702563211289647,2.481636533755423,-3.567725766768196,-1.790226067639766
49.0,84.0,1006.7869262695312,-2.7513832701815497,-3.084966238921357,0.7504702103665593,3.62774546112046,-0.3410039864771821,2.2837189078877085,-0.7702564843543294,2.481636532780494,-3.5677257662042776,-1.790226067639766
49.0,84.0,1006.7869262695312,-2.751378190115942,-3.084966238921357,0.7504702103665593,3.62774281442856,-0.3410041209629112,2.2837161874247047,-0.7702563211289647,2.481636533755423,-3.5677257662024395,-1.790226067639766
49.0,84.0,1006.7869262695312,-2.7513782534347486,-3.084966238921357,0.7504702103665593,3.62774281442856,-0.3410039864771821,2.2837167476202334,-0.7702563211289647,2.481636533755423,-3.56772576716016,-1.790226067639766
49.0,84.0,1006.7869873046876,-2.7513779308222603,-3.084966238921357,0.7504702103665593,3.62774281442856,-0.3410039848993581,2.283726223397808,-0.7702767303700837,2.481636533755423,-3.5677257671130818,-1.790226067639766
49.0,84.0,1006.7869873046876,-2.7513789905091115,-3.084966238921357,0.7504702103665593,3.627745829754422,-0.3410041093859384,2.283718492816491,-0.7702564438168867,2.481636533787829,-3.567726008223594,-1.790226067639766
49.0,84.0,1006.7869873046876,-2.7513779308222603,-3.084966238921357,0.7504702103665593,3.62774281442856,-0.3410039846530713,2.283726504010459,-0.7702767303700837,2.4816365337554647,-3.567725766764084,-1.790226067639766
49.0,84.0,1006.7870483398438,-2.751377934592609,-3.084966238921357,0.7504702103665593,3.627828924911424,-0.3410039864771821,2.2837200410105507,-0.7702564843543294,2.481636533716203,-3.567725761154356,-1.790226067639766
49.0,84.0,1006.7870483398438,-2.7513802595945807,-3.084966238921357,0.7504702103665593,3.627830178282487,-0.3410039937589926,2.2837171759137105,-0.7702706661358043,2.481636533788404,-3.5677257667648603,-1.790226067639766
49.0,84.0,1006.7870483398438,-2.7513800895043894,-3.084966238921357,0.7504702103665593,3.62773568306531,-0.3410038116029786,2.283736826234253,-0.7702701290944779,2.4816365337662742,-3.567725767136414,-1.790226067639766
49.0,84.0,1006.787109375,-2.751377934592609,-3.084966238921357,0.7504702103665593,3.6278557532315534,-0.3410039857916718,2.2837200410105507,-0.7702564843543294,2.4816365337165687,-3.56772576315642,-1.790226067639766
49.0,84.0,1006.7871704101562,-2.751388110120548,-3.084966238921357,0.7504702103665593,3.62774281442856,-0.3410040565778323,2.283717446111615,-0.7701374609272271,2.4816365326071663,-3.567725766768196,-1.790226067639766
49.0,84.0,1006.7871704101562,-2.7513779308222603,-3.084966238921357,0.7504702103665593,3.62774281442856,-0.341004117089657,2.2837564527336127,-0.7702765904688356,2.481636533755423,-3.567725767167792,-1.790226067639766
49.0,84.0,1006.7871704101562,-2.751383295555026,-3.084966238921357,0.7504702103665593,3.62774281442856,-0.3410040224346303,2.283717446111615,-0.7701480465412195,2.4816365336791044,-3.567725766768196,-1.790226067639766
49.0,84.0,1006.7871704101562,-2.751383147905651,-3.084966238921357,0.7504702103665593,3.6278301678863314,-0.341004161713456,2.2837606047256123,-0.770358963913294,2.481636533786743,-3.567725998066213,-1.790226067639766
49.0,84.0,1006.7871704101562,-2.751383295555026,-3.084966238921357,0.7504702103665593,3.62774281442856,-0.3410040224346303,2.283717446111615,-0.7701476908696648,2.481636533787753,-3.567725766768175,-1.790226067639766
49.0,84.0,1006.7871704101562,-2.751377855748838,-3.084966238921357,0.7504702103665593,3.62774281442856,-0.341004117089657,2.2837564527336127,-0.7702765904688356,2.481636533755423,-3.567725767167792,-1.790226067639766
49.0,84.0,1006.7871704101562,-2.7513834611590053,-3.084966238921357,0.7504702103665593,3.62774281442856,-0.3410040224346303,2.283717446111615,-0.7701480465412195,2.481636533753297,-3.567725766768196,-1.790226067639766
49.0,84.0,1006.7871704101562,-2.7513779308222603,-3.084966238921357,0.7504702103665593,3.62774281442856,-0.3409990845678194,2.2837564527336127,-0.7702768287875947,2.481636533755423,-3.567725777122274,-1.790226067639766
49.0,84.0,1006.7871704101562,-2.751377855748838,-3.084966238921357,0.7504702103665593,3.62774281442856,-0.341004117089657,2.2837563079413234,-0.7702765904688356,2.481636533755423,-3.567725766775828,-1.790226067639766
49.0,84.0,1006.7871704101562,-2.7513779308222603,-3.084966238921357,0.7504702103665593,3.62774281442856,-0.3409990309059732,2.2837564527336127,-0.7702768279242109,2.481636533755423,-3.567725767803196,-1.790226067639766
49.0,84.0,1006.7871704101562,-2.751387974069377,-3.084966238921357,0.7504702103665593,3.62774281442856,-0.3410040554837302,2.283717446111615,-0.7701480368731171,2.4816365336791044,-3.567725766768196,-1.790226067639766
49.0,84.0,1006.7871704101562,-2.7513779308222603,-3.084966238921357,0.7504702103665593,3.62774281442856,-0.3409990845678194,2.2837564527336127,-0.7702768287875947,2.481636533755423,-3.567725777122274,-1.790226067639766
49.0,84.0,1006.7871704101562,-2.7513779308222603,-3.084966238921357,0.7504702103665593,3.62774281442856,-0.3410041707515032,2.2837564527336127,-0.7702765913322194,2.481636533755423,-3.5677257764868693,-1.790226067639766
49.0,84.0,1006.7871704101562,-2.7513789905091115,-3.084966238921357,0.7504702103665593,3.627745829754422,-0.3410041093859384,2.2837497633705124,-0.7702564438168867,2.4816365337878223,-3.567725764281031,-1.790226067639766
49.0,84.0,1006.7872314453124,-2.7513800661658423,-3.084966238921357,0.7504702103665593,3.627853833362089,-0.3410038004815616,2.2837469199449068,-0.770276046075043,2.481636533755423,-3.567725753918089,-1.790226067639766
49.0,84.0,1006.7872314453124,-2.751383827783679,-3.084966238921357,0.7504702103665593,3.627827412081569,-0.3410040565778323,2.283717446111615,-0.7701374609272271,2.481636532609524,-3.5677257486789884,-1.790226067639766
49.0,84.0,1006.7872314453124,-2.75137730127605,-3.084966238921357,0.7504702103665593,3.627828859101784,-0.3409990759799523,2.2837493153457933,-0.7702955340684216,2.481636533689455,-3.567725999203523,-1.790226067639766
49.0,84.0,1006.7872314453124,-2.75137730127605,-3.084966238921357,0.7504702103665593,3.627828859101784,-0.3410041085017899,2.2837493153457933,-0.7702952957496623,2.481636533689455,-3.5677259892490407,-1.790226067639766
49.0,84.0,1006.7872314453124,-2.7513832874121347,-3.084966238921357,0.7504702103665593,3.627827412081569,-0.3410040223717585,2.283717446111615,-0.7701371810944398,2.481636532609524,-3.567725748259644,-1.790226067639766
49.0,84.0,1006.7872314453124,-2.7513800513472257,-3.084966238921357,0.7504702103665593,3.627829367892277,-0.3410039864771821,2.283750609790533,-0.7702770114313467,2.48163653277972,-3.5677257666221016,-1.790226067639766
49.0,84.0,1006.7872924804688,-2.751380023570207,-3.084966238921357,0.7504702103665593,3.627853833362089,-0.3410038004815616,2.283750609920923,-0.770276046075043,2.481636533755423,-3.5677257667608178,-1.790226067639766
49.0,84.0,1006.7872924804688,-2.7513800513472257,-3.084966238921357,0.7504702103665593,3.627829367892277,-0.3410039864771821,2.283750633402969,-0.7702564843543294,2.48163653275714,-3.5677257615874653,-1.790226067639766
49.0,84.0,1006.787353515625,-2.751378188831642,-3.084966238921357,0.7504702103665593,3.627829367892277,-0.3410039864771821,2.283764438259139,-0.7702564843543294,2.481636533722385,-3.567725761266045,-1.790226067639766
49.0,84.0,1006.787353515625,-2.751383627230356,-3.084966238921357,0.7504702103665593,3.6278536986479777,-0.3409990967927964,2.283778749897364,-0.7703643833519457,2.481636533787829,-3.5677259955257017,-1.790226067639766
49.0,84.0,1006.787353515625,-2.751378188831642,-3.084966238921357,0.7504702103665593,3.627829367892277,-0.3410039864771821,2.283764438259139,-0.7702564843543294,2.481636533722385,-3.567725761266045,-1.790226067639766
49.0,84.0,1006.7874145507812,-2.7513780837815767,-3.084966238921357,0.7504702103665593,3.627829367892277,-0.3410039864771821,2.283767510602522,-0.7702564843543294,2.48163653275714,-3.5677257615874653,-1.790226067639766
49.0,84.0,1006.7874145507812,-2.7513780560045578,-3.084966238921357,0.7504702103665593,3.627853833362089,-0.3410038004815616,2.283767487120476,-0.770276046075043,2.481636533755423,-3.5677257667608178,-1.790226067639766
49.0,84.0,1006.7874145507812,-2.75132598472721,-3.084966238921357,0.7504702103665593,3.62774281442856,-0.3410040748621414,2.28375676295726,-0.7702765904688356,2.4816365336917867,-3.5677257635404027,-1.790226067639766
49.0,84.0,1006.7874145507812,-2.7513780837815767,-3.084966238921357,0.7504702103665593,3.627829367892277,-0.3410039864821712,2.283767510602522,-0.7702564843543294,2.4816365327785923,-3.5677257542716765,-1.790226067639766
49.0,84.0,1006.7874145507812,-2.751323774737926,-3.084966238921357,0.7504702103665593,3.62774281442856,-0.3410040746946144,2.28375676295726,-0.7702765904688356,2.4816365336917867,-3.5677257635404027,-1.790226067639766
49.0,84.0,1006.7874145507812,-2.751378082678269,-3.084966238921357,0.7504702103665593,3.627829367892277,-0.3410039852319659,2.283767510602522,-0.7702563184111136,2.48163653275714,-3.5677257615741693,-1.790226067639766
49.0,85.0,1006.78662109375,-2.751377855748838,-3.084966238921357,0.7504702103665593,3.62774281442856,-0.3410041118057135,2.283670393060833,-0.7702765904688356,2.481636533755423,-3.567725767167792,-1.790226067639766
49.0,85.0,1006.7866821289062,-2.751380128856588,-3.084966238921357,0.7504702103665593,3.627830178282487,-0.3410038121067156,2.2836703276460018,-0.7702702751589964,2.481636533767312,-3.5677257665129063,-1.790226067639766
49.0,85.0,1006.7866821289062,-2.751380128856588,-3.084966238921357,0.7504702103665593,3.627830178282487,-0.3410041188130532,2.2836693885272843,-0.7702706661358043,2.4816365337563644,-3.5677257667648603,-1.790226067639766
49.0,85.0,1006.7866821289062,-2.751380128856588,-3.084966238921357,0.7504702103665593,3.627830178282487,-0.3410041188130532,2.2836693885272843,-0.770270279405641,2.4816365337665203,-3.5677257667648603,-1.790226067639766
49.0,85.0,1006.7867431640624,-2.7513880461632128,-3.084966238921357,0.7504702103665593,3.62774120281824,-0.3410040915501185,2.2837151628184555,-0.7703539069613867,2.481636533690791,-3.5677259921757494,-1.790226067639766
49.0,85.0,1006.7868041992188,-2.751378096914451,-3.084966238921357,0.7504702103665593,3.62774281442856,-0.3410039848993581,2.28372005368751,-0.770358580985201,2.4816365337159847,-3.5677257671130818,-1.790226067639766
49.0,85.0,1006.786865234375,-2.75138329417465,-3.084966238921357,0.7504702103665593,3.627743664460626,-0.3410040102213962,2.283717446111615,-0.7702813678053358,2.481636533787753,-3.567725766768175,-1.790226067639766
49.0,85.0,1006.786865234375,-2.7513880461632128,-3.084966238921357,0.7504702103665593,3.6278274589484174,-0.3410040916172202,2.2837151192802816,-0.7703539069613867,2.481636533690791,-3.567726006166726,-1.790226067639766
49.0,85.0,1006.786865234375,-2.751378096914451,-3.084966238921357,0.7504702103665593,3.62774281442856,-0.3410039848993581,2.283726223397808,-0.7703589354167479,2.481636533755423,-3.5677257671130818,-1.790226067639766
49.0,85.0,1006.786865234375,-2.7513880461632128,-3.084966238921357,0.7504702103665593,3.6278274589484174,-0.3409992062858387,2.2837151192802816,-0.7703515601120283,2.481636533690791,-3.56772602404847,-1.790226067639766
49.0,85.0,1006.786865234375,-2.7513781880116985,-3.084966238921357,0.7504702103665593,3.62774281442856,-0.3410039848993581,2.28372363038048,-0.7703589354167479,2.4816365337220114,-3.5677257671130818,-1.790226067639766
49.0,85.0,1006.7869262695312,-2.7513782534347486,-3.084966238921357,0.7504702103665593,3.62774281442856,-0.3410039864771821,2.2837166028279445,-0.7702563211289647,2.481636533755423,-3.567725766768196,-1.790226067639766
49.0,85.0,1006.7869262695312,-2.751378260519473,-3.084966238921357,0.7504702103665593,3.62774281442856,-0.3410041226433425,2.2837166028279445,-0.7702563211289647,2.481636533755423,-3.567725766768196,-1.790226067639766
49.0,85.0,1006.7869262695312,-2.7513783355928947,-3.084966238921357,0.7504702103665593,3.62774281442856,-0.3410041226433425,2.2837166028279445,-0.7702563211289647,2.481636533755423,-3.567725766768196,-1.790226067639766
49.0,85.0,1006.7869262695312,-2.7513832701815497,-3.084966238921357,0.7504702103665593,3.62774546112046,-0.3410039864771821,2.2837189078877085,-0.7702564843543294,2.481636532780494,-3.5677257662042776,-1.790226067639766
49.0,85.0,1006.7869262695312,-2.751378190115942,-3.084966238921357,0.7504702103665593,3.62774281442856,-0.3410041209629112,2.2837161874247047,-0.7702563211289647,2.481636533755423,-3.5677257662024395,-1.790226067639766
49.0,85.0,1006.7869262695312,-2.7513782534347486,-3.084966238921357,0.7504702103665593,3.62774281442856,-0.3410039864771821,2.2837167476202334,-0.7702563211289647,2.481636533755423,-3.56772576716016,-1.790226067639766
49.0,85.0,1006.7869262695312,-2.751378337672713,-3.084966238921357,0.7504702103665593,3.62774281442856,-0.3410041217140918,2.2837166028279445,-0.7702563211289647,2.481636533755423,-3.567725766768196,-1.790226067639766
49.0,85.0,1006.7869262695312,-2.7513779308222603,-3.084966238921357,0.7504702103665593,3.62774281442856,-0.3410039846530713,2.28371695233497,-0.7702767303700837,2.4816365337554647,-3.567725766764084,-1.790226067639766
49.0,85.0,1006.7869262695312,-2.751380120585817,-3.084966238921357,0.7504702103665593,3.62774281442856,-0.3410039938700951,2.2837165914597457,-0.7702563211289647,2.481636533755423,-3.5677257667680777,-1.790226067639766
49.0,85.0,1006.7869262695312,-2.7513800513472257,-3.084966238921357,0.7504702103665593,3.627744334986754,-0.3410040098782057,2.2837175127789866,-0.7702564843543294,2.481636532777397,-3.5677257667503226,-1.790226067639766
49.0,85.0,1006.7869262695312,-2.75137825135493,-3.084966238921357,0.7504702103665593,3.62774281442856,-0.3410039874064329,2.2837166028279445,-0.7702563211289647,2.481636533755423,-3.567725766768196,-1.790226067639766
49.0,85.0,1006.7869262695312,-2.751378260519473,-3.084966238921357,0.7504702103665593,3.627735774791204,-0.3410041037263988,2.2837166028279445,-0.7702563211289647,2.481636533755423,-3.567725767130186,-1.790226067639766
49.0,85.0,1006.7869873046876,-2.7513779308222603,-3.084966238921357,0.7504702103665593,3.62774281442856,-0.3410039848993581,2.283726223397808,-0.7702767303700837,2.481636533755423,-3.5677257671130818,-1.790226067639766
49.0,85.0,1006.7869873046876,-2.7513789905091115,-3.084966238921357,0.7504702103665593,3.627745829754422,-0.3410041093859384,2.283718492816491,-0.7702564438168867,2.481636533787829,-3.567726008223594,-1.790226067639766
49.0,85.0,1006.7869873046876,-2.7513779308222603,-3.084966238921357,0.7504702103665593,3.62774281442856,-0.3410039846530713,2.283726504010459,-0.7702767303700837,2.4816365337554647,-3.567725766764084,-1.790226067639766
49.0,85.0,1006.7870483398438,-2.751377934592609,-3.084966238921357,0.7504702103665593,3.627828924911424,-0.3410039864771821,2.2837200410105507,-0.7702564843543294,2.481636533716203,-3.567725761154356,-1.790226067639766
49.0,85.0,1006.7870483398438,-2.7513802595945807,-3.084966238921357,0.7504702103665593,3.627830178282487,-0.3410039937589926,2.2837171759137105,-0.7702706661358043,2.481636533788404,-3.5677257667648603,-1.790226067639766
49.0,85.0,1006.7870483398438,-2.7513800895043894,-3.084966238921357,0.7504702103665593,3.62773568306531,-0.3410038116029786,2.283736826234253,-0.7702701290944779,2.4816365337662742,-3.567725767136414,-1.790226067639766
49.0,85.0,1006.7870483398438,-2.751378260519473,-3.084966238921357,0.7504702103665593,3.627829070558738,-0.3410041227104441,2.283716559289771,-0.7702563211289647,2.481636533755423,-3.5677257807591727,-1.790226067639766
49.0,85.0,1006.7870483398438,-2.751378975386625,-3.084966238921357,0.7504702103665593,3.627818390337301,-0.3410041093859384,2.283718492816491,-0.7702706081394466,2.481636533765583,-3.5677259982666856,-1.790226067639766
49.0,85.0,1006.7870483398438,-2.751378392443512,-3.084966238921357,0.7504702103665593,3.627830178282487,-0.3410039863660795,2.2837171872819098,-0.7702706661358043,2.481636533788404,-3.567725766764978,-1.790226067639766
49.0,85.0,1006.787109375,-2.751377934592609,-3.084966238921357,0.7504702103665593,3.6278557532315534,-0.3410039857916718,2.2837200410105507,-0.7702564843543294,2.4816365337165687,-3.56772576315642,-1.790226067639766
49.0,85.0,1006.787109375,-2.7513802595945807,-3.084966238921357,0.7504702103665593,3.627830178282487,-0.3410039937589926,2.2837267275892,-0.7702706661358043,2.481636533788404,-3.5677257667648603,-1.790226067639766
49.0,85.0,1006.7871704101562,-2.751388110120548,-3.084966238921357,0.7504702103665593,3.62774281442856,-0.3410040565778323,2.283717446111615,-0.7701374609272271,2.4816365326071663,-3.567725766768196,-1.790226067639766
49.0,85.0,1006.7871704101562,-2.7513779308222603,-3.084966238921357,0.7504702103665593,3.62774281442856,-0.341004117089657,2.2837564527336127,-0.7702765904688356,2.481636533755423,-3.567725767167792,-1.790226067639766
49.0,85.0,1006.7871704101562,-2.751383295555026,-3.084966238921357,0.7504702103665593,3.62774281442856,-0.3410040224346303,2.283717446111615,-0.7701480465412195,2.4816365336791044,-3.567725766768196,-1.790226067639766
49.0,85.0,1006.7871704101562,-2.751383147905651,-3.084966238921357,0.7504702103665593,3.6278301678863314,-0.341004161713456,2.2837606047256123,-0.770358963913294,2.481636533786743,-3.567725998066213,-1.790226067639766
49.0,85.0,1006.7871704101562,-2.751383295555026,-3.084966238921357,0.7504702103665593,3.62774281442856,-0.3410040224346303,2.283717446111615,-0.7701476908696648,2.481636533787753,-3.567725766768175,-1.790226067639766
49.0,85.0,1006.7871704101562,-2.751377855748838,-3.084966238921357,0.7504702103665593,3.62774281442856,-0.341004117089657,2.2837564527336127,-0.7702765904688356,2.481636533755423,-3.567725767167792,-1.790226067639766
49.0,85.0,1006.7871704101562,-2.7513834611590053,-3.084966238921357,0.7504702103665593,3.62774281442856,-0.3410040224346303,2.283717446111615,-0.7701480465412195,2.481636533753297,-3.567725766768196,-1.790226067639766
49.0,85.0,1006.7871704101562,-2.7513779308222603,-3.084966238921357,0.7504702103665593,3.62774281442856,-0.3409990845678194,2.2837564527336127,-0.7702768287875947,2.481636533755423,-3.567725777122274,-1.790226067639766
49.0,85.0,1006.7871704101562,-2.751377855748838,-3.084966238921357,0.7504702103665593,3.62774281442856,-0.341004117089657,2.2837563079413234,-0.7702765904688356,2.481636533755423,-3.567725766775828,-1.790226067639766
49.0,85.0,1006.7871704101562,-2.7513779308222603,-3.084966238921357,0.7504702103665593,3.62774281442856,-0.3409990309059732,2.2837564527336127,-0.7702768279242109,2.481636533755423,-3.567725767803196,-1.790226067639766
49.0,85.0,1006.7871704101562,-2.751387974069377,-3.084966238921357,0.7504702103665593,3.62774281442856,-0.3410040554837302,2.283717446111615,-0.7701480368731171,2.4816365336791044,-3.567725766768196,-1.790226067639766
49.0,85.0,1006.7871704101562,-2.7513779308222603,-3.084966238921357,0.7504702103665593,3.62774281442856,-0.3409990845678194,2.2837564527336127,-0.7702768287875947,2.481636533755423,-3.567725777122274,-1.790226067639766
49.0,85.0,1006.7871704101562,-2.7513779308222603,-3.084966238921357,0.7504702103665593,3.62774281442856,-0.3410041707515032,2.2837564527336127,-0.7702765913322194,2.481636533755423,-3.5677257764868693,-1.790226067639766
49.0,85.0,1006.7871704101562,-2.7513789905091115,-3.084966238921357,0.7504702103665593,3.627745829754422,-0.3410041093859384,2.2837497633705124,-0.7702564438168867,2.4816365337878223,-3.567725764281031,-1.790226067639766
49.0,85.0,1006.7871704101562,-2.7513779308222603,-3.084966238921357,0.7504702103665593,3.62774281442856,-0.3410039162373546,2.2837564527336127,-0.7702791747735693,2.481636533755423,-3.5677257499214527,-1.790226067639766
49.0,85.0,1006.7872314453124,-2.7513800661658423,-3.084966238921357,0.7504702103665593,3.627853833362089,-0.3410038004815616,2.2837469199449068,-0.770276046075043,2.481636533755423,-3.567725753918089,-1.790226067639766
49.0,86.0,1006.78662109375,-2.751377855748838,-3.084966238921357,0.7504702103665593,3.62774281442856,-0.3410041118057135,2.283670393060833,-0.7702765904688356,2.481636533755423,-3.567725767167792,-1.790226067639766
49.0,86.0,1006.78662109375,-2.7513779289890863,-3.084966238921357,0.7504702103665593,3.62774281442856,-0.3410039846530713,2.283670627454917,-0.7702767303700837,2.4816365337554243,-3.567725766764084,-1.790226067639766
49.0,86.0,1006.7866821289062,-2.751380128856588,-3.084966238921357,0.7504702103665593,3.627830178282487,-0.3410038121067156,2.2836703276460018,-0.7702702751589964,2.481636533767312,-3.5677257665129063,-1.790226067639766
49.0,86.0,1006.7866821289062,-2.751380128856588,-3.084966238921357,0.7504702103665593,3.627830178282487,-0.3410041188130532,2.2836693885272843,-0.7702706661358043,2.4816365337563644,-3.5677257667648603,-1.790226067639766
49.0,86.0,1006.7866821289062,-2.751380128856588,-3.084966238921357,0.7504702103665593,3.627830178282487,-0.3410041188130532,2.2836693885272843,-0.770270279405641,2.4816365337665203,-3.5677257667648603,-1.790226067639766
49.0,86.0,1006.7867431640624,-2.7513880461632128,-3.084966238921357,0.7504702103665593,3.62774120281824,-0.3410040915501185,2.2837151628184555,-0.7703539069613867,2.481636533690791,-3.5677259921757494,-1.790226067639766
49.0,86.0,1006.7867431640624,-2.751388334655635,-3.084966238921357,0.7504702103665593,3.6277429918435904,-0.3410040916172202,2.2837151192802816,-0.7703539069613867,2.481636533690791,-3.567726006166726,-1.790226067639766
49.0,86.0,1006.7868041992188,-2.751378096914451,-3.084966238921357,0.7504702103665593,3.62774281442856,-0.3410039848993581,2.28372005368751,-0.770358580985201,2.4816365337159847,-3.5677257671130818,-1.790226067639766
49.0,86.0,1006.7868041992188,-2.751378242754857,-3.084966238921357,0.7504702103665593,3.62774281442856,-0.3410041278515183,2.2837165415319216,-0.770358580985201,2.481636533714627,-3.5677257671468823,-1.790226067639766
49.0,86.0,1006.786865234375,-2.75138329417465,-3.084966238921357,0.7504702103665593,3.627743664460626,-0.3410040102213962,2.283717446111615,-0.7702813678053358,2.481636533787753,-3.567725766768175,-1.790226067639766
49.0,86.0,1006.786865234375,-2.7513880461632128,-3.084966238921357,0.7504702103665593,3.6278274589484174,-0.3410040916172202,2.2837151192802816,-0.7703539069613867,2.481636533690791,-3.567726006166726,-1.790226067639766
49.0,86.0,1006.786865234375,-2.751378096914451,-3.084966238921357,0.7504702103665593,3.62774281442856,-0.3410039848993581,2.283726223397808,-0.7703589354167479,2.481636533755423,-3.5677257671130818,-1.790226067639766
49.0,86.0,1006.786865234375,-2.7513880461632128,-3.084966238921357,0.7504702103665593,3.6278274589484174,-0.3409992062858387,2.2837151192802816,-0.7703515601120283,2.481636533690791,-3.56772602404847,-1.790226067639766
49.0,86.0,1006.786865234375,-2.7513781880116985,-3.084966238921357,0.7504702103665593,3.62774281442856,-0.3410039848993581,2.28372363038048,-0.7703589354167479,2.4816365337220114,-3.5677257671130818,-1.790226067639766
49.0,86.0,1006.786865234375,-2.7513880461632128,-3.084966238921357,0.7504702103665593,3.6278274589484174,-0.3410040916172202,2.2837151192802816,-0.7703539069613867,2.481636533690791,-3.567726006166726,-1.790226067639766
49.0,86.0,1006.786865234375,-2.7513781880116985,-3.084966238921357,0.7504702103665593,3.62774281442856,-0.3410039848993581,2.28372363038048,-0.7703589354167479,2.4816365337220114,-3.5677257671130818,-1.790226067639766
49.0,86.0,1006.786865234375,-2.751388813910715,-3.084966238921357,0.7504702103665593,3.627741085642552,-0.3410040915501185,2.2837151628184555,-0.7702618137700508,2.481636533759147,-3.5677259921757494,-1.790226067639766
49.0,86.0,1006.7869262695312,-2.7513782534347486,-3.084966238921357,0.7504702103665593,3.62774281442856,-0.3410039864771821,2.2837166028279445,-0.7702563211289647,2.481636533755423,-3.567725766768196,-1.790226067639766
49.0,86.0,1006.7869262695312,-2.751378260519473,-3.084966238921357,0.7504702103665593,3.62774281442856,-0.3410041226433425,2.2837166028279445,-0.7702563211289647,2.481636533755423,-3.567725766768196,-1.790226067639766
49.0,86.0,1006.7869262695312,-2.7513783355928947,-3.084966238921357,0.7504702103665593,3.62774281442856,-0.3410041226433425,2.2837166028279445,-0.7702563211289647,2.481636533755423,-3.567725766768196,-1.790226067639766
49.0,86.0,1006.7869262695312,-2.7513832701815497,-3.084966238921357,0.7504702103665593,3.62774546112046,-0.3410039864771821,2.2837189078877085,-0.7702564843543294,2.481636532780494,-3.5677257662042776,-1.790226067639766
49.0,86.0,1006.7869262695312,-2.751378190115942,-3.084966238921357,0.7504702103665593,3.62774281442856,-0.3410041209629112,2.2837161874247047,-0.7702563211289647,2.481636533755423,-3.5677257662024395,-1.790226067639766
49.0,86.0,1006.7869262695312,-2.7513782534347486,-3.084966238921357,0.7504702103665593,3.62774281442856,-0.3410039864771821,2.2837167476202334,-0.7702563211289647,2.481636533755423,-3.56772576716016,-1.790226067639766
49.0,86.0,1006.7869262695312,-2.751378337672713,-3.084966238921357,0.7504702103665593,3.62774281442856,-0.3410041217140918,2.2837166028279445,-0.7702563211289647,2.481636533755423,-3.567725766768196,-1.790226067639766
49.0,86.0,1006.7869262695312,-2.7513779308222603,-3.084966238921357,0.7504702103665593,3.62774281442856,-0.3410039846530713,2.28371695233497,-0.7702767303700837,2.4816365337554647,-3.567725766764084,-1.790226067639766
49.0,86.0,1006.7869262695312,-2.751380120585817,-3.084966238921357,0.7504702103665593,3.62774281442856,-0.3410039938700951,2.2837165914597457,-0.7702563211289647,2.481636533755423,-3.5677257667680777,-1.790226067639766
49.0,86.0,1006.7869262695312,-2.7513800513472257,-3.084966238921357,0.7504702103665593,3.627744334986754,-0.3410040098782057,2.2837175127789866,-0.7702564843543294,2.481636532777397,-3.5677257667503226,-1.790226067639766
49.0,86.0,1006.7869262695312,-2.75137825135493,-3.084966238921357,0.7504702103665593,3.62774281442856,-0.3410039874064329,2.2837166028279445,-0.7702563211289647,2.481636533755423,-3.567725766768196,-1.790226067639766
49.0,86.0,1006.7869262695312,-2.751378260519473,-3.084966238921357,0.7504702103665593,3.627735774791204,-0.3410041037263988,2.2837166028279445,-0.7702563211289647,2.481636533755423,-3.567725767130186,-1.790226067639766
49.0,86.0,1006.7869262695312,-2.75137825135493,-3.084966238921357,0.7504702103665593,3.62774281442856,-0.3410039874064329,2.2837166028279445,-0.7702563211289647,2.481636533755423,-3.567725766768196,-1.790226067639766
49.0,86.0,1006.7869262695312,-2.7513782534347486,-3.084966238921357,0.7504702103665593,3.62774281442856,-0.3410039864771821,2.2837166028279445,-0.7702563211289647,2.481636533755423,-3.567725766768196,-1.790226067639766
49.0,86.0,1006.7869873046876,-2.7513779308222603,-3.084966238921357,0.7504702103665593,3.62774281442856,-0.3410039848993581,2.283726223397808,-0.7702767303700837,2.481636533755423,-3.5677257671130818,-1.790226067639766
49.0,86.0,1006.7869873046876,-2.7513789905091115,-3.084966238921357,0.7504702103665593,3.627745829754422,-0.3410041093859384,2.283718492816491,-0.7702564438168867,2.481636533787829,-3.567726008223594,-1.790226067639766
49.0,86.0,1006.7869873046876,-2.7513779308222603,-3.084966238921357,0.7504702103665593,3.62774281442856,-0.3410039846530713,2.283726504010459,-0.7702767303700837,2.4816365337554647,-3.567725766764084,-1.790226067639766
49.0,86.0,1006.7869873046876,-2.7513778575820123,-3.084966238921357,0.7504702103665593,3.62774281442856,-0.3410041118057135,2.283726269616375,-0.7702765904688356,2.481636533755464,-3.567725767167792,-1.790226067639766
49.0,86.0,1006.7869873046876,-2.751378114679067,-3.084966238921357,0.7504702103665593,3.62774281442856,-0.3410039796911824,2.2837201149835327,-0.7702563211289647,2.48163653375678,-3.567725766734396,-1.790226067639766
49.0,86.0,1006.7870483398438,-2.751377934592609,-3.084966238921357,0.7504702103665593,3.627828924911424,-0.3410039864771821,2.2837200410105507,-0.7702564843543294,2.481636533716203,-3.567725761154356,-1.790226067639766
49.0,86.0,1006.7870483398438,-2.7513802595945807,-3.084966238921357,0.7504702103665593,3.627830178282487,-0.3410039937589926,2.2837171759137105,-0.7702706661358043,2.481636533788404,-3.5677257667648603,-1.790226067639766
49.0,86.0,1006.7870483398438,-2.7513800895043894,-3.084966238921357,0.7504702103665593,3.62773568306531,-0.3410038116029786,2.283736826234253,-0.7702701290944779,2.4816365337662742,-3.567725767136414,-1.790226067639766
49.0,86.0,1006.7870483398438,-2.751378260519473,-3.084966238921357,0.7504702103665593,3.627829070558738,-0.3410041227104441,2.283716559289771,-0.7702563211289647,2.481636533755423,-3.5677257807591727,-1.790226067639766
49.0,86.0,1006.7870483398438,-2.751378975386625,-3.084966238921357,0.7504702103665593,3.627818390337301,-0.3410041093859384,2.283718492816491,-0.7702706081394466,2.481636533765583,-3.5677259982666856,-1.790226067639766
49.0,86.0,1006.7870483398438,-2.751378392443512,-3.084966238921357,0.7504702103665593,3.627830178282487,-0.3410039863660795,2.2837171872819098,-0.7702706661358043,2.481636533788404,-3.567725766764978,-1.790226067639766
49.0,86.0,1006.7870483398438,-2.75137931671664,-3.084966238921357,0.7504702103665593,3.627831069341185,-0.3410040098782057,2.283714800608485,-0.7702564843543294,2.481636532777397,-3.5677257667503226,-1.790226067639766
49.0,86.0,1006.7870483398438,-2.7513781195742184,-3.084966238921357,0.7504702103665593,3.627826362325573,-0.3410039848993581,2.283723966260413,-0.7702711789168126,2.481636533756385,-3.5677257671130818,-1.790226067639766
49.0,86.0,1006.7870483398438,-2.751379762854804,-3.084966238921357,0.7504702103665593,3.627828802091583,-0.3410040098782057,2.2837175127789866,-0.7702564843543294,2.481636532777397,-3.5677257667503226,-1.790226067639766
49.0,86.0,1006.787109375,-2.751377934592609,-3.084966238921357,0.7504702103665593,3.6278557532315534,-0.3410039857916718,2.2837200410105507,-0.7702564843543294,2.4816365337165687,-3.56772576315642,-1.790226067639766
49.0,86.0,1006.787109375,-2.7513802595945807,-3.084966238921357,0.7504702103665593,3.627830178282487,-0.3410039937589926,2.2837267275892,-0.7702706661358043,2.481636533788404,-3.5677257667648603,-1.790226067639766
49.0,86.0,1006.787109375,-2.7513802595945807,-3.084966238921357,0.7504702103665593,3.627830178282487,-0.3410039848951433,2.283726662865094,-0.7702706661358043,2.481636533788404,-3.56772576676045,-1.790226067639766
49.0,86.0,1006.787109375,-2.7513802595945807,-3.084966238921357,0.7504702103665593,3.627830178282487,-0.3410039937589926,2.283726441980771,-0.7702706661358043,2.4816365337873982,-3.5677257667649327,-1.790226067639766
49.0,86.0,1006.7871704101562,-2.751388110120548,-3.084966238921357,0.7504702103665593,3.62774281442856,-0.3410040565778323,2.283717446111615,-0.7701374609272271,2.4816365326071663,-3.567725766768196,-1.790226067639766
49.0,87.0,1006.7865600585938,-2.751380128856588,-3.084966238921357,0.7504702103665593,3.6278274945008735,-0.3410041188554701,2.283667957098542,-0.7703507086927341,2.4816365336929374,-3.5677257667648603,-1.790226067639766
49.0,87.0,1006.78662109375,-2.751377855748838,-3.084966238921357,0.7504702103665593,3.62774281442856,-0.3410041118057135,2.283670393060833,-0.7702765904688356,2.481636533755423,-3.567725767167792,-1.790226067639766
49.0,87.0,1006.78662109375,-2.7513779289890863,-3.084966238921357,0.7504702103665593,3.62774281442856,-0.3410039846530713,2.283670627454917,-0.7702767303700837,2.4816365337554243,-3.567725766764084,-1.790226067639766
49.0,87.0,1006.78662109375,-2.751378179995331,-3.084966238921357,0.7504702103665593,3.62774281442856,-0.3410039902542339,2.283666329909708,-0.7702565823843158,2.481636533755423,-3.567725766768196,-1.790226067639766
49.0,87.0,1006.78662109375,-2.751377893770952,-3.084966238921357,0.7504702103665593,3.627743629156976,-0.3410041118057135,2.283670393060833,-0.7702765904688356,2.481636533755423,-3.5677257667733167,-1.790226067639766
49.0,87.0,1006.7866821289062,-2.751380128856588,-3.084966238921357,0.7504702103665593,3.627830178282487,-0.3410038121067156,2.2836703276460018,-0.7702702751589964,2.481636533767312,-3.5677257665129063,-1.790226067639766
49.0,87.0,1006.7866821289062,-2.751380128856588,-3.084966238921357,0.7504702103665593,3.627830178282487,-0.3410041188130532,2.2836693885272843,-0.7702706661358043,2.4816365337563644,-3.5677257667648603,-1.790226067639766
49.0,87.0,1006.7866821289062,-2.751380128856588,-3.084966238921357,0.7504702103665593,3.627830178282487,-0.3410041188130532,2.2836693885272843,-0.770270279405641,2.4816365337665203,-3.5677257667648603,-1.790226067639766
49.0,87.0,1006.7866821289062,-2.751380128856588,-3.084966238921357,0.7504702103665593,3.627830178282487,-0.3410038121067156,2.2836703276460018,-0.7702702751589964,2.481636533767312,-3.5677257665129063,-1.790226067639766
49.0,87.0,1006.7866821289062,-2.7513802595945807,-3.084966238921357,0.7504702103665593,3.627830178282487,-0.3410039937589926,2.2836699476576063,-0.7702706661358043,2.481636533787872,-3.5677257667648603,-1.790226067639766
49.0,87.0,1006.7867431640624,-2.7513880461632128,-3.084966238921357,0.7504702103665593,3.62774120281824,-0.3410040915501185,2.2837151628184555,-0.7703539069613867,2.481636533690791,-3.5677259921757494,-1.790226067639766
49.0,87.0,1006.7867431640624,-2.751388334655635,-3.084966238921357,0.7504702103665593,3.6277429918435904,-0.3410040916172202,2.2837151192802816,-0.7703539069613867,2.481636533690791,-3.567726006166726,-1.790226067639766
49.0,87.0,1006.7867431640624,-2.751388315767935,-3.084966238921357,0.7504702103665593,3.6277429918435904,-0.3410040916172202,2.2837151192802816,-0.7703539069613867,2.481636533690791,-3.567726006166726,-1.790226067639766
49.0,87.0,1006.7867431640624,-2.7513885712780266,-3.084966238921357,0.7504702103665593,3.6277428088227146,-0.3410040916172202,2.283716161625655,-0.7703585159850997,2.481636533690791,-3.567726006166726,-1.790226067639766
49.0,87.0,1006.7868041992188,-2.751378096914451,-3.084966238921357,0.7504702103665593,3.62774281442856,-0.3410039848993581,2.28372005368751,-0.770358580985201,2.4816365337159847,-3.5677257671130818,-1.790226067639766
49.0,87.0,1006.7868041992188,-2.751378242754857,-3.084966238921357,0.7504702103665593,3.62774281442856,-0.3410041278515183,2.2837165415319216,-0.770358580985201,2.481636533714627,-3.5677257671468823,-1.790226067639766
49.0,87.0,1006.7868041992188,-2.7513780946652946,-3.084966238921357,0.7504702103665593,3.62774281442856,-0.3410039848918946,2.283720228359318,-0.770358580985201,2.481636533755062,-3.5677257671130818,-1.790226067639766
49.0,87.0,1006.7868041992188,-2.751377939528626,-3.084966238921357,0.7504702103665593,3.62774120281824,-0.3410039881684704,2.2837151628184555,-0.7703539069613867,2.4816365336910016,-3.5677259921757494,-1.790226067639766
49.0,87.0,1006.786865234375,-2.75138329417465,-3.084966238921357,0.7504702103665593,3.627743664460626,-0.3410040102213962,2.283717446111615,-0.7702813678053358,2.481636533787753,-3.567725766768175,-1.790226067639766
49.0,87.0,1006.786865234375,-2.7513880461632128,-3.084966238921357,0.7504702103665593,3.6278274589484174,-0.3410040916172202,2.2837151192802816,-0.7703539069613867,2.481636533690791,-3.567726006166726,-1.790226067639766
49.0,87.0,1006.786865234375,-2.751378096914451,-3.084966238921357,0.7504702103665593,3.62774281442856,-0.3410039848993581,2.283726223397808,-0.7703589354167479,2.481636533755423,-3.5677257671130818,-1.790226067639766
49.0,87.0,1006.786865234375,-2.7513880461632128,-3.084966238921357,0.7504702103665593,3.6278274589484174,-0.3409992062858387,2.2837151192802816,-0.7703515601120283,2.481636533690791,-3.56772602404847,-1.790226067639766
49.0,87.0,1006.786865234375,-2.7513781880116985,-3.084966238921357,0.7504702103665593,3.62774281442856,-0.3410039848993581,2.28372363038048,-0.7703589354167479,2.4816365337220114,-3.5677257671130818,-1.790226067639766
49.0,87.0,1006.786865234375,-2.7513880461632128,-3.084966238921357,0.7504702103665593,3.6278274589484174,-0.3410040916172202,2.2837151192802816,-0.7703539069613867,2.481636533690791,-3.567726006166726,-1.790226067639766
49.0,87.0,1006.786865234375,-2.7513781880116985,-3.084966238921357,0.7504702103665593,3.62774281442856,-0.3410039848993581,2.28372363038048,-0.7703589354167479,2.4816365337220114,-3.5677257671130818,-1.790226067639766
49.0,87.0,1006.786865234375,-2.751388813910715,-3.084966238921357,0.7504702103665593,3.627741085642552,-0.3410040915501185,2.2837151628184555,-0.7702618137700508,2.481636533759147,-3.5677259921757494,-1.790226067639766
49.0,87.0,1006.786865234375,-2.751378096914451,-3.084966238921357,0.7504702103665593,3.627742845375008,-0.3410039821575198,2.283726223397808,-0.7703589354167479,2.481636533755423,-3.5677257671130818,-1.790226067639766
49.0,87.0,1006.7869262695312,-2.7513782534347486,-3.084966238921357,0.7504702103665593,3.62774281442856,-0.3410039864771821,2.2837166028279445,-0.7702563211289647,2.481636533755423,-3.567725766768196,-1.790226067639766
49.0,87.0,1006.7869262695312,-2.751378260519473,-3.084966238921357,0.7504702103665593,3.62774281442856,-0.3410041226433425,2.2837166028279445,-0.7702563211289647,2.481636533755423,-3.567725766768196,-1.790226067639766
49.0,87.0,1006.7869262695312,-2.7513783355928947,-3.084966238921357,0.7504702103665593,3.62774281442856,-0.3410041226433425,2.2837166028279445,-0.7702563211289647,2.481636533755423,-3.567725766768196,-1.790226067639766
49.0,87.0,1006.7869262695312,-2.7513832701815497,-3.084966238921357,0.7504702103665593,3.62774546112046,-0.3410039864771821,2.2837189078877085,-0.7702564843543294,2.481636532780494,-3.5677257662042776,-1.790226067639766
49.0,87.0,1006.7869262695312,-2.751378190115942,-3.084966238921357,0.7504702103665593,3.62774281442856,-0.3410041209629112,2.2837161874247047,-0.7702563211289647,2.481636533755423,-3.5677257662024395,-1.790226067639766
49.0,87.0,1006.7869262695312,-2.7513782534347486,-3.084966238921357,0.7504702103665593,3.62774281442856,-0.3410039864771821,2.2837167476202334,-0.7702563211289647,2.481636533755423,-3.56772576716016,-1.790226067639766
49.0,87.0,1006.7869262695312,-2.751378337672713,-3.084966238921357,0.7504702103665593,3.62774281442856,-0.3410041217140918,2.2837166028279445,-0.7702563211289647,2.481636533755423,-3.567725766768196,-1.790226067639766
49.0,87.0,1006.7869262695312,-2.7513779308222603,-3.084966238921357,0.7504702103665593,3.62774281442856,-0.3410039846530713,2.28371695233497,-0.7702767303700837,2.4816365337554647,-3.567725766764084,-1.790226067639766
49.0,87.0,1006.7869262695312,-2.751380120585817,-3.084966238921357,0.7504702103665593,3.62774281442856,-0.3410039938700951,2.2837165914597457,-0.7702563211289647,2.481636533755423,-3.5677257667680777,-1.790226067639766
49.0,87.0,1006.7869262695312,-2.7513800513472257,-3.084966238921357,0.7504702103665593,3.627744334986754,-0.3410040098782057,2.2837175127789866,-0.7702564843543294,2.481636532777397,-3.5677257667503226,-1.790226067639766
49.0,87.0,1006.7869262695312,-2.75137825135493,-3.084966238921357,0.7504702103665593,3.62774281442856,-0.3410039874064329,2.2837166028279445,-0.7702563211289647,2.481636533755423,-3.567725766768196,-1.790226067639766
49.0,87.0,1006.7869262695312,-2.751378260519473,-3.084966238921357,0.7504702103665593,3.627735774791204,-0.3410041037263988,2.2837166028279445,-0.7702563211289647,2.481636533755423,-3.567725767130186,-1.790226067639766
49.0,87.0,1006.7869262695312,-2.75137825135493,-3.084966238921357,0.7504702103665593,3.62774281442856,-0.3410039874064329,2.2837166028279445,-0.7702563211289647,2.481636533755423,-3.567725766768196,-1.790226067639766
49.0,87.0,1006.7869262695312,-2.7513782534347486,-3.084966238921357,0.7504702103665593,3.62774281442856,-0.3410039864771821,2.2837166028279445,-0.7702563211289647,2.481636533755423,-3.567725766768196,-1.790226067639766
49.0,87.0,1006.7869262695312,-2.751378190115942,-3.084966238921357,0.7504702103665593,3.62774281442856,-0.3410041209629112,2.2837161874247047,-0.7702698257014886,2.481636533755423,-3.567725766818908,-1.790226067639766
49.0,87.0,1006.7869262695312,-2.7513785027302866,-3.084966238921357,0.7504702103665593,3.62774281442856,-0.3410041226433425,2.283716591856937,-0.7702563211289647,2.481636533755423,-3.567725766768196,-1.790226067639766
49.0,87.0,1006.7869262695312,-2.751379878375004,-3.084966238921357,0.7504702103665593,3.62774281442856,-0.3410039938700951,2.2837166024307534,-0.7702563211289647,2.481636533755423,-3.5677257667680777,-1.790226067639766
49.0,87.0,1006.7869873046876,-2.7513779308222603,-3.084966238921357,0.7504702103665593,3.62774281442856,-0.3410039848993581,2.283726223397808,-0.7702767303700837,2.481636533755423,-3.5677257671130818,-1.790226067639766
49.0,87.0,1006.7869873046876,-2.7513789905091115,-3.084966238921357,0.7504702103665593,3.627745829754422,-0.3410041093859384,2.283718492816491,-0.7702564438168867,2.481636533787829,-3.567726008223594,-1.790226067639766
49.0,87.0,1006.7869873046876,-2.7513779308222603,-3.084966238921357,0.7504702103665593,3.62774281442856,-0.3410039846530713,2.283726504010459,-0.7702767303700837,2.4816365337554647,-3.567725766764084,-1.790226067639766
49.0,87.0,1006.7869873046876,-2.7513778575820123,-3.084966238921357,0.7504702103665593,3.62774281442856,-0.3410041118057135,2.283726269616375,-0.7702765904688356,2.481636533755464,-3.567725767167792,-1.790226067639766
49.0,87.0,1006.7869873046876,-2.751378114679067,-3.084966238921357,0.7504702103665593,3.62774281442856,-0.3410039796911824,2.2837201149835327,-0.7702563211289647,2.48163653375678,-3.567725766734396,-1.790226067639766
49.0,87.0,1006.7869873046876,-2.751378260519473,-3.084966238921357,0.7504702103665593,3.62774281442856,-0.3410041226433425,2.2837166028279445,-0.7702545533080126,2.481636533755423,-3.567725767178127,-1.790226067639766
49.0,88.0,1006.7864990234376,-2.7513802120887942,-3.084966238921357,0.7504702103665593,3.627750287157424,-0.3410041118057135,2.283670393060833,-0.7703517969180309,2.481636533692046,-3.567725766773234,-1.790226067639766
49.0,88.0,1006.7865600585938,-2.751380128856588,-3.084966238921357,0.7504702103665593,3.6278274945008735,-0.3410041188554701,2.283667957098542,-0.7703507086927341,2.4816365336929374,-3.5677257667648603,-1.790226067639766
49.0,88.0,1006.7865600585938,-2.751388323651596,-3.084966238921357,0.7504702103665593,3.62774281442856,-0.3410039934173783,2.283665341132956,-0.7702565823843158,2.48163653369373,-3.567725766768196,-1.790226067639766
49.0,88.0,1006.7865600585938,-2.751378191457333,-3.084966238921357,0.7504702103665593,3.6278274945008735,-0.3410041274234292,2.2836686505405144,-0.7703507086927341,2.4816365336934894,-3.5677257671457068,-1.790226067639766
49.0,88.0,1006.78662109375,-2.751377855748838,-3.084966238921357,0.7504702103665593,3.62774281442856,-0.3410041118057135,2.283670393060833,-0.7702765904688356,2.481636533755423,-3.567725767167792,-1.790226067639766
49.0,88.0,1006.78662109375,-2.7513779289890863,-3.084966238921357,0.7504702103665593,3.62774281442856,-0.3410039846530713,2.283670627454917,-0.7702767303700837,2.4816365337554243,-3.567725766764084,-1.790226067639766
49.0,88.0,1006.78662109375,-2.751378179995331,-3.084966238921357,0.7504702103665593,3.62774281442856,-0.3410039902542339,2.283666329909708,-0.7702565823843158,2.481636533755423,-3.567725766768196,-1.790226067639766
49.0,88.0,1006.78662109375,-2.751377893770952,-3.084966238921357,0.7504702103665593,3.627743629156976,-0.3410041118057135,2.283670393060833,-0.7702765904688356,2.481636533755423,-3.5677257667733167,-1.790226067639766
49.0,88.0,1006.78662109375,-2.7513779289890863,-3.084966238921357,0.7504702103665593,3.62774281442856,-0.3410039846530713,2.283670483988156,-0.7702767303700837,2.4816365337554243,-3.567725766746687,-1.790226067639766
49.0,88.0,1006.78662109375,-2.751380058803913,-3.084966238921357,0.7504702103665593,3.627745852934121,-0.3410041110292553,2.28367032802242,-0.7702765904688356,2.481636533755448,-3.5677257672915004,-1.790226067639766
49.0,88.0,1006.78662109375,-2.7513779289890863,-3.084966238921357,0.7504702103665593,3.6277428135850354,-0.3410039851461328,2.283670627454917,-0.7702767303700837,2.4816365337554243,-3.567725766764084,-1.790226067639766
49.0,88.0,1006.7866821289062,-2.751380128856588,-3.084966238921357,0.7504702103665593,3.627830178282487,-0.3410038121067156,2.2836703276460018,-0.7702702751589964,2.481636533767312,-3.5677257665129063,-1.790226067639766
49.0,88.0,1006.7866821289062,-2.751380128856588,-3.084966238921357,0.7504702103665593,3.627830178282487,-0.3410041188130532,2.2836693885272843,-0.7702706661358043,2.4816365337563644,-3.5677257667648603,-1.790226067639766
49.0,88.0,1006.7866821289062,-2.751380128856588,-3.084966238921357,0.7504702103665593,3.627830178282487,-0.3410041188130532,2.2836693885272843,-0.770270279405641,2.4816365337665203,-3.5677257667648603,-1.790226067639766
49.0,88.0,1006.7866821289062,-2.751380128856588,-3.084966238921357,0.7504702103665593,3.627830178282487,-0.3410038121067156,2.2836703276460018,-0.7702702751589964,2.481636533767312,-3.5677257665129063,-1.790226067639766
49.0,88.0,1006.7866821289062,-2.7513802595945807,-3.084966238921357,0.7504702103665593,3.627830178282487,-0.3410039937589926,2.2836699476576063,-0.7702706661358043,2.481636533787872,-3.5677257667648603,-1.790226067639766
49.0,88.0,1006.7866821289062,-2.7513778105387448,-3.084966238921357,0.7504702103665593,3.6278208365004256,-0.3410041188554701,2.283667957098542,-0.7702755022435388,2.4816365337563147,-3.567725766764943,-1.790226067639766
49.0,88.0,1006.7867431640624,-2.7513880461632128,-3.084966238921357,0.7504702103665593,3.62774120281824,-0.3410040915501185,2.2837151628184555,-0.7703539069613867,2.481636533690791,-3.5677259921757494,-1.790226067639766
49.0,88.0,1006.7867431640624,-2.751388334655635,-3.084966238921357,0.7504702103665593,3.6277429918435904,-0.3410040916172202,2.2837151192802816,-0.7703539069613867,2.481636533690791,-3.567726006166726,-1.790226067639766
49.0,88.0,1006.7867431640624,-2.751388315767935,-3.084966238921357,0.7504702103665593,3.6277429918435904,-0.3410040916172202,2.2837151192802816,-0.7703539069613867,2.481636533690791,-3.567726006166726,-1.790226067639766
49.0,88.0,1006.7867431640624,-2.7513885712780266,-3.084966238921357,0.7504702103665593,3.6277428088227146,-0.3410040916172202,2.283716161625655,-0.7703585159850997,2.481636533690791,-3.567726006166726,-1.790226067639766
49.0,88.0,1006.7867431640624,-2.7513832990787974,-3.084966238921357,0.7504702103665593,3.62774281442856,-0.341004126520448,2.2837165415319216,-0.7703608831461239,2.481636533719436,-3.5677257671597578,-1.790226067639766
49.0,88.0,1006.7867431640624,-2.7513801545633894,-3.084966238921357,0.7504702103665593,3.627830178282487,-0.3410039869308061,2.2836703276460018,-0.7702562928305894,2.4816365337568063,-3.567725766721285,-1.790226067639766
49.0,88.0,1006.7867431640624,-2.751388334655635,-3.084966238921357,0.7504702103665593,3.6277429918435904,-0.3410040916172202,2.2837151192802816,-0.7703539069613867,2.481636533690791,-3.567726006166726,-1.790226067639766
49.0,88.0,1006.7867431640624,-2.751388784573386,-3.084966238921357,0.7504702103665593,3.6277428087972834,-0.3410040897742103,2.283720228359318,-0.7703585143347429,2.481636533755062,-3.5677257671130818,-1.790226067639766
49.0,88.0,1006.7868041992188,-2.751378096914451,-3.084966238921357,0.7504702103665593,3.62774281442856,-0.3410039848993581,2.28372005368751,-0.770358580985201,2.4816365337159847,-3.5677257671130818,-1.790226067639766
49.0,88.0,1006.7868041992188,-2.751378242754857,-3.084966238921357,0.7504702103665593,3.62774281442856,-0.3410041278515183,2.2837165415319216,-0.770358580985201,2.481636533714627,-3.5677257671468823,-1.790226067639766
49.0,88.0,1006.7868041992188,-2.7513780946652946,-3.084966238921357,0.7504702103665593,3.62774281442856,-0.3410039848918946,2.283720228359318,-0.770358580985201,2.481636533755062,-3.5677257671130818,-1.790226067639766
49.0,88.0,1006.7868041992188,-2.751377939528626,-3.084966238921357,0.7504702103665593,3.62774120281824,-0.3410039881684704,2.2837151628184555,-0.7703539069613867,2.4816365336910016,-3.5677259921757494,-1.790226067639766
49.0,88.0,1006.7868041992188,-2.75137817211167,-3.084966238921357,0.7504702103665593,3.6277429918435904,-0.3410040884540757,2.2837161080570336,-0.7703539069613867,2.481636533752484,-3.567726006166726,-1.790226067639766
49.0,88.0,1006.7868041992188,-2.751380180154112,-3.084966238921357,0.7504702103665593,3.62774281442856,-0.3410041192835592,2.2837158480899493,-0.770358580985201,2.481636533714076,-3.5677257667660363,-1.790226067639766
49.0,88.0,1006.7868041992188,-2.7513779497638726,-3.084966238921357,0.7504702103665593,3.627742633420888,-0.3410039848993581,2.283714229188757,-0.7703539569162857,2.4816365337220114,-3.5677257694700977,-1.790226067639766
49.0,88.0,1006.786865234375,-2.75138329417465,-3.084966238921357,0.7504702103665593,3.627743664460626,-0.3410040102213962,2.283717446111615,-0.7702813678053358,2.481636533787753,-3.567725766768175,-1.790226067639766
49.0,88.0,1006.786865234375,-2.7513880461632128,-3.084966238921357,0.7504702103665593,3.6278274589484174,-0.3410040916172202,2.2837151192802816,-0.7703539069613867,2.481636533690791,-3.567726006166726,-1.790226067639766
49.0,88.0,1006.786865234375,-2.751378096914451,-3.084966238921357,0.7504702103665593,3.62774281442856,-0.3410039848993581,2.283726223397808,-0.7703589354167479,2.481636533755423,-3.5677257671130818,-1.790226067639766
49.0,88.0,1006.786865234375,-2.7513880461632128,-3.084966238921357,0.7504702103665593,3.6278274589484174,-0.3409992062858387,2.2837151192802816,-0.7703515601120283,2.481636533690791,-3.56772602404847,-1.790226067639766
49.0,88.0,1006.786865234375,-2.7513781880116985,-3.084966238921357,0.7504702103665593,3.62774281442856,-0.3410039848993581,2.28372363038048,-0.7703589354167479,2.4816365337220114,-3.5677257671130818,-1.790226067639766
49.0,88.0,1006.786865234375,-2.7513880461632128,-3.084966238921357,0.7504702103665593,3.6278274589484174,-0.3410040916172202,2.2837151192802816,-0.7703539069613867,2.481636533690791,-3.567726006166726,-1.790226067639766
49.0,88.0,1006.786865234375,-2.7513781880116985,-3.084966238921357,0.7504702103665593,3.62774281442856,-0.3410039848993581,2.28372363038048,-0.7703589354167479,2.4816365337220114,-3.5677257671130818,-1.790226067639766
49.0,88.0,1006.786865234375,-2.751388813910715,-3.084966238921357,0.7504702103665593,3.627741085642552,-0.3410040915501185,2.2837151628184555,-0.7702618137700508,2.481636533759147,-3.5677259921757494,-1.790226067639766
49.0,88.0,1006.786865234375,-2.751378096914451,-3.084966238921357,0.7504702103665593,3.627742845375008,-0.3410039821575198,2.283726223397808,-0.7703589354167479,2.481636533755423,-3.5677257671130818,-1.790226067639766
49.0,88.0,1006.786865234375,-2.751388813910715,-3.084966238921357,0.7504702103665593,3.627741086486077,-0.3410040910570571,2.2837151628184555,-0.7702618137700508,2.481636533759147,-3.5677259921757494,-1.790226067639766
49.0,88.0,1006.786865234375,-2.751388813910715,-3.084966238921357,0.7504702103665593,3.627741085642552,-0.3410040915501185,2.2837151628184555,-0.7702618137700508,2.481636533759147,-3.5677259921757494,-1.790226067639766
49.0,88.0,1006.786865234375,-2.7513880461632128,-3.084966238921357,0.7504702103665593,3.6278291265615374,-0.3410040915443482,2.2837151607702983,-0.7703539069613867,2.481636533690791,-3.5677259921757494,-1.790226067639766
49.0,88.0,1006.786865234375,-2.751378177776452,-3.084966238921357,0.7504702103665593,3.6277413838259127,-0.3410039881684704,2.283724564010178,-0.7703588854618489,2.4816365336910016,-3.567725989818733,-1.790226067639766
49.0,88.0,1006.7869262695312,-2.7513782534347486,-3.084966238921357,0.7504702103665593,3.62774281442856,-0.3410039864771821,2.2837166028279445,-0.7702563211289647,2.481636533755423,-3.567725766768196,-1.790226067639766
49.0,88.0,1006.7869262695312,-2.751378260519473,-3.084966238921357,0.7504702103665593,3.62774281442856,-0.3410041226433425,2.2837166028279445,-0.7702563211289647,2.481636533755423,-3.567725766768196,-1.790226067639766
49.0,88.0,1006.7869262695312,-2.7513783355928947,-3.084966238921357,0.7504702103665593,3.62774281442856,-0.3410041226433425,2.2837166028279445,-0.7702563211289647,2.481636533755423,-3.567725766768196,-1.790226067639766
49.0,88.0,1006.7869262695312,-2.7513832701815497,-3.084966238921357,0.7504702103665593,3.62774546112046,-0.3410039864771821,2.2837189078877085,-0.7702564843543294,2.481636532780494,-3.5677257662042776,-1.790226067639766
49.0,88.0,1006.7869262695312,-2.751378190115942,-3.084966238921357,0.7504702103665593,3.62774281442856,-0.3410041209629112,2.2837161874247047,-0.7702563211289647,2.481636533755423,-3.5677257662024395,-1.790226067639766
49.0,89.0,1006.7864379882812,-2.7513780946652946,-3.084966238921357,0.7504702103665593,3.62774281442856,-0.3410039848918946,2.2836668981374046,-0.7703506191461958,2.481636533751874,-3.5677257671130818,-1.790226067639766
49.0,89.0,1006.7864990234376,-2.7513802120887942,-3.084966238921357,0.7504702103665593,3.627750287157424,-0.3410041118057135,2.283670393060833,-0.7703517969180309,2.481636533692046,-3.567725766773234,-1.790226067639766
49.0,89.0,1006.7864990234376,-2.7513802120887942,-3.084966238921357,0.7504702103665593,3.627750287157424,-0.3410041118057135,2.283670393060833,-0.7703517969180309,2.481636533692046,-3.56772576676808,-1.790226067639766
49.0,89.0,1006.7865600585938,-2.751380128856588,-3.084966238921357,0.7504702103665593,3.6278274945008735,-0.3410041188554701,2.283667957098542,-0.7703507086927341,2.4816365336929374,-3.5677257667648603,-1.790226067639766
49.0,89.0,1006.7865600585938,-2.751388323651596,-3.084966238921357,0.7504702103665593,3.62774281442856,-0.3410039934173783,2.283665341132956,-0.7702565823843158,2.48163653369373,-3.567725766768196,-1.790226067639766
49.0,89.0,1006.7865600585938,-2.751378191457333,-3.084966238921357,0.7504702103665593,3.6278274945008735,-0.3410041274234292,2.2836686505405144,-0.7703507086927341,2.4816365336934894,-3.5677257671457068,-1.790226067639766
49.0,89.0,1006.7865600585938,-2.751389436924188,-3.084966238921357,0.7504702103665593,3.6278274945008735,-0.3410041269549527,2.2836686505405144,-0.7703549035634822,2.4816365336947697,-3.567725993864196,-1.790226067639766
49.0,89.0,1006.7865600585938,-2.751380180154112,-3.084966238921357,0.7504702103665593,3.62774281442856,-0.3410039853616588,2.283664261353153,-0.7702594605286693,2.481636533714076,-3.5677257667660363,-1.790226067639766
49.0,89.0,1006.7865600585938,-2.7513802595945807,-3.084966238921357,0.7504702103665593,3.627830178282487,-0.3410040897612961,2.2836699476576063,-0.7703579259388648,2.481636533754464,-3.5677257667648603,-1.790226067639766
49.0,89.0,1006.78662109375,-2.751377855748838,-3.084966238921357,0.7504702103665593,3.62774281442856,-0.3410041118057135,2.283670393060833,-0.7702765904688356,2.481636533755423,-3.567725767167792,-1.790226067639766
49.0,89.0,1006.78662109375,-2.7513779289890863,-3.084966238921357,0.7504702103665593,3.62774281442856,-0.3410039846530713,2.283670627454917,-0.7702767303700837,2.4816365337554243,-3.567725766764084,-1.790226067639766
49.0,89.0,1006.78662109375,-2.751378179995331,-3.084966238921357,0.7504702103665593,3.62774281442856,-0.3410039902542339,2.283666329909708,-0.7702565823843158,2.481636533755423,-3.567725766768196,-1.790226067639766
49.0,89.0,1006.78662109375,-2.751377893770952,-3.084966238921357,0.7504702103665593,3.627743629156976,-0.3410041118057135,2.283670393060833,-0.7702765904688356,2.481636533755423,-3.5677257667733167,-1.790226067639766
49.0,89.0,1006.78662109375,-2.7513779289890863,-3.084966238921357,0.7504702103665593,3.62774281442856,-0.3410039846530713,2.283670483988156,-0.7702767303700837,2.4816365337554243,-3.567725766746687,-1.790226067639766
49.0,89.0,1006.78662109375,-2.751380058803913,-3.084966238921357,0.7504702103665593,3.627745852934121,-0.3410041110292553,2.28367032802242,-0.7702765904688356,2.481636533755448,-3.5677257672915004,-1.790226067639766
49.0,89.0,1006.78662109375,-2.7513779289890863,-3.084966238921357,0.7504702103665593,3.6277428135850354,-0.3410039851461328,2.283670627454917,-0.7702767303700837,2.4816365337554243,-3.567725766764084,-1.790226067639766
49.0,89.0,1006.78662109375,-2.751378179995331,-3.084966238921357,0.7504702103665593,3.62774281442856,-0.3410039902542339,2.283666329909708,-0.7702565823843158,2.481636533755423,-3.567725766773349,-1.790226067639766
49.0,89.0,1006.78662109375,-2.7513779289890863,-3.084966238921357,0.7504702103665593,3.6277428135850354,-0.3410039851461328,2.283670627454917,-0.7702767303700837,2.4816365337554243,-3.567725766764084,-1.790226067639766
49.0,89.0,1006.78662109375,-2.7513779289890863,-3.084966238921357,0.7504702103665593,3.62774281442856,-0.3410039899340409,2.283670483988156,-0.7702767303700837,2.4816365337554243,-3.5677257667491835,-1.790226067639766
49.0,89.0,1006.7866821289062,-2.751380128856588,-3.084966238921357,0.7504702103665593,3.627830178282487,-0.3410038121067156,2.2836703276460018,-0.7702702751589964,2.481636533767312,-3.5677257665129063,-1.790226067639766
49.0,89.0,1006.7866821289062,-2.751380128856588,-3.084966238921357,0.7504702103665593,3.627830178282487,-0.3410041188130532,2.2836693885272843,-0.7702706661358043,2.4816365337563644,-3.5677257667648603,-1.790226067639766
49.0,89.0,1006.7866821289062,-2.751380128856588,-3.084966238921357,0.7504702103665593,3.627830178282487,-0.3410041188130532,2.2836693885272843,-0.770270279405641,2.4816365337665203,-3.5677257667648603,-1.790226067639766
49.0,89.0,1006.7866821289062,-2.751380128856588,-3.084966238921357,0.7504702103665593,3.627830178282487,-0.3410038121067156,2.2836703276460018,-0.7702702751589964,2.481636533767312,-3.5677257665129063,-1.790226067639766
49.0,89.0,1006.7866821289062,-2.7513802595945807,-3.084966238921357,0.7504702103665593,3.627830178282487,-0.3410039937589926,2.2836699476576063,-0.7702706661358043,2.481636533787872,-3.5677257667648603,-1.790226067639766
49.0,89.0,1006.7866821289062,-2.7513778105387448,-3.084966238921357,0.7504702103665593,3.6278208365004256,-0.3410041188554701,2.283667957098542,-0.7702755022435388,2.4816365337563147,-3.567725766764943,-1.790226067639766
49.0,89.0,1006.7866821289062,-2.7513778105387448,-3.084966238921357,0.7504702103665593,3.6278208365004256,-0.3410041188554701,2.283667957098542,-0.7702755022435388,2.4816365337563147,-3.567725766764943,-1.790226067639766
49.0,89.0,1006.7867431640624,-2.7513880461632128,-3.084966238921357,0.7504702103665593,3.62774120281824,-0.3410040915501185,2.2837151628184555,-0.7703539069613867,2.481636533690791,-3.5677259921757494,-1.790226067639766
49.0,89.0,1006.7867431640624,-2.751388334655635,-3.084966238921357,0.7504702103665593,3.6277429918435904,-0.3410040916172202,2.2837151192802816,-0.7703539069613867,2.481636533690791,-3.567726006166726,-1.790226067639766
49.0,89.0,1006.7867431640624,-2.751388315767935,-3.084966238921357,0.7504702103665593,3.6277429918435904,-0.3410040916172202,2.2837151192802816,-0.7703539069613867,2.481636533690791,-3.567726006166726,-1.790226067639766
49.0,89.0,1006.7867431640624,-2.7513885712780266,-3.084966238921357,0.7504702103665593,3.6277428088227146,-0.3410040916172202,2.283716161625655,-0.7703585159850997,2.481636533690791,-3.567726006166726,-1.790226067639766
49.0,89.0,1006.7867431640624,-2.7513832990787974,-3.084966238921357,0.7504702103665593,3.62774281442856,-0.341004126520448,2.2837165415319216,-0.7703608831461239,2.481636533719436,-3.5677257671597578,-1.790226067639766
49.0,89.0,1006.7867431640624,-2.7513801545633894,-3.084966238921357,0.7504702103665593,3.627830178282487,-0.3410039869308061,2.2836703276460018,-0.7702562928305894,2.4816365337568063,-3.567725766721285,-1.790226067639766
49.0,89.0,1006.7867431640624,-2.751388334655635,-3.084966238921357,0.7504702103665593,3.6277429918435904,-0.3410040916172202,2.2837151192802816,-0.7703539069613867,2.481636533690791,-3.567726006166726,-1.790226067639766
49.0,89.0,1006.7867431640624,-2.751388784573386,-3.084966238921357,0.7504702103665593,3.6277428087972834,-0.3410040897742103,2.283720228359318,-0.7703585143347429,2.481636533755062,-3.5677257671130818,-1.790226067639766
49.0,89.0,1006.7867431640624,-2.751388334655635,-3.084966238921357,0.7504702103665593,3.6277429918435904,-0.3410041184741983,2.2837157146507496,-0.770350519683202,2.481636533690791,-3.567726007345906,-1.790226067639766
49.0,89.0,1006.7867431640624,-2.751388334655635,-3.084966238921357,0.7504702103665593,3.6277429918435904,-0.3410040916172202,2.2837151192802816,-0.7703539069613867,2.481636533690791,-3.567726006166726,-1.790226067639766
49.0,89.0,1006.7867431640624,-2.751388784573386,-3.084966238921357,0.7504702103665593,3.6277428087972834,-0.3410040844932407,2.283720228359318,-0.7703585143347429,2.481636533755062,-3.567725767110585,-1.790226067639766
49.0,89.0,1006.7867431640624,-2.7513801545633894,-3.084966238921357,0.7504702103665593,3.627830178282487,-0.3410039930757743,2.2836703276460018,-0.7702565761314696,2.4816365337568063,-3.567725766766925,-1.790226067639766
49.0,89.0,1006.7867431640624,-2.751388334655635,-3.084966238921357,0.7504702103665593,3.6277429918435904,-0.3410041207555641,2.2837151192802816,-0.7703539069613867,2.481636533753929,-3.567726006166726,-1.790226067639766
49.0,89.0,1006.7867431640624,-2.751388323651596,-3.084966238921357,0.7504702103665593,3.62774281442856,-0.3410041273392787,2.283716927869752,-0.7703557028408475,2.48163653369373,-3.567725766768196,-1.790226067639766
49.0,89.0,1006.7868041992188,-2.751378096914451,-3.084966238921357,0.7504702103665593,3.62774281442856,-0.3410039848993581,2.28372005368751,-0.770358580985201,2.4816365337159847,-3.5677257671130818,-1.790226067639766
49.0,89.0,1006.7868041992188,-2.751378242754857,-3.084966238921357,0.7504702103665593,3.62774281442856,-0.3410041278515183,2.2837165415319216,-0.770358580985201,2.481636533714627,-3.5677257671468823,-1.790226067639766
49.0,89.0,1006.7868041992188,-2.7513780946652946,-3.084966238921357,0.7504702103665593,3.62774281442856,-0.3410039848918946,2.283720228359318,-0.770358580985201,2.481636533755062,-3.5677257671130818,-1.790226067639766
49.0,89.0,1006.7868041992188,-2.751377939528626,-3.084966238921357,0.7504702103665593,3.62774120281824,-0.3410039881684704,2.2837151628184555,-0.7703539069613867,2.4816365336910016,-3.5677259921757494,-1.790226067639766
49.0,89.0,1006.7868041992188,-2.75137817211167,-3.084966238921357,0.7504702103665593,3.6277429918435904,-0.3410040884540757,2.2837161080570336,-0.7703539069613867,2.481636533752484,-3.567726006166726,-1.790226067639766
49.0,89.0,1006.7868041992188,-2.751380180154112,-3.084966238921357,0.7504702103665593,3.62774281442856,-0.3410041192835592,2.2837158480899493,-0.770358580985201,2.481636533714076,-3.5677257667660363,-1.790226067639766
49.0,89.0,1006.7868041992188,-2.7513779497638726,-3.084966238921357,0.7504702103665593,3.627742633420888,-0.3410039848993581,2.283714229188757,-0.7703539569162857,2.4816365337220114,-3.5677257694700977,-1.790226067639766
49.0,89.0,1006.7868041992188,-2.7513779497638726,-3.084966238921357,0.7504702103665593,3.62774282249378,-0.3410039848993581,2.283714229188757,-0.7703539569162857,2.4816365337220114,-3.567725767168477,-1.790226067639766
49.0,89.0,1006.7868041992188,-2.751380404373064,-3.084966238921357,0.7504702103665593,3.62774281442856,-0.3410041195554146,2.2837158429055244,-0.7703584062246829,2.481636533719436,-3.5677257671693794,-1.790226067639766
49.0,89.0,1006.786865234375,-2.75138329417465,-3.084966238921357,0.7504702103665593,3.627743664460626,-0.3410040102213962,2.283717446111615,-0.7702813678053358,2.481636533787753,-3.567725766768175,-1.790226067639766
49.0,90.0,1006.7864379882812,-2.7513780946652946,-3.084966238921357,0.7504702103665593,3.62774281442856,-0.3410039848918946,2.2836668981374046,-0.7703506191461958,2.481636533751874,-3.5677257671130818,-1.790226067639766
49.0,90.0,1006.7864379882812,-2.751380223007475,-3.084966238921357,0.7504702103665593,3.627741876804999,-0.3410041237245841,2.283666482812715,-0.7703516127926381,2.4816365336943704,-3.5677257667648603,-1.790226067639766
49.0,90.0,1006.7864379882812,-2.751388334655635,-3.084966238921357,0.7504702103665593,3.6277429918435904,-0.3410041093434095,2.283668865409304,-0.7703518148803705,2.4816365336920088,-3.5677257611809408,-1.790226067639766
49.0,90.0,1006.7864379882812,-2.7513893301953978,-3.084966238921357,0.7504702103665593,3.627742554850779,-0.3410041269549527,2.2836686505405144,-0.7703556968845963,2.4816365336947697,-3.5677260013302674,-1.790226067639766
49.0,90.0,1006.7864379882812,-2.751388784573386,-3.084966238921357,0.7504702103665593,3.6277468008707,-0.3410040844932407,2.283671112769205,-0.7703574521200471,2.481636533755062,-3.567725767109648,-1.790226067639766
49.0,90.0,1006.7864379882812,-2.751378090749027,-3.084966238921357,0.7504702103665593,3.62774281442856,-0.3410039848963604,2.2836668413318133,-0.7703506191461958,2.481636533751912,-3.5677257671130818,-1.790226067639766
49.0,90.0,1006.7864990234376,-2.7513802120887942,-3.084966238921357,0.7504702103665593,3.627750287157424,-0.3410041118057135,2.283670393060833,-0.7703517969180309,2.481636533692046,-3.567725766773234,-1.790226067639766
49.0,90.0,1006.7864990234376,-2.7513802120887942,-3.084966238921357,0.7504702103665593,3.627750287157424,-0.3410041118057135,2.283670393060833,-0.7703517969180309,2.481636533692046,-3.56772576676808,-1.790226067639766
49.0,90.0,1006.7864990234376,-2.7513779289890863,-3.084966238921357,0.7504702103665593,3.627750506495264,-0.3410039846530713,2.283670484136901,-0.7703478407527196,2.4816365337554243,-3.567725766746687,-1.790226067639766
49.0,90.0,1006.7864990234376,-2.7513802120887942,-3.084966238921357,0.7504702103665593,3.6277500946441226,-0.3410041209348196,2.283670393060833,-0.7703518119291409,2.481636533692046,-3.5677257700350915,-1.790226067639766
49.0,90.0,1006.7865600585938,-2.751380128856588,-3.084966238921357,0.7504702103665593,3.6278274945008735,-0.3410041188554701,2.283667957098542,-0.7703507086927341,2.4816365336929374,-3.5677257667648603,-1.790226067639766
49.0,90.0,1006.7865600585938,-2.751388323651596,-3.084966238921357,0.7504702103665593,3.62774281442856,-0.3410039934173783,2.283665341132956,-0.7702565823843158,2.48163653369373,-3.567725766768196,-1.790226067639766
49.0,90.0,1006.7865600585938,-2.751378191457333,-3.084966238921357,0.7504702103665593,3.6278274945008735,-0.3410041274234292,2.2836686505405144,-0.7703507086927341,2.4816365336934894,-3.5677257671457068,-1.790226067639766
49.0,90.0,1006.7865600585938,-2.751389436924188,-3.084966238921357,0.7504702103665593,3.6278274945008735,-0.3410041269549527,2.2836686505405144,-0.7703549035634822,2.4816365336947697,-3.567725993864196,-1.790226067639766
49.0,90.0,1006.7865600585938,-2.751380180154112,-3.084966238921357,0.7504702103665593,3.62774281442856,-0.3410039853616588,2.283664261353153,-0.7702594605286693,2.481636533714076,-3.5677257667660363,-1.790226067639766
49.0,90.0,1006.7865600585938,-2.7513802595945807,-3.084966238921357,0.7504702103665593,3.627830178282487,-0.3410040897612961,2.2836699476576063,-0.7703579259388648,2.481636533754464,-3.5677257667648603,-1.790226067639766
49.0,90.0,1006.7865600585938,-2.751380265188927,-3.084966238921357,0.7504702103665593,3.627827380847001,-0.341004117784462,2.283667957098542,-0.7703575389939358,2.481636533693704,-3.5677257667648603,-1.790226067639766
49.0,90.0,1006.7865600585938,-2.751380189093444,-3.084966238921357,0.7504702103665593,3.627827507627981,-0.3410041274234292,2.2836686362955536,-0.770350820161868,2.4816365336934894,-3.567725767140636,-1.790226067639766
49.0,90.0,1006.7865600585938,-2.7513802120887942,-3.084966238921357,0.7504702103665593,3.62774259509072,-0.3410041118057135,2.2836703929120885,-0.770280686535395,2.481636533692046,-3.567725766773234,-1.790226067639766
49.0,90.0,1006.7865600585938,-2.751380301361734,-3.084966238921357,0.7504702103665593,3.6278274161937625,-0.3410040897612961,2.2836699476576063,-0.7703581055434006,2.481636533754464,-3.567725767136772,-1.790226067639766
49.0,90.0,1006.7865600585938,-2.7513883344006542,-3.084966238921357,0.7504702103665593,3.6277428142247823,-0.341003992483032,2.283665341132956,-0.7702565823843158,2.48163653369373,-3.567726000471629,-1.790226067639766
49.0,90.0,1006.78662109375,-2.751377855748838,-3.084966238921357,0.7504702103665593,3.62774281442856,-0.3410041118057135,2.283670393060833,-0.7702765904688356,2.481636533755423,-3.567725767167792,-1.790226067639766
49.0,90.0,1006.78662109375,-2.7513779289890863,-3.084966238921357,0.7504702103665593,3.62774281442856,-0.3410039846530713,2.283670627454917,-0.7702767303700837,2.4816365337554243,-3.567725766764084,-1.790226067639766
49.0,90.0,1006.78662109375,-2.751378179995331,-3.084966238921357,0.7504702103665593,3.62774281442856,-0.3410039902542339,2.283666329909708,-0.7702565823843158,2.481636533755423,-3.567725766768196,-1.790226067639766
49.0,90.0,1006.78662109375,-2.751377893770952,-3.084966238921357,0.7504702103665593,3.627743629156976,-0.3410041118057135,2.283670393060833,-0.7702765904688356,2.481636533755423,-3.5677257667733167,-1.790226067639766
49.0,90.0,1006.78662109375,-2.7513779289890863,-3.084966238921357,0.7504702103665593,3.62774281442856,-0.3410039846530713,2.283670483988156,-0.7702767303700837,2.4816365337554243,-3.567725766746687,-1.790226067639766
49.0,90.0,1006.78662109375,-2.751380058803913,-3.084966238921357,0.7504702103665593,3.627745852934121,-0.3410041110292553,2.28367032802242,-0.7702765904688356,2.481636533755448,-3.5677257672915004,-1.790226067639766
49.0,90.0,1006.78662109375,-2.7513779289890863,-3.084966238921357,0.7504702103665593,3.6277428135850354,-0.3410039851461328,2.283670627454917,-0.7702767303700837,2.4816365337554243,-3.567725766764084,-1.790226067639766
49.0,90.0,1006.78662109375,-2.751378179995331,-3.084966238921357,0.7504702103665593,3.62774281442856,-0.3410039902542339,2.283666329909708,-0.7702565823843158,2.481636533755423,-3.567725766773349,-1.790226067639766
49.0,90.0,1006.78662109375,-2.7513779289890863,-3.084966238921357,0.7504702103665593,3.6277428135850354,-0.3410039851461328,2.283670627454917,-0.7702767303700837,2.4816365337554243,-3.567725766764084,-1.790226067639766
49.0,90.0,1006.78662109375,-2.7513779289890863,-3.084966238921357,0.7504702103665593,3.62774281442856,-0.3410039899340409,2.283670483988156,-0.7702767303700837,2.4816365337554243,-3.5677257667491835,-1.790226067639766
49.0,90.0,1006.78662109375,-2.7513779329053545,-3.084966238921357,0.7504702103665593,3.6277428135850354,-0.3410039851416669,2.283670684260509,-0.7702767303700837,2.4816365337553865,-3.567725766764084,-1.790226067639766
49.0,90.0,1006.78662109375,-2.751380117074238,-3.084966238921357,0.7504702103665593,3.627741648412645,-0.3410039906058628,2.2836658053809744,-0.7702565823843158,2.4816365337546555,-3.567725766773349,-1.790226067639766
49.0,90.0,1006.78662109375,-2.7513779289890863,-3.084966238921357,0.7504702103665593,3.62774583115332,-0.3410039835618272,2.2836704694750485,-0.7702765773030015,2.481636533755448,-3.5677257667491835,-1.790226067639766
49.0,90.0,1006.78662109375,-2.751380123262241,-3.084966238921357,0.7504702103665593,3.62783029193636,-0.3410040908323042,2.2836699476576063,-0.770351095637663,2.4816365337536976,-3.5677257667648603,-1.790226067639766
49.0,90.0,1006.7866821289062,-2.751380128856588,-3.084966238921357,0.7504702103665593,3.627830178282487,-0.3410038121067156,2.2836703276460018,-0.7702702751589964,2.481636533767312,-3.5677257665129063,-1.790226067639766
49.0,90.0,1006.7866821289062,-2.751380128856588,-3.084966238921357,0.7504702103665593,3.627830178282487,-0.3410041188130532,2.2836693885272843,-0.7702706661358043,2.4816365337563644,-3.5677257667648603,-1.790226067639766
49.0,90.0,1006.7866821289062,-2.751380128856588,-3.084966238921357,0.7504702103665593,3.627830178282487,-0.3410041188130532,2.2836693885272843,-0.770270279405641,2.4816365337665203,-3.5677257667648603,-1.790226067639766
49.0,90.0,1006.7866821289062,-2.751380128856588,-3.084966238921357,0.7504702103665593,3.627830178282487,-0.3410038121067156,2.2836703276460018,-0.7702702751589964,2.481636533767312,-3.5677257665129063,-1.790226067639766
49.0,90.0,1006.7866821289062,-2.7513802595945807,-3.084966238921357,0.7504702103665593,3.627830178282487,-0.3410039937589926,2.2836699476576063,-0.7702706661358043,2.481636533787872,-3.5677257667648603,-1.790226067639766
49.0,90.0,1006.7866821289062,-2.7513778105387448,-3.084966238921357,0.7504702103665593,3.6278208365004256,-0.3410041188554701,2.283667957098542,-0.7702755022435388,2.4816365337563147,-3.567725766764943,-1.790226067639766
49.0,90.0,1006.7866821289062,-2.7513778105387448,-3.084966238921357,0.7504702103665593,3.6278208365004256,-0.3410041188554701,2.283667957098542,-0.7702755022435388,2.4816365337563147,-3.567725766764943,-1.790226067639766
49.0,90.0,1006.7866821289062,-2.7513779289890863,-3.084966238921357,0.7504702103665593,3.627827691737077,-0.3410038151149894,2.283670627454917,-0.7702692794028173,2.4816365337554243,-3.567725766764084,-1.790226067639766
49.0,90.0,1006.7866821289062,-2.7513778105387448,-3.084966238921357,0.7504702103665593,3.6278198375451662,-0.3410040917964144,2.283667957098542,-0.7702755022435388,2.4816365337563147,-3.567725766764943,-1.790226067639766
49.0,90.0,1006.7866821289062,-2.7513801146482217,-3.084966238921357,0.7504702103665593,3.627830178282487,-0.3410041188568325,2.2836679060663405,-0.7702702389382196,2.481636533756951,-3.5677257667648576,-1.790226067639766
49.0,90.0,1006.7867431640624,-2.7513880461632128,-3.084966238921357,0.7504702103665593,3.62774120281824,-0.3410040915501185,2.2837151628184555,-0.7703539069613867,2.481636533690791,-3.5677259921757494,-1.790226067639766
49.0,90.0,1006.7867431640624,-2.751388334655635,-3.084966238921357,0.7504702103665593,3.6277429918435904,-0.3410040916172202,2.2837151192802816,-0.7703539069613867,2.481636533690791,-3.567726006166726,-1.790226067639766
49.0,90.0,1006.7867431640624,-2.751388315767935,-3.084966238921357,0.7504702103665593,3.6277429918435904,-0.3410040916172202,2.2837151192802816,-0.7703539069613867,2.481636533690791,-3.567726006166726,-1.790226067639766
49.0,90.0,1006.7867431640624,-2.7513885712780266,-3.084966238921357,0.7504702103665593,3.6277428088227146,-0.3410040916172202,2.283716161625655,-0.7703585159850997,2.481636533690791,-3.567726006166726,-1.790226067639766
49.0,90.0,1006.7867431640624,-2.7513832990787974,-3.084966238921357,0.7504702103665593,3.62774281442856,-0.341004126520448,2.2837165415319216,-0.7703608831461239,2.481636533719436,-3.5677257671597578,-1.790226067639766
49.0,91.0,1006.7864379882812,-2.7513780946652946,-3.084966238921357,0.7504702103665593,3.62774281442856,-0.3410039848918946,2.2836668981374046,-0.7703506191461958,2.481636533751874,-3.5677257671130818,-1.790226067639766
49.0,91.0,1006.7864379882812,-2.751380223007475,-3.084966238921357,0.7504702103665593,3.627741876804999,-0.3410041237245841,2.283666482812715,-0.7703516127926381,2.4816365336943704,-3.5677257667648603,-1.790226067639766
49.0,91.0,1006.7864379882812,-2.751388334655635,-3.084966238921357,0.7504702103665593,3.6277429918435904,-0.3410041093434095,2.283668865409304,-0.7703518148803705,2.4816365336920088,-3.5677257611809408,-1.790226067639766
49.0,91.0,1006.7864379882812,-2.7513893301953978,-3.084966238921357,0.7504702103665593,3.627742554850779,-0.3410041269549527,2.2836686505405144,-0.7703556968845963,2.4816365336947697,-3.5677260013302674,-1.790226067639766
49.0,91.0,1006.7864379882812,-2.751388784573386,-3.084966238921357,0.7504702103665593,3.6277468008707,-0.3410040844932407,2.283671112769205,-0.7703574521200471,2.481636533755062,-3.567725767109648,-1.790226067639766
49.0,91.0,1006.7864379882812,-2.751378090749027,-3.084966238921357,0.7504702103665593,3.62774281442856,-0.3410039848963604,2.2836668413318133,-0.7703506191461958,2.481636533751912,-3.5677257671130818,-1.790226067639766
49.0,91.0,1006.7864379882812,-2.7513802120887942,-3.084966238921357,0.7504702103665593,3.627741870193297,-0.3410041118057135,2.283666539732945,-0.7703517969180309,2.481636533692046,-3.567725766773234,-1.790226067639766
49.0,91.0,1006.7864379882812,-2.751389474960634,-3.084966238921357,0.7504702103665593,3.627742554850779,-0.3410041269549527,2.2836686133464306,-0.7703556968845963,2.4816365336995165,-3.5677260013302674,-1.790226067639766
49.0,91.0,1006.7864379882812,-2.751378191457333,-3.084966238921357,0.7504702103665593,3.627744219893969,-0.3410041270612324,2.28366687982284,-0.7703507086927341,2.4816365336934894,-3.5677257671457068,-1.790226067639766
49.0,91.0,1006.7864379882812,-2.751380262158801,-3.084966238921357,0.7504702103665593,3.627739622354794,-0.3410041225177683,2.2836699476576063,-0.7703578563310625,2.4816365336956343,-3.5677257667648603,-1.790226067639766
49.0,91.0,1006.7864379882812,-2.751388784573386,-3.084966238921357,0.7504702103665593,3.627750623489368,-0.3410039819246311,2.283671052150312,-0.7703483155188056,2.4816365337554243,-3.567725767109648,-1.790226067639766
49.0,91.0,1006.7864379882812,-2.751388334655635,-3.084966238921357,0.7504702103665593,3.6277429918435904,-0.3410041093434095,2.283670224295614,-0.7703477790255098,2.4816365337552253,-3.5677257611809408,-1.790226067639766
49.0,91.0,1006.7864990234376,-2.7513802120887942,-3.084966238921357,0.7504702103665593,3.627750287157424,-0.3410041118057135,2.283670393060833,-0.7703517969180309,2.481636533692046,-3.567725766773234,-1.790226067639766
49.0,91.0,1006.7864990234376,-2.7513802120887942,-3.084966238921357,0.7504702103665593,3.627750287157424,-0.3410041118057135,2.283670393060833,-0.7703517969180309,2.481636533692046,-3.56772576676808,-1.790226067639766
49.0,91.0,1006.7864990234376,-2.7513779289890863,-3.084966238921357,0.7504702103665593,3.627750506495264,-0.3410039846530713,2.283670484136901,-0.7703478407527196,2.4816365337554243,-3.567725766746687,-1.790226067639766
49.0,91.0,1006.7864990234376,-2.7513802120887942,-3.084966238921357,0.7504702103665593,3.6277500946441226,-0.3410041209348196,2.283670393060833,-0.7703518119291409,2.481636533692046,-3.5677257700350915,-1.790226067639766
49.0,91.0,1006.7864990234376,-2.7513802120887942,-3.084966238921357,0.7504702103665593,3.627748549695859,-0.3410041119400671,2.283670393060833,-0.7703517816475797,2.481636533693468,-3.567725766770069,-1.790226067639766
49.0,91.0,1006.7864990234376,-2.751380223007475,-3.084966238921357,0.7504702103665593,3.627750293769126,-0.3410041237245841,2.2836703361406028,-0.7703516127926381,2.4816365336943704,-3.5677257667648603,-1.790226067639766
49.0,91.0,1006.7865600585938,-2.751380128856588,-3.084966238921357,0.7504702103665593,3.6278274945008735,-0.3410041188554701,2.283667957098542,-0.7703507086927341,2.4816365336929374,-3.5677257667648603,-1.790226067639766
49.0,91.0,1006.7865600585938,-2.751388323651596,-3.084966238921357,0.7504702103665593,3.62774281442856,-0.3410039934173783,2.283665341132956,-0.7702565823843158,2.48163653369373,-3.567725766768196,-1.790226067639766
49.0,91.0,1006.7865600585938,-2.751378191457333,-3.084966238921357,0.7504702103665593,3.6278274945008735,-0.3410041274234292,2.2836686505405144,-0.7703507086927341,2.4816365336934894,-3.5677257671457068,-1.790226067639766
49.0,91.0,1006.7865600585938,-2.751389436924188,-3.084966238921357,0.7504702103665593,3.6278274945008735,-0.3410041269549527,2.2836686505405144,-0.7703549035634822,2.4816365336947697,-3.567725993864196,-1.790226067639766
49.0,91.0,1006.7865600585938,-2.751380180154112,-3.084966238921357,0.7504702103665593,3.62774281442856,-0.3410039853616588,2.283664261353153,-0.7702594605286693,2.481636533714076,-3.5677257667660363,-1.790226067639766
49.0,91.0,1006.7865600585938,-2.7513802595945807,-3.084966238921357,0.7504702103665593,3.627830178282487,-0.3410040897612961,2.2836699476576063,-0.7703579259388648,2.481636533754464,-3.5677257667648603,-1.790226067639766
49.0,91.0,1006.7865600585938,-2.751380265188927,-3.084966238921357,0.7504702103665593,3.627827380847001,-0.341004117784462,2.283667957098542,-0.7703575389939358,2.481636533693704,-3.5677257667648603,-1.790226067639766
49.0,91.0,1006.7865600585938,-2.751380189093444,-3.084966238921357,0.7504702103665593,3.627827507627981,-0.3410041274234292,2.2836686362955536,-0.770350820161868,2.4816365336934894,-3.567725767140636,-1.790226067639766
49.0,91.0,1006.7865600585938,-2.7513802120887942,-3.084966238921357,0.7504702103665593,3.62774259509072,-0.3410041118057135,2.2836703929120885,-0.770280686535395,2.481636533692046,-3.567725766773234,-1.790226067639766
49.0,91.0,1006.7865600585938,-2.751380301361734,-3.084966238921357,0.7504702103665593,3.6278274161937625,-0.3410040897612961,2.2836699476576063,-0.7703581055434006,2.481636533754464,-3.567725767136772,-1.790226067639766
49.0,91.0,1006.7865600585938,-2.7513883344006542,-3.084966238921357,0.7504702103665593,3.6277428142247823,-0.341003992483032,2.283665341132956,-0.7702565823843158,2.48163653369373,-3.567726000471629,-1.790226067639766
49.0,91.0,1006.7865600585938,-2.7513803147128395,-3.084966238921357,0.7504702103665593,3.6278274158454,-0.3410041256640507,2.2836686362955536,-0.770350820161868,2.48163653369447,-3.567725767140707,-1.790226067639766
49.0,91.0,1006.7865600585938,-2.7513883344006542,-3.084966238921357,0.7504702103665593,3.6277428142247823,-0.3410041201737472,2.283664845177018,-0.7702565823843158,2.48163653369373,-3.5677259870688123,-1.790226067639766
49.0,91.0,1006.7865600585938,-2.751377923761129,-3.084966238921357,0.7504702103665593,3.627825213880557,-0.3410041269549527,2.28367035113545,-0.7703549035634822,2.4816365337562294,-3.567725993864196,-1.790226067639766
49.0,91.0,1006.7865600585938,-2.7513780946652946,-3.084966238921357,0.7504702103665593,3.6278260890354654,-0.3410039852540914,2.28366866885508,-0.7703506191461958,2.481636533751874,-3.5677257671130818,-1.790226067639766
49.0,91.0,1006.7865600585938,-2.7513802204432545,-3.084966238921357,0.7504702103665593,3.627832432732692,-0.3410040909681119,2.283666482812715,-0.7703516824004404,2.4816365337532,-3.5677257667648603,-1.790226067639766
49.0,91.0,1006.78662109375,-2.751377855748838,-3.084966238921357,0.7504702103665593,3.62774281442856,-0.3410041118057135,2.283670393060833,-0.7702765904688356,2.481636533755423,-3.567725767167792,-1.790226067639766
49.0,91.0,1006.78662109375,-2.7513779289890863,-3.084966238921357,0.7504702103665593,3.62774281442856,-0.3410039846530713,2.283670627454917,-0.7702767303700837,2.4816365337554243,-3.567725766764084,-1.790226067639766
49.0,91.0,1006.78662109375,-2.751378179995331,-3.084966238921357,0.7504702103665593,3.62774281442856,-0.3410039902542339,2.283666329909708,-0.7702565823843158,2.481636533755423,-3.567725766768196,-1.790226067639766
49.0,91.0,1006.78662109375,-2.751377893770952,-3.084966238921357,0.7504702103665593,3.627743629156976,-0.3410041118057135,2.283670393060833,-0.7702765904688356,2.481636533755423,-3.5677257667733167,-1.790226067639766
49.0,91.0,1006.78662109375,-2.7513779289890863,-3.084966238921357,0.7504702103665593,3.62774281442856,-0.3410039846530713,2.283670483988156,-0.7702767303700837,2.4816365337554243,-3.567725766746687,-1.790226067639766
49.0,91.0,1006.78662109375,-2.751380058803913,-3.084966238921357,0.7504702103665593,3.627745852934121,-0.3410041110292553,2.28367032802242,-0.7702765904688356,2.481636533755448,-3.5677257672915004,-1.790226067639766
49.0,91.0,1006.78662109375,-2.7513779289890863,-3.084966238921357,0.7504702103665593,3.6277428135850354,-0.3410039851461328,2.283670627454917,-0.7702767303700837,2.4816365337554243,-3.567725766764084,-1.790226067639766
49.0,91.0,1006.78662109375,-2.751378179995331,-3.084966238921357,0.7504702103665593,3.62774281442856,-0.3410039902542339,2.283666329909708,-0.7702565823843158,2.481636533755423,-3.567725766773349,-1.790226067639766
49.0,91.0,1006.78662109375,-2.7513779289890863,-3.084966238921357,0.7504702103665593,3.6277428135850354,-0.3410039851461328,2.283670627454917,-0.7702767303700837,2.4816365337554243,-3.567725766764084,-1.790226067639766
49.0,91.0,1006.78662109375,-2.7513779289890863,-3.084966238921357,0.7504702103665593,3.62774281442856,-0.3410039899340409,2.283670483988156,-0.7702767303700837,2.4816365337554243,-3.5677257667491835,-1.790226067639766
49.0,91.0,1006.78662109375,-2.7513779329053545,-3.084966238921357,0.7504702103665593,3.6277428135850354,-0.3410039851416669,2.283670684260509,-0.7702767303700837,2.4816365337553865,-3.567725766764084,-1.790226067639766
49.0,91.0,1006.78662109375,-2.751380117074238,-3.084966238921357,0.7504702103665593,3.627741648412645,-0.3410039906058628,2.2836658053809744,-0.7702565823843158,2.4816365337546555,-3.567725766773349,-1.790226067639766
49.0,91.0,1006.78662109375,-2.7513779289890863,-3.084966238921357,0.7504702103665593,3.62774583115332,-0.3410039835618272,2.2836704694750485,-0.7702765773030015,2.481636533755448,-3.5677257667491835,-1.790226067639766
49.0,91.0,1006.78662109375,-2.751380123262241,-3.084966238921357,0.7504702103665593,3.62783029193636,-0.3410040908323042,2.2836699476576063,-0.770351095637663,2.4816365337536976,-3.5677257667648603,-1.790226067639766
49.0,91.0,1006.78662109375,-2.751378179995331,-3.084966238921357,0.7504702103665593,3.62774281442856,-0.341003990193943,2.2836666343170933,-0.7702562403078119,2.481636533755423,-3.5677257667680307,-1.790226067639766
49.0,91.0,1006.78662109375,-2.751380117074238,-3.084966238921357,0.7504702103665593,3.627741648412645,-0.3410039906058628,2.2836658053809744,-0.7702565823843158,2.4816365337546555,-3.567725766773349,-1.790226067639766
49.0,92.0,1006.7864379882812,-2.7513780946652946,-3.084966238921357,0.7504702103665593,3.62774281442856,-0.3410039848918946,2.2836668981374046,-0.7703506191461958,2.481636533751874,-3.5677257671130818,-1.790226067639766
49.0,92.0,1006.7864379882812,-2.751380223007475,-3.084966238921357,0.7504702103665593,3.627741876804999,-0.3410041237245841,2.283666482812715,-0.7703516127926381,2.4816365336943704,-3.5677257667648603,-1.790226067639766
49.0,92.0,1006.7864379882812,-2.751388334655635,-3.084966238921357,0.7504702103665593,3.6277429918435904,-0.3410041093434095,2.283668865409304,-0.7703518148803705,2.4816365336920088,-3.5677257611809408,-1.790226067639766
49.0,92.0,1006.7864379882812,-2.7513893301953978,-3.084966238921357,0.7504702103665593,3.627742554850779,-0.3410041269549527,2.2836686505405144,-0.7703556968845963,2.4816365336947697,-3.5677260013302674,-1.790226067639766
49.0,92.0,1006.7864379882812,-2.751388784573386,-3.084966238921357,0.7504702103665593,3.6277468008707,-0.3410040844932407,2.283671112769205,-0.7703574521200471,2.481636533755062,-3.567725767109648,-1.790226067639766
49.0,92.0,1006.7864379882812,-2.751378090749027,-3.084966238921357,0.7504702103665593,3.62774281442856,-0.3410039848963604,2.2836668413318133,-0.7703506191461958,2.481636533751912,-3.5677257671130818,-1.790226067639766
49.0,92.0,1006.7864379882812,-2.7513802120887942,-3.084966238921357,0.7504702103665593,3.627741870193297,-0.3410041118057135,2.283666539732945,-0.7703517969180309,2.481636533692046,-3.567725766773234,-1.790226067639766
49.0,92.0,1006.7864379882812,-2.751389474960634,-3.084966238921357,0.7504702103665593,3.627742554850779,-0.3410041269549527,2.2836686133464306,-0.7703556968845963,2.4816365336995165,-3.5677260013302674,-1.790226067639766
49.0,92.0,1006.7864379882812,-2.751378191457333,-3.084966238921357,0.7504702103665593,3.627744219893969,-0.3410041270612324,2.28366687982284,-0.7703507086927341,2.4816365336934894,-3.5677257671457068,-1.790226067639766
49.0,92.0,1006.7864379882812,-2.751380262158801,-3.084966238921357,0.7504702103665593,3.627739622354794,-0.3410041225177683,2.2836699476576063,-0.7703578563310625,2.4816365336956343,-3.5677257667648603,-1.790226067639766
49.0,92.0,1006.7864379882812,-2.751388784573386,-3.084966238921357,0.7504702103665593,3.627750623489368,-0.3410039819246311,2.283671052150312,-0.7703483155188056,2.4816365337554243,-3.567725767109648,-1.790226067639766
49.0,92.0,1006.7864379882812,-2.751388334655635,-3.084966238921357,0.7504702103665593,3.6277429918435904,-0.3410041093434095,2.283670224295614,-0.7703477790255098,2.4816365337552253,-3.5677257611809408,-1.790226067639766
49.0,92.0,1006.7864379882812,-2.751380262158801,-3.084966238921357,0.7504702103665593,3.6277396824152888,-0.3410041135763555,2.283664087558613,-0.7703578563310625,2.4816365336964243,-3.5677257667660265,-1.790226067639766
49.0,92.0,1006.7864379882812,-2.751389289499701,-3.084966238921357,0.7504702103665593,3.6277425705792576,-0.3410041269549527,2.2836686505405144,-0.7703556968845963,2.4816365336947697,-3.567725995545011,-1.790226067639766
49.0,92.0,1006.7864379882812,-2.751389341180273,-3.084966238921357,0.7504702103665593,3.627741876804999,-0.3410041268635187,2.283668516950856,-0.7703556647925834,2.4816365336943704,-3.5677257667648603,-1.790226067639766
49.0,92.0,1006.7864379882812,-2.751388784573386,-3.084966238921357,0.7504702103665593,3.6277468008707,-0.3410040844932407,2.283671112769205,-0.7703574521200471,2.481636533755062,-3.567725767109648,-1.790226067639766
49.0,92.0,1006.7864379882812,-2.751388567267442,-3.084966238921357,0.7504702103665593,3.627750287157424,-0.3410041118057135,2.283670393060833,-0.7703517969180309,2.481636533692046,-3.56772576676808,-1.790226067639766
49.0,92.0,1006.7864379882812,-2.751389474960634,-3.084966238921357,0.7504702103665593,3.627742556108249,-0.3410041299113975,2.2836686707660387,-0.7703540787813152,2.4816365336995165,-3.5677260013302674,-1.790226067639766
49.0,92.0,1006.7864379882812,-2.751388334655635,-3.084966238921357,0.7504702103665593,3.6277429918435904,-0.3410041093434095,2.283670224295614,-0.7703477790255098,2.4816365337552253,-3.5677257611809408,-1.790226067639766
49.0,92.0,1006.7864990234376,-2.7513802120887942,-3.084966238921357,0.7504702103665593,3.627750287157424,-0.3410041118057135,2.283670393060833,-0.7703517969180309,2.481636533692046,-3.567725766773234,-1.790226067639766
49.0,92.0,1006.7864990234376,-2.7513802120887942,-3.084966238921357,0.7504702103665593,3.627750287157424,-0.3410041118057135,2.283670393060833,-0.7703517969180309,2.481636533692046,-3.56772576676808,-1.790226067639766
49.0,92.0,1006.7864990234376,-2.7513779289890863,-3.084966238921357,0.7504702103665593,3.627750506495264,-0.3410039846530713,2.283670484136901,-0.7703478407527196,2.4816365337554243,-3.567725766746687,-1.790226067639766
49.0,92.0,1006.7864990234376,-2.7513802120887942,-3.084966238921357,0.7504702103665593,3.6277500946441226,-0.3410041209348196,2.283670393060833,-0.7703518119291409,2.481636533692046,-3.5677257700350915,-1.790226067639766
49.0,92.0,1006.7864990234376,-2.7513802120887942,-3.084966238921357,0.7504702103665593,3.627748549695859,-0.3410041119400671,2.283670393060833,-0.7703517816475797,2.481636533693468,-3.567725766770069,-1.790226067639766
49.0,92.0,1006.7864990234376,-2.751380223007475,-3.084966238921357,0.7504702103665593,3.627750293769126,-0.3410041237245841,2.2836703361406028,-0.7703516127926381,2.4816365336943704,-3.5677257667648603,-1.790226067639766
49.0,92.0,1006.7864990234376,-2.751380223067763,-3.084966238921357,0.7504702103665593,3.62774257608656,-0.3410041237245841,2.283670327826252,-0.7703516127926381,2.4816365336943704,-3.567725766773306,-1.790226067639766
49.0,92.0,1006.7864990234376,-2.751380210318527,-3.084966238921357,0.7504702103665593,3.627750229440725,-0.3410041209348196,2.283670429830974,-0.7703514000457183,2.481636533692046,-3.5677257706512018,-1.790226067639766
49.0,92.0,1006.7864990234376,-2.7513783255114164,-3.084966238921357,0.7504702103665593,3.6277500946441226,-0.3410041209991659,2.283668698558901,-0.7703517270434406,2.481636533692046,-3.567725767259692,-1.790226067639766
49.0,92.0,1006.7864990234376,-2.751380429394738,-3.084966238921357,0.7504702103665593,3.627750623489368,-0.3410039819246311,2.283671052150312,-0.7703483155188056,2.4816365337554243,-3.567725767109648,-1.790226067639766
49.0,92.0,1006.7865600585938,-2.751380128856588,-3.084966238921357,0.7504702103665593,3.6278274945008735,-0.3410041188554701,2.283667957098542,-0.7703507086927341,2.4816365336929374,-3.5677257667648603,-1.790226067639766
49.0,92.0,1006.7865600585938,-2.751388323651596,-3.084966238921357,0.7504702103665593,3.62774281442856,-0.3410039934173783,2.283665341132956,-0.7702565823843158,2.48163653369373,-3.567725766768196,-1.790226067639766
49.0,92.0,1006.7865600585938,-2.751378191457333,-3.084966238921357,0.7504702103665593,3.6278274945008735,-0.3410041274234292,2.2836686505405144,-0.7703507086927341,2.4816365336934894,-3.5677257671457068,-1.790226067639766
49.0,92.0,1006.7865600585938,-2.751389436924188,-3.084966238921357,0.7504702103665593,3.6278274945008735,-0.3410041269549527,2.2836686505405144,-0.7703549035634822,2.4816365336947697,-3.567725993864196,-1.790226067639766
49.0,92.0,1006.7865600585938,-2.751380180154112,-3.084966238921357,0.7504702103665593,3.62774281442856,-0.3410039853616588,2.283664261353153,-0.7702594605286693,2.481636533714076,-3.5677257667660363,-1.790226067639766
49.0,92.0,1006.7865600585938,-2.7513802595945807,-3.084966238921357,0.7504702103665593,3.627830178282487,-0.3410040897612961,2.2836699476576063,-0.7703579259388648,2.481636533754464,-3.5677257667648603,-1.790226067639766
49.0,92.0,1006.7865600585938,-2.751380265188927,-3.084966238921357,0.7504702103665593,3.627827380847001,-0.341004117784462,2.283667957098542,-0.7703575389939358,2.481636533693704,-3.5677257667648603,-1.790226067639766
49.0,92.0,1006.7865600585938,-2.751380189093444,-3.084966238921357,0.7504702103665593,3.627827507627981,-0.3410041274234292,2.2836686362955536,-0.770350820161868,2.4816365336934894,-3.567725767140636,-1.790226067639766
49.0,92.0,1006.7865600585938,-2.7513802120887942,-3.084966238921357,0.7504702103665593,3.62774259509072,-0.3410041118057135,2.2836703929120885,-0.770280686535395,2.481636533692046,-3.567725766773234,-1.790226067639766
49.0,92.0,1006.7865600585938,-2.751380301361734,-3.084966238921357,0.7504702103665593,3.6278274161937625,-0.3410040897612961,2.2836699476576063,-0.7703581055434006,2.481636533754464,-3.567725767136772,-1.790226067639766
49.0,92.0,1006.7865600585938,-2.7513883344006542,-3.084966238921357,0.7504702103665593,3.6277428142247823,-0.341003992483032,2.283665341132956,-0.7702565823843158,2.48163653369373,-3.567726000471629,-1.790226067639766
49.0,92.0,1006.7865600585938,-2.7513803147128395,-3.084966238921357,0.7504702103665593,3.6278274158454,-0.3410041256640507,2.2836686362955536,-0.770350820161868,2.48163653369447,-3.567725767140707,-1.790226067639766
49.0,92.0,1006.7865600585938,-2.7513883344006542,-3.084966238921357,0.7504702103665593,3.6277428142247823,-0.3410041201737472,2.283664845177018,-0.7702565823843158,2.48163653369373,-3.5677259870688123,-1.790226067639766
49.0,92.0,1006.7865600585938,-2.751377923761129,-3.084966238921357,0.7504702103665593,3.627825213880557,-0.3410041269549527,2.28367035113545,-0.7703549035634822,2.4816365337562294,-3.567725993864196,-1.790226067639766
49.0,92.0,1006.7865600585938,-2.7513780946652946,-3.084966238921357,0.7504702103665593,3.6278260890354654,-0.3410039852540914,2.28366866885508,-0.7703506191461958,2.481636533751874,-3.5677257671130818,-1.790226067639766
49.0,92.0,1006.7865600585938,-2.7513802204432545,-3.084966238921357,0.7504702103665593,3.627832432732692,-0.3410040909681119,2.283666482812715,-0.7703516824004404,2.4816365337532,-3.5677257667648603,-1.790226067639766
49.0,92.0,1006.7865600585938,-2.7513802595945807,-3.084966238921357,0.7504702103665593,3.627830055093941,-0.3410040897612961,2.2836699476576063,-0.7703581097699169,2.481636533754464,-3.5677257667648603,-1.790226067639766
49.0,92.0,1006.7865600585938,-2.751377923761129,-3.084966238921357,0.7504702103665593,3.627825213880557,-0.3410041269549527,2.28367035113545,-0.7703549035634822,2.4816365337562294,-3.567725993864196,-1.790226067639766
49.0,92.0,1006.7865600585938,-2.7513802595945807,-3.084966238921357,0.7504702103665593,3.627830178282487,-0.341004089208349,2.2836703800085454,-0.7703579259388648,2.481636533755597,-3.567725766765234,-1.790226067639766
49.0,92.0,1006.7865600585938,-2.751389436924188,-3.084966238921357,0.7504702103665593,3.627827507669634,-0.3410041270015162,2.2836686363634384,-0.7703508832744492,2.4816365336947697,-3.567725993864196,-1.790226067639766
49.0,92.0,1006.7865600585938,-2.7513802120285056,-3.084966238921357,0.7504702103665593,3.627750312773288,-0.3410041118057135,2.28367040122644,-0.770280686535395,2.481636533692046,-3.5677257667647884,-1.790226067639766
49.0,93.0,1006.77783203125,-2.7513778650346263,-3.0835693187933284,0.7504702103665593,3.627748549695859,-0.3410041119400671,2.283670393060833,-0.7703517816475797,2.481636533693468,-3.567725766770069,-1.790226067639766
49.0,93.0,1006.786376953125,-2.751388567267442,-3.084966238921357,0.7504702103665593,3.627750287157424,-0.3410041135623933,2.283664233796101,-0.7703517969180309,2.481636533692079,-3.56772576676808,-1.790226067639766
49.0,93.0,1006.7864379882812,-2.7513780946652946,-3.084966238921357,0.7504702103665593,3.62774281442856,-0.3410039848918946,2.2836668981374046,-0.7703506191461958,2.481636533751874,-3.5677257671130818,-1.790226067639766
49.0,93.0,1006.7864379882812,-2.751380223007475,-3.084966238921357,0.7504702103665593,3.627741876804999,-0.3410041237245841,2.283666482812715,-0.7703516127926381,2.4816365336943704,-3.5677257667648603,-1.790226067639766
49.0,93.0,1006.7864379882812,-2.751388334655635,-3.084966238921357,0.7504702103665593,3.6277429918435904,-0.3410041093434095,2.283668865409304,-0.7703518148803705,2.4816365336920088,-3.5677257611809408,-1.790226067639766
49.0,93.0,1006.7864379882812,-2.7513893301953978,-3.084966238921357,0.7504702103665593,3.627742554850779,-0.3410041269549527,2.2836686505405144,-0.7703556968845963,2.4816365336947697,-3.5677260013302674,-1.790226067639766
49.0,93.0,1006.7864379882812,-2.751388784573386,-3.084966238921357,0.7504702103665593,3.6277468008707,-0.3410040844932407,2.283671112769205,-0.7703574521200471,2.481636533755062,-3.567725767109648,-1.790226067639766
49.0,93.0,1006.7864379882812,-2.751378090749027,-3.084966238921357,0.7504702103665593,3.62774281442856,-0.3410039848963604,2.2836668413318133,-0.7703506191461958,2.481636533751912,-3.5677257671130818,-1.790226067639766
49.0,93.0,1006.7864379882812,-2.7513802120887942,-3.084966238921357,0.7504702103665593,3.627741870193297,-0.3410041118057135,2.283666539732945,-0.7703517969180309,2.481636533692046,-3.567725766773234,-1.790226067639766
49.0,93.0,1006.7864379882812,-2.751389474960634,-3.084966238921357,0.7504702103665593,3.627742554850779,-0.3410041269549527,2.2836686133464306,-0.7703556968845963,2.4816365336995165,-3.5677260013302674,-1.790226067639766
49.0,93.0,1006.7864379882812,-2.751378191457333,-3.084966238921357,0.7504702103665593,3.627744219893969,-0.3410041270612324,2.28366687982284,-0.7703507086927341,2.4816365336934894,-3.5677257671457068,-1.790226067639766
49.0,93.0,1006.7864379882812,-2.751380262158801,-3.084966238921357,0.7504702103665593,3.627739622354794,-0.3410041225177683,2.2836699476576063,-0.7703578563310625,2.4816365336956343,-3.5677257667648603,-1.790226067639766
49.0,93.0,1006.7864379882812,-2.751388784573386,-3.084966238921357,0.7504702103665593,3.627750623489368,-0.3410039819246311,2.283671052150312,-0.7703483155188056,2.4816365337554243,-3.567725767109648,-1.790226067639766
49.0,93.0,1006.7864379882812,-2.751388334655635,-3.084966238921357,0.7504702103665593,3.6277429918435904,-0.3410041093434095,2.283670224295614,-0.7703477790255098,2.4816365337552253,-3.5677257611809408,-1.790226067639766
49.0,93.0,1006.7864379882812,-2.751380262158801,-3.084966238921357,0.7504702103665593,3.6277396824152888,-0.3410041135763555,2.283664087558613,-0.7703578563310625,2.4816365336964243,-3.5677257667660265,-1.790226067639766
49.0,93.0,1006.7864379882812,-2.751389289499701,-3.084966238921357,0.7504702103665593,3.6277425705792576,-0.3410041269549527,2.2836686505405144,-0.7703556968845963,2.4816365336947697,-3.567725995545011,-1.790226067639766
49.0,93.0,1006.7864379882812,-2.751389341180273,-3.084966238921357,0.7504702103665593,3.627741876804999,-0.3410041268635187,2.283668516950856,-0.7703556647925834,2.4816365336943704,-3.5677257667648603,-1.790226067639766
49.0,93.0,1006.7864379882812,-2.751388784573386,-3.084966238921357,0.7504702103665593,3.6277468008707,-0.3410040844932407,2.283671112769205,-0.7703574521200471,2.481636533755062,-3.567725767109648,-1.790226067639766
49.0,93.0,1006.7864379882812,-2.751388567267442,-3.084966238921357,0.7504702103665593,3.627750287157424,-0.3410041118057135,2.283670393060833,-0.7703517969180309,2.481636533692046,-3.56772576676808,-1.790226067639766
49.0,93.0,1006.7864379882812,-2.751389474960634,-3.084966238921357,0.7504702103665593,3.627742556108249,-0.3410041299113975,2.2836686707660387,-0.7703540787813152,2.4816365336995165,-3.5677260013302674,-1.790226067639766
49.0,93.0,1006.7864379882812,-2.751388334655635,-3.084966238921357,0.7504702103665593,3.6277429918435904,-0.3410041093434095,2.283670224295614,-0.7703477790255098,2.4816365337552253,-3.5677257611809408,-1.790226067639766
49.0,93.0,1006.7864379882812,-2.751388784573386,-3.084966238921357,0.7504702103665593,3.627750609816912,-0.3410039819843101,2.2836704835993715,-0.7703483155188056,2.4816365337554243,-3.5677257667451987,-1.790226067639766
49.0,93.0,1006.7864379882812,-2.7513802595945807,-3.084966238921357,0.7504702103665593,3.627741794960305,-0.3410041225187643,2.2836699476576063,-0.7703579243660782,2.481636533754464,-3.5677257667648603,-1.790226067639766
49.0,93.0,1006.7864379882812,-2.751389731177502,-3.084966238921357,0.7504702103665593,3.6277507367780752,-0.3410041119168353,2.2836686133464306,-0.7703556968845963,2.481636533699819,-3.5677260013302674,-1.790226067639766
49.0,93.0,1006.7864379882812,-2.751388784573386,-3.084966238921357,0.7504702103665593,3.6277468008707,-0.3410040847576358,2.2836711302503723,-0.7703574521200471,2.481636533755062,-3.5677257671090734,-1.790226067639766
49.0,93.0,1006.7864379882812,-2.751388567267442,-3.084966238921357,0.7504702103665593,3.627750287157424,-0.3410041125910865,2.283670393060833,-0.7703508702836251,2.481636533692046,-3.5677257667666087,-1.790226067639766
49.0,93.0,1006.7864379882812,-2.751389289499701,-3.084966238921357,0.7504702103665593,3.6277430007183846,-0.3410041269549527,2.2836686505405144,-0.7703556968845963,2.4816365336947697,-3.5677257626687293,-1.790226067639766
49.0,93.0,1006.7864379882812,-2.7513802204432545,-3.084966238921357,0.7504702103665593,3.6277418934775336,-0.3410040909681119,2.283666482885466,-0.7703516824004404,2.481636533693268,-3.5677257667648603,-1.790226067639766
49.0,93.0,1006.7864379882812,-2.751380262158801,-3.084966238921357,0.7504702103665593,3.6277396824152888,-0.3410041118196757,2.283670246823345,-0.7703578563310625,2.481636533696392,-3.5677257667660265,-1.790226067639766
49.0,93.0,1006.7864379882812,-2.751389173824124,-3.084966238921357,0.7504702103665593,3.627742554850779,-0.3410041268535705,2.283670393946084,-0.7703557129278935,2.4816365336947697,-3.5677260013302674,-1.790226067639766
49.0,93.0,1006.7864379882812,-2.751389474960634,-3.084966238921357,0.7504702103665593,3.627742556108249,-0.3410041299113975,2.2836686707660387,-0.7703540787813152,2.4816365336995165,-3.5677260013302674,-1.790226067639766
49.0,93.0,1006.7864990234376,-2.7513802120887942,-3.084966238921357,0.7504702103665593,3.627750287157424,-0.3410041118057135,2.283670393060833,-0.7703517969180309,2.481636533692046,-3.567725766773234,-1.790226067639766
49.0,93.0,1006.7864990234376,-2.7513802120887942,-3.084966238921357,0.7504702103665593,3.627750287157424,-0.3410041118057135,2.283670393060833,-0.7703517969180309,2.481636533692046,-3.56772576676808,-1.790226067639766
49.0,93.0,1006.7864990234376,-2.7513779289890863,-3.084966238921357,0.7504702103665593,3.627750506495264,-0.3410039846530713,2.283670484136901,-0.7703478407527196,2.4816365337554243,-3.567725766746687,-1.790226067639766
49.0,93.0,1006.7864990234376,-2.7513802120887942,-3.084966238921357,0.7504702103665593,3.6277500946441226,-0.3410041209348196,2.283670393060833,-0.7703518119291409,2.481636533692046,-3.5677257700350915,-1.790226067639766
49.0,93.0,1006.7864990234376,-2.7513802120887942,-3.084966238921357,0.7504702103665593,3.627748549695859,-0.3410041119400671,2.283670393060833,-0.7703517816475797,2.481636533693468,-3.567725766770069,-1.790226067639766
49.0,93.0,1006.7864990234376,-2.751380223007475,-3.084966238921357,0.7504702103665593,3.627750293769126,-0.3410041237245841,2.2836703361406028,-0.7703516127926381,2.4816365336943704,-3.5677257667648603,-1.790226067639766
49.0,93.0,1006.7864990234376,-2.751380223067763,-3.084966238921357,0.7504702103665593,3.62774257608656,-0.3410041237245841,2.283670327826252,-0.7703516127926381,2.4816365336943704,-3.567725766773306,-1.790226067639766
49.0,93.0,1006.7864990234376,-2.751380210318527,-3.084966238921357,0.7504702103665593,3.627750229440725,-0.3410041209348196,2.283670429830974,-0.7703514000457183,2.481636533692046,-3.5677257706512018,-1.790226067639766
49.0,93.0,1006.7864990234376,-2.7513783255114164,-3.084966238921357,0.7504702103665593,3.6277500946441226,-0.3410041209991659,2.283668698558901,-0.7703517270434406,2.481636533692046,-3.567725767259692,-1.790226067639766
49.0,93.0,1006.7864990234376,-2.751380429394738,-3.084966238921357,0.7504702103665593,3.627750623489368,-0.3410039819246311,2.283671052150312,-0.7703483155188056,2.4816365337554243,-3.567725767109648,-1.790226067639766
49.0,93.0,1006.7864990234376,-2.7513802120887942,-3.084966238921357,0.7504702103665593,3.6277500946441226,-0.3410041209348196,2.283670393060833,-0.7703518109845882,2.481636533692046,-3.567725770064607,-1.790226067639766
49.0,93.0,1006.7864990234376,-2.7513807094012668,-3.084966238921357,0.7504702103665593,3.6277429918435904,-0.3410041093434095,2.283670224295614,-0.7703477790255098,2.4816365336887767,-3.5677257666660704,-1.790226067639766
49.0,93.0,1006.7864990234376,-2.751377923761129,-3.084966238921357,0.7504702103665593,3.62774717176668,-0.3410041269549527,2.28367035113545,-0.7703549035634822,2.4816365337562294,-3.567725993864196,-1.790226067639766
49.0,93.0,1006.7864990234376,-2.7513780946652946,-3.084966238921357,0.7504702103665593,3.6277425689741167,-0.3410039854404913,2.2836704086334016,-0.7703516124896028,2.481636533751874,-3.5677257667792714,-1.790226067639766
49.0,93.0,1006.7865600585938,-2.751380128856588,-3.084966238921357,0.7504702103665593,3.6278274945008735,-0.3410041188554701,2.283667957098542,-0.7703507086927341,2.4816365336929374,-3.5677257667648603,-1.790226067639766
49.0,93.0,1006.7865600585938,-2.751388323651596,-3.084966238921357,0.7504702103665593,3.62774281442856,-0.3410039934173783,2.283665341132956,-0.7702565823843158,2.48163653369373,-3.567725766768196,-1.790226067639766
49.0,93.0,1006.7865600585938,-2.751378191457333,-3.084966238921357,0.7504702103665593,3.6278274945008735,-0.3410041274234292,2.2836686505405144,-0.7703507086927341,2.4816365336934894,-3.5677257671457068,-1.790226067639766
49.0,93.0,1006.7865600585938,-2.751389436924188,-3.084966238921357,0.7504702103665593,3.6278274945008735,-0.3410041269549527,2.2836686505405144,-0.7703549035634822,2.4816365336947697,-3.567725993864196,-1.790226067639766
49.0,93.0,1006.7865600585938,-2.751380180154112,-3.084966238921357,0.7504702103665593,3.62774281442856,-0.3410039853616588,2.283664261353153,-0.7702594605286693,2.481636533714076,-3.5677257667660363,-1.790226067639766
49.0,94.0,1006.77783203125,-2.7513778650346263,-3.0835693187933284,0.7504702103665593,3.627748549695859,-0.3410041119400671,2.283670393060833,-0.7703517816475797,2.481636533693468,-3.567725766770069,-1.790226067639766
49.0,94.0,1006.77783203125,-2.75137775716504,-3.0835693187933284,0.7504702103665593,3.627742944724372,-0.3410041119400671,2.283668680801441,-0.7703517816475797,2.4816365336936217,-3.567725762651955,-1.790226067639766
49.0,94.0,1006.786376953125,-2.751388567267442,-3.084966238921357,0.7504702103665593,3.627750287157424,-0.3410041135623933,2.283664233796101,-0.7703517969180309,2.481636533692079,-3.56772576676808,-1.790226067639766
49.0,94.0,1006.786376953125,-2.751388573514603,-3.084966238921357,0.7504702103665593,3.6277418482752486,-0.3410040844932407,2.2836664140353453,-0.7703576054652842,2.481636533755062,-3.5677257671104576,-1.790226067639766
49.0,94.0,1006.7864379882812,-2.7513780946652946,-3.084966238921357,0.7504702103665593,3.62774281442856,-0.3410039848918946,2.2836668981374046,-0.7703506191461958,2.481636533751874,-3.5677257671130818,-1.790226067639766
49.0,94.0,1006.7864379882812,-2.751380223007475,-3.084966238921357,0.7504702103665593,3.627741876804999,-0.3410041237245841,2.283666482812715,-0.7703516127926381,2.4816365336943704,-3.5677257667648603,-1.790226067639766
49.0,94.0,1006.7864379882812,-2.751388334655635,-3.084966238921357,0.7504702103665593,3.6277429918435904,-0.3410041093434095,2.283668865409304,-0.7703518148803705,2.4816365336920088,-3.5677257611809408,-1.790226067639766
49.0,94.0,1006.7864379882812,-2.7513893301953978,-3.084966238921357,0.7504702103665593,3.627742554850779,-0.3410041269549527,2.2836686505405144,-0.7703556968845963,2.4816365336947697,-3.5677260013302674,-1.790226067639766
49.0,94.0,1006.7864379882812,-2.751388784573386,-3.084966238921357,0.7504702103665593,3.6277468008707,-0.3410040844932407,2.283671112769205,-0.7703574521200471,2.481636533755062,-3.567725767109648,-1.790226067639766
49.0,94.0,1006.7864379882812,-2.751378090749027,-3.084966238921357,0.7504702103665593,3.62774281442856,-0.3410039848963604,2.2836668413318133,-0.7703506191461958,2.481636533751912,-3.5677257671130818,-1.790226067639766
49.0,94.0,1006.7864379882812,-2.7513802120887942,-3.084966238921357,0.7504702103665593,3.627741870193297,-0.3410041118057135,2.283666539732945,-0.7703517969180309,2.481636533692046,-3.567725766773234,-1.790226067639766
49.0,94.0,1006.7864379882812,-2.751389474960634,-3.084966238921357,0.7504702103665593,3.627742554850779,-0.3410041269549527,2.2836686133464306,-0.7703556968845963,2.4816365336995165,-3.5677260013302674,-1.790226067639766
49.0,94.0,1006.7864379882812,-2.751378191457333,-3.084966238921357,0.7504702103665593,3.627744219893969,-0.3410041270612324,2.28366687982284,-0.7703507086927341,2.4816365336934894,-3.5677257671457068,-1.790226067639766
49.0,94.0,1006.7864379882812,-2.751380262158801,-3.084966238921357,0.7504702103665593,3.627739622354794,-0.3410041225177683,2.2836699476576063,-0.7703578563310625,2.4816365336956343,-3.5677257667648603,-1.790226067639766
49.0,94.0,1006.7864379882812,-2.751388784573386,-3.084966238921357,0.7504702103665593,3.627750623489368,-0.3410039819246311,2.283671052150312,-0.7703483155188056,2.4816365337554243,-3.567725767109648,-1.790226067639766
49.0,94.0,1006.7864379882812,-2.751388334655635,-3.084966238921357,0.7504702103665593,3.6277429918435904,-0.3410041093434095,2.283670224295614,-0.7703477790255098,2.4816365337552253,-3.5677257611809408,-1.790226067639766
49.0,94.0,1006.7864379882812,-2.751380262158801,-3.084966238921357,0.7504702103665593,3.6277396824152888,-0.3410041135763555,2.283664087558613,-0.7703578563310625,2.4816365336964243,-3.5677257667660265,-1.790226067639766
49.0,94.0,1006.7864379882812,-2.751389289499701,-3.084966238921357,0.7504702103665593,3.6277425705792576,-0.3410041269549527,2.2836686505405144,-0.7703556968845963,2.4816365336947697,-3.567725995545011,-1.790226067639766
49.0,94.0,1006.7864379882812,-2.751389341180273,-3.084966238921357,0.7504702103665593,3.627741876804999,-0.3410041268635187,2.283668516950856,-0.7703556647925834,2.4816365336943704,-3.5677257667648603,-1.790226067639766
49.0,94.0,1006.7864379882812,-2.751388784573386,-3.084966238921357,0.7504702103665593,3.6277468008707,-0.3410040844932407,2.283671112769205,-0.7703574521200471,2.481636533755062,-3.567725767109648,-1.790226067639766
49.0,94.0,1006.7864379882812,-2.751388567267442,-3.084966238921357,0.7504702103665593,3.627750287157424,-0.3410041118057135,2.283670393060833,-0.7703517969180309,2.481636533692046,-3.56772576676808,-1.790226067639766
49.0,94.0,1006.7864379882812,-2.751389474960634,-3.084966238921357,0.7504702103665593,3.627742556108249,-0.3410041299113975,2.2836686707660387,-0.7703540787813152,2.4816365336995165,-3.5677260013302674,-1.790226067639766
49.0,94.0,1006.7864379882812,-2.751388334655635,-3.084966238921357,0.7504702103665593,3.6277429918435904,-0.3410041093434095,2.283670224295614,-0.7703477790255098,2.4816365337552253,-3.5677257611809408,-1.790226067639766
49.0,94.0,1006.7864379882812,-2.751388784573386,-3.084966238921357,0.7504702103665593,3.627750609816912,-0.3410039819843101,2.2836704835993715,-0.7703483155188056,2.4816365337554243,-3.5677257667451987,-1.790226067639766
49.0,94.0,1006.7864379882812,-2.7513802595945807,-3.084966238921357,0.7504702103665593,3.627741794960305,-0.3410041225187643,2.2836699476576063,-0.7703579243660782,2.481636533754464,-3.5677257667648603,-1.790226067639766
49.0,94.0,1006.7864379882812,-2.751389731177502,-3.084966238921357,0.7504702103665593,3.6277507367780752,-0.3410041119168353,2.2836686133464306,-0.7703556968845963,2.481636533699819,-3.5677260013302674,-1.790226067639766
49.0,94.0,1006.7864379882812,-2.751388784573386,-3.084966238921357,0.7504702103665593,3.6277468008707,-0.3410040847576358,2.2836711302503723,-0.7703574521200471,2.481636533755062,-3.5677257671090734,-1.790226067639766
49.0,94.0,1006.7864379882812,-2.751388567267442,-3.084966238921357,0.7504702103665593,3.627750287157424,-0.3410041125910865,2.283670393060833,-0.7703508702836251,2.481636533692046,-3.5677257667666087,-1.790226067639766
49.0,94.0,1006.7864379882812,-2.751389289499701,-3.084966238921357,0.7504702103665593,3.6277430007183846,-0.3410041269549527,2.2836686505405144,-0.7703556968845963,2.4816365336947697,-3.5677257626687293,-1.790226067639766
49.0,94.0,1006.7864379882812,-2.7513802204432545,-3.084966238921357,0.7504702103665593,3.6277418934775336,-0.3410040909681119,2.283666482885466,-0.7703516824004404,2.481636533693268,-3.5677257667648603,-1.790226067639766
49.0,94.0,1006.7864379882812,-2.751380262158801,-3.084966238921357,0.7504702103665593,3.6277396824152888,-0.3410041118196757,2.283670246823345,-0.7703578563310625,2.481636533696392,-3.5677257667660265,-1.790226067639766
49.0,94.0,1006.7864379882812,-2.751389173824124,-3.084966238921357,0.7504702103665593,3.627742554850779,-0.3410041268535705,2.283670393946084,-0.7703557129278935,2.4816365336947697,-3.5677260013302674,-1.790226067639766
49.0,94.0,1006.7864379882812,-2.751389474960634,-3.084966238921357,0.7504702103665593,3.627742556108249,-0.3410041299113975,2.2836686707660387,-0.7703540787813152,2.4816365336995165,-3.5677260013302674,-1.790226067639766
49.0,94.0,1006.7864379882812,-2.7513897323625334,-3.084966238921357,0.7504702103665593,3.6277507367780752,-0.3410041301142925,2.283668614688119,-0.7703556467443189,2.481636533699819,-3.5677260013302674,-1.790226067639766
49.0,94.0,1006.7864379882812,-2.7513802204432545,-3.084966238921357,0.7504702103665593,3.6277418934775336,-0.3410041294149658,2.283666482885466,-0.7703557380133458,2.481636533693268,-3.5677257667648603,-1.790226067639766
49.0,94.0,1006.7864379882812,-2.7513795296040526,-3.084966238921357,0.7504702103665593,3.627742556108249,-0.3410041299958142,2.2836686707660387,-0.7703540787813152,2.4816365336996595,-3.5677260013302674,-1.790226067639766
49.0,94.0,1006.7864379882812,-2.751388567267442,-3.084966238921357,0.7504702103665593,3.627750287157424,-0.3410041125910865,2.283670393060833,-0.770350887211098,2.481636533692046,-3.5677257667666087,-1.790226067639766
49.0,94.0,1006.7864379882812,-2.751389173824124,-3.084966238921357,0.7504702103665593,3.627742554850779,-0.3410041268535705,2.283670393946084,-0.7703557129278935,2.4816365336947697,-3.5677260013302674,-1.790226067639766
49.0,94.0,1006.7864379882812,-2.751389289499701,-3.084966238921357,0.7504702103665593,3.6277430007183846,-0.3410041269549527,2.2836703375496725,-0.7703517111512125,2.4816365336947697,-3.567725766786132,-1.790226067639766
49.0,94.0,1006.7864379882812,-2.751388289570128,-3.084966238921357,0.7504702103665593,3.627744219893969,-0.3410041270612324,2.283667121997466,-0.7703479110304666,2.4816365336934894,-3.567725766740696,-1.790226067639766
49.0,94.0,1006.7864379882812,-2.751389474960634,-3.084966238921357,0.7504702103665593,3.6277428147045945,-0.3410041299113975,2.28366880483396,-0.7703540740970138,2.481636533700501,-3.5677257553953146,-1.790226067639766
49.0,94.0,1006.7864379882812,-2.7513802204432545,-3.084966238921357,0.7504702103665593,3.6277425751399166,-0.3410040904696763,2.283666482885466,-0.7703516824004404,2.481636533694829,-3.5677257667648603,-1.790226067639766
49.0,94.0,1006.7864379882812,-2.751388567267442,-3.084966238921357,0.7504702103665593,3.627750287157424,-0.3410041118057135,2.283670393060833,-0.7703508732553764,2.481636533692046,-3.56772576676808,-1.790226067639766
49.0,94.0,1006.7864379882812,-2.751380359384866,-3.084966238921357,0.7504702103665593,3.627741865196379,-0.3410041225110039,2.283669952298637,-0.7703556647925834,2.4816365336943704,-3.5677257667648603,-1.790226067639766
49.0,94.0,1006.7864379882812,-2.7513887781048973,-3.084966238921357,0.7504702103665593,3.6277429918435904,-0.3410041093434095,2.283668865409304,-0.7703518148803705,2.481636533694946,-3.5677257674655696,-1.790226067639766
49.0,94.0,1006.7864379882812,-2.751388334655635,-3.084966238921357,0.7504702103665593,3.6277429918435904,-0.3410041093434095,2.283670224295614,-0.7703477620980368,2.4816365337552253,-3.5677257611809408,-1.790226067639766
49.0,94.0,1006.7864379882812,-2.751389289499701,-3.084966238921357,0.7504702103665593,3.6277425705792576,-0.3410041269549527,2.2836686505405144,-0.7703556968845963,2.4816365336947697,-3.567725995545011,-1.790226067639766
49.0,94.0,1006.7864379882812,-2.751388807228599,-3.084966238921357,0.7504702103665593,3.6277468008707,-0.3410040847576358,2.2836711302503723,-0.7703574521200471,2.481636533755062,-3.5677257671090734,-1.790226067639766
49.0,94.0,1006.7864990234376,-2.7513802120887942,-3.084966238921357,0.7504702103665593,3.627750287157424,-0.3410041118057135,2.283670393060833,-0.7703517969180309,2.481636533692046,-3.567725766773234,-1.790226067639766
49.0,94.0,1006.7864990234376,-2.7513802120887942,-3.084966238921357,0.7504702103665593,3.627750287157424,-0.3410041118057135,2.283670393060833,-0.7703517969180309,2.481636533692046,-3.56772576676808,-1.790226067639766
49.0,95.0,1006.77783203125,-2.7513778650346263,-3.0835693187933284,0.7504702103665593,3.627748549695859,-0.3410041119400671,2.283670393060833,-0.7703517816475797,2.481636533693468,-3.567725766770069,-1.790226067639766
49.0,95.0,1006.77783203125,-2.75137775716504,-3.0835693187933284,0.7504702103665593,3.627742944724372,-0.3410041119400671,2.283668680801441,-0.7703517816475797,2.4816365336936217,-3.567725762651955,-1.790226067639766
49.0,95.0,1006.77783203125,-2.7513778650346263,-3.0835693187933284,0.7504702103665593,3.62774424286558,-0.3410041119400671,2.283670393060833,-0.7703517822817008,2.4816365336934667,-3.567725766770069,-1.790226067639766
49.0,95.0,1006.786376953125,-2.751388567267442,-3.084966238921357,0.7504702103665593,3.627750287157424,-0.3410041135623933,2.283664233796101,-0.7703517969180309,2.481636533692079,-3.56772576676808,-1.790226067639766
49.0,95.0,1006.786376953125,-2.751388573514603,-3.084966238921357,0.7504702103665593,3.6277418482752486,-0.3410040844932407,2.2836664140353453,-0.7703576054652842,2.481636533755062,-3.5677257671104576,-1.790226067639766
49.0,95.0,1006.786376953125,-2.751388573657907,-3.084966238921357,0.7504702103665593,3.627741880389945,-0.3410041120460371,2.283666512272792,-0.7703569591393692,2.481636533691531,-3.567725767114108,-1.790226067639766
49.0,95.0,1006.786376953125,-2.751388567267442,-3.084966238921357,0.7504702103665593,3.627746622836376,-0.3410041140864912,2.2836642757484094,-0.7703572797108234,2.481636533692079,-3.567725767111985,-1.790226067639766
49.0,95.0,1006.786376953125,-2.751389208553015,-3.084966238921357,0.7504702103665593,3.627741870193297,-0.3410041118057135,2.283666539732945,-0.7703555115578786,2.4816365336948785,-3.567725995597796,-1.790226067639766
49.0,95.0,1006.7864379882812,-2.7513780946652946,-3.084966238921357,0.7504702103665593,3.62774281442856,-0.3410039848918946,2.2836668981374046,-0.7703506191461958,2.481636533751874,-3.5677257671130818,-1.790226067639766
49.0,95.0,1006.7864379882812,-2.751380223007475,-3.084966238921357,0.7504702103665593,3.627741876804999,-0.3410041237245841,2.283666482812715,-0.7703516127926381,2.4816365336943704,-3.5677257667648603,-1.790226067639766
49.0,95.0,1006.7864379882812,-2.751388334655635,-3.084966238921357,0.7504702103665593,3.6277429918435904,-0.3410041093434095,2.283668865409304,-0.7703518148803705,2.4816365336920088,-3.5677257611809408,-1.790226067639766
49.0,95.0,1006.7864379882812,-2.7513893301953978,-3.084966238921357,0.7504702103665593,3.627742554850779,-0.3410041269549527,2.2836686505405144,-0.7703556968845963,2.4816365336947697,-3.5677260013302674,-1.790226067639766
49.0,95.0,1006.7864379882812,-2.751388784573386,-3.084966238921357,0.7504702103665593,3.6277468008707,-0.3410040844932407,2.283671112769205,-0.7703574521200471,2.481636533755062,-3.567725767109648,-1.790226067639766
49.0,95.0,1006.7864379882812,-2.751378090749027,-3.084966238921357,0.7504702103665593,3.62774281442856,-0.3410039848963604,2.2836668413318133,-0.7703506191461958,2.481636533751912,-3.5677257671130818,-1.790226067639766
49.0,95.0,1006.7864379882812,-2.7513802120887942,-3.084966238921357,0.7504702103665593,3.627741870193297,-0.3410041118057135,2.283666539732945,-0.7703517969180309,2.481636533692046,-3.567725766773234,-1.790226067639766
49.0,95.0,1006.7864379882812,-2.751389474960634,-3.084966238921357,0.7504702103665593,3.627742554850779,-0.3410041269549527,2.2836686133464306,-0.7703556968845963,2.4816365336995165,-3.5677260013302674,-1.790226067639766
49.0,95.0,1006.7864379882812,-2.751378191457333,-3.084966238921357,0.7504702103665593,3.627744219893969,-0.3410041270612324,2.28366687982284,-0.7703507086927341,2.4816365336934894,-3.5677257671457068,-1.790226067639766
49.0,95.0,1006.7864379882812,-2.751380262158801,-3.084966238921357,0.7504702103665593,3.627739622354794,-0.3410041225177683,2.2836699476576063,-0.7703578563310625,2.4816365336956343,-3.5677257667648603,-1.790226067639766
49.0,95.0,1006.7864379882812,-2.751388784573386,-3.084966238921357,0.7504702103665593,3.627750623489368,-0.3410039819246311,2.283671052150312,-0.7703483155188056,2.4816365337554243,-3.567725767109648,-1.790226067639766
49.0,95.0,1006.7864379882812,-2.751388334655635,-3.084966238921357,0.7504702103665593,3.6277429918435904,-0.3410041093434095,2.283670224295614,-0.7703477790255098,2.4816365337552253,-3.5677257611809408,-1.790226067639766
49.0,95.0,1006.7864379882812,-2.751380262158801,-3.084966238921357,0.7504702103665593,3.6277396824152888,-0.3410041135763555,2.283664087558613,-0.7703578563310625,2.4816365336964243,-3.5677257667660265,-1.790226067639766
49.0,95.0,1006.7864379882812,-2.751389289499701,-3.084966238921357,0.7504702103665593,3.6277425705792576,-0.3410041269549527,2.2836686505405144,-0.7703556968845963,2.4816365336947697,-3.567725995545011,-1.790226067639766
49.0,95.0,1006.7864379882812,-2.751389341180273,-3.084966238921357,0.7504702103665593,3.627741876804999,-0.3410041268635187,2.283668516950856,-0.7703556647925834,2.4816365336943704,-3.5677257667648603,-1.790226067639766
49.0,95.0,1006.7864379882812,-2.751388784573386,-3.084966238921357,0.7504702103665593,3.6277468008707,-0.3410040844932407,2.283671112769205,-0.7703574521200471,2.481636533755062,-3.567725767109648,-1.790226067639766
49.0,95.0,1006.7864379882812,-2.751388567267442,-3.084966238921357,0.7504702103665593,3.627750287157424,-0.3410041118057135,2.283670393060833,-0.7703517969180309,2.481636533692046,-3.56772576676808,-1.790226067639766
49.0,95.0,1006.7864379882812,-2.751389474960634,-3.084966238921357,0.7504702103665593,3.627742556108249,-0.3410041299113975,2.2836686707660387,-0.7703540787813152,2.4816365336995165,-3.5677260013302674,-1.790226067639766
49.0,95.0,1006.7864379882812,-2.751388334655635,-3.084966238921357,0.7504702103665593,3.6277429918435904,-0.3410041093434095,2.283670224295614,-0.7703477790255098,2.4816365337552253,-3.5677257611809408,-1.790226067639766
49.0,95.0,1006.7864379882812,-2.751388784573386,-3.084966238921357,0.7504702103665593,3.627750609816912,-0.3410039819843101,2.2836704835993715,-0.7703483155188056,2.4816365337554243,-3.5677257667451987,-1.790226067639766
49.0,95.0,1006.7864379882812,-2.7513802595945807,-3.084966238921357,0.7504702103665593,3.627741794960305,-0.3410041225187643,2.2836699476576063,-0.7703579243660782,2.481636533754464,-3.5677257667648603,-1.790226067639766
49.0,95.0,1006.7864379882812,-2.751389731177502,-3.084966238921357,0.7504702103665593,3.6277507367780752,-0.3410041119168353,2.2836686133464306,-0.7703556968845963,2.481636533699819,-3.5677260013302674,-1.790226067639766
49.0,95.0,1006.7864379882812,-2.751388784573386,-3.084966238921357,0.7504702103665593,3.6277468008707,-0.3410040847576358,2.2836711302503723,-0.7703574521200471,2.481636533755062,-3.5677257671090734,-1.790226067639766
49.0,95.0,1006.7864379882812,-2.751388567267442,-3.084966238921357,0.7504702103665593,3.627750287157424,-0.3410041125910865,2.283670393060833,-0.7703508702836251,2.481636533692046,-3.5677257667666087,-1.790226067639766
49.0,95.0,1006.7864379882812,-2.751389289499701,-3.084966238921357,0.7504702103665593,3.6277430007183846,-0.3410041269549527,2.2836686505405144,-0.7703556968845963,2.4816365336947697,-3.5677257626687293,-1.790226067639766
49.0,95.0,1006.7864379882812,-2.7513802204432545,-3.084966238921357,0.7504702103665593,3.6277418934775336,-0.3410040909681119,2.283666482885466,-0.7703516824004404,2.481636533693268,-3.5677257667648603,-1.790226067639766
49.0,95.0,1006.7864379882812,-2.751380262158801,-3.084966238921357,0.7504702103665593,3.6277396824152888,-0.3410041118196757,2.283670246823345,-0.7703578563310625,2.481636533696392,-3.5677257667660265,-1.790226067639766
49.0,95.0,1006.7864379882812,-2.751389173824124,-3.084966238921357,0.7504702103665593,3.627742554850779,-0.3410041268535705,2.283670393946084,-0.7703557129278935,2.4816365336947697,-3.5677260013302674,-1.790226067639766
49.0,95.0,1006.7864379882812,-2.751389474960634,-3.084966238921357,0.7504702103665593,3.627742556108249,-0.3410041299113975,2.2836686707660387,-0.7703540787813152,2.4816365336995165,-3.5677260013302674,-1.790226067639766
49.0,95.0,1006.7864379882812,-2.7513897323625334,-3.084966238921357,0.7504702103665593,3.6277507367780752,-0.3410041301142925,2.283668614688119,-0.7703556467443189,2.481636533699819,-3.5677260013302674,-1.790226067639766
49.0,95.0,1006.7864379882812,-2.7513802204432545,-3.084966238921357,0.7504702103665593,3.6277418934775336,-0.3410041294149658,2.283666482885466,-0.7703557380133458,2.481636533693268,-3.5677257667648603,-1.790226067639766
49.0,95.0,1006.7864379882812,-2.7513795296040526,-3.084966238921357,0.7504702103665593,3.627742556108249,-0.3410041299958142,2.2836686707660387,-0.7703540787813152,2.4816365336996595,-3.5677260013302674,-1.790226067639766
49.0,95.0,1006.7864379882812,-2.751388567267442,-3.084966238921357,0.7504702103665593,3.627750287157424,-0.3410041125910865,2.283670393060833,-0.770350887211098,2.481636533692046,-3.5677257667666087,-1.790226067639766
49.0,95.0,1006.7864379882812,-2.751389173824124,-3.084966238921357,0.7504702103665593,3.627742554850779,-0.3410041268535705,2.283670393946084,-0.7703557129278935,2.4816365336947697,-3.5677260013302674,-1.790226067639766
49.0,95.0,1006.7864379882812,-2.751389289499701,-3.084966238921357,0.7504702103665593,3.6277430007183846,-0.3410041269549527,2.2836703375496725,-0.7703517111512125,2.4816365336947697,-3.567725766786132,-1.790226067639766
49.0,95.0,1006.7864379882812,-2.751388289570128,-3.084966238921357,0.7504702103665593,3.627744219893969,-0.3410041270612324,2.283667121997466,-0.7703479110304666,2.4816365336934894,-3.567725766740696,-1.790226067639766
49.0,95.0,1006.7864379882812,-2.751389474960634,-3.084966238921357,0.7504702103665593,3.6277428147045945,-0.3410041299113975,2.28366880483396,-0.7703540740970138,2.481636533700501,-3.5677257553953146,-1.790226067639766
49.0,95.0,1006.7864379882812,-2.7513802204432545,-3.084966238921357,0.7504702103665593,3.6277425751399166,-0.3410040904696763,2.283666482885466,-0.7703516824004404,2.481636533694829,-3.5677257667648603,-1.790226067639766
49.0,95.0,1006.7864379882812,-2.751388567267442,-3.084966238921357,0.7504702103665593,3.627750287157424,-0.3410041118057135,2.283670393060833,-0.7703508732553764,2.481636533692046,-3.56772576676808,-1.790226067639766
49.0,95.0,1006.7864379882812,-2.751380359384866,-3.084966238921357,0.7504702103665593,3.627741865196379,-0.3410041225110039,2.283669952298637,-0.7703556647925834,2.4816365336943704,-3.5677257667648603,-1.790226067639766
49.0,95.0,1006.7864379882812,-2.7513887781048973,-3.084966238921357,0.7504702103665593,3.6277429918435904,-0.3410041093434095,2.283668865409304,-0.7703518148803705,2.481636533694946,-3.5677257674655696,-1.790226067639766
49.0,95.0,1006.7864379882812,-2.751388334655635,-3.084966238921357,0.7504702103665593,3.6277429918435904,-0.3410041093434095,2.283670224295614,-0.7703477620980368,2.4816365337552253,-3.5677257611809408,-1.790226067639766
49.0,96.0,1006.77783203125,-2.7513778650346263,-3.0835693187933284,0.7504702103665593,3.627748549695859,-0.3410041119400671,2.283670393060833,-0.7703517816475797,2.481636533693468,-3.567725766770069,-1.790226067639766
49.0,96.0,1006.77783203125,-2.75137775716504,-3.0835693187933284,0.7504702103665593,3.627742944724372,-0.3410041119400671,2.283668680801441,-0.7703517816475797,2.4816365336936217,-3.567725762651955,-1.790226067639766
49.0,96.0,1006.77783203125,-2.7513778650346263,-3.0835693187933284,0.7504702103665593,3.62774424286558,-0.3410041119400671,2.283670393060833,-0.7703517822817008,2.4816365336934667,-3.567725766770069,-1.790226067639766
49.0,96.0,1006.785888671875,-2.751389289499701,-3.0849042182383863,0.7504702103665593,3.6277425705792576,-0.3410041269549527,2.2836686505405144,-0.770351629768039,2.48163653369483,-3.567725995545011,-1.790226067639766
49.0,96.0,1006.786376953125,-2.751388567267442,-3.084966238921357,0.7504702103665593,3.627750287157424,-0.3410041135623933,2.283664233796101,-0.7703517969180309,2.481636533692079,-3.56772576676808,-1.790226067639766
49.0,96.0,1006.786376953125,-2.751388573514603,-3.084966238921357,0.7504702103665593,3.6277418482752486,-0.3410040844932407,2.2836664140353453,-0.7703576054652842,2.481636533755062,-3.5677257671104576,-1.790226067639766
49.0,96.0,1006.786376953125,-2.751388573657907,-3.084966238921357,0.7504702103665593,3.627741880389945,-0.3410041120460371,2.283666512272792,-0.7703569591393692,2.481636533691531,-3.567725767114108,-1.790226067639766
49.0,96.0,1006.786376953125,-2.751388567267442,-3.084966238921357,0.7504702103665593,3.627746622836376,-0.3410041140864912,2.2836642757484094,-0.7703572797108234,2.481636533692079,-3.567725767111985,-1.790226067639766
49.0,96.0,1006.786376953125,-2.751389208553015,-3.084966238921357,0.7504702103665593,3.627741870193297,-0.3410041118057135,2.283666539732945,-0.7703555115578786,2.4816365336948785,-3.567725995597796,-1.790226067639766
49.0,96.0,1006.786376953125,-2.751388567267442,-3.084966238921357,0.7504702103665593,3.627746459448557,-0.3410041299900684,2.2836642757484094,-0.7703571861469609,2.4816365336923574,-3.567725767111985,-1.790226067639766
49.0,96.0,1006.786376953125,-2.751388567267442,-3.084966238921357,0.7504702103665593,3.627750287157424,-0.3410041135623933,2.283664233796101,-0.7703517969180309,2.48163653369216,-3.56772576676808,-1.790226067639766
49.0,96.0,1006.7864379882812,-2.7513780946652946,-3.084966238921357,0.7504702103665593,3.62774281442856,-0.3410039848918946,2.2836668981374046,-0.7703506191461958,2.481636533751874,-3.5677257671130818,-1.790226067639766
49.0,96.0,1006.7864379882812,-2.751380223007475,-3.084966238921357,0.7504702103665593,3.627741876804999,-0.3410041237245841,2.283666482812715,-0.7703516127926381,2.4816365336943704,-3.5677257667648603,-1.790226067639766
49.0,96.0,1006.7864379882812,-2.751388334655635,-3.084966238921357,0.7504702103665593,3.6277429918435904,-0.3410041093434095,2.283668865409304,-0.7703518148803705,2.4816365336920088,-3.5677257611809408,-1.790226067639766
49.0,96.0,1006.7864379882812,-2.7513893301953978,-3.084966238921357,0.7504702103665593,3.627742554850779,-0.3410041269549527,2.2836686505405144,-0.7703556968845963,2.4816365336947697,-3.5677260013302674,-1.790226067639766
49.0,96.0,1006.7864379882812,-2.751388784573386,-3.084966238921357,0.7504702103665593,3.6277468008707,-0.3410040844932407,2.283671112769205,-0.7703574521200471,2.481636533755062,-3.567725767109648,-1.790226067639766
49.0,96.0,1006.7864379882812,-2.751378090749027,-3.084966238921357,0.7504702103665593,3.62774281442856,-0.3410039848963604,2.2836668413318133,-0.7703506191461958,2.481636533751912,-3.5677257671130818,-1.790226067639766
49.0,96.0,1006.7864379882812,-2.7513802120887942,-3.084966238921357,0.7504702103665593,3.627741870193297,-0.3410041118057135,2.283666539732945,-0.7703517969180309,2.481636533692046,-3.567725766773234,-1.790226067639766
49.0,96.0,1006.7864379882812,-2.751389474960634,-3.084966238921357,0.7504702103665593,3.627742554850779,-0.3410041269549527,2.2836686133464306,-0.7703556968845963,2.4816365336995165,-3.5677260013302674,-1.790226067639766
49.0,96.0,1006.7864379882812,-2.751378191457333,-3.084966238921357,0.7504702103665593,3.627744219893969,-0.3410041270612324,2.28366687982284,-0.7703507086927341,2.4816365336934894,-3.5677257671457068,-1.790226067639766
49.0,96.0,1006.7864379882812,-2.751380262158801,-3.084966238921357,0.7504702103665593,3.627739622354794,-0.3410041225177683,2.2836699476576063,-0.7703578563310625,2.4816365336956343,-3.5677257667648603,-1.790226067639766
49.0,96.0,1006.7864379882812,-2.751388784573386,-3.084966238921357,0.7504702103665593,3.627750623489368,-0.3410039819246311,2.283671052150312,-0.7703483155188056,2.4816365337554243,-3.567725767109648,-1.790226067639766
49.0,96.0,1006.7864379882812,-2.751388334655635,-3.084966238921357,0.7504702103665593,3.6277429918435904,-0.3410041093434095,2.283670224295614,-0.7703477790255098,2.4816365337552253,-3.5677257611809408,-1.790226067639766
49.0,96.0,1006.7864379882812,-2.751380262158801,-3.084966238921357,0.7504702103665593,3.6277396824152888,-0.3410041135763555,2.283664087558613,-0.7703578563310625,2.4816365336964243,-3.5677257667660265,-1.790226067639766
49.0,96.0,1006.7864379882812,-2.751389289499701,-3.084966238921357,0.7504702103665593,3.6277425705792576,-0.3410041269549527,2.2836686505405144,-0.7703556968845963,2.4816365336947697,-3.567725995545011,-1.790226067639766
49.0,96.0,1006.7864379882812,-2.751389341180273,-3.084966238921357,0.7504702103665593,3.627741876804999,-0.3410041268635187,2.283668516950856,-0.7703556647925834,2.4816365336943704,-3.5677257667648603,-1.790226067639766
49.0,96.0,1006.7864379882812,-2.751388784573386,-3.084966238921357,0.7504702103665593,3.6277468008707,-0.3410040844932407,2.283671112769205,-0.7703574521200471,2.481636533755062,-3.567725767109648,-1.790226067639766
49.0,96.0,1006.7864379882812,-2.751388567267442,-3.084966238921357,0.7504702103665593,3.627750287157424,-0.3410041118057135,2.283670393060833,-0.7703517969180309,2.481636533692046,-3.56772576676808,-1.790226067639766
49.0,96.0,1006.7864379882812,-2.751389474960634,-3.084966238921357,0.7504702103665593,3.627742556108249,-0.3410041299113975,2.2836686707660387,-0.7703540787813152,2.4816365336995165,-3.5677260013302674,-1.790226067639766
49.0,96.0,1006.7864379882812,-2.751388334655635,-3.084966238921357,0.7504702103665593,3.6277429918435904,-0.3410041093434095,2.283670224295614,-0.7703477790255098,2.4816365337552253,-3.5677257611809408,-1.790226067639766
49.0,96.0,1006.7864379882812,-2.751388784573386,-3.084966238921357,0.7504702103665593,3.627750609816912,-0.3410039819843101,2.2836704835993715,-0.7703483155188056,2.4816365337554243,-3.5677257667451987,-1.790226067639766
49.0,96.0,1006.7864379882812,-2.7513802595945807,-3.084966238921357,0.7504702103665593,3.627741794960305,-0.3410041225187643,2.2836699476576063,-0.7703579243660782,2.481636533754464,-3.5677257667648603,-1.790226067639766
49.0,96.0,1006.7864379882812,-2.751389731177502,-3.084966238921357,0.7504702103665593,3.6277507367780752,-0.3410041119168353,2.2836686133464306,-0.7703556968845963,2.481636533699819,-3.5677260013302674,-1.790226067639766
49.0,96.0,1006.7864379882812,-2.751388784573386,-3.084966238921357,0.7504702103665593,3.6277468008707,-0.3410040847576358,2.2836711302503723,-0.7703574521200471,2.481636533755062,-3.5677257671090734,-1.790226067639766
49.0,96.0,1006.7864379882812,-2.751388567267442,-3.084966238921357,0.7504702103665593,3.627750287157424,-0.3410041125910865,2.283670393060833,-0.7703508702836251,2.481636533692046,-3.5677257667666087,-1.790226067639766
49.0,96.0,1006.7864379882812,-2.751389289499701,-3.084966238921357,0.7504702103665593,3.6277430007183846,-0.3410041269549527,2.2836686505405144,-0.7703556968845963,2.4816365336947697,-3.5677257626687293,-1.790226067639766
49.0,96.0,1006.7864379882812,-2.7513802204432545,-3.084966238921357,0.7504702103665593,3.6277418934775336,-0.3410040909681119,2.283666482885466,-0.7703516824004404,2.481636533693268,-3.5677257667648603,-1.790226067639766
49.0,96.0,1006.7864379882812,-2.751380262158801,-3.084966238921357,0.7504702103665593,3.6277396824152888,-0.3410041118196757,2.283670246823345,-0.7703578563310625,2.481636533696392,-3.5677257667660265,-1.790226067639766
49.0,96.0,1006.7864379882812,-2.751389173824124,-3.084966238921357,0.7504702103665593,3.627742554850779,-0.3410041268535705,2.283670393946084,-0.7703557129278935,2.4816365336947697,-3.5677260013302674,-1.790226067639766
49.0,96.0,1006.7864379882812,-2.751389474960634,-3.084966238921357,0.7504702103665593,3.627742556108249,-0.3410041299113975,2.2836686707660387,-0.7703540787813152,2.4816365336995165,-3.5677260013302674,-1.790226067639766
49.0,96.0,1006.7864379882812,-2.7513897323625334,-3.084966238921357,0.7504702103665593,3.6277507367780752,-0.3410041301142925,2.283668614688119,-0.7703556467443189,2.481636533699819,-3.5677260013302674,-1.790226067639766
49.0,96.0,1006.7864379882812,-2.7513802204432545,-3.084966238921357,0.7504702103665593,3.6277418934775336,-0.3410041294149658,2.283666482885466,-0.7703557380133458,2.481636533693268,-3.5677257667648603,-1.790226067639766
49.0,96.0,1006.7864379882812,-2.7513795296040526,-3.084966238921357,0.7504702103665593,3.627742556108249,-0.3410041299958142,2.2836686707660387,-0.7703540787813152,2.4816365336996595,-3.5677260013302674,-1.790226067639766
49.0,96.0,1006.7864379882812,-2.751388567267442,-3.084966238921357,0.7504702103665593,3.627750287157424,-0.3410041125910865,2.283670393060833,-0.770350887211098,2.481636533692046,-3.5677257667666087,-1.790226067639766
49.0,96.0,1006.7864379882812,-2.751389173824124,-3.084966238921357,0.7504702103665593,3.627742554850779,-0.3410041268535705,2.283670393946084,-0.7703557129278935,2.4816365336947697,-3.5677260013302674,-1.790226067639766
49.0,96.0,1006.7864379882812,-2.751389289499701,-3.084966238921357,0.7504702103665593,3.6277430007183846,-0.3410041269549527,2.2836703375496725,-0.7703517111512125,2.4816365336947697,-3.567725766786132,-1.790226067639766
49.0,96.0,1006.7864379882812,-2.751388289570128,-3.084966238921357,0.7504702103665593,3.627744219893969,-0.3410041270612324,2.283667121997466,-0.7703479110304666,2.4816365336934894,-3.567725766740696,-1.790226067639766
49.0,96.0,1006.7864379882812,-2.751389474960634,-3.084966238921357,0.7504702103665593,3.6277428147045945,-0.3410041299113975,2.28366880483396,-0.7703540740970138,2.481636533700501,-3.5677257553953146,-1.790226067639766
49.0,96.0,1006.7864379882812,-2.7513802204432545,-3.084966238921357,0.7504702103665593,3.6277425751399166,-0.3410040904696763,2.283666482885466,-0.7703516824004404,2.481636533694829,-3.5677257667648603,-1.790226067639766
49.0,96.0,1006.7864379882812,-2.751388567267442,-3.084966238921357,0.7504702103665593,3.627750287157424,-0.3410041118057135,2.283670393060833,-0.7703508732553764,2.481636533692046,-3.56772576676808,-1.790226067639766
49.0,97.0,1006.77783203125,-2.7513778650346263,-3.0835693187933284,0.7504702103665593,3.627748549695859,-0.3410041119400671,2.283670393060833,-0.7703517816475797,2.481636533693468,-3.567725766770069,-1.790226067639766
49.0,97.0,1006.77783203125,-2.75137775716504,-3.0835693187933284,0.7504702103665593,3.627742944724372,-0.3410041119400671,2.283668680801441,-0.7703517816475797,2.4816365336936217,-3.567725762651955,-1.790226067639766
49.0,97.0,1006.77783203125,-2.7513778650346263,-3.0835693187933284,0.7504702103665593,3.62774424286558,-0.3410041119400671,2.283670393060833,-0.7703517822817008,2.4816365336934667,-3.567725766770069,-1.790226067639766
49.0,97.0,1006.77783203125,-2.7513778650346263,-3.0835693187933284,0.7504702103665593,3.62774424286558,-0.3410041119400671,2.283670393060833,-0.7703517822524059,2.4816365336934667,-3.567725766770069,-1.790226067639766
49.0,97.0,1006.77783203125,-2.7513778650346263,-3.0835693187933284,0.7504702103665593,3.627748549695859,-0.3410041119400671,2.2836704165423383,-0.7703518642398367,2.481636533693468,-3.567725766770069,-1.790226067639766
49.0,97.0,1006.785888671875,-2.751389289499701,-3.0849042182383863,0.7504702103665593,3.6277425705792576,-0.3410041269549527,2.2836686505405144,-0.770351629768039,2.48163653369483,-3.567725995545011,-1.790226067639766
49.0,97.0,1006.7859497070312,-2.75138855761975,-3.084905232279402,0.7504702103665593,3.627750182300215,-0.3410041124274333,2.2836686505405144,-0.770351629768039,2.4816365336946493,-3.567725995545011,-1.790226067639766
49.0,97.0,1006.786376953125,-2.751388567267442,-3.084966238921357,0.7504702103665593,3.627750287157424,-0.3410041135623933,2.283664233796101,-0.7703517969180309,2.481636533692079,-3.56772576676808,-1.790226067639766
49.0,97.0,1006.786376953125,-2.751388573514603,-3.084966238921357,0.7504702103665593,3.6277418482752486,-0.3410040844932407,2.2836664140353453,-0.7703576054652842,2.481636533755062,-3.5677257671104576,-1.790226067639766
49.0,97.0,1006.786376953125,-2.751388573657907,-3.084966238921357,0.7504702103665593,3.627741880389945,-0.3410041120460371,2.283666512272792,-0.7703569591393692,2.481636533691531,-3.567725767114108,-1.790226067639766
49.0,97.0,1006.786376953125,-2.751388567267442,-3.084966238921357,0.7504702103665593,3.627746622836376,-0.3410041140864912,2.2836642757484094,-0.7703572797108234,2.481636533692079,-3.567725767111985,-1.790226067639766
49.0,97.0,1006.786376953125,-2.751389208553015,-3.084966238921357,0.7504702103665593,3.627741870193297,-0.3410041118057135,2.283666539732945,-0.7703555115578786,2.4816365336948785,-3.567725995597796,-1.790226067639766
49.0,97.0,1006.786376953125,-2.751388567267442,-3.084966238921357,0.7504702103665593,3.627746459448557,-0.3410041299900684,2.2836642757484094,-0.7703571861469609,2.4816365336923574,-3.567725767111985,-1.790226067639766
49.0,97.0,1006.786376953125,-2.751388567267442,-3.084966238921357,0.7504702103665593,3.627750287157424,-0.3410041135623933,2.283664233796101,-0.7703517969180309,2.48163653369216,-3.56772576676808,-1.790226067639766
49.0,97.0,1006.786376953125,-2.751388573514603,-3.084966238921357,0.7504702103665593,3.6277418486458712,-0.3410041136661614,2.283666414464899,-0.7703576054652842,2.481636533755062,-3.5677257671104576,-1.790226067639766
49.0,97.0,1006.786376953125,-2.751389208553015,-3.084966238921357,0.7504702103665593,3.627741870193297,-0.3410041118057135,2.283666539732945,-0.7703557094556464,2.4816365336948785,-3.567725995597796,-1.790226067639766
49.0,97.0,1006.786376953125,-2.7513887761786773,-3.084966238921357,0.7504702103665593,3.627750292842898,-0.3410041135623933,2.283664233796101,-0.7703517969180309,2.481636533695313,-3.567725767112126,-1.790226067639766
49.0,97.0,1006.7864379882812,-2.7513780946652946,-3.084966238921357,0.7504702103665593,3.62774281442856,-0.3410039848918946,2.2836668981374046,-0.7703506191461958,2.481636533751874,-3.5677257671130818,-1.790226067639766
49.0,97.0,1006.7864379882812,-2.751380223007475,-3.084966238921357,0.7504702103665593,3.627741876804999,-0.3410041237245841,2.283666482812715,-0.7703516127926381,2.4816365336943704,-3.5677257667648603,-1.790226067639766
49.0,97.0,1006.7864379882812,-2.751388334655635,-3.084966238921357,0.7504702103665593,3.6277429918435904,-0.3410041093434095,2.283668865409304,-0.7703518148803705,2.4816365336920088,-3.5677257611809408,-1.790226067639766
49.0,97.0,1006.7864379882812,-2.7513893301953978,-3.084966238921357,0.7504702103665593,3.627742554850779,-0.3410041269549527,2.2836686505405144,-0.7703556968845963,2.4816365336947697,-3.5677260013302674,-1.790226067639766
49.0,97.0,1006.7864379882812,-2.751388784573386,-3.084966238921357,0.7504702103665593,3.6277468008707,-0.3410040844932407,2.283671112769205,-0.7703574521200471,2.481636533755062,-3.567725767109648,-1.790226067639766
49.0,97.0,1006.7864379882812,-2.751378090749027,-3.084966238921357,0.7504702103665593,3.62774281442856,-0.3410039848963604,2.2836668413318133,-0.7703506191461958,2.481636533751912,-3.5677257671130818,-1.790226067639766
49.0,97.0,1006.7864379882812,-2.7513802120887942,-3.084966238921357,0.7504702103665593,3.627741870193297,-0.3410041118057135,2.283666539732945,-0.7703517969180309,2.481636533692046,-3.567725766773234,-1.790226067639766
49.0,97.0,1006.7864379882812,-2.751389474960634,-3.084966238921357,0.7504702103665593,3.627742554850779,-0.3410041269549527,2.2836686133464306,-0.7703556968845963,2.4816365336995165,-3.5677260013302674,-1.790226067639766
49.0,97.0,1006.7864379882812,-2.751378191457333,-3.084966238921357,0.7504702103665593,3.627744219893969,-0.3410041270612324,2.28366687982284,-0.7703507086927341,2.4816365336934894,-3.5677257671457068,-1.790226067639766
49.0,97.0,1006.7864379882812,-2.751380262158801,-3.084966238921357,0.7504702103665593,3.627739622354794,-0.3410041225177683,2.2836699476576063,-0.7703578563310625,2.4816365336956343,-3.5677257667648603,-1.790226067639766
49.0,97.0,1006.7864379882812,-2.751388784573386,-3.084966238921357,0.7504702103665593,3.627750623489368,-0.3410039819246311,2.283671052150312,-0.7703483155188056,2.4816365337554243,-3.567725767109648,-1.790226067639766
49.0,97.0,1006.7864379882812,-2.751388334655635,-3.084966238921357,0.7504702103665593,3.6277429918435904,-0.3410041093434095,2.283670224295614,-0.7703477790255098,2.4816365337552253,-3.5677257611809408,-1.790226067639766
49.0,97.0,1006.7864379882812,-2.751380262158801,-3.084966238921357,0.7504702103665593,3.6277396824152888,-0.3410041135763555,2.283664087558613,-0.7703578563310625,2.4816365336964243,-3.5677257667660265,-1.790226067639766
49.0,97.0,1006.7864379882812,-2.751389289499701,-3.084966238921357,0.7504702103665593,3.6277425705792576,-0.3410041269549527,2.2836686505405144,-0.7703556968845963,2.4816365336947697,-3.567725995545011,-1.790226067639766
49.0,97.0,1006.7864379882812,-2.751389341180273,-3.084966238921357,0.7504702103665593,3.627741876804999,-0.3410041268635187,2.283668516950856,-0.7703556647925834,2.4816365336943704,-3.5677257667648603,-1.790226067639766
49.0,97.0,1006.7864379882812,-2.751388784573386,-3.084966238921357,0.7504702103665593,3.6277468008707,-0.3410040844932407,2.283671112769205,-0.7703574521200471,2.481636533755062,-3.567725767109648,-1.790226067639766
49.0,97.0,1006.7864379882812,-2.751388567267442,-3.084966238921357,0.7504702103665593,3.627750287157424,-0.3410041118057135,2.283670393060833,-0.7703517969180309,2.481636533692046,-3.56772576676808,-1.790226067639766
49.0,97.0,1006.7864379882812,-2.751389474960634,-3.084966238921357,0.7504702103665593,3.627742556108249,-0.3410041299113975,2.2836686707660387,-0.7703540787813152,2.4816365336995165,-3.5677260013302674,-1.790226067639766
49.0,97.0,1006.7864379882812,-2.751388334655635,-3.084966238921357,0.7504702103665593,3.6277429918435904,-0.3410041093434095,2.283670224295614,-0.7703477790255098,2.4816365337552253,-3.5677257611809408,-1.790226067639766
49.0,97.0,1006.7864379882812,-2.751388784573386,-3.084966238921357,0.7504702103665593,3.627750609816912,-0.3410039819843101,2.2836704835993715,-0.7703483155188056,2.4816365337554243,-3.5677257667451987,-1.790226067639766
49.0,97.0,1006.7864379882812,-2.7513802595945807,-3.084966238921357,0.7504702103665593,3.627741794960305,-0.3410041225187643,2.2836699476576063,-0.7703579243660782,2.481636533754464,-3.5677257667648603,-1.790226067639766
49.0,97.0,1006.7864379882812,-2.751389731177502,-3.084966238921357,0.7504702103665593,3.6277507367780752,-0.3410041119168353,2.2836686133464306,-0.7703556968845963,2.481636533699819,-3.5677260013302674,-1.790226067639766
49.0,97.0,1006.7864379882812,-2.751388784573386,-3.084966238921357,0.7504702103665593,3.6277468008707,-0.3410040847576358,2.2836711302503723,-0.7703574521200471,2.481636533755062,-3.5677257671090734,-1.790226067639766
49.0,97.0,1006.7864379882812,-2.751388567267442,-3.084966238921357,0.7504702103665593,3.627750287157424,-0.3410041125910865,2.283670393060833,-0.7703508702836251,2.481636533692046,-3.5677257667666087,-1.790226067639766
49.0,97.0,1006.7864379882812,-2.751389289499701,-3.084966238921357,0.7504702103665593,3.6277430007183846,-0.3410041269549527,2.2836686505405144,-0.7703556968845963,2.4816365336947697,-3.5677257626687293,-1.790226067639766
49.0,97.0,1006.7864379882812,-2.7513802204432545,-3.084966238921357,0.7504702103665593,3.6277418934775336,-0.3410040909681119,2.283666482885466,-0.7703516824004404,2.481636533693268,-3.5677257667648603,-1.790226067639766
49.0,97.0,1006.7864379882812,-2.751380262158801,-3.084966238921357,0.7504702103665593,3.6277396824152888,-0.3410041118196757,2.283670246823345,-0.7703578563310625,2.481636533696392,-3.5677257667660265,-1.790226067639766
49.0,97.0,1006.7864379882812,-2.751389173824124,-3.084966238921357,0.7504702103665593,3.627742554850779,-0.3410041268535705,2.283670393946084,-0.7703557129278935,2.4816365336947697,-3.5677260013302674,-1.790226067639766
49.0,97.0,1006.7864379882812,-2.751389474960634,-3.084966238921357,0.7504702103665593,3.627742556108249,-0.3410041299113975,2.2836686707660387,-0.7703540787813152,2.4816365336995165,-3.5677260013302674,-1.790226067639766
49.0,97.0,1006.7864379882812,-2.7513897323625334,-3.084966238921357,0.7504702103665593,3.6277507367780752,-0.3410041301142925,2.283668614688119,-0.7703556467443189,2.481636533699819,-3.5677260013302674,-1.790226067639766
49.0,97.0,1006.7864379882812,-2.7513802204432545,-3.084966238921357,0.7504702103665593,3.6277418934775336,-0.3410041294149658,2.283666482885466,-0.7703557380133458,2.481636533693268,-3.5677257667648603,-1.790226067639766
49.0,97.0,1006.7864379882812,-2.7513795296040526,-3.084966238921357,0.7504702103665593,3.627742556108249,-0.3410041299958142,2.2836686707660387,-0.7703540787813152,2.4816365336996595,-3.5677260013302674,-1.790226067639766
49.0,97.0,1006.7864379882812,-2.751388567267442,-3.084966238921357,0.7504702103665593,3.627750287157424,-0.3410041125910865,2.283670393060833,-0.770350887211098,2.481636533692046,-3.5677257667666087,-1.790226067639766
49.0,98.0,1006.7777709960938,-2.7513775620783987,-3.083553546996451,0.7504702103665593,3.627750287157424,-0.3410041118099382,2.283670393060833,-0.770351783157349,2.481636533693451,-3.56772576676808,-1.790226067639766
49.0,98.0,1006.7777709960938,-2.751388567267442,-3.0835607599551604,0.7504702103665593,3.6277502737655376,-0.3410041118057135,2.283670393060833,-0.7703517968980306,2.481636533693433,-3.56772576676808,-1.790226067639766
49.0,98.0,1006.77783203125,-2.7513778650346263,-3.0835693187933284,0.7504702103665593,3.627748549695859,-0.3410041119400671,2.283670393060833,-0.7703517816475797,2.481636533693468,-3.567725766770069,-1.790226067639766
49.0,98.0,1006.77783203125,-2.75137775716504,-3.0835693187933284,0.7504702103665593,3.627742944724372,-0.3410041119400671,2.283668680801441,-0.7703517816475797,2.4816365336936217,-3.567725762651955,-1.790226067639766
49.0,98.0,1006.77783203125,-2.7513778650346263,-3.0835693187933284,0.7504702103665593,3.62774424286558,-0.3410041119400671,2.283670393060833,-0.7703517822817008,2.4816365336934667,-3.567725766770069,-1.790226067639766
49.0,98.0,1006.77783203125,-2.7513778650346263,-3.0835693187933284,0.7504702103665593,3.62774424286558,-0.3410041119400671,2.283670393060833,-0.7703517822524059,2.4816365336934667,-3.567725766770069,-1.790226067639766
49.0,98.0,1006.77783203125,-2.7513778650346263,-3.0835693187933284,0.7504702103665593,3.627748549695859,-0.3410041119400671,2.2836704165423383,-0.7703518642398367,2.481636533693468,-3.567725766770069,-1.790226067639766
49.0,98.0,1006.77783203125,-2.75137775716504,-3.0835693187933284,0.7504702103665593,3.627742944724372,-0.3410041119400671,2.283668680801441,-0.7703517816475797,2.4816365336936217,-3.567725762651955,-1.790226067639766
49.0,98.0,1006.77783203125,-2.7513778667712443,-3.0835693187933284,0.7504702103665593,3.627748309480245,-0.3410041119400671,2.283668680438037,-0.7703518642398367,2.481636533693468,-3.567725762711996,-1.790226067639766
49.0,98.0,1006.77783203125,-2.7513777554284222,-3.0835693187933284,0.7504702103665593,3.6277431849399857,-0.3410041119400671,2.2836704169057427,-0.7703517816475797,2.4816365336936217,-3.5677257667100286,-1.790226067639766
49.0,98.0,1006.7781372070312,-2.751377794717782,-3.0836428421182336,0.7504702103665593,3.627746508310804,-0.341004110885453,2.2836707256146886,-0.7703518841192951,2.4816365336923574,-3.567725767111985,-1.790226067639766
49.0,98.0,1006.7857666015624,-2.751388637584286,-3.084892715596452,0.7504702103665593,3.6277441940033337,-0.3410041310446824,2.283663943194554,-0.7703570843093666,2.4816365336934667,-3.567725766770069,-1.790226067639766
49.0,98.0,1006.785888671875,-2.751389289499701,-3.0849042182383863,0.7504702103665593,3.6277425705792576,-0.3410041269549527,2.2836686505405144,-0.770351629768039,2.48163653369483,-3.567725995545011,-1.790226067639766
49.0,98.0,1006.7859497070312,-2.75138855761975,-3.084905232279402,0.7504702103665593,3.627750182300215,-0.3410041124274333,2.2836686505405144,-0.770351629768039,2.4816365336946493,-3.567725995545011,-1.790226067639766
49.0,98.0,1006.7863159179688,-2.751378181296702,-3.084945692270724,0.7504702103665593,3.627748549695859,-0.3410041119400671,2.2836703939279177,-0.7703517816475797,2.481636533693468,-3.567725766770069,-1.790226067639766
49.0,98.0,1006.786376953125,-2.751388567267442,-3.084966238921357,0.7504702103665593,3.627750287157424,-0.3410041135623933,2.283664233796101,-0.7703517969180309,2.481636533692079,-3.56772576676808,-1.790226067639766
49.0,98.0,1006.786376953125,-2.751388573514603,-3.084966238921357,0.7504702103665593,3.6277418482752486,-0.3410040844932407,2.2836664140353453,-0.7703576054652842,2.481636533755062,-3.5677257671104576,-1.790226067639766
49.0,98.0,1006.786376953125,-2.751388573657907,-3.084966238921357,0.7504702103665593,3.627741880389945,-0.3410041120460371,2.283666512272792,-0.7703569591393692,2.481636533691531,-3.567725767114108,-1.790226067639766
49.0,98.0,1006.786376953125,-2.751388567267442,-3.084966238921357,0.7504702103665593,3.627746622836376,-0.3410041140864912,2.2836642757484094,-0.7703572797108234,2.481636533692079,-3.567725767111985,-1.790226067639766
49.0,98.0,1006.786376953125,-2.751389208553015,-3.084966238921357,0.7504702103665593,3.627741870193297,-0.3410041118057135,2.283666539732945,-0.7703555115578786,2.4816365336948785,-3.567725995597796,-1.790226067639766
49.0,98.0,1006.786376953125,-2.751388567267442,-3.084966238921357,0.7504702103665593,3.627746459448557,-0.3410041299900684,2.2836642757484094,-0.7703571861469609,2.4816365336923574,-3.567725767111985,-1.790226067639766
49.0,98.0,1006.786376953125,-2.751388567267442,-3.084966238921357,0.7504702103665593,3.627750287157424,-0.3410041135623933,2.283664233796101,-0.7703517969180309,2.48163653369216,-3.56772576676808,-1.790226067639766
49.0,98.0,1006.786376953125,-2.751388573514603,-3.084966238921357,0.7504702103665593,3.6277418486458712,-0.3410041136661614,2.283666414464899,-0.7703576054652842,2.481636533755062,-3.5677257671104576,-1.790226067639766
49.0,98.0,1006.786376953125,-2.751389208553015,-3.084966238921357,0.7504702103665593,3.627741870193297,-0.3410041118057135,2.283666539732945,-0.7703557094556464,2.4816365336948785,-3.567725995597796,-1.790226067639766
49.0,98.0,1006.786376953125,-2.7513887761786773,-3.084966238921357,0.7504702103665593,3.627750292842898,-0.3410041135623933,2.283664233796101,-0.7703517969180309,2.481636533695313,-3.567725767112126,-1.790226067639766
49.0,98.0,1006.786376953125,-2.7513890885646832,-3.084966238921357,0.7504702103665593,3.62774150814787,-0.3410041225093816,2.2836638981052224,-0.7703579243660782,2.481636533696907,-3.567725767109839,-1.790226067639766
49.0,98.0,1006.786376953125,-2.7513885733993537,-3.084966238921357,0.7504702103665593,3.627750287157424,-0.3410041135623933,2.283664233796101,-0.7703517969180309,2.481636533692079,-3.56772576676808,-1.790226067639766
49.0,98.0,1006.786376953125,-2.751388567267442,-3.084966238921357,0.7504702103665593,3.627746622836376,-0.3410041135906453,2.283664232370979,-0.7703517929079917,2.4816365336920843,-3.567725767111985,-1.790226067639766
49.0,98.0,1006.786376953125,-2.751388573514603,-3.084966238921357,0.7504702103665593,3.6277418482752486,-0.3410040844932407,2.2836664140353453,-0.7703576054652842,2.481636533755062,-3.5677257671104576,-1.790226067639766
49.0,98.0,1006.786376953125,-2.751388567267442,-3.084966238921357,0.7504702103665593,3.627750287157424,-0.3410041135623933,2.2836643885824444,-0.7703517969180309,2.4816365336923227,-3.5677260053806616,-1.790226067639766
49.0,98.0,1006.7864379882812,-2.7513780946652946,-3.084966238921357,0.7504702103665593,3.62774281442856,-0.3410039848918946,2.2836668981374046,-0.7703506191461958,2.481636533751874,-3.5677257671130818,-1.790226067639766
49.0,98.0,1006.7864379882812,-2.751380223007475,-3.084966238921357,0.7504702103665593,3.627741876804999,-0.3410041237245841,2.283666482812715,-0.7703516127926381,2.4816365336943704,-3.5677257667648603,-1.790226067639766
49.0,98.0,1006.7864379882812,-2.751388334655635,-3.084966238921357,0.7504702103665593,3.6277429918435904,-0.3410041093434095,2.283668865409304,-0.7703518148803705,2.4816365336920088,-3.5677257611809408,-1.790226067639766
49.0,98.0,1006.7864379882812,-2.7513893301953978,-3.084966238921357,0.7504702103665593,3.627742554850779,-0.3410041269549527,2.2836686505405144,-0.7703556968845963,2.4816365336947697,-3.5677260013302674,-1.790226067639766
49.0,98.0,1006.7864379882812,-2.751388784573386,-3.084966238921357,0.7504702103665593,3.6277468008707,-0.3410040844932407,2.283671112769205,-0.7703574521200471,2.481636533755062,-3.567725767109648,-1.790226067639766
49.0,98.0,1006.7864379882812,-2.751378090749027,-3.084966238921357,0.7504702103665593,3.62774281442856,-0.3410039848963604,2.2836668413318133,-0.7703506191461958,2.481636533751912,-3.5677257671130818,-1.790226067639766
49.0,98.0,1006.7864379882812,-2.7513802120887942,-3.084966238921357,0.7504702103665593,3.627741870193297,-0.3410041118057135,2.283666539732945,-0.7703517969180309,2.481636533692046,-3.567725766773234,-1.790226067639766
49.0,98.0,1006.7864379882812,-2.751389474960634,-3.084966238921357,0.7504702103665593,3.627742554850779,-0.3410041269549527,2.2836686133464306,-0.7703556968845963,2.4816365336995165,-3.5677260013302674,-1.790226067639766
49.0,98.0,1006.7864379882812,-2.751378191457333,-3.084966238921357,0.7504702103665593,3.627744219893969,-0.3410041270612324,2.28366687982284,-0.7703507086927341,2.4816365336934894,-3.5677257671457068,-1.790226067639766
49.0,98.0,1006.7864379882812,-2.751380262158801,-3.084966238921357,0.7504702103665593,3.627739622354794,-0.3410041225177683,2.2836699476576063,-0.7703578563310625,2.4816365336956343,-3.5677257667648603,-1.790226067639766
49.0,98.0,1006.7864379882812,-2.751388784573386,-3.084966238921357,0.7504702103665593,3.627750623489368,-0.3410039819246311,2.283671052150312,-0.7703483155188056,2.4816365337554243,-3.567725767109648,-1.790226067639766
49.0,98.0,1006.7864379882812,-2.751388334655635,-3.084966238921357,0.7504702103665593,3.6277429918435904,-0.3410041093434095,2.283670224295614,-0.7703477790255098,2.4816365337552253,-3.5677257611809408,-1.790226067639766
49.0,98.0,1006.7864379882812,-2.751380262158801,-3.084966238921357,0.7504702103665593,3.6277396824152888,-0.3410041135763555,2.283664087558613,-0.7703578563310625,2.4816365336964243,-3.5677257667660265,-1.790226067639766
49.0,98.0,1006.7864379882812,-2.751389289499701,-3.084966238921357,0.7504702103665593,3.6277425705792576,-0.3410041269549527,2.2836686505405144,-0.7703556968845963,2.4816365336947697,-3.567725995545011,-1.790226067639766
49.0,98.0,1006.7864379882812,-2.751389341180273,-3.084966238921357,0.7504702103665593,3.627741876804999,-0.3410041268635187,2.283668516950856,-0.7703556647925834,2.4816365336943704,-3.5677257667648603,-1.790226067639766
49.0,98.0,1006.7864379882812,-2.751388784573386,-3.084966238921357,0.7504702103665593,3.6277468008707,-0.3410040844932407,2.283671112769205,-0.7703574521200471,2.481636533755062,-3.567725767109648,-1.790226067639766
49.0,98.0,1006.7864379882812,-2.751388567267442,-3.084966238921357,0.7504702103665593,3.627750287157424,-0.3410041118057135,2.283670393060833,-0.7703517969180309,2.481636533692046,-3.56772576676808,-1.790226067639766
49.0,98.0,1006.7864379882812,-2.751389474960634,-3.084966238921357,0.7504702103665593,3.627742556108249,-0.3410041299113975,2.2836686707660387,-0.7703540787813152,2.4816365336995165,-3.5677260013302674,-1.790226067639766
49.0,98.0,1006.7864379882812,-2.751388334655635,-3.084966238921357,0.7504702103665593,3.6277429918435904,-0.3410041093434095,2.283670224295614,-0.7703477790255098,2.4816365337552253,-3.5677257611809408,-1.790226067639766
49.0,98.0,1006.7864379882812,-2.751388784573386,-3.084966238921357,0.7504702103665593,3.627750609816912,-0.3410039819843101,2.2836704835993715,-0.7703483155188056,2.4816365337554243,-3.5677257667451987,-1.790226067639766
49.0,99.0,1006.7777709960938,-2.7513775620783987,-3.083553546996451,0.7504702103665593,3.627750287157424,-0.3410041118099382,2.283670393060833,-0.770351783157349,2.481636533693451,-3.56772576676808,-1.790226067639766
49.0,99.0,1006.7777709960938,-2.751388567267442,-3.0835607599551604,0.7504702103665593,3.6277502737655376,-0.3410041118057135,2.283670393060833,-0.7703517968980306,2.481636533693433,-3.56772576676808,-1.790226067639766
49.0,99.0,1006.7777709960938,-2.751388567267442,-3.0835607599551604,0.7504702103665593,3.6277502737655376,-0.3410041118057135,2.283670393060833,-0.7703517968980306,2.481636533693433,-3.567725766758769,-1.790226067639766
49.0,99.0,1006.77783203125,-2.7513778650346263,-3.0835693187933284,0.7504702103665593,3.627748549695859,-0.3410041119400671,2.283670393060833,-0.7703517816475797,2.481636533693468,-3.567725766770069,-1.790226067639766
49.0,99.0,1006.77783203125,-2.75137775716504,-3.0835693187933284,0.7504702103665593,3.627742944724372,-0.3410041119400671,2.283668680801441,-0.7703517816475797,2.4816365336936217,-3.567725762651955,-1.790226067639766
49.0,99.0,1006.77783203125,-2.7513778650346263,-3.0835693187933284,0.7504702103665593,3.62774424286558,-0.3410041119400671,2.283670393060833,-0.7703517822817008,2.4816365336934667,-3.567725766770069,-1.790226067639766
49.0,99.0,1006.77783203125,-2.7513778650346263,-3.0835693187933284,0.7504702103665593,3.62774424286558,-0.3410041119400671,2.283670393060833,-0.7703517822524059,2.4816365336934667,-3.567725766770069,-1.790226067639766
49.0,99.0,1006.77783203125,-2.7513778650346263,-3.0835693187933284,0.7504702103665593,3.627748549695859,-0.3410041119400671,2.2836704165423383,-0.7703518642398367,2.481636533693468,-3.567725766770069,-1.790226067639766
49.0,99.0,1006.77783203125,-2.75137775716504,-3.0835693187933284,0.7504702103665593,3.627742944724372,-0.3410041119400671,2.283668680801441,-0.7703517816475797,2.4816365336936217,-3.567725762651955,-1.790226067639766
49.0,99.0,1006.77783203125,-2.7513778667712443,-3.0835693187933284,0.7504702103665593,3.627748309480245,-0.3410041119400671,2.283668680438037,-0.7703518642398367,2.481636533693468,-3.567725762711996,-1.790226067639766
49.0,99.0,1006.77783203125,-2.7513777554284222,-3.0835693187933284,0.7504702103665593,3.6277431849399857,-0.3410041119400671,2.2836704169057427,-0.7703517816475797,2.4816365336936217,-3.5677257667100286,-1.790226067639766
49.0,99.0,1006.77783203125,-2.7513778650346263,-3.0835663949149783,0.7504702103665593,3.627746357488624,-0.3410041119400671,2.283670385214238,-0.7703517822524059,2.4816365336934667,-3.567725767112052,-1.790226067639766
49.0,99.0,1006.77783203125,-2.7513777480477235,-3.0835693187933284,0.7504702103665593,3.627742944724372,-0.341004111935441,2.283668680801441,-0.7703517816475797,2.4816365336936217,-3.567725762651955,-1.790226067639766
49.0,99.0,1006.77783203125,-2.7513778650346263,-3.0835693187933284,0.7504702103665593,3.627748516924472,-0.3410041119400671,2.283670393060833,-0.7703517816475797,2.481636533693468,-3.567725766770069,-1.790226067639766
49.0,99.0,1006.77783203125,-2.751378549718186,-3.0835693187933284,0.7504702103665593,3.627748309480245,-0.3410041119400671,2.283668680438037,-0.7703517970103773,2.481636533693468,-3.567725762711996,-1.790226067639766
49.0,99.0,1006.77783203125,-2.7513778650346263,-3.0835693187933284,0.7504702103665593,3.6277442756369673,-0.3410041119400671,2.283670393060833,-0.7703517822817008,2.4816365336934667,-3.567725766770069,-1.790226067639766
49.0,99.0,1006.7779541015624,-2.751377992115116,-3.083600855462419,0.7504702103665593,3.627743115563308,-0.3410040846336011,2.2836704169057427,-0.7703517816475797,2.4816365336936217,-3.5677257667100286,-1.790226067639766
49.0,99.0,1006.7781372070312,-2.751377794717782,-3.0836428421182336,0.7504702103665593,3.627746508310804,-0.341004110885453,2.2836707256146886,-0.7703518841192951,2.4816365336923574,-3.567725767111985,-1.790226067639766
49.0,99.0,1006.7781372070312,-2.751377794717782,-3.083645765996584,0.7504702103665593,3.627744393687759,-0.341004110885453,2.283670733461284,-0.7703518841192951,2.4816365336923574,-3.567725766770002,-1.790226067639766
49.0,99.0,1006.7857666015624,-2.751388637584286,-3.084892715596452,0.7504702103665593,3.6277441940033337,-0.3410041310446824,2.283663943194554,-0.7703570843093666,2.4816365336934667,-3.567725766770069,-1.790226067639766
49.0,99.0,1006.785888671875,-2.751389289499701,-3.0849042182383863,0.7504702103665593,3.6277425705792576,-0.3410041269549527,2.2836686505405144,-0.770351629768039,2.48163653369483,-3.567725995545011,-1.790226067639766
49.0,99.0,1006.785888671875,-2.751389289499701,-3.0849042182383863,0.7504702103665593,3.6277425705792576,-0.3410041269549527,2.2836686505405144,-0.770351629768039,2.48163653369483,-3.567725995545011,-1.790226067639766
49.0,99.0,1006.7859497070312,-2.75138855761975,-3.084905232279402,0.7504702103665593,3.627750182300215,-0.3410041124274333,2.2836686505405144,-0.770351629768039,2.4816365336946493,-3.567725995545011,-1.790226067639766
49.0,99.0,1006.7859497070312,-2.751378089934204,-3.08490343462604,0.7504702103665593,3.6277502601664335,-0.3410041118018211,2.283670393078606,-0.7703517968168009,2.481636533693466,-3.56772576676808,-1.790226067639766
49.0,99.0,1006.7859497070312,-2.75138855761975,-3.084905232279402,0.7504702103665593,3.627750182300215,-0.3410041128351173,2.2836686505405144,-0.7703516697115795,2.4816365336946493,-3.567725995487266,-1.790226067639766
49.0,99.0,1006.7860107421876,-2.7513887745590244,-3.084909784437752,0.7504702103665593,3.627750623489368,-0.3410039819246311,2.2836713711406795,-0.7703483155188056,2.4816365337554243,-3.567726000023066,-1.790226067639766
49.0,99.0,1006.7861328125,-2.751388336827909,-3.084934702252266,0.7504702103665593,3.6277419176519263,-0.3410041117997067,2.2836664140353453,-0.7703576054652842,2.481636533755062,-3.5677257671104576,-1.790226067639766
49.0,99.0,1006.7863159179688,-2.751378181296702,-3.084945692270724,0.7504702103665593,3.627748549695859,-0.3410041119400671,2.2836703939279177,-0.7703517816475797,2.481636533693468,-3.567725766770069,-1.790226067639766
49.0,99.0,1006.786376953125,-2.751388567267442,-3.084966238921357,0.7504702103665593,3.627750287157424,-0.3410041135623933,2.283664233796101,-0.7703517969180309,2.481636533692079,-3.56772576676808,-1.790226067639766
49.0,99.0,1006.786376953125,-2.751388573514603,-3.084966238921357,0.7504702103665593,3.6277418482752486,-0.3410040844932407,2.2836664140353453,-0.7703576054652842,2.481636533755062,-3.5677257671104576,-1.790226067639766
49.0,99.0,1006.786376953125,-2.751388573657907,-3.084966238921357,0.7504702103665593,3.627741880389945,-0.3410041120460371,2.283666512272792,-0.7703569591393692,2.481636533691531,-3.567725767114108,-1.790226067639766
49.0,99.0,1006.786376953125,-2.751388567267442,-3.084966238921357,0.7504702103665593,3.627746622836376,-0.3410041140864912,2.2836642757484094,-0.7703572797108234,2.481636533692079,-3.567725767111985,-1.790226067639766
49.0,99.0,1006.786376953125,-2.751389208553015,-3.084966238921357,0.7504702103665593,3.627741870193297,-0.3410041118057135,2.283666539732945,-0.7703555115578786,2.4816365336948785,-3.567725995597796,-1.790226067639766
49.0,99.0,1006.786376953125,-2.751388567267442,-3.084966238921357,0.7504702103665593,3.627746459448557,-0.3410041299900684,2.2836642757484094,-0.7703571861469609,2.4816365336923574,-3.567725767111985,-1.790226067639766
49.0,99.0,1006.786376953125,-2.751388567267442,-3.084966238921357,0.7504702103665593,3.627750287157424,-0.3410041135623933,2.283664233796101,-0.7703517969180309,2.48163653369216,-3.56772576676808,-1.790226067639766
49.0,99.0,1006.786376953125,-2.751388573514603,-3.084966238921357,0.7504702103665593,3.6277418486458712,-0.3410041136661614,2.283666414464899,-0.7703576054652842,2.481636533755062,-3.5677257671104576,-1.790226067639766
49.0,99.0,1006.786376953125,-2.751389208553015,-3.084966238921357,0.7504702103665593,3.627741870193297,-0.3410041118057135,2.283666539732945,-0.7703557094556464,2.4816365336948785,-3.567725995597796,-1.790226067639766
49.0,99.0,1006.786376953125,-2.7513887761786773,-3.084966238921357,0.7504702103665593,3.627750292842898,-0.3410041135623933,2.283664233796101,-0.7703517969180309,2.481636533695313,-3.567725767112126,-1.790226067639766
49.0,99.0,1006.786376953125,-2.7513890885646832,-3.084966238921357,0.7504702103665593,3.62774150814787,-0.3410041225093816,2.2836638981052224,-0.7703579243660782,2.481636533696907,-3.567725767109839,-1.790226067639766
49.0,99.0,1006.786376953125,-2.7513885733993537,-3.084966238921357,0.7504702103665593,3.627750287157424,-0.3410041135623933,2.283664233796101,-0.7703517969180309,2.481636533692079,-3.56772576676808,-1.790226067639766
49.0,99.0,1006.786376953125,-2.751388567267442,-3.084966238921357,0.7504702103665593,3.627746622836376,-0.3410041135906453,2.283664232370979,-0.7703517929079917,2.4816365336920843,-3.567725767111985,-1.790226067639766
49.0,99.0,1006.786376953125,-2.751388573514603,-3.084966238921357,0.7504702103665593,3.6277418482752486,-0.3410040844932407,2.2836664140353453,-0.7703576054652842,2.481636533755062,-3.5677257671104576,-1.790226067639766
49.0,99.0,1006.786376953125,-2.751388567267442,-3.084966238921357,0.7504702103665593,3.627750287157424,-0.3410041135623933,2.2836643885824444,-0.7703517969180309,2.4816365336923227,-3.5677260053806616,-1.790226067639766
49.0,99.0,1006.786376953125,-2.751388567267442,-3.084966238921357,0.7504702103665593,3.627746459448557,-0.3410041299900684,2.2836642757484094,-0.7703571861469609,2.4816365336923574,-3.567725767121296,-1.790226067639766
49.0,99.0,1006.786376953125,-2.751388567634112,-3.084961686763007,0.7504702103665593,3.627750182300215,-0.3410041124274333,2.2836683315501465,-0.770351629768039,2.4816365336946493,-3.567725762631593,-1.790226067639766
49.0,99.0,1006.786376953125,-2.7513887761786773,-3.084966238921357,0.7504702103665593,3.627750292842898,-0.3410041135623933,2.283664233796101,-0.7703517969180309,2.481636533695313,-3.567725767112126,-1.790226067639766
49.0,99.0,1006.786376953125,-2.751388573514603,-3.084966238921357,0.7504702103665593,3.6277418482752486,-0.3410040844932407,2.2836664140353453,-0.7703576054652842,2.481636533755062,-3.5677257671104576,-1.790226067639766
49.0,99.0,1006.7864379882812,-2.7513780946652946,-3.084966238921357,0.7504702103665593,3.62774281442856,-0.3410039848918946,2.2836668981374046,-0.7703506191461958,2.481636533751874,-3.5677257671130818,-1.790226067639766
49.0,99.0,1006.7864379882812,-2.751380223007475,-3.084966238921357,0.7504702103665593,3.627741876804999,-0.3410041237245841,2.283666482812715,-0.7703516127926381,2.4816365336943704,-3.5677257667648603,-1.790226067639766
49.0,99.0,1006.7864379882812,-2.751388334655635,-3.084966238921357,0.7504702103665593,3.6277429918435904,-0.3410041093434095,2.283668865409304,-0.7703518148803705,2.4816365336920088,-3.5677257611809408,-1.790226067639766
49.0,100.0,1006.7777709960938,-2.7513775620783987,-3.083553546996451,0.7504702103665593,3.627750287157424,-0.3410041118099382,2.283670393060833,-0.770351783157349,2.481636533693451,-3.56772576676808,-1.790226067639766
49.0,100.0,1006.7777709960938,-2.751388567267442,-3.0835607599551604,0.7504702103665593,3.6277502737655376,-0.3410041118057135,2.283670393060833,-0.7703517968980306,2.481636533693433,-3.56772576676808,-1.790226067639766
49.0,100.0,1006.7777709960938,-2.751388567267442,-3.0835607599551604,0.7504702103665593,3.6277502737655376,-0.3410041118057135,2.283670393060833,-0.7703517968980306,2.481636533693433,-3.567725766758769,-1.790226067639766
49.0,100.0,1006.7777709960938,-2.7513775620783987,-3.083553944463697,0.7504702103665593,3.62775029383408,-0.3410041118116838,2.2836703393772213,-0.7703517816767252,2.481636533693452,-3.567725762720802,-1.790226067639766
49.0,100.0,1006.7777709960938,-2.751388567267442,-3.0835607599551604,0.7504702103665593,3.6277502737655376,-0.3410041118057135,2.283670393060833,-0.7703517968980306,2.481636533693433,-3.56772576676808,-1.790226067639766
49.0,100.0,1006.77783203125,-2.7513778650346263,-3.0835693187933284,0.7504702103665593,3.627748549695859,-0.3410041119400671,2.283670393060833,-0.7703517816475797,2.481636533693468,-3.567725766770069,-1.790226067639766
49.0,100.0,1006.77783203125,-2.75137775716504,-3.0835693187933284,0.7504702103665593,3.627742944724372,-0.3410041119400671,2.283668680801441,-0.7703517816475797,2.4816365336936217,-3.567725762651955,-1.790226067639766
49.0,100.0,1006.77783203125,-2.7513778650346263,-3.0835693187933284,0.7504702103665593,3.62774424286558,-0.3410041119400671,2.283670393060833,-0.7703517822817008,2.4816365336934667,-3.567725766770069,-1.790226067639766
49.0,100.0,1006.77783203125,-2.7513778650346263,-3.0835693187933284,0.7504702103665593,3.62774424286558,-0.3410041119400671,2.283670393060833,-0.7703517822524059,2.4816365336934667,-3.567725766770069,-1.790226067639766
49.0,100.0,1006.77783203125,-2.7513778650346263,-3.0835693187933284,0.7504702103665593,3.627748549695859,-0.3410041119400671,2.2836704165423383,-0.7703518642398367,2.481636533693468,-3.567725766770069,-1.790226067639766
49.0,100.0,1006.77783203125,-2.75137775716504,-3.0835693187933284,0.7504702103665593,3.627742944724372,-0.3410041119400671,2.283668680801441,-0.7703517816475797,2.4816365336936217,-3.567725762651955,-1.790226067639766
49.0,100.0,1006.77783203125,-2.7513778667712443,-3.0835693187933284,0.7504702103665593,3.627748309480245,-0.3410041119400671,2.283668680438037,-0.7703518642398367,2.481636533693468,-3.567725762711996,-1.790226067639766
49.0,100.0,1006.77783203125,-2.7513777554284222,-3.0835693187933284,0.7504702103665593,3.6277431849399857,-0.3410041119400671,2.2836704169057427,-0.7703517816475797,2.4816365336936217,-3.5677257667100286,-1.790226067639766
49.0,100.0,1006.77783203125,-2.7513778650346263,-3.0835663949149783,0.7504702103665593,3.627746357488624,-0.3410041119400671,2.283670385214238,-0.7703517822524059,2.4816365336934667,-3.567725767112052,-1.790226067639766
49.0,100.0,1006.77783203125,-2.7513777480477235,-3.0835693187933284,0.7504702103665593,3.627742944724372,-0.341004111935441,2.283668680801441,-0.7703517816475797,2.4816365336936217,-3.567725762651955,-1.790226067639766
49.0,100.0,1006.77783203125,-2.7513778650346263,-3.0835693187933284,0.7504702103665593,3.627748516924472,-0.3410041119400671,2.283670393060833,-0.7703517816475797,2.481636533693468,-3.567725766770069,-1.790226067639766
49.0,100.0,1006.77783203125,-2.751378549718186,-3.0835693187933284,0.7504702103665593,3.627748309480245,-0.3410041119400671,2.283668680438037,-0.7703517970103773,2.481636533693468,-3.567725762711996,-1.790226067639766
49.0,100.0,1006.77783203125,-2.7513778650346263,-3.0835693187933284,0.7504702103665593,3.6277442756369673,-0.3410041119400671,2.283670393060833,-0.7703517822817008,2.4816365336934667,-3.567725766770069,-1.790226067639766
49.0,100.0,1006.77783203125,-2.7513778694502244,-3.0835693187933284,0.7504702103665593,3.627748338982347,-0.3410041119400671,2.283670393060833,-0.7703517830732567,2.4816365336934667,-3.567725766770069,-1.790226067639766
49.0,100.0,1006.77783203125,-2.751377750983228,-3.0835607599551604,0.7504702103665593,3.62775047702967,-0.3410041118057135,2.283670393060833,-0.7703517944013557,2.481636533692261,-3.567725766758769,-1.790226067639766
49.0,100.0,1006.77783203125,-2.7513778650346263,-3.0835693187933284,0.7504702103665593,3.62774424286558,-0.3410041119400671,2.283670393060833,-0.7703517822817008,2.481636533693466,-3.5677257667710456,-1.790226067639766
49.0,100.0,1006.77783203125,-2.7513778650346263,-3.0835693187933284,0.7504702103665593,3.627748549695859,-0.3410041119400671,2.2836704165423383,-0.7703517812153559,2.481636533693468,-3.567725766770069,-1.790226067639766
49.0,100.0,1006.77783203125,-2.7513778650346263,-3.0835693187933284,0.7504702103665593,3.62774424286558,-0.3410041119400671,2.283670393060833,-0.7703517822524059,2.4816365336934667,-3.567725766770069,-1.790226067639766
49.0,100.0,1006.77783203125,-2.7513778650346263,-3.0835693187933284,0.7504702103665593,3.6277442756369673,-0.3410041119400671,2.283670393060833,-0.7703517822817008,2.4816365336934667,-3.567725766770069,-1.790226067639766
49.0,100.0,1006.77783203125,-2.7513778650346263,-3.0835693187933284,0.7504702103665593,3.627748549695859,-0.3410041119400671,2.283670417082821,-0.7703517818297216,2.481636533693468,-3.567725766770069,-1.790226067639766
49.0,100.0,1006.7778930664062,-2.7513782194387284,-3.083585275220257,0.7504702103665593,3.627748309480245,-0.3410041119437068,2.28366862800669,-0.7703518642398367,2.481636533693468,-3.567725762711996,-1.790226067639766
49.0,100.0,1006.7779541015624,-2.751377992115116,-3.083600855462419,0.7504702103665593,3.627743115563308,-0.3410040846336011,2.2836704169057427,-0.7703517816475797,2.4816365336936217,-3.5677257667100286,-1.790226067639766
49.0,100.0,1006.7779541015624,-2.751377992115116,-3.0836031900099643,0.7504702103665593,3.627743115563308,-0.3410040846336011,2.2836686416390006,-0.7703517816475797,2.4816365336936217,-3.5677257666051903,-1.790226067639766
49.0,100.0,1006.7780151367188,-2.751388564005321,-3.0836294871511045,0.7504702103665593,3.627741196628401,-0.3410041118057135,2.283664337255969,-0.7703517968980306,2.481636533693433,-3.56772576676808,-1.790226067639766
49.0,100.0,1006.778076171875,-2.751388611001996,-3.0836428421182336,0.7504702103665593,3.627746305046672,-0.341004110885453,2.2836707256146886,-0.7703518866159701,2.4816365336935298,-3.567725767111985,-1.790226067639766
49.0,100.0,1006.7781372070312,-2.751377794717782,-3.0836428421182336,0.7504702103665593,3.627746508310804,-0.341004110885453,2.2836707256146886,-0.7703518841192951,2.4816365336923574,-3.567725767111985,-1.790226067639766
49.0,100.0,1006.7781372070312,-2.751377794717782,-3.083645765996584,0.7504702103665593,3.627744393687759,-0.341004110885453,2.283670733461284,-0.7703518841192951,2.4816365336923574,-3.567725766770002,-1.790226067639766
49.0,100.0,1006.7857666015624,-2.751388637584286,-3.084892715596452,0.7504702103665593,3.6277441940033337,-0.3410041310446824,2.283663943194554,-0.7703570843093666,2.4816365336934667,-3.567725766770069,-1.790226067639766
49.0,100.0,1006.7857666015624,-2.751388138114598,-3.084892715596452,0.7504702103665593,3.6277441940033337,-0.3410041310446824,2.283663943194554,-0.7703570843093666,2.4816365336934667,-3.567725766770069,-1.790226067639766
49.0,100.0,1006.785888671875,-2.751389289499701,-3.0849042182383863,0.7504702103665593,3.6277425705792576,-0.3410041269549527,2.2836686505405144,-0.770351629768039,2.48163653369483,-3.567725995545011,-1.790226067639766
49.0,100.0,1006.785888671875,-2.751389289499701,-3.0849042182383863,0.7504702103665593,3.6277425705792576,-0.3410041269549527,2.2836686505405144,-0.770351629768039,2.48163653369483,-3.567725995545011,-1.790226067639766
49.0,100.0,1006.785888671875,-2.751389289499701,-3.0849042182383863,0.7504702103665593,3.6277425705792576,-0.3410041269549527,2.2836686505405144,-0.770351629768039,2.48163653369483,-3.567725995545011,-1.790226067639766
49.0,100.0,1006.785888671875,-2.751389091826804,-3.084897511725413,0.7504702103665593,3.627750585285007,-0.3410041225093816,2.283669953910086,-0.7703579243660782,2.481636533696907,-3.567725767109839,-1.790226067639766
49.0,100.0,1006.785888671875,-2.751389289499701,-3.0849042182383863,0.7504702103665593,3.6277425705792576,-0.3410041269549527,2.2836686505405144,-0.770351629768039,2.48163653369483,-3.567725995545011,-1.790226067639766
49.0,100.0,1006.7859497070312,-2.75138855761975,-3.084905232279402,0.7504702103665593,3.627750182300215,-0.3410041124274333,2.2836686505405144,-0.770351629768039,2.4816365336946493,-3.567725995545011,-1.790226067639766
49.0,100.0,1006.7859497070312,-2.751378089934204,-3.08490343462604,0.7504702103665593,3.6277502601664335,-0.3410041118018211,2.283670393078606,-0.7703517968168009,2.481636533693466,-3.56772576676808,-1.790226067639766
49.0,100.0,1006.7859497070312,-2.75138855761975,-3.084905232279402,0.7504702103665593,3.627750182300215,-0.3410041128351173,2.2836686505405144,-0.7703516697115795,2.4816365336946493,-3.567725995487266,-1.790226067639766
49.0,100.0,1006.7860107421876,-2.7513887745590244,-3.084909784437752,0.7504702103665593,3.627750623489368,-0.3410039819246311,2.2836713711406795,-0.7703483155188056,2.4816365337554243,-3.567726000023066,-1.790226067639766
49.0,100.0,1006.7861328125,-2.751388336827909,-3.084934702252266,0.7504702103665593,3.6277419176519263,-0.3410041117997067,2.2836664140353453,-0.7703576054652842,2.481636533755062,-3.5677257671104576,-1.790226067639766
49.0,100.0,1006.7862548828124,-2.7513777480477235,-3.084942533438914,0.7504702103665593,3.627742944724372,-0.341004111935441,2.283668650640049,-0.7703517795116782,2.4816365336936217,-3.567726000942048,-1.790226067639766
49.0,100.0,1006.7862548828124,-2.751388552280848,-3.08494725576569,0.7504702103665593,3.627748574340399,-0.3410041128351173,2.2836686505405144,-0.7703517689457325,2.4816365336935413,-3.5677259821012925,-1.790226067639766
49.0,100.0,1006.7863159179688,-2.751378181296702,-3.084945692270724,0.7504702103665593,3.627748549695859,-0.3410041119400671,2.2836703939279177,-0.7703517816475797,2.481636533693468,-3.567725766770069,-1.790226067639766
49.0,100.0,1006.786376953125,-2.751388567267442,-3.084966238921357,0.7504702103665593,3.627750287157424,-0.3410041135623933,2.283664233796101,-0.7703517969180309,2.481636533692079,-3.56772576676808,-1.790226067639766
49.0,100.0,1006.786376953125,-2.751388573514603,-3.084966238921357,0.7504702103665593,3.6277418482752486,-0.3410040844932407,2.2836664140353453,-0.7703576054652842,2.481636533755062,-3.5677257671104576,-1.790226067639766
49.0,100.0,1006.786376953125,-2.751388573657907,-3.084966238921357,0.7504702103665593,3.627741880389945,-0.3410041120460371,2.283666512272792,-0.7703569591393692,2.481636533691531,-3.567725767114108,-1.790226067639766
49.0,101.0,1006.7777709960938,-2.7513775620783987,-3.083553546996451,0.7504702103665593,3.627750287157424,-0.3410041118099382,2.283670393060833,-0.770351783157349,2.481636533693451,-3.56772576676808,-1.790226067639766
49.0,101.0,1006.7777709960938,-2.751388567267442,-3.0835607599551604,0.7504702103665593,3.6277502737655376,-0.3410041118057135,2.283670393060833,-0.7703517968980306,2.481636533693433,-3.56772576676808,-1.790226067639766
49.0,101.0,1006.7777709960938,-2.751388567267442,-3.0835607599551604,0.7504702103665593,3.6277502737655376,-0.3410041118057135,2.283670393060833,-0.7703517968980306,2.481636533693433,-3.567725766758769,-1.790226067639766
49.0,101.0,1006.7777709960938,-2.7513775620783987,-3.083553944463697,0.7504702103665593,3.62775029383408,-0.3410041118116838,2.2836703393772213,-0.7703517816767252,2.481636533693452,-3.567725762720802,-1.790226067639766
49.0,101.0,1006.7777709960938,-2.751388567267442,-3.0835607599551604,0.7504702103665593,3.6277502737655376,-0.3410041118057135,2.283670393060833,-0.7703517968980306,2.481636533693433,-3.56772576676808,-1.790226067639766
49.0,101.0,1006.7777709960938,-2.7513775620783987,-3.0835531894454773,0.7504702103665593,3.627750286456553,-0.3410041118099382,2.283670393060833,-0.770351783157349,2.481636533693452,-3.56772576676808,-1.790226067639766
49.0,101.0,1006.77783203125,-2.7513778650346263,-3.0835693187933284,0.7504702103665593,3.627748549695859,-0.3410041119400671,2.283670393060833,-0.7703517816475797,2.481636533693468,-3.567725766770069,-1.790226067639766
49.0,101.0,1006.77783203125,-2.75137775716504,-3.0835693187933284,0.7504702103665593,3.627742944724372,-0.3410041119400671,2.283668680801441,-0.7703517816475797,2.4816365336936217,-3.567725762651955,-1.790226067639766
49.0,101.0,1006.77783203125,-2.7513778650346263,-3.0835693187933284,0.7504702103665593,3.62774424286558,-0.3410041119400671,2.283670393060833,-0.7703517822817008,2.4816365336934667,-3.567725766770069,-1.790226067639766
49.0,101.0,1006.77783203125,-2.7513778650346263,-3.0835693187933284,0.7504702103665593,3.62774424286558,-0.3410041119400671,2.283670393060833,-0.7703517822524059,2.4816365336934667,-3.567725766770069,-1.790226067639766
49.0,101.0,1006.77783203125,-2.7513778650346263,-3.0835693187933284,0.7504702103665593,3.627748549695859,-0.3410041119400671,2.2836704165423383,-0.7703518642398367,2.481636533693468,-3.567725766770069,-1.790226067639766
49.0,101.0,1006.77783203125,-2.75137775716504,-3.0835693187933284,0.7504702103665593,3.627742944724372,-0.3410041119400671,2.283668680801441,-0.7703517816475797,2.4816365336936217,-3.567725762651955,-1.790226067639766
49.0,101.0,1006.77783203125,-2.7513778667712443,-3.0835693187933284,0.7504702103665593,3.627748309480245,-0.3410041119400671,2.283668680438037,-0.7703518642398367,2.481636533693468,-3.567725762711996,-1.790226067639766
49.0,101.0,1006.77783203125,-2.7513777554284222,-3.0835693187933284,0.7504702103665593,3.6277431849399857,-0.3410041119400671,2.2836704169057427,-0.7703517816475797,2.4816365336936217,-3.5677257667100286,-1.790226067639766
49.0,101.0,1006.77783203125,-2.7513778650346263,-3.0835663949149783,0.7504702103665593,3.627746357488624,-0.3410041119400671,2.283670385214238,-0.7703517822524059,2.4816365336934667,-3.567725767112052,-1.790226067639766
49.0,101.0,1006.77783203125,-2.7513777480477235,-3.0835693187933284,0.7504702103665593,3.627742944724372,-0.341004111935441,2.283668680801441,-0.7703517816475797,2.4816365336936217,-3.567725762651955,-1.790226067639766
49.0,101.0,1006.77783203125,-2.7513778650346263,-3.0835693187933284,0.7504702103665593,3.627748516924472,-0.3410041119400671,2.283670393060833,-0.7703517816475797,2.481636533693468,-3.567725766770069,-1.790226067639766
49.0,101.0,1006.77783203125,-2.751378549718186,-3.0835693187933284,0.7504702103665593,3.627748309480245,-0.3410041119400671,2.283668680438037,-0.7703517970103773,2.481636533693468,-3.567725762711996,-1.790226067639766
49.0,101.0,1006.77783203125,-2.7513778650346263,-3.0835693187933284,0.7504702103665593,3.6277442756369673,-0.3410041119400671,2.283670393060833,-0.7703517822817008,2.4816365336934667,-3.567725766770069,-1.790226067639766
49.0,101.0,1006.77783203125,-2.7513778694502244,-3.0835693187933284,0.7504702103665593,3.627748338982347,-0.3410041119400671,2.283670393060833,-0.7703517830732567,2.4816365336934667,-3.567725766770069,-1.790226067639766
49.0,101.0,1006.77783203125,-2.751377750983228,-3.0835607599551604,0.7504702103665593,3.62775047702967,-0.3410041118057135,2.283670393060833,-0.7703517944013557,2.481636533692261,-3.567725766758769,-1.790226067639766
49.0,101.0,1006.77783203125,-2.7513778650346263,-3.0835693187933284,0.7504702103665593,3.62774424286558,-0.3410041119400671,2.283670393060833,-0.7703517822817008,2.481636533693466,-3.5677257667710456,-1.790226067639766
49.0,101.0,1006.77783203125,-2.7513778650346263,-3.0835693187933284,0.7504702103665593,3.627748549695859,-0.3410041119400671,2.2836704165423383,-0.7703517812153559,2.481636533693468,-3.567725766770069,-1.790226067639766
49.0,101.0,1006.77783203125,-2.7513778650346263,-3.0835693187933284,0.7504702103665593,3.62774424286558,-0.3410041119400671,2.283670393060833,-0.7703517822524059,2.4816365336934667,-3.567725766770069,-1.790226067639766
49.0,101.0,1006.77783203125,-2.7513778650346263,-3.0835693187933284,0.7504702103665593,3.6277442756369673,-0.3410041119400671,2.283670393060833,-0.7703517822817008,2.4816365336934667,-3.567725766770069,-1.790226067639766
49.0,101.0,1006.77783203125,-2.7513778650346263,-3.0835693187933284,0.7504702103665593,3.627748549695859,-0.3410041119400671,2.283670417082821,-0.7703517818297216,2.481636533693468,-3.567725766770069,-1.790226067639766
49.0,101.0,1006.77783203125,-2.751377750983228,-3.0835607599551604,0.7504702103665593,3.6277504760159625,-0.3410041118057135,2.283670393060833,-0.7703517944013557,2.48163653369218,-3.567725766758769,-1.790226067639766
49.0,101.0,1006.77783203125,-2.7513778650346263,-3.0835693187933284,0.7504702103665593,3.62774424286558,-0.3410041119400671,2.283670393060833,-0.7703517822817008,2.481636533693466,-3.5677257667710456,-1.790226067639766
49.0,101.0,1006.77783203125,-2.751388567267442,-3.083570903034044,0.7504702103665593,3.6277502737655376,-0.3410041118057135,2.283670393060833,-0.7703517968980306,2.4816365336934325,-3.567725766758769,-1.790226067639766
49.0,101.0,1006.77783203125,-2.7513778694502244,-3.0835693187933284,0.7504702103665593,3.627748338982347,-0.3410041119400671,2.283670393060833,-0.7703517830732567,2.4816365336934885,-3.567725766770069,-1.790226067639766
49.0,101.0,1006.77783203125,-2.751377442532956,-3.083570550068314,0.7504702103665593,3.62774424286558,-0.3410041119400671,2.2836640591570188,-0.7703517822817008,2.4816365336934667,-3.567725766770069,-1.790226067639766
49.0,101.0,1006.77783203125,-2.7513778650346263,-3.0835693187933284,0.7504702103665593,3.62774424286558,-0.3410041119400671,2.2836704155661502,-0.7703517822817008,2.4816365336934667,-3.567725766770069,-1.790226067639766
49.0,101.0,1006.77783203125,-2.751378549718186,-3.0835693187933284,0.7504702103665593,3.627748309480245,-0.3410041108103307,2.283668655440683,-0.7703517970103773,2.481636533693468,-3.567725762903548,-1.790226067639766
49.0,101.0,1006.77783203125,-2.751377750694506,-3.0835693187933284,0.7504702103665593,3.627743307498696,-0.341004111935441,2.283668680801441,-0.7703517816475797,2.481636533693622,-3.567725762651955,-1.790226067639766
49.0,101.0,1006.7778930664062,-2.7513782194387284,-3.083585275220257,0.7504702103665593,3.627748309480245,-0.3410041119437068,2.28366862800669,-0.7703518642398367,2.481636533693468,-3.567725762711996,-1.790226067639766
49.0,101.0,1006.7778930664062,-2.7513781783804263,-3.083585462575184,0.7504702103665593,3.627748367336297,-0.3410041119351155,2.283668680801441,-0.7703517816475797,2.481636533693466,-3.567725762651955,-1.790226067639766
49.0,101.0,1006.7779541015624,-2.751377992115116,-3.083600855462419,0.7504702103665593,3.627743115563308,-0.3410040846336011,2.2836704169057427,-0.7703517816475797,2.4816365336936217,-3.5677257667100286,-1.790226067639766
49.0,101.0,1006.7779541015624,-2.751377992115116,-3.0836031900099643,0.7504702103665593,3.627743115563308,-0.3410040846336011,2.2836686416390006,-0.7703517816475797,2.4816365336936217,-3.5677257666051903,-1.790226067639766
49.0,101.0,1006.7779541015624,-2.751377992115116,-3.083600855462419,0.7504702103665593,3.627742577217525,-0.3410040846336011,2.283668640059592,-0.7703517816475797,2.4816365336936217,-3.5677259912240347,-1.790226067639766
49.0,101.0,1006.7780151367188,-2.751388564005321,-3.0836294871511045,0.7504702103665593,3.627741196628401,-0.3410041118057135,2.283664337255969,-0.7703517968980306,2.481636533693433,-3.56772576676808,-1.790226067639766
49.0,101.0,1006.778076171875,-2.751388611001996,-3.0836428421182336,0.7504702103665593,3.627746305046672,-0.341004110885453,2.2836707256146886,-0.7703518866159701,2.4816365336935298,-3.567725767111985,-1.790226067639766
49.0,101.0,1006.778076171875,-2.7513889865069925,-3.083628255876119,0.7504702103665593,3.627741196628401,-0.3410041118057135,2.2836706711597827,-0.7703517968980306,2.481636533693433,-3.56772576676808,-1.790226067639766
49.0,101.0,1006.7781372070312,-2.751377794717782,-3.0836428421182336,0.7504702103665593,3.627746508310804,-0.341004110885453,2.2836707256146886,-0.7703518841192951,2.4816365336923574,-3.567725767111985,-1.790226067639766
49.0,101.0,1006.7781372070312,-2.751377794717782,-3.083645765996584,0.7504702103665593,3.627744393687759,-0.341004110885453,2.283670733461284,-0.7703518841192951,2.4816365336923574,-3.567725766770002,-1.790226067639766
49.0,101.0,1006.7847290039062,-2.7513882972658554,-3.084758802530993,0.7504702103665593,3.6277441940033337,-0.3410041294834198,2.283664019655074,-0.7703570843093666,2.4816365336934667,-3.567725766770069,-1.790226067639766
49.0,101.0,1006.7857666015624,-2.751388637584286,-3.084892715596452,0.7504702103665593,3.6277441940033337,-0.3410041310446824,2.283663943194554,-0.7703570843093666,2.4816365336934667,-3.567725766770069,-1.790226067639766
49.0,101.0,1006.7857666015624,-2.751388138114598,-3.084892715596452,0.7504702103665593,3.6277441940033337,-0.3410041310446824,2.283663943194554,-0.7703570843093666,2.4816365336934667,-3.567725766770069,-1.790226067639766
49.0,101.0,1006.7857666015624,-2.7513870111444128,-3.084892715596452,0.7504702103665593,3.6277441940033337,-0.3410041310446824,2.283663943194554,-0.7703566785703343,2.4816365336934667,-3.567725766770069,-1.790226067639766
49.0,101.0,1006.785888671875,-2.751389289499701,-3.0849042182383863,0.7504702103665593,3.6277425705792576,-0.3410041269549527,2.2836686505405144,-0.770351629768039,2.48163653369483,-3.567725995545011,-1.790226067639766
49.0,101.0,1006.785888671875,-2.751389289499701,-3.0849042182383863,0.7504702103665593,3.6277425705792576,-0.3410041269549527,2.2836686505405144,-0.770351629768039,2.48163653369483,-3.567725995545011,-1.790226067639766
49.0,102.0,1006.7766723632812,-2.7513778650346263,-3.0835693187933284,0.7504702103665593,3.627748549695859,-0.3410041119400671,2.2803789822215697,-0.770351781858279,2.481636533693468,-3.567725766770069,-1.790226067639766
49.0,102.0,1006.7777709960938,-2.7513775620783987,-3.083553546996451,0.7504702103665593,3.627750287157424,-0.3410041118099382,2.283670393060833,-0.770351783157349,2.481636533693451,-3.56772576676808,-1.790226067639766
49.0,102.0,1006.7777709960938,-2.751388567267442,-3.0835607599551604,0.7504702103665593,3.6277502737655376,-0.3410041118057135,2.283670393060833,-0.7703517968980306,2.481636533693433,-3.56772576676808,-1.790226067639766
49.0,102.0,1006.7777709960938,-2.751388567267442,-3.0835607599551604,0.7504702103665593,3.6277502737655376,-0.3410041118057135,2.283670393060833,-0.7703517968980306,2.481636533693433,-3.567725766758769,-1.790226067639766
49.0,102.0,1006.7777709960938,-2.7513775620783987,-3.083553944463697,0.7504702103665593,3.62775029383408,-0.3410041118116838,2.2836703393772213,-0.7703517816767252,2.481636533693452,-3.567725762720802,-1.790226067639766
49.0,102.0,1006.7777709960938,-2.751388567267442,-3.0835607599551604,0.7504702103665593,3.6277502737655376,-0.3410041118057135,2.283670393060833,-0.7703517968980306,2.481636533693433,-3.56772576676808,-1.790226067639766
49.0,102.0,1006.7777709960938,-2.7513775620783987,-3.0835531894454773,0.7504702103665593,3.627750286456553,-0.3410041118099382,2.283670393060833,-0.770351783157349,2.481636533693452,-3.56772576676808,-1.790226067639766
49.0,102.0,1006.7777709960938,-2.751388322632575,-3.083553546996451,0.7504702103665593,3.627750287157424,-0.3410041118375916,2.283670393060833,-0.770351783157349,2.481636533693451,-3.567725767118924,-1.790226067639766
49.0,102.0,1006.7777709960938,-2.751378233016416,-3.0835607599551604,0.7504702103665593,3.62775047702967,-0.3410041118057135,2.283668634843973,-0.7703517944013557,2.481636533692261,-3.567725766758769,-1.790226067639766
49.0,102.0,1006.7777709960938,-2.751388567267442,-3.0835607599551604,0.7504702103665593,3.6277502737655376,-0.3410041118057135,2.283670393060833,-0.7703517968980306,2.481636533693433,-3.567725766758769,-1.790226067639766
49.0,102.0,1006.77783203125,-2.7513778650346263,-3.0835693187933284,0.7504702103665593,3.627748549695859,-0.3410041119400671,2.283670393060833,-0.7703517816475797,2.481636533693468,-3.567725766770069,-1.790226067639766
49.0,102.0,1006.77783203125,-2.75137775716504,-3.0835693187933284,0.7504702103665593,3.627742944724372,-0.3410041119400671,2.283668680801441,-0.7703517816475797,2.4816365336936217,-3.567725762651955,-1.790226067639766
49.0,102.0,1006.77783203125,-2.7513778650346263,-3.0835693187933284,0.7504702103665593,3.62774424286558,-0.3410041119400671,2.283670393060833,-0.7703517822817008,2.4816365336934667,-3.567725766770069,-1.790226067639766
49.0,102.0,1006.77783203125,-2.7513778650346263,-3.0835693187933284,0.7504702103665593,3.62774424286558,-0.3410041119400671,2.283670393060833,-0.7703517822524059,2.4816365336934667,-3.567725766770069,-1.790226067639766
49.0,102.0,1006.77783203125,-2.7513778650346263,-3.0835693187933284,0.7504702103665593,3.627748549695859,-0.3410041119400671,2.2836704165423383,-0.7703518642398367,2.481636533693468,-3.567725766770069,-1.790226067639766
49.0,102.0,1006.77783203125,-2.75137775716504,-3.0835693187933284,0.7504702103665593,3.627742944724372,-0.3410041119400671,2.283668680801441,-0.7703517816475797,2.4816365336936217,-3.567725762651955,-1.790226067639766
49.0,102.0,1006.77783203125,-2.7513778667712443,-3.0835693187933284,0.7504702103665593,3.627748309480245,-0.3410041119400671,2.283668680438037,-0.7703518642398367,2.481636533693468,-3.567725762711996,-1.790226067639766
49.0,102.0,1006.77783203125,-2.7513777554284222,-3.0835693187933284,0.7504702103665593,3.6277431849399857,-0.3410041119400671,2.2836704169057427,-0.7703517816475797,2.4816365336936217,-3.5677257667100286,-1.790226067639766
49.0,102.0,1006.77783203125,-2.7513778650346263,-3.0835663949149783,0.7504702103665593,3.627746357488624,-0.3410041119400671,2.283670385214238,-0.7703517822524059,2.4816365336934667,-3.567725767112052,-1.790226067639766
49.0,102.0,1006.77783203125,-2.7513777480477235,-3.0835693187933284,0.7504702103665593,3.627742944724372,-0.341004111935441,2.283668680801441,-0.7703517816475797,2.4816365336936217,-3.567725762651955,-1.790226067639766
49.0,102.0,1006.77783203125,-2.7513778650346263,-3.0835693187933284,0.7504702103665593,3.627748516924472,-0.3410041119400671,2.283670393060833,-0.7703517816475797,2.481636533693468,-3.567725766770069,-1.790226067639766
49.0,102.0,1006.77783203125,-2.751378549718186,-3.0835693187933284,0.7504702103665593,3.627748309480245,-0.3410041119400671,2.283668680438037,-0.7703517970103773,2.481636533693468,-3.567725762711996,-1.790226067639766
49.0,102.0,1006.77783203125,-2.7513778650346263,-3.0835693187933284,0.7504702103665593,3.6277442756369673,-0.3410041119400671,2.283670393060833,-0.7703517822817008,2.4816365336934667,-3.567725766770069,-1.790226067639766
49.0,102.0,1006.77783203125,-2.7513778694502244,-3.0835693187933284,0.7504702103665593,3.627748338982347,-0.3410041119400671,2.283670393060833,-0.7703517830732567,2.4816365336934667,-3.567725766770069,-1.790226067639766
49.0,102.0,1006.77783203125,-2.751377750983228,-3.0835607599551604,0.7504702103665593,3.62775047702967,-0.3410041118057135,2.283670393060833,-0.7703517944013557,2.481636533692261,-3.567725766758769,-1.790226067639766
49.0,102.0,1006.77783203125,-2.7513778650346263,-3.0835693187933284,0.7504702103665593,3.62774424286558,-0.3410041119400671,2.283670393060833,-0.7703517822817008,2.481636533693466,-3.5677257667710456,-1.790226067639766
49.0,102.0,1006.77783203125,-2.7513778650346263,-3.0835693187933284,0.7504702103665593,3.627748549695859,-0.3410041119400671,2.2836704165423383,-0.7703517812153559,2.481636533693468,-3.567725766770069,-1.790226067639766
49.0,102.0,1006.77783203125,-2.7513778650346263,-3.0835693187933284,0.7504702103665593,3.62774424286558,-0.3410041119400671,2.283670393060833,-0.7703517822524059,2.4816365336934667,-3.567725766770069,-1.790226067639766
49.0,102.0,1006.77783203125,-2.7513778650346263,-3.0835693187933284,0.7504702103665593,3.6277442756369673,-0.3410041119400671,2.283670393060833,-0.7703517822817008,2.4816365336934667,-3.567725766770069,-1.790226067639766
49.0,102.0,1006.77783203125,-2.7513778650346263,-3.0835693187933284,0.7504702103665593,3.627748549695859,-0.3410041119400671,2.283670417082821,-0.7703517818297216,2.481636533693468,-3.567725766770069,-1.790226067639766
49.0,102.0,1006.77783203125,-2.751377750983228,-3.0835607599551604,0.7504702103665593,3.6277504760159625,-0.3410041118057135,2.283670393060833,-0.7703517944013557,2.48163653369218,-3.567725766758769,-1.790226067639766
49.0,102.0,1006.77783203125,-2.7513778650346263,-3.0835693187933284,0.7504702103665593,3.62774424286558,-0.3410041119400671,2.283670393060833,-0.7703517822817008,2.481636533693466,-3.5677257667710456,-1.790226067639766
49.0,102.0,1006.77783203125,-2.751388567267442,-3.083570903034044,0.7504702103665593,3.6277502737655376,-0.3410041118057135,2.283670393060833,-0.7703517968980306,2.4816365336934325,-3.567725766758769,-1.790226067639766
49.0,102.0,1006.77783203125,-2.7513778694502244,-3.0835693187933284,0.7504702103665593,3.627748338982347,-0.3410041119400671,2.283670393060833,-0.7703517830732567,2.4816365336934885,-3.567725766770069,-1.790226067639766
49.0,102.0,1006.77783203125,-2.751377442532956,-3.083570550068314,0.7504702103665593,3.62774424286558,-0.3410041119400671,2.2836640591570188,-0.7703517822817008,2.4816365336934667,-3.567725766770069,-1.790226067639766
49.0,102.0,1006.77783203125,-2.7513778650346263,-3.0835693187933284,0.7504702103665593,3.62774424286558,-0.3410041119400671,2.2836704155661502,-0.7703517822817008,2.4816365336934667,-3.567725766770069,-1.790226067639766
49.0,102.0,1006.77783203125,-2.751378549718186,-3.0835693187933284,0.7504702103665593,3.627748309480245,-0.3410041108103307,2.283668655440683,-0.7703517970103773,2.481636533693468,-3.567725762903548,-1.790226067639766
49.0,102.0,1006.77783203125,-2.751377750694506,-3.0835693187933284,0.7504702103665593,3.627743307498696,-0.341004111935441,2.283668680801441,-0.7703517816475797,2.481636533693622,-3.567725762651955,-1.790226067639766
49.0,102.0,1006.77783203125,-2.751377864451007,-3.0835693187933284,0.7504702103665593,3.6277428877974858,-0.3410041119400671,2.2836687722418487,-0.7703517822421264,2.481636533693468,-3.567725762740269,-1.790226067639766
49.0,102.0,1006.77783203125,-2.7513775620783987,-3.0835696729126543,0.7504702103665593,3.627750286456553,-0.3410041119333099,2.283670393060833,-0.770351783157349,2.481636533693452,-3.56772576676808,-1.790226067639766
49.0,102.0,1006.77783203125,-2.751378549718186,-3.0835693187933284,0.7504702103665593,3.627748309480245,-0.3410041119400671,2.283668680438037,-0.7703517970103773,2.481636533693468,-3.567725762711996,-1.790226067639766
49.0,102.0,1006.77783203125,-2.751377750983228,-3.0835607599551604,0.7504702103665593,3.627750476038568,-0.3410041118057135,2.283670393060833,-0.7703517944013557,2.4816365336921784,-3.567725766758769,-1.790226067639766
49.0,102.0,1006.77783203125,-2.751377850926489,-3.0835691831766767,0.7504702103665593,3.627748309480245,-0.3410041119392503,2.283668854280984,-0.7703518642398367,2.4816365336934507,-3.567725762711996,-1.790226067639766
49.0,102.0,1006.77783203125,-2.75137775170835,-3.0835606144984893,0.7504702103665593,3.6277504760159625,-0.3410041118057135,2.283670393060833,-0.7703517944013557,2.48163653369218,-3.567725766758402,-1.790226067639766
49.0,102.0,1006.77783203125,-2.751377750694506,-3.0835693187933284,0.7504702103665593,3.627743307498696,-0.341004111935441,2.283668680801441,-0.7703517816475797,2.481636533693622,-3.567725762651955,-1.790226067639766
49.0,102.0,1006.77783203125,-2.75137775774866,-3.0835693187933284,0.7504702103665593,3.627744299792466,-0.3410041119400671,2.283670324125743,-0.7703517816871539,2.481636533693621,-3.567725766681755,-1.790226067639766
49.0,102.0,1006.77783203125,-2.7513778667712443,-3.0835693187933284,0.7504702103665593,3.627748434797135,-0.3410041119400671,2.283668680438037,-0.7703518641160476,2.4816365336935022,-3.5677257628223056,-1.790226067639766
49.0,102.0,1006.77783203125,-2.7513775884297544,-3.0835693187933284,0.7504702103665593,3.6277483707772777,-0.3410041107765879,2.283668655440683,-0.7703517970103773,2.481636533693468,-3.567725762889092,-1.790226067639766
49.0,102.0,1006.77783203125,-2.7513778650346263,-3.0835693187933284,0.7504702103665593,3.62774424286558,-0.3410041119400671,2.283670393060833,-0.7703517822524059,2.4816365336934667,-3.567725766770069,-1.790226067639766
49.0,102.0,1006.77783203125,-2.7513778650346263,-3.0835693187933284,0.7504702103665593,3.62774424286558,-0.3410041119400671,2.283670393060833,-0.7703517816657796,2.4816365336934667,-3.567725766770069,-1.790226067639766
49.0,103.0,1006.7766723632812,-2.7513778650346263,-3.0835693187933284,0.7504702103665593,3.627748549695859,-0.3410041119400671,2.2803789822215697,-0.770351781858279,2.481636533693468,-3.567725766770069,-1.790226067639766
49.0,103.0,1006.7767944335938,-2.751378549718186,-3.0835693187933284,0.7504702103665593,3.6277483110345226,-0.3410041119400671,2.2803332839607666,-0.7703517970103773,2.481636533693468,-3.567725766793386,-1.790226067639766
49.0,103.0,1006.7777709960938,-2.7513775620783987,-3.083553546996451,0.7504702103665593,3.627750287157424,-0.3410041118099382,2.283670393060833,-0.770351783157349,2.481636533693451,-3.56772576676808,-1.790226067639766
49.0,103.0,1006.7777709960938,-2.751388567267442,-3.0835607599551604,0.7504702103665593,3.6277502737655376,-0.3410041118057135,2.283670393060833,-0.7703517968980306,2.481636533693433,-3.56772576676808,-1.790226067639766
49.0,103.0,1006.7777709960938,-2.751388567267442,-3.0835607599551604,0.7504702103665593,3.6277502737655376,-0.3410041118057135,2.283670393060833,-0.7703517968980306,2.481636533693433,-3.567725766758769,-1.790226067639766
49.0,103.0,1006.7777709960938,-2.7513775620783987,-3.083553944463697,0.7504702103665593,3.62775029383408,-0.3410041118116838,2.2836703393772213,-0.7703517816767252,2.481636533693452,-3.567725762720802,-1.790226067639766
49.0,103.0,1006.7777709960938,-2.751388567267442,-3.0835607599551604,0.7504702103665593,3.6277502737655376,-0.3410041118057135,2.283670393060833,-0.7703517968980306,2.481636533693433,-3.56772576676808,-1.790226067639766
49.0,103.0,1006.7777709960938,-2.7513775620783987,-3.0835531894454773,0.7504702103665593,3.627750286456553,-0.3410041118099382,2.283670393060833,-0.770351783157349,2.481636533693452,-3.56772576676808,-1.790226067639766
49.0,103.0,1006.7777709960938,-2.751388322632575,-3.083553546996451,0.7504702103665593,3.627750287157424,-0.3410041118375916,2.283670393060833,-0.770351783157349,2.481636533693451,-3.567725767118924,-1.790226067639766
49.0,103.0,1006.7777709960938,-2.751378233016416,-3.0835607599551604,0.7504702103665593,3.62775047702967,-0.3410041118057135,2.283668634843973,-0.7703517944013557,2.481636533692261,-3.567725766758769,-1.790226067639766
49.0,103.0,1006.7777709960938,-2.751388567267442,-3.0835607599551604,0.7504702103665593,3.6277502737655376,-0.3410041118057135,2.283670393060833,-0.7703517968980306,2.481636533693433,-3.567725766758769,-1.790226067639766
49.0,103.0,1006.7777709960938,-2.7513881573867804,-3.083553546996451,0.7504702103665593,3.6277463419330056,-0.3410041118375916,2.2836703850374787,-0.770351783157349,2.4816365336934525,-3.567725767118924,-1.790226067639766
49.0,103.0,1006.7777709960938,-2.7513775620783987,-3.083553546899066,0.7504702103665593,3.627750286437154,-0.3410041118099382,2.283670393060833,-0.770351783157349,2.481636533693452,-3.56772576676808,-1.790226067639766
49.0,103.0,1006.7777709960938,-2.7513881750249216,-3.0835607599551604,0.7504702103665593,3.627750260623324,-0.3410041118057135,2.283670393060833,-0.7703517968980306,2.4816365336934183,-3.567725766758769,-1.790226067639766
49.0,103.0,1006.7777709960938,-2.7513775620783987,-3.0835531895428625,0.7504702103665593,3.627750287176824,-0.3410041118099382,2.283670393060833,-0.770351783157349,2.481636533693451,-3.56772576676808,-1.790226067639766
49.0,103.0,1006.77783203125,-2.7513778650346263,-3.0835693187933284,0.7504702103665593,3.627748549695859,-0.3410041119400671,2.283670393060833,-0.7703517816475797,2.481636533693468,-3.567725766770069,-1.790226067639766
49.0,103.0,1006.77783203125,-2.75137775716504,-3.0835693187933284,0.7504702103665593,3.627742944724372,-0.3410041119400671,2.283668680801441,-0.7703517816475797,2.4816365336936217,-3.567725762651955,-1.790226067639766
49.0,103.0,1006.77783203125,-2.7513778650346263,-3.0835693187933284,0.7504702103665593,3.62774424286558,-0.3410041119400671,2.283670393060833,-0.7703517822817008,2.4816365336934667,-3.567725766770069,-1.790226067639766
49.0,103.0,1006.77783203125,-2.7513778650346263,-3.0835693187933284,0.7504702103665593,3.62774424286558,-0.3410041119400671,2.283670393060833,-0.7703517822524059,2.4816365336934667,-3.567725766770069,-1.790226067639766
49.0,103.0,1006.77783203125,-2.7513778650346263,-3.0835693187933284,0.7504702103665593,3.627748549695859,-0.3410041119400671,2.2836704165423383,-0.7703518642398367,2.481636533693468,-3.567725766770069,-1.790226067639766
49.0,103.0,1006.77783203125,-2.75137775716504,-3.0835693187933284,0.7504702103665593,3.627742944724372,-0.3410041119400671,2.283668680801441,-0.7703517816475797,2.4816365336936217,-3.567725762651955,-1.790226067639766
49.0,103.0,1006.77783203125,-2.7513778667712443,-3.0835693187933284,0.7504702103665593,3.627748309480245,-0.3410041119400671,2.283668680438037,-0.7703518642398367,2.481636533693468,-3.567725762711996,-1.790226067639766
49.0,103.0,1006.77783203125,-2.7513777554284222,-3.0835693187933284,0.7504702103665593,3.6277431849399857,-0.3410041119400671,2.2836704169057427,-0.7703517816475797,2.4816365336936217,-3.5677257667100286,-1.790226067639766
49.0,103.0,1006.77783203125,-2.7513778650346263,-3.0835663949149783,0.7504702103665593,3.627746357488624,-0.3410041119400671,2.283670385214238,-0.7703517822524059,2.4816365336934667,-3.567725767112052,-1.790226067639766
49.0,103.0,1006.77783203125,-2.7513777480477235,-3.0835693187933284,0.7504702103665593,3.627742944724372,-0.341004111935441,2.283668680801441,-0.7703517816475797,2.4816365336936217,-3.567725762651955,-1.790226067639766
49.0,103.0,1006.77783203125,-2.7513778650346263,-3.0835693187933284,0.7504702103665593,3.627748516924472,-0.3410041119400671,2.283670393060833,-0.7703517816475797,2.481636533693468,-3.567725766770069,-1.790226067639766
49.0,103.0,1006.77783203125,-2.751378549718186,-3.0835693187933284,0.7504702103665593,3.627748309480245,-0.3410041119400671,2.283668680438037,-0.7703517970103773,2.481636533693468,-3.567725762711996,-1.790226067639766
49.0,103.0,1006.77783203125,-2.7513778650346263,-3.0835693187933284,0.7504702103665593,3.6277442756369673,-0.3410041119400671,2.283670393060833,-0.7703517822817008,2.4816365336934667,-3.567725766770069,-1.790226067639766
49.0,103.0,1006.77783203125,-2.7513778694502244,-3.0835693187933284,0.7504702103665593,3.627748338982347,-0.3410041119400671,2.283670393060833,-0.7703517830732567,2.4816365336934667,-3.567725766770069,-1.790226067639766
49.0,103.0,1006.77783203125,-2.751377750983228,-3.0835607599551604,0.7504702103665593,3.62775047702967,-0.3410041118057135,2.283670393060833,-0.7703517944013557,2.481636533692261,-3.567725766758769,-1.790226067639766
49.0,103.0,1006.77783203125,-2.7513778650346263,-3.0835693187933284,0.7504702103665593,3.62774424286558,-0.3410041119400671,2.283670393060833,-0.7703517822817008,2.481636533693466,-3.5677257667710456,-1.790226067639766
49.0,103.0,1006.77783203125,-2.7513778650346263,-3.0835693187933284,0.7504702103665593,3.627748549695859,-0.3410041119400671,2.2836704165423383,-0.7703517812153559,2.481636533693468,-3.567725766770069,-1.790226067639766
49.0,103.0,1006.77783203125,-2.7513778650346263,-3.0835693187933284,0.7504702103665593,3.62774424286558,-0.3410041119400671,2.283670393060833,-0.7703517822524059,2.4816365336934667,-3.567725766770069,-1.790226067639766
49.0,103.0,1006.77783203125,-2.7513778650346263,-3.0835693187933284,0.7504702103665593,3.6277442756369673,-0.3410041119400671,2.283670393060833,-0.7703517822817008,2.4816365336934667,-3.567725766770069,-1.790226067639766
49.0,103.0,1006.77783203125,-2.7513778650346263,-3.0835693187933284,0.7504702103665593,3.627748549695859,-0.3410041119400671,2.283670417082821,-0.7703517818297216,2.481636533693468,-3.567725766770069,-1.790226067639766
49.0,103.0,1006.77783203125,-2.751377750983228,-3.0835607599551604,0.7504702103665593,3.6277504760159625,-0.3410041118057135,2.283670393060833,-0.7703517944013557,2.48163653369218,-3.567725766758769,-1.790226067639766
49.0,103.0,1006.77783203125,-2.7513778650346263,-3.0835693187933284,0.7504702103665593,3.62774424286558,-0.3410041119400671,2.283670393060833,-0.7703517822817008,2.481636533693466,-3.5677257667710456,-1.790226067639766
49.0,103.0,1006.77783203125,-2.751388567267442,-3.083570903034044,0.7504702103665593,3.6277502737655376,-0.3410041118057135,2.283670393060833,-0.7703517968980306,2.4816365336934325,-3.567725766758769,-1.790226067639766
49.0,103.0,1006.77783203125,-2.7513778694502244,-3.0835693187933284,0.7504702103665593,3.627748338982347,-0.3410041119400671,2.283670393060833,-0.7703517830732567,2.4816365336934885,-3.567725766770069,-1.790226067639766
49.0,103.0,1006.77783203125,-2.751377442532956,-3.083570550068314,0.7504702103665593,3.62774424286558,-0.3410041119400671,2.2836640591570188,-0.7703517822817008,2.4816365336934667,-3.567725766770069,-1.790226067639766
49.0,103.0,1006.77783203125,-2.7513778650346263,-3.0835693187933284,0.7504702103665593,3.62774424286558,-0.3410041119400671,2.2836704155661502,-0.7703517822817008,2.4816365336934667,-3.567725766770069,-1.790226067639766
49.0,103.0,1006.77783203125,-2.751378549718186,-3.0835693187933284,0.7504702103665593,3.627748309480245,-0.3410041108103307,2.283668655440683,-0.7703517970103773,2.481636533693468,-3.567725762903548,-1.790226067639766
49.0,103.0,1006.77783203125,-2.751377750694506,-3.0835693187933284,0.7504702103665593,3.627743307498696,-0.341004111935441,2.283668680801441,-0.7703517816475797,2.481636533693622,-3.567725762651955,-1.790226067639766
49.0,103.0,1006.77783203125,-2.751377864451007,-3.0835693187933284,0.7504702103665593,3.6277428877974858,-0.3410041119400671,2.2836687722418487,-0.7703517822421264,2.481636533693468,-3.567725762740269,-1.790226067639766
49.0,103.0,1006.77783203125,-2.7513775620783987,-3.0835696729126543,0.7504702103665593,3.627750286456553,-0.3410041119333099,2.283670393060833,-0.770351783157349,2.481636533693452,-3.56772576676808,-1.790226067639766
49.0,103.0,1006.77783203125,-2.751378549718186,-3.0835693187933284,0.7504702103665593,3.627748309480245,-0.3410041119400671,2.283668680438037,-0.7703517970103773,2.481636533693468,-3.567725762711996,-1.790226067639766
49.0,103.0,1006.77783203125,-2.751377750983228,-3.0835607599551604,0.7504702103665593,3.627750476038568,-0.3410041118057135,2.283670393060833,-0.7703517944013557,2.4816365336921784,-3.567725766758769,-1.790226067639766
49.0,103.0,1006.77783203125,-2.751377850926489,-3.0835691831766767,0.7504702103665593,3.627748309480245,-0.3410041119392503,2.283668854280984,-0.7703518642398367,2.4816365336934507,-3.567725762711996,-1.790226067639766
49.0,103.0,1006.77783203125,-2.75137775170835,-3.0835606144984893,0.7504702103665593,3.6277504760159625,-0.3410041118057135,2.283670393060833,-0.7703517944013557,2.48163653369218,-3.567725766758402,-1.790226067639766
49.0,103.0,1006.77783203125,-2.751377750694506,-3.0835693187933284,0.7504702103665593,3.627743307498696,-0.341004111935441,2.283668680801441,-0.7703517816475797,2.481636533693622,-3.567725762651955,-1.790226067639766
49.0,104.0,1006.7766723632812,-2.7513778650346263,-3.0835693187933284,0.7504702103665593,3.627748549695859,-0.3410041119400671,2.2803789822215697,-0.770351781858279,2.481636533693468,-3.567725766770069,-1.790226067639766
49.0,104.0,1006.7767944335938,-2.751378549718186,-3.0835693187933284,0.7504702103665593,3.6277483110345226,-0.3410041119400671,2.2803332839607666,-0.7703517970103773,2.481636533693468,-3.567725766793386,-1.790226067639766
49.0,104.0,1006.7777709960938,-2.7513775620783987,-3.083553546996451,0.7504702103665593,3.627750287157424,-0.3410041118099382,2.283670393060833,-0.770351783157349,2.481636533693451,-3.56772576676808,-1.790226067639766
49.0,104.0,1006.7777709960938,-2.751388567267442,-3.0835607599551604,0.7504702103665593,3.6277502737655376,-0.3410041118057135,2.283670393060833,-0.7703517968980306,2.481636533693433,-3.56772576676808,-1.790226067639766
49.0,104.0,1006.7777709960938,-2.751388567267442,-3.0835607599551604,0.7504702103665593,3.6277502737655376,-0.3410041118057135,2.283670393060833,-0.7703517968980306,2.481636533693433,-3.567725766758769,-1.790226067639766
49.0,104.0,1006.7777709960938,-2.7513775620783987,-3.083553944463697,0.7504702103665593,3.62775029383408,-0.3410041118116838,2.2836703393772213,-0.7703517816767252,2.481636533693452,-3.567725762720802,-1.790226067639766
49.0,104.0,1006.7777709960938,-2.751388567267442,-3.0835607599551604,0.7504702103665593,3.6277502737655376,-0.3410041118057135,2.283670393060833,-0.7703517968980306,2.481636533693433,-3.56772576676808,-1.790226067639766
49.0,104.0,1006.7777709960938,-2.7513775620783987,-3.0835531894454773,0.7504702103665593,3.627750286456553,-0.3410041118099382,2.283670393060833,-0.770351783157349,2.481636533693452,-3.56772576676808,-1.790226067639766
49.0,104.0,1006.7777709960938,-2.751388322632575,-3.083553546996451,0.7504702103665593,3.627750287157424,-0.3410041118375916,2.283670393060833,-0.770351783157349,2.481636533693451,-3.567725767118924,-1.790226067639766
49.0,104.0,1006.7777709960938,-2.751378233016416,-3.0835607599551604,0.7504702103665593,3.62775047702967,-0.3410041118057135,2.283668634843973,-0.7703517944013557,2.481636533692261,-3.567725766758769,-1.790226067639766
49.0,104.0,1006.7777709960938,-2.751388567267442,-3.0835607599551604,0.7504702103665593,3.6277502737655376,-0.3410041118057135,2.283670393060833,-0.7703517968980306,2.481636533693433,-3.567725766758769,-1.790226067639766
49.0,104.0,1006.7777709960938,-2.7513881573867804,-3.083553546996451,0.7504702103665593,3.6277463419330056,-0.3410041118375916,2.2836703850374787,-0.770351783157349,2.4816365336934525,-3.567725767118924,-1.790226067639766
49.0,104.0,1006.7777709960938,-2.7513775620783987,-3.083553546899066,0.7504702103665593,3.627750286437154,-0.3410041118099382,2.283670393060833,-0.770351783157349,2.481636533693452,-3.56772576676808,-1.790226067639766
49.0,104.0,1006.7777709960938,-2.7513881750249216,-3.0835607599551604,0.7504702103665593,3.627750260623324,-0.3410041118057135,2.283670393060833,-0.7703517968980306,2.4816365336934183,-3.567725766758769,-1.790226067639766
49.0,104.0,1006.7777709960938,-2.7513775620783987,-3.0835531895428625,0.7504702103665593,3.627750287176824,-0.3410041118099382,2.283670393060833,-0.770351783157349,2.481636533693451,-3.56772576676808,-1.790226067639766
49.0,104.0,1006.7777709960938,-2.7513881750249216,-3.0835607599551604,0.7504702103665593,3.627750260623324,-0.341004111942368,2.283670292338186,-0.7703517968980306,2.4816365336934183,-3.567725762078928,-1.790226067639766
49.0,104.0,1006.7777709960938,-2.751388567267442,-3.0835607599551604,0.7504702103665593,3.627750276100352,-0.3410041118057135,2.283670393060833,-0.7703517968980306,2.481636533693433,-3.56772576676808,-1.790226067639766
49.0,104.0,1006.7777709960938,-2.7513874539303806,-3.083553546996451,0.7504702103665593,3.6277427662623545,-0.3410041119361397,2.2836703850374787,-0.770351783157349,2.4816365336934525,-3.567725767118924,-1.790226067639766
49.0,104.0,1006.7777709960938,-2.751388567267442,-3.0835607599551604,0.7504702103665593,3.6277502737655376,-0.3410041118057135,2.283670393060833,-0.7703517968770233,2.481636533693433,-3.56772576676808,-1.790226067639766
49.0,104.0,1006.7777709960938,-2.7513781857634214,-3.083560723191876,0.7504702103665593,3.62775047702967,-0.3410041118057135,2.283668631108128,-0.7703517944572341,2.481636533692261,-3.567725766758769,-1.790226067639766
49.0,104.0,1006.7777709960938,-2.751378152453909,-3.083553728351574,0.7504702103665593,3.627750287157424,-0.3410041118375916,2.283670393060833,-0.7703517829455573,2.481636533693451,-3.567725767118924,-1.790226067639766
49.0,104.0,1006.7777709960938,-2.7513775346693383,-3.0835531894454773,0.7504702103665593,3.627750286456553,-0.3410041118099382,2.283670393060833,-0.770351783157349,2.4816365336934663,-3.567725766767817,-1.790226067639766
49.0,104.0,1006.7777709960938,-2.7513775620783987,-3.083553546899066,0.7504702103665593,3.627750286437154,-0.3410041118098628,2.283670393060833,-0.770351783157349,2.481636533693452,-3.56772576676808,-1.790226067639766
49.0,104.0,1006.7777709960938,-2.751388567267442,-3.0835534444825425,0.7504702103665593,3.6277502737655376,-0.3410041118057821,2.283670393060833,-0.7703517832544207,2.481636533693433,-3.56772576676808,-1.790226067639766
49.0,104.0,1006.77783203125,-2.7513778650346263,-3.0835693187933284,0.7504702103665593,3.627748549695859,-0.3410041119400671,2.283670393060833,-0.7703517816475797,2.481636533693468,-3.567725766770069,-1.790226067639766
49.0,104.0,1006.77783203125,-2.75137775716504,-3.0835693187933284,0.7504702103665593,3.627742944724372,-0.3410041119400671,2.283668680801441,-0.7703517816475797,2.4816365336936217,-3.567725762651955,-1.790226067639766
49.0,104.0,1006.77783203125,-2.7513778650346263,-3.0835693187933284,0.7504702103665593,3.62774424286558,-0.3410041119400671,2.283670393060833,-0.7703517822817008,2.4816365336934667,-3.567725766770069,-1.790226067639766
49.0,104.0,1006.77783203125,-2.7513778650346263,-3.0835693187933284,0.7504702103665593,3.62774424286558,-0.3410041119400671,2.283670393060833,-0.7703517822524059,2.4816365336934667,-3.567725766770069,-1.790226067639766
49.0,104.0,1006.77783203125,-2.7513778650346263,-3.0835693187933284,0.7504702103665593,3.627748549695859,-0.3410041119400671,2.2836704165423383,-0.7703518642398367,2.481636533693468,-3.567725766770069,-1.790226067639766
49.0,104.0,1006.77783203125,-2.75137775716504,-3.0835693187933284,0.7504702103665593,3.627742944724372,-0.3410041119400671,2.283668680801441,-0.7703517816475797,2.4816365336936217,-3.567725762651955,-1.790226067639766
49.0,104.0,1006.77783203125,-2.7513778667712443,-3.0835693187933284,0.7504702103665593,3.627748309480245,-0.3410041119400671,2.283668680438037,-0.7703518642398367,2.481636533693468,-3.567725762711996,-1.790226067639766
49.0,104.0,1006.77783203125,-2.7513777554284222,-3.0835693187933284,0.7504702103665593,3.6277431849399857,-0.3410041119400671,2.2836704169057427,-0.7703517816475797,2.4816365336936217,-3.5677257667100286,-1.790226067639766
49.0,104.0,1006.77783203125,-2.7513778650346263,-3.0835663949149783,0.7504702103665593,3.627746357488624,-0.3410041119400671,2.283670385214238,-0.7703517822524059,2.4816365336934667,-3.567725767112052,-1.790226067639766
49.0,104.0,1006.77783203125,-2.7513777480477235,-3.0835693187933284,0.7504702103665593,3.627742944724372,-0.341004111935441,2.283668680801441,-0.7703517816475797,2.4816365336936217,-3.567725762651955,-1.790226067639766
49.0,104.0,1006.77783203125,-2.7513778650346263,-3.0835693187933284,0.7504702103665593,3.627748516924472,-0.3410041119400671,2.283670393060833,-0.7703517816475797,2.481636533693468,-3.567725766770069,-1.790226067639766
49.0,104.0,1006.77783203125,-2.751378549718186,-3.0835693187933284,0.7504702103665593,3.627748309480245,-0.3410041119400671,2.283668680438037,-0.7703517970103773,2.481636533693468,-3.567725762711996,-1.790226067639766
49.0,104.0,1006.77783203125,-2.7513778650346263,-3.0835693187933284,0.7504702103665593,3.6277442756369673,-0.3410041119400671,2.283670393060833,-0.7703517822817008,2.4816365336934667,-3.567725766770069,-1.790226067639766
49.0,104.0,1006.77783203125,-2.7513778694502244,-3.0835693187933284,0.7504702103665593,3.627748338982347,-0.3410041119400671,2.283670393060833,-0.7703517830732567,2.4816365336934667,-3.567725766770069,-1.790226067639766
49.0,104.0,1006.77783203125,-2.751377750983228,-3.0835607599551604,0.7504702103665593,3.62775047702967,-0.3410041118057135,2.283670393060833,-0.7703517944013557,2.481636533692261,-3.567725766758769,-1.790226067639766
49.0,104.0,1006.77783203125,-2.7513778650346263,-3.0835693187933284,0.7504702103665593,3.62774424286558,-0.3410041119400671,2.283670393060833,-0.7703517822817008,2.481636533693466,-3.5677257667710456,-1.790226067639766
49.0,104.0,1006.77783203125,-2.7513778650346263,-3.0835693187933284,0.7504702103665593,3.627748549695859,-0.3410041119400671,2.2836704165423383,-0.7703517812153559,2.481636533693468,-3.567725766770069,-1.790226067639766
49.0,104.0,1006.77783203125,-2.7513778650346263,-3.0835693187933284,0.7504702103665593,3.62774424286558,-0.3410041119400671,2.283670393060833,-0.7703517822524059,2.4816365336934667,-3.567725766770069,-1.790226067639766
49.0,104.0,1006.77783203125,-2.7513778650346263,-3.0835693187933284,0.7504702103665593,3.6277442756369673,-0.3410041119400671,2.283670393060833,-0.7703517822817008,2.4816365336934667,-3.567725766770069,-1.790226067639766
49.0,104.0,1006.77783203125,-2.7513778650346263,-3.0835693187933284,0.7504702103665593,3.627748549695859,-0.3410041119400671,2.283670417082821,-0.7703517818297216,2.481636533693468,-3.567725766770069,-1.790226067639766
49.0,104.0,1006.77783203125,-2.751377750983228,-3.0835607599551604,0.7504702103665593,3.6277504760159625,-0.3410041118057135,2.283670393060833,-0.7703517944013557,2.48163653369218,-3.567725766758769,-1.790226067639766
49.0,104.0,1006.77783203125,-2.7513778650346263,-3.0835693187933284,0.7504702103665593,3.62774424286558,-0.3410041119400671,2.283670393060833,-0.7703517822817008,2.481636533693466,-3.5677257667710456,-1.790226067639766
49.0,104.0,1006.77783203125,-2.751388567267442,-3.083570903034044,0.7504702103665593,3.6277502737655376,-0.3410041118057135,2.283670393060833,-0.7703517968980306,2.4816365336934325,-3.567725766758769,-1.790226067639766
49.0,104.0,1006.77783203125,-2.7513778694502244,-3.0835693187933284,0.7504702103665593,3.627748338982347,-0.3410041119400671,2.283670393060833,-0.7703517830732567,2.4816365336934885,-3.567725766770069,-1.790226067639766
49.0,104.0,1006.77783203125,-2.751377442532956,-3.083570550068314,0.7504702103665593,3.62774424286558,-0.3410041119400671,2.2836640591570188,-0.7703517822817008,2.4816365336934667,-3.567725766770069,-1.790226067639766
49.0,104.0,1006.77783203125,-2.7513778650346263,-3.0835693187933284,0.7504702103665593,3.62774424286558,-0.3410041119400671,2.2836704155661502,-0.7703517822817008,2.4816365336934667,-3.567725766770069,-1.790226067639766
49.0,105.0,1006.7766723632812,-2.7513778650346263,-3.0835693187933284,0.7504702103665593,3.627748549695859,-0.3410041119400671,2.2803789822215697,-0.770351781858279,2.481636533693468,-3.567725766770069,-1.790226067639766
49.0,105.0,1006.7767944335938,-2.751378549718186,-3.0835693187933284,0.7504702103665593,3.6277483110345226,-0.3410041119400671,2.2803332839607666,-0.7703517970103773,2.481636533693468,-3.567725766793386,-1.790226067639766
49.0,105.0,1006.7767944335938,-2.751378549718186,-3.0835693187933284,0.7504702103665593,3.6277483110345226,-0.3410041119400671,2.2803332839607666,-0.7703517970103773,2.481636533693468,-3.567725766793386,-1.790226067639766
49.0,105.0,1006.7774658203124,-2.751387878151887,-3.083569935324002,0.7504702103665593,3.627750383860065,-0.3410041119400671,2.2801276583809487,-0.7703517970103773,2.4816365336934685,-3.567725766793386,-1.790226067639766
49.0,105.0,1006.7777709960938,-2.7513775620783987,-3.083553546996451,0.7504702103665593,3.627750287157424,-0.3410041118099382,2.283670393060833,-0.770351783157349,2.481636533693451,-3.56772576676808,-1.790226067639766
49.0,105.0,1006.7777709960938,-2.751388567267442,-3.0835607599551604,0.7504702103665593,3.6277502737655376,-0.3410041118057135,2.283670393060833,-0.7703517968980306,2.481636533693433,-3.56772576676808,-1.790226067639766
49.0,105.0,1006.7777709960938,-2.751388567267442,-3.0835607599551604,0.7504702103665593,3.6277502737655376,-0.3410041118057135,2.283670393060833,-0.7703517968980306,2.481636533693433,-3.567725766758769,-1.790226067639766
49.0,105.0,1006.7777709960938,-2.7513775620783987,-3.083553944463697,0.7504702103665593,3.62775029383408,-0.3410041118116838,2.2836703393772213,-0.7703517816767252,2.481636533693452,-3.567725762720802,-1.790226067639766
49.0,105.0,1006.7777709960938,-2.751388567267442,-3.0835607599551604,0.7504702103665593,3.6277502737655376,-0.3410041118057135,2.283670393060833,-0.7703517968980306,2.481636533693433,-3.56772576676808,-1.790226067639766
49.0,105.0,1006.7777709960938,-2.7513775620783987,-3.0835531894454773,0.7504702103665593,3.627750286456553,-0.3410041118099382,2.283670393060833,-0.770351783157349,2.481636533693452,-3.56772576676808,-1.790226067639766
49.0,105.0,1006.7777709960938,-2.751388322632575,-3.083553546996451,0.7504702103665593,3.627750287157424,-0.3410041118375916,2.283670393060833,-0.770351783157349,2.481636533693451,-3.567725767118924,-1.790226067639766
49.0,105.0,1006.7777709960938,-2.751378233016416,-3.0835607599551604,0.7504702103665593,3.62775047702967,-0.3410041118057135,2.283668634843973,-0.7703517944013557,2.481636533692261,-3.567725766758769,-1.790226067639766
49.0,105.0,1006.7777709960938,-2.751388567267442,-3.0835607599551604,0.7504702103665593,3.6277502737655376,-0.3410041118057135,2.283670393060833,-0.7703517968980306,2.481636533693433,-3.567725766758769,-1.790226067639766
49.0,105.0,1006.7777709960938,-2.7513881573867804,-3.083553546996451,0.7504702103665593,3.6277463419330056,-0.3410041118375916,2.2836703850374787,-0.770351783157349,2.4816365336934525,-3.567725767118924,-1.790226067639766
49.0,105.0,1006.7777709960938,-2.7513775620783987,-3.083553546899066,0.7504702103665593,3.627750286437154,-0.3410041118099382,2.283670393060833,-0.770351783157349,2.481636533693452,-3.56772576676808,-1.790226067639766
49.0,105.0,1006.7777709960938,-2.7513881750249216,-3.0835607599551604,0.7504702103665593,3.627750260623324,-0.3410041118057135,2.283670393060833,-0.7703517968980306,2.4816365336934183,-3.567725766758769,-1.790226067639766
49.0,105.0,1006.7777709960938,-2.7513775620783987,-3.0835531895428625,0.7504702103665593,3.627750287176824,-0.3410041118099382,2.283670393060833,-0.770351783157349,2.481636533693451,-3.56772576676808,-1.790226067639766
49.0,105.0,1006.7777709960938,-2.7513881750249216,-3.0835607599551604,0.7504702103665593,3.627750260623324,-0.341004111942368,2.283670292338186,-0.7703517968980306,2.4816365336934183,-3.567725762078928,-1.790226067639766
49.0,105.0,1006.7777709960938,-2.751388567267442,-3.0835607599551604,0.7504702103665593,3.627750276100352,-0.3410041118057135,2.283670393060833,-0.7703517968980306,2.481636533693433,-3.56772576676808,-1.790226067639766
49.0,105.0,1006.7777709960938,-2.7513874539303806,-3.083553546996451,0.7504702103665593,3.6277427662623545,-0.3410041119361397,2.2836703850374787,-0.770351783157349,2.4816365336934525,-3.567725767118924,-1.790226067639766
49.0,105.0,1006.7777709960938,-2.751388567267442,-3.0835607599551604,0.7504702103665593,3.6277502737655376,-0.3410041118057135,2.283670393060833,-0.7703517968770233,2.481636533693433,-3.56772576676808,-1.790226067639766
49.0,105.0,1006.7777709960938,-2.7513781857634214,-3.083560723191876,0.7504702103665593,3.62775047702967,-0.3410041118057135,2.283668631108128,-0.7703517944572341,2.481636533692261,-3.567725766758769,-1.790226067639766
49.0,105.0,1006.7777709960938,-2.751378152453909,-3.083553728351574,0.7504702103665593,3.627750287157424,-0.3410041118375916,2.283670393060833,-0.7703517829455573,2.481636533693451,-3.567725767118924,-1.790226067639766
49.0,105.0,1006.7777709960938,-2.7513775346693383,-3.0835531894454773,0.7504702103665593,3.627750286456553,-0.3410041118099382,2.283670393060833,-0.770351783157349,2.4816365336934663,-3.567725766767817,-1.790226067639766
49.0,105.0,1006.7777709960938,-2.7513775620783987,-3.083553546899066,0.7504702103665593,3.627750286437154,-0.3410041118098628,2.283670393060833,-0.770351783157349,2.481636533693452,-3.56772576676808,-1.790226067639766
49.0,105.0,1006.7777709960938,-2.751388567267442,-3.0835534444825425,0.7504702103665593,3.6277502737655376,-0.3410041118057821,2.283670393060833,-0.7703517832544207,2.481636533693433,-3.56772576676808,-1.790226067639766
49.0,105.0,1006.7777709960938,-2.751388567267442,-3.0835607599551604,0.7504702103665593,3.6277502737655376,-0.3410041118057135,2.283670384317893,-0.7703517984225087,2.481636533693433,-3.567725767097865,-1.790226067639766
49.0,105.0,1006.7777709960938,-2.7513881750249216,-3.0835607599551604,0.7504702103665593,3.627750260810232,-0.3410041118057135,2.283670393060833,-0.7703517968980306,2.481636533693433,-3.567725766758769,-1.790226067639766
49.0,105.0,1006.7777709960938,-2.7513874539303806,-3.0835537370038844,0.7504702103665593,3.6277424089358425,-0.3410041119360045,2.2836703850374787,-0.770351783157349,2.4816365336934525,-3.567725767118924,-1.790226067639766
49.0,105.0,1006.7777709960938,-2.751377854008602,-3.0835531895428625,0.7504702103665593,3.627749976184772,-0.3410041118099382,2.283670393060833,-0.770351783157349,2.481636533693467,-3.56772576676808,-1.790226067639766
49.0,105.0,1006.7777709960938,-2.751388567267442,-3.0835535922448565,0.7504702103665593,3.627750287212985,-0.3410041118057135,2.283670393060833,-0.7703517975464601,2.4816365336934325,-3.567725767113776,-1.790226067639766
49.0,105.0,1006.7777709960938,-2.7513874539303806,-3.083553546996451,0.7504702103665593,3.6277427662623545,-0.3410041119361397,2.283670393780419,-0.7703517816328708,2.4816365336934525,-3.5677257667891387,-1.790226067639766
49.0,105.0,1006.7777709960938,-2.751378152453909,-3.0835535383441406,0.7504702103665593,3.627750644483936,-0.3410041118377267,2.283670393060833,-0.7703517829455573,2.481636533693451,-3.567725767118924,-1.790226067639766
49.0,105.0,1006.7777709960938,-2.751388155831725,-3.0835607599551604,0.7504702103665593,3.6277502737655376,-0.3410041118057135,2.2836703849204256,-0.7703517969682808,2.4816365336934534,-3.5677257671144207,-1.790226067639766
49.0,105.0,1006.7777709960938,-2.751378233016416,-3.0835607599551604,0.7504702103665593,3.62775047702967,-0.3410041118057135,2.283668681022261,-0.7703517944013557,2.481636533692261,-3.567725762691363,-1.790226067639766
49.0,105.0,1006.7777709960938,-2.7513775620783987,-3.0835531894454773,0.7504702103665593,3.627750286456553,-0.3410041118099382,2.283670393060833,-0.770351783157349,2.481636533693452,-3.56772576676808,-1.790226067639766
49.0,105.0,1006.77783203125,-2.7513778650346263,-3.0835693187933284,0.7504702103665593,3.627748549695859,-0.3410041119400671,2.283670393060833,-0.7703517816475797,2.481636533693468,-3.567725766770069,-1.790226067639766
49.0,105.0,1006.77783203125,-2.75137775716504,-3.0835693187933284,0.7504702103665593,3.627742944724372,-0.3410041119400671,2.283668680801441,-0.7703517816475797,2.4816365336936217,-3.567725762651955,-1.790226067639766
49.0,105.0,1006.77783203125,-2.7513778650346263,-3.0835693187933284,0.7504702103665593,3.62774424286558,-0.3410041119400671,2.283670393060833,-0.7703517822817008,2.4816365336934667,-3.567725766770069,-1.790226067639766
49.0,105.0,1006.77783203125,-2.7513778650346263,-3.0835693187933284,0.7504702103665593,3.62774424286558,-0.3410041119400671,2.283670393060833,-0.7703517822524059,2.4816365336934667,-3.567725766770069,-1.790226067639766
49.0,105.0,1006.77783203125,-2.7513778650346263,-3.0835693187933284,0.7504702103665593,3.627748549695859,-0.3410041119400671,2.2836704165423383,-0.7703518642398367,2.481636533693468,-3.567725766770069,-1.790226067639766
49.0,105.0,1006.77783203125,-2.75137775716504,-3.0835693187933284,0.7504702103665593,3.627742944724372,-0.3410041119400671,2.283668680801441,-0.7703517816475797,2.4816365336936217,-3.567725762651955,-1.790226067639766
49.0,105.0,1006.77783203125,-2.7513778667712443,-3.0835693187933284,0.7504702103665593,3.627748309480245,-0.3410041119400671,2.283668680438037,-0.7703518642398367,2.481636533693468,-3.567725762711996,-1.790226067639766
49.0,105.0,1006.77783203125,-2.7513777554284222,-3.0835693187933284,0.7504702103665593,3.6277431849399857,-0.3410041119400671,2.2836704169057427,-0.7703517816475797,2.4816365336936217,-3.5677257667100286,-1.790226067639766
49.0,105.0,1006.77783203125,-2.7513778650346263,-3.0835663949149783,0.7504702103665593,3.627746357488624,-0.3410041119400671,2.283670385214238,-0.7703517822524059,2.4816365336934667,-3.567725767112052,-1.790226067639766
49.0,105.0,1006.77783203125,-2.7513777480477235,-3.0835693187933284,0.7504702103665593,3.627742944724372,-0.341004111935441,2.283668680801441,-0.7703517816475797,2.4816365336936217,-3.567725762651955,-1.790226067639766
49.0,105.0,1006.77783203125,-2.7513778650346263,-3.0835693187933284,0.7504702103665593,3.627748516924472,-0.3410041119400671,2.283670393060833,-0.7703517816475797,2.481636533693468,-3.567725766770069,-1.790226067639766
49.0,105.0,1006.77783203125,-2.751378549718186,-3.0835693187933284,0.7504702103665593,3.627748309480245,-0.3410041119400671,2.283668680438037,-0.7703517970103773,2.481636533693468,-3.567725762711996,-1.790226067639766
49.0,105.0,1006.77783203125,-2.7513778650346263,-3.0835693187933284,0.7504702103665593,3.6277442756369673,-0.3410041119400671,2.283670393060833,-0.7703517822817008,2.4816365336934667,-3.567725766770069,-1.790226067639766
49.0,105.0,1006.77783203125,-2.7513778694502244,-3.0835693187933284,0.7504702103665593,3.627748338982347,-0.3410041119400671,2.283670393060833,-0.7703517830732567,2.4816365336934667,-3.567725766770069,-1.790226067639766
49.0,106.0,1006.7766723632812,-2.7513778650346263,-3.0835693187933284,0.7504702103665593,3.627748549695859,-0.3410041119400671,2.2803789822215697,-0.770351781858279,2.481636533693468,-3.567725766770069,-1.790226067639766
49.0,106.0,1006.7766723632812,-2.7513778650346263,-3.0835693187933284,0.7504702103665593,3.627748549695859,-0.3410041119400671,2.2803789822215697,-0.770351781858279,2.481636533693468,-3.567725766770069,-1.790226067639766
49.0,106.0,1006.7766723632812,-2.7513778650346263,-3.083569718171111,0.7504702103665593,3.62774856185445,-0.3410041119386416,2.2803789822215697,-0.770351781858279,2.481636533693468,-3.56772576712133,-1.790226067639766
49.0,106.0,1006.7767944335938,-2.751378549718186,-3.0835693187933284,0.7504702103665593,3.6277483110345226,-0.3410041119400671,2.2803332839607666,-0.7703517970103773,2.481636533693468,-3.567725766793386,-1.790226067639766
49.0,106.0,1006.7767944335938,-2.751378549718186,-3.0835693187933284,0.7504702103665593,3.6277483110345226,-0.3410041119400671,2.2803332839607666,-0.7703517970103773,2.481636533693468,-3.567725766793386,-1.790226067639766
49.0,106.0,1006.7767944335938,-2.751378549718186,-3.0835693187933284,0.7504702103665593,3.6277483110345226,-0.3410041119400671,2.2803332839607666,-0.7703517970103773,2.481636533693468,-3.567725766793386,-1.790226067639766
49.0,106.0,1006.7774658203124,-2.751387878151887,-3.083569935324002,0.7504702103665593,3.627750383860065,-0.3410041119400671,2.2801276583809487,-0.7703517970103773,2.4816365336934685,-3.567725766793386,-1.790226067639766
49.0,106.0,1006.7774658203124,-2.751387878151887,-3.083569935324002,0.7504702103665593,3.627750379333071,-0.3410041119400671,2.2801276583809487,-0.7703517968996612,2.481636533693469,-3.5677257667678988,-1.790226067639766
49.0,106.0,1006.7776489257812,-2.751387878151887,-3.083569935324002,0.7504702103665593,3.62775029827439,-0.3410041119450853,2.28361977991399,-0.7703517970103773,2.481636533693452,-3.567725766793386,-1.790226067639766
49.0,106.0,1006.7777709960938,-2.7513775620783987,-3.083553546996451,0.7504702103665593,3.627750287157424,-0.3410041118099382,2.283670393060833,-0.770351783157349,2.481636533693451,-3.56772576676808,-1.790226067639766
49.0,106.0,1006.7777709960938,-2.751388567267442,-3.0835607599551604,0.7504702103665593,3.6277502737655376,-0.3410041118057135,2.283670393060833,-0.7703517968980306,2.481636533693433,-3.56772576676808,-1.790226067639766
49.0,106.0,1006.7777709960938,-2.751388567267442,-3.0835607599551604,0.7504702103665593,3.6277502737655376,-0.3410041118057135,2.283670393060833,-0.7703517968980306,2.481636533693433,-3.567725766758769,-1.790226067639766
49.0,106.0,1006.7777709960938,-2.7513775620783987,-3.083553944463697,0.7504702103665593,3.62775029383408,-0.3410041118116838,2.2836703393772213,-0.7703517816767252,2.481636533693452,-3.567725762720802,-1.790226067639766
49.0,106.0,1006.7777709960938,-2.751388567267442,-3.0835607599551604,0.7504702103665593,3.6277502737655376,-0.3410041118057135,2.283670393060833,-0.7703517968980306,2.481636533693433,-3.56772576676808,-1.790226067639766
49.0,106.0,1006.7777709960938,-2.7513775620783987,-3.0835531894454773,0.7504702103665593,3.627750286456553,-0.3410041118099382,2.283670393060833,-0.770351783157349,2.481636533693452,-3.56772576676808,-1.790226067639766
49.0,106.0,1006.7777709960938,-2.751388322632575,-3.083553546996451,0.7504702103665593,3.627750287157424,-0.3410041118375916,2.283670393060833,-0.770351783157349,2.481636533693451,-3.567725767118924,-1.790226067639766
49.0,106.0,1006.7777709960938,-2.751378233016416,-3.0835607599551604,0.7504702103665593,3.62775047702967,-0.3410041118057135,2.283668634843973,-0.7703517944013557,2.481636533692261,-3.567725766758769,-1.790226067639766
49.0,106.0,1006.7777709960938,-2.751388567267442,-3.0835607599551604,0.7504702103665593,3.6277502737655376,-0.3410041118057135,2.283670393060833,-0.7703517968980306,2.481636533693433,-3.567725766758769,-1.790226067639766
49.0,106.0,1006.7777709960938,-2.7513881573867804,-3.083553546996451,0.7504702103665593,3.6277463419330056,-0.3410041118375916,2.2836703850374787,-0.770351783157349,2.4816365336934525,-3.567725767118924,-1.790226067639766
49.0,106.0,1006.7777709960938,-2.7513775620783987,-3.083553546899066,0.7504702103665593,3.627750286437154,-0.3410041118099382,2.283670393060833,-0.770351783157349,2.481636533693452,-3.56772576676808,-1.790226067639766
49.0,106.0,1006.7777709960938,-2.7513881750249216,-3.0835607599551604,0.7504702103665593,3.627750260623324,-0.3410041118057135,2.283670393060833,-0.7703517968980306,2.4816365336934183,-3.567725766758769,-1.790226067639766
49.0,106.0,1006.7777709960938,-2.7513775620783987,-3.0835531895428625,0.7504702103665593,3.627750287176824,-0.3410041118099382,2.283670393060833,-0.770351783157349,2.481636533693451,-3.56772576676808,-1.790226067639766
49.0,106.0,1006.7777709960938,-2.7513881750249216,-3.0835607599551604,0.7504702103665593,3.627750260623324,-0.341004111942368,2.283670292338186,-0.7703517968980306,2.4816365336934183,-3.567725762078928,-1.790226067639766
49.0,106.0,1006.7777709960938,-2.751388567267442,-3.0835607599551604,0.7504702103665593,3.627750276100352,-0.3410041118057135,2.283670393060833,-0.7703517968980306,2.481636533693433,-3.56772576676808,-1.790226067639766
49.0,106.0,1006.7777709960938,-2.7513874539303806,-3.083553546996451,0.7504702103665593,3.6277427662623545,-0.3410041119361397,2.2836703850374787,-0.770351783157349,2.4816365336934525,-3.567725767118924,-1.790226067639766
49.0,106.0,1006.7777709960938,-2.751388567267442,-3.0835607599551604,0.7504702103665593,3.6277502737655376,-0.3410041118057135,2.283670393060833,-0.7703517968770233,2.481636533693433,-3.56772576676808,-1.790226067639766
49.0,106.0,1006.7777709960938,-2.7513781857634214,-3.083560723191876,0.7504702103665593,3.62775047702967,-0.3410041118057135,2.283668631108128,-0.7703517944572341,2.481636533692261,-3.567725766758769,-1.790226067639766
49.0,106.0,1006.7777709960938,-2.751378152453909,-3.083553728351574,0.7504702103665593,3.627750287157424,-0.3410041118375916,2.283670393060833,-0.7703517829455573,2.481636533693451,-3.567725767118924,-1.790226067639766
49.0,106.0,1006.7777709960938,-2.7513775346693383,-3.0835531894454773,0.7504702103665593,3.627750286456553,-0.3410041118099382,2.283670393060833,-0.770351783157349,2.4816365336934663,-3.567725766767817,-1.790226067639766
49.0,106.0,1006.7777709960938,-2.7513775620783987,-3.083553546899066,0.7504702103665593,3.627750286437154,-0.3410041118098628,2.283670393060833,-0.770351783157349,2.481636533693452,-3.56772576676808,-1.790226067639766
49.0,106.0,1006.7777709960938,-2.751388567267442,-3.0835534444825425,0.7504702103665593,3.6277502737655376,-0.3410041118057821,2.283670393060833,-0.7703517832544207,2.481636533693433,-3.56772576676808,-1.790226067639766
49.0,106.0,1006.7777709960938,-2.751388567267442,-3.0835607599551604,0.7504702103665593,3.6277502737655376,-0.3410041118057135,2.283670384317893,-0.7703517984225087,2.481636533693433,-3.567725767097865,-1.790226067639766
49.0,106.0,1006.7777709960938,-2.7513881750249216,-3.0835607599551604,0.7504702103665593,3.627750260810232,-0.3410041118057135,2.283670393060833,-0.7703517968980306,2.481636533693433,-3.567725766758769,-1.790226067639766
49.0,106.0,1006.7777709960938,-2.7513874539303806,-3.0835537370038844,0.7504702103665593,3.6277424089358425,-0.3410041119360045,2.2836703850374787,-0.770351783157349,2.4816365336934525,-3.567725767118924,-1.790226067639766
49.0,106.0,1006.7777709960938,-2.751377854008602,-3.0835531895428625,0.7504702103665593,3.627749976184772,-0.3410041118099382,2.283670393060833,-0.770351783157349,2.481636533693467,-3.56772576676808,-1.790226067639766
49.0,106.0,1006.7777709960938,-2.751388567267442,-3.0835535922448565,0.7504702103665593,3.627750287212985,-0.3410041118057135,2.283670393060833,-0.7703517975464601,2.4816365336934325,-3.567725767113776,-1.790226067639766
49.0,106.0,1006.7777709960938,-2.7513874539303806,-3.083553546996451,0.7504702103665593,3.6277427662623545,-0.3410041119361397,2.283670393780419,-0.7703517816328708,2.4816365336934525,-3.5677257667891387,-1.790226067639766
49.0,106.0,1006.7777709960938,-2.751378152453909,-3.0835535383441406,0.7504702103665593,3.627750644483936,-0.3410041118377267,2.283670393060833,-0.7703517829455573,2.481636533693451,-3.567725767118924,-1.790226067639766
49.0,106.0,1006.7777709960938,-2.751388155831725,-3.0835607599551604,0.7504702103665593,3.6277502737655376,-0.3410041118057135,2.2836703849204256,-0.7703517969682808,2.4816365336934534,-3.5677257671144207,-1.790226067639766
49.0,106.0,1006.7777709960938,-2.751378233016416,-3.0835607599551604,0.7504702103665593,3.62775047702967,-0.3410041118057135,2.283668681022261,-0.7703517944013557,2.481636533692261,-3.567725762691363,-1.790226067639766
49.0,106.0,1006.7777709960938,-2.7513775620783987,-3.0835531894454773,0.7504702103665593,3.627750286456553,-0.3410041118099382,2.283670393060833,-0.770351783157349,2.481636533693452,-3.56772576676808,-1.790226067639766
49.0,106.0,1006.7777709960938,-2.751388567267442,-3.0835607599551604,0.7504702103665593,3.6277502737655376,-0.3410041118057135,2.283670393060833,-0.7703517968991536,2.481636533693433,-3.5677257667587776,-1.790226067639766
49.0,106.0,1006.7777709960938,-2.751388858321311,-3.083562088815524,0.7504702103665593,3.627750256346448,-0.3410041118057135,2.283670393060833,-0.7703517964288058,2.4816365336934325,-3.567725767098796,-1.790226067639766
49.0,106.0,1006.7777709960938,-2.751377854008602,-3.0835538568902945,0.7504702103665593,3.627749976184772,-0.3410041118099382,2.283670339946212,-0.770351783157349,2.481636533693467,-3.56772576676808,-1.790226067639766
49.0,106.0,1006.7777709960938,-2.7513775620783987,-3.083553546899066,0.7504702103665593,3.627750286437154,-0.3410041119343206,2.2836703851999856,-0.770351783157349,2.481636533693452,-3.5677257671420755,-1.790226067639766
49.0,106.0,1006.7777709960938,-2.751388322632575,-3.083553546996451,0.7504702103665593,3.627750287157424,-0.3410041118375916,2.283670393060833,-0.770351783157349,2.481636533693451,-3.567725767118924,-1.790226067639766
49.0,106.0,1006.7777709960938,-2.7513775620783987,-3.083553546996451,0.7504702103665593,3.627750287157424,-0.3410041118099382,2.283670393060833,-0.770351783157349,2.481636533693451,-3.56772576676808,-1.790226067639766
49.0,106.0,1006.7777709960938,-2.751377523684825,-3.083553728351574,0.7504702103665593,3.627750287157424,-0.3410041118391265,2.283670393060833,-0.7703517829455573,2.481636533693451,-3.5677257671141924,-1.790226067639766
49.0,106.0,1006.7777709960938,-2.751388567267442,-3.0835607599551604,0.7504702103665593,3.6277502737655376,-0.3410041118057135,2.283670393060833,-0.7703517968759002,2.481636533693433,-3.5677257667680715,-1.790226067639766
49.0,106.0,1006.7777709960938,-2.7513775620783987,-3.0835532771162657,0.7504702103665593,3.62775029383408,-0.3410041118116838,2.283670392491843,-0.7703517816767252,2.481636533693452,-3.567725762720802,-1.790226067639766
49.0,107.0,1006.7760620117188,-2.751388223473793,-3.0835693187933284,0.7504702103665593,3.627748549695859,-0.341004111944066,2.280615191566161,-0.7703517969459106,2.4816365336934334,-3.5677257667703577,-1.790226067639766
49.0,107.0,1006.7765502929688,-2.751378549718186,-3.0835693187933284,0.7504702103665593,3.6277483110345226,-0.3410041119416627,2.2804318744447847,-0.7703517970046962,2.481636533693432,-3.567725766793386,-1.790226067639766
49.0,107.0,1006.7766723632812,-2.7513778650346263,-3.0835693187933284,0.7504702103665593,3.627748549695859,-0.3410041119400671,2.2803789822215697,-0.770351781858279,2.481636533693468,-3.567725766770069,-1.790226067639766
49.0,107.0,1006.7766723632812,-2.7513778650346263,-3.0835693187933284,0.7504702103665593,3.627748549695859,-0.3410041119400671,2.2803789822215697,-0.770351781858279,2.481636533693468,-3.567725766770069,-1.790226067639766
49.0,107.0,1006.7766723632812,-2.7513778650346263,-3.083569718171111,0.7504702103665593,3.62774856185445,-0.3410041119386416,2.2803789822215697,-0.770351781858279,2.481636533693468,-3.56772576712133,-1.790226067639766
49.0,107.0,1006.7767333984376,-2.7513778650346263,-3.083568676855198,0.7504702103665593,3.627748432316139,-0.3410041119400671,2.280367078078382,-0.770351781858279,2.4816365336934543,-3.567725766770069,-1.790226067639766
49.0,107.0,1006.7767944335938,-2.751378549718186,-3.0835693187933284,0.7504702103665593,3.6277483110345226,-0.3410041119400671,2.2803332839607666,-0.7703517970103773,2.481636533693468,-3.567725766793386,-1.790226067639766
49.0,107.0,1006.7767944335938,-2.751378549718186,-3.0835693187933284,0.7504702103665593,3.6277483110345226,-0.3410041119400671,2.2803332839607666,-0.7703517970103773,2.481636533693468,-3.567725766793386,-1.790226067639766
49.0,107.0,1006.7767944335938,-2.751378549718186,-3.0835693187933284,0.7504702103665593,3.6277483110345226,-0.3410041119400671,2.2803332839607666,-0.7703517970103773,2.481636533693468,-3.567725766793386,-1.790226067639766
49.0,107.0,1006.7767944335938,-2.751379147039876,-3.083569274057794,0.7504702103665593,3.6277483110345226,-0.3410041119400671,2.280348254896441,-0.7703517968903207,2.481636533693468,-3.5677257667680644,-1.790226067639766
49.0,107.0,1006.77734375,-2.7513778650346263,-3.0835685601677483,0.7504702103665593,3.6277484707504,-0.3410041119354886,2.280155686815468,-0.7703517832208958,2.481636533693468,-3.567725766770069,-1.790226067639766
49.0,107.0,1006.7774658203124,-2.751387878151887,-3.083569935324002,0.7504702103665593,3.627750383860065,-0.3410041119400671,2.2801276583809487,-0.7703517970103773,2.4816365336934685,-3.567725766793386,-1.790226067639766
49.0,107.0,1006.7774658203124,-2.751387878151887,-3.083569935324002,0.7504702103665593,3.627750379333071,-0.3410041119400671,2.2801276583809487,-0.7703517968996612,2.481636533693469,-3.5677257667678988,-1.790226067639766
49.0,107.0,1006.7774658203124,-2.751387878151887,-3.083569935324002,0.7504702103665593,3.627750383860065,-0.34100411194522,2.2801276583809487,-0.7703517970103773,2.481636533693452,-3.567725766793386,-1.790226067639766
49.0,107.0,1006.7774658203124,-2.751387878151887,-3.083569935324002,0.7504702103665593,3.62775038109344,-0.3410041118017619,2.2801276583809487,-0.7703517968980159,2.4816365336934694,-3.567725766767905,-1.790226067639766
49.0,107.0,1006.7776489257812,-2.751387878151887,-3.083569935324002,0.7504702103665593,3.62775029827439,-0.3410041119450853,2.28361977991399,-0.7703517970103773,2.481636533693452,-3.567725766793386,-1.790226067639766
49.0,107.0,1006.7776489257812,-2.751387878151887,-3.083569935324002,0.7504702103665593,3.62775029827439,-0.3410041119399323,2.28361977991399,-0.7703517970103773,2.481636533693468,-3.567725766793386,-1.790226067639766
49.0,107.0,1006.7777709960938,-2.7513775620783987,-3.083553546996451,0.7504702103665593,3.627750287157424,-0.3410041118099382,2.283670393060833,-0.770351783157349,2.481636533693451,-3.56772576676808,-1.790226067639766
49.0,107.0,1006.7777709960938,-2.751388567267442,-3.0835607599551604,0.7504702103665593,3.6277502737655376,-0.3410041118057135,2.283670393060833,-0.7703517968980306,2.481636533693433,-3.56772576676808,-1.790226067639766
49.0,107.0,1006.7777709960938,-2.751388567267442,-3.0835607599551604,0.7504702103665593,3.6277502737655376,-0.3410041118057135,2.283670393060833,-0.7703517968980306,2.481636533693433,-3.567725766758769,-1.790226067639766
49.0,107.0,1006.7777709960938,-2.7513775620783987,-3.083553944463697,0.7504702103665593,3.62775029383408,-0.3410041118116838,2.2836703393772213,-0.7703517816767252,2.481636533693452,-3.567725762720802,-1.790226067639766
49.0,107.0,1006.7777709960938,-2.751388567267442,-3.0835607599551604,0.7504702103665593,3.6277502737655376,-0.3410041118057135,2.283670393060833,-0.7703517968980306,2.481636533693433,-3.56772576676808,-1.790226067639766
49.0,107.0,1006.7777709960938,-2.7513775620783987,-3.0835531894454773,0.7504702103665593,3.627750286456553,-0.3410041118099382,2.283670393060833,-0.770351783157349,2.481636533693452,-3.56772576676808,-1.790226067639766
49.0,107.0,1006.7777709960938,-2.751388322632575,-3.083553546996451,0.7504702103665593,3.627750287157424,-0.3410041118375916,2.283670393060833,-0.770351783157349,2.481636533693451,-3.567725767118924,-1.790226067639766
49.0,107.0,1006.7777709960938,-2.751378233016416,-3.0835607599551604,0.7504702103665593,3.62775047702967,-0.3410041118057135,2.283668634843973,-0.7703517944013557,2.481636533692261,-3.567725766758769,-1.790226067639766
49.0,107.0,1006.7777709960938,-2.751388567267442,-3.0835607599551604,0.7504702103665593,3.6277502737655376,-0.3410041118057135,2.283670393060833,-0.7703517968980306,2.481636533693433,-3.567725766758769,-1.790226067639766
49.0,107.0,1006.7777709960938,-2.7513881573867804,-3.083553546996451,0.7504702103665593,3.6277463419330056,-0.3410041118375916,2.2836703850374787,-0.770351783157349,2.4816365336934525,-3.567725767118924,-1.790226067639766
49.0,107.0,1006.7777709960938,-2.7513775620783987,-3.083553546899066,0.7504702103665593,3.627750286437154,-0.3410041118099382,2.283670393060833,-0.770351783157349,2.481636533693452,-3.56772576676808,-1.790226067639766
49.0,107.0,1006.7777709960938,-2.7513881750249216,-3.0835607599551604,0.7504702103665593,3.627750260623324,-0.3410041118057135,2.283670393060833,-0.7703517968980306,2.4816365336934183,-3.567725766758769,-1.790226067639766
49.0,107.0,1006.7777709960938,-2.7513775620783987,-3.0835531895428625,0.7504702103665593,3.627750287176824,-0.3410041118099382,2.283670393060833,-0.770351783157349,2.481636533693451,-3.56772576676808,-1.790226067639766
49.0,107.0,1006.7777709960938,-2.7513881750249216,-3.0835607599551604,0.7504702103665593,3.627750260623324,-0.341004111942368,2.283670292338186,-0.7703517968980306,2.4816365336934183,-3.567725762078928,-1.790226067639766
49.0,107.0,1006.7777709960938,-2.751388567267442,-3.0835607599551604,0.7504702103665593,3.627750276100352,-0.3410041118057135,2.283670393060833,-0.7703517968980306,2.481636533693433,-3.56772576676808,-1.790226067639766
49.0,107.0,1006.7777709960938,-2.7513874539303806,-3.083553546996451,0.7504702103665593,3.6277427662623545,-0.3410041119361397,2.2836703850374787,-0.770351783157349,2.4816365336934525,-3.567725767118924,-1.790226067639766
49.0,107.0,1006.7777709960938,-2.751388567267442,-3.0835607599551604,0.7504702103665593,3.6277502737655376,-0.3410041118057135,2.283670393060833,-0.7703517968770233,2.481636533693433,-3.56772576676808,-1.790226067639766
49.0,107.0,1006.7777709960938,-2.7513781857634214,-3.083560723191876,0.7504702103665593,3.62775047702967,-0.3410041118057135,2.283668631108128,-0.7703517944572341,2.481636533692261,-3.567725766758769,-1.790226067639766
49.0,107.0,1006.7777709960938,-2.751378152453909,-3.083553728351574,0.7504702103665593,3.627750287157424,-0.3410041118375916,2.283670393060833,-0.7703517829455573,2.481636533693451,-3.567725767118924,-1.790226067639766
49.0,107.0,1006.7777709960938,-2.7513775346693383,-3.0835531894454773,0.7504702103665593,3.627750286456553,-0.3410041118099382,2.283670393060833,-0.770351783157349,2.4816365336934663,-3.567725766767817,-1.790226067639766
49.0,107.0,1006.7777709960938,-2.7513775620783987,-3.083553546899066,0.7504702103665593,3.627750286437154,-0.3410041118098628,2.283670393060833,-0.770351783157349,2.481636533693452,-3.56772576676808,-1.790226067639766
49.0,107.0,1006.7777709960938,-2.751388567267442,-3.0835534444825425,0.7504702103665593,3.6277502737655376,-0.3410041118057821,2.283670393060833,-0.7703517832544207,2.481636533693433,-3.56772576676808,-1.790226067639766
49.0,107.0,1006.7777709960938,-2.751388567267442,-3.0835607599551604,0.7504702103665593,3.6277502737655376,-0.3410041118057135,2.283670384317893,-0.7703517984225087,2.481636533693433,-3.567725767097865,-1.790226067639766
49.0,107.0,1006.7777709960938,-2.7513881750249216,-3.0835607599551604,0.7504702103665593,3.627750260810232,-0.3410041118057135,2.283670393060833,-0.7703517968980306,2.481636533693433,-3.567725766758769,-1.790226067639766
49.0,107.0,1006.7777709960938,-2.7513874539303806,-3.0835537370038844,0.7504702103665593,3.6277424089358425,-0.3410041119360045,2.2836703850374787,-0.770351783157349,2.4816365336934525,-3.567725767118924,-1.790226067639766
49.0,107.0,1006.7777709960938,-2.751377854008602,-3.0835531895428625,0.7504702103665593,3.627749976184772,-0.3410041118099382,2.283670393060833,-0.770351783157349,2.481636533693467,-3.56772576676808,-1.790226067639766
49.0,107.0,1006.7777709960938,-2.751388567267442,-3.0835535922448565,0.7504702103665593,3.627750287212985,-0.3410041118057135,2.283670393060833,-0.7703517975464601,2.4816365336934325,-3.567725767113776,-1.790226067639766
49.0,107.0,1006.7777709960938,-2.7513874539303806,-3.083553546996451,0.7504702103665593,3.6277427662623545,-0.3410041119361397,2.283670393780419,-0.7703517816328708,2.4816365336934525,-3.5677257667891387,-1.790226067639766
49.0,107.0,1006.7777709960938,-2.751378152453909,-3.0835535383441406,0.7504702103665593,3.627750644483936,-0.3410041118377267,2.283670393060833,-0.7703517829455573,2.481636533693451,-3.567725767118924,-1.790226067639766
49.0,107.0,1006.7777709960938,-2.751388155831725,-3.0835607599551604,0.7504702103665593,3.6277502737655376,-0.3410041118057135,2.2836703849204256,-0.7703517969682808,2.4816365336934534,-3.5677257671144207,-1.790226067639766
49.0,107.0,1006.7777709960938,-2.751378233016416,-3.0835607599551604,0.7504702103665593,3.62775047702967,-0.3410041118057135,2.283668681022261,-0.7703517944013557,2.481636533692261,-3.567725762691363,-1.790226067639766
49.0,107.0,1006.7777709960938,-2.7513775620783987,-3.0835531894454773,0.7504702103665593,3.627750286456553,-0.3410041118099382,2.283670393060833,-0.770351783157349,2.481636533693452,-3.56772576676808,-1.790226067639766
49.0,107.0,1006.7777709960938,-2.751388567267442,-3.0835607599551604,0.7504702103665593,3.6277502737655376,-0.3410041118057135,2.283670393060833,-0.7703517968991536,2.481636533693433,-3.5677257667587776,-1.790226067639766
49.0,108.0,1006.7760620117188,-2.751388223473793,-3.0835693187933284,0.7504702103665593,3.627748549695859,-0.341004111944066,2.280615191566161,-0.7703517969459106,2.4816365336934334,-3.5677257667703577,-1.790226067639766
49.0,108.0,1006.7763061523438,-2.7513775620783987,-3.0835681290471686,0.7504702103665593,3.627748507246206,-0.3410041119449065,2.2805319127114103,-0.770351783157349,2.4816365336934325,-3.56772576676808,-1.790226067639766
49.0,108.0,1006.7765502929688,-2.751378549718186,-3.0835693187933284,0.7504702103665593,3.6277483110345226,-0.3410041119416627,2.2804318744447847,-0.7703517970046962,2.481636533693432,-3.567725766793386,-1.790226067639766
49.0,108.0,1006.7766723632812,-2.7513778650346263,-3.0835693187933284,0.7504702103665593,3.627748549695859,-0.3410041119400671,2.2803789822215697,-0.770351781858279,2.481636533693468,-3.567725766770069,-1.790226067639766
49.0,108.0,1006.7766723632812,-2.7513778650346263,-3.0835693187933284,0.7504702103665593,3.627748549695859,-0.3410041119400671,2.2803789822215697,-0.770351781858279,2.481636533693468,-3.567725766770069,-1.790226067639766
49.0,108.0,1006.7766723632812,-2.7513778650346263,-3.083569718171111,0.7504702103665593,3.62774856185445,-0.3410041119386416,2.2803789822215697,-0.770351781858279,2.481636533693468,-3.56772576712133,-1.790226067639766
49.0,108.0,1006.7766723632812,-2.7513778650346263,-3.0835693187933284,0.7504702103665593,3.627748549695859,-0.3410041119400671,2.2803819846414783,-0.7703517971674861,2.481636533693468,-3.567725766770357,-1.790226067639766
49.0,108.0,1006.7766723632812,-2.7513778650346263,-3.0835699433604185,0.7504702103665593,3.627748496858034,-0.3410041119400514,2.2803789822215697,-0.7703517975334779,2.481636533693468,-3.567725767120048,-1.790226067639766
49.0,108.0,1006.7766723632812,-2.7513778650346263,-3.0835693187933284,0.7504702103665593,3.627748549695859,-0.3410041119400671,2.2803789822215697,-0.770351781858279,2.481636533693468,-3.567725766770069,-1.790226067639766
49.0,108.0,1006.7767333984376,-2.7513778650346263,-3.083568676855198,0.7504702103665593,3.627748432316139,-0.3410041119400671,2.280367078078382,-0.770351781858279,2.4816365336934543,-3.567725766770069,-1.790226067639766
49.0,108.0,1006.7767333984376,-2.7513778650346263,-3.083568676855198,0.7504702103665593,3.627748432316139,-0.3410041119400671,2.280367078078382,-0.770351781858279,2.4816365336934543,-3.567725766770069,-1.790226067639766
49.0,108.0,1006.7767944335938,-2.751378549718186,-3.0835693187933284,0.7504702103665593,3.6277483110345226,-0.3410041119400671,2.2803332839607666,-0.7703517970103773,2.481636533693468,-3.567725766793386,-1.790226067639766
49.0,108.0,1006.7767944335938,-2.751378549718186,-3.0835693187933284,0.7504702103665593,3.6277483110345226,-0.3410041119400671,2.2803332839607666,-0.7703517970103773,2.481636533693468,-3.567725766793386,-1.790226067639766
49.0,108.0,1006.7767944335938,-2.751378549718186,-3.0835693187933284,0.7504702103665593,3.6277483110345226,-0.3410041119400671,2.2803332839607666,-0.7703517970103773,2.481636533693468,-3.567725766793386,-1.790226067639766
49.0,108.0,1006.7767944335938,-2.751379147039876,-3.083569274057794,0.7504702103665593,3.6277483110345226,-0.3410041119400671,2.280348254896441,-0.7703517968903207,2.481636533693468,-3.5677257667680644,-1.790226067639766
49.0,108.0,1006.7767944335938,-2.75137917518181,-3.083569319405403,0.7504702103665593,3.6277483110345226,-0.3410041119400671,2.280348254896441,-0.7703517970112166,2.481636533693468,-3.5677257667679245,-1.790226067639766
49.0,108.0,1006.7767944335938,-2.751378457200308,-3.083569718171111,0.7504702103665593,3.627748322555939,-0.3410041119386416,2.280331177580669,-0.770351781858279,2.481636533693468,-3.56772576712133,-1.790226067639766
49.0,108.0,1006.7767944335938,-2.751378549736581,-3.0835693187933284,0.7504702103665593,3.6277483110345226,-0.3410041119385699,2.2803332839607666,-0.7703517970103773,2.481636533693468,-3.5677257667915656,-1.790226067639766
49.0,108.0,1006.7767944335938,-2.751379109464933,-3.083569320586128,0.7504702103665593,3.6277483110345226,-0.3410041119400671,2.280348254896441,-0.7703517968903207,2.481636533693468,-3.567725766767404,-1.790226067639766
49.0,108.0,1006.7767944335938,-2.7513785872931287,-3.0835692722649943,0.7504702103665593,3.6277483110345226,-0.3410041119400671,2.2803332839607666,-0.7703517970103773,2.481636533693468,-3.567725766794047,-1.790226067639766
49.0,108.0,1006.77734375,-2.7513778650346263,-3.0835685601677483,0.7504702103665593,3.6277484707504,-0.3410041119354886,2.280155686815468,-0.7703517832208958,2.481636533693468,-3.567725766770069,-1.790226067639766
49.0,108.0,1006.7774658203124,-2.751387878151887,-3.083569935324002,0.7504702103665593,3.627750383860065,-0.3410041119400671,2.2801276583809487,-0.7703517970103773,2.4816365336934685,-3.567725766793386,-1.790226067639766
49.0,108.0,1006.7774658203124,-2.751387878151887,-3.083569935324002,0.7504702103665593,3.627750379333071,-0.3410041119400671,2.2801276583809487,-0.7703517968996612,2.481636533693469,-3.5677257667678988,-1.790226067639766
49.0,108.0,1006.7774658203124,-2.751387878151887,-3.083569935324002,0.7504702103665593,3.627750383860065,-0.34100411194522,2.2801276583809487,-0.7703517970103773,2.481636533693452,-3.567725766793386,-1.790226067639766
49.0,108.0,1006.7774658203124,-2.751387878151887,-3.083569935324002,0.7504702103665593,3.62775038109344,-0.3410041118017619,2.2801276583809487,-0.7703517968980159,2.4816365336934694,-3.567725766767905,-1.790226067639766
49.0,108.0,1006.7774658203124,-2.751387878151887,-3.083569935324002,0.7504702103665593,3.627750379333071,-0.3410041119400671,2.2801276583809487,-0.7703517968996612,2.481636533693469,-3.5677257667678988,-1.790226067639766
49.0,108.0,1006.7774658203124,-2.751387878151887,-3.083569935324002,0.7504702103665593,3.6277502891086217,-0.3410041118102062,2.280121099768236,-0.7703517965276889,2.4816365336934525,-3.567725766768092,-1.790226067639766
49.0,108.0,1006.7774658203124,-2.751387878151887,-3.083569935324002,0.7504702103665593,3.627750379333071,-0.3410041119400671,2.2801276583809487,-0.7703517968996612,2.481636533693469,-3.5677257667678988,-1.790226067639766
49.0,108.0,1006.7774658203124,-2.751387878151887,-3.0835697101346944,0.7504702103665593,3.6277504488564825,-0.3410041119386573,2.2801276583809487,-0.7703517813351783,2.4816365336934685,-3.5677257667946685,-1.790226067639766
49.0,108.0,1006.7776489257812,-2.751387878151887,-3.083569935324002,0.7504702103665593,3.62775029827439,-0.3410041119450853,2.28361977991399,-0.7703517970103773,2.481636533693452,-3.567725766793386,-1.790226067639766
49.0,108.0,1006.7776489257812,-2.751387878151887,-3.083569935324002,0.7504702103665593,3.62775029827439,-0.3410041119399323,2.28361977991399,-0.7703517970103773,2.481636533693468,-3.567725766793386,-1.790226067639766
49.0,108.0,1006.7777709960938,-2.7513775620783987,-3.083553546996451,0.7504702103665593,3.627750287157424,-0.3410041118099382,2.283670393060833,-0.770351783157349,2.481636533693451,-3.56772576676808,-1.790226067639766
49.0,108.0,1006.7777709960938,-2.751388567267442,-3.0835607599551604,0.7504702103665593,3.6277502737655376,-0.3410041118057135,2.283670393060833,-0.7703517968980306,2.481636533693433,-3.56772576676808,-1.790226067639766
49.0,108.0,1006.7777709960938,-2.751388567267442,-3.0835607599551604,0.7504702103665593,3.6277502737655376,-0.3410041118057135,2.283670393060833,-0.7703517968980306,2.481636533693433,-3.567725766758769,-1.790226067639766
49.0,108.0,1006.7777709960938,-2.7513775620783987,-3.083553944463697,0.7504702103665593,3.62775029383408,-0.3410041118116838,2.2836703393772213,-0.7703517816767252,2.481636533693452,-3.567725762720802,-1.790226067639766
49.0,108.0,1006.7777709960938,-2.751388567267442,-3.0835607599551604,0.7504702103665593,3.6277502737655376,-0.3410041118057135,2.283670393060833,-0.7703517968980306,2.481636533693433,-3.56772576676808,-1.790226067639766
49.0,108.0,1006.7777709960938,-2.7513775620783987,-3.0835531894454773,0.7504702103665593,3.627750286456553,-0.3410041118099382,2.283670393060833,-0.770351783157349,2.481636533693452,-3.56772576676808,-1.790226067639766
49.0,108.0,1006.7777709960938,-2.751388322632575,-3.083553546996451,0.7504702103665593,3.627750287157424,-0.3410041118375916,2.283670393060833,-0.770351783157349,2.481636533693451,-3.567725767118924,-1.790226067639766
49.0,108.0,1006.7777709960938,-2.751378233016416,-3.0835607599551604,0.7504702103665593,3.62775047702967,-0.3410041118057135,2.283668634843973,-0.7703517944013557,2.481636533692261,-3.567725766758769,-1.790226067639766
49.0,108.0,1006.7777709960938,-2.751388567267442,-3.0835607599551604,0.7504702103665593,3.6277502737655376,-0.3410041118057135,2.283670393060833,-0.7703517968980306,2.481636533693433,-3.567725766758769,-1.790226067639766
49.0,108.0,1006.7777709960938,-2.7513881573867804,-3.083553546996451,0.7504702103665593,3.6277463419330056,-0.3410041118375916,2.2836703850374787,-0.770351783157349,2.4816365336934525,-3.567725767118924,-1.790226067639766
49.0,108.0,1006.7777709960938,-2.7513775620783987,-3.083553546899066,0.7504702103665593,3.627750286437154,-0.3410041118099382,2.283670393060833,-0.770351783157349,2.481636533693452,-3.56772576676808,-1.790226067639766
49.0,108.0,1006.7777709960938,-2.7513881750249216,-3.0835607599551604,0.7504702103665593,3.627750260623324,-0.3410041118057135,2.283670393060833,-0.7703517968980306,2.4816365336934183,-3.567725766758769,-1.790226067639766
49.0,108.0,1006.7777709960938,-2.7513775620783987,-3.0835531895428625,0.7504702103665593,3.627750287176824,-0.3410041118099382,2.283670393060833,-0.770351783157349,2.481636533693451,-3.56772576676808,-1.790226067639766
49.0,108.0,1006.7777709960938,-2.7513881750249216,-3.0835607599551604,0.7504702103665593,3.627750260623324,-0.341004111942368,2.283670292338186,-0.7703517968980306,2.4816365336934183,-3.567725762078928,-1.790226067639766
49.0,108.0,1006.7777709960938,-2.751388567267442,-3.0835607599551604,0.7504702103665593,3.627750276100352,-0.3410041118057135,2.283670393060833,-0.7703517968980306,2.481636533693433,-3.56772576676808,-1.790226067639766
49.0,108.0,1006.7777709960938,-2.7513874539303806,-3.083553546996451,0.7504702103665593,3.6277427662623545,-0.3410041119361397,2.2836703850374787,-0.770351783157349,2.4816365336934525,-3.567725767118924,-1.790226067639766
49.0,108.0,1006.7777709960938,-2.751388567267442,-3.0835607599551604,0.7504702103665593,3.6277502737655376,-0.3410041118057135,2.283670393060833,-0.7703517968770233,2.481636533693433,-3.56772576676808,-1.790226067639766
49.0,108.0,1006.7777709960938,-2.7513781857634214,-3.083560723191876,0.7504702103665593,3.62775047702967,-0.3410041118057135,2.283668631108128,-0.7703517944572341,2.481636533692261,-3.567725766758769,-1.790226067639766
49.0,108.0,1006.7777709960938,-2.751378152453909,-3.083553728351574,0.7504702103665593,3.627750287157424,-0.3410041118375916,2.283670393060833,-0.7703517829455573,2.481636533693451,-3.567725767118924,-1.790226067639766
49.0,109.0,1006.7760620117188,-2.751388223473793,-3.0835693187933284,0.7504702103665593,3.627748549695859,-0.341004111944066,2.280615191566161,-0.7703517969459106,2.4816365336934334,-3.5677257667703577,-1.790226067639766
49.0,109.0,1006.7763061523438,-2.7513775620783987,-3.0835681290471686,0.7504702103665593,3.627748507246206,-0.3410041119449065,2.2805319127114103,-0.770351783157349,2.4816365336934325,-3.56772576676808,-1.790226067639766
49.0,109.0,1006.7763061523438,-2.75137788171288,-3.0835686812224754,0.7504702103665593,3.627748504981189,-0.3410041119449178,2.2805319127114103,-0.7703517831760134,2.4816365336934325,-3.5677257667700766,-1.790226067639766
49.0,109.0,1006.7765502929688,-2.751378549718186,-3.0835693187933284,0.7504702103665593,3.6277483110345226,-0.3410041119416627,2.2804318744447847,-0.7703517970046962,2.481636533693432,-3.567725766793386,-1.790226067639766
49.0,109.0,1006.7765502929688,-2.7513778650346263,-3.083569718171111,0.7504702103665593,3.627748304704281,-0.3410041119385044,2.280430146459013,-0.770351781858279,2.481636533693468,-3.56772576712133,-1.790226067639766
49.0,109.0,1006.7766723632812,-2.7513778650346263,-3.0835693187933284,0.7504702103665593,3.627748549695859,-0.3410041119400671,2.2803789822215697,-0.770351781858279,2.481636533693468,-3.567725766770069,-1.790226067639766
49.0,109.0,1006.7766723632812,-2.7513778650346263,-3.0835693187933284,0.7504702103665593,3.627748549695859,-0.3410041119400671,2.2803789822215697,-0.770351781858279,2.481636533693468,-3.567725766770069,-1.790226067639766
49.0,109.0,1006.7766723632812,-2.7513778650346263,-3.083569718171111,0.7504702103665593,3.62774856185445,-0.3410041119386416,2.2803789822215697,-0.770351781858279,2.481636533693468,-3.56772576712133,-1.790226067639766
49.0,109.0,1006.7766723632812,-2.7513778650346263,-3.0835693187933284,0.7504702103665593,3.627748549695859,-0.3410041119400671,2.2803819846414783,-0.7703517971674861,2.481636533693468,-3.567725766770357,-1.790226067639766
49.0,109.0,1006.7766723632812,-2.7513778650346263,-3.0835699433604185,0.7504702103665593,3.627748496858034,-0.3410041119400514,2.2803789822215697,-0.7703517975334779,2.481636533693468,-3.567725767120048,-1.790226067639766
49.0,109.0,1006.7766723632812,-2.7513778650346263,-3.0835693187933284,0.7504702103665593,3.627748549695859,-0.3410041119400671,2.2803789822215697,-0.770351781858279,2.481636533693468,-3.567725766770069,-1.790226067639766
49.0,109.0,1006.7766723632812,-2.7513778650346263,-3.0835693187933284,0.7504702103665593,3.627748305932138,-0.3410041119400671,2.2803789822215697,-0.7703517966244453,2.481636533693468,-3.567725766770069,-1.790226067639766
49.0,109.0,1006.7766723632812,-2.751378549718186,-3.0835693187933284,0.7504702103665593,3.627748568184692,-0.3410041119418001,2.280380710207341,-0.7703517970046962,2.481636533693432,-3.567725766793386,-1.790226067639766
49.0,109.0,1006.7766723632812,-2.751377850474088,-3.0835693187933284,0.7504702103665593,3.627748549695859,-0.3410041119400671,2.2803789822215697,-0.770351781858279,2.481636533693468,-3.567725766770069,-1.790226067639766
49.0,109.0,1006.7767333984376,-2.7513778650346263,-3.083568676855198,0.7504702103665593,3.627748432316139,-0.3410041119400671,2.280367078078382,-0.770351781858279,2.4816365336934543,-3.567725766770069,-1.790226067639766
49.0,109.0,1006.7767333984376,-2.7513778650346263,-3.083568676855198,0.7504702103665593,3.627748432316139,-0.3410041119400671,2.280367078078382,-0.770351781858279,2.4816365336934543,-3.567725766770069,-1.790226067639766
49.0,109.0,1006.7767333984376,-2.751377545400145,-3.083568124679892,0.7504702103665593,3.627748434581157,-0.3410041119400558,2.280367078078382,-0.7703517818396146,2.4816365336934543,-3.567725766768072,-1.790226067639766
49.0,109.0,1006.7767333984376,-2.7513778650346263,-3.083568682047387,0.7504702103665593,3.627748438925167,-0.3410041119400671,2.280366940162732,-0.7703517816582377,2.481636533693468,-3.567725766768057,-1.790226067639766
49.0,109.0,1006.7767333984376,-2.751378892709933,-3.083569320586128,0.7504702103665593,3.6277483110345226,-0.3410041119386295,2.280356709062062,-0.7703517813227898,2.481636533693468,-3.567725766767404,-1.790226067639766
49.0,109.0,1006.7767944335938,-2.751378549718186,-3.0835693187933284,0.7504702103665593,3.6277483110345226,-0.3410041119400671,2.2803332839607666,-0.7703517970103773,2.481636533693468,-3.567725766793386,-1.790226067639766
49.0,109.0,1006.7767944335938,-2.751378549718186,-3.0835693187933284,0.7504702103665593,3.6277483110345226,-0.3410041119400671,2.2803332839607666,-0.7703517970103773,2.481636533693468,-3.567725766793386,-1.790226067639766
49.0,109.0,1006.7767944335938,-2.751378549718186,-3.0835693187933284,0.7504702103665593,3.6277483110345226,-0.3410041119400671,2.2803332839607666,-0.7703517970103773,2.481636533693468,-3.567725766793386,-1.790226067639766
49.0,109.0,1006.7767944335938,-2.751379147039876,-3.083569274057794,0.7504702103665593,3.6277483110345226,-0.3410041119400671,2.280348254896441,-0.7703517968903207,2.481636533693468,-3.5677257667680644,-1.790226067639766
49.0,109.0,1006.7767944335938,-2.75137917518181,-3.083569319405403,0.7504702103665593,3.6277483110345226,-0.3410041119400671,2.280348254896441,-0.7703517970112166,2.481636533693468,-3.5677257667679245,-1.790226067639766
49.0,109.0,1006.7767944335938,-2.751378457200308,-3.083569718171111,0.7504702103665593,3.627748322555939,-0.3410041119386416,2.280331177580669,-0.770351781858279,2.481636533693468,-3.56772576712133,-1.790226067639766
49.0,109.0,1006.7767944335938,-2.751378549736581,-3.0835693187933284,0.7504702103665593,3.6277483110345226,-0.3410041119385699,2.2803332839607666,-0.7703517970103773,2.481636533693468,-3.5677257667915656,-1.790226067639766
49.0,109.0,1006.7767944335938,-2.751379109464933,-3.083569320586128,0.7504702103665593,3.6277483110345226,-0.3410041119400671,2.280348254896441,-0.7703517968903207,2.481636533693468,-3.567725766767404,-1.790226067639766
49.0,109.0,1006.7767944335938,-2.7513785872931287,-3.0835692722649943,0.7504702103665593,3.6277483110345226,-0.3410041119400671,2.2803332839607666,-0.7703517970103773,2.481636533693468,-3.567725766794047,-1.790226067639766
49.0,109.0,1006.7767944335938,-2.751378564278725,-3.0835693187933284,0.7504702103665593,3.6277483110345226,-0.3410041119400671,2.2803332839607666,-0.7703517970103773,2.481636533693468,-3.567725766793386,-1.790226067639766
49.0,109.0,1006.7767944335938,-2.751379147039876,-3.083569268865606,0.7504702103665593,3.627748304425495,-0.3410041119400671,2.280348392812092,-0.7703517970903622,2.4816365336934543,-3.5677257667700766,-1.790226067639766
49.0,109.0,1006.7767944335938,-2.7513785497367595,-3.0835693187933284,0.7504702103665593,3.6277483110345226,-0.3410041119400704,2.2803332839607666,-0.7703517970103773,2.481636533693468,-3.5677257667915656,-1.790226067639766
49.0,109.0,1006.7767944335938,-2.7513890202200977,-3.083569319400094,0.7504702103665593,3.627748315244909,-0.341004111944066,2.2803352472859104,-0.7703517969459106,2.4816365336934334,-3.56772576677031,-1.790226067639766
49.0,109.0,1006.7767944335938,-2.751378549718186,-3.0835693187933284,0.7504702103665593,3.627748554798244,-0.3410041119400671,2.2803332839607666,-0.770351782244211,2.481636533693468,-3.567725766793386,-1.790226067639766
49.0,109.0,1006.77685546875,-2.751387878151887,-3.0835692332499893,0.7504702103665593,3.627748341166748,-0.3410041119400671,2.280325086100654,-0.7703517970103773,2.4816365336934685,-3.567725766793386,-1.790226067639766
49.0,109.0,1006.77685546875,-2.7513785872931287,-3.0835693187454325,0.7504702103665593,3.6277483110345226,-0.3410041119400671,2.280329919450693,-0.7703517976086195,2.481636533693468,-3.567725766794047,-1.790226067639766
49.0,109.0,1006.77734375,-2.7513778650346263,-3.0835685601677483,0.7504702103665593,3.6277484707504,-0.3410041119354886,2.280155686815468,-0.7703517832208958,2.481636533693468,-3.567725766770069,-1.790226067639766
49.0,109.0,1006.7774047851562,-2.7513785872931287,-3.083569974339007,0.7504702103665593,3.6277503537278393,-0.3410041119400671,2.2801358562410607,-0.7703517970103773,2.481636533693468,-3.567725766794047,-1.790226067639766
49.0,109.0,1006.7774658203124,-2.751387878151887,-3.083569935324002,0.7504702103665593,3.627750383860065,-0.3410041119400671,2.2801276583809487,-0.7703517970103773,2.4816365336934685,-3.567725766793386,-1.790226067639766
49.0,109.0,1006.7774658203124,-2.751387878151887,-3.083569935324002,0.7504702103665593,3.627750379333071,-0.3410041119400671,2.2801276583809487,-0.7703517968996612,2.481636533693469,-3.5677257667678988,-1.790226067639766
49.0,109.0,1006.7774658203124,-2.751387878151887,-3.083569935324002,0.7504702103665593,3.627750383860065,-0.34100411194522,2.2801276583809487,-0.7703517970103773,2.481636533693452,-3.567725766793386,-1.790226067639766
49.0,109.0,1006.7774658203124,-2.751387878151887,-3.083569935324002,0.7504702103665593,3.62775038109344,-0.3410041118017619,2.2801276583809487,-0.7703517968980159,2.4816365336934694,-3.567725766767905,-1.790226067639766
49.0,109.0,1006.7774658203124,-2.751387878151887,-3.083569935324002,0.7504702103665593,3.627750379333071,-0.3410041119400671,2.2801276583809487,-0.7703517968996612,2.481636533693469,-3.5677257667678988,-1.790226067639766
49.0,109.0,1006.7774658203124,-2.751387878151887,-3.083569935324002,0.7504702103665593,3.6277502891086217,-0.3410041118102062,2.280121099768236,-0.7703517965276889,2.4816365336934525,-3.567725766768092,-1.790226067639766
49.0,109.0,1006.7774658203124,-2.751387878151887,-3.083569935324002,0.7504702103665593,3.627750379333071,-0.3410041119400671,2.2801276583809487,-0.7703517968996612,2.481636533693469,-3.5677257667678988,-1.790226067639766
49.0,109.0,1006.7774658203124,-2.751387878151887,-3.0835697101346944,0.7504702103665593,3.6277504488564825,-0.3410041119386573,2.2801276583809487,-0.7703517813351783,2.4816365336934685,-3.5677257667946685,-1.790226067639766
49.0,109.0,1006.7774658203124,-2.751387878151887,-3.083569935324002,0.7504702103665593,3.627750383860065,-0.3410041118094142,2.2801276583809487,-0.7703517970103773,2.481636533693452,-3.567725766793386,-1.790226067639766
49.0,109.0,1006.7775268554688,-2.7513778650346263,-3.083569943331301,0.7504702103665593,3.627748496858034,-0.3410041119400763,2.2801118364678614,-0.7703517970157719,2.481636533693452,-3.5677257668342257,-1.790226067639766
49.0,109.0,1006.7776489257812,-2.751387878151887,-3.083569935324002,0.7504702103665593,3.62775029827439,-0.3410041119450853,2.28361977991399,-0.7703517970103773,2.481636533693452,-3.567725766793386,-1.790226067639766
49.0,109.0,1006.7776489257812,-2.751387878151887,-3.083569935324002,0.7504702103665593,3.62775029827439,-0.3410041119399323,2.28361977991399,-0.7703517970103773,2.481636533693468,-3.567725766793386,-1.790226067639766
49.0,109.0,1006.7777709960938,-2.7513775620783987,-3.083553546996451,0.7504702103665593,3.627750287157424,-0.3410041118099382,2.283670393060833,-0.770351783157349,2.481636533693451,-3.56772576676808,-1.790226067639766
49.0,110.0,1006.7760620117188,-2.751388223473793,-3.0835693187933284,0.7504702103665593,3.627748549695859,-0.341004111944066,2.280615191566161,-0.7703517969459106,2.4816365336934334,-3.5677257667703577,-1.790226067639766
49.0,110.0,1006.7760620117188,-2.7513780498639844,-3.0835693187933284,0.7504702103665593,3.627748549695859,-0.3410041119399182,2.2806204761759203,-0.7703517969459106,2.4816365336934334,-3.5677257667701,-1.790226067639766
49.0,110.0,1006.776123046875,-2.751388223473793,-3.0835693187933284,0.7504702103665593,3.627748549614573,-0.3410041119440982,2.2806090308857683,-0.7703517970091043,2.4816365336934334,-3.5677257667703577,-1.790226067639766
49.0,110.0,1006.7763061523438,-2.7513775620783987,-3.0835681290471686,0.7504702103665593,3.627748507246206,-0.3410041119449065,2.2805319127114103,-0.770351783157349,2.4816365336934325,-3.56772576676808,-1.790226067639766
49.0,110.0,1006.7763061523438,-2.75137788171288,-3.0835686812224754,0.7504702103665593,3.627748504981189,-0.3410041119449178,2.2805319127114103,-0.7703517831760134,2.4816365336934325,-3.5677257667700766,-1.790226067639766
49.0,110.0,1006.7763061523438,-2.7513785683842094,-3.083569319389708,0.7504702103665593,3.62774851463758,-0.3410041119417584,2.280535974353918,-0.770351783157349,2.4816365336934325,-3.567725766790707,-1.790226067639766
49.0,110.0,1006.7763061523438,-2.751377725020428,-3.083569320586128,0.7504702103665593,3.6277483110345226,-0.3410041119451098,2.2805297757454537,-0.7703517815181098,2.481636533693468,-3.5677257667701165,-1.790226067639766
49.0,110.0,1006.7763061523438,-2.75137757532408,-3.0835681290471686,0.7504702103665593,3.627748311862164,-0.3410041119449065,2.280534367041474,-0.770351783065502,2.4816365336934334,-3.56772576676808,-1.790226067639766
49.0,110.0,1006.7765502929688,-2.751378549718186,-3.0835693187933284,0.7504702103665593,3.6277483110345226,-0.3410041119416627,2.2804318744447847,-0.7703517970046962,2.481636533693432,-3.567725766793386,-1.790226067639766
49.0,110.0,1006.7765502929688,-2.7513778650346263,-3.083569718171111,0.7504702103665593,3.627748304704281,-0.3410041119385044,2.280430146459013,-0.770351781858279,2.481636533693468,-3.56772576712133,-1.790226067639766
49.0,110.0,1006.7765502929688,-2.7513778650346263,-3.083569718171111,0.7504702103665593,3.627748304704281,-0.3410041119385044,2.280430146459013,-0.770351781858279,2.481636533693468,-3.56772576712133,-1.790226067639766
49.0,110.0,1006.7765502929688,-2.751377543412375,-3.083568128450789,0.7504702103665593,3.627748303643149,-0.3410041119448108,2.280427812802277,-0.7703517970046962,2.481636533693432,-3.5677257667707587,-1.790226067639766
49.0,110.0,1006.7765502929688,-2.7513778650346263,-3.0835693201940426,0.7504702103665593,3.627748304704281,-0.3410041119385044,2.280429806191633,-0.770351781858279,2.481636533693468,-3.56772576712133,-1.790226067639766
49.0,110.0,1006.7766723632812,-2.7513778650346263,-3.0835693187933284,0.7504702103665593,3.627748549695859,-0.3410041119400671,2.2803789822215697,-0.770351781858279,2.481636533693468,-3.567725766770069,-1.790226067639766
49.0,110.0,1006.7766723632812,-2.7513778650346263,-3.0835693187933284,0.7504702103665593,3.627748549695859,-0.3410041119400671,2.2803789822215697,-0.770351781858279,2.481636533693468,-3.567725766770069,-1.790226067639766
49.0,110.0,1006.7766723632812,-2.7513778650346263,-3.083569718171111,0.7504702103665593,3.62774856185445,-0.3410041119386416,2.2803789822215697,-0.770351781858279,2.481636533693468,-3.56772576712133,-1.790226067639766
49.0,110.0,1006.7766723632812,-2.7513778650346263,-3.0835693187933284,0.7504702103665593,3.627748549695859,-0.3410041119400671,2.2803819846414783,-0.7703517971674861,2.481636533693468,-3.567725766770357,-1.790226067639766
49.0,110.0,1006.7766723632812,-2.7513778650346263,-3.0835699433604185,0.7504702103665593,3.627748496858034,-0.3410041119400514,2.2803789822215697,-0.7703517975334779,2.481636533693468,-3.567725767120048,-1.790226067639766
49.0,110.0,1006.7766723632812,-2.7513778650346263,-3.0835693187933284,0.7504702103665593,3.627748549695859,-0.3410041119400671,2.2803789822215697,-0.770351781858279,2.481636533693468,-3.567725766770069,-1.790226067639766
49.0,110.0,1006.7766723632812,-2.7513778650346263,-3.0835693187933284,0.7504702103665593,3.627748305932138,-0.3410041119400671,2.2803789822215697,-0.7703517966244453,2.481636533693468,-3.567725766770069,-1.790226067639766
49.0,110.0,1006.7766723632812,-2.751378549718186,-3.0835693187933284,0.7504702103665593,3.627748568184692,-0.3410041119418001,2.280380710207341,-0.7703517970046962,2.481636533693432,-3.567725766793386,-1.790226067639766
49.0,110.0,1006.7766723632812,-2.751377850474088,-3.0835693187933284,0.7504702103665593,3.627748549695859,-0.3410041119400671,2.2803789822215697,-0.770351781858279,2.481636533693468,-3.567725766770069,-1.790226067639766
49.0,110.0,1006.7766723632812,-2.7513778650346263,-3.0835693187933284,0.7504702103665593,3.627748549695859,-0.3410041119400671,2.2803819846414783,-0.7703517971674861,2.481636533693468,-3.567725766770712,-1.790226067639766
49.0,110.0,1006.7766723632812,-2.751389186386576,-3.0835693187933284,0.7504702103665593,3.627748549695859,-0.3410041119400671,2.2803789822215697,-0.7703517967801635,2.4816365336934325,-3.5677257667703004,-1.790226067639766
49.0,110.0,1006.7766723632812,-2.751378549718186,-3.0835693187933284,0.7504702103665593,3.627748549151603,-0.3410041119418356,2.2803807048936653,-0.7703517972095971,2.481636533693432,-3.56772576679321,-1.790226067639766
49.0,110.0,1006.7766723632812,-2.7513778650346263,-3.0835697167703966,0.7504702103665593,3.627748549695859,-0.3410041119400671,2.280382324908858,-0.7703517971674861,2.481636533693468,-3.567725766770357,-1.790226067639766
49.0,110.0,1006.7766723632812,-2.7513778650346263,-3.083569718171111,0.7504702103665593,3.6277483159705137,-0.3410041119386416,2.280377587107138,-0.770351781858279,2.4816365336934307,-3.567725767121034,-1.790226067639766
49.0,110.0,1006.7766723632812,-2.751378558230256,-3.0835699433604185,0.7504702103665593,3.627748496858034,-0.3410041119400526,2.2803789822215697,-0.7703517975334779,2.481636533693468,-3.567725767120048,-1.790226067639766
49.0,110.0,1006.7766723632812,-2.7513778650346263,-3.0835699433604185,0.7504702103665593,3.627748496858034,-0.3410041119400514,2.2803789822215697,-0.7703517975334779,2.4816365336934685,-3.567725767120048,-1.790226067639766
49.0,110.0,1006.7766723632812,-2.751378549718186,-3.0835693187933284,0.7504702103665593,3.627748567131655,-0.3410041119418001,2.2803800668853293,-0.770351797004964,2.481636533693432,-3.567725766793386,-1.790226067639766
49.0,110.0,1006.7766723632812,-2.7513778650346263,-3.0835693187933284,0.7504702103665593,3.627748305932138,-0.3410041119400671,2.2803789822215697,-0.7703517966244453,2.481636533693468,-3.567725766770069,-1.790226067639766
49.0,110.0,1006.7766723632812,-2.751377825981893,-3.0835693187933284,0.7504702103665593,3.627748549695859,-0.3410041119400671,2.2803788485389607,-0.770351781858279,2.481636533693468,-3.567725766770069,-1.790226067639766
49.0,110.0,1006.7767333984376,-2.7513778650346263,-3.083568676855198,0.7504702103665593,3.627748432316139,-0.3410041119400671,2.280367078078382,-0.770351781858279,2.4816365336934543,-3.567725766770069,-1.790226067639766
49.0,110.0,1006.7767333984376,-2.7513778650346263,-3.083568676855198,0.7504702103665593,3.627748432316139,-0.3410041119400671,2.280367078078382,-0.770351781858279,2.4816365336934543,-3.567725766770069,-1.790226067639766
49.0,110.0,1006.7767333984376,-2.751377545400145,-3.083568124679892,0.7504702103665593,3.627748434581157,-0.3410041119400558,2.280367078078382,-0.7703517818396146,2.4816365336934543,-3.567725766768072,-1.790226067639766
49.0,110.0,1006.7767333984376,-2.7513778650346263,-3.083568682047387,0.7504702103665593,3.627748438925167,-0.3410041119400671,2.280366940162732,-0.7703517816582377,2.481636533693468,-3.567725766768057,-1.790226067639766
49.0,110.0,1006.7767333984376,-2.751378892709933,-3.083569320586128,0.7504702103665593,3.6277483110345226,-0.3410041119386295,2.280356709062062,-0.7703517813227898,2.481636533693468,-3.567725766767404,-1.790226067639766
49.0,110.0,1006.7767333984376,-2.7513778650346263,-3.083568676855198,0.7504702103665593,3.627748432316139,-0.3410041119400671,2.280367078078382,-0.770351781858279,2.4816365336934534,-3.567725766770069,-1.790226067639766
49.0,110.0,1006.7767333984376,-2.7513778650346263,-3.083568682047387,0.7504702103665593,3.627748438925167,-0.3410041119400671,2.280366940162732,-0.7703517816582377,2.481636533693468,-3.567725766768057,-1.790226067639766
49.0,110.0,1006.7767944335938,-2.751378549718186,-3.0835693187933284,0.7504702103665593,3.6277483110345226,-0.3410041119400671,2.2803332839607666,-0.7703517970103773,2.481636533693468,-3.567725766793386,-1.790226067639766
49.0,110.0,1006.7767944335938,-2.751378549718186,-3.0835693187933284,0.7504702103665593,3.6277483110345226,-0.3410041119400671,2.2803332839607666,-0.7703517970103773,2.481636533693468,-3.567725766793386,-1.790226067639766
49.0,110.0,1006.7767944335938,-2.751378549718186,-3.0835693187933284,0.7504702103665593,3.6277483110345226,-0.3410041119400671,2.2803332839607666,-0.7703517970103773,2.481636533693468,-3.567725766793386,-1.790226067639766
49.0,110.0,1006.7767944335938,-2.751379147039876,-3.083569274057794,0.7504702103665593,3.6277483110345226,-0.3410041119400671,2.280348254896441,-0.7703517968903207,2.481636533693468,-3.5677257667680644,-1.790226067639766
49.0,110.0,1006.7767944335938,-2.75137917518181,-3.083569319405403,0.7504702103665593,3.6277483110345226,-0.3410041119400671,2.280348254896441,-0.7703517970112166,2.481636533693468,-3.5677257667679245,-1.790226067639766
49.0,110.0,1006.7767944335938,-2.751378457200308,-3.083569718171111,0.7504702103665593,3.627748322555939,-0.3410041119386416,2.280331177580669,-0.770351781858279,2.481636533693468,-3.56772576712133,-1.790226067639766
49.0,110.0,1006.7767944335938,-2.751378549736581,-3.0835693187933284,0.7504702103665593,3.6277483110345226,-0.3410041119385699,2.2803332839607666,-0.7703517970103773,2.481636533693468,-3.5677257667915656,-1.790226067639766
49.0,110.0,1006.7767944335938,-2.751379109464933,-3.083569320586128,0.7504702103665593,3.6277483110345226,-0.3410041119400671,2.280348254896441,-0.7703517968903207,2.481636533693468,-3.567725766767404,-1.790226067639766
49.0,110.0,1006.7767944335938,-2.7513785872931287,-3.0835692722649943,0.7504702103665593,3.6277483110345226,-0.3410041119400671,2.2803332839607666,-0.7703517970103773,2.481636533693468,-3.567725766794047,-1.790226067639766
49.0,110.0,1006.7767944335938,-2.751378564278725,-3.0835693187933284,0.7504702103665593,3.6277483110345226,-0.3410041119400671,2.2803332839607666,-0.7703517970103773,2.481636533693468,-3.567725766793386,-1.790226067639766
49.0,110.0,1006.7767944335938,-2.751379147039876,-3.083569268865606,0.7504702103665593,3.627748304425495,-0.3410041119400671,2.280348392812092,-0.7703517970903622,2.4816365336934543,-3.5677257667700766,-1.790226067639766
49.0,111.0,1006.7760620117188,-2.751388223473793,-3.0835693187933284,0.7504702103665593,3.627748549695859,-0.341004111944066,2.280615191566161,-0.7703517969459106,2.4816365336934334,-3.5677257667703577,-1.790226067639766
49.0,111.0,1006.7760620117188,-2.7513780498639844,-3.0835693187933284,0.7504702103665593,3.627748549695859,-0.3410041119399182,2.2806204761759203,-0.7703517969459106,2.4816365336934334,-3.5677257667701,-1.790226067639766
49.0,111.0,1006.7760620117188,-2.7513780498639844,-3.0835693187933284,0.7504702103665593,3.627748549695859,-0.3410041119399182,2.2806204761759203,-0.7703517969459106,2.4816365336934334,-3.5677257667701,-1.790226067639766
49.0,111.0,1006.7760620117188,-2.751388223473793,-3.0835693187933284,0.7504702103665593,3.627748549614573,-0.3410041119441672,2.280620568692822,-0.7703517970076047,2.4816365336934334,-3.5677257667703577,-1.790226067639766
49.0,111.0,1006.776123046875,-2.751388223473793,-3.0835693187933284,0.7504702103665593,3.627748549614573,-0.3410041119440982,2.2806090308857683,-0.7703517970091043,2.4816365336934334,-3.5677257667703577,-1.790226067639766
49.0,111.0,1006.776123046875,-2.7513774480153352,-3.0835693205832384,0.7504702103665593,3.62774831825964,-0.3410041119451122,2.2806099384749805,-0.7703517969459106,2.4816365336934334,-3.5677257667703577,-1.790226067639766
49.0,111.0,1006.7762451171876,-2.751387812182883,-3.0835693193496176,0.7504702103665593,3.627748514398228,-0.3410041119440982,2.2805364884752723,-0.7703517978373581,2.4816365336934334,-3.5677257667703577,-1.790226067639766
49.0,111.0,1006.7762451171876,-2.751377725020428,-3.083569320586128,0.7504702103665593,3.6277483110345226,-0.34100411194523,2.280535987828656,-0.7703517815181098,2.4816365336934334,-3.567725766770313,-1.790226067639766
49.0,111.0,1006.7762451171876,-2.7513775620783987,-3.0835681290471686,0.7504702103665593,3.627748507246206,-0.3410041119449065,2.280539471965397,-0.7703517818876421,2.4816365336934325,-3.5677257671458924,-1.790226067639766
49.0,111.0,1006.7763061523438,-2.7513775620783987,-3.0835681290471686,0.7504702103665593,3.627748507246206,-0.3410041119449065,2.2805319127114103,-0.770351783157349,2.4816365336934325,-3.56772576676808,-1.790226067639766
49.0,111.0,1006.7763061523438,-2.75137788171288,-3.0835686812224754,0.7504702103665593,3.627748504981189,-0.3410041119449178,2.2805319127114103,-0.7703517831760134,2.4816365336934325,-3.5677257667700766,-1.790226067639766
49.0,111.0,1006.7763061523438,-2.7513785683842094,-3.083569319389708,0.7504702103665593,3.62774851463758,-0.3410041119417584,2.280535974353918,-0.770351783157349,2.4816365336934325,-3.567725766790707,-1.790226067639766
49.0,111.0,1006.7763061523438,-2.751377725020428,-3.083569320586128,0.7504702103665593,3.6277483110345226,-0.3410041119451098,2.2805297757454537,-0.7703517815181098,2.481636533693468,-3.5677257667701165,-1.790226067639766
49.0,111.0,1006.7763061523438,-2.75137757532408,-3.0835681290471686,0.7504702103665593,3.627748311862164,-0.3410041119449065,2.280534367041474,-0.770351783065502,2.4816365336934334,-3.56772576676808,-1.790226067639766
49.0,111.0,1006.7763061523438,-2.751388500478886,-3.083569318796218,0.7504702103665593,3.6277485424707416,-0.3410041119440636,2.280535028836634,-0.7703517815181098,2.481636533693468,-3.5677257667701165,-1.790226067639766
49.0,111.0,1006.7763061523438,-2.7513785683842094,-3.083569319389708,0.7504702103665593,3.62774851463758,-0.3410041119416383,2.2805297622707164,-0.770351783157349,2.481636533693467,-3.567725766790511,-1.790226067639766
49.0,111.0,1006.7765502929688,-2.751378549718186,-3.0835693187933284,0.7504702103665593,3.6277483110345226,-0.3410041119416627,2.2804318744447847,-0.7703517970046962,2.481636533693432,-3.567725766793386,-1.790226067639766
49.0,111.0,1006.7765502929688,-2.7513778650346263,-3.083569718171111,0.7504702103665593,3.627748304704281,-0.3410041119385044,2.280430146459013,-0.770351781858279,2.481636533693468,-3.56772576712133,-1.790226067639766
49.0,111.0,1006.7765502929688,-2.7513778650346263,-3.083569718171111,0.7504702103665593,3.627748304704281,-0.3410041119385044,2.280430146459013,-0.770351781858279,2.481636533693468,-3.56772576712133,-1.790226067639766
49.0,111.0,1006.7765502929688,-2.751377543412375,-3.083568128450789,0.7504702103665593,3.627748303643149,-0.3410041119448108,2.280427812802277,-0.7703517970046962,2.481636533693432,-3.5677257667707587,-1.790226067639766
49.0,111.0,1006.7765502929688,-2.7513778650346263,-3.0835693201940426,0.7504702103665593,3.627748304704281,-0.3410041119385044,2.280429806191633,-0.770351781858279,2.481636533693468,-3.56772576712133,-1.790226067639766
49.0,111.0,1006.7765502929688,-2.751389186386576,-3.083569318822484,0.7504702103665593,3.627748549695859,-0.3410041119385447,2.280429542207049,-0.7703517968464121,2.4816365336934325,-3.5677257667703004,-1.790226067639766
49.0,111.0,1006.7765502929688,-2.7513778650346263,-3.083569718171111,0.7504702103665593,3.627748304704281,-0.3410041119400794,2.280429238716071,-0.7703517976247964,2.481636533693468,-3.56772576712133,-1.790226067639766
49.0,111.0,1006.7765502929688,-2.7513778650346263,-3.083569360545736,0.7504702103665593,3.627748304704281,-0.3410041119385044,2.280429806191633,-0.7703517813773084,2.481636533693468,-3.5677257671200486,-1.790226067639766
49.0,111.0,1006.7765502929688,-2.7513778650346263,-3.083569718171111,0.7504702103665593,3.627748304704281,-0.3410041119385044,2.280430146459013,-0.770351781858279,2.481636533693468,-3.5677257667671785,-1.790226067639766
49.0,111.0,1006.7766723632812,-2.7513778650346263,-3.0835693187933284,0.7504702103665593,3.627748549695859,-0.3410041119400671,2.2803789822215697,-0.770351781858279,2.481636533693468,-3.567725766770069,-1.790226067639766
49.0,111.0,1006.7766723632812,-2.7513778650346263,-3.0835693187933284,0.7504702103665593,3.627748549695859,-0.3410041119400671,2.2803789822215697,-0.770351781858279,2.481636533693468,-3.567725766770069,-1.790226067639766
49.0,111.0,1006.7766723632812,-2.7513778650346263,-3.083569718171111,0.7504702103665593,3.62774856185445,-0.3410041119386416,2.2803789822215697,-0.770351781858279,2.481636533693468,-3.56772576712133,-1.790226067639766
49.0,111.0,1006.7766723632812,-2.7513778650346263,-3.0835693187933284,0.7504702103665593,3.627748549695859,-0.3410041119400671,2.2803819846414783,-0.7703517971674861,2.481636533693468,-3.567725766770357,-1.790226067639766
49.0,111.0,1006.7766723632812,-2.7513778650346263,-3.0835699433604185,0.7504702103665593,3.627748496858034,-0.3410041119400514,2.2803789822215697,-0.7703517975334779,2.481636533693468,-3.567725767120048,-1.790226067639766
49.0,111.0,1006.7766723632812,-2.7513778650346263,-3.0835693187933284,0.7504702103665593,3.627748549695859,-0.3410041119400671,2.2803789822215697,-0.770351781858279,2.481636533693468,-3.567725766770069,-1.790226067639766
49.0,111.0,1006.7766723632812,-2.7513778650346263,-3.0835693187933284,0.7504702103665593,3.627748305932138,-0.3410041119400671,2.2803789822215697,-0.7703517966244453,2.481636533693468,-3.567725766770069,-1.790226067639766
49.0,111.0,1006.7766723632812,-2.751378549718186,-3.0835693187933284,0.7504702103665593,3.627748568184692,-0.3410041119418001,2.280380710207341,-0.7703517970046962,2.481636533693432,-3.567725766793386,-1.790226067639766
49.0,111.0,1006.7766723632812,-2.751377850474088,-3.0835693187933284,0.7504702103665593,3.627748549695859,-0.3410041119400671,2.2803789822215697,-0.770351781858279,2.481636533693468,-3.567725766770069,-1.790226067639766
49.0,111.0,1006.7766723632812,-2.7513778650346263,-3.0835693187933284,0.7504702103665593,3.627748549695859,-0.3410041119400671,2.2803819846414783,-0.7703517971674861,2.481636533693468,-3.567725766770712,-1.790226067639766
49.0,111.0,1006.7766723632812,-2.751389186386576,-3.0835693187933284,0.7504702103665593,3.627748549695859,-0.3410041119400671,2.2803789822215697,-0.7703517967801635,2.4816365336934325,-3.5677257667703004,-1.790226067639766
49.0,111.0,1006.7766723632812,-2.751378549718186,-3.0835693187933284,0.7504702103665593,3.627748549151603,-0.3410041119418356,2.2803807048936653,-0.7703517972095971,2.481636533693432,-3.56772576679321,-1.790226067639766
49.0,111.0,1006.7766723632812,-2.7513778650346263,-3.0835697167703966,0.7504702103665593,3.627748549695859,-0.3410041119400671,2.280382324908858,-0.7703517971674861,2.481636533693468,-3.567725766770357,-1.790226067639766
49.0,111.0,1006.7766723632812,-2.7513778650346263,-3.083569718171111,0.7504702103665593,3.6277483159705137,-0.3410041119386416,2.280377587107138,-0.770351781858279,2.4816365336934307,-3.567725767121034,-1.790226067639766
49.0,111.0,1006.7766723632812,-2.751378558230256,-3.0835699433604185,0.7504702103665593,3.627748496858034,-0.3410041119400526,2.2803789822215697,-0.7703517975334779,2.481636533693468,-3.567725767120048,-1.790226067639766
49.0,111.0,1006.7766723632812,-2.7513778650346263,-3.0835699433604185,0.7504702103665593,3.627748496858034,-0.3410041119400514,2.2803789822215697,-0.7703517975334779,2.4816365336934685,-3.567725767120048,-1.790226067639766
49.0,111.0,1006.7766723632812,-2.751378549718186,-3.0835693187933284,0.7504702103665593,3.627748567131655,-0.3410041119418001,2.2803800668853293,-0.770351797004964,2.481636533693432,-3.567725766793386,-1.790226067639766
49.0,111.0,1006.7766723632812,-2.7513778650346263,-3.0835693187933284,0.7504702103665593,3.627748305932138,-0.3410041119400671,2.2803789822215697,-0.7703517966244453,2.481636533693468,-3.567725766770069,-1.790226067639766
49.0,111.0,1006.7766723632812,-2.751377825981893,-3.0835693187933284,0.7504702103665593,3.627748549695859,-0.3410041119400671,2.2803788485389607,-0.770351781858279,2.481636533693468,-3.567725766770069,-1.790226067639766
49.0,111.0,1006.7766723632812,-2.7513778650346263,-3.083569903008725,0.7504702103665593,3.627748496858034,-0.3410041119400514,2.2803789822215697,-0.7703517980144485,2.481636533693468,-3.5677257671213285,-1.790226067639766
49.0,111.0,1006.7766723632812,-2.751388702236358,-3.0835693187933284,0.7504702103665593,3.627748296481024,-0.3410041119440417,2.2803789822215697,-0.7703517966244453,2.481636533693468,-3.567725766770081,-1.790226067639766
49.0,111.0,1006.7766723632812,-2.7513785579672194,-3.0835693187933284,0.7504702103665593,3.627748549695859,-0.341004111940067,2.2803789822215697,-0.770351781858279,2.481636533693468,-3.5677257671179685,-1.790226067639766
49.0,111.0,1006.7766723632812,-2.751378526346556,-3.0835693187933284,0.7504702103665593,3.627748567131655,-0.3410041119420051,2.2803800668853293,-0.770351797004964,2.481636533693432,-3.567725766793993,-1.790226067639766
49.0,111.0,1006.7766723632812,-2.7513778650346263,-3.083569327201868,0.7504702103665593,3.6277485470619424,-0.3410041119400491,2.280378943459385,-0.7703517971674861,2.481636533693468,-3.567725767114497,-1.790226067639766
49.0,111.0,1006.7766723632812,-2.7513778650346263,-3.083569320164888,0.7504702103665593,3.627748304704281,-0.3410041119400266,2.280379246206154,-0.7703517817920306,2.481636533693468,-3.56772576712133,-1.790226067639766
49.0,112.0,1006.7760620117188,-2.751388223473793,-3.0835693187933284,0.7504702103665593,3.627748549695859,-0.341004111944066,2.280615191566161,-0.7703517969459106,2.4816365336934334,-3.5677257667703577,-1.790226067639766
49.0,112.0,1006.7760620117188,-2.7513780498639844,-3.0835693187933284,0.7504702103665593,3.627748549695859,-0.3410041119399182,2.2806204761759203,-0.7703517969459106,2.4816365336934334,-3.5677257667701,-1.790226067639766
49.0,112.0,1006.7760620117188,-2.7513780498639844,-3.0835693187933284,0.7504702103665593,3.627748549695859,-0.3410041119399182,2.2806204761759203,-0.7703517969459106,2.4816365336934334,-3.5677257667701,-1.790226067639766
49.0,112.0,1006.7760620117188,-2.751388223473793,-3.0835693187933284,0.7504702103665593,3.627748549614573,-0.3410041119441672,2.280620568692822,-0.7703517970076047,2.4816365336934334,-3.5677257667703577,-1.790226067639766
49.0,112.0,1006.7760620117188,-2.7513774480153352,-3.0835694161087472,0.7504702103665593,3.62774831825964,-0.3410041119451283,2.2806229359921155,-0.7703517836347802,2.4816365336934334,-3.567725766770425,-1.790226067639766
49.0,112.0,1006.7760620117188,-2.75137786494958,-3.0835693187933284,0.7504702103665593,3.627748549695859,-0.3410041119400668,2.280613334841726,-0.7703517971748934,2.481636533693468,-3.5677257667706908,-1.790226067639766
49.0,112.0,1006.7760620117188,-2.7513891973528963,-3.0835692694509462,0.7504702103665593,3.627748507044335,-0.341004111944066,2.280615191566161,-0.7703517820247182,2.4816365336934334,-3.5677257667703577,-1.790226067639766
49.0,112.0,1006.776123046875,-2.751388223473793,-3.0835693187933284,0.7504702103665593,3.627748549614573,-0.3410041119440982,2.2806090308857683,-0.7703517970091043,2.4816365336934334,-3.5677257667703577,-1.790226067639766
49.0,112.0,1006.776123046875,-2.7513774480153352,-3.0835693205832384,0.7504702103665593,3.62774831825964,-0.3410041119451122,2.2806099384749805,-0.7703517969459106,2.4816365336934334,-3.5677257667703577,-1.790226067639766
49.0,112.0,1006.7762451171876,-2.751387812182883,-3.0835693193496176,0.7504702103665593,3.627748514398228,-0.3410041119440982,2.2805364884752723,-0.7703517978373581,2.4816365336934334,-3.5677257667703577,-1.790226067639766
49.0,112.0,1006.7762451171876,-2.751377725020428,-3.083569320586128,0.7504702103665593,3.6277483110345226,-0.34100411194523,2.280535987828656,-0.7703517815181098,2.4816365336934334,-3.567725766770313,-1.790226067639766
49.0,112.0,1006.7762451171876,-2.7513775620783987,-3.0835681290471686,0.7504702103665593,3.627748507246206,-0.3410041119449065,2.280539471965397,-0.7703517818876421,2.4816365336934325,-3.5677257671458924,-1.790226067639766
49.0,112.0,1006.7762451171876,-2.751388463399668,-3.0835693193226352,0.7504702103665593,3.627748514398228,-0.3410041119440606,2.2805364884752723,-0.7703517817378539,2.4816365336934334,-3.5677257667703577,-1.790226067639766
49.0,112.0,1006.7762451171876,-2.751378795982955,-3.083569319389708,0.7504702103665593,3.62774851463758,-0.3410041119417584,2.2805364732842306,-0.7703517829218939,2.4816365336934325,-3.567725766790707,-1.790226067639766
49.0,112.0,1006.7763061523438,-2.7513775620783987,-3.0835681290471686,0.7504702103665593,3.627748507246206,-0.3410041119449065,2.2805319127114103,-0.770351783157349,2.4816365336934325,-3.56772576676808,-1.790226067639766
49.0,112.0,1006.7763061523438,-2.75137788171288,-3.0835686812224754,0.7504702103665593,3.627748504981189,-0.3410041119449178,2.2805319127114103,-0.7703517831760134,2.4816365336934325,-3.5677257667700766,-1.790226067639766
49.0,112.0,1006.7763061523438,-2.7513785683842094,-3.083569319389708,0.7504702103665593,3.62774851463758,-0.3410041119417584,2.280535974353918,-0.770351783157349,2.4816365336934325,-3.567725766790707,-1.790226067639766
49.0,112.0,1006.7763061523438,-2.751377725020428,-3.083569320586128,0.7504702103665593,3.6277483110345226,-0.3410041119451098,2.2805297757454537,-0.7703517815181098,2.481636533693468,-3.5677257667701165,-1.790226067639766
49.0,112.0,1006.7763061523438,-2.75137757532408,-3.0835681290471686,0.7504702103665593,3.627748311862164,-0.3410041119449065,2.280534367041474,-0.770351783065502,2.4816365336934334,-3.56772576676808,-1.790226067639766
49.0,112.0,1006.7763061523438,-2.751388500478886,-3.083569318796218,0.7504702103665593,3.6277485424707416,-0.3410041119440636,2.280535028836634,-0.7703517815181098,2.481636533693468,-3.5677257667701165,-1.790226067639766
49.0,112.0,1006.7763061523438,-2.7513785683842094,-3.083569319389708,0.7504702103665593,3.62774851463758,-0.3410041119416383,2.2805297622707164,-0.770351783157349,2.481636533693467,-3.567725766790511,-1.790226067639766
49.0,112.0,1006.7763061523438,-2.7513878492621013,-3.083569318823201,0.7504702103665593,3.6277485424707416,-0.3410041119441011,2.280535028836634,-0.7703517976176139,2.481636533693468,-3.5677257667701165,-1.790226067639766
49.0,112.0,1006.7763061523438,-2.751377725020428,-3.08356932058604,0.7504702103665593,3.6277483110345226,-0.34100411194524,2.2805349678551985,-0.7703517969458219,2.4816365336934334,-3.567725766770313,-1.790226067639766
49.0,112.0,1006.7763061523438,-2.7513775620783987,-3.08356803352166,0.7504702103665593,3.627748507246206,-0.3410041119448903,2.280518915194276,-0.7703517964684794,2.4816365336934325,-3.567725766768013,-1.790226067639766
49.0,112.0,1006.7763061523438,-2.7513885004581504,-3.083569318796143,0.7504702103665593,3.6277485424707416,-0.3410041119440635,2.280535028836634,-0.7703517815181098,2.481636533693468,-3.5677257667701165,-1.790226067639766
49.0,112.0,1006.7763061523438,-2.7513778650194984,-3.083568630860335,0.7504702103665593,3.627748504981189,-0.3410041119400098,2.2805319127114103,-0.7703517835506912,2.4816365336934685,-3.5677257667700766,-1.790226067639766
49.0,112.0,1006.7765502929688,-2.751378549718186,-3.0835693187933284,0.7504702103665593,3.6277483110345226,-0.3410041119416627,2.2804318744447847,-0.7703517970046962,2.481636533693432,-3.567725766793386,-1.790226067639766
49.0,112.0,1006.7765502929688,-2.7513778650346263,-3.083569718171111,0.7504702103665593,3.627748304704281,-0.3410041119385044,2.280430146459013,-0.770351781858279,2.481636533693468,-3.56772576712133,-1.790226067639766
49.0,112.0,1006.7765502929688,-2.7513778650346263,-3.083569718171111,0.7504702103665593,3.627748304704281,-0.3410041119385044,2.280430146459013,-0.770351781858279,2.481636533693468,-3.56772576712133,-1.790226067639766
49.0,112.0,1006.7765502929688,-2.751377543412375,-3.083568128450789,0.7504702103665593,3.627748303643149,-0.3410041119448108,2.280427812802277,-0.7703517970046962,2.481636533693432,-3.5677257667707587,-1.790226067639766
49.0,112.0,1006.7765502929688,-2.7513778650346263,-3.0835693201940426,0.7504702103665593,3.627748304704281,-0.3410041119385044,2.280429806191633,-0.770351781858279,2.481636533693468,-3.56772576712133,-1.790226067639766
49.0,112.0,1006.7765502929688,-2.751389186386576,-3.083569318822484,0.7504702103665593,3.627748549695859,-0.3410041119385447,2.280429542207049,-0.7703517968464121,2.4816365336934325,-3.5677257667703004,-1.790226067639766
49.0,112.0,1006.7765502929688,-2.7513778650346263,-3.083569718171111,0.7504702103665593,3.627748304704281,-0.3410041119400794,2.280429238716071,-0.7703517976247964,2.481636533693468,-3.56772576712133,-1.790226067639766
49.0,112.0,1006.7765502929688,-2.7513778650346263,-3.083569360545736,0.7504702103665593,3.627748304704281,-0.3410041119385044,2.280429806191633,-0.7703517813773084,2.481636533693468,-3.5677257671200486,-1.790226067639766
49.0,112.0,1006.7765502929688,-2.7513778650346263,-3.083569718171111,0.7504702103665593,3.627748304704281,-0.3410041119385044,2.280430146459013,-0.770351781858279,2.481636533693468,-3.5677257667671785,-1.790226067639766
49.0,112.0,1006.7765502929688,-2.751389328226766,-3.083569287790544,0.7504702103665593,3.627748549695859,-0.3410041119385447,2.280429542207049,-0.7703517962309527,2.4816365336934325,-3.5677257667703004,-1.790226067639766
49.0,112.0,1006.7765502929688,-2.751389186386576,-3.083569318822484,0.7504702103665593,3.627748549695859,-0.3410041119385447,2.280429542207049,-0.7703517968566101,2.481636533693432,-3.5677257667703004,-1.790226067639766
49.0,112.0,1006.7765502929688,-2.7513778650346263,-3.083569360545736,0.7504702103665593,3.627748304704281,-0.3410041119385044,2.280429806191633,-0.7703517813773084,2.481636533693468,-3.5677257671200486,-1.790226067639766
49.0,112.0,1006.7765502929688,-2.7513778650346263,-3.083569360545736,0.7504702103665593,3.627748558790261,-0.3410041119385044,2.280429806191633,-0.7703517818451919,2.481636533693468,-3.5677257671213627,-1.790226067639766
49.0,112.0,1006.7766723632812,-2.7513778650346263,-3.0835693187933284,0.7504702103665593,3.627748549695859,-0.3410041119400671,2.2803789822215697,-0.770351781858279,2.481636533693468,-3.567725766770069,-1.790226067639766
49.0,112.0,1006.7766723632812,-2.7513778650346263,-3.0835693187933284,0.7504702103665593,3.627748549695859,-0.3410041119400671,2.2803789822215697,-0.770351781858279,2.481636533693468,-3.567725766770069,-1.790226067639766
49.0,112.0,1006.7766723632812,-2.7513778650346263,-3.083569718171111,0.7504702103665593,3.62774856185445,-0.3410041119386416,2.2803789822215697,-0.770351781858279,2.481636533693468,-3.56772576712133,-1.790226067639766
49.0,112.0,1006.7766723632812,-2.7513778650346263,-3.0835693187933284,0.7504702103665593,3.627748549695859,-0.3410041119400671,2.2803819846414783,-0.7703517971674861,2.481636533693468,-3.567725766770357,-1.790226067639766
49.0,112.0,1006.7766723632812,-2.7513778650346263,-3.0835699433604185,0.7504702103665593,3.627748496858034,-0.3410041119400514,2.2803789822215697,-0.7703517975334779,2.481636533693468,-3.567725767120048,-1.790226067639766
49.0,112.0,1006.7766723632812,-2.7513778650346263,-3.0835693187933284,0.7504702103665593,3.627748549695859,-0.3410041119400671,2.2803789822215697,-0.770351781858279,2.481636533693468,-3.567725766770069,-1.790226067639766
49.0,112.0,1006.7766723632812,-2.7513778650346263,-3.0835693187933284,0.7504702103665593,3.627748305932138,-0.3410041119400671,2.2803789822215697,-0.7703517966244453,2.481636533693468,-3.567725766770069,-1.790226067639766
49.0,112.0,1006.7766723632812,-2.751378549718186,-3.0835693187933284,0.7504702103665593,3.627748568184692,-0.3410041119418001,2.280380710207341,-0.7703517970046962,2.481636533693432,-3.567725766793386,-1.790226067639766
49.0,112.0,1006.7766723632812,-2.751377850474088,-3.0835693187933284,0.7504702103665593,3.627748549695859,-0.3410041119400671,2.2803789822215697,-0.770351781858279,2.481636533693468,-3.567725766770069,-1.790226067639766
49.0,112.0,1006.7766723632812,-2.7513778650346263,-3.0835693187933284,0.7504702103665593,3.627748549695859,-0.3410041119400671,2.2803819846414783,-0.7703517971674861,2.481636533693468,-3.567725766770712,-1.790226067639766
49.0,112.0,1006.7766723632812,-2.751389186386576,-3.0835693187933284,0.7504702103665593,3.627748549695859,-0.3410041119400671,2.2803789822215697,-0.7703517967801635,2.4816365336934325,-3.5677257667703004,-1.790226067639766
49.0,113.0,1006.7760620117188,-2.751388223473793,-3.0835693187933284,0.7504702103665593,3.627748549695859,-0.341004111944066,2.280615191566161,-0.7703517969459106,2.4816365336934334,-3.5677257667703577,-1.790226067639766
49.0,113.0,1006.7760620117188,-2.7513780498639844,-3.0835693187933284,0.7504702103665593,3.627748549695859,-0.3410041119399182,2.2806204761759203,-0.7703517969459106,2.4816365336934334,-3.5677257667701,-1.790226067639766
49.0,113.0,1006.7760620117188,-2.7513780498639844,-3.0835693187933284,0.7504702103665593,3.627748549695859,-0.3410041119399182,2.2806204761759203,-0.7703517969459106,2.4816365336934334,-3.5677257667701,-1.790226067639766
49.0,113.0,1006.7760620117188,-2.751388223473793,-3.0835693187933284,0.7504702103665593,3.627748549614573,-0.3410041119441672,2.280620568692822,-0.7703517970076047,2.4816365336934334,-3.5677257667703577,-1.790226067639766
49.0,113.0,1006.7760620117188,-2.7513774480153352,-3.0835694161087472,0.7504702103665593,3.62774831825964,-0.3410041119451283,2.2806229359921155,-0.7703517836347802,2.4816365336934334,-3.567725766770425,-1.790226067639766
49.0,113.0,1006.7760620117188,-2.75137786494958,-3.0835693187933284,0.7504702103665593,3.627748549695859,-0.3410041119400668,2.280613334841726,-0.7703517971748934,2.481636533693468,-3.5677257667706908,-1.790226067639766
49.0,113.0,1006.7760620117188,-2.7513891973528963,-3.0835692694509462,0.7504702103665593,3.627748507044335,-0.341004111944066,2.280615191566161,-0.7703517820247182,2.4816365336934334,-3.5677257667703577,-1.790226067639766
49.0,113.0,1006.7760620117188,-2.751388223473793,-3.0835693187933284,0.7504702103665593,3.627748549614573,-0.3410041119441672,2.280620568692822,-0.770351782384616,2.481636533693467,-3.567725766764573,-1.790226067639766
49.0,113.0,1006.7760620117188,-2.7513780498639844,-3.0835693187933284,0.7504702103665593,3.627748549695859,-0.3410041119399182,2.2806204761759203,-0.7703517969459106,2.4816365336934334,-3.5677257667701,-1.790226067639766
49.0,113.0,1006.7760620117188,-2.7513788802127825,-3.0835694161087472,0.7504702103665593,3.6277483123715952,-0.3410041119451283,2.2806229359921155,-0.7703517836567474,2.4816365336934334,-3.5677257667706326,-1.790226067639766
49.0,113.0,1006.776123046875,-2.751388223473793,-3.0835693187933284,0.7504702103665593,3.627748549614573,-0.3410041119440982,2.2806090308857683,-0.7703517970091043,2.4816365336934334,-3.5677257667703577,-1.790226067639766
49.0,113.0,1006.776123046875,-2.7513774480153352,-3.0835693205832384,0.7504702103665593,3.62774831825964,-0.3410041119451122,2.2806099384749805,-0.7703517969459106,2.4816365336934334,-3.5677257667703577,-1.790226067639766
49.0,113.0,1006.776123046875,-2.751388223473793,-3.0835693187933284,0.7504702103665593,3.627748549695537,-0.3410041119440982,2.280609028739156,-0.7703517970091043,2.4816365336934334,-3.5677257667703577,-1.790226067639766
49.0,113.0,1006.7762451171876,-2.751387812182883,-3.0835693193496176,0.7504702103665593,3.627748514398228,-0.3410041119440982,2.2805364884752723,-0.7703517978373581,2.4816365336934334,-3.5677257667703577,-1.790226067639766
49.0,113.0,1006.7762451171876,-2.751377725020428,-3.083569320586128,0.7504702103665593,3.6277483110345226,-0.34100411194523,2.280535987828656,-0.7703517815181098,2.4816365336934334,-3.567725766770313,-1.790226067639766
49.0,113.0,1006.7762451171876,-2.7513775620783987,-3.0835681290471686,0.7504702103665593,3.627748507246206,-0.3410041119449065,2.280539471965397,-0.7703517818876421,2.4816365336934325,-3.5677257671458924,-1.790226067639766
49.0,113.0,1006.7762451171876,-2.751388463399668,-3.0835693193226352,0.7504702103665593,3.627748514398228,-0.3410041119440606,2.2805364884752723,-0.7703517817378539,2.4816365336934334,-3.5677257667703577,-1.790226067639766
49.0,113.0,1006.7762451171876,-2.751378795982955,-3.083569319389708,0.7504702103665593,3.62774851463758,-0.3410041119417584,2.2805364732842306,-0.7703517829218939,2.4816365336934325,-3.567725766790707,-1.790226067639766
49.0,113.0,1006.7762451171876,-2.7513785091325325,-3.083569718171111,0.7504702103665593,3.627748304704281,-0.3410041119385044,2.280535203246909,-0.770351781858279,2.481636533693468,-3.567725766769303,-1.790226067639766
49.0,113.0,1006.7762451171876,-2.7513879125041343,-3.083569314994558,0.7504702103665593,3.627748511642315,-0.3410041119451283,2.280535119909544,-0.7703517836347802,2.4816365336934334,-3.567725766770425,-1.790226067639766
49.0,113.0,1006.7763061523438,-2.7513775620783987,-3.0835681290471686,0.7504702103665593,3.627748507246206,-0.3410041119449065,2.2805319127114103,-0.770351783157349,2.4816365336934325,-3.56772576676808,-1.790226067639766
49.0,113.0,1006.7763061523438,-2.75137788171288,-3.0835686812224754,0.7504702103665593,3.627748504981189,-0.3410041119449178,2.2805319127114103,-0.7703517831760134,2.4816365336934325,-3.5677257667700766,-1.790226067639766
49.0,113.0,1006.7763061523438,-2.7513785683842094,-3.083569319389708,0.7504702103665593,3.62774851463758,-0.3410041119417584,2.280535974353918,-0.770351783157349,2.4816365336934325,-3.567725766790707,-1.790226067639766
49.0,113.0,1006.7763061523438,-2.751377725020428,-3.083569320586128,0.7504702103665593,3.6277483110345226,-0.3410041119451098,2.2805297757454537,-0.7703517815181098,2.481636533693468,-3.5677257667701165,-1.790226067639766
49.0,113.0,1006.7763061523438,-2.75137757532408,-3.0835681290471686,0.7504702103665593,3.627748311862164,-0.3410041119449065,2.280534367041474,-0.770351783065502,2.4816365336934334,-3.56772576676808,-1.790226067639766
49.0,113.0,1006.7763061523438,-2.751388500478886,-3.083569318796218,0.7504702103665593,3.6277485424707416,-0.3410041119440636,2.280535028836634,-0.7703517815181098,2.481636533693468,-3.5677257667701165,-1.790226067639766
49.0,113.0,1006.7763061523438,-2.7513785683842094,-3.083569319389708,0.7504702103665593,3.62774851463758,-0.3410041119416383,2.2805297622707164,-0.770351783157349,2.481636533693467,-3.567725766790511,-1.790226067639766
49.0,113.0,1006.7763061523438,-2.7513878492621013,-3.083569318823201,0.7504702103665593,3.6277485424707416,-0.3410041119441011,2.280535028836634,-0.7703517976176139,2.481636533693468,-3.5677257667701165,-1.790226067639766
49.0,113.0,1006.7763061523438,-2.751377725020428,-3.08356932058604,0.7504702103665593,3.6277483110345226,-0.34100411194524,2.2805349678551985,-0.7703517969458219,2.4816365336934334,-3.567725766770313,-1.790226067639766
49.0,113.0,1006.7763061523438,-2.7513775620783987,-3.08356803352166,0.7504702103665593,3.627748507246206,-0.3410041119448903,2.280518915194276,-0.7703517964684794,2.4816365336934325,-3.567725766768013,-1.790226067639766
49.0,113.0,1006.7763061523438,-2.7513885004581504,-3.083569318796143,0.7504702103665593,3.6277485424707416,-0.3410041119440635,2.280535028836634,-0.7703517815181098,2.481636533693468,-3.5677257667701165,-1.790226067639766
49.0,113.0,1006.7763061523438,-2.7513778650194984,-3.083568630860335,0.7504702103665593,3.627748504981189,-0.3410041119400098,2.2805319127114103,-0.7703517835506912,2.4816365336934685,-3.5677257667700766,-1.790226067639766
49.0,113.0,1006.7763061523438,-2.751377726017119,-3.08356932058604,0.7504702103665593,3.627748506220162,-0.34100411194524,2.2805349678551985,-0.7703517969458219,2.4816365336934334,-3.567725766770313,-1.790226067639766
49.0,113.0,1006.7763061523438,-2.7513785683842094,-3.083569319389708,0.7504702103665593,3.627748517400067,-0.3410041119415816,2.2805297622707164,-0.7703517831620015,2.481636533693467,-3.567725766790511,-1.790226067639766
49.0,113.0,1006.7763061523438,-2.75137757532408,-3.0835681290471686,0.7504702103665593,3.627748311862164,-0.3410041119449065,2.280534367041474,-0.7703517815025634,2.4816365336934334,-3.56772576677034,-1.790226067639766
49.0,113.0,1006.7763061523438,-2.7513885004581504,-3.083569320228202,0.7504702103665593,3.6277485424707416,-0.3410041119440635,2.280535028836634,-0.7703517815181098,2.481636533693468,-3.5677257671171674,-1.790226067639766
49.0,113.0,1006.7763061523438,-2.7513775620783987,-3.08356803352166,0.7504702103665593,3.627748507098268,-0.3410041119448903,2.280518915194276,-0.7703517964684794,2.4816365336934325,-3.5677257667701165,-1.790226067639766
49.0,113.0,1006.7763061523438,-2.751377561081708,-3.08356803352166,0.7504702103665593,3.6277483120605662,-0.3410041119448903,2.280518915194276,-0.7703517964684794,2.4816365336934325,-3.567725766768013,-1.790226067639766
49.0,113.0,1006.7763061523438,-2.7513775620783987,-3.0835681290471686,0.7504702103665593,3.627748507246206,-0.3410041119449065,2.2805319127114103,-0.770351783157349,2.4816365336934325,-3.56772576676808,-1.790226067639766
49.0,113.0,1006.7763061523438,-2.751388397742433,-3.083569317839681,0.7504702103665593,3.627748316049999,-0.3410041119441421,2.280535028836634,-0.7703517978913601,2.481636533693468,-3.567725766769809,-1.790226067639766
49.0,113.0,1006.7765502929688,-2.751378549718186,-3.0835693187933284,0.7504702103665593,3.6277483110345226,-0.3410041119416627,2.2804318744447847,-0.7703517970046962,2.481636533693432,-3.567725766793386,-1.790226067639766
49.0,113.0,1006.7765502929688,-2.7513778650346263,-3.083569718171111,0.7504702103665593,3.627748304704281,-0.3410041119385044,2.280430146459013,-0.770351781858279,2.481636533693468,-3.56772576712133,-1.790226067639766
49.0,113.0,1006.7765502929688,-2.7513778650346263,-3.083569718171111,0.7504702103665593,3.627748304704281,-0.3410041119385044,2.280430146459013,-0.770351781858279,2.481636533693468,-3.56772576712133,-1.790226067639766
49.0,113.0,1006.7765502929688,-2.751377543412375,-3.083568128450789,0.7504702103665593,3.627748303643149,-0.3410041119448108,2.280427812802277,-0.7703517970046962,2.481636533693432,-3.5677257667707587,-1.790226067639766
49.0,113.0,1006.7765502929688,-2.7513778650346263,-3.0835693201940426,0.7504702103665593,3.627748304704281,-0.3410041119385044,2.280429806191633,-0.770351781858279,2.481636533693468,-3.56772576712133,-1.790226067639766
49.0,113.0,1006.7765502929688,-2.751389186386576,-3.083569318822484,0.7504702103665593,3.627748549695859,-0.3410041119385447,2.280429542207049,-0.7703517968464121,2.4816365336934325,-3.5677257667703004,-1.790226067639766
49.0,113.0,1006.7765502929688,-2.7513778650346263,-3.083569718171111,0.7504702103665593,3.627748304704281,-0.3410041119400794,2.280429238716071,-0.7703517976247964,2.481636533693468,-3.56772576712133,-1.790226067639766
49.0,113.0,1006.7765502929688,-2.7513778650346263,-3.083569360545736,0.7504702103665593,3.627748304704281,-0.3410041119385044,2.280429806191633,-0.7703517813773084,2.481636533693468,-3.5677257671200486,-1.790226067639766
49.0,113.0,1006.7765502929688,-2.7513778650346263,-3.083569718171111,0.7504702103665593,3.627748304704281,-0.3410041119385044,2.280430146459013,-0.770351781858279,2.481636533693468,-3.5677257667671785,-1.790226067639766
49.0,113.0,1006.7765502929688,-2.751389328226766,-3.083569287790544,0.7504702103665593,3.627748549695859,-0.3410041119385447,2.280429542207049,-0.7703517962309527,2.4816365336934325,-3.5677257667703004,-1.790226067639766
49.0,114.0,1006.7760620117188,-2.751388223473793,-3.0835693187933284,0.7504702103665593,3.627748549695859,-0.341004111944066,2.280615191566161,-0.7703517969459106,2.4816365336934334,-3.5677257667703577,-1.790226067639766
49.0,114.0,1006.7760620117188,-2.7513780498639844,-3.0835693187933284,0.7504702103665593,3.627748549695859,-0.3410041119399182,2.2806204761759203,-0.7703517969459106,2.4816365336934334,-3.5677257667701,-1.790226067639766
49.0,114.0,1006.7760620117188,-2.7513780498639844,-3.0835693187933284,0.7504702103665593,3.627748549695859,-0.3410041119399182,2.2806204761759203,-0.7703517969459106,2.4816365336934334,-3.5677257667701,-1.790226067639766
49.0,114.0,1006.7760620117188,-2.751388223473793,-3.0835693187933284,0.7504702103665593,3.627748549614573,-0.3410041119441672,2.280620568692822,-0.7703517970076047,2.4816365336934334,-3.5677257667703577,-1.790226067639766
49.0,114.0,1006.7760620117188,-2.7513774480153352,-3.0835694161087472,0.7504702103665593,3.62774831825964,-0.3410041119451283,2.2806229359921155,-0.7703517836347802,2.4816365336934334,-3.567725766770425,-1.790226067639766
49.0,114.0,1006.7760620117188,-2.75137786494958,-3.0835693187933284,0.7504702103665593,3.627748549695859,-0.3410041119400668,2.280613334841726,-0.7703517971748934,2.481636533693468,-3.5677257667706908,-1.790226067639766
49.0,114.0,1006.7760620117188,-2.7513891973528963,-3.0835692694509462,0.7504702103665593,3.627748507044335,-0.341004111944066,2.280615191566161,-0.7703517820247182,2.4816365336934334,-3.5677257667703577,-1.790226067639766
49.0,114.0,1006.7760620117188,-2.751388223473793,-3.0835693187933284,0.7504702103665593,3.627748549614573,-0.3410041119441672,2.280620568692822,-0.770351782384616,2.481636533693467,-3.567725766764573,-1.790226067639766
49.0,114.0,1006.7760620117188,-2.7513780498639844,-3.0835693187933284,0.7504702103665593,3.627748549695859,-0.3410041119399182,2.2806204761759203,-0.7703517969459106,2.4816365336934334,-3.5677257667701,-1.790226067639766
49.0,114.0,1006.7760620117188,-2.7513788802127825,-3.0835694161087472,0.7504702103665593,3.6277483123715952,-0.3410041119451283,2.2806229359921155,-0.7703517836567474,2.4816365336934334,-3.5677257667706326,-1.790226067639766
49.0,114.0,1006.7760620117188,-2.751388223473793,-3.083569318814585,0.7504702103665593,3.6277485586758953,-0.3410041119441672,2.280620568692822,-0.770351782384616,2.481636533693467,-3.567725766764573,-1.790226067639766
49.0,114.0,1006.7760620117188,-2.7513780498639844,-3.0835680378074493,0.7504702103665593,3.627748549695859,-0.3410041119399182,2.2806204761759203,-0.7703517969087601,2.4816365336934334,-3.5677257667701,-1.790226067639766
49.0,114.0,1006.7760620117188,-2.7513774480153352,-3.0835694161087472,0.7504702103665593,3.627748312829487,-0.3410041119450659,2.280619847173962,-0.7703517836347802,2.4816365336934334,-3.5677257667704323,-1.790226067639766
49.0,114.0,1006.7760620117188,-2.7513891973528963,-3.0835692694509462,0.7504702103665593,3.627748507044335,-0.341004111944066,2.280615191566161,-0.7703517820247182,2.4816365336934334,-3.5677257667703577,-1.790226067639766
49.0,114.0,1006.7760620117188,-2.75137786494958,-3.083569319321926,0.7504702103665593,3.6277485181000526,-0.34100411194388,2.280613334841726,-0.7703517971748934,2.481636533693468,-3.5677257667706908,-1.790226067639766
49.0,114.0,1006.7760620117188,-2.75137786494958,-3.0835693187933284,0.7504702103665593,3.627748549695859,-0.3410041119400668,2.280613334841726,-0.7703517971748934,2.481636533693468,-3.5677257667706908,-1.790226067639766
49.0,114.0,1006.7760620117188,-2.75137799183505,-3.0835693187933284,0.7504702103665593,3.627748549695859,-0.3410041119397954,2.280620290907224,-0.7703517969459106,2.4816365336934334,-3.5677257667701,-1.790226067639766
49.0,114.0,1006.7760620117188,-2.7513778650194984,-3.083568583949573,0.7504702103665593,3.627748504981189,-0.3410041119400098,2.2806199135794434,-0.7703517835506912,2.4816365336934685,-3.567725766770067,-1.790226067639766
49.0,114.0,1006.7760620117188,-2.751388223473793,-3.0835680497431235,0.7504702103665593,3.627748548500165,-0.3410041119441672,2.2806215220986936,-0.7703517964824327,2.4816365336934334,-3.5677257667701205,-1.790226067639766
49.0,114.0,1006.7760620117188,-2.751377273201935,-3.0835693187932303,0.7504702103665593,3.6277485424707416,-0.3410041119440636,2.280620262026629,-0.7703517808277521,2.4816365336934663,-3.5677257667701,-1.790226067639766
49.0,114.0,1006.776123046875,-2.751388223473793,-3.0835693187933284,0.7504702103665593,3.627748549614573,-0.3410041119440982,2.2806090308857683,-0.7703517970091043,2.4816365336934334,-3.5677257667703577,-1.790226067639766
49.0,114.0,1006.776123046875,-2.7513774480153352,-3.0835693205832384,0.7504702103665593,3.62774831825964,-0.3410041119451122,2.2806099384749805,-0.7703517969459106,2.4816365336934334,-3.5677257667703577,-1.790226067639766
49.0,114.0,1006.776123046875,-2.751388223473793,-3.0835693187933284,0.7504702103665593,3.627748549695537,-0.3410041119440982,2.280609028739156,-0.7703517970091043,2.4816365336934334,-3.5677257667703577,-1.790226067639766
49.0,114.0,1006.776123046875,-2.751388223473793,-3.0835693187933284,0.7504702103665593,3.627748549614573,-0.3410041119441666,2.2806090308857683,-0.7703517970091043,2.4816365336934334,-3.5677257667703577,-1.790226067639766
49.0,114.0,1006.7762451171876,-2.751387812182883,-3.0835693193496176,0.7504702103665593,3.627748514398228,-0.3410041119440982,2.2805364884752723,-0.7703517978373581,2.4816365336934334,-3.5677257667703577,-1.790226067639766
49.0,114.0,1006.7762451171876,-2.751377725020428,-3.083569320586128,0.7504702103665593,3.6277483110345226,-0.34100411194523,2.280535987828656,-0.7703517815181098,2.4816365336934334,-3.567725766770313,-1.790226067639766
49.0,114.0,1006.7762451171876,-2.7513775620783987,-3.0835681290471686,0.7504702103665593,3.627748507246206,-0.3410041119449065,2.280539471965397,-0.7703517818876421,2.4816365336934325,-3.5677257671458924,-1.790226067639766
49.0,114.0,1006.7762451171876,-2.751388463399668,-3.0835693193226352,0.7504702103665593,3.627748514398228,-0.3410041119440606,2.2805364884752723,-0.7703517817378539,2.4816365336934334,-3.5677257667703577,-1.790226067639766
49.0,114.0,1006.7762451171876,-2.751378795982955,-3.083569319389708,0.7504702103665593,3.62774851463758,-0.3410041119417584,2.2805364732842306,-0.7703517829218939,2.4816365336934325,-3.567725766790707,-1.790226067639766
49.0,114.0,1006.7762451171876,-2.7513785091325325,-3.083569718171111,0.7504702103665593,3.627748304704281,-0.3410041119385044,2.280535203246909,-0.770351781858279,2.481636533693468,-3.567725766769303,-1.790226067639766
49.0,114.0,1006.7762451171876,-2.7513879125041343,-3.083569314994558,0.7504702103665593,3.627748511642315,-0.3410041119451283,2.280535119909544,-0.7703517836347802,2.4816365336934334,-3.567725766770425,-1.790226067639766
49.0,114.0,1006.7762451171876,-2.751378795982955,-3.083569319389708,0.7504702103665593,3.627748507369034,-0.3410041119417584,2.2805364732842306,-0.7703517829218939,2.4816365336934325,-3.567725766790707,-1.790226067639766
49.0,114.0,1006.7762451171876,-2.751377725020428,-3.083569320586128,0.7504702103665593,3.6277483110345226,-0.34100411194523,2.280535987828656,-0.7703517815181098,2.4816365336934334,-3.567725766770313,-1.790226067639766
49.0,114.0,1006.7762451171876,-2.7513775620783987,-3.0835692948259643,0.7504702103665593,3.627748507246206,-0.3410041119452112,2.280539471965397,-0.7703517818787551,2.4816365336934325,-3.5677257671458924,-1.790226067639766
49.0,114.0,1006.7762451171876,-2.751377862265332,-3.0835681290471686,0.7504702103665593,3.627748507246206,-0.3410041119449065,2.280539471965397,-0.7703517818875136,2.4816365336934365,-3.5677257671458924,-1.790226067639766
49.0,114.0,1006.7762451171876,-2.751388463399668,-3.0835693193226352,0.7504702103665593,3.627748519828381,-0.341004111944123,2.2805395772934256,-0.7703517817378539,2.4816365336934334,-3.5677257667703506,-1.790226067639766
49.0,114.0,1006.7762451171876,-2.751387812182883,-3.08356931882102,0.7504702103665593,3.627748545994034,-0.341004111940285,2.2805364884752723,-0.7703517978373581,2.4816365336934334,-3.5677257667703577,-1.790226067639766
49.0,114.0,1006.7762451171876,-2.751378795982955,-3.0835693068209444,0.7504702103665593,3.62774851463758,-0.3410041119448752,2.2805364732842306,-0.770351783134275,2.4816365336934325,-3.567725766790915,-1.790226067639766
49.0,114.0,1006.7763061523438,-2.7513775620783987,-3.0835681290471686,0.7504702103665593,3.627748507246206,-0.3410041119449065,2.2805319127114103,-0.770351783157349,2.4816365336934325,-3.56772576676808,-1.790226067639766
49.0,114.0,1006.7763061523438,-2.75137788171288,-3.0835686812224754,0.7504702103665593,3.627748504981189,-0.3410041119449178,2.2805319127114103,-0.7703517831760134,2.4816365336934325,-3.5677257667700766,-1.790226067639766
49.0,114.0,1006.7763061523438,-2.7513785683842094,-3.083569319389708,0.7504702103665593,3.62774851463758,-0.3410041119417584,2.280535974353918,-0.770351783157349,2.4816365336934325,-3.567725766790707,-1.790226067639766
49.0,114.0,1006.7763061523438,-2.751377725020428,-3.083569320586128,0.7504702103665593,3.6277483110345226,-0.3410041119451098,2.2805297757454537,-0.7703517815181098,2.481636533693468,-3.5677257667701165,-1.790226067639766
49.0,114.0,1006.7763061523438,-2.75137757532408,-3.0835681290471686,0.7504702103665593,3.627748311862164,-0.3410041119449065,2.280534367041474,-0.770351783065502,2.4816365336934334,-3.56772576676808,-1.790226067639766
49.0,114.0,1006.7763061523438,-2.751388500478886,-3.083569318796218,0.7504702103665593,3.6277485424707416,-0.3410041119440636,2.280535028836634,-0.7703517815181098,2.481636533693468,-3.5677257667701165,-1.790226067639766
49.0,114.0,1006.7763061523438,-2.7513785683842094,-3.083569319389708,0.7504702103665593,3.62774851463758,-0.3410041119416383,2.2805297622707164,-0.770351783157349,2.481636533693467,-3.567725766790511,-1.790226067639766
49.0,114.0,1006.7763061523438,-2.7513878492621013,-3.083569318823201,0.7504702103665593,3.6277485424707416,-0.3410041119441011,2.280535028836634,-0.7703517976176139,2.481636533693468,-3.5677257667701165,-1.790226067639766
49.0,114.0,1006.7763061523438,-2.751377725020428,-3.08356932058604,0.7504702103665593,3.6277483110345226,-0.34100411194524,2.2805349678551985,-0.7703517969458219,2.4816365336934334,-3.567725766770313,-1.790226067639766
49.0,114.0,1006.7763061523438,-2.7513775620783987,-3.08356803352166,0.7504702103665593,3.627748507246206,-0.3410041119448903,2.280518915194276,-0.7703517964684794,2.4816365336934325,-3.567725766768013,-1.790226067639766
49.0,114.0,1006.7763061523438,-2.7513885004581504,-3.083569318796143,0.7504702103665593,3.6277485424707416,-0.3410041119440635,2.280535028836634,-0.7703517815181098,2.481636533693468,-3.5677257667701165,-1.790226067639766
49.0,114.0,1006.7763061523438,-2.7513778650194984,-3.083568630860335,0.7504702103665593,3.627748504981189,-0.3410041119400098,2.2805319127114103,-0.7703517835506912,2.4816365336934685,-3.5677257667700766,-1.790226067639766
49.0,115.0,1006.7760620117188,-2.751388223473793,-3.0835693187933284,0.7504702103665593,3.627748549695859,-0.341004111944066,2.280615191566161,-0.7703517969459106,2.4816365336934334,-3.5677257667703577,-1.790226067639766
49.0,115.0,1006.7760620117188,-2.7513780498639844,-3.0835693187933284,0.7504702103665593,3.627748549695859,-0.3410041119399182,2.2806204761759203,-0.7703517969459106,2.4816365336934334,-3.5677257667701,-1.790226067639766
49.0,115.0,1006.7760620117188,-2.7513780498639844,-3.0835693187933284,0.7504702103665593,3.627748549695859,-0.3410041119399182,2.2806204761759203,-0.7703517969459106,2.4816365336934334,-3.5677257667701,-1.790226067639766
49.0,115.0,1006.7760620117188,-2.751388223473793,-3.0835693187933284,0.7504702103665593,3.627748549614573,-0.3410041119441672,2.280620568692822,-0.7703517970076047,2.4816365336934334,-3.5677257667703577,-1.790226067639766
49.0,115.0,1006.7760620117188,-2.7513774480153352,-3.0835694161087472,0.7504702103665593,3.62774831825964,-0.3410041119451283,2.2806229359921155,-0.7703517836347802,2.4816365336934334,-3.567725766770425,-1.790226067639766
49.0,115.0,1006.7760620117188,-2.75137786494958,-3.0835693187933284,0.7504702103665593,3.627748549695859,-0.3410041119400668,2.280613334841726,-0.7703517971748934,2.481636533693468,-3.5677257667706908,-1.790226067639766
49.0,115.0,1006.7760620117188,-2.7513891973528963,-3.0835692694509462,0.7504702103665593,3.627748507044335,-0.341004111944066,2.280615191566161,-0.7703517820247182,2.4816365336934334,-3.5677257667703577,-1.790226067639766
49.0,115.0,1006.7760620117188,-2.751388223473793,-3.0835693187933284,0.7504702103665593,3.627748549614573,-0.3410041119441672,2.280620568692822,-0.770351782384616,2.481636533693467,-3.567725766764573,-1.790226067639766
49.0,115.0,1006.7760620117188,-2.7513780498639844,-3.0835693187933284,0.7504702103665593,3.627748549695859,-0.3410041119399182,2.2806204761759203,-0.7703517969459106,2.4816365336934334,-3.5677257667701,-1.790226067639766
49.0,115.0,1006.7760620117188,-2.7513788802127825,-3.0835694161087472,0.7504702103665593,3.6277483123715952,-0.3410041119451283,2.2806229359921155,-0.7703517836567474,2.4816365336934334,-3.5677257667706326,-1.790226067639766
49.0,115.0,1006.7760620117188,-2.751388223473793,-3.083569318814585,0.7504702103665593,3.6277485586758953,-0.3410041119441672,2.280620568692822,-0.770351782384616,2.481636533693467,-3.567725766764573,-1.790226067639766
49.0,115.0,1006.7760620117188,-2.7513780498639844,-3.0835680378074493,0.7504702103665593,3.627748549695859,-0.3410041119399182,2.2806204761759203,-0.7703517969087601,2.4816365336934334,-3.5677257667701,-1.790226067639766
49.0,115.0,1006.7760620117188,-2.7513774480153352,-3.0835694161087472,0.7504702103665593,3.627748312829487,-0.3410041119450659,2.280619847173962,-0.7703517836347802,2.4816365336934334,-3.5677257667704323,-1.790226067639766
49.0,115.0,1006.7760620117188,-2.7513891973528963,-3.0835692694509462,0.7504702103665593,3.627748507044335,-0.341004111944066,2.280615191566161,-0.7703517820247182,2.4816365336934334,-3.5677257667703577,-1.790226067639766
49.0,115.0,1006.7760620117188,-2.75137786494958,-3.083569319321926,0.7504702103665593,3.6277485181000526,-0.34100411194388,2.280613334841726,-0.7703517971748934,2.481636533693468,-3.5677257667706908,-1.790226067639766
49.0,115.0,1006.7760620117188,-2.75137786494958,-3.0835693187933284,0.7504702103665593,3.627748549695859,-0.3410041119400668,2.280613334841726,-0.7703517971748934,2.481636533693468,-3.5677257667706908,-1.790226067639766
49.0,115.0,1006.7760620117188,-2.75137799183505,-3.0835693187933284,0.7504702103665593,3.627748549695859,-0.3410041119397954,2.280620290907224,-0.7703517969459106,2.4816365336934334,-3.5677257667701,-1.790226067639766
49.0,115.0,1006.7760620117188,-2.7513778650194984,-3.083568583949573,0.7504702103665593,3.627748504981189,-0.3410041119400098,2.2806199135794434,-0.7703517835506912,2.4816365336934685,-3.567725766770067,-1.790226067639766
49.0,115.0,1006.7760620117188,-2.751388223473793,-3.0835680497431235,0.7504702103665593,3.627748548500165,-0.3410041119441672,2.2806215220986936,-0.7703517964824327,2.4816365336934334,-3.5677257667701205,-1.790226067639766
49.0,115.0,1006.7760620117188,-2.751377273201935,-3.0835693187932303,0.7504702103665593,3.6277485424707416,-0.3410041119440636,2.280620262026629,-0.7703517808277521,2.4816365336934663,-3.5677257667701,-1.790226067639766
49.0,115.0,1006.7760620117188,-2.75137738708674,-3.0835680497431235,0.7504702103665593,3.6277485485177294,-0.3410041119402149,2.280613067788936,-0.7703517964801011,2.4816365336934334,-3.5677257667707285,-1.790226067639766
49.0,115.0,1006.7760620117188,-2.751388180392828,-3.0835693193383937,0.7504702103665593,3.6277485152736975,-0.3410041119441672,2.280620568692822,-0.7703517978107245,2.4816365336934334,-3.5677257667703577,-1.790226067639766
49.0,115.0,1006.7760620117188,-2.7513778650194984,-3.083568583949573,0.7504702103665593,3.627748504981189,-0.3410041119400098,2.2806199135794434,-0.7703517835506912,2.4816365336934685,-3.567725766770067,-1.790226067639766
49.0,115.0,1006.7760620117188,-2.751377448935875,-3.0835694145645305,0.7504702103665593,3.627748313985847,-0.3410041119450659,2.280619847173962,-0.7703517837353705,2.481636533693432,-3.5677257667704527,-1.790226067639766
49.0,115.0,1006.7760620117188,-2.751388223473793,-3.0835693187933284,0.7504702103665593,3.627748549614573,-0.3410041119448943,2.280622929419383,-0.7703517954547302,2.4816365336934334,-3.5677257667703577,-1.790226067639766
49.0,115.0,1006.7760620117188,-2.7513788802127825,-3.083569317293106,0.7504702103665593,3.6277483123715952,-0.3410041119451283,2.2806229359921155,-0.7703517839993878,2.4816365336934334,-3.5677257667706326,-1.790226067639766
49.0,115.0,1006.7760620117188,-2.7513890564871986,-3.083569316482167,0.7504702103665593,3.6277485181000526,-0.34100411194388,2.280613287645195,-0.7703517974633471,2.481636533693468,-3.567725766770698,-1.790226067639766
49.0,115.0,1006.7760620117188,-2.7513780498639844,-3.0835693187933284,0.7504702103665593,3.627748549695859,-0.3410041119399182,2.2806204761759203,-0.7703517969459106,2.4816365336934334,-3.5677257667701,-1.790226067639766
49.0,115.0,1006.7760620117188,-2.7513887013366327,-3.0835693187933284,0.7504702103665593,3.6277485496782944,-0.341004111944019,2.280621789151484,-0.770351797177225,2.481636533693468,-3.567725766770083,-1.790226067639766
49.0,115.0,1006.7760620117188,-2.751377273201935,-3.0835693170197747,0.7504702103665593,3.62774853434305,-0.3410041119440734,2.280622720735064,-0.7703517808277521,2.4816365336934663,-3.567725766770109,-1.790226067639766
49.0,115.0,1006.7760620117188,-2.7513891973528963,-3.0835692694509462,0.7504702103665593,3.627748507044335,-0.3410041119440564,2.280615191566161,-0.7703517836491344,2.4816365336934334,-3.567725766770624,-1.790226067639766
49.0,115.0,1006.7760620117188,-2.75137786494958,-3.0835693187933284,0.7504702103665593,3.627748549695859,-0.3410041119437028,2.280613334841726,-0.7703517971748934,2.481636533693468,-3.5677257667706908,-1.790226067639766
49.0,115.0,1006.7760620117188,-2.751388463399668,-3.0835693193226352,0.7504702103665593,3.627748514398228,-0.3410041119399451,2.280619673660264,-0.7703517814871831,2.4816365336934334,-3.5677257667703577,-1.790226067639766
49.0,115.0,1006.7760620117188,-2.7513891663841625,-3.083569318949215,0.7504702103665593,3.627748549695859,-0.341004111944066,2.280615191566161,-0.7703517969072398,2.4816365336934334,-3.5677257667703577,-1.790226067639766
49.0,115.0,1006.7760620117188,-2.75137786494958,-3.0835693187933284,0.7504702103665593,3.627748549695859,-0.3410041119400668,2.280613334841726,-0.7703517971748934,2.481636533693468,-3.5677257667706908,-1.790226067639766
49.0,115.0,1006.7760620117188,-2.751377864596694,-3.083568583949573,0.7504702103665593,3.627748504981189,-0.3410041119397929,2.2806199135794434,-0.7703517835526579,2.481636533693433,-3.567725766770067,-1.790226067639766
49.0,115.0,1006.7760620117188,-2.7513777254595406,-3.083569320576305,0.7504702103665593,3.6277483110345226,-0.34100411194523,2.2806116951943247,-0.7703517815639335,2.4816365336934334,-3.567725766770313,-1.790226067639766
49.0,115.0,1006.7760620117188,-2.751388223473793,-3.08356941760897,0.7504702103665593,3.627748549695859,-0.341004111944066,2.280615191566161,-0.7703517966032704,2.4816365336934334,-3.5677257667703577,-1.790226067639766
49.0,115.0,1006.7760620117188,-2.7513780498639844,-3.0835693187933284,0.7504702103665593,3.627748549695859,-0.3410041119399182,2.2806204761759203,-0.7703517969459106,2.4816365336934334,-3.5677257667701,-1.790226067639766
49.0,115.0,1006.776123046875,-2.751388223473793,-3.0835693187933284,0.7504702103665593,3.627748549614573,-0.3410041119440982,2.2806090308857683,-0.7703517970091043,2.4816365336934334,-3.5677257667703577,-1.790226067639766
49.0,115.0,1006.776123046875,-2.7513774480153352,-3.0835693205832384,0.7504702103665593,3.62774831825964,-0.3410041119451122,2.2806099384749805,-0.7703517969459106,2.4816365336934334,-3.5677257667703577,-1.790226067639766
49.0,115.0,1006.776123046875,-2.751388223473793,-3.0835693187933284,0.7504702103665593,3.627748549695537,-0.3410041119440982,2.280609028739156,-0.7703517970091043,2.4816365336934334,-3.5677257667703577,-1.790226067639766
49.0,115.0,1006.776123046875,-2.751388223473793,-3.0835693187933284,0.7504702103665593,3.627748549614573,-0.3410041119441666,2.2806090308857683,-0.7703517970091043,2.4816365336934334,-3.5677257667703577,-1.790226067639766
49.0,115.0,1006.776123046875,-2.7513774480153352,-3.0835693207040147,0.7504702103665593,3.62774831825964,-0.3410041119451003,2.2806099384749805,-0.7703517971807132,2.4816365336934334,-3.5677257667709434,-1.790226067639766
49.0,115.0,1006.776123046875,-2.751388223473793,-3.0835693187933284,0.7504702103665593,3.627748549614573,-0.3410041119441666,2.2806090308857683,-0.7703517970091043,2.4816365336934334,-3.56772576713765,-1.790226067639766
49.0,115.0,1006.7762451171876,-2.751387812182883,-3.0835693193496176,0.7504702103665593,3.627748514398228,-0.3410041119440982,2.2805364884752723,-0.7703517978373581,2.4816365336934334,-3.5677257667703577,-1.790226067639766
49.0,115.0,1006.7762451171876,-2.751377725020428,-3.083569320586128,0.7504702103665593,3.6277483110345226,-0.34100411194523,2.280535987828656,-0.7703517815181098,2.4816365336934334,-3.567725766770313,-1.790226067639766
49.0,115.0,1006.7762451171876,-2.7513775620783987,-3.0835681290471686,0.7504702103665593,3.627748507246206,-0.3410041119449065,2.280539471965397,-0.7703517818876421,2.4816365336934325,-3.5677257671458924,-1.790226067639766
49.0,115.0,1006.7762451171876,-2.751388463399668,-3.0835693193226352,0.7504702103665593,3.627748514398228,-0.3410041119440606,2.2805364884752723,-0.7703517817378539,2.4816365336934334,-3.5677257667703577,-1.790226067639766
49.0,115.0,1006.7762451171876,-2.751378795982955,-3.083569319389708,0.7504702103665593,3.62774851463758,-0.3410041119417584,2.2805364732842306,-0.7703517829218939,2.4816365336934325,-3.567725766790707,-1.790226067639766
49.0,116.0,1006.7760620117188,-2.751388223473793,-3.0835693187933284,0.7504702103665593,3.627748549695859,-0.341004111944066,2.280615191566161,-0.7703517969459106,2.4816365336934334,-3.5677257667703577,-1.790226067639766
49.0,116.0,1006.7760620117188,-2.7513780498639844,-3.0835693187933284,0.7504702103665593,3.627748549695859,-0.3410041119399182,2.2806204761759203,-0.7703517969459106,2.4816365336934334,-3.5677257667701,-1.790226067639766
49.0,116.0,1006.7760620117188,-2.7513780498639844,-3.0835693187933284,0.7504702103665593,3.627748549695859,-0.3410041119399182,2.2806204761759203,-0.7703517969459106,2.4816365336934334,-3.5677257667701,-1.790226067639766
49.0,116.0,1006.7760620117188,-2.751388223473793,-3.0835693187933284,0.7504702103665593,3.627748549614573,-0.3410041119441672,2.280620568692822,-0.7703517970076047,2.4816365336934334,-3.5677257667703577,-1.790226067639766
49.0,116.0,1006.7760620117188,-2.7513774480153352,-3.0835694161087472,0.7504702103665593,3.62774831825964,-0.3410041119451283,2.2806229359921155,-0.7703517836347802,2.4816365336934334,-3.567725766770425,-1.790226067639766
49.0,116.0,1006.7760620117188,-2.75137786494958,-3.0835693187933284,0.7504702103665593,3.627748549695859,-0.3410041119400668,2.280613334841726,-0.7703517971748934,2.481636533693468,-3.5677257667706908,-1.790226067639766
49.0,116.0,1006.7760620117188,-2.7513891973528963,-3.0835692694509462,0.7504702103665593,3.627748507044335,-0.341004111944066,2.280615191566161,-0.7703517820247182,2.4816365336934334,-3.5677257667703577,-1.790226067639766
49.0,116.0,1006.7760620117188,-2.751388223473793,-3.0835693187933284,0.7504702103665593,3.627748549614573,-0.3410041119441672,2.280620568692822,-0.770351782384616,2.481636533693467,-3.567725766764573,-1.790226067639766
49.0,116.0,1006.7760620117188,-2.7513780498639844,-3.0835693187933284,0.7504702103665593,3.627748549695859,-0.3410041119399182,2.2806204761759203,-0.7703517969459106,2.4816365336934334,-3.5677257667701,-1.790226067639766
49.0,116.0,1006.7760620117188,-2.7513788802127825,-3.0835694161087472,0.7504702103665593,3.6277483123715952,-0.3410041119451283,2.2806229359921155,-0.7703517836567474,2.4816365336934334,-3.5677257667706326,-1.790226067639766
49.0,116.0,1006.7760620117188,-2.751388223473793,-3.083569318814585,0.7504702103665593,3.6277485586758953,-0.3410041119441672,2.280620568692822,-0.770351782384616,2.481636533693467,-3.567725766764573,-1.790226067639766
49.0,116.0,1006.7760620117188,-2.7513780498639844,-3.0835680378074493,0.7504702103665593,3.627748549695859,-0.3410041119399182,2.2806204761759203,-0.7703517969087601,2.4816365336934334,-3.5677257667701,-1.790226067639766
49.0,116.0,1006.7760620117188,-2.7513774480153352,-3.0835694161087472,0.7504702103665593,3.627748312829487,-0.3410041119450659,2.280619847173962,-0.7703517836347802,2.4816365336934334,-3.5677257667704323,-1.790226067639766
49.0,116.0,1006.7760620117188,-2.7513891973528963,-3.0835692694509462,0.7504702103665593,3.627748507044335,-0.341004111944066,2.280615191566161,-0.7703517820247182,2.4816365336934334,-3.5677257667703577,-1.790226067639766
49.0,116.0,1006.7760620117188,-2.75137786494958,-3.083569319321926,0.7504702103665593,3.6277485181000526,-0.34100411194388,2.280613334841726,-0.7703517971748934,2.481636533693468,-3.5677257667706908,-1.790226067639766
49.0,116.0,1006.7760620117188,-2.75137786494958,-3.0835693187933284,0.7504702103665593,3.627748549695859,-0.3410041119400668,2.280613334841726,-0.7703517971748934,2.481636533693468,-3.5677257667706908,-1.790226067639766
49.0,116.0,1006.7760620117188,-2.75137799183505,-3.0835693187933284,0.7504702103665593,3.627748549695859,-0.3410041119397954,2.280620290907224,-0.7703517969459106,2.4816365336934334,-3.5677257667701,-1.790226067639766
49.0,116.0,1006.7760620117188,-2.7513778650194984,-3.083568583949573,0.7504702103665593,3.627748504981189,-0.3410041119400098,2.2806199135794434,-0.7703517835506912,2.4816365336934685,-3.567725766770067,-1.790226067639766
49.0,116.0,1006.7760620117188,-2.751388223473793,-3.0835680497431235,0.7504702103665593,3.627748548500165,-0.3410041119441672,2.2806215220986936,-0.7703517964824327,2.4816365336934334,-3.5677257667701205,-1.790226067639766
49.0,116.0,1006.7760620117188,-2.751377273201935,-3.0835693187932303,0.7504702103665593,3.6277485424707416,-0.3410041119440636,2.280620262026629,-0.7703517808277521,2.4816365336934663,-3.5677257667701,-1.790226067639766
49.0,116.0,1006.7760620117188,-2.75137738708674,-3.0835680497431235,0.7504702103665593,3.6277485485177294,-0.3410041119402149,2.280613067788936,-0.7703517964801011,2.4816365336934334,-3.5677257667707285,-1.790226067639766
49.0,116.0,1006.7760620117188,-2.751388180392828,-3.0835693193383937,0.7504702103665593,3.6277485152736975,-0.3410041119441672,2.280620568692822,-0.7703517978107245,2.4816365336934334,-3.5677257667703577,-1.790226067639766
49.0,116.0,1006.7760620117188,-2.7513778650194984,-3.083568583949573,0.7504702103665593,3.627748504981189,-0.3410041119400098,2.2806199135794434,-0.7703517835506912,2.4816365336934685,-3.567725766770067,-1.790226067639766
49.0,116.0,1006.7760620117188,-2.751377448935875,-3.0835694145645305,0.7504702103665593,3.627748313985847,-0.3410041119450659,2.280619847173962,-0.7703517837353705,2.481636533693432,-3.5677257667704527,-1.790226067639766
49.0,116.0,1006.7760620117188,-2.751388223473793,-3.0835693187933284,0.7504702103665593,3.627748549614573,-0.3410041119448943,2.280622929419383,-0.7703517954547302,2.4816365336934334,-3.5677257667703577,-1.790226067639766
49.0,116.0,1006.7760620117188,-2.7513788802127825,-3.083569317293106,0.7504702103665593,3.6277483123715952,-0.3410041119451283,2.2806229359921155,-0.7703517839993878,2.4816365336934334,-3.5677257667706326,-1.790226067639766
49.0,116.0,1006.7760620117188,-2.7513890564871986,-3.083569316482167,0.7504702103665593,3.6277485181000526,-0.34100411194388,2.280613287645195,-0.7703517974633471,2.481636533693468,-3.567725766770698,-1.790226067639766
49.0,116.0,1006.7760620117188,-2.7513780498639844,-3.0835693187933284,0.7504702103665593,3.627748549695859,-0.3410041119399182,2.2806204761759203,-0.7703517969459106,2.4816365336934334,-3.5677257667701,-1.790226067639766
49.0,116.0,1006.7760620117188,-2.7513887013366327,-3.0835693187933284,0.7504702103665593,3.6277485496782944,-0.341004111944019,2.280621789151484,-0.770351797177225,2.481636533693468,-3.567725766770083,-1.790226067639766
49.0,116.0,1006.7760620117188,-2.751377273201935,-3.0835693170197747,0.7504702103665593,3.62774853434305,-0.3410041119440734,2.280622720735064,-0.7703517808277521,2.4816365336934663,-3.567725766770109,-1.790226067639766
49.0,116.0,1006.7760620117188,-2.7513891973528963,-3.0835692694509462,0.7504702103665593,3.627748507044335,-0.3410041119440564,2.280615191566161,-0.7703517836491344,2.4816365336934334,-3.567725766770624,-1.790226067639766
49.0,116.0,1006.7760620117188,-2.75137786494958,-3.0835693187933284,0.7504702103665593,3.627748549695859,-0.3410041119437028,2.280613334841726,-0.7703517971748934,2.481636533693468,-3.5677257667706908,-1.790226067639766
49.0,116.0,1006.7760620117188,-2.751388463399668,-3.0835693193226352,0.7504702103665593,3.627748514398228,-0.3410041119399451,2.280619673660264,-0.7703517814871831,2.4816365336934334,-3.5677257667703577,-1.790226067639766
49.0,116.0,1006.7760620117188,-2.7513891663841625,-3.083569318949215,0.7504702103665593,3.627748549695859,-0.341004111944066,2.280615191566161,-0.7703517969072398,2.4816365336934334,-3.5677257667703577,-1.790226067639766
49.0,116.0,1006.7760620117188,-2.75137786494958,-3.0835693187933284,0.7504702103665593,3.627748549695859,-0.3410041119400668,2.280613334841726,-0.7703517971748934,2.481636533693468,-3.5677257667706908,-1.790226067639766
49.0,116.0,1006.7760620117188,-2.751377864596694,-3.083568583949573,0.7504702103665593,3.627748504981189,-0.3410041119397929,2.2806199135794434,-0.7703517835526579,2.481636533693433,-3.567725766770067,-1.790226067639766
49.0,116.0,1006.7760620117188,-2.7513777254595406,-3.083569320576305,0.7504702103665593,3.6277483110345226,-0.34100411194523,2.2806116951943247,-0.7703517815639335,2.4816365336934334,-3.567725766770313,-1.790226067639766
49.0,116.0,1006.7760620117188,-2.751388223473793,-3.08356941760897,0.7504702103665593,3.627748549695859,-0.341004111944066,2.280615191566161,-0.7703517966032704,2.4816365336934334,-3.5677257667703577,-1.790226067639766
49.0,116.0,1006.7760620117188,-2.7513780498639844,-3.0835693187933284,0.7504702103665593,3.627748549695859,-0.3410041119399182,2.2806204761759203,-0.7703517969459106,2.4816365336934334,-3.5677257667701,-1.790226067639766
49.0,116.0,1006.7760620117188,-2.7513886035707498,-3.0835693187933284,0.7504702103665593,3.627748549614573,-0.3410041119448943,2.280622929419383,-0.7703517968482939,2.4816365336934334,-3.567725766770358,-1.790226067639766
49.0,116.0,1006.7760620117188,-2.7513777254595406,-3.083569320576305,0.7504702103665593,3.627748550573877,-0.3410041119401518,2.2806116951943247,-0.7703517815639335,2.4816365336934334,-3.5677257667703035,-1.790226067639766
49.0,116.0,1006.7760620117188,-2.751388718598881,-3.0835693187933284,0.7504702103665593,3.6277485496782944,-0.3410041119441657,2.28062057941505,-0.770351797177225,2.481636533693468,-3.5677257667702427,-1.790226067639766
49.0,116.0,1006.7760620117188,-2.7513780657696554,-3.0835680378074493,0.7504702103665593,3.627748549695859,-0.3410041119398991,2.2806204761759203,-0.7703517969200822,2.4816365336934334,-3.567725766770702,-1.790226067639766
49.0,116.0,1006.7760620117188,-2.751388380755965,-3.0835693187933284,0.7504702103665593,3.627748549614386,-0.3410041119445746,2.280613598824812,-0.7703517970076047,2.4816365336934334,-3.5677257667703577,-1.790226067639766
49.0,116.0,1006.7760620117188,-2.751377864946858,-3.083568583949573,0.7504702103665593,3.627748504981189,-0.3410041119400098,2.2806135005307646,-0.770351784090008,2.4816365336934685,-3.5677257667706592,-1.790226067639766
49.0,116.0,1006.7760620117188,-2.751388463399668,-3.0835693193226352,0.7504702103665593,3.627748514398228,-0.3410041119399451,2.280619673660264,-0.7703517814871831,2.4816365336934334,-3.5677257667703577,-1.790226067639766
49.0,116.0,1006.7760620117188,-2.75137737500952,-3.083569320682247,0.7504702103665593,3.627748555912484,-0.341004111939956,2.2806204761759203,-0.7703517971792055,2.4816365336934334,-3.567725766770095,-1.790226067639766
49.0,116.0,1006.7760620117188,-2.7513891663841625,-3.083569318949215,0.7504702103665593,3.6277482998149937,-0.341004111944066,2.280615191566161,-0.7703517969072398,2.4816365336934334,-3.5677257667703577,-1.790226067639766
49.0,116.0,1006.7760620117188,-2.751377273201935,-3.083568032087617,0.7504702103665593,3.627748534601251,-0.341004111944175,2.280622767004586,-0.7703517808277521,2.481636533693468,-3.567725766770109,-1.790226067639766
49.0,116.0,1006.7760620117188,-2.7513778650194984,-3.083568546029276,0.7504702103665593,3.627748504981189,-0.3410041119400098,2.280611700029564,-0.7703517815648804,2.4816365336934685,-3.567725766770067,-1.790226067639766
49.0,117.0,1006.7760620117188,-2.751388223473793,-3.0835693187933284,0.7504702103665593,3.627748549695859,-0.341004111944066,2.280615191566161,-0.7703517969459106,2.4816365336934334,-3.5677257667703577,-1.790226067639766
49.0,117.0,1006.7760620117188,-2.7513780498639844,-3.0835693187933284,0.7504702103665593,3.627748549695859,-0.3410041119399182,2.2806204761759203,-0.7703517969459106,2.4816365336934334,-3.5677257667701,-1.790226067639766
49.0,117.0,1006.7760620117188,-2.7513780498639844,-3.0835693187933284,0.7504702103665593,3.627748549695859,-0.3410041119399182,2.2806204761759203,-0.7703517969459106,2.4816365336934334,-3.5677257667701,-1.790226067639766
49.0,117.0,1006.7760620117188,-2.751388223473793,-3.0835693187933284,0.7504702103665593,3.627748549614573,-0.3410041119441672,2.280620568692822,-0.7703517970076047,2.4816365336934334,-3.5677257667703577,-1.790226067639766
49.0,117.0,1006.7760620117188,-2.7513774480153352,-3.0835694161087472,0.7504702103665593,3.62774831825964,-0.3410041119451283,2.2806229359921155,-0.7703517836347802,2.4816365336934334,-3.567725766770425,-1.790226067639766
49.0,117.0,1006.7760620117188,-2.75137786494958,-3.0835693187933284,0.7504702103665593,3.627748549695859,-0.3410041119400668,2.280613334841726,-0.7703517971748934,2.481636533693468,-3.5677257667706908,-1.790226067639766
49.0,117.0,1006.7760620117188,-2.7513891973528963,-3.0835692694509462,0.7504702103665593,3.627748507044335,-0.341004111944066,2.280615191566161,-0.7703517820247182,2.4816365336934334,-3.5677257667703577,-1.790226067639766
49.0,117.0,1006.7760620117188,-2.751388223473793,-3.0835693187933284,0.7504702103665593,3.627748549614573,-0.3410041119441672,2.280620568692822,-0.770351782384616,2.481636533693467,-3.567725766764573,-1.790226067639766
49.0,117.0,1006.7760620117188,-2.7513780498639844,-3.0835693187933284,0.7504702103665593,3.627748549695859,-0.3410041119399182,2.2806204761759203,-0.7703517969459106,2.4816365336934334,-3.5677257667701,-1.790226067639766
49.0,117.0,1006.7760620117188,-2.7513788802127825,-3.0835694161087472,0.7504702103665593,3.6277483123715952,-0.3410041119451283,2.2806229359921155,-0.7703517836567474,2.4816365336934334,-3.5677257667706326,-1.790226067639766
49.0,117.0,1006.7760620117188,-2.751388223473793,-3.083569318814585,0.7504702103665593,3.6277485586758953,-0.3410041119441672,2.280620568692822,-0.770351782384616,2.481636533693467,-3.567725766764573,-1.790226067639766
49.0,117.0,1006.7760620117188,-2.7513780498639844,-3.0835680378074493,0.7504702103665593,3.627748549695859,-0.3410041119399182,2.2806204761759203,-0.7703517969087601,2.4816365336934334,-3.5677257667701,-1.790226067639766
49.0,117.0,1006.7760620117188,-2.7513774480153352,-3.0835694161087472,0.7504702103665593,3.627748312829487,-0.3410041119450659,2.280619847173962,-0.7703517836347802,2.4816365336934334,-3.5677257667704323,-1.790226067639766
49.0,117.0,1006.7760620117188,-2.7513891973528963,-3.0835692694509462,0.7504702103665593,3.627748507044335,-0.341004111944066,2.280615191566161,-0.7703517820247182,2.4816365336934334,-3.5677257667703577,-1.790226067639766
49.0,117.0,1006.7760620117188,-2.75137786494958,-3.083569319321926,0.7504702103665593,3.6277485181000526,-0.34100411194388,2.280613334841726,-0.7703517971748934,2.481636533693468,-3.5677257667706908,-1.790226067639766
49.0,117.0,1006.7760620117188,-2.75137786494958,-3.0835693187933284,0.7504702103665593,3.627748549695859,-0.3410041119400668,2.280613334841726,-0.7703517971748934,2.481636533693468,-3.5677257667706908,-1.790226067639766
49.0,117.0,1006.7760620117188,-2.75137799183505,-3.0835693187933284,0.7504702103665593,3.627748549695859,-0.3410041119397954,2.280620290907224,-0.7703517969459106,2.4816365336934334,-3.5677257667701,-1.790226067639766
49.0,117.0,1006.7760620117188,-2.7513778650194984,-3.083568583949573,0.7504702103665593,3.627748504981189,-0.3410041119400098,2.2806199135794434,-0.7703517835506912,2.4816365336934685,-3.567725766770067,-1.790226067639766
49.0,117.0,1006.7760620117188,-2.751388223473793,-3.0835680497431235,0.7504702103665593,3.627748548500165,-0.3410041119441672,2.2806215220986936,-0.7703517964824327,2.4816365336934334,-3.5677257667701205,-1.790226067639766
49.0,117.0,1006.7760620117188,-2.751377273201935,-3.0835693187932303,0.7504702103665593,3.6277485424707416,-0.3410041119440636,2.280620262026629,-0.7703517808277521,2.4816365336934663,-3.5677257667701,-1.790226067639766
49.0,117.0,1006.7760620117188,-2.75137738708674,-3.0835680497431235,0.7504702103665593,3.6277485485177294,-0.3410041119402149,2.280613067788936,-0.7703517964801011,2.4816365336934334,-3.5677257667707285,-1.790226067639766
49.0,117.0,1006.7760620117188,-2.751388180392828,-3.0835693193383937,0.7504702103665593,3.6277485152736975,-0.3410041119441672,2.280620568692822,-0.7703517978107245,2.4816365336934334,-3.5677257667703577,-1.790226067639766
49.0,117.0,1006.7760620117188,-2.7513778650194984,-3.083568583949573,0.7504702103665593,3.627748504981189,-0.3410041119400098,2.2806199135794434,-0.7703517835506912,2.4816365336934685,-3.567725766770067,-1.790226067639766
49.0,117.0,1006.7760620117188,-2.751377448935875,-3.0835694145645305,0.7504702103665593,3.627748313985847,-0.3410041119450659,2.280619847173962,-0.7703517837353705,2.481636533693432,-3.5677257667704527,-1.790226067639766
49.0,117.0,1006.7760620117188,-2.751388223473793,-3.0835693187933284,0.7504702103665593,3.627748549614573,-0.3410041119448943,2.280622929419383,-0.7703517954547302,2.4816365336934334,-3.5677257667703577,-1.790226067639766
49.0,117.0,1006.7760620117188,-2.7513788802127825,-3.083569317293106,0.7504702103665593,3.6277483123715952,-0.3410041119451283,2.2806229359921155,-0.7703517839993878,2.4816365336934334,-3.5677257667706326,-1.790226067639766
49.0,117.0,1006.7760620117188,-2.7513890564871986,-3.083569316482167,0.7504702103665593,3.6277485181000526,-0.34100411194388,2.280613287645195,-0.7703517974633471,2.481636533693468,-3.567725766770698,-1.790226067639766
49.0,117.0,1006.7760620117188,-2.7513780498639844,-3.0835693187933284,0.7504702103665593,3.627748549695859,-0.3410041119399182,2.2806204761759203,-0.7703517969459106,2.4816365336934334,-3.5677257667701,-1.790226067639766
49.0,117.0,1006.7760620117188,-2.7513887013366327,-3.0835693187933284,0.7504702103665593,3.6277485496782944,-0.341004111944019,2.280621789151484,-0.770351797177225,2.481636533693468,-3.567725766770083,-1.790226067639766
49.0,117.0,1006.7760620117188,-2.751377273201935,-3.0835693170197747,0.7504702103665593,3.62774853434305,-0.3410041119440734,2.280622720735064,-0.7703517808277521,2.4816365336934663,-3.567725766770109,-1.790226067639766
49.0,117.0,1006.7760620117188,-2.7513891973528963,-3.0835692694509462,0.7504702103665593,3.627748507044335,-0.3410041119440564,2.280615191566161,-0.7703517836491344,2.4816365336934334,-3.567725766770624,-1.790226067639766
49.0,117.0,1006.7760620117188,-2.75137786494958,-3.0835693187933284,0.7504702103665593,3.627748549695859,-0.3410041119437028,2.280613334841726,-0.7703517971748934,2.481636533693468,-3.5677257667706908,-1.790226067639766
49.0,117.0,1006.7760620117188,-2.751388463399668,-3.0835693193226352,0.7504702103665593,3.627748514398228,-0.3410041119399451,2.280619673660264,-0.7703517814871831,2.4816365336934334,-3.5677257667703577,-1.790226067639766
49.0,117.0,1006.7760620117188,-2.7513891663841625,-3.083569318949215,0.7504702103665593,3.627748549695859,-0.341004111944066,2.280615191566161,-0.7703517969072398,2.4816365336934334,-3.5677257667703577,-1.790226067639766
49.0,117.0,1006.7760620117188,-2.75137786494958,-3.0835693187933284,0.7504702103665593,3.627748549695859,-0.3410041119400668,2.280613334841726,-0.7703517971748934,2.481636533693468,-3.5677257667706908,-1.790226067639766
49.0,117.0,1006.7760620117188,-2.751377864596694,-3.083568583949573,0.7504702103665593,3.627748504981189,-0.3410041119397929,2.2806199135794434,-0.7703517835526579,2.481636533693433,-3.567725766770067,-1.790226067639766
49.0,117.0,1006.7760620117188,-2.7513777254595406,-3.083569320576305,0.7504702103665593,3.6277483110345226,-0.34100411194523,2.2806116951943247,-0.7703517815639335,2.4816365336934334,-3.567725766770313,-1.790226067639766
49.0,117.0,1006.7760620117188,-2.751388223473793,-3.08356941760897,0.7504702103665593,3.627748549695859,-0.341004111944066,2.280615191566161,-0.7703517966032704,2.4816365336934334,-3.5677257667703577,-1.790226067639766
49.0,117.0,1006.7760620117188,-2.7513780498639844,-3.0835693187933284,0.7504702103665593,3.627748549695859,-0.3410041119399182,2.2806204761759203,-0.7703517969459106,2.4816365336934334,-3.5677257667701,-1.790226067639766
49.0,117.0,1006.7760620117188,-2.7513886035707498,-3.0835693187933284,0.7504702103665593,3.627748549614573,-0.3410041119448943,2.280622929419383,-0.7703517968482939,2.4816365336934334,-3.567725766770358,-1.790226067639766
49.0,117.0,1006.7760620117188,-2.7513777254595406,-3.083569320576305,0.7504702103665593,3.627748550573877,-0.3410041119401518,2.2806116951943247,-0.7703517815639335,2.4816365336934334,-3.5677257667703035,-1.790226067639766
49.0,117.0,1006.7760620117188,-2.751388718598881,-3.0835693187933284,0.7504702103665593,3.6277485496782944,-0.3410041119441657,2.28062057941505,-0.770351797177225,2.481636533693468,-3.5677257667702427,-1.790226067639766
49.0,117.0,1006.7760620117188,-2.7513780657696554,-3.0835680378074493,0.7504702103665593,3.627748549695859,-0.3410041119398991,2.2806204761759203,-0.7703517969200822,2.4816365336934334,-3.567725766770702,-1.790226067639766
49.0,117.0,1006.7760620117188,-2.751388380755965,-3.0835693187933284,0.7504702103665593,3.627748549614386,-0.3410041119445746,2.280613598824812,-0.7703517970076047,2.4816365336934334,-3.5677257667703577,-1.790226067639766
49.0,117.0,1006.7760620117188,-2.751377864946858,-3.083568583949573,0.7504702103665593,3.627748504981189,-0.3410041119400098,2.2806135005307646,-0.770351784090008,2.4816365336934685,-3.5677257667706592,-1.790226067639766
49.0,117.0,1006.7760620117188,-2.751388463399668,-3.0835693193226352,0.7504702103665593,3.627748514398228,-0.3410041119399451,2.280619673660264,-0.7703517814871831,2.4816365336934334,-3.5677257667703577,-1.790226067639766
49.0,117.0,1006.7760620117188,-2.75137737500952,-3.083569320682247,0.7504702103665593,3.627748555912484,-0.341004111939956,2.2806204761759203,-0.7703517971792055,2.4816365336934334,-3.567725766770095,-1.790226067639766
49.0,117.0,1006.7760620117188,-2.7513891663841625,-3.083569318949215,0.7504702103665593,3.6277482998149937,-0.341004111944066,2.280615191566161,-0.7703517969072398,2.4816365336934334,-3.5677257667703577,-1.790226067639766
49.0,117.0,1006.7760620117188,-2.751377273201935,-3.083568032087617,0.7504702103665593,3.627748534601251,-0.341004111944175,2.280622767004586,-0.7703517808277521,2.481636533693468,-3.567725766770109,-1.790226067639766
49.0,117.0,1006.7760620117188,-2.7513778650194984,-3.083568546029276,0.7504702103665593,3.627748504981189,-0.3410041119400098,2.280611700029564,-0.7703517815648804,2.4816365336934685,-3.567725766770067,-1.790226067639766
49.0,118.0,1006.7760620117188,-2.751388223473793,-3.0835693187933284,0.7504702103665593,3.627748549695859,-0.341004111944066,2.280615191566161,-0.7703517969459106,2.4816365336934334,-3.5677257667703577,-1.790226067639766
49.0,118.0,1006.7760620117188,-2.7513780498639844,-3.0835693187933284,0.7504702103665593,3.627748549695859,-0.3410041119399182,2.2806204761759203,-0.7703517969459106,2.4816365336934334,-3.5677257667701,-1.790226067639766
49.0,118.0,1006.7760620117188,-2.7513780498639844,-3.0835693187933284,0.7504702103665593,3.627748549695859,-0.3410041119399182,2.2806204761759203,-0.7703517969459106,2.4816365336934334,-3.5677257667701,-1.790226067639766
49.0,118.0,1006.7760620117188,-2.751388223473793,-3.0835693187933284,0.7504702103665593,3.627748549614573,-0.3410041119441672,2.280620568692822,-0.7703517970076047,2.4816365336934334,-3.5677257667703577,-1.790226067639766
49.0,118.0,1006.7760620117188,-2.7513774480153352,-3.0835694161087472,0.7504702103665593,3.62774831825964,-0.3410041119451283,2.2806229359921155,-0.7703517836347802,2.4816365336934334,-3.567725766770425,-1.790226067639766
49.0,118.0,1006.7760620117188,-2.75137786494958,-3.0835693187933284,0.7504702103665593,3.627748549695859,-0.3410041119400668,2.280613334841726,-0.7703517971748934,2.481636533693468,-3.5677257667706908,-1.790226067639766
49.0,118.0,1006.7760620117188,-2.7513891973528963,-3.0835692694509462,0.7504702103665593,3.627748507044335,-0.341004111944066,2.280615191566161,-0.7703517820247182,2.4816365336934334,-3.5677257667703577,-1.790226067639766
49.0,118.0,1006.7760620117188,-2.751388223473793,-3.0835693187933284,0.7504702103665593,3.627748549614573,-0.3410041119441672,2.280620568692822,-0.770351782384616,2.481636533693467,-3.567725766764573,-1.790226067639766
49.0,118.0,1006.7760620117188,-2.7513780498639844,-3.0835693187933284,0.7504702103665593,3.627748549695859,-0.3410041119399182,2.2806204761759203,-0.7703517969459106,2.4816365336934334,-3.5677257667701,-1.790226067639766
49.0,118.0,1006.7760620117188,-2.7513788802127825,-3.0835694161087472,0.7504702103665593,3.6277483123715952,-0.3410041119451283,2.2806229359921155,-0.7703517836567474,2.4816365336934334,-3.5677257667706326,-1.790226067639766
49.0,118.0,1006.7760620117188,-2.751388223473793,-3.083569318814585,0.7504702103665593,3.6277485586758953,-0.3410041119441672,2.280620568692822,-0.770351782384616,2.481636533693467,-3.567725766764573,-1.790226067639766
49.0,118.0,1006.7760620117188,-2.7513780498639844,-3.0835680378074493,0.7504702103665593,3.627748549695859,-0.3410041119399182,2.2806204761759203,-0.7703517969087601,2.4816365336934334,-3.5677257667701,-1.790226067639766
49.0,118.0,1006.7760620117188,-2.7513774480153352,-3.0835694161087472,0.7504702103665593,3.627748312829487,-0.3410041119450659,2.280619847173962,-0.7703517836347802,2.4816365336934334,-3.5677257667704323,-1.790226067639766
49.0,118.0,1006.7760620117188,-2.7513891973528963,-3.0835692694509462,0.7504702103665593,3.627748507044335,-0.341004111944066,2.280615191566161,-0.7703517820247182,2.4816365336934334,-3.5677257667703577,-1.790226067639766
49.0,118.0,1006.7760620117188,-2.75137786494958,-3.083569319321926,0.7504702103665593,3.6277485181000526,-0.34100411194388,2.280613334841726,-0.7703517971748934,2.481636533693468,-3.5677257667706908,-1.790226067639766
49.0,118.0,1006.7760620117188,-2.75137786494958,-3.0835693187933284,0.7504702103665593,3.627748549695859,-0.3410041119400668,2.280613334841726,-0.7703517971748934,2.481636533693468,-3.5677257667706908,-1.790226067639766
49.0,118.0,1006.7760620117188,-2.75137799183505,-3.0835693187933284,0.7504702103665593,3.627748549695859,-0.3410041119397954,2.280620290907224,-0.7703517969459106,2.4816365336934334,-3.5677257667701,-1.790226067639766
49.0,118.0,1006.7760620117188,-2.7513778650194984,-3.083568583949573,0.7504702103665593,3.627748504981189,-0.3410041119400098,2.2806199135794434,-0.7703517835506912,2.4816365336934685,-3.567725766770067,-1.790226067639766
49.0,118.0,1006.7760620117188,-2.751388223473793,-3.0835680497431235,0.7504702103665593,3.627748548500165,-0.3410041119441672,2.2806215220986936,-0.7703517964824327,2.4816365336934334,-3.5677257667701205,-1.790226067639766
49.0,118.0,1006.7760620117188,-2.751377273201935,-3.0835693187932303,0.7504702103665593,3.6277485424707416,-0.3410041119440636,2.280620262026629,-0.7703517808277521,2.4816365336934663,-3.5677257667701,-1.790226067639766
49.0,118.0,1006.7760620117188,-2.75137738708674,-3.0835680497431235,0.7504702103665593,3.6277485485177294,-0.3410041119402149,2.280613067788936,-0.7703517964801011,2.4816365336934334,-3.5677257667707285,-1.790226067639766
49.0,118.0,1006.7760620117188,-2.751388180392828,-3.0835693193383937,0.7504702103665593,3.6277485152736975,-0.3410041119441672,2.280620568692822,-0.7703517978107245,2.4816365336934334,-3.5677257667703577,-1.790226067639766
49.0,118.0,1006.7760620117188,-2.7513778650194984,-3.083568583949573,0.7504702103665593,3.627748504981189,-0.3410041119400098,2.2806199135794434,-0.7703517835506912,2.4816365336934685,-3.567725766770067,-1.790226067639766
49.0,118.0,1006.7760620117188,-2.751377448935875,-3.0835694145645305,0.7504702103665593,3.627748313985847,-0.3410041119450659,2.280619847173962,-0.7703517837353705,2.481636533693432,-3.5677257667704527,-1.790226067639766
49.0,118.0,1006.7760620117188,-2.751388223473793,-3.0835693187933284,0.7504702103665593,3.627748549614573,-0.3410041119448943,2.280622929419383,-0.7703517954547302,2.4816365336934334,-3.5677257667703577,-1.790226067639766
49.0,118.0,1006.7760620117188,-2.7513788802127825,-3.083569317293106,0.7504702103665593,3.6277483123715952,-0.3410041119451283,2.2806229359921155,-0.7703517839993878,2.4816365336934334,-3.5677257667706326,-1.790226067639766
49.0,118.0,1006.7760620117188,-2.7513890564871986,-3.083569316482167,0.7504702103665593,3.6277485181000526,-0.34100411194388,2.280613287645195,-0.7703517974633471,2.481636533693468,-3.567725766770698,-1.790226067639766
49.0,118.0,1006.7760620117188,-2.7513780498639844,-3.0835693187933284,0.7504702103665593,3.627748549695859,-0.3410041119399182,2.2806204761759203,-0.7703517969459106,2.4816365336934334,-3.5677257667701,-1.790226067639766
49.0,118.0,1006.7760620117188,-2.7513887013366327,-3.0835693187933284,0.7504702103665593,3.6277485496782944,-0.341004111944019,2.280621789151484,-0.770351797177225,2.481636533693468,-3.567725766770083,-1.790226067639766
49.0,118.0,1006.7760620117188,-2.751377273201935,-3.0835693170197747,0.7504702103665593,3.62774853434305,-0.3410041119440734,2.280622720735064,-0.7703517808277521,2.4816365336934663,-3.567725766770109,-1.790226067639766
49.0,118.0,1006.7760620117188,-2.7513891973528963,-3.0835692694509462,0.7504702103665593,3.627748507044335,-0.3410041119440564,2.280615191566161,-0.7703517836491344,2.4816365336934334,-3.567725766770624,-1.790226067639766
49.0,118.0,1006.7760620117188,-2.75137786494958,-3.0835693187933284,0.7504702103665593,3.627748549695859,-0.3410041119437028,2.280613334841726,-0.7703517971748934,2.481636533693468,-3.5677257667706908,-1.790226067639766
49.0,118.0,1006.7760620117188,-2.751388463399668,-3.0835693193226352,0.7504702103665593,3.627748514398228,-0.3410041119399451,2.280619673660264,-0.7703517814871831,2.4816365336934334,-3.5677257667703577,-1.790226067639766
49.0,118.0,1006.7760620117188,-2.7513891663841625,-3.083569318949215,0.7504702103665593,3.627748549695859,-0.341004111944066,2.280615191566161,-0.7703517969072398,2.4816365336934334,-3.5677257667703577,-1.790226067639766
49.0,118.0,1006.7760620117188,-2.75137786494958,-3.0835693187933284,0.7504702103665593,3.627748549695859,-0.3410041119400668,2.280613334841726,-0.7703517971748934,2.481636533693468,-3.5677257667706908,-1.790226067639766
49.0,118.0,1006.7760620117188,-2.751377864596694,-3.083568583949573,0.7504702103665593,3.627748504981189,-0.3410041119397929,2.2806199135794434,-0.7703517835526579,2.481636533693433,-3.567725766770067,-1.790226067639766
49.0,118.0,1006.7760620117188,-2.7513777254595406,-3.083569320576305,0.7504702103665593,3.6277483110345226,-0.34100411194523,2.2806116951943247,-0.7703517815639335,2.4816365336934334,-3.567725766770313,-1.790226067639766
49.0,118.0,1006.7760620117188,-2.751388223473793,-3.08356941760897,0.7504702103665593,3.627748549695859,-0.341004111944066,2.280615191566161,-0.7703517966032704,2.4816365336934334,-3.5677257667703577,-1.790226067639766
49.0,118.0,1006.7760620117188,-2.7513780498639844,-3.0835693187933284,0.7504702103665593,3.627748549695859,-0.3410041119399182,2.2806204761759203,-0.7703517969459106,2.4816365336934334,-3.5677257667701,-1.790226067639766
49.0,118.0,1006.7760620117188,-2.7513886035707498,-3.0835693187933284,0.7504702103665593,3.627748549614573,-0.3410041119448943,2.280622929419383,-0.7703517968482939,2.4816365336934334,-3.567725766770358,-1.790226067639766
49.0,118.0,1006.7760620117188,-2.7513777254595406,-3.083569320576305,0.7504702103665593,3.627748550573877,-0.3410041119401518,2.2806116951943247,-0.7703517815639335,2.4816365336934334,-3.5677257667703035,-1.790226067639766
49.0,118.0,1006.7760620117188,-2.751388718598881,-3.0835693187933284,0.7504702103665593,3.6277485496782944,-0.3410041119441657,2.28062057941505,-0.770351797177225,2.481636533693468,-3.5677257667702427,-1.790226067639766
49.0,118.0,1006.7760620117188,-2.7513780657696554,-3.0835680378074493,0.7504702103665593,3.627748549695859,-0.3410041119398991,2.2806204761759203,-0.7703517969200822,2.4816365336934334,-3.567725766770702,-1.790226067639766
49.0,118.0,1006.7760620117188,-2.751388380755965,-3.0835693187933284,0.7504702103665593,3.627748549614386,-0.3410041119445746,2.280613598824812,-0.7703517970076047,2.4816365336934334,-3.5677257667703577,-1.790226067639766
49.0,118.0,1006.7760620117188,-2.751377864946858,-3.083568583949573,0.7504702103665593,3.627748504981189,-0.3410041119400098,2.2806135005307646,-0.770351784090008,2.4816365336934685,-3.5677257667706592,-1.790226067639766
49.0,118.0,1006.7760620117188,-2.751388463399668,-3.0835693193226352,0.7504702103665593,3.627748514398228,-0.3410041119399451,2.280619673660264,-0.7703517814871831,2.4816365336934334,-3.5677257667703577,-1.790226067639766
49.0,118.0,1006.7760620117188,-2.75137737500952,-3.083569320682247,0.7504702103665593,3.627748555912484,-0.341004111939956,2.2806204761759203,-0.7703517971792055,2.4816365336934334,-3.567725766770095,-1.790226067639766
49.0,118.0,1006.7760620117188,-2.7513891663841625,-3.083569318949215,0.7504702103665593,3.6277482998149937,-0.341004111944066,2.280615191566161,-0.7703517969072398,2.4816365336934334,-3.5677257667703577,-1.790226067639766
49.0,118.0,1006.7760620117188,-2.751377273201935,-3.083568032087617,0.7504702103665593,3.627748534601251,-0.341004111944175,2.280622767004586,-0.7703517808277521,2.481636533693468,-3.567725766770109,-1.790226067639766
49.0,118.0,1006.7760620117188,-2.7513778650194984,-3.083568546029276,0.7504702103665593,3.627748504981189,-0.3410041119400098,2.280611700029564,-0.7703517815648804,2.4816365336934685,-3.567725766770067,-1.790226067639766
49.0,119.0,1006.7760620117188,-2.751388223473793,-3.0835693187933284,0.7504702103665593,3.627748549695859,-0.341004111944066,2.280615191566161,-0.7703517969459106,2.4816365336934334,-3.5677257667703577,-1.790226067639766
49.0,119.0,1006.7760620117188,-2.7513780498639844,-3.0835693187933284,0.7504702103665593,3.627748549695859,-0.3410041119399182,2.2806204761759203,-0.7703517969459106,2.4816365336934334,-3.5677257667701,-1.790226067639766
49.0,119.0,1006.7760620117188,-2.7513780498639844,-3.0835693187933284,0.7504702103665593,3.627748549695859,-0.3410041119399182,2.2806204761759203,-0.7703517969459106,2.4816365336934334,-3.5677257667701,-1.790226067639766
49.0,119.0,1006.7760620117188,-2.751388223473793,-3.0835693187933284,0.7504702103665593,3.627748549614573,-0.3410041119441672,2.280620568692822,-0.7703517970076047,2.4816365336934334,-3.5677257667703577,-1.790226067639766
49.0,119.0,1006.7760620117188,-2.7513774480153352,-3.0835694161087472,0.7504702103665593,3.62774831825964,-0.3410041119451283,2.2806229359921155,-0.7703517836347802,2.4816365336934334,-3.567725766770425,-1.790226067639766
49.0,119.0,1006.7760620117188,-2.75137786494958,-3.0835693187933284,0.7504702103665593,3.627748549695859,-0.3410041119400668,2.280613334841726,-0.7703517971748934,2.481636533693468,-3.5677257667706908,-1.790226067639766
49.0,119.0,1006.7760620117188,-2.7513891973528963,-3.0835692694509462,0.7504702103665593,3.627748507044335,-0.341004111944066,2.280615191566161,-0.7703517820247182,2.4816365336934334,-3.5677257667703577,-1.790226067639766
49.0,119.0,1006.7760620117188,-2.751388223473793,-3.0835693187933284,0.7504702103665593,3.627748549614573,-0.3410041119441672,2.280620568692822,-0.770351782384616,2.481636533693467,-3.567725766764573,-1.790226067639766
49.0,119.0,1006.7760620117188,-2.7513780498639844,-3.0835693187933284,0.7504702103665593,3.627748549695859,-0.3410041119399182,2.2806204761759203,-0.7703517969459106,2.4816365336934334,-3.5677257667701,-1.790226067639766
49.0,119.0,1006.7760620117188,-2.7513788802127825,-3.0835694161087472,0.7504702103665593,3.6277483123715952,-0.3410041119451283,2.2806229359921155,-0.7703517836567474,2.4816365336934334,-3.5677257667706326,-1.790226067639766
49.0,119.0,1006.7760620117188,-2.751388223473793,-3.083569318814585,0.7504702103665593,3.6277485586758953,-0.3410041119441672,2.280620568692822,-0.770351782384616,2.481636533693467,-3.567725766764573,-1.790226067639766
49.0,119.0,1006.7760620117188,-2.7513780498639844,-3.0835680378074493,0.7504702103665593,3.627748549695859,-0.3410041119399182,2.2806204761759203,-0.7703517969087601,2.4816365336934334,-3.5677257667701,-1.790226067639766
49.0,119.0,1006.7760620117188,-2.7513774480153352,-3.0835694161087472,0.7504702103665593,3.627748312829487,-0.3410041119450659,2.280619847173962,-0.7703517836347802,2.4816365336934334,-3.5677257667704323,-1.790226067639766
49.0,119.0,1006.7760620117188,-2.7513891973528963,-3.0835692694509462,0.7504702103665593,3.627748507044335,-0.341004111944066,2.280615191566161,-0.7703517820247182,2.4816365336934334,-3.5677257667703577,-1.790226067639766
49.0,119.0,1006.7760620117188,-2.75137786494958,-3.083569319321926,0.7504702103665593,3.6277485181000526,-0.34100411194388,2.280613334841726,-0.7703517971748934,2.481636533693468,-3.5677257667706908,-1.790226067639766
49.0,119.0,1006.7760620117188,-2.75137786494958,-3.0835693187933284,0.7504702103665593,3.627748549695859,-0.3410041119400668,2.280613334841726,-0.7703517971748934,2.481636533693468,-3.5677257667706908,-1.790226067639766
49.0,119.0,1006.7760620117188,-2.75137799183505,-3.0835693187933284,0.7504702103665593,3.627748549695859,-0.3410041119397954,2.280620290907224,-0.7703517969459106,2.4816365336934334,-3.5677257667701,-1.790226067639766
49.0,119.0,1006.7760620117188,-2.7513778650194984,-3.083568583949573,0.7504702103665593,3.627748504981189,-0.3410041119400098,2.2806199135794434,-0.7703517835506912,2.4816365336934685,-3.567725766770067,-1.790226067639766
49.0,119.0,1006.7760620117188,-2.751388223473793,-3.0835680497431235,0.7504702103665593,3.627748548500165,-0.3410041119441672,2.2806215220986936,-0.7703517964824327,2.4816365336934334,-3.5677257667701205,-1.790226067639766
49.0,119.0,1006.7760620117188,-2.751377273201935,-3.0835693187932303,0.7504702103665593,3.6277485424707416,-0.3410041119440636,2.280620262026629,-0.7703517808277521,2.4816365336934663,-3.5677257667701,-1.790226067639766
49.0,119.0,1006.7760620117188,-2.75137738708674,-3.0835680497431235,0.7504702103665593,3.6277485485177294,-0.3410041119402149,2.280613067788936,-0.7703517964801011,2.4816365336934334,-3.5677257667707285,-1.790226067639766
49.0,119.0,1006.7760620117188,-2.751388180392828,-3.0835693193383937,0.7504702103665593,3.6277485152736975,-0.3410041119441672,2.280620568692822,-0.7703517978107245,2.4816365336934334,-3.5677257667703577,-1.790226067639766
49.0,119.0,1006.7760620117188,-2.7513778650194984,-3.083568583949573,0.7504702103665593,3.627748504981189,-0.3410041119400098,2.2806199135794434,-0.7703517835506912,2.4816365336934685,-3.567725766770067,-1.790226067639766
49.0,119.0,1006.7760620117188,-2.751377448935875,-3.0835694145645305,0.7504702103665593,3.627748313985847,-0.3410041119450659,2.280619847173962,-0.7703517837353705,2.481636533693432,-3.5677257667704527,-1.790226067639766
49.0,119.0,1006.7760620117188,-2.751388223473793,-3.0835693187933284,0.7504702103665593,3.627748549614573,-0.3410041119448943,2.280622929419383,-0.7703517954547302,2.4816365336934334,-3.5677257667703577,-1.790226067639766
49.0,119.0,1006.7760620117188,-2.7513788802127825,-3.083569317293106,0.7504702103665593,3.6277483123715952,-0.3410041119451283,2.2806229359921155,-0.7703517839993878,2.4816365336934334,-3.5677257667706326,-1.790226067639766
49.0,119.0,1006.7760620117188,-2.7513890564871986,-3.083569316482167,0.7504702103665593,3.6277485181000526,-0.34100411194388,2.280613287645195,-0.7703517974633471,2.481636533693468,-3.567725766770698,-1.790226067639766
49.0,119.0,1006.7760620117188,-2.7513780498639844,-3.0835693187933284,0.7504702103665593,3.627748549695859,-0.3410041119399182,2.2806204761759203,-0.7703517969459106,2.4816365336934334,-3.5677257667701,-1.790226067639766
49.0,119.0,1006.7760620117188,-2.7513887013366327,-3.0835693187933284,0.7504702103665593,3.6277485496782944,-0.341004111944019,2.280621789151484,-0.770351797177225,2.481636533693468,-3.567725766770083,-1.790226067639766
49.0,119.0,1006.7760620117188,-2.751377273201935,-3.0835693170197747,0.7504702103665593,3.62774853434305,-0.3410041119440734,2.280622720735064,-0.7703517808277521,2.4816365336934663,-3.567725766770109,-1.790226067639766
49.0,119.0,1006.7760620117188,-2.7513891973528963,-3.0835692694509462,0.7504702103665593,3.627748507044335,-0.3410041119440564,2.280615191566161,-0.7703517836491344,2.4816365336934334,-3.567725766770624,-1.790226067639766
49.0,119.0,1006.7760620117188,-2.75137786494958,-3.0835693187933284,0.7504702103665593,3.627748549695859,-0.3410041119437028,2.280613334841726,-0.7703517971748934,2.481636533693468,-3.5677257667706908,-1.790226067639766
49.0,119.0,1006.7760620117188,-2.751388463399668,-3.0835693193226352,0.7504702103665593,3.627748514398228,-0.3410041119399451,2.280619673660264,-0.7703517814871831,2.4816365336934334,-3.5677257667703577,-1.790226067639766
49.0,119.0,1006.7760620117188,-2.7513891663841625,-3.083569318949215,0.7504702103665593,3.627748549695859,-0.341004111944066,2.280615191566161,-0.7703517969072398,2.4816365336934334,-3.5677257667703577,-1.790226067639766
49.0,119.0,1006.7760620117188,-2.75137786494958,-3.0835693187933284,0.7504702103665593,3.627748549695859,-0.3410041119400668,2.280613334841726,-0.7703517971748934,2.481636533693468,-3.5677257667706908,-1.790226067639766
49.0,119.0,1006.7760620117188,-2.751377864596694,-3.083568583949573,0.7504702103665593,3.627748504981189,-0.3410041119397929,2.2806199135794434,-0.7703517835526579,2.481636533693433,-3.567725766770067,-1.790226067639766
49.0,119.0,1006.7760620117188,-2.7513777254595406,-3.083569320576305,0.7504702103665593,3.6277483110345226,-0.34100411194523,2.2806116951943247,-0.7703517815639335,2.4816365336934334,-3.567725766770313,-1.790226067639766
49.0,119.0,1006.7760620117188,-2.751388223473793,-3.08356941760897,0.7504702103665593,3.627748549695859,-0.341004111944066,2.280615191566161,-0.7703517966032704,2.4816365336934334,-3.5677257667703577,-1.790226067639766
49.0,119.0,1006.7760620117188,-2.7513780498639844,-3.0835693187933284,0.7504702103665593,3.627748549695859,-0.3410041119399182,2.2806204761759203,-0.7703517969459106,2.4816365336934334,-3.5677257667701,-1.790226067639766
49.0,119.0,1006.7760620117188,-2.7513886035707498,-3.0835693187933284,0.7504702103665593,3.627748549614573,-0.3410041119448943,2.280622929419383,-0.7703517968482939,2.4816365336934334,-3.567725766770358,-1.790226067639766
49.0,119.0,1006.7760620117188,-2.7513777254595406,-3.083569320576305,0.7504702103665593,3.627748550573877,-0.3410041119401518,2.2806116951943247,-0.7703517815639335,2.4816365336934334,-3.5677257667703035,-1.790226067639766
49.0,119.0,1006.7760620117188,-2.751388718598881,-3.0835693187933284,0.7504702103665593,3.6277485496782944,-0.3410041119441657,2.28062057941505,-0.770351797177225,2.481636533693468,-3.5677257667702427,-1.790226067639766
49.0,119.0,1006.7760620117188,-2.7513780657696554,-3.0835680378074493,0.7504702103665593,3.627748549695859,-0.3410041119398991,2.2806204761759203,-0.7703517969200822,2.4816365336934334,-3.567725766770702,-1.790226067639766
49.0,119.0,1006.7760620117188,-2.751388380755965,-3.0835693187933284,0.7504702103665593,3.627748549614386,-0.3410041119445746,2.280613598824812,-0.7703517970076047,2.4816365336934334,-3.5677257667703577,-1.790226067639766
49.0,119.0,1006.7760620117188,-2.751377864946858,-3.083568583949573,0.7504702103665593,3.627748504981189,-0.3410041119400098,2.2806135005307646,-0.770351784090008,2.4816365336934685,-3.5677257667706592,-1.790226067639766
49.0,119.0,1006.7760620117188,-2.751388463399668,-3.0835693193226352,0.7504702103665593,3.627748514398228,-0.3410041119399451,2.280619673660264,-0.7703517814871831,2.4816365336934334,-3.5677257667703577,-1.790226067639766
49.0,119.0,1006.7760620117188,-2.75137737500952,-3.083569320682247,0.7504702103665593,3.627748555912484,-0.341004111939956,2.2806204761759203,-0.7703517971792055,2.4816365336934334,-3.567725766770095,-1.790226067639766
49.0,119.0,1006.7760620117188,-2.7513891663841625,-3.083569318949215,0.7504702103665593,3.6277482998149937,-0.341004111944066,2.280615191566161,-0.7703517969072398,2.4816365336934334,-3.5677257667703577,-1.790226067639766
49.0,119.0,1006.7760620117188,-2.751377273201935,-3.083568032087617,0.7504702103665593,3.627748534601251,-0.341004111944175,2.280622767004586,-0.7703517808277521,2.481636533693468,-3.567725766770109,-1.790226067639766
49.0,119.0,1006.7760620117188,-2.7513778650194984,-3.083568546029276,0.7504702103665593,3.627748504981189,-0.3410041119400098,2.280611700029564,-0.7703517815648804,2.4816365336934685,-3.567725766770067,-1.790226067639766
49.0,120.0,1006.7760620117188,-2.751388223473793,-3.0835693187933284,0.7504702103665593,3.627748549695859,-0.341004111944066,2.280615191566161,-0.7703517969459106,2.4816365336934334,-3.5677257667703577,-1.790226067639766
49.0,120.0,1006.7760620117188,-2.7513780498639844,-3.0835693187933284,0.7504702103665593,3.627748549695859,-0.3410041119399182,2.2806204761759203,-0.7703517969459106,2.4816365336934334,-3.5677257667701,-1.790226067639766
49.0,120.0,1006.7760620117188,-2.7513780498639844,-3.0835693187933284,0.7504702103665593,3.627748549695859,-0.3410041119399182,2.2806204761759203,-0.7703517969459106,2.4816365336934334,-3.5677257667701,-1.790226067639766
49.0,120.0,1006.7760620117188,-2.751388223473793,-3.0835693187933284,0.7504702103665593,3.627748549614573,-0.3410041119441672,2.280620568692822,-0.7703517970076047,2.4816365336934334,-3.5677257667703577,-1.790226067639766
49.0,120.0,1006.7760620117188,-2.7513774480153352,-3.0835694161087472,0.7504702103665593,3.62774831825964,-0.3410041119451283,2.2806229359921155,-0.7703517836347802,2.4816365336934334,-3.567725766770425,-1.790226067639766
49.0,120.0,1006.7760620117188,-2.75137786494958,-3.0835693187933284,0.7504702103665593,3.627748549695859,-0.3410041119400668,2.280613334841726,-0.7703517971748934,2.481636533693468,-3.5677257667706908,-1.790226067639766
49.0,120.0,1006.7760620117188,-2.7513891973528963,-3.0835692694509462,0.7504702103665593,3.627748507044335,-0.341004111944066,2.280615191566161,-0.7703517820247182,2.4816365336934334,-3.5677257667703577,-1.790226067639766
49.0,120.0,1006.7760620117188,-2.751388223473793,-3.0835693187933284,0.7504702103665593,3.627748549614573,-0.3410041119441672,2.280620568692822,-0.770351782384616,2.481636533693467,-3.567725766764573,-1.790226067639766
49.0,120.0,1006.7760620117188,-2.7513780498639844,-3.0835693187933284,0.7504702103665593,3.627748549695859,-0.3410041119399182,2.2806204761759203,-0.7703517969459106,2.4816365336934334,-3.5677257667701,-1.790226067639766
49.0,120.0,1006.7760620117188,-2.7513788802127825,-3.0835694161087472,0.7504702103665593,3.6277483123715952,-0.3410041119451283,2.2806229359921155,-0.7703517836567474,2.4816365336934334,-3.5677257667706326,-1.790226067639766
49.0,120.0,1006.7760620117188,-2.751388223473793,-3.083569318814585,0.7504702103665593,3.6277485586758953,-0.3410041119441672,2.280620568692822,-0.770351782384616,2.481636533693467,-3.567725766764573,-1.790226067639766
49.0,120.0,1006.7760620117188,-2.7513780498639844,-3.0835680378074493,0.7504702103665593,3.627748549695859,-0.3410041119399182,2.2806204761759203,-0.7703517969087601,2.4816365336934334,-3.5677257667701,-1.790226067639766
49.0,120.0,1006.7760620117188,-2.7513774480153352,-3.0835694161087472,0.7504702103665593,3.627748312829487,-0.3410041119450659,2.280619847173962,-0.7703517836347802,2.4816365336934334,-3.5677257667704323,-1.790226067639766
49.0,120.0,1006.7760620117188,-2.7513891973528963,-3.0835692694509462,0.7504702103665593,3.627748507044335,-0.341004111944066,2.280615191566161,-0.7703517820247182,2.4816365336934334,-3.5677257667703577,-1.790226067639766
49.0,120.0,1006.7760620117188,-2.75137786494958,-3.083569319321926,0.7504702103665593,3.6277485181000526,-0.34100411194388,2.280613334841726,-0.7703517971748934,2.481636533693468,-3.5677257667706908,-1.790226067639766
49.0,120.0,1006.7760620117188,-2.75137786494958,-3.0835693187933284,0.7504702103665593,3.627748549695859,-0.3410041119400668,2.280613334841726,-0.7703517971748934,2.481636533693468,-3.5677257667706908,-1.790226067639766
49.0,120.0,1006.7760620117188,-2.75137799183505,-3.0835693187933284,0.7504702103665593,3.627748549695859,-0.3410041119397954,2.280620290907224,-0.7703517969459106,2.4816365336934334,-3.5677257667701,-1.790226067639766
49.0,120.0,1006.7760620117188,-2.7513778650194984,-3.083568583949573,0.7504702103665593,3.627748504981189,-0.3410041119400098,2.2806199135794434,-0.7703517835506912,2.4816365336934685,-3.567725766770067,-1.790226067639766
49.0,120.0,1006.7760620117188,-2.751388223473793,-3.0835680497431235,0.7504702103665593,3.627748548500165,-0.3410041119441672,2.2806215220986936,-0.7703517964824327,2.4816365336934334,-3.5677257667701205,-1.790226067639766
49.0,120.0,1006.7760620117188,-2.751377273201935,-3.0835693187932303,0.7504702103665593,3.6277485424707416,-0.3410041119440636,2.280620262026629,-0.7703517808277521,2.4816365336934663,-3.5677257667701,-1.790226067639766
49.0,120.0,1006.7760620117188,-2.75137738708674,-3.0835680497431235,0.7504702103665593,3.6277485485177294,-0.3410041119402149,2.280613067788936,-0.7703517964801011,2.4816365336934334,-3.5677257667707285,-1.790226067639766
49.0,120.0,1006.7760620117188,-2.751388180392828,-3.0835693193383937,0.7504702103665593,3.6277485152736975,-0.3410041119441672,2.280620568692822,-0.7703517978107245,2.4816365336934334,-3.5677257667703577,-1.790226067639766
49.0,120.0,1006.7760620117188,-2.7513778650194984,-3.083568583949573,0.7504702103665593,3.627748504981189,-0.3410041119400098,2.2806199135794434,-0.7703517835506912,2.4816365336934685,-3.567725766770067,-1.790226067639766
49.0,120.0,1006.7760620117188,-2.751377448935875,-3.0835694145645305,0.7504702103665593,3.627748313985847,-0.3410041119450659,2.280619847173962,-0.7703517837353705,2.481636533693432,-3.5677257667704527,-1.790226067639766
49.0,120.0,1006.7760620117188,-2.751388223473793,-3.0835693187933284,0.7504702103665593,3.627748549614573,-0.3410041119448943,2.280622929419383,-0.7703517954547302,2.4816365336934334,-3.5677257667703577,-1.790226067639766
49.0,120.0,1006.7760620117188,-2.7513788802127825,-3.083569317293106,0.7504702103665593,3.6277483123715952,-0.3410041119451283,2.2806229359921155,-0.7703517839993878,2.4816365336934334,-3.5677257667706326,-1.790226067639766
49.0,120.0,1006.7760620117188,-2.7513890564871986,-3.083569316482167,0.7504702103665593,3.6277485181000526,-0.34100411194388,2.280613287645195,-0.7703517974633471,2.481636533693468,-3.567725766770698,-1.790226067639766
49.0,120.0,1006.7760620117188,-2.7513780498639844,-3.0835693187933284,0.7504702103665593,3.627748549695859,-0.3410041119399182,2.2806204761759203,-0.7703517969459106,2.4816365336934334,-3.5677257667701,-1.790226067639766
49.0,120.0,1006.7760620117188,-2.7513887013366327,-3.0835693187933284,0.7504702103665593,3.6277485496782944,-0.341004111944019,2.280621789151484,-0.770351797177225,2.481636533693468,-3.567725766770083,-1.790226067639766
49.0,120.0,1006.7760620117188,-2.751377273201935,-3.0835693170197747,0.7504702103665593,3.62774853434305,-0.3410041119440734,2.280622720735064,-0.7703517808277521,2.4816365336934663,-3.567725766770109,-1.790226067639766
49.0,120.0,1006.7760620117188,-2.7513891973528963,-3.0835692694509462,0.7504702103665593,3.627748507044335,-0.3410041119440564,2.280615191566161,-0.7703517836491344,2.4816365336934334,-3.567725766770624,-1.790226067639766
49.0,120.0,1006.7760620117188,-2.75137786494958,-3.0835693187933284,0.7504702103665593,3.627748549695859,-0.3410041119437028,2.280613334841726,-0.7703517971748934,2.481636533693468,-3.5677257667706908,-1.790226067639766
49.0,120.0,1006.7760620117188,-2.751388463399668,-3.0835693193226352,0.7504702103665593,3.627748514398228,-0.3410041119399451,2.280619673660264,-0.7703517814871831,2.4816365336934334,-3.5677257667703577,-1.790226067639766
49.0,120.0,1006.7760620117188,-2.7513891663841625,-3.083569318949215,0.7504702103665593,3.627748549695859,-0.341004111944066,2.280615191566161,-0.7703517969072398,2.4816365336934334,-3.5677257667703577,-1.790226067639766
49.0,120.0,1006.7760620117188,-2.75137786494958,-3.0835693187933284,0.7504702103665593,3.627748549695859,-0.3410041119400668,2.280613334841726,-0.7703517971748934,2.481636533693468,-3.5677257667706908,-1.790226067639766
49.0,120.0,1006.7760620117188,-2.751377864596694,-3.083568583949573,0.7504702103665593,3.627748504981189,-0.3410041119397929,2.2806199135794434,-0.7703517835526579,2.481636533693433,-3.567725766770067,-1.790226067639766
49.0,120.0,1006.7760620117188,-2.7513777254595406,-3.083569320576305,0.7504702103665593,3.6277483110345226,-0.34100411194523,2.2806116951943247,-0.7703517815639335,2.4816365336934334,-3.567725766770313,-1.790226067639766
49.0,120.0,1006.7760620117188,-2.751388223473793,-3.08356941760897,0.7504702103665593,3.627748549695859,-0.341004111944066,2.280615191566161,-0.7703517966032704,2.4816365336934334,-3.5677257667703577,-1.790226067639766
49.0,120.0,1006.7760620117188,-2.7513780498639844,-3.0835693187933284,0.7504702103665593,3.627748549695859,-0.3410041119399182,2.2806204761759203,-0.7703517969459106,2.4816365336934334,-3.5677257667701,-1.790226067639766
49.0,120.0,1006.7760620117188,-2.7513886035707498,-3.0835693187933284,0.7504702103665593,3.627748549614573,-0.3410041119448943,2.280622929419383,-0.7703517968482939,2.4816365336934334,-3.567725766770358,-1.790226067639766
49.0,120.0,1006.7760620117188,-2.7513777254595406,-3.083569320576305,0.7504702103665593,3.627748550573877,-0.3410041119401518,2.2806116951943247,-0.7703517815639335,2.4816365336934334,-3.5677257667703035,-1.790226067639766
49.0,120.0,1006.7760620117188,-2.751388718598881,-3.0835693187933284,0.7504702103665593,3.6277485496782944,-0.3410041119441657,2.28062057941505,-0.770351797177225,2.481636533693468,-3.5677257667702427,-1.790226067639766
49.0,120.0,1006.7760620117188,-2.7513780657696554,-3.0835680378074493,0.7504702103665593,3.627748549695859,-0.3410041119398991,2.2806204761759203,-0.7703517969200822,2.4816365336934334,-3.567725766770702,-1.790226067639766
49.0,120.0,1006.7760620117188,-2.751388380755965,-3.0835693187933284,0.7504702103665593,3.627748549614386,-0.3410041119445746,2.280613598824812,-0.7703517970076047,2.4816365336934334,-3.5677257667703577,-1.790226067639766
49.0,120.0,1006.7760620117188,-2.751377864946858,-3.083568583949573,0.7504702103665593,3.627748504981189,-0.3410041119400098,2.2806135005307646,-0.770351784090008,2.4816365336934685,-3.5677257667706592,-1.790226067639766
49.0,120.0,1006.7760620117188,-2.751388463399668,-3.0835693193226352,0.7504702103665593,3.627748514398228,-0.3410041119399451,2.280619673660264,-0.7703517814871831,2.4816365336934334,-3.5677257667703577,-1.790226067639766
49.0,120.0,1006.7760620117188,-2.75137737500952,-3.083569320682247,0.7504702103665593,3.627748555912484,-0.341004111939956,2.2806204761759203,-0.7703517971792055,2.4816365336934334,-3.567725766770095,-1.790226067639766
49.0,120.0,1006.7760620117188,-2.7513891663841625,-3.083569318949215,0.7504702103665593,3.6277482998149937,-0.341004111944066,2.280615191566161,-0.7703517969072398,2.4816365336934334,-3.5677257667703577,-1.790226067639766
49.0,120.0,1006.7760620117188,-2.751377273201935,-3.083568032087617,0.7504702103665593,3.627748534601251,-0.341004111944175,2.280622767004586,-0.7703517808277521,2.481636533693468,-3.567725766770109,-1.790226067639766
49.0,120.0,1006.7760620117188,-2.7513778650194984,-3.083568546029276,0.7504702103665593,3.627748504981189,-0.3410041119400098,2.280611700029564,-0.7703517815648804,2.4816365336934685,-3.567725766770067,-1.790226067639766
49.0,121.0,1006.7760620117188,-2.751388223473793,-3.0835693187933284,0.7504702103665593,3.627748549695859,-0.341004111944066,2.280615191566161,-0.7703517969459106,2.4816365336934334,-3.5677257667703577,-1.790226067639766
49.0,121.0,1006.7760620117188,-2.7513780498639844,-3.0835693187933284,0.7504702103665593,3.627748549695859,-0.3410041119399182,2.2806204761759203,-0.7703517969459106,2.4816365336934334,-3.5677257667701,-1.790226067639766
49.0,121.0,1006.7760620117188,-2.7513780498639844,-3.0835693187933284,0.7504702103665593,3.627748549695859,-0.3410041119399182,2.2806204761759203,-0.7703517969459106,2.4816365336934334,-3.5677257667701,-1.790226067639766
49.0,121.0,1006.7760620117188,-2.751388223473793,-3.0835693187933284,0.7504702103665593,3.627748549614573,-0.3410041119441672,2.280620568692822,-0.7703517970076047,2.4816365336934334,-3.5677257667703577,-1.790226067639766
49.0,121.0,1006.7760620117188,-2.7513774480153352,-3.0835694161087472,0.7504702103665593,3.62774831825964,-0.3410041119451283,2.2806229359921155,-0.7703517836347802,2.4816365336934334,-3.567725766770425,-1.790226067639766
49.0,121.0,1006.7760620117188,-2.75137786494958,-3.0835693187933284,0.7504702103665593,3.627748549695859,-0.3410041119400668,2.280613334841726,-0.7703517971748934,2.481636533693468,-3.5677257667706908,-1.790226067639766
49.0,121.0,1006.7760620117188,-2.7513891973528963,-3.0835692694509462,0.7504702103665593,3.627748507044335,-0.341004111944066,2.280615191566161,-0.7703517820247182,2.4816365336934334,-3.5677257667703577,-1.790226067639766
49.0,121.0,1006.7760620117188,-2.751388223473793,-3.0835693187933284,0.7504702103665593,3.627748549614573,-0.3410041119441672,2.280620568692822,-0.770351782384616,2.481636533693467,-3.567725766764573,-1.790226067639766
49.0,121.0,1006.7760620117188,-2.7513780498639844,-3.0835693187933284,0.7504702103665593,3.627748549695859,-0.3410041119399182,2.2806204761759203,-0.7703517969459106,2.4816365336934334,-3.5677257667701,-1.790226067639766
49.0,121.0,1006.7760620117188,-2.7513788802127825,-3.0835694161087472,0.7504702103665593,3.6277483123715952,-0.3410041119451283,2.2806229359921155,-0.7703517836567474,2.4816365336934334,-3.5677257667706326,-1.790226067639766
49.0,121.0,1006.7760620117188,-2.751388223473793,-3.083569318814585,0.7504702103665593,3.6277485586758953,-0.3410041119441672,2.280620568692822,-0.770351782384616,2.481636533693467,-3.567725766764573,-1.790226067639766
49.0,121.0,1006.7760620117188,-2.7513780498639844,-3.0835680378074493,0.7504702103665593,3.627748549695859,-0.3410041119399182,2.2806204761759203,-0.7703517969087601,2.4816365336934334,-3.5677257667701,-1.790226067639766
49.0,121.0,1006.7760620117188,-2.7513774480153352,-3.0835694161087472,0.7504702103665593,3.627748312829487,-0.3410041119450659,2.280619847173962,-0.7703517836347802,2.4816365336934334,-3.5677257667704323,-1.790226067639766
49.0,121.0,1006.7760620117188,-2.7513891973528963,-3.0835692694509462,0.7504702103665593,3.627748507044335,-0.341004111944066,2.280615191566161,-0.7703517820247182,2.4816365336934334,-3.5677257667703577,-1.790226067639766
49.0,121.0,1006.7760620117188,-2.75137786494958,-3.083569319321926,0.7504702103665593,3.6277485181000526,-0.34100411194388,2.280613334841726,-0.7703517971748934,2.481636533693468,-3.5677257667706908,-1.790226067639766
49.0,121.0,1006.7760620117188,-2.75137786494958,-3.0835693187933284,0.7504702103665593,3.627748549695859,-0.3410041119400668,2.280613334841726,-0.7703517971748934,2.481636533693468,-3.5677257667706908,-1.790226067639766
49.0,121.0,1006.7760620117188,-2.75137799183505,-3.0835693187933284,0.7504702103665593,3.627748549695859,-0.3410041119397954,2.280620290907224,-0.7703517969459106,2.4816365336934334,-3.5677257667701,-1.790226067639766
49.0,121.0,1006.7760620117188,-2.7513778650194984,-3.083568583949573,0.7504702103665593,3.627748504981189,-0.3410041119400098,2.2806199135794434,-0.7703517835506912,2.4816365336934685,-3.567725766770067,-1.790226067639766
49.0,121.0,1006.7760620117188,-2.751388223473793,-3.0835680497431235,0.7504702103665593,3.627748548500165,-0.3410041119441672,2.2806215220986936,-0.7703517964824327,2.4816365336934334,-3.5677257667701205,-1.790226067639766
49.0,121.0,1006.7760620117188,-2.751377273201935,-3.0835693187932303,0.7504702103665593,3.6277485424707416,-0.3410041119440636,2.280620262026629,-0.7703517808277521,2.4816365336934663,-3.5677257667701,-1.790226067639766
49.0,121.0,1006.7760620117188,-2.75137738708674,-3.0835680497431235,0.7504702103665593,3.6277485485177294,-0.3410041119402149,2.280613067788936,-0.7703517964801011,2.4816365336934334,-3.5677257667707285,-1.790226067639766
49.0,121.0,1006.7760620117188,-2.751388180392828,-3.0835693193383937,0.7504702103665593,3.6277485152736975,-0.3410041119441672,2.280620568692822,-0.7703517978107245,2.4816365336934334,-3.5677257667703577,-1.790226067639766
49.0,121.0,1006.7760620117188,-2.7513778650194984,-3.083568583949573,0.7504702103665593,3.627748504981189,-0.3410041119400098,2.2806199135794434,-0.7703517835506912,2.4816365336934685,-3.567725766770067,-1.790226067639766
49.0,121.0,1006.7760620117188,-2.751377448935875,-3.0835694145645305,0.7504702103665593,3.627748313985847,-0.3410041119450659,2.280619847173962,-0.7703517837353705,2.481636533693432,-3.5677257667704527,-1.790226067639766
49.0,121.0,1006.7760620117188,-2.751388223473793,-3.0835693187933284,0.7504702103665593,3.627748549614573,-0.3410041119448943,2.280622929419383,-0.7703517954547302,2.4816365336934334,-3.5677257667703577,-1.790226067639766
49.0,121.0,1006.7760620117188,-2.7513788802127825,-3.083569317293106,0.7504702103665593,3.6277483123715952,-0.3410041119451283,2.2806229359921155,-0.7703517839993878,2.4816365336934334,-3.5677257667706326,-1.790226067639766
49.0,121.0,1006.7760620117188,-2.7513890564871986,-3.083569316482167,0.7504702103665593,3.6277485181000526,-0.34100411194388,2.280613287645195,-0.7703517974633471,2.481636533693468,-3.567725766770698,-1.790226067639766
49.0,121.0,1006.7760620117188,-2.7513780498639844,-3.0835693187933284,0.7504702103665593,3.627748549695859,-0.3410041119399182,2.2806204761759203,-0.7703517969459106,2.4816365336934334,-3.5677257667701,-1.790226067639766
49.0,121.0,1006.7760620117188,-2.7513887013366327,-3.0835693187933284,0.7504702103665593,3.6277485496782944,-0.341004111944019,2.280621789151484,-0.770351797177225,2.481636533693468,-3.567725766770083,-1.790226067639766
49.0,121.0,1006.7760620117188,-2.751377273201935,-3.0835693170197747,0.7504702103665593,3.62774853434305,-0.3410041119440734,2.280622720735064,-0.7703517808277521,2.4816365336934663,-3.567725766770109,-1.790226067639766
49.0,121.0,1006.7760620117188,-2.7513891973528963,-3.0835692694509462,0.7504702103665593,3.627748507044335,-0.3410041119440564,2.280615191566161,-0.7703517836491344,2.4816365336934334,-3.567725766770624,-1.790226067639766
49.0,121.0,1006.7760620117188,-2.75137786494958,-3.0835693187933284,0.7504702103665593,3.627748549695859,-0.3410041119437028,2.280613334841726,-0.7703517971748934,2.481636533693468,-3.5677257667706908,-1.790226067639766
49.0,121.0,1006.7760620117188,-2.751388463399668,-3.0835693193226352,0.7504702103665593,3.627748514398228,-0.3410041119399451,2.280619673660264,-0.7703517814871831,2.4816365336934334,-3.5677257667703577,-1.790226067639766
49.0,121.0,1006.7760620117188,-2.7513891663841625,-3.083569318949215,0.7504702103665593,3.627748549695859,-0.341004111944066,2.280615191566161,-0.7703517969072398,2.4816365336934334,-3.5677257667703577,-1.790226067639766
49.0,121.0,1006.7760620117188,-2.75137786494958,-3.0835693187933284,0.7504702103665593,3.627748549695859,-0.3410041119400668,2.280613334841726,-0.7703517971748934,2.481636533693468,-3.5677257667706908,-1.790226067639766
49.0,121.0,1006.7760620117188,-2.751377864596694,-3.083568583949573,0.7504702103665593,3.627748504981189,-0.3410041119397929,2.2806199135794434,-0.7703517835526579,2.481636533693433,-3.567725766770067,-1.790226067639766
49.0,121.0,1006.7760620117188,-2.7513777254595406,-3.083569320576305,0.7504702103665593,3.6277483110345226,-0.34100411194523,2.2806116951943247,-0.7703517815639335,2.4816365336934334,-3.567725766770313,-1.790226067639766
49.0,121.0,1006.7760620117188,-2.751388223473793,-3.08356941760897,0.7504702103665593,3.627748549695859,-0.341004111944066,2.280615191566161,-0.7703517966032704,2.4816365336934334,-3.5677257667703577,-1.790226067639766
49.0,121.0,1006.7760620117188,-2.7513780498639844,-3.0835693187933284,0.7504702103665593,3.627748549695859,-0.3410041119399182,2.2806204761759203,-0.7703517969459106,2.4816365336934334,-3.5677257667701,-1.790226067639766
49.0,121.0,1006.7760620117188,-2.7513886035707498,-3.0835693187933284,0.7504702103665593,3.627748549614573,-0.3410041119448943,2.280622929419383,-0.7703517968482939,2.4816365336934334,-3.567725766770358,-1.790226067639766
49.0,121.0,1006.7760620117188,-2.7513777254595406,-3.083569320576305,0.7504702103665593,3.627748550573877,-0.3410041119401518,2.2806116951943247,-0.7703517815639335,2.4816365336934334,-3.5677257667703035,-1.790226067639766
49.0,121.0,1006.7760620117188,-2.751388718598881,-3.0835693187933284,0.7504702103665593,3.6277485496782944,-0.3410041119441657,2.28062057941505,-0.770351797177225,2.481636533693468,-3.5677257667702427,-1.790226067639766
49.0,121.0,1006.7760620117188,-2.7513780657696554,-3.0835680378074493,0.7504702103665593,3.627748549695859,-0.3410041119398991,2.2806204761759203,-0.7703517969200822,2.4816365336934334,-3.567725766770702,-1.790226067639766
49.0,121.0,1006.7760620117188,-2.751388380755965,-3.0835693187933284,0.7504702103665593,3.627748549614386,-0.3410041119445746,2.280613598824812,-0.7703517970076047,2.4816365336934334,-3.5677257667703577,-1.790226067639766
49.0,121.0,1006.7760620117188,-2.751377864946858,-3.083568583949573,0.7504702103665593,3.627748504981189,-0.3410041119400098,2.2806135005307646,-0.770351784090008,2.4816365336934685,-3.5677257667706592,-1.790226067639766
49.0,121.0,1006.7760620117188,-2.751388463399668,-3.0835693193226352,0.7504702103665593,3.627748514398228,-0.3410041119399451,2.280619673660264,-0.7703517814871831,2.4816365336934334,-3.5677257667703577,-1.790226067639766
49.0,121.0,1006.7760620117188,-2.75137737500952,-3.083569320682247,0.7504702103665593,3.627748555912484,-0.341004111939956,2.2806204761759203,-0.7703517971792055,2.4816365336934334,-3.567725766770095,-1.790226067639766
49.0,121.0,1006.7760620117188,-2.7513891663841625,-3.083569318949215,0.7504702103665593,3.6277482998149937,-0.341004111944066,2.280615191566161,-0.7703517969072398,2.4816365336934334,-3.5677257667703577,-1.790226067639766
49.0,121.0,1006.7760620117188,-2.751377273201935,-3.083568032087617,0.7504702103665593,3.627748534601251,-0.341004111944175,2.280622767004586,-0.7703517808277521,2.481636533693468,-3.567725766770109,-1.790226067639766
49.0,121.0,1006.7760620117188,-2.7513778650194984,-3.083568546029276,0.7504702103665593,3.627748504981189,-0.3410041119400098,2.280611700029564,-0.7703517815648804,2.4816365336934685,-3.567725766770067,-1.790226067639766
49.0,122.0,1006.7760620117188,-2.751388223473793,-3.0835693187933284,0.7504702103665593,3.627748549695859,-0.341004111944066,2.280615191566161,-0.7703517969459106,2.4816365336934334,-3.5677257667703577,-1.790226067639766
49.0,122.0,1006.7760620117188,-2.7513780498639844,-3.0835693187933284,0.7504702103665593,3.627748549695859,-0.3410041119399182,2.2806204761759203,-0.7703517969459106,2.4816365336934334,-3.5677257667701,-1.790226067639766
49.0,122.0,1006.7760620117188,-2.7513780498639844,-3.0835693187933284,0.7504702103665593,3.627748549695859,-0.3410041119399182,2.2806204761759203,-0.7703517969459106,2.4816365336934334,-3.5677257667701,-1.790226067639766
49.0,122.0,1006.7760620117188,-2.751388223473793,-3.0835693187933284,0.7504702103665593,3.627748549614573,-0.3410041119441672,2.280620568692822,-0.7703517970076047,2.4816365336934334,-3.5677257667703577,-1.790226067639766
49.0,122.0,1006.7760620117188,-2.7513774480153352,-3.0835694161087472,0.7504702103665593,3.62774831825964,-0.3410041119451283,2.2806229359921155,-0.7703517836347802,2.4816365336934334,-3.567725766770425,-1.790226067639766
49.0,122.0,1006.7760620117188,-2.75137786494958,-3.0835693187933284,0.7504702103665593,3.627748549695859,-0.3410041119400668,2.280613334841726,-0.7703517971748934,2.481636533693468,-3.5677257667706908,-1.790226067639766
49.0,122.0,1006.7760620117188,-2.7513891973528963,-3.0835692694509462,0.7504702103665593,3.627748507044335,-0.341004111944066,2.280615191566161,-0.7703517820247182,2.4816365336934334,-3.5677257667703577,-1.790226067639766
49.0,122.0,1006.7760620117188,-2.751388223473793,-3.0835693187933284,0.7504702103665593,3.627748549614573,-0.3410041119441672,2.280620568692822,-0.770351782384616,2.481636533693467,-3.567725766764573,-1.790226067639766
49.0,122.0,1006.7760620117188,-2.7513780498639844,-3.0835693187933284,0.7504702103665593,3.627748549695859,-0.3410041119399182,2.2806204761759203,-0.7703517969459106,2.4816365336934334,-3.5677257667701,-1.790226067639766
49.0,122.0,1006.7760620117188,-2.7513788802127825,-3.0835694161087472,0.7504702103665593,3.6277483123715952,-0.3410041119451283,2.2806229359921155,-0.7703517836567474,2.4816365336934334,-3.5677257667706326,-1.790226067639766
49.0,122.0,1006.7760620117188,-2.751388223473793,-3.083569318814585,0.7504702103665593,3.6277485586758953,-0.3410041119441672,2.280620568692822,-0.770351782384616,2.481636533693467,-3.567725766764573,-1.790226067639766
49.0,122.0,1006.7760620117188,-2.7513780498639844,-3.0835680378074493,0.7504702103665593,3.627748549695859,-0.3410041119399182,2.2806204761759203,-0.7703517969087601,2.4816365336934334,-3.5677257667701,-1.790226067639766
49.0,122.0,1006.7760620117188,-2.7513774480153352,-3.0835694161087472,0.7504702103665593,3.627748312829487,-0.3410041119450659,2.280619847173962,-0.7703517836347802,2.4816365336934334,-3.5677257667704323,-1.790226067639766
49.0,122.0,1006.7760620117188,-2.7513891973528963,-3.0835692694509462,0.7504702103665593,3.627748507044335,-0.341004111944066,2.280615191566161,-0.7703517820247182,2.4816365336934334,-3.5677257667703577,-1.790226067639766
49.0,122.0,1006.7760620117188,-2.75137786494958,-3.083569319321926,0.7504702103665593,3.6277485181000526,-0.34100411194388,2.280613334841726,-0.7703517971748934,2.481636533693468,-3.5677257667706908,-1.790226067639766
49.0,122.0,1006.7760620117188,-2.75137786494958,-3.0835693187933284,0.7504702103665593,3.627748549695859,-0.3410041119400668,2.280613334841726,-0.7703517971748934,2.481636533693468,-3.5677257667706908,-1.790226067639766
49.0,122.0,1006.7760620117188,-2.75137799183505,-3.0835693187933284,0.7504702103665593,3.627748549695859,-0.3410041119397954,2.280620290907224,-0.7703517969459106,2.4816365336934334,-3.5677257667701,-1.790226067639766
49.0,122.0,1006.7760620117188,-2.7513778650194984,-3.083568583949573,0.7504702103665593,3.627748504981189,-0.3410041119400098,2.2806199135794434,-0.7703517835506912,2.4816365336934685,-3.567725766770067,-1.790226067639766
49.0,122.0,1006.7760620117188,-2.751388223473793,-3.0835680497431235,0.7504702103665593,3.627748548500165,-0.3410041119441672,2.2806215220986936,-0.7703517964824327,2.4816365336934334,-3.5677257667701205,-1.790226067639766
49.0,122.0,1006.7760620117188,-2.751377273201935,-3.0835693187932303,0.7504702103665593,3.6277485424707416,-0.3410041119440636,2.280620262026629,-0.7703517808277521,2.4816365336934663,-3.5677257667701,-1.790226067639766
49.0,122.0,1006.7760620117188,-2.75137738708674,-3.0835680497431235,0.7504702103665593,3.6277485485177294,-0.3410041119402149,2.280613067788936,-0.7703517964801011,2.4816365336934334,-3.5677257667707285,-1.790226067639766
49.0,122.0,1006.7760620117188,-2.751388180392828,-3.0835693193383937,0.7504702103665593,3.6277485152736975,-0.3410041119441672,2.280620568692822,-0.7703517978107245,2.4816365336934334,-3.5677257667703577,-1.790226067639766
49.0,122.0,1006.7760620117188,-2.7513778650194984,-3.083568583949573,0.7504702103665593,3.627748504981189,-0.3410041119400098,2.2806199135794434,-0.7703517835506912,2.4816365336934685,-3.567725766770067,-1.790226067639766
49.0,122.0,1006.7760620117188,-2.751377448935875,-3.0835694145645305,0.7504702103665593,3.627748313985847,-0.3410041119450659,2.280619847173962,-0.7703517837353705,2.481636533693432,-3.5677257667704527,-1.790226067639766
49.0,122.0,1006.7760620117188,-2.751388223473793,-3.0835693187933284,0.7504702103665593,3.627748549614573,-0.3410041119448943,2.280622929419383,-0.7703517954547302,2.4816365336934334,-3.5677257667703577,-1.790226067639766
49.0,122.0,1006.7760620117188,-2.7513788802127825,-3.083569317293106,0.7504702103665593,3.6277483123715952,-0.3410041119451283,2.2806229359921155,-0.7703517839993878,2.4816365336934334,-3.5677257667706326,-1.790226067639766
49.0,122.0,1006.7760620117188,-2.7513890564871986,-3.083569316482167,0.7504702103665593,3.6277485181000526,-0.34100411194388,2.280613287645195,-0.7703517974633471,2.481636533693468,-3.567725766770698,-1.790226067639766
49.0,122.0,1006.7760620117188,-2.7513780498639844,-3.0835693187933284,0.7504702103665593,3.627748549695859,-0.3410041119399182,2.2806204761759203,-0.7703517969459106,2.4816365336934334,-3.5677257667701,-1.790226067639766
49.0,122.0,1006.7760620117188,-2.7513887013366327,-3.0835693187933284,0.7504702103665593,3.6277485496782944,-0.341004111944019,2.280621789151484,-0.770351797177225,2.481636533693468,-3.567725766770083,-1.790226067639766
49.0,122.0,1006.7760620117188,-2.751377273201935,-3.0835693170197747,0.7504702103665593,3.62774853434305,-0.3410041119440734,2.280622720735064,-0.7703517808277521,2.4816365336934663,-3.567725766770109,-1.790226067639766
49.0,122.0,1006.7760620117188,-2.7513891973528963,-3.0835692694509462,0.7504702103665593,3.627748507044335,-0.3410041119440564,2.280615191566161,-0.7703517836491344,2.4816365336934334,-3.567725766770624,-1.790226067639766
49.0,122.0,1006.7760620117188,-2.75137786494958,-3.0835693187933284,0.7504702103665593,3.627748549695859,-0.3410041119437028,2.280613334841726,-0.7703517971748934,2.481636533693468,-3.5677257667706908,-1.790226067639766
49.0,122.0,1006.7760620117188,-2.751388463399668,-3.0835693193226352,0.7504702103665593,3.627748514398228,-0.3410041119399451,2.280619673660264,-0.7703517814871831,2.4816365336934334,-3.5677257667703577,-1.790226067639766
49.0,122.0,1006.7760620117188,-2.7513891663841625,-3.083569318949215,0.7504702103665593,3.627748549695859,-0.341004111944066,2.280615191566161,-0.7703517969072398,2.4816365336934334,-3.5677257667703577,-1.790226067639766
49.0,122.0,1006.7760620117188,-2.75137786494958,-3.0835693187933284,0.7504702103665593,3.627748549695859,-0.3410041119400668,2.280613334841726,-0.7703517971748934,2.481636533693468,-3.5677257667706908,-1.790226067639766
49.0,122.0,1006.7760620117188,-2.751377864596694,-3.083568583949573,0.7504702103665593,3.627748504981189,-0.3410041119397929,2.2806199135794434,-0.7703517835526579,2.481636533693433,-3.567725766770067,-1.790226067639766
49.0,122.0,1006.7760620117188,-2.7513777254595406,-3.083569320576305,0.7504702103665593,3.6277483110345226,-0.34100411194523,2.2806116951943247,-0.7703517815639335,2.4816365336934334,-3.567725766770313,-1.790226067639766
49.0,122.0,1006.7760620117188,-2.751388223473793,-3.08356941760897,0.7504702103665593,3.627748549695859,-0.341004111944066,2.280615191566161,-0.7703517966032704,2.4816365336934334,-3.5677257667703577,-1.790226067639766
49.0,122.0,1006.7760620117188,-2.7513780498639844,-3.0835693187933284,0.7504702103665593,3.627748549695859,-0.3410041119399182,2.2806204761759203,-0.7703517969459106,2.4816365336934334,-3.5677257667701,-1.790226067639766
49.0,122.0,1006.7760620117188,-2.7513886035707498,-3.0835693187933284,0.7504702103665593,3.627748549614573,-0.3410041119448943,2.280622929419383,-0.7703517968482939,2.4816365336934334,-3.567725766770358,-1.790226067639766
49.0,122.0,1006.7760620117188,-2.7513777254595406,-3.083569320576305,0.7504702103665593,3.627748550573877,-0.3410041119401518,2.2806116951943247,-0.7703517815639335,2.4816365336934334,-3.5677257667703035,-1.790226067639766
49.0,122.0,1006.7760620117188,-2.751388718598881,-3.0835693187933284,0.7504702103665593,3.6277485496782944,-0.3410041119441657,2.28062057941505,-0.770351797177225,2.481636533693468,-3.5677257667702427,-1.790226067639766
49.0,122.0,1006.7760620117188,-2.7513780657696554,-3.0835680378074493,0.7504702103665593,3.627748549695859,-0.3410041119398991,2.2806204761759203,-0.7703517969200822,2.4816365336934334,-3.567725766770702,-1.790226067639766
49.0,122.0,1006.7760620117188,-2.751388380755965,-3.0835693187933284,0.7504702103665593,3.627748549614386,-0.3410041119445746,2.280613598824812,-0.7703517970076047,2.4816365336934334,-3.5677257667703577,-1.790226067639766
49.0,122.0,1006.7760620117188,-2.751377864946858,-3.083568583949573,0.7504702103665593,3.627748504981189,-0.3410041119400098,2.2806135005307646,-0.770351784090008,2.4816365336934685,-3.5677257667706592,-1.790226067639766
49.0,122.0,1006.7760620117188,-2.751388463399668,-3.0835693193226352,0.7504702103665593,3.627748514398228,-0.3410041119399451,2.280619673660264,-0.7703517814871831,2.4816365336934334,-3.5677257667703577,-1.790226067639766
49.0,122.0,1006.7760620117188,-2.75137737500952,-3.083569320682247,0.7504702103665593,3.627748555912484,-0.341004111939956,2.2806204761759203,-0.7703517971792055,2.4816365336934334,-3.567725766770095,-1.790226067639766
49.0,122.0,1006.7760620117188,-2.7513891663841625,-3.083569318949215,0.7504702103665593,3.6277482998149937,-0.341004111944066,2.280615191566161,-0.7703517969072398,2.4816365336934334,-3.5677257667703577,-1.790226067639766
49.0,122.0,1006.7760620117188,-2.751377273201935,-3.083568032087617,0.7504702103665593,3.627748534601251,-0.341004111944175,2.280622767004586,-0.7703517808277521,2.481636533693468,-3.567725766770109,-1.790226067639766
49.0,122.0,1006.7760620117188,-2.7513778650194984,-3.083568546029276,0.7504702103665593,3.627748504981189,-0.3410041119400098,2.280611700029564,-0.7703517815648804,2.4816365336934685,-3.567725766770067,-1.790226067639766
49.0,123.0,1006.7760620117188,-2.751388223473793,-3.0835693187933284,0.7504702103665593,3.627748549695859,-0.341004111944066,2.280615191566161,-0.7703517969459106,2.4816365336934334,-3.5677257667703577,-1.790226067639766
49.0,123.0,1006.7760620117188,-2.7513780498639844,-3.0835693187933284,0.7504702103665593,3.627748549695859,-0.3410041119399182,2.2806204761759203,-0.7703517969459106,2.4816365336934334,-3.5677257667701,-1.790226067639766
49.0,123.0,1006.7760620117188,-2.7513780498639844,-3.0835693187933284,0.7504702103665593,3.627748549695859,-0.3410041119399182,2.2806204761759203,-0.7703517969459106,2.4816365336934334,-3.5677257667701,-1.790226067639766
49.0,123.0,1006.7760620117188,-2.751388223473793,-3.0835693187933284,0.7504702103665593,3.627748549614573,-0.3410041119441672,2.280620568692822,-0.7703517970076047,2.4816365336934334,-3.5677257667703577,-1.790226067639766
49.0,123.0,1006.7760620117188,-2.7513774480153352,-3.0835694161087472,0.7504702103665593,3.62774831825964,-0.3410041119451283,2.2806229359921155,-0.7703517836347802,2.4816365336934334,-3.567725766770425,-1.790226067639766
49.0,123.0,1006.7760620117188,-2.75137786494958,-3.0835693187933284,0.7504702103665593,3.627748549695859,-0.3410041119400668,2.280613334841726,-0.7703517971748934,2.481636533693468,-3.5677257667706908,-1.790226067639766
49.0,123.0,1006.7760620117188,-2.7513891973528963,-3.0835692694509462,0.7504702103665593,3.627748507044335,-0.341004111944066,2.280615191566161,-0.7703517820247182,2.4816365336934334,-3.5677257667703577,-1.790226067639766
49.0,123.0,1006.7760620117188,-2.751388223473793,-3.0835693187933284,0.7504702103665593,3.627748549614573,-0.3410041119441672,2.280620568692822,-0.770351782384616,2.481636533693467,-3.567725766764573,-1.790226067639766
49.0,123.0,1006.7760620117188,-2.7513780498639844,-3.0835693187933284,0.7504702103665593,3.627748549695859,-0.3410041119399182,2.2806204761759203,-0.7703517969459106,2.4816365336934334,-3.5677257667701,-1.790226067639766
49.0,123.0,1006.7760620117188,-2.7513788802127825,-3.0835694161087472,0.7504702103665593,3.6277483123715952,-0.3410041119451283,2.2806229359921155,-0.7703517836567474,2.4816365336934334,-3.5677257667706326,-1.790226067639766
49.0,123.0,1006.7760620117188,-2.751388223473793,-3.083569318814585,0.7504702103665593,3.6277485586758953,-0.3410041119441672,2.280620568692822,-0.770351782384616,2.481636533693467,-3.567725766764573,-1.790226067639766
49.0,123.0,1006.7760620117188,-2.7513780498639844,-3.0835680378074493,0.7504702103665593,3.627748549695859,-0.3410041119399182,2.2806204761759203,-0.7703517969087601,2.4816365336934334,-3.5677257667701,-1.790226067639766
49.0,123.0,1006.7760620117188,-2.7513774480153352,-3.0835694161087472,0.7504702103665593,3.627748312829487,-0.3410041119450659,2.280619847173962,-0.7703517836347802,2.4816365336934334,-3.5677257667704323,-1.790226067639766
49.0,123.0,1006.7760620117188,-2.7513891973528963,-3.0835692694509462,0.7504702103665593,3.627748507044335,-0.341004111944066,2.280615191566161,-0.7703517820247182,2.4816365336934334,-3.5677257667703577,-1.790226067639766
49.0,123.0,1006.7760620117188,-2.75137786494958,-3.083569319321926,0.7504702103665593,3.6277485181000526,-0.34100411194388,2.280613334841726,-0.7703517971748934,2.481636533693468,-3.5677257667706908,-1.790226067639766
49.0,123.0,1006.7760620117188,-2.75137786494958,-3.0835693187933284,0.7504702103665593,3.627748549695859,-0.3410041119400668,2.280613334841726,-0.7703517971748934,2.481636533693468,-3.5677257667706908,-1.790226067639766
49.0,123.0,1006.7760620117188,-2.75137799183505,-3.0835693187933284,0.7504702103665593,3.627748549695859,-0.3410041119397954,2.280620290907224,-0.7703517969459106,2.4816365336934334,-3.5677257667701,-1.790226067639766
49.0,123.0,1006.7760620117188,-2.7513778650194984,-3.083568583949573,0.7504702103665593,3.627748504981189,-0.3410041119400098,2.2806199135794434,-0.7703517835506912,2.4816365336934685,-3.567725766770067,-1.790226067639766
49.0,123.0,1006.7760620117188,-2.751388223473793,-3.0835680497431235,0.7504702103665593,3.627748548500165,-0.3410041119441672,2.2806215220986936,-0.7703517964824327,2.4816365336934334,-3.5677257667701205,-1.790226067639766
49.0,123.0,1006.7760620117188,-2.751377273201935,-3.0835693187932303,0.7504702103665593,3.6277485424707416,-0.3410041119440636,2.280620262026629,-0.7703517808277521,2.4816365336934663,-3.5677257667701,-1.790226067639766
49.0,123.0,1006.7760620117188,-2.75137738708674,-3.0835680497431235,0.7504702103665593,3.6277485485177294,-0.3410041119402149,2.280613067788936,-0.7703517964801011,2.4816365336934334,-3.5677257667707285,-1.790226067639766
49.0,123.0,1006.7760620117188,-2.751388180392828,-3.0835693193383937,0.7504702103665593,3.6277485152736975,-0.3410041119441672,2.280620568692822,-0.7703517978107245,2.4816365336934334,-3.5677257667703577,-1.790226067639766
49.0,123.0,1006.7760620117188,-2.7513778650194984,-3.083568583949573,0.7504702103665593,3.627748504981189,-0.3410041119400098,2.2806199135794434,-0.7703517835506912,2.4816365336934685,-3.567725766770067,-1.790226067639766
49.0,123.0,1006.7760620117188,-2.751377448935875,-3.0835694145645305,0.7504702103665593,3.627748313985847,-0.3410041119450659,2.280619847173962,-0.7703517837353705,2.481636533693432,-3.5677257667704527,-1.790226067639766
49.0,123.0,1006.7760620117188,-2.751388223473793,-3.0835693187933284,0.7504702103665593,3.627748549614573,-0.3410041119448943,2.280622929419383,-0.7703517954547302,2.4816365336934334,-3.5677257667703577,-1.790226067639766
49.0,123.0,1006.7760620117188,-2.7513788802127825,-3.083569317293106,0.7504702103665593,3.6277483123715952,-0.3410041119451283,2.2806229359921155,-0.7703517839993878,2.4816365336934334,-3.5677257667706326,-1.790226067639766
49.0,123.0,1006.7760620117188,-2.7513890564871986,-3.083569316482167,0.7504702103665593,3.6277485181000526,-0.34100411194388,2.280613287645195,-0.7703517974633471,2.481636533693468,-3.567725766770698,-1.790226067639766
49.0,123.0,1006.7760620117188,-2.7513780498639844,-3.0835693187933284,0.7504702103665593,3.627748549695859,-0.3410041119399182,2.2806204761759203,-0.7703517969459106,2.4816365336934334,-3.5677257667701,-1.790226067639766
49.0,123.0,1006.7760620117188,-2.7513887013366327,-3.0835693187933284,0.7504702103665593,3.6277485496782944,-0.341004111944019,2.280621789151484,-0.770351797177225,2.481636533693468,-3.567725766770083,-1.790226067639766
49.0,123.0,1006.7760620117188,-2.751377273201935,-3.0835693170197747,0.7504702103665593,3.62774853434305,-0.3410041119440734,2.280622720735064,-0.7703517808277521,2.4816365336934663,-3.567725766770109,-1.790226067639766
49.0,123.0,1006.7760620117188,-2.7513891973528963,-3.0835692694509462,0.7504702103665593,3.627748507044335,-0.3410041119440564,2.280615191566161,-0.7703517836491344,2.4816365336934334,-3.567725766770624,-1.790226067639766
49.0,123.0,1006.7760620117188,-2.75137786494958,-3.0835693187933284,0.7504702103665593,3.627748549695859,-0.3410041119437028,2.280613334841726,-0.7703517971748934,2.481636533693468,-3.5677257667706908,-1.790226067639766
49.0,123.0,1006.7760620117188,-2.751388463399668,-3.0835693193226352,0.7504702103665593,3.627748514398228,-0.3410041119399451,2.280619673660264,-0.7703517814871831,2.4816365336934334,-3.5677257667703577,-1.790226067639766
49.0,123.0,1006.7760620117188,-2.7513891663841625,-3.083569318949215,0.7504702103665593,3.627748549695859,-0.341004111944066,2.280615191566161,-0.7703517969072398,2.4816365336934334,-3.5677257667703577,-1.790226067639766
49.0,123.0,1006.7760620117188,-2.75137786494958,-3.0835693187933284,0.7504702103665593,3.627748549695859,-0.3410041119400668,2.280613334841726,-0.7703517971748934,2.481636533693468,-3.5677257667706908,-1.790226067639766
49.0,123.0,1006.7760620117188,-2.751377864596694,-3.083568583949573,0.7504702103665593,3.627748504981189,-0.3410041119397929,2.2806199135794434,-0.7703517835526579,2.481636533693433,-3.567725766770067,-1.790226067639766
49.0,123.0,1006.7760620117188,-2.7513777254595406,-3.083569320576305,0.7504702103665593,3.6277483110345226,-0.34100411194523,2.2806116951943247,-0.7703517815639335,2.4816365336934334,-3.567725766770313,-1.790226067639766
49.0,123.0,1006.7760620117188,-2.751388223473793,-3.08356941760897,0.7504702103665593,3.627748549695859,-0.341004111944066,2.280615191566161,-0.7703517966032704,2.4816365336934334,-3.5677257667703577,-1.790226067639766
49.0,123.0,1006.7760620117188,-2.7513780498639844,-3.0835693187933284,0.7504702103665593,3.627748549695859,-0.3410041119399182,2.2806204761759203,-0.7703517969459106,2.4816365336934334,-3.5677257667701,-1.790226067639766
49.0,123.0,1006.7760620117188,-2.7513886035707498,-3.0835693187933284,0.7504702103665593,3.627748549614573,-0.3410041119448943,2.280622929419383,-0.7703517968482939,2.4816365336934334,-3.567725766770358,-1.790226067639766
49.0,123.0,1006.7760620117188,-2.7513777254595406,-3.083569320576305,0.7504702103665593,3.627748550573877,-0.3410041119401518,2.2806116951943247,-0.7703517815639335,2.4816365336934334,-3.5677257667703035,-1.790226067639766
49.0,123.0,1006.7760620117188,-2.751388718598881,-3.0835693187933284,0.7504702103665593,3.6277485496782944,-0.3410041119441657,2.28062057941505,-0.770351797177225,2.481636533693468,-3.5677257667702427,-1.790226067639766
49.0,123.0,1006.7760620117188,-2.7513780657696554,-3.0835680378074493,0.7504702103665593,3.627748549695859,-0.3410041119398991,2.2806204761759203,-0.7703517969200822,2.4816365336934334,-3.567725766770702,-1.790226067639766
49.0,123.0,1006.7760620117188,-2.751388380755965,-3.0835693187933284,0.7504702103665593,3.627748549614386,-0.3410041119445746,2.280613598824812,-0.7703517970076047,2.4816365336934334,-3.5677257667703577,-1.790226067639766
49.0,123.0,1006.7760620117188,-2.751377864946858,-3.083568583949573,0.7504702103665593,3.627748504981189,-0.3410041119400098,2.2806135005307646,-0.770351784090008,2.4816365336934685,-3.5677257667706592,-1.790226067639766
49.0,123.0,1006.7760620117188,-2.751388463399668,-3.0835693193226352,0.7504702103665593,3.627748514398228,-0.3410041119399451,2.280619673660264,-0.7703517814871831,2.4816365336934334,-3.5677257667703577,-1.790226067639766
49.0,123.0,1006.7760620117188,-2.75137737500952,-3.083569320682247,0.7504702103665593,3.627748555912484,-0.341004111939956,2.2806204761759203,-0.7703517971792055,2.4816365336934334,-3.567725766770095,-1.790226067639766
49.0,123.0,1006.7760620117188,-2.7513891663841625,-3.083569318949215,0.7504702103665593,3.6277482998149937,-0.341004111944066,2.280615191566161,-0.7703517969072398,2.4816365336934334,-3.5677257667703577,-1.790226067639766
49.0,123.0,1006.7760620117188,-2.751377273201935,-3.083568032087617,0.7504702103665593,3.627748534601251,-0.341004111944175,2.280622767004586,-0.7703517808277521,2.481636533693468,-3.567725766770109,-1.790226067639766
49.0,123.0,1006.7760620117188,-2.7513778650194984,-3.083568546029276,0.7504702103665593,3.627748504981189,-0.3410041119400098,2.280611700029564,-0.7703517815648804,2.4816365336934685,-3.567725766770067,-1.790226067639766
49.0,124.0,1006.7760620117188,-2.751388223473793,-3.0835693187933284,0.7504702103665593,3.627748549695859,-0.341004111944066,2.280615191566161,-0.7703517969459106,2.4816365336934334,-3.5677257667703577,-1.790226067639766
49.0,124.0,1006.7760620117188,-2.7513780498639844,-3.0835693187933284,0.7504702103665593,3.627748549695859,-0.3410041119399182,2.2806204761759203,-0.7703517969459106,2.4816365336934334,-3.5677257667701,-1.790226067639766
49.0,124.0,1006.7760620117188,-2.7513780498639844,-3.0835693187933284,0.7504702103665593,3.627748549695859,-0.3410041119399182,2.2806204761759203,-0.7703517969459106,2.4816365336934334,-3.5677257667701,-1.790226067639766
49.0,124.0,1006.7760620117188,-2.751388223473793,-3.0835693187933284,0.7504702103665593,3.627748549614573,-0.3410041119441672,2.280620568692822,-0.7703517970076047,2.4816365336934334,-3.5677257667703577,-1.790226067639766
49.0,124.0,1006.7760620117188,-2.7513774480153352,-3.0835694161087472,0.7504702103665593,3.62774831825964,-0.3410041119451283,2.2806229359921155,-0.7703517836347802,2.4816365336934334,-3.567725766770425,-1.790226067639766
49.0,124.0,1006.7760620117188,-2.75137786494958,-3.0835693187933284,0.7504702103665593,3.627748549695859,-0.3410041119400668,2.280613334841726,-0.7703517971748934,2.481636533693468,-3.5677257667706908,-1.790226067639766
49.0,124.0,1006.7760620117188,-2.7513891973528963,-3.0835692694509462,0.7504702103665593,3.627748507044335,-0.341004111944066,2.280615191566161,-0.7703517820247182,2.4816365336934334,-3.5677257667703577,-1.790226067639766
49.0,124.0,1006.7760620117188,-2.751388223473793,-3.0835693187933284,0.7504702103665593,3.627748549614573,-0.3410041119441672,2.280620568692822,-0.770351782384616,2.481636533693467,-3.567725766764573,-1.790226067639766
49.0,124.0,1006.7760620117188,-2.7513780498639844,-3.0835693187933284,0.7504702103665593,3.627748549695859,-0.3410041119399182,2.2806204761759203,-0.7703517969459106,2.4816365336934334,-3.5677257667701,-1.790226067639766
49.0,124.0,1006.7760620117188,-2.7513788802127825,-3.0835694161087472,0.7504702103665593,3.6277483123715952,-0.3410041119451283,2.2806229359921155,-0.7703517836567474,2.4816365336934334,-3.5677257667706326,-1.790226067639766
49.0,124.0,1006.7760620117188,-2.751388223473793,-3.083569318814585,0.7504702103665593,3.6277485586758953,-0.3410041119441672,2.280620568692822,-0.770351782384616,2.481636533693467,-3.567725766764573,-1.790226067639766
49.0,124.0,1006.7760620117188,-2.7513780498639844,-3.0835680378074493,0.7504702103665593,3.627748549695859,-0.3410041119399182,2.2806204761759203,-0.7703517969087601,2.4816365336934334,-3.5677257667701,-1.790226067639766
49.0,124.0,1006.7760620117188,-2.7513774480153352,-3.0835694161087472,0.7504702103665593,3.627748312829487,-0.3410041119450659,2.280619847173962,-0.7703517836347802,2.4816365336934334,-3.5677257667704323,-1.790226067639766
49.0,124.0,1006.7760620117188,-2.7513891973528963,-3.0835692694509462,0.7504702103665593,3.627748507044335,-0.341004111944066,2.280615191566161,-0.7703517820247182,2.4816365336934334,-3.5677257667703577,-1.790226067639766
49.0,124.0,1006.7760620117188,-2.75137786494958,-3.083569319321926,0.7504702103665593,3.6277485181000526,-0.34100411194388,2.280613334841726,-0.7703517971748934,2.481636533693468,-3.5677257667706908,-1.790226067639766
49.0,124.0,1006.7760620117188,-2.75137786494958,-3.0835693187933284,0.7504702103665593,3.627748549695859,-0.3410041119400668,2.280613334841726,-0.7703517971748934,2.481636533693468,-3.5677257667706908,-1.790226067639766
49.0,124.0,1006.7760620117188,-2.75137799183505,-3.0835693187933284,0.7504702103665593,3.627748549695859,-0.3410041119397954,2.280620290907224,-0.7703517969459106,2.4816365336934334,-3.5677257667701,-1.790226067639766
49.0,124.0,1006.7760620117188,-2.7513778650194984,-3.083568583949573,0.7504702103665593,3.627748504981189,-0.3410041119400098,2.2806199135794434,-0.7703517835506912,2.4816365336934685,-3.567725766770067,-1.790226067639766
49.0,124.0,1006.7760620117188,-2.751388223473793,-3.0835680497431235,0.7504702103665593,3.627748548500165,-0.3410041119441672,2.2806215220986936,-0.7703517964824327,2.4816365336934334,-3.5677257667701205,-1.790226067639766
49.0,124.0,1006.7760620117188,-2.751377273201935,-3.0835693187932303,0.7504702103665593,3.6277485424707416,-0.3410041119440636,2.280620262026629,-0.7703517808277521,2.4816365336934663,-3.5677257667701,-1.790226067639766
49.0,124.0,1006.7760620117188,-2.75137738708674,-3.0835680497431235,0.7504702103665593,3.6277485485177294,-0.3410041119402149,2.280613067788936,-0.7703517964801011,2.4816365336934334,-3.5677257667707285,-1.790226067639766
49.0,124.0,1006.7760620117188,-2.751388180392828,-3.0835693193383937,0.7504702103665593,3.6277485152736975,-0.3410041119441672,2.280620568692822,-0.7703517978107245,2.4816365336934334,-3.5677257667703577,-1.790226067639766
49.0,124.0,1006.7760620117188,-2.7513778650194984,-3.083568583949573,0.7504702103665593,3.627748504981189,-0.3410041119400098,2.2806199135794434,-0.7703517835506912,2.4816365336934685,-3.567725766770067,-1.790226067639766
49.0,124.0,1006.7760620117188,-2.751377448935875,-3.0835694145645305,0.7504702103665593,3.627748313985847,-0.3410041119450659,2.280619847173962,-0.7703517837353705,2.481636533693432,-3.5677257667704527,-1.790226067639766
49.0,124.0,1006.7760620117188,-2.751388223473793,-3.0835693187933284,0.7504702103665593,3.627748549614573,-0.3410041119448943,2.280622929419383,-0.7703517954547302,2.4816365336934334,-3.5677257667703577,-1.790226067639766
49.0,124.0,1006.7760620117188,-2.7513788802127825,-3.083569317293106,0.7504702103665593,3.6277483123715952,-0.3410041119451283,2.2806229359921155,-0.7703517839993878,2.4816365336934334,-3.5677257667706326,-1.790226067639766
49.0,124.0,1006.7760620117188,-2.7513890564871986,-3.083569316482167,0.7504702103665593,3.6277485181000526,-0.34100411194388,2.280613287645195,-0.7703517974633471,2.481636533693468,-3.567725766770698,-1.790226067639766
49.0,124.0,1006.7760620117188,-2.7513780498639844,-3.0835693187933284,0.7504702103665593,3.627748549695859,-0.3410041119399182,2.2806204761759203,-0.7703517969459106,2.4816365336934334,-3.5677257667701,-1.790226067639766
49.0,124.0,1006.7760620117188,-2.7513887013366327,-3.0835693187933284,0.7504702103665593,3.6277485496782944,-0.341004111944019,2.280621789151484,-0.770351797177225,2.481636533693468,-3.567725766770083,-1.790226067639766
49.0,124.0,1006.7760620117188,-2.751377273201935,-3.0835693170197747,0.7504702103665593,3.62774853434305,-0.3410041119440734,2.280622720735064,-0.7703517808277521,2.4816365336934663,-3.567725766770109,-1.790226067639766
49.0,124.0,1006.7760620117188,-2.7513891973528963,-3.0835692694509462,0.7504702103665593,3.627748507044335,-0.3410041119440564,2.280615191566161,-0.7703517836491344,2.4816365336934334,-3.567725766770624,-1.790226067639766
49.0,124.0,1006.7760620117188,-2.75137786494958,-3.0835693187933284,0.7504702103665593,3.627748549695859,-0.3410041119437028,2.280613334841726,-0.7703517971748934,2.481636533693468,-3.5677257667706908,-1.790226067639766
49.0,124.0,1006.7760620117188,-2.751388463399668,-3.0835693193226352,0.7504702103665593,3.627748514398228,-0.3410041119399451,2.280619673660264,-0.7703517814871831,2.4816365336934334,-3.5677257667703577,-1.790226067639766
49.0,124.0,1006.7760620117188,-2.7513891663841625,-3.083569318949215,0.7504702103665593,3.627748549695859,-0.341004111944066,2.280615191566161,-0.7703517969072398,2.4816365336934334,-3.5677257667703577,-1.790226067639766
49.0,124.0,1006.7760620117188,-2.75137786494958,-3.0835693187933284,0.7504702103665593,3.627748549695859,-0.3410041119400668,2.280613334841726,-0.7703517971748934,2.481636533693468,-3.5677257667706908,-1.790226067639766
49.0,124.0,1006.7760620117188,-2.751377864596694,-3.083568583949573,0.7504702103665593,3.627748504981189,-0.3410041119397929,2.2806199135794434,-0.7703517835526579,2.481636533693433,-3.567725766770067,-1.790226067639766
49.0,124.0,1006.7760620117188,-2.7513777254595406,-3.083569320576305,0.7504702103665593,3.6277483110345226,-0.34100411194523,2.2806116951943247,-0.7703517815639335,2.4816365336934334,-3.567725766770313,-1.790226067639766
49.0,124.0,1006.7760620117188,-2.751388223473793,-3.08356941760897,0.7504702103665593,3.627748549695859,-0.341004111944066,2.280615191566161,-0.7703517966032704,2.4816365336934334,-3.5677257667703577,-1.790226067639766
49.0,124.0,1006.7760620117188,-2.7513780498639844,-3.0835693187933284,0.7504702103665593,3.627748549695859,-0.3410041119399182,2.2806204761759203,-0.7703517969459106,2.4816365336934334,-3.5677257667701,-1.790226067639766
49.0,124.0,1006.7760620117188,-2.7513886035707498,-3.0835693187933284,0.7504702103665593,3.627748549614573,-0.3410041119448943,2.280622929419383,-0.7703517968482939,2.4816365336934334,-3.567725766770358,-1.790226067639766
49.0,124.0,1006.7760620117188,-2.7513777254595406,-3.083569320576305,0.7504702103665593,3.627748550573877,-0.3410041119401518,2.2806116951943247,-0.7703517815639335,2.4816365336934334,-3.5677257667703035,-1.790226067639766
49.0,124.0,1006.7760620117188,-2.751388718598881,-3.0835693187933284,0.7504702103665593,3.6277485496782944,-0.3410041119441657,2.28062057941505,-0.770351797177225,2.481636533693468,-3.5677257667702427,-1.790226067639766
49.0,124.0,1006.7760620117188,-2.7513780657696554,-3.0835680378074493,0.7504702103665593,3.627748549695859,-0.3410041119398991,2.2806204761759203,-0.7703517969200822,2.4816365336934334,-3.567725766770702,-1.790226067639766
49.0,124.0,1006.7760620117188,-2.751388380755965,-3.0835693187933284,0.7504702103665593,3.627748549614386,-0.3410041119445746,2.280613598824812,-0.7703517970076047,2.4816365336934334,-3.5677257667703577,-1.790226067639766
49.0,124.0,1006.7760620117188,-2.751377864946858,-3.083568583949573,0.7504702103665593,3.627748504981189,-0.3410041119400098,2.2806135005307646,-0.770351784090008,2.4816365336934685,-3.5677257667706592,-1.790226067639766
49.0,124.0,1006.7760620117188,-2.751388463399668,-3.0835693193226352,0.7504702103665593,3.627748514398228,-0.3410041119399451,2.280619673660264,-0.7703517814871831,2.4816365336934334,-3.5677257667703577,-1.790226067639766
49.0,124.0,1006.7760620117188,-2.75137737500952,-3.083569320682247,0.7504702103665593,3.627748555912484,-0.341004111939956,2.2806204761759203,-0.7703517971792055,2.4816365336934334,-3.567725766770095,-1.790226067639766
49.0,124.0,1006.7760620117188,-2.7513891663841625,-3.083569318949215,0.7504702103665593,3.6277482998149937,-0.341004111944066,2.280615191566161,-0.7703517969072398,2.4816365336934334,-3.5677257667703577,-1.790226067639766
49.0,124.0,1006.7760620117188,-2.751377273201935,-3.083568032087617,0.7504702103665593,3.627748534601251,-0.341004111944175,2.280622767004586,-0.7703517808277521,2.481636533693468,-3.567725766770109,-1.790226067639766
49.0,124.0,1006.7760620117188,-2.7513778650194984,-3.083568546029276,0.7504702103665593,3.627748504981189,-0.3410041119400098,2.280611700029564,-0.7703517815648804,2.4816365336934685,-3.567725766770067,-1.790226067639766
49.0,125.0,1006.7760620117188,-2.751388223473793,-3.0835693187933284,0.7504702103665593,3.627748549695859,-0.341004111944066,2.280615191566161,-0.7703517969459106,2.4816365336934334,-3.5677257667703577,-1.790226067639766
49.0,125.0,1006.7760620117188,-2.7513780498639844,-3.0835693187933284,0.7504702103665593,3.627748549695859,-0.3410041119399182,2.2806204761759203,-0.7703517969459106,2.4816365336934334,-3.5677257667701,-1.790226067639766
49.0,125.0,1006.7760620117188,-2.7513780498639844,-3.0835693187933284,0.7504702103665593,3.627748549695859,-0.3410041119399182,2.2806204761759203,-0.7703517969459106,2.4816365336934334,-3.5677257667701,-1.790226067639766
49.0,125.0,1006.7760620117188,-2.751388223473793,-3.0835693187933284,0.7504702103665593,3.627748549614573,-0.3410041119441672,2.280620568692822,-0.7703517970076047,2.4816365336934334,-3.5677257667703577,-1.790226067639766
49.0,125.0,1006.7760620117188,-2.7513774480153352,-3.0835694161087472,0.7504702103665593,3.62774831825964,-0.3410041119451283,2.2806229359921155,-0.7703517836347802,2.4816365336934334,-3.567725766770425,-1.790226067639766
49.0,125.0,1006.7760620117188,-2.75137786494958,-3.0835693187933284,0.7504702103665593,3.627748549695859,-0.3410041119400668,2.280613334841726,-0.7703517971748934,2.481636533693468,-3.5677257667706908,-1.790226067639766
49.0,125.0,1006.7760620117188,-2.7513891973528963,-3.0835692694509462,0.7504702103665593,3.627748507044335,-0.341004111944066,2.280615191566161,-0.7703517820247182,2.4816365336934334,-3.5677257667703577,-1.790226067639766
49.0,125.0,1006.7760620117188,-2.751388223473793,-3.0835693187933284,0.7504702103665593,3.627748549614573,-0.3410041119441672,2.280620568692822,-0.770351782384616,2.481636533693467,-3.567725766764573,-1.790226067639766
49.0,125.0,1006.7760620117188,-2.7513780498639844,-3.0835693187933284,0.7504702103665593,3.627748549695859,-0.3410041119399182,2.2806204761759203,-0.7703517969459106,2.4816365336934334,-3.5677257667701,-1.790226067639766
49.0,125.0,1006.7760620117188,-2.7513788802127825,-3.0835694161087472,0.7504702103665593,3.6277483123715952,-0.3410041119451283,2.2806229359921155,-0.7703517836567474,2.4816365336934334,-3.5677257667706326,-1.790226067639766
49.0,125.0,1006.7760620117188,-2.751388223473793,-3.083569318814585,0.7504702103665593,3.6277485586758953,-0.3410041119441672,2.280620568692822,-0.770351782384616,2.481636533693467,-3.567725766764573,-1.790226067639766
49.0,125.0,1006.7760620117188,-2.7513780498639844,-3.0835680378074493,0.7504702103665593,3.627748549695859,-0.3410041119399182,2.2806204761759203,-0.7703517969087601,2.4816365336934334,-3.5677257667701,-1.790226067639766
49.0,125.0,1006.7760620117188,-2.7513774480153352,-3.0835694161087472,0.7504702103665593,3.627748312829487,-0.3410041119450659,2.280619847173962,-0.7703517836347802,2.4816365336934334,-3.5677257667704323,-1.790226067639766
49.0,125.0,1006.7760620117188,-2.7513891973528963,-3.0835692694509462,0.7504702103665593,3.627748507044335,-0.341004111944066,2.280615191566161,-0.7703517820247182,2.4816365336934334,-3.5677257667703577,-1.790226067639766
49.0,125.0,1006.7760620117188,-2.75137786494958,-3.083569319321926,0.7504702103665593,3.6277485181000526,-0.34100411194388,2.280613334841726,-0.7703517971748934,2.481636533693468,-3.5677257667706908,-1.790226067639766
49.0,125.0,1006.7760620117188,-2.75137786494958,-3.0835693187933284,0.7504702103665593,3.627748549695859,-0.3410041119400668,2.280613334841726,-0.7703517971748934,2.481636533693468,-3.5677257667706908,-1.790226067639766
49.0,125.0,1006.7760620117188,-2.75137799183505,-3.0835693187933284,0.7504702103665593,3.627748549695859,-0.3410041119397954,2.280620290907224,-0.7703517969459106,2.4816365336934334,-3.5677257667701,-1.790226067639766
49.0,125.0,1006.7760620117188,-2.7513778650194984,-3.083568583949573,0.7504702103665593,3.627748504981189,-0.3410041119400098,2.2806199135794434,-0.7703517835506912,2.4816365336934685,-3.567725766770067,-1.790226067639766
49.0,125.0,1006.7760620117188,-2.751388223473793,-3.0835680497431235,0.7504702103665593,3.627748548500165,-0.3410041119441672,2.2806215220986936,-0.7703517964824327,2.4816365336934334,-3.5677257667701205,-1.790226067639766
49.0,125.0,1006.7760620117188,-2.751377273201935,-3.0835693187932303,0.7504702103665593,3.6277485424707416,-0.3410041119440636,2.280620262026629,-0.7703517808277521,2.4816365336934663,-3.5677257667701,-1.790226067639766
49.0,125.0,1006.7760620117188,-2.75137738708674,-3.0835680497431235,0.7504702103665593,3.6277485485177294,-0.3410041119402149,2.280613067788936,-0.7703517964801011,2.4816365336934334,-3.5677257667707285,-1.790226067639766
49.0,125.0,1006.7760620117188,-2.751388180392828,-3.0835693193383937,0.7504702103665593,3.6277485152736975,-0.3410041119441672,2.280620568692822,-0.7703517978107245,2.4816365336934334,-3.5677257667703577,-1.790226067639766
49.0,125.0,1006.7760620117188,-2.7513778650194984,-3.083568583949573,0.7504702103665593,3.627748504981189,-0.3410041119400098,2.2806199135794434,-0.7703517835506912,2.4816365336934685,-3.567725766770067,-1.790226067639766
49.0,125.0,1006.7760620117188,-2.751377448935875,-3.0835694145645305,0.7504702103665593,3.627748313985847,-0.3410041119450659,2.280619847173962,-0.7703517837353705,2.481636533693432,-3.5677257667704527,-1.790226067639766
49.0,125.0,1006.7760620117188,-2.751388223473793,-3.0835693187933284,0.7504702103665593,3.627748549614573,-0.3410041119448943,2.280622929419383,-0.7703517954547302,2.4816365336934334,-3.5677257667703577,-1.790226067639766
49.0,125.0,1006.7760620117188,-2.7513788802127825,-3.083569317293106,0.7504702103665593,3.6277483123715952,-0.3410041119451283,2.2806229359921155,-0.7703517839993878,2.4816365336934334,-3.5677257667706326,-1.790226067639766
49.0,125.0,1006.7760620117188,-2.7513890564871986,-3.083569316482167,0.7504702103665593,3.6277485181000526,-0.34100411194388,2.280613287645195,-0.7703517974633471,2.481636533693468,-3.567725766770698,-1.790226067639766
49.0,125.0,1006.7760620117188,-2.7513780498639844,-3.0835693187933284,0.7504702103665593,3.627748549695859,-0.3410041119399182,2.2806204761759203,-0.7703517969459106,2.4816365336934334,-3.5677257667701,-1.790226067639766
49.0,125.0,1006.7760620117188,-2.7513887013366327,-3.0835693187933284,0.7504702103665593,3.6277485496782944,-0.341004111944019,2.280621789151484,-0.770351797177225,2.481636533693468,-3.567725766770083,-1.790226067639766
49.0,125.0,1006.7760620117188,-2.751377273201935,-3.0835693170197747,0.7504702103665593,3.62774853434305,-0.3410041119440734,2.280622720735064,-0.7703517808277521,2.4816365336934663,-3.567725766770109,-1.790226067639766
49.0,125.0,1006.7760620117188,-2.7513891973528963,-3.0835692694509462,0.7504702103665593,3.627748507044335,-0.3410041119440564,2.280615191566161,-0.7703517836491344,2.4816365336934334,-3.567725766770624,-1.790226067639766
49.0,125.0,1006.7760620117188,-2.75137786494958,-3.0835693187933284,0.7504702103665593,3.627748549695859,-0.3410041119437028,2.280613334841726,-0.7703517971748934,2.481636533693468,-3.5677257667706908,-1.790226067639766
49.0,125.0,1006.7760620117188,-2.751388463399668,-3.0835693193226352,0.7504702103665593,3.627748514398228,-0.3410041119399451,2.280619673660264,-0.7703517814871831,2.4816365336934334,-3.5677257667703577,-1.790226067639766
49.0,125.0,1006.7760620117188,-2.7513891663841625,-3.083569318949215,0.7504702103665593,3.627748549695859,-0.341004111944066,2.280615191566161,-0.7703517969072398,2.4816365336934334,-3.5677257667703577,-1.790226067639766
49.0,125.0,1006.7760620117188,-2.75137786494958,-3.0835693187933284,0.7504702103665593,3.627748549695859,-0.3410041119400668,2.280613334841726,-0.7703517971748934,2.481636533693468,-3.5677257667706908,-1.790226067639766
49.0,125.0,1006.7760620117188,-2.751377864596694,-3.083568583949573,0.7504702103665593,3.627748504981189,-0.3410041119397929,2.2806199135794434,-0.7703517835526579,2.481636533693433,-3.567725766770067,-1.790226067639766
49.0,125.0,1006.7760620117188,-2.7513777254595406,-3.083569320576305,0.7504702103665593,3.6277483110345226,-0.34100411194523,2.2806116951943247,-0.7703517815639335,2.4816365336934334,-3.567725766770313,-1.790226067639766
49.0,125.0,1006.7760620117188,-2.751388223473793,-3.08356941760897,0.7504702103665593,3.627748549695859,-0.341004111944066,2.280615191566161,-0.7703517966032704,2.4816365336934334,-3.5677257667703577,-1.790226067639766
49.0,125.0,1006.7760620117188,-2.7513780498639844,-3.0835693187933284,0.7504702103665593,3.627748549695859,-0.3410041119399182,2.2806204761759203,-0.7703517969459106,2.4816365336934334,-3.5677257667701,-1.790226067639766
49.0,125.0,1006.7760620117188,-2.7513886035707498,-3.0835693187933284,0.7504702103665593,3.627748549614573,-0.3410041119448943,2.280622929419383,-0.7703517968482939,2.4816365336934334,-3.567725766770358,-1.790226067639766
49.0,125.0,1006.7760620117188,-2.7513777254595406,-3.083569320576305,0.7504702103665593,3.627748550573877,-0.3410041119401518,2.2806116951943247,-0.7703517815639335,2.4816365336934334,-3.5677257667703035,-1.790226067639766
49.0,125.0,1006.7760620117188,-2.751388718598881,-3.0835693187933284,0.7504702103665593,3.6277485496782944,-0.3410041119441657,2.28062057941505,-0.770351797177225,2.481636533693468,-3.5677257667702427,-1.790226067639766
49.0,125.0,1006.7760620117188,-2.7513780657696554,-3.0835680378074493,0.7504702103665593,3.627748549695859,-0.3410041119398991,2.2806204761759203,-0.7703517969200822,2.4816365336934334,-3.567725766770702,-1.790226067639766
49.0,125.0,1006.7760620117188,-2.751388380755965,-3.0835693187933284,0.7504702103665593,3.627748549614386,-0.3410041119445746,2.280613598824812,-0.7703517970076047,2.4816365336934334,-3.5677257667703577,-1.790226067639766
49.0,125.0,1006.7760620117188,-2.751377864946858,-3.083568583949573,0.7504702103665593,3.627748504981189,-0.3410041119400098,2.2806135005307646,-0.770351784090008,2.4816365336934685,-3.5677257667706592,-1.790226067639766
49.0,125.0,1006.7760620117188,-2.751388463399668,-3.0835693193226352,0.7504702103665593,3.627748514398228,-0.3410041119399451,2.280619673660264,-0.7703517814871831,2.4816365336934334,-3.5677257667703577,-1.790226067639766
49.0,125.0,1006.7760620117188,-2.75137737500952,-3.083569320682247,0.7504702103665593,3.627748555912484,-0.341004111939956,2.2806204761759203,-0.7703517971792055,2.4816365336934334,-3.567725766770095,-1.790226067639766
49.0,125.0,1006.7760620117188,-2.7513891663841625,-3.083569318949215,0.7504702103665593,3.6277482998149937,-0.341004111944066,2.280615191566161,-0.7703517969072398,2.4816365336934334,-3.5677257667703577,-1.790226067639766
49.0,125.0,1006.7760620117188,-2.751377273201935,-3.083568032087617,0.7504702103665593,3.627748534601251,-0.341004111944175,2.280622767004586,-0.7703517808277521,2.481636533693468,-3.567725766770109,-1.790226067639766
49.0,125.0,1006.7760620117188,-2.7513778650194984,-3.083568546029276,0.7504702103665593,3.627748504981189,-0.3410041119400098,2.280611700029564,-0.7703517815648804,2.4816365336934685,-3.567725766770067,-1.790226067639766
49.0,126.0,1006.7760620117188,-2.751388223473793,-3.0835693187933284,0.7504702103665593,3.627748549695859,-0.341004111944066,2.280615191566161,-0.7703517969459106,2.4816365336934334,-3.5677257667703577,-1.790226067639766
49.0,126.0,1006.7760620117188,-2.7513780498639844,-3.0835693187933284,0.7504702103665593,3.627748549695859,-0.3410041119399182,2.2806204761759203,-0.7703517969459106,2.4816365336934334,-3.5677257667701,-1.790226067639766
49.0,126.0,1006.7760620117188,-2.7513780498639844,-3.0835693187933284,0.7504702103665593,3.627748549695859,-0.3410041119399182,2.2806204761759203,-0.7703517969459106,2.4816365336934334,-3.5677257667701,-1.790226067639766
49.0,126.0,1006.7760620117188,-2.751388223473793,-3.0835693187933284,0.7504702103665593,3.627748549614573,-0.3410041119441672,2.280620568692822,-0.7703517970076047,2.4816365336934334,-3.5677257667703577,-1.790226067639766
49.0,126.0,1006.7760620117188,-2.7513774480153352,-3.0835694161087472,0.7504702103665593,3.62774831825964,-0.3410041119451283,2.2806229359921155,-0.7703517836347802,2.4816365336934334,-3.567725766770425,-1.790226067639766
49.0,126.0,1006.7760620117188,-2.75137786494958,-3.0835693187933284,0.7504702103665593,3.627748549695859,-0.3410041119400668,2.280613334841726,-0.7703517971748934,2.481636533693468,-3.5677257667706908,-1.790226067639766
49.0,126.0,1006.7760620117188,-2.7513891973528963,-3.0835692694509462,0.7504702103665593,3.627748507044335,-0.341004111944066,2.280615191566161,-0.7703517820247182,2.4816365336934334,-3.5677257667703577,-1.790226067639766
49.0,126.0,1006.7760620117188,-2.751388223473793,-3.0835693187933284,0.7504702103665593,3.627748549614573,-0.3410041119441672,2.280620568692822,-0.770351782384616,2.481636533693467,-3.567725766764573,-1.790226067639766
49.0,126.0,1006.7760620117188,-2.7513780498639844,-3.0835693187933284,0.7504702103665593,3.627748549695859,-0.3410041119399182,2.2806204761759203,-0.7703517969459106,2.4816365336934334,-3.5677257667701,-1.790226067639766
49.0,126.0,1006.7760620117188,-2.7513788802127825,-3.0835694161087472,0.7504702103665593,3.6277483123715952,-0.3410041119451283,2.2806229359921155,-0.7703517836567474,2.4816365336934334,-3.5677257667706326,-1.790226067639766
49.0,126.0,1006.7760620117188,-2.751388223473793,-3.083569318814585,0.7504702103665593,3.6277485586758953,-0.3410041119441672,2.280620568692822,-0.770351782384616,2.481636533693467,-3.567725766764573,-1.790226067639766
49.0,126.0,1006.7760620117188,-2.7513780498639844,-3.0835680378074493,0.7504702103665593,3.627748549695859,-0.3410041119399182,2.2806204761759203,-0.7703517969087601,2.4816365336934334,-3.5677257667701,-1.790226067639766
49.0,126.0,1006.7760620117188,-2.7513774480153352,-3.0835694161087472,0.7504702103665593,3.627748312829487,-0.3410041119450659,2.280619847173962,-0.7703517836347802,2.4816365336934334,-3.5677257667704323,-1.790226067639766
49.0,126.0,1006.7760620117188,-2.7513891973528963,-3.0835692694509462,0.7504702103665593,3.627748507044335,-0.341004111944066,2.280615191566161,-0.7703517820247182,2.4816365336934334,-3.5677257667703577,-1.790226067639766
49.0,126.0,1006.7760620117188,-2.75137786494958,-3.083569319321926,0.7504702103665593,3.6277485181000526,-0.34100411194388,2.280613334841726,-0.7703517971748934,2.481636533693468,-3.5677257667706908,-1.790226067639766
49.0,126.0,1006.7760620117188,-2.75137786494958,-3.0835693187933284,0.7504702103665593,3.627748549695859,-0.3410041119400668,2.280613334841726,-0.7703517971748934,2.481636533693468,-3.5677257667706908,-1.790226067639766
49.0,126.0,1006.7760620117188,-2.75137799183505,-3.0835693187933284,0.7504702103665593,3.627748549695859,-0.3410041119397954,2.280620290907224,-0.7703517969459106,2.4816365336934334,-3.5677257667701,-1.790226067639766
49.0,126.0,1006.7760620117188,-2.7513778650194984,-3.083568583949573,0.7504702103665593,3.627748504981189,-0.3410041119400098,2.2806199135794434,-0.7703517835506912,2.4816365336934685,-3.567725766770067,-1.790226067639766
49.0,126.0,1006.7760620117188,-2.751388223473793,-3.0835680497431235,0.7504702103665593,3.627748548500165,-0.3410041119441672,2.2806215220986936,-0.7703517964824327,2.4816365336934334,-3.5677257667701205,-1.790226067639766
49.0,126.0,1006.7760620117188,-2.751377273201935,-3.0835693187932303,0.7504702103665593,3.6277485424707416,-0.3410041119440636,2.280620262026629,-0.7703517808277521,2.4816365336934663,-3.5677257667701,-1.790226067639766
49.0,126.0,1006.7760620117188,-2.75137738708674,-3.0835680497431235,0.7504702103665593,3.6277485485177294,-0.3410041119402149,2.280613067788936,-0.7703517964801011,2.4816365336934334,-3.5677257667707285,-1.790226067639766
49.0,126.0,1006.7760620117188,-2.751388180392828,-3.0835693193383937,0.7504702103665593,3.6277485152736975,-0.3410041119441672,2.280620568692822,-0.7703517978107245,2.4816365336934334,-3.5677257667703577,-1.790226067639766
49.0,126.0,1006.7760620117188,-2.7513778650194984,-3.083568583949573,0.7504702103665593,3.627748504981189,-0.3410041119400098,2.2806199135794434,-0.7703517835506912,2.4816365336934685,-3.567725766770067,-1.790226067639766
49.0,126.0,1006.7760620117188,-2.751377448935875,-3.0835694145645305,0.7504702103665593,3.627748313985847,-0.3410041119450659,2.280619847173962,-0.7703517837353705,2.481636533693432,-3.5677257667704527,-1.790226067639766
49.0,126.0,1006.7760620117188,-2.751388223473793,-3.0835693187933284,0.7504702103665593,3.627748549614573,-0.3410041119448943,2.280622929419383,-0.7703517954547302,2.4816365336934334,-3.5677257667703577,-1.790226067639766
49.0,126.0,1006.7760620117188,-2.7513788802127825,-3.083569317293106,0.7504702103665593,3.6277483123715952,-0.3410041119451283,2.2806229359921155,-0.7703517839993878,2.4816365336934334,-3.5677257667706326,-1.790226067639766
49.0,126.0,1006.7760620117188,-2.7513890564871986,-3.083569316482167,0.7504702103665593,3.6277485181000526,-0.34100411194388,2.280613287645195,-0.7703517974633471,2.481636533693468,-3.567725766770698,-1.790226067639766
49.0,126.0,1006.7760620117188,-2.7513780498639844,-3.0835693187933284,0.7504702103665593,3.627748549695859,-0.3410041119399182,2.2806204761759203,-0.7703517969459106,2.4816365336934334,-3.5677257667701,-1.790226067639766
49.0,126.0,1006.7760620117188,-2.7513887013366327,-3.0835693187933284,0.7504702103665593,3.6277485496782944,-0.341004111944019,2.280621789151484,-0.770351797177225,2.481636533693468,-3.567725766770083,-1.790226067639766
49.0,126.0,1006.7760620117188,-2.751377273201935,-3.0835693170197747,0.7504702103665593,3.62774853434305,-0.3410041119440734,2.280622720735064,-0.7703517808277521,2.4816365336934663,-3.567725766770109,-1.790226067639766
49.0,126.0,1006.7760620117188,-2.7513891973528963,-3.0835692694509462,0.7504702103665593,3.627748507044335,-0.3410041119440564,2.280615191566161,-0.7703517836491344,2.4816365336934334,-3.567725766770624,-1.790226067639766
49.0,126.0,1006.7760620117188,-2.75137786494958,-3.0835693187933284,0.7504702103665593,3.627748549695859,-0.3410041119437028,2.280613334841726,-0.7703517971748934,2.481636533693468,-3.5677257667706908,-1.790226067639766
49.0,126.0,1006.7760620117188,-2.751388463399668,-3.0835693193226352,0.7504702103665593,3.627748514398228,-0.3410041119399451,2.280619673660264,-0.7703517814871831,2.4816365336934334,-3.5677257667703577,-1.790226067639766
49.0,126.0,1006.7760620117188,-2.7513891663841625,-3.083569318949215,0.7504702103665593,3.627748549695859,-0.341004111944066,2.280615191566161,-0.7703517969072398,2.4816365336934334,-3.5677257667703577,-1.790226067639766
49.0,126.0,1006.7760620117188,-2.75137786494958,-3.0835693187933284,0.7504702103665593,3.627748549695859,-0.3410041119400668,2.280613334841726,-0.7703517971748934,2.481636533693468,-3.5677257667706908,-1.790226067639766
49.0,126.0,1006.7760620117188,-2.751377864596694,-3.083568583949573,0.7504702103665593,3.627748504981189,-0.3410041119397929,2.2806199135794434,-0.7703517835526579,2.481636533693433,-3.567725766770067,-1.790226067639766
49.0,126.0,1006.7760620117188,-2.7513777254595406,-3.083569320576305,0.7504702103665593,3.6277483110345226,-0.34100411194523,2.2806116951943247,-0.7703517815639335,2.4816365336934334,-3.567725766770313,-1.790226067639766
49.0,126.0,1006.7760620117188,-2.751388223473793,-3.08356941760897,0.7504702103665593,3.627748549695859,-0.341004111944066,2.280615191566161,-0.7703517966032704,2.4816365336934334,-3.5677257667703577,-1.790226067639766
49.0,126.0,1006.7760620117188,-2.7513780498639844,-3.0835693187933284,0.7504702103665593,3.627748549695859,-0.3410041119399182,2.2806204761759203,-0.7703517969459106,2.4816365336934334,-3.5677257667701,-1.790226067639766
49.0,126.0,1006.7760620117188,-2.7513886035707498,-3.0835693187933284,0.7504702103665593,3.627748549614573,-0.3410041119448943,2.280622929419383,-0.7703517968482939,2.4816365336934334,-3.567725766770358,-1.790226067639766
49.0,126.0,1006.7760620117188,-2.7513777254595406,-3.083569320576305,0.7504702103665593,3.627748550573877,-0.3410041119401518,2.2806116951943247,-0.7703517815639335,2.4816365336934334,-3.5677257667703035,-1.790226067639766
49.0,126.0,1006.7760620117188,-2.751388718598881,-3.0835693187933284,0.7504702103665593,3.6277485496782944,-0.3410041119441657,2.28062057941505,-0.770351797177225,2.481636533693468,-3.5677257667702427,-1.790226067639766
49.0,126.0,1006.7760620117188,-2.7513780657696554,-3.0835680378074493,0.7504702103665593,3.627748549695859,-0.3410041119398991,2.2806204761759203,-0.7703517969200822,2.4816365336934334,-3.567725766770702,-1.790226067639766
49.0,126.0,1006.7760620117188,-2.751388380755965,-3.0835693187933284,0.7504702103665593,3.627748549614386,-0.3410041119445746,2.280613598824812,-0.7703517970076047,2.4816365336934334,-3.5677257667703577,-1.790226067639766
49.0,126.0,1006.7760620117188,-2.751377864946858,-3.083568583949573,0.7504702103665593,3.627748504981189,-0.3410041119400098,2.2806135005307646,-0.770351784090008,2.4816365336934685,-3.5677257667706592,-1.790226067639766
49.0,126.0,1006.7760620117188,-2.751388463399668,-3.0835693193226352,0.7504702103665593,3.627748514398228,-0.3410041119399451,2.280619673660264,-0.7703517814871831,2.4816365336934334,-3.5677257667703577,-1.790226067639766
49.0,126.0,1006.7760620117188,-2.75137737500952,-3.083569320682247,0.7504702103665593,3.627748555912484,-0.341004111939956,2.2806204761759203,-0.7703517971792055,2.4816365336934334,-3.567725766770095,-1.790226067639766
49.0,126.0,1006.7760620117188,-2.7513891663841625,-3.083569318949215,0.7504702103665593,3.6277482998149937,-0.341004111944066,2.280615191566161,-0.7703517969072398,2.4816365336934334,-3.5677257667703577,-1.790226067639766
49.0,126.0,1006.7760620117188,-2.751377273201935,-3.083568032087617,0.7504702103665593,3.627748534601251,-0.341004111944175,2.280622767004586,-0.7703517808277521,2.481636533693468,-3.567725766770109,-1.790226067639766
49.0,126.0,1006.7760620117188,-2.7513778650194984,-3.083568546029276,0.7504702103665593,3.627748504981189,-0.3410041119400098,2.280611700029564,-0.7703517815648804,2.4816365336934685,-3.567725766770067,-1.790226067639766
49.0,127.0,1006.7760620117188,-2.751388223473793,-3.0835693187933284,0.7504702103665593,3.627748549695859,-0.341004111944066,2.280615191566161,-0.7703517969459106,2.4816365336934334,-3.5677257667703577,-1.790226067639766
49.0,127.0,1006.7760620117188,-2.7513780498639844,-3.0835693187933284,0.7504702103665593,3.627748549695859,-0.3410041119399182,2.2806204761759203,-0.7703517969459106,2.4816365336934334,-3.5677257667701,-1.790226067639766
49.0,127.0,1006.7760620117188,-2.7513780498639844,-3.0835693187933284,0.7504702103665593,3.627748549695859,-0.3410041119399182,2.2806204761759203,-0.7703517969459106,2.4816365336934334,-3.5677257667701,-1.790226067639766
49.0,127.0,1006.7760620117188,-2.751388223473793,-3.0835693187933284,0.7504702103665593,3.627748549614573,-0.3410041119441672,2.280620568692822,-0.7703517970076047,2.4816365336934334,-3.5677257667703577,-1.790226067639766
49.0,127.0,1006.7760620117188,-2.7513774480153352,-3.0835694161087472,0.7504702103665593,3.62774831825964,-0.3410041119451283,2.2806229359921155,-0.7703517836347802,2.4816365336934334,-3.567725766770425,-1.790226067639766
49.0,127.0,1006.7760620117188,-2.75137786494958,-3.0835693187933284,0.7504702103665593,3.627748549695859,-0.3410041119400668,2.280613334841726,-0.7703517971748934,2.481636533693468,-3.5677257667706908,-1.790226067639766
49.0,127.0,1006.7760620117188,-2.7513891973528963,-3.0835692694509462,0.7504702103665593,3.627748507044335,-0.341004111944066,2.280615191566161,-0.7703517820247182,2.4816365336934334,-3.5677257667703577,-1.790226067639766
49.0,127.0,1006.7760620117188,-2.751388223473793,-3.0835693187933284,0.7504702103665593,3.627748549614573,-0.3410041119441672,2.280620568692822,-0.770351782384616,2.481636533693467,-3.567725766764573,-1.790226067639766
49.0,127.0,1006.7760620117188,-2.7513780498639844,-3.0835693187933284,0.7504702103665593,3.627748549695859,-0.3410041119399182,2.2806204761759203,-0.7703517969459106,2.4816365336934334,-3.5677257667701,-1.790226067639766
49.0,127.0,1006.7760620117188,-2.7513788802127825,-3.0835694161087472,0.7504702103665593,3.6277483123715952,-0.3410041119451283,2.2806229359921155,-0.7703517836567474,2.4816365336934334,-3.5677257667706326,-1.790226067639766
49.0,127.0,1006.7760620117188,-2.751388223473793,-3.083569318814585,0.7504702103665593,3.6277485586758953,-0.3410041119441672,2.280620568692822,-0.770351782384616,2.481636533693467,-3.567725766764573,-1.790226067639766
49.0,127.0,1006.7760620117188,-2.7513780498639844,-3.0835680378074493,0.7504702103665593,3.627748549695859,-0.3410041119399182,2.2806204761759203,-0.7703517969087601,2.4816365336934334,-3.5677257667701,-1.790226067639766
49.0,127.0,1006.7760620117188,-2.7513774480153352,-3.0835694161087472,0.7504702103665593,3.627748312829487,-0.3410041119450659,2.280619847173962,-0.7703517836347802,2.4816365336934334,-3.5677257667704323,-1.790226067639766
49.0,127.0,1006.7760620117188,-2.7513891973528963,-3.0835692694509462,0.7504702103665593,3.627748507044335,-0.341004111944066,2.280615191566161,-0.7703517820247182,2.4816365336934334,-3.5677257667703577,-1.790226067639766
49.0,127.0,1006.7760620117188,-2.75137786494958,-3.083569319321926,0.7504702103665593,3.6277485181000526,-0.34100411194388,2.280613334841726,-0.7703517971748934,2.481636533693468,-3.5677257667706908,-1.790226067639766
49.0,127.0,1006.7760620117188,-2.75137786494958,-3.0835693187933284,0.7504702103665593,3.627748549695859,-0.3410041119400668,2.280613334841726,-0.7703517971748934,2.481636533693468,-3.5677257667706908,-1.790226067639766
49.0,127.0,1006.7760620117188,-2.75137799183505,-3.0835693187933284,0.7504702103665593,3.627748549695859,-0.3410041119397954,2.280620290907224,-0.7703517969459106,2.4816365336934334,-3.5677257667701,-1.790226067639766
49.0,127.0,1006.7760620117188,-2.7513778650194984,-3.083568583949573,0.7504702103665593,3.627748504981189,-0.3410041119400098,2.2806199135794434,-0.7703517835506912,2.4816365336934685,-3.567725766770067,-1.790226067639766
49.0,127.0,1006.7760620117188,-2.751388223473793,-3.0835680497431235,0.7504702103665593,3.627748548500165,-0.3410041119441672,2.2806215220986936,-0.7703517964824327,2.4816365336934334,-3.5677257667701205,-1.790226067639766
49.0,127.0,1006.7760620117188,-2.751377273201935,-3.0835693187932303,0.7504702103665593,3.6277485424707416,-0.3410041119440636,2.280620262026629,-0.7703517808277521,2.4816365336934663,-3.5677257667701,-1.790226067639766
49.0,127.0,1006.7760620117188,-2.75137738708674,-3.0835680497431235,0.7504702103665593,3.6277485485177294,-0.3410041119402149,2.280613067788936,-0.7703517964801011,2.4816365336934334,-3.5677257667707285,-1.790226067639766
49.0,127.0,1006.7760620117188,-2.751388180392828,-3.0835693193383937,0.7504702103665593,3.6277485152736975,-0.3410041119441672,2.280620568692822,-0.7703517978107245,2.4816365336934334,-3.5677257667703577,-1.790226067639766
49.0,127.0,1006.7760620117188,-2.7513778650194984,-3.083568583949573,0.7504702103665593,3.627748504981189,-0.3410041119400098,2.2806199135794434,-0.7703517835506912,2.4816365336934685,-3.567725766770067,-1.790226067639766
49.0,127.0,1006.7760620117188,-2.751377448935875,-3.0835694145645305,0.7504702103665593,3.627748313985847,-0.3410041119450659,2.280619847173962,-0.7703517837353705,2.481636533693432,-3.5677257667704527,-1.790226067639766
49.0,127.0,1006.7760620117188,-2.751388223473793,-3.0835693187933284,0.7504702103665593,3.627748549614573,-0.3410041119448943,2.280622929419383,-0.7703517954547302,2.4816365336934334,-3.5677257667703577,-1.790226067639766
49.0,127.0,1006.7760620117188,-2.7513788802127825,-3.083569317293106,0.7504702103665593,3.6277483123715952,-0.3410041119451283,2.2806229359921155,-0.7703517839993878,2.4816365336934334,-3.5677257667706326,-1.790226067639766
49.0,127.0,1006.7760620117188,-2.7513890564871986,-3.083569316482167,0.7504702103665593,3.6277485181000526,-0.34100411194388,2.280613287645195,-0.7703517974633471,2.481636533693468,-3.567725766770698,-1.790226067639766
49.0,127.0,1006.7760620117188,-2.7513780498639844,-3.0835693187933284,0.7504702103665593,3.627748549695859,-0.3410041119399182,2.2806204761759203,-0.7703517969459106,2.4816365336934334,-3.5677257667701,-1.790226067639766
49.0,127.0,1006.7760620117188,-2.7513887013366327,-3.0835693187933284,0.7504702103665593,3.6277485496782944,-0.341004111944019,2.280621789151484,-0.770351797177225,2.481636533693468,-3.567725766770083,-1.790226067639766
49.0,127.0,1006.7760620117188,-2.751377273201935,-3.0835693170197747,0.7504702103665593,3.62774853434305,-0.3410041119440734,2.280622720735064,-0.7703517808277521,2.4816365336934663,-3.567725766770109,-1.790226067639766
49.0,127.0,1006.7760620117188,-2.7513891973528963,-3.0835692694509462,0.7504702103665593,3.627748507044335,-0.3410041119440564,2.280615191566161,-0.7703517836491344,2.4816365336934334,-3.567725766770624,-1.790226067639766
49.0,127.0,1006.7760620117188,-2.75137786494958,-3.0835693187933284,0.7504702103665593,3.627748549695859,-0.3410041119437028,2.280613334841726,-0.7703517971748934,2.481636533693468,-3.5677257667706908,-1.790226067639766
49.0,127.0,1006.7760620117188,-2.751388463399668,-3.0835693193226352,0.7504702103665593,3.627748514398228,-0.3410041119399451,2.280619673660264,-0.7703517814871831,2.4816365336934334,-3.5677257667703577,-1.790226067639766
49.0,127.0,1006.7760620117188,-2.7513891663841625,-3.083569318949215,0.7504702103665593,3.627748549695859,-0.341004111944066,2.280615191566161,-0.7703517969072398,2.4816365336934334,-3.5677257667703577,-1.790226067639766
49.0,127.0,1006.7760620117188,-2.75137786494958,-3.0835693187933284,0.7504702103665593,3.627748549695859,-0.3410041119400668,2.280613334841726,-0.7703517971748934,2.481636533693468,-3.5677257667706908,-1.790226067639766
49.0,127.0,1006.7760620117188,-2.751377864596694,-3.083568583949573,0.7504702103665593,3.627748504981189,-0.3410041119397929,2.2806199135794434,-0.7703517835526579,2.481636533693433,-3.567725766770067,-1.790226067639766
49.0,127.0,1006.7760620117188,-2.7513777254595406,-3.083569320576305,0.7504702103665593,3.6277483110345226,-0.34100411194523,2.2806116951943247,-0.7703517815639335,2.4816365336934334,-3.567725766770313,-1.790226067639766
49.0,127.0,1006.7760620117188,-2.751388223473793,-3.08356941760897,0.7504702103665593,3.627748549695859,-0.341004111944066,2.280615191566161,-0.7703517966032704,2.4816365336934334,-3.5677257667703577,-1.790226067639766
49.0,127.0,1006.7760620117188,-2.7513780498639844,-3.0835693187933284,0.7504702103665593,3.627748549695859,-0.3410041119399182,2.2806204761759203,-0.7703517969459106,2.4816365336934334,-3.5677257667701,-1.790226067639766
49.0,127.0,1006.7760620117188,-2.7513886035707498,-3.0835693187933284,0.7504702103665593,3.627748549614573,-0.3410041119448943,2.280622929419383,-0.7703517968482939,2.4816365336934334,-3.567725766770358,-1.790226067639766
49.0,127.0,1006.7760620117188,-2.7513777254595406,-3.083569320576305,0.7504702103665593,3.627748550573877,-0.3410041119401518,2.2806116951943247,-0.7703517815639335,2.4816365336934334,-3.5677257667703035,-1.790226067639766
49.0,127.0,1006.7760620117188,-2.751388718598881,-3.0835693187933284,0.7504702103665593,3.6277485496782944,-0.3410041119441657,2.28062057941505,-0.770351797177225,2.481636533693468,-3.5677257667702427,-1.790226067639766
49.0,127.0,1006.7760620117188,-2.7513780657696554,-3.0835680378074493,0.7504702103665593,3.627748549695859,-0.3410041119398991,2.2806204761759203,-0.7703517969200822,2.4816365336934334,-3.567725766770702,-1.790226067639766
49.0,127.0,1006.7760620117188,-2.751388380755965,-3.0835693187933284,0.7504702103665593,3.627748549614386,-0.3410041119445746,2.280613598824812,-0.7703517970076047,2.4816365336934334,-3.5677257667703577,-1.790226067639766
49.0,127.0,1006.7760620117188,-2.751377864946858,-3.083568583949573,0.7504702103665593,3.627748504981189,-0.3410041119400098,2.2806135005307646,-0.770351784090008,2.4816365336934685,-3.5677257667706592,-1.790226067639766
49.0,127.0,1006.7760620117188,-2.751388463399668,-3.0835693193226352,0.7504702103665593,3.627748514398228,-0.3410041119399451,2.280619673660264,-0.7703517814871831,2.4816365336934334,-3.5677257667703577,-1.790226067639766
49.0,127.0,1006.7760620117188,-2.75137737500952,-3.083569320682247,0.7504702103665593,3.627748555912484,-0.341004111939956,2.2806204761759203,-0.7703517971792055,2.4816365336934334,-3.567725766770095,-1.790226067639766
49.0,127.0,1006.7760620117188,-2.7513891663841625,-3.083569318949215,0.7504702103665593,3.6277482998149937,-0.341004111944066,2.280615191566161,-0.7703517969072398,2.4816365336934334,-3.5677257667703577,-1.790226067639766
49.0,127.0,1006.7760620117188,-2.751377273201935,-3.083568032087617,0.7504702103665593,3.627748534601251,-0.341004111944175,2.280622767004586,-0.7703517808277521,2.481636533693468,-3.567725766770109,-1.790226067639766
49.0,127.0,1006.7760620117188,-2.7513778650194984,-3.083568546029276,0.7504702103665593,3.627748504981189,-0.3410041119400098,2.280611700029564,-0.7703517815648804,2.4816365336934685,-3.567725766770067,-1.790226067639766
49.0,128.0,1006.7760620117188,-2.751388223473793,-3.0835693187933284,0.7504702103665593,3.627748549695859,-0.341004111944066,2.280615191566161,-0.7703517969459106,2.4816365336934334,-3.5677257667703577,-1.790226067639766
49.0,128.0,1006.7760620117188,-2.7513780498639844,-3.0835693187933284,0.7504702103665593,3.627748549695859,-0.3410041119399182,2.2806204761759203,-0.7703517969459106,2.4816365336934334,-3.5677257667701,-1.790226067639766
49.0,128.0,1006.7760620117188,-2.7513780498639844,-3.0835693187933284,0.7504702103665593,3.627748549695859,-0.3410041119399182,2.2806204761759203,-0.7703517969459106,2.4816365336934334,-3.5677257667701,-1.790226067639766
49.0,128.0,1006.7760620117188,-2.751388223473793,-3.0835693187933284,0.7504702103665593,3.627748549614573,-0.3410041119441672,2.280620568692822,-0.7703517970076047,2.4816365336934334,-3.5677257667703577,-1.790226067639766
49.0,128.0,1006.7760620117188,-2.7513774480153352,-3.0835694161087472,0.7504702103665593,3.62774831825964,-0.3410041119451283,2.2806229359921155,-0.7703517836347802,2.4816365336934334,-3.567725766770425,-1.790226067639766
49.0,128.0,1006.7760620117188,-2.75137786494958,-3.0835693187933284,0.7504702103665593,3.627748549695859,-0.3410041119400668,2.280613334841726,-0.7703517971748934,2.481636533693468,-3.5677257667706908,-1.790226067639766
49.0,128.0,1006.7760620117188,-2.7513891973528963,-3.0835692694509462,0.7504702103665593,3.627748507044335,-0.341004111944066,2.280615191566161,-0.7703517820247182,2.4816365336934334,-3.5677257667703577,-1.790226067639766
49.0,128.0,1006.7760620117188,-2.751388223473793,-3.0835693187933284,0.7504702103665593,3.627748549614573,-0.3410041119441672,2.280620568692822,-0.770351782384616,2.481636533693467,-3.567725766764573,-1.790226067639766
49.0,128.0,1006.7760620117188,-2.7513780498639844,-3.0835693187933284,0.7504702103665593,3.627748549695859,-0.3410041119399182,2.2806204761759203,-0.7703517969459106,2.4816365336934334,-3.5677257667701,-1.790226067639766
49.0,128.0,1006.7760620117188,-2.7513788802127825,-3.0835694161087472,0.7504702103665593,3.6277483123715952,-0.3410041119451283,2.2806229359921155,-0.7703517836567474,2.4816365336934334,-3.5677257667706326,-1.790226067639766
49.0,128.0,1006.7760620117188,-2.751388223473793,-3.083569318814585,0.7504702103665593,3.6277485586758953,-0.3410041119441672,2.280620568692822,-0.770351782384616,2.481636533693467,-3.567725766764573,-1.790226067639766
49.0,128.0,1006.7760620117188,-2.7513780498639844,-3.0835680378074493,0.7504702103665593,3.627748549695859,-0.3410041119399182,2.2806204761759203,-0.7703517969087601,2.4816365336934334,-3.5677257667701,-1.790226067639766
49.0,128.0,1006.7760620117188,-2.7513774480153352,-3.0835694161087472,0.7504702103665593,3.627748312829487,-0.3410041119450659,2.280619847173962,-0.7703517836347802,2.4816365336934334,-3.5677257667704323,-1.790226067639766
49.0,128.0,1006.7760620117188,-2.7513891973528963,-3.0835692694509462,0.7504702103665593,3.627748507044335,-0.341004111944066,2.280615191566161,-0.7703517820247182,2.4816365336934334,-3.5677257667703577,-1.790226067639766
49.0,128.0,1006.7760620117188,-2.75137786494958,-3.083569319321926,0.7504702103665593,3.6277485181000526,-0.34100411194388,2.280613334841726,-0.7703517971748934,2.481636533693468,-3.5677257667706908,-1.790226067639766
49.0,128.0,1006.7760620117188,-2.75137786494958,-3.0835693187933284,0.7504702103665593,3.627748549695859,-0.3410041119400668,2.280613334841726,-0.7703517971748934,2.481636533693468,-3.5677257667706908,-1.790226067639766
49.0,128.0,1006.7760620117188,-2.75137799183505,-3.0835693187933284,0.7504702103665593,3.627748549695859,-0.3410041119397954,2.280620290907224,-0.7703517969459106,2.4816365336934334,-3.5677257667701,-1.790226067639766
49.0,128.0,1006.7760620117188,-2.7513778650194984,-3.083568583949573,0.7504702103665593,3.627748504981189,-0.3410041119400098,2.2806199135794434,-0.7703517835506912,2.4816365336934685,-3.567725766770067,-1.790226067639766
49.0,128.0,1006.7760620117188,-2.751388223473793,-3.0835680497431235,0.7504702103665593,3.627748548500165,-0.3410041119441672,2.2806215220986936,-0.7703517964824327,2.4816365336934334,-3.5677257667701205,-1.790226067639766
49.0,128.0,1006.7760620117188,-2.751377273201935,-3.0835693187932303,0.7504702103665593,3.6277485424707416,-0.3410041119440636,2.280620262026629,-0.7703517808277521,2.4816365336934663,-3.5677257667701,-1.790226067639766
49.0,128.0,1006.7760620117188,-2.75137738708674,-3.0835680497431235,0.7504702103665593,3.6277485485177294,-0.3410041119402149,2.280613067788936,-0.7703517964801011,2.4816365336934334,-3.5677257667707285,-1.790226067639766
49.0,128.0,1006.7760620117188,-2.751388180392828,-3.0835693193383937,0.7504702103665593,3.6277485152736975,-0.3410041119441672,2.280620568692822,-0.7703517978107245,2.4816365336934334,-3.5677257667703577,-1.790226067639766
49.0,128.0,1006.7760620117188,-2.7513778650194984,-3.083568583949573,0.7504702103665593,3.627748504981189,-0.3410041119400098,2.2806199135794434,-0.7703517835506912,2.4816365336934685,-3.567725766770067,-1.790226067639766
49.0,128.0,1006.7760620117188,-2.751377448935875,-3.0835694145645305,0.7504702103665593,3.627748313985847,-0.3410041119450659,2.280619847173962,-0.7703517837353705,2.481636533693432,-3.5677257667704527,-1.790226067639766
49.0,128.0,1006.7760620117188,-2.751388223473793,-3.0835693187933284,0.7504702103665593,3.627748549614573,-0.3410041119448943,2.280622929419383,-0.7703517954547302,2.4816365336934334,-3.5677257667703577,-1.790226067639766
49.0,128.0,1006.7760620117188,-2.7513788802127825,-3.083569317293106,0.7504702103665593,3.6277483123715952,-0.3410041119451283,2.2806229359921155,-0.7703517839993878,2.4816365336934334,-3.5677257667706326,-1.790226067639766
49.0,128.0,1006.7760620117188,-2.7513890564871986,-3.083569316482167,0.7504702103665593,3.6277485181000526,-0.34100411194388,2.280613287645195,-0.7703517974633471,2.481636533693468,-3.567725766770698,-1.790226067639766
49.0,128.0,1006.7760620117188,-2.7513780498639844,-3.0835693187933284,0.7504702103665593,3.627748549695859,-0.3410041119399182,2.2806204761759203,-0.7703517969459106,2.4816365336934334,-3.5677257667701,-1.790226067639766
49.0,128.0,1006.7760620117188,-2.7513887013366327,-3.0835693187933284,0.7504702103665593,3.6277485496782944,-0.341004111944019,2.280621789151484,-0.770351797177225,2.481636533693468,-3.567725766770083,-1.790226067639766
49.0,128.0,1006.7760620117188,-2.751377273201935,-3.0835693170197747,0.7504702103665593,3.62774853434305,-0.3410041119440734,2.280622720735064,-0.7703517808277521,2.4816365336934663,-3.567725766770109,-1.790226067639766
49.0,128.0,1006.7760620117188,-2.7513891973528963,-3.0835692694509462,0.7504702103665593,3.627748507044335,-0.3410041119440564,2.280615191566161,-0.7703517836491344,2.4816365336934334,-3.567725766770624,-1.790226067639766
49.0,128.0,1006.7760620117188,-2.75137786494958,-3.0835693187933284,0.7504702103665593,3.627748549695859,-0.3410041119437028,2.280613334841726,-0.7703517971748934,2.481636533693468,-3.5677257667706908,-1.790226067639766
49.0,128.0,1006.7760620117188,-2.751388463399668,-3.0835693193226352,0.7504702103665593,3.627748514398228,-0.3410041119399451,2.280619673660264,-0.7703517814871831,2.4816365336934334,-3.5677257667703577,-1.790226067639766
49.0,128.0,1006.7760620117188,-2.7513891663841625,-3.083569318949215,0.7504702103665593,3.627748549695859,-0.341004111944066,2.280615191566161,-0.7703517969072398,2.4816365336934334,-3.5677257667703577,-1.790226067639766
49.0,128.0,1006.7760620117188,-2.75137786494958,-3.0835693187933284,0.7504702103665593,3.627748549695859,-0.3410041119400668,2.280613334841726,-0.7703517971748934,2.481636533693468,-3.5677257667706908,-1.790226067639766
49.0,128.0,1006.7760620117188,-2.751377864596694,-3.083568583949573,0.7504702103665593,3.627748504981189,-0.3410041119397929,2.2806199135794434,-0.7703517835526579,2.481636533693433,-3.567725766770067,-1.790226067639766
49.0,128.0,1006.7760620117188,-2.7513777254595406,-3.083569320576305,0.7504702103665593,3.6277483110345226,-0.34100411194523,2.2806116951943247,-0.7703517815639335,2.4816365336934334,-3.567725766770313,-1.790226067639766
49.0,128.0,1006.7760620117188,-2.751388223473793,-3.08356941760897,0.7504702103665593,3.627748549695859,-0.341004111944066,2.280615191566161,-0.7703517966032704,2.4816365336934334,-3.5677257667703577,-1.790226067639766
49.0,128.0,1006.7760620117188,-2.7513780498639844,-3.0835693187933284,0.7504702103665593,3.627748549695859,-0.3410041119399182,2.2806204761759203,-0.7703517969459106,2.4816365336934334,-3.5677257667701,-1.790226067639766
49.0,128.0,1006.7760620117188,-2.7513886035707498,-3.0835693187933284,0.7504702103665593,3.627748549614573,-0.3410041119448943,2.280622929419383,-0.7703517968482939,2.4816365336934334,-3.567725766770358,-1.790226067639766
49.0,128.0,1006.7760620117188,-2.7513777254595406,-3.083569320576305,0.7504702103665593,3.627748550573877,-0.3410041119401518,2.2806116951943247,-0.7703517815639335,2.4816365336934334,-3.5677257667703035,-1.790226067639766
49.0,128.0,1006.7760620117188,-2.751388718598881,-3.0835693187933284,0.7504702103665593,3.6277485496782944,-0.3410041119441657,2.28062057941505,-0.770351797177225,2.481636533693468,-3.5677257667702427,-1.790226067639766
49.0,128.0,1006.7760620117188,-2.7513780657696554,-3.0835680378074493,0.7504702103665593,3.627748549695859,-0.3410041119398991,2.2806204761759203,-0.7703517969200822,2.4816365336934334,-3.567725766770702,-1.790226067639766
49.0,128.0,1006.7760620117188,-2.751388380755965,-3.0835693187933284,0.7504702103665593,3.627748549614386,-0.3410041119445746,2.280613598824812,-0.7703517970076047,2.4816365336934334,-3.5677257667703577,-1.790226067639766
49.0,128.0,1006.7760620117188,-2.751377864946858,-3.083568583949573,0.7504702103665593,3.627748504981189,-0.3410041119400098,2.2806135005307646,-0.770351784090008,2.4816365336934685,-3.5677257667706592,-1.790226067639766
49.0,128.0,1006.7760620117188,-2.751388463399668,-3.0835693193226352,0.7504702103665593,3.627748514398228,-0.3410041119399451,2.280619673660264,-0.7703517814871831,2.4816365336934334,-3.5677257667703577,-1.790226067639766
49.0,128.0,1006.7760620117188,-2.75137737500952,-3.083569320682247,0.7504702103665593,3.627748555912484,-0.341004111939956,2.2806204761759203,-0.7703517971792055,2.4816365336934334,-3.567725766770095,-1.790226067639766
49.0,128.0,1006.7760620117188,-2.7513891663841625,-3.083569318949215,0.7504702103665593,3.6277482998149937,-0.341004111944066,2.280615191566161,-0.7703517969072398,2.4816365336934334,-3.5677257667703577,-1.790226067639766
49.0,128.0,1006.7760620117188,-2.751377273201935,-3.083568032087617,0.7504702103665593,3.627748534601251,-0.341004111944175,2.280622767004586,-0.7703517808277521,2.481636533693468,-3.567725766770109,-1.790226067639766
49.0,128.0,1006.7760620117188,-2.7513778650194984,-3.083568546029276,0.7504702103665593,3.627748504981189,-0.3410041119400098,2.280611700029564,-0.7703517815648804,2.4816365336934685,-3.567725766770067,-1.790226067639766
49.0,129.0,1006.7760620117188,-2.751388223473793,-3.0835693187933284,0.7504702103665593,3.627748549695859,-0.341004111944066,2.280615191566161,-0.7703517969459106,2.4816365336934334,-3.5677257667703577,-1.790226067639766
49.0,129.0,1006.7760620117188,-2.7513780498639844,-3.0835693187933284,0.7504702103665593,3.627748549695859,-0.3410041119399182,2.2806204761759203,-0.7703517969459106,2.4816365336934334,-3.5677257667701,-1.790226067639766
49.0,129.0,1006.7760620117188,-2.7513780498639844,-3.0835693187933284,0.7504702103665593,3.627748549695859,-0.3410041119399182,2.2806204761759203,-0.7703517969459106,2.4816365336934334,-3.5677257667701,-1.790226067639766
49.0,129.0,1006.7760620117188,-2.751388223473793,-3.0835693187933284,0.7504702103665593,3.627748549614573,-0.3410041119441672,2.280620568692822,-0.7703517970076047,2.4816365336934334,-3.5677257667703577,-1.790226067639766
49.0,129.0,1006.7760620117188,-2.7513774480153352,-3.0835694161087472,0.7504702103665593,3.62774831825964,-0.3410041119451283,2.2806229359921155,-0.7703517836347802,2.4816365336934334,-3.567725766770425,-1.790226067639766
49.0,129.0,1006.7760620117188,-2.75137786494958,-3.0835693187933284,0.7504702103665593,3.627748549695859,-0.3410041119400668,2.280613334841726,-0.7703517971748934,2.481636533693468,-3.5677257667706908,-1.790226067639766
49.0,129.0,1006.7760620117188,-2.7513891973528963,-3.0835692694509462,0.7504702103665593,3.627748507044335,-0.341004111944066,2.280615191566161,-0.7703517820247182,2.4816365336934334,-3.5677257667703577,-1.790226067639766
49.0,129.0,1006.7760620117188,-2.751388223473793,-3.0835693187933284,0.7504702103665593,3.627748549614573,-0.3410041119441672,2.280620568692822,-0.770351782384616,2.481636533693467,-3.567725766764573,-1.790226067639766
49.0,129.0,1006.7760620117188,-2.7513780498639844,-3.0835693187933284,0.7504702103665593,3.627748549695859,-0.3410041119399182,2.2806204761759203,-0.7703517969459106,2.4816365336934334,-3.5677257667701,-1.790226067639766
49.0,129.0,1006.7760620117188,-2.7513788802127825,-3.0835694161087472,0.7504702103665593,3.6277483123715952,-0.3410041119451283,2.2806229359921155,-0.7703517836567474,2.4816365336934334,-3.5677257667706326,-1.790226067639766
49.0,129.0,1006.7760620117188,-2.751388223473793,-3.083569318814585,0.7504702103665593,3.6277485586758953,-0.3410041119441672,2.280620568692822,-0.770351782384616,2.481636533693467,-3.567725766764573,-1.790226067639766
49.0,129.0,1006.7760620117188,-2.7513780498639844,-3.0835680378074493,0.7504702103665593,3.627748549695859,-0.3410041119399182,2.2806204761759203,-0.7703517969087601,2.4816365336934334,-3.5677257667701,-1.790226067639766
49.0,129.0,1006.7760620117188,-2.7513774480153352,-3.0835694161087472,0.7504702103665593,3.627748312829487,-0.3410041119450659,2.280619847173962,-0.7703517836347802,2.4816365336934334,-3.5677257667704323,-1.790226067639766
49.0,129.0,1006.7760620117188,-2.7513891973528963,-3.0835692694509462,0.7504702103665593,3.627748507044335,-0.341004111944066,2.280615191566161,-0.7703517820247182,2.4816365336934334,-3.5677257667703577,-1.790226067639766
49.0,129.0,1006.7760620117188,-2.75137786494958,-3.083569319321926,0.7504702103665593,3.6277485181000526,-0.34100411194388,2.280613334841726,-0.7703517971748934,2.481636533693468,-3.5677257667706908,-1.790226067639766
49.0,129.0,1006.7760620117188,-2.75137786494958,-3.0835693187933284,0.7504702103665593,3.627748549695859,-0.3410041119400668,2.280613334841726,-0.7703517971748934,2.481636533693468,-3.5677257667706908,-1.790226067639766
49.0,129.0,1006.7760620117188,-2.75137799183505,-3.0835693187933284,0.7504702103665593,3.627748549695859,-0.3410041119397954,2.280620290907224,-0.7703517969459106,2.4816365336934334,-3.5677257667701,-1.790226067639766
49.0,129.0,1006.7760620117188,-2.7513778650194984,-3.083568583949573,0.7504702103665593,3.627748504981189,-0.3410041119400098,2.2806199135794434,-0.7703517835506912,2.4816365336934685,-3.567725766770067,-1.790226067639766
49.0,129.0,1006.7760620117188,-2.751388223473793,-3.0835680497431235,0.7504702103665593,3.627748548500165,-0.3410041119441672,2.2806215220986936,-0.7703517964824327,2.4816365336934334,-3.5677257667701205,-1.790226067639766
49.0,129.0,1006.7760620117188,-2.751377273201935,-3.0835693187932303,0.7504702103665593,3.6277485424707416,-0.3410041119440636,2.280620262026629,-0.7703517808277521,2.4816365336934663,-3.5677257667701,-1.790226067639766
49.0,129.0,1006.7760620117188,-2.75137738708674,-3.0835680497431235,0.7504702103665593,3.6277485485177294,-0.3410041119402149,2.280613067788936,-0.7703517964801011,2.4816365336934334,-3.5677257667707285,-1.790226067639766
49.0,129.0,1006.7760620117188,-2.751388180392828,-3.0835693193383937,0.7504702103665593,3.6277485152736975,-0.3410041119441672,2.280620568692822,-0.7703517978107245,2.4816365336934334,-3.5677257667703577,-1.790226067639766
49.0,129.0,1006.7760620117188,-2.7513778650194984,-3.083568583949573,0.7504702103665593,3.627748504981189,-0.3410041119400098,2.2806199135794434,-0.7703517835506912,2.4816365336934685,-3.567725766770067,-1.790226067639766
49.0,129.0,1006.7760620117188,-2.751377448935875,-3.0835694145645305,0.7504702103665593,3.627748313985847,-0.3410041119450659,2.280619847173962,-0.7703517837353705,2.481636533693432,-3.5677257667704527,-1.790226067639766
49.0,129.0,1006.7760620117188,-2.751388223473793,-3.0835693187933284,0.7504702103665593,3.627748549614573,-0.3410041119448943,2.280622929419383,-0.7703517954547302,2.4816365336934334,-3.5677257667703577,-1.790226067639766
49.0,129.0,1006.7760620117188,-2.7513788802127825,-3.083569317293106,0.7504702103665593,3.6277483123715952,-0.3410041119451283,2.2806229359921155,-0.7703517839993878,2.4816365336934334,-3.5677257667706326,-1.790226067639766
49.0,129.0,1006.7760620117188,-2.7513890564871986,-3.083569316482167,0.7504702103665593,3.6277485181000526,-0.34100411194388,2.280613287645195,-0.7703517974633471,2.481636533693468,-3.567725766770698,-1.790226067639766
49.0,129.0,1006.7760620117188,-2.7513780498639844,-3.0835693187933284,0.7504702103665593,3.627748549695859,-0.3410041119399182,2.2806204761759203,-0.7703517969459106,2.4816365336934334,-3.5677257667701,-1.790226067639766
49.0,129.0,1006.7760620117188,-2.7513887013366327,-3.0835693187933284,0.7504702103665593,3.6277485496782944,-0.341004111944019,2.280621789151484,-0.770351797177225,2.481636533693468,-3.567725766770083,-1.790226067639766
49.0,129.0,1006.7760620117188,-2.751377273201935,-3.0835693170197747,0.7504702103665593,3.62774853434305,-0.3410041119440734,2.280622720735064,-0.7703517808277521,2.4816365336934663,-3.567725766770109,-1.790226067639766
49.0,129.0,1006.7760620117188,-2.7513891973528963,-3.0835692694509462,0.7504702103665593,3.627748507044335,-0.3410041119440564,2.280615191566161,-0.7703517836491344,2.4816365336934334,-3.567725766770624,-1.790226067639766
49.0,129.0,1006.7760620117188,-2.75137786494958,-3.0835693187933284,0.7504702103665593,3.627748549695859,-0.3410041119437028,2.280613334841726,-0.7703517971748934,2.481636533693468,-3.5677257667706908,-1.790226067639766
49.0,129.0,1006.7760620117188,-2.751388463399668,-3.0835693193226352,0.7504702103665593,3.627748514398228,-0.3410041119399451,2.280619673660264,-0.7703517814871831,2.4816365336934334,-3.5677257667703577,-1.790226067639766
49.0,129.0,1006.7760620117188,-2.7513891663841625,-3.083569318949215,0.7504702103665593,3.627748549695859,-0.341004111944066,2.280615191566161,-0.7703517969072398,2.4816365336934334,-3.5677257667703577,-1.790226067639766
49.0,129.0,1006.7760620117188,-2.75137786494958,-3.0835693187933284,0.7504702103665593,3.627748549695859,-0.3410041119400668,2.280613334841726,-0.7703517971748934,2.481636533693468,-3.5677257667706908,-1.790226067639766
49.0,129.0,1006.7760620117188,-2.751377864596694,-3.083568583949573,0.7504702103665593,3.627748504981189,-0.3410041119397929,2.2806199135794434,-0.7703517835526579,2.481636533693433,-3.567725766770067,-1.790226067639766
49.0,129.0,1006.7760620117188,-2.7513777254595406,-3.083569320576305,0.7504702103665593,3.6277483110345226,-0.34100411194523,2.2806116951943247,-0.7703517815639335,2.4816365336934334,-3.567725766770313,-1.790226067639766
49.0,129.0,1006.7760620117188,-2.751388223473793,-3.08356941760897,0.7504702103665593,3.627748549695859,-0.341004111944066,2.280615191566161,-0.7703517966032704,2.4816365336934334,-3.5677257667703577,-1.790226067639766
49.0,129.0,1006.7760620117188,-2.7513780498639844,-3.0835693187933284,0.7504702103665593,3.627748549695859,-0.3410041119399182,2.2806204761759203,-0.7703517969459106,2.4816365336934334,-3.5677257667701,-1.790226067639766
49.0,129.0,1006.7760620117188,-2.7513886035707498,-3.0835693187933284,0.7504702103665593,3.627748549614573,-0.3410041119448943,2.280622929419383,-0.7703517968482939,2.4816365336934334,-3.567725766770358,-1.790226067639766
49.0,129.0,1006.7760620117188,-2.7513777254595406,-3.083569320576305,0.7504702103665593,3.627748550573877,-0.3410041119401518,2.2806116951943247,-0.7703517815639335,2.4816365336934334,-3.5677257667703035,-1.790226067639766
49.0,129.0,1006.7760620117188,-2.751388718598881,-3.0835693187933284,0.7504702103665593,3.6277485496782944,-0.3410041119441657,2.28062057941505,-0.770351797177225,2.481636533693468,-3.5677257667702427,-1.790226067639766
49.0,129.0,1006.7760620117188,-2.7513780657696554,-3.0835680378074493,0.7504702103665593,3.627748549695859,-0.3410041119398991,2.2806204761759203,-0.7703517969200822,2.4816365336934334,-3.567725766770702,-1.790226067639766
49.0,129.0,1006.7760620117188,-2.751388380755965,-3.0835693187933284,0.7504702103665593,3.627748549614386,-0.3410041119445746,2.280613598824812,-0.7703517970076047,2.4816365336934334,-3.5677257667703577,-1.790226067639766
49.0,129.0,1006.7760620117188,-2.751377864946858,-3.083568583949573,0.7504702103665593,3.627748504981189,-0.3410041119400098,2.2806135005307646,-0.770351784090008,2.4816365336934685,-3.5677257667706592,-1.790226067639766
49.0,129.0,1006.7760620117188,-2.751388463399668,-3.0835693193226352,0.7504702103665593,3.627748514398228,-0.3410041119399451,2.280619673660264,-0.7703517814871831,2.4816365336934334,-3.5677257667703577,-1.790226067639766
49.0,129.0,1006.7760620117188,-2.75137737500952,-3.083569320682247,0.7504702103665593,3.627748555912484,-0.341004111939956,2.2806204761759203,-0.7703517971792055,2.4816365336934334,-3.567725766770095,-1.790226067639766
49.0,129.0,1006.7760620117188,-2.7513891663841625,-3.083569318949215,0.7504702103665593,3.6277482998149937,-0.341004111944066,2.280615191566161,-0.7703517969072398,2.4816365336934334,-3.5677257667703577,-1.790226067639766
49.0,129.0,1006.7760620117188,-2.751377273201935,-3.083568032087617,0.7504702103665593,3.627748534601251,-0.341004111944175,2.280622767004586,-0.7703517808277521,2.481636533693468,-3.567725766770109,-1.790226067639766
49.0,129.0,1006.7760620117188,-2.7513778650194984,-3.083568546029276,0.7504702103665593,3.627748504981189,-0.3410041119400098,2.280611700029564,-0.7703517815648804,2.4816365336934685,-3.567725766770067,-1.790226067639766
49.0,130.0,1006.7760620117188,-2.751388223473793,-3.0835693187933284,0.7504702103665593,3.627748549695859,-0.341004111944066,2.280615191566161,-0.7703517969459106,2.4816365336934334,-3.5677257667703577,-1.790226067639766
49.0,130.0,1006.7760620117188,-2.7513780498639844,-3.0835693187933284,0.7504702103665593,3.627748549695859,-0.3410041119399182,2.2806204761759203,-0.7703517969459106,2.4816365336934334,-3.5677257667701,-1.790226067639766
49.0,130.0,1006.7760620117188,-2.7513780498639844,-3.0835693187933284,0.7504702103665593,3.627748549695859,-0.3410041119399182,2.2806204761759203,-0.7703517969459106,2.4816365336934334,-3.5677257667701,-1.790226067639766
49.0,130.0,1006.7760620117188,-2.751388223473793,-3.0835693187933284,0.7504702103665593,3.627748549614573,-0.3410041119441672,2.280620568692822,-0.7703517970076047,2.4816365336934334,-3.5677257667703577,-1.790226067639766
49.0,130.0,1006.7760620117188,-2.7513774480153352,-3.0835694161087472,0.7504702103665593,3.62774831825964,-0.3410041119451283,2.2806229359921155,-0.7703517836347802,2.4816365336934334,-3.567725766770425,-1.790226067639766
49.0,130.0,1006.7760620117188,-2.75137786494958,-3.0835693187933284,0.7504702103665593,3.627748549695859,-0.3410041119400668,2.280613334841726,-0.7703517971748934,2.481636533693468,-3.5677257667706908,-1.790226067639766
49.0,130.0,1006.7760620117188,-2.7513891973528963,-3.0835692694509462,0.7504702103665593,3.627748507044335,-0.341004111944066,2.280615191566161,-0.7703517820247182,2.4816365336934334,-3.5677257667703577,-1.790226067639766
49.0,130.0,1006.7760620117188,-2.751388223473793,-3.0835693187933284,0.7504702103665593,3.627748549614573,-0.3410041119441672,2.280620568692822,-0.770351782384616,2.481636533693467,-3.567725766764573,-1.790226067639766
49.0,130.0,1006.7760620117188,-2.7513780498639844,-3.0835693187933284,0.7504702103665593,3.627748549695859,-0.3410041119399182,2.2806204761759203,-0.7703517969459106,2.4816365336934334,-3.5677257667701,-1.790226067639766
49.0,130.0,1006.7760620117188,-2.7513788802127825,-3.0835694161087472,0.7504702103665593,3.6277483123715952,-0.3410041119451283,2.2806229359921155,-0.7703517836567474,2.4816365336934334,-3.5677257667706326,-1.790226067639766
49.0,130.0,1006.7760620117188,-2.751388223473793,-3.083569318814585,0.7504702103665593,3.6277485586758953,-0.3410041119441672,2.280620568692822,-0.770351782384616,2.481636533693467,-3.567725766764573,-1.790226067639766
49.0,130.0,1006.7760620117188,-2.7513780498639844,-3.0835680378074493,0.7504702103665593,3.627748549695859,-0.3410041119399182,2.2806204761759203,-0.7703517969087601,2.4816365336934334,-3.5677257667701,-1.790226067639766
49.0,130.0,1006.7760620117188,-2.7513774480153352,-3.0835694161087472,0.7504702103665593,3.627748312829487,-0.3410041119450659,2.280619847173962,-0.7703517836347802,2.4816365336934334,-3.5677257667704323,-1.790226067639766
49.0,130.0,1006.7760620117188,-2.7513891973528963,-3.0835692694509462,0.7504702103665593,3.627748507044335,-0.341004111944066,2.280615191566161,-0.7703517820247182,2.4816365336934334,-3.5677257667703577,-1.790226067639766
49.0,130.0,1006.7760620117188,-2.75137786494958,-3.083569319321926,0.7504702103665593,3.6277485181000526,-0.34100411194388,2.280613334841726,-0.7703517971748934,2.481636533693468,-3.5677257667706908,-1.790226067639766
49.0,130.0,1006.7760620117188,-2.75137786494958,-3.0835693187933284,0.7504702103665593,3.627748549695859,-0.3410041119400668,2.280613334841726,-0.7703517971748934,2.481636533693468,-3.5677257667706908,-1.790226067639766
49.0,130.0,1006.7760620117188,-2.75137799183505,-3.0835693187933284,0.7504702103665593,3.627748549695859,-0.3410041119397954,2.280620290907224,-0.7703517969459106,2.4816365336934334,-3.5677257667701,-1.790226067639766
49.0,130.0,1006.7760620117188,-2.7513778650194984,-3.083568583949573,0.7504702103665593,3.627748504981189,-0.3410041119400098,2.2806199135794434,-0.7703517835506912,2.4816365336934685,-3.567725766770067,-1.790226067639766
49.0,130.0,1006.7760620117188,-2.751388223473793,-3.0835680497431235,0.7504702103665593,3.627748548500165,-0.3410041119441672,2.2806215220986936,-0.7703517964824327,2.4816365336934334,-3.5677257667701205,-1.790226067639766
49.0,130.0,1006.7760620117188,-2.751377273201935,-3.0835693187932303,0.7504702103665593,3.6277485424707416,-0.3410041119440636,2.280620262026629,-0.7703517808277521,2.4816365336934663,-3.5677257667701,-1.790226067639766
49.0,130.0,1006.7760620117188,-2.75137738708674,-3.0835680497431235,0.7504702103665593,3.6277485485177294,-0.3410041119402149,2.280613067788936,-0.7703517964801011,2.4816365336934334,-3.5677257667707285,-1.790226067639766
49.0,130.0,1006.7760620117188,-2.751388180392828,-3.0835693193383937,0.7504702103665593,3.6277485152736975,-0.3410041119441672,2.280620568692822,-0.7703517978107245,2.4816365336934334,-3.5677257667703577,-1.790226067639766
49.0,130.0,1006.7760620117188,-2.7513778650194984,-3.083568583949573,0.7504702103665593,3.627748504981189,-0.3410041119400098,2.2806199135794434,-0.7703517835506912,2.4816365336934685,-3.567725766770067,-1.790226067639766
49.0,130.0,1006.7760620117188,-2.751377448935875,-3.0835694145645305,0.7504702103665593,3.627748313985847,-0.3410041119450659,2.280619847173962,-0.7703517837353705,2.481636533693432,-3.5677257667704527,-1.790226067639766
49.0,130.0,1006.7760620117188,-2.751388223473793,-3.0835693187933284,0.7504702103665593,3.627748549614573,-0.3410041119448943,2.280622929419383,-0.7703517954547302,2.4816365336934334,-3.5677257667703577,-1.790226067639766
49.0,130.0,1006.7760620117188,-2.7513788802127825,-3.083569317293106,0.7504702103665593,3.6277483123715952,-0.3410041119451283,2.2806229359921155,-0.7703517839993878,2.4816365336934334,-3.5677257667706326,-1.790226067639766
49.0,130.0,1006.7760620117188,-2.7513890564871986,-3.083569316482167,0.7504702103665593,3.6277485181000526,-0.34100411194388,2.280613287645195,-0.7703517974633471,2.481636533693468,-3.567725766770698,-1.790226067639766
49.0,130.0,1006.7760620117188,-2.7513780498639844,-3.0835693187933284,0.7504702103665593,3.627748549695859,-0.3410041119399182,2.2806204761759203,-0.7703517969459106,2.4816365336934334,-3.5677257667701,-1.790226067639766
49.0,130.0,1006.7760620117188,-2.7513887013366327,-3.0835693187933284,0.7504702103665593,3.6277485496782944,-0.341004111944019,2.280621789151484,-0.770351797177225,2.481636533693468,-3.567725766770083,-1.790226067639766
49.0,130.0,1006.7760620117188,-2.751377273201935,-3.0835693170197747,0.7504702103665593,3.62774853434305,-0.3410041119440734,2.280622720735064,-0.7703517808277521,2.4816365336934663,-3.567725766770109,-1.790226067639766
49.0,130.0,1006.7760620117188,-2.7513891973528963,-3.0835692694509462,0.7504702103665593,3.627748507044335,-0.3410041119440564,2.280615191566161,-0.7703517836491344,2.4816365336934334,-3.567725766770624,-1.790226067639766
49.0,130.0,1006.7760620117188,-2.75137786494958,-3.0835693187933284,0.7504702103665593,3.627748549695859,-0.3410041119437028,2.280613334841726,-0.7703517971748934,2.481636533693468,-3.5677257667706908,-1.790226067639766
49.0,130.0,1006.7760620117188,-2.751388463399668,-3.0835693193226352,0.7504702103665593,3.627748514398228,-0.3410041119399451,2.280619673660264,-0.7703517814871831,2.4816365336934334,-3.5677257667703577,-1.790226067639766
49.0,130.0,1006.7760620117188,-2.7513891663841625,-3.083569318949215,0.7504702103665593,3.627748549695859,-0.341004111944066,2.280615191566161,-0.7703517969072398,2.4816365336934334,-3.5677257667703577,-1.790226067639766
49.0,130.0,1006.7760620117188,-2.75137786494958,-3.0835693187933284,0.7504702103665593,3.627748549695859,-0.3410041119400668,2.280613334841726,-0.7703517971748934,2.481636533693468,-3.5677257667706908,-1.790226067639766
49.0,130.0,1006.7760620117188,-2.751377864596694,-3.083568583949573,0.7504702103665593,3.627748504981189,-0.3410041119397929,2.2806199135794434,-0.7703517835526579,2.481636533693433,-3.567725766770067,-1.790226067639766
49.0,130.0,1006.7760620117188,-2.7513777254595406,-3.083569320576305,0.7504702103665593,3.6277483110345226,-0.34100411194523,2.2806116951943247,-0.7703517815639335,2.4816365336934334,-3.567725766770313,-1.790226067639766
49.0,130.0,1006.7760620117188,-2.751388223473793,-3.08356941760897,0.7504702103665593,3.627748549695859,-0.341004111944066,2.280615191566161,-0.7703517966032704,2.4816365336934334,-3.5677257667703577,-1.790226067639766
49.0,130.0,1006.7760620117188,-2.7513780498639844,-3.0835693187933284,0.7504702103665593,3.627748549695859,-0.3410041119399182,2.2806204761759203,-0.7703517969459106,2.4816365336934334,-3.5677257667701,-1.790226067639766
49.0,130.0,1006.7760620117188,-2.7513886035707498,-3.0835693187933284,0.7504702103665593,3.627748549614573,-0.3410041119448943,2.280622929419383,-0.7703517968482939,2.4816365336934334,-3.567725766770358,-1.790226067639766
49.0,130.0,1006.7760620117188,-2.7513777254595406,-3.083569320576305,0.7504702103665593,3.627748550573877,-0.3410041119401518,2.2806116951943247,-0.7703517815639335,2.4816365336934334,-3.5677257667703035,-1.790226067639766
49.0,130.0,1006.7760620117188,-2.751388718598881,-3.0835693187933284,0.7504702103665593,3.6277485496782944,-0.3410041119441657,2.28062057941505,-0.770351797177225,2.481636533693468,-3.5677257667702427,-1.790226067639766
49.0,130.0,1006.7760620117188,-2.7513780657696554,-3.0835680378074493,0.7504702103665593,3.627748549695859,-0.3410041119398991,2.2806204761759203,-0.7703517969200822,2.4816365336934334,-3.567725766770702,-1.790226067639766
49.0,130.0,1006.7760620117188,-2.751388380755965,-3.0835693187933284,0.7504702103665593,3.627748549614386,-0.3410041119445746,2.280613598824812,-0.7703517970076047,2.4816365336934334,-3.5677257667703577,-1.790226067639766
49.0,130.0,1006.7760620117188,-2.751377864946858,-3.083568583949573,0.7504702103665593,3.627748504981189,-0.3410041119400098,2.2806135005307646,-0.770351784090008,2.4816365336934685,-3.5677257667706592,-1.790226067639766
49.0,130.0,1006.7760620117188,-2.751388463399668,-3.0835693193226352,0.7504702103665593,3.627748514398228,-0.3410041119399451,2.280619673660264,-0.7703517814871831,2.4816365336934334,-3.5677257667703577,-1.790226067639766
49.0,130.0,1006.7760620117188,-2.75137737500952,-3.083569320682247,0.7504702103665593,3.627748555912484,-0.341004111939956,2.2806204761759203,-0.7703517971792055,2.4816365336934334,-3.567725766770095,-1.790226067639766
49.0,130.0,1006.7760620117188,-2.7513891663841625,-3.083569318949215,0.7504702103665593,3.6277482998149937,-0.341004111944066,2.280615191566161,-0.7703517969072398,2.4816365336934334,-3.5677257667703577,-1.790226067639766
49.0,130.0,1006.7760620117188,-2.751377273201935,-3.083568032087617,0.7504702103665593,3.627748534601251,-0.341004111944175,2.280622767004586,-0.7703517808277521,2.481636533693468,-3.567725766770109,-1.790226067639766
49.0,130.0,1006.7760620117188,-2.7513778650194984,-3.083568546029276,0.7504702103665593,3.627748504981189,-0.3410041119400098,2.280611700029564,-0.7703517815648804,2.4816365336934685,-3.567725766770067,-1.790226067639766
49.0,131.0,1006.7760620117188,-2.751388223473793,-3.0835693187933284,0.7504702103665593,3.627748549695859,-0.341004111944066,2.280615191566161,-0.7703517969459106,2.4816365336934334,-3.5677257667703577,-1.790226067639766
49.0,131.0,1006.7760620117188,-2.7513780498639844,-3.0835693187933284,0.7504702103665593,3.627748549695859,-0.3410041119399182,2.2806204761759203,-0.7703517969459106,2.4816365336934334,-3.5677257667701,-1.790226067639766
49.0,131.0,1006.7760620117188,-2.7513780498639844,-3.0835693187933284,0.7504702103665593,3.627748549695859,-0.3410041119399182,2.2806204761759203,-0.7703517969459106,2.4816365336934334,-3.5677257667701,-1.790226067639766
49.0,131.0,1006.7760620117188,-2.751388223473793,-3.0835693187933284,0.7504702103665593,3.627748549614573,-0.3410041119441672,2.280620568692822,-0.7703517970076047,2.4816365336934334,-3.5677257667703577,-1.790226067639766
49.0,131.0,1006.7760620117188,-2.7513774480153352,-3.0835694161087472,0.7504702103665593,3.62774831825964,-0.3410041119451283,2.2806229359921155,-0.7703517836347802,2.4816365336934334,-3.567725766770425,-1.790226067639766
49.0,131.0,1006.7760620117188,-2.75137786494958,-3.0835693187933284,0.7504702103665593,3.627748549695859,-0.3410041119400668,2.280613334841726,-0.7703517971748934,2.481636533693468,-3.5677257667706908,-1.790226067639766
49.0,131.0,1006.7760620117188,-2.7513891973528963,-3.0835692694509462,0.7504702103665593,3.627748507044335,-0.341004111944066,2.280615191566161,-0.7703517820247182,2.4816365336934334,-3.5677257667703577,-1.790226067639766
49.0,131.0,1006.7760620117188,-2.751388223473793,-3.0835693187933284,0.7504702103665593,3.627748549614573,-0.3410041119441672,2.280620568692822,-0.770351782384616,2.481636533693467,-3.567725766764573,-1.790226067639766
49.0,131.0,1006.7760620117188,-2.7513780498639844,-3.0835693187933284,0.7504702103665593,3.627748549695859,-0.3410041119399182,2.2806204761759203,-0.7703517969459106,2.4816365336934334,-3.5677257667701,-1.790226067639766
49.0,131.0,1006.7760620117188,-2.7513788802127825,-3.0835694161087472,0.7504702103665593,3.6277483123715952,-0.3410041119451283,2.2806229359921155,-0.7703517836567474,2.4816365336934334,-3.5677257667706326,-1.790226067639766
49.0,131.0,1006.7760620117188,-2.751388223473793,-3.083569318814585,0.7504702103665593,3.6277485586758953,-0.3410041119441672,2.280620568692822,-0.770351782384616,2.481636533693467,-3.567725766764573,-1.790226067639766
49.0,131.0,1006.7760620117188,-2.7513780498639844,-3.0835680378074493,0.7504702103665593,3.627748549695859,-0.3410041119399182,2.2806204761759203,-0.7703517969087601,2.4816365336934334,-3.5677257667701,-1.790226067639766
49.0,131.0,1006.7760620117188,-2.7513774480153352,-3.0835694161087472,0.7504702103665593,3.627748312829487,-0.3410041119450659,2.280619847173962,-0.7703517836347802,2.4816365336934334,-3.5677257667704323,-1.790226067639766
49.0,131.0,1006.7760620117188,-2.7513891973528963,-3.0835692694509462,0.7504702103665593,3.627748507044335,-0.341004111944066,2.280615191566161,-0.7703517820247182,2.4816365336934334,-3.5677257667703577,-1.790226067639766
49.0,131.0,1006.7760620117188,-2.75137786494958,-3.083569319321926,0.7504702103665593,3.6277485181000526,-0.34100411194388,2.280613334841726,-0.7703517971748934,2.481636533693468,-3.5677257667706908,-1.790226067639766
49.0,131.0,1006.7760620117188,-2.75137786494958,-3.0835693187933284,0.7504702103665593,3.627748549695859,-0.3410041119400668,2.280613334841726,-0.7703517971748934,2.481636533693468,-3.5677257667706908,-1.790226067639766
49.0,131.0,1006.7760620117188,-2.75137799183505,-3.0835693187933284,0.7504702103665593,3.627748549695859,-0.3410041119397954,2.280620290907224,-0.7703517969459106,2.4816365336934334,-3.5677257667701,-1.790226067639766
49.0,131.0,1006.7760620117188,-2.7513778650194984,-3.083568583949573,0.7504702103665593,3.627748504981189,-0.3410041119400098,2.2806199135794434,-0.7703517835506912,2.4816365336934685,-3.567725766770067,-1.790226067639766
49.0,131.0,1006.7760620117188,-2.751388223473793,-3.0835680497431235,0.7504702103665593,3.627748548500165,-0.3410041119441672,2.2806215220986936,-0.7703517964824327,2.4816365336934334,-3.5677257667701205,-1.790226067639766
49.0,131.0,1006.7760620117188,-2.751377273201935,-3.0835693187932303,0.7504702103665593,3.6277485424707416,-0.3410041119440636,2.280620262026629,-0.7703517808277521,2.4816365336934663,-3.5677257667701,-1.790226067639766
49.0,131.0,1006.7760620117188,-2.75137738708674,-3.0835680497431235,0.7504702103665593,3.6277485485177294,-0.3410041119402149,2.280613067788936,-0.7703517964801011,2.4816365336934334,-3.5677257667707285,-1.790226067639766
49.0,131.0,1006.7760620117188,-2.751388180392828,-3.0835693193383937,0.7504702103665593,3.6277485152736975,-0.3410041119441672,2.280620568692822,-0.7703517978107245,2.4816365336934334,-3.5677257667703577,-1.790226067639766
49.0,131.0,1006.7760620117188,-2.7513778650194984,-3.083568583949573,0.7504702103665593,3.627748504981189,-0.3410041119400098,2.2806199135794434,-0.7703517835506912,2.4816365336934685,-3.567725766770067,-1.790226067639766
49.0,131.0,1006.7760620117188,-2.751377448935875,-3.0835694145645305,0.7504702103665593,3.627748313985847,-0.3410041119450659,2.280619847173962,-0.7703517837353705,2.481636533693432,-3.5677257667704527,-1.790226067639766
49.0,131.0,1006.7760620117188,-2.751388223473793,-3.0835693187933284,0.7504702103665593,3.627748549614573,-0.3410041119448943,2.280622929419383,-0.7703517954547302,2.4816365336934334,-3.5677257667703577,-1.790226067639766
49.0,131.0,1006.7760620117188,-2.7513788802127825,-3.083569317293106,0.7504702103665593,3.6277483123715952,-0.3410041119451283,2.2806229359921155,-0.7703517839993878,2.4816365336934334,-3.5677257667706326,-1.790226067639766
49.0,131.0,1006.7760620117188,-2.7513890564871986,-3.083569316482167,0.7504702103665593,3.6277485181000526,-0.34100411194388,2.280613287645195,-0.7703517974633471,2.481636533693468,-3.567725766770698,-1.790226067639766
49.0,131.0,1006.7760620117188,-2.7513780498639844,-3.0835693187933284,0.7504702103665593,3.627748549695859,-0.3410041119399182,2.2806204761759203,-0.7703517969459106,2.4816365336934334,-3.5677257667701,-1.790226067639766
49.0,131.0,1006.7760620117188,-2.7513887013366327,-3.0835693187933284,0.7504702103665593,3.6277485496782944,-0.341004111944019,2.280621789151484,-0.770351797177225,2.481636533693468,-3.567725766770083,-1.790226067639766
49.0,131.0,1006.7760620117188,-2.751377273201935,-3.0835693170197747,0.7504702103665593,3.62774853434305,-0.3410041119440734,2.280622720735064,-0.7703517808277521,2.4816365336934663,-3.567725766770109,-1.790226067639766
49.0,131.0,1006.7760620117188,-2.7513891973528963,-3.0835692694509462,0.7504702103665593,3.627748507044335,-0.3410041119440564,2.280615191566161,-0.7703517836491344,2.4816365336934334,-3.567725766770624,-1.790226067639766
49.0,131.0,1006.7760620117188,-2.75137786494958,-3.0835693187933284,0.7504702103665593,3.627748549695859,-0.3410041119437028,2.280613334841726,-0.7703517971748934,2.481636533693468,-3.5677257667706908,-1.790226067639766
49.0,131.0,1006.7760620117188,-2.751388463399668,-3.0835693193226352,0.7504702103665593,3.627748514398228,-0.3410041119399451,2.280619673660264,-0.7703517814871831,2.4816365336934334,-3.5677257667703577,-1.790226067639766
49.0,131.0,1006.7760620117188,-2.7513891663841625,-3.083569318949215,0.7504702103665593,3.627748549695859,-0.341004111944066,2.280615191566161,-0.7703517969072398,2.4816365336934334,-3.5677257667703577,-1.790226067639766
49.0,131.0,1006.7760620117188,-2.75137786494958,-3.0835693187933284,0.7504702103665593,3.627748549695859,-0.3410041119400668,2.280613334841726,-0.7703517971748934,2.481636533693468,-3.5677257667706908,-1.790226067639766
49.0,131.0,1006.7760620117188,-2.751377864596694,-3.083568583949573,0.7504702103665593,3.627748504981189,-0.3410041119397929,2.2806199135794434,-0.7703517835526579,2.481636533693433,-3.567725766770067,-1.790226067639766
49.0,131.0,1006.7760620117188,-2.7513777254595406,-3.083569320576305,0.7504702103665593,3.6277483110345226,-0.34100411194523,2.2806116951943247,-0.7703517815639335,2.4816365336934334,-3.567725766770313,-1.790226067639766
49.0,131.0,1006.7760620117188,-2.751388223473793,-3.08356941760897,0.7504702103665593,3.627748549695859,-0.341004111944066,2.280615191566161,-0.7703517966032704,2.4816365336934334,-3.5677257667703577,-1.790226067639766
49.0,131.0,1006.7760620117188,-2.7513780498639844,-3.0835693187933284,0.7504702103665593,3.627748549695859,-0.3410041119399182,2.2806204761759203,-0.7703517969459106,2.4816365336934334,-3.5677257667701,-1.790226067639766
49.0,131.0,1006.7760620117188,-2.7513886035707498,-3.0835693187933284,0.7504702103665593,3.627748549614573,-0.3410041119448943,2.280622929419383,-0.7703517968482939,2.4816365336934334,-3.567725766770358,-1.790226067639766
49.0,131.0,1006.7760620117188,-2.7513777254595406,-3.083569320576305,0.7504702103665593,3.627748550573877,-0.3410041119401518,2.2806116951943247,-0.7703517815639335,2.4816365336934334,-3.5677257667703035,-1.790226067639766
49.0,131.0,1006.7760620117188,-2.751388718598881,-3.0835693187933284,0.7504702103665593,3.6277485496782944,-0.3410041119441657,2.28062057941505,-0.770351797177225,2.481636533693468,-3.5677257667702427,-1.790226067639766
49.0,131.0,1006.7760620117188,-2.7513780657696554,-3.0835680378074493,0.7504702103665593,3.627748549695859,-0.3410041119398991,2.2806204761759203,-0.7703517969200822,2.4816365336934334,-3.567725766770702,-1.790226067639766
49.0,131.0,1006.7760620117188,-2.751388380755965,-3.0835693187933284,0.7504702103665593,3.627748549614386,-0.3410041119445746,2.280613598824812,-0.7703517970076047,2.4816365336934334,-3.5677257667703577,-1.790226067639766
49.0,131.0,1006.7760620117188,-2.751377864946858,-3.083568583949573,0.7504702103665593,3.627748504981189,-0.3410041119400098,2.2806135005307646,-0.770351784090008,2.4816365336934685,-3.5677257667706592,-1.790226067639766
49.0,131.0,1006.7760620117188,-2.751388463399668,-3.0835693193226352,0.7504702103665593,3.627748514398228,-0.3410041119399451,2.280619673660264,-0.7703517814871831,2.4816365336934334,-3.5677257667703577,-1.790226067639766
49.0,131.0,1006.7760620117188,-2.75137737500952,-3.083569320682247,0.7504702103665593,3.627748555912484,-0.341004111939956,2.2806204761759203,-0.7703517971792055,2.4816365336934334,-3.567725766770095,-1.790226067639766
49.0,131.0,1006.7760620117188,-2.7513891663841625,-3.083569318949215,0.7504702103665593,3.6277482998149937,-0.341004111944066,2.280615191566161,-0.7703517969072398,2.4816365336934334,-3.5677257667703577,-1.790226067639766
49.0,131.0,1006.7760620117188,-2.751377273201935,-3.083568032087617,0.7504702103665593,3.627748534601251,-0.341004111944175,2.280622767004586,-0.7703517808277521,2.481636533693468,-3.567725766770109,-1.790226067639766
49.0,131.0,1006.7760620117188,-2.7513778650194984,-3.083568546029276,0.7504702103665593,3.627748504981189,-0.3410041119400098,2.280611700029564,-0.7703517815648804,2.4816365336934685,-3.567725766770067,-1.790226067639766
49.0,132.0,1006.7760620117188,-2.751388223473793,-3.0835693187933284,0.7504702103665593,3.627748549695859,-0.341004111944066,2.280615191566161,-0.7703517969459106,2.4816365336934334,-3.5677257667703577,-1.790226067639766
49.0,132.0,1006.7760620117188,-2.7513780498639844,-3.0835693187933284,0.7504702103665593,3.627748549695859,-0.3410041119399182,2.2806204761759203,-0.7703517969459106,2.4816365336934334,-3.5677257667701,-1.790226067639766
49.0,132.0,1006.7760620117188,-2.7513780498639844,-3.0835693187933284,0.7504702103665593,3.627748549695859,-0.3410041119399182,2.2806204761759203,-0.7703517969459106,2.4816365336934334,-3.5677257667701,-1.790226067639766
49.0,132.0,1006.7760620117188,-2.751388223473793,-3.0835693187933284,0.7504702103665593,3.627748549614573,-0.3410041119441672,2.280620568692822,-0.7703517970076047,2.4816365336934334,-3.5677257667703577,-1.790226067639766
49.0,132.0,1006.7760620117188,-2.7513774480153352,-3.0835694161087472,0.7504702103665593,3.62774831825964,-0.3410041119451283,2.2806229359921155,-0.7703517836347802,2.4816365336934334,-3.567725766770425,-1.790226067639766
49.0,132.0,1006.7760620117188,-2.75137786494958,-3.0835693187933284,0.7504702103665593,3.627748549695859,-0.3410041119400668,2.280613334841726,-0.7703517971748934,2.481636533693468,-3.5677257667706908,-1.790226067639766
49.0,132.0,1006.7760620117188,-2.7513891973528963,-3.0835692694509462,0.7504702103665593,3.627748507044335,-0.341004111944066,2.280615191566161,-0.7703517820247182,2.4816365336934334,-3.5677257667703577,-1.790226067639766
49.0,132.0,1006.7760620117188,-2.751388223473793,-3.0835693187933284,0.7504702103665593,3.627748549614573,-0.3410041119441672,2.280620568692822,-0.770351782384616,2.481636533693467,-3.567725766764573,-1.790226067639766
49.0,132.0,1006.7760620117188,-2.7513780498639844,-3.0835693187933284,0.7504702103665593,3.627748549695859,-0.3410041119399182,2.2806204761759203,-0.7703517969459106,2.4816365336934334,-3.5677257667701,-1.790226067639766
49.0,132.0,1006.7760620117188,-2.7513788802127825,-3.0835694161087472,0.7504702103665593,3.6277483123715952,-0.3410041119451283,2.2806229359921155,-0.7703517836567474,2.4816365336934334,-3.5677257667706326,-1.790226067639766
49.0,132.0,1006.7760620117188,-2.751388223473793,-3.083569318814585,0.7504702103665593,3.6277485586758953,-0.3410041119441672,2.280620568692822,-0.770351782384616,2.481636533693467,-3.567725766764573,-1.790226067639766
49.0,132.0,1006.7760620117188,-2.7513780498639844,-3.0835680378074493,0.7504702103665593,3.627748549695859,-0.3410041119399182,2.2806204761759203,-0.7703517969087601,2.4816365336934334,-3.5677257667701,-1.790226067639766
49.0,132.0,1006.7760620117188,-2.7513774480153352,-3.0835694161087472,0.7504702103665593,3.627748312829487,-0.3410041119450659,2.280619847173962,-0.7703517836347802,2.4816365336934334,-3.5677257667704323,-1.790226067639766
49.0,132.0,1006.7760620117188,-2.7513891973528963,-3.0835692694509462,0.7504702103665593,3.627748507044335,-0.341004111944066,2.280615191566161,-0.7703517820247182,2.4816365336934334,-3.5677257667703577,-1.790226067639766
49.0,132.0,1006.7760620117188,-2.75137786494958,-3.083569319321926,0.7504702103665593,3.6277485181000526,-0.34100411194388,2.280613334841726,-0.7703517971748934,2.481636533693468,-3.5677257667706908,-1.790226067639766
49.0,132.0,1006.7760620117188,-2.75137786494958,-3.0835693187933284,0.7504702103665593,3.627748549695859,-0.3410041119400668,2.280613334841726,-0.7703517971748934,2.481636533693468,-3.5677257667706908,-1.790226067639766
49.0,132.0,1006.7760620117188,-2.75137799183505,-3.0835693187933284,0.7504702103665593,3.627748549695859,-0.3410041119397954,2.280620290907224,-0.7703517969459106,2.4816365336934334,-3.5677257667701,-1.790226067639766
49.0,132.0,1006.7760620117188,-2.7513778650194984,-3.083568583949573,0.7504702103665593,3.627748504981189,-0.3410041119400098,2.2806199135794434,-0.7703517835506912,2.4816365336934685,-3.567725766770067,-1.790226067639766
49.0,132.0,1006.7760620117188,-2.751388223473793,-3.0835680497431235,0.7504702103665593,3.627748548500165,-0.3410041119441672,2.2806215220986936,-0.7703517964824327,2.4816365336934334,-3.5677257667701205,-1.790226067639766
49.0,132.0,1006.7760620117188,-2.751377273201935,-3.0835693187932303,0.7504702103665593,3.6277485424707416,-0.3410041119440636,2.280620262026629,-0.7703517808277521,2.4816365336934663,-3.5677257667701,-1.790226067639766
49.0,132.0,1006.7760620117188,-2.75137738708674,-3.0835680497431235,0.7504702103665593,3.6277485485177294,-0.3410041119402149,2.280613067788936,-0.7703517964801011,2.4816365336934334,-3.5677257667707285,-1.790226067639766
49.0,132.0,1006.7760620117188,-2.751388180392828,-3.0835693193383937,0.7504702103665593,3.6277485152736975,-0.3410041119441672,2.280620568692822,-0.7703517978107245,2.4816365336934334,-3.5677257667703577,-1.790226067639766
49.0,132.0,1006.7760620117188,-2.7513778650194984,-3.083568583949573,0.7504702103665593,3.627748504981189,-0.3410041119400098,2.2806199135794434,-0.7703517835506912,2.4816365336934685,-3.567725766770067,-1.790226067639766
49.0,132.0,1006.7760620117188,-2.751377448935875,-3.0835694145645305,0.7504702103665593,3.627748313985847,-0.3410041119450659,2.280619847173962,-0.7703517837353705,2.481636533693432,-3.5677257667704527,-1.790226067639766
49.0,132.0,1006.7760620117188,-2.751388223473793,-3.0835693187933284,0.7504702103665593,3.627748549614573,-0.3410041119448943,2.280622929419383,-0.7703517954547302,2.4816365336934334,-3.5677257667703577,-1.790226067639766
49.0,132.0,1006.7760620117188,-2.7513788802127825,-3.083569317293106,0.7504702103665593,3.6277483123715952,-0.3410041119451283,2.2806229359921155,-0.7703517839993878,2.4816365336934334,-3.5677257667706326,-1.790226067639766
49.0,132.0,1006.7760620117188,-2.7513890564871986,-3.083569316482167,0.7504702103665593,3.6277485181000526,-0.34100411194388,2.280613287645195,-0.7703517974633471,2.481636533693468,-3.567725766770698,-1.790226067639766
49.0,132.0,1006.7760620117188,-2.7513780498639844,-3.0835693187933284,0.7504702103665593,3.627748549695859,-0.3410041119399182,2.2806204761759203,-0.7703517969459106,2.4816365336934334,-3.5677257667701,-1.790226067639766
49.0,132.0,1006.7760620117188,-2.7513887013366327,-3.0835693187933284,0.7504702103665593,3.6277485496782944,-0.341004111944019,2.280621789151484,-0.770351797177225,2.481636533693468,-3.567725766770083,-1.790226067639766
49.0,132.0,1006.7760620117188,-2.751377273201935,-3.0835693170197747,0.7504702103665593,3.62774853434305,-0.3410041119440734,2.280622720735064,-0.7703517808277521,2.4816365336934663,-3.567725766770109,-1.790226067639766
49.0,132.0,1006.7760620117188,-2.7513891973528963,-3.0835692694509462,0.7504702103665593,3.627748507044335,-0.3410041119440564,2.280615191566161,-0.7703517836491344,2.4816365336934334,-3.567725766770624,-1.790226067639766
49.0,132.0,1006.7760620117188,-2.75137786494958,-3.0835693187933284,0.7504702103665593,3.627748549695859,-0.3410041119437028,2.280613334841726,-0.7703517971748934,2.481636533693468,-3.5677257667706908,-1.790226067639766
49.0,132.0,1006.7760620117188,-2.751388463399668,-3.0835693193226352,0.7504702103665593,3.627748514398228,-0.3410041119399451,2.280619673660264,-0.7703517814871831,2.4816365336934334,-3.5677257667703577,-1.790226067639766
49.0,132.0,1006.7760620117188,-2.7513891663841625,-3.083569318949215,0.7504702103665593,3.627748549695859,-0.341004111944066,2.280615191566161,-0.7703517969072398,2.4816365336934334,-3.5677257667703577,-1.790226067639766
49.0,132.0,1006.7760620117188,-2.75137786494958,-3.0835693187933284,0.7504702103665593,3.627748549695859,-0.3410041119400668,2.280613334841726,-0.7703517971748934,2.481636533693468,-3.5677257667706908,-1.790226067639766
49.0,132.0,1006.7760620117188,-2.751377864596694,-3.083568583949573,0.7504702103665593,3.627748504981189,-0.3410041119397929,2.2806199135794434,-0.7703517835526579,2.481636533693433,-3.567725766770067,-1.790226067639766
49.0,132.0,1006.7760620117188,-2.7513777254595406,-3.083569320576305,0.7504702103665593,3.6277483110345226,-0.34100411194523,2.2806116951943247,-0.7703517815639335,2.4816365336934334,-3.567725766770313,-1.790226067639766
49.0,132.0,1006.7760620117188,-2.751388223473793,-3.08356941760897,0.7504702103665593,3.627748549695859,-0.341004111944066,2.280615191566161,-0.7703517966032704,2.4816365336934334,-3.5677257667703577,-1.790226067639766
49.0,132.0,1006.7760620117188,-2.7513780498639844,-3.0835693187933284,0.7504702103665593,3.627748549695859,-0.3410041119399182,2.2806204761759203,-0.7703517969459106,2.4816365336934334,-3.5677257667701,-1.790226067639766
49.0,132.0,1006.7760620117188,-2.7513886035707498,-3.0835693187933284,0.7504702103665593,3.627748549614573,-0.3410041119448943,2.280622929419383,-0.7703517968482939,2.4816365336934334,-3.567725766770358,-1.790226067639766
49.0,132.0,1006.7760620117188,-2.7513777254595406,-3.083569320576305,0.7504702103665593,3.627748550573877,-0.3410041119401518,2.2806116951943247,-0.7703517815639335,2.4816365336934334,-3.5677257667703035,-1.790226067639766
49.0,132.0,1006.7760620117188,-2.751388718598881,-3.0835693187933284,0.7504702103665593,3.6277485496782944,-0.3410041119441657,2.28062057941505,-0.770351797177225,2.481636533693468,-3.5677257667702427,-1.790226067639766
49.0,132.0,1006.7760620117188,-2.7513780657696554,-3.0835680378074493,0.7504702103665593,3.627748549695859,-0.3410041119398991,2.2806204761759203,-0.7703517969200822,2.4816365336934334,-3.567725766770702,-1.790226067639766
49.0,132.0,1006.7760620117188,-2.751388380755965,-3.0835693187933284,0.7504702103665593,3.627748549614386,-0.3410041119445746,2.280613598824812,-0.7703517970076047,2.4816365336934334,-3.5677257667703577,-1.790226067639766
49.0,132.0,1006.7760620117188,-2.751377864946858,-3.083568583949573,0.7504702103665593,3.627748504981189,-0.3410041119400098,2.2806135005307646,-0.770351784090008,2.4816365336934685,-3.5677257667706592,-1.790226067639766
49.0,132.0,1006.7760620117188,-2.751388463399668,-3.0835693193226352,0.7504702103665593,3.627748514398228,-0.3410041119399451,2.280619673660264,-0.7703517814871831,2.4816365336934334,-3.5677257667703577,-1.790226067639766
49.0,132.0,1006.7760620117188,-2.75137737500952,-3.083569320682247,0.7504702103665593,3.627748555912484,-0.341004111939956,2.2806204761759203,-0.7703517971792055,2.4816365336934334,-3.567725766770095,-1.790226067639766
49.0,132.0,1006.7760620117188,-2.7513891663841625,-3.083569318949215,0.7504702103665593,3.6277482998149937,-0.341004111944066,2.280615191566161,-0.7703517969072398,2.4816365336934334,-3.5677257667703577,-1.790226067639766
49.0,132.0,1006.7760620117188,-2.751377273201935,-3.083568032087617,0.7504702103665593,3.627748534601251,-0.341004111944175,2.280622767004586,-0.7703517808277521,2.481636533693468,-3.567725766770109,-1.790226067639766
49.0,132.0,1006.7760620117188,-2.7513778650194984,-3.083568546029276,0.7504702103665593,3.627748504981189,-0.3410041119400098,2.280611700029564,-0.7703517815648804,2.4816365336934685,-3.567725766770067,-1.790226067639766
49.0,133.0,1006.7760620117188,-2.751388223473793,-3.0835693187933284,0.7504702103665593,3.627748549695859,-0.341004111944066,2.280615191566161,-0.7703517969459106,2.4816365336934334,-3.5677257667703577,-1.790226067639766
49.0,133.0,1006.7760620117188,-2.7513780498639844,-3.0835693187933284,0.7504702103665593,3.627748549695859,-0.3410041119399182,2.2806204761759203,-0.7703517969459106,2.4816365336934334,-3.5677257667701,-1.790226067639766
49.0,133.0,1006.7760620117188,-2.7513780498639844,-3.0835693187933284,0.7504702103665593,3.627748549695859,-0.3410041119399182,2.2806204761759203,-0.7703517969459106,2.4816365336934334,-3.5677257667701,-1.790226067639766
49.0,133.0,1006.7760620117188,-2.751388223473793,-3.0835693187933284,0.7504702103665593,3.627748549614573,-0.3410041119441672,2.280620568692822,-0.7703517970076047,2.4816365336934334,-3.5677257667703577,-1.790226067639766
49.0,133.0,1006.7760620117188,-2.7513774480153352,-3.0835694161087472,0.7504702103665593,3.62774831825964,-0.3410041119451283,2.2806229359921155,-0.7703517836347802,2.4816365336934334,-3.567725766770425,-1.790226067639766
49.0,133.0,1006.7760620117188,-2.75137786494958,-3.0835693187933284,0.7504702103665593,3.627748549695859,-0.3410041119400668,2.280613334841726,-0.7703517971748934,2.481636533693468,-3.5677257667706908,-1.790226067639766
49.0,133.0,1006.7760620117188,-2.7513891973528963,-3.0835692694509462,0.7504702103665593,3.627748507044335,-0.341004111944066,2.280615191566161,-0.7703517820247182,2.4816365336934334,-3.5677257667703577,-1.790226067639766
49.0,133.0,1006.7760620117188,-2.751388223473793,-3.0835693187933284,0.7504702103665593,3.627748549614573,-0.3410041119441672,2.280620568692822,-0.770351782384616,2.481636533693467,-3.567725766764573,-1.790226067639766
49.0,133.0,1006.7760620117188,-2.7513780498639844,-3.0835693187933284,0.7504702103665593,3.627748549695859,-0.3410041119399182,2.2806204761759203,-0.7703517969459106,2.4816365336934334,-3.5677257667701,-1.790226067639766
49.0,133.0,1006.7760620117188,-2.7513788802127825,-3.0835694161087472,0.7504702103665593,3.6277483123715952,-0.3410041119451283,2.2806229359921155,-0.7703517836567474,2.4816365336934334,-3.5677257667706326,-1.790226067639766
49.0,133.0,1006.7760620117188,-2.751388223473793,-3.083569318814585,0.7504702103665593,3.6277485586758953,-0.3410041119441672,2.280620568692822,-0.770351782384616,2.481636533693467,-3.567725766764573,-1.790226067639766
49.0,133.0,1006.7760620117188,-2.7513780498639844,-3.0835680378074493,0.7504702103665593,3.627748549695859,-0.3410041119399182,2.2806204761759203,-0.7703517969087601,2.4816365336934334,-3.5677257667701,-1.790226067639766
49.0,133.0,1006.7760620117188,-2.7513774480153352,-3.0835694161087472,0.7504702103665593,3.627748312829487,-0.3410041119450659,2.280619847173962,-0.7703517836347802,2.4816365336934334,-3.5677257667704323,-1.790226067639766
49.0,133.0,1006.7760620117188,-2.7513891973528963,-3.0835692694509462,0.7504702103665593,3.627748507044335,-0.341004111944066,2.280615191566161,-0.7703517820247182,2.4816365336934334,-3.5677257667703577,-1.790226067639766
49.0,133.0,1006.7760620117188,-2.75137786494958,-3.083569319321926,0.7504702103665593,3.6277485181000526,-0.34100411194388,2.280613334841726,-0.7703517971748934,2.481636533693468,-3.5677257667706908,-1.790226067639766
49.0,133.0,1006.7760620117188,-2.75137786494958,-3.0835693187933284,0.7504702103665593,3.627748549695859,-0.3410041119400668,2.280613334841726,-0.7703517971748934,2.481636533693468,-3.5677257667706908,-1.790226067639766
49.0,133.0,1006.7760620117188,-2.75137799183505,-3.0835693187933284,0.7504702103665593,3.627748549695859,-0.3410041119397954,2.280620290907224,-0.7703517969459106,2.4816365336934334,-3.5677257667701,-1.790226067639766
49.0,133.0,1006.7760620117188,-2.7513778650194984,-3.083568583949573,0.7504702103665593,3.627748504981189,-0.3410041119400098,2.2806199135794434,-0.7703517835506912,2.4816365336934685,-3.567725766770067,-1.790226067639766
49.0,133.0,1006.7760620117188,-2.751388223473793,-3.0835680497431235,0.7504702103665593,3.627748548500165,-0.3410041119441672,2.2806215220986936,-0.7703517964824327,2.4816365336934334,-3.5677257667701205,-1.790226067639766
49.0,133.0,1006.7760620117188,-2.751377273201935,-3.0835693187932303,0.7504702103665593,3.6277485424707416,-0.3410041119440636,2.280620262026629,-0.7703517808277521,2.4816365336934663,-3.5677257667701,-1.790226067639766
49.0,133.0,1006.7760620117188,-2.75137738708674,-3.0835680497431235,0.7504702103665593,3.6277485485177294,-0.3410041119402149,2.280613067788936,-0.7703517964801011,2.4816365336934334,-3.5677257667707285,-1.790226067639766
49.0,133.0,1006.7760620117188,-2.751388180392828,-3.0835693193383937,0.7504702103665593,3.6277485152736975,-0.3410041119441672,2.280620568692822,-0.7703517978107245,2.4816365336934334,-3.5677257667703577,-1.790226067639766
49.0,133.0,1006.7760620117188,-2.7513778650194984,-3.083568583949573,0.7504702103665593,3.627748504981189,-0.3410041119400098,2.2806199135794434,-0.7703517835506912,2.4816365336934685,-3.567725766770067,-1.790226067639766
49.0,133.0,1006.7760620117188,-2.751377448935875,-3.0835694145645305,0.7504702103665593,3.627748313985847,-0.3410041119450659,2.280619847173962,-0.7703517837353705,2.481636533693432,-3.5677257667704527,-1.790226067639766
49.0,133.0,1006.7760620117188,-2.751388223473793,-3.0835693187933284,0.7504702103665593,3.627748549614573,-0.3410041119448943,2.280622929419383,-0.7703517954547302,2.4816365336934334,-3.5677257667703577,-1.790226067639766
49.0,133.0,1006.7760620117188,-2.7513788802127825,-3.083569317293106,0.7504702103665593,3.6277483123715952,-0.3410041119451283,2.2806229359921155,-0.7703517839993878,2.4816365336934334,-3.5677257667706326,-1.790226067639766
49.0,133.0,1006.7760620117188,-2.7513890564871986,-3.083569316482167,0.7504702103665593,3.6277485181000526,-0.34100411194388,2.280613287645195,-0.7703517974633471,2.481636533693468,-3.567725766770698,-1.790226067639766
49.0,133.0,1006.7760620117188,-2.7513780498639844,-3.0835693187933284,0.7504702103665593,3.627748549695859,-0.3410041119399182,2.2806204761759203,-0.7703517969459106,2.4816365336934334,-3.5677257667701,-1.790226067639766
49.0,133.0,1006.7760620117188,-2.7513887013366327,-3.0835693187933284,0.7504702103665593,3.6277485496782944,-0.341004111944019,2.280621789151484,-0.770351797177225,2.481636533693468,-3.567725766770083,-1.790226067639766
49.0,133.0,1006.7760620117188,-2.751377273201935,-3.0835693170197747,0.7504702103665593,3.62774853434305,-0.3410041119440734,2.280622720735064,-0.7703517808277521,2.4816365336934663,-3.567725766770109,-1.790226067639766
49.0,133.0,1006.7760620117188,-2.7513891973528963,-3.0835692694509462,0.7504702103665593,3.627748507044335,-0.3410041119440564,2.280615191566161,-0.7703517836491344,2.4816365336934334,-3.567725766770624,-1.790226067639766
49.0,133.0,1006.7760620117188,-2.75137786494958,-3.0835693187933284,0.7504702103665593,3.627748549695859,-0.3410041119437028,2.280613334841726,-0.7703517971748934,2.481636533693468,-3.5677257667706908,-1.790226067639766
49.0,133.0,1006.7760620117188,-2.751388463399668,-3.0835693193226352,0.7504702103665593,3.627748514398228,-0.3410041119399451,2.280619673660264,-0.7703517814871831,2.4816365336934334,-3.5677257667703577,-1.790226067639766
49.0,133.0,1006.7760620117188,-2.7513891663841625,-3.083569318949215,0.7504702103665593,3.627748549695859,-0.341004111944066,2.280615191566161,-0.7703517969072398,2.4816365336934334,-3.5677257667703577,-1.790226067639766
49.0,133.0,1006.7760620117188,-2.75137786494958,-3.0835693187933284,0.7504702103665593,3.627748549695859,-0.3410041119400668,2.280613334841726,-0.7703517971748934,2.481636533693468,-3.5677257667706908,-1.790226067639766
49.0,133.0,1006.7760620117188,-2.751377864596694,-3.083568583949573,0.7504702103665593,3.627748504981189,-0.3410041119397929,2.2806199135794434,-0.7703517835526579,2.481636533693433,-3.567725766770067,-1.790226067639766
49.0,133.0,1006.7760620117188,-2.7513777254595406,-3.083569320576305,0.7504702103665593,3.6277483110345226,-0.34100411194523,2.2806116951943247,-0.7703517815639335,2.4816365336934334,-3.567725766770313,-1.790226067639766
49.0,133.0,1006.7760620117188,-2.751388223473793,-3.08356941760897,0.7504702103665593,3.627748549695859,-0.341004111944066,2.280615191566161,-0.7703517966032704,2.4816365336934334,-3.5677257667703577,-1.790226067639766
49.0,133.0,1006.7760620117188,-2.7513780498639844,-3.0835693187933284,0.7504702103665593,3.627748549695859,-0.3410041119399182,2.2806204761759203,-0.7703517969459106,2.4816365336934334,-3.5677257667701,-1.790226067639766
49.0,133.0,1006.7760620117188,-2.7513886035707498,-3.0835693187933284,0.7504702103665593,3.627748549614573,-0.3410041119448943,2.280622929419383,-0.7703517968482939,2.4816365336934334,-3.567725766770358,-1.790226067639766
49.0,133.0,1006.7760620117188,-2.7513777254595406,-3.083569320576305,0.7504702103665593,3.627748550573877,-0.3410041119401518,2.2806116951943247,-0.7703517815639335,2.4816365336934334,-3.5677257667703035,-1.790226067639766
49.0,133.0,1006.7760620117188,-2.751388718598881,-3.0835693187933284,0.7504702103665593,3.6277485496782944,-0.3410041119441657,2.28062057941505,-0.770351797177225,2.481636533693468,-3.5677257667702427,-1.790226067639766
49.0,133.0,1006.7760620117188,-2.7513780657696554,-3.0835680378074493,0.7504702103665593,3.627748549695859,-0.3410041119398991,2.2806204761759203,-0.7703517969200822,2.4816365336934334,-3.567725766770702,-1.790226067639766
49.0,133.0,1006.7760620117188,-2.751388380755965,-3.0835693187933284,0.7504702103665593,3.627748549614386,-0.3410041119445746,2.280613598824812,-0.7703517970076047,2.4816365336934334,-3.5677257667703577,-1.790226067639766
49.0,133.0,1006.7760620117188,-2.751377864946858,-3.083568583949573,0.7504702103665593,3.627748504981189,-0.3410041119400098,2.2806135005307646,-0.770351784090008,2.4816365336934685,-3.5677257667706592,-1.790226067639766
49.0,133.0,1006.7760620117188,-2.751388463399668,-3.0835693193226352,0.7504702103665593,3.627748514398228,-0.3410041119399451,2.280619673660264,-0.7703517814871831,2.4816365336934334,-3.5677257667703577,-1.790226067639766
49.0,133.0,1006.7760620117188,-2.75137737500952,-3.083569320682247,0.7504702103665593,3.627748555912484,-0.341004111939956,2.2806204761759203,-0.7703517971792055,2.4816365336934334,-3.567725766770095,-1.790226067639766
49.0,133.0,1006.7760620117188,-2.7513891663841625,-3.083569318949215,0.7504702103665593,3.6277482998149937,-0.341004111944066,2.280615191566161,-0.7703517969072398,2.4816365336934334,-3.5677257667703577,-1.790226067639766
49.0,133.0,1006.7760620117188,-2.751377273201935,-3.083568032087617,0.7504702103665593,3.627748534601251,-0.341004111944175,2.280622767004586,-0.7703517808277521,2.481636533693468,-3.567725766770109,-1.790226067639766
49.0,133.0,1006.7760620117188,-2.7513778650194984,-3.083568546029276,0.7504702103665593,3.627748504981189,-0.3410041119400098,2.280611700029564,-0.7703517815648804,2.4816365336934685,-3.567725766770067,-1.790226067639766
49.0,134.0,1006.7760620117188,-2.751388223473793,-3.0835693187933284,0.7504702103665593,3.627748549695859,-0.341004111944066,2.280615191566161,-0.7703517969459106,2.4816365336934334,-3.5677257667703577,-1.790226067639766
49.0,134.0,1006.7760620117188,-2.7513780498639844,-3.0835693187933284,0.7504702103665593,3.627748549695859,-0.3410041119399182,2.2806204761759203,-0.7703517969459106,2.4816365336934334,-3.5677257667701,-1.790226067639766
49.0,134.0,1006.7760620117188,-2.7513780498639844,-3.0835693187933284,0.7504702103665593,3.627748549695859,-0.3410041119399182,2.2806204761759203,-0.7703517969459106,2.4816365336934334,-3.5677257667701,-1.790226067639766
49.0,134.0,1006.7760620117188,-2.751388223473793,-3.0835693187933284,0.7504702103665593,3.627748549614573,-0.3410041119441672,2.280620568692822,-0.7703517970076047,2.4816365336934334,-3.5677257667703577,-1.790226067639766
49.0,134.0,1006.7760620117188,-2.7513774480153352,-3.0835694161087472,0.7504702103665593,3.62774831825964,-0.3410041119451283,2.2806229359921155,-0.7703517836347802,2.4816365336934334,-3.567725766770425,-1.790226067639766
49.0,134.0,1006.7760620117188,-2.75137786494958,-3.0835693187933284,0.7504702103665593,3.627748549695859,-0.3410041119400668,2.280613334841726,-0.7703517971748934,2.481636533693468,-3.5677257667706908,-1.790226067639766
49.0,134.0,1006.7760620117188,-2.7513891973528963,-3.0835692694509462,0.7504702103665593,3.627748507044335,-0.341004111944066,2.280615191566161,-0.7703517820247182,2.4816365336934334,-3.5677257667703577,-1.790226067639766
49.0,134.0,1006.7760620117188,-2.751388223473793,-3.0835693187933284,0.7504702103665593,3.627748549614573,-0.3410041119441672,2.280620568692822,-0.770351782384616,2.481636533693467,-3.567725766764573,-1.790226067639766
49.0,134.0,1006.7760620117188,-2.7513780498639844,-3.0835693187933284,0.7504702103665593,3.627748549695859,-0.3410041119399182,2.2806204761759203,-0.7703517969459106,2.4816365336934334,-3.5677257667701,-1.790226067639766
49.0,134.0,1006.7760620117188,-2.7513788802127825,-3.0835694161087472,0.7504702103665593,3.6277483123715952,-0.3410041119451283,2.2806229359921155,-0.7703517836567474,2.4816365336934334,-3.5677257667706326,-1.790226067639766
49.0,134.0,1006.7760620117188,-2.751388223473793,-3.083569318814585,0.7504702103665593,3.6277485586758953,-0.3410041119441672,2.280620568692822,-0.770351782384616,2.481636533693467,-3.567725766764573,-1.790226067639766
49.0,134.0,1006.7760620117188,-2.7513780498639844,-3.0835680378074493,0.7504702103665593,3.627748549695859,-0.3410041119399182,2.2806204761759203,-0.7703517969087601,2.4816365336934334,-3.5677257667701,-1.790226067639766
49.0,134.0,1006.7760620117188,-2.7513774480153352,-3.0835694161087472,0.7504702103665593,3.627748312829487,-0.3410041119450659,2.280619847173962,-0.7703517836347802,2.4816365336934334,-3.5677257667704323,-1.790226067639766
49.0,134.0,1006.7760620117188,-2.7513891973528963,-3.0835692694509462,0.7504702103665593,3.627748507044335,-0.341004111944066,2.280615191566161,-0.7703517820247182,2.4816365336934334,-3.5677257667703577,-1.790226067639766
49.0,134.0,1006.7760620117188,-2.75137786494958,-3.083569319321926,0.7504702103665593,3.6277485181000526,-0.34100411194388,2.280613334841726,-0.7703517971748934,2.481636533693468,-3.5677257667706908,-1.790226067639766
49.0,134.0,1006.7760620117188,-2.75137786494958,-3.0835693187933284,0.7504702103665593,3.627748549695859,-0.3410041119400668,2.280613334841726,-0.7703517971748934,2.481636533693468,-3.5677257667706908,-1.790226067639766
49.0,134.0,1006.7760620117188,-2.75137799183505,-3.0835693187933284,0.7504702103665593,3.627748549695859,-0.3410041119397954,2.280620290907224,-0.7703517969459106,2.4816365336934334,-3.5677257667701,-1.790226067639766
49.0,134.0,1006.7760620117188,-2.7513778650194984,-3.083568583949573,0.7504702103665593,3.627748504981189,-0.3410041119400098,2.2806199135794434,-0.7703517835506912,2.4816365336934685,-3.567725766770067,-1.790226067639766
49.0,134.0,1006.7760620117188,-2.751388223473793,-3.0835680497431235,0.7504702103665593,3.627748548500165,-0.3410041119441672,2.2806215220986936,-0.7703517964824327,2.4816365336934334,-3.5677257667701205,-1.790226067639766
49.0,134.0,1006.7760620117188,-2.751377273201935,-3.0835693187932303,0.7504702103665593,3.6277485424707416,-0.3410041119440636,2.280620262026629,-0.7703517808277521,2.4816365336934663,-3.5677257667701,-1.790226067639766
49.0,134.0,1006.7760620117188,-2.75137738708674,-3.0835680497431235,0.7504702103665593,3.6277485485177294,-0.3410041119402149,2.280613067788936,-0.7703517964801011,2.4816365336934334,-3.5677257667707285,-1.790226067639766
49.0,134.0,1006.7760620117188,-2.751388180392828,-3.0835693193383937,0.7504702103665593,3.6277485152736975,-0.3410041119441672,2.280620568692822,-0.7703517978107245,2.4816365336934334,-3.5677257667703577,-1.790226067639766
49.0,134.0,1006.7760620117188,-2.7513778650194984,-3.083568583949573,0.7504702103665593,3.627748504981189,-0.3410041119400098,2.2806199135794434,-0.7703517835506912,2.4816365336934685,-3.567725766770067,-1.790226067639766
49.0,134.0,1006.7760620117188,-2.751377448935875,-3.0835694145645305,0.7504702103665593,3.627748313985847,-0.3410041119450659,2.280619847173962,-0.7703517837353705,2.481636533693432,-3.5677257667704527,-1.790226067639766
49.0,134.0,1006.7760620117188,-2.751388223473793,-3.0835693187933284,0.7504702103665593,3.627748549614573,-0.3410041119448943,2.280622929419383,-0.7703517954547302,2.4816365336934334,-3.5677257667703577,-1.790226067639766
49.0,134.0,1006.7760620117188,-2.7513788802127825,-3.083569317293106,0.7504702103665593,3.6277483123715952,-0.3410041119451283,2.2806229359921155,-0.7703517839993878,2.4816365336934334,-3.5677257667706326,-1.790226067639766
49.0,134.0,1006.7760620117188,-2.7513890564871986,-3.083569316482167,0.7504702103665593,3.6277485181000526,-0.34100411194388,2.280613287645195,-0.7703517974633471,2.481636533693468,-3.567725766770698,-1.790226067639766
49.0,134.0,1006.7760620117188,-2.7513780498639844,-3.0835693187933284,0.7504702103665593,3.627748549695859,-0.3410041119399182,2.2806204761759203,-0.7703517969459106,2.4816365336934334,-3.5677257667701,-1.790226067639766
49.0,134.0,1006.7760620117188,-2.7513887013366327,-3.0835693187933284,0.7504702103665593,3.6277485496782944,-0.341004111944019,2.280621789151484,-0.770351797177225,2.481636533693468,-3.567725766770083,-1.790226067639766
49.0,134.0,1006.7760620117188,-2.751377273201935,-3.0835693170197747,0.7504702103665593,3.62774853434305,-0.3410041119440734,2.280622720735064,-0.7703517808277521,2.4816365336934663,-3.567725766770109,-1.790226067639766
49.0,134.0,1006.7760620117188,-2.7513891973528963,-3.0835692694509462,0.7504702103665593,3.627748507044335,-0.3410041119440564,2.280615191566161,-0.7703517836491344,2.4816365336934334,-3.567725766770624,-1.790226067639766
49.0,134.0,1006.7760620117188,-2.75137786494958,-3.0835693187933284,0.7504702103665593,3.627748549695859,-0.3410041119437028,2.280613334841726,-0.7703517971748934,2.481636533693468,-3.5677257667706908,-1.790226067639766
49.0,134.0,1006.7760620117188,-2.751388463399668,-3.0835693193226352,0.7504702103665593,3.627748514398228,-0.3410041119399451,2.280619673660264,-0.7703517814871831,2.4816365336934334,-3.5677257667703577,-1.790226067639766
49.0,134.0,1006.7760620117188,-2.7513891663841625,-3.083569318949215,0.7504702103665593,3.627748549695859,-0.341004111944066,2.280615191566161,-0.7703517969072398,2.4816365336934334,-3.5677257667703577,-1.790226067639766
49.0,134.0,1006.7760620117188,-2.75137786494958,-3.0835693187933284,0.7504702103665593,3.627748549695859,-0.3410041119400668,2.280613334841726,-0.7703517971748934,2.481636533693468,-3.5677257667706908,-1.790226067639766
49.0,134.0,1006.7760620117188,-2.751377864596694,-3.083568583949573,0.7504702103665593,3.627748504981189,-0.3410041119397929,2.2806199135794434,-0.7703517835526579,2.481636533693433,-3.567725766770067,-1.790226067639766
49.0,134.0,1006.7760620117188,-2.7513777254595406,-3.083569320576305,0.7504702103665593,3.6277483110345226,-0.34100411194523,2.2806116951943247,-0.7703517815639335,2.4816365336934334,-3.567725766770313,-1.790226067639766
49.0,134.0,1006.7760620117188,-2.751388223473793,-3.08356941760897,0.7504702103665593,3.627748549695859,-0.341004111944066,2.280615191566161,-0.7703517966032704,2.4816365336934334,-3.5677257667703577,-1.790226067639766
49.0,134.0,1006.7760620117188,-2.7513780498639844,-3.0835693187933284,0.7504702103665593,3.627748549695859,-0.3410041119399182,2.2806204761759203,-0.7703517969459106,2.4816365336934334,-3.5677257667701,-1.790226067639766
49.0,134.0,1006.7760620117188,-2.7513886035707498,-3.0835693187933284,0.7504702103665593,3.627748549614573,-0.3410041119448943,2.280622929419383,-0.7703517968482939,2.4816365336934334,-3.567725766770358,-1.790226067639766
49.0,134.0,1006.7760620117188,-2.7513777254595406,-3.083569320576305,0.7504702103665593,3.627748550573877,-0.3410041119401518,2.2806116951943247,-0.7703517815639335,2.4816365336934334,-3.5677257667703035,-1.790226067639766
49.0,134.0,1006.7760620117188,-2.751388718598881,-3.0835693187933284,0.7504702103665593,3.6277485496782944,-0.3410041119441657,2.28062057941505,-0.770351797177225,2.481636533693468,-3.5677257667702427,-1.790226067639766
49.0,134.0,1006.7760620117188,-2.7513780657696554,-3.0835680378074493,0.7504702103665593,3.627748549695859,-0.3410041119398991,2.2806204761759203,-0.7703517969200822,2.4816365336934334,-3.567725766770702,-1.790226067639766
49.0,134.0,1006.7760620117188,-2.751388380755965,-3.0835693187933284,0.7504702103665593,3.627748549614386,-0.3410041119445746,2.280613598824812,-0.7703517970076047,2.4816365336934334,-3.5677257667703577,-1.790226067639766
49.0,134.0,1006.7760620117188,-2.751377864946858,-3.083568583949573,0.7504702103665593,3.627748504981189,-0.3410041119400098,2.2806135005307646,-0.770351784090008,2.4816365336934685,-3.5677257667706592,-1.790226067639766
49.0,134.0,1006.7760620117188,-2.751388463399668,-3.0835693193226352,0.7504702103665593,3.627748514398228,-0.3410041119399451,2.280619673660264,-0.7703517814871831,2.4816365336934334,-3.5677257667703577,-1.790226067639766
49.0,134.0,1006.7760620117188,-2.75137737500952,-3.083569320682247,0.7504702103665593,3.627748555912484,-0.341004111939956,2.2806204761759203,-0.7703517971792055,2.4816365336934334,-3.567725766770095,-1.790226067639766
49.0,134.0,1006.7760620117188,-2.7513891663841625,-3.083569318949215,0.7504702103665593,3.6277482998149937,-0.341004111944066,2.280615191566161,-0.7703517969072398,2.4816365336934334,-3.5677257667703577,-1.790226067639766
49.0,134.0,1006.7760620117188,-2.751377273201935,-3.083568032087617,0.7504702103665593,3.627748534601251,-0.341004111944175,2.280622767004586,-0.7703517808277521,2.481636533693468,-3.567725766770109,-1.790226067639766
49.0,134.0,1006.7760620117188,-2.7513778650194984,-3.083568546029276,0.7504702103665593,3.627748504981189,-0.3410041119400098,2.280611700029564,-0.7703517815648804,2.4816365336934685,-3.567725766770067,-1.790226067639766
49.0,135.0,1006.7760620117188,-2.751388223473793,-3.0835693187933284,0.7504702103665593,3.627748549695859,-0.341004111944066,2.280615191566161,-0.7703517969459106,2.4816365336934334,-3.5677257667703577,-1.790226067639766
49.0,135.0,1006.7760620117188,-2.7513780498639844,-3.0835693187933284,0.7504702103665593,3.627748549695859,-0.3410041119399182,2.2806204761759203,-0.7703517969459106,2.4816365336934334,-3.5677257667701,-1.790226067639766
49.0,135.0,1006.7760620117188,-2.7513780498639844,-3.0835693187933284,0.7504702103665593,3.627748549695859,-0.3410041119399182,2.2806204761759203,-0.7703517969459106,2.4816365336934334,-3.5677257667701,-1.790226067639766
49.0,135.0,1006.7760620117188,-2.751388223473793,-3.0835693187933284,0.7504702103665593,3.627748549614573,-0.3410041119441672,2.280620568692822,-0.7703517970076047,2.4816365336934334,-3.5677257667703577,-1.790226067639766
49.0,135.0,1006.7760620117188,-2.7513774480153352,-3.0835694161087472,0.7504702103665593,3.62774831825964,-0.3410041119451283,2.2806229359921155,-0.7703517836347802,2.4816365336934334,-3.567725766770425,-1.790226067639766
49.0,135.0,1006.7760620117188,-2.75137786494958,-3.0835693187933284,0.7504702103665593,3.627748549695859,-0.3410041119400668,2.280613334841726,-0.7703517971748934,2.481636533693468,-3.5677257667706908,-1.790226067639766
49.0,135.0,1006.7760620117188,-2.7513891973528963,-3.0835692694509462,0.7504702103665593,3.627748507044335,-0.341004111944066,2.280615191566161,-0.7703517820247182,2.4816365336934334,-3.5677257667703577,-1.790226067639766
49.0,135.0,1006.7760620117188,-2.751388223473793,-3.0835693187933284,0.7504702103665593,3.627748549614573,-0.3410041119441672,2.280620568692822,-0.770351782384616,2.481636533693467,-3.567725766764573,-1.790226067639766
49.0,135.0,1006.7760620117188,-2.7513780498639844,-3.0835693187933284,0.7504702103665593,3.627748549695859,-0.3410041119399182,2.2806204761759203,-0.7703517969459106,2.4816365336934334,-3.5677257667701,-1.790226067639766
49.0,135.0,1006.7760620117188,-2.7513788802127825,-3.0835694161087472,0.7504702103665593,3.6277483123715952,-0.3410041119451283,2.2806229359921155,-0.7703517836567474,2.4816365336934334,-3.5677257667706326,-1.790226067639766
49.0,135.0,1006.7760620117188,-2.751388223473793,-3.083569318814585,0.7504702103665593,3.6277485586758953,-0.3410041119441672,2.280620568692822,-0.770351782384616,2.481636533693467,-3.567725766764573,-1.790226067639766
49.0,135.0,1006.7760620117188,-2.7513780498639844,-3.0835680378074493,0.7504702103665593,3.627748549695859,-0.3410041119399182,2.2806204761759203,-0.7703517969087601,2.4816365336934334,-3.5677257667701,-1.790226067639766
49.0,135.0,1006.7760620117188,-2.7513774480153352,-3.0835694161087472,0.7504702103665593,3.627748312829487,-0.3410041119450659,2.280619847173962,-0.7703517836347802,2.4816365336934334,-3.5677257667704323,-1.790226067639766
49.0,135.0,1006.7760620117188,-2.7513891973528963,-3.0835692694509462,0.7504702103665593,3.627748507044335,-0.341004111944066,2.280615191566161,-0.7703517820247182,2.4816365336934334,-3.5677257667703577,-1.790226067639766
49.0,135.0,1006.7760620117188,-2.75137786494958,-3.083569319321926,0.7504702103665593,3.6277485181000526,-0.34100411194388,2.280613334841726,-0.7703517971748934,2.481636533693468,-3.5677257667706908,-1.790226067639766
49.0,135.0,1006.7760620117188,-2.75137786494958,-3.0835693187933284,0.7504702103665593,3.627748549695859,-0.3410041119400668,2.280613334841726,-0.7703517971748934,2.481636533693468,-3.5677257667706908,-1.790226067639766
49.0,135.0,1006.7760620117188,-2.75137799183505,-3.0835693187933284,0.7504702103665593,3.627748549695859,-0.3410041119397954,2.280620290907224,-0.7703517969459106,2.4816365336934334,-3.5677257667701,-1.790226067639766
49.0,135.0,1006.7760620117188,-2.7513778650194984,-3.083568583949573,0.7504702103665593,3.627748504981189,-0.3410041119400098,2.2806199135794434,-0.7703517835506912,2.4816365336934685,-3.567725766770067,-1.790226067639766
49.0,135.0,1006.7760620117188,-2.751388223473793,-3.0835680497431235,0.7504702103665593,3.627748548500165,-0.3410041119441672,2.2806215220986936,-0.7703517964824327,2.4816365336934334,-3.5677257667701205,-1.790226067639766
49.0,135.0,1006.7760620117188,-2.751377273201935,-3.0835693187932303,0.7504702103665593,3.6277485424707416,-0.3410041119440636,2.280620262026629,-0.7703517808277521,2.4816365336934663,-3.5677257667701,-1.790226067639766
49.0,135.0,1006.7760620117188,-2.75137738708674,-3.0835680497431235,0.7504702103665593,3.6277485485177294,-0.3410041119402149,2.280613067788936,-0.7703517964801011,2.4816365336934334,-3.5677257667707285,-1.790226067639766
49.0,135.0,1006.7760620117188,-2.751388180392828,-3.0835693193383937,0.7504702103665593,3.6277485152736975,-0.3410041119441672,2.280620568692822,-0.7703517978107245,2.4816365336934334,-3.5677257667703577,-1.790226067639766
49.0,135.0,1006.7760620117188,-2.7513778650194984,-3.083568583949573,0.7504702103665593,3.627748504981189,-0.3410041119400098,2.2806199135794434,-0.7703517835506912,2.4816365336934685,-3.567725766770067,-1.790226067639766
49.0,135.0,1006.7760620117188,-2.751377448935875,-3.0835694145645305,0.7504702103665593,3.627748313985847,-0.3410041119450659,2.280619847173962,-0.7703517837353705,2.481636533693432,-3.5677257667704527,-1.790226067639766
49.0,135.0,1006.7760620117188,-2.751388223473793,-3.0835693187933284,0.7504702103665593,3.627748549614573,-0.3410041119448943,2.280622929419383,-0.7703517954547302,2.4816365336934334,-3.5677257667703577,-1.790226067639766
49.0,135.0,1006.7760620117188,-2.7513788802127825,-3.083569317293106,0.7504702103665593,3.6277483123715952,-0.3410041119451283,2.2806229359921155,-0.7703517839993878,2.4816365336934334,-3.5677257667706326,-1.790226067639766
49.0,135.0,1006.7760620117188,-2.7513890564871986,-3.083569316482167,0.7504702103665593,3.6277485181000526,-0.34100411194388,2.280613287645195,-0.7703517974633471,2.481636533693468,-3.567725766770698,-1.790226067639766
49.0,135.0,1006.7760620117188,-2.7513780498639844,-3.0835693187933284,0.7504702103665593,3.627748549695859,-0.3410041119399182,2.2806204761759203,-0.7703517969459106,2.4816365336934334,-3.5677257667701,-1.790226067639766
49.0,135.0,1006.7760620117188,-2.7513887013366327,-3.0835693187933284,0.7504702103665593,3.6277485496782944,-0.341004111944019,2.280621789151484,-0.770351797177225,2.481636533693468,-3.567725766770083,-1.790226067639766
49.0,135.0,1006.7760620117188,-2.751377273201935,-3.0835693170197747,0.7504702103665593,3.62774853434305,-0.3410041119440734,2.280622720735064,-0.7703517808277521,2.4816365336934663,-3.567725766770109,-1.790226067639766
49.0,135.0,1006.7760620117188,-2.7513891973528963,-3.0835692694509462,0.7504702103665593,3.627748507044335,-0.3410041119440564,2.280615191566161,-0.7703517836491344,2.4816365336934334,-3.567725766770624,-1.790226067639766
49.0,135.0,1006.7760620117188,-2.75137786494958,-3.0835693187933284,0.7504702103665593,3.627748549695859,-0.3410041119437028,2.280613334841726,-0.7703517971748934,2.481636533693468,-3.5677257667706908,-1.790226067639766
49.0,135.0,1006.7760620117188,-2.751388463399668,-3.0835693193226352,0.7504702103665593,3.627748514398228,-0.3410041119399451,2.280619673660264,-0.7703517814871831,2.4816365336934334,-3.5677257667703577,-1.790226067639766
49.0,135.0,1006.7760620117188,-2.7513891663841625,-3.083569318949215,0.7504702103665593,3.627748549695859,-0.341004111944066,2.280615191566161,-0.7703517969072398,2.4816365336934334,-3.5677257667703577,-1.790226067639766
49.0,135.0,1006.7760620117188,-2.75137786494958,-3.0835693187933284,0.7504702103665593,3.627748549695859,-0.3410041119400668,2.280613334841726,-0.7703517971748934,2.481636533693468,-3.5677257667706908,-1.790226067639766
49.0,135.0,1006.7760620117188,-2.751377864596694,-3.083568583949573,0.7504702103665593,3.627748504981189,-0.3410041119397929,2.2806199135794434,-0.7703517835526579,2.481636533693433,-3.567725766770067,-1.790226067639766
49.0,135.0,1006.7760620117188,-2.7513777254595406,-3.083569320576305,0.7504702103665593,3.6277483110345226,-0.34100411194523,2.2806116951943247,-0.7703517815639335,2.4816365336934334,-3.567725766770313,-1.790226067639766
49.0,135.0,1006.7760620117188,-2.751388223473793,-3.08356941760897,0.7504702103665593,3.627748549695859,-0.341004111944066,2.280615191566161,-0.7703517966032704,2.4816365336934334,-3.5677257667703577,-1.790226067639766
49.0,135.0,1006.7760620117188,-2.7513780498639844,-3.0835693187933284,0.7504702103665593,3.627748549695859,-0.3410041119399182,2.2806204761759203,-0.7703517969459106,2.4816365336934334,-3.5677257667701,-1.790226067639766
49.0,135.0,1006.7760620117188,-2.7513886035707498,-3.0835693187933284,0.7504702103665593,3.627748549614573,-0.3410041119448943,2.280622929419383,-0.7703517968482939,2.4816365336934334,-3.567725766770358,-1.790226067639766
49.0,135.0,1006.7760620117188,-2.7513777254595406,-3.083569320576305,0.7504702103665593,3.627748550573877,-0.3410041119401518,2.2806116951943247,-0.7703517815639335,2.4816365336934334,-3.5677257667703035,-1.790226067639766
49.0,135.0,1006.7760620117188,-2.751388718598881,-3.0835693187933284,0.7504702103665593,3.6277485496782944,-0.3410041119441657,2.28062057941505,-0.770351797177225,2.481636533693468,-3.5677257667702427,-1.790226067639766
49.0,135.0,1006.7760620117188,-2.7513780657696554,-3.0835680378074493,0.7504702103665593,3.627748549695859,-0.3410041119398991,2.2806204761759203,-0.7703517969200822,2.4816365336934334,-3.567725766770702,-1.790226067639766
49.0,135.0,1006.7760620117188,-2.751388380755965,-3.0835693187933284,0.7504702103665593,3.627748549614386,-0.3410041119445746,2.280613598824812,-0.7703517970076047,2.4816365336934334,-3.5677257667703577,-1.790226067639766
49.0,135.0,1006.7760620117188,-2.751377864946858,-3.083568583949573,0.7504702103665593,3.627748504981189,-0.3410041119400098,2.2806135005307646,-0.770351784090008,2.4816365336934685,-3.5677257667706592,-1.790226067639766
49.0,135.0,1006.7760620117188,-2.751388463399668,-3.0835693193226352,0.7504702103665593,3.627748514398228,-0.3410041119399451,2.280619673660264,-0.7703517814871831,2.4816365336934334,-3.5677257667703577,-1.790226067639766
49.0,135.0,1006.7760620117188,-2.75137737500952,-3.083569320682247,0.7504702103665593,3.627748555912484,-0.341004111939956,2.2806204761759203,-0.7703517971792055,2.4816365336934334,-3.567725766770095,-1.790226067639766
49.0,135.0,1006.7760620117188,-2.7513891663841625,-3.083569318949215,0.7504702103665593,3.6277482998149937,-0.341004111944066,2.280615191566161,-0.7703517969072398,2.4816365336934334,-3.5677257667703577,-1.790226067639766
49.0,135.0,1006.7760620117188,-2.751377273201935,-3.083568032087617,0.7504702103665593,3.627748534601251,-0.341004111944175,2.280622767004586,-0.7703517808277521,2.481636533693468,-3.567725766770109,-1.790226067639766
49.0,135.0,1006.7760620117188,-2.7513778650194984,-3.083568546029276,0.7504702103665593,3.627748504981189,-0.3410041119400098,2.280611700029564,-0.7703517815648804,2.4816365336934685,-3.567725766770067,-1.790226067639766
49.0,136.0,1006.7760620117188,-2.751388223473793,-3.0835693187933284,0.7504702103665593,3.627748549695859,-0.341004111944066,2.280615191566161,-0.7703517969459106,2.4816365336934334,-3.5677257667703577,-1.790226067639766
49.0,136.0,1006.7760620117188,-2.7513780498639844,-3.0835693187933284,0.7504702103665593,3.627748549695859,-0.3410041119399182,2.2806204761759203,-0.7703517969459106,2.4816365336934334,-3.5677257667701,-1.790226067639766
49.0,136.0,1006.7760620117188,-2.7513780498639844,-3.0835693187933284,0.7504702103665593,3.627748549695859,-0.3410041119399182,2.2806204761759203,-0.7703517969459106,2.4816365336934334,-3.5677257667701,-1.790226067639766
49.0,136.0,1006.7760620117188,-2.751388223473793,-3.0835693187933284,0.7504702103665593,3.627748549614573,-0.3410041119441672,2.280620568692822,-0.7703517970076047,2.4816365336934334,-3.5677257667703577,-1.790226067639766
49.0,136.0,1006.7760620117188,-2.7513774480153352,-3.0835694161087472,0.7504702103665593,3.62774831825964,-0.3410041119451283,2.2806229359921155,-0.7703517836347802,2.4816365336934334,-3.567725766770425,-1.790226067639766
49.0,136.0,1006.7760620117188,-2.75137786494958,-3.0835693187933284,0.7504702103665593,3.627748549695859,-0.3410041119400668,2.280613334841726,-0.7703517971748934,2.481636533693468,-3.5677257667706908,-1.790226067639766
49.0,136.0,1006.7760620117188,-2.7513891973528963,-3.0835692694509462,0.7504702103665593,3.627748507044335,-0.341004111944066,2.280615191566161,-0.7703517820247182,2.4816365336934334,-3.5677257667703577,-1.790226067639766
49.0,136.0,1006.7760620117188,-2.751388223473793,-3.0835693187933284,0.7504702103665593,3.627748549614573,-0.3410041119441672,2.280620568692822,-0.770351782384616,2.481636533693467,-3.567725766764573,-1.790226067639766
49.0,136.0,1006.7760620117188,-2.7513780498639844,-3.0835693187933284,0.7504702103665593,3.627748549695859,-0.3410041119399182,2.2806204761759203,-0.7703517969459106,2.4816365336934334,-3.5677257667701,-1.790226067639766
49.0,136.0,1006.7760620117188,-2.7513788802127825,-3.0835694161087472,0.7504702103665593,3.6277483123715952,-0.3410041119451283,2.2806229359921155,-0.7703517836567474,2.4816365336934334,-3.5677257667706326,-1.790226067639766
49.0,136.0,1006.7760620117188,-2.751388223473793,-3.083569318814585,0.7504702103665593,3.6277485586758953,-0.3410041119441672,2.280620568692822,-0.770351782384616,2.481636533693467,-3.567725766764573,-1.790226067639766
49.0,136.0,1006.7760620117188,-2.7513780498639844,-3.0835680378074493,0.7504702103665593,3.627748549695859,-0.3410041119399182,2.2806204761759203,-0.7703517969087601,2.4816365336934334,-3.5677257667701,-1.790226067639766
49.0,136.0,1006.7760620117188,-2.7513774480153352,-3.0835694161087472,0.7504702103665593,3.627748312829487,-0.3410041119450659,2.280619847173962,-0.7703517836347802,2.4816365336934334,-3.5677257667704323,-1.790226067639766
49.0,136.0,1006.7760620117188,-2.7513891973528963,-3.0835692694509462,0.7504702103665593,3.627748507044335,-0.341004111944066,2.280615191566161,-0.7703517820247182,2.4816365336934334,-3.5677257667703577,-1.790226067639766
49.0,136.0,1006.7760620117188,-2.75137786494958,-3.083569319321926,0.7504702103665593,3.6277485181000526,-0.34100411194388,2.280613334841726,-0.7703517971748934,2.481636533693468,-3.5677257667706908,-1.790226067639766
49.0,136.0,1006.7760620117188,-2.75137786494958,-3.0835693187933284,0.7504702103665593,3.627748549695859,-0.3410041119400668,2.280613334841726,-0.7703517971748934,2.481636533693468,-3.5677257667706908,-1.790226067639766
49.0,136.0,1006.7760620117188,-2.75137799183505,-3.0835693187933284,0.7504702103665593,3.627748549695859,-0.3410041119397954,2.280620290907224,-0.7703517969459106,2.4816365336934334,-3.5677257667701,-1.790226067639766
49.0,136.0,1006.7760620117188,-2.7513778650194984,-3.083568583949573,0.7504702103665593,3.627748504981189,-0.3410041119400098,2.2806199135794434,-0.7703517835506912,2.4816365336934685,-3.567725766770067,-1.790226067639766
49.0,136.0,1006.7760620117188,-2.751388223473793,-3.0835680497431235,0.7504702103665593,3.627748548500165,-0.3410041119441672,2.2806215220986936,-0.7703517964824327,2.4816365336934334,-3.5677257667701205,-1.790226067639766
49.0,136.0,1006.7760620117188,-2.751377273201935,-3.0835693187932303,0.7504702103665593,3.6277485424707416,-0.3410041119440636,2.280620262026629,-0.7703517808277521,2.4816365336934663,-3.5677257667701,-1.790226067639766
49.0,136.0,1006.7760620117188,-2.75137738708674,-3.0835680497431235,0.7504702103665593,3.6277485485177294,-0.3410041119402149,2.280613067788936,-0.7703517964801011,2.4816365336934334,-3.5677257667707285,-1.790226067639766
49.0,136.0,1006.7760620117188,-2.751388180392828,-3.0835693193383937,0.7504702103665593,3.6277485152736975,-0.3410041119441672,2.280620568692822,-0.7703517978107245,2.4816365336934334,-3.5677257667703577,-1.790226067639766
49.0,136.0,1006.7760620117188,-2.7513778650194984,-3.083568583949573,0.7504702103665593,3.627748504981189,-0.3410041119400098,2.2806199135794434,-0.7703517835506912,2.4816365336934685,-3.567725766770067,-1.790226067639766
49.0,136.0,1006.7760620117188,-2.751377448935875,-3.0835694145645305,0.7504702103665593,3.627748313985847,-0.3410041119450659,2.280619847173962,-0.7703517837353705,2.481636533693432,-3.5677257667704527,-1.790226067639766
49.0,136.0,1006.7760620117188,-2.751388223473793,-3.0835693187933284,0.7504702103665593,3.627748549614573,-0.3410041119448943,2.280622929419383,-0.7703517954547302,2.4816365336934334,-3.5677257667703577,-1.790226067639766
49.0,136.0,1006.7760620117188,-2.7513788802127825,-3.083569317293106,0.7504702103665593,3.6277483123715952,-0.3410041119451283,2.2806229359921155,-0.7703517839993878,2.4816365336934334,-3.5677257667706326,-1.790226067639766
49.0,136.0,1006.7760620117188,-2.7513890564871986,-3.083569316482167,0.7504702103665593,3.6277485181000526,-0.34100411194388,2.280613287645195,-0.7703517974633471,2.481636533693468,-3.567725766770698,-1.790226067639766
49.0,136.0,1006.7760620117188,-2.7513780498639844,-3.0835693187933284,0.7504702103665593,3.627748549695859,-0.3410041119399182,2.2806204761759203,-0.7703517969459106,2.4816365336934334,-3.5677257667701,-1.790226067639766
49.0,136.0,1006.7760620117188,-2.7513887013366327,-3.0835693187933284,0.7504702103665593,3.6277485496782944,-0.341004111944019,2.280621789151484,-0.770351797177225,2.481636533693468,-3.567725766770083,-1.790226067639766
49.0,136.0,1006.7760620117188,-2.751377273201935,-3.0835693170197747,0.7504702103665593,3.62774853434305,-0.3410041119440734,2.280622720735064,-0.7703517808277521,2.4816365336934663,-3.567725766770109,-1.790226067639766
49.0,136.0,1006.7760620117188,-2.7513891973528963,-3.0835692694509462,0.7504702103665593,3.627748507044335,-0.3410041119440564,2.280615191566161,-0.7703517836491344,2.4816365336934334,-3.567725766770624,-1.790226067639766
49.0,136.0,1006.7760620117188,-2.75137786494958,-3.0835693187933284,0.7504702103665593,3.627748549695859,-0.3410041119437028,2.280613334841726,-0.7703517971748934,2.481636533693468,-3.5677257667706908,-1.790226067639766
49.0,136.0,1006.7760620117188,-2.751388463399668,-3.0835693193226352,0.7504702103665593,3.627748514398228,-0.3410041119399451,2.280619673660264,-0.7703517814871831,2.4816365336934334,-3.5677257667703577,-1.790226067639766
49.0,136.0,1006.7760620117188,-2.7513891663841625,-3.083569318949215,0.7504702103665593,3.627748549695859,-0.341004111944066,2.280615191566161,-0.7703517969072398,2.4816365336934334,-3.5677257667703577,-1.790226067639766
49.0,136.0,1006.7760620117188,-2.75137786494958,-3.0835693187933284,0.7504702103665593,3.627748549695859,-0.3410041119400668,2.280613334841726,-0.7703517971748934,2.481636533693468,-3.5677257667706908,-1.790226067639766
49.0,136.0,1006.7760620117188,-2.751377864596694,-3.083568583949573,0.7504702103665593,3.627748504981189,-0.3410041119397929,2.2806199135794434,-0.7703517835526579,2.481636533693433,-3.567725766770067,-1.790226067639766
49.0,136.0,1006.7760620117188,-2.7513777254595406,-3.083569320576305,0.7504702103665593,3.6277483110345226,-0.34100411194523,2.2806116951943247,-0.7703517815639335,2.4816365336934334,-3.567725766770313,-1.790226067639766
49.0,136.0,1006.7760620117188,-2.751388223473793,-3.08356941760897,0.7504702103665593,3.627748549695859,-0.341004111944066,2.280615191566161,-0.7703517966032704,2.4816365336934334,-3.5677257667703577,-1.790226067639766
49.0,136.0,1006.7760620117188,-2.7513780498639844,-3.0835693187933284,0.7504702103665593,3.627748549695859,-0.3410041119399182,2.2806204761759203,-0.7703517969459106,2.4816365336934334,-3.5677257667701,-1.790226067639766
49.0,136.0,1006.7760620117188,-2.7513886035707498,-3.0835693187933284,0.7504702103665593,3.627748549614573,-0.3410041119448943,2.280622929419383,-0.7703517968482939,2.4816365336934334,-3.567725766770358,-1.790226067639766
49.0,136.0,1006.7760620117188,-2.7513777254595406,-3.083569320576305,0.7504702103665593,3.627748550573877,-0.3410041119401518,2.2806116951943247,-0.7703517815639335,2.4816365336934334,-3.5677257667703035,-1.790226067639766
49.0,136.0,1006.7760620117188,-2.751388718598881,-3.0835693187933284,0.7504702103665593,3.6277485496782944,-0.3410041119441657,2.28062057941505,-0.770351797177225,2.481636533693468,-3.5677257667702427,-1.790226067639766
49.0,136.0,1006.7760620117188,-2.7513780657696554,-3.0835680378074493,0.7504702103665593,3.627748549695859,-0.3410041119398991,2.2806204761759203,-0.7703517969200822,2.4816365336934334,-3.567725766770702,-1.790226067639766
49.0,136.0,1006.7760620117188,-2.751388380755965,-3.0835693187933284,0.7504702103665593,3.627748549614386,-0.3410041119445746,2.280613598824812,-0.7703517970076047,2.4816365336934334,-3.5677257667703577,-1.790226067639766
49.0,136.0,1006.7760620117188,-2.751377864946858,-3.083568583949573,0.7504702103665593,3.627748504981189,-0.3410041119400098,2.2806135005307646,-0.770351784090008,2.4816365336934685,-3.5677257667706592,-1.790226067639766
49.0,136.0,1006.7760620117188,-2.751388463399668,-3.0835693193226352,0.7504702103665593,3.627748514398228,-0.3410041119399451,2.280619673660264,-0.7703517814871831,2.4816365336934334,-3.5677257667703577,-1.790226067639766
49.0,136.0,1006.7760620117188,-2.75137737500952,-3.083569320682247,0.7504702103665593,3.627748555912484,-0.341004111939956,2.2806204761759203,-0.7703517971792055,2.4816365336934334,-3.567725766770095,-1.790226067639766
49.0,136.0,1006.7760620117188,-2.7513891663841625,-3.083569318949215,0.7504702103665593,3.6277482998149937,-0.341004111944066,2.280615191566161,-0.7703517969072398,2.4816365336934334,-3.5677257667703577,-1.790226067639766
49.0,136.0,1006.7760620117188,-2.751377273201935,-3.083568032087617,0.7504702103665593,3.627748534601251,-0.341004111944175,2.280622767004586,-0.7703517808277521,2.481636533693468,-3.567725766770109,-1.790226067639766
49.0,136.0,1006.7760620117188,-2.7513778650194984,-3.083568546029276,0.7504702103665593,3.627748504981189,-0.3410041119400098,2.280611700029564,-0.7703517815648804,2.4816365336934685,-3.567725766770067,-1.790226067639766
49.0,137.0,1006.7760620117188,-2.751388223473793,-3.0835693187933284,0.7504702103665593,3.627748549695859,-0.341004111944066,2.280615191566161,-0.7703517969459106,2.4816365336934334,-3.5677257667703577,-1.790226067639766
49.0,137.0,1006.7760620117188,-2.7513780498639844,-3.0835693187933284,0.7504702103665593,3.627748549695859,-0.3410041119399182,2.2806204761759203,-0.7703517969459106,2.4816365336934334,-3.5677257667701,-1.790226067639766
49.0,137.0,1006.7760620117188,-2.7513780498639844,-3.0835693187933284,0.7504702103665593,3.627748549695859,-0.3410041119399182,2.2806204761759203,-0.7703517969459106,2.4816365336934334,-3.5677257667701,-1.790226067639766
49.0,137.0,1006.7760620117188,-2.751388223473793,-3.0835693187933284,0.7504702103665593,3.627748549614573,-0.3410041119441672,2.280620568692822,-0.7703517970076047,2.4816365336934334,-3.5677257667703577,-1.790226067639766
49.0,137.0,1006.7760620117188,-2.7513774480153352,-3.0835694161087472,0.7504702103665593,3.62774831825964,-0.3410041119451283,2.2806229359921155,-0.7703517836347802,2.4816365336934334,-3.567725766770425,-1.790226067639766
49.0,137.0,1006.7760620117188,-2.75137786494958,-3.0835693187933284,0.7504702103665593,3.627748549695859,-0.3410041119400668,2.280613334841726,-0.7703517971748934,2.481636533693468,-3.5677257667706908,-1.790226067639766
49.0,137.0,1006.7760620117188,-2.7513891973528963,-3.0835692694509462,0.7504702103665593,3.627748507044335,-0.341004111944066,2.280615191566161,-0.7703517820247182,2.4816365336934334,-3.5677257667703577,-1.790226067639766
49.0,137.0,1006.7760620117188,-2.751388223473793,-3.0835693187933284,0.7504702103665593,3.627748549614573,-0.3410041119441672,2.280620568692822,-0.770351782384616,2.481636533693467,-3.567725766764573,-1.790226067639766
49.0,137.0,1006.7760620117188,-2.7513780498639844,-3.0835693187933284,0.7504702103665593,3.627748549695859,-0.3410041119399182,2.2806204761759203,-0.7703517969459106,2.4816365336934334,-3.5677257667701,-1.790226067639766
49.0,137.0,1006.7760620117188,-2.7513788802127825,-3.0835694161087472,0.7504702103665593,3.6277483123715952,-0.3410041119451283,2.2806229359921155,-0.7703517836567474,2.4816365336934334,-3.5677257667706326,-1.790226067639766
49.0,137.0,1006.7760620117188,-2.751388223473793,-3.083569318814585,0.7504702103665593,3.6277485586758953,-0.3410041119441672,2.280620568692822,-0.770351782384616,2.481636533693467,-3.567725766764573,-1.790226067639766
49.0,137.0,1006.7760620117188,-2.7513780498639844,-3.0835680378074493,0.7504702103665593,3.627748549695859,-0.3410041119399182,2.2806204761759203,-0.7703517969087601,2.4816365336934334,-3.5677257667701,-1.790226067639766
49.0,137.0,1006.7760620117188,-2.7513774480153352,-3.0835694161087472,0.7504702103665593,3.627748312829487,-0.3410041119450659,2.280619847173962,-0.7703517836347802,2.4816365336934334,-3.5677257667704323,-1.790226067639766
49.0,137.0,1006.7760620117188,-2.7513891973528963,-3.0835692694509462,0.7504702103665593,3.627748507044335,-0.341004111944066,2.280615191566161,-0.7703517820247182,2.4816365336934334,-3.5677257667703577,-1.790226067639766
49.0,137.0,1006.7760620117188,-2.75137786494958,-3.083569319321926,0.7504702103665593,3.6277485181000526,-0.34100411194388,2.280613334841726,-0.7703517971748934,2.481636533693468,-3.5677257667706908,-1.790226067639766
49.0,137.0,1006.7760620117188,-2.75137786494958,-3.0835693187933284,0.7504702103665593,3.627748549695859,-0.3410041119400668,2.280613334841726,-0.7703517971748934,2.481636533693468,-3.5677257667706908,-1.790226067639766
49.0,137.0,1006.7760620117188,-2.75137799183505,-3.0835693187933284,0.7504702103665593,3.627748549695859,-0.3410041119397954,2.280620290907224,-0.7703517969459106,2.4816365336934334,-3.5677257667701,-1.790226067639766
49.0,137.0,1006.7760620117188,-2.7513778650194984,-3.083568583949573,0.7504702103665593,3.627748504981189,-0.3410041119400098,2.2806199135794434,-0.7703517835506912,2.4816365336934685,-3.567725766770067,-1.790226067639766
49.0,137.0,1006.7760620117188,-2.751388223473793,-3.0835680497431235,0.7504702103665593,3.627748548500165,-0.3410041119441672,2.2806215220986936,-0.7703517964824327,2.4816365336934334,-3.5677257667701205,-1.790226067639766
49.0,137.0,1006.7760620117188,-2.751377273201935,-3.0835693187932303,0.7504702103665593,3.6277485424707416,-0.3410041119440636,2.280620262026629,-0.7703517808277521,2.4816365336934663,-3.5677257667701,-1.790226067639766
49.0,137.0,1006.7760620117188,-2.75137738708674,-3.0835680497431235,0.7504702103665593,3.6277485485177294,-0.3410041119402149,2.280613067788936,-0.7703517964801011,2.4816365336934334,-3.5677257667707285,-1.790226067639766
49.0,137.0,1006.7760620117188,-2.751388180392828,-3.0835693193383937,0.7504702103665593,3.6277485152736975,-0.3410041119441672,2.280620568692822,-0.7703517978107245,2.4816365336934334,-3.5677257667703577,-1.790226067639766
49.0,137.0,1006.7760620117188,-2.7513778650194984,-3.083568583949573,0.7504702103665593,3.627748504981189,-0.3410041119400098,2.2806199135794434,-0.7703517835506912,2.4816365336934685,-3.567725766770067,-1.790226067639766
49.0,137.0,1006.7760620117188,-2.751377448935875,-3.0835694145645305,0.7504702103665593,3.627748313985847,-0.3410041119450659,2.280619847173962,-0.7703517837353705,2.481636533693432,-3.5677257667704527,-1.790226067639766
49.0,137.0,1006.7760620117188,-2.751388223473793,-3.0835693187933284,0.7504702103665593,3.627748549614573,-0.3410041119448943,2.280622929419383,-0.7703517954547302,2.4816365336934334,-3.5677257667703577,-1.790226067639766
49.0,137.0,1006.7760620117188,-2.7513788802127825,-3.083569317293106,0.7504702103665593,3.6277483123715952,-0.3410041119451283,2.2806229359921155,-0.7703517839993878,2.4816365336934334,-3.5677257667706326,-1.790226067639766
49.0,137.0,1006.7760620117188,-2.7513890564871986,-3.083569316482167,0.7504702103665593,3.6277485181000526,-0.34100411194388,2.280613287645195,-0.7703517974633471,2.481636533693468,-3.567725766770698,-1.790226067639766
49.0,137.0,1006.7760620117188,-2.7513780498639844,-3.0835693187933284,0.7504702103665593,3.627748549695859,-0.3410041119399182,2.2806204761759203,-0.7703517969459106,2.4816365336934334,-3.5677257667701,-1.790226067639766
49.0,137.0,1006.7760620117188,-2.7513887013366327,-3.0835693187933284,0.7504702103665593,3.6277485496782944,-0.341004111944019,2.280621789151484,-0.770351797177225,2.481636533693468,-3.567725766770083,-1.790226067639766
49.0,137.0,1006.7760620117188,-2.751377273201935,-3.0835693170197747,0.7504702103665593,3.62774853434305,-0.3410041119440734,2.280622720735064,-0.7703517808277521,2.4816365336934663,-3.567725766770109,-1.790226067639766
49.0,137.0,1006.7760620117188,-2.7513891973528963,-3.0835692694509462,0.7504702103665593,3.627748507044335,-0.3410041119440564,2.280615191566161,-0.7703517836491344,2.4816365336934334,-3.567725766770624,-1.790226067639766
49.0,137.0,1006.7760620117188,-2.75137786494958,-3.0835693187933284,0.7504702103665593,3.627748549695859,-0.3410041119437028,2.280613334841726,-0.7703517971748934,2.481636533693468,-3.5677257667706908,-1.790226067639766
49.0,137.0,1006.7760620117188,-2.751388463399668,-3.0835693193226352,0.7504702103665593,3.627748514398228,-0.3410041119399451,2.280619673660264,-0.7703517814871831,2.4816365336934334,-3.5677257667703577,-1.790226067639766
49.0,137.0,1006.7760620117188,-2.7513891663841625,-3.083569318949215,0.7504702103665593,3.627748549695859,-0.341004111944066,2.280615191566161,-0.7703517969072398,2.4816365336934334,-3.5677257667703577,-1.790226067639766
49.0,137.0,1006.7760620117188,-2.75137786494958,-3.0835693187933284,0.7504702103665593,3.627748549695859,-0.3410041119400668,2.280613334841726,-0.7703517971748934,2.481636533693468,-3.5677257667706908,-1.790226067639766
49.0,137.0,1006.7760620117188,-2.751377864596694,-3.083568583949573,0.7504702103665593,3.627748504981189,-0.3410041119397929,2.2806199135794434,-0.7703517835526579,2.481636533693433,-3.567725766770067,-1.790226067639766
49.0,137.0,1006.7760620117188,-2.7513777254595406,-3.083569320576305,0.7504702103665593,3.6277483110345226,-0.34100411194523,2.2806116951943247,-0.7703517815639335,2.4816365336934334,-3.567725766770313,-1.790226067639766
49.0,137.0,1006.7760620117188,-2.751388223473793,-3.08356941760897,0.7504702103665593,3.627748549695859,-0.341004111944066,2.280615191566161,-0.7703517966032704,2.4816365336934334,-3.5677257667703577,-1.790226067639766
49.0,137.0,1006.7760620117188,-2.7513780498639844,-3.0835693187933284,0.7504702103665593,3.627748549695859,-0.3410041119399182,2.2806204761759203,-0.7703517969459106,2.4816365336934334,-3.5677257667701,-1.790226067639766
49.0,137.0,1006.7760620117188,-2.7513886035707498,-3.0835693187933284,0.7504702103665593,3.627748549614573,-0.3410041119448943,2.280622929419383,-0.7703517968482939,2.4816365336934334,-3.567725766770358,-1.790226067639766
49.0,137.0,1006.7760620117188,-2.7513777254595406,-3.083569320576305,0.7504702103665593,3.627748550573877,-0.3410041119401518,2.2806116951943247,-0.7703517815639335,2.4816365336934334,-3.5677257667703035,-1.790226067639766
49.0,137.0,1006.7760620117188,-2.751388718598881,-3.0835693187933284,0.7504702103665593,3.6277485496782944,-0.3410041119441657,2.28062057941505,-0.770351797177225,2.481636533693468,-3.5677257667702427,-1.790226067639766
49.0,137.0,1006.7760620117188,-2.7513780657696554,-3.0835680378074493,0.7504702103665593,3.627748549695859,-0.3410041119398991,2.2806204761759203,-0.7703517969200822,2.4816365336934334,-3.567725766770702,-1.790226067639766
49.0,137.0,1006.7760620117188,-2.751388380755965,-3.0835693187933284,0.7504702103665593,3.627748549614386,-0.3410041119445746,2.280613598824812,-0.7703517970076047,2.4816365336934334,-3.5677257667703577,-1.790226067639766
49.0,137.0,1006.7760620117188,-2.751377864946858,-3.083568583949573,0.7504702103665593,3.627748504981189,-0.3410041119400098,2.2806135005307646,-0.770351784090008,2.4816365336934685,-3.5677257667706592,-1.790226067639766
49.0,137.0,1006.7760620117188,-2.751388463399668,-3.0835693193226352,0.7504702103665593,3.627748514398228,-0.3410041119399451,2.280619673660264,-0.7703517814871831,2.4816365336934334,-3.5677257667703577,-1.790226067639766
49.0,137.0,1006.7760620117188,-2.75137737500952,-3.083569320682247,0.7504702103665593,3.627748555912484,-0.341004111939956,2.2806204761759203,-0.7703517971792055,2.4816365336934334,-3.567725766770095,-1.790226067639766
49.0,137.0,1006.7760620117188,-2.7513891663841625,-3.083569318949215,0.7504702103665593,3.6277482998149937,-0.341004111944066,2.280615191566161,-0.7703517969072398,2.4816365336934334,-3.5677257667703577,-1.790226067639766
49.0,137.0,1006.7760620117188,-2.751377273201935,-3.083568032087617,0.7504702103665593,3.627748534601251,-0.341004111944175,2.280622767004586,-0.7703517808277521,2.481636533693468,-3.567725766770109,-1.790226067639766
49.0,137.0,1006.7760620117188,-2.7513778650194984,-3.083568546029276,0.7504702103665593,3.627748504981189,-0.3410041119400098,2.280611700029564,-0.7703517815648804,2.4816365336934685,-3.567725766770067,-1.790226067639766
49.0,138.0,1006.7760620117188,-2.751388223473793,-3.0835693187933284,0.7504702103665593,3.627748549695859,-0.341004111944066,2.280615191566161,-0.7703517969459106,2.4816365336934334,-3.5677257667703577,-1.790226067639766
49.0,138.0,1006.7760620117188,-2.7513780498639844,-3.0835693187933284,0.7504702103665593,3.627748549695859,-0.3410041119399182,2.2806204761759203,-0.7703517969459106,2.4816365336934334,-3.5677257667701,-1.790226067639766
49.0,138.0,1006.7760620117188,-2.7513780498639844,-3.0835693187933284,0.7504702103665593,3.627748549695859,-0.3410041119399182,2.2806204761759203,-0.7703517969459106,2.4816365336934334,-3.5677257667701,-1.790226067639766
49.0,138.0,1006.7760620117188,-2.751388223473793,-3.0835693187933284,0.7504702103665593,3.627748549614573,-0.3410041119441672,2.280620568692822,-0.7703517970076047,2.4816365336934334,-3.5677257667703577,-1.790226067639766
49.0,138.0,1006.7760620117188,-2.7513774480153352,-3.0835694161087472,0.7504702103665593,3.62774831825964,-0.3410041119451283,2.2806229359921155,-0.7703517836347802,2.4816365336934334,-3.567725766770425,-1.790226067639766
49.0,138.0,1006.7760620117188,-2.75137786494958,-3.0835693187933284,0.7504702103665593,3.627748549695859,-0.3410041119400668,2.280613334841726,-0.7703517971748934,2.481636533693468,-3.5677257667706908,-1.790226067639766
49.0,138.0,1006.7760620117188,-2.7513891973528963,-3.0835692694509462,0.7504702103665593,3.627748507044335,-0.341004111944066,2.280615191566161,-0.7703517820247182,2.4816365336934334,-3.5677257667703577,-1.790226067639766
49.0,138.0,1006.7760620117188,-2.751388223473793,-3.0835693187933284,0.7504702103665593,3.627748549614573,-0.3410041119441672,2.280620568692822,-0.770351782384616,2.481636533693467,-3.567725766764573,-1.790226067639766
49.0,138.0,1006.7760620117188,-2.7513780498639844,-3.0835693187933284,0.7504702103665593,3.627748549695859,-0.3410041119399182,2.2806204761759203,-0.7703517969459106,2.4816365336934334,-3.5677257667701,-1.790226067639766
49.0,138.0,1006.7760620117188,-2.7513788802127825,-3.0835694161087472,0.7504702103665593,3.6277483123715952,-0.3410041119451283,2.2806229359921155,-0.7703517836567474,2.4816365336934334,-3.5677257667706326,-1.790226067639766
49.0,138.0,1006.7760620117188,-2.751388223473793,-3.083569318814585,0.7504702103665593,3.6277485586758953,-0.3410041119441672,2.280620568692822,-0.770351782384616,2.481636533693467,-3.567725766764573,-1.790226067639766
49.0,138.0,1006.7760620117188,-2.7513780498639844,-3.0835680378074493,0.7504702103665593,3.627748549695859,-0.3410041119399182,2.2806204761759203,-0.7703517969087601,2.4816365336934334,-3.5677257667701,-1.790226067639766
49.0,138.0,1006.7760620117188,-2.7513774480153352,-3.0835694161087472,0.7504702103665593,3.627748312829487,-0.3410041119450659,2.280619847173962,-0.7703517836347802,2.4816365336934334,-3.5677257667704323,-1.790226067639766
49.0,138.0,1006.7760620117188,-2.7513891973528963,-3.0835692694509462,0.7504702103665593,3.627748507044335,-0.341004111944066,2.280615191566161,-0.7703517820247182,2.4816365336934334,-3.5677257667703577,-1.790226067639766
49.0,138.0,1006.7760620117188,-2.75137786494958,-3.083569319321926,0.7504702103665593,3.6277485181000526,-0.34100411194388,2.280613334841726,-0.7703517971748934,2.481636533693468,-3.5677257667706908,-1.790226067639766
49.0,138.0,1006.7760620117188,-2.75137786494958,-3.0835693187933284,0.7504702103665593,3.627748549695859,-0.3410041119400668,2.280613334841726,-0.7703517971748934,2.481636533693468,-3.5677257667706908,-1.790226067639766
49.0,138.0,1006.7760620117188,-2.75137799183505,-3.0835693187933284,0.7504702103665593,3.627748549695859,-0.3410041119397954,2.280620290907224,-0.7703517969459106,2.4816365336934334,-3.5677257667701,-1.790226067639766
49.0,138.0,1006.7760620117188,-2.7513778650194984,-3.083568583949573,0.7504702103665593,3.627748504981189,-0.3410041119400098,2.2806199135794434,-0.7703517835506912,2.4816365336934685,-3.567725766770067,-1.790226067639766
49.0,138.0,1006.7760620117188,-2.751388223473793,-3.0835680497431235,0.7504702103665593,3.627748548500165,-0.3410041119441672,2.2806215220986936,-0.7703517964824327,2.4816365336934334,-3.5677257667701205,-1.790226067639766
49.0,138.0,1006.7760620117188,-2.751377273201935,-3.0835693187932303,0.7504702103665593,3.6277485424707416,-0.3410041119440636,2.280620262026629,-0.7703517808277521,2.4816365336934663,-3.5677257667701,-1.790226067639766
49.0,138.0,1006.7760620117188,-2.75137738708674,-3.0835680497431235,0.7504702103665593,3.6277485485177294,-0.3410041119402149,2.280613067788936,-0.7703517964801011,2.4816365336934334,-3.5677257667707285,-1.790226067639766
49.0,138.0,1006.7760620117188,-2.751388180392828,-3.0835693193383937,0.7504702103665593,3.6277485152736975,-0.3410041119441672,2.280620568692822,-0.7703517978107245,2.4816365336934334,-3.5677257667703577,-1.790226067639766
49.0,138.0,1006.7760620117188,-2.7513778650194984,-3.083568583949573,0.7504702103665593,3.627748504981189,-0.3410041119400098,2.2806199135794434,-0.7703517835506912,2.4816365336934685,-3.567725766770067,-1.790226067639766
49.0,138.0,1006.7760620117188,-2.751377448935875,-3.0835694145645305,0.7504702103665593,3.627748313985847,-0.3410041119450659,2.280619847173962,-0.7703517837353705,2.481636533693432,-3.5677257667704527,-1.790226067639766
49.0,138.0,1006.7760620117188,-2.751388223473793,-3.0835693187933284,0.7504702103665593,3.627748549614573,-0.3410041119448943,2.280622929419383,-0.7703517954547302,2.4816365336934334,-3.5677257667703577,-1.790226067639766
49.0,138.0,1006.7760620117188,-2.7513788802127825,-3.083569317293106,0.7504702103665593,3.6277483123715952,-0.3410041119451283,2.2806229359921155,-0.7703517839993878,2.4816365336934334,-3.5677257667706326,-1.790226067639766
49.0,138.0,1006.7760620117188,-2.7513890564871986,-3.083569316482167,0.7504702103665593,3.6277485181000526,-0.34100411194388,2.280613287645195,-0.7703517974633471,2.481636533693468,-3.567725766770698,-1.790226067639766
49.0,138.0,1006.7760620117188,-2.7513780498639844,-3.0835693187933284,0.7504702103665593,3.627748549695859,-0.3410041119399182,2.2806204761759203,-0.7703517969459106,2.4816365336934334,-3.5677257667701,-1.790226067639766
49.0,138.0,1006.7760620117188,-2.7513887013366327,-3.0835693187933284,0.7504702103665593,3.6277485496782944,-0.341004111944019,2.280621789151484,-0.770351797177225,2.481636533693468,-3.567725766770083,-1.790226067639766
49.0,138.0,1006.7760620117188,-2.751377273201935,-3.0835693170197747,0.7504702103665593,3.62774853434305,-0.3410041119440734,2.280622720735064,-0.7703517808277521,2.4816365336934663,-3.567725766770109,-1.790226067639766
49.0,138.0,1006.7760620117188,-2.7513891973528963,-3.0835692694509462,0.7504702103665593,3.627748507044335,-0.3410041119440564,2.280615191566161,-0.7703517836491344,2.4816365336934334,-3.567725766770624,-1.790226067639766
49.0,138.0,1006.7760620117188,-2.75137786494958,-3.0835693187933284,0.7504702103665593,3.627748549695859,-0.3410041119437028,2.280613334841726,-0.7703517971748934,2.481636533693468,-3.5677257667706908,-1.790226067639766
49.0,138.0,1006.7760620117188,-2.751388463399668,-3.0835693193226352,0.7504702103665593,3.627748514398228,-0.3410041119399451,2.280619673660264,-0.7703517814871831,2.4816365336934334,-3.5677257667703577,-1.790226067639766
49.0,138.0,1006.7760620117188,-2.7513891663841625,-3.083569318949215,0.7504702103665593,3.627748549695859,-0.341004111944066,2.280615191566161,-0.7703517969072398,2.4816365336934334,-3.5677257667703577,-1.790226067639766
49.0,138.0,1006.7760620117188,-2.75137786494958,-3.0835693187933284,0.7504702103665593,3.627748549695859,-0.3410041119400668,2.280613334841726,-0.7703517971748934,2.481636533693468,-3.5677257667706908,-1.790226067639766
49.0,138.0,1006.7760620117188,-2.751377864596694,-3.083568583949573,0.7504702103665593,3.627748504981189,-0.3410041119397929,2.2806199135794434,-0.7703517835526579,2.481636533693433,-3.567725766770067,-1.790226067639766
49.0,138.0,1006.7760620117188,-2.7513777254595406,-3.083569320576305,0.7504702103665593,3.6277483110345226,-0.34100411194523,2.2806116951943247,-0.7703517815639335,2.4816365336934334,-3.567725766770313,-1.790226067639766
49.0,138.0,1006.7760620117188,-2.751388223473793,-3.08356941760897,0.7504702103665593,3.627748549695859,-0.341004111944066,2.280615191566161,-0.7703517966032704,2.4816365336934334,-3.5677257667703577,-1.790226067639766
49.0,138.0,1006.7760620117188,-2.7513780498639844,-3.0835693187933284,0.7504702103665593,3.627748549695859,-0.3410041119399182,2.2806204761759203,-0.7703517969459106,2.4816365336934334,-3.5677257667701,-1.790226067639766
49.0,138.0,1006.7760620117188,-2.7513886035707498,-3.0835693187933284,0.7504702103665593,3.627748549614573,-0.3410041119448943,2.280622929419383,-0.7703517968482939,2.4816365336934334,-3.567725766770358,-1.790226067639766
49.0,138.0,1006.7760620117188,-2.7513777254595406,-3.083569320576305,0.7504702103665593,3.627748550573877,-0.3410041119401518,2.2806116951943247,-0.7703517815639335,2.4816365336934334,-3.5677257667703035,-1.790226067639766
49.0,138.0,1006.7760620117188,-2.751388718598881,-3.0835693187933284,0.7504702103665593,3.6277485496782944,-0.3410041119441657,2.28062057941505,-0.770351797177225,2.481636533693468,-3.5677257667702427,-1.790226067639766
49.0,138.0,1006.7760620117188,-2.7513780657696554,-3.0835680378074493,0.7504702103665593,3.627748549695859,-0.3410041119398991,2.2806204761759203,-0.7703517969200822,2.4816365336934334,-3.567725766770702,-1.790226067639766
49.0,138.0,1006.7760620117188,-2.751388380755965,-3.0835693187933284,0.7504702103665593,3.627748549614386,-0.3410041119445746,2.280613598824812,-0.7703517970076047,2.4816365336934334,-3.5677257667703577,-1.790226067639766
49.0,138.0,1006.7760620117188,-2.751377864946858,-3.083568583949573,0.7504702103665593,3.627748504981189,-0.3410041119400098,2.2806135005307646,-0.770351784090008,2.4816365336934685,-3.5677257667706592,-1.790226067639766
49.0,138.0,1006.7760620117188,-2.751388463399668,-3.0835693193226352,0.7504702103665593,3.627748514398228,-0.3410041119399451,2.280619673660264,-0.7703517814871831,2.4816365336934334,-3.5677257667703577,-1.790226067639766
49.0,138.0,1006.7760620117188,-2.75137737500952,-3.083569320682247,0.7504702103665593,3.627748555912484,-0.341004111939956,2.2806204761759203,-0.7703517971792055,2.4816365336934334,-3.567725766770095,-1.790226067639766
49.0,138.0,1006.7760620117188,-2.7513891663841625,-3.083569318949215,0.7504702103665593,3.6277482998149937,-0.341004111944066,2.280615191566161,-0.7703517969072398,2.4816365336934334,-3.5677257667703577,-1.790226067639766
49.0,138.0,1006.7760620117188,-2.751377273201935,-3.083568032087617,0.7504702103665593,3.627748534601251,-0.341004111944175,2.280622767004586,-0.7703517808277521,2.481636533693468,-3.567725766770109,-1.790226067639766
49.0,138.0,1006.7760620117188,-2.7513778650194984,-3.083568546029276,0.7504702103665593,3.627748504981189,-0.3410041119400098,2.280611700029564,-0.7703517815648804,2.4816365336934685,-3.567725766770067,-1.790226067639766
49.0,139.0,1006.7760620117188,-2.751388223473793,-3.0835693187933284,0.7504702103665593,3.627748549695859,-0.341004111944066,2.280615191566161,-0.7703517969459106,2.4816365336934334,-3.5677257667703577,-1.790226067639766
49.0,139.0,1006.7760620117188,-2.7513780498639844,-3.0835693187933284,0.7504702103665593,3.627748549695859,-0.3410041119399182,2.2806204761759203,-0.7703517969459106,2.4816365336934334,-3.5677257667701,-1.790226067639766
49.0,139.0,1006.7760620117188,-2.7513780498639844,-3.0835693187933284,0.7504702103665593,3.627748549695859,-0.3410041119399182,2.2806204761759203,-0.7703517969459106,2.4816365336934334,-3.5677257667701,-1.790226067639766
49.0,139.0,1006.7760620117188,-2.751388223473793,-3.0835693187933284,0.7504702103665593,3.627748549614573,-0.3410041119441672,2.280620568692822,-0.7703517970076047,2.4816365336934334,-3.5677257667703577,-1.790226067639766
49.0,139.0,1006.7760620117188,-2.7513774480153352,-3.0835694161087472,0.7504702103665593,3.62774831825964,-0.3410041119451283,2.2806229359921155,-0.7703517836347802,2.4816365336934334,-3.567725766770425,-1.790226067639766
49.0,139.0,1006.7760620117188,-2.75137786494958,-3.0835693187933284,0.7504702103665593,3.627748549695859,-0.3410041119400668,2.280613334841726,-0.7703517971748934,2.481636533693468,-3.5677257667706908,-1.790226067639766
49.0,139.0,1006.7760620117188,-2.7513891973528963,-3.0835692694509462,0.7504702103665593,3.627748507044335,-0.341004111944066,2.280615191566161,-0.7703517820247182,2.4816365336934334,-3.5677257667703577,-1.790226067639766
49.0,139.0,1006.7760620117188,-2.751388223473793,-3.0835693187933284,0.7504702103665593,3.627748549614573,-0.3410041119441672,2.280620568692822,-0.770351782384616,2.481636533693467,-3.567725766764573,-1.790226067639766
49.0,139.0,1006.7760620117188,-2.7513780498639844,-3.0835693187933284,0.7504702103665593,3.627748549695859,-0.3410041119399182,2.2806204761759203,-0.7703517969459106,2.4816365336934334,-3.5677257667701,-1.790226067639766
49.0,139.0,1006.7760620117188,-2.7513788802127825,-3.0835694161087472,0.7504702103665593,3.6277483123715952,-0.3410041119451283,2.2806229359921155,-0.7703517836567474,2.4816365336934334,-3.5677257667706326,-1.790226067639766
49.0,139.0,1006.7760620117188,-2.751388223473793,-3.083569318814585,0.7504702103665593,3.6277485586758953,-0.3410041119441672,2.280620568692822,-0.770351782384616,2.481636533693467,-3.567725766764573,-1.790226067639766
49.0,139.0,1006.7760620117188,-2.7513780498639844,-3.0835680378074493,0.7504702103665593,3.627748549695859,-0.3410041119399182,2.2806204761759203,-0.7703517969087601,2.4816365336934334,-3.5677257667701,-1.790226067639766
49.0,139.0,1006.7760620117188,-2.7513774480153352,-3.0835694161087472,0.7504702103665593,3.627748312829487,-0.3410041119450659,2.280619847173962,-0.7703517836347802,2.4816365336934334,-3.5677257667704323,-1.790226067639766
49.0,139.0,1006.7760620117188,-2.7513891973528963,-3.0835692694509462,0.7504702103665593,3.627748507044335,-0.341004111944066,2.280615191566161,-0.7703517820247182,2.4816365336934334,-3.5677257667703577,-1.790226067639766
49.0,139.0,1006.7760620117188,-2.75137786494958,-3.083569319321926,0.7504702103665593,3.6277485181000526,-0.34100411194388,2.280613334841726,-0.7703517971748934,2.481636533693468,-3.5677257667706908,-1.790226067639766
49.0,139.0,1006.7760620117188,-2.75137786494958,-3.0835693187933284,0.7504702103665593,3.627748549695859,-0.3410041119400668,2.280613334841726,-0.7703517971748934,2.481636533693468,-3.5677257667706908,-1.790226067639766
49.0,139.0,1006.7760620117188,-2.75137799183505,-3.0835693187933284,0.7504702103665593,3.627748549695859,-0.3410041119397954,2.280620290907224,-0.7703517969459106,2.4816365336934334,-3.5677257667701,-1.790226067639766
49.0,139.0,1006.7760620117188,-2.7513778650194984,-3.083568583949573,0.7504702103665593,3.627748504981189,-0.3410041119400098,2.2806199135794434,-0.7703517835506912,2.4816365336934685,-3.567725766770067,-1.790226067639766
49.0,139.0,1006.7760620117188,-2.751388223473793,-3.0835680497431235,0.7504702103665593,3.627748548500165,-0.3410041119441672,2.2806215220986936,-0.7703517964824327,2.4816365336934334,-3.5677257667701205,-1.790226067639766
49.0,139.0,1006.7760620117188,-2.751377273201935,-3.0835693187932303,0.7504702103665593,3.6277485424707416,-0.3410041119440636,2.280620262026629,-0.7703517808277521,2.4816365336934663,-3.5677257667701,-1.790226067639766
49.0,139.0,1006.7760620117188,-2.75137738708674,-3.0835680497431235,0.7504702103665593,3.6277485485177294,-0.3410041119402149,2.280613067788936,-0.7703517964801011,2.4816365336934334,-3.5677257667707285,-1.790226067639766
49.0,139.0,1006.7760620117188,-2.751388180392828,-3.0835693193383937,0.7504702103665593,3.6277485152736975,-0.3410041119441672,2.280620568692822,-0.7703517978107245,2.4816365336934334,-3.5677257667703577,-1.790226067639766
49.0,139.0,1006.7760620117188,-2.7513778650194984,-3.083568583949573,0.7504702103665593,3.627748504981189,-0.3410041119400098,2.2806199135794434,-0.7703517835506912,2.4816365336934685,-3.567725766770067,-1.790226067639766
49.0,139.0,1006.7760620117188,-2.751377448935875,-3.0835694145645305,0.7504702103665593,3.627748313985847,-0.3410041119450659,2.280619847173962,-0.7703517837353705,2.481636533693432,-3.5677257667704527,-1.790226067639766
49.0,139.0,1006.7760620117188,-2.751388223473793,-3.0835693187933284,0.7504702103665593,3.627748549614573,-0.3410041119448943,2.280622929419383,-0.7703517954547302,2.4816365336934334,-3.5677257667703577,-1.790226067639766
49.0,139.0,1006.7760620117188,-2.7513788802127825,-3.083569317293106,0.7504702103665593,3.6277483123715952,-0.3410041119451283,2.2806229359921155,-0.7703517839993878,2.4816365336934334,-3.5677257667706326,-1.790226067639766
49.0,139.0,1006.7760620117188,-2.7513890564871986,-3.083569316482167,0.7504702103665593,3.6277485181000526,-0.34100411194388,2.280613287645195,-0.7703517974633471,2.481636533693468,-3.567725766770698,-1.790226067639766
49.0,139.0,1006.7760620117188,-2.7513780498639844,-3.0835693187933284,0.7504702103665593,3.627748549695859,-0.3410041119399182,2.2806204761759203,-0.7703517969459106,2.4816365336934334,-3.5677257667701,-1.790226067639766
49.0,139.0,1006.7760620117188,-2.7513887013366327,-3.0835693187933284,0.7504702103665593,3.6277485496782944,-0.341004111944019,2.280621789151484,-0.770351797177225,2.481636533693468,-3.567725766770083,-1.790226067639766
49.0,139.0,1006.7760620117188,-2.751377273201935,-3.0835693170197747,0.7504702103665593,3.62774853434305,-0.3410041119440734,2.280622720735064,-0.7703517808277521,2.4816365336934663,-3.567725766770109,-1.790226067639766
49.0,139.0,1006.7760620117188,-2.7513891973528963,-3.0835692694509462,0.7504702103665593,3.627748507044335,-0.3410041119440564,2.280615191566161,-0.7703517836491344,2.4816365336934334,-3.567725766770624,-1.790226067639766
49.0,139.0,1006.7760620117188,-2.75137786494958,-3.0835693187933284,0.7504702103665593,3.627748549695859,-0.3410041119437028,2.280613334841726,-0.7703517971748934,2.481636533693468,-3.5677257667706908,-1.790226067639766
49.0,139.0,1006.7760620117188,-2.751388463399668,-3.0835693193226352,0.7504702103665593,3.627748514398228,-0.3410041119399451,2.280619673660264,-0.7703517814871831,2.4816365336934334,-3.5677257667703577,-1.790226067639766
49.0,139.0,1006.7760620117188,-2.7513891663841625,-3.083569318949215,0.7504702103665593,3.627748549695859,-0.341004111944066,2.280615191566161,-0.7703517969072398,2.4816365336934334,-3.5677257667703577,-1.790226067639766
49.0,139.0,1006.7760620117188,-2.75137786494958,-3.0835693187933284,0.7504702103665593,3.627748549695859,-0.3410041119400668,2.280613334841726,-0.7703517971748934,2.481636533693468,-3.5677257667706908,-1.790226067639766
49.0,139.0,1006.7760620117188,-2.751377864596694,-3.083568583949573,0.7504702103665593,3.627748504981189,-0.3410041119397929,2.2806199135794434,-0.7703517835526579,2.481636533693433,-3.567725766770067,-1.790226067639766
49.0,139.0,1006.7760620117188,-2.7513777254595406,-3.083569320576305,0.7504702103665593,3.6277483110345226,-0.34100411194523,2.2806116951943247,-0.7703517815639335,2.4816365336934334,-3.567725766770313,-1.790226067639766
49.0,139.0,1006.7760620117188,-2.751388223473793,-3.08356941760897,0.7504702103665593,3.627748549695859,-0.341004111944066,2.280615191566161,-0.7703517966032704,2.4816365336934334,-3.5677257667703577,-1.790226067639766
49.0,139.0,1006.7760620117188,-2.7513780498639844,-3.0835693187933284,0.7504702103665593,3.627748549695859,-0.3410041119399182,2.2806204761759203,-0.7703517969459106,2.4816365336934334,-3.5677257667701,-1.790226067639766
49.0,139.0,1006.7760620117188,-2.7513886035707498,-3.0835693187933284,0.7504702103665593,3.627748549614573,-0.3410041119448943,2.280622929419383,-0.7703517968482939,2.4816365336934334,-3.567725766770358,-1.790226067639766
49.0,139.0,1006.7760620117188,-2.7513777254595406,-3.083569320576305,0.7504702103665593,3.627748550573877,-0.3410041119401518,2.2806116951943247,-0.7703517815639335,2.4816365336934334,-3.5677257667703035,-1.790226067639766
49.0,139.0,1006.7760620117188,-2.751388718598881,-3.0835693187933284,0.7504702103665593,3.6277485496782944,-0.3410041119441657,2.28062057941505,-0.770351797177225,2.481636533693468,-3.5677257667702427,-1.790226067639766
49.0,139.0,1006.7760620117188,-2.7513780657696554,-3.0835680378074493,0.7504702103665593,3.627748549695859,-0.3410041119398991,2.2806204761759203,-0.7703517969200822,2.4816365336934334,-3.567725766770702,-1.790226067639766
49.0,139.0,1006.7760620117188,-2.751388380755965,-3.0835693187933284,0.7504702103665593,3.627748549614386,-0.3410041119445746,2.280613598824812,-0.7703517970076047,2.4816365336934334,-3.5677257667703577,-1.790226067639766
49.0,139.0,1006.7760620117188,-2.751377864946858,-3.083568583949573,0.7504702103665593,3.627748504981189,-0.3410041119400098,2.2806135005307646,-0.770351784090008,2.4816365336934685,-3.5677257667706592,-1.790226067639766
49.0,139.0,1006.7760620117188,-2.751388463399668,-3.0835693193226352,0.7504702103665593,3.627748514398228,-0.3410041119399451,2.280619673660264,-0.7703517814871831,2.4816365336934334,-3.5677257667703577,-1.790226067639766
49.0,139.0,1006.7760620117188,-2.75137737500952,-3.083569320682247,0.7504702103665593,3.627748555912484,-0.341004111939956,2.2806204761759203,-0.7703517971792055,2.4816365336934334,-3.567725766770095,-1.790226067639766
49.0,139.0,1006.7760620117188,-2.7513891663841625,-3.083569318949215,0.7504702103665593,3.6277482998149937,-0.341004111944066,2.280615191566161,-0.7703517969072398,2.4816365336934334,-3.5677257667703577,-1.790226067639766
49.0,139.0,1006.7760620117188,-2.751377273201935,-3.083568032087617,0.7504702103665593,3.627748534601251,-0.341004111944175,2.280622767004586,-0.7703517808277521,2.481636533693468,-3.567725766770109,-1.790226067639766
49.0,139.0,1006.7760620117188,-2.7513778650194984,-3.083568546029276,0.7504702103665593,3.627748504981189,-0.3410041119400098,2.280611700029564,-0.7703517815648804,2.4816365336934685,-3.567725766770067,-1.790226067639766
49.0,140.0,1006.7760620117188,-2.751388223473793,-3.0835693187933284,0.7504702103665593,3.627748549695859,-0.341004111944066,2.280615191566161,-0.7703517969459106,2.4816365336934334,-3.5677257667703577,-1.790226067639766
49.0,140.0,1006.7760620117188,-2.7513780498639844,-3.0835693187933284,0.7504702103665593,3.627748549695859,-0.3410041119399182,2.2806204761759203,-0.7703517969459106,2.4816365336934334,-3.5677257667701,-1.790226067639766
49.0,140.0,1006.7760620117188,-2.7513780498639844,-3.0835693187933284,0.7504702103665593,3.627748549695859,-0.3410041119399182,2.2806204761759203,-0.7703517969459106,2.4816365336934334,-3.5677257667701,-1.790226067639766
49.0,140.0,1006.7760620117188,-2.751388223473793,-3.0835693187933284,0.7504702103665593,3.627748549614573,-0.3410041119441672,2.280620568692822,-0.7703517970076047,2.4816365336934334,-3.5677257667703577,-1.790226067639766
49.0,140.0,1006.7760620117188,-2.7513774480153352,-3.0835694161087472,0.7504702103665593,3.62774831825964,-0.3410041119451283,2.2806229359921155,-0.7703517836347802,2.4816365336934334,-3.567725766770425,-1.790226067639766
49.0,140.0,1006.7760620117188,-2.75137786494958,-3.0835693187933284,0.7504702103665593,3.627748549695859,-0.3410041119400668,2.280613334841726,-0.7703517971748934,2.481636533693468,-3.5677257667706908,-1.790226067639766
49.0,140.0,1006.7760620117188,-2.7513891973528963,-3.0835692694509462,0.7504702103665593,3.627748507044335,-0.341004111944066,2.280615191566161,-0.7703517820247182,2.4816365336934334,-3.5677257667703577,-1.790226067639766
49.0,140.0,1006.7760620117188,-2.751388223473793,-3.0835693187933284,0.7504702103665593,3.627748549614573,-0.3410041119441672,2.280620568692822,-0.770351782384616,2.481636533693467,-3.567725766764573,-1.790226067639766
49.0,140.0,1006.7760620117188,-2.7513780498639844,-3.0835693187933284,0.7504702103665593,3.627748549695859,-0.3410041119399182,2.2806204761759203,-0.7703517969459106,2.4816365336934334,-3.5677257667701,-1.790226067639766
49.0,140.0,1006.7760620117188,-2.7513788802127825,-3.0835694161087472,0.7504702103665593,3.6277483123715952,-0.3410041119451283,2.2806229359921155,-0.7703517836567474,2.4816365336934334,-3.5677257667706326,-1.790226067639766
49.0,140.0,1006.7760620117188,-2.751388223473793,-3.083569318814585,0.7504702103665593,3.6277485586758953,-0.3410041119441672,2.280620568692822,-0.770351782384616,2.481636533693467,-3.567725766764573,-1.790226067639766
49.0,140.0,1006.7760620117188,-2.7513780498639844,-3.0835680378074493,0.7504702103665593,3.627748549695859,-0.3410041119399182,2.2806204761759203,-0.7703517969087601,2.4816365336934334,-3.5677257667701,-1.790226067639766
49.0,140.0,1006.7760620117188,-2.7513774480153352,-3.0835694161087472,0.7504702103665593,3.627748312829487,-0.3410041119450659,2.280619847173962,-0.7703517836347802,2.4816365336934334,-3.5677257667704323,-1.790226067639766
49.0,140.0,1006.7760620117188,-2.7513891973528963,-3.0835692694509462,0.7504702103665593,3.627748507044335,-0.341004111944066,2.280615191566161,-0.7703517820247182,2.4816365336934334,-3.5677257667703577,-1.790226067639766
49.0,140.0,1006.7760620117188,-2.75137786494958,-3.083569319321926,0.7504702103665593,3.6277485181000526,-0.34100411194388,2.280613334841726,-0.7703517971748934,2.481636533693468,-3.5677257667706908,-1.790226067639766
49.0,140.0,1006.7760620117188,-2.75137786494958,-3.0835693187933284,0.7504702103665593,3.627748549695859,-0.3410041119400668,2.280613334841726,-0.7703517971748934,2.481636533693468,-3.5677257667706908,-1.790226067639766
49.0,140.0,1006.7760620117188,-2.75137799183505,-3.0835693187933284,0.7504702103665593,3.627748549695859,-0.3410041119397954,2.280620290907224,-0.7703517969459106,2.4816365336934334,-3.5677257667701,-1.790226067639766
49.0,140.0,1006.7760620117188,-2.7513778650194984,-3.083568583949573,0.7504702103665593,3.627748504981189,-0.3410041119400098,2.2806199135794434,-0.7703517835506912,2.4816365336934685,-3.567725766770067,-1.790226067639766
49.0,140.0,1006.7760620117188,-2.751388223473793,-3.0835680497431235,0.7504702103665593,3.627748548500165,-0.3410041119441672,2.2806215220986936,-0.7703517964824327,2.4816365336934334,-3.5677257667701205,-1.790226067639766
49.0,140.0,1006.7760620117188,-2.751377273201935,-3.0835693187932303,0.7504702103665593,3.6277485424707416,-0.3410041119440636,2.280620262026629,-0.7703517808277521,2.4816365336934663,-3.5677257667701,-1.790226067639766
49.0,140.0,1006.7760620117188,-2.75137738708674,-3.0835680497431235,0.7504702103665593,3.6277485485177294,-0.3410041119402149,2.280613067788936,-0.7703517964801011,2.4816365336934334,-3.5677257667707285,-1.790226067639766
49.0,140.0,1006.7760620117188,-2.751388180392828,-3.0835693193383937,0.7504702103665593,3.6277485152736975,-0.3410041119441672,2.280620568692822,-0.7703517978107245,2.4816365336934334,-3.5677257667703577,-1.790226067639766
49.0,140.0,1006.7760620117188,-2.7513778650194984,-3.083568583949573,0.7504702103665593,3.627748504981189,-0.3410041119400098,2.2806199135794434,-0.7703517835506912,2.4816365336934685,-3.567725766770067,-1.790226067639766
49.0,140.0,1006.7760620117188,-2.751377448935875,-3.0835694145645305,0.7504702103665593,3.627748313985847,-0.3410041119450659,2.280619847173962,-0.7703517837353705,2.481636533693432,-3.5677257667704527,-1.790226067639766
49.0,140.0,1006.7760620117188,-2.751388223473793,-3.0835693187933284,0.7504702103665593,3.627748549614573,-0.3410041119448943,2.280622929419383,-0.7703517954547302,2.4816365336934334,-3.5677257667703577,-1.790226067639766
49.0,140.0,1006.7760620117188,-2.7513788802127825,-3.083569317293106,0.7504702103665593,3.6277483123715952,-0.3410041119451283,2.2806229359921155,-0.7703517839993878,2.4816365336934334,-3.5677257667706326,-1.790226067639766
49.0,140.0,1006.7760620117188,-2.7513890564871986,-3.083569316482167,0.7504702103665593,3.6277485181000526,-0.34100411194388,2.280613287645195,-0.7703517974633471,2.481636533693468,-3.567725766770698,-1.790226067639766
49.0,140.0,1006.7760620117188,-2.7513780498639844,-3.0835693187933284,0.7504702103665593,3.627748549695859,-0.3410041119399182,2.2806204761759203,-0.7703517969459106,2.4816365336934334,-3.5677257667701,-1.790226067639766
49.0,140.0,1006.7760620117188,-2.7513887013366327,-3.0835693187933284,0.7504702103665593,3.6277485496782944,-0.341004111944019,2.280621789151484,-0.770351797177225,2.481636533693468,-3.567725766770083,-1.790226067639766
49.0,140.0,1006.7760620117188,-2.751377273201935,-3.0835693170197747,0.7504702103665593,3.62774853434305,-0.3410041119440734,2.280622720735064,-0.7703517808277521,2.4816365336934663,-3.567725766770109,-1.790226067639766
49.0,140.0,1006.7760620117188,-2.7513891973528963,-3.0835692694509462,0.7504702103665593,3.627748507044335,-0.3410041119440564,2.280615191566161,-0.7703517836491344,2.4816365336934334,-3.567725766770624,-1.790226067639766
49.0,140.0,1006.7760620117188,-2.75137786494958,-3.0835693187933284,0.7504702103665593,3.627748549695859,-0.3410041119437028,2.280613334841726,-0.7703517971748934,2.481636533693468,-3.5677257667706908,-1.790226067639766
49.0,140.0,1006.7760620117188,-2.751388463399668,-3.0835693193226352,0.7504702103665593,3.627748514398228,-0.3410041119399451,2.280619673660264,-0.7703517814871831,2.4816365336934334,-3.5677257667703577,-1.790226067639766
49.0,140.0,1006.7760620117188,-2.7513891663841625,-3.083569318949215,0.7504702103665593,3.627748549695859,-0.341004111944066,2.280615191566161,-0.7703517969072398,2.4816365336934334,-3.5677257667703577,-1.790226067639766
49.0,140.0,1006.7760620117188,-2.75137786494958,-3.0835693187933284,0.7504702103665593,3.627748549695859,-0.3410041119400668,2.280613334841726,-0.7703517971748934,2.481636533693468,-3.5677257667706908,-1.790226067639766
49.0,140.0,1006.7760620117188,-2.751377864596694,-3.083568583949573,0.7504702103665593,3.627748504981189,-0.3410041119397929,2.2806199135794434,-0.7703517835526579,2.481636533693433,-3.567725766770067,-1.790226067639766
49.0,140.0,1006.7760620117188,-2.7513777254595406,-3.083569320576305,0.7504702103665593,3.6277483110345226,-0.34100411194523,2.2806116951943247,-0.7703517815639335,2.4816365336934334,-3.567725766770313,-1.790226067639766
49.0,140.0,1006.7760620117188,-2.751388223473793,-3.08356941760897,0.7504702103665593,3.627748549695859,-0.341004111944066,2.280615191566161,-0.7703517966032704,2.4816365336934334,-3.5677257667703577,-1.790226067639766
49.0,140.0,1006.7760620117188,-2.7513780498639844,-3.0835693187933284,0.7504702103665593,3.627748549695859,-0.3410041119399182,2.2806204761759203,-0.7703517969459106,2.4816365336934334,-3.5677257667701,-1.790226067639766
49.0,140.0,1006.7760620117188,-2.7513886035707498,-3.0835693187933284,0.7504702103665593,3.627748549614573,-0.3410041119448943,2.280622929419383,-0.7703517968482939,2.4816365336934334,-3.567725766770358,-1.790226067639766
49.0,140.0,1006.7760620117188,-2.7513777254595406,-3.083569320576305,0.7504702103665593,3.627748550573877,-0.3410041119401518,2.2806116951943247,-0.7703517815639335,2.4816365336934334,-3.5677257667703035,-1.790226067639766
49.0,140.0,1006.7760620117188,-2.751388718598881,-3.0835693187933284,0.7504702103665593,3.6277485496782944,-0.3410041119441657,2.28062057941505,-0.770351797177225,2.481636533693468,-3.5677257667702427,-1.790226067639766
49.0,140.0,1006.7760620117188,-2.7513780657696554,-3.0835680378074493,0.7504702103665593,3.627748549695859,-0.3410041119398991,2.2806204761759203,-0.7703517969200822,2.4816365336934334,-3.567725766770702,-1.790226067639766
49.0,140.0,1006.7760620117188,-2.751388380755965,-3.0835693187933284,0.7504702103665593,3.627748549614386,-0.3410041119445746,2.280613598824812,-0.7703517970076047,2.4816365336934334,-3.5677257667703577,-1.790226067639766
49.0,140.0,1006.7760620117188,-2.751377864946858,-3.083568583949573,0.7504702103665593,3.627748504981189,-0.3410041119400098,2.2806135005307646,-0.770351784090008,2.4816365336934685,-3.5677257667706592,-1.790226067639766
49.0,140.0,1006.7760620117188,-2.751388463399668,-3.0835693193226352,0.7504702103665593,3.627748514398228,-0.3410041119399451,2.280619673660264,-0.7703517814871831,2.4816365336934334,-3.5677257667703577,-1.790226067639766
49.0,140.0,1006.7760620117188,-2.75137737500952,-3.083569320682247,0.7504702103665593,3.627748555912484,-0.341004111939956,2.2806204761759203,-0.7703517971792055,2.4816365336934334,-3.567725766770095,-1.790226067639766
49.0,140.0,1006.7760620117188,-2.7513891663841625,-3.083569318949215,0.7504702103665593,3.6277482998149937,-0.341004111944066,2.280615191566161,-0.7703517969072398,2.4816365336934334,-3.5677257667703577,-1.790226067639766
49.0,140.0,1006.7760620117188,-2.751377273201935,-3.083568032087617,0.7504702103665593,3.627748534601251,-0.341004111944175,2.280622767004586,-0.7703517808277521,2.481636533693468,-3.567725766770109,-1.790226067639766
49.0,140.0,1006.7760620117188,-2.7513778650194984,-3.083568546029276,0.7504702103665593,3.627748504981189,-0.3410041119400098,2.280611700029564,-0.7703517815648804,2.4816365336934685,-3.567725766770067,-1.790226067639766
49.0,141.0,1006.7760620117188,-2.751388223473793,-3.0835693187933284,0.7504702103665593,3.627748549695859,-0.341004111944066,2.280615191566161,-0.7703517969459106,2.4816365336934334,-3.5677257667703577,-1.790226067639766
49.0,141.0,1006.7760620117188,-2.7513780498639844,-3.0835693187933284,0.7504702103665593,3.627748549695859,-0.3410041119399182,2.2806204761759203,-0.7703517969459106,2.4816365336934334,-3.5677257667701,-1.790226067639766
49.0,141.0,1006.7760620117188,-2.7513780498639844,-3.0835693187933284,0.7504702103665593,3.627748549695859,-0.3410041119399182,2.2806204761759203,-0.7703517969459106,2.4816365336934334,-3.5677257667701,-1.790226067639766
49.0,141.0,1006.7760620117188,-2.751388223473793,-3.0835693187933284,0.7504702103665593,3.627748549614573,-0.3410041119441672,2.280620568692822,-0.7703517970076047,2.4816365336934334,-3.5677257667703577,-1.790226067639766
49.0,141.0,1006.7760620117188,-2.7513774480153352,-3.0835694161087472,0.7504702103665593,3.62774831825964,-0.3410041119451283,2.2806229359921155,-0.7703517836347802,2.4816365336934334,-3.567725766770425,-1.790226067639766
49.0,141.0,1006.7760620117188,-2.75137786494958,-3.0835693187933284,0.7504702103665593,3.627748549695859,-0.3410041119400668,2.280613334841726,-0.7703517971748934,2.481636533693468,-3.5677257667706908,-1.790226067639766
49.0,141.0,1006.7760620117188,-2.7513891973528963,-3.0835692694509462,0.7504702103665593,3.627748507044335,-0.341004111944066,2.280615191566161,-0.7703517820247182,2.4816365336934334,-3.5677257667703577,-1.790226067639766
49.0,141.0,1006.7760620117188,-2.751388223473793,-3.0835693187933284,0.7504702103665593,3.627748549614573,-0.3410041119441672,2.280620568692822,-0.770351782384616,2.481636533693467,-3.567725766764573,-1.790226067639766
49.0,141.0,1006.7760620117188,-2.7513780498639844,-3.0835693187933284,0.7504702103665593,3.627748549695859,-0.3410041119399182,2.2806204761759203,-0.7703517969459106,2.4816365336934334,-3.5677257667701,-1.790226067639766
49.0,141.0,1006.7760620117188,-2.7513788802127825,-3.0835694161087472,0.7504702103665593,3.6277483123715952,-0.3410041119451283,2.2806229359921155,-0.7703517836567474,2.4816365336934334,-3.5677257667706326,-1.790226067639766
49.0,141.0,1006.7760620117188,-2.751388223473793,-3.083569318814585,0.7504702103665593,3.6277485586758953,-0.3410041119441672,2.280620568692822,-0.770351782384616,2.481636533693467,-3.567725766764573,-1.790226067639766
49.0,141.0,1006.7760620117188,-2.7513780498639844,-3.0835680378074493,0.7504702103665593,3.627748549695859,-0.3410041119399182,2.2806204761759203,-0.7703517969087601,2.4816365336934334,-3.5677257667701,-1.790226067639766
49.0,141.0,1006.7760620117188,-2.7513774480153352,-3.0835694161087472,0.7504702103665593,3.627748312829487,-0.3410041119450659,2.280619847173962,-0.7703517836347802,2.4816365336934334,-3.5677257667704323,-1.790226067639766
49.0,141.0,1006.7760620117188,-2.7513891973528963,-3.0835692694509462,0.7504702103665593,3.627748507044335,-0.341004111944066,2.280615191566161,-0.7703517820247182,2.4816365336934334,-3.5677257667703577,-1.790226067639766
49.0,141.0,1006.7760620117188,-2.75137786494958,-3.083569319321926,0.7504702103665593,3.6277485181000526,-0.34100411194388,2.280613334841726,-0.7703517971748934,2.481636533693468,-3.5677257667706908,-1.790226067639766
49.0,141.0,1006.7760620117188,-2.75137786494958,-3.0835693187933284,0.7504702103665593,3.627748549695859,-0.3410041119400668,2.280613334841726,-0.7703517971748934,2.481636533693468,-3.5677257667706908,-1.790226067639766
49.0,141.0,1006.7760620117188,-2.75137799183505,-3.0835693187933284,0.7504702103665593,3.627748549695859,-0.3410041119397954,2.280620290907224,-0.7703517969459106,2.4816365336934334,-3.5677257667701,-1.790226067639766
49.0,141.0,1006.7760620117188,-2.7513778650194984,-3.083568583949573,0.7504702103665593,3.627748504981189,-0.3410041119400098,2.2806199135794434,-0.7703517835506912,2.4816365336934685,-3.567725766770067,-1.790226067639766
49.0,141.0,1006.7760620117188,-2.751388223473793,-3.0835680497431235,0.7504702103665593,3.627748548500165,-0.3410041119441672,2.2806215220986936,-0.7703517964824327,2.4816365336934334,-3.5677257667701205,-1.790226067639766
49.0,141.0,1006.7760620117188,-2.751377273201935,-3.0835693187932303,0.7504702103665593,3.6277485424707416,-0.3410041119440636,2.280620262026629,-0.7703517808277521,2.4816365336934663,-3.5677257667701,-1.790226067639766
49.0,141.0,1006.7760620117188,-2.75137738708674,-3.0835680497431235,0.7504702103665593,3.6277485485177294,-0.3410041119402149,2.280613067788936,-0.7703517964801011,2.4816365336934334,-3.5677257667707285,-1.790226067639766
49.0,141.0,1006.7760620117188,-2.751388180392828,-3.0835693193383937,0.7504702103665593,3.6277485152736975,-0.3410041119441672,2.280620568692822,-0.7703517978107245,2.4816365336934334,-3.5677257667703577,-1.790226067639766
49.0,141.0,1006.7760620117188,-2.7513778650194984,-3.083568583949573,0.7504702103665593,3.627748504981189,-0.3410041119400098,2.2806199135794434,-0.7703517835506912,2.4816365336934685,-3.567725766770067,-1.790226067639766
49.0,141.0,1006.7760620117188,-2.751377448935875,-3.0835694145645305,0.7504702103665593,3.627748313985847,-0.3410041119450659,2.280619847173962,-0.7703517837353705,2.481636533693432,-3.5677257667704527,-1.790226067639766
49.0,141.0,1006.7760620117188,-2.751388223473793,-3.0835693187933284,0.7504702103665593,3.627748549614573,-0.3410041119448943,2.280622929419383,-0.7703517954547302,2.4816365336934334,-3.5677257667703577,-1.790226067639766
49.0,141.0,1006.7760620117188,-2.7513788802127825,-3.083569317293106,0.7504702103665593,3.6277483123715952,-0.3410041119451283,2.2806229359921155,-0.7703517839993878,2.4816365336934334,-3.5677257667706326,-1.790226067639766
49.0,141.0,1006.7760620117188,-2.7513890564871986,-3.083569316482167,0.7504702103665593,3.6277485181000526,-0.34100411194388,2.280613287645195,-0.7703517974633471,2.481636533693468,-3.567725766770698,-1.790226067639766
49.0,141.0,1006.7760620117188,-2.7513780498639844,-3.0835693187933284,0.7504702103665593,3.627748549695859,-0.3410041119399182,2.2806204761759203,-0.7703517969459106,2.4816365336934334,-3.5677257667701,-1.790226067639766
49.0,141.0,1006.7760620117188,-2.7513887013366327,-3.0835693187933284,0.7504702103665593,3.6277485496782944,-0.341004111944019,2.280621789151484,-0.770351797177225,2.481636533693468,-3.567725766770083,-1.790226067639766
49.0,141.0,1006.7760620117188,-2.751377273201935,-3.0835693170197747,0.7504702103665593,3.62774853434305,-0.3410041119440734,2.280622720735064,-0.7703517808277521,2.4816365336934663,-3.567725766770109,-1.790226067639766
49.0,141.0,1006.7760620117188,-2.7513891973528963,-3.0835692694509462,0.7504702103665593,3.627748507044335,-0.3410041119440564,2.280615191566161,-0.7703517836491344,2.4816365336934334,-3.567725766770624,-1.790226067639766
49.0,141.0,1006.7760620117188,-2.75137786494958,-3.0835693187933284,0.7504702103665593,3.627748549695859,-0.3410041119437028,2.280613334841726,-0.7703517971748934,2.481636533693468,-3.5677257667706908,-1.790226067639766
49.0,141.0,1006.7760620117188,-2.751388463399668,-3.0835693193226352,0.7504702103665593,3.627748514398228,-0.3410041119399451,2.280619673660264,-0.7703517814871831,2.4816365336934334,-3.5677257667703577,-1.790226067639766
49.0,141.0,1006.7760620117188,-2.7513891663841625,-3.083569318949215,0.7504702103665593,3.627748549695859,-0.341004111944066,2.280615191566161,-0.7703517969072398,2.4816365336934334,-3.5677257667703577,-1.790226067639766
49.0,141.0,1006.7760620117188,-2.75137786494958,-3.0835693187933284,0.7504702103665593,3.627748549695859,-0.3410041119400668,2.280613334841726,-0.7703517971748934,2.481636533693468,-3.5677257667706908,-1.790226067639766
49.0,141.0,1006.7760620117188,-2.751377864596694,-3.083568583949573,0.7504702103665593,3.627748504981189,-0.3410041119397929,2.2806199135794434,-0.7703517835526579,2.481636533693433,-3.567725766770067,-1.790226067639766
49.0,141.0,1006.7760620117188,-2.7513777254595406,-3.083569320576305,0.7504702103665593,3.6277483110345226,-0.34100411194523,2.2806116951943247,-0.7703517815639335,2.4816365336934334,-3.567725766770313,-1.790226067639766
49.0,141.0,1006.7760620117188,-2.751388223473793,-3.08356941760897,0.7504702103665593,3.627748549695859,-0.341004111944066,2.280615191566161,-0.7703517966032704,2.4816365336934334,-3.5677257667703577,-1.790226067639766
49.0,141.0,1006.7760620117188,-2.7513780498639844,-3.0835693187933284,0.7504702103665593,3.627748549695859,-0.3410041119399182,2.2806204761759203,-0.7703517969459106,2.4816365336934334,-3.5677257667701,-1.790226067639766
49.0,141.0,1006.7760620117188,-2.7513886035707498,-3.0835693187933284,0.7504702103665593,3.627748549614573,-0.3410041119448943,2.280622929419383,-0.7703517968482939,2.4816365336934334,-3.567725766770358,-1.790226067639766
49.0,141.0,1006.7760620117188,-2.7513777254595406,-3.083569320576305,0.7504702103665593,3.627748550573877,-0.3410041119401518,2.2806116951943247,-0.7703517815639335,2.4816365336934334,-3.5677257667703035,-1.790226067639766
49.0,141.0,1006.7760620117188,-2.751388718598881,-3.0835693187933284,0.7504702103665593,3.6277485496782944,-0.3410041119441657,2.28062057941505,-0.770351797177225,2.481636533693468,-3.5677257667702427,-1.790226067639766
49.0,141.0,1006.7760620117188,-2.7513780657696554,-3.0835680378074493,0.7504702103665593,3.627748549695859,-0.3410041119398991,2.2806204761759203,-0.7703517969200822,2.4816365336934334,-3.567725766770702,-1.790226067639766
49.0,141.0,1006.7760620117188,-2.751388380755965,-3.0835693187933284,0.7504702103665593,3.627748549614386,-0.3410041119445746,2.280613598824812,-0.7703517970076047,2.4816365336934334,-3.5677257667703577,-1.790226067639766
49.0,141.0,1006.7760620117188,-2.751377864946858,-3.083568583949573,0.7504702103665593,3.627748504981189,-0.3410041119400098,2.2806135005307646,-0.770351784090008,2.4816365336934685,-3.5677257667706592,-1.790226067639766
49.0,141.0,1006.7760620117188,-2.751388463399668,-3.0835693193226352,0.7504702103665593,3.627748514398228,-0.3410041119399451,2.280619673660264,-0.7703517814871831,2.4816365336934334,-3.5677257667703577,-1.790226067639766
49.0,141.0,1006.7760620117188,-2.75137737500952,-3.083569320682247,0.7504702103665593,3.627748555912484,-0.341004111939956,2.2806204761759203,-0.7703517971792055,2.4816365336934334,-3.567725766770095,-1.790226067639766
49.0,141.0,1006.7760620117188,-2.7513891663841625,-3.083569318949215,0.7504702103665593,3.6277482998149937,-0.341004111944066,2.280615191566161,-0.7703517969072398,2.4816365336934334,-3.5677257667703577,-1.790226067639766
49.0,141.0,1006.7760620117188,-2.751377273201935,-3.083568032087617,0.7504702103665593,3.627748534601251,-0.341004111944175,2.280622767004586,-0.7703517808277521,2.481636533693468,-3.567725766770109,-1.790226067639766
49.0,141.0,1006.7760620117188,-2.7513778650194984,-3.083568546029276,0.7504702103665593,3.627748504981189,-0.3410041119400098,2.280611700029564,-0.7703517815648804,2.4816365336934685,-3.567725766770067,-1.790226067639766
49.0,142.0,1006.7760620117188,-2.751388223473793,-3.0835693187933284,0.7504702103665593,3.627748549695859,-0.341004111944066,2.280615191566161,-0.7703517969459106,2.4816365336934334,-3.5677257667703577,-1.790226067639766
49.0,142.0,1006.7760620117188,-2.7513780498639844,-3.0835693187933284,0.7504702103665593,3.627748549695859,-0.3410041119399182,2.2806204761759203,-0.7703517969459106,2.4816365336934334,-3.5677257667701,-1.790226067639766
49.0,142.0,1006.7760620117188,-2.7513780498639844,-3.0835693187933284,0.7504702103665593,3.627748549695859,-0.3410041119399182,2.2806204761759203,-0.7703517969459106,2.4816365336934334,-3.5677257667701,-1.790226067639766
49.0,142.0,1006.7760620117188,-2.751388223473793,-3.0835693187933284,0.7504702103665593,3.627748549614573,-0.3410041119441672,2.280620568692822,-0.7703517970076047,2.4816365336934334,-3.5677257667703577,-1.790226067639766
49.0,142.0,1006.7760620117188,-2.7513774480153352,-3.0835694161087472,0.7504702103665593,3.62774831825964,-0.3410041119451283,2.2806229359921155,-0.7703517836347802,2.4816365336934334,-3.567725766770425,-1.790226067639766
49.0,142.0,1006.7760620117188,-2.75137786494958,-3.0835693187933284,0.7504702103665593,3.627748549695859,-0.3410041119400668,2.280613334841726,-0.7703517971748934,2.481636533693468,-3.5677257667706908,-1.790226067639766
49.0,142.0,1006.7760620117188,-2.7513891973528963,-3.0835692694509462,0.7504702103665593,3.627748507044335,-0.341004111944066,2.280615191566161,-0.7703517820247182,2.4816365336934334,-3.5677257667703577,-1.790226067639766
49.0,142.0,1006.7760620117188,-2.751388223473793,-3.0835693187933284,0.7504702103665593,3.627748549614573,-0.3410041119441672,2.280620568692822,-0.770351782384616,2.481636533693467,-3.567725766764573,-1.790226067639766
49.0,142.0,1006.7760620117188,-2.7513780498639844,-3.0835693187933284,0.7504702103665593,3.627748549695859,-0.3410041119399182,2.2806204761759203,-0.7703517969459106,2.4816365336934334,-3.5677257667701,-1.790226067639766
49.0,142.0,1006.7760620117188,-2.7513788802127825,-3.0835694161087472,0.7504702103665593,3.6277483123715952,-0.3410041119451283,2.2806229359921155,-0.7703517836567474,2.4816365336934334,-3.5677257667706326,-1.790226067639766
49.0,142.0,1006.7760620117188,-2.751388223473793,-3.083569318814585,0.7504702103665593,3.6277485586758953,-0.3410041119441672,2.280620568692822,-0.770351782384616,2.481636533693467,-3.567725766764573,-1.790226067639766
49.0,142.0,1006.7760620117188,-2.7513780498639844,-3.0835680378074493,0.7504702103665593,3.627748549695859,-0.3410041119399182,2.2806204761759203,-0.7703517969087601,2.4816365336934334,-3.5677257667701,-1.790226067639766
49.0,142.0,1006.7760620117188,-2.7513774480153352,-3.0835694161087472,0.7504702103665593,3.627748312829487,-0.3410041119450659,2.280619847173962,-0.7703517836347802,2.4816365336934334,-3.5677257667704323,-1.790226067639766
49.0,142.0,1006.7760620117188,-2.7513891973528963,-3.0835692694509462,0.7504702103665593,3.627748507044335,-0.341004111944066,2.280615191566161,-0.7703517820247182,2.4816365336934334,-3.5677257667703577,-1.790226067639766
49.0,142.0,1006.7760620117188,-2.75137786494958,-3.083569319321926,0.7504702103665593,3.6277485181000526,-0.34100411194388,2.280613334841726,-0.7703517971748934,2.481636533693468,-3.5677257667706908,-1.790226067639766
49.0,142.0,1006.7760620117188,-2.75137786494958,-3.0835693187933284,0.7504702103665593,3.627748549695859,-0.3410041119400668,2.280613334841726,-0.7703517971748934,2.481636533693468,-3.5677257667706908,-1.790226067639766
49.0,142.0,1006.7760620117188,-2.75137799183505,-3.0835693187933284,0.7504702103665593,3.627748549695859,-0.3410041119397954,2.280620290907224,-0.7703517969459106,2.4816365336934334,-3.5677257667701,-1.790226067639766
49.0,142.0,1006.7760620117188,-2.7513778650194984,-3.083568583949573,0.7504702103665593,3.627748504981189,-0.3410041119400098,2.2806199135794434,-0.7703517835506912,2.4816365336934685,-3.567725766770067,-1.790226067639766
49.0,142.0,1006.7760620117188,-2.751388223473793,-3.0835680497431235,0.7504702103665593,3.627748548500165,-0.3410041119441672,2.2806215220986936,-0.7703517964824327,2.4816365336934334,-3.5677257667701205,-1.790226067639766
49.0,142.0,1006.7760620117188,-2.751377273201935,-3.0835693187932303,0.7504702103665593,3.6277485424707416,-0.3410041119440636,2.280620262026629,-0.7703517808277521,2.4816365336934663,-3.5677257667701,-1.790226067639766
49.0,142.0,1006.7760620117188,-2.75137738708674,-3.0835680497431235,0.7504702103665593,3.6277485485177294,-0.3410041119402149,2.280613067788936,-0.7703517964801011,2.4816365336934334,-3.5677257667707285,-1.790226067639766
49.0,142.0,1006.7760620117188,-2.751388180392828,-3.0835693193383937,0.7504702103665593,3.6277485152736975,-0.3410041119441672,2.280620568692822,-0.7703517978107245,2.4816365336934334,-3.5677257667703577,-1.790226067639766
49.0,142.0,1006.7760620117188,-2.7513778650194984,-3.083568583949573,0.7504702103665593,3.627748504981189,-0.3410041119400098,2.2806199135794434,-0.7703517835506912,2.4816365336934685,-3.567725766770067,-1.790226067639766
49.0,142.0,1006.7760620117188,-2.751377448935875,-3.0835694145645305,0.7504702103665593,3.627748313985847,-0.3410041119450659,2.280619847173962,-0.7703517837353705,2.481636533693432,-3.5677257667704527,-1.790226067639766
49.0,142.0,1006.7760620117188,-2.751388223473793,-3.0835693187933284,0.7504702103665593,3.627748549614573,-0.3410041119448943,2.280622929419383,-0.7703517954547302,2.4816365336934334,-3.5677257667703577,-1.790226067639766
49.0,142.0,1006.7760620117188,-2.7513788802127825,-3.083569317293106,0.7504702103665593,3.6277483123715952,-0.3410041119451283,2.2806229359921155,-0.7703517839993878,2.4816365336934334,-3.5677257667706326,-1.790226067639766
49.0,142.0,1006.7760620117188,-2.7513890564871986,-3.083569316482167,0.7504702103665593,3.6277485181000526,-0.34100411194388,2.280613287645195,-0.7703517974633471,2.481636533693468,-3.567725766770698,-1.790226067639766
49.0,142.0,1006.7760620117188,-2.7513780498639844,-3.0835693187933284,0.7504702103665593,3.627748549695859,-0.3410041119399182,2.2806204761759203,-0.7703517969459106,2.4816365336934334,-3.5677257667701,-1.790226067639766
49.0,142.0,1006.7760620117188,-2.7513887013366327,-3.0835693187933284,0.7504702103665593,3.6277485496782944,-0.341004111944019,2.280621789151484,-0.770351797177225,2.481636533693468,-3.567725766770083,-1.790226067639766
49.0,142.0,1006.7760620117188,-2.751377273201935,-3.0835693170197747,0.7504702103665593,3.62774853434305,-0.3410041119440734,2.280622720735064,-0.7703517808277521,2.4816365336934663,-3.567725766770109,-1.790226067639766
49.0,142.0,1006.7760620117188,-2.7513891973528963,-3.0835692694509462,0.7504702103665593,3.627748507044335,-0.3410041119440564,2.280615191566161,-0.7703517836491344,2.4816365336934334,-3.567725766770624,-1.790226067639766
49.0,142.0,1006.7760620117188,-2.75137786494958,-3.0835693187933284,0.7504702103665593,3.627748549695859,-0.3410041119437028,2.280613334841726,-0.7703517971748934,2.481636533693468,-3.5677257667706908,-1.790226067639766
49.0,142.0,1006.7760620117188,-2.751388463399668,-3.0835693193226352,0.7504702103665593,3.627748514398228,-0.3410041119399451,2.280619673660264,-0.7703517814871831,2.4816365336934334,-3.5677257667703577,-1.790226067639766
49.0,142.0,1006.7760620117188,-2.7513891663841625,-3.083569318949215,0.7504702103665593,3.627748549695859,-0.341004111944066,2.280615191566161,-0.7703517969072398,2.4816365336934334,-3.5677257667703577,-1.790226067639766
49.0,142.0,1006.7760620117188,-2.75137786494958,-3.0835693187933284,0.7504702103665593,3.627748549695859,-0.3410041119400668,2.280613334841726,-0.7703517971748934,2.481636533693468,-3.5677257667706908,-1.790226067639766
49.0,142.0,1006.7760620117188,-2.751377864596694,-3.083568583949573,0.7504702103665593,3.627748504981189,-0.3410041119397929,2.2806199135794434,-0.7703517835526579,2.481636533693433,-3.567725766770067,-1.790226067639766
49.0,142.0,1006.7760620117188,-2.7513777254595406,-3.083569320576305,0.7504702103665593,3.6277483110345226,-0.34100411194523,2.2806116951943247,-0.7703517815639335,2.4816365336934334,-3.567725766770313,-1.790226067639766
49.0,142.0,1006.7760620117188,-2.751388223473793,-3.08356941760897,0.7504702103665593,3.627748549695859,-0.341004111944066,2.280615191566161,-0.7703517966032704,2.4816365336934334,-3.5677257667703577,-1.790226067639766
49.0,142.0,1006.7760620117188,-2.7513780498639844,-3.0835693187933284,0.7504702103665593,3.627748549695859,-0.3410041119399182,2.2806204761759203,-0.7703517969459106,2.4816365336934334,-3.5677257667701,-1.790226067639766
49.0,142.0,1006.7760620117188,-2.7513886035707498,-3.0835693187933284,0.7504702103665593,3.627748549614573,-0.3410041119448943,2.280622929419383,-0.7703517968482939,2.4816365336934334,-3.567725766770358,-1.790226067639766
49.0,142.0,1006.7760620117188,-2.7513777254595406,-3.083569320576305,0.7504702103665593,3.627748550573877,-0.3410041119401518,2.2806116951943247,-0.7703517815639335,2.4816365336934334,-3.5677257667703035,-1.790226067639766
49.0,142.0,1006.7760620117188,-2.751388718598881,-3.0835693187933284,0.7504702103665593,3.6277485496782944,-0.3410041119441657,2.28062057941505,-0.770351797177225,2.481636533693468,-3.5677257667702427,-1.790226067639766
49.0,142.0,1006.7760620117188,-2.7513780657696554,-3.0835680378074493,0.7504702103665593,3.627748549695859,-0.3410041119398991,2.2806204761759203,-0.7703517969200822,2.4816365336934334,-3.567725766770702,-1.790226067639766
49.0,142.0,1006.7760620117188,-2.751388380755965,-3.0835693187933284,0.7504702103665593,3.627748549614386,-0.3410041119445746,2.280613598824812,-0.7703517970076047,2.4816365336934334,-3.5677257667703577,-1.790226067639766
49.0,142.0,1006.7760620117188,-2.751377864946858,-3.083568583949573,0.7504702103665593,3.627748504981189,-0.3410041119400098,2.2806135005307646,-0.770351784090008,2.4816365336934685,-3.5677257667706592,-1.790226067639766
49.0,142.0,1006.7760620117188,-2.751388463399668,-3.0835693193226352,0.7504702103665593,3.627748514398228,-0.3410041119399451,2.280619673660264,-0.7703517814871831,2.4816365336934334,-3.5677257667703577,-1.790226067639766
49.0,142.0,1006.7760620117188,-2.75137737500952,-3.083569320682247,0.7504702103665593,3.627748555912484,-0.341004111939956,2.2806204761759203,-0.7703517971792055,2.4816365336934334,-3.567725766770095,-1.790226067639766
49.0,142.0,1006.7760620117188,-2.7513891663841625,-3.083569318949215,0.7504702103665593,3.6277482998149937,-0.341004111944066,2.280615191566161,-0.7703517969072398,2.4816365336934334,-3.5677257667703577,-1.790226067639766
49.0,142.0,1006.7760620117188,-2.751377273201935,-3.083568032087617,0.7504702103665593,3.627748534601251,-0.341004111944175,2.280622767004586,-0.7703517808277521,2.481636533693468,-3.567725766770109,-1.790226067639766
49.0,142.0,1006.7760620117188,-2.7513778650194984,-3.083568546029276,0.7504702103665593,3.627748504981189,-0.3410041119400098,2.280611700029564,-0.7703517815648804,2.4816365336934685,-3.567725766770067,-1.790226067639766
49.0,143.0,1006.7760620117188,-2.751388223473793,-3.0835693187933284,0.7504702103665593,3.627748549695859,-0.341004111944066,2.280615191566161,-0.7703517969459106,2.4816365336934334,-3.5677257667703577,-1.790226067639766
49.0,143.0,1006.7760620117188,-2.7513780498639844,-3.0835693187933284,0.7504702103665593,3.627748549695859,-0.3410041119399182,2.2806204761759203,-0.7703517969459106,2.4816365336934334,-3.5677257667701,-1.790226067639766
49.0,143.0,1006.7760620117188,-2.7513780498639844,-3.0835693187933284,0.7504702103665593,3.627748549695859,-0.3410041119399182,2.2806204761759203,-0.7703517969459106,2.4816365336934334,-3.5677257667701,-1.790226067639766
49.0,143.0,1006.7760620117188,-2.751388223473793,-3.0835693187933284,0.7504702103665593,3.627748549614573,-0.3410041119441672,2.280620568692822,-0.7703517970076047,2.4816365336934334,-3.5677257667703577,-1.790226067639766
49.0,143.0,1006.7760620117188,-2.7513774480153352,-3.0835694161087472,0.7504702103665593,3.62774831825964,-0.3410041119451283,2.2806229359921155,-0.7703517836347802,2.4816365336934334,-3.567725766770425,-1.790226067639766
49.0,143.0,1006.7760620117188,-2.75137786494958,-3.0835693187933284,0.7504702103665593,3.627748549695859,-0.3410041119400668,2.280613334841726,-0.7703517971748934,2.481636533693468,-3.5677257667706908,-1.790226067639766
49.0,143.0,1006.7760620117188,-2.7513891973528963,-3.0835692694509462,0.7504702103665593,3.627748507044335,-0.341004111944066,2.280615191566161,-0.7703517820247182,2.4816365336934334,-3.5677257667703577,-1.790226067639766
49.0,143.0,1006.7760620117188,-2.751388223473793,-3.0835693187933284,0.7504702103665593,3.627748549614573,-0.3410041119441672,2.280620568692822,-0.770351782384616,2.481636533693467,-3.567725766764573,-1.790226067639766
49.0,143.0,1006.7760620117188,-2.7513780498639844,-3.0835693187933284,0.7504702103665593,3.627748549695859,-0.3410041119399182,2.2806204761759203,-0.7703517969459106,2.4816365336934334,-3.5677257667701,-1.790226067639766
49.0,143.0,1006.7760620117188,-2.7513788802127825,-3.0835694161087472,0.7504702103665593,3.6277483123715952,-0.3410041119451283,2.2806229359921155,-0.7703517836567474,2.4816365336934334,-3.5677257667706326,-1.790226067639766
49.0,143.0,1006.7760620117188,-2.751388223473793,-3.083569318814585,0.7504702103665593,3.6277485586758953,-0.3410041119441672,2.280620568692822,-0.770351782384616,2.481636533693467,-3.567725766764573,-1.790226067639766
49.0,143.0,1006.7760620117188,-2.7513780498639844,-3.0835680378074493,0.7504702103665593,3.627748549695859,-0.3410041119399182,2.2806204761759203,-0.7703517969087601,2.4816365336934334,-3.5677257667701,-1.790226067639766
49.0,143.0,1006.7760620117188,-2.7513774480153352,-3.0835694161087472,0.7504702103665593,3.627748312829487,-0.3410041119450659,2.280619847173962,-0.7703517836347802,2.4816365336934334,-3.5677257667704323,-1.790226067639766
49.0,143.0,1006.7760620117188,-2.7513891973528963,-3.0835692694509462,0.7504702103665593,3.627748507044335,-0.341004111944066,2.280615191566161,-0.7703517820247182,2.4816365336934334,-3.5677257667703577,-1.790226067639766
49.0,143.0,1006.7760620117188,-2.75137786494958,-3.083569319321926,0.7504702103665593,3.6277485181000526,-0.34100411194388,2.280613334841726,-0.7703517971748934,2.481636533693468,-3.5677257667706908,-1.790226067639766
49.0,143.0,1006.7760620117188,-2.75137786494958,-3.0835693187933284,0.7504702103665593,3.627748549695859,-0.3410041119400668,2.280613334841726,-0.7703517971748934,2.481636533693468,-3.5677257667706908,-1.790226067639766
49.0,143.0,1006.7760620117188,-2.75137799183505,-3.0835693187933284,0.7504702103665593,3.627748549695859,-0.3410041119397954,2.280620290907224,-0.7703517969459106,2.4816365336934334,-3.5677257667701,-1.790226067639766
49.0,143.0,1006.7760620117188,-2.7513778650194984,-3.083568583949573,0.7504702103665593,3.627748504981189,-0.3410041119400098,2.2806199135794434,-0.7703517835506912,2.4816365336934685,-3.567725766770067,-1.790226067639766
49.0,143.0,1006.7760620117188,-2.751388223473793,-3.0835680497431235,0.7504702103665593,3.627748548500165,-0.3410041119441672,2.2806215220986936,-0.7703517964824327,2.4816365336934334,-3.5677257667701205,-1.790226067639766
49.0,143.0,1006.7760620117188,-2.751377273201935,-3.0835693187932303,0.7504702103665593,3.6277485424707416,-0.3410041119440636,2.280620262026629,-0.7703517808277521,2.4816365336934663,-3.5677257667701,-1.790226067639766
49.0,143.0,1006.7760620117188,-2.75137738708674,-3.0835680497431235,0.7504702103665593,3.6277485485177294,-0.3410041119402149,2.280613067788936,-0.7703517964801011,2.4816365336934334,-3.5677257667707285,-1.790226067639766
49.0,143.0,1006.7760620117188,-2.751388180392828,-3.0835693193383937,0.7504702103665593,3.6277485152736975,-0.3410041119441672,2.280620568692822,-0.7703517978107245,2.4816365336934334,-3.5677257667703577,-1.790226067639766
49.0,143.0,1006.7760620117188,-2.7513778650194984,-3.083568583949573,0.7504702103665593,3.627748504981189,-0.3410041119400098,2.2806199135794434,-0.7703517835506912,2.4816365336934685,-3.567725766770067,-1.790226067639766
49.0,143.0,1006.7760620117188,-2.751377448935875,-3.0835694145645305,0.7504702103665593,3.627748313985847,-0.3410041119450659,2.280619847173962,-0.7703517837353705,2.481636533693432,-3.5677257667704527,-1.790226067639766
49.0,143.0,1006.7760620117188,-2.751388223473793,-3.0835693187933284,0.7504702103665593,3.627748549614573,-0.3410041119448943,2.280622929419383,-0.7703517954547302,2.4816365336934334,-3.5677257667703577,-1.790226067639766
49.0,143.0,1006.7760620117188,-2.7513788802127825,-3.083569317293106,0.7504702103665593,3.6277483123715952,-0.3410041119451283,2.2806229359921155,-0.7703517839993878,2.4816365336934334,-3.5677257667706326,-1.790226067639766
49.0,143.0,1006.7760620117188,-2.7513890564871986,-3.083569316482167,0.7504702103665593,3.6277485181000526,-0.34100411194388,2.280613287645195,-0.7703517974633471,2.481636533693468,-3.567725766770698,-1.790226067639766
49.0,143.0,1006.7760620117188,-2.7513780498639844,-3.0835693187933284,0.7504702103665593,3.627748549695859,-0.3410041119399182,2.2806204761759203,-0.7703517969459106,2.4816365336934334,-3.5677257667701,-1.790226067639766
49.0,143.0,1006.7760620117188,-2.7513887013366327,-3.0835693187933284,0.7504702103665593,3.6277485496782944,-0.341004111944019,2.280621789151484,-0.770351797177225,2.481636533693468,-3.567725766770083,-1.790226067639766
49.0,143.0,1006.7760620117188,-2.751377273201935,-3.0835693170197747,0.7504702103665593,3.62774853434305,-0.3410041119440734,2.280622720735064,-0.7703517808277521,2.4816365336934663,-3.567725766770109,-1.790226067639766
49.0,143.0,1006.7760620117188,-2.7513891973528963,-3.0835692694509462,0.7504702103665593,3.627748507044335,-0.3410041119440564,2.280615191566161,-0.7703517836491344,2.4816365336934334,-3.567725766770624,-1.790226067639766
49.0,143.0,1006.7760620117188,-2.75137786494958,-3.0835693187933284,0.7504702103665593,3.627748549695859,-0.3410041119437028,2.280613334841726,-0.7703517971748934,2.481636533693468,-3.5677257667706908,-1.790226067639766
49.0,143.0,1006.7760620117188,-2.751388463399668,-3.0835693193226352,0.7504702103665593,3.627748514398228,-0.3410041119399451,2.280619673660264,-0.7703517814871831,2.4816365336934334,-3.5677257667703577,-1.790226067639766
49.0,143.0,1006.7760620117188,-2.7513891663841625,-3.083569318949215,0.7504702103665593,3.627748549695859,-0.341004111944066,2.280615191566161,-0.7703517969072398,2.4816365336934334,-3.5677257667703577,-1.790226067639766
49.0,143.0,1006.7760620117188,-2.75137786494958,-3.0835693187933284,0.7504702103665593,3.627748549695859,-0.3410041119400668,2.280613334841726,-0.7703517971748934,2.481636533693468,-3.5677257667706908,-1.790226067639766
49.0,143.0,1006.7760620117188,-2.751377864596694,-3.083568583949573,0.7504702103665593,3.627748504981189,-0.3410041119397929,2.2806199135794434,-0.7703517835526579,2.481636533693433,-3.567725766770067,-1.790226067639766
49.0,143.0,1006.7760620117188,-2.7513777254595406,-3.083569320576305,0.7504702103665593,3.6277483110345226,-0.34100411194523,2.2806116951943247,-0.7703517815639335,2.4816365336934334,-3.567725766770313,-1.790226067639766
49.0,143.0,1006.7760620117188,-2.751388223473793,-3.08356941760897,0.7504702103665593,3.627748549695859,-0.341004111944066,2.280615191566161,-0.7703517966032704,2.4816365336934334,-3.5677257667703577,-1.790226067639766
49.0,143.0,1006.7760620117188,-2.7513780498639844,-3.0835693187933284,0.7504702103665593,3.627748549695859,-0.3410041119399182,2.2806204761759203,-0.7703517969459106,2.4816365336934334,-3.5677257667701,-1.790226067639766
49.0,143.0,1006.7760620117188,-2.7513886035707498,-3.0835693187933284,0.7504702103665593,3.627748549614573,-0.3410041119448943,2.280622929419383,-0.7703517968482939,2.4816365336934334,-3.567725766770358,-1.790226067639766
49.0,143.0,1006.7760620117188,-2.7513777254595406,-3.083569320576305,0.7504702103665593,3.627748550573877,-0.3410041119401518,2.2806116951943247,-0.7703517815639335,2.4816365336934334,-3.5677257667703035,-1.790226067639766
49.0,143.0,1006.7760620117188,-2.751388718598881,-3.0835693187933284,0.7504702103665593,3.6277485496782944,-0.3410041119441657,2.28062057941505,-0.770351797177225,2.481636533693468,-3.5677257667702427,-1.790226067639766
49.0,143.0,1006.7760620117188,-2.7513780657696554,-3.0835680378074493,0.7504702103665593,3.627748549695859,-0.3410041119398991,2.2806204761759203,-0.7703517969200822,2.4816365336934334,-3.567725766770702,-1.790226067639766
49.0,143.0,1006.7760620117188,-2.751388380755965,-3.0835693187933284,0.7504702103665593,3.627748549614386,-0.3410041119445746,2.280613598824812,-0.7703517970076047,2.4816365336934334,-3.5677257667703577,-1.790226067639766
49.0,143.0,1006.7760620117188,-2.751377864946858,-3.083568583949573,0.7504702103665593,3.627748504981189,-0.3410041119400098,2.2806135005307646,-0.770351784090008,2.4816365336934685,-3.5677257667706592,-1.790226067639766
49.0,143.0,1006.7760620117188,-2.751388463399668,-3.0835693193226352,0.7504702103665593,3.627748514398228,-0.3410041119399451,2.280619673660264,-0.7703517814871831,2.4816365336934334,-3.5677257667703577,-1.790226067639766
49.0,143.0,1006.7760620117188,-2.75137737500952,-3.083569320682247,0.7504702103665593,3.627748555912484,-0.341004111939956,2.2806204761759203,-0.7703517971792055,2.4816365336934334,-3.567725766770095,-1.790226067639766
49.0,143.0,1006.7760620117188,-2.7513891663841625,-3.083569318949215,0.7504702103665593,3.6277482998149937,-0.341004111944066,2.280615191566161,-0.7703517969072398,2.4816365336934334,-3.5677257667703577,-1.790226067639766
49.0,143.0,1006.7760620117188,-2.751377273201935,-3.083568032087617,0.7504702103665593,3.627748534601251,-0.341004111944175,2.280622767004586,-0.7703517808277521,2.481636533693468,-3.567725766770109,-1.790226067639766
49.0,143.0,1006.7760620117188,-2.7513778650194984,-3.083568546029276,0.7504702103665593,3.627748504981189,-0.3410041119400098,2.280611700029564,-0.7703517815648804,2.4816365336934685,-3.567725766770067,-1.790226067639766
49.0,144.0,1006.7760620117188,-2.751388223473793,-3.0835693187933284,0.7504702103665593,3.627748549695859,-0.341004111944066,2.280615191566161,-0.7703517969459106,2.4816365336934334,-3.5677257667703577,-1.790226067639766
49.0,144.0,1006.7760620117188,-2.7513780498639844,-3.0835693187933284,0.7504702103665593,3.627748549695859,-0.3410041119399182,2.2806204761759203,-0.7703517969459106,2.4816365336934334,-3.5677257667701,-1.790226067639766
49.0,144.0,1006.7760620117188,-2.7513780498639844,-3.0835693187933284,0.7504702103665593,3.627748549695859,-0.3410041119399182,2.2806204761759203,-0.7703517969459106,2.4816365336934334,-3.5677257667701,-1.790226067639766
49.0,144.0,1006.7760620117188,-2.751388223473793,-3.0835693187933284,0.7504702103665593,3.627748549614573,-0.3410041119441672,2.280620568692822,-0.7703517970076047,2.4816365336934334,-3.5677257667703577,-1.790226067639766
49.0,144.0,1006.7760620117188,-2.7513774480153352,-3.0835694161087472,0.7504702103665593,3.62774831825964,-0.3410041119451283,2.2806229359921155,-0.7703517836347802,2.4816365336934334,-3.567725766770425,-1.790226067639766
49.0,144.0,1006.7760620117188,-2.75137786494958,-3.0835693187933284,0.7504702103665593,3.627748549695859,-0.3410041119400668,2.280613334841726,-0.7703517971748934,2.481636533693468,-3.5677257667706908,-1.790226067639766
49.0,144.0,1006.7760620117188,-2.7513891973528963,-3.0835692694509462,0.7504702103665593,3.627748507044335,-0.341004111944066,2.280615191566161,-0.7703517820247182,2.4816365336934334,-3.5677257667703577,-1.790226067639766
49.0,144.0,1006.7760620117188,-2.751388223473793,-3.0835693187933284,0.7504702103665593,3.627748549614573,-0.3410041119441672,2.280620568692822,-0.770351782384616,2.481636533693467,-3.567725766764573,-1.790226067639766
49.0,144.0,1006.7760620117188,-2.7513780498639844,-3.0835693187933284,0.7504702103665593,3.627748549695859,-0.3410041119399182,2.2806204761759203,-0.7703517969459106,2.4816365336934334,-3.5677257667701,-1.790226067639766
49.0,144.0,1006.7760620117188,-2.7513788802127825,-3.0835694161087472,0.7504702103665593,3.6277483123715952,-0.3410041119451283,2.2806229359921155,-0.7703517836567474,2.4816365336934334,-3.5677257667706326,-1.790226067639766
49.0,144.0,1006.7760620117188,-2.751388223473793,-3.083569318814585,0.7504702103665593,3.6277485586758953,-0.3410041119441672,2.280620568692822,-0.770351782384616,2.481636533693467,-3.567725766764573,-1.790226067639766
49.0,144.0,1006.7760620117188,-2.7513780498639844,-3.0835680378074493,0.7504702103665593,3.627748549695859,-0.3410041119399182,2.2806204761759203,-0.7703517969087601,2.4816365336934334,-3.5677257667701,-1.790226067639766
49.0,144.0,1006.7760620117188,-2.7513774480153352,-3.0835694161087472,0.7504702103665593,3.627748312829487,-0.3410041119450659,2.280619847173962,-0.7703517836347802,2.4816365336934334,-3.5677257667704323,-1.790226067639766
49.0,144.0,1006.7760620117188,-2.7513891973528963,-3.0835692694509462,0.7504702103665593,3.627748507044335,-0.341004111944066,2.280615191566161,-0.7703517820247182,2.4816365336934334,-3.5677257667703577,-1.790226067639766
49.0,144.0,1006.7760620117188,-2.75137786494958,-3.083569319321926,0.7504702103665593,3.6277485181000526,-0.34100411194388,2.280613334841726,-0.7703517971748934,2.481636533693468,-3.5677257667706908,-1.790226067639766
49.0,144.0,1006.7760620117188,-2.75137786494958,-3.0835693187933284,0.7504702103665593,3.627748549695859,-0.3410041119400668,2.280613334841726,-0.7703517971748934,2.481636533693468,-3.5677257667706908,-1.790226067639766
49.0,144.0,1006.7760620117188,-2.75137799183505,-3.0835693187933284,0.7504702103665593,3.627748549695859,-0.3410041119397954,2.280620290907224,-0.7703517969459106,2.4816365336934334,-3.5677257667701,-1.790226067639766
49.0,144.0,1006.7760620117188,-2.7513778650194984,-3.083568583949573,0.7504702103665593,3.627748504981189,-0.3410041119400098,2.2806199135794434,-0.7703517835506912,2.4816365336934685,-3.567725766770067,-1.790226067639766
49.0,144.0,1006.7760620117188,-2.751388223473793,-3.0835680497431235,0.7504702103665593,3.627748548500165,-0.3410041119441672,2.2806215220986936,-0.7703517964824327,2.4816365336934334,-3.5677257667701205,-1.790226067639766
49.0,144.0,1006.7760620117188,-2.751377273201935,-3.0835693187932303,0.7504702103665593,3.6277485424707416,-0.3410041119440636,2.280620262026629,-0.7703517808277521,2.4816365336934663,-3.5677257667701,-1.790226067639766
49.0,144.0,1006.7760620117188,-2.75137738708674,-3.0835680497431235,0.7504702103665593,3.6277485485177294,-0.3410041119402149,2.280613067788936,-0.7703517964801011,2.4816365336934334,-3.5677257667707285,-1.790226067639766
49.0,144.0,1006.7760620117188,-2.751388180392828,-3.0835693193383937,0.7504702103665593,3.6277485152736975,-0.3410041119441672,2.280620568692822,-0.7703517978107245,2.4816365336934334,-3.5677257667703577,-1.790226067639766
49.0,144.0,1006.7760620117188,-2.7513778650194984,-3.083568583949573,0.7504702103665593,3.627748504981189,-0.3410041119400098,2.2806199135794434,-0.7703517835506912,2.4816365336934685,-3.567725766770067,-1.790226067639766
49.0,144.0,1006.7760620117188,-2.751377448935875,-3.0835694145645305,0.7504702103665593,3.627748313985847,-0.3410041119450659,2.280619847173962,-0.7703517837353705,2.481636533693432,-3.5677257667704527,-1.790226067639766
49.0,144.0,1006.7760620117188,-2.751388223473793,-3.0835693187933284,0.7504702103665593,3.627748549614573,-0.3410041119448943,2.280622929419383,-0.7703517954547302,2.4816365336934334,-3.5677257667703577,-1.790226067639766
49.0,144.0,1006.7760620117188,-2.7513788802127825,-3.083569317293106,0.7504702103665593,3.6277483123715952,-0.3410041119451283,2.2806229359921155,-0.7703517839993878,2.4816365336934334,-3.5677257667706326,-1.790226067639766
49.0,144.0,1006.7760620117188,-2.7513890564871986,-3.083569316482167,0.7504702103665593,3.6277485181000526,-0.34100411194388,2.280613287645195,-0.7703517974633471,2.481636533693468,-3.567725766770698,-1.790226067639766
49.0,144.0,1006.7760620117188,-2.7513780498639844,-3.0835693187933284,0.7504702103665593,3.627748549695859,-0.3410041119399182,2.2806204761759203,-0.7703517969459106,2.4816365336934334,-3.5677257667701,-1.790226067639766
49.0,144.0,1006.7760620117188,-2.7513887013366327,-3.0835693187933284,0.7504702103665593,3.6277485496782944,-0.341004111944019,2.280621789151484,-0.770351797177225,2.481636533693468,-3.567725766770083,-1.790226067639766
49.0,144.0,1006.7760620117188,-2.751377273201935,-3.0835693170197747,0.7504702103665593,3.62774853434305,-0.3410041119440734,2.280622720735064,-0.7703517808277521,2.4816365336934663,-3.567725766770109,-1.790226067639766
49.0,144.0,1006.7760620117188,-2.7513891973528963,-3.0835692694509462,0.7504702103665593,3.627748507044335,-0.3410041119440564,2.280615191566161,-0.7703517836491344,2.4816365336934334,-3.567725766770624,-1.790226067639766
49.0,144.0,1006.7760620117188,-2.75137786494958,-3.0835693187933284,0.7504702103665593,3.627748549695859,-0.3410041119437028,2.280613334841726,-0.7703517971748934,2.481636533693468,-3.5677257667706908,-1.790226067639766
49.0,144.0,1006.7760620117188,-2.751388463399668,-3.0835693193226352,0.7504702103665593,3.627748514398228,-0.3410041119399451,2.280619673660264,-0.7703517814871831,2.4816365336934334,-3.5677257667703577,-1.790226067639766
49.0,144.0,1006.7760620117188,-2.7513891663841625,-3.083569318949215,0.7504702103665593,3.627748549695859,-0.341004111944066,2.280615191566161,-0.7703517969072398,2.4816365336934334,-3.5677257667703577,-1.790226067639766
49.0,144.0,1006.7760620117188,-2.75137786494958,-3.0835693187933284,0.7504702103665593,3.627748549695859,-0.3410041119400668,2.280613334841726,-0.7703517971748934,2.481636533693468,-3.5677257667706908,-1.790226067639766
49.0,144.0,1006.7760620117188,-2.751377864596694,-3.083568583949573,0.7504702103665593,3.627748504981189,-0.3410041119397929,2.2806199135794434,-0.7703517835526579,2.481636533693433,-3.567725766770067,-1.790226067639766
49.0,144.0,1006.7760620117188,-2.7513777254595406,-3.083569320576305,0.7504702103665593,3.6277483110345226,-0.34100411194523,2.2806116951943247,-0.7703517815639335,2.4816365336934334,-3.567725766770313,-1.790226067639766
49.0,144.0,1006.7760620117188,-2.751388223473793,-3.08356941760897,0.7504702103665593,3.627748549695859,-0.341004111944066,2.280615191566161,-0.7703517966032704,2.4816365336934334,-3.5677257667703577,-1.790226067639766
49.0,144.0,1006.7760620117188,-2.7513780498639844,-3.0835693187933284,0.7504702103665593,3.627748549695859,-0.3410041119399182,2.2806204761759203,-0.7703517969459106,2.4816365336934334,-3.5677257667701,-1.790226067639766
49.0,144.0,1006.7760620117188,-2.7513886035707498,-3.0835693187933284,0.7504702103665593,3.627748549614573,-0.3410041119448943,2.280622929419383,-0.7703517968482939,2.4816365336934334,-3.567725766770358,-1.790226067639766
49.0,144.0,1006.7760620117188,-2.7513777254595406,-3.083569320576305,0.7504702103665593,3.627748550573877,-0.3410041119401518,2.2806116951943247,-0.7703517815639335,2.4816365336934334,-3.5677257667703035,-1.790226067639766
49.0,144.0,1006.7760620117188,-2.751388718598881,-3.0835693187933284,0.7504702103665593,3.6277485496782944,-0.3410041119441657,2.28062057941505,-0.770351797177225,2.481636533693468,-3.5677257667702427,-1.790226067639766
49.0,144.0,1006.7760620117188,-2.7513780657696554,-3.0835680378074493,0.7504702103665593,3.627748549695859,-0.3410041119398991,2.2806204761759203,-0.7703517969200822,2.4816365336934334,-3.567725766770702,-1.790226067639766
49.0,144.0,1006.7760620117188,-2.751388380755965,-3.0835693187933284,0.7504702103665593,3.627748549614386,-0.3410041119445746,2.280613598824812,-0.7703517970076047,2.4816365336934334,-3.5677257667703577,-1.790226067639766
49.0,144.0,1006.7760620117188,-2.751377864946858,-3.083568583949573,0.7504702103665593,3.627748504981189,-0.3410041119400098,2.2806135005307646,-0.770351784090008,2.4816365336934685,-3.5677257667706592,-1.790226067639766
49.0,144.0,1006.7760620117188,-2.751388463399668,-3.0835693193226352,0.7504702103665593,3.627748514398228,-0.3410041119399451,2.280619673660264,-0.7703517814871831,2.4816365336934334,-3.5677257667703577,-1.790226067639766
49.0,144.0,1006.7760620117188,-2.75137737500952,-3.083569320682247,0.7504702103665593,3.627748555912484,-0.341004111939956,2.2806204761759203,-0.7703517971792055,2.4816365336934334,-3.567725766770095,-1.790226067639766
49.0,144.0,1006.7760620117188,-2.7513891663841625,-3.083569318949215,0.7504702103665593,3.6277482998149937,-0.341004111944066,2.280615191566161,-0.7703517969072398,2.4816365336934334,-3.5677257667703577,-1.790226067639766
49.0,144.0,1006.7760620117188,-2.751377273201935,-3.083568032087617,0.7504702103665593,3.627748534601251,-0.341004111944175,2.280622767004586,-0.7703517808277521,2.481636533693468,-3.567725766770109,-1.790226067639766
49.0,144.0,1006.7760620117188,-2.7513778650194984,-3.083568546029276,0.7504702103665593,3.627748504981189,-0.3410041119400098,2.280611700029564,-0.7703517815648804,2.4816365336934685,-3.567725766770067,-1.790226067639766
49.0,145.0,1006.7760620117188,-2.751388223473793,-3.0835693187933284,0.7504702103665593,3.627748549695859,-0.341004111944066,2.280615191566161,-0.7703517969459106,2.4816365336934334,-3.5677257667703577,-1.790226067639766
49.0,145.0,1006.7760620117188,-2.7513780498639844,-3.0835693187933284,0.7504702103665593,3.627748549695859,-0.3410041119399182,2.2806204761759203,-0.7703517969459106,2.4816365336934334,-3.5677257667701,-1.790226067639766
49.0,145.0,1006.7760620117188,-2.7513780498639844,-3.0835693187933284,0.7504702103665593,3.627748549695859,-0.3410041119399182,2.2806204761759203,-0.7703517969459106,2.4816365336934334,-3.5677257667701,-1.790226067639766
49.0,145.0,1006.7760620117188,-2.751388223473793,-3.0835693187933284,0.7504702103665593,3.627748549614573,-0.3410041119441672,2.280620568692822,-0.7703517970076047,2.4816365336934334,-3.5677257667703577,-1.790226067639766
49.0,145.0,1006.7760620117188,-2.7513774480153352,-3.0835694161087472,0.7504702103665593,3.62774831825964,-0.3410041119451283,2.2806229359921155,-0.7703517836347802,2.4816365336934334,-3.567725766770425,-1.790226067639766
49.0,145.0,1006.7760620117188,-2.75137786494958,-3.0835693187933284,0.7504702103665593,3.627748549695859,-0.3410041119400668,2.280613334841726,-0.7703517971748934,2.481636533693468,-3.5677257667706908,-1.790226067639766
49.0,145.0,1006.7760620117188,-2.7513891973528963,-3.0835692694509462,0.7504702103665593,3.627748507044335,-0.341004111944066,2.280615191566161,-0.7703517820247182,2.4816365336934334,-3.5677257667703577,-1.790226067639766
49.0,145.0,1006.7760620117188,-2.751388223473793,-3.0835693187933284,0.7504702103665593,3.627748549614573,-0.3410041119441672,2.280620568692822,-0.770351782384616,2.481636533693467,-3.567725766764573,-1.790226067639766
49.0,145.0,1006.7760620117188,-2.7513780498639844,-3.0835693187933284,0.7504702103665593,3.627748549695859,-0.3410041119399182,2.2806204761759203,-0.7703517969459106,2.4816365336934334,-3.5677257667701,-1.790226067639766
49.0,145.0,1006.7760620117188,-2.7513788802127825,-3.0835694161087472,0.7504702103665593,3.6277483123715952,-0.3410041119451283,2.2806229359921155,-0.7703517836567474,2.4816365336934334,-3.5677257667706326,-1.790226067639766
49.0,145.0,1006.7760620117188,-2.751388223473793,-3.083569318814585,0.7504702103665593,3.6277485586758953,-0.3410041119441672,2.280620568692822,-0.770351782384616,2.481636533693467,-3.567725766764573,-1.790226067639766
49.0,145.0,1006.7760620117188,-2.7513780498639844,-3.0835680378074493,0.7504702103665593,3.627748549695859,-0.3410041119399182,2.2806204761759203,-0.7703517969087601,2.4816365336934334,-3.5677257667701,-1.790226067639766
49.0,145.0,1006.7760620117188,-2.7513774480153352,-3.0835694161087472,0.7504702103665593,3.627748312829487,-0.3410041119450659,2.280619847173962,-0.7703517836347802,2.4816365336934334,-3.5677257667704323,-1.790226067639766
49.0,145.0,1006.7760620117188,-2.7513891973528963,-3.0835692694509462,0.7504702103665593,3.627748507044335,-0.341004111944066,2.280615191566161,-0.7703517820247182,2.4816365336934334,-3.5677257667703577,-1.790226067639766
49.0,145.0,1006.7760620117188,-2.75137786494958,-3.083569319321926,0.7504702103665593,3.6277485181000526,-0.34100411194388,2.280613334841726,-0.7703517971748934,2.481636533693468,-3.5677257667706908,-1.790226067639766
49.0,145.0,1006.7760620117188,-2.75137786494958,-3.0835693187933284,0.7504702103665593,3.627748549695859,-0.3410041119400668,2.280613334841726,-0.7703517971748934,2.481636533693468,-3.5677257667706908,-1.790226067639766
49.0,145.0,1006.7760620117188,-2.75137799183505,-3.0835693187933284,0.7504702103665593,3.627748549695859,-0.3410041119397954,2.280620290907224,-0.7703517969459106,2.4816365336934334,-3.5677257667701,-1.790226067639766
49.0,145.0,1006.7760620117188,-2.7513778650194984,-3.083568583949573,0.7504702103665593,3.627748504981189,-0.3410041119400098,2.2806199135794434,-0.7703517835506912,2.4816365336934685,-3.567725766770067,-1.790226067639766
49.0,145.0,1006.7760620117188,-2.751388223473793,-3.0835680497431235,0.7504702103665593,3.627748548500165,-0.3410041119441672,2.2806215220986936,-0.7703517964824327,2.4816365336934334,-3.5677257667701205,-1.790226067639766
49.0,145.0,1006.7760620117188,-2.751377273201935,-3.0835693187932303,0.7504702103665593,3.6277485424707416,-0.3410041119440636,2.280620262026629,-0.7703517808277521,2.4816365336934663,-3.5677257667701,-1.790226067639766
49.0,145.0,1006.7760620117188,-2.75137738708674,-3.0835680497431235,0.7504702103665593,3.6277485485177294,-0.3410041119402149,2.280613067788936,-0.7703517964801011,2.4816365336934334,-3.5677257667707285,-1.790226067639766
49.0,145.0,1006.7760620117188,-2.751388180392828,-3.0835693193383937,0.7504702103665593,3.6277485152736975,-0.3410041119441672,2.280620568692822,-0.7703517978107245,2.4816365336934334,-3.5677257667703577,-1.790226067639766
49.0,145.0,1006.7760620117188,-2.7513778650194984,-3.083568583949573,0.7504702103665593,3.627748504981189,-0.3410041119400098,2.2806199135794434,-0.7703517835506912,2.4816365336934685,-3.567725766770067,-1.790226067639766
49.0,145.0,1006.7760620117188,-2.751377448935875,-3.0835694145645305,0.7504702103665593,3.627748313985847,-0.3410041119450659,2.280619847173962,-0.7703517837353705,2.481636533693432,-3.5677257667704527,-1.790226067639766
49.0,145.0,1006.7760620117188,-2.751388223473793,-3.0835693187933284,0.7504702103665593,3.627748549614573,-0.3410041119448943,2.280622929419383,-0.7703517954547302,2.4816365336934334,-3.5677257667703577,-1.790226067639766
49.0,145.0,1006.7760620117188,-2.7513788802127825,-3.083569317293106,0.7504702103665593,3.6277483123715952,-0.3410041119451283,2.2806229359921155,-0.7703517839993878,2.4816365336934334,-3.5677257667706326,-1.790226067639766
49.0,145.0,1006.7760620117188,-2.7513890564871986,-3.083569316482167,0.7504702103665593,3.6277485181000526,-0.34100411194388,2.280613287645195,-0.7703517974633471,2.481636533693468,-3.567725766770698,-1.790226067639766
49.0,145.0,1006.7760620117188,-2.7513780498639844,-3.0835693187933284,0.7504702103665593,3.627748549695859,-0.3410041119399182,2.2806204761759203,-0.7703517969459106,2.4816365336934334,-3.5677257667701,-1.790226067639766
49.0,145.0,1006.7760620117188,-2.7513887013366327,-3.0835693187933284,0.7504702103665593,3.6277485496782944,-0.341004111944019,2.280621789151484,-0.770351797177225,2.481636533693468,-3.567725766770083,-1.790226067639766
49.0,145.0,1006.7760620117188,-2.751377273201935,-3.0835693170197747,0.7504702103665593,3.62774853434305,-0.3410041119440734,2.280622720735064,-0.7703517808277521,2.4816365336934663,-3.567725766770109,-1.790226067639766
49.0,145.0,1006.7760620117188,-2.7513891973528963,-3.0835692694509462,0.7504702103665593,3.627748507044335,-0.3410041119440564,2.280615191566161,-0.7703517836491344,2.4816365336934334,-3.567725766770624,-1.790226067639766
49.0,145.0,1006.7760620117188,-2.75137786494958,-3.0835693187933284,0.7504702103665593,3.627748549695859,-0.3410041119437028,2.280613334841726,-0.7703517971748934,2.481636533693468,-3.5677257667706908,-1.790226067639766
49.0,145.0,1006.7760620117188,-2.751388463399668,-3.0835693193226352,0.7504702103665593,3.627748514398228,-0.3410041119399451,2.280619673660264,-0.7703517814871831,2.4816365336934334,-3.5677257667703577,-1.790226067639766
49.0,145.0,1006.7760620117188,-2.7513891663841625,-3.083569318949215,0.7504702103665593,3.627748549695859,-0.341004111944066,2.280615191566161,-0.7703517969072398,2.4816365336934334,-3.5677257667703577,-1.790226067639766
49.0,145.0,1006.7760620117188,-2.75137786494958,-3.0835693187933284,0.7504702103665593,3.627748549695859,-0.3410041119400668,2.280613334841726,-0.7703517971748934,2.481636533693468,-3.5677257667706908,-1.790226067639766
49.0,145.0,1006.7760620117188,-2.751377864596694,-3.083568583949573,0.7504702103665593,3.627748504981189,-0.3410041119397929,2.2806199135794434,-0.7703517835526579,2.481636533693433,-3.567725766770067,-1.790226067639766
49.0,145.0,1006.7760620117188,-2.7513777254595406,-3.083569320576305,0.7504702103665593,3.6277483110345226,-0.34100411194523,2.2806116951943247,-0.7703517815639335,2.4816365336934334,-3.567725766770313,-1.790226067639766
49.0,145.0,1006.7760620117188,-2.751388223473793,-3.08356941760897,0.7504702103665593,3.627748549695859,-0.341004111944066,2.280615191566161,-0.7703517966032704,2.4816365336934334,-3.5677257667703577,-1.790226067639766
49.0,145.0,1006.7760620117188,-2.7513780498639844,-3.0835693187933284,0.7504702103665593,3.627748549695859,-0.3410041119399182,2.2806204761759203,-0.7703517969459106,2.4816365336934334,-3.5677257667701,-1.790226067639766
49.0,145.0,1006.7760620117188,-2.7513886035707498,-3.0835693187933284,0.7504702103665593,3.627748549614573,-0.3410041119448943,2.280622929419383,-0.7703517968482939,2.4816365336934334,-3.567725766770358,-1.790226067639766
49.0,145.0,1006.7760620117188,-2.7513777254595406,-3.083569320576305,0.7504702103665593,3.627748550573877,-0.3410041119401518,2.2806116951943247,-0.7703517815639335,2.4816365336934334,-3.5677257667703035,-1.790226067639766
49.0,145.0,1006.7760620117188,-2.751388718598881,-3.0835693187933284,0.7504702103665593,3.6277485496782944,-0.3410041119441657,2.28062057941505,-0.770351797177225,2.481636533693468,-3.5677257667702427,-1.790226067639766
49.0,145.0,1006.7760620117188,-2.7513780657696554,-3.0835680378074493,0.7504702103665593,3.627748549695859,-0.3410041119398991,2.2806204761759203,-0.7703517969200822,2.4816365336934334,-3.567725766770702,-1.790226067639766
49.0,145.0,1006.7760620117188,-2.751388380755965,-3.0835693187933284,0.7504702103665593,3.627748549614386,-0.3410041119445746,2.280613598824812,-0.7703517970076047,2.4816365336934334,-3.5677257667703577,-1.790226067639766
49.0,145.0,1006.7760620117188,-2.751377864946858,-3.083568583949573,0.7504702103665593,3.627748504981189,-0.3410041119400098,2.2806135005307646,-0.770351784090008,2.4816365336934685,-3.5677257667706592,-1.790226067639766
49.0,145.0,1006.7760620117188,-2.751388463399668,-3.0835693193226352,0.7504702103665593,3.627748514398228,-0.3410041119399451,2.280619673660264,-0.7703517814871831,2.4816365336934334,-3.5677257667703577,-1.790226067639766
49.0,145.0,1006.7760620117188,-2.75137737500952,-3.083569320682247,0.7504702103665593,3.627748555912484,-0.341004111939956,2.2806204761759203,-0.7703517971792055,2.4816365336934334,-3.567725766770095,-1.790226067639766
49.0,145.0,1006.7760620117188,-2.7513891663841625,-3.083569318949215,0.7504702103665593,3.6277482998149937,-0.341004111944066,2.280615191566161,-0.7703517969072398,2.4816365336934334,-3.5677257667703577,-1.790226067639766
49.0,145.0,1006.7760620117188,-2.751377273201935,-3.083568032087617,0.7504702103665593,3.627748534601251,-0.341004111944175,2.280622767004586,-0.7703517808277521,2.481636533693468,-3.567725766770109,-1.790226067639766
49.0,145.0,1006.7760620117188,-2.7513778650194984,-3.083568546029276,0.7504702103665593,3.627748504981189,-0.3410041119400098,2.280611700029564,-0.7703517815648804,2.4816365336934685,-3.567725766770067,-1.790226067639766
49.0,146.0,1006.7760620117188,-2.751388223473793,-3.0835693187933284,0.7504702103665593,3.627748549695859,-0.341004111944066,2.280615191566161,-0.7703517969459106,2.4816365336934334,-3.5677257667703577,-1.790226067639766
49.0,146.0,1006.7760620117188,-2.7513780498639844,-3.0835693187933284,0.7504702103665593,3.627748549695859,-0.3410041119399182,2.2806204761759203,-0.7703517969459106,2.4816365336934334,-3.5677257667701,-1.790226067639766
49.0,146.0,1006.7760620117188,-2.7513780498639844,-3.0835693187933284,0.7504702103665593,3.627748549695859,-0.3410041119399182,2.2806204761759203,-0.7703517969459106,2.4816365336934334,-3.5677257667701,-1.790226067639766
49.0,146.0,1006.7760620117188,-2.751388223473793,-3.0835693187933284,0.7504702103665593,3.627748549614573,-0.3410041119441672,2.280620568692822,-0.7703517970076047,2.4816365336934334,-3.5677257667703577,-1.790226067639766
49.0,146.0,1006.7760620117188,-2.7513774480153352,-3.0835694161087472,0.7504702103665593,3.62774831825964,-0.3410041119451283,2.2806229359921155,-0.7703517836347802,2.4816365336934334,-3.567725766770425,-1.790226067639766
49.0,146.0,1006.7760620117188,-2.75137786494958,-3.0835693187933284,0.7504702103665593,3.627748549695859,-0.3410041119400668,2.280613334841726,-0.7703517971748934,2.481636533693468,-3.5677257667706908,-1.790226067639766
49.0,146.0,1006.7760620117188,-2.7513891973528963,-3.0835692694509462,0.7504702103665593,3.627748507044335,-0.341004111944066,2.280615191566161,-0.7703517820247182,2.4816365336934334,-3.5677257667703577,-1.790226067639766
49.0,146.0,1006.7760620117188,-2.751388223473793,-3.0835693187933284,0.7504702103665593,3.627748549614573,-0.3410041119441672,2.280620568692822,-0.770351782384616,2.481636533693467,-3.567725766764573,-1.790226067639766
49.0,146.0,1006.7760620117188,-2.7513780498639844,-3.0835693187933284,0.7504702103665593,3.627748549695859,-0.3410041119399182,2.2806204761759203,-0.7703517969459106,2.4816365336934334,-3.5677257667701,-1.790226067639766
49.0,146.0,1006.7760620117188,-2.7513788802127825,-3.0835694161087472,0.7504702103665593,3.6277483123715952,-0.3410041119451283,2.2806229359921155,-0.7703517836567474,2.4816365336934334,-3.5677257667706326,-1.790226067639766
49.0,146.0,1006.7760620117188,-2.751388223473793,-3.083569318814585,0.7504702103665593,3.6277485586758953,-0.3410041119441672,2.280620568692822,-0.770351782384616,2.481636533693467,-3.567725766764573,-1.790226067639766
49.0,146.0,1006.7760620117188,-2.7513780498639844,-3.0835680378074493,0.7504702103665593,3.627748549695859,-0.3410041119399182,2.2806204761759203,-0.7703517969087601,2.4816365336934334,-3.5677257667701,-1.790226067639766
49.0,146.0,1006.7760620117188,-2.7513774480153352,-3.0835694161087472,0.7504702103665593,3.627748312829487,-0.3410041119450659,2.280619847173962,-0.7703517836347802,2.4816365336934334,-3.5677257667704323,-1.790226067639766
49.0,146.0,1006.7760620117188,-2.7513891973528963,-3.0835692694509462,0.7504702103665593,3.627748507044335,-0.341004111944066,2.280615191566161,-0.7703517820247182,2.4816365336934334,-3.5677257667703577,-1.790226067639766
49.0,146.0,1006.7760620117188,-2.75137786494958,-3.083569319321926,0.7504702103665593,3.6277485181000526,-0.34100411194388,2.280613334841726,-0.7703517971748934,2.481636533693468,-3.5677257667706908,-1.790226067639766
49.0,146.0,1006.7760620117188,-2.75137786494958,-3.0835693187933284,0.7504702103665593,3.627748549695859,-0.3410041119400668,2.280613334841726,-0.7703517971748934,2.481636533693468,-3.5677257667706908,-1.790226067639766
49.0,146.0,1006.7760620117188,-2.75137799183505,-3.0835693187933284,0.7504702103665593,3.627748549695859,-0.3410041119397954,2.280620290907224,-0.7703517969459106,2.4816365336934334,-3.5677257667701,-1.790226067639766
49.0,146.0,1006.7760620117188,-2.7513778650194984,-3.083568583949573,0.7504702103665593,3.627748504981189,-0.3410041119400098,2.2806199135794434,-0.7703517835506912,2.4816365336934685,-3.567725766770067,-1.790226067639766
49.0,146.0,1006.7760620117188,-2.751388223473793,-3.0835680497431235,0.7504702103665593,3.627748548500165,-0.3410041119441672,2.2806215220986936,-0.7703517964824327,2.4816365336934334,-3.5677257667701205,-1.790226067639766
49.0,146.0,1006.7760620117188,-2.751377273201935,-3.0835693187932303,0.7504702103665593,3.6277485424707416,-0.3410041119440636,2.280620262026629,-0.7703517808277521,2.4816365336934663,-3.5677257667701,-1.790226067639766
49.0,146.0,1006.7760620117188,-2.75137738708674,-3.0835680497431235,0.7504702103665593,3.6277485485177294,-0.3410041119402149,2.280613067788936,-0.7703517964801011,2.4816365336934334,-3.5677257667707285,-1.790226067639766
49.0,146.0,1006.7760620117188,-2.751388180392828,-3.0835693193383937,0.7504702103665593,3.6277485152736975,-0.3410041119441672,2.280620568692822,-0.7703517978107245,2.4816365336934334,-3.5677257667703577,-1.790226067639766
49.0,146.0,1006.7760620117188,-2.7513778650194984,-3.083568583949573,0.7504702103665593,3.627748504981189,-0.3410041119400098,2.2806199135794434,-0.7703517835506912,2.4816365336934685,-3.567725766770067,-1.790226067639766
49.0,146.0,1006.7760620117188,-2.751377448935875,-3.0835694145645305,0.7504702103665593,3.627748313985847,-0.3410041119450659,2.280619847173962,-0.7703517837353705,2.481636533693432,-3.5677257667704527,-1.790226067639766
49.0,146.0,1006.7760620117188,-2.751388223473793,-3.0835693187933284,0.7504702103665593,3.627748549614573,-0.3410041119448943,2.280622929419383,-0.7703517954547302,2.4816365336934334,-3.5677257667703577,-1.790226067639766
49.0,146.0,1006.7760620117188,-2.7513788802127825,-3.083569317293106,0.7504702103665593,3.6277483123715952,-0.3410041119451283,2.2806229359921155,-0.7703517839993878,2.4816365336934334,-3.5677257667706326,-1.790226067639766
49.0,146.0,1006.7760620117188,-2.7513890564871986,-3.083569316482167,0.7504702103665593,3.6277485181000526,-0.34100411194388,2.280613287645195,-0.7703517974633471,2.481636533693468,-3.567725766770698,-1.790226067639766
49.0,146.0,1006.7760620117188,-2.7513780498639844,-3.0835693187933284,0.7504702103665593,3.627748549695859,-0.3410041119399182,2.2806204761759203,-0.7703517969459106,2.4816365336934334,-3.5677257667701,-1.790226067639766
49.0,146.0,1006.7760620117188,-2.7513887013366327,-3.0835693187933284,0.7504702103665593,3.6277485496782944,-0.341004111944019,2.280621789151484,-0.770351797177225,2.481636533693468,-3.567725766770083,-1.790226067639766
49.0,146.0,1006.7760620117188,-2.751377273201935,-3.0835693170197747,0.7504702103665593,3.62774853434305,-0.3410041119440734,2.280622720735064,-0.7703517808277521,2.4816365336934663,-3.567725766770109,-1.790226067639766
49.0,146.0,1006.7760620117188,-2.7513891973528963,-3.0835692694509462,0.7504702103665593,3.627748507044335,-0.3410041119440564,2.280615191566161,-0.7703517836491344,2.4816365336934334,-3.567725766770624,-1.790226067639766
49.0,146.0,1006.7760620117188,-2.75137786494958,-3.0835693187933284,0.7504702103665593,3.627748549695859,-0.3410041119437028,2.280613334841726,-0.7703517971748934,2.481636533693468,-3.5677257667706908,-1.790226067639766
49.0,146.0,1006.7760620117188,-2.751388463399668,-3.0835693193226352,0.7504702103665593,3.627748514398228,-0.3410041119399451,2.280619673660264,-0.7703517814871831,2.4816365336934334,-3.5677257667703577,-1.790226067639766
49.0,146.0,1006.7760620117188,-2.7513891663841625,-3.083569318949215,0.7504702103665593,3.627748549695859,-0.341004111944066,2.280615191566161,-0.7703517969072398,2.4816365336934334,-3.5677257667703577,-1.790226067639766
49.0,146.0,1006.7760620117188,-2.75137786494958,-3.0835693187933284,0.7504702103665593,3.627748549695859,-0.3410041119400668,2.280613334841726,-0.7703517971748934,2.481636533693468,-3.5677257667706908,-1.790226067639766
49.0,146.0,1006.7760620117188,-2.751377864596694,-3.083568583949573,0.7504702103665593,3.627748504981189,-0.3410041119397929,2.2806199135794434,-0.7703517835526579,2.481636533693433,-3.567725766770067,-1.790226067639766
49.0,146.0,1006.7760620117188,-2.7513777254595406,-3.083569320576305,0.7504702103665593,3.6277483110345226,-0.34100411194523,2.2806116951943247,-0.7703517815639335,2.4816365336934334,-3.567725766770313,-1.790226067639766
49.0,146.0,1006.7760620117188,-2.751388223473793,-3.08356941760897,0.7504702103665593,3.627748549695859,-0.341004111944066,2.280615191566161,-0.7703517966032704,2.4816365336934334,-3.5677257667703577,-1.790226067639766
49.0,146.0,1006.7760620117188,-2.7513780498639844,-3.0835693187933284,0.7504702103665593,3.627748549695859,-0.3410041119399182,2.2806204761759203,-0.7703517969459106,2.4816365336934334,-3.5677257667701,-1.790226067639766
49.0,146.0,1006.7760620117188,-2.7513886035707498,-3.0835693187933284,0.7504702103665593,3.627748549614573,-0.3410041119448943,2.280622929419383,-0.7703517968482939,2.4816365336934334,-3.567725766770358,-1.790226067639766
49.0,146.0,1006.7760620117188,-2.7513777254595406,-3.083569320576305,0.7504702103665593,3.627748550573877,-0.3410041119401518,2.2806116951943247,-0.7703517815639335,2.4816365336934334,-3.5677257667703035,-1.790226067639766
49.0,146.0,1006.7760620117188,-2.751388718598881,-3.0835693187933284,0.7504702103665593,3.6277485496782944,-0.3410041119441657,2.28062057941505,-0.770351797177225,2.481636533693468,-3.5677257667702427,-1.790226067639766
49.0,146.0,1006.7760620117188,-2.7513780657696554,-3.0835680378074493,0.7504702103665593,3.627748549695859,-0.3410041119398991,2.2806204761759203,-0.7703517969200822,2.4816365336934334,-3.567725766770702,-1.790226067639766
49.0,146.0,1006.7760620117188,-2.751388380755965,-3.0835693187933284,0.7504702103665593,3.627748549614386,-0.3410041119445746,2.280613598824812,-0.7703517970076047,2.4816365336934334,-3.5677257667703577,-1.790226067639766
49.0,146.0,1006.7760620117188,-2.751377864946858,-3.083568583949573,0.7504702103665593,3.627748504981189,-0.3410041119400098,2.2806135005307646,-0.770351784090008,2.4816365336934685,-3.5677257667706592,-1.790226067639766
49.0,146.0,1006.7760620117188,-2.751388463399668,-3.0835693193226352,0.7504702103665593,3.627748514398228,-0.3410041119399451,2.280619673660264,-0.7703517814871831,2.4816365336934334,-3.5677257667703577,-1.790226067639766
49.0,146.0,1006.7760620117188,-2.75137737500952,-3.083569320682247,0.7504702103665593,3.627748555912484,-0.341004111939956,2.2806204761759203,-0.7703517971792055,2.4816365336934334,-3.567725766770095,-1.790226067639766
49.0,146.0,1006.7760620117188,-2.7513891663841625,-3.083569318949215,0.7504702103665593,3.6277482998149937,-0.341004111944066,2.280615191566161,-0.7703517969072398,2.4816365336934334,-3.5677257667703577,-1.790226067639766
49.0,146.0,1006.7760620117188,-2.751377273201935,-3.083568032087617,0.7504702103665593,3.627748534601251,-0.341004111944175,2.280622767004586,-0.7703517808277521,2.481636533693468,-3.567725766770109,-1.790226067639766
49.0,146.0,1006.7760620117188,-2.7513778650194984,-3.083568546029276,0.7504702103665593,3.627748504981189,-0.3410041119400098,2.280611700029564,-0.7703517815648804,2.4816365336934685,-3.567725766770067,-1.790226067639766
49.0,147.0,1006.7760620117188,-2.751388223473793,-3.0835693187933284,0.7504702103665593,3.627748549695859,-0.341004111944066,2.280615191566161,-0.7703517969459106,2.4816365336934334,-3.5677257667703577,-1.790226067639766
49.0,147.0,1006.7760620117188,-2.7513780498639844,-3.0835693187933284,0.7504702103665593,3.627748549695859,-0.3410041119399182,2.2806204761759203,-0.7703517969459106,2.4816365336934334,-3.5677257667701,-1.790226067639766
49.0,147.0,1006.7760620117188,-2.7513780498639844,-3.0835693187933284,0.7504702103665593,3.627748549695859,-0.3410041119399182,2.2806204761759203,-0.7703517969459106,2.4816365336934334,-3.5677257667701,-1.790226067639766
49.0,147.0,1006.7760620117188,-2.751388223473793,-3.0835693187933284,0.7504702103665593,3.627748549614573,-0.3410041119441672,2.280620568692822,-0.7703517970076047,2.4816365336934334,-3.5677257667703577,-1.790226067639766
49.0,147.0,1006.7760620117188,-2.7513774480153352,-3.0835694161087472,0.7504702103665593,3.62774831825964,-0.3410041119451283,2.2806229359921155,-0.7703517836347802,2.4816365336934334,-3.567725766770425,-1.790226067639766
49.0,147.0,1006.7760620117188,-2.75137786494958,-3.0835693187933284,0.7504702103665593,3.627748549695859,-0.3410041119400668,2.280613334841726,-0.7703517971748934,2.481636533693468,-3.5677257667706908,-1.790226067639766
49.0,147.0,1006.7760620117188,-2.7513891973528963,-3.0835692694509462,0.7504702103665593,3.627748507044335,-0.341004111944066,2.280615191566161,-0.7703517820247182,2.4816365336934334,-3.5677257667703577,-1.790226067639766
49.0,147.0,1006.7760620117188,-2.751388223473793,-3.0835693187933284,0.7504702103665593,3.627748549614573,-0.3410041119441672,2.280620568692822,-0.770351782384616,2.481636533693467,-3.567725766764573,-1.790226067639766
49.0,147.0,1006.7760620117188,-2.7513780498639844,-3.0835693187933284,0.7504702103665593,3.627748549695859,-0.3410041119399182,2.2806204761759203,-0.7703517969459106,2.4816365336934334,-3.5677257667701,-1.790226067639766
49.0,147.0,1006.7760620117188,-2.7513788802127825,-3.0835694161087472,0.7504702103665593,3.6277483123715952,-0.3410041119451283,2.2806229359921155,-0.7703517836567474,2.4816365336934334,-3.5677257667706326,-1.790226067639766
49.0,147.0,1006.7760620117188,-2.751388223473793,-3.083569318814585,0.7504702103665593,3.6277485586758953,-0.3410041119441672,2.280620568692822,-0.770351782384616,2.481636533693467,-3.567725766764573,-1.790226067639766
49.0,147.0,1006.7760620117188,-2.7513780498639844,-3.0835680378074493,0.7504702103665593,3.627748549695859,-0.3410041119399182,2.2806204761759203,-0.7703517969087601,2.4816365336934334,-3.5677257667701,-1.790226067639766
49.0,147.0,1006.7760620117188,-2.7513774480153352,-3.0835694161087472,0.7504702103665593,3.627748312829487,-0.3410041119450659,2.280619847173962,-0.7703517836347802,2.4816365336934334,-3.5677257667704323,-1.790226067639766
49.0,147.0,1006.7760620117188,-2.7513891973528963,-3.0835692694509462,0.7504702103665593,3.627748507044335,-0.341004111944066,2.280615191566161,-0.7703517820247182,2.4816365336934334,-3.5677257667703577,-1.790226067639766
49.0,147.0,1006.7760620117188,-2.75137786494958,-3.083569319321926,0.7504702103665593,3.6277485181000526,-0.34100411194388,2.280613334841726,-0.7703517971748934,2.481636533693468,-3.5677257667706908,-1.790226067639766
49.0,147.0,1006.7760620117188,-2.75137786494958,-3.0835693187933284,0.7504702103665593,3.627748549695859,-0.3410041119400668,2.280613334841726,-0.7703517971748934,2.481636533693468,-3.5677257667706908,-1.790226067639766
49.0,147.0,1006.7760620117188,-2.75137799183505,-3.0835693187933284,0.7504702103665593,3.627748549695859,-0.3410041119397954,2.280620290907224,-0.7703517969459106,2.4816365336934334,-3.5677257667701,-1.790226067639766
49.0,147.0,1006.7760620117188,-2.7513778650194984,-3.083568583949573,0.7504702103665593,3.627748504981189,-0.3410041119400098,2.2806199135794434,-0.7703517835506912,2.4816365336934685,-3.567725766770067,-1.790226067639766
49.0,147.0,1006.7760620117188,-2.751388223473793,-3.0835680497431235,0.7504702103665593,3.627748548500165,-0.3410041119441672,2.2806215220986936,-0.7703517964824327,2.4816365336934334,-3.5677257667701205,-1.790226067639766
49.0,147.0,1006.7760620117188,-2.751377273201935,-3.0835693187932303,0.7504702103665593,3.6277485424707416,-0.3410041119440636,2.280620262026629,-0.7703517808277521,2.4816365336934663,-3.5677257667701,-1.790226067639766
49.0,147.0,1006.7760620117188,-2.75137738708674,-3.0835680497431235,0.7504702103665593,3.6277485485177294,-0.3410041119402149,2.280613067788936,-0.7703517964801011,2.4816365336934334,-3.5677257667707285,-1.790226067639766
49.0,147.0,1006.7760620117188,-2.751388180392828,-3.0835693193383937,0.7504702103665593,3.6277485152736975,-0.3410041119441672,2.280620568692822,-0.7703517978107245,2.4816365336934334,-3.5677257667703577,-1.790226067639766
49.0,147.0,1006.7760620117188,-2.7513778650194984,-3.083568583949573,0.7504702103665593,3.627748504981189,-0.3410041119400098,2.2806199135794434,-0.7703517835506912,2.4816365336934685,-3.567725766770067,-1.790226067639766
49.0,147.0,1006.7760620117188,-2.751377448935875,-3.0835694145645305,0.7504702103665593,3.627748313985847,-0.3410041119450659,2.280619847173962,-0.7703517837353705,2.481636533693432,-3.5677257667704527,-1.790226067639766
49.0,147.0,1006.7760620117188,-2.751388223473793,-3.0835693187933284,0.7504702103665593,3.627748549614573,-0.3410041119448943,2.280622929419383,-0.7703517954547302,2.4816365336934334,-3.5677257667703577,-1.790226067639766
49.0,147.0,1006.7760620117188,-2.7513788802127825,-3.083569317293106,0.7504702103665593,3.6277483123715952,-0.3410041119451283,2.2806229359921155,-0.7703517839993878,2.4816365336934334,-3.5677257667706326,-1.790226067639766
49.0,147.0,1006.7760620117188,-2.7513890564871986,-3.083569316482167,0.7504702103665593,3.6277485181000526,-0.34100411194388,2.280613287645195,-0.7703517974633471,2.481636533693468,-3.567725766770698,-1.790226067639766
49.0,147.0,1006.7760620117188,-2.7513780498639844,-3.0835693187933284,0.7504702103665593,3.627748549695859,-0.3410041119399182,2.2806204761759203,-0.7703517969459106,2.4816365336934334,-3.5677257667701,-1.790226067639766
49.0,147.0,1006.7760620117188,-2.7513887013366327,-3.0835693187933284,0.7504702103665593,3.6277485496782944,-0.341004111944019,2.280621789151484,-0.770351797177225,2.481636533693468,-3.567725766770083,-1.790226067639766
49.0,147.0,1006.7760620117188,-2.751377273201935,-3.0835693170197747,0.7504702103665593,3.62774853434305,-0.3410041119440734,2.280622720735064,-0.7703517808277521,2.4816365336934663,-3.567725766770109,-1.790226067639766
49.0,147.0,1006.7760620117188,-2.7513891973528963,-3.0835692694509462,0.7504702103665593,3.627748507044335,-0.3410041119440564,2.280615191566161,-0.7703517836491344,2.4816365336934334,-3.567725766770624,-1.790226067639766
49.0,147.0,1006.7760620117188,-2.75137786494958,-3.0835693187933284,0.7504702103665593,3.627748549695859,-0.3410041119437028,2.280613334841726,-0.7703517971748934,2.481636533693468,-3.5677257667706908,-1.790226067639766
49.0,147.0,1006.7760620117188,-2.751388463399668,-3.0835693193226352,0.7504702103665593,3.627748514398228,-0.3410041119399451,2.280619673660264,-0.7703517814871831,2.4816365336934334,-3.5677257667703577,-1.790226067639766
49.0,147.0,1006.7760620117188,-2.7513891663841625,-3.083569318949215,0.7504702103665593,3.627748549695859,-0.341004111944066,2.280615191566161,-0.7703517969072398,2.4816365336934334,-3.5677257667703577,-1.790226067639766
49.0,147.0,1006.7760620117188,-2.75137786494958,-3.0835693187933284,0.7504702103665593,3.627748549695859,-0.3410041119400668,2.280613334841726,-0.7703517971748934,2.481636533693468,-3.5677257667706908,-1.790226067639766
49.0,147.0,1006.7760620117188,-2.751377864596694,-3.083568583949573,0.7504702103665593,3.627748504981189,-0.3410041119397929,2.2806199135794434,-0.7703517835526579,2.481636533693433,-3.567725766770067,-1.790226067639766
49.0,147.0,1006.7760620117188,-2.7513777254595406,-3.083569320576305,0.7504702103665593,3.6277483110345226,-0.34100411194523,2.2806116951943247,-0.7703517815639335,2.4816365336934334,-3.567725766770313,-1.790226067639766
49.0,147.0,1006.7760620117188,-2.751388223473793,-3.08356941760897,0.7504702103665593,3.627748549695859,-0.341004111944066,2.280615191566161,-0.7703517966032704,2.4816365336934334,-3.5677257667703577,-1.790226067639766
49.0,147.0,1006.7760620117188,-2.7513780498639844,-3.0835693187933284,0.7504702103665593,3.627748549695859,-0.3410041119399182,2.2806204761759203,-0.7703517969459106,2.4816365336934334,-3.5677257667701,-1.790226067639766
49.0,147.0,1006.7760620117188,-2.7513886035707498,-3.0835693187933284,0.7504702103665593,3.627748549614573,-0.3410041119448943,2.280622929419383,-0.7703517968482939,2.4816365336934334,-3.567725766770358,-1.790226067639766
49.0,147.0,1006.7760620117188,-2.7513777254595406,-3.083569320576305,0.7504702103665593,3.627748550573877,-0.3410041119401518,2.2806116951943247,-0.7703517815639335,2.4816365336934334,-3.5677257667703035,-1.790226067639766
49.0,147.0,1006.7760620117188,-2.751388718598881,-3.0835693187933284,0.7504702103665593,3.6277485496782944,-0.3410041119441657,2.28062057941505,-0.770351797177225,2.481636533693468,-3.5677257667702427,-1.790226067639766
49.0,147.0,1006.7760620117188,-2.7513780657696554,-3.0835680378074493,0.7504702103665593,3.627748549695859,-0.3410041119398991,2.2806204761759203,-0.7703517969200822,2.4816365336934334,-3.567725766770702,-1.790226067639766
49.0,147.0,1006.7760620117188,-2.751388380755965,-3.0835693187933284,0.7504702103665593,3.627748549614386,-0.3410041119445746,2.280613598824812,-0.7703517970076047,2.4816365336934334,-3.5677257667703577,-1.790226067639766
49.0,147.0,1006.7760620117188,-2.751377864946858,-3.083568583949573,0.7504702103665593,3.627748504981189,-0.3410041119400098,2.2806135005307646,-0.770351784090008,2.4816365336934685,-3.5677257667706592,-1.790226067639766
49.0,147.0,1006.7760620117188,-2.751388463399668,-3.0835693193226352,0.7504702103665593,3.627748514398228,-0.3410041119399451,2.280619673660264,-0.7703517814871831,2.4816365336934334,-3.5677257667703577,-1.790226067639766
49.0,147.0,1006.7760620117188,-2.75137737500952,-3.083569320682247,0.7504702103665593,3.627748555912484,-0.341004111939956,2.2806204761759203,-0.7703517971792055,2.4816365336934334,-3.567725766770095,-1.790226067639766
49.0,147.0,1006.7760620117188,-2.7513891663841625,-3.083569318949215,0.7504702103665593,3.6277482998149937,-0.341004111944066,2.280615191566161,-0.7703517969072398,2.4816365336934334,-3.5677257667703577,-1.790226067639766
49.0,147.0,1006.7760620117188,-2.751377273201935,-3.083568032087617,0.7504702103665593,3.627748534601251,-0.341004111944175,2.280622767004586,-0.7703517808277521,2.481636533693468,-3.567725766770109,-1.790226067639766
49.0,147.0,1006.7760620117188,-2.7513778650194984,-3.083568546029276,0.7504702103665593,3.627748504981189,-0.3410041119400098,2.280611700029564,-0.7703517815648804,2.4816365336934685,-3.567725766770067,-1.790226067639766
49.0,148.0,1006.7760620117188,-2.751388223473793,-3.0835693187933284,0.7504702103665593,3.627748549695859,-0.341004111944066,2.280615191566161,-0.7703517969459106,2.4816365336934334,-3.5677257667703577,-1.790226067639766
49.0,148.0,1006.7760620117188,-2.7513780498639844,-3.0835693187933284,0.7504702103665593,3.627748549695859,-0.3410041119399182,2.2806204761759203,-0.7703517969459106,2.4816365336934334,-3.5677257667701,-1.790226067639766
49.0,148.0,1006.7760620117188,-2.7513780498639844,-3.0835693187933284,0.7504702103665593,3.627748549695859,-0.3410041119399182,2.2806204761759203,-0.7703517969459106,2.4816365336934334,-3.5677257667701,-1.790226067639766
49.0,148.0,1006.7760620117188,-2.751388223473793,-3.0835693187933284,0.7504702103665593,3.627748549614573,-0.3410041119441672,2.280620568692822,-0.7703517970076047,2.4816365336934334,-3.5677257667703577,-1.790226067639766
49.0,148.0,1006.7760620117188,-2.7513774480153352,-3.0835694161087472,0.7504702103665593,3.62774831825964,-0.3410041119451283,2.2806229359921155,-0.7703517836347802,2.4816365336934334,-3.567725766770425,-1.790226067639766
49.0,148.0,1006.7760620117188,-2.75137786494958,-3.0835693187933284,0.7504702103665593,3.627748549695859,-0.3410041119400668,2.280613334841726,-0.7703517971748934,2.481636533693468,-3.5677257667706908,-1.790226067639766
49.0,148.0,1006.7760620117188,-2.7513891973528963,-3.0835692694509462,0.7504702103665593,3.627748507044335,-0.341004111944066,2.280615191566161,-0.7703517820247182,2.4816365336934334,-3.5677257667703577,-1.790226067639766
49.0,148.0,1006.7760620117188,-2.751388223473793,-3.0835693187933284,0.7504702103665593,3.627748549614573,-0.3410041119441672,2.280620568692822,-0.770351782384616,2.481636533693467,-3.567725766764573,-1.790226067639766
49.0,148.0,1006.7760620117188,-2.7513780498639844,-3.0835693187933284,0.7504702103665593,3.627748549695859,-0.3410041119399182,2.2806204761759203,-0.7703517969459106,2.4816365336934334,-3.5677257667701,-1.790226067639766
49.0,148.0,1006.7760620117188,-2.7513788802127825,-3.0835694161087472,0.7504702103665593,3.6277483123715952,-0.3410041119451283,2.2806229359921155,-0.7703517836567474,2.4816365336934334,-3.5677257667706326,-1.790226067639766
49.0,148.0,1006.7760620117188,-2.751388223473793,-3.083569318814585,0.7504702103665593,3.6277485586758953,-0.3410041119441672,2.280620568692822,-0.770351782384616,2.481636533693467,-3.567725766764573,-1.790226067639766
49.0,148.0,1006.7760620117188,-2.7513780498639844,-3.0835680378074493,0.7504702103665593,3.627748549695859,-0.3410041119399182,2.2806204761759203,-0.7703517969087601,2.4816365336934334,-3.5677257667701,-1.790226067639766
49.0,148.0,1006.7760620117188,-2.7513774480153352,-3.0835694161087472,0.7504702103665593,3.627748312829487,-0.3410041119450659,2.280619847173962,-0.7703517836347802,2.4816365336934334,-3.5677257667704323,-1.790226067639766
49.0,148.0,1006.7760620117188,-2.7513891973528963,-3.0835692694509462,0.7504702103665593,3.627748507044335,-0.341004111944066,2.280615191566161,-0.7703517820247182,2.4816365336934334,-3.5677257667703577,-1.790226067639766
49.0,148.0,1006.7760620117188,-2.75137786494958,-3.083569319321926,0.7504702103665593,3.6277485181000526,-0.34100411194388,2.280613334841726,-0.7703517971748934,2.481636533693468,-3.5677257667706908,-1.790226067639766
49.0,148.0,1006.7760620117188,-2.75137786494958,-3.0835693187933284,0.7504702103665593,3.627748549695859,-0.3410041119400668,2.280613334841726,-0.7703517971748934,2.481636533693468,-3.5677257667706908,-1.790226067639766
49.0,148.0,1006.7760620117188,-2.75137799183505,-3.0835693187933284,0.7504702103665593,3.627748549695859,-0.3410041119397954,2.280620290907224,-0.7703517969459106,2.4816365336934334,-3.5677257667701,-1.790226067639766
49.0,148.0,1006.7760620117188,-2.7513778650194984,-3.083568583949573,0.7504702103665593,3.627748504981189,-0.3410041119400098,2.2806199135794434,-0.7703517835506912,2.4816365336934685,-3.567725766770067,-1.790226067639766
49.0,148.0,1006.7760620117188,-2.751388223473793,-3.0835680497431235,0.7504702103665593,3.627748548500165,-0.3410041119441672,2.2806215220986936,-0.7703517964824327,2.4816365336934334,-3.5677257667701205,-1.790226067639766
49.0,148.0,1006.7760620117188,-2.751377273201935,-3.0835693187932303,0.7504702103665593,3.6277485424707416,-0.3410041119440636,2.280620262026629,-0.7703517808277521,2.4816365336934663,-3.5677257667701,-1.790226067639766
49.0,148.0,1006.7760620117188,-2.75137738708674,-3.0835680497431235,0.7504702103665593,3.6277485485177294,-0.3410041119402149,2.280613067788936,-0.7703517964801011,2.4816365336934334,-3.5677257667707285,-1.790226067639766
49.0,148.0,1006.7760620117188,-2.751388180392828,-3.0835693193383937,0.7504702103665593,3.6277485152736975,-0.3410041119441672,2.280620568692822,-0.7703517978107245,2.4816365336934334,-3.5677257667703577,-1.790226067639766
49.0,148.0,1006.7760620117188,-2.7513778650194984,-3.083568583949573,0.7504702103665593,3.627748504981189,-0.3410041119400098,2.2806199135794434,-0.7703517835506912,2.4816365336934685,-3.567725766770067,-1.790226067639766
49.0,148.0,1006.7760620117188,-2.751377448935875,-3.0835694145645305,0.7504702103665593,3.627748313985847,-0.3410041119450659,2.280619847173962,-0.7703517837353705,2.481636533693432,-3.5677257667704527,-1.790226067639766
49.0,148.0,1006.7760620117188,-2.751388223473793,-3.0835693187933284,0.7504702103665593,3.627748549614573,-0.3410041119448943,2.280622929419383,-0.7703517954547302,2.4816365336934334,-3.5677257667703577,-1.790226067639766
49.0,148.0,1006.7760620117188,-2.7513788802127825,-3.083569317293106,0.7504702103665593,3.6277483123715952,-0.3410041119451283,2.2806229359921155,-0.7703517839993878,2.4816365336934334,-3.5677257667706326,-1.790226067639766
49.0,148.0,1006.7760620117188,-2.7513890564871986,-3.083569316482167,0.7504702103665593,3.6277485181000526,-0.34100411194388,2.280613287645195,-0.7703517974633471,2.481636533693468,-3.567725766770698,-1.790226067639766
49.0,148.0,1006.7760620117188,-2.7513780498639844,-3.0835693187933284,0.7504702103665593,3.627748549695859,-0.3410041119399182,2.2806204761759203,-0.7703517969459106,2.4816365336934334,-3.5677257667701,-1.790226067639766
49.0,148.0,1006.7760620117188,-2.7513887013366327,-3.0835693187933284,0.7504702103665593,3.6277485496782944,-0.341004111944019,2.280621789151484,-0.770351797177225,2.481636533693468,-3.567725766770083,-1.790226067639766
49.0,148.0,1006.7760620117188,-2.751377273201935,-3.0835693170197747,0.7504702103665593,3.62774853434305,-0.3410041119440734,2.280622720735064,-0.7703517808277521,2.4816365336934663,-3.567725766770109,-1.790226067639766
49.0,148.0,1006.7760620117188,-2.7513891973528963,-3.0835692694509462,0.7504702103665593,3.627748507044335,-0.3410041119440564,2.280615191566161,-0.7703517836491344,2.4816365336934334,-3.567725766770624,-1.790226067639766
49.0,148.0,1006.7760620117188,-2.75137786494958,-3.0835693187933284,0.7504702103665593,3.627748549695859,-0.3410041119437028,2.280613334841726,-0.7703517971748934,2.481636533693468,-3.5677257667706908,-1.790226067639766
49.0,148.0,1006.7760620117188,-2.751388463399668,-3.0835693193226352,0.7504702103665593,3.627748514398228,-0.3410041119399451,2.280619673660264,-0.7703517814871831,2.4816365336934334,-3.5677257667703577,-1.790226067639766
49.0,148.0,1006.7760620117188,-2.7513891663841625,-3.083569318949215,0.7504702103665593,3.627748549695859,-0.341004111944066,2.280615191566161,-0.7703517969072398,2.4816365336934334,-3.5677257667703577,-1.790226067639766
49.0,148.0,1006.7760620117188,-2.75137786494958,-3.0835693187933284,0.7504702103665593,3.627748549695859,-0.3410041119400668,2.280613334841726,-0.7703517971748934,2.481636533693468,-3.5677257667706908,-1.790226067639766
49.0,148.0,1006.7760620117188,-2.751377864596694,-3.083568583949573,0.7504702103665593,3.627748504981189,-0.3410041119397929,2.2806199135794434,-0.7703517835526579,2.481636533693433,-3.567725766770067,-1.790226067639766
49.0,148.0,1006.7760620117188,-2.7513777254595406,-3.083569320576305,0.7504702103665593,3.6277483110345226,-0.34100411194523,2.2806116951943247,-0.7703517815639335,2.4816365336934334,-3.567725766770313,-1.790226067639766
49.0,148.0,1006.7760620117188,-2.751388223473793,-3.08356941760897,0.7504702103665593,3.627748549695859,-0.341004111944066,2.280615191566161,-0.7703517966032704,2.4816365336934334,-3.5677257667703577,-1.790226067639766
49.0,148.0,1006.7760620117188,-2.7513780498639844,-3.0835693187933284,0.7504702103665593,3.627748549695859,-0.3410041119399182,2.2806204761759203,-0.7703517969459106,2.4816365336934334,-3.5677257667701,-1.790226067639766
49.0,148.0,1006.7760620117188,-2.7513886035707498,-3.0835693187933284,0.7504702103665593,3.627748549614573,-0.3410041119448943,2.280622929419383,-0.7703517968482939,2.4816365336934334,-3.567725766770358,-1.790226067639766
49.0,148.0,1006.7760620117188,-2.7513777254595406,-3.083569320576305,0.7504702103665593,3.627748550573877,-0.3410041119401518,2.2806116951943247,-0.7703517815639335,2.4816365336934334,-3.5677257667703035,-1.790226067639766
49.0,148.0,1006.7760620117188,-2.751388718598881,-3.0835693187933284,0.7504702103665593,3.6277485496782944,-0.3410041119441657,2.28062057941505,-0.770351797177225,2.481636533693468,-3.5677257667702427,-1.790226067639766
49.0,148.0,1006.7760620117188,-2.7513780657696554,-3.0835680378074493,0.7504702103665593,3.627748549695859,-0.3410041119398991,2.2806204761759203,-0.7703517969200822,2.4816365336934334,-3.567725766770702,-1.790226067639766
49.0,148.0,1006.7760620117188,-2.751388380755965,-3.0835693187933284,0.7504702103665593,3.627748549614386,-0.3410041119445746,2.280613598824812,-0.7703517970076047,2.4816365336934334,-3.5677257667703577,-1.790226067639766
49.0,148.0,1006.7760620117188,-2.751377864946858,-3.083568583949573,0.7504702103665593,3.627748504981189,-0.3410041119400098,2.2806135005307646,-0.770351784090008,2.4816365336934685,-3.5677257667706592,-1.790226067639766
49.0,148.0,1006.7760620117188,-2.751388463399668,-3.0835693193226352,0.7504702103665593,3.627748514398228,-0.3410041119399451,2.280619673660264,-0.7703517814871831,2.4816365336934334,-3.5677257667703577,-1.790226067639766
49.0,148.0,1006.7760620117188,-2.75137737500952,-3.083569320682247,0.7504702103665593,3.627748555912484,-0.341004111939956,2.2806204761759203,-0.7703517971792055,2.4816365336934334,-3.567725766770095,-1.790226067639766
49.0,148.0,1006.7760620117188,-2.7513891663841625,-3.083569318949215,0.7504702103665593,3.6277482998149937,-0.341004111944066,2.280615191566161,-0.7703517969072398,2.4816365336934334,-3.5677257667703577,-1.790226067639766
49.0,148.0,1006.7760620117188,-2.751377273201935,-3.083568032087617,0.7504702103665593,3.627748534601251,-0.341004111944175,2.280622767004586,-0.7703517808277521,2.481636533693468,-3.567725766770109,-1.790226067639766
49.0,148.0,1006.7760620117188,-2.7513778650194984,-3.083568546029276,0.7504702103665593,3.627748504981189,-0.3410041119400098,2.280611700029564,-0.7703517815648804,2.4816365336934685,-3.567725766770067,-1.790226067639766
49.0,149.0,1006.7760620117188,-2.751388223473793,-3.0835693187933284,0.7504702103665593,3.627748549695859,-0.341004111944066,2.280615191566161,-0.7703517969459106,2.4816365336934334,-3.5677257667703577,-1.790226067639766
49.0,149.0,1006.7760620117188,-2.7513780498639844,-3.0835693187933284,0.7504702103665593,3.627748549695859,-0.3410041119399182,2.2806204761759203,-0.7703517969459106,2.4816365336934334,-3.5677257667701,-1.790226067639766
49.0,149.0,1006.7760620117188,-2.7513780498639844,-3.0835693187933284,0.7504702103665593,3.627748549695859,-0.3410041119399182,2.2806204761759203,-0.7703517969459106,2.4816365336934334,-3.5677257667701,-1.790226067639766
49.0,149.0,1006.7760620117188,-2.751388223473793,-3.0835693187933284,0.7504702103665593,3.627748549614573,-0.3410041119441672,2.280620568692822,-0.7703517970076047,2.4816365336934334,-3.5677257667703577,-1.790226067639766
49.0,149.0,1006.7760620117188,-2.7513774480153352,-3.0835694161087472,0.7504702103665593,3.62774831825964,-0.3410041119451283,2.2806229359921155,-0.7703517836347802,2.4816365336934334,-3.567725766770425,-1.790226067639766
49.0,149.0,1006.7760620117188,-2.75137786494958,-3.0835693187933284,0.7504702103665593,3.627748549695859,-0.3410041119400668,2.280613334841726,-0.7703517971748934,2.481636533693468,-3.5677257667706908,-1.790226067639766
49.0,149.0,1006.7760620117188,-2.7513891973528963,-3.0835692694509462,0.7504702103665593,3.627748507044335,-0.341004111944066,2.280615191566161,-0.7703517820247182,2.4816365336934334,-3.5677257667703577,-1.790226067639766
49.0,149.0,1006.7760620117188,-2.751388223473793,-3.0835693187933284,0.7504702103665593,3.627748549614573,-0.3410041119441672,2.280620568692822,-0.770351782384616,2.481636533693467,-3.567725766764573,-1.790226067639766
49.0,149.0,1006.7760620117188,-2.7513780498639844,-3.0835693187933284,0.7504702103665593,3.627748549695859,-0.3410041119399182,2.2806204761759203,-0.7703517969459106,2.4816365336934334,-3.5677257667701,-1.790226067639766
49.0,149.0,1006.7760620117188,-2.7513788802127825,-3.0835694161087472,0.7504702103665593,3.6277483123715952,-0.3410041119451283,2.2806229359921155,-0.7703517836567474,2.4816365336934334,-3.5677257667706326,-1.790226067639766
49.0,149.0,1006.7760620117188,-2.751388223473793,-3.083569318814585,0.7504702103665593,3.6277485586758953,-0.3410041119441672,2.280620568692822,-0.770351782384616,2.481636533693467,-3.567725766764573,-1.790226067639766
49.0,149.0,1006.7760620117188,-2.7513780498639844,-3.0835680378074493,0.7504702103665593,3.627748549695859,-0.3410041119399182,2.2806204761759203,-0.7703517969087601,2.4816365336934334,-3.5677257667701,-1.790226067639766
49.0,149.0,1006.7760620117188,-2.7513774480153352,-3.0835694161087472,0.7504702103665593,3.627748312829487,-0.3410041119450659,2.280619847173962,-0.7703517836347802,2.4816365336934334,-3.5677257667704323,-1.790226067639766
49.0,149.0,1006.7760620117188,-2.7513891973528963,-3.0835692694509462,0.7504702103665593,3.627748507044335,-0.341004111944066,2.280615191566161,-0.7703517820247182,2.4816365336934334,-3.5677257667703577,-1.790226067639766
49.0,149.0,1006.7760620117188,-2.75137786494958,-3.083569319321926,0.7504702103665593,3.6277485181000526,-0.34100411194388,2.280613334841726,-0.7703517971748934,2.481636533693468,-3.5677257667706908,-1.790226067639766
49.0,149.0,1006.7760620117188,-2.75137786494958,-3.0835693187933284,0.7504702103665593,3.627748549695859,-0.3410041119400668,2.280613334841726,-0.7703517971748934,2.481636533693468,-3.5677257667706908,-1.790226067639766
49.0,149.0,1006.7760620117188,-2.75137799183505,-3.0835693187933284,0.7504702103665593,3.627748549695859,-0.3410041119397954,2.280620290907224,-0.7703517969459106,2.4816365336934334,-3.5677257667701,-1.790226067639766
49.0,149.0,1006.7760620117188,-2.7513778650194984,-3.083568583949573,0.7504702103665593,3.627748504981189,-0.3410041119400098,2.2806199135794434,-0.7703517835506912,2.4816365336934685,-3.567725766770067,-1.790226067639766
49.0,149.0,1006.7760620117188,-2.751388223473793,-3.0835680497431235,0.7504702103665593,3.627748548500165,-0.3410041119441672,2.2806215220986936,-0.7703517964824327,2.4816365336934334,-3.5677257667701205,-1.790226067639766
49.0,149.0,1006.7760620117188,-2.751377273201935,-3.0835693187932303,0.7504702103665593,3.6277485424707416,-0.3410041119440636,2.280620262026629,-0.7703517808277521,2.4816365336934663,-3.5677257667701,-1.790226067639766
49.0,149.0,1006.7760620117188,-2.75137738708674,-3.0835680497431235,0.7504702103665593,3.6277485485177294,-0.3410041119402149,2.280613067788936,-0.7703517964801011,2.4816365336934334,-3.5677257667707285,-1.790226067639766
49.0,149.0,1006.7760620117188,-2.751388180392828,-3.0835693193383937,0.7504702103665593,3.6277485152736975,-0.3410041119441672,2.280620568692822,-0.7703517978107245,2.4816365336934334,-3.5677257667703577,-1.790226067639766
49.0,149.0,1006.7760620117188,-2.7513778650194984,-3.083568583949573,0.7504702103665593,3.627748504981189,-0.3410041119400098,2.2806199135794434,-0.7703517835506912,2.4816365336934685,-3.567725766770067,-1.790226067639766
49.0,149.0,1006.7760620117188,-2.751377448935875,-3.0835694145645305,0.7504702103665593,3.627748313985847,-0.3410041119450659,2.280619847173962,-0.7703517837353705,2.481636533693432,-3.5677257667704527,-1.790226067639766
49.0,149.0,1006.7760620117188,-2.751388223473793,-3.0835693187933284,0.7504702103665593,3.627748549614573,-0.3410041119448943,2.280622929419383,-0.7703517954547302,2.4816365336934334,-3.5677257667703577,-1.790226067639766
49.0,149.0,1006.7760620117188,-2.7513788802127825,-3.083569317293106,0.7504702103665593,3.6277483123715952,-0.3410041119451283,2.2806229359921155,-0.7703517839993878,2.4816365336934334,-3.5677257667706326,-1.790226067639766
49.0,149.0,1006.7760620117188,-2.7513890564871986,-3.083569316482167,0.7504702103665593,3.6277485181000526,-0.34100411194388,2.280613287645195,-0.7703517974633471,2.481636533693468,-3.567725766770698,-1.790226067639766
49.0,149.0,1006.7760620117188,-2.7513780498639844,-3.0835693187933284,0.7504702103665593,3.627748549695859,-0.3410041119399182,2.2806204761759203,-0.7703517969459106,2.4816365336934334,-3.5677257667701,-1.790226067639766
49.0,149.0,1006.7760620117188,-2.7513887013366327,-3.0835693187933284,0.7504702103665593,3.6277485496782944,-0.341004111944019,2.280621789151484,-0.770351797177225,2.481636533693468,-3.567725766770083,-1.790226067639766
49.0,149.0,1006.7760620117188,-2.751377273201935,-3.0835693170197747,0.7504702103665593,3.62774853434305,-0.3410041119440734,2.280622720735064,-0.7703517808277521,2.4816365336934663,-3.567725766770109,-1.790226067639766
49.0,149.0,1006.7760620117188,-2.7513891973528963,-3.0835692694509462,0.7504702103665593,3.627748507044335,-0.3410041119440564,2.280615191566161,-0.7703517836491344,2.4816365336934334,-3.567725766770624,-1.790226067639766
49.0,149.0,1006.7760620117188,-2.75137786494958,-3.0835693187933284,0.7504702103665593,3.627748549695859,-0.3410041119437028,2.280613334841726,-0.7703517971748934,2.481636533693468,-3.5677257667706908,-1.790226067639766
49.0,149.0,1006.7760620117188,-2.751388463399668,-3.0835693193226352,0.7504702103665593,3.627748514398228,-0.3410041119399451,2.280619673660264,-0.7703517814871831,2.4816365336934334,-3.5677257667703577,-1.790226067639766
49.0,149.0,1006.7760620117188,-2.7513891663841625,-3.083569318949215,0.7504702103665593,3.627748549695859,-0.341004111944066,2.280615191566161,-0.7703517969072398,2.4816365336934334,-3.5677257667703577,-1.790226067639766
49.0,149.0,1006.7760620117188,-2.75137786494958,-3.0835693187933284,0.7504702103665593,3.627748549695859,-0.3410041119400668,2.280613334841726,-0.7703517971748934,2.481636533693468,-3.5677257667706908,-1.790226067639766
49.0,149.0,1006.7760620117188,-2.751377864596694,-3.083568583949573,0.7504702103665593,3.627748504981189,-0.3410041119397929,2.2806199135794434,-0.7703517835526579,2.481636533693433,-3.567725766770067,-1.790226067639766
49.0,149.0,1006.7760620117188,-2.7513777254595406,-3.083569320576305,0.7504702103665593,3.6277483110345226,-0.34100411194523,2.2806116951943247,-0.7703517815639335,2.4816365336934334,-3.567725766770313,-1.790226067639766
49.0,149.0,1006.7760620117188,-2.751388223473793,-3.08356941760897,0.7504702103665593,3.627748549695859,-0.341004111944066,2.280615191566161,-0.7703517966032704,2.4816365336934334,-3.5677257667703577,-1.790226067639766
49.0,149.0,1006.7760620117188,-2.7513780498639844,-3.0835693187933284,0.7504702103665593,3.627748549695859,-0.3410041119399182,2.2806204761759203,-0.7703517969459106,2.4816365336934334,-3.5677257667701,-1.790226067639766
49.0,149.0,1006.7760620117188,-2.7513886035707498,-3.0835693187933284,0.7504702103665593,3.627748549614573,-0.3410041119448943,2.280622929419383,-0.7703517968482939,2.4816365336934334,-3.567725766770358,-1.790226067639766
49.0,149.0,1006.7760620117188,-2.7513777254595406,-3.083569320576305,0.7504702103665593,3.627748550573877,-0.3410041119401518,2.2806116951943247,-0.7703517815639335,2.4816365336934334,-3.5677257667703035,-1.790226067639766
49.0,149.0,1006.7760620117188,-2.751388718598881,-3.0835693187933284,0.7504702103665593,3.6277485496782944,-0.3410041119441657,2.28062057941505,-0.770351797177225,2.481636533693468,-3.5677257667702427,-1.790226067639766
49.0,149.0,1006.7760620117188,-2.7513780657696554,-3.0835680378074493,0.7504702103665593,3.627748549695859,-0.3410041119398991,2.2806204761759203,-0.7703517969200822,2.4816365336934334,-3.567725766770702,-1.790226067639766
49.0,149.0,1006.7760620117188,-2.751388380755965,-3.0835693187933284,0.7504702103665593,3.627748549614386,-0.3410041119445746,2.280613598824812,-0.7703517970076047,2.4816365336934334,-3.5677257667703577,-1.790226067639766
49.0,149.0,1006.7760620117188,-2.751377864946858,-3.083568583949573,0.7504702103665593,3.627748504981189,-0.3410041119400098,2.2806135005307646,-0.770351784090008,2.4816365336934685,-3.5677257667706592,-1.790226067639766
49.0,149.0,1006.7760620117188,-2.751388463399668,-3.0835693193226352,0.7504702103665593,3.627748514398228,-0.3410041119399451,2.280619673660264,-0.7703517814871831,2.4816365336934334,-3.5677257667703577,-1.790226067639766
49.0,149.0,1006.7760620117188,-2.75137737500952,-3.083569320682247,0.7504702103665593,3.627748555912484,-0.341004111939956,2.2806204761759203,-0.7703517971792055,2.4816365336934334,-3.567725766770095,-1.790226067639766
49.0,149.0,1006.7760620117188,-2.7513891663841625,-3.083569318949215,0.7504702103665593,3.6277482998149937,-0.341004111944066,2.280615191566161,-0.7703517969072398,2.4816365336934334,-3.5677257667703577,-1.790226067639766
49.0,149.0,1006.7760620117188,-2.751377273201935,-3.083568032087617,0.7504702103665593,3.627748534601251,-0.341004111944175,2.280622767004586,-0.7703517808277521,2.481636533693468,-3.567725766770109,-1.790226067639766
49.0,149.0,1006.7760620117188,-2.7513778650194984,-3.083568546029276,0.7504702103665593,3.627748504981189,-0.3410041119400098,2.280611700029564,-0.7703517815648804,2.4816365336934685,-3.567725766770067,-1.790226067639766
49.0,150.0,1006.7679443359376,-2.751388947715616,-3.083569318800978,0.7504702103665593,3.6277485487394783,-0.348259350194642,2.280613334841726,-0.7703517971748934,2.481636533693468,-3.5677257667707023,-1.790226067639766
49.0,150.0,1006.7760620117188,-2.751388223473793,-3.0835693187933284,0.7504702103665593,3.627748549695859,-0.341004111944066,2.280615191566161,-0.7703517969459106,2.4816365336934334,-3.5677257667703577,-1.790226067639766
49.0,150.0,1006.7760620117188,-2.7513780498639844,-3.0835693187933284,0.7504702103665593,3.627748549695859,-0.3410041119399182,2.2806204761759203,-0.7703517969459106,2.4816365336934334,-3.5677257667701,-1.790226067639766
49.0,150.0,1006.7760620117188,-2.7513780498639844,-3.0835693187933284,0.7504702103665593,3.627748549695859,-0.3410041119399182,2.2806204761759203,-0.7703517969459106,2.4816365336934334,-3.5677257667701,-1.790226067639766
49.0,150.0,1006.7760620117188,-2.751388223473793,-3.0835693187933284,0.7504702103665593,3.627748549614573,-0.3410041119441672,2.280620568692822,-0.7703517970076047,2.4816365336934334,-3.5677257667703577,-1.790226067639766
49.0,150.0,1006.7760620117188,-2.7513774480153352,-3.0835694161087472,0.7504702103665593,3.62774831825964,-0.3410041119451283,2.2806229359921155,-0.7703517836347802,2.4816365336934334,-3.567725766770425,-1.790226067639766
49.0,150.0,1006.7760620117188,-2.75137786494958,-3.0835693187933284,0.7504702103665593,3.627748549695859,-0.3410041119400668,2.280613334841726,-0.7703517971748934,2.481636533693468,-3.5677257667706908,-1.790226067639766
49.0,150.0,1006.7760620117188,-2.7513891973528963,-3.0835692694509462,0.7504702103665593,3.627748507044335,-0.341004111944066,2.280615191566161,-0.7703517820247182,2.4816365336934334,-3.5677257667703577,-1.790226067639766
49.0,150.0,1006.7760620117188,-2.751388223473793,-3.0835693187933284,0.7504702103665593,3.627748549614573,-0.3410041119441672,2.280620568692822,-0.770351782384616,2.481636533693467,-3.567725766764573,-1.790226067639766
49.0,150.0,1006.7760620117188,-2.7513780498639844,-3.0835693187933284,0.7504702103665593,3.627748549695859,-0.3410041119399182,2.2806204761759203,-0.7703517969459106,2.4816365336934334,-3.5677257667701,-1.790226067639766
49.0,150.0,1006.7760620117188,-2.7513788802127825,-3.0835694161087472,0.7504702103665593,3.6277483123715952,-0.3410041119451283,2.2806229359921155,-0.7703517836567474,2.4816365336934334,-3.5677257667706326,-1.790226067639766
49.0,150.0,1006.7760620117188,-2.751388223473793,-3.083569318814585,0.7504702103665593,3.6277485586758953,-0.3410041119441672,2.280620568692822,-0.770351782384616,2.481636533693467,-3.567725766764573,-1.790226067639766
49.0,150.0,1006.7760620117188,-2.7513780498639844,-3.0835680378074493,0.7504702103665593,3.627748549695859,-0.3410041119399182,2.2806204761759203,-0.7703517969087601,2.4816365336934334,-3.5677257667701,-1.790226067639766
49.0,150.0,1006.7760620117188,-2.7513774480153352,-3.0835694161087472,0.7504702103665593,3.627748312829487,-0.3410041119450659,2.280619847173962,-0.7703517836347802,2.4816365336934334,-3.5677257667704323,-1.790226067639766
49.0,150.0,1006.7760620117188,-2.7513891973528963,-3.0835692694509462,0.7504702103665593,3.627748507044335,-0.341004111944066,2.280615191566161,-0.7703517820247182,2.4816365336934334,-3.5677257667703577,-1.790226067639766
49.0,150.0,1006.7760620117188,-2.75137786494958,-3.083569319321926,0.7504702103665593,3.6277485181000526,-0.34100411194388,2.280613334841726,-0.7703517971748934,2.481636533693468,-3.5677257667706908,-1.790226067639766
49.0,150.0,1006.7760620117188,-2.75137786494958,-3.0835693187933284,0.7504702103665593,3.627748549695859,-0.3410041119400668,2.280613334841726,-0.7703517971748934,2.481636533693468,-3.5677257667706908,-1.790226067639766
49.0,150.0,1006.7760620117188,-2.75137799183505,-3.0835693187933284,0.7504702103665593,3.627748549695859,-0.3410041119397954,2.280620290907224,-0.7703517969459106,2.4816365336934334,-3.5677257667701,-1.790226067639766
49.0,150.0,1006.7760620117188,-2.7513778650194984,-3.083568583949573,0.7504702103665593,3.627748504981189,-0.3410041119400098,2.2806199135794434,-0.7703517835506912,2.4816365336934685,-3.567725766770067,-1.790226067639766
49.0,150.0,1006.7760620117188,-2.751388223473793,-3.0835680497431235,0.7504702103665593,3.627748548500165,-0.3410041119441672,2.2806215220986936,-0.7703517964824327,2.4816365336934334,-3.5677257667701205,-1.790226067639766
49.0,150.0,1006.7760620117188,-2.751377273201935,-3.0835693187932303,0.7504702103665593,3.6277485424707416,-0.3410041119440636,2.280620262026629,-0.7703517808277521,2.4816365336934663,-3.5677257667701,-1.790226067639766
49.0,150.0,1006.7760620117188,-2.75137738708674,-3.0835680497431235,0.7504702103665593,3.6277485485177294,-0.3410041119402149,2.280613067788936,-0.7703517964801011,2.4816365336934334,-3.5677257667707285,-1.790226067639766
49.0,150.0,1006.7760620117188,-2.751388180392828,-3.0835693193383937,0.7504702103665593,3.6277485152736975,-0.3410041119441672,2.280620568692822,-0.7703517978107245,2.4816365336934334,-3.5677257667703577,-1.790226067639766
49.0,150.0,1006.7760620117188,-2.7513778650194984,-3.083568583949573,0.7504702103665593,3.627748504981189,-0.3410041119400098,2.2806199135794434,-0.7703517835506912,2.4816365336934685,-3.567725766770067,-1.790226067639766
49.0,150.0,1006.7760620117188,-2.751377448935875,-3.0835694145645305,0.7504702103665593,3.627748313985847,-0.3410041119450659,2.280619847173962,-0.7703517837353705,2.481636533693432,-3.5677257667704527,-1.790226067639766
49.0,150.0,1006.7760620117188,-2.751388223473793,-3.0835693187933284,0.7504702103665593,3.627748549614573,-0.3410041119448943,2.280622929419383,-0.7703517954547302,2.4816365336934334,-3.5677257667703577,-1.790226067639766
49.0,150.0,1006.7760620117188,-2.7513788802127825,-3.083569317293106,0.7504702103665593,3.6277483123715952,-0.3410041119451283,2.2806229359921155,-0.7703517839993878,2.4816365336934334,-3.5677257667706326,-1.790226067639766
49.0,150.0,1006.7760620117188,-2.7513890564871986,-3.083569316482167,0.7504702103665593,3.6277485181000526,-0.34100411194388,2.280613287645195,-0.7703517974633471,2.481636533693468,-3.567725766770698,-1.790226067639766
49.0,150.0,1006.7760620117188,-2.7513780498639844,-3.0835693187933284,0.7504702103665593,3.627748549695859,-0.3410041119399182,2.2806204761759203,-0.7703517969459106,2.4816365336934334,-3.5677257667701,-1.790226067639766
49.0,150.0,1006.7760620117188,-2.7513887013366327,-3.0835693187933284,0.7504702103665593,3.6277485496782944,-0.341004111944019,2.280621789151484,-0.770351797177225,2.481636533693468,-3.567725766770083,-1.790226067639766
49.0,150.0,1006.7760620117188,-2.751377273201935,-3.0835693170197747,0.7504702103665593,3.62774853434305,-0.3410041119440734,2.280622720735064,-0.7703517808277521,2.4816365336934663,-3.567725766770109,-1.790226067639766
49.0,150.0,1006.7760620117188,-2.7513891973528963,-3.0835692694509462,0.7504702103665593,3.627748507044335,-0.3410041119440564,2.280615191566161,-0.7703517836491344,2.4816365336934334,-3.567725766770624,-1.790226067639766
49.0,150.0,1006.7760620117188,-2.75137786494958,-3.0835693187933284,0.7504702103665593,3.627748549695859,-0.3410041119437028,2.280613334841726,-0.7703517971748934,2.481636533693468,-3.5677257667706908,-1.790226067639766
49.0,150.0,1006.7760620117188,-2.751388463399668,-3.0835693193226352,0.7504702103665593,3.627748514398228,-0.3410041119399451,2.280619673660264,-0.7703517814871831,2.4816365336934334,-3.5677257667703577,-1.790226067639766
49.0,150.0,1006.7760620117188,-2.7513891663841625,-3.083569318949215,0.7504702103665593,3.627748549695859,-0.341004111944066,2.280615191566161,-0.7703517969072398,2.4816365336934334,-3.5677257667703577,-1.790226067639766
49.0,150.0,1006.7760620117188,-2.75137786494958,-3.0835693187933284,0.7504702103665593,3.627748549695859,-0.3410041119400668,2.280613334841726,-0.7703517971748934,2.481636533693468,-3.5677257667706908,-1.790226067639766
49.0,150.0,1006.7760620117188,-2.751377864596694,-3.083568583949573,0.7504702103665593,3.627748504981189,-0.3410041119397929,2.2806199135794434,-0.7703517835526579,2.481636533693433,-3.567725766770067,-1.790226067639766
49.0,150.0,1006.7760620117188,-2.7513777254595406,-3.083569320576305,0.7504702103665593,3.6277483110345226,-0.34100411194523,2.2806116951943247,-0.7703517815639335,2.4816365336934334,-3.567725766770313,-1.790226067639766
49.0,150.0,1006.7760620117188,-2.751388223473793,-3.08356941760897,0.7504702103665593,3.627748549695859,-0.341004111944066,2.280615191566161,-0.7703517966032704,2.4816365336934334,-3.5677257667703577,-1.790226067639766
49.0,150.0,1006.7760620117188,-2.7513780498639844,-3.0835693187933284,0.7504702103665593,3.627748549695859,-0.3410041119399182,2.2806204761759203,-0.7703517969459106,2.4816365336934334,-3.5677257667701,-1.790226067639766
49.0,150.0,1006.7760620117188,-2.7513886035707498,-3.0835693187933284,0.7504702103665593,3.627748549614573,-0.3410041119448943,2.280622929419383,-0.7703517968482939,2.4816365336934334,-3.567725766770358,-1.790226067639766
49.0,150.0,1006.7760620117188,-2.7513777254595406,-3.083569320576305,0.7504702103665593,3.627748550573877,-0.3410041119401518,2.2806116951943247,-0.7703517815639335,2.4816365336934334,-3.5677257667703035,-1.790226067639766
49.0,150.0,1006.7760620117188,-2.751388718598881,-3.0835693187933284,0.7504702103665593,3.6277485496782944,-0.3410041119441657,2.28062057941505,-0.770351797177225,2.481636533693468,-3.5677257667702427,-1.790226067639766
49.0,150.0,1006.7760620117188,-2.7513780657696554,-3.0835680378074493,0.7504702103665593,3.627748549695859,-0.3410041119398991,2.2806204761759203,-0.7703517969200822,2.4816365336934334,-3.567725766770702,-1.790226067639766
49.0,150.0,1006.7760620117188,-2.751388380755965,-3.0835693187933284,0.7504702103665593,3.627748549614386,-0.3410041119445746,2.280613598824812,-0.7703517970076047,2.4816365336934334,-3.5677257667703577,-1.790226067639766
49.0,150.0,1006.7760620117188,-2.751377864946858,-3.083568583949573,0.7504702103665593,3.627748504981189,-0.3410041119400098,2.2806135005307646,-0.770351784090008,2.4816365336934685,-3.5677257667706592,-1.790226067639766
49.0,150.0,1006.7760620117188,-2.751388463399668,-3.0835693193226352,0.7504702103665593,3.627748514398228,-0.3410041119399451,2.280619673660264,-0.7703517814871831,2.4816365336934334,-3.5677257667703577,-1.790226067639766
49.0,150.0,1006.7760620117188,-2.75137737500952,-3.083569320682247,0.7504702103665593,3.627748555912484,-0.341004111939956,2.2806204761759203,-0.7703517971792055,2.4816365336934334,-3.567725766770095,-1.790226067639766
49.0,150.0,1006.7760620117188,-2.7513891663841625,-3.083569318949215,0.7504702103665593,3.6277482998149937,-0.341004111944066,2.280615191566161,-0.7703517969072398,2.4816365336934334,-3.5677257667703577,-1.790226067639766
49.0,150.0,1006.7760620117188,-2.751377273201935,-3.083568032087617,0.7504702103665593,3.627748534601251,-0.341004111944175,2.280622767004586,-0.7703517808277521,2.481636533693468,-3.567725766770109,-1.790226067639766
49.0,151.0,1006.7677001953124,-2.751388596872881,-3.0835693188010285,0.7504702103665593,3.627748549620739,-0.3479529563207647,2.280613334841726,-0.7703517971748934,2.4816365336934663,-3.567725766770685,-1.790226067639766
49.0,151.0,1006.7679443359376,-2.751388947715616,-3.083569318800978,0.7504702103665593,3.6277485487394783,-0.348259350194642,2.280613334841726,-0.7703517971748934,2.481636533693468,-3.5677257667707023,-1.790226067639766
49.0,151.0,1006.775146484375,-2.751378342677785,-3.0835693187932773,0.7504702103665593,3.627748548814598,-0.3413105058136728,2.280620290907224,-0.7703517969459106,2.4816365336934343,-3.567725766770117,-1.790226067639766
49.0,151.0,1006.7760620117188,-2.751388223473793,-3.0835693187933284,0.7504702103665593,3.627748549695859,-0.341004111944066,2.280615191566161,-0.7703517969459106,2.4816365336934334,-3.5677257667703577,-1.790226067639766
49.0,151.0,1006.7760620117188,-2.7513780498639844,-3.0835693187933284,0.7504702103665593,3.627748549695859,-0.3410041119399182,2.2806204761759203,-0.7703517969459106,2.4816365336934334,-3.5677257667701,-1.790226067639766
49.0,151.0,1006.7760620117188,-2.7513780498639844,-3.0835693187933284,0.7504702103665593,3.627748549695859,-0.3410041119399182,2.2806204761759203,-0.7703517969459106,2.4816365336934334,-3.5677257667701,-1.790226067639766
49.0,151.0,1006.7760620117188,-2.751388223473793,-3.0835693187933284,0.7504702103665593,3.627748549614573,-0.3410041119441672,2.280620568692822,-0.7703517970076047,2.4816365336934334,-3.5677257667703577,-1.790226067639766
49.0,151.0,1006.7760620117188,-2.7513774480153352,-3.0835694161087472,0.7504702103665593,3.62774831825964,-0.3410041119451283,2.2806229359921155,-0.7703517836347802,2.4816365336934334,-3.567725766770425,-1.790226067639766
49.0,151.0,1006.7760620117188,-2.75137786494958,-3.0835693187933284,0.7504702103665593,3.627748549695859,-0.3410041119400668,2.280613334841726,-0.7703517971748934,2.481636533693468,-3.5677257667706908,-1.790226067639766
49.0,151.0,1006.7760620117188,-2.7513891973528963,-3.0835692694509462,0.7504702103665593,3.627748507044335,-0.341004111944066,2.280615191566161,-0.7703517820247182,2.4816365336934334,-3.5677257667703577,-1.790226067639766
49.0,151.0,1006.7760620117188,-2.751388223473793,-3.0835693187933284,0.7504702103665593,3.627748549614573,-0.3410041119441672,2.280620568692822,-0.770351782384616,2.481636533693467,-3.567725766764573,-1.790226067639766
49.0,151.0,1006.7760620117188,-2.7513780498639844,-3.0835693187933284,0.7504702103665593,3.627748549695859,-0.3410041119399182,2.2806204761759203,-0.7703517969459106,2.4816365336934334,-3.5677257667701,-1.790226067639766
49.0,151.0,1006.7760620117188,-2.7513788802127825,-3.0835694161087472,0.7504702103665593,3.6277483123715952,-0.3410041119451283,2.2806229359921155,-0.7703517836567474,2.4816365336934334,-3.5677257667706326,-1.790226067639766
49.0,151.0,1006.7760620117188,-2.751388223473793,-3.083569318814585,0.7504702103665593,3.6277485586758953,-0.3410041119441672,2.280620568692822,-0.770351782384616,2.481636533693467,-3.567725766764573,-1.790226067639766
49.0,151.0,1006.7760620117188,-2.7513780498639844,-3.0835680378074493,0.7504702103665593,3.627748549695859,-0.3410041119399182,2.2806204761759203,-0.7703517969087601,2.4816365336934334,-3.5677257667701,-1.790226067639766
49.0,151.0,1006.7760620117188,-2.7513774480153352,-3.0835694161087472,0.7504702103665593,3.627748312829487,-0.3410041119450659,2.280619847173962,-0.7703517836347802,2.4816365336934334,-3.5677257667704323,-1.790226067639766
49.0,151.0,1006.7760620117188,-2.7513891973528963,-3.0835692694509462,0.7504702103665593,3.627748507044335,-0.341004111944066,2.280615191566161,-0.7703517820247182,2.4816365336934334,-3.5677257667703577,-1.790226067639766
49.0,151.0,1006.7760620117188,-2.75137786494958,-3.083569319321926,0.7504702103665593,3.6277485181000526,-0.34100411194388,2.280613334841726,-0.7703517971748934,2.481636533693468,-3.5677257667706908,-1.790226067639766
49.0,151.0,1006.7760620117188,-2.75137786494958,-3.0835693187933284,0.7504702103665593,3.627748549695859,-0.3410041119400668,2.280613334841726,-0.7703517971748934,2.481636533693468,-3.5677257667706908,-1.790226067639766
49.0,151.0,1006.7760620117188,-2.75137799183505,-3.0835693187933284,0.7504702103665593,3.627748549695859,-0.3410041119397954,2.280620290907224,-0.7703517969459106,2.4816365336934334,-3.5677257667701,-1.790226067639766
49.0,151.0,1006.7760620117188,-2.7513778650194984,-3.083568583949573,0.7504702103665593,3.627748504981189,-0.3410041119400098,2.2806199135794434,-0.7703517835506912,2.4816365336934685,-3.567725766770067,-1.790226067639766
49.0,151.0,1006.7760620117188,-2.751388223473793,-3.0835680497431235,0.7504702103665593,3.627748548500165,-0.3410041119441672,2.2806215220986936,-0.7703517964824327,2.4816365336934334,-3.5677257667701205,-1.790226067639766
49.0,151.0,1006.7760620117188,-2.751377273201935,-3.0835693187932303,0.7504702103665593,3.6277485424707416,-0.3410041119440636,2.280620262026629,-0.7703517808277521,2.4816365336934663,-3.5677257667701,-1.790226067639766
49.0,151.0,1006.7760620117188,-2.75137738708674,-3.0835680497431235,0.7504702103665593,3.6277485485177294,-0.3410041119402149,2.280613067788936,-0.7703517964801011,2.4816365336934334,-3.5677257667707285,-1.790226067639766
49.0,151.0,1006.7760620117188,-2.751388180392828,-3.0835693193383937,0.7504702103665593,3.6277485152736975,-0.3410041119441672,2.280620568692822,-0.7703517978107245,2.4816365336934334,-3.5677257667703577,-1.790226067639766
49.0,151.0,1006.7760620117188,-2.7513778650194984,-3.083568583949573,0.7504702103665593,3.627748504981189,-0.3410041119400098,2.2806199135794434,-0.7703517835506912,2.4816365336934685,-3.567725766770067,-1.790226067639766
49.0,151.0,1006.7760620117188,-2.751377448935875,-3.0835694145645305,0.7504702103665593,3.627748313985847,-0.3410041119450659,2.280619847173962,-0.7703517837353705,2.481636533693432,-3.5677257667704527,-1.790226067639766
49.0,151.0,1006.7760620117188,-2.751388223473793,-3.0835693187933284,0.7504702103665593,3.627748549614573,-0.3410041119448943,2.280622929419383,-0.7703517954547302,2.4816365336934334,-3.5677257667703577,-1.790226067639766
49.0,151.0,1006.7760620117188,-2.7513788802127825,-3.083569317293106,0.7504702103665593,3.6277483123715952,-0.3410041119451283,2.2806229359921155,-0.7703517839993878,2.4816365336934334,-3.5677257667706326,-1.790226067639766
49.0,151.0,1006.7760620117188,-2.7513890564871986,-3.083569316482167,0.7504702103665593,3.6277485181000526,-0.34100411194388,2.280613287645195,-0.7703517974633471,2.481636533693468,-3.567725766770698,-1.790226067639766
49.0,151.0,1006.7760620117188,-2.7513780498639844,-3.0835693187933284,0.7504702103665593,3.627748549695859,-0.3410041119399182,2.2806204761759203,-0.7703517969459106,2.4816365336934334,-3.5677257667701,-1.790226067639766
49.0,151.0,1006.7760620117188,-2.7513887013366327,-3.0835693187933284,0.7504702103665593,3.6277485496782944,-0.341004111944019,2.280621789151484,-0.770351797177225,2.481636533693468,-3.567725766770083,-1.790226067639766
49.0,151.0,1006.7760620117188,-2.751377273201935,-3.0835693170197747,0.7504702103665593,3.62774853434305,-0.3410041119440734,2.280622720735064,-0.7703517808277521,2.4816365336934663,-3.567725766770109,-1.790226067639766
49.0,151.0,1006.7760620117188,-2.7513891973528963,-3.0835692694509462,0.7504702103665593,3.627748507044335,-0.3410041119440564,2.280615191566161,-0.7703517836491344,2.4816365336934334,-3.567725766770624,-1.790226067639766
49.0,151.0,1006.7760620117188,-2.75137786494958,-3.0835693187933284,0.7504702103665593,3.627748549695859,-0.3410041119437028,2.280613334841726,-0.7703517971748934,2.481636533693468,-3.5677257667706908,-1.790226067639766
49.0,151.0,1006.7760620117188,-2.751388463399668,-3.0835693193226352,0.7504702103665593,3.627748514398228,-0.3410041119399451,2.280619673660264,-0.7703517814871831,2.4816365336934334,-3.5677257667703577,-1.790226067639766
49.0,151.0,1006.7760620117188,-2.7513891663841625,-3.083569318949215,0.7504702103665593,3.627748549695859,-0.341004111944066,2.280615191566161,-0.7703517969072398,2.4816365336934334,-3.5677257667703577,-1.790226067639766
49.0,151.0,1006.7760620117188,-2.75137786494958,-3.0835693187933284,0.7504702103665593,3.627748549695859,-0.3410041119400668,2.280613334841726,-0.7703517971748934,2.481636533693468,-3.5677257667706908,-1.790226067639766
49.0,151.0,1006.7760620117188,-2.751377864596694,-3.083568583949573,0.7504702103665593,3.627748504981189,-0.3410041119397929,2.2806199135794434,-0.7703517835526579,2.481636533693433,-3.567725766770067,-1.790226067639766
49.0,151.0,1006.7760620117188,-2.7513777254595406,-3.083569320576305,0.7504702103665593,3.6277483110345226,-0.34100411194523,2.2806116951943247,-0.7703517815639335,2.4816365336934334,-3.567725766770313,-1.790226067639766
49.0,151.0,1006.7760620117188,-2.751388223473793,-3.08356941760897,0.7504702103665593,3.627748549695859,-0.341004111944066,2.280615191566161,-0.7703517966032704,2.4816365336934334,-3.5677257667703577,-1.790226067639766
49.0,151.0,1006.7760620117188,-2.7513780498639844,-3.0835693187933284,0.7504702103665593,3.627748549695859,-0.3410041119399182,2.2806204761759203,-0.7703517969459106,2.4816365336934334,-3.5677257667701,-1.790226067639766
49.0,151.0,1006.7760620117188,-2.7513886035707498,-3.0835693187933284,0.7504702103665593,3.627748549614573,-0.3410041119448943,2.280622929419383,-0.7703517968482939,2.4816365336934334,-3.567725766770358,-1.790226067639766
49.0,151.0,1006.7760620117188,-2.7513777254595406,-3.083569320576305,0.7504702103665593,3.627748550573877,-0.3410041119401518,2.2806116951943247,-0.7703517815639335,2.4816365336934334,-3.5677257667703035,-1.790226067639766
49.0,151.0,1006.7760620117188,-2.751388718598881,-3.0835693187933284,0.7504702103665593,3.6277485496782944,-0.3410041119441657,2.28062057941505,-0.770351797177225,2.481636533693468,-3.5677257667702427,-1.790226067639766
49.0,151.0,1006.7760620117188,-2.7513780657696554,-3.0835680378074493,0.7504702103665593,3.627748549695859,-0.3410041119398991,2.2806204761759203,-0.7703517969200822,2.4816365336934334,-3.567725766770702,-1.790226067639766
49.0,151.0,1006.7760620117188,-2.751388380755965,-3.0835693187933284,0.7504702103665593,3.627748549614386,-0.3410041119445746,2.280613598824812,-0.7703517970076047,2.4816365336934334,-3.5677257667703577,-1.790226067639766
49.0,151.0,1006.7760620117188,-2.751377864946858,-3.083568583949573,0.7504702103665593,3.627748504981189,-0.3410041119400098,2.2806135005307646,-0.770351784090008,2.4816365336934685,-3.5677257667706592,-1.790226067639766
49.0,151.0,1006.7760620117188,-2.751388463399668,-3.0835693193226352,0.7504702103665593,3.627748514398228,-0.3410041119399451,2.280619673660264,-0.7703517814871831,2.4816365336934334,-3.5677257667703577,-1.790226067639766
49.0,151.0,1006.7760620117188,-2.75137737500952,-3.083569320682247,0.7504702103665593,3.627748555912484,-0.341004111939956,2.2806204761759203,-0.7703517971792055,2.4816365336934334,-3.567725766770095,-1.790226067639766
49.0,152.0,1006.767578125,-2.751388223473793,-3.0835693187935043,0.7504702103665593,3.627748548754682,-0.3477409409175915,2.280615191566161,-0.7703517971699454,2.4816365336934334,-3.5677257667703577,-1.790226067639766
49.0,152.0,1006.7677001953124,-2.751388596872881,-3.0835693188010285,0.7504702103665593,3.627748549620739,-0.3479529563207647,2.280613334841726,-0.7703517971748934,2.4816365336934663,-3.567725766770685,-1.790226067639766
49.0,152.0,1006.7679443359376,-2.751388947715616,-3.083569318800978,0.7504702103665593,3.6277485487394783,-0.348259350194642,2.280613334841726,-0.7703517971748934,2.481636533693468,-3.5677257667707023,-1.790226067639766
49.0,152.0,1006.7682495117188,-2.751388939200806,-3.0835693187933297,0.7504702103665593,3.627748549614573,-0.3485379613057116,2.280622963609296,-0.7703517972349462,2.481636533693436,-3.567725766770373,-1.790226067639766
49.0,152.0,1006.775146484375,-2.751378342677785,-3.0835693187932773,0.7504702103665593,3.627748548814598,-0.3413105058136728,2.280620290907224,-0.7703517969459106,2.4816365336934343,-3.567725766770117,-1.790226067639766
49.0,152.0,1006.775146484375,-2.7507004283857537,-3.083568112361684,0.7504702103665593,3.627748549620739,-0.341342505513563,2.280620565409764,-0.7703517969101971,2.4816365336934663,-3.567725766770685,-1.790226067639766
49.0,152.0,1006.7760620117188,-2.751388223473793,-3.0835693187933284,0.7504702103665593,3.627748549695859,-0.341004111944066,2.280615191566161,-0.7703517969459106,2.4816365336934334,-3.5677257667703577,-1.790226067639766
49.0,152.0,1006.7760620117188,-2.7513780498639844,-3.0835693187933284,0.7504702103665593,3.627748549695859,-0.3410041119399182,2.2806204761759203,-0.7703517969459106,2.4816365336934334,-3.5677257667701,-1.790226067639766
49.0,152.0,1006.7760620117188,-2.7513780498639844,-3.0835693187933284,0.7504702103665593,3.627748549695859,-0.3410041119399182,2.2806204761759203,-0.7703517969459106,2.4816365336934334,-3.5677257667701,-1.790226067639766
49.0,152.0,1006.7760620117188,-2.751388223473793,-3.0835693187933284,0.7504702103665593,3.627748549614573,-0.3410041119441672,2.280620568692822,-0.7703517970076047,2.4816365336934334,-3.5677257667703577,-1.790226067639766
49.0,152.0,1006.7760620117188,-2.7513774480153352,-3.0835694161087472,0.7504702103665593,3.62774831825964,-0.3410041119451283,2.2806229359921155,-0.7703517836347802,2.4816365336934334,-3.567725766770425,-1.790226067639766
49.0,152.0,1006.7760620117188,-2.75137786494958,-3.0835693187933284,0.7504702103665593,3.627748549695859,-0.3410041119400668,2.280613334841726,-0.7703517971748934,2.481636533693468,-3.5677257667706908,-1.790226067639766
49.0,152.0,1006.7760620117188,-2.7513891973528963,-3.0835692694509462,0.7504702103665593,3.627748507044335,-0.341004111944066,2.280615191566161,-0.7703517820247182,2.4816365336934334,-3.5677257667703577,-1.790226067639766
49.0,152.0,1006.7760620117188,-2.751388223473793,-3.0835693187933284,0.7504702103665593,3.627748549614573,-0.3410041119441672,2.280620568692822,-0.770351782384616,2.481636533693467,-3.567725766764573,-1.790226067639766
49.0,152.0,1006.7760620117188,-2.7513780498639844,-3.0835693187933284,0.7504702103665593,3.627748549695859,-0.3410041119399182,2.2806204761759203,-0.7703517969459106,2.4816365336934334,-3.5677257667701,-1.790226067639766
49.0,152.0,1006.7760620117188,-2.7513788802127825,-3.0835694161087472,0.7504702103665593,3.6277483123715952,-0.3410041119451283,2.2806229359921155,-0.7703517836567474,2.4816365336934334,-3.5677257667706326,-1.790226067639766
49.0,152.0,1006.7760620117188,-2.751388223473793,-3.083569318814585,0.7504702103665593,3.6277485586758953,-0.3410041119441672,2.280620568692822,-0.770351782384616,2.481636533693467,-3.567725766764573,-1.790226067639766
49.0,152.0,1006.7760620117188,-2.7513780498639844,-3.0835680378074493,0.7504702103665593,3.627748549695859,-0.3410041119399182,2.2806204761759203,-0.7703517969087601,2.4816365336934334,-3.5677257667701,-1.790226067639766
49.0,152.0,1006.7760620117188,-2.7513774480153352,-3.0835694161087472,0.7504702103665593,3.627748312829487,-0.3410041119450659,2.280619847173962,-0.7703517836347802,2.4816365336934334,-3.5677257667704323,-1.790226067639766
49.0,152.0,1006.7760620117188,-2.7513891973528963,-3.0835692694509462,0.7504702103665593,3.627748507044335,-0.341004111944066,2.280615191566161,-0.7703517820247182,2.4816365336934334,-3.5677257667703577,-1.790226067639766
49.0,152.0,1006.7760620117188,-2.75137786494958,-3.083569319321926,0.7504702103665593,3.6277485181000526,-0.34100411194388,2.280613334841726,-0.7703517971748934,2.481636533693468,-3.5677257667706908,-1.790226067639766
49.0,152.0,1006.7760620117188,-2.75137786494958,-3.0835693187933284,0.7504702103665593,3.627748549695859,-0.3410041119400668,2.280613334841726,-0.7703517971748934,2.481636533693468,-3.5677257667706908,-1.790226067639766
49.0,152.0,1006.7760620117188,-2.75137799183505,-3.0835693187933284,0.7504702103665593,3.627748549695859,-0.3410041119397954,2.280620290907224,-0.7703517969459106,2.4816365336934334,-3.5677257667701,-1.790226067639766
49.0,152.0,1006.7760620117188,-2.7513778650194984,-3.083568583949573,0.7504702103665593,3.627748504981189,-0.3410041119400098,2.2806199135794434,-0.7703517835506912,2.4816365336934685,-3.567725766770067,-1.790226067639766
49.0,152.0,1006.7760620117188,-2.751388223473793,-3.0835680497431235,0.7504702103665593,3.627748548500165,-0.3410041119441672,2.2806215220986936,-0.7703517964824327,2.4816365336934334,-3.5677257667701205,-1.790226067639766
49.0,152.0,1006.7760620117188,-2.751377273201935,-3.0835693187932303,0.7504702103665593,3.6277485424707416,-0.3410041119440636,2.280620262026629,-0.7703517808277521,2.4816365336934663,-3.5677257667701,-1.790226067639766
49.0,152.0,1006.7760620117188,-2.75137738708674,-3.0835680497431235,0.7504702103665593,3.6277485485177294,-0.3410041119402149,2.280613067788936,-0.7703517964801011,2.4816365336934334,-3.5677257667707285,-1.790226067639766
49.0,152.0,1006.7760620117188,-2.751388180392828,-3.0835693193383937,0.7504702103665593,3.6277485152736975,-0.3410041119441672,2.280620568692822,-0.7703517978107245,2.4816365336934334,-3.5677257667703577,-1.790226067639766
49.0,152.0,1006.7760620117188,-2.7513778650194984,-3.083568583949573,0.7504702103665593,3.627748504981189,-0.3410041119400098,2.2806199135794434,-0.7703517835506912,2.4816365336934685,-3.567725766770067,-1.790226067639766
49.0,152.0,1006.7760620117188,-2.751377448935875,-3.0835694145645305,0.7504702103665593,3.627748313985847,-0.3410041119450659,2.280619847173962,-0.7703517837353705,2.481636533693432,-3.5677257667704527,-1.790226067639766
49.0,152.0,1006.7760620117188,-2.751388223473793,-3.0835693187933284,0.7504702103665593,3.627748549614573,-0.3410041119448943,2.280622929419383,-0.7703517954547302,2.4816365336934334,-3.5677257667703577,-1.790226067639766
49.0,152.0,1006.7760620117188,-2.7513788802127825,-3.083569317293106,0.7504702103665593,3.6277483123715952,-0.3410041119451283,2.2806229359921155,-0.7703517839993878,2.4816365336934334,-3.5677257667706326,-1.790226067639766
49.0,152.0,1006.7760620117188,-2.7513890564871986,-3.083569316482167,0.7504702103665593,3.6277485181000526,-0.34100411194388,2.280613287645195,-0.7703517974633471,2.481636533693468,-3.567725766770698,-1.790226067639766
49.0,152.0,1006.7760620117188,-2.7513780498639844,-3.0835693187933284,0.7504702103665593,3.627748549695859,-0.3410041119399182,2.2806204761759203,-0.7703517969459106,2.4816365336934334,-3.5677257667701,-1.790226067639766
49.0,152.0,1006.7760620117188,-2.7513887013366327,-3.0835693187933284,0.7504702103665593,3.6277485496782944,-0.341004111944019,2.280621789151484,-0.770351797177225,2.481636533693468,-3.567725766770083,-1.790226067639766
49.0,152.0,1006.7760620117188,-2.751377273201935,-3.0835693170197747,0.7504702103665593,3.62774853434305,-0.3410041119440734,2.280622720735064,-0.7703517808277521,2.4816365336934663,-3.567725766770109,-1.790226067639766
49.0,152.0,1006.7760620117188,-2.7513891973528963,-3.0835692694509462,0.7504702103665593,3.627748507044335,-0.3410041119440564,2.280615191566161,-0.7703517836491344,2.4816365336934334,-3.567725766770624,-1.790226067639766
49.0,152.0,1006.7760620117188,-2.75137786494958,-3.0835693187933284,0.7504702103665593,3.627748549695859,-0.3410041119437028,2.280613334841726,-0.7703517971748934,2.481636533693468,-3.5677257667706908,-1.790226067639766
49.0,152.0,1006.7760620117188,-2.751388463399668,-3.0835693193226352,0.7504702103665593,3.627748514398228,-0.3410041119399451,2.280619673660264,-0.7703517814871831,2.4816365336934334,-3.5677257667703577,-1.790226067639766
49.0,152.0,1006.7760620117188,-2.7513891663841625,-3.083569318949215,0.7504702103665593,3.627748549695859,-0.341004111944066,2.280615191566161,-0.7703517969072398,2.4816365336934334,-3.5677257667703577,-1.790226067639766
49.0,152.0,1006.7760620117188,-2.75137786494958,-3.0835693187933284,0.7504702103665593,3.627748549695859,-0.3410041119400668,2.280613334841726,-0.7703517971748934,2.481636533693468,-3.5677257667706908,-1.790226067639766
49.0,152.0,1006.7760620117188,-2.751377864596694,-3.083568583949573,0.7504702103665593,3.627748504981189,-0.3410041119397929,2.2806199135794434,-0.7703517835526579,2.481636533693433,-3.567725766770067,-1.790226067639766
49.0,152.0,1006.7760620117188,-2.7513777254595406,-3.083569320576305,0.7504702103665593,3.6277483110345226,-0.34100411194523,2.2806116951943247,-0.7703517815639335,2.4816365336934334,-3.567725766770313,-1.790226067639766
49.0,152.0,1006.7760620117188,-2.751388223473793,-3.08356941760897,0.7504702103665593,3.627748549695859,-0.341004111944066,2.280615191566161,-0.7703517966032704,2.4816365336934334,-3.5677257667703577,-1.790226067639766
49.0,152.0,1006.7760620117188,-2.7513780498639844,-3.0835693187933284,0.7504702103665593,3.627748549695859,-0.3410041119399182,2.2806204761759203,-0.7703517969459106,2.4816365336934334,-3.5677257667701,-1.790226067639766
49.0,152.0,1006.7760620117188,-2.7513886035707498,-3.0835693187933284,0.7504702103665593,3.627748549614573,-0.3410041119448943,2.280622929419383,-0.7703517968482939,2.4816365336934334,-3.567725766770358,-1.790226067639766
49.0,152.0,1006.7760620117188,-2.7513777254595406,-3.083569320576305,0.7504702103665593,3.627748550573877,-0.3410041119401518,2.2806116951943247,-0.7703517815639335,2.4816365336934334,-3.5677257667703035,-1.790226067639766
49.0,152.0,1006.7760620117188,-2.751388718598881,-3.0835693187933284,0.7504702103665593,3.6277485496782944,-0.3410041119441657,2.28062057941505,-0.770351797177225,2.481636533693468,-3.5677257667702427,-1.790226067639766
49.0,152.0,1006.7760620117188,-2.7513780657696554,-3.0835680378074493,0.7504702103665593,3.627748549695859,-0.3410041119398991,2.2806204761759203,-0.7703517969200822,2.4816365336934334,-3.567725766770702,-1.790226067639766
49.0,152.0,1006.7760620117188,-2.751388380755965,-3.0835693187933284,0.7504702103665593,3.627748549614386,-0.3410041119445746,2.280613598824812,-0.7703517970076047,2.4816365336934334,-3.5677257667703577,-1.790226067639766
49.0,153.0,1006.767578125,-2.751388223473793,-3.0835693187935043,0.7504702103665593,3.627748548754682,-0.3477409409175915,2.280615191566161,-0.7703517971699454,2.4816365336934334,-3.5677257667703577,-1.790226067639766
49.0,153.0,1006.767578125,-2.751388223473793,-3.0835694134126683,0.7504702103665593,3.627748548754682,-0.3477409409175915,2.280614879711476,-0.7703517971699454,2.4816365336934334,-3.5677257667703577,-1.790226067639766
49.0,153.0,1006.7677001953124,-2.751388596872881,-3.0835693188010285,0.7504702103665593,3.627748549620739,-0.3479529563207647,2.280613334841726,-0.7703517971748934,2.4816365336934663,-3.567725766770685,-1.790226067639766
49.0,153.0,1006.7677612304688,-2.7513778926825103,-3.0835693188010285,0.7504702103665593,3.6277485496953097,-0.3479529563207647,2.280613334841726,-0.7703517971748934,2.4816365336934663,-3.567725766770685,-1.790226067639766
49.0,153.0,1006.7678833007812,-2.7513769495950715,-3.0835693187568283,0.7504702103665593,3.62774855363704,-0.3480822137347349,2.280613334841726,-0.770351781082734,2.481636533693468,-3.5677257667707023,-1.790226067639766
49.0,153.0,1006.7679443359376,-2.751388947715616,-3.083569318800978,0.7504702103665593,3.6277485487394783,-0.348259350194642,2.280613334841726,-0.7703517971748934,2.481636533693468,-3.5677257667707023,-1.790226067639766
49.0,153.0,1006.7682495117188,-2.751388939200806,-3.0835693187933297,0.7504702103665593,3.627748549614573,-0.3485379613057116,2.280622963609296,-0.7703517972349462,2.481636533693436,-3.567725766770373,-1.790226067639766
49.0,153.0,1006.7682495117188,-2.751388221825682,-3.0835693187933297,0.7504702103665593,3.627748549614573,-0.3485379613057116,2.280622963609296,-0.7703517972349462,2.481636533693436,-3.5677257667649003,-1.790226067639766
49.0,153.0,1006.7703857421876,-2.7507004283857537,-3.083568112361684,0.7504702103665593,3.627748549620739,-0.3479661157082211,2.280613408971902,-0.7703517969166755,2.4816365336934663,-3.567725766770685,-1.790226067639766
49.0,153.0,1006.775146484375,-2.751378342677785,-3.0835693187932773,0.7504702103665593,3.627748548814598,-0.3413105058136728,2.280620290907224,-0.7703517969459106,2.4816365336934343,-3.567725766770117,-1.790226067639766
49.0,153.0,1006.775146484375,-2.7507004283857537,-3.083568112361684,0.7504702103665593,3.627748549620739,-0.341342505513563,2.280620565409764,-0.7703517969101971,2.4816365336934663,-3.567725766770685,-1.790226067639766
49.0,153.0,1006.7755737304688,-2.7513897235800853,-3.083569320620455,0.7504702103665593,3.6277483061369606,-0.3411812484051372,2.2806116951943247,-0.7703517976560927,2.4816365336934334,-3.567725766770313,-1.790226067639766
49.0,153.0,1006.7760620117188,-2.751388223473793,-3.0835693187933284,0.7504702103665593,3.627748549695859,-0.341004111944066,2.280615191566161,-0.7703517969459106,2.4816365336934334,-3.5677257667703577,-1.790226067639766
49.0,153.0,1006.7760620117188,-2.7513780498639844,-3.0835693187933284,0.7504702103665593,3.627748549695859,-0.3410041119399182,2.2806204761759203,-0.7703517969459106,2.4816365336934334,-3.5677257667701,-1.790226067639766
49.0,153.0,1006.7760620117188,-2.7513780498639844,-3.0835693187933284,0.7504702103665593,3.627748549695859,-0.3410041119399182,2.2806204761759203,-0.7703517969459106,2.4816365336934334,-3.5677257667701,-1.790226067639766
49.0,153.0,1006.7760620117188,-2.751388223473793,-3.0835693187933284,0.7504702103665593,3.627748549614573,-0.3410041119441672,2.280620568692822,-0.7703517970076047,2.4816365336934334,-3.5677257667703577,-1.790226067639766
49.0,153.0,1006.7760620117188,-2.7513774480153352,-3.0835694161087472,0.7504702103665593,3.62774831825964,-0.3410041119451283,2.2806229359921155,-0.7703517836347802,2.4816365336934334,-3.567725766770425,-1.790226067639766
49.0,153.0,1006.7760620117188,-2.75137786494958,-3.0835693187933284,0.7504702103665593,3.627748549695859,-0.3410041119400668,2.280613334841726,-0.7703517971748934,2.481636533693468,-3.5677257667706908,-1.790226067639766
49.0,153.0,1006.7760620117188,-2.7513891973528963,-3.0835692694509462,0.7504702103665593,3.627748507044335,-0.341004111944066,2.280615191566161,-0.7703517820247182,2.4816365336934334,-3.5677257667703577,-1.790226067639766
49.0,153.0,1006.7760620117188,-2.751388223473793,-3.0835693187933284,0.7504702103665593,3.627748549614573,-0.3410041119441672,2.280620568692822,-0.770351782384616,2.481636533693467,-3.567725766764573,-1.790226067639766
49.0,153.0,1006.7760620117188,-2.7513780498639844,-3.0835693187933284,0.7504702103665593,3.627748549695859,-0.3410041119399182,2.2806204761759203,-0.7703517969459106,2.4816365336934334,-3.5677257667701,-1.790226067639766
49.0,153.0,1006.7760620117188,-2.7513788802127825,-3.0835694161087472,0.7504702103665593,3.6277483123715952,-0.3410041119451283,2.2806229359921155,-0.7703517836567474,2.4816365336934334,-3.5677257667706326,-1.790226067639766
49.0,153.0,1006.7760620117188,-2.751388223473793,-3.083569318814585,0.7504702103665593,3.6277485586758953,-0.3410041119441672,2.280620568692822,-0.770351782384616,2.481636533693467,-3.567725766764573,-1.790226067639766
49.0,153.0,1006.7760620117188,-2.7513780498639844,-3.0835680378074493,0.7504702103665593,3.627748549695859,-0.3410041119399182,2.2806204761759203,-0.7703517969087601,2.4816365336934334,-3.5677257667701,-1.790226067639766
49.0,153.0,1006.7760620117188,-2.7513774480153352,-3.0835694161087472,0.7504702103665593,3.627748312829487,-0.3410041119450659,2.280619847173962,-0.7703517836347802,2.4816365336934334,-3.5677257667704323,-1.790226067639766
49.0,153.0,1006.7760620117188,-2.7513891973528963,-3.0835692694509462,0.7504702103665593,3.627748507044335,-0.341004111944066,2.280615191566161,-0.7703517820247182,2.4816365336934334,-3.5677257667703577,-1.790226067639766
49.0,153.0,1006.7760620117188,-2.75137786494958,-3.083569319321926,0.7504702103665593,3.6277485181000526,-0.34100411194388,2.280613334841726,-0.7703517971748934,2.481636533693468,-3.5677257667706908,-1.790226067639766
49.0,153.0,1006.7760620117188,-2.75137786494958,-3.0835693187933284,0.7504702103665593,3.627748549695859,-0.3410041119400668,2.280613334841726,-0.7703517971748934,2.481636533693468,-3.5677257667706908,-1.790226067639766
49.0,153.0,1006.7760620117188,-2.75137799183505,-3.0835693187933284,0.7504702103665593,3.627748549695859,-0.3410041119397954,2.280620290907224,-0.7703517969459106,2.4816365336934334,-3.5677257667701,-1.790226067639766
49.0,153.0,1006.7760620117188,-2.7513778650194984,-3.083568583949573,0.7504702103665593,3.627748504981189,-0.3410041119400098,2.2806199135794434,-0.7703517835506912,2.4816365336934685,-3.567725766770067,-1.790226067639766
49.0,153.0,1006.7760620117188,-2.751388223473793,-3.0835680497431235,0.7504702103665593,3.627748548500165,-0.3410041119441672,2.2806215220986936,-0.7703517964824327,2.4816365336934334,-3.5677257667701205,-1.790226067639766
49.0,153.0,1006.7760620117188,-2.751377273201935,-3.0835693187932303,0.7504702103665593,3.6277485424707416,-0.3410041119440636,2.280620262026629,-0.7703517808277521,2.4816365336934663,-3.5677257667701,-1.790226067639766
49.0,153.0,1006.7760620117188,-2.75137738708674,-3.0835680497431235,0.7504702103665593,3.6277485485177294,-0.3410041119402149,2.280613067788936,-0.7703517964801011,2.4816365336934334,-3.5677257667707285,-1.790226067639766
49.0,153.0,1006.7760620117188,-2.751388180392828,-3.0835693193383937,0.7504702103665593,3.6277485152736975,-0.3410041119441672,2.280620568692822,-0.7703517978107245,2.4816365336934334,-3.5677257667703577,-1.790226067639766
49.0,153.0,1006.7760620117188,-2.7513778650194984,-3.083568583949573,0.7504702103665593,3.627748504981189,-0.3410041119400098,2.2806199135794434,-0.7703517835506912,2.4816365336934685,-3.567725766770067,-1.790226067639766
49.0,153.0,1006.7760620117188,-2.751377448935875,-3.0835694145645305,0.7504702103665593,3.627748313985847,-0.3410041119450659,2.280619847173962,-0.7703517837353705,2.481636533693432,-3.5677257667704527,-1.790226067639766
49.0,153.0,1006.7760620117188,-2.751388223473793,-3.0835693187933284,0.7504702103665593,3.627748549614573,-0.3410041119448943,2.280622929419383,-0.7703517954547302,2.4816365336934334,-3.5677257667703577,-1.790226067639766
49.0,153.0,1006.7760620117188,-2.7513788802127825,-3.083569317293106,0.7504702103665593,3.6277483123715952,-0.3410041119451283,2.2806229359921155,-0.7703517839993878,2.4816365336934334,-3.5677257667706326,-1.790226067639766
49.0,153.0,1006.7760620117188,-2.7513890564871986,-3.083569316482167,0.7504702103665593,3.6277485181000526,-0.34100411194388,2.280613287645195,-0.7703517974633471,2.481636533693468,-3.567725766770698,-1.790226067639766
49.0,153.0,1006.7760620117188,-2.7513780498639844,-3.0835693187933284,0.7504702103665593,3.627748549695859,-0.3410041119399182,2.2806204761759203,-0.7703517969459106,2.4816365336934334,-3.5677257667701,-1.790226067639766
49.0,153.0,1006.7760620117188,-2.7513887013366327,-3.0835693187933284,0.7504702103665593,3.6277485496782944,-0.341004111944019,2.280621789151484,-0.770351797177225,2.481636533693468,-3.567725766770083,-1.790226067639766
49.0,153.0,1006.7760620117188,-2.751377273201935,-3.0835693170197747,0.7504702103665593,3.62774853434305,-0.3410041119440734,2.280622720735064,-0.7703517808277521,2.4816365336934663,-3.567725766770109,-1.790226067639766
49.0,153.0,1006.7760620117188,-2.7513891973528963,-3.0835692694509462,0.7504702103665593,3.627748507044335,-0.3410041119440564,2.280615191566161,-0.7703517836491344,2.4816365336934334,-3.567725766770624,-1.790226067639766
49.0,153.0,1006.7760620117188,-2.75137786494958,-3.0835693187933284,0.7504702103665593,3.627748549695859,-0.3410041119437028,2.280613334841726,-0.7703517971748934,2.481636533693468,-3.5677257667706908,-1.790226067639766
49.0,153.0,1006.7760620117188,-2.751388463399668,-3.0835693193226352,0.7504702103665593,3.627748514398228,-0.3410041119399451,2.280619673660264,-0.7703517814871831,2.4816365336934334,-3.5677257667703577,-1.790226067639766
49.0,153.0,1006.7760620117188,-2.7513891663841625,-3.083569318949215,0.7504702103665593,3.627748549695859,-0.341004111944066,2.280615191566161,-0.7703517969072398,2.4816365336934334,-3.5677257667703577,-1.790226067639766
49.0,153.0,1006.7760620117188,-2.75137786494958,-3.0835693187933284,0.7504702103665593,3.627748549695859,-0.3410041119400668,2.280613334841726,-0.7703517971748934,2.481636533693468,-3.5677257667706908,-1.790226067639766
49.0,153.0,1006.7760620117188,-2.751377864596694,-3.083568583949573,0.7504702103665593,3.627748504981189,-0.3410041119397929,2.2806199135794434,-0.7703517835526579,2.481636533693433,-3.567725766770067,-1.790226067639766
49.0,153.0,1006.7760620117188,-2.7513777254595406,-3.083569320576305,0.7504702103665593,3.6277483110345226,-0.34100411194523,2.2806116951943247,-0.7703517815639335,2.4816365336934334,-3.567725766770313,-1.790226067639766
49.0,153.0,1006.7760620117188,-2.751388223473793,-3.08356941760897,0.7504702103665593,3.627748549695859,-0.341004111944066,2.280615191566161,-0.7703517966032704,2.4816365336934334,-3.5677257667703577,-1.790226067639766
49.0,154.0,1006.767578125,-2.751388223473793,-3.0835693187935043,0.7504702103665593,3.627748548754682,-0.3477409409175915,2.280615191566161,-0.7703517971699454,2.4816365336934334,-3.5677257667703577,-1.790226067639766
49.0,154.0,1006.767578125,-2.751388223473793,-3.0835694134126683,0.7504702103665593,3.627748548754682,-0.3477409409175915,2.280614879711476,-0.7703517971699454,2.4816365336934334,-3.5677257667703577,-1.790226067639766
49.0,154.0,1006.767578125,-2.7513880783971696,-3.0835694134126683,0.7504702103665593,3.627748548793636,-0.3477409409175915,2.2806133385983465,-0.7703517971699454,2.4816365336934667,-3.567725766770381,-1.790226067639766
49.0,154.0,1006.767578125,-2.751388223473793,-3.083569319341991,0.7504702103665593,3.6277485485420167,-0.3477409409175915,2.280615191566161,-0.7703517978078779,2.4816365336934334,-3.5677257667703577,-1.790226067639766
49.0,154.0,1006.7677001953124,-2.751388596872881,-3.0835693188010285,0.7504702103665593,3.627748549620739,-0.3479529563207647,2.280613334841726,-0.7703517971748934,2.4816365336934663,-3.567725766770685,-1.790226067639766
49.0,154.0,1006.7677001953124,-2.751388596872881,-3.0835693188229865,0.7504702103665593,3.627748310975521,-0.3479529563207647,2.280613334841726,-0.7703517971748934,2.4816365336934334,-3.567725766770685,-1.790226067639766
49.0,154.0,1006.7677612304688,-2.7513778926825103,-3.0835693188010285,0.7504702103665593,3.6277485496953097,-0.3479529563207647,2.280613334841726,-0.7703517971748934,2.4816365336934663,-3.567725766770685,-1.790226067639766
49.0,154.0,1006.7677612304688,-2.751378037759134,-3.0835693188010285,0.7504702103665593,3.627748549656355,-0.3479529563207647,2.2806148759548552,-0.7703517971748934,2.481636533693433,-3.567725766770661,-1.790226067639766
49.0,154.0,1006.7678833007812,-2.7513769495950715,-3.0835693187568283,0.7504702103665593,3.62774855363704,-0.3480822137347349,2.280613334841726,-0.770351781082734,2.481636533693468,-3.5677257667707023,-1.790226067639766
49.0,154.0,1006.7678833007812,-2.7513769809234416,-3.083569318754416,0.7504702103665593,3.627748553528706,-0.3480822137347349,2.280613334841726,-0.770351781082734,2.4816365336934694,-3.567725766770085,-1.790226067639766
49.0,154.0,1006.7679443359376,-2.751388947715616,-3.083569318800978,0.7504702103665593,3.6277485487394783,-0.348259350194642,2.280613334841726,-0.7703517971748934,2.481636533693468,-3.5677257667707023,-1.790226067639766
49.0,154.0,1006.7680053710938,-2.7513778926825103,-3.083569318800978,0.7504702103665593,3.6277485497426127,-0.3482581583693924,2.280613334841726,-0.7703517971748934,2.4816365336934663,-3.567725766770685,-1.790226067639766
49.0,154.0,1006.7682495117188,-2.751388939200806,-3.0835693187933297,0.7504702103665593,3.627748549614573,-0.3485379613057116,2.280622963609296,-0.7703517972349462,2.481636533693436,-3.567725766770373,-1.790226067639766
49.0,154.0,1006.7682495117188,-2.751388221825682,-3.0835693187933297,0.7504702103665593,3.627748549614573,-0.3485379613057116,2.280622963609296,-0.7703517972349462,2.481636533693436,-3.5677257667649003,-1.790226067639766
49.0,154.0,1006.7682495117188,-2.751388924842052,-3.0835693187933297,0.7504702103665593,3.627748549614573,-0.3485379613057116,2.280622963609296,-0.7703517972349462,2.481636533693436,-3.567725766770373,-1.790226067639766
49.0,154.0,1006.7682495117188,-2.751388773586241,-3.0835693187933297,0.7504702103665593,3.627748549331425,-0.3485379613057116,2.280620107712552,-0.7703517970238873,2.481636533693436,-3.567725766770373,-1.790226067639766
49.0,154.0,1006.7703857421876,-2.7507004283857537,-3.083568112361684,0.7504702103665593,3.627748549620739,-0.3479661157082211,2.280613408971902,-0.7703517969166755,2.4816365336934663,-3.567725766770685,-1.790226067639766
49.0,154.0,1006.7744140625,-2.751388223473793,-3.0835693187935043,0.7504702103665593,3.6277483035657982,-0.3415709185300357,2.280615191566161,-0.770351783714009,2.4816365336934334,-3.5677257667703577,-1.790226067639766
49.0,154.0,1006.775146484375,-2.751378342677785,-3.0835693187932773,0.7504702103665593,3.627748548814598,-0.3413105058136728,2.280620290907224,-0.7703517969459106,2.4816365336934343,-3.567725766770117,-1.790226067639766
49.0,154.0,1006.775146484375,-2.7507004283857537,-3.083568112361684,0.7504702103665593,3.627748549620739,-0.341342505513563,2.280620565409764,-0.7703517969101971,2.4816365336934663,-3.567725766770685,-1.790226067639766
49.0,154.0,1006.775146484375,-2.7507004283857537,-3.083568112361684,0.7504702103665593,3.627748549610826,-0.341342505513563,2.280620296356384,-0.7703517969469532,2.4816365336934663,-3.567725766770685,-1.790226067639766
49.0,154.0,1006.7755737304688,-2.7513897235800853,-3.083569320620455,0.7504702103665593,3.6277483061369606,-0.3411812484051372,2.2806116951943247,-0.7703517976560927,2.4816365336934334,-3.567725766770313,-1.790226067639766
49.0,154.0,1006.7755737304688,-2.75138897100934,-3.083569320620455,0.7504702103665593,3.6277483061369606,-0.3411812484051372,2.2806116951943247,-0.7703517976560927,2.4816365336934334,-3.567725766770313,-1.790226067639766
49.0,154.0,1006.7760620117188,-2.751388223473793,-3.0835693187933284,0.7504702103665593,3.627748549695859,-0.341004111944066,2.280615191566161,-0.7703517969459106,2.4816365336934334,-3.5677257667703577,-1.790226067639766
49.0,154.0,1006.7760620117188,-2.7513780498639844,-3.0835693187933284,0.7504702103665593,3.627748549695859,-0.3410041119399182,2.2806204761759203,-0.7703517969459106,2.4816365336934334,-3.5677257667701,-1.790226067639766
49.0,154.0,1006.7760620117188,-2.7513780498639844,-3.0835693187933284,0.7504702103665593,3.627748549695859,-0.3410041119399182,2.2806204761759203,-0.7703517969459106,2.4816365336934334,-3.5677257667701,-1.790226067639766
49.0,154.0,1006.7760620117188,-2.751388223473793,-3.0835693187933284,0.7504702103665593,3.627748549614573,-0.3410041119441672,2.280620568692822,-0.7703517970076047,2.4816365336934334,-3.5677257667703577,-1.790226067639766
49.0,154.0,1006.7760620117188,-2.7513774480153352,-3.0835694161087472,0.7504702103665593,3.62774831825964,-0.3410041119451283,2.2806229359921155,-0.7703517836347802,2.4816365336934334,-3.567725766770425,-1.790226067639766
49.0,154.0,1006.7760620117188,-2.75137786494958,-3.0835693187933284,0.7504702103665593,3.627748549695859,-0.3410041119400668,2.280613334841726,-0.7703517971748934,2.481636533693468,-3.5677257667706908,-1.790226067639766
49.0,154.0,1006.7760620117188,-2.7513891973528963,-3.0835692694509462,0.7504702103665593,3.627748507044335,-0.341004111944066,2.280615191566161,-0.7703517820247182,2.4816365336934334,-3.5677257667703577,-1.790226067639766
49.0,154.0,1006.7760620117188,-2.751388223473793,-3.0835693187933284,0.7504702103665593,3.627748549614573,-0.3410041119441672,2.280620568692822,-0.770351782384616,2.481636533693467,-3.567725766764573,-1.790226067639766
49.0,154.0,1006.7760620117188,-2.7513780498639844,-3.0835693187933284,0.7504702103665593,3.627748549695859,-0.3410041119399182,2.2806204761759203,-0.7703517969459106,2.4816365336934334,-3.5677257667701,-1.790226067639766
49.0,154.0,1006.7760620117188,-2.7513788802127825,-3.0835694161087472,0.7504702103665593,3.6277483123715952,-0.3410041119451283,2.2806229359921155,-0.7703517836567474,2.4816365336934334,-3.5677257667706326,-1.790226067639766
49.0,154.0,1006.7760620117188,-2.751388223473793,-3.083569318814585,0.7504702103665593,3.6277485586758953,-0.3410041119441672,2.280620568692822,-0.770351782384616,2.481636533693467,-3.567725766764573,-1.790226067639766
49.0,154.0,1006.7760620117188,-2.7513780498639844,-3.0835680378074493,0.7504702103665593,3.627748549695859,-0.3410041119399182,2.2806204761759203,-0.7703517969087601,2.4816365336934334,-3.5677257667701,-1.790226067639766
49.0,154.0,1006.7760620117188,-2.7513774480153352,-3.0835694161087472,0.7504702103665593,3.627748312829487,-0.3410041119450659,2.280619847173962,-0.7703517836347802,2.4816365336934334,-3.5677257667704323,-1.790226067639766
49.0,154.0,1006.7760620117188,-2.7513891973528963,-3.0835692694509462,0.7504702103665593,3.627748507044335,-0.341004111944066,2.280615191566161,-0.7703517820247182,2.4816365336934334,-3.5677257667703577,-1.790226067639766
49.0,154.0,1006.7760620117188,-2.75137786494958,-3.083569319321926,0.7504702103665593,3.6277485181000526,-0.34100411194388,2.280613334841726,-0.7703517971748934,2.481636533693468,-3.5677257667706908,-1.790226067639766
49.0,154.0,1006.7760620117188,-2.75137786494958,-3.0835693187933284,0.7504702103665593,3.627748549695859,-0.3410041119400668,2.280613334841726,-0.7703517971748934,2.481636533693468,-3.5677257667706908,-1.790226067639766
49.0,154.0,1006.7760620117188,-2.75137799183505,-3.0835693187933284,0.7504702103665593,3.627748549695859,-0.3410041119397954,2.280620290907224,-0.7703517969459106,2.4816365336934334,-3.5677257667701,-1.790226067639766
49.0,154.0,1006.7760620117188,-2.7513778650194984,-3.083568583949573,0.7504702103665593,3.627748504981189,-0.3410041119400098,2.2806199135794434,-0.7703517835506912,2.4816365336934685,-3.567725766770067,-1.790226067639766
49.0,154.0,1006.7760620117188,-2.751388223473793,-3.0835680497431235,0.7504702103665593,3.627748548500165,-0.3410041119441672,2.2806215220986936,-0.7703517964824327,2.4816365336934334,-3.5677257667701205,-1.790226067639766
49.0,154.0,1006.7760620117188,-2.751377273201935,-3.0835693187932303,0.7504702103665593,3.6277485424707416,-0.3410041119440636,2.280620262026629,-0.7703517808277521,2.4816365336934663,-3.5677257667701,-1.790226067639766
49.0,154.0,1006.7760620117188,-2.75137738708674,-3.0835680497431235,0.7504702103665593,3.6277485485177294,-0.3410041119402149,2.280613067788936,-0.7703517964801011,2.4816365336934334,-3.5677257667707285,-1.790226067639766
49.0,154.0,1006.7760620117188,-2.751388180392828,-3.0835693193383937,0.7504702103665593,3.6277485152736975,-0.3410041119441672,2.280620568692822,-0.7703517978107245,2.4816365336934334,-3.5677257667703577,-1.790226067639766
49.0,154.0,1006.7760620117188,-2.7513778650194984,-3.083568583949573,0.7504702103665593,3.627748504981189,-0.3410041119400098,2.2806199135794434,-0.7703517835506912,2.4816365336934685,-3.567725766770067,-1.790226067639766
49.0,154.0,1006.7760620117188,-2.751377448935875,-3.0835694145645305,0.7504702103665593,3.627748313985847,-0.3410041119450659,2.280619847173962,-0.7703517837353705,2.481636533693432,-3.5677257667704527,-1.790226067639766
49.0,154.0,1006.7760620117188,-2.751388223473793,-3.0835693187933284,0.7504702103665593,3.627748549614573,-0.3410041119448943,2.280622929419383,-0.7703517954547302,2.4816365336934334,-3.5677257667703577,-1.790226067639766
49.0,154.0,1006.7760620117188,-2.7513788802127825,-3.083569317293106,0.7504702103665593,3.6277483123715952,-0.3410041119451283,2.2806229359921155,-0.7703517839993878,2.4816365336934334,-3.5677257667706326,-1.790226067639766
49.0,154.0,1006.7760620117188,-2.7513890564871986,-3.083569316482167,0.7504702103665593,3.6277485181000526,-0.34100411194388,2.280613287645195,-0.7703517974633471,2.481636533693468,-3.567725766770698,-1.790226067639766
49.0,155.0,1006.767578125,-2.751388223473793,-3.0835693187935043,0.7504702103665593,3.627748548754682,-0.3477409409175915,2.280615191566161,-0.7703517971699454,2.4816365336934334,-3.5677257667703577,-1.790226067639766
49.0,155.0,1006.767578125,-2.751388223473793,-3.0835694134126683,0.7504702103665593,3.627748548754682,-0.3477409409175915,2.280614879711476,-0.7703517971699454,2.4816365336934334,-3.5677257667703577,-1.790226067639766
49.0,155.0,1006.767578125,-2.7513880783971696,-3.0835694134126683,0.7504702103665593,3.627748548793636,-0.3477409409175915,2.2806133385983465,-0.7703517971699454,2.4816365336934667,-3.567725766770381,-1.790226067639766
49.0,155.0,1006.767578125,-2.751388223473793,-3.083569319341991,0.7504702103665593,3.6277485485420167,-0.3477409409175915,2.280615191566161,-0.7703517978078779,2.4816365336934334,-3.5677257667703577,-1.790226067639766
49.0,155.0,1006.767578125,-2.751388223473793,-3.0835693189409743,0.7504702103665593,3.627748548754682,-0.3477548204449389,2.280614879711476,-0.7703517971699454,2.481636533693466,-3.5677257667703577,-1.790226067639766
49.0,155.0,1006.767578125,-2.751388223473793,-3.083569319341991,0.7504702103665593,3.6277485485420167,-0.3477409409175915,2.280615191566161,-0.7703517978078779,2.4816365336934334,-3.5677257667703577,-1.790226067639766
49.0,155.0,1006.767578125,-2.751388223473793,-3.0835681258417904,0.7504702103665593,3.627748548514655,-0.3477409409175915,2.280615191566161,-0.7703517964533061,2.4816365336934334,-3.5677257667703577,-1.790226067639766
49.0,155.0,1006.7676391601562,-2.7513881618534293,-3.0835693188284465,0.7504702103665593,3.6277485485420167,-0.347831725572483,2.280615191566161,-0.7703517968730382,2.4816365336934334,-3.5677257667703577,-1.790226067639766
49.0,155.0,1006.7677001953124,-2.751388596872881,-3.0835693188010285,0.7504702103665593,3.627748549620739,-0.3479529563207647,2.280613334841726,-0.7703517971748934,2.4816365336934663,-3.567725766770685,-1.790226067639766
49.0,155.0,1006.7677001953124,-2.751388596872881,-3.0835693188229865,0.7504702103665593,3.627748310975521,-0.3479529563207647,2.280613334841726,-0.7703517971748934,2.4816365336934334,-3.567725766770685,-1.790226067639766
49.0,155.0,1006.7677001953124,-2.7513774480153352,-3.0835694161087472,0.7504702103665593,3.62774831825964,-0.3478776276364492,2.2806229359921155,-0.7703517836927114,2.481636533693432,-3.567725766770425,-1.790226067639766
49.0,155.0,1006.7677612304688,-2.7513778926825103,-3.0835693188010285,0.7504702103665593,3.6277485496953097,-0.3479529563207647,2.280613334841726,-0.7703517971748934,2.4816365336934663,-3.567725766770685,-1.790226067639766
49.0,155.0,1006.7677612304688,-2.751378037759134,-3.0835693188010285,0.7504702103665593,3.627748549656355,-0.3479529563207647,2.2806148759548552,-0.7703517971748934,2.481636533693433,-3.567725766770661,-1.790226067639766
49.0,155.0,1006.7677612304688,-2.7513778926825103,-3.0835693188010285,0.7504702103665593,3.6277485496953097,-0.3479529563207647,2.280613334841726,-0.7703517971748934,2.4816365336934663,-3.567725766770685,-1.790226067639766
49.0,155.0,1006.7677612304688,-2.75137792128617,-3.08356931893868,0.7504702103665593,3.627748314085833,-0.3479529563207647,2.280613334841726,-0.7703517845104928,2.4816365336934334,-3.567725766770443,-1.790226067639766
49.0,155.0,1006.767822265625,-2.7513769495950715,-3.083569413228522,0.7504702103665593,3.62774855363704,-0.3480683342073876,2.280613334841726,-0.770351781082734,2.4816365336934347,-3.5677257667707023,-1.790226067639766
49.0,155.0,1006.7678833007812,-2.7513769495950715,-3.0835693187568283,0.7504702103665593,3.62774855363704,-0.3480822137347349,2.280613334841726,-0.770351781082734,2.481636533693468,-3.5677257667707023,-1.790226067639766
49.0,155.0,1006.7678833007812,-2.7513769809234416,-3.083569318754416,0.7504702103665593,3.627748553528706,-0.3480822137347349,2.280613334841726,-0.770351781082734,2.4816365336934694,-3.567725766770085,-1.790226067639766
49.0,155.0,1006.7679443359376,-2.751388947715616,-3.083569318800978,0.7504702103665593,3.6277485487394783,-0.348259350194642,2.280613334841726,-0.7703517971748934,2.481636533693468,-3.5677257667707023,-1.790226067639766
49.0,155.0,1006.7680053710938,-2.7513778926825103,-3.083569318800978,0.7504702103665593,3.6277485497426127,-0.3482581583693924,2.280613334841726,-0.7703517971748934,2.4816365336934663,-3.567725766770685,-1.790226067639766
49.0,155.0,1006.7680053710938,-2.751388221825682,-3.0835693187933297,0.7504702103665593,3.6277485496104487,-0.3482701579483086,2.280622963609296,-0.7703517972182491,2.481636533693436,-3.5677257667707627,-1.790226067639766
49.0,155.0,1006.7680053710938,-2.751377913199418,-3.083569318800978,0.7504702103665593,3.6277485497426127,-0.3482581583693924,2.280613334841726,-0.7703517971748934,2.4816365336934663,-3.567725766770685,-1.790226067639766
49.0,155.0,1006.7682495117188,-2.751388939200806,-3.0835693187933297,0.7504702103665593,3.627748549614573,-0.3485379613057116,2.280622963609296,-0.7703517972349462,2.481636533693436,-3.567725766770373,-1.790226067639766
49.0,155.0,1006.7682495117188,-2.751388221825682,-3.0835693187933297,0.7504702103665593,3.627748549614573,-0.3485379613057116,2.280622963609296,-0.7703517972349462,2.481636533693436,-3.5677257667649003,-1.790226067639766
49.0,155.0,1006.7682495117188,-2.751388924842052,-3.0835693187933297,0.7504702103665593,3.627748549614573,-0.3485379613057116,2.280622963609296,-0.7703517972349462,2.481636533693436,-3.567725766770373,-1.790226067639766
49.0,155.0,1006.7682495117188,-2.751388773586241,-3.0835693187933297,0.7504702103665593,3.627748549331425,-0.3485379613057116,2.280620107712552,-0.7703517970238873,2.481636533693436,-3.567725766770373,-1.790226067639766
49.0,155.0,1006.7703247070312,-2.7507004283857537,-3.083568112361684,0.7504702103665593,3.627748315752073,-0.3479567856769449,2.280613408971902,-0.7703517975654496,2.481636533693466,-3.567725766770685,-1.790226067639766
49.0,155.0,1006.7703857421876,-2.7507004283857537,-3.083568112361684,0.7504702103665593,3.627748549620739,-0.3479661157082211,2.280613408971902,-0.7703517969166755,2.4816365336934663,-3.567725766770685,-1.790226067639766
49.0,155.0,1006.7744140625,-2.751388223473793,-3.0835693187935043,0.7504702103665593,3.6277483035657982,-0.3415709185300357,2.280615191566161,-0.770351783714009,2.4816365336934334,-3.5677257667703577,-1.790226067639766
49.0,155.0,1006.7744750976562,-2.7507004283857537,-3.083568112361684,0.7504702103665593,3.627748549614951,-0.341610308870966,2.280620296356384,-0.7703517969636503,2.4816365336934663,-3.5677257667648226,-1.790226067639766
49.0,155.0,1006.7745971679688,-2.751388765012931,-3.0835693187933297,0.7504702103665593,3.627748549331425,-0.3414959441064875,2.280620107712552,-0.7703517970238873,2.481636533693436,-3.5677257667703124,-1.790226067639766
49.0,155.0,1006.775146484375,-2.751378342677785,-3.0835693187932773,0.7504702103665593,3.627748548814598,-0.3413105058136728,2.280620290907224,-0.7703517969459106,2.4816365336934343,-3.567725766770117,-1.790226067639766
49.0,155.0,1006.775146484375,-2.7507004283857537,-3.083568112361684,0.7504702103665593,3.627748549620739,-0.341342505513563,2.280620565409764,-0.7703517969101971,2.4816365336934663,-3.567725766770685,-1.790226067639766
49.0,155.0,1006.775146484375,-2.7507004283857537,-3.083568112361684,0.7504702103665593,3.627748549610826,-0.341342505513563,2.280620296356384,-0.7703517969469532,2.4816365336934663,-3.567725766770685,-1.790226067639766
49.0,155.0,1006.775146484375,-2.751378342677785,-3.0835693187932773,0.7504702103665593,3.627748548814598,-0.3413105058136728,2.280620290907224,-0.7703517969459106,2.4816365336934343,-3.567725766770117,-1.790226067639766
49.0,155.0,1006.7755126953124,-2.7513897235800853,-3.083569320620455,0.7504702103665593,3.627748540005627,-0.3411905784364133,2.2806116951943247,-0.7703517970073187,2.481636533693434,-3.567725766770313,-1.790226067639766
49.0,155.0,1006.7755737304688,-2.7513897235800853,-3.083569320620455,0.7504702103665593,3.6277483061369606,-0.3411812484051372,2.2806116951943247,-0.7703517976560927,2.4816365336934334,-3.567725766770313,-1.790226067639766
49.0,155.0,1006.7755737304688,-2.75138897100934,-3.083569320620455,0.7504702103665593,3.6277483061369606,-0.3411812484051372,2.2806116951943247,-0.7703517976560927,2.4816365336934334,-3.567725766770313,-1.790226067639766
49.0,155.0,1006.7755737304688,-2.75138897100934,-3.083569320620455,0.7504702103665593,3.6277483061369606,-0.3411812484051372,2.2806116951943247,-0.7703517976560927,2.4816365336934334,-3.567725766770313,-1.790226067639766
49.0,155.0,1006.77587890625,-2.751388596872881,-3.0835693188010285,0.7504702103665593,3.627748549620739,-0.3410794406294437,2.280613334841726,-0.7703517971169622,2.481636533693468,-3.567725766770685,-1.790226067639766
49.0,155.0,1006.7760620117188,-2.751388223473793,-3.0835693187933284,0.7504702103665593,3.627748549695859,-0.341004111944066,2.280615191566161,-0.7703517969459106,2.4816365336934334,-3.5677257667703577,-1.790226067639766
49.0,155.0,1006.7760620117188,-2.7513780498639844,-3.0835693187933284,0.7504702103665593,3.627748549695859,-0.3410041119399182,2.2806204761759203,-0.7703517969459106,2.4816365336934334,-3.5677257667701,-1.790226067639766
49.0,155.0,1006.7760620117188,-2.7513780498639844,-3.0835693187933284,0.7504702103665593,3.627748549695859,-0.3410041119399182,2.2806204761759203,-0.7703517969459106,2.4816365336934334,-3.5677257667701,-1.790226067639766
49.0,155.0,1006.7760620117188,-2.751388223473793,-3.0835693187933284,0.7504702103665593,3.627748549614573,-0.3410041119441672,2.280620568692822,-0.7703517970076047,2.4816365336934334,-3.5677257667703577,-1.790226067639766
49.0,155.0,1006.7760620117188,-2.7513774480153352,-3.0835694161087472,0.7504702103665593,3.62774831825964,-0.3410041119451283,2.2806229359921155,-0.7703517836347802,2.4816365336934334,-3.567725766770425,-1.790226067639766
49.0,155.0,1006.7760620117188,-2.75137786494958,-3.0835693187933284,0.7504702103665593,3.627748549695859,-0.3410041119400668,2.280613334841726,-0.7703517971748934,2.481636533693468,-3.5677257667706908,-1.790226067639766
49.0,155.0,1006.7760620117188,-2.7513891973528963,-3.0835692694509462,0.7504702103665593,3.627748507044335,-0.341004111944066,2.280615191566161,-0.7703517820247182,2.4816365336934334,-3.5677257667703577,-1.790226067639766
49.0,155.0,1006.7760620117188,-2.751388223473793,-3.0835693187933284,0.7504702103665593,3.627748549614573,-0.3410041119441672,2.280620568692822,-0.770351782384616,2.481636533693467,-3.567725766764573,-1.790226067639766
49.0,155.0,1006.7760620117188,-2.7513780498639844,-3.0835693187933284,0.7504702103665593,3.627748549695859,-0.3410041119399182,2.2806204761759203,-0.7703517969459106,2.4816365336934334,-3.5677257667701,-1.790226067639766
49.0,155.0,1006.7760620117188,-2.7513788802127825,-3.0835694161087472,0.7504702103665593,3.6277483123715952,-0.3410041119451283,2.2806229359921155,-0.7703517836567474,2.4816365336934334,-3.5677257667706326,-1.790226067639766
49.0,156.0,1006.7672729492188,-2.751388395213197,-3.083569319341991,0.7504702103665593,3.6277485496798616,-0.3466754396488745,2.280615191566161,-0.7703517978078779,2.481636533693468,-3.5677257667703577,-1.790226067639766
49.0,156.0,1006.767578125,-2.751388223473793,-3.0835693187935043,0.7504702103665593,3.627748548754682,-0.3477409409175915,2.280615191566161,-0.7703517971699454,2.4816365336934334,-3.5677257667703577,-1.790226067639766
49.0,156.0,1006.767578125,-2.751388223473793,-3.0835694134126683,0.7504702103665593,3.627748548754682,-0.3477409409175915,2.280614879711476,-0.7703517971699454,2.4816365336934334,-3.5677257667703577,-1.790226067639766
49.0,156.0,1006.767578125,-2.7513880783971696,-3.0835694134126683,0.7504702103665593,3.627748548793636,-0.3477409409175915,2.2806133385983465,-0.7703517971699454,2.4816365336934667,-3.567725766770381,-1.790226067639766
49.0,156.0,1006.767578125,-2.751388223473793,-3.083569319341991,0.7504702103665593,3.6277485485420167,-0.3477409409175915,2.280615191566161,-0.7703517978078779,2.4816365336934334,-3.5677257667703577,-1.790226067639766
49.0,156.0,1006.767578125,-2.751388223473793,-3.0835693189409743,0.7504702103665593,3.627748548754682,-0.3477548204449389,2.280614879711476,-0.7703517971699454,2.481636533693466,-3.5677257667703577,-1.790226067639766
49.0,156.0,1006.767578125,-2.751388223473793,-3.083569319341991,0.7504702103665593,3.6277485485420167,-0.3477409409175915,2.280615191566161,-0.7703517978078779,2.4816365336934334,-3.5677257667703577,-1.790226067639766
49.0,156.0,1006.767578125,-2.751388223473793,-3.0835681258417904,0.7504702103665593,3.627748548514655,-0.3477409409175915,2.280615191566161,-0.7703517964533061,2.4816365336934334,-3.5677257667703577,-1.790226067639766
49.0,156.0,1006.767578125,-2.751388223473793,-3.083569379607135,0.7504702103665593,3.627748548514655,-0.3477409409175915,2.280615191566161,-0.7703517964533061,2.4816365336934334,-3.5677257667703577,-1.790226067639766
49.0,156.0,1006.767578125,-2.751389745379844,-3.0835693206002275,0.7504702103665593,3.627748321442983,-0.3477548204449389,2.280612058013524,-0.7703517976353765,2.4816365336934334,-3.567725766770357,-1.790226067639766
49.0,156.0,1006.767578125,-2.751388924842052,-3.0835693187933297,0.7504702103665593,3.627748549614573,-0.347695677542405,2.280622963609296,-0.7703517972349462,2.48163653369347,-3.567725766770373,-1.790226067639766
49.0,156.0,1006.767578125,-2.751388223473793,-3.0835694217740306,0.7504702103665593,3.627748548754682,-0.3477409409175915,2.280614877988309,-0.7703517971699454,2.4816365336934334,-3.5677257667703577,-1.790226067639766
49.0,156.0,1006.767578125,-2.7513875244514843,-3.0835693212985293,0.7504702103665593,3.627748553361479,-0.347753551476038,2.280613376440737,-0.7703517973733106,2.481636533693436,-3.5677257667707023,-1.790226067639766
49.0,156.0,1006.767578125,-2.7513881618534293,-3.0835693188284465,0.7504702103665593,3.6277485485420167,-0.347738671703599,2.280615191566161,-0.7703517964645011,2.4816365336934334,-3.5677257667703577,-1.790226067639766
49.0,156.0,1006.7676391601562,-2.7513881618534293,-3.0835693188284465,0.7504702103665593,3.6277485485420167,-0.347831725572483,2.280615191566161,-0.7703517968730382,2.4816365336934334,-3.5677257667703577,-1.790226067639766
49.0,156.0,1006.7677001953124,-2.751388596872881,-3.0835693188010285,0.7504702103665593,3.627748549620739,-0.3479529563207647,2.280613334841726,-0.7703517971748934,2.4816365336934663,-3.567725766770685,-1.790226067639766
49.0,156.0,1006.7677001953124,-2.751388596872881,-3.0835693188229865,0.7504702103665593,3.627748310975521,-0.3479529563207647,2.280613334841726,-0.7703517971748934,2.4816365336934334,-3.567725766770685,-1.790226067639766
49.0,156.0,1006.7677001953124,-2.7513774480153352,-3.0835694161087472,0.7504702103665593,3.62774831825964,-0.3478776276364492,2.2806229359921155,-0.7703517836927114,2.481636533693432,-3.567725766770425,-1.790226067639766
49.0,156.0,1006.7677612304688,-2.7513778926825103,-3.0835693188010285,0.7504702103665593,3.6277485496953097,-0.3479529563207647,2.280613334841726,-0.7703517971748934,2.4816365336934663,-3.567725766770685,-1.790226067639766
49.0,156.0,1006.7677612304688,-2.751378037759134,-3.0835693188010285,0.7504702103665593,3.627748549656355,-0.3479529563207647,2.2806148759548552,-0.7703517971748934,2.481636533693433,-3.567725766770661,-1.790226067639766
49.0,156.0,1006.7677612304688,-2.7513778926825103,-3.0835693188010285,0.7504702103665593,3.6277485496953097,-0.3479529563207647,2.280613334841726,-0.7703517971748934,2.4816365336934663,-3.567725766770685,-1.790226067639766
49.0,156.0,1006.7677612304688,-2.75137792128617,-3.08356931893868,0.7504702103665593,3.627748314085833,-0.3479529563207647,2.280613334841726,-0.7703517845104928,2.4816365336934334,-3.567725766770443,-1.790226067639766
49.0,156.0,1006.7677612304688,-2.75137792128617,-3.08356931893868,0.7504702103665593,3.627748314113714,-0.3479484024109658,2.2806128769926244,-0.7703517845292174,2.4816365336934334,-3.5677257667704243,-1.790226067639766
49.0,156.0,1006.7677612304688,-2.7513778926825103,-3.0835693188010285,0.7504702103665593,3.62774854981831,-0.34795089155301,2.280613334841726,-0.770351798062183,2.4816365336934663,-3.567725766770685,-1.790226067639766
49.0,156.0,1006.767822265625,-2.7513769495950715,-3.083569413228522,0.7504702103665593,3.62774855363704,-0.3480683342073876,2.280613334841726,-0.770351781082734,2.4816365336934347,-3.5677257667707023,-1.790226067639766
49.0,156.0,1006.7678833007812,-2.7513769495950715,-3.0835693187568283,0.7504702103665593,3.62774855363704,-0.3480822137347349,2.280613334841726,-0.770351781082734,2.481636533693468,-3.5677257667707023,-1.790226067639766
49.0,156.0,1006.7678833007812,-2.7513769809234416,-3.083569318754416,0.7504702103665593,3.627748553528706,-0.3480822137347349,2.280613334841726,-0.770351781082734,2.4816365336934694,-3.567725766770085,-1.790226067639766
49.0,156.0,1006.7678833007812,-2.7513769809234416,-3.083569318754416,0.7504702103665593,3.627748553405706,-0.3480842785024896,2.280613334841726,-0.7703517801954445,2.4816365336934694,-3.567725766770085,-1.790226067639766
49.0,156.0,1006.7678833007812,-2.7513778926825103,-3.0835693187991664,0.7504702103665593,3.6277485497426127,-0.348081510336501,2.280613334841726,-0.7703517971748934,2.4816365336934663,-3.567725766770685,-1.790226067639766
49.0,156.0,1006.7679443359376,-2.751388947715616,-3.083569318800978,0.7504702103665593,3.6277485487394783,-0.348259350194642,2.280613334841726,-0.7703517971748934,2.481636533693468,-3.5677257667707023,-1.790226067639766
49.0,156.0,1006.7680053710938,-2.7513778926825103,-3.083569318800978,0.7504702103665593,3.6277485497426127,-0.3482581583693924,2.280613334841726,-0.7703517971748934,2.4816365336934663,-3.567725766770685,-1.790226067639766
49.0,156.0,1006.7680053710938,-2.751388221825682,-3.0835693187933297,0.7504702103665593,3.6277485496104487,-0.3482701579483086,2.280622963609296,-0.7703517972182491,2.481636533693436,-3.5677257667707627,-1.790226067639766
49.0,156.0,1006.7680053710938,-2.751377913199418,-3.083569318800978,0.7504702103665593,3.6277485497426127,-0.3482581583693924,2.280613334841726,-0.7703517971748934,2.4816365336934663,-3.567725766770685,-1.790226067639766
49.0,156.0,1006.7682495117188,-2.751388939200806,-3.0835693187933297,0.7504702103665593,3.627748549614573,-0.3485379613057116,2.280622963609296,-0.7703517972349462,2.481636533693436,-3.567725766770373,-1.790226067639766
49.0,156.0,1006.7682495117188,-2.751388221825682,-3.0835693187933297,0.7504702103665593,3.627748549614573,-0.3485379613057116,2.280622963609296,-0.7703517972349462,2.481636533693436,-3.5677257667649003,-1.790226067639766
49.0,156.0,1006.7682495117188,-2.751388924842052,-3.0835693187933297,0.7504702103665593,3.627748549614573,-0.3485379613057116,2.280622963609296,-0.7703517972349462,2.481636533693436,-3.567725766770373,-1.790226067639766
49.0,156.0,1006.7682495117188,-2.751388773586241,-3.0835693187933297,0.7504702103665593,3.627748549331425,-0.3485379613057116,2.280620107712552,-0.7703517970238873,2.481636533693436,-3.567725766770373,-1.790226067639766
49.0,156.0,1006.768310546875,-2.7513880783971696,-3.0835694134126683,0.7504702103665593,3.627748548793636,-0.3485832246808981,2.2806133385983465,-0.7703517971699454,2.4816365336934325,-3.567725766770381,-1.790226067639766
49.0,156.0,1006.7703247070312,-2.7507004283857537,-3.083568112361684,0.7504702103665593,3.627748315752073,-0.3479567856769449,2.280613408971902,-0.7703517975654496,2.481636533693466,-3.567725766770685,-1.790226067639766
49.0,156.0,1006.7703857421876,-2.7507004283857537,-3.083568112361684,0.7504702103665593,3.627748549620739,-0.3479661157082211,2.280613408971902,-0.7703517969166755,2.4816365336934663,-3.567725766770685,-1.790226067639766
49.0,156.0,1006.7703857421876,-2.7507004283857537,-3.083568112361684,0.7504702103665593,3.627748549620739,-0.3479660381404224,2.2806133358583134,-0.7703517969166755,2.4816365336934663,-3.567725766770685,-1.790226067639766
49.0,156.0,1006.7744140625,-2.751388223473793,-3.0835693187935043,0.7504702103665593,3.6277483035657982,-0.3415709185300357,2.280615191566161,-0.770351783714009,2.4816365336934334,-3.5677257667703577,-1.790226067639766
49.0,156.0,1006.7744750976562,-2.7507004283857537,-3.083568112361684,0.7504702103665593,3.627748549614951,-0.341610308870966,2.280620296356384,-0.7703517969636503,2.4816365336934663,-3.5677257667648226,-1.790226067639766
49.0,156.0,1006.7745971679688,-2.751388765012931,-3.0835693187933297,0.7504702103665593,3.627748549331425,-0.3414959441064875,2.280620107712552,-0.7703517970238873,2.481636533693436,-3.5677257667703124,-1.790226067639766
49.0,156.0,1006.7745971679688,-2.751388765012931,-3.0835693349998023,0.7504702103665593,3.627748549331425,-0.3414959441064875,2.280620107712552,-0.7703517970343279,2.481636533693436,-3.567725766770687,-1.790226067639766
49.0,156.0,1006.775146484375,-2.751378342677785,-3.0835693187932773,0.7504702103665593,3.627748548814598,-0.3413105058136728,2.280620290907224,-0.7703517969459106,2.4816365336934343,-3.567725766770117,-1.790226067639766
49.0,156.0,1006.775146484375,-2.7507004283857537,-3.083568112361684,0.7504702103665593,3.627748549620739,-0.341342505513563,2.280620565409764,-0.7703517969101971,2.4816365336934663,-3.567725766770685,-1.790226067639766
49.0,156.0,1006.775146484375,-2.7507004283857537,-3.083568112361684,0.7504702103665593,3.627748549610826,-0.341342505513563,2.280620296356384,-0.7703517969469532,2.4816365336934663,-3.567725766770685,-1.790226067639766
49.0,156.0,1006.775146484375,-2.751378342677785,-3.0835693187932773,0.7504702103665593,3.627748548814598,-0.3413105058136728,2.280620290907224,-0.7703517969459106,2.4816365336934343,-3.567725766770117,-1.790226067639766
49.0,156.0,1006.775146484375,-2.7507004283857537,-3.083568096155212,0.7504702103665593,3.627748549620739,-0.341342505513563,2.280620565409764,-0.7703517968997564,2.4816365336934663,-3.5677257667703106,-1.790226067639766
49.0,157.0,1006.7672729492188,-2.751388395213197,-3.083569319341991,0.7504702103665593,3.6277485496798616,-0.3466754396488745,2.280615191566161,-0.7703517978078779,2.481636533693468,-3.5677257667703577,-1.790226067639766
49.0,157.0,1006.7672729492188,-2.751389850916421,-3.083569319341991,0.7504702103665593,3.627748313850107,-0.3466754396488745,2.280612079077653,-0.7703517978082991,2.481636533693468,-3.5677257667703577,-1.790226067639766
49.0,157.0,1006.767578125,-2.751388223473793,-3.0835693187935043,0.7504702103665593,3.627748548754682,-0.3477409409175915,2.280615191566161,-0.7703517971699454,2.4816365336934334,-3.5677257667703577,-1.790226067639766
49.0,157.0,1006.767578125,-2.751388223473793,-3.0835694134126683,0.7504702103665593,3.627748548754682,-0.3477409409175915,2.280614879711476,-0.7703517971699454,2.4816365336934334,-3.5677257667703577,-1.790226067639766
49.0,157.0,1006.767578125,-2.7513880783971696,-3.0835694134126683,0.7504702103665593,3.627748548793636,-0.3477409409175915,2.2806133385983465,-0.7703517971699454,2.4816365336934667,-3.567725766770381,-1.790226067639766
49.0,157.0,1006.767578125,-2.751388223473793,-3.083569319341991,0.7504702103665593,3.6277485485420167,-0.3477409409175915,2.280615191566161,-0.7703517978078779,2.4816365336934334,-3.5677257667703577,-1.790226067639766
49.0,157.0,1006.767578125,-2.751388223473793,-3.0835693189409743,0.7504702103665593,3.627748548754682,-0.3477548204449389,2.280614879711476,-0.7703517971699454,2.481636533693466,-3.5677257667703577,-1.790226067639766
49.0,157.0,1006.767578125,-2.751388223473793,-3.083569319341991,0.7504702103665593,3.6277485485420167,-0.3477409409175915,2.280615191566161,-0.7703517978078779,2.4816365336934334,-3.5677257667703577,-1.790226067639766
49.0,157.0,1006.767578125,-2.751388223473793,-3.0835681258417904,0.7504702103665593,3.627748548514655,-0.3477409409175915,2.280615191566161,-0.7703517964533061,2.4816365336934334,-3.5677257667703577,-1.790226067639766
49.0,157.0,1006.767578125,-2.751388223473793,-3.083569379607135,0.7504702103665593,3.627748548514655,-0.3477409409175915,2.280615191566161,-0.7703517964533061,2.4816365336934334,-3.5677257667703577,-1.790226067639766
49.0,157.0,1006.767578125,-2.751389745379844,-3.0835693206002275,0.7504702103665593,3.627748321442983,-0.3477548204449389,2.280612058013524,-0.7703517976353765,2.4816365336934334,-3.567725766770357,-1.790226067639766
49.0,157.0,1006.767578125,-2.751388924842052,-3.0835693187933297,0.7504702103665593,3.627748549614573,-0.347695677542405,2.280622963609296,-0.7703517972349462,2.48163653369347,-3.567725766770373,-1.790226067639766
49.0,157.0,1006.767578125,-2.751388223473793,-3.0835694217740306,0.7504702103665593,3.627748548754682,-0.3477409409175915,2.280614877988309,-0.7703517971699454,2.4816365336934334,-3.5677257667703577,-1.790226067639766
49.0,157.0,1006.767578125,-2.7513875244514843,-3.0835693212985293,0.7504702103665593,3.627748553361479,-0.347753551476038,2.280613376440737,-0.7703517973733106,2.481636533693436,-3.5677257667707023,-1.790226067639766
49.0,157.0,1006.767578125,-2.7513881618534293,-3.0835693188284465,0.7504702103665593,3.6277485485420167,-0.347738671703599,2.280615191566161,-0.7703517964645011,2.4816365336934334,-3.5677257667703577,-1.790226067639766
49.0,157.0,1006.767578125,-2.7513880783971696,-3.0835694134126683,0.7504702103665593,3.627748548793636,-0.3477409409175915,2.2806133385983465,-0.7703517971699454,2.4816365336934667,-3.567725766770381,-1.790226067639766
49.0,157.0,1006.767578125,-2.751388223473793,-3.0835693189409743,0.7504702103665593,3.627748548754682,-0.3477548204449389,2.280614879711476,-0.7703517971699454,2.481636533693466,-3.5677257667703577,-1.790226067639766
49.0,157.0,1006.767578125,-2.7513882896766195,-3.0835693206002275,0.7504702103665593,3.627748557272737,-0.3477548204449389,2.280615170502033,-0.7703517976349553,2.4816365336934334,-3.567725766770357,-1.790226067639766
49.0,157.0,1006.767578125,-2.751388223473793,-3.083569318803471,0.7504702103665593,3.627748548754682,-0.3477409409175915,2.280615191566161,-0.7703517971699454,2.481636533693466,-3.5677257667703577,-1.790226067639766
49.0,157.0,1006.767578125,-2.751388924842052,-3.083569321317936,0.7504702103665593,3.627748549614573,-0.347695677542405,2.280612574244437,-0.7703517972349462,2.48163653369347,-3.5677257667706894,-1.790226067639766
49.0,157.0,1006.767578125,-2.7513881618534293,-3.0835693188284465,0.7504702103665593,3.6277485485420167,-0.347738671703599,2.280615191566161,-0.7703517964645011,2.4816365336934334,-3.5677257667703577,-1.790226067639766
49.0,157.0,1006.7676391601562,-2.7513881618534293,-3.0835693188284465,0.7504702103665593,3.6277485485420167,-0.347831725572483,2.280615191566161,-0.7703517968730382,2.4816365336934334,-3.5677257667703577,-1.790226067639766
49.0,157.0,1006.7676391601562,-2.751388914748124,-3.083569318827663,0.7504702103665593,3.6277485485420167,-0.347831725572483,2.28061535622172,-0.7703517968730382,2.4816365336934334,-3.5677257667703577,-1.790226067639766
49.0,157.0,1006.7676391601562,-2.7513774480153352,-3.083569325070187,0.7504702103665593,3.62774831825964,-0.3477446199024318,2.2806230251568604,-0.7703517834447074,2.481636533693432,-3.567725766770425,-1.790226067639766
49.0,157.0,1006.7677001953124,-2.751388596872881,-3.0835693188010285,0.7504702103665593,3.627748549620739,-0.3479529563207647,2.280613334841726,-0.7703517971748934,2.4816365336934663,-3.567725766770685,-1.790226067639766
49.0,157.0,1006.7677001953124,-2.751388596872881,-3.0835693188229865,0.7504702103665593,3.627748310975521,-0.3479529563207647,2.280613334841726,-0.7703517971748934,2.4816365336934334,-3.567725766770685,-1.790226067639766
49.0,157.0,1006.7677001953124,-2.7513774480153352,-3.0835694161087472,0.7504702103665593,3.62774831825964,-0.3478776276364492,2.2806229359921155,-0.7703517836927114,2.481636533693432,-3.567725766770425,-1.790226067639766
49.0,157.0,1006.7677001953124,-2.751388596872881,-3.083569318932404,0.7504702103665593,3.6277483108328776,-0.3479529563207647,2.2806128830298884,-0.7703517971748934,2.4816365336934334,-3.5677257667706885,-1.790226067639766
49.0,157.0,1006.7677001953124,-2.751388223473793,-3.083569410380551,0.7504702103665593,3.6277485485420167,-0.347873948651609,2.280615102401416,-0.7703517980558817,2.4816365336934334,-3.5677257667703577,-1.790226067639766
49.0,157.0,1006.7677001953124,-2.751388580752865,-3.083569412438816,0.7504702103665593,3.6277483155037022,-0.3479529563207647,2.280613334956682,-0.7703517971748934,2.4816365336934334,-3.567725766770685,-1.790226067639766
49.0,157.0,1006.7677612304688,-2.7513778926825103,-3.0835693188010285,0.7504702103665593,3.6277485496953097,-0.3479529563207647,2.280613334841726,-0.7703517971748934,2.4816365336934663,-3.567725766770685,-1.790226067639766
49.0,157.0,1006.7677612304688,-2.751378037759134,-3.0835693188010285,0.7504702103665593,3.627748549656355,-0.3479529563207647,2.2806148759548552,-0.7703517971748934,2.481636533693433,-3.567725766770661,-1.790226067639766
49.0,157.0,1006.7677612304688,-2.7513778926825103,-3.0835693188010285,0.7504702103665593,3.6277485496953097,-0.3479529563207647,2.280613334841726,-0.7703517971748934,2.4816365336934663,-3.567725766770685,-1.790226067639766
49.0,157.0,1006.7677612304688,-2.75137792128617,-3.08356931893868,0.7504702103665593,3.627748314085833,-0.3479529563207647,2.280613334841726,-0.7703517845104928,2.4816365336934334,-3.567725766770443,-1.790226067639766
49.0,157.0,1006.7677612304688,-2.75137792128617,-3.08356931893868,0.7504702103665593,3.627748314113714,-0.3479484024109658,2.2806128769926244,-0.7703517845292174,2.4816365336934334,-3.5677257667704243,-1.790226067639766
49.0,157.0,1006.7677612304688,-2.7513778926825103,-3.0835693188010285,0.7504702103665593,3.62774854981831,-0.34795089155301,2.280613334841726,-0.770351798062183,2.4816365336934663,-3.567725766770685,-1.790226067639766
49.0,157.0,1006.7677612304688,-2.751378037759134,-3.083569318800468,0.7504702103665593,3.627748548790506,-0.3479529563207647,2.2806148759548552,-0.7703517971747356,2.481636533693433,-3.567725766770661,-1.790226067639766
49.0,157.0,1006.767822265625,-2.7513769495950715,-3.083569413228522,0.7504702103665593,3.62774855363704,-0.3480683342073876,2.280613334841726,-0.770351781082734,2.4816365336934347,-3.5677257667707023,-1.790226067639766
49.0,157.0,1006.767822265625,-2.751388092031198,-3.0835693187949147,0.7504702103665593,3.627748553405706,-0.3480741020969068,2.280623417217401,-0.7703517801954445,2.4816365336934694,-3.567725766770085,-1.790226067639766
49.0,157.0,1006.7678833007812,-2.7513769495950715,-3.0835693187568283,0.7504702103665593,3.62774855363704,-0.3480822137347349,2.280613334841726,-0.770351781082734,2.481636533693468,-3.5677257667707023,-1.790226067639766
49.0,157.0,1006.7678833007812,-2.7513769809234416,-3.083569318754416,0.7504702103665593,3.627748553528706,-0.3480822137347349,2.280613334841726,-0.770351781082734,2.4816365336934694,-3.567725766770085,-1.790226067639766
49.0,157.0,1006.7678833007812,-2.7513769809234416,-3.083569318754416,0.7504702103665593,3.627748553405706,-0.3480842785024896,2.280613334841726,-0.7703517801954445,2.4816365336934694,-3.567725766770085,-1.790226067639766
49.0,157.0,1006.7678833007812,-2.7513778926825103,-3.0835693187991664,0.7504702103665593,3.6277485497426127,-0.348081510336501,2.280613334841726,-0.7703517971748934,2.4816365336934663,-3.567725766770685,-1.790226067639766
49.0,157.0,1006.7678833007812,-2.751349144644444,-3.083568112361684,0.7504702103665593,3.627748549817444,-0.3479511393384105,2.280613335824852,-0.7703517980920653,2.4816365336934663,-3.567725766770685,-1.790226067639766
49.0,157.0,1006.7679443359376,-2.751388947715616,-3.083569318800978,0.7504702103665593,3.6277485487394783,-0.348259350194642,2.280613334841726,-0.7703517971748934,2.481636533693468,-3.5677257667707023,-1.790226067639766
49.0,157.0,1006.7680053710938,-2.7513778926825103,-3.083569318800978,0.7504702103665593,3.6277485497426127,-0.3482581583693924,2.280613334841726,-0.7703517971748934,2.4816365336934663,-3.567725766770685,-1.790226067639766
49.0,157.0,1006.7680053710938,-2.751388221825682,-3.0835693187933297,0.7504702103665593,3.6277485496104487,-0.3482701579483086,2.280622963609296,-0.7703517972182491,2.481636533693436,-3.5677257667707627,-1.790226067639766
49.0,157.0,1006.7680053710938,-2.751377913199418,-3.083569318800978,0.7504702103665593,3.6277485497426127,-0.3482581583693924,2.280613334841726,-0.7703517971748934,2.4816365336934663,-3.567725766770685,-1.790226067639766
49.0,157.0,1006.7680053710938,-2.751388765012931,-3.0835693349998023,0.7504702103665593,3.627748553466062,-0.3482702002729652,2.280620107712552,-0.7703517970343279,2.481636533693436,-3.567725766770661,-1.790226067639766
49.0,157.0,1006.7682495117188,-2.751388939200806,-3.0835693187933297,0.7504702103665593,3.627748549614573,-0.3485379613057116,2.280622963609296,-0.7703517972349462,2.481636533693436,-3.567725766770373,-1.790226067639766
49.0,158.0,1006.7672729492188,-2.751388395213197,-3.083569319341991,0.7504702103665593,3.6277485496798616,-0.3466754396488745,2.280615191566161,-0.7703517978078779,2.481636533693468,-3.5677257667703577,-1.790226067639766
49.0,158.0,1006.7672729492188,-2.751389850916421,-3.083569319341991,0.7504702103665593,3.627748313850107,-0.3466754396488745,2.280612079077653,-0.7703517978082991,2.481636533693468,-3.5677257667703577,-1.790226067639766
49.0,158.0,1006.7672729492188,-2.751389850916421,-3.083569319341991,0.7504702103665593,3.6277485527122697,-0.3466754396488745,2.280612086111796,-0.7703517978082991,2.481636533693435,-3.5677257667703577,-1.790226067639766
49.0,158.0,1006.7672729492188,-2.751388395213197,-3.0835693187711115,0.7504702103665593,3.62774854967996,-0.3466754396488745,2.280615191566161,-0.7703517978078779,2.481636533693468,-3.567725766770353,-1.790226067639766
49.0,158.0,1006.767578125,-2.751388223473793,-3.0835693187935043,0.7504702103665593,3.627748548754682,-0.3477409409175915,2.280615191566161,-0.7703517971699454,2.4816365336934334,-3.5677257667703577,-1.790226067639766
49.0,158.0,1006.767578125,-2.751388223473793,-3.0835694134126683,0.7504702103665593,3.627748548754682,-0.3477409409175915,2.280614879711476,-0.7703517971699454,2.4816365336934334,-3.5677257667703577,-1.790226067639766
49.0,158.0,1006.767578125,-2.7513880783971696,-3.0835694134126683,0.7504702103665593,3.627748548793636,-0.3477409409175915,2.2806133385983465,-0.7703517971699454,2.4816365336934667,-3.567725766770381,-1.790226067639766
49.0,158.0,1006.767578125,-2.751388223473793,-3.083569319341991,0.7504702103665593,3.6277485485420167,-0.3477409409175915,2.280615191566161,-0.7703517978078779,2.4816365336934334,-3.5677257667703577,-1.790226067639766
49.0,158.0,1006.767578125,-2.751388223473793,-3.0835693189409743,0.7504702103665593,3.627748548754682,-0.3477548204449389,2.280614879711476,-0.7703517971699454,2.481636533693466,-3.5677257667703577,-1.790226067639766
49.0,158.0,1006.767578125,-2.751388223473793,-3.083569319341991,0.7504702103665593,3.6277485485420167,-0.3477409409175915,2.280615191566161,-0.7703517978078779,2.4816365336934334,-3.5677257667703577,-1.790226067639766
49.0,158.0,1006.767578125,-2.751388223473793,-3.0835681258417904,0.7504702103665593,3.627748548514655,-0.3477409409175915,2.280615191566161,-0.7703517964533061,2.4816365336934334,-3.5677257667703577,-1.790226067639766
49.0,158.0,1006.767578125,-2.751388223473793,-3.083569379607135,0.7504702103665593,3.627748548514655,-0.3477409409175915,2.280615191566161,-0.7703517964533061,2.4816365336934334,-3.5677257667703577,-1.790226067639766
49.0,158.0,1006.767578125,-2.751389745379844,-3.0835693206002275,0.7504702103665593,3.627748321442983,-0.3477548204449389,2.280612058013524,-0.7703517976353765,2.4816365336934334,-3.567725766770357,-1.790226067639766
49.0,158.0,1006.767578125,-2.751388924842052,-3.0835693187933297,0.7504702103665593,3.627748549614573,-0.347695677542405,2.280622963609296,-0.7703517972349462,2.48163653369347,-3.567725766770373,-1.790226067639766
49.0,158.0,1006.767578125,-2.751388223473793,-3.0835694217740306,0.7504702103665593,3.627748548754682,-0.3477409409175915,2.280614877988309,-0.7703517971699454,2.4816365336934334,-3.5677257667703577,-1.790226067639766
49.0,158.0,1006.767578125,-2.7513875244514843,-3.0835693212985293,0.7504702103665593,3.627748553361479,-0.347753551476038,2.280613376440737,-0.7703517973733106,2.481636533693436,-3.5677257667707023,-1.790226067639766
49.0,158.0,1006.767578125,-2.7513881618534293,-3.0835693188284465,0.7504702103665593,3.6277485485420167,-0.347738671703599,2.280615191566161,-0.7703517964645011,2.4816365336934334,-3.5677257667703577,-1.790226067639766
49.0,158.0,1006.767578125,-2.7513880783971696,-3.0835694134126683,0.7504702103665593,3.627748548793636,-0.3477409409175915,2.2806133385983465,-0.7703517971699454,2.4816365336934667,-3.567725766770381,-1.790226067639766
49.0,158.0,1006.767578125,-2.751388223473793,-3.0835693189409743,0.7504702103665593,3.627748548754682,-0.3477548204449389,2.280614879711476,-0.7703517971699454,2.481636533693466,-3.5677257667703577,-1.790226067639766
49.0,158.0,1006.767578125,-2.7513882896766195,-3.0835693206002275,0.7504702103665593,3.627748557272737,-0.3477548204449389,2.280615170502033,-0.7703517976349553,2.4816365336934334,-3.567725766770357,-1.790226067639766
49.0,158.0,1006.767578125,-2.751388223473793,-3.083569318803471,0.7504702103665593,3.627748548754682,-0.3477409409175915,2.280615191566161,-0.7703517971699454,2.481636533693466,-3.5677257667703577,-1.790226067639766
49.0,158.0,1006.767578125,-2.751388924842052,-3.083569321317936,0.7504702103665593,3.627748549614573,-0.347695677542405,2.280612574244437,-0.7703517972349462,2.48163653369347,-3.5677257667706894,-1.790226067639766
49.0,158.0,1006.767578125,-2.7513881618534293,-3.0835693188284465,0.7504702103665593,3.6277485485420167,-0.347738671703599,2.280615191566161,-0.7703517964645011,2.4816365336934334,-3.5677257667703577,-1.790226067639766
49.0,158.0,1006.767578125,-2.7513882470284385,-3.0835693207669697,0.7504702103665593,3.6277485485420167,-0.3477410896960561,2.2806120572750883,-0.7703517978078779,2.4816365336934334,-3.5677257667703577,-1.790226067639766
49.0,158.0,1006.767578125,-2.751388924842052,-3.083569321288948,0.7504702103665593,3.627748548754686,-0.347695677542405,2.280612574244437,-0.7703517972349462,2.48163653369347,-3.5677257667706894,-1.790226067639766
49.0,158.0,1006.767578125,-2.7513882110031607,-3.0835693188284465,0.7504702103665593,3.6277485481096834,-0.347738671703599,2.280615191566161,-0.7703517964645011,2.4816365336934334,-3.5677257667703577,-1.790226067639766
49.0,158.0,1006.767578125,-2.751388236472036,-3.083569417080546,0.7504702103665593,3.627748548514655,-0.3477409409175915,2.280615191566161,-0.770351797009814,2.4816365336934334,-3.567725766770426,-1.790226067639766
49.0,158.0,1006.767578125,-2.7513881618534293,-3.0835693188284465,0.7504702103665593,3.6277485485420167,-0.347738671703599,2.280615191566161,-0.7703517964645011,2.4816365336934334,-3.5677257667703577,-1.790226067639766
49.0,158.0,1006.767578125,-2.751388223473793,-3.0835680687563043,0.7504702103665593,3.6277485485420167,-0.3477409409175915,2.280615191566161,-0.7703517978078779,2.4816365336934334,-3.5677257667703577,-1.790226067639766
49.0,158.0,1006.767578125,-2.751388223473793,-3.0835693189699627,0.7504702103665593,3.62774854961457,-0.3477548204449389,2.280614879711476,-0.7703517971699454,2.481636533693466,-3.5677257667703577,-1.790226067639766
49.0,158.0,1006.767578125,-2.7513880783971696,-3.0835694134126683,0.7504702103665593,3.627748548793636,-0.3477409409175915,2.2806133385983465,-0.7703517971699454,2.4816365336934667,-3.567725766770381,-1.790226067639766
49.0,158.0,1006.767578125,-2.751388223473793,-3.0835693187935043,0.7504702103665593,3.627748548754682,-0.3477409409175915,2.280615191566161,-0.7703517971828411,2.4816365336934334,-3.5677257667703577,-1.790226067639766
49.0,158.0,1006.767578125,-2.751388223473793,-3.0835681258417904,0.7504702103665593,3.627748548514655,-0.3477409409175915,2.280615196139858,-0.7703517964612467,2.4816365336934334,-3.5677257667703577,-1.790226067639766
49.0,158.0,1006.7676391601562,-2.7513881618534293,-3.0835693188284465,0.7504702103665593,3.6277485485420167,-0.347831725572483,2.280615191566161,-0.7703517968730382,2.4816365336934334,-3.5677257667703577,-1.790226067639766
49.0,158.0,1006.7676391601562,-2.751388914748124,-3.083569318827663,0.7504702103665593,3.6277485485420167,-0.347831725572483,2.28061535622172,-0.7703517968730382,2.4816365336934334,-3.5677257667703577,-1.790226067639766
49.0,158.0,1006.7676391601562,-2.7513774480153352,-3.083569325070187,0.7504702103665593,3.62774831825964,-0.3477446199024318,2.2806230251568604,-0.7703517834447074,2.481636533693432,-3.567725766770425,-1.790226067639766
49.0,158.0,1006.7676391601562,-2.7513774480153352,-3.083569325070187,0.7504702103665593,3.62774831825964,-0.3477446199024318,2.2806155156303274,-0.7703517973359828,2.481636533693432,-3.5677257667703555,-1.790226067639766
49.0,158.0,1006.7676391601562,-2.7513769495950715,-3.08356931874274,0.7504702103665593,3.6277485535798735,-0.3477559659335196,2.2806149837993788,-0.770351781082734,2.481636533693468,-3.567725766770349,-1.790226067639766
49.0,158.0,1006.7676391601562,-2.751388914748124,-3.083569318827663,0.7504702103665593,3.6277485485420167,-0.347831725572483,2.28061535622172,-0.7703517968730382,2.4816365336934334,-3.5677257667703577,-1.790226067639766
49.0,158.0,1006.7677001953124,-2.751388596872881,-3.0835693188010285,0.7504702103665593,3.627748549620739,-0.3479529563207647,2.280613334841726,-0.7703517971748934,2.4816365336934663,-3.567725766770685,-1.790226067639766
49.0,158.0,1006.7677001953124,-2.751388596872881,-3.0835693188229865,0.7504702103665593,3.627748310975521,-0.3479529563207647,2.280613334841726,-0.7703517971748934,2.4816365336934334,-3.567725766770685,-1.790226067639766
49.0,158.0,1006.7677001953124,-2.7513774480153352,-3.0835694161087472,0.7504702103665593,3.62774831825964,-0.3478776276364492,2.2806229359921155,-0.7703517836927114,2.481636533693432,-3.567725766770425,-1.790226067639766
49.0,158.0,1006.7677001953124,-2.751388596872881,-3.083569318932404,0.7504702103665593,3.6277483108328776,-0.3479529563207647,2.2806128830298884,-0.7703517971748934,2.4816365336934334,-3.5677257667706885,-1.790226067639766
49.0,158.0,1006.7677001953124,-2.751388223473793,-3.083569410380551,0.7504702103665593,3.6277485485420167,-0.347873948651609,2.280615102401416,-0.7703517980558817,2.4816365336934334,-3.5677257667703577,-1.790226067639766
49.0,158.0,1006.7677001953124,-2.751388580752865,-3.083569412438816,0.7504702103665593,3.6277483155037022,-0.3479529563207647,2.280613334956682,-0.7703517971748934,2.4816365336934334,-3.567725766770685,-1.790226067639766
49.0,158.0,1006.7677001953124,-2.7513774480153352,-3.0835694161087472,0.7504702103665593,3.62774831825964,-0.3478776276364492,2.2806229359921155,-0.7703517836927114,2.481636533693432,-3.567725766770425,-1.790226067639766
49.0,158.0,1006.7677001953124,-2.751388596872881,-3.083569319371908,0.7504702103665593,3.627748549620641,-0.3479529563207647,2.280613334841726,-0.7703517971748934,2.4816365336934663,-3.567725766770689,-1.790226067639766
49.0,158.0,1006.7677001953124,-2.751388580752865,-3.083569412438816,0.7504702103665593,3.6277483155037022,-0.3479529563207647,2.280613334956682,-0.7703517971748934,2.4816365336934334,-3.567725766770685,-1.790226067639766
49.0,158.0,1006.7677001953124,-2.751388596872881,-3.0835693188266875,0.7504702103665593,3.627748310975981,-0.3479529563207647,2.2806133491718623,-0.7703517971748934,2.4816365336934334,-3.567725766770685,-1.790226067639766
49.0,158.0,1006.7677001953124,-2.7513774350170923,-3.083569378635336,0.7504702103665593,3.62774831825964,-0.3478776276364492,2.2806229359921155,-0.7703517831362036,2.481636533693432,-3.567725766770357,-1.790226067639766
49.0,159.0,1006.7672729492188,-2.751388395213197,-3.083569319341991,0.7504702103665593,3.6277485496798616,-0.3466754396488745,2.280615191566161,-0.7703517978078779,2.481636533693468,-3.5677257667703577,-1.790226067639766
49.0,159.0,1006.7672729492188,-2.751389850916421,-3.083569319341991,0.7504702103665593,3.627748313850107,-0.3466754396488745,2.280612079077653,-0.7703517978082991,2.481636533693468,-3.5677257667703577,-1.790226067639766
49.0,159.0,1006.7672729492188,-2.751389850916421,-3.083569319341991,0.7504702103665593,3.6277485527122697,-0.3466754396488745,2.280612086111796,-0.7703517978082991,2.481636533693435,-3.5677257667703577,-1.790226067639766
49.0,159.0,1006.7672729492188,-2.751388395213197,-3.0835693187711115,0.7504702103665593,3.62774854967996,-0.3466754396488745,2.280615191566161,-0.7703517978078779,2.481636533693468,-3.567725766770353,-1.790226067639766
49.0,159.0,1006.7672729492188,-2.751389850916421,-3.08356932231386,0.7504702103665593,3.627748313850107,-0.3466754396488745,2.280612079077653,-0.7703517964686307,2.481636533693468,-3.5677257667703577,-1.790226067639766
49.0,159.0,1006.7672729492188,-2.7513882497707787,-3.083569319341991,0.7504702103665593,3.6277485496516975,-0.3466776384826382,2.280614657360565,-0.7703517978078779,2.481636533693468,-3.5677257667703577,-1.790226067639766
49.0,159.0,1006.7672729492188,-2.751388395213197,-3.083569319341991,0.7504702103665593,3.6277485496798616,-0.3466754396488745,2.280615191566161,-0.7703517963491826,2.481636533693468,-3.5677257667703577,-1.790226067639766
49.0,159.0,1006.767578125,-2.751388223473793,-3.0835693187935043,0.7504702103665593,3.627748548754682,-0.3477409409175915,2.280615191566161,-0.7703517971699454,2.4816365336934334,-3.5677257667703577,-1.790226067639766
49.0,159.0,1006.767578125,-2.751388223473793,-3.0835694134126683,0.7504702103665593,3.627748548754682,-0.3477409409175915,2.280614879711476,-0.7703517971699454,2.4816365336934334,-3.5677257667703577,-1.790226067639766
49.0,159.0,1006.767578125,-2.7513880783971696,-3.0835694134126683,0.7504702103665593,3.627748548793636,-0.3477409409175915,2.2806133385983465,-0.7703517971699454,2.4816365336934667,-3.567725766770381,-1.790226067639766
49.0,159.0,1006.767578125,-2.751388223473793,-3.083569319341991,0.7504702103665593,3.6277485485420167,-0.3477409409175915,2.280615191566161,-0.7703517978078779,2.4816365336934334,-3.5677257667703577,-1.790226067639766
49.0,159.0,1006.767578125,-2.751388223473793,-3.0835693189409743,0.7504702103665593,3.627748548754682,-0.3477548204449389,2.280614879711476,-0.7703517971699454,2.481636533693466,-3.5677257667703577,-1.790226067639766
49.0,159.0,1006.767578125,-2.751388223473793,-3.083569319341991,0.7504702103665593,3.6277485485420167,-0.3477409409175915,2.280615191566161,-0.7703517978078779,2.4816365336934334,-3.5677257667703577,-1.790226067639766
49.0,159.0,1006.767578125,-2.751388223473793,-3.0835681258417904,0.7504702103665593,3.627748548514655,-0.3477409409175915,2.280615191566161,-0.7703517964533061,2.4816365336934334,-3.5677257667703577,-1.790226067639766
49.0,159.0,1006.767578125,-2.751388223473793,-3.083569379607135,0.7504702103665593,3.627748548514655,-0.3477409409175915,2.280615191566161,-0.7703517964533061,2.4816365336934334,-3.5677257667703577,-1.790226067639766
49.0,159.0,1006.767578125,-2.751389745379844,-3.0835693206002275,0.7504702103665593,3.627748321442983,-0.3477548204449389,2.280612058013524,-0.7703517976353765,2.4816365336934334,-3.567725766770357,-1.790226067639766
49.0,159.0,1006.767578125,-2.751388924842052,-3.0835693187933297,0.7504702103665593,3.627748549614573,-0.347695677542405,2.280622963609296,-0.7703517972349462,2.48163653369347,-3.567725766770373,-1.790226067639766
49.0,159.0,1006.767578125,-2.751388223473793,-3.0835694217740306,0.7504702103665593,3.627748548754682,-0.3477409409175915,2.280614877988309,-0.7703517971699454,2.4816365336934334,-3.5677257667703577,-1.790226067639766
49.0,159.0,1006.767578125,-2.7513875244514843,-3.0835693212985293,0.7504702103665593,3.627748553361479,-0.347753551476038,2.280613376440737,-0.7703517973733106,2.481636533693436,-3.5677257667707023,-1.790226067639766
49.0,159.0,1006.767578125,-2.7513881618534293,-3.0835693188284465,0.7504702103665593,3.6277485485420167,-0.347738671703599,2.280615191566161,-0.7703517964645011,2.4816365336934334,-3.5677257667703577,-1.790226067639766
49.0,159.0,1006.767578125,-2.7513880783971696,-3.0835694134126683,0.7504702103665593,3.627748548793636,-0.3477409409175915,2.2806133385983465,-0.7703517971699454,2.4816365336934667,-3.567725766770381,-1.790226067639766
49.0,159.0,1006.767578125,-2.751388223473793,-3.0835693189409743,0.7504702103665593,3.627748548754682,-0.3477548204449389,2.280614879711476,-0.7703517971699454,2.481636533693466,-3.5677257667703577,-1.790226067639766
49.0,159.0,1006.767578125,-2.7513882896766195,-3.0835693206002275,0.7504702103665593,3.627748557272737,-0.3477548204449389,2.280615170502033,-0.7703517976349553,2.4816365336934334,-3.567725766770357,-1.790226067639766
49.0,159.0,1006.767578125,-2.751388223473793,-3.083569318803471,0.7504702103665593,3.627748548754682,-0.3477409409175915,2.280615191566161,-0.7703517971699454,2.481636533693466,-3.5677257667703577,-1.790226067639766
49.0,159.0,1006.767578125,-2.751388924842052,-3.083569321317936,0.7504702103665593,3.627748549614573,-0.347695677542405,2.280612574244437,-0.7703517972349462,2.48163653369347,-3.5677257667706894,-1.790226067639766
49.0,159.0,1006.767578125,-2.7513881618534293,-3.0835693188284465,0.7504702103665593,3.6277485485420167,-0.347738671703599,2.280615191566161,-0.7703517964645011,2.4816365336934334,-3.5677257667703577,-1.790226067639766
49.0,159.0,1006.767578125,-2.7513882470284385,-3.0835693207669697,0.7504702103665593,3.6277485485420167,-0.3477410896960561,2.2806120572750883,-0.7703517978078779,2.4816365336934334,-3.5677257667703577,-1.790226067639766
49.0,159.0,1006.767578125,-2.751388924842052,-3.083569321288948,0.7504702103665593,3.627748548754686,-0.347695677542405,2.280612574244437,-0.7703517972349462,2.48163653369347,-3.5677257667706894,-1.790226067639766
49.0,159.0,1006.767578125,-2.7513882110031607,-3.0835693188284465,0.7504702103665593,3.6277485481096834,-0.347738671703599,2.280615191566161,-0.7703517964645011,2.4816365336934334,-3.5677257667703577,-1.790226067639766
49.0,159.0,1006.767578125,-2.751388236472036,-3.083569417080546,0.7504702103665593,3.627748548514655,-0.3477409409175915,2.280615191566161,-0.770351797009814,2.4816365336934334,-3.567725766770426,-1.790226067639766
49.0,159.0,1006.767578125,-2.7513881618534293,-3.0835693188284465,0.7504702103665593,3.6277485485420167,-0.347738671703599,2.280615191566161,-0.7703517964645011,2.4816365336934334,-3.5677257667703577,-1.790226067639766
49.0,159.0,1006.767578125,-2.751388223473793,-3.0835680687563043,0.7504702103665593,3.6277485485420167,-0.3477409409175915,2.280615191566161,-0.7703517978078779,2.4816365336934334,-3.5677257667703577,-1.790226067639766
49.0,159.0,1006.767578125,-2.751388223473793,-3.0835693189699627,0.7504702103665593,3.62774854961457,-0.3477548204449389,2.280614879711476,-0.7703517971699454,2.481636533693466,-3.5677257667703577,-1.790226067639766
49.0,159.0,1006.767578125,-2.7513880783971696,-3.0835694134126683,0.7504702103665593,3.627748548793636,-0.3477409409175915,2.2806133385983465,-0.7703517971699454,2.4816365336934667,-3.567725766770381,-1.790226067639766
49.0,159.0,1006.767578125,-2.751388223473793,-3.0835693187935043,0.7504702103665593,3.627748548754682,-0.3477409409175915,2.280615191566161,-0.7703517971828411,2.4816365336934334,-3.5677257667703577,-1.790226067639766
49.0,159.0,1006.767578125,-2.751388223473793,-3.0835681258417904,0.7504702103665593,3.627748548514655,-0.3477409409175915,2.280615196139858,-0.7703517964612467,2.4816365336934334,-3.5677257667703577,-1.790226067639766
49.0,159.0,1006.767578125,-2.751388223473793,-3.083569423345545,0.7504702103665593,3.627748548754682,-0.3477394409862289,2.280614877988309,-0.7703517971699454,2.4816365336934334,-3.5677257667703577,-1.790226067639766
49.0,159.0,1006.767578125,-2.7513875244514843,-3.083568065949337,0.7504702103665593,3.627748553485772,-0.3477535399462759,2.280615166108535,-0.7703517965142554,2.481636533693436,-3.5677257667707023,-1.790226067639766
49.0,159.0,1006.767578125,-2.751388222970836,-3.0835694134126683,0.7504702103665593,3.6277485487537233,-0.3477409409175915,2.2806133385983465,-0.7703517971699454,2.4816365336934667,-3.567725766770381,-1.790226067639766
49.0,159.0,1006.767578125,-2.7513880783971696,-3.083569418917508,0.7504702103665593,3.627748548894536,-0.3477409409175915,2.280613309885434,-0.7703517971699454,2.4816365336934667,-3.5677257667703817,-1.790226067639766
49.0,159.0,1006.767578125,-2.7513882200348685,-3.0835694134126683,0.7504702103665593,3.627748548754629,-0.3477409409175915,2.280614879711476,-0.7703517971699454,2.4816365336934334,-3.5677257667703803,-1.790226067639766
49.0,159.0,1006.767578125,-2.751388225229221,-3.083569318979541,0.7504702103665593,3.62774854961457,-0.3477387080750913,2.280614879711476,-0.7703517964590194,2.481636533693433,-3.5677257667703577,-1.790226067639766
49.0,159.0,1006.767578125,-2.751388918948096,-3.083569318937509,0.7504702103665593,3.627748548754682,-0.3477539669100263,2.2806150744487903,-0.7703517972343621,2.481636533693466,-3.5677257667703577,-1.790226067639766
49.0,159.0,1006.767578125,-2.751388924842052,-3.083569321288948,0.7504702103665593,3.6277485487832624,-0.347695677542405,2.2806125763873144,-0.7703517972349462,2.48163653369347,-3.5677257667706894,-1.790226067639766
49.0,159.0,1006.767578125,-2.751388223473793,-3.0835692933728964,0.7504702103665593,3.627748548534732,-0.3477409409175915,2.280615191566161,-0.77035179716451,2.481636533693432,-3.5677257667703577,-1.790226067639766
49.0,159.0,1006.767578125,-2.751388222233717,-3.083568087854072,0.7504702103665593,3.627748548514655,-0.3477409409175915,2.280615191566161,-0.7703517977058368,2.4816365336934334,-3.5677257667703577,-1.790226067639766
49.0,159.0,1006.767578125,-2.7513880818360943,-3.0835694134126683,0.7504702103665593,3.6277485487936887,-0.3477409409175915,2.2806133385983465,-0.7703517971699454,2.4816365336934667,-3.567725766770358,-1.790226067639766
49.0,159.0,1006.767578125,-2.751388160098001,-3.083569318818868,0.7504702103665593,3.6277485485420167,-0.3477547840734466,2.280615191566161,-0.7703517971754272,2.481636533693466,-3.5677257667703577,-1.790226067639766
49.0,159.0,1006.767578125,-2.751388223473793,-3.083569376635266,0.7504702103665593,3.627748548514655,-0.3477409409175915,2.280615191566161,-0.7703517977929745,2.4816365336934334,-3.5677257667703577,-1.790226067639766
49.0,159.0,1006.767578125,-2.7513882199266746,-3.083569319341991,0.7504702103665593,3.6277485485420167,-0.3477409409175915,2.280615191566161,-0.7703517978340332,2.4816365336934334,-3.5677257667703577,-1.790226067639766
49.0,160.0,1006.7672729492188,-2.751388395213197,-3.083569319341991,0.7504702103665593,3.6277485496798616,-0.3466754396488745,2.280615191566161,-0.7703517978078779,2.481636533693468,-3.5677257667703577,-1.790226067639766
49.0,160.0,1006.7672729492188,-2.751389850916421,-3.083569319341991,0.7504702103665593,3.627748313850107,-0.3466754396488745,2.280612079077653,-0.7703517978082991,2.481636533693468,-3.5677257667703577,-1.790226067639766
49.0,160.0,1006.7672729492188,-2.751389850916421,-3.083569319341991,0.7504702103665593,3.6277485527122697,-0.3466754396488745,2.280612086111796,-0.7703517978082991,2.481636533693435,-3.5677257667703577,-1.790226067639766
49.0,160.0,1006.7672729492188,-2.751388395213197,-3.0835693187711115,0.7504702103665593,3.62774854967996,-0.3466754396488745,2.280615191566161,-0.7703517978078779,2.481636533693468,-3.567725766770353,-1.790226067639766
49.0,160.0,1006.7672729492188,-2.751389850916421,-3.08356932231386,0.7504702103665593,3.627748313850107,-0.3466754396488745,2.280612079077653,-0.7703517964686307,2.481636533693468,-3.5677257667703577,-1.790226067639766
49.0,160.0,1006.7672729492188,-2.7513882497707787,-3.083569319341991,0.7504702103665593,3.6277485496516975,-0.3466776384826382,2.280614657360565,-0.7703517978078779,2.481636533693468,-3.5677257667703577,-1.790226067639766
49.0,160.0,1006.7672729492188,-2.751388395213197,-3.083569319341991,0.7504702103665593,3.6277485496798616,-0.3466754396488745,2.280615191566161,-0.7703517963491826,2.481636533693468,-3.5677257667703577,-1.790226067639766
49.0,160.0,1006.7672729492188,-2.7513882657598434,-3.0835694206456474,0.7504702103665593,3.6277485496516975,-0.3466776384826382,2.280614657360565,-0.7703517971425462,2.481636533693468,-3.5677257667703577,-1.790226067639766
49.0,160.0,1006.7672729492188,-2.751388395213197,-3.083569319341991,0.7504702103665593,3.6277485496798616,-0.3466754396488745,2.280615191566161,-0.7703517963830834,2.481636533693468,-3.5677257667703577,-1.790226067639766
49.0,160.0,1006.7672729492188,-2.7513882099360405,-3.083569322386867,0.7504702103665593,3.627748309580287,-0.3466810963802853,2.280612079077653,-0.7703517964942946,2.481636533693468,-3.5677257667703577,-1.790226067639766
49.0,160.0,1006.7672729492188,-2.7513882168710047,-3.083569319341991,0.7504702103665593,3.627748548747327,-0.3466368509504258,2.280615191566161,-0.7703517971914785,2.481636533693468,-3.5677257667703577,-1.790226067639766
49.0,160.0,1006.7672729492188,-2.751388395213197,-3.083569319341991,0.7504702103665593,3.6277485496798616,-0.3466754396488745,2.280615191566161,-0.7703517977739772,2.481636533693468,-3.5677257667703577,-1.790226067639766
49.0,160.0,1006.7672729492188,-2.751388184920279,-3.0835693193743543,0.7504702103665593,3.627748549005042,-0.3466776384826382,2.280614657360565,-0.7703517965185009,2.481636533693468,-3.5677257667703577,-1.790226067639766
49.0,160.0,1006.7675170898438,-2.751388223473793,-3.0835680687563043,0.7504702103665593,3.62774854859264,-0.3476383576960232,2.280615191566161,-0.7703517978078779,2.4816365336934347,-3.5677257667703577,-1.790226067639766
49.0,160.0,1006.767578125,-2.751388223473793,-3.0835693187935043,0.7504702103665593,3.627748548754682,-0.3477409409175915,2.280615191566161,-0.7703517971699454,2.4816365336934334,-3.5677257667703577,-1.790226067639766
49.0,160.0,1006.767578125,-2.751388223473793,-3.0835694134126683,0.7504702103665593,3.627748548754682,-0.3477409409175915,2.280614879711476,-0.7703517971699454,2.4816365336934334,-3.5677257667703577,-1.790226067639766
49.0,160.0,1006.767578125,-2.7513880783971696,-3.0835694134126683,0.7504702103665593,3.627748548793636,-0.3477409409175915,2.2806133385983465,-0.7703517971699454,2.4816365336934667,-3.567725766770381,-1.790226067639766
49.0,160.0,1006.767578125,-2.751388223473793,-3.083569319341991,0.7504702103665593,3.6277485485420167,-0.3477409409175915,2.280615191566161,-0.7703517978078779,2.4816365336934334,-3.5677257667703577,-1.790226067639766
49.0,160.0,1006.767578125,-2.751388223473793,-3.0835693189409743,0.7504702103665593,3.627748548754682,-0.3477548204449389,2.280614879711476,-0.7703517971699454,2.481636533693466,-3.5677257667703577,-1.790226067639766
49.0,160.0,1006.767578125,-2.751388223473793,-3.083569319341991,0.7504702103665593,3.6277485485420167,-0.3477409409175915,2.280615191566161,-0.7703517978078779,2.4816365336934334,-3.5677257667703577,-1.790226067639766
49.0,160.0,1006.767578125,-2.751388223473793,-3.0835681258417904,0.7504702103665593,3.627748548514655,-0.3477409409175915,2.280615191566161,-0.7703517964533061,2.4816365336934334,-3.5677257667703577,-1.790226067639766
49.0,160.0,1006.767578125,-2.751388223473793,-3.083569379607135,0.7504702103665593,3.627748548514655,-0.3477409409175915,2.280615191566161,-0.7703517964533061,2.4816365336934334,-3.5677257667703577,-1.790226067639766
49.0,160.0,1006.767578125,-2.751389745379844,-3.0835693206002275,0.7504702103665593,3.627748321442983,-0.3477548204449389,2.280612058013524,-0.7703517976353765,2.4816365336934334,-3.567725766770357,-1.790226067639766
49.0,160.0,1006.767578125,-2.751388924842052,-3.0835693187933297,0.7504702103665593,3.627748549614573,-0.347695677542405,2.280622963609296,-0.7703517972349462,2.48163653369347,-3.567725766770373,-1.790226067639766
49.0,160.0,1006.767578125,-2.751388223473793,-3.0835694217740306,0.7504702103665593,3.627748548754682,-0.3477409409175915,2.280614877988309,-0.7703517971699454,2.4816365336934334,-3.5677257667703577,-1.790226067639766
49.0,160.0,1006.767578125,-2.7513875244514843,-3.0835693212985293,0.7504702103665593,3.627748553361479,-0.347753551476038,2.280613376440737,-0.7703517973733106,2.481636533693436,-3.5677257667707023,-1.790226067639766
49.0,160.0,1006.767578125,-2.7513881618534293,-3.0835693188284465,0.7504702103665593,3.6277485485420167,-0.347738671703599,2.280615191566161,-0.7703517964645011,2.4816365336934334,-3.5677257667703577,-1.790226067639766
49.0,160.0,1006.767578125,-2.7513880783971696,-3.0835694134126683,0.7504702103665593,3.627748548793636,-0.3477409409175915,2.2806133385983465,-0.7703517971699454,2.4816365336934667,-3.567725766770381,-1.790226067639766
49.0,160.0,1006.767578125,-2.751388223473793,-3.0835693189409743,0.7504702103665593,3.627748548754682,-0.3477548204449389,2.280614879711476,-0.7703517971699454,2.481636533693466,-3.5677257667703577,-1.790226067639766
49.0,160.0,1006.767578125,-2.7513882896766195,-3.0835693206002275,0.7504702103665593,3.627748557272737,-0.3477548204449389,2.280615170502033,-0.7703517976349553,2.4816365336934334,-3.567725766770357,-1.790226067639766
49.0,160.0,1006.767578125,-2.751388223473793,-3.083569318803471,0.7504702103665593,3.627748548754682,-0.3477409409175915,2.280615191566161,-0.7703517971699454,2.481636533693466,-3.5677257667703577,-1.790226067639766
49.0,160.0,1006.767578125,-2.751388924842052,-3.083569321317936,0.7504702103665593,3.627748549614573,-0.347695677542405,2.280612574244437,-0.7703517972349462,2.48163653369347,-3.5677257667706894,-1.790226067639766
49.0,160.0,1006.767578125,-2.7513881618534293,-3.0835693188284465,0.7504702103665593,3.6277485485420167,-0.347738671703599,2.280615191566161,-0.7703517964645011,2.4816365336934334,-3.5677257667703577,-1.790226067639766
49.0,160.0,1006.767578125,-2.7513882470284385,-3.0835693207669697,0.7504702103665593,3.6277485485420167,-0.3477410896960561,2.2806120572750883,-0.7703517978078779,2.4816365336934334,-3.5677257667703577,-1.790226067639766
49.0,160.0,1006.767578125,-2.751388924842052,-3.083569321288948,0.7504702103665593,3.627748548754686,-0.347695677542405,2.280612574244437,-0.7703517972349462,2.48163653369347,-3.5677257667706894,-1.790226067639766
49.0,160.0,1006.767578125,-2.7513882110031607,-3.0835693188284465,0.7504702103665593,3.6277485481096834,-0.347738671703599,2.280615191566161,-0.7703517964645011,2.4816365336934334,-3.5677257667703577,-1.790226067639766
49.0,160.0,1006.767578125,-2.751388236472036,-3.083569417080546,0.7504702103665593,3.627748548514655,-0.3477409409175915,2.280615191566161,-0.770351797009814,2.4816365336934334,-3.567725766770426,-1.790226067639766
49.0,160.0,1006.767578125,-2.7513881618534293,-3.0835693188284465,0.7504702103665593,3.6277485485420167,-0.347738671703599,2.280615191566161,-0.7703517964645011,2.4816365336934334,-3.5677257667703577,-1.790226067639766
49.0,160.0,1006.767578125,-2.751388223473793,-3.0835680687563043,0.7504702103665593,3.6277485485420167,-0.3477409409175915,2.280615191566161,-0.7703517978078779,2.4816365336934334,-3.5677257667703577,-1.790226067639766
49.0,160.0,1006.767578125,-2.751388223473793,-3.0835693189699627,0.7504702103665593,3.62774854961457,-0.3477548204449389,2.280614879711476,-0.7703517971699454,2.481636533693466,-3.5677257667703577,-1.790226067639766
49.0,160.0,1006.767578125,-2.7513880783971696,-3.0835694134126683,0.7504702103665593,3.627748548793636,-0.3477409409175915,2.2806133385983465,-0.7703517971699454,2.4816365336934667,-3.567725766770381,-1.790226067639766
49.0,160.0,1006.767578125,-2.751388223473793,-3.0835693187935043,0.7504702103665593,3.627748548754682,-0.3477409409175915,2.280615191566161,-0.7703517971828411,2.4816365336934334,-3.5677257667703577,-1.790226067639766
49.0,160.0,1006.767578125,-2.751388223473793,-3.0835681258417904,0.7504702103665593,3.627748548514655,-0.3477409409175915,2.280615196139858,-0.7703517964612467,2.4816365336934334,-3.5677257667703577,-1.790226067639766
49.0,160.0,1006.767578125,-2.751388223473793,-3.083569423345545,0.7504702103665593,3.627748548754682,-0.3477394409862289,2.280614877988309,-0.7703517971699454,2.4816365336934334,-3.5677257667703577,-1.790226067639766
49.0,160.0,1006.767578125,-2.7513875244514843,-3.083568065949337,0.7504702103665593,3.627748553485772,-0.3477535399462759,2.280615166108535,-0.7703517965142554,2.481636533693436,-3.5677257667707023,-1.790226067639766
49.0,160.0,1006.767578125,-2.751388222970836,-3.0835694134126683,0.7504702103665593,3.6277485487537233,-0.3477409409175915,2.2806133385983465,-0.7703517971699454,2.4816365336934667,-3.567725766770381,-1.790226067639766
49.0,160.0,1006.767578125,-2.7513880783971696,-3.083569418917508,0.7504702103665593,3.627748548894536,-0.3477409409175915,2.280613309885434,-0.7703517971699454,2.4816365336934667,-3.5677257667703817,-1.790226067639766
49.0,160.0,1006.767578125,-2.7513882200348685,-3.0835694134126683,0.7504702103665593,3.627748548754629,-0.3477409409175915,2.280614879711476,-0.7703517971699454,2.4816365336934334,-3.5677257667703803,-1.790226067639766
49.0,160.0,1006.767578125,-2.751388225229221,-3.083569318979541,0.7504702103665593,3.62774854961457,-0.3477387080750913,2.280614879711476,-0.7703517964590194,2.481636533693433,-3.5677257667703577,-1.790226067639766
49.0,160.0,1006.767578125,-2.751388918948096,-3.083569318937509,0.7504702103665593,3.627748548754682,-0.3477539669100263,2.2806150744487903,-0.7703517972343621,2.481636533693466,-3.5677257667703577,-1.790226067639766
49.0,161.0,1006.7672729492188,-2.751388395213197,-3.083569319341991,0.7504702103665593,3.6277485496798616,-0.3466754396488745,2.280615191566161,-0.7703517978078779,2.481636533693468,-3.5677257667703577,-1.790226067639766
49.0,161.0,1006.7672729492188,-2.751389850916421,-3.083569319341991,0.7504702103665593,3.627748313850107,-0.3466754396488745,2.280612079077653,-0.7703517978082991,2.481636533693468,-3.5677257667703577,-1.790226067639766
49.0,161.0,1006.7672729492188,-2.751389850916421,-3.083569319341991,0.7504702103665593,3.6277485527122697,-0.3466754396488745,2.280612086111796,-0.7703517978082991,2.481636533693435,-3.5677257667703577,-1.790226067639766
49.0,161.0,1006.7672729492188,-2.751388395213197,-3.0835693187711115,0.7504702103665593,3.62774854967996,-0.3466754396488745,2.280615191566161,-0.7703517978078779,2.481636533693468,-3.567725766770353,-1.790226067639766
49.0,161.0,1006.7672729492188,-2.751389850916421,-3.08356932231386,0.7504702103665593,3.627748313850107,-0.3466754396488745,2.280612079077653,-0.7703517964686307,2.481636533693468,-3.5677257667703577,-1.790226067639766
49.0,161.0,1006.7672729492188,-2.7513882497707787,-3.083569319341991,0.7504702103665593,3.6277485496516975,-0.3466776384826382,2.280614657360565,-0.7703517978078779,2.481636533693468,-3.5677257667703577,-1.790226067639766
49.0,161.0,1006.7672729492188,-2.751388395213197,-3.083569319341991,0.7504702103665593,3.6277485496798616,-0.3466754396488745,2.280615191566161,-0.7703517963491826,2.481636533693468,-3.5677257667703577,-1.790226067639766
49.0,161.0,1006.7672729492188,-2.7513882657598434,-3.0835694206456474,0.7504702103665593,3.6277485496516975,-0.3466776384826382,2.280614657360565,-0.7703517971425462,2.481636533693468,-3.5677257667703577,-1.790226067639766
49.0,161.0,1006.7672729492188,-2.751388395213197,-3.083569319341991,0.7504702103665593,3.6277485496798616,-0.3466754396488745,2.280615191566161,-0.7703517963830834,2.481636533693468,-3.5677257667703577,-1.790226067639766
49.0,161.0,1006.7672729492188,-2.7513882099360405,-3.083569322386867,0.7504702103665593,3.627748309580287,-0.3466810963802853,2.280612079077653,-0.7703517964942946,2.481636533693468,-3.5677257667703577,-1.790226067639766
49.0,161.0,1006.7672729492188,-2.7513882168710047,-3.083569319341991,0.7504702103665593,3.627748548747327,-0.3466368509504258,2.280615191566161,-0.7703517971914785,2.481636533693468,-3.5677257667703577,-1.790226067639766
49.0,161.0,1006.7672729492188,-2.751388395213197,-3.083569319341991,0.7504702103665593,3.6277485496798616,-0.3466754396488745,2.280615191566161,-0.7703517977739772,2.481636533693468,-3.5677257667703577,-1.790226067639766
49.0,161.0,1006.7672729492188,-2.751388184920279,-3.0835693193743543,0.7504702103665593,3.627748549005042,-0.3466776384826382,2.280614657360565,-0.7703517965185009,2.481636533693468,-3.5677257667703577,-1.790226067639766
49.0,161.0,1006.7672729492188,-2.7513898394269853,-3.08356932231386,0.7504702103665593,3.627748316505467,-0.3466778829585437,2.280612079077653,-0.7703517964686307,2.481636533693468,-3.5677257667703577,-1.790226067639766
49.0,161.0,1006.7672729492188,-2.751388223257824,-3.083569319341991,0.7504702103665593,3.62774855090556,-0.3466480178536706,2.28061212571107,-0.7703517977957828,2.4816365336934334,-3.5677257667703577,-1.790226067639766
49.0,161.0,1006.7672729492188,-2.751388077310696,-3.0835694134126683,0.7504702103665593,3.627748548793636,-0.3466526465160778,2.280615171948401,-0.7703517971699454,2.4816365336934667,-3.567725766770381,-1.790226067639766
49.0,161.0,1006.7672729492188,-2.75138822566223,-3.0835693187935043,0.7504702103665593,3.627748548754682,-0.3467402575512262,2.280615191566161,-0.7703517971997085,2.4816365336934334,-3.5677257667703577,-1.790226067639766
49.0,161.0,1006.7672729492188,-2.751389850916421,-3.0835693165815763,0.7504702103665593,3.627748550183372,-0.3466505343851936,2.280612079077653,-0.7703517965494596,2.481636533693468,-3.5677257667703577,-1.790226067639766
49.0,161.0,1006.7672729492188,-2.751388395213197,-3.0835693187711115,0.7504702103665593,3.62774854967996,-0.3466754396488745,2.280615191566161,-0.7703517978078779,2.481636533693468,-3.567725766770353,-1.790226067639766
49.0,161.0,1006.7672729492188,-2.751388223473793,-3.083569319341991,0.7504702103665593,3.6277485485420167,-0.3465757770150049,2.280615191566161,-0.7703517978078779,2.481636533693432,-3.5677257667703577,-1.790226067639766
49.0,161.0,1006.7672729492188,-2.7513889419160225,-3.0835693212712942,0.7504702103665593,3.627748558505236,-0.3466754396488745,2.280612566813565,-0.7703517964170788,2.481636533693468,-3.5677257667703364,-1.790226067639766
49.0,161.0,1006.7672729492188,-2.7513884166364657,-3.083569319341991,0.7504702103665593,3.6277485560343807,-0.3466754396488745,2.280615191566161,-0.7703517978078779,2.481636533693468,-3.5677257667703577,-1.790226067639766
49.0,161.0,1006.7675170898438,-2.751388223473793,-3.0835680687563043,0.7504702103665593,3.62774854859264,-0.3476383576960232,2.280615191566161,-0.7703517978078779,2.4816365336934347,-3.5677257667703577,-1.790226067639766
49.0,161.0,1006.7675170898438,-2.751388223473793,-3.0835680687563043,0.7504702103665593,3.62774854859264,-0.3476383576960232,2.280615191566161,-0.7703517978078779,2.4816365336934347,-3.5677257667703577,-1.790226067639766
49.0,161.0,1006.7675170898438,-2.7513882244838794,-3.0835693187935043,0.7504702103665593,3.627748548754682,-0.3476288768220716,2.280615225525058,-0.7703517971699454,2.4816365336934334,-3.5677257667703577,-1.790226067639766
49.0,161.0,1006.767578125,-2.751388223473793,-3.0835693187935043,0.7504702103665593,3.627748548754682,-0.3477409409175915,2.280615191566161,-0.7703517971699454,2.4816365336934334,-3.5677257667703577,-1.790226067639766
49.0,161.0,1006.767578125,-2.751388223473793,-3.0835694134126683,0.7504702103665593,3.627748548754682,-0.3477409409175915,2.280614879711476,-0.7703517971699454,2.4816365336934334,-3.5677257667703577,-1.790226067639766
49.0,161.0,1006.767578125,-2.7513880783971696,-3.0835694134126683,0.7504702103665593,3.627748548793636,-0.3477409409175915,2.2806133385983465,-0.7703517971699454,2.4816365336934667,-3.567725766770381,-1.790226067639766
49.0,161.0,1006.767578125,-2.751388223473793,-3.083569319341991,0.7504702103665593,3.6277485485420167,-0.3477409409175915,2.280615191566161,-0.7703517978078779,2.4816365336934334,-3.5677257667703577,-1.790226067639766
49.0,161.0,1006.767578125,-2.751388223473793,-3.0835693189409743,0.7504702103665593,3.627748548754682,-0.3477548204449389,2.280614879711476,-0.7703517971699454,2.481636533693466,-3.5677257667703577,-1.790226067639766
49.0,161.0,1006.767578125,-2.751388223473793,-3.083569319341991,0.7504702103665593,3.6277485485420167,-0.3477409409175915,2.280615191566161,-0.7703517978078779,2.4816365336934334,-3.5677257667703577,-1.790226067639766
49.0,161.0,1006.767578125,-2.751388223473793,-3.0835681258417904,0.7504702103665593,3.627748548514655,-0.3477409409175915,2.280615191566161,-0.7703517964533061,2.4816365336934334,-3.5677257667703577,-1.790226067639766
49.0,161.0,1006.767578125,-2.751388223473793,-3.083569379607135,0.7504702103665593,3.627748548514655,-0.3477409409175915,2.280615191566161,-0.7703517964533061,2.4816365336934334,-3.5677257667703577,-1.790226067639766
49.0,161.0,1006.767578125,-2.751389745379844,-3.0835693206002275,0.7504702103665593,3.627748321442983,-0.3477548204449389,2.280612058013524,-0.7703517976353765,2.4816365336934334,-3.567725766770357,-1.790226067639766
49.0,161.0,1006.767578125,-2.751388924842052,-3.0835693187933297,0.7504702103665593,3.627748549614573,-0.347695677542405,2.280622963609296,-0.7703517972349462,2.48163653369347,-3.567725766770373,-1.790226067639766
49.0,161.0,1006.767578125,-2.751388223473793,-3.0835694217740306,0.7504702103665593,3.627748548754682,-0.3477409409175915,2.280614877988309,-0.7703517971699454,2.4816365336934334,-3.5677257667703577,-1.790226067639766
49.0,161.0,1006.767578125,-2.7513875244514843,-3.0835693212985293,0.7504702103665593,3.627748553361479,-0.347753551476038,2.280613376440737,-0.7703517973733106,2.481636533693436,-3.5677257667707023,-1.790226067639766
49.0,161.0,1006.767578125,-2.7513881618534293,-3.0835693188284465,0.7504702103665593,3.6277485485420167,-0.347738671703599,2.280615191566161,-0.7703517964645011,2.4816365336934334,-3.5677257667703577,-1.790226067639766
49.0,161.0,1006.767578125,-2.7513880783971696,-3.0835694134126683,0.7504702103665593,3.627748548793636,-0.3477409409175915,2.2806133385983465,-0.7703517971699454,2.4816365336934667,-3.567725766770381,-1.790226067639766
49.0,161.0,1006.767578125,-2.751388223473793,-3.0835693189409743,0.7504702103665593,3.627748548754682,-0.3477548204449389,2.280614879711476,-0.7703517971699454,2.481636533693466,-3.5677257667703577,-1.790226067639766
49.0,161.0,1006.767578125,-2.7513882896766195,-3.0835693206002275,0.7504702103665593,3.627748557272737,-0.3477548204449389,2.280615170502033,-0.7703517976349553,2.4816365336934334,-3.567725766770357,-1.790226067639766
49.0,161.0,1006.767578125,-2.751388223473793,-3.083569318803471,0.7504702103665593,3.627748548754682,-0.3477409409175915,2.280615191566161,-0.7703517971699454,2.481636533693466,-3.5677257667703577,-1.790226067639766
49.0,161.0,1006.767578125,-2.751388924842052,-3.083569321317936,0.7504702103665593,3.627748549614573,-0.347695677542405,2.280612574244437,-0.7703517972349462,2.48163653369347,-3.5677257667706894,-1.790226067639766
49.0,161.0,1006.767578125,-2.7513881618534293,-3.0835693188284465,0.7504702103665593,3.6277485485420167,-0.347738671703599,2.280615191566161,-0.7703517964645011,2.4816365336934334,-3.5677257667703577,-1.790226067639766
49.0,161.0,1006.767578125,-2.7513882470284385,-3.0835693207669697,0.7504702103665593,3.6277485485420167,-0.3477410896960561,2.2806120572750883,-0.7703517978078779,2.4816365336934334,-3.5677257667703577,-1.790226067639766
49.0,161.0,1006.767578125,-2.751388924842052,-3.083569321288948,0.7504702103665593,3.627748548754686,-0.347695677542405,2.280612574244437,-0.7703517972349462,2.48163653369347,-3.5677257667706894,-1.790226067639766
49.0,161.0,1006.767578125,-2.7513882110031607,-3.0835693188284465,0.7504702103665593,3.6277485481096834,-0.347738671703599,2.280615191566161,-0.7703517964645011,2.4816365336934334,-3.5677257667703577,-1.790226067639766
49.0,161.0,1006.767578125,-2.751388236472036,-3.083569417080546,0.7504702103665593,3.627748548514655,-0.3477409409175915,2.280615191566161,-0.770351797009814,2.4816365336934334,-3.567725766770426,-1.790226067639766
49.0,161.0,1006.767578125,-2.7513881618534293,-3.0835693188284465,0.7504702103665593,3.6277485485420167,-0.347738671703599,2.280615191566161,-0.7703517964645011,2.4816365336934334,-3.5677257667703577,-1.790226067639766
49.0,161.0,1006.767578125,-2.751388223473793,-3.0835680687563043,0.7504702103665593,3.6277485485420167,-0.3477409409175915,2.280615191566161,-0.7703517978078779,2.4816365336934334,-3.5677257667703577,-1.790226067639766
49.0,162.0,1006.7672729492188,-2.751388395213197,-3.083569319341991,0.7504702103665593,3.6277485496798616,-0.3466754396488745,2.280615191566161,-0.7703517978078779,2.481636533693468,-3.5677257667703577,-1.790226067639766
49.0,162.0,1006.7672729492188,-2.751389850916421,-3.083569319341991,0.7504702103665593,3.627748313850107,-0.3466754396488745,2.280612079077653,-0.7703517978082991,2.481636533693468,-3.5677257667703577,-1.790226067639766
49.0,162.0,1006.7672729492188,-2.751389850916421,-3.083569319341991,0.7504702103665593,3.6277485527122697,-0.3466754396488745,2.280612086111796,-0.7703517978082991,2.481636533693435,-3.5677257667703577,-1.790226067639766
49.0,162.0,1006.7672729492188,-2.751388395213197,-3.0835693187711115,0.7504702103665593,3.62774854967996,-0.3466754396488745,2.280615191566161,-0.7703517978078779,2.481636533693468,-3.567725766770353,-1.790226067639766
49.0,162.0,1006.7672729492188,-2.751389850916421,-3.08356932231386,0.7504702103665593,3.627748313850107,-0.3466754396488745,2.280612079077653,-0.7703517964686307,2.481636533693468,-3.5677257667703577,-1.790226067639766
49.0,162.0,1006.7672729492188,-2.7513882497707787,-3.083569319341991,0.7504702103665593,3.6277485496516975,-0.3466776384826382,2.280614657360565,-0.7703517978078779,2.481636533693468,-3.5677257667703577,-1.790226067639766
49.0,162.0,1006.7672729492188,-2.751388395213197,-3.083569319341991,0.7504702103665593,3.6277485496798616,-0.3466754396488745,2.280615191566161,-0.7703517963491826,2.481636533693468,-3.5677257667703577,-1.790226067639766
49.0,162.0,1006.7672729492188,-2.7513882657598434,-3.0835694206456474,0.7504702103665593,3.6277485496516975,-0.3466776384826382,2.280614657360565,-0.7703517971425462,2.481636533693468,-3.5677257667703577,-1.790226067639766
49.0,162.0,1006.7672729492188,-2.751388395213197,-3.083569319341991,0.7504702103665593,3.6277485496798616,-0.3466754396488745,2.280615191566161,-0.7703517963830834,2.481636533693468,-3.5677257667703577,-1.790226067639766
49.0,162.0,1006.7672729492188,-2.7513882099360405,-3.083569322386867,0.7504702103665593,3.627748309580287,-0.3466810963802853,2.280612079077653,-0.7703517964942946,2.481636533693468,-3.5677257667703577,-1.790226067639766
49.0,162.0,1006.7672729492188,-2.7513882168710047,-3.083569319341991,0.7504702103665593,3.627748548747327,-0.3466368509504258,2.280615191566161,-0.7703517971914785,2.481636533693468,-3.5677257667703577,-1.790226067639766
49.0,162.0,1006.7672729492188,-2.751388395213197,-3.083569319341991,0.7504702103665593,3.6277485496798616,-0.3466754396488745,2.280615191566161,-0.7703517977739772,2.481636533693468,-3.5677257667703577,-1.790226067639766
49.0,162.0,1006.7672729492188,-2.751388184920279,-3.0835693193743543,0.7504702103665593,3.627748549005042,-0.3466776384826382,2.280614657360565,-0.7703517965185009,2.481636533693468,-3.5677257667703577,-1.790226067639766
49.0,162.0,1006.7672729492188,-2.7513898394269853,-3.08356932231386,0.7504702103665593,3.627748316505467,-0.3466778829585437,2.280612079077653,-0.7703517964686307,2.481636533693468,-3.5677257667703577,-1.790226067639766
49.0,162.0,1006.7672729492188,-2.751388223257824,-3.083569319341991,0.7504702103665593,3.62774855090556,-0.3466480178536706,2.28061212571107,-0.7703517977957828,2.4816365336934334,-3.5677257667703577,-1.790226067639766
49.0,162.0,1006.7672729492188,-2.751388077310696,-3.0835694134126683,0.7504702103665593,3.627748548793636,-0.3466526465160778,2.280615171948401,-0.7703517971699454,2.4816365336934667,-3.567725766770381,-1.790226067639766
49.0,162.0,1006.7672729492188,-2.75138822566223,-3.0835693187935043,0.7504702103665593,3.627748548754682,-0.3467402575512262,2.280615191566161,-0.7703517971997085,2.4816365336934334,-3.5677257667703577,-1.790226067639766
49.0,162.0,1006.7672729492188,-2.751389850916421,-3.0835693165815763,0.7504702103665593,3.627748550183372,-0.3466505343851936,2.280612079077653,-0.7703517965494596,2.481636533693468,-3.5677257667703577,-1.790226067639766
49.0,162.0,1006.7672729492188,-2.751388395213197,-3.0835693187711115,0.7504702103665593,3.62774854967996,-0.3466754396488745,2.280615191566161,-0.7703517978078779,2.481636533693468,-3.567725766770353,-1.790226067639766
49.0,162.0,1006.7672729492188,-2.751388223473793,-3.083569319341991,0.7504702103665593,3.6277485485420167,-0.3465757770150049,2.280615191566161,-0.7703517978078779,2.481636533693432,-3.5677257667703577,-1.790226067639766
49.0,162.0,1006.7672729492188,-2.7513889419160225,-3.0835693212712942,0.7504702103665593,3.627748558505236,-0.3466754396488745,2.280612566813565,-0.7703517964170788,2.481636533693468,-3.5677257667703364,-1.790226067639766
49.0,162.0,1006.7672729492188,-2.7513884166364657,-3.083569319341991,0.7504702103665593,3.6277485560343807,-0.3466754396488745,2.280615191566161,-0.7703517978078779,2.481636533693468,-3.5677257667703577,-1.790226067639766
49.0,162.0,1006.7672729492188,-2.7513881618534293,-3.083569321410004,0.7504702103665593,3.6277485485420167,-0.3467212956259947,2.280615191566161,-0.7703517964150498,2.481636533693472,-3.5677257667703577,-1.790226067639766
49.0,162.0,1006.7672729492188,-2.7513882099360405,-3.083569322386867,0.7504702103665593,3.627748309580287,-0.3466798427661265,2.280612079077653,-0.7703517964942946,2.481636533693468,-3.5677257667703577,-1.790226067639766
49.0,162.0,1006.7672729492188,-2.751389841005098,-3.0835693187711115,0.7504702103665593,3.62774854967996,-0.3466754396488745,2.2806121348232367,-0.7703517978078779,2.481636533693468,-3.567725766770353,-1.790226067639766
49.0,162.0,1006.7672729492188,-2.751388395213197,-3.083569319341991,0.7504702103665593,3.627748549649332,-0.3466754396488745,2.280615191566161,-0.7703517971621825,2.481636533693468,-3.5677257667703577,-1.790226067639766
49.0,162.0,1006.7672729492188,-2.7513899189003816,-3.083569319293325,0.7504702103665593,3.627748549709601,-0.3466505343851936,2.280612079077653,-0.7703517965494596,2.481636533693468,-3.5677257667703577,-1.790226067639766
49.0,162.0,1006.7672729492188,-2.751389850916421,-3.083569319341991,0.7504702103665593,3.627748313850107,-0.3466754396488745,2.280612079077653,-0.7703517978082991,2.481636533693468,-3.5677257667703577,-1.790226067639766
49.0,162.0,1006.7672729492188,-2.7513882234626,-3.083569319341991,0.7504702103665593,3.627748548671139,-0.3466480178536706,2.28061212571107,-0.7703517978132097,2.4816365336934343,-3.5677257667703577,-1.790226067639766
49.0,162.0,1006.7672729492188,-2.7513881847525843,-3.0835693187935043,0.7504702103665593,3.627748548726629,-0.3467402575512262,2.280614653834242,-0.7703517972102896,2.4816365336934334,-3.5677257667703577,-1.790226067639766
49.0,162.0,1006.7672729492188,-2.7513884166364657,-3.083569319341991,0.7504702103665593,3.627748548414044,-0.3466754396488745,2.280615191566161,-0.7703517978078779,2.481636533693468,-3.567725766770425,-1.790226067639766
49.0,162.0,1006.7672729492188,-2.75138840512452,-3.083569319341991,0.7504702103665593,3.6277485527122697,-0.3466754396488745,2.280615142854721,-0.7703517978082991,2.481636533693435,-3.5677257667703577,-1.790226067639766
49.0,162.0,1006.7672729492188,-2.7513882657598434,-3.0835694206456474,0.7504702103665593,3.6277485496822273,-0.3466776384826382,2.280614657360565,-0.7703517963295463,2.481636533693468,-3.5677257667703577,-1.790226067639766
49.0,162.0,1006.7672729492188,-2.751388395213197,-3.0835693187711115,0.7504702103665593,3.62774854967996,-0.3466900977938008,2.280615191566161,-0.7703517978078779,2.4816365336934347,-3.567725766770353,-1.790226067639766
49.0,162.0,1006.7672729492188,-2.7513883272292365,-3.0835693166302427,0.7504702103665593,3.627748550153633,-0.3466754396488745,2.280615191566161,-0.7703517963491826,2.481636533693468,-3.5677257667703577,-1.790226067639766
49.0,162.0,1006.7675170898438,-2.751388223473793,-3.0835680687563043,0.7504702103665593,3.62774854859264,-0.3476383576960232,2.280615191566161,-0.7703517978078779,2.4816365336934347,-3.5677257667703577,-1.790226067639766
49.0,162.0,1006.7675170898438,-2.751388223473793,-3.0835680687563043,0.7504702103665593,3.62774854859264,-0.3476383576960232,2.280615191566161,-0.7703517978078779,2.4816365336934347,-3.5677257667703577,-1.790226067639766
49.0,162.0,1006.7675170898438,-2.7513882244838794,-3.0835693187935043,0.7504702103665593,3.627748548754682,-0.3476288768220716,2.280615225525058,-0.7703517971699454,2.4816365336934334,-3.5677257667703577,-1.790226067639766
49.0,162.0,1006.7675170898438,-2.751388223090216,-3.083569318771321,0.7504702103665593,3.62774854967996,-0.3476303866994447,2.280615227195989,-0.7703517978078779,2.481636533693468,-3.567725766770353,-1.790226067639766
49.0,162.0,1006.767578125,-2.751388223473793,-3.0835693187935043,0.7504702103665593,3.627748548754682,-0.3477409409175915,2.280615191566161,-0.7703517971699454,2.4816365336934334,-3.5677257667703577,-1.790226067639766
49.0,162.0,1006.767578125,-2.751388223473793,-3.0835694134126683,0.7504702103665593,3.627748548754682,-0.3477409409175915,2.280614879711476,-0.7703517971699454,2.4816365336934334,-3.5677257667703577,-1.790226067639766
49.0,162.0,1006.767578125,-2.7513880783971696,-3.0835694134126683,0.7504702103665593,3.627748548793636,-0.3477409409175915,2.2806133385983465,-0.7703517971699454,2.4816365336934667,-3.567725766770381,-1.790226067639766
49.0,162.0,1006.767578125,-2.751388223473793,-3.083569319341991,0.7504702103665593,3.6277485485420167,-0.3477409409175915,2.280615191566161,-0.7703517978078779,2.4816365336934334,-3.5677257667703577,-1.790226067639766
49.0,162.0,1006.767578125,-2.751388223473793,-3.0835693189409743,0.7504702103665593,3.627748548754682,-0.3477548204449389,2.280614879711476,-0.7703517971699454,2.481636533693466,-3.5677257667703577,-1.790226067639766
49.0,162.0,1006.767578125,-2.751388223473793,-3.083569319341991,0.7504702103665593,3.6277485485420167,-0.3477409409175915,2.280615191566161,-0.7703517978078779,2.4816365336934334,-3.5677257667703577,-1.790226067639766
49.0,162.0,1006.767578125,-2.751388223473793,-3.0835681258417904,0.7504702103665593,3.627748548514655,-0.3477409409175915,2.280615191566161,-0.7703517964533061,2.4816365336934334,-3.5677257667703577,-1.790226067639766
49.0,162.0,1006.767578125,-2.751388223473793,-3.083569379607135,0.7504702103665593,3.627748548514655,-0.3477409409175915,2.280615191566161,-0.7703517964533061,2.4816365336934334,-3.5677257667703577,-1.790226067639766
49.0,162.0,1006.767578125,-2.751389745379844,-3.0835693206002275,0.7504702103665593,3.627748321442983,-0.3477548204449389,2.280612058013524,-0.7703517976353765,2.4816365336934334,-3.567725766770357,-1.790226067639766
49.0,162.0,1006.767578125,-2.751388924842052,-3.0835693187933297,0.7504702103665593,3.627748549614573,-0.347695677542405,2.280622963609296,-0.7703517972349462,2.48163653369347,-3.567725766770373,-1.790226067639766
49.0,162.0,1006.767578125,-2.751388223473793,-3.0835694217740306,0.7504702103665593,3.627748548754682,-0.3477409409175915,2.280614877988309,-0.7703517971699454,2.4816365336934334,-3.5677257667703577,-1.790226067639766
49.0,163.0,1006.7672729492188,-2.751388395213197,-3.083569319341991,0.7504702103665593,3.6277485496798616,-0.3466754396488745,2.280615191566161,-0.7703517978078779,2.481636533693468,-3.5677257667703577,-1.790226067639766
49.0,163.0,1006.7672729492188,-2.751389850916421,-3.083569319341991,0.7504702103665593,3.627748313850107,-0.3466754396488745,2.280612079077653,-0.7703517978082991,2.481636533693468,-3.5677257667703577,-1.790226067639766
49.0,163.0,1006.7672729492188,-2.751389850916421,-3.083569319341991,0.7504702103665593,3.6277485527122697,-0.3466754396488745,2.280612086111796,-0.7703517978082991,2.481636533693435,-3.5677257667703577,-1.790226067639766
49.0,163.0,1006.7672729492188,-2.751388395213197,-3.0835693187711115,0.7504702103665593,3.62774854967996,-0.3466754396488745,2.280615191566161,-0.7703517978078779,2.481636533693468,-3.567725766770353,-1.790226067639766
49.0,163.0,1006.7672729492188,-2.751389850916421,-3.08356932231386,0.7504702103665593,3.627748313850107,-0.3466754396488745,2.280612079077653,-0.7703517964686307,2.481636533693468,-3.5677257667703577,-1.790226067639766
49.0,163.0,1006.7672729492188,-2.7513882497707787,-3.083569319341991,0.7504702103665593,3.6277485496516975,-0.3466776384826382,2.280614657360565,-0.7703517978078779,2.481636533693468,-3.5677257667703577,-1.790226067639766
49.0,163.0,1006.7672729492188,-2.751388395213197,-3.083569319341991,0.7504702103665593,3.6277485496798616,-0.3466754396488745,2.280615191566161,-0.7703517963491826,2.481636533693468,-3.5677257667703577,-1.790226067639766
49.0,163.0,1006.7672729492188,-2.7513882657598434,-3.0835694206456474,0.7504702103665593,3.6277485496516975,-0.3466776384826382,2.280614657360565,-0.7703517971425462,2.481636533693468,-3.5677257667703577,-1.790226067639766
49.0,163.0,1006.7672729492188,-2.751388395213197,-3.083569319341991,0.7504702103665593,3.6277485496798616,-0.3466754396488745,2.280615191566161,-0.7703517963830834,2.481636533693468,-3.5677257667703577,-1.790226067639766
49.0,163.0,1006.7672729492188,-2.7513882099360405,-3.083569322386867,0.7504702103665593,3.627748309580287,-0.3466810963802853,2.280612079077653,-0.7703517964942946,2.481636533693468,-3.5677257667703577,-1.790226067639766
49.0,163.0,1006.7672729492188,-2.7513882168710047,-3.083569319341991,0.7504702103665593,3.627748548747327,-0.3466368509504258,2.280615191566161,-0.7703517971914785,2.481636533693468,-3.5677257667703577,-1.790226067639766
49.0,163.0,1006.7672729492188,-2.751388395213197,-3.083569319341991,0.7504702103665593,3.6277485496798616,-0.3466754396488745,2.280615191566161,-0.7703517977739772,2.481636533693468,-3.5677257667703577,-1.790226067639766
49.0,163.0,1006.7672729492188,-2.751388184920279,-3.0835693193743543,0.7504702103665593,3.627748549005042,-0.3466776384826382,2.280614657360565,-0.7703517965185009,2.481636533693468,-3.5677257667703577,-1.790226067639766
49.0,163.0,1006.7672729492188,-2.7513898394269853,-3.08356932231386,0.7504702103665593,3.627748316505467,-0.3466778829585437,2.280612079077653,-0.7703517964686307,2.481636533693468,-3.5677257667703577,-1.790226067639766
49.0,163.0,1006.7672729492188,-2.751388223257824,-3.083569319341991,0.7504702103665593,3.62774855090556,-0.3466480178536706,2.28061212571107,-0.7703517977957828,2.4816365336934334,-3.5677257667703577,-1.790226067639766
49.0,163.0,1006.7672729492188,-2.751388077310696,-3.0835694134126683,0.7504702103665593,3.627748548793636,-0.3466526465160778,2.280615171948401,-0.7703517971699454,2.4816365336934667,-3.567725766770381,-1.790226067639766
49.0,163.0,1006.7672729492188,-2.75138822566223,-3.0835693187935043,0.7504702103665593,3.627748548754682,-0.3467402575512262,2.280615191566161,-0.7703517971997085,2.4816365336934334,-3.5677257667703577,-1.790226067639766
49.0,163.0,1006.7672729492188,-2.751389850916421,-3.0835693165815763,0.7504702103665593,3.627748550183372,-0.3466505343851936,2.280612079077653,-0.7703517965494596,2.481636533693468,-3.5677257667703577,-1.790226067639766
49.0,163.0,1006.7672729492188,-2.751388395213197,-3.0835693187711115,0.7504702103665593,3.62774854967996,-0.3466754396488745,2.280615191566161,-0.7703517978078779,2.481636533693468,-3.567725766770353,-1.790226067639766
49.0,163.0,1006.7672729492188,-2.751388223473793,-3.083569319341991,0.7504702103665593,3.6277485485420167,-0.3465757770150049,2.280615191566161,-0.7703517978078779,2.481636533693432,-3.5677257667703577,-1.790226067639766
49.0,163.0,1006.7672729492188,-2.7513889419160225,-3.0835693212712942,0.7504702103665593,3.627748558505236,-0.3466754396488745,2.280612566813565,-0.7703517964170788,2.481636533693468,-3.5677257667703364,-1.790226067639766
49.0,163.0,1006.7672729492188,-2.7513884166364657,-3.083569319341991,0.7504702103665593,3.6277485560343807,-0.3466754396488745,2.280615191566161,-0.7703517978078779,2.481636533693468,-3.5677257667703577,-1.790226067639766
49.0,163.0,1006.7672729492188,-2.7513881618534293,-3.083569321410004,0.7504702103665593,3.6277485485420167,-0.3467212956259947,2.280615191566161,-0.7703517964150498,2.481636533693472,-3.5677257667703577,-1.790226067639766
49.0,163.0,1006.7672729492188,-2.7513882099360405,-3.083569322386867,0.7504702103665593,3.627748309580287,-0.3466798427661265,2.280612079077653,-0.7703517964942946,2.481636533693468,-3.5677257667703577,-1.790226067639766
49.0,163.0,1006.7672729492188,-2.751389841005098,-3.0835693187711115,0.7504702103665593,3.62774854967996,-0.3466754396488745,2.2806121348232367,-0.7703517978078779,2.481636533693468,-3.567725766770353,-1.790226067639766
49.0,163.0,1006.7672729492188,-2.751388395213197,-3.083569319341991,0.7504702103665593,3.627748549649332,-0.3466754396488745,2.280615191566161,-0.7703517971621825,2.481636533693468,-3.5677257667703577,-1.790226067639766
49.0,163.0,1006.7672729492188,-2.7513899189003816,-3.083569319293325,0.7504702103665593,3.627748549709601,-0.3466505343851936,2.280612079077653,-0.7703517965494596,2.481636533693468,-3.5677257667703577,-1.790226067639766
49.0,163.0,1006.7672729492188,-2.751389850916421,-3.083569319341991,0.7504702103665593,3.627748313850107,-0.3466754396488745,2.280612079077653,-0.7703517978082991,2.481636533693468,-3.5677257667703577,-1.790226067639766
49.0,163.0,1006.7672729492188,-2.7513882234626,-3.083569319341991,0.7504702103665593,3.627748548671139,-0.3466480178536706,2.28061212571107,-0.7703517978132097,2.4816365336934343,-3.5677257667703577,-1.790226067639766
49.0,163.0,1006.7672729492188,-2.7513881847525843,-3.0835693187935043,0.7504702103665593,3.627748548726629,-0.3467402575512262,2.280614653834242,-0.7703517972102896,2.4816365336934334,-3.5677257667703577,-1.790226067639766
49.0,163.0,1006.7672729492188,-2.7513884166364657,-3.083569319341991,0.7504702103665593,3.627748548414044,-0.3466754396488745,2.280615191566161,-0.7703517978078779,2.481636533693468,-3.567725766770425,-1.790226067639766
49.0,163.0,1006.7672729492188,-2.75138840512452,-3.083569319341991,0.7504702103665593,3.6277485527122697,-0.3466754396488745,2.280615142854721,-0.7703517978082991,2.481636533693435,-3.5677257667703577,-1.790226067639766
49.0,163.0,1006.7672729492188,-2.7513882657598434,-3.0835694206456474,0.7504702103665593,3.6277485496822273,-0.3466776384826382,2.280614657360565,-0.7703517963295463,2.481636533693468,-3.5677257667703577,-1.790226067639766
49.0,163.0,1006.7672729492188,-2.751388395213197,-3.0835693187711115,0.7504702103665593,3.62774854967996,-0.3466900977938008,2.280615191566161,-0.7703517978078779,2.4816365336934347,-3.567725766770353,-1.790226067639766
49.0,163.0,1006.7672729492188,-2.7513883272292365,-3.0835693166302427,0.7504702103665593,3.627748550153633,-0.3466754396488745,2.280615191566161,-0.7703517963491826,2.481636533693468,-3.5677257667703577,-1.790226067639766
49.0,163.0,1006.7672729492188,-2.751388420030537,-3.0835694252528505,0.7504702103665593,3.6277485496516975,-0.3466776384826382,2.280614657360565,-0.7703517978606128,2.481636533693468,-3.5677257667704265,-1.790226067639766
49.0,163.0,1006.7672729492188,-2.751389834877504,-3.0835693193451483,0.7504702103665593,3.627748315688221,-0.3467402575512262,2.2806121424819685,-0.7703517978052403,2.4816365336934334,-3.5677257667703577,-1.790226067639766
49.0,163.0,1006.7672729492188,-2.7513899189003816,-3.083569319293325,0.7504702103665593,3.627748549673312,-0.3466505343851936,2.280612079077653,-0.7703517965494596,2.481636533693435,-3.5677257667703577,-1.790226067639766
49.0,163.0,1006.7672729492188,-2.7513898394269853,-3.08356932231386,0.7504702103665593,3.627748316505467,-0.3466778829585437,2.280612079077653,-0.7703517964686307,2.481636533693468,-3.5677257667703577,-1.790226067639766
49.0,163.0,1006.7672729492188,-2.751389803549728,-3.0835693165815763,0.7504702103665593,3.6277485496628006,-0.3466781309042712,2.280612079077653,-0.7703517963243898,2.481636533693468,-3.5677257667703577,-1.790226067639766
49.0,163.0,1006.7672729492188,-2.7513882497707787,-3.083569319341991,0.7504702103665593,3.6277485496516975,-0.3466776384826382,2.280614657360565,-0.7703517978078779,2.481636533693468,-3.5677257667703577,-1.790226067639766
49.0,163.0,1006.7672729492188,-2.751388223473793,-3.083569319341991,0.7504702103665593,3.6277485485420167,-0.346679868686343,2.280615191566161,-0.7703517978081799,2.4816365336934334,-3.5677257667703577,-1.790226067639766
49.0,163.0,1006.7672729492188,-2.7513883272292365,-3.0835693166302427,0.7504702103665593,3.627748550153633,-0.3466754396488745,2.280615191566161,-0.7703517963491826,2.481636533693468,-3.5677257667703577,-1.790226067639766
49.0,163.0,1006.7672729492188,-2.751388395213197,-3.083569319341991,0.7504702103665593,3.627748549574357,-0.3466754396488745,2.280615191566161,-0.7703517963830834,2.481636533693466,-3.5677257667703577,-1.790226067639766
49.0,163.0,1006.7672729492188,-2.751389850916421,-3.083569319341991,0.7504702103665593,3.627748313850107,-0.3466754396488745,2.280612079077653,-0.7703517978082991,2.481636533693468,-3.5677257667703577,-1.790226067639766
49.0,163.0,1006.7672729492188,-2.7513882650123627,-3.08356932000386,0.7504702103665593,3.6277485496516975,-0.3466798496689723,2.280614388528009,-0.770351796452709,2.481636533693468,-3.5677257667703577,-1.790226067639766
49.0,163.0,1006.7672729492188,-2.7513884166364657,-3.083569319341991,0.7504702103665593,3.627748548414044,-0.3466754396488745,2.280615191566161,-0.7703517978317376,2.481636533693468,-3.567725766770425,-1.790226067639766
49.0,163.0,1006.7672729492188,-2.75138817860013,-3.0835693193405627,0.7504702103665593,3.627748549672036,-0.3467402575512262,2.280614653834242,-0.7703517972102896,2.4816365336934334,-3.5677257667703577,-1.790226067639766
49.0,163.0,1006.7672729492188,-2.751388395213197,-3.083569319341991,0.7504702103665593,3.6277485496798616,-0.3466754396488745,2.280615191566161,-0.7703517977739772,2.481636533693468,-3.5677257667703577,-1.790226067639766
49.0,163.0,1006.7672729492188,-2.7513898394269853,-3.08356932231386,0.7504702103665593,3.627748316505467,-0.3466778829585437,2.2806120405988453,-0.770351796435717,2.481636533693468,-3.5677257667703577,-1.790226067639766
49.0,164.0,1006.7672729492188,-2.751388395213197,-3.083569319341991,0.7504702103665593,3.6277485496798616,-0.3466754396488745,2.280615191566161,-0.7703517978078779,2.481636533693468,-3.5677257667703577,-1.790226067639766
49.0,164.0,1006.7672729492188,-2.751389850916421,-3.083569319341991,0.7504702103665593,3.627748313850107,-0.3466754396488745,2.280612079077653,-0.7703517978082991,2.481636533693468,-3.5677257667703577,-1.790226067639766
49.0,164.0,1006.7672729492188,-2.751389850916421,-3.083569319341991,0.7504702103665593,3.6277485527122697,-0.3466754396488745,2.280612086111796,-0.7703517978082991,2.481636533693435,-3.5677257667703577,-1.790226067639766
49.0,164.0,1006.7672729492188,-2.751388395213197,-3.0835693187711115,0.7504702103665593,3.62774854967996,-0.3466754396488745,2.280615191566161,-0.7703517978078779,2.481636533693468,-3.567725766770353,-1.790226067639766
49.0,164.0,1006.7672729492188,-2.751389850916421,-3.08356932231386,0.7504702103665593,3.627748313850107,-0.3466754396488745,2.280612079077653,-0.7703517964686307,2.481636533693468,-3.5677257667703577,-1.790226067639766
49.0,164.0,1006.7672729492188,-2.7513882497707787,-3.083569319341991,0.7504702103665593,3.6277485496516975,-0.3466776384826382,2.280614657360565,-0.7703517978078779,2.481636533693468,-3.5677257667703577,-1.790226067639766
49.0,164.0,1006.7672729492188,-2.751388395213197,-3.083569319341991,0.7504702103665593,3.6277485496798616,-0.3466754396488745,2.280615191566161,-0.7703517963491826,2.481636533693468,-3.5677257667703577,-1.790226067639766
49.0,164.0,1006.7672729492188,-2.7513882657598434,-3.0835694206456474,0.7504702103665593,3.6277485496516975,-0.3466776384826382,2.280614657360565,-0.7703517971425462,2.481636533693468,-3.5677257667703577,-1.790226067639766
49.0,164.0,1006.7672729492188,-2.751388395213197,-3.083569319341991,0.7504702103665593,3.6277485496798616,-0.3466754396488745,2.280615191566161,-0.7703517963830834,2.481636533693468,-3.5677257667703577,-1.790226067639766
49.0,164.0,1006.7672729492188,-2.7513882099360405,-3.083569322386867,0.7504702103665593,3.627748309580287,-0.3466810963802853,2.280612079077653,-0.7703517964942946,2.481636533693468,-3.5677257667703577,-1.790226067639766
49.0,164.0,1006.7672729492188,-2.7513882168710047,-3.083569319341991,0.7504702103665593,3.627748548747327,-0.3466368509504258,2.280615191566161,-0.7703517971914785,2.481636533693468,-3.5677257667703577,-1.790226067639766
49.0,164.0,1006.7672729492188,-2.751388395213197,-3.083569319341991,0.7504702103665593,3.6277485496798616,-0.3466754396488745,2.280615191566161,-0.7703517977739772,2.481636533693468,-3.5677257667703577,-1.790226067639766
49.0,164.0,1006.7672729492188,-2.751388184920279,-3.0835693193743543,0.7504702103665593,3.627748549005042,-0.3466776384826382,2.280614657360565,-0.7703517965185009,2.481636533693468,-3.5677257667703577,-1.790226067639766
49.0,164.0,1006.7672729492188,-2.7513898394269853,-3.08356932231386,0.7504702103665593,3.627748316505467,-0.3466778829585437,2.280612079077653,-0.7703517964686307,2.481636533693468,-3.5677257667703577,-1.790226067639766
49.0,164.0,1006.7672729492188,-2.751388223257824,-3.083569319341991,0.7504702103665593,3.62774855090556,-0.3466480178536706,2.28061212571107,-0.7703517977957828,2.4816365336934334,-3.5677257667703577,-1.790226067639766
49.0,164.0,1006.7672729492188,-2.751388077310696,-3.0835694134126683,0.7504702103665593,3.627748548793636,-0.3466526465160778,2.280615171948401,-0.7703517971699454,2.4816365336934667,-3.567725766770381,-1.790226067639766
49.0,164.0,1006.7672729492188,-2.75138822566223,-3.0835693187935043,0.7504702103665593,3.627748548754682,-0.3467402575512262,2.280615191566161,-0.7703517971997085,2.4816365336934334,-3.5677257667703577,-1.790226067639766
49.0,164.0,1006.7672729492188,-2.751389850916421,-3.0835693165815763,0.7504702103665593,3.627748550183372,-0.3466505343851936,2.280612079077653,-0.7703517965494596,2.481636533693468,-3.5677257667703577,-1.790226067639766
49.0,164.0,1006.7672729492188,-2.751388395213197,-3.0835693187711115,0.7504702103665593,3.62774854967996,-0.3466754396488745,2.280615191566161,-0.7703517978078779,2.481636533693468,-3.567725766770353,-1.790226067639766
49.0,164.0,1006.7672729492188,-2.751388223473793,-3.083569319341991,0.7504702103665593,3.6277485485420167,-0.3465757770150049,2.280615191566161,-0.7703517978078779,2.481636533693432,-3.5677257667703577,-1.790226067639766
49.0,164.0,1006.7672729492188,-2.7513889419160225,-3.0835693212712942,0.7504702103665593,3.627748558505236,-0.3466754396488745,2.280612566813565,-0.7703517964170788,2.481636533693468,-3.5677257667703364,-1.790226067639766
49.0,164.0,1006.7672729492188,-2.7513884166364657,-3.083569319341991,0.7504702103665593,3.6277485560343807,-0.3466754396488745,2.280615191566161,-0.7703517978078779,2.481636533693468,-3.5677257667703577,-1.790226067639766
49.0,164.0,1006.7672729492188,-2.7513881618534293,-3.083569321410004,0.7504702103665593,3.6277485485420167,-0.3467212956259947,2.280615191566161,-0.7703517964150498,2.481636533693472,-3.5677257667703577,-1.790226067639766
49.0,164.0,1006.7672729492188,-2.7513882099360405,-3.083569322386867,0.7504702103665593,3.627748309580287,-0.3466798427661265,2.280612079077653,-0.7703517964942946,2.481636533693468,-3.5677257667703577,-1.790226067639766
49.0,164.0,1006.7672729492188,-2.751389841005098,-3.0835693187711115,0.7504702103665593,3.62774854967996,-0.3466754396488745,2.2806121348232367,-0.7703517978078779,2.481636533693468,-3.567725766770353,-1.790226067639766
49.0,164.0,1006.7672729492188,-2.751388395213197,-3.083569319341991,0.7504702103665593,3.627748549649332,-0.3466754396488745,2.280615191566161,-0.7703517971621825,2.481636533693468,-3.5677257667703577,-1.790226067639766
49.0,164.0,1006.7672729492188,-2.7513899189003816,-3.083569319293325,0.7504702103665593,3.627748549709601,-0.3466505343851936,2.280612079077653,-0.7703517965494596,2.481636533693468,-3.5677257667703577,-1.790226067639766
49.0,164.0,1006.7672729492188,-2.751389850916421,-3.083569319341991,0.7504702103665593,3.627748313850107,-0.3466754396488745,2.280612079077653,-0.7703517978082991,2.481636533693468,-3.5677257667703577,-1.790226067639766
49.0,164.0,1006.7672729492188,-2.7513882234626,-3.083569319341991,0.7504702103665593,3.627748548671139,-0.3466480178536706,2.28061212571107,-0.7703517978132097,2.4816365336934343,-3.5677257667703577,-1.790226067639766
49.0,164.0,1006.7672729492188,-2.7513881847525843,-3.0835693187935043,0.7504702103665593,3.627748548726629,-0.3467402575512262,2.280614653834242,-0.7703517972102896,2.4816365336934334,-3.5677257667703577,-1.790226067639766
49.0,164.0,1006.7672729492188,-2.7513884166364657,-3.083569319341991,0.7504702103665593,3.627748548414044,-0.3466754396488745,2.280615191566161,-0.7703517978078779,2.481636533693468,-3.567725766770425,-1.790226067639766
49.0,164.0,1006.7672729492188,-2.75138840512452,-3.083569319341991,0.7504702103665593,3.6277485527122697,-0.3466754396488745,2.280615142854721,-0.7703517978082991,2.481636533693435,-3.5677257667703577,-1.790226067639766
49.0,164.0,1006.7672729492188,-2.7513882657598434,-3.0835694206456474,0.7504702103665593,3.6277485496822273,-0.3466776384826382,2.280614657360565,-0.7703517963295463,2.481636533693468,-3.5677257667703577,-1.790226067639766
49.0,164.0,1006.7672729492188,-2.751388395213197,-3.0835693187711115,0.7504702103665593,3.62774854967996,-0.3466900977938008,2.280615191566161,-0.7703517978078779,2.4816365336934347,-3.567725766770353,-1.790226067639766
49.0,164.0,1006.7672729492188,-2.7513883272292365,-3.0835693166302427,0.7504702103665593,3.627748550153633,-0.3466754396488745,2.280615191566161,-0.7703517963491826,2.481636533693468,-3.5677257667703577,-1.790226067639766
49.0,164.0,1006.7672729492188,-2.751388420030537,-3.0835694252528505,0.7504702103665593,3.6277485496516975,-0.3466776384826382,2.280614657360565,-0.7703517978606128,2.481636533693468,-3.5677257667704265,-1.790226067639766
49.0,164.0,1006.7672729492188,-2.751389834877504,-3.0835693193451483,0.7504702103665593,3.627748315688221,-0.3467402575512262,2.2806121424819685,-0.7703517978052403,2.4816365336934334,-3.5677257667703577,-1.790226067639766
49.0,164.0,1006.7672729492188,-2.7513899189003816,-3.083569319293325,0.7504702103665593,3.627748549673312,-0.3466505343851936,2.280612079077653,-0.7703517965494596,2.481636533693435,-3.5677257667703577,-1.790226067639766
49.0,164.0,1006.7672729492188,-2.7513898394269853,-3.08356932231386,0.7504702103665593,3.627748316505467,-0.3466778829585437,2.280612079077653,-0.7703517964686307,2.481636533693468,-3.5677257667703577,-1.790226067639766
49.0,164.0,1006.7672729492188,-2.751389803549728,-3.0835693165815763,0.7504702103665593,3.6277485496628006,-0.3466781309042712,2.280612079077653,-0.7703517963243898,2.481636533693468,-3.5677257667703577,-1.790226067639766
49.0,164.0,1006.7672729492188,-2.7513882497707787,-3.083569319341991,0.7504702103665593,3.6277485496516975,-0.3466776384826382,2.280614657360565,-0.7703517978078779,2.481636533693468,-3.5677257667703577,-1.790226067639766
49.0,164.0,1006.7672729492188,-2.751388223473793,-3.083569319341991,0.7504702103665593,3.6277485485420167,-0.346679868686343,2.280615191566161,-0.7703517978081799,2.4816365336934334,-3.5677257667703577,-1.790226067639766
49.0,164.0,1006.7672729492188,-2.7513883272292365,-3.0835693166302427,0.7504702103665593,3.627748550153633,-0.3466754396488745,2.280615191566161,-0.7703517963491826,2.481636533693468,-3.5677257667703577,-1.790226067639766
49.0,164.0,1006.7672729492188,-2.751388395213197,-3.083569319341991,0.7504702103665593,3.627748549574357,-0.3466754396488745,2.280615191566161,-0.7703517963830834,2.481636533693466,-3.5677257667703577,-1.790226067639766
49.0,164.0,1006.7672729492188,-2.751389850916421,-3.083569319341991,0.7504702103665593,3.627748313850107,-0.3466754396488745,2.280612079077653,-0.7703517978082991,2.481636533693468,-3.5677257667703577,-1.790226067639766
49.0,164.0,1006.7672729492188,-2.7513882650123627,-3.08356932000386,0.7504702103665593,3.6277485496516975,-0.3466798496689723,2.280614388528009,-0.770351796452709,2.481636533693468,-3.5677257667703577,-1.790226067639766
49.0,164.0,1006.7672729492188,-2.7513884166364657,-3.083569319341991,0.7504702103665593,3.627748548414044,-0.3466754396488745,2.280615191566161,-0.7703517978317376,2.481636533693468,-3.567725766770425,-1.790226067639766
49.0,164.0,1006.7672729492188,-2.75138817860013,-3.0835693193405627,0.7504702103665593,3.627748549672036,-0.3467402575512262,2.280614653834242,-0.7703517972102896,2.4816365336934334,-3.5677257667703577,-1.790226067639766
49.0,164.0,1006.7672729492188,-2.751388395213197,-3.083569319341991,0.7504702103665593,3.6277485496798616,-0.3466754396488745,2.280615191566161,-0.7703517977739772,2.481636533693468,-3.5677257667703577,-1.790226067639766
49.0,164.0,1006.7672729492188,-2.7513898394269853,-3.08356932231386,0.7504702103665593,3.627748316505467,-0.3466778829585437,2.2806120405988453,-0.770351796435717,2.481636533693468,-3.5677257667703577,-1.790226067639766
49.0,165.0,1006.7672729492188,-2.751388395213197,-3.083569319341991,0.7504702103665593,3.6277485496798616,-0.3466754396488745,2.280615191566161,-0.7703517978078779,2.481636533693468,-3.5677257667703577,-1.790226067639766
49.0,165.0,1006.7672729492188,-2.751389850916421,-3.083569319341991,0.7504702103665593,3.627748313850107,-0.3466754396488745,2.280612079077653,-0.7703517978082991,2.481636533693468,-3.5677257667703577,-1.790226067639766
49.0,165.0,1006.7672729492188,-2.751389850916421,-3.083569319341991,0.7504702103665593,3.6277485527122697,-0.3466754396488745,2.280612086111796,-0.7703517978082991,2.481636533693435,-3.5677257667703577,-1.790226067639766
49.0,165.0,1006.7672729492188,-2.751388395213197,-3.0835693187711115,0.7504702103665593,3.62774854967996,-0.3466754396488745,2.280615191566161,-0.7703517978078779,2.481636533693468,-3.567725766770353,-1.790226067639766
49.0,165.0,1006.7672729492188,-2.751389850916421,-3.08356932231386,0.7504702103665593,3.627748313850107,-0.3466754396488745,2.280612079077653,-0.7703517964686307,2.481636533693468,-3.5677257667703577,-1.790226067639766
49.0,165.0,1006.7672729492188,-2.7513882497707787,-3.083569319341991,0.7504702103665593,3.6277485496516975,-0.3466776384826382,2.280614657360565,-0.7703517978078779,2.481636533693468,-3.5677257667703577,-1.790226067639766
49.0,165.0,1006.7672729492188,-2.751388395213197,-3.083569319341991,0.7504702103665593,3.6277485496798616,-0.3466754396488745,2.280615191566161,-0.7703517963491826,2.481636533693468,-3.5677257667703577,-1.790226067639766
49.0,165.0,1006.7672729492188,-2.7513882657598434,-3.0835694206456474,0.7504702103665593,3.6277485496516975,-0.3466776384826382,2.280614657360565,-0.7703517971425462,2.481636533693468,-3.5677257667703577,-1.790226067639766
49.0,165.0,1006.7672729492188,-2.751388395213197,-3.083569319341991,0.7504702103665593,3.6277485496798616,-0.3466754396488745,2.280615191566161,-0.7703517963830834,2.481636533693468,-3.5677257667703577,-1.790226067639766
49.0,165.0,1006.7672729492188,-2.7513882099360405,-3.083569322386867,0.7504702103665593,3.627748309580287,-0.3466810963802853,2.280612079077653,-0.7703517964942946,2.481636533693468,-3.5677257667703577,-1.790226067639766
49.0,165.0,1006.7672729492188,-2.7513882168710047,-3.083569319341991,0.7504702103665593,3.627748548747327,-0.3466368509504258,2.280615191566161,-0.7703517971914785,2.481636533693468,-3.5677257667703577,-1.790226067639766
49.0,165.0,1006.7672729492188,-2.751388395213197,-3.083569319341991,0.7504702103665593,3.6277485496798616,-0.3466754396488745,2.280615191566161,-0.7703517977739772,2.481636533693468,-3.5677257667703577,-1.790226067639766
49.0,165.0,1006.7672729492188,-2.751388184920279,-3.0835693193743543,0.7504702103665593,3.627748549005042,-0.3466776384826382,2.280614657360565,-0.7703517965185009,2.481636533693468,-3.5677257667703577,-1.790226067639766
49.0,165.0,1006.7672729492188,-2.7513898394269853,-3.08356932231386,0.7504702103665593,3.627748316505467,-0.3466778829585437,2.280612079077653,-0.7703517964686307,2.481636533693468,-3.5677257667703577,-1.790226067639766
49.0,165.0,1006.7672729492188,-2.751388223257824,-3.083569319341991,0.7504702103665593,3.62774855090556,-0.3466480178536706,2.28061212571107,-0.7703517977957828,2.4816365336934334,-3.5677257667703577,-1.790226067639766
49.0,165.0,1006.7672729492188,-2.751388077310696,-3.0835694134126683,0.7504702103665593,3.627748548793636,-0.3466526465160778,2.280615171948401,-0.7703517971699454,2.4816365336934667,-3.567725766770381,-1.790226067639766
49.0,165.0,1006.7672729492188,-2.75138822566223,-3.0835693187935043,0.7504702103665593,3.627748548754682,-0.3467402575512262,2.280615191566161,-0.7703517971997085,2.4816365336934334,-3.5677257667703577,-1.790226067639766
49.0,165.0,1006.7672729492188,-2.751389850916421,-3.0835693165815763,0.7504702103665593,3.627748550183372,-0.3466505343851936,2.280612079077653,-0.7703517965494596,2.481636533693468,-3.5677257667703577,-1.790226067639766
49.0,165.0,1006.7672729492188,-2.751388395213197,-3.0835693187711115,0.7504702103665593,3.62774854967996,-0.3466754396488745,2.280615191566161,-0.7703517978078779,2.481636533693468,-3.567725766770353,-1.790226067639766
49.0,165.0,1006.7672729492188,-2.751388223473793,-3.083569319341991,0.7504702103665593,3.6277485485420167,-0.3465757770150049,2.280615191566161,-0.7703517978078779,2.481636533693432,-3.5677257667703577,-1.790226067639766
49.0,165.0,1006.7672729492188,-2.7513889419160225,-3.0835693212712942,0.7504702103665593,3.627748558505236,-0.3466754396488745,2.280612566813565,-0.7703517964170788,2.481636533693468,-3.5677257667703364,-1.790226067639766
49.0,165.0,1006.7672729492188,-2.7513884166364657,-3.083569319341991,0.7504702103665593,3.6277485560343807,-0.3466754396488745,2.280615191566161,-0.7703517978078779,2.481636533693468,-3.5677257667703577,-1.790226067639766
49.0,165.0,1006.7672729492188,-2.7513881618534293,-3.083569321410004,0.7504702103665593,3.6277485485420167,-0.3467212956259947,2.280615191566161,-0.7703517964150498,2.481636533693472,-3.5677257667703577,-1.790226067639766
49.0,165.0,1006.7672729492188,-2.7513882099360405,-3.083569322386867,0.7504702103665593,3.627748309580287,-0.3466798427661265,2.280612079077653,-0.7703517964942946,2.481636533693468,-3.5677257667703577,-1.790226067639766
49.0,165.0,1006.7672729492188,-2.751389841005098,-3.0835693187711115,0.7504702103665593,3.62774854967996,-0.3466754396488745,2.2806121348232367,-0.7703517978078779,2.481636533693468,-3.567725766770353,-1.790226067639766
49.0,165.0,1006.7672729492188,-2.751388395213197,-3.083569319341991,0.7504702103665593,3.627748549649332,-0.3466754396488745,2.280615191566161,-0.7703517971621825,2.481636533693468,-3.5677257667703577,-1.790226067639766
49.0,165.0,1006.7672729492188,-2.7513899189003816,-3.083569319293325,0.7504702103665593,3.627748549709601,-0.3466505343851936,2.280612079077653,-0.7703517965494596,2.481636533693468,-3.5677257667703577,-1.790226067639766
49.0,165.0,1006.7672729492188,-2.751389850916421,-3.083569319341991,0.7504702103665593,3.627748313850107,-0.3466754396488745,2.280612079077653,-0.7703517978082991,2.481636533693468,-3.5677257667703577,-1.790226067639766
49.0,165.0,1006.7672729492188,-2.7513882234626,-3.083569319341991,0.7504702103665593,3.627748548671139,-0.3466480178536706,2.28061212571107,-0.7703517978132097,2.4816365336934343,-3.5677257667703577,-1.790226067639766
49.0,165.0,1006.7672729492188,-2.7513881847525843,-3.0835693187935043,0.7504702103665593,3.627748548726629,-0.3467402575512262,2.280614653834242,-0.7703517972102896,2.4816365336934334,-3.5677257667703577,-1.790226067639766
49.0,165.0,1006.7672729492188,-2.7513884166364657,-3.083569319341991,0.7504702103665593,3.627748548414044,-0.3466754396488745,2.280615191566161,-0.7703517978078779,2.481636533693468,-3.567725766770425,-1.790226067639766
49.0,165.0,1006.7672729492188,-2.75138840512452,-3.083569319341991,0.7504702103665593,3.6277485527122697,-0.3466754396488745,2.280615142854721,-0.7703517978082991,2.481636533693435,-3.5677257667703577,-1.790226067639766
49.0,165.0,1006.7672729492188,-2.7513882657598434,-3.0835694206456474,0.7504702103665593,3.6277485496822273,-0.3466776384826382,2.280614657360565,-0.7703517963295463,2.481636533693468,-3.5677257667703577,-1.790226067639766
49.0,165.0,1006.7672729492188,-2.751388395213197,-3.0835693187711115,0.7504702103665593,3.62774854967996,-0.3466900977938008,2.280615191566161,-0.7703517978078779,2.4816365336934347,-3.567725766770353,-1.790226067639766
49.0,165.0,1006.7672729492188,-2.7513883272292365,-3.0835693166302427,0.7504702103665593,3.627748550153633,-0.3466754396488745,2.280615191566161,-0.7703517963491826,2.481636533693468,-3.5677257667703577,-1.790226067639766
49.0,165.0,1006.7672729492188,-2.751388420030537,-3.0835694252528505,0.7504702103665593,3.6277485496516975,-0.3466776384826382,2.280614657360565,-0.7703517978606128,2.481636533693468,-3.5677257667704265,-1.790226067639766
49.0,165.0,1006.7672729492188,-2.751389834877504,-3.0835693193451483,0.7504702103665593,3.627748315688221,-0.3467402575512262,2.2806121424819685,-0.7703517978052403,2.4816365336934334,-3.5677257667703577,-1.790226067639766
49.0,165.0,1006.7672729492188,-2.7513899189003816,-3.083569319293325,0.7504702103665593,3.627748549673312,-0.3466505343851936,2.280612079077653,-0.7703517965494596,2.481636533693435,-3.5677257667703577,-1.790226067639766
49.0,165.0,1006.7672729492188,-2.7513898394269853,-3.08356932231386,0.7504702103665593,3.627748316505467,-0.3466778829585437,2.280612079077653,-0.7703517964686307,2.481636533693468,-3.5677257667703577,-1.790226067639766
49.0,165.0,1006.7672729492188,-2.751389803549728,-3.0835693165815763,0.7504702103665593,3.6277485496628006,-0.3466781309042712,2.280612079077653,-0.7703517963243898,2.481636533693468,-3.5677257667703577,-1.790226067639766
49.0,165.0,1006.7672729492188,-2.7513882497707787,-3.083569319341991,0.7504702103665593,3.6277485496516975,-0.3466776384826382,2.280614657360565,-0.7703517978078779,2.481636533693468,-3.5677257667703577,-1.790226067639766
49.0,165.0,1006.7672729492188,-2.751388223473793,-3.083569319341991,0.7504702103665593,3.6277485485420167,-0.346679868686343,2.280615191566161,-0.7703517978081799,2.4816365336934334,-3.5677257667703577,-1.790226067639766
49.0,165.0,1006.7672729492188,-2.7513883272292365,-3.0835693166302427,0.7504702103665593,3.627748550153633,-0.3466754396488745,2.280615191566161,-0.7703517963491826,2.481636533693468,-3.5677257667703577,-1.790226067639766
49.0,165.0,1006.7672729492188,-2.751388395213197,-3.083569319341991,0.7504702103665593,3.627748549574357,-0.3466754396488745,2.280615191566161,-0.7703517963830834,2.481636533693466,-3.5677257667703577,-1.790226067639766
49.0,165.0,1006.7672729492188,-2.751389850916421,-3.083569319341991,0.7504702103665593,3.627748313850107,-0.3466754396488745,2.280612079077653,-0.7703517978082991,2.481636533693468,-3.5677257667703577,-1.790226067639766
49.0,165.0,1006.7672729492188,-2.7513882650123627,-3.08356932000386,0.7504702103665593,3.6277485496516975,-0.3466798496689723,2.280614388528009,-0.770351796452709,2.481636533693468,-3.5677257667703577,-1.790226067639766
49.0,165.0,1006.7672729492188,-2.7513884166364657,-3.083569319341991,0.7504702103665593,3.627748548414044,-0.3466754396488745,2.280615191566161,-0.7703517978317376,2.481636533693468,-3.567725766770425,-1.790226067639766
49.0,165.0,1006.7672729492188,-2.75138817860013,-3.0835693193405627,0.7504702103665593,3.627748549672036,-0.3467402575512262,2.280614653834242,-0.7703517972102896,2.4816365336934334,-3.5677257667703577,-1.790226067639766
49.0,165.0,1006.7672729492188,-2.751388395213197,-3.083569319341991,0.7504702103665593,3.6277485496798616,-0.3466754396488745,2.280615191566161,-0.7703517977739772,2.481636533693468,-3.5677257667703577,-1.790226067639766
49.0,165.0,1006.7672729492188,-2.7513898394269853,-3.08356932231386,0.7504702103665593,3.627748316505467,-0.3466778829585437,2.2806120405988453,-0.770351796435717,2.481636533693468,-3.5677257667703577,-1.790226067639766
49.0,166.0,1006.7672729492188,-2.751388395213197,-3.083569319341991,0.7504702103665593,3.6277485496798616,-0.3466754396488745,2.280615191566161,-0.7703517978078779,2.481636533693468,-3.5677257667703577,-1.790226067639766
49.0,166.0,1006.7672729492188,-2.751389850916421,-3.083569319341991,0.7504702103665593,3.627748313850107,-0.3466754396488745,2.280612079077653,-0.7703517978082991,2.481636533693468,-3.5677257667703577,-1.790226067639766
49.0,166.0,1006.7672729492188,-2.751389850916421,-3.083569319341991,0.7504702103665593,3.6277485527122697,-0.3466754396488745,2.280612086111796,-0.7703517978082991,2.481636533693435,-3.5677257667703577,-1.790226067639766
49.0,166.0,1006.7672729492188,-2.751388395213197,-3.0835693187711115,0.7504702103665593,3.62774854967996,-0.3466754396488745,2.280615191566161,-0.7703517978078779,2.481636533693468,-3.567725766770353,-1.790226067639766
49.0,166.0,1006.7672729492188,-2.751389850916421,-3.08356932231386,0.7504702103665593,3.627748313850107,-0.3466754396488745,2.280612079077653,-0.7703517964686307,2.481636533693468,-3.5677257667703577,-1.790226067639766
49.0,166.0,1006.7672729492188,-2.7513882497707787,-3.083569319341991,0.7504702103665593,3.6277485496516975,-0.3466776384826382,2.280614657360565,-0.7703517978078779,2.481636533693468,-3.5677257667703577,-1.790226067639766
49.0,166.0,1006.7672729492188,-2.751388395213197,-3.083569319341991,0.7504702103665593,3.6277485496798616,-0.3466754396488745,2.280615191566161,-0.7703517963491826,2.481636533693468,-3.5677257667703577,-1.790226067639766
49.0,166.0,1006.7672729492188,-2.7513882657598434,-3.0835694206456474,0.7504702103665593,3.6277485496516975,-0.3466776384826382,2.280614657360565,-0.7703517971425462,2.481636533693468,-3.5677257667703577,-1.790226067639766
49.0,166.0,1006.7672729492188,-2.751388395213197,-3.083569319341991,0.7504702103665593,3.6277485496798616,-0.3466754396488745,2.280615191566161,-0.7703517963830834,2.481636533693468,-3.5677257667703577,-1.790226067639766
49.0,166.0,1006.7672729492188,-2.7513882099360405,-3.083569322386867,0.7504702103665593,3.627748309580287,-0.3466810963802853,2.280612079077653,-0.7703517964942946,2.481636533693468,-3.5677257667703577,-1.790226067639766
49.0,166.0,1006.7672729492188,-2.7513882168710047,-3.083569319341991,0.7504702103665593,3.627748548747327,-0.3466368509504258,2.280615191566161,-0.7703517971914785,2.481636533693468,-3.5677257667703577,-1.790226067639766
49.0,166.0,1006.7672729492188,-2.751388395213197,-3.083569319341991,0.7504702103665593,3.6277485496798616,-0.3466754396488745,2.280615191566161,-0.7703517977739772,2.481636533693468,-3.5677257667703577,-1.790226067639766
49.0,166.0,1006.7672729492188,-2.751388184920279,-3.0835693193743543,0.7504702103665593,3.627748549005042,-0.3466776384826382,2.280614657360565,-0.7703517965185009,2.481636533693468,-3.5677257667703577,-1.790226067639766
49.0,166.0,1006.7672729492188,-2.7513898394269853,-3.08356932231386,0.7504702103665593,3.627748316505467,-0.3466778829585437,2.280612079077653,-0.7703517964686307,2.481636533693468,-3.5677257667703577,-1.790226067639766
49.0,166.0,1006.7672729492188,-2.751388223257824,-3.083569319341991,0.7504702103665593,3.62774855090556,-0.3466480178536706,2.28061212571107,-0.7703517977957828,2.4816365336934334,-3.5677257667703577,-1.790226067639766
49.0,166.0,1006.7672729492188,-2.751388077310696,-3.0835694134126683,0.7504702103665593,3.627748548793636,-0.3466526465160778,2.280615171948401,-0.7703517971699454,2.4816365336934667,-3.567725766770381,-1.790226067639766
49.0,166.0,1006.7672729492188,-2.75138822566223,-3.0835693187935043,0.7504702103665593,3.627748548754682,-0.3467402575512262,2.280615191566161,-0.7703517971997085,2.4816365336934334,-3.5677257667703577,-1.790226067639766
49.0,166.0,1006.7672729492188,-2.751389850916421,-3.0835693165815763,0.7504702103665593,3.627748550183372,-0.3466505343851936,2.280612079077653,-0.7703517965494596,2.481636533693468,-3.5677257667703577,-1.790226067639766
49.0,166.0,1006.7672729492188,-2.751388395213197,-3.0835693187711115,0.7504702103665593,3.62774854967996,-0.3466754396488745,2.280615191566161,-0.7703517978078779,2.481636533693468,-3.567725766770353,-1.790226067639766
49.0,166.0,1006.7672729492188,-2.751388223473793,-3.083569319341991,0.7504702103665593,3.6277485485420167,-0.3465757770150049,2.280615191566161,-0.7703517978078779,2.481636533693432,-3.5677257667703577,-1.790226067639766
49.0,166.0,1006.7672729492188,-2.7513889419160225,-3.0835693212712942,0.7504702103665593,3.627748558505236,-0.3466754396488745,2.280612566813565,-0.7703517964170788,2.481636533693468,-3.5677257667703364,-1.790226067639766
49.0,166.0,1006.7672729492188,-2.7513884166364657,-3.083569319341991,0.7504702103665593,3.6277485560343807,-0.3466754396488745,2.280615191566161,-0.7703517978078779,2.481636533693468,-3.5677257667703577,-1.790226067639766
49.0,166.0,1006.7672729492188,-2.7513881618534293,-3.083569321410004,0.7504702103665593,3.6277485485420167,-0.3467212956259947,2.280615191566161,-0.7703517964150498,2.481636533693472,-3.5677257667703577,-1.790226067639766
49.0,166.0,1006.7672729492188,-2.7513882099360405,-3.083569322386867,0.7504702103665593,3.627748309580287,-0.3466798427661265,2.280612079077653,-0.7703517964942946,2.481636533693468,-3.5677257667703577,-1.790226067639766
49.0,166.0,1006.7672729492188,-2.751389841005098,-3.0835693187711115,0.7504702103665593,3.62774854967996,-0.3466754396488745,2.2806121348232367,-0.7703517978078779,2.481636533693468,-3.567725766770353,-1.790226067639766
49.0,166.0,1006.7672729492188,-2.751388395213197,-3.083569319341991,0.7504702103665593,3.627748549649332,-0.3466754396488745,2.280615191566161,-0.7703517971621825,2.481636533693468,-3.5677257667703577,-1.790226067639766
49.0,166.0,1006.7672729492188,-2.7513899189003816,-3.083569319293325,0.7504702103665593,3.627748549709601,-0.3466505343851936,2.280612079077653,-0.7703517965494596,2.481636533693468,-3.5677257667703577,-1.790226067639766
49.0,166.0,1006.7672729492188,-2.751389850916421,-3.083569319341991,0.7504702103665593,3.627748313850107,-0.3466754396488745,2.280612079077653,-0.7703517978082991,2.481636533693468,-3.5677257667703577,-1.790226067639766
49.0,166.0,1006.7672729492188,-2.7513882234626,-3.083569319341991,0.7504702103665593,3.627748548671139,-0.3466480178536706,2.28061212571107,-0.7703517978132097,2.4816365336934343,-3.5677257667703577,-1.790226067639766
49.0,166.0,1006.7672729492188,-2.7513881847525843,-3.0835693187935043,0.7504702103665593,3.627748548726629,-0.3467402575512262,2.280614653834242,-0.7703517972102896,2.4816365336934334,-3.5677257667703577,-1.790226067639766
49.0,166.0,1006.7672729492188,-2.7513884166364657,-3.083569319341991,0.7504702103665593,3.627748548414044,-0.3466754396488745,2.280615191566161,-0.7703517978078779,2.481636533693468,-3.567725766770425,-1.790226067639766
49.0,166.0,1006.7672729492188,-2.75138840512452,-3.083569319341991,0.7504702103665593,3.6277485527122697,-0.3466754396488745,2.280615142854721,-0.7703517978082991,2.481636533693435,-3.5677257667703577,-1.790226067639766
49.0,166.0,1006.7672729492188,-2.7513882657598434,-3.0835694206456474,0.7504702103665593,3.6277485496822273,-0.3466776384826382,2.280614657360565,-0.7703517963295463,2.481636533693468,-3.5677257667703577,-1.790226067639766
49.0,166.0,1006.7672729492188,-2.751388395213197,-3.0835693187711115,0.7504702103665593,3.62774854967996,-0.3466900977938008,2.280615191566161,-0.7703517978078779,2.4816365336934347,-3.567725766770353,-1.790226067639766
49.0,166.0,1006.7672729492188,-2.7513883272292365,-3.0835693166302427,0.7504702103665593,3.627748550153633,-0.3466754396488745,2.280615191566161,-0.7703517963491826,2.481636533693468,-3.5677257667703577,-1.790226067639766
49.0,166.0,1006.7672729492188,-2.751388420030537,-3.0835694252528505,0.7504702103665593,3.6277485496516975,-0.3466776384826382,2.280614657360565,-0.7703517978606128,2.481636533693468,-3.5677257667704265,-1.790226067639766
49.0,166.0,1006.7672729492188,-2.751389834877504,-3.0835693193451483,0.7504702103665593,3.627748315688221,-0.3467402575512262,2.2806121424819685,-0.7703517978052403,2.4816365336934334,-3.5677257667703577,-1.790226067639766
49.0,166.0,1006.7672729492188,-2.7513899189003816,-3.083569319293325,0.7504702103665593,3.627748549673312,-0.3466505343851936,2.280612079077653,-0.7703517965494596,2.481636533693435,-3.5677257667703577,-1.790226067639766
49.0,166.0,1006.7672729492188,-2.7513898394269853,-3.08356932231386,0.7504702103665593,3.627748316505467,-0.3466778829585437,2.280612079077653,-0.7703517964686307,2.481636533693468,-3.5677257667703577,-1.790226067639766
49.0,166.0,1006.7672729492188,-2.751389803549728,-3.0835693165815763,0.7504702103665593,3.6277485496628006,-0.3466781309042712,2.280612079077653,-0.7703517963243898,2.481636533693468,-3.5677257667703577,-1.790226067639766
49.0,166.0,1006.7672729492188,-2.7513882497707787,-3.083569319341991,0.7504702103665593,3.6277485496516975,-0.3466776384826382,2.280614657360565,-0.7703517978078779,2.481636533693468,-3.5677257667703577,-1.790226067639766
49.0,166.0,1006.7672729492188,-2.751388223473793,-3.083569319341991,0.7504702103665593,3.6277485485420167,-0.346679868686343,2.280615191566161,-0.7703517978081799,2.4816365336934334,-3.5677257667703577,-1.790226067639766
49.0,166.0,1006.7672729492188,-2.7513883272292365,-3.0835693166302427,0.7504702103665593,3.627748550153633,-0.3466754396488745,2.280615191566161,-0.7703517963491826,2.481636533693468,-3.5677257667703577,-1.790226067639766
49.0,166.0,1006.7672729492188,-2.751388395213197,-3.083569319341991,0.7504702103665593,3.627748549574357,-0.3466754396488745,2.280615191566161,-0.7703517963830834,2.481636533693466,-3.5677257667703577,-1.790226067639766
49.0,166.0,1006.7672729492188,-2.751389850916421,-3.083569319341991,0.7504702103665593,3.627748313850107,-0.3466754396488745,2.280612079077653,-0.7703517978082991,2.481636533693468,-3.5677257667703577,-1.790226067639766
49.0,166.0,1006.7672729492188,-2.7513882650123627,-3.08356932000386,0.7504702103665593,3.6277485496516975,-0.3466798496689723,2.280614388528009,-0.770351796452709,2.481636533693468,-3.5677257667703577,-1.790226067639766
49.0,166.0,1006.7672729492188,-2.7513884166364657,-3.083569319341991,0.7504702103665593,3.627748548414044,-0.3466754396488745,2.280615191566161,-0.7703517978317376,2.481636533693468,-3.567725766770425,-1.790226067639766
49.0,166.0,1006.7672729492188,-2.75138817860013,-3.0835693193405627,0.7504702103665593,3.627748549672036,-0.3467402575512262,2.280614653834242,-0.7703517972102896,2.4816365336934334,-3.5677257667703577,-1.790226067639766
49.0,166.0,1006.7672729492188,-2.751388395213197,-3.083569319341991,0.7504702103665593,3.6277485496798616,-0.3466754396488745,2.280615191566161,-0.7703517977739772,2.481636533693468,-3.5677257667703577,-1.790226067639766
49.0,166.0,1006.7672729492188,-2.7513898394269853,-3.08356932231386,0.7504702103665593,3.627748316505467,-0.3466778829585437,2.2806120405988453,-0.770351796435717,2.481636533693468,-3.5677257667703577,-1.790226067639766
49.0,167.0,1006.7672729492188,-2.751388395213197,-3.083569319341991,0.7504702103665593,3.6277485496798616,-0.3466754396488745,2.280615191566161,-0.7703517978078779,2.481636533693468,-3.5677257667703577,-1.790226067639766
49.0,167.0,1006.7672729492188,-2.751389850916421,-3.083569319341991,0.7504702103665593,3.627748313850107,-0.3466754396488745,2.280612079077653,-0.7703517978082991,2.481636533693468,-3.5677257667703577,-1.790226067639766
49.0,167.0,1006.7672729492188,-2.751389850916421,-3.083569319341991,0.7504702103665593,3.6277485527122697,-0.3466754396488745,2.280612086111796,-0.7703517978082991,2.481636533693435,-3.5677257667703577,-1.790226067639766
49.0,167.0,1006.7672729492188,-2.751388395213197,-3.0835693187711115,0.7504702103665593,3.62774854967996,-0.3466754396488745,2.280615191566161,-0.7703517978078779,2.481636533693468,-3.567725766770353,-1.790226067639766
49.0,167.0,1006.7672729492188,-2.751389850916421,-3.08356932231386,0.7504702103665593,3.627748313850107,-0.3466754396488745,2.280612079077653,-0.7703517964686307,2.481636533693468,-3.5677257667703577,-1.790226067639766
49.0,167.0,1006.7672729492188,-2.7513882497707787,-3.083569319341991,0.7504702103665593,3.6277485496516975,-0.3466776384826382,2.280614657360565,-0.7703517978078779,2.481636533693468,-3.5677257667703577,-1.790226067639766
49.0,167.0,1006.7672729492188,-2.751388395213197,-3.083569319341991,0.7504702103665593,3.6277485496798616,-0.3466754396488745,2.280615191566161,-0.7703517963491826,2.481636533693468,-3.5677257667703577,-1.790226067639766
49.0,167.0,1006.7672729492188,-2.7513882657598434,-3.0835694206456474,0.7504702103665593,3.6277485496516975,-0.3466776384826382,2.280614657360565,-0.7703517971425462,2.481636533693468,-3.5677257667703577,-1.790226067639766
49.0,167.0,1006.7672729492188,-2.751388395213197,-3.083569319341991,0.7504702103665593,3.6277485496798616,-0.3466754396488745,2.280615191566161,-0.7703517963830834,2.481636533693468,-3.5677257667703577,-1.790226067639766
49.0,167.0,1006.7672729492188,-2.7513882099360405,-3.083569322386867,0.7504702103665593,3.627748309580287,-0.3466810963802853,2.280612079077653,-0.7703517964942946,2.481636533693468,-3.5677257667703577,-1.790226067639766
49.0,167.0,1006.7672729492188,-2.7513882168710047,-3.083569319341991,0.7504702103665593,3.627748548747327,-0.3466368509504258,2.280615191566161,-0.7703517971914785,2.481636533693468,-3.5677257667703577,-1.790226067639766
49.0,167.0,1006.7672729492188,-2.751388395213197,-3.083569319341991,0.7504702103665593,3.6277485496798616,-0.3466754396488745,2.280615191566161,-0.7703517977739772,2.481636533693468,-3.5677257667703577,-1.790226067639766
49.0,167.0,1006.7672729492188,-2.751388184920279,-3.0835693193743543,0.7504702103665593,3.627748549005042,-0.3466776384826382,2.280614657360565,-0.7703517965185009,2.481636533693468,-3.5677257667703577,-1.790226067639766
49.0,167.0,1006.7672729492188,-2.7513898394269853,-3.08356932231386,0.7504702103665593,3.627748316505467,-0.3466778829585437,2.280612079077653,-0.7703517964686307,2.481636533693468,-3.5677257667703577,-1.790226067639766
49.0,167.0,1006.7672729492188,-2.751388223257824,-3.083569319341991,0.7504702103665593,3.62774855090556,-0.3466480178536706,2.28061212571107,-0.7703517977957828,2.4816365336934334,-3.5677257667703577,-1.790226067639766
49.0,167.0,1006.7672729492188,-2.751388077310696,-3.0835694134126683,0.7504702103665593,3.627748548793636,-0.3466526465160778,2.280615171948401,-0.7703517971699454,2.4816365336934667,-3.567725766770381,-1.790226067639766
49.0,167.0,1006.7672729492188,-2.75138822566223,-3.0835693187935043,0.7504702103665593,3.627748548754682,-0.3467402575512262,2.280615191566161,-0.7703517971997085,2.4816365336934334,-3.5677257667703577,-1.790226067639766
49.0,167.0,1006.7672729492188,-2.751389850916421,-3.0835693165815763,0.7504702103665593,3.627748550183372,-0.3466505343851936,2.280612079077653,-0.7703517965494596,2.481636533693468,-3.5677257667703577,-1.790226067639766
49.0,167.0,1006.7672729492188,-2.751388395213197,-3.0835693187711115,0.7504702103665593,3.62774854967996,-0.3466754396488745,2.280615191566161,-0.7703517978078779,2.481636533693468,-3.567725766770353,-1.790226067639766
49.0,167.0,1006.7672729492188,-2.751388223473793,-3.083569319341991,0.7504702103665593,3.6277485485420167,-0.3465757770150049,2.280615191566161,-0.7703517978078779,2.481636533693432,-3.5677257667703577,-1.790226067639766
49.0,167.0,1006.7672729492188,-2.7513889419160225,-3.0835693212712942,0.7504702103665593,3.627748558505236,-0.3466754396488745,2.280612566813565,-0.7703517964170788,2.481636533693468,-3.5677257667703364,-1.790226067639766
49.0,167.0,1006.7672729492188,-2.7513884166364657,-3.083569319341991,0.7504702103665593,3.6277485560343807,-0.3466754396488745,2.280615191566161,-0.7703517978078779,2.481636533693468,-3.5677257667703577,-1.790226067639766
49.0,167.0,1006.7672729492188,-2.7513881618534293,-3.083569321410004,0.7504702103665593,3.6277485485420167,-0.3467212956259947,2.280615191566161,-0.7703517964150498,2.481636533693472,-3.5677257667703577,-1.790226067639766
49.0,167.0,1006.7672729492188,-2.7513882099360405,-3.083569322386867,0.7504702103665593,3.627748309580287,-0.3466798427661265,2.280612079077653,-0.7703517964942946,2.481636533693468,-3.5677257667703577,-1.790226067639766
49.0,167.0,1006.7672729492188,-2.751389841005098,-3.0835693187711115,0.7504702103665593,3.62774854967996,-0.3466754396488745,2.2806121348232367,-0.7703517978078779,2.481636533693468,-3.567725766770353,-1.790226067639766
49.0,167.0,1006.7672729492188,-2.751388395213197,-3.083569319341991,0.7504702103665593,3.627748549649332,-0.3466754396488745,2.280615191566161,-0.7703517971621825,2.481636533693468,-3.5677257667703577,-1.790226067639766
49.0,167.0,1006.7672729492188,-2.7513899189003816,-3.083569319293325,0.7504702103665593,3.627748549709601,-0.3466505343851936,2.280612079077653,-0.7703517965494596,2.481636533693468,-3.5677257667703577,-1.790226067639766
49.0,167.0,1006.7672729492188,-2.751389850916421,-3.083569319341991,0.7504702103665593,3.627748313850107,-0.3466754396488745,2.280612079077653,-0.7703517978082991,2.481636533693468,-3.5677257667703577,-1.790226067639766
49.0,167.0,1006.7672729492188,-2.7513882234626,-3.083569319341991,0.7504702103665593,3.627748548671139,-0.3466480178536706,2.28061212571107,-0.7703517978132097,2.4816365336934343,-3.5677257667703577,-1.790226067639766
49.0,167.0,1006.7672729492188,-2.7513881847525843,-3.0835693187935043,0.7504702103665593,3.627748548726629,-0.3467402575512262,2.280614653834242,-0.7703517972102896,2.4816365336934334,-3.5677257667703577,-1.790226067639766
49.0,167.0,1006.7672729492188,-2.7513884166364657,-3.083569319341991,0.7504702103665593,3.627748548414044,-0.3466754396488745,2.280615191566161,-0.7703517978078779,2.481636533693468,-3.567725766770425,-1.790226067639766
49.0,167.0,1006.7672729492188,-2.75138840512452,-3.083569319341991,0.7504702103665593,3.6277485527122697,-0.3466754396488745,2.280615142854721,-0.7703517978082991,2.481636533693435,-3.5677257667703577,-1.790226067639766
49.0,167.0,1006.7672729492188,-2.7513882657598434,-3.0835694206456474,0.7504702103665593,3.6277485496822273,-0.3466776384826382,2.280614657360565,-0.7703517963295463,2.481636533693468,-3.5677257667703577,-1.790226067639766
49.0,167.0,1006.7672729492188,-2.751388395213197,-3.0835693187711115,0.7504702103665593,3.62774854967996,-0.3466900977938008,2.280615191566161,-0.7703517978078779,2.4816365336934347,-3.567725766770353,-1.790226067639766
49.0,167.0,1006.7672729492188,-2.7513883272292365,-3.0835693166302427,0.7504702103665593,3.627748550153633,-0.3466754396488745,2.280615191566161,-0.7703517963491826,2.481636533693468,-3.5677257667703577,-1.790226067639766
49.0,167.0,1006.7672729492188,-2.751388420030537,-3.0835694252528505,0.7504702103665593,3.6277485496516975,-0.3466776384826382,2.280614657360565,-0.7703517978606128,2.481636533693468,-3.5677257667704265,-1.790226067639766
49.0,167.0,1006.7672729492188,-2.751389834877504,-3.0835693193451483,0.7504702103665593,3.627748315688221,-0.3467402575512262,2.2806121424819685,-0.7703517978052403,2.4816365336934334,-3.5677257667703577,-1.790226067639766
49.0,167.0,1006.7672729492188,-2.7513899189003816,-3.083569319293325,0.7504702103665593,3.627748549673312,-0.3466505343851936,2.280612079077653,-0.7703517965494596,2.481636533693435,-3.5677257667703577,-1.790226067639766
49.0,167.0,1006.7672729492188,-2.7513898394269853,-3.08356932231386,0.7504702103665593,3.627748316505467,-0.3466778829585437,2.280612079077653,-0.7703517964686307,2.481636533693468,-3.5677257667703577,-1.790226067639766
49.0,167.0,1006.7672729492188,-2.751389803549728,-3.0835693165815763,0.7504702103665593,3.6277485496628006,-0.3466781309042712,2.280612079077653,-0.7703517963243898,2.481636533693468,-3.5677257667703577,-1.790226067639766
49.0,167.0,1006.7672729492188,-2.7513882497707787,-3.083569319341991,0.7504702103665593,3.6277485496516975,-0.3466776384826382,2.280614657360565,-0.7703517978078779,2.481636533693468,-3.5677257667703577,-1.790226067639766
49.0,167.0,1006.7672729492188,-2.751388223473793,-3.083569319341991,0.7504702103665593,3.6277485485420167,-0.346679868686343,2.280615191566161,-0.7703517978081799,2.4816365336934334,-3.5677257667703577,-1.790226067639766
49.0,167.0,1006.7672729492188,-2.7513883272292365,-3.0835693166302427,0.7504702103665593,3.627748550153633,-0.3466754396488745,2.280615191566161,-0.7703517963491826,2.481636533693468,-3.5677257667703577,-1.790226067639766
49.0,167.0,1006.7672729492188,-2.751388395213197,-3.083569319341991,0.7504702103665593,3.627748549574357,-0.3466754396488745,2.280615191566161,-0.7703517963830834,2.481636533693466,-3.5677257667703577,-1.790226067639766
49.0,167.0,1006.7672729492188,-2.751389850916421,-3.083569319341991,0.7504702103665593,3.627748313850107,-0.3466754396488745,2.280612079077653,-0.7703517978082991,2.481636533693468,-3.5677257667703577,-1.790226067639766
49.0,167.0,1006.7672729492188,-2.7513882650123627,-3.08356932000386,0.7504702103665593,3.6277485496516975,-0.3466798496689723,2.280614388528009,-0.770351796452709,2.481636533693468,-3.5677257667703577,-1.790226067639766
49.0,167.0,1006.7672729492188,-2.7513884166364657,-3.083569319341991,0.7504702103665593,3.627748548414044,-0.3466754396488745,2.280615191566161,-0.7703517978317376,2.481636533693468,-3.567725766770425,-1.790226067639766
49.0,167.0,1006.7672729492188,-2.75138817860013,-3.0835693193405627,0.7504702103665593,3.627748549672036,-0.3467402575512262,2.280614653834242,-0.7703517972102896,2.4816365336934334,-3.5677257667703577,-1.790226067639766
49.0,167.0,1006.7672729492188,-2.751388395213197,-3.083569319341991,0.7504702103665593,3.6277485496798616,-0.3466754396488745,2.280615191566161,-0.7703517977739772,2.481636533693468,-3.5677257667703577,-1.790226067639766
49.0,167.0,1006.7672729492188,-2.7513898394269853,-3.08356932231386,0.7504702103665593,3.627748316505467,-0.3466778829585437,2.2806120405988453,-0.770351796435717,2.481636533693468,-3.5677257667703577,-1.790226067639766
49.0,168.0,1006.7672729492188,-2.751388395213197,-3.083569319341991,0.7504702103665593,3.6277485496798616,-0.3466754396488745,2.280615191566161,-0.7703517978078779,2.481636533693468,-3.5677257667703577,-1.790226067639766
49.0,168.0,1006.7672729492188,-2.751389850916421,-3.083569319341991,0.7504702103665593,3.627748313850107,-0.3466754396488745,2.280612079077653,-0.7703517978082991,2.481636533693468,-3.5677257667703577,-1.790226067639766
49.0,168.0,1006.7672729492188,-2.751389850916421,-3.083569319341991,0.7504702103665593,3.6277485527122697,-0.3466754396488745,2.280612086111796,-0.7703517978082991,2.481636533693435,-3.5677257667703577,-1.790226067639766
49.0,168.0,1006.7672729492188,-2.751388395213197,-3.0835693187711115,0.7504702103665593,3.62774854967996,-0.3466754396488745,2.280615191566161,-0.7703517978078779,2.481636533693468,-3.567725766770353,-1.790226067639766
49.0,168.0,1006.7672729492188,-2.751389850916421,-3.08356932231386,0.7504702103665593,3.627748313850107,-0.3466754396488745,2.280612079077653,-0.7703517964686307,2.481636533693468,-3.5677257667703577,-1.790226067639766
49.0,168.0,1006.7672729492188,-2.7513882497707787,-3.083569319341991,0.7504702103665593,3.6277485496516975,-0.3466776384826382,2.280614657360565,-0.7703517978078779,2.481636533693468,-3.5677257667703577,-1.790226067639766
49.0,168.0,1006.7672729492188,-2.751388395213197,-3.083569319341991,0.7504702103665593,3.6277485496798616,-0.3466754396488745,2.280615191566161,-0.7703517963491826,2.481636533693468,-3.5677257667703577,-1.790226067639766
49.0,168.0,1006.7672729492188,-2.7513882657598434,-3.0835694206456474,0.7504702103665593,3.6277485496516975,-0.3466776384826382,2.280614657360565,-0.7703517971425462,2.481636533693468,-3.5677257667703577,-1.790226067639766
49.0,168.0,1006.7672729492188,-2.751388395213197,-3.083569319341991,0.7504702103665593,3.6277485496798616,-0.3466754396488745,2.280615191566161,-0.7703517963830834,2.481636533693468,-3.5677257667703577,-1.790226067639766
49.0,168.0,1006.7672729492188,-2.7513882099360405,-3.083569322386867,0.7504702103665593,3.627748309580287,-0.3466810963802853,2.280612079077653,-0.7703517964942946,2.481636533693468,-3.5677257667703577,-1.790226067639766
49.0,168.0,1006.7672729492188,-2.7513882168710047,-3.083569319341991,0.7504702103665593,3.627748548747327,-0.3466368509504258,2.280615191566161,-0.7703517971914785,2.481636533693468,-3.5677257667703577,-1.790226067639766
49.0,168.0,1006.7672729492188,-2.751388395213197,-3.083569319341991,0.7504702103665593,3.6277485496798616,-0.3466754396488745,2.280615191566161,-0.7703517977739772,2.481636533693468,-3.5677257667703577,-1.790226067639766
49.0,168.0,1006.7672729492188,-2.751388184920279,-3.0835693193743543,0.7504702103665593,3.627748549005042,-0.3466776384826382,2.280614657360565,-0.7703517965185009,2.481636533693468,-3.5677257667703577,-1.790226067639766
49.0,168.0,1006.7672729492188,-2.7513898394269853,-3.08356932231386,0.7504702103665593,3.627748316505467,-0.3466778829585437,2.280612079077653,-0.7703517964686307,2.481636533693468,-3.5677257667703577,-1.790226067639766
49.0,168.0,1006.7672729492188,-2.751388223257824,-3.083569319341991,0.7504702103665593,3.62774855090556,-0.3466480178536706,2.28061212571107,-0.7703517977957828,2.4816365336934334,-3.5677257667703577,-1.790226067639766
49.0,168.0,1006.7672729492188,-2.751388077310696,-3.0835694134126683,0.7504702103665593,3.627748548793636,-0.3466526465160778,2.280615171948401,-0.7703517971699454,2.4816365336934667,-3.567725766770381,-1.790226067639766
49.0,168.0,1006.7672729492188,-2.75138822566223,-3.0835693187935043,0.7504702103665593,3.627748548754682,-0.3467402575512262,2.280615191566161,-0.7703517971997085,2.4816365336934334,-3.5677257667703577,-1.790226067639766
49.0,168.0,1006.7672729492188,-2.751389850916421,-3.0835693165815763,0.7504702103665593,3.627748550183372,-0.3466505343851936,2.280612079077653,-0.7703517965494596,2.481636533693468,-3.5677257667703577,-1.790226067639766
49.0,168.0,1006.7672729492188,-2.751388395213197,-3.0835693187711115,0.7504702103665593,3.62774854967996,-0.3466754396488745,2.280615191566161,-0.7703517978078779,2.481636533693468,-3.567725766770353,-1.790226067639766
49.0,168.0,1006.7672729492188,-2.751388223473793,-3.083569319341991,0.7504702103665593,3.6277485485420167,-0.3465757770150049,2.280615191566161,-0.7703517978078779,2.481636533693432,-3.5677257667703577,-1.790226067639766
49.0,168.0,1006.7672729492188,-2.7513889419160225,-3.0835693212712942,0.7504702103665593,3.627748558505236,-0.3466754396488745,2.280612566813565,-0.7703517964170788,2.481636533693468,-3.5677257667703364,-1.790226067639766
49.0,168.0,1006.7672729492188,-2.7513884166364657,-3.083569319341991,0.7504702103665593,3.6277485560343807,-0.3466754396488745,2.280615191566161,-0.7703517978078779,2.481636533693468,-3.5677257667703577,-1.790226067639766
49.0,168.0,1006.7672729492188,-2.7513881618534293,-3.083569321410004,0.7504702103665593,3.6277485485420167,-0.3467212956259947,2.280615191566161,-0.7703517964150498,2.481636533693472,-3.5677257667703577,-1.790226067639766
49.0,168.0,1006.7672729492188,-2.7513882099360405,-3.083569322386867,0.7504702103665593,3.627748309580287,-0.3466798427661265,2.280612079077653,-0.7703517964942946,2.481636533693468,-3.5677257667703577,-1.790226067639766
49.0,168.0,1006.7672729492188,-2.751389841005098,-3.0835693187711115,0.7504702103665593,3.62774854967996,-0.3466754396488745,2.2806121348232367,-0.7703517978078779,2.481636533693468,-3.567725766770353,-1.790226067639766
49.0,168.0,1006.7672729492188,-2.751388395213197,-3.083569319341991,0.7504702103665593,3.627748549649332,-0.3466754396488745,2.280615191566161,-0.7703517971621825,2.481636533693468,-3.5677257667703577,-1.790226067639766
49.0,168.0,1006.7672729492188,-2.7513899189003816,-3.083569319293325,0.7504702103665593,3.627748549709601,-0.3466505343851936,2.280612079077653,-0.7703517965494596,2.481636533693468,-3.5677257667703577,-1.790226067639766
49.0,168.0,1006.7672729492188,-2.751389850916421,-3.083569319341991,0.7504702103665593,3.627748313850107,-0.3466754396488745,2.280612079077653,-0.7703517978082991,2.481636533693468,-3.5677257667703577,-1.790226067639766
49.0,168.0,1006.7672729492188,-2.7513882234626,-3.083569319341991,0.7504702103665593,3.627748548671139,-0.3466480178536706,2.28061212571107,-0.7703517978132097,2.4816365336934343,-3.5677257667703577,-1.790226067639766
49.0,168.0,1006.7672729492188,-2.7513881847525843,-3.0835693187935043,0.7504702103665593,3.627748548726629,-0.3467402575512262,2.280614653834242,-0.7703517972102896,2.4816365336934334,-3.5677257667703577,-1.790226067639766
49.0,168.0,1006.7672729492188,-2.7513884166364657,-3.083569319341991,0.7504702103665593,3.627748548414044,-0.3466754396488745,2.280615191566161,-0.7703517978078779,2.481636533693468,-3.567725766770425,-1.790226067639766
49.0,168.0,1006.7672729492188,-2.75138840512452,-3.083569319341991,0.7504702103665593,3.6277485527122697,-0.3466754396488745,2.280615142854721,-0.7703517978082991,2.481636533693435,-3.5677257667703577,-1.790226067639766
49.0,168.0,1006.7672729492188,-2.7513882657598434,-3.0835694206456474,0.7504702103665593,3.6277485496822273,-0.3466776384826382,2.280614657360565,-0.7703517963295463,2.481636533693468,-3.5677257667703577,-1.790226067639766
49.0,168.0,1006.7672729492188,-2.751388395213197,-3.0835693187711115,0.7504702103665593,3.62774854967996,-0.3466900977938008,2.280615191566161,-0.7703517978078779,2.4816365336934347,-3.567725766770353,-1.790226067639766
49.0,168.0,1006.7672729492188,-2.7513883272292365,-3.0835693166302427,0.7504702103665593,3.627748550153633,-0.3466754396488745,2.280615191566161,-0.7703517963491826,2.481636533693468,-3.5677257667703577,-1.790226067639766
49.0,168.0,1006.7672729492188,-2.751388420030537,-3.0835694252528505,0.7504702103665593,3.6277485496516975,-0.3466776384826382,2.280614657360565,-0.7703517978606128,2.481636533693468,-3.5677257667704265,-1.790226067639766
49.0,168.0,1006.7672729492188,-2.751389834877504,-3.0835693193451483,0.7504702103665593,3.627748315688221,-0.3467402575512262,2.2806121424819685,-0.7703517978052403,2.4816365336934334,-3.5677257667703577,-1.790226067639766
49.0,168.0,1006.7672729492188,-2.7513899189003816,-3.083569319293325,0.7504702103665593,3.627748549673312,-0.3466505343851936,2.280612079077653,-0.7703517965494596,2.481636533693435,-3.5677257667703577,-1.790226067639766
49.0,168.0,1006.7672729492188,-2.7513898394269853,-3.08356932231386,0.7504702103665593,3.627748316505467,-0.3466778829585437,2.280612079077653,-0.7703517964686307,2.481636533693468,-3.5677257667703577,-1.790226067639766
49.0,168.0,1006.7672729492188,-2.751389803549728,-3.0835693165815763,0.7504702103665593,3.6277485496628006,-0.3466781309042712,2.280612079077653,-0.7703517963243898,2.481636533693468,-3.5677257667703577,-1.790226067639766
49.0,168.0,1006.7672729492188,-2.7513882497707787,-3.083569319341991,0.7504702103665593,3.6277485496516975,-0.3466776384826382,2.280614657360565,-0.7703517978078779,2.481636533693468,-3.5677257667703577,-1.790226067639766
49.0,168.0,1006.7672729492188,-2.751388223473793,-3.083569319341991,0.7504702103665593,3.6277485485420167,-0.346679868686343,2.280615191566161,-0.7703517978081799,2.4816365336934334,-3.5677257667703577,-1.790226067639766
49.0,168.0,1006.7672729492188,-2.7513883272292365,-3.0835693166302427,0.7504702103665593,3.627748550153633,-0.3466754396488745,2.280615191566161,-0.7703517963491826,2.481636533693468,-3.5677257667703577,-1.790226067639766
49.0,168.0,1006.7672729492188,-2.751388395213197,-3.083569319341991,0.7504702103665593,3.627748549574357,-0.3466754396488745,2.280615191566161,-0.7703517963830834,2.481636533693466,-3.5677257667703577,-1.790226067639766
49.0,168.0,1006.7672729492188,-2.751389850916421,-3.083569319341991,0.7504702103665593,3.627748313850107,-0.3466754396488745,2.280612079077653,-0.7703517978082991,2.481636533693468,-3.5677257667703577,-1.790226067639766
49.0,168.0,1006.7672729492188,-2.7513882650123627,-3.08356932000386,0.7504702103665593,3.6277485496516975,-0.3466798496689723,2.280614388528009,-0.770351796452709,2.481636533693468,-3.5677257667703577,-1.790226067639766
49.0,168.0,1006.7672729492188,-2.7513884166364657,-3.083569319341991,0.7504702103665593,3.627748548414044,-0.3466754396488745,2.280615191566161,-0.7703517978317376,2.481636533693468,-3.567725766770425,-1.790226067639766
49.0,168.0,1006.7672729492188,-2.75138817860013,-3.0835693193405627,0.7504702103665593,3.627748549672036,-0.3467402575512262,2.280614653834242,-0.7703517972102896,2.4816365336934334,-3.5677257667703577,-1.790226067639766
49.0,168.0,1006.7672729492188,-2.751388395213197,-3.083569319341991,0.7504702103665593,3.6277485496798616,-0.3466754396488745,2.280615191566161,-0.7703517977739772,2.481636533693468,-3.5677257667703577,-1.790226067639766
49.0,168.0,1006.7672729492188,-2.7513898394269853,-3.08356932231386,0.7504702103665593,3.627748316505467,-0.3466778829585437,2.2806120405988453,-0.770351796435717,2.481636533693468,-3.5677257667703577,-1.790226067639766
49.0,169.0,1006.7672729492188,-2.751388395213197,-3.083569319341991,0.7504702103665593,3.6277485496798616,-0.3466754396488745,2.280615191566161,-0.7703517978078779,2.481636533693468,-3.5677257667703577,-1.790226067639766
49.0,169.0,1006.7672729492188,-2.751389850916421,-3.083569319341991,0.7504702103665593,3.627748313850107,-0.3466754396488745,2.280612079077653,-0.7703517978082991,2.481636533693468,-3.5677257667703577,-1.790226067639766
49.0,169.0,1006.7672729492188,-2.751389850916421,-3.083569319341991,0.7504702103665593,3.6277485527122697,-0.3466754396488745,2.280612086111796,-0.7703517978082991,2.481636533693435,-3.5677257667703577,-1.790226067639766
49.0,169.0,1006.7672729492188,-2.751388395213197,-3.0835693187711115,0.7504702103665593,3.62774854967996,-0.3466754396488745,2.280615191566161,-0.7703517978078779,2.481636533693468,-3.567725766770353,-1.790226067639766
49.0,169.0,1006.7672729492188,-2.751389850916421,-3.08356932231386,0.7504702103665593,3.627748313850107,-0.3466754396488745,2.280612079077653,-0.7703517964686307,2.481636533693468,-3.5677257667703577,-1.790226067639766
49.0,169.0,1006.7672729492188,-2.7513882497707787,-3.083569319341991,0.7504702103665593,3.6277485496516975,-0.3466776384826382,2.280614657360565,-0.7703517978078779,2.481636533693468,-3.5677257667703577,-1.790226067639766
49.0,169.0,1006.7672729492188,-2.751388395213197,-3.083569319341991,0.7504702103665593,3.6277485496798616,-0.3466754396488745,2.280615191566161,-0.7703517963491826,2.481636533693468,-3.5677257667703577,-1.790226067639766
49.0,169.0,1006.7672729492188,-2.7513882657598434,-3.0835694206456474,0.7504702103665593,3.6277485496516975,-0.3466776384826382,2.280614657360565,-0.7703517971425462,2.481636533693468,-3.5677257667703577,-1.790226067639766
49.0,169.0,1006.7672729492188,-2.751388395213197,-3.083569319341991,0.7504702103665593,3.6277485496798616,-0.3466754396488745,2.280615191566161,-0.7703517963830834,2.481636533693468,-3.5677257667703577,-1.790226067639766
49.0,169.0,1006.7672729492188,-2.7513882099360405,-3.083569322386867,0.7504702103665593,3.627748309580287,-0.3466810963802853,2.280612079077653,-0.7703517964942946,2.481636533693468,-3.5677257667703577,-1.790226067639766
49.0,169.0,1006.7672729492188,-2.7513882168710047,-3.083569319341991,0.7504702103665593,3.627748548747327,-0.3466368509504258,2.280615191566161,-0.7703517971914785,2.481636533693468,-3.5677257667703577,-1.790226067639766
49.0,169.0,1006.7672729492188,-2.751388395213197,-3.083569319341991,0.7504702103665593,3.6277485496798616,-0.3466754396488745,2.280615191566161,-0.7703517977739772,2.481636533693468,-3.5677257667703577,-1.790226067639766
49.0,169.0,1006.7672729492188,-2.751388184920279,-3.0835693193743543,0.7504702103665593,3.627748549005042,-0.3466776384826382,2.280614657360565,-0.7703517965185009,2.481636533693468,-3.5677257667703577,-1.790226067639766
49.0,169.0,1006.7672729492188,-2.7513898394269853,-3.08356932231386,0.7504702103665593,3.627748316505467,-0.3466778829585437,2.280612079077653,-0.7703517964686307,2.481636533693468,-3.5677257667703577,-1.790226067639766
49.0,169.0,1006.7672729492188,-2.751388223257824,-3.083569319341991,0.7504702103665593,3.62774855090556,-0.3466480178536706,2.28061212571107,-0.7703517977957828,2.4816365336934334,-3.5677257667703577,-1.790226067639766
49.0,169.0,1006.7672729492188,-2.751388077310696,-3.0835694134126683,0.7504702103665593,3.627748548793636,-0.3466526465160778,2.280615171948401,-0.7703517971699454,2.4816365336934667,-3.567725766770381,-1.790226067639766
49.0,169.0,1006.7672729492188,-2.75138822566223,-3.0835693187935043,0.7504702103665593,3.627748548754682,-0.3467402575512262,2.280615191566161,-0.7703517971997085,2.4816365336934334,-3.5677257667703577,-1.790226067639766
49.0,169.0,1006.7672729492188,-2.751389850916421,-3.0835693165815763,0.7504702103665593,3.627748550183372,-0.3466505343851936,2.280612079077653,-0.7703517965494596,2.481636533693468,-3.5677257667703577,-1.790226067639766
49.0,169.0,1006.7672729492188,-2.751388395213197,-3.0835693187711115,0.7504702103665593,3.62774854967996,-0.3466754396488745,2.280615191566161,-0.7703517978078779,2.481636533693468,-3.567725766770353,-1.790226067639766
49.0,169.0,1006.7672729492188,-2.751388223473793,-3.083569319341991,0.7504702103665593,3.6277485485420167,-0.3465757770150049,2.280615191566161,-0.7703517978078779,2.481636533693432,-3.5677257667703577,-1.790226067639766
49.0,169.0,1006.7672729492188,-2.7513889419160225,-3.0835693212712942,0.7504702103665593,3.627748558505236,-0.3466754396488745,2.280612566813565,-0.7703517964170788,2.481636533693468,-3.5677257667703364,-1.790226067639766
49.0,169.0,1006.7672729492188,-2.7513884166364657,-3.083569319341991,0.7504702103665593,3.6277485560343807,-0.3466754396488745,2.280615191566161,-0.7703517978078779,2.481636533693468,-3.5677257667703577,-1.790226067639766
49.0,169.0,1006.7672729492188,-2.7513881618534293,-3.083569321410004,0.7504702103665593,3.6277485485420167,-0.3467212956259947,2.280615191566161,-0.7703517964150498,2.481636533693472,-3.5677257667703577,-1.790226067639766
49.0,169.0,1006.7672729492188,-2.7513882099360405,-3.083569322386867,0.7504702103665593,3.627748309580287,-0.3466798427661265,2.280612079077653,-0.7703517964942946,2.481636533693468,-3.5677257667703577,-1.790226067639766
49.0,169.0,1006.7672729492188,-2.751389841005098,-3.0835693187711115,0.7504702103665593,3.62774854967996,-0.3466754396488745,2.2806121348232367,-0.7703517978078779,2.481636533693468,-3.567725766770353,-1.790226067639766
49.0,169.0,1006.7672729492188,-2.751388395213197,-3.083569319341991,0.7504702103665593,3.627748549649332,-0.3466754396488745,2.280615191566161,-0.7703517971621825,2.481636533693468,-3.5677257667703577,-1.790226067639766
49.0,169.0,1006.7672729492188,-2.7513899189003816,-3.083569319293325,0.7504702103665593,3.627748549709601,-0.3466505343851936,2.280612079077653,-0.7703517965494596,2.481636533693468,-3.5677257667703577,-1.790226067639766
49.0,169.0,1006.7672729492188,-2.751389850916421,-3.083569319341991,0.7504702103665593,3.627748313850107,-0.3466754396488745,2.280612079077653,-0.7703517978082991,2.481636533693468,-3.5677257667703577,-1.790226067639766
49.0,169.0,1006.7672729492188,-2.7513882234626,-3.083569319341991,0.7504702103665593,3.627748548671139,-0.3466480178536706,2.28061212571107,-0.7703517978132097,2.4816365336934343,-3.5677257667703577,-1.790226067639766
49.0,169.0,1006.7672729492188,-2.7513881847525843,-3.0835693187935043,0.7504702103665593,3.627748548726629,-0.3467402575512262,2.280614653834242,-0.7703517972102896,2.4816365336934334,-3.5677257667703577,-1.790226067639766
49.0,169.0,1006.7672729492188,-2.7513884166364657,-3.083569319341991,0.7504702103665593,3.627748548414044,-0.3466754396488745,2.280615191566161,-0.7703517978078779,2.481636533693468,-3.567725766770425,-1.790226067639766
49.0,169.0,1006.7672729492188,-2.75138840512452,-3.083569319341991,0.7504702103665593,3.6277485527122697,-0.3466754396488745,2.280615142854721,-0.7703517978082991,2.481636533693435,-3.5677257667703577,-1.790226067639766
49.0,169.0,1006.7672729492188,-2.7513882657598434,-3.0835694206456474,0.7504702103665593,3.6277485496822273,-0.3466776384826382,2.280614657360565,-0.7703517963295463,2.481636533693468,-3.5677257667703577,-1.790226067639766
49.0,169.0,1006.7672729492188,-2.751388395213197,-3.0835693187711115,0.7504702103665593,3.62774854967996,-0.3466900977938008,2.280615191566161,-0.7703517978078779,2.4816365336934347,-3.567725766770353,-1.790226067639766
49.0,169.0,1006.7672729492188,-2.7513883272292365,-3.0835693166302427,0.7504702103665593,3.627748550153633,-0.3466754396488745,2.280615191566161,-0.7703517963491826,2.481636533693468,-3.5677257667703577,-1.790226067639766
49.0,169.0,1006.7672729492188,-2.751388420030537,-3.0835694252528505,0.7504702103665593,3.6277485496516975,-0.3466776384826382,2.280614657360565,-0.7703517978606128,2.481636533693468,-3.5677257667704265,-1.790226067639766
49.0,169.0,1006.7672729492188,-2.751389834877504,-3.0835693193451483,0.7504702103665593,3.627748315688221,-0.3467402575512262,2.2806121424819685,-0.7703517978052403,2.4816365336934334,-3.5677257667703577,-1.790226067639766
49.0,169.0,1006.7672729492188,-2.7513899189003816,-3.083569319293325,0.7504702103665593,3.627748549673312,-0.3466505343851936,2.280612079077653,-0.7703517965494596,2.481636533693435,-3.5677257667703577,-1.790226067639766
49.0,169.0,1006.7672729492188,-2.7513898394269853,-3.08356932231386,0.7504702103665593,3.627748316505467,-0.3466778829585437,2.280612079077653,-0.7703517964686307,2.481636533693468,-3.5677257667703577,-1.790226067639766
49.0,169.0,1006.7672729492188,-2.751389803549728,-3.0835693165815763,0.7504702103665593,3.6277485496628006,-0.3466781309042712,2.280612079077653,-0.7703517963243898,2.481636533693468,-3.5677257667703577,-1.790226067639766
49.0,169.0,1006.7672729492188,-2.7513882497707787,-3.083569319341991,0.7504702103665593,3.6277485496516975,-0.3466776384826382,2.280614657360565,-0.7703517978078779,2.481636533693468,-3.5677257667703577,-1.790226067639766
49.0,169.0,1006.7672729492188,-2.751388223473793,-3.083569319341991,0.7504702103665593,3.6277485485420167,-0.346679868686343,2.280615191566161,-0.7703517978081799,2.4816365336934334,-3.5677257667703577,-1.790226067639766
49.0,169.0,1006.7672729492188,-2.7513883272292365,-3.0835693166302427,0.7504702103665593,3.627748550153633,-0.3466754396488745,2.280615191566161,-0.7703517963491826,2.481636533693468,-3.5677257667703577,-1.790226067639766
49.0,169.0,1006.7672729492188,-2.751388395213197,-3.083569319341991,0.7504702103665593,3.627748549574357,-0.3466754396488745,2.280615191566161,-0.7703517963830834,2.481636533693466,-3.5677257667703577,-1.790226067639766
49.0,169.0,1006.7672729492188,-2.751389850916421,-3.083569319341991,0.7504702103665593,3.627748313850107,-0.3466754396488745,2.280612079077653,-0.7703517978082991,2.481636533693468,-3.5677257667703577,-1.790226067639766
49.0,169.0,1006.7672729492188,-2.7513882650123627,-3.08356932000386,0.7504702103665593,3.6277485496516975,-0.3466798496689723,2.280614388528009,-0.770351796452709,2.481636533693468,-3.5677257667703577,-1.790226067639766
49.0,169.0,1006.7672729492188,-2.7513884166364657,-3.083569319341991,0.7504702103665593,3.627748548414044,-0.3466754396488745,2.280615191566161,-0.7703517978317376,2.481636533693468,-3.567725766770425,-1.790226067639766
49.0,169.0,1006.7672729492188,-2.75138817860013,-3.0835693193405627,0.7504702103665593,3.627748549672036,-0.3467402575512262,2.280614653834242,-0.7703517972102896,2.4816365336934334,-3.5677257667703577,-1.790226067639766
49.0,169.0,1006.7672729492188,-2.751388395213197,-3.083569319341991,0.7504702103665593,3.6277485496798616,-0.3466754396488745,2.280615191566161,-0.7703517977739772,2.481636533693468,-3.5677257667703577,-1.790226067639766
49.0,169.0,1006.7672729492188,-2.7513898394269853,-3.08356932231386,0.7504702103665593,3.627748316505467,-0.3466778829585437,2.2806120405988453,-0.770351796435717,2.481636533693468,-3.5677257667703577,-1.790226067639766
49.0,170.0,1006.7672729492188,-2.751388395213197,-3.083569319341991,0.7504702103665593,3.6277485496798616,-0.3466754396488745,2.280615191566161,-0.7703517978078779,2.481636533693468,-3.5677257667703577,-1.790226067639766
49.0,170.0,1006.7672729492188,-2.751389850916421,-3.083569319341991,0.7504702103665593,3.627748313850107,-0.3466754396488745,2.280612079077653,-0.7703517978082991,2.481636533693468,-3.5677257667703577,-1.790226067639766
49.0,170.0,1006.7672729492188,-2.751389850916421,-3.083569319341991,0.7504702103665593,3.6277485527122697,-0.3466754396488745,2.280612086111796,-0.7703517978082991,2.481636533693435,-3.5677257667703577,-1.790226067639766
49.0,170.0,1006.7672729492188,-2.751388395213197,-3.0835693187711115,0.7504702103665593,3.62774854967996,-0.3466754396488745,2.280615191566161,-0.7703517978078779,2.481636533693468,-3.567725766770353,-1.790226067639766
49.0,170.0,1006.7672729492188,-2.751389850916421,-3.08356932231386,0.7504702103665593,3.627748313850107,-0.3466754396488745,2.280612079077653,-0.7703517964686307,2.481636533693468,-3.5677257667703577,-1.790226067639766
49.0,170.0,1006.7672729492188,-2.7513882497707787,-3.083569319341991,0.7504702103665593,3.6277485496516975,-0.3466776384826382,2.280614657360565,-0.7703517978078779,2.481636533693468,-3.5677257667703577,-1.790226067639766
49.0,170.0,1006.7672729492188,-2.751388395213197,-3.083569319341991,0.7504702103665593,3.6277485496798616,-0.3466754396488745,2.280615191566161,-0.7703517963491826,2.481636533693468,-3.5677257667703577,-1.790226067639766
49.0,170.0,1006.7672729492188,-2.7513882657598434,-3.0835694206456474,0.7504702103665593,3.6277485496516975,-0.3466776384826382,2.280614657360565,-0.7703517971425462,2.481636533693468,-3.5677257667703577,-1.790226067639766
49.0,170.0,1006.7672729492188,-2.751388395213197,-3.083569319341991,0.7504702103665593,3.6277485496798616,-0.3466754396488745,2.280615191566161,-0.7703517963830834,2.481636533693468,-3.5677257667703577,-1.790226067639766
49.0,170.0,1006.7672729492188,-2.7513882099360405,-3.083569322386867,0.7504702103665593,3.627748309580287,-0.3466810963802853,2.280612079077653,-0.7703517964942946,2.481636533693468,-3.5677257667703577,-1.790226067639766
49.0,170.0,1006.7672729492188,-2.7513882168710047,-3.083569319341991,0.7504702103665593,3.627748548747327,-0.3466368509504258,2.280615191566161,-0.7703517971914785,2.481636533693468,-3.5677257667703577,-1.790226067639766
49.0,170.0,1006.7672729492188,-2.751388395213197,-3.083569319341991,0.7504702103665593,3.6277485496798616,-0.3466754396488745,2.280615191566161,-0.7703517977739772,2.481636533693468,-3.5677257667703577,-1.790226067639766
49.0,170.0,1006.7672729492188,-2.751388184920279,-3.0835693193743543,0.7504702103665593,3.627748549005042,-0.3466776384826382,2.280614657360565,-0.7703517965185009,2.481636533693468,-3.5677257667703577,-1.790226067639766
49.0,170.0,1006.7672729492188,-2.7513898394269853,-3.08356932231386,0.7504702103665593,3.627748316505467,-0.3466778829585437,2.280612079077653,-0.7703517964686307,2.481636533693468,-3.5677257667703577,-1.790226067639766
49.0,170.0,1006.7672729492188,-2.751388223257824,-3.083569319341991,0.7504702103665593,3.62774855090556,-0.3466480178536706,2.28061212571107,-0.7703517977957828,2.4816365336934334,-3.5677257667703577,-1.790226067639766
49.0,170.0,1006.7672729492188,-2.751388077310696,-3.0835694134126683,0.7504702103665593,3.627748548793636,-0.3466526465160778,2.280615171948401,-0.7703517971699454,2.4816365336934667,-3.567725766770381,-1.790226067639766
49.0,170.0,1006.7672729492188,-2.75138822566223,-3.0835693187935043,0.7504702103665593,3.627748548754682,-0.3467402575512262,2.280615191566161,-0.7703517971997085,2.4816365336934334,-3.5677257667703577,-1.790226067639766
49.0,170.0,1006.7672729492188,-2.751389850916421,-3.0835693165815763,0.7504702103665593,3.627748550183372,-0.3466505343851936,2.280612079077653,-0.7703517965494596,2.481636533693468,-3.5677257667703577,-1.790226067639766
49.0,170.0,1006.7672729492188,-2.751388395213197,-3.0835693187711115,0.7504702103665593,3.62774854967996,-0.3466754396488745,2.280615191566161,-0.7703517978078779,2.481636533693468,-3.567725766770353,-1.790226067639766
49.0,170.0,1006.7672729492188,-2.751388223473793,-3.083569319341991,0.7504702103665593,3.6277485485420167,-0.3465757770150049,2.280615191566161,-0.7703517978078779,2.481636533693432,-3.5677257667703577,-1.790226067639766
49.0,170.0,1006.7672729492188,-2.7513889419160225,-3.0835693212712942,0.7504702103665593,3.627748558505236,-0.3466754396488745,2.280612566813565,-0.7703517964170788,2.481636533693468,-3.5677257667703364,-1.790226067639766
49.0,170.0,1006.7672729492188,-2.7513884166364657,-3.083569319341991,0.7504702103665593,3.6277485560343807,-0.3466754396488745,2.280615191566161,-0.7703517978078779,2.481636533693468,-3.5677257667703577,-1.790226067639766
49.0,170.0,1006.7672729492188,-2.7513881618534293,-3.083569321410004,0.7504702103665593,3.6277485485420167,-0.3467212956259947,2.280615191566161,-0.7703517964150498,2.481636533693472,-3.5677257667703577,-1.790226067639766
49.0,170.0,1006.7672729492188,-2.7513882099360405,-3.083569322386867,0.7504702103665593,3.627748309580287,-0.3466798427661265,2.280612079077653,-0.7703517964942946,2.481636533693468,-3.5677257667703577,-1.790226067639766
49.0,170.0,1006.7672729492188,-2.751389841005098,-3.0835693187711115,0.7504702103665593,3.62774854967996,-0.3466754396488745,2.2806121348232367,-0.7703517978078779,2.481636533693468,-3.567725766770353,-1.790226067639766
49.0,170.0,1006.7672729492188,-2.751388395213197,-3.083569319341991,0.7504702103665593,3.627748549649332,-0.3466754396488745,2.280615191566161,-0.7703517971621825,2.481636533693468,-3.5677257667703577,-1.790226067639766
49.0,170.0,1006.7672729492188,-2.7513899189003816,-3.083569319293325,0.7504702103665593,3.627748549709601,-0.3466505343851936,2.280612079077653,-0.7703517965494596,2.481636533693468,-3.5677257667703577,-1.790226067639766
49.0,170.0,1006.7672729492188,-2.751389850916421,-3.083569319341991,0.7504702103665593,3.627748313850107,-0.3466754396488745,2.280612079077653,-0.7703517978082991,2.481636533693468,-3.5677257667703577,-1.790226067639766
49.0,170.0,1006.7672729492188,-2.7513882234626,-3.083569319341991,0.7504702103665593,3.627748548671139,-0.3466480178536706,2.28061212571107,-0.7703517978132097,2.4816365336934343,-3.5677257667703577,-1.790226067639766
49.0,170.0,1006.7672729492188,-2.7513881847525843,-3.0835693187935043,0.7504702103665593,3.627748548726629,-0.3467402575512262,2.280614653834242,-0.7703517972102896,2.4816365336934334,-3.5677257667703577,-1.790226067639766
49.0,170.0,1006.7672729492188,-2.7513884166364657,-3.083569319341991,0.7504702103665593,3.627748548414044,-0.3466754396488745,2.280615191566161,-0.7703517978078779,2.481636533693468,-3.567725766770425,-1.790226067639766
49.0,170.0,1006.7672729492188,-2.75138840512452,-3.083569319341991,0.7504702103665593,3.6277485527122697,-0.3466754396488745,2.280615142854721,-0.7703517978082991,2.481636533693435,-3.5677257667703577,-1.790226067639766
49.0,170.0,1006.7672729492188,-2.7513882657598434,-3.0835694206456474,0.7504702103665593,3.6277485496822273,-0.3466776384826382,2.280614657360565,-0.7703517963295463,2.481636533693468,-3.5677257667703577,-1.790226067639766
49.0,170.0,1006.7672729492188,-2.751388395213197,-3.0835693187711115,0.7504702103665593,3.62774854967996,-0.3466900977938008,2.280615191566161,-0.7703517978078779,2.4816365336934347,-3.567725766770353,-1.790226067639766
49.0,170.0,1006.7672729492188,-2.7513883272292365,-3.0835693166302427,0.7504702103665593,3.627748550153633,-0.3466754396488745,2.280615191566161,-0.7703517963491826,2.481636533693468,-3.5677257667703577,-1.790226067639766
49.0,170.0,1006.7672729492188,-2.751388420030537,-3.0835694252528505,0.7504702103665593,3.6277485496516975,-0.3466776384826382,2.280614657360565,-0.7703517978606128,2.481636533693468,-3.5677257667704265,-1.790226067639766
49.0,170.0,1006.7672729492188,-2.751389834877504,-3.0835693193451483,0.7504702103665593,3.627748315688221,-0.3467402575512262,2.2806121424819685,-0.7703517978052403,2.4816365336934334,-3.5677257667703577,-1.790226067639766
49.0,170.0,1006.7672729492188,-2.7513899189003816,-3.083569319293325,0.7504702103665593,3.627748549673312,-0.3466505343851936,2.280612079077653,-0.7703517965494596,2.481636533693435,-3.5677257667703577,-1.790226067639766
49.0,170.0,1006.7672729492188,-2.7513898394269853,-3.08356932231386,0.7504702103665593,3.627748316505467,-0.3466778829585437,2.280612079077653,-0.7703517964686307,2.481636533693468,-3.5677257667703577,-1.790226067639766
49.0,170.0,1006.7672729492188,-2.751389803549728,-3.0835693165815763,0.7504702103665593,3.6277485496628006,-0.3466781309042712,2.280612079077653,-0.7703517963243898,2.481636533693468,-3.5677257667703577,-1.790226067639766
49.0,170.0,1006.7672729492188,-2.7513882497707787,-3.083569319341991,0.7504702103665593,3.6277485496516975,-0.3466776384826382,2.280614657360565,-0.7703517978078779,2.481636533693468,-3.5677257667703577,-1.790226067639766
49.0,170.0,1006.7672729492188,-2.751388223473793,-3.083569319341991,0.7504702103665593,3.6277485485420167,-0.346679868686343,2.280615191566161,-0.7703517978081799,2.4816365336934334,-3.5677257667703577,-1.790226067639766
49.0,170.0,1006.7672729492188,-2.7513883272292365,-3.0835693166302427,0.7504702103665593,3.627748550153633,-0.3466754396488745,2.280615191566161,-0.7703517963491826,2.481636533693468,-3.5677257667703577,-1.790226067639766
49.0,170.0,1006.7672729492188,-2.751388395213197,-3.083569319341991,0.7504702103665593,3.627748549574357,-0.3466754396488745,2.280615191566161,-0.7703517963830834,2.481636533693466,-3.5677257667703577,-1.790226067639766
49.0,170.0,1006.7672729492188,-2.751389850916421,-3.083569319341991,0.7504702103665593,3.627748313850107,-0.3466754396488745,2.280612079077653,-0.7703517978082991,2.481636533693468,-3.5677257667703577,-1.790226067639766
49.0,170.0,1006.7672729492188,-2.7513882650123627,-3.08356932000386,0.7504702103665593,3.6277485496516975,-0.3466798496689723,2.280614388528009,-0.770351796452709,2.481636533693468,-3.5677257667703577,-1.790226067639766
49.0,170.0,1006.7672729492188,-2.7513884166364657,-3.083569319341991,0.7504702103665593,3.627748548414044,-0.3466754396488745,2.280615191566161,-0.7703517978317376,2.481636533693468,-3.567725766770425,-1.790226067639766
49.0,170.0,1006.7672729492188,-2.75138817860013,-3.0835693193405627,0.7504702103665593,3.627748549672036,-0.3467402575512262,2.280614653834242,-0.7703517972102896,2.4816365336934334,-3.5677257667703577,-1.790226067639766
49.0,170.0,1006.7672729492188,-2.751388395213197,-3.083569319341991,0.7504702103665593,3.6277485496798616,-0.3466754396488745,2.280615191566161,-0.7703517977739772,2.481636533693468,-3.5677257667703577,-1.790226067639766
49.0,170.0,1006.7672729492188,-2.7513898394269853,-3.08356932231386,0.7504702103665593,3.627748316505467,-0.3466778829585437,2.2806120405988453,-0.770351796435717,2.481636533693468,-3.5677257667703577,-1.790226067639766
49.0,171.0,1006.7672729492188,-2.751388395213197,-3.083569319341991,0.7504702103665593,3.6277485496798616,-0.3466754396488745,2.280615191566161,-0.7703517978078779,2.481636533693468,-3.5677257667703577,-1.790226067639766
49.0,171.0,1006.7672729492188,-2.751389850916421,-3.083569319341991,0.7504702103665593,3.627748313850107,-0.3466754396488745,2.280612079077653,-0.7703517978082991,2.481636533693468,-3.5677257667703577,-1.790226067639766
49.0,171.0,1006.7672729492188,-2.751389850916421,-3.083569319341991,0.7504702103665593,3.6277485527122697,-0.3466754396488745,2.280612086111796,-0.7703517978082991,2.481636533693435,-3.5677257667703577,-1.790226067639766
49.0,171.0,1006.7672729492188,-2.751388395213197,-3.0835693187711115,0.7504702103665593,3.62774854967996,-0.3466754396488745,2.280615191566161,-0.7703517978078779,2.481636533693468,-3.567725766770353,-1.790226067639766
49.0,171.0,1006.7672729492188,-2.751389850916421,-3.08356932231386,0.7504702103665593,3.627748313850107,-0.3466754396488745,2.280612079077653,-0.7703517964686307,2.481636533693468,-3.5677257667703577,-1.790226067639766
49.0,171.0,1006.7672729492188,-2.7513882497707787,-3.083569319341991,0.7504702103665593,3.6277485496516975,-0.3466776384826382,2.280614657360565,-0.7703517978078779,2.481636533693468,-3.5677257667703577,-1.790226067639766
49.0,171.0,1006.7672729492188,-2.751388395213197,-3.083569319341991,0.7504702103665593,3.6277485496798616,-0.3466754396488745,2.280615191566161,-0.7703517963491826,2.481636533693468,-3.5677257667703577,-1.790226067639766
49.0,171.0,1006.7672729492188,-2.7513882657598434,-3.0835694206456474,0.7504702103665593,3.6277485496516975,-0.3466776384826382,2.280614657360565,-0.7703517971425462,2.481636533693468,-3.5677257667703577,-1.790226067639766
49.0,171.0,1006.7672729492188,-2.751388395213197,-3.083569319341991,0.7504702103665593,3.6277485496798616,-0.3466754396488745,2.280615191566161,-0.7703517963830834,2.481636533693468,-3.5677257667703577,-1.790226067639766
49.0,171.0,1006.7672729492188,-2.7513882099360405,-3.083569322386867,0.7504702103665593,3.627748309580287,-0.3466810963802853,2.280612079077653,-0.7703517964942946,2.481636533693468,-3.5677257667703577,-1.790226067639766
49.0,171.0,1006.7672729492188,-2.7513882168710047,-3.083569319341991,0.7504702103665593,3.627748548747327,-0.3466368509504258,2.280615191566161,-0.7703517971914785,2.481636533693468,-3.5677257667703577,-1.790226067639766
49.0,171.0,1006.7672729492188,-2.751388395213197,-3.083569319341991,0.7504702103665593,3.6277485496798616,-0.3466754396488745,2.280615191566161,-0.7703517977739772,2.481636533693468,-3.5677257667703577,-1.790226067639766
49.0,171.0,1006.7672729492188,-2.751388184920279,-3.0835693193743543,0.7504702103665593,3.627748549005042,-0.3466776384826382,2.280614657360565,-0.7703517965185009,2.481636533693468,-3.5677257667703577,-1.790226067639766
49.0,171.0,1006.7672729492188,-2.7513898394269853,-3.08356932231386,0.7504702103665593,3.627748316505467,-0.3466778829585437,2.280612079077653,-0.7703517964686307,2.481636533693468,-3.5677257667703577,-1.790226067639766
49.0,171.0,1006.7672729492188,-2.751388223257824,-3.083569319341991,0.7504702103665593,3.62774855090556,-0.3466480178536706,2.28061212571107,-0.7703517977957828,2.4816365336934334,-3.5677257667703577,-1.790226067639766
49.0,171.0,1006.7672729492188,-2.751388077310696,-3.0835694134126683,0.7504702103665593,3.627748548793636,-0.3466526465160778,2.280615171948401,-0.7703517971699454,2.4816365336934667,-3.567725766770381,-1.790226067639766
49.0,171.0,1006.7672729492188,-2.75138822566223,-3.0835693187935043,0.7504702103665593,3.627748548754682,-0.3467402575512262,2.280615191566161,-0.7703517971997085,2.4816365336934334,-3.5677257667703577,-1.790226067639766
49.0,171.0,1006.7672729492188,-2.751389850916421,-3.0835693165815763,0.7504702103665593,3.627748550183372,-0.3466505343851936,2.280612079077653,-0.7703517965494596,2.481636533693468,-3.5677257667703577,-1.790226067639766
49.0,171.0,1006.7672729492188,-2.751388395213197,-3.0835693187711115,0.7504702103665593,3.62774854967996,-0.3466754396488745,2.280615191566161,-0.7703517978078779,2.481636533693468,-3.567725766770353,-1.790226067639766
49.0,171.0,1006.7672729492188,-2.751388223473793,-3.083569319341991,0.7504702103665593,3.6277485485420167,-0.3465757770150049,2.280615191566161,-0.7703517978078779,2.481636533693432,-3.5677257667703577,-1.790226067639766
49.0,171.0,1006.7672729492188,-2.7513889419160225,-3.0835693212712942,0.7504702103665593,3.627748558505236,-0.3466754396488745,2.280612566813565,-0.7703517964170788,2.481636533693468,-3.5677257667703364,-1.790226067639766
49.0,171.0,1006.7672729492188,-2.7513884166364657,-3.083569319341991,0.7504702103665593,3.6277485560343807,-0.3466754396488745,2.280615191566161,-0.7703517978078779,2.481636533693468,-3.5677257667703577,-1.790226067639766
49.0,171.0,1006.7672729492188,-2.7513881618534293,-3.083569321410004,0.7504702103665593,3.6277485485420167,-0.3467212956259947,2.280615191566161,-0.7703517964150498,2.481636533693472,-3.5677257667703577,-1.790226067639766
49.0,171.0,1006.7672729492188,-2.7513882099360405,-3.083569322386867,0.7504702103665593,3.627748309580287,-0.3466798427661265,2.280612079077653,-0.7703517964942946,2.481636533693468,-3.5677257667703577,-1.790226067639766
49.0,171.0,1006.7672729492188,-2.751389841005098,-3.0835693187711115,0.7504702103665593,3.62774854967996,-0.3466754396488745,2.2806121348232367,-0.7703517978078779,2.481636533693468,-3.567725766770353,-1.790226067639766
49.0,171.0,1006.7672729492188,-2.751388395213197,-3.083569319341991,0.7504702103665593,3.627748549649332,-0.3466754396488745,2.280615191566161,-0.7703517971621825,2.481636533693468,-3.5677257667703577,-1.790226067639766
49.0,171.0,1006.7672729492188,-2.7513899189003816,-3.083569319293325,0.7504702103665593,3.627748549709601,-0.3466505343851936,2.280612079077653,-0.7703517965494596,2.481636533693468,-3.5677257667703577,-1.790226067639766
49.0,171.0,1006.7672729492188,-2.751389850916421,-3.083569319341991,0.7504702103665593,3.627748313850107,-0.3466754396488745,2.280612079077653,-0.7703517978082991,2.481636533693468,-3.5677257667703577,-1.790226067639766
49.0,171.0,1006.7672729492188,-2.7513882234626,-3.083569319341991,0.7504702103665593,3.627748548671139,-0.3466480178536706,2.28061212571107,-0.7703517978132097,2.4816365336934343,-3.5677257667703577,-1.790226067639766
49.0,171.0,1006.7672729492188,-2.7513881847525843,-3.0835693187935043,0.7504702103665593,3.627748548726629,-0.3467402575512262,2.280614653834242,-0.7703517972102896,2.4816365336934334,-3.5677257667703577,-1.790226067639766
49.0,171.0,1006.7672729492188,-2.7513884166364657,-3.083569319341991,0.7504702103665593,3.627748548414044,-0.3466754396488745,2.280615191566161,-0.7703517978078779,2.481636533693468,-3.567725766770425,-1.790226067639766
49.0,171.0,1006.7672729492188,-2.75138840512452,-3.083569319341991,0.7504702103665593,3.6277485527122697,-0.3466754396488745,2.280615142854721,-0.7703517978082991,2.481636533693435,-3.5677257667703577,-1.790226067639766
49.0,171.0,1006.7672729492188,-2.7513882657598434,-3.0835694206456474,0.7504702103665593,3.6277485496822273,-0.3466776384826382,2.280614657360565,-0.7703517963295463,2.481636533693468,-3.5677257667703577,-1.790226067639766
49.0,171.0,1006.7672729492188,-2.751388395213197,-3.0835693187711115,0.7504702103665593,3.62774854967996,-0.3466900977938008,2.280615191566161,-0.7703517978078779,2.4816365336934347,-3.567725766770353,-1.790226067639766
49.0,171.0,1006.7672729492188,-2.7513883272292365,-3.0835693166302427,0.7504702103665593,3.627748550153633,-0.3466754396488745,2.280615191566161,-0.7703517963491826,2.481636533693468,-3.5677257667703577,-1.790226067639766
49.0,171.0,1006.7672729492188,-2.751388420030537,-3.0835694252528505,0.7504702103665593,3.6277485496516975,-0.3466776384826382,2.280614657360565,-0.7703517978606128,2.481636533693468,-3.5677257667704265,-1.790226067639766
49.0,171.0,1006.7672729492188,-2.751389834877504,-3.0835693193451483,0.7504702103665593,3.627748315688221,-0.3467402575512262,2.2806121424819685,-0.7703517978052403,2.4816365336934334,-3.5677257667703577,-1.790226067639766
49.0,171.0,1006.7672729492188,-2.7513899189003816,-3.083569319293325,0.7504702103665593,3.627748549673312,-0.3466505343851936,2.280612079077653,-0.7703517965494596,2.481636533693435,-3.5677257667703577,-1.790226067639766
49.0,171.0,1006.7672729492188,-2.7513898394269853,-3.08356932231386,0.7504702103665593,3.627748316505467,-0.3466778829585437,2.280612079077653,-0.7703517964686307,2.481636533693468,-3.5677257667703577,-1.790226067639766
49.0,171.0,1006.7672729492188,-2.751389803549728,-3.0835693165815763,0.7504702103665593,3.6277485496628006,-0.3466781309042712,2.280612079077653,-0.7703517963243898,2.481636533693468,-3.5677257667703577,-1.790226067639766
49.0,171.0,1006.7672729492188,-2.7513882497707787,-3.083569319341991,0.7504702103665593,3.6277485496516975,-0.3466776384826382,2.280614657360565,-0.7703517978078779,2.481636533693468,-3.5677257667703577,-1.790226067639766
49.0,171.0,1006.7672729492188,-2.751388223473793,-3.083569319341991,0.7504702103665593,3.6277485485420167,-0.346679868686343,2.280615191566161,-0.7703517978081799,2.4816365336934334,-3.5677257667703577,-1.790226067639766
49.0,171.0,1006.7672729492188,-2.7513883272292365,-3.0835693166302427,0.7504702103665593,3.627748550153633,-0.3466754396488745,2.280615191566161,-0.7703517963491826,2.481636533693468,-3.5677257667703577,-1.790226067639766
49.0,171.0,1006.7672729492188,-2.751388395213197,-3.083569319341991,0.7504702103665593,3.627748549574357,-0.3466754396488745,2.280615191566161,-0.7703517963830834,2.481636533693466,-3.5677257667703577,-1.790226067639766
49.0,171.0,1006.7672729492188,-2.751389850916421,-3.083569319341991,0.7504702103665593,3.627748313850107,-0.3466754396488745,2.280612079077653,-0.7703517978082991,2.481636533693468,-3.5677257667703577,-1.790226067639766
49.0,171.0,1006.7672729492188,-2.7513882650123627,-3.08356932000386,0.7504702103665593,3.6277485496516975,-0.3466798496689723,2.280614388528009,-0.770351796452709,2.481636533693468,-3.5677257667703577,-1.790226067639766
49.0,171.0,1006.7672729492188,-2.7513884166364657,-3.083569319341991,0.7504702103665593,3.627748548414044,-0.3466754396488745,2.280615191566161,-0.7703517978317376,2.481636533693468,-3.567725766770425,-1.790226067639766
49.0,171.0,1006.7672729492188,-2.75138817860013,-3.0835693193405627,0.7504702103665593,3.627748549672036,-0.3467402575512262,2.280614653834242,-0.7703517972102896,2.4816365336934334,-3.5677257667703577,-1.790226067639766
49.0,171.0,1006.7672729492188,-2.751388395213197,-3.083569319341991,0.7504702103665593,3.6277485496798616,-0.3466754396488745,2.280615191566161,-0.7703517977739772,2.481636533693468,-3.5677257667703577,-1.790226067639766
49.0,171.0,1006.7672729492188,-2.7513898394269853,-3.08356932231386,0.7504702103665593,3.627748316505467,-0.3466778829585437,2.2806120405988453,-0.770351796435717,2.481636533693468,-3.5677257667703577,-1.790226067639766
49.0,172.0,1006.7672729492188,-2.751388395213197,-3.083569319341991,0.7504702103665593,3.6277485496798616,-0.3466754396488745,2.280615191566161,-0.7703517978078779,2.481636533693468,-3.5677257667703577,-1.790226067639766
49.0,172.0,1006.7672729492188,-2.751389850916421,-3.083569319341991,0.7504702103665593,3.627748313850107,-0.3466754396488745,2.280612079077653,-0.7703517978082991,2.481636533693468,-3.5677257667703577,-1.790226067639766
49.0,172.0,1006.7672729492188,-2.751389850916421,-3.083569319341991,0.7504702103665593,3.6277485527122697,-0.3466754396488745,2.280612086111796,-0.7703517978082991,2.481636533693435,-3.5677257667703577,-1.790226067639766
49.0,172.0,1006.7672729492188,-2.751388395213197,-3.0835693187711115,0.7504702103665593,3.62774854967996,-0.3466754396488745,2.280615191566161,-0.7703517978078779,2.481636533693468,-3.567725766770353,-1.790226067639766
49.0,172.0,1006.7672729492188,-2.751389850916421,-3.08356932231386,0.7504702103665593,3.627748313850107,-0.3466754396488745,2.280612079077653,-0.7703517964686307,2.481636533693468,-3.5677257667703577,-1.790226067639766
49.0,172.0,1006.7672729492188,-2.7513882497707787,-3.083569319341991,0.7504702103665593,3.6277485496516975,-0.3466776384826382,2.280614657360565,-0.7703517978078779,2.481636533693468,-3.5677257667703577,-1.790226067639766
49.0,172.0,1006.7672729492188,-2.751388395213197,-3.083569319341991,0.7504702103665593,3.6277485496798616,-0.3466754396488745,2.280615191566161,-0.7703517963491826,2.481636533693468,-3.5677257667703577,-1.790226067639766
49.0,172.0,1006.7672729492188,-2.7513882657598434,-3.0835694206456474,0.7504702103665593,3.6277485496516975,-0.3466776384826382,2.280614657360565,-0.7703517971425462,2.481636533693468,-3.5677257667703577,-1.790226067639766
49.0,172.0,1006.7672729492188,-2.751388395213197,-3.083569319341991,0.7504702103665593,3.6277485496798616,-0.3466754396488745,2.280615191566161,-0.7703517963830834,2.481636533693468,-3.5677257667703577,-1.790226067639766
49.0,172.0,1006.7672729492188,-2.7513882099360405,-3.083569322386867,0.7504702103665593,3.627748309580287,-0.3466810963802853,2.280612079077653,-0.7703517964942946,2.481636533693468,-3.5677257667703577,-1.790226067639766
49.0,172.0,1006.7672729492188,-2.7513882168710047,-3.083569319341991,0.7504702103665593,3.627748548747327,-0.3466368509504258,2.280615191566161,-0.7703517971914785,2.481636533693468,-3.5677257667703577,-1.790226067639766
49.0,172.0,1006.7672729492188,-2.751388395213197,-3.083569319341991,0.7504702103665593,3.6277485496798616,-0.3466754396488745,2.280615191566161,-0.7703517977739772,2.481636533693468,-3.5677257667703577,-1.790226067639766
49.0,172.0,1006.7672729492188,-2.751388184920279,-3.0835693193743543,0.7504702103665593,3.627748549005042,-0.3466776384826382,2.280614657360565,-0.7703517965185009,2.481636533693468,-3.5677257667703577,-1.790226067639766
49.0,172.0,1006.7672729492188,-2.7513898394269853,-3.08356932231386,0.7504702103665593,3.627748316505467,-0.3466778829585437,2.280612079077653,-0.7703517964686307,2.481636533693468,-3.5677257667703577,-1.790226067639766
49.0,172.0,1006.7672729492188,-2.751388223257824,-3.083569319341991,0.7504702103665593,3.62774855090556,-0.3466480178536706,2.28061212571107,-0.7703517977957828,2.4816365336934334,-3.5677257667703577,-1.790226067639766
49.0,172.0,1006.7672729492188,-2.751388077310696,-3.0835694134126683,0.7504702103665593,3.627748548793636,-0.3466526465160778,2.280615171948401,-0.7703517971699454,2.4816365336934667,-3.567725766770381,-1.790226067639766
49.0,172.0,1006.7672729492188,-2.75138822566223,-3.0835693187935043,0.7504702103665593,3.627748548754682,-0.3467402575512262,2.280615191566161,-0.7703517971997085,2.4816365336934334,-3.5677257667703577,-1.790226067639766
49.0,172.0,1006.7672729492188,-2.751389850916421,-3.0835693165815763,0.7504702103665593,3.627748550183372,-0.3466505343851936,2.280612079077653,-0.7703517965494596,2.481636533693468,-3.5677257667703577,-1.790226067639766
49.0,172.0,1006.7672729492188,-2.751388395213197,-3.0835693187711115,0.7504702103665593,3.62774854967996,-0.3466754396488745,2.280615191566161,-0.7703517978078779,2.481636533693468,-3.567725766770353,-1.790226067639766
49.0,172.0,1006.7672729492188,-2.751388223473793,-3.083569319341991,0.7504702103665593,3.6277485485420167,-0.3465757770150049,2.280615191566161,-0.7703517978078779,2.481636533693432,-3.5677257667703577,-1.790226067639766
49.0,172.0,1006.7672729492188,-2.7513889419160225,-3.0835693212712942,0.7504702103665593,3.627748558505236,-0.3466754396488745,2.280612566813565,-0.7703517964170788,2.481636533693468,-3.5677257667703364,-1.790226067639766
49.0,172.0,1006.7672729492188,-2.7513884166364657,-3.083569319341991,0.7504702103665593,3.6277485560343807,-0.3466754396488745,2.280615191566161,-0.7703517978078779,2.481636533693468,-3.5677257667703577,-1.790226067639766
49.0,172.0,1006.7672729492188,-2.7513881618534293,-3.083569321410004,0.7504702103665593,3.6277485485420167,-0.3467212956259947,2.280615191566161,-0.7703517964150498,2.481636533693472,-3.5677257667703577,-1.790226067639766
49.0,172.0,1006.7672729492188,-2.7513882099360405,-3.083569322386867,0.7504702103665593,3.627748309580287,-0.3466798427661265,2.280612079077653,-0.7703517964942946,2.481636533693468,-3.5677257667703577,-1.790226067639766
49.0,172.0,1006.7672729492188,-2.751389841005098,-3.0835693187711115,0.7504702103665593,3.62774854967996,-0.3466754396488745,2.2806121348232367,-0.7703517978078779,2.481636533693468,-3.567725766770353,-1.790226067639766
49.0,172.0,1006.7672729492188,-2.751388395213197,-3.083569319341991,0.7504702103665593,3.627748549649332,-0.3466754396488745,2.280615191566161,-0.7703517971621825,2.481636533693468,-3.5677257667703577,-1.790226067639766
49.0,172.0,1006.7672729492188,-2.7513899189003816,-3.083569319293325,0.7504702103665593,3.627748549709601,-0.3466505343851936,2.280612079077653,-0.7703517965494596,2.481636533693468,-3.5677257667703577,-1.790226067639766
49.0,172.0,1006.7672729492188,-2.751389850916421,-3.083569319341991,0.7504702103665593,3.627748313850107,-0.3466754396488745,2.280612079077653,-0.7703517978082991,2.481636533693468,-3.5677257667703577,-1.790226067639766
49.0,172.0,1006.7672729492188,-2.7513882234626,-3.083569319341991,0.7504702103665593,3.627748548671139,-0.3466480178536706,2.28061212571107,-0.7703517978132097,2.4816365336934343,-3.5677257667703577,-1.790226067639766
49.0,172.0,1006.7672729492188,-2.7513881847525843,-3.0835693187935043,0.7504702103665593,3.627748548726629,-0.3467402575512262,2.280614653834242,-0.7703517972102896,2.4816365336934334,-3.5677257667703577,-1.790226067639766
49.0,172.0,1006.7672729492188,-2.7513884166364657,-3.083569319341991,0.7504702103665593,3.627748548414044,-0.3466754396488745,2.280615191566161,-0.7703517978078779,2.481636533693468,-3.567725766770425,-1.790226067639766
49.0,172.0,1006.7672729492188,-2.75138840512452,-3.083569319341991,0.7504702103665593,3.6277485527122697,-0.3466754396488745,2.280615142854721,-0.7703517978082991,2.481636533693435,-3.5677257667703577,-1.790226067639766
49.0,172.0,1006.7672729492188,-2.7513882657598434,-3.0835694206456474,0.7504702103665593,3.6277485496822273,-0.3466776384826382,2.280614657360565,-0.7703517963295463,2.481636533693468,-3.5677257667703577,-1.790226067639766
49.0,172.0,1006.7672729492188,-2.751388395213197,-3.0835693187711115,0.7504702103665593,3.62774854967996,-0.3466900977938008,2.280615191566161,-0.7703517978078779,2.4816365336934347,-3.567725766770353,-1.790226067639766
49.0,172.0,1006.7672729492188,-2.7513883272292365,-3.0835693166302427,0.7504702103665593,3.627748550153633,-0.3466754396488745,2.280615191566161,-0.7703517963491826,2.481636533693468,-3.5677257667703577,-1.790226067639766
49.0,172.0,1006.7672729492188,-2.751388420030537,-3.0835694252528505,0.7504702103665593,3.6277485496516975,-0.3466776384826382,2.280614657360565,-0.7703517978606128,2.481636533693468,-3.5677257667704265,-1.790226067639766
49.0,172.0,1006.7672729492188,-2.751389834877504,-3.0835693193451483,0.7504702103665593,3.627748315688221,-0.3467402575512262,2.2806121424819685,-0.7703517978052403,2.4816365336934334,-3.5677257667703577,-1.790226067639766
49.0,172.0,1006.7672729492188,-2.7513899189003816,-3.083569319293325,0.7504702103665593,3.627748549673312,-0.3466505343851936,2.280612079077653,-0.7703517965494596,2.481636533693435,-3.5677257667703577,-1.790226067639766
49.0,172.0,1006.7672729492188,-2.7513898394269853,-3.08356932231386,0.7504702103665593,3.627748316505467,-0.3466778829585437,2.280612079077653,-0.7703517964686307,2.481636533693468,-3.5677257667703577,-1.790226067639766
49.0,172.0,1006.7672729492188,-2.751389803549728,-3.0835693165815763,0.7504702103665593,3.6277485496628006,-0.3466781309042712,2.280612079077653,-0.7703517963243898,2.481636533693468,-3.5677257667703577,-1.790226067639766
49.0,172.0,1006.7672729492188,-2.7513882497707787,-3.083569319341991,0.7504702103665593,3.6277485496516975,-0.3466776384826382,2.280614657360565,-0.7703517978078779,2.481636533693468,-3.5677257667703577,-1.790226067639766
49.0,172.0,1006.7672729492188,-2.751388223473793,-3.083569319341991,0.7504702103665593,3.6277485485420167,-0.346679868686343,2.280615191566161,-0.7703517978081799,2.4816365336934334,-3.5677257667703577,-1.790226067639766
49.0,172.0,1006.7672729492188,-2.7513883272292365,-3.0835693166302427,0.7504702103665593,3.627748550153633,-0.3466754396488745,2.280615191566161,-0.7703517963491826,2.481636533693468,-3.5677257667703577,-1.790226067639766
49.0,172.0,1006.7672729492188,-2.751388395213197,-3.083569319341991,0.7504702103665593,3.627748549574357,-0.3466754396488745,2.280615191566161,-0.7703517963830834,2.481636533693466,-3.5677257667703577,-1.790226067639766
49.0,172.0,1006.7672729492188,-2.751389850916421,-3.083569319341991,0.7504702103665593,3.627748313850107,-0.3466754396488745,2.280612079077653,-0.7703517978082991,2.481636533693468,-3.5677257667703577,-1.790226067639766
49.0,172.0,1006.7672729492188,-2.7513882650123627,-3.08356932000386,0.7504702103665593,3.6277485496516975,-0.3466798496689723,2.280614388528009,-0.770351796452709,2.481636533693468,-3.5677257667703577,-1.790226067639766
49.0,172.0,1006.7672729492188,-2.7513884166364657,-3.083569319341991,0.7504702103665593,3.627748548414044,-0.3466754396488745,2.280615191566161,-0.7703517978317376,2.481636533693468,-3.567725766770425,-1.790226067639766
49.0,172.0,1006.7672729492188,-2.75138817860013,-3.0835693193405627,0.7504702103665593,3.627748549672036,-0.3467402575512262,2.280614653834242,-0.7703517972102896,2.4816365336934334,-3.5677257667703577,-1.790226067639766
49.0,172.0,1006.7672729492188,-2.751388395213197,-3.083569319341991,0.7504702103665593,3.6277485496798616,-0.3466754396488745,2.280615191566161,-0.7703517977739772,2.481636533693468,-3.5677257667703577,-1.790226067639766
49.0,172.0,1006.7672729492188,-2.7513898394269853,-3.08356932231386,0.7504702103665593,3.627748316505467,-0.3466778829585437,2.2806120405988453,-0.770351796435717,2.481636533693468,-3.5677257667703577,-1.790226067639766
49.0,173.0,1006.7672729492188,-2.751388395213197,-3.083569319341991,0.7504702103665593,3.6277485496798616,-0.3466754396488745,2.280615191566161,-0.7703517978078779,2.481636533693468,-3.5677257667703577,-1.790226067639766
49.0,173.0,1006.7672729492188,-2.751389850916421,-3.083569319341991,0.7504702103665593,3.627748313850107,-0.3466754396488745,2.280612079077653,-0.7703517978082991,2.481636533693468,-3.5677257667703577,-1.790226067639766
49.0,173.0,1006.7672729492188,-2.751389850916421,-3.083569319341991,0.7504702103665593,3.6277485527122697,-0.3466754396488745,2.280612086111796,-0.7703517978082991,2.481636533693435,-3.5677257667703577,-1.790226067639766
49.0,173.0,1006.7672729492188,-2.751388395213197,-3.0835693187711115,0.7504702103665593,3.62774854967996,-0.3466754396488745,2.280615191566161,-0.7703517978078779,2.481636533693468,-3.567725766770353,-1.790226067639766
49.0,173.0,1006.7672729492188,-2.751389850916421,-3.08356932231386,0.7504702103665593,3.627748313850107,-0.3466754396488745,2.280612079077653,-0.7703517964686307,2.481636533693468,-3.5677257667703577,-1.790226067639766
49.0,173.0,1006.7672729492188,-2.7513882497707787,-3.083569319341991,0.7504702103665593,3.6277485496516975,-0.3466776384826382,2.280614657360565,-0.7703517978078779,2.481636533693468,-3.5677257667703577,-1.790226067639766
49.0,173.0,1006.7672729492188,-2.751388395213197,-3.083569319341991,0.7504702103665593,3.6277485496798616,-0.3466754396488745,2.280615191566161,-0.7703517963491826,2.481636533693468,-3.5677257667703577,-1.790226067639766
49.0,173.0,1006.7672729492188,-2.7513882657598434,-3.0835694206456474,0.7504702103665593,3.6277485496516975,-0.3466776384826382,2.280614657360565,-0.7703517971425462,2.481636533693468,-3.5677257667703577,-1.790226067639766
49.0,173.0,1006.7672729492188,-2.751388395213197,-3.083569319341991,0.7504702103665593,3.6277485496798616,-0.3466754396488745,2.280615191566161,-0.7703517963830834,2.481636533693468,-3.5677257667703577,-1.790226067639766
49.0,173.0,1006.7672729492188,-2.7513882099360405,-3.083569322386867,0.7504702103665593,3.627748309580287,-0.3466810963802853,2.280612079077653,-0.7703517964942946,2.481636533693468,-3.5677257667703577,-1.790226067639766
49.0,173.0,1006.7672729492188,-2.7513882168710047,-3.083569319341991,0.7504702103665593,3.627748548747327,-0.3466368509504258,2.280615191566161,-0.7703517971914785,2.481636533693468,-3.5677257667703577,-1.790226067639766
49.0,173.0,1006.7672729492188,-2.751388395213197,-3.083569319341991,0.7504702103665593,3.6277485496798616,-0.3466754396488745,2.280615191566161,-0.7703517977739772,2.481636533693468,-3.5677257667703577,-1.790226067639766
49.0,173.0,1006.7672729492188,-2.751388184920279,-3.0835693193743543,0.7504702103665593,3.627748549005042,-0.3466776384826382,2.280614657360565,-0.7703517965185009,2.481636533693468,-3.5677257667703577,-1.790226067639766
49.0,173.0,1006.7672729492188,-2.7513898394269853,-3.08356932231386,0.7504702103665593,3.627748316505467,-0.3466778829585437,2.280612079077653,-0.7703517964686307,2.481636533693468,-3.5677257667703577,-1.790226067639766
49.0,173.0,1006.7672729492188,-2.751388223257824,-3.083569319341991,0.7504702103665593,3.62774855090556,-0.3466480178536706,2.28061212571107,-0.7703517977957828,2.4816365336934334,-3.5677257667703577,-1.790226067639766
49.0,173.0,1006.7672729492188,-2.751388077310696,-3.0835694134126683,0.7504702103665593,3.627748548793636,-0.3466526465160778,2.280615171948401,-0.7703517971699454,2.4816365336934667,-3.567725766770381,-1.790226067639766
49.0,173.0,1006.7672729492188,-2.75138822566223,-3.0835693187935043,0.7504702103665593,3.627748548754682,-0.3467402575512262,2.280615191566161,-0.7703517971997085,2.4816365336934334,-3.5677257667703577,-1.790226067639766
49.0,173.0,1006.7672729492188,-2.751389850916421,-3.0835693165815763,0.7504702103665593,3.627748550183372,-0.3466505343851936,2.280612079077653,-0.7703517965494596,2.481636533693468,-3.5677257667703577,-1.790226067639766
49.0,173.0,1006.7672729492188,-2.751388395213197,-3.0835693187711115,0.7504702103665593,3.62774854967996,-0.3466754396488745,2.280615191566161,-0.7703517978078779,2.481636533693468,-3.567725766770353,-1.790226067639766
49.0,173.0,1006.7672729492188,-2.751388223473793,-3.083569319341991,0.7504702103665593,3.6277485485420167,-0.3465757770150049,2.280615191566161,-0.7703517978078779,2.481636533693432,-3.5677257667703577,-1.790226067639766
49.0,173.0,1006.7672729492188,-2.7513889419160225,-3.0835693212712942,0.7504702103665593,3.627748558505236,-0.3466754396488745,2.280612566813565,-0.7703517964170788,2.481636533693468,-3.5677257667703364,-1.790226067639766
49.0,173.0,1006.7672729492188,-2.7513884166364657,-3.083569319341991,0.7504702103665593,3.6277485560343807,-0.3466754396488745,2.280615191566161,-0.7703517978078779,2.481636533693468,-3.5677257667703577,-1.790226067639766
49.0,173.0,1006.7672729492188,-2.7513881618534293,-3.083569321410004,0.7504702103665593,3.6277485485420167,-0.3467212956259947,2.280615191566161,-0.7703517964150498,2.481636533693472,-3.5677257667703577,-1.790226067639766
49.0,173.0,1006.7672729492188,-2.7513882099360405,-3.083569322386867,0.7504702103665593,3.627748309580287,-0.3466798427661265,2.280612079077653,-0.7703517964942946,2.481636533693468,-3.5677257667703577,-1.790226067639766
49.0,173.0,1006.7672729492188,-2.751389841005098,-3.0835693187711115,0.7504702103665593,3.62774854967996,-0.3466754396488745,2.2806121348232367,-0.7703517978078779,2.481636533693468,-3.567725766770353,-1.790226067639766
49.0,173.0,1006.7672729492188,-2.751388395213197,-3.083569319341991,0.7504702103665593,3.627748549649332,-0.3466754396488745,2.280615191566161,-0.7703517971621825,2.481636533693468,-3.5677257667703577,-1.790226067639766
49.0,173.0,1006.7672729492188,-2.7513899189003816,-3.083569319293325,0.7504702103665593,3.627748549709601,-0.3466505343851936,2.280612079077653,-0.7703517965494596,2.481636533693468,-3.5677257667703577,-1.790226067639766
49.0,173.0,1006.7672729492188,-2.751389850916421,-3.083569319341991,0.7504702103665593,3.627748313850107,-0.3466754396488745,2.280612079077653,-0.7703517978082991,2.481636533693468,-3.5677257667703577,-1.790226067639766
49.0,173.0,1006.7672729492188,-2.7513882234626,-3.083569319341991,0.7504702103665593,3.627748548671139,-0.3466480178536706,2.28061212571107,-0.7703517978132097,2.4816365336934343,-3.5677257667703577,-1.790226067639766
49.0,173.0,1006.7672729492188,-2.7513881847525843,-3.0835693187935043,0.7504702103665593,3.627748548726629,-0.3467402575512262,2.280614653834242,-0.7703517972102896,2.4816365336934334,-3.5677257667703577,-1.790226067639766
49.0,173.0,1006.7672729492188,-2.7513884166364657,-3.083569319341991,0.7504702103665593,3.627748548414044,-0.3466754396488745,2.280615191566161,-0.7703517978078779,2.481636533693468,-3.567725766770425,-1.790226067639766
49.0,173.0,1006.7672729492188,-2.75138840512452,-3.083569319341991,0.7504702103665593,3.6277485527122697,-0.3466754396488745,2.280615142854721,-0.7703517978082991,2.481636533693435,-3.5677257667703577,-1.790226067639766
49.0,173.0,1006.7672729492188,-2.7513882657598434,-3.0835694206456474,0.7504702103665593,3.6277485496822273,-0.3466776384826382,2.280614657360565,-0.7703517963295463,2.481636533693468,-3.5677257667703577,-1.790226067639766
49.0,173.0,1006.7672729492188,-2.751388395213197,-3.0835693187711115,0.7504702103665593,3.62774854967996,-0.3466900977938008,2.280615191566161,-0.7703517978078779,2.4816365336934347,-3.567725766770353,-1.790226067639766
49.0,173.0,1006.7672729492188,-2.7513883272292365,-3.0835693166302427,0.7504702103665593,3.627748550153633,-0.3466754396488745,2.280615191566161,-0.7703517963491826,2.481636533693468,-3.5677257667703577,-1.790226067639766
49.0,173.0,1006.7672729492188,-2.751388420030537,-3.0835694252528505,0.7504702103665593,3.6277485496516975,-0.3466776384826382,2.280614657360565,-0.7703517978606128,2.481636533693468,-3.5677257667704265,-1.790226067639766
49.0,173.0,1006.7672729492188,-2.751389834877504,-3.0835693193451483,0.7504702103665593,3.627748315688221,-0.3467402575512262,2.2806121424819685,-0.7703517978052403,2.4816365336934334,-3.5677257667703577,-1.790226067639766
49.0,173.0,1006.7672729492188,-2.7513899189003816,-3.083569319293325,0.7504702103665593,3.627748549673312,-0.3466505343851936,2.280612079077653,-0.7703517965494596,2.481636533693435,-3.5677257667703577,-1.790226067639766
49.0,173.0,1006.7672729492188,-2.7513898394269853,-3.08356932231386,0.7504702103665593,3.627748316505467,-0.3466778829585437,2.280612079077653,-0.7703517964686307,2.481636533693468,-3.5677257667703577,-1.790226067639766
49.0,173.0,1006.7672729492188,-2.751389803549728,-3.0835693165815763,0.7504702103665593,3.6277485496628006,-0.3466781309042712,2.280612079077653,-0.7703517963243898,2.481636533693468,-3.5677257667703577,-1.790226067639766
49.0,173.0,1006.7672729492188,-2.7513882497707787,-3.083569319341991,0.7504702103665593,3.6277485496516975,-0.3466776384826382,2.280614657360565,-0.7703517978078779,2.481636533693468,-3.5677257667703577,-1.790226067639766
49.0,173.0,1006.7672729492188,-2.751388223473793,-3.083569319341991,0.7504702103665593,3.6277485485420167,-0.346679868686343,2.280615191566161,-0.7703517978081799,2.4816365336934334,-3.5677257667703577,-1.790226067639766
49.0,173.0,1006.7672729492188,-2.7513883272292365,-3.0835693166302427,0.7504702103665593,3.627748550153633,-0.3466754396488745,2.280615191566161,-0.7703517963491826,2.481636533693468,-3.5677257667703577,-1.790226067639766
49.0,173.0,1006.7672729492188,-2.751388395213197,-3.083569319341991,0.7504702103665593,3.627748549574357,-0.3466754396488745,2.280615191566161,-0.7703517963830834,2.481636533693466,-3.5677257667703577,-1.790226067639766
49.0,173.0,1006.7672729492188,-2.751389850916421,-3.083569319341991,0.7504702103665593,3.627748313850107,-0.3466754396488745,2.280612079077653,-0.7703517978082991,2.481636533693468,-3.5677257667703577,-1.790226067639766
49.0,173.0,1006.7672729492188,-2.7513882650123627,-3.08356932000386,0.7504702103665593,3.6277485496516975,-0.3466798496689723,2.280614388528009,-0.770351796452709,2.481636533693468,-3.5677257667703577,-1.790226067639766
49.0,173.0,1006.7672729492188,-2.7513884166364657,-3.083569319341991,0.7504702103665593,3.627748548414044,-0.3466754396488745,2.280615191566161,-0.7703517978317376,2.481636533693468,-3.567725766770425,-1.790226067639766
49.0,173.0,1006.7672729492188,-2.75138817860013,-3.0835693193405627,0.7504702103665593,3.627748549672036,-0.3467402575512262,2.280614653834242,-0.7703517972102896,2.4816365336934334,-3.5677257667703577,-1.790226067639766
49.0,173.0,1006.7672729492188,-2.751388395213197,-3.083569319341991,0.7504702103665593,3.6277485496798616,-0.3466754396488745,2.280615191566161,-0.7703517977739772,2.481636533693468,-3.5677257667703577,-1.790226067639766
49.0,173.0,1006.7672729492188,-2.7513898394269853,-3.08356932231386,0.7504702103665593,3.627748316505467,-0.3466778829585437,2.2806120405988453,-0.770351796435717,2.481636533693468,-3.5677257667703577,-1.790226067639766
49.0,174.0,1006.7672729492188,-2.751388395213197,-3.083569319341991,0.7504702103665593,3.6277485496798616,-0.3466754396488745,2.280615191566161,-0.7703517978078779,2.481636533693468,-3.5677257667703577,-1.790226067639766
49.0,174.0,1006.7672729492188,-2.751389850916421,-3.083569319341991,0.7504702103665593,3.627748313850107,-0.3466754396488745,2.280612079077653,-0.7703517978082991,2.481636533693468,-3.5677257667703577,-1.790226067639766
49.0,174.0,1006.7672729492188,-2.751389850916421,-3.083569319341991,0.7504702103665593,3.6277485527122697,-0.3466754396488745,2.280612086111796,-0.7703517978082991,2.481636533693435,-3.5677257667703577,-1.790226067639766
49.0,174.0,1006.7672729492188,-2.751388395213197,-3.0835693187711115,0.7504702103665593,3.62774854967996,-0.3466754396488745,2.280615191566161,-0.7703517978078779,2.481636533693468,-3.567725766770353,-1.790226067639766
49.0,174.0,1006.7672729492188,-2.751389850916421,-3.08356932231386,0.7504702103665593,3.627748313850107,-0.3466754396488745,2.280612079077653,-0.7703517964686307,2.481636533693468,-3.5677257667703577,-1.790226067639766
49.0,174.0,1006.7672729492188,-2.7513882497707787,-3.083569319341991,0.7504702103665593,3.6277485496516975,-0.3466776384826382,2.280614657360565,-0.7703517978078779,2.481636533693468,-3.5677257667703577,-1.790226067639766
49.0,174.0,1006.7672729492188,-2.751388395213197,-3.083569319341991,0.7504702103665593,3.6277485496798616,-0.3466754396488745,2.280615191566161,-0.7703517963491826,2.481636533693468,-3.5677257667703577,-1.790226067639766
49.0,174.0,1006.7672729492188,-2.7513882657598434,-3.0835694206456474,0.7504702103665593,3.6277485496516975,-0.3466776384826382,2.280614657360565,-0.7703517971425462,2.481636533693468,-3.5677257667703577,-1.790226067639766
49.0,174.0,1006.7672729492188,-2.751388395213197,-3.083569319341991,0.7504702103665593,3.6277485496798616,-0.3466754396488745,2.280615191566161,-0.7703517963830834,2.481636533693468,-3.5677257667703577,-1.790226067639766
49.0,174.0,1006.7672729492188,-2.7513882099360405,-3.083569322386867,0.7504702103665593,3.627748309580287,-0.3466810963802853,2.280612079077653,-0.7703517964942946,2.481636533693468,-3.5677257667703577,-1.790226067639766
49.0,174.0,1006.7672729492188,-2.7513882168710047,-3.083569319341991,0.7504702103665593,3.627748548747327,-0.3466368509504258,2.280615191566161,-0.7703517971914785,2.481636533693468,-3.5677257667703577,-1.790226067639766
49.0,174.0,1006.7672729492188,-2.751388395213197,-3.083569319341991,0.7504702103665593,3.6277485496798616,-0.3466754396488745,2.280615191566161,-0.7703517977739772,2.481636533693468,-3.5677257667703577,-1.790226067639766
49.0,174.0,1006.7672729492188,-2.751388184920279,-3.0835693193743543,0.7504702103665593,3.627748549005042,-0.3466776384826382,2.280614657360565,-0.7703517965185009,2.481636533693468,-3.5677257667703577,-1.790226067639766
49.0,174.0,1006.7672729492188,-2.7513898394269853,-3.08356932231386,0.7504702103665593,3.627748316505467,-0.3466778829585437,2.280612079077653,-0.7703517964686307,2.481636533693468,-3.5677257667703577,-1.790226067639766
49.0,174.0,1006.7672729492188,-2.751388223257824,-3.083569319341991,0.7504702103665593,3.62774855090556,-0.3466480178536706,2.28061212571107,-0.7703517977957828,2.4816365336934334,-3.5677257667703577,-1.790226067639766
49.0,174.0,1006.7672729492188,-2.751388077310696,-3.0835694134126683,0.7504702103665593,3.627748548793636,-0.3466526465160778,2.280615171948401,-0.7703517971699454,2.4816365336934667,-3.567725766770381,-1.790226067639766
49.0,174.0,1006.7672729492188,-2.75138822566223,-3.0835693187935043,0.7504702103665593,3.627748548754682,-0.3467402575512262,2.280615191566161,-0.7703517971997085,2.4816365336934334,-3.5677257667703577,-1.790226067639766
49.0,174.0,1006.7672729492188,-2.751389850916421,-3.0835693165815763,0.7504702103665593,3.627748550183372,-0.3466505343851936,2.280612079077653,-0.7703517965494596,2.481636533693468,-3.5677257667703577,-1.790226067639766
49.0,174.0,1006.7672729492188,-2.751388395213197,-3.0835693187711115,0.7504702103665593,3.62774854967996,-0.3466754396488745,2.280615191566161,-0.7703517978078779,2.481636533693468,-3.567725766770353,-1.790226067639766
49.0,174.0,1006.7672729492188,-2.751388223473793,-3.083569319341991,0.7504702103665593,3.6277485485420167,-0.3465757770150049,2.280615191566161,-0.7703517978078779,2.481636533693432,-3.5677257667703577,-1.790226067639766
49.0,174.0,1006.7672729492188,-2.7513889419160225,-3.0835693212712942,0.7504702103665593,3.627748558505236,-0.3466754396488745,2.280612566813565,-0.7703517964170788,2.481636533693468,-3.5677257667703364,-1.790226067639766
49.0,174.0,1006.7672729492188,-2.7513884166364657,-3.083569319341991,0.7504702103665593,3.6277485560343807,-0.3466754396488745,2.280615191566161,-0.7703517978078779,2.481636533693468,-3.5677257667703577,-1.790226067639766
49.0,174.0,1006.7672729492188,-2.7513881618534293,-3.083569321410004,0.7504702103665593,3.6277485485420167,-0.3467212956259947,2.280615191566161,-0.7703517964150498,2.481636533693472,-3.5677257667703577,-1.790226067639766
49.0,174.0,1006.7672729492188,-2.7513882099360405,-3.083569322386867,0.7504702103665593,3.627748309580287,-0.3466798427661265,2.280612079077653,-0.7703517964942946,2.481636533693468,-3.5677257667703577,-1.790226067639766
49.0,174.0,1006.7672729492188,-2.751389841005098,-3.0835693187711115,0.7504702103665593,3.62774854967996,-0.3466754396488745,2.2806121348232367,-0.7703517978078779,2.481636533693468,-3.567725766770353,-1.790226067639766
49.0,174.0,1006.7672729492188,-2.751388395213197,-3.083569319341991,0.7504702103665593,3.627748549649332,-0.3466754396488745,2.280615191566161,-0.7703517971621825,2.481636533693468,-3.5677257667703577,-1.790226067639766
49.0,174.0,1006.7672729492188,-2.7513899189003816,-3.083569319293325,0.7504702103665593,3.627748549709601,-0.3466505343851936,2.280612079077653,-0.7703517965494596,2.481636533693468,-3.5677257667703577,-1.790226067639766
49.0,174.0,1006.7672729492188,-2.751389850916421,-3.083569319341991,0.7504702103665593,3.627748313850107,-0.3466754396488745,2.280612079077653,-0.7703517978082991,2.481636533693468,-3.5677257667703577,-1.790226067639766
49.0,174.0,1006.7672729492188,-2.7513882234626,-3.083569319341991,0.7504702103665593,3.627748548671139,-0.3466480178536706,2.28061212571107,-0.7703517978132097,2.4816365336934343,-3.5677257667703577,-1.790226067639766
49.0,174.0,1006.7672729492188,-2.7513881847525843,-3.0835693187935043,0.7504702103665593,3.627748548726629,-0.3467402575512262,2.280614653834242,-0.7703517972102896,2.4816365336934334,-3.5677257667703577,-1.790226067639766
49.0,174.0,1006.7672729492188,-2.7513884166364657,-3.083569319341991,0.7504702103665593,3.627748548414044,-0.3466754396488745,2.280615191566161,-0.7703517978078779,2.481636533693468,-3.567725766770425,-1.790226067639766
49.0,174.0,1006.7672729492188,-2.75138840512452,-3.083569319341991,0.7504702103665593,3.6277485527122697,-0.3466754396488745,2.280615142854721,-0.7703517978082991,2.481636533693435,-3.5677257667703577,-1.790226067639766
49.0,174.0,1006.7672729492188,-2.7513882657598434,-3.0835694206456474,0.7504702103665593,3.6277485496822273,-0.3466776384826382,2.280614657360565,-0.7703517963295463,2.481636533693468,-3.5677257667703577,-1.790226067639766
49.0,174.0,1006.7672729492188,-2.751388395213197,-3.0835693187711115,0.7504702103665593,3.62774854967996,-0.3466900977938008,2.280615191566161,-0.7703517978078779,2.4816365336934347,-3.567725766770353,-1.790226067639766
49.0,174.0,1006.7672729492188,-2.7513883272292365,-3.0835693166302427,0.7504702103665593,3.627748550153633,-0.3466754396488745,2.280615191566161,-0.7703517963491826,2.481636533693468,-3.5677257667703577,-1.790226067639766
49.0,174.0,1006.7672729492188,-2.751388420030537,-3.0835694252528505,0.7504702103665593,3.6277485496516975,-0.3466776384826382,2.280614657360565,-0.7703517978606128,2.481636533693468,-3.5677257667704265,-1.790226067639766
49.0,174.0,1006.7672729492188,-2.751389834877504,-3.0835693193451483,0.7504702103665593,3.627748315688221,-0.3467402575512262,2.2806121424819685,-0.7703517978052403,2.4816365336934334,-3.5677257667703577,-1.790226067639766
49.0,174.0,1006.7672729492188,-2.7513899189003816,-3.083569319293325,0.7504702103665593,3.627748549673312,-0.3466505343851936,2.280612079077653,-0.7703517965494596,2.481636533693435,-3.5677257667703577,-1.790226067639766
49.0,174.0,1006.7672729492188,-2.7513898394269853,-3.08356932231386,0.7504702103665593,3.627748316505467,-0.3466778829585437,2.280612079077653,-0.7703517964686307,2.481636533693468,-3.5677257667703577,-1.790226067639766
49.0,174.0,1006.7672729492188,-2.751389803549728,-3.0835693165815763,0.7504702103665593,3.6277485496628006,-0.3466781309042712,2.280612079077653,-0.7703517963243898,2.481636533693468,-3.5677257667703577,-1.790226067639766
49.0,174.0,1006.7672729492188,-2.7513882497707787,-3.083569319341991,0.7504702103665593,3.6277485496516975,-0.3466776384826382,2.280614657360565,-0.7703517978078779,2.481636533693468,-3.5677257667703577,-1.790226067639766
49.0,174.0,1006.7672729492188,-2.751388223473793,-3.083569319341991,0.7504702103665593,3.6277485485420167,-0.346679868686343,2.280615191566161,-0.7703517978081799,2.4816365336934334,-3.5677257667703577,-1.790226067639766
49.0,174.0,1006.7672729492188,-2.7513883272292365,-3.0835693166302427,0.7504702103665593,3.627748550153633,-0.3466754396488745,2.280615191566161,-0.7703517963491826,2.481636533693468,-3.5677257667703577,-1.790226067639766
49.0,174.0,1006.7672729492188,-2.751388395213197,-3.083569319341991,0.7504702103665593,3.627748549574357,-0.3466754396488745,2.280615191566161,-0.7703517963830834,2.481636533693466,-3.5677257667703577,-1.790226067639766
49.0,174.0,1006.7672729492188,-2.751389850916421,-3.083569319341991,0.7504702103665593,3.627748313850107,-0.3466754396488745,2.280612079077653,-0.7703517978082991,2.481636533693468,-3.5677257667703577,-1.790226067639766
49.0,174.0,1006.7672729492188,-2.7513882650123627,-3.08356932000386,0.7504702103665593,3.6277485496516975,-0.3466798496689723,2.280614388528009,-0.770351796452709,2.481636533693468,-3.5677257667703577,-1.790226067639766
49.0,174.0,1006.7672729492188,-2.7513884166364657,-3.083569319341991,0.7504702103665593,3.627748548414044,-0.3466754396488745,2.280615191566161,-0.7703517978317376,2.481636533693468,-3.567725766770425,-1.790226067639766
49.0,174.0,1006.7672729492188,-2.75138817860013,-3.0835693193405627,0.7504702103665593,3.627748549672036,-0.3467402575512262,2.280614653834242,-0.7703517972102896,2.4816365336934334,-3.5677257667703577,-1.790226067639766
49.0,174.0,1006.7672729492188,-2.751388395213197,-3.083569319341991,0.7504702103665593,3.6277485496798616,-0.3466754396488745,2.280615191566161,-0.7703517977739772,2.481636533693468,-3.5677257667703577,-1.790226067639766
49.0,174.0,1006.7672729492188,-2.7513898394269853,-3.08356932231386,0.7504702103665593,3.627748316505467,-0.3466778829585437,2.2806120405988453,-0.770351796435717,2.481636533693468,-3.5677257667703577,-1.790226067639766
49.0,175.0,1006.7672729492188,-2.751388395213197,-3.083569319341991,0.7504702103665593,3.6277485496798616,-0.3466754396488745,2.280615191566161,-0.7703517978078779,2.481636533693468,-3.5677257667703577,-1.790226067639766
49.0,175.0,1006.7672729492188,-2.751389850916421,-3.083569319341991,0.7504702103665593,3.627748313850107,-0.3466754396488745,2.280612079077653,-0.7703517978082991,2.481636533693468,-3.5677257667703577,-1.790226067639766
49.0,175.0,1006.7672729492188,-2.751389850916421,-3.083569319341991,0.7504702103665593,3.6277485527122697,-0.3466754396488745,2.280612086111796,-0.7703517978082991,2.481636533693435,-3.5677257667703577,-1.790226067639766
49.0,175.0,1006.7672729492188,-2.751388395213197,-3.0835693187711115,0.7504702103665593,3.62774854967996,-0.3466754396488745,2.280615191566161,-0.7703517978078779,2.481636533693468,-3.567725766770353,-1.790226067639766
49.0,175.0,1006.7672729492188,-2.751389850916421,-3.08356932231386,0.7504702103665593,3.627748313850107,-0.3466754396488745,2.280612079077653,-0.7703517964686307,2.481636533693468,-3.5677257667703577,-1.790226067639766
49.0,175.0,1006.7672729492188,-2.7513882497707787,-3.083569319341991,0.7504702103665593,3.6277485496516975,-0.3466776384826382,2.280614657360565,-0.7703517978078779,2.481636533693468,-3.5677257667703577,-1.790226067639766
49.0,175.0,1006.7672729492188,-2.751388395213197,-3.083569319341991,0.7504702103665593,3.6277485496798616,-0.3466754396488745,2.280615191566161,-0.7703517963491826,2.481636533693468,-3.5677257667703577,-1.790226067639766
49.0,175.0,1006.7672729492188,-2.7513882657598434,-3.0835694206456474,0.7504702103665593,3.6277485496516975,-0.3466776384826382,2.280614657360565,-0.7703517971425462,2.481636533693468,-3.5677257667703577,-1.790226067639766
49.0,175.0,1006.7672729492188,-2.751388395213197,-3.083569319341991,0.7504702103665593,3.6277485496798616,-0.3466754396488745,2.280615191566161,-0.7703517963830834,2.481636533693468,-3.5677257667703577,-1.790226067639766
49.0,175.0,1006.7672729492188,-2.7513882099360405,-3.083569322386867,0.7504702103665593,3.627748309580287,-0.3466810963802853,2.280612079077653,-0.7703517964942946,2.481636533693468,-3.5677257667703577,-1.790226067639766
49.0,175.0,1006.7672729492188,-2.7513882168710047,-3.083569319341991,0.7504702103665593,3.627748548747327,-0.3466368509504258,2.280615191566161,-0.7703517971914785,2.481636533693468,-3.5677257667703577,-1.790226067639766
49.0,175.0,1006.7672729492188,-2.751388395213197,-3.083569319341991,0.7504702103665593,3.6277485496798616,-0.3466754396488745,2.280615191566161,-0.7703517977739772,2.481636533693468,-3.5677257667703577,-1.790226067639766
49.0,175.0,1006.7672729492188,-2.751388184920279,-3.0835693193743543,0.7504702103665593,3.627748549005042,-0.3466776384826382,2.280614657360565,-0.7703517965185009,2.481636533693468,-3.5677257667703577,-1.790226067639766
49.0,175.0,1006.7672729492188,-2.7513898394269853,-3.08356932231386,0.7504702103665593,3.627748316505467,-0.3466778829585437,2.280612079077653,-0.7703517964686307,2.481636533693468,-3.5677257667703577,-1.790226067639766
49.0,175.0,1006.7672729492188,-2.751388223257824,-3.083569319341991,0.7504702103665593,3.62774855090556,-0.3466480178536706,2.28061212571107,-0.7703517977957828,2.4816365336934334,-3.5677257667703577,-1.790226067639766
49.0,175.0,1006.7672729492188,-2.751388077310696,-3.0835694134126683,0.7504702103665593,3.627748548793636,-0.3466526465160778,2.280615171948401,-0.7703517971699454,2.4816365336934667,-3.567725766770381,-1.790226067639766
49.0,175.0,1006.7672729492188,-2.75138822566223,-3.0835693187935043,0.7504702103665593,3.627748548754682,-0.3467402575512262,2.280615191566161,-0.7703517971997085,2.4816365336934334,-3.5677257667703577,-1.790226067639766
49.0,175.0,1006.7672729492188,-2.751389850916421,-3.0835693165815763,0.7504702103665593,3.627748550183372,-0.3466505343851936,2.280612079077653,-0.7703517965494596,2.481636533693468,-3.5677257667703577,-1.790226067639766
49.0,175.0,1006.7672729492188,-2.751388395213197,-3.0835693187711115,0.7504702103665593,3.62774854967996,-0.3466754396488745,2.280615191566161,-0.7703517978078779,2.481636533693468,-3.567725766770353,-1.790226067639766
49.0,175.0,1006.7672729492188,-2.751388223473793,-3.083569319341991,0.7504702103665593,3.6277485485420167,-0.3465757770150049,2.280615191566161,-0.7703517978078779,2.481636533693432,-3.5677257667703577,-1.790226067639766
49.0,175.0,1006.7672729492188,-2.7513889419160225,-3.0835693212712942,0.7504702103665593,3.627748558505236,-0.3466754396488745,2.280612566813565,-0.7703517964170788,2.481636533693468,-3.5677257667703364,-1.790226067639766
49.0,175.0,1006.7672729492188,-2.7513884166364657,-3.083569319341991,0.7504702103665593,3.6277485560343807,-0.3466754396488745,2.280615191566161,-0.7703517978078779,2.481636533693468,-3.5677257667703577,-1.790226067639766
49.0,175.0,1006.7672729492188,-2.7513881618534293,-3.083569321410004,0.7504702103665593,3.6277485485420167,-0.3467212956259947,2.280615191566161,-0.7703517964150498,2.481636533693472,-3.5677257667703577,-1.790226067639766
49.0,175.0,1006.7672729492188,-2.7513882099360405,-3.083569322386867,0.7504702103665593,3.627748309580287,-0.3466798427661265,2.280612079077653,-0.7703517964942946,2.481636533693468,-3.5677257667703577,-1.790226067639766
49.0,175.0,1006.7672729492188,-2.751389841005098,-3.0835693187711115,0.7504702103665593,3.62774854967996,-0.3466754396488745,2.2806121348232367,-0.7703517978078779,2.481636533693468,-3.567725766770353,-1.790226067639766
49.0,175.0,1006.7672729492188,-2.751388395213197,-3.083569319341991,0.7504702103665593,3.627748549649332,-0.3466754396488745,2.280615191566161,-0.7703517971621825,2.481636533693468,-3.5677257667703577,-1.790226067639766
49.0,175.0,1006.7672729492188,-2.7513899189003816,-3.083569319293325,0.7504702103665593,3.627748549709601,-0.3466505343851936,2.280612079077653,-0.7703517965494596,2.481636533693468,-3.5677257667703577,-1.790226067639766
49.0,175.0,1006.7672729492188,-2.751389850916421,-3.083569319341991,0.7504702103665593,3.627748313850107,-0.3466754396488745,2.280612079077653,-0.7703517978082991,2.481636533693468,-3.5677257667703577,-1.790226067639766
49.0,175.0,1006.7672729492188,-2.7513882234626,-3.083569319341991,0.7504702103665593,3.627748548671139,-0.3466480178536706,2.28061212571107,-0.7703517978132097,2.4816365336934343,-3.5677257667703577,-1.790226067639766
49.0,175.0,1006.7672729492188,-2.7513881847525843,-3.0835693187935043,0.7504702103665593,3.627748548726629,-0.3467402575512262,2.280614653834242,-0.7703517972102896,2.4816365336934334,-3.5677257667703577,-1.790226067639766
49.0,175.0,1006.7672729492188,-2.7513884166364657,-3.083569319341991,0.7504702103665593,3.627748548414044,-0.3466754396488745,2.280615191566161,-0.7703517978078779,2.481636533693468,-3.567725766770425,-1.790226067639766
49.0,175.0,1006.7672729492188,-2.75138840512452,-3.083569319341991,0.7504702103665593,3.6277485527122697,-0.3466754396488745,2.280615142854721,-0.7703517978082991,2.481636533693435,-3.5677257667703577,-1.790226067639766
49.0,175.0,1006.7672729492188,-2.7513882657598434,-3.0835694206456474,0.7504702103665593,3.6277485496822273,-0.3466776384826382,2.280614657360565,-0.7703517963295463,2.481636533693468,-3.5677257667703577,-1.790226067639766
49.0,175.0,1006.7672729492188,-2.751388395213197,-3.0835693187711115,0.7504702103665593,3.62774854967996,-0.3466900977938008,2.280615191566161,-0.7703517978078779,2.4816365336934347,-3.567725766770353,-1.790226067639766
49.0,175.0,1006.7672729492188,-2.7513883272292365,-3.0835693166302427,0.7504702103665593,3.627748550153633,-0.3466754396488745,2.280615191566161,-0.7703517963491826,2.481636533693468,-3.5677257667703577,-1.790226067639766
49.0,175.0,1006.7672729492188,-2.751388420030537,-3.0835694252528505,0.7504702103665593,3.6277485496516975,-0.3466776384826382,2.280614657360565,-0.7703517978606128,2.481636533693468,-3.5677257667704265,-1.790226067639766
49.0,175.0,1006.7672729492188,-2.751389834877504,-3.0835693193451483,0.7504702103665593,3.627748315688221,-0.3467402575512262,2.2806121424819685,-0.7703517978052403,2.4816365336934334,-3.5677257667703577,-1.790226067639766
49.0,175.0,1006.7672729492188,-2.7513899189003816,-3.083569319293325,0.7504702103665593,3.627748549673312,-0.3466505343851936,2.280612079077653,-0.7703517965494596,2.481636533693435,-3.5677257667703577,-1.790226067639766
49.0,175.0,1006.7672729492188,-2.7513898394269853,-3.08356932231386,0.7504702103665593,3.627748316505467,-0.3466778829585437,2.280612079077653,-0.7703517964686307,2.481636533693468,-3.5677257667703577,-1.790226067639766
49.0,175.0,1006.7672729492188,-2.751389803549728,-3.0835693165815763,0.7504702103665593,3.6277485496628006,-0.3466781309042712,2.280612079077653,-0.7703517963243898,2.481636533693468,-3.5677257667703577,-1.790226067639766
49.0,175.0,1006.7672729492188,-2.7513882497707787,-3.083569319341991,0.7504702103665593,3.6277485496516975,-0.3466776384826382,2.280614657360565,-0.7703517978078779,2.481636533693468,-3.5677257667703577,-1.790226067639766
49.0,175.0,1006.7672729492188,-2.751388223473793,-3.083569319341991,0.7504702103665593,3.6277485485420167,-0.346679868686343,2.280615191566161,-0.7703517978081799,2.4816365336934334,-3.5677257667703577,-1.790226067639766
49.0,175.0,1006.7672729492188,-2.7513883272292365,-3.0835693166302427,0.7504702103665593,3.627748550153633,-0.3466754396488745,2.280615191566161,-0.7703517963491826,2.481636533693468,-3.5677257667703577,-1.790226067639766
49.0,175.0,1006.7672729492188,-2.751388395213197,-3.083569319341991,0.7504702103665593,3.627748549574357,-0.3466754396488745,2.280615191566161,-0.7703517963830834,2.481636533693466,-3.5677257667703577,-1.790226067639766
49.0,175.0,1006.7672729492188,-2.751389850916421,-3.083569319341991,0.7504702103665593,3.627748313850107,-0.3466754396488745,2.280612079077653,-0.7703517978082991,2.481636533693468,-3.5677257667703577,-1.790226067639766
49.0,175.0,1006.7672729492188,-2.7513882650123627,-3.08356932000386,0.7504702103665593,3.6277485496516975,-0.3466798496689723,2.280614388528009,-0.770351796452709,2.481636533693468,-3.5677257667703577,-1.790226067639766
49.0,175.0,1006.7672729492188,-2.7513884166364657,-3.083569319341991,0.7504702103665593,3.627748548414044,-0.3466754396488745,2.280615191566161,-0.7703517978317376,2.481636533693468,-3.567725766770425,-1.790226067639766
49.0,175.0,1006.7672729492188,-2.75138817860013,-3.0835693193405627,0.7504702103665593,3.627748549672036,-0.3467402575512262,2.280614653834242,-0.7703517972102896,2.4816365336934334,-3.5677257667703577,-1.790226067639766
49.0,175.0,1006.7672729492188,-2.751388395213197,-3.083569319341991,0.7504702103665593,3.6277485496798616,-0.3466754396488745,2.280615191566161,-0.7703517977739772,2.481636533693468,-3.5677257667703577,-1.790226067639766
49.0,175.0,1006.7672729492188,-2.7513898394269853,-3.08356932231386,0.7504702103665593,3.627748316505467,-0.3466778829585437,2.2806120405988453,-0.770351796435717,2.481636533693468,-3.5677257667703577,-1.790226067639766
49.0,176.0,1006.7672729492188,-2.751388395213197,-3.083569319341991,0.7504702103665593,3.6277485496798616,-0.3466754396488745,2.280615191566161,-0.7703517978078779,2.481636533693468,-3.5677257667703577,-1.790226067639766
49.0,176.0,1006.7672729492188,-2.751389850916421,-3.083569319341991,0.7504702103665593,3.627748313850107,-0.3466754396488745,2.280612079077653,-0.7703517978082991,2.481636533693468,-3.5677257667703577,-1.790226067639766
49.0,176.0,1006.7672729492188,-2.751389850916421,-3.083569319341991,0.7504702103665593,3.6277485527122697,-0.3466754396488745,2.280612086111796,-0.7703517978082991,2.481636533693435,-3.5677257667703577,-1.790226067639766
49.0,176.0,1006.7672729492188,-2.751388395213197,-3.0835693187711115,0.7504702103665593,3.62774854967996,-0.3466754396488745,2.280615191566161,-0.7703517978078779,2.481636533693468,-3.567725766770353,-1.790226067639766
49.0,176.0,1006.7672729492188,-2.751389850916421,-3.08356932231386,0.7504702103665593,3.627748313850107,-0.3466754396488745,2.280612079077653,-0.7703517964686307,2.481636533693468,-3.5677257667703577,-1.790226067639766
49.0,176.0,1006.7672729492188,-2.7513882497707787,-3.083569319341991,0.7504702103665593,3.6277485496516975,-0.3466776384826382,2.280614657360565,-0.7703517978078779,2.481636533693468,-3.5677257667703577,-1.790226067639766
49.0,176.0,1006.7672729492188,-2.751388395213197,-3.083569319341991,0.7504702103665593,3.6277485496798616,-0.3466754396488745,2.280615191566161,-0.7703517963491826,2.481636533693468,-3.5677257667703577,-1.790226067639766
49.0,176.0,1006.7672729492188,-2.7513882657598434,-3.0835694206456474,0.7504702103665593,3.6277485496516975,-0.3466776384826382,2.280614657360565,-0.7703517971425462,2.481636533693468,-3.5677257667703577,-1.790226067639766
49.0,176.0,1006.7672729492188,-2.751388395213197,-3.083569319341991,0.7504702103665593,3.6277485496798616,-0.3466754396488745,2.280615191566161,-0.7703517963830834,2.481636533693468,-3.5677257667703577,-1.790226067639766
49.0,176.0,1006.7672729492188,-2.7513882099360405,-3.083569322386867,0.7504702103665593,3.627748309580287,-0.3466810963802853,2.280612079077653,-0.7703517964942946,2.481636533693468,-3.5677257667703577,-1.790226067639766
49.0,176.0,1006.7672729492188,-2.7513882168710047,-3.083569319341991,0.7504702103665593,3.627748548747327,-0.3466368509504258,2.280615191566161,-0.7703517971914785,2.481636533693468,-3.5677257667703577,-1.790226067639766
49.0,176.0,1006.7672729492188,-2.751388395213197,-3.083569319341991,0.7504702103665593,3.6277485496798616,-0.3466754396488745,2.280615191566161,-0.7703517977739772,2.481636533693468,-3.5677257667703577,-1.790226067639766
49.0,176.0,1006.7672729492188,-2.751388184920279,-3.0835693193743543,0.7504702103665593,3.627748549005042,-0.3466776384826382,2.280614657360565,-0.7703517965185009,2.481636533693468,-3.5677257667703577,-1.790226067639766
49.0,176.0,1006.7672729492188,-2.7513898394269853,-3.08356932231386,0.7504702103665593,3.627748316505467,-0.3466778829585437,2.280612079077653,-0.7703517964686307,2.481636533693468,-3.5677257667703577,-1.790226067639766
49.0,176.0,1006.7672729492188,-2.751388223257824,-3.083569319341991,0.7504702103665593,3.62774855090556,-0.3466480178536706,2.28061212571107,-0.7703517977957828,2.4816365336934334,-3.5677257667703577,-1.790226067639766
49.0,176.0,1006.7672729492188,-2.751388077310696,-3.0835694134126683,0.7504702103665593,3.627748548793636,-0.3466526465160778,2.280615171948401,-0.7703517971699454,2.4816365336934667,-3.567725766770381,-1.790226067639766
49.0,176.0,1006.7672729492188,-2.75138822566223,-3.0835693187935043,0.7504702103665593,3.627748548754682,-0.3467402575512262,2.280615191566161,-0.7703517971997085,2.4816365336934334,-3.5677257667703577,-1.790226067639766
49.0,176.0,1006.7672729492188,-2.751389850916421,-3.0835693165815763,0.7504702103665593,3.627748550183372,-0.3466505343851936,2.280612079077653,-0.7703517965494596,2.481636533693468,-3.5677257667703577,-1.790226067639766
49.0,176.0,1006.7672729492188,-2.751388395213197,-3.0835693187711115,0.7504702103665593,3.62774854967996,-0.3466754396488745,2.280615191566161,-0.7703517978078779,2.481636533693468,-3.567725766770353,-1.790226067639766
49.0,176.0,1006.7672729492188,-2.751388223473793,-3.083569319341991,0.7504702103665593,3.6277485485420167,-0.3465757770150049,2.280615191566161,-0.7703517978078779,2.481636533693432,-3.5677257667703577,-1.790226067639766
49.0,176.0,1006.7672729492188,-2.7513889419160225,-3.0835693212712942,0.7504702103665593,3.627748558505236,-0.3466754396488745,2.280612566813565,-0.7703517964170788,2.481636533693468,-3.5677257667703364,-1.790226067639766
49.0,176.0,1006.7672729492188,-2.7513884166364657,-3.083569319341991,0.7504702103665593,3.6277485560343807,-0.3466754396488745,2.280615191566161,-0.7703517978078779,2.481636533693468,-3.5677257667703577,-1.790226067639766
49.0,176.0,1006.7672729492188,-2.7513881618534293,-3.083569321410004,0.7504702103665593,3.6277485485420167,-0.3467212956259947,2.280615191566161,-0.7703517964150498,2.481636533693472,-3.5677257667703577,-1.790226067639766
49.0,176.0,1006.7672729492188,-2.7513882099360405,-3.083569322386867,0.7504702103665593,3.627748309580287,-0.3466798427661265,2.280612079077653,-0.7703517964942946,2.481636533693468,-3.5677257667703577,-1.790226067639766
49.0,176.0,1006.7672729492188,-2.751389841005098,-3.0835693187711115,0.7504702103665593,3.62774854967996,-0.3466754396488745,2.2806121348232367,-0.7703517978078779,2.481636533693468,-3.567725766770353,-1.790226067639766
49.0,176.0,1006.7672729492188,-2.751388395213197,-3.083569319341991,0.7504702103665593,3.627748549649332,-0.3466754396488745,2.280615191566161,-0.7703517971621825,2.481636533693468,-3.5677257667703577,-1.790226067639766
49.0,176.0,1006.7672729492188,-2.7513899189003816,-3.083569319293325,0.7504702103665593,3.627748549709601,-0.3466505343851936,2.280612079077653,-0.7703517965494596,2.481636533693468,-3.5677257667703577,-1.790226067639766
49.0,176.0,1006.7672729492188,-2.751389850916421,-3.083569319341991,0.7504702103665593,3.627748313850107,-0.3466754396488745,2.280612079077653,-0.7703517978082991,2.481636533693468,-3.5677257667703577,-1.790226067639766
49.0,176.0,1006.7672729492188,-2.7513882234626,-3.083569319341991,0.7504702103665593,3.627748548671139,-0.3466480178536706,2.28061212571107,-0.7703517978132097,2.4816365336934343,-3.5677257667703577,-1.790226067639766
49.0,176.0,1006.7672729492188,-2.7513881847525843,-3.0835693187935043,0.7504702103665593,3.627748548726629,-0.3467402575512262,2.280614653834242,-0.7703517972102896,2.4816365336934334,-3.5677257667703577,-1.790226067639766
49.0,176.0,1006.7672729492188,-2.7513884166364657,-3.083569319341991,0.7504702103665593,3.627748548414044,-0.3466754396488745,2.280615191566161,-0.7703517978078779,2.481636533693468,-3.567725766770425,-1.790226067639766
49.0,176.0,1006.7672729492188,-2.75138840512452,-3.083569319341991,0.7504702103665593,3.6277485527122697,-0.3466754396488745,2.280615142854721,-0.7703517978082991,2.481636533693435,-3.5677257667703577,-1.790226067639766
49.0,176.0,1006.7672729492188,-2.7513882657598434,-3.0835694206456474,0.7504702103665593,3.6277485496822273,-0.3466776384826382,2.280614657360565,-0.7703517963295463,2.481636533693468,-3.5677257667703577,-1.790226067639766
49.0,176.0,1006.7672729492188,-2.751388395213197,-3.0835693187711115,0.7504702103665593,3.62774854967996,-0.3466900977938008,2.280615191566161,-0.7703517978078779,2.4816365336934347,-3.567725766770353,-1.790226067639766
49.0,176.0,1006.7672729492188,-2.7513883272292365,-3.0835693166302427,0.7504702103665593,3.627748550153633,-0.3466754396488745,2.280615191566161,-0.7703517963491826,2.481636533693468,-3.5677257667703577,-1.790226067639766
49.0,176.0,1006.7672729492188,-2.751388420030537,-3.0835694252528505,0.7504702103665593,3.6277485496516975,-0.3466776384826382,2.280614657360565,-0.7703517978606128,2.481636533693468,-3.5677257667704265,-1.790226067639766
49.0,176.0,1006.7672729492188,-2.751389834877504,-3.0835693193451483,0.7504702103665593,3.627748315688221,-0.3467402575512262,2.2806121424819685,-0.7703517978052403,2.4816365336934334,-3.5677257667703577,-1.790226067639766
49.0,176.0,1006.7672729492188,-2.7513899189003816,-3.083569319293325,0.7504702103665593,3.627748549673312,-0.3466505343851936,2.280612079077653,-0.7703517965494596,2.481636533693435,-3.5677257667703577,-1.790226067639766
49.0,176.0,1006.7672729492188,-2.7513898394269853,-3.08356932231386,0.7504702103665593,3.627748316505467,-0.3466778829585437,2.280612079077653,-0.7703517964686307,2.481636533693468,-3.5677257667703577,-1.790226067639766
49.0,176.0,1006.7672729492188,-2.751389803549728,-3.0835693165815763,0.7504702103665593,3.6277485496628006,-0.3466781309042712,2.280612079077653,-0.7703517963243898,2.481636533693468,-3.5677257667703577,-1.790226067639766
49.0,176.0,1006.7672729492188,-2.7513882497707787,-3.083569319341991,0.7504702103665593,3.6277485496516975,-0.3466776384826382,2.280614657360565,-0.7703517978078779,2.481636533693468,-3.5677257667703577,-1.790226067639766
49.0,176.0,1006.7672729492188,-2.751388223473793,-3.083569319341991,0.7504702103665593,3.6277485485420167,-0.346679868686343,2.280615191566161,-0.7703517978081799,2.4816365336934334,-3.5677257667703577,-1.790226067639766
49.0,176.0,1006.7672729492188,-2.7513883272292365,-3.0835693166302427,0.7504702103665593,3.627748550153633,-0.3466754396488745,2.280615191566161,-0.7703517963491826,2.481636533693468,-3.5677257667703577,-1.790226067639766
49.0,176.0,1006.7672729492188,-2.751388395213197,-3.083569319341991,0.7504702103665593,3.627748549574357,-0.3466754396488745,2.280615191566161,-0.7703517963830834,2.481636533693466,-3.5677257667703577,-1.790226067639766
49.0,176.0,1006.7672729492188,-2.751389850916421,-3.083569319341991,0.7504702103665593,3.627748313850107,-0.3466754396488745,2.280612079077653,-0.7703517978082991,2.481636533693468,-3.5677257667703577,-1.790226067639766
49.0,176.0,1006.7672729492188,-2.7513882650123627,-3.08356932000386,0.7504702103665593,3.6277485496516975,-0.3466798496689723,2.280614388528009,-0.770351796452709,2.481636533693468,-3.5677257667703577,-1.790226067639766
49.0,176.0,1006.7672729492188,-2.7513884166364657,-3.083569319341991,0.7504702103665593,3.627748548414044,-0.3466754396488745,2.280615191566161,-0.7703517978317376,2.481636533693468,-3.567725766770425,-1.790226067639766
49.0,176.0,1006.7672729492188,-2.75138817860013,-3.0835693193405627,0.7504702103665593,3.627748549672036,-0.3467402575512262,2.280614653834242,-0.7703517972102896,2.4816365336934334,-3.5677257667703577,-1.790226067639766
49.0,176.0,1006.7672729492188,-2.751388395213197,-3.083569319341991,0.7504702103665593,3.6277485496798616,-0.3466754396488745,2.280615191566161,-0.7703517977739772,2.481636533693468,-3.5677257667703577,-1.790226067639766
49.0,176.0,1006.7672729492188,-2.7513898394269853,-3.08356932231386,0.7504702103665593,3.627748316505467,-0.3466778829585437,2.2806120405988453,-0.770351796435717,2.481636533693468,-3.5677257667703577,-1.790226067639766
49.0,177.0,1006.7672729492188,-2.751388395213197,-3.083569319341991,0.7504702103665593,3.6277485496798616,-0.3466754396488745,2.280615191566161,-0.7703517978078779,2.481636533693468,-3.5677257667703577,-1.790226067639766
49.0,177.0,1006.7672729492188,-2.751389850916421,-3.083569319341991,0.7504702103665593,3.627748313850107,-0.3466754396488745,2.280612079077653,-0.7703517978082991,2.481636533693468,-3.5677257667703577,-1.790226067639766
49.0,177.0,1006.7672729492188,-2.751389850916421,-3.083569319341991,0.7504702103665593,3.6277485527122697,-0.3466754396488745,2.280612086111796,-0.7703517978082991,2.481636533693435,-3.5677257667703577,-1.790226067639766
49.0,177.0,1006.7672729492188,-2.751388395213197,-3.0835693187711115,0.7504702103665593,3.62774854967996,-0.3466754396488745,2.280615191566161,-0.7703517978078779,2.481636533693468,-3.567725766770353,-1.790226067639766
49.0,177.0,1006.7672729492188,-2.751389850916421,-3.08356932231386,0.7504702103665593,3.627748313850107,-0.3466754396488745,2.280612079077653,-0.7703517964686307,2.481636533693468,-3.5677257667703577,-1.790226067639766
49.0,177.0,1006.7672729492188,-2.7513882497707787,-3.083569319341991,0.7504702103665593,3.6277485496516975,-0.3466776384826382,2.280614657360565,-0.7703517978078779,2.481636533693468,-3.5677257667703577,-1.790226067639766
49.0,177.0,1006.7672729492188,-2.751388395213197,-3.083569319341991,0.7504702103665593,3.6277485496798616,-0.3466754396488745,2.280615191566161,-0.7703517963491826,2.481636533693468,-3.5677257667703577,-1.790226067639766
49.0,177.0,1006.7672729492188,-2.7513882657598434,-3.0835694206456474,0.7504702103665593,3.6277485496516975,-0.3466776384826382,2.280614657360565,-0.7703517971425462,2.481636533693468,-3.5677257667703577,-1.790226067639766
49.0,177.0,1006.7672729492188,-2.751388395213197,-3.083569319341991,0.7504702103665593,3.6277485496798616,-0.3466754396488745,2.280615191566161,-0.7703517963830834,2.481636533693468,-3.5677257667703577,-1.790226067639766
49.0,177.0,1006.7672729492188,-2.7513882099360405,-3.083569322386867,0.7504702103665593,3.627748309580287,-0.3466810963802853,2.280612079077653,-0.7703517964942946,2.481636533693468,-3.5677257667703577,-1.790226067639766
49.0,177.0,1006.7672729492188,-2.7513882168710047,-3.083569319341991,0.7504702103665593,3.627748548747327,-0.3466368509504258,2.280615191566161,-0.7703517971914785,2.481636533693468,-3.5677257667703577,-1.790226067639766
49.0,177.0,1006.7672729492188,-2.751388395213197,-3.083569319341991,0.7504702103665593,3.6277485496798616,-0.3466754396488745,2.280615191566161,-0.7703517977739772,2.481636533693468,-3.5677257667703577,-1.790226067639766
49.0,177.0,1006.7672729492188,-2.751388184920279,-3.0835693193743543,0.7504702103665593,3.627748549005042,-0.3466776384826382,2.280614657360565,-0.7703517965185009,2.481636533693468,-3.5677257667703577,-1.790226067639766
49.0,177.0,1006.7672729492188,-2.7513898394269853,-3.08356932231386,0.7504702103665593,3.627748316505467,-0.3466778829585437,2.280612079077653,-0.7703517964686307,2.481636533693468,-3.5677257667703577,-1.790226067639766
49.0,177.0,1006.7672729492188,-2.751388223257824,-3.083569319341991,0.7504702103665593,3.62774855090556,-0.3466480178536706,2.28061212571107,-0.7703517977957828,2.4816365336934334,-3.5677257667703577,-1.790226067639766
49.0,177.0,1006.7672729492188,-2.751388077310696,-3.0835694134126683,0.7504702103665593,3.627748548793636,-0.3466526465160778,2.280615171948401,-0.7703517971699454,2.4816365336934667,-3.567725766770381,-1.790226067639766
49.0,177.0,1006.7672729492188,-2.75138822566223,-3.0835693187935043,0.7504702103665593,3.627748548754682,-0.3467402575512262,2.280615191566161,-0.7703517971997085,2.4816365336934334,-3.5677257667703577,-1.790226067639766
49.0,177.0,1006.7672729492188,-2.751389850916421,-3.0835693165815763,0.7504702103665593,3.627748550183372,-0.3466505343851936,2.280612079077653,-0.7703517965494596,2.481636533693468,-3.5677257667703577,-1.790226067639766
49.0,177.0,1006.7672729492188,-2.751388395213197,-3.0835693187711115,0.7504702103665593,3.62774854967996,-0.3466754396488745,2.280615191566161,-0.7703517978078779,2.481636533693468,-3.567725766770353,-1.790226067639766
49.0,177.0,1006.7672729492188,-2.751388223473793,-3.083569319341991,0.7504702103665593,3.6277485485420167,-0.3465757770150049,2.280615191566161,-0.7703517978078779,2.481636533693432,-3.5677257667703577,-1.790226067639766
49.0,177.0,1006.7672729492188,-2.7513889419160225,-3.0835693212712942,0.7504702103665593,3.627748558505236,-0.3466754396488745,2.280612566813565,-0.7703517964170788,2.481636533693468,-3.5677257667703364,-1.790226067639766
49.0,177.0,1006.7672729492188,-2.7513884166364657,-3.083569319341991,0.7504702103665593,3.6277485560343807,-0.3466754396488745,2.280615191566161,-0.7703517978078779,2.481636533693468,-3.5677257667703577,-1.790226067639766
49.0,177.0,1006.7672729492188,-2.7513881618534293,-3.083569321410004,0.7504702103665593,3.6277485485420167,-0.3467212956259947,2.280615191566161,-0.7703517964150498,2.481636533693472,-3.5677257667703577,-1.790226067639766
49.0,177.0,1006.7672729492188,-2.7513882099360405,-3.083569322386867,0.7504702103665593,3.627748309580287,-0.3466798427661265,2.280612079077653,-0.7703517964942946,2.481636533693468,-3.5677257667703577,-1.790226067639766
49.0,177.0,1006.7672729492188,-2.751389841005098,-3.0835693187711115,0.7504702103665593,3.62774854967996,-0.3466754396488745,2.2806121348232367,-0.7703517978078779,2.481636533693468,-3.567725766770353,-1.790226067639766
49.0,177.0,1006.7672729492188,-2.751388395213197,-3.083569319341991,0.7504702103665593,3.627748549649332,-0.3466754396488745,2.280615191566161,-0.7703517971621825,2.481636533693468,-3.5677257667703577,-1.790226067639766
49.0,177.0,1006.7672729492188,-2.7513899189003816,-3.083569319293325,0.7504702103665593,3.627748549709601,-0.3466505343851936,2.280612079077653,-0.7703517965494596,2.481636533693468,-3.5677257667703577,-1.790226067639766
49.0,177.0,1006.7672729492188,-2.751389850916421,-3.083569319341991,0.7504702103665593,3.627748313850107,-0.3466754396488745,2.280612079077653,-0.7703517978082991,2.481636533693468,-3.5677257667703577,-1.790226067639766
49.0,177.0,1006.7672729492188,-2.7513882234626,-3.083569319341991,0.7504702103665593,3.627748548671139,-0.3466480178536706,2.28061212571107,-0.7703517978132097,2.4816365336934343,-3.5677257667703577,-1.790226067639766
49.0,177.0,1006.7672729492188,-2.7513881847525843,-3.0835693187935043,0.7504702103665593,3.627748548726629,-0.3467402575512262,2.280614653834242,-0.7703517972102896,2.4816365336934334,-3.5677257667703577,-1.790226067639766
49.0,177.0,1006.7672729492188,-2.7513884166364657,-3.083569319341991,0.7504702103665593,3.627748548414044,-0.3466754396488745,2.280615191566161,-0.7703517978078779,2.481636533693468,-3.567725766770425,-1.790226067639766
49.0,177.0,1006.7672729492188,-2.75138840512452,-3.083569319341991,0.7504702103665593,3.6277485527122697,-0.3466754396488745,2.280615142854721,-0.7703517978082991,2.481636533693435,-3.5677257667703577,-1.790226067639766
49.0,177.0,1006.7672729492188,-2.7513882657598434,-3.0835694206456474,0.7504702103665593,3.6277485496822273,-0.3466776384826382,2.280614657360565,-0.7703517963295463,2.481636533693468,-3.5677257667703577,-1.790226067639766
49.0,177.0,1006.7672729492188,-2.751388395213197,-3.0835693187711115,0.7504702103665593,3.62774854967996,-0.3466900977938008,2.280615191566161,-0.7703517978078779,2.4816365336934347,-3.567725766770353,-1.790226067639766
49.0,177.0,1006.7672729492188,-2.7513883272292365,-3.0835693166302427,0.7504702103665593,3.627748550153633,-0.3466754396488745,2.280615191566161,-0.7703517963491826,2.481636533693468,-3.5677257667703577,-1.790226067639766
49.0,177.0,1006.7672729492188,-2.751388420030537,-3.0835694252528505,0.7504702103665593,3.6277485496516975,-0.3466776384826382,2.280614657360565,-0.7703517978606128,2.481636533693468,-3.5677257667704265,-1.790226067639766
49.0,177.0,1006.7672729492188,-2.751389834877504,-3.0835693193451483,0.7504702103665593,3.627748315688221,-0.3467402575512262,2.2806121424819685,-0.7703517978052403,2.4816365336934334,-3.5677257667703577,-1.790226067639766
49.0,177.0,1006.7672729492188,-2.7513899189003816,-3.083569319293325,0.7504702103665593,3.627748549673312,-0.3466505343851936,2.280612079077653,-0.7703517965494596,2.481636533693435,-3.5677257667703577,-1.790226067639766
49.0,177.0,1006.7672729492188,-2.7513898394269853,-3.08356932231386,0.7504702103665593,3.627748316505467,-0.3466778829585437,2.280612079077653,-0.7703517964686307,2.481636533693468,-3.5677257667703577,-1.790226067639766
49.0,177.0,1006.7672729492188,-2.751389803549728,-3.0835693165815763,0.7504702103665593,3.6277485496628006,-0.3466781309042712,2.280612079077653,-0.7703517963243898,2.481636533693468,-3.5677257667703577,-1.790226067639766
49.0,177.0,1006.7672729492188,-2.7513882497707787,-3.083569319341991,0.7504702103665593,3.6277485496516975,-0.3466776384826382,2.280614657360565,-0.7703517978078779,2.481636533693468,-3.5677257667703577,-1.790226067639766
49.0,177.0,1006.7672729492188,-2.751388223473793,-3.083569319341991,0.7504702103665593,3.6277485485420167,-0.346679868686343,2.280615191566161,-0.7703517978081799,2.4816365336934334,-3.5677257667703577,-1.790226067639766
49.0,177.0,1006.7672729492188,-2.7513883272292365,-3.0835693166302427,0.7504702103665593,3.627748550153633,-0.3466754396488745,2.280615191566161,-0.7703517963491826,2.481636533693468,-3.5677257667703577,-1.790226067639766
49.0,177.0,1006.7672729492188,-2.751388395213197,-3.083569319341991,0.7504702103665593,3.627748549574357,-0.3466754396488745,2.280615191566161,-0.7703517963830834,2.481636533693466,-3.5677257667703577,-1.790226067639766
49.0,177.0,1006.7672729492188,-2.751389850916421,-3.083569319341991,0.7504702103665593,3.627748313850107,-0.3466754396488745,2.280612079077653,-0.7703517978082991,2.481636533693468,-3.5677257667703577,-1.790226067639766
49.0,177.0,1006.7672729492188,-2.7513882650123627,-3.08356932000386,0.7504702103665593,3.6277485496516975,-0.3466798496689723,2.280614388528009,-0.770351796452709,2.481636533693468,-3.5677257667703577,-1.790226067639766
49.0,177.0,1006.7672729492188,-2.7513884166364657,-3.083569319341991,0.7504702103665593,3.627748548414044,-0.3466754396488745,2.280615191566161,-0.7703517978317376,2.481636533693468,-3.567725766770425,-1.790226067639766
49.0,177.0,1006.7672729492188,-2.75138817860013,-3.0835693193405627,0.7504702103665593,3.627748549672036,-0.3467402575512262,2.280614653834242,-0.7703517972102896,2.4816365336934334,-3.5677257667703577,-1.790226067639766
49.0,177.0,1006.7672729492188,-2.751388395213197,-3.083569319341991,0.7504702103665593,3.6277485496798616,-0.3466754396488745,2.280615191566161,-0.7703517977739772,2.481636533693468,-3.5677257667703577,-1.790226067639766
49.0,177.0,1006.7672729492188,-2.7513898394269853,-3.08356932231386,0.7504702103665593,3.627748316505467,-0.3466778829585437,2.2806120405988453,-0.770351796435717,2.481636533693468,-3.5677257667703577,-1.790226067639766
49.0,178.0,1006.7672729492188,-2.751388395213197,-3.083569319341991,0.7504702103665593,3.6277485496798616,-0.3466754396488745,2.280615191566161,-0.7703517978078779,2.481636533693468,-3.5677257667703577,-1.790226067639766
49.0,178.0,1006.7672729492188,-2.751389850916421,-3.083569319341991,0.7504702103665593,3.627748313850107,-0.3466754396488745,2.280612079077653,-0.7703517978082991,2.481636533693468,-3.5677257667703577,-1.790226067639766
49.0,178.0,1006.7672729492188,-2.751389850916421,-3.083569319341991,0.7504702103665593,3.6277485527122697,-0.3466754396488745,2.280612086111796,-0.7703517978082991,2.481636533693435,-3.5677257667703577,-1.790226067639766
49.0,178.0,1006.7672729492188,-2.751388395213197,-3.0835693187711115,0.7504702103665593,3.62774854967996,-0.3466754396488745,2.280615191566161,-0.7703517978078779,2.481636533693468,-3.567725766770353,-1.790226067639766
49.0,178.0,1006.7672729492188,-2.751389850916421,-3.08356932231386,0.7504702103665593,3.627748313850107,-0.3466754396488745,2.280612079077653,-0.7703517964686307,2.481636533693468,-3.5677257667703577,-1.790226067639766
49.0,178.0,1006.7672729492188,-2.7513882497707787,-3.083569319341991,0.7504702103665593,3.6277485496516975,-0.3466776384826382,2.280614657360565,-0.7703517978078779,2.481636533693468,-3.5677257667703577,-1.790226067639766
49.0,178.0,1006.7672729492188,-2.751388395213197,-3.083569319341991,0.7504702103665593,3.6277485496798616,-0.3466754396488745,2.280615191566161,-0.7703517963491826,2.481636533693468,-3.5677257667703577,-1.790226067639766
49.0,178.0,1006.7672729492188,-2.7513882657598434,-3.0835694206456474,0.7504702103665593,3.6277485496516975,-0.3466776384826382,2.280614657360565,-0.7703517971425462,2.481636533693468,-3.5677257667703577,-1.790226067639766
49.0,178.0,1006.7672729492188,-2.751388395213197,-3.083569319341991,0.7504702103665593,3.6277485496798616,-0.3466754396488745,2.280615191566161,-0.7703517963830834,2.481636533693468,-3.5677257667703577,-1.790226067639766
49.0,178.0,1006.7672729492188,-2.7513882099360405,-3.083569322386867,0.7504702103665593,3.627748309580287,-0.3466810963802853,2.280612079077653,-0.7703517964942946,2.481636533693468,-3.5677257667703577,-1.790226067639766
49.0,178.0,1006.7672729492188,-2.7513882168710047,-3.083569319341991,0.7504702103665593,3.627748548747327,-0.3466368509504258,2.280615191566161,-0.7703517971914785,2.481636533693468,-3.5677257667703577,-1.790226067639766
49.0,178.0,1006.7672729492188,-2.751388395213197,-3.083569319341991,0.7504702103665593,3.6277485496798616,-0.3466754396488745,2.280615191566161,-0.7703517977739772,2.481636533693468,-3.5677257667703577,-1.790226067639766
49.0,178.0,1006.7672729492188,-2.751388184920279,-3.0835693193743543,0.7504702103665593,3.627748549005042,-0.3466776384826382,2.280614657360565,-0.7703517965185009,2.481636533693468,-3.5677257667703577,-1.790226067639766
49.0,178.0,1006.7672729492188,-2.7513898394269853,-3.08356932231386,0.7504702103665593,3.627748316505467,-0.3466778829585437,2.280612079077653,-0.7703517964686307,2.481636533693468,-3.5677257667703577,-1.790226067639766
49.0,178.0,1006.7672729492188,-2.751388223257824,-3.083569319341991,0.7504702103665593,3.62774855090556,-0.3466480178536706,2.28061212571107,-0.7703517977957828,2.4816365336934334,-3.5677257667703577,-1.790226067639766
49.0,178.0,1006.7672729492188,-2.751388077310696,-3.0835694134126683,0.7504702103665593,3.627748548793636,-0.3466526465160778,2.280615171948401,-0.7703517971699454,2.4816365336934667,-3.567725766770381,-1.790226067639766
49.0,178.0,1006.7672729492188,-2.75138822566223,-3.0835693187935043,0.7504702103665593,3.627748548754682,-0.3467402575512262,2.280615191566161,-0.7703517971997085,2.4816365336934334,-3.5677257667703577,-1.790226067639766
49.0,178.0,1006.7672729492188,-2.751389850916421,-3.0835693165815763,0.7504702103665593,3.627748550183372,-0.3466505343851936,2.280612079077653,-0.7703517965494596,2.481636533693468,-3.5677257667703577,-1.790226067639766
49.0,178.0,1006.7672729492188,-2.751388395213197,-3.0835693187711115,0.7504702103665593,3.62774854967996,-0.3466754396488745,2.280615191566161,-0.7703517978078779,2.481636533693468,-3.567725766770353,-1.790226067639766
49.0,178.0,1006.7672729492188,-2.751388223473793,-3.083569319341991,0.7504702103665593,3.6277485485420167,-0.3465757770150049,2.280615191566161,-0.7703517978078779,2.481636533693432,-3.5677257667703577,-1.790226067639766
49.0,178.0,1006.7672729492188,-2.7513889419160225,-3.0835693212712942,0.7504702103665593,3.627748558505236,-0.3466754396488745,2.280612566813565,-0.7703517964170788,2.481636533693468,-3.5677257667703364,-1.790226067639766
49.0,178.0,1006.7672729492188,-2.7513884166364657,-3.083569319341991,0.7504702103665593,3.6277485560343807,-0.3466754396488745,2.280615191566161,-0.7703517978078779,2.481636533693468,-3.5677257667703577,-1.790226067639766
49.0,178.0,1006.7672729492188,-2.7513881618534293,-3.083569321410004,0.7504702103665593,3.6277485485420167,-0.3467212956259947,2.280615191566161,-0.7703517964150498,2.481636533693472,-3.5677257667703577,-1.790226067639766
49.0,178.0,1006.7672729492188,-2.7513882099360405,-3.083569322386867,0.7504702103665593,3.627748309580287,-0.3466798427661265,2.280612079077653,-0.7703517964942946,2.481636533693468,-3.5677257667703577,-1.790226067639766
49.0,178.0,1006.7672729492188,-2.751389841005098,-3.0835693187711115,0.7504702103665593,3.62774854967996,-0.3466754396488745,2.2806121348232367,-0.7703517978078779,2.481636533693468,-3.567725766770353,-1.790226067639766
49.0,178.0,1006.7672729492188,-2.751388395213197,-3.083569319341991,0.7504702103665593,3.627748549649332,-0.3466754396488745,2.280615191566161,-0.7703517971621825,2.481636533693468,-3.5677257667703577,-1.790226067639766
49.0,178.0,1006.7672729492188,-2.7513899189003816,-3.083569319293325,0.7504702103665593,3.627748549709601,-0.3466505343851936,2.280612079077653,-0.7703517965494596,2.481636533693468,-3.5677257667703577,-1.790226067639766
49.0,178.0,1006.7672729492188,-2.751389850916421,-3.083569319341991,0.7504702103665593,3.627748313850107,-0.3466754396488745,2.280612079077653,-0.7703517978082991,2.481636533693468,-3.5677257667703577,-1.790226067639766
49.0,178.0,1006.7672729492188,-2.7513882234626,-3.083569319341991,0.7504702103665593,3.627748548671139,-0.3466480178536706,2.28061212571107,-0.7703517978132097,2.4816365336934343,-3.5677257667703577,-1.790226067639766
49.0,178.0,1006.7672729492188,-2.7513881847525843,-3.0835693187935043,0.7504702103665593,3.627748548726629,-0.3467402575512262,2.280614653834242,-0.7703517972102896,2.4816365336934334,-3.5677257667703577,-1.790226067639766
49.0,178.0,1006.7672729492188,-2.7513884166364657,-3.083569319341991,0.7504702103665593,3.627748548414044,-0.3466754396488745,2.280615191566161,-0.7703517978078779,2.481636533693468,-3.567725766770425,-1.790226067639766
49.0,178.0,1006.7672729492188,-2.75138840512452,-3.083569319341991,0.7504702103665593,3.6277485527122697,-0.3466754396488745,2.280615142854721,-0.7703517978082991,2.481636533693435,-3.5677257667703577,-1.790226067639766
49.0,178.0,1006.7672729492188,-2.7513882657598434,-3.0835694206456474,0.7504702103665593,3.6277485496822273,-0.3466776384826382,2.280614657360565,-0.7703517963295463,2.481636533693468,-3.5677257667703577,-1.790226067639766
49.0,178.0,1006.7672729492188,-2.751388395213197,-3.0835693187711115,0.7504702103665593,3.62774854967996,-0.3466900977938008,2.280615191566161,-0.7703517978078779,2.4816365336934347,-3.567725766770353,-1.790226067639766
49.0,178.0,1006.7672729492188,-2.7513883272292365,-3.0835693166302427,0.7504702103665593,3.627748550153633,-0.3466754396488745,2.280615191566161,-0.7703517963491826,2.481636533693468,-3.5677257667703577,-1.790226067639766
49.0,178.0,1006.7672729492188,-2.751388420030537,-3.0835694252528505,0.7504702103665593,3.6277485496516975,-0.3466776384826382,2.280614657360565,-0.7703517978606128,2.481636533693468,-3.5677257667704265,-1.790226067639766
49.0,178.0,1006.7672729492188,-2.751389834877504,-3.0835693193451483,0.7504702103665593,3.627748315688221,-0.3467402575512262,2.2806121424819685,-0.7703517978052403,2.4816365336934334,-3.5677257667703577,-1.790226067639766
49.0,178.0,1006.7672729492188,-2.7513899189003816,-3.083569319293325,0.7504702103665593,3.627748549673312,-0.3466505343851936,2.280612079077653,-0.7703517965494596,2.481636533693435,-3.5677257667703577,-1.790226067639766
49.0,178.0,1006.7672729492188,-2.7513898394269853,-3.08356932231386,0.7504702103665593,3.627748316505467,-0.3466778829585437,2.280612079077653,-0.7703517964686307,2.481636533693468,-3.5677257667703577,-1.790226067639766
49.0,178.0,1006.7672729492188,-2.751389803549728,-3.0835693165815763,0.7504702103665593,3.6277485496628006,-0.3466781309042712,2.280612079077653,-0.7703517963243898,2.481636533693468,-3.5677257667703577,-1.790226067639766
49.0,178.0,1006.7672729492188,-2.7513882497707787,-3.083569319341991,0.7504702103665593,3.6277485496516975,-0.3466776384826382,2.280614657360565,-0.7703517978078779,2.481636533693468,-3.5677257667703577,-1.790226067639766
49.0,178.0,1006.7672729492188,-2.751388223473793,-3.083569319341991,0.7504702103665593,3.6277485485420167,-0.346679868686343,2.280615191566161,-0.7703517978081799,2.4816365336934334,-3.5677257667703577,-1.790226067639766
49.0,178.0,1006.7672729492188,-2.7513883272292365,-3.0835693166302427,0.7504702103665593,3.627748550153633,-0.3466754396488745,2.280615191566161,-0.7703517963491826,2.481636533693468,-3.5677257667703577,-1.790226067639766
49.0,178.0,1006.7672729492188,-2.751388395213197,-3.083569319341991,0.7504702103665593,3.627748549574357,-0.3466754396488745,2.280615191566161,-0.7703517963830834,2.481636533693466,-3.5677257667703577,-1.790226067639766
49.0,178.0,1006.7672729492188,-2.751389850916421,-3.083569319341991,0.7504702103665593,3.627748313850107,-0.3466754396488745,2.280612079077653,-0.7703517978082991,2.481636533693468,-3.5677257667703577,-1.790226067639766
49.0,178.0,1006.7672729492188,-2.7513882650123627,-3.08356932000386,0.7504702103665593,3.6277485496516975,-0.3466798496689723,2.280614388528009,-0.770351796452709,2.481636533693468,-3.5677257667703577,-1.790226067639766
49.0,178.0,1006.7672729492188,-2.7513884166364657,-3.083569319341991,0.7504702103665593,3.627748548414044,-0.3466754396488745,2.280615191566161,-0.7703517978317376,2.481636533693468,-3.567725766770425,-1.790226067639766
49.0,178.0,1006.7672729492188,-2.75138817860013,-3.0835693193405627,0.7504702103665593,3.627748549672036,-0.3467402575512262,2.280614653834242,-0.7703517972102896,2.4816365336934334,-3.5677257667703577,-1.790226067639766
49.0,178.0,1006.7672729492188,-2.751388395213197,-3.083569319341991,0.7504702103665593,3.6277485496798616,-0.3466754396488745,2.280615191566161,-0.7703517977739772,2.481636533693468,-3.5677257667703577,-1.790226067639766
49.0,178.0,1006.7672729492188,-2.7513898394269853,-3.08356932231386,0.7504702103665593,3.627748316505467,-0.3466778829585437,2.2806120405988453,-0.770351796435717,2.481636533693468,-3.5677257667703577,-1.790226067639766
49.0,179.0,1006.7672729492188,-2.751388395213197,-3.083569319341991,0.7504702103665593,3.6277485496798616,-0.3466754396488745,2.280615191566161,-0.7703517978078779,2.481636533693468,-3.5677257667703577,-1.790226067639766
49.0,179.0,1006.7672729492188,-2.751389850916421,-3.083569319341991,0.7504702103665593,3.627748313850107,-0.3466754396488745,2.280612079077653,-0.7703517978082991,2.481636533693468,-3.5677257667703577,-1.790226067639766
49.0,179.0,1006.7672729492188,-2.751389850916421,-3.083569319341991,0.7504702103665593,3.6277485527122697,-0.3466754396488745,2.280612086111796,-0.7703517978082991,2.481636533693435,-3.5677257667703577,-1.790226067639766
49.0,179.0,1006.7672729492188,-2.751388395213197,-3.0835693187711115,0.7504702103665593,3.62774854967996,-0.3466754396488745,2.280615191566161,-0.7703517978078779,2.481636533693468,-3.567725766770353,-1.790226067639766
49.0,179.0,1006.7672729492188,-2.751389850916421,-3.08356932231386,0.7504702103665593,3.627748313850107,-0.3466754396488745,2.280612079077653,-0.7703517964686307,2.481636533693468,-3.5677257667703577,-1.790226067639766
49.0,179.0,1006.7672729492188,-2.7513882497707787,-3.083569319341991,0.7504702103665593,3.6277485496516975,-0.3466776384826382,2.280614657360565,-0.7703517978078779,2.481636533693468,-3.5677257667703577,-1.790226067639766
49.0,179.0,1006.7672729492188,-2.751388395213197,-3.083569319341991,0.7504702103665593,3.6277485496798616,-0.3466754396488745,2.280615191566161,-0.7703517963491826,2.481636533693468,-3.5677257667703577,-1.790226067639766
49.0,179.0,1006.7672729492188,-2.7513882657598434,-3.0835694206456474,0.7504702103665593,3.6277485496516975,-0.3466776384826382,2.280614657360565,-0.7703517971425462,2.481636533693468,-3.5677257667703577,-1.790226067639766
49.0,179.0,1006.7672729492188,-2.751388395213197,-3.083569319341991,0.7504702103665593,3.6277485496798616,-0.3466754396488745,2.280615191566161,-0.7703517963830834,2.481636533693468,-3.5677257667703577,-1.790226067639766
49.0,179.0,1006.7672729492188,-2.7513882099360405,-3.083569322386867,0.7504702103665593,3.627748309580287,-0.3466810963802853,2.280612079077653,-0.7703517964942946,2.481636533693468,-3.5677257667703577,-1.790226067639766
49.0,179.0,1006.7672729492188,-2.7513882168710047,-3.083569319341991,0.7504702103665593,3.627748548747327,-0.3466368509504258,2.280615191566161,-0.7703517971914785,2.481636533693468,-3.5677257667703577,-1.790226067639766
49.0,179.0,1006.7672729492188,-2.751388395213197,-3.083569319341991,0.7504702103665593,3.6277485496798616,-0.3466754396488745,2.280615191566161,-0.7703517977739772,2.481636533693468,-3.5677257667703577,-1.790226067639766
49.0,179.0,1006.7672729492188,-2.751388184920279,-3.0835693193743543,0.7504702103665593,3.627748549005042,-0.3466776384826382,2.280614657360565,-0.7703517965185009,2.481636533693468,-3.5677257667703577,-1.790226067639766
49.0,179.0,1006.7672729492188,-2.7513898394269853,-3.08356932231386,0.7504702103665593,3.627748316505467,-0.3466778829585437,2.280612079077653,-0.7703517964686307,2.481636533693468,-3.5677257667703577,-1.790226067639766
49.0,179.0,1006.7672729492188,-2.751388223257824,-3.083569319341991,0.7504702103665593,3.62774855090556,-0.3466480178536706,2.28061212571107,-0.7703517977957828,2.4816365336934334,-3.5677257667703577,-1.790226067639766
49.0,179.0,1006.7672729492188,-2.751388077310696,-3.0835694134126683,0.7504702103665593,3.627748548793636,-0.3466526465160778,2.280615171948401,-0.7703517971699454,2.4816365336934667,-3.567725766770381,-1.790226067639766
49.0,179.0,1006.7672729492188,-2.75138822566223,-3.0835693187935043,0.7504702103665593,3.627748548754682,-0.3467402575512262,2.280615191566161,-0.7703517971997085,2.4816365336934334,-3.5677257667703577,-1.790226067639766
49.0,179.0,1006.7672729492188,-2.751389850916421,-3.0835693165815763,0.7504702103665593,3.627748550183372,-0.3466505343851936,2.280612079077653,-0.7703517965494596,2.481636533693468,-3.5677257667703577,-1.790226067639766
49.0,179.0,1006.7672729492188,-2.751388395213197,-3.0835693187711115,0.7504702103665593,3.62774854967996,-0.3466754396488745,2.280615191566161,-0.7703517978078779,2.481636533693468,-3.567725766770353,-1.790226067639766
49.0,179.0,1006.7672729492188,-2.751388223473793,-3.083569319341991,0.7504702103665593,3.6277485485420167,-0.3465757770150049,2.280615191566161,-0.7703517978078779,2.481636533693432,-3.5677257667703577,-1.790226067639766
49.0,179.0,1006.7672729492188,-2.7513889419160225,-3.0835693212712942,0.7504702103665593,3.627748558505236,-0.3466754396488745,2.280612566813565,-0.7703517964170788,2.481636533693468,-3.5677257667703364,-1.790226067639766
49.0,179.0,1006.7672729492188,-2.7513884166364657,-3.083569319341991,0.7504702103665593,3.6277485560343807,-0.3466754396488745,2.280615191566161,-0.7703517978078779,2.481636533693468,-3.5677257667703577,-1.790226067639766
49.0,179.0,1006.7672729492188,-2.7513881618534293,-3.083569321410004,0.7504702103665593,3.6277485485420167,-0.3467212956259947,2.280615191566161,-0.7703517964150498,2.481636533693472,-3.5677257667703577,-1.790226067639766
49.0,179.0,1006.7672729492188,-2.7513882099360405,-3.083569322386867,0.7504702103665593,3.627748309580287,-0.3466798427661265,2.280612079077653,-0.7703517964942946,2.481636533693468,-3.5677257667703577,-1.790226067639766
49.0,179.0,1006.7672729492188,-2.751389841005098,-3.0835693187711115,0.7504702103665593,3.62774854967996,-0.3466754396488745,2.2806121348232367,-0.7703517978078779,2.481636533693468,-3.567725766770353,-1.790226067639766
49.0,179.0,1006.7672729492188,-2.751388395213197,-3.083569319341991,0.7504702103665593,3.627748549649332,-0.3466754396488745,2.280615191566161,-0.7703517971621825,2.481636533693468,-3.5677257667703577,-1.790226067639766
49.0,179.0,1006.7672729492188,-2.7513899189003816,-3.083569319293325,0.7504702103665593,3.627748549709601,-0.3466505343851936,2.280612079077653,-0.7703517965494596,2.481636533693468,-3.5677257667703577,-1.790226067639766
49.0,179.0,1006.7672729492188,-2.751389850916421,-3.083569319341991,0.7504702103665593,3.627748313850107,-0.3466754396488745,2.280612079077653,-0.7703517978082991,2.481636533693468,-3.5677257667703577,-1.790226067639766
49.0,179.0,1006.7672729492188,-2.7513882234626,-3.083569319341991,0.7504702103665593,3.627748548671139,-0.3466480178536706,2.28061212571107,-0.7703517978132097,2.4816365336934343,-3.5677257667703577,-1.790226067639766
49.0,179.0,1006.7672729492188,-2.7513881847525843,-3.0835693187935043,0.7504702103665593,3.627748548726629,-0.3467402575512262,2.280614653834242,-0.7703517972102896,2.4816365336934334,-3.5677257667703577,-1.790226067639766
49.0,179.0,1006.7672729492188,-2.7513884166364657,-3.083569319341991,0.7504702103665593,3.627748548414044,-0.3466754396488745,2.280615191566161,-0.7703517978078779,2.481636533693468,-3.567725766770425,-1.790226067639766
49.0,179.0,1006.7672729492188,-2.75138840512452,-3.083569319341991,0.7504702103665593,3.6277485527122697,-0.3466754396488745,2.280615142854721,-0.7703517978082991,2.481636533693435,-3.5677257667703577,-1.790226067639766
49.0,179.0,1006.7672729492188,-2.7513882657598434,-3.0835694206456474,0.7504702103665593,3.6277485496822273,-0.3466776384826382,2.280614657360565,-0.7703517963295463,2.481636533693468,-3.5677257667703577,-1.790226067639766
49.0,179.0,1006.7672729492188,-2.751388395213197,-3.0835693187711115,0.7504702103665593,3.62774854967996,-0.3466900977938008,2.280615191566161,-0.7703517978078779,2.4816365336934347,-3.567725766770353,-1.790226067639766
49.0,179.0,1006.7672729492188,-2.7513883272292365,-3.0835693166302427,0.7504702103665593,3.627748550153633,-0.3466754396488745,2.280615191566161,-0.7703517963491826,2.481636533693468,-3.5677257667703577,-1.790226067639766
49.0,179.0,1006.7672729492188,-2.751388420030537,-3.0835694252528505,0.7504702103665593,3.6277485496516975,-0.3466776384826382,2.280614657360565,-0.7703517978606128,2.481636533693468,-3.5677257667704265,-1.790226067639766
49.0,179.0,1006.7672729492188,-2.751389834877504,-3.0835693193451483,0.7504702103665593,3.627748315688221,-0.3467402575512262,2.2806121424819685,-0.7703517978052403,2.4816365336934334,-3.5677257667703577,-1.790226067639766
49.0,179.0,1006.7672729492188,-2.7513899189003816,-3.083569319293325,0.7504702103665593,3.627748549673312,-0.3466505343851936,2.280612079077653,-0.7703517965494596,2.481636533693435,-3.5677257667703577,-1.790226067639766
49.0,179.0,1006.7672729492188,-2.7513898394269853,-3.08356932231386,0.7504702103665593,3.627748316505467,-0.3466778829585437,2.280612079077653,-0.7703517964686307,2.481636533693468,-3.5677257667703577,-1.790226067639766
49.0,179.0,1006.7672729492188,-2.751389803549728,-3.0835693165815763,0.7504702103665593,3.6277485496628006,-0.3466781309042712,2.280612079077653,-0.7703517963243898,2.481636533693468,-3.5677257667703577,-1.790226067639766
49.0,179.0,1006.7672729492188,-2.7513882497707787,-3.083569319341991,0.7504702103665593,3.6277485496516975,-0.3466776384826382,2.280614657360565,-0.7703517978078779,2.481636533693468,-3.5677257667703577,-1.790226067639766
49.0,179.0,1006.7672729492188,-2.751388223473793,-3.083569319341991,0.7504702103665593,3.6277485485420167,-0.346679868686343,2.280615191566161,-0.7703517978081799,2.4816365336934334,-3.5677257667703577,-1.790226067639766
49.0,179.0,1006.7672729492188,-2.7513883272292365,-3.0835693166302427,0.7504702103665593,3.627748550153633,-0.3466754396488745,2.280615191566161,-0.7703517963491826,2.481636533693468,-3.5677257667703577,-1.790226067639766
49.0,179.0,1006.7672729492188,-2.751388395213197,-3.083569319341991,0.7504702103665593,3.627748549574357,-0.3466754396488745,2.280615191566161,-0.7703517963830834,2.481636533693466,-3.5677257667703577,-1.790226067639766
49.0,179.0,1006.7672729492188,-2.751389850916421,-3.083569319341991,0.7504702103665593,3.627748313850107,-0.3466754396488745,2.280612079077653,-0.7703517978082991,2.481636533693468,-3.5677257667703577,-1.790226067639766
49.0,179.0,1006.7672729492188,-2.7513882650123627,-3.08356932000386,0.7504702103665593,3.6277485496516975,-0.3466798496689723,2.280614388528009,-0.770351796452709,2.481636533693468,-3.5677257667703577,-1.790226067639766
49.0,179.0,1006.7672729492188,-2.7513884166364657,-3.083569319341991,0.7504702103665593,3.627748548414044,-0.3466754396488745,2.280615191566161,-0.7703517978317376,2.481636533693468,-3.567725766770425,-1.790226067639766
49.0,179.0,1006.7672729492188,-2.75138817860013,-3.0835693193405627,0.7504702103665593,3.627748549672036,-0.3467402575512262,2.280614653834242,-0.7703517972102896,2.4816365336934334,-3.5677257667703577,-1.790226067639766
49.0,179.0,1006.7672729492188,-2.751388395213197,-3.083569319341991,0.7504702103665593,3.6277485496798616,-0.3466754396488745,2.280615191566161,-0.7703517977739772,2.481636533693468,-3.5677257667703577,-1.790226067639766
49.0,179.0,1006.7672729492188,-2.7513898394269853,-3.08356932231386,0.7504702103665593,3.627748316505467,-0.3466778829585437,2.2806120405988453,-0.770351796435717,2.481636533693468,-3.5677257667703577,-1.790226067639766
49.0,180.0,1006.7672729492188,-2.751388395213197,-3.083569319341991,0.7504702103665593,3.6277485496798616,-0.3466754396488745,2.280615191566161,-0.7703517978078779,2.481636533693468,-3.5677257667703577,-1.790226067639766
49.0,180.0,1006.7672729492188,-2.751389850916421,-3.083569319341991,0.7504702103665593,3.627748313850107,-0.3466754396488745,2.280612079077653,-0.7703517978082991,2.481636533693468,-3.5677257667703577,-1.790226067639766
49.0,180.0,1006.7672729492188,-2.751389850916421,-3.083569319341991,0.7504702103665593,3.6277485527122697,-0.3466754396488745,2.280612086111796,-0.7703517978082991,2.481636533693435,-3.5677257667703577,-1.790226067639766
49.0,180.0,1006.7672729492188,-2.751388395213197,-3.0835693187711115,0.7504702103665593,3.62774854967996,-0.3466754396488745,2.280615191566161,-0.7703517978078779,2.481636533693468,-3.567725766770353,-1.790226067639766
49.0,180.0,1006.7672729492188,-2.751389850916421,-3.08356932231386,0.7504702103665593,3.627748313850107,-0.3466754396488745,2.280612079077653,-0.7703517964686307,2.481636533693468,-3.5677257667703577,-1.790226067639766
49.0,180.0,1006.7672729492188,-2.7513882497707787,-3.083569319341991,0.7504702103665593,3.6277485496516975,-0.3466776384826382,2.280614657360565,-0.7703517978078779,2.481636533693468,-3.5677257667703577,-1.790226067639766
49.0,180.0,1006.7672729492188,-2.751388395213197,-3.083569319341991,0.7504702103665593,3.6277485496798616,-0.3466754396488745,2.280615191566161,-0.7703517963491826,2.481636533693468,-3.5677257667703577,-1.790226067639766
49.0,180.0,1006.7672729492188,-2.7513882657598434,-3.0835694206456474,0.7504702103665593,3.6277485496516975,-0.3466776384826382,2.280614657360565,-0.7703517971425462,2.481636533693468,-3.5677257667703577,-1.790226067639766
49.0,180.0,1006.7672729492188,-2.751388395213197,-3.083569319341991,0.7504702103665593,3.6277485496798616,-0.3466754396488745,2.280615191566161,-0.7703517963830834,2.481636533693468,-3.5677257667703577,-1.790226067639766
49.0,180.0,1006.7672729492188,-2.7513882099360405,-3.083569322386867,0.7504702103665593,3.627748309580287,-0.3466810963802853,2.280612079077653,-0.7703517964942946,2.481636533693468,-3.5677257667703577,-1.790226067639766
49.0,180.0,1006.7672729492188,-2.7513882168710047,-3.083569319341991,0.7504702103665593,3.627748548747327,-0.3466368509504258,2.280615191566161,-0.7703517971914785,2.481636533693468,-3.5677257667703577,-1.790226067639766
49.0,180.0,1006.7672729492188,-2.751388395213197,-3.083569319341991,0.7504702103665593,3.6277485496798616,-0.3466754396488745,2.280615191566161,-0.7703517977739772,2.481636533693468,-3.5677257667703577,-1.790226067639766
49.0,180.0,1006.7672729492188,-2.751388184920279,-3.0835693193743543,0.7504702103665593,3.627748549005042,-0.3466776384826382,2.280614657360565,-0.7703517965185009,2.481636533693468,-3.5677257667703577,-1.790226067639766
49.0,180.0,1006.7672729492188,-2.7513898394269853,-3.08356932231386,0.7504702103665593,3.627748316505467,-0.3466778829585437,2.280612079077653,-0.7703517964686307,2.481636533693468,-3.5677257667703577,-1.790226067639766
49.0,180.0,1006.7672729492188,-2.751388223257824,-3.083569319341991,0.7504702103665593,3.62774855090556,-0.3466480178536706,2.28061212571107,-0.7703517977957828,2.4816365336934334,-3.5677257667703577,-1.790226067639766
49.0,180.0,1006.7672729492188,-2.751388077310696,-3.0835694134126683,0.7504702103665593,3.627748548793636,-0.3466526465160778,2.280615171948401,-0.7703517971699454,2.4816365336934667,-3.567725766770381,-1.790226067639766
49.0,180.0,1006.7672729492188,-2.75138822566223,-3.0835693187935043,0.7504702103665593,3.627748548754682,-0.3467402575512262,2.280615191566161,-0.7703517971997085,2.4816365336934334,-3.5677257667703577,-1.790226067639766
49.0,180.0,1006.7672729492188,-2.751389850916421,-3.0835693165815763,0.7504702103665593,3.627748550183372,-0.3466505343851936,2.280612079077653,-0.7703517965494596,2.481636533693468,-3.5677257667703577,-1.790226067639766
49.0,180.0,1006.7672729492188,-2.751388395213197,-3.0835693187711115,0.7504702103665593,3.62774854967996,-0.3466754396488745,2.280615191566161,-0.7703517978078779,2.481636533693468,-3.567725766770353,-1.790226067639766
49.0,180.0,1006.7672729492188,-2.751388223473793,-3.083569319341991,0.7504702103665593,3.6277485485420167,-0.3465757770150049,2.280615191566161,-0.7703517978078779,2.481636533693432,-3.5677257667703577,-1.790226067639766
49.0,180.0,1006.7672729492188,-2.7513889419160225,-3.0835693212712942,0.7504702103665593,3.627748558505236,-0.3466754396488745,2.280612566813565,-0.7703517964170788,2.481636533693468,-3.5677257667703364,-1.790226067639766
49.0,180.0,1006.7672729492188,-2.7513884166364657,-3.083569319341991,0.7504702103665593,3.6277485560343807,-0.3466754396488745,2.280615191566161,-0.7703517978078779,2.481636533693468,-3.5677257667703577,-1.790226067639766
49.0,180.0,1006.7672729492188,-2.7513881618534293,-3.083569321410004,0.7504702103665593,3.6277485485420167,-0.3467212956259947,2.280615191566161,-0.7703517964150498,2.481636533693472,-3.5677257667703577,-1.790226067639766
49.0,180.0,1006.7672729492188,-2.7513882099360405,-3.083569322386867,0.7504702103665593,3.627748309580287,-0.3466798427661265,2.280612079077653,-0.7703517964942946,2.481636533693468,-3.5677257667703577,-1.790226067639766
49.0,180.0,1006.7672729492188,-2.751389841005098,-3.0835693187711115,0.7504702103665593,3.62774854967996,-0.3466754396488745,2.2806121348232367,-0.7703517978078779,2.481636533693468,-3.567725766770353,-1.790226067639766
49.0,180.0,1006.7672729492188,-2.751388395213197,-3.083569319341991,0.7504702103665593,3.627748549649332,-0.3466754396488745,2.280615191566161,-0.7703517971621825,2.481636533693468,-3.5677257667703577,-1.790226067639766
49.0,180.0,1006.7672729492188,-2.7513899189003816,-3.083569319293325,0.7504702103665593,3.627748549709601,-0.3466505343851936,2.280612079077653,-0.7703517965494596,2.481636533693468,-3.5677257667703577,-1.790226067639766
49.0,180.0,1006.7672729492188,-2.751389850916421,-3.083569319341991,0.7504702103665593,3.627748313850107,-0.3466754396488745,2.280612079077653,-0.7703517978082991,2.481636533693468,-3.5677257667703577,-1.790226067639766
49.0,180.0,1006.7672729492188,-2.7513882234626,-3.083569319341991,0.7504702103665593,3.627748548671139,-0.3466480178536706,2.28061212571107,-0.7703517978132097,2.4816365336934343,-3.5677257667703577,-1.790226067639766
49.0,180.0,1006.7672729492188,-2.7513881847525843,-3.0835693187935043,0.7504702103665593,3.627748548726629,-0.3467402575512262,2.280614653834242,-0.7703517972102896,2.4816365336934334,-3.5677257667703577,-1.790226067639766
49.0,180.0,1006.7672729492188,-2.7513884166364657,-3.083569319341991,0.7504702103665593,3.627748548414044,-0.3466754396488745,2.280615191566161,-0.7703517978078779,2.481636533693468,-3.567725766770425,-1.790226067639766
49.0,180.0,1006.7672729492188,-2.75138840512452,-3.083569319341991,0.7504702103665593,3.6277485527122697,-0.3466754396488745,2.280615142854721,-0.7703517978082991,2.481636533693435,-3.5677257667703577,-1.790226067639766
49.0,180.0,1006.7672729492188,-2.7513882657598434,-3.0835694206456474,0.7504702103665593,3.6277485496822273,-0.3466776384826382,2.280614657360565,-0.7703517963295463,2.481636533693468,-3.5677257667703577,-1.790226067639766
49.0,180.0,1006.7672729492188,-2.751388395213197,-3.0835693187711115,0.7504702103665593,3.62774854967996,-0.3466900977938008,2.280615191566161,-0.7703517978078779,2.4816365336934347,-3.567725766770353,-1.790226067639766
49.0,180.0,1006.7672729492188,-2.7513883272292365,-3.0835693166302427,0.7504702103665593,3.627748550153633,-0.3466754396488745,2.280615191566161,-0.7703517963491826,2.481636533693468,-3.5677257667703577,-1.790226067639766
49.0,180.0,1006.7672729492188,-2.751388420030537,-3.0835694252528505,0.7504702103665593,3.6277485496516975,-0.3466776384826382,2.280614657360565,-0.7703517978606128,2.481636533693468,-3.5677257667704265,-1.790226067639766
49.0,180.0,1006.7672729492188,-2.751389834877504,-3.0835693193451483,0.7504702103665593,3.627748315688221,-0.3467402575512262,2.2806121424819685,-0.7703517978052403,2.4816365336934334,-3.5677257667703577,-1.790226067639766
49.0,180.0,1006.7672729492188,-2.7513899189003816,-3.083569319293325,0.7504702103665593,3.627748549673312,-0.3466505343851936,2.280612079077653,-0.7703517965494596,2.481636533693435,-3.5677257667703577,-1.790226067639766
49.0,180.0,1006.7672729492188,-2.7513898394269853,-3.08356932231386,0.7504702103665593,3.627748316505467,-0.3466778829585437,2.280612079077653,-0.7703517964686307,2.481636533693468,-3.5677257667703577,-1.790226067639766
49.0,180.0,1006.7672729492188,-2.751389803549728,-3.0835693165815763,0.7504702103665593,3.6277485496628006,-0.3466781309042712,2.280612079077653,-0.7703517963243898,2.481636533693468,-3.5677257667703577,-1.790226067639766
49.0,180.0,1006.7672729492188,-2.7513882497707787,-3.083569319341991,0.7504702103665593,3.6277485496516975,-0.3466776384826382,2.280614657360565,-0.7703517978078779,2.481636533693468,-3.5677257667703577,-1.790226067639766
49.0,180.0,1006.7672729492188,-2.751388223473793,-3.083569319341991,0.7504702103665593,3.6277485485420167,-0.346679868686343,2.280615191566161,-0.7703517978081799,2.4816365336934334,-3.5677257667703577,-1.790226067639766
49.0,180.0,1006.7672729492188,-2.7513883272292365,-3.0835693166302427,0.7504702103665593,3.627748550153633,-0.3466754396488745,2.280615191566161,-0.7703517963491826,2.481636533693468,-3.5677257667703577,-1.790226067639766
49.0,180.0,1006.7672729492188,-2.751388395213197,-3.083569319341991,0.7504702103665593,3.627748549574357,-0.3466754396488745,2.280615191566161,-0.7703517963830834,2.481636533693466,-3.5677257667703577,-1.790226067639766
49.0,180.0,1006.7672729492188,-2.751389850916421,-3.083569319341991,0.7504702103665593,3.627748313850107,-0.3466754396488745,2.280612079077653,-0.7703517978082991,2.481636533693468,-3.5677257667703577,-1.790226067639766
49.0,180.0,1006.7672729492188,-2.7513882650123627,-3.08356932000386,0.7504702103665593,3.6277485496516975,-0.3466798496689723,2.280614388528009,-0.770351796452709,2.481636533693468,-3.5677257667703577,-1.790226067639766
49.0,180.0,1006.7672729492188,-2.7513884166364657,-3.083569319341991,0.7504702103665593,3.627748548414044,-0.3466754396488745,2.280615191566161,-0.7703517978317376,2.481636533693468,-3.567725766770425,-1.790226067639766
49.0,180.0,1006.7672729492188,-2.75138817860013,-3.0835693193405627,0.7504702103665593,3.627748549672036,-0.3467402575512262,2.280614653834242,-0.7703517972102896,2.4816365336934334,-3.5677257667703577,-1.790226067639766
49.0,180.0,1006.7672729492188,-2.751388395213197,-3.083569319341991,0.7504702103665593,3.6277485496798616,-0.3466754396488745,2.280615191566161,-0.7703517977739772,2.481636533693468,-3.5677257667703577,-1.790226067639766
49.0,180.0,1006.7672729492188,-2.7513898394269853,-3.08356932231386,0.7504702103665593,3.627748316505467,-0.3466778829585437,2.2806120405988453,-0.770351796435717,2.481636533693468,-3.5677257667703577,-1.790226067639766
49.0,181.0,1006.7672729492188,-2.751388395213197,-3.083569319341991,0.7504702103665593,3.6277485496798616,-0.3466754396488745,2.280615191566161,-0.7703517978078779,2.481636533693468,-3.5677257667703577,-1.790226067639766
49.0,181.0,1006.7672729492188,-2.751389850916421,-3.083569319341991,0.7504702103665593,3.627748313850107,-0.3466754396488745,2.280612079077653,-0.7703517978082991,2.481636533693468,-3.5677257667703577,-1.790226067639766
49.0,181.0,1006.7672729492188,-2.751389850916421,-3.083569319341991,0.7504702103665593,3.6277485527122697,-0.3466754396488745,2.280612086111796,-0.7703517978082991,2.481636533693435,-3.5677257667703577,-1.790226067639766
49.0,181.0,1006.7672729492188,-2.751388395213197,-3.0835693187711115,0.7504702103665593,3.62774854967996,-0.3466754396488745,2.280615191566161,-0.7703517978078779,2.481636533693468,-3.567725766770353,-1.790226067639766
49.0,181.0,1006.7672729492188,-2.751389850916421,-3.08356932231386,0.7504702103665593,3.627748313850107,-0.3466754396488745,2.280612079077653,-0.7703517964686307,2.481636533693468,-3.5677257667703577,-1.790226067639766
49.0,181.0,1006.7672729492188,-2.7513882497707787,-3.083569319341991,0.7504702103665593,3.6277485496516975,-0.3466776384826382,2.280614657360565,-0.7703517978078779,2.481636533693468,-3.5677257667703577,-1.790226067639766
49.0,181.0,1006.7672729492188,-2.751388395213197,-3.083569319341991,0.7504702103665593,3.6277485496798616,-0.3466754396488745,2.280615191566161,-0.7703517963491826,2.481636533693468,-3.5677257667703577,-1.790226067639766
49.0,181.0,1006.7672729492188,-2.7513882657598434,-3.0835694206456474,0.7504702103665593,3.6277485496516975,-0.3466776384826382,2.280614657360565,-0.7703517971425462,2.481636533693468,-3.5677257667703577,-1.790226067639766
49.0,181.0,1006.7672729492188,-2.751388395213197,-3.083569319341991,0.7504702103665593,3.6277485496798616,-0.3466754396488745,2.280615191566161,-0.7703517963830834,2.481636533693468,-3.5677257667703577,-1.790226067639766
49.0,181.0,1006.7672729492188,-2.7513882099360405,-3.083569322386867,0.7504702103665593,3.627748309580287,-0.3466810963802853,2.280612079077653,-0.7703517964942946,2.481636533693468,-3.5677257667703577,-1.790226067639766
49.0,181.0,1006.7672729492188,-2.7513882168710047,-3.083569319341991,0.7504702103665593,3.627748548747327,-0.3466368509504258,2.280615191566161,-0.7703517971914785,2.481636533693468,-3.5677257667703577,-1.790226067639766
49.0,181.0,1006.7672729492188,-2.751388395213197,-3.083569319341991,0.7504702103665593,3.6277485496798616,-0.3466754396488745,2.280615191566161,-0.7703517977739772,2.481636533693468,-3.5677257667703577,-1.790226067639766
49.0,181.0,1006.7672729492188,-2.751388184920279,-3.0835693193743543,0.7504702103665593,3.627748549005042,-0.3466776384826382,2.280614657360565,-0.7703517965185009,2.481636533693468,-3.5677257667703577,-1.790226067639766
49.0,181.0,1006.7672729492188,-2.7513898394269853,-3.08356932231386,0.7504702103665593,3.627748316505467,-0.3466778829585437,2.280612079077653,-0.7703517964686307,2.481636533693468,-3.5677257667703577,-1.790226067639766
49.0,181.0,1006.7672729492188,-2.751388223257824,-3.083569319341991,0.7504702103665593,3.62774855090556,-0.3466480178536706,2.28061212571107,-0.7703517977957828,2.4816365336934334,-3.5677257667703577,-1.790226067639766
49.0,181.0,1006.7672729492188,-2.751388077310696,-3.0835694134126683,0.7504702103665593,3.627748548793636,-0.3466526465160778,2.280615171948401,-0.7703517971699454,2.4816365336934667,-3.567725766770381,-1.790226067639766
49.0,181.0,1006.7672729492188,-2.75138822566223,-3.0835693187935043,0.7504702103665593,3.627748548754682,-0.3467402575512262,2.280615191566161,-0.7703517971997085,2.4816365336934334,-3.5677257667703577,-1.790226067639766
49.0,181.0,1006.7672729492188,-2.751389850916421,-3.0835693165815763,0.7504702103665593,3.627748550183372,-0.3466505343851936,2.280612079077653,-0.7703517965494596,2.481636533693468,-3.5677257667703577,-1.790226067639766
49.0,181.0,1006.7672729492188,-2.751388395213197,-3.0835693187711115,0.7504702103665593,3.62774854967996,-0.3466754396488745,2.280615191566161,-0.7703517978078779,2.481636533693468,-3.567725766770353,-1.790226067639766
49.0,181.0,1006.7672729492188,-2.751388223473793,-3.083569319341991,0.7504702103665593,3.6277485485420167,-0.3465757770150049,2.280615191566161,-0.7703517978078779,2.481636533693432,-3.5677257667703577,-1.790226067639766
49.0,181.0,1006.7672729492188,-2.7513889419160225,-3.0835693212712942,0.7504702103665593,3.627748558505236,-0.3466754396488745,2.280612566813565,-0.7703517964170788,2.481636533693468,-3.5677257667703364,-1.790226067639766
49.0,181.0,1006.7672729492188,-2.7513884166364657,-3.083569319341991,0.7504702103665593,3.6277485560343807,-0.3466754396488745,2.280615191566161,-0.7703517978078779,2.481636533693468,-3.5677257667703577,-1.790226067639766
49.0,181.0,1006.7672729492188,-2.7513881618534293,-3.083569321410004,0.7504702103665593,3.6277485485420167,-0.3467212956259947,2.280615191566161,-0.7703517964150498,2.481636533693472,-3.5677257667703577,-1.790226067639766
49.0,181.0,1006.7672729492188,-2.7513882099360405,-3.083569322386867,0.7504702103665593,3.627748309580287,-0.3466798427661265,2.280612079077653,-0.7703517964942946,2.481636533693468,-3.5677257667703577,-1.790226067639766
49.0,181.0,1006.7672729492188,-2.751389841005098,-3.0835693187711115,0.7504702103665593,3.62774854967996,-0.3466754396488745,2.2806121348232367,-0.7703517978078779,2.481636533693468,-3.567725766770353,-1.790226067639766
49.0,181.0,1006.7672729492188,-2.751388395213197,-3.083569319341991,0.7504702103665593,3.627748549649332,-0.3466754396488745,2.280615191566161,-0.7703517971621825,2.481636533693468,-3.5677257667703577,-1.790226067639766
49.0,181.0,1006.7672729492188,-2.7513899189003816,-3.083569319293325,0.7504702103665593,3.627748549709601,-0.3466505343851936,2.280612079077653,-0.7703517965494596,2.481636533693468,-3.5677257667703577,-1.790226067639766
49.0,181.0,1006.7672729492188,-2.751389850916421,-3.083569319341991,0.7504702103665593,3.627748313850107,-0.3466754396488745,2.280612079077653,-0.7703517978082991,2.481636533693468,-3.5677257667703577,-1.790226067639766
49.0,181.0,1006.7672729492188,-2.7513882234626,-3.083569319341991,0.7504702103665593,3.627748548671139,-0.3466480178536706,2.28061212571107,-0.7703517978132097,2.4816365336934343,-3.5677257667703577,-1.790226067639766
49.0,181.0,1006.7672729492188,-2.7513881847525843,-3.0835693187935043,0.7504702103665593,3.627748548726629,-0.3467402575512262,2.280614653834242,-0.7703517972102896,2.4816365336934334,-3.5677257667703577,-1.790226067639766
49.0,181.0,1006.7672729492188,-2.7513884166364657,-3.083569319341991,0.7504702103665593,3.627748548414044,-0.3466754396488745,2.280615191566161,-0.7703517978078779,2.481636533693468,-3.567725766770425,-1.790226067639766
49.0,181.0,1006.7672729492188,-2.75138840512452,-3.083569319341991,0.7504702103665593,3.6277485527122697,-0.3466754396488745,2.280615142854721,-0.7703517978082991,2.481636533693435,-3.5677257667703577,-1.790226067639766
49.0,181.0,1006.7672729492188,-2.7513882657598434,-3.0835694206456474,0.7504702103665593,3.6277485496822273,-0.3466776384826382,2.280614657360565,-0.7703517963295463,2.481636533693468,-3.5677257667703577,-1.790226067639766
49.0,181.0,1006.7672729492188,-2.751388395213197,-3.0835693187711115,0.7504702103665593,3.62774854967996,-0.3466900977938008,2.280615191566161,-0.7703517978078779,2.4816365336934347,-3.567725766770353,-1.790226067639766
49.0,181.0,1006.7672729492188,-2.7513883272292365,-3.0835693166302427,0.7504702103665593,3.627748550153633,-0.3466754396488745,2.280615191566161,-0.7703517963491826,2.481636533693468,-3.5677257667703577,-1.790226067639766
49.0,181.0,1006.7672729492188,-2.751388420030537,-3.0835694252528505,0.7504702103665593,3.6277485496516975,-0.3466776384826382,2.280614657360565,-0.7703517978606128,2.481636533693468,-3.5677257667704265,-1.790226067639766
49.0,181.0,1006.7672729492188,-2.751389834877504,-3.0835693193451483,0.7504702103665593,3.627748315688221,-0.3467402575512262,2.2806121424819685,-0.7703517978052403,2.4816365336934334,-3.5677257667703577,-1.790226067639766
49.0,181.0,1006.7672729492188,-2.7513899189003816,-3.083569319293325,0.7504702103665593,3.627748549673312,-0.3466505343851936,2.280612079077653,-0.7703517965494596,2.481636533693435,-3.5677257667703577,-1.790226067639766
49.0,181.0,1006.7672729492188,-2.7513898394269853,-3.08356932231386,0.7504702103665593,3.627748316505467,-0.3466778829585437,2.280612079077653,-0.7703517964686307,2.481636533693468,-3.5677257667703577,-1.790226067639766
49.0,181.0,1006.7672729492188,-2.751389803549728,-3.0835693165815763,0.7504702103665593,3.6277485496628006,-0.3466781309042712,2.280612079077653,-0.7703517963243898,2.481636533693468,-3.5677257667703577,-1.790226067639766
49.0,181.0,1006.7672729492188,-2.7513882497707787,-3.083569319341991,0.7504702103665593,3.6277485496516975,-0.3466776384826382,2.280614657360565,-0.7703517978078779,2.481636533693468,-3.5677257667703577,-1.790226067639766
49.0,181.0,1006.7672729492188,-2.751388223473793,-3.083569319341991,0.7504702103665593,3.6277485485420167,-0.346679868686343,2.280615191566161,-0.7703517978081799,2.4816365336934334,-3.5677257667703577,-1.790226067639766
49.0,181.0,1006.7672729492188,-2.7513883272292365,-3.0835693166302427,0.7504702103665593,3.627748550153633,-0.3466754396488745,2.280615191566161,-0.7703517963491826,2.481636533693468,-3.5677257667703577,-1.790226067639766
49.0,181.0,1006.7672729492188,-2.751388395213197,-3.083569319341991,0.7504702103665593,3.627748549574357,-0.3466754396488745,2.280615191566161,-0.7703517963830834,2.481636533693466,-3.5677257667703577,-1.790226067639766
49.0,181.0,1006.7672729492188,-2.751389850916421,-3.083569319341991,0.7504702103665593,3.627748313850107,-0.3466754396488745,2.280612079077653,-0.7703517978082991,2.481636533693468,-3.5677257667703577,-1.790226067639766
49.0,181.0,1006.7672729492188,-2.7513882650123627,-3.08356932000386,0.7504702103665593,3.6277485496516975,-0.3466798496689723,2.280614388528009,-0.770351796452709,2.481636533693468,-3.5677257667703577,-1.790226067639766
49.0,181.0,1006.7672729492188,-2.7513884166364657,-3.083569319341991,0.7504702103665593,3.627748548414044,-0.3466754396488745,2.280615191566161,-0.7703517978317376,2.481636533693468,-3.567725766770425,-1.790226067639766
49.0,181.0,1006.7672729492188,-2.75138817860013,-3.0835693193405627,0.7504702103665593,3.627748549672036,-0.3467402575512262,2.280614653834242,-0.7703517972102896,2.4816365336934334,-3.5677257667703577,-1.790226067639766
49.0,181.0,1006.7672729492188,-2.751388395213197,-3.083569319341991,0.7504702103665593,3.6277485496798616,-0.3466754396488745,2.280615191566161,-0.7703517977739772,2.481636533693468,-3.5677257667703577,-1.790226067639766
49.0,181.0,1006.7672729492188,-2.7513898394269853,-3.08356932231386,0.7504702103665593,3.627748316505467,-0.3466778829585437,2.2806120405988453,-0.770351796435717,2.481636533693468,-3.5677257667703577,-1.790226067639766
49.0,182.0,1006.7672729492188,-2.751388395213197,-3.083569319341991,0.7504702103665593,3.6277485496798616,-0.3466754396488745,2.280615191566161,-0.7703517978078779,2.481636533693468,-3.5677257667703577,-1.790226067639766
49.0,182.0,1006.7672729492188,-2.751389850916421,-3.083569319341991,0.7504702103665593,3.627748313850107,-0.3466754396488745,2.280612079077653,-0.7703517978082991,2.481636533693468,-3.5677257667703577,-1.790226067639766
49.0,182.0,1006.7672729492188,-2.751389850916421,-3.083569319341991,0.7504702103665593,3.6277485527122697,-0.3466754396488745,2.280612086111796,-0.7703517978082991,2.481636533693435,-3.5677257667703577,-1.790226067639766
49.0,182.0,1006.7672729492188,-2.751388395213197,-3.0835693187711115,0.7504702103665593,3.62774854967996,-0.3466754396488745,2.280615191566161,-0.7703517978078779,2.481636533693468,-3.567725766770353,-1.790226067639766
49.0,182.0,1006.7672729492188,-2.751389850916421,-3.08356932231386,0.7504702103665593,3.627748313850107,-0.3466754396488745,2.280612079077653,-0.7703517964686307,2.481636533693468,-3.5677257667703577,-1.790226067639766
49.0,182.0,1006.7672729492188,-2.7513882497707787,-3.083569319341991,0.7504702103665593,3.6277485496516975,-0.3466776384826382,2.280614657360565,-0.7703517978078779,2.481636533693468,-3.5677257667703577,-1.790226067639766
49.0,182.0,1006.7672729492188,-2.751388395213197,-3.083569319341991,0.7504702103665593,3.6277485496798616,-0.3466754396488745,2.280615191566161,-0.7703517963491826,2.481636533693468,-3.5677257667703577,-1.790226067639766
49.0,182.0,1006.7672729492188,-2.7513882657598434,-3.0835694206456474,0.7504702103665593,3.6277485496516975,-0.3466776384826382,2.280614657360565,-0.7703517971425462,2.481636533693468,-3.5677257667703577,-1.790226067639766
49.0,182.0,1006.7672729492188,-2.751388395213197,-3.083569319341991,0.7504702103665593,3.6277485496798616,-0.3466754396488745,2.280615191566161,-0.7703517963830834,2.481636533693468,-3.5677257667703577,-1.790226067639766
49.0,182.0,1006.7672729492188,-2.7513882099360405,-3.083569322386867,0.7504702103665593,3.627748309580287,-0.3466810963802853,2.280612079077653,-0.7703517964942946,2.481636533693468,-3.5677257667703577,-1.790226067639766
49.0,182.0,1006.7672729492188,-2.7513882168710047,-3.083569319341991,0.7504702103665593,3.627748548747327,-0.3466368509504258,2.280615191566161,-0.7703517971914785,2.481636533693468,-3.5677257667703577,-1.790226067639766
49.0,182.0,1006.7672729492188,-2.751388395213197,-3.083569319341991,0.7504702103665593,3.6277485496798616,-0.3466754396488745,2.280615191566161,-0.7703517977739772,2.481636533693468,-3.5677257667703577,-1.790226067639766
49.0,182.0,1006.7672729492188,-2.751388184920279,-3.0835693193743543,0.7504702103665593,3.627748549005042,-0.3466776384826382,2.280614657360565,-0.7703517965185009,2.481636533693468,-3.5677257667703577,-1.790226067639766
49.0,182.0,1006.7672729492188,-2.7513898394269853,-3.08356932231386,0.7504702103665593,3.627748316505467,-0.3466778829585437,2.280612079077653,-0.7703517964686307,2.481636533693468,-3.5677257667703577,-1.790226067639766
49.0,182.0,1006.7672729492188,-2.751388223257824,-3.083569319341991,0.7504702103665593,3.62774855090556,-0.3466480178536706,2.28061212571107,-0.7703517977957828,2.4816365336934334,-3.5677257667703577,-1.790226067639766
49.0,182.0,1006.7672729492188,-2.751388077310696,-3.0835694134126683,0.7504702103665593,3.627748548793636,-0.3466526465160778,2.280615171948401,-0.7703517971699454,2.4816365336934667,-3.567725766770381,-1.790226067639766
49.0,182.0,1006.7672729492188,-2.75138822566223,-3.0835693187935043,0.7504702103665593,3.627748548754682,-0.3467402575512262,2.280615191566161,-0.7703517971997085,2.4816365336934334,-3.5677257667703577,-1.790226067639766
49.0,182.0,1006.7672729492188,-2.751389850916421,-3.0835693165815763,0.7504702103665593,3.627748550183372,-0.3466505343851936,2.280612079077653,-0.7703517965494596,2.481636533693468,-3.5677257667703577,-1.790226067639766
49.0,182.0,1006.7672729492188,-2.751388395213197,-3.0835693187711115,0.7504702103665593,3.62774854967996,-0.3466754396488745,2.280615191566161,-0.7703517978078779,2.481636533693468,-3.567725766770353,-1.790226067639766
49.0,182.0,1006.7672729492188,-2.751388223473793,-3.083569319341991,0.7504702103665593,3.6277485485420167,-0.3465757770150049,2.280615191566161,-0.7703517978078779,2.481636533693432,-3.5677257667703577,-1.790226067639766
49.0,182.0,1006.7672729492188,-2.7513889419160225,-3.0835693212712942,0.7504702103665593,3.627748558505236,-0.3466754396488745,2.280612566813565,-0.7703517964170788,2.481636533693468,-3.5677257667703364,-1.790226067639766
49.0,182.0,1006.7672729492188,-2.7513884166364657,-3.083569319341991,0.7504702103665593,3.6277485560343807,-0.3466754396488745,2.280615191566161,-0.7703517978078779,2.481636533693468,-3.5677257667703577,-1.790226067639766
49.0,182.0,1006.7672729492188,-2.7513881618534293,-3.083569321410004,0.7504702103665593,3.6277485485420167,-0.3467212956259947,2.280615191566161,-0.7703517964150498,2.481636533693472,-3.5677257667703577,-1.790226067639766
49.0,182.0,1006.7672729492188,-2.7513882099360405,-3.083569322386867,0.7504702103665593,3.627748309580287,-0.3466798427661265,2.280612079077653,-0.7703517964942946,2.481636533693468,-3.5677257667703577,-1.790226067639766
49.0,182.0,1006.7672729492188,-2.751389841005098,-3.0835693187711115,0.7504702103665593,3.62774854967996,-0.3466754396488745,2.2806121348232367,-0.7703517978078779,2.481636533693468,-3.567725766770353,-1.790226067639766
49.0,182.0,1006.7672729492188,-2.751388395213197,-3.083569319341991,0.7504702103665593,3.627748549649332,-0.3466754396488745,2.280615191566161,-0.7703517971621825,2.481636533693468,-3.5677257667703577,-1.790226067639766
49.0,182.0,1006.7672729492188,-2.7513899189003816,-3.083569319293325,0.7504702103665593,3.627748549709601,-0.3466505343851936,2.280612079077653,-0.7703517965494596,2.481636533693468,-3.5677257667703577,-1.790226067639766
49.0,182.0,1006.7672729492188,-2.751389850916421,-3.083569319341991,0.7504702103665593,3.627748313850107,-0.3466754396488745,2.280612079077653,-0.7703517978082991,2.481636533693468,-3.5677257667703577,-1.790226067639766
49.0,182.0,1006.7672729492188,-2.7513882234626,-3.083569319341991,0.7504702103665593,3.627748548671139,-0.3466480178536706,2.28061212571107,-0.7703517978132097,2.4816365336934343,-3.5677257667703577,-1.790226067639766
49.0,182.0,1006.7672729492188,-2.7513881847525843,-3.0835693187935043,0.7504702103665593,3.627748548726629,-0.3467402575512262,2.280614653834242,-0.7703517972102896,2.4816365336934334,-3.5677257667703577,-1.790226067639766
49.0,182.0,1006.7672729492188,-2.7513884166364657,-3.083569319341991,0.7504702103665593,3.627748548414044,-0.3466754396488745,2.280615191566161,-0.7703517978078779,2.481636533693468,-3.567725766770425,-1.790226067639766
49.0,182.0,1006.7672729492188,-2.75138840512452,-3.083569319341991,0.7504702103665593,3.6277485527122697,-0.3466754396488745,2.280615142854721,-0.7703517978082991,2.481636533693435,-3.5677257667703577,-1.790226067639766
49.0,182.0,1006.7672729492188,-2.7513882657598434,-3.0835694206456474,0.7504702103665593,3.6277485496822273,-0.3466776384826382,2.280614657360565,-0.7703517963295463,2.481636533693468,-3.5677257667703577,-1.790226067639766
49.0,182.0,1006.7672729492188,-2.751388395213197,-3.0835693187711115,0.7504702103665593,3.62774854967996,-0.3466900977938008,2.280615191566161,-0.7703517978078779,2.4816365336934347,-3.567725766770353,-1.790226067639766
49.0,182.0,1006.7672729492188,-2.7513883272292365,-3.0835693166302427,0.7504702103665593,3.627748550153633,-0.3466754396488745,2.280615191566161,-0.7703517963491826,2.481636533693468,-3.5677257667703577,-1.790226067639766
49.0,182.0,1006.7672729492188,-2.751388420030537,-3.0835694252528505,0.7504702103665593,3.6277485496516975,-0.3466776384826382,2.280614657360565,-0.7703517978606128,2.481636533693468,-3.5677257667704265,-1.790226067639766
49.0,182.0,1006.7672729492188,-2.751389834877504,-3.0835693193451483,0.7504702103665593,3.627748315688221,-0.3467402575512262,2.2806121424819685,-0.7703517978052403,2.4816365336934334,-3.5677257667703577,-1.790226067639766
49.0,182.0,1006.7672729492188,-2.7513899189003816,-3.083569319293325,0.7504702103665593,3.627748549673312,-0.3466505343851936,2.280612079077653,-0.7703517965494596,2.481636533693435,-3.5677257667703577,-1.790226067639766
49.0,182.0,1006.7672729492188,-2.7513898394269853,-3.08356932231386,0.7504702103665593,3.627748316505467,-0.3466778829585437,2.280612079077653,-0.7703517964686307,2.481636533693468,-3.5677257667703577,-1.790226067639766
49.0,182.0,1006.7672729492188,-2.751389803549728,-3.0835693165815763,0.7504702103665593,3.6277485496628006,-0.3466781309042712,2.280612079077653,-0.7703517963243898,2.481636533693468,-3.5677257667703577,-1.790226067639766
49.0,182.0,1006.7672729492188,-2.7513882497707787,-3.083569319341991,0.7504702103665593,3.6277485496516975,-0.3466776384826382,2.280614657360565,-0.7703517978078779,2.481636533693468,-3.5677257667703577,-1.790226067639766
49.0,182.0,1006.7672729492188,-2.751388223473793,-3.083569319341991,0.7504702103665593,3.6277485485420167,-0.346679868686343,2.280615191566161,-0.7703517978081799,2.4816365336934334,-3.5677257667703577,-1.790226067639766
49.0,182.0,1006.7672729492188,-2.7513883272292365,-3.0835693166302427,0.7504702103665593,3.627748550153633,-0.3466754396488745,2.280615191566161,-0.7703517963491826,2.481636533693468,-3.5677257667703577,-1.790226067639766
49.0,182.0,1006.7672729492188,-2.751388395213197,-3.083569319341991,0.7504702103665593,3.627748549574357,-0.3466754396488745,2.280615191566161,-0.7703517963830834,2.481636533693466,-3.5677257667703577,-1.790226067639766
49.0,182.0,1006.7672729492188,-2.751389850916421,-3.083569319341991,0.7504702103665593,3.627748313850107,-0.3466754396488745,2.280612079077653,-0.7703517978082991,2.481636533693468,-3.5677257667703577,-1.790226067639766
49.0,182.0,1006.7672729492188,-2.7513882650123627,-3.08356932000386,0.7504702103665593,3.6277485496516975,-0.3466798496689723,2.280614388528009,-0.770351796452709,2.481636533693468,-3.5677257667703577,-1.790226067639766
49.0,182.0,1006.7672729492188,-2.7513884166364657,-3.083569319341991,0.7504702103665593,3.627748548414044,-0.3466754396488745,2.280615191566161,-0.7703517978317376,2.481636533693468,-3.567725766770425,-1.790226067639766
49.0,182.0,1006.7672729492188,-2.75138817860013,-3.0835693193405627,0.7504702103665593,3.627748549672036,-0.3467402575512262,2.280614653834242,-0.7703517972102896,2.4816365336934334,-3.5677257667703577,-1.790226067639766
49.0,182.0,1006.7672729492188,-2.751388395213197,-3.083569319341991,0.7504702103665593,3.6277485496798616,-0.3466754396488745,2.280615191566161,-0.7703517977739772,2.481636533693468,-3.5677257667703577,-1.790226067639766
49.0,182.0,1006.7672729492188,-2.7513898394269853,-3.08356932231386,0.7504702103665593,3.627748316505467,-0.3466778829585437,2.2806120405988453,-0.770351796435717,2.481636533693468,-3.5677257667703577,-1.790226067639766
49.0,183.0,1006.2831420898438,-2.6310234628470943,-3.0835693192945484,0.7504702103665593,3.6277485485420167,-0.346679868686343,3.093183202817471,-0.1999936940351184,2.4816365336934334,-3.5677257667703577,-1.790226067639766
49.0,183.0,1006.7672729492188,-2.751388395213197,-3.083569319341991,0.7504702103665593,3.6277485496798616,-0.3466754396488745,2.280615191566161,-0.7703517978078779,2.481636533693468,-3.5677257667703577,-1.790226067639766
49.0,183.0,1006.7672729492188,-2.751389850916421,-3.083569319341991,0.7504702103665593,3.627748313850107,-0.3466754396488745,2.280612079077653,-0.7703517978082991,2.481636533693468,-3.5677257667703577,-1.790226067639766
49.0,183.0,1006.7672729492188,-2.751389850916421,-3.083569319341991,0.7504702103665593,3.6277485527122697,-0.3466754396488745,2.280612086111796,-0.7703517978082991,2.481636533693435,-3.5677257667703577,-1.790226067639766
49.0,183.0,1006.7672729492188,-2.751388395213197,-3.0835693187711115,0.7504702103665593,3.62774854967996,-0.3466754396488745,2.280615191566161,-0.7703517978078779,2.481636533693468,-3.567725766770353,-1.790226067639766
49.0,183.0,1006.7672729492188,-2.751389850916421,-3.08356932231386,0.7504702103665593,3.627748313850107,-0.3466754396488745,2.280612079077653,-0.7703517964686307,2.481636533693468,-3.5677257667703577,-1.790226067639766
49.0,183.0,1006.7672729492188,-2.7513882497707787,-3.083569319341991,0.7504702103665593,3.6277485496516975,-0.3466776384826382,2.280614657360565,-0.7703517978078779,2.481636533693468,-3.5677257667703577,-1.790226067639766
49.0,183.0,1006.7672729492188,-2.751388395213197,-3.083569319341991,0.7504702103665593,3.6277485496798616,-0.3466754396488745,2.280615191566161,-0.7703517963491826,2.481636533693468,-3.5677257667703577,-1.790226067639766
49.0,183.0,1006.7672729492188,-2.7513882657598434,-3.0835694206456474,0.7504702103665593,3.6277485496516975,-0.3466776384826382,2.280614657360565,-0.7703517971425462,2.481636533693468,-3.5677257667703577,-1.790226067639766
49.0,183.0,1006.7672729492188,-2.751388395213197,-3.083569319341991,0.7504702103665593,3.6277485496798616,-0.3466754396488745,2.280615191566161,-0.7703517963830834,2.481636533693468,-3.5677257667703577,-1.790226067639766
49.0,183.0,1006.7672729492188,-2.7513882099360405,-3.083569322386867,0.7504702103665593,3.627748309580287,-0.3466810963802853,2.280612079077653,-0.7703517964942946,2.481636533693468,-3.5677257667703577,-1.790226067639766
49.0,183.0,1006.7672729492188,-2.7513882168710047,-3.083569319341991,0.7504702103665593,3.627748548747327,-0.3466368509504258,2.280615191566161,-0.7703517971914785,2.481636533693468,-3.5677257667703577,-1.790226067639766
49.0,183.0,1006.7672729492188,-2.751388395213197,-3.083569319341991,0.7504702103665593,3.6277485496798616,-0.3466754396488745,2.280615191566161,-0.7703517977739772,2.481636533693468,-3.5677257667703577,-1.790226067639766
49.0,183.0,1006.7672729492188,-2.751388184920279,-3.0835693193743543,0.7504702103665593,3.627748549005042,-0.3466776384826382,2.280614657360565,-0.7703517965185009,2.481636533693468,-3.5677257667703577,-1.790226067639766
49.0,183.0,1006.7672729492188,-2.7513898394269853,-3.08356932231386,0.7504702103665593,3.627748316505467,-0.3466778829585437,2.280612079077653,-0.7703517964686307,2.481636533693468,-3.5677257667703577,-1.790226067639766
49.0,183.0,1006.7672729492188,-2.751388223257824,-3.083569319341991,0.7504702103665593,3.62774855090556,-0.3466480178536706,2.28061212571107,-0.7703517977957828,2.4816365336934334,-3.5677257667703577,-1.790226067639766
49.0,183.0,1006.7672729492188,-2.751388077310696,-3.0835694134126683,0.7504702103665593,3.627748548793636,-0.3466526465160778,2.280615171948401,-0.7703517971699454,2.4816365336934667,-3.567725766770381,-1.790226067639766
49.0,183.0,1006.7672729492188,-2.75138822566223,-3.0835693187935043,0.7504702103665593,3.627748548754682,-0.3467402575512262,2.280615191566161,-0.7703517971997085,2.4816365336934334,-3.5677257667703577,-1.790226067639766
49.0,183.0,1006.7672729492188,-2.751389850916421,-3.0835693165815763,0.7504702103665593,3.627748550183372,-0.3466505343851936,2.280612079077653,-0.7703517965494596,2.481636533693468,-3.5677257667703577,-1.790226067639766
49.0,183.0,1006.7672729492188,-2.751388395213197,-3.0835693187711115,0.7504702103665593,3.62774854967996,-0.3466754396488745,2.280615191566161,-0.7703517978078779,2.481636533693468,-3.567725766770353,-1.790226067639766
49.0,183.0,1006.7672729492188,-2.751388223473793,-3.083569319341991,0.7504702103665593,3.6277485485420167,-0.3465757770150049,2.280615191566161,-0.7703517978078779,2.481636533693432,-3.5677257667703577,-1.790226067639766
49.0,183.0,1006.7672729492188,-2.7513889419160225,-3.0835693212712942,0.7504702103665593,3.627748558505236,-0.3466754396488745,2.280612566813565,-0.7703517964170788,2.481636533693468,-3.5677257667703364,-1.790226067639766
49.0,183.0,1006.7672729492188,-2.7513884166364657,-3.083569319341991,0.7504702103665593,3.6277485560343807,-0.3466754396488745,2.280615191566161,-0.7703517978078779,2.481636533693468,-3.5677257667703577,-1.790226067639766
49.0,183.0,1006.7672729492188,-2.7513881618534293,-3.083569321410004,0.7504702103665593,3.6277485485420167,-0.3467212956259947,2.280615191566161,-0.7703517964150498,2.481636533693472,-3.5677257667703577,-1.790226067639766
49.0,183.0,1006.7672729492188,-2.7513882099360405,-3.083569322386867,0.7504702103665593,3.627748309580287,-0.3466798427661265,2.280612079077653,-0.7703517964942946,2.481636533693468,-3.5677257667703577,-1.790226067639766
49.0,183.0,1006.7672729492188,-2.751389841005098,-3.0835693187711115,0.7504702103665593,3.62774854967996,-0.3466754396488745,2.2806121348232367,-0.7703517978078779,2.481636533693468,-3.567725766770353,-1.790226067639766
49.0,183.0,1006.7672729492188,-2.751388395213197,-3.083569319341991,0.7504702103665593,3.627748549649332,-0.3466754396488745,2.280615191566161,-0.7703517971621825,2.481636533693468,-3.5677257667703577,-1.790226067639766
49.0,183.0,1006.7672729492188,-2.7513899189003816,-3.083569319293325,0.7504702103665593,3.627748549709601,-0.3466505343851936,2.280612079077653,-0.7703517965494596,2.481636533693468,-3.5677257667703577,-1.790226067639766
49.0,183.0,1006.7672729492188,-2.751389850916421,-3.083569319341991,0.7504702103665593,3.627748313850107,-0.3466754396488745,2.280612079077653,-0.7703517978082991,2.481636533693468,-3.5677257667703577,-1.790226067639766
49.0,183.0,1006.7672729492188,-2.7513882234626,-3.083569319341991,0.7504702103665593,3.627748548671139,-0.3466480178536706,2.28061212571107,-0.7703517978132097,2.4816365336934343,-3.5677257667703577,-1.790226067639766
49.0,183.0,1006.7672729492188,-2.7513881847525843,-3.0835693187935043,0.7504702103665593,3.627748548726629,-0.3467402575512262,2.280614653834242,-0.7703517972102896,2.4816365336934334,-3.5677257667703577,-1.790226067639766
49.0,183.0,1006.7672729492188,-2.7513884166364657,-3.083569319341991,0.7504702103665593,3.627748548414044,-0.3466754396488745,2.280615191566161,-0.7703517978078779,2.481636533693468,-3.567725766770425,-1.790226067639766
49.0,183.0,1006.7672729492188,-2.75138840512452,-3.083569319341991,0.7504702103665593,3.6277485527122697,-0.3466754396488745,2.280615142854721,-0.7703517978082991,2.481636533693435,-3.5677257667703577,-1.790226067639766
49.0,183.0,1006.7672729492188,-2.7513882657598434,-3.0835694206456474,0.7504702103665593,3.6277485496822273,-0.3466776384826382,2.280614657360565,-0.7703517963295463,2.481636533693468,-3.5677257667703577,-1.790226067639766
49.0,183.0,1006.7672729492188,-2.751388395213197,-3.0835693187711115,0.7504702103665593,3.62774854967996,-0.3466900977938008,2.280615191566161,-0.7703517978078779,2.4816365336934347,-3.567725766770353,-1.790226067639766
49.0,183.0,1006.7672729492188,-2.7513883272292365,-3.0835693166302427,0.7504702103665593,3.627748550153633,-0.3466754396488745,2.280615191566161,-0.7703517963491826,2.481636533693468,-3.5677257667703577,-1.790226067639766
49.0,183.0,1006.7672729492188,-2.751388420030537,-3.0835694252528505,0.7504702103665593,3.6277485496516975,-0.3466776384826382,2.280614657360565,-0.7703517978606128,2.481636533693468,-3.5677257667704265,-1.790226067639766
49.0,183.0,1006.7672729492188,-2.751389834877504,-3.0835693193451483,0.7504702103665593,3.627748315688221,-0.3467402575512262,2.2806121424819685,-0.7703517978052403,2.4816365336934334,-3.5677257667703577,-1.790226067639766
49.0,183.0,1006.7672729492188,-2.7513899189003816,-3.083569319293325,0.7504702103665593,3.627748549673312,-0.3466505343851936,2.280612079077653,-0.7703517965494596,2.481636533693435,-3.5677257667703577,-1.790226067639766
49.0,183.0,1006.7672729492188,-2.7513898394269853,-3.08356932231386,0.7504702103665593,3.627748316505467,-0.3466778829585437,2.280612079077653,-0.7703517964686307,2.481636533693468,-3.5677257667703577,-1.790226067639766
49.0,183.0,1006.7672729492188,-2.751389803549728,-3.0835693165815763,0.7504702103665593,3.6277485496628006,-0.3466781309042712,2.280612079077653,-0.7703517963243898,2.481636533693468,-3.5677257667703577,-1.790226067639766
49.0,183.0,1006.7672729492188,-2.7513882497707787,-3.083569319341991,0.7504702103665593,3.6277485496516975,-0.3466776384826382,2.280614657360565,-0.7703517978078779,2.481636533693468,-3.5677257667703577,-1.790226067639766
49.0,183.0,1006.7672729492188,-2.751388223473793,-3.083569319341991,0.7504702103665593,3.6277485485420167,-0.346679868686343,2.280615191566161,-0.7703517978081799,2.4816365336934334,-3.5677257667703577,-1.790226067639766
49.0,183.0,1006.7672729492188,-2.7513883272292365,-3.0835693166302427,0.7504702103665593,3.627748550153633,-0.3466754396488745,2.280615191566161,-0.7703517963491826,2.481636533693468,-3.5677257667703577,-1.790226067639766
49.0,183.0,1006.7672729492188,-2.751388395213197,-3.083569319341991,0.7504702103665593,3.627748549574357,-0.3466754396488745,2.280615191566161,-0.7703517963830834,2.481636533693466,-3.5677257667703577,-1.790226067639766
49.0,183.0,1006.7672729492188,-2.751389850916421,-3.083569319341991,0.7504702103665593,3.627748313850107,-0.3466754396488745,2.280612079077653,-0.7703517978082991,2.481636533693468,-3.5677257667703577,-1.790226067639766
49.0,183.0,1006.7672729492188,-2.7513882650123627,-3.08356932000386,0.7504702103665593,3.6277485496516975,-0.3466798496689723,2.280614388528009,-0.770351796452709,2.481636533693468,-3.5677257667703577,-1.790226067639766
49.0,183.0,1006.7672729492188,-2.7513884166364657,-3.083569319341991,0.7504702103665593,3.627748548414044,-0.3466754396488745,2.280615191566161,-0.7703517978317376,2.481636533693468,-3.567725766770425,-1.790226067639766
49.0,183.0,1006.7672729492188,-2.75138817860013,-3.0835693193405627,0.7504702103665593,3.627748549672036,-0.3467402575512262,2.280614653834242,-0.7703517972102896,2.4816365336934334,-3.5677257667703577,-1.790226067639766
49.0,183.0,1006.7672729492188,-2.751388395213197,-3.083569319341991,0.7504702103665593,3.6277485496798616,-0.3466754396488745,2.280615191566161,-0.7703517977739772,2.481636533693468,-3.5677257667703577,-1.790226067639766
49.0,184.0,1006.2831420898438,-2.6310234628470943,-3.0835693192945484,0.7504702103665593,3.6277485485420167,-0.346679868686343,3.093183202817471,-0.1999936940351184,2.4816365336934334,-3.5677257667703577,-1.790226067639766
49.0,184.0,1006.7672729492188,-2.751388395213197,-3.083569319341991,0.7504702103665593,3.6277485496798616,-0.3466754396488745,2.280615191566161,-0.7703517978078779,2.481636533693468,-3.5677257667703577,-1.790226067639766
49.0,184.0,1006.7672729492188,-2.751389850916421,-3.083569319341991,0.7504702103665593,3.627748313850107,-0.3466754396488745,2.280612079077653,-0.7703517978082991,2.481636533693468,-3.5677257667703577,-1.790226067639766
49.0,184.0,1006.7672729492188,-2.751389850916421,-3.083569319341991,0.7504702103665593,3.6277485527122697,-0.3466754396488745,2.280612086111796,-0.7703517978082991,2.481636533693435,-3.5677257667703577,-1.790226067639766
49.0,184.0,1006.7672729492188,-2.751388395213197,-3.0835693187711115,0.7504702103665593,3.62774854967996,-0.3466754396488745,2.280615191566161,-0.7703517978078779,2.481636533693468,-3.567725766770353,-1.790226067639766
49.0,184.0,1006.7672729492188,-2.751389850916421,-3.08356932231386,0.7504702103665593,3.627748313850107,-0.3466754396488745,2.280612079077653,-0.7703517964686307,2.481636533693468,-3.5677257667703577,-1.790226067639766
49.0,184.0,1006.7672729492188,-2.7513882497707787,-3.083569319341991,0.7504702103665593,3.6277485496516975,-0.3466776384826382,2.280614657360565,-0.7703517978078779,2.481636533693468,-3.5677257667703577,-1.790226067639766
49.0,184.0,1006.7672729492188,-2.751388395213197,-3.083569319341991,0.7504702103665593,3.6277485496798616,-0.3466754396488745,2.280615191566161,-0.7703517963491826,2.481636533693468,-3.5677257667703577,-1.790226067639766
49.0,184.0,1006.7672729492188,-2.7513882657598434,-3.0835694206456474,0.7504702103665593,3.6277485496516975,-0.3466776384826382,2.280614657360565,-0.7703517971425462,2.481636533693468,-3.5677257667703577,-1.790226067639766
49.0,184.0,1006.7672729492188,-2.751388395213197,-3.083569319341991,0.7504702103665593,3.6277485496798616,-0.3466754396488745,2.280615191566161,-0.7703517963830834,2.481636533693468,-3.5677257667703577,-1.790226067639766
49.0,184.0,1006.7672729492188,-2.7513882099360405,-3.083569322386867,0.7504702103665593,3.627748309580287,-0.3466810963802853,2.280612079077653,-0.7703517964942946,2.481636533693468,-3.5677257667703577,-1.790226067639766
49.0,184.0,1006.7672729492188,-2.7513882168710047,-3.083569319341991,0.7504702103665593,3.627748548747327,-0.3466368509504258,2.280615191566161,-0.7703517971914785,2.481636533693468,-3.5677257667703577,-1.790226067639766
49.0,184.0,1006.7672729492188,-2.751388395213197,-3.083569319341991,0.7504702103665593,3.6277485496798616,-0.3466754396488745,2.280615191566161,-0.7703517977739772,2.481636533693468,-3.5677257667703577,-1.790226067639766
49.0,184.0,1006.7672729492188,-2.751388184920279,-3.0835693193743543,0.7504702103665593,3.627748549005042,-0.3466776384826382,2.280614657360565,-0.7703517965185009,2.481636533693468,-3.5677257667703577,-1.790226067639766
49.0,184.0,1006.7672729492188,-2.7513898394269853,-3.08356932231386,0.7504702103665593,3.627748316505467,-0.3466778829585437,2.280612079077653,-0.7703517964686307,2.481636533693468,-3.5677257667703577,-1.790226067639766
49.0,184.0,1006.7672729492188,-2.751388223257824,-3.083569319341991,0.7504702103665593,3.62774855090556,-0.3466480178536706,2.28061212571107,-0.7703517977957828,2.4816365336934334,-3.5677257667703577,-1.790226067639766
49.0,184.0,1006.7672729492188,-2.751388077310696,-3.0835694134126683,0.7504702103665593,3.627748548793636,-0.3466526465160778,2.280615171948401,-0.7703517971699454,2.4816365336934667,-3.567725766770381,-1.790226067639766
49.0,184.0,1006.7672729492188,-2.75138822566223,-3.0835693187935043,0.7504702103665593,3.627748548754682,-0.3467402575512262,2.280615191566161,-0.7703517971997085,2.4816365336934334,-3.5677257667703577,-1.790226067639766
49.0,184.0,1006.7672729492188,-2.751389850916421,-3.0835693165815763,0.7504702103665593,3.627748550183372,-0.3466505343851936,2.280612079077653,-0.7703517965494596,2.481636533693468,-3.5677257667703577,-1.790226067639766
49.0,184.0,1006.7672729492188,-2.751388395213197,-3.0835693187711115,0.7504702103665593,3.62774854967996,-0.3466754396488745,2.280615191566161,-0.7703517978078779,2.481636533693468,-3.567725766770353,-1.790226067639766
49.0,184.0,1006.7672729492188,-2.751388223473793,-3.083569319341991,0.7504702103665593,3.6277485485420167,-0.3465757770150049,2.280615191566161,-0.7703517978078779,2.481636533693432,-3.5677257667703577,-1.790226067639766
49.0,184.0,1006.7672729492188,-2.7513889419160225,-3.0835693212712942,0.7504702103665593,3.627748558505236,-0.3466754396488745,2.280612566813565,-0.7703517964170788,2.481636533693468,-3.5677257667703364,-1.790226067639766
49.0,184.0,1006.7672729492188,-2.7513884166364657,-3.083569319341991,0.7504702103665593,3.6277485560343807,-0.3466754396488745,2.280615191566161,-0.7703517978078779,2.481636533693468,-3.5677257667703577,-1.790226067639766
49.0,184.0,1006.7672729492188,-2.7513881618534293,-3.083569321410004,0.7504702103665593,3.6277485485420167,-0.3467212956259947,2.280615191566161,-0.7703517964150498,2.481636533693472,-3.5677257667703577,-1.790226067639766
49.0,184.0,1006.7672729492188,-2.7513882099360405,-3.083569322386867,0.7504702103665593,3.627748309580287,-0.3466798427661265,2.280612079077653,-0.7703517964942946,2.481636533693468,-3.5677257667703577,-1.790226067639766
49.0,184.0,1006.7672729492188,-2.751389841005098,-3.0835693187711115,0.7504702103665593,3.62774854967996,-0.3466754396488745,2.2806121348232367,-0.7703517978078779,2.481636533693468,-3.567725766770353,-1.790226067639766
49.0,184.0,1006.7672729492188,-2.751388395213197,-3.083569319341991,0.7504702103665593,3.627748549649332,-0.3466754396488745,2.280615191566161,-0.7703517971621825,2.481636533693468,-3.5677257667703577,-1.790226067639766
49.0,184.0,1006.7672729492188,-2.7513899189003816,-3.083569319293325,0.7504702103665593,3.627748549709601,-0.3466505343851936,2.280612079077653,-0.7703517965494596,2.481636533693468,-3.5677257667703577,-1.790226067639766
49.0,184.0,1006.7672729492188,-2.751389850916421,-3.083569319341991,0.7504702103665593,3.627748313850107,-0.3466754396488745,2.280612079077653,-0.7703517978082991,2.481636533693468,-3.5677257667703577,-1.790226067639766
49.0,184.0,1006.7672729492188,-2.7513882234626,-3.083569319341991,0.7504702103665593,3.627748548671139,-0.3466480178536706,2.28061212571107,-0.7703517978132097,2.4816365336934343,-3.5677257667703577,-1.790226067639766
49.0,184.0,1006.7672729492188,-2.7513881847525843,-3.0835693187935043,0.7504702103665593,3.627748548726629,-0.3467402575512262,2.280614653834242,-0.7703517972102896,2.4816365336934334,-3.5677257667703577,-1.790226067639766
49.0,184.0,1006.7672729492188,-2.7513884166364657,-3.083569319341991,0.7504702103665593,3.627748548414044,-0.3466754396488745,2.280615191566161,-0.7703517978078779,2.481636533693468,-3.567725766770425,-1.790226067639766
49.0,184.0,1006.7672729492188,-2.75138840512452,-3.083569319341991,0.7504702103665593,3.6277485527122697,-0.3466754396488745,2.280615142854721,-0.7703517978082991,2.481636533693435,-3.5677257667703577,-1.790226067639766
49.0,184.0,1006.7672729492188,-2.7513882657598434,-3.0835694206456474,0.7504702103665593,3.6277485496822273,-0.3466776384826382,2.280614657360565,-0.7703517963295463,2.481636533693468,-3.5677257667703577,-1.790226067639766
49.0,184.0,1006.7672729492188,-2.751388395213197,-3.0835693187711115,0.7504702103665593,3.62774854967996,-0.3466900977938008,2.280615191566161,-0.7703517978078779,2.4816365336934347,-3.567725766770353,-1.790226067639766
49.0,184.0,1006.7672729492188,-2.7513883272292365,-3.0835693166302427,0.7504702103665593,3.627748550153633,-0.3466754396488745,2.280615191566161,-0.7703517963491826,2.481636533693468,-3.5677257667703577,-1.790226067639766
49.0,184.0,1006.7672729492188,-2.751388420030537,-3.0835694252528505,0.7504702103665593,3.6277485496516975,-0.3466776384826382,2.280614657360565,-0.7703517978606128,2.481636533693468,-3.5677257667704265,-1.790226067639766
49.0,184.0,1006.7672729492188,-2.751389834877504,-3.0835693193451483,0.7504702103665593,3.627748315688221,-0.3467402575512262,2.2806121424819685,-0.7703517978052403,2.4816365336934334,-3.5677257667703577,-1.790226067639766
49.0,184.0,1006.7672729492188,-2.7513899189003816,-3.083569319293325,0.7504702103665593,3.627748549673312,-0.3466505343851936,2.280612079077653,-0.7703517965494596,2.481636533693435,-3.5677257667703577,-1.790226067639766
49.0,184.0,1006.7672729492188,-2.7513898394269853,-3.08356932231386,0.7504702103665593,3.627748316505467,-0.3466778829585437,2.280612079077653,-0.7703517964686307,2.481636533693468,-3.5677257667703577,-1.790226067639766
49.0,184.0,1006.7672729492188,-2.751389803549728,-3.0835693165815763,0.7504702103665593,3.6277485496628006,-0.3466781309042712,2.280612079077653,-0.7703517963243898,2.481636533693468,-3.5677257667703577,-1.790226067639766
49.0,184.0,1006.7672729492188,-2.7513882497707787,-3.083569319341991,0.7504702103665593,3.6277485496516975,-0.3466776384826382,2.280614657360565,-0.7703517978078779,2.481636533693468,-3.5677257667703577,-1.790226067639766
49.0,184.0,1006.7672729492188,-2.751388223473793,-3.083569319341991,0.7504702103665593,3.6277485485420167,-0.346679868686343,2.280615191566161,-0.7703517978081799,2.4816365336934334,-3.5677257667703577,-1.790226067639766
49.0,184.0,1006.7672729492188,-2.7513883272292365,-3.0835693166302427,0.7504702103665593,3.627748550153633,-0.3466754396488745,2.280615191566161,-0.7703517963491826,2.481636533693468,-3.5677257667703577,-1.790226067639766
49.0,184.0,1006.7672729492188,-2.751388395213197,-3.083569319341991,0.7504702103665593,3.627748549574357,-0.3466754396488745,2.280615191566161,-0.7703517963830834,2.481636533693466,-3.5677257667703577,-1.790226067639766
49.0,184.0,1006.7672729492188,-2.751389850916421,-3.083569319341991,0.7504702103665593,3.627748313850107,-0.3466754396488745,2.280612079077653,-0.7703517978082991,2.481636533693468,-3.5677257667703577,-1.790226067639766
49.0,184.0,1006.7672729492188,-2.7513882650123627,-3.08356932000386,0.7504702103665593,3.6277485496516975,-0.3466798496689723,2.280614388528009,-0.770351796452709,2.481636533693468,-3.5677257667703577,-1.790226067639766
49.0,184.0,1006.7672729492188,-2.7513884166364657,-3.083569319341991,0.7504702103665593,3.627748548414044,-0.3466754396488745,2.280615191566161,-0.7703517978317376,2.481636533693468,-3.567725766770425,-1.790226067639766
49.0,184.0,1006.7672729492188,-2.75138817860013,-3.0835693193405627,0.7504702103665593,3.627748549672036,-0.3467402575512262,2.280614653834242,-0.7703517972102896,2.4816365336934334,-3.5677257667703577,-1.790226067639766
49.0,184.0,1006.7672729492188,-2.751388395213197,-3.083569319341991,0.7504702103665593,3.6277485496798616,-0.3466754396488745,2.280615191566161,-0.7703517977739772,2.481636533693468,-3.5677257667703577,-1.790226067639766
49.0,185.0,1006.2831420898438,-2.6310234628470943,-3.0835693192945484,0.7504702103665593,3.6277485485420167,-0.346679868686343,3.093183202817471,-0.1999936940351184,2.4816365336934334,-3.5677257667703577,-1.790226067639766
49.0,185.0,1006.7672729492188,-2.751388395213197,-3.083569319341991,0.7504702103665593,3.6277485496798616,-0.3466754396488745,2.280615191566161,-0.7703517978078779,2.481636533693468,-3.5677257667703577,-1.790226067639766
49.0,185.0,1006.7672729492188,-2.751389850916421,-3.083569319341991,0.7504702103665593,3.627748313850107,-0.3466754396488745,2.280612079077653,-0.7703517978082991,2.481636533693468,-3.5677257667703577,-1.790226067639766
49.0,185.0,1006.7672729492188,-2.751389850916421,-3.083569319341991,0.7504702103665593,3.6277485527122697,-0.3466754396488745,2.280612086111796,-0.7703517978082991,2.481636533693435,-3.5677257667703577,-1.790226067639766
49.0,185.0,1006.7672729492188,-2.751388395213197,-3.0835693187711115,0.7504702103665593,3.62774854967996,-0.3466754396488745,2.280615191566161,-0.7703517978078779,2.481636533693468,-3.567725766770353,-1.790226067639766
49.0,185.0,1006.7672729492188,-2.751389850916421,-3.08356932231386,0.7504702103665593,3.627748313850107,-0.3466754396488745,2.280612079077653,-0.7703517964686307,2.481636533693468,-3.5677257667703577,-1.790226067639766
49.0,185.0,1006.7672729492188,-2.7513882497707787,-3.083569319341991,0.7504702103665593,3.6277485496516975,-0.3466776384826382,2.280614657360565,-0.7703517978078779,2.481636533693468,-3.5677257667703577,-1.790226067639766
49.0,185.0,1006.7672729492188,-2.751388395213197,-3.083569319341991,0.7504702103665593,3.6277485496798616,-0.3466754396488745,2.280615191566161,-0.7703517963491826,2.481636533693468,-3.5677257667703577,-1.790226067639766
49.0,185.0,1006.7672729492188,-2.7513882657598434,-3.0835694206456474,0.7504702103665593,3.6277485496516975,-0.3466776384826382,2.280614657360565,-0.7703517971425462,2.481636533693468,-3.5677257667703577,-1.790226067639766
49.0,185.0,1006.7672729492188,-2.751388395213197,-3.083569319341991,0.7504702103665593,3.6277485496798616,-0.3466754396488745,2.280615191566161,-0.7703517963830834,2.481636533693468,-3.5677257667703577,-1.790226067639766
49.0,185.0,1006.7672729492188,-2.7513882099360405,-3.083569322386867,0.7504702103665593,3.627748309580287,-0.3466810963802853,2.280612079077653,-0.7703517964942946,2.481636533693468,-3.5677257667703577,-1.790226067639766
49.0,185.0,1006.7672729492188,-2.7513882168710047,-3.083569319341991,0.7504702103665593,3.627748548747327,-0.3466368509504258,2.280615191566161,-0.7703517971914785,2.481636533693468,-3.5677257667703577,-1.790226067639766
49.0,185.0,1006.7672729492188,-2.751388395213197,-3.083569319341991,0.7504702103665593,3.6277485496798616,-0.3466754396488745,2.280615191566161,-0.7703517977739772,2.481636533693468,-3.5677257667703577,-1.790226067639766
49.0,185.0,1006.7672729492188,-2.751388184920279,-3.0835693193743543,0.7504702103665593,3.627748549005042,-0.3466776384826382,2.280614657360565,-0.7703517965185009,2.481636533693468,-3.5677257667703577,-1.790226067639766
49.0,185.0,1006.7672729492188,-2.7513898394269853,-3.08356932231386,0.7504702103665593,3.627748316505467,-0.3466778829585437,2.280612079077653,-0.7703517964686307,2.481636533693468,-3.5677257667703577,-1.790226067639766
49.0,185.0,1006.7672729492188,-2.751388223257824,-3.083569319341991,0.7504702103665593,3.62774855090556,-0.3466480178536706,2.28061212571107,-0.7703517977957828,2.4816365336934334,-3.5677257667703577,-1.790226067639766
49.0,185.0,1006.7672729492188,-2.751388077310696,-3.0835694134126683,0.7504702103665593,3.627748548793636,-0.3466526465160778,2.280615171948401,-0.7703517971699454,2.4816365336934667,-3.567725766770381,-1.790226067639766
49.0,185.0,1006.7672729492188,-2.75138822566223,-3.0835693187935043,0.7504702103665593,3.627748548754682,-0.3467402575512262,2.280615191566161,-0.7703517971997085,2.4816365336934334,-3.5677257667703577,-1.790226067639766
49.0,185.0,1006.7672729492188,-2.751389850916421,-3.0835693165815763,0.7504702103665593,3.627748550183372,-0.3466505343851936,2.280612079077653,-0.7703517965494596,2.481636533693468,-3.5677257667703577,-1.790226067639766
49.0,185.0,1006.7672729492188,-2.751388395213197,-3.0835693187711115,0.7504702103665593,3.62774854967996,-0.3466754396488745,2.280615191566161,-0.7703517978078779,2.481636533693468,-3.567725766770353,-1.790226067639766
49.0,185.0,1006.7672729492188,-2.751388223473793,-3.083569319341991,0.7504702103665593,3.6277485485420167,-0.3465757770150049,2.280615191566161,-0.7703517978078779,2.481636533693432,-3.5677257667703577,-1.790226067639766
49.0,185.0,1006.7672729492188,-2.7513889419160225,-3.0835693212712942,0.7504702103665593,3.627748558505236,-0.3466754396488745,2.280612566813565,-0.7703517964170788,2.481636533693468,-3.5677257667703364,-1.790226067639766
49.0,185.0,1006.7672729492188,-2.7513884166364657,-3.083569319341991,0.7504702103665593,3.6277485560343807,-0.3466754396488745,2.280615191566161,-0.7703517978078779,2.481636533693468,-3.5677257667703577,-1.790226067639766
49.0,185.0,1006.7672729492188,-2.7513881618534293,-3.083569321410004,0.7504702103665593,3.6277485485420167,-0.3467212956259947,2.280615191566161,-0.7703517964150498,2.481636533693472,-3.5677257667703577,-1.790226067639766
49.0,185.0,1006.7672729492188,-2.7513882099360405,-3.083569322386867,0.7504702103665593,3.627748309580287,-0.3466798427661265,2.280612079077653,-0.7703517964942946,2.481636533693468,-3.5677257667703577,-1.790226067639766
49.0,185.0,1006.7672729492188,-2.751389841005098,-3.0835693187711115,0.7504702103665593,3.62774854967996,-0.3466754396488745,2.2806121348232367,-0.7703517978078779,2.481636533693468,-3.567725766770353,-1.790226067639766
49.0,185.0,1006.7672729492188,-2.751388395213197,-3.083569319341991,0.7504702103665593,3.627748549649332,-0.3466754396488745,2.280615191566161,-0.7703517971621825,2.481636533693468,-3.5677257667703577,-1.790226067639766
49.0,185.0,1006.7672729492188,-2.7513899189003816,-3.083569319293325,0.7504702103665593,3.627748549709601,-0.3466505343851936,2.280612079077653,-0.7703517965494596,2.481636533693468,-3.5677257667703577,-1.790226067639766
49.0,185.0,1006.7672729492188,-2.751389850916421,-3.083569319341991,0.7504702103665593,3.627748313850107,-0.3466754396488745,2.280612079077653,-0.7703517978082991,2.481636533693468,-3.5677257667703577,-1.790226067639766
49.0,185.0,1006.7672729492188,-2.7513882234626,-3.083569319341991,0.7504702103665593,3.627748548671139,-0.3466480178536706,2.28061212571107,-0.7703517978132097,2.4816365336934343,-3.5677257667703577,-1.790226067639766
49.0,185.0,1006.7672729492188,-2.7513881847525843,-3.0835693187935043,0.7504702103665593,3.627748548726629,-0.3467402575512262,2.280614653834242,-0.7703517972102896,2.4816365336934334,-3.5677257667703577,-1.790226067639766
49.0,185.0,1006.7672729492188,-2.7513884166364657,-3.083569319341991,0.7504702103665593,3.627748548414044,-0.3466754396488745,2.280615191566161,-0.7703517978078779,2.481636533693468,-3.567725766770425,-1.790226067639766
49.0,185.0,1006.7672729492188,-2.75138840512452,-3.083569319341991,0.7504702103665593,3.6277485527122697,-0.3466754396488745,2.280615142854721,-0.7703517978082991,2.481636533693435,-3.5677257667703577,-1.790226067639766
49.0,185.0,1006.7672729492188,-2.7513882657598434,-3.0835694206456474,0.7504702103665593,3.6277485496822273,-0.3466776384826382,2.280614657360565,-0.7703517963295463,2.481636533693468,-3.5677257667703577,-1.790226067639766
49.0,185.0,1006.7672729492188,-2.751388395213197,-3.0835693187711115,0.7504702103665593,3.62774854967996,-0.3466900977938008,2.280615191566161,-0.7703517978078779,2.4816365336934347,-3.567725766770353,-1.790226067639766
49.0,185.0,1006.7672729492188,-2.7513883272292365,-3.0835693166302427,0.7504702103665593,3.627748550153633,-0.3466754396488745,2.280615191566161,-0.7703517963491826,2.481636533693468,-3.5677257667703577,-1.790226067639766
49.0,185.0,1006.7672729492188,-2.751388420030537,-3.0835694252528505,0.7504702103665593,3.6277485496516975,-0.3466776384826382,2.280614657360565,-0.7703517978606128,2.481636533693468,-3.5677257667704265,-1.790226067639766
49.0,185.0,1006.7672729492188,-2.751389834877504,-3.0835693193451483,0.7504702103665593,3.627748315688221,-0.3467402575512262,2.2806121424819685,-0.7703517978052403,2.4816365336934334,-3.5677257667703577,-1.790226067639766
49.0,185.0,1006.7672729492188,-2.7513899189003816,-3.083569319293325,0.7504702103665593,3.627748549673312,-0.3466505343851936,2.280612079077653,-0.7703517965494596,2.481636533693435,-3.5677257667703577,-1.790226067639766
49.0,185.0,1006.7672729492188,-2.7513898394269853,-3.08356932231386,0.7504702103665593,3.627748316505467,-0.3466778829585437,2.280612079077653,-0.7703517964686307,2.481636533693468,-3.5677257667703577,-1.790226067639766
49.0,185.0,1006.7672729492188,-2.751389803549728,-3.0835693165815763,0.7504702103665593,3.6277485496628006,-0.3466781309042712,2.280612079077653,-0.7703517963243898,2.481636533693468,-3.5677257667703577,-1.790226067639766
49.0,185.0,1006.7672729492188,-2.7513882497707787,-3.083569319341991,0.7504702103665593,3.6277485496516975,-0.3466776384826382,2.280614657360565,-0.7703517978078779,2.481636533693468,-3.5677257667703577,-1.790226067639766
49.0,185.0,1006.7672729492188,-2.751388223473793,-3.083569319341991,0.7504702103665593,3.6277485485420167,-0.346679868686343,2.280615191566161,-0.7703517978081799,2.4816365336934334,-3.5677257667703577,-1.790226067639766
49.0,185.0,1006.7672729492188,-2.7513883272292365,-3.0835693166302427,0.7504702103665593,3.627748550153633,-0.3466754396488745,2.280615191566161,-0.7703517963491826,2.481636533693468,-3.5677257667703577,-1.790226067639766
49.0,185.0,1006.7672729492188,-2.751388395213197,-3.083569319341991,0.7504702103665593,3.627748549574357,-0.3466754396488745,2.280615191566161,-0.7703517963830834,2.481636533693466,-3.5677257667703577,-1.790226067639766
49.0,185.0,1006.7672729492188,-2.751389850916421,-3.083569319341991,0.7504702103665593,3.627748313850107,-0.3466754396488745,2.280612079077653,-0.7703517978082991,2.481636533693468,-3.5677257667703577,-1.790226067639766
49.0,185.0,1006.7672729492188,-2.7513882650123627,-3.08356932000386,0.7504702103665593,3.6277485496516975,-0.3466798496689723,2.280614388528009,-0.770351796452709,2.481636533693468,-3.5677257667703577,-1.790226067639766
49.0,185.0,1006.7672729492188,-2.7513884166364657,-3.083569319341991,0.7504702103665593,3.627748548414044,-0.3466754396488745,2.280615191566161,-0.7703517978317376,2.481636533693468,-3.567725766770425,-1.790226067639766
49.0,185.0,1006.7672729492188,-2.75138817860013,-3.0835693193405627,0.7504702103665593,3.627748549672036,-0.3467402575512262,2.280614653834242,-0.7703517972102896,2.4816365336934334,-3.5677257667703577,-1.790226067639766
49.0,185.0,1006.7672729492188,-2.751388395213197,-3.083569319341991,0.7504702103665593,3.6277485496798616,-0.3466754396488745,2.280615191566161,-0.7703517977739772,2.481636533693468,-3.5677257667703577,-1.790226067639766
49.0,186.0,1005.5615234375,-2.629955408346797,-3.083569319343921,0.7504702103665593,3.6277485485420167,-0.3466798679779577,3.068182605210061,-0.168960223311108,2.481636533693465,-3.5677257667703577,-1.790226067639766
49.0,186.0,1006.2831420898438,-2.6310234628470943,-3.0835693192945484,0.7504702103665593,3.6277485485420167,-0.346679868686343,3.093183202817471,-0.1999936940351184,2.4816365336934334,-3.5677257667703577,-1.790226067639766
49.0,186.0,1006.7672729492188,-2.751388395213197,-3.083569319341991,0.7504702103665593,3.6277485496798616,-0.3466754396488745,2.280615191566161,-0.7703517978078779,2.481636533693468,-3.5677257667703577,-1.790226067639766
49.0,186.0,1006.7672729492188,-2.751389850916421,-3.083569319341991,0.7504702103665593,3.627748313850107,-0.3466754396488745,2.280612079077653,-0.7703517978082991,2.481636533693468,-3.5677257667703577,-1.790226067639766
49.0,186.0,1006.7672729492188,-2.751389850916421,-3.083569319341991,0.7504702103665593,3.6277485527122697,-0.3466754396488745,2.280612086111796,-0.7703517978082991,2.481636533693435,-3.5677257667703577,-1.790226067639766
49.0,186.0,1006.7672729492188,-2.751388395213197,-3.0835693187711115,0.7504702103665593,3.62774854967996,-0.3466754396488745,2.280615191566161,-0.7703517978078779,2.481636533693468,-3.567725766770353,-1.790226067639766
49.0,186.0,1006.7672729492188,-2.751389850916421,-3.08356932231386,0.7504702103665593,3.627748313850107,-0.3466754396488745,2.280612079077653,-0.7703517964686307,2.481636533693468,-3.5677257667703577,-1.790226067639766
49.0,186.0,1006.7672729492188,-2.7513882497707787,-3.083569319341991,0.7504702103665593,3.6277485496516975,-0.3466776384826382,2.280614657360565,-0.7703517978078779,2.481636533693468,-3.5677257667703577,-1.790226067639766
49.0,186.0,1006.7672729492188,-2.751388395213197,-3.083569319341991,0.7504702103665593,3.6277485496798616,-0.3466754396488745,2.280615191566161,-0.7703517963491826,2.481636533693468,-3.5677257667703577,-1.790226067639766
49.0,186.0,1006.7672729492188,-2.7513882657598434,-3.0835694206456474,0.7504702103665593,3.6277485496516975,-0.3466776384826382,2.280614657360565,-0.7703517971425462,2.481636533693468,-3.5677257667703577,-1.790226067639766
49.0,186.0,1006.7672729492188,-2.751388395213197,-3.083569319341991,0.7504702103665593,3.6277485496798616,-0.3466754396488745,2.280615191566161,-0.7703517963830834,2.481636533693468,-3.5677257667703577,-1.790226067639766
49.0,186.0,1006.7672729492188,-2.7513882099360405,-3.083569322386867,0.7504702103665593,3.627748309580287,-0.3466810963802853,2.280612079077653,-0.7703517964942946,2.481636533693468,-3.5677257667703577,-1.790226067639766
49.0,186.0,1006.7672729492188,-2.7513882168710047,-3.083569319341991,0.7504702103665593,3.627748548747327,-0.3466368509504258,2.280615191566161,-0.7703517971914785,2.481636533693468,-3.5677257667703577,-1.790226067639766
49.0,186.0,1006.7672729492188,-2.751388395213197,-3.083569319341991,0.7504702103665593,3.6277485496798616,-0.3466754396488745,2.280615191566161,-0.7703517977739772,2.481636533693468,-3.5677257667703577,-1.790226067639766
49.0,186.0,1006.7672729492188,-2.751388184920279,-3.0835693193743543,0.7504702103665593,3.627748549005042,-0.3466776384826382,2.280614657360565,-0.7703517965185009,2.481636533693468,-3.5677257667703577,-1.790226067639766
49.0,186.0,1006.7672729492188,-2.7513898394269853,-3.08356932231386,0.7504702103665593,3.627748316505467,-0.3466778829585437,2.280612079077653,-0.7703517964686307,2.481636533693468,-3.5677257667703577,-1.790226067639766
49.0,186.0,1006.7672729492188,-2.751388223257824,-3.083569319341991,0.7504702103665593,3.62774855090556,-0.3466480178536706,2.28061212571107,-0.7703517977957828,2.4816365336934334,-3.5677257667703577,-1.790226067639766
49.0,186.0,1006.7672729492188,-2.751388077310696,-3.0835694134126683,0.7504702103665593,3.627748548793636,-0.3466526465160778,2.280615171948401,-0.7703517971699454,2.4816365336934667,-3.567725766770381,-1.790226067639766
49.0,186.0,1006.7672729492188,-2.75138822566223,-3.0835693187935043,0.7504702103665593,3.627748548754682,-0.3467402575512262,2.280615191566161,-0.7703517971997085,2.4816365336934334,-3.5677257667703577,-1.790226067639766
49.0,186.0,1006.7672729492188,-2.751389850916421,-3.0835693165815763,0.7504702103665593,3.627748550183372,-0.3466505343851936,2.280612079077653,-0.7703517965494596,2.481636533693468,-3.5677257667703577,-1.790226067639766
49.0,186.0,1006.7672729492188,-2.751388395213197,-3.0835693187711115,0.7504702103665593,3.62774854967996,-0.3466754396488745,2.280615191566161,-0.7703517978078779,2.481636533693468,-3.567725766770353,-1.790226067639766
49.0,186.0,1006.7672729492188,-2.751388223473793,-3.083569319341991,0.7504702103665593,3.6277485485420167,-0.3465757770150049,2.280615191566161,-0.7703517978078779,2.481636533693432,-3.5677257667703577,-1.790226067639766
49.0,186.0,1006.7672729492188,-2.7513889419160225,-3.0835693212712942,0.7504702103665593,3.627748558505236,-0.3466754396488745,2.280612566813565,-0.7703517964170788,2.481636533693468,-3.5677257667703364,-1.790226067639766
49.0,186.0,1006.7672729492188,-2.7513884166364657,-3.083569319341991,0.7504702103665593,3.6277485560343807,-0.3466754396488745,2.280615191566161,-0.7703517978078779,2.481636533693468,-3.5677257667703577,-1.790226067639766
49.0,186.0,1006.7672729492188,-2.7513881618534293,-3.083569321410004,0.7504702103665593,3.6277485485420167,-0.3467212956259947,2.280615191566161,-0.7703517964150498,2.481636533693472,-3.5677257667703577,-1.790226067639766
49.0,186.0,1006.7672729492188,-2.7513882099360405,-3.083569322386867,0.7504702103665593,3.627748309580287,-0.3466798427661265,2.280612079077653,-0.7703517964942946,2.481636533693468,-3.5677257667703577,-1.790226067639766
49.0,186.0,1006.7672729492188,-2.751389841005098,-3.0835693187711115,0.7504702103665593,3.62774854967996,-0.3466754396488745,2.2806121348232367,-0.7703517978078779,2.481636533693468,-3.567725766770353,-1.790226067639766
49.0,186.0,1006.7672729492188,-2.751388395213197,-3.083569319341991,0.7504702103665593,3.627748549649332,-0.3466754396488745,2.280615191566161,-0.7703517971621825,2.481636533693468,-3.5677257667703577,-1.790226067639766
49.0,186.0,1006.7672729492188,-2.7513899189003816,-3.083569319293325,0.7504702103665593,3.627748549709601,-0.3466505343851936,2.280612079077653,-0.7703517965494596,2.481636533693468,-3.5677257667703577,-1.790226067639766
49.0,186.0,1006.7672729492188,-2.751389850916421,-3.083569319341991,0.7504702103665593,3.627748313850107,-0.3466754396488745,2.280612079077653,-0.7703517978082991,2.481636533693468,-3.5677257667703577,-1.790226067639766
49.0,186.0,1006.7672729492188,-2.7513882234626,-3.083569319341991,0.7504702103665593,3.627748548671139,-0.3466480178536706,2.28061212571107,-0.7703517978132097,2.4816365336934343,-3.5677257667703577,-1.790226067639766
49.0,186.0,1006.7672729492188,-2.7513881847525843,-3.0835693187935043,0.7504702103665593,3.627748548726629,-0.3467402575512262,2.280614653834242,-0.7703517972102896,2.4816365336934334,-3.5677257667703577,-1.790226067639766
49.0,186.0,1006.7672729492188,-2.7513884166364657,-3.083569319341991,0.7504702103665593,3.627748548414044,-0.3466754396488745,2.280615191566161,-0.7703517978078779,2.481636533693468,-3.567725766770425,-1.790226067639766
49.0,186.0,1006.7672729492188,-2.75138840512452,-3.083569319341991,0.7504702103665593,3.6277485527122697,-0.3466754396488745,2.280615142854721,-0.7703517978082991,2.481636533693435,-3.5677257667703577,-1.790226067639766
49.0,186.0,1006.7672729492188,-2.7513882657598434,-3.0835694206456474,0.7504702103665593,3.6277485496822273,-0.3466776384826382,2.280614657360565,-0.7703517963295463,2.481636533693468,-3.5677257667703577,-1.790226067639766
49.0,186.0,1006.7672729492188,-2.751388395213197,-3.0835693187711115,0.7504702103665593,3.62774854967996,-0.3466900977938008,2.280615191566161,-0.7703517978078779,2.4816365336934347,-3.567725766770353,-1.790226067639766
49.0,186.0,1006.7672729492188,-2.7513883272292365,-3.0835693166302427,0.7504702103665593,3.627748550153633,-0.3466754396488745,2.280615191566161,-0.7703517963491826,2.481636533693468,-3.5677257667703577,-1.790226067639766
49.0,186.0,1006.7672729492188,-2.751388420030537,-3.0835694252528505,0.7504702103665593,3.6277485496516975,-0.3466776384826382,2.280614657360565,-0.7703517978606128,2.481636533693468,-3.5677257667704265,-1.790226067639766
49.0,186.0,1006.7672729492188,-2.751389834877504,-3.0835693193451483,0.7504702103665593,3.627748315688221,-0.3467402575512262,2.2806121424819685,-0.7703517978052403,2.4816365336934334,-3.5677257667703577,-1.790226067639766
49.0,186.0,1006.7672729492188,-2.7513899189003816,-3.083569319293325,0.7504702103665593,3.627748549673312,-0.3466505343851936,2.280612079077653,-0.7703517965494596,2.481636533693435,-3.5677257667703577,-1.790226067639766
49.0,186.0,1006.7672729492188,-2.7513898394269853,-3.08356932231386,0.7504702103665593,3.627748316505467,-0.3466778829585437,2.280612079077653,-0.7703517964686307,2.481636533693468,-3.5677257667703577,-1.790226067639766
49.0,186.0,1006.7672729492188,-2.751389803549728,-3.0835693165815763,0.7504702103665593,3.6277485496628006,-0.3466781309042712,2.280612079077653,-0.7703517963243898,2.481636533693468,-3.5677257667703577,-1.790226067639766
49.0,186.0,1006.7672729492188,-2.7513882497707787,-3.083569319341991,0.7504702103665593,3.6277485496516975,-0.3466776384826382,2.280614657360565,-0.7703517978078779,2.481636533693468,-3.5677257667703577,-1.790226067639766
49.0,186.0,1006.7672729492188,-2.751388223473793,-3.083569319341991,0.7504702103665593,3.6277485485420167,-0.346679868686343,2.280615191566161,-0.7703517978081799,2.4816365336934334,-3.5677257667703577,-1.790226067639766
49.0,186.0,1006.7672729492188,-2.7513883272292365,-3.0835693166302427,0.7504702103665593,3.627748550153633,-0.3466754396488745,2.280615191566161,-0.7703517963491826,2.481636533693468,-3.5677257667703577,-1.790226067639766
49.0,186.0,1006.7672729492188,-2.751388395213197,-3.083569319341991,0.7504702103665593,3.627748549574357,-0.3466754396488745,2.280615191566161,-0.7703517963830834,2.481636533693466,-3.5677257667703577,-1.790226067639766
49.0,186.0,1006.7672729492188,-2.751389850916421,-3.083569319341991,0.7504702103665593,3.627748313850107,-0.3466754396488745,2.280612079077653,-0.7703517978082991,2.481636533693468,-3.5677257667703577,-1.790226067639766
49.0,186.0,1006.7672729492188,-2.7513882650123627,-3.08356932000386,0.7504702103665593,3.6277485496516975,-0.3466798496689723,2.280614388528009,-0.770351796452709,2.481636533693468,-3.5677257667703577,-1.790226067639766
49.0,186.0,1006.7672729492188,-2.7513884166364657,-3.083569319341991,0.7504702103665593,3.627748548414044,-0.3466754396488745,2.280615191566161,-0.7703517978317376,2.481636533693468,-3.567725766770425,-1.790226067639766
49.0,186.0,1006.7672729492188,-2.75138817860013,-3.0835693193405627,0.7504702103665593,3.627748549672036,-0.3467402575512262,2.280614653834242,-0.7703517972102896,2.4816365336934334,-3.5677257667703577,-1.790226067639766
49.0,187.0,1005.5615234375,-2.629955408346797,-3.083569319343921,0.7504702103665593,3.6277485485420167,-0.3466798679779577,3.068182605210061,-0.168960223311108,2.481636533693465,-3.5677257667703577,-1.790226067639766
49.0,187.0,1006.2831420898438,-2.6310234628470943,-3.0835693192945484,0.7504702103665593,3.6277485485420167,-0.346679868686343,3.093183202817471,-0.1999936940351184,2.4816365336934334,-3.5677257667703577,-1.790226067639766
49.0,187.0,1006.4521484375,-2.629955408346797,-3.083569319343921,0.7504702103665593,3.6277485485420167,-0.3466798679779577,3.068182605210061,-0.1609461487394564,2.481636533693465,-3.5677257667703577,-1.737790995835828
49.0,187.0,1006.7672729492188,-2.751388395213197,-3.083569319341991,0.7504702103665593,3.6277485496798616,-0.3466754396488745,2.280615191566161,-0.7703517978078779,2.481636533693468,-3.5677257667703577,-1.790226067639766
49.0,187.0,1006.7672729492188,-2.751389850916421,-3.083569319341991,0.7504702103665593,3.627748313850107,-0.3466754396488745,2.280612079077653,-0.7703517978082991,2.481636533693468,-3.5677257667703577,-1.790226067639766
49.0,187.0,1006.7672729492188,-2.751389850916421,-3.083569319341991,0.7504702103665593,3.6277485527122697,-0.3466754396488745,2.280612086111796,-0.7703517978082991,2.481636533693435,-3.5677257667703577,-1.790226067639766
49.0,187.0,1006.7672729492188,-2.751388395213197,-3.0835693187711115,0.7504702103665593,3.62774854967996,-0.3466754396488745,2.280615191566161,-0.7703517978078779,2.481636533693468,-3.567725766770353,-1.790226067639766
49.0,187.0,1006.7672729492188,-2.751389850916421,-3.08356932231386,0.7504702103665593,3.627748313850107,-0.3466754396488745,2.280612079077653,-0.7703517964686307,2.481636533693468,-3.5677257667703577,-1.790226067639766
49.0,187.0,1006.7672729492188,-2.7513882497707787,-3.083569319341991,0.7504702103665593,3.6277485496516975,-0.3466776384826382,2.280614657360565,-0.7703517978078779,2.481636533693468,-3.5677257667703577,-1.790226067639766
49.0,187.0,1006.7672729492188,-2.751388395213197,-3.083569319341991,0.7504702103665593,3.6277485496798616,-0.3466754396488745,2.280615191566161,-0.7703517963491826,2.481636533693468,-3.5677257667703577,-1.790226067639766
49.0,187.0,1006.7672729492188,-2.7513882657598434,-3.0835694206456474,0.7504702103665593,3.6277485496516975,-0.3466776384826382,2.280614657360565,-0.7703517971425462,2.481636533693468,-3.5677257667703577,-1.790226067639766
49.0,187.0,1006.7672729492188,-2.751388395213197,-3.083569319341991,0.7504702103665593,3.6277485496798616,-0.3466754396488745,2.280615191566161,-0.7703517963830834,2.481636533693468,-3.5677257667703577,-1.790226067639766
49.0,187.0,1006.7672729492188,-2.7513882099360405,-3.083569322386867,0.7504702103665593,3.627748309580287,-0.3466810963802853,2.280612079077653,-0.7703517964942946,2.481636533693468,-3.5677257667703577,-1.790226067639766
49.0,187.0,1006.7672729492188,-2.7513882168710047,-3.083569319341991,0.7504702103665593,3.627748548747327,-0.3466368509504258,2.280615191566161,-0.7703517971914785,2.481636533693468,-3.5677257667703577,-1.790226067639766
49.0,187.0,1006.7672729492188,-2.751388395213197,-3.083569319341991,0.7504702103665593,3.6277485496798616,-0.3466754396488745,2.280615191566161,-0.7703517977739772,2.481636533693468,-3.5677257667703577,-1.790226067639766
49.0,187.0,1006.7672729492188,-2.751388184920279,-3.0835693193743543,0.7504702103665593,3.627748549005042,-0.3466776384826382,2.280614657360565,-0.7703517965185009,2.481636533693468,-3.5677257667703577,-1.790226067639766
49.0,187.0,1006.7672729492188,-2.7513898394269853,-3.08356932231386,0.7504702103665593,3.627748316505467,-0.3466778829585437,2.280612079077653,-0.7703517964686307,2.481636533693468,-3.5677257667703577,-1.790226067639766
49.0,187.0,1006.7672729492188,-2.751388223257824,-3.083569319341991,0.7504702103665593,3.62774855090556,-0.3466480178536706,2.28061212571107,-0.7703517977957828,2.4816365336934334,-3.5677257667703577,-1.790226067639766
49.0,187.0,1006.7672729492188,-2.751388077310696,-3.0835694134126683,0.7504702103665593,3.627748548793636,-0.3466526465160778,2.280615171948401,-0.7703517971699454,2.4816365336934667,-3.567725766770381,-1.790226067639766
49.0,187.0,1006.7672729492188,-2.75138822566223,-3.0835693187935043,0.7504702103665593,3.627748548754682,-0.3467402575512262,2.280615191566161,-0.7703517971997085,2.4816365336934334,-3.5677257667703577,-1.790226067639766
49.0,187.0,1006.7672729492188,-2.751389850916421,-3.0835693165815763,0.7504702103665593,3.627748550183372,-0.3466505343851936,2.280612079077653,-0.7703517965494596,2.481636533693468,-3.5677257667703577,-1.790226067639766
49.0,187.0,1006.7672729492188,-2.751388395213197,-3.0835693187711115,0.7504702103665593,3.62774854967996,-0.3466754396488745,2.280615191566161,-0.7703517978078779,2.481636533693468,-3.567725766770353,-1.790226067639766
49.0,187.0,1006.7672729492188,-2.751388223473793,-3.083569319341991,0.7504702103665593,3.6277485485420167,-0.3465757770150049,2.280615191566161,-0.7703517978078779,2.481636533693432,-3.5677257667703577,-1.790226067639766
49.0,187.0,1006.7672729492188,-2.7513889419160225,-3.0835693212712942,0.7504702103665593,3.627748558505236,-0.3466754396488745,2.280612566813565,-0.7703517964170788,2.481636533693468,-3.5677257667703364,-1.790226067639766
49.0,187.0,1006.7672729492188,-2.7513884166364657,-3.083569319341991,0.7504702103665593,3.6277485560343807,-0.3466754396488745,2.280615191566161,-0.7703517978078779,2.481636533693468,-3.5677257667703577,-1.790226067639766
49.0,187.0,1006.7672729492188,-2.7513881618534293,-3.083569321410004,0.7504702103665593,3.6277485485420167,-0.3467212956259947,2.280615191566161,-0.7703517964150498,2.481636533693472,-3.5677257667703577,-1.790226067639766
49.0,187.0,1006.7672729492188,-2.7513882099360405,-3.083569322386867,0.7504702103665593,3.627748309580287,-0.3466798427661265,2.280612079077653,-0.7703517964942946,2.481636533693468,-3.5677257667703577,-1.790226067639766
49.0,187.0,1006.7672729492188,-2.751389841005098,-3.0835693187711115,0.7504702103665593,3.62774854967996,-0.3466754396488745,2.2806121348232367,-0.7703517978078779,2.481636533693468,-3.567725766770353,-1.790226067639766
49.0,187.0,1006.7672729492188,-2.751388395213197,-3.083569319341991,0.7504702103665593,3.627748549649332,-0.3466754396488745,2.280615191566161,-0.7703517971621825,2.481636533693468,-3.5677257667703577,-1.790226067639766
49.0,187.0,1006.7672729492188,-2.7513899189003816,-3.083569319293325,0.7504702103665593,3.627748549709601,-0.3466505343851936,2.280612079077653,-0.7703517965494596,2.481636533693468,-3.5677257667703577,-1.790226067639766
49.0,187.0,1006.7672729492188,-2.751389850916421,-3.083569319341991,0.7504702103665593,3.627748313850107,-0.3466754396488745,2.280612079077653,-0.7703517978082991,2.481636533693468,-3.5677257667703577,-1.790226067639766
49.0,187.0,1006.7672729492188,-2.7513882234626,-3.083569319341991,0.7504702103665593,3.627748548671139,-0.3466480178536706,2.28061212571107,-0.7703517978132097,2.4816365336934343,-3.5677257667703577,-1.790226067639766
49.0,187.0,1006.7672729492188,-2.7513881847525843,-3.0835693187935043,0.7504702103665593,3.627748548726629,-0.3467402575512262,2.280614653834242,-0.7703517972102896,2.4816365336934334,-3.5677257667703577,-1.790226067639766
49.0,187.0,1006.7672729492188,-2.7513884166364657,-3.083569319341991,0.7504702103665593,3.627748548414044,-0.3466754396488745,2.280615191566161,-0.7703517978078779,2.481636533693468,-3.567725766770425,-1.790226067639766
49.0,187.0,1006.7672729492188,-2.75138840512452,-3.083569319341991,0.7504702103665593,3.6277485527122697,-0.3466754396488745,2.280615142854721,-0.7703517978082991,2.481636533693435,-3.5677257667703577,-1.790226067639766
49.0,187.0,1006.7672729492188,-2.7513882657598434,-3.0835694206456474,0.7504702103665593,3.6277485496822273,-0.3466776384826382,2.280614657360565,-0.7703517963295463,2.481636533693468,-3.5677257667703577,-1.790226067639766
49.0,187.0,1006.7672729492188,-2.751388395213197,-3.0835693187711115,0.7504702103665593,3.62774854967996,-0.3466900977938008,2.280615191566161,-0.7703517978078779,2.4816365336934347,-3.567725766770353,-1.790226067639766
49.0,187.0,1006.7672729492188,-2.7513883272292365,-3.0835693166302427,0.7504702103665593,3.627748550153633,-0.3466754396488745,2.280615191566161,-0.7703517963491826,2.481636533693468,-3.5677257667703577,-1.790226067639766
49.0,187.0,1006.7672729492188,-2.751388420030537,-3.0835694252528505,0.7504702103665593,3.6277485496516975,-0.3466776384826382,2.280614657360565,-0.7703517978606128,2.481636533693468,-3.5677257667704265,-1.790226067639766
49.0,187.0,1006.7672729492188,-2.751389834877504,-3.0835693193451483,0.7504702103665593,3.627748315688221,-0.3467402575512262,2.2806121424819685,-0.7703517978052403,2.4816365336934334,-3.5677257667703577,-1.790226067639766
49.0,187.0,1006.7672729492188,-2.7513899189003816,-3.083569319293325,0.7504702103665593,3.627748549673312,-0.3466505343851936,2.280612079077653,-0.7703517965494596,2.481636533693435,-3.5677257667703577,-1.790226067639766
49.0,187.0,1006.7672729492188,-2.7513898394269853,-3.08356932231386,0.7504702103665593,3.627748316505467,-0.3466778829585437,2.280612079077653,-0.7703517964686307,2.481636533693468,-3.5677257667703577,-1.790226067639766
49.0,187.0,1006.7672729492188,-2.751389803549728,-3.0835693165815763,0.7504702103665593,3.6277485496628006,-0.3466781309042712,2.280612079077653,-0.7703517963243898,2.481636533693468,-3.5677257667703577,-1.790226067639766
49.0,187.0,1006.7672729492188,-2.7513882497707787,-3.083569319341991,0.7504702103665593,3.6277485496516975,-0.3466776384826382,2.280614657360565,-0.7703517978078779,2.481636533693468,-3.5677257667703577,-1.790226067639766
49.0,187.0,1006.7672729492188,-2.751388223473793,-3.083569319341991,0.7504702103665593,3.6277485485420167,-0.346679868686343,2.280615191566161,-0.7703517978081799,2.4816365336934334,-3.5677257667703577,-1.790226067639766
49.0,187.0,1006.7672729492188,-2.7513883272292365,-3.0835693166302427,0.7504702103665593,3.627748550153633,-0.3466754396488745,2.280615191566161,-0.7703517963491826,2.481636533693468,-3.5677257667703577,-1.790226067639766
49.0,187.0,1006.7672729492188,-2.751388395213197,-3.083569319341991,0.7504702103665593,3.627748549574357,-0.3466754396488745,2.280615191566161,-0.7703517963830834,2.481636533693466,-3.5677257667703577,-1.790226067639766
49.0,187.0,1006.7672729492188,-2.751389850916421,-3.083569319341991,0.7504702103665593,3.627748313850107,-0.3466754396488745,2.280612079077653,-0.7703517978082991,2.481636533693468,-3.5677257667703577,-1.790226067639766
49.0,187.0,1006.7672729492188,-2.7513882650123627,-3.08356932000386,0.7504702103665593,3.6277485496516975,-0.3466798496689723,2.280614388528009,-0.770351796452709,2.481636533693468,-3.5677257667703577,-1.790226067639766
49.0,187.0,1006.7672729492188,-2.7513884166364657,-3.083569319341991,0.7504702103665593,3.627748548414044,-0.3466754396488745,2.280615191566161,-0.7703517978317376,2.481636533693468,-3.567725766770425,-1.790226067639766
49.0,188.0,1005.5615234375,-2.629955408346797,-3.083569319343921,0.7504702103665593,3.6277485485420167,-0.3466798679779577,3.068182605210061,-0.168960223311108,2.481636533693465,-3.5677257667703577,-1.790226067639766
49.0,188.0,1006.2831420898438,-2.6310234628470943,-3.0835693192945484,0.7504702103665593,3.6277485485420167,-0.346679868686343,3.093183202817471,-0.1999936940351184,2.4816365336934334,-3.5677257667703577,-1.790226067639766
49.0,188.0,1006.4521484375,-2.629955408346797,-3.083569319343921,0.7504702103665593,3.6277485485420167,-0.3466798679779577,3.068182605210061,-0.1609461487394564,2.481636533693465,-3.5677257667703577,-1.737790995835828
49.0,188.0,1006.7672729492188,-2.751388395213197,-3.083569319341991,0.7504702103665593,3.6277485496798616,-0.3466754396488745,2.280615191566161,-0.7703517978078779,2.481636533693468,-3.5677257667703577,-1.790226067639766
49.0,188.0,1006.7672729492188,-2.751389850916421,-3.083569319341991,0.7504702103665593,3.627748313850107,-0.3466754396488745,2.280612079077653,-0.7703517978082991,2.481636533693468,-3.5677257667703577,-1.790226067639766
49.0,188.0,1006.7672729492188,-2.751389850916421,-3.083569319341991,0.7504702103665593,3.6277485527122697,-0.3466754396488745,2.280612086111796,-0.7703517978082991,2.481636533693435,-3.5677257667703577,-1.790226067639766
49.0,188.0,1006.7672729492188,-2.751388395213197,-3.0835693187711115,0.7504702103665593,3.62774854967996,-0.3466754396488745,2.280615191566161,-0.7703517978078779,2.481636533693468,-3.567725766770353,-1.790226067639766
49.0,188.0,1006.7672729492188,-2.751389850916421,-3.08356932231386,0.7504702103665593,3.627748313850107,-0.3466754396488745,2.280612079077653,-0.7703517964686307,2.481636533693468,-3.5677257667703577,-1.790226067639766
49.0,188.0,1006.7672729492188,-2.7513882497707787,-3.083569319341991,0.7504702103665593,3.6277485496516975,-0.3466776384826382,2.280614657360565,-0.7703517978078779,2.481636533693468,-3.5677257667703577,-1.790226067639766
49.0,188.0,1006.7672729492188,-2.751388395213197,-3.083569319341991,0.7504702103665593,3.6277485496798616,-0.3466754396488745,2.280615191566161,-0.7703517963491826,2.481636533693468,-3.5677257667703577,-1.790226067639766
49.0,188.0,1006.7672729492188,-2.7513882657598434,-3.0835694206456474,0.7504702103665593,3.6277485496516975,-0.3466776384826382,2.280614657360565,-0.7703517971425462,2.481636533693468,-3.5677257667703577,-1.790226067639766
49.0,188.0,1006.7672729492188,-2.751388395213197,-3.083569319341991,0.7504702103665593,3.6277485496798616,-0.3466754396488745,2.280615191566161,-0.7703517963830834,2.481636533693468,-3.5677257667703577,-1.790226067639766
49.0,188.0,1006.7672729492188,-2.7513882099360405,-3.083569322386867,0.7504702103665593,3.627748309580287,-0.3466810963802853,2.280612079077653,-0.7703517964942946,2.481636533693468,-3.5677257667703577,-1.790226067639766
49.0,188.0,1006.7672729492188,-2.7513882168710047,-3.083569319341991,0.7504702103665593,3.627748548747327,-0.3466368509504258,2.280615191566161,-0.7703517971914785,2.481636533693468,-3.5677257667703577,-1.790226067639766
49.0,188.0,1006.7672729492188,-2.751388395213197,-3.083569319341991,0.7504702103665593,3.6277485496798616,-0.3466754396488745,2.280615191566161,-0.7703517977739772,2.481636533693468,-3.5677257667703577,-1.790226067639766
49.0,188.0,1006.7672729492188,-2.751388184920279,-3.0835693193743543,0.7504702103665593,3.627748549005042,-0.3466776384826382,2.280614657360565,-0.7703517965185009,2.481636533693468,-3.5677257667703577,-1.790226067639766
49.0,188.0,1006.7672729492188,-2.7513898394269853,-3.08356932231386,0.7504702103665593,3.627748316505467,-0.3466778829585437,2.280612079077653,-0.7703517964686307,2.481636533693468,-3.5677257667703577,-1.790226067639766
49.0,188.0,1006.7672729492188,-2.751388223257824,-3.083569319341991,0.7504702103665593,3.62774855090556,-0.3466480178536706,2.28061212571107,-0.7703517977957828,2.4816365336934334,-3.5677257667703577,-1.790226067639766
49.0,188.0,1006.7672729492188,-2.751388077310696,-3.0835694134126683,0.7504702103665593,3.627748548793636,-0.3466526465160778,2.280615171948401,-0.7703517971699454,2.4816365336934667,-3.567725766770381,-1.790226067639766
49.0,188.0,1006.7672729492188,-2.75138822566223,-3.0835693187935043,0.7504702103665593,3.627748548754682,-0.3467402575512262,2.280615191566161,-0.7703517971997085,2.4816365336934334,-3.5677257667703577,-1.790226067639766
49.0,188.0,1006.7672729492188,-2.751389850916421,-3.0835693165815763,0.7504702103665593,3.627748550183372,-0.3466505343851936,2.280612079077653,-0.7703517965494596,2.481636533693468,-3.5677257667703577,-1.790226067639766
49.0,188.0,1006.7672729492188,-2.751388395213197,-3.0835693187711115,0.7504702103665593,3.62774854967996,-0.3466754396488745,2.280615191566161,-0.7703517978078779,2.481636533693468,-3.567725766770353,-1.790226067639766
49.0,188.0,1006.7672729492188,-2.751388223473793,-3.083569319341991,0.7504702103665593,3.6277485485420167,-0.3465757770150049,2.280615191566161,-0.7703517978078779,2.481636533693432,-3.5677257667703577,-1.790226067639766
49.0,188.0,1006.7672729492188,-2.7513889419160225,-3.0835693212712942,0.7504702103665593,3.627748558505236,-0.3466754396488745,2.280612566813565,-0.7703517964170788,2.481636533693468,-3.5677257667703364,-1.790226067639766
49.0,188.0,1006.7672729492188,-2.7513884166364657,-3.083569319341991,0.7504702103665593,3.6277485560343807,-0.3466754396488745,2.280615191566161,-0.7703517978078779,2.481636533693468,-3.5677257667703577,-1.790226067639766
49.0,188.0,1006.7672729492188,-2.7513881618534293,-3.083569321410004,0.7504702103665593,3.6277485485420167,-0.3467212956259947,2.280615191566161,-0.7703517964150498,2.481636533693472,-3.5677257667703577,-1.790226067639766
49.0,188.0,1006.7672729492188,-2.7513882099360405,-3.083569322386867,0.7504702103665593,3.627748309580287,-0.3466798427661265,2.280612079077653,-0.7703517964942946,2.481636533693468,-3.5677257667703577,-1.790226067639766
49.0,188.0,1006.7672729492188,-2.751389841005098,-3.0835693187711115,0.7504702103665593,3.62774854967996,-0.3466754396488745,2.2806121348232367,-0.7703517978078779,2.481636533693468,-3.567725766770353,-1.790226067639766
49.0,188.0,1006.7672729492188,-2.751388395213197,-3.083569319341991,0.7504702103665593,3.627748549649332,-0.3466754396488745,2.280615191566161,-0.7703517971621825,2.481636533693468,-3.5677257667703577,-1.790226067639766
49.0,188.0,1006.7672729492188,-2.7513899189003816,-3.083569319293325,0.7504702103665593,3.627748549709601,-0.3466505343851936,2.280612079077653,-0.7703517965494596,2.481636533693468,-3.5677257667703577,-1.790226067639766
49.0,188.0,1006.7672729492188,-2.751389850916421,-3.083569319341991,0.7504702103665593,3.627748313850107,-0.3466754396488745,2.280612079077653,-0.7703517978082991,2.481636533693468,-3.5677257667703577,-1.790226067639766
49.0,188.0,1006.7672729492188,-2.7513882234626,-3.083569319341991,0.7504702103665593,3.627748548671139,-0.3466480178536706,2.28061212571107,-0.7703517978132097,2.4816365336934343,-3.5677257667703577,-1.790226067639766
49.0,188.0,1006.7672729492188,-2.7513881847525843,-3.0835693187935043,0.7504702103665593,3.627748548726629,-0.3467402575512262,2.280614653834242,-0.7703517972102896,2.4816365336934334,-3.5677257667703577,-1.790226067639766
49.0,188.0,1006.7672729492188,-2.7513884166364657,-3.083569319341991,0.7504702103665593,3.627748548414044,-0.3466754396488745,2.280615191566161,-0.7703517978078779,2.481636533693468,-3.567725766770425,-1.790226067639766
49.0,188.0,1006.7672729492188,-2.75138840512452,-3.083569319341991,0.7504702103665593,3.6277485527122697,-0.3466754396488745,2.280615142854721,-0.7703517978082991,2.481636533693435,-3.5677257667703577,-1.790226067639766
49.0,188.0,1006.7672729492188,-2.7513882657598434,-3.0835694206456474,0.7504702103665593,3.6277485496822273,-0.3466776384826382,2.280614657360565,-0.7703517963295463,2.481636533693468,-3.5677257667703577,-1.790226067639766
49.0,188.0,1006.7672729492188,-2.751388395213197,-3.0835693187711115,0.7504702103665593,3.62774854967996,-0.3466900977938008,2.280615191566161,-0.7703517978078779,2.4816365336934347,-3.567725766770353,-1.790226067639766
49.0,188.0,1006.7672729492188,-2.7513883272292365,-3.0835693166302427,0.7504702103665593,3.627748550153633,-0.3466754396488745,2.280615191566161,-0.7703517963491826,2.481636533693468,-3.5677257667703577,-1.790226067639766
49.0,188.0,1006.7672729492188,-2.751388420030537,-3.0835694252528505,0.7504702103665593,3.6277485496516975,-0.3466776384826382,2.280614657360565,-0.7703517978606128,2.481636533693468,-3.5677257667704265,-1.790226067639766
49.0,188.0,1006.7672729492188,-2.751389834877504,-3.0835693193451483,0.7504702103665593,3.627748315688221,-0.3467402575512262,2.2806121424819685,-0.7703517978052403,2.4816365336934334,-3.5677257667703577,-1.790226067639766
49.0,188.0,1006.7672729492188,-2.7513899189003816,-3.083569319293325,0.7504702103665593,3.627748549673312,-0.3466505343851936,2.280612079077653,-0.7703517965494596,2.481636533693435,-3.5677257667703577,-1.790226067639766
49.0,188.0,1006.7672729492188,-2.7513898394269853,-3.08356932231386,0.7504702103665593,3.627748316505467,-0.3466778829585437,2.280612079077653,-0.7703517964686307,2.481636533693468,-3.5677257667703577,-1.790226067639766
49.0,188.0,1006.7672729492188,-2.751389803549728,-3.0835693165815763,0.7504702103665593,3.6277485496628006,-0.3466781309042712,2.280612079077653,-0.7703517963243898,2.481636533693468,-3.5677257667703577,-1.790226067639766
49.0,188.0,1006.7672729492188,-2.7513882497707787,-3.083569319341991,0.7504702103665593,3.6277485496516975,-0.3466776384826382,2.280614657360565,-0.7703517978078779,2.481636533693468,-3.5677257667703577,-1.790226067639766
49.0,188.0,1006.7672729492188,-2.751388223473793,-3.083569319341991,0.7504702103665593,3.6277485485420167,-0.346679868686343,2.280615191566161,-0.7703517978081799,2.4816365336934334,-3.5677257667703577,-1.790226067639766
49.0,188.0,1006.7672729492188,-2.7513883272292365,-3.0835693166302427,0.7504702103665593,3.627748550153633,-0.3466754396488745,2.280615191566161,-0.7703517963491826,2.481636533693468,-3.5677257667703577,-1.790226067639766
49.0,188.0,1006.7672729492188,-2.751388395213197,-3.083569319341991,0.7504702103665593,3.627748549574357,-0.3466754396488745,2.280615191566161,-0.7703517963830834,2.481636533693466,-3.5677257667703577,-1.790226067639766
49.0,188.0,1006.7672729492188,-2.751389850916421,-3.083569319341991,0.7504702103665593,3.627748313850107,-0.3466754396488745,2.280612079077653,-0.7703517978082991,2.481636533693468,-3.5677257667703577,-1.790226067639766
49.0,188.0,1006.7672729492188,-2.7513882650123627,-3.08356932000386,0.7504702103665593,3.6277485496516975,-0.3466798496689723,2.280614388528009,-0.770351796452709,2.481636533693468,-3.5677257667703577,-1.790226067639766
49.0,188.0,1006.7672729492188,-2.7513884166364657,-3.083569319341991,0.7504702103665593,3.627748548414044,-0.3466754396488745,2.280615191566161,-0.7703517978317376,2.481636533693468,-3.567725766770425,-1.790226067639766
49.0,189.0,1005.4281005859376,-2.629955408346797,-3.083569319343921,0.7504702103665593,3.627748546839281,-0.3466798678630431,3.068182605210061,-0.1729918782532187,2.481636533693465,-3.5677257667703577,-1.790226067639766
49.0,189.0,1005.5615234375,-2.629955408346797,-3.083569319343921,0.7504702103665593,3.6277485485420167,-0.3466798679779577,3.068182605210061,-0.168960223311108,2.481636533693465,-3.5677257667703577,-1.790226067639766
49.0,189.0,1006.2831420898438,-2.6310234628470943,-3.0835693192945484,0.7504702103665593,3.6277485485420167,-0.346679868686343,3.093183202817471,-0.1999936940351184,2.4816365336934334,-3.5677257667703577,-1.790226067639766
49.0,189.0,1006.3239135742188,-2.6338244206963544,-3.083569319343921,0.7504702103665593,3.627748549682009,-0.3466798679779577,3.068182605210061,-0.1854906469490012,2.481636533693465,-3.5677257667703577,-1.737790995835828
49.0,189.0,1006.4521484375,-2.629955408346797,-3.083569319343921,0.7504702103665593,3.6277485485420167,-0.3466798679779577,3.068182605210061,-0.1609461487394564,2.481636533693465,-3.5677257667703577,-1.737790995835828
49.0,189.0,1006.5112915039062,-2.6310234628470943,-3.0835693193749503,0.7504702103665593,3.6277485485420167,-0.3466776037413772,3.093183202817471,-0.2167987044184635,2.4816365336934334,-3.5677257667703577,-1.790226067639766
49.0,189.0,1006.7645874023438,-2.7525215409620394,-3.0835694252528505,0.7504702103665593,3.6277485496516975,-0.3466776384826382,2.280614657360565,-0.7703517978606128,2.481636533693468,-3.567725766770426,-1.790226067639766
49.0,189.0,1006.7672729492188,-2.751388395213197,-3.083569319341991,0.7504702103665593,3.6277485496798616,-0.3466754396488745,2.280615191566161,-0.7703517978078779,2.481636533693468,-3.5677257667703577,-1.790226067639766
49.0,189.0,1006.7672729492188,-2.751389850916421,-3.083569319341991,0.7504702103665593,3.627748313850107,-0.3466754396488745,2.280612079077653,-0.7703517978082991,2.481636533693468,-3.5677257667703577,-1.790226067639766
49.0,189.0,1006.7672729492188,-2.751389850916421,-3.083569319341991,0.7504702103665593,3.6277485527122697,-0.3466754396488745,2.280612086111796,-0.7703517978082991,2.481636533693435,-3.5677257667703577,-1.790226067639766
49.0,189.0,1006.7672729492188,-2.751388395213197,-3.0835693187711115,0.7504702103665593,3.62774854967996,-0.3466754396488745,2.280615191566161,-0.7703517978078779,2.481636533693468,-3.567725766770353,-1.790226067639766
49.0,189.0,1006.7672729492188,-2.751389850916421,-3.08356932231386,0.7504702103665593,3.627748313850107,-0.3466754396488745,2.280612079077653,-0.7703517964686307,2.481636533693468,-3.5677257667703577,-1.790226067639766
49.0,189.0,1006.7672729492188,-2.7513882497707787,-3.083569319341991,0.7504702103665593,3.6277485496516975,-0.3466776384826382,2.280614657360565,-0.7703517978078779,2.481636533693468,-3.5677257667703577,-1.790226067639766
49.0,189.0,1006.7672729492188,-2.751388395213197,-3.083569319341991,0.7504702103665593,3.6277485496798616,-0.3466754396488745,2.280615191566161,-0.7703517963491826,2.481636533693468,-3.5677257667703577,-1.790226067639766
49.0,189.0,1006.7672729492188,-2.7513882657598434,-3.0835694206456474,0.7504702103665593,3.6277485496516975,-0.3466776384826382,2.280614657360565,-0.7703517971425462,2.481636533693468,-3.5677257667703577,-1.790226067639766
49.0,189.0,1006.7672729492188,-2.751388395213197,-3.083569319341991,0.7504702103665593,3.6277485496798616,-0.3466754396488745,2.280615191566161,-0.7703517963830834,2.481636533693468,-3.5677257667703577,-1.790226067639766
49.0,189.0,1006.7672729492188,-2.7513882099360405,-3.083569322386867,0.7504702103665593,3.627748309580287,-0.3466810963802853,2.280612079077653,-0.7703517964942946,2.481636533693468,-3.5677257667703577,-1.790226067639766
49.0,189.0,1006.7672729492188,-2.7513882168710047,-3.083569319341991,0.7504702103665593,3.627748548747327,-0.3466368509504258,2.280615191566161,-0.7703517971914785,2.481636533693468,-3.5677257667703577,-1.790226067639766
49.0,189.0,1006.7672729492188,-2.751388395213197,-3.083569319341991,0.7504702103665593,3.6277485496798616,-0.3466754396488745,2.280615191566161,-0.7703517977739772,2.481636533693468,-3.5677257667703577,-1.790226067639766
49.0,189.0,1006.7672729492188,-2.751388184920279,-3.0835693193743543,0.7504702103665593,3.627748549005042,-0.3466776384826382,2.280614657360565,-0.7703517965185009,2.481636533693468,-3.5677257667703577,-1.790226067639766
49.0,189.0,1006.7672729492188,-2.7513898394269853,-3.08356932231386,0.7504702103665593,3.627748316505467,-0.3466778829585437,2.280612079077653,-0.7703517964686307,2.481636533693468,-3.5677257667703577,-1.790226067639766
49.0,189.0,1006.7672729492188,-2.751388223257824,-3.083569319341991,0.7504702103665593,3.62774855090556,-0.3466480178536706,2.28061212571107,-0.7703517977957828,2.4816365336934334,-3.5677257667703577,-1.790226067639766
49.0,189.0,1006.7672729492188,-2.751388077310696,-3.0835694134126683,0.7504702103665593,3.627748548793636,-0.3466526465160778,2.280615171948401,-0.7703517971699454,2.4816365336934667,-3.567725766770381,-1.790226067639766
49.0,189.0,1006.7672729492188,-2.75138822566223,-3.0835693187935043,0.7504702103665593,3.627748548754682,-0.3467402575512262,2.280615191566161,-0.7703517971997085,2.4816365336934334,-3.5677257667703577,-1.790226067639766
49.0,189.0,1006.7672729492188,-2.751389850916421,-3.0835693165815763,0.7504702103665593,3.627748550183372,-0.3466505343851936,2.280612079077653,-0.7703517965494596,2.481636533693468,-3.5677257667703577,-1.790226067639766
49.0,189.0,1006.7672729492188,-2.751388395213197,-3.0835693187711115,0.7504702103665593,3.62774854967996,-0.3466754396488745,2.280615191566161,-0.7703517978078779,2.481636533693468,-3.567725766770353,-1.790226067639766
49.0,189.0,1006.7672729492188,-2.751388223473793,-3.083569319341991,0.7504702103665593,3.6277485485420167,-0.3465757770150049,2.280615191566161,-0.7703517978078779,2.481636533693432,-3.5677257667703577,-1.790226067639766
49.0,189.0,1006.7672729492188,-2.7513889419160225,-3.0835693212712942,0.7504702103665593,3.627748558505236,-0.3466754396488745,2.280612566813565,-0.7703517964170788,2.481636533693468,-3.5677257667703364,-1.790226067639766
49.0,189.0,1006.7672729492188,-2.7513884166364657,-3.083569319341991,0.7504702103665593,3.6277485560343807,-0.3466754396488745,2.280615191566161,-0.7703517978078779,2.481636533693468,-3.5677257667703577,-1.790226067639766
49.0,189.0,1006.7672729492188,-2.7513881618534293,-3.083569321410004,0.7504702103665593,3.6277485485420167,-0.3467212956259947,2.280615191566161,-0.7703517964150498,2.481636533693472,-3.5677257667703577,-1.790226067639766
49.0,189.0,1006.7672729492188,-2.7513882099360405,-3.083569322386867,0.7504702103665593,3.627748309580287,-0.3466798427661265,2.280612079077653,-0.7703517964942946,2.481636533693468,-3.5677257667703577,-1.790226067639766
49.0,189.0,1006.7672729492188,-2.751389841005098,-3.0835693187711115,0.7504702103665593,3.62774854967996,-0.3466754396488745,2.2806121348232367,-0.7703517978078779,2.481636533693468,-3.567725766770353,-1.790226067639766
49.0,189.0,1006.7672729492188,-2.751388395213197,-3.083569319341991,0.7504702103665593,3.627748549649332,-0.3466754396488745,2.280615191566161,-0.7703517971621825,2.481636533693468,-3.5677257667703577,-1.790226067639766
49.0,189.0,1006.7672729492188,-2.7513899189003816,-3.083569319293325,0.7504702103665593,3.627748549709601,-0.3466505343851936,2.280612079077653,-0.7703517965494596,2.481636533693468,-3.5677257667703577,-1.790226067639766
49.0,189.0,1006.7672729492188,-2.751389850916421,-3.083569319341991,0.7504702103665593,3.627748313850107,-0.3466754396488745,2.280612079077653,-0.7703517978082991,2.481636533693468,-3.5677257667703577,-1.790226067639766
49.0,189.0,1006.7672729492188,-2.7513882234626,-3.083569319341991,0.7504702103665593,3.627748548671139,-0.3466480178536706,2.28061212571107,-0.7703517978132097,2.4816365336934343,-3.5677257667703577,-1.790226067639766
49.0,189.0,1006.7672729492188,-2.7513881847525843,-3.0835693187935043,0.7504702103665593,3.627748548726629,-0.3467402575512262,2.280614653834242,-0.7703517972102896,2.4816365336934334,-3.5677257667703577,-1.790226067639766
49.0,189.0,1006.7672729492188,-2.7513884166364657,-3.083569319341991,0.7504702103665593,3.627748548414044,-0.3466754396488745,2.280615191566161,-0.7703517978078779,2.481636533693468,-3.567725766770425,-1.790226067639766
49.0,189.0,1006.7672729492188,-2.75138840512452,-3.083569319341991,0.7504702103665593,3.6277485527122697,-0.3466754396488745,2.280615142854721,-0.7703517978082991,2.481636533693435,-3.5677257667703577,-1.790226067639766
49.0,189.0,1006.7672729492188,-2.7513882657598434,-3.0835694206456474,0.7504702103665593,3.6277485496822273,-0.3466776384826382,2.280614657360565,-0.7703517963295463,2.481636533693468,-3.5677257667703577,-1.790226067639766
49.0,189.0,1006.7672729492188,-2.751388395213197,-3.0835693187711115,0.7504702103665593,3.62774854967996,-0.3466900977938008,2.280615191566161,-0.7703517978078779,2.4816365336934347,-3.567725766770353,-1.790226067639766
49.0,189.0,1006.7672729492188,-2.7513883272292365,-3.0835693166302427,0.7504702103665593,3.627748550153633,-0.3466754396488745,2.280615191566161,-0.7703517963491826,2.481636533693468,-3.5677257667703577,-1.790226067639766
49.0,189.0,1006.7672729492188,-2.751388420030537,-3.0835694252528505,0.7504702103665593,3.6277485496516975,-0.3466776384826382,2.280614657360565,-0.7703517978606128,2.481636533693468,-3.5677257667704265,-1.790226067639766
49.0,189.0,1006.7672729492188,-2.751389834877504,-3.0835693193451483,0.7504702103665593,3.627748315688221,-0.3467402575512262,2.2806121424819685,-0.7703517978052403,2.4816365336934334,-3.5677257667703577,-1.790226067639766
49.0,189.0,1006.7672729492188,-2.7513899189003816,-3.083569319293325,0.7504702103665593,3.627748549673312,-0.3466505343851936,2.280612079077653,-0.7703517965494596,2.481636533693435,-3.5677257667703577,-1.790226067639766
49.0,189.0,1006.7672729492188,-2.7513898394269853,-3.08356932231386,0.7504702103665593,3.627748316505467,-0.3466778829585437,2.280612079077653,-0.7703517964686307,2.481636533693468,-3.5677257667703577,-1.790226067639766
49.0,189.0,1006.7672729492188,-2.751389803549728,-3.0835693165815763,0.7504702103665593,3.6277485496628006,-0.3466781309042712,2.280612079077653,-0.7703517963243898,2.481636533693468,-3.5677257667703577,-1.790226067639766
49.0,189.0,1006.7672729492188,-2.7513882497707787,-3.083569319341991,0.7504702103665593,3.6277485496516975,-0.3466776384826382,2.280614657360565,-0.7703517978078779,2.481636533693468,-3.5677257667703577,-1.790226067639766
49.0,189.0,1006.7672729492188,-2.751388223473793,-3.083569319341991,0.7504702103665593,3.6277485485420167,-0.346679868686343,2.280615191566161,-0.7703517978081799,2.4816365336934334,-3.5677257667703577,-1.790226067639766
49.0,189.0,1006.7672729492188,-2.7513883272292365,-3.0835693166302427,0.7504702103665593,3.627748550153633,-0.3466754396488745,2.280615191566161,-0.7703517963491826,2.481636533693468,-3.5677257667703577,-1.790226067639766
49.0,190.0,1005.4281005859376,-2.629955408346797,-3.083569319343921,0.7504702103665593,3.627748546839281,-0.3466798678630431,3.068182605210061,-0.1729918782532187,2.481636533693465,-3.5677257667703577,-1.790226067639766
49.0,190.0,1005.4281005859376,-2.629955408346797,-3.083569319343921,0.7504702103665593,3.627748546839281,-0.3466478814864103,3.068182605210061,-0.1729918782532187,2.481636533693465,-3.5677257667703577,-1.790226067639766
49.0,190.0,1005.5615234375,-2.629955408346797,-3.083569319343921,0.7504702103665593,3.6277485485420167,-0.3466798679779577,3.068182605210061,-0.168960223311108,2.481636533693465,-3.5677257667703577,-1.790226067639766
49.0,190.0,1006.2831420898438,-2.6310234628470943,-3.0835693192945484,0.7504702103665593,3.6277485485420167,-0.346679868686343,3.093183202817471,-0.1999936940351184,2.4816365336934334,-3.5677257667703577,-1.790226067639766
49.0,190.0,1006.299072265625,-2.619647824534112,-3.083569319343921,0.7504702103665593,3.627748536689527,-0.3466798679779577,3.068182605210061,-0.1609461487394564,2.481636533693465,-3.5677257667703577,-1.7394140472302242
49.0,190.0,1006.3239135742188,-2.6338244206963544,-3.083569319343921,0.7504702103665593,3.627748549682009,-0.3466798679779577,3.068182605210061,-0.1854906469490012,2.481636533693465,-3.5677257667703577,-1.737790995835828
49.0,190.0,1006.4521484375,-2.629955408346797,-3.083569319343921,0.7504702103665593,3.6277485485420167,-0.3466798679779577,3.068182605210061,-0.1609461487394564,2.481636533693465,-3.5677257667703577,-1.737790995835828
49.0,190.0,1006.5108032226562,-2.629414178703751,-3.0835693193749503,0.7504702103665593,3.6277485485420167,-0.3466541405009649,3.093183202817471,-0.2167987044184635,2.4816365336934325,-3.5677257667703577,-1.790226067639766
49.0,190.0,1006.5112915039062,-2.6310234628470943,-3.0835693193749503,0.7504702103665593,3.6277485485420167,-0.3466776037413772,3.093183202817471,-0.2167987044184635,2.4816365336934334,-3.5677257667703577,-1.790226067639766
49.0,190.0,1006.5112915039062,-2.6310234628470943,-3.0835693193422777,0.7504702103665593,3.6277485485420167,-0.3466776037413772,3.093183202817471,-0.2167987044184635,2.4816365336934334,-3.56772576677036,-1.790226067639766
49.0,190.0,1006.7609252929688,-2.75565826036283,-3.083569319341991,0.7504702103665593,3.627748549679832,-0.3466799294984825,2.280615191566161,-0.770870925703693,2.481636533693468,-3.5677257667703577,-1.7919298630031104
49.0,190.0,1006.7637939453124,-2.752997361454039,-3.0835694134126683,0.7504702103665593,3.627748548793636,-0.34667610975649,2.280615171948401,-0.7703517971699454,2.481636533693468,-3.567725766770381,-1.790226067639766
49.0,190.0,1006.7645874023438,-2.7525215409620394,-3.0835694252528505,0.7504702103665593,3.6277485496516975,-0.3466776384826382,2.280614657360565,-0.7703517978606128,2.481636533693468,-3.567725766770426,-1.790226067639766
49.0,190.0,1006.7672729492188,-2.751388395213197,-3.083569319341991,0.7504702103665593,3.6277485496798616,-0.3466754396488745,2.280615191566161,-0.7703517978078779,2.481636533693468,-3.5677257667703577,-1.790226067639766
49.0,190.0,1006.7672729492188,-2.751389850916421,-3.083569319341991,0.7504702103665593,3.627748313850107,-0.3466754396488745,2.280612079077653,-0.7703517978082991,2.481636533693468,-3.5677257667703577,-1.790226067639766
49.0,190.0,1006.7672729492188,-2.751389850916421,-3.083569319341991,0.7504702103665593,3.6277485527122697,-0.3466754396488745,2.280612086111796,-0.7703517978082991,2.481636533693435,-3.5677257667703577,-1.790226067639766
49.0,190.0,1006.7672729492188,-2.751388395213197,-3.0835693187711115,0.7504702103665593,3.62774854967996,-0.3466754396488745,2.280615191566161,-0.7703517978078779,2.481636533693468,-3.567725766770353,-1.790226067639766
49.0,190.0,1006.7672729492188,-2.751389850916421,-3.08356932231386,0.7504702103665593,3.627748313850107,-0.3466754396488745,2.280612079077653,-0.7703517964686307,2.481636533693468,-3.5677257667703577,-1.790226067639766
49.0,190.0,1006.7672729492188,-2.7513882497707787,-3.083569319341991,0.7504702103665593,3.6277485496516975,-0.3466776384826382,2.280614657360565,-0.7703517978078779,2.481636533693468,-3.5677257667703577,-1.790226067639766
49.0,190.0,1006.7672729492188,-2.751388395213197,-3.083569319341991,0.7504702103665593,3.6277485496798616,-0.3466754396488745,2.280615191566161,-0.7703517963491826,2.481636533693468,-3.5677257667703577,-1.790226067639766
49.0,190.0,1006.7672729492188,-2.7513882657598434,-3.0835694206456474,0.7504702103665593,3.6277485496516975,-0.3466776384826382,2.280614657360565,-0.7703517971425462,2.481636533693468,-3.5677257667703577,-1.790226067639766
49.0,190.0,1006.7672729492188,-2.751388395213197,-3.083569319341991,0.7504702103665593,3.6277485496798616,-0.3466754396488745,2.280615191566161,-0.7703517963830834,2.481636533693468,-3.5677257667703577,-1.790226067639766
49.0,190.0,1006.7672729492188,-2.7513882099360405,-3.083569322386867,0.7504702103665593,3.627748309580287,-0.3466810963802853,2.280612079077653,-0.7703517964942946,2.481636533693468,-3.5677257667703577,-1.790226067639766
49.0,190.0,1006.7672729492188,-2.7513882168710047,-3.083569319341991,0.7504702103665593,3.627748548747327,-0.3466368509504258,2.280615191566161,-0.7703517971914785,2.481636533693468,-3.5677257667703577,-1.790226067639766
49.0,190.0,1006.7672729492188,-2.751388395213197,-3.083569319341991,0.7504702103665593,3.6277485496798616,-0.3466754396488745,2.280615191566161,-0.7703517977739772,2.481636533693468,-3.5677257667703577,-1.790226067639766
49.0,190.0,1006.7672729492188,-2.751388184920279,-3.0835693193743543,0.7504702103665593,3.627748549005042,-0.3466776384826382,2.280614657360565,-0.7703517965185009,2.481636533693468,-3.5677257667703577,-1.790226067639766
49.0,190.0,1006.7672729492188,-2.7513898394269853,-3.08356932231386,0.7504702103665593,3.627748316505467,-0.3466778829585437,2.280612079077653,-0.7703517964686307,2.481636533693468,-3.5677257667703577,-1.790226067639766
49.0,190.0,1006.7672729492188,-2.751388223257824,-3.083569319341991,0.7504702103665593,3.62774855090556,-0.3466480178536706,2.28061212571107,-0.7703517977957828,2.4816365336934334,-3.5677257667703577,-1.790226067639766
49.0,190.0,1006.7672729492188,-2.751388077310696,-3.0835694134126683,0.7504702103665593,3.627748548793636,-0.3466526465160778,2.280615171948401,-0.7703517971699454,2.4816365336934667,-3.567725766770381,-1.790226067639766
49.0,190.0,1006.7672729492188,-2.75138822566223,-3.0835693187935043,0.7504702103665593,3.627748548754682,-0.3467402575512262,2.280615191566161,-0.7703517971997085,2.4816365336934334,-3.5677257667703577,-1.790226067639766
49.0,190.0,1006.7672729492188,-2.751389850916421,-3.0835693165815763,0.7504702103665593,3.627748550183372,-0.3466505343851936,2.280612079077653,-0.7703517965494596,2.481636533693468,-3.5677257667703577,-1.790226067639766
49.0,190.0,1006.7672729492188,-2.751388395213197,-3.0835693187711115,0.7504702103665593,3.62774854967996,-0.3466754396488745,2.280615191566161,-0.7703517978078779,2.481636533693468,-3.567725766770353,-1.790226067639766
49.0,190.0,1006.7672729492188,-2.751388223473793,-3.083569319341991,0.7504702103665593,3.6277485485420167,-0.3465757770150049,2.280615191566161,-0.7703517978078779,2.481636533693432,-3.5677257667703577,-1.790226067639766
49.0,190.0,1006.7672729492188,-2.7513889419160225,-3.0835693212712942,0.7504702103665593,3.627748558505236,-0.3466754396488745,2.280612566813565,-0.7703517964170788,2.481636533693468,-3.5677257667703364,-1.790226067639766
49.0,190.0,1006.7672729492188,-2.7513884166364657,-3.083569319341991,0.7504702103665593,3.6277485560343807,-0.3466754396488745,2.280615191566161,-0.7703517978078779,2.481636533693468,-3.5677257667703577,-1.790226067639766
49.0,190.0,1006.7672729492188,-2.7513881618534293,-3.083569321410004,0.7504702103665593,3.6277485485420167,-0.3467212956259947,2.280615191566161,-0.7703517964150498,2.481636533693472,-3.5677257667703577,-1.790226067639766
49.0,190.0,1006.7672729492188,-2.7513882099360405,-3.083569322386867,0.7504702103665593,3.627748309580287,-0.3466798427661265,2.280612079077653,-0.7703517964942946,2.481636533693468,-3.5677257667703577,-1.790226067639766
49.0,190.0,1006.7672729492188,-2.751389841005098,-3.0835693187711115,0.7504702103665593,3.62774854967996,-0.3466754396488745,2.2806121348232367,-0.7703517978078779,2.481636533693468,-3.567725766770353,-1.790226067639766
49.0,190.0,1006.7672729492188,-2.751388395213197,-3.083569319341991,0.7504702103665593,3.627748549649332,-0.3466754396488745,2.280615191566161,-0.7703517971621825,2.481636533693468,-3.5677257667703577,-1.790226067639766
49.0,190.0,1006.7672729492188,-2.7513899189003816,-3.083569319293325,0.7504702103665593,3.627748549709601,-0.3466505343851936,2.280612079077653,-0.7703517965494596,2.481636533693468,-3.5677257667703577,-1.790226067639766
49.0,190.0,1006.7672729492188,-2.751389850916421,-3.083569319341991,0.7504702103665593,3.627748313850107,-0.3466754396488745,2.280612079077653,-0.7703517978082991,2.481636533693468,-3.5677257667703577,-1.790226067639766
49.0,190.0,1006.7672729492188,-2.7513882234626,-3.083569319341991,0.7504702103665593,3.627748548671139,-0.3466480178536706,2.28061212571107,-0.7703517978132097,2.4816365336934343,-3.5677257667703577,-1.790226067639766
49.0,190.0,1006.7672729492188,-2.7513881847525843,-3.0835693187935043,0.7504702103665593,3.627748548726629,-0.3467402575512262,2.280614653834242,-0.7703517972102896,2.4816365336934334,-3.5677257667703577,-1.790226067639766
49.0,190.0,1006.7672729492188,-2.7513884166364657,-3.083569319341991,0.7504702103665593,3.627748548414044,-0.3466754396488745,2.280615191566161,-0.7703517978078779,2.481636533693468,-3.567725766770425,-1.790226067639766
49.0,190.0,1006.7672729492188,-2.75138840512452,-3.083569319341991,0.7504702103665593,3.6277485527122697,-0.3466754396488745,2.280615142854721,-0.7703517978082991,2.481636533693435,-3.5677257667703577,-1.790226067639766
49.0,190.0,1006.7672729492188,-2.7513882657598434,-3.0835694206456474,0.7504702103665593,3.6277485496822273,-0.3466776384826382,2.280614657360565,-0.7703517963295463,2.481636533693468,-3.5677257667703577,-1.790226067639766
49.0,190.0,1006.7672729492188,-2.751388395213197,-3.0835693187711115,0.7504702103665593,3.62774854967996,-0.3466900977938008,2.280615191566161,-0.7703517978078779,2.4816365336934347,-3.567725766770353,-1.790226067639766
49.0,190.0,1006.7672729492188,-2.7513883272292365,-3.0835693166302427,0.7504702103665593,3.627748550153633,-0.3466754396488745,2.280615191566161,-0.7703517963491826,2.481636533693468,-3.5677257667703577,-1.790226067639766
49.0,190.0,1006.7672729492188,-2.751388420030537,-3.0835694252528505,0.7504702103665593,3.6277485496516975,-0.3466776384826382,2.280614657360565,-0.7703517978606128,2.481636533693468,-3.5677257667704265,-1.790226067639766
49.0,190.0,1006.7672729492188,-2.751389834877504,-3.0835693193451483,0.7504702103665593,3.627748315688221,-0.3467402575512262,2.2806121424819685,-0.7703517978052403,2.4816365336934334,-3.5677257667703577,-1.790226067639766
49.0,191.0,1005.4281005859376,-2.629955408346797,-3.083569319343921,0.7504702103665593,3.627748546839281,-0.3466798678630431,3.068182605210061,-0.1729918782532187,2.481636533693465,-3.5677257667703577,-1.790226067639766
49.0,191.0,1005.4281005859376,-2.629955408346797,-3.083569319343921,0.7504702103665593,3.627748546839281,-0.3466478814864103,3.068182605210061,-0.1729918782532187,2.481636533693465,-3.5677257667703577,-1.790226067639766
49.0,191.0,1005.5615234375,-2.629955408346797,-3.083569319343921,0.7504702103665593,3.6277485485420167,-0.3466798679779577,3.068182605210061,-0.168960223311108,2.481636533693465,-3.5677257667703577,-1.790226067639766
49.0,191.0,1005.5615234375,-2.629955408346797,-3.083569319343921,0.7504702103665593,3.6277485485420167,-0.3466798679779577,3.068182605210061,-0.168960223311108,2.481636533693465,-3.5677257667703577,-1.790226067639766
49.0,191.0,1005.761962890625,-2.392887571736543,-3.083569319343921,0.7504702103665593,3.627748549382977,-0.3466798679779577,3.068182605210061,-0.1609461487394564,2.481636533693465,-3.5677257667703577,-1.7394140472302242
49.0,191.0,1005.8048095703124,-2.629955408346797,-3.083569319343921,0.7504702103665593,3.6277485485420167,-0.3466798679779577,3.068182605210061,-0.1608857624501103,2.481636533693465,-3.5677257667703577,-1.790226067639766
49.0,191.0,1005.8644409179688,-2.6338244206963544,-3.083569319344025,0.7504702103665593,3.627748549682009,-0.3466798730438536,3.068182605210061,-0.2034744264650901,2.4259795565480617,-3.5677257667704256,-1.7382419856135485
49.0,191.0,1006.0159912109376,-2.6310234628470943,-3.083569318768396,0.7504702103665593,3.6277485485420167,-0.3466754702100215,3.086939615766214,-0.2092878311350413,2.4816365336934663,-3.5677257667703577,-1.790226067639766
49.0,191.0,1006.2831420898438,-2.6310234628470943,-3.0835693192945484,0.7504702103665593,3.6277485485420167,-0.346679868686343,3.093183202817471,-0.1999936940351184,2.4816365336934334,-3.5677257667703577,-1.790226067639766
49.0,191.0,1006.299072265625,-2.619647824534112,-3.083569319343921,0.7504702103665593,3.627748536689527,-0.3466798679779577,3.068182605210061,-0.1609461487394564,2.481636533693465,-3.5677257667703577,-1.7394140472302242
49.0,191.0,1006.3239135742188,-2.6338244206963544,-3.083569319343921,0.7504702103665593,3.627748549682009,-0.3466798679779577,3.068182605210061,-0.1854906469490012,2.481636533693465,-3.5677257667703577,-1.737790995835828
49.0,191.0,1006.3790893554688,-2.629955408346797,-3.083569319343921,0.7504702103665593,3.6277485485420167,-0.3466798679779577,3.068182605210061,-0.1690206096004541,2.481636533693465,-3.5677257667703577,-1.737790995835828
49.0,191.0,1006.4521484375,-2.629955408346797,-3.083569319343921,0.7504702103665593,3.6277485485420167,-0.3466798679779577,3.068182605210061,-0.1609461487394564,2.481636533693465,-3.5677257667703577,-1.737790995835828
49.0,191.0,1006.5108032226562,-2.629414178703751,-3.0835693193749503,0.7504702103665593,3.6277485485420167,-0.3466541405009649,3.093183202817471,-0.2167987044184635,2.4816365336934325,-3.5677257667703577,-1.790226067639766
49.0,191.0,1006.5110473632812,-2.629414178703751,-3.0835693193749503,0.7504702103665593,3.6277485485420167,-0.3466526329569151,3.0922178059429752,-0.2167987044184635,2.4816365336934325,-3.5677257667703577,-1.790226067639766
49.0,191.0,1006.5112915039062,-2.6310234628470943,-3.0835693193749503,0.7504702103665593,3.6277485485420167,-0.3466776037413772,3.093183202817471,-0.2167987044184635,2.4816365336934334,-3.5677257667703577,-1.790226067639766
49.0,191.0,1006.5112915039062,-2.6310234628470943,-3.0835693193422777,0.7504702103665593,3.6277485485420167,-0.3466776037413772,3.093183202817471,-0.2167987044184635,2.4816365336934334,-3.56772576677036,-1.790226067639766
49.0,191.0,1006.5112915039062,-2.6310234628470943,-3.0835693193749503,0.7504702103665593,3.6277485485420167,-0.3466776037413772,3.093183202817471,-0.2167987044184635,2.4816365336934334,-3.5677257667703577,-1.790226067639766
49.0,191.0,1006.5112915039062,-2.6310234628470943,-3.0835693193422777,0.7504702103665593,3.6277485485420167,-0.3466776037413772,3.093183202817471,-0.2167987044184635,2.4816365336934334,-3.56772576677036,-1.790226067639766
49.0,191.0,1006.7608032226562,-2.75565826036283,-3.083569319341991,0.7504702103665593,3.627748548992315,-0.3466799294984825,2.280615191566161,-0.7708849614075038,2.481636533693468,-3.5677257667703577,-1.7919298630031104
49.0,191.0,1006.7609252929688,-2.75565826036283,-3.083569319341991,0.7504702103665593,3.627748549679832,-0.3466799294984825,2.280615191566161,-0.770870925703693,2.481636533693468,-3.5677257667703577,-1.7919298630031104
49.0,191.0,1006.7633666992188,-2.7525215409620394,-3.0835694252528505,0.7504702103665593,3.6277485496797457,-0.3466799167000587,2.280614657059401,-0.7707838446643152,2.481636533693468,-3.567725766770363,-1.790226067639766
49.0,191.0,1006.7637939453124,-2.752997361454039,-3.0835694134126683,0.7504702103665593,3.627748548793636,-0.34667610975649,2.280615171948401,-0.7703517971699454,2.481636533693468,-3.567725766770381,-1.790226067639766
49.0,191.0,1006.7637939453124,-2.752997361454039,-3.0835694134126683,0.7504702103665593,3.627748548793636,-0.34667610975649,2.2806120339099354,-0.7703517971699454,2.481636533693468,-3.567725766770381,-1.790226067639766
49.0,191.0,1006.763916015625,-2.7529416081282148,-3.0835693191372395,0.7504702103665593,3.627748548793636,-0.34667610975649,2.280615171948401,-0.7703517971699454,2.481636533693468,-3.567725766770381,-1.790226067639766
49.0,191.0,1006.7645874023438,-2.7525215409620394,-3.0835694252528505,0.7504702103665593,3.6277485496516975,-0.3466776384826382,2.280614657360565,-0.7703517978606128,2.481636533693468,-3.567725766770426,-1.790226067639766
49.0,191.0,1006.76708984375,-2.751445594330922,-3.0835694130465403,0.7504702103665593,3.62774854967996,-0.3466754396488745,2.2806121348232367,-0.7703517978078779,2.481636533693468,-3.567725766770353,-1.790226067639766
49.0,191.0,1006.7672729492188,-2.751388395213197,-3.083569319341991,0.7504702103665593,3.6277485496798616,-0.3466754396488745,2.280615191566161,-0.7703517978078779,2.481636533693468,-3.5677257667703577,-1.790226067639766
49.0,191.0,1006.7672729492188,-2.751389850916421,-3.083569319341991,0.7504702103665593,3.627748313850107,-0.3466754396488745,2.280612079077653,-0.7703517978082991,2.481636533693468,-3.5677257667703577,-1.790226067639766
49.0,191.0,1006.7672729492188,-2.751389850916421,-3.083569319341991,0.7504702103665593,3.6277485527122697,-0.3466754396488745,2.280612086111796,-0.7703517978082991,2.481636533693435,-3.5677257667703577,-1.790226067639766
49.0,191.0,1006.7672729492188,-2.751388395213197,-3.0835693187711115,0.7504702103665593,3.62774854967996,-0.3466754396488745,2.280615191566161,-0.7703517978078779,2.481636533693468,-3.567725766770353,-1.790226067639766
49.0,191.0,1006.7672729492188,-2.751389850916421,-3.08356932231386,0.7504702103665593,3.627748313850107,-0.3466754396488745,2.280612079077653,-0.7703517964686307,2.481636533693468,-3.5677257667703577,-1.790226067639766
49.0,191.0,1006.7672729492188,-2.7513882497707787,-3.083569319341991,0.7504702103665593,3.6277485496516975,-0.3466776384826382,2.280614657360565,-0.7703517978078779,2.481636533693468,-3.5677257667703577,-1.790226067639766
49.0,191.0,1006.7672729492188,-2.751388395213197,-3.083569319341991,0.7504702103665593,3.6277485496798616,-0.3466754396488745,2.280615191566161,-0.7703517963491826,2.481636533693468,-3.5677257667703577,-1.790226067639766
49.0,191.0,1006.7672729492188,-2.7513882657598434,-3.0835694206456474,0.7504702103665593,3.6277485496516975,-0.3466776384826382,2.280614657360565,-0.7703517971425462,2.481636533693468,-3.5677257667703577,-1.790226067639766
49.0,191.0,1006.7672729492188,-2.751388395213197,-3.083569319341991,0.7504702103665593,3.6277485496798616,-0.3466754396488745,2.280615191566161,-0.7703517963830834,2.481636533693468,-3.5677257667703577,-1.790226067639766
49.0,191.0,1006.7672729492188,-2.7513882099360405,-3.083569322386867,0.7504702103665593,3.627748309580287,-0.3466810963802853,2.280612079077653,-0.7703517964942946,2.481636533693468,-3.5677257667703577,-1.790226067639766
49.0,191.0,1006.7672729492188,-2.7513882168710047,-3.083569319341991,0.7504702103665593,3.627748548747327,-0.3466368509504258,2.280615191566161,-0.7703517971914785,2.481636533693468,-3.5677257667703577,-1.790226067639766
49.0,191.0,1006.7672729492188,-2.751388395213197,-3.083569319341991,0.7504702103665593,3.6277485496798616,-0.3466754396488745,2.280615191566161,-0.7703517977739772,2.481636533693468,-3.5677257667703577,-1.790226067639766
49.0,191.0,1006.7672729492188,-2.751388184920279,-3.0835693193743543,0.7504702103665593,3.627748549005042,-0.3466776384826382,2.280614657360565,-0.7703517965185009,2.481636533693468,-3.5677257667703577,-1.790226067639766
49.0,191.0,1006.7672729492188,-2.7513898394269853,-3.08356932231386,0.7504702103665593,3.627748316505467,-0.3466778829585437,2.280612079077653,-0.7703517964686307,2.481636533693468,-3.5677257667703577,-1.790226067639766
49.0,191.0,1006.7672729492188,-2.751388223257824,-3.083569319341991,0.7504702103665593,3.62774855090556,-0.3466480178536706,2.28061212571107,-0.7703517977957828,2.4816365336934334,-3.5677257667703577,-1.790226067639766
49.0,191.0,1006.7672729492188,-2.751388077310696,-3.0835694134126683,0.7504702103665593,3.627748548793636,-0.3466526465160778,2.280615171948401,-0.7703517971699454,2.4816365336934667,-3.567725766770381,-1.790226067639766
49.0,191.0,1006.7672729492188,-2.75138822566223,-3.0835693187935043,0.7504702103665593,3.627748548754682,-0.3467402575512262,2.280615191566161,-0.7703517971997085,2.4816365336934334,-3.5677257667703577,-1.790226067639766
49.0,191.0,1006.7672729492188,-2.751389850916421,-3.0835693165815763,0.7504702103665593,3.627748550183372,-0.3466505343851936,2.280612079077653,-0.7703517965494596,2.481636533693468,-3.5677257667703577,-1.790226067639766
49.0,191.0,1006.7672729492188,-2.751388395213197,-3.0835693187711115,0.7504702103665593,3.62774854967996,-0.3466754396488745,2.280615191566161,-0.7703517978078779,2.481636533693468,-3.567725766770353,-1.790226067639766
49.0,191.0,1006.7672729492188,-2.751388223473793,-3.083569319341991,0.7504702103665593,3.6277485485420167,-0.3465757770150049,2.280615191566161,-0.7703517978078779,2.481636533693432,-3.5677257667703577,-1.790226067639766
49.0,191.0,1006.7672729492188,-2.7513889419160225,-3.0835693212712942,0.7504702103665593,3.627748558505236,-0.3466754396488745,2.280612566813565,-0.7703517964170788,2.481636533693468,-3.5677257667703364,-1.790226067639766
49.0,191.0,1006.7672729492188,-2.7513884166364657,-3.083569319341991,0.7504702103665593,3.6277485560343807,-0.3466754396488745,2.280615191566161,-0.7703517978078779,2.481636533693468,-3.5677257667703577,-1.790226067639766
49.0,191.0,1006.7672729492188,-2.7513881618534293,-3.083569321410004,0.7504702103665593,3.6277485485420167,-0.3467212956259947,2.280615191566161,-0.7703517964150498,2.481636533693472,-3.5677257667703577,-1.790226067639766
49.0,192.0,1005.3665161132812,-2.619647824534112,-3.0835693187733133,0.7504702103665593,3.6277485494291306,-0.4968957695353178,3.029373789003559,-0.1609461487394564,2.481636533693465,-3.5677257667703577,-1.7426970964152726
49.0,192.0,1005.4281005859376,-2.629955408346797,-3.083569319343921,0.7504702103665593,3.627748546839281,-0.3466798678630431,3.068182605210061,-0.1729918782532187,2.481636533693465,-3.5677257667703577,-1.790226067639766
49.0,192.0,1005.4281005859376,-2.629955408346797,-3.083569319343921,0.7504702103665593,3.627748546839281,-0.3466478814864103,3.068182605210061,-0.1729918782532187,2.481636533693465,-3.5677257667703577,-1.790226067639766
49.0,192.0,1005.5610961914062,-2.629968712833862,-3.083569319342236,0.7504702103665593,3.6277485485420167,-0.3466775450090619,3.068182605210061,-0.168960223311108,2.481636533693465,-3.5677257667703577,-1.790226067639766
49.0,192.0,1005.5615234375,-2.629955408346797,-3.083569319343921,0.7504702103665593,3.6277485485420167,-0.3466798679779577,3.068182605210061,-0.168960223311108,2.481636533693465,-3.5677257667703577,-1.790226067639766
49.0,192.0,1005.5615234375,-2.629955408346797,-3.083569319343921,0.7504702103665593,3.6277485485420167,-0.3466798679779577,3.068182605210061,-0.168960223311108,2.481636533693465,-3.5677257667703577,-1.790226067639766
49.0,192.0,1005.5615234375,-2.629955408346797,-3.083569319343921,0.7504702103665593,3.6277485485420167,-0.3466798679779577,3.068182605210061,-0.168960223311108,2.481636533693465,-3.5677257667703577,-1.790226067639766
49.0,192.0,1005.761962890625,-2.392887571736543,-3.083569319343921,0.7504702103665593,3.627748549382977,-0.3466798679779577,3.068182605210061,-0.1609461487394564,2.481636533693465,-3.5677257667703577,-1.7394140472302242
49.0,192.0,1005.8048095703124,-2.629955408346797,-3.083569319343921,0.7504702103665593,3.6277485485420167,-0.3466798679779577,3.068182605210061,-0.1608857624501103,2.481636533693465,-3.5677257667703577,-1.790226067639766
49.0,192.0,1005.8644409179688,-2.6338244206963544,-3.083569319344025,0.7504702103665593,3.627748549682009,-0.3466798730438536,3.068182605210061,-0.2034744264650901,2.4259795565480617,-3.5677257667704256,-1.7382419856135485
49.0,192.0,1006.0105590820312,-2.6338244206963544,-3.083569319344025,0.7504702103665593,3.627748549682009,-0.3465679719772611,3.068182605210061,-0.206421173800038,2.481579270116703,-3.5677257667704256,-1.7382419856135485
49.0,192.0,1006.0159912109376,-2.6310234628470943,-3.083569318768396,0.7504702103665593,3.6277485485420167,-0.3466754702100215,3.086939615766214,-0.2092878311350413,2.4816365336934663,-3.5677257667703577,-1.790226067639766
49.0,192.0,1006.0159912109376,-2.6310234628470943,-3.083569318768396,0.7504702103665593,3.6277485485420167,-0.3466754702100215,3.086939615766214,-0.2092878311350413,2.4816365336934663,-3.5677257667703577,-1.790226067639766
49.0,192.0,1006.2831420898438,-2.6310234628470943,-3.0835693192945484,0.7504702103665593,3.6277485485420167,-0.346679868686343,3.093183202817471,-0.1999936940351184,2.4816365336934334,-3.5677257667703577,-1.790226067639766
49.0,192.0,1006.2940673828124,-2.629955408346797,-3.083569319343921,0.7504702103665593,3.627748548584127,-0.357200042104672,3.068182605210061,-0.1310071163140704,2.481636533693465,-3.5677257667703577,-1.790226067639766
49.0,192.0,1006.2958374023438,-2.629955408346797,-3.083569319343921,0.7504702103665593,3.627748546839281,-0.3466478814864103,3.068182605210061,-0.1729918782532187,2.481636533693465,-3.5677257667703577,-1.7378295910534534
49.0,192.0,1006.299072265625,-2.619647824534112,-3.083569319343921,0.7504702103665593,3.627748536689527,-0.3466798679779577,3.068182605210061,-0.1609461487394564,2.481636533693465,-3.5677257667703577,-1.7394140472302242
49.0,192.0,1006.3239135742188,-2.6338244206963544,-3.083569319343921,0.7504702103665593,3.627748549682009,-0.3466798679779577,3.068182605210061,-0.1854906469490012,2.481636533693465,-3.5677257667703577,-1.737790995835828
49.0,192.0,1006.3790893554688,-2.629955408346797,-3.083569319343921,0.7504702103665593,3.6277485485420167,-0.3466798679779577,3.068182605210061,-0.1690206096004541,2.481636533693465,-3.5677257667703577,-1.737790995835828
49.0,192.0,1006.4521484375,-2.629955408346797,-3.083569319343921,0.7504702103665593,3.6277485485420167,-0.3466798679779577,3.068182605210061,-0.1609461487394564,2.481636533693465,-3.5677257667703577,-1.737790995835828
49.0,192.0,1006.5108032226562,-2.629414178703751,-3.0835693193749503,0.7504702103665593,3.6277485485420167,-0.3466541405009649,3.093183202817471,-0.2167987044184635,2.4816365336934325,-3.5677257667703577,-1.790226067639766
49.0,192.0,1006.5110473632812,-2.629414178703751,-3.0835693193749503,0.7504702103665593,3.6277485485420167,-0.3466526329569151,3.0922178059429752,-0.2167987044184635,2.4816365336934325,-3.5677257667703577,-1.790226067639766
49.0,192.0,1006.5110473632812,-2.629414178703751,-3.0835693193749503,0.7504702103665593,3.6277485485420167,-0.3466541405009649,3.0922315246286027,-0.2167987044184635,2.4816365336934325,-3.5677257667703577,-1.790226067639766
49.0,192.0,1006.5112915039062,-2.6310234628470943,-3.0835693193749503,0.7504702103665593,3.6277485485420167,-0.3466776037413772,3.093183202817471,-0.2167987044184635,2.4816365336934334,-3.5677257667703577,-1.790226067639766
49.0,192.0,1006.5112915039062,-2.6310234628470943,-3.0835693193422777,0.7504702103665593,3.6277485485420167,-0.3466776037413772,3.093183202817471,-0.2167987044184635,2.4816365336934334,-3.56772576677036,-1.790226067639766
49.0,192.0,1006.5112915039062,-2.6310234628470943,-3.0835693193749503,0.7504702103665593,3.6277485485420167,-0.3466776037413772,3.093183202817471,-0.2167987044184635,2.4816365336934334,-3.5677257667703577,-1.790226067639766
49.0,192.0,1006.5112915039062,-2.6310234628470943,-3.0835693193422777,0.7504702103665593,3.6277485485420167,-0.3466776037413772,3.093183202817471,-0.2167987044184635,2.4816365336934334,-3.56772576677036,-1.790226067639766
49.0,192.0,1006.7393798828124,-2.629332842128853,-3.0835694130465403,0.7504702103665593,3.627748549600052,-0.3466754396488745,3.082645468110436,-0.1822832128052166,2.481636533693468,-3.567725766770353,-1.790226067639766
49.0,192.0,1006.7608032226562,-2.75565826036283,-3.083569319341991,0.7504702103665593,3.627748548992315,-0.3466799294984825,2.280615191566161,-0.7708849614075038,2.481636533693468,-3.5677257667703577,-1.7919298630031104
49.0,192.0,1006.7609252929688,-2.75565826036283,-3.083569319341991,0.7504702103665593,3.627748549679832,-0.3466799294984825,2.280615191566161,-0.770870925703693,2.481636533693468,-3.5677257667703577,-1.7919298630031104
49.0,192.0,1006.7633056640624,-2.75254563864414,-3.083569428108642,0.7504702103665593,3.6277485496797457,-0.3466799081565071,2.280614629792307,-0.7707950695512058,2.481636533693468,-3.567725766770363,-1.790226067639766
49.0,192.0,1006.7633666992188,-2.7525215409620394,-3.0835694252528505,0.7504702103665593,3.6277485496797457,-0.3466799167000587,2.280614657059401,-0.7707838446643152,2.481636533693468,-3.567725766770363,-1.790226067639766
49.0,192.0,1006.7637939453124,-2.752997361454039,-3.0835694134126683,0.7504702103665593,3.627748548793636,-0.34667610975649,2.280615171948401,-0.7703517971699454,2.481636533693468,-3.567725766770381,-1.790226067639766
49.0,192.0,1006.7637939453124,-2.752997361454039,-3.0835694134126683,0.7504702103665593,3.627748548793636,-0.34667610975649,2.2806120339099354,-0.7703517971699454,2.481636533693468,-3.567725766770381,-1.790226067639766
49.0,192.0,1006.763916015625,-2.7529416081282148,-3.0835693191372395,0.7504702103665593,3.627748548793636,-0.34667610975649,2.280615171948401,-0.7703517971699454,2.481636533693468,-3.567725766770381,-1.790226067639766
49.0,192.0,1006.763916015625,-2.7529416081282148,-3.0835693191372395,0.7504702103665593,3.627748548793636,-0.34667610975649,2.280615171948401,-0.7703517971699454,2.481636533693468,-3.567725766770381,-1.790226067639766
49.0,192.0,1006.7645874023438,-2.7525215409620394,-3.0835694252528505,0.7504702103665593,3.6277485496516975,-0.3466776384826382,2.280614657360565,-0.7703517978606128,2.481636533693468,-3.567725766770426,-1.790226067639766
49.0,192.0,1006.76708984375,-2.751445594330922,-3.0835694130465403,0.7504702103665593,3.62774854967996,-0.3466754396488745,2.2806121348232367,-0.7703517978078779,2.481636533693468,-3.567725766770353,-1.790226067639766
49.0,192.0,1006.7672729492188,-2.751388395213197,-3.083569319341991,0.7504702103665593,3.6277485496798616,-0.3466754396488745,2.280615191566161,-0.7703517978078779,2.481636533693468,-3.5677257667703577,-1.790226067639766
49.0,192.0,1006.7672729492188,-2.751389850916421,-3.083569319341991,0.7504702103665593,3.627748313850107,-0.3466754396488745,2.280612079077653,-0.7703517978082991,2.481636533693468,-3.5677257667703577,-1.790226067639766
49.0,192.0,1006.7672729492188,-2.751389850916421,-3.083569319341991,0.7504702103665593,3.6277485527122697,-0.3466754396488745,2.280612086111796,-0.7703517978082991,2.481636533693435,-3.5677257667703577,-1.790226067639766
49.0,192.0,1006.7672729492188,-2.751388395213197,-3.0835693187711115,0.7504702103665593,3.62774854967996,-0.3466754396488745,2.280615191566161,-0.7703517978078779,2.481636533693468,-3.567725766770353,-1.790226067639766
49.0,192.0,1006.7672729492188,-2.751389850916421,-3.08356932231386,0.7504702103665593,3.627748313850107,-0.3466754396488745,2.280612079077653,-0.7703517964686307,2.481636533693468,-3.5677257667703577,-1.790226067639766
49.0,192.0,1006.7672729492188,-2.7513882497707787,-3.083569319341991,0.7504702103665593,3.6277485496516975,-0.3466776384826382,2.280614657360565,-0.7703517978078779,2.481636533693468,-3.5677257667703577,-1.790226067639766
49.0,192.0,1006.7672729492188,-2.751388395213197,-3.083569319341991,0.7504702103665593,3.6277485496798616,-0.3466754396488745,2.280615191566161,-0.7703517963491826,2.481636533693468,-3.5677257667703577,-1.790226067639766
49.0,192.0,1006.7672729492188,-2.7513882657598434,-3.0835694206456474,0.7504702103665593,3.6277485496516975,-0.3466776384826382,2.280614657360565,-0.7703517971425462,2.481636533693468,-3.5677257667703577,-1.790226067639766
49.0,192.0,1006.7672729492188,-2.751388395213197,-3.083569319341991,0.7504702103665593,3.6277485496798616,-0.3466754396488745,2.280615191566161,-0.7703517963830834,2.481636533693468,-3.5677257667703577,-1.790226067639766
49.0,192.0,1006.7672729492188,-2.7513882099360405,-3.083569322386867,0.7504702103665593,3.627748309580287,-0.3466810963802853,2.280612079077653,-0.7703517964942946,2.481636533693468,-3.5677257667703577,-1.790226067639766
49.0,192.0,1006.7672729492188,-2.7513882168710047,-3.083569319341991,0.7504702103665593,3.627748548747327,-0.3466368509504258,2.280615191566161,-0.7703517971914785,2.481636533693468,-3.5677257667703577,-1.790226067639766
49.0,192.0,1006.7672729492188,-2.751388395213197,-3.083569319341991,0.7504702103665593,3.6277485496798616,-0.3466754396488745,2.280615191566161,-0.7703517977739772,2.481636533693468,-3.5677257667703577,-1.790226067639766
49.0,193.0,1004.9927978515624,-2.5030631640214214,-3.08356942549188,0.7504702103665593,3.62774854855232,-0.3466798679779577,2.90645838214186,-0.168960223311108,2.481636533693465,-3.5677257667703577,-1.790226067639766
49.0,193.0,1005.3665161132812,-2.619647824534112,-3.0835693187733133,0.7504702103665593,3.6277485494291306,-0.4968957695353178,3.029373789003559,-0.1609461487394564,2.481636533693465,-3.5677257667703577,-1.7426970964152726
49.0,193.0,1005.4281005859376,-2.629955408346797,-3.083569319343921,0.7504702103665593,3.627748546839281,-0.3466798678630431,3.068182605210061,-0.1729918782532187,2.481636533693465,-3.5677257667703577,-1.790226067639766
49.0,193.0,1005.4281005859376,-2.629955408346797,-3.083569319343921,0.7504702103665593,3.627748546839281,-0.3466478814864103,3.068182605210061,-0.1729918782532187,2.481636533693465,-3.5677257667703577,-1.790226067639766
49.0,193.0,1005.5610961914062,-2.629968712833862,-3.083569319342236,0.7504702103665593,3.6277485485420167,-0.3466775450090619,3.068182605210061,-0.168960223311108,2.481636533693465,-3.5677257667703577,-1.790226067639766
49.0,193.0,1005.5615234375,-2.629955408346797,-3.083569319343921,0.7504702103665593,3.6277485485420167,-0.3466798679779577,3.068182605210061,-0.168960223311108,2.481636533693465,-3.5677257667703577,-1.790226067639766
49.0,193.0,1005.5615234375,-2.629955408346797,-3.083569319343921,0.7504702103665593,3.6277485485420167,-0.3466798679779577,3.068182605210061,-0.168960223311108,2.481636533693465,-3.5677257667703577,-1.790226067639766
49.0,193.0,1005.5615234375,-2.629955408346797,-3.083569319343921,0.7504702103665593,3.6277485485420167,-0.3466798679779577,3.068182605210061,-0.168960223311108,2.481636533693465,-3.5677257667703577,-1.790226067639766
49.0,193.0,1005.5615234375,-2.629955408346797,-3.083569318775603,0.7504702103665593,3.6277485494631647,-0.3466798679779577,3.068182605210061,-0.168960223311108,2.481636533693465,-3.5677257667703577,-1.790226067639766
49.0,193.0,1005.761962890625,-2.392887571736543,-3.083569319343921,0.7504702103665593,3.627748549382977,-0.3466798679779577,3.068182605210061,-0.1609461487394564,2.481636533693465,-3.5677257667703577,-1.7394140472302242
49.0,193.0,1005.8004760742188,-2.629955408346797,-3.083569319343921,0.7504702103665593,3.6277485485420167,-0.3466798220216797,3.0687529781074394,-0.2170228591027421,2.64014424414588,-3.5677257667703577,-1.790226067639766
49.0,193.0,1005.8048095703124,-2.629955408346797,-3.083569319343921,0.7504702103665593,3.6277485485420167,-0.3466798679779577,3.068182605210061,-0.1608857624501103,2.481636533693465,-3.5677257667703577,-1.790226067639766
49.0,193.0,1005.8048095703124,-2.629955408346797,-3.083569319343921,0.7504702103665593,3.6277485485420167,-0.3466798679779577,3.068182605210061,-0.1608857624501103,2.481636533693465,-3.5677257667703577,-1.790226067639766
49.0,193.0,1005.8644409179688,-2.6338244206963544,-3.083569319344025,0.7504702103665593,3.627748549682009,-0.3466798730438536,3.068182605210061,-0.2034744264650901,2.4259795565480617,-3.5677257667704256,-1.7382419856135485
49.0,193.0,1005.885498046875,-2.619647824534112,-3.083569319341631,0.7504702103665593,3.444667478436076,-0.4968957695353178,3.029373789003559,-0.1609461487394564,2.481636533693465,-3.5677257667703577,-1.7426970964152726
49.0,193.0,1005.9210205078124,-2.629955408346797,-3.083569319344023,0.7504702103665593,3.627748548568359,-0.3466814308994164,3.068182605210061,-0.2051043862915612,2.4815771868651884,-3.5677257667703577,-1.7382324927250463
49.0,193.0,1005.921630859375,-2.4045382438592595,-3.083569318772354,0.7504702103665593,3.6277485485420167,-0.3466753811407364,3.086837331445216,-0.1610372128736195,2.4816365336934663,-3.5677257667703577,-1.790226067639766
49.0,193.0,1006.0105590820312,-2.6338244206963544,-3.083569319344025,0.7504702103665593,3.627748549682009,-0.3465679719772611,3.068182605210061,-0.206421173800038,2.481579270116703,-3.5677257667704256,-1.7382419856135485
49.0,193.0,1006.0155029296876,-2.631002354219387,-3.083569318768396,0.7504702103665593,3.6277485485420167,-0.3466754702100215,3.086939615766214,-0.2092878311350413,2.4816365336934663,-3.5677257667703577,-1.790226067639766
49.0,193.0,1006.0159912109376,-2.6310234628470943,-3.083569318768396,0.7504702103665593,3.6277485485420167,-0.3466754702100215,3.086939615766214,-0.2092878311350413,2.4816365336934663,-3.5677257667703577,-1.790226067639766
49.0,193.0,1006.0159912109376,-2.6310234628470943,-3.083569318768396,0.7504702103665593,3.6277485485420167,-0.3466754702100215,3.086939615766214,-0.2092878311350413,2.4816365336934663,-3.5677257667703577,-1.790226067639766
49.0,193.0,1006.0159912109376,-2.6310234628470943,-3.083569318768396,0.7504702103665593,3.6277485485420167,-0.3466754702100215,3.086939615766214,-0.2092878311350413,2.4816365336934663,-3.5677257667703577,-1.790226067639766
49.0,193.0,1006.1401977539062,-2.6310234628470943,-3.0835693193749503,0.7159316580906392,3.6277485485420167,-0.3466776496976552,3.092612829920093,-0.1606616077658316,2.4816365336934334,-3.5677257667703577,-1.790226067639766
49.0,193.0,1006.1798095703124,-2.6338244206963544,-3.083569319343922,0.7504702103665593,3.627748549655667,-0.4493428782749059,3.068182605210061,-0.1622629362479331,2.48163861694498,-3.5677257667704256,-1.7378004887243297
49.0,193.0,1006.2144775390624,-2.629414178703751,-3.0835693193749503,0.7504702103665593,3.6277485485420167,-0.3466526329569151,3.0685880176340703,-0.2157962063416138,2.4816365336934325,-3.5677257667703577,-1.790226067639766
49.0,193.0,1006.2831420898438,-2.6310234628470943,-3.0835693192945484,0.7504702103665593,3.6277485485420167,-0.346679868686343,3.093183202817471,-0.1999936940351184,2.4816365336934334,-3.5677257667703577,-1.790226067639766
49.0,193.0,1006.2940673828124,-2.629955408346797,-3.083569319343921,0.7504702103665593,3.627748548584127,-0.357200042104672,3.068182605210061,-0.1310071163140704,2.481636533693465,-3.5677257667703577,-1.790226067639766
49.0,193.0,1006.2958374023438,-2.629955408346797,-3.083569319343921,0.7504702103665593,3.627748546839281,-0.3466478814864103,3.068182605210061,-0.1729918782532187,2.481636533693465,-3.5677257667703577,-1.7378295910534534
49.0,193.0,1006.299072265625,-2.619647824534112,-3.083569319343921,0.7504702103665593,3.627748536689527,-0.3466798679779577,3.068182605210061,-0.1609461487394564,2.481636533693465,-3.5677257667703577,-1.7394140472302242
49.0,193.0,1006.3194580078124,-2.61910623502308,-3.0835693193422413,0.7504702103665593,3.6277485485420167,-0.346677497882064,3.068182605210061,-0.1607929000765842,2.481636533693465,-3.5677257667703577,-1.740454315230992
49.0,193.0,1006.3239135742188,-2.6338244206963544,-3.083569319343921,0.7504702103665593,3.627748549682009,-0.3466798679779577,3.068182605210061,-0.1854906469490012,2.481636533693465,-3.5677257667703577,-1.737790995835828
49.0,193.0,1006.3790893554688,-2.629955408346797,-3.083569319343921,0.7504702103665593,3.6277485485420167,-0.3466798679779577,3.068182605210061,-0.1690206096004541,2.481636533693465,-3.5677257667703577,-1.737790995835828
49.0,193.0,1006.42919921875,-2.6310234628470943,-3.0835693192945484,0.7504702103665593,3.6277485485420167,-0.346679868686343,3.098063379617565,-0.1999171257156059,2.481636533693468,-3.5677257667703577,-1.790226067639766
49.0,193.0,1006.4521484375,-2.629955408346797,-3.083569319343921,0.7504702103665593,3.6277485485420167,-0.3466798679779577,3.068182605210061,-0.1609461487394564,2.481636533693465,-3.5677257667703577,-1.737790995835828
49.0,193.0,1006.5108032226562,-2.629414178703751,-3.0835693193749503,0.7504702103665593,3.6277485485420167,-0.3466541405009649,3.093183202817471,-0.2167987044184635,2.4816365336934325,-3.5677257667703577,-1.790226067639766
49.0,193.0,1006.510986328125,-2.6293768760020475,-3.0835693193749503,0.7504702103665593,3.6277485485420167,-0.3466558897336529,3.093183202817471,-0.2167987044184635,2.4816365336934334,-3.5677257667703577,-1.790226067639766
49.0,193.0,1006.5110473632812,-2.629414178703751,-3.0835693193749503,0.7504702103665593,3.6277485485420167,-0.3466526329569151,3.0922178059429752,-0.2167987044184635,2.4816365336934325,-3.5677257667703577,-1.790226067639766
49.0,193.0,1006.5110473632812,-2.629414178703751,-3.0835693193749503,0.7504702103665593,3.6277485485420167,-0.3466541405009649,3.0922315246286027,-0.2167987044184635,2.4816365336934325,-3.5677257667703577,-1.790226067639766
49.0,193.0,1006.5112915039062,-2.6310234628470943,-3.0835693193749503,0.7504702103665593,3.6277485485420167,-0.3466776037413772,3.093183202817471,-0.2167987044184635,2.4816365336934334,-3.5677257667703577,-1.790226067639766
49.0,193.0,1006.5112915039062,-2.6310234628470943,-3.0835693193422777,0.7504702103665593,3.6277485485420167,-0.3466776037413772,3.093183202817471,-0.2167987044184635,2.4816365336934334,-3.56772576677036,-1.790226067639766
49.0,193.0,1006.5112915039062,-2.6310234628470943,-3.0835693193749503,0.7504702103665593,3.6277485485420167,-0.3466776037413772,3.093183202817471,-0.2167987044184635,2.4816365336934334,-3.5677257667703577,-1.790226067639766
49.0,193.0,1006.5112915039062,-2.6310234628470943,-3.0835693193422777,0.7504702103665593,3.6277485485420167,-0.3466776037413772,3.093183202817471,-0.2167987044184635,2.4816365336934334,-3.56772576677036,-1.790226067639766
49.0,193.0,1006.5289306640624,-2.63099571015525,-3.0835694130465403,0.7504702103665593,3.627748549600052,-0.3466775430982182,3.082645468110436,-0.2172009877255136,2.481636533693433,-3.567725766770353,-1.790226067639766
49.0,193.0,1006.67578125,-2.629955408346797,-3.083569319343921,0.7504702103665593,3.627748548584127,-0.357200042104672,3.068182605210061,-0.2106368085183828,2.481636533693465,-3.5677257667703577,-1.790226067639766
49.0,193.0,1006.7393798828124,-2.629332842128853,-3.0835694130465403,0.7504702103665593,3.627748549600052,-0.3466754396488745,3.082645468110436,-0.1822832128052166,2.481636533693468,-3.567725766770353,-1.790226067639766
49.0,193.0,1006.7608032226562,-2.75565826036283,-3.083569319341991,0.7504702103665593,3.627748548992315,-0.3466799294984825,2.280615191566161,-0.7708849614075038,2.481636533693468,-3.5677257667703577,-1.7919298630031104
49.0,193.0,1006.7609252929688,-2.75565826036283,-3.083569319341991,0.7504702103665593,3.627748549679832,-0.3466799294984825,2.280615191566161,-0.770870925703693,2.481636533693468,-3.5677257667703577,-1.7919298630031104
49.0,193.0,1006.7633056640624,-2.75254563864414,-3.083569428108642,0.7504702103665593,3.6277485496797457,-0.3466799081565071,2.280614629792307,-0.7707950695512058,2.481636533693468,-3.567725766770363,-1.790226067639766
49.0,193.0,1006.7633666992188,-2.7525215409620394,-3.0835694252528505,0.7504702103665593,3.6277485496797457,-0.3466799167000587,2.280614657059401,-0.7707838446643152,2.481636533693468,-3.567725766770363,-1.790226067639766
49.0,193.0,1006.7637939453124,-2.752997361454039,-3.0835694134126683,0.7504702103665593,3.627748548793636,-0.34667610975649,2.280615171948401,-0.7703517971699454,2.481636533693468,-3.567725766770381,-1.790226067639766
49.0,194.0,1004.9927978515624,-2.5030631640214214,-3.08356942549188,0.7504702103665593,3.62774854855232,-0.3466798679779577,2.90645838214186,-0.168960223311108,2.481636533693465,-3.5677257667703577,-1.790226067639766
49.0,194.0,1005.3665161132812,-2.619647824534112,-3.0835693187733133,0.7504702103665593,3.6277485494291306,-0.4968957695353178,3.029373789003559,-0.1609461487394564,2.481636533693465,-3.5677257667703577,-1.7426970964152726
49.0,194.0,1005.4281005859376,-2.629955408346797,-3.083569319343921,0.7504702103665593,3.627748546839281,-0.3466798678630431,3.068182605210061,-0.1729918782532187,2.481636533693465,-3.5677257667703577,-1.790226067639766
49.0,194.0,1005.4281005859376,-2.629955408346797,-3.083569319343921,0.7504702103665593,3.627748546839281,-0.3466478814864103,3.068182605210061,-0.1729918782532187,2.481636533693465,-3.5677257667703577,-1.790226067639766
49.0,194.0,1005.4281005859376,-2.629955408346797,-3.083569319343921,0.7504702103665593,3.6277485467118935,-0.3466813684204503,3.068182605210061,-0.1729918782532187,2.481636533693465,-3.5677257667703577,-1.790226067639766
49.0,194.0,1005.4331665039062,-2.629955408346797,-3.083569319343921,0.7504702103665593,3.627748546837,-0.3466798678630431,3.068182605210061,-0.1728105547993217,2.481636533693465,-3.5677257667703577,-1.790226067639766
49.0,194.0,1005.4871826171876,-2.5143295920759448,-3.0835693187733133,0.7504702103665593,3.6277485494291306,-0.4968957695353178,3.029373789003559,-0.2163911286052917,2.481636533693465,-3.5677257667703577,-1.7426970964152726
49.0,194.0,1005.544189453125,-2.629955408346797,-3.083569319343921,0.7504702103665593,3.627748548719725,-0.3582494185886207,3.068182605210061,-0.1729918782532187,2.481636533693465,-3.5677257667703577,-1.790226067639766
49.0,194.0,1005.5610961914062,-2.629968712833862,-3.083569319342236,0.7504702103665593,3.6277485485420167,-0.3466775450090619,3.068182605210061,-0.168960223311108,2.481636533693465,-3.5677257667703577,-1.790226067639766
49.0,194.0,1005.5611572265624,-2.629955408346797,-3.083569319343921,0.7504702103665593,3.627748548669404,-0.3466463810439176,3.068182605210061,-0.168960223311108,2.481636533693465,-3.5677257667703577,-1.790226067639766
49.0,194.0,1005.5615234375,-2.629955408346797,-3.083569319343921,0.7504702103665593,3.6277485485420167,-0.3466798679779577,3.068182605210061,-0.168960223311108,2.481636533693465,-3.5677257667703577,-1.790226067639766
49.0,194.0,1005.5615234375,-2.629955408346797,-3.083569319343921,0.7504702103665593,3.6277485485420167,-0.3466798679779577,3.068182605210061,-0.168960223311108,2.481636533693465,-3.5677257667703577,-1.790226067639766
49.0,194.0,1005.5615234375,-2.629955408346797,-3.083569319343921,0.7504702103665593,3.6277485485420167,-0.3466798679779577,3.068182605210061,-0.168960223311108,2.481636533693465,-3.5677257667703577,-1.790226067639766
49.0,194.0,1005.5615234375,-2.629955408346797,-3.083569318775603,0.7504702103665593,3.6277485494631647,-0.3466798679779577,3.068182605210061,-0.168960223311108,2.481636533693465,-3.5677257667703577,-1.790226067639766
49.0,194.0,1005.5615234375,-2.629955408346797,-3.083569319343921,0.7504702103665593,3.6277485485420167,-0.3466798679779577,3.068182605210061,-0.168960223311108,2.481636533693465,-3.5677257667703577,-1.790226067639766
49.0,194.0,1005.5615234375,-2.629955408346797,-3.083569319343921,0.7504702103665593,3.6277485485420167,-0.3466798679779577,3.068182605210061,-0.168960223311108,2.481636533693465,-3.5677257667703577,-1.790226067639766
49.0,194.0,1005.7089233398438,-2.6291574991434365,-3.083569319329013,0.7504702103665593,3.6277485485605054,-0.4948876023967534,3.0293948679735463,-0.2051043862915612,2.4815789982670564,-3.5677257667703577,-1.7430453891709317
49.0,194.0,1005.761962890625,-2.392887571736543,-3.083569319343921,0.7504702103665593,3.627748549382977,-0.3466798679779577,3.068182605210061,-0.1609461487394564,2.481636533693465,-3.5677257667703577,-1.7394140472302242
49.0,194.0,1005.8004760742188,-2.629955408346797,-3.083569319343921,0.7504702103665593,3.6277485485420167,-0.3466798220216797,3.0687529781074394,-0.2170228591027421,2.64014424414588,-3.5677257667703577,-1.790226067639766
49.0,194.0,1005.8048095703124,-2.629955408346797,-3.083569319343921,0.7504702103665593,3.6277485485420167,-0.3466798679779577,3.068182605210061,-0.1608857624501103,2.481636533693465,-3.5677257667703577,-1.790226067639766
49.0,194.0,1005.8048095703124,-2.629955408346797,-3.083569319343921,0.7504702103665593,3.6277485485420167,-0.3466798679779577,3.068182605210061,-0.1608857624501103,2.481636533693465,-3.5677257667703577,-1.790226067639766
49.0,194.0,1005.8644409179688,-2.6338244206963544,-3.083569319344025,0.7504702103665593,3.627748549682009,-0.3466798730438536,3.068182605210061,-0.2034744264650901,2.4259795565480617,-3.5677257667704256,-1.7382419856135485
49.0,194.0,1005.885498046875,-2.619647824534112,-3.083569319341631,0.7504702103665593,3.444667478436076,-0.4968957695353178,3.029373789003559,-0.1609461487394564,2.481636533693465,-3.5677257667703577,-1.7426970964152726
49.0,194.0,1005.9103393554688,-2.4045382438592595,-3.083569318778411,0.7504702103665593,3.6277485485420167,-0.3466753811407364,3.086193561787767,-0.1610372128736195,2.4816365336934663,-3.5677257667703577,-1.790226067639766
49.0,194.0,1005.9210205078124,-2.629955408346797,-3.083569319344023,0.7504702103665593,3.627748548568359,-0.3466814308994164,3.068182605210061,-0.2051043862915612,2.4815771868651884,-3.5677257667703577,-1.7382324927250463
49.0,194.0,1005.921630859375,-2.4045382438592595,-3.083569318772354,0.7504702103665593,3.6277485485420167,-0.3466753811407364,3.086837331445216,-0.1610372128736195,2.4816365336934663,-3.5677257667703577,-1.790226067639766
49.0,194.0,1005.955322265625,-2.6338244206963544,-3.083569319344025,0.7504702103665593,3.627748549682009,-0.3466750942511181,3.068182605210061,-0.2034744264650901,2.4259795565480617,-3.5677257667704256,-1.7396148612681597
49.0,194.0,1005.9685668945312,-2.629955408346797,-3.083569319343921,0.7504702103665593,3.6277485485420167,-0.3466798220216797,3.0687529781074394,-0.218612339935832,2.46125307719696,-3.5677257667703577,-1.790226067639766
49.0,194.0,1006.0105590820312,-2.6338244206963544,-3.083569319344025,0.7504702103665593,3.627748549682009,-0.3465679719772611,3.068182605210061,-0.206421173800038,2.481579270116703,-3.5677257667704256,-1.7382419856135485
49.0,194.0,1006.0155029296876,-2.631002354219387,-3.083569318768396,0.7504702103665593,3.6277485485420167,-0.3466754702100215,3.086939615766214,-0.2092878311350413,2.4816365336934663,-3.5677257667703577,-1.790226067639766
49.0,194.0,1006.0159912109376,-2.6310234628470943,-3.083569318768396,0.7504702103665593,3.6277485485420167,-0.3466754702100215,3.086939615766214,-0.2092878311350413,2.4816365336934663,-3.5677257667703577,-1.790226067639766
49.0,194.0,1006.0159912109376,-2.6310234628470943,-3.083569318768396,0.7504702103665593,3.6277485485420167,-0.3466754702100215,3.086939615766214,-0.2092878311350413,2.4816365336934663,-3.5677257667703577,-1.790226067639766
49.0,194.0,1006.0159912109376,-2.6310234628470943,-3.083569318768396,0.7504702103665593,3.6277485485420167,-0.3466754702100215,3.086939615766214,-0.2092878311350413,2.4816365336934663,-3.5677257667703577,-1.790226067639766
49.0,194.0,1006.02197265625,-2.631002354219387,-3.0835694122181034,0.7504702103665593,3.6277485485420167,-0.3466754689712327,3.086939615766214,-0.2094293914039492,2.481636533693466,-3.5677257667703577,-1.790226067639766
49.0,194.0,1006.0497436523438,-2.629955408346797,-3.083569319343921,0.7504702103665593,3.6277485485420167,-0.5128105748328122,3.09321033165748,-0.2218042758991759,2.481636533693465,-3.5677257667703577,-1.790226067639766
49.0,194.0,1006.0661010742188,-2.619647824534112,-3.0835693193440257,0.7504702103665593,3.452643292811806,-0.4968957695353178,3.030025771371311,-0.1609461487394564,2.481636533693465,-3.5677257667703577,-1.7424426298876043
49.0,194.0,1006.0740966796876,-2.629955408346797,-3.083569319343921,0.7504702103665593,3.6277485485420167,-0.346679867974033,3.0929391526728387,-0.1616342886993587,2.582852850961226,-3.5677257667703577,-1.790226067639766
49.0,194.0,1006.1401977539062,-2.6310234628470943,-3.0835693193749503,0.7159316580906392,3.6277485485420167,-0.3466776496976552,3.092612829920093,-0.1606616077658316,2.4816365336934334,-3.5677257667703577,-1.790226067639766
49.0,194.0,1006.1798095703124,-2.6338244206963544,-3.083569319343922,0.7504702103665593,3.627748549655667,-0.4493428782749059,3.068182605210061,-0.1622629362479331,2.48163861694498,-3.5677257667704256,-1.7378004887243297
49.0,194.0,1006.1798095703124,-2.6338244206963544,-3.083569319343922,0.7504702103665593,3.627748549655667,-0.4493428782749059,3.068182605210061,-0.1622629362479331,2.48163861694498,-3.5677257667704256,-1.7378004887243297
49.0,194.0,1006.2144775390624,-2.629414178703751,-3.0835693193749503,0.7504702103665593,3.6277485485420167,-0.3466526329569151,3.0685880176340703,-0.2157962063416138,2.4816365336934325,-3.5677257667703577,-1.790226067639766
49.0,194.0,1006.2255859375,-2.6195908434845365,-3.083569319342372,0.7504702103665593,3.627748548570073,-0.3466770339321075,3.068182605210061,-0.1607929000765842,2.481634833726496,-3.5677257667703577,-1.7380701731834487
49.0,194.0,1006.234375,-2.6310234628470943,-3.0835693193422697,0.7504702103665593,3.6277485485420167,-0.3466776037413772,3.093183202817471,-0.2070275565855995,2.4816409147432963,-3.5677257667703546,-1.790226067639766
49.0,194.0,1006.2778930664062,-2.629955408346797,-3.083569318737661,0.7504702103665593,3.6277485485420167,-0.3466798679779577,3.068182605210061,-0.1690206096004541,2.481636533693465,-3.5677257667703577,-1.7350012568011164
49.0,194.0,1006.2831420898438,-2.6310234628470943,-3.0835693192945484,0.7504702103665593,3.6277485485420167,-0.346679868686343,3.093183202817471,-0.1999936940351184,2.4816365336934334,-3.5677257667703577,-1.790226067639766
49.0,194.0,1006.2940673828124,-2.629955408346797,-3.083569319343921,0.7504702103665593,3.627748548584127,-0.357200042104672,3.068182605210061,-0.1310071163140704,2.481636533693465,-3.5677257667703577,-1.790226067639766
49.0,194.0,1006.2958374023438,-2.629955408346797,-3.083569319343921,0.7504702103665593,3.627748546839281,-0.3466478814864103,3.068182605210061,-0.1729918782532187,2.481636533693465,-3.5677257667703577,-1.7378295910534534
49.0,194.0,1006.2958374023438,-2.629955408346797,-3.083569426177938,0.7504702103665593,3.627748546781444,-0.3466478814864103,3.068182605210061,-0.1729918782532187,2.481636533693465,-3.5677257667703577,-1.7378295910534534
49.0,194.0,1006.299072265625,-2.619647824534112,-3.083569319343921,0.7504702103665593,3.627748536689527,-0.3466798679779577,3.068182605210061,-0.1609461487394564,2.481636533693465,-3.5677257667703577,-1.7394140472302242
49.0,194.0,1006.3194580078124,-2.61910623502308,-3.0835693193422413,0.7504702103665593,3.6277485485420167,-0.346677497882064,3.068182605210061,-0.1607929000765842,2.481636533693465,-3.5677257667703577,-1.740454315230992
49.0,195.0,1004.9927978515624,-2.5030631640214214,-3.08356942549188,0.7504702103665593,3.62774854855232,-0.3466798679779577,2.90645838214186,-0.168960223311108,2.481636533693465,-3.5677257667703577,-1.790226067639766
49.0,195.0,1005.3665161132812,-2.619647824534112,-3.0835693187733133,0.7504702103665593,3.6277485494291306,-0.4968957695353178,3.029373789003559,-0.1609461487394564,2.481636533693465,-3.5677257667703577,-1.7426970964152726
49.0,195.0,1005.4281005859376,-2.629955408346797,-3.083569319343921,0.7504702103665593,3.627748546839281,-0.3466798678630431,3.068182605210061,-0.1729918782532187,2.481636533693465,-3.5677257667703577,-1.790226067639766
49.0,195.0,1005.4281005859376,-2.629955408346797,-3.083569319343921,0.7504702103665593,3.627748546839281,-0.3466478814864103,3.068182605210061,-0.1729918782532187,2.481636533693465,-3.5677257667703577,-1.790226067639766
49.0,195.0,1005.4281005859376,-2.629955408346797,-3.083569319343921,0.7504702103665593,3.6277485467118935,-0.3466813684204503,3.068182605210061,-0.1729918782532187,2.481636533693465,-3.5677257667703577,-1.790226067639766
49.0,195.0,1005.4281005859376,-2.629955408346797,-3.083569319343921,0.7504702103665593,3.627748546839281,-0.3466798678630431,3.068182605210061,-0.1729918782532187,2.481636533693465,-3.5677257667703577,-1.790226067639766
49.0,195.0,1005.4305419921876,-2.629955408346797,-3.083569319343921,0.7504702103665593,3.627748548594687,-0.3466798679779577,3.068182605210061,-0.1729044101385147,2.481636533693465,-3.5677257667703577,-1.790226067639766
49.0,195.0,1005.4331665039062,-2.629955408346797,-3.083569319343921,0.7504702103665593,3.627748546837,-0.3466798678630431,3.068182605210061,-0.1728105547993217,2.481636533693465,-3.5677257667703577,-1.790226067639766
49.0,195.0,1005.4871826171876,-2.5143295920759448,-3.0835693187733133,0.7504702103665593,3.6277485494291306,-0.4968957695353178,3.029373789003559,-0.2163911286052917,2.481636533693465,-3.5677257667703577,-1.7426970964152726
49.0,195.0,1005.4942016601562,-2.633694626715134,-3.083569319347108,0.7504702103665593,3.6277485494291306,-0.4987672715594034,3.0295324523457445,-0.1609461487394564,2.481636533693465,-3.5677257667703577,-1.7426970964152726
49.0,195.0,1005.544189453125,-2.629955408346797,-3.083569319343921,0.7504702103665593,3.627748548719725,-0.3582494185886207,3.068182605210061,-0.1729918782532187,2.481636533693465,-3.5677257667703577,-1.790226067639766
49.0,195.0,1005.544189453125,-2.629955408346797,-3.083569319343921,0.7504702103665593,3.627748548717574,-0.3582494185886207,3.068182605210061,-0.1729918782532187,2.481636533693465,-3.5677257667703577,-1.790226067639766
49.0,195.0,1005.5516967773438,-2.629955408346797,-3.083569319344023,0.7504702103665593,3.627748548568359,-0.3466775123725102,3.068182605210061,-0.1680472953612486,2.4815769473296543,-3.5677257667703577,-1.791196830963579
49.0,195.0,1005.5546875,-2.631176098433581,-3.083569318773332,0.7504702103665593,3.627748549416919,-0.3466754702100215,3.028665528161294,-0.2092878311350413,2.4816365336934663,-3.5677257667703577,-1.7440657774380584
49.0,195.0,1005.5579833984376,-2.629955408346797,-3.083569319343921,0.7504702103665593,3.62774854678661,-0.3466478814864103,3.068182605210061,-0.169047691425812,2.481636533693465,-3.5677257667703577,-1.790226067639766
49.0,195.0,1005.5610961914062,-2.629968712833862,-3.083569319342236,0.7504702103665593,3.6277485485420167,-0.3466775450090619,3.068182605210061,-0.168960223311108,2.481636533693465,-3.5677257667703577,-1.790226067639766
49.0,195.0,1005.5611572265624,-2.629955408346797,-3.083569319343921,0.7504702103665593,3.627748548669404,-0.3466463810439176,3.068182605210061,-0.168960223311108,2.481636533693465,-3.5677257667703577,-1.790226067639766
49.0,195.0,1005.5615234375,-2.629955408346797,-3.083569319343921,0.7504702103665593,3.6277485485420167,-0.3466798679779577,3.068182605210061,-0.168960223311108,2.481636533693465,-3.5677257667703577,-1.790226067639766
49.0,195.0,1005.5615234375,-2.629955408346797,-3.083569319343921,0.7504702103665593,3.6277485485420167,-0.3466798679779577,3.068182605210061,-0.168960223311108,2.481636533693465,-3.5677257667703577,-1.790226067639766
49.0,195.0,1005.5615234375,-2.629955408346797,-3.083569319343921,0.7504702103665593,3.6277485485420167,-0.3466798679779577,3.068182605210061,-0.168960223311108,2.481636533693465,-3.5677257667703577,-1.790226067639766
49.0,195.0,1005.5615234375,-2.629955408346797,-3.083569318775603,0.7504702103665593,3.6277485494631647,-0.3466798679779577,3.068182605210061,-0.168960223311108,2.481636533693465,-3.5677257667703577,-1.790226067639766
49.0,195.0,1005.5615234375,-2.629955408346797,-3.083569319343921,0.7504702103665593,3.6277485485420167,-0.3466798679779577,3.068182605210061,-0.168960223311108,2.481636533693465,-3.5677257667703577,-1.790226067639766
49.0,195.0,1005.5615234375,-2.629955408346797,-3.083569319343921,0.7504702103665593,3.6277485485420167,-0.3466798679779577,3.068182605210061,-0.168960223311108,2.481636533693465,-3.5677257667703577,-1.790226067639766
49.0,195.0,1005.5615234375,-2.629955408346797,-3.083569318775603,0.7504702103665593,3.6277485494631647,-0.3466798679779577,3.068182605210061,-0.168960223311108,2.481636533693465,-3.5677257667703577,-1.790226067639766
49.0,195.0,1005.5772705078124,-2.629955408346797,-3.083569319343921,0.7504702103665593,3.6277485485420167,-0.3466798679779577,3.068182605210061,-0.1685301270529045,2.481636533693465,-3.5677257667703577,-1.790226067639766
49.0,195.0,1005.7089233398438,-2.6291574991434365,-3.083569319329013,0.7504702103665593,3.6277485485605054,-0.4948876023967534,3.0293948679735463,-0.2051043862915612,2.4815789982670564,-3.5677257667703577,-1.7430453891709317
49.0,195.0,1005.761962890625,-2.392887571736543,-3.083569319343921,0.7504702103665593,3.627748549382977,-0.3466798679779577,3.068182605210061,-0.1609461487394564,2.481636533693465,-3.5677257667703577,-1.7394140472302242
49.0,195.0,1005.7977294921876,-2.629955408346797,-3.083569319343921,0.7504702103665593,3.6277485485420167,-0.3466798679779577,3.068182605210061,-0.1613158587083138,2.481636533693465,-3.5677257667703577,-1.790226067639766
49.0,195.0,1005.8004760742188,-2.629955408346797,-3.083569319343921,0.7504702103665593,3.6277485485420167,-0.3466798220216797,3.0687529781074394,-0.2170228591027421,2.64014424414588,-3.5677257667703577,-1.790226067639766
49.0,195.0,1005.8048095703124,-2.629955408346797,-3.083569319343921,0.7504702103665593,3.6277485485420167,-0.3466798679779577,3.068182605210061,-0.1608857624501103,2.481636533693465,-3.5677257667703577,-1.790226067639766
49.0,195.0,1005.8048095703124,-2.629955408346797,-3.083569319343921,0.7504702103665593,3.6277485485420167,-0.3466798679779577,3.068182605210061,-0.1608857624501103,2.481636533693465,-3.5677257667703577,-1.790226067639766
49.0,195.0,1005.8048095703124,-2.629955408346797,-3.083569319343921,0.7504702103665593,3.627748548544209,-0.3466798679779577,3.068182605210061,-0.1608857624501103,2.481636533693465,-3.5677257667703577,-1.790226067639766
49.0,195.0,1005.8607788085938,-2.6298381845675323,-3.0835693193440257,0.7504702103665593,3.627748546938247,-0.3466750942511181,3.068182605210061,-0.2034744264650901,2.4816643159287146,-3.5677257667704256,-1.7386511575593424
49.0,195.0,1005.8644409179688,-2.6338244206963544,-3.083569319344025,0.7504702103665593,3.627748549682009,-0.3466798730438536,3.068182605210061,-0.2034744264650901,2.4259795565480617,-3.5677257667704256,-1.7382419856135485
49.0,195.0,1005.885498046875,-2.619647824534112,-3.083569319341631,0.7504702103665593,3.444667478436076,-0.4968957695353178,3.029373789003559,-0.1609461487394564,2.481636533693465,-3.5677257667703577,-1.7426970964152726
49.0,195.0,1005.9091796875,-2.629955408346797,-3.083569318775603,0.7504702103665593,3.627748549427359,-0.498339306494452,3.0667332702683647,-0.168960223311108,2.481636533693465,-3.5677257667703577,-1.790226067639766
49.0,195.0,1005.9103393554688,-2.4045382438592595,-3.083569318778411,0.7504702103665593,3.6277485485420167,-0.3466753811407364,3.086193561787767,-0.1610372128736195,2.4816365336934663,-3.5677257667703577,-1.790226067639766
49.0,195.0,1005.9163208007812,-2.629955408346797,-3.083569319343921,0.7504702103665593,3.6277485485420167,-0.4982890700173699,3.068182605210061,-0.168960223311108,2.480584271708559,-3.5677257667703577,-1.790226067639766
49.0,195.0,1005.9210205078124,-2.629955408346797,-3.083569319344023,0.7504702103665593,3.627748548568359,-0.3466814308994164,3.068182605210061,-0.2051043862915612,2.4815771868651884,-3.5677257667703577,-1.7382324927250463
49.0,195.0,1005.921630859375,-2.4045382438592595,-3.083569318772354,0.7504702103665593,3.6277485485420167,-0.3466753811407364,3.086837331445216,-0.1610372128736195,2.4816365336934663,-3.5677257667703577,-1.790226067639766
49.0,195.0,1005.955322265625,-2.6338244206963544,-3.083569319344025,0.7504702103665593,3.627748549682009,-0.3466750942511181,3.068182605210061,-0.2034744264650901,2.4259795565480617,-3.5677257667704256,-1.7396148612681597
49.0,195.0,1005.9685668945312,-2.629955408346797,-3.083569319343921,0.7504702103665593,3.6277485485420167,-0.3466798220216797,3.0687529781074394,-0.218612339935832,2.46125307719696,-3.5677257667703577,-1.790226067639766
49.0,195.0,1005.9782104492188,-2.629955408346797,-3.083569319343921,0.7504702103665593,3.6277485485420167,-0.3466798670539688,3.068182605210061,-0.168960223311108,2.4613160576534443,-3.5677257667703577,-1.790226067639766
49.0,195.0,1006.0105590820312,-2.6338244206963544,-3.083569319344025,0.7504702103665593,3.627748549682009,-0.3465679719772611,3.068182605210061,-0.206421173800038,2.481579270116703,-3.5677257667704256,-1.7382419856135485
49.0,195.0,1006.0155029296876,-2.631002354219387,-3.083569318768396,0.7504702103665593,3.6277485485420167,-0.3466754702100215,3.086939615766214,-0.2092878311350413,2.4816365336934663,-3.5677257667703577,-1.790226067639766
49.0,195.0,1006.0159912109376,-2.6310234628470943,-3.083569318768396,0.7504702103665593,3.6277485485420167,-0.3466754702100215,3.086939615766214,-0.2092878311350413,2.4816365336934663,-3.5677257667703577,-1.790226067639766
49.0,195.0,1006.0159912109376,-2.6310234628470943,-3.083569318768396,0.7504702103665593,3.6277485485420167,-0.3466754702100215,3.086939615766214,-0.2092878311350413,2.4816365336934663,-3.5677257667703577,-1.790226067639766
49.0,195.0,1006.0159912109376,-2.6310234628470943,-3.083569318768396,0.7504702103665593,3.6277485485420167,-0.3466754702100215,3.086939615766214,-0.2092878311350413,2.4816365336934663,-3.5677257667703577,-1.790226067639766
49.0,195.0,1006.02197265625,-2.631002354219387,-3.0835694122181034,0.7504702103665593,3.6277485485420167,-0.3466754689712327,3.086939615766214,-0.2094293914039492,2.481636533693466,-3.5677257667703577,-1.790226067639766
49.0,195.0,1006.0497436523438,-2.629955408346797,-3.083569319343921,0.7504702103665593,3.6277485485420167,-0.5128105748328122,3.09321033165748,-0.2218042758991759,2.481636533693465,-3.5677257667703577,-1.790226067639766
49.0,196.0,1004.9927978515624,-2.5030631640214214,-3.08356942549188,0.7504702103665593,3.62774854855232,-0.3466798679779577,2.90645838214186,-0.168960223311108,2.481636533693465,-3.5677257667703577,-1.790226067639766
49.0,196.0,1005.0216674804688,-2.633045956192961,-3.0835693187733133,0.7504702103665593,3.627748548541981,-0.4989956042403605,3.029373789003559,-0.2163911286052917,2.481636533693465,-3.5677257667703577,-1.7943618467622824
49.0,196.0,1005.0670776367188,-2.5030631640214214,-3.08356942549188,0.7504702103665593,3.62774854855232,-0.3466798679779577,2.903014565832628,-0.1688019451051834,2.481636533693465,-3.5677257667703577,-1.790226067639766
49.0,196.0,1005.1368408203124,-2.546813377290425,-3.083569319343921,0.7504702103665593,3.627748548719725,-0.3582814674709862,3.068182605210061,-0.1729918782532187,2.481636533693465,-3.5677257667703577,-1.790226067639766
49.0,196.0,1005.3665161132812,-2.619647824534112,-3.0835693187733133,0.7504702103665593,3.6277485494291306,-0.4968957695353178,3.029373789003559,-0.1609461487394564,2.481636533693465,-3.5677257667703577,-1.7426970964152726
49.0,196.0,1005.4000244140624,-2.629955408346797,-3.083569319343921,0.7504702103665593,3.627748546837,-0.3466798678630431,3.068182605210061,-0.1741073170199691,2.481636533693465,-3.5677257667703577,-1.790226067639766
49.0,196.0,1005.4262084960938,-2.6300892612532203,-3.083569319343921,0.7504702103665593,3.627748546839281,-0.3466798678630431,3.068182605210061,-0.1729918782532187,2.481636533693465,-3.5677257667703577,-1.790226067639766
49.0,196.0,1005.4281005859376,-2.629955408346797,-3.083569319343921,0.7504702103665593,3.627748546839281,-0.3466798678630431,3.068182605210061,-0.1729918782532187,2.481636533693465,-3.5677257667703577,-1.790226067639766
49.0,196.0,1005.4281005859376,-2.629955408346797,-3.083569319343921,0.7504702103665593,3.627748546839281,-0.3466478814864103,3.068182605210061,-0.1729918782532187,2.481636533693465,-3.5677257667703577,-1.790226067639766
49.0,196.0,1005.4281005859376,-2.629955408346797,-3.083569319343921,0.7504702103665593,3.6277485467118935,-0.3466813684204503,3.068182605210061,-0.1729918782532187,2.481636533693465,-3.5677257667703577,-1.790226067639766
49.0,196.0,1005.4281005859376,-2.629955408346797,-3.083569319343921,0.7504702103665593,3.627748546839281,-0.3466798678630431,3.068182605210061,-0.1729918782532187,2.481636533693465,-3.5677257667703577,-1.790226067639766
49.0,196.0,1005.4281005859376,-2.629955408346797,-3.083569319343921,0.7504702103665593,3.627748546839281,-0.3466798678630431,3.068182605210061,-0.1729918782532187,2.481636533693465,-3.5677257667703577,-1.790226067639766
49.0,196.0,1005.4305419921876,-2.629955408346797,-3.083569319343921,0.7504702103665593,3.627748548594687,-0.3466798679779577,3.068182605210061,-0.1729044101385147,2.481636533693465,-3.5677257667703577,-1.790226067639766
49.0,196.0,1005.4305419921876,-2.629955408346797,-3.083569319343921,0.7504702103665593,3.627748548594687,-0.3466798678732692,3.068182605210061,-0.1729047736877603,2.481636533693465,-3.5677257667703577,-1.790226067639766
49.0,196.0,1005.4331665039062,-2.629955408346797,-3.083569319343921,0.7504702103665593,3.627748546837,-0.3466798678630431,3.068182605210061,-0.1728105547993217,2.481636533693465,-3.5677257667703577,-1.790226067639766
49.0,196.0,1005.4415283203124,-2.629955408346797,-3.0835693193284817,0.7504702103665593,3.6277485467118935,-0.3466815130590787,3.068656287688324,-0.1729918782532187,2.481636533693465,-3.5677257667703577,-1.790226067639766
49.0,196.0,1005.4871826171876,-2.5143295920759448,-3.0835693187733133,0.7504702103665593,3.6277485494291306,-0.4968957695353178,3.029373789003559,-0.2163911286052917,2.481636533693465,-3.5677257667703577,-1.7426970964152726
49.0,196.0,1005.4942016601562,-2.633694626715134,-3.083569319347108,0.7504702103665593,3.6277485494291306,-0.4987672715594034,3.0295324523457445,-0.1609461487394564,2.481636533693465,-3.5677257667703577,-1.7426970964152726
49.0,196.0,1005.544189453125,-2.629955408346797,-3.083569319343921,0.7504702103665593,3.627748548719725,-0.3582494185886207,3.068182605210061,-0.1729918782532187,2.481636533693465,-3.5677257667703577,-1.790226067639766
49.0,196.0,1005.544189453125,-2.629955408346797,-3.083569319343921,0.7504702103665593,3.627748548717574,-0.3582494185886207,3.068182605210061,-0.1729918782532187,2.481636533693465,-3.5677257667703577,-1.790226067639766
49.0,196.0,1005.5516967773438,-2.629955408346797,-3.083569319344023,0.7504702103665593,3.627748548568359,-0.3466775123725102,3.068182605210061,-0.1680472953612486,2.4815769473296543,-3.5677257667703577,-1.791196830963579
49.0,196.0,1005.5516967773438,-2.629955408346797,-3.0835693193358726,0.7504702103665593,3.627748548546283,-0.3466798568428525,3.068182605210061,-0.1680472953612486,2.481573864711446,-3.5677257667703577,-1.791196830963579
49.0,196.0,1005.5546875,-2.631176098433581,-3.083569318773332,0.7504702103665593,3.627748549416919,-0.3466754702100215,3.028665528161294,-0.2092878311350413,2.4816365336934663,-3.5677257667703577,-1.7440657774380584
49.0,196.0,1005.5579833984376,-2.629955408346797,-3.083569319343921,0.7504702103665593,3.62774854678661,-0.3466478814864103,3.068182605210061,-0.169047691425812,2.481636533693465,-3.5677257667703577,-1.790226067639766
49.0,196.0,1005.5610961914062,-2.629968712833862,-3.083569319342236,0.7504702103665593,3.6277485485420167,-0.3466775450090619,3.068182605210061,-0.168960223311108,2.481636533693465,-3.5677257667703577,-1.790226067639766
49.0,196.0,1005.5611572265624,-2.629955408346797,-3.083569319343921,0.7504702103665593,3.627748548669404,-0.3466463810439176,3.068182605210061,-0.168960223311108,2.481636533693465,-3.5677257667703577,-1.790226067639766
49.0,196.0,1005.5614013671876,-2.629955408346797,-3.083569319343921,0.7504702103665593,3.6277485485294094,-0.3466489890331518,3.068182605210061,-0.1689546854706127,2.481636533693465,-3.5677257667703577,-1.790226067639766
49.0,196.0,1005.5614624023438,-2.629955408346797,-3.0835693187837534,0.7504702103665593,3.627748549485241,-0.3466775235076154,3.068182605210061,-0.168960223311108,2.4816396163116736,-3.5677257667703577,-1.790226067639766
49.0,196.0,1005.5615234375,-2.629955408346797,-3.083569319343921,0.7504702103665593,3.6277485485420167,-0.3466798679779577,3.068182605210061,-0.168960223311108,2.481636533693465,-3.5677257667703577,-1.790226067639766
49.0,196.0,1005.5615234375,-2.629955408346797,-3.083569319343921,0.7504702103665593,3.6277485485420167,-0.3466798679779577,3.068182605210061,-0.168960223311108,2.481636533693465,-3.5677257667703577,-1.790226067639766
49.0,196.0,1005.5615234375,-2.629955408346797,-3.083569319343921,0.7504702103665593,3.6277485485420167,-0.3466798679779577,3.068182605210061,-0.168960223311108,2.481636533693465,-3.5677257667703577,-1.790226067639766
49.0,196.0,1005.5615234375,-2.629955408346797,-3.083569318775603,0.7504702103665593,3.6277485494631647,-0.3466798679779577,3.068182605210061,-0.168960223311108,2.481636533693465,-3.5677257667703577,-1.790226067639766
49.0,196.0,1005.5615234375,-2.629955408346797,-3.083569319343921,0.7504702103665593,3.6277485485420167,-0.3466798679779577,3.068182605210061,-0.168960223311108,2.481636533693465,-3.5677257667703577,-1.790226067639766
49.0,196.0,1005.5615234375,-2.629955408346797,-3.083569319343921,0.7504702103665593,3.6277485485420167,-0.3466798679779577,3.068182605210061,-0.168960223311108,2.481636533693465,-3.5677257667703577,-1.790226067639766
49.0,196.0,1005.5615234375,-2.629955408346797,-3.083569318775603,0.7504702103665593,3.6277485494631647,-0.3466798679779577,3.068182605210061,-0.168960223311108,2.481636533693465,-3.5677257667703577,-1.790226067639766
49.0,196.0,1005.5615234375,-2.629955408346797,-3.083569319343921,0.7504702103665593,3.6277485485420167,-0.3466798679779577,3.068182605210061,-0.168960223311108,2.481636533693465,-3.5677257667703577,-1.790226067639766
49.0,196.0,1005.5764770507812,-2.629955408346797,-3.083569319343921,0.7504702103665593,3.627748548594687,-0.3466798679779577,3.071626421519292,-0.1730626883444394,2.481636533693465,-3.5677257667703577,-1.790226067639766
49.0,196.0,1005.5772705078124,-2.629955408346797,-3.083569319343921,0.7504702103665593,3.6277485485420167,-0.3466798679779577,3.068182605210061,-0.1685301270529045,2.481636533693465,-3.5677257667703577,-1.790226067639766
49.0,196.0,1005.5772705078124,-2.629955408346797,-3.083569319343921,0.7504702103665593,3.6277485485420167,-0.3466798679779577,3.068182605210061,-0.1685301270529045,2.481636533693465,-3.5677257667703577,-1.790226067639766
49.0,196.0,1005.6021118164062,-2.629955408346797,-3.083569319343921,0.7504702103665593,3.6277485494705615,-0.5042530096242038,3.030139908092569,-0.1729918782532187,2.481636533693465,-3.5677257667703577,-1.790226067639766
49.0,196.0,1005.6332397460938,-2.629107553860801,-3.083569319329013,0.7504702103665593,3.4563628353112508,-0.4970208574373583,3.029393119835876,-0.2058437790153904,2.4815796126658456,-3.5677257667703577,-1.7430453891709317
49.0,196.0,1005.7089233398438,-2.6291574991434365,-3.083569319329013,0.7504702103665593,3.6277485485605054,-0.4948876023967534,3.0293948679735463,-0.2051043862915612,2.4815789982670564,-3.5677257667703577,-1.7430453891709317
49.0,196.0,1005.761962890625,-2.392887571736543,-3.083569319343921,0.7504702103665593,3.627748549382977,-0.3466798679779577,3.068182605210061,-0.1609461487394564,2.481636533693465,-3.5677257667703577,-1.7394140472302242
49.0,196.0,1005.7977294921876,-2.629955408346797,-3.083569319343921,0.7504702103665593,3.6277485485420167,-0.3466798679779577,3.068182605210061,-0.1613158587083138,2.481636533693465,-3.5677257667703577,-1.790226067639766
49.0,196.0,1005.8004760742188,-2.629955408346797,-3.083569319343921,0.7504702103665593,3.6277485485420167,-0.3466798220216797,3.0687529781074394,-0.2170228591027421,2.64014424414588,-3.5677257667703577,-1.790226067639766
49.0,196.0,1005.8048095703124,-2.629955408346797,-3.083569319343921,0.7504702103665593,3.6277485485420167,-0.3466798679779577,3.068182605210061,-0.1608857624501103,2.481636533693465,-3.5677257667703577,-1.790226067639766
49.0,196.0,1005.8048095703124,-2.629955408346797,-3.083569319343921,0.7504702103665593,3.6277485485420167,-0.3466798679779577,3.068182605210061,-0.1608857624501103,2.481636533693465,-3.5677257667703577,-1.790226067639766
49.0,196.0,1005.8048095703124,-2.629955408346797,-3.083569319343921,0.7504702103665593,3.627748548544209,-0.3466798679779577,3.068182605210061,-0.1608857624501103,2.481636533693465,-3.5677257667703577,-1.790226067639766
49.0,196.0,1005.8523559570312,-2.6196977698167463,-3.083569319341631,0.7504702103665593,3.616053191685332,-0.4947625144947128,3.0293755371412296,-0.1602067560156272,2.481635919294676,-3.5677257667703577,-1.7426970964152726
49.0,196.0,1005.8607788085938,-2.6298381845675323,-3.0835693193440257,0.7504702103665593,3.627748546938247,-0.3466750942511181,3.068182605210061,-0.2034744264650901,2.4816643159287146,-3.5677257667704256,-1.7386511575593424
49.0,197.0,1004.9927978515624,-2.5030631640214214,-3.08356942549188,0.7504702103665593,3.62774854855232,-0.3466798679779577,2.90645838214186,-0.168960223311108,2.481636533693465,-3.5677257667703577,-1.790226067639766
49.0,197.0,1005.0216674804688,-2.633045956192961,-3.0835693187733133,0.7504702103665593,3.627748548541981,-0.4989956042403605,3.029373789003559,-0.2163911286052917,2.481636533693465,-3.5677257667703577,-1.7943618467622824
49.0,197.0,1005.0670776367188,-2.5030631640214214,-3.08356942549188,0.7504702103665593,3.62774854855232,-0.3466798679779577,2.903014565832628,-0.1688019451051834,2.481636533693465,-3.5677257667703577,-1.790226067639766
49.0,197.0,1005.079345703125,-2.5410934724728844,-3.083569319343921,0.7504702103665593,3.627748548719725,-0.3582804161289492,3.068182605210061,-0.1729918782532187,2.481636533693465,-3.5677257667703577,-1.790226067639766
49.0,197.0,1005.1368408203124,-2.546813377290425,-3.083569319343921,0.7504702103665593,3.627748548719725,-0.3582814674709862,3.068182605210061,-0.1729918782532187,2.481636533693465,-3.5677257667703577,-1.790226067639766
49.0,197.0,1005.2767944335938,-2.546813377290425,-3.083569319343921,0.7504702103665593,3.627748548719725,-0.3469102227128396,3.068182605210061,-0.1729918782532187,2.481636533693465,-3.5677257667703577,-1.790226067639766
49.0,197.0,1005.3665161132812,-2.619647824534112,-3.0835693187733133,0.7504702103665593,3.6277485494291306,-0.4968957695353178,3.029373789003559,-0.1609461487394564,2.481636533693465,-3.5677257667703577,-1.7426970964152726
49.0,197.0,1005.3825073242188,-2.6356753131643376,-3.083569319343921,0.7504702103665593,3.627748548719725,-0.3582504699306577,3.068182605210061,-0.1729918782532187,2.481636533693465,-3.5677257667703577,-1.790226067639766
49.0,197.0,1005.4000244140624,-2.629955408346797,-3.083569319343921,0.7504702103665593,3.627748546837,-0.3466798678630431,3.068182605210061,-0.1741073170199691,2.481636533693465,-3.5677257667703577,-1.790226067639766
49.0,197.0,1005.4000244140624,-2.629955408346797,-3.0835693193439204,0.7504702103665593,3.627748546837,-0.3466798678630431,3.068182605210061,-0.1741073170199691,2.4816408042372378,-3.5677257667703577,-1.790226067639766
49.0,197.0,1005.4176635742188,-2.629955408346797,-3.083569319343921,0.7504702103665593,3.627748546827879,-0.3466798678630431,3.067722030574643,-0.1729918782532187,2.481636533693465,-3.5677257667703577,-1.790226067639766
49.0,197.0,1005.4255981445312,-2.629955408346797,-3.083569319343921,0.7504702103665593,3.627748548669404,-0.3466809090426373,3.068182605210061,-0.1730854547294265,2.481636533693465,-3.5677257667703577,-1.790226067639766
49.0,197.0,1005.4262084960938,-2.6300892612532203,-3.083569319343921,0.7504702103665593,3.627748546839281,-0.3466798678630431,3.068182605210061,-0.1729918782532187,2.481636533693465,-3.5677257667703577,-1.790226067639766
49.0,197.0,1005.4281005859376,-2.629955408346797,-3.083569319343921,0.7504702103665593,3.627748546839281,-0.3466798678630431,3.068182605210061,-0.1729918782532187,2.481636533693465,-3.5677257667703577,-1.790226067639766
49.0,197.0,1005.4281005859376,-2.629955408346797,-3.083569319343921,0.7504702103665593,3.627748546839281,-0.3466478814864103,3.068182605210061,-0.1729918782532187,2.481636533693465,-3.5677257667703577,-1.790226067639766
49.0,197.0,1005.4281005859376,-2.629955408346797,-3.083569319343921,0.7504702103665593,3.6277485467118935,-0.3466813684204503,3.068182605210061,-0.1729918782532187,2.481636533693465,-3.5677257667703577,-1.790226067639766
49.0,197.0,1005.4281005859376,-2.629955408346797,-3.083569319343921,0.7504702103665593,3.627748546839281,-0.3466798678630431,3.068182605210061,-0.1729918782532187,2.481636533693465,-3.5677257667703577,-1.790226067639766
49.0,197.0,1005.4281005859376,-2.629955408346797,-3.083569319343921,0.7504702103665593,3.627748546839281,-0.3466798678630431,3.068182605210061,-0.1729918782532187,2.481636533693465,-3.5677257667703577,-1.790226067639766
49.0,197.0,1005.4281005859376,-2.629955408346797,-3.083569319343921,0.7504702103665593,3.627748546839281,-0.3466798678632349,3.068182605210061,-0.1729918782532187,2.481636533693465,-3.5677257667703577,-1.790226067639766
49.0,197.0,1005.4281005859376,-2.629955408346797,-3.083569319343921,0.7504702103665593,3.6277485467118935,-0.3466813684204503,3.068182605210061,-0.1729918782532187,2.481636533693465,-3.5677257667703577,-1.790226067639766
49.0,197.0,1005.4305419921876,-2.629955408346797,-3.083569319343921,0.7504702103665593,3.627748548594687,-0.3466798679779577,3.068182605210061,-0.1729044101385147,2.481636533693465,-3.5677257667703577,-1.790226067639766
49.0,197.0,1005.4305419921876,-2.629955408346797,-3.083569319343921,0.7504702103665593,3.627748548594687,-0.3466798678732692,3.068182605210061,-0.1729047736877603,2.481636533693465,-3.5677257667703577,-1.790226067639766
49.0,197.0,1005.4331665039062,-2.629955408346797,-3.083569319343921,0.7504702103665593,3.627748546837,-0.3466798678630431,3.068182605210061,-0.1728105547993217,2.481636533693465,-3.5677257667703577,-1.790226067639766
49.0,197.0,1005.4415283203124,-2.629955408346797,-3.0835693193284817,0.7504702103665593,3.6277485467118935,-0.3466815130590787,3.068656287688324,-0.1729918782532187,2.481636533693465,-3.5677257667703577,-1.790226067639766
49.0,197.0,1005.4871826171876,-2.5143295920759448,-3.0835693187733133,0.7504702103665593,3.6277485494291306,-0.4968957695353178,3.029373789003559,-0.2163911286052917,2.481636533693465,-3.5677257667703577,-1.7426970964152726
49.0,197.0,1005.4942016601562,-2.633694626715134,-3.083569319347108,0.7504702103665593,3.6277485494291306,-0.4987672715594034,3.0295324523457445,-0.1609461487394564,2.481636533693465,-3.5677257667703577,-1.7426970964152726
49.0,197.0,1005.5365600585938,-2.629955408346797,-3.083569319343921,0.7504702103665593,3.627748548719725,-0.3577708975742987,3.068182605210061,-0.1729918782532187,2.481636533693465,-3.5677257667703577,-1.790226067639766
49.0,197.0,1005.541015625,-2.629955408346797,-3.083569319343921,0.7504702103665593,3.627748546839281,-0.3580511126211897,3.068182605210061,-0.1729918782532187,2.481636533693465,-3.5677257667703577,-1.790226067639766
49.0,197.0,1005.544189453125,-2.629955408346797,-3.083569319343921,0.7504702103665593,3.627748548719725,-0.3582494185886207,3.068182605210061,-0.1729918782532187,2.481636533693465,-3.5677257667703577,-1.790226067639766
49.0,197.0,1005.544189453125,-2.629955408346797,-3.083569319343921,0.7504702103665593,3.627748548717574,-0.3582494185886207,3.068182605210061,-0.1729918782532187,2.481636533693465,-3.5677257667703577,-1.790226067639766
49.0,197.0,1005.5487670898438,-2.629955408346797,-3.0835693193284817,0.7504702103665593,3.6277485488528063,-0.358045910619134,3.068656287688324,-0.1729918782532187,2.481636533693465,-3.5677257667703577,-1.790226067639766
49.0,197.0,1005.5516967773438,-2.629955408346797,-3.083569319344023,0.7504702103665593,3.627748548568359,-0.3466775123725102,3.068182605210061,-0.1680472953612486,2.4815769473296543,-3.5677257667703577,-1.791196830963579
49.0,197.0,1005.5516967773438,-2.629955408346797,-3.0835693193358726,0.7504702103665593,3.627748548546283,-0.3466798568428525,3.068182605210061,-0.1680472953612486,2.481573864711446,-3.5677257667703577,-1.791196830963579
49.0,197.0,1005.5516967773438,-2.629955408346797,-3.0835693193440235,0.7504702103665593,3.627748548568359,-0.3466775123725102,3.068182605210061,-0.1680472953612486,2.481572676785882,-3.5677257667703577,-1.791196830963579
49.0,197.0,1005.5546875,-2.631176098433581,-3.083569318773332,0.7504702103665593,3.627748549416919,-0.3466754702100215,3.028665528161294,-0.2092878311350413,2.4816365336934663,-3.5677257667703577,-1.7440657774380584
49.0,197.0,1005.5579833984376,-2.629955408346797,-3.083569319343921,0.7504702103665593,3.62774854678661,-0.3466478814864103,3.068182605210061,-0.169047691425812,2.481636533693465,-3.5677257667703577,-1.790226067639766
49.0,197.0,1005.5610961914062,-2.629968712833862,-3.083569319342236,0.7504702103665593,3.6277485485420167,-0.3466775450090619,3.068182605210061,-0.168960223311108,2.481636533693465,-3.5677257667703577,-1.790226067639766
49.0,197.0,1005.5611572265624,-2.629955408346797,-3.083569319343921,0.7504702103665593,3.627748548669404,-0.3466463810439176,3.068182605210061,-0.168960223311108,2.481636533693465,-3.5677257667703577,-1.790226067639766
49.0,197.0,1005.5614013671876,-2.629955408346797,-3.083569319343921,0.7504702103665593,3.6277485485294094,-0.3466489890331518,3.068182605210061,-0.1689546854706127,2.481636533693465,-3.5677257667703577,-1.790226067639766
49.0,197.0,1005.5614624023438,-2.629955408346797,-3.0835693187837534,0.7504702103665593,3.627748549485241,-0.3466775235076154,3.068182605210061,-0.168960223311108,2.4816396163116736,-3.5677257667703577,-1.790226067639766
49.0,197.0,1005.5615234375,-2.629955408346797,-3.083569319343921,0.7504702103665593,3.6277485485420167,-0.3466798679779577,3.068182605210061,-0.168960223311108,2.481636533693465,-3.5677257667703577,-1.790226067639766
49.0,197.0,1005.5615234375,-2.629955408346797,-3.083569319343921,0.7504702103665593,3.6277485485420167,-0.3466798679779577,3.068182605210061,-0.168960223311108,2.481636533693465,-3.5677257667703577,-1.790226067639766
49.0,197.0,1005.5615234375,-2.629955408346797,-3.083569319343921,0.7504702103665593,3.6277485485420167,-0.3466798679779577,3.068182605210061,-0.168960223311108,2.481636533693465,-3.5677257667703577,-1.790226067639766
49.0,197.0,1005.5615234375,-2.629955408346797,-3.083569318775603,0.7504702103665593,3.6277485494631647,-0.3466798679779577,3.068182605210061,-0.168960223311108,2.481636533693465,-3.5677257667703577,-1.790226067639766
49.0,197.0,1005.5615234375,-2.629955408346797,-3.083569319343921,0.7504702103665593,3.6277485485420167,-0.3466798679779577,3.068182605210061,-0.168960223311108,2.481636533693465,-3.5677257667703577,-1.790226067639766
49.0,197.0,1005.5615234375,-2.629955408346797,-3.083569319343921,0.7504702103665593,3.6277485485420167,-0.3466798679779577,3.068182605210061,-0.168960223311108,2.481636533693465,-3.5677257667703577,-1.790226067639766
49.0,197.0,1005.5615234375,-2.629955408346797,-3.083569318775603,0.7504702103665593,3.6277485494631647,-0.3466798679779577,3.068182605210061,-0.168960223311108,2.481636533693465,-3.5677257667703577,-1.790226067639766
49.0,197.0,1005.5615234375,-2.629955408346797,-3.083569319343921,0.7504702103665593,3.6277485485420167,-0.3466798679779577,3.068182605210061,-0.168960223311108,2.481636533693465,-3.5677257667703577,-1.790226067639766
49.0,197.0,1005.5764770507812,-2.629955408346797,-3.083569319343921,0.7504702103665593,3.627748548594687,-0.3466798679779577,3.071626421519292,-0.1730626883444394,2.481636533693465,-3.5677257667703577,-1.790226067639766
49.0,197.0,1005.5772705078124,-2.629955408346797,-3.083569319343921,0.7504702103665593,3.6277485485420167,-0.3466798679779577,3.068182605210061,-0.1685301270529045,2.481636533693465,-3.5677257667703577,-1.790226067639766
49.0,198.0,1004.9927978515624,-2.5030631640214214,-3.08356942549188,0.7504702103665593,3.62774854855232,-0.3466798679779577,2.90645838214186,-0.168960223311108,2.481636533693465,-3.5677257667703577,-1.790226067639766
49.0,198.0,1005.0114135742188,-2.633045956192961,-3.0835693187733133,0.7504702103665593,3.627748548541981,-0.5002852342118091,3.029373789003559,-0.2163911286052917,2.481636533693465,-3.5677257667703577,-1.7943618467622824
49.0,198.0,1005.0216674804688,-2.633045956192961,-3.0835693187733133,0.7504702103665593,3.627748548541981,-0.4989956042403605,3.029373789003559,-0.2163911286052917,2.481636533693465,-3.5677257667703577,-1.7943618467622824
49.0,198.0,1005.0670776367188,-2.5030631640214214,-3.08356942549188,0.7504702103665593,3.62774854855232,-0.3466798679779577,2.903014565832628,-0.1688019451051834,2.481636533693465,-3.5677257667703577,-1.790226067639766
49.0,198.0,1005.079345703125,-2.5410934724728844,-3.083569319343921,0.7504702103665593,3.627748548719725,-0.3582804161289492,3.068182605210061,-0.1729918782532187,2.481636533693465,-3.5677257667703577,-1.790226067639766
49.0,198.0,1005.1368408203124,-2.546813377290425,-3.083569319343921,0.7504702103665593,3.627748548719725,-0.3582814674709862,3.068182605210061,-0.1729918782532187,2.481636533693465,-3.5677257667703577,-1.790226067639766
49.0,198.0,1005.1368408203124,-2.546813377290425,-3.083569319343921,0.7504702103665593,3.627748548719725,-0.3582814674709862,3.068182605210061,-0.1729918782532187,2.481636533693465,-3.5677257667703577,-1.790226067639766
49.0,198.0,1005.2257080078124,-2.5318658308438016,-3.083569319343921,0.7504702103665593,3.6277485488069305,-0.3582804161289492,3.068182605210061,-0.1730509108411245,2.5550858839671604,-3.5677257667703577,-1.790226067639766
49.0,198.0,1005.2767944335938,-2.546813377290425,-3.083569319343921,0.7504702103665593,3.627748548719725,-0.3469102227128396,3.068182605210061,-0.1729918782532187,2.481636533693465,-3.5677257667703577,-1.790226067639766
49.0,198.0,1005.3246459960938,-2.5485056668879853,-3.083569319343921,0.7504702103665593,3.6277485487165344,-0.3467932186046967,3.068182605210061,-0.1729918782532187,2.481636533693465,-3.5677257667703577,-1.790226067639766
49.0,198.0,1005.3665161132812,-2.619647824534112,-3.0835693187733133,0.7504702103665593,3.6277485494291306,-0.4968957695353178,3.029373789003559,-0.1609461487394564,2.481636533693465,-3.5677257667703577,-1.7426970964152726
49.0,198.0,1005.3825073242188,-2.6356753131643376,-3.083569319343921,0.7504702103665593,3.627748548719725,-0.3582504699306577,3.068182605210061,-0.1729918782532187,2.481636533693465,-3.5677257667703577,-1.790226067639766
49.0,198.0,1005.4000244140624,-2.629955408346797,-3.083569319343921,0.7504702103665593,3.627748546837,-0.3466798678630431,3.068182605210061,-0.1741073170199691,2.481636533693465,-3.5677257667703577,-1.790226067639766
49.0,198.0,1005.4000244140624,-2.629955408346797,-3.0835693193439204,0.7504702103665593,3.627748546837,-0.3466798678630431,3.068182605210061,-0.1741073170199691,2.4816408042372378,-3.5677257667703577,-1.790226067639766
49.0,198.0,1005.4000244140624,-2.629955408346797,-3.083569319343921,0.7504702103665593,3.627748546837,-0.3466798678630431,3.068182605210061,-0.1741073170199691,2.481636533693465,-3.5677257667703577,-1.790226067639766
49.0,198.0,1005.400146484375,-2.5143295920759448,-3.0835693187733133,0.7504702103665593,3.6277485494088815,-0.4815744164187072,3.029373789003559,-0.2163911286052917,2.481636533693465,-3.5677257667703577,-1.7426970964152726
49.0,198.0,1005.4176635742188,-2.629955408346797,-3.083569319343921,0.7504702103665593,3.627748546827879,-0.3466798678630431,3.067722030574643,-0.1729918782532187,2.481636533693465,-3.5677257667703577,-1.790226067639766
49.0,198.0,1005.4255981445312,-2.629955408346797,-3.083569319343921,0.7504702103665593,3.627748548669404,-0.3466809090426373,3.068182605210061,-0.1730854547294265,2.481636533693465,-3.5677257667703577,-1.790226067639766
49.0,198.0,1005.4262084960938,-2.6300892612532203,-3.083569319343921,0.7504702103665593,3.627748546839281,-0.3466798678630431,3.068182605210061,-0.1729918782532187,2.481636533693465,-3.5677257667703577,-1.790226067639766
49.0,198.0,1005.4281005859376,-2.629955408346797,-3.083569319343921,0.7504702103665593,3.627748546839281,-0.3466798678630431,3.068182605210061,-0.1729918782532187,2.481636533693465,-3.5677257667703577,-1.790226067639766
49.0,198.0,1005.4281005859376,-2.629955408346797,-3.083569319343921,0.7504702103665593,3.627748546839281,-0.3466478814864103,3.068182605210061,-0.1729918782532187,2.481636533693465,-3.5677257667703577,-1.790226067639766
49.0,198.0,1005.4281005859376,-2.629955408346797,-3.083569319343921,0.7504702103665593,3.6277485467118935,-0.3466813684204503,3.068182605210061,-0.1729918782532187,2.481636533693465,-3.5677257667703577,-1.790226067639766
49.0,198.0,1005.4281005859376,-2.629955408346797,-3.083569319343921,0.7504702103665593,3.627748546839281,-0.3466798678630431,3.068182605210061,-0.1729918782532187,2.481636533693465,-3.5677257667703577,-1.790226067639766
49.0,198.0,1005.4281005859376,-2.629955408346797,-3.083569319343921,0.7504702103665593,3.627748546839281,-0.3466798678630431,3.068182605210061,-0.1729918782532187,2.481636533693465,-3.5677257667703577,-1.790226067639766
49.0,198.0,1005.4281005859376,-2.629955408346797,-3.083569319343921,0.7504702103665593,3.627748546839281,-0.3466798678632349,3.068182605210061,-0.1729918782532187,2.481636533693465,-3.5677257667703577,-1.790226067639766
49.0,198.0,1005.4281005859376,-2.629955408346797,-3.083569319343921,0.7504702103665593,3.6277485467118935,-0.3466813684204503,3.068182605210061,-0.1729918782532187,2.481636533693465,-3.5677257667703577,-1.790226067639766
49.0,198.0,1005.4287719726562,-2.629955408346797,-3.083569319343921,0.7504702103665593,3.627748548717574,-0.3470581036575821,3.068182605210061,-0.1729918782532187,2.481636533693465,-3.5677257667703577,-1.790226067639766
49.0,198.0,1005.4293212890624,-2.629955408346797,-3.083569319343921,0.7504702103665593,3.6277485468478936,-0.3447073768926758,3.068182605210061,-0.1729918782532187,2.481636533693465,-3.5677257667703577,-1.790226067639766
49.0,198.0,1005.4305419921876,-2.629955408346797,-3.083569319343921,0.7504702103665593,3.627748548594687,-0.3466798679779577,3.068182605210061,-0.1729044101385147,2.481636533693465,-3.5677257667703577,-1.790226067639766
49.0,198.0,1005.4305419921876,-2.629955408346797,-3.083569319343921,0.7504702103665593,3.627748548594687,-0.3466798678732692,3.068182605210061,-0.1729047736877603,2.481636533693465,-3.5677257667703577,-1.790226067639766
49.0,198.0,1005.4305419921876,-2.629955408346797,-3.083569319329492,0.7504702103665593,3.627748548594687,-0.3466798679779577,3.068182605210061,-0.1729044101385147,2.481636533693465,-3.5677257667703577,-1.790226067639766
49.0,198.0,1005.4331665039062,-2.629955408346797,-3.083569319343921,0.7504702103665593,3.627748546837,-0.3466798678630431,3.068182605210061,-0.1728105547993217,2.481636533693465,-3.5677257667703577,-1.790226067639766
49.0,198.0,1005.4331665039062,-2.629955408346797,-3.083569319343921,0.7504702103665593,3.627748546837,-0.3466798678630431,3.068182605210061,-0.1728105547993217,2.481636533693465,-3.5677257667703577,-1.790226067639766
49.0,198.0,1005.4415283203124,-2.629955408346797,-3.0835693193284817,0.7504702103665593,3.6277485467118935,-0.3466815130590787,3.068656287688324,-0.1729918782532187,2.481636533693465,-3.5677257667703577,-1.790226067639766
49.0,198.0,1005.4666748046876,-2.6357519779969527,-3.083569319343921,0.7504702103665593,3.6277485466891592,-0.3465122076996306,3.068182605210061,-0.1729918782532187,2.481636533693465,-3.5677257667703577,-1.790226067639766
49.0,198.0,1005.4871826171876,-2.5143295920759448,-3.0835693187733133,0.7504702103665593,3.6277485494291306,-0.4968957695353178,3.029373789003559,-0.2163911286052917,2.481636533693465,-3.5677257667703577,-1.7426970964152726
49.0,198.0,1005.4942016601562,-2.633694626715134,-3.083569319347108,0.7504702103665593,3.6277485494291306,-0.4987672715594034,3.0295324523457445,-0.1609461487394564,2.481636533693465,-3.5677257667703577,-1.7426970964152726
49.0,198.0,1005.5338134765624,-2.629955408346797,-3.083569319343921,0.7504702103665593,3.627748548669404,-0.3578722239736758,3.068182605210061,-0.1730854547294265,2.481636533693465,-3.5677257667703577,-1.790226067639766
49.0,198.0,1005.5361938476562,-2.629955408346797,-3.083569319343921,0.7504702103665593,3.627748548594741,-0.3577471238049104,3.068182605210061,-0.1729918782532187,2.481636533693465,-3.5677257667703577,-1.790226067639766
49.0,198.0,1005.5365600585938,-2.629955408346797,-3.083569319343921,0.7504702103665593,3.627748548719725,-0.3577708975742987,3.068182605210061,-0.1729918782532187,2.481636533693465,-3.5677257667703577,-1.790226067639766
49.0,198.0,1005.541015625,-2.629955408346797,-3.083569319343921,0.7504702103665593,3.627748546839281,-0.3580511126211897,3.068182605210061,-0.1729918782532187,2.481636533693465,-3.5677257667703577,-1.790226067639766
49.0,198.0,1005.541015625,-2.629955408346797,-3.083569319343921,0.7504702103665593,3.627748548726506,-0.3580511126211897,3.068182605210061,-0.1729918782532187,2.481636533693465,-3.5677257667703577,-1.790226067639766
49.0,198.0,1005.544189453125,-2.629955408346797,-3.083569319343921,0.7504702103665593,3.627748548719725,-0.3582494185886207,3.068182605210061,-0.1729918782532187,2.481636533693465,-3.5677257667703577,-1.790226067639766
49.0,198.0,1005.544189453125,-2.629955408346797,-3.083569319343921,0.7504702103665593,3.627748548717574,-0.3582494185886207,3.068182605210061,-0.1729918782532187,2.481636533693465,-3.5677257667703577,-1.790226067639766
49.0,198.0,1005.5487670898438,-2.629955408346797,-3.0835693193284817,0.7504702103665593,3.6277485488528063,-0.358045910619134,3.068656287688324,-0.1729918782532187,2.481636533693465,-3.5677257667703577,-1.790226067639766
49.0,198.0,1005.5493774414062,-2.629968712833862,-3.083569319342236,0.7504702103665593,3.6277485485420167,-0.3453879150376134,3.068182605210061,-0.168960223311108,2.481636533693465,-3.5677257667703577,-1.790226067639766
49.0,198.0,1005.5496826171876,-2.6298787435141824,-3.083569319343921,0.7504702103665593,3.627748548742459,-0.3584196306514774,3.068182605210061,-0.1729918782532187,2.481636533693465,-3.5677257667703577,-1.790226067639766
49.0,198.0,1005.5516967773438,-2.629955408346797,-3.083569319344023,0.7504702103665593,3.627748548568359,-0.3466775123725102,3.068182605210061,-0.1680472953612486,2.4815769473296543,-3.5677257667703577,-1.791196830963579
49.0,198.0,1005.5516967773438,-2.629955408346797,-3.0835693193358726,0.7504702103665593,3.627748548546283,-0.3466798568428525,3.068182605210061,-0.1680472953612486,2.481573864711446,-3.5677257667703577,-1.791196830963579
49.0,198.0,1005.5516967773438,-2.629955408346797,-3.0835693193440235,0.7504702103665593,3.627748548568359,-0.3466775123725102,3.068182605210061,-0.1680472953612486,2.481572676785882,-3.5677257667703577,-1.791196830963579
49.0,199.0,1003.9761962890624,-2.5143295920759448,-3.0835693187733133,0.7504702103665593,3.6277485494291306,-0.3452904480290105,3.029373789003559,-0.173465770363371,2.481636533693465,-3.487482377571082,-1.7891010754732994
49.0,199.0,1004.794921875,-2.532131866278888,-3.083569319344805,0.7504702103665593,3.6277485488069305,-0.3476273531282596,3.068182605210061,-0.1729923049154012,2.547746406679231,-3.5677257667703577,-1.790226067639766
49.0,199.0,1004.8399658203124,-2.629689372911712,-3.083569319327597,0.7504702103665593,3.637203029686996,-0.3573345760597682,3.068656287688324,-0.173050484178942,2.558739684772048,-3.5677257667703577,-1.790226067639766
49.0,199.0,1004.9927978515624,-2.5030631640214214,-3.08356942549188,0.7504702103665593,3.62774854855232,-0.3466798679779577,2.90645838214186,-0.168960223311108,2.481636533693465,-3.5677257667703577,-1.790226067639766
49.0,199.0,1005.0114135742188,-2.633045956192961,-3.0835693187733133,0.7504702103665593,3.627748548541981,-0.5002852342118091,3.029373789003559,-0.2163911286052917,2.481636533693465,-3.5677257667703577,-1.7943618467622824
49.0,199.0,1005.0216674804688,-2.633045956192961,-3.0835693187733133,0.7504702103665593,3.627748548541981,-0.4989956042403605,3.029373789003559,-0.2163911286052917,2.481636533693465,-3.5677257667703577,-1.7943618467622824
49.0,199.0,1005.0670776367188,-2.5030631640214214,-3.08356942549188,0.7504702103665593,3.62774854855232,-0.3466798679779577,2.903014565832628,-0.1688019451051834,2.481636533693465,-3.5677257667703577,-1.790226067639766
49.0,199.0,1005.079345703125,-2.5410934724728844,-3.083569319343921,0.7504702103665593,3.627748548719725,-0.3582804161289492,3.068182605210061,-0.1729918782532187,2.481636533693465,-3.5677257667703577,-1.790226067639766
49.0,199.0,1005.1282958984376,-2.5030631640214214,-3.08356942549188,0.7504702103665593,3.62774854855232,-0.3466798679779577,2.90645838214186,-0.173012175766652,2.481636533693465,-3.5677257667703577,-1.790226067639766
49.0,199.0,1005.1368408203124,-2.546813377290425,-3.083569319343921,0.7504702103665593,3.627748548719725,-0.3582814674709862,3.068182605210061,-0.1729918782532187,2.481636533693465,-3.5677257667703577,-1.790226067639766
49.0,199.0,1005.1368408203124,-2.546813377290425,-3.083569319343921,0.7504702103665593,3.627748548719725,-0.3582814674709862,3.068182605210061,-0.1729918782532187,2.481636533693465,-3.5677257667703577,-1.790226067639766
49.0,199.0,1005.1412353515624,-2.5442742251007973,-3.083569319343921,0.7504702103665593,3.627748546847579,-0.3470817370376326,3.068182605210061,-0.1729918782532187,2.481636533693465,-3.5949875517507754,-1.790226067639766
49.0,199.0,1005.1764526367188,-2.539589575917081,-3.083569319343921,0.7504702103665593,3.627748546837,-0.3466798678630431,3.068182605210061,-0.1728073813026322,2.481636533693465,-3.5677257667703577,-1.790226067639766
49.0,199.0,1005.1969604492188,-2.547215670591349,-3.083569319343921,0.7504702103665593,3.627748548722306,-0.3541158898146888,3.067722030574643,-0.1729918782532187,2.481636533693465,-3.5677257667703577,-1.790226067639766
49.0,199.0,1005.2257080078124,-2.5318658308438016,-3.083569319343921,0.7504702103665593,3.6277485488069305,-0.3582804161289492,3.068182605210061,-0.1730509108411245,2.5550858839671604,-3.5677257667703577,-1.790226067639766
49.0,199.0,1005.2767944335938,-2.546813377290425,-3.083569319343921,0.7504702103665593,3.627748548719725,-0.3469102227128396,3.068182605210061,-0.1729918782532187,2.481636533693465,-3.5677257667703577,-1.790226067639766
49.0,199.0,1005.2785034179688,-2.546813377290425,-3.083569319343921,0.7504702103665593,3.6277485486775047,-0.3467504757564909,3.068182605210061,-0.1730074092866309,2.481636533693465,-3.5677257667703577,-1.790226067639766
49.0,199.0,1005.3246459960938,-2.5485056668879853,-3.083569319343921,0.7504702103665593,3.6277485487165344,-0.3467932186046967,3.068182605210061,-0.1729918782532187,2.481636533693465,-3.5677257667703577,-1.790226067639766
49.0,199.0,1005.3665161132812,-2.619647824534112,-3.0835693187733133,0.7504702103665593,3.6277485494291306,-0.4968957695353178,3.029373789003559,-0.1609461487394564,2.481636533693465,-3.5677257667703577,-1.7426970964152726
49.0,199.0,1005.3825073242188,-2.6356753131643376,-3.083569319343921,0.7504702103665593,3.627748548719725,-0.3582504699306577,3.068182605210061,-0.1729918782532187,2.481636533693465,-3.5677257667703577,-1.790226067639766
49.0,199.0,1005.3992309570312,-2.629955408346797,-3.083569319343921,0.7504702103665593,3.627748546765421,-0.3466798678630431,3.068178120941681,-0.1741386690760815,2.481636533693465,-3.5677257667703577,-1.790226067639766
49.0,199.0,1005.4000244140624,-2.629955408346797,-3.083569319343921,0.7504702103665593,3.627748546837,-0.3466798678630431,3.068182605210061,-0.1741073170199691,2.481636533693465,-3.5677257667703577,-1.790226067639766
49.0,199.0,1005.4000244140624,-2.629955408346797,-3.0835693193439204,0.7504702103665593,3.627748546837,-0.3466798678630431,3.068182605210061,-0.1741073170199691,2.4816408042372378,-3.5677257667703577,-1.790226067639766
49.0,199.0,1005.4000244140624,-2.629955408346797,-3.083569319343921,0.7504702103665593,3.627748546837,-0.3466798678630431,3.068182605210061,-0.1741073170199691,2.481636533693465,-3.5677257667703577,-1.790226067639766
49.0,199.0,1005.4000244140624,-2.629955408346797,-3.0835693193439204,0.7504702103665593,3.627748546837,-0.3466798678630431,3.068182605210061,-0.1741073170199691,2.4816408042372378,-3.5677257667703577,-1.790226067639766
49.0,199.0,1005.4000244140624,-2.629955408346797,-3.0835693193439204,0.7504702103665593,3.6277485485914087,-0.346679867863229,3.068182605210061,-0.1741073170199691,2.4816408042372378,-3.5677257667703577,-1.790226067639766
49.0,199.0,1005.400146484375,-2.5143295920759448,-3.0835693187733133,0.7504702103665593,3.6277485494088815,-0.4815744164187072,3.029373789003559,-0.2163911286052917,2.481636533693465,-3.5677257667703577,-1.7426970964152726
49.0,199.0,1005.4176635742188,-2.629955408346797,-3.083569319343921,0.7504702103665593,3.627748546827879,-0.3466798678630431,3.067722030574643,-0.1729918782532187,2.481636533693465,-3.5677257667703577,-1.790226067639766
49.0,199.0,1005.4255981445312,-2.629955408346797,-3.083569319343921,0.7504702103665593,3.627748548669404,-0.3466809090426373,3.068182605210061,-0.1730854547294265,2.481636533693465,-3.5677257667703577,-1.790226067639766
49.0,199.0,1005.4262084960938,-2.6300892612532203,-3.083569319343921,0.7504702103665593,3.627748546839281,-0.3466798678630431,3.068182605210061,-0.1729918782532187,2.481636533693465,-3.5677257667703577,-1.790226067639766
49.0,199.0,1005.4281005859376,-2.629955408346797,-3.083569319343921,0.7504702103665593,3.627748546839281,-0.3466798678630431,3.068182605210061,-0.1729918782532187,2.481636533693465,-3.5677257667703577,-1.790226067639766
49.0,199.0,1005.4281005859376,-2.629955408346797,-3.083569319343921,0.7504702103665593,3.627748546839281,-0.3466478814864103,3.068182605210061,-0.1729918782532187,2.481636533693465,-3.5677257667703577,-1.790226067639766
49.0,199.0,1005.4281005859376,-2.629955408346797,-3.083569319343921,0.7504702103665593,3.6277485467118935,-0.3466813684204503,3.068182605210061,-0.1729918782532187,2.481636533693465,-3.5677257667703577,-1.790226067639766
49.0,199.0,1005.4281005859376,-2.629955408346797,-3.083569319343921,0.7504702103665593,3.627748546839281,-0.3466798678630431,3.068182605210061,-0.1729918782532187,2.481636533693465,-3.5677257667703577,-1.790226067639766
49.0,199.0,1005.4281005859376,-2.629955408346797,-3.083569319343921,0.7504702103665593,3.627748546839281,-0.3466798678630431,3.068182605210061,-0.1729918782532187,2.481636533693465,-3.5677257667703577,-1.790226067639766
49.0,199.0,1005.4281005859376,-2.629955408346797,-3.083569319343921,0.7504702103665593,3.627748546839281,-0.3466798678632349,3.068182605210061,-0.1729918782532187,2.481636533693465,-3.5677257667703577,-1.790226067639766
49.0,199.0,1005.4281005859376,-2.629955408346797,-3.083569319343921,0.7504702103665593,3.6277485467118935,-0.3466813684204503,3.068182605210061,-0.1729918782532187,2.481636533693465,-3.5677257667703577,-1.790226067639766
49.0,199.0,1005.4281005859376,-2.629955408346797,-3.083569319343921,0.7504702103665593,3.627748546839281,-0.3466798678630431,3.068182605210061,-0.1729918782532187,2.481636533693465,-3.5677257667703577,-1.790226067639766
49.0,199.0,1005.4281005859376,-2.629955408346797,-3.083569319343921,0.7504702103665593,3.627748546839281,-0.3466798678630431,3.068182605210061,-0.1729918782532187,2.481636533693465,-3.5677257667703577,-1.790226067639766
49.0,199.0,1005.4287719726562,-2.629955408346797,-3.083569319343921,0.7504702103665593,3.627748548717574,-0.3470581036575821,3.068182605210061,-0.1729918782532187,2.481636533693465,-3.5677257667703577,-1.790226067639766
49.0,199.0,1005.4287719726562,-2.629955408346797,-3.083569319343921,0.7504702103665593,3.627748548717574,-0.3470581036575821,3.068182605210061,-0.1729918782532187,2.481636533693465,-3.5677257667703577,-1.790226067639766
49.0,199.0,1005.4293212890624,-2.629955408346797,-3.083569319343921,0.7504702103665593,3.6277485468478936,-0.3447073768926758,3.068182605210061,-0.1729918782532187,2.481636533693465,-3.5677257667703577,-1.790226067639766
49.0,199.0,1005.4305419921876,-2.629955408346797,-3.083569319343921,0.7504702103665593,3.627748548594687,-0.3466798679779577,3.068182605210061,-0.1729044101385147,2.481636533693465,-3.5677257667703577,-1.790226067639766
49.0,199.0,1005.4305419921876,-2.629955408346797,-3.083569319343921,0.7504702103665593,3.627748548594687,-0.3466798678732692,3.068182605210061,-0.1729047736877603,2.481636533693465,-3.5677257667703577,-1.790226067639766
49.0,199.0,1005.4305419921876,-2.629955408346797,-3.083569319329492,0.7504702103665593,3.627748548594687,-0.3466798679779577,3.068182605210061,-0.1729044101385147,2.481636533693465,-3.5677257667703577,-1.790226067639766
49.0,199.0,1005.4305419921876,-2.629955408346797,-3.083569319343921,0.7504702103665593,3.627748546840278,-0.3466798678730833,3.068182605210061,-0.1729047736877603,2.481636533693465,-3.5677257667703577,-1.790226067639766
49.0,199.0,1005.4307250976562,-2.629955408346797,-3.083569319343921,0.7504702103665593,3.627748546919384,-0.3466798678632349,3.068182605210061,-0.1728977187205163,2.481636533693465,-3.5677257667703577,-1.790226067639766
49.0,199.0,1005.4331665039062,-2.629955408346797,-3.083569319343921,0.7504702103665593,3.627748546837,-0.3466798678630431,3.068182605210061,-0.1728105547993217,2.481636533693465,-3.5677257667703577,-1.790226067639766
49.0,199.0,1005.4331665039062,-2.629955408346797,-3.083569319343921,0.7504702103665593,3.627748546837,-0.3466798678630431,3.068182605210061,-0.1728105547993217,2.481636533693465,-3.5677257667703577,-1.790226067639766
49.0,199.0,1005.4415283203124,-2.629955408346797,-3.0835693193284817,0.7504702103665593,3.6277485467118935,-0.3466815130590787,3.068656287688324,-0.1729918782532187,2.481636533693465,-3.5677257667703577,-1.790226067639766
49.0,200.0,1003.9761962890624,-2.5143295920759448,-3.0835693187733133,0.7504702103665593,3.6277485494291306,-0.3452904480290105,3.029373789003559,-0.173465770363371,2.481636533693465,-3.487482377571082,-1.7891010754732994
49.0,200.0,1004.003662109375,-2.5143295920759448,-3.0835693187733133,0.7504702103665593,3.627748549461335,-0.3452904480290105,3.069036184748798,-0.1734276304165324,2.481636533693465,-3.4815056812016643,-1.7891066216227427
49.0,200.0,1004.794921875,-2.532131866278888,-3.083569319344805,0.7504702103665593,3.6277485488069305,-0.3476273531282596,3.068182605210061,-0.1729923049154012,2.547746406679231,-3.5677257667703577,-1.790226067639766
49.0,200.0,1004.8199462890624,-2.629689372911712,-3.083569319327565,0.7504702103665593,3.637203029686996,-0.3573345760597682,3.0686699674381144,-0.172991985508385,2.5574238400793075,-3.5677257667703577,-1.790226067639766
49.0,200.0,1004.8399658203124,-2.629689372911712,-3.083569319327597,0.7504702103665593,3.637203029686996,-0.3573345760597682,3.068656287688324,-0.173050484178942,2.558739684772048,-3.5677257667703577,-1.790226067639766
49.0,200.0,1004.9927978515624,-2.5030631640214214,-3.08356942549188,0.7504702103665593,3.62774854855232,-0.3466798679779577,2.90645838214186,-0.168960223311108,2.481636533693465,-3.5677257667703577,-1.790226067639766
49.0,200.0,1005.0114135742188,-2.633045956192961,-3.0835693187733133,0.7504702103665593,3.627748548541981,-0.5002852342118091,3.029373789003559,-0.2163911286052917,2.481636533693465,-3.5677257667703577,-1.7943618467622824
49.0,200.0,1005.0114135742188,-2.633045956192961,-3.0835693187733133,0.7504702103665593,3.627748548541981,-0.5002852342118091,3.029373789003559,-0.2163911286052917,2.481636533693465,-3.5677257667703577,-1.7943618467622824
49.0,200.0,1005.0216674804688,-2.633045956192961,-3.0835693187733133,0.7504702103665593,3.627748548541981,-0.4989956042403605,3.029373789003559,-0.2163911286052917,2.481636533693465,-3.5677257667703577,-1.7943618467622824
49.0,200.0,1005.0308837890624,-2.5030631640214214,-3.08356942549188,0.7504702103665593,3.6277485467714135,-0.3466798679779033,2.903014565832628,-0.1730279129448912,2.481636533693465,-3.5677257667703577,-1.790226067639766
49.0,200.0,1005.0670776367188,-2.5030631640214214,-3.08356942549188,0.7504702103665593,3.62774854855232,-0.3466798679779577,2.903014565832628,-0.1688019451051834,2.481636533693465,-3.5677257667703577,-1.790226067639766
49.0,200.0,1005.0673217773438,-2.501938256846761,-3.0835693198527903,0.7504702103665593,3.62774854669847,-0.3466798679779577,2.903014565832628,-0.1688019451051834,2.481636533693465,-3.5677257667703577,-1.790226067639766
49.0,200.0,1005.079345703125,-2.5410934724728844,-3.083569319343921,0.7504702103665593,3.627748548719725,-0.3582804161289492,3.068182605210061,-0.1729918782532187,2.481636533693465,-3.5677257667703577,-1.790226067639766
49.0,200.0,1005.079345703125,-2.5410934724728844,-3.083569319343921,0.7504702103665593,3.627748548719725,-0.3582804161289492,3.068182605210061,-0.1729918782532187,2.481636533693465,-3.5677257667703577,-1.790226067639766
49.0,200.0,1005.123291015625,-2.5030631640214214,-3.083569422760472,0.7504702103665593,3.6277485485533294,-0.3463619180625842,2.90645838214186,-0.173012175766652,2.481636533693465,-3.5677257667703577,-1.790226067639766
49.0,200.0,1005.1282958984376,-2.5030631640214214,-3.08356942549188,0.7504702103665593,3.62774854855232,-0.3466798679779577,2.90645838214186,-0.173012175766652,2.481636533693465,-3.5677257667703577,-1.790226067639766
49.0,200.0,1005.1304321289062,-2.5348237250219485,-3.083569319327043,0.7504702103665593,3.6268487705073498,-0.3582804161289492,3.068182605210061,-0.1730509148150757,2.555000142223584,-3.5677257667703577,-1.790226067639766
49.0,200.0,1005.1368408203124,-2.546813377290425,-3.083569319343921,0.7504702103665593,3.627748548719725,-0.3582814674709862,3.068182605210061,-0.1729918782532187,2.481636533693465,-3.5677257667703577,-1.790226067639766
49.0,200.0,1005.1368408203124,-2.546813377290425,-3.083569319343921,0.7504702103665593,3.627748548719725,-0.3582814674709862,3.068182605210061,-0.1729918782532187,2.481636533693465,-3.5677257667703577,-1.790226067639766
49.0,200.0,1005.1368408203124,-2.546813377290425,-3.083569319343921,0.7504702103665593,3.627748548719725,-0.3582814674709862,3.068182605210061,-0.1729918782532187,2.481636533693465,-3.5677257667703577,-1.790226067639766
49.0,200.0,1005.1412353515624,-2.5442742251007973,-3.083569319343921,0.7504702103665593,3.627748546847579,-0.3470817370376326,3.068182605210061,-0.1729918782532187,2.481636533693465,-3.5949875517507754,-1.790226067639766
49.0,200.0,1005.1764526367188,-2.539589575917081,-3.083569319343921,0.7504702103665593,3.627748546837,-0.3466798678630431,3.068182605210061,-0.1728073813026322,2.481636533693465,-3.5677257667703577,-1.790226067639766
49.0,200.0,1005.1969604492188,-2.547215670591349,-3.083569319343921,0.7504702103665593,3.627748548722306,-0.3541158898146888,3.067722030574643,-0.1729918782532187,2.481636533693465,-3.5677257667703577,-1.790226067639766
49.0,200.0,1005.2257080078124,-2.5318658308438016,-3.083569319343921,0.7504702103665593,3.6277485488069305,-0.3582804161289492,3.068182605210061,-0.1730509108411245,2.5550858839671604,-3.5677257667703577,-1.790226067639766
49.0,200.0,1005.26953125,-2.546813377290425,-3.083569319343921,0.7504702103665593,3.6277485486775047,-0.3466824805364119,3.068182605210061,-0.172788710087761,2.481636533693465,-3.5677257667703577,-1.790226067639766
49.0,200.0,1005.2767944335938,-2.546813377290425,-3.083569319343921,0.7504702103665593,3.627748548719725,-0.3469102227128396,3.068182605210061,-0.1729918782532187,2.481636533693465,-3.5677257667703577,-1.790226067639766
49.0,200.0,1005.2785034179688,-2.546813377290425,-3.083569319343921,0.7504702103665593,3.6277485486775047,-0.3467504757564909,3.068182605210061,-0.1730074092866309,2.481636533693465,-3.5677257667703577,-1.790226067639766
49.0,200.0,1005.2785034179688,-2.546813377290425,-3.083569319343921,0.7504702103665593,3.6277485486775047,-0.3467504757564909,3.068182605210061,-0.1730074092866309,2.481636533693465,-3.5677257667703577,-1.790226067639766
49.0,200.0,1005.2921142578124,-2.532131866278888,-3.083569319344805,0.7504702103665593,3.627748548811031,-0.3466871702932874,3.063558070953547,-0.1729923049154012,2.4825430060981684,-3.5677257667703577,-1.790226067639766
49.0,200.0,1005.3246459960938,-2.5485056668879853,-3.083569319343921,0.7504702103665593,3.6277485487165344,-0.3467932186046967,3.068182605210061,-0.1729918782532187,2.481636533693465,-3.5677257667703577,-1.790226067639766
49.0,200.0,1005.3665161132812,-2.619647824534112,-3.0835693187733133,0.7504702103665593,3.6277485494291306,-0.4968957695353178,3.029373789003559,-0.1609461487394564,2.481636533693465,-3.5677257667703577,-1.7426970964152726
49.0,200.0,1005.3825073242188,-2.6356753131643376,-3.083569319343921,0.7504702103665593,3.627748548719725,-0.3582504699306577,3.068182605210061,-0.1729918782532187,2.481636533693465,-3.5677257667703577,-1.790226067639766
49.0,200.0,1005.3992309570312,-2.629955408346797,-3.083569319343921,0.7504702103665593,3.627748546765421,-0.3466798678630431,3.068178120941681,-0.1741386690760815,2.481636533693465,-3.5677257667703577,-1.790226067639766
49.0,200.0,1005.4000244140624,-2.629955408346797,-3.083569319343921,0.7504702103665593,3.627748546837,-0.3466798678630431,3.068182605210061,-0.1741073170199691,2.481636533693465,-3.5677257667703577,-1.790226067639766
49.0,200.0,1005.4000244140624,-2.629955408346797,-3.0835693193439204,0.7504702103665593,3.627748546837,-0.3466798678630431,3.068182605210061,-0.1741073170199691,2.4816408042372378,-3.5677257667703577,-1.790226067639766
49.0,200.0,1005.4000244140624,-2.629955408346797,-3.083569319343921,0.7504702103665593,3.627748546837,-0.3466798678630431,3.068182605210061,-0.1741073170199691,2.481636533693465,-3.5677257667703577,-1.790226067639766
49.0,200.0,1005.4000244140624,-2.629955408346797,-3.0835693193439204,0.7504702103665593,3.627748546837,-0.3466798678630431,3.068182605210061,-0.1741073170199691,2.4816408042372378,-3.5677257667703577,-1.790226067639766
49.0,200.0,1005.4000244140624,-2.629955408346797,-3.0835693193439204,0.7504702103665593,3.6277485485914087,-0.346679867863229,3.068182605210061,-0.1741073170199691,2.4816408042372378,-3.5677257667703577,-1.790226067639766
49.0,200.0,1005.4000244140624,-2.629955408346797,-3.083569319343921,0.7504702103665593,3.627748546837,-0.3466798678630431,3.068182605210061,-0.1741073170199691,2.481636533693465,-3.5677257667703577,-1.790226067639766
49.0,200.0,1005.400146484375,-2.5143295920759448,-3.0835693187733133,0.7504702103665593,3.6277485494088815,-0.4815744164187072,3.029373789003559,-0.2163911286052917,2.481636533693465,-3.5677257667703577,-1.7426970964152726
49.0,200.0,1005.4176635742188,-2.629955408346797,-3.083569319343921,0.7504702103665593,3.627748546827879,-0.3466798678630431,3.067722030574643,-0.1729918782532187,2.481636533693465,-3.5677257667703577,-1.790226067639766
49.0,200.0,1005.4212036132812,-2.629955408346797,-3.083569319343953,0.7504702103665593,3.627748546839281,-0.3466798678630431,3.068168925460271,-0.1730503769237757,2.482952378386205,-3.5677257667703577,-1.790226067639766
49.0,200.0,1005.4255981445312,-2.629955408346797,-3.083569319343921,0.7504702103665593,3.627748548669404,-0.3466809090426373,3.068182605210061,-0.1730854547294265,2.481636533693465,-3.5677257667703577,-1.790226067639766
49.0,200.0,1005.4262084960938,-2.6300892612532203,-3.083569319343921,0.7504702103665593,3.627748546839281,-0.3466798678630431,3.068182605210061,-0.1729918782532187,2.481636533693465,-3.5677257667703577,-1.790226067639766
49.0,200.0,1005.4271850585938,-2.629955408346797,-3.083569319343921,0.7504702103665593,3.627748546837,-0.3467478630831221,3.068182605210061,-0.1730292539981917,2.481636533693465,-3.5677257667703577,-1.790226067639766
49.0,200.0,1005.4281005859376,-2.629955408346797,-3.083569319343921,0.7504702103665593,3.627748546839281,-0.3466798678630431,3.068182605210061,-0.1729918782532187,2.481636533693465,-3.5677257667703577,-1.790226067639766
49.0,200.0,1005.4281005859376,-2.629955408346797,-3.083569319343921,0.7504702103665593,3.627748546839281,-0.3466478814864103,3.068182605210061,-0.1729918782532187,2.481636533693465,-3.5677257667703577,-1.790226067639766
49.0,200.0,1005.4281005859376,-2.629955408346797,-3.083569319343921,0.7504702103665593,3.6277485467118935,-0.3466813684204503,3.068182605210061,-0.1729918782532187,2.481636533693465,-3.5677257667703577,-1.790226067639766
49.0,200.0,1005.4281005859376,-2.629955408346797,-3.083569319343921,0.7504702103665593,3.627748546839281,-0.3466798678630431,3.068182605210061,-0.1729918782532187,2.481636533693465,-3.5677257667703577,-1.790226067639766
49.0,200.0,1005.4281005859376,-2.629955408346797,-3.083569319343921,0.7504702103665593,3.627748546839281,-0.3466798678630431,3.068182605210061,-0.1729918782532187,2.481636533693465,-3.5677257667703577,-1.790226067639766
49.0,201.0,1003.9061279296876,-2.5143295920759448,-3.083569319379549,0.7504702103665593,3.627748549461335,-0.3478970896647465,3.069036184748798,-0.1734276304165324,2.47809039815122,-3.4815056812016643,-1.7891066216227427
49.0,201.0,1003.9761962890624,-2.5143295920759448,-3.0835693187733133,0.7504702103665593,3.6277485494291306,-0.3452904480290105,3.029373789003559,-0.173465770363371,2.481636533693465,-3.487482377571082,-1.7891010754732994
49.0,201.0,1004.003662109375,-2.5143295920759448,-3.0835693187733133,0.7504702103665593,3.627748549461335,-0.3452904480290105,3.069036184748798,-0.1734276304165324,2.481636533693465,-3.4815056812016643,-1.7891066216227427
49.0,201.0,1004.7052001953124,-2.615465764320191,-3.0835693187733133,0.7504702103665593,3.627748549461335,-0.3488888832083786,3.069036184748798,-0.1609215331775145,2.481636533693465,-3.48238538172999,-1.7891066216227427
49.0,201.0,1004.794921875,-2.532131866278888,-3.083569319344805,0.7504702103665593,3.6277485488069305,-0.3476273531282596,3.068182605210061,-0.1729923049154012,2.547746406679231,-3.5677257667703577,-1.790226067639766
49.0,201.0,1004.8199462890624,-2.629689372911712,-3.083569319327565,0.7504702103665593,3.637203029686996,-0.3573345760597682,3.0686699674381144,-0.172991985508385,2.5574238400793075,-3.5677257667703577,-1.790226067639766
49.0,201.0,1004.8399658203124,-2.629689372911712,-3.083569319327597,0.7504702103665593,3.637203029686996,-0.3573345760597682,3.068656287688324,-0.173050484178942,2.558739684772048,-3.5677257667703577,-1.790226067639766
49.0,201.0,1004.9005737304688,-2.532131866278888,-3.083569319344805,0.7504702103665593,3.6277485488069305,-0.3596340259935339,3.068182605210061,-0.172992311684654,2.547746406679231,-3.5677257667703577,-1.790226067639766
49.0,201.0,1004.9085693359376,-2.632953638740521,-3.083569319327043,0.7504702103665593,3.6268487705073498,-0.3569085094774599,3.067790465736216,-0.173014485161777,2.555000142223584,-3.5677257667703577,-1.794527119948838
49.0,201.0,1004.9927978515624,-2.5030631640214214,-3.08356942549188,0.7504702103665593,3.62774854855232,-0.3466798679779577,2.90645838214186,-0.168960223311108,2.481636533693465,-3.5677257667703577,-1.790226067639766
49.0,201.0,1004.9931640625,-2.5030631640214214,-3.08356942549188,0.7504702103665593,3.62774854855232,-0.3466798679779577,2.906244197903684,-0.168960223311108,2.481636533693465,-3.5677257667703577,-1.790226067639766
49.0,201.0,1005.0114135742188,-2.633045956192961,-3.0835693187733133,0.7504702103665593,3.627748548541981,-0.5002852342118091,3.029373789003559,-0.2163911286052917,2.481636533693465,-3.5677257667703577,-1.7943618467622824
49.0,201.0,1005.0114135742188,-2.633045956192961,-3.0835693187733133,0.7504702103665593,3.627748548541981,-0.5002852342118091,3.029373789003559,-0.2163911286052917,2.481636533693465,-3.5677257667703577,-1.7943618467622824
49.0,201.0,1005.0114135742188,-2.633045956192961,-3.0835693187733133,0.7504702103665593,3.627748548541981,-0.5002852342118091,3.029373789003559,-0.2163911286052917,2.481636533693465,-3.5677257667703577,-1.7943618467622824
49.0,201.0,1005.0216674804688,-2.633045956192961,-3.0835693187733133,0.7504702103665593,3.627748548541981,-0.4989956042403605,3.029373789003559,-0.2163911286052917,2.481636533693465,-3.5677257667703577,-1.7943618467622824
49.0,201.0,1005.0308837890624,-2.5030631640214214,-3.08356942549188,0.7504702103665593,3.6277485467714135,-0.3466798679779033,2.903014565832628,-0.1730279129448912,2.481636533693465,-3.5677257667703577,-1.790226067639766
49.0,201.0,1005.0387573242188,-2.503382755510716,-3.0835693198527903,0.7504702103665593,3.6277485467336814,-0.3455123053749707,2.903335227470087,-0.1688019451051834,2.481636533693465,-3.5677257667703577,-1.790226067639766
49.0,201.0,1005.0587158203124,-2.5030631640214214,-3.08356942549188,0.7504702103665593,3.62774854855232,-0.3466798679779577,2.903228750070804,-0.1688019451051834,2.481636533693465,-3.5677257667703577,-1.790226067639766
49.0,201.0,1005.0670776367188,-2.5030631640214214,-3.08356942549188,0.7504702103665593,3.62774854855232,-0.3466798679779577,2.903014565832628,-0.1688019451051834,2.481636533693465,-3.5677257667703577,-1.790226067639766
49.0,201.0,1005.0673217773438,-2.501938256846761,-3.0835693198527903,0.7504702103665593,3.62774854669847,-0.3466798679779577,2.903014565832628,-0.1688019451051834,2.481636533693465,-3.5677257667703577,-1.790226067639766
49.0,201.0,1005.079345703125,-2.5410934724728844,-3.083569319343921,0.7504702103665593,3.627748548719725,-0.3582804161289492,3.068182605210061,-0.1729918782532187,2.481636533693465,-3.5677257667703577,-1.790226067639766
49.0,201.0,1005.079345703125,-2.5410934724728844,-3.083569319343921,0.7504702103665593,3.627748548719725,-0.3582804161289492,3.068182605210061,-0.1729918782532187,2.481636533693465,-3.5677257667703577,-1.790226067639766
49.0,201.0,1005.079345703125,-2.5410934724728844,-3.083569319343921,0.7504702103665593,3.627748547066716,-0.3582804161289492,3.068182605210061,-0.1729921002171044,2.481636533693465,-3.5677257667703577,-1.790226067639766
49.0,201.0,1005.123291015625,-2.5030631640214214,-3.083569422760472,0.7504702103665593,3.6277485485533294,-0.3463619180625842,2.90645838214186,-0.173012175766652,2.481636533693465,-3.5677257667703577,-1.790226067639766
49.0,201.0,1005.123291015625,-2.5030631640214214,-3.0835694253452552,0.7504702103665593,3.6277485485533294,-0.3463619180625842,2.90645838214186,-0.173012175766652,2.481636533693465,-3.5677257667703577,-1.790226067639766
49.0,201.0,1005.125732421875,-2.546813377290425,-3.083569319343921,0.7504702103665593,3.627748548719725,-0.3587632069681603,3.068182605210061,-0.1729918782532187,2.481636533693465,-3.5677257667703577,-1.790226067639766
49.0,201.0,1005.1282958984376,-2.5030631640214214,-3.08356942549188,0.7504702103665593,3.62774854855232,-0.3466798679779577,2.90645838214186,-0.173012175766652,2.481636533693465,-3.5677257667703577,-1.790226067639766
49.0,201.0,1005.1282958984376,-2.5030631640214214,-3.083569422907096,0.7504702103665593,3.62774854855232,-0.3466798679779577,2.90645838214186,-0.173012175766652,2.481636533693465,-3.5677257667703577,-1.790226067639766
49.0,201.0,1005.1304321289062,-2.5348237250219485,-3.083569319327043,0.7504702103665593,3.6268487705073498,-0.3582804161289492,3.068182605210061,-0.1730509148150757,2.555000142223584,-3.5677257667703577,-1.790226067639766
49.0,201.0,1005.1316528320312,-2.5468807569520555,-3.083569319343921,0.7504702103665593,3.627748548719725,-0.3585451799052733,3.068182605210061,-0.1729918782532187,2.481636533693465,-3.5677257667703577,-1.790226067639766
49.0,201.0,1005.1368408203124,-2.546813377290425,-3.083569319343921,0.7504702103665593,3.627748548719725,-0.3582814674709862,3.068182605210061,-0.1729918782532187,2.481636533693465,-3.5677257667703577,-1.790226067639766
49.0,201.0,1005.1368408203124,-2.546813377290425,-3.083569319343921,0.7504702103665593,3.627748548719725,-0.3582814674709862,3.068182605210061,-0.1729918782532187,2.481636533693465,-3.5677257667703577,-1.790226067639766
49.0,201.0,1005.1368408203124,-2.546813377290425,-3.083569319343921,0.7504702103665593,3.627748548719725,-0.3582814674709862,3.068182605210061,-0.1729918782532187,2.481636533693465,-3.5677257667703577,-1.790226067639766
49.0,201.0,1005.1412353515624,-2.5442742251007973,-3.083569319343921,0.7504702103665593,3.627748546847579,-0.3470817370376326,3.068182605210061,-0.1729918782532187,2.481636533693465,-3.5949875517507754,-1.790226067639766
49.0,201.0,1005.1638793945312,-2.6327832862373013,-3.0835693187733133,0.7504702103665593,3.627748548541981,-0.4996581803121349,3.029373789003559,-0.218393339341978,2.481636533693465,-3.5677257667703577,-1.7943618467622824
49.0,201.0,1005.1764526367188,-2.539589575917081,-3.083569319343921,0.7504702103665593,3.627748546837,-0.3466798678630431,3.068182605210061,-0.1728073813026322,2.481636533693465,-3.5677257667703577,-1.790226067639766
49.0,201.0,1005.1969604492188,-2.547215670591349,-3.083569319343921,0.7504702103665593,3.627748548722306,-0.3541158898146888,3.067722030574643,-0.1729918782532187,2.481636533693465,-3.5677257667703577,-1.790226067639766
49.0,201.0,1005.2025756835938,-2.547076047246084,-3.083569319343921,0.7504702103665593,3.627748548719725,-0.3475372766125137,3.068182605210061,-0.1709896675165325,2.481636533693465,-3.5677257667703577,-1.790226067639766
49.0,201.0,1005.2178344726562,-2.541277283460685,-3.0835693193439204,0.7504702103665593,3.6277485485776224,-0.346679867863229,3.068182605210061,-0.1741073170199691,2.4816408042372378,-3.5677257667703577,-1.790226067639766
49.0,201.0,1005.2257080078124,-2.5318658308438016,-3.083569319343921,0.7504702103665593,3.6277485488069305,-0.3582804161289492,3.068182605210061,-0.1730509108411245,2.5550858839671604,-3.5677257667703577,-1.790226067639766
49.0,201.0,1005.253173828125,-2.546813377290425,-3.083569319343921,0.7504702103665593,3.627748548682128,-0.3471193837355754,3.068182605210061,-0.1727865348602159,2.481636533693465,-3.5675438902088734,-1.790226067639766
49.0,201.0,1005.26953125,-2.546813377290425,-3.083569319343921,0.7504702103665593,3.6277485486775047,-0.3466824805364119,3.068182605210061,-0.172788710087761,2.481636533693465,-3.5677257667703577,-1.790226067639766
49.0,201.0,1005.2767944335938,-2.546813377290425,-3.083569319343921,0.7504702103665593,3.627748548719725,-0.3469102227128396,3.068182605210061,-0.1729918782532187,2.481636533693465,-3.5677257667703577,-1.790226067639766
49.0,201.0,1005.2785034179688,-2.546813377290425,-3.083569319343921,0.7504702103665593,3.6277485486775047,-0.3467504757564909,3.068182605210061,-0.1730074092866309,2.481636533693465,-3.5677257667703577,-1.790226067639766
49.0,201.0,1005.2785034179688,-2.546813377290425,-3.083569319343921,0.7504702103665593,3.6277485486775047,-0.3467504757564909,3.068182605210061,-0.1730074092866309,2.481636533693465,-3.5677257667703577,-1.790226067639766
49.0,201.0,1005.2921142578124,-2.532131866278888,-3.083569319344805,0.7504702103665593,3.627748548811031,-0.3466871702932874,3.063558070953547,-0.1729923049154012,2.4825430060981684,-3.5677257667703577,-1.790226067639766
49.0,201.0,1005.3246459960938,-2.5485056668879853,-3.083569319343921,0.7504702103665593,3.6277485487165344,-0.3467932186046967,3.068182605210061,-0.1729918782532187,2.481636533693465,-3.5677257667703577,-1.790226067639766
49.0,201.0,1005.324951171875,-2.5484144893903755,-3.083569319343921,0.7504702103665593,3.627748546837,-0.3466793137228671,3.068182605210061,-0.1730345329183151,2.481636533693465,-3.5677257667703577,-1.790226067639766
49.0,201.0,1005.3665161132812,-2.619647824534112,-3.0835693187733133,0.7504702103665593,3.6277485494291306,-0.4968957695353178,3.029373789003559,-0.1609461487394564,2.481636533693465,-3.5677257667703577,-1.7426970964152726
49.0,201.0,1005.3825073242188,-2.6356753131643376,-3.083569319343921,0.7504702103665593,3.627748548719725,-0.3582504699306577,3.068182605210061,-0.1729918782532187,2.481636533693465,-3.5677257667703577,-1.790226067639766
49.0,202.0,1003.9061279296876,-2.5143295920759448,-3.083569319379549,0.7504702103665593,3.627748549461335,-0.3478970896647465,3.069036184748798,-0.1734276304165324,2.47809039815122,-3.4815056812016643,-1.7891066216227427
49.0,202.0,1003.9061279296876,-2.5143295920759448,-3.083569319379549,0.7504702103665593,3.627748549461335,-0.3478970896647465,3.069036184748798,-0.1734276304165324,2.47809039815122,-3.4815056812016643,-1.7891066216227427
49.0,202.0,1003.9761962890624,-2.5143295920759448,-3.0835693187733133,0.7504702103665593,3.6277485494291306,-0.3452904480290105,3.029373789003559,-0.173465770363371,2.481636533693465,-3.487482377571082,-1.7891010754732994
49.0,202.0,1004.003662109375,-2.5143295920759448,-3.0835693187733133,0.7504702103665593,3.627748549461335,-0.3452904480290105,3.069036184748798,-0.1734276304165324,2.481636533693465,-3.4815056812016643,-1.7891066216227427
49.0,202.0,1004.7052001953124,-2.615465764320191,-3.0835693187733133,0.7504702103665593,3.627748549461335,-0.3488888832083786,3.069036184748798,-0.1609215331775145,2.481636533693465,-3.48238538172999,-1.7891066216227427
49.0,202.0,1004.794921875,-2.532131866278888,-3.083569319344805,0.7504702103665593,3.6277485488069305,-0.3476273531282596,3.068182605210061,-0.1729923049154012,2.547746406679231,-3.5677257667703577,-1.790226067639766
49.0,202.0,1004.8199462890624,-2.629689372911712,-3.083569319327565,0.7504702103665593,3.637203029686996,-0.3573345760597682,3.0686699674381144,-0.172991985508385,2.5574238400793075,-3.5677257667703577,-1.790226067639766
49.0,202.0,1004.8399658203124,-2.629689372911712,-3.083569319327597,0.7504702103665593,3.637203029686996,-0.3573345760597682,3.068656287688324,-0.173050484178942,2.558739684772048,-3.5677257667703577,-1.790226067639766
49.0,202.0,1004.9005737304688,-2.532131866278888,-3.083569319344805,0.7504702103665593,3.6277485488069305,-0.3596340259935339,3.068182605210061,-0.172992311684654,2.547746406679231,-3.5677257667703577,-1.790226067639766
49.0,202.0,1004.9006958007812,-2.532131866278888,-3.083569319344805,0.7504702103665593,3.6277485488069305,-0.3596406167230495,3.068182605210061,-0.1729922993524638,2.547746406679231,-3.5677257667703577,-1.790226067639766
49.0,202.0,1004.9085693359376,-2.632953638740521,-3.083569319327043,0.7504702103665593,3.6268487705073498,-0.3569085094774599,3.067790465736216,-0.173014485161777,2.555000142223584,-3.5677257667703577,-1.794527119948838
49.0,202.0,1004.9296264648438,-2.5030631640214214,-3.083569325752025,0.7554906942218851,3.62774854855254,-0.3475023187695218,2.903014565832628,-0.1688019451051834,2.481636533693465,-3.5677257667703577,-1.790226067639766
49.0,202.0,1004.9927978515624,-2.5030631640214214,-3.08356942549188,0.7504702103665593,3.62774854855232,-0.3466798679779577,2.90645838214186,-0.168960223311108,2.481636533693465,-3.5677257667703577,-1.790226067639766
49.0,202.0,1004.9931640625,-2.5030631640214214,-3.08356942549188,0.7504702103665593,3.62774854855232,-0.3466798679779577,2.906244197903684,-0.168960223311108,2.481636533693465,-3.5677257667703577,-1.790226067639766
49.0,202.0,1005.0114135742188,-2.633045956192961,-3.0835693187733133,0.7504702103665593,3.627748548541981,-0.5002852342118091,3.029373789003559,-0.2163911286052917,2.481636533693465,-3.5677257667703577,-1.7943618467622824
49.0,202.0,1005.0114135742188,-2.633045956192961,-3.0835693187733133,0.7504702103665593,3.627748548541981,-0.5002852342118091,3.029373789003559,-0.2163911286052917,2.481636533693465,-3.5677257667703577,-1.7943618467622824
49.0,202.0,1005.0114135742188,-2.633045956192961,-3.0835693187733133,0.7504702103665593,3.627748548541981,-0.5002852342118091,3.029373789003559,-0.2163911286052917,2.481636533693465,-3.5677257667703577,-1.7943618467622824
49.0,202.0,1005.0176391601562,-2.633045956192961,-3.083569418513168,0.7504702103665593,3.62774854854176,-0.4994627834202449,3.029373789003559,-0.2163911286052917,2.481636533693465,-3.5677257667703577,-1.7943618467622824
49.0,202.0,1005.0216674804688,-2.633045956192961,-3.0835693187733133,0.7504702103665593,3.627748548541981,-0.4989956042403605,3.029373789003559,-0.2163911286052917,2.481636533693465,-3.5677257667703577,-1.7943618467622824
49.0,202.0,1005.0308837890624,-2.5030631640214214,-3.08356942549188,0.7504702103665593,3.6277485467714135,-0.3466798679779033,2.903014565832628,-0.1730279129448912,2.481636533693465,-3.5677257667703577,-1.790226067639766
49.0,202.0,1005.0308837890624,-2.5030631640214214,-3.08356942549188,0.7504702103665593,3.6277485467714135,-0.3466798679779033,2.903014565832628,-0.1730279129448912,2.481636533693465,-3.5677257667703577,-1.790226067639766
49.0,202.0,1005.0387573242188,-2.503382755510716,-3.0835693198527903,0.7504702103665593,3.6277485467336814,-0.3455123053749707,2.903335227470087,-0.1688019451051834,2.481636533693465,-3.5677257667703577,-1.790226067639766
49.0,202.0,1005.0587158203124,-2.5030631640214214,-3.08356942549188,0.7504702103665593,3.62774854855232,-0.3466798679779577,2.903228750070804,-0.1688019451051834,2.481636533693465,-3.5677257667703577,-1.790226067639766
49.0,202.0,1005.0670776367188,-2.5030631640214214,-3.08356942549188,0.7504702103665593,3.62774854855232,-0.3466798679779577,2.903014565832628,-0.1688019451051834,2.481636533693465,-3.5677257667703577,-1.790226067639766
49.0,202.0,1005.0673217773438,-2.501938256846761,-3.0835693198527903,0.7504702103665593,3.62774854669847,-0.3466798679779577,2.903014565832628,-0.1688019451051834,2.481636533693465,-3.5677257667703577,-1.790226067639766
49.0,202.0,1005.079345703125,-2.5410934724728844,-3.083569319343921,0.7504702103665593,3.627748548719725,-0.3582804161289492,3.068182605210061,-0.1729918782532187,2.481636533693465,-3.5677257667703577,-1.790226067639766
49.0,202.0,1005.079345703125,-2.5410934724728844,-3.083569319343921,0.7504702103665593,3.627748548719725,-0.3582804161289492,3.068182605210061,-0.1729918782532187,2.481636533693465,-3.5677257667703577,-1.790226067639766
49.0,202.0,1005.079345703125,-2.5410934724728844,-3.083569319343921,0.7504702103665593,3.627748547066716,-0.3582804161289492,3.068182605210061,-0.1729921002171044,2.481636533693465,-3.5677257667703577,-1.790226067639766
49.0,202.0,1005.0880737304688,-2.5410934724728844,-3.083569319343921,0.7504702103665593,3.6277485468500967,-0.357892924347947,3.068182605210061,-0.1729918782532187,2.481636533693465,-3.5677257667703577,-1.790226067639766
49.0,202.0,1005.123291015625,-2.5030631640214214,-3.083569422760472,0.7504702103665593,3.6277485485533294,-0.3463619180625842,2.90645838214186,-0.173012175766652,2.481636533693465,-3.5677257667703577,-1.790226067639766
49.0,202.0,1005.123291015625,-2.5030631640214214,-3.0835694253452552,0.7504702103665593,3.6277485485533294,-0.3463619180625842,2.90645838214186,-0.173012175766652,2.481636533693465,-3.5677257667703577,-1.790226067639766
49.0,202.0,1005.125732421875,-2.546813377290425,-3.083569319343921,0.7504702103665593,3.627748548719725,-0.3587632069681603,3.068182605210061,-0.1729918782532187,2.481636533693465,-3.5677257667703577,-1.790226067639766
49.0,202.0,1005.1282958984376,-2.5030631640214214,-3.08356942549188,0.7504702103665593,3.62774854855232,-0.3466798679779577,2.90645838214186,-0.173012175766652,2.481636533693465,-3.5677257667703577,-1.790226067639766
49.0,202.0,1005.1282958984376,-2.5030631640214214,-3.083569422907096,0.7504702103665593,3.62774854855232,-0.3466798679779577,2.90645838214186,-0.173012175766652,2.481636533693465,-3.5677257667703577,-1.790226067639766
49.0,202.0,1005.1304321289062,-2.5348237250219485,-3.083569319327043,0.7504702103665593,3.6268487705073498,-0.3582804161289492,3.068182605210061,-0.1730509148150757,2.555000142223584,-3.5677257667703577,-1.790226067639766
49.0,202.0,1005.1304321289062,-2.5348237250219485,-3.083569319327043,0.7504702103665593,3.6268487705073498,-0.3582804161289492,3.068182605210061,-0.1730509148150757,2.555000142223584,-3.5677257667703577,-1.790226067639766
49.0,202.0,1005.1316528320312,-2.5468807569520555,-3.083569319343921,0.7504702103665593,3.627748548719725,-0.3585451799052733,3.068182605210061,-0.1729918782532187,2.481636533693465,-3.5677257667703577,-1.790226067639766
49.0,202.0,1005.1319580078124,-2.5030631640214214,-3.08356942549188,0.7504702103665593,3.627748548562973,-0.3452135785442456,3.0229426009333533,-0.1735736658396332,2.481636533693465,-3.5682419184591323,-1.7902256738007745
49.0,202.0,1005.1368408203124,-2.546813377290425,-3.083569319343921,0.7504702103665593,3.627748548719725,-0.3582814674709862,3.068182605210061,-0.1729918782532187,2.481636533693465,-3.5677257667703577,-1.790226067639766
49.0,202.0,1005.1368408203124,-2.546813377290425,-3.083569319343921,0.7504702103665593,3.627748548719725,-0.3582814674709862,3.068182605210061,-0.1729918782532187,2.481636533693465,-3.5677257667703577,-1.790226067639766
49.0,202.0,1005.1368408203124,-2.546813377290425,-3.083569319343921,0.7504702103665593,3.627748548719725,-0.3582814674709862,3.068182605210061,-0.1729918782532187,2.481636533693465,-3.5677257667703577,-1.790226067639766
49.0,202.0,1005.1368408203124,-2.546813377290425,-3.083569319343921,0.7504702103665593,3.627748548719725,-0.3582814674709862,3.068182605210061,-0.1729918782532187,2.481636533693465,-3.5677257667703577,-1.790226067639766
49.0,202.0,1005.1412353515624,-2.5442742251007973,-3.083569319343921,0.7504702103665593,3.627748546847579,-0.3470817370376326,3.068182605210061,-0.1729918782532187,2.481636533693465,-3.5949875517507754,-1.790226067639766
49.0,202.0,1005.1422729492188,-2.5156615483507223,-3.083569318775741,0.7504702103665593,3.6268609503815226,-0.3569085094774599,3.067790465736216,-0.173014485161777,2.559537119808675,-3.559702674889534,-1.7946091695569368
49.0,202.0,1005.1638793945312,-2.6327832862373013,-3.0835693187733133,0.7504702103665593,3.627748548541981,-0.4996581803121349,3.029373789003559,-0.218393339341978,2.481636533693465,-3.5677257667703577,-1.7943618467622824
49.0,202.0,1005.164306640625,-2.633045956192961,-3.0835693187733133,0.7504702103665593,3.627748548680409,-0.4989956042403605,3.029373789003559,-0.2163911286052917,2.477514847476799,-3.5677257667703577,-1.7902270345935185
49.0,202.0,1005.1764526367188,-2.539589575917081,-3.083569319343921,0.7504702103665593,3.627748546837,-0.3466798678630431,3.068182605210061,-0.1728073813026322,2.481636533693465,-3.5677257667703577,-1.790226067639766
49.0,202.0,1005.1969604492188,-2.547215670591349,-3.083569319343921,0.7504702103665593,3.627748548722306,-0.3541158898146888,3.067722030574643,-0.1729918782532187,2.481636533693465,-3.5677257667703577,-1.790226067639766
49.0,202.0,1005.2025756835938,-2.547076047246084,-3.083569319343921,0.7504702103665593,3.627748548719725,-0.3475372766125137,3.068182605210061,-0.1709896675165325,2.481636533693465,-3.5677257667703577,-1.790226067639766
49.0,202.0,1005.2156372070312,-2.547215670591349,-3.0835693193448206,0.7504702103665593,3.627748548724522,-0.3543752415062197,3.0681854230769288,-0.1729918782532187,2.481636533693465,-3.5677257667703577,-1.790226067639766
49.0,203.0,1003.719482421875,-2.5031987067885253,-3.0835693195655787,0.7504702103665593,3.574374989561946,-0.3478970896647465,3.07570152252324,-0.1734246932857242,2.482054143324656,-3.4815056812016643,-1.7891066216227427
49.0,203.0,1003.7698974609376,-2.514269301016677,-3.083569421552039,0.7504702103665593,3.622611671558337,-0.3478970896647465,3.069036184748798,-0.1686177363237159,2.4781685920139536,-3.4815056812016643,-1.790242364755625
49.0,203.0,1003.9061279296876,-2.5143295920759448,-3.083569319379549,0.7504702103665593,3.627748549461335,-0.3478970896647465,3.069036184748798,-0.1734276304165324,2.47809039815122,-3.4815056812016643,-1.7891066216227427
49.0,203.0,1003.9061279296876,-2.5143295920759448,-3.083569319379549,0.7504702103665593,3.627748549461335,-0.3478970896647465,3.069036184748798,-0.1734276304165324,2.47809039815122,-3.4815056812016643,-1.7891066216227427
49.0,203.0,1003.9293823242188,-2.5114370944770377,-3.083569318773482,0.7504702103665593,3.6277485494291306,-0.345084816307583,3.026823713523904,-0.173465770363371,2.4801504988967507,-3.487482377571082,-1.7891013134840412
49.0,203.0,1003.9761962890624,-2.5143295920759448,-3.0835693187733133,0.7504702103665593,3.6277485494291306,-0.3452904480290105,3.029373789003559,-0.173465770363371,2.481636533693465,-3.487482377571082,-1.7891010754732994
49.0,203.0,1004.003662109375,-2.5143295920759448,-3.0835693187733133,0.7504702103665593,3.627748549461335,-0.3452904480290105,3.069036184748798,-0.1734276304165324,2.481636533693465,-3.4815056812016643,-1.7891066216227427
49.0,203.0,1004.003662109375,-2.5143295920759448,-3.0835693187733133,0.7504702103665593,3.627748549461335,-0.3452904480290105,3.069036184748798,-0.1734276304165324,2.481636533693465,-3.4815056812016643,-1.7891066216227427
49.0,203.0,1004.7052001953124,-2.615465764320191,-3.0835693187733133,0.7504702103665593,3.627748549461335,-0.3488888832083786,3.069036184748798,-0.1609215331775145,2.481636533693465,-3.48238538172999,-1.7891066216227427
49.0,203.0,1004.7821044921876,-2.627930349005621,-3.0835693187733133,0.7504702103665593,3.6277485494291306,-0.4984296014431881,3.029373789003559,-0.173465770363371,2.481636533693465,-3.487482377571082,-1.7891010754732994
49.0,203.0,1004.794921875,-2.532131866278888,-3.083569319344805,0.7504702103665593,3.6277485488069305,-0.3476273531282596,3.068182605210061,-0.1729923049154012,2.547746406679231,-3.5677257667703577,-1.790226067639766
49.0,203.0,1004.8154296875,-2.629631572332196,-3.083569319327565,0.7504702103665593,3.637540054524447,-0.35690096742902,3.068652323510456,-0.1729917241958734,2.5574238400793075,-3.5677257667703577,-1.790226067639766
49.0,203.0,1004.8199462890624,-2.629689372911712,-3.083569319327565,0.7504702103665593,3.637203029686996,-0.3573345760597682,3.0686699674381144,-0.172991985508385,2.5574238400793075,-3.5677257667703577,-1.790226067639766
49.0,203.0,1004.8399658203124,-2.629689372911712,-3.083569319327597,0.7504702103665593,3.637203029686996,-0.3573345760597682,3.068656287688324,-0.173050484178942,2.558739684772048,-3.5677257667703577,-1.790226067639766
49.0,203.0,1004.8721923828124,-2.629689372911712,-3.083569319327597,0.7504702103665593,3.637203029686996,-0.3573345760597682,3.06865503164058,-0.1730143690642885,2.5595514826324783,-3.5677257667703577,-1.7898206551125386
49.0,203.0,1004.9005737304688,-2.532131866278888,-3.083569319344805,0.7504702103665593,3.6277485488069305,-0.3596340259935339,3.068182605210061,-0.172992311684654,2.547746406679231,-3.5677257667703577,-1.790226067639766
49.0,203.0,1004.9006958007812,-2.532131866278888,-3.083569319344805,0.7504702103665593,3.6277485488069305,-0.3596406167230495,3.068182605210061,-0.1729922993524638,2.547746406679231,-3.5677257667703577,-1.790226067639766
49.0,203.0,1004.904296875,-2.633011439320037,-3.083569319327043,0.7504702103665593,3.6265117456698976,-0.3573421181082081,3.067808109663874,-0.1730147464742886,2.555000142223584,-3.5677257667703577,-1.794527119948838
49.0,203.0,1004.9052734375,-2.5030631640214214,-3.08356942549188,0.7557736443463232,3.627748548552542,-0.3466798679779577,2.9032205492804386,-0.1688019451051834,2.481636533693465,-3.5677257667703577,-1.790226067639766
49.0,203.0,1004.9085693359376,-2.632953638740521,-3.083569319327043,0.7504702103665593,3.6268487705073498,-0.3569085094774599,3.067790465736216,-0.173014485161777,2.555000142223584,-3.5677257667703577,-1.794527119948838
49.0,203.0,1004.9282836914062,-2.629689372911712,-3.083569319319244,0.7504702103665593,3.63743252412648,-0.3573345760597682,3.0686699674381144,-0.172991985508385,2.558463013033231,-3.565730974910225,-1.7891067316740243
49.0,203.0,1004.9296264648438,-2.5030631640214214,-3.083569325752025,0.7554906942218851,3.62774854855254,-0.3475023187695218,2.903014565832628,-0.1688019451051834,2.481636533693465,-3.5677257667703577,-1.790226067639766
49.0,203.0,1004.9927978515624,-2.5030631640214214,-3.08356942549188,0.7504702103665593,3.62774854855232,-0.3466798679779577,2.90645838214186,-0.168960223311108,2.481636533693465,-3.5677257667703577,-1.790226067639766
49.0,203.0,1004.9931640625,-2.5030631640214214,-3.08356942549188,0.7504702103665593,3.62774854855232,-0.3466798679779577,2.906244197903684,-0.168960223311108,2.481636533693465,-3.5677257667703577,-1.790226067639766
49.0,203.0,1005.0114135742188,-2.633045956192961,-3.0835693187733133,0.7504702103665593,3.627748548541981,-0.5002852342118091,3.029373789003559,-0.2163911286052917,2.481636533693465,-3.5677257667703577,-1.7943618467622824
49.0,203.0,1005.0114135742188,-2.633045956192961,-3.0835693187733133,0.7504702103665593,3.627748548541981,-0.5002852342118091,3.029373789003559,-0.2163911286052917,2.481636533693465,-3.5677257667703577,-1.7943618467622824
49.0,203.0,1005.0114135742188,-2.633045956192961,-3.0835693187733133,0.7504702103665593,3.627748548541981,-0.5002852342118091,3.029373789003559,-0.2163911286052917,2.481636533693465,-3.5677257667703577,-1.7943618467622824
49.0,203.0,1005.0176391601562,-2.633045956192961,-3.083569418513168,0.7504702103665593,3.62774854854176,-0.4994627834202449,3.029373789003559,-0.2163911286052917,2.481636533693465,-3.5677257667703577,-1.7943618467622824
49.0,203.0,1005.0216674804688,-2.633045956192961,-3.0835693187733133,0.7504702103665593,3.627748548541981,-0.4989956042403605,3.029373789003559,-0.2163911286052917,2.481636533693465,-3.5677257667703577,-1.7943618467622824
49.0,203.0,1005.0308837890624,-2.5030631640214214,-3.08356942549188,0.7504702103665593,3.6277485467714135,-0.3466798679779033,2.903014565832628,-0.1730279129448912,2.481636533693465,-3.5677257667703577,-1.790226067639766
49.0,203.0,1005.0308837890624,-2.5030631640214214,-3.08356942549188,0.7504702103665593,3.6277485467714135,-0.3466798679779033,2.903014565832628,-0.1730279129448912,2.481636533693465,-3.5677257667703577,-1.790226067639766
49.0,203.0,1005.0387573242188,-2.503382755510716,-3.0835693198527903,0.7504702103665593,3.6277485467336814,-0.3455123053749707,2.903335227470087,-0.1688019451051834,2.481636533693465,-3.5677257667703577,-1.790226067639766
49.0,203.0,1005.05224609375,-2.615465764320191,-3.083569318781635,0.7504702103665593,3.6275190550218506,-0.3488888832083786,3.115082683105012,-0.1609215331775145,2.480597360739541,-3.4843801735901225,-1.790225957588484
49.0,203.0,1005.0587158203124,-2.5030631640214214,-3.08356942549188,0.7504702103665593,3.62774854855232,-0.3466798679779577,2.903228750070804,-0.1688019451051834,2.481636533693465,-3.5677257667703577,-1.790226067639766
49.0,203.0,1005.0670776367188,-2.5030631640214214,-3.08356942549188,0.7504702103665593,3.62774854855232,-0.3466798679779577,2.903014565832628,-0.1688019451051834,2.481636533693465,-3.5677257667703577,-1.790226067639766
49.0,203.0,1005.0673217773438,-2.501938256846761,-3.0835693198527903,0.7504702103665593,3.62774854669847,-0.3466798679779577,2.903014565832628,-0.1688019451051834,2.481636533693465,-3.5677257667703577,-1.790226067639766
49.0,203.0,1005.079345703125,-2.5410934724728844,-3.083569319343921,0.7504702103665593,3.627748548719725,-0.3582804161289492,3.068182605210061,-0.1729918782532187,2.481636533693465,-3.5677257667703577,-1.790226067639766
49.0,203.0,1005.079345703125,-2.5410934724728844,-3.083569319343921,0.7504702103665593,3.627748548719725,-0.3582804161289492,3.068182605210061,-0.1729918782532187,2.481636533693465,-3.5677257667703577,-1.790226067639766
49.0,203.0,1005.079345703125,-2.5410934724728844,-3.083569319343921,0.7504702103665593,3.627748547066716,-0.3582804161289492,3.068182605210061,-0.1729921002171044,2.481636533693465,-3.5677257667703577,-1.790226067639766
49.0,203.0,1005.079345703125,-2.5410934724728844,-3.083569319343921,0.7504702103665593,3.627748548719725,-0.3582804161289492,3.068182605210061,-0.1729918782532187,2.481636533693465,-3.5677257667703577,-1.790226067639766
49.0,203.0,1005.0880737304688,-2.5410934724728844,-3.083569319343921,0.7504702103665593,3.6277485468500967,-0.357892924347947,3.068182605210061,-0.1729918782532187,2.481636533693465,-3.5677257667703577,-1.790226067639766
49.0,203.0,1005.123291015625,-2.5030631640214214,-3.083569422760472,0.7504702103665593,3.6277485485533294,-0.3463619180625842,2.90645838214186,-0.173012175766652,2.481636533693465,-3.5677257667703577,-1.790226067639766
49.0,203.0,1005.123291015625,-2.5030631640214214,-3.0835694253452552,0.7504702103665593,3.6277485485533294,-0.3463619180625842,2.90645838214186,-0.173012175766652,2.481636533693465,-3.5677257667703577,-1.790226067639766
49.0,203.0,1005.125732421875,-2.546813377290425,-3.083569319343921,0.7504702103665593,3.627748548719725,-0.3587632069681603,3.068182605210061,-0.1729918782532187,2.481636533693465,-3.5677257667703577,-1.790226067639766
49.0,203.0,1005.125732421875,-2.546813377290425,-3.08356931872905,0.7504702103665593,3.6277485485453353,-0.3587632069681603,3.068182605210061,-0.1729918782532187,2.481636533693465,-3.5677257667703577,-1.790226067639766
49.0,203.0,1005.1282958984376,-2.5030631640214214,-3.08356942549188,0.7504702103665593,3.62774854855232,-0.3466798679779577,2.90645838214186,-0.173012175766652,2.481636533693465,-3.5677257667703577,-1.790226067639766
49.0,203.0,1005.1282958984376,-2.5030631640214214,-3.083569422907096,0.7504702103665593,3.62774854855232,-0.3466798679779577,2.90645838214186,-0.173012175766652,2.481636533693465,-3.5677257667703577,-1.790226067639766
49.0,203.0,1005.1304321289062,-2.5348237250219485,-3.083569319327043,0.7504702103665593,3.6268487705073498,-0.3582804161289492,3.068182605210061,-0.1730509148150757,2.555000142223584,-3.5677257667703577,-1.790226067639766
49.0,203.0,1005.1304321289062,-2.5348237250219485,-3.083569319327043,0.7504702103665593,3.6268487705073498,-0.3582804161289492,3.068182605210061,-0.1730509148150757,2.555000142223584,-3.5677257667703577,-1.790226067639766
49.0,203.0,1005.1304321289062,-2.5348237250219485,-3.083569319327043,0.7504702103665593,3.6268487705073498,-0.3582804161289492,3.068182605210061,-0.1730509148150757,2.555000142223584,-3.5677257667703577,-1.790226067639766
49.0,204.0,1003.719482421875,-2.5031987067885253,-3.0835693195655787,0.7504702103665593,3.574374989561946,-0.3478970896647465,3.07570152252324,-0.1734246932857242,2.482054143324656,-3.4815056812016643,-1.7891066216227427
49.0,204.0,1003.7698974609376,-2.514269301016677,-3.083569421552039,0.7504702103665593,3.622611671558337,-0.3478970896647465,3.069036184748798,-0.1686177363237159,2.4781685920139536,-3.4815056812016643,-1.790242364755625
49.0,204.0,1003.9061279296876,-2.5143295920759448,-3.083569319379549,0.7504702103665593,3.627748549461335,-0.3478970896647465,3.069036184748798,-0.1734276304165324,2.47809039815122,-3.4815056812016643,-1.7891066216227427
49.0,204.0,1003.9061279296876,-2.5143295920759448,-3.083569319379549,0.7504702103665593,3.627748549461335,-0.3478970896647465,3.069036184748798,-0.1734276304165324,2.47809039815122,-3.4815056812016643,-1.7891066216227427
49.0,204.0,1003.9293823242188,-2.5114370944770377,-3.083569318773482,0.7504702103665593,3.6277485494291306,-0.345084816307583,3.026823713523904,-0.173465770363371,2.4801504988967507,-3.487482377571082,-1.7891013134840412
49.0,204.0,1003.9293823242188,-2.5114370944770377,-3.083569318773482,0.7504702103665593,3.6277485494291306,-0.345084816307583,3.026823713523904,-0.173465770363371,2.4801504988967507,-3.487482377571082,-1.7891013134840412
49.0,204.0,1003.9761962890624,-2.5143295920759448,-3.0835693187733133,0.7504702103665593,3.6277485494291306,-0.3452904480290105,3.029373789003559,-0.173465770363371,2.481636533693465,-3.487482377571082,-1.7891010754732994
49.0,204.0,1003.99755859375,-2.5143295920759448,-3.0835694186355505,0.7504702103665593,3.622682363994678,-0.3478241758483771,3.069036184748798,-0.1733563037799074,2.4782265458198163,-3.4815056812016643,-1.7902897370151674
49.0,204.0,1004.003662109375,-2.5143295920759448,-3.0835693187733133,0.7504702103665593,3.627748549461335,-0.3452904480290105,3.069036184748798,-0.1734276304165324,2.481636533693465,-3.4815056812016643,-1.7891066216227427
49.0,204.0,1004.003662109375,-2.5143295920759448,-3.0835693187733133,0.7504702103665593,3.627748549461335,-0.3452904480290105,3.069036184748798,-0.1734276304165324,2.481636533693465,-3.4815056812016643,-1.7891066216227427
49.0,204.0,1004.0287475585938,-2.5143314760103253,-3.0835693187733133,0.7504702103665593,3.622958780300373,-0.3481586872623387,3.029373789003559,-0.173471519033441,2.478113638179716,-3.487482377571082,-1.7901402232257964
49.0,204.0,1004.2684936523438,-2.4736014644121505,-3.0835693187733133,0.7504702103665593,3.62774854931753,-0.3488888832083786,3.069036184748798,-0.1602589473599149,2.481636533693465,-3.48238538172999,-1.7891066216227427
49.0,204.0,1004.3233032226562,-2.5312154284860444,-3.0835693193790275,0.7504702103665593,3.627748549461335,-0.3598813159669186,3.0681668387811087,-0.173416832162341,2.477294524840786,-3.4815056812016643,-1.7902027376479617
49.0,204.0,1004.7052001953124,-2.615465764320191,-3.0835693187733133,0.7504702103665593,3.627748549461335,-0.3488888832083786,3.069036184748798,-0.1609215331775145,2.481636533693465,-3.48238538172999,-1.7891066216227427
49.0,204.0,1004.7821044921876,-2.627930349005621,-3.0835693187733133,0.7504702103665593,3.6277485494291306,-0.4984296014431881,3.029373789003559,-0.173465770363371,2.481636533693465,-3.487482377571082,-1.7891010754732994
49.0,204.0,1004.7821044921876,-2.627930349005621,-3.0835693187733133,0.7504702103665593,3.6277485494291306,-0.4984296014431881,3.029373789003559,-0.173465770363371,2.481636533693465,-3.487482377571082,-1.7891010754732994
49.0,204.0,1004.794921875,-2.532131866278888,-3.083569319344805,0.7504702103665593,3.6277485488069305,-0.3476273531282596,3.068182605210061,-0.1729923049154012,2.547746406679231,-3.5677257667703577,-1.790226067639766
49.0,204.0,1004.794921875,-2.532131866278888,-3.083569319344805,0.7504702103665593,3.6277485488069305,-0.3476273531282596,3.068182605210061,-0.1729923049154012,2.547746406679231,-3.5677257667703577,-1.790226067639766
49.0,204.0,1004.8154296875,-2.629631572332196,-3.083569319327565,0.7504702103665593,3.637540054524447,-0.35690096742902,3.068652323510456,-0.1729917241958734,2.5574238400793075,-3.5677257667703577,-1.790226067639766
49.0,204.0,1004.8199462890624,-2.629689372911712,-3.083569319327565,0.7504702103665593,3.637203029686996,-0.3573345760597682,3.0686699674381144,-0.172991985508385,2.5574238400793075,-3.5677257667703577,-1.790226067639766
49.0,204.0,1004.829833984375,-2.6299181764429,-3.083569319327597,0.7504702103665593,3.637631100973858,-0.3568784557148249,3.068656287688324,-0.1730494296779194,2.5588291960180904,-3.5677257667703577,-1.790226067639766
49.0,204.0,1004.8331298828124,-2.505059720984577,-3.27831496486513,0.7504702103665593,3.637075510028697,-0.3485057388004654,3.07570152252324,-0.1730005423177741,2.561127111876421,-3.4793515654492952,-1.7890539237105236
49.0,204.0,1004.8399658203124,-2.629689372911712,-3.083569319327597,0.7504702103665593,3.637203029686996,-0.3573345760597682,3.068656287688324,-0.173050484178942,2.558739684772048,-3.5677257667703577,-1.790226067639766
49.0,204.0,1004.8453979492188,-2.629689372911712,-3.083569319319244,0.7504702103665593,3.63743252412648,-0.3573345760597682,3.068671270466815,-0.172991985508385,2.5584351552761726,-3.567926379212861,-1.789798893284284
49.0,204.0,1004.8721923828124,-2.629689372911712,-3.083569319327597,0.7504702103665593,3.637203029686996,-0.3573345760597682,3.06865503164058,-0.1730143690642885,2.5595514826324783,-3.5677257667703577,-1.7898206551125386
49.0,204.0,1004.9005737304688,-2.532131866278888,-3.083569319344805,0.7504702103665593,3.6277485488069305,-0.3596340259935339,3.068182605210061,-0.172992311684654,2.547746406679231,-3.5677257667703577,-1.790226067639766
49.0,204.0,1004.9006958007812,-2.532131866278888,-3.083569319344805,0.7504702103665593,3.6277485488069305,-0.3596406167230495,3.068182605210061,-0.1729922993524638,2.547746406679231,-3.5677257667703577,-1.790226067639766
49.0,204.0,1004.904296875,-2.633011439320037,-3.083569319327043,0.7504702103665593,3.6265117456698976,-0.3573421181082081,3.067808109663874,-0.1730147464742886,2.555000142223584,-3.5677257667703577,-1.794527119948838
49.0,204.0,1004.9052734375,-2.5030631640214214,-3.08356942549188,0.7557736443463232,3.627748548552542,-0.3466798679779577,2.9032205492804386,-0.1688019451051834,2.481636533693465,-3.5677257667703577,-1.790226067639766
49.0,204.0,1004.9085693359376,-2.632953638740521,-3.083569319327043,0.7504702103665593,3.6268487705073498,-0.3569085094774599,3.067790465736216,-0.173014485161777,2.555000142223584,-3.5677257667703577,-1.794527119948838
49.0,204.0,1004.9282836914062,-2.629689372911712,-3.083569319319244,0.7504702103665593,3.63743252412648,-0.3573345760597682,3.0686699674381144,-0.172991985508385,2.558463013033231,-3.565730974910225,-1.7891067316740243
49.0,204.0,1004.9296264648438,-2.5030631640214214,-3.083569325752025,0.7554906942218851,3.62774854855254,-0.3475023187695218,2.903014565832628,-0.1688019451051834,2.481636533693465,-3.5677257667703577,-1.790226067639766
49.0,204.0,1004.9927978515624,-2.5030631640214214,-3.08356942549188,0.7504702103665593,3.62774854855232,-0.3466798679779577,2.90645838214186,-0.168960223311108,2.481636533693465,-3.5677257667703577,-1.790226067639766
49.0,204.0,1004.9931640625,-2.5030631640214214,-3.08356942549188,0.7504702103665593,3.62774854855232,-0.3466798679779577,2.906244197903684,-0.168960223311108,2.481636533693465,-3.5677257667703577,-1.790226067639766
49.0,204.0,1005.0114135742188,-2.633045956192961,-3.0835693187733133,0.7504702103665593,3.627748548541981,-0.5002852342118091,3.029373789003559,-0.2163911286052917,2.481636533693465,-3.5677257667703577,-1.7943618467622824
49.0,204.0,1005.0114135742188,-2.633045956192961,-3.0835693187733133,0.7504702103665593,3.627748548541981,-0.5002852342118091,3.029373789003559,-0.2163911286052917,2.481636533693465,-3.5677257667703577,-1.7943618467622824
49.0,204.0,1005.0114135742188,-2.633045956192961,-3.0835693187733133,0.7504702103665593,3.627748548541981,-0.5002852342118091,3.029373789003559,-0.2163911286052917,2.481636533693465,-3.5677257667703577,-1.7943618467622824
49.0,204.0,1005.0176391601562,-2.633045956192961,-3.083569418513168,0.7504702103665593,3.62774854854176,-0.4994627834202449,3.029373789003559,-0.2163911286052917,2.481636533693465,-3.5677257667703577,-1.7943618467622824
49.0,204.0,1005.0216674804688,-2.633045956192961,-3.0835693187733133,0.7504702103665593,3.627748548541981,-0.4989956042403605,3.029373789003559,-0.2163911286052917,2.481636533693465,-3.5677257667703577,-1.7943618467622824
49.0,204.0,1005.0308837890624,-2.5030631640214214,-3.08356942549188,0.7504702103665593,3.6277485467714135,-0.3466798679779033,2.903014565832628,-0.1730279129448912,2.481636533693465,-3.5677257667703577,-1.790226067639766
49.0,204.0,1005.0308837890624,-2.5030631640214214,-3.08356942549188,0.7504702103665593,3.6277485467714135,-0.3466798679779033,2.903014565832628,-0.1730279129448912,2.481636533693465,-3.5677257667703577,-1.790226067639766
49.0,204.0,1005.0387573242188,-2.503382755510716,-3.0835693198527903,0.7504702103665593,3.6277485467336814,-0.3455123053749707,2.903335227470087,-0.1688019451051834,2.481636533693465,-3.5677257667703577,-1.790226067639766
49.0,204.0,1005.05224609375,-2.615465764320191,-3.083569318781635,0.7504702103665593,3.6275190550218506,-0.3488888832083786,3.115082683105012,-0.1609215331775145,2.480597360739541,-3.4843801735901225,-1.790225957588484
49.0,204.0,1005.0587158203124,-2.5030631640214214,-3.08356942549188,0.7504702103665593,3.62774854855232,-0.3466798679779577,2.903228750070804,-0.1688019451051834,2.481636533693465,-3.5677257667703577,-1.790226067639766
49.0,204.0,1005.0670776367188,-2.5030631640214214,-3.08356942549188,0.7504702103665593,3.62774854855232,-0.3466798679779577,2.903014565832628,-0.1688019451051834,2.481636533693465,-3.5677257667703577,-1.790226067639766
49.0,204.0,1005.0673217773438,-2.501938256846761,-3.0835693198527903,0.7504702103665593,3.62774854669847,-0.3466798679779577,2.903014565832628,-0.1688019451051834,2.481636533693465,-3.5677257667703577,-1.790226067639766
49.0,204.0,1005.0711059570312,-2.5030631640214214,-3.08356942549188,0.7504702103665593,3.627765938496289,-0.3466798679779577,2.903014565832628,-0.1687208168118954,2.481636533693465,-3.5677257667703577,-1.790226067639766
49.0,204.0,1005.079345703125,-2.5410934724728844,-3.083569319343921,0.7504702103665593,3.627748548719725,-0.3582804161289492,3.068182605210061,-0.1729918782532187,2.481636533693465,-3.5677257667703577,-1.790226067639766
49.0,204.0,1005.079345703125,-2.5410934724728844,-3.083569319343921,0.7504702103665593,3.627748548719725,-0.3582804161289492,3.068182605210061,-0.1729918782532187,2.481636533693465,-3.5677257667703577,-1.790226067639766
49.0,204.0,1005.079345703125,-2.5410934724728844,-3.083569319343921,0.7504702103665593,3.627748547066716,-0.3582804161289492,3.068182605210061,-0.1729921002171044,2.481636533693465,-3.5677257667703577,-1.790226067639766
49.0,205.0,1003.719482421875,-2.5031987067885253,-3.0835693195655787,0.7504702103665593,3.574374989561946,-0.3478970896647465,3.07570152252324,-0.1734246932857242,2.482054143324656,-3.4815056812016643,-1.7891066216227427
49.0,205.0,1003.7217407226562,-2.5031987067885253,-3.083569322951002,0.7504702103665593,3.574374989561946,-0.3478249325956689,3.075595079572937,-0.1733563084254407,2.482054143324656,-3.4815056812016643,-1.7891542338014774
49.0,205.0,1003.7698974609376,-2.514269301016677,-3.083569421552039,0.7504702103665593,3.622611671558337,-0.3478970896647465,3.069036184748798,-0.1686177363237159,2.4781685920139536,-3.4815056812016643,-1.790242364755625
49.0,205.0,1003.814453125,-2.5143295920759448,-3.08356932406978,0.7504702103665593,3.622682363994678,-0.3448577849173422,3.069036184748798,-0.1733563037799074,2.481750580852122,-3.4815056812016643,-1.7902897370151674
49.0,205.0,1003.87744140625,-2.5143295920759448,-3.083569322326168,0.7504702103665593,3.627748549461335,-0.3453008039454673,3.069036184748798,-0.1686716656731903,2.481636533693465,-3.491159464965928,-1.7890932469511678
49.0,205.0,1003.8855590820312,-2.5277691453363627,-3.0835693187733133,0.7504702103665593,3.6277485494291306,-0.3624437019055112,3.068212744777296,-0.1729973108241319,2.481636533693465,-3.487482377571082,-1.789111041602541
49.0,205.0,1003.9061279296876,-2.5143295920759448,-3.083569319379549,0.7504702103665593,3.627748549461335,-0.3478970896647465,3.069036184748798,-0.1734276304165324,2.47809039815122,-3.4815056812016643,-1.7891066216227427
49.0,205.0,1003.9061279296876,-2.5143295920759448,-3.083569319379549,0.7504702103665593,3.627748549461335,-0.3478970896647465,3.069036184748798,-0.1734276304165324,2.47809039815122,-3.4815056812016643,-1.7891066216227427
49.0,205.0,1003.9182739257812,-2.5143295920759448,-3.083569319373965,0.7504702103665593,3.627748549429389,-0.3478970896647465,3.069036184748798,-0.1734276304165324,2.4786474047905096,-3.4815056812016643,-1.7891066216227427
49.0,205.0,1003.9293823242188,-2.5114370944770377,-3.083569318773482,0.7504702103665593,3.6277485494291306,-0.345084816307583,3.026823713523904,-0.173465770363371,2.4801504988967507,-3.487482377571082,-1.7891013134840412
49.0,205.0,1003.9293823242188,-2.5114370944770377,-3.083569318773482,0.7504702103665593,3.6277485494291306,-0.345084816307583,3.026823713523904,-0.173465770363371,2.4801504988967507,-3.487482377571082,-1.7891013134840412
49.0,205.0,1003.9761962890624,-2.5143295920759448,-3.0835693187733133,0.7504702103665593,3.6277485494291306,-0.3452904480290105,3.029373789003559,-0.173465770363371,2.481636533693465,-3.487482377571082,-1.7891010754732994
49.0,205.0,1003.99755859375,-2.5143295920759448,-3.0835694186355505,0.7504702103665593,3.622682363994678,-0.3478241758483771,3.069036184748798,-0.1733563037799074,2.4782265458198163,-3.4815056812016643,-1.7902897370151674
49.0,205.0,1004.003662109375,-2.5143295920759448,-3.0835693187733133,0.7504702103665593,3.627748549461335,-0.3452904480290105,3.069036184748798,-0.1734276304165324,2.481636533693465,-3.4815056812016643,-1.7891066216227427
49.0,205.0,1004.003662109375,-2.5143295920759448,-3.0835693187733133,0.7504702103665593,3.627748549461335,-0.3452904480290105,3.069036184748798,-0.1734276304165324,2.481636533693465,-3.4815056812016643,-1.7891066216227427
49.0,205.0,1004.0287475585938,-2.5143314760103253,-3.0835693187733133,0.7504702103665593,3.622958780300373,-0.3481586872623387,3.029373789003559,-0.173471519033441,2.478113638179716,-3.487482377571082,-1.7901402232257964
49.0,205.0,1004.0287475585938,-2.5143314760103253,-3.0835693187733133,0.7504702103665593,3.622958780300373,-0.3481586872623387,3.029373789003559,-0.173471519033441,2.478113638179716,-3.487482377571082,-1.7901402232257964
49.0,205.0,1004.0389404296876,-2.508800326377754,-3.0835693187733133,0.7504702103665593,3.627746757937474,-0.3452904480290105,3.069379675973024,-0.1734276304165324,2.481623591245218,-3.4815431907967747,-1.78916767725674
49.0,205.0,1004.2515869140624,-2.5114370944770377,-3.083569319334404,0.7504702103665593,3.627748548823852,-0.3450284347165005,3.025798899015085,-0.1729943420046019,2.5487649761041866,-3.4857775037574443,-1.7891013134840412
49.0,205.0,1004.2684936523438,-2.4736014644121505,-3.0835693187733133,0.7504702103665593,3.62774854931753,-0.3488888832083786,3.069036184748798,-0.1602589473599149,2.481636533693465,-3.48238538172999,-1.7891066216227427
49.0,205.0,1004.3233032226562,-2.5312154284860444,-3.0835693193790275,0.7504702103665593,3.627748549461335,-0.3598813159669186,3.0681668387811087,-0.173416832162341,2.477294524840786,-3.4815056812016643,-1.7902027376479617
49.0,205.0,1004.7052001953124,-2.615465764320191,-3.0835693187733133,0.7504702103665593,3.627748549461335,-0.3488888832083786,3.069036184748798,-0.1609215331775145,2.481636533693465,-3.48238538172999,-1.7891066216227427
49.0,205.0,1004.734619140625,-2.627930349005621,-3.0835693187733133,0.7504702103665593,3.636369675692397,-0.4984296014431881,3.029373789003559,-0.173465770363371,2.481636533693465,-3.487482377571082,-1.7901952591441932
49.0,205.0,1004.7821044921876,-2.627930349005621,-3.0835693187733133,0.7504702103665593,3.6277485494291306,-0.4984296014431881,3.029373789003559,-0.173465770363371,2.481636533693465,-3.487482377571082,-1.7891010754732994
49.0,205.0,1004.7821044921876,-2.627930349005621,-3.0835693187733133,0.7504702103665593,3.6277485494291306,-0.4984296014431881,3.029373789003559,-0.173465770363371,2.481636533693465,-3.487482377571082,-1.7891010754732994
49.0,205.0,1004.794921875,-2.532131866278888,-3.083569319344805,0.7504702103665593,3.6277485488069305,-0.3476273531282596,3.068182605210061,-0.1729923049154012,2.547746406679231,-3.5677257667703577,-1.790226067639766
49.0,205.0,1004.794921875,-2.532131866278888,-3.083569319344805,0.7504702103665593,3.6277485488069305,-0.3476273531282596,3.068182605210061,-0.1729923049154012,2.547746406679231,-3.5677257667703577,-1.790226067639766
49.0,205.0,1004.8154296875,-2.629631572332196,-3.083569319327565,0.7504702103665593,3.637540054524447,-0.35690096742902,3.068652323510456,-0.1729917241958734,2.5574238400793075,-3.5677257667703577,-1.790226067639766
49.0,205.0,1004.8199462890624,-2.629689372911712,-3.083569319327565,0.7504702103665593,3.637203029686996,-0.3573345760597682,3.0686699674381144,-0.172991985508385,2.5574238400793075,-3.5677257667703577,-1.790226067639766
49.0,205.0,1004.829833984375,-2.6299181764429,-3.083569319327597,0.7504702103665593,3.637631100973858,-0.3568784557148249,3.068656287688324,-0.1730494296779194,2.5588291960180904,-3.5677257667703577,-1.790226067639766
49.0,205.0,1004.829833984375,-2.6299181764429,-3.083569319327597,0.7504702103665593,3.637631100973858,-0.3568784557148249,3.068656287688324,-0.1730494296779194,2.5588291960180904,-3.5677257667703577,-1.790226067639766
49.0,205.0,1004.8331298828124,-2.505059720984577,-3.27831496486513,0.7504702103665593,3.637075510028697,-0.3485057388004654,3.07570152252324,-0.1730005423177741,2.561127111876421,-3.4793515654492952,-1.7890539237105236
49.0,205.0,1004.8399658203124,-2.629689372911712,-3.083569319327597,0.7504702103665593,3.637203029686996,-0.3573345760597682,3.068656287688324,-0.173050484178942,2.558739684772048,-3.5677257667703577,-1.790226067639766
49.0,205.0,1004.8453979492188,-2.629689372911712,-3.083569319319244,0.7504702103665593,3.63743252412648,-0.3573345760597682,3.068671270466815,-0.172991985508385,2.5584351552761726,-3.567926379212861,-1.789798893284284
49.0,205.0,1004.8721923828124,-2.629689372911712,-3.083569319327597,0.7504702103665593,3.637203029686996,-0.3573345760597682,3.06865503164058,-0.1730143690642885,2.5595514826324783,-3.5677257667703577,-1.7898206551125386
49.0,205.0,1004.8721923828124,-2.629689372911712,-3.083569319327597,0.7504702103665593,3.637203029686996,-0.3573345760597682,3.06865503164058,-0.1730143690642885,2.5595514826324783,-3.5677257667703577,-1.7898206551125386
49.0,205.0,1004.8958740234376,-2.5323360595522133,-3.0835693193796847,0.7504702103665593,3.6277485488171983,-0.3596340259935339,3.068167232676335,-0.172992311684654,2.547746406679231,-3.5677257667703577,-1.790226067639766
49.0,205.0,1004.9005737304688,-2.532131866278888,-3.083569319344805,0.7504702103665593,3.6277485488069305,-0.3596340259935339,3.068182605210061,-0.172992311684654,2.547746406679231,-3.5677257667703577,-1.790226067639766
49.0,205.0,1004.9006958007812,-2.532131866278888,-3.083569319344805,0.7504702103665593,3.6277485488069305,-0.3596406167230495,3.068182605210061,-0.1729922993524638,2.547746406679231,-3.5677257667703577,-1.790226067639766
49.0,205.0,1004.904296875,-2.633011439320037,-3.083569319327043,0.7504702103665593,3.6265117456698976,-0.3573421181082081,3.067808109663874,-0.1730147464742886,2.555000142223584,-3.5677257667703577,-1.794527119948838
49.0,205.0,1004.9052734375,-2.5030631640214214,-3.08356942549188,0.7557736443463232,3.627748548552542,-0.3466798679779577,2.9032205492804386,-0.1688019451051834,2.481636533693465,-3.5677257667703577,-1.790226067639766
49.0,205.0,1004.9085693359376,-2.632953638740521,-3.083569319327043,0.7504702103665593,3.6268487705073498,-0.3569085094774599,3.067790465736216,-0.173014485161777,2.555000142223584,-3.5677257667703577,-1.794527119948838
49.0,205.0,1004.9282836914062,-2.629689372911712,-3.083569319319244,0.7504702103665593,3.63743252412648,-0.3573345760597682,3.0686699674381144,-0.172991985508385,2.558463013033231,-3.565730974910225,-1.7891067316740243
49.0,205.0,1004.9296264648438,-2.5030631640214214,-3.083569325752025,0.7554906942218851,3.62774854855254,-0.3475023187695218,2.903014565832628,-0.1688019451051834,2.481636533693465,-3.5677257667703577,-1.790226067639766
49.0,205.0,1004.9927978515624,-2.5030631640214214,-3.08356942549188,0.7504702103665593,3.62774854855232,-0.3466798679779577,2.90645838214186,-0.168960223311108,2.481636533693465,-3.5677257667703577,-1.790226067639766
49.0,205.0,1004.9931640625,-2.5030631640214214,-3.08356942549188,0.7504702103665593,3.62774854855232,-0.3466798679779577,2.906244197903684,-0.168960223311108,2.481636533693465,-3.5677257667703577,-1.790226067639766
49.0,205.0,1005.0114135742188,-2.633045956192961,-3.0835693187733133,0.7504702103665593,3.627748548541981,-0.5002852342118091,3.029373789003559,-0.2163911286052917,2.481636533693465,-3.5677257667703577,-1.7943618467622824
49.0,205.0,1005.0114135742188,-2.633045956192961,-3.0835693187733133,0.7504702103665593,3.627748548541981,-0.5002852342118091,3.029373789003559,-0.2163911286052917,2.481636533693465,-3.5677257667703577,-1.7943618467622824
49.0,205.0,1005.0114135742188,-2.633045956192961,-3.0835693187733133,0.7504702103665593,3.627748548541981,-0.5002852342118091,3.029373789003559,-0.2163911286052917,2.481636533693465,-3.5677257667703577,-1.7943618467622824
49.0,205.0,1005.0176391601562,-2.633045956192961,-3.083569418513168,0.7504702103665593,3.62774854854176,-0.4994627834202449,3.029373789003559,-0.2163911286052917,2.481636533693465,-3.5677257667703577,-1.7943618467622824
49.0,206.0,1003.719482421875,-2.5031987067885253,-3.0835693195655787,0.7504702103665593,3.574374989561946,-0.3478970896647465,3.07570152252324,-0.1734246932857242,2.482054143324656,-3.4815056812016643,-1.7891066216227427
49.0,206.0,1003.7217407226562,-2.5031987067885253,-3.083569322951002,0.7504702103665593,3.574374989561946,-0.3478249325956689,3.075595079572937,-0.1733563084254407,2.482054143324656,-3.4815056812016643,-1.7891542338014774
49.0,206.0,1003.7554931640624,-2.5143295920759448,-3.0835693194044502,0.7504702103665593,3.6277485488346346,-0.3453015641015756,3.0258675615562387,-0.173465770363371,2.4825112604326534,-3.487482377571082,-1.7891014029984478
49.0,206.0,1003.7698974609376,-2.514269301016677,-3.083569421552039,0.7504702103665593,3.622611671558337,-0.3478970896647465,3.069036184748798,-0.1686177363237159,2.4781685920139536,-3.4815056812016643,-1.790242364755625
49.0,206.0,1003.814453125,-2.5143295920759448,-3.08356932406978,0.7504702103665593,3.622682363994678,-0.3448577849173422,3.069036184748798,-0.1733563037799074,2.481750580852122,-3.4815056812016643,-1.7902897370151674
49.0,206.0,1003.8193359375,-2.5147381064763064,-3.0835693187733133,0.7504702103665593,3.622640090554213,-0.3452904480290105,3.069379675973024,-0.1734276304165324,2.481623591245218,-3.4815431907967747,-1.78916767725674
49.0,206.0,1003.8519897460938,-2.5083918119773925,-3.0835694186355505,0.7504702103665593,3.627789031377939,-0.3478241758483771,3.069036184748798,-0.1733563037799074,2.4782265458198163,-3.4815056812016643,-1.7902897370151674
49.0,206.0,1003.8733520507812,-2.5143295920759448,-3.08356931791964,0.7504702103665593,3.6280907539319567,-0.3478260010294451,3.069036184748798,-0.1733557326520427,2.4782265458198163,-3.4815056812016643,-1.7902897370151674
49.0,206.0,1003.87744140625,-2.5143295920759448,-3.083569322326168,0.7504702103665593,3.627748549461335,-0.3453008039454673,3.069036184748798,-0.1686716656731903,2.481636533693465,-3.491159464965928,-1.7890932469511678
49.0,206.0,1003.8855590820312,-2.5277691453363627,-3.0835693187733133,0.7504702103665593,3.6277485494291306,-0.3624437019055112,3.068212744777296,-0.1729973108241319,2.481636533693465,-3.487482377571082,-1.789111041602541
49.0,206.0,1003.9061279296876,-2.5143295920759448,-3.083569319379549,0.7504702103665593,3.627748549461335,-0.3478970896647465,3.069036184748798,-0.1734276304165324,2.47809039815122,-3.4815056812016643,-1.7891066216227427
49.0,206.0,1003.9061279296876,-2.5143295920759448,-3.083569319379549,0.7504702103665593,3.627748549461335,-0.3478970896647465,3.069036184748798,-0.1734276304165324,2.47809039815122,-3.4815056812016643,-1.7891066216227427
49.0,206.0,1003.9182739257812,-2.5143295920759448,-3.083569319373965,0.7504702103665593,3.627748549429389,-0.3478970896647465,3.069036184748798,-0.1734276304165324,2.4786474047905096,-3.4815056812016643,-1.7891066216227427
49.0,206.0,1003.9239501953124,-2.5116195921746587,-3.0835693225709955,0.7504702103665593,3.627748549430045,-0.3453008039454673,3.069036184748798,-0.1735495740739327,2.481636533693465,-3.487620759576283,-1.7890932469511678
49.0,206.0,1003.9293823242188,-2.5114370944770377,-3.083569318773482,0.7504702103665593,3.6277485494291306,-0.345084816307583,3.026823713523904,-0.173465770363371,2.4801504988967507,-3.487482377571082,-1.7891013134840412
49.0,206.0,1003.9293823242188,-2.5114370944770377,-3.083569318773482,0.7504702103665593,3.6277485494291306,-0.345084816307583,3.026823713523904,-0.173465770363371,2.4801504988967507,-3.487482377571082,-1.7891013134840412
49.0,206.0,1003.9293823242188,-2.5114370944770377,-3.083569318773482,0.7504702103665593,3.6277485494291306,-0.345084816307583,3.026823713523904,-0.173465770363371,2.4801504988967507,-3.487482377571082,-1.7891013134840412
49.0,206.0,1003.9761962890624,-2.5143295920759448,-3.0835693187733133,0.7504702103665593,3.6277485494291306,-0.3452904480290105,3.029373789003559,-0.173465770363371,2.481636533693465,-3.487482377571082,-1.7891010754732994
49.0,206.0,1003.9766845703124,-2.514342589965632,-3.08356932406978,0.7504702103665593,3.5716139520851744,-0.3448577849173422,3.068008089266616,-0.1733563084644565,2.481750580852122,-3.4815056812016643,-1.7902052096044838
49.0,206.0,1003.99755859375,-2.5143295920759448,-3.0835694186355505,0.7504702103665593,3.622682363994678,-0.3478241758483771,3.069036184748798,-0.1733563037799074,2.4782265458198163,-3.4815056812016643,-1.7902897370151674
49.0,206.0,1004.0018920898438,-2.5143272304979094,-3.083569421552039,0.7504702103665593,3.622611671558337,-0.3478970896647465,3.069036184748798,-0.1733983894028538,2.4781685920139536,-3.4815056812016643,-1.7902446560361251
49.0,206.0,1004.003662109375,-2.5143295920759448,-3.0835693187733133,0.7504702103665593,3.627748549461335,-0.3452904480290105,3.069036184748798,-0.1734276304165324,2.481636533693465,-3.4815056812016643,-1.7891066216227427
49.0,206.0,1004.003662109375,-2.5143295920759448,-3.0835693187733133,0.7504702103665593,3.627748549461335,-0.3452904480290105,3.069036184748798,-0.1734276304165324,2.481636533693465,-3.4815056812016643,-1.7891066216227427
49.0,206.0,1004.0157470703124,-2.5143111910361347,-3.0835693193296225,0.7504702103665593,3.627748549461335,-0.3477042469027935,3.069036184748798,-0.17343182311413,2.481636533693465,-3.481697007707879,-1.7890987746941918
49.0,206.0,1004.0287475585938,-2.5143314760103253,-3.0835693187733133,0.7504702103665593,3.622958780300373,-0.3481586872623387,3.029373789003559,-0.173471519033441,2.478113638179716,-3.487482377571082,-1.7901402232257964
49.0,206.0,1004.0287475585938,-2.5143314760103253,-3.0835693187733133,0.7504702103665593,3.622958780300373,-0.3481586872623387,3.029373789003559,-0.173471519033441,2.478113638179716,-3.487482377571082,-1.7901402232257964
49.0,206.0,1004.0298461914062,-2.5142716625947115,-3.08356932406978,0.7504702103665593,3.622682363994678,-0.3448577849173422,3.069036184748798,-0.1685756507007695,2.481750580852122,-3.4815056812016643,-1.7902874457346674
49.0,206.0,1004.0389404296876,-2.508800326377754,-3.0835693187733133,0.7504702103665593,3.627746757937474,-0.3452904480290105,3.069379675973024,-0.1734276304165324,2.481623591245218,-3.4815431907967747,-1.78916767725674
49.0,206.0,1004.0446166992188,-2.5289228107175408,-3.083569319379549,0.7504702103665593,3.627748549461335,-0.3478970896647465,3.069036184748798,-0.173480464112933,2.47809039815122,-3.4876601920769734,-1.7891066216227427
49.0,206.0,1004.0890502929688,-2.5144120143993702,-3.083569319388204,0.7504702103665593,3.622958780300373,-0.3491080936465707,3.030512020578912,-0.1734809953502872,2.478113638179716,-3.487482377571082,-1.7901473071382596
49.0,206.0,1004.2236938476562,-2.5031987067885253,-3.083569318811908,0.7504702103665593,3.629115130480583,-0.3478970896647465,3.07570152252324,-0.1734246932857242,2.482054143324656,-3.481032461150414,-1.847825929907868
49.0,206.0,1004.2515869140624,-2.5114370944770377,-3.083569319334404,0.7504702103665593,3.627748548823852,-0.3450284347165005,3.025798899015085,-0.1729943420046019,2.5487649761041866,-3.4857775037574443,-1.7891013134840412
49.0,206.0,1004.2684936523438,-2.4736014644121505,-3.0835693187733133,0.7504702103665593,3.62774854931753,-0.3488888832083786,3.069036184748798,-0.1602589473599149,2.481636533693465,-3.48238538172999,-1.7891066216227427
49.0,206.0,1004.3067626953124,-2.514147094378324,-3.083569318528655,0.7504702103665593,3.627748549460421,-0.345084816307583,3.026823713523904,-0.1685878619626286,2.4801504988967507,-3.491021082960728,-1.776995404301362
49.0,206.0,1004.3233032226562,-2.5312154284860444,-3.0835693193790275,0.7504702103665593,3.627748549461335,-0.3598813159669186,3.0681668387811087,-0.173416832162341,2.477294524840786,-3.4815056812016643,-1.7902027376479617
49.0,206.0,1004.3632202148438,-2.532131866278888,-3.083569319344805,0.7504702103665593,3.6277485488069305,-0.3449607239482273,3.0712027858992834,-0.1729923049154012,2.547746406679231,-3.485245994156236,-1.7891717998665733
49.0,206.0,1004.4274291992188,-2.532131866278888,-3.0835693187173887,0.7504702103665593,3.6277485488069305,-0.3476380659828816,3.068182605210061,-0.1729797834967127,2.547746406679231,-3.4921996169894034,-1.790226067639766
49.0,206.0,1004.5084228515624,-2.514269301016677,-3.083569421552039,0.7504702103665593,3.622611671558337,-0.4979590867572387,3.029353069811201,-0.1733915823297133,2.478043062942305,-3.4815056812016643,-1.7901821573158607
49.0,206.0,1004.7052001953124,-2.615465764320191,-3.0835693187733133,0.7504702103665593,3.627748549461335,-0.3488888832083786,3.069036184748798,-0.1609215331775145,2.481636533693465,-3.48238538172999,-1.7891066216227427
49.0,206.0,1004.7283325195312,-2.5147609128773194,-3.0835693187733133,0.7504702103665593,3.6375236437344576,-0.3485968642135305,3.029373789003559,-0.173471519033441,2.557337885560053,-3.487482377571082,-1.7901386055823296
49.0,206.0,1004.734619140625,-2.627930349005621,-3.0835693187733133,0.7504702103665593,3.636369675692397,-0.4984296014431881,3.029373789003559,-0.173465770363371,2.481636533693465,-3.487482377571082,-1.7901952591441932
49.0,206.0,1004.7821044921876,-2.627930349005621,-3.0835693187733133,0.7504702103665593,3.6277485494291306,-0.4984296014431881,3.029373789003559,-0.173465770363371,2.481636533693465,-3.487482377571082,-1.7891010754732994
49.0,206.0,1004.7821044921876,-2.627930349005621,-3.0835693187733133,0.7504702103665593,3.6277485494291306,-0.4984296014431881,3.029373789003559,-0.173465770363371,2.481636533693465,-3.487482377571082,-1.7891010754732994
49.0,206.0,1004.794921875,-2.532131866278888,-3.083569319344805,0.7504702103665593,3.6277485488069305,-0.3476273531282596,3.068182605210061,-0.1729923049154012,2.547746406679231,-3.5677257667703577,-1.790226067639766
49.0,206.0,1004.794921875,-2.532131866278888,-3.083569319344805,0.7504702103665593,3.6277485488069305,-0.3476273531282596,3.068182605210061,-0.1729923049154012,2.547746406679231,-3.5677257667703577,-1.790226067639766
49.0,206.0,1004.8154296875,-2.629631572332196,-3.083569319327565,0.7504702103665593,3.637540054524447,-0.35690096742902,3.068652323510456,-0.1729917241958734,2.5574238400793075,-3.5677257667703577,-1.790226067639766
49.0,206.0,1004.8199462890624,-2.629689372911712,-3.083569319327565,0.7504702103665593,3.637203029686996,-0.3573345760597682,3.0686699674381144,-0.172991985508385,2.5574238400793075,-3.5677257667703577,-1.790226067639766
49.0,206.0,1004.829833984375,-2.6299181764429,-3.083569319327597,0.7504702103665593,3.637631100973858,-0.3568784557148249,3.068656287688324,-0.1730494296779194,2.5588291960180904,-3.5677257667703577,-1.790226067639766
49.0,206.0,1004.829833984375,-2.6299181764429,-3.083569319327597,0.7504702103665593,3.637631100973858,-0.3568784557148249,3.068656287688324,-0.1730494296779194,2.5588291960180904,-3.5677257667703577,-1.790226067639766
49.0,206.0,1004.829833984375,-2.6299181764429,-3.083569319327597,0.7504702103665593,3.637631100973858,-0.3568784557148249,3.068656287688324,-0.1730494296779194,2.5588291960180904,-3.5677257667703577,-1.790226067639766
49.0,207.0,1003.7002563476562,-2.527541913198619,-3.0835694186355505,0.7504702103665593,3.622682363994678,-0.3480040730809565,3.069036184748798,-0.1730012693712673,2.4782265458198163,-3.487176899237572,-1.7891287332359918
49.0,207.0,1003.719482421875,-2.5031987067885253,-3.0835693195655787,0.7504702103665593,3.574374989561946,-0.3478970896647465,3.07570152252324,-0.1734246932857242,2.482054143324656,-3.4815056812016643,-1.7891066216227427
49.0,207.0,1003.719482421875,-2.5031987067885253,-3.0835693195655787,0.7504702103665593,3.574374989561946,-0.3478970896647465,3.07570152252324,-0.1734246932857242,2.482054143324656,-3.4815056812016643,-1.7891066216227427
49.0,207.0,1003.7217407226562,-2.5031987067885253,-3.083569322951002,0.7504702103665593,3.574374989561946,-0.3478249325956689,3.075595079572937,-0.1733563084254407,2.482054143324656,-3.4815056812016643,-1.7891542338014774
49.0,207.0,1003.7554931640624,-2.5143295920759448,-3.0835693194044502,0.7504702103665593,3.6277485488346346,-0.3453015641015756,3.0258675615562387,-0.173465770363371,2.4825112604326534,-3.487482377571082,-1.7891014029984478
49.0,207.0,1003.7632446289062,-2.5031987067885253,-3.083569318811459,0.7504702103665593,3.574374989561946,-0.3478259513915961,3.075595079572937,-0.1733626428183243,2.4818662914126888,-3.4813546602786363,-1.7891542338014774
49.0,207.0,1003.7698974609376,-2.514269301016677,-3.083569421552039,0.7504702103665593,3.622611671558337,-0.3478970896647465,3.069036184748798,-0.1686177363237159,2.4781685920139536,-3.4815056812016643,-1.790242364755625
49.0,207.0,1003.8060913085938,-2.5142716625947115,-3.0835693241186424,0.7504702103665593,3.622682363994678,-0.3448577849173422,3.069036184748798,-0.1685756507007695,2.478136078042606,-3.4815056812016643,-1.7902874457346674
49.0,207.0,1003.814453125,-2.5143295920759448,-3.08356932406978,0.7504702103665593,3.622682363994678,-0.3448577849173422,3.069036184748798,-0.1733563037799074,2.481750580852122,-3.4815056812016643,-1.7902897370151674
49.0,207.0,1003.8193359375,-2.5147381064763064,-3.0835693187733133,0.7504702103665593,3.622640090554213,-0.3452904480290105,3.069379675973024,-0.1734276304165324,2.481623591245218,-3.4815431907967747,-1.78916767725674
49.0,207.0,1003.8194580078124,-2.5143295920759448,-3.0835693194044502,0.7504702103665593,3.6277485488432166,-0.3453015641015756,3.025840438031895,-0.173465770363371,2.480150188521453,-3.487482377571082,-1.7891014032430754
49.0,207.0,1003.8519897460938,-2.5083918119773925,-3.0835694186355505,0.7504702103665593,3.627789031377939,-0.3478241758483771,3.069036184748798,-0.1733563037799074,2.4782265458198163,-3.4815056812016643,-1.7902897370151674
49.0,207.0,1003.8704223632812,-2.5114370944770377,-3.083569318773482,0.7504702103665593,3.6277485494205486,-0.345084816307583,3.026850837048247,-0.173465770363371,2.4825115708079504,-3.487482377571082,-1.7891013132394136
49.0,207.0,1003.8733520507812,-2.5143295920759448,-3.08356931791964,0.7504702103665593,3.6280907539319567,-0.3478260010294451,3.069036184748798,-0.1733557326520427,2.4782265458198163,-3.4815056812016643,-1.7902897370151674
49.0,207.0,1003.8733520507812,-2.5143295920759448,-3.08356931791964,0.7504702103665593,3.6280907539319567,-0.3478260010294451,3.069036184748798,-0.1733557326520427,2.4782265458198163,-3.4815056812016643,-1.7902897370151674
49.0,207.0,1003.87744140625,-2.5143295920759448,-3.083569322326168,0.7504702103665593,3.627748549461335,-0.3453008039454673,3.069036184748798,-0.1686716656731903,2.481636533693465,-3.491159464965928,-1.7890932469511678
49.0,207.0,1003.8855590820312,-2.5277691453363627,-3.0835693187733133,0.7504702103665593,3.6277485494291306,-0.3624437019055112,3.068212744777296,-0.1729973108241319,2.481636533693465,-3.487482377571082,-1.789111041602541
49.0,207.0,1003.8855590820312,-2.5277691453363627,-3.0835693187733133,0.7504702103665593,3.6277485494291306,-0.3624437019055112,3.068212744777296,-0.1729973108241319,2.481636533693465,-3.487482377571082,-1.789111041602541
49.0,207.0,1003.9061279296876,-2.5143295920759448,-3.083569319379549,0.7504702103665593,3.627748549461335,-0.3478970896647465,3.069036184748798,-0.1734276304165324,2.47809039815122,-3.4815056812016643,-1.7891066216227427
49.0,207.0,1003.9061279296876,-2.5143295920759448,-3.083569319379549,0.7504702103665593,3.627748549461335,-0.3478970896647465,3.069036184748798,-0.1734276304165324,2.47809039815122,-3.4815056812016643,-1.7891066216227427
49.0,207.0,1003.9067993164062,-2.5143295920759448,-3.08356931791964,0.7504702103665593,3.628110890554252,-0.3478260010294451,3.069036184748798,-0.1733557326520427,2.4782265458198163,-3.4815056812016643,-1.7890289597414968
49.0,207.0,1003.9182739257812,-2.5143295920759448,-3.083569319373965,0.7504702103665593,3.627748549429389,-0.3478970896647465,3.069036184748798,-0.1734276304165324,2.4786474047905096,-3.4815056812016643,-1.7891066216227427
49.0,207.0,1003.9202880859376,-2.511390973889451,-3.08356932406978,0.7504702103665593,3.6278200989328497,-0.3448577849173422,3.066984535842427,-0.1733563037799074,2.481736863947826,-3.4815056812016643,-1.7902497956428989
49.0,207.0,1003.9239501953124,-2.5116195921746587,-3.0835693225709955,0.7504702103665593,3.627748549430045,-0.3453008039454673,3.069036184748798,-0.1735495740739327,2.481636533693465,-3.487620759576283,-1.7890932469511678
49.0,207.0,1003.9244384765624,-2.5114370944770377,-3.083569322544648,0.7504702103665593,3.6277485494291306,-0.345084816307583,3.026823713523904,-0.1735507528938118,2.480153954931371,-3.4876197574777428,-1.7891013134840412
49.0,207.0,1003.9293823242188,-2.5114370944770377,-3.083569318773482,0.7504702103665593,3.6277485494291306,-0.345084816307583,3.026823713523904,-0.173465770363371,2.4801504988967507,-3.487482377571082,-1.7891013134840412
49.0,207.0,1003.9293823242188,-2.5114370944770377,-3.083569318773482,0.7504702103665593,3.6277485494291306,-0.345084816307583,3.026823713523904,-0.173465770363371,2.4801504988967507,-3.487482377571082,-1.7891013134840412
49.0,207.0,1003.9293823242188,-2.5114370944770377,-3.083569318773482,0.7504702103665593,3.6277485494291306,-0.345084816307583,3.026823713523904,-0.173465770363371,2.4801504988967507,-3.487482377571082,-1.7891013134840412
49.0,207.0,1003.9293823242188,-2.5114370944770377,-3.083569318773482,0.7504702103665593,3.6277485494291306,-0.345084816307583,3.026823713523904,-0.173465770363371,2.4801504988967507,-3.487482377571082,-1.7891013134840412
49.0,207.0,1003.9667358398438,-2.502974377170814,-3.083569421552039,0.7504702103665593,3.6291140935976167,-0.3478970896647465,3.069036184748798,-0.1733983894028538,2.481958572785845,-3.48102878791965,-1.7902446560361251
49.0,207.0,1003.966796875,-2.5143757126635315,-3.083569318773482,0.7504702103665593,3.62261081449096,-0.345084816307583,3.0288753624302744,-0.173465770363371,2.480164215801046,-3.487482377571082,-1.78914125485631
49.0,207.0,1003.9761962890624,-2.5143295920759448,-3.0835693187733133,0.7504702103665593,3.6277485494291306,-0.3452904480290105,3.029373789003559,-0.173465770363371,2.481636533693465,-3.487482377571082,-1.7891010754732994
49.0,207.0,1003.9766845703124,-2.514342589965632,-3.08356932406978,0.7504702103665593,3.5716139520851744,-0.3448577849173422,3.068008089266616,-0.1733563084644565,2.481750580852122,-3.4815056812016643,-1.7902052096044838
49.0,207.0,1003.9766845703124,-2.514342589965632,-3.08356932406978,0.7504702103665593,3.5716139520851744,-0.3448577849173422,3.068008089266616,-0.1733563084644565,2.481750580852122,-3.4815056812016643,-1.7902052096044838
49.0,207.0,1003.9869384765624,-2.5034118062213144,-3.0835693193773164,0.7504702103665593,3.627748549429389,-0.3478970896647465,3.069036184748798,-0.1734248161985964,2.4820061342552555,-3.4815056812016643,-1.7891066216227427
49.0,207.0,1003.99755859375,-2.5143295920759448,-3.0835694186355505,0.7504702103665593,3.622682363994678,-0.3478241758483771,3.069036184748798,-0.1733563037799074,2.4782265458198163,-3.4815056812016643,-1.7902897370151674
49.0,207.0,1004.0014038085938,-2.5143107092488908,-3.083569319325982,0.7504702103665593,3.627748549462542,-0.3477042469027935,3.069036184748798,-0.17343182311413,2.481636533693465,-3.48149852354691,-1.7890987317219922
49.0,207.0,1004.0018920898438,-2.5143272304979094,-3.083569421552039,0.7504702103665593,3.622611671558337,-0.3478970896647465,3.069036184748798,-0.1733983894028538,2.4781685920139536,-3.4815056812016643,-1.7902446560361251
49.0,207.0,1004.0032348632812,-2.5143295920759448,-3.0835693193306866,0.7504702103665593,3.627748549461335,-0.3478970896647465,3.069036184748798,-0.1734276304165324,2.4817049009607364,-3.4815056812016643,-1.7891066216227427
49.0,207.0,1004.003662109375,-2.5143295920759448,-3.0835693187733133,0.7504702103665593,3.627748549461335,-0.3452904480290105,3.069036184748798,-0.1734276304165324,2.481636533693465,-3.4815056812016643,-1.7891066216227427
49.0,207.0,1004.003662109375,-2.5143295920759448,-3.0835693187733133,0.7504702103665593,3.627748549461335,-0.3452904480290105,3.069036184748798,-0.1734276304165324,2.481636533693465,-3.4815056812016643,-1.7891066216227427
49.0,207.0,1004.0157470703124,-2.5143111910361347,-3.0835693193296225,0.7504702103665593,3.627748549461335,-0.3477042469027935,3.069036184748798,-0.17343182311413,2.481636533693465,-3.481697007707879,-1.7890987746941918
49.0,207.0,1004.0164794921876,-2.514342589965632,-3.08356932406978,0.7504702103665593,3.5716139520851744,-0.3448577849173422,3.0671714006662505,-0.1689004604389224,2.481735218545354,-3.481679014904481,-1.7771627009391977
49.0,207.0,1004.0255737304688,-2.5143314760103253,-3.083569322912857,0.7504702103665593,3.622958780300373,-0.3481576684664115,3.029373789003559,-0.1734651846405573,2.478301490091684,-3.48763339849411,-1.7901402232257964
49.0,207.0,1004.0287475585938,-2.5143314760103253,-3.0835693187733133,0.7504702103665593,3.622958780300373,-0.3481586872623387,3.029373789003559,-0.173471519033441,2.478113638179716,-3.487482377571082,-1.7901402232257964
49.0,207.0,1004.0287475585938,-2.5143314760103253,-3.0835693187733133,0.7504702103665593,3.622958780300373,-0.3481586872623387,3.029373789003559,-0.173471519033441,2.478113638179716,-3.487482377571082,-1.7901402232257964
49.0,207.0,1004.0298461914062,-2.5142716625947115,-3.08356932406978,0.7504702103665593,3.622682363994678,-0.3448577849173422,3.069036184748798,-0.1685756507007695,2.481750580852122,-3.4815056812016643,-1.7902874457346674
49.0,207.0,1004.0389404296876,-2.508800326377754,-3.0835693187733133,0.7504702103665593,3.627746757937474,-0.3452904480290105,3.069379675973024,-0.1734276304165324,2.481623591245218,-3.4815431907967747,-1.78916767725674
49.0,207.0,1004.0446166992188,-2.5289228107175408,-3.083569319379549,0.7504702103665593,3.627748549461335,-0.3478970896647465,3.069036184748798,-0.173480464112933,2.47809039815122,-3.4876601920769734,-1.7891066216227427
49.0,207.0,1004.0861206054688,-2.5143295920759448,-3.0835693187677955,0.7504702103665593,3.6277485488346346,-0.3452904039459967,3.070581628378216,-0.173465770363371,2.4825066878884545,-3.481729597730747,-1.7891014641576657
49.0,208.0,1003.6845092773438,-2.513416192388843,-3.083569322951002,0.7504702103665593,3.571976813031683,-0.3478249325956689,3.075595079572937,-0.1733563039930766,2.482054143324656,-3.4815056812016643,-1.790289872288762
49.0,208.0,1003.7002563476562,-2.527541913198619,-3.0835694186355505,0.7504702103665593,3.622682363994678,-0.3480040730809565,3.069036184748798,-0.1730012693712673,2.4782265458198163,-3.487176899237572,-1.7891287332359918
49.0,208.0,1003.719482421875,-2.5031987067885253,-3.0835693195655787,0.7504702103665593,3.574374989561946,-0.3478970896647465,3.07570152252324,-0.1734246932857242,2.482054143324656,-3.4815056812016643,-1.7891066216227427
49.0,208.0,1003.719482421875,-2.5031987067885253,-3.0835693195655787,0.7504702103665593,3.574374989561946,-0.3478970896647465,3.07570152252324,-0.1734246932857242,2.482054143324656,-3.4815056812016643,-1.7891066216227427
49.0,208.0,1003.7217407226562,-2.5031987067885253,-3.083569322951002,0.7504702103665593,3.574374989561946,-0.3478249325956689,3.075595079572937,-0.1733563084254407,2.482054143324656,-3.4815056812016643,-1.7891542338014774
49.0,208.0,1003.7422485351562,-2.5143295920759448,-3.098621150138305,0.7504702103665593,3.627669602562801,-0.3478970896647465,3.069036184748798,-0.1734264988479399,2.4819209976979493,-3.4815056812016643,-1.7902954701663325
49.0,208.0,1003.7554931640624,-2.5143295920759448,-3.0835693194044502,0.7504702103665593,3.6277485488346346,-0.3453015641015756,3.0258675615562387,-0.173465770363371,2.4825112604326534,-3.487482377571082,-1.7891014029984478
49.0,208.0,1003.7632446289062,-2.5031987067885253,-3.083569318811459,0.7504702103665593,3.574374989561946,-0.3478259513915961,3.075595079572937,-0.1733626428183243,2.4818662914126888,-3.4813546602786363,-1.7891542338014774
49.0,208.0,1003.7698974609376,-2.514269301016677,-3.083569421552039,0.7504702103665593,3.622611671558337,-0.3478970896647465,3.069036184748798,-0.1686177363237159,2.4781685920139536,-3.4815056812016643,-1.790242364755625
49.0,208.0,1003.7879638671876,-2.5031987067885253,-3.083569322951002,0.7504702103665593,3.627108863911187,-0.3478248371524954,3.075595079572937,-0.1733536401930826,2.481638691051302,-3.481505836707885,-1.7891542338014774
49.0,208.0,1003.8060913085938,-2.5142716625947115,-3.0835693241186424,0.7504702103665593,3.622682363994678,-0.3448577849173422,3.069036184748798,-0.1685756507007695,2.478136078042606,-3.4815056812016643,-1.7902874457346674
49.0,208.0,1003.8090209960938,-2.5143327623316942,-3.083569322544648,0.7504702103665593,3.6277485488366734,-0.345084816307583,3.025927935151353,-0.1735507361562361,2.480153954931371,-3.4876203137930344,-1.7891014037525106
49.0,208.0,1003.814453125,-2.5143295920759448,-3.08356932406978,0.7504702103665593,3.622682363994678,-0.3448577849173422,3.069036184748798,-0.1733563037799074,2.481750580852122,-3.4815056812016643,-1.7902897370151674
49.0,208.0,1003.8193359375,-2.5147381064763064,-3.0835693187733133,0.7504702103665593,3.622640090554213,-0.3452904480290105,3.069379675973024,-0.1734276304165324,2.481623591245218,-3.4815431907967747,-1.78916767725674
49.0,208.0,1003.8194580078124,-2.5143295920759448,-3.0835693194044502,0.7504702103665593,3.6277485488432166,-0.3453015641015756,3.025840438031895,-0.173465770363371,2.480150188521453,-3.487482377571082,-1.7891014032430754
49.0,208.0,1003.8194580078124,-2.5143295920759448,-3.0835693194044502,0.7504702103665593,3.6277485488432166,-0.3453015641015756,3.025840438031895,-0.173465770363371,2.480150188521453,-3.487482377571082,-1.7891014032430754
49.0,208.0,1003.8519897460938,-2.5083918119773925,-3.0835694186355505,0.7504702103665593,3.627789031377939,-0.3478241758483771,3.069036184748798,-0.1733563037799074,2.4782265458198163,-3.4815056812016643,-1.7902897370151674
49.0,208.0,1003.8543090820312,-2.511442793889024,-3.083569318763491,0.7504702103665593,3.627748549461335,-0.3478970896647465,3.069507261384154,-0.1734276304165324,2.47809039815122,-3.4815056812016643,-1.7891066216227427
49.0,208.0,1003.8704223632812,-2.5114370944770377,-3.083569318773482,0.7504702103665593,3.6277485494205486,-0.345084816307583,3.026850837048247,-0.173465770363371,2.4825115708079504,-3.487482377571082,-1.7891013132394136
49.0,208.0,1003.8733520507812,-2.5143295920759448,-3.08356931791964,0.7504702103665593,3.6280907539319567,-0.3478260010294451,3.069036184748798,-0.1733557326520427,2.4782265458198163,-3.4815056812016643,-1.7902897370151674
49.0,208.0,1003.8733520507812,-2.5143295920759448,-3.08356931791964,0.7504702103665593,3.6280907539319567,-0.3478260010294451,3.069036184748798,-0.1733557326520427,2.4782265458198163,-3.4815056812016643,-1.7902897370151674
49.0,208.0,1003.87744140625,-2.5143295920759448,-3.083569322326168,0.7504702103665593,3.627748549461335,-0.3453008039454673,3.069036184748798,-0.1686716656731903,2.481636533693465,-3.491159464965928,-1.7890932469511678
49.0,208.0,1003.8855590820312,-2.5277691453363627,-3.0835693187733133,0.7504702103665593,3.6277485494291306,-0.3624437019055112,3.068212744777296,-0.1729973108241319,2.481636533693465,-3.487482377571082,-1.789111041602541
49.0,208.0,1003.8855590820312,-2.5277691453363627,-3.0835693187733133,0.7504702103665593,3.6277485494291306,-0.3624437019055112,3.068212744777296,-0.1729973108241319,2.481636533693465,-3.487482377571082,-1.789111041602541
49.0,208.0,1003.8855590820312,-2.5277691453363627,-3.0835693187733133,0.7504702103665593,3.6277485494291306,-0.3624437019055112,3.068212744777296,-0.1729973108241319,2.481636533693465,-3.487482377571082,-1.789111041602541
49.0,208.0,1003.8948974609376,-2.511390973889451,-3.08356932406978,0.7504702103665593,3.6278200989328497,-0.3448330898629712,3.066984535842427,-0.1729995962901523,2.481734369893948,-3.4815056812016643,-1.7902497956428989
49.0,208.0,1003.9017944335938,-2.5142716625947115,-3.0835693241186424,0.7504702103665593,3.6282094567287295,-0.344384700543712,3.069036184748798,-0.1685756507007695,2.478136078042606,-3.4815056812016643,-1.7902874457346674
49.0,208.0,1003.9061279296876,-2.5143295920759448,-3.083569319379549,0.7504702103665593,3.627748549461335,-0.3478970896647465,3.069036184748798,-0.1734276304165324,2.47809039815122,-3.4815056812016643,-1.7891066216227427
49.0,208.0,1003.9061279296876,-2.5143295920759448,-3.083569319379549,0.7504702103665593,3.627748549461335,-0.3478970896647465,3.069036184748798,-0.1734276304165324,2.47809039815122,-3.4815056812016643,-1.7891066216227427
49.0,208.0,1003.9061889648438,-2.5143295920759448,-3.08356931791964,0.7504702103665593,3.628110890554252,-0.3478260010294451,3.069036184748798,-0.173362645403354,2.4782265458198163,-3.4815067491762064,-1.7890289597414968
49.0,208.0,1003.9067993164062,-2.5143295920759448,-3.08356931791964,0.7504702103665593,3.628110890554252,-0.3478260010294451,3.069036184748798,-0.1733557326520427,2.4782265458198163,-3.4815056812016643,-1.7890289597414968
49.0,208.0,1003.9067993164062,-2.5143295920759448,-3.08356931791964,0.7504702103665593,3.628110890554252,-0.3478260010294451,3.069036184748798,-0.1733557326520427,2.4782265458198163,-3.4815056812016643,-1.7890289597414968
49.0,208.0,1003.9182739257812,-2.5143295920759448,-3.083569319373965,0.7504702103665593,3.627748549429389,-0.3478970896647465,3.069036184748798,-0.1734276304165324,2.4786474047905096,-3.4815056812016643,-1.7891066216227427
49.0,208.0,1003.9202880859376,-2.511390973889451,-3.08356932406978,0.7504702103665593,3.6278200989328497,-0.3448577849173422,3.066984535842427,-0.1733563037799074,2.481736863947826,-3.4815056812016643,-1.7902497956428989
49.0,208.0,1003.9239501953124,-2.5116195921746587,-3.0835693225709955,0.7504702103665593,3.627748549430045,-0.3453008039454673,3.069036184748798,-0.1735495740739327,2.481636533693465,-3.487620759576283,-1.7890932469511678
49.0,208.0,1003.9244384765624,-2.5114370944770377,-3.083569322544648,0.7504702103665593,3.6277485494291306,-0.345084816307583,3.026823713523904,-0.1735507528938118,2.480153954931371,-3.4876197574777428,-1.7891013134840412
49.0,208.0,1003.9293823242188,-2.5114370944770377,-3.083569318773482,0.7504702103665593,3.6277485494291306,-0.345084816307583,3.026823713523904,-0.173465770363371,2.4801504988967507,-3.487482377571082,-1.7891013134840412
49.0,208.0,1003.9293823242188,-2.5114370944770377,-3.083569318773482,0.7504702103665593,3.6277485494291306,-0.345084816307583,3.026823713523904,-0.173465770363371,2.4801504988967507,-3.487482377571082,-1.7891013134840412
49.0,208.0,1003.9293823242188,-2.5114370944770377,-3.083569318773482,0.7504702103665593,3.6277485494291306,-0.345084816307583,3.026823713523904,-0.173465770363371,2.4801504988967507,-3.487482377571082,-1.7891013134840412
49.0,208.0,1003.9293823242188,-2.5114370944770377,-3.083569318773482,0.7504702103665593,3.6277485494291306,-0.345084816307583,3.026823713523904,-0.173465770363371,2.4801504988967507,-3.487482377571082,-1.7891013134840412
49.0,208.0,1003.9513549804688,-2.5083918119773925,-3.083569418613619,0.7504702103665593,3.627789031377939,-0.3479905732872626,3.069036184748798,-0.1733563037799074,2.4801809195708144,-3.4815056812016643,-1.7889322991566632
49.0,208.0,1003.9667358398438,-2.502974377170814,-3.083569421552039,0.7504702103665593,3.6291140935976167,-0.3478970896647465,3.069036184748798,-0.1733983894028538,2.481958572785845,-3.48102878791965,-1.7902446560361251
49.0,208.0,1003.966796875,-2.5143757126635315,-3.083569318773482,0.7504702103665593,3.62261081449096,-0.345084816307583,3.0288753624302744,-0.173465770363371,2.480164215801046,-3.487482377571082,-1.78914125485631
49.0,208.0,1003.9684448242188,-2.478495280412236,-3.083569318811459,0.7504702103665593,3.574374989561946,-0.3478259513915961,3.075595079572937,-0.173355730067013,2.4818662914126888,-3.4813535923040946,-1.7891542338014774
49.0,208.0,1003.9761962890624,-2.5143295920759448,-3.0835693187733133,0.7504702103665593,3.6277485494291306,-0.3452904480290105,3.029373789003559,-0.173465770363371,2.481636533693465,-3.487482377571082,-1.7891010754732994
49.0,208.0,1003.9766845703124,-2.514342589965632,-3.08356932406978,0.7504702103665593,3.5716139520851744,-0.3448577849173422,3.068008089266616,-0.1733563084644565,2.481750580852122,-3.4815056812016643,-1.7902052096044838
49.0,208.0,1003.9766845703124,-2.514342589965632,-3.08356932406978,0.7504702103665593,3.5716139520851744,-0.3448577849173422,3.068008089266616,-0.1733563084644565,2.481750580852122,-3.4815056812016643,-1.7902052096044838
49.0,208.0,1003.9859619140624,-2.5032026019633067,-3.083569318811459,0.7504702103665593,3.626668709892951,-0.3478259513915961,3.0708122333689207,-0.1733626428183243,2.481844741350598,-3.4812143126253017,-1.7891542338014774
49.0,208.0,1003.9869384765624,-2.5034118062213144,-3.0835693193773164,0.7504702103665593,3.627748549429389,-0.3478970896647465,3.069036184748798,-0.1734248161985964,2.4820061342552555,-3.4815056812016643,-1.7891066216227427
49.0,208.0,1003.99755859375,-2.5143295920759448,-3.0835694186355505,0.7504702103665593,3.622682363994678,-0.3478241758483771,3.069036184748798,-0.1733563037799074,2.4782265458198163,-3.4815056812016643,-1.7902897370151674
49.0,209.0,1003.5032348632812,-2.5031987067885253,-3.083569324113693,0.7504702103665593,3.5732078204184763,-0.3478249325956689,3.0689761135907148,-0.1733563084254407,2.482054143324656,-3.4815056812016643,-1.7891542338014774
49.0,209.0,1003.63525390625,-2.5031987067885253,-3.0835693195655787,0.7504702103665593,3.574374989561946,-0.3478970896647465,3.0689264106051484,-0.173432570687036,2.482054143324656,-3.4815056812016643,-1.790315265368798
49.0,209.0,1003.6845092773438,-2.513416192388843,-3.083569322951002,0.7504702103665593,3.571976813031683,-0.3478249325956689,3.075595079572937,-0.1733563039930766,2.482054143324656,-3.4815056812016643,-1.790289872288762
49.0,209.0,1003.7002563476562,-2.527541913198619,-3.0835694186355505,0.7504702103665593,3.622682363994678,-0.3480040730809565,3.069036184748798,-0.1730012693712673,2.4782265458198163,-3.487176899237572,-1.7891287332359918
49.0,209.0,1003.7022094726562,-2.5031987067885253,-3.083569322951002,0.7504702103665593,3.629286778392677,-0.3478249325956689,3.075595079572937,-0.1733626893094358,2.482054143324656,-3.4815056812016643,-1.7891542338014774
49.0,209.0,1003.719482421875,-2.5031987067885253,-3.0835693195655787,0.7504702103665593,3.574374989561946,-0.3478970896647465,3.07570152252324,-0.1734246932857242,2.482054143324656,-3.4815056812016643,-1.7891066216227427
49.0,209.0,1003.719482421875,-2.5031987067885253,-3.0835693195655787,0.7504702103665593,3.574374989561946,-0.3478970896647465,3.07570152252324,-0.1734246932857242,2.482054143324656,-3.4815056812016643,-1.7891066216227427
49.0,209.0,1003.719482421875,-2.5031987067885253,-3.0835693195655787,0.7504702103665593,3.574374989561946,-0.3478970896647465,3.07570152252324,-0.1734246932857242,2.482054143324656,-3.4815056812016643,-1.7891066216227427
49.0,209.0,1003.7217407226562,-2.5031987067885253,-3.083569322951002,0.7504702103665593,3.574374989561946,-0.3478249325956689,3.075595079572937,-0.1733563084254407,2.482054143324656,-3.4815056812016643,-1.7891542338014774
49.0,209.0,1003.7388916015624,-2.5031987067885253,-3.083569324235316,0.7504702103665593,3.574359031106469,-0.3478259513915961,3.075595079572937,-0.1733626428183243,2.4818662914126888,-3.481520880930673,-1.7891542338014774
49.0,209.0,1003.7422485351562,-2.5143295920759448,-3.098621150138305,0.7504702103665593,3.627669602562801,-0.3478970896647465,3.069036184748798,-0.1734264988479399,2.4819209976979493,-3.4815056812016643,-1.7902954701663325
49.0,209.0,1003.75244140625,-2.5144556727695324,-3.0835693188114344,0.7504702103665593,3.5746702438985665,-0.3478260005319578,3.075464990221031,-0.1733624245079035,2.478466280353489,-3.481336276833937,-1.7903408763433983
49.0,209.0,1003.7554931640624,-2.5143295920759448,-3.0835693194044502,0.7504702103665593,3.6277485488346346,-0.3453015641015756,3.0258675615562387,-0.173465770363371,2.4825112604326534,-3.487482377571082,-1.7891014029984478
49.0,209.0,1003.7555541992188,-2.5143295920759448,-3.0835693194044502,0.7504702103665593,3.6277485488346346,-0.3453015641015756,3.0258675615562387,-0.173465770363371,2.4825115793058847,-3.487482377571082,-1.7891014029984478
49.0,209.0,1003.7557983398438,-2.5083918119773925,-3.0835694186355505,0.7504702103665593,3.627789031377939,-0.3478241758483771,3.07581129666689,-0.1733484263785956,2.4782265458198163,-3.4815056812016643,-1.789081093269112
49.0,209.0,1003.7632446289062,-2.5031987067885253,-3.083569318811459,0.7504702103665593,3.574374989561946,-0.3478259513915961,3.075595079572937,-0.1733626428183243,2.4818662914126888,-3.4813546602786363,-1.7891542338014774
49.0,209.0,1003.7698974609376,-2.514269301016677,-3.083569421552039,0.7504702103665593,3.622611671558337,-0.3478970896647465,3.069036184748798,-0.1686177363237159,2.4781685920139536,-3.4815056812016643,-1.790242364755625
49.0,209.0,1003.7836303710938,-2.513416192388843,-3.083569322951002,0.7504702103665593,3.62085388271358,-0.3478249325956689,3.069432128598524,-0.1733563039930766,2.482052872737197,-3.4815056812016643,-1.790289872288762
49.0,209.0,1003.7879638671876,-2.5031987067885253,-3.083569322951002,0.7504702103665593,3.627108863911187,-0.3478248371524954,3.075595079572937,-0.1733536401930826,2.481638691051302,-3.481505836707885,-1.7891542338014774
49.0,209.0,1003.7914428710938,-2.528416518615149,-3.083569322544648,0.7504702103665593,3.6277485488366734,-0.345084816307583,3.025927935151353,-0.1735507361562361,2.480153954931371,-3.4876203137930344,-1.7891014037525106
49.0,209.0,1003.8060913085938,-2.5142716625947115,-3.0835693241186424,0.7504702103665593,3.622682363994678,-0.3448577849173422,3.069036184748798,-0.1685756507007695,2.478136078042606,-3.4815056812016643,-1.7902874457346674
49.0,209.0,1003.8090209960938,-2.5143327623316942,-3.083569322544648,0.7504702103665593,3.6277485488366734,-0.345084816307583,3.025927935151353,-0.1735507361562361,2.480153954931371,-3.4876203137930344,-1.7891014037525106
49.0,209.0,1003.8092651367188,-2.5142716625947115,-3.083569318694785,0.7504702103665593,3.6226983224501534,-0.3448577849173422,3.069036184748798,-0.1685756507007695,2.478136078042606,-3.4813394605496275,-1.7902874457346674
49.0,209.0,1003.8140869140624,-2.514269301016677,-3.083569421552039,0.7504702103665593,3.622611671558337,-0.3475495643717673,3.0680072717890643,-0.1686177363237159,2.478214172885589,-3.4815056812016643,-1.790242364755625
49.0,209.0,1003.814453125,-2.5143295920759448,-3.08356932406978,0.7504702103665593,3.622682363994678,-0.3448577849173422,3.069036184748798,-0.1733563037799074,2.481750580852122,-3.4815056812016643,-1.7902897370151674
49.0,209.0,1003.8193359375,-2.5147381064763064,-3.0835693187733133,0.7504702103665593,3.622640090554213,-0.3452904480290105,3.069379675973024,-0.1734276304165324,2.481623591245218,-3.4815431907967747,-1.78916767725674
49.0,209.0,1003.8194580078124,-2.5143295920759448,-3.0835693194044502,0.7504702103665593,3.6277485488432166,-0.3453015641015756,3.025840438031895,-0.173465770363371,2.480150188521453,-3.487482377571082,-1.7891014032430754
49.0,209.0,1003.8194580078124,-2.5143295920759448,-3.0835693194044502,0.7504702103665593,3.6277485488432166,-0.3453015641015756,3.025840438031895,-0.173465770363371,2.480150188521453,-3.487482377571082,-1.7891014032430754
49.0,209.0,1003.8204956054688,-2.514341615776039,-3.083569318801145,0.7504702103665593,3.6226828975105776,-0.3448577849173422,3.069041180560092,-0.1733593673773524,2.481626639971057,-3.4815068097943787,-1.7902897370151674
49.0,209.0,1003.8218383789062,-2.5034668197543635,-3.083569322544648,0.7504702103665593,3.627702013775416,-0.3451340920779392,3.075607595569581,-0.1735507528938118,2.481551527058141,-3.4876197574777428,-1.7891013134840412
49.0,209.0,1003.8489990234376,-2.5115141720942686,-3.0835693194044502,0.7504702103665593,3.62781571994953,-0.3448418949355102,3.025840438031895,-0.173465770363371,2.4817274253195496,-3.4871521352677872,-1.7891014032430754
49.0,209.0,1003.8519897460938,-2.5083918119773925,-3.0835694186355505,0.7504702103665593,3.627789031377939,-0.3478241758483771,3.069036184748798,-0.1733563037799074,2.4782265458198163,-3.4815056812016643,-1.7902897370151674
49.0,209.0,1003.8543090820312,-2.511442793889024,-3.083569318763491,0.7504702103665593,3.627748549461335,-0.3478970896647465,3.069507261384154,-0.1734276304165324,2.47809039815122,-3.4815056812016643,-1.7891066216227427
49.0,209.0,1003.8704223632812,-2.5114370944770377,-3.083569318773482,0.7504702103665593,3.6277485494205486,-0.345084816307583,3.026850837048247,-0.173465770363371,2.4825115708079504,-3.487482377571082,-1.7891013132394136
49.0,209.0,1003.8704223632812,-2.5114370944770377,-3.083569318773482,0.7504702103665593,3.6277485494205486,-0.345084816307583,3.026850837048247,-0.173465770363371,2.482511251934719,-3.487482377571082,-1.7891013132394136
49.0,209.0,1003.8733520507812,-2.5143295920759448,-3.08356931791964,0.7504702103665593,3.6280907539319567,-0.3478260010294451,3.069036184748798,-0.1733557326520427,2.4782265458198163,-3.4815056812016643,-1.7902897370151674
49.0,209.0,1003.8733520507812,-2.5143295920759448,-3.08356931791964,0.7504702103665593,3.6280907539319567,-0.3478260010294451,3.069036184748798,-0.1733557326520427,2.4782265458198163,-3.4815056812016643,-1.7902897370151674
49.0,209.0,1003.8739013671876,-2.5143295920759448,-3.08356931791964,0.7504702103665593,3.6280907539319567,-0.3478589214128886,3.069036184748798,-0.1733557326520427,2.478242399523118,-3.4815056812016643,-1.7902897370151674
49.0,209.0,1003.87744140625,-2.5143295920759448,-3.083569322326168,0.7504702103665593,3.627748549461335,-0.3453008039454673,3.069036184748798,-0.1686716656731903,2.481636533693465,-3.491159464965928,-1.7890932469511678
49.0,209.0,1003.8855590820312,-2.5277691453363627,-3.0835693187733133,0.7504702103665593,3.6277485494291306,-0.3624437019055112,3.068212744777296,-0.1729973108241319,2.481636533693465,-3.487482377571082,-1.789111041602541
49.0,209.0,1003.8855590820312,-2.5277691453363627,-3.0835693187733133,0.7504702103665593,3.6277485494291306,-0.3624437019055112,3.068212744777296,-0.1729973108241319,2.481636533693465,-3.487482377571082,-1.789111041602541
49.0,209.0,1003.8855590820312,-2.5277691453363627,-3.0835693187733133,0.7504702103665593,3.6277485494291306,-0.3624437019055112,3.068212744777296,-0.1729973108241319,2.481636533693465,-3.487482377571082,-1.789111041602541
49.0,209.0,1003.8948974609376,-2.511390973889451,-3.08356932406978,0.7504702103665593,3.6278200989328497,-0.3448330898629712,3.066984535842427,-0.1729995962901523,2.481734369893948,-3.4815056812016643,-1.7902497956428989
49.0,209.0,1003.9017944335938,-2.5142716625947115,-3.0835693241186424,0.7504702103665593,3.6282094567287295,-0.344384700543712,3.069036184748798,-0.1685756507007695,2.478136078042606,-3.4815056812016643,-1.7902874457346674
49.0,209.0,1003.9017944335938,-2.5142716625947115,-3.0835693241186424,0.7504702103665593,3.6282094567287295,-0.344384700543712,3.069036184748798,-0.1685756507007695,2.478136078042606,-3.4815056812016643,-1.7902874457346674
49.0,209.0,1003.9061279296876,-2.5143295920759448,-3.083569319379549,0.7504702103665593,3.627748549461335,-0.3478970896647465,3.069036184748798,-0.1734276304165324,2.47809039815122,-3.4815056812016643,-1.7891066216227427
49.0,209.0,1003.9061279296876,-2.5143295920759448,-3.083569319379549,0.7504702103665593,3.627748549461335,-0.3478970896647465,3.069036184748798,-0.1734276304165324,2.47809039815122,-3.4815056812016643,-1.7891066216227427
49.0,209.0,1003.9061889648438,-2.5143295920759448,-3.08356931791964,0.7504702103665593,3.628110890554252,-0.3478260010294451,3.069036184748798,-0.173362645403354,2.4782265458198163,-3.4815067491762064,-1.7890289597414968
49.0,209.0,1003.9067993164062,-2.5143295920759448,-3.08356931791964,0.7504702103665593,3.628110890554252,-0.3478260010294451,3.069036184748798,-0.1733557326520427,2.4782265458198163,-3.4815056812016643,-1.7890289597414968
49.0,209.0,1003.9067993164062,-2.5143295920759448,-3.08356931791964,0.7504702103665593,3.628110890554252,-0.3478260010294451,3.069036184748798,-0.1733557326520427,2.4782265458198163,-3.4815056812016643,-1.7890289597414968
49.0,210.0,1003.4745483398438,-2.5138465502160856,-3.0835693195655787,0.7504702103665593,3.574374989561946,-0.3478758420700896,3.07570152252324,-0.1734249519699579,2.482054143324656,-3.4815056812016643,-1.7891066216227427
49.0,210.0,1003.5032348632812,-2.5031987067885253,-3.083569324113693,0.7504702103665593,3.5732078204184763,-0.3478249325956689,3.0689761135907148,-0.1733563084254407,2.482054143324656,-3.4815056812016643,-1.7891542338014774
49.0,210.0,1003.51318359375,-2.511453085423588,-3.083569324235316,0.7504702103665593,3.574359031106469,-0.3478259513915961,3.075595079572937,-0.1733636989871352,2.4818662914126888,-3.481505205970617,-1.7891542338014774
49.0,210.0,1003.6350708007812,-2.5031987067885253,-3.0835693196232,0.7504702103665593,3.574404494403064,-0.3478970896647465,3.0689264106051484,-0.173432570687036,2.482054143324656,-3.4815056812016643,-1.790315265368798
49.0,210.0,1003.63525390625,-2.5031987067885253,-3.0835693195655787,0.7504702103665593,3.574374989561946,-0.3478970896647465,3.0689264106051484,-0.173432570687036,2.482054143324656,-3.4815056812016643,-1.790315265368798
49.0,210.0,1003.6797485351562,-2.5031987067885253,-3.083569319391887,0.7504702103665593,3.574374989561946,-0.3452569241911488,3.0749957133367065,-0.173425844442786,2.482054143324656,-3.4815056812016643,-1.7891016711485896
49.0,210.0,1003.6845092773438,-2.513416192388843,-3.083569322951002,0.7504702103665593,3.571976813031683,-0.3478249325956689,3.075595079572937,-0.1733563039930766,2.482054143324656,-3.4815056812016643,-1.790289872288762
49.0,210.0,1003.7000122070312,-2.514693884731638,-3.083569322544648,0.7504702103665593,3.6277485488366734,-0.3450820534890447,3.0671366064483467,-0.1735507361562361,2.481903217488312,-3.487478518687017,-1.790280181136079
49.0,210.0,1003.7002563476562,-2.527541913198619,-3.0835694186355505,0.7504702103665593,3.622682363994678,-0.3480040730809565,3.069036184748798,-0.1730012693712673,2.4782265458198163,-3.487176899237572,-1.7891287332359918
49.0,210.0,1003.7022094726562,-2.5031987067885253,-3.083569322951002,0.7504702103665593,3.629286778392677,-0.3478249325956689,3.075595079572937,-0.1733626893094358,2.482054143324656,-3.4815056812016643,-1.7891542338014774
49.0,210.0,1003.712890625,-2.527541913198619,-3.0835694186355505,0.7504702103665593,3.623276661799045,-0.3480040730809565,3.068644886778117,-0.1733472561245288,2.4782265458198163,-3.48720067401674,-1.7891287332359918
49.0,210.0,1003.719482421875,-2.5031987067885253,-3.0835693195655787,0.7504702103665593,3.574374989561946,-0.3478970896647465,3.07570152252324,-0.1734246932857242,2.482054143324656,-3.4815056812016643,-1.7891066216227427
49.0,210.0,1003.719482421875,-2.5031987067885253,-3.0835693195655787,0.7504702103665593,3.574374989561946,-0.3478970896647465,3.07570152252324,-0.1734246932857242,2.482054143324656,-3.4815056812016643,-1.7891066216227427
49.0,210.0,1003.719482421875,-2.5031987067885253,-3.0835693195655787,0.7504702103665593,3.574374989561946,-0.3478970896647465,3.07570152252324,-0.1734246932857242,2.482054143324656,-3.4815056812016643,-1.7891066216227427
49.0,210.0,1003.7217407226562,-2.5031987067885253,-3.083569322951002,0.7504702103665593,3.574374989561946,-0.3478249325956689,3.075595079572937,-0.1733563084254407,2.482054143324656,-3.4815056812016643,-1.7891542338014774
49.0,210.0,1003.7388916015624,-2.5031987067885253,-3.083569324235316,0.7504702103665593,3.574359031106469,-0.3478259513915961,3.075595079572937,-0.1733626428183243,2.4818662914126888,-3.481520880930673,-1.7891542338014774
49.0,210.0,1003.7422485351562,-2.5143295920759448,-3.098621150138305,0.7504702103665593,3.627669602562801,-0.3478970896647465,3.069036184748798,-0.1734264988479399,2.4819209976979493,-3.4815056812016643,-1.7902954701663325
49.0,210.0,1003.75244140625,-2.5144556727695324,-3.0835693188114344,0.7504702103665593,3.5746702438985665,-0.3478260005319578,3.075464990221031,-0.1733624245079035,2.478466280353489,-3.481336276833937,-1.7903408763433983
49.0,210.0,1003.7554931640624,-2.5143295920759448,-3.0835693194044502,0.7504702103665593,3.6277485488346346,-0.3453015641015756,3.0258675615562387,-0.173465770363371,2.4825112604326534,-3.487482377571082,-1.7891014029984478
49.0,210.0,1003.7555541992188,-2.5143295920759448,-3.0835693194044502,0.7504702103665593,3.6277485488346346,-0.3453015641015756,3.0258675615562387,-0.173465770363371,2.4825115793058847,-3.487482377571082,-1.7891014029984478
49.0,210.0,1003.7557983398438,-2.5083918119773925,-3.0835694186355505,0.7504702103665593,3.627789031377939,-0.3478241758483771,3.07581129666689,-0.1733484263785956,2.4782265458198163,-3.4815056812016643,-1.789081093269112
49.0,210.0,1003.7632446289062,-2.5031987067885253,-3.083569318811459,0.7504702103665593,3.574374989561946,-0.3478259513915961,3.075595079572937,-0.1733626428183243,2.4818662914126888,-3.4813546602786363,-1.7891542338014774
49.0,210.0,1003.7632446289062,-2.5031987067885253,-3.083569318811459,0.7504702103665593,3.574374989561946,-0.3478259513915961,3.075595079572937,-0.1733626428183243,2.4818662914126888,-3.4813546602786363,-1.7891542338014774
49.0,210.0,1003.7698974609376,-2.514269301016677,-3.083569421552039,0.7504702103665593,3.622611671558337,-0.3478970896647465,3.069036184748798,-0.1686177363237159,2.4781685920139536,-3.4815056812016643,-1.790242364755625
49.0,210.0,1003.7698974609376,-2.514269301016677,-3.083569421552039,0.7504702103665593,3.622611671558337,-0.3478970896647465,3.069036184748798,-0.1686177363237159,2.4781685920139536,-3.4815056812016643,-1.790242364755625
49.0,210.0,1003.7789306640624,-2.5143295920759448,-3.083569317843528,0.7504702103665593,3.6280907539319567,-0.3478260010294451,3.076217714879,-0.1733563230268612,2.4782265458198163,-3.4815056812016643,-1.7891104269068918
49.0,210.0,1003.7817993164062,-2.513180957868984,-3.083569322951002,0.7504702103665593,3.629286778392677,-0.3478249325956689,3.075595079572937,-0.1733630164125241,2.482054143324656,-3.4815056812016643,-1.790329902010435
49.0,210.0,1003.7836303710938,-2.513416192388843,-3.083569322951002,0.7504702103665593,3.62085388271358,-0.3478249325956689,3.069432128598524,-0.1733563039930766,2.482052872737197,-3.4815056812016643,-1.790289872288762
49.0,210.0,1003.7879638671876,-2.5031987067885253,-3.083569322951002,0.7504702103665593,3.627108863911187,-0.3478248371524954,3.075595079572937,-0.1733536401930826,2.481638691051302,-3.481505836707885,-1.7891542338014774
49.0,210.0,1003.7914428710938,-2.528416518615149,-3.083569322544648,0.7504702103665593,3.6277485488366734,-0.345084816307583,3.025927935151353,-0.1735507361562361,2.480153954931371,-3.4876203137930344,-1.7891014037525106
49.0,210.0,1003.8060913085938,-2.5142716625947115,-3.0835693241186424,0.7504702103665593,3.622682363994678,-0.3448577849173422,3.069036184748798,-0.1685756507007695,2.478136078042606,-3.4815056812016643,-1.7902874457346674
49.0,210.0,1003.8090209960938,-2.5143327623316942,-3.083569322544648,0.7504702103665593,3.6277485488366734,-0.345084816307583,3.025927935151353,-0.1735507361562361,2.480153954931371,-3.4876203137930344,-1.7891014037525106
49.0,210.0,1003.8090209960938,-2.5143327623316942,-3.083569322544648,0.7504702103665593,3.6277485488366734,-0.345084816307583,3.025927935151353,-0.1735507361562361,2.480153954931371,-3.4876203137930344,-1.7891014037525106
49.0,210.0,1003.8092651367188,-2.5142716625947115,-3.083569318694785,0.7504702103665593,3.6226983224501534,-0.3448577849173422,3.069036184748798,-0.1685756507007695,2.478136078042606,-3.4813394605496275,-1.7902874457346674
49.0,210.0,1003.8094482421876,-2.5142716625947115,-3.0835693188011977,0.7504702103665593,3.622698326605386,-0.3448577849173422,3.069036184748798,-0.1685756507007695,2.478136078042606,-3.4813329873522085,-1.7902897407770266
49.0,210.0,1003.8140869140624,-2.514269301016677,-3.083569421552039,0.7504702103665593,3.622611671558337,-0.3475495643717673,3.0680072717890643,-0.1686177363237159,2.478214172885589,-3.4815056812016643,-1.790242364755625
49.0,210.0,1003.814453125,-2.5143295920759448,-3.08356932406978,0.7504702103665593,3.622682363994678,-0.3448577849173422,3.069036184748798,-0.1733563037799074,2.481750580852122,-3.4815056812016643,-1.7902897370151674
49.0,210.0,1003.8193359375,-2.5147381064763064,-3.0835693187733133,0.7504702103665593,3.622640090554213,-0.3452904480290105,3.069379675973024,-0.1734276304165324,2.481623591245218,-3.4815431907967747,-1.78916767725674
49.0,210.0,1003.8194580078124,-2.5143295920759448,-3.0835693194044502,0.7504702103665593,3.6277485488432166,-0.3453015641015756,3.025840438031895,-0.173465770363371,2.480150188521453,-3.487482377571082,-1.7891014032430754
49.0,210.0,1003.8194580078124,-2.5143295920759448,-3.0835693194044502,0.7504702103665593,3.6277485488432166,-0.3453015641015756,3.025840438031895,-0.173465770363371,2.480150188521453,-3.487482377571082,-1.7891014032430754
49.0,210.0,1003.8204956054688,-2.514341615776039,-3.083569318801145,0.7504702103665593,3.6226828975105776,-0.3448577849173422,3.069041180560092,-0.1733593673773524,2.481626639971057,-3.4815068097943787,-1.7902897370151674
49.0,210.0,1003.8218383789062,-2.5034668197543635,-3.083569322544648,0.7504702103665593,3.627702013775416,-0.3451340920779392,3.075607595569581,-0.1735507528938118,2.481551527058141,-3.4876197574777428,-1.7891013134840412
49.0,210.0,1003.8246459960938,-2.5143295920759448,-3.083569322991564,0.7504702103665593,3.627749325313416,-0.3453695283411195,3.069036184748798,-0.1686716656731903,2.481636533693465,-3.491079056921281,-1.7902836530124588
49.0,210.0,1003.8489990234376,-2.5115141720942686,-3.0835693194044502,0.7504702103665593,3.62781571994953,-0.3448418949355102,3.025840438031895,-0.173465770363371,2.4817274253195496,-3.4871521352677872,-1.7891014032430754
49.0,210.0,1003.8519897460938,-2.5083918119773925,-3.0835694186355505,0.7504702103665593,3.627789031377939,-0.3478241758483771,3.069036184748798,-0.1733563037799074,2.4782265458198163,-3.4815056812016643,-1.7902897370151674
49.0,210.0,1003.8543090820312,-2.511442793889024,-3.083569318763491,0.7504702103665593,3.627748549461335,-0.3478970896647465,3.069507261384154,-0.1734276304165324,2.47809039815122,-3.4815056812016643,-1.7891066216227427
49.0,210.0,1003.8704223632812,-2.5114370944770377,-3.083569318773482,0.7504702103665593,3.6277485494205486,-0.345084816307583,3.026850837048247,-0.173465770363371,2.4825115708079504,-3.487482377571082,-1.7891013132394136
49.0,210.0,1003.8704223632812,-2.5114370944770377,-3.083569318773482,0.7504702103665593,3.6277485494205486,-0.345084816307583,3.026850837048247,-0.173465770363371,2.482511251934719,-3.487482377571082,-1.7891013132394136
49.0,210.0,1003.8733520507812,-2.5143295920759448,-3.08356931791964,0.7504702103665593,3.6280907539319567,-0.3478260010294451,3.069036184748798,-0.1733557326520427,2.4782265458198163,-3.4815056812016643,-1.7902897370151674
49.0,210.0,1003.8733520507812,-2.5143295920759448,-3.08356931791964,0.7504702103665593,3.6280907539319567,-0.3478260010294451,3.069036184748798,-0.1733557326520427,2.4782265458198163,-3.4815056812016643,-1.7902897370151674
49.0,211.0,1003.4745483398438,-2.5138465502160856,-3.0835693195655787,0.7504702103665593,3.574374989561946,-0.3478758420700896,3.07570152252324,-0.1734249519699579,2.482054143324656,-3.4815056812016643,-1.7891066216227427
49.0,211.0,1003.478515625,-2.5141811647583494,-3.083569319556536,0.7504702103665593,3.574374989561946,-0.3478742767588677,3.075595079572937,-0.1733626428183243,2.4818662914126888,-3.481512177725953,-1.7891545870977814
49.0,211.0,1003.5032348632812,-2.5031987067885253,-3.083569324113693,0.7504702103665593,3.5732078204184763,-0.3478249325956689,3.0689761135907148,-0.1733563084254407,2.482054143324656,-3.4815056812016643,-1.7891542338014774
49.0,211.0,1003.51318359375,-2.511453085423588,-3.083569324235316,0.7504702103665593,3.574359031106469,-0.3478259513915961,3.075595079572937,-0.1733636989871352,2.4818662914126888,-3.481505205970617,-1.7891542338014774
49.0,211.0,1003.5460205078124,-2.5031987067885253,-3.083569324235316,0.7504702103665593,3.576977014888304,-0.3480078595439834,3.0690120770280083,-0.1733739308598728,2.4818662914126888,-3.481520880930673,-1.7891542338014774
49.0,211.0,1003.5549926757812,-2.5038992442494314,-3.0835693196232,0.7504702103665593,3.574404494403064,-0.3478970896647465,3.0693850276151338,-0.173432570687036,2.482038784299818,-3.481437485876507,-1.789146494181517
49.0,211.0,1003.5678100585938,-2.5031987067885253,-3.083569322951002,0.7504702103665593,3.574374989561946,-0.3478249325956689,3.075468994598967,-0.1733563084254407,2.482054143324656,-3.4815056812016643,-1.79031361662645
49.0,211.0,1003.6350708007812,-2.5031987067885253,-3.0835693196232,0.7504702103665593,3.574404494403064,-0.3478970896647465,3.0689264106051484,-0.173432570687036,2.482054143324656,-3.4815056812016643,-1.790315265368798
49.0,211.0,1003.6350708007812,-2.5031987067885253,-3.0835693196232,0.7504702103665593,3.574404494403064,-0.3478970896647465,3.0689264106051484,-0.173432570687036,2.482054143324656,-3.4815056812016643,-1.790315265368798
49.0,211.0,1003.63525390625,-2.5031987067885253,-3.0835693195655787,0.7504702103665593,3.574374989561946,-0.3478970896647465,3.0689264106051484,-0.173432570687036,2.482054143324656,-3.4815056812016643,-1.790315265368798
49.0,211.0,1003.63525390625,-2.5031987067885253,-3.0835693195655787,0.7504702103665593,3.574374989561946,-0.3478970896647465,3.0689264106051484,-0.173432570687036,2.482054143324656,-3.4815056812016643,-1.790315265368798
49.0,211.0,1003.6796875,-2.5140884714721574,-3.101004294886835,0.7504702103665593,3.627669602562801,-0.3478970896647465,3.068972042815756,-0.1734264988479399,2.482060499917923,-3.4815056812016643,-1.7902954701663325
49.0,211.0,1003.6797485351562,-2.5031987067885253,-3.083569319391887,0.7504702103665593,3.574374989561946,-0.3452569241911488,3.0749957133367065,-0.173425844442786,2.482054143324656,-3.4815056812016643,-1.7891016711485896
49.0,211.0,1003.6845092773438,-2.513416192388843,-3.083569322951002,0.7504702103665593,3.571976813031683,-0.3478249325956689,3.075595079572937,-0.1733563039930766,2.482054143324656,-3.4815056812016643,-1.790289872288762
49.0,211.0,1003.6873168945312,-2.514693884731638,-3.083569322544648,0.7504702103665593,3.627763217341984,-0.3450820534890447,3.0671366064483467,-0.1735507361562361,2.4820367317080065,-3.487478518687017,-1.7902806025076683
49.0,211.0,1003.7000122070312,-2.514693884731638,-3.083569322544648,0.7504702103665593,3.6277485488366734,-0.3450820534890447,3.0671366064483467,-0.1735507361562361,2.481903217488312,-3.487478518687017,-1.790280181136079
49.0,211.0,1003.7002563476562,-2.527541913198619,-3.0835694186355505,0.7504702103665593,3.622682363994678,-0.3480040730809565,3.069036184748798,-0.1730012693712673,2.4782265458198163,-3.487176899237572,-1.7891287332359918
49.0,211.0,1003.7022094726562,-2.5031987067885253,-3.083569322951002,0.7504702103665593,3.629286778392677,-0.3478249325956689,3.075595079572937,-0.1733626893094358,2.482054143324656,-3.4815056812016643,-1.7891542338014774
49.0,211.0,1003.712890625,-2.527541913198619,-3.0835694186355505,0.7504702103665593,3.623276661799045,-0.3480040730809565,3.068644886778117,-0.1733472561245288,2.4782265458198163,-3.48720067401674,-1.7891287332359918
49.0,211.0,1003.719482421875,-2.5031987067885253,-3.0835693195655787,0.7504702103665593,3.574374989561946,-0.3478970896647465,3.07570152252324,-0.1734246932857242,2.482054143324656,-3.4815056812016643,-1.7891066216227427
49.0,211.0,1003.719482421875,-2.5031987067885253,-3.0835693195655787,0.7504702103665593,3.574374989561946,-0.3478970896647465,3.07570152252324,-0.1734246932857242,2.482054143324656,-3.4815056812016643,-1.7891066216227427
49.0,211.0,1003.719482421875,-2.5031987067885253,-3.0835693195655787,0.7504702103665593,3.574374989561946,-0.3478970896647465,3.07570152252324,-0.1734246932857242,2.482054143324656,-3.4815056812016643,-1.7891066216227427
49.0,211.0,1003.720458984375,-2.513416192388843,-3.083569322951002,0.7504702103665593,3.571976813031683,-0.3477216619489586,3.075595079572937,-0.1733563039930766,2.482547947074161,-3.4815056812016643,-1.790289872288762
49.0,211.0,1003.7217407226562,-2.5031987067885253,-3.083569322951002,0.7504702103665593,3.574374989561946,-0.3478249325956689,3.075595079572937,-0.1733563084254407,2.482054143324656,-3.4815056812016643,-1.7891542338014774
49.0,211.0,1003.7388916015624,-2.5031987067885253,-3.083569324235316,0.7504702103665593,3.574359031106469,-0.3478259513915961,3.075595079572937,-0.1733626428183243,2.4818662914126888,-3.481520880930673,-1.7891542338014774
49.0,211.0,1003.7410888671876,-2.5031987067885253,-3.083569324235316,0.7504702103665593,3.5743595825644707,-0.3478259513915961,3.075595079572937,-0.1734219435449777,2.4818662914126888,-3.481520880930673,-1.789155154226379
49.0,211.0,1003.7422485351562,-2.5143295920759448,-3.098621150138305,0.7504702103665593,3.627669602562801,-0.3478970896647465,3.069036184748798,-0.1734264988479399,2.4819209976979493,-3.4815056812016643,-1.7902954701663325
49.0,211.0,1003.75244140625,-2.5144556727695324,-3.0835693188114344,0.7504702103665593,3.5746702438985665,-0.3478260005319578,3.075464990221031,-0.1733624245079035,2.478466280353489,-3.481336276833937,-1.7903408763433983
49.0,211.0,1003.7554931640624,-2.5143295920759448,-3.0835693194044502,0.7504702103665593,3.6277485488346346,-0.3453015641015756,3.0258675615562387,-0.173465770363371,2.4825112604326534,-3.487482377571082,-1.7891014029984478
49.0,211.0,1003.7555541992188,-2.5143295920759448,-3.0835693194044502,0.7504702103665593,3.6277485488346346,-0.3453015641015756,3.0258675615562387,-0.173465770363371,2.4825115793058847,-3.487482377571082,-1.7891014029984478
49.0,211.0,1003.7557983398438,-2.5083918119773925,-3.0835694186355505,0.7504702103665593,3.627789031377939,-0.3478241758483771,3.07581129666689,-0.1733484263785956,2.4782265458198163,-3.4815056812016643,-1.789081093269112
49.0,211.0,1003.7632446289062,-2.5031987067885253,-3.083569318811459,0.7504702103665593,3.574374989561946,-0.3478259513915961,3.075595079572937,-0.1733626428183243,2.4818662914126888,-3.4813546602786363,-1.7891542338014774
49.0,211.0,1003.7632446289062,-2.5031987067885253,-3.083569318811459,0.7504702103665593,3.574374989561946,-0.3478259513915961,3.075595079572937,-0.1733626428183243,2.4818662914126888,-3.4813546602786363,-1.7891542338014774
49.0,211.0,1003.7654418945312,-2.5136322248707885,-3.083569322544648,0.7504702103665593,3.6277485488366734,-0.345084816307583,3.0254693181413685,-0.1735507361562361,2.4801693139562087,-3.487688509118191,-1.7902701749397918
49.0,211.0,1003.7698974609376,-2.514269301016677,-3.083569421552039,0.7504702103665593,3.622611671558337,-0.3478970896647465,3.069036184748798,-0.1686177363237159,2.4781685920139536,-3.4815056812016643,-1.790242364755625
49.0,211.0,1003.7698974609376,-2.514269301016677,-3.083569421552039,0.7504702103665593,3.622611671558337,-0.3478970896647465,3.069036184748798,-0.1686177363237159,2.4781685920139536,-3.4815056812016643,-1.790242364755625
49.0,211.0,1003.7789306640624,-2.5143295920759448,-3.083569317843528,0.7504702103665593,3.6280907539319567,-0.3478260010294451,3.076217714879,-0.1733563230268612,2.4782265458198163,-3.4815056812016643,-1.7891104269068918
49.0,211.0,1003.7817993164062,-2.513180957868984,-3.083569322951002,0.7504702103665593,3.629286778392677,-0.3478249325956689,3.075595079572937,-0.1733630164125241,2.482054143324656,-3.4815056812016643,-1.790329902010435
49.0,211.0,1003.7836303710938,-2.513416192388843,-3.083569322951002,0.7504702103665593,3.62085388271358,-0.3478249325956689,3.069432128598524,-0.1733563039930766,2.482052872737197,-3.4815056812016643,-1.790289872288762
49.0,211.0,1003.7852783203124,-2.528416518615149,-3.083569322544648,0.7504702103665593,3.6277485488366734,-0.345084816307583,3.025927935151353,-0.173466547407788,2.480153954931371,-3.487474888422719,-1.7891014037525106
49.0,211.0,1003.7875366210938,-2.5031987067885253,-3.083569323004536,0.7504702103665593,3.574363499687838,-0.3478259513915961,3.075595079572937,-0.1733626428183243,2.481870231034329,-3.4813546602786363,-1.7889086998473966
49.0,211.0,1003.7879638671876,-2.5031987067885253,-3.083569322951002,0.7504702103665593,3.627108863911187,-0.3478248371524954,3.075595079572937,-0.1733536401930826,2.481638691051302,-3.481505836707885,-1.7891542338014774
49.0,211.0,1003.7914428710938,-2.528416518615149,-3.083569322544648,0.7504702103665593,3.6277485488366734,-0.345084816307583,3.025927935151353,-0.1735507361562361,2.480153954931371,-3.4876203137930344,-1.7891014037525106
49.0,211.0,1003.8018798828124,-2.5031987067885253,-3.0835693245679394,0.7504702103665593,3.574374989561946,-0.3478241716772629,3.075813238414691,-0.1733563084254407,2.47847810986973,-3.4815056812016643,-1.789160751431586
49.0,211.0,1003.8060913085938,-2.5142716625947115,-3.0835693241186424,0.7504702103665593,3.622682363994678,-0.3448577849173422,3.069036184748798,-0.1685756507007695,2.478136078042606,-3.4815056812016643,-1.7902874457346674
49.0,211.0,1003.8090209960938,-2.5143327623316942,-3.083569322544648,0.7504702103665593,3.6277485488366734,-0.345084816307583,3.025927935151353,-0.1735507361562361,2.480153954931371,-3.4876203137930344,-1.7891014037525106
49.0,211.0,1003.8090209960938,-2.5143327623316942,-3.083569322544648,0.7504702103665593,3.6277485488366734,-0.345084816307583,3.025927935151353,-0.1735507361562361,2.480153954931371,-3.4876203137930344,-1.7891014037525106
49.0,211.0,1003.8092651367188,-2.5142716625947115,-3.083569318694785,0.7504702103665593,3.6226983224501534,-0.3448577849173422,3.069036184748798,-0.1685756507007695,2.478136078042606,-3.4813394605496275,-1.7902874457346674
49.0,211.0,1003.8094482421876,-2.5142716625947115,-3.0835693188011977,0.7504702103665593,3.622698326605386,-0.3448577849173422,3.069036184748798,-0.1685756507007695,2.478136078042606,-3.4813329873522085,-1.7902897407770266
49.0,211.0,1003.8140869140624,-2.514269301016677,-3.083569421552039,0.7504702103665593,3.622611671558337,-0.3475495643717673,3.0680072717890643,-0.1686177363237159,2.478214172885589,-3.4815056812016643,-1.790242364755625
49.0,212.0,1003.4745483398438,-2.5138465502160856,-3.0835693195655787,0.7504702103665593,3.574374989561946,-0.3478758420700896,3.07570152252324,-0.1734249519699579,2.482054143324656,-3.4815056812016643,-1.7891066216227427
49.0,212.0,1003.4745483398438,-2.5138465502160856,-3.0835693195655787,0.7504702103665593,3.574374989561946,-0.3478758420700896,3.07570152252324,-0.1734249519699579,2.482054143324656,-3.4815056812016643,-1.7891066216227427
49.0,212.0,1003.4765625,-2.5141811647583494,-3.0835693240757376,0.7504702103665593,3.5743203657956126,-0.3480099204402802,3.075595079572937,-0.1733626428183243,2.4818662914126888,-3.481512177725953,-1.7891545792805623
49.0,212.0,1003.478515625,-2.5141811647583494,-3.083569319556536,0.7504702103665593,3.574374989561946,-0.3478742767588677,3.075595079572937,-0.1733626428183243,2.4818662914126888,-3.481512177725953,-1.7891545870977814
49.0,212.0,1003.5032348632812,-2.5031987067885253,-3.083569324113693,0.7504702103665593,3.5732078204184763,-0.3478249325956689,3.0689761135907148,-0.1733563084254407,2.482054143324656,-3.4815056812016643,-1.7891542338014774
49.0,212.0,1003.51318359375,-2.511453085423588,-3.083569324235316,0.7504702103665593,3.574359031106469,-0.3478259513915961,3.075595079572937,-0.1733636989871352,2.4818662914126888,-3.481505205970617,-1.7891542338014774
49.0,212.0,1003.5460205078124,-2.5031987067885253,-3.083569324235316,0.7504702103665593,3.576977014888304,-0.3480078595439834,3.0690120770280083,-0.1733739308598728,2.4818662914126888,-3.481520880930673,-1.7891542338014774
49.0,212.0,1003.5470581054688,-2.5031987067885253,-3.083569323034211,0.7504702103665593,3.576908352670144,-0.3480078595439834,3.0690120770280083,-0.1733622648944779,2.481870152506345,-3.481520880930673,-1.7891542338014774
49.0,212.0,1003.5546875,-2.5039263927128164,-3.0835693196232,0.7504702103665593,3.5743744143982994,-0.3478970896647465,3.0693850276151338,-0.173432570687036,2.4820375309833285,-3.481437485876507,-1.789146494181517
49.0,212.0,1003.5549926757812,-2.5038992442494314,-3.0835693196232,0.7504702103665593,3.574404494403064,-0.3478970896647465,3.0693850276151338,-0.173432570687036,2.482038784299818,-3.481437485876507,-1.789146494181517
49.0,212.0,1003.5678100585938,-2.5031987067885253,-3.083569322951002,0.7504702103665593,3.574374989561946,-0.3478249325956689,3.075468994598967,-0.1733563084254407,2.482054143324656,-3.4815056812016643,-1.79031361662645
49.0,212.0,1003.635009765625,-2.5031987067885253,-3.083569319622388,0.7504702103665593,3.574407050481972,-0.3478970896647465,3.0689264106051484,-0.173432570687036,2.482054143324656,-3.4815056812016643,-1.790315265368798
49.0,212.0,1003.6350708007812,-2.5031987067885253,-3.0835693196232,0.7504702103665593,3.574404494403064,-0.3478970896647465,3.0689264106051484,-0.173432570687036,2.482054143324656,-3.4815056812016643,-1.790315265368798
49.0,212.0,1003.6350708007812,-2.5031987067885253,-3.0835693196232,0.7504702103665593,3.574404494403064,-0.3478970896647465,3.0689264106051484,-0.173432570687036,2.482054143324656,-3.4815056812016643,-1.790315265368798
49.0,212.0,1003.63525390625,-2.5031987067885253,-3.0835693195655787,0.7504702103665593,3.574374989561946,-0.3478970896647465,3.0689264106051484,-0.173432570687036,2.482054143324656,-3.4815056812016643,-1.790315265368798
49.0,212.0,1003.63525390625,-2.5031987067885253,-3.0835693195655787,0.7504702103665593,3.574374989561946,-0.3478970896647465,3.0689264106051484,-0.173432570687036,2.482054143324656,-3.4815056812016643,-1.790315265368798
49.0,212.0,1003.6527709960938,-2.5031987067885253,-3.083569318215259,0.7504702103665593,3.574374989561946,-0.3478249056884812,3.0762224212252245,-0.1733563082598858,2.482054143324656,-3.4815056812016643,-1.7891542338014774
49.0,212.0,1003.6573486328124,-2.5031987067885253,-3.0835693195655787,0.7504702103665593,3.574086239801181,-0.3478970896647465,3.07570152252324,-0.1734246932857242,2.482540969923172,-3.4815056812016643,-1.7891066216227427
49.0,212.0,1003.6643676757812,-2.5140884714721574,-3.101105599852363,0.7504702103665593,3.623260364117177,-0.3478970896647465,3.068972042815756,-0.1734280138513458,2.478260890508514,-3.4815056812016643,-1.7902954701663325
49.0,212.0,1003.6713256835938,-2.5038992442494314,-3.083569319384038,0.7504702103665593,3.574404494403064,-0.3451760398153196,3.0693850276151338,-0.1734251997069776,2.482054053829536,-3.481437485876507,-1.7891017611436222
49.0,212.0,1003.676513671875,-2.513416192388843,-3.083569322951002,0.7504702103665593,3.571976813031683,-0.3478249325956689,3.075463106729417,-0.1733563039930766,2.482054143324656,-3.4815056812016643,-1.7903133956254111
49.0,212.0,1003.6796875,-2.5140884714721574,-3.101004294886835,0.7504702103665593,3.627669602562801,-0.3478970896647465,3.068972042815756,-0.1734264988479399,2.482060499917923,-3.4815056812016643,-1.7902954701663325
49.0,212.0,1003.6797485351562,-2.5031987067885253,-3.083569319391887,0.7504702103665593,3.574374989561946,-0.3452569241911488,3.0749957133367065,-0.173425844442786,2.482054143324656,-3.4815056812016643,-1.7891016711485896
49.0,212.0,1003.681640625,-2.513416192388843,-3.083569322951002,0.7504702103665593,3.5722655627924484,-0.3477216619489586,3.075595079572937,-0.1733563039930766,2.482061120475645,-3.4815056812016643,-1.790289872288762
49.0,212.0,1003.6845092773438,-2.513416192388843,-3.083569322951002,0.7504702103665593,3.571976813031683,-0.3478249325956689,3.075595079572937,-0.1733563039930766,2.482054143324656,-3.4815056812016643,-1.790289872288762
49.0,212.0,1003.6873168945312,-2.514693884731638,-3.083569322544648,0.7504702103665593,3.627763217341984,-0.3450820534890447,3.0671366064483467,-0.1735507361562361,2.4820367317080065,-3.487478518687017,-1.7902806025076683
49.0,212.0,1003.7000122070312,-2.514693884731638,-3.083569322544648,0.7504702103665593,3.6277485488366734,-0.3450820534890447,3.0671366064483467,-0.1735507361562361,2.481903217488312,-3.487478518687017,-1.790280181136079
49.0,212.0,1003.7002563476562,-2.527541913198619,-3.0835694186355505,0.7504702103665593,3.622682363994678,-0.3480040730809565,3.069036184748798,-0.1730012693712673,2.4782265458198163,-3.487176899237572,-1.7891287332359918
49.0,212.0,1003.7022094726562,-2.5031987067885253,-3.083569322951002,0.7504702103665593,3.629286778392677,-0.3478249325956689,3.075595079572937,-0.1733626893094358,2.482054143324656,-3.4815056812016643,-1.7891542338014774
49.0,212.0,1003.7022094726562,-2.5031987067885253,-3.083569322951002,0.7504702103665593,3.629286778392677,-0.3478249325956689,3.075595079572937,-0.1733626893094358,2.482054143324656,-3.4815056812016643,-1.7891542338014774
49.0,212.0,1003.712890625,-2.527541913198619,-3.0835694186355505,0.7504702103665593,3.623276661799045,-0.3480040730809565,3.068644886778117,-0.1733472561245288,2.4782265458198163,-3.48720067401674,-1.7891287332359918
49.0,212.0,1003.719482421875,-2.5031987067885253,-3.0835693195655787,0.7504702103665593,3.574374989561946,-0.3478970896647465,3.07570152252324,-0.1734246932857242,2.482054143324656,-3.4815056812016643,-1.7891066216227427
49.0,212.0,1003.719482421875,-2.5031987067885253,-3.0835693195655787,0.7504702103665593,3.574374989561946,-0.3478970896647465,3.07570152252324,-0.1734246932857242,2.482054143324656,-3.4815056812016643,-1.7891066216227427
49.0,212.0,1003.719482421875,-2.5031987067885253,-3.0835693195655787,0.7504702103665593,3.574374989561946,-0.3478970896647465,3.07570152252324,-0.1734246932857242,2.482054143324656,-3.4815056812016643,-1.7891066216227427
49.0,212.0,1003.720458984375,-2.513416192388843,-3.083569322951002,0.7504702103665593,3.571976813031683,-0.3477216619489586,3.075595079572937,-0.1733563039930766,2.482547947074161,-3.4815056812016643,-1.790289872288762
49.0,212.0,1003.7210083007812,-2.5031715583251404,-3.0835693195655787,0.7504702103665593,3.5744050695667102,-0.3478970896647465,3.07570152252324,-0.1734246932857242,2.4820553966411456,-3.4815056812016643,-1.7891066216227427
49.0,212.0,1003.7217407226562,-2.5031987067885253,-3.083569322951002,0.7504702103665593,3.574374989561946,-0.3478249325956689,3.075595079572937,-0.1733563084254407,2.482054143324656,-3.4815056812016643,-1.7891542338014774
49.0,212.0,1003.7372436523438,-2.5136322248707885,-3.0835693187923323,0.7504702103665593,3.6277485488366734,-0.345084816307583,3.0254693181413685,-0.1733704901750478,2.4818967639555822,-3.487688509118191,-1.7902701749397918
49.0,212.0,1003.7388916015624,-2.5031987067885253,-3.083569324235316,0.7504702103665593,3.574359031106469,-0.3478259513915961,3.075595079572937,-0.1733626428183243,2.4818662914126888,-3.481520880930673,-1.7891542338014774
49.0,212.0,1003.7410888671876,-2.5031987067885253,-3.083569324235316,0.7504702103665593,3.5743595825644707,-0.3478259513915961,3.075595079572937,-0.1734219435449777,2.4818662914126888,-3.481520880930673,-1.789155154226379
49.0,212.0,1003.7422485351562,-2.5143295920759448,-3.098621150138305,0.7504702103665593,3.627669602562801,-0.3478970896647465,3.069036184748798,-0.1734264988479399,2.4819209976979493,-3.4815056812016643,-1.7902954701663325
49.0,212.0,1003.75244140625,-2.5144556727695324,-3.0835693188114344,0.7504702103665593,3.5746702438985665,-0.3478260005319578,3.075464990221031,-0.1733624245079035,2.478466280353489,-3.481336276833937,-1.7903408763433983
49.0,212.0,1003.7554931640624,-2.5143295920759448,-3.0835693194044502,0.7504702103665593,3.6277485488346346,-0.3453015641015756,3.0258675615562387,-0.173465770363371,2.4825112604326534,-3.487482377571082,-1.7891014029984478
49.0,212.0,1003.7555541992188,-2.5143295920759448,-3.0835693194044502,0.7504702103665593,3.6277485488346346,-0.3453015641015756,3.0258675615562387,-0.173465770363371,2.4825115793058847,-3.487482377571082,-1.7891014029984478
49.0,212.0,1003.7557983398438,-2.5083918119773925,-3.0835694186355505,0.7504702103665593,3.627789031377939,-0.3478241758483771,3.07581129666689,-0.1733484263785956,2.4782265458198163,-3.4815056812016643,-1.789081093269112
49.0,212.0,1003.7632446289062,-2.5031987067885253,-3.083569318811459,0.7504702103665593,3.574374989561946,-0.3478259513915961,3.075595079572937,-0.1733626428183243,2.4818662914126888,-3.4813546602786363,-1.7891542338014774
49.0,212.0,1003.7632446289062,-2.5031987067885253,-3.083569318811459,0.7504702103665593,3.574374989561946,-0.3478259513915961,3.075595079572937,-0.1733626428183243,2.4818662914126888,-3.4813546602786363,-1.7891542338014774
49.0,212.0,1003.7654418945312,-2.5136322248707885,-3.083569322544648,0.7504702103665593,3.6277485488366734,-0.345084816307583,3.0254693181413685,-0.1735507361562361,2.4801693139562087,-3.487688509118191,-1.7902701749397918
49.0,212.0,1003.7677612304688,-2.527074035618996,-3.08356941745129,0.7504702103665593,3.574832771004812,-0.3480040730809565,3.069036184748798,-0.1730012693712673,2.478218283292489,-3.487454737973577,-1.7891287332359918
49.0,212.0,1003.7683715820312,-2.502913191357078,-3.083569318828016,0.7504702103665593,3.5743736138801343,-0.3478259513915961,3.075595079572937,-0.1733636989871352,2.4818662914126888,-3.4813538130524027,-1.7891542338014774
49.0,213.0,1003.4407958984376,-2.511453085423588,-3.083569324235316,0.7504702103665593,3.574359031106469,-0.3450649984179726,3.075595079572937,-0.1733571337191904,2.481900739057016,-3.481505205970617,-1.7891159935746173
49.0,213.0,1003.4523315429688,-2.5178006669350355,-3.0835693196232,0.7504702103665593,3.574377503493223,-0.3478970896647465,3.075677434005833,-0.1734245406023383,2.515678440708946,-3.481437485876507,-1.7891043301422704
49.0,213.0,1003.4745483398438,-2.5138465502160856,-3.0835693195655787,0.7504702103665593,3.574374989561946,-0.3478758420700896,3.07570152252324,-0.1734249519699579,2.482054143324656,-3.4815056812016643,-1.7891066216227427
49.0,213.0,1003.4745483398438,-2.5138465502160856,-3.0835693195655787,0.7504702103665593,3.574374989561946,-0.3478758420700896,3.07570152252324,-0.1734249519699579,2.482054143324656,-3.4815056812016643,-1.7891066216227427
49.0,213.0,1003.475830078125,-2.5141811647583494,-3.0835693240748663,0.7504702103665593,3.574354304641792,-0.3480059035715114,3.075595079572937,-0.1733626428183243,2.4818662914126888,-3.481512177725953,-1.7891542345077778
49.0,213.0,1003.4759521484376,-2.51426682957101,-3.083569324235316,0.7504702103665593,3.5744828268899527,-0.3480106316198316,3.075566659541829,-0.1733739308598728,2.4818662914126888,-3.481520880930673,-1.7891542338014774
49.0,213.0,1003.4765625,-2.5141811647583494,-3.0835693240757376,0.7504702103665593,3.5743203657956126,-0.3480099204402802,3.075595079572937,-0.1733626428183243,2.4818662914126888,-3.481512177725953,-1.7891545792805623
49.0,213.0,1003.478515625,-2.5141811647583494,-3.083569319556536,0.7504702103665593,3.574374989561946,-0.3478742767588677,3.075595079572937,-0.1733626428183243,2.4818662914126888,-3.481512177725953,-1.7891545870977814
49.0,213.0,1003.478515625,-2.5141811647583494,-3.0835693240757376,0.7504702103665593,3.5743756812536875,-0.3478739335231879,3.075595079572937,-0.1733626428183243,2.4818662914126888,-3.481512177725953,-1.7891545870139527
49.0,213.0,1003.5032348632812,-2.5031987067885253,-3.083569324113693,0.7504702103665593,3.5732078204184763,-0.3478249325956689,3.0689761135907148,-0.1733563084254407,2.482054143324656,-3.4815056812016643,-1.7891542338014774
49.0,213.0,1003.51318359375,-2.511453085423588,-3.083569324235316,0.7504702103665593,3.574359031106469,-0.3478259513915961,3.075595079572937,-0.1733636989871352,2.4818662914126888,-3.481505205970617,-1.7891542338014774
49.0,213.0,1003.5460205078124,-2.5031987067885253,-3.083569324235316,0.7504702103665593,3.576977014888304,-0.3480078595439834,3.0690120770280083,-0.1733739308598728,2.4818662914126888,-3.481520880930673,-1.7891542338014774
49.0,213.0,1003.5470581054688,-2.5031987067885253,-3.083569323034211,0.7504702103665593,3.576908352670144,-0.3480078595439834,3.0690120770280083,-0.1733622648944779,2.481870152506345,-3.481520880930673,-1.7891542338014774
49.0,213.0,1003.5546875,-2.5039263927128164,-3.0835693196232,0.7504702103665593,3.5743744143982994,-0.3478970896647465,3.0693850276151338,-0.173432570687036,2.4820375309833285,-3.481437485876507,-1.789146494181517
49.0,213.0,1003.5549926757812,-2.5038992442494314,-3.0835693196232,0.7504702103665593,3.574404494403064,-0.3478970896647465,3.0693850276151338,-0.173432570687036,2.482038784299818,-3.481437485876507,-1.789146494181517
49.0,213.0,1003.5678100585938,-2.5031987067885253,-3.083569322951002,0.7504702103665593,3.574374989561946,-0.3478249325956689,3.075468994598967,-0.1733563084254407,2.482054143324656,-3.4815056812016643,-1.79031361662645
49.0,213.0,1003.5966796875,-2.513834910695498,-3.0835693195423786,0.7504702103665593,3.574374989561946,-0.3450345540842149,3.07570152252324,-0.1734215053873186,2.4820542387667057,-3.4815056812016643,-1.7891066216227427
49.0,213.0,1003.6094360351562,-2.504711652800919,-3.0835693195655787,0.7504702103665593,3.574374989561946,-0.3478758420700896,3.0695538999483527,-0.1734249519699579,2.482054143324656,-3.4815056812016643,-1.7891066216227427
49.0,213.0,1003.6347045898438,-2.5031987067885253,-3.0835693197414087,0.7504702103665593,3.574407050481972,-0.3478970896647465,3.0689264106051484,-0.173432570687036,2.482054143324656,-3.4815056812016643,-1.7903136164620812
49.0,213.0,1003.635009765625,-2.5031987067885253,-3.083569319622388,0.7504702103665593,3.574407050481972,-0.3478970896647465,3.0689264106051484,-0.173432570687036,2.482054143324656,-3.4815056812016643,-1.790315265368798
49.0,213.0,1003.6350708007812,-2.5031987067885253,-3.0835693196232,0.7504702103665593,3.574404494403064,-0.3478970896647465,3.0689264106051484,-0.173432570687036,2.482054143324656,-3.4815056812016643,-1.790315265368798
49.0,213.0,1003.6350708007812,-2.5031987067885253,-3.0835693196232,0.7504702103665593,3.574404494403064,-0.3478970896647465,3.0689264106051484,-0.173432570687036,2.482054143324656,-3.4815056812016643,-1.790315265368798
49.0,213.0,1003.63525390625,-2.5031987067885253,-3.0835693195655787,0.7504702103665593,3.574374989561946,-0.3478970896647465,3.0689264106051484,-0.173432570687036,2.482054143324656,-3.4815056812016643,-1.790315265368798
49.0,213.0,1003.63525390625,-2.5031987067885253,-3.0835693195655787,0.7504702103665593,3.574374989561946,-0.3478970896647465,3.0689264106051484,-0.173432570687036,2.482054143324656,-3.4815056812016643,-1.790315265368798
49.0,213.0,1003.6353149414062,-2.5031987067885253,-3.0835693195655787,0.7504702103665593,3.5743690661077703,-0.3478970896647465,3.0689264106051484,-0.173432570687036,2.482054143324656,-3.4815056812016643,-1.790315265368798
49.0,213.0,1003.6527709960938,-2.5031987067885253,-3.083569318215259,0.7504702103665593,3.574374989561946,-0.3478249056884812,3.0762224212252245,-0.1733563082598858,2.482054143324656,-3.4815056812016643,-1.7891542338014774
49.0,213.0,1003.6573486328124,-2.5031987067885253,-3.0835693195655787,0.7504702103665593,3.574086239801181,-0.3478970896647465,3.07570152252324,-0.1734246932857242,2.482540969923172,-3.4815056812016643,-1.7891066216227427
49.0,213.0,1003.6643676757812,-2.5140884714721574,-3.101105599852363,0.7504702103665593,3.623260364117177,-0.3478970896647465,3.068972042815756,-0.1734280138513458,2.478260890508514,-3.4815056812016643,-1.7902954701663325
49.0,213.0,1003.6713256835938,-2.5038992442494314,-3.083569319384038,0.7504702103665593,3.574404494403064,-0.3451760398153196,3.0693850276151338,-0.1734251997069776,2.482054053829536,-3.481437485876507,-1.7891017611436222
49.0,213.0,1003.676513671875,-2.513416192388843,-3.083569322951002,0.7504702103665593,3.571976813031683,-0.3478249325956689,3.075463106729417,-0.1733563039930766,2.482054143324656,-3.4815056812016643,-1.7903133956254111
49.0,213.0,1003.6788330078124,-2.514705524252226,-3.083569322567848,0.7504702103665593,3.627763217341984,-0.3479233414749194,3.0671366064483467,-0.1735541827388754,2.4820366362659563,-3.487478518687017,-1.7902806025076683
49.0,213.0,1003.6796875,-2.5140884714721574,-3.101004294886835,0.7504702103665593,3.627669602562801,-0.3478970896647465,3.068972042815756,-0.1734264988479399,2.482060499917923,-3.4815056812016643,-1.7902954701663325
49.0,213.0,1003.6797485351562,-2.5031987067885253,-3.083569319391887,0.7504702103665593,3.574374989561946,-0.3452569241911488,3.0749957133367065,-0.173425844442786,2.482054143324656,-3.4815056812016643,-1.7891016711485896
49.0,213.0,1003.6797485351562,-2.5031987067885253,-3.083569319391887,0.7504702103665593,3.574374989561946,-0.3452569241911488,3.0749957133367065,-0.173425844442786,2.482054143324656,-3.4815056812016643,-1.7891016711485896
49.0,213.0,1003.681640625,-2.513416192388843,-3.083569322951002,0.7504702103665593,3.5722655627924484,-0.3477216619489586,3.075595079572937,-0.1733563039930766,2.482061120475645,-3.4815056812016643,-1.790289872288762
49.0,213.0,1003.6845092773438,-2.513416192388843,-3.083569322951002,0.7504702103665593,3.571976813031683,-0.3478249325956689,3.075595079572937,-0.1733563039930766,2.482054143324656,-3.4815056812016643,-1.790289872288762
49.0,213.0,1003.6873168945312,-2.514693884731638,-3.083569322544648,0.7504702103665593,3.627763217341984,-0.3450820534890447,3.0671366064483467,-0.1735507361562361,2.4820367317080065,-3.487478518687017,-1.7902806025076683
49.0,213.0,1003.7000122070312,-2.514693884731638,-3.083569322544648,0.7504702103665593,3.6277485488366734,-0.3450820534890447,3.0671366064483467,-0.1735507361562361,2.481903217488312,-3.487478518687017,-1.790280181136079
49.0,213.0,1003.7002563476562,-2.527541913198619,-3.0835694186355505,0.7504702103665593,3.622682363994678,-0.3480040730809565,3.069036184748798,-0.1730012693712673,2.4782265458198163,-3.487176899237572,-1.7891287332359918
49.0,213.0,1003.7022094726562,-2.5031987067885253,-3.083569322951002,0.7504702103665593,3.629286778392677,-0.3478249325956689,3.075595079572937,-0.1733626893094358,2.482054143324656,-3.4815056812016643,-1.7891542338014774
49.0,213.0,1003.7022094726562,-2.5031987067885253,-3.083569322951002,0.7504702103665593,3.629286778392677,-0.3478249325956689,3.075595079572937,-0.1733626893094358,2.482054143324656,-3.4815056812016643,-1.7891542338014774
49.0,213.0,1003.7113647460938,-2.5031987067885253,-3.0835693195655787,0.7504702103665593,3.5740817466316823,-0.3478970896647465,3.07570152252324,-0.1734246932857242,2.482054143324656,-3.4815056812016643,-1.7891066216227427
49.0,213.0,1003.712890625,-2.527541913198619,-3.0835694186355505,0.7504702103665593,3.623276661799045,-0.3480040730809565,3.068644886778117,-0.1733472561245288,2.4782265458198163,-3.48720067401674,-1.7891287332359918
49.0,213.0,1003.719482421875,-2.5031987067885253,-3.0835693195655787,0.7504702103665593,3.574374989561946,-0.3478970896647465,3.07570152252324,-0.1734246932857242,2.482054143324656,-3.4815056812016643,-1.7891066216227427
49.0,213.0,1003.719482421875,-2.5031987067885253,-3.0835693195655787,0.7504702103665593,3.574374989561946,-0.3478970896647465,3.07570152252324,-0.1734246932857242,2.482054143324656,-3.4815056812016643,-1.7891066216227427
49.0,213.0,1003.719482421875,-2.5031987067885253,-3.0835693195655787,0.7504702103665593,3.574374989561946,-0.3478970896647465,3.07570152252324,-0.1734246932857242,2.482054143324656,-3.4815056812016643,-1.7891066216227427
49.0,213.0,1003.7196044921876,-2.513416192388843,-3.083569322951002,0.7504702103665593,3.571976813031683,-0.3477216619489586,3.075595079572937,-0.1733563039930766,2.482534575684413,-3.4815056812016643,-1.790289872288762
49.0,213.0,1003.720458984375,-2.513416192388843,-3.083569322951002,0.7504702103665593,3.571976813031683,-0.3477216619489586,3.075595079572937,-0.1733563039930766,2.482547947074161,-3.4815056812016643,-1.790289872288762
49.0,213.0,1003.7210083007812,-2.5031715583251404,-3.0835693195655787,0.7504702103665593,3.5744050695667102,-0.3478970896647465,3.07570152252324,-0.1734246932857242,2.4820553966411456,-3.4815056812016643,-1.7891066216227427
49.0,213.0,1003.7217407226562,-2.5031987067885253,-3.083569322951002,0.7504702103665593,3.574374989561946,-0.3478249325956689,3.075595079572937,-0.1733563084254407,2.482054143324656,-3.4815056812016643,-1.7891542338014774
49.0,214.0,1003.4407958984376,-2.511453085423588,-3.083569324235316,0.7504702103665593,3.574359031106469,-0.3450649984179726,3.075595079572937,-0.1733571337191904,2.481900739057016,-3.481505205970617,-1.7891159935746173
49.0,214.0,1003.44091796875,-2.511461804434066,-3.083569324235316,0.7504702103665593,3.574358818123812,-0.3450649984179726,3.075595079572937,-0.1733628060932295,2.481900359476254,-3.481505205970617,-1.7891159935746173
49.0,214.0,1003.4523315429688,-2.5178006669350355,-3.0835693196232,0.7504702103665593,3.574377503493223,-0.3478970896647465,3.075677434005833,-0.1734245406023383,2.515678440708946,-3.481437485876507,-1.7891043301422704
49.0,214.0,1003.4743041992188,-2.5138465502160856,-3.0835693195655787,0.7504702103665593,3.574374989561946,-0.347898506820884,3.07570152252324,-0.1734249519699579,2.482054143324656,-3.4815056812016643,-1.7891066216227427
49.0,214.0,1003.4745483398438,-2.5138465502160856,-3.0835693195655787,0.7504702103665593,3.574374989561946,-0.3478758420700896,3.07570152252324,-0.1734249519699579,2.482054143324656,-3.4815056812016643,-1.7891066216227427
49.0,214.0,1003.4745483398438,-2.5138465502160856,-3.0835693195655787,0.7504702103665593,3.574374989561946,-0.3478758420700896,3.07570152252324,-0.1734249519699579,2.482054143324656,-3.4815056812016643,-1.7891066216227427
49.0,214.0,1003.4747314453124,-2.51426682957101,-3.0835693242305418,0.7504702103665593,3.5743846693648145,-0.3480106316198316,3.075566659541829,-0.1733739308598728,2.4818662914126888,-3.481520880930673,-1.7891023238732469
49.0,214.0,1003.475830078125,-2.5141811647583494,-3.0835693240748663,0.7504702103665593,3.574354304641792,-0.3480059035715114,3.075595079572937,-0.1733626428183243,2.4818662914126888,-3.481512177725953,-1.7891542345077778
49.0,214.0,1003.475830078125,-2.5141811647583494,-3.0835693240748663,0.7504702103665593,3.574354304641792,-0.3480059035715114,3.075595079572937,-0.1733626428183243,2.4818662914126888,-3.481512177725953,-1.7891542345077778
49.0,214.0,1003.4759521484376,-2.51426682957101,-3.083569324235316,0.7504702103665593,3.5744828268899527,-0.3480106316198316,3.075566659541829,-0.1733739308598728,2.4818662914126888,-3.481520880930673,-1.7891542338014774
49.0,214.0,1003.4765625,-2.5141811647583494,-3.0835693240757376,0.7504702103665593,3.5743203657956126,-0.3480099204402802,3.075595079572937,-0.1733626428183243,2.4818662914126888,-3.481512177725953,-1.7891545792805623
49.0,214.0,1003.478515625,-2.5141811647583494,-3.083569319556536,0.7504702103665593,3.574374989561946,-0.3478742767588677,3.075595079572937,-0.1733626428183243,2.4818662914126888,-3.481512177725953,-1.7891545870977814
49.0,214.0,1003.478515625,-2.5141811647583494,-3.0835693240757376,0.7504702103665593,3.5743756812536875,-0.3478739335231879,3.075595079572937,-0.1733626428183243,2.4818662914126888,-3.481512177725953,-1.7891545870139527
49.0,214.0,1003.4788818359376,-2.5141811647583494,-3.0835693240753703,0.7504702103665593,3.5743756812536875,-0.3478270279967587,3.07556815664282,-0.1733563234986273,2.4818662914126888,-3.481512177725953,-1.7891542285429836
49.0,214.0,1003.5032348632812,-2.5031987067885253,-3.083569324113693,0.7504702103665593,3.5732078204184763,-0.3478249325956689,3.0689761135907148,-0.1733563084254407,2.482054143324656,-3.4815056812016643,-1.7891542338014774
49.0,214.0,1003.5054931640624,-2.5031987067885253,-3.0835693241140603,0.7504702103665593,3.5732078204184763,-0.347871838122098,3.0690030365208325,-0.1733626277451377,2.482054143324656,-3.4815056812016643,-1.7891545922724466
49.0,214.0,1003.51318359375,-2.511453085423588,-3.083569324235316,0.7504702103665593,3.574359031106469,-0.3478259513915961,3.075595079572937,-0.1733636989871352,2.4818662914126888,-3.481505205970617,-1.7891542338014774
49.0,214.0,1003.5211181640624,-2.511453085423588,-3.083569324235316,0.7504702103665593,3.574359031106469,-0.3478259513915961,3.076056514866311,-0.1733622843600218,2.481870183443943,-3.481505205970617,-1.7891542338014774
49.0,214.0,1003.5460205078124,-2.5031987067885253,-3.083569324235316,0.7504702103665593,3.576977014888304,-0.3480078595439834,3.0690120770280083,-0.1733739308598728,2.4818662914126888,-3.481520880930673,-1.7891542338014774
49.0,214.0,1003.5460205078124,-2.5031987067885253,-3.083569324235316,0.7504702103665593,3.576977014888304,-0.3480078595439834,3.0690120770280083,-0.1733739308598728,2.4818662914126888,-3.481520880930673,-1.7891542338014774
49.0,214.0,1003.5470581054688,-2.5031987067885253,-3.083569323034211,0.7504702103665593,3.576908352670144,-0.3480078595439834,3.0690120770280083,-0.1733622648944779,2.481870152506345,-3.481520880930673,-1.7891542338014774
49.0,214.0,1003.5546875,-2.5039263927128164,-3.0835693196232,0.7504702103665593,3.5743744143982994,-0.3478970896647465,3.0693850276151338,-0.173432570687036,2.4820375309833285,-3.481437485876507,-1.789146494181517
49.0,214.0,1003.5549926757812,-2.5038992442494314,-3.0835693196232,0.7504702103665593,3.574404494403064,-0.3478970896647465,3.0693850276151338,-0.173432570687036,2.482038784299818,-3.481437485876507,-1.789146494181517
49.0,214.0,1003.55859375,-2.5039263927128164,-3.0835693198592486,0.7504702103665593,3.5743744143982994,-0.3478929826881326,3.0694230752195413,-0.173432570687036,2.4820386368439915,-3.481436005180118,-1.789146494181517
49.0,214.0,1003.5675659179688,-2.5031987067885253,-3.083569322951002,0.7504702103665593,3.574374135227029,-0.3478249325956689,3.075468994598967,-0.1733563084254407,2.482054143324656,-3.4815056812016643,-1.790315323504055
49.0,214.0,1003.5678100585938,-2.5031987067885253,-3.083569322951002,0.7504702103665593,3.574374989561946,-0.3478249325956689,3.075468994598967,-0.1733563084254407,2.482054143324656,-3.4815056812016643,-1.79031361662645
49.0,214.0,1003.5966796875,-2.513834910695498,-3.0835693195423786,0.7504702103665593,3.574374989561946,-0.3450345540842149,3.07570152252324,-0.1734215053873186,2.4820542387667057,-3.4815056812016643,-1.7891066216227427
49.0,214.0,1003.6094360351562,-2.504711652800919,-3.0835693195655787,0.7504702103665593,3.574374989561946,-0.3478758420700896,3.0695538999483527,-0.1734249519699579,2.482054143324656,-3.4815056812016643,-1.7891066216227427
49.0,214.0,1003.6347045898438,-2.5031987067885253,-3.0835693197414087,0.7504702103665593,3.574407050481972,-0.3478970896647465,3.0689264106051484,-0.173432570687036,2.482054143324656,-3.4815056812016643,-1.7903136164620812
49.0,214.0,1003.635009765625,-2.5031987067885253,-3.083569319622388,0.7504702103665593,3.574407050481972,-0.3478970896647465,3.0689264106051484,-0.173432570687036,2.482054143324656,-3.4815056812016643,-1.790315265368798
49.0,214.0,1003.6350708007812,-2.5031987067885253,-3.0835693196232,0.7504702103665593,3.574404494403064,-0.3478970896647465,3.0689264106051484,-0.173432570687036,2.482054143324656,-3.4815056812016643,-1.790315265368798
49.0,214.0,1003.6350708007812,-2.5031987067885253,-3.0835693196232,0.7504702103665593,3.574404494403064,-0.3478970896647465,3.0689264106051484,-0.173432570687036,2.482054143324656,-3.4815056812016643,-1.790315265368798
49.0,214.0,1003.6350708007812,-2.5031987067885253,-3.0835693196232,0.7504702103665593,3.574404494403064,-0.3478970896647465,3.0689264106051484,-0.173432570687036,2.482054143324656,-3.4815056812016643,-1.790315265368798
49.0,214.0,1003.63525390625,-2.5031987067885253,-3.0835693195655787,0.7504702103665593,3.574374989561946,-0.3478970896647465,3.0689264106051484,-0.173432570687036,2.482054143324656,-3.4815056812016643,-1.790315265368798
49.0,214.0,1003.63525390625,-2.5031987067885253,-3.0835693195655787,0.7504702103665593,3.574374989561946,-0.3478970896647465,3.0689264106051484,-0.173432570687036,2.482054143324656,-3.4815056812016643,-1.790315265368798
49.0,214.0,1003.6353149414062,-2.5031987067885253,-3.0835693195655787,0.7504702103665593,3.5743690661077703,-0.3478970896647465,3.0689264106051484,-0.173432570687036,2.482054143324656,-3.4815056812016643,-1.790315265368798
49.0,214.0,1003.63671875,-2.5031987067885253,-3.0835693195655787,0.7504702103665593,3.574374989561946,-0.3478744249139521,3.0689264106051484,-0.173432570687036,2.482054143324656,-3.4815056812016643,-1.790315265368798
49.0,214.0,1003.6527709960938,-2.5031987067885253,-3.083569318215259,0.7504702103665593,3.574374989561946,-0.3478249056884812,3.0762224212252245,-0.1733563082598858,2.482054143324656,-3.4815056812016643,-1.7891542338014774
49.0,214.0,1003.654296875,-2.5144958548153973,-3.083569322544648,0.7504702103665593,3.5775333243523546,-0.3450820534890447,3.067041442305941,-0.1735507361562361,2.481902724770917,-3.487478518687017,-1.790280181136079
49.0,214.0,1003.6572265625,-2.5141775960665185,-3.0835693197634853,0.7504702103665593,3.571221230905538,-0.3450820534890447,3.067594866313605,-0.1733637164601652,2.4820367317080065,-3.4872129942073444,-1.7902806025076683
49.0,214.0,1003.6573486328124,-2.5031987067885253,-3.0835693195655787,0.7504702103665593,3.574086239801181,-0.3478970896647465,3.07570152252324,-0.1734246932857242,2.482540969923172,-3.4815056812016643,-1.7891066216227427
49.0,214.0,1003.6643676757812,-2.5140884714721574,-3.101105599852363,0.7504702103665593,3.623260364117177,-0.3478970896647465,3.068972042815756,-0.1734280138513458,2.478260890508514,-3.4815056812016643,-1.7902954701663325
49.0,214.0,1003.6713256835938,-2.5038992442494314,-3.083569319384038,0.7504702103665593,3.574404494403064,-0.3451760398153196,3.0693850276151338,-0.1734251997069776,2.482054053829536,-3.481437485876507,-1.7891017611436222
49.0,214.0,1003.676513671875,-2.513416192388843,-3.083569322951002,0.7504702103665593,3.571976813031683,-0.3478249325956689,3.075463106729417,-0.1733563039930766,2.482054143324656,-3.4815056812016643,-1.7903133956254111
49.0,214.0,1003.6788330078124,-2.514705524252226,-3.083569322567848,0.7504702103665593,3.627763217341984,-0.3479233414749194,3.0671366064483467,-0.1735541827388754,2.4820366362659563,-3.487478518687017,-1.7902806025076683
49.0,214.0,1003.6796875,-2.5140884714721574,-3.101004294886835,0.7504702103665593,3.627669602562801,-0.3478970896647465,3.068972042815756,-0.1734264988479399,2.482060499917923,-3.4815056812016643,-1.7902954701663325
49.0,214.0,1003.6797485351562,-2.5031987067885253,-3.083569319391887,0.7504702103665593,3.574374989561946,-0.3452569241911488,3.0749957133367065,-0.173425844442786,2.482054143324656,-3.4815056812016643,-1.7891016711485896
49.0,214.0,1003.6797485351562,-2.5031987067885253,-3.083569319391887,0.7504702103665593,3.574374989561946,-0.3452569241911488,3.0749957133367065,-0.173425844442786,2.482054143324656,-3.4815056812016643,-1.7891016711485896
49.0,214.0,1003.681640625,-2.513416192388843,-3.083569322951002,0.7504702103665593,3.5722655627924484,-0.3477216619489586,3.075595079572937,-0.1733563039930766,2.482061120475645,-3.4815056812016643,-1.790289872288762
49.0,214.0,1003.6845092773438,-2.513416192388843,-3.083569322951002,0.7504702103665593,3.571976813031683,-0.3478249325956689,3.075595079572937,-0.1733563039930766,2.482054143324656,-3.4815056812016643,-1.790289872288762
49.0,215.0,1003.4407958984376,-2.511453085423588,-3.083569324235316,0.7504702103665593,3.574359031106469,-0.3450649984179726,3.075595079572937,-0.1733571337191904,2.481900739057016,-3.481505205970617,-1.7891159935746173
49.0,215.0,1003.44091796875,-2.511461804434066,-3.083569324235316,0.7504702103665593,3.574358818123812,-0.3450649984179726,3.075595079572937,-0.1733628060932295,2.481900359476254,-3.481505205970617,-1.7891159935746173
49.0,215.0,1003.4523315429688,-2.5178006669350355,-3.0835693196232,0.7504702103665593,3.574377503493223,-0.3478970896647465,3.075677434005833,-0.1734245406023383,2.515678440708946,-3.481437485876507,-1.7891043301422704
49.0,215.0,1003.4743041992188,-2.5138465502160856,-3.0835693195655787,0.7504702103665593,3.574374989561946,-0.347898506820884,3.07570152252324,-0.1734249519699579,2.482054143324656,-3.4815056812016643,-1.7891066216227427
49.0,215.0,1003.4745483398438,-2.5138465502160856,-3.0835693195655787,0.7504702103665593,3.574374989561946,-0.3478758420700896,3.07570152252324,-0.1734249519699579,2.482054143324656,-3.4815056812016643,-1.7891066216227427
49.0,215.0,1003.4745483398438,-2.5138465502160856,-3.0835693195655787,0.7504702103665593,3.574374989561946,-0.3478758420700896,3.07570152252324,-0.1734249519699579,2.482054143324656,-3.4815056812016643,-1.7891066216227427
49.0,215.0,1003.474609375,-2.51385000045669,-3.0835693195655787,0.7504702103665593,3.574374989561946,-0.3478758420700896,3.07570152252324,-0.1734249519699579,2.482054143324656,-3.4815056812016643,-1.7891066216227427
49.0,215.0,1003.4747314453124,-2.51426682957101,-3.0835693242305418,0.7504702103665593,3.5743846693648145,-0.3480106316198316,3.075566659541829,-0.1733739308598728,2.4818662914126888,-3.481520880930673,-1.7891023238732469
49.0,215.0,1003.4747314453124,-2.51426682957101,-3.0835693242305418,0.7504702103665593,3.5743846693648145,-0.3480126927543343,3.075566659541829,-0.1733625157895446,2.4818662914126888,-3.481520880930673,-1.789103275291407
49.0,215.0,1003.4754028320312,-2.5138465502160856,-3.083569319614053,0.7504702103665593,3.574374989561946,-0.3478288076313705,3.07570152252324,-0.1733559851553745,2.482054143324656,-3.4815056812016643,-1.789104468668456
49.0,215.0,1003.4757080078124,-2.5141811647583494,-3.0835693240748663,0.7504702103665593,3.574354304641792,-0.3480059035715114,3.0755940899500067,-0.1733626428183243,2.4818662914126888,-3.481512177725953,-1.789153451956123
49.0,215.0,1003.475830078125,-2.5141811647583494,-3.0835693240748663,0.7504702103665593,3.574354304641792,-0.3480059035715114,3.075595079572937,-0.1733626428183243,2.4818662914126888,-3.481512177725953,-1.7891542345077778
49.0,215.0,1003.475830078125,-2.5141811647583494,-3.0835693240748663,0.7504702103665593,3.574354304641792,-0.3480059035715114,3.075595079572937,-0.1733626428183243,2.4818662914126888,-3.481512177725953,-1.7891542345077778
49.0,215.0,1003.4759521484376,-2.51426682957101,-3.083569324235316,0.7504702103665593,3.5744828268899527,-0.3480106316198316,3.075566659541829,-0.1733739308598728,2.4818662914126888,-3.481520880930673,-1.7891542338014774
49.0,215.0,1003.4764404296876,-2.5141811647583494,-3.0835693200343006,0.7504702103665593,3.5743203657956126,-0.3480145400324272,3.075595079572937,-0.1733626428183243,2.4818662914126888,-3.481512177725953,-1.7891545794991488
49.0,215.0,1003.4765625,-2.5141811647583494,-3.0835693240757376,0.7504702103665593,3.5743203657956126,-0.3480099204402802,3.075595079572937,-0.1733626428183243,2.4818662914126888,-3.481512177725953,-1.7891545792805623
49.0,215.0,1003.4774780273438,-2.5141811647583494,-3.083569324026896,0.7504702103665593,3.5743756812536875,-0.3478967271862723,3.07556815664282,-0.1734252903132107,2.4818662914126888,-3.481512177725953,-1.7891563814972704
49.0,215.0,1003.478515625,-2.5141811647583494,-3.083569319556536,0.7504702103665593,3.574374989561946,-0.3478742767588677,3.075595079572937,-0.1733626428183243,2.4818662914126888,-3.481512177725953,-1.7891545870977814
49.0,215.0,1003.478515625,-2.5141811647583494,-3.0835693240757376,0.7504702103665593,3.5743756812536875,-0.3478739335231879,3.075595079572937,-0.1733626428183243,2.4818662914126888,-3.481512177725953,-1.7891545870139527
49.0,215.0,1003.4788818359376,-2.5141811647583494,-3.0835693240753703,0.7504702103665593,3.5743756812536875,-0.3478270279967587,3.07556815664282,-0.1733563234986273,2.4818662914126888,-3.481512177725953,-1.7891542285429836
49.0,215.0,1003.4793090820312,-2.514199534118675,-3.083569319556536,0.7504702103665593,3.574374989561946,-0.3478742767588677,3.075595079572937,-0.1733623744700939,2.4818662914126888,-3.481512177725953,-1.789154223855703
49.0,215.0,1003.4867553710938,-2.514251104978805,-3.0835693243308446,0.7504702103665593,3.574378672125919,-0.3479448542024866,3.07570152252324,-0.1734240751254302,2.4820542387667057,-3.4815056812016643,-1.7891066216227427
49.0,215.0,1003.49755859375,-2.5031987067885253,-3.083569322951002,0.7504702103665593,3.574374135227029,-0.3452423496528384,3.07546917515176,-0.1733563084254407,2.482054143324656,-3.4815056812016643,-1.790315323504055
49.0,215.0,1003.5032348632812,-2.5031987067885253,-3.083569324113693,0.7504702103665593,3.5732078204184763,-0.3478249325956689,3.0689761135907148,-0.1733563084254407,2.482054143324656,-3.4815056812016643,-1.7891542338014774
49.0,215.0,1003.5054931640624,-2.5031987067885253,-3.0835693241140603,0.7504702103665593,3.5732078204184763,-0.347871838122098,3.0690030365208325,-0.1733626277451377,2.482054143324656,-3.4815056812016643,-1.7891545922724466
49.0,215.0,1003.5055541992188,-2.5031987067885253,-3.0835693241140603,0.7504702103665593,3.5732078204184763,-0.3478697769875953,3.0690030365208325,-0.1733740428154659,2.482054143324656,-3.4815056812016643,-1.7891536408542863
49.0,215.0,1003.51318359375,-2.511453085423588,-3.083569324235316,0.7504702103665593,3.574359031106469,-0.3478259513915961,3.075595079572937,-0.1733636989871352,2.4818662914126888,-3.481505205970617,-1.7891542338014774
49.0,215.0,1003.5211181640624,-2.511453085423588,-3.083569324235316,0.7504702103665593,3.574359031106469,-0.3478259513915961,3.076056514866311,-0.1733622843600218,2.481870183443943,-3.481505205970617,-1.7891542338014774
49.0,215.0,1003.5460205078124,-2.5031987067885253,-3.083569324235316,0.7504702103665593,3.576977014888304,-0.3480078595439834,3.0690120770280083,-0.1733739308598728,2.4818662914126888,-3.481520880930673,-1.7891542338014774
49.0,215.0,1003.5460205078124,-2.5031987067885253,-3.083569324235316,0.7504702103665593,3.576977014888304,-0.3480078595439834,3.0690120770280083,-0.1733739308598728,2.4818662914126888,-3.481520880930673,-1.7891542338014774
49.0,215.0,1003.5470581054688,-2.5031987067885253,-3.083569323034211,0.7504702103665593,3.576908352670144,-0.3480078595439834,3.0690120770280083,-0.1733622648944779,2.481870152506345,-3.481520880930673,-1.7891542338014774
49.0,215.0,1003.5546875,-2.5039263927128164,-3.0835693196232,0.7504702103665593,3.5743744143982994,-0.3478970896647465,3.0693850276151338,-0.173432570687036,2.4820375309833285,-3.481437485876507,-1.789146494181517
49.0,215.0,1003.5549926757812,-2.5038992442494314,-3.0835693196232,0.7504702103665593,3.574404494403064,-0.3478970896647465,3.0693850276151338,-0.173432570687036,2.482038784299818,-3.481437485876507,-1.789146494181517
49.0,215.0,1003.5550537109376,-2.50389912824972,-3.0835693196232,0.7504702103665593,3.574404494403064,-0.3478970896647465,3.0693850276151338,-0.173432570687036,2.4820387650869264,-3.481437485876507,-1.789146494181517
49.0,215.0,1003.55859375,-2.5039263927128164,-3.0835693198592486,0.7504702103665593,3.5743744143982994,-0.3478929826881326,3.0694230752195413,-0.173432570687036,2.4820386368439915,-3.481436005180118,-1.789146494181517
49.0,215.0,1003.5670776367188,-2.5144958548153973,-3.0835693226408547,0.7504702103665593,3.574171698303669,-0.3450820534890447,3.075737050319849,-0.173360270353035,2.4819007924966683,-3.487478518687017,-1.7902635344299356
49.0,215.0,1003.5675659179688,-2.5031987067885253,-3.083569322951002,0.7504702103665593,3.574374135227029,-0.3478249325956689,3.075468994598967,-0.1733563084254407,2.482054143324656,-3.4815056812016643,-1.790315323504055
49.0,215.0,1003.5678100585938,-2.5031987067885253,-3.083569322951002,0.7504702103665593,3.574374989561946,-0.3478249325956689,3.075468994598967,-0.1733563084254407,2.482054143324656,-3.4815056812016643,-1.79031361662645
49.0,215.0,1003.5966796875,-2.513834910695498,-3.0835693195423786,0.7504702103665593,3.574374989561946,-0.3450345540842149,3.07570152252324,-0.1734215053873186,2.4820542387667057,-3.4815056812016643,-1.7891066216227427
49.0,215.0,1003.6094360351562,-2.504711652800919,-3.0835693195655787,0.7504702103665593,3.574374989561946,-0.3478758420700896,3.0695538999483527,-0.1734249519699579,2.482054143324656,-3.4815056812016643,-1.7891066216227427
49.0,215.0,1003.6347045898438,-2.5031987067885253,-3.0835693197414087,0.7504702103665593,3.574407050481972,-0.3478970896647465,3.0689264106051484,-0.173432570687036,2.482054143324656,-3.4815056812016643,-1.7903136164620812
49.0,215.0,1003.635009765625,-2.5031987067885253,-3.083569319622388,0.7504702103665593,3.574407050481972,-0.3478970896647465,3.0689264106051484,-0.173432570687036,2.482054143324656,-3.4815056812016643,-1.790315265368798
49.0,215.0,1003.6350708007812,-2.5031987067885253,-3.0835693196232,0.7504702103665593,3.574404494403064,-0.3478970896647465,3.0689264106051484,-0.173432570687036,2.482054143324656,-3.4815056812016643,-1.790315265368798
49.0,215.0,1003.6350708007812,-2.5031987067885253,-3.0835693196232,0.7504702103665593,3.574404494403064,-0.3478970896647465,3.0689264106051484,-0.173432570687036,2.482054143324656,-3.4815056812016643,-1.790315265368798
49.0,215.0,1003.6350708007812,-2.5031987067885253,-3.0835693196232,0.7504702103665593,3.574404494403064,-0.3478970896647465,3.0689264106051484,-0.173432570687036,2.482054143324656,-3.4815056812016643,-1.790315265368798
49.0,215.0,1003.63525390625,-2.5031987067885253,-3.0835693195655787,0.7504702103665593,3.574374989561946,-0.3478970896647465,3.0689264106051484,-0.173432570687036,2.482054143324656,-3.4815056812016643,-1.790315265368798
49.0,215.0,1003.63525390625,-2.5031987067885253,-3.0835693195655787,0.7504702103665593,3.574374989561946,-0.3478970896647465,3.0689264106051484,-0.173432570687036,2.482054143324656,-3.4815056812016643,-1.790315265368798
49.0,215.0,1003.6353149414062,-2.5031987067885253,-3.0835693195655787,0.7504702103665593,3.5743690661077703,-0.3478970896647465,3.0689264106051484,-0.173432570687036,2.482054143324656,-3.4815056812016643,-1.790315265368798
49.0,215.0,1003.6361083984376,-2.514184371295576,-3.083569319203624,0.7504702103665593,3.5743203657956126,-0.3450109820213774,3.0756956881636563,-0.1733626428183243,2.4820565145079474,-3.481512177725953,-1.7891545792805623
49.0,215.0,1003.63671875,-2.5031987067885253,-3.0835693195655787,0.7504702103665593,3.574374989561946,-0.3478744249139521,3.0689264106051484,-0.173432570687036,2.482054143324656,-3.4815056812016643,-1.790315265368798
49.0,216.0,1003.4407958984376,-2.511453085423588,-3.083569324235316,0.7504702103665593,3.574359031106469,-0.3450649984179726,3.075595079572937,-0.1733571337191904,2.481900739057016,-3.481505205970617,-1.7891159935746173
49.0,216.0,1003.4407958984376,-2.511453085423588,-3.083569324235316,0.7504702103665593,3.574359031106469,-0.3450649984179726,3.075595079572937,-0.1733571337191904,2.481900739057016,-3.481505205970617,-1.7891159935746173
49.0,216.0,1003.44091796875,-2.511461804434066,-3.083569324235316,0.7504702103665593,3.574358818123812,-0.3450649984179726,3.075595079572937,-0.1733628060932295,2.481900359476254,-3.481505205970617,-1.7891159935746173
49.0,216.0,1003.44091796875,-2.511461804434066,-3.083569324235316,0.7504702103665593,3.574358818123812,-0.3450649984179726,3.075595079572937,-0.1733628060932295,2.481900359476254,-3.481505205970617,-1.7891159935746173
49.0,216.0,1003.444091796875,-2.5178006669350355,-3.0835693196232,0.7504702103665593,3.57437696545804,-0.3478970896647465,3.075677434005833,-0.1734295809174732,2.515678440708946,-3.481520901376556,-1.7891043301422704
49.0,216.0,1003.4523315429688,-2.5178006669350355,-3.0835693196232,0.7504702103665593,3.574377503493223,-0.3478970896647465,3.075677434005833,-0.1734245406023383,2.515678440708946,-3.481437485876507,-1.7891043301422704
49.0,216.0,1003.4743041992188,-2.5138465502160856,-3.0835693195655787,0.7504702103665593,3.574374989561946,-0.347898506820884,3.07570152252324,-0.1734249519699579,2.482054143324656,-3.4815056812016643,-1.7891066216227427
49.0,216.0,1003.4745483398438,-2.5138465502160856,-3.0835693195655787,0.7504702103665593,3.574374989561946,-0.3478758420700896,3.07570152252324,-0.1734249519699579,2.482054143324656,-3.4815056812016643,-1.7891066216227427
49.0,216.0,1003.4745483398438,-2.5138465502160856,-3.0835693195655787,0.7504702103665593,3.574374989561946,-0.3478758420700896,3.07570152252324,-0.1734249519699579,2.482054143324656,-3.4815056812016643,-1.7891066216227427
49.0,216.0,1003.474609375,-2.51385000045669,-3.0835693195655787,0.7504702103665593,3.574374989561946,-0.3478758420700896,3.07570152252324,-0.1734249519699579,2.482054143324656,-3.4815056812016643,-1.7891066216227427
49.0,216.0,1003.474609375,-2.51385000045669,-3.0835693195655787,0.7504702103665593,3.574374989561946,-0.3478758420700896,3.07570152252324,-0.1734249519699579,2.482054143324656,-3.4815056812016643,-1.7891066216227427
49.0,216.0,1003.4747314453124,-2.51426682957101,-3.0835693242305418,0.7504702103665593,3.5743846693648145,-0.3480106316198316,3.075566659541829,-0.1733739308598728,2.4818662914126888,-3.481520880930673,-1.7891023238732469
49.0,216.0,1003.4747314453124,-2.51426682957101,-3.0835693242305418,0.7504702103665593,3.5743846693648145,-0.3480126927543343,3.075566659541829,-0.1733625157895446,2.4818662914126888,-3.481520880930673,-1.789103275291407
49.0,216.0,1003.4747314453124,-2.51426682957101,-3.0835693242305418,0.7504702103665593,3.5743846693648145,-0.3480066361112341,3.075567718926768,-0.1733625157895446,2.4818662914126888,-3.481520880930673,-1.789100853617562
49.0,216.0,1003.4752807617188,-2.5138562050919364,-3.083569319533701,0.7504702103665593,3.5743748073063304,-0.3478970994607247,3.07570850441896,-0.1733642088736208,2.482050959018064,-3.481505829066972,-1.7891072442466125
49.0,216.0,1003.4754028320312,-2.5138465502160856,-3.083569319614053,0.7504702103665593,3.574374989561946,-0.3478288076313705,3.07570152252324,-0.1733559851553745,2.482054143324656,-3.4815056812016643,-1.789104468668456
49.0,216.0,1003.4757080078124,-2.5141811647583494,-3.0835693240748663,0.7504702103665593,3.574354304641792,-0.3480059035715114,3.0755940899500067,-0.1733626428183243,2.4818662914126888,-3.481512177725953,-1.789153451956123
49.0,216.0,1003.475830078125,-2.5141811647583494,-3.0835693240748663,0.7504702103665593,3.574354304641792,-0.3480059035715114,3.075595079572937,-0.1733626428183243,2.4818662914126888,-3.481512177725953,-1.7891542345077778
49.0,216.0,1003.475830078125,-2.5141811647583494,-3.0835693240748663,0.7504702103665593,3.574354304641792,-0.3480059035715114,3.075595079572937,-0.1733626428183243,2.4818662914126888,-3.481512177725953,-1.7891542345077778
49.0,216.0,1003.4759521484376,-2.51426682957101,-3.083569324235316,0.7504702103665593,3.5744828268899527,-0.3480106316198316,3.075566659541829,-0.1733739308598728,2.4818662914126888,-3.481520880930673,-1.7891542338014774
49.0,216.0,1003.4759521484376,-2.5141811647583494,-3.083569319483053,0.7504702103665593,3.574354304641792,-0.3478257546263141,3.075595079572937,-0.1733560568940182,2.4818662914126888,-3.481505274171817,-1.7891044106669387
49.0,216.0,1003.4760131835938,-2.51426682957101,-3.083569324235316,0.7504702103665593,3.5744828268899527,-0.3480106316198316,3.075565979605241,-0.1734258752540694,2.4818662914126888,-3.481520764843373,-1.7891542338014774
49.0,216.0,1003.4764404296876,-2.5141811647583494,-3.0835693200343006,0.7504702103665593,3.5743203657956126,-0.3480145400324272,3.075595079572937,-0.1733626428183243,2.4818662914126888,-3.481512177725953,-1.7891545794991488
49.0,216.0,1003.4765625,-2.5141811647583494,-3.0835693240757376,0.7504702103665593,3.5743203657956126,-0.3480099204402802,3.075595079572937,-0.1733626428183243,2.4818662914126888,-3.481512177725953,-1.7891545792805623
49.0,216.0,1003.4766845703124,-2.5141737315156947,-3.0835693195655787,0.7504702103665593,3.5743536347737925,-0.3480067586852703,3.0757125376936023,-0.1734249519699579,2.4818707322205538,-3.481512391641952,-1.789104620496186
49.0,216.0,1003.4769287109376,-2.5138465502160856,-3.0835693242058664,0.7504702103665593,3.574374989561946,-0.3480089565765679,3.07570152252324,-0.1733625710796806,2.482054143324656,-3.4815125847558,-1.789154292509295
49.0,216.0,1003.4769287109376,-2.514195248741816,-3.083569324232053,0.7504702103665593,3.574359031106469,-0.347908719260386,3.075595079572937,-0.1733571337191904,2.481900739057016,-3.4815123798629632,-1.7891159935746173
49.0,216.0,1003.4769897460938,-2.5141811647583494,-3.083569324026896,0.7504702103665593,3.574374960163684,-0.3478967271862723,3.07556815664282,-0.1734249483377481,2.4818662914126888,-3.4815060110016987,-1.7891563814972704
49.0,216.0,1003.4774780273438,-2.5141811647583494,-3.083569324026896,0.7504702103665593,3.5743756812536875,-0.3478967271862723,3.07556815664282,-0.1734252903132107,2.4818662914126888,-3.481512177725953,-1.7891563814972704
49.0,216.0,1003.477783203125,-2.5141811647583494,-3.0835693194700777,0.7504702103665593,3.5743756812536875,-0.3478967271862723,3.075691815203315,-0.1734245365897519,2.4818662914126888,-3.481512177725953,-1.789104382199491
49.0,216.0,1003.478515625,-2.5141811647583494,-3.083569319556536,0.7504702103665593,3.574374989561946,-0.3478742767588677,3.075595079572937,-0.1733626428183243,2.4818662914126888,-3.481512177725953,-1.7891545870977814
49.0,216.0,1003.478515625,-2.5141811647583494,-3.0835693240757376,0.7504702103665593,3.5743756812536875,-0.3478739335231879,3.075595079572937,-0.1733626428183243,2.4818662914126888,-3.481512177725953,-1.7891545870139527
49.0,216.0,1003.4788818359376,-2.5141811647583494,-3.0835693240753703,0.7504702103665593,3.5743756812536875,-0.3478270279967587,3.07556815664282,-0.1733563234986273,2.4818662914126888,-3.481512177725953,-1.7891542285429836
49.0,216.0,1003.4793090820312,-2.514199534118675,-3.083569319556536,0.7504702103665593,3.574374989561946,-0.3478742767588677,3.075595079572937,-0.1733623744700939,2.4818662914126888,-3.481512177725953,-1.789154223855703
49.0,216.0,1003.4867553710938,-2.514251104978805,-3.0835693243308446,0.7504702103665593,3.574378672125919,-0.3479448542024866,3.07570152252324,-0.1734240751254302,2.4820542387667057,-3.4815056812016643,-1.7891066216227427
49.0,216.0,1003.49755859375,-2.5031987067885253,-3.083569322951002,0.7504702103665593,3.574374135227029,-0.3452423496528384,3.07546917515176,-0.1733563084254407,2.482054143324656,-3.4815056812016643,-1.790315323504055
49.0,216.0,1003.5032348632812,-2.5031987067885253,-3.083569324113693,0.7504702103665593,3.5732078204184763,-0.3478249325956689,3.0689761135907148,-0.1733563084254407,2.482054143324656,-3.4815056812016643,-1.7891542338014774
49.0,216.0,1003.5054931640624,-2.5031987067885253,-3.0835693241140603,0.7504702103665593,3.5732078204184763,-0.347871838122098,3.0690030365208325,-0.1733626277451377,2.482054143324656,-3.4815056812016643,-1.7891545922724466
49.0,216.0,1003.5054931640624,-2.5031987067885253,-3.0835693241140603,0.7504702103665593,3.5732078204184763,-0.347871838122098,3.0690030365208325,-0.1733626277451377,2.482054143324656,-3.4815056812016643,-1.7891545922724466
49.0,216.0,1003.5055541992188,-2.5031987067885253,-3.0835693241140603,0.7504702103665593,3.5732078204184763,-0.3478697769875953,3.0690030365208325,-0.1733740428154659,2.482054143324656,-3.4815056812016643,-1.7891536408542863
49.0,216.0,1003.51318359375,-2.511453085423588,-3.083569324235316,0.7504702103665593,3.574359031106469,-0.3478259513915961,3.075595079572937,-0.1733636989871352,2.4818662914126888,-3.481505205970617,-1.7891542338014774
49.0,216.0,1003.52001953125,-2.511461804434066,-3.083569324235309,0.7504702103665593,3.5743584743722603,-0.3479752008557195,3.0755667887392097,-0.1733739679236993,2.481865784016696,-3.481505205970617,-1.7891159935746173
49.0,216.0,1003.5211181640624,-2.511453085423588,-3.083569324235316,0.7504702103665593,3.574359031106469,-0.3478259513915961,3.076056514866311,-0.1733622843600218,2.481870183443943,-3.481505205970617,-1.7891542338014774
49.0,216.0,1003.5460205078124,-2.5031987067885253,-3.083569324235316,0.7504702103665593,3.576977014888304,-0.3480078595439834,3.0690120770280083,-0.1733739308598728,2.4818662914126888,-3.481520880930673,-1.7891542338014774
49.0,216.0,1003.5460205078124,-2.5031987067885253,-3.083569324235316,0.7504702103665593,3.576977014888304,-0.3480078595439834,3.0690120770280083,-0.1733739308598728,2.4818662914126888,-3.481520880930673,-1.7891542338014774
49.0,216.0,1003.5460205078124,-2.5031987067885253,-3.083569324235316,0.7504702103665593,3.576977014888304,-0.3480078595439834,3.0690120770280083,-0.1733739308598728,2.4818662914126888,-3.481520880930673,-1.7891542338014774
49.0,216.0,1003.5470581054688,-2.5031987067885253,-3.083569323034211,0.7504702103665593,3.576908352670144,-0.3480078595439834,3.0690120770280083,-0.1733622648944779,2.481870152506345,-3.481520880930673,-1.7891542338014774
49.0,216.0,1003.5523681640624,-2.5031987067885253,-3.0835693197984315,0.7504702103665593,3.5769782614319885,-0.3478902780928444,3.0690110470223315,-0.173432570687036,2.482051676649842,-3.4815056739787003,-1.7891512407880608
49.0,216.0,1003.5546875,-2.5039263927128164,-3.0835693196232,0.7504702103665593,3.5743744143982994,-0.3478970896647465,3.0693850276151338,-0.173432570687036,2.4820375309833285,-3.481437485876507,-1.789146494181517
49.0,216.0,1003.554931640625,-2.503898670611169,-3.0835693196232,0.7504702103665593,3.5744037133956645,-0.3478970896647465,3.0693850276151338,-0.173432570687036,2.4820375309833285,-3.481437485876507,-1.789146494181517
49.0,217.0,1003.3884887695312,-2.5178006669350355,-3.0835693196232,0.7504702103665593,3.574377503493223,-0.3448928303719604,3.075677434005833,-0.1734245406023383,2.515678440708946,-3.481437485876507,-1.789104643657134
49.0,217.0,1003.4400024414062,-2.51407875669485,-3.0835693194846314,0.7504702103665593,3.574376601300886,-0.3478970896647465,3.075677434005833,-0.1733539146074081,2.514531438622144,-3.4815052341348407,-1.7891043293648357
49.0,217.0,1003.4405517578124,-2.5114547185469163,-3.0835693242305418,0.7504702103665593,3.5743846693648145,-0.344959872300779,3.075567219895929,-0.1733739308598728,2.4818662914126888,-3.481520880930673,-1.7891022472694194
49.0,217.0,1003.4407958984376,-2.511453085423588,-3.083569324235316,0.7504702103665593,3.574359031106469,-0.3450649984179726,3.075595079572937,-0.1733571337191904,2.481900739057016,-3.481505205970617,-1.7891159935746173
49.0,217.0,1003.4407958984376,-2.511453085423588,-3.083569324235316,0.7504702103665593,3.574359031106469,-0.3450649984179726,3.075595079572937,-0.1733571337191904,2.481900739057016,-3.481505205970617,-1.7891159935746173
49.0,217.0,1003.44091796875,-2.511461804434066,-3.083569324235316,0.7504702103665593,3.574358818123812,-0.3450649984179726,3.075595079572937,-0.1733628060932295,2.481900359476254,-3.481505205970617,-1.7891159935746173
49.0,217.0,1003.44091796875,-2.511461804434066,-3.083569324235316,0.7504702103665593,3.574358818123812,-0.3450649984179726,3.075595079572937,-0.1733628060932295,2.481900359476254,-3.481505205970617,-1.7891159935746173
49.0,217.0,1003.444091796875,-2.5178006669350355,-3.0835693196232,0.7504702103665593,3.57437696545804,-0.3478970896647465,3.075677434005833,-0.1734295809174732,2.515678440708946,-3.481520901376556,-1.7891043301422704
49.0,217.0,1003.4523315429688,-2.5178006669350355,-3.0835693196232,0.7504702103665593,3.574377503493223,-0.3478970896647465,3.075677434005833,-0.1734245406023383,2.515678440708946,-3.481437485876507,-1.7891043301422704
49.0,217.0,1003.4524536132812,-2.514038014786949,-3.0835693196232,0.7504702103665593,3.574377503493223,-0.3478970896647465,3.075677434005833,-0.1734245587271747,2.514001427579239,-3.481440676000984,-1.7891043990842097
49.0,217.0,1003.4647216796876,-2.5138465502160856,-3.083569323981199,0.7504702103665593,3.574375421871141,-0.3480264566017658,3.075595292728893,-0.1734249519699579,2.481877924260405,-3.481505490297097,-1.7891525059533615
49.0,217.0,1003.4678344726562,-2.5138465502160856,-3.0835693243216187,0.7504702103665593,3.574374989561946,-0.3478758420700896,3.07570152252324,-0.1734252944733291,2.481865203823985,-3.4815056812016643,-1.7891066216227427
49.0,217.0,1003.4684448242188,-2.513808656911765,-3.083569324025145,0.7504702103665593,3.574374989561946,-0.3478758420700896,3.07570152252324,-0.1734249519699579,2.481896890511522,-3.481505684219998,-1.789116165714418
49.0,217.0,1003.4743041992188,-2.5138465502160856,-3.0835693195655787,0.7504702103665593,3.574374989561946,-0.347898506820884,3.07570152252324,-0.1734249519699579,2.482054143324656,-3.4815056812016643,-1.7891066216227427
49.0,217.0,1003.4745483398438,-2.5138465502160856,-3.0835693195655787,0.7504702103665593,3.574374989561946,-0.3478758420700896,3.07570152252324,-0.1734249519699579,2.482054143324656,-3.4815056812016643,-1.7891066216227427
49.0,217.0,1003.4745483398438,-2.5138465502160856,-3.0835693195655787,0.7504702103665593,3.574374989561946,-0.3478758420700896,3.07570152252324,-0.1734249519699579,2.482054143324656,-3.4815056812016643,-1.7891066216227427
49.0,217.0,1003.474609375,-2.51385000045669,-3.0835693195655787,0.7504702103665593,3.574374989561946,-0.3478758420700896,3.07570152252324,-0.1734249519699579,2.482054143324656,-3.4815056812016643,-1.7891066216227427
49.0,217.0,1003.474609375,-2.51385000045669,-3.0835693195655787,0.7504702103665593,3.574374989561946,-0.3478758420700896,3.07570152252324,-0.1734249519699579,2.482054143324656,-3.4815056812016643,-1.7891066216227427
49.0,217.0,1003.4747314453124,-2.51426682957101,-3.0835693242305418,0.7504702103665593,3.5743846693648145,-0.3480106316198316,3.075566659541829,-0.1733739308598728,2.4818662914126888,-3.481520880930673,-1.7891023238732469
49.0,217.0,1003.4747314453124,-2.51426682957101,-3.0835693242305418,0.7504702103665593,3.5743846693648145,-0.3480126927543343,3.075566659541829,-0.1733625157895446,2.4818662914126888,-3.481520880930673,-1.789103275291407
49.0,217.0,1003.4747314453124,-2.51426682957101,-3.0835693242305418,0.7504702103665593,3.5743846693648145,-0.3480066361112341,3.075567718926768,-0.1733625157895446,2.4818662914126888,-3.481520880930673,-1.789100853617562
49.0,217.0,1003.474853515625,-2.513847768584031,-3.0835693195655787,0.7504702103665593,3.5743550813019915,-0.3478686556614268,3.07570152252324,-0.1734249519699579,2.482054143324656,-3.4815056812016643,-1.7891066216227427
49.0,217.0,1003.4751586914062,-2.5141811647583494,-3.083569319483053,0.7504702103665593,3.5743746286463245,-0.3478254994453738,3.0755904776560183,-0.1733560568940182,2.481863006900164,-3.481505274171817,-1.7891044106669387
49.0,217.0,1003.4752807617188,-2.5138562050919364,-3.083569319533701,0.7504702103665593,3.5743748073063304,-0.3478970994607247,3.07570850441896,-0.1733642088736208,2.482050959018064,-3.481505829066972,-1.7891072442466125
49.0,217.0,1003.4754028320312,-2.5138465502160856,-3.083569319614053,0.7504702103665593,3.574374989561946,-0.3478288076313705,3.07570152252324,-0.1733559851553745,2.482054143324656,-3.4815056812016643,-1.789104468668456
49.0,217.0,1003.4757080078124,-2.5141811647583494,-3.0835693240748663,0.7504702103665593,3.574354304641792,-0.3480059035715114,3.0755940899500067,-0.1733626428183243,2.4818662914126888,-3.481512177725953,-1.789153451956123
49.0,217.0,1003.4757080078124,-2.5141811647583494,-3.0835693240748663,0.7504702103665593,3.574354304641792,-0.3480059035715114,3.0755940899500067,-0.1733626428183243,2.4818662914126888,-3.481512177725953,-1.7891534660799404
49.0,217.0,1003.475830078125,-2.5141811647583494,-3.0835693240748663,0.7504702103665593,3.574354304641792,-0.3480059035715114,3.075595079572937,-0.1733626428183243,2.4818662914126888,-3.481512177725953,-1.7891542345077778
49.0,217.0,1003.475830078125,-2.5141811647583494,-3.0835693240748663,0.7504702103665593,3.574354304641792,-0.3480059035715114,3.075595079572937,-0.1733626428183243,2.4818662914126888,-3.481512177725953,-1.7891542345077778
49.0,217.0,1003.4759521484376,-2.51426682957101,-3.083569324235316,0.7504702103665593,3.5744828268899527,-0.3480106316198316,3.075566659541829,-0.1733739308598728,2.4818662914126888,-3.481520880930673,-1.7891542338014774
49.0,217.0,1003.4759521484376,-2.5141811647583494,-3.083569319483053,0.7504702103665593,3.574354304641792,-0.3478257546263141,3.075595079572937,-0.1733560568940182,2.4818662914126888,-3.481505274171817,-1.7891044106669387
49.0,217.0,1003.4760131835938,-2.51426682957101,-3.083569324235316,0.7504702103665593,3.5744828268899527,-0.3480106316198316,3.075565979605241,-0.1734258752540694,2.4818662914126888,-3.481520764843373,-1.7891542338014774
49.0,217.0,1003.4764404296876,-2.5141811647583494,-3.0835693200343006,0.7504702103665593,3.5743203657956126,-0.3480145400324272,3.075595079572937,-0.1733626428183243,2.4818662914126888,-3.481512177725953,-1.7891545794991488
49.0,217.0,1003.4765625,-2.5141811647583494,-3.0835693240757376,0.7504702103665593,3.5743203657956126,-0.3480099204402802,3.075595079572937,-0.1733626428183243,2.4818662914126888,-3.481512177725953,-1.7891545792805623
49.0,217.0,1003.4765625,-2.514195248741816,-3.083569324232053,0.7504702103665593,3.5743752562892706,-0.347908719260386,3.075595079572937,-0.1733570531252097,2.481900739057016,-3.481512199659336,-1.7891159935746173
49.0,217.0,1003.4766845703124,-2.5141737315156947,-3.0835693195655787,0.7504702103665593,3.5743536347737925,-0.3480067586852703,3.0757125376936023,-0.1734249519699579,2.4818707322205538,-3.481512391641952,-1.789104620496186
49.0,217.0,1003.4769287109376,-2.5138465502160856,-3.0835693242058664,0.7504702103665593,3.574374989561946,-0.3480089565765679,3.07570152252324,-0.1733625710796806,2.482054143324656,-3.4815125847558,-1.789154292509295
49.0,217.0,1003.4769287109376,-2.514195248741816,-3.083569324232053,0.7504702103665593,3.574359031106469,-0.347908719260386,3.075595079572937,-0.1733571337191904,2.481900739057016,-3.4815123798629632,-1.7891159935746173
49.0,217.0,1003.4769897460938,-2.5141811647583494,-3.083569324026896,0.7504702103665593,3.574374960163684,-0.3478967271862723,3.07556815664282,-0.1734249483377481,2.4818662914126888,-3.4815060110016987,-1.7891563814972704
49.0,217.0,1003.4774780273438,-2.5141811647583494,-3.083569324026896,0.7504702103665593,3.5743756812536875,-0.3478967271862723,3.07556815664282,-0.1734252903132107,2.4818662914126888,-3.481512177725953,-1.7891563814972704
49.0,217.0,1003.4777221679688,-2.5141811647583494,-3.0835693243078803,0.7504702103665593,3.574374989561946,-0.3478732280476341,3.075568192648754,-0.1733626428183243,2.4818662914126888,-3.481512177725953,-1.7891545870977814
49.0,217.0,1003.477783203125,-2.5141811647583494,-3.0835693194700777,0.7504702103665593,3.5743756812536875,-0.3478967271862723,3.075691815203315,-0.1734245365897519,2.4818662914126888,-3.481512177725953,-1.789104382199491
49.0,217.0,1003.478515625,-2.5141811647583494,-3.083569319556536,0.7504702103665593,3.574374989561946,-0.3478742767588677,3.075595079572937,-0.1733626428183243,2.4818662914126888,-3.481512177725953,-1.7891545870977814
49.0,217.0,1003.478515625,-2.5141811647583494,-3.0835693240757376,0.7504702103665593,3.5743756812536875,-0.3478739335231879,3.075595079572937,-0.1733626428183243,2.4818662914126888,-3.481512177725953,-1.7891545870139527
49.0,217.0,1003.4788818359376,-2.5141811647583494,-3.0835693240753703,0.7504702103665593,3.5743756812536875,-0.3478270279967587,3.07556815664282,-0.1733563234986273,2.4818662914126888,-3.481512177725953,-1.7891542285429836
49.0,217.0,1003.4793090820312,-2.514199534118675,-3.083569319556536,0.7504702103665593,3.574374989561946,-0.3478742767588677,3.075595079572937,-0.1733623744700939,2.4818662914126888,-3.481512177725953,-1.789154223855703
49.0,217.0,1003.4797973632812,-2.514199534118675,-3.083569319556536,0.7504702103665593,3.574358764379145,-0.3478742767588677,3.075595079572937,-0.1733624550640747,2.4818662914126888,-3.48151235792958,-1.789154223855703
49.0,217.0,1003.4864501953124,-2.5141811647583494,-3.0835693196592464,0.7504702103665593,3.5743538723325967,-0.3478779537906296,3.075700319744353,-0.1733626428183243,2.4820425104769392,-3.4815123686305203,-1.7891075676255044
49.0,217.0,1003.4867553710938,-2.514251104978805,-3.0835693243308446,0.7504702103665593,3.574378672125919,-0.3479448542024866,3.07570152252324,-0.1734240751254302,2.4820542387667057,-3.4815056812016643,-1.7891066216227427
49.0,217.0,1003.490234375,-2.5141811647583494,-3.083569319556536,0.7504702103665593,3.574374989561946,-0.3478761127231255,3.075697835456024,-0.1733559923876223,2.4820538349427848,-3.481512177725953,-1.7891545503751718
49.0,218.0,1003.3884887695312,-2.5178006669350355,-3.0835693196232,0.7504702103665593,3.574377503493223,-0.3448928303719604,3.075677434005833,-0.1734245406023383,2.515678440708946,-3.481437485876507,-1.789104643657134
49.0,218.0,1003.39013671875,-2.5178006669350355,-3.0835693196232,0.7504702103665593,3.574377503493223,-0.3448928303719604,3.0755941029016256,-0.1734241294955689,2.515678440708946,-3.481437485876507,-1.7891160625297613
49.0,218.0,1003.4397583007812,-2.5114547185469163,-3.0835693242305418,0.7504702103665593,3.5743847754447846,-0.344959872300779,3.075567219895929,-0.1733739308598728,2.481781468289168,-3.481520880930673,-1.7891041646618342
49.0,218.0,1003.4400024414062,-2.51407875669485,-3.0835693194846314,0.7504702103665593,3.574376601300886,-0.3478970896647465,3.075677434005833,-0.1733539146074081,2.514531438622144,-3.4815052341348407,-1.7891043293648357
49.0,218.0,1003.4405517578124,-2.5114547185469163,-3.0835693242305418,0.7504702103665593,3.5743846693648145,-0.344959872300779,3.075567219895929,-0.1733739308598728,2.4818662914126888,-3.481520880930673,-1.7891022472694194
49.0,218.0,1003.4407958984376,-2.511453085423588,-3.083569324235316,0.7504702103665593,3.574359031106469,-0.3450649984179726,3.075595079572937,-0.1733571337191904,2.481900739057016,-3.481505205970617,-1.7891159935746173
49.0,218.0,1003.4407958984376,-2.511453085423588,-3.083569324235316,0.7504702103665593,3.574359031106469,-0.3450649984179726,3.075595079572937,-0.1733571337191904,2.481900739057016,-3.481505205970617,-1.7891159935746173
49.0,218.0,1003.44091796875,-2.511461804434066,-3.083569324235316,0.7504702103665593,3.574358818123812,-0.3450649984179726,3.075595079572937,-0.1733628060932295,2.481900359476254,-3.481505205970617,-1.7891159935746173
49.0,218.0,1003.44091796875,-2.511461804434066,-3.083569324235316,0.7504702103665593,3.574358818123812,-0.3450649984179726,3.075595079572937,-0.1733628060932295,2.481900359476254,-3.481505205970617,-1.7891159935746173
49.0,218.0,1003.444091796875,-2.5178006669350355,-3.0835693196232,0.7504702103665593,3.57437696545804,-0.3478970896647465,3.075677434005833,-0.1734295809174732,2.515678440708946,-3.481520901376556,-1.7891043301422704
49.0,218.0,1003.445068359375,-2.514038014786949,-3.0835693196232,0.7504702103665593,3.574377503493223,-0.3478970896647465,3.075677434005833,-0.1733640073024109,2.514001427579239,-3.481440676000984,-1.7891043990842097
49.0,218.0,1003.4462280273438,-2.517838088203321,-3.083569319629226,0.7504702103665593,3.5743774990315487,-0.3478970896647465,3.075676022013765,-0.1733565995384819,2.515678440708946,-3.4815041453091444,-1.789104329873184
49.0,218.0,1003.4523315429688,-2.5178006669350355,-3.0835693196232,0.7504702103665593,3.574377503493223,-0.3478970896647465,3.075677434005833,-0.1734245406023383,2.515678440708946,-3.481437485876507,-1.7891043301422704
49.0,218.0,1003.4524536132812,-2.514038014786949,-3.0835693196232,0.7504702103665593,3.574377503493223,-0.3478970896647465,3.075677434005833,-0.1734245587271747,2.514001427579239,-3.481440676000984,-1.7891043990842097
49.0,218.0,1003.4617309570312,-2.5138465502160856,-3.083569323985308,0.7504702103665593,3.574384737010785,-0.3480264566017658,3.075566445246381,-0.1734249519699579,2.481866373405336,-3.4815059139355085,-1.7891040310482853
49.0,218.0,1003.4646606445312,-2.514035313474146,-3.083569319645943,0.7504702103665593,3.5744828268899527,-0.3479008292490366,3.075683130922933,-0.1734245319927178,2.4818662914126888,-3.481440965696517,-1.7891059541845082
49.0,218.0,1003.4647216796876,-2.5138465502160856,-3.083569323981199,0.7504702103665593,3.574375421871141,-0.3480264566017658,3.075595292728893,-0.1734249519699579,2.481877924260405,-3.481505490297097,-1.7891525059533615
49.0,218.0,1003.4677734375,-2.5138465502160856,-3.0835693195655787,0.7504702103665593,3.574374989561946,-0.3478758420700896,3.07570152252324,-0.1734276569666512,2.4818616118853343,-3.4815056812016643,-1.7891066759576852
49.0,218.0,1003.4678344726562,-2.5138465502160856,-3.0835693243216187,0.7504702103665593,3.574374989561946,-0.3478758420700896,3.07570152252324,-0.1734252944733291,2.481865203823985,-3.4815056812016643,-1.7891066216227427
49.0,218.0,1003.4678344726562,-2.5138466277340927,-3.083569324270768,0.7504702103665593,3.574374989561946,-0.3478758420700896,3.07570152252324,-0.1734252944733291,2.4818647742926867,-3.4815056812016643,-1.7891066216227427
49.0,218.0,1003.4684448242188,-2.513808656911765,-3.083569324025145,0.7504702103665593,3.574374989561946,-0.3478758420700896,3.07570152252324,-0.1734249519699579,2.481896890511522,-3.481505684219998,-1.789116165714418
49.0,218.0,1003.4686279296876,-2.513808656911765,-3.083569324245503,0.7504702103665593,3.5743592852711967,-0.3478758420700896,3.07570152252324,-0.1734249519699579,2.4818970013201067,-3.481505682583065,-1.789116165714418
49.0,218.0,1003.46875,-2.5141437434900635,-3.083569319477027,0.7504702103665593,3.574374633107998,-0.3478254994453738,3.0755918896480856,-0.1734239979578746,2.481863006900164,-3.4814386147391803,-1.7891044109360252
49.0,218.0,1003.4692993164062,-2.5138465502160856,-3.0835693241860747,0.7504702103665593,3.574348315460685,-0.3480001942465248,3.07570152252324,-0.1734249519699579,2.481872678853596,-3.4815056812016643,-1.7891544485055713
49.0,218.0,1003.4692993164062,-2.513832830363316,-3.0835693240757376,0.7504702103665593,3.5743203657956126,-0.3480099204402802,3.0757027431092108,-0.1733626428183243,2.4818662914126888,-3.481505510942047,-1.7891545792805623
49.0,218.0,1003.4733276367188,-2.5141811647583494,-3.083569319483053,0.7504702103665593,3.5743746286463245,-0.3479089452245311,3.0755904776560183,-0.1733560568940182,2.481864220912599,-3.481505274171817,-1.7891044106669387
49.0,218.0,1003.4743041992188,-2.5138465502160856,-3.0835693195655787,0.7504702103665593,3.574374989561946,-0.347898506820884,3.07570152252324,-0.1734249519699579,2.482054143324656,-3.4815056812016643,-1.7891066216227427
49.0,218.0,1003.4745483398438,-2.5138465502160856,-3.0835693195655787,0.7504702103665593,3.574374989561946,-0.3478758420700896,3.07570152252324,-0.1734249519699579,2.482054143324656,-3.4815056812016643,-1.7891066216227427
49.0,218.0,1003.4745483398438,-2.5138465502160856,-3.0835693195655787,0.7504702103665593,3.574374989561946,-0.3478758420700896,3.07570152252324,-0.1734249519699579,2.482054143324656,-3.4815056812016643,-1.7891066216227427
49.0,218.0,1003.474609375,-2.51385000045669,-3.0835693195655787,0.7504702103665593,3.574374989561946,-0.3478758420700896,3.07570152252324,-0.1734249519699579,2.482054143324656,-3.4815056812016643,-1.7891066216227427
49.0,218.0,1003.474609375,-2.51385000045669,-3.0835693195655787,0.7504702103665593,3.574374989561946,-0.3478758420700896,3.07570152252324,-0.1734249519699579,2.482054143324656,-3.4815056812016643,-1.7891066216227427
49.0,218.0,1003.4747314453124,-2.51426682957101,-3.0835693242305418,0.7504702103665593,3.5743846693648145,-0.3480106316198316,3.075566659541829,-0.1733739308598728,2.4818662914126888,-3.481520880930673,-1.7891023238732469
49.0,218.0,1003.4747314453124,-2.51426682957101,-3.0835693242305418,0.7504702103665593,3.5743846693648145,-0.3480126927543343,3.075566659541829,-0.1733625157895446,2.4818662914126888,-3.481520880930673,-1.789103275291407
49.0,218.0,1003.4747314453124,-2.51426682957101,-3.0835693242305418,0.7504702103665593,3.5743846693648145,-0.3480066361112341,3.075567718926768,-0.1733625157895446,2.4818662914126888,-3.481520880930673,-1.789100853617562
49.0,218.0,1003.474853515625,-2.513847768584031,-3.0835693195655787,0.7504702103665593,3.5743550813019915,-0.3478686556614268,3.07570152252324,-0.1734249519699579,2.482054143324656,-3.4815056812016643,-1.7891066216227427
49.0,218.0,1003.4751586914062,-2.5141811647583494,-3.083569319483053,0.7504702103665593,3.5743746286463245,-0.3478254994453738,3.0755904776560183,-0.1733560568940182,2.481863006900164,-3.481505274171817,-1.7891044106669387
49.0,218.0,1003.4752807617188,-2.5138562050919364,-3.083569319533701,0.7504702103665593,3.5743748073063304,-0.3478970994607247,3.07570850441896,-0.1733642088736208,2.482050959018064,-3.481505829066972,-1.7891072442466125
49.0,218.0,1003.4754028320312,-2.5138465502160856,-3.083569319614053,0.7504702103665593,3.574374989561946,-0.3478288076313705,3.07570152252324,-0.1733559851553745,2.482054143324656,-3.4815056812016643,-1.789104468668456
49.0,218.0,1003.4754638671876,-2.5138459443054555,-3.0835693192542952,0.7504702103665593,3.5743748073063304,-0.3478970994607247,3.075714999449032,-0.1733642088736208,2.482053423146402,-3.481505443007524,-1.7891072442466125
49.0,218.0,1003.4757080078124,-2.5141811647583494,-3.0835693240748663,0.7504702103665593,3.574354304641792,-0.3480059035715114,3.0755940899500067,-0.1733626428183243,2.4818662914126888,-3.481512177725953,-1.789153451956123
49.0,218.0,1003.4757080078124,-2.5141811647583494,-3.0835693240748663,0.7504702103665593,3.574354304641792,-0.3480059035715114,3.0755940899500067,-0.1733626428183243,2.4818662914126888,-3.481512177725953,-1.7891534660799404
49.0,218.0,1003.4757080078124,-2.5141811647583494,-3.0835693240748663,0.7504702103665593,3.574354304641792,-0.3480059035715114,3.0755940899500067,-0.1733626428183243,2.4818662914126888,-3.481512177725953,-1.7891534660799404
49.0,218.0,1003.475830078125,-2.5141811647583494,-3.0835693240748663,0.7504702103665593,3.574354304641792,-0.3480059035715114,3.075595079572937,-0.1733626428183243,2.4818662914126888,-3.481512177725953,-1.7891542345077778
49.0,218.0,1003.475830078125,-2.5141811647583494,-3.0835693240748663,0.7504702103665593,3.574354304641792,-0.3480059035715114,3.075595079572937,-0.1733626428183243,2.4818662914126888,-3.481512177725953,-1.7891542345077778
49.0,218.0,1003.4759521484376,-2.51426682957101,-3.083569324235316,0.7504702103665593,3.5744828268899527,-0.3480106316198316,3.075566659541829,-0.1733739308598728,2.4818662914126888,-3.481520880930673,-1.7891542338014774
49.0,218.0,1003.4759521484376,-2.5141811647583494,-3.083569319483053,0.7504702103665593,3.574354304641792,-0.3478257546263141,3.075595079572937,-0.1733560568940182,2.4818662914126888,-3.481505274171817,-1.7891044106669387
49.0,218.0,1003.4760131835938,-2.51426682957101,-3.083569324235316,0.7504702103665593,3.5744828268899527,-0.3480106316198316,3.075565979605241,-0.1734258752540694,2.4818662914126888,-3.481520764843373,-1.7891542338014774
49.0,218.0,1003.4764404296876,-2.5141811647583494,-3.0835693200343006,0.7504702103665593,3.5743203657956126,-0.3480145400324272,3.075595079572937,-0.1733626428183243,2.4818662914126888,-3.481512177725953,-1.7891545794991488
49.0,218.0,1003.4765625,-2.5141811647583494,-3.0835693240757376,0.7504702103665593,3.5743203657956126,-0.3480099204402802,3.075595079572937,-0.1733626428183243,2.4818662914126888,-3.481512177725953,-1.7891545792805623
49.0,218.0,1003.4765625,-2.514195248741816,-3.083569324232053,0.7504702103665593,3.5743752562892706,-0.347908719260386,3.075595079572937,-0.1733570531252097,2.481900739057016,-3.481512199659336,-1.7891159935746173
49.0,219.0,1003.3884887695312,-2.5178006669350355,-3.0835693196232,0.7504702103665593,3.574377503493223,-0.3448928303719604,3.075677434005833,-0.1734245406023383,2.515678440708946,-3.481437485876507,-1.789104643657134
49.0,219.0,1003.39013671875,-2.5178006669350355,-3.0835693196232,0.7504702103665593,3.574377503493223,-0.3448928303719604,3.0755941029016256,-0.1734241294955689,2.515678440708946,-3.481437485876507,-1.7891160625297613
49.0,219.0,1003.3914794921876,-2.514038014786949,-3.0835693194390434,0.7504702103665593,3.574377503493223,-0.3449974566871208,3.0756695305300683,-0.1733640073024109,2.514001427579239,-3.481440676000984,-1.7891023711692229
49.0,219.0,1003.439697265625,-2.5114547185469163,-3.0835693193994254,0.7504702103665593,3.5743844578276183,-0.344959872300779,3.075567219895929,-0.173355323854054,2.481781468289168,-3.481520880930673,-1.7891041646618342
49.0,219.0,1003.4397583007812,-2.5114547185469163,-3.0835693242305418,0.7504702103665593,3.5743847754447846,-0.344959872300779,3.075567219895929,-0.1733739308598728,2.481781468289168,-3.481520880930673,-1.7891041646618342
49.0,219.0,1003.4400024414062,-2.51407875669485,-3.0835693194846314,0.7504702103665593,3.574376601300886,-0.3478970896647465,3.075677434005833,-0.1733539146074081,2.514531438622144,-3.4815052341348407,-1.7891043293648357
49.0,219.0,1003.4405517578124,-2.5114547185469163,-3.0835693242305418,0.7504702103665593,3.5743846693648145,-0.344959872300779,3.075567219895929,-0.1733739308598728,2.4818662914126888,-3.481520880930673,-1.7891022472694194
49.0,219.0,1003.440673828125,-2.511461804434066,-3.083569324235316,0.7504702103665593,3.574358818123812,-0.3450649984179726,3.075595079572937,-0.1733622471141302,2.481900359476254,-3.4815052021830217,-1.7891062461604792
49.0,219.0,1003.4407958984376,-2.511453085423588,-3.083569324235316,0.7504702103665593,3.574359031106469,-0.3450649984179726,3.075595079572937,-0.1733571337191904,2.481900739057016,-3.481505205970617,-1.7891159935746173
49.0,219.0,1003.4407958984376,-2.511453085423588,-3.083569324235316,0.7504702103665593,3.574359031106469,-0.3450649984179726,3.075595079572937,-0.1733571337191904,2.481900739057016,-3.481505205970617,-1.7891159935746173
49.0,219.0,1003.4407958984376,-2.511453085423588,-3.083569324235316,0.7504702103665593,3.574359031106469,-0.3450649984179726,3.075595079572937,-0.1733571337191904,2.481900739057016,-3.481505205970617,-1.7891159935746173
49.0,219.0,1003.44091796875,-2.511461804434066,-3.083569324235316,0.7504702103665593,3.574358818123812,-0.3450649984179726,3.075595079572937,-0.1733628060932295,2.481900359476254,-3.481505205970617,-1.7891159935746173
49.0,219.0,1003.44091796875,-2.511461804434066,-3.083569324235316,0.7504702103665593,3.574358818123812,-0.3450649984179726,3.075595079572937,-0.1733628060932295,2.481900359476254,-3.481505205970617,-1.7891159935746173
49.0,219.0,1003.444091796875,-2.5178006669350355,-3.0835693196232,0.7504702103665593,3.57437696545804,-0.3478970896647465,3.075677434005833,-0.1734295809174732,2.515678440708946,-3.481520901376556,-1.7891043301422704
49.0,219.0,1003.445068359375,-2.514038014786949,-3.0835693196232,0.7504702103665593,3.574377503493223,-0.3478970896647465,3.075677434005833,-0.1733640073024109,2.514001427579239,-3.481440676000984,-1.7891043990842097
49.0,219.0,1003.4462280273438,-2.517838088203321,-3.083569319629226,0.7504702103665593,3.5743774990315487,-0.3478970896647465,3.075676022013765,-0.1733565995384819,2.515678440708946,-3.4815041453091444,-1.789104329873184
49.0,219.0,1003.4462280273438,-2.517838088203321,-3.083569319629226,0.7504702103665593,3.5743774990315487,-0.3478970896647465,3.075676022013765,-0.1733565995384819,2.515678440708946,-3.4815041453091444,-1.789104329873184
49.0,219.0,1003.4478759765624,-2.511632535107257,-3.083569319537665,0.7504702103665593,3.574376790456072,-0.3478970896647465,3.075676440716765,-0.1733539578339705,2.513872222293676,-3.4815052341348407,-1.789104184887551
49.0,219.0,1003.4523315429688,-2.5178006669350355,-3.0835693196232,0.7504702103665593,3.574377503493223,-0.3478970896647465,3.075677434005833,-0.1734245406023383,2.515678440708946,-3.481437485876507,-1.7891043301422704
49.0,219.0,1003.4524536132812,-2.514038014786949,-3.0835693196232,0.7504702103665593,3.574377503493223,-0.3478970896647465,3.075677434005833,-0.1734245587271747,2.514001427579239,-3.481440676000984,-1.7891043990842097
49.0,219.0,1003.4591674804688,-2.5138465502160856,-3.083569323985308,0.7504702103665593,3.574384737010785,-0.3480264566017658,3.0755629153429425,-0.173424936701671,2.48169293980562,-3.4815066761227498,-1.7891040310482853
49.0,219.0,1003.4617309570312,-2.5138465502160856,-3.083569323985308,0.7504702103665593,3.574384737010785,-0.3480264566017658,3.075566445246381,-0.1734249519699579,2.481866373405336,-3.4815059139355085,-1.7891040310482853
49.0,219.0,1003.4646606445312,-2.514035313474146,-3.083569319645943,0.7504702103665593,3.5744828268899527,-0.3479008292490366,3.075683130922933,-0.1734245319927178,2.4818662914126888,-3.481440965696517,-1.7891059541845082
49.0,219.0,1003.4647216796876,-2.5138465502160856,-3.083569323981199,0.7504702103665593,3.574375421871141,-0.3480264566017658,3.075595292728893,-0.1734249519699579,2.481877924260405,-3.481505490297097,-1.7891525059533615
49.0,219.0,1003.4677734375,-2.5138465502160856,-3.0835693195655787,0.7504702103665593,3.574374989561946,-0.3478758420700896,3.07570152252324,-0.1734276569666512,2.4818616118853343,-3.4815056812016643,-1.7891066759576852
49.0,219.0,1003.4678344726562,-2.5138465502160856,-3.0835693243216187,0.7504702103665593,3.574374989561946,-0.3478758420700896,3.07570152252324,-0.1734252944733291,2.481865203823985,-3.4815056812016643,-1.7891066216227427
49.0,219.0,1003.4678344726562,-2.5138466277340927,-3.083569324270768,0.7504702103665593,3.574374989561946,-0.3478758420700896,3.07570152252324,-0.1734252944733291,2.4818647742926867,-3.4815056812016643,-1.7891066216227427
49.0,219.0,1003.4678344726562,-2.5138466277340927,-3.083569324270768,0.7504702103665593,3.574374989561946,-0.3478758420700896,3.07570152252324,-0.1734252944733291,2.4818647742926867,-3.4815056812016643,-1.7891066216227427
49.0,219.0,1003.4684448242188,-2.513808656911765,-3.083569324025145,0.7504702103665593,3.574374989561946,-0.3478758420700896,3.07570152252324,-0.1734249519699579,2.481896890511522,-3.481505684219998,-1.789116165714418
49.0,219.0,1003.4686279296876,-2.513808656911765,-3.083569324245503,0.7504702103665593,3.5743592852711967,-0.3478758420700896,3.07570152252324,-0.1734249519699579,2.4818970013201067,-3.481505682583065,-1.789116165714418
49.0,219.0,1003.46875,-2.5141437434900635,-3.083569319477027,0.7504702103665593,3.574374633107998,-0.3478254994453738,3.0755918896480856,-0.1734239979578746,2.481863006900164,-3.4814386147391803,-1.7891044109360252
49.0,219.0,1003.4692993164062,-2.5138465502160856,-3.0835693241860747,0.7504702103665593,3.574348315460685,-0.3480001942465248,3.07570152252324,-0.1734249519699579,2.481872678853596,-3.4815056812016643,-1.7891544485055713
49.0,219.0,1003.4692993164062,-2.513832830363316,-3.0835693240757376,0.7504702103665593,3.5743203657956126,-0.3480099204402802,3.0757027431092108,-0.1733626428183243,2.4818662914126888,-3.481505510942047,-1.7891545792805623
49.0,219.0,1003.4733276367188,-2.5141811647583494,-3.083569319483053,0.7504702103665593,3.5743746286463245,-0.3479089452245311,3.0755904776560183,-0.1733560568940182,2.481864220912599,-3.481505274171817,-1.7891044106669387
49.0,219.0,1003.4742431640624,-2.5141860609092945,-3.083569319484311,0.7504702103665593,3.5743746286463245,-0.3478732463315542,3.0755904776560183,-0.1733560568940182,2.481863006900164,-3.481505274171817,-1.78910433597624
49.0,219.0,1003.4743041992188,-2.5138465502160856,-3.0835693195655787,0.7504702103665593,3.574374989561946,-0.347898506820884,3.07570152252324,-0.1734249519699579,2.482054143324656,-3.4815056812016643,-1.7891066216227427
49.0,219.0,1003.4745483398438,-2.5138465502160856,-3.0835693195655787,0.7504702103665593,3.574374989561946,-0.3478758420700896,3.07570152252324,-0.1734249519699579,2.482054143324656,-3.4815056812016643,-1.7891066216227427
49.0,219.0,1003.4745483398438,-2.5138465502160856,-3.0835693195655787,0.7504702103665593,3.574374989561946,-0.3478758420700896,3.07570152252324,-0.1734249519699579,2.482054143324656,-3.4815056812016643,-1.7891066216227427
49.0,219.0,1003.474609375,-2.51385000045669,-3.0835693195655787,0.7504702103665593,3.574374989561946,-0.3478758420700896,3.07570152252324,-0.1734249519699579,2.482054143324656,-3.4815056812016643,-1.7891066216227427
49.0,219.0,1003.474609375,-2.51385000045669,-3.0835693195655787,0.7504702103665593,3.574374989561946,-0.3478758420700896,3.07570152252324,-0.1734249519699579,2.482054143324656,-3.4815056812016643,-1.7891066216227427
49.0,219.0,1003.4747314453124,-2.51426682957101,-3.0835693242305418,0.7504702103665593,3.5743846693648145,-0.3480106316198316,3.075566659541829,-0.1733739308598728,2.4818662914126888,-3.481520880930673,-1.7891023238732469
49.0,219.0,1003.4747314453124,-2.51426682957101,-3.0835693242305418,0.7504702103665593,3.5743846693648145,-0.3480126927543343,3.075566659541829,-0.1733625157895446,2.4818662914126888,-3.481520880930673,-1.789103275291407
49.0,219.0,1003.4747314453124,-2.51426682957101,-3.0835693242305418,0.7504702103665593,3.5743846693648145,-0.3480066361112341,3.075567718926768,-0.1733625157895446,2.4818662914126888,-3.481520880930673,-1.789100853617562
49.0,219.0,1003.474853515625,-2.513847768584031,-3.0835693195655787,0.7504702103665593,3.5743550813019915,-0.3478686556614268,3.07570152252324,-0.1734249519699579,2.482054143324656,-3.4815056812016643,-1.7891066216227427
49.0,219.0,1003.4751586914062,-2.5141811647583494,-3.083569319483053,0.7504702103665593,3.5743746286463245,-0.3478254994453738,3.0755904776560183,-0.1733560568940182,2.481863006900164,-3.481505274171817,-1.7891044106669387
49.0,219.0,1003.4752197265624,-2.5138465502160856,-3.0835693244451696,0.7504702103665593,3.574375307179112,-0.3478288076313705,3.07570152252324,-0.1733745921611933,2.482054143324656,-3.4815056812016643,-1.789104468668456
49.0,219.0,1003.4752807617188,-2.5138562050919364,-3.083569319533701,0.7504702103665593,3.5743748073063304,-0.3478970994607247,3.07570850441896,-0.1733642088736208,2.482050959018064,-3.481505829066972,-1.7891072442466125
49.0,219.0,1003.4754028320312,-2.5138465502160856,-3.083569319614053,0.7504702103665593,3.574374989561946,-0.3478288076313705,3.07570152252324,-0.1733559851553745,2.482054143324656,-3.4815056812016643,-1.789104468668456
49.0,219.0,1003.4754638671876,-2.5138459443054555,-3.0835693192542952,0.7504702103665593,3.5743748073063304,-0.3478970994607247,3.075714999449032,-0.1733642088736208,2.482053423146402,-3.481505443007524,-1.7891072442466125
49.0,219.0,1003.4754638671876,-2.5138459443054555,-3.0835693192542952,0.7504702103665593,3.5743748073063304,-0.3478970994607247,3.075714999449032,-0.1733642088736208,2.482053423146402,-3.481505443007524,-1.7891072442466125
49.0,220.0,1003.3884887695312,-2.5178006669350355,-3.0835693196232,0.7504702103665593,3.574377503493223,-0.3448928303719604,3.075677434005833,-0.1734245406023383,2.515678440708946,-3.481437485876507,-1.789104643657134
49.0,220.0,1003.39013671875,-2.5178006669350355,-3.0835693196232,0.7504702103665593,3.574377503493223,-0.3448928303719604,3.0755941029016256,-0.1734241294955689,2.515678440708946,-3.481437485876507,-1.7891160625297613
49.0,220.0,1003.3914794921876,-2.514038014786949,-3.0835693194390434,0.7504702103665593,3.574377503493223,-0.3449974566871208,3.0756695305300683,-0.1733640073024109,2.514001427579239,-3.481440676000984,-1.7891023711692229
49.0,220.0,1003.4382934570312,-2.511260670309185,-3.0835693242305418,0.7504702103665593,3.574385321149018,-0.344959872300779,3.075596562063805,-0.1733739308598728,2.481878310887262,-3.4815050714633604,-1.7891022472694194
49.0,220.0,1003.439697265625,-2.5114547185469163,-3.0835693193994254,0.7504702103665593,3.5743844578276183,-0.344959872300779,3.075567219895929,-0.173355323854054,2.481781468289168,-3.481520880930673,-1.7891041646618342
49.0,220.0,1003.4397583007812,-2.5114547185469163,-3.0835693242305418,0.7504702103665593,3.5743847754447846,-0.344959872300779,3.075567219895929,-0.1733739308598728,2.481781468289168,-3.481520880930673,-1.7891041646618342
49.0,220.0,1003.4400024414062,-2.51407875669485,-3.0835693194846314,0.7504702103665593,3.574376601300886,-0.3478970896647465,3.075677434005833,-0.1733539146074081,2.514531438622144,-3.4815052341348407,-1.7891043293648357
49.0,220.0,1003.4405517578124,-2.5114547185469163,-3.0835693242305418,0.7504702103665593,3.5743846693648145,-0.344959872300779,3.075567219895929,-0.1733739308598728,2.4818662914126888,-3.481520880930673,-1.7891022472694194
49.0,220.0,1003.440673828125,-2.511461804434066,-3.083569324235316,0.7504702103665593,3.574358818123812,-0.3450649984179726,3.075595079572937,-0.1733622471141302,2.481900359476254,-3.4815052021830217,-1.7891062461604792
49.0,220.0,1003.4407958984376,-2.511453085423588,-3.083569324235316,0.7504702103665593,3.574359031106469,-0.3450649984179726,3.075595079572937,-0.1733571337191904,2.481900739057016,-3.481505205970617,-1.7891159935746173
49.0,220.0,1003.4407958984376,-2.511453085423588,-3.083569324235316,0.7504702103665593,3.574359031106469,-0.3450649984179726,3.075595079572937,-0.1733571337191904,2.481900739057016,-3.481505205970617,-1.7891159935746173
49.0,220.0,1003.4407958984376,-2.511453085423588,-3.083569324235316,0.7504702103665593,3.574359031106469,-0.3450649984179726,3.075595079572937,-0.1733571337191904,2.481900739057016,-3.481505205970617,-1.7891159935746173
49.0,220.0,1003.44091796875,-2.511461804434066,-3.083569324235316,0.7504702103665593,3.574358818123812,-0.3450649984179726,3.075595079572937,-0.1733628060932295,2.481900359476254,-3.481505205970617,-1.7891159935746173
49.0,220.0,1003.44091796875,-2.511461804434066,-3.083569324235316,0.7504702103665593,3.574358818123812,-0.3450649984179726,3.075595079572937,-0.1733628060932295,2.481900359476254,-3.481505205970617,-1.7891159935746173
49.0,220.0,1003.4412841796876,-2.511453120098812,-3.0835693242305418,0.7504702103665593,3.5743846693648145,-0.344959872300779,3.075594596586644,-0.1733739308598728,2.4818662914126888,-3.481520880930673,-1.78910200248223
49.0,220.0,1003.4435424804688,-2.511453085423588,-3.0835693242798707,0.7504702103665593,3.574359031106469,-0.3450649984179726,3.0756798574451683,-0.1733571337191904,2.481900739057016,-3.481505205970617,-1.7891159969167854
49.0,220.0,1003.444091796875,-2.5178006669350355,-3.0835693196232,0.7504702103665593,3.57437696545804,-0.3478970896647465,3.075677434005833,-0.1734295809174732,2.515678440708946,-3.481520901376556,-1.7891043301422704
49.0,220.0,1003.445068359375,-2.514038014786949,-3.0835693196232,0.7504702103665593,3.574377503493223,-0.3478970896647465,3.075677434005833,-0.1733640073024109,2.514001427579239,-3.481440676000984,-1.7891043990842097
49.0,220.0,1003.4462280273438,-2.517838088203321,-3.083569319629226,0.7504702103665593,3.5743774990315487,-0.3478970896647465,3.075676022013765,-0.1733565995384819,2.515678440708946,-3.4815041453091444,-1.789104329873184
49.0,220.0,1003.4462280273438,-2.517838088203321,-3.083569319629226,0.7504702103665593,3.5743774990315487,-0.3478970896647465,3.075676022013765,-0.1733565995384819,2.515678440708946,-3.4815041453091444,-1.789104329873184
49.0,220.0,1003.4478759765624,-2.511632535107257,-3.083569319537665,0.7504702103665593,3.574376790456072,-0.3478970896647465,3.075676440716765,-0.1733539578339705,2.513872222293676,-3.4815052341348407,-1.789104184887551
49.0,220.0,1003.4478759765624,-2.511632535107257,-3.083569319537665,0.7504702103665593,3.574376790456072,-0.3478970896647465,3.075676440716765,-0.1733539578339705,2.513872222293676,-3.4815052341348407,-1.789104184887551
49.0,220.0,1003.4523315429688,-2.5178006669350355,-3.0835693196232,0.7504702103665593,3.574377503493223,-0.3478970896647465,3.075677434005833,-0.1734245406023383,2.515678440708946,-3.481437485876507,-1.7891043301422704
49.0,220.0,1003.4524536132812,-2.514038014786949,-3.0835693196232,0.7504702103665593,3.574377503493223,-0.3478970896647465,3.075677434005833,-0.1734245587271747,2.514001427579239,-3.481440676000984,-1.7891043990842097
49.0,220.0,1003.45458984375,-2.5178006669350355,-3.0835693194791403,0.7504702103665593,3.574374675777303,-0.3478194987222148,3.0755941029016256,-0.1733531107735708,2.5158174361966057,-3.481437485876507,-1.7891160625297613
49.0,220.0,1003.4591674804688,-2.5138465502160856,-3.083569323985308,0.7504702103665593,3.574384737010785,-0.3480264566017658,3.0755629153429425,-0.173424936701671,2.48169293980562,-3.4815066761227498,-1.7891040310482853
49.0,220.0,1003.4617309570312,-2.5138465502160856,-3.083569323985308,0.7504702103665593,3.574384737010785,-0.3480264566017658,3.075566445246381,-0.1734249519699579,2.481866373405336,-3.4815059139355085,-1.7891040310482853
49.0,220.0,1003.4646606445312,-2.514035313474146,-3.083569319645943,0.7504702103665593,3.5744828268899527,-0.3479008292490366,3.075683130922933,-0.1734245319927178,2.4818662914126888,-3.481440965696517,-1.7891059541845082
49.0,220.0,1003.4647216796876,-2.5138465502160856,-3.083569323981199,0.7504702103665593,3.574375421871141,-0.3480264566017658,3.075595292728893,-0.1734249519699579,2.481877924260405,-3.481505490297097,-1.7891525059533615
49.0,220.0,1003.46630859375,-2.5113296204736963,-3.083569319398704,0.7504702103665593,3.5743844578276183,-0.3448283391527996,3.075567219895929,-0.173355323854054,2.51299895978781,-3.481520880930673,-1.7891041646618342
49.0,220.0,1003.4677734375,-2.5138465502160856,-3.0835693195655787,0.7504702103665593,3.574374989561946,-0.3478758420700896,3.07570152252324,-0.1734276569666512,2.4818616118853343,-3.4815056812016643,-1.7891066759576852
49.0,220.0,1003.4678344726562,-2.5138465502160856,-3.0835693243216187,0.7504702103665593,3.574374989561946,-0.3478758420700896,3.07570152252324,-0.1734252944733291,2.481865203823985,-3.4815056812016643,-1.7891066216227427
49.0,220.0,1003.4678344726562,-2.5138466277340927,-3.083569324270768,0.7504702103665593,3.574374989561946,-0.3478758420700896,3.07570152252324,-0.1734252944733291,2.4818647742926867,-3.4815056812016643,-1.7891066216227427
49.0,220.0,1003.4678344726562,-2.5138466277340927,-3.083569324270768,0.7504702103665593,3.574374989561946,-0.3478758420700896,3.07570152252324,-0.1734252944733291,2.4818647742926867,-3.4815056812016643,-1.7891066216227427
49.0,220.0,1003.4684448242188,-2.513808656911765,-3.083569324025145,0.7504702103665593,3.574374989561946,-0.3478758420700896,3.07570152252324,-0.1734249519699579,2.481896890511522,-3.481505684219998,-1.789116165714418
49.0,220.0,1003.4686279296876,-2.513808656911765,-3.083569324245503,0.7504702103665593,3.5743592852711967,-0.3478758420700896,3.07570152252324,-0.1734249519699579,2.4818970013201067,-3.481505682583065,-1.789116165714418
49.0,220.0,1003.4686889648438,-2.5138459708975813,-3.083569324245503,0.7504702103665593,3.5743592852711967,-0.3478758420700896,3.07570152252324,-0.1734249519699579,2.481872601360481,-3.481505682720428,-1.789116165714418
49.0,220.0,1003.46875,-2.5141437434900635,-3.083569319477027,0.7504702103665593,3.574374633107998,-0.3478254994453738,3.0755918896480856,-0.1734239979578746,2.481863006900164,-3.4814386147391803,-1.7891044109360252
49.0,220.0,1003.4692993164062,-2.5138465502160856,-3.0835693241860747,0.7504702103665593,3.574348315460685,-0.3480001942465248,3.07570152252324,-0.1734249519699579,2.481872678853596,-3.4815056812016643,-1.7891544485055713
49.0,220.0,1003.4692993164062,-2.513832830363316,-3.0835693240757376,0.7504702103665593,3.5743203657956126,-0.3480099204402802,3.0757027431092108,-0.1733626428183243,2.4818662914126888,-3.481505510942047,-1.7891545792805623
49.0,220.0,1003.4692993164062,-2.5138465502160856,-3.0835693241860747,0.7504702103665593,3.574348315460685,-0.3480001942465248,3.07570152252324,-0.1734249519699579,2.481872678853596,-3.4815056812016643,-1.7891544485055713
49.0,220.0,1003.4728393554688,-2.514216174642341,-3.083569324534669,0.7504702103665593,3.5743846693648145,-0.3480066361112341,3.075567718926768,-0.1733625157895446,2.4818662914126888,-3.481520880930673,-1.789100853617562
49.0,220.0,1003.4733276367188,-2.5141811647583494,-3.083569319483053,0.7504702103665593,3.5743746286463245,-0.3479089452245311,3.0755904776560183,-0.1733560568940182,2.481864220912599,-3.481505274171817,-1.7891044106669387
49.0,220.0,1003.4742431640624,-2.5141860609092945,-3.083569319484311,0.7504702103665593,3.5743746286463245,-0.3478732463315542,3.0755904776560183,-0.1733560568940182,2.481863006900164,-3.481505274171817,-1.78910433597624
49.0,220.0,1003.4743041992188,-2.5138465502160856,-3.0835693195655787,0.7504702103665593,3.574374989561946,-0.347898506820884,3.07570152252324,-0.1734249519699579,2.482054143324656,-3.4815056812016643,-1.7891066216227427
49.0,220.0,1003.4745483398438,-2.5138465502160856,-3.0835693195655787,0.7504702103665593,3.574374989561946,-0.3478758420700896,3.07570152252324,-0.1734249519699579,2.482054143324656,-3.4815056812016643,-1.7891066216227427
49.0,220.0,1003.4745483398438,-2.5138465502160856,-3.0835693195655787,0.7504702103665593,3.574374989561946,-0.3478758420700896,3.07570152252324,-0.1734249519699579,2.482054143324656,-3.4815056812016643,-1.7891066216227427
49.0,220.0,1003.474609375,-2.51385000045669,-3.0835693195655787,0.7504702103665593,3.574374989561946,-0.3478758420700896,3.07570152252324,-0.1734249519699579,2.482054143324656,-3.4815056812016643,-1.7891066216227427
49.0,220.0,1003.474609375,-2.51385000045669,-3.0835693195655787,0.7504702103665593,3.574374989561946,-0.3478758420700896,3.07570152252324,-0.1734249519699579,2.482054143324656,-3.4815056812016643,-1.7891066216227427
49.0,220.0,1003.4747314453124,-2.51426682957101,-3.0835693242305418,0.7504702103665593,3.5743846693648145,-0.3480106316198316,3.075566659541829,-0.1733739308598728,2.4818662914126888,-3.481520880930673,-1.7891023238732469
49.0,221.0,1003.3884887695312,-2.5178006669350355,-3.0835693196232,0.7504702103665593,3.574377503493223,-0.3448928303719604,3.075677434005833,-0.1734245406023383,2.515678440708946,-3.481437485876507,-1.789104643657134
49.0,221.0,1003.39013671875,-2.5178006669350355,-3.0835693196232,0.7504702103665593,3.574377503493223,-0.3448928303719604,3.0755941029016256,-0.1734241294955689,2.515678440708946,-3.481437485876507,-1.7891160625297613
49.0,221.0,1003.3914794921876,-2.514038014786949,-3.0835693194390434,0.7504702103665593,3.574377503493223,-0.3449974566871208,3.0756695305300683,-0.1733640073024109,2.514001427579239,-3.481440676000984,-1.7891023711692229
49.0,221.0,1003.3929443359376,-2.514038014786949,-3.0835693194390434,0.7504702103665593,3.574377499033099,-0.3451699708884785,3.0756695305300683,-0.1733638637865723,2.514001427579239,-3.481440676000984,-1.7891045147616391
49.0,221.0,1003.4368896484376,-2.513778688860321,-3.0835693196670007,0.7504702103665593,3.5743847332414305,-0.3448928303719604,3.0755941029016256,-0.1734241410330144,2.515678440708946,-3.481437485876507,-1.7891160625297613
49.0,221.0,1003.4382934570312,-2.511260670309185,-3.0835693242305418,0.7504702103665593,3.574385321149018,-0.344959872300779,3.075596562063805,-0.1733739308598728,2.481878310887262,-3.4815050714633604,-1.7891022472694194
49.0,221.0,1003.439697265625,-2.5114547185469163,-3.0835693193994254,0.7504702103665593,3.5743844578276183,-0.344959872300779,3.075567219895929,-0.173355323854054,2.481781468289168,-3.481520880930673,-1.7891041646618342
49.0,221.0,1003.4397583007812,-2.5114547185469163,-3.0835693242305418,0.7504702103665593,3.5743847754447846,-0.344959872300779,3.075567219895929,-0.1733739308598728,2.481781468289168,-3.481520880930673,-1.7891041646618342
49.0,221.0,1003.4398193359376,-2.5114547185469163,-3.0835693242305418,0.7504702103665593,3.5743847754447846,-0.344959872300779,3.075567219895929,-0.1733740388569454,2.481781468289168,-3.481520880930673,-1.7891041646618342
49.0,221.0,1003.4400024414062,-2.51407875669485,-3.0835693194846314,0.7504702103665593,3.574376601300886,-0.3478970896647465,3.075677434005833,-0.1733539146074081,2.514531438622144,-3.4815052341348407,-1.7891043293648357
49.0,221.0,1003.4405517578124,-2.5114547185469163,-3.0835693242305418,0.7504702103665593,3.5743846693648145,-0.344959872300779,3.075567219895929,-0.1733739308598728,2.4818662914126888,-3.481520880930673,-1.7891022472694194
49.0,221.0,1003.440673828125,-2.511461804434066,-3.083569324235316,0.7504702103665593,3.574358818123812,-0.3450649984179726,3.075595079572937,-0.1733622471141302,2.481900359476254,-3.4815052021830217,-1.7891062461604792
49.0,221.0,1003.4407958984376,-2.511453085423588,-3.083569324235316,0.7504702103665593,3.574359031106469,-0.3450649984179726,3.075595079572937,-0.1733571337191904,2.481900739057016,-3.481505205970617,-1.7891159935746173
49.0,221.0,1003.4407958984376,-2.511453085423588,-3.083569324235316,0.7504702103665593,3.574359031106469,-0.3450649984179726,3.075595079572937,-0.1733571337191904,2.481900739057016,-3.481505205970617,-1.7891159935746173
49.0,221.0,1003.4407958984376,-2.511453085423588,-3.083569324235316,0.7504702103665593,3.574359031106469,-0.3450649984179726,3.075595079572937,-0.1733571337191904,2.481900739057016,-3.481505205970617,-1.7891159935746173
49.0,221.0,1003.44091796875,-2.511461804434066,-3.083569324235316,0.7504702103665593,3.574358818123812,-0.3450649984179726,3.075595079572937,-0.1733628060932295,2.481900359476254,-3.481505205970617,-1.7891159935746173
49.0,221.0,1003.44091796875,-2.511461804434066,-3.083569324235316,0.7504702103665593,3.574358818123812,-0.3450649984179726,3.075595079572937,-0.1733628060932295,2.481900359476254,-3.481505205970617,-1.7891159935746173
49.0,221.0,1003.4412841796876,-2.511453120098812,-3.0835693242305418,0.7504702103665593,3.5743846693648145,-0.344959872300779,3.075594596586644,-0.1733739308598728,2.4818662914126888,-3.481520880930673,-1.78910200248223
49.0,221.0,1003.4423828125,-2.5112756685767983,-3.083569324235316,0.7504702103665593,3.574358818123812,-0.3450649984179726,3.0757011911565466,-0.1733628060932295,2.481901550184357,-3.481505205970617,-1.7891066232327777
49.0,221.0,1003.4435424804688,-2.511453085423588,-3.0835693242798707,0.7504702103665593,3.574359031106469,-0.3450649984179726,3.0756798574451683,-0.1733571337191904,2.481900739057016,-3.481505205970617,-1.7891159969167854
49.0,221.0,1003.444091796875,-2.5178006669350355,-3.0835693196232,0.7504702103665593,3.57437696545804,-0.3478970896647465,3.075677434005833,-0.1734295809174732,2.515678440708946,-3.481520901376556,-1.7891043301422704
49.0,221.0,1003.445068359375,-2.514038014786949,-3.0835693196232,0.7504702103665593,3.574377503493223,-0.3478970896647465,3.075677434005833,-0.1733640073024109,2.514001427579239,-3.481440676000984,-1.7891043990842097
49.0,221.0,1003.4462280273438,-2.517838088203321,-3.083569319629226,0.7504702103665593,3.5743774990315487,-0.3478970896647465,3.075676022013765,-0.1733565995384819,2.515678440708946,-3.4815041453091444,-1.789104329873184
49.0,221.0,1003.4462280273438,-2.517838088203321,-3.083569319629226,0.7504702103665593,3.5743774990315487,-0.3478970896647465,3.075676022013765,-0.1733565995384819,2.515678440708946,-3.4815041453091444,-1.789104329873184
49.0,221.0,1003.4478759765624,-2.511632535107257,-3.083569319537665,0.7504702103665593,3.574376790456072,-0.3478970896647465,3.075676440716765,-0.1733539578339705,2.513872222293676,-3.4815052341348407,-1.789104184887551
49.0,221.0,1003.4478759765624,-2.511632535107257,-3.083569319537665,0.7504702103665593,3.574376790456072,-0.3478970896647465,3.075676440716765,-0.1733539578339705,2.513872222293676,-3.4815052341348407,-1.789104184887551
49.0,221.0,1003.4523315429688,-2.5178006669350355,-3.0835693196232,0.7504702103665593,3.574377503493223,-0.3478970896647465,3.075677434005833,-0.1734245406023383,2.515678440708946,-3.481437485876507,-1.7891043301422704
49.0,221.0,1003.4524536132812,-2.514038014786949,-3.0835693196232,0.7504702103665593,3.574377503493223,-0.3478970896647465,3.075677434005833,-0.1734245587271747,2.514001427579239,-3.481440676000984,-1.7891043990842097
49.0,221.0,1003.4527587890624,-2.513852627609749,-3.083569319735728,0.7504702103665593,3.574377503493223,-0.3478970896647465,3.075677466093189,-0.1734245663514979,2.514001427579239,-3.481440676000984,-1.789104038301586
49.0,221.0,1003.45458984375,-2.5178006669350355,-3.0835693194791403,0.7504702103665593,3.574374675777303,-0.3478194987222148,3.0755941029016256,-0.1733531107735708,2.5158174361966057,-3.481437485876507,-1.7891160625297613
49.0,221.0,1003.4591674804688,-2.5138465502160856,-3.083569323985308,0.7504702103665593,3.574384737010785,-0.3480264566017658,3.0755629153429425,-0.173424936701671,2.48169293980562,-3.4815066761227498,-1.7891040310482853
49.0,221.0,1003.4617309570312,-2.5138465502160856,-3.083569323985308,0.7504702103665593,3.574384737010785,-0.3480264566017658,3.075566445246381,-0.1734249519699579,2.481866373405336,-3.4815059139355085,-1.7891040310482853
49.0,221.0,1003.4619750976562,-2.5138465502160856,-3.083569323988288,0.7504702103665593,3.574385351713558,-0.3480264566017658,3.075566445246381,-0.173425279319396,2.4818794456523343,-3.4815059139355085,-1.7891022855562633
49.0,221.0,1003.4627685546876,-2.513808656911765,-3.083569324479264,0.7504702103665593,3.574374989561946,-0.3478758420700896,3.0755705463655216,-0.1734249519699579,2.481866589510535,-3.481505684219998,-1.789116165714418
49.0,221.0,1003.4642944335938,-2.5138699963858184,-3.083569323900877,0.7504702103665593,3.574376601300886,-0.3478970896647465,3.075677434005833,-0.1733539146074081,2.4817293322620624,-3.4815052058206826,-1.7891161825908843
49.0,221.0,1003.4646606445312,-2.514035313474146,-3.083569319645943,0.7504702103665593,3.5744828268899527,-0.3479008292490366,3.075683130922933,-0.1734245319927178,2.4818662914126888,-3.481440965696517,-1.7891059541845082
49.0,221.0,1003.4647216796876,-2.5138465502160856,-3.083569323981199,0.7504702103665593,3.574375421871141,-0.3480264566017658,3.075595292728893,-0.1734249519699579,2.481877924260405,-3.481505490297097,-1.7891525059533615
49.0,221.0,1003.46630859375,-2.5113296204736963,-3.083569319398704,0.7504702103665593,3.5743844578276183,-0.3448283391527996,3.075567219895929,-0.173355323854054,2.51299895978781,-3.481520880930673,-1.7891041646618342
49.0,221.0,1003.4677734375,-2.5138465502160856,-3.0835693195655787,0.7504702103665593,3.574374989561946,-0.3478758420700896,3.07570152252324,-0.1734276569666512,2.4818616118853343,-3.4815056812016643,-1.7891066759576852
49.0,221.0,1003.4678344726562,-2.5138465502160856,-3.0835693243216187,0.7504702103665593,3.574374989561946,-0.3478758420700896,3.07570152252324,-0.1734252944733291,2.481865203823985,-3.4815056812016643,-1.7891066216227427
49.0,221.0,1003.4678344726562,-2.5138466277340927,-3.083569324270768,0.7504702103665593,3.574374989561946,-0.3478758420700896,3.07570152252324,-0.1734252944733291,2.4818647742926867,-3.4815056812016643,-1.7891066216227427
49.0,221.0,1003.4678344726562,-2.5138466277340927,-3.083569324270768,0.7504702103665593,3.574374989561946,-0.3478758420700896,3.07570152252324,-0.1734252944733291,2.4818647742926867,-3.4815056812016643,-1.7891066216227427
49.0,221.0,1003.4684448242188,-2.513808656911765,-3.083569324025145,0.7504702103665593,3.574374989561946,-0.3478758420700896,3.07570152252324,-0.1734249519699579,2.481896890511522,-3.481505684219998,-1.789116165714418
49.0,221.0,1003.4686279296876,-2.513808656911765,-3.083569324245503,0.7504702103665593,3.5743592852711967,-0.3478758420700896,3.07570152252324,-0.1734249519699579,2.4818970013201067,-3.481505682583065,-1.789116165714418
49.0,221.0,1003.4686889648438,-2.5138459708975813,-3.083569324245503,0.7504702103665593,3.5743592852711967,-0.3478758420700896,3.07570152252324,-0.1734249519699579,2.481872601360481,-3.481505682720428,-1.789116165714418
49.0,221.0,1003.46875,-2.5141437434900635,-3.083569319477027,0.7504702103665593,3.574374633107998,-0.3478254994453738,3.0755918896480856,-0.1734239979578746,2.481863006900164,-3.4814386147391803,-1.7891044109360252
49.0,221.0,1003.4692993164062,-2.5138465502160856,-3.0835693241860747,0.7504702103665593,3.574348315460685,-0.3480001942465248,3.07570152252324,-0.1734249519699579,2.481872678853596,-3.4815056812016643,-1.7891544485055713
49.0,221.0,1003.4692993164062,-2.513832830363316,-3.0835693240757376,0.7504702103665593,3.5743203657956126,-0.3480099204402802,3.0757027431092108,-0.1733626428183243,2.4818662914126888,-3.481505510942047,-1.7891545792805623
49.0,221.0,1003.4692993164062,-2.5138465502160856,-3.0835693241860747,0.7504702103665593,3.574348315460685,-0.3480001942465248,3.07570152252324,-0.1734249519699579,2.481872678853596,-3.4815056812016643,-1.7891544485055713
49.0,221.0,1003.47021484375,-2.5138465502160856,-3.0835693241860747,0.7504702103665593,3.574348315460685,-0.3480360246763281,3.07570152252324,-0.1733632152666554,2.481902144409991,-3.4815056812016643,-1.7891544485055713
49.0,222.0,1003.3880615234376,-2.513778688860321,-3.0835693196670007,0.7504702103665593,3.574377487670669,-0.3448928303719604,3.0755941029016256,-0.1734241410330144,2.5140077351315484,-3.481440349512907,-1.7891160625297613
49.0,222.0,1003.3884887695312,-2.5178006669350355,-3.0835693196232,0.7504702103665593,3.574377503493223,-0.3448928303719604,3.075677434005833,-0.1734245406023383,2.515678440708946,-3.481437485876507,-1.789104643657134
49.0,222.0,1003.39013671875,-2.5178006669350355,-3.0835693196232,0.7504702103665593,3.574377503493223,-0.3448928303719604,3.0755941029016256,-0.1734241294955689,2.515678440708946,-3.481437485876507,-1.7891160625297613
49.0,222.0,1003.3914184570312,-2.514038014786949,-3.0835693194390434,0.7504702103665593,3.5743775034972334,-0.3449974566871208,3.0756695305300683,-0.1733640073024109,2.513992060375098,-3.481440676000984,-1.7891023711692229
49.0,222.0,1003.3914794921876,-2.514038014786949,-3.0835693194390434,0.7504702103665593,3.574377503493223,-0.3449974566871208,3.0756695305300683,-0.1733640073024109,2.514001427579239,-3.481440676000984,-1.7891023711692229
49.0,222.0,1003.3923950195312,-2.5178006669350355,-3.083569319628733,0.7504702103665593,3.5743774990831074,-0.3448928303719604,3.075590657203724,-0.1733552200778705,2.515678440708946,-3.4814373729686183,-1.7891042842418088
49.0,222.0,1003.3929443359376,-2.514038014786949,-3.0835693194390434,0.7504702103665593,3.574377499033099,-0.3451699708884785,3.0756695305300683,-0.1733638637865723,2.514001427579239,-3.481440676000984,-1.7891045147616391
49.0,222.0,1003.4368896484376,-2.513778688860321,-3.0835693196670007,0.7504702103665593,3.5743847332414305,-0.3448928303719604,3.0755941029016256,-0.1734241410330144,2.515678440708946,-3.481437485876507,-1.7891160625297613
49.0,222.0,1003.4368896484376,-2.513778688860321,-3.0835693196670007,0.7504702103665593,3.5743847332414305,-0.3448928303719604,3.0755941029016256,-0.1734241410330144,2.515678440708946,-3.481437485876507,-1.7891160625297613
49.0,222.0,1003.4382934570312,-2.511260670309185,-3.0835693242305418,0.7504702103665593,3.574385321149018,-0.344959872300779,3.075596562063805,-0.1733739308598728,2.481878310887262,-3.4815050714633604,-1.7891022472694194
49.0,222.0,1003.439697265625,-2.5114547185469163,-3.0835693193994254,0.7504702103665593,3.5743844578276183,-0.344959872300779,3.075567219895929,-0.173355323854054,2.481781468289168,-3.481520880930673,-1.7891041646618342
49.0,222.0,1003.439697265625,-2.5114547185469163,-3.0835693193994254,0.7504702103665593,3.5743844578276183,-0.344959872300779,3.075567219895929,-0.173355323854054,2.481781468289168,-3.481520880930673,-1.7891041646618342
49.0,222.0,1003.4397583007812,-2.5114547185469163,-3.0835693242305418,0.7504702103665593,3.5743847754447846,-0.344959872300779,3.075567219895929,-0.1733739308598728,2.481781468289168,-3.481520880930673,-1.7891041646618342
49.0,222.0,1003.4398193359376,-2.5114547185469163,-3.0835693242305418,0.7504702103665593,3.5743847754447846,-0.344959872300779,3.075567219895929,-0.1733740388569454,2.481781468289168,-3.481520880930673,-1.7891041646618342
49.0,222.0,1003.4398193359376,-2.5114547185469163,-3.0835693242305418,0.7504702103665593,3.5743847754447846,-0.344959872300779,3.075567219895929,-0.1733740388569454,2.481781468289168,-3.481520880930673,-1.7891041646618342
49.0,222.0,1003.4400024414062,-2.51407875669485,-3.0835693194846314,0.7504702103665593,3.574376601300886,-0.3478970896647465,3.075677434005833,-0.1733539146074081,2.514531438622144,-3.4815052341348407,-1.7891043293648357
49.0,222.0,1003.4405517578124,-2.5114547185469163,-3.0835693242305418,0.7504702103665593,3.5743846693648145,-0.344959872300779,3.075567219895929,-0.1733739308598728,2.4818662914126888,-3.481520880930673,-1.7891022472694194
49.0,222.0,1003.4406127929688,-2.511453085423588,-3.083569324235316,0.7504702103665593,3.5743831321862816,-0.3450649984179726,3.075595079572937,-0.173348924496913,2.4818997121534023,-3.481505205970617,-1.7891159935746173
49.0,222.0,1003.440673828125,-2.511461804434066,-3.083569324235316,0.7504702103665593,3.574358818123812,-0.3450649984179726,3.075595079572937,-0.1733622471141302,2.481900359476254,-3.4815052021830217,-1.7891062461604792
49.0,222.0,1003.4407958984376,-2.511453085423588,-3.083569324235316,0.7504702103665593,3.574359031106469,-0.3450649984179726,3.075595079572937,-0.1733571337191904,2.481900739057016,-3.481505205970617,-1.7891159935746173
49.0,222.0,1003.4407958984376,-2.511453085423588,-3.083569324235316,0.7504702103665593,3.574359031106469,-0.3450649984179726,3.075595079572937,-0.1733571337191904,2.481900739057016,-3.481505205970617,-1.7891159935746173
49.0,222.0,1003.4407958984376,-2.511453085423588,-3.083569324235316,0.7504702103665593,3.574359031106469,-0.3450649984179726,3.075595079572937,-0.1733571337191904,2.481900739057016,-3.481505205970617,-1.7891159935746173
49.0,222.0,1003.44091796875,-2.511461804434066,-3.083569324235316,0.7504702103665593,3.574358818123812,-0.3450649984179726,3.075595079572937,-0.1733628060932295,2.481900359476254,-3.481505205970617,-1.7891159935746173
49.0,222.0,1003.44091796875,-2.511461804434066,-3.083569324235316,0.7504702103665593,3.574358818123812,-0.3450649984179726,3.075595079572937,-0.1733628060932295,2.481900359476254,-3.481505205970617,-1.7891159935746173
49.0,222.0,1003.44091796875,-2.511461804434066,-3.083569324235316,0.7504702103665593,3.574358818123812,-0.3450649984179726,3.075595079572937,-0.1733628060932295,2.481900359476254,-3.481505205970617,-1.7891159935746173
49.0,222.0,1003.4412231445312,-2.5114616083328007,-3.083569324284288,0.7504702103665593,3.574359031106469,-0.3450649984179726,3.075603696421531,-0.1733621170610419,2.481900359279241,-3.4815052059622924,-1.7891162609096205
49.0,222.0,1003.4412231445312,-2.5114531193245937,-3.0835693242798707,0.7504702103665593,3.5743912486211284,-0.3449610459805548,3.075597566753009,-0.1733570892899597,2.481900739057016,-3.481505205970617,-1.7891159969167854
49.0,222.0,1003.4412841796876,-2.511453120098812,-3.0835693242305418,0.7504702103665593,3.5743846693648145,-0.344959872300779,3.075594596586644,-0.1733739308598728,2.4818662914126888,-3.481520880930673,-1.78910200248223
49.0,222.0,1003.4423828125,-2.5112756685767983,-3.083569324235316,0.7504702103665593,3.574358818123812,-0.3450649984179726,3.0757011911565466,-0.1733628060932295,2.481901550184357,-3.481505205970617,-1.7891066232327777
49.0,222.0,1003.4429931640624,-2.5114532815248536,-3.0835693242308992,0.7504702103665593,3.574358818123812,-0.3450649984179726,3.0756712405965745,-0.1733572637722787,2.481900739254029,-3.481505202191346,-1.7891059821676438
49.0,222.0,1003.4435424804688,-2.511453085423588,-3.0835693242798707,0.7504702103665593,3.574359031106469,-0.3450649984179726,3.0756798574451683,-0.1733571337191904,2.481900739057016,-3.481505205970617,-1.7891159969167854
49.0,222.0,1003.443603515625,-2.511453086197806,-3.0835693242305418,0.7504702103665593,3.574352451850156,-0.3450638247381969,3.075676887278803,-0.1733739752891036,2.4818662914126888,-3.481520880930673,-1.78910200248223
49.0,222.0,1003.444091796875,-2.5178006669350355,-3.0835693196232,0.7504702103665593,3.57437696545804,-0.3478970896647465,3.075677434005833,-0.1734295809174732,2.515678440708946,-3.481520901376556,-1.7891043301422704
49.0,222.0,1003.4449462890624,-2.514038014786949,-3.0835693196232,0.7504702103665593,3.574377499088171,-0.3478970896647465,3.075669449862996,-0.1733640024178444,2.514001427579239,-3.481440676000984,-1.789104502710778
49.0,222.0,1003.445068359375,-2.514038014786949,-3.0835693196232,0.7504702103665593,3.574377503493223,-0.3478970896647465,3.075677434005833,-0.1733640073024109,2.514001427579239,-3.481440676000984,-1.7891043990842097
49.0,222.0,1003.446044921875,-2.517838088203321,-3.083569319629226,0.7504702103665593,3.5743774990275377,-0.3478970896647465,3.075676022013765,-0.1733565995384819,2.515687807913088,-3.4815041453091444,-1.789104329873184
49.0,222.0,1003.4462280273438,-2.517838088203321,-3.083569319629226,0.7504702103665593,3.5743774990315487,-0.3478970896647465,3.075676022013765,-0.1733565995384819,2.515678440708946,-3.4815041453091444,-1.789104329873184
49.0,222.0,1003.4462280273438,-2.517838088203321,-3.083569319629226,0.7504702103665593,3.5743774990315487,-0.3478970896647465,3.075676022013765,-0.1733565995384819,2.515678440708946,-3.4815041453091444,-1.789104329873184
49.0,222.0,1003.4478759765624,-2.511632535107257,-3.083569319537665,0.7504702103665593,3.574376790456072,-0.3478970896647465,3.075676440716765,-0.1733539578339705,2.513872222293676,-3.4815052341348407,-1.789104184887551
49.0,222.0,1003.4478759765624,-2.511632535107257,-3.083569319537665,0.7504702103665593,3.574376790456072,-0.3478970896647465,3.075676440716765,-0.1733539578339705,2.513872222293676,-3.4815052341348407,-1.789104184887551
49.0,222.0,1003.4480590820312,-2.511461804434066,-3.083569324235316,0.7504702103665593,3.5743582857948786,-0.34505780280987,3.07559503831936,-0.1733628060932295,2.4811968839613248,-3.481521293932203,-1.7891159935746173
49.0,222.0,1003.451171875,-2.514064072991957,-3.083569324238239,0.7504702103665593,3.574378062624013,-0.3478571724007002,3.075677434005833,-0.1734245587271747,2.514001427579239,-3.481520588684151,-1.7891044729913088
49.0,222.0,1003.4523315429688,-2.5178006669350355,-3.0835693196232,0.7504702103665593,3.574377503493223,-0.3478970896647465,3.075677434005833,-0.1734245406023383,2.515678440708946,-3.481437485876507,-1.7891043301422704
49.0,222.0,1003.4524536132812,-2.514038014786949,-3.0835693196232,0.7504702103665593,3.574377503493223,-0.3478970896647465,3.075677434005833,-0.1734245587271747,2.514001427579239,-3.481440676000984,-1.7891043990842097
49.0,222.0,1003.4527587890624,-2.513852627609749,-3.083569319735728,0.7504702103665593,3.574377503493223,-0.3478970896647465,3.075677466093189,-0.1734245663514979,2.514001427579239,-3.481440676000984,-1.789104038301586
49.0,222.0,1003.45458984375,-2.5178006669350355,-3.0835693194791403,0.7504702103665593,3.574374675777303,-0.3478194987222148,3.0755941029016256,-0.1733531107735708,2.5158174361966057,-3.481437485876507,-1.7891160625297613
49.0,222.0,1003.4591674804688,-2.5138465502160856,-3.083569323985308,0.7504702103665593,3.574384737010785,-0.3480264566017658,3.0755629153429425,-0.173424936701671,2.48169293980562,-3.4815066761227498,-1.7891040310482853
49.0,222.0,1003.4617309570312,-2.5138465502160856,-3.083569323985308,0.7504702103665593,3.574384737010785,-0.3480264566017658,3.075566445246381,-0.1734249519699579,2.481866373405336,-3.4815059139355085,-1.7891040310482853
49.0,222.0,1003.4619750976562,-2.5138465502160856,-3.083569323988288,0.7504702103665593,3.574385351713558,-0.3480264566017658,3.075566445246381,-0.173425279319396,2.4818794456523343,-3.4815059139355085,-1.7891022855562633
49.0,222.0,1003.4627685546876,-2.513808656911765,-3.083569324479264,0.7504702103665593,3.574374989561946,-0.3478758420700896,3.0755705463655216,-0.1734249519699579,2.481866589510535,-3.481505684219998,-1.789116165714418
49.0,223.0,1003.375244140625,-2.511347641037315,-3.083569324284288,0.7504702103665593,3.574377771450331,-0.3448842923256348,3.075603701593137,-0.1733700554133474,2.514193414720304,-3.4814415695099266,-1.7891162609096205
49.0,223.0,1003.3786010742188,-2.5114547185469163,-3.0835693242305418,0.7504702103665593,3.5743847754447846,-0.3449597200900562,3.075567219895929,-0.1733740388569454,2.514549593769228,-3.481520880930673,-1.7891023579132117
49.0,223.0,1003.3880615234376,-2.513778688860321,-3.0835693196670007,0.7504702103665593,3.574377487670669,-0.3448928303719604,3.0755941029016256,-0.1734241410330144,2.5140077351315484,-3.481440349512907,-1.7891160625297613
49.0,223.0,1003.3880615234376,-2.513778688860321,-3.0835693196670007,0.7504702103665593,3.574377487670669,-0.3448928303719604,3.0755941029016256,-0.1734241410330144,2.5140077351315484,-3.481440349512907,-1.7891160625297613
49.0,223.0,1003.3884887695312,-2.5178006669350355,-3.0835693196232,0.7504702103665593,3.574377503493223,-0.3448928303719604,3.075677434005833,-0.1734245406023383,2.515678440708946,-3.481437485876507,-1.789104643657134
49.0,223.0,1003.3884887695312,-2.5178006669350355,-3.0835693196232,0.7504702103665593,3.574377503493223,-0.3448928303719604,3.075676083828536,-0.1734245406023383,2.515678440708946,-3.481437485876507,-1.789104643657134
49.0,223.0,1003.39013671875,-2.5178006669350355,-3.0835693196232,0.7504702103665593,3.574377503493223,-0.3448928303719604,3.0755941029016256,-0.1734241294955689,2.515678440708946,-3.481437485876507,-1.7891160625297613
49.0,223.0,1003.3914184570312,-2.514038014786949,-3.0835693194390434,0.7504702103665593,3.5743775034972334,-0.3449974566871208,3.0756695305300683,-0.1733640073024109,2.513992060375098,-3.481440676000984,-1.7891023711692229
49.0,223.0,1003.3914794921876,-2.514038014786949,-3.0835693194390434,0.7504702103665593,3.574377503493223,-0.3449974566871208,3.0756695305300683,-0.1733640073024109,2.514001427579239,-3.481440676000984,-1.7891023711692229
49.0,223.0,1003.3914794921876,-2.511418377482579,-3.0835693195694622,0.7504702103665593,3.5743847332414305,-0.3448977587340115,3.0755941029016256,-0.1734241410330144,2.5139651420203086,-3.4814364775074496,-1.7891160625297613
49.0,223.0,1003.3916625976562,-2.514038014786949,-3.0835693194390434,0.7504702103665593,3.574377499033099,-0.3450052629584566,3.0756695305300683,-0.1733638637865723,2.514001427579239,-3.481440676000984,-1.7891045147616391
49.0,223.0,1003.3923950195312,-2.5178006669350355,-3.083569319628733,0.7504702103665593,3.5743774990831074,-0.3448928303719604,3.075590657203724,-0.1733552200778705,2.515678440708946,-3.4814373729686183,-1.7891042842418088
49.0,223.0,1003.3929443359376,-2.514038014786949,-3.0835693194390434,0.7504702103665593,3.574377499033099,-0.3451699708884785,3.0756695305300683,-0.1733638637865723,2.514001427579239,-3.481440676000984,-1.7891045147616391
49.0,223.0,1003.4239501953124,-2.518627221806564,-3.0835693196232,0.7504702103665593,3.574377503493223,-0.3448928303719604,3.0755941029016256,-0.1734241294955689,2.515678440708946,-3.481437485876507,-1.7891160625297613
49.0,223.0,1003.4368896484376,-2.513778688860321,-3.0835693196670007,0.7504702103665593,3.5743847332414305,-0.3448928303719604,3.0755941029016256,-0.1734241410330144,2.515678440708946,-3.481437485876507,-1.7891160625297613
49.0,223.0,1003.4368896484376,-2.513778688860321,-3.0835693196670007,0.7504702103665593,3.5743847332414305,-0.3448928303719604,3.0755941029016256,-0.1734241410330144,2.515678440708946,-3.481437485876507,-1.7891160625297613
49.0,223.0,1003.4371337890624,-2.513852147078786,-3.083569319627696,0.7504702103665593,3.57438449177886,-0.3448928303719604,3.0755941029016256,-0.1734241294955689,2.515678440708946,-3.481437485876507,-1.7891160625297613
49.0,223.0,1003.4382934570312,-2.511260670309185,-3.0835693242305418,0.7504702103665593,3.574385321149018,-0.344959872300779,3.075596562063805,-0.1733739308598728,2.481878310887262,-3.4815050714633604,-1.7891022472694194
49.0,223.0,1003.4386596679688,-2.5112669211312486,-3.083569324279804,0.7504702103665593,3.574358818123812,-0.3450649984179726,3.075587917209308,-0.1733628060932295,2.481901550184357,-3.481505205970617,-1.7891066232327777
49.0,223.0,1003.4396362304688,-2.5113838405871824,-3.083569324235316,0.7504702103665593,3.574375971347544,-0.3450388122720353,3.075593383418328,-0.1733571337191904,2.481900739057016,-3.481505205970617,-1.7891052296440633
49.0,223.0,1003.439697265625,-2.5114547185469163,-3.0835693193994254,0.7504702103665593,3.5743844578276183,-0.344959872300779,3.075567219895929,-0.173355323854054,2.481781468289168,-3.481520880930673,-1.7891041646618342
49.0,223.0,1003.439697265625,-2.5114547185469163,-3.0835693193994254,0.7504702103665593,3.5743844578276183,-0.344959872300779,3.075567219895929,-0.173355323854054,2.481781468289168,-3.481520880930673,-1.7891041646618342
49.0,223.0,1003.4397583007812,-2.5114547185469163,-3.0835693242305418,0.7504702103665593,3.5743847754447846,-0.344959872300779,3.075567219895929,-0.1733739308598728,2.481781468289168,-3.481520880930673,-1.7891041646618342
49.0,223.0,1003.4398193359376,-2.5114547185469163,-3.0835693242305418,0.7504702103665593,3.5743847754447846,-0.344959872300779,3.075567219895929,-0.1733740388569454,2.481781468289168,-3.481520880930673,-1.7891041646618342
49.0,223.0,1003.4398193359376,-2.5114547185469163,-3.0835693242305418,0.7504702103665593,3.5743847754447846,-0.344959872300779,3.075567219895929,-0.1733740388569454,2.481781468289168,-3.481520880930673,-1.7891041646618342
49.0,223.0,1003.4400024414062,-2.51407875669485,-3.0835693194846314,0.7504702103665593,3.574376601300886,-0.3478970896647465,3.075677434005833,-0.1733539146074081,2.514531438622144,-3.4815052341348407,-1.7891043293648357
49.0,223.0,1003.4400024414062,-2.5114547185469163,-3.0835693193994254,0.7504702103665593,3.5743579611656773,-0.3449602564113211,3.075567219895929,-0.173355323854054,2.481781468289168,-3.481520880930673,-1.7891041646618342
49.0,223.0,1003.4401245117188,-2.5114616083328007,-3.0835693242836464,0.7504702103665593,3.574359031106469,-0.3450649984179726,3.075567223407964,-0.1733621170610419,2.481900359279241,-3.4815052059622924,-1.7891162609096205
49.0,223.0,1003.4405517578124,-2.5114547185469163,-3.0835693242305418,0.7504702103665593,3.5743846693648145,-0.344959872300779,3.075567219895929,-0.1733739308598728,2.4818662914126888,-3.481520880930673,-1.7891022472694194
49.0,223.0,1003.4406127929688,-2.511453085423588,-3.083569324235316,0.7504702103665593,3.5743831321862816,-0.3450649984179726,3.075595079572937,-0.173348924496913,2.4818997121534023,-3.481505205970617,-1.7891159935746173
49.0,223.0,1003.440673828125,-2.511461804434066,-3.083569324235316,0.7504702103665593,3.574358818123812,-0.3450649984179726,3.075595079572937,-0.1733622471141302,2.481900359476254,-3.4815052021830217,-1.7891062461604792
49.0,223.0,1003.4407958984376,-2.511453085423588,-3.083569324235316,0.7504702103665593,3.574359031106469,-0.3450649984179726,3.075595079572937,-0.1733571337191904,2.481900739057016,-3.481505205970617,-1.7891159935746173
49.0,223.0,1003.4407958984376,-2.511453085423588,-3.083569324235316,0.7504702103665593,3.574359031106469,-0.3450649984179726,3.075595079572937,-0.1733571337191904,2.481900739057016,-3.481505205970617,-1.7891159935746173
49.0,223.0,1003.4407958984376,-2.511453085423588,-3.083569324235316,0.7504702103665593,3.574359031106469,-0.3450649984179726,3.075595079572937,-0.1733571337191904,2.481900739057016,-3.481505205970617,-1.7891159935746173
49.0,223.0,1003.44091796875,-2.511461804434066,-3.083569324235316,0.7504702103665593,3.574358818123812,-0.3450649984179726,3.075595079572937,-0.1733628060932295,2.481900359476254,-3.481505205970617,-1.7891159935746173
49.0,223.0,1003.44091796875,-2.511461804434066,-3.083569324235316,0.7504702103665593,3.574358818123812,-0.3450649984179726,3.075595079572937,-0.1733628060932295,2.481900359476254,-3.481505205970617,-1.7891159935746173
49.0,223.0,1003.44091796875,-2.511461804434066,-3.083569324235316,0.7504702103665593,3.574358818123812,-0.3450649984179726,3.075595079572937,-0.1733628060932295,2.481900359476254,-3.481505205970617,-1.7891159935746173
49.0,223.0,1003.44091796875,-2.5114619985920084,-3.083569324235316,0.7504702103665593,3.5743588306830345,-0.3450649984179726,3.075595079572937,-0.173363001140449,2.481900381113065,-3.481505205970617,-1.7891159935746173
49.0,223.0,1003.4412231445312,-2.5114616083328007,-3.083569324284288,0.7504702103665593,3.574359031106469,-0.3450649984179726,3.075603696421531,-0.1733621170610419,2.481900359279241,-3.4815052059622924,-1.7891162609096205
49.0,223.0,1003.4412231445312,-2.5114531193245937,-3.0835693242798707,0.7504702103665593,3.5743912486211284,-0.3449610459805548,3.075597566753009,-0.1733570892899597,2.481900739057016,-3.481505205970617,-1.7891159969167854
49.0,223.0,1003.4412841796876,-2.511453120098812,-3.0835693242305418,0.7504702103665593,3.5743846693648145,-0.344959872300779,3.075594596586644,-0.1733739308598728,2.4818662914126888,-3.481520880930673,-1.78910200248223
49.0,223.0,1003.4415893554688,-2.5114547185469163,-3.0835693242311826,0.7504702103665593,3.5743846693648145,-0.344959872300779,3.075603692909496,-0.1733739308598728,2.4818662914126888,-3.481520880930673,-1.7891022472694194
49.0,223.0,1003.4423828125,-2.5112756685767983,-3.083569324235316,0.7504702103665593,3.574358818123812,-0.3450649984179726,3.0757011911565466,-0.1733628060932295,2.481901550184357,-3.481505205970617,-1.7891066232327777
49.0,223.0,1003.4429931640624,-2.5114532815248536,-3.0835693242308992,0.7504702103665593,3.574358818123812,-0.3450649984179726,3.0756712405965745,-0.1733572637722787,2.481900739254029,-3.481505202191346,-1.7891059821676438
49.0,223.0,1003.4435424804688,-2.511453085423588,-3.0835693242798707,0.7504702103665593,3.574359031106469,-0.3450649984179726,3.0756798574451683,-0.1733571337191904,2.481900739057016,-3.481505205970617,-1.7891159969167854
49.0,223.0,1003.443603515625,-2.511453086197806,-3.0835693242305418,0.7504702103665593,3.574352451850156,-0.3450638247381969,3.075676887278803,-0.1733739752891036,2.4818662914126888,-3.481520880930673,-1.78910200248223
49.0,223.0,1003.444091796875,-2.5178006669350355,-3.0835693196232,0.7504702103665593,3.57437696545804,-0.3478970896647465,3.075677434005833,-0.1734295809174732,2.515678440708946,-3.481520901376556,-1.7891043301422704
49.0,223.0,1003.4449462890624,-2.514038014786949,-3.0835693196232,0.7504702103665593,3.574377499088171,-0.3478970896647465,3.075669449862996,-0.1733640024178444,2.514001427579239,-3.481440676000984,-1.789104502710778
49.0,223.0,1003.445068359375,-2.514038014786949,-3.0835693196232,0.7504702103665593,3.574377503493223,-0.3478970896647465,3.075677434005833,-0.1733640073024109,2.514001427579239,-3.481440676000984,-1.7891043990842097
49.0,223.0,1003.4451904296876,-2.5114618667701434,-3.0835693242353828,0.7504702103665593,3.5743912486211284,-0.3449610459805548,3.075710840700248,-0.1733570892899597,2.481900739057016,-3.481505205970617,-1.7891159969167854
49.0,224.0,1003.374267578125,-2.51134873995314,-3.083569324284288,0.7504702103665593,3.574384871547472,-0.3448842923256348,3.075603701593137,-0.1733700558798021,2.5142739084968966,-3.4814415695099266,-1.7891162609096205
49.0,224.0,1003.3751220703124,-2.511347641037315,-3.083569324284288,0.7504702103665593,3.574377793406593,-0.3448842923256348,3.075603701593137,-0.1733728451562125,2.5142113145837763,-3.4814415334106856,-1.78911607598492
49.0,224.0,1003.375244140625,-2.511347641037315,-3.083569324284288,0.7504702103665593,3.574377771450331,-0.3448842923256348,3.075603701593137,-0.1733700554133474,2.514193414720304,-3.4814415695099266,-1.7891162609096205
49.0,224.0,1003.3786010742188,-2.5114547185469163,-3.0835693242305418,0.7504702103665593,3.5743847754447846,-0.3449597200900562,3.075567219895929,-0.1733740388569454,2.514549593769228,-3.481520880930673,-1.7891023579132117
49.0,224.0,1003.3837890625,-2.5177460290198392,-3.0835693196232,0.7504702103665593,3.5743774992300645,-0.3451724310382748,3.075676083828536,-0.1734245406023383,2.515678440708946,-3.481437485876507,-1.789104644358293
49.0,224.0,1003.3880615234376,-2.513778688860321,-3.0835693196670007,0.7504702103665593,3.574377487670669,-0.3448928303719604,3.0755941029016256,-0.1734241410330144,2.5140077351315484,-3.481440349512907,-1.7891160625297613
49.0,224.0,1003.3880615234376,-2.513778688860321,-3.0835693196670007,0.7504702103665593,3.574377487670669,-0.3448928303719604,3.0755941029016256,-0.1734241410330144,2.5140077351315484,-3.481440349512907,-1.7891160625297613
49.0,224.0,1003.3884887695312,-2.5178006669350355,-3.0835693196232,0.7504702103665593,3.574377503493223,-0.3448928303719604,3.075677434005833,-0.1734245406023383,2.515678440708946,-3.481437485876507,-1.789104643657134
49.0,224.0,1003.3884887695312,-2.5178006669350355,-3.0835693196232,0.7504702103665593,3.574377503493223,-0.3448928303719604,3.075676083828536,-0.1734245406023383,2.515678440708946,-3.481437485876507,-1.789104643657134
49.0,224.0,1003.3894653320312,-2.5177045092109327,-3.0835693243087943,0.7504702103665593,3.574359619139221,-0.3448928303719604,3.0755941029016256,-0.1734241294955689,2.515678440708946,-3.481437485876507,-1.7891160625297613
49.0,224.0,1003.39013671875,-2.5178006669350355,-3.0835693196232,0.7504702103665593,3.574377503493223,-0.3448928303719604,3.0755941029016256,-0.1734241294955689,2.515678440708946,-3.481437485876507,-1.7891160625297613
49.0,224.0,1003.3914184570312,-2.514038014786949,-3.0835693194390434,0.7504702103665593,3.5743775034972334,-0.3449974566871208,3.0756695305300683,-0.1733640073024109,2.513992060375098,-3.481440676000984,-1.7891023711692229
49.0,224.0,1003.3914794921876,-2.514038014786949,-3.0835693194390434,0.7504702103665593,3.574377503493223,-0.3449974566871208,3.0756695305300683,-0.1733640073024109,2.514001427579239,-3.481440676000984,-1.7891023711692229
49.0,224.0,1003.3914794921876,-2.511418377482579,-3.0835693195694622,0.7504702103665593,3.5743847332414305,-0.3448977587340115,3.0755941029016256,-0.1734241410330144,2.5139651420203086,-3.4814364775074496,-1.7891160625297613
49.0,224.0,1003.3916015625,-2.514033466009288,-3.083569319627696,0.7504702103665593,3.5743774804733985,-0.3449983781428647,3.0755941029016256,-0.1734253559287706,2.514014646165033,-3.481437485876507,-1.7891160625297613
49.0,224.0,1003.3916625976562,-2.514038014786949,-3.0835693194390434,0.7504702103665593,3.574377499033099,-0.3450052629584566,3.0756695305300683,-0.1733638637865723,2.514001427579239,-3.481440676000984,-1.7891045147616391
49.0,224.0,1003.3923950195312,-2.5178006669350355,-3.083569319628733,0.7504702103665593,3.5743774990831074,-0.3448928303719604,3.075590657203724,-0.1733552200778705,2.515678440708946,-3.4814373729686183,-1.7891042842418088
49.0,224.0,1003.3929443359376,-2.514038014786949,-3.0835693194390434,0.7504702103665593,3.574377499033099,-0.3451699708884785,3.0756695305300683,-0.1733638637865723,2.514001427579239,-3.481440676000984,-1.7891045147616391
49.0,224.0,1003.3973388671876,-2.513961196906152,-3.0835693240968824,0.7504702103665593,3.574377503493223,-0.3450649651483091,3.0756695305300683,-0.1733640073024109,2.514001427579239,-3.4815040755689703,-1.7891023711692229
49.0,224.0,1003.4157104492188,-2.5115393609450503,-3.083569319454046,0.7448564445382542,3.5743776368772675,-0.3451451173836883,3.075567219895929,-0.1733740388569454,2.514525954580477,-3.481520880930673,-1.7891023579132117
49.0,224.0,1003.4239501953124,-2.518627221806564,-3.0835693196232,0.7504702103665593,3.574377503493223,-0.3448928303719604,3.0755941029016256,-0.1734241294955689,2.515678440708946,-3.481437485876507,-1.7891160625297613
49.0,224.0,1003.436767578125,-2.513852147078786,-3.083569319627696,0.7504702103665593,3.574384469822597,-0.3448928303719604,3.0755941029016256,-0.1734213397527037,2.515660540845473,-3.4814375219757485,-1.7891162474544615
49.0,224.0,1003.4368896484376,-2.513778688860321,-3.0835693196670007,0.7504702103665593,3.5743847332414305,-0.3448928303719604,3.0755941029016256,-0.1734241410330144,2.515678440708946,-3.481437485876507,-1.7891160625297613
49.0,224.0,1003.4368896484376,-2.513778688860321,-3.0835693196670007,0.7504702103665593,3.5743847332414305,-0.3448928303719604,3.0755941029016256,-0.1734241410330144,2.515678440708946,-3.481437485876507,-1.7891160625297613
49.0,224.0,1003.4371337890624,-2.513852147078786,-3.083569319627696,0.7504702103665593,3.57438449177886,-0.3448928303719604,3.0755941029016256,-0.1734241294955689,2.515678440708946,-3.481437485876507,-1.7891160625297613
49.0,224.0,1003.4382934570312,-2.511260670309185,-3.0835693242305418,0.7504702103665593,3.574385321149018,-0.344959872300779,3.075596562063805,-0.1733739308598728,2.481878310887262,-3.4815050714633604,-1.7891022472694194
49.0,224.0,1003.4386596679688,-2.5112669211312486,-3.083569324279804,0.7504702103665593,3.574358818123812,-0.3450649984179726,3.075587917209308,-0.1733628060932295,2.481901550184357,-3.481505205970617,-1.7891066232327777
49.0,224.0,1003.4392700195312,-2.511363078855352,-3.083569319594209,0.7504702103665593,3.5743767024778133,-0.3450649984179726,3.075587917209308,-0.1733628060932295,2.481901550184357,-3.481505205970617,-1.7891066232327777
49.0,224.0,1003.4396362304688,-2.5113838405871824,-3.083569324235316,0.7504702103665593,3.574375971347544,-0.3450388122720353,3.075593383418328,-0.1733571337191904,2.481900739057016,-3.481505205970617,-1.7891052296440633
49.0,224.0,1003.439697265625,-2.5114547185469163,-3.0835693193994254,0.7504702103665593,3.5743844578276183,-0.344959872300779,3.075567219895929,-0.173355323854054,2.481781468289168,-3.481520880930673,-1.7891041646618342
49.0,224.0,1003.439697265625,-2.5114547185469163,-3.0835693193994254,0.7504702103665593,3.5743844578276183,-0.344959872300779,3.075567219895929,-0.173355323854054,2.481781468289168,-3.481520880930673,-1.7891041646618342
49.0,224.0,1003.4397583007812,-2.5114547185469163,-3.0835693242305418,0.7504702103665593,3.5743847754447846,-0.344959872300779,3.075567219895929,-0.1733739308598728,2.481781468289168,-3.481520880930673,-1.7891041646618342
49.0,224.0,1003.4398193359376,-2.5114547185469163,-3.0835693242305418,0.7504702103665593,3.5743847754447846,-0.344959872300779,3.075567219895929,-0.1733740388569454,2.481781468289168,-3.481520880930673,-1.7891041646618342
49.0,224.0,1003.4398193359376,-2.5114547185469163,-3.0835693242305418,0.7504702103665593,3.5743847754447846,-0.344959872300779,3.075567219895929,-0.1733740388569454,2.481781468289168,-3.481520880930673,-1.7891041646618342
49.0,224.0,1003.4398193359376,-2.5114547185469163,-3.0835693242305418,0.7504702103665593,3.5743844639718887,-0.344959872300779,3.075567219895929,-0.1733739308598728,2.481781468289168,-3.481520880930673,-1.7891041646618342
49.0,224.0,1003.4400024414062,-2.51407875669485,-3.0835693194846314,0.7504702103665593,3.574376601300886,-0.3478970896647465,3.075677434005833,-0.1733539146074081,2.514531438622144,-3.4815052341348407,-1.7891043293648357
49.0,224.0,1003.4400024414062,-2.5114547185469163,-3.0835693193994254,0.7504702103665593,3.5743579611656773,-0.3449602564113211,3.075567219895929,-0.173355323854054,2.481781468289168,-3.481520880930673,-1.7891041646618342
49.0,224.0,1003.4400024414062,-2.51407875669485,-3.0835693194846314,0.7504702103665593,3.574376601300886,-0.3478970896647465,3.075677434005833,-0.1733539146074081,2.514531438622144,-3.4815052341348407,-1.7891043293648357
49.0,224.0,1003.4401245117188,-2.5114616083328007,-3.0835693242836464,0.7504702103665593,3.574359031106469,-0.3450649984179726,3.075567223407964,-0.1733621170610419,2.481900359279241,-3.4815052059622924,-1.7891162609096205
49.0,224.0,1003.4405517578124,-2.5114547185469163,-3.0835693242305418,0.7504702103665593,3.5743846693648145,-0.344959872300779,3.075567219895929,-0.1733739308598728,2.4818662914126888,-3.481520880930673,-1.7891022472694194
49.0,224.0,1003.4406127929688,-2.511453085423588,-3.083569324235316,0.7504702103665593,3.5743831321862816,-0.3450649984179726,3.075595079572937,-0.173348924496913,2.4818997121534023,-3.481505205970617,-1.7891159935746173
49.0,224.0,1003.440673828125,-2.511461804434066,-3.083569324235316,0.7504702103665593,3.574358818123812,-0.3450649984179726,3.075595079572937,-0.1733622471141302,2.481900359476254,-3.4815052021830217,-1.7891062461604792
49.0,224.0,1003.4407958984376,-2.511453085423588,-3.083569324235316,0.7504702103665593,3.574359031106469,-0.3450649984179726,3.075595079572937,-0.1733571337191904,2.481900739057016,-3.481505205970617,-1.7891159935746173
49.0,224.0,1003.4407958984376,-2.511453085423588,-3.083569324235316,0.7504702103665593,3.574359031106469,-0.3450649984179726,3.075595079572937,-0.1733571337191904,2.481900739057016,-3.481505205970617,-1.7891159935746173
49.0,224.0,1003.4407958984376,-2.511453085423588,-3.083569324235316,0.7504702103665593,3.574359031106469,-0.3450649984179726,3.075595079572937,-0.1733571337191904,2.481900739057016,-3.481505205970617,-1.7891159935746173
49.0,224.0,1003.44091796875,-2.511461804434066,-3.083569324235316,0.7504702103665593,3.574358818123812,-0.3450649984179726,3.075595079572937,-0.1733628060932295,2.481900359476254,-3.481505205970617,-1.7891159935746173
49.0,224.0,1003.44091796875,-2.511461804434066,-3.083569324235316,0.7504702103665593,3.574358818123812,-0.3450649984179726,3.075595079572937,-0.1733628060932295,2.481900359476254,-3.481505205970617,-1.7891159935746173
49.0,224.0,1003.44091796875,-2.511461804434066,-3.083569324235316,0.7504702103665593,3.574358818123812,-0.3450649984179726,3.075595079572937,-0.1733628060932295,2.481900359476254,-3.481505205970617,-1.7891159935746173
49.0,224.0,1003.44091796875,-2.5114619985920084,-3.083569324235316,0.7504702103665593,3.5743588306830345,-0.3450649984179726,3.075595079572937,-0.173363001140449,2.481900381113065,-3.481505205970617,-1.7891159935746173
49.0,224.0,1003.44091796875,-2.511461804434066,-3.083569324235316,0.7504702103665593,3.574358818123812,-0.3450649984179726,3.075595079572937,-0.1733628060932295,2.481898023459086,-3.481505304547923,-1.7891159935746173
49.0,225.0,1003.374267578125,-2.51134873995314,-3.083569324284288,0.7504702103665593,3.574384871547472,-0.3448842923256348,3.075603701593137,-0.1733700558798021,2.5142739084968966,-3.4814415695099266,-1.7891162609096205
49.0,225.0,1003.374267578125,-2.51134873995314,-3.083569324284288,0.7504702103665593,3.574384871547472,-0.3448842923256348,3.075603701593137,-0.1733700558798021,2.5142739084968966,-3.4814415695099266,-1.7891162609096205
49.0,225.0,1003.374267578125,-2.511347641037315,-3.0835693194201976,0.7504702103665593,3.574384279104002,-0.3448842923256348,3.075603701593137,-0.173355882910213,2.514193414720304,-3.4814427787677817,-1.7891162609096205
49.0,225.0,1003.3751220703124,-2.511347641037315,-3.083569324284288,0.7504702103665593,3.574377793406593,-0.3448842923256348,3.075603701593137,-0.1733728451562125,2.5142113145837763,-3.4814415334106856,-1.78911607598492
49.0,225.0,1003.375244140625,-2.511347641037315,-3.083569324284288,0.7504702103665593,3.574377771450331,-0.3448842923256348,3.075603701593137,-0.1733700554133474,2.514193414720304,-3.4814415695099266,-1.7891162609096205
49.0,225.0,1003.3786010742188,-2.5114547185469163,-3.0835693242305418,0.7504702103665593,3.5743847754447846,-0.3449597200900562,3.075567219895929,-0.1733740388569454,2.514549593769228,-3.481520880930673,-1.7891023579132117
49.0,225.0,1003.3812866210938,-2.5114547185469163,-3.0835693242305418,0.7504702103665593,3.5743847754447846,-0.3449597200900562,3.0755662829674333,-0.1734198712813639,2.5144273562429027,-3.481520767100832,-1.7891023579132117
49.0,225.0,1003.382080078125,-2.511441598000736,-3.083569319487368,0.7504702103665593,3.5743847754447846,-0.3449640747546451,3.0755939805433186,-0.1733774195837928,2.5145553331237886,-3.481520880930673,-1.789102019493325
49.0,225.0,1003.3837890625,-2.5177460290198392,-3.0835693196232,0.7504702103665593,3.5743774992300645,-0.3451724310382748,3.075676083828536,-0.1734245406023383,2.515678440708946,-3.481437485876507,-1.789104644358293
49.0,225.0,1003.3850708007812,-2.517436571713116,-3.083569319625666,0.7504702103665593,3.574377336069196,-0.3449605928850587,3.075676083828536,-0.1733554122543845,2.515678440708946,-3.481437485876507,-1.7891042246912985
49.0,225.0,1003.3880615234376,-2.513778688860321,-3.0835693196670007,0.7504702103665593,3.574377487670669,-0.3448928303719604,3.0755941029016256,-0.1734241410330144,2.5140077351315484,-3.481440349512907,-1.7891160625297613
49.0,225.0,1003.3880615234376,-2.513778688860321,-3.0835693196670007,0.7504702103665593,3.574377487670669,-0.3448928303719604,3.0755941029016256,-0.1734241410330144,2.5140077351315484,-3.481440349512907,-1.7891160625297613
49.0,225.0,1003.3881225585938,-2.51143062484576,-3.083569324514696,0.7504702103665593,3.574377487670669,-0.3448928303719604,3.0755941029016256,-0.1734241410330144,2.514012259797174,-3.481515853493531,-1.7891160635533137
49.0,225.0,1003.3884887695312,-2.5178006669350355,-3.0835693196232,0.7504702103665593,3.574377503493223,-0.3448928303719604,3.075677434005833,-0.1734245406023383,2.515678440708946,-3.481437485876507,-1.789104643657134
49.0,225.0,1003.3884887695312,-2.5178006669350355,-3.0835693196232,0.7504702103665593,3.574377503493223,-0.3448928303719604,3.075676083828536,-0.1734245406023383,2.515678440708946,-3.481437485876507,-1.789104643657134
49.0,225.0,1003.3884887695312,-2.5178006669350355,-3.0835693196232,0.7504702103665593,3.574377503493223,-0.3448928303719604,3.075677434005833,-0.1734245406023383,2.515678440708946,-3.481437485876507,-1.789104643657134
49.0,225.0,1003.3893432617188,-2.5137700434300254,-3.083569324284288,0.7504702103665593,3.574377771450331,-0.3448842923256348,3.075603701593137,-0.1734279168349037,2.514004908446553,-3.481441566583808,-1.7891162609096205
49.0,225.0,1003.3894653320312,-2.5177045092109327,-3.0835693243087943,0.7504702103665593,3.574359619139221,-0.3448928303719604,3.0755941029016256,-0.1734241294955689,2.515678440708946,-3.481437485876507,-1.7891160625297613
49.0,225.0,1003.3894653320312,-2.5177045092109327,-3.0835693195630163,0.7504702103665593,3.574359619139221,-0.3448928303719604,3.0755941029016256,-0.1734241294955689,2.515678440708946,-3.481437485876507,-1.7891160625297613
49.0,225.0,1003.3899536132812,-2.5178006669350355,-3.0835693196232,0.7504702103665593,3.574377503493223,-0.3448928303719604,3.0755919829332,-0.1734245260181761,2.515678440708946,-3.481437485876507,-1.789104643657134
49.0,225.0,1003.39013671875,-2.5178006669350355,-3.0835693196232,0.7504702103665593,3.574377503493223,-0.3448928303719604,3.0755941029016256,-0.1734241294955689,2.515678440708946,-3.481437485876507,-1.7891160625297613
49.0,225.0,1003.39013671875,-2.5178006669350355,-3.083569324368977,0.7504702103665593,3.574377503493223,-0.3448928303719604,3.0755941029016256,-0.1734241294955689,2.515678440708946,-3.481437485876507,-1.7891160625297613
49.0,225.0,1003.3914184570312,-2.514038014786949,-3.0835693194390434,0.7504702103665593,3.5743775034972334,-0.3449974566871208,3.0756695305300683,-0.1733640073024109,2.513992060375098,-3.481440676000984,-1.7891023711692229
49.0,225.0,1003.3914794921876,-2.514038014786949,-3.0835693194390434,0.7504702103665593,3.574377503493223,-0.3449974566871208,3.0756695305300683,-0.1733640073024109,2.514001427579239,-3.481440676000984,-1.7891023711692229
49.0,225.0,1003.3914794921876,-2.511418377482579,-3.0835693195694622,0.7504702103665593,3.5743847332414305,-0.3448977587340115,3.0755941029016256,-0.1734241410330144,2.5139651420203086,-3.4814364775074496,-1.7891160625297613
49.0,225.0,1003.3914794921876,-2.514038014786949,-3.0835693194390434,0.7504702103665593,3.574377499033099,-0.3449925463438159,3.0756695305300683,-0.1733638637865723,2.514001427579239,-3.481440676000984,-1.7891022510823509
49.0,225.0,1003.3916015625,-2.514033466009288,-3.083569319627696,0.7504702103665593,3.5743774804733985,-0.3449983781428647,3.0755941029016256,-0.1734253559287706,2.514014646165033,-3.481437485876507,-1.7891160625297613
49.0,225.0,1003.3916625976562,-2.514038014786949,-3.0835693194390434,0.7504702103665593,3.574377499033099,-0.3450052629584566,3.0756695305300683,-0.1733638637865723,2.514001427579239,-3.481440676000984,-1.7891045147616391
49.0,225.0,1003.3923950195312,-2.5178006669350355,-3.083569319628733,0.7504702103665593,3.5743774990831074,-0.3448928303719604,3.075590657203724,-0.1733552200778705,2.515678440708946,-3.4814373729686183,-1.7891042842418088
49.0,225.0,1003.3929443359376,-2.514038014786949,-3.0835693194390434,0.7504702103665593,3.574377499033099,-0.3451699708884785,3.0756695305300683,-0.1733638637865723,2.514001427579239,-3.481440676000984,-1.7891045147616391
49.0,225.0,1003.3973388671876,-2.513961196906152,-3.0835693240968824,0.7504702103665593,3.574377503493223,-0.3450649651483091,3.0756695305300683,-0.1733640073024109,2.514001427579239,-3.4815040755689703,-1.7891023711692229
49.0,225.0,1003.3973388671876,-2.513961196906152,-3.0835693240968824,0.7504702103665593,3.574377503493223,-0.3450649651483091,3.0756695305300683,-0.1733640073024109,2.514001427579239,-3.4815040755689703,-1.7891023711692229
49.0,225.0,1003.406005859375,-2.514010265370546,-3.083569319594209,0.7504702103665593,3.5743767024778133,-0.3450649984179726,3.075587917209308,-0.1733628162707076,2.514593384053449,-3.481505205970617,-1.7891065019592105
49.0,225.0,1003.4151000976562,-2.511248450007184,-3.0835693196232,0.7504702103665593,3.5743852531336,-0.3448928303719604,3.0756034640100944,-0.1733664681405192,2.515678440708946,-3.481437521058989,-1.7891160592810749
49.0,225.0,1003.4157104492188,-2.5115393609450503,-3.083569319454046,0.7448564445382542,3.5743776368772675,-0.3451451173836883,3.075567219895929,-0.1733740388569454,2.514525954580477,-3.481520880930673,-1.7891023579132117
49.0,225.0,1003.4171752929688,-2.5114354236283827,-3.083569319769392,0.7504702103665593,3.574377503493223,-0.3448811184620883,3.0755941029016256,-0.1734250355480401,2.515678440708946,-3.4814396483928425,-1.789116068194647
49.0,225.0,1003.4239501953124,-2.518627221806564,-3.0835693196232,0.7504702103665593,3.574377503493223,-0.3448928303719604,3.0755941029016256,-0.1734241294955689,2.515678440708946,-3.481437485876507,-1.7891160625297613
49.0,225.0,1003.4334106445312,-2.517900956880991,-3.083569324284288,0.7504702103665593,3.574377121907095,-0.3448842923256348,3.075594340484668,-0.1734277172348518,2.5142739084968966,-3.481441534327445,-1.789116264158307
49.0,225.0,1003.4361572265624,-2.511347641037315,-3.083569324284288,0.7504702103665593,3.574377793406593,-0.3448846072565225,3.075604010724436,-0.1733728451562125,2.481775138402225,-3.481441263635056,-1.78910379746903
49.0,225.0,1003.436767578125,-2.513852147078786,-3.083569319627696,0.7504702103665593,3.574384469822597,-0.3448928303719604,3.0755941029016256,-0.1734213397527037,2.515660540845473,-3.4814375219757485,-1.7891162474544615
49.0,225.0,1003.4368896484376,-2.513778688860321,-3.0835693196670007,0.7504702103665593,3.5743847332414305,-0.3448928303719604,3.0755941029016256,-0.1734241410330144,2.515678440708946,-3.481437485876507,-1.7891160625297613
49.0,225.0,1003.4368896484376,-2.513778688860321,-3.0835693196670007,0.7504702103665593,3.5743847332414305,-0.3448928303719604,3.0755941029016256,-0.1734241410330144,2.515678440708946,-3.481437485876507,-1.7891160625297613
49.0,225.0,1003.4368896484376,-2.513778688860321,-3.083569319628773,0.7504702103665593,3.5743847332414305,-0.3448928303719604,3.0755941029016256,-0.1734241410330144,2.515678440708946,-3.481437485876507,-1.7891164252153036
49.0,225.0,1003.4371337890624,-2.513852147078786,-3.083569319627696,0.7504702103665593,3.57438449177886,-0.3448928303719604,3.0755941029016256,-0.1734241294955689,2.515678440708946,-3.481437485876507,-1.7891160625297613
49.0,225.0,1003.4376831054688,-2.514038014786949,-3.0835693194390434,0.7504702103665593,3.5743775034972334,-0.3449974566871208,3.0756695305300683,-0.1734263143946862,2.5157588826031207,-3.481437581129376,-1.7891023711692229
49.0,225.0,1003.4382934570312,-2.511260670309185,-3.0835693242305418,0.7504702103665593,3.574385321149018,-0.344959872300779,3.075596562063805,-0.1733739308598728,2.481878310887262,-3.4815050714633604,-1.7891022472694194
49.0,225.0,1003.4382934570312,-2.513852147078786,-3.083569319627696,0.7504702103665593,3.574384469822597,-0.3448928303719604,3.075595039830121,-0.1733755073282852,2.515782778371797,-3.4814376358055896,-1.7891162474544615
49.0,225.0,1003.4386596679688,-2.5112669211312486,-3.083569324279804,0.7504702103665593,3.574358818123812,-0.3450649984179726,3.075587917209308,-0.1733628060932295,2.481901550184357,-3.481505205970617,-1.7891066232327777
49.0,225.0,1003.4392700195312,-2.511363078855352,-3.083569319594209,0.7504702103665593,3.5743767024778133,-0.3450649984179726,3.075587917209308,-0.1733628060932295,2.481901550184357,-3.481505205970617,-1.7891066232327777
49.0,225.0,1003.4396362304688,-2.5113838405871824,-3.083569324235316,0.7504702103665593,3.574375971347544,-0.3450388122720353,3.075593383418328,-0.1733571337191904,2.481900739057016,-3.481505205970617,-1.7891052296440633
49.0,226.0,1003.37353515625,-2.5116821040178388,-3.0835693194201976,0.7504702103665593,3.574384145731182,-0.3448842923256348,3.075603701593137,-0.1733520037013824,2.514193414720304,-3.4814427787677817,-1.7891162609096205
49.0,226.0,1003.3742065429688,-2.5114547185469163,-3.0835693242305418,0.7504702103665593,3.5743847754447846,-0.3448849156915068,3.0755662829674333,-0.1734198712813639,2.5144273562429027,-3.481438011287809,-1.7891023579132117
49.0,226.0,1003.374267578125,-2.51134873995314,-3.083569324284288,0.7504702103665593,3.574384871547472,-0.3448842923256348,3.075603701593137,-0.1733700558798021,2.5142739084968966,-3.4814415695099266,-1.7891162609096205
49.0,226.0,1003.374267578125,-2.51134873995314,-3.083569324284288,0.7504702103665593,3.574384871547472,-0.3448842923256348,3.075603701593137,-0.1733700558798021,2.5142739084968966,-3.4814415695099266,-1.7891162609096205
49.0,226.0,1003.374267578125,-2.511347641037315,-3.0835693194201976,0.7504702103665593,3.574384279104002,-0.3448842923256348,3.075603701593137,-0.173355882910213,2.514193414720304,-3.4814427787677817,-1.7891162609096205
49.0,226.0,1003.3751220703124,-2.511347641037315,-3.083569324284288,0.7504702103665593,3.574377793406593,-0.3448842923256348,3.075603701593137,-0.1733728451562125,2.5142113145837763,-3.4814415334106856,-1.78911607598492
49.0,226.0,1003.375244140625,-2.511347641037315,-3.083569324284288,0.7504702103665593,3.574377771450331,-0.3448842923256348,3.075603701593137,-0.1733700554133474,2.514193414720304,-3.4814415695099266,-1.7891162609096205
49.0,226.0,1003.3767700195312,-2.510770317682024,-3.0835693195235145,0.7504702103665593,3.574384591857927,-0.344895785091109,3.075604622104654,-0.1733700558798021,2.5142739084968966,-3.4814416353001296,-1.7891157762547267
49.0,226.0,1003.3782348632812,-2.511347641037315,-3.0835693242749653,0.7504702103665593,3.5743775071546304,-0.3450617451727391,3.075603701593137,-0.1733728451562125,2.5142113145837763,-3.4814415334106856,-1.7891190978322002
49.0,226.0,1003.3786010742188,-2.5114547185469163,-3.0835693242305418,0.7504702103665593,3.5743847754447846,-0.3449597200900562,3.075567219895929,-0.1733740388569454,2.514549593769228,-3.481520880930673,-1.7891023579132117
49.0,226.0,1003.3804931640624,-2.511347641037315,-3.083569324284288,0.7504702103665593,3.574377793406593,-0.3449590967241842,3.075603701593137,-0.1733728451562125,2.5142113145837763,-3.481524289223708,-1.78911607598492
49.0,226.0,1003.3812866210938,-2.5114547185469163,-3.0835693242305418,0.7504702103665593,3.5743847754447846,-0.3449597200900562,3.0755662829674333,-0.1734198712813639,2.5144273562429027,-3.481520767100832,-1.7891023579132117
49.0,226.0,1003.382080078125,-2.511441598000736,-3.083569319487368,0.7504702103665593,3.5743847754447846,-0.3449640747546451,3.0755939805433186,-0.1733774195837928,2.5145553331237886,-3.481520880930673,-1.789102019493325
49.0,226.0,1003.3837890625,-2.5177460290198392,-3.0835693196232,0.7504702103665593,3.5743774992300645,-0.3451724310382748,3.075676083828536,-0.1734245406023383,2.515678440708946,-3.481437485876507,-1.789104644358293
49.0,226.0,1003.3850708007812,-2.517436571713116,-3.083569319625666,0.7504702103665593,3.574377336069196,-0.3449605928850587,3.075676083828536,-0.1733554122543845,2.515678440708946,-3.481437485876507,-1.7891042246912985
49.0,226.0,1003.3850708007812,-2.517436571713116,-3.083569319625666,0.7504702103665593,3.574377336069196,-0.3449605928850587,3.075676083828536,-0.1733554122543845,2.515678440708946,-3.481437485876507,-1.7891042246912985
49.0,226.0,1003.3865966796876,-2.51143062484576,-3.08356932458058,0.7504702103665593,3.5743598196552133,-0.3448928303719604,3.0755941029016256,-0.1734241410330144,2.514012259797174,-3.481515853493531,-1.789116063520761
49.0,226.0,1003.3876953125,-2.513731949823511,-3.083569319668853,0.7504702103665593,3.574377487670669,-0.3448928303719604,3.0755941029016256,-0.1734241410330144,2.5140077351315484,-3.481440379231743,-1.7891160625297613
49.0,226.0,1003.3880615234376,-2.513778688860321,-3.0835693196670007,0.7504702103665593,3.574377487670669,-0.3448928303719604,3.0755941029016256,-0.1734241410330144,2.5140077351315484,-3.481440349512907,-1.7891160625297613
49.0,226.0,1003.3880615234376,-2.513778688860321,-3.0835693196670007,0.7504702103665593,3.574377487670669,-0.3448928303719604,3.0755941029016256,-0.1734241410330144,2.5140077351315484,-3.481440349512907,-1.7891160625297613
49.0,226.0,1003.3881225585938,-2.51143062484576,-3.083569324514696,0.7504702103665593,3.574377487670669,-0.3448928303719604,3.0755941029016256,-0.1734241410330144,2.514012259797174,-3.481515853493531,-1.7891160635533137
49.0,226.0,1003.3881225585938,-2.51143062484576,-3.083569324514696,0.7504702103665593,3.574377487670669,-0.3448928303719604,3.0755941029016256,-0.1734241410330144,2.514012259797174,-3.481515853493531,-1.7891160635533137
49.0,226.0,1003.388427734375,-2.5178006669350355,-3.0835693197160583,0.7504702103665593,3.574377503493223,-0.3448928303719604,3.075677708168097,-0.1734245406023383,2.515678440708946,-3.481437485876507,-1.789104643657134
49.0,226.0,1003.3884887695312,-2.5178006669350355,-3.0835693196232,0.7504702103665593,3.574377503493223,-0.3448928303719604,3.075677434005833,-0.1734245406023383,2.515678440708946,-3.481437485876507,-1.789104643657134
49.0,226.0,1003.3884887695312,-2.5178006669350355,-3.0835693196232,0.7504702103665593,3.574377503493223,-0.3448928303719604,3.075676083828536,-0.1734245406023383,2.515678440708946,-3.481437485876507,-1.789104643657134
49.0,226.0,1003.3884887695312,-2.5178006669350355,-3.0835693196232,0.7504702103665593,3.574377503493223,-0.3448928303719604,3.075677434005833,-0.1734245406023383,2.515678440708946,-3.481437485876507,-1.789104643657134
49.0,226.0,1003.3884887695312,-2.5178006669350355,-3.0835693196232,0.7504702103665593,3.574377503493223,-0.3448928303719604,3.075677434005833,-0.1734245408096205,2.515678440708946,-3.481437485876507,-1.789104643657134
49.0,226.0,1003.3893432617188,-2.5137700434300254,-3.083569324284288,0.7504702103665593,3.574377771450331,-0.3448842923256348,3.075603701593137,-0.1734279168349037,2.514004908446553,-3.481441566583808,-1.7891162609096205
49.0,226.0,1003.3894653320312,-2.5177045092109327,-3.0835693243087943,0.7504702103665593,3.574359619139221,-0.3448928303719604,3.0755941029016256,-0.1734241294955689,2.515678440708946,-3.481437485876507,-1.7891160625297613
49.0,226.0,1003.3894653320312,-2.5177045092109327,-3.0835693195630163,0.7504702103665593,3.574359619139221,-0.3448928303719604,3.0755941029016256,-0.1734241294955689,2.515678440708946,-3.481437485876507,-1.7891160625297613
49.0,226.0,1003.3899536132812,-2.5178006669350355,-3.0835693196232,0.7504702103665593,3.574377503493223,-0.3448928303719604,3.0755919829332,-0.1734245260181761,2.515678440708946,-3.481437485876507,-1.789104643657134
49.0,226.0,1003.39013671875,-2.5178006669350355,-3.0835693196232,0.7504702103665593,3.574377503493223,-0.3448928303719604,3.0755941029016256,-0.1734241294955689,2.515678440708946,-3.481437485876507,-1.7891160625297613
49.0,226.0,1003.39013671875,-2.5178006669350355,-3.083569324368977,0.7504702103665593,3.574377503493223,-0.3448928303719604,3.0755941029016256,-0.1734241294955689,2.515678440708946,-3.481437485876507,-1.7891160625297613
49.0,226.0,1003.39013671875,-2.5178006669350355,-3.083569324368977,0.7504702103665593,3.574377503493223,-0.3448928303719604,3.0755941029016256,-0.1734241294955689,2.515678440708946,-3.481437485876507,-1.7891160625297613
49.0,226.0,1003.3907470703124,-2.513961196906152,-3.0835693240968824,0.7504702103665593,3.574377503493223,-0.3450649651483091,3.0756695305300683,-0.1733640549220799,2.5139733072108106,-3.4814376710176336,-1.7891023711692229
49.0,226.0,1003.3914184570312,-2.514038014786949,-3.0835693194390434,0.7504702103665593,3.5743775034972334,-0.3449974566871208,3.0756695305300683,-0.1733640073024109,2.513992060375098,-3.481440676000984,-1.7891023711692229
49.0,226.0,1003.3914794921876,-2.514038014786949,-3.0835693194390434,0.7504702103665593,3.574377503493223,-0.3449974566871208,3.0756695305300683,-0.1733640073024109,2.514001427579239,-3.481440676000984,-1.7891023711692229
49.0,226.0,1003.3914794921876,-2.511418377482579,-3.0835693195694622,0.7504702103665593,3.5743847332414305,-0.3448977587340115,3.0755941029016256,-0.1734241410330144,2.5139651420203086,-3.4814364775074496,-1.7891160625297613
49.0,226.0,1003.3914794921876,-2.514038014786949,-3.0835693194390434,0.7504702103665593,3.574377499033099,-0.3449925463438159,3.0756695305300683,-0.1733638637865723,2.514001427579239,-3.481440676000984,-1.7891022510823509
49.0,226.0,1003.3915405273438,-2.514038014786949,-3.0835693241433977,0.7504702103665593,3.5743774990304784,-0.3450044723634891,3.0756695305300683,-0.1733638637865723,2.514001427579239,-3.481440676000984,-1.7891022784606558
49.0,226.0,1003.3916015625,-2.514033466009288,-3.083569319627696,0.7504702103665593,3.5743774804733985,-0.3449983781428647,3.0755941029016256,-0.1734253559287706,2.514014646165033,-3.481437485876507,-1.7891160625297613
49.0,226.0,1003.3916015625,-2.514033466009288,-3.083569319627696,0.7504702103665593,3.574377481928447,-0.3449974305289075,3.0755941029016256,-0.1734253559287706,2.514014646165033,-3.481437485876507,-1.7891160625297613
49.0,226.0,1003.3916625976562,-2.514038014786949,-3.0835693194390434,0.7504702103665593,3.574377499033099,-0.3450052629584566,3.0756695305300683,-0.1733638637865723,2.514001427579239,-3.481440676000984,-1.7891045147616391
49.0,226.0,1003.3923950195312,-2.5178006669350355,-3.083569319628733,0.7504702103665593,3.5743774990831074,-0.3448928303719604,3.075590657203724,-0.1733552200778705,2.515678440708946,-3.4814373729686183,-1.7891042842418088
49.0,226.0,1003.3929443359376,-2.514038014786949,-3.0835693194390434,0.7504702103665593,3.574377499033099,-0.3451699708884785,3.0756695305300683,-0.1733638637865723,2.514001427579239,-3.481440676000984,-1.7891045147616391
49.0,226.0,1003.3973388671876,-2.513961196906152,-3.0835693240968824,0.7504702103665593,3.574377503493223,-0.3450649651483091,3.0756695305300683,-0.1733640073024109,2.514001427579239,-3.4815040755689703,-1.7891023711692229
49.0,226.0,1003.3973388671876,-2.513961196906152,-3.0835693240968824,0.7504702103665593,3.574377503493223,-0.3450649651483091,3.0756695305300683,-0.1733640073024109,2.514001427579239,-3.4815040755689703,-1.7891023711692229
49.0,226.0,1003.406005859375,-2.514010265370546,-3.083569319594209,0.7504702103665593,3.5743767024778133,-0.3450649984179726,3.075587917209308,-0.1733628162707076,2.514593384053449,-3.481505205970617,-1.7891065019592105
49.0,226.0,1003.4151000976562,-2.511248450007184,-3.0835693196232,0.7504702103665593,3.5743852531336,-0.3448928303719604,3.0756034640100944,-0.1733664681405192,2.515678440708946,-3.481437521058989,-1.7891160592810749
49.0,226.0,1003.4157104492188,-2.5115393609450503,-3.083569319454046,0.7448564445382542,3.5743776368772675,-0.3451451173836883,3.075567219895929,-0.1733740388569454,2.514525954580477,-3.481520880930673,-1.7891023579132117
49.0,227.0,1003.3733520507812,-2.5116821040178388,-3.083569319632023,0.7504702103665593,3.574384757063459,-0.3448842923256348,3.075603298412291,-0.1733520037013824,2.514193414720304,-3.4814427787677817,-1.7891028041905308
49.0,227.0,1003.37353515625,-2.5116821040178388,-3.0835693194201976,0.7504702103665593,3.574384145731182,-0.3448842923256348,3.075603701593137,-0.1733520037013824,2.514193414720304,-3.4814427787677817,-1.7891162609096205
49.0,227.0,1003.3736572265624,-2.511347627777748,-3.083569324284288,0.7504702103665593,3.5743775197411725,-0.3448842923256348,3.075603701593137,-0.1733700558798021,2.5142739084968966,-3.4814415695099266,-1.7891162609096205
49.0,227.0,1003.3742065429688,-2.5114547185469163,-3.0835693242305418,0.7504702103665593,3.5743847754447846,-0.3448849156915068,3.0755662829674333,-0.1734198712813639,2.5144273562429027,-3.481438011287809,-1.7891023579132117
49.0,227.0,1003.374267578125,-2.51134873995314,-3.083569324284288,0.7504702103665593,3.574384871547472,-0.3448842923256348,3.075603701593137,-0.1733700558798021,2.5142739084968966,-3.4814415695099266,-1.7891162609096205
49.0,227.0,1003.374267578125,-2.51134873995314,-3.083569324284288,0.7504702103665593,3.574384871547472,-0.3448842923256348,3.075603701593137,-0.1733700558798021,2.5142739084968966,-3.4814415695099266,-1.7891162609096205
49.0,227.0,1003.374267578125,-2.511347641037315,-3.0835693194201976,0.7504702103665593,3.574384279104002,-0.3448842923256348,3.075603701593137,-0.173355882910213,2.514193414720304,-3.4814427787677817,-1.7891162609096205
49.0,227.0,1003.3743286132812,-2.5113484151169168,-3.083569324284288,0.7504702103665593,3.574385057628757,-0.3448842923256348,3.075604784303335,-0.1733700558798021,2.5142739084968966,-3.4814415695099266,-1.7891160626881348
49.0,227.0,1003.3751220703124,-2.511347641037315,-3.083569324284288,0.7504702103665593,3.574377793406593,-0.3448842923256348,3.075603701593137,-0.1733728451562125,2.5142113145837763,-3.4814415334106856,-1.78911607598492
49.0,227.0,1003.3751220703124,-2.511347641037315,-3.083569324284288,0.7504702103665593,3.574377793406593,-0.3448842923256348,3.075603701593137,-0.1733728451562125,2.5142115328291794,-3.481441530189391,-1.7891162571786006
49.0,227.0,1003.375244140625,-2.511347641037315,-3.083569324284288,0.7504702103665593,3.574377771450331,-0.3448842923256348,3.075603701593137,-0.1733700554133474,2.514193414720304,-3.4814415695099266,-1.7891162609096205
49.0,227.0,1003.3767700195312,-2.510770317682024,-3.0835693195235145,0.7504702103665593,3.574384591857927,-0.344895785091109,3.075604622104654,-0.1733700558798021,2.5142739084968966,-3.4814416353001296,-1.7891157762547267
49.0,227.0,1003.3782348632812,-2.511347641037315,-3.0835693242749653,0.7504702103665593,3.5743775071546304,-0.3450617451727391,3.075603701593137,-0.1733728451562125,2.5142113145837763,-3.4814415334106856,-1.7891190978322002
49.0,227.0,1003.3786010742188,-2.5114547185469163,-3.0835693242305418,0.7504702103665593,3.5743847754447846,-0.3449597200900562,3.075567219895929,-0.1733740388569454,2.514549593769228,-3.481520880930673,-1.7891023579132117
49.0,227.0,1003.3800048828124,-2.51134873995314,-3.083569324284288,0.7504702103665593,3.574384871547472,-0.3448927709175521,3.075603701593137,-0.1734213388279341,2.5142739084968966,-3.4814415695099266,-1.7891162609096205
49.0,227.0,1003.3804931640624,-2.511347641037315,-3.083569324284288,0.7504702103665593,3.574377793406593,-0.3449590967241842,3.075603701593137,-0.1733728451562125,2.5142113145837763,-3.481524289223708,-1.78911607598492
49.0,227.0,1003.3804931640624,-2.51076980355598,-3.0835693195628693,0.7504702103665593,3.5743598675662227,-0.344895785091109,3.075604622104654,-0.1734243576294831,2.5142739084968966,-3.4814416353001296,-1.7891157741969483
49.0,227.0,1003.3812866210938,-2.5114547185469163,-3.0835693242305418,0.7504702103665593,3.5743847754447846,-0.3449597200900562,3.0755662829674333,-0.1734198712813639,2.5144273562429027,-3.481520767100832,-1.7891023579132117
49.0,227.0,1003.382080078125,-2.511441598000736,-3.083569319487368,0.7504702103665593,3.5743847754447846,-0.3449640747546451,3.0755939805433186,-0.1733774195837928,2.5145553331237886,-3.481520880930673,-1.789102019493325
49.0,227.0,1003.3829345703124,-2.5177460290198392,-3.0835693196232,0.7504702103665593,3.5743840427974405,-0.3451798492203433,3.0756746911154544,-0.1734290432029097,2.5156404170430706,-3.481437485876507,-1.789104644358293
49.0,227.0,1003.383544921875,-2.511347641037315,-3.0835693242749653,0.7504702103665593,3.5743775071546304,-0.3451696323119663,3.075603701593137,-0.1734233228020557,2.514333890144,-3.4814411602368565,-1.7891191965364406
49.0,227.0,1003.3837890625,-2.5177460290198392,-3.0835693196232,0.7504702103665593,3.5743774992300645,-0.3451724310382748,3.075676083828536,-0.1734245406023383,2.515678440708946,-3.481437485876507,-1.789104644358293
49.0,227.0,1003.3841552734376,-2.513778688860321,-3.0835693195453686,0.7504702103665593,3.574377487670669,-0.3448928303719604,3.075604234864953,-0.173375056495699,2.514209530601747,-3.481440410841878,-1.7891160625297613
49.0,227.0,1003.3849487304688,-2.5177460290198392,-3.0835693196232,0.7504702103665593,3.5743774992300645,-0.3450645438990475,3.075676083828536,-0.1733740629564951,2.5155558651487224,-3.4814378590503368,-1.7891045456540529
49.0,227.0,1003.3850708007812,-2.517436571713116,-3.083569319625666,0.7504702103665593,3.574377336069196,-0.3449605928850587,3.075676083828536,-0.1733554122543845,2.515678440708946,-3.481437485876507,-1.7891042246912985
49.0,227.0,1003.3850708007812,-2.517436571713116,-3.083569319625666,0.7504702103665593,3.574377336069196,-0.3449605928850587,3.075676083828536,-0.1733554122543845,2.515678440708946,-3.481437485876507,-1.7891042246912985
49.0,227.0,1003.3865966796876,-2.51143062484576,-3.08356932458058,0.7504702103665593,3.5743598196552133,-0.3448928303719604,3.0755941029016256,-0.1734241410330144,2.514012259797174,-3.481515853493531,-1.789116063520761
49.0,227.0,1003.3876953125,-2.513731949823511,-3.083569319668853,0.7504702103665593,3.574377487670669,-0.3448928303719604,3.0755941029016256,-0.1734241410330144,2.5140077351315484,-3.481440379231743,-1.7891160625297613
49.0,227.0,1003.3880615234376,-2.513778688860321,-3.0835693196670007,0.7504702103665593,3.574377487670669,-0.3448928303719604,3.0755941029016256,-0.1734241410330144,2.5140077351315484,-3.481440349512907,-1.7891160625297613
49.0,227.0,1003.3880615234376,-2.513778688860321,-3.0835693196670007,0.7504702103665593,3.574377487670669,-0.3448928303719604,3.0755941029016256,-0.1734241410330144,2.5140077351315484,-3.481440349512907,-1.7891160625297613
49.0,227.0,1003.3881225585938,-2.51143062484576,-3.083569324514696,0.7504702103665593,3.574377487670669,-0.3448928303719604,3.0755941029016256,-0.1734241410330144,2.514012259797174,-3.481515853493531,-1.7891160635533137
49.0,227.0,1003.3881225585938,-2.51143062484576,-3.083569324514696,0.7504702103665593,3.574377487670669,-0.3448928303719604,3.0755941029016256,-0.1734241410330144,2.514012259797174,-3.481515853493531,-1.7891160635533137
49.0,227.0,1003.388427734375,-2.5178006669350355,-3.0835693197160583,0.7504702103665593,3.574377503493223,-0.3448928303719604,3.075677708168097,-0.1734245406023383,2.515678440708946,-3.481437485876507,-1.789104643657134
49.0,227.0,1003.388427734375,-2.5178006669350355,-3.0835693197160583,0.7504702103665593,3.574377503493223,-0.3448928303719604,3.075677708168097,-0.1734245406023383,2.515678440708946,-3.481437485876507,-1.789104643657134
49.0,227.0,1003.3884887695312,-2.5178006669350355,-3.0835693196232,0.7504702103665593,3.574377503493223,-0.3448928303719604,3.075677434005833,-0.1734245406023383,2.515678440708946,-3.481437485876507,-1.789104643657134
49.0,227.0,1003.3884887695312,-2.5178006669350355,-3.0835693196232,0.7504702103665593,3.574377503493223,-0.3448928303719604,3.075676083828536,-0.1734245406023383,2.515678440708946,-3.481437485876507,-1.789104643657134
49.0,227.0,1003.3884887695312,-2.5178006669350355,-3.0835693196232,0.7504702103665593,3.574377503493223,-0.3448928303719604,3.075677434005833,-0.1734245406023383,2.515678440708946,-3.481437485876507,-1.789104643657134
49.0,227.0,1003.3884887695312,-2.5178006669350355,-3.0835693196232,0.7504702103665593,3.574377503493223,-0.3448928303719604,3.075677434005833,-0.1734245408096205,2.515678440708946,-3.481437485876507,-1.789104643657134
49.0,227.0,1003.3893432617188,-2.5137700434300254,-3.083569324284288,0.7504702103665593,3.574377771450331,-0.3448842923256348,3.075603701593137,-0.1734279168349037,2.514004908446553,-3.481441566583808,-1.7891162609096205
49.0,227.0,1003.3894653320312,-2.5177045092109327,-3.0835693243087943,0.7504702103665593,3.574359619139221,-0.3448928303719604,3.0755941029016256,-0.1734241294955689,2.515678440708946,-3.481437485876507,-1.7891160625297613
49.0,227.0,1003.3894653320312,-2.5177045092109327,-3.0835693195630163,0.7504702103665593,3.574359619139221,-0.3448928303719604,3.0755941029016256,-0.1734241294955689,2.515678440708946,-3.481437485876507,-1.7891160625297613
49.0,227.0,1003.3894653320312,-2.5177045092109327,-3.0835693195630163,0.7504702103665593,3.574359619139221,-0.3448928303719604,3.0755941029016256,-0.1734241294955689,2.515678440708946,-3.481437485876507,-1.7891160625297613
49.0,227.0,1003.3898315429688,-2.517705023336977,-3.083569319523661,0.7504702103665593,3.5743843434309257,-0.3448928303719604,3.0755941029016256,-0.1733698277458878,2.515678440708946,-3.481437485876507,-1.7891160645875397
49.0,227.0,1003.3899536132812,-2.5178006669350355,-3.0835693196232,0.7504702103665593,3.574377503493223,-0.3448928303719604,3.0755919829332,-0.1734245260181761,2.515678440708946,-3.481437485876507,-1.789104643657134
49.0,227.0,1003.39013671875,-2.5178006669350355,-3.0835693196232,0.7504702103665593,3.574377503493223,-0.3448928303719604,3.0755941029016256,-0.1734241294955689,2.515678440708946,-3.481437485876507,-1.7891160625297613
49.0,227.0,1003.39013671875,-2.5178006669350355,-3.083569324368977,0.7504702103665593,3.574377503493223,-0.3448928303719604,3.0755941029016256,-0.1734241294955689,2.515678440708946,-3.481437485876507,-1.7891160625297613
49.0,227.0,1003.39013671875,-2.5178006669350355,-3.083569324368977,0.7504702103665593,3.574377503493223,-0.3448928303719604,3.0755941029016256,-0.1734241294955689,2.515678440708946,-3.481437485876507,-1.7891160625297613
49.0,227.0,1003.3907470703124,-2.513961196906152,-3.0835693240968824,0.7504702103665593,3.574377503493223,-0.3450649651483091,3.0756695305300683,-0.1733640549220799,2.5139733072108106,-3.4814376710176336,-1.7891023711692229
49.0,227.0,1003.3914184570312,-2.514038014786949,-3.0835693194390434,0.7504702103665593,3.5743775034972334,-0.3449974566871208,3.0756695305300683,-0.1733640073024109,2.513992060375098,-3.481440676000984,-1.7891023711692229
49.0,227.0,1003.3914794921876,-2.514038014786949,-3.0835693194390434,0.7504702103665593,3.574377503493223,-0.3449974566871208,3.0756695305300683,-0.1733640073024109,2.514001427579239,-3.481440676000984,-1.7891023711692229
49.0,228.0,1003.3733520507812,-2.5116821040178388,-3.083569319632023,0.7504702103665593,3.574384757063459,-0.3448842923256348,3.075603298412291,-0.1733520037013824,2.514193414720304,-3.4814427787677817,-1.7891028041905308
49.0,228.0,1003.37353515625,-2.5116821040178388,-3.0835693194201976,0.7504702103665593,3.574384145731182,-0.3448842923256348,3.075603701593137,-0.1733520037013824,2.514193414720304,-3.4814427787677817,-1.7891162609096205
49.0,228.0,1003.3736572265624,-2.511347627777748,-3.083569324284288,0.7504702103665593,3.5743775197411725,-0.3448842923256348,3.075603701593137,-0.1733700558798021,2.5142739084968966,-3.4814415695099266,-1.7891162609096205
49.0,228.0,1003.3736572265624,-2.511347627777748,-3.083569324284288,0.7504702103665593,3.5743775197411725,-0.3448842923256348,3.075603701593137,-0.1733700558798021,2.5142739084968966,-3.4814415695099266,-1.7891162609096205
49.0,228.0,1003.3742065429688,-2.5114547185469163,-3.0835693242305418,0.7504702103665593,3.5743847754447846,-0.3448849156915068,3.0755662829674333,-0.1734198712813639,2.5144273562429027,-3.481438011287809,-1.7891023579132117
49.0,228.0,1003.3742065429688,-2.511347641037315,-3.083569324284288,0.7504702103665593,3.574384724313266,-0.3448842923256348,3.075603701593137,-0.1733700554133474,2.514274367427576,-3.4814415695099266,-1.7891162609096205
49.0,228.0,1003.374267578125,-2.51134873995314,-3.083569324284288,0.7504702103665593,3.574384871547472,-0.3448842923256348,3.075603701593137,-0.1733700558798021,2.5142739084968966,-3.4814415695099266,-1.7891162609096205
49.0,228.0,1003.374267578125,-2.51134873995314,-3.083569324284288,0.7504702103665593,3.574384871547472,-0.3448842923256348,3.075603701593137,-0.1733700558798021,2.5142739084968966,-3.4814415695099266,-1.7891162609096205
49.0,228.0,1003.374267578125,-2.511347641037315,-3.0835693194201976,0.7504702103665593,3.574384279104002,-0.3448842923256348,3.075603701593137,-0.173355882910213,2.514193414720304,-3.4814427787677817,-1.7891162609096205
49.0,228.0,1003.374267578125,-2.51134873995314,-3.083569324284288,0.7504702103665593,3.574384871547472,-0.3448842923256348,3.075603701593137,-0.1733700558798021,2.5142739084968966,-3.4814415695099266,-1.7891162609096205
49.0,228.0,1003.3743286132812,-2.5113484151169168,-3.083569324284288,0.7504702103665593,3.574385057628757,-0.3448842923256348,3.075604784303335,-0.1733700558798021,2.5142739084968966,-3.4814415695099266,-1.7891160626881348
49.0,228.0,1003.3743286132812,-2.5113484151169168,-3.083569324284288,0.7504702103665593,3.574385057628757,-0.3448842923256348,3.075604784303335,-0.1733700558798021,2.5142739084968966,-3.4814415695099266,-1.7891160626881348
49.0,228.0,1003.3743896484376,-2.511347641037315,-3.0835693194201976,0.7504702103665593,3.574384279104002,-0.3448842923256348,3.075603701593137,-0.1733571511586226,2.514193414720304,-3.4814427501424574,-1.7891162609096205
49.0,228.0,1003.3749389648438,-2.51076980355598,-3.0835693195628693,0.7504702103665593,3.574384145690449,-0.3448841671106796,3.075604622104654,-0.1733577238698019,2.5142739084968966,-3.4814416910573134,-1.7891029978714086
49.0,228.0,1003.375,-2.511347641037315,-3.083569324284288,0.7504702103665593,3.574377793406593,-0.3448842923256348,3.075603701593137,-0.1733715769078029,2.5142115328291794,-3.481441558814715,-1.7891162571786006
49.0,228.0,1003.3751220703124,-2.511347641037315,-3.083569324284288,0.7504702103665593,3.574377793406593,-0.3448842923256348,3.075603701593137,-0.1733728451562125,2.5142113145837763,-3.4814415334106856,-1.78911607598492
49.0,228.0,1003.3751220703124,-2.511347641037315,-3.083569324284288,0.7504702103665593,3.574377793406593,-0.3448842923256348,3.075603701593137,-0.1733728451562125,2.5142115328291794,-3.481441530189391,-1.7891162571786006
49.0,228.0,1003.375244140625,-2.511347641037315,-3.083569324284288,0.7504702103665593,3.574377771450331,-0.3448842923256348,3.075603701593137,-0.1733700554133474,2.514193414720304,-3.4814415695099266,-1.7891162609096205
49.0,228.0,1003.3767700195312,-2.510770317682024,-3.0835693195235145,0.7504702103665593,3.574384591857927,-0.344895785091109,3.075604622104654,-0.1733700558798021,2.5142739084968966,-3.4814416353001296,-1.7891157762547267
49.0,228.0,1003.3776245117188,-2.5116821040178388,-3.083569319632023,0.7504702103665593,3.57438403475428,-0.3448842923256348,3.075671913656659,-0.1733490772712071,2.514193414720304,-3.4814427787677817,-1.7891028039639816
49.0,228.0,1003.3782348632812,-2.511347641037315,-3.0835693242749653,0.7504702103665593,3.5743775071546304,-0.3450617451727391,3.075603701593137,-0.1733728451562125,2.5142113145837763,-3.4814415334106856,-1.7891190978322002
49.0,228.0,1003.3782348632812,-2.511347641037315,-3.083569324274836,0.7504702103665593,3.5743775071546304,-0.3450617451727391,3.075603701593137,-0.1733728451562125,2.5142113145837763,-3.4814415340424967,-1.7891161919967364
49.0,228.0,1003.3785400390624,-2.5113367990082387,-3.0835693195628693,0.7504702103665593,3.574360072721491,-0.344895785091109,3.075604622104654,-0.1734243576294831,2.514271756349576,-3.4814416353001296,-1.7891191742806205
49.0,228.0,1003.3786010742188,-2.5114547185469163,-3.0835693242305418,0.7504702103665593,3.5743847754447846,-0.3449597200900562,3.075567219895929,-0.1733740388569454,2.514549593769228,-3.481520880930673,-1.7891023579132117
49.0,228.0,1003.37890625,-2.511347641037315,-3.0835693242749653,0.7504702103665593,3.5743775071546304,-0.3450647372433146,3.075603701593137,-0.1733741180518423,2.514193413277103,-3.481442839955379,-1.7891190978322002
49.0,228.0,1003.3792114257812,-2.511448051708597,-3.083569324259633,0.7504702103665593,3.574377352842834,-0.3449605928850587,3.075676083828536,-0.1733542366817946,2.514213109284064,-3.481437485876507,-1.7891042246912985
49.0,228.0,1003.3792724609376,-2.5116821040178388,-3.083569319632023,0.7504702103665593,3.574360478939233,-0.3448959103060641,3.075603298412291,-0.1734186374610636,2.514193414720304,-3.481442723010598,-1.7891155805160703
49.0,228.0,1003.3800048828124,-2.51134873995314,-3.083569324284288,0.7504702103665593,3.574384871547472,-0.3448927709175521,3.075603701593137,-0.1734213388279341,2.5142739084968966,-3.4814415695099266,-1.7891162609096205
49.0,228.0,1003.3800048828124,-2.51134873995314,-3.083569324284288,0.7504702103665593,3.574384871547472,-0.3448927709175521,3.075603701593137,-0.1734213388279341,2.5142739084968966,-3.4814415695099266,-1.7891162609096205
49.0,228.0,1003.3804931640624,-2.511347641037315,-3.083569324284288,0.7504702103665593,3.574377793406593,-0.3449590967241842,3.075603701593137,-0.1733728451562125,2.5142113145837763,-3.481524289223708,-1.78911607598492
49.0,228.0,1003.3804931640624,-2.51076980355598,-3.0835693195628693,0.7504702103665593,3.5743598675662227,-0.344895785091109,3.075604622104654,-0.1734243576294831,2.5142739084968966,-3.4814416353001296,-1.7891157741969483
49.0,228.0,1003.3812866210938,-2.5114547185469163,-3.0835693242305418,0.7504702103665593,3.5743847754447846,-0.3449597200900562,3.0755662829674333,-0.1734198712813639,2.5144273562429027,-3.481520767100832,-1.7891023579132117
49.0,228.0,1003.3812866210938,-2.5114547185469163,-3.0835693242305418,0.7504702103665593,3.5743847754447846,-0.3449597200900562,3.0755662829674333,-0.1734198712813639,2.5144273562429027,-3.481520767100832,-1.7891023579132117
49.0,228.0,1003.382080078125,-2.511441598000736,-3.083569319487368,0.7504702103665593,3.5743847754447846,-0.3449640747546451,3.0755939805433186,-0.1733774195837928,2.5145553331237886,-3.481520880930673,-1.789102019493325
49.0,228.0,1003.3829345703124,-2.5177460290198392,-3.0835693196232,0.7504702103665593,3.5743840427974405,-0.3451798492203433,3.0756746911154544,-0.1734290432029097,2.5156404170430706,-3.481437485876507,-1.789104644358293
49.0,228.0,1003.383544921875,-2.511347641037315,-3.0835693242749653,0.7504702103665593,3.5743775071546304,-0.3451696323119663,3.075603701593137,-0.1734233228020557,2.514333890144,-3.4814411602368565,-1.7891191965364406
49.0,228.0,1003.383544921875,-2.5177994995907613,-3.0835693196232,0.7504702103665593,3.5743840427974405,-0.3451798492203433,3.0756749208300773,-0.1734292798790719,2.515642695946165,-3.481437485876507,-1.789104644358293
49.0,228.0,1003.383544921875,-2.511347641037315,-3.0835693242749653,0.7504702103665593,3.5743775071546304,-0.3451696323119663,3.075603701593137,-0.1734233228020557,2.514333890144,-3.4814411602368565,-1.7891191965364406
49.0,228.0,1003.3837890625,-2.5177460290198392,-3.0835693196232,0.7504702103665593,3.5743774992300645,-0.3451724310382748,3.075676083828536,-0.1734245406023383,2.515678440708946,-3.481437485876507,-1.789104644358293
49.0,228.0,1003.3841552734376,-2.513778688860321,-3.0835693195453686,0.7504702103665593,3.574377487670669,-0.3448928303719604,3.075604234864953,-0.173375056495699,2.514209530601747,-3.481440410841878,-1.7891160625297613
49.0,228.0,1003.3849487304688,-2.5177460290198392,-3.0835693196232,0.7504702103665593,3.5743774992300645,-0.3450645438990475,3.075676083828536,-0.1733740629564951,2.5155558651487224,-3.4814378590503368,-1.7891045456540529
49.0,228.0,1003.3850708007812,-2.517436571713116,-3.083569319625666,0.7504702103665593,3.574377336069196,-0.3449605928850587,3.075676083828536,-0.1733554122543845,2.515678440708946,-3.481437485876507,-1.7891042246912985
49.0,228.0,1003.3850708007812,-2.517436571713116,-3.083569319625666,0.7504702103665593,3.574377336069196,-0.3449605928850587,3.075676083828536,-0.1733554122543845,2.515678440708946,-3.481437485876507,-1.7891042246912985
49.0,228.0,1003.3864135742188,-2.5177460290198392,-3.0835693196232,0.7504702103665593,3.5743852060185137,-0.3448858030994825,3.075676083828536,-0.1733740629564951,2.5155558651487224,-3.481437905181203,-1.7891045456540529
49.0,228.0,1003.3865966796876,-2.51143062484576,-3.08356932458058,0.7504702103665593,3.5743598196552133,-0.3448928303719604,3.0755941029016256,-0.1734241410330144,2.514012259797174,-3.481515853493531,-1.789116063520761
49.0,228.0,1003.3876953125,-2.513731949823511,-3.083569319668853,0.7504702103665593,3.574377487670669,-0.3448928303719604,3.0755941029016256,-0.1734241410330144,2.5140077351315484,-3.481440379231743,-1.7891160625297613
49.0,228.0,1003.3880615234376,-2.513778688860321,-3.0835693196670007,0.7504702103665593,3.574377487670669,-0.3448928303719604,3.0755941029016256,-0.1734241410330144,2.5140077351315484,-3.481440349512907,-1.7891160625297613
49.0,228.0,1003.3880615234376,-2.513778688860321,-3.0835693196670007,0.7504702103665593,3.574377487670669,-0.3448928303719604,3.0755941029016256,-0.1734241410330144,2.5140077351315484,-3.481440349512907,-1.7891160625297613
49.0,228.0,1003.3881225585938,-2.51143062484576,-3.083569324514696,0.7504702103665593,3.574377487670669,-0.3448928303719604,3.0755941029016256,-0.1734241410330144,2.514012259797174,-3.481515853493531,-1.7891160635533137
49.0,228.0,1003.3881225585938,-2.51143062484576,-3.083569324514696,0.7504702103665593,3.574377487670669,-0.3448928303719604,3.0755941029016256,-0.1734241410330144,2.514012259797174,-3.481515853493531,-1.7891160635533137
49.0,229.0,1003.3716430664062,-2.511347641037315,-3.0835693242864464,0.7504702103665593,3.574384725550212,-0.3448849308859336,3.075565386987161,-0.1733700554133474,2.514274367427576,-3.4814415695099266,-1.7891162609096205
49.0,229.0,1003.372802734375,-2.511347641037315,-3.0835693194201976,0.7504702103665593,3.574384762012495,-0.3448842923256348,3.075603701593137,-0.1733571704442276,2.514281724476366,-3.4814427501424574,-1.7891162609096205
49.0,229.0,1003.3729858398438,-2.5116821040178388,-3.0835693194201976,0.7504702103665593,3.57438421449894,-0.3448842923256348,3.075603701593137,-0.1733515966419493,2.5142114541597653,-3.4814419464042183,-1.7891162540873515
49.0,229.0,1003.3733520507812,-2.5116821040178388,-3.083569319632023,0.7504702103665593,3.574384757063459,-0.3448842923256348,3.075603298412291,-0.1733520037013824,2.514193414720304,-3.4814427787677817,-1.7891028041905308
49.0,229.0,1003.3734741210938,-2.5116794185292384,-3.0835693195847256,0.7504702103665593,3.574384061647019,-0.3448842923256348,3.075603701593137,-0.1733520037013824,2.514193414720304,-3.4814416454516137,-1.7891162609096205
49.0,229.0,1003.37353515625,-2.5116821040178388,-3.0835693194201976,0.7504702103665593,3.574384145731182,-0.3448842923256348,3.075603701593137,-0.1733520037013824,2.514193414720304,-3.4814427787677817,-1.7891162609096205
49.0,229.0,1003.37353515625,-2.51144094940228,-3.083569324155448,0.7504702103665593,3.574384757063459,-0.3448849800276376,3.075603298412291,-0.1733520037013824,2.514193414720304,-3.4814427787677817,-1.7891028041905308
49.0,229.0,1003.3736572265624,-2.511347627777748,-3.083569324284288,0.7504702103665593,3.5743775197411725,-0.3448842923256348,3.075603701593137,-0.1733700558798021,2.5142739084968966,-3.4814415695099266,-1.7891162609096205
49.0,229.0,1003.3736572265624,-2.511347627777748,-3.083569324284288,0.7504702103665593,3.5743775197411725,-0.3448842923256348,3.075603701593137,-0.1733700558798021,2.5142739084968966,-3.4814415695099266,-1.7891162609096205
49.0,229.0,1003.3740234375,-2.5114508632621644,-3.083569324283539,0.7504702103665593,3.574377352842834,-0.3449605928850587,3.0756058618893176,-0.1733542366817946,2.514213429936018,-3.481437485876507,-1.7891042246912985
49.0,229.0,1003.3740844726562,-2.5116958731624752,-3.083569319707117,0.7504702103665593,3.5743847754447846,-0.3448842279895039,3.0755662829674333,-0.1734198712813639,2.5144273562429027,-3.481438011287809,-1.7891023579132117
49.0,229.0,1003.3742065429688,-2.5114547185469163,-3.0835693242305418,0.7504702103665593,3.5743847754447846,-0.3448849156915068,3.0755662829674333,-0.1734198712813639,2.5144273562429027,-3.481438011287809,-1.7891023579132117
49.0,229.0,1003.3742065429688,-2.511347641037315,-3.083569324284288,0.7504702103665593,3.574384724313266,-0.3448842923256348,3.075603701593137,-0.1733700554133474,2.514274367427576,-3.4814415695099266,-1.7891162609096205
49.0,229.0,1003.374267578125,-2.51134873995314,-3.083569324284288,0.7504702103665593,3.574384871547472,-0.3448842923256348,3.075603701593137,-0.1733700558798021,2.5142739084968966,-3.4814415695099266,-1.7891162609096205
49.0,229.0,1003.374267578125,-2.51134873995314,-3.083569324284288,0.7504702103665593,3.574384871547472,-0.3448842923256348,3.075603701593137,-0.1733700558798021,2.5142739084968966,-3.4814415695099266,-1.7891162609096205
49.0,229.0,1003.374267578125,-2.511347641037315,-3.0835693194201976,0.7504702103665593,3.574384279104002,-0.3448842923256348,3.075603701593137,-0.173355882910213,2.514193414720304,-3.4814427787677817,-1.7891162609096205
49.0,229.0,1003.374267578125,-2.51134873995314,-3.083569324284288,0.7504702103665593,3.574384871547472,-0.3448842923256348,3.075603701593137,-0.1733700558798021,2.5142739084968966,-3.4814415695099266,-1.7891162609096205
49.0,229.0,1003.3743286132812,-2.5113484151169168,-3.083569324284288,0.7504702103665593,3.574385057628757,-0.3448842923256348,3.075604784303335,-0.1733700558798021,2.5142739084968966,-3.4814415695099266,-1.7891160626881348
49.0,229.0,1003.3743286132812,-2.5113484151169168,-3.083569324284288,0.7504702103665593,3.574385057628757,-0.3448842923256348,3.075604784303335,-0.1733700558798021,2.5142739084968966,-3.4814415695099266,-1.7891160626881348
49.0,229.0,1003.3743896484376,-2.511347641037315,-3.0835693194201976,0.7504702103665593,3.574384279104002,-0.3448842923256348,3.075603701593137,-0.1733571511586226,2.514193414720304,-3.4814427501424574,-1.7891162609096205
49.0,229.0,1003.3744506835938,-2.5113484151169168,-3.083569324284288,0.7504702103665593,3.574385057628757,-0.3448790505799503,3.075604784303335,-0.1733741266661622,2.5142739084968966,-3.4814415695099266,-1.789103778438805
49.0,229.0,1003.3749389648438,-2.51076980355598,-3.0835693195628693,0.7504702103665593,3.574384145690449,-0.3448841671106796,3.075604622104654,-0.1733577238698019,2.5142739084968966,-3.4814416910573134,-1.7891029978714086
49.0,229.0,1003.375,-2.511347641037315,-3.083569324284288,0.7504702103665593,3.574377793406593,-0.3448842923256348,3.075603701593137,-0.1733715769078029,2.5142115328291794,-3.481441558814715,-1.7891162571786006
49.0,229.0,1003.375,-2.5113476279348625,-3.083569324284288,0.7504702103665593,3.574377793406593,-0.3448842923256348,3.075603701593137,-0.1733715769078029,2.5142115328291794,-3.481441569595056,-1.7891162571786006
49.0,229.0,1003.3751220703124,-2.511347641037315,-3.083569324284288,0.7504702103665593,3.574377793406593,-0.3448842923256348,3.075603701593137,-0.1733728451562125,2.5142113145837763,-3.4814415334106856,-1.78911607598492
49.0,229.0,1003.3751220703124,-2.511347641037315,-3.083569324284288,0.7504702103665593,3.574377793406593,-0.3448842923256348,3.075603701593137,-0.1733728451562125,2.5142115328291794,-3.481441530189391,-1.7891162571786006
49.0,229.0,1003.375244140625,-2.511347641037315,-3.083569324284288,0.7504702103665593,3.574377771450331,-0.3448842923256348,3.075603701593137,-0.1733700554133474,2.514193414720304,-3.4814415695099266,-1.7891162609096205
49.0,229.0,1003.3753051757812,-2.5113519171869525,-3.083569324431803,0.7504702103665593,3.5743847754447846,-0.3448836504510127,3.075603610090775,-0.1733780354500418,2.514271871537874,-3.481445915756367,-1.789115099054338
49.0,229.0,1003.3767700195312,-2.510770317682024,-3.0835693195235145,0.7504702103665593,3.574384591857927,-0.344895785091109,3.075604622104654,-0.1733700558798021,2.5142739084968966,-3.4814416353001296,-1.7891157762547267
49.0,229.0,1003.377197265625,-2.5116821040178388,-3.0835693242554023,0.7504702103665593,3.574383968155034,-0.3448842923256348,3.075671913656659,-0.1733496727383262,2.5142676070749927,-3.4814415648340056,-1.7891160743993888
49.0,229.0,1003.37744140625,-2.5114547185469163,-3.0835693242283826,0.7504702103665593,3.5743847742078385,-0.3448842771312079,3.075604597573409,-0.1734198712813639,2.5144273562429027,-3.481438011287809,-1.7891023579132117
49.0,229.0,1003.3776245117188,-2.5116821040178388,-3.083569319632023,0.7504702103665593,3.57438403475428,-0.3448842923256348,3.075671913656659,-0.1733490772712071,2.514193414720304,-3.4814427787677817,-1.7891028039639816
49.0,229.0,1003.3782348632812,-2.511347641037315,-3.0835693242749653,0.7504702103665593,3.5743775071546304,-0.3450617451727391,3.075603701593137,-0.1733728451562125,2.5142113145837763,-3.4814415334106856,-1.7891190978322002
49.0,229.0,1003.3782348632812,-2.511347641037315,-3.083569324274836,0.7504702103665593,3.5743775071546304,-0.3450617451727391,3.075603701593137,-0.1733728451562125,2.5142113145837763,-3.4814415340424967,-1.7891161919967364
49.0,229.0,1003.3784790039062,-2.511347641037315,-3.0835693242749653,0.7504702103665593,3.5743775071546304,-0.3450618056820091,3.075603701593137,-0.1733741180518423,2.5142097832312307,-3.481442839955379,-1.7891190978322002
49.0,229.0,1003.3785400390624,-2.5113367990082387,-3.0835693195628693,0.7504702103665593,3.574360072721491,-0.344895785091109,3.075604622104654,-0.1734243576294831,2.514271756349576,-3.4814416353001296,-1.7891191742806205
49.0,229.0,1003.3786010742188,-2.5114547185469163,-3.0835693242305418,0.7504702103665593,3.5743847754447846,-0.3449597200900562,3.075567219895929,-0.1733740388569454,2.514549593769228,-3.481520880930673,-1.7891023579132117
49.0,229.0,1003.37890625,-2.511347641037315,-3.0835693242749653,0.7504702103665593,3.5743775071546304,-0.3450647372433146,3.075603701593137,-0.1733741180518423,2.514193413277103,-3.481442839955379,-1.7891190978322002
49.0,229.0,1003.3792114257812,-2.511448051708597,-3.083569324259633,0.7504702103665593,3.574377352842834,-0.3449605928850587,3.075676083828536,-0.1733542366817946,2.514213109284064,-3.481437485876507,-1.7891042246912985
49.0,229.0,1003.3792114257812,-2.5116821040178388,-3.083569319632023,0.7504702103665593,3.5743603034748888,-0.3448959103060641,3.075603722231421,-0.1734179948006009,2.514193414720304,-3.481442723010598,-1.7891155805160703
49.0,229.0,1003.3792724609376,-2.5116821040178388,-3.083569319632023,0.7504702103665593,3.574360478939233,-0.3448959103060641,3.075603298412291,-0.1734186374610636,2.514193414720304,-3.481442723010598,-1.7891155805160703
49.0,229.0,1003.3798217773438,-2.51134873995314,-3.083569324284288,0.7504702103665593,3.574384871547472,-0.3452039154610797,3.075603701593137,-0.1733700558798021,2.514275603368749,-3.4814415777622707,-1.7891162609096205
49.0,229.0,1003.3798217773438,-2.511447897926985,-3.08356932423044,0.7504702103665593,3.574385215139985,-0.3449605928850587,3.075676083828536,-0.1733542366817946,2.514213109284064,-3.481437485876507,-1.7891023231486034
49.0,229.0,1003.3800048828124,-2.51134873995314,-3.083569324284288,0.7504702103665593,3.574384871547472,-0.3448927709175521,3.075603701593137,-0.1734213388279341,2.5142739084968966,-3.4814415695099266,-1.7891162609096205
49.0,229.0,1003.3800048828124,-2.51134873995314,-3.083569324284288,0.7504702103665593,3.574384871547472,-0.3448927709175521,3.075603701593137,-0.1734213388279341,2.5142739084968966,-3.4814415695099266,-1.7891162609096205
49.0,229.0,1003.3800048828124,-2.51134873995314,-3.083569324284288,0.7504702103665593,3.574384871547472,-0.3448927709175521,3.075603701593137,-0.1734213388279341,2.5142739084968966,-3.4814415695099266,-1.7891162609096205
49.0,229.0,1003.3804931640624,-2.511347641037315,-3.083569324284288,0.7504702103665593,3.574377793406593,-0.3449590967241842,3.075603701593137,-0.1733728451562125,2.5142113145837763,-3.481524289223708,-1.78911607598492
49.0,229.0,1003.3804931640624,-2.51076980355598,-3.0835693195628693,0.7504702103665593,3.5743598675662227,-0.344895785091109,3.075604622104654,-0.1734243576294831,2.5142739084968966,-3.4814416353001296,-1.7891157741969483
49.0,229.0,1003.3807373046876,-2.511347641037315,-3.083569324284288,0.7504702103665593,3.574377724638836,-0.3449590967241842,3.075603701593137,-0.1733732522156456,2.514193275144315,-3.481525121587272,-1.789116082807189
49.0,229.0,1003.3812866210938,-2.5114547185469163,-3.0835693242305418,0.7504702103665593,3.5743847754447846,-0.3449597200900562,3.0755662829674333,-0.1734198712813639,2.5144273562429027,-3.481520767100832,-1.7891023579132117
49.0,230.0,1003.3716430664062,-2.511347641037315,-3.0835693242864464,0.7504702103665593,3.574384725550212,-0.3448849308859336,3.075565386987161,-0.1733700554133474,2.514274367427576,-3.4814415695099266,-1.7891162609096205
49.0,230.0,1003.3716430664062,-2.511347641037315,-3.0835693242864464,0.7504702103665593,3.574384727236749,-0.3448849308859336,3.075565386987161,-0.1733700554133474,2.51427364775399,-3.4814415695099266,-1.7891162609096205
49.0,230.0,1003.3721923828124,-2.511347641037315,-3.0835693194201976,0.7504702103665593,3.574384762012495,-0.3448842923256348,3.075603701593137,-0.1733516160236927,2.5142811011625423,-3.4814427501424574,-1.7891162609096205
49.0,230.0,1003.3722534179688,-2.511347641037315,-3.0835693194201976,0.7504702103665593,3.574378035587428,-0.3448842923256348,3.075603701593137,-0.1733571704442276,2.5142804557873464,-3.4814427501424574,-1.7891162571869057
49.0,230.0,1003.3726806640624,-2.5113484151169168,-3.0835693196715748,0.7504702103665593,3.574385057628757,-0.3448792401066676,3.0756047838806886,-0.1733574068557263,2.5142739084968966,-3.481441546291613,-1.789103778438805
49.0,230.0,1003.372802734375,-2.511347641037315,-3.0835693194201976,0.7504702103665593,3.574384762012495,-0.3448842923256348,3.075603701593137,-0.1733571704442276,2.514281724476366,-3.4814427501424574,-1.7891162609096205
49.0,230.0,1003.3728637695312,-2.511347641037315,-3.083569319361537,0.7504702103665593,3.574384890516158,-0.3448842923256348,3.075603701593137,-0.173355882910213,2.514268793787652,-3.4814427787677817,-1.7891162609096205
49.0,230.0,1003.3729858398438,-2.5116821040178388,-3.0835693194201976,0.7504702103665593,3.57438421449894,-0.3448842923256348,3.075603701593137,-0.1733515966419493,2.5142114541597653,-3.4814419464042183,-1.7891162540873515
49.0,230.0,1003.3733520507812,-2.5116821040178388,-3.083569319632023,0.7504702103665593,3.574384757063459,-0.3448842923256348,3.075603298412291,-0.1733520037013824,2.514193414720304,-3.4814427787677817,-1.7891028041905308
49.0,230.0,1003.3734741210938,-2.5116794185292384,-3.0835693195847256,0.7504702103665593,3.574384061647019,-0.3448842923256348,3.075603701593137,-0.1733520037013824,2.514193414720304,-3.4814416454516137,-1.7891162609096205
49.0,230.0,1003.3734741210938,-2.511455354213449,-3.083569324281106,0.7504702103665593,3.574377317193264,-0.3448842923256348,3.075603701593137,-0.1733700558798021,2.514273885415836,-3.481441626140179,-1.7891155441264666
49.0,230.0,1003.37353515625,-2.5116821040178388,-3.0835693194201976,0.7504702103665593,3.574384145731182,-0.3448842923256348,3.075603701593137,-0.1733520037013824,2.514193414720304,-3.4814427787677817,-1.7891162609096205
49.0,230.0,1003.37353515625,-2.51144094940228,-3.083569324155448,0.7504702103665593,3.574384757063459,-0.3448849800276376,3.075603298412291,-0.1733520037013824,2.514193414720304,-3.4814427787677817,-1.7891028041905308
49.0,230.0,1003.37353515625,-2.5114547185469163,-3.0835693242305418,0.7504702103665593,3.5743847754447846,-0.3448851276273513,3.075603135533256,-0.1733740388569454,2.514539974591408,-3.481441654913807,-1.7891023579132117
49.0,230.0,1003.37353515625,-2.511449698230986,-3.083569319632023,0.7504702103665593,3.574384757063459,-0.3448842923256348,3.075603298412291,-0.1733520037013824,2.514193414720304,-3.4814427787677817,-1.7891028041905308
49.0,230.0,1003.3736572265624,-2.511347627777748,-3.083569324284288,0.7504702103665593,3.5743775197411725,-0.3448842923256348,3.075603701593137,-0.1733700558798021,2.5142739084968966,-3.4814415695099266,-1.7891162609096205
49.0,230.0,1003.3736572265624,-2.511347627777748,-3.083569324284288,0.7504702103665593,3.5743775197411725,-0.3448842923256348,3.075603701593137,-0.1733700558798021,2.5142739084968966,-3.4814415695099266,-1.7891162609096205
49.0,230.0,1003.3740234375,-2.5114508632621644,-3.083569324283539,0.7504702103665593,3.574377352842834,-0.3449605928850587,3.0756058618893176,-0.1733542366817946,2.514213429936018,-3.481437485876507,-1.7891042246912985
49.0,230.0,1003.3740844726562,-2.5116958731624752,-3.083569319707117,0.7504702103665593,3.5743847754447846,-0.3448842279895039,3.0755662829674333,-0.1734198712813639,2.5144273562429027,-3.481438011287809,-1.7891023579132117
49.0,230.0,1003.3742065429688,-2.5114547185469163,-3.0835693242305418,0.7504702103665593,3.5743847754447846,-0.3448849156915068,3.0755662829674333,-0.1734198712813639,2.5144273562429027,-3.481438011287809,-1.7891023579132117
49.0,230.0,1003.3742065429688,-2.511347641037315,-3.083569324284288,0.7504702103665593,3.574384724313266,-0.3448842923256348,3.075603701593137,-0.1733700554133474,2.514274367427576,-3.4814415695099266,-1.7891162609096205
49.0,230.0,1003.3742065429688,-2.511347641037315,-3.083569324284288,0.7504702103665593,3.574384724313266,-0.3448842923256348,3.075603701593137,-0.1733700554133474,2.514274367427576,-3.4814415695099266,-1.7891162609096205
49.0,230.0,1003.374267578125,-2.51134873995314,-3.083569324284288,0.7504702103665593,3.574384871547472,-0.3448842923256348,3.075603701593137,-0.1733700558798021,2.5142739084968966,-3.4814415695099266,-1.7891162609096205
49.0,230.0,1003.374267578125,-2.51134873995314,-3.083569324284288,0.7504702103665593,3.574384871547472,-0.3448842923256348,3.075603701593137,-0.1733700558798021,2.5142739084968966,-3.4814415695099266,-1.7891162609096205
49.0,230.0,1003.374267578125,-2.511347641037315,-3.0835693194201976,0.7504702103665593,3.574384279104002,-0.3448842923256348,3.075603701593137,-0.173355882910213,2.514193414720304,-3.4814427787677817,-1.7891162609096205
49.0,230.0,1003.374267578125,-2.51134873995314,-3.083569324284288,0.7504702103665593,3.574384871547472,-0.3448842923256348,3.075603701593137,-0.1733700558798021,2.5142739084968966,-3.4814415695099266,-1.7891162609096205
49.0,230.0,1003.374267578125,-2.5113477539920352,-3.083569324284288,0.7504702103665593,3.5743844629571258,-0.3448847154709504,3.075603701593137,-0.1733700554133474,2.514274367427576,-3.481441641866589,-1.7891193355968915
49.0,230.0,1003.374267578125,-2.51134873995314,-3.083569324284288,0.7504702103665593,3.574384876202408,-0.3448842923256348,3.075603701593137,-0.1733700558798021,2.5142739084968966,-3.4814415695099266,-1.7891162609096205
49.0,230.0,1003.3743286132812,-2.5113484151169168,-3.083569324284288,0.7504702103665593,3.574385057628757,-0.3448842923256348,3.075604784303335,-0.1733700558798021,2.5142739084968966,-3.4814415695099266,-1.7891160626881348
49.0,230.0,1003.3743286132812,-2.5113484151169168,-3.083569324284288,0.7504702103665593,3.574385057628757,-0.3448842923256348,3.075604784303335,-0.1733700558798021,2.5142739084968966,-3.4814415695099266,-1.7891160626881348
49.0,230.0,1003.3743896484376,-2.511347641037315,-3.0835693194201976,0.7504702103665593,3.574384279104002,-0.3448842923256348,3.075603701593137,-0.1733571511586226,2.514193414720304,-3.4814427501424574,-1.7891162609096205
49.0,230.0,1003.3744506835938,-2.5113484151169168,-3.083569324284288,0.7504702103665593,3.574385057628757,-0.3448790505799503,3.075604784303335,-0.1733741266661622,2.5142739084968966,-3.4814415695099266,-1.789103778438805
49.0,230.0,1003.3749389648438,-2.51076980355598,-3.0835693195628693,0.7504702103665593,3.574384145690449,-0.3448841671106796,3.075604622104654,-0.1733577238698019,2.5142739084968966,-3.4814416910573134,-1.7891029978714086
49.0,230.0,1003.375,-2.511347641037315,-3.083569324284288,0.7504702103665593,3.574377793406593,-0.3448842923256348,3.075603701593137,-0.1733715769078029,2.5142115328291794,-3.481441558814715,-1.7891162571786006
49.0,230.0,1003.375,-2.5113476279348625,-3.083569324284288,0.7504702103665593,3.574377793406593,-0.3448842923256348,3.075603701593137,-0.1733715769078029,2.5142115328291794,-3.481441569595056,-1.7891162571786006
49.0,230.0,1003.375,-2.511347641037315,-3.083569324284288,0.7504702103665593,3.5743777936402528,-0.3448842923256348,3.075603701593137,-0.1733715769078029,2.5142114544816097,-3.481441558814715,-1.7891162571786006
49.0,230.0,1003.3751220703124,-2.511347641037315,-3.083569324284288,0.7504702103665593,3.574377793406593,-0.3448842923256348,3.075603701593137,-0.1733728451562125,2.5142113145837763,-3.4814415334106856,-1.78911607598492
49.0,230.0,1003.3751220703124,-2.511347641037315,-3.083569324284288,0.7504702103665593,3.574377793406593,-0.3448842923256348,3.075603701593137,-0.1733728451562125,2.5142115328291794,-3.481441530189391,-1.7891162571786006
49.0,230.0,1003.375244140625,-2.511347641037315,-3.083569324284288,0.7504702103665593,3.574377771450331,-0.3448842923256348,3.075603701593137,-0.1733700554133474,2.514193414720304,-3.4814415695099266,-1.7891162609096205
49.0,230.0,1003.3753051757812,-2.5113519171869525,-3.083569324431803,0.7504702103665593,3.5743847754447846,-0.3448836504510127,3.075603610090775,-0.1733780354500418,2.514271871537874,-3.481445915756367,-1.789115099054338
49.0,230.0,1003.3755493164062,-2.5113519171869525,-3.083569324431803,0.7504702103665593,3.574385070551509,-0.3448967053318453,3.075603696506013,-0.1733780354500418,2.514271871537874,-3.481445915756367,-1.789115099054338
49.0,230.0,1003.3757934570312,-2.511347635867426,-3.083569324284288,0.7504702103665593,3.5743853319244656,-0.344884583693881,3.075604784303335,-0.1733741266661622,2.514211225169837,-3.481441531171056,-1.789103778438805
49.0,230.0,1003.3758544921876,-2.5116821040178388,-3.083569324219839,0.7504702103665593,3.574384145731182,-0.3448842923256348,3.075603701593137,-0.1733730585708348,2.5141932986195163,-3.4814427787677817,-1.78911626469991
49.0,230.0,1003.3767700195312,-2.510770317682024,-3.0835693195235145,0.7504702103665593,3.574384591857927,-0.344895785091109,3.075604622104654,-0.1733700558798021,2.5142739084968966,-3.4814416353001296,-1.7891157762547267
49.0,230.0,1003.377197265625,-2.5116821040178388,-3.0835693242554023,0.7504702103665593,3.574383968155034,-0.3448842923256348,3.075671913656659,-0.1733496727383262,2.5142676070749927,-3.4814415648340056,-1.7891160743993888
49.0,230.0,1003.37744140625,-2.5114547185469163,-3.0835693242283826,0.7504702103665593,3.5743847742078385,-0.3448842771312079,3.075604597573409,-0.1734198712813639,2.5144273562429027,-3.481438011287809,-1.7891023579132117
49.0,230.0,1003.3776245117188,-2.5116821040178388,-3.083569319632023,0.7504702103665593,3.57438403475428,-0.3448842923256348,3.075671913656659,-0.1733490772712071,2.514193414720304,-3.4814427787677817,-1.7891028039639816
49.0,230.0,1003.377685546875,-2.5113469921112146,-3.083569324231564,0.7504702103665593,3.574384976755747,-0.3448842771312079,3.075604597573409,-0.1734198712813639,2.514427379323964,-3.481437954657557,-1.7891030746963652
49.0,230.0,1003.3782348632812,-2.511347641037315,-3.0835693242749653,0.7504702103665593,3.5743775071546304,-0.3450617451727391,3.075603701593137,-0.1733728451562125,2.5142113145837763,-3.4814415334106856,-1.7891190978322002
49.0,230.0,1003.3782348632812,-2.511347641037315,-3.083569324274836,0.7504702103665593,3.5743775071546304,-0.3450617451727391,3.075603701593137,-0.1733728451562125,2.5142113145837763,-3.4814415340424967,-1.7891161919967364
49.0,231.0,1003.371337890625,-2.511347641037315,-3.0835693242428848,0.7504702103665593,3.574384216538127,-0.3448849250342437,3.0755619793399087,-0.1733700554133474,2.514274367427576,-3.481441921560456,-1.7891162606581346
49.0,231.0,1003.3716430664062,-2.511347641037315,-3.0835693242864464,0.7504702103665593,3.574384725550212,-0.3448849308859336,3.075565386987161,-0.1733700554133474,2.514274367427576,-3.4814415695099266,-1.7891162609096205
49.0,231.0,1003.3716430664062,-2.511347641037315,-3.0835693242864464,0.7504702103665593,3.574384727236749,-0.3448849308859336,3.075565386987161,-0.1733700554133474,2.51427364775399,-3.4814415695099266,-1.7891162609096205
49.0,231.0,1003.3721923828124,-2.511347641037315,-3.0835693194201976,0.7504702103665593,3.574384762012495,-0.3448842923256348,3.075603701593137,-0.1733516160236927,2.5142811011625423,-3.4814427501424574,-1.7891162609096205
49.0,231.0,1003.3722534179688,-2.511347641037315,-3.0835693194201976,0.7504702103665593,3.574378035587428,-0.3448842923256348,3.075603701593137,-0.1733571704442276,2.5142804557873464,-3.4814427501424574,-1.7891162571869057
49.0,231.0,1003.3726806640624,-2.5113484151169168,-3.0835693196715748,0.7504702103665593,3.574385057628757,-0.3448792401066676,3.0756047838806886,-0.1733574068557263,2.5142739084968966,-3.481441546291613,-1.789103778438805
49.0,231.0,1003.372802734375,-2.511347641037315,-3.0835693194201976,0.7504702103665593,3.574384762012495,-0.3448842923256348,3.075603701593137,-0.1733571704442276,2.514281724476366,-3.4814427501424574,-1.7891162609096205
49.0,231.0,1003.372802734375,-2.511347641037315,-3.083569319361537,0.7504702103665593,3.5743850538482422,-0.3448842923256348,3.075603701593137,-0.173355882910213,2.514273782474149,-3.4814427787677817,-1.7891162609096205
49.0,231.0,1003.3728637695312,-2.511347641037315,-3.083569319361537,0.7504702103665593,3.574384890516158,-0.3448842923256348,3.075603701593137,-0.173355882910213,2.514268793787652,-3.4814427787677817,-1.7891162609096205
49.0,231.0,1003.3729858398438,-2.5116821040178388,-3.0835693194201976,0.7504702103665593,3.57438421449894,-0.3448842923256348,3.075603701593137,-0.1733515966419493,2.5142114541597653,-3.4814419464042183,-1.7891162540873515
49.0,231.0,1003.373291015625,-2.511347641037315,-3.0835693194096043,0.7504702103665593,3.574378246244386,-0.3448842923256348,3.075603701593137,-0.173355882910213,2.5142109724800745,-3.4814415856421146,-1.7891162607768545
49.0,231.0,1003.3733520507812,-2.5116821040178388,-3.083569319632023,0.7504702103665593,3.574384757063459,-0.3448842923256348,3.075603298412291,-0.1733520037013824,2.514193414720304,-3.4814427787677817,-1.7891028041905308
49.0,231.0,1003.3734741210938,-2.5116794185292384,-3.0835693195847256,0.7504702103665593,3.574384061647019,-0.3448842923256348,3.075603701593137,-0.1733520037013824,2.514193414720304,-3.4814416454516137,-1.7891162609096205
49.0,231.0,1003.3734741210938,-2.511455354213449,-3.083569324281106,0.7504702103665593,3.574377317193264,-0.3448842923256348,3.075603701593137,-0.1733700558798021,2.514273885415836,-3.481441626140179,-1.7891155441264666
49.0,231.0,1003.3734741210938,-2.5114583749665744,-3.083569324284288,0.7504702103665593,3.574377517369158,-0.3448842923256348,3.075603701593137,-0.1733700558798021,2.5142738865036818,-3.481441624721241,-1.7891155220558166
49.0,231.0,1003.37353515625,-2.5116821040178388,-3.0835693194201976,0.7504702103665593,3.574384145731182,-0.3448842923256348,3.075603701593137,-0.1733520037013824,2.514193414720304,-3.4814427787677817,-1.7891162609096205
49.0,231.0,1003.37353515625,-2.51144094940228,-3.083569324155448,0.7504702103665593,3.574384757063459,-0.3448849800276376,3.075603298412291,-0.1733520037013824,2.514193414720304,-3.4814427787677817,-1.7891028041905308
49.0,231.0,1003.37353515625,-2.5114547185469163,-3.0835693242305418,0.7504702103665593,3.5743847754447846,-0.3448851276273513,3.075603135533256,-0.1733740388569454,2.514539974591408,-3.481441654913807,-1.7891023579132117
49.0,231.0,1003.37353515625,-2.511449698230986,-3.083569319632023,0.7504702103665593,3.574384757063459,-0.3448842923256348,3.075603298412291,-0.1733520037013824,2.514193414720304,-3.4814427787677817,-1.7891028041905308
49.0,231.0,1003.37353515625,-2.511440916411148,-3.0835693242327693,0.7504702103665593,3.574384757063459,-0.3448849209844791,3.075603290769212,-0.1733520037013824,2.514193414720304,-3.4814427787677817,-1.7891028041905308
49.0,231.0,1003.37353515625,-2.5114547185469163,-3.0835693242305418,0.7504702103665593,3.5743847754447846,-0.3448851276273513,3.075603135533256,-0.1733740388569454,2.514539974591408,-3.481441654913807,-1.7891023579132117
49.0,231.0,1003.37353515625,-2.5114547185469163,-3.0835693242305418,0.7504702103665593,3.5743847754447846,-0.3448849760585508,3.0755668982850524,-0.1734128243197943,2.5144273562429027,-3.481438011287809,-1.7891028379874687
49.0,231.0,1003.3736572265624,-2.511347627777748,-3.083569324284288,0.7504702103665593,3.5743775197411725,-0.3448842923256348,3.075603701593137,-0.1733700558798021,2.5142739084968966,-3.4814415695099266,-1.7891162609096205
49.0,231.0,1003.3736572265624,-2.511347627777748,-3.083569324284288,0.7504702103665593,3.5743775197411725,-0.3448842923256348,3.075603701593137,-0.1733700558798021,2.5142739084968966,-3.4814415695099266,-1.7891162609096205
49.0,231.0,1003.3736572265624,-2.511344607024622,-3.083569324281106,0.7504702103665593,3.574377319565278,-0.3448842923256348,3.075603701593137,-0.1733700558798021,2.5142739074090508,-3.4814415709288644,-1.7891162829802707
49.0,231.0,1003.3740234375,-2.5114508632621644,-3.083569324283539,0.7504702103665593,3.574377352842834,-0.3449605928850587,3.0756058618893176,-0.1733542366817946,2.514213429936018,-3.481437485876507,-1.7891042246912985
49.0,231.0,1003.3740844726562,-2.5116958731624752,-3.083569319707117,0.7504702103665593,3.5743847754447846,-0.3448842279895039,3.0755662829674333,-0.1734198712813639,2.5144273562429027,-3.481438011287809,-1.7891023579132117
49.0,231.0,1003.3742065429688,-2.5114547185469163,-3.0835693242305418,0.7504702103665593,3.5743847754447846,-0.3448849156915068,3.0755662829674333,-0.1734198712813639,2.5144273562429027,-3.481438011287809,-1.7891023579132117
49.0,231.0,1003.3742065429688,-2.511347641037315,-3.083569324284288,0.7504702103665593,3.574384724313266,-0.3448842923256348,3.075603701593137,-0.1733700554133474,2.514274367427576,-3.4814415695099266,-1.7891162609096205
49.0,231.0,1003.3742065429688,-2.511347641037315,-3.083569324284288,0.7504702103665593,3.574384724313266,-0.3448842923256348,3.075603701593137,-0.1733700554133474,2.514274367427576,-3.4814415695099266,-1.7891162609096205
49.0,231.0,1003.3742065429688,-2.511690398830803,-3.0835693194376166,0.7504702103665593,3.574384145690026,-0.3448841671106796,3.075604608947087,-0.1733577238698019,2.5141858776952977,-3.481441689257894,-1.7891029978714086
49.0,231.0,1003.374267578125,-2.51134873995314,-3.083569324284288,0.7504702103665593,3.574384871547472,-0.3448842923256348,3.075603701593137,-0.1733700558798021,2.5142739084968966,-3.4814415695099266,-1.7891162609096205
49.0,231.0,1003.374267578125,-2.51134873995314,-3.083569324284288,0.7504702103665593,3.574384871547472,-0.3448842923256348,3.075603701593137,-0.1733700558798021,2.5142739084968966,-3.4814415695099266,-1.7891162609096205
49.0,231.0,1003.374267578125,-2.511347641037315,-3.0835693194201976,0.7504702103665593,3.574384279104002,-0.3448842923256348,3.075603701593137,-0.173355882910213,2.514193414720304,-3.4814427787677817,-1.7891162609096205
49.0,231.0,1003.374267578125,-2.51134873995314,-3.083569324284288,0.7504702103665593,3.574384871547472,-0.3448842923256348,3.075603701593137,-0.1733700558798021,2.5142739084968966,-3.4814415695099266,-1.7891162609096205
49.0,231.0,1003.374267578125,-2.5113477539920352,-3.083569324284288,0.7504702103665593,3.5743844629571258,-0.3448847154709504,3.075603701593137,-0.1733700554133474,2.514274367427576,-3.481441641866589,-1.7891193355968915
49.0,231.0,1003.374267578125,-2.51134873995314,-3.083569324284288,0.7504702103665593,3.574384876202408,-0.3448842923256348,3.075603701593137,-0.1733700558798021,2.5142739084968966,-3.4814415695099266,-1.7891162609096205
49.0,231.0,1003.374267578125,-2.51134873995314,-3.083569324284288,0.7504702103665593,3.574384876202408,-0.3448842923256348,3.075603701593137,-0.1733700558798021,2.5142739084968966,-3.4814415695099266,-1.7891162609096205
49.0,231.0,1003.374267578125,-2.5113477539920352,-3.083569324284288,0.7504702103665593,3.5743844629571258,-0.3448847154709504,3.075603701593137,-0.1733700554133474,2.5142743452522365,-3.481441641866589,-1.7891193355968915
49.0,231.0,1003.3743286132812,-2.5113484151169168,-3.083569324284288,0.7504702103665593,3.574385057628757,-0.3448842923256348,3.075604784303335,-0.1733700558798021,2.5142739084968966,-3.4814415695099266,-1.7891160626881348
49.0,231.0,1003.3743286132812,-2.5113484151169168,-3.083569324284288,0.7504702103665593,3.574385057628757,-0.3448842923256348,3.075604784303335,-0.1733700558798021,2.5142739084968966,-3.4814415695099266,-1.7891160626881348
49.0,231.0,1003.3743286132812,-2.511347641037315,-3.0835693194201976,0.7504702103665593,3.574384249946799,-0.3448842923256348,3.075603298751062,-0.1733571511586226,2.514193414720304,-3.48144277706144,-1.7891162609096205
49.0,231.0,1003.3743286132812,-2.5113476083388946,-3.083569324284288,0.7504702103665593,3.574385057628757,-0.3448842923256348,3.075604784303335,-0.1733700558798021,2.5142739084968966,-3.4814415695099266,-1.7891160626881348
49.0,231.0,1003.3743896484376,-2.511347641037315,-3.0835693194201976,0.7504702103665593,3.574384279104002,-0.3448842923256348,3.075603701593137,-0.1733571511586226,2.514193414720304,-3.4814427501424574,-1.7891162609096205
49.0,231.0,1003.3744506835938,-2.5113484151169168,-3.083569324284288,0.7504702103665593,3.574385057628757,-0.3448790505799503,3.075604784303335,-0.1733741266661622,2.5142739084968966,-3.4814415695099266,-1.789103778438805
49.0,231.0,1003.3749389648438,-2.51076980355598,-3.0835693195628693,0.7504702103665593,3.574384145690449,-0.3448841671106796,3.075604622104654,-0.1733577238698019,2.5142739084968966,-3.4814416910573134,-1.7891029978714086
49.0,231.0,1003.375,-2.511347641037315,-3.083569324284288,0.7504702103665593,3.574377793406593,-0.3448842923256348,3.075603701593137,-0.1733715769078029,2.5142115328291794,-3.481441558814715,-1.7891162571786006
49.0,231.0,1003.375,-2.5113476279348625,-3.083569324284288,0.7504702103665593,3.574377793406593,-0.3448842923256348,3.075603701593137,-0.1733715769078029,2.5142115328291794,-3.481441569595056,-1.7891162571786006
49.0,231.0,1003.375,-2.511347641037315,-3.083569324284288,0.7504702103665593,3.5743777936402528,-0.3448842923256348,3.075603701593137,-0.1733715769078029,2.5142114544816097,-3.481441558814715,-1.7891162571786006
49.0,231.0,1003.375,-2.511347641037315,-3.083569324284288,0.7504702103665593,3.574377793406593,-0.3448842923256348,3.075603701593137,-0.1733715769078029,2.5142115328291794,-3.481441558814715,-1.7891162571786006
49.0,232.0,1003.371337890625,-2.511347641037315,-3.0835693242428848,0.7504702103665593,3.574384216538127,-0.3448849250342437,3.0755619793399087,-0.1733700554133474,2.514274367427576,-3.481441921560456,-1.7891162606581346
49.0,232.0,1003.37158203125,-2.51134671405177,-3.083569324283256,0.7504702103665593,3.574377352842834,-0.3448859975039192,3.0756041181509235,-0.1733542366817946,2.514275352847093,-3.481437402226901,-1.7891042246912985
49.0,232.0,1003.3716430664062,-2.511347641037315,-3.0835693242864464,0.7504702103665593,3.574384725550212,-0.3448849308859336,3.075565386987161,-0.1733700554133474,2.514274367427576,-3.4814415695099266,-1.7891162609096205
49.0,232.0,1003.3716430664062,-2.511347641037315,-3.0835693242864464,0.7504702103665593,3.574384727236749,-0.3448849308859336,3.075565386987161,-0.1733700554133474,2.51427364775399,-3.4814415695099266,-1.7891162609096205
49.0,232.0,1003.3717651367188,-2.511347641037315,-3.0835693194201976,0.7504702103665593,3.574377855422729,-0.3448842923256348,3.075603701593137,-0.1733516160236927,2.5142733408384323,-3.481442752117552,-1.7891162518383923
49.0,232.0,1003.3720703125,-2.5114583749665744,-3.083569324284288,0.7504702103665593,3.574384328203064,-0.3448842923256348,3.075603701593137,-0.1733520590180793,2.514275339359282,-3.481441624721241,-1.7891155220558166
49.0,232.0,1003.3721923828124,-2.511347641037315,-3.0835693194201976,0.7504702103665593,3.574384762012495,-0.3448842923256348,3.075603701593137,-0.1733516160236927,2.5142811011625423,-3.4814427501424574,-1.7891162609096205
49.0,232.0,1003.3722534179688,-2.511347641037315,-3.0835693194201976,0.7504702103665593,3.574378035587428,-0.3448842923256348,3.075603701593137,-0.1733571704442276,2.5142804557873464,-3.4814427501424574,-1.7891162571869057
49.0,232.0,1003.3722534179688,-2.5116821040178388,-3.0835693194201976,0.7504702103665593,3.574384776661212,-0.3448842901918032,3.075603701593137,-0.173344222444973,2.5142114541597653,-3.4814419464042183,-1.789116856464794
49.0,232.0,1003.3722534179688,-2.5113476091338063,-3.083569319749736,0.7504702103665593,3.574378035587428,-0.3448842923256348,3.075603701593137,-0.1733571704442276,2.514280758246047,-3.4814427501424574,-1.7891162571869057
49.0,232.0,1003.372314453125,-2.511347641037315,-3.0835693194201976,0.7504702103665593,3.574378340728068,-0.3448842923256348,3.075603701593137,-0.1733571704442276,2.5142805603301994,-3.4814427501424574,-1.7891162571869057
49.0,232.0,1003.372314453125,-2.511690398830803,-3.083569324217377,0.7504702103665593,3.574384145690026,-0.3448848622865524,3.0755641548596286,-0.1733577238698019,2.5141874885195943,-3.481441685474367,-1.7891164608461343
49.0,232.0,1003.3726806640624,-2.5113484151169168,-3.0835693196715748,0.7504702103665593,3.574385057628757,-0.3448792401066676,3.0756047838806886,-0.1733574068557263,2.5142739084968966,-3.481441546291613,-1.789103778438805
49.0,232.0,1003.3726806640624,-2.5113484151169168,-3.0835693196715748,0.7504702103665593,3.574385057628757,-0.3448792697602535,3.0756047838806886,-0.1733574068557263,2.5142739084968966,-3.481441546291613,-1.7891027935281951
49.0,232.0,1003.372802734375,-2.511347641037315,-3.0835693194201976,0.7504702103665593,3.574384762012495,-0.3448842923256348,3.075603701593137,-0.1733571704442276,2.514281724476366,-3.4814427501424574,-1.7891162609096205
49.0,232.0,1003.372802734375,-2.511347641037315,-3.083569319361537,0.7504702103665593,3.5743850538482422,-0.3448842923256348,3.075603701593137,-0.173355882910213,2.514273782474149,-3.4814427787677817,-1.7891162609096205
49.0,232.0,1003.372802734375,-2.511347542957149,-3.083569324628628,0.7504702103665593,3.5743850538482422,-0.3448842923256348,3.075603701593137,-0.173355882910213,2.514273781070967,-3.4814427787677817,-1.7891162609096205
49.0,232.0,1003.3728637695312,-2.511347641037315,-3.083569319361537,0.7504702103665593,3.574384890516158,-0.3448842923256348,3.075603701593137,-0.173355882910213,2.514268793787652,-3.4814427787677817,-1.7891162609096205
49.0,232.0,1003.3728637695312,-2.511347641037315,-3.083569319361537,0.7504702103665593,3.574384890516158,-0.3448842626720488,3.075603701593137,-0.173355882910213,2.514268793787652,-3.4814427787677817,-1.789117245820231
49.0,232.0,1003.3729858398438,-2.5116821040178388,-3.0835693194201976,0.7504702103665593,3.57438421449894,-0.3448842923256348,3.075603701593137,-0.1733515966419493,2.5142114541597653,-3.4814419464042183,-1.7891162540873515
49.0,232.0,1003.3729858398438,-2.5113484151169168,-3.083569319593987,0.7504702103665593,3.574385057628757,-0.3448844030755187,3.0756047838802414,-0.1733574430081492,2.5142739084968966,-3.481441569346265,-1.7891160626881348
49.0,232.0,1003.373291015625,-2.511347641037315,-3.0835693194096043,0.7504702103665593,3.574378246244386,-0.3448842923256348,3.075603701593137,-0.173355882910213,2.5142109724800745,-3.4814415856421146,-1.7891162607768545
49.0,232.0,1003.3733520507812,-2.5116821040178388,-3.083569319632023,0.7504702103665593,3.574384757063459,-0.3448842923256348,3.075603298412291,-0.1733520037013824,2.514193414720304,-3.4814427787677817,-1.7891028041905308
49.0,232.0,1003.3733520507812,-2.5116821040178388,-3.083569319632023,0.7504702103665593,3.574384757063459,-0.3448842923256348,3.075603298412291,-0.1733520037013824,2.514193414720304,-3.4814427787677817,-1.7891028041905308
49.0,232.0,1003.3733520507812,-2.5116821040178388,-3.083569319632023,0.7504702103665593,3.574384757063459,-0.3448842923256348,3.075603298412291,-0.1733520037013824,2.514193414720304,-3.4814427787677817,-1.7891028041905308
49.0,232.0,1003.3734741210938,-2.5116794185292384,-3.0835693195847256,0.7504702103665593,3.574384061647019,-0.3448842923256348,3.075603701593137,-0.1733520037013824,2.514193414720304,-3.4814416454516137,-1.7891162609096205
49.0,232.0,1003.3734741210938,-2.511455354213449,-3.083569324281106,0.7504702103665593,3.574377317193264,-0.3448842923256348,3.075603701593137,-0.1733700558798021,2.514273885415836,-3.481441626140179,-1.7891155441264666
49.0,232.0,1003.3734741210938,-2.5114583749665744,-3.083569324284288,0.7504702103665593,3.574377517369158,-0.3448842923256348,3.075603701593137,-0.1733700558798021,2.5142738865036818,-3.481441624721241,-1.7891155220558166
49.0,232.0,1003.37353515625,-2.5116821040178388,-3.0835693194201976,0.7504702103665593,3.574384145731182,-0.3448842923256348,3.075603701593137,-0.1733520037013824,2.514193414720304,-3.4814427787677817,-1.7891162609096205
49.0,232.0,1003.37353515625,-2.51144094940228,-3.083569324155448,0.7504702103665593,3.574384757063459,-0.3448849800276376,3.075603298412291,-0.1733520037013824,2.514193414720304,-3.4814427787677817,-1.7891028041905308
49.0,232.0,1003.37353515625,-2.5114547185469163,-3.0835693242305418,0.7504702103665593,3.5743847754447846,-0.3448851276273513,3.075603135533256,-0.1733740388569454,2.514539974591408,-3.481441654913807,-1.7891023579132117
49.0,232.0,1003.37353515625,-2.511449698230986,-3.083569319632023,0.7504702103665593,3.574384757063459,-0.3448842923256348,3.075603298412291,-0.1733520037013824,2.514193414720304,-3.4814427787677817,-1.7891028041905308
49.0,232.0,1003.37353515625,-2.511440916411148,-3.0835693242327693,0.7504702103665593,3.574384757063459,-0.3448849209844791,3.075603290769212,-0.1733520037013824,2.514193414720304,-3.4814427787677817,-1.7891028041905308
49.0,232.0,1003.37353515625,-2.5114547185469163,-3.0835693242305418,0.7504702103665593,3.5743847754447846,-0.3448851276273513,3.075603135533256,-0.1733740388569454,2.514539974591408,-3.481441654913807,-1.7891023579132117
49.0,232.0,1003.37353515625,-2.5114547185469163,-3.0835693242305418,0.7504702103665593,3.5743847754447846,-0.3448849760585508,3.0755668982850524,-0.1734128243197943,2.5144273562429027,-3.481438011287809,-1.7891028379874687
49.0,232.0,1003.37353515625,-2.511454791578641,-3.083569319632023,0.7504702103665593,3.5743847566713374,-0.3448842923256348,3.075603298412291,-0.1733520037013824,2.514193414720304,-3.4814427787677817,-1.789102244815818
49.0,232.0,1003.37353515625,-2.51144094940228,-3.083569324155448,0.7504702103665593,3.574384757063459,-0.3448849212223649,3.075603298412291,-0.1733520037013824,2.514193414720304,-3.4814427787677817,-1.7891028041905308
49.0,232.0,1003.3735961914062,-2.511453771889062,-3.0835693242305418,0.7504702103665593,3.574385056220682,-0.3448851276273513,3.0756047656763386,-0.1733741481164429,2.5145256010598955,-3.481441564523825,-1.7891028004958711
49.0,232.0,1003.3736572265624,-2.511347627777748,-3.083569324284288,0.7504702103665593,3.5743775197411725,-0.3448842923256348,3.075603701593137,-0.1733700558798021,2.5142739084968966,-3.4814415695099266,-1.7891162609096205
49.0,232.0,1003.3736572265624,-2.511347627777748,-3.083569324284288,0.7504702103665593,3.5743775197411725,-0.3448842923256348,3.075603701593137,-0.1733700558798021,2.5142739084968966,-3.4814415695099266,-1.7891162609096205
49.0,232.0,1003.3736572265624,-2.511344607024622,-3.083569324281106,0.7504702103665593,3.574377319565278,-0.3448842923256348,3.075603701593137,-0.1733700558798021,2.5142739074090508,-3.4814415709288644,-1.7891162829802707
49.0,232.0,1003.3736572265624,-2.5113447051047872,-3.083569319014016,0.7504702103665593,3.574377319565278,-0.3448842923256348,3.075603701593137,-0.1733700558798021,2.514273908812232,-3.4814415709288644,-1.7891162829802707
49.0,232.0,1003.3736572265624,-2.511344559677084,-3.0835693191372378,0.7504702103665593,3.574377319565278,-0.3448842923256348,3.075603701593137,-0.1733700558798021,2.5142739074090508,-3.4814415709288644,-1.7891162604774338
49.0,232.0,1003.3739013671876,-2.5114583749665744,-3.083569324284288,0.7504702103665593,3.574384423958924,-0.3448842923256348,3.075603701593137,-0.1733700558798021,2.514281646827792,-3.481441622746146,-1.7891155311270446
49.0,232.0,1003.3740234375,-2.5114508632621644,-3.083569324283539,0.7504702103665593,3.574377352842834,-0.3449605928850587,3.0756058618893176,-0.1733542366817946,2.514213429936018,-3.481437485876507,-1.7891042246912985
49.0,232.0,1003.3740844726562,-2.5116958731624752,-3.083569319707117,0.7504702103665593,3.5743847754447846,-0.3448842279895039,3.0755662829674333,-0.1734198712813639,2.5144273562429027,-3.481438011287809,-1.7891023579132117
49.0,232.0,1003.3742065429688,-2.5114547185469163,-3.0835693242305418,0.7504702103665593,3.5743847754447846,-0.3448849156915068,3.0755662829674333,-0.1734198712813639,2.5144273562429027,-3.481438011287809,-1.7891023579132117
49.0,232.0,1003.3742065429688,-2.511347641037315,-3.083569324284288,0.7504702103665593,3.574384724313266,-0.3448842923256348,3.075603701593137,-0.1733700554133474,2.514274367427576,-3.4814415695099266,-1.7891162609096205
49.0,232.0,1003.3742065429688,-2.511347641037315,-3.083569324284288,0.7504702103665593,3.574384724313266,-0.3448842923256348,3.075603701593137,-0.1733700554133474,2.514274367427576,-3.4814415695099266,-1.7891162609096205
49.0,232.0,1003.3742065429688,-2.511690398830803,-3.0835693194376166,0.7504702103665593,3.574384145690026,-0.3448841671106796,3.075604608947087,-0.1733577238698019,2.5141858776952977,-3.481441689257894,-1.7891029978714086
49.0,233.0,1003.3683471679688,-2.5114547185469163,-3.083569319642784,0.7504702103665593,3.5743847806944204,-0.3448843127565481,3.0755668982850524,-0.1733579363823035,2.514425616595421,-3.481437977119375,-1.789116324885087
49.0,233.0,1003.3693237304688,-2.5116881840917373,-3.0835693242843907,0.7504702103665593,3.574377352842834,-0.3448859975039192,3.0755634356632124,-0.1733577382990479,2.514275352847093,-3.481437402226901,-1.789116521492917
49.0,233.0,1003.3710327148438,-2.51134760904674,-3.083569319749736,0.7504702103665593,3.574378035587428,-0.3448842923256348,3.0755647968234934,-0.1733696741385936,2.51427433404702,-3.4814427501424574,-1.7891162572406298
49.0,233.0,1003.371337890625,-2.511347641037315,-3.0835693242428848,0.7504702103665593,3.574384216538127,-0.3448849250342437,3.0755619793399087,-0.1733700554133474,2.514274367427576,-3.481441921560456,-1.7891162606581346
49.0,233.0,1003.3713989257812,-2.511352109524621,-3.0835693242428848,0.7504702103665593,3.574384216538127,-0.344884932279658,3.0755619793399087,-0.1733700554133474,2.514274367427576,-3.481441921560456,-1.7891162606581346
49.0,233.0,1003.3714599609376,-2.5116821040178388,-3.083569319632023,0.7504702103665593,3.5743847111374727,-0.3448842923256348,3.075561836877395,-0.1733520037013824,2.514191692836264,-3.4814427787677817,-1.789102612117324
49.0,233.0,1003.3715209960938,-2.5114583749665744,-3.083569324646439,0.7504702103665593,3.574377408434453,-0.3448842923256348,3.075603701593137,-0.1733520590180793,2.514273970668884,-3.481441623809142,-1.7891162591256575
49.0,233.0,1003.37158203125,-2.51134671405177,-3.083569324283256,0.7504702103665593,3.574377352842834,-0.3448859975039192,3.0756041181509235,-0.1733542366817946,2.514275352847093,-3.481437402226901,-1.7891042246912985
49.0,233.0,1003.3716430664062,-2.511347641037315,-3.0835693242864464,0.7504702103665593,3.574384725550212,-0.3448849308859336,3.075565386987161,-0.1733700554133474,2.514274367427576,-3.4814415695099266,-1.7891162609096205
49.0,233.0,1003.3716430664062,-2.511347641037315,-3.0835693242864464,0.7504702103665593,3.574384727236749,-0.3448849308859336,3.075565386987161,-0.1733700554133474,2.51427364775399,-3.4814415695099266,-1.7891162609096205
49.0,233.0,1003.3716430664062,-2.511347641037315,-3.0835693242864464,0.7504702103665593,3.5743847272475446,-0.3448849308859336,3.075565386987161,-0.1733700554133474,2.51427365306418,-3.4814415695099266,-1.7891162609096205
49.0,233.0,1003.3717651367188,-2.511347641037315,-3.0835693194201976,0.7504702103665593,3.574377855422729,-0.3448842923256348,3.075603701593137,-0.1733516160236927,2.5142733408384323,-3.481442752117552,-1.7891162518383923
49.0,233.0,1003.3720703125,-2.5114583749665744,-3.083569324284288,0.7504702103665593,3.574384328203064,-0.3448842923256348,3.075603701593137,-0.1733520590180793,2.514275339359282,-3.481441624721241,-1.7891155220558166
49.0,233.0,1003.3721923828124,-2.511347641037315,-3.0835693194201976,0.7504702103665593,3.574384762012495,-0.3448842923256348,3.075603701593137,-0.1733516160236927,2.5142811011625423,-3.4814427501424574,-1.7891162609096205
49.0,233.0,1003.3722534179688,-2.511347641037315,-3.0835693194201976,0.7504702103665593,3.574378035587428,-0.3448842923256348,3.075603701593137,-0.1733571704442276,2.5142804557873464,-3.4814427501424574,-1.7891162571869057
49.0,233.0,1003.3722534179688,-2.5116821040178388,-3.0835693194201976,0.7504702103665593,3.574384776661212,-0.3448842901918032,3.075603701593137,-0.173344222444973,2.5142114541597653,-3.4814419464042183,-1.789116856464794
49.0,233.0,1003.3722534179688,-2.5113476091338063,-3.083569319749736,0.7504702103665593,3.574378035587428,-0.3448842923256348,3.075603701593137,-0.1733571704442276,2.514280758246047,-3.4814427501424574,-1.7891162571869057
49.0,233.0,1003.3722534179688,-2.511347641037315,-3.0835693194201976,0.7504702103665593,3.57437802537483,-0.3448842923256348,3.075603701593137,-0.1733571704442276,2.514280557376666,-3.4814427501424574,-1.7891162571869057
49.0,233.0,1003.372314453125,-2.511347641037315,-3.0835693194201976,0.7504702103665593,3.574378340728068,-0.3448842923256348,3.075603701593137,-0.1733571704442276,2.5142805603301994,-3.4814427501424574,-1.7891162571869057
49.0,233.0,1003.372314453125,-2.511690398830803,-3.083569324217377,0.7504702103665593,3.574384145690026,-0.3448848622865524,3.0755641548596286,-0.1733577238698019,2.5141874885195943,-3.481441685474367,-1.7891164608461343
49.0,233.0,1003.372314453125,-2.5116821040178388,-3.08356931942117,0.7504702103665593,3.574385062074956,-0.3448842901918032,3.075604774616879,-0.173344222444973,2.5142114541597653,-3.4814419464042183,-1.789116070542916
49.0,233.0,1003.372314453125,-2.511347641037315,-3.0835693194201976,0.7504702103665593,3.5743783509406657,-0.3448842923256348,3.075603701593137,-0.1733571704442276,2.51428045874088,-3.4814427501424574,-1.7891162571869057
49.0,233.0,1003.3726806640624,-2.5113484151169168,-3.0835693196715748,0.7504702103665593,3.574385057628757,-0.3448792401066676,3.0756047838806886,-0.1733574068557263,2.5142739084968966,-3.481441546291613,-1.789103778438805
49.0,233.0,1003.3726806640624,-2.5113484151169168,-3.0835693196715748,0.7504702103665593,3.574385057628757,-0.3448792697602535,3.0756047838806886,-0.1733574068557263,2.5142739084968966,-3.481441546291613,-1.7891027935281951
49.0,233.0,1003.3726806640624,-2.511347541926951,-3.0835693194201976,0.7504702103665593,3.574384762012495,-0.3448842923256348,3.075603701593137,-0.1733558182291651,2.514281580125614,-3.4814427501424574,-1.7891162609096205
49.0,233.0,1003.3726806640624,-2.511347641037315,-3.083569319361537,0.7504702103665593,3.5743848939922884,-0.3448842923256348,3.075603701593137,-0.173355882910213,2.514282066890929,-3.481442746717128,-1.7891162609096205
49.0,233.0,1003.3726806640624,-2.5113484151169168,-3.0835693196715748,0.7504702103665593,3.574385057622444,-0.3448793439900899,3.0756047838806886,-0.1733572946557491,2.5142739084968966,-3.481441546291613,-1.7891027935281951
49.0,233.0,1003.3727416992188,-2.511347748755256,-3.0835693194201976,0.7504702103665593,3.574377581529629,-0.3448842923256348,3.075603701593137,-0.1733515970777085,2.514212264116705,-3.4814419464042183,-1.7891162540873515
49.0,233.0,1003.372802734375,-2.511347641037315,-3.0835693194201976,0.7504702103665593,3.574384762012495,-0.3448842923256348,3.075603701593137,-0.1733571704442276,2.514281724476366,-3.4814427501424574,-1.7891162609096205
49.0,233.0,1003.372802734375,-2.511347641037315,-3.083569319361537,0.7504702103665593,3.5743850538482422,-0.3448842923256348,3.075603701593137,-0.173355882910213,2.514273782474149,-3.4814427787677817,-1.7891162609096205
49.0,233.0,1003.372802734375,-2.511347542957149,-3.083569324628628,0.7504702103665593,3.5743850538482422,-0.3448842923256348,3.075603701593137,-0.173355882910213,2.514273781070967,-3.4814427787677817,-1.7891162609096205
49.0,233.0,1003.372802734375,-2.5116821040178388,-3.083569319632023,0.7504702103665593,3.574377548441145,-0.3448842923256348,3.0756041360877355,-0.1733521225827178,2.5141950770509047,-3.4814427787677817,-1.7891043124861958
49.0,233.0,1003.3728637695312,-2.511347641037315,-3.083569319361537,0.7504702103665593,3.574384890516158,-0.3448842923256348,3.075603701593137,-0.173355882910213,2.514268793787652,-3.4814427787677817,-1.7891162609096205
49.0,233.0,1003.3728637695312,-2.511347641037315,-3.083569319361537,0.7504702103665593,3.574384890516158,-0.3448842626720488,3.075603701593137,-0.173355882910213,2.514268793787652,-3.4814427787677817,-1.789117245820231
49.0,233.0,1003.3728637695312,-2.511347641124382,-3.0835693242864464,0.7504702103665593,3.574384727236749,-0.3448849308859336,3.0756042917568047,-0.1733575517189814,2.5142800719530176,-3.4814415695099266,-1.789116260855896
49.0,233.0,1003.3728637695312,-2.511347641037315,-3.083569319361537,0.7504702103665593,3.57438488977324,-0.3448842923256348,3.075603701593137,-0.173355882910213,2.514268793787652,-3.481442750690561,-1.7891162609096205
49.0,233.0,1003.3729858398438,-2.5116821040178388,-3.0835693194201976,0.7504702103665593,3.57438421449894,-0.3448842923256348,3.075603701593137,-0.1733515966419493,2.5142114541597653,-3.4814419464042183,-1.7891162540873515
49.0,233.0,1003.3729858398438,-2.5113484151169168,-3.083569319593987,0.7504702103665593,3.574385057628757,-0.3448844030755187,3.0756047838802414,-0.1733574430081492,2.5142739084968966,-3.481441569346265,-1.7891160626881348
49.0,233.0,1003.3729858398438,-2.5113476420675136,-3.083569324628628,0.7504702103665593,3.5743850538482422,-0.3448842923256348,3.075603701593137,-0.1733572351252755,2.5142739254217186,-3.4814427787677817,-1.7891162609096205
49.0,233.0,1003.3731079101562,-2.511347641037315,-3.0835693194138702,0.7504702103665593,3.574378246244386,-0.3448842923256348,3.0756037391849764,-0.173355882910213,2.514210846563319,-3.4814415856421146,-1.7891034301497306
49.0,233.0,1003.373291015625,-2.511347641037315,-3.0835693194096043,0.7504702103665593,3.574378246244386,-0.3448842923256348,3.075603701593137,-0.173355882910213,2.5142109724800745,-3.4814415856421146,-1.7891162607768545
49.0,233.0,1003.3733520507812,-2.5116821040178388,-3.083569319632023,0.7504702103665593,3.574384757063459,-0.3448842923256348,3.075603298412291,-0.1733520037013824,2.514193414720304,-3.4814427787677817,-1.7891028041905308
49.0,233.0,1003.3733520507812,-2.5116821040178388,-3.083569319632023,0.7504702103665593,3.574384757063459,-0.3448842923256348,3.075603298412291,-0.1733520037013824,2.514193414720304,-3.4814427787677817,-1.7891028041905308
49.0,233.0,1003.3733520507812,-2.5116821040178388,-3.083569319632023,0.7504702103665593,3.574384757063459,-0.3448842923256348,3.075603298412291,-0.1733520037013824,2.514193414720304,-3.4814427787677817,-1.7891028041905308
49.0,233.0,1003.3734130859376,-2.511455354213449,-3.083569324281062,0.7504702103665593,3.574377317193264,-0.3448842923256348,3.075603701593137,-0.1733700558798021,2.5142743695261296,-3.481441626140179,-1.78911551797231
49.0,233.0,1003.3734741210938,-2.5116794185292384,-3.0835693195847256,0.7504702103665593,3.574384061647019,-0.3448842923256348,3.075603701593137,-0.1733520037013824,2.514193414720304,-3.4814416454516137,-1.7891162609096205
49.0,233.0,1003.3734741210938,-2.511455354213449,-3.083569324281106,0.7504702103665593,3.574377317193264,-0.3448842923256348,3.075603701593137,-0.1733700558798021,2.514273885415836,-3.481441626140179,-1.7891155441264666
49.0,233.0,1003.3734741210938,-2.5114583749665744,-3.083569324284288,0.7504702103665593,3.574377517369158,-0.3448842923256348,3.075603701593137,-0.1733700558798021,2.5142738865036818,-3.481441624721241,-1.7891155220558166
49.0,233.0,1003.3734741210938,-2.511449698230986,-3.083569319632023,0.7504702103665593,3.574384757063459,-0.3448842923256348,3.075603298412291,-0.1733520037013824,2.514193414720304,-3.481441628700973,-1.7891028041905308
49.0,233.0,1003.3734741210938,-2.5116821040178388,-3.083569319627757,0.7504702103665593,3.574384757063459,-0.3448842923256348,3.0756032608204515,-0.1733520037013824,2.51419354063706,-3.4814427787677817,-1.7891156348176545
49.0,234.0,1003.343994140625,-2.511347641037315,-3.0835693194201976,0.7504702103665593,3.613808643441918,-0.3448842923256348,3.075603701593137,-0.1733717303266364,2.5142811011625423,-3.4814427501424574,-1.7891162466692103
49.0,234.0,1003.3683471679688,-2.5114547185469163,-3.083569319642784,0.7504702103665593,3.5743847806944204,-0.3448843127565481,3.0755668982850524,-0.1733579363823035,2.514425616595421,-3.481437977119375,-1.789116324885087
49.0,234.0,1003.369140625,-2.5116821040178388,-3.083569319632023,0.7504702103665593,3.5743847111374727,-0.3448842923256348,3.075562488212953,-0.1733520037013824,2.51427599785942,-3.481442748678126,-1.789102612117324
49.0,234.0,1003.3693237304688,-2.5116881840917373,-3.0835693242843907,0.7504702103665593,3.574377352842834,-0.3448859975039192,3.0755634356632124,-0.1733577382990479,2.514275352847093,-3.481437402226901,-1.789116521492917
49.0,234.0,1003.3694458007812,-2.511692157775168,-3.0835693242843907,0.7504702103665593,3.574377352842834,-0.3448859975039192,3.0755647954091194,-0.1733582356721524,2.51427535017175,-3.481437402226901,-1.7891165240089912
49.0,234.0,1003.3704223632812,-2.5116822232543647,-3.0835693191199884,0.7504702103665593,3.574377352842834,-0.3448842631434756,3.075605242450899,-0.173343935979165,2.5142715969951444,-3.481437602965305,-1.7891160509836317
49.0,234.0,1003.3709106445312,-2.5113436353633096,-3.083569319749736,0.7504702103665593,3.574378035587428,-0.3448842923256348,3.075563437077586,-0.1733691767654891,2.5142743367223632,-3.4814427501424574,-1.7891162547245556
49.0,234.0,1003.3710327148438,-2.51134760904674,-3.083569319749736,0.7504702103665593,3.574378035587428,-0.3448842923256348,3.0755647968234934,-0.1733696741385936,2.51427433404702,-3.4814427501424574,-1.7891162572406298
49.0,234.0,1003.371337890625,-2.511347641037315,-3.0835693242428848,0.7504702103665593,3.574384216538127,-0.3448849250342437,3.0755619793399087,-0.1733700554133474,2.514274367427576,-3.481441921560456,-1.7891162606581346
49.0,234.0,1003.371337890625,-2.511347641037315,-3.0835693242428848,0.7504702103665593,3.574384216538127,-0.3448849250342437,3.0755619793399087,-0.1733700554133474,2.514274367427576,-3.481441921560456,-1.7891162606581346
49.0,234.0,1003.3713989257812,-2.511352109524621,-3.0835693242428848,0.7504702103665593,3.574384216538127,-0.344884932279658,3.0755619793399087,-0.1733700554133474,2.514274367427576,-3.481441921560456,-1.7891162606581346
49.0,234.0,1003.3714599609376,-2.5116821040178388,-3.083569319632023,0.7504702103665593,3.5743847111374727,-0.3448842923256348,3.075561836877395,-0.1733520037013824,2.514191692836264,-3.4814427787677817,-1.789102612117324
49.0,234.0,1003.3715209960938,-2.5114583749665744,-3.083569324646439,0.7504702103665593,3.574377408434453,-0.3448842923256348,3.075603701593137,-0.1733520590180793,2.514273970668884,-3.481441623809142,-1.7891162591256575
49.0,234.0,1003.3715209960938,-2.511688064855212,-3.083569324585573,0.7504702103665593,3.574385062074956,-0.3448860245522469,3.0755629678291925,-0.1733580247648559,2.5142152100117143,-3.4814417456658147,-1.7891165410522014
49.0,234.0,1003.37158203125,-2.51134671405177,-3.083569324283256,0.7504702103665593,3.574377352842834,-0.3448859975039192,3.0756041181509235,-0.1733542366817946,2.514275352847093,-3.481437402226901,-1.7891042246912985
49.0,234.0,1003.37158203125,-2.5114583749665744,-3.083569324646439,0.7504702103665593,3.574377408434453,-0.3448849052562894,3.075603701593137,-0.1733520590180793,2.5142739519102992,-3.481441623809142,-1.7891162606562252
49.0,234.0,1003.3716430664062,-2.511347641037315,-3.0835693242864464,0.7504702103665593,3.574384725550212,-0.3448849308859336,3.075565386987161,-0.1733700554133474,2.514274367427576,-3.4814415695099266,-1.7891162609096205
49.0,234.0,1003.3716430664062,-2.511347641037315,-3.0835693242864464,0.7504702103665593,3.574384727236749,-0.3448849308859336,3.075565386987161,-0.1733700554133474,2.51427364775399,-3.4814415695099266,-1.7891162609096205
49.0,234.0,1003.3716430664062,-2.511347641037315,-3.0835693242864464,0.7504702103665593,3.5743847272475446,-0.3448849308859336,3.075565386987161,-0.1733700554133474,2.51427365306418,-3.4814415695099266,-1.7891162609096205
49.0,234.0,1003.3716430664062,-2.511347641037315,-3.0835693242864464,0.7504702103665593,3.574384727236749,-0.3448849308859336,3.075565386987161,-0.1733700554133474,2.51427364775399,-3.4814415695099266,-1.7891162609096205
49.0,234.0,1003.3717651367188,-2.511347641037315,-3.0835693194201976,0.7504702103665593,3.574377855422729,-0.3448842923256348,3.075603701593137,-0.1733516160236927,2.5142733408384323,-3.481442752117552,-1.7891162518383923
49.0,234.0,1003.3720703125,-2.5114583749665744,-3.083569324284288,0.7504702103665593,3.574384328203064,-0.3448842923256348,3.075603701593137,-0.1733520590180793,2.514275339359282,-3.481441624721241,-1.7891155220558166
49.0,234.0,1003.3721923828124,-2.511347641037315,-3.0835693194201976,0.7504702103665593,3.574384762012495,-0.3448842923256348,3.075603701593137,-0.1733516160236927,2.5142811011625423,-3.4814427501424574,-1.7891162609096205
49.0,234.0,1003.3721923828124,-2.511347641037315,-3.0835693240602207,0.7504702103665593,3.5743782326563847,-0.3448842923256348,3.075603121499487,-0.1733571692649264,2.51428045874088,-3.481441617533581,-1.7891162571869057
49.0,234.0,1003.3722534179688,-2.511347641037315,-3.0835693194201976,0.7504702103665593,3.574378035587428,-0.3448842923256348,3.075603701593137,-0.1733571704442276,2.5142804557873464,-3.4814427501424574,-1.7891162571869057
49.0,234.0,1003.3722534179688,-2.5116821040178388,-3.0835693194201976,0.7504702103665593,3.574384776661212,-0.3448842901918032,3.075603701593137,-0.173344222444973,2.5142114541597653,-3.4814419464042183,-1.789116856464794
49.0,234.0,1003.3722534179688,-2.5113476091338063,-3.083569319749736,0.7504702103665593,3.574378035587428,-0.3448842923256348,3.075603701593137,-0.1733571704442276,2.514280758246047,-3.4814427501424574,-1.7891162571869057
49.0,234.0,1003.3722534179688,-2.511347641037315,-3.0835693194201976,0.7504702103665593,3.57437802537483,-0.3448842923256348,3.075603701593137,-0.1733571704442276,2.514280557376666,-3.4814427501424574,-1.7891162571869057
49.0,234.0,1003.3722534179688,-2.5113507513899607,-3.083569319749736,0.7504702103665593,3.574378035587428,-0.3448842902444979,3.075603701593137,-0.1733571704442276,2.514280758246047,-3.4814427501424574,-1.7891162571869057
49.0,234.0,1003.3722534179688,-2.511347501387495,-3.0835693194621543,0.7504702103665593,3.574384762012495,-0.3448842923256348,3.075603701593137,-0.1733520508611157,2.514280820095677,-3.4814427501424574,-1.7891162609096205
49.0,234.0,1003.372314453125,-2.511347641037315,-3.0835693194201976,0.7504702103665593,3.574378340728068,-0.3448842923256348,3.075603701593137,-0.1733571704442276,2.5142805603301994,-3.4814427501424574,-1.7891162571869057
49.0,234.0,1003.372314453125,-2.511690398830803,-3.083569324217377,0.7504702103665593,3.574384145690026,-0.3448848622865524,3.0755641548596286,-0.1733577238698019,2.5141874885195943,-3.481441685474367,-1.7891164608461343
49.0,234.0,1003.372314453125,-2.5116821040178388,-3.08356931942117,0.7504702103665593,3.574385062074956,-0.3448842901918032,3.075604774616879,-0.173344222444973,2.5142114541597653,-3.4814419464042183,-1.789116070542916
49.0,234.0,1003.372314453125,-2.511347641037315,-3.0835693194201976,0.7504702103665593,3.5743783509406657,-0.3448842923256348,3.075603701593137,-0.1733571704442276,2.51428045874088,-3.4814427501424574,-1.7891162571869057
49.0,234.0,1003.3723754882812,-2.511678961761685,-3.08356931942117,0.7504702103665593,3.574385062074956,-0.34488429227294,3.075604774616879,-0.173344222444973,2.5142114541597653,-3.4814419464042183,-1.789116070542916
49.0,234.0,1003.3726196289062,-2.5113424799557063,-3.0835693194201976,0.7504702103665593,3.5743847784841587,-0.3448842923256348,3.075603701593137,-0.1733558182291651,2.514282038368319,-3.4814427501424574,-1.7891155075166172
49.0,234.0,1003.3726806640624,-2.5113484151169168,-3.0835693196715748,0.7504702103665593,3.574385057628757,-0.3448792401066676,3.0756047838806886,-0.1733574068557263,2.5142739084968966,-3.481441546291613,-1.789103778438805
49.0,234.0,1003.3726806640624,-2.5113484151169168,-3.0835693196715748,0.7504702103665593,3.574385057628757,-0.3448792697602535,3.0756047838806886,-0.1733574068557263,2.5142739084968966,-3.481441546291613,-1.7891027935281951
49.0,234.0,1003.3726806640624,-2.511347541926951,-3.0835693194201976,0.7504702103665593,3.574384762012495,-0.3448842923256348,3.075603701593137,-0.1733558182291651,2.514281580125614,-3.4814427501424574,-1.7891162609096205
49.0,234.0,1003.3726806640624,-2.511347641037315,-3.083569319361537,0.7504702103665593,3.5743848939922884,-0.3448842923256348,3.075603701593137,-0.173355882910213,2.514282066890929,-3.481442746717128,-1.7891162609096205
49.0,234.0,1003.3726806640624,-2.5113484151169168,-3.0835693196715748,0.7504702103665593,3.574385057622444,-0.3448793439900899,3.0756047838806886,-0.1733572946557491,2.5142739084968966,-3.481441546291613,-1.7891027935281951
49.0,234.0,1003.3727416992188,-2.511347748755256,-3.0835693194201976,0.7504702103665593,3.574377581529629,-0.3448842923256348,3.075603701593137,-0.1733515970777085,2.514212264116705,-3.4814419464042183,-1.7891162540873515
49.0,234.0,1003.372802734375,-2.511347641037315,-3.0835693194201976,0.7504702103665593,3.574384762012495,-0.3448842923256348,3.075603701593137,-0.1733571704442276,2.514281724476366,-3.4814427501424574,-1.7891162609096205
49.0,234.0,1003.372802734375,-2.511347641037315,-3.083569319361537,0.7504702103665593,3.5743850538482422,-0.3448842923256348,3.075603701593137,-0.173355882910213,2.514273782474149,-3.4814427787677817,-1.7891162609096205
49.0,234.0,1003.372802734375,-2.511347542957149,-3.083569324628628,0.7504702103665593,3.5743850538482422,-0.3448842923256348,3.075603701593137,-0.173355882910213,2.514273781070967,-3.4814427787677817,-1.7891162609096205
49.0,234.0,1003.372802734375,-2.5116821040178388,-3.083569319632023,0.7504702103665593,3.574377548441145,-0.3448842923256348,3.0756041360877355,-0.1733521225827178,2.5141950770509047,-3.4814427787677817,-1.7891043124861958
49.0,234.0,1003.372802734375,-2.511347641037315,-3.083569319361537,0.7504702103665593,3.574384890516158,-0.3448842923256348,3.075603701593137,-0.173355882910213,2.514268793787652,-3.4814427787677817,-1.789115018614424
49.0,234.0,1003.372802734375,-2.511347542957149,-3.083569324628628,0.7504702103665593,3.5743850538482422,-0.3448842923256348,3.075603701593137,-0.173355882910213,2.514273781070967,-3.4814427787677817,-1.7891162609096205
49.0,234.0,1003.3728637695312,-2.511347641037315,-3.083569319361537,0.7504702103665593,3.574384890516158,-0.3448842923256348,3.075603701593137,-0.173355882910213,2.514268793787652,-3.4814427787677817,-1.7891162609096205
49.0,234.0,1003.3728637695312,-2.511347641037315,-3.083569319361537,0.7504702103665593,3.574384890516158,-0.3448842626720488,3.075603701593137,-0.173355882910213,2.514268793787652,-3.4814427787677817,-1.789117245820231
49.0,235.0,1003.3438720703124,-2.511355254728957,-3.083569324714778,0.7504702103665593,3.613808643441918,-0.3448842923256348,3.075603701593137,-0.1733717303266364,2.5142866514512168,-3.4814417394564874,-1.7891162466692103
49.0,235.0,1003.343994140625,-2.511347641037315,-3.0835693194201976,0.7504702103665593,3.613808643441918,-0.3448842923256348,3.075603701593137,-0.1733717303266364,2.5142811011625423,-3.4814427501424574,-1.7891162466692103
49.0,235.0,1003.343994140625,-2.5113502609260743,-3.083569319432926,0.7504702103665593,3.613808643441918,-0.3448842923256348,3.075603701593137,-0.1733717303266364,2.51428152927703,-3.4814427501424574,-1.789116246740777
49.0,235.0,1003.3683471679688,-2.5114547185469163,-3.083569319642784,0.7504702103665593,3.5743847806944204,-0.3448843127565481,3.0755668982850524,-0.1733579363823035,2.514425616595421,-3.481437977119375,-1.789116324885087
49.0,235.0,1003.369140625,-2.5116821040178388,-3.083569319632023,0.7504702103665593,3.5743847111374727,-0.3448842923256348,3.075562488212953,-0.1733520037013824,2.51427599785942,-3.481442748678126,-1.789102612117324
49.0,235.0,1003.3693237304688,-2.5116881840917373,-3.0835693242843907,0.7504702103665593,3.574377352842834,-0.3448859975039192,3.0755634356632124,-0.1733577382990479,2.514275352847093,-3.481437402226901,-1.789116521492917
49.0,235.0,1003.369384765625,-2.5116882839141987,-3.0835693243386064,0.7504702103665593,3.574377352842834,-0.3448859975039192,3.0755634356632124,-0.1733579350836647,2.5142741760658933,-3.481437402226901,-1.7891165398543718
49.0,235.0,1003.3694458007812,-2.511692157775168,-3.0835693242843907,0.7504702103665593,3.574377352842834,-0.3448859975039192,3.0755647954091194,-0.1733582356721524,2.51427535017175,-3.481437402226901,-1.7891165240089912
49.0,235.0,1003.3694458007812,-2.511352109524621,-3.0835693242428848,0.7504702103665593,3.574384216538127,-0.344884932279658,3.0755619793399087,-0.1733516340014788,2.5142743599500057,-3.481442760134817,-1.7891162606581346
49.0,235.0,1003.3694458007812,-2.511707491446636,-3.0835693243309854,0.7504702103665593,3.574377357084268,-0.3448842872657452,3.0755634356632124,-0.1733579663686357,2.514275352847093,-3.4814417327776783,-1.7891162519100776
49.0,235.0,1003.3701171875,-2.511347609766427,-3.0835693197368736,0.7504702103665593,3.574384762012495,-0.3448842923256348,3.075564850899722,-0.1733558182291651,2.5142741181849053,-3.4814427501424574,-1.789116260880271
49.0,235.0,1003.3704223632812,-2.5116822232543647,-3.0835693191199884,0.7504702103665593,3.574377352842834,-0.3448842631434756,3.075605242450899,-0.173343935979165,2.5142715969951444,-3.481437602965305,-1.7891160509836317
49.0,235.0,1003.37060546875,-2.5116822232543647,-3.0835693191199884,0.7504702103665593,3.574377201978344,-0.3448842921571297,3.075603689705324,-0.173343935979165,2.5142713318341614,-3.481442892071261,-1.78911626182636
49.0,235.0,1003.3709106445312,-2.5113436353633096,-3.083569319749736,0.7504702103665593,3.574378035587428,-0.3448842923256348,3.075563437077586,-0.1733691767654891,2.5142743367223632,-3.4814427501424574,-1.7891162547245556
49.0,235.0,1003.3709106445312,-2.511350765336595,-3.083569319749736,0.7504702103665593,3.574378035587428,-0.3448842923256348,3.075562383933093,-0.1733691767654891,2.514274227205076,-3.4814427501424574,-1.7891162547245556
49.0,235.0,1003.3710327148438,-2.51134760904674,-3.083569319749736,0.7504702103665593,3.574378035587428,-0.3448842923256348,3.0755647968234934,-0.1733696741385936,2.51427433404702,-3.4814427501424574,-1.7891162572406298
49.0,235.0,1003.371337890625,-2.511347641037315,-3.0835693242428848,0.7504702103665593,3.574384216538127,-0.3448849250342437,3.0755619793399087,-0.1733700554133474,2.514274367427576,-3.481441921560456,-1.7891162606581346
49.0,235.0,1003.371337890625,-2.511347641037315,-3.0835693242428848,0.7504702103665593,3.574384216538127,-0.3448849250342437,3.0755619793399087,-0.1733700554133474,2.514274367427576,-3.481441921560456,-1.7891162606581346
49.0,235.0,1003.3713989257812,-2.511352109524621,-3.0835693242428848,0.7504702103665593,3.574384216538127,-0.344884932279658,3.0755619793399087,-0.1733700554133474,2.514274367427576,-3.481441921560456,-1.7891162606581346
49.0,235.0,1003.3714599609376,-2.5116821040178388,-3.083569319632023,0.7504702103665593,3.5743847111374727,-0.3448842923256348,3.075561836877395,-0.1733520037013824,2.514191692836264,-3.4814427787677817,-1.789102612117324
49.0,235.0,1003.3715209960938,-2.5114583749665744,-3.083569324646439,0.7504702103665593,3.574377408434453,-0.3448842923256348,3.075603701593137,-0.1733520590180793,2.514273970668884,-3.481441623809142,-1.7891162591256575
49.0,235.0,1003.3715209960938,-2.511688064855212,-3.083569324585573,0.7504702103665593,3.574385062074956,-0.3448860245522469,3.0755629678291925,-0.1733580247648559,2.5142152100117143,-3.4814417456658147,-1.7891165410522014
49.0,235.0,1003.3715209960938,-2.511347637501728,-3.083569319617259,0.7504702103665593,3.574384725956678,-0.3448849308859336,3.075565386987161,-0.173369938894014,2.5142804607554194,-3.4814427076630827,-1.7891162609096205
49.0,235.0,1003.37158203125,-2.51134671405177,-3.083569324283256,0.7504702103665593,3.574377352842834,-0.3448859975039192,3.0756041181509235,-0.1733542366817946,2.514275352847093,-3.481437402226901,-1.7891042246912985
49.0,235.0,1003.37158203125,-2.5114583749665744,-3.083569324646439,0.7504702103665593,3.574377408434453,-0.3448849052562894,3.075603701593137,-0.1733520590180793,2.5142739519102992,-3.481441623809142,-1.7891162606562252
49.0,235.0,1003.37158203125,-2.5114557550778147,-3.08356932463371,0.7504702103665593,3.574377408434453,-0.3448849052562894,3.075603701593137,-0.1733520590180793,2.514273523795811,-3.481441623809142,-1.789116260584659
49.0,235.0,1003.3716430664062,-2.511347641037315,-3.0835693242864464,0.7504702103665593,3.574384725550212,-0.3448849308859336,3.075565386987161,-0.1733700554133474,2.514274367427576,-3.4814415695099266,-1.7891162609096205
49.0,235.0,1003.3716430664062,-2.511347641037315,-3.0835693242864464,0.7504702103665593,3.574384727236749,-0.3448849308859336,3.075565386987161,-0.1733700554133474,2.51427364775399,-3.4814415695099266,-1.7891162609096205
49.0,235.0,1003.3716430664062,-2.511347641037315,-3.0835693242864464,0.7504702103665593,3.5743847272475446,-0.3448849308859336,3.075565386987161,-0.1733700554133474,2.51427365306418,-3.4814415695099266,-1.7891162609096205
49.0,235.0,1003.3716430664062,-2.511347641037315,-3.0835693242864464,0.7504702103665593,3.574384727236749,-0.3448849308859336,3.075565386987161,-0.1733700554133474,2.51427364775399,-3.4814415695099266,-1.7891162609096205
49.0,235.0,1003.3716430664062,-2.511347641037315,-3.083569319574039,0.7504702103665593,3.5743850598862963,-0.3448843103833203,3.075565393041286,-0.1733700554133474,2.51427365306418,-3.481441553585333,-1.7891162609096205
49.0,235.0,1003.3717041015624,-2.511347641037315,-3.0835693242864464,0.7504702103665593,3.574384727236749,-0.3448849308859336,3.07556642212597,-0.1733700554133474,2.51427364775399,-3.4814427105191204,-1.7891162609096205
49.0,235.0,1003.3717651367188,-2.511347641037315,-3.0835693194201976,0.7504702103665593,3.574377855422729,-0.3448842923256348,3.075603701593137,-0.1733516160236927,2.5142733408384323,-3.481442752117552,-1.7891162518383923
49.0,235.0,1003.371826171875,-2.511692157775168,-3.083569324040252,0.7504702103665593,3.5743782287112085,-0.3448859975039192,3.07560266014361,-0.1733582356721524,2.51427535017175,-3.4814374058231685,-1.7891162633200148
49.0,235.0,1003.3718872070312,-2.5116919603535144,-3.083569324646439,0.7504702103665593,3.5743842449600214,-0.3448849052562894,3.075603701593137,-0.1733520590180793,2.51427324631604,-3.481441623809142,-1.7891162675385583
49.0,235.0,1003.3720703125,-2.5114583749665744,-3.083569324284288,0.7504702103665593,3.574384328203064,-0.3448842923256348,3.075603701593137,-0.1733520590180793,2.514275339359282,-3.481441624721241,-1.7891155220558166
49.0,235.0,1003.3721313476562,-2.511347641037315,-3.0835693194201976,0.7504702103665593,3.5743783509406657,-0.3448793438973629,3.075603701593137,-0.1733571704442276,2.5142813463071048,-3.4814415873213123,-1.7891162571869057
49.0,235.0,1003.3721923828124,-2.511347641037315,-3.0835693194201976,0.7504702103665593,3.574384762012495,-0.3448842923256348,3.075603701593137,-0.1733516160236927,2.5142811011625423,-3.4814427501424574,-1.7891162609096205
49.0,235.0,1003.3721923828124,-2.511347641037315,-3.0835693240602207,0.7504702103665593,3.5743782326563847,-0.3448842923256348,3.075603121499487,-0.1733571692649264,2.51428045874088,-3.481441617533581,-1.7891162571869057
49.0,235.0,1003.3722534179688,-2.511347641037315,-3.0835693194201976,0.7504702103665593,3.574378035587428,-0.3448842923256348,3.075603701593137,-0.1733571704442276,2.5142804557873464,-3.4814427501424574,-1.7891162571869057
49.0,235.0,1003.3722534179688,-2.5116821040178388,-3.0835693194201976,0.7504702103665593,3.574384776661212,-0.3448842901918032,3.075603701593137,-0.173344222444973,2.5142114541597653,-3.4814419464042183,-1.789116856464794
49.0,235.0,1003.3722534179688,-2.5113476091338063,-3.083569319749736,0.7504702103665593,3.574378035587428,-0.3448842923256348,3.075603701593137,-0.1733571704442276,2.514280758246047,-3.4814427501424574,-1.7891162571869057
49.0,235.0,1003.3722534179688,-2.511347641037315,-3.0835693194201976,0.7504702103665593,3.57437802537483,-0.3448842923256348,3.075603701593137,-0.1733571704442276,2.514280557376666,-3.4814427501424574,-1.7891162571869057
49.0,235.0,1003.3722534179688,-2.5113507513899607,-3.083569319749736,0.7504702103665593,3.574378035587428,-0.3448842902444979,3.075603701593137,-0.1733571704442276,2.514280758246047,-3.4814427501424574,-1.7891162571869057
49.0,235.0,1003.3722534179688,-2.511347501387495,-3.0835693194621543,0.7504702103665593,3.574384762012495,-0.3448842923256348,3.075603701593137,-0.1733520508611157,2.514280820095677,-3.4814427501424574,-1.7891162609096205
49.0,235.0,1003.372314453125,-2.511347641037315,-3.0835693194201976,0.7504702103665593,3.574378340728068,-0.3448842923256348,3.075603701593137,-0.1733571704442276,2.5142805603301994,-3.4814427501424574,-1.7891162571869057
49.0,235.0,1003.372314453125,-2.511690398830803,-3.083569324217377,0.7504702103665593,3.574384145690026,-0.3448848622865524,3.0755641548596286,-0.1733577238698019,2.5141874885195943,-3.481441685474367,-1.7891164608461343
49.0,235.0,1003.372314453125,-2.5116821040178388,-3.08356931942117,0.7504702103665593,3.574385062074956,-0.3448842901918032,3.075604774616879,-0.173344222444973,2.5142114541597653,-3.4814419464042183,-1.789116070542916
49.0,235.0,1003.372314453125,-2.511347641037315,-3.0835693194201976,0.7504702103665593,3.5743783509406657,-0.3448842923256348,3.075603701593137,-0.1733571704442276,2.51428045874088,-3.4814427501424574,-1.7891162571869057
49.0,235.0,1003.372314453125,-2.5116821040178388,-3.083569324133577,0.7504702103665593,3.574384729436204,-0.3448849106944165,3.075604768562754,-0.173344222444973,2.5142114541597653,-3.481441962328812,-1.789116070542916
49.0,236.0,1003.3438720703124,-2.511355254728957,-3.083569324714778,0.7504702103665593,3.613808643441918,-0.3448842923256348,3.075603701593137,-0.1733717303266364,2.5142866514512168,-3.4814417394564874,-1.7891162466692103
49.0,236.0,1003.343994140625,-2.511347641037315,-3.0835693194201976,0.7504702103665593,3.613808643441918,-0.3448842923256348,3.075603701593137,-0.1733717303266364,2.5142811011625423,-3.4814427501424574,-1.7891162466692103
49.0,236.0,1003.343994140625,-2.5113502609260743,-3.083569319432926,0.7504702103665593,3.613808643441918,-0.3448842923256348,3.075603701593137,-0.1733717303266364,2.51428152927703,-3.4814427501424574,-1.789116246740777
49.0,236.0,1003.343994140625,-2.511342519288007,-3.0835693194201976,0.7504702103665593,3.613808643441918,-0.3448842923256348,3.075603701593137,-0.1733717303266364,2.5142811011625423,-3.4814427501424574,-1.7891162466692103
49.0,236.0,1003.3683471679688,-2.5114547185469163,-3.083569319642784,0.7504702103665593,3.5743847806944204,-0.3448843127565481,3.0755668982850524,-0.1733579363823035,2.514425616595421,-3.481437977119375,-1.789116324885087
49.0,236.0,1003.3683471679688,-2.5114547185469163,-3.083569319642784,0.7504702103665593,3.5743847806944204,-0.3448843127565481,3.0755668982850524,-0.1733579363823035,2.514425616595421,-3.481437977119375,-1.789116324885087
49.0,236.0,1003.369140625,-2.5116821040178388,-3.083569319632023,0.7504702103665593,3.5743847111374727,-0.3448842923256348,3.075562488212953,-0.1733520037013824,2.51427599785942,-3.481442748678126,-1.789102612117324
49.0,236.0,1003.369140625,-2.5116821040178388,-3.083569319632023,0.7504702103665593,3.5743847111374727,-0.3448842923256348,3.075561400080682,-0.1733520598330002,2.51427599785942,-3.481442761409769,-1.789102612117324
49.0,236.0,1003.3693237304688,-2.5116881840917373,-3.0835693242843907,0.7504702103665593,3.574377352842834,-0.3448859975039192,3.0755634356632124,-0.1733577382990479,2.514275352847093,-3.481437402226901,-1.789116521492917
49.0,236.0,1003.3693237304688,-2.5116881853292536,-3.0835693245868825,0.7504702103665593,3.574377352842834,-0.3448859975039192,3.0755634356632124,-0.1733580255459079,2.514275459766218,-3.481437402226901,-1.789116521492917
49.0,236.0,1003.3693237304688,-2.511702962150306,-3.0835693242650883,0.7504702103665593,3.5743773642394463,-0.3448842872657452,3.075562334071803,-0.1733579663686357,2.514275352847093,-3.4814417327776783,-1.7891162547510775
49.0,236.0,1003.369384765625,-2.5116882839141987,-3.0835693243386064,0.7504702103665593,3.574377352842834,-0.3448859975039192,3.0755634356632124,-0.1733579350836647,2.5142741760658933,-3.481437402226901,-1.7891165398543718
49.0,236.0,1003.3694458007812,-2.511692157775168,-3.0835693242843907,0.7504702103665593,3.574377352842834,-0.3448859975039192,3.0755647954091194,-0.1733582356721524,2.51427535017175,-3.481437402226901,-1.7891165240089912
49.0,236.0,1003.3694458007812,-2.511352109524621,-3.0835693242428848,0.7504702103665593,3.574384216538127,-0.344884932279658,3.0755619793399087,-0.1733516340014788,2.5142743599500057,-3.481442760134817,-1.7891162606581346
49.0,236.0,1003.3694458007812,-2.511707491446636,-3.0835693243309854,0.7504702103665593,3.574377357084268,-0.3448842872657452,3.0755634356632124,-0.1733579663686357,2.514275352847093,-3.4814417327776783,-1.7891162519100776
49.0,236.0,1003.3696899414062,-2.5116882839141987,-3.0835693243386064,0.7504702103665593,3.5743845861227554,-0.3448861696514342,3.0755634356632124,-0.1733558101018618,2.5142741760658933,-3.481437402226901,-1.7891165477823825
49.0,236.0,1003.3697509765624,-2.511347609766427,-3.0835693197368736,0.7504702103665593,3.574377528732574,-0.3448841201781198,3.075564850899722,-0.173357943210968,2.5142741181849053,-3.4814427501424574,-1.7891162529522604
49.0,236.0,1003.3701171875,-2.511347609766427,-3.0835693197368736,0.7504702103665593,3.574384762012495,-0.3448842923256348,3.075564850899722,-0.1733558182291651,2.5142741181849053,-3.4814427501424574,-1.789116260880271
49.0,236.0,1003.3704223632812,-2.5116822232543647,-3.0835693191199884,0.7504702103665593,3.574377352842834,-0.3448842631434756,3.075605242450899,-0.173343935979165,2.5142715969951444,-3.481437602965305,-1.7891160509836317
49.0,236.0,1003.3704223632812,-2.5116822232543647,-3.0835693191199884,0.7504702103665593,3.574377352842834,-0.3448842631434756,3.075605242450899,-0.173343935979165,2.5142715969951444,-3.481437602965305,-1.7891160509836317
49.0,236.0,1003.3704223632812,-2.5116822232543647,-3.0835693191199884,0.7504702103665593,3.574377352842834,-0.3448842631434756,3.075605242450899,-0.173343935979165,2.5142715969951444,-3.481437602965305,-1.7891160509836317
49.0,236.0,1003.37060546875,-2.5116822232543647,-3.0835693191199884,0.7504702103665593,3.574377201978344,-0.3448842921571297,3.075603689705324,-0.173343935979165,2.5142713318341614,-3.481442892071261,-1.78911626182636
49.0,236.0,1003.37060546875,-2.5116822232543647,-3.0835693191199884,0.7504702103665593,3.574377201978344,-0.3448842921571297,3.075603689705324,-0.173343935979165,2.5142713318341614,-3.481442892071261,-1.78911626182636
49.0,236.0,1003.3706665039062,-2.5113467070337623,-3.083569324283256,0.7504702103665593,3.574377352842834,-0.3448859975039192,3.075564972245085,-0.1733695501838005,2.514280201282676,-3.4814375117971026,-1.7891162455871237
49.0,236.0,1003.3709106445312,-2.5113436353633096,-3.083569319749736,0.7504702103665593,3.574378035587428,-0.3448842923256348,3.075563437077586,-0.1733691767654891,2.5142743367223632,-3.4814427501424574,-1.7891162547245556
49.0,236.0,1003.3709106445312,-2.511350765336595,-3.083569319749736,0.7504702103665593,3.574378035587428,-0.3448842923256348,3.075562383933093,-0.1733691767654891,2.514274227205076,-3.4814427501424574,-1.7891162547245556
49.0,236.0,1003.3709106445312,-2.5113436353633096,-3.083569319749736,0.7504702103665593,3.574378035587428,-0.3448842923256348,3.075563437077586,-0.1733691767654891,2.5142743367223632,-3.4814427501424574,-1.7891162547245556
49.0,236.0,1003.3709106445312,-2.511347606505069,-3.083569319749736,0.7504702103665593,3.574378035587428,-0.3448842923256348,3.075563383500888,-0.1733691767654891,2.5142743367223632,-3.4814427501424574,-1.7891162547245556
49.0,236.0,1003.3710327148438,-2.51134760904674,-3.083569319749736,0.7504702103665593,3.574378035587428,-0.3448842923256348,3.0755647968234934,-0.1733696741385936,2.51427433404702,-3.4814427501424574,-1.7891162572406298
49.0,236.0,1003.3710327148438,-2.51134363790498,-3.083569319749736,0.7504702103665593,3.574378035587428,-0.3448842923256348,3.075564850400192,-0.1733696741385936,2.51427433404702,-3.4814427501424574,-1.7891162572406298
49.0,236.0,1003.371337890625,-2.511347641037315,-3.0835693242428848,0.7504702103665593,3.574384216538127,-0.3448849250342437,3.0755619793399087,-0.1733700554133474,2.514274367427576,-3.481441921560456,-1.7891162606581346
49.0,236.0,1003.371337890625,-2.511347641037315,-3.0835693242428848,0.7504702103665593,3.574384216538127,-0.3448849250342437,3.0755619793399087,-0.1733700554133474,2.514274367427576,-3.481441921560456,-1.7891162606581346
49.0,236.0,1003.3713989257812,-2.511352109524621,-3.0835693242428848,0.7504702103665593,3.574384216538127,-0.344884932279658,3.0755619793399087,-0.1733700554133474,2.514274367427576,-3.481441921560456,-1.7891162606581346
49.0,236.0,1003.3713989257812,-2.5113476027232826,-3.083569324242098,0.7504702103665593,3.574384732683222,-0.3448849308859336,3.075561963047308,-0.1733700554133474,2.514274363123541,-3.4814415627881123,-1.7891162609217546
49.0,236.0,1003.3714599609376,-2.5116821040178388,-3.083569319632023,0.7504702103665593,3.5743847111374727,-0.3448842923256348,3.075561836877395,-0.1733520037013824,2.514191692836264,-3.4814427787677817,-1.789102612117324
49.0,236.0,1003.3714599609376,-2.5116821040178388,-3.083569319632023,0.7504702103665593,3.5743847111374727,-0.3448842981991475,3.075561955590776,-0.1733520037013824,2.514191692836264,-3.481441661037969,-1.789102612117324
49.0,236.0,1003.3715209960938,-2.5114583749665744,-3.083569324646439,0.7504702103665593,3.574377408434453,-0.3448842923256348,3.075603701593137,-0.1733520590180793,2.514273970668884,-3.481441623809142,-1.7891162591256575
49.0,236.0,1003.3715209960938,-2.511688064855212,-3.083569324585573,0.7504702103665593,3.574385062074956,-0.3448860245522469,3.0755629678291925,-0.1733580247648559,2.5142152100117143,-3.4814417456658147,-1.7891165410522014
49.0,236.0,1003.3715209960938,-2.511347637501728,-3.083569319617259,0.7504702103665593,3.574384725956678,-0.3448849308859336,3.075565386987161,-0.173369938894014,2.5142804607554194,-3.4814427076630827,-1.7891162609096205
49.0,236.0,1003.3715209960938,-2.5116880636176955,-3.083569324283081,0.7504702103665593,3.574385062074956,-0.3448860245522469,3.0755629678291925,-0.1733577375179958,2.514215103092589,-3.4814417456658147,-1.7891165410522014
49.0,236.0,1003.37158203125,-2.51134671405177,-3.083569324283256,0.7504702103665593,3.574377352842834,-0.3448859975039192,3.0756041181509235,-0.1733542366817946,2.514275352847093,-3.481437402226901,-1.7891042246912985
49.0,236.0,1003.37158203125,-2.5114583749665744,-3.083569324646439,0.7504702103665593,3.574377408434453,-0.3448849052562894,3.075603701593137,-0.1733520590180793,2.5142739519102992,-3.481441623809142,-1.7891162606562252
49.0,236.0,1003.37158203125,-2.5114557550778147,-3.08356932463371,0.7504702103665593,3.574377408434453,-0.3448849052562894,3.075603701593137,-0.1733520590180793,2.514273523795811,-3.481441623809142,-1.789116260584659
49.0,236.0,1003.3716430664062,-2.511347641037315,-3.0835693242864464,0.7504702103665593,3.574384725550212,-0.3448849308859336,3.075565386987161,-0.1733700554133474,2.514274367427576,-3.4814415695099266,-1.7891162609096205
49.0,236.0,1003.3716430664062,-2.511347641037315,-3.0835693242864464,0.7504702103665593,3.574384727236749,-0.3448849308859336,3.075565386987161,-0.1733700554133474,2.51427364775399,-3.4814415695099266,-1.7891162609096205
49.0,236.0,1003.3716430664062,-2.511347641037315,-3.0835693242864464,0.7504702103665593,3.5743847272475446,-0.3448849308859336,3.075565386987161,-0.1733700554133474,2.51427365306418,-3.4814415695099266,-1.7891162609096205
49.0,236.0,1003.3716430664062,-2.511347641037315,-3.0835693242864464,0.7504702103665593,3.574384727236749,-0.3448849308859336,3.075565386987161,-0.1733700554133474,2.51427364775399,-3.4814415695099266,-1.7891162609096205
49.0,236.0,1003.3716430664062,-2.511347641037315,-3.083569319574039,0.7504702103665593,3.5743850598862963,-0.3448843103833203,3.075565393041286,-0.1733700554133474,2.51427365306418,-3.481441553585333,-1.7891162609096205
49.0,236.0,1003.3716430664062,-2.511347641037315,-3.083569324247358,0.7504702103665593,3.574384725550212,-0.3448849308859336,3.075565386987161,-0.1733700554133474,2.514274367427576,-3.481442822824556,-1.7891162609272258
49.0,236.0,1003.3716430664062,-2.511352109524621,-3.083569324244361,0.7504702103665593,3.5743847105657363,-0.344884932279658,3.075565404863513,-0.1733700554133474,2.514274367427576,-3.481441921560456,-1.789116260671214
49.0,237.0,1003.3438720703124,-2.511355254728957,-3.083569324714778,0.7504702103665593,3.613808643441918,-0.3448842923256348,3.075603701593137,-0.1733717303266364,2.5142866514512168,-3.4814417394564874,-1.7891162466692103
49.0,237.0,1003.343994140625,-2.511347641037315,-3.0835693194201976,0.7504702103665593,3.613808643441918,-0.3448842923256348,3.075603701593137,-0.1733717303266364,2.5142811011625423,-3.4814427501424574,-1.7891162466692103
49.0,237.0,1003.343994140625,-2.5113502609260743,-3.083569319432926,0.7504702103665593,3.613808643441918,-0.3448842923256348,3.075603701593137,-0.1733717303266364,2.51428152927703,-3.4814427501424574,-1.789116246740777
49.0,237.0,1003.343994140625,-2.511342519288007,-3.0835693194201976,0.7504702103665593,3.613808643441918,-0.3448842923256348,3.075603701593137,-0.1733717303266364,2.5142811011625423,-3.4814427501424574,-1.7891162466692103
49.0,237.0,1003.3472290039062,-2.511707491446636,-3.0835693243309854,0.7504702103665593,3.61378814110974,-0.3448842872657452,3.0755634356632124,-0.1733579663686357,2.514275352847093,-3.481441721501981,-1.7891162519100776
49.0,237.0,1003.3682250976562,-2.511697689055123,-3.083569319642784,0.7504702103665593,3.5743851703991667,-0.3448843127565481,3.0755668982850524,-0.1733579363823035,2.514425616595421,-3.481437999393321,-1.789116324885087
49.0,237.0,1003.3683471679688,-2.5114547185469163,-3.083569319642784,0.7504702103665593,3.5743847806944204,-0.3448843127565481,3.0755668982850524,-0.1733579363823035,2.514425616595421,-3.481437977119375,-1.789116324885087
49.0,237.0,1003.3683471679688,-2.5114547185469163,-3.083569319642784,0.7504702103665593,3.5743847806944204,-0.3448843127565481,3.0755668982850524,-0.1733579363823035,2.514425616595421,-3.481437977119375,-1.789116324885087
49.0,237.0,1003.368408203125,-2.511347609766427,-3.0835693196242384,0.7504702103665593,3.574384762012495,-0.3448842919417707,3.075564850899722,-0.1733558182291651,2.514426695608543,-3.4814427501424574,-1.789116260880271
49.0,237.0,1003.3687744140624,-2.511347603886788,-3.083569319419877,0.7504702103665593,3.572158557489788,-0.3448842923256348,3.075563383500888,-0.1733691767654891,2.5142746497951944,-3.4814427501424574,-1.7891162465912556
49.0,237.0,1003.369140625,-2.5116821040178388,-3.083569319632023,0.7504702103665593,3.5743847111374727,-0.3448842923256348,3.075562488212953,-0.1733520037013824,2.51427599785942,-3.481442748678126,-1.789102612117324
49.0,237.0,1003.369140625,-2.5116821040178388,-3.083569319632023,0.7504702103665593,3.5743847111374727,-0.3448842923256348,3.075561400080682,-0.1733520598330002,2.51427599785942,-3.481442761409769,-1.789102612117324
49.0,237.0,1003.369140625,-2.5116821040178388,-3.083569319632023,0.7504702103665593,3.5743847111374727,-0.3448842923256348,3.075561400080682,-0.1733520598330002,2.51427599785942,-3.481442761409769,-1.789102612117324
49.0,237.0,1003.369140625,-2.5116821040178388,-3.083569319632023,0.7504702103665593,3.5743847111374727,-0.3448842923256348,3.075562488212953,-0.1733520037013824,2.51427599785942,-3.481442748678126,-1.789102612117324
49.0,237.0,1003.3693237304688,-2.5116881840917373,-3.0835693242843907,0.7504702103665593,3.574377352842834,-0.3448859975039192,3.0755634356632124,-0.1733577382990479,2.514275352847093,-3.481437402226901,-1.789116521492917
49.0,237.0,1003.3693237304688,-2.5116881853292536,-3.0835693245868825,0.7504702103665593,3.574377352842834,-0.3448859975039192,3.0755634356632124,-0.1733580255459079,2.514275459766218,-3.481437402226901,-1.789116521492917
49.0,237.0,1003.3693237304688,-2.511702962150306,-3.0835693242650883,0.7504702103665593,3.5743773642394463,-0.3448842872657452,3.075562334071803,-0.1733579663686357,2.514275352847093,-3.4814417327776783,-1.7891162547510775
49.0,237.0,1003.3693237304688,-2.5116881853292536,-3.0835693245868825,0.7504702103665593,3.574377352842834,-0.3448859975039192,3.0755634356632124,-0.1733580255459079,2.514275464467188,-3.481437402226901,-1.789116521492917
49.0,237.0,1003.3693237304688,-2.5116881840917373,-3.0835693242843907,0.7504702103665593,3.574377352842834,-0.3448859975039192,3.0755634356632124,-0.1733577382990479,2.514275348146123,-3.481437402226901,-1.789116521492917
49.0,237.0,1003.3693237304688,-2.5116820677349048,-3.0835693243386064,0.7504702103665593,3.574377352842834,-0.3448859975039192,3.0755634356632124,-0.1733579350836647,2.5142742022471087,-3.4814374000726382,-1.7891165398543718
49.0,237.0,1003.3693237304688,-2.51170265280715,-3.0835693245868825,0.7504702103665593,3.574377352842834,-0.3448843010578361,3.0755634417201345,-0.1733580255459079,2.5142754638904647,-3.481437570064639,-1.7891162519322483
49.0,237.0,1003.369384765625,-2.5116882839141987,-3.0835693243386064,0.7504702103665593,3.574377352842834,-0.3448859975039192,3.0755634356632124,-0.1733579350836647,2.5142741760658933,-3.481437402226901,-1.7891165398543718
49.0,237.0,1003.369384765625,-2.511688494672409,-3.0835693242650883,0.7504702103665593,3.5743773642394463,-0.3448859837118284,3.075562328014881,-0.1733579663686357,2.514275348722846,-3.48144156493994,-1.7891165243117464
49.0,237.0,1003.3694458007812,-2.511692157775168,-3.0835693242843907,0.7504702103665593,3.574377352842834,-0.3448859975039192,3.0755647954091194,-0.1733582356721524,2.51427535017175,-3.481437402226901,-1.7891165240089912
49.0,237.0,1003.3694458007812,-2.511352109524621,-3.0835693242428848,0.7504702103665593,3.574384216538127,-0.344884932279658,3.0755619793399087,-0.1733516340014788,2.5142743599500057,-3.481442760134817,-1.7891162606581346
49.0,237.0,1003.3694458007812,-2.511707491446636,-3.0835693243309854,0.7504702103665593,3.574377357084268,-0.3448842872657452,3.0755634356632124,-0.1733579663686357,2.514275352847093,-3.4814417327776783,-1.7891162519100776
49.0,237.0,1003.3694458007812,-2.511356674032445,-3.083569324241539,0.7504702103665593,3.574377352842834,-0.3448859975039192,3.0755634356632124,-0.1733577382990479,2.514275352847093,-3.481437402226901,-1.7891162714313518
49.0,237.0,1003.3695068359376,-2.511347641037315,-3.0835693242428848,0.7504702103665593,3.574384216538127,-0.3448849250342437,3.0755619793399087,-0.1733523812472661,2.514274368042521,-3.481441921560456,-1.7891162606581346
49.0,237.0,1003.36962890625,-2.5116882839141987,-3.083569319149821,0.7504702103665593,3.5743845861227554,-0.3448842273039695,3.0755634356632124,-0.1733558101018618,2.5142745946564244,-3.481437402226901,-1.7891165477823825
49.0,237.0,1003.3696899414062,-2.5116882839141987,-3.0835693243386064,0.7504702103665593,3.5743845861227554,-0.3448861696514342,3.0755634356632124,-0.1733558101018618,2.5142741760658933,-3.481437402226901,-1.7891165477823825
49.0,237.0,1003.3697509765624,-2.511347609766427,-3.0835693197368736,0.7504702103665593,3.574377528732574,-0.3448841201781198,3.075564850899722,-0.173357943210968,2.5142741181849053,-3.4814427501424574,-1.7891162529522604
49.0,237.0,1003.369873046875,-2.511347609766427,-3.0835693197383955,0.7504702103665593,3.574377528732574,-0.3448841201781198,3.0755669092583493,-0.173357943210968,2.5142741181849053,-3.4814427501424574,-1.7891162529522604
49.0,237.0,1003.3701171875,-2.511347609766427,-3.0835693197368736,0.7504702103665593,3.574384762012495,-0.3448842923256348,3.075564850899722,-0.1733558182291651,2.5142741181849053,-3.4814427501424574,-1.789116260880271
49.0,237.0,1003.3704223632812,-2.5116822232543647,-3.0835693191199884,0.7504702103665593,3.574377352842834,-0.3448842631434756,3.075605242450899,-0.173343935979165,2.5142715969951444,-3.481437602965305,-1.7891160509836317
49.0,237.0,1003.3704223632812,-2.5116822232543647,-3.0835693191199884,0.7504702103665593,3.574377352842834,-0.3448842631434756,3.075605242450899,-0.173343935979165,2.5142715969951444,-3.481437602965305,-1.7891160509836317
49.0,237.0,1003.3704223632812,-2.5116822232543647,-3.0835693191199884,0.7504702103665593,3.574377352842834,-0.3448842631434756,3.075605242450899,-0.173343935979165,2.5142715969951444,-3.481437602965305,-1.7891160509836317
49.0,237.0,1003.3704223632812,-2.5116884394336583,-3.0835693191199884,0.7504702103665593,3.574377352842834,-0.3448842631434756,3.075605242450899,-0.173343935979165,2.514271570813929,-3.481437605119568,-1.7891160509836317
49.0,237.0,1003.37060546875,-2.5116822232543647,-3.0835693191199884,0.7504702103665593,3.574377201978344,-0.3448842921571297,3.075603689705324,-0.173343935979165,2.5142713318341614,-3.481442892071261,-1.78911626182636
49.0,237.0,1003.37060546875,-2.5116822232543647,-3.0835693191199884,0.7504702103665593,3.574377201978344,-0.3448842921571297,3.075603689705324,-0.173343935979165,2.5142713318341614,-3.481442892071261,-1.78911626182636
49.0,237.0,1003.3706665039062,-2.5113467070337623,-3.083569324283256,0.7504702103665593,3.574377352842834,-0.3448859975039192,3.075564972245085,-0.1733695501838005,2.514280201282676,-3.4814375117971026,-1.7891162455871237
49.0,237.0,1003.3706665039062,-2.5114583749665744,-3.0835693243191584,0.7504702103665593,3.574377408434453,-0.3448842923256348,3.075563688204583,-0.1733686077825434,2.5142739640888525,-3.481441623809142,-1.789116259057958
49.0,237.0,1003.3707885742188,-2.511347641037315,-3.0835693247164526,0.7504702103665593,3.574376652337825,-0.3448849250342437,3.0755619793399087,-0.1733700554133474,2.5142717117753275,-3.4814418147775767,-1.7891162522093096
49.0,237.0,1003.3709106445312,-2.5113436353633096,-3.083569319749736,0.7504702103665593,3.574378035587428,-0.3448842923256348,3.075563437077586,-0.1733691767654891,2.5142743367223632,-3.4814427501424574,-1.7891162547245556
49.0,237.0,1003.3709106445312,-2.511350765336595,-3.083569319749736,0.7504702103665593,3.574378035587428,-0.3448842923256348,3.075562383933093,-0.1733691767654891,2.514274227205076,-3.4814427501424574,-1.7891162547245556
49.0,237.0,1003.3709106445312,-2.5113436353633096,-3.083569319749736,0.7504702103665593,3.574378035587428,-0.3448842923256348,3.075563437077586,-0.1733691767654891,2.5142743367223632,-3.4814427501424574,-1.7891162547245556
49.0,237.0,1003.3709106445312,-2.511347606505069,-3.083569319749736,0.7504702103665593,3.574378035587428,-0.3448842923256348,3.075563383500888,-0.1733691767654891,2.5142743367223632,-3.4814427501424574,-1.7891162547245556
49.0,237.0,1003.3709106445312,-2.5113436353633096,-3.083569319749736,0.7504702103665593,3.574378035587428,-0.3448842923256348,3.075563437077586,-0.1733691676015592,2.5142743367223632,-3.4814427501424574,-1.7891162468441646
49.0,237.0,1003.3710327148438,-2.51134760904674,-3.083569319749736,0.7504702103665593,3.574378035587428,-0.3448842923256348,3.0755647968234934,-0.1733696741385936,2.51427433404702,-3.4814427501424574,-1.7891162572406298
49.0,237.0,1003.3710327148438,-2.51134363790498,-3.083569319749736,0.7504702103665593,3.574378035587428,-0.3448842923256348,3.075564850400192,-0.1733696741385936,2.51427433404702,-3.4814427501424574,-1.7891162572406298
49.0,237.0,1003.3710327148438,-2.51134760904674,-3.083569319749736,0.7504702103665593,3.574378035587428,-0.3448842923256348,3.0755647968234934,-0.1733696741385936,2.51427433404702,-3.4814427501424574,-1.7891162572406298
49.0,238.0,1003.3428955078124,-2.511321222402456,-3.0835693246296927,0.7504702103665593,3.6138601717673526,-0.3448859978477285,3.075603701593137,-0.173358104729665,2.514275502276178,-3.4814427501424574,-1.789116246740777
49.0,238.0,1003.3438720703124,-2.511355254728957,-3.083569324714778,0.7504702103665593,3.613808643441918,-0.3448842923256348,3.075603701593137,-0.1733717303266364,2.5142866514512168,-3.4814417394564874,-1.7891162466692103
49.0,238.0,1003.3438720703124,-2.511355492314988,-3.083569324714778,0.7504702103665593,3.613808643441918,-0.3448842923256348,3.075603701593137,-0.1733717303266364,2.5142866514512168,-3.4814417394564874,-1.7891162466692103
49.0,238.0,1003.343994140625,-2.511347641037315,-3.0835693194201976,0.7504702103665593,3.613808643441918,-0.3448842923256348,3.075603701593137,-0.1733717303266364,2.5142811011625423,-3.4814427501424574,-1.7891162466692103
49.0,238.0,1003.343994140625,-2.5113502609260743,-3.083569319432926,0.7504702103665593,3.613808643441918,-0.3448842923256348,3.075603701593137,-0.1733717303266364,2.51428152927703,-3.4814427501424574,-1.789116246740777
49.0,238.0,1003.343994140625,-2.511342519288007,-3.0835693194201976,0.7504702103665593,3.613808643441918,-0.3448842923256348,3.075603701593137,-0.1733717303266364,2.5142811011625423,-3.4814427501424574,-1.7891162466692103
49.0,238.0,1003.3472290039062,-2.511707491446636,-3.0835693243309854,0.7504702103665593,3.61378814110974,-0.3448842872657452,3.0755634356632124,-0.1733579663686357,2.514275352847093,-3.481441721501981,-1.7891162519100776
49.0,238.0,1003.3682250976562,-2.511697689055123,-3.083569319642784,0.7504702103665593,3.5743851703991667,-0.3448843127565481,3.0755668982850524,-0.1733579363823035,2.514425616595421,-3.481437999393321,-1.789116324885087
49.0,238.0,1003.3683471679688,-2.5114547185469163,-3.083569319642784,0.7504702103665593,3.5743847806944204,-0.3448843127565481,3.0755668982850524,-0.1733579363823035,2.514425616595421,-3.481437977119375,-1.789116324885087
49.0,238.0,1003.3683471679688,-2.5114547185469163,-3.083569319642784,0.7504702103665593,3.5743847806944204,-0.3448843127565481,3.0755668982850524,-0.1733579363823035,2.514425616595421,-3.481437977119375,-1.789116324885087
49.0,238.0,1003.368408203125,-2.511347609766427,-3.0835693196242384,0.7504702103665593,3.574384762012495,-0.3448842919417707,3.075564850899722,-0.1733558182291651,2.514426695608543,-3.4814427501424574,-1.789116260880271
49.0,238.0,1003.368408203125,-2.511347609766427,-3.0835693196242384,0.7504702103665593,3.574384762012495,-0.3448842919417707,3.075564850899722,-0.1733558182291651,2.514426695608543,-3.4814427501424574,-1.789116260880271
49.0,238.0,1003.3687744140624,-2.511347603886788,-3.083569319419877,0.7504702103665593,3.572158557489788,-0.3448842923256348,3.075563383500888,-0.1733691767654891,2.5142746497951944,-3.4814427501424574,-1.7891162465912556
49.0,238.0,1003.369140625,-2.5116821040178388,-3.083569319632023,0.7504702103665593,3.5743847111374727,-0.3448842923256348,3.075562488212953,-0.1733520037013824,2.51427599785942,-3.481442748678126,-1.789102612117324
49.0,238.0,1003.369140625,-2.5116821040178388,-3.083569319632023,0.7504702103665593,3.5743847111374727,-0.3448842923256348,3.075561400080682,-0.1733520598330002,2.51427599785942,-3.481442761409769,-1.789102612117324
49.0,238.0,1003.369140625,-2.5116821040178388,-3.083569319632023,0.7504702103665593,3.5743847111374727,-0.3448842923256348,3.075561400080682,-0.1733520598330002,2.51427599785942,-3.481442761409769,-1.789102612117324
49.0,238.0,1003.369140625,-2.5116821040178388,-3.083569319632023,0.7504702103665593,3.5743847111374727,-0.3448842923256348,3.075562488212953,-0.1733520037013824,2.51427599785942,-3.481442748678126,-1.789102612117324
49.0,238.0,1003.369140625,-2.5116821040178388,-3.083569319690768,0.7504702103665593,3.5743847111374727,-0.3448842923256348,3.075562482232584,-0.1733520037013824,2.514276002549149,-3.481442748678126,-1.789102612117324
49.0,238.0,1003.3693237304688,-2.5116881840917373,-3.0835693242843907,0.7504702103665593,3.574377352842834,-0.3448859975039192,3.0755634356632124,-0.1733577382990479,2.514275352847093,-3.481437402226901,-1.789116521492917
49.0,238.0,1003.3693237304688,-2.5116881853292536,-3.0835693245868825,0.7504702103665593,3.574377352842834,-0.3448859975039192,3.0755634356632124,-0.1733580255459079,2.514275459766218,-3.481437402226901,-1.789116521492917
49.0,238.0,1003.3693237304688,-2.511702962150306,-3.0835693242650883,0.7504702103665593,3.5743773642394463,-0.3448842872657452,3.075562334071803,-0.1733579663686357,2.514275352847093,-3.4814417327776783,-1.7891162547510775
49.0,238.0,1003.3693237304688,-2.5116881853292536,-3.0835693245868825,0.7504702103665593,3.574377352842834,-0.3448859975039192,3.0755634356632124,-0.1733580255459079,2.514275464467188,-3.481437402226901,-1.789116521492917
49.0,238.0,1003.3693237304688,-2.5116881840917373,-3.0835693242843907,0.7504702103665593,3.574377352842834,-0.3448859975039192,3.0755634356632124,-0.1733577382990479,2.514275348146123,-3.481437402226901,-1.789116521492917
49.0,238.0,1003.3693237304688,-2.5116820677349048,-3.0835693243386064,0.7504702103665593,3.574377352842834,-0.3448859975039192,3.0755634356632124,-0.1733579350836647,2.5142742022471087,-3.4814374000726382,-1.7891165398543718
49.0,238.0,1003.3693237304688,-2.51170265280715,-3.0835693245868825,0.7504702103665593,3.574377352842834,-0.3448843010578361,3.0755634417201345,-0.1733580255459079,2.5142754638904647,-3.481437570064639,-1.7891162519322483
49.0,238.0,1003.3693237304688,-2.5116820677349048,-3.0835693243386064,0.7504702103665593,3.574377352842834,-0.3448859975039192,3.0755634356632124,-0.1733579350836647,2.5142742022471087,-3.4814374000726382,-1.7891165398543718
49.0,238.0,1003.369384765625,-2.5116882839141987,-3.0835693243386064,0.7504702103665593,3.574377352842834,-0.3448859975039192,3.0755634356632124,-0.1733579350836647,2.5142741760658933,-3.481437402226901,-1.7891165398543718
49.0,238.0,1003.369384765625,-2.511688494672409,-3.0835693242650883,0.7504702103665593,3.5743773642394463,-0.3448859837118284,3.075562328014881,-0.1733579663686357,2.514275348722846,-3.48144156493994,-1.7891165243117464
49.0,238.0,1003.369384765625,-2.511688494672409,-3.083569324206344,0.7504702103665593,3.5743773642394463,-0.3448859837118284,3.0755623339952507,-0.1733579663686357,2.514275344033116,-3.48144156493994,-1.7891165243117464
49.0,238.0,1003.3694458007812,-2.511692157775168,-3.0835693242843907,0.7504702103665593,3.574377352842834,-0.3448859975039192,3.0755647954091194,-0.1733582356721524,2.51427535017175,-3.481437402226901,-1.7891165240089912
49.0,238.0,1003.3694458007812,-2.511352109524621,-3.0835693242428848,0.7504702103665593,3.574384216538127,-0.344884932279658,3.0755619793399087,-0.1733516340014788,2.5142743599500057,-3.481442760134817,-1.7891162606581346
49.0,238.0,1003.3694458007812,-2.511707491446636,-3.0835693243309854,0.7504702103665593,3.574377357084268,-0.3448842872657452,3.0755634356632124,-0.1733579663686357,2.514275352847093,-3.4814417327776783,-1.7891162519100776
49.0,238.0,1003.3694458007812,-2.511356674032445,-3.083569324241539,0.7504702103665593,3.574377352842834,-0.3448859975039192,3.0755634356632124,-0.1733577382990479,2.514275352847093,-3.481437402226901,-1.7891162714313518
49.0,238.0,1003.3694458007812,-2.511707491446636,-3.083569324280349,0.7504702103665593,3.574377357084268,-0.3448842872657452,3.0755634356632124,-0.1733580102586636,2.514275352847093,-3.4814417327776783,-1.7891165366264463
49.0,238.0,1003.3694458007812,-2.5113568049328334,-3.08356931969979,0.7504702103665593,3.574377352842834,-0.3448859975039192,3.075563433194945,-0.1733577382990479,2.514275352847093,-3.481437375899797,-1.7891162714313518
49.0,238.0,1003.3695068359376,-2.511347641037315,-3.0835693242428848,0.7504702103665593,3.574384216538127,-0.3448849250342437,3.0755619793399087,-0.1733523812472661,2.514274368042521,-3.481441921560456,-1.7891162606581346
49.0,238.0,1003.36962890625,-2.5116882839141987,-3.083569319149821,0.7504702103665593,3.5743845861227554,-0.3448842273039695,3.0755634356632124,-0.1733558101018618,2.5142745946564244,-3.481437402226901,-1.7891165477823825
49.0,238.0,1003.36962890625,-2.511692157775168,-3.0835693245089835,0.7504702103665593,3.574377352842834,-0.3448859975039192,3.0755647954091194,-0.1733582629771182,2.51427535017175,-3.481442725616902,-1.7891165240089912
49.0,238.0,1003.36962890625,-2.5116882839141987,-3.083569319200457,0.7504702103665593,3.5743845861227554,-0.3448842273039695,3.0755634356632124,-0.1733557662118338,2.5142745946564244,-3.481437402226901,-1.7891162630660136
49.0,238.0,1003.3696899414062,-2.5116882839141987,-3.0835693243386064,0.7504702103665593,3.5743845861227554,-0.3448861696514342,3.0755634356632124,-0.1733558101018618,2.5142741760658933,-3.481437402226901,-1.7891165477823825
49.0,238.0,1003.3697509765624,-2.511347609766427,-3.0835693197368736,0.7504702103665593,3.574377528732574,-0.3448841201781198,3.075564850899722,-0.173357943210968,2.5142741181849053,-3.4814427501424574,-1.7891162529522604
49.0,238.0,1003.3697509765624,-2.511347609766427,-3.0835693197368736,0.7504702103665593,3.574377528732574,-0.3448841201781198,3.075564850899722,-0.173357943210968,2.5142741181849053,-3.4814427501424574,-1.7891162529522604
49.0,238.0,1003.369873046875,-2.511347609766427,-3.0835693197383955,0.7504702103665593,3.574377528732574,-0.3448841201781198,3.0755669092583493,-0.173357943210968,2.5142741181849053,-3.4814427501424574,-1.7891162529522604
49.0,238.0,1003.369873046875,-2.511347478866038,-3.0835693242801447,0.7504702103665593,3.574377528732574,-0.3448841201781198,3.075566911726616,-0.173357943210968,2.5142741181849053,-3.481442776469561,-1.7891162529522604
49.0,238.0,1003.3699340820312,-2.511347609766427,-3.083569324349896,0.7504702103665593,3.57437762373614,-0.3448861795704394,3.0755669092583493,-0.173357943210968,2.514274122679744,-3.4814427501424574,-1.7891165189961775
49.0,238.0,1003.3701171875,-2.511347609766427,-3.0835693197368736,0.7504702103665593,3.574384762012495,-0.3448842923256348,3.075564850899722,-0.1733558182291651,2.5142741181849053,-3.4814427501424574,-1.789116260880271
49.0,238.0,1003.3701171875,-2.511348053854092,-3.083569319642784,0.7504702103665593,3.5743847731902694,-0.3448843127565481,3.0755668982850524,-0.1733579363823035,2.514284234003329,-3.4814380071425868,-1.7891163246880684
49.0,238.0,1003.3704223632812,-2.5116822232543647,-3.0835693191199884,0.7504702103665593,3.574377352842834,-0.3448842631434756,3.075605242450899,-0.173343935979165,2.5142715969951444,-3.481437602965305,-1.7891160509836317
49.0,238.0,1003.3704223632812,-2.5116822232543647,-3.0835693191199884,0.7504702103665593,3.574377352842834,-0.3448842631434756,3.075605242450899,-0.173343935979165,2.5142715969951444,-3.481437602965305,-1.7891160509836317
49.0,238.0,1003.3704223632812,-2.5116822232543647,-3.0835693191199884,0.7504702103665593,3.574377352842834,-0.3448842631434756,3.075605242450899,-0.173343935979165,2.5142715969951444,-3.481437602965305,-1.7891160509836317
49.0,239.0,1003.3428955078124,-2.511321222402456,-3.0835693246296927,0.7504702103665593,3.6138601717673526,-0.3448859978477285,3.075603701593137,-0.173358104729665,2.514275502276178,-3.4814427501424574,-1.789116246740777
49.0,239.0,1003.3438720703124,-2.511355254728957,-3.083569324714778,0.7504702103665593,3.613808643441918,-0.3448842923256348,3.075603701593137,-0.1733717303266364,2.5142866514512168,-3.4814417394564874,-1.7891162466692103
49.0,239.0,1003.3438720703124,-2.511355492314988,-3.083569324714778,0.7504702103665593,3.613808643441918,-0.3448842923256348,3.075603701593137,-0.1733717303266364,2.5142866514512168,-3.4814417394564874,-1.7891162466692103
49.0,239.0,1003.343994140625,-2.511347641037315,-3.0835693194201976,0.7504702103665593,3.613808643441918,-0.3448842923256348,3.075603701593137,-0.1733717303266364,2.5142811011625423,-3.4814427501424574,-1.7891162466692103
49.0,239.0,1003.343994140625,-2.5113502609260743,-3.083569319432926,0.7504702103665593,3.613808643441918,-0.3448842923256348,3.075603701593137,-0.1733717303266364,2.51428152927703,-3.4814427501424574,-1.789116246740777
49.0,239.0,1003.343994140625,-2.511342519288007,-3.0835693194201976,0.7504702103665593,3.613808643441918,-0.3448842923256348,3.075603701593137,-0.1733717303266364,2.5142811011625423,-3.4814427501424574,-1.7891162466692103
49.0,239.0,1003.343994140625,-2.511342519288007,-3.083569324475262,0.7504702103665593,3.613808501835013,-0.3448843327410814,3.075603701593137,-0.1733717303266364,2.5142810751218443,-3.4814427501424574,-1.7891162466711563
49.0,239.0,1003.3442993164062,-2.5116964910929545,-3.083569324714778,0.7504702103665593,3.613808643441918,-0.3448842923256348,3.075603701593137,-0.1733585822506829,2.514285910820732,-3.4814417392749446,-1.7891162466692103
49.0,239.0,1003.3460693359376,-2.5113502609260743,-3.083569319432926,0.7504702103665593,3.613808643441918,-0.3448842923256348,3.0755613457790583,-0.1733717303266364,2.51428152927703,-3.4814427501424574,-1.7891168320019866
49.0,239.0,1003.3472290039062,-2.511707491446636,-3.0835693243309854,0.7504702103665593,3.61378814110974,-0.3448842872657452,3.0755634356632124,-0.1733579663686357,2.514275352847093,-3.481441721501981,-1.7891162519100776
49.0,239.0,1003.353759765625,-2.511320232096089,-3.0835693246296927,0.7504702103665593,3.614721199671721,-0.3448859978477285,3.075603701593137,-0.173358104729665,2.514275502276178,-3.4814427501424574,-1.789116246740777
49.0,239.0,1003.3682250976562,-2.511697689055123,-3.083569319642784,0.7504702103665593,3.5743851703991667,-0.3448843127565481,3.0755668982850524,-0.1733579363823035,2.514425616595421,-3.481437999393321,-1.789116324885087
49.0,239.0,1003.3683471679688,-2.5114547185469163,-3.083569319642784,0.7504702103665593,3.5743847806944204,-0.3448843127565481,3.0755668982850524,-0.1733579363823035,2.514425616595421,-3.481437977119375,-1.789116324885087
49.0,239.0,1003.3683471679688,-2.5114547185469163,-3.083569319642784,0.7504702103665593,3.5743847806944204,-0.3448843127565481,3.0755668982850524,-0.1733579363823035,2.514425616595421,-3.481437977119375,-1.789116324885087
49.0,239.0,1003.3683471679688,-2.5114547185469163,-3.083569319616084,0.7504702103665593,3.5743847399009776,-0.3448861005794914,3.0755668982850524,-0.1733579363823035,2.514425616595421,-3.481437965034744,-1.7891163320109915
49.0,239.0,1003.368408203125,-2.511347609766427,-3.0835693196242384,0.7504702103665593,3.574384762012495,-0.3448842919417707,3.075564850899722,-0.1733558182291651,2.514426695608543,-3.4814427501424574,-1.789116260880271
49.0,239.0,1003.368408203125,-2.511347609766427,-3.0835693196242384,0.7504702103665593,3.574384762012495,-0.3448842919417707,3.075564850899722,-0.1733558182291651,2.514426695608543,-3.4814427501424574,-1.789116260880271
49.0,239.0,1003.368408203125,-2.511347609766427,-3.0835693196242384,0.7504702103665593,3.574384762012495,-0.3448842919417707,3.075564850899722,-0.1733558182291651,2.514426695608543,-3.4814427501424574,-1.789116260880271
49.0,239.0,1003.3685302734376,-2.511691669083085,-3.083569319642657,0.7504702103665593,3.5743847806944204,-0.3448843127565481,3.0755668982850524,-0.1733578237832151,2.514425616595421,-3.481443153972997,-1.789116238170194
49.0,239.0,1003.3687744140624,-2.511347603886788,-3.083569319419877,0.7504702103665593,3.572158557489788,-0.3448842923256348,3.075563383500888,-0.1733691767654891,2.5142746497951944,-3.4814427501424574,-1.7891162465912556
49.0,239.0,1003.369140625,-2.5116821040178388,-3.083569319632023,0.7504702103665593,3.5743847111374727,-0.3448842923256348,3.075562488212953,-0.1733520037013824,2.51427599785942,-3.481442748678126,-1.789102612117324
49.0,239.0,1003.369140625,-2.5116821040178388,-3.083569319632023,0.7504702103665593,3.5743847111374727,-0.3448842923256348,3.075561400080682,-0.1733520598330002,2.51427599785942,-3.481442761409769,-1.789102612117324
49.0,239.0,1003.369140625,-2.5116821040178388,-3.083569319632023,0.7504702103665593,3.5743847111374727,-0.3448842923256348,3.075561400080682,-0.1733520598330002,2.51427599785942,-3.481442761409769,-1.789102612117324
49.0,239.0,1003.369140625,-2.5116821040178388,-3.083569319632023,0.7504702103665593,3.5743847111374727,-0.3448842923256348,3.075562488212953,-0.1733520037013824,2.51427599785942,-3.481442748678126,-1.789102612117324
49.0,239.0,1003.369140625,-2.5116821040178388,-3.083569319690768,0.7504702103665593,3.5743847111374727,-0.3448842923256348,3.075562482232584,-0.1733520037013824,2.514276002549149,-3.481442748678126,-1.789102612117324
49.0,239.0,1003.369140625,-2.511681497162346,-3.08356931982246,0.7504702103665593,3.5743847111374727,-0.3448842923256348,3.075562482232584,-0.1733520037013824,2.514276002549149,-3.481442748678126,-1.7891027432932014
49.0,239.0,1003.3692016601562,-2.511703870603084,-3.0835693243386064,0.7504702103665593,3.574377352842834,-0.3448843952936596,3.0755638346585177,-0.1733579350836647,2.5142864216157705,-3.481441672415651,-1.7891165398543718
49.0,239.0,1003.3692626953124,-2.511688125698797,-3.0835693245090683,0.7504702103665593,3.574377352842834,-0.3448859975039192,3.075562505004616,-0.1733577382990479,2.514275352847093,-3.481437402226901,-1.7891171952950913
49.0,239.0,1003.3693237304688,-2.5116881840917373,-3.0835693242843907,0.7504702103665593,3.574377352842834,-0.3448859975039192,3.0755634356632124,-0.1733577382990479,2.514275352847093,-3.481437402226901,-1.789116521492917
49.0,239.0,1003.3693237304688,-2.5116881853292536,-3.0835693245868825,0.7504702103665593,3.574377352842834,-0.3448859975039192,3.0755634356632124,-0.1733580255459079,2.514275459766218,-3.481437402226901,-1.789116521492917
49.0,239.0,1003.3693237304688,-2.511702962150306,-3.0835693242650883,0.7504702103665593,3.5743773642394463,-0.3448842872657452,3.075562334071803,-0.1733579663686357,2.514275352847093,-3.4814417327776783,-1.7891162547510775
49.0,239.0,1003.3693237304688,-2.5116881853292536,-3.0835693245868825,0.7504702103665593,3.574377352842834,-0.3448859975039192,3.0755634356632124,-0.1733580255459079,2.514275464467188,-3.481437402226901,-1.789116521492917
49.0,239.0,1003.3693237304688,-2.5116881840917373,-3.0835693242843907,0.7504702103665593,3.574377352842834,-0.3448859975039192,3.0755634356632124,-0.1733577382990479,2.514275348146123,-3.481437402226901,-1.789116521492917
49.0,239.0,1003.3693237304688,-2.5116820677349048,-3.0835693243386064,0.7504702103665593,3.574377352842834,-0.3448859975039192,3.0755634356632124,-0.1733579350836647,2.5142742022471087,-3.4814374000726382,-1.7891165398543718
49.0,239.0,1003.3693237304688,-2.51170265280715,-3.0835693245868825,0.7504702103665593,3.574377352842834,-0.3448843010578361,3.0755634417201345,-0.1733580255459079,2.5142754638904647,-3.481437570064639,-1.7891162519322483
49.0,239.0,1003.3693237304688,-2.5116820677349048,-3.0835693243386064,0.7504702103665593,3.574377352842834,-0.3448859975039192,3.0755634356632124,-0.1733579350836647,2.5142742022471087,-3.4814374000726382,-1.7891165398543718
49.0,239.0,1003.3693237304688,-2.5116882839141987,-3.083569324365307,0.7504702103665593,3.574377393636277,-0.3448842096809759,3.0755634356632124,-0.1733579350836647,2.5142741760658933,-3.4814374143115314,-1.7891165327284668
49.0,239.0,1003.3693237304688,-2.5117032596626427,-3.0835693244551905,0.7504702103665593,3.574377352842834,-0.3448843010578361,3.0755634417201345,-0.1733580255459079,2.5142754638904647,-3.481437570064639,-1.7891161207563706
49.0,239.0,1003.369384765625,-2.5116882839141987,-3.0835693243386064,0.7504702103665593,3.574377352842834,-0.3448859975039192,3.0755634356632124,-0.1733579350836647,2.5142741760658933,-3.481437402226901,-1.7891165398543718
49.0,239.0,1003.369384765625,-2.511688494672409,-3.0835693242650883,0.7504702103665593,3.5743773642394463,-0.3448859837118284,3.075562328014881,-0.1733579663686357,2.514275348722846,-3.48144156493994,-1.7891165243117464
49.0,239.0,1003.369384765625,-2.511688494672409,-3.083569324206344,0.7504702103665593,3.5743773642394463,-0.3448859837118284,3.0755623339952507,-0.1733579663686357,2.514275344033116,-3.48144156493994,-1.7891165243117464
49.0,239.0,1003.369384765625,-2.511688494672409,-3.0835693196466734,0.7504702103665593,3.5743848514636047,-0.3448859837118284,3.075562479525058,-0.1733521432127237,2.514275344033116,-3.48144156493994,-1.7891165243117464
49.0,239.0,1003.369384765625,-2.511688494672409,-3.0835693242650883,0.7504702103665593,3.5743773641969154,-0.3448843322363115,3.075562328014881,-0.1733579663686357,2.5142753486491456,-3.48144156493994,-1.7891165372105764
49.0,239.0,1003.3694458007812,-2.511692157775168,-3.0835693242843907,0.7504702103665593,3.574377352842834,-0.3448859975039192,3.0755647954091194,-0.1733582356721524,2.51427535017175,-3.481437402226901,-1.7891165240089912
49.0,239.0,1003.3694458007812,-2.511352109524621,-3.0835693242428848,0.7504702103665593,3.574384216538127,-0.344884932279658,3.0755619793399087,-0.1733516340014788,2.5142743599500057,-3.481442760134817,-1.7891162606581346
49.0,239.0,1003.3694458007812,-2.511707491446636,-3.0835693243309854,0.7504702103665593,3.574377357084268,-0.3448842872657452,3.0755634356632124,-0.1733579663686357,2.514275352847093,-3.4814417327776783,-1.7891162519100776
49.0,239.0,1003.3694458007812,-2.511356674032445,-3.083569324241539,0.7504702103665593,3.574377352842834,-0.3448859975039192,3.0755634356632124,-0.1733577382990479,2.514275352847093,-3.481437402226901,-1.7891162714313518
49.0,239.0,1003.3694458007812,-2.511707491446636,-3.083569324280349,0.7504702103665593,3.574377357084268,-0.3448842872657452,3.0755634356632124,-0.1733580102586636,2.514275352847093,-3.4814417327776783,-1.7891165366264463
49.0,239.0,1003.3694458007812,-2.5113568049328334,-3.08356931969979,0.7504702103665593,3.574377352842834,-0.3448859975039192,3.075563433194945,-0.1733577382990479,2.514275352847093,-3.481437375899797,-1.7891162714313518
49.0,239.0,1003.3694458007812,-2.5113568049328334,-3.08356931969979,0.7504702103665593,3.574377352842834,-0.3448859975039192,3.075563433194945,-0.1733577382990479,2.514275352847093,-3.481437375899797,-1.7891162714313518
49.0,240.0,1003.3333129882812,-2.511691176177491,-3.0835693196430816,0.7504702103665593,3.5743847111374727,-0.3448843126380653,3.075561400080682,-0.1733578690126161,2.507001582616854,-3.481442761409769,-1.7891168140811449
49.0,240.0,1003.3370971679688,-2.511315344587827,-3.0835693246296927,0.7504702103665593,3.6138601717673526,-0.3448859978477285,3.075603701593137,-0.173358098236985,2.514419184700589,-3.4814427501424574,-1.789116246740777
49.0,240.0,1003.3401489257812,-2.5113065544173008,-3.0835693243292623,0.7504702103665593,3.614034436014328,-0.3448859975039192,3.075603506062876,-0.1733576471358852,2.514289103558063,-3.481437317159213,-1.7891165398543718
49.0,240.0,1003.3428955078124,-2.511321222402456,-3.0835693246296927,0.7504702103665593,3.6138601717673526,-0.3448859978477285,3.075603701593137,-0.173358104729665,2.514275502276178,-3.4814427501424574,-1.789116246740777
49.0,240.0,1003.3434448242188,-2.511342519288007,-3.0835693194201976,0.7504702103665593,3.5725409243797426,-0.3448860042155477,3.075603701593137,-0.1733710239872004,2.5142811011625423,-3.4814426728678747,-1.789116270759736
49.0,240.0,1003.3438720703124,-2.511355254728957,-3.083569324714778,0.7504702103665593,3.613808643441918,-0.3448842923256348,3.075603701593137,-0.1733717303266364,2.5142866514512168,-3.4814417394564874,-1.7891162466692103
49.0,240.0,1003.3438720703124,-2.511355492314988,-3.083569324714778,0.7504702103665593,3.613808643441918,-0.3448842923256348,3.075603701593137,-0.1733717303266364,2.5142866514512168,-3.4814417394564874,-1.7891162466692103
49.0,240.0,1003.343994140625,-2.511347641037315,-3.0835693194201976,0.7504702103665593,3.613808643441918,-0.3448842923256348,3.075603701593137,-0.1733717303266364,2.5142811011625423,-3.4814427501424574,-1.7891162466692103
49.0,240.0,1003.343994140625,-2.5113502609260743,-3.083569319432926,0.7504702103665593,3.613808643441918,-0.3448842923256348,3.075603701593137,-0.1733717303266364,2.51428152927703,-3.4814427501424574,-1.789116246740777
49.0,240.0,1003.343994140625,-2.511342519288007,-3.0835693194201976,0.7504702103665593,3.613808643441918,-0.3448842923256348,3.075603701593137,-0.1733717303266364,2.5142811011625423,-3.4814427501424574,-1.7891162466692103
49.0,240.0,1003.343994140625,-2.511342519288007,-3.083569324475262,0.7504702103665593,3.613808501835013,-0.3448843327410814,3.075603701593137,-0.1733717303266364,2.5142810751218443,-3.4814427501424574,-1.7891162466711563
49.0,240.0,1003.343994140625,-2.5113477313194665,-3.0835693194201976,0.7504702103665593,3.613808647613289,-0.3448842923256348,3.075603701593137,-0.1733717303266364,2.5142811011625423,-3.4814427501424574,-1.7891162466711414
49.0,240.0,1003.3442993164062,-2.5116964910929545,-3.083569324714778,0.7504702103665593,3.613808643441918,-0.3448842923256348,3.075603701593137,-0.1733585822506829,2.514285910820732,-3.4814417392749446,-1.7891162466692103
49.0,240.0,1003.345947265625,-2.5116880613828907,-3.083569324714778,0.7504702103665593,3.613808643441918,-0.3448842923750686,3.0755673022563923,-0.1733715041608703,2.5142866514512168,-3.4814417795338595,-1.7891162451174194
49.0,240.0,1003.3460693359376,-2.5113502609260743,-3.083569319432926,0.7504702103665593,3.613808643441918,-0.3448842923256348,3.0755613457790583,-0.1733717303266364,2.51428152927703,-3.4814427501424574,-1.7891168320019866
49.0,240.0,1003.3460693359376,-2.511350223894876,-3.083569319432744,0.7504702103665593,3.613808643441918,-0.3448842923256348,3.0755613545941105,-0.1733717303266364,2.51428152927703,-3.4814427501424574,-1.7891168216808448
49.0,240.0,1003.3472290039062,-2.511707491446636,-3.0835693243309854,0.7504702103665593,3.61378814110974,-0.3448842872657452,3.0755634356632124,-0.1733579663686357,2.514275352847093,-3.481441721501981,-1.7891162519100776
49.0,240.0,1003.353759765625,-2.511320232096089,-3.0835693246296927,0.7504702103665593,3.614721199671721,-0.3448859978477285,3.075603701593137,-0.173358104729665,2.514275502276178,-3.4814427501424574,-1.789116246740777
49.0,240.0,1003.354736328125,-2.511730768046561,-3.0835693247241225,0.7504702103665593,3.574151560270425,-0.3448842923256348,3.0755636311934738,-0.1733720182744159,2.5142717501402623,-3.481441822369912,-1.7891162466692103
49.0,240.0,1003.3674926757812,-2.511451526475333,-3.0835693198045027,0.7504702103665593,3.574377393636277,-0.3448842048459033,3.0755634356632124,-0.1733579352111937,2.514425995131534,-3.4814374531128816,-1.7891165327284668
49.0,240.0,1003.3681640625,-2.5116835968888496,-3.08356931963318,0.7504702103665593,3.574384762012495,-0.3448842923456877,3.075564850899722,-0.1733558182291651,2.514426695608543,-3.4814427501424574,-1.7891161115431369
49.0,240.0,1003.3682250976562,-2.511697689055123,-3.083569319642784,0.7504702103665593,3.5743851703991667,-0.3448843127565481,3.0755668982850524,-0.1733579363823035,2.514425616595421,-3.481437999393321,-1.789116324885087
49.0,240.0,1003.3683471679688,-2.5114547185469163,-3.083569319642784,0.7504702103665593,3.5743847806944204,-0.3448843127565481,3.0755668982850524,-0.1733579363823035,2.514425616595421,-3.481437977119375,-1.789116324885087
49.0,240.0,1003.3683471679688,-2.5114547185469163,-3.083569319642784,0.7504702103665593,3.5743847806944204,-0.3448843127565481,3.0755668982850524,-0.1733579363823035,2.514425616595421,-3.481437977119375,-1.789116324885087
49.0,240.0,1003.3683471679688,-2.5114547185469163,-3.083569319616084,0.7504702103665593,3.5743847399009776,-0.3448861005794914,3.0755668982850524,-0.1733579363823035,2.514425616595421,-3.481437965034744,-1.7891163320109915
49.0,240.0,1003.368408203125,-2.511347609766427,-3.0835693196242384,0.7504702103665593,3.574384762012495,-0.3448842919417707,3.075564850899722,-0.1733558182291651,2.514426695608543,-3.4814427501424574,-1.789116260880271
49.0,240.0,1003.368408203125,-2.511347609766427,-3.0835693196242384,0.7504702103665593,3.574384762012495,-0.3448842919417707,3.075564850899722,-0.1733558182291651,2.514426695608543,-3.4814427501424574,-1.789116260880271
49.0,240.0,1003.368408203125,-2.511347609766427,-3.0835693196242384,0.7504702103665593,3.574384762012495,-0.3448842919417707,3.075564850899722,-0.1733558182291651,2.514426695608543,-3.4814427501424574,-1.789116260880271
49.0,240.0,1003.3685302734376,-2.511691669083085,-3.083569319642657,0.7504702103665593,3.5743847806944204,-0.3448843127565481,3.0755668982850524,-0.1733578237832151,2.514425616595421,-3.481443153972997,-1.789116238170194
49.0,240.0,1003.3687744140624,-2.511347603886788,-3.083569319419877,0.7504702103665593,3.572158557489788,-0.3448842923256348,3.075563383500888,-0.1733691767654891,2.5142746497951944,-3.4814427501424574,-1.7891162465912556
49.0,240.0,1003.3687744140624,-2.511347640917986,-3.083569319420059,0.7504702103665593,3.572158557489788,-0.3448842923256348,3.0755633746858355,-0.1733691767654891,2.5142746497951944,-3.4814427501424574,-1.7891162569123973
49.0,240.0,1003.369140625,-2.5116821040178388,-3.083569319632023,0.7504702103665593,3.5743847111374727,-0.3448842923256348,3.075562488212953,-0.1733520037013824,2.51427599785942,-3.481442748678126,-1.789102612117324
49.0,240.0,1003.369140625,-2.5116821040178388,-3.083569319632023,0.7504702103665593,3.5743847111374727,-0.3448842923256348,3.075561400080682,-0.1733520598330002,2.51427599785942,-3.481442761409769,-1.789102612117324
49.0,240.0,1003.369140625,-2.5116821040178388,-3.083569319632023,0.7504702103665593,3.5743847111374727,-0.3448842923256348,3.075561400080682,-0.1733520598330002,2.51427599785942,-3.481442761409769,-1.789102612117324
49.0,240.0,1003.369140625,-2.5116821040178388,-3.083569319632023,0.7504702103665593,3.5743847111374727,-0.3448842923256348,3.075562488212953,-0.1733520037013824,2.51427599785942,-3.481442748678126,-1.789102612117324
49.0,240.0,1003.369140625,-2.5116821040178388,-3.083569319690768,0.7504702103665593,3.5743847111374727,-0.3448842923256348,3.075562482232584,-0.1733520037013824,2.514276002549149,-3.481442748678126,-1.789102612117324
49.0,240.0,1003.369140625,-2.511681497162346,-3.08356931982246,0.7504702103665593,3.5743847111374727,-0.3448842923256348,3.075562482232584,-0.1733520037013824,2.514276002549149,-3.481442748678126,-1.7891027432932014
49.0,240.0,1003.369140625,-2.511688125698797,-3.0835693245090683,0.7504702103665593,3.5743768881360407,-0.3448843815069032,3.0755614834307123,-0.1733577382990479,2.514275352847093,-3.4814373133425485,-1.7891171952950913
49.0,240.0,1003.369140625,-2.5116821040178388,-3.083569319690768,0.7504702103665593,3.5743847111374727,-0.3448842923256348,3.075562482232584,-0.1733520037013824,2.514276002549149,-3.481442748678126,-1.789102612117324
49.0,240.0,1003.3692016601562,-2.511703870603084,-3.0835693243386064,0.7504702103665593,3.574377352842834,-0.3448843952936596,3.0755638346585177,-0.1733579350836647,2.5142864216157705,-3.481441672415651,-1.7891165398543718
49.0,240.0,1003.3692626953124,-2.511688125698797,-3.0835693245090683,0.7504702103665593,3.574377352842834,-0.3448859975039192,3.075562505004616,-0.1733577382990479,2.514275352847093,-3.481437402226901,-1.7891171952950913
49.0,240.0,1003.3693237304688,-2.5116881840917373,-3.0835693242843907,0.7504702103665593,3.574377352842834,-0.3448859975039192,3.0755634356632124,-0.1733577382990479,2.514275352847093,-3.481437402226901,-1.789116521492917
49.0,240.0,1003.3693237304688,-2.5116881853292536,-3.0835693245868825,0.7504702103665593,3.574377352842834,-0.3448859975039192,3.0755634356632124,-0.1733580255459079,2.514275459766218,-3.481437402226901,-1.789116521492917
49.0,240.0,1003.3693237304688,-2.511702962150306,-3.0835693242650883,0.7504702103665593,3.5743773642394463,-0.3448842872657452,3.075562334071803,-0.1733579663686357,2.514275352847093,-3.4814417327776783,-1.7891162547510775
49.0,240.0,1003.3693237304688,-2.5116881853292536,-3.0835693245868825,0.7504702103665593,3.574377352842834,-0.3448859975039192,3.0755634356632124,-0.1733580255459079,2.514275464467188,-3.481437402226901,-1.789116521492917
49.0,240.0,1003.3693237304688,-2.5116881840917373,-3.0835693242843907,0.7504702103665593,3.574377352842834,-0.3448859975039192,3.0755634356632124,-0.1733577382990479,2.514275348146123,-3.481437402226901,-1.789116521492917
49.0,240.0,1003.3693237304688,-2.5116820677349048,-3.0835693243386064,0.7504702103665593,3.574377352842834,-0.3448859975039192,3.0755634356632124,-0.1733579350836647,2.5142742022471087,-3.4814374000726382,-1.7891165398543718
49.0,240.0,1003.3693237304688,-2.51170265280715,-3.0835693245868825,0.7504702103665593,3.574377352842834,-0.3448843010578361,3.0755634417201345,-0.1733580255459079,2.5142754638904647,-3.481437570064639,-1.7891162519322483
49.0,240.0,1003.3693237304688,-2.5116820677349048,-3.0835693243386064,0.7504702103665593,3.574377352842834,-0.3448859975039192,3.0755634356632124,-0.1733579350836647,2.5142742022471087,-3.4814374000726382,-1.7891165398543718
49.0,240.0,1003.3693237304688,-2.5116882839141987,-3.083569324365307,0.7504702103665593,3.574377393636277,-0.3448842096809759,3.0755634356632124,-0.1733579350836647,2.5142741760658933,-3.4814374143115314,-1.7891165327284668
49.0,241.0,1003.3331909179688,-2.5116911940569424,-3.0835693195901657,0.7504702103665593,3.5743847111374727,-0.3448843126380653,3.075563826420579,-0.1733578701145112,2.507001582616854,-3.481442761409769,-1.7891165426759936
49.0,241.0,1003.3333129882812,-2.511691176177491,-3.0835693196430816,0.7504702103665593,3.5743847111374727,-0.3448843126380653,3.075561400080682,-0.1733578690126161,2.507001582616854,-3.481442761409769,-1.7891168140811449
49.0,241.0,1003.3370971679688,-2.511315344587827,-3.0835693246296927,0.7504702103665593,3.6138601717673526,-0.3448859978477285,3.075603701593137,-0.173358098236985,2.514419184700589,-3.4814427501424574,-1.789116246740777
49.0,241.0,1003.3401489257812,-2.5113065544173008,-3.0835693243292623,0.7504702103665593,3.614034436014328,-0.3448859975039192,3.075603506062876,-0.1733576471358852,2.514289103558063,-3.481437317159213,-1.7891165398543718
49.0,241.0,1003.3417358398438,-2.511294834111654,-3.083569324714778,0.7504702103665593,3.614035956864337,-0.3448842923750686,3.0755673022563923,-0.1733715041608703,2.5142866514512168,-3.4814372404289515,-1.7891162451174194
49.0,241.0,1003.342041015625,-2.5113298378901945,-3.0835693246296927,0.7504702103665593,3.614721199671721,-0.3448859978477285,3.075603701593137,-0.173358104729665,2.514429977152504,-3.48144269489548,-1.789116246740777
49.0,241.0,1003.3428955078124,-2.511321222402456,-3.0835693246296927,0.7504702103665593,3.6138601717673526,-0.3448859978477285,3.075603701593137,-0.173358104729665,2.514275502276178,-3.4814427501424574,-1.789116246740777
49.0,241.0,1003.3429565429688,-2.511321222402456,-3.083569324651924,0.7504702103665593,3.6138601717673526,-0.3448859978782914,3.075603701593137,-0.1733579333279571,2.514275502276178,-3.481442374825074,-1.789116246740777
49.0,241.0,1003.3433837890624,-2.511342519288007,-3.0835693194201976,0.7504702103665593,3.5725409243797426,-0.3448860042155477,3.0755655972859723,-0.1733710239872004,2.5142811011625423,-3.481442659501843,-1.789116270759736
49.0,241.0,1003.3434448242188,-2.511342519288007,-3.0835693194201976,0.7504702103665593,3.5725409243797426,-0.3448860042155477,3.075603701593137,-0.1733710239872004,2.5142811011625423,-3.4814426728678747,-1.789116270759736
49.0,241.0,1003.3438720703124,-2.511355254728957,-3.083569324714778,0.7504702103665593,3.613808643441918,-0.3448842923256348,3.075603701593137,-0.1733717303266364,2.5142866514512168,-3.4814417394564874,-1.7891162466692103
49.0,241.0,1003.3438720703124,-2.511355492314988,-3.083569324714778,0.7504702103665593,3.613808643441918,-0.3448842923256348,3.075603701593137,-0.1733717303266364,2.5142866514512168,-3.4814417394564874,-1.7891162466692103
49.0,241.0,1003.3438720703124,-2.5113502609260743,-3.083569319432926,0.7504702103665593,3.613808643441918,-0.3448842923256348,3.075603701593137,-0.1733587445144651,2.5142858825146304,-3.481441711241305,-1.789116246740777
49.0,241.0,1003.343994140625,-2.511347641037315,-3.0835693194201976,0.7504702103665593,3.613808643441918,-0.3448842923256348,3.075603701593137,-0.1733717303266364,2.5142811011625423,-3.4814427501424574,-1.7891162466692103
49.0,241.0,1003.343994140625,-2.5113502609260743,-3.083569319432926,0.7504702103665593,3.613808643441918,-0.3448842923256348,3.075603701593137,-0.1733717303266364,2.51428152927703,-3.4814427501424574,-1.789116246740777
49.0,241.0,1003.343994140625,-2.511342519288007,-3.0835693194201976,0.7504702103665593,3.613808643441918,-0.3448842923256348,3.075603701593137,-0.1733717303266364,2.5142811011625423,-3.4814427501424574,-1.7891162466692103
49.0,241.0,1003.343994140625,-2.511342519288007,-3.083569324475262,0.7504702103665593,3.613808501835013,-0.3448843327410814,3.075603701593137,-0.1733717303266364,2.5142810751218443,-3.4814427501424574,-1.7891162466711563
49.0,241.0,1003.343994140625,-2.5113477313194665,-3.0835693194201976,0.7504702103665593,3.613808647613289,-0.3448842923256348,3.075603701593137,-0.1733717303266364,2.5142811011625423,-3.4814427501424574,-1.7891162466711414
49.0,241.0,1003.343994140625,-2.5113502609260743,-3.083569319432926,0.7504702103665593,3.613808643441918,-0.3448842923256348,3.075603769720877,-0.1733717303266364,2.5142815313739253,-3.4814427501424574,-1.789116800752066
49.0,241.0,1003.3442993164062,-2.5116964910929545,-3.083569324714778,0.7504702103665593,3.613808643441918,-0.3448842923256348,3.075603701593137,-0.1733585822506829,2.514285910820732,-3.4814417392749446,-1.7891162466692103
49.0,241.0,1003.3443603515624,-2.51134198968283,-3.0835693243292623,0.7504702103665593,3.6138036824776383,-0.3448858089255005,3.075603506062876,-0.1733576471358852,2.514289103558063,-3.481437317159213,-1.7891165398543718
49.0,241.0,1003.344482421875,-2.5116964910929545,-3.083569324714778,0.7504702103665593,3.613808643441918,-0.3448842923256348,3.075603701593137,-0.1733715680628542,2.514281557583131,-3.4814427781760964,-1.7891162466692103
49.0,241.0,1003.345947265625,-2.5116880613828907,-3.083569324714778,0.7504702103665593,3.613808643441918,-0.3448842923750686,3.0755673022563923,-0.1733715041608703,2.5142866514512168,-3.4814417795338595,-1.7891162451174194
49.0,241.0,1003.3460693359376,-2.5113502609260743,-3.083569319432926,0.7504702103665593,3.613808643441918,-0.3448842923256348,3.0755613457790583,-0.1733717303266364,2.51428152927703,-3.4814427501424574,-1.7891168320019866
49.0,241.0,1003.3460693359376,-2.511350223894876,-3.083569319432744,0.7504702103665593,3.613808643441918,-0.3448842923256348,3.0755613545941105,-0.1733717303266364,2.51428152927703,-3.4814427501424574,-1.7891168216808448
49.0,241.0,1003.3472290039062,-2.511707491446636,-3.0835693243309854,0.7504702103665593,3.61378814110974,-0.3448842872657452,3.0755634356632124,-0.1733579663686357,2.514275352847093,-3.481441721501981,-1.7891162519100776
49.0,241.0,1003.353759765625,-2.511320232096089,-3.0835693246296927,0.7504702103665593,3.614721199671721,-0.3448859978477285,3.075603701593137,-0.173358104729665,2.514275502276178,-3.4814427501424574,-1.789116246740777
49.0,241.0,1003.354736328125,-2.511730768046561,-3.0835693247241225,0.7504702103665593,3.574151560270425,-0.3448842923256348,3.0755636311934738,-0.1733720182744159,2.5142717501402623,-3.481441822369912,-1.7891162466692103
49.0,241.0,1003.3660888671876,-2.505306286381937,-3.083569319545901,0.7504702103665593,3.613808643441918,-0.3448842923270963,3.075560469249752,-0.1733717431526256,2.51428152927703,-3.4814427501424574,-1.7891168320019866
49.0,241.0,1003.3672485351562,-2.511685586102639,-3.0835693198045027,0.7504702103665593,3.5743768548509847,-0.3448842048459033,3.07556250160265,-0.1733579074069104,2.514425995131534,-3.4814374531128816,-1.7891165327284668
49.0,241.0,1003.3674926757812,-2.511451526475333,-3.0835693198045027,0.7504702103665593,3.574377393636277,-0.3448842048459033,3.0755634356632124,-0.1733579352111937,2.514425995131534,-3.4814374531128816,-1.7891165327284668
49.0,241.0,1003.3681640625,-2.5116835968888496,-3.08356931963318,0.7504702103665593,3.574384762012495,-0.3448842923456877,3.075564850899722,-0.1733558182291651,2.514426695608543,-3.4814427501424574,-1.7891161115431369
49.0,241.0,1003.3682250976562,-2.511697689055123,-3.083569319642784,0.7504702103665593,3.5743851703991667,-0.3448843127565481,3.0755668982850524,-0.1733579363823035,2.514425616595421,-3.481437999393321,-1.789116324885087
49.0,241.0,1003.3683471679688,-2.5114547185469163,-3.083569319642784,0.7504702103665593,3.5743847806944204,-0.3448843127565481,3.0755668982850524,-0.1733579363823035,2.514425616595421,-3.481437977119375,-1.789116324885087
49.0,241.0,1003.3683471679688,-2.5114547185469163,-3.083569319642784,0.7504702103665593,3.5743847806944204,-0.3448843127565481,3.0755668982850524,-0.1733579363823035,2.514425616595421,-3.481437977119375,-1.789116324885087
49.0,241.0,1003.3683471679688,-2.5114547185469163,-3.083569319616084,0.7504702103665593,3.5743847399009776,-0.3448861005794914,3.0755668982850524,-0.1733579363823035,2.514425616595421,-3.481437965034744,-1.7891163320109915
49.0,241.0,1003.368408203125,-2.511347609766427,-3.0835693196242384,0.7504702103665593,3.574384762012495,-0.3448842919417707,3.075564850899722,-0.1733558182291651,2.514426695608543,-3.4814427501424574,-1.789116260880271
49.0,241.0,1003.368408203125,-2.511347609766427,-3.0835693196242384,0.7504702103665593,3.574384762012495,-0.3448842919417707,3.075564850899722,-0.1733558182291651,2.514426695608543,-3.4814427501424574,-1.789116260880271
49.0,241.0,1003.368408203125,-2.511347609766427,-3.0835693196242384,0.7504702103665593,3.574384762012495,-0.3448842919417707,3.075564850899722,-0.1733558182291651,2.514426695608543,-3.4814427501424574,-1.789116260880271
49.0,241.0,1003.368408203125,-2.511347609766427,-3.0835693196242384,0.7504702103665593,3.574384762012495,-0.3448842919417707,3.075564850899722,-0.1733558182291651,2.514426695608543,-3.4814427501424574,-1.789116260880271
49.0,241.0,1003.368408203125,-2.5114547185469163,-3.083569319616084,0.7504702103665593,3.5743847399009776,-0.3448844095546378,3.0755668982850524,-0.1733579363823035,2.514425616595421,-3.481437965034744,-1.7891163320109915
49.0,241.0,1003.3685302734376,-2.511691669083085,-3.083569319642657,0.7504702103665593,3.5743847806944204,-0.3448843127565481,3.0755668982850524,-0.1733578237832151,2.514425616595421,-3.481443153972997,-1.789116238170194
49.0,241.0,1003.3687744140624,-2.511347603886788,-3.083569319419877,0.7504702103665593,3.572158557489788,-0.3448842923256348,3.075563383500888,-0.1733691767654891,2.5142746497951944,-3.4814427501424574,-1.7891162465912556
49.0,241.0,1003.3687744140624,-2.511347640917986,-3.083569319420059,0.7504702103665593,3.572158557489788,-0.3448842923256348,3.0755633746858355,-0.1733691767654891,2.5142746497951944,-3.4814427501424574,-1.7891162569123973
49.0,241.0,1003.369140625,-2.5116821040178388,-3.083569319632023,0.7504702103665593,3.5743847111374727,-0.3448842923256348,3.075562488212953,-0.1733520037013824,2.51427599785942,-3.481442748678126,-1.789102612117324
49.0,241.0,1003.369140625,-2.5116821040178388,-3.083569319632023,0.7504702103665593,3.5743847111374727,-0.3448842923256348,3.075561400080682,-0.1733520598330002,2.51427599785942,-3.481442761409769,-1.789102612117324
49.0,241.0,1003.369140625,-2.5116821040178388,-3.083569319632023,0.7504702103665593,3.5743847111374727,-0.3448842923256348,3.075561400080682,-0.1733520598330002,2.51427599785942,-3.481442761409769,-1.789102612117324
49.0,241.0,1003.369140625,-2.5116821040178388,-3.083569319632023,0.7504702103665593,3.5743847111374727,-0.3448842923256348,3.075562488212953,-0.1733520037013824,2.51427599785942,-3.481442748678126,-1.789102612117324
49.0,241.0,1003.369140625,-2.5116821040178388,-3.083569319690768,0.7504702103665593,3.5743847111374727,-0.3448842923256348,3.075562482232584,-0.1733520037013824,2.514276002549149,-3.481442748678126,-1.789102612117324
49.0,241.0,1003.369140625,-2.511681497162346,-3.08356931982246,0.7504702103665593,3.5743847111374727,-0.3448842923256348,3.075562482232584,-0.1733520037013824,2.514276002549149,-3.481442748678126,-1.7891027432932014
49.0,242.0,1003.3331909179688,-2.5116911940569424,-3.0835693195901657,0.7504702103665593,3.5743847111374727,-0.3448843126380653,3.075563826420579,-0.1733578701145112,2.507001582616854,-3.481442761409769,-1.7891165426759936
49.0,242.0,1003.3333129882812,-2.511691176177491,-3.0835693196430816,0.7504702103665593,3.5743847111374727,-0.3448843126380653,3.075561400080682,-0.1733578690126161,2.507001582616854,-3.481442761409769,-1.7891168140811449
49.0,242.0,1003.3333740234376,-2.511691176177491,-3.083569319910312,0.7504702103665593,3.5743847111374727,-0.3448842925776024,3.075561400080682,-0.1733576314137586,2.507001582616854,-3.481442761409769,-1.7891168140811449
49.0,242.0,1003.3370971679688,-2.511315344587827,-3.0835693246296927,0.7504702103665593,3.6138601717673526,-0.3448859978477285,3.075603701593137,-0.173358098236985,2.514419184700589,-3.4814427501424574,-1.789116246740777
49.0,242.0,1003.3370971679688,-2.5113212048028224,-3.0835693246296927,0.7504702103665593,3.6138601717673526,-0.3448859978779573,3.075603701593137,-0.173358098236985,2.514419184700589,-3.4814427486957134,-1.789116246740777
49.0,242.0,1003.3401489257812,-2.5113065544173008,-3.0835693243292623,0.7504702103665593,3.614034436014328,-0.3448859975039192,3.075603506062876,-0.1733576471358852,2.514289103558063,-3.481437317159213,-1.7891165398543718
49.0,242.0,1003.3403930664062,-2.5113065544173008,-3.0835693242155635,0.7504702103665593,3.614034436014328,-0.3448859975039192,3.0755635317391574,-0.1733576471358852,2.514300269229738,-3.481442755718833,-1.789116532401393
49.0,242.0,1003.3414306640624,-2.5113298283536563,-3.083569319230045,0.7504702103665593,3.614721199671721,-0.3448859979061896,3.075603701593137,-0.173358104729665,2.514438727923629,-3.48144269489548,-1.789116246740777
49.0,242.0,1003.3417358398438,-2.511294834111654,-3.083569324714778,0.7504702103665593,3.614035956864337,-0.3448842923750686,3.0755673022563923,-0.1733715041608703,2.5142866514512168,-3.4814372404289515,-1.7891162451174194
49.0,242.0,1003.3417358398438,-2.511294834111654,-3.083569324714778,0.7504702103665593,3.614035956864337,-0.3448842923750686,3.0755673022563923,-0.1733715041608703,2.5142866514512168,-3.4814372404289515,-1.7891162451174194
49.0,242.0,1003.342041015625,-2.5113298378901945,-3.0835693246296927,0.7504702103665593,3.614721199671721,-0.3448859978477285,3.075603701593137,-0.173358104729665,2.514429977152504,-3.48144269489548,-1.789116246740777
49.0,242.0,1003.342041015625,-2.5113298378901945,-3.0835693246296927,0.7504702103665593,3.614721199671721,-0.3448859978477285,3.0756039506380546,-0.173358104729665,2.5144303357645543,-3.48144269489548,-1.789116246740777
49.0,242.0,1003.3428955078124,-2.511321222402456,-3.0835693246296927,0.7504702103665593,3.6138601717673526,-0.3448859978477285,3.075603701593137,-0.173358104729665,2.514275502276178,-3.4814427501424574,-1.789116246740777
49.0,242.0,1003.3429565429688,-2.511321222402456,-3.083569324651924,0.7504702103665593,3.6138601717673526,-0.3448859978782914,3.075603701593137,-0.1733579333279571,2.514275502276178,-3.481442374825074,-1.789116246740777
49.0,242.0,1003.3429565429688,-2.511321222402456,-3.083569324315402,0.7504702103665593,3.6138595452320703,-0.3448859978477285,3.0756036985486155,-0.1733576612206187,2.514275502276178,-3.4814427501424574,-1.789116250686208
49.0,242.0,1003.3433837890624,-2.511342519288007,-3.0835693194201976,0.7504702103665593,3.5725409243797426,-0.3448860042155477,3.0755655972859723,-0.1733710239872004,2.5142811011625423,-3.481442659501843,-1.789116270759736
49.0,242.0,1003.3434448242188,-2.511342519288007,-3.0835693194201976,0.7504702103665593,3.5725409243797426,-0.3448860042155477,3.075603701593137,-0.1733710239872004,2.5142811011625423,-3.4814426728678747,-1.789116270759736
49.0,242.0,1003.3438720703124,-2.511355254728957,-3.083569324714778,0.7504702103665593,3.613808643441918,-0.3448842923256348,3.075603701593137,-0.1733717303266364,2.5142866514512168,-3.4814417394564874,-1.7891162466692103
49.0,242.0,1003.3438720703124,-2.511355492314988,-3.083569324714778,0.7504702103665593,3.613808643441918,-0.3448842923256348,3.075603701593137,-0.1733717303266364,2.5142866514512168,-3.4814417394564874,-1.7891162466692103
49.0,242.0,1003.3438720703124,-2.5113502609260743,-3.083569319432926,0.7504702103665593,3.613808643441918,-0.3448842923256348,3.075603701593137,-0.1733587445144651,2.5142858825146304,-3.481441711241305,-1.789116246740777
49.0,242.0,1003.3438720703124,-2.511341948056066,-3.08356932448374,0.7504702103665593,3.613808501835013,-0.3448843327410814,3.075603701593137,-0.1733717303266364,2.5142866670895407,-3.4814416664495216,-1.789116246671082
49.0,242.0,1003.343994140625,-2.511347641037315,-3.0835693194201976,0.7504702103665593,3.613808643441918,-0.3448842923256348,3.075603701593137,-0.1733717303266364,2.5142811011625423,-3.4814427501424574,-1.7891162466692103
49.0,242.0,1003.343994140625,-2.5113502609260743,-3.083569319432926,0.7504702103665593,3.613808643441918,-0.3448842923256348,3.075603701593137,-0.1733717303266364,2.51428152927703,-3.4814427501424574,-1.789116246740777
49.0,242.0,1003.343994140625,-2.511342519288007,-3.0835693194201976,0.7504702103665593,3.613808643441918,-0.3448842923256348,3.075603701593137,-0.1733717303266364,2.5142811011625423,-3.4814427501424574,-1.7891162466692103
49.0,242.0,1003.343994140625,-2.511342519288007,-3.083569324475262,0.7504702103665593,3.613808501835013,-0.3448843327410814,3.075603701593137,-0.1733717303266364,2.5142810751218443,-3.4814427501424574,-1.7891162466711563
49.0,242.0,1003.343994140625,-2.5113477313194665,-3.0835693194201976,0.7504702103665593,3.613808647613289,-0.3448842923256348,3.075603701593137,-0.1733717303266364,2.5142811011625423,-3.4814427501424574,-1.7891162466711414
49.0,242.0,1003.343994140625,-2.5113502609260743,-3.083569319432926,0.7504702103665593,3.613808643441918,-0.3448842923256348,3.075603769720877,-0.1733717303266364,2.5142815313739253,-3.4814427501424574,-1.789116800752066
49.0,242.0,1003.343994140625,-2.511347641037315,-3.0835693194201976,0.7504702103665593,3.613808643441918,-0.3448842923256348,3.075603701593137,-0.1733717303266364,2.5142811011625423,-3.4814427501424574,-1.7891162569342094
49.0,242.0,1003.343994140625,-2.5113426823826552,-3.083569319305808,0.7504702103665593,3.6138084955903897,-0.3448843310582575,3.075603701593137,-0.1733717303266364,2.5142810751218443,-3.4814427501424574,-1.7891162466711563
49.0,242.0,1003.343994140625,-2.5113560635469283,-3.0835693247063003,0.7504702103665593,3.613808643441918,-0.3448842923256348,3.075603701593137,-0.1733717303266364,2.5142810594835203,-3.481442823149424,-1.7891162466692847
49.0,242.0,1003.3442993164062,-2.5116964910929545,-3.083569324714778,0.7504702103665593,3.613808643441918,-0.3448842923256348,3.075603701593137,-0.1733585822506829,2.514285910820732,-3.4814417392749446,-1.7891162466692103
49.0,242.0,1003.3442993164062,-2.51134198968283,-3.0835693246435536,0.7504702103665593,3.6138043090129206,-0.3448858089255005,3.075603509107397,-0.1733580906449315,2.514289103558063,-3.481437317159213,-1.789116535908941
49.0,242.0,1003.3443603515624,-2.51134198968283,-3.0835693243292623,0.7504702103665593,3.6138036824776383,-0.3448858089255005,3.075603506062876,-0.1733576471358852,2.514289103558063,-3.481437317159213,-1.7891165398543718
49.0,242.0,1003.344482421875,-2.5116964910929545,-3.083569324714778,0.7504702103665593,3.613808643441918,-0.3448842923256348,3.075603701593137,-0.1733715680628542,2.514281557583131,-3.4814427781760964,-1.7891162466692103
49.0,242.0,1003.3457641601562,-2.5116906325363293,-3.0835693196247576,0.7504702103665593,3.5725409243797426,-0.3448860042155477,3.075565039040712,-0.1733710681798029,2.5142959000814007,-3.4814426728678747,-1.789116270759736
49.0,242.0,1003.3457641601562,-2.5113502609260743,-3.083569319432926,0.7504702103665593,3.613808643441918,-0.3448842923752635,3.0755673440917444,-0.1733717313969906,2.514281474329847,-3.4814427682011413,-1.789116800752066
49.0,242.0,1003.345947265625,-2.5116880613828907,-3.083569324714778,0.7504702103665593,3.613808643441918,-0.3448842923750686,3.0755673022563923,-0.1733715041608703,2.5142866514512168,-3.4814417795338595,-1.7891162451174194
49.0,242.0,1003.3460693359376,-2.5113502609260743,-3.083569319432926,0.7504702103665593,3.613808643441918,-0.3448842923256348,3.0755613457790583,-0.1733717303266364,2.51428152927703,-3.4814427501424574,-1.7891168320019866
49.0,242.0,1003.3460693359376,-2.511350223894876,-3.083569319432744,0.7504702103665593,3.613808643441918,-0.3448842923256348,3.0755613545941105,-0.1733717303266364,2.51428152927703,-3.4814427501424574,-1.7891168216808448
49.0,242.0,1003.3462524414062,-2.5113502609260743,-3.0835693194224083,0.7504702103665593,3.613808643441918,-0.3448842923256512,3.075561403575854,-0.1733587445144651,2.514281528466124,-3.481441711241305,-1.789116231234919
49.0,242.0,1003.3472290039062,-2.511707491446636,-3.0835693243309854,0.7504702103665593,3.61378814110974,-0.3448842872657452,3.0755634356632124,-0.1733579663686357,2.514275352847093,-3.481441721501981,-1.7891162519100776
49.0,242.0,1003.3526611328124,-2.511451526475333,-3.0835693198045027,0.7504702103665593,3.574376257579371,-0.344884312697339,3.0755634356632124,-0.1733579368058198,2.507347997248012,-3.4814374531128816,-1.7891165425713769
49.0,242.0,1003.353759765625,-2.511320232096089,-3.0835693246296927,0.7504702103665593,3.614721199671721,-0.3448859978477285,3.075603701593137,-0.173358104729665,2.514275502276178,-3.4814427501424574,-1.789116246740777
49.0,242.0,1003.354736328125,-2.511730768046561,-3.0835693247241225,0.7504702103665593,3.574151560270425,-0.3448842923256348,3.0755636311934738,-0.1733720182744159,2.5142717501402623,-3.481441822369912,-1.7891162466692103
49.0,242.0,1003.354736328125,-2.511730768046561,-3.083569324456893,0.7504702103665593,3.574151560270425,-0.3448843123860978,3.0755636311934738,-0.1733722558732734,2.5142717501402623,-3.481441822369912,-1.7891162466692103
49.0,242.0,1003.3552856445312,-2.511320232096089,-3.0835693246296927,0.7504702103665593,3.614721199671721,-0.3448859511030444,3.075603701593137,-0.1733722848934571,2.514274967993731,-3.4814427501424574,-1.789116246740777
49.0,242.0,1003.35791015625,-2.5116738271419736,-3.0835693196433374,0.7504702103665593,3.574384711079401,-0.3448842919417707,3.075564850899722,-0.1733558182291651,2.5072663420108063,-3.4814427501424574,-1.789116260880271
49.0,242.0,1003.3616943359376,-2.505306286381937,-3.0835693195564184,0.7504702103665593,3.613808643441918,-0.3448842923270798,3.075602767267036,-0.1733717431526256,2.514285883325537,-3.4814427501424574,-1.7891168475078445
49.0,242.0,1003.3660888671876,-2.505306286381937,-3.083569319545901,0.7504702103665593,3.613808643441918,-0.3448842923270963,3.075560469249752,-0.1733717431526256,2.51428152927703,-3.4814427501424574,-1.7891168320019866
49.0,242.0,1003.3672485351562,-2.511685586102639,-3.0835693198045027,0.7504702103665593,3.5743768548509847,-0.3448842048459033,3.07556250160265,-0.1733579074069104,2.514425995131534,-3.4814374531128816,-1.7891165327284668
49.0,243.0,1003.3131713867188,-2.5113317772983743,-3.083569319864936,0.7504702103665593,3.5743847111374727,-0.3448842925776024,3.075561400080682,-0.1733576314137586,2.507001582616854,-3.481442760639096,-1.7891168140811449
49.0,243.0,1003.3323974609376,-2.511691176177491,-3.0835693197612555,0.7504702103665593,3.5743847111374727,-0.3448843126380653,3.075561400080682,-0.1733578690126161,2.507001582616854,-3.4814359688728165,-1.7891162559229148
49.0,243.0,1003.3331909179688,-2.5116911940569424,-3.0835693195901657,0.7504702103665593,3.5743847111374727,-0.3448843126380653,3.075563826420579,-0.1733578701145112,2.507001582616854,-3.481442761409769,-1.7891165426759936
49.0,243.0,1003.3331909179688,-2.5116911747922632,-3.0835693195901657,0.7504702103665593,3.5743847111374727,-0.3448843126380653,3.075563826420579,-0.1733578701145112,2.507001582616854,-3.481442761409769,-1.789116536534889
49.0,243.0,1003.3333129882812,-2.511691176177491,-3.0835693196430816,0.7504702103665593,3.5743847111374727,-0.3448843126380653,3.075561400080682,-0.1733578690126161,2.507001582616854,-3.481442761409769,-1.7891168140811449
49.0,243.0,1003.3333129882812,-2.51169119544217,-3.0835693196430816,0.7504702103665593,3.5743847111374727,-0.3448843126380653,3.075561400080682,-0.1733578690126161,2.507001582616854,-3.481442761409769,-1.7891168202222498
49.0,243.0,1003.3333740234376,-2.511691176177491,-3.083569319910312,0.7504702103665593,3.5743847111374727,-0.3448842925776024,3.075561400080682,-0.1733576314137586,2.507001582616854,-3.481442761409769,-1.7891168140811449
49.0,243.0,1003.3370971679688,-2.511315344587827,-3.0835693246296927,0.7504702103665593,3.6138601717673526,-0.3448859978477285,3.075603701593137,-0.173358098236985,2.514419184700589,-3.4814427501424574,-1.789116246740777
49.0,243.0,1003.3370971679688,-2.5113212048028224,-3.0835693246296927,0.7504702103665593,3.6138601717673526,-0.3448859978779573,3.075603701593137,-0.173358098236985,2.514419184700589,-3.4814427486957134,-1.789116246740777
49.0,243.0,1003.3370971679688,-2.5113212048028224,-3.0835693246296927,0.7504702103665593,3.6138601717673526,-0.3448859978779573,3.075603701593137,-0.173358098236985,2.514419184700589,-3.4814427486957134,-1.789116246740777
49.0,243.0,1003.3383178710938,-2.5096518805549435,-3.083569324714778,0.7504702103665593,3.6140276401722287,-0.3448860322027217,3.075603504510627,-0.1733717303266364,2.5142891041746,-3.4814417394564874,-1.7891162405741807
49.0,243.0,1003.339111328125,-2.5113065544173008,-3.0835693242155635,0.7504702103665593,3.6138648374797953,-0.3448859975039192,3.0755635317391574,-0.1733581440601674,2.5144197363476284,-3.481442755718833,-1.789116532401393
49.0,243.0,1003.339111328125,-2.511315344587827,-3.0835693246296927,0.7504702103665593,3.614029770301885,-0.3448859978477285,3.075603701593137,-0.1733576013127027,2.5142997175826984,-3.4814427501424574,-1.789116246740777
49.0,243.0,1003.3401489257812,-2.5113065544173008,-3.0835693243292623,0.7504702103665593,3.614034436014328,-0.3448859975039192,3.075603506062876,-0.1733576471358852,2.514289103558063,-3.481437317159213,-1.7891165398543718
49.0,243.0,1003.3403930664062,-2.5113065544173008,-3.0835693242155635,0.7504702103665593,3.614034436014328,-0.3448859975039192,3.0755635317391574,-0.1733576471358852,2.514300269229738,-3.481442755718833,-1.789116532401393
49.0,243.0,1003.3414306640624,-2.5113298283536563,-3.083569319230045,0.7504702103665593,3.614721199671721,-0.3448859979061896,3.075603701593137,-0.173358104729665,2.514438727923629,-3.48144269489548,-1.789116246740777
49.0,243.0,1003.3414306640624,-2.5113298283536563,-3.083569319230045,0.7504702103665593,3.614721199671721,-0.3448859978766251,3.075603701593137,-0.1733580984136173,2.514438160013764,-3.481442694753647,-1.789116246740777
49.0,243.0,1003.3417358398438,-2.511294834111654,-3.083569324714778,0.7504702103665593,3.614035956864337,-0.3448842923750686,3.0755673022563923,-0.1733715041608703,2.5142866514512168,-3.4814372404289515,-1.7891162451174194
49.0,243.0,1003.3417358398438,-2.511294834111654,-3.083569324714778,0.7504702103665593,3.614035956864337,-0.3448842923750686,3.0755673022563923,-0.1733715041608703,2.5142866514512168,-3.4814372404289515,-1.7891162451174194
49.0,243.0,1003.3419799804688,-2.5113298378901945,-3.0835693246321507,0.7504702103665593,3.614721199671721,-0.3448859978477285,3.0756039341208226,-0.173358104729665,2.5144308084037865,-3.48144269489548,-1.789116246740777
49.0,243.0,1003.342041015625,-2.5113298378901945,-3.0835693246296927,0.7504702103665593,3.614721199671721,-0.3448859978477285,3.075603701593137,-0.173358104729665,2.514429977152504,-3.48144269489548,-1.789116246740777
49.0,243.0,1003.342041015625,-2.5113298378901945,-3.0835693246296927,0.7504702103665593,3.614721199671721,-0.3448859978477285,3.0756039506380546,-0.173358104729665,2.5144303357645543,-3.48144269489548,-1.789116246740777
49.0,243.0,1003.3428955078124,-2.511321222402456,-3.0835693246296927,0.7504702103665593,3.6138601717673526,-0.3448859978477285,3.075603701593137,-0.173358104729665,2.514275502276178,-3.4814427501424574,-1.789116246740777
49.0,243.0,1003.3429565429688,-2.511321222402456,-3.083569324651924,0.7504702103665593,3.6138601717673526,-0.3448859978782914,3.075603701593137,-0.1733579333279571,2.514275502276178,-3.481442374825074,-1.789116246740777
49.0,243.0,1003.3429565429688,-2.511321222402456,-3.083569324315402,0.7504702103665593,3.6138595452320703,-0.3448859978477285,3.0756036985486155,-0.1733576612206187,2.514275502276178,-3.4814427501424574,-1.789116250686208
49.0,243.0,1003.3429565429688,-2.511321222402456,-3.0835693195354703,0.7504702103665593,3.6138601717673526,-0.344886000134698,3.075603701593137,-0.1733579009182127,2.514275502276178,-3.481442374825074,-1.789116246740777
49.0,243.0,1003.3429565429688,-2.511321222402456,-3.0835693246494658,0.7504702103665593,3.6138601717673526,-0.3448859978782914,3.0756037181103686,-0.1733579333279571,2.514275029636946,-3.481442374825074,-1.789116246740777
49.0,243.0,1003.3433837890624,-2.511342519288007,-3.0835693194201976,0.7504702103665593,3.5725409243797426,-0.3448860042155477,3.0755655972859723,-0.1733710239872004,2.5142811011625423,-3.481442659501843,-1.789116270759736
49.0,243.0,1003.3434448242188,-2.511342519288007,-3.0835693194201976,0.7504702103665593,3.5725409243797426,-0.3448860042155477,3.075603701593137,-0.1733710239872004,2.5142811011625423,-3.4814426728678747,-1.789116270759736
49.0,243.0,1003.3434448242188,-2.511680621281573,-3.083569324360777,0.7504702103665593,3.6138595452320703,-0.3448859978477285,3.0756036985486155,-0.1733576612206187,2.514275502276178,-3.4814427509131303,-1.789116250686208
49.0,243.0,1003.3434448242188,-2.511342519288007,-3.0835693194201976,0.7504702103665593,3.5725409243797426,-0.3448860042155477,3.075603701593137,-0.1733710239872004,2.5142811011625423,-3.4814426724718195,-1.789116270759736
49.0,243.0,1003.3438720703124,-2.511355254728957,-3.083569324714778,0.7504702103665593,3.613808643441918,-0.3448842923256348,3.075603701593137,-0.1733717303266364,2.5142866514512168,-3.4814417394564874,-1.7891162466692103
49.0,243.0,1003.3438720703124,-2.511355492314988,-3.083569324714778,0.7504702103665593,3.613808643441918,-0.3448842923256348,3.075603701593137,-0.1733717303266364,2.5142866514512168,-3.4814417394564874,-1.7891162466692103
49.0,243.0,1003.3438720703124,-2.5113502609260743,-3.083569319432926,0.7504702103665593,3.613808643441918,-0.3448842923256348,3.075603701593137,-0.1733587445144651,2.5142858825146304,-3.481441711241305,-1.789116246740777
49.0,243.0,1003.3438720703124,-2.511341948056066,-3.08356932448374,0.7504702103665593,3.613808501835013,-0.3448843327410814,3.075603701593137,-0.1733717303266364,2.5142866670895407,-3.4814416664495216,-1.789116246671082
49.0,243.0,1003.3438720703124,-2.5113420807835527,-3.0835693246435536,0.7504702103665593,3.6138090484030254,-0.3448858089255005,3.075603769517571,-0.1733580906449315,2.5142814955573414,-3.4814428603502727,-1.789116535908941
49.0,243.0,1003.3438720703124,-2.511355492314988,-3.083569324714778,0.7504702103665593,3.613808643441918,-0.3448842923256348,3.075604018473176,-0.1733562347071293,2.5142866514512168,-3.4814417394564874,-1.7891162470392488
49.0,243.0,1003.3439331054688,-2.51135854430017,-3.083569319343271,0.7504702103665593,3.613808643441918,-0.3448842923256348,3.075603769720877,-0.1733715635711604,2.5142815572848454,-3.4814427513912314,-1.7891168529170425
49.0,243.0,1003.343994140625,-2.511347641037315,-3.0835693194201976,0.7504702103665593,3.613808643441918,-0.3448842923256348,3.075603701593137,-0.1733717303266364,2.5142811011625423,-3.4814427501424574,-1.7891162466692103
49.0,243.0,1003.343994140625,-2.5113502609260743,-3.083569319432926,0.7504702103665593,3.613808643441918,-0.3448842923256348,3.075603701593137,-0.1733717303266364,2.51428152927703,-3.4814427501424574,-1.789116246740777
49.0,243.0,1003.343994140625,-2.511342519288007,-3.0835693194201976,0.7504702103665593,3.613808643441918,-0.3448842923256348,3.075603701593137,-0.1733717303266364,2.5142811011625423,-3.4814427501424574,-1.7891162466692103
49.0,243.0,1003.343994140625,-2.511342519288007,-3.083569324475262,0.7504702103665593,3.613808501835013,-0.3448843327410814,3.075603701593137,-0.1733717303266364,2.5142810751218443,-3.4814427501424574,-1.7891162466711563
49.0,243.0,1003.343994140625,-2.5113477313194665,-3.0835693194201976,0.7504702103665593,3.613808647613289,-0.3448842923256348,3.075603701593137,-0.1733717303266364,2.5142811011625423,-3.4814427501424574,-1.7891162466711414
49.0,243.0,1003.343994140625,-2.5113502609260743,-3.083569319432926,0.7504702103665593,3.613808643441918,-0.3448842923256348,3.075603769720877,-0.1733717303266364,2.5142815313739253,-3.4814427501424574,-1.789116800752066
49.0,243.0,1003.343994140625,-2.511347641037315,-3.0835693194201976,0.7504702103665593,3.613808643441918,-0.3448842923256348,3.075603701593137,-0.1733717303266364,2.5142811011625423,-3.4814427501424574,-1.7891162569342094
49.0,243.0,1003.343994140625,-2.5113426823826552,-3.083569319305808,0.7504702103665593,3.6138084955903897,-0.3448843310582575,3.075603701593137,-0.1733717303266364,2.5142810751218443,-3.4814427501424574,-1.7891162466711563
49.0,243.0,1003.343994140625,-2.5113560635469283,-3.0835693247063003,0.7504702103665593,3.613808643441918,-0.3448842923256348,3.075603701593137,-0.1733717303266364,2.5142810594835203,-3.481442823149424,-1.7891162466692847
49.0,243.0,1003.3442993164062,-2.5116964910929545,-3.083569324714778,0.7504702103665593,3.613808643441918,-0.3448842923256348,3.075603701593137,-0.1733585822506829,2.514285910820732,-3.4814417392749446,-1.7891162466692103
49.0,243.0,1003.3442993164062,-2.51134198968283,-3.0835693246435536,0.7504702103665593,3.6138043090129206,-0.3448858089255005,3.075603509107397,-0.1733580906449315,2.514289103558063,-3.481437317159213,-1.789116535908941
49.0,243.0,1003.3443603515624,-2.51134198968283,-3.0835693243292623,0.7504702103665593,3.6138036824776383,-0.3448858089255005,3.075603506062876,-0.1733576471358852,2.514289103558063,-3.481437317159213,-1.7891165398543718
49.0,244.0,1003.3131713867188,-2.5113317772983743,-3.083569319864936,0.7504702103665593,3.5743847111374727,-0.3448842925776024,3.075561400080682,-0.1733576314137586,2.507001582616854,-3.481442760639096,-1.7891168140811449
49.0,244.0,1003.3131713867188,-2.5113317772983743,-3.083569319864936,0.7504702103665593,3.5743847111374727,-0.3448842925776024,3.075561421018593,-0.1733576314137586,2.507001582616854,-3.481442760639096,-1.7891165178125137
49.0,244.0,1003.3323974609376,-2.511691176177491,-3.0835693197612555,0.7504702103665593,3.5743847111374727,-0.3448843126380653,3.075561400080682,-0.1733578690126161,2.507001582616854,-3.4814359688728165,-1.7891162559229148
49.0,244.0,1003.3323974609376,-2.511691176177491,-3.0835693197612555,0.7504702103665593,3.5743847111374727,-0.3448843126380653,3.075561400080682,-0.1733576074176243,2.507001582616854,-3.4814359688728165,-1.789116236447062
49.0,244.0,1003.3331909179688,-2.5116911940569424,-3.0835693195901657,0.7504702103665593,3.5743847111374727,-0.3448843126380653,3.075563826420579,-0.1733578701145112,2.507001582616854,-3.481442761409769,-1.7891165426759936
49.0,244.0,1003.3331909179688,-2.5116911747922632,-3.0835693195901657,0.7504702103665593,3.5743847111374727,-0.3448843126380653,3.075563826420579,-0.1733578701145112,2.507001582616854,-3.481442761409769,-1.789116536534889
49.0,244.0,1003.3331909179688,-2.5116911940569424,-3.0835693195901657,0.7504702103665593,3.5743847111374727,-0.3448843126380653,3.075563826420579,-0.1733578701145112,2.507001582616854,-3.481442761409769,-1.7891165426759936
49.0,244.0,1003.3333129882812,-2.511691176177491,-3.0835693196430816,0.7504702103665593,3.5743847111374727,-0.3448843126380653,3.075561400080682,-0.1733578690126161,2.507001582616854,-3.481442761409769,-1.7891168140811449
49.0,244.0,1003.3333129882812,-2.51169119544217,-3.0835693196430816,0.7504702103665593,3.5743847111374727,-0.3448843126380653,3.075561400080682,-0.1733578690126161,2.507001582616854,-3.481442761409769,-1.7891168202222498
49.0,244.0,1003.3333129882812,-2.5116911955714336,-3.0835693196430816,0.7504702103665593,3.5743847111374727,-0.3448843126380653,3.075561400080682,-0.1733578690126161,2.507001582616854,-3.481442761409769,-1.7891168202222498
49.0,244.0,1003.3333740234376,-2.511691176177491,-3.083569319910312,0.7504702103665593,3.5743847111374727,-0.3448842925776024,3.075561400080682,-0.1733576314137586,2.507001582616854,-3.481442761409769,-1.7891168140811449
49.0,244.0,1003.3370971679688,-2.511315344587827,-3.0835693246296927,0.7504702103665593,3.6138601717673526,-0.3448859978477285,3.075603701593137,-0.173358098236985,2.514419184700589,-3.4814427501424574,-1.789116246740777
49.0,244.0,1003.3370971679688,-2.5113212048028224,-3.0835693246296927,0.7504702103665593,3.6138601717673526,-0.3448859978779573,3.075603701593137,-0.173358098236985,2.514419184700589,-3.4814427486957134,-1.789116246740777
49.0,244.0,1003.3370971679688,-2.5113212048028224,-3.0835693246296927,0.7504702103665593,3.6138601717673526,-0.3448859978779573,3.075603701593137,-0.173358098236985,2.514419184700589,-3.4814427486957134,-1.789116246740777
49.0,244.0,1003.3370971679688,-2.511306834308461,-3.0835693197067364,0.7504702103665593,3.6138648374797953,-0.3448859973461409,3.0756036700200435,-0.1733581440601674,2.5144163908561343,-3.481442755718833,-1.789116272746499
49.0,244.0,1003.3370971679688,-2.5113212048028224,-3.0835693246296927,0.7504702103665593,3.6138601717673526,-0.3448859978466874,3.075603701593137,-0.173358098236985,2.514419184700589,-3.4814427486957134,-1.789116246740777
49.0,244.0,1003.337158203125,-2.5113212048028224,-3.08356932462888,0.7504702103665593,3.6138601717673526,-0.3448859978779573,3.075603702593873,-0.1733573744336585,2.51441991455362,-3.481441732970227,-1.789116246740777
49.0,244.0,1003.3383178710938,-2.5096518805549435,-3.083569324714778,0.7504702103665593,3.6140276401722287,-0.3448860322027217,3.075603504510627,-0.1733717303266364,2.5142891041746,-3.4814417394564874,-1.7891162405741807
49.0,244.0,1003.339111328125,-2.5113065544173008,-3.0835693242155635,0.7504702103665593,3.6138648374797953,-0.3448859975039192,3.0755635317391574,-0.1733581440601674,2.5144197363476284,-3.481442755718833,-1.789116532401393
49.0,244.0,1003.339111328125,-2.511315344587827,-3.0835693246296927,0.7504702103665593,3.614029770301885,-0.3448859978477285,3.075603701593137,-0.1733576013127027,2.5142997175826984,-3.4814427501424574,-1.789116246740777
49.0,244.0,1003.3401489257812,-2.5113065544173008,-3.0835693243292623,0.7504702103665593,3.614034436014328,-0.3448859975039192,3.075603506062876,-0.1733576471358852,2.514289103558063,-3.481437317159213,-1.7891165398543718
49.0,244.0,1003.3401489257812,-2.5096518805549435,-3.083569324714778,0.7504702103665593,3.614036308198049,-0.3448844350665087,3.07556711645159,-0.1733717303266364,2.514289328608541,-3.4814417394564874,-1.7891162448041067
49.0,244.0,1003.3403930664062,-2.5113065544173008,-3.0835693242155635,0.7504702103665593,3.614034436014328,-0.3448859975039192,3.0755635317391574,-0.1733576471358852,2.514300269229738,-3.481442755718833,-1.789116532401393
49.0,244.0,1003.3403930664062,-2.5113065544173008,-3.0835693242155635,0.7504702103665593,3.614034436014328,-0.3448859975039192,3.0755635108012465,-0.1733576471358852,2.514300269229738,-3.481442755718833,-1.789116828670024
49.0,244.0,1003.3405151367188,-2.5113298283536563,-3.083569319230045,0.7504702103665593,3.6140487500582106,-0.3448859978766251,3.075565183229038,-0.1733580984136173,2.514292943241846,-3.48144266152507,-1.7891162467205726
49.0,244.0,1003.3414306640624,-2.5113298283536563,-3.083569319230045,0.7504702103665593,3.614721199671721,-0.3448859979061896,3.075603701593137,-0.173358104729665,2.514438727923629,-3.48144269489548,-1.789116246740777
49.0,244.0,1003.3414306640624,-2.5113298283536563,-3.083569319230045,0.7504702103665593,3.614721199671721,-0.3448859978766251,3.075603701593137,-0.1733580984136173,2.514438160013764,-3.481442694753647,-1.789116246740777
49.0,244.0,1003.3417358398438,-2.511294834111654,-3.083569324714778,0.7504702103665593,3.614035956864337,-0.3448842923750686,3.0755673022563923,-0.1733715041608703,2.5142866514512168,-3.4814372404289515,-1.7891162451174194
49.0,244.0,1003.3417358398438,-2.511294834111654,-3.083569324714778,0.7504702103665593,3.614035956864337,-0.3448842923750686,3.0755673022563923,-0.1733715041608703,2.5142866514512168,-3.4814372404289515,-1.7891162451174194
49.0,244.0,1003.3419799804688,-2.5113298378901945,-3.0835693246321507,0.7504702103665593,3.614721199671721,-0.3448859978477285,3.0756039341208226,-0.173358104729665,2.5144308084037865,-3.48144269489548,-1.789116246740777
49.0,244.0,1003.342041015625,-2.5113298378901945,-3.0835693246296927,0.7504702103665593,3.614721199671721,-0.3448859978477285,3.075603701593137,-0.173358104729665,2.514429977152504,-3.48144269489548,-1.789116246740777
49.0,244.0,1003.342041015625,-2.5113298378901945,-3.0835693246296927,0.7504702103665593,3.614721199671721,-0.3448859978477285,3.0756039506380546,-0.173358104729665,2.5144303357645543,-3.48144269489548,-1.789116246740777
49.0,244.0,1003.342041015625,-2.5113298234436625,-3.0835693245904165,0.7504702103665593,3.614721199671721,-0.3448859978477285,3.075603698652613,-0.173358104729665,2.514429977152504,-3.481442749950579,-1.7891162508403753
49.0,244.0,1003.342041015625,-2.5113298378901945,-3.0835693246296927,0.7504702103665593,3.614721199671721,-0.3448859978477285,3.075603701593137,-0.1733580984113479,2.514429977152504,-3.4814427526480056,-1.789116246740777
49.0,244.0,1003.3428955078124,-2.511321222402456,-3.0835693246296927,0.7504702103665593,3.6138601717673526,-0.3448859978477285,3.075603701593137,-0.173358104729665,2.514275502276178,-3.4814427501424574,-1.789116246740777
49.0,244.0,1003.3429565429688,-2.511321222402456,-3.083569324651924,0.7504702103665593,3.6138601717673526,-0.3448859978782914,3.075603701593137,-0.1733579333279571,2.514275502276178,-3.481442374825074,-1.789116246740777
49.0,244.0,1003.3429565429688,-2.511321222402456,-3.083569324315402,0.7504702103665593,3.6138595452320703,-0.3448859978477285,3.0756036985486155,-0.1733576612206187,2.514275502276178,-3.4814427501424574,-1.789116250686208
49.0,244.0,1003.3429565429688,-2.511321222402456,-3.0835693195354703,0.7504702103665593,3.6138601717673526,-0.344886000134698,3.075603701593137,-0.1733579009182127,2.514275502276178,-3.481442374825074,-1.789116246740777
49.0,244.0,1003.3429565429688,-2.511321222402456,-3.0835693246494658,0.7504702103665593,3.6138601717673526,-0.3448859978782914,3.0756037181103686,-0.1733579333279571,2.514275029636946,-3.481442374825074,-1.789116246740777
49.0,244.0,1003.3433837890624,-2.511342519288007,-3.0835693194201976,0.7504702103665593,3.5725409243797426,-0.3448860042155477,3.0755655972859723,-0.1733710239872004,2.5142811011625423,-3.481442659501843,-1.789116270759736
49.0,244.0,1003.3434448242188,-2.511342519288007,-3.0835693194201976,0.7504702103665593,3.5725409243797426,-0.3448860042155477,3.075603701593137,-0.1733710239872004,2.5142811011625423,-3.4814426728678747,-1.789116270759736
49.0,244.0,1003.3434448242188,-2.511680621281573,-3.083569324360777,0.7504702103665593,3.6138595452320703,-0.3448859978477285,3.0756036985486155,-0.1733576612206187,2.514275502276178,-3.4814427509131303,-1.789116250686208
49.0,244.0,1003.3434448242188,-2.511342519288007,-3.0835693194201976,0.7504702103665593,3.5725409243797426,-0.3448860042155477,3.075603701593137,-0.1733710239872004,2.5142811011625423,-3.4814426724718195,-1.789116270759736
49.0,244.0,1003.3434448242188,-2.5113422393968468,-3.0835693239290247,0.7504702103665593,3.5725409243797426,-0.3448860043733261,3.075563563312252,-0.1733710239872004,2.514284446654036,-3.4814426728678747,-1.7891165304146293
49.0,244.0,1003.3438720703124,-2.511355254728957,-3.083569324714778,0.7504702103665593,3.613808643441918,-0.3448842923256348,3.075603701593137,-0.1733717303266364,2.5142866514512168,-3.4814417394564874,-1.7891162466692103
49.0,244.0,1003.3438720703124,-2.511355492314988,-3.083569324714778,0.7504702103665593,3.613808643441918,-0.3448842923256348,3.075603701593137,-0.1733717303266364,2.5142866514512168,-3.4814417394564874,-1.7891162466692103
49.0,244.0,1003.3438720703124,-2.5113502609260743,-3.083569319432926,0.7504702103665593,3.613808643441918,-0.3448842923256348,3.075603701593137,-0.1733587445144651,2.5142858825146304,-3.481441711241305,-1.789116246740777
49.0,244.0,1003.3438720703124,-2.511341948056066,-3.08356932448374,0.7504702103665593,3.613808501835013,-0.3448843327410814,3.075603701593137,-0.1733717303266364,2.5142866670895407,-3.4814416664495216,-1.789116246671082
49.0,244.0,1003.3438720703124,-2.5113420807835527,-3.0835693246435536,0.7504702103665593,3.6138090484030254,-0.3448858089255005,3.075603769517571,-0.1733580906449315,2.5142814955573414,-3.4814428603502727,-1.789116535908941
49.0,244.0,1003.3438720703124,-2.511355492314988,-3.083569324714778,0.7504702103665593,3.613808643441918,-0.3448842923256348,3.075604018473176,-0.1733562347071293,2.5142866514512168,-3.4814417394564874,-1.7891162470392488
49.0,245.0,1003.3131713867188,-2.5113317772983743,-3.083569319864936,0.7504702103665593,3.5743847111374727,-0.3448842925776024,3.075561400080682,-0.1733576314137586,2.507001582616854,-3.481442760639096,-1.7891168140811449
49.0,245.0,1003.3131713867188,-2.5113317772983743,-3.083569319864936,0.7504702103665593,3.5743847111374727,-0.3448842925776024,3.075561421018593,-0.1733576314137586,2.507001582616854,-3.481442760639096,-1.7891165178125137
49.0,245.0,1003.3131713867188,-2.5113370321642687,-3.083569319577377,0.7504702103665593,3.5743847111374727,-0.3448843126380653,3.0755637406105296,-0.1733578701145112,2.507001582616854,-3.481442761243728,-1.7891162371215843
49.0,245.0,1003.3323364257812,-2.511691176177491,-3.083569319747849,0.7504702103665593,3.5743847111374727,-0.3448843126380653,3.07556384890894,-0.1733578690126161,2.507001582616854,-3.481436606854308,-1.7891162559229148
49.0,245.0,1003.3323974609376,-2.511691176177491,-3.0835693197612555,0.7504702103665593,3.5743847111374727,-0.3448843126380653,3.075561400080682,-0.1733578690126161,2.507001582616854,-3.4814359688728165,-1.7891162559229148
49.0,245.0,1003.3323974609376,-2.511691176177491,-3.0835693197612555,0.7504702103665593,3.5743847111374727,-0.3448843126380653,3.075561400080682,-0.1733576074176243,2.507001582616854,-3.4814359688728165,-1.789116236447062
49.0,245.0,1003.3331909179688,-2.5116911940569424,-3.0835693195901657,0.7504702103665593,3.5743847111374727,-0.3448843126380653,3.075563826420579,-0.1733578701145112,2.507001582616854,-3.481442761409769,-1.7891165426759936
49.0,245.0,1003.3331909179688,-2.5116911747922632,-3.0835693195901657,0.7504702103665593,3.5743847111374727,-0.3448843126380653,3.075563826420579,-0.1733578701145112,2.507001582616854,-3.481442761409769,-1.789116536534889
49.0,245.0,1003.3331909179688,-2.5116911940569424,-3.0835693195901657,0.7504702103665593,3.5743847111374727,-0.3448843126380653,3.075563826420579,-0.1733578701145112,2.507001582616854,-3.481442761409769,-1.7891165426759936
49.0,245.0,1003.3331909179688,-2.5116911940569424,-3.0835693195901657,0.7504702103665593,3.5743847111374727,-0.3448843126380653,3.075563826420579,-0.1733578685708832,2.507001582616854,-3.481442761409769,-1.7891165426759936
49.0,245.0,1003.333251953125,-2.5116911940569424,-3.0835693196035723,0.7504702103665593,3.5743847111374727,-0.3448843126380653,3.075561377592321,-0.1733578701145112,2.507001582616854,-3.4814421234282777,-1.7891165426759936
49.0,245.0,1003.3333129882812,-2.511691176177491,-3.0835693196430816,0.7504702103665593,3.5743847111374727,-0.3448843126380653,3.075561400080682,-0.1733578690126161,2.507001582616854,-3.481442761409769,-1.7891168140811449
49.0,245.0,1003.3333129882812,-2.51169119544217,-3.0835693196430816,0.7504702103665593,3.5743847111374727,-0.3448843126380653,3.075561400080682,-0.1733578690126161,2.507001582616854,-3.481442761409769,-1.7891168202222498
49.0,245.0,1003.3333129882812,-2.5116911955714336,-3.0835693196430816,0.7504702103665593,3.5743847111374727,-0.3448843126380653,3.075561400080682,-0.1733578690126161,2.507001582616854,-3.481442761409769,-1.7891168202222498
49.0,245.0,1003.3333129882812,-2.51169119544217,-3.0835693196430816,0.7504702103665593,3.5743847111374727,-0.3448843126380653,3.075561400080682,-0.1733578690126161,2.507001582616854,-3.481442761409769,-1.7891168202222498
49.0,245.0,1003.3333129882812,-2.5116911957929884,-3.0835693197651803,0.7504702103665593,3.5743847111374727,-0.3448843126380653,3.075561400080682,-0.1733578690126161,2.507001582616854,-3.481442593152229,-1.7891162559229148
49.0,245.0,1003.3333740234376,-2.511691176177491,-3.083569319910312,0.7504702103665593,3.5743847111374727,-0.3448842925776024,3.075561400080682,-0.1733576314137586,2.507001582616854,-3.481442761409769,-1.7891168140811449
49.0,245.0,1003.335693359375,-2.5113212878180144,-3.083569324745588,0.7504702103665593,3.573757026561529,-0.3448859978779573,3.075603701593137,-0.173358098236985,2.514419184700589,-3.481442760629827,-1.7891168056939264
49.0,245.0,1003.3369750976562,-2.511306834308461,-3.0835693247096665,0.7504702103665593,3.613864614282636,-0.3448859973534508,3.075603669669908,-0.1733580983064988,2.514419129656194,-3.481442755625398,-1.7891162469442066
49.0,245.0,1003.3370971679688,-2.511315344587827,-3.0835693246296927,0.7504702103665593,3.6138601717673526,-0.3448859978477285,3.075603701593137,-0.173358098236985,2.514419184700589,-3.4814427501424574,-1.789116246740777
49.0,245.0,1003.3370971679688,-2.5113212048028224,-3.0835693246296927,0.7504702103665593,3.6138601717673526,-0.3448859978779573,3.075603701593137,-0.173358098236985,2.514419184700589,-3.4814427486957134,-1.789116246740777
49.0,245.0,1003.3370971679688,-2.5113212048028224,-3.0835693246296927,0.7504702103665593,3.6138601717673526,-0.3448859978779573,3.075603701593137,-0.173358098236985,2.514419184700589,-3.4814427486957134,-1.789116246740777
49.0,245.0,1003.3370971679688,-2.511306834308461,-3.0835693197067364,0.7504702103665593,3.6138648374797953,-0.3448859973461409,3.0756036700200435,-0.1733581440601674,2.5144163908561343,-3.481442755718833,-1.789116272746499
49.0,245.0,1003.3370971679688,-2.5113212048028224,-3.0835693246296927,0.7504702103665593,3.6138601717673526,-0.3448859978466874,3.075603701593137,-0.173358098236985,2.514419184700589,-3.4814427486957134,-1.789116246740777
49.0,245.0,1003.3370971679688,-2.5113212048028224,-3.0835693246296927,0.7504702103665593,3.613860132758079,-0.3448859978470588,3.075603701593137,-0.173358098236985,2.514419184700589,-3.4814427486957134,-1.789116246740777
49.0,245.0,1003.337158203125,-2.5113212048028224,-3.08356932462888,0.7504702103665593,3.6138601717673526,-0.3448859978779573,3.075603702593873,-0.1733573744336585,2.51441991455362,-3.481441732970227,-1.789116246740777
49.0,245.0,1003.337158203125,-2.5113206764084417,-3.083569324610673,0.7504702103665593,3.6138580045054978,-0.3448859978720064,3.075603701593137,-0.173358098236985,2.514419184700589,-3.4814427561465244,-1.789116246740777
49.0,245.0,1003.3383178710938,-2.5096518805549435,-3.083569324714778,0.7504702103665593,3.6140276401722287,-0.3448860322027217,3.075603504510627,-0.1733717303266364,2.5142891041746,-3.4814417394564874,-1.7891162405741807
49.0,245.0,1003.339111328125,-2.5113065544173008,-3.0835693242155635,0.7504702103665593,3.6138648374797953,-0.3448859975039192,3.0755635317391574,-0.1733581440601674,2.5144197363476284,-3.481442755718833,-1.789116532401393
49.0,245.0,1003.339111328125,-2.511315344587827,-3.0835693246296927,0.7504702103665593,3.614029770301885,-0.3448859978477285,3.075603701593137,-0.1733576013127027,2.5142997175826984,-3.4814427501424574,-1.789116246740777
49.0,245.0,1003.339599609375,-2.511315344587827,-3.0835693246296927,0.7504702103665593,3.614029770301885,-0.3448859978477285,3.075603701593137,-0.1733576025747437,2.5142905979349512,-3.4814427501424574,-1.7891162619315306
49.0,245.0,1003.3399658203124,-2.5113155774324407,-3.0835693246289724,0.7504702103665593,3.614034436014328,-0.3448859975039192,3.075603506062876,-0.1733576471358852,2.5142825550778927,-3.4814428914403304,-1.7891165398543718
49.0,245.0,1003.3401489257812,-2.5113065544173008,-3.0835693243292623,0.7504702103665593,3.614034436014328,-0.3448859975039192,3.075603506062876,-0.1733576471358852,2.514289103558063,-3.481437317159213,-1.7891165398543718
49.0,245.0,1003.3401489257812,-2.5096518805549435,-3.083569324714778,0.7504702103665593,3.614036308198049,-0.3448844350665087,3.07556711645159,-0.1733717303266364,2.514289328608541,-3.4814417394564874,-1.7891162448041067
49.0,245.0,1003.34033203125,-2.511307082811681,-3.083569324234583,0.7504702103665593,3.6140366032761824,-0.3448859975098701,3.0755635317391574,-0.1733576471358852,2.514300269229738,-3.481442748268022,-1.789116532401393
49.0,245.0,1003.3403930664062,-2.5113065544173008,-3.0835693242155635,0.7504702103665593,3.614034436014328,-0.3448859975039192,3.0755635317391574,-0.1733576471358852,2.514300269229738,-3.481442755718833,-1.789116532401393
49.0,245.0,1003.3403930664062,-2.5113065544173008,-3.0835693242155635,0.7504702103665593,3.614034436014328,-0.3448859975039192,3.0755635108012465,-0.1733576471358852,2.514300269229738,-3.481442755718833,-1.789116828670024
49.0,245.0,1003.3405151367188,-2.5113298283536563,-3.083569319230045,0.7504702103665593,3.6140487500582106,-0.3448859978766251,3.075565183229038,-0.1733580984136173,2.514292943241846,-3.48144266152507,-1.7891162467205726
49.0,245.0,1003.340576171875,-2.511307570716008,-3.083569319230045,0.7504702103665593,3.614721199671721,-0.3448859979061896,3.0755672661302857,-0.173358104729665,2.514438727923629,-3.48144269489548,-1.789116256948216
49.0,245.0,1003.3414306640624,-2.5113298283536563,-3.083569319230045,0.7504702103665593,3.614721199671721,-0.3448859979061896,3.075603701593137,-0.173358104729665,2.514438727923629,-3.48144269489548,-1.789116246740777
49.0,245.0,1003.3414306640624,-2.5113298283536563,-3.083569319230045,0.7504702103665593,3.614721199671721,-0.3448859978766251,3.075603701593137,-0.1733580984136173,2.514438160013764,-3.481442694753647,-1.789116246740777
49.0,245.0,1003.3417358398438,-2.511294834111654,-3.083569324714778,0.7504702103665593,3.614035956864337,-0.3448842923750686,3.0755673022563923,-0.1733715041608703,2.5142866514512168,-3.4814372404289515,-1.7891162451174194
49.0,245.0,1003.3417358398438,-2.511294834111654,-3.083569324714778,0.7504702103665593,3.614035956864337,-0.3448842923750686,3.0755673022563923,-0.1733715041608703,2.5142866514512168,-3.4814372404289515,-1.7891162451174194
49.0,245.0,1003.3419799804688,-2.5113298378901945,-3.0835693246321507,0.7504702103665593,3.614721199671721,-0.3448859978477285,3.0756039341208226,-0.173358104729665,2.5144308084037865,-3.48144269489548,-1.789116246740777
49.0,245.0,1003.342041015625,-2.5113298378901945,-3.0835693246296927,0.7504702103665593,3.614721199671721,-0.3448859978477285,3.075603701593137,-0.173358104729665,2.514429977152504,-3.48144269489548,-1.789116246740777
49.0,245.0,1003.342041015625,-2.5113298378901945,-3.0835693246296927,0.7504702103665593,3.614721199671721,-0.3448859978477285,3.0756039506380546,-0.173358104729665,2.5144303357645543,-3.48144269489548,-1.789116246740777
49.0,245.0,1003.342041015625,-2.5113298234436625,-3.0835693245904165,0.7504702103665593,3.614721199671721,-0.3448859978477285,3.075603698652613,-0.173358104729665,2.514429977152504,-3.481442749950579,-1.7891162508403753
49.0,245.0,1003.342041015625,-2.5113298378901945,-3.0835693246296927,0.7504702103665593,3.614721199671721,-0.3448859978477285,3.075603701593137,-0.1733580984113479,2.514429977152504,-3.4814427526480056,-1.789116246740777
49.0,245.0,1003.342041015625,-2.5113298378901945,-3.0835693246296927,0.7504702103665593,3.614721199671721,-0.3448859978477285,3.075603701593137,-0.1733580984113479,2.514429977152504,-3.4814427526480056,-1.789116246740777
49.0,245.0,1003.342041015625,-2.5113298378901945,-3.0835693246296927,0.7504702103665593,3.614721199671721,-0.3448859978477285,3.0756039506380546,-0.173358106273293,2.5144303357645543,-3.48144269489548,-1.789116246740777
49.0,246.0,1003.2945556640624,-2.5113370321642687,-3.083569319590663,0.7504702103665593,3.575410514691666,-0.3448842974384678,3.0755636046197377,-0.1733578701145112,2.506688351994539,-3.481442747792112,-1.7891162371215843
49.0,246.0,1003.3131713867188,-2.5113317772983743,-3.083569319864936,0.7504702103665593,3.5743847111374727,-0.3448842925776024,3.075561400080682,-0.1733576314137586,2.507001582616854,-3.481442760639096,-1.7891168140811449
49.0,246.0,1003.3131713867188,-2.5113317772983743,-3.083569319864936,0.7504702103665593,3.5743847111374727,-0.3448842925776024,3.075561421018593,-0.1733576314137586,2.507001582616854,-3.481442760639096,-1.7891165178125137
49.0,246.0,1003.3131713867188,-2.5113370321642687,-3.083569319577377,0.7504702103665593,3.5743847111374727,-0.3448843126380653,3.0755637406105296,-0.1733578701145112,2.507001582616854,-3.481442761243728,-1.7891162371215843
49.0,246.0,1003.3131713867188,-2.5113317772983743,-3.083569319864936,0.7504702103665593,3.5743847111374727,-0.3448842925776024,3.075561421018593,-0.1733576314137586,2.507001582616854,-3.481442760639096,-1.7891165178125137
49.0,246.0,1003.313232421875,-2.511333733123019,-3.0835693196430816,0.7504702103665593,3.5743847111374727,-0.344884290312253,3.075561400080682,-0.1733576439549816,2.507001582616854,-3.481442761409769,-1.7891168200624157
49.0,246.0,1003.3161010742188,-2.511691176177491,-3.0835693197612555,0.7504702103665593,3.615384719724177,-0.3448843126380653,3.075561400080682,-0.1733575857146266,2.507001582616854,-3.4814359688728165,-1.7891162364216993
49.0,246.0,1003.3323364257812,-2.511691176177491,-3.083569319747849,0.7504702103665593,3.5743847111374727,-0.3448843126380653,3.07556384890894,-0.1733578690126161,2.507001582616854,-3.481436606854308,-1.7891162559229148
49.0,246.0,1003.3323974609376,-2.511691176177491,-3.0835693197612555,0.7504702103665593,3.5743847111374727,-0.3448843126380653,3.075561400080682,-0.1733578690126161,2.507001582616854,-3.4814359688728165,-1.7891162559229148
49.0,246.0,1003.3323974609376,-2.511691176177491,-3.0835693197612555,0.7504702103665593,3.5743847111374727,-0.3448843126380653,3.075561400080682,-0.1733576074176243,2.507001582616854,-3.4814359688728165,-1.789116236447062
49.0,246.0,1003.3331909179688,-2.5116911940569424,-3.0835693195901657,0.7504702103665593,3.5743847111374727,-0.3448843126380653,3.075563826420579,-0.1733578701145112,2.507001582616854,-3.481442761409769,-1.7891165426759936
49.0,246.0,1003.3331909179688,-2.5116911747922632,-3.0835693195901657,0.7504702103665593,3.5743847111374727,-0.3448843126380653,3.075563826420579,-0.1733578701145112,2.507001582616854,-3.481442761409769,-1.789116536534889
49.0,246.0,1003.3331909179688,-2.5116911940569424,-3.0835693195901657,0.7504702103665593,3.5743847111374727,-0.3448843126380653,3.075563826420579,-0.1733578701145112,2.507001582616854,-3.481442761409769,-1.7891165426759936
49.0,246.0,1003.3331909179688,-2.5116911940569424,-3.0835693195901657,0.7504702103665593,3.5743847111374727,-0.3448843126380653,3.075563826420579,-0.1733578685708832,2.507001582616854,-3.481442761409769,-1.7891165426759936
49.0,246.0,1003.3331909179688,-2.5116911940569424,-3.0835693195901657,0.7504702103665593,3.5743847111374727,-0.3448843126380653,3.075563826420579,-0.1733578701145112,2.507001582616854,-3.481442761409769,-1.7891165426759936
49.0,246.0,1003.333251953125,-2.5116911940569424,-3.0835693196035723,0.7504702103665593,3.5743847111374727,-0.3448843126380653,3.075561377592321,-0.1733578701145112,2.507001582616854,-3.4814421234282777,-1.7891165426759936
49.0,246.0,1003.3333129882812,-2.511691176177491,-3.0835693196430816,0.7504702103665593,3.5743847111374727,-0.3448843126380653,3.075561400080682,-0.1733578690126161,2.507001582616854,-3.481442761409769,-1.7891168140811449
49.0,246.0,1003.3333129882812,-2.51169119544217,-3.0835693196430816,0.7504702103665593,3.5743847111374727,-0.3448843126380653,3.075561400080682,-0.1733578690126161,2.507001582616854,-3.481442761409769,-1.7891168202222498
49.0,246.0,1003.3333129882812,-2.5116911955714336,-3.0835693196430816,0.7504702103665593,3.5743847111374727,-0.3448843126380653,3.075561400080682,-0.1733578690126161,2.507001582616854,-3.481442761409769,-1.7891168202222498
49.0,246.0,1003.3333129882812,-2.51169119544217,-3.0835693196430816,0.7504702103665593,3.5743847111374727,-0.3448843126380653,3.075561400080682,-0.1733578690126161,2.507001582616854,-3.481442761409769,-1.7891168202222498
49.0,246.0,1003.3333129882812,-2.5116911957929884,-3.0835693197651803,0.7504702103665593,3.5743847111374727,-0.3448843126380653,3.075561400080682,-0.1733578690126161,2.507001582616854,-3.481442593152229,-1.7891162559229148
49.0,246.0,1003.3333129882812,-2.511691193753201,-3.083569319910312,0.7504702103665593,3.5743847111374727,-0.3448843149319091,3.07556118996888,-0.173357867613446,2.507001582616854,-3.481442761409769,-1.7891168140811449
49.0,246.0,1003.3333129882812,-2.5116911957929884,-3.0835693197651803,0.7504702103665593,3.5743847111374727,-0.3448843126380653,3.075561400080682,-0.1733578690126161,2.507001582616854,-3.481442593152229,-1.7891162559229148
49.0,246.0,1003.3333129882812,-2.5116911940569424,-3.0835693196035723,0.7504702103665593,3.5743847111374727,-0.3448843151976982,3.075561377592321,-0.1733578701145112,2.507001582616854,-3.4814428176384364,-1.7891165098658015
49.0,246.0,1003.3333740234376,-2.511691176177491,-3.083569319910312,0.7504702103665593,3.5743847111374727,-0.3448842925776024,3.075561400080682,-0.1733576314137586,2.507001582616854,-3.481442761409769,-1.7891168140811449
49.0,246.0,1003.3345947265624,-2.5113298378901945,-3.0835693246296927,0.7504702103665593,3.5737211910850166,-0.3448859978477285,3.0756039506380546,-0.1733581264326627,2.5144303357645543,-3.48144269489548,-1.7891162467661397
49.0,246.0,1003.335693359375,-2.5113212878180144,-3.083569324745588,0.7504702103665593,3.573757026561529,-0.3448859978779573,3.075603701593137,-0.173358098236985,2.514419184700589,-3.481442760629827,-1.7891168056939264
49.0,246.0,1003.3369750976562,-2.511306834308461,-3.0835693247096665,0.7504702103665593,3.613864614282636,-0.3448859973534508,3.075603669669908,-0.1733580983064988,2.514419129656194,-3.481442755625398,-1.7891162469442066
49.0,246.0,1003.3370971679688,-2.511315344587827,-3.0835693246296927,0.7504702103665593,3.6138601717673526,-0.3448859978477285,3.075603701593137,-0.173358098236985,2.514419184700589,-3.4814427501424574,-1.789116246740777
49.0,246.0,1003.3370971679688,-2.5113212048028224,-3.0835693246296927,0.7504702103665593,3.6138601717673526,-0.3448859978779573,3.075603701593137,-0.173358098236985,2.514419184700589,-3.4814427486957134,-1.789116246740777
49.0,246.0,1003.3370971679688,-2.5113212048028224,-3.0835693246296927,0.7504702103665593,3.6138601717673526,-0.3448859978779573,3.075603701593137,-0.173358098236985,2.514419184700589,-3.4814427486957134,-1.789116246740777
49.0,246.0,1003.3370971679688,-2.511306834308461,-3.0835693197067364,0.7504702103665593,3.6138648374797953,-0.3448859973461409,3.0756036700200435,-0.1733581440601674,2.5144163908561343,-3.481442755718833,-1.789116272746499
49.0,246.0,1003.3370971679688,-2.5113212048028224,-3.0835693246296927,0.7504702103665593,3.6138601717673526,-0.3448859978466874,3.075603701593137,-0.173358098236985,2.514419184700589,-3.4814427486957134,-1.789116246740777
49.0,246.0,1003.3370971679688,-2.5113212048028224,-3.0835693246296927,0.7504702103665593,3.613860132758079,-0.3448859978470588,3.075603701593137,-0.173358098236985,2.514419184700589,-3.4814427486957134,-1.789116246740777
49.0,246.0,1003.337158203125,-2.5113212048028224,-3.08356932462888,0.7504702103665593,3.6138601717673526,-0.3448859978779573,3.075603702593873,-0.1733573744336585,2.51441991455362,-3.481441732970227,-1.789116246740777
49.0,246.0,1003.337158203125,-2.5113206764084417,-3.083569324610673,0.7504702103665593,3.6138580045054978,-0.3448859978720064,3.075603701593137,-0.173358098236985,2.514419184700589,-3.4814427561465244,-1.789116246740777
49.0,246.0,1003.337158203125,-2.5113212048028224,-3.0835693246296927,0.7504702103665593,3.613859267011783,-0.3448859975010017,3.07560370304982,-0.173358098236985,2.514419184700589,-3.481442751305025,-1.789116544466891
49.0,246.0,1003.3374633789062,-2.5113210348439665,-3.0835693246074856,0.7504702103665593,3.6138601717673526,-0.3448859978779573,3.075603702593873,-0.1733573744336585,2.51441264309493,-3.481441732970227,-1.7891165287460329
49.0,246.0,1003.3383178710938,-2.5096518805549435,-3.083569324714778,0.7504702103665593,3.6140276401722287,-0.3448860322027217,3.075603504510627,-0.1733717303266364,2.5142891041746,-3.4814417394564874,-1.7891162405741807
49.0,246.0,1003.339111328125,-2.5113065544173008,-3.0835693242155635,0.7504702103665593,3.6138648374797953,-0.3448859975039192,3.0755635317391574,-0.1733581440601674,2.5144197363476284,-3.481442755718833,-1.789116532401393
49.0,246.0,1003.339111328125,-2.511315344587827,-3.0835693246296927,0.7504702103665593,3.614029770301885,-0.3448859978477285,3.075603701593137,-0.1733576013127027,2.5142997175826984,-3.4814427501424574,-1.789116246740777
49.0,246.0,1003.3394775390624,-2.511315344587827,-3.0835693246296927,0.7504702103665593,3.6138601717673526,-0.3448842553023321,3.0755613753321662,-0.1733580952666609,2.514419184700589,-3.4814427501424574,-1.789116246740777
49.0,246.0,1003.339599609375,-2.511315344587827,-3.0835693246296927,0.7504702103665593,3.614029770301885,-0.3448859978477285,3.075603701593137,-0.1733576025747437,2.5142905979349512,-3.4814427501424574,-1.7891162619315306
49.0,246.0,1003.3399658203124,-2.5113155774324407,-3.0835693246289724,0.7504702103665593,3.614034436014328,-0.3448859975039192,3.075603506062876,-0.1733576471358852,2.5142825550778927,-3.4814428914403304,-1.7891165398543718
49.0,246.0,1003.3401489257812,-2.5113065544173008,-3.0835693243292623,0.7504702103665593,3.614034436014328,-0.3448859975039192,3.075603506062876,-0.1733576471358852,2.514289103558063,-3.481437317159213,-1.7891165398543718
49.0,246.0,1003.3401489257812,-2.5096518805549435,-3.083569324714778,0.7504702103665593,3.614036308198049,-0.3448844350665087,3.07556711645159,-0.1733717303266364,2.514289328608541,-3.4814417394564874,-1.7891162448041067
49.0,246.0,1003.3401489257812,-2.509648458296663,-3.083569324714778,0.7504702103665593,3.613870185095368,-0.3448860322027217,3.075603504510627,-0.1733717303266364,2.514292261166958,-3.481442748768679,-1.7891162467634425
49.0,246.0,1003.34033203125,-2.511307082811681,-3.083569324234583,0.7504702103665593,3.6140366032761824,-0.3448859975098701,3.0755635317391574,-0.1733576471358852,2.514300269229738,-3.481442748268022,-1.789116532401393
49.0,246.0,1003.3403930664062,-2.5113065544173008,-3.0835693242155635,0.7504702103665593,3.614034436014328,-0.3448859975039192,3.0755635317391574,-0.1733576471358852,2.514300269229738,-3.481442755718833,-1.789116532401393
49.0,246.0,1003.3403930664062,-2.5113065544173008,-3.0835693242155635,0.7504702103665593,3.614034436014328,-0.3448859975039192,3.0755635108012465,-0.1733576471358852,2.514300269229738,-3.481442755718833,-1.789116828670024
49.0,247.0,1003.2945556640624,-2.5113370321642687,-3.083569319590663,0.7504702103665593,3.575410514691666,-0.3448842974384678,3.0755636046197377,-0.1733578701145112,2.506688351994539,-3.481442747792112,-1.7891162371215843
49.0,247.0,1003.2945556640624,-2.5113370321642687,-3.083569319590663,0.7504702103665593,3.575410514691666,-0.3448842974384678,3.0755636046197377,-0.1733578701145112,2.506688351994539,-3.481442747792112,-1.7891162371215843
49.0,247.0,1003.3124389648438,-2.511310338100716,-3.083569319864936,0.7504702103665593,3.5743847111374727,-0.3448842925776024,3.075561421018593,-0.1733576314137586,2.507001582616854,-3.481442760639096,-1.789116500972971
49.0,247.0,1003.3131103515624,-2.511346518919336,-3.083569319640361,0.7504702103665593,3.5743847111374727,-0.3448842895557117,3.075561400080682,-0.1733576429146024,2.507001582616854,-3.4814359688728165,-1.7891162559229148
49.0,247.0,1003.3131713867188,-2.5113317772983743,-3.083569319864936,0.7504702103665593,3.5743847111374727,-0.3448842925776024,3.075561400080682,-0.1733576314137586,2.507001582616854,-3.481442760639096,-1.7891168140811449
49.0,247.0,1003.3131713867188,-2.5113317772983743,-3.083569319864936,0.7504702103665593,3.5743847111374727,-0.3448842925776024,3.075561421018593,-0.1733576314137586,2.507001582616854,-3.481442760639096,-1.7891165178125137
49.0,247.0,1003.3131713867188,-2.5113370321642687,-3.083569319577377,0.7504702103665593,3.5743847111374727,-0.3448843126380653,3.0755637406105296,-0.1733578701145112,2.507001582616854,-3.481442761243728,-1.7891162371215843
49.0,247.0,1003.3131713867188,-2.5113317772983743,-3.083569319864936,0.7504702103665593,3.5743847111374727,-0.3448842925776024,3.075561421018593,-0.1733576314137586,2.507001582616854,-3.481442760639096,-1.7891165178125137
49.0,247.0,1003.3131713867188,-2.5113317772983743,-3.083569319593902,0.7504702103665593,3.5743847111374727,-0.3448842925776024,3.075561421018593,-0.1733576314137586,2.507001582616854,-3.481442760639096,-1.7891165178125137
49.0,247.0,1003.3131713867188,-2.5113317772983743,-3.0835693198649325,0.7504702103665593,3.5743847111374727,-0.3448842925776024,3.075561400080682,-0.1733576314137586,2.507001582616854,-3.481442760639096,-1.7891168140811449
49.0,247.0,1003.313232421875,-2.511333733123019,-3.0835693196430816,0.7504702103665593,3.5743847111374727,-0.344884290312253,3.075561400080682,-0.1733576439549816,2.507001582616854,-3.481442761409769,-1.7891168200624157
49.0,247.0,1003.3161010742188,-2.511691176177491,-3.0835693197612555,0.7504702103665593,3.615384719724177,-0.3448843126380653,3.075561400080682,-0.1733575857146266,2.507001582616854,-3.4814359688728165,-1.7891162364216993
49.0,247.0,1003.3275756835938,-2.511314903421168,-3.0835693197196137,0.7504702103665593,3.573585590930396,-0.3448860131908984,3.075561400080682,-0.1733580896477661,2.514395564521541,-3.4814427498759986,-1.7891162328779624
49.0,247.0,1003.3323364257812,-2.511691176177491,-3.083569319747849,0.7504702103665593,3.5743847111374727,-0.3448843126380653,3.07556384890894,-0.1733578690126161,2.507001582616854,-3.481436606854308,-1.7891162559229148
49.0,247.0,1003.3323974609376,-2.511691176177491,-3.0835693197612555,0.7504702103665593,3.5743847111374727,-0.3448843126380653,3.075561400080682,-0.1733578690126161,2.507001582616854,-3.4814359688728165,-1.7891162559229148
49.0,247.0,1003.3323974609376,-2.511691176177491,-3.0835693197612555,0.7504702103665593,3.5743847111374727,-0.3448843126380653,3.075561400080682,-0.1733576074176243,2.507001582616854,-3.4814359688728165,-1.789116236447062
49.0,247.0,1003.3325805664062,-2.5116783903811744,-3.0835693197639755,0.7504702103665593,3.5743847111374727,-0.3448843133946065,3.075561400080682,-0.1733578700529953,2.507001582616854,-3.481442761409769,-1.7891168200624157
49.0,247.0,1003.3331298828124,-2.511690457734504,-3.0835693195901657,0.7504702103665593,3.5743847111374727,-0.3448843126380653,3.075563826420579,-0.1733578701145112,2.507001582616854,-3.481442761415771,-1.7891165426759936
49.0,247.0,1003.3331909179688,-2.5116911940569424,-3.0835693195901657,0.7504702103665593,3.5743847111374727,-0.3448843126380653,3.075563826420579,-0.1733578701145112,2.507001582616854,-3.481442761409769,-1.7891165426759936
49.0,247.0,1003.3331909179688,-2.5116911747922632,-3.0835693195901657,0.7504702103665593,3.5743847111374727,-0.3448843126380653,3.075563826420579,-0.1733578701145112,2.507001582616854,-3.481442761409769,-1.789116536534889
49.0,247.0,1003.3331909179688,-2.5116911940569424,-3.0835693195901657,0.7504702103665593,3.5743847111374727,-0.3448843126380653,3.075563826420579,-0.1733578701145112,2.507001582616854,-3.481442761409769,-1.7891165426759936
49.0,247.0,1003.3331909179688,-2.5116911940569424,-3.0835693195901657,0.7504702103665593,3.5743847111374727,-0.3448843126380653,3.075563826420579,-0.1733578685708832,2.507001582616854,-3.481442761409769,-1.7891165426759936
49.0,247.0,1003.3331909179688,-2.5116911940569424,-3.0835693195901657,0.7504702103665593,3.5743847111374727,-0.3448843126380653,3.075563826420579,-0.1733578701145112,2.507001582616854,-3.481442761409769,-1.7891165426759936
49.0,247.0,1003.3331909179688,-2.5116911747922632,-3.0835693198612,0.7504702103665593,3.5743847111374727,-0.3448843126380653,3.075563826420579,-0.1733578701145112,2.507001582616854,-3.481442761409769,-1.789116536534889
49.0,247.0,1003.333251953125,-2.5116911940569424,-3.0835693196035723,0.7504702103665593,3.5743847111374727,-0.3448843126380653,3.075561377592321,-0.1733578701145112,2.507001582616854,-3.4814421234282777,-1.7891165426759936
49.0,247.0,1003.3333129882812,-2.511691176177491,-3.0835693196430816,0.7504702103665593,3.5743847111374727,-0.3448843126380653,3.075561400080682,-0.1733578690126161,2.507001582616854,-3.481442761409769,-1.7891168140811449
49.0,247.0,1003.3333129882812,-2.51169119544217,-3.0835693196430816,0.7504702103665593,3.5743847111374727,-0.3448843126380653,3.075561400080682,-0.1733578690126161,2.507001582616854,-3.481442761409769,-1.7891168202222498
49.0,247.0,1003.3333129882812,-2.5116911955714336,-3.0835693196430816,0.7504702103665593,3.5743847111374727,-0.3448843126380653,3.075561400080682,-0.1733578690126161,2.507001582616854,-3.481442761409769,-1.7891168202222498
49.0,247.0,1003.3333129882812,-2.51169119544217,-3.0835693196430816,0.7504702103665593,3.5743847111374727,-0.3448843126380653,3.075561400080682,-0.1733578690126161,2.507001582616854,-3.481442761409769,-1.7891168202222498
49.0,247.0,1003.3333129882812,-2.5116911957929884,-3.0835693197651803,0.7504702103665593,3.5743847111374727,-0.3448843126380653,3.075561400080682,-0.1733578690126161,2.507001582616854,-3.481442593152229,-1.7891162559229148
49.0,247.0,1003.3333129882812,-2.511691193753201,-3.083569319910312,0.7504702103665593,3.5743847111374727,-0.3448843149319091,3.07556118996888,-0.173357867613446,2.507001582616854,-3.481442761409769,-1.7891168140811449
49.0,247.0,1003.3333129882812,-2.5116911957929884,-3.0835693197651803,0.7504702103665593,3.5743847111374727,-0.3448843126380653,3.075561400080682,-0.1733578690126161,2.507001582616854,-3.481442593152229,-1.7891162559229148
49.0,247.0,1003.3333129882812,-2.5116911940569424,-3.0835693196035723,0.7504702103665593,3.5743847111374727,-0.3448843151976982,3.075561377592321,-0.1733578701145112,2.507001582616854,-3.4814428176384364,-1.7891165098658015
49.0,247.0,1003.3333129882812,-2.511691193753201,-3.0835693196031904,0.7504702103665593,3.5743847111374727,-0.3448843125950773,3.07556118996888,-0.1733578677266208,2.507001582616854,-3.481442761409769,-1.7891168400015591
49.0,247.0,1003.3333129882812,-2.511691176177491,-3.083569319643085,0.7504702103665593,3.5743847111374727,-0.3448843126380653,3.075561400080682,-0.1733578690126161,2.507001582616854,-3.481442761409769,-1.7891168140811449
49.0,247.0,1003.3333129882812,-2.5116911955714336,-3.0835693196430816,0.7504702103665593,3.5743847111374727,-0.3448843126380653,3.075561400080682,-0.1733578690666654,2.507001582616854,-3.481442761259168,-1.7891168202222498
49.0,247.0,1003.3333129882812,-2.5116911941756976,-3.083569319646242,0.7504702103665593,3.5743847111374727,-0.3448843126380653,3.075561427907507,-0.1733578690126161,2.507001582616854,-3.481442761409769,-1.7891168177682102
49.0,247.0,1003.3333129882812,-2.51169119544217,-3.083569319642793,0.7504702103665593,3.5743847111374727,-0.3448843126380653,3.075561400080682,-0.1733578690126161,2.507001582616854,-3.481442760655672,-1.7891165153740858
49.0,247.0,1003.3333740234376,-2.511691176177491,-3.083569319910312,0.7504702103665593,3.5743847111374727,-0.3448842925776024,3.075561400080682,-0.1733576314137586,2.507001582616854,-3.481442761409769,-1.7891168140811449
49.0,247.0,1003.3333740234376,-2.511691193548001,-3.083569319910312,0.7504702103665593,3.5743847111374727,-0.3448843149319091,3.07556118996888,-0.173357867613446,2.507001582616854,-3.4814429838589325,-1.7891168140811449
49.0,247.0,1003.3345947265624,-2.5113298378901945,-3.0835693246296927,0.7504702103665593,3.5737211910850166,-0.3448859978477285,3.0756039506380546,-0.1733581264326627,2.5144303357645543,-3.48144269489548,-1.7891162467661397
49.0,247.0,1003.3345947265624,-2.511712634639829,-3.0835693196430816,0.7504702103665593,3.5743847111374727,-0.3448843126380653,3.075561400080682,-0.1733578690126161,2.507001582616854,-3.481442761409769,-1.7891168370617927
49.0,247.0,1003.335693359375,-2.5113212878180144,-3.083569324745588,0.7504702103665593,3.573757026561529,-0.3448859978779573,3.075603701593137,-0.173358098236985,2.514419184700589,-3.481442760629827,-1.7891168056939264
49.0,247.0,1003.3369750976562,-2.511306834308461,-3.0835693247096665,0.7504702103665593,3.613864614282636,-0.3448859973534508,3.075603669669908,-0.1733580983064988,2.514419129656194,-3.481442755625398,-1.7891162469442066
49.0,247.0,1003.3370971679688,-2.511315344587827,-3.0835693246296927,0.7504702103665593,3.6138601717673526,-0.3448859978477285,3.075603701593137,-0.173358098236985,2.514419184700589,-3.4814427501424574,-1.789116246740777
49.0,247.0,1003.3370971679688,-2.5113212048028224,-3.0835693246296927,0.7504702103665593,3.6138601717673526,-0.3448859978779573,3.075603701593137,-0.173358098236985,2.514419184700589,-3.4814427486957134,-1.789116246740777
49.0,247.0,1003.3370971679688,-2.5113212048028224,-3.0835693246296927,0.7504702103665593,3.6138601717673526,-0.3448859978779573,3.075603701593137,-0.173358098236985,2.514419184700589,-3.4814427486957134,-1.789116246740777
49.0,247.0,1003.3370971679688,-2.511306834308461,-3.0835693197067364,0.7504702103665593,3.6138648374797953,-0.3448859973461409,3.0756036700200435,-0.1733581440601674,2.5144163908561343,-3.481442755718833,-1.789116272746499
49.0,247.0,1003.3370971679688,-2.5113212048028224,-3.0835693246296927,0.7504702103665593,3.6138601717673526,-0.3448859978466874,3.075603701593137,-0.173358098236985,2.514419184700589,-3.4814427486957134,-1.789116246740777
49.0,247.0,1003.3370971679688,-2.5113212048028224,-3.0835693246296927,0.7504702103665593,3.613860132758079,-0.3448859978470588,3.075603701593137,-0.173358098236985,2.514419184700589,-3.4814427486957134,-1.789116246740777
49.0,248.0,1003.29345703125,-2.5113097215139653,-3.0835693195980376,0.7504702103665593,3.57539377740494,-0.3448842974384678,3.075563590006037,-0.1733578701145112,2.506688351994539,-3.481442747792112,-1.7891162393749496
49.0,248.0,1003.2945556640624,-2.5113370321642687,-3.083569319590663,0.7504702103665593,3.575410514691666,-0.3448842974384678,3.0755636046197377,-0.1733578701145112,2.506688351994539,-3.481442747792112,-1.7891162371215843
49.0,248.0,1003.2945556640624,-2.5113370321642687,-3.083569319590663,0.7504702103665593,3.575410514691666,-0.3448842974384678,3.0755636046197377,-0.1733578701145112,2.506688351994539,-3.481442747792112,-1.7891162371215843
49.0,248.0,1003.3124389648438,-2.511310338100716,-3.083569319864936,0.7504702103665593,3.5743847111374727,-0.3448842925776024,3.075561421018593,-0.1733576314137586,2.507001582616854,-3.481442760639096,-1.789116500972971
49.0,248.0,1003.3124389648438,-2.511310338100716,-3.0835693198804,0.7504702103665593,3.5743847111374727,-0.344884312216486,3.075561351223539,-0.1733576314137586,2.507001582616854,-3.481442761410334,-1.7891165422835582
49.0,248.0,1003.312744140625,-2.51132135795641,-3.083569319864936,0.7504702103665593,3.5743847111374727,-0.3448860520298556,3.075562515992873,-0.1733576314137586,2.507001582616854,-3.481442760639096,-1.7891168140811449
49.0,248.0,1003.3129272460938,-2.511346518919336,-3.0835693195898672,0.7504702103665593,3.5743847111374727,-0.3448842895557117,3.075564099613902,-0.1733576336041123,2.507001582616854,-3.4814359688728165,-1.7891162548392203
49.0,248.0,1003.3130493164062,-2.511337648751019,-3.0835693198575616,0.7504702103665593,3.5744014484241986,-0.3448842925776024,3.075561435632294,-0.1733576314137586,2.507001582616854,-3.481442760639096,-1.7891164987196055
49.0,248.0,1003.3131103515624,-2.511346518919336,-3.083569319640361,0.7504702103665593,3.5743847111374727,-0.3448842895557117,3.075561400080682,-0.1733576429146024,2.507001582616854,-3.4814359688728165,-1.7891162559229148
49.0,248.0,1003.3131713867188,-2.5113317772983743,-3.083569319864936,0.7504702103665593,3.5743847111374727,-0.3448842925776024,3.075561400080682,-0.1733576314137586,2.507001582616854,-3.481442760639096,-1.7891168140811449
49.0,248.0,1003.3131713867188,-2.5113317772983743,-3.083569319864936,0.7504702103665593,3.5743847111374727,-0.3448842925776024,3.075561421018593,-0.1733576314137586,2.507001582616854,-3.481442760639096,-1.7891165178125137
49.0,248.0,1003.3131713867188,-2.5113370321642687,-3.083569319577377,0.7504702103665593,3.5743847111374727,-0.3448843126380653,3.0755637406105296,-0.1733578701145112,2.507001582616854,-3.481442761243728,-1.7891162371215843
49.0,248.0,1003.3131713867188,-2.5113317772983743,-3.083569319864936,0.7504702103665593,3.5743847111374727,-0.3448842925776024,3.075561421018593,-0.1733576314137586,2.507001582616854,-3.481442760639096,-1.7891165178125137
49.0,248.0,1003.3131713867188,-2.5113317772983743,-3.083569319593902,0.7504702103665593,3.5743847111374727,-0.3448842925776024,3.075561421018593,-0.1733576314137586,2.507001582616854,-3.481442760639096,-1.7891165178125137
49.0,248.0,1003.3131713867188,-2.5113317772983743,-3.0835693198649325,0.7504702103665593,3.5743847111374727,-0.3448842925776024,3.075561400080682,-0.1733576314137586,2.507001582616854,-3.481442760639096,-1.7891168140811449
49.0,248.0,1003.3131713867188,-2.5113317772983743,-3.083569319864936,0.7504702103665593,3.5743847111374727,-0.3448842925776024,3.075561421018593,-0.1733576314137586,2.507001582616854,-3.481442760639096,-1.7891165178125137
49.0,248.0,1003.3131713867188,-2.5113317772983743,-3.083569319864936,0.7504702103665593,3.5743847111374727,-0.3448842925776024,3.075561400080682,-0.1733576314137586,2.507001582616854,-3.481442760639096,-1.7891168140811449
49.0,248.0,1003.3131713867188,-2.5113317772983743,-3.083569319593902,0.7504702103665593,3.5743847111374727,-0.3448842925776024,3.075561421018593,-0.1733576314137586,2.507001582616854,-3.481442760639096,-1.7891165178125137
49.0,248.0,1003.313232421875,-2.511333733123019,-3.0835693196430816,0.7504702103665593,3.5743847111374727,-0.344884290312253,3.075561400080682,-0.1733576439549816,2.507001582616854,-3.481442761409769,-1.7891168200624157
49.0,248.0,1003.3132934570312,-2.5113370321642687,-3.083569319577377,0.7504702103665593,3.5743847111374727,-0.3448843126380653,3.075561390346154,-0.1733578701145112,2.507001582616854,-3.481442761429008,-1.789116842884513
49.0,248.0,1003.3132934570312,-2.511334848889915,-3.083569319864936,0.7504702103665593,3.5743847111374727,-0.344884293529883,3.0755614204779,-0.1733576329623764,2.507001582616854,-3.4814428195133007,-1.7891165178125137
49.0,248.0,1003.3161010742188,-2.511691176177491,-3.0835693197612555,0.7504702103665593,3.615384719724177,-0.3448843126380653,3.075561400080682,-0.1733575857146266,2.507001582616854,-3.4814359688728165,-1.7891162364216993
49.0,248.0,1003.3165283203124,-2.511691176177491,-3.0835693197612555,0.7504702103665593,3.615348544468523,-0.3448843126380653,3.075561400080682,-0.1733575857146266,2.507001582616854,-3.4814363737567904,-1.7891162364296582
49.0,248.0,1003.3275756835938,-2.511314903421168,-3.0835693197196137,0.7504702103665593,3.573585590930396,-0.3448860131908984,3.075561400080682,-0.1733580896477661,2.514395564521541,-3.4814427498759986,-1.7891162328779624
49.0,248.0,1003.3323364257812,-2.511691176177491,-3.083569319747849,0.7504702103665593,3.5743847111374727,-0.3448843126380653,3.07556384890894,-0.1733578690126161,2.507001582616854,-3.481436606854308,-1.7891162559229148
49.0,248.0,1003.3323974609376,-2.511691176177491,-3.0835693197612555,0.7504702103665593,3.5743847111374727,-0.3448843126380653,3.075561400080682,-0.1733578690126161,2.507001582616854,-3.4814359688728165,-1.7891162559229148
49.0,248.0,1003.3323974609376,-2.511691176177491,-3.0835693197612555,0.7504702103665593,3.5743847111374727,-0.3448843126380653,3.075561400080682,-0.1733576074176243,2.507001582616854,-3.4814359688728165,-1.789116236447062
49.0,248.0,1003.3323974609376,-2.511691176177491,-3.0835693197612555,0.7504702103665593,3.5743847111374727,-0.3448843126415237,3.0755612020482217,-0.1733578690126161,2.507001582616854,-3.4814359688728165,-1.7891162559229148
49.0,248.0,1003.3325805664062,-2.5116783903811744,-3.0835693197639755,0.7504702103665593,3.5743847111374727,-0.3448843133946065,3.075561400080682,-0.1733578700529953,2.507001582616854,-3.481442761409769,-1.7891168200624157
49.0,248.0,1003.3331298828124,-2.511690457734504,-3.0835693195901657,0.7504702103665593,3.5743847111374727,-0.3448843126380653,3.075563826420579,-0.1733578701145112,2.507001582616854,-3.481442761415771,-1.7891165426759936
49.0,248.0,1003.3331298828124,-2.5116911957929884,-3.0835693197651803,0.7504702103665593,3.5743847111374727,-0.3448843126380653,3.075564329814175,-0.1733578690126161,2.507001582616854,-3.481442593152229,-1.7891162559229148
49.0,248.0,1003.3331909179688,-2.5116911940569424,-3.0835693195901657,0.7504702103665593,3.5743847111374727,-0.3448843126380653,3.075563826420579,-0.1733578701145112,2.507001582616854,-3.481442761409769,-1.7891165426759936
49.0,248.0,1003.3331909179688,-2.5116911747922632,-3.0835693195901657,0.7504702103665593,3.5743847111374727,-0.3448843126380653,3.075563826420579,-0.1733578701145112,2.507001582616854,-3.481442761409769,-1.789116536534889
49.0,248.0,1003.3331909179688,-2.5116911940569424,-3.0835693195901657,0.7504702103665593,3.5743847111374727,-0.3448843126380653,3.075563826420579,-0.1733578701145112,2.507001582616854,-3.481442761409769,-1.7891165426759936
49.0,248.0,1003.3331909179688,-2.5116911940569424,-3.0835693195901657,0.7504702103665593,3.5743847111374727,-0.3448843126380653,3.075563826420579,-0.1733578685708832,2.507001582616854,-3.481442761409769,-1.7891165426759936
49.0,248.0,1003.3331909179688,-2.5116911940569424,-3.0835693195901657,0.7504702103665593,3.5743847111374727,-0.3448843126380653,3.075563826420579,-0.1733578701145112,2.507001582616854,-3.481442761409769,-1.7891165426759936
49.0,248.0,1003.3331909179688,-2.5116911747922632,-3.0835693198612,0.7504702103665593,3.5743847111374727,-0.3448843126380653,3.075563826420579,-0.1733578701145112,2.507001582616854,-3.481442761409769,-1.789116536534889
49.0,248.0,1003.3331909179688,-2.5116911940569424,-3.0835693195901657,0.7504702103665593,3.5743847111374727,-0.3448843126380653,3.075563826420579,-0.1733578701145112,2.507001582616854,-3.481442761409769,-1.7891165426759936
49.0,248.0,1003.3331909179688,-2.5116911747922632,-3.0835693198790146,0.7504702103665593,3.5743847111374727,-0.3448842903054558,3.075563868456814,-0.1733578701145112,2.507001582616854,-3.481442761409769,-1.7891165413264971
49.0,248.0,1003.333251953125,-2.5116911940569424,-3.0835693196035723,0.7504702103665593,3.5743847111374727,-0.3448843126380653,3.075561377592321,-0.1733578701145112,2.507001582616854,-3.4814421234282777,-1.7891165426759936
49.0,248.0,1003.3333129882812,-2.511691176177491,-3.0835693196430816,0.7504702103665593,3.5743847111374727,-0.3448843126380653,3.075561400080682,-0.1733578690126161,2.507001582616854,-3.481442761409769,-1.7891168140811449
49.0,248.0,1003.3333129882812,-2.51169119544217,-3.0835693196430816,0.7504702103665593,3.5743847111374727,-0.3448843126380653,3.075561400080682,-0.1733578690126161,2.507001582616854,-3.481442761409769,-1.7891168202222498
49.0,248.0,1003.3333129882812,-2.5116911955714336,-3.0835693196430816,0.7504702103665593,3.5743847111374727,-0.3448843126380653,3.075561400080682,-0.1733578690126161,2.507001582616854,-3.481442761409769,-1.7891168202222498
49.0,248.0,1003.3333129882812,-2.51169119544217,-3.0835693196430816,0.7504702103665593,3.5743847111374727,-0.3448843126380653,3.075561400080682,-0.1733578690126161,2.507001582616854,-3.481442761409769,-1.7891168202222498
49.0,248.0,1003.3333129882812,-2.5116911957929884,-3.0835693197651803,0.7504702103665593,3.5743847111374727,-0.3448843126380653,3.075561400080682,-0.1733578690126161,2.507001582616854,-3.481442593152229,-1.7891162559229148
49.0,248.0,1003.3333129882812,-2.511691193753201,-3.083569319910312,0.7504702103665593,3.5743847111374727,-0.3448843149319091,3.07556118996888,-0.173357867613446,2.507001582616854,-3.481442761409769,-1.7891168140811449
49.0,248.0,1003.3333129882812,-2.5116911957929884,-3.0835693197651803,0.7504702103665593,3.5743847111374727,-0.3448843126380653,3.075561400080682,-0.1733578690126161,2.507001582616854,-3.481442593152229,-1.7891162559229148
49.0,248.0,1003.3333129882812,-2.5116911940569424,-3.0835693196035723,0.7504702103665593,3.5743847111374727,-0.3448843151976982,3.075561377592321,-0.1733578701145112,2.507001582616854,-3.4814428176384364,-1.7891165098658015
49.0,248.0,1003.3333129882812,-2.511691193753201,-3.0835693196031904,0.7504702103665593,3.5743847111374727,-0.3448843125950773,3.07556118996888,-0.1733578677266208,2.507001582616854,-3.481442761409769,-1.7891168400015591
49.0,248.0,1003.3333129882812,-2.511691176177491,-3.083569319643085,0.7504702103665593,3.5743847111374727,-0.3448843126380653,3.075561400080682,-0.1733578690126161,2.507001582616854,-3.481442761409769,-1.7891168140811449
49.0,249.0,1003.293212890625,-2.5113126499316083,-3.083569319761221,0.7504702103665593,3.5753237880961786,-0.3448842970742337,3.0755634889206616,-0.1733575784207364,2.506688351994539,-3.4814429506693663,-1.7891162364440152
49.0,249.0,1003.29345703125,-2.5113097215139653,-3.0835693195980376,0.7504702103665593,3.57539377740494,-0.3448842974384678,3.075563590006037,-0.1733578701145112,2.506688351994539,-3.481442747792112,-1.7891162393749496
49.0,249.0,1003.29345703125,-2.5113097215139653,-3.0835693195980376,0.7504702103665593,3.57539377740494,-0.3448842974384678,3.075563590006037,-0.1733578701145112,2.506688351994539,-3.481442747792112,-1.7891162393749496
49.0,249.0,1003.2945556640624,-2.5113370321642687,-3.083569319590663,0.7504702103665593,3.575410514691666,-0.3448842974384678,3.0755636046197377,-0.1733578701145112,2.506688351994539,-3.481442747792112,-1.7891162371215843
49.0,249.0,1003.2945556640624,-2.5113370321642687,-3.083569319590663,0.7504702103665593,3.575410514691666,-0.3448842974384678,3.0755636046197377,-0.1733578701145112,2.506688351994539,-3.481442747792112,-1.7891162371215843
49.0,249.0,1003.3124389648438,-2.511310338100716,-3.083569319864936,0.7504702103665593,3.5743847111374727,-0.3448842925776024,3.075561421018593,-0.1733576314137586,2.507001582616854,-3.481442760639096,-1.789116500972971
49.0,249.0,1003.3124389648438,-2.511310338100716,-3.0835693198804,0.7504702103665593,3.5743847111374727,-0.344884312216486,3.075561351223539,-0.1733576314137586,2.507001582616854,-3.481442761410334,-1.7891165422835582
49.0,249.0,1003.3124389648438,-2.511310338100716,-3.0835693198804,0.7504702103665593,3.5743847111374727,-0.3448842921742549,3.075561351223539,-0.1733576314137586,2.507001582616854,-3.481442761471497,-1.789116542195676
49.0,249.0,1003.312744140625,-2.51132135795641,-3.083569319864936,0.7504702103665593,3.5743847111374727,-0.3448860520298556,3.075562515992873,-0.1733576314137586,2.507001582616854,-3.481442760639096,-1.7891168140811449
49.0,249.0,1003.3129272460938,-2.511346518919336,-3.0835693195898672,0.7504702103665593,3.5743847111374727,-0.3448842895557117,3.075564099613902,-0.1733576336041123,2.507001582616854,-3.4814359688728165,-1.7891162548392203
49.0,249.0,1003.3130493164062,-2.511337648751019,-3.0835693198575616,0.7504702103665593,3.5744014484241986,-0.3448842925776024,3.075561435632294,-0.1733576314137586,2.507001582616854,-3.481442760639096,-1.7891164987196055
49.0,249.0,1003.3131103515624,-2.511346518919336,-3.083569319640361,0.7504702103665593,3.5743847111374727,-0.3448842895557117,3.075561400080682,-0.1733576429146024,2.507001582616854,-3.4814359688728165,-1.7891162559229148
49.0,249.0,1003.3131103515624,-2.511346518919336,-3.083569319640361,0.7504702103665593,3.5743847111374727,-0.3448842895557117,3.075561400080682,-0.1733576429146024,2.507001582616854,-3.4814359688728165,-1.7891162559229148
49.0,249.0,1003.3131713867188,-2.5113317772983743,-3.083569319864936,0.7504702103665593,3.5743847111374727,-0.3448842925776024,3.075561400080682,-0.1733576314137586,2.507001582616854,-3.481442760639096,-1.7891168140811449
49.0,249.0,1003.3131713867188,-2.5113317772983743,-3.083569319864936,0.7504702103665593,3.5743847111374727,-0.3448842925776024,3.075561421018593,-0.1733576314137586,2.507001582616854,-3.481442760639096,-1.7891165178125137
49.0,249.0,1003.3131713867188,-2.5113370321642687,-3.083569319577377,0.7504702103665593,3.5743847111374727,-0.3448843126380653,3.0755637406105296,-0.1733578701145112,2.507001582616854,-3.481442761243728,-1.7891162371215843
49.0,249.0,1003.3131713867188,-2.5113317772983743,-3.083569319864936,0.7504702103665593,3.5743847111374727,-0.3448842925776024,3.075561421018593,-0.1733576314137586,2.507001582616854,-3.481442760639096,-1.7891165178125137
49.0,249.0,1003.3131713867188,-2.5113317772983743,-3.083569319593902,0.7504702103665593,3.5743847111374727,-0.3448842925776024,3.075561421018593,-0.1733576314137586,2.507001582616854,-3.481442760639096,-1.7891165178125137
49.0,249.0,1003.3131713867188,-2.5113317772983743,-3.0835693198649325,0.7504702103665593,3.5743847111374727,-0.3448842925776024,3.075561400080682,-0.1733576314137586,2.507001582616854,-3.481442760639096,-1.7891168140811449
49.0,249.0,1003.3131713867188,-2.5113317772983743,-3.083569319864936,0.7504702103665593,3.5743847111374727,-0.3448842925776024,3.075561421018593,-0.1733576314137586,2.507001582616854,-3.481442760639096,-1.7891165178125137
49.0,249.0,1003.3131713867188,-2.5113317772983743,-3.083569319864936,0.7504702103665593,3.5743847111374727,-0.3448842925776024,3.075561400080682,-0.1733576314137586,2.507001582616854,-3.481442760639096,-1.7891168140811449
49.0,249.0,1003.3131713867188,-2.5113317772983743,-3.083569319593902,0.7504702103665593,3.5743847111374727,-0.3448842925776024,3.075561421018593,-0.1733576314137586,2.507001582616854,-3.481442760639096,-1.7891165178125137
49.0,249.0,1003.3131713867188,-2.5113317772983743,-3.083569319864936,0.7504702103665593,3.5743847111374727,-0.3448843126198335,3.075561400080682,-0.1733576314137586,2.507001582616854,-3.481442760577933,-1.789116814169027
49.0,249.0,1003.3131713867188,-2.5113317772983743,-3.083569319864936,0.7504702103665593,3.5743847111374727,-0.3448842925776024,3.075561421018593,-0.1733576314137586,2.507001582616854,-3.481442760639096,-1.7891165168840513
49.0,249.0,1003.3131713867188,-2.5113317098527865,-3.083569319864936,0.7504702103665593,3.5743847111374727,-0.3448842925255738,3.075561438131124,-0.1733576314137586,2.507001582616854,-3.481442760639096,-1.7891165178125137
49.0,249.0,1003.313232421875,-2.511333733123019,-3.0835693196430816,0.7504702103665593,3.5743847111374727,-0.344884290312253,3.075561400080682,-0.1733576439549816,2.507001582616854,-3.481442761409769,-1.7891168200624157
49.0,249.0,1003.313232421875,-2.511338969494703,-3.0835693195901657,0.7504702103665593,3.5743847111374727,-0.3448843126380653,3.075563826420579,-0.1733578701145112,2.507001582616854,-3.4814427613953307,-1.7891165426759936
49.0,249.0,1003.3132934570312,-2.5113370321642687,-3.083569319577377,0.7504702103665593,3.5743847111374727,-0.3448843126380653,3.075561390346154,-0.1733578701145112,2.507001582616854,-3.481442761429008,-1.789116842884513
49.0,249.0,1003.3132934570312,-2.511334848889915,-3.083569319864936,0.7504702103665593,3.5743847111374727,-0.344884293529883,3.0755614204779,-0.1733576329623764,2.507001582616854,-3.4814428195133007,-1.7891165178125137
49.0,249.0,1003.315673828125,-2.5117002928422454,-3.0835693197552057,0.7504702103665593,3.575410514691666,-0.3448843115301539,3.075561315701893,-0.1733578836744531,2.506666563257167,-3.481442747792112,-1.7891162371248444
49.0,249.0,1003.3161010742188,-2.511691176177491,-3.0835693197612555,0.7504702103665593,3.615384719724177,-0.3448843126380653,3.075561400080682,-0.1733575857146266,2.507001582616854,-3.4814359688728165,-1.7891162364216993
49.0,249.0,1003.3165283203124,-2.511691176177491,-3.0835693197612555,0.7504702103665593,3.615348544468523,-0.3448843126380653,3.075561400080682,-0.1733575857146266,2.507001582616854,-3.4814363737567904,-1.7891162364296582
49.0,249.0,1003.3275756835938,-2.511314903421168,-3.0835693197196137,0.7504702103665593,3.573585590930396,-0.3448860131908984,3.075561400080682,-0.1733580896477661,2.514395564521541,-3.4814427498759986,-1.7891162328779624
49.0,249.0,1003.3275756835938,-2.511314903421168,-3.0835693197196137,0.7504702103665593,3.573585590930396,-0.3448859962363561,3.075561400080682,-0.1733576046185564,2.514395564521541,-3.4814427498759986,-1.7891162328779624
49.0,249.0,1003.3314208984376,-2.511660816358022,-3.0835693198612,0.7504702103665593,3.5743847111374727,-0.3448843126177467,3.075561285767635,-0.173357865086,2.507001582616854,-3.481442761409769,-1.789116536534889
49.0,249.0,1003.3323364257812,-2.511691176177491,-3.083569319747849,0.7504702103665593,3.5743847111374727,-0.3448843126380653,3.07556384890894,-0.1733578690126161,2.507001582616854,-3.481436606854308,-1.7891162559229148
49.0,249.0,1003.3323974609376,-2.511691176177491,-3.0835693197612555,0.7504702103665593,3.5743847111374727,-0.3448843126380653,3.075561400080682,-0.1733578690126161,2.507001582616854,-3.4814359688728165,-1.7891162559229148
49.0,249.0,1003.3323974609376,-2.511691176177491,-3.0835693197612555,0.7504702103665593,3.5743847111374727,-0.3448843126380653,3.075561400080682,-0.1733576074176243,2.507001582616854,-3.4814359688728165,-1.789116236447062
49.0,249.0,1003.3323974609376,-2.511691176177491,-3.0835693197612555,0.7504702103665593,3.5743847111374727,-0.3448843126415237,3.0755612020482217,-0.1733578690126161,2.507001582616854,-3.4814359688728165,-1.7891162559229148
49.0,249.0,1003.3325805664062,-2.5116783903811744,-3.0835693197639755,0.7504702103665593,3.5743847111374727,-0.3448843133946065,3.075561400080682,-0.1733578700529953,2.507001582616854,-3.481442761409769,-1.7891168200624157
49.0,249.0,1003.332763671875,-2.511683800545063,-3.083569319594496,0.7504702103665593,3.5743847111374727,-0.3448842925776024,3.0755614002493488,-0.1733576405599392,2.507001582616854,-3.481442760639096,-1.7891162545232633
49.0,249.0,1003.3328857421876,-2.511684001860614,-3.0835693198649325,0.7504702103665593,3.5743847111374727,-0.3448842925776024,3.075561400080682,-0.1733576314137586,2.507001582616854,-3.481442760653534,-1.7891168140811449
49.0,249.0,1003.3330078125,-2.5117013570104505,-3.083569319640361,0.7504702103665593,3.5743847111374727,-0.3448843118722492,3.075561400080682,-0.1733578846427109,2.507001582616854,-3.4814359688728165,-1.7891162559229148
49.0,249.0,1003.3331298828124,-2.511690457734504,-3.0835693195901657,0.7504702103665593,3.5743847111374727,-0.3448843126380653,3.075563826420579,-0.1733578701145112,2.507001582616854,-3.481442761415771,-1.7891165426759936
49.0,249.0,1003.3331298828124,-2.5116911957929884,-3.0835693197651803,0.7504702103665593,3.5743847111374727,-0.3448843126380653,3.075564329814175,-0.1733578690126161,2.507001582616854,-3.481442593152229,-1.7891162559229148
49.0,249.0,1003.3331909179688,-2.5116911940569424,-3.0835693195901657,0.7504702103665593,3.5743847111374727,-0.3448843126380653,3.075563826420579,-0.1733578701145112,2.507001582616854,-3.481442761409769,-1.7891165426759936
49.0,249.0,1003.3331909179688,-2.5116911747922632,-3.0835693195901657,0.7504702103665593,3.5743847111374727,-0.3448843126380653,3.075563826420579,-0.1733578701145112,2.507001582616854,-3.481442761409769,-1.789116536534889
49.0,249.0,1003.3331909179688,-2.5116911940569424,-3.0835693195901657,0.7504702103665593,3.5743847111374727,-0.3448843126380653,3.075563826420579,-0.1733578701145112,2.507001582616854,-3.481442761409769,-1.7891165426759936
49.0,249.0,1003.3331909179688,-2.5116911940569424,-3.0835693195901657,0.7504702103665593,3.5743847111374727,-0.3448843126380653,3.075563826420579,-0.1733578685708832,2.507001582616854,-3.481442761409769,-1.7891165426759936
49.0,249.0,1003.3331909179688,-2.5116911940569424,-3.0835693195901657,0.7504702103665593,3.5743847111374727,-0.3448843126380653,3.075563826420579,-0.1733578701145112,2.507001582616854,-3.481442761409769,-1.7891165426759936
49.0,250.0,1003.293212890625,-2.5113126499316083,-3.083569319761221,0.7504702103665593,3.5753237880961786,-0.3448842970742337,3.0755634889206616,-0.1733575784207364,2.506688351994539,-3.4814429506693663,-1.7891162364440152
49.0,250.0,1003.293212890625,-2.5113126295385664,-3.0835693197623577,0.7504702103665593,3.5753237880961786,-0.3448842970742337,3.075561409675759,-0.1733575775505071,2.506688351994539,-3.4814429506693663,-1.7891162364440152
49.0,250.0,1003.29345703125,-2.5113097215139653,-3.0835693195980376,0.7504702103665593,3.57539377740494,-0.3448842974384678,3.075563590006037,-0.1733578701145112,2.506688351994539,-3.481442747792112,-1.7891162393749496
49.0,250.0,1003.29345703125,-2.5113097215139653,-3.0835693195980376,0.7504702103665593,3.57539377740494,-0.3448842974384678,3.075563590006037,-0.1733578701145112,2.506688351994539,-3.481442747792112,-1.7891162393749496
49.0,250.0,1003.29443359375,-2.5113370321642687,-3.083569319590663,0.7504702103665593,3.575384756533208,-0.3448842974384678,3.0755635646415747,-0.1733578701145112,2.506688351994539,-3.481442747792112,-1.7891164947745553
49.0,250.0,1003.2945556640624,-2.5113370321642687,-3.083569319590663,0.7504702103665593,3.575410514691666,-0.3448842974384678,3.0755636046197377,-0.1733578701145112,2.506688351994539,-3.481442747792112,-1.7891162371215843
49.0,250.0,1003.2945556640624,-2.5113370321642687,-3.083569319590663,0.7504702103665593,3.575410514691666,-0.3448842974384678,3.0755636046197377,-0.1733578701145112,2.506688351994539,-3.481442747792112,-1.7891162371215843
49.0,250.0,1003.2945556640624,-2.5113370321642687,-3.083569319754629,0.7504702103665593,3.575410514691666,-0.3448842974384678,3.0755636046197377,-0.1733578701145112,2.506688351994539,-3.481442747792112,-1.7891162371215843
49.0,250.0,1003.2946166992188,-2.511334848889915,-3.083569319869159,0.7504702103665593,3.575435365264885,-0.3448842934205425,3.0755614204779,-0.1733576329623764,2.5066914150102946,-3.481442738778098,-1.789116226577579
49.0,250.0,1003.2959594726562,-2.511346518919336,-3.083569319640361,0.7504702103665593,3.5743847111374727,-0.3448842972790438,3.075561400080682,-0.1733576432377021,2.5066788644988267,-3.4814429112058187,-1.789116256421046
49.0,250.0,1003.2960815429688,-2.5113370321642687,-3.083569319762266,0.7504702103665593,3.574393070644262,-0.3448843129710562,3.0755636046197377,-0.1733578701145112,2.506689338187325,-3.4814428011962875,-1.7891162371215843
49.0,250.0,1003.297119140625,-2.511312710199351,-3.083569319875369,0.7504702103665593,3.5744181131644464,-0.3448842972345547,3.075561595235836,-0.1733576298415584,2.506718054758733,-3.481442950859757,-1.7891162364440152
49.0,250.0,1003.30224609375,-2.511310277832973,-3.0835693197662515,0.7504702103665593,3.575290386069205,-0.3448842920139339,3.0755632449083654,-0.1733575799929365,2.50697187985266,-3.4814427612811065,-1.789116542195676
49.0,250.0,1003.3028564453124,-2.5113097215139653,-3.0835693195980376,0.7504702103665593,3.57539377740494,-0.3448842897151358,3.075563590006037,-0.1733578697914115,2.5070110701125663,-3.481435805459109,-1.7891162388768185
49.0,250.0,1003.3040161132812,-2.5113370321642687,-3.083569319590663,0.7504702103665593,3.575423964207135,-0.3448842974384678,3.075563330996103,-0.1733576278123231,2.5069818419555223,-3.481442747792112,-1.78911623829131
49.0,250.0,1003.3124389648438,-2.511310338100716,-3.083569319864936,0.7504702103665593,3.5743847111374727,-0.3448842925776024,3.075561421018593,-0.1733576314137586,2.507001582616854,-3.481442760639096,-1.789116500972971
49.0,250.0,1003.3124389648438,-2.511310338100716,-3.0835693198804,0.7504702103665593,3.5743847111374727,-0.344884312216486,3.075561351223539,-0.1733576314137586,2.507001582616854,-3.481442761410334,-1.7891165422835582
49.0,250.0,1003.3124389648438,-2.511310338100716,-3.0835693198804,0.7504702103665593,3.5743847111374727,-0.3448842921742549,3.075561351223539,-0.1733576314137586,2.507001582616854,-3.481442761471497,-1.789116542195676
49.0,250.0,1003.3125,-2.511310787957797,-3.0835693198651897,0.7504702103665593,3.5743847111374727,-0.3448842908543546,3.07556139757922,-0.1733576314137586,2.507001582616854,-3.4814427606686618,-1.7891168140811449
49.0,250.0,1003.3126831054688,-2.511339121509696,-3.0835693195898672,0.7504702103665593,3.5743847111374727,-0.3448842900882553,3.075564099613902,-0.1733576336041123,2.507001582616854,-3.4814359688728165,-1.7891162569688337
49.0,250.0,1003.312744140625,-2.51132135795641,-3.083569319864936,0.7504702103665593,3.5743847111374727,-0.3448860520298556,3.075562515992873,-0.1733576314137586,2.507001582616854,-3.481442760639096,-1.7891168140811449
49.0,250.0,1003.312744140625,-2.51132135795641,-3.083569319864936,0.7504702103665593,3.5743847111374727,-0.3448860520298556,3.0755625240010147,-0.1733576314137586,2.507001582616854,-3.481442760639096,-1.7891168140811449
49.0,250.0,1003.3129272460938,-2.511346518919336,-3.0835693195898672,0.7504702103665593,3.5743847111374727,-0.3448842895557117,3.075564099613902,-0.1733576336041123,2.507001582616854,-3.4814359688728165,-1.7891162548392203
49.0,250.0,1003.3130493164062,-2.511337648751019,-3.0835693198575616,0.7504702103665593,3.5744014484241986,-0.3448842925776024,3.075561435632294,-0.1733576314137586,2.507001582616854,-3.481442760639096,-1.7891164987196055
49.0,250.0,1003.3131103515624,-2.511346518919336,-3.083569319640361,0.7504702103665593,3.5743847111374727,-0.3448842895557117,3.075561400080682,-0.1733576429146024,2.507001582616854,-3.4814359688728165,-1.7891162559229148
49.0,250.0,1003.3131103515624,-2.511346518919336,-3.083569319640361,0.7504702103665593,3.5743847111374727,-0.3448842895557117,3.075561400080682,-0.1733576429146024,2.507001582616854,-3.4814359688728165,-1.7891162559229148
49.0,250.0,1003.3131103515624,-2.5113313274412925,-3.0835693198801457,0.7504702103665593,3.5743847111374727,-0.3448843139397338,3.0755613537250013,-0.1733576314137586,2.507001582616854,-3.481442761380768,-1.7891165422835582
49.0,250.0,1003.3131103515624,-2.511346518919336,-3.083569319640361,0.7504702103665593,3.5743847111374727,-0.3448842895557117,3.075561400080682,-0.1733576429146024,2.507001582616854,-3.4814359688728165,-1.7891162559229148
49.0,250.0,1003.3131713867188,-2.5113317772983743,-3.083569319864936,0.7504702103665593,3.5743847111374727,-0.3448842925776024,3.075561400080682,-0.1733576314137586,2.507001582616854,-3.481442760639096,-1.7891168140811449
49.0,250.0,1003.3131713867188,-2.5113317772983743,-3.083569319864936,0.7504702103665593,3.5743847111374727,-0.3448842925776024,3.075561421018593,-0.1733576314137586,2.507001582616854,-3.481442760639096,-1.7891165178125137
49.0,250.0,1003.3131713867188,-2.5113370321642687,-3.083569319577377,0.7504702103665593,3.5743847111374727,-0.3448843126380653,3.0755637406105296,-0.1733578701145112,2.507001582616854,-3.481442761243728,-1.7891162371215843
49.0,250.0,1003.3131713867188,-2.5113317772983743,-3.083569319864936,0.7504702103665593,3.5743847111374727,-0.3448842925776024,3.075561421018593,-0.1733576314137586,2.507001582616854,-3.481442760639096,-1.7891165178125137
49.0,250.0,1003.3131713867188,-2.5113317772983743,-3.083569319593902,0.7504702103665593,3.5743847111374727,-0.3448842925776024,3.075561421018593,-0.1733576314137586,2.507001582616854,-3.481442760639096,-1.7891165178125137
49.0,250.0,1003.3131713867188,-2.5113317772983743,-3.0835693198649325,0.7504702103665593,3.5743847111374727,-0.3448842925776024,3.075561400080682,-0.1733576314137586,2.507001582616854,-3.481442760639096,-1.7891168140811449
49.0,250.0,1003.3131713867188,-2.5113317772983743,-3.083569319864936,0.7504702103665593,3.5743847111374727,-0.3448842925776024,3.075561421018593,-0.1733576314137586,2.507001582616854,-3.481442760639096,-1.7891165178125137
49.0,250.0,1003.3131713867188,-2.5113317772983743,-3.083569319864936,0.7504702103665593,3.5743847111374727,-0.3448842925776024,3.075561400080682,-0.1733576314137586,2.507001582616854,-3.481442760639096,-1.7891168140811449
49.0,250.0,1003.3131713867188,-2.5113317772983743,-3.083569319593902,0.7504702103665593,3.5743847111374727,-0.3448842925776024,3.075561421018593,-0.1733576314137586,2.507001582616854,-3.481442760639096,-1.7891165178125137
49.0,250.0,1003.3131713867188,-2.5113317772983743,-3.083569319864936,0.7504702103665593,3.5743847111374727,-0.3448843126198335,3.075561400080682,-0.1733576314137586,2.507001582616854,-3.481442760577933,-1.789116814169027
49.0,250.0,1003.3131713867188,-2.5113317772983743,-3.083569319864936,0.7504702103665593,3.5743847111374727,-0.3448842925776024,3.075561421018593,-0.1733576314137586,2.507001582616854,-3.481442760639096,-1.7891165168840513
49.0,250.0,1003.3131713867188,-2.5113317098527865,-3.083569319864936,0.7504702103665593,3.5743847111374727,-0.3448842925255738,3.075561438131124,-0.1733576314137586,2.507001582616854,-3.481442760639096,-1.7891165178125137
49.0,250.0,1003.3131713867188,-2.5113317772983743,-3.083569319580312,0.7504702103665593,3.5743847111374727,-0.3448842925776024,3.0755613993053266,-0.1733576314137586,2.507001582616854,-3.481442760639096,-1.7891165178125137
49.0,250.0,1003.3131713867188,-2.5113317772983743,-3.083569319864936,0.7504702103665593,3.5743847111374727,-0.3448843126198335,3.07556139207254,-0.1733576314137586,2.507001582616854,-3.481442760577933,-1.789116814169027
49.0,250.0,1003.3131713867188,-2.51133225784756,-3.083569319856626,0.7504702103665593,3.5743847111374727,-0.3448842925776024,3.075561400080682,-0.1733576314909952,2.507001582616854,-3.481442760639096,-1.7891168147707623
49.0,250.0,1003.3131713867188,-2.5113317772983743,-3.083569319593902,0.7504702103665593,3.5743847111374727,-0.3448842925776024,3.075561421018593,-0.1733576314137586,2.507001582616854,-3.481442760639096,-1.7891165211002988
49.0,250.0,1003.3131713867188,-2.5113317772983743,-3.083569319878525,0.7504702103665593,3.5743847111374727,-0.3448842925776024,3.075561421793948,-0.1733576314137586,2.507001582616854,-3.481442760639096,-1.7891168140811449
49.0,250.0,1003.313232421875,-2.511333733123019,-3.0835693196430816,0.7504702103665593,3.5743847111374727,-0.344884290312253,3.075561400080682,-0.1733576439549816,2.507001582616854,-3.481442761409769,-1.7891168200624157
49.0,250.0,1003.313232421875,-2.511338969494703,-3.0835693195901657,0.7504702103665593,3.5743847111374727,-0.3448843126380653,3.075563826420579,-0.1733578701145112,2.507001582616854,-3.4814427613953307,-1.7891165426759936
49.0,250.0,1003.313232421875,-2.511333733123019,-3.0835693196430816,0.7504702103665593,3.5743847111374727,-0.344884290312253,3.075561400080682,-0.1733576439549816,2.507001582616854,-3.481442761409769,-1.7891167873080025
49.0,250.0,1003.3132934570312,-2.5113370321642687,-3.083569319577377,0.7504702103665593,3.5743847111374727,-0.3448843126380653,3.075561390346154,-0.1733578701145112,2.507001582616854,-3.481442761429008,-1.789116842884513
49.0,250.0,1003.3132934570312,-2.511334848889915,-3.083569319864936,0.7504702103665593,3.5743847111374727,-0.344884293529883,3.0755614204779,-0.1733576329623764,2.507001582616854,-3.4814428195133007,-1.7891165178125137
49.0,251.0,1003.293212890625,-2.5113126499316083,-3.083569319761221,0.7504702103665593,3.5753237880961786,-0.3448842970742337,3.0755634889206616,-0.1733575784207364,2.506688351994539,-3.4814429506693663,-1.7891162364440152
49.0,251.0,1003.293212890625,-2.5113126295385664,-3.0835693197623577,0.7504702103665593,3.5753237880961786,-0.3448842970742337,3.075561409675759,-0.1733575775505071,2.506688351994539,-3.4814429506693663,-1.7891162364440152
49.0,251.0,1003.293212890625,-2.5113123432204527,-3.083569319648566,0.7504702103665593,3.5753237880961786,-0.3448842970742337,3.0755634889206616,-0.1733575786025825,2.506688351994539,-3.481442911209267,-1.7891162364440152
49.0,251.0,1003.293212890625,-2.5113126295385664,-3.0835693197623577,0.7504702103665593,3.5753237880961786,-0.3448842970858478,3.075561409675759,-0.1733575775505071,2.506688351994539,-3.4814429506693663,-1.7891162364440152
49.0,251.0,1003.2933959960938,-2.5113097215139653,-3.083569319608773,0.7504702103665593,3.57539377740494,-0.3448842974384678,3.07556351122336,-0.1733578701145112,2.5066810031746405,-3.4814427602220457,-1.7891168150484165
49.0,251.0,1003.29345703125,-2.5113097215139653,-3.0835693195980376,0.7504702103665593,3.57539377740494,-0.3448842974384678,3.075563590006037,-0.1733578701145112,2.506688351994539,-3.481442747792112,-1.7891162393749496
49.0,251.0,1003.29345703125,-2.5113097215139653,-3.0835693195980376,0.7504702103665593,3.57539377740494,-0.3448842974384678,3.075563590006037,-0.1733578701145112,2.506688351994539,-3.481442747792112,-1.7891162393749496
49.0,251.0,1003.2940673828124,-2.511336325543153,-3.0835693195980376,0.7504702103665593,3.575384811016042,-0.3448842897151358,3.075563564819218,-0.1733578697914115,2.5066664426190983,-3.481442584075354,-1.7891162388768185
49.0,251.0,1003.29443359375,-2.5113370321642687,-3.083569319590663,0.7504702103665593,3.575384756533208,-0.3448842974384678,3.0755635646415747,-0.1733578701145112,2.506688351994539,-3.481442747792112,-1.7891164947745553
49.0,251.0,1003.29443359375,-2.5113370321642687,-3.083569319590663,0.7504702103665593,3.575384756533208,-0.3448842974268538,3.0755635646415747,-0.1733578701145112,2.506688351994539,-3.481442747792112,-1.7891164947745553
49.0,251.0,1003.2945556640624,-2.5113370321642687,-3.083569319590663,0.7504702103665593,3.575410514691666,-0.3448842974384678,3.0755636046197377,-0.1733578701145112,2.506688351994539,-3.481442747792112,-1.7891162371215843
49.0,251.0,1003.2945556640624,-2.5113370321642687,-3.083569319590663,0.7504702103665593,3.575410514691666,-0.3448842974384678,3.0755636046197377,-0.1733578701145112,2.506688351994539,-3.481442747792112,-1.7891162371215843
49.0,251.0,1003.2945556640624,-2.5113370321642687,-3.083569319754629,0.7504702103665593,3.575410514691666,-0.3448842974384678,3.0755636046197377,-0.1733578701145112,2.506688351994539,-3.481442747792112,-1.7891162371215843
49.0,251.0,1003.2945556640624,-2.5113370321642687,-3.0835693195926988,0.7504702103665593,3.575410514691666,-0.3448842974384678,3.0755636046197377,-0.1733578701145112,2.506688351994539,-3.481442747792112,-1.7891162371215843
49.0,251.0,1003.2946166992188,-2.511334848889915,-3.083569319869159,0.7504702103665593,3.575435365264885,-0.3448842934205425,3.0755614204779,-0.1733576329623764,2.5066914150102946,-3.481442738778098,-1.789116226577579
49.0,251.0,1003.2958984375,-2.511346518919336,-3.0835693195989973,0.7504702103665593,3.5743847111374727,-0.3448842972790438,3.075562589006223,-0.1733576437228687,2.5066788644988267,-3.4814429112058187,-1.7891162607293398
49.0,251.0,1003.2959594726562,-2.511346518919336,-3.083569319640361,0.7504702103665593,3.5743847111374727,-0.3448842972790438,3.075561400080682,-0.1733576432377021,2.5066788644988267,-3.4814429112058187,-1.789116256421046
49.0,251.0,1003.2959594726562,-2.511346825630491,-3.083569319753016,0.7504702103665593,3.5743847111374727,-0.3448842972790438,3.075561400080682,-0.173357643055856,2.5066788644988267,-3.481442950665917,-1.789116256421046
49.0,251.0,1003.2960815429688,-2.5113370321642687,-3.083569319762266,0.7504702103665593,3.574393070644262,-0.3448843129710562,3.0755636046197377,-0.1733578701145112,2.506689338187325,-3.4814428011962875,-1.7891162371215843
49.0,251.0,1003.297119140625,-2.511312710199351,-3.083569319875369,0.7504702103665593,3.5744181131644464,-0.3448842972345547,3.075561595235836,-0.1733576298415584,2.506718054758733,-3.481442950859757,-1.7891162364440152
49.0,251.0,1003.3018188476562,-2.51130972927717,-3.08356931976722,0.7504702103665593,3.57539377740494,-0.3448842897151358,3.075563590006037,-0.1733575745348801,2.5069724205994146,-3.481442599875398,-1.7891165543232943
49.0,251.0,1003.30224609375,-2.511310277832973,-3.0835693197662515,0.7504702103665593,3.575290386069205,-0.3448842920139339,3.0755632449083654,-0.1733575799929365,2.50697187985266,-3.4814427612811065,-1.789116542195676
49.0,251.0,1003.3028564453124,-2.5113097215139653,-3.0835693195980376,0.7504702103665593,3.57539377740494,-0.3448842897151358,3.075563590006037,-0.1733578697914115,2.5070110701125663,-3.481435805459109,-1.7891162388768185
49.0,251.0,1003.3040161132812,-2.5113370321642687,-3.083569319590663,0.7504702103665593,3.575423964207135,-0.3448842974384678,3.075563330996103,-0.1733576278123231,2.5069818419555223,-3.481442747792112,-1.78911623829131
49.0,251.0,1003.3040771484376,-2.5113370985973504,-3.083569319593825,0.7504702103665593,3.575423964207135,-0.3448842974384678,3.075563330996103,-0.1733576278123231,2.506982473228255,-3.481442760619321,-1.78911623829131
49.0,251.0,1003.3048706054688,-2.5113370321642687,-3.083569319590663,0.7504702103665593,3.575410514691666,-0.3448842974384678,3.0755636046197377,-0.1733578701145112,2.506999029402665,-3.481442747792112,-1.7891162371215843
49.0,251.0,1003.3118286132812,-2.5113133152818614,-3.083569319864936,0.7504702103665593,3.5744226336972367,-0.3448842925776024,3.075561400080682,-0.1733576314137586,2.507001582616854,-3.481442754126754,-1.7891168140811449
49.0,251.0,1003.3123168945312,-2.5113102116210864,-3.0835693198644925,0.7504702103665593,3.5743847111374727,-0.344884312216486,3.075562512347863,-0.1733576314137586,2.507001582616854,-3.4814427606273166,-1.7891165422835582
49.0,251.0,1003.3124389648438,-2.511310338100716,-3.083569319864936,0.7504702103665593,3.5743847111374727,-0.3448842925776024,3.075561421018593,-0.1733576314137586,2.507001582616854,-3.481442760639096,-1.789116500972971
49.0,251.0,1003.3124389648438,-2.511310338100716,-3.0835693198804,0.7504702103665593,3.5743847111374727,-0.344884312216486,3.075561351223539,-0.1733576314137586,2.507001582616854,-3.481442761410334,-1.7891165422835582
49.0,251.0,1003.3124389648438,-2.511310338100716,-3.0835693198804,0.7504702103665593,3.5743847111374727,-0.3448842921742549,3.075561351223539,-0.1733576314137586,2.507001582616854,-3.481442761471497,-1.789116542195676
49.0,251.0,1003.3124389648438,-2.511310338100716,-3.0835693198656524,0.7504702103665593,3.5743847111374727,-0.344884312216486,3.075561351223539,-0.1733576314137586,2.507001582616854,-3.481442761437425,-1.78911654206198
49.0,251.0,1003.3125,-2.511310787957797,-3.0835693198651897,0.7504702103665593,3.5743847111374727,-0.3448842908543546,3.07556139757922,-0.1733576314137586,2.507001582616854,-3.4814427606686618,-1.7891168140811449
49.0,251.0,1003.3126831054688,-2.511339121509696,-3.0835693195898672,0.7504702103665593,3.5743847111374727,-0.3448842900882553,3.075564099613902,-0.1733576336041123,2.507001582616854,-3.4814359688728165,-1.7891162569688337
49.0,251.0,1003.312744140625,-2.51132135795641,-3.083569319864936,0.7504702103665593,3.5743847111374727,-0.3448860520298556,3.075562515992873,-0.1733576314137586,2.507001582616854,-3.481442760639096,-1.7891168140811449
49.0,251.0,1003.312744140625,-2.51132135795641,-3.083569319864936,0.7504702103665593,3.5743847111374727,-0.3448860520298556,3.0755625240010147,-0.1733576314137586,2.507001582616854,-3.481442760639096,-1.7891168140811449
49.0,251.0,1003.312744140625,-2.511339121509696,-3.0835693195893352,0.7504702103665593,3.5743847111374727,-0.3448842908568376,3.075564110603516,-0.1733576336041123,2.507001582616854,-3.481436143771947,-1.789116237340918
49.0,251.0,1003.3128051757812,-2.51132135795641,-3.083569319906301,0.7504702103665593,3.5743847111374727,-0.3448860520298556,3.075561327067332,-0.1733576309285919,2.507001582616854,-3.481442760639096,-1.789116809772851
49.0,251.0,1003.3129272460938,-2.511346518919336,-3.0835693195898672,0.7504702103665593,3.5743847111374727,-0.3448842895557117,3.075564099613902,-0.1733576336041123,2.507001582616854,-3.4814359688728165,-1.7891162548392203
49.0,251.0,1003.3130493164062,-2.511337648751019,-3.0835693198575616,0.7504702103665593,3.5744014484241986,-0.3448842925776024,3.075561435632294,-0.1733576314137586,2.507001582616854,-3.481442760639096,-1.7891164987196055
49.0,251.0,1003.3130493164062,-2.511337648751019,-3.0835693198575616,0.7504702103665593,3.5744014484241986,-0.3448842925776024,3.075561435632294,-0.1733576314137586,2.507001582616854,-3.481442760639096,-1.7891164987196055
49.0,251.0,1003.3131103515624,-2.511346518919336,-3.083569319640361,0.7504702103665593,3.5743847111374727,-0.3448842895557117,3.075561400080682,-0.1733576429146024,2.507001582616854,-3.4814359688728165,-1.7891162559229148
49.0,251.0,1003.3131103515624,-2.511346518919336,-3.083569319640361,0.7504702103665593,3.5743847111374727,-0.3448842895557117,3.075561400080682,-0.1733576429146024,2.507001582616854,-3.4814359688728165,-1.7891162559229148
49.0,251.0,1003.3131103515624,-2.5113313274412925,-3.0835693198801457,0.7504702103665593,3.5743847111374727,-0.3448843139397338,3.0755613537250013,-0.1733576314137586,2.507001582616854,-3.481442761380768,-1.7891165422835582
49.0,251.0,1003.3131103515624,-2.511346518919336,-3.083569319640361,0.7504702103665593,3.5743847111374727,-0.3448842895557117,3.075561400080682,-0.1733576429146024,2.507001582616854,-3.4814359688728165,-1.7891162559229148
49.0,251.0,1003.3131103515624,-2.5113313274412925,-3.0835693198801457,0.7504702103665593,3.5743847111374727,-0.3448843139397338,3.0755613537250013,-0.1733576314137586,2.507001582616854,-3.481442761380768,-1.7891165422835582
49.0,251.0,1003.3131103515624,-2.511346734333568,-3.083569319640361,0.7504702103665593,3.5743847111374727,-0.3448842894706466,3.075561400080682,-0.1733576427318128,2.507001582616854,-3.4814359688728165,-1.7891162559229148
49.0,251.0,1003.3131713867188,-2.5113317772983743,-3.083569319864936,0.7504702103665593,3.5743847111374727,-0.3448842925776024,3.075561400080682,-0.1733576314137586,2.507001582616854,-3.481442760639096,-1.7891168140811449
49.0,251.0,1003.3131713867188,-2.5113317772983743,-3.083569319864936,0.7504702103665593,3.5743847111374727,-0.3448842925776024,3.075561421018593,-0.1733576314137586,2.507001582616854,-3.481442760639096,-1.7891165178125137
49.0,251.0,1003.3131713867188,-2.5113370321642687,-3.083569319577377,0.7504702103665593,3.5743847111374727,-0.3448843126380653,3.0755637406105296,-0.1733578701145112,2.507001582616854,-3.481442761243728,-1.7891162371215843
49.0,252.0,1003.293212890625,-2.5113126499316083,-3.083569319761221,0.7504702103665593,3.5753237880961786,-0.3448842970742337,3.0755634889206616,-0.1733575784207364,2.506688351994539,-3.4814429506693663,-1.7891162364440152
49.0,252.0,1003.293212890625,-2.5113126295385664,-3.0835693197623577,0.7504702103665593,3.5753237880961786,-0.3448842970742337,3.075561409675759,-0.1733575775505071,2.506688351994539,-3.4814429506693663,-1.7891162364440152
49.0,252.0,1003.293212890625,-2.5113123432204527,-3.083569319648566,0.7504702103665593,3.5753237880961786,-0.3448842970742337,3.0755634889206616,-0.1733575786025825,2.506688351994539,-3.481442911209267,-1.7891162364440152
49.0,252.0,1003.293212890625,-2.5113126295385664,-3.0835693197623577,0.7504702103665593,3.5753237880961786,-0.3448842970858478,3.075561409675759,-0.1733575775505071,2.506688351994539,-3.4814429506693663,-1.7891162364440152
49.0,252.0,1003.293212890625,-2.5113111481671977,-3.0835693195980376,0.7504702103665593,3.575384811016042,-0.3448842897151358,3.075563590118517,-0.1733578697914115,2.5066664426190983,-3.481442584075354,-1.7891162388768185
49.0,252.0,1003.293212890625,-2.5113123432204527,-3.0835693196507976,0.7504702103665593,3.5753237880961786,-0.3448842970742337,3.075563547055764,-0.1733576303215755,2.506688351994539,-3.481442910221001,-1.7891162364440152
49.0,252.0,1003.2932739257812,-2.511312793412785,-3.083569319640361,0.7504702103665593,3.575332768765819,-0.3448842972790438,3.075563831007629,-0.1733576432377021,2.5066872727198817,-3.481442911298445,-1.789116256421046
49.0,252.0,1003.2933959960938,-2.5113097215139653,-3.083569319608773,0.7504702103665593,3.57539377740494,-0.3448842974384678,3.07556351122336,-0.1733578701145112,2.5066810031746405,-3.4814427602220457,-1.7891168150484165
49.0,252.0,1003.2933959960938,-2.51130972927717,-3.08356931976722,0.7504702103665593,3.5753948414544103,-0.3448842973664789,3.0755635900755096,-0.1733578688389891,2.506684214826071,-3.4814427420399365,-1.7891165543232943
49.0,252.0,1003.29345703125,-2.5113097215139653,-3.0835693195980376,0.7504702103665593,3.57539377740494,-0.3448842974384678,3.075563590006037,-0.1733578701145112,2.506688351994539,-3.481442747792112,-1.7891162393749496
49.0,252.0,1003.29345703125,-2.5113097215139653,-3.0835693195980376,0.7504702103665593,3.57539377740494,-0.3448842974384678,3.075563590006037,-0.1733578701145112,2.506688351994539,-3.481442747792112,-1.7891162393749496
49.0,252.0,1003.29345703125,-2.511312352252644,-3.083569319577631,0.7504702103665593,3.575384756533208,-0.3448842974282405,3.0755635650129767,-0.173357612631688,2.506688351994539,-3.481442747792112,-1.7891164947745553
49.0,252.0,1003.293701171875,-2.5113097215139653,-3.0835693195980376,0.7504702103665593,3.57539377740494,-0.3448842974384678,3.075561441463388,-0.1733578701145112,2.5067118897635736,-3.481442747792112,-1.7891162393749496
49.0,252.0,1003.2940673828124,-2.511336325543153,-3.0835693195980376,0.7504702103665593,3.575384811016042,-0.3448842897151358,3.075563564819218,-0.1733578697914115,2.5066664426190983,-3.481442584075354,-1.7891162388768185
49.0,252.0,1003.2940673828124,-2.511336325543153,-3.0835693195980376,0.7504702103665593,3.575384805996947,-0.3448842973620231,3.075563564819218,-0.1733578697914115,2.5066664426190983,-3.481442757653962,-1.7891162388768185
49.0,252.0,1003.2940673828124,-2.511337329843233,-3.083569319774253,0.7504702103665593,3.5753237880961786,-0.344884297072847,3.0755634885492595,-0.1733578359035596,2.506688351994539,-3.4814429506693663,-1.7891162364440152
49.0,252.0,1003.2941284179688,-2.5113370321642687,-3.083569319754629,0.7504702103665593,3.575410514691666,-0.3448859748547404,3.0755613814578093,-0.1733578666958623,2.5066660447100952,-3.481442761948934,-1.7891162371215843
49.0,252.0,1003.2943725585938,-2.5113370321642687,-3.0835693198691105,0.7504702103665593,3.575384756533208,-0.3448842975226282,3.0755616519207702,-0.1733578702268009,2.5066882313065144,-3.481442747792112,-1.7891164947745553
49.0,252.0,1003.29443359375,-2.5113370321642687,-3.083569319590663,0.7504702103665593,3.575384756533208,-0.3448842974384678,3.0755635646415747,-0.1733578701145112,2.506688351994539,-3.481442747792112,-1.7891164947745553
49.0,252.0,1003.29443359375,-2.5113370321642687,-3.083569319590663,0.7504702103665593,3.575384756533208,-0.3448842974268538,3.0755635646415747,-0.1733578701145112,2.506688351994539,-3.481442747792112,-1.7891164947745553
49.0,252.0,1003.29443359375,-2.5113370321642687,-3.083569319590663,0.7504702103665593,3.575384829314384,-0.3448842972619406,3.0755635900245246,-0.1733578701145112,2.506688351994539,-3.481442599922569,-1.78911655387419
49.0,252.0,1003.2945556640624,-2.5113370321642687,-3.083569319590663,0.7504702103665593,3.575410514691666,-0.3448842974384678,3.0755636046197377,-0.1733578701145112,2.506688351994539,-3.481442747792112,-1.7891162371215843
49.0,252.0,1003.2945556640624,-2.5113370321642687,-3.083569319590663,0.7504702103665593,3.575410514691666,-0.3448842974384678,3.0755636046197377,-0.1733578701145112,2.506688351994539,-3.481442747792112,-1.7891162371215843
49.0,252.0,1003.2945556640624,-2.5113370321642687,-3.083569319754629,0.7504702103665593,3.575410514691666,-0.3448842974384678,3.0755636046197377,-0.1733578701145112,2.506688351994539,-3.481442747792112,-1.7891162371215843
49.0,252.0,1003.2945556640624,-2.5113370321642687,-3.0835693195926988,0.7504702103665593,3.575410514691666,-0.3448842974384678,3.0755636046197377,-0.1733578701145112,2.506688351994539,-3.481442747792112,-1.7891162371215843
49.0,252.0,1003.2945556640624,-2.51133634961542,-3.083569319766889,0.7504702103665593,3.5754266260136944,-0.3448842970742337,3.075561409675759,-0.1733575777140662,2.506688351994539,-3.481442939139096,-1.7891162382232455
49.0,252.0,1003.2945556640624,-2.5113370321642687,-3.083569319764298,0.7504702103665593,3.575410514691666,-0.3448842974432927,3.0755636046197377,-0.1733578701145112,2.506688351994539,-3.481442747792112,-1.789116236479892
49.0,252.0,1003.2946166992188,-2.511334848889915,-3.083569319869159,0.7504702103665593,3.575435365264885,-0.3448842934205425,3.0755614204779,-0.1733576329623764,2.5066914150102946,-3.481442738778098,-1.789116226577579
49.0,252.0,1003.294677734375,-2.511334848889915,-3.083569319590711,0.7504702103665593,3.575435365264885,-0.344884293324768,3.075563333198705,-0.1733576328500867,2.506691535698319,-3.481442738778098,-1.789116226577579
49.0,252.0,1003.2955932617188,-2.5113370321642687,-3.083569319599252,0.7504702103665593,3.5744135773222787,-0.3448842974344259,3.075562590282392,-0.1733578721364511,2.506678999343249,-3.481442747792112,-1.7891162624164527
49.0,252.0,1003.2958984375,-2.511346518919336,-3.0835693195989973,0.7504702103665593,3.5743847111374727,-0.3448842972790438,3.075562589006223,-0.1733576437228687,2.5066788644988267,-3.4814429112058187,-1.7891162607293398
49.0,252.0,1003.2959594726562,-2.511346518919336,-3.083569319640361,0.7504702103665593,3.5743847111374727,-0.3448842972790438,3.075561400080682,-0.1733576432377021,2.5066788644988267,-3.4814429112058187,-1.789116256421046
49.0,252.0,1003.2959594726562,-2.511346825630491,-3.083569319753016,0.7504702103665593,3.5743847111374727,-0.3448842972790438,3.075561400080682,-0.173357643055856,2.5066788644988267,-3.481442950665917,-1.789116256421046
49.0,252.0,1003.2960815429688,-2.5113370321642687,-3.083569319762266,0.7504702103665593,3.574393070644262,-0.3448843129710562,3.0755636046197377,-0.1733578701145112,2.506689338187325,-3.4814428011962875,-1.7891162371215843
49.0,252.0,1003.2960815429688,-2.5113370549316545,-3.083569319753016,0.7504702103665593,3.5743847111374727,-0.3448842972790438,3.075561465861594,-0.1733576432584575,2.5066788644988267,-3.481442950665917,-1.789116256421046
49.0,252.0,1003.2962036132812,-2.511346375438159,-3.083569319761221,0.7504702103665593,3.5743757304678323,-0.3448842970742337,3.075561057993714,-0.1733575784207364,2.5066799437734844,-3.4814429505767395,-1.7891162364440152
49.0,252.0,1003.2965698242188,-2.5113344643849773,-3.083569319864936,0.7504702103665593,3.5743847111374727,-0.3448842925776024,3.075561421018593,-0.1733576314137586,2.506693727489581,-3.481442760639096,-1.7891165037390913
49.0,252.0,1003.297119140625,-2.511312710199351,-3.083569319875369,0.7504702103665593,3.5744181131644464,-0.3448842972345547,3.075561595235836,-0.1733576298415584,2.506718054758733,-3.481442950859757,-1.7891162364440152
49.0,252.0,1003.3018188476562,-2.51130972927717,-3.08356931976722,0.7504702103665593,3.57539377740494,-0.3448842897151358,3.075563590006037,-0.1733575745348801,2.5069724205994146,-3.481442599875398,-1.7891165543232943
49.0,252.0,1003.3018188476562,-2.51130972927717,-3.08356931976722,0.7504702103665593,3.575393704623764,-0.344884289891663,3.075563564623087,-0.1733575745348801,2.5069724205994146,-3.481442747744942,-1.7891164952236591
49.0,252.0,1003.30224609375,-2.511310277832973,-3.0835693197662515,0.7504702103665593,3.575290386069205,-0.3448842920139339,3.0755632449083654,-0.1733575799929365,2.50697187985266,-3.4814427612811065,-1.789116542195676
49.0,252.0,1003.3028564453124,-2.5113097215139653,-3.0835693195980376,0.7504702103665593,3.57539377740494,-0.3448842897151358,3.075563590006037,-0.1733578697914115,2.5070110701125663,-3.481435805459109,-1.7891162388768185
49.0,252.0,1003.3030395507812,-2.5113129058800068,-3.083569319590663,0.7504702103665593,3.575410514691666,-0.3448842974384678,3.0755636046197377,-0.1733578701145112,2.506996207121812,-3.481442747792112,-1.789116234355464
49.0,252.0,1003.3038330078124,-2.5113370321642687,-3.083569319754629,0.7504702103665593,3.575409450642195,-0.3448842897871247,3.075563604550265,-0.1733575758104023,2.506976557767882,-3.4814426056275742,-1.7891162371215843
49.0,252.0,1003.303955078125,-2.51131454011709,-3.0835693197627485,0.7504702103665593,3.575287765355953,-0.3448842925776024,3.0755614354228915,-0.1733576314137586,2.507001582616854,-3.481442764341187,-1.7891162374614162
49.0,252.0,1003.3040161132812,-2.5113370321642687,-3.083569319590663,0.7504702103665593,3.575423964207135,-0.3448842974384678,3.075563330996103,-0.1733576278123231,2.5069818419555223,-3.481442747792112,-1.78911623829131
49.0,252.0,1003.3040771484376,-2.5113370985973504,-3.083569319593825,0.7504702103665593,3.575423964207135,-0.3448842974384678,3.075563330996103,-0.1733576278123231,2.506982473228255,-3.481442760619321,-1.78911623829131
49.0,252.0,1003.3046264648438,-2.5113348988899205,-3.0835693195980376,0.7504702103665593,3.57539377740494,-0.3448842897151358,3.075563564706738,-0.1733578697914115,2.5070110701125663,-3.481435805459109,-1.7891162388768185
49.0,252.0,1003.3048706054688,-2.5113370321642687,-3.083569319590663,0.7504702103665593,3.575410514691666,-0.3448842974384678,3.0755636046197377,-0.1733578701145112,2.506999029402665,-3.481442747792112,-1.7891162371215843
49.0,252.0,1003.3052978515624,-2.511337648751019,-3.0835693198575616,0.7504702103665593,3.5753289426681207,-0.3448842925776024,3.0755614349440554,-0.1733575768540155,2.507001582616854,-3.481442760639096,-1.789116244648369
49.0,253.0,1003.2931518554688,-2.5113126295385664,-3.083569319761276,0.7504702103665593,3.5753237880961786,-0.3448842970858478,3.075561409675759,-0.1733575775505071,2.506680964513284,-3.4814429504772133,-1.7891167835894803
49.0,253.0,1003.293212890625,-2.5113126499316083,-3.083569319761221,0.7504702103665593,3.5753237880961786,-0.3448842970742337,3.0755634889206616,-0.1733575784207364,2.506688351994539,-3.4814429506693663,-1.7891162364440152
49.0,253.0,1003.293212890625,-2.5113126295385664,-3.0835693197623577,0.7504702103665593,3.5753237880961786,-0.3448842970742337,3.075561409675759,-0.1733575775505071,2.506688351994539,-3.4814429506693663,-1.7891162364440152
49.0,253.0,1003.293212890625,-2.5113123432204527,-3.083569319648566,0.7504702103665593,3.5753237880961786,-0.3448842970742337,3.0755634889206616,-0.1733575786025825,2.506688351994539,-3.481442911209267,-1.7891162364440152
49.0,253.0,1003.293212890625,-2.5113126295385664,-3.0835693197623577,0.7504702103665593,3.5753237880961786,-0.3448842970858478,3.075561409675759,-0.1733575775505071,2.506688351994539,-3.4814429506693663,-1.7891162364440152
49.0,253.0,1003.293212890625,-2.5113111481671977,-3.0835693195980376,0.7504702103665593,3.575384811016042,-0.3448842897151358,3.075563590118517,-0.1733578697914115,2.5066664426190983,-3.481442584075354,-1.7891162388768185
49.0,253.0,1003.293212890625,-2.5113123432204527,-3.0835693196507976,0.7504702103665593,3.5753237880961786,-0.3448842970742337,3.075563547055764,-0.1733576303215755,2.506688351994539,-3.481442910221001,-1.7891162364440152
49.0,253.0,1003.293212890625,-2.511312309957116,-3.0835693195980376,0.7504702103665593,3.575323055692243,-0.3448842974384678,3.075563590006037,-0.1733578652571713,2.506688351994539,-3.4814429127450897,-1.7891162393749496
49.0,253.0,1003.293212890625,-2.5113122688781018,-3.0835693196485683,0.7504702103665593,3.5753237880961786,-0.3448842970742337,3.0755634889206616,-0.1733575786025825,2.506688351994539,-3.4814429099607307,-1.7891162393872952
49.0,253.0,1003.293212890625,-2.5113126295385664,-3.0835693195902314,0.7504702103665593,3.5753237880961786,-0.3448842970799304,3.075563583400814,-0.1733575775505071,2.506688351994539,-3.4814429506693663,-1.7891162363537958
49.0,253.0,1003.293212890625,-2.511312303864873,-3.083569319761221,0.7504702103665593,3.5753237880961786,-0.3448842970742337,3.0755634889206616,-0.1733575784207364,2.506688351994539,-3.481442950166508,-1.7891162364440152
49.0,253.0,1003.2932739257812,-2.511312793412785,-3.083569319640361,0.7504702103665593,3.575332768765819,-0.3448842972790438,3.075563831007629,-0.1733576432377021,2.5066872727198817,-3.481442911298445,-1.789116256421046
49.0,253.0,1003.2932739257812,-2.511308986483689,-3.083569319762266,0.7504702103665593,3.5753671507326943,-0.344884287792906,3.075563604706547,-0.1733578698058959,2.5066883212988014,-3.4814428011962875,-1.7891162371080405
49.0,253.0,1003.2933959960938,-2.5113097215139653,-3.083569319608773,0.7504702103665593,3.57539377740494,-0.3448842974384678,3.07556351122336,-0.1733578701145112,2.5066810031746405,-3.4814427602220457,-1.7891168150484165
49.0,253.0,1003.2933959960938,-2.51130972927717,-3.08356931976722,0.7504702103665593,3.5753948414544103,-0.3448842973664789,3.0755635900755096,-0.1733578688389891,2.506684214826071,-3.4814427420399365,-1.7891165543232943
49.0,253.0,1003.2933959960938,-2.51130972927717,-3.08356931976722,0.7504702103665593,3.5753948414544103,-0.3448842973664789,3.0755635900755096,-0.1733578688389891,2.506684214826071,-3.4814427420399365,-1.7891165543232943
49.0,253.0,1003.29345703125,-2.5113097215139653,-3.0835693195980376,0.7504702103665593,3.57539377740494,-0.3448842974384678,3.075563590006037,-0.1733578701145112,2.506688351994539,-3.481442747792112,-1.7891162393749496
49.0,253.0,1003.29345703125,-2.5113097215139653,-3.0835693195980376,0.7504702103665593,3.57539377740494,-0.3448842974384678,3.075563590006037,-0.1733578701145112,2.506688351994539,-3.481442747792112,-1.7891162393749496
49.0,253.0,1003.29345703125,-2.511312352252644,-3.083569319577631,0.7504702103665593,3.575384756533208,-0.3448842974282405,3.0755635650129767,-0.173357612631688,2.506688351994539,-3.481442747792112,-1.7891164947745553
49.0,253.0,1003.29345703125,-2.5113097215139653,-3.0835693195908767,0.7504702103665593,3.57539377740494,-0.3448842974384678,3.075563604230912,-0.1733578701145112,2.506688351994539,-3.481442747792112,-1.7891162393749496
49.0,253.0,1003.2935791015624,-2.5113109537620977,-3.083569319754629,0.7504702103665593,3.5754115827514035,-0.3448842970605445,3.0755636046197377,-0.1733575793286335,2.506688351994539,-3.4814427511078407,-1.7891162371215843
49.0,253.0,1003.2936401367188,-2.5113128359943406,-3.083569319590663,0.7504702103665593,3.5754080762644582,-0.3448842970785658,3.0755635932275007,-0.1733578701145112,2.506688351994539,-3.481442753481104,-1.789116236450281
49.0,253.0,1003.293701171875,-2.5113097215139653,-3.0835693195980376,0.7504702103665593,3.57539377740494,-0.3448842974384678,3.075561441463388,-0.1733578701145112,2.5067118897635736,-3.481442747792112,-1.7891162393749496
49.0,253.0,1003.2938842773438,-2.5113128358848766,-3.083569319593137,0.7504702103665593,3.57539377740494,-0.3448842972782536,3.075563978791978,-0.1733576420948737,2.5067118897635736,-3.481442747792112,-1.7891162553632556
49.0,253.0,1003.2940063476562,-2.511337339638871,-3.0835693198691105,0.7504702103665593,3.575323109932929,-0.3448842975226282,3.075561756479375,-0.1733578702268009,2.5066882313065144,-3.481442931525656,-1.7891164947745553
49.0,253.0,1003.2940673828124,-2.511336325543153,-3.0835693195980376,0.7504702103665593,3.575384811016042,-0.3448842897151358,3.075563564819218,-0.1733578697914115,2.5066664426190983,-3.481442584075354,-1.7891162388768185
49.0,253.0,1003.2940673828124,-2.511336325543153,-3.0835693195980376,0.7504702103665593,3.575384805996947,-0.3448842973620231,3.075563564819218,-0.1733578697914115,2.5066664426190983,-3.481442757653962,-1.7891162388768185
49.0,253.0,1003.2940673828124,-2.511337329843233,-3.083569319774253,0.7504702103665593,3.5753237880961786,-0.344884297072847,3.0755634885492595,-0.1733578359035596,2.506688351994539,-3.4814429506693663,-1.7891162364440152
49.0,253.0,1003.2940673828124,-2.511336325543153,-3.0835693195980376,0.7504702103665593,3.575384805996947,-0.3448842973620231,3.075563564819218,-0.1733578697914115,2.5066664426190983,-3.481442757653962,-1.7891162388768185
49.0,253.0,1003.2940673828124,-2.5113370321642687,-3.0835693198691105,0.7504702103665593,3.575322209272844,-0.3448842975226282,3.0755616551459006,-0.1733576443774344,2.5066936844308163,-3.481442747792112,-1.7891164949426874
49.0,253.0,1003.2940673828124,-2.511337329843233,-3.083569319774253,0.7504702103665593,3.5753237880961786,-0.344884297072847,3.07556360548292,-0.1733578359035596,2.506688351994539,-3.4814427613596126,-1.7891162364440152
49.0,253.0,1003.2941284179688,-2.5113370321642687,-3.083569319754629,0.7504702103665593,3.575410514691666,-0.3448859748547404,3.0755613814578093,-0.1733578666958623,2.5066660447100952,-3.481442761948934,-1.7891162371215843
49.0,253.0,1003.2943725585938,-2.5113370321642687,-3.0835693198691105,0.7504702103665593,3.575384756533208,-0.3448842975226282,3.0755616519207702,-0.1733578702268009,2.5066882313065144,-3.481442747792112,-1.7891164947745553
49.0,253.0,1003.2943725585938,-2.511334848889915,-3.083569319590711,0.7504702103665593,3.575386113359601,-0.3448842976382611,3.075563333198705,-0.1733576328500867,2.506691535698319,-3.4814427477049086,-1.789116226577579
49.0,253.0,1003.2943725585938,-2.5113370223686307,-3.083569319774253,0.7504702103665593,3.5753854346964573,-0.344884297072847,3.0755633839906547,-0.1733578359035596,2.506688351994539,-3.481442766935823,-1.7891162364440152
49.0,253.0,1003.29443359375,-2.5113370321642687,-3.083569319590663,0.7504702103665593,3.575384756533208,-0.3448842974384678,3.0755635646415747,-0.1733578701145112,2.506688351994539,-3.481442747792112,-1.7891164947745553
49.0,253.0,1003.29443359375,-2.5113370321642687,-3.083569319590663,0.7504702103665593,3.575384756533208,-0.3448842974268538,3.0755635646415747,-0.1733578701145112,2.506688351994539,-3.481442747792112,-1.7891164947745553
49.0,253.0,1003.29443359375,-2.5113370321642687,-3.083569319590663,0.7504702103665593,3.575384829314384,-0.3448842972619406,3.0755635900245246,-0.1733578701145112,2.506688351994539,-3.481442599922569,-1.78911655387419
49.0,253.0,1003.29443359375,-2.5113370321642687,-3.083569319590663,0.7504702103665593,3.575384756533208,-0.3448842974345071,3.0755635646415747,-0.1733578700973195,2.506688351994539,-3.481442747792112,-1.7891164947745553
49.0,253.0,1003.2944946289062,-2.511337047677784,-3.083569319757394,0.7504702103665593,3.575394085259078,-0.3448842974432927,3.0755636046197377,-0.1733578701145112,2.506688351994539,-3.481442747792112,-1.789116236479892
49.0,253.0,1003.2945556640624,-2.5113370321642687,-3.083569319590663,0.7504702103665593,3.575410514691666,-0.3448842974384678,3.0755636046197377,-0.1733578701145112,2.506688351994539,-3.481442747792112,-1.7891162371215843
49.0,253.0,1003.2945556640624,-2.5113370321642687,-3.083569319590663,0.7504702103665593,3.575410514691666,-0.3448842974384678,3.0755636046197377,-0.1733578701145112,2.506688351994539,-3.481442747792112,-1.7891162371215843
49.0,253.0,1003.2945556640624,-2.5113370321642687,-3.083569319754629,0.7504702103665593,3.575410514691666,-0.3448842974384678,3.0755636046197377,-0.1733578701145112,2.506688351994539,-3.481442747792112,-1.7891162371215843
49.0,253.0,1003.2945556640624,-2.5113370321642687,-3.0835693195926988,0.7504702103665593,3.575410514691666,-0.3448842974384678,3.0755636046197377,-0.1733578701145112,2.506688351994539,-3.481442747792112,-1.7891162371215843
49.0,253.0,1003.2945556640624,-2.51133634961542,-3.083569319766889,0.7504702103665593,3.5754266260136944,-0.3448842970742337,3.075561409675759,-0.1733575777140662,2.506688351994539,-3.481442939139096,-1.7891162382232455
49.0,253.0,1003.2945556640624,-2.5113370321642687,-3.083569319764298,0.7504702103665593,3.575410514691666,-0.3448842974432927,3.0755636046197377,-0.1733578701145112,2.506688351994539,-3.481442747792112,-1.789116236479892
49.0,253.0,1003.2945556640624,-2.5113363252348364,-3.0835693196007474,0.7504702103665593,3.5754266260136944,-0.3448842900634759,3.075561409675759,-0.1733575777140662,2.506688351994539,-3.481442591903365,-1.7891162382232455
49.0,253.0,1003.2945556640624,-2.5113370321642687,-3.0835693195926988,0.7504702103665593,3.575410514691666,-0.3448842974384678,3.0755636046197377,-0.1733578701145112,2.506688351994539,-3.481442747792112,-1.7891162371215843
49.0,253.0,1003.2946166992188,-2.511334848889915,-3.083569319869159,0.7504702103665593,3.575435365264885,-0.3448842934205425,3.0755614204779,-0.1733576329623764,2.5066914150102946,-3.481442738778098,-1.789116226577579
49.0,253.0,1003.294677734375,-2.511334848889915,-3.083569319590711,0.7504702103665593,3.575435365264885,-0.344884293324768,3.075563333198705,-0.1733576328500867,2.506691535698319,-3.481442738778098,-1.789116226577579
49.0,254.0,1003.2930908203124,-2.5113126295385664,-3.083569319761276,0.7504702103665593,3.5753237880961786,-0.3448842970858478,3.075561549230508,-0.1733575783733534,2.5066808223975907,-3.4814429504833453,-1.789116765338087
49.0,254.0,1003.2931518554688,-2.5113126295385664,-3.083569319761276,0.7504702103665593,3.5753237880961786,-0.3448842970858478,3.075561409675759,-0.1733575775505071,2.506680964513284,-3.4814429504772133,-1.7891167835894803
49.0,254.0,1003.2931518554688,-2.5113109537620977,-3.0835693197522165,0.7504702103665593,3.575320697136477,-0.344884297074448,3.0755636046197377,-0.1733575793286335,2.506688351994539,-3.481442903104288,-1.7891162393755822
49.0,254.0,1003.2931518554688,-2.5113126295385664,-3.0835693197623577,0.7504702103665593,3.575317043844381,-0.3448842973587174,3.075561413820138,-0.1733575775505071,2.50668841567732,-3.4814429506693663,-1.7891162364440152
49.0,254.0,1003.293212890625,-2.5113126499316083,-3.083569319761221,0.7504702103665593,3.5753237880961786,-0.3448842970742337,3.0755634889206616,-0.1733575784207364,2.506688351994539,-3.4814429506693663,-1.7891162364440152
49.0,254.0,1003.293212890625,-2.5113126295385664,-3.0835693197623577,0.7504702103665593,3.5753237880961786,-0.3448842970742337,3.075561409675759,-0.1733575775505071,2.506688351994539,-3.4814429506693663,-1.7891162364440152
49.0,254.0,1003.293212890625,-2.5113123432204527,-3.083569319648566,0.7504702103665593,3.5753237880961786,-0.3448842970742337,3.0755634889206616,-0.1733575786025825,2.506688351994539,-3.481442911209267,-1.7891162364440152
49.0,254.0,1003.293212890625,-2.5113126295385664,-3.0835693197623577,0.7504702103665593,3.5753237880961786,-0.3448842970858478,3.075561409675759,-0.1733575775505071,2.506688351994539,-3.4814429506693663,-1.7891162364440152
49.0,254.0,1003.293212890625,-2.5113111481671977,-3.0835693195980376,0.7504702103665593,3.575384811016042,-0.3448842897151358,3.075563590118517,-0.1733578697914115,2.5066664426190983,-3.481442584075354,-1.7891162388768185
49.0,254.0,1003.293212890625,-2.5113123432204527,-3.0835693196507976,0.7504702103665593,3.5753237880961786,-0.3448842970742337,3.075563547055764,-0.1733576303215755,2.506688351994539,-3.481442910221001,-1.7891162364440152
49.0,254.0,1003.293212890625,-2.511312309957116,-3.0835693195980376,0.7504702103665593,3.575323055692243,-0.3448842974384678,3.075563590006037,-0.1733578652571713,2.506688351994539,-3.4814429127450897,-1.7891162393749496
49.0,254.0,1003.293212890625,-2.5113122688781018,-3.0835693196485683,0.7504702103665593,3.5753237880961786,-0.3448842970742337,3.0755634889206616,-0.1733575786025825,2.506688351994539,-3.4814429099607307,-1.7891162393872952
49.0,254.0,1003.293212890625,-2.5113126295385664,-3.0835693195902314,0.7504702103665593,3.5753237880961786,-0.3448842970799304,3.075563583400814,-0.1733575775505071,2.506688351994539,-3.4814429506693663,-1.7891162363537958
49.0,254.0,1003.293212890625,-2.511312303864873,-3.083569319761221,0.7504702103665593,3.5753237880961786,-0.3448842970742337,3.0755634889206616,-0.1733575784207364,2.506688351994539,-3.481442950166508,-1.7891162364440152
49.0,254.0,1003.293212890625,-2.5113123440065643,-3.083569319646928,0.7504702103665593,3.5753237880961786,-0.3448842970742337,3.075563547055764,-0.1733576309520628,2.506688351994539,-3.481442910221001,-1.7891165056944258
49.0,254.0,1003.293212890625,-2.5113126295385664,-3.0835693195902314,0.7504702103665593,3.5753237880961786,-0.3448842970747118,3.075563583400814,-0.1733575775505071,2.506688351994539,-3.481442950138373,-1.7891162363537958
49.0,254.0,1003.293212890625,-2.51131262277184,-3.0835693196423186,0.7504702103665593,3.5753237880961786,-0.3448842970742337,3.0755614010935064,-0.1733575775505071,2.506688351994539,-3.481442911665249,-1.7891162364440152
49.0,254.0,1003.293212890625,-2.511312303864873,-3.083569319761221,0.7504702103665593,3.5753237880961786,-0.3448842970742337,3.075563349365913,-0.1733575775978901,2.5066884941102328,-3.481442950160376,-1.7891162546954087
49.0,254.0,1003.293212890625,-2.5113111481671977,-3.0835693195980376,0.7504702103665593,3.575384811016042,-0.3448842897151358,3.075563590118517,-0.1733578697914115,2.5066664426190983,-3.481442584075354,-1.7891162388768185
49.0,254.0,1003.293212890625,-2.511312303864873,-3.083569319761221,0.7504702103665593,3.5753237880961786,-0.3448842970794524,3.0755634889206616,-0.1733575784207364,2.506688351994539,-3.481442950697501,-1.7891162364440152
49.0,254.0,1003.2932739257812,-2.511312793412785,-3.083569319640361,0.7504702103665593,3.575332768765819,-0.3448842972790438,3.075563831007629,-0.1733576432377021,2.5066872727198817,-3.481442911298445,-1.789116256421046
49.0,254.0,1003.2932739257812,-2.511308986483689,-3.083569319762266,0.7504702103665593,3.5753671507326943,-0.344884287792906,3.075563604706547,-0.1733578698058959,2.5066883212988014,-3.4814428011962875,-1.7891162371080405
49.0,254.0,1003.2932739257812,-2.511308986483689,-3.083569319762266,0.7504702103665593,3.5753671507326943,-0.3448842880135065,3.075563604706547,-0.173357870122165,2.5066883212988014,-3.4814428011962875,-1.7891162371080405
49.0,254.0,1003.2933349609376,-2.5113128410394974,-3.083569319592266,0.7504702103665593,3.575384811016042,-0.3448842897151358,3.0755612407233346,-0.1733578697914115,2.5066806199141696,-3.4814429260751343,-1.7891162388768185
49.0,254.0,1003.2933959960938,-2.5113097215139653,-3.083569319608773,0.7504702103665593,3.57539377740494,-0.3448842974384678,3.07556351122336,-0.1733578701145112,2.5066810031746405,-3.4814427602220457,-1.7891168150484165
49.0,254.0,1003.2933959960938,-2.51130972927717,-3.08356931976722,0.7504702103665593,3.5753948414544103,-0.3448842973664789,3.0755635900755096,-0.1733578688389891,2.506684214826071,-3.4814427420399365,-1.7891165543232943
49.0,254.0,1003.2933959960938,-2.51130972927717,-3.08356931976722,0.7504702103665593,3.5753948414544103,-0.3448842973664789,3.0755635900755096,-0.1733578688389891,2.506684214826071,-3.4814427420399365,-1.7891165543232943
49.0,254.0,1003.29345703125,-2.5113097215139653,-3.0835693195980376,0.7504702103665593,3.57539377740494,-0.3448842974384678,3.075563590006037,-0.1733578701145112,2.506688351994539,-3.481442747792112,-1.7891162393749496
49.0,254.0,1003.29345703125,-2.5113097215139653,-3.0835693195980376,0.7504702103665593,3.57539377740494,-0.3448842974384678,3.075563590006037,-0.1733578701145112,2.506688351994539,-3.481442747792112,-1.7891162393749496
49.0,254.0,1003.29345703125,-2.511312352252644,-3.083569319577631,0.7504702103665593,3.575384756533208,-0.3448842974282405,3.0755635650129767,-0.173357612631688,2.506688351994539,-3.481442747792112,-1.7891164947745553
49.0,254.0,1003.29345703125,-2.5113097215139653,-3.0835693195908767,0.7504702103665593,3.57539377740494,-0.3448842974384678,3.075563604230912,-0.1733578701145112,2.506688351994539,-3.481442747792112,-1.7891162393749496
49.0,254.0,1003.29345703125,-2.51130972927717,-3.08356931976722,0.7504702103665593,3.575401585706208,-0.3448842970819952,3.0755635859311306,-0.1733578688389891,2.5066841511432902,-3.4814427420399365,-1.7891165543232943
49.0,254.0,1003.29345703125,-2.5113097215139653,-3.0835693195980376,0.7504702103665593,3.57539377740494,-0.3448842972178673,3.075563590006037,-0.1733578697982421,2.506688351994539,-3.481442747792112,-1.7891162393749496
49.0,254.0,1003.2935180664062,-2.5113123432204527,-3.083569319584867,0.7504702103665593,3.575384612976171,-0.3448842970739535,3.075563547055764,-0.1733576378630691,2.506688351994539,-3.481442910221001,-1.7891162375236946
49.0,254.0,1003.2935791015624,-2.5113109537620977,-3.083569319754629,0.7504702103665593,3.5754115827514035,-0.3448842970605445,3.0755636046197377,-0.1733575793286335,2.506688351994539,-3.4814427511078407,-1.7891162371215843
49.0,254.0,1003.2935791015624,-2.511312793412785,-3.083569319639304,0.7504702103665593,3.5753962834753743,-0.3448842974380732,3.075564039181508,-0.1733576432377021,2.5066872727198817,-3.481442911298445,-1.789116256180266
49.0,254.0,1003.2935791015624,-2.5113122688781018,-3.083569319650981,0.7504702103665593,3.575414673711105,-0.3448842970603301,3.0755634889206616,-0.1733575786025825,2.506688351994539,-3.481442757964284,-1.7891162371332971
49.0,254.0,1003.2936401367188,-2.5113128359943406,-3.083569319590663,0.7504702103665593,3.5754080762644582,-0.3448842970785658,3.0755635932275007,-0.1733578701145112,2.506688351994539,-3.481442753481104,-1.789116236450281
49.0,254.0,1003.293701171875,-2.5113097215139653,-3.0835693195980376,0.7504702103665593,3.57539377740494,-0.3448842974384678,3.075561441463388,-0.1733578701145112,2.5067118897635736,-3.481442747792112,-1.7891162393749496
49.0,254.0,1003.2938842773438,-2.5113128358848766,-3.083569319593137,0.7504702103665593,3.57539377740494,-0.3448842972782536,3.075563978791978,-0.1733576420948737,2.5067118897635736,-3.481442747792112,-1.7891162553632556
49.0,254.0,1003.2940063476562,-2.511337339638871,-3.0835693198691105,0.7504702103665593,3.575323109932929,-0.3448842975226282,3.075561756479375,-0.1733578702268009,2.5066882313065144,-3.481442931525656,-1.7891164947745553
49.0,254.0,1003.2940063476562,-2.511337339638871,-3.0835693197656218,0.7504702103665593,3.575323109932929,-0.3448842970615871,3.075561756479375,-0.1733575785060206,2.5066882288154626,-3.481442932052774,-1.7891164947745553
49.0,254.0,1003.2940063476562,-2.511337329525228,-3.0835693198649814,0.7504702103665593,3.575322209272844,-0.3448842975226282,3.0755617230356034,-0.1733576477108772,2.5066883628125542,-3.481442747792112,-1.7891164949426874
49.0,254.0,1003.2940673828124,-2.511336325543153,-3.0835693195980376,0.7504702103665593,3.575384811016042,-0.3448842897151358,3.075563564819218,-0.1733578697914115,2.5066664426190983,-3.481442584075354,-1.7891162388768185
49.0,254.0,1003.2940673828124,-2.511336325543153,-3.0835693195980376,0.7504702103665593,3.575384805996947,-0.3448842973620231,3.075563564819218,-0.1733578697914115,2.5066664426190983,-3.481442757653962,-1.7891162388768185
49.0,254.0,1003.2940673828124,-2.511337329843233,-3.083569319774253,0.7504702103665593,3.5753237880961786,-0.344884297072847,3.0755634885492595,-0.1733578359035596,2.506688351994539,-3.4814429506693663,-1.7891162364440152
49.0,254.0,1003.2940673828124,-2.511336325543153,-3.0835693195980376,0.7504702103665593,3.575384805996947,-0.3448842973620231,3.075563564819218,-0.1733578697914115,2.5066664426190983,-3.481442757653962,-1.7891162388768185
49.0,254.0,1003.2940673828124,-2.5113370321642687,-3.0835693198691105,0.7504702103665593,3.575322209272844,-0.3448842975226282,3.0755616551459006,-0.1733576443774344,2.5066936844308163,-3.481442747792112,-1.7891164949426874
49.0,254.0,1003.2940673828124,-2.511337329843233,-3.083569319774253,0.7504702103665593,3.5753237880961786,-0.344884297072847,3.07556360548292,-0.1733578359035596,2.506688351994539,-3.4814427613596126,-1.7891162364440152
49.0,254.0,1003.2940673828124,-2.511336289522067,-3.0835693195980376,0.7504702103665593,3.575384811016042,-0.3448842977928734,3.07556333504196,-0.1733578697914115,2.5066667355077463,-3.481442584075354,-1.7891162388768185
49.0,255.0,1003.2930908203124,-2.5113126295385664,-3.083569319761276,0.7504702103665593,3.5753237880961786,-0.3448842970858478,3.075561549230508,-0.1733575783733534,2.5066808223975907,-3.4814429504833453,-1.789116765338087
49.0,255.0,1003.2930908203124,-2.5113126490692306,-3.083569319761221,0.7504702103665593,3.5753237880961786,-0.3448842970742337,3.075561551699631,-0.1733575783747191,2.5066808440012807,-3.4814429506705,-1.7891162197553134
49.0,255.0,1003.2930908203124,-2.5113098253976083,-3.08356931976722,0.7504702103665593,3.575324590794464,-0.3448842973664789,3.0755635900755096,-0.1733575830753779,2.5066843300421366,-3.481442907410474,-1.7891165543232943
49.0,255.0,1003.2931518554688,-2.5113126295385664,-3.083569319761276,0.7504702103665593,3.5753237880961786,-0.3448842970858478,3.075561409675759,-0.1733575775505071,2.506680964513284,-3.4814429504772133,-1.7891167835894803
49.0,255.0,1003.2931518554688,-2.5113109537620977,-3.0835693197522165,0.7504702103665593,3.575320697136477,-0.344884297074448,3.0755636046197377,-0.1733575793286335,2.506688351994539,-3.481442903104288,-1.7891162393755822
49.0,255.0,1003.2931518554688,-2.5113126295385664,-3.0835693197623577,0.7504702103665593,3.575317043844381,-0.3448842973587174,3.075561413820138,-0.1733575775505071,2.50668841567732,-3.4814429506693663,-1.7891162364440152
49.0,255.0,1003.2931518554688,-2.51131094677411,-3.083569319761317,0.7504702103665593,3.575320697136477,-0.3448842970740041,3.0755636046197377,-0.1733575793286335,2.506688351994539,-3.481442903104288,-1.7891162105935652
49.0,255.0,1003.2931518554688,-2.5113126295385664,-3.083569319761277,0.7504702103665593,3.5753176264484945,-0.3448842973407418,3.075561413820138,-0.1733575784253344,2.506688420089466,-3.481442950166139,-1.7891162364440152
49.0,255.0,1003.2931518554688,-2.5113109566084573,-3.083569319586772,0.7504702103665593,3.575320697136477,-0.344884297074448,3.0755636046197377,-0.1733575793286335,2.506688351994539,-3.481442903104288,-1.7891162388671324
49.0,255.0,1003.293212890625,-2.5113126499316083,-3.083569319761221,0.7504702103665593,3.5753237880961786,-0.3448842970742337,3.0755634889206616,-0.1733575784207364,2.506688351994539,-3.4814429506693663,-1.7891162364440152
49.0,255.0,1003.293212890625,-2.5113126295385664,-3.0835693197623577,0.7504702103665593,3.5753237880961786,-0.3448842970742337,3.075561409675759,-0.1733575775505071,2.506688351994539,-3.4814429506693663,-1.7891162364440152
49.0,255.0,1003.293212890625,-2.5113123432204527,-3.083569319648566,0.7504702103665593,3.5753237880961786,-0.3448842970742337,3.0755634889206616,-0.1733575786025825,2.506688351994539,-3.481442911209267,-1.7891162364440152
49.0,255.0,1003.293212890625,-2.5113126295385664,-3.0835693197623577,0.7504702103665593,3.5753237880961786,-0.3448842970858478,3.075561409675759,-0.1733575775505071,2.506688351994539,-3.4814429506693663,-1.7891162364440152
49.0,255.0,1003.293212890625,-2.5113111481671977,-3.0835693195980376,0.7504702103665593,3.575384811016042,-0.3448842897151358,3.075563590118517,-0.1733578697914115,2.5066664426190983,-3.481442584075354,-1.7891162388768185
49.0,255.0,1003.293212890625,-2.5113123432204527,-3.0835693196507976,0.7504702103665593,3.5753237880961786,-0.3448842970742337,3.075563547055764,-0.1733576303215755,2.506688351994539,-3.481442910221001,-1.7891162364440152
49.0,255.0,1003.293212890625,-2.511312309957116,-3.0835693195980376,0.7504702103665593,3.575323055692243,-0.3448842974384678,3.075563590006037,-0.1733578652571713,2.506688351994539,-3.4814429127450897,-1.7891162393749496
49.0,255.0,1003.293212890625,-2.5113122688781018,-3.0835693196485683,0.7504702103665593,3.5753237880961786,-0.3448842970742337,3.0755634889206616,-0.1733575786025825,2.506688351994539,-3.4814429099607307,-1.7891162393872952
49.0,255.0,1003.293212890625,-2.5113126295385664,-3.0835693195902314,0.7504702103665593,3.5753237880961786,-0.3448842970799304,3.075563583400814,-0.1733575775505071,2.506688351994539,-3.4814429506693663,-1.7891162363537958
49.0,255.0,1003.293212890625,-2.511312303864873,-3.083569319761221,0.7504702103665593,3.5753237880961786,-0.3448842970742337,3.0755634889206616,-0.1733575784207364,2.506688351994539,-3.481442950166508,-1.7891162364440152
49.0,255.0,1003.293212890625,-2.5113123440065643,-3.083569319646928,0.7504702103665593,3.5753237880961786,-0.3448842970742337,3.075563547055764,-0.1733576309520628,2.506688351994539,-3.481442910221001,-1.7891165056944258
49.0,255.0,1003.293212890625,-2.5113126295385664,-3.0835693195902314,0.7504702103665593,3.5753237880961786,-0.3448842970747118,3.075563583400814,-0.1733575775505071,2.506688351994539,-3.481442950138373,-1.7891162363537958
49.0,255.0,1003.293212890625,-2.51131262277184,-3.0835693196423186,0.7504702103665593,3.5753237880961786,-0.3448842970742337,3.0755614010935064,-0.1733575775505071,2.506688351994539,-3.481442911665249,-1.7891162364440152
49.0,255.0,1003.293212890625,-2.511312303864873,-3.083569319761221,0.7504702103665593,3.5753237880961786,-0.3448842970742337,3.075563349365913,-0.1733575775978901,2.5066884941102328,-3.481442950160376,-1.7891162546954087
49.0,255.0,1003.293212890625,-2.5113111481671977,-3.0835693195980376,0.7504702103665593,3.575384811016042,-0.3448842897151358,3.075563590118517,-0.1733578697914115,2.5066664426190983,-3.481442584075354,-1.7891162388768185
49.0,255.0,1003.293212890625,-2.511312303864873,-3.083569319761221,0.7504702103665593,3.5753237880961786,-0.3448842970794524,3.0755634889206616,-0.1733575784207364,2.506688351994539,-3.481442950697501,-1.7891162364440152
49.0,255.0,1003.293212890625,-2.5113126271280675,-3.083569319590137,0.7504702103665593,3.575323797270195,-0.3448842970799304,3.0755635834592367,-0.1733575775505071,2.506688351994539,-3.4814429506693663,-1.7891162362708408
49.0,255.0,1003.293212890625,-2.511312303864873,-3.0835693197623018,0.7504702103665593,3.5753232054920656,-0.3448842970922093,3.0755634889206616,-0.1733575775459091,2.5066883475823936,-3.481442950669736,-1.7891162364440152
49.0,255.0,1003.293212890625,-2.511312302261995,-3.083569319646928,0.7504702103665593,3.5753237880961786,-0.3448842970742337,3.075563547055764,-0.1733575787209637,2.506688351994539,-3.481442950432532,-1.7891165056944258
49.0,255.0,1003.293212890625,-2.5113126295385664,-3.083569319595586,0.7504702103665593,3.5753237880961786,-0.3448842970745884,3.0755635684400606,-0.1733575775505071,2.506688351994539,-3.481442950153355,-1.7891162363543784
49.0,255.0,1003.293212890625,-2.511312312367614,-3.083569319598132,0.7504702103665593,3.575323046518226,-0.3448842974384678,3.0755635899476146,-0.1733578652571713,2.506688351994539,-3.4814429127450897,-1.7891162394579043
49.0,255.0,1003.293212890625,-2.511312303864873,-3.083569319761221,0.7504702103665593,3.5753237880961786,-0.3448842970069325,3.0755634885175764,-0.17335783701417,2.506688351994539,-3.481442950697501,-1.7891162394724538
49.0,255.0,1003.293212890625,-2.51131262277184,-3.0835693196423186,0.7504702103665593,3.5753237880961786,-0.3448842970742337,3.0755614010935064,-0.1733575775505071,2.506688351994539,-3.481442911665249,-1.7891162364440152
49.0,255.0,1003.2932739257812,-2.511312793412785,-3.083569319640361,0.7504702103665593,3.575332768765819,-0.3448842972790438,3.075563831007629,-0.1733576432377021,2.5066872727198817,-3.481442911298445,-1.789116256421046
49.0,255.0,1003.2932739257812,-2.511308986483689,-3.083569319762266,0.7504702103665593,3.5753671507326943,-0.344884287792906,3.075563604706547,-0.1733578698058959,2.5066883212988014,-3.4814428011962875,-1.7891162371080405
49.0,255.0,1003.2932739257812,-2.511308986483689,-3.083569319762266,0.7504702103665593,3.5753671507326943,-0.3448842880135065,3.075563604706547,-0.173357870122165,2.5066883212988014,-3.4814428011962875,-1.7891162371080405
49.0,255.0,1003.2932739257812,-2.511309716316041,-3.083569319778134,0.7504702103665593,3.5753671373732843,-0.3448842972298167,3.0755634962710268,-0.1733578701074589,2.5066810031746405,-3.481442800924797,-1.7891168150484165
49.0,255.0,1003.2932739257812,-2.5113089824997106,-3.083569319762263,0.7504702103665593,3.575367775654102,-0.3448842970742337,3.075563525289609,-0.1733575775505071,2.506688351994539,-3.481442801264277,-1.789116236449492
49.0,255.0,1003.2933349609376,-2.5113128410394974,-3.083569319592266,0.7504702103665593,3.575384811016042,-0.3448842897151358,3.0755612407233346,-0.1733578697914115,2.5066806199141696,-3.4814429260751343,-1.7891162388768185
49.0,255.0,1003.2933959960938,-2.5113097215139653,-3.083569319608773,0.7504702103665593,3.57539377740494,-0.3448842974384678,3.07556351122336,-0.1733578701145112,2.5066810031746405,-3.4814427602220457,-1.7891168150484165
49.0,255.0,1003.2933959960938,-2.51130972927717,-3.08356931976722,0.7504702103665593,3.5753948414544103,-0.3448842973664789,3.0755635900755096,-0.1733578688389891,2.506684214826071,-3.4814427420399365,-1.7891165543232943
49.0,255.0,1003.2933959960938,-2.51130972927717,-3.08356931976722,0.7504702103665593,3.5753948414544103,-0.3448842973664789,3.0755635900755096,-0.1733578688389891,2.506684214826071,-3.4814427420399365,-1.7891165543232943
49.0,255.0,1003.2933959960938,-2.511308991681614,-3.0835693195929044,0.7504702103665593,3.57539379076435,-0.3448842880015571,3.07556361965888,-0.1733578698129482,2.5066883212988014,-3.481442760493536,-1.7891162371080405
49.0,255.0,1003.29345703125,-2.5113097215139653,-3.0835693195980376,0.7504702103665593,3.57539377740494,-0.3448842974384678,3.075563590006037,-0.1733578701145112,2.506688351994539,-3.481442747792112,-1.7891162393749496
49.0,255.0,1003.29345703125,-2.5113097215139653,-3.0835693195980376,0.7504702103665593,3.57539377740494,-0.3448842974384678,3.075563590006037,-0.1733578701145112,2.506688351994539,-3.481442747792112,-1.7891162393749496
49.0,255.0,1003.29345703125,-2.511312352252644,-3.083569319577631,0.7504702103665593,3.575384756533208,-0.3448842974282405,3.0755635650129767,-0.173357612631688,2.506688351994539,-3.481442747792112,-1.7891164947745553
49.0,255.0,1003.29345703125,-2.5113097215139653,-3.0835693195908767,0.7504702103665593,3.57539377740494,-0.3448842974384678,3.075563604230912,-0.1733578701145112,2.506688351994539,-3.481442747792112,-1.7891162393749496
49.0,255.0,1003.29345703125,-2.51130972927717,-3.08356931976722,0.7504702103665593,3.575401585706208,-0.3448842970819952,3.0755635859311306,-0.1733578688389891,2.5066841511432902,-3.4814427420399365,-1.7891165543232943
49.0,255.0,1003.29345703125,-2.5113097215139653,-3.0835693195980376,0.7504702103665593,3.57539377740494,-0.3448842972178673,3.075563590006037,-0.1733578697982421,2.506688351994539,-3.481442747792112,-1.7891162393749496
49.0,255.0,1003.29345703125,-2.5113099045429164,-3.08356931976722,0.7504702103665593,3.575388694205816,-0.3448842973664789,3.0755635900755096,-0.1733578688389891,2.50668880165825,-3.4814427464627222,-1.7891165543232943
49.0,255.0,1003.2935180664062,-2.5113123432204527,-3.083569319584867,0.7504702103665593,3.575384612976171,-0.3448842970739535,3.075563547055764,-0.1733576378630691,2.506688351994539,-3.481442910221001,-1.7891162375236946
49.0,256.0,1003.2930908203124,-2.5113126295385664,-3.083569319761276,0.7504702103665593,3.5753237880961786,-0.3448842970858478,3.075561549230508,-0.1733575783733534,2.5066808223975907,-3.4814429504833453,-1.789116765338087
49.0,256.0,1003.2930908203124,-2.5113126490692306,-3.083569319761221,0.7504702103665593,3.5753237880961786,-0.3448842970742337,3.075561551699631,-0.1733575783747191,2.5066808440012807,-3.4814429506705,-1.7891162197553134
49.0,256.0,1003.2930908203124,-2.5113098253976083,-3.08356931976722,0.7504702103665593,3.575324590794464,-0.3448842973664789,3.0755635900755096,-0.1733575830753779,2.5066843300421366,-3.481442907410474,-1.7891165543232943
49.0,256.0,1003.2930908203124,-2.5113126490692306,-3.083569319762314,0.7504702103665593,3.5753237880961786,-0.3448842970742337,3.0755615467883506,-0.1733575783747191,2.5066808440012807,-3.4814429506693285,-1.7891162198210224
49.0,256.0,1003.2930908203124,-2.5113126490692306,-3.0835693197622622,0.7504702103665593,3.5753237880961786,-0.3448842970868316,3.075561494877244,-0.1733578716078794,2.5066808440012807,-3.4814429506705,-1.7891162368427609
49.0,256.0,1003.2931518554688,-2.5113126295385664,-3.083569319761276,0.7504702103665593,3.5753237880961786,-0.3448842970858478,3.075561409675759,-0.1733575775505071,2.506680964513284,-3.4814429504772133,-1.7891167835894803
49.0,256.0,1003.2931518554688,-2.5113109537620977,-3.0835693197522165,0.7504702103665593,3.575320697136477,-0.344884297074448,3.0755636046197377,-0.1733575793286335,2.506688351994539,-3.481442903104288,-1.7891162393755822
49.0,256.0,1003.2931518554688,-2.5113126295385664,-3.0835693197623577,0.7504702103665593,3.575317043844381,-0.3448842973587174,3.075561413820138,-0.1733575775505071,2.50668841567732,-3.4814429506693663,-1.7891162364440152
49.0,256.0,1003.2931518554688,-2.51131094677411,-3.083569319761317,0.7504702103665593,3.575320697136477,-0.3448842970740041,3.0755636046197377,-0.1733575793286335,2.506688351994539,-3.481442903104288,-1.7891162105935652
49.0,256.0,1003.2931518554688,-2.5113126295385664,-3.083569319761277,0.7504702103665593,3.5753176264484945,-0.3448842973407418,3.075561413820138,-0.1733575784253344,2.506688420089466,-3.481442950166139,-1.7891162364440152
49.0,256.0,1003.2931518554688,-2.5113109566084573,-3.083569319586772,0.7504702103665593,3.575320697136477,-0.344884297074448,3.0755636046197377,-0.1733575793286335,2.506688351994539,-3.481442903104288,-1.7891162388671324
49.0,256.0,1003.2931518554688,-2.51131094677411,-3.083569319761317,0.7504702103665593,3.575320697136477,-0.3448842970740041,3.0755636046197377,-0.1733575793286335,2.506688351994539,-3.481442903104288,-1.7891162105935652
49.0,256.0,1003.2931518554688,-2.5113126295385664,-3.083569319761276,0.7504702103665593,3.5753237880961786,-0.3448842970858478,3.075561417502438,-0.1733575783733534,2.506680953077512,-3.481442950483545,-1.789116765338087
49.0,256.0,1003.2931518554688,-2.5113111806271675,-3.083569319598474,0.7504702103665593,3.5753237880961786,-0.3448842970742337,3.0755634889206616,-0.1733575786025825,2.506687243485593,-3.481442583090411,-1.7891162364440152
49.0,256.0,1003.2931518554688,-2.5113109804709475,-3.083569319761277,0.7504702103665593,3.5753207279546864,-0.3448842973407418,3.0755637134558507,-0.1733575793476846,2.506688352879592,-3.481442902688374,-1.7891162364373978
49.0,256.0,1003.293212890625,-2.5113126499316083,-3.083569319761221,0.7504702103665593,3.5753237880961786,-0.3448842970742337,3.0755634889206616,-0.1733575784207364,2.506688351994539,-3.4814429506693663,-1.7891162364440152
49.0,256.0,1003.293212890625,-2.5113126295385664,-3.0835693197623577,0.7504702103665593,3.5753237880961786,-0.3448842970742337,3.075561409675759,-0.1733575775505071,2.506688351994539,-3.4814429506693663,-1.7891162364440152
49.0,256.0,1003.293212890625,-2.5113123432204527,-3.083569319648566,0.7504702103665593,3.5753237880961786,-0.3448842970742337,3.0755634889206616,-0.1733575786025825,2.506688351994539,-3.481442911209267,-1.7891162364440152
49.0,256.0,1003.293212890625,-2.5113126295385664,-3.0835693197623577,0.7504702103665593,3.5753237880961786,-0.3448842970858478,3.075561409675759,-0.1733575775505071,2.506688351994539,-3.4814429506693663,-1.7891162364440152
49.0,256.0,1003.293212890625,-2.5113111481671977,-3.0835693195980376,0.7504702103665593,3.575384811016042,-0.3448842897151358,3.075563590118517,-0.1733578697914115,2.5066664426190983,-3.481442584075354,-1.7891162388768185
49.0,256.0,1003.293212890625,-2.5113123432204527,-3.0835693196507976,0.7504702103665593,3.5753237880961786,-0.3448842970742337,3.075563547055764,-0.1733576303215755,2.506688351994539,-3.481442910221001,-1.7891162364440152
49.0,256.0,1003.293212890625,-2.511312309957116,-3.0835693195980376,0.7504702103665593,3.575323055692243,-0.3448842974384678,3.075563590006037,-0.1733578652571713,2.506688351994539,-3.4814429127450897,-1.7891162393749496
49.0,256.0,1003.293212890625,-2.5113122688781018,-3.0835693196485683,0.7504702103665593,3.5753237880961786,-0.3448842970742337,3.0755634889206616,-0.1733575786025825,2.506688351994539,-3.4814429099607307,-1.7891162393872952
49.0,256.0,1003.293212890625,-2.5113126295385664,-3.0835693195902314,0.7504702103665593,3.5753237880961786,-0.3448842970799304,3.075563583400814,-0.1733575775505071,2.506688351994539,-3.4814429506693663,-1.7891162363537958
49.0,256.0,1003.293212890625,-2.511312303864873,-3.083569319761221,0.7504702103665593,3.5753237880961786,-0.3448842970742337,3.0755634889206616,-0.1733575784207364,2.506688351994539,-3.481442950166508,-1.7891162364440152
49.0,256.0,1003.293212890625,-2.5113123440065643,-3.083569319646928,0.7504702103665593,3.5753237880961786,-0.3448842970742337,3.075563547055764,-0.1733576309520628,2.506688351994539,-3.481442910221001,-1.7891165056944258
49.0,256.0,1003.293212890625,-2.5113126295385664,-3.0835693195902314,0.7504702103665593,3.5753237880961786,-0.3448842970747118,3.075563583400814,-0.1733575775505071,2.506688351994539,-3.481442950138373,-1.7891162363537958
49.0,256.0,1003.293212890625,-2.51131262277184,-3.0835693196423186,0.7504702103665593,3.5753237880961786,-0.3448842970742337,3.0755614010935064,-0.1733575775505071,2.506688351994539,-3.481442911665249,-1.7891162364440152
49.0,256.0,1003.293212890625,-2.511312303864873,-3.083569319761221,0.7504702103665593,3.5753237880961786,-0.3448842970742337,3.075563349365913,-0.1733575775978901,2.5066884941102328,-3.481442950160376,-1.7891162546954087
49.0,256.0,1003.293212890625,-2.5113111481671977,-3.0835693195980376,0.7504702103665593,3.575384811016042,-0.3448842897151358,3.075563590118517,-0.1733578697914115,2.5066664426190983,-3.481442584075354,-1.7891162388768185
49.0,256.0,1003.293212890625,-2.511312303864873,-3.083569319761221,0.7504702103665593,3.5753237880961786,-0.3448842970794524,3.0755634889206616,-0.1733575784207364,2.506688351994539,-3.481442950697501,-1.7891162364440152
49.0,256.0,1003.293212890625,-2.5113126271280675,-3.083569319590137,0.7504702103665593,3.575323797270195,-0.3448842970799304,3.0755635834592367,-0.1733575775505071,2.506688351994539,-3.4814429506693663,-1.7891162362708408
49.0,256.0,1003.293212890625,-2.511312303864873,-3.0835693197623018,0.7504702103665593,3.5753232054920656,-0.3448842970922093,3.0755634889206616,-0.1733575775459091,2.5066883475823936,-3.481442950669736,-1.7891162364440152
49.0,256.0,1003.293212890625,-2.511312302261995,-3.083569319646928,0.7504702103665593,3.5753237880961786,-0.3448842970742337,3.075563547055764,-0.1733575787209637,2.506688351994539,-3.481442950432532,-1.7891165056944258
49.0,256.0,1003.293212890625,-2.5113126295385664,-3.083569319595586,0.7504702103665593,3.5753237880961786,-0.3448842970745884,3.0755635684400606,-0.1733575775505071,2.506688351994539,-3.481442950153355,-1.7891162363543784
49.0,256.0,1003.293212890625,-2.511312312367614,-3.083569319598132,0.7504702103665593,3.575323046518226,-0.3448842974384678,3.0755635899476146,-0.1733578652571713,2.506688351994539,-3.4814429127450897,-1.7891162394579043
49.0,256.0,1003.293212890625,-2.511312303864873,-3.083569319761221,0.7504702103665593,3.5753237880961786,-0.3448842970069325,3.0755634885175764,-0.17335783701417,2.506688351994539,-3.481442950697501,-1.7891162394724538
49.0,256.0,1003.293212890625,-2.51131262277184,-3.0835693196423186,0.7504702103665593,3.5753237880961786,-0.3448842970742337,3.0755614010935064,-0.1733575775505071,2.506688351994539,-3.481442911665249,-1.7891162364440152
49.0,256.0,1003.293212890625,-2.511312303870404,-3.083569319776005,0.7504702103665593,3.5753237880961786,-0.3448842970742337,3.075563547055764,-0.1733575787209637,2.506688351994539,-3.4814429504421525,-1.7891164701034683
49.0,256.0,1003.293212890625,-2.511312333745235,-3.08356931976722,0.7504702103665593,3.575323786007894,-0.3448842973664789,3.075563592277009,-0.1733575830753779,2.5066878888146884,-3.4814429111563547,-1.789116247526101
49.0,256.0,1003.293212890625,-2.5113122688781018,-3.0835693196485683,0.7504702103665593,3.575317042979042,-0.3448842973625692,3.0755634889206616,-0.1733575775220693,2.506688351994539,-3.4814429099607307,-1.7891162393872952
49.0,256.0,1003.293212890625,-2.511312303864873,-3.083569319752366,0.7504702103665593,3.5753237880961786,-0.3448842970742337,3.075563610104129,-0.1733575792738594,2.506688351994539,-3.4814429491575525,-1.7891162394081477
49.0,256.0,1003.293212890625,-2.5113109593959844,-3.0835693196536966,0.7504702103665593,3.5753237880961786,-0.3448842970744411,3.0755636065607583,-0.1733576303215755,2.506688351994539,-3.481442909829224,-1.7891162364440152
49.0,256.0,1003.293212890625,-2.511312302256465,-3.083569319632144,0.7504702103665593,3.5753237880961786,-0.3448842970742337,3.0755634889206616,-0.1733575784207364,2.506688351994539,-3.4814429501568864,-1.7891162720349727
49.0,256.0,1003.293212890625,-2.5113126220941795,-3.0835693196383924,0.7504702103665593,3.5753237880961786,-0.3448842970742337,3.0755614098419746,-0.1733575775505071,2.506688351994539,-3.481442911665249,-1.7891162364440152
49.0,256.0,1003.293212890625,-2.511312303864873,-3.083569319586985,0.7504702103665593,3.5753237880961786,-0.3448842970118751,3.0755634885175764,-0.1733575769842417,2.506688351994539,-3.481442950697501,-1.789116236391254
49.0,256.0,1003.293212890625,-2.5113126295385664,-3.0835693197623577,0.7504702103665593,3.575323788961517,-0.3448842970703819,3.075561413820138,-0.1733575786310203,2.50668841567732,-3.4814429506693663,-1.7891162364440152
49.0,256.0,1003.293212890625,-2.511312303864873,-3.083569319761221,0.7504702103665593,3.5753237880961786,-0.3448842970742337,3.075563349365913,-0.1733575814440952,2.5066884941102328,-3.481442748570173,-1.7891162546954087
49.0,256.0,1003.2932739257812,-2.511312793412785,-3.083569319640361,0.7504702103665593,3.575332768765819,-0.3448842972790438,3.075563831007629,-0.1733576432377021,2.5066872727198817,-3.481442911298445,-1.789116256421046
49.0,256.0,1003.2932739257812,-2.511308986483689,-3.083569319762266,0.7504702103665593,3.5753671507326943,-0.344884287792906,3.075563604706547,-0.1733578698058959,2.5066883212988014,-3.4814428011962875,-1.7891162371080405
49.0,257.0,1003.2930908203124,-2.5113126295385664,-3.083569319761276,0.7504702103665593,3.5753237880961786,-0.3448842970858478,3.075561549230508,-0.1733575783733534,2.5066808223975907,-3.4814429504833453,-1.789116765338087
49.0,257.0,1003.2930908203124,-2.5113126490692306,-3.083569319761221,0.7504702103665593,3.5753237880961786,-0.3448842970742337,3.075561551699631,-0.1733575783747191,2.5066808440012807,-3.4814429506705,-1.7891162197553134
49.0,257.0,1003.2930908203124,-2.5113098253976083,-3.08356931976722,0.7504702103665593,3.575324590794464,-0.3448842973664789,3.0755635900755096,-0.1733575830753779,2.5066843300421366,-3.481442907410474,-1.7891165543232943
49.0,257.0,1003.2930908203124,-2.5113126490692306,-3.083569319762314,0.7504702103665593,3.5753237880961786,-0.3448842970742337,3.0755615467883506,-0.1733575783747191,2.5066808440012807,-3.4814429506693285,-1.7891162198210224
49.0,257.0,1003.2930908203124,-2.5113126490692306,-3.0835693197622622,0.7504702103665593,3.5753237880961786,-0.3448842970868316,3.075561494877244,-0.1733578716078794,2.5066808440012807,-3.4814429506705,-1.7891162368427609
49.0,257.0,1003.2930908203124,-2.5113126295385664,-3.083569319597795,0.7504702103665593,3.5753237880961786,-0.3448842970855137,3.0755615323475007,-0.1733575783733534,2.5066806660754617,-3.4814429504805813,-1.7891167719602856
49.0,257.0,1003.2930908203124,-2.511312641862188,-3.083569319761276,0.7504702103665593,3.575323074152716,-0.3448842975043947,3.075561356316795,-0.1733575783733534,2.506680953077512,-3.481442951207334,-1.7891167706297344
49.0,257.0,1003.2930908203124,-2.5113100191379822,-3.083569319773976,0.7504702103665593,3.575324590794464,-0.3448842973664789,3.0755635468687736,-0.1733575786905919,2.50668422981032,-3.481442907410474,-1.789116552852698
49.0,257.0,1003.2930908203124,-2.5113126490692306,-3.083569319762314,0.7504702103665593,3.5753237880961786,-0.3448842970742337,3.0755615467883506,-0.1733575783747191,2.5066808440012807,-3.4814429506693285,-1.7891162198210224
49.0,257.0,1003.2930908203124,-2.511312614012743,-3.083569319768334,0.7504702103665593,3.5753237880961786,-0.3448842970996205,3.075561549230508,-0.1733575783733534,2.5066808223975907,-3.4814429504833453,-1.789116765338087
49.0,257.0,1003.2930908203124,-2.511312323568242,-3.083569319761276,0.7504702103665593,3.5753237880961786,-0.3448842970858478,3.075561409675759,-0.1733575775505071,2.506680964513284,-3.4814429501692645,-1.7891161827291704
49.0,257.0,1003.2931518554688,-2.5113126295385664,-3.083569319761276,0.7504702103665593,3.5753237880961786,-0.3448842970858478,3.075561409675759,-0.1733575775505071,2.506680964513284,-3.4814429504772133,-1.7891167835894803
49.0,257.0,1003.2931518554688,-2.5113109537620977,-3.0835693197522165,0.7504702103665593,3.575320697136477,-0.344884297074448,3.0755636046197377,-0.1733575793286335,2.506688351994539,-3.481442903104288,-1.7891162393755822
49.0,257.0,1003.2931518554688,-2.5113126295385664,-3.0835693197623577,0.7504702103665593,3.575317043844381,-0.3448842973587174,3.075561413820138,-0.1733575775505071,2.50668841567732,-3.4814429506693663,-1.7891162364440152
49.0,257.0,1003.2931518554688,-2.51131094677411,-3.083569319761317,0.7504702103665593,3.575320697136477,-0.3448842970740041,3.0755636046197377,-0.1733575793286335,2.506688351994539,-3.481442903104288,-1.7891162105935652
49.0,257.0,1003.2931518554688,-2.5113126295385664,-3.083569319761277,0.7504702103665593,3.5753176264484945,-0.3448842973407418,3.075561413820138,-0.1733575784253344,2.506688420089466,-3.481442950166139,-1.7891162364440152
49.0,257.0,1003.2931518554688,-2.5113109566084573,-3.083569319586772,0.7504702103665593,3.575320697136477,-0.344884297074448,3.0755636046197377,-0.1733575793286335,2.506688351994539,-3.481442903104288,-1.7891162388671324
49.0,257.0,1003.2931518554688,-2.51131094677411,-3.083569319761317,0.7504702103665593,3.575320697136477,-0.3448842970740041,3.0755636046197377,-0.1733575793286335,2.506688351994539,-3.481442903104288,-1.7891162105935652
49.0,257.0,1003.2931518554688,-2.5113126295385664,-3.083569319761276,0.7504702103665593,3.5753237880961786,-0.3448842970858478,3.075561417502438,-0.1733575783733534,2.506680953077512,-3.481442950483545,-1.789116765338087
49.0,257.0,1003.2931518554688,-2.5113111806271675,-3.083569319598474,0.7504702103665593,3.5753237880961786,-0.3448842970742337,3.0755634889206616,-0.1733575786025825,2.506687243485593,-3.481442583090411,-1.7891162364440152
49.0,257.0,1003.2931518554688,-2.5113109804709475,-3.083569319761277,0.7504702103665593,3.5753207279546864,-0.3448842973407418,3.0755637134558507,-0.1733575793476846,2.506688352879592,-3.481442902688374,-1.7891162364373978
49.0,257.0,1003.2931518554688,-2.51131094677411,-3.0835693195971845,0.7504702103665593,3.575320697136477,-0.3448842897223139,3.0755636049007844,-0.1733575793286335,2.506688351994539,-3.4814428997118863,-1.7891162104835876
49.0,257.0,1003.2931518554688,-2.511312312078652,-3.083569319761221,0.7504702103665593,3.5753237880961786,-0.3448842970742337,3.07556137165432,-0.1733575784252972,2.5066883518892804,-3.481442950166124,-1.7891162364440152
49.0,257.0,1003.2931518554688,-2.5113098253976083,-3.08356931976722,0.7504702103665593,3.5753245836388743,-0.3448842973664789,3.0755635890797275,-0.1733575830753779,2.506688370630324,-3.481442907410474,-1.7891162720516336
49.0,257.0,1003.2931518554688,-2.5113126295385664,-3.0835693197623577,0.7504702103665593,3.575317043844381,-0.3448842973626144,3.075561474935845,-0.1733575774147161,2.506688352930184,-3.4814429506693663,-1.7891162364440152
49.0,257.0,1003.2931518554688,-2.5113109566084573,-3.083569319586772,0.7504702103665593,3.5753237712593395,-0.3448842970744498,3.0755615214799965,-0.1733575793844385,2.506688351994539,-3.481442950698083,-1.7891162200174655
49.0,257.0,1003.2931518554688,-2.511312309957116,-3.0835693195980376,0.7504702103665593,3.575322999856384,-0.3448842974384678,3.075563590006037,-0.1733575787731495,2.506680942106811,-3.4814429133262554,-1.7891162393749496
49.0,257.0,1003.2931518554688,-2.511310946485509,-3.083569319573824,0.7504702103665593,3.575320697136477,-0.344884297074448,3.0755636046197377,-0.1733575793286335,2.506688351994539,-3.481442903104288,-1.7891162388671324
49.0,257.0,1003.2931518554688,-2.5113126295385664,-3.0835693197623493,0.7504702103665593,3.5753237880961786,-0.3448842970858478,3.075561409675759,-0.1733575775505071,2.506680964513284,-3.481442950470401,-1.7891167835894803
49.0,257.0,1003.293212890625,-2.5113126499316083,-3.083569319761221,0.7504702103665593,3.5753237880961786,-0.3448842970742337,3.0755634889206616,-0.1733575784207364,2.506688351994539,-3.4814429506693663,-1.7891162364440152
49.0,257.0,1003.293212890625,-2.5113126295385664,-3.0835693197623577,0.7504702103665593,3.5753237880961786,-0.3448842970742337,3.075561409675759,-0.1733575775505071,2.506688351994539,-3.4814429506693663,-1.7891162364440152
49.0,257.0,1003.293212890625,-2.5113123432204527,-3.083569319648566,0.7504702103665593,3.5753237880961786,-0.3448842970742337,3.0755634889206616,-0.1733575786025825,2.506688351994539,-3.481442911209267,-1.7891162364440152
49.0,257.0,1003.293212890625,-2.5113126295385664,-3.0835693197623577,0.7504702103665593,3.5753237880961786,-0.3448842970858478,3.075561409675759,-0.1733575775505071,2.506688351994539,-3.4814429506693663,-1.7891162364440152
49.0,257.0,1003.293212890625,-2.5113111481671977,-3.0835693195980376,0.7504702103665593,3.575384811016042,-0.3448842897151358,3.075563590118517,-0.1733578697914115,2.5066664426190983,-3.481442584075354,-1.7891162388768185
49.0,257.0,1003.293212890625,-2.5113123432204527,-3.0835693196507976,0.7504702103665593,3.5753237880961786,-0.3448842970742337,3.075563547055764,-0.1733576303215755,2.506688351994539,-3.481442910221001,-1.7891162364440152
49.0,257.0,1003.293212890625,-2.511312309957116,-3.0835693195980376,0.7504702103665593,3.575323055692243,-0.3448842974384678,3.075563590006037,-0.1733578652571713,2.506688351994539,-3.4814429127450897,-1.7891162393749496
49.0,257.0,1003.293212890625,-2.5113122688781018,-3.0835693196485683,0.7504702103665593,3.5753237880961786,-0.3448842970742337,3.0755634889206616,-0.1733575786025825,2.506688351994539,-3.4814429099607307,-1.7891162393872952
49.0,257.0,1003.293212890625,-2.5113126295385664,-3.0835693195902314,0.7504702103665593,3.5753237880961786,-0.3448842970799304,3.075563583400814,-0.1733575775505071,2.506688351994539,-3.4814429506693663,-1.7891162363537958
49.0,257.0,1003.293212890625,-2.511312303864873,-3.083569319761221,0.7504702103665593,3.5753237880961786,-0.3448842970742337,3.0755634889206616,-0.1733575784207364,2.506688351994539,-3.481442950166508,-1.7891162364440152
49.0,257.0,1003.293212890625,-2.5113123440065643,-3.083569319646928,0.7504702103665593,3.5753237880961786,-0.3448842970742337,3.075563547055764,-0.1733576309520628,2.506688351994539,-3.481442910221001,-1.7891165056944258
49.0,257.0,1003.293212890625,-2.5113126295385664,-3.0835693195902314,0.7504702103665593,3.5753237880961786,-0.3448842970747118,3.075563583400814,-0.1733575775505071,2.506688351994539,-3.481442950138373,-1.7891162363537958
49.0,257.0,1003.293212890625,-2.51131262277184,-3.0835693196423186,0.7504702103665593,3.5753237880961786,-0.3448842970742337,3.0755614010935064,-0.1733575775505071,2.506688351994539,-3.481442911665249,-1.7891162364440152
49.0,257.0,1003.293212890625,-2.511312303864873,-3.083569319761221,0.7504702103665593,3.5753237880961786,-0.3448842970742337,3.075563349365913,-0.1733575775978901,2.5066884941102328,-3.481442950160376,-1.7891162546954087
49.0,257.0,1003.293212890625,-2.5113111481671977,-3.0835693195980376,0.7504702103665593,3.575384811016042,-0.3448842897151358,3.075563590118517,-0.1733578697914115,2.5066664426190983,-3.481442584075354,-1.7891162388768185
49.0,257.0,1003.293212890625,-2.511312303864873,-3.083569319761221,0.7504702103665593,3.5753237880961786,-0.3448842970794524,3.0755634889206616,-0.1733575784207364,2.506688351994539,-3.481442950697501,-1.7891162364440152
49.0,257.0,1003.293212890625,-2.5113126271280675,-3.083569319590137,0.7504702103665593,3.575323797270195,-0.3448842970799304,3.0755635834592367,-0.1733575775505071,2.506688351994539,-3.4814429506693663,-1.7891162362708408
49.0,257.0,1003.293212890625,-2.511312303864873,-3.0835693197623018,0.7504702103665593,3.5753232054920656,-0.3448842970922093,3.0755634889206616,-0.1733575775459091,2.5066883475823936,-3.481442950669736,-1.7891162364440152
49.0,257.0,1003.293212890625,-2.511312302261995,-3.083569319646928,0.7504702103665593,3.5753237880961786,-0.3448842970742337,3.075563547055764,-0.1733575787209637,2.506688351994539,-3.481442950432532,-1.7891165056944258
49.0,257.0,1003.293212890625,-2.5113126295385664,-3.083569319595586,0.7504702103665593,3.5753237880961786,-0.3448842970745884,3.0755635684400606,-0.1733575775505071,2.506688351994539,-3.481442950153355,-1.7891162363543784
49.0,257.0,1003.293212890625,-2.511312312367614,-3.083569319598132,0.7504702103665593,3.575323046518226,-0.3448842974384678,3.0755635899476146,-0.1733578652571713,2.506688351994539,-3.4814429127450897,-1.7891162394579043
49.0,258.0,1003.2930297851562,-2.5113098253976083,-3.0835693197671965,0.7504702103665593,3.5753245836388743,-0.3448842970689139,3.075563509525589,-0.1733575830753779,2.5066811104420768,-3.481442907410474,-1.7891162184802565
49.0,258.0,1003.2930908203124,-2.5113126295385664,-3.083569319761276,0.7504702103665593,3.5753237880961786,-0.3448842970858478,3.075561549230508,-0.1733575783733534,2.5066808223975907,-3.4814429504833453,-1.789116765338087
49.0,258.0,1003.2930908203124,-2.5113126490692306,-3.083569319761221,0.7504702103665593,3.5753237880961786,-0.3448842970742337,3.075561551699631,-0.1733575783747191,2.5066808440012807,-3.4814429506705,-1.7891162197553134
49.0,258.0,1003.2930908203124,-2.5113098253976083,-3.08356931976722,0.7504702103665593,3.575324590794464,-0.3448842973664789,3.0755635900755096,-0.1733575830753779,2.5066843300421366,-3.481442907410474,-1.7891165543232943
49.0,258.0,1003.2930908203124,-2.5113126490692306,-3.083569319762314,0.7504702103665593,3.5753237880961786,-0.3448842970742337,3.0755615467883506,-0.1733575783747191,2.5066808440012807,-3.4814429506693285,-1.7891162198210224
49.0,258.0,1003.2930908203124,-2.5113126490692306,-3.0835693197622622,0.7504702103665593,3.5753237880961786,-0.3448842970868316,3.075561494877244,-0.1733578716078794,2.5066808440012807,-3.4814429506705,-1.7891162368427609
49.0,258.0,1003.2930908203124,-2.5113126295385664,-3.083569319597795,0.7504702103665593,3.5753237880961786,-0.3448842970855137,3.0755615323475007,-0.1733575783733534,2.5066806660754617,-3.4814429504805813,-1.7891167719602856
49.0,258.0,1003.2930908203124,-2.511312641862188,-3.083569319761276,0.7504702103665593,3.575323074152716,-0.3448842975043947,3.075561356316795,-0.1733575783733534,2.506680953077512,-3.481442951207334,-1.7891167706297344
49.0,258.0,1003.2930908203124,-2.5113100191379822,-3.083569319773976,0.7504702103665593,3.575324590794464,-0.3448842973664789,3.0755635468687736,-0.1733575786905919,2.50668422981032,-3.481442907410474,-1.789116552852698
49.0,258.0,1003.2930908203124,-2.5113126490692306,-3.083569319762314,0.7504702103665593,3.5753237880961786,-0.3448842970742337,3.0755615467883506,-0.1733575783747191,2.5066808440012807,-3.4814429506693285,-1.7891162198210224
49.0,258.0,1003.2930908203124,-2.511312614012743,-3.083569319768334,0.7504702103665593,3.5753237880961786,-0.3448842970996205,3.075561549230508,-0.1733575783733534,2.5066808223975907,-3.4814429504833453,-1.789116765338087
49.0,258.0,1003.2930908203124,-2.511312323568242,-3.083569319761276,0.7504702103665593,3.5753237880961786,-0.3448842970858478,3.075561409675759,-0.1733575775505071,2.506680964513284,-3.4814429501692645,-1.7891161827291704
49.0,258.0,1003.2930908203124,-2.511312309957116,-3.0835693195980376,0.7504702103665593,3.575320669627001,-0.3448842974345987,3.075563590006037,-0.1733575793277519,2.506680802572686,-3.4814429133262554,-1.78911623925909
49.0,258.0,1003.2930908203124,-2.5113126295385664,-3.0835693197658545,0.7504702103665593,3.57532295944039,-0.3448842975037892,3.075561360435662,-0.1733575783733534,2.506680677769973,-3.481442951203798,-1.7891167719688623
49.0,258.0,1003.2930908203124,-2.5113126490692306,-3.083569319762195,0.7504702103665593,3.5753237880961786,-0.3448842970868316,3.075561494877244,-0.1733578716078794,2.5066808440012807,-3.4814429506705,-1.789116236861578
49.0,258.0,1003.2930908203124,-2.5113100191379822,-3.083569319773976,0.7504702103665593,3.5753237816556047,-0.3448842973664789,3.0755635468687736,-0.1733575786905919,2.50668422981032,-3.481442911267912,-1.7891165489696237
49.0,258.0,1003.2930908203124,-2.5113126490692306,-3.0835693197668608,0.7504702103665593,3.5753237880961786,-0.344884297365045,3.075561551699631,-0.1733575783747191,2.5066809493071407,-3.4814429096462383,-1.789116554929021
49.0,258.0,1003.2930908203124,-2.5113123029806874,-3.083569319761276,0.7504702103665593,3.5753237880961786,-0.3448842970740499,3.0755635711182454,-0.1733575775909022,2.506680964513284,-3.481442950149256,-1.7891161827291704
49.0,258.0,1003.2930908203124,-2.5113126490692306,-3.083569319762314,0.7504702103665593,3.5753237886290608,-0.3448842970742384,3.0755615467883506,-0.1733575793460919,2.5066808440012807,-3.4814429506693285,-1.7891162198210224
49.0,258.0,1003.2931518554688,-2.5113126295385664,-3.083569319761276,0.7504702103665593,3.5753237880961786,-0.3448842970858478,3.075561409675759,-0.1733575775505071,2.506680964513284,-3.4814429504772133,-1.7891167835894803
49.0,258.0,1003.2931518554688,-2.5113109537620977,-3.0835693197522165,0.7504702103665593,3.575320697136477,-0.344884297074448,3.0755636046197377,-0.1733575793286335,2.506688351994539,-3.481442903104288,-1.7891162393755822
49.0,258.0,1003.2931518554688,-2.5113126295385664,-3.0835693197623577,0.7504702103665593,3.575317043844381,-0.3448842973587174,3.075561413820138,-0.1733575775505071,2.50668841567732,-3.4814429506693663,-1.7891162364440152
49.0,258.0,1003.2931518554688,-2.51131094677411,-3.083569319761317,0.7504702103665593,3.575320697136477,-0.3448842970740041,3.0755636046197377,-0.1733575793286335,2.506688351994539,-3.481442903104288,-1.7891162105935652
49.0,258.0,1003.2931518554688,-2.5113126295385664,-3.083569319761277,0.7504702103665593,3.5753176264484945,-0.3448842973407418,3.075561413820138,-0.1733575784253344,2.506688420089466,-3.481442950166139,-1.7891162364440152
49.0,258.0,1003.2931518554688,-2.5113109566084573,-3.083569319586772,0.7504702103665593,3.575320697136477,-0.344884297074448,3.0755636046197377,-0.1733575793286335,2.506688351994539,-3.481442903104288,-1.7891162388671324
49.0,258.0,1003.2931518554688,-2.51131094677411,-3.083569319761317,0.7504702103665593,3.575320697136477,-0.3448842970740041,3.0755636046197377,-0.1733575793286335,2.506688351994539,-3.481442903104288,-1.7891162105935652
49.0,258.0,1003.2931518554688,-2.5113126295385664,-3.083569319761276,0.7504702103665593,3.5753237880961786,-0.3448842970858478,3.075561417502438,-0.1733575783733534,2.506680953077512,-3.481442950483545,-1.789116765338087
49.0,258.0,1003.2931518554688,-2.5113111806271675,-3.083569319598474,0.7504702103665593,3.5753237880961786,-0.3448842970742337,3.0755634889206616,-0.1733575786025825,2.506687243485593,-3.481442583090411,-1.7891162364440152
49.0,258.0,1003.2931518554688,-2.5113109804709475,-3.083569319761277,0.7504702103665593,3.5753207279546864,-0.3448842973407418,3.0755637134558507,-0.1733575793476846,2.506688352879592,-3.481442902688374,-1.7891162364373978
49.0,258.0,1003.2931518554688,-2.51131094677411,-3.0835693195971845,0.7504702103665593,3.575320697136477,-0.3448842897223139,3.0755636049007844,-0.1733575793286335,2.506688351994539,-3.4814428997118863,-1.7891162104835876
49.0,258.0,1003.2931518554688,-2.511312312078652,-3.083569319761221,0.7504702103665593,3.5753237880961786,-0.3448842970742337,3.07556137165432,-0.1733575784252972,2.5066883518892804,-3.481442950166124,-1.7891162364440152
49.0,258.0,1003.2931518554688,-2.5113098253976083,-3.08356931976722,0.7504702103665593,3.5753245836388743,-0.3448842973664789,3.0755635890797275,-0.1733575830753779,2.506688370630324,-3.481442907410474,-1.7891162720516336
49.0,258.0,1003.2931518554688,-2.5113126295385664,-3.0835693197623577,0.7504702103665593,3.575317043844381,-0.3448842973626144,3.075561474935845,-0.1733575774147161,2.506688352930184,-3.4814429506693663,-1.7891162364440152
49.0,258.0,1003.2931518554688,-2.5113109566084573,-3.083569319586772,0.7504702103665593,3.5753237712593395,-0.3448842970744498,3.0755615214799965,-0.1733575793844385,2.506688351994539,-3.481442950698083,-1.7891162200174655
49.0,258.0,1003.2931518554688,-2.511312309957116,-3.0835693195980376,0.7504702103665593,3.575322999856384,-0.3448842974384678,3.075563590006037,-0.1733575787731495,2.506680942106811,-3.4814429133262554,-1.7891162393749496
49.0,258.0,1003.2931518554688,-2.511310946485509,-3.083569319573824,0.7504702103665593,3.575320697136477,-0.344884297074448,3.0755636046197377,-0.1733575793286335,2.506688351994539,-3.481442903104288,-1.7891162388671324
49.0,258.0,1003.2931518554688,-2.5113126295385664,-3.0835693197623493,0.7504702103665593,3.5753237880961786,-0.3448842970858478,3.075561409675759,-0.1733575775505071,2.506680964513284,-3.481442950470401,-1.7891167835894803
49.0,258.0,1003.2931518554688,-2.5113126132809955,-3.083569319757742,0.7504702103665593,3.5753168640827053,-0.3448842973547181,3.0755634889206616,-0.1733575786025825,2.506687243485593,-3.481442583090411,-1.7891162364440152
49.0,258.0,1003.2931518554688,-2.5113123228495504,-3.083569319646928,0.7504702103665593,3.5753237880961786,-0.3448842970860316,3.0755613856132773,-0.1733575786805685,2.506688351994539,-3.48144295045254,-1.7891165056944258
49.0,258.0,1003.2931518554688,-2.5113109566084573,-3.083569319586772,0.7504702103665593,3.575323770726457,-0.3448842970744451,3.0755615214799965,-0.1733575784130658,2.506688351994539,-3.481442950698083,-1.7891162200174655
49.0,258.0,1003.2931518554688,-2.511309802333058,-3.083569319761277,0.7504702103665593,3.575320674061959,-0.3448842973400412,3.075563585688464,-0.1733575793476846,2.506688352879592,-3.481442902712208,-1.789116237176256
49.0,258.0,1003.2931518554688,-2.51131094677411,-3.0835693195971845,0.7504702103665593,3.5753166610193934,-0.3448842970964115,3.0755636049007844,-0.1733575793010892,2.506688351994539,-3.4814428997118863,-1.7891162104835876
49.0,258.0,1003.2931518554688,-2.5113126295385664,-3.083569319761276,0.7504702103665593,3.5753237640468294,-0.3448842970858478,3.075561409675759,-0.1733575786849507,2.506680964513284,-3.4814429504772133,-1.7891167835894803
49.0,258.0,1003.2931518554688,-2.511312303864873,-3.083569319761221,0.7504702103665593,3.5753237880961786,-0.3448842970858421,3.0755634889206616,-0.1733575775441488,2.5066806799370487,-3.4814429506920144,-1.7891162364440152
49.0,258.0,1003.2931518554688,-2.5113111968847384,-3.0835693196030904,0.7504702103665593,3.575323967857855,-0.34488429708213,3.075561474935845,-0.1733575774147161,2.506688352930184,-3.4814429506693663,-1.7891162364440152
49.0,258.0,1003.2931518554688,-2.511312641862188,-3.083569319593217,0.7504702103665593,3.5753239028085044,-0.3448842970861191,3.0755615282286337,-0.1733575783733534,2.506680941383001,-3.4814429504841176,-1.7891167706211577
49.0,258.0,1003.2931518554688,-2.51131094677411,-3.083569319573513,0.7504702103665593,3.575320697136477,-0.3448842897223139,3.0755637161434866,-0.1733575793281131,2.5066883528337267,-3.4814428997118863,-1.7891162104835876
49.0,258.0,1003.2931518554688,-2.5113126295385664,-3.083569319761276,0.7504702103665593,3.5753237880961786,-0.3448842970858478,3.075561417502438,-0.1733575783733534,2.506680953077512,-3.481442950483545,-1.789116765338087
49.0,258.0,1003.2931518554688,-2.5113126295385664,-3.0835693195977845,0.7504702103665593,3.5753237896383143,-0.3448842970855137,3.0755637497626256,-0.1733575783733534,2.5066809418016063,-3.4814429504805813,-1.7891167719602856
49.0,258.0,1003.2931518554688,-2.5113110035354977,-3.08356931976722,0.7504702103665593,3.5753246446871905,-0.3448842973671795,3.075563717842897,-0.1733575830753779,2.5066843300421366,-3.4814429073866404,-1.7891165535844364
49.0,259.0,1003.2930297851562,-2.5113098253976083,-3.0835693197671965,0.7504702103665593,3.5753245836388743,-0.3448842970689139,3.075563509525589,-0.1733575830753779,2.5066811104420768,-3.481442907410474,-1.7891162184802565
49.0,259.0,1003.2930297851562,-2.5113109566084573,-3.0835693197700595,0.7504702103665593,3.575323770726457,-0.3448842974978136,3.0755615214799965,-0.1733575784120949,2.5066807805877485,-3.481442950698083,-1.7891162200174655
49.0,259.0,1003.2930297851562,-2.5113098253976083,-3.0835693197671965,0.7504702103665593,3.57532382937981,-0.3448842970864141,3.0755614981680424,-0.1733575830753779,2.5066811104420768,-3.481442907410474,-1.7891162184802565
49.0,259.0,1003.2930297851562,-2.5113126505982986,-3.083569319761164,0.7504702103665593,3.575317482238954,-0.3448842970742337,3.0755615519698973,-0.1733575772984229,2.5066808440012807,-3.481442950670512,-1.7891162197553134
49.0,259.0,1003.2930908203124,-2.5113126295385664,-3.083569319761276,0.7504702103665593,3.5753237880961786,-0.3448842970858478,3.075561549230508,-0.1733575783733534,2.5066808223975907,-3.4814429504833453,-1.789116765338087
49.0,259.0,1003.2930908203124,-2.5113126490692306,-3.083569319761221,0.7504702103665593,3.5753237880961786,-0.3448842970742337,3.075561551699631,-0.1733575783747191,2.5066808440012807,-3.4814429506705,-1.7891162197553134
49.0,259.0,1003.2930908203124,-2.5113098253976083,-3.08356931976722,0.7504702103665593,3.575324590794464,-0.3448842973664789,3.0755635900755096,-0.1733575830753779,2.5066843300421366,-3.481442907410474,-1.7891165543232943
49.0,259.0,1003.2930908203124,-2.5113126490692306,-3.083569319762314,0.7504702103665593,3.5753237880961786,-0.3448842970742337,3.0755615467883506,-0.1733575783747191,2.5066808440012807,-3.4814429506693285,-1.7891162198210224
49.0,259.0,1003.2930908203124,-2.5113126490692306,-3.0835693197622622,0.7504702103665593,3.5753237880961786,-0.3448842970868316,3.075561494877244,-0.1733578716078794,2.5066808440012807,-3.4814429506705,-1.7891162368427609
49.0,259.0,1003.2930908203124,-2.5113126295385664,-3.083569319597795,0.7504702103665593,3.5753237880961786,-0.3448842970855137,3.0755615323475007,-0.1733575783733534,2.5066806660754617,-3.4814429504805813,-1.7891167719602856
49.0,259.0,1003.2930908203124,-2.511312641862188,-3.083569319761276,0.7504702103665593,3.575323074152716,-0.3448842975043947,3.075561356316795,-0.1733575783733534,2.506680953077512,-3.481442951207334,-1.7891167706297344
49.0,259.0,1003.2930908203124,-2.5113100191379822,-3.083569319773976,0.7504702103665593,3.575324590794464,-0.3448842973664789,3.0755635468687736,-0.1733575786905919,2.50668422981032,-3.481442907410474,-1.789116552852698
49.0,259.0,1003.2930908203124,-2.5113126490692306,-3.083569319762314,0.7504702103665593,3.5753237880961786,-0.3448842970742337,3.0755615467883506,-0.1733575783747191,2.5066808440012807,-3.4814429506693285,-1.7891162198210224
49.0,259.0,1003.2930908203124,-2.511312614012743,-3.083569319768334,0.7504702103665593,3.5753237880961786,-0.3448842970996205,3.075561549230508,-0.1733575783733534,2.5066808223975907,-3.4814429504833453,-1.789116765338087
49.0,259.0,1003.2930908203124,-2.511312323568242,-3.083569319761276,0.7504702103665593,3.5753237880961786,-0.3448842970858478,3.075561409675759,-0.1733575775505071,2.506680964513284,-3.4814429501692645,-1.7891161827291704
49.0,259.0,1003.2930908203124,-2.511312309957116,-3.0835693195980376,0.7504702103665593,3.575320669627001,-0.3448842974345987,3.075563590006037,-0.1733575793277519,2.506680802572686,-3.4814429133262554,-1.78911623925909
49.0,259.0,1003.2930908203124,-2.5113126295385664,-3.0835693197658545,0.7504702103665593,3.57532295944039,-0.3448842975037892,3.075561360435662,-0.1733575783733534,2.506680677769973,-3.481442951203798,-1.7891167719688623
49.0,259.0,1003.2930908203124,-2.5113126490692306,-3.083569319762195,0.7504702103665593,3.5753237880961786,-0.3448842970868316,3.075561494877244,-0.1733578716078794,2.5066808440012807,-3.4814429506705,-1.789116236861578
49.0,259.0,1003.2930908203124,-2.5113100191379822,-3.083569319773976,0.7504702103665593,3.5753237816556047,-0.3448842973664789,3.0755635468687736,-0.1733575786905919,2.50668422981032,-3.481442911267912,-1.7891165489696237
49.0,259.0,1003.2930908203124,-2.5113126490692306,-3.0835693197668608,0.7504702103665593,3.5753237880961786,-0.344884297365045,3.075561551699631,-0.1733575783747191,2.5066809493071407,-3.4814429096462383,-1.789116554929021
49.0,259.0,1003.2930908203124,-2.5113123029806874,-3.083569319761276,0.7504702103665593,3.5753237880961786,-0.3448842970740499,3.0755635711182454,-0.1733575775909022,2.506680964513284,-3.481442950149256,-1.7891161827291704
49.0,259.0,1003.2930908203124,-2.5113126490692306,-3.083569319762314,0.7504702103665593,3.5753237886290608,-0.3448842970742384,3.0755615467883506,-0.1733575793460919,2.5066808440012807,-3.4814429506693285,-1.7891162198210224
49.0,259.0,1003.2930908203124,-2.51131094677411,-3.083569319762052,0.7504702103665593,3.575320697136477,-0.3448842970740041,3.0755636046197377,-0.1733575793286335,2.506684131152044,-3.481442911256773,-1.7891165518735226
49.0,259.0,1003.2930908203124,-2.511312641862188,-3.083569319761276,0.7504702103665593,3.575323074152716,-0.3448842975043947,3.075561356316795,-0.1733575783733534,2.506680953077512,-3.481442951207334,-1.7891167706297344
49.0,259.0,1003.2930908203124,-2.511312312078652,-3.0835693197612404,0.7504702103665593,3.5753237880961786,-0.3448842970742337,3.07556137165432,-0.1733575784252972,2.5066811471031563,-3.481442950693581,-1.7891162364440152
49.0,259.0,1003.2930908203124,-2.511312318921973,-3.083569319760352,0.7504702103665593,3.575320949730787,-0.3448842974676714,3.075563509525589,-0.1733575831268504,2.506680768140288,-3.481442913109439,-1.7891162399398466
49.0,259.0,1003.2930908203124,-2.511312614012743,-3.083569319768334,0.7504702103665593,3.5753237880961786,-0.3448842970996205,3.075561549230508,-0.1733575783733534,2.5066808223975907,-3.4814429504833453,-1.789116765338087
49.0,259.0,1003.2930908203124,-2.5113126490692306,-3.083569319761483,0.7504702103665593,3.5753237880961786,-0.3448842970742337,3.075561551699631,-0.1733575783734522,2.5066808440012807,-3.4814429504857443,-1.7891162197553134
49.0,259.0,1003.2930908203124,-2.5113097754929807,-3.083569319767177,0.7504702103665593,3.5753237880961786,-0.3448842970858478,3.075561425208185,-0.1733575828298718,2.5066843406556054,-3.4814429504772133,-1.7891167835894803
49.0,259.0,1003.2930908203124,-2.5113126295385664,-3.083569319761276,0.7504702103665593,3.5753237880961786,-0.3448842970858478,3.075561549230508,-0.1733575783733534,2.5066808223975907,-3.4814429504833453,-1.789116765338087
49.0,259.0,1003.2930908203124,-2.511309802333058,-3.083569319761277,0.7504702103665593,3.575320674061959,-0.3448842973400412,3.075561685341446,-0.1733575793845496,2.506688352879592,-3.481442902712208,-1.789116237176256
49.0,259.0,1003.2930908203124,-2.5113098164327496,-3.083569319604882,0.7504702103665593,3.575324303535089,-0.3448842970358412,3.075563590006037,-0.1733575792762794,2.5066811448744746,-3.48144290762729,-1.7891162177994997
49.0,259.0,1003.2930908203124,-2.5113126295385664,-3.0835693197658545,0.7504702103665593,3.57532295944039,-0.3448842975037892,3.075561360435662,-0.1733575783733534,2.506680677769973,-3.481442951203798,-1.7891167719688623
49.0,259.0,1003.2930908203124,-2.511312641862188,-3.083569319761276,0.7504702103665593,3.575323074152716,-0.3448842975043947,3.075561356316795,-0.1733575783733534,2.506680953077512,-3.481442951207334,-1.7891167706297344
49.0,259.0,1003.2930908203124,-2.5113126490692306,-3.0835693197622622,0.7504702103665593,3.5753237880961786,-0.3448842970868316,3.075561494877244,-0.1733578716078794,2.5066808440012807,-3.4814429506705,-1.7891162368427609
49.0,259.0,1003.2931518554688,-2.5113126295385664,-3.083569319761276,0.7504702103665593,3.5753237880961786,-0.3448842970858478,3.075561409675759,-0.1733575775505071,2.506680964513284,-3.4814429504772133,-1.7891167835894803
49.0,259.0,1003.2931518554688,-2.5113109537620977,-3.0835693197522165,0.7504702103665593,3.575320697136477,-0.344884297074448,3.0755636046197377,-0.1733575793286335,2.506688351994539,-3.481442903104288,-1.7891162393755822
49.0,259.0,1003.2931518554688,-2.5113126295385664,-3.0835693197623577,0.7504702103665593,3.575317043844381,-0.3448842973587174,3.075561413820138,-0.1733575775505071,2.50668841567732,-3.4814429506693663,-1.7891162364440152
49.0,259.0,1003.2931518554688,-2.51131094677411,-3.083569319761317,0.7504702103665593,3.575320697136477,-0.3448842970740041,3.0755636046197377,-0.1733575793286335,2.506688351994539,-3.481442903104288,-1.7891162105935652
49.0,259.0,1003.2931518554688,-2.5113126295385664,-3.083569319761277,0.7504702103665593,3.5753176264484945,-0.3448842973407418,3.075561413820138,-0.1733575784253344,2.506688420089466,-3.481442950166139,-1.7891162364440152
49.0,259.0,1003.2931518554688,-2.5113109566084573,-3.083569319586772,0.7504702103665593,3.575320697136477,-0.344884297074448,3.0755636046197377,-0.1733575793286335,2.506688351994539,-3.481442903104288,-1.7891162388671324
49.0,259.0,1003.2931518554688,-2.51131094677411,-3.083569319761317,0.7504702103665593,3.575320697136477,-0.3448842970740041,3.0755636046197377,-0.1733575793286335,2.506688351994539,-3.481442903104288,-1.7891162105935652
49.0,259.0,1003.2931518554688,-2.5113126295385664,-3.083569319761276,0.7504702103665593,3.5753237880961786,-0.3448842970858478,3.075561417502438,-0.1733575783733534,2.506680953077512,-3.481442950483545,-1.789116765338087
49.0,259.0,1003.2931518554688,-2.5113111806271675,-3.083569319598474,0.7504702103665593,3.5753237880961786,-0.3448842970742337,3.0755634889206616,-0.1733575786025825,2.506687243485593,-3.481442583090411,-1.7891162364440152
49.0,259.0,1003.2931518554688,-2.5113109804709475,-3.083569319761277,0.7504702103665593,3.5753207279546864,-0.3448842973407418,3.0755637134558507,-0.1733575793476846,2.506688352879592,-3.481442902688374,-1.7891162364373978
49.0,259.0,1003.2931518554688,-2.51131094677411,-3.0835693195971845,0.7504702103665593,3.575320697136477,-0.3448842897223139,3.0755636049007844,-0.1733575793286335,2.506688351994539,-3.4814428997118863,-1.7891162104835876
49.0,259.0,1003.2931518554688,-2.511312312078652,-3.083569319761221,0.7504702103665593,3.5753237880961786,-0.3448842970742337,3.07556137165432,-0.1733575784252972,2.5066883518892804,-3.481442950166124,-1.7891162364440152
49.0,259.0,1003.2931518554688,-2.5113098253976083,-3.08356931976722,0.7504702103665593,3.5753245836388743,-0.3448842973664789,3.0755635890797275,-0.1733575830753779,2.506688370630324,-3.481442907410474,-1.7891162720516336
49.0,259.0,1003.2931518554688,-2.5113126295385664,-3.0835693197623577,0.7504702103665593,3.575317043844381,-0.3448842973626144,3.075561474935845,-0.1733575774147161,2.506688352930184,-3.4814429506693663,-1.7891162364440152
49.0,259.0,1003.2931518554688,-2.5113109566084573,-3.083569319586772,0.7504702103665593,3.5753237712593395,-0.3448842970744498,3.0755615214799965,-0.1733575793844385,2.506688351994539,-3.481442950698083,-1.7891162200174655
49.0,260.0,1003.2930297851562,-2.5113098253976083,-3.0835693197671965,0.7504702103665593,3.5753245836388743,-0.3448842970689139,3.075563509525589,-0.1733575830753779,2.5066811104420768,-3.481442907410474,-1.7891162184802565
49.0,260.0,1003.2930297851562,-2.5113109566084573,-3.0835693197700595,0.7504702103665593,3.575323770726457,-0.3448842974978136,3.0755615214799965,-0.1733575784120949,2.5066807805877485,-3.481442950698083,-1.7891162200174655
49.0,260.0,1003.2930297851562,-2.5113098253976083,-3.0835693197671965,0.7504702103665593,3.57532382937981,-0.3448842970864141,3.0755614981680424,-0.1733575830753779,2.5066811104420768,-3.481442907410474,-1.7891162184802565
49.0,260.0,1003.2930297851562,-2.5113126505982986,-3.083569319761164,0.7504702103665593,3.575317482238954,-0.3448842970742337,3.0755615519698973,-0.1733575772984229,2.5066808440012807,-3.481442950670512,-1.7891162197553134
49.0,260.0,1003.2930297851562,-2.5113098253976083,-3.083569319767196,0.7504702103665593,3.57532459090162,-0.3448842973429659,3.075563588910536,-0.1733575830753779,2.5066811104420768,-3.481442907410474,-1.7891162347501903
49.0,260.0,1003.2930297851562,-2.511312702580363,-3.083569319766939,0.7504702103665593,3.57531755559957,-0.3448842970864141,3.0755614981680424,-0.1733575830753779,2.5066808375957,-3.481442907410474,-1.7891162184802565
49.0,260.0,1003.2930297851562,-2.511309773415544,-3.0835693197614216,0.7504702103665593,3.575323756019195,-0.3448842970742337,3.0755615519698973,-0.1733575772984229,2.506681116847658,-3.481442950670512,-1.7891162197553134
49.0,260.0,1003.2930297851562,-2.5113098253976083,-3.0835693197670024,0.7504702103665593,3.575323834059592,-0.3448842974983211,3.075561522897582,-0.1733575830753779,2.5066811393444275,-3.481442898633964,-1.789116220093906
49.0,260.0,1003.2930908203124,-2.5113126295385664,-3.083569319761276,0.7504702103665593,3.5753237880961786,-0.3448842970858478,3.075561549230508,-0.1733575783733534,2.5066808223975907,-3.4814429504833453,-1.789116765338087
49.0,260.0,1003.2930908203124,-2.5113126490692306,-3.083569319761221,0.7504702103665593,3.5753237880961786,-0.3448842970742337,3.075561551699631,-0.1733575783747191,2.5066808440012807,-3.4814429506705,-1.7891162197553134
49.0,260.0,1003.2930908203124,-2.5113098253976083,-3.08356931976722,0.7504702103665593,3.575324590794464,-0.3448842973664789,3.0755635900755096,-0.1733575830753779,2.5066843300421366,-3.481442907410474,-1.7891165543232943
49.0,260.0,1003.2930908203124,-2.5113126490692306,-3.083569319762314,0.7504702103665593,3.5753237880961786,-0.3448842970742337,3.0755615467883506,-0.1733575783747191,2.5066808440012807,-3.4814429506693285,-1.7891162198210224
49.0,260.0,1003.2930908203124,-2.5113126490692306,-3.0835693197622622,0.7504702103665593,3.5753237880961786,-0.3448842970868316,3.075561494877244,-0.1733578716078794,2.5066808440012807,-3.4814429506705,-1.7891162368427609
49.0,260.0,1003.2930908203124,-2.5113126295385664,-3.083569319597795,0.7504702103665593,3.5753237880961786,-0.3448842970855137,3.0755615323475007,-0.1733575783733534,2.5066806660754617,-3.4814429504805813,-1.7891167719602856
49.0,260.0,1003.2930908203124,-2.511312641862188,-3.083569319761276,0.7504702103665593,3.575323074152716,-0.3448842975043947,3.075561356316795,-0.1733575783733534,2.506680953077512,-3.481442951207334,-1.7891167706297344
49.0,260.0,1003.2930908203124,-2.5113100191379822,-3.083569319773976,0.7504702103665593,3.575324590794464,-0.3448842973664789,3.0755635468687736,-0.1733575786905919,2.50668422981032,-3.481442907410474,-1.789116552852698
49.0,260.0,1003.2930908203124,-2.5113126490692306,-3.083569319762314,0.7504702103665593,3.5753237880961786,-0.3448842970742337,3.0755615467883506,-0.1733575783747191,2.5066808440012807,-3.4814429506693285,-1.7891162198210224
49.0,260.0,1003.2930908203124,-2.511312614012743,-3.083569319768334,0.7504702103665593,3.5753237880961786,-0.3448842970996205,3.075561549230508,-0.1733575783733534,2.5066808223975907,-3.4814429504833453,-1.789116765338087
49.0,260.0,1003.2930908203124,-2.511312323568242,-3.083569319761276,0.7504702103665593,3.5753237880961786,-0.3448842970858478,3.075561409675759,-0.1733575775505071,2.506680964513284,-3.4814429501692645,-1.7891161827291704
49.0,260.0,1003.2930908203124,-2.511312309957116,-3.0835693195980376,0.7504702103665593,3.575320669627001,-0.3448842974345987,3.075563590006037,-0.1733575793277519,2.506680802572686,-3.4814429133262554,-1.78911623925909
49.0,260.0,1003.2930908203124,-2.5113126295385664,-3.0835693197658545,0.7504702103665593,3.57532295944039,-0.3448842975037892,3.075561360435662,-0.1733575783733534,2.506680677769973,-3.481442951203798,-1.7891167719688623
49.0,260.0,1003.2930908203124,-2.5113126490692306,-3.083569319762195,0.7504702103665593,3.5753237880961786,-0.3448842970868316,3.075561494877244,-0.1733578716078794,2.5066808440012807,-3.4814429506705,-1.789116236861578
49.0,260.0,1003.2930908203124,-2.5113100191379822,-3.083569319773976,0.7504702103665593,3.5753237816556047,-0.3448842973664789,3.0755635468687736,-0.1733575786905919,2.50668422981032,-3.481442911267912,-1.7891165489696237
49.0,260.0,1003.2930908203124,-2.5113126490692306,-3.0835693197668608,0.7504702103665593,3.5753237880961786,-0.344884297365045,3.075561551699631,-0.1733575783747191,2.5066809493071407,-3.4814429096462383,-1.789116554929021
49.0,260.0,1003.2930908203124,-2.5113123029806874,-3.083569319761276,0.7504702103665593,3.5753237880961786,-0.3448842970740499,3.0755635711182454,-0.1733575775909022,2.506680964513284,-3.481442950149256,-1.7891161827291704
49.0,260.0,1003.2930908203124,-2.5113126490692306,-3.083569319762314,0.7504702103665593,3.5753237886290608,-0.3448842970742384,3.0755615467883506,-0.1733575793460919,2.5066808440012807,-3.4814429506693285,-1.7891162198210224
49.0,260.0,1003.2930908203124,-2.51131094677411,-3.083569319762052,0.7504702103665593,3.575320697136477,-0.3448842970740041,3.0755636046197377,-0.1733575793286335,2.506684131152044,-3.481442911256773,-1.7891165518735226
49.0,260.0,1003.2930908203124,-2.511312641862188,-3.083569319761276,0.7504702103665593,3.575323074152716,-0.3448842975043947,3.075561356316795,-0.1733575783733534,2.506680953077512,-3.481442951207334,-1.7891167706297344
49.0,260.0,1003.2930908203124,-2.511312312078652,-3.0835693197612404,0.7504702103665593,3.5753237880961786,-0.3448842970742337,3.07556137165432,-0.1733575784252972,2.5066811471031563,-3.481442950693581,-1.7891162364440152
49.0,260.0,1003.2930908203124,-2.511312318921973,-3.083569319760352,0.7504702103665593,3.575320949730787,-0.3448842974676714,3.075563509525589,-0.1733575831268504,2.506680768140288,-3.481442913109439,-1.7891162399398466
49.0,260.0,1003.2930908203124,-2.511312614012743,-3.083569319768334,0.7504702103665593,3.5753237880961786,-0.3448842970996205,3.075561549230508,-0.1733575783733534,2.5066808223975907,-3.4814429504833453,-1.789116765338087
49.0,260.0,1003.2930908203124,-2.5113126490692306,-3.083569319761483,0.7504702103665593,3.5753237880961786,-0.3448842970742337,3.075561551699631,-0.1733575783734522,2.5066808440012807,-3.4814429504857443,-1.7891162197553134
49.0,260.0,1003.2930908203124,-2.5113097754929807,-3.083569319767177,0.7504702103665593,3.5753237880961786,-0.3448842970858478,3.075561425208185,-0.1733575828298718,2.5066843406556054,-3.4814429504772133,-1.7891167835894803
49.0,260.0,1003.2930908203124,-2.5113126295385664,-3.083569319761276,0.7504702103665593,3.5753237880961786,-0.3448842970858478,3.075561549230508,-0.1733575783733534,2.5066808223975907,-3.4814429504833453,-1.789116765338087
49.0,260.0,1003.2930908203124,-2.511309802333058,-3.083569319761277,0.7504702103665593,3.575320674061959,-0.3448842973400412,3.075561685341446,-0.1733575793845496,2.506688352879592,-3.481442902712208,-1.789116237176256
49.0,260.0,1003.2930908203124,-2.5113098164327496,-3.083569319604882,0.7504702103665593,3.575324303535089,-0.3448842970358412,3.075563590006037,-0.1733575792762794,2.5066811448744746,-3.48144290762729,-1.7891162177994997
49.0,260.0,1003.2930908203124,-2.5113126295385664,-3.0835693197658545,0.7504702103665593,3.57532295944039,-0.3448842975037892,3.075561360435662,-0.1733575783733534,2.506680677769973,-3.481442951203798,-1.7891167719688623
49.0,260.0,1003.2930908203124,-2.511312641862188,-3.083569319761276,0.7504702103665593,3.575323074152716,-0.3448842975043947,3.075561356316795,-0.1733575783733534,2.506680953077512,-3.481442951207334,-1.7891167706297344
49.0,260.0,1003.2930908203124,-2.5113126490692306,-3.0835693197622622,0.7504702103665593,3.5753237880961786,-0.3448842970868316,3.075561494877244,-0.1733578716078794,2.5066808440012807,-3.4814429506705,-1.7891162368427609
49.0,260.0,1003.2930908203124,-2.5113126372733805,-3.083569319761276,0.7504702103665593,3.5753237880961786,-0.3448842970858478,3.075561409675759,-0.1733575775505071,2.506680964513284,-3.481442951222183,-1.7891161953458306
49.0,260.0,1003.2930908203124,-2.5113126295385664,-3.083569319765873,0.7504702103665593,3.575323802674557,-0.3448842975203253,3.0755613587265223,-0.1733575783733534,2.506680677477199,-3.481442951236977,-1.789116765338087
49.0,260.0,1003.2930908203124,-2.51131094677411,-3.083569319762052,0.7504702103665593,3.575320697136477,-0.3448842970740041,3.0755636046197377,-0.1733575793286335,2.506684131152044,-3.481442911256773,-1.7891165518735226
49.0,260.0,1003.2930908203124,-2.5113126295385664,-3.083569319761276,0.7504702103665593,3.5753237880961786,-0.3448842970858478,3.075561549038449,-0.1733575783734547,2.5066808223975907,-3.481442950485568,-1.789116773414166
49.0,260.0,1003.2930908203124,-2.51131094677411,-3.083569319762052,0.7504702103665593,3.575320697136477,-0.3448842970993792,3.0755616396957413,-0.1733575792839886,2.506684131152044,-3.481442911256773,-1.789116775433905
49.0,260.0,1003.2930908203124,-2.511312318921973,-3.0835693197612684,0.7504702103665593,3.575320949730787,-0.3448842974676714,3.075563490060337,-0.1733575831268504,2.506680957586032,-3.481442913109439,-1.7891162383183952
49.0,260.0,1003.2930908203124,-2.5113126289417864,-3.083569319761276,0.7504702103665593,3.5753237880961786,-0.3448842970853186,3.075561549230508,-0.1733575783733534,2.5066808435224828,-3.4814429506614863,-1.789116765338087
49.0,260.0,1003.2930908203124,-2.5113126295385664,-3.0835693197612573,0.7504702103665593,3.575322944862011,-0.3448842970693117,3.075561550939648,-0.1733575783733534,2.506680822690365,-3.4814429504501656,-1.7891167719688623
49.0,260.0,1003.2930908203124,-2.511309802333058,-3.083569319761277,0.7504702103665593,3.575320674061959,-0.3448842973400412,3.075561695801212,-0.1733575793845496,2.5066883316785025,-3.481442902712208,-1.789116237176256
49.0,260.0,1003.2930908203124,-2.5113126490692306,-3.083569319761483,0.7504702103665593,3.5753237880961786,-0.3448842970742337,3.07556155189169,-0.173357578373351,2.5066808440012807,-3.4814429504835216,-1.7891162116792343
49.0,260.0,1003.2930908203124,-2.511312641862188,-3.083569319761276,0.7504702103665593,3.575323074152716,-0.3448842975043947,3.075561356316795,-0.1733575783733534,2.506680953077512,-3.481442951207334,-1.7891167706297344
49.0,261.0,1003.29296875,-2.511309745358163,-3.083569319761939,0.7504702103665593,3.5753237880961786,-0.3448842970921196,3.075561409675759,-0.1733575775505071,2.506681110317712,-3.481442951222183,-1.7891161926860102
49.0,261.0,1003.29296875,-2.511309845453172,-3.083569319766939,0.7504702103665593,3.57531755559957,-0.3448842970864141,3.0755614981680424,-0.1733575830753779,2.5066808375957,-3.481442907410474,-1.7891162105552376
49.0,261.0,1003.2930297851562,-2.5113098253976083,-3.0835693197671965,0.7504702103665593,3.5753245836388743,-0.3448842970689139,3.075563509525589,-0.1733575830753779,2.5066811104420768,-3.481442907410474,-1.7891162184802565
49.0,261.0,1003.2930297851562,-2.5113109566084573,-3.0835693197700595,0.7504702103665593,3.575323770726457,-0.3448842974978136,3.0755615214799965,-0.1733575784120949,2.5066807805877485,-3.481442950698083,-1.7891162200174655
49.0,261.0,1003.2930297851562,-2.5113098253976083,-3.0835693197671965,0.7504702103665593,3.57532382937981,-0.3448842970864141,3.0755614981680424,-0.1733575830753779,2.5066811104420768,-3.481442907410474,-1.7891162184802565
49.0,261.0,1003.2930297851562,-2.5113126505982986,-3.083569319761164,0.7504702103665593,3.575317482238954,-0.3448842970742337,3.0755615519698973,-0.1733575772984229,2.5066808440012807,-3.481442950670512,-1.7891162197553134
49.0,261.0,1003.2930297851562,-2.5113098253976083,-3.083569319767196,0.7504702103665593,3.57532459090162,-0.3448842973429659,3.075563588910536,-0.1733575830753779,2.5066811104420768,-3.481442907410474,-1.7891162347501903
49.0,261.0,1003.2930297851562,-2.511312702580363,-3.083569319766939,0.7504702103665593,3.57531755559957,-0.3448842970864141,3.0755614981680424,-0.1733575830753779,2.5066808375957,-3.481442907410474,-1.7891162184802565
49.0,261.0,1003.2930297851562,-2.511309773415544,-3.0835693197614216,0.7504702103665593,3.575323756019195,-0.3448842970742337,3.0755615519698973,-0.1733575772984229,2.506681116847658,-3.481442950670512,-1.7891162197553134
49.0,261.0,1003.2930297851562,-2.5113098253976083,-3.0835693197670024,0.7504702103665593,3.575323834059592,-0.3448842974983211,3.075561522897582,-0.1733575830753779,2.5066811393444275,-3.481442898633964,-1.789116220093906
49.0,261.0,1003.2930297851562,-2.5113126505982986,-3.0835693197611658,0.7504702103665593,3.5753172359747447,-0.3448842970742337,3.0755615519698973,-0.1733575772984229,2.506680844068384,-3.4814429511923657,-1.7891162197553134
49.0,261.0,1003.2930297851562,-2.511309847975629,-3.0835693197671965,0.7504702103665593,3.575323827541393,-0.3448842970864141,3.0755614981680424,-0.1733575830753779,2.5066811104420768,-3.481442907410474,-1.7891162198238555
49.0,261.0,1003.2930297851562,-2.511312707022171,-3.083569319766939,0.7504702103665593,3.5753175217674347,-0.3448842970863837,3.0755614981680424,-0.1733575830642208,2.5066808376557166,-3.4814429502079856,-1.7891162184802565
49.0,261.0,1003.2930297851562,-2.5113109566084573,-3.08356931959495,0.7504702103665593,3.575323788335433,-0.3448842970947222,3.0755615321939227,-0.1733575783709139,2.506680785080997,-3.481442950698083,-1.7891162054655287
49.0,261.0,1003.2930297851562,-2.511309792798835,-3.0835693197623124,0.7504702103665593,3.575323834510409,-0.3448842970742337,3.0755615467883506,-0.1733575783747191,2.5066811307301067,-3.4814428985109886,-1.7891162198210224
49.0,261.0,1003.2930297851562,-2.5113109566084573,-3.0835693197700595,0.7504702103665593,3.575323770726457,-0.3448842974978136,3.0755615214799965,-0.1733575784120949,2.5066807805877485,-3.481442950698083,-1.7891162200174655
49.0,261.0,1003.2930908203124,-2.5113126295385664,-3.083569319761276,0.7504702103665593,3.5753237880961786,-0.3448842970858478,3.075561549230508,-0.1733575783733534,2.5066808223975907,-3.4814429504833453,-1.789116765338087
49.0,261.0,1003.2930908203124,-2.5113126490692306,-3.083569319761221,0.7504702103665593,3.5753237880961786,-0.3448842970742337,3.075561551699631,-0.1733575783747191,2.5066808440012807,-3.4814429506705,-1.7891162197553134
49.0,261.0,1003.2930908203124,-2.5113098253976083,-3.08356931976722,0.7504702103665593,3.575324590794464,-0.3448842973664789,3.0755635900755096,-0.1733575830753779,2.5066843300421366,-3.481442907410474,-1.7891165543232943
49.0,261.0,1003.2930908203124,-2.5113126490692306,-3.083569319762314,0.7504702103665593,3.5753237880961786,-0.3448842970742337,3.0755615467883506,-0.1733575783747191,2.5066808440012807,-3.4814429506693285,-1.7891162198210224
49.0,261.0,1003.2930908203124,-2.5113126490692306,-3.0835693197622622,0.7504702103665593,3.5753237880961786,-0.3448842970868316,3.075561494877244,-0.1733578716078794,2.5066808440012807,-3.4814429506705,-1.7891162368427609
49.0,261.0,1003.2930908203124,-2.5113126295385664,-3.083569319597795,0.7504702103665593,3.5753237880961786,-0.3448842970855137,3.0755615323475007,-0.1733575783733534,2.5066806660754617,-3.4814429504805813,-1.7891167719602856
49.0,261.0,1003.2930908203124,-2.511312641862188,-3.083569319761276,0.7504702103665593,3.575323074152716,-0.3448842975043947,3.075561356316795,-0.1733575783733534,2.506680953077512,-3.481442951207334,-1.7891167706297344
49.0,261.0,1003.2930908203124,-2.5113100191379822,-3.083569319773976,0.7504702103665593,3.575324590794464,-0.3448842973664789,3.0755635468687736,-0.1733575786905919,2.50668422981032,-3.481442907410474,-1.789116552852698
49.0,261.0,1003.2930908203124,-2.5113126490692306,-3.083569319762314,0.7504702103665593,3.5753237880961786,-0.3448842970742337,3.0755615467883506,-0.1733575783747191,2.5066808440012807,-3.4814429506693285,-1.7891162198210224
49.0,261.0,1003.2930908203124,-2.511312614012743,-3.083569319768334,0.7504702103665593,3.5753237880961786,-0.3448842970996205,3.075561549230508,-0.1733575783733534,2.5066808223975907,-3.4814429504833453,-1.789116765338087
49.0,261.0,1003.2930908203124,-2.511312323568242,-3.083569319761276,0.7504702103665593,3.5753237880961786,-0.3448842970858478,3.075561409675759,-0.1733575775505071,2.506680964513284,-3.4814429501692645,-1.7891161827291704
49.0,261.0,1003.2930908203124,-2.511312309957116,-3.0835693195980376,0.7504702103665593,3.575320669627001,-0.3448842974345987,3.075563590006037,-0.1733575793277519,2.506680802572686,-3.4814429133262554,-1.78911623925909
49.0,261.0,1003.2930908203124,-2.5113126295385664,-3.0835693197658545,0.7504702103665593,3.57532295944039,-0.3448842975037892,3.075561360435662,-0.1733575783733534,2.506680677769973,-3.481442951203798,-1.7891167719688623
49.0,261.0,1003.2930908203124,-2.5113126490692306,-3.083569319762195,0.7504702103665593,3.5753237880961786,-0.3448842970868316,3.075561494877244,-0.1733578716078794,2.5066808440012807,-3.4814429506705,-1.789116236861578
49.0,261.0,1003.2930908203124,-2.5113100191379822,-3.083569319773976,0.7504702103665593,3.5753237816556047,-0.3448842973664789,3.0755635468687736,-0.1733575786905919,2.50668422981032,-3.481442911267912,-1.7891165489696237
49.0,261.0,1003.2930908203124,-2.5113126490692306,-3.0835693197668608,0.7504702103665593,3.5753237880961786,-0.344884297365045,3.075561551699631,-0.1733575783747191,2.5066809493071407,-3.4814429096462383,-1.789116554929021
49.0,261.0,1003.2930908203124,-2.5113123029806874,-3.083569319761276,0.7504702103665593,3.5753237880961786,-0.3448842970740499,3.0755635711182454,-0.1733575775909022,2.506680964513284,-3.481442950149256,-1.7891161827291704
49.0,261.0,1003.2930908203124,-2.5113126490692306,-3.083569319762314,0.7504702103665593,3.5753237886290608,-0.3448842970742384,3.0755615467883506,-0.1733575793460919,2.5066808440012807,-3.4814429506693285,-1.7891162198210224
49.0,261.0,1003.2930908203124,-2.51131094677411,-3.083569319762052,0.7504702103665593,3.575320697136477,-0.3448842970740041,3.0755636046197377,-0.1733575793286335,2.506684131152044,-3.481442911256773,-1.7891165518735226
49.0,261.0,1003.2930908203124,-2.511312641862188,-3.083569319761276,0.7504702103665593,3.575323074152716,-0.3448842975043947,3.075561356316795,-0.1733575783733534,2.506680953077512,-3.481442951207334,-1.7891167706297344
49.0,261.0,1003.2930908203124,-2.511312312078652,-3.0835693197612404,0.7504702103665593,3.5753237880961786,-0.3448842970742337,3.07556137165432,-0.1733575784252972,2.5066811471031563,-3.481442950693581,-1.7891162364440152
49.0,261.0,1003.2930908203124,-2.511312318921973,-3.083569319760352,0.7504702103665593,3.575320949730787,-0.3448842974676714,3.075563509525589,-0.1733575831268504,2.506680768140288,-3.481442913109439,-1.7891162399398466
49.0,261.0,1003.2930908203124,-2.511312614012743,-3.083569319768334,0.7504702103665593,3.5753237880961786,-0.3448842970996205,3.075561549230508,-0.1733575783733534,2.5066808223975907,-3.4814429504833453,-1.789116765338087
49.0,261.0,1003.2930908203124,-2.5113126490692306,-3.083569319761483,0.7504702103665593,3.5753237880961786,-0.3448842970742337,3.075561551699631,-0.1733575783734522,2.5066808440012807,-3.4814429504857443,-1.7891162197553134
49.0,261.0,1003.2930908203124,-2.5113097754929807,-3.083569319767177,0.7504702103665593,3.5753237880961786,-0.3448842970858478,3.075561425208185,-0.1733575828298718,2.5066843406556054,-3.4814429504772133,-1.7891167835894803
49.0,261.0,1003.2930908203124,-2.5113126295385664,-3.083569319761276,0.7504702103665593,3.5753237880961786,-0.3448842970858478,3.075561549230508,-0.1733575783733534,2.5066808223975907,-3.4814429504833453,-1.789116765338087
49.0,261.0,1003.2930908203124,-2.511309802333058,-3.083569319761277,0.7504702103665593,3.575320674061959,-0.3448842973400412,3.075561685341446,-0.1733575793845496,2.506688352879592,-3.481442902712208,-1.789116237176256
49.0,261.0,1003.2930908203124,-2.5113098164327496,-3.083569319604882,0.7504702103665593,3.575324303535089,-0.3448842970358412,3.075563590006037,-0.1733575792762794,2.5066811448744746,-3.48144290762729,-1.7891162177994997
49.0,261.0,1003.2930908203124,-2.5113126295385664,-3.0835693197658545,0.7504702103665593,3.57532295944039,-0.3448842975037892,3.075561360435662,-0.1733575783733534,2.506680677769973,-3.481442951203798,-1.7891167719688623
49.0,261.0,1003.2930908203124,-2.511312641862188,-3.083569319761276,0.7504702103665593,3.575323074152716,-0.3448842975043947,3.075561356316795,-0.1733575783733534,2.506680953077512,-3.481442951207334,-1.7891167706297344
49.0,261.0,1003.2930908203124,-2.5113126490692306,-3.0835693197622622,0.7504702103665593,3.5753237880961786,-0.3448842970868316,3.075561494877244,-0.1733578716078794,2.5066808440012807,-3.4814429506705,-1.7891162368427609
49.0,261.0,1003.2930908203124,-2.5113126372733805,-3.083569319761276,0.7504702103665593,3.5753237880961786,-0.3448842970858478,3.075561409675759,-0.1733575775505071,2.506680964513284,-3.481442951222183,-1.7891161953458306
49.0,261.0,1003.2930908203124,-2.5113126295385664,-3.083569319765873,0.7504702103665593,3.575323802674557,-0.3448842975203253,3.0755613587265223,-0.1733575783733534,2.506680677477199,-3.481442951236977,-1.789116765338087
49.0,261.0,1003.2930908203124,-2.51131094677411,-3.083569319762052,0.7504702103665593,3.575320697136477,-0.3448842970740041,3.0755636046197377,-0.1733575793286335,2.506684131152044,-3.481442911256773,-1.7891165518735226
49.0,262.0,1003.29296875,-2.511309745358163,-3.083569319761939,0.7504702103665593,3.5753237880961786,-0.3448842970921196,3.075561409675759,-0.1733575775505071,2.506681110317712,-3.481442951222183,-1.7891161926860102
49.0,262.0,1003.29296875,-2.511309845453172,-3.083569319766939,0.7504702103665593,3.57531755559957,-0.3448842970864141,3.0755614981680424,-0.1733575830753779,2.5066808375957,-3.481442907410474,-1.7891162105552376
49.0,262.0,1003.29296875,-2.511309845453172,-3.083569319766939,0.7504702103665593,3.5753175994255173,-0.3448842973692142,3.0755614981680424,-0.1733575831787542,2.506680807249897,-3.4814429113096006,-1.7891165746877415
49.0,262.0,1003.29296875,-2.511309745358163,-3.083569319761982,0.7504702103665593,3.5753237880961786,-0.3448842970908279,3.075561372720124,-0.1733575775505071,2.5066811113126564,-3.481442951222183,-1.7891162366895694
49.0,262.0,1003.29296875,-2.511309680866412,-3.0835693197614225,0.7504702103665593,3.575323756248962,-0.3448842970742337,3.0755615517228265,-0.1733575772421677,2.506681116847658,-3.481442950494865,-1.7891162197553134
49.0,262.0,1003.2930297851562,-2.5113098253976083,-3.0835693197671965,0.7504702103665593,3.5753245836388743,-0.3448842970689139,3.075563509525589,-0.1733575830753779,2.5066811104420768,-3.481442907410474,-1.7891162184802565
49.0,262.0,1003.2930297851562,-2.5113109566084573,-3.0835693197700595,0.7504702103665593,3.575323770726457,-0.3448842974978136,3.0755615214799965,-0.1733575784120949,2.5066807805877485,-3.481442950698083,-1.7891162200174655
49.0,262.0,1003.2930297851562,-2.5113098253976083,-3.0835693197671965,0.7504702103665593,3.57532382937981,-0.3448842970864141,3.0755614981680424,-0.1733575830753779,2.5066811104420768,-3.481442907410474,-1.7891162184802565
49.0,262.0,1003.2930297851562,-2.5113126505982986,-3.083569319761164,0.7504702103665593,3.575317482238954,-0.3448842970742337,3.0755615519698973,-0.1733575772984229,2.5066808440012807,-3.481442950670512,-1.7891162197553134
49.0,262.0,1003.2930297851562,-2.5113098253976083,-3.083569319767196,0.7504702103665593,3.57532459090162,-0.3448842973429659,3.075563588910536,-0.1733575830753779,2.5066811104420768,-3.481442907410474,-1.7891162347501903
49.0,262.0,1003.2930297851562,-2.511312702580363,-3.083569319766939,0.7504702103665593,3.57531755559957,-0.3448842970864141,3.0755614981680424,-0.1733575830753779,2.5066808375957,-3.481442907410474,-1.7891162184802565
49.0,262.0,1003.2930297851562,-2.511309773415544,-3.0835693197614216,0.7504702103665593,3.575323756019195,-0.3448842970742337,3.0755615519698973,-0.1733575772984229,2.506681116847658,-3.481442950670512,-1.7891162197553134
49.0,262.0,1003.2930297851562,-2.5113098253976083,-3.0835693197670024,0.7504702103665593,3.575323834059592,-0.3448842974983211,3.075561522897582,-0.1733575830753779,2.5066811393444275,-3.481442898633964,-1.789116220093906
49.0,262.0,1003.2930297851562,-2.5113126505982986,-3.0835693197611658,0.7504702103665593,3.5753172359747447,-0.3448842970742337,3.0755615519698973,-0.1733575772984229,2.506680844068384,-3.4814429511923657,-1.7891162197553134
49.0,262.0,1003.2930297851562,-2.511309847975629,-3.0835693197671965,0.7504702103665593,3.575323827541393,-0.3448842970864141,3.0755614981680424,-0.1733575830753779,2.5066811104420768,-3.481442907410474,-1.7891162198238555
49.0,262.0,1003.2930297851562,-2.511312707022171,-3.083569319766939,0.7504702103665593,3.5753175217674347,-0.3448842970863837,3.0755614981680424,-0.1733575830642208,2.5066808376557166,-3.4814429502079856,-1.7891162184802565
49.0,262.0,1003.2930297851562,-2.5113109566084573,-3.08356931959495,0.7504702103665593,3.575323788335433,-0.3448842970947222,3.0755615321939227,-0.1733575783709139,2.506680785080997,-3.481442950698083,-1.7891162054655287
49.0,262.0,1003.2930297851562,-2.511309792798835,-3.0835693197623124,0.7504702103665593,3.575323834510409,-0.3448842970742337,3.0755615467883506,-0.1733575783747191,2.5066811307301067,-3.4814428985109886,-1.7891162198210224
49.0,262.0,1003.2930297851562,-2.5113109566084573,-3.0835693197700595,0.7504702103665593,3.575323770726457,-0.3448842974978136,3.0755615214799965,-0.1733575784120949,2.5066807805877485,-3.481442950698083,-1.7891162200174655
49.0,262.0,1003.2930297851562,-2.5113126505982986,-3.0835693197674647,0.7504702103665593,3.5753169191239658,-0.3448842970742337,3.0755615519698973,-0.1733575772984229,2.506680844068384,-3.48144295014026,-1.7891162349743408
49.0,262.0,1003.2930297851562,-2.5113100191379822,-3.083569319773976,0.7504702103665593,3.575323767619029,-0.3448842973635537,3.075561535979615,-0.1733575786905919,2.50668422981032,-3.481442907410474,-1.789116552852698
49.0,262.0,1003.2930297851562,-2.511310943807863,-3.08356931977042,0.7504702103665593,3.5753237862976204,-0.3448842970945336,3.0755615321939227,-0.1733575828826378,2.506680785080997,-3.481442950698083,-1.7891162054655287
49.0,262.0,1003.2930297851562,-2.511312707022171,-3.083569319766939,0.7504702103665593,3.5753175217674347,-0.3448842970863837,3.0755614981680424,-0.1733575830642208,2.5066808376557166,-3.4814429502079856,-1.7891162184802565
49.0,262.0,1003.2930297851562,-2.5113098253976083,-3.083569319760897,0.7504702103665593,3.575324907752399,-0.3448842973429659,3.075563588910536,-0.1733575830753779,2.5066811104420768,-3.48144290846258,-1.7891162195311634
49.0,262.0,1003.2930297851562,-2.5113098607762234,-3.083569319591727,0.7504702103665593,3.575323829579206,-0.3448842970866026,3.0755614981680424,-0.173357578563654,2.5066811104420768,-3.481442907410474,-1.7891162198238555
49.0,262.0,1003.2930297851562,-2.5113098253976083,-3.0835693197671965,0.7504702103665593,3.575323834377971,-0.3448842970864141,3.0755614981680424,-0.1733575830753779,2.5066811397377484,-3.481442898618666,-1.7891162184802565
49.0,262.0,1003.2930297851562,-2.5113126505979664,-3.0835693197621183,0.7504702103665593,3.5753177893601875,-0.3448842970742337,3.07556149557141,-0.1733575700824985,2.5066808440688795,-3.48144295120241,-1.7891162195203034
49.0,262.0,1003.2930297851562,-2.511309792798835,-3.0835693197623124,0.7504702103665593,3.575323834510409,-0.3448842970742337,3.0755615467883506,-0.1733575783747191,2.5066811307301067,-3.4814428985109886,-1.7891162198210224
49.0,262.0,1003.2930908203124,-2.5113126295385664,-3.083569319761276,0.7504702103665593,3.5753237880961786,-0.3448842970858478,3.075561549230508,-0.1733575783733534,2.5066808223975907,-3.4814429504833453,-1.789116765338087
49.0,262.0,1003.2930908203124,-2.5113126490692306,-3.083569319761221,0.7504702103665593,3.5753237880961786,-0.3448842970742337,3.075561551699631,-0.1733575783747191,2.5066808440012807,-3.4814429506705,-1.7891162197553134
49.0,262.0,1003.2930908203124,-2.5113098253976083,-3.08356931976722,0.7504702103665593,3.575324590794464,-0.3448842973664789,3.0755635900755096,-0.1733575830753779,2.5066843300421366,-3.481442907410474,-1.7891165543232943
49.0,262.0,1003.2930908203124,-2.5113126490692306,-3.083569319762314,0.7504702103665593,3.5753237880961786,-0.3448842970742337,3.0755615467883506,-0.1733575783747191,2.5066808440012807,-3.4814429506693285,-1.7891162198210224
49.0,262.0,1003.2930908203124,-2.5113126490692306,-3.0835693197622622,0.7504702103665593,3.5753237880961786,-0.3448842970868316,3.075561494877244,-0.1733578716078794,2.5066808440012807,-3.4814429506705,-1.7891162368427609
49.0,262.0,1003.2930908203124,-2.5113126295385664,-3.083569319597795,0.7504702103665593,3.5753237880961786,-0.3448842970855137,3.0755615323475007,-0.1733575783733534,2.5066806660754617,-3.4814429504805813,-1.7891167719602856
49.0,262.0,1003.2930908203124,-2.511312641862188,-3.083569319761276,0.7504702103665593,3.575323074152716,-0.3448842975043947,3.075561356316795,-0.1733575783733534,2.506680953077512,-3.481442951207334,-1.7891167706297344
49.0,262.0,1003.2930908203124,-2.5113100191379822,-3.083569319773976,0.7504702103665593,3.575324590794464,-0.3448842973664789,3.0755635468687736,-0.1733575786905919,2.50668422981032,-3.481442907410474,-1.789116552852698
49.0,262.0,1003.2930908203124,-2.5113126490692306,-3.083569319762314,0.7504702103665593,3.5753237880961786,-0.3448842970742337,3.0755615467883506,-0.1733575783747191,2.5066808440012807,-3.4814429506693285,-1.7891162198210224
49.0,262.0,1003.2930908203124,-2.511312614012743,-3.083569319768334,0.7504702103665593,3.5753237880961786,-0.3448842970996205,3.075561549230508,-0.1733575783733534,2.5066808223975907,-3.4814429504833453,-1.789116765338087
49.0,262.0,1003.2930908203124,-2.511312323568242,-3.083569319761276,0.7504702103665593,3.5753237880961786,-0.3448842970858478,3.075561409675759,-0.1733575775505071,2.506680964513284,-3.4814429501692645,-1.7891161827291704
49.0,262.0,1003.2930908203124,-2.511312309957116,-3.0835693195980376,0.7504702103665593,3.575320669627001,-0.3448842974345987,3.075563590006037,-0.1733575793277519,2.506680802572686,-3.4814429133262554,-1.78911623925909
49.0,262.0,1003.2930908203124,-2.5113126295385664,-3.0835693197658545,0.7504702103665593,3.57532295944039,-0.3448842975037892,3.075561360435662,-0.1733575783733534,2.506680677769973,-3.481442951203798,-1.7891167719688623
49.0,262.0,1003.2930908203124,-2.5113126490692306,-3.083569319762195,0.7504702103665593,3.5753237880961786,-0.3448842970868316,3.075561494877244,-0.1733578716078794,2.5066808440012807,-3.4814429506705,-1.789116236861578
49.0,262.0,1003.2930908203124,-2.5113100191379822,-3.083569319773976,0.7504702103665593,3.5753237816556047,-0.3448842973664789,3.0755635468687736,-0.1733575786905919,2.50668422981032,-3.481442911267912,-1.7891165489696237
49.0,262.0,1003.2930908203124,-2.5113126490692306,-3.0835693197668608,0.7504702103665593,3.5753237880961786,-0.344884297365045,3.075561551699631,-0.1733575783747191,2.5066809493071407,-3.4814429096462383,-1.789116554929021
49.0,262.0,1003.2930908203124,-2.5113123029806874,-3.083569319761276,0.7504702103665593,3.5753237880961786,-0.3448842970740499,3.0755635711182454,-0.1733575775909022,2.506680964513284,-3.481442950149256,-1.7891161827291704
49.0,262.0,1003.2930908203124,-2.5113126490692306,-3.083569319762314,0.7504702103665593,3.5753237886290608,-0.3448842970742384,3.0755615467883506,-0.1733575793460919,2.5066808440012807,-3.4814429506693285,-1.7891162198210224
49.0,262.0,1003.2930908203124,-2.51131094677411,-3.083569319762052,0.7504702103665593,3.575320697136477,-0.3448842970740041,3.0755636046197377,-0.1733575793286335,2.506684131152044,-3.481442911256773,-1.7891165518735226
49.0,262.0,1003.2930908203124,-2.511312641862188,-3.083569319761276,0.7504702103665593,3.575323074152716,-0.3448842975043947,3.075561356316795,-0.1733575783733534,2.506680953077512,-3.481442951207334,-1.7891167706297344
49.0,262.0,1003.2930908203124,-2.511312312078652,-3.0835693197612404,0.7504702103665593,3.5753237880961786,-0.3448842970742337,3.07556137165432,-0.1733575784252972,2.5066811471031563,-3.481442950693581,-1.7891162364440152
49.0,262.0,1003.2930908203124,-2.511312318921973,-3.083569319760352,0.7504702103665593,3.575320949730787,-0.3448842974676714,3.075563509525589,-0.1733575831268504,2.506680768140288,-3.481442913109439,-1.7891162399398466
49.0,263.0,1003.29296875,-2.511309745358163,-3.083569319761939,0.7504702103665593,3.5753237880961786,-0.3448842970921196,3.075561409675759,-0.1733575775505071,2.506681110317712,-3.481442951222183,-1.7891161926860102
49.0,263.0,1003.29296875,-2.511309845453172,-3.083569319766939,0.7504702103665593,3.57531755559957,-0.3448842970864141,3.0755614981680424,-0.1733575830753779,2.5066808375957,-3.481442907410474,-1.7891162105552376
49.0,263.0,1003.29296875,-2.511309845453172,-3.083569319766939,0.7504702103665593,3.5753175994255173,-0.3448842973692142,3.0755614981680424,-0.1733575831787542,2.506680807249897,-3.4814429113096006,-1.7891165746877415
49.0,263.0,1003.29296875,-2.511309745358163,-3.083569319761982,0.7504702103665593,3.5753237880961786,-0.3448842970908279,3.075561372720124,-0.1733575775505071,2.5066811113126564,-3.481442951222183,-1.7891162366895694
49.0,263.0,1003.29296875,-2.511309680866412,-3.0835693197614225,0.7504702103665593,3.575323756248962,-0.3448842970742337,3.0755615517228265,-0.1733575772421677,2.506681116847658,-3.481442950494865,-1.7891162197553134
49.0,263.0,1003.29296875,-2.511309821610187,-3.083569319761939,0.7504702103665593,3.5753237776240425,-0.3448842970921196,3.075561409675759,-0.1733575775505071,2.5066811103170603,-3.481442951222183,-1.7891161926860102
49.0,263.0,1003.29296875,-2.511309680866412,-3.0835693197614225,0.7504702103665593,3.5753238750492264,-0.3448842970742337,3.0755615554199576,-0.1733575772421677,2.5066811151845068,-3.4814429061598013,-1.7891162105373288
49.0,263.0,1003.29296875,-2.511309845453172,-3.083569319766939,0.7504702103665593,3.5753175994255173,-0.3448842973665232,3.0755614981680424,-0.1733575832069477,2.506680807249897,-3.481442911268937,-1.7891165746877415
49.0,263.0,1003.29296875,-2.51130969622428,-3.0835693195923204,0.7504702103665593,3.575323834377971,-0.3448842970863892,3.0755614981680424,-0.1733575830413236,2.5066811397377484,-3.4814429508629527,-1.7891162184802565
49.0,263.0,1003.29296875,-2.511309845453172,-3.083569319766939,0.7504702103665593,3.57531755559957,-0.3448842970864128,3.0755614981680424,-0.1733575830753779,2.5066808375957,-3.481442907410474,-1.7891162105552376
49.0,263.0,1003.29296875,-2.511309680866412,-3.0835693197614225,0.7504702103665593,3.575323756248962,-0.3448842970742337,3.0755615517228265,-0.1733575772421677,2.506681116847658,-3.481442950494865,-1.7891162197553134
49.0,263.0,1003.2930297851562,-2.5113098253976083,-3.0835693197671965,0.7504702103665593,3.5753245836388743,-0.3448842970689139,3.075563509525589,-0.1733575830753779,2.5066811104420768,-3.481442907410474,-1.7891162184802565
49.0,263.0,1003.2930297851562,-2.5113109566084573,-3.0835693197700595,0.7504702103665593,3.575323770726457,-0.3448842974978136,3.0755615214799965,-0.1733575784120949,2.5066807805877485,-3.481442950698083,-1.7891162200174655
49.0,263.0,1003.2930297851562,-2.5113098253976083,-3.0835693197671965,0.7504702103665593,3.57532382937981,-0.3448842970864141,3.0755614981680424,-0.1733575830753779,2.5066811104420768,-3.481442907410474,-1.7891162184802565
49.0,263.0,1003.2930297851562,-2.5113126505982986,-3.083569319761164,0.7504702103665593,3.575317482238954,-0.3448842970742337,3.0755615519698973,-0.1733575772984229,2.5066808440012807,-3.481442950670512,-1.7891162197553134
49.0,263.0,1003.2930297851562,-2.5113098253976083,-3.083569319767196,0.7504702103665593,3.57532459090162,-0.3448842973429659,3.075563588910536,-0.1733575830753779,2.5066811104420768,-3.481442907410474,-1.7891162347501903
49.0,263.0,1003.2930297851562,-2.511312702580363,-3.083569319766939,0.7504702103665593,3.57531755559957,-0.3448842970864141,3.0755614981680424,-0.1733575830753779,2.5066808375957,-3.481442907410474,-1.7891162184802565
49.0,263.0,1003.2930297851562,-2.511309773415544,-3.0835693197614216,0.7504702103665593,3.575323756019195,-0.3448842970742337,3.0755615519698973,-0.1733575772984229,2.506681116847658,-3.481442950670512,-1.7891162197553134
49.0,263.0,1003.2930297851562,-2.5113098253976083,-3.0835693197670024,0.7504702103665593,3.575323834059592,-0.3448842974983211,3.075561522897582,-0.1733575830753779,2.5066811393444275,-3.481442898633964,-1.789116220093906
49.0,263.0,1003.2930297851562,-2.5113126505982986,-3.0835693197611658,0.7504702103665593,3.5753172359747447,-0.3448842970742337,3.0755615519698973,-0.1733575772984229,2.506680844068384,-3.4814429511923657,-1.7891162197553134
49.0,263.0,1003.2930297851562,-2.511309847975629,-3.0835693197671965,0.7504702103665593,3.575323827541393,-0.3448842970864141,3.0755614981680424,-0.1733575830753779,2.5066811104420768,-3.481442907410474,-1.7891162198238555
49.0,263.0,1003.2930297851562,-2.511312707022171,-3.083569319766939,0.7504702103665593,3.5753175217674347,-0.3448842970863837,3.0755614981680424,-0.1733575830642208,2.5066808376557166,-3.4814429502079856,-1.7891162184802565
49.0,263.0,1003.2930297851562,-2.5113109566084573,-3.08356931959495,0.7504702103665593,3.575323788335433,-0.3448842970947222,3.0755615321939227,-0.1733575783709139,2.506680785080997,-3.481442950698083,-1.7891162054655287
49.0,263.0,1003.2930297851562,-2.511309792798835,-3.0835693197623124,0.7504702103665593,3.575323834510409,-0.3448842970742337,3.0755615467883506,-0.1733575783747191,2.5066811307301067,-3.4814428985109886,-1.7891162198210224
49.0,263.0,1003.2930297851562,-2.5113109566084573,-3.0835693197700595,0.7504702103665593,3.575323770726457,-0.3448842974978136,3.0755615214799965,-0.1733575784120949,2.5066807805877485,-3.481442950698083,-1.7891162200174655
49.0,263.0,1003.2930297851562,-2.5113126505982986,-3.0835693197674647,0.7504702103665593,3.5753169191239658,-0.3448842970742337,3.0755615519698973,-0.1733575772984229,2.506680844068384,-3.48144295014026,-1.7891162349743408
49.0,263.0,1003.2930297851562,-2.5113100191379822,-3.083569319773976,0.7504702103665593,3.575323767619029,-0.3448842973635537,3.075561535979615,-0.1733575786905919,2.50668422981032,-3.481442907410474,-1.789116552852698
49.0,263.0,1003.2930297851562,-2.511310943807863,-3.08356931977042,0.7504702103665593,3.5753237862976204,-0.3448842970945336,3.0755615321939227,-0.1733575828826378,2.506680785080997,-3.481442950698083,-1.7891162054655287
49.0,263.0,1003.2930297851562,-2.511312707022171,-3.083569319766939,0.7504702103665593,3.5753175217674347,-0.3448842970863837,3.0755614981680424,-0.1733575830642208,2.5066808376557166,-3.4814429502079856,-1.7891162184802565
49.0,263.0,1003.2930297851562,-2.5113098253976083,-3.083569319760897,0.7504702103665593,3.575324907752399,-0.3448842973429659,3.075563588910536,-0.1733575830753779,2.5066811104420768,-3.48144290846258,-1.7891162195311634
49.0,263.0,1003.2930297851562,-2.5113098607762234,-3.083569319591727,0.7504702103665593,3.575323829579206,-0.3448842970866026,3.0755614981680424,-0.173357578563654,2.5066811104420768,-3.481442907410474,-1.7891162198238555
49.0,263.0,1003.2930297851562,-2.5113098253976083,-3.0835693197671965,0.7504702103665593,3.575323834377971,-0.3448842970864141,3.0755614981680424,-0.1733575830753779,2.5066811397377484,-3.481442898618666,-1.7891162184802565
49.0,263.0,1003.2930297851562,-2.5113126505979664,-3.0835693197621183,0.7504702103665593,3.5753177893601875,-0.3448842970742337,3.07556149557141,-0.1733575700824985,2.5066808440688795,-3.48144295120241,-1.7891162195203034
49.0,263.0,1003.2930297851562,-2.511309792798835,-3.0835693197623124,0.7504702103665593,3.575323834510409,-0.3448842970742337,3.0755615467883506,-0.1733575783747191,2.5066811307301067,-3.4814428985109886,-1.7891162198210224
49.0,263.0,1003.2930297851562,-2.511309825670654,-3.083569319767299,0.7504702103665593,3.5753238345089007,-0.3448842970864141,3.0755614981680424,-0.1733575830753779,2.5066811397377484,-3.481442898622036,-1.7891162198929529
49.0,263.0,1003.2930297851562,-2.5113100191379822,-3.083569319773927,0.7504702103665593,3.5753237982899195,-0.3448842973440688,3.07556142347408,-0.1733575786905919,2.50668422981032,-3.481442950517305,-1.789116552852698
49.0,263.0,1003.2930297851562,-2.51131002788738,-3.083569319591727,0.7504702103665593,3.575323769676068,-0.3448842973778903,3.0755614985525046,-0.173357578563654,2.5066811104420768,-3.481442907410474,-1.7891162198238555
49.0,263.0,1003.2930297851562,-2.511309792525789,-3.08356931976221,0.7504702103665593,3.57532383437948,-0.3448842970742337,3.0755615467883506,-0.1733575783747191,2.5066811307301067,-3.48144289850762,-1.789116218408326
49.0,263.0,1003.2930297851562,-2.5113098607762234,-3.083569319591727,0.7504702103665593,3.575323829579206,-0.3448842970866026,3.0755614981680424,-0.173357578563654,2.5066811104420768,-3.481442907410474,-1.7891162198238555
49.0,263.0,1003.2930297851562,-2.5113126505982986,-3.0835693197674647,0.7504702103665593,3.5753168324833973,-0.3448842970742337,3.0755615519698973,-0.1733575772984229,2.5066808373376017,-3.48144295014026,-1.7891162194682575
49.0,263.0,1003.2930297851562,-2.511309745358163,-3.083569319762031,0.7504702103665593,3.5753245806007223,-0.3448842971132381,3.0755634961148184,-0.1733575775505071,2.5066811113126564,-3.481442908115352,-1.7891162366895694
49.0,263.0,1003.2930297851562,-2.5113097472112043,-3.0835693197620144,0.7504702103665593,3.57532459090162,-0.3448842973429659,3.075563635169108,-0.1733575771224837,2.5066811104466984,-3.4814429096019146,-1.7891162347501903
49.0,263.0,1003.2930297851562,-2.511309852026826,-3.083569319773976,0.7504702103665593,3.575323827522168,-0.3448842970722661,3.0755615355951527,-0.1733575786905919,2.50668422981032,-3.481442907410474,-1.789116552852698
49.0,263.0,1003.2930908203124,-2.5113126295385664,-3.083569319761276,0.7504702103665593,3.5753237880961786,-0.3448842970858478,3.075561549230508,-0.1733575783733534,2.5066808223975907,-3.4814429504833453,-1.789116765338087
49.0,263.0,1003.2930908203124,-2.5113126490692306,-3.083569319761221,0.7504702103665593,3.5753237880961786,-0.3448842970742337,3.075561551699631,-0.1733575783747191,2.5066808440012807,-3.4814429506705,-1.7891162197553134
49.0,263.0,1003.2930908203124,-2.5113098253976083,-3.08356931976722,0.7504702103665593,3.575324590794464,-0.3448842973664789,3.0755635900755096,-0.1733575830753779,2.5066843300421366,-3.481442907410474,-1.7891165543232943
49.0,263.0,1003.2930908203124,-2.5113126490692306,-3.083569319762314,0.7504702103665593,3.5753237880961786,-0.3448842970742337,3.0755615467883506,-0.1733575783747191,2.5066808440012807,-3.4814429506693285,-1.7891162198210224
49.0,263.0,1003.2930908203124,-2.5113126490692306,-3.0835693197622622,0.7504702103665593,3.5753237880961786,-0.3448842970868316,3.075561494877244,-0.1733578716078794,2.5066808440012807,-3.4814429506705,-1.7891162368427609
49.0,263.0,1003.2930908203124,-2.5113126295385664,-3.083569319597795,0.7504702103665593,3.5753237880961786,-0.3448842970855137,3.0755615323475007,-0.1733575783733534,2.5066806660754617,-3.4814429504805813,-1.7891167719602856
49.0,263.0,1003.2930908203124,-2.511312641862188,-3.083569319761276,0.7504702103665593,3.575323074152716,-0.3448842975043947,3.075561356316795,-0.1733575783733534,2.506680953077512,-3.481442951207334,-1.7891167706297344
49.0,264.0,1003.29296875,-2.511309745358163,-3.083569319761939,0.7504702103665593,3.5753237880961786,-0.3448842970921196,3.075561409675759,-0.1733575775505071,2.506681110317712,-3.481442951222183,-1.7891161926860102
49.0,264.0,1003.29296875,-2.511309845453172,-3.083569319766939,0.7504702103665593,3.57531755559957,-0.3448842970864141,3.0755614981680424,-0.1733575830753779,2.5066808375957,-3.481442907410474,-1.7891162105552376
49.0,264.0,1003.29296875,-2.511309845453172,-3.083569319766939,0.7504702103665593,3.5753175994255173,-0.3448842973692142,3.0755614981680424,-0.1733575831787542,2.506680807249897,-3.4814429113096006,-1.7891165746877415
49.0,264.0,1003.29296875,-2.511309745358163,-3.083569319761982,0.7504702103665593,3.5753237880961786,-0.3448842970908279,3.075561372720124,-0.1733575775505071,2.5066811113126564,-3.481442951222183,-1.7891162366895694
49.0,264.0,1003.29296875,-2.511309680866412,-3.0835693197614225,0.7504702103665593,3.575323756248962,-0.3448842970742337,3.0755615517228265,-0.1733575772421677,2.506681116847658,-3.481442950494865,-1.7891162197553134
49.0,264.0,1003.29296875,-2.511309821610187,-3.083569319761939,0.7504702103665593,3.5753237776240425,-0.3448842970921196,3.075561409675759,-0.1733575775505071,2.5066811103170603,-3.481442951222183,-1.7891161926860102
49.0,264.0,1003.29296875,-2.511309680866412,-3.0835693197614225,0.7504702103665593,3.5753238750492264,-0.3448842970742337,3.0755615554199576,-0.1733575772421677,2.5066811151845068,-3.4814429061598013,-1.7891162105373288
49.0,264.0,1003.29296875,-2.511309845453172,-3.083569319766939,0.7504702103665593,3.5753175994255173,-0.3448842973665232,3.0755614981680424,-0.1733575832069477,2.506680807249897,-3.481442911268937,-1.7891165746877415
49.0,264.0,1003.29296875,-2.51130969622428,-3.0835693195923204,0.7504702103665593,3.575323834377971,-0.3448842970863892,3.0755614981680424,-0.1733575830413236,2.5066811397377484,-3.4814429508629527,-1.7891162184802565
49.0,264.0,1003.29296875,-2.511309845453172,-3.083569319766939,0.7504702103665593,3.57531755559957,-0.3448842970864128,3.0755614981680424,-0.1733575830753779,2.5066808375957,-3.481442907410474,-1.7891162105552376
49.0,264.0,1003.29296875,-2.511309680866412,-3.0835693197614225,0.7504702103665593,3.575323756248962,-0.3448842970742337,3.0755615517228265,-0.1733575772421677,2.506681116847658,-3.481442950494865,-1.7891162197553134
49.0,264.0,1003.29296875,-2.511309845453172,-3.083569319766939,0.7504702103665593,3.5753175994255173,-0.3448842973692537,3.0755614981680424,-0.1733575832069477,2.506680807249897,-3.481442911307889,-1.7891165746877415
49.0,264.0,1003.29296875,-2.5113098479963245,-3.0835693197671965,0.7504702103665593,3.57531755559957,-0.3448842970864141,3.0755614981680424,-0.1733575830753779,2.5066808375957,-3.481442907410474,-1.789116219940718
49.0,264.0,1003.29296875,-2.51130969622428,-3.0835693195923204,0.7504702103665593,3.57532377400876,-0.3448842970735651,3.0755615582593507,-0.1733575774042505,2.506681120724073,-3.4814429508629527,-1.7891162184709724
49.0,264.0,1003.29296875,-2.511309845453172,-3.083569319766939,0.7504702103665593,3.57531755559957,-0.3448842970864141,3.0755614981680424,-0.1733575830753779,2.5066808375957,-3.481442907410474,-1.7891162105552376
49.0,264.0,1003.29296875,-2.511309708476578,-3.083569319761676,0.7504702103665593,3.5753238750492264,-0.3448842970742337,3.0755615554199576,-0.1733575772421677,2.5066811151845068,-3.4814429061598013,-1.7891162105373288
49.0,264.0,1003.29296875,-2.511309793963971,-3.083569319766939,0.7504702103665593,3.5753176667580644,-0.3448842970864128,3.0755614981680424,-0.1733575830753779,2.506680832467884,-3.481442907410474,-1.7891162105552376
49.0,264.0,1003.29296875,-2.51130974572224,-3.083569319760903,0.7504702103665593,3.5753237880961786,-0.3448842970921196,3.075561409675759,-0.1733575774340827,2.506681110441431,-3.481442911430696,-1.7891161926860102
49.0,264.0,1003.2930297851562,-2.5113098253976083,-3.0835693197671965,0.7504702103665593,3.5753245836388743,-0.3448842970689139,3.075563509525589,-0.1733575830753779,2.5066811104420768,-3.481442907410474,-1.7891162184802565
49.0,264.0,1003.2930297851562,-2.5113109566084573,-3.0835693197700595,0.7504702103665593,3.575323770726457,-0.3448842974978136,3.0755615214799965,-0.1733575784120949,2.5066807805877485,-3.481442950698083,-1.7891162200174655
49.0,264.0,1003.2930297851562,-2.5113098253976083,-3.0835693197671965,0.7504702103665593,3.57532382937981,-0.3448842970864141,3.0755614981680424,-0.1733575830753779,2.5066811104420768,-3.481442907410474,-1.7891162184802565
49.0,264.0,1003.2930297851562,-2.5113126505982986,-3.083569319761164,0.7504702103665593,3.575317482238954,-0.3448842970742337,3.0755615519698973,-0.1733575772984229,2.5066808440012807,-3.481442950670512,-1.7891162197553134
49.0,264.0,1003.2930297851562,-2.5113098253976083,-3.083569319767196,0.7504702103665593,3.57532459090162,-0.3448842973429659,3.075563588910536,-0.1733575830753779,2.5066811104420768,-3.481442907410474,-1.7891162347501903
49.0,264.0,1003.2930297851562,-2.511312702580363,-3.083569319766939,0.7504702103665593,3.57531755559957,-0.3448842970864141,3.0755614981680424,-0.1733575830753779,2.5066808375957,-3.481442907410474,-1.7891162184802565
49.0,264.0,1003.2930297851562,-2.511309773415544,-3.0835693197614216,0.7504702103665593,3.575323756019195,-0.3448842970742337,3.0755615519698973,-0.1733575772984229,2.506681116847658,-3.481442950670512,-1.7891162197553134
49.0,264.0,1003.2930297851562,-2.5113098253976083,-3.0835693197670024,0.7504702103665593,3.575323834059592,-0.3448842974983211,3.075561522897582,-0.1733575830753779,2.5066811393444275,-3.481442898633964,-1.789116220093906
49.0,264.0,1003.2930297851562,-2.5113126505982986,-3.0835693197611658,0.7504702103665593,3.5753172359747447,-0.3448842970742337,3.0755615519698973,-0.1733575772984229,2.506680844068384,-3.4814429511923657,-1.7891162197553134
49.0,264.0,1003.2930297851562,-2.511309847975629,-3.0835693197671965,0.7504702103665593,3.575323827541393,-0.3448842970864141,3.0755614981680424,-0.1733575830753779,2.5066811104420768,-3.481442907410474,-1.7891162198238555
49.0,264.0,1003.2930297851562,-2.511312707022171,-3.083569319766939,0.7504702103665593,3.5753175217674347,-0.3448842970863837,3.0755614981680424,-0.1733575830642208,2.5066808376557166,-3.4814429502079856,-1.7891162184802565
49.0,264.0,1003.2930297851562,-2.5113109566084573,-3.08356931959495,0.7504702103665593,3.575323788335433,-0.3448842970947222,3.0755615321939227,-0.1733575783709139,2.506680785080997,-3.481442950698083,-1.7891162054655287
49.0,264.0,1003.2930297851562,-2.511309792798835,-3.0835693197623124,0.7504702103665593,3.575323834510409,-0.3448842970742337,3.0755615467883506,-0.1733575783747191,2.5066811307301067,-3.4814428985109886,-1.7891162198210224
49.0,264.0,1003.2930297851562,-2.5113109566084573,-3.0835693197700595,0.7504702103665593,3.575323770726457,-0.3448842974978136,3.0755615214799965,-0.1733575784120949,2.5066807805877485,-3.481442950698083,-1.7891162200174655
49.0,264.0,1003.2930297851562,-2.5113126505982986,-3.0835693197674647,0.7504702103665593,3.5753169191239658,-0.3448842970742337,3.0755615519698973,-0.1733575772984229,2.506680844068384,-3.48144295014026,-1.7891162349743408
49.0,264.0,1003.2930297851562,-2.5113100191379822,-3.083569319773976,0.7504702103665593,3.575323767619029,-0.3448842973635537,3.075561535979615,-0.1733575786905919,2.50668422981032,-3.481442907410474,-1.789116552852698
49.0,264.0,1003.2930297851562,-2.511310943807863,-3.08356931977042,0.7504702103665593,3.5753237862976204,-0.3448842970945336,3.0755615321939227,-0.1733575828826378,2.506680785080997,-3.481442950698083,-1.7891162054655287
49.0,264.0,1003.2930297851562,-2.511312707022171,-3.083569319766939,0.7504702103665593,3.5753175217674347,-0.3448842970863837,3.0755614981680424,-0.1733575830642208,2.5066808376557166,-3.4814429502079856,-1.7891162184802565
49.0,264.0,1003.2930297851562,-2.5113098253976083,-3.083569319760897,0.7504702103665593,3.575324907752399,-0.3448842973429659,3.075563588910536,-0.1733575830753779,2.5066811104420768,-3.48144290846258,-1.7891162195311634
49.0,264.0,1003.2930297851562,-2.5113098607762234,-3.083569319591727,0.7504702103665593,3.575323829579206,-0.3448842970866026,3.0755614981680424,-0.173357578563654,2.5066811104420768,-3.481442907410474,-1.7891162198238555
49.0,264.0,1003.2930297851562,-2.5113098253976083,-3.0835693197671965,0.7504702103665593,3.575323834377971,-0.3448842970864141,3.0755614981680424,-0.1733575830753779,2.5066811397377484,-3.481442898618666,-1.7891162184802565
49.0,264.0,1003.2930297851562,-2.5113126505979664,-3.0835693197621183,0.7504702103665593,3.5753177893601875,-0.3448842970742337,3.07556149557141,-0.1733575700824985,2.5066808440688795,-3.48144295120241,-1.7891162195203034
49.0,264.0,1003.2930297851562,-2.511309792798835,-3.0835693197623124,0.7504702103665593,3.575323834510409,-0.3448842970742337,3.0755615467883506,-0.1733575783747191,2.5066811307301067,-3.4814428985109886,-1.7891162198210224
49.0,264.0,1003.2930297851562,-2.511309825670654,-3.083569319767299,0.7504702103665593,3.5753238345089007,-0.3448842970864141,3.0755614981680424,-0.1733575830753779,2.5066811397377484,-3.481442898622036,-1.7891162198929529
49.0,264.0,1003.2930297851562,-2.5113100191379822,-3.083569319773927,0.7504702103665593,3.5753237982899195,-0.3448842973440688,3.07556142347408,-0.1733575786905919,2.50668422981032,-3.481442950517305,-1.789116552852698
49.0,264.0,1003.2930297851562,-2.51131002788738,-3.083569319591727,0.7504702103665593,3.575323769676068,-0.3448842973778903,3.0755614985525046,-0.173357578563654,2.5066811104420768,-3.481442907410474,-1.7891162198238555
49.0,264.0,1003.2930297851562,-2.511309792525789,-3.08356931976221,0.7504702103665593,3.57532383437948,-0.3448842970742337,3.0755615467883506,-0.1733575783747191,2.5066811307301067,-3.48144289850762,-1.789116218408326
49.0,264.0,1003.2930297851562,-2.5113098607762234,-3.083569319591727,0.7504702103665593,3.575323829579206,-0.3448842970866026,3.0755614981680424,-0.173357578563654,2.5066811104420768,-3.481442907410474,-1.7891162198238555
49.0,264.0,1003.2930297851562,-2.5113126505982986,-3.0835693197674647,0.7504702103665593,3.5753168324833973,-0.3448842970742337,3.0755615519698973,-0.1733575772984229,2.5066808373376017,-3.48144295014026,-1.7891162194682575
49.0,264.0,1003.2930297851562,-2.511309745358163,-3.083569319762031,0.7504702103665593,3.5753245806007223,-0.3448842971132381,3.0755634961148184,-0.1733575775505071,2.5066811113126564,-3.481442908115352,-1.7891162366895694
49.0,264.0,1003.2930297851562,-2.5113097472112043,-3.0835693197620144,0.7504702103665593,3.57532459090162,-0.3448842973429659,3.075563635169108,-0.1733575771224837,2.5066811104466984,-3.4814429096019146,-1.7891162347501903
49.0,264.0,1003.2930297851562,-2.511309852026826,-3.083569319773976,0.7504702103665593,3.575323827522168,-0.3448842970722661,3.0755615355951527,-0.1733575786905919,2.50668422981032,-3.481442907410474,-1.789116552852698
49.0,265.0,1003.2879028320312,-2.5113098479963245,-3.0835693197671965,0.7474833240686893,3.5753175985455616,-0.3448842970977263,3.0755614981680424,-0.1733575830753779,2.5066808348473795,-3.481442907410474,-1.7891162134641228
49.0,265.0,1003.29296875,-2.511309745358163,-3.083569319761939,0.7504702103665593,3.5753237880961786,-0.3448842970921196,3.075561409675759,-0.1733575775505071,2.506681110317712,-3.481442951222183,-1.7891161926860102
49.0,265.0,1003.29296875,-2.511309845453172,-3.083569319766939,0.7504702103665593,3.57531755559957,-0.3448842970864141,3.0755614981680424,-0.1733575830753779,2.5066808375957,-3.481442907410474,-1.7891162105552376
49.0,265.0,1003.29296875,-2.511309845453172,-3.083569319766939,0.7504702103665593,3.5753175994255173,-0.3448842973692142,3.0755614981680424,-0.1733575831787542,2.506680807249897,-3.4814429113096006,-1.7891165746877415
49.0,265.0,1003.29296875,-2.511309745358163,-3.083569319761982,0.7504702103665593,3.5753237880961786,-0.3448842970908279,3.075561372720124,-0.1733575775505071,2.5066811113126564,-3.481442951222183,-1.7891162366895694
49.0,265.0,1003.29296875,-2.511309680866412,-3.0835693197614225,0.7504702103665593,3.575323756248962,-0.3448842970742337,3.0755615517228265,-0.1733575772421677,2.506681116847658,-3.481442950494865,-1.7891162197553134
49.0,265.0,1003.29296875,-2.511309821610187,-3.083569319761939,0.7504702103665593,3.5753237776240425,-0.3448842970921196,3.075561409675759,-0.1733575775505071,2.5066811103170603,-3.481442951222183,-1.7891161926860102
49.0,265.0,1003.29296875,-2.511309680866412,-3.0835693197614225,0.7504702103665593,3.5753238750492264,-0.3448842970742337,3.0755615554199576,-0.1733575772421677,2.5066811151845068,-3.4814429061598013,-1.7891162105373288
49.0,265.0,1003.29296875,-2.511309845453172,-3.083569319766939,0.7504702103665593,3.5753175994255173,-0.3448842973665232,3.0755614981680424,-0.1733575832069477,2.506680807249897,-3.481442911268937,-1.7891165746877415
49.0,265.0,1003.29296875,-2.51130969622428,-3.0835693195923204,0.7504702103665593,3.575323834377971,-0.3448842970863892,3.0755614981680424,-0.1733575830413236,2.5066811397377484,-3.4814429508629527,-1.7891162184802565
49.0,265.0,1003.29296875,-2.511309845453172,-3.083569319766939,0.7504702103665593,3.57531755559957,-0.3448842970864128,3.0755614981680424,-0.1733575830753779,2.5066808375957,-3.481442907410474,-1.7891162105552376
49.0,265.0,1003.29296875,-2.511309680866412,-3.0835693197614225,0.7504702103665593,3.575323756248962,-0.3448842970742337,3.0755615517228265,-0.1733575772421677,2.506681116847658,-3.481442950494865,-1.7891162197553134
49.0,265.0,1003.29296875,-2.511309845453172,-3.083569319766939,0.7504702103665593,3.5753175994255173,-0.3448842973692537,3.0755614981680424,-0.1733575832069477,2.506680807249897,-3.481442911307889,-1.7891165746877415
49.0,265.0,1003.29296875,-2.5113098479963245,-3.0835693197671965,0.7504702103665593,3.57531755559957,-0.3448842970864141,3.0755614981680424,-0.1733575830753779,2.5066808375957,-3.481442907410474,-1.789116219940718
49.0,265.0,1003.29296875,-2.51130969622428,-3.0835693195923204,0.7504702103665593,3.57532377400876,-0.3448842970735651,3.0755615582593507,-0.1733575774042505,2.506681120724073,-3.4814429508629527,-1.7891162184709724
49.0,265.0,1003.29296875,-2.511309845453172,-3.083569319766939,0.7504702103665593,3.57531755559957,-0.3448842970864141,3.0755614981680424,-0.1733575830753779,2.5066808375957,-3.481442907410474,-1.7891162105552376
49.0,265.0,1003.29296875,-2.511309708476578,-3.083569319761676,0.7504702103665593,3.5753238750492264,-0.3448842970742337,3.0755615554199576,-0.1733575772421677,2.5066811151845068,-3.4814429061598013,-1.7891162105373288
49.0,265.0,1003.29296875,-2.511309793963971,-3.083569319766939,0.7504702103665593,3.5753176667580644,-0.3448842970864128,3.0755614981680424,-0.1733575830753779,2.506680832467884,-3.481442907410474,-1.7891162105552376
49.0,265.0,1003.29296875,-2.51130974572224,-3.083569319760903,0.7504702103665593,3.5753237880961786,-0.3448842970921196,3.075561409675759,-0.1733575774340827,2.506681110441431,-3.481442911430696,-1.7891161926860102
49.0,265.0,1003.29296875,-2.511309680866412,-3.083569319769756,0.7504702103665593,3.5753237635361024,-0.3448842970627897,3.07556155554053,-0.1733575772421677,2.506681131824998,-3.4814429057501424,-1.78911622018206
49.0,265.0,1003.29296875,-2.511309698469767,-3.0835693195923204,0.7504702103665593,3.57532377400876,-0.3448842970735651,3.0755615582593507,-0.1733575783328134,2.506681120724073,-3.4814429508629527,-1.7891162184709724
49.0,265.0,1003.29296875,-2.511309751045009,-3.083569319761982,0.7504702103665593,3.575323790949753,-0.3448842970864201,3.075561371256285,-0.1733575831427586,2.5066811113126564,-3.481442951222183,-1.789116236006068
49.0,265.0,1003.29296875,-2.511309845453172,-3.083569319766939,0.7504702103665593,3.57531755559957,-0.3448842973539885,3.0755614981680424,-0.1733575831805011,2.5066808076013976,-3.48144291145162,-1.7891165321324825
49.0,265.0,1003.29296875,-2.5113098479963245,-3.083569319767188,0.7504702103665593,3.575317520636737,-0.3448842970864141,3.0755614981680424,-0.1733575830753779,2.5066808375946894,-3.4814429500284176,-1.789116219940718
49.0,265.0,1003.29296875,-2.5113097031655696,-3.08356931976162,0.7504702103665593,3.5753238345089007,-0.3448842970864141,3.0755614981680424,-0.1733575771529769,2.5066811406174208,-3.481442898622036,-1.7891162198929529
49.0,265.0,1003.29296875,-2.511309690537434,-3.0835693195923204,0.7504702103665593,3.575323831524397,-0.344884297090797,3.075561499631881,-0.1733575774490721,2.5066811397377484,-3.4814429508629527,-1.7891162191637575
49.0,265.0,1003.29296875,-2.5113097447603487,-3.083569319761939,0.7504702103665593,3.5753237880961786,-0.3448842970863918,3.075561498384922,-0.1733575775505071,2.506681107799761,-3.481442907560904,-1.78911619298464
49.0,265.0,1003.29296875,-2.511309974695043,-3.083569319761164,0.7504702103665593,3.575317482327061,-0.3448842970742337,3.075561497431371,-0.1733575772984229,2.5066808440012807,-3.481442910312547,-1.7891162141191963
49.0,265.0,1003.29296875,-2.51130984543393,-3.083569319604454,0.7504702103665593,3.57531755559957,-0.3448842970864141,3.0755614981680424,-0.1733575830753779,2.5066808361117325,-3.481442907410474,-1.7891162105552376
49.0,265.0,1003.29296875,-2.511309744719365,-3.083569319761939,0.7504702103665593,3.5753237880961786,-0.3448842970921196,3.075561409675759,-0.1733575775505071,2.506681110317712,-3.481442950709276,-1.7891161926499488
49.0,265.0,1003.2930297851562,-2.5113098253976083,-3.0835693197671965,0.7504702103665593,3.5753245836388743,-0.3448842970689139,3.075563509525589,-0.1733575830753779,2.5066811104420768,-3.481442907410474,-1.7891162184802565
49.0,265.0,1003.2930297851562,-2.5113109566084573,-3.0835693197700595,0.7504702103665593,3.575323770726457,-0.3448842974978136,3.0755615214799965,-0.1733575784120949,2.5066807805877485,-3.481442950698083,-1.7891162200174655
49.0,265.0,1003.2930297851562,-2.5113098253976083,-3.0835693197671965,0.7504702103665593,3.57532382937981,-0.3448842970864141,3.0755614981680424,-0.1733575830753779,2.5066811104420768,-3.481442907410474,-1.7891162184802565
49.0,265.0,1003.2930297851562,-2.5113126505982986,-3.083569319761164,0.7504702103665593,3.575317482238954,-0.3448842970742337,3.0755615519698973,-0.1733575772984229,2.5066808440012807,-3.481442950670512,-1.7891162197553134
49.0,265.0,1003.2930297851562,-2.5113098253976083,-3.083569319767196,0.7504702103665593,3.57532459090162,-0.3448842973429659,3.075563588910536,-0.1733575830753779,2.5066811104420768,-3.481442907410474,-1.7891162347501903
49.0,265.0,1003.2930297851562,-2.511312702580363,-3.083569319766939,0.7504702103665593,3.57531755559957,-0.3448842970864141,3.0755614981680424,-0.1733575830753779,2.5066808375957,-3.481442907410474,-1.7891162184802565
49.0,265.0,1003.2930297851562,-2.511309773415544,-3.0835693197614216,0.7504702103665593,3.575323756019195,-0.3448842970742337,3.0755615519698973,-0.1733575772984229,2.506681116847658,-3.481442950670512,-1.7891162197553134
49.0,265.0,1003.2930297851562,-2.5113098253976083,-3.0835693197670024,0.7504702103665593,3.575323834059592,-0.3448842974983211,3.075561522897582,-0.1733575830753779,2.5066811393444275,-3.481442898633964,-1.789116220093906
49.0,265.0,1003.2930297851562,-2.5113126505982986,-3.0835693197611658,0.7504702103665593,3.5753172359747447,-0.3448842970742337,3.0755615519698973,-0.1733575772984229,2.506680844068384,-3.4814429511923657,-1.7891162197553134
49.0,265.0,1003.2930297851562,-2.511309847975629,-3.0835693197671965,0.7504702103665593,3.575323827541393,-0.3448842970864141,3.0755614981680424,-0.1733575830753779,2.5066811104420768,-3.481442907410474,-1.7891162198238555
49.0,265.0,1003.2930297851562,-2.511312707022171,-3.083569319766939,0.7504702103665593,3.5753175217674347,-0.3448842970863837,3.0755614981680424,-0.1733575830642208,2.5066808376557166,-3.4814429502079856,-1.7891162184802565
49.0,265.0,1003.2930297851562,-2.5113109566084573,-3.08356931959495,0.7504702103665593,3.575323788335433,-0.3448842970947222,3.0755615321939227,-0.1733575783709139,2.506680785080997,-3.481442950698083,-1.7891162054655287
49.0,265.0,1003.2930297851562,-2.511309792798835,-3.0835693197623124,0.7504702103665593,3.575323834510409,-0.3448842970742337,3.0755615467883506,-0.1733575783747191,2.5066811307301067,-3.4814428985109886,-1.7891162198210224
49.0,265.0,1003.2930297851562,-2.5113109566084573,-3.0835693197700595,0.7504702103665593,3.575323770726457,-0.3448842974978136,3.0755615214799965,-0.1733575784120949,2.5066807805877485,-3.481442950698083,-1.7891162200174655
49.0,265.0,1003.2930297851562,-2.5113126505982986,-3.0835693197674647,0.7504702103665593,3.5753169191239658,-0.3448842970742337,3.0755615519698973,-0.1733575772984229,2.506680844068384,-3.48144295014026,-1.7891162349743408
49.0,265.0,1003.2930297851562,-2.5113100191379822,-3.083569319773976,0.7504702103665593,3.575323767619029,-0.3448842973635537,3.075561535979615,-0.1733575786905919,2.50668422981032,-3.481442907410474,-1.789116552852698
49.0,265.0,1003.2930297851562,-2.511310943807863,-3.08356931977042,0.7504702103665593,3.5753237862976204,-0.3448842970945336,3.0755615321939227,-0.1733575828826378,2.506680785080997,-3.481442950698083,-1.7891162054655287
49.0,265.0,1003.2930297851562,-2.511312707022171,-3.083569319766939,0.7504702103665593,3.5753175217674347,-0.3448842970863837,3.0755614981680424,-0.1733575830642208,2.5066808376557166,-3.4814429502079856,-1.7891162184802565
49.0,265.0,1003.2930297851562,-2.5113098253976083,-3.083569319760897,0.7504702103665593,3.575324907752399,-0.3448842973429659,3.075563588910536,-0.1733575830753779,2.5066811104420768,-3.48144290846258,-1.7891162195311634
49.0,265.0,1003.2930297851562,-2.5113098607762234,-3.083569319591727,0.7504702103665593,3.575323829579206,-0.3448842970866026,3.0755614981680424,-0.173357578563654,2.5066811104420768,-3.481442907410474,-1.7891162198238555
49.0,266.0,1003.2879028320312,-2.5113098479963245,-3.0835693197671965,0.7474833240686893,3.5753175985455616,-0.3448842970977263,3.0755614981680424,-0.1733575830753779,2.5066808348473795,-3.481442907410474,-1.7891162134641228
49.0,266.0,1003.2879028320312,-2.5113098479963245,-3.0835693197671965,0.7474833240686893,3.5753175985455616,-0.3448842970977263,3.0755614981680424,-0.1733575830753779,2.5066808348473795,-3.481442907410474,-1.7891162134641228
49.0,266.0,1003.2919311523438,-2.511309845453172,-3.083569319766939,0.7505761627235981,3.575317598494553,-0.3448842970864232,3.0755614981680424,-0.1733575830753779,2.5066808375957,-3.481442907410474,-1.7891162104059135
49.0,266.0,1003.29296875,-2.511309745358163,-3.083569319761939,0.7504702103665593,3.5753237880961786,-0.3448842970921196,3.075561409675759,-0.1733575775505071,2.506681110317712,-3.481442951222183,-1.7891161926860102
49.0,266.0,1003.29296875,-2.511309845453172,-3.083569319766939,0.7504702103665593,3.57531755559957,-0.3448842970864141,3.0755614981680424,-0.1733575830753779,2.5066808375957,-3.481442907410474,-1.7891162105552376
49.0,266.0,1003.29296875,-2.511309845453172,-3.083569319766939,0.7504702103665593,3.5753175994255173,-0.3448842973692142,3.0755614981680424,-0.1733575831787542,2.506680807249897,-3.4814429113096006,-1.7891165746877415
49.0,266.0,1003.29296875,-2.511309745358163,-3.083569319761982,0.7504702103665593,3.5753237880961786,-0.3448842970908279,3.075561372720124,-0.1733575775505071,2.5066811113126564,-3.481442951222183,-1.7891162366895694
49.0,266.0,1003.29296875,-2.511309680866412,-3.0835693197614225,0.7504702103665593,3.575323756248962,-0.3448842970742337,3.0755615517228265,-0.1733575772421677,2.506681116847658,-3.481442950494865,-1.7891162197553134
49.0,266.0,1003.29296875,-2.511309821610187,-3.083569319761939,0.7504702103665593,3.5753237776240425,-0.3448842970921196,3.075561409675759,-0.1733575775505071,2.5066811103170603,-3.481442951222183,-1.7891161926860102
49.0,266.0,1003.29296875,-2.511309680866412,-3.0835693197614225,0.7504702103665593,3.5753238750492264,-0.3448842970742337,3.0755615554199576,-0.1733575772421677,2.5066811151845068,-3.4814429061598013,-1.7891162105373288
49.0,266.0,1003.29296875,-2.511309845453172,-3.083569319766939,0.7504702103665593,3.5753175994255173,-0.3448842973665232,3.0755614981680424,-0.1733575832069477,2.506680807249897,-3.481442911268937,-1.7891165746877415
49.0,266.0,1003.29296875,-2.51130969622428,-3.0835693195923204,0.7504702103665593,3.575323834377971,-0.3448842970863892,3.0755614981680424,-0.1733575830413236,2.5066811397377484,-3.4814429508629527,-1.7891162184802565
49.0,266.0,1003.29296875,-2.511309845453172,-3.083569319766939,0.7504702103665593,3.57531755559957,-0.3448842970864128,3.0755614981680424,-0.1733575830753779,2.5066808375957,-3.481442907410474,-1.7891162105552376
49.0,266.0,1003.29296875,-2.511309680866412,-3.0835693197614225,0.7504702103665593,3.575323756248962,-0.3448842970742337,3.0755615517228265,-0.1733575772421677,2.506681116847658,-3.481442950494865,-1.7891162197553134
49.0,266.0,1003.29296875,-2.511309845453172,-3.083569319766939,0.7504702103665593,3.5753175994255173,-0.3448842973692537,3.0755614981680424,-0.1733575832069477,2.506680807249897,-3.481442911307889,-1.7891165746877415
49.0,266.0,1003.29296875,-2.5113098479963245,-3.0835693197671965,0.7504702103665593,3.57531755559957,-0.3448842970864141,3.0755614981680424,-0.1733575830753779,2.5066808375957,-3.481442907410474,-1.789116219940718
49.0,266.0,1003.29296875,-2.51130969622428,-3.0835693195923204,0.7504702103665593,3.57532377400876,-0.3448842970735651,3.0755615582593507,-0.1733575774042505,2.506681120724073,-3.4814429508629527,-1.7891162184709724
49.0,266.0,1003.29296875,-2.511309845453172,-3.083569319766939,0.7504702103665593,3.57531755559957,-0.3448842970864141,3.0755614981680424,-0.1733575830753779,2.5066808375957,-3.481442907410474,-1.7891162105552376
49.0,266.0,1003.29296875,-2.511309708476578,-3.083569319761676,0.7504702103665593,3.5753238750492264,-0.3448842970742337,3.0755615554199576,-0.1733575772421677,2.5066811151845068,-3.4814429061598013,-1.7891162105373288
49.0,266.0,1003.29296875,-2.511309793963971,-3.083569319766939,0.7504702103665593,3.5753176667580644,-0.3448842970864128,3.0755614981680424,-0.1733575830753779,2.506680832467884,-3.481442907410474,-1.7891162105552376
49.0,266.0,1003.29296875,-2.51130974572224,-3.083569319760903,0.7504702103665593,3.5753237880961786,-0.3448842970921196,3.075561409675759,-0.1733575774340827,2.506681110441431,-3.481442911430696,-1.7891161926860102
49.0,266.0,1003.29296875,-2.511309680866412,-3.083569319769756,0.7504702103665593,3.5753237635361024,-0.3448842970627897,3.07556155554053,-0.1733575772421677,2.506681131824998,-3.4814429057501424,-1.78911622018206
49.0,266.0,1003.29296875,-2.511309698469767,-3.0835693195923204,0.7504702103665593,3.57532377400876,-0.3448842970735651,3.0755615582593507,-0.1733575783328134,2.506681120724073,-3.4814429508629527,-1.7891162184709724
49.0,266.0,1003.29296875,-2.511309751045009,-3.083569319761982,0.7504702103665593,3.575323790949753,-0.3448842970864201,3.075561371256285,-0.1733575831427586,2.5066811113126564,-3.481442951222183,-1.789116236006068
49.0,266.0,1003.29296875,-2.511309845453172,-3.083569319766939,0.7504702103665593,3.57531755559957,-0.3448842973539885,3.0755614981680424,-0.1733575831805011,2.5066808076013976,-3.48144291145162,-1.7891165321324825
49.0,266.0,1003.29296875,-2.5113098479963245,-3.083569319767188,0.7504702103665593,3.575317520636737,-0.3448842970864141,3.0755614981680424,-0.1733575830753779,2.5066808375946894,-3.4814429500284176,-1.789116219940718
49.0,266.0,1003.29296875,-2.5113097031655696,-3.08356931976162,0.7504702103665593,3.5753238345089007,-0.3448842970864141,3.0755614981680424,-0.1733575771529769,2.5066811406174208,-3.481442898622036,-1.7891162198929529
49.0,266.0,1003.29296875,-2.511309690537434,-3.0835693195923204,0.7504702103665593,3.575323831524397,-0.344884297090797,3.075561499631881,-0.1733575774490721,2.5066811397377484,-3.4814429508629527,-1.7891162191637575
49.0,266.0,1003.29296875,-2.5113097447603487,-3.083569319761939,0.7504702103665593,3.5753237880961786,-0.3448842970863918,3.075561498384922,-0.1733575775505071,2.506681107799761,-3.481442907560904,-1.78911619298464
49.0,266.0,1003.29296875,-2.511309974695043,-3.083569319761164,0.7504702103665593,3.575317482327061,-0.3448842970742337,3.075561497431371,-0.1733575772984229,2.5066808440012807,-3.481442910312547,-1.7891162141191963
49.0,266.0,1003.29296875,-2.51130984543393,-3.083569319604454,0.7504702103665593,3.57531755559957,-0.3448842970864141,3.0755614981680424,-0.1733575830753779,2.5066808361117325,-3.481442907410474,-1.7891162105552376
49.0,266.0,1003.29296875,-2.511309744719365,-3.083569319761939,0.7504702103665593,3.5753237880961786,-0.3448842970921196,3.075561409675759,-0.1733575775505071,2.506681110317712,-3.481442950709276,-1.7891161926499488
49.0,266.0,1003.29296875,-2.511309845453172,-3.083569319766939,0.7504702103665593,3.5753175994255173,-0.3448842973665232,3.0755614981680424,-0.1733575832069477,2.506680807249897,-3.481442911268937,-1.7891165746877415
49.0,266.0,1003.29296875,-2.511309838833944,-3.0835693197666902,0.7504702103665593,3.575317750745719,-0.3448842973570537,3.075561407588759,-0.1733575831805011,2.5066808068884834,-3.4814429524329427,-1.7891165321324825
49.0,266.0,1003.29296875,-2.5113098479963245,-3.0835693197671965,0.7504702103665593,3.5753175561636645,-0.3448842970864141,3.0755614981680424,-0.1733575831999015,2.5066808379697387,-3.4814429113302143,-1.7891165609918038
49.0,266.0,1003.29296875,-2.511309690537434,-3.083569319753685,0.7504702103665593,3.575323776435141,-0.344884297090797,3.075561499631881,-0.1733575774489314,2.5066811397377484,-3.4814429512300467,-1.7891162215424152
49.0,266.0,1003.29296875,-2.51130969622428,-3.0835693195923204,0.7504702103665593,3.57532377400876,-0.3448842970735651,3.0755615582593507,-0.1733575774042505,2.506681120724073,-3.4814429508629527,-1.7891162184709724
49.0,266.0,1003.29296875,-2.511309681404541,-3.0835693197614225,0.7504702103665593,3.575323758747848,-0.3448842970742337,3.0755615502457663,-0.1733575772421677,2.506681116847658,-3.481442950494865,-1.7891162197553134
49.0,266.0,1003.29296875,-2.511309844136266,-3.0835693195923204,0.7504702103665593,3.575317493795104,-0.3448842970865988,3.07556149936193,-0.1733575783328134,2.506681120724073,-3.4814429508629527,-1.7891162184709724
49.0,266.0,1003.29296875,-2.511309680866412,-3.0835693197614225,0.7504702103665593,3.5753238750492264,-0.3448842970742337,3.0755615554199576,-0.1733575772421677,2.5066811151845068,-3.4814429061598013,-1.7891162105373288
49.0,266.0,1003.29296875,-2.511309847898393,-3.0835693197669523,0.7504702103665593,3.575317597897789,-0.3448842970864141,3.0755614981680424,-0.1733575830753779,2.506680835063083,-3.481442911428809,-1.7891162074500206
49.0,266.0,1003.29296875,-2.511309751977391,-3.083569319762187,0.7504702103665593,3.575323592950029,-0.3448842970890545,3.075561500255042,-0.1733575775505071,2.506681111030626,-3.48144291024086,-1.7891161926860102
49.0,266.0,1003.29296875,-2.511309850617839,-3.083569319766556,0.7504702103665593,3.57531755559957,-0.3448842970741596,3.0755614981680424,-0.1733575773588501,2.5066808375957,-3.4814429061754475,-1.7891162105554304
49.0,266.0,1003.29296875,-2.51130974422222,-3.083569319761939,0.7504702103665593,3.575323785597293,-0.3448842970863918,3.075561499861983,-0.1733575775505071,2.506681107799761,-3.481442907560904,-1.78911619298464
49.0,266.0,1003.29296875,-2.511309974695043,-3.083569319761164,0.7504702103665593,3.575317482327061,-0.3448842970860094,3.075561497434565,-0.1733575830196186,2.5066808442024446,-3.481442910312547,-1.7891162141191963
49.0,266.0,1003.29296875,-2.5113096997866733,-3.083569319766939,0.7504702103665593,3.5753238358132258,-0.3448842970733805,3.075561557065462,-0.1733575830753779,2.5066808375957,-3.481442907410474,-1.7891162105552376
49.0,266.0,1003.29296875,-2.5113098455511027,-3.083569319767183,0.7504702103665593,3.575317557127298,-0.3448842973692537,3.0755614981680424,-0.1733575832069477,2.506680809782514,-3.481442907289553,-1.7891165871784391
49.0,266.0,1003.2930297851562,-2.5113098253976083,-3.0835693197671965,0.7504702103665593,3.5753245836388743,-0.3448842970689139,3.075563509525589,-0.1733575830753779,2.5066811104420768,-3.481442907410474,-1.7891162184802565
49.0,266.0,1003.2930297851562,-2.5113109566084573,-3.0835693197700595,0.7504702103665593,3.575323770726457,-0.3448842974978136,3.0755615214799965,-0.1733575784120949,2.5066807805877485,-3.481442950698083,-1.7891162200174655
49.0,266.0,1003.2930297851562,-2.5113098253976083,-3.0835693197671965,0.7504702103665593,3.57532382937981,-0.3448842970864141,3.0755614981680424,-0.1733575830753779,2.5066811104420768,-3.481442907410474,-1.7891162184802565
49.0,267.0,1003.2879028320312,-2.5113098479963245,-3.0835693197671965,0.7474833240686893,3.5753175985455616,-0.3448842970977263,3.0755614981680424,-0.1733575830753779,2.5066808348473795,-3.481442907410474,-1.7891162134641228
49.0,267.0,1003.2879028320312,-2.5113098479963245,-3.0835693197671965,0.7474833240686893,3.5753175985455616,-0.3448842970977263,3.0755614981680424,-0.1733575830753779,2.5066808348473795,-3.481442907410474,-1.7891162134641228
49.0,267.0,1003.2879028320312,-2.5113098479963245,-3.0835693197671965,0.7474833240686893,3.5753175985455616,-0.3448842970977263,3.0755614981680424,-0.1733575830753779,2.5066808348473795,-3.481442907410474,-1.7891162134641228
49.0,267.0,1003.2879028320312,-2.5113098479963245,-3.0835693197671965,0.7474833240686893,3.5753175985455616,-0.3448842970977263,3.0755614981680424,-0.1733575830753779,2.5066808348473795,-3.481442907410474,-1.7891162134641228
49.0,267.0,1003.2879638671876,-2.5113096930696623,-3.083569319597242,0.7474833240686893,3.5753235555028087,-0.3448842970710583,3.075561560351378,-0.1733575784226036,2.5066811369931177,-3.4814429043927126,-1.7891162132813838
49.0,267.0,1003.2919311523438,-2.511309845453172,-3.083569319766939,0.7505761627235981,3.575317598494553,-0.3448842970864232,3.0755614981680424,-0.1733575830753779,2.5066808375957,-3.481442907410474,-1.7891162104059135
49.0,267.0,1003.2919311523438,-2.511309845453172,-3.083569319766939,0.7505761627235981,3.5753175994285726,-0.344884297093254,3.0755614981680424,-0.1733575830753779,2.506680838395345,-3.481442907439804,-1.7891162160552003
49.0,267.0,1003.29296875,-2.511309745358163,-3.083569319761939,0.7504702103665593,3.5753237880961786,-0.3448842970921196,3.075561409675759,-0.1733575775505071,2.506681110317712,-3.481442951222183,-1.7891161926860102
49.0,267.0,1003.29296875,-2.511309845453172,-3.083569319766939,0.7504702103665593,3.57531755559957,-0.3448842970864141,3.0755614981680424,-0.1733575830753779,2.5066808375957,-3.481442907410474,-1.7891162105552376
49.0,267.0,1003.29296875,-2.511309845453172,-3.083569319766939,0.7504702103665593,3.5753175994255173,-0.3448842973692142,3.0755614981680424,-0.1733575831787542,2.506680807249897,-3.4814429113096006,-1.7891165746877415
49.0,267.0,1003.29296875,-2.511309745358163,-3.083569319761982,0.7504702103665593,3.5753237880961786,-0.3448842970908279,3.075561372720124,-0.1733575775505071,2.5066811113126564,-3.481442951222183,-1.7891162366895694
49.0,267.0,1003.29296875,-2.511309680866412,-3.0835693197614225,0.7504702103665593,3.575323756248962,-0.3448842970742337,3.0755615517228265,-0.1733575772421677,2.506681116847658,-3.481442950494865,-1.7891162197553134
49.0,267.0,1003.29296875,-2.511309821610187,-3.083569319761939,0.7504702103665593,3.5753237776240425,-0.3448842970921196,3.075561409675759,-0.1733575775505071,2.5066811103170603,-3.481442951222183,-1.7891161926860102
49.0,267.0,1003.29296875,-2.511309680866412,-3.0835693197614225,0.7504702103665593,3.5753238750492264,-0.3448842970742337,3.0755615554199576,-0.1733575772421677,2.5066811151845068,-3.4814429061598013,-1.7891162105373288
49.0,267.0,1003.29296875,-2.511309845453172,-3.083569319766939,0.7504702103665593,3.5753175994255173,-0.3448842973665232,3.0755614981680424,-0.1733575832069477,2.506680807249897,-3.481442911268937,-1.7891165746877415
49.0,267.0,1003.29296875,-2.51130969622428,-3.0835693195923204,0.7504702103665593,3.575323834377971,-0.3448842970863892,3.0755614981680424,-0.1733575830413236,2.5066811397377484,-3.4814429508629527,-1.7891162184802565
49.0,267.0,1003.29296875,-2.511309845453172,-3.083569319766939,0.7504702103665593,3.57531755559957,-0.3448842970864128,3.0755614981680424,-0.1733575830753779,2.5066808375957,-3.481442907410474,-1.7891162105552376
49.0,267.0,1003.29296875,-2.511309680866412,-3.0835693197614225,0.7504702103665593,3.575323756248962,-0.3448842970742337,3.0755615517228265,-0.1733575772421677,2.506681116847658,-3.481442950494865,-1.7891162197553134
49.0,267.0,1003.29296875,-2.511309845453172,-3.083569319766939,0.7504702103665593,3.5753175994255173,-0.3448842973692537,3.0755614981680424,-0.1733575832069477,2.506680807249897,-3.481442911307889,-1.7891165746877415
49.0,267.0,1003.29296875,-2.5113098479963245,-3.0835693197671965,0.7504702103665593,3.57531755559957,-0.3448842970864141,3.0755614981680424,-0.1733575830753779,2.5066808375957,-3.481442907410474,-1.789116219940718
49.0,267.0,1003.29296875,-2.51130969622428,-3.0835693195923204,0.7504702103665593,3.57532377400876,-0.3448842970735651,3.0755615582593507,-0.1733575774042505,2.506681120724073,-3.4814429508629527,-1.7891162184709724
49.0,267.0,1003.29296875,-2.511309845453172,-3.083569319766939,0.7504702103665593,3.57531755559957,-0.3448842970864141,3.0755614981680424,-0.1733575830753779,2.5066808375957,-3.481442907410474,-1.7891162105552376
49.0,267.0,1003.29296875,-2.511309708476578,-3.083569319761676,0.7504702103665593,3.5753238750492264,-0.3448842970742337,3.0755615554199576,-0.1733575772421677,2.5066811151845068,-3.4814429061598013,-1.7891162105373288
49.0,267.0,1003.29296875,-2.511309793963971,-3.083569319766939,0.7504702103665593,3.5753176667580644,-0.3448842970864128,3.0755614981680424,-0.1733575830753779,2.506680832467884,-3.481442907410474,-1.7891162105552376
49.0,267.0,1003.29296875,-2.51130974572224,-3.083569319760903,0.7504702103665593,3.5753237880961786,-0.3448842970921196,3.075561409675759,-0.1733575774340827,2.506681110441431,-3.481442911430696,-1.7891161926860102
49.0,267.0,1003.29296875,-2.511309680866412,-3.083569319769756,0.7504702103665593,3.5753237635361024,-0.3448842970627897,3.07556155554053,-0.1733575772421677,2.506681131824998,-3.4814429057501424,-1.78911622018206
49.0,267.0,1003.29296875,-2.511309698469767,-3.0835693195923204,0.7504702103665593,3.57532377400876,-0.3448842970735651,3.0755615582593507,-0.1733575783328134,2.506681120724073,-3.4814429508629527,-1.7891162184709724
49.0,267.0,1003.29296875,-2.511309751045009,-3.083569319761982,0.7504702103665593,3.575323790949753,-0.3448842970864201,3.075561371256285,-0.1733575831427586,2.5066811113126564,-3.481442951222183,-1.789116236006068
49.0,267.0,1003.29296875,-2.511309845453172,-3.083569319766939,0.7504702103665593,3.57531755559957,-0.3448842973539885,3.0755614981680424,-0.1733575831805011,2.5066808076013976,-3.48144291145162,-1.7891165321324825
49.0,267.0,1003.29296875,-2.5113098479963245,-3.083569319767188,0.7504702103665593,3.575317520636737,-0.3448842970864141,3.0755614981680424,-0.1733575830753779,2.5066808375946894,-3.4814429500284176,-1.789116219940718
49.0,267.0,1003.29296875,-2.5113097031655696,-3.08356931976162,0.7504702103665593,3.5753238345089007,-0.3448842970864141,3.0755614981680424,-0.1733575771529769,2.5066811406174208,-3.481442898622036,-1.7891162198929529
49.0,267.0,1003.29296875,-2.511309690537434,-3.0835693195923204,0.7504702103665593,3.575323831524397,-0.344884297090797,3.075561499631881,-0.1733575774490721,2.5066811397377484,-3.4814429508629527,-1.7891162191637575
49.0,267.0,1003.29296875,-2.5113097447603487,-3.083569319761939,0.7504702103665593,3.5753237880961786,-0.3448842970863918,3.075561498384922,-0.1733575775505071,2.506681107799761,-3.481442907560904,-1.78911619298464
49.0,267.0,1003.29296875,-2.511309974695043,-3.083569319761164,0.7504702103665593,3.575317482327061,-0.3448842970742337,3.075561497431371,-0.1733575772984229,2.5066808440012807,-3.481442910312547,-1.7891162141191963
49.0,267.0,1003.29296875,-2.51130984543393,-3.083569319604454,0.7504702103665593,3.57531755559957,-0.3448842970864141,3.0755614981680424,-0.1733575830753779,2.5066808361117325,-3.481442907410474,-1.7891162105552376
49.0,267.0,1003.29296875,-2.511309744719365,-3.083569319761939,0.7504702103665593,3.5753237880961786,-0.3448842970921196,3.075561409675759,-0.1733575775505071,2.506681110317712,-3.481442950709276,-1.7891161926499488
49.0,267.0,1003.29296875,-2.511309845453172,-3.083569319766939,0.7504702103665593,3.5753175994255173,-0.3448842973665232,3.0755614981680424,-0.1733575832069477,2.506680807249897,-3.481442911268937,-1.7891165746877415
49.0,267.0,1003.29296875,-2.511309838833944,-3.0835693197666902,0.7504702103665593,3.575317750745719,-0.3448842973570537,3.075561407588759,-0.1733575831805011,2.5066808068884834,-3.4814429524329427,-1.7891165321324825
49.0,267.0,1003.29296875,-2.5113098479963245,-3.0835693197671965,0.7504702103665593,3.5753175561636645,-0.3448842970864141,3.0755614981680424,-0.1733575831999015,2.5066808379697387,-3.4814429113302143,-1.7891165609918038
49.0,267.0,1003.29296875,-2.511309690537434,-3.083569319753685,0.7504702103665593,3.575323776435141,-0.344884297090797,3.075561499631881,-0.1733575774489314,2.5066811397377484,-3.4814429512300467,-1.7891162215424152
49.0,267.0,1003.29296875,-2.51130969622428,-3.0835693195923204,0.7504702103665593,3.57532377400876,-0.3448842970735651,3.0755615582593507,-0.1733575774042505,2.506681120724073,-3.4814429508629527,-1.7891162184709724
49.0,267.0,1003.29296875,-2.511309681404541,-3.0835693197614225,0.7504702103665593,3.575323758747848,-0.3448842970742337,3.0755615502457663,-0.1733575772421677,2.506681116847658,-3.481442950494865,-1.7891162197553134
49.0,267.0,1003.29296875,-2.511309844136266,-3.0835693195923204,0.7504702103665593,3.575317493795104,-0.3448842970865988,3.07556149936193,-0.1733575783328134,2.506681120724073,-3.4814429508629527,-1.7891162184709724
49.0,267.0,1003.29296875,-2.511309680866412,-3.0835693197614225,0.7504702103665593,3.5753238750492264,-0.3448842970742337,3.0755615554199576,-0.1733575772421677,2.5066811151845068,-3.4814429061598013,-1.7891162105373288
49.0,267.0,1003.29296875,-2.511309847898393,-3.0835693197669523,0.7504702103665593,3.575317597897789,-0.3448842970864141,3.0755614981680424,-0.1733575830753779,2.506680835063083,-3.481442911428809,-1.7891162074500206
49.0,267.0,1003.29296875,-2.511309751977391,-3.083569319762187,0.7504702103665593,3.575323592950029,-0.3448842970890545,3.075561500255042,-0.1733575775505071,2.506681111030626,-3.48144291024086,-1.7891161926860102
49.0,267.0,1003.29296875,-2.511309850617839,-3.083569319766556,0.7504702103665593,3.57531755559957,-0.3448842970741596,3.0755614981680424,-0.1733575773588501,2.5066808375957,-3.4814429061754475,-1.7891162105554304
49.0,267.0,1003.29296875,-2.51130974422222,-3.083569319761939,0.7504702103665593,3.575323785597293,-0.3448842970863918,3.075561499861983,-0.1733575775505071,2.506681107799761,-3.481442907560904,-1.78911619298464
49.0,267.0,1003.29296875,-2.511309974695043,-3.083569319761164,0.7504702103665593,3.575317482327061,-0.3448842970860094,3.075561497434565,-0.1733575830196186,2.5066808442024446,-3.481442910312547,-1.7891162141191963
49.0,267.0,1003.29296875,-2.5113096997866733,-3.083569319766939,0.7504702103665593,3.5753238358132258,-0.3448842970733805,3.075561557065462,-0.1733575830753779,2.5066808375957,-3.481442907410474,-1.7891162105552376
49.0,268.0,1003.2879028320312,-2.5113098479963245,-3.0835693197671965,0.7474833240686893,3.5753175985455616,-0.3448842970977263,3.0755614981680424,-0.1733575830753779,2.5066808348473795,-3.481442907410474,-1.7891162134641228
49.0,268.0,1003.2879028320312,-2.5113098479963245,-3.0835693197671965,0.7474833240686893,3.5753175985455616,-0.3448842970977263,3.0755614981680424,-0.1733575830753779,2.5066808348473795,-3.481442907410474,-1.7891162134641228
49.0,268.0,1003.2879028320312,-2.5113098479963245,-3.0835693197671965,0.7474833240686893,3.5753175985455616,-0.3448842970977263,3.0755614981680424,-0.1733575830753779,2.5066808348473795,-3.481442907410474,-1.7891162134641228
49.0,268.0,1003.2879028320312,-2.5113098479963245,-3.0835693197671965,0.7474833240686893,3.5753175985455616,-0.3448842970977263,3.0755614981680424,-0.1733575830753779,2.5066808348473795,-3.481442907410474,-1.7891162134641228
49.0,268.0,1003.2879028320312,-2.51130983236203,-3.0835693197673,0.7474833240686893,3.5753175985455616,-0.3448842970977384,3.0755614095229697,-0.173357582943724,2.50668084684844,-3.481442907410474,-1.7891162134186285
49.0,268.0,1003.2879028320312,-2.5113098479963245,-3.0835693197671965,0.7474833240686893,3.5753175985455616,-0.3448842970977263,3.0755614981680424,-0.1733575830753779,2.5066808348473795,-3.481442907410474,-1.7891162134641228
49.0,268.0,1003.2879638671876,-2.5113096930696623,-3.083569319597242,0.7474833240686893,3.5753235555028087,-0.3448842970710583,3.075561560351378,-0.1733575784226036,2.5066811369931177,-3.4814429043927126,-1.7891162132813838
49.0,268.0,1003.2879638671876,-2.511309848128389,-3.0835693197671965,0.7474833240686893,3.5753175985455616,-0.344884297370937,3.0755614981680424,-0.1733575830753779,2.5066808348473795,-3.4814429113044443,-1.7891165148356196
49.0,268.0,1003.2879638671876,-2.5113096930696623,-3.0835693195974474,0.7474833240686893,3.575323247033024,-0.3448842970859065,3.075561504062973,-0.1733575785423271,2.5066808145677486,-3.481442904161125,-1.7891162132813838
49.0,268.0,1003.291748046875,-2.511309845453172,-3.083569319762178,0.7505662729692965,3.575317598494553,-0.3448842970864232,3.075561500295025,-0.1733575773233769,2.5066808375957,-3.481442907410474,-1.7891162104059135
49.0,268.0,1003.2919311523438,-2.511309845453172,-3.083569319766939,0.7505761627235981,3.575317598494553,-0.3448842970864232,3.0755614981680424,-0.1733575830753779,2.5066808375957,-3.481442907410474,-1.7891162104059135
49.0,268.0,1003.2919311523438,-2.511309845453172,-3.083569319766939,0.7505761627235981,3.5753175994285726,-0.344884297093254,3.0755614981680424,-0.1733575830753779,2.506680838395345,-3.481442907439804,-1.7891162160552003
49.0,268.0,1003.2926635742188,-2.511309751977391,-3.0835693197669483,0.7504801001208609,3.575323592950029,-0.3448842970890545,3.075561498128059,-0.173357583302508,2.506681111030626,-3.48144291024086,-1.7891161926860102
49.0,268.0,1003.29296875,-2.511309745358163,-3.083569319761939,0.7504702103665593,3.5753237880961786,-0.3448842970921196,3.075561409675759,-0.1733575775505071,2.506681110317712,-3.481442951222183,-1.7891161926860102
49.0,268.0,1003.29296875,-2.511309845453172,-3.083569319766939,0.7504702103665593,3.57531755559957,-0.3448842970864141,3.0755614981680424,-0.1733575830753779,2.5066808375957,-3.481442907410474,-1.7891162105552376
49.0,268.0,1003.29296875,-2.511309845453172,-3.083569319766939,0.7504702103665593,3.5753175994255173,-0.3448842973692142,3.0755614981680424,-0.1733575831787542,2.506680807249897,-3.4814429113096006,-1.7891165746877415
49.0,268.0,1003.29296875,-2.511309745358163,-3.083569319761982,0.7504702103665593,3.5753237880961786,-0.3448842970908279,3.075561372720124,-0.1733575775505071,2.5066811113126564,-3.481442951222183,-1.7891162366895694
49.0,268.0,1003.29296875,-2.511309680866412,-3.0835693197614225,0.7504702103665593,3.575323756248962,-0.3448842970742337,3.0755615517228265,-0.1733575772421677,2.506681116847658,-3.481442950494865,-1.7891162197553134
49.0,268.0,1003.29296875,-2.511309821610187,-3.083569319761939,0.7504702103665593,3.5753237776240425,-0.3448842970921196,3.075561409675759,-0.1733575775505071,2.5066811103170603,-3.481442951222183,-1.7891161926860102
49.0,268.0,1003.29296875,-2.511309680866412,-3.0835693197614225,0.7504702103665593,3.5753238750492264,-0.3448842970742337,3.0755615554199576,-0.1733575772421677,2.5066811151845068,-3.4814429061598013,-1.7891162105373288
49.0,268.0,1003.29296875,-2.511309845453172,-3.083569319766939,0.7504702103665593,3.5753175994255173,-0.3448842973665232,3.0755614981680424,-0.1733575832069477,2.506680807249897,-3.481442911268937,-1.7891165746877415
49.0,268.0,1003.29296875,-2.51130969622428,-3.0835693195923204,0.7504702103665593,3.575323834377971,-0.3448842970863892,3.0755614981680424,-0.1733575830413236,2.5066811397377484,-3.4814429508629527,-1.7891162184802565
49.0,268.0,1003.29296875,-2.511309845453172,-3.083569319766939,0.7504702103665593,3.57531755559957,-0.3448842970864128,3.0755614981680424,-0.1733575830753779,2.5066808375957,-3.481442907410474,-1.7891162105552376
49.0,268.0,1003.29296875,-2.511309680866412,-3.0835693197614225,0.7504702103665593,3.575323756248962,-0.3448842970742337,3.0755615517228265,-0.1733575772421677,2.506681116847658,-3.481442950494865,-1.7891162197553134
49.0,268.0,1003.29296875,-2.511309845453172,-3.083569319766939,0.7504702103665593,3.5753175994255173,-0.3448842973692537,3.0755614981680424,-0.1733575832069477,2.506680807249897,-3.481442911307889,-1.7891165746877415
49.0,268.0,1003.29296875,-2.5113098479963245,-3.0835693197671965,0.7504702103665593,3.57531755559957,-0.3448842970864141,3.0755614981680424,-0.1733575830753779,2.5066808375957,-3.481442907410474,-1.789116219940718
49.0,268.0,1003.29296875,-2.51130969622428,-3.0835693195923204,0.7504702103665593,3.57532377400876,-0.3448842970735651,3.0755615582593507,-0.1733575774042505,2.506681120724073,-3.4814429508629527,-1.7891162184709724
49.0,268.0,1003.29296875,-2.511309845453172,-3.083569319766939,0.7504702103665593,3.57531755559957,-0.3448842970864141,3.0755614981680424,-0.1733575830753779,2.5066808375957,-3.481442907410474,-1.7891162105552376
49.0,268.0,1003.29296875,-2.511309708476578,-3.083569319761676,0.7504702103665593,3.5753238750492264,-0.3448842970742337,3.0755615554199576,-0.1733575772421677,2.5066811151845068,-3.4814429061598013,-1.7891162105373288
49.0,268.0,1003.29296875,-2.511309793963971,-3.083569319766939,0.7504702103665593,3.5753176667580644,-0.3448842970864128,3.0755614981680424,-0.1733575830753779,2.506680832467884,-3.481442907410474,-1.7891162105552376
49.0,268.0,1003.29296875,-2.51130974572224,-3.083569319760903,0.7504702103665593,3.5753237880961786,-0.3448842970921196,3.075561409675759,-0.1733575774340827,2.506681110441431,-3.481442911430696,-1.7891161926860102
49.0,268.0,1003.29296875,-2.511309680866412,-3.083569319769756,0.7504702103665593,3.5753237635361024,-0.3448842970627897,3.07556155554053,-0.1733575772421677,2.506681131824998,-3.4814429057501424,-1.78911622018206
49.0,268.0,1003.29296875,-2.511309698469767,-3.0835693195923204,0.7504702103665593,3.57532377400876,-0.3448842970735651,3.0755615582593507,-0.1733575783328134,2.506681120724073,-3.4814429508629527,-1.7891162184709724
49.0,268.0,1003.29296875,-2.511309751045009,-3.083569319761982,0.7504702103665593,3.575323790949753,-0.3448842970864201,3.075561371256285,-0.1733575831427586,2.5066811113126564,-3.481442951222183,-1.789116236006068
49.0,268.0,1003.29296875,-2.511309845453172,-3.083569319766939,0.7504702103665593,3.57531755559957,-0.3448842973539885,3.0755614981680424,-0.1733575831805011,2.5066808076013976,-3.48144291145162,-1.7891165321324825
49.0,268.0,1003.29296875,-2.5113098479963245,-3.083569319767188,0.7504702103665593,3.575317520636737,-0.3448842970864141,3.0755614981680424,-0.1733575830753779,2.5066808375946894,-3.4814429500284176,-1.789116219940718
49.0,268.0,1003.29296875,-2.5113097031655696,-3.08356931976162,0.7504702103665593,3.5753238345089007,-0.3448842970864141,3.0755614981680424,-0.1733575771529769,2.5066811406174208,-3.481442898622036,-1.7891162198929529
49.0,268.0,1003.29296875,-2.511309690537434,-3.0835693195923204,0.7504702103665593,3.575323831524397,-0.344884297090797,3.075561499631881,-0.1733575774490721,2.5066811397377484,-3.4814429508629527,-1.7891162191637575
49.0,268.0,1003.29296875,-2.5113097447603487,-3.083569319761939,0.7504702103665593,3.5753237880961786,-0.3448842970863918,3.075561498384922,-0.1733575775505071,2.506681107799761,-3.481442907560904,-1.78911619298464
49.0,268.0,1003.29296875,-2.511309974695043,-3.083569319761164,0.7504702103665593,3.575317482327061,-0.3448842970742337,3.075561497431371,-0.1733575772984229,2.5066808440012807,-3.481442910312547,-1.7891162141191963
49.0,268.0,1003.29296875,-2.51130984543393,-3.083569319604454,0.7504702103665593,3.57531755559957,-0.3448842970864141,3.0755614981680424,-0.1733575830753779,2.5066808361117325,-3.481442907410474,-1.7891162105552376
49.0,268.0,1003.29296875,-2.511309744719365,-3.083569319761939,0.7504702103665593,3.5753237880961786,-0.3448842970921196,3.075561409675759,-0.1733575775505071,2.506681110317712,-3.481442950709276,-1.7891161926499488
49.0,268.0,1003.29296875,-2.511309845453172,-3.083569319766939,0.7504702103665593,3.5753175994255173,-0.3448842973665232,3.0755614981680424,-0.1733575832069477,2.506680807249897,-3.481442911268937,-1.7891165746877415
49.0,268.0,1003.29296875,-2.511309838833944,-3.0835693197666902,0.7504702103665593,3.575317750745719,-0.3448842973570537,3.075561407588759,-0.1733575831805011,2.5066808068884834,-3.4814429524329427,-1.7891165321324825
49.0,268.0,1003.29296875,-2.5113098479963245,-3.0835693197671965,0.7504702103665593,3.5753175561636645,-0.3448842970864141,3.0755614981680424,-0.1733575831999015,2.5066808379697387,-3.4814429113302143,-1.7891165609918038
49.0,268.0,1003.29296875,-2.511309690537434,-3.083569319753685,0.7504702103665593,3.575323776435141,-0.344884297090797,3.075561499631881,-0.1733575774489314,2.5066811397377484,-3.4814429512300467,-1.7891162215424152
49.0,268.0,1003.29296875,-2.51130969622428,-3.0835693195923204,0.7504702103665593,3.57532377400876,-0.3448842970735651,3.0755615582593507,-0.1733575774042505,2.506681120724073,-3.4814429508629527,-1.7891162184709724
49.0,268.0,1003.29296875,-2.511309681404541,-3.0835693197614225,0.7504702103665593,3.575323758747848,-0.3448842970742337,3.0755615502457663,-0.1733575772421677,2.506681116847658,-3.481442950494865,-1.7891162197553134
49.0,268.0,1003.29296875,-2.511309844136266,-3.0835693195923204,0.7504702103665593,3.575317493795104,-0.3448842970865988,3.07556149936193,-0.1733575783328134,2.506681120724073,-3.4814429508629527,-1.7891162184709724
49.0,268.0,1003.29296875,-2.511309680866412,-3.0835693197614225,0.7504702103665593,3.5753238750492264,-0.3448842970742337,3.0755615554199576,-0.1733575772421677,2.5066811151845068,-3.4814429061598013,-1.7891162105373288
49.0,269.0,1003.2879028320312,-2.5113098479963245,-3.0835693197671965,0.7474833240686893,3.5753175985455616,-0.3448842970977263,3.0755614981680424,-0.1733575830753779,2.5066808348473795,-3.481442907410474,-1.7891162134641228
49.0,269.0,1003.2879028320312,-2.5113098479963245,-3.0835693197671965,0.7474833240686893,3.5753175985455616,-0.3448842970977263,3.0755614981680424,-0.1733575830753779,2.5066808348473795,-3.481442907410474,-1.7891162134641228
49.0,269.0,1003.2879028320312,-2.5113098479963245,-3.0835693197671965,0.7474833240686893,3.5753175985455616,-0.3448842970977263,3.0755614981680424,-0.1733575830753779,2.5066808348473795,-3.481442907410474,-1.7891162134641228
49.0,269.0,1003.2879028320312,-2.5113098479963245,-3.0835693197671965,0.7474833240686893,3.5753175985455616,-0.3448842970977263,3.0755614981680424,-0.1733575830753779,2.5066808348473795,-3.481442907410474,-1.7891162134641228
49.0,269.0,1003.2879028320312,-2.51130983236203,-3.0835693197673,0.7474833240686893,3.5753175985455616,-0.3448842970977384,3.0755614095229697,-0.173357582943724,2.50668084684844,-3.481442907410474,-1.7891162134186285
49.0,269.0,1003.2879028320312,-2.5113098479963245,-3.0835693197671965,0.7474833240686893,3.5753175985455616,-0.3448842970977263,3.0755614981680424,-0.1733575830753779,2.5066808348473795,-3.481442907410474,-1.7891162134641228
49.0,269.0,1003.2879028320312,-2.5113098479963245,-3.0835693197671965,0.7474833240686893,3.5753175985455616,-0.3448842970977263,3.0755614981680424,-0.1733575830753779,2.5066808348473795,-3.481442907410474,-1.7891162134641228
49.0,269.0,1003.2879028320312,-2.5113098479963245,-3.0835693197671965,0.7474833240686893,3.5753175985455616,-0.3448842970977263,3.0755614981680424,-0.1733575830753779,2.5066808348473795,-3.481442907410474,-1.7891162134641228
49.0,269.0,1003.2879638671876,-2.5113096930696623,-3.083569319597242,0.7474833240686893,3.5753235555028087,-0.3448842970710583,3.075561560351378,-0.1733575784226036,2.5066811369931177,-3.4814429043927126,-1.7891162132813838
49.0,269.0,1003.2879638671876,-2.511309848128389,-3.0835693197671965,0.7474833240686893,3.5753175985455616,-0.344884297370937,3.0755614981680424,-0.1733575830753779,2.5066808348473795,-3.4814429113044443,-1.7891165148356196
49.0,269.0,1003.2879638671876,-2.5113096930696623,-3.0835693195974474,0.7474833240686893,3.575323247033024,-0.3448842970859065,3.075561504062973,-0.1733575785423271,2.5066808145677486,-3.481442904161125,-1.7891162132813838
49.0,269.0,1003.2879638671876,-2.511309848128389,-3.0835693197671965,0.7474833240686893,3.5753175985455616,-0.344884297370937,3.0755614981680424,-0.1733575830753779,2.5066808348473795,-3.4814429113044443,-1.7891165148356196
49.0,269.0,1003.2879638671876,-2.5113096906569976,-3.083569319603425,0.7474833240686893,3.5753236440260565,-0.3448842970710583,3.0755615552399327,-0.1733575781429927,2.5066811369931177,-3.481442904585144,-1.7891162132813838
49.0,269.0,1003.2879638671876,-2.5113098479963245,-3.083569319605274,0.7474833240686893,3.5753236088331515,-0.3448842970977263,3.0755614981680424,-0.1733575830753779,2.506681123663206,-3.481442907410474,-1.7891162125516138
49.0,269.0,1003.2915649414062,-2.5113098324163707,-3.08356931976772,0.7505433488814244,3.575317598494553,-0.3448842970864232,3.07556139978604,-0.1733575773233769,2.5066808375957,-3.481442907410474,-1.789116210470718
49.0,269.0,1003.2916259765624,-2.511309745358163,-3.083569319761939,0.750541653047749,3.5753237880961786,-0.3448842970977713,3.075561409675759,-0.1733575775505071,2.506681110317712,-3.481442951222183,-1.7891161926860102
49.0,269.0,1003.291748046875,-2.511309845453172,-3.083569319762178,0.7505662729692965,3.575317598494553,-0.3448842970864232,3.075561500295025,-0.1733575773233769,2.5066808375957,-3.481442907410474,-1.7891162104059135
49.0,269.0,1003.2919311523438,-2.511309845453172,-3.083569319766939,0.7505761627235981,3.575317598494553,-0.3448842970864232,3.0755614981680424,-0.1733575830753779,2.5066808375957,-3.481442907410474,-1.7891162104059135
49.0,269.0,1003.2919311523438,-2.511309845453172,-3.083569319766939,0.7505761627235981,3.5753175994285726,-0.344884297093254,3.0755614981680424,-0.1733575830753779,2.506680838395345,-3.481442907439804,-1.7891162160552003
49.0,269.0,1003.2919311523438,-2.511309845453172,-3.083569319766939,0.7505761627235981,3.575317598494553,-0.3448842970864232,3.0755614981680424,-0.1733575830753779,2.5066811027633364,-3.481442907410474,-1.7891162104059135
49.0,269.0,1003.2919311523438,-2.51130969214678,-3.0835693195971525,0.7505767316320698,3.57532377400876,-0.3448842970735651,3.0755615582593507,-0.1733575772696911,2.506681120724073,-3.4814429508629527,-1.7891162184709724
49.0,269.0,1003.2926635742188,-2.511309751977391,-3.0835693197669483,0.7504801001208609,3.575323592950029,-0.3448842970890545,3.075561498128059,-0.173357583302508,2.506681111030626,-3.48144291024086,-1.7891161926860102
49.0,269.0,1003.29296875,-2.511309745358163,-3.083569319761939,0.7504702103665593,3.5753237880961786,-0.3448842970921196,3.075561409675759,-0.1733575775505071,2.506681110317712,-3.481442951222183,-1.7891161926860102
49.0,269.0,1003.29296875,-2.511309845453172,-3.083569319766939,0.7504702103665593,3.57531755559957,-0.3448842970864141,3.0755614981680424,-0.1733575830753779,2.5066808375957,-3.481442907410474,-1.7891162105552376
49.0,269.0,1003.29296875,-2.511309845453172,-3.083569319766939,0.7504702103665593,3.5753175994255173,-0.3448842973692142,3.0755614981680424,-0.1733575831787542,2.506680807249897,-3.4814429113096006,-1.7891165746877415
49.0,269.0,1003.29296875,-2.511309745358163,-3.083569319761982,0.7504702103665593,3.5753237880961786,-0.3448842970908279,3.075561372720124,-0.1733575775505071,2.5066811113126564,-3.481442951222183,-1.7891162366895694
49.0,269.0,1003.29296875,-2.511309680866412,-3.0835693197614225,0.7504702103665593,3.575323756248962,-0.3448842970742337,3.0755615517228265,-0.1733575772421677,2.506681116847658,-3.481442950494865,-1.7891162197553134
49.0,269.0,1003.29296875,-2.511309821610187,-3.083569319761939,0.7504702103665593,3.5753237776240425,-0.3448842970921196,3.075561409675759,-0.1733575775505071,2.5066811103170603,-3.481442951222183,-1.7891161926860102
49.0,269.0,1003.29296875,-2.511309680866412,-3.0835693197614225,0.7504702103665593,3.5753238750492264,-0.3448842970742337,3.0755615554199576,-0.1733575772421677,2.5066811151845068,-3.4814429061598013,-1.7891162105373288
49.0,269.0,1003.29296875,-2.511309845453172,-3.083569319766939,0.7504702103665593,3.5753175994255173,-0.3448842973665232,3.0755614981680424,-0.1733575832069477,2.506680807249897,-3.481442911268937,-1.7891165746877415
49.0,269.0,1003.29296875,-2.51130969622428,-3.0835693195923204,0.7504702103665593,3.575323834377971,-0.3448842970863892,3.0755614981680424,-0.1733575830413236,2.5066811397377484,-3.4814429508629527,-1.7891162184802565
49.0,269.0,1003.29296875,-2.511309845453172,-3.083569319766939,0.7504702103665593,3.57531755559957,-0.3448842970864128,3.0755614981680424,-0.1733575830753779,2.5066808375957,-3.481442907410474,-1.7891162105552376
49.0,269.0,1003.29296875,-2.511309680866412,-3.0835693197614225,0.7504702103665593,3.575323756248962,-0.3448842970742337,3.0755615517228265,-0.1733575772421677,2.506681116847658,-3.481442950494865,-1.7891162197553134
49.0,269.0,1003.29296875,-2.511309845453172,-3.083569319766939,0.7504702103665593,3.5753175994255173,-0.3448842973692537,3.0755614981680424,-0.1733575832069477,2.506680807249897,-3.481442911307889,-1.7891165746877415
49.0,269.0,1003.29296875,-2.5113098479963245,-3.0835693197671965,0.7504702103665593,3.57531755559957,-0.3448842970864141,3.0755614981680424,-0.1733575830753779,2.5066808375957,-3.481442907410474,-1.789116219940718
49.0,269.0,1003.29296875,-2.51130969622428,-3.0835693195923204,0.7504702103665593,3.57532377400876,-0.3448842970735651,3.0755615582593507,-0.1733575774042505,2.506681120724073,-3.4814429508629527,-1.7891162184709724
49.0,269.0,1003.29296875,-2.511309845453172,-3.083569319766939,0.7504702103665593,3.57531755559957,-0.3448842970864141,3.0755614981680424,-0.1733575830753779,2.5066808375957,-3.481442907410474,-1.7891162105552376
49.0,269.0,1003.29296875,-2.511309708476578,-3.083569319761676,0.7504702103665593,3.5753238750492264,-0.3448842970742337,3.0755615554199576,-0.1733575772421677,2.5066811151845068,-3.4814429061598013,-1.7891162105373288
49.0,269.0,1003.29296875,-2.511309793963971,-3.083569319766939,0.7504702103665593,3.5753176667580644,-0.3448842970864128,3.0755614981680424,-0.1733575830753779,2.506680832467884,-3.481442907410474,-1.7891162105552376
49.0,269.0,1003.29296875,-2.51130974572224,-3.083569319760903,0.7504702103665593,3.5753237880961786,-0.3448842970921196,3.075561409675759,-0.1733575774340827,2.506681110441431,-3.481442911430696,-1.7891161926860102
49.0,269.0,1003.29296875,-2.511309680866412,-3.083569319769756,0.7504702103665593,3.5753237635361024,-0.3448842970627897,3.07556155554053,-0.1733575772421677,2.506681131824998,-3.4814429057501424,-1.78911622018206
49.0,269.0,1003.29296875,-2.511309698469767,-3.0835693195923204,0.7504702103665593,3.57532377400876,-0.3448842970735651,3.0755615582593507,-0.1733575783328134,2.506681120724073,-3.4814429508629527,-1.7891162184709724
49.0,269.0,1003.29296875,-2.511309751045009,-3.083569319761982,0.7504702103665593,3.575323790949753,-0.3448842970864201,3.075561371256285,-0.1733575831427586,2.5066811113126564,-3.481442951222183,-1.789116236006068
49.0,269.0,1003.29296875,-2.511309845453172,-3.083569319766939,0.7504702103665593,3.57531755559957,-0.3448842973539885,3.0755614981680424,-0.1733575831805011,2.5066808076013976,-3.48144291145162,-1.7891165321324825
49.0,269.0,1003.29296875,-2.5113098479963245,-3.083569319767188,0.7504702103665593,3.575317520636737,-0.3448842970864141,3.0755614981680424,-0.1733575830753779,2.5066808375946894,-3.4814429500284176,-1.789116219940718
49.0,269.0,1003.29296875,-2.5113097031655696,-3.08356931976162,0.7504702103665593,3.5753238345089007,-0.3448842970864141,3.0755614981680424,-0.1733575771529769,2.5066811406174208,-3.481442898622036,-1.7891162198929529
49.0,269.0,1003.29296875,-2.511309690537434,-3.0835693195923204,0.7504702103665593,3.575323831524397,-0.344884297090797,3.075561499631881,-0.1733575774490721,2.5066811397377484,-3.4814429508629527,-1.7891162191637575
49.0,269.0,1003.29296875,-2.5113097447603487,-3.083569319761939,0.7504702103665593,3.5753237880961786,-0.3448842970863918,3.075561498384922,-0.1733575775505071,2.506681107799761,-3.481442907560904,-1.78911619298464
49.0,269.0,1003.29296875,-2.511309974695043,-3.083569319761164,0.7504702103665593,3.575317482327061,-0.3448842970742337,3.075561497431371,-0.1733575772984229,2.5066808440012807,-3.481442910312547,-1.7891162141191963
49.0,269.0,1003.29296875,-2.51130984543393,-3.083569319604454,0.7504702103665593,3.57531755559957,-0.3448842970864141,3.0755614981680424,-0.1733575830753779,2.5066808361117325,-3.481442907410474,-1.7891162105552376
49.0,270.0,1003.2842407226562,-2.5113096930696623,-3.083569319597242,0.7475034222324234,3.575317465165023,-0.3448842970710583,3.075561560351378,-0.173357583274992,2.5066811369931177,-3.4814429043927126,-1.7891162132416936
49.0,270.0,1003.2879028320312,-2.5113098479963245,-3.0835693197671965,0.7474833240686893,3.5753175985455616,-0.3448842970977263,3.0755614981680424,-0.1733575830753779,2.5066808348473795,-3.481442907410474,-1.7891162134641228
49.0,270.0,1003.2879028320312,-2.5113098479963245,-3.0835693197671965,0.7474833240686893,3.5753175985455616,-0.3448842970977263,3.0755614981680424,-0.1733575830753779,2.5066808348473795,-3.481442907410474,-1.7891162134641228
49.0,270.0,1003.2879028320312,-2.5113098479963245,-3.0835693197671965,0.7474833240686893,3.5753175985455616,-0.3448842970977263,3.0755614981680424,-0.1733575830753779,2.5066808348473795,-3.481442907410474,-1.7891162134641228
49.0,270.0,1003.2879028320312,-2.5113098479963245,-3.0835693197671965,0.7474833240686893,3.5753175985455616,-0.3448842970977263,3.0755614981680424,-0.1733575830753779,2.5066808348473795,-3.481442907410474,-1.7891162134641228
49.0,270.0,1003.2879028320312,-2.51130983236203,-3.0835693197673,0.7474833240686893,3.5753175985455616,-0.3448842970977384,3.0755614095229697,-0.173357582943724,2.50668084684844,-3.481442907410474,-1.7891162134186285
49.0,270.0,1003.2879028320312,-2.5113098479963245,-3.0835693197671965,0.7474833240686893,3.5753175985455616,-0.3448842970977263,3.0755614981680424,-0.1733575830753779,2.5066808348473795,-3.481442907410474,-1.7891162134641228
49.0,270.0,1003.2879028320312,-2.5113098479963245,-3.0835693197671965,0.7474833240686893,3.5753175985455616,-0.3448842970977263,3.0755614981680424,-0.1733575830753779,2.5066808348473795,-3.481442907410474,-1.7891162134641228
49.0,270.0,1003.2879028320312,-2.5113098479963245,-3.0835693197671965,0.7474833240686893,3.5753175985455616,-0.3448842970977263,3.0755614981680424,-0.1733575830753779,2.5066808348473795,-3.481442907410474,-1.7891162134641228
49.0,270.0,1003.2879028320312,-2.5113098479963245,-3.0835693197671965,0.7474833240686893,3.5753175985455616,-0.3448842970977263,3.0755614981680424,-0.1733575830753779,2.5066808348473795,-3.481442907410474,-1.7891162134641228
49.0,270.0,1003.2879028320312,-2.511309832293501,-3.0835693197671965,0.7474833240686893,3.5753175985455616,-0.344884297097738,3.0755614102124587,-0.1733575829432816,2.5066808348473795,-3.481442907410474,-1.7891162134205507
49.0,270.0,1003.2879028320312,-2.5113098479963245,-3.0835693197671965,0.7474833240686893,3.5753175985455616,-0.3448842970977263,3.0755614981680424,-0.1733575830753779,2.5066808348473795,-3.481442907410474,-1.7891162134641228
49.0,270.0,1003.2879028320312,-2.5113098479963245,-3.0835693197671965,0.7474833240686893,3.5753175985455616,-0.344884297376977,3.0755614981680424,-0.1733575830753779,2.5066808348473795,-3.481442907410474,-1.7891162134641228
49.0,270.0,1003.2879028320312,-2.5113098479963245,-3.0835693197671965,0.7474833240686893,3.5753175985455616,-0.3448842970977263,3.0755614981680424,-0.1733575830753779,2.5066808348473795,-3.481442907410474,-1.7891162134641228
49.0,270.0,1003.2879028320312,-2.511309848064854,-3.0835693197673,0.7474833240686893,3.5753175985455616,-0.3448842970977268,3.075561497478553,-0.1733575830758202,2.50668084684844,-3.481442907410474,-1.7891162134622005
49.0,270.0,1003.2879028320312,-2.5113098479963245,-3.0835693197671965,0.7474833240686893,3.5753175985455616,-0.3448842970977263,3.0755614981680424,-0.1733575830753779,2.5066808348473795,-3.481442907410474,-1.7891162134641228
49.0,270.0,1003.2879638671876,-2.5113096930696623,-3.083569319597242,0.7474833240686893,3.5753235555028087,-0.3448842970710583,3.075561560351378,-0.1733575784226036,2.5066811369931177,-3.4814429043927126,-1.7891162132813838
49.0,270.0,1003.2879638671876,-2.511309848128389,-3.0835693197671965,0.7474833240686893,3.5753175985455616,-0.344884297370937,3.0755614981680424,-0.1733575830753779,2.5066808348473795,-3.4814429113044443,-1.7891165148356196
49.0,270.0,1003.2879638671876,-2.5113096930696623,-3.0835693195974474,0.7474833240686893,3.575323247033024,-0.3448842970859065,3.075561504062973,-0.1733575785423271,2.5066808145677486,-3.481442904161125,-1.7891162132813838
49.0,270.0,1003.2879638671876,-2.511309848128389,-3.0835693197671965,0.7474833240686893,3.5753175985455616,-0.344884297370937,3.0755614981680424,-0.1733575830753779,2.5066808348473795,-3.4814429113044443,-1.7891165148356196
49.0,270.0,1003.2879638671876,-2.5113096906569976,-3.083569319603425,0.7474833240686893,3.5753236440260565,-0.3448842970710583,3.0755615552399327,-0.1733575781429927,2.5066811369931177,-3.481442904585144,-1.7891162132813838
49.0,270.0,1003.2879638671876,-2.5113098479963245,-3.083569319605274,0.7474833240686893,3.5753236088331515,-0.3448842970977263,3.0755614981680424,-0.1733575830753779,2.506681123663206,-3.481442907410474,-1.7891162125516138
49.0,270.0,1003.2879638671876,-2.5113096906569976,-3.0835693196011817,0.7474833240686893,3.575317440166528,-0.3448842970710583,3.0755615528825264,-0.1733575781429927,2.506680840201432,-3.481442904585144,-1.7891162132743146
49.0,270.0,1003.2879638671876,-2.511309848128389,-3.0835693197671965,0.7474833240686893,3.5753175985455616,-0.344884297370937,3.0755614981680424,-0.1733575830753779,2.5066808348473795,-3.4814429113044443,-1.7891165148356196
49.0,270.0,1003.2879638671876,-2.511309848128389,-3.0835693197671965,0.7474833240686893,3.5753175985455616,-0.3448842970916863,3.0755614981680424,-0.1733575830753779,2.5066808348473795,-3.4814429113044443,-1.7891165148356196
49.0,270.0,1003.2879638671876,-2.511309680367663,-3.0835693195974474,0.7474833240686893,3.575323756361276,-0.3448842970859065,3.075561504062973,-0.1733575772212836,2.5066808145677486,-3.481442904462376,-1.7891162133091487
49.0,270.0,1003.2915649414062,-2.5113098324163707,-3.08356931976772,0.7505433488814244,3.575317598494553,-0.3448842970864232,3.07556139978604,-0.1733575773233769,2.5066808375957,-3.481442907410474,-1.789116210470718
49.0,270.0,1003.2915649414062,-2.511309745368332,-3.083569319761085,0.7505433488814244,3.575317598494553,-0.3448842970862434,3.07556139978604,-0.1733575773233769,2.5066811187121085,-3.481442907489472,-1.789116192495704
49.0,270.0,1003.2916259765624,-2.511309745358163,-3.083569319761939,0.750541653047749,3.5753237880961786,-0.3448842970977713,3.075561409675759,-0.1733575775505071,2.506681110317712,-3.481442951222183,-1.7891161926860102
49.0,270.0,1003.291748046875,-2.511309845453172,-3.083569319762178,0.7505662729692965,3.575317598494553,-0.3448842970864232,3.075561500295025,-0.1733575773233769,2.5066808375957,-3.481442907410474,-1.7891162104059135
49.0,270.0,1003.291748046875,-2.5113096930696623,-3.0835693195974474,0.7505184633626996,3.5753237885635616,-0.3448842970920488,3.075561504062973,-0.1733575785421825,2.5066808145677486,-3.481442904161125,-1.7891162132813838
49.0,270.0,1003.291748046875,-2.511309845453172,-3.083569319767049,0.7505662729692965,3.5753174296940555,-0.3448842970864232,3.075561500295025,-0.1733575831671565,2.5066808375957,-3.481442910314111,-1.7891162104059135
49.0,270.0,1003.2918090820312,-2.511309840246589,-3.083569319766939,0.7505689192141753,3.5753170805919328,-0.3448842970863357,3.0755614981680424,-0.1733575832632488,2.5066811027633364,-3.48144290623406,-1.7891162104059135
49.0,270.0,1003.2919311523438,-2.511309845453172,-3.083569319766939,0.7505761627235981,3.575317598494553,-0.3448842970864232,3.0755614981680424,-0.1733575830753779,2.5066808375957,-3.481442907410474,-1.7891162104059135
49.0,270.0,1003.2919311523438,-2.511309845453172,-3.083569319766939,0.7505761627235981,3.5753175994285726,-0.344884297093254,3.0755614981680424,-0.1733575830753779,2.506680838395345,-3.481442907439804,-1.7891162160552003
49.0,270.0,1003.2919311523438,-2.511309845453172,-3.083569319766939,0.7505761627235981,3.575317598494553,-0.3448842970864232,3.0755614981680424,-0.1733575830753779,2.5066811027633364,-3.481442907410474,-1.7891162104059135
49.0,270.0,1003.2919311523438,-2.51130969214678,-3.0835693195971525,0.7505767316320698,3.57532377400876,-0.3448842970735651,3.0755615582593507,-0.1733575772696911,2.506681120724073,-3.4814429508629527,-1.7891162184709724
49.0,270.0,1003.2919311523438,-2.511309845453172,-3.0835693197669314,0.7505761627235981,3.575317598494553,-0.3448842970864232,3.0755614981680424,-0.1733575830753779,2.5066808375957,-3.481442907410474,-1.7891162134809635
49.0,270.0,1003.2919921875,-2.511309856737418,-3.083569319605076,0.7505781349324814,3.5753236088331515,-0.3448842970977263,3.0755614981680424,-0.1733575830792907,2.506681123663206,-3.481442907410474,-1.7891162125516138
49.0,270.0,1003.2926635742188,-2.511309751977391,-3.0835693197669483,0.7504801001208609,3.575323592950029,-0.3448842970890545,3.075561498128059,-0.173357583302508,2.506681111030626,-3.48144291024086,-1.7891161926860102
49.0,270.0,1003.2926635742188,-2.5113097539592086,-3.083569319767298,0.7504801001208609,3.575323592950029,-0.3448842970985549,3.075561498128059,-0.173357583302508,2.5066811086398206,-3.48144291024086,-1.7891161926860102
49.0,270.0,1003.2926635742188,-2.511309751977391,-3.083569319762077,0.7504801001208609,3.575323761750528,-0.3448842970890545,3.075561498128059,-0.1733575774587284,2.506681111030626,-3.481442907337222,-1.7891161926860102
49.0,270.0,1003.292724609375,-2.5113097136831604,-3.083569319761676,0.750477453875982,3.575324392951847,-0.3448842970743213,3.0755615554199576,-0.1733575770542967,2.5066811151845068,-3.4814429073362154,-1.7891162105373288
49.0,270.0,1003.2929077148438,-2.511309745358163,-3.083569319767168,0.7504723246327611,3.5753237880961786,-0.3448842970977713,3.0755614004370537,-0.1733575775505071,2.506680799780136,-3.481442951222183,-1.7891161926860102
49.0,270.0,1003.29296875,-2.511309745358163,-3.083569319761939,0.7504702103665593,3.5753237880961786,-0.3448842970921196,3.075561409675759,-0.1733575775505071,2.506681110317712,-3.481442951222183,-1.7891161926860102
49.0,270.0,1003.29296875,-2.511309845453172,-3.083569319766939,0.7504702103665593,3.57531755559957,-0.3448842970864141,3.0755614981680424,-0.1733575830753779,2.5066808375957,-3.481442907410474,-1.7891162105552376
49.0,270.0,1003.29296875,-2.511309845453172,-3.083569319766939,0.7504702103665593,3.5753175994255173,-0.3448842973692142,3.0755614981680424,-0.1733575831787542,2.506680807249897,-3.4814429113096006,-1.7891165746877415
49.0,270.0,1003.29296875,-2.511309745358163,-3.083569319761982,0.7504702103665593,3.5753237880961786,-0.3448842970908279,3.075561372720124,-0.1733575775505071,2.5066811113126564,-3.481442951222183,-1.7891162366895694
49.0,270.0,1003.29296875,-2.511309680866412,-3.0835693197614225,0.7504702103665593,3.575323756248962,-0.3448842970742337,3.0755615517228265,-0.1733575772421677,2.506681116847658,-3.481442950494865,-1.7891162197553134
49.0,270.0,1003.29296875,-2.511309821610187,-3.083569319761939,0.7504702103665593,3.5753237776240425,-0.3448842970921196,3.075561409675759,-0.1733575775505071,2.5066811103170603,-3.481442951222183,-1.7891161926860102
49.0,271.0,1003.2842407226562,-2.5113096930696623,-3.083569319597242,0.7475034222324234,3.575317465165023,-0.3448842970710583,3.075561560351378,-0.173357583274992,2.5066811369931177,-3.4814429043927126,-1.7891162132416936
49.0,271.0,1003.2845458984376,-2.5113098479963245,-3.0835693197671965,0.7475014408413668,3.5753175985455616,-0.3448842970974911,3.0755614981680424,-0.1733575830753779,2.506680834842749,-3.481442907410474,-1.7891162134641228
49.0,271.0,1003.2879028320312,-2.5113098479963245,-3.0835693197671965,0.7474833240686893,3.5753175985455616,-0.3448842970977263,3.0755614981680424,-0.1733575830753779,2.5066808348473795,-3.481442907410474,-1.7891162134641228
49.0,271.0,1003.2879028320312,-2.5113098479963245,-3.0835693197671965,0.7474833240686893,3.5753175985455616,-0.3448842970977263,3.0755614981680424,-0.1733575830753779,2.5066808348473795,-3.481442907410474,-1.7891162134641228
49.0,271.0,1003.2879028320312,-2.5113098479963245,-3.0835693197671965,0.7474833240686893,3.5753175985455616,-0.3448842970977263,3.0755614981680424,-0.1733575830753779,2.5066808348473795,-3.481442907410474,-1.7891162134641228
49.0,271.0,1003.2879028320312,-2.5113098479963245,-3.0835693197671965,0.7474833240686893,3.5753175985455616,-0.3448842970977263,3.0755614981680424,-0.1733575830753779,2.5066808348473795,-3.481442907410474,-1.7891162134641228
49.0,271.0,1003.2879028320312,-2.51130983236203,-3.0835693197673,0.7474833240686893,3.5753175985455616,-0.3448842970977384,3.0755614095229697,-0.173357582943724,2.50668084684844,-3.481442907410474,-1.7891162134186285
49.0,271.0,1003.2879028320312,-2.5113098479963245,-3.0835693197671965,0.7474833240686893,3.5753175985455616,-0.3448842970977263,3.0755614981680424,-0.1733575830753779,2.5066808348473795,-3.481442907410474,-1.7891162134641228
49.0,271.0,1003.2879028320312,-2.5113098479963245,-3.0835693197671965,0.7474833240686893,3.5753175985455616,-0.3448842970977263,3.0755614981680424,-0.1733575830753779,2.5066808348473795,-3.481442907410474,-1.7891162134641228
49.0,271.0,1003.2879028320312,-2.5113098479963245,-3.0835693197671965,0.7474833240686893,3.5753175985455616,-0.3448842970977263,3.0755614981680424,-0.1733575830753779,2.5066808348473795,-3.481442907410474,-1.7891162134641228
49.0,271.0,1003.2879028320312,-2.5113098479963245,-3.0835693197671965,0.7474833240686893,3.5753175985455616,-0.3448842970977263,3.0755614981680424,-0.1733575830753779,2.5066808348473795,-3.481442907410474,-1.7891162134641228
49.0,271.0,1003.2879028320312,-2.511309832293501,-3.0835693197671965,0.7474833240686893,3.5753175985455616,-0.344884297097738,3.0755614102124587,-0.1733575829432816,2.5066808348473795,-3.481442907410474,-1.7891162134205507
49.0,271.0,1003.2879028320312,-2.5113098479963245,-3.0835693197671965,0.7474833240686893,3.5753175985455616,-0.3448842970977263,3.0755614981680424,-0.1733575830753779,2.5066808348473795,-3.481442907410474,-1.7891162134641228
49.0,271.0,1003.2879028320312,-2.5113098479963245,-3.0835693197671965,0.7474833240686893,3.5753175985455616,-0.344884297376977,3.0755614981680424,-0.1733575830753779,2.5066808348473795,-3.481442907410474,-1.7891162134641228
49.0,271.0,1003.2879028320312,-2.5113098479963245,-3.0835693197671965,0.7474833240686893,3.5753175985455616,-0.3448842970977263,3.0755614981680424,-0.1733575830753779,2.5066808348473795,-3.481442907410474,-1.7891162134641228
49.0,271.0,1003.2879028320312,-2.511309848064854,-3.0835693197673,0.7474833240686893,3.5753175985455616,-0.3448842970977268,3.075561497478553,-0.1733575830758202,2.50668084684844,-3.481442907410474,-1.7891162134622005
49.0,271.0,1003.2879028320312,-2.5113098479963245,-3.0835693197671965,0.7474833240686893,3.5753175985455616,-0.3448842970977263,3.0755614981680424,-0.1733575830753779,2.5066808348473795,-3.481442907410474,-1.7891162134641228
49.0,271.0,1003.2879028320312,-2.5113098479963245,-3.0835693197671965,0.7474833240686893,3.5753175985455616,-0.3448842973788421,3.0755614981680424,-0.1733575830753779,2.5066808348473795,-3.481442907410474,-1.7891162134641228
49.0,271.0,1003.2879028320312,-2.51130984793052,-3.0835693197669207,0.7474833240686893,3.575317588980525,-0.3448842970977479,3.0755614981680424,-0.1733575830753779,2.5066808348473795,-3.481442907410474,-1.7891162134641228
49.0,271.0,1003.2879028320312,-2.5113098479963245,-3.0835693197671965,0.7474833240686893,3.5753175985455616,-0.3448842970977263,3.0755614981680424,-0.1733575830753779,2.5066808348473795,-3.481442907410474,-1.7891162134641228
49.0,271.0,1003.2879028320312,-2.511309848128765,-3.0835693197671965,0.7474833240686893,3.5753175985455616,-0.3448842973769663,3.0755614981680424,-0.1733575830753779,2.5066808348473795,-3.481442907552873,-1.7891162134641228
49.0,271.0,1003.2879028320312,-2.5113098479963245,-3.0835693197671965,0.7474833240686893,3.5753175985455616,-0.3448842970958613,3.0755614981680424,-0.1733575830753779,2.5066808348473795,-3.481442907410474,-1.7891162134641228
49.0,271.0,1003.2879028320312,-2.511309832293501,-3.0835693197671965,0.7474833240686893,3.5753175985455616,-0.3448842970977373,3.0755614102124587,-0.1733575830758153,2.5066808348473795,-3.481442907410474,-1.7891162134655607
49.0,271.0,1003.2879028320312,-2.5113096906569976,-3.08356931960053,0.7474833240686893,3.5753176000011218,-0.3448842970696294,3.0755615534113656,-0.1733575781429927,2.506680840752112,-3.481442904585144,-1.7891162132743146
49.0,271.0,1003.2879028320312,-2.5113098479963245,-3.083569319763673,0.7474833240686893,3.5753176648122285,-0.3448842970977263,3.0755614981680424,-0.1733575830753779,2.5066808348473795,-3.481442907410474,-1.7891162125567766
49.0,271.0,1003.2879028320312,-2.511309848064854,-3.0835693197673,0.7474833240686893,3.5753175985455616,-0.3448842970977268,3.075561497478553,-0.1733575830758202,2.506680846546312,-3.481442907410474,-1.7891162134622005
49.0,271.0,1003.2879028320312,-2.51130983236203,-3.0835693197673,0.7474833240686893,3.5753175985455616,-0.344884297097739,3.0755614095229697,-0.173357582943724,2.506680846598412,-3.481442907410474,-1.7891162134189202
49.0,271.0,1003.2879638671876,-2.5113096930696623,-3.083569319597242,0.7474833240686893,3.5753235555028087,-0.3448842970710583,3.075561560351378,-0.1733575784226036,2.5066811369931177,-3.4814429043927126,-1.7891162132813838
49.0,271.0,1003.2879638671876,-2.511309848128389,-3.0835693197671965,0.7474833240686893,3.5753175985455616,-0.344884297370937,3.0755614981680424,-0.1733575830753779,2.5066808348473795,-3.4814429113044443,-1.7891165148356196
49.0,271.0,1003.2879638671876,-2.5113096930696623,-3.0835693195974474,0.7474833240686893,3.575323247033024,-0.3448842970859065,3.075561504062973,-0.1733575785423271,2.5066808145677486,-3.481442904161125,-1.7891162132813838
49.0,271.0,1003.2879638671876,-2.511309848128389,-3.0835693197671965,0.7474833240686893,3.5753175985455616,-0.344884297370937,3.0755614981680424,-0.1733575830753779,2.5066808348473795,-3.4814429113044443,-1.7891165148356196
49.0,271.0,1003.2879638671876,-2.5113096906569976,-3.083569319603425,0.7474833240686893,3.5753236440260565,-0.3448842970710583,3.0755615552399327,-0.1733575781429927,2.5066811369931177,-3.481442904585144,-1.7891162132813838
49.0,271.0,1003.2879638671876,-2.5113098479963245,-3.083569319605274,0.7474833240686893,3.5753236088331515,-0.3448842970977263,3.0755614981680424,-0.1733575830753779,2.506681123663206,-3.481442907410474,-1.7891162125516138
49.0,271.0,1003.2879638671876,-2.5113096906569976,-3.0835693196011817,0.7474833240686893,3.575317440166528,-0.3448842970710583,3.0755615528825264,-0.1733575781429927,2.506680840201432,-3.481442904585144,-1.7891162132743146
49.0,271.0,1003.2879638671876,-2.511309848128389,-3.0835693197671965,0.7474833240686893,3.5753175985455616,-0.344884297370937,3.0755614981680424,-0.1733575830753779,2.5066808348473795,-3.4814429113044443,-1.7891165148356196
49.0,271.0,1003.2879638671876,-2.511309848128389,-3.0835693197671965,0.7474833240686893,3.5753175985455616,-0.3448842970916863,3.0755614981680424,-0.1733575830753779,2.5066808348473795,-3.4814429113044443,-1.7891165148356196
49.0,271.0,1003.2879638671876,-2.511309680367663,-3.0835693195974474,0.7474833240686893,3.575323756361276,-0.3448842970859065,3.075561504062973,-0.1733575772212836,2.5066808145677486,-3.481442904462376,-1.7891162133091487
49.0,271.0,1003.2879638671876,-2.5113098481318,-3.0835693197671965,0.7474833240686893,3.5753175985455616,-0.344884297370937,3.0755614981680424,-0.1733575830753779,2.5066808348473795,-3.4814429113044443,-1.7891165148356196
49.0,271.0,1003.2879638671876,-2.511309848128389,-3.0835693197671965,0.7474833240686893,3.5753175985456007,-0.3448842970590887,3.0755614981680424,-0.1733575830753779,2.506680837346019,-3.4814429113044443,-1.7891165148356196
49.0,271.0,1003.2879638671876,-2.5113096930696623,-3.083569319597242,0.7474833240686893,3.5753235555028087,-0.3448842970710583,3.075561560351378,-0.1733575784226036,2.5066811369931177,-3.4814429043927126,-1.7891162132813838
49.0,271.0,1003.2880249023438,-2.5113096930696623,-3.083569319765279,0.7474833240686893,3.5753187185081927,-0.3448842970919689,3.07556149906992,-0.1733575829305176,2.5066811369931177,-3.4814429043927126,-1.7891164858780668
49.0,271.0,1003.2915649414062,-2.5113098324163707,-3.08356931976772,0.7505433488814244,3.575317598494553,-0.3448842970864232,3.07556139978604,-0.1733575773233769,2.5066808375957,-3.481442907410474,-1.789116210470718
49.0,271.0,1003.2915649414062,-2.511309745368332,-3.083569319761085,0.7505433488814244,3.575317598494553,-0.3448842970862434,3.07556139978604,-0.1733575773233769,2.5066811187121085,-3.481442907489472,-1.789116192495704
49.0,271.0,1003.2916259765624,-2.511309745358163,-3.083569319761939,0.750541653047749,3.5753237880961786,-0.3448842970977713,3.075561409675759,-0.1733575775505071,2.506681110317712,-3.481442951222183,-1.7891161926860102
49.0,271.0,1003.2916870117188,-2.511309845453172,-3.083569319766939,0.7505580459509206,3.575317598494553,-0.3448842970866585,3.0755614981680424,-0.1733575830753779,2.50668083760033,-3.481442907410474,-1.7891162104059135
49.0,271.0,1003.291748046875,-2.511309845453172,-3.083569319762178,0.7505662729692965,3.575317598494553,-0.3448842970864232,3.075561500295025,-0.1733575773233769,2.5066808375957,-3.481442907410474,-1.7891162104059135
49.0,271.0,1003.291748046875,-2.5113096930696623,-3.0835693195974474,0.7505184633626996,3.5753237885635616,-0.3448842970920488,3.075561504062973,-0.1733575785421825,2.5066808145677486,-3.481442904161125,-1.7891162132813838
49.0,271.0,1003.291748046875,-2.511309845453172,-3.083569319767049,0.7505662729692965,3.5753174296940555,-0.3448842970864232,3.075561500295025,-0.1733575831671565,2.5066808375957,-3.481442910314111,-1.7891162104059135
49.0,271.0,1003.2918090820312,-2.511309840246589,-3.083569319766939,0.7505689192141753,3.5753170805919328,-0.3448842970863357,3.0755614981680424,-0.1733575832632488,2.5066811027633364,-3.48144290623406,-1.7891162104059135
49.0,271.0,1003.2918090820312,-2.511309840312394,-3.0835693197672147,0.7505689192141753,3.57531709015697,-0.3448842970863142,3.0755614981680424,-0.1733575832632488,2.5066811027633364,-3.48144290623406,-1.7891162104059135
49.0,272.0,1003.2842407226562,-2.5113096930696623,-3.083569319597242,0.7475034222324234,3.575317465165023,-0.3448842970710583,3.075561560351378,-0.173357583274992,2.5066811369931177,-3.4814429043927126,-1.7891162132416936
49.0,272.0,1003.2844848632812,-2.5113096930696623,-3.083569319597146,0.7475020740426359,3.575317465165023,-0.3448842970703635,3.075561560351378,-0.173357583274992,2.5066811369931177,-3.4814429042975883,-1.789116213248112
49.0,272.0,1003.2845458984376,-2.5113098479963245,-3.0835693197671965,0.7475014408413668,3.5753175985455616,-0.3448842970974911,3.0755614981680424,-0.1733575830753779,2.506680834842749,-3.481442907410474,-1.7891162134641228
49.0,272.0,1003.2845458984376,-2.5113098479963245,-3.0835693197671965,0.7475014408413668,3.5753175985455616,-0.3448842970976997,3.0755614981680424,-0.1733575830753779,2.506680834842828,-3.481442907410474,-1.7891162134641228
49.0,272.0,1003.2847290039062,-2.511309840417204,-3.083569319764681,0.7475009316305326,3.575317465165023,-0.3448842970971469,3.075561560504163,-0.173357583274992,2.506681133677453,-3.4814429043927126,-1.7891162132416936
49.0,272.0,1003.2874145507812,-2.5113097006487832,-3.0835693195962337,0.7474858146705803,3.5753176648122285,-0.3448842970716376,3.075561498015257,-0.1733575830753779,2.5066808381630445,-3.481442907410474,-1.7891162125567766
49.0,272.0,1003.2879028320312,-2.5113098479963245,-3.0835693197671965,0.7474833240686893,3.5753175985455616,-0.3448842970977263,3.0755614981680424,-0.1733575830753779,2.5066808348473795,-3.481442907410474,-1.7891162134641228
49.0,272.0,1003.2879028320312,-2.5113098479963245,-3.0835693197671965,0.7474833240686893,3.5753175985455616,-0.3448842970977263,3.0755614981680424,-0.1733575830753779,2.5066808348473795,-3.481442907410474,-1.7891162134641228
49.0,272.0,1003.2879028320312,-2.5113098479963245,-3.0835693197671965,0.7474833240686893,3.5753175985455616,-0.3448842970977263,3.0755614981680424,-0.1733575830753779,2.5066808348473795,-3.481442907410474,-1.7891162134641228
49.0,272.0,1003.2879028320312,-2.5113098479963245,-3.0835693197671965,0.7474833240686893,3.5753175985455616,-0.3448842970977263,3.0755614981680424,-0.1733575830753779,2.5066808348473795,-3.481442907410474,-1.7891162134641228
49.0,272.0,1003.2879028320312,-2.51130983236203,-3.0835693197673,0.7474833240686893,3.5753175985455616,-0.3448842970977384,3.0755614095229697,-0.173357582943724,2.50668084684844,-3.481442907410474,-1.7891162134186285
49.0,272.0,1003.2879028320312,-2.5113098479963245,-3.0835693197671965,0.7474833240686893,3.5753175985455616,-0.3448842970977263,3.0755614981680424,-0.1733575830753779,2.5066808348473795,-3.481442907410474,-1.7891162134641228
49.0,272.0,1003.2879028320312,-2.5113098479963245,-3.0835693197671965,0.7474833240686893,3.5753175985455616,-0.3448842970977263,3.0755614981680424,-0.1733575830753779,2.5066808348473795,-3.481442907410474,-1.7891162134641228
49.0,272.0,1003.2879028320312,-2.5113098479963245,-3.0835693197671965,0.7474833240686893,3.5753175985455616,-0.3448842970977263,3.0755614981680424,-0.1733575830753779,2.5066808348473795,-3.481442907410474,-1.7891162134641228
49.0,272.0,1003.2879028320312,-2.5113098479963245,-3.0835693197671965,0.7474833240686893,3.5753175985455616,-0.3448842970977263,3.0755614981680424,-0.1733575830753779,2.5066808348473795,-3.481442907410474,-1.7891162134641228
49.0,272.0,1003.2879028320312,-2.511309832293501,-3.0835693197671965,0.7474833240686893,3.5753175985455616,-0.344884297097738,3.0755614102124587,-0.1733575829432816,2.5066808348473795,-3.481442907410474,-1.7891162134205507
49.0,272.0,1003.2879028320312,-2.5113098479963245,-3.0835693197671965,0.7474833240686893,3.5753175985455616,-0.3448842970977263,3.0755614981680424,-0.1733575830753779,2.5066808348473795,-3.481442907410474,-1.7891162134641228
49.0,272.0,1003.2879028320312,-2.5113098479963245,-3.0835693197671965,0.7474833240686893,3.5753175985455616,-0.344884297376977,3.0755614981680424,-0.1733575830753779,2.5066808348473795,-3.481442907410474,-1.7891162134641228
49.0,272.0,1003.2879028320312,-2.5113098479963245,-3.0835693197671965,0.7474833240686893,3.5753175985455616,-0.3448842970977263,3.0755614981680424,-0.1733575830753779,2.5066808348473795,-3.481442907410474,-1.7891162134641228
49.0,272.0,1003.2879028320312,-2.511309848064854,-3.0835693197673,0.7474833240686893,3.5753175985455616,-0.3448842970977268,3.075561497478553,-0.1733575830758202,2.50668084684844,-3.481442907410474,-1.7891162134622005
49.0,272.0,1003.2879028320312,-2.5113098479963245,-3.0835693197671965,0.7474833240686893,3.5753175985455616,-0.3448842970977263,3.0755614981680424,-0.1733575830753779,2.5066808348473795,-3.481442907410474,-1.7891162134641228
49.0,272.0,1003.2879028320312,-2.5113098479963245,-3.0835693197671965,0.7474833240686893,3.5753175985455616,-0.3448842973788421,3.0755614981680424,-0.1733575830753779,2.5066808348473795,-3.481442907410474,-1.7891162134641228
49.0,272.0,1003.2879028320312,-2.51130984793052,-3.0835693197669207,0.7474833240686893,3.575317588980525,-0.3448842970977479,3.0755614981680424,-0.1733575830753779,2.5066808348473795,-3.481442907410474,-1.7891162134641228
49.0,272.0,1003.2879028320312,-2.5113098479963245,-3.0835693197671965,0.7474833240686893,3.5753175985455616,-0.3448842970977263,3.0755614981680424,-0.1733575830753779,2.5066808348473795,-3.481442907410474,-1.7891162134641228
49.0,272.0,1003.2879028320312,-2.511309848128765,-3.0835693197671965,0.7474833240686893,3.5753175985455616,-0.3448842973769663,3.0755614981680424,-0.1733575830753779,2.5066808348473795,-3.481442907552873,-1.7891162134641228
49.0,272.0,1003.2879028320312,-2.5113098479963245,-3.0835693197671965,0.7474833240686893,3.5753175985455616,-0.3448842970958613,3.0755614981680424,-0.1733575830753779,2.5066808348473795,-3.481442907410474,-1.7891162134641228
49.0,272.0,1003.2879028320312,-2.511309832293501,-3.0835693197671965,0.7474833240686893,3.5753175985455616,-0.3448842970977373,3.0755614102124587,-0.1733575830758153,2.5066808348473795,-3.481442907410474,-1.7891162134655607
49.0,272.0,1003.2879028320312,-2.5113096906569976,-3.08356931960053,0.7474833240686893,3.5753176000011218,-0.3448842970696294,3.0755615534113656,-0.1733575781429927,2.506680840752112,-3.481442904585144,-1.7891162132743146
49.0,272.0,1003.2879028320312,-2.5113098479963245,-3.083569319763673,0.7474833240686893,3.5753176648122285,-0.3448842970977263,3.0755614981680424,-0.1733575830753779,2.5066808348473795,-3.481442907410474,-1.7891162125567766
49.0,272.0,1003.2879028320312,-2.511309848064854,-3.0835693197673,0.7474833240686893,3.5753175985455616,-0.3448842970977268,3.075561497478553,-0.1733575830758202,2.506680846546312,-3.481442907410474,-1.7891162134622005
49.0,272.0,1003.2879028320312,-2.51130983236203,-3.0835693197673,0.7474833240686893,3.5753175985455616,-0.344884297097739,3.0755614095229697,-0.173357582943724,2.506680846598412,-3.481442907410474,-1.7891162134189202
49.0,272.0,1003.2879028320312,-2.5113098479963245,-3.0835693197671965,0.7474833240686893,3.5753175985455616,-0.3448842970977263,3.0755614981680424,-0.1733575830753779,2.5066808348473795,-3.4814429075532565,-1.7891162134641228
49.0,272.0,1003.2879028320312,-2.5113098479963245,-3.0835693197671965,0.7474833240686893,3.5753175985455616,-0.344884297376977,3.0755614981680424,-0.1733575830753779,2.5066808348473795,-3.481442907410474,-1.7891162134641228
49.0,272.0,1003.2879028320312,-2.5113098479963245,-3.0835693197671965,0.7474833240686893,3.5753175985455616,-0.3448842970977263,3.0755614981680424,-0.1733575830753779,2.5066808348473795,-3.481442907410474,-1.7891162134641228
49.0,272.0,1003.2879028320312,-2.511309680639436,-3.0835693197671965,0.7474833240686893,3.575323599228233,-0.3448842973769663,3.0755614981680424,-0.1733575830753779,2.5066808348473795,-3.481442907552873,-1.7891162134641228
49.0,272.0,1003.2879028320312,-2.51130983236203,-3.083569319767204,0.7474833240686893,3.5753175985455616,-0.3448842970977255,3.0755614095229697,-0.173357582943724,2.50668084684844,-3.481442907410474,-1.7891162134186285
49.0,272.0,1003.2879028320312,-2.5113098479963245,-3.0835693197671965,0.7474833240686893,3.5753175985455616,-0.3448842970958613,3.0755614981680424,-0.1733575830753779,2.5066808348473795,-3.481442907410474,-1.7891162134641228
49.0,272.0,1003.2879028320312,-2.511309832293501,-3.0835693197671965,0.7474833240686893,3.5753175985455616,-0.3448842970977373,3.0755614102124587,-0.173357583075371,2.5066808348473795,-3.481442907410474,-1.7891162134655607
49.0,272.0,1003.2879028320312,-2.5113098479963245,-3.0835693197671965,0.7474833240686893,3.5753175985455616,-0.3448842970977263,3.0755614981680424,-0.1733575830753779,2.5066808348473795,-3.481442907410474,-1.7891162134641228
49.0,272.0,1003.2879028320312,-2.511309848064854,-3.0835693197671983,0.7474833240686893,3.5753175985455616,-0.3448842970977268,3.075561497478553,-0.1733575830757899,2.506680834902168,-3.481442907410474,-1.7891162134622416
49.0,272.0,1003.2879028320312,-2.5113098479963245,-3.0835693197671965,0.7474833240686893,3.5753175985455616,-0.3448842970977263,3.0755614981680424,-0.1733575830753779,2.5066808348473795,-3.481442907410474,-1.7891162134641228
49.0,272.0,1003.2879028320312,-2.5113098479963245,-3.0835693197671965,0.7474833240686893,3.575317598388932,-0.3448842970977263,3.0755614981680424,-0.1733575830753779,2.5066808348473795,-3.481442907410474,-1.7891162134641228
49.0,272.0,1003.2879028320312,-2.511309689145206,-3.0835693197671965,0.7474833240686893,3.5753175985455616,-0.3448842970977263,3.0755614981680424,-0.1733575782560631,2.5066808348473795,-3.481442907410474,-1.7891162134641228
49.0,272.0,1003.2879638671876,-2.5113096930696623,-3.083569319597242,0.7474833240686893,3.5753235555028087,-0.3448842970710583,3.075561560351378,-0.1733575784226036,2.5066811369931177,-3.4814429043927126,-1.7891162132813838
49.0,272.0,1003.2879638671876,-2.511309848128389,-3.0835693197671965,0.7474833240686893,3.5753175985455616,-0.344884297370937,3.0755614981680424,-0.1733575830753779,2.5066808348473795,-3.4814429113044443,-1.7891165148356196
49.0,272.0,1003.2879638671876,-2.5113096930696623,-3.0835693195974474,0.7474833240686893,3.575323247033024,-0.3448842970859065,3.075561504062973,-0.1733575785423271,2.5066808145677486,-3.481442904161125,-1.7891162132813838
49.0,272.0,1003.2879638671876,-2.511309848128389,-3.0835693197671965,0.7474833240686893,3.5753175985455616,-0.344884297370937,3.0755614981680424,-0.1733575830753779,2.5066808348473795,-3.4814429113044443,-1.7891165148356196
49.0,272.0,1003.2879638671876,-2.5113096906569976,-3.083569319603425,0.7474833240686893,3.5753236440260565,-0.3448842970710583,3.0755615552399327,-0.1733575781429927,2.5066811369931177,-3.481442904585144,-1.7891162132813838
49.0,272.0,1003.2879638671876,-2.5113098479963245,-3.083569319605274,0.7474833240686893,3.5753236088331515,-0.3448842970977263,3.0755614981680424,-0.1733575830753779,2.506681123663206,-3.481442907410474,-1.7891162125516138
49.0,272.0,1003.2879638671876,-2.5113096906569976,-3.0835693196011817,0.7474833240686893,3.575317440166528,-0.3448842970710583,3.0755615528825264,-0.1733575781429927,2.506680840201432,-3.481442904585144,-1.7891162132743146
49.0,273.0,1003.2842407226562,-2.5113096930696623,-3.083569319597242,0.7475034222324234,3.575317465165023,-0.3448842970710583,3.075561560351378,-0.173357583274992,2.5066811369931177,-3.4814429043927126,-1.7891162132416936
49.0,273.0,1003.2842407226562,-2.511309694866741,-3.083569319600408,0.7475034222324234,3.575317465165023,-0.344884297070628,3.075561569004859,-0.173357582979062,2.5066811369931177,-3.4814429043927126,-1.7891162132416936
49.0,273.0,1003.2842407226562,-2.5113096930696623,-3.083569319597242,0.7475034222324234,3.575317465165023,-0.3448842970982566,3.075561560351378,-0.1733575832736139,2.506681132382399,-3.481442907490888,-1.7891162132463363
49.0,273.0,1003.2844848632812,-2.5113096930696623,-3.083569319597146,0.7475020740426359,3.575317465165023,-0.3448842970703635,3.075561560351378,-0.173357583274992,2.5066811369931177,-3.4814429042975883,-1.789116213248112
49.0,273.0,1003.2845458984376,-2.5113098479963245,-3.0835693197671965,0.7475014408413668,3.5753175985455616,-0.3448842970974911,3.0755614981680424,-0.1733575830753779,2.506680834842749,-3.481442907410474,-1.7891162134641228
49.0,273.0,1003.2845458984376,-2.5113098479963245,-3.0835693197671965,0.7475014408413668,3.5753175985455616,-0.3448842970976997,3.0755614981680424,-0.1733575830753779,2.506680834842828,-3.481442907410474,-1.7891162134641228
49.0,273.0,1003.2845458984376,-2.5113098479963245,-3.0835693197671965,0.7475014408413668,3.5753175985455616,-0.3448842970974911,3.0755614981680424,-0.1733575830753779,2.506680834842749,-3.481442907410474,-1.7891162134641228
49.0,273.0,1003.2847290039062,-2.511309840417204,-3.083569319764681,0.7475009316305326,3.575317465165023,-0.3448842970971469,3.075561560504163,-0.173357583274992,2.506681133677453,-3.4814429043927126,-1.7891162132416936
49.0,273.0,1003.2874145507812,-2.5113097006487832,-3.0835693195962337,0.7474858146705803,3.5753176648122285,-0.3448842970716376,3.075561498015257,-0.1733575830753779,2.5066808381630445,-3.481442907410474,-1.7891162125567766
49.0,273.0,1003.2877807617188,-2.511309843927869,-3.0835693197671965,0.747483922219365,3.5753175982358987,-0.3448842970985898,3.075561491209436,-0.1733575830753779,2.506680826328989,-3.4814429073309445,-1.7891162134641228
49.0,273.0,1003.2879028320312,-2.5113098479963245,-3.0835693197671965,0.7474833240686893,3.5753175985455616,-0.3448842970977263,3.0755614981680424,-0.1733575830753779,2.5066808348473795,-3.481442907410474,-1.7891162134641228
49.0,273.0,1003.2879028320312,-2.5113098479963245,-3.0835693197671965,0.7474833240686893,3.5753175985455616,-0.3448842970977263,3.0755614981680424,-0.1733575830753779,2.5066808348473795,-3.481442907410474,-1.7891162134641228
49.0,273.0,1003.2879028320312,-2.5113098479963245,-3.0835693197671965,0.7474833240686893,3.5753175985455616,-0.3448842970977263,3.0755614981680424,-0.1733575830753779,2.5066808348473795,-3.481442907410474,-1.7891162134641228
49.0,273.0,1003.2879028320312,-2.5113098479963245,-3.0835693197671965,0.7474833240686893,3.5753175985455616,-0.3448842970977263,3.0755614981680424,-0.1733575830753779,2.5066808348473795,-3.481442907410474,-1.7891162134641228
49.0,273.0,1003.2879028320312,-2.51130983236203,-3.0835693197673,0.7474833240686893,3.5753175985455616,-0.3448842970977384,3.0755614095229697,-0.173357582943724,2.50668084684844,-3.481442907410474,-1.7891162134186285
49.0,273.0,1003.2879028320312,-2.5113098479963245,-3.0835693197671965,0.7474833240686893,3.5753175985455616,-0.3448842970977263,3.0755614981680424,-0.1733575830753779,2.5066808348473795,-3.481442907410474,-1.7891162134641228
49.0,273.0,1003.2879028320312,-2.5113098479963245,-3.0835693197671965,0.7474833240686893,3.5753175985455616,-0.3448842970977263,3.0755614981680424,-0.1733575830753779,2.5066808348473795,-3.481442907410474,-1.7891162134641228
49.0,273.0,1003.2879028320312,-2.5113098479963245,-3.0835693197671965,0.7474833240686893,3.5753175985455616,-0.3448842970977263,3.0755614981680424,-0.1733575830753779,2.5066808348473795,-3.481442907410474,-1.7891162134641228
49.0,273.0,1003.2879028320312,-2.5113098479963245,-3.0835693197671965,0.7474833240686893,3.5753175985455616,-0.3448842970977263,3.0755614981680424,-0.1733575830753779,2.5066808348473795,-3.481442907410474,-1.7891162134641228
49.0,273.0,1003.2879028320312,-2.511309832293501,-3.0835693197671965,0.7474833240686893,3.5753175985455616,-0.344884297097738,3.0755614102124587,-0.1733575829432816,2.5066808348473795,-3.481442907410474,-1.7891162134205507
49.0,273.0,1003.2879028320312,-2.5113098479963245,-3.0835693197671965,0.7474833240686893,3.5753175985455616,-0.3448842970977263,3.0755614981680424,-0.1733575830753779,2.5066808348473795,-3.481442907410474,-1.7891162134641228
49.0,273.0,1003.2879028320312,-2.5113098479963245,-3.0835693197671965,0.7474833240686893,3.5753175985455616,-0.344884297376977,3.0755614981680424,-0.1733575830753779,2.5066808348473795,-3.481442907410474,-1.7891162134641228
49.0,273.0,1003.2879028320312,-2.5113098479963245,-3.0835693197671965,0.7474833240686893,3.5753175985455616,-0.3448842970977263,3.0755614981680424,-0.1733575830753779,2.5066808348473795,-3.481442907410474,-1.7891162134641228
49.0,273.0,1003.2879028320312,-2.511309848064854,-3.0835693197673,0.7474833240686893,3.5753175985455616,-0.3448842970977268,3.075561497478553,-0.1733575830758202,2.50668084684844,-3.481442907410474,-1.7891162134622005
49.0,273.0,1003.2879028320312,-2.5113098479963245,-3.0835693197671965,0.7474833240686893,3.5753175985455616,-0.3448842970977263,3.0755614981680424,-0.1733575830753779,2.5066808348473795,-3.481442907410474,-1.7891162134641228
49.0,273.0,1003.2879028320312,-2.5113098479963245,-3.0835693197671965,0.7474833240686893,3.5753175985455616,-0.3448842973788421,3.0755614981680424,-0.1733575830753779,2.5066808348473795,-3.481442907410474,-1.7891162134641228
49.0,273.0,1003.2879028320312,-2.51130984793052,-3.0835693197669207,0.7474833240686893,3.575317588980525,-0.3448842970977479,3.0755614981680424,-0.1733575830753779,2.5066808348473795,-3.481442907410474,-1.7891162134641228
49.0,273.0,1003.2879028320312,-2.5113098479963245,-3.0835693197671965,0.7474833240686893,3.5753175985455616,-0.3448842970977263,3.0755614981680424,-0.1733575830753779,2.5066808348473795,-3.481442907410474,-1.7891162134641228
49.0,273.0,1003.2879028320312,-2.511309848128765,-3.0835693197671965,0.7474833240686893,3.5753175985455616,-0.3448842973769663,3.0755614981680424,-0.1733575830753779,2.5066808348473795,-3.481442907552873,-1.7891162134641228
49.0,273.0,1003.2879028320312,-2.5113098479963245,-3.0835693197671965,0.7474833240686893,3.5753175985455616,-0.3448842970958613,3.0755614981680424,-0.1733575830753779,2.5066808348473795,-3.481442907410474,-1.7891162134641228
49.0,273.0,1003.2879028320312,-2.511309832293501,-3.0835693197671965,0.7474833240686893,3.5753175985455616,-0.3448842970977373,3.0755614102124587,-0.1733575830758153,2.5066808348473795,-3.481442907410474,-1.7891162134655607
49.0,273.0,1003.2879028320312,-2.5113096906569976,-3.08356931960053,0.7474833240686893,3.5753176000011218,-0.3448842970696294,3.0755615534113656,-0.1733575781429927,2.506680840752112,-3.481442904585144,-1.7891162132743146
49.0,273.0,1003.2879028320312,-2.5113098479963245,-3.083569319763673,0.7474833240686893,3.5753176648122285,-0.3448842970977263,3.0755614981680424,-0.1733575830753779,2.5066808348473795,-3.481442907410474,-1.7891162125567766
49.0,273.0,1003.2879028320312,-2.511309848064854,-3.0835693197673,0.7474833240686893,3.5753175985455616,-0.3448842970977268,3.075561497478553,-0.1733575830758202,2.506680846546312,-3.481442907410474,-1.7891162134622005
49.0,273.0,1003.2879028320312,-2.51130983236203,-3.0835693197673,0.7474833240686893,3.5753175985455616,-0.344884297097739,3.0755614095229697,-0.173357582943724,2.506680846598412,-3.481442907410474,-1.7891162134189202
49.0,273.0,1003.2879028320312,-2.5113098479963245,-3.0835693197671965,0.7474833240686893,3.5753175985455616,-0.3448842970977263,3.0755614981680424,-0.1733575830753779,2.5066808348473795,-3.4814429075532565,-1.7891162134641228
49.0,273.0,1003.2879028320312,-2.5113098479963245,-3.0835693197671965,0.7474833240686893,3.5753175985455616,-0.344884297376977,3.0755614981680424,-0.1733575830753779,2.5066808348473795,-3.481442907410474,-1.7891162134641228
49.0,273.0,1003.2879028320312,-2.5113098479963245,-3.0835693197671965,0.7474833240686893,3.5753175985455616,-0.3448842970977263,3.0755614981680424,-0.1733575830753779,2.5066808348473795,-3.481442907410474,-1.7891162134641228
49.0,273.0,1003.2879028320312,-2.511309680639436,-3.0835693197671965,0.7474833240686893,3.575323599228233,-0.3448842973769663,3.0755614981680424,-0.1733575830753779,2.5066808348473795,-3.481442907552873,-1.7891162134641228
49.0,273.0,1003.2879028320312,-2.51130983236203,-3.083569319767204,0.7474833240686893,3.5753175985455616,-0.3448842970977255,3.0755614095229697,-0.173357582943724,2.50668084684844,-3.481442907410474,-1.7891162134186285
49.0,273.0,1003.2879028320312,-2.5113098479963245,-3.0835693197671965,0.7474833240686893,3.5753175985455616,-0.3448842970958613,3.0755614981680424,-0.1733575830753779,2.5066808348473795,-3.481442907410474,-1.7891162134641228
49.0,273.0,1003.2879028320312,-2.511309832293501,-3.0835693197671965,0.7474833240686893,3.5753175985455616,-0.3448842970977373,3.0755614102124587,-0.173357583075371,2.5066808348473795,-3.481442907410474,-1.7891162134655607
49.0,273.0,1003.2879028320312,-2.5113098479963245,-3.0835693197671965,0.7474833240686893,3.5753175985455616,-0.3448842970977263,3.0755614981680424,-0.1733575830753779,2.5066808348473795,-3.481442907410474,-1.7891162134641228
49.0,273.0,1003.2879028320312,-2.511309848064854,-3.0835693197671983,0.7474833240686893,3.5753175985455616,-0.3448842970977268,3.075561497478553,-0.1733575830757899,2.506680834902168,-3.481442907410474,-1.7891162134622416
49.0,273.0,1003.2879028320312,-2.5113098479963245,-3.0835693197671965,0.7474833240686893,3.5753175985455616,-0.3448842970977263,3.0755614981680424,-0.1733575830753779,2.5066808348473795,-3.481442907410474,-1.7891162134641228
49.0,273.0,1003.2879028320312,-2.5113098479963245,-3.0835693197671965,0.7474833240686893,3.575317598388932,-0.3448842970977263,3.0755614981680424,-0.1733575830753779,2.5066808348473795,-3.481442907410474,-1.7891162134641228
49.0,273.0,1003.2879028320312,-2.511309689145206,-3.0835693197671965,0.7474833240686893,3.5753175985455616,-0.3448842970977263,3.0755614981680424,-0.1733575782560631,2.5066808348473795,-3.481442907410474,-1.7891162134641228
49.0,273.0,1003.2879028320312,-2.5113098480822345,-3.0835693197671965,0.7474833240686893,3.5753175985455616,-0.3448842970977263,3.0755614981680424,-0.1733575783502466,2.5066808348473795,-3.481442907410474,-1.7891162134641228
49.0,273.0,1003.2879028320312,-2.511309830564952,-3.083569319764038,0.7474833240686893,3.5753175985455616,-0.3448842970981558,3.0755614008694887,-0.173357583239654,2.50668084684844,-3.481442907410474,-1.7891162134186285
49.0,273.0,1003.2879028320312,-2.5113098479963245,-3.0835693197671965,0.7474832380664935,3.5753175985455616,-0.3448842970977253,3.0755614981680424,-0.1733575830753779,2.5066808348473795,-3.481442907410474,-1.7891162134641228
49.0,274.0,1003.2841796875,-2.5113096921020404,-3.083569319597242,0.7475037920184743,3.5753175972001583,-0.3448842970982566,3.0755614954778303,-0.1733575832736139,2.5066811399650994,-3.48144290741544,-1.789116213482291
49.0,274.0,1003.2842407226562,-2.5113096930696623,-3.083569319597242,0.7475034222324234,3.575317465165023,-0.3448842970710583,3.075561560351378,-0.173357583274992,2.5066811369931177,-3.4814429043927126,-1.7891162132416936
49.0,274.0,1003.2842407226562,-2.511309694866741,-3.083569319600408,0.7475034222324234,3.575317465165023,-0.344884297070628,3.075561569004859,-0.173357582979062,2.5066811369931177,-3.4814429043927126,-1.7891162132416936
49.0,274.0,1003.2842407226562,-2.5113096930696623,-3.083569319597242,0.7475034222324234,3.575317465165023,-0.3448842970982566,3.075561560351378,-0.1733575832736139,2.506681132382399,-3.481442907490888,-1.7891162132463363
49.0,274.0,1003.2842407226562,-2.5113096930696623,-3.083569319597242,0.7475034222324234,3.5753174679754984,-0.3448842970710583,3.0755615012772446,-0.1733575832864783,2.506681139625407,-3.4814429043927126,-1.7891162132421603
49.0,274.0,1003.2844848632812,-2.5113096930696623,-3.083569319597146,0.7475020740426359,3.575317465165023,-0.3448842970703635,3.075561560351378,-0.173357583274992,2.5066811369931177,-3.4814429042975883,-1.789116213248112
49.0,274.0,1003.2844848632812,-2.5113098541148635,-3.083569319756898,0.7475020740426359,3.575317460845452,-0.3448842970975244,3.0755614955772232,-0.173357583274992,2.5066811369931177,-3.4814429072481823,-1.789116213248112
49.0,274.0,1003.2844848632812,-2.5113096930696623,-3.0835693195970344,0.7475020405235512,3.575317465165023,-0.3448842970703635,3.075561560351378,-0.173357583274992,2.5066811369931177,-3.4814429042975883,-1.789116213248329
49.0,274.0,1003.2845458984376,-2.5113098479963245,-3.0835693197671965,0.7475014408413668,3.5753175985455616,-0.3448842970974911,3.0755614981680424,-0.1733575830753779,2.506680834842749,-3.481442907410474,-1.7891162134641228
49.0,274.0,1003.2845458984376,-2.5113098479963245,-3.0835693197671965,0.7475014408413668,3.5753175985455616,-0.3448842970976997,3.0755614981680424,-0.1733575830753779,2.506680834842828,-3.481442907410474,-1.7891162134641228
49.0,274.0,1003.2845458984376,-2.5113098479963245,-3.0835693197671965,0.7475014408413668,3.5753175985455616,-0.3448842970974911,3.0755614981680424,-0.1733575830753779,2.506680834842749,-3.481442907410474,-1.7891162134641228
49.0,274.0,1003.2845458984376,-2.5113098479963245,-3.0835693197671965,0.7475014408413668,3.5753175985455616,-0.3448842970974911,3.0755614981680424,-0.1733575830753779,2.506680834842749,-3.481442907410474,-1.7891162134641228
49.0,274.0,1003.2845458984376,-2.5113098479963245,-3.0835693197671965,0.7475014408413668,3.5753175985455616,-0.3448842970974911,3.0755614981680424,-0.1733575830753779,2.506680834842749,-3.481442907410474,-1.7891162134641228
49.0,274.0,1003.2845458984376,-2.5113098479968534,-3.0835693197671965,0.7475014408413668,3.5753175985455616,-0.3448842970974911,3.0755614981680424,-0.1733575830753905,2.5066808474326656,-3.481442907410474,-1.7891162134641228
49.0,274.0,1003.2847290039062,-2.511309840417204,-3.083569319764681,0.7475009316305326,3.575317465165023,-0.3448842970971469,3.075561560504163,-0.173357583274992,2.506681133677453,-3.4814429043927126,-1.7891162132416936
49.0,274.0,1003.2847290039062,-2.511309840417204,-3.083569319764661,0.7475009316305326,3.575317593506015,-0.3448842973656343,3.075561491285528,-0.173357583274992,2.506681133677453,-3.481442904361626,-1.7891162134603564
49.0,274.0,1003.2847290039062,-2.511309832528969,-3.0835693197647345,0.7475009316305326,3.575317591664067,-0.3448842970971494,3.0755615634027613,-0.173357583274992,2.506681133677453,-3.4814429043007458,-1.7891162132269722
49.0,274.0,1003.2874145507812,-2.5113097006487832,-3.0835693195962337,0.7474858146705803,3.5753176648122285,-0.3448842970716376,3.075561498015257,-0.1733575830753779,2.5066808381630445,-3.481442907410474,-1.7891162125567766
49.0,274.0,1003.2874755859376,-2.511309706768452,-3.0835693195959104,0.747485989816469,3.5753176644484914,-0.3448842970720601,3.075561498015257,-0.1733575830753779,2.5066808381630445,-3.481442907410474,-1.7891162125387567
49.0,274.0,1003.2877807617188,-2.511309843927869,-3.0835693197671965,0.747483922219365,3.5753175982358987,-0.3448842970985898,3.075561491209436,-0.1733575830753779,2.506680826328989,-3.4814429073309445,-1.7891162134641228
49.0,274.0,1003.2877807617188,-2.5113098438965307,-3.0835693197671965,0.747483922219365,3.57531759823612,-0.3448842970977144,3.07556149809157,-0.1733575830753779,2.506680826328989,-3.481442907330768,-1.7891162134641228
49.0,274.0,1003.2877807617188,-2.5113098479963245,-3.0835693197671965,0.7474838989716573,3.5753175985455616,-0.3448842970977263,3.0755614981680424,-0.1733575830753779,2.5066808348473795,-3.4814429075532565,-1.7891162134641228
49.0,274.0,1003.2879028320312,-2.5113098479963245,-3.0835693197671965,0.7474833240686893,3.5753175985455616,-0.3448842970977263,3.0755614981680424,-0.1733575830753779,2.5066808348473795,-3.481442907410474,-1.7891162134641228
49.0,274.0,1003.2879028320312,-2.5113098479963245,-3.0835693197671965,0.7474833240686893,3.5753175985455616,-0.3448842970977263,3.0755614981680424,-0.1733575830753779,2.5066808348473795,-3.481442907410474,-1.7891162134641228
49.0,274.0,1003.2879028320312,-2.5113098479963245,-3.0835693197671965,0.7474833240686893,3.5753175985455616,-0.3448842970977263,3.0755614981680424,-0.1733575830753779,2.5066808348473795,-3.481442907410474,-1.7891162134641228
49.0,274.0,1003.2879028320312,-2.5113098479963245,-3.0835693197671965,0.7474833240686893,3.5753175985455616,-0.3448842970977263,3.0755614981680424,-0.1733575830753779,2.5066808348473795,-3.481442907410474,-1.7891162134641228
49.0,274.0,1003.2879028320312,-2.51130983236203,-3.0835693197673,0.7474833240686893,3.5753175985455616,-0.3448842970977384,3.0755614095229697,-0.173357582943724,2.50668084684844,-3.481442907410474,-1.7891162134186285
49.0,274.0,1003.2879028320312,-2.5113098479963245,-3.0835693197671965,0.7474833240686893,3.5753175985455616,-0.3448842970977263,3.0755614981680424,-0.1733575830753779,2.5066808348473795,-3.481442907410474,-1.7891162134641228
49.0,274.0,1003.2879028320312,-2.5113098479963245,-3.0835693197671965,0.7474833240686893,3.5753175985455616,-0.3448842970977263,3.0755614981680424,-0.1733575830753779,2.5066808348473795,-3.481442907410474,-1.7891162134641228
49.0,274.0,1003.2879028320312,-2.5113098479963245,-3.0835693197671965,0.7474833240686893,3.5753175985455616,-0.3448842970977263,3.0755614981680424,-0.1733575830753779,2.5066808348473795,-3.481442907410474,-1.7891162134641228
49.0,274.0,1003.2879028320312,-2.5113098479963245,-3.0835693197671965,0.7474833240686893,3.5753175985455616,-0.3448842970977263,3.0755614981680424,-0.1733575830753779,2.5066808348473795,-3.481442907410474,-1.7891162134641228
49.0,274.0,1003.2879028320312,-2.511309832293501,-3.0835693197671965,0.7474833240686893,3.5753175985455616,-0.344884297097738,3.0755614102124587,-0.1733575829432816,2.5066808348473795,-3.481442907410474,-1.7891162134205507
49.0,274.0,1003.2879028320312,-2.5113098479963245,-3.0835693197671965,0.7474833240686893,3.5753175985455616,-0.3448842970977263,3.0755614981680424,-0.1733575830753779,2.5066808348473795,-3.481442907410474,-1.7891162134641228
49.0,274.0,1003.2879028320312,-2.5113098479963245,-3.0835693197671965,0.7474833240686893,3.5753175985455616,-0.344884297376977,3.0755614981680424,-0.1733575830753779,2.5066808348473795,-3.481442907410474,-1.7891162134641228
49.0,274.0,1003.2879028320312,-2.5113098479963245,-3.0835693197671965,0.7474833240686893,3.5753175985455616,-0.3448842970977263,3.0755614981680424,-0.1733575830753779,2.5066808348473795,-3.481442907410474,-1.7891162134641228
49.0,274.0,1003.2879028320312,-2.511309848064854,-3.0835693197673,0.7474833240686893,3.5753175985455616,-0.3448842970977268,3.075561497478553,-0.1733575830758202,2.50668084684844,-3.481442907410474,-1.7891162134622005
49.0,274.0,1003.2879028320312,-2.5113098479963245,-3.0835693197671965,0.7474833240686893,3.5753175985455616,-0.3448842970977263,3.0755614981680424,-0.1733575830753779,2.5066808348473795,-3.481442907410474,-1.7891162134641228
49.0,274.0,1003.2879028320312,-2.5113098479963245,-3.0835693197671965,0.7474833240686893,3.5753175985455616,-0.3448842973788421,3.0755614981680424,-0.1733575830753779,2.5066808348473795,-3.481442907410474,-1.7891162134641228
49.0,274.0,1003.2879028320312,-2.51130984793052,-3.0835693197669207,0.7474833240686893,3.575317588980525,-0.3448842970977479,3.0755614981680424,-0.1733575830753779,2.5066808348473795,-3.481442907410474,-1.7891162134641228
49.0,274.0,1003.2879028320312,-2.5113098479963245,-3.0835693197671965,0.7474833240686893,3.5753175985455616,-0.3448842970977263,3.0755614981680424,-0.1733575830753779,2.5066808348473795,-3.481442907410474,-1.7891162134641228
49.0,274.0,1003.2879028320312,-2.511309848128765,-3.0835693197671965,0.7474833240686893,3.5753175985455616,-0.3448842973769663,3.0755614981680424,-0.1733575830753779,2.5066808348473795,-3.481442907552873,-1.7891162134641228
49.0,274.0,1003.2879028320312,-2.5113098479963245,-3.0835693197671965,0.7474833240686893,3.5753175985455616,-0.3448842970958613,3.0755614981680424,-0.1733575830753779,2.5066808348473795,-3.481442907410474,-1.7891162134641228
49.0,274.0,1003.2879028320312,-2.511309832293501,-3.0835693197671965,0.7474833240686893,3.5753175985455616,-0.3448842970977373,3.0755614102124587,-0.1733575830758153,2.5066808348473795,-3.481442907410474,-1.7891162134655607
49.0,274.0,1003.2879028320312,-2.5113096906569976,-3.08356931960053,0.7474833240686893,3.5753176000011218,-0.3448842970696294,3.0755615534113656,-0.1733575781429927,2.506680840752112,-3.481442904585144,-1.7891162132743146
49.0,274.0,1003.2879028320312,-2.5113098479963245,-3.083569319763673,0.7474833240686893,3.5753176648122285,-0.3448842970977263,3.0755614981680424,-0.1733575830753779,2.5066808348473795,-3.481442907410474,-1.7891162125567766
49.0,274.0,1003.2879028320312,-2.511309848064854,-3.0835693197673,0.7474833240686893,3.5753175985455616,-0.3448842970977268,3.075561497478553,-0.1733575830758202,2.506680846546312,-3.481442907410474,-1.7891162134622005
49.0,274.0,1003.2879028320312,-2.51130983236203,-3.0835693197673,0.7474833240686893,3.5753175985455616,-0.344884297097739,3.0755614095229697,-0.173357582943724,2.506680846598412,-3.481442907410474,-1.7891162134189202
49.0,274.0,1003.2879028320312,-2.5113098479963245,-3.0835693197671965,0.7474833240686893,3.5753175985455616,-0.3448842970977263,3.0755614981680424,-0.1733575830753779,2.5066808348473795,-3.4814429075532565,-1.7891162134641228
49.0,274.0,1003.2879028320312,-2.5113098479963245,-3.0835693197671965,0.7474833240686893,3.5753175985455616,-0.344884297376977,3.0755614981680424,-0.1733575830753779,2.5066808348473795,-3.481442907410474,-1.7891162134641228
49.0,274.0,1003.2879028320312,-2.5113098479963245,-3.0835693197671965,0.7474833240686893,3.5753175985455616,-0.3448842970977263,3.0755614981680424,-0.1733575830753779,2.5066808348473795,-3.481442907410474,-1.7891162134641228
49.0,275.0,1003.2841796875,-2.5113096921020404,-3.083569319597242,0.7475037920184743,3.5753175972001583,-0.3448842970982566,3.0755614954778303,-0.1733575832736139,2.5066811399650994,-3.48144290741544,-1.789116213482291
49.0,275.0,1003.2841796875,-2.5113096921020404,-3.083569319597242,0.7475037920184743,3.5753175972001583,-0.3448842970989688,3.075561565756726,-0.1733575832736139,2.5066811400162723,-3.48144290741544,-1.7891162132540948
49.0,275.0,1003.2842407226562,-2.5113096930696623,-3.083569319597242,0.7475034222324234,3.575317465165023,-0.3448842970710583,3.075561560351378,-0.173357583274992,2.5066811369931177,-3.4814429043927126,-1.7891162132416936
49.0,275.0,1003.2842407226562,-2.511309694866741,-3.083569319600408,0.7475034222324234,3.575317465165023,-0.344884297070628,3.075561569004859,-0.173357582979062,2.5066811369931177,-3.4814429043927126,-1.7891162132416936
49.0,275.0,1003.2842407226562,-2.5113096930696623,-3.083569319597242,0.7475034222324234,3.575317465165023,-0.3448842970982566,3.075561560351378,-0.1733575832736139,2.506681132382399,-3.481442907490888,-1.7891162132463363
49.0,275.0,1003.2842407226562,-2.5113096930696623,-3.083569319597242,0.7475034222324234,3.5753174679754984,-0.3448842970710583,3.0755615012772446,-0.1733575832864783,2.506681139625407,-3.4814429043927126,-1.7891162132421603
49.0,275.0,1003.2842407226562,-2.511309692052832,-3.083569319597242,0.7475037987164634,3.575317466626861,-0.3448842970712767,3.075561567620801,-0.1733575832691613,2.5066811399650994,-3.4814429041899144,-1.789116213482291
49.0,275.0,1003.2842407226562,-2.5113096930696623,-3.0835693197596936,0.7475034222324234,3.575317465165023,-0.3448842970982566,3.075561499183699,-0.1733575832736139,2.506681132382399,-3.481442907490888,-1.7891162132463363
49.0,275.0,1003.2842407226562,-2.511309694915949,-3.083569319600408,0.7475034155344342,3.57531759573832,-0.344884297097608,3.075561496861889,-0.1733575829835146,2.5066811369931177,-3.4814429076182387,-1.7891162132416936
49.0,275.0,1003.2844848632812,-2.5113096930696623,-3.083569319597146,0.7475020740426359,3.575317465165023,-0.3448842970703635,3.075561560351378,-0.173357583274992,2.5066811369931177,-3.4814429042975883,-1.789116213248112
49.0,275.0,1003.2844848632812,-2.5113098541148635,-3.083569319756898,0.7475020740426359,3.575317460845452,-0.3448842970975244,3.0755614955772232,-0.173357583274992,2.5066811369931177,-3.4814429072481823,-1.789116213248112
49.0,275.0,1003.2844848632812,-2.5113096930696623,-3.0835693195970344,0.7475020405235512,3.575317465165023,-0.3448842970703635,3.075561560351378,-0.173357583274992,2.5066811369931177,-3.4814429042975883,-1.789116213248329
49.0,275.0,1003.2845458984376,-2.5113098479963245,-3.0835693197671965,0.7475014408413668,3.5753175985455616,-0.3448842970974911,3.0755614981680424,-0.1733575830753779,2.506680834842749,-3.481442907410474,-1.7891162134641228
49.0,275.0,1003.2845458984376,-2.5113098479963245,-3.0835693197671965,0.7475014408413668,3.5753175985455616,-0.3448842970976997,3.0755614981680424,-0.1733575830753779,2.506680834842828,-3.481442907410474,-1.7891162134641228
49.0,275.0,1003.2845458984376,-2.5113098479963245,-3.0835693197671965,0.7475014408413668,3.5753175985455616,-0.3448842970974911,3.0755614981680424,-0.1733575830753779,2.506680834842749,-3.481442907410474,-1.7891162134641228
49.0,275.0,1003.2845458984376,-2.5113098479963245,-3.0835693197671965,0.7475014408413668,3.5753175985455616,-0.3448842970974911,3.0755614981680424,-0.1733575830753779,2.506680834842749,-3.481442907410474,-1.7891162134641228
49.0,275.0,1003.2845458984376,-2.5113098479963245,-3.0835693197671965,0.7475014408413668,3.5753175985455616,-0.3448842970974911,3.0755614981680424,-0.1733575830753779,2.506680834842749,-3.481442907410474,-1.7891162134641228
49.0,275.0,1003.2845458984376,-2.5113098479968534,-3.0835693197671965,0.7475014408413668,3.5753175985455616,-0.3448842970974911,3.0755614981680424,-0.1733575830753905,2.5066808474326656,-3.481442907410474,-1.7891162134641228
49.0,275.0,1003.2845458984376,-2.5113098479968534,-3.0835693197671965,0.7475014408413668,3.5753175985455616,-0.3448842970974911,3.0755614981680424,-0.1733575830753905,2.506680835315351,-3.481442907410474,-1.7891162134641228
49.0,275.0,1003.2845458984376,-2.511309832525767,-3.0835693197647345,0.7475015614927274,3.575317598661524,-0.3448842970977394,3.0755614116289696,-0.173357583274992,2.506681133677453,-3.4814429043007458,-1.7891162132269722
49.0,275.0,1003.2845458984376,-2.5113098479963245,-3.0835693197671965,0.7475014408413668,3.5753175985455616,-0.3448842970974911,3.0755614981680424,-0.1733575830753779,2.506680846960064,-3.481442907410474,-1.7891162134641228
49.0,275.0,1003.2845458984376,-2.5113098479968534,-3.0835693197671965,0.7475014408413668,3.5753175985455616,-0.3448842970974911,3.0755614981680424,-0.1733575830753778,2.5066808474326656,-3.481442907410474,-1.7891162134641228
49.0,275.0,1003.2847290039062,-2.511309840417204,-3.083569319764681,0.7475009316305326,3.575317465165023,-0.3448842970971469,3.075561560504163,-0.173357583274992,2.506681133677453,-3.4814429043927126,-1.7891162132416936
49.0,275.0,1003.2847290039062,-2.511309840417204,-3.083569319764661,0.7475009316305326,3.575317593506015,-0.3448842973656343,3.075561491285528,-0.173357583274992,2.506681133677453,-3.481442904361626,-1.7891162134603564
49.0,275.0,1003.2847290039062,-2.511309832528969,-3.0835693197647345,0.7475009316305326,3.575317591664067,-0.3448842970971494,3.0755615634027613,-0.173357583274992,2.506681133677453,-3.4814429043007458,-1.7891162132269722
49.0,275.0,1003.2847290039062,-2.511309840417204,-3.083569319763422,0.7475009316305326,3.575317470553727,-0.3448842973656343,3.075561491285528,-0.173357583274992,2.506681133870002,-3.481442904361626,-1.789116213458388
49.0,275.0,1003.2847290039062,-2.511309840417204,-3.083569319764661,0.7475009316305326,3.575317593506015,-0.3448842973656343,3.075561498215816,-0.1733575830642165,2.506681133677453,-3.481442904361626,-1.7891162134603564
49.0,275.0,1003.287353515625,-2.511309706768452,-3.0835693195959104,0.7474867153687564,3.5753176644484914,-0.3448842970720601,3.075561498015257,-0.1733575830753779,2.5066808381630445,-3.481442907410474,-1.7891162125387567
49.0,275.0,1003.2874145507812,-2.5113097006487832,-3.0835693195962337,0.7474858146705803,3.5753176648122285,-0.3448842970716376,3.075561498015257,-0.1733575830753779,2.5066808381630445,-3.481442907410474,-1.7891162125567766
49.0,275.0,1003.2874755859376,-2.511309706768452,-3.0835693195959104,0.747485989816469,3.5753176644484914,-0.3448842970720601,3.075561498015257,-0.1733575830753779,2.5066808381630445,-3.481442907410474,-1.7891162125387567
49.0,275.0,1003.2874755859376,-2.511309706768452,-3.0835693195959104,0.747485989816469,3.5753176644484914,-0.3448842970720601,3.075561498015257,-0.173357583295058,2.506680824879212,-3.481442907359561,-1.789116213265155
49.0,275.0,1003.2877807617188,-2.511309843927869,-3.0835693197671965,0.747483922219365,3.5753175982358987,-0.3448842970985898,3.075561491209436,-0.1733575830753779,2.506680826328989,-3.4814429073309445,-1.7891162134641228
49.0,275.0,1003.2877807617188,-2.5113098438965307,-3.0835693197671965,0.747483922219365,3.57531759823612,-0.3448842970977144,3.07556149809157,-0.1733575830753779,2.506680826328989,-3.481442907330768,-1.7891162134641228
49.0,275.0,1003.2877807617188,-2.5113098479963245,-3.0835693197671965,0.7474838989716573,3.5753175985455616,-0.3448842970977263,3.0755614981680424,-0.1733575830753779,2.5066808348473795,-3.4814429075532565,-1.7891162134641228
49.0,275.0,1003.2877807617188,-2.5113098479963245,-3.0835693197671965,0.7474838989716573,3.5753175985455616,-0.3448842970977263,3.0755614981680424,-0.1733575830753779,2.5066808348473795,-3.4814429074131743,-1.7891162134641228
49.0,275.0,1003.2879028320312,-2.5113098479963245,-3.0835693197671965,0.7474833240686893,3.5753175985455616,-0.3448842970977263,3.0755614981680424,-0.1733575830753779,2.5066808348473795,-3.481442907410474,-1.7891162134641228
49.0,275.0,1003.2879028320312,-2.5113098479963245,-3.0835693197671965,0.7474833240686893,3.5753175985455616,-0.3448842970977263,3.0755614981680424,-0.1733575830753779,2.5066808348473795,-3.481442907410474,-1.7891162134641228
49.0,275.0,1003.2879028320312,-2.5113098479963245,-3.0835693197671965,0.7474833240686893,3.5753175985455616,-0.3448842970977263,3.0755614981680424,-0.1733575830753779,2.5066808348473795,-3.481442907410474,-1.7891162134641228
49.0,275.0,1003.2879028320312,-2.5113098479963245,-3.0835693197671965,0.7474833240686893,3.5753175985455616,-0.3448842970977263,3.0755614981680424,-0.1733575830753779,2.5066808348473795,-3.481442907410474,-1.7891162134641228
49.0,275.0,1003.2879028320312,-2.51130983236203,-3.0835693197673,0.7474833240686893,3.5753175985455616,-0.3448842970977384,3.0755614095229697,-0.173357582943724,2.50668084684844,-3.481442907410474,-1.7891162134186285
49.0,275.0,1003.2879028320312,-2.5113098479963245,-3.0835693197671965,0.7474833240686893,3.5753175985455616,-0.3448842970977263,3.0755614981680424,-0.1733575830753779,2.5066808348473795,-3.481442907410474,-1.7891162134641228
49.0,275.0,1003.2879028320312,-2.5113098479963245,-3.0835693197671965,0.7474833240686893,3.5753175985455616,-0.3448842970977263,3.0755614981680424,-0.1733575830753779,2.5066808348473795,-3.481442907410474,-1.7891162134641228
49.0,275.0,1003.2879028320312,-2.5113098479963245,-3.0835693197671965,0.7474833240686893,3.5753175985455616,-0.3448842970977263,3.0755614981680424,-0.1733575830753779,2.5066808348473795,-3.481442907410474,-1.7891162134641228
49.0,275.0,1003.2879028320312,-2.5113098479963245,-3.0835693197671965,0.7474833240686893,3.5753175985455616,-0.3448842970977263,3.0755614981680424,-0.1733575830753779,2.5066808348473795,-3.481442907410474,-1.7891162134641228
49.0,275.0,1003.2879028320312,-2.511309832293501,-3.0835693197671965,0.7474833240686893,3.5753175985455616,-0.344884297097738,3.0755614102124587,-0.1733575829432816,2.5066808348473795,-3.481442907410474,-1.7891162134205507
49.0,275.0,1003.2879028320312,-2.5113098479963245,-3.0835693197671965,0.7474833240686893,3.5753175985455616,-0.3448842970977263,3.0755614981680424,-0.1733575830753779,2.5066808348473795,-3.481442907410474,-1.7891162134641228
49.0,275.0,1003.2879028320312,-2.5113098479963245,-3.0835693197671965,0.7474833240686893,3.5753175985455616,-0.344884297376977,3.0755614981680424,-0.1733575830753779,2.5066808348473795,-3.481442907410474,-1.7891162134641228
49.0,275.0,1003.2879028320312,-2.5113098479963245,-3.0835693197671965,0.7474833240686893,3.5753175985455616,-0.3448842970977263,3.0755614981680424,-0.1733575830753779,2.5066808348473795,-3.481442907410474,-1.7891162134641228
49.0,275.0,1003.2879028320312,-2.511309848064854,-3.0835693197673,0.7474833240686893,3.5753175985455616,-0.3448842970977268,3.075561497478553,-0.1733575830758202,2.50668084684844,-3.481442907410474,-1.7891162134622005
49.0,275.0,1003.2879028320312,-2.5113098479963245,-3.0835693197671965,0.7474833240686893,3.5753175985455616,-0.3448842970977263,3.0755614981680424,-0.1733575830753779,2.5066808348473795,-3.481442907410474,-1.7891162134641228
49.0,276.0,1003.2841796875,-2.5113096921020404,-3.083569319597242,0.7475037920184743,3.5753175972001583,-0.3448842970982566,3.0755614954778303,-0.1733575832736139,2.5066811399650994,-3.48144290741544,-1.789116213482291
49.0,276.0,1003.2841796875,-2.5113096921020404,-3.083569319597242,0.7475037920184743,3.5753175972001583,-0.3448842970989688,3.075561565756726,-0.1733575832736139,2.5066811400162723,-3.48144290741544,-1.7891162132540948
49.0,276.0,1003.2841796875,-2.511309832757219,-3.083569319767132,0.7475034222324234,3.575317465165023,-0.3448842970982566,3.075561499183699,-0.1733575832726438,2.50668082432336,-3.48144290748866,-1.7891162134695977
49.0,276.0,1003.2842407226562,-2.5113096930696623,-3.083569319597242,0.7475034222324234,3.575317465165023,-0.3448842970710583,3.075561560351378,-0.173357583274992,2.5066811369931177,-3.4814429043927126,-1.7891162132416936
49.0,276.0,1003.2842407226562,-2.511309694866741,-3.083569319600408,0.7475034222324234,3.575317465165023,-0.344884297070628,3.075561569004859,-0.173357582979062,2.5066811369931177,-3.4814429043927126,-1.7891162132416936
49.0,276.0,1003.2842407226562,-2.5113096930696623,-3.083569319597242,0.7475034222324234,3.575317465165023,-0.3448842970982566,3.075561560351378,-0.1733575832736139,2.506681132382399,-3.481442907490888,-1.7891162132463363
49.0,276.0,1003.2842407226562,-2.5113096930696623,-3.083569319597242,0.7475034222324234,3.5753174679754984,-0.3448842970710583,3.0755615012772446,-0.1733575832864783,2.506681139625407,-3.4814429043927126,-1.7891162132421603
49.0,276.0,1003.2842407226562,-2.511309692052832,-3.083569319597242,0.7475037987164634,3.575317466626861,-0.3448842970712767,3.075561567620801,-0.1733575832691613,2.5066811399650994,-3.4814429041899144,-1.789116213482291
49.0,276.0,1003.2842407226562,-2.5113096930696623,-3.0835693197596936,0.7475034222324234,3.575317465165023,-0.3448842970982566,3.075561499183699,-0.1733575832736139,2.506681132382399,-3.481442907490888,-1.7891162132463363
49.0,276.0,1003.2842407226562,-2.511309694915949,-3.083569319600408,0.7475034155344342,3.57531759573832,-0.344884297097608,3.075561496861889,-0.1733575829835146,2.5066811369931177,-3.4814429076182387,-1.7891162132416936
49.0,276.0,1003.2842407226562,-2.5113096930696623,-3.083569319597242,0.7475034222324234,3.575317465165023,-0.3448842970712792,3.075561560351378,-0.173357583275324,2.5066811369931177,-3.4814429043927126,-1.7891162132416936
49.0,276.0,1003.2842407226562,-2.511309691840864,-3.083569319600408,0.7475034155344342,3.5753175936722896,-0.344884297083338,3.075561497139802,-0.1733575829835146,2.506681133491908,-3.4814429076182387,-1.789116213457106
49.0,276.0,1003.2842407226562,-2.511309694915949,-3.083569319600408,0.7475034155344342,3.57531759573832,-0.3448842970982665,3.075561496861889,-0.1733575832845331,2.5066811369931177,-3.4814429076182387,-1.7891162132463534
49.0,276.0,1003.2842407226562,-2.511309692052832,-3.083569319597242,0.7475037987164634,3.575317466626861,-0.3448842970712767,3.075561567620801,-0.1733575832691613,2.5066811399650994,-3.4814429041899144,-1.789116213482291
49.0,276.0,1003.2844848632812,-2.5113096930696623,-3.083569319597146,0.7475020740426359,3.575317465165023,-0.3448842970703635,3.075561560351378,-0.173357583274992,2.5066811369931177,-3.4814429042975883,-1.789116213248112
49.0,276.0,1003.2844848632812,-2.5113098541148635,-3.083569319756898,0.7475020740426359,3.575317460845452,-0.3448842970975244,3.0755614955772232,-0.173357583274992,2.5066811369931177,-3.4814429072481823,-1.789116213248112
49.0,276.0,1003.2844848632812,-2.5113096930696623,-3.0835693195970344,0.7475020405235512,3.575317465165023,-0.3448842970703635,3.075561560351378,-0.173357583274992,2.5066811369931177,-3.4814429042975883,-1.789116213248329
49.0,276.0,1003.2844848632812,-2.511309684262196,-3.083569319597146,0.74750200756716,3.575317597749632,-0.3448842970704223,3.075561560351378,-0.1733575830815391,2.5066811369931177,-3.481442904268141,-1.789116213248112
49.0,276.0,1003.2844848632812,-2.5113098479968534,-3.0835693197671965,0.747502068489314,3.5753175985455616,-0.3448842970974911,3.075561498164664,-0.1733575830753905,2.506681155605783,-3.481442907410474,-1.7891162132507523
49.0,276.0,1003.2844848632812,-2.5113096861630986,-3.0835693195970344,0.7475020578558227,3.575317470600731,-0.3448842970703635,3.075561560351378,-0.173357583274992,2.5066811338033435,-3.4814429042975883,-1.789116213248329
49.0,276.0,1003.2845458984376,-2.5113098479963245,-3.0835693197671965,0.7475014408413668,3.5753175985455616,-0.3448842970974911,3.0755614981680424,-0.1733575830753779,2.506680834842749,-3.481442907410474,-1.7891162134641228
49.0,276.0,1003.2845458984376,-2.5113098479963245,-3.0835693197671965,0.7475014408413668,3.5753175985455616,-0.3448842970976997,3.0755614981680424,-0.1733575830753779,2.506680834842828,-3.481442907410474,-1.7891162134641228
49.0,276.0,1003.2845458984376,-2.5113098479963245,-3.0835693197671965,0.7475014408413668,3.5753175985455616,-0.3448842970974911,3.0755614981680424,-0.1733575830753779,2.506680834842749,-3.481442907410474,-1.7891162134641228
49.0,276.0,1003.2845458984376,-2.5113098479963245,-3.0835693197671965,0.7475014408413668,3.5753175985455616,-0.3448842970974911,3.0755614981680424,-0.1733575830753779,2.506680834842749,-3.481442907410474,-1.7891162134641228
49.0,276.0,1003.2845458984376,-2.5113098479963245,-3.0835693197671965,0.7475014408413668,3.5753175985455616,-0.3448842970974911,3.0755614981680424,-0.1733575830753779,2.506680834842749,-3.481442907410474,-1.7891162134641228
49.0,276.0,1003.2845458984376,-2.5113098479968534,-3.0835693197671965,0.7475014408413668,3.5753175985455616,-0.3448842970974911,3.0755614981680424,-0.1733575830753905,2.5066808474326656,-3.481442907410474,-1.7891162134641228
49.0,276.0,1003.2845458984376,-2.5113098479968534,-3.0835693197671965,0.7475014408413668,3.5753175985455616,-0.3448842970974911,3.0755614981680424,-0.1733575830753905,2.506680835315351,-3.481442907410474,-1.7891162134641228
49.0,276.0,1003.2845458984376,-2.511309832525767,-3.0835693197647345,0.7475015614927274,3.575317598661524,-0.3448842970977394,3.0755614116289696,-0.173357583274992,2.506681133677453,-3.4814429043007458,-1.7891162132269722
49.0,276.0,1003.2845458984376,-2.5113098479963245,-3.0835693197671965,0.7475014408413668,3.5753175985455616,-0.3448842970974911,3.0755614981680424,-0.1733575830753779,2.506680846960064,-3.481442907410474,-1.7891162134641228
49.0,276.0,1003.2845458984376,-2.5113098479968534,-3.0835693197671965,0.7475014408413668,3.5753175985455616,-0.3448842970974911,3.0755614981680424,-0.1733575830753778,2.5066808474326656,-3.481442907410474,-1.7891162134641228
49.0,276.0,1003.2845458984376,-2.511309832525767,-3.0835693197647345,0.7475015614927274,3.5753175936748978,-0.3448842970977394,3.075561408941641,-0.1733575832786073,2.506681133677453,-3.4814429043007458,-1.7891162132269722
49.0,276.0,1003.2845458984376,-2.5113098479963245,-3.0835693197671965,0.7475014581650641,3.5753174578735587,-0.3448842970974911,3.0755614981680424,-0.1733575830687474,2.5066811369298323,-3.481442904371796,-1.7891162134641228
49.0,276.0,1003.2845458984376,-2.5113098479968534,-3.0835693197671965,0.7475014408413668,3.5753175985455616,-0.3448842970974911,3.0755614981680424,-0.1733575830753905,2.506680835315351,-3.481442907410474,-1.7891162134641228
49.0,276.0,1003.2847290039062,-2.511309840417204,-3.083569319764681,0.7475009316305326,3.575317465165023,-0.3448842970971469,3.075561560504163,-0.173357583274992,2.506681133677453,-3.4814429043927126,-1.7891162132416936
49.0,276.0,1003.2847290039062,-2.511309840417204,-3.083569319764661,0.7475009316305326,3.575317593506015,-0.3448842973656343,3.075561491285528,-0.173357583274992,2.506681133677453,-3.481442904361626,-1.7891162134603564
49.0,276.0,1003.2847290039062,-2.511309832528969,-3.0835693197647345,0.7475009316305326,3.575317591664067,-0.3448842970971494,3.0755615634027613,-0.173357583274992,2.506681133677453,-3.4814429043007458,-1.7891162132269722
49.0,276.0,1003.2847290039062,-2.511309840417204,-3.083569319763422,0.7475009316305326,3.575317470553727,-0.3448842973656343,3.075561491285528,-0.173357583274992,2.506681133870002,-3.481442904361626,-1.789116213458388
49.0,276.0,1003.2847290039062,-2.511309840417204,-3.083569319764661,0.7475009316305326,3.575317593506015,-0.3448842973656343,3.075561498215816,-0.1733575830642165,2.506681133677453,-3.481442904361626,-1.7891162134603564
49.0,276.0,1003.2847290039062,-2.5113098473237674,-3.083569319763422,0.7475009142982612,3.57531746511802,-0.3448842973656343,3.075561491285528,-0.173357583274992,2.506681137059776,-3.481442904361626,-1.789116213458388
49.0,276.0,1003.2847290039062,-2.511309840417204,-3.083569319764661,0.7475009316305326,3.5753175984926413,-0.3448842973656343,3.075561500903144,-0.1733575830606013,2.506681133677453,-3.481442904361626,-1.7891162134603564
49.0,276.0,1003.287353515625,-2.511309706768452,-3.0835693195959104,0.7474867153687564,3.5753176644484914,-0.3448842970720601,3.075561498015257,-0.1733575830753779,2.5066808381630445,-3.481442907410474,-1.7891162125387567
49.0,276.0,1003.2874145507812,-2.5113097006487832,-3.0835693195962337,0.7474858146705803,3.5753176648122285,-0.3448842970716376,3.075561498015257,-0.1733575830753779,2.5066808381630445,-3.481442907410474,-1.7891162125567766
49.0,276.0,1003.2874145507812,-2.5113097006487832,-3.0835693195972484,0.7474858146705803,3.575317597812941,-0.3448842970982227,3.075561497379504,-0.1733575830753779,2.5066808381630445,-3.481442907415537,-1.7891162125567766
49.0,276.0,1003.2874755859376,-2.511309706768452,-3.0835693195959104,0.747485989816469,3.5753176644484914,-0.3448842970720601,3.075561498015257,-0.1733575830753779,2.5066808381630445,-3.481442907410474,-1.7891162125387567
49.0,276.0,1003.2874755859376,-2.511309706768452,-3.0835693195959104,0.747485989816469,3.5753176644484914,-0.3448842970720601,3.075561498015257,-0.173357583295058,2.506680824879212,-3.481442907359561,-1.789116213265155
49.0,276.0,1003.2874755859376,-2.511309706768452,-3.0835693195959104,0.747485989816469,3.5753176644484914,-0.3448842970720601,3.075561498015257,-0.173357583295058,2.506680824879212,-3.481442907359561,-1.789116213265155
49.0,276.0,1003.2874755859376,-2.511309706768452,-3.0835693196019576,0.747485989816469,3.5753176644484914,-0.3448842970720601,3.0755614980192485,-0.1733575830753779,2.5066808381630445,-3.481442907410474,-1.789116212670917
49.0,276.0,1003.2875366210938,-2.511309832528969,-3.0835693197651786,0.7474856781290096,3.575317591664067,-0.344884297096381,3.0755615634027613,-0.173357583274992,2.506680827572414,-3.4814429043007458,-1.7891162132269722
49.0,276.0,1003.2877807617188,-2.511309843927869,-3.0835693197671965,0.747483922219365,3.5753175982358987,-0.3448842970985898,3.075561491209436,-0.1733575830753779,2.506680826328989,-3.4814429073309445,-1.7891162134641228
49.0,276.0,1003.2877807617188,-2.5113098438965307,-3.0835693197671965,0.747483922219365,3.57531759823612,-0.3448842970977144,3.07556149809157,-0.1733575830753779,2.506680826328989,-3.481442907330768,-1.7891162134641228
49.0,277.0,1003.2841796875,-2.5113096921020404,-3.083569319597242,0.7475037920184743,3.5753175972001583,-0.3448842970982566,3.0755614954778303,-0.1733575832736139,2.5066811399650994,-3.48144290741544,-1.789116213482291
49.0,277.0,1003.2841796875,-2.5113096921020404,-3.083569319597242,0.7475037920184743,3.5753175972001583,-0.3448842970989688,3.075561565756726,-0.1733575832736139,2.5066811400162723,-3.48144290741544,-1.7891162132540948
49.0,277.0,1003.2841796875,-2.511309832757219,-3.083569319767132,0.7475034222324234,3.575317465165023,-0.3448842970982566,3.075561499183699,-0.1733575832726438,2.50668082432336,-3.48144290748866,-1.7891162134695977
49.0,277.0,1003.2841796875,-2.511309832757219,-3.0835693197614544,0.7475034222324234,3.575317465165023,-0.3448842970976702,3.075561499183699,-0.1733575832716802,2.506680824326068,-3.48144290748866,-1.7891162134695977
49.0,277.0,1003.2841796875,-2.511309843687726,-3.0835693197672445,0.7475037987164634,3.575317466626861,-0.3448842970978523,3.075561567620801,-0.1733575832668391,2.5066811399650994,-3.4814429041899144,-1.789116213482291
49.0,277.0,1003.2842407226562,-2.5113096930696623,-3.083569319597242,0.7475034222324234,3.575317465165023,-0.3448842970710583,3.075561560351378,-0.173357583274992,2.5066811369931177,-3.4814429043927126,-1.7891162132416936
49.0,277.0,1003.2842407226562,-2.511309694866741,-3.083569319600408,0.7475034222324234,3.575317465165023,-0.344884297070628,3.075561569004859,-0.173357582979062,2.5066811369931177,-3.4814429043927126,-1.7891162132416936
49.0,277.0,1003.2842407226562,-2.5113096930696623,-3.083569319597242,0.7475034222324234,3.575317465165023,-0.3448842970982566,3.075561560351378,-0.1733575832736139,2.506681132382399,-3.481442907490888,-1.7891162132463363
49.0,277.0,1003.2842407226562,-2.5113096930696623,-3.083569319597242,0.7475034222324234,3.5753174679754984,-0.3448842970710583,3.0755615012772446,-0.1733575832864783,2.506681139625407,-3.4814429043927126,-1.7891162132421603
49.0,277.0,1003.2842407226562,-2.511309692052832,-3.083569319597242,0.7475037987164634,3.575317466626861,-0.3448842970712767,3.075561567620801,-0.1733575832691613,2.5066811399650994,-3.4814429041899144,-1.789116213482291
49.0,277.0,1003.2842407226562,-2.5113096930696623,-3.0835693197596936,0.7475034222324234,3.575317465165023,-0.3448842970982566,3.075561499183699,-0.1733575832736139,2.506681132382399,-3.481442907490888,-1.7891162132463363
49.0,277.0,1003.2842407226562,-2.511309694915949,-3.083569319600408,0.7475034155344342,3.57531759573832,-0.344884297097608,3.075561496861889,-0.1733575829835146,2.5066811369931177,-3.4814429076182387,-1.7891162132416936
49.0,277.0,1003.2842407226562,-2.5113096930696623,-3.083569319597242,0.7475034222324234,3.575317465165023,-0.3448842970712792,3.075561560351378,-0.173357583275324,2.5066811369931177,-3.4814429043927126,-1.7891162132416936
49.0,277.0,1003.2842407226562,-2.511309691840864,-3.083569319600408,0.7475034155344342,3.5753175936722896,-0.344884297083338,3.075561497139802,-0.1733575829835146,2.506681133491908,-3.4814429076182387,-1.789116213457106
49.0,277.0,1003.2842407226562,-2.511309694915949,-3.083569319600408,0.7475034155344342,3.57531759573832,-0.3448842970982665,3.075561496861889,-0.1733575832845331,2.5066811369931177,-3.4814429076182387,-1.7891162132463534
49.0,277.0,1003.2842407226562,-2.511309692052832,-3.083569319597242,0.7475037987164634,3.575317466626861,-0.3448842970712767,3.075561567620801,-0.1733575832691613,2.5066811399650994,-3.4814429041899144,-1.789116213482291
49.0,277.0,1003.2842407226562,-2.5113096930696623,-3.0835693197596936,0.7475034271609348,3.5753174637087497,-0.3448842970982566,3.075561500765189,-0.1733575832736139,2.506681132382399,-3.481442907490888,-1.7891162132537564
49.0,277.0,1003.2842407226562,-2.511309693398581,-3.083569319778693,0.7475034155344342,3.57531759573832,-0.344884297097608,3.075561496861889,-0.1733575829835146,2.5066811369931177,-3.4814429076104494,-1.7891162132416936
49.0,277.0,1003.2842407226562,-2.5113096948628617,-3.083569319600165,0.7475034222324234,3.575317465165023,-0.3448842970986892,3.0755615600771726,-0.1733575832887156,2.5066811369931177,-3.481442907595304,-1.789116213246145
49.0,277.0,1003.2842407226562,-2.511309692052832,-3.083569319597242,0.7475037987164634,3.5753174666620726,-0.3448842970712764,3.0755614999433503,-0.1733575832873966,2.5066811399650994,-3.4814429043946133,-1.789116213483565
49.0,277.0,1003.2842407226562,-2.51130969216228,-3.083569319597242,0.7475037987164634,3.57531746776042,-0.3448842970712227,3.075561567620801,-0.1733575832691613,2.5066811399650994,-3.4814429041899144,-1.789116213482291
49.0,277.0,1003.2842407226562,-2.5113096861630986,-3.083569319600411,0.7475034007632686,3.575317470600731,-0.3448842970703635,3.0755614972561687,-0.1733575832646495,2.5066811338033435,-3.4814429042975883,-1.789116213248329
49.0,277.0,1003.2842407226562,-2.5113096930696623,-3.083569319597242,0.7475034222324234,3.5753174679402866,-0.3448842970710586,3.0755615689546945,-0.173357583268243,2.506681139625407,-3.4814429041880133,-1.7891162132408862
49.0,277.0,1003.2844848632812,-2.5113096930696623,-3.083569319597146,0.7475020740426359,3.575317465165023,-0.3448842970703635,3.075561560351378,-0.173357583274992,2.5066811369931177,-3.4814429042975883,-1.789116213248112
49.0,277.0,1003.2844848632812,-2.5113098541148635,-3.083569319756898,0.7475020740426359,3.575317460845452,-0.3448842970975244,3.0755614955772232,-0.173357583274992,2.5066811369931177,-3.4814429072481823,-1.789116213248112
49.0,277.0,1003.2844848632812,-2.5113096930696623,-3.0835693195970344,0.7475020405235512,3.575317465165023,-0.3448842970703635,3.075561560351378,-0.173357583274992,2.5066811369931177,-3.4814429042975883,-1.789116213248329
49.0,277.0,1003.2844848632812,-2.511309684262196,-3.083569319597146,0.74750200756716,3.575317597749632,-0.3448842970704223,3.075561560351378,-0.1733575830815391,2.5066811369931177,-3.481442904268141,-1.789116213248112
49.0,277.0,1003.2844848632812,-2.5113098479968534,-3.0835693197671965,0.747502068489314,3.5753175985455616,-0.3448842970974911,3.075561498164664,-0.1733575830753905,2.506681155605783,-3.481442907410474,-1.7891162132507523
49.0,277.0,1003.2844848632812,-2.5113096861630986,-3.0835693195970344,0.7475020578558227,3.575317470600731,-0.3448842970703635,3.075561560351378,-0.173357583274992,2.5066811338033435,-3.4814429042975883,-1.789116213248329
49.0,277.0,1003.2844848632812,-2.511309852250257,-3.083569319756898,0.7475020740426359,3.5753174608401013,-0.3448842970717989,3.0755614955772232,-0.1733575832864901,2.5066811397045665,-3.4814429072481823,-1.7891162132423273
49.0,277.0,1003.2844848632812,-2.5113096974762703,-3.083569319594769,0.7475020405235512,3.575317593042712,-0.3448842970703635,3.075561560846369,-0.173357583274992,2.5066811369931177,-3.4814429042975883,-1.789116213248329
49.0,277.0,1003.2845458984376,-2.5113098479963245,-3.0835693197671965,0.7475014408413668,3.5753175985455616,-0.3448842970974911,3.0755614981680424,-0.1733575830753779,2.506680834842749,-3.481442907410474,-1.7891162134641228
49.0,277.0,1003.2845458984376,-2.5113098479963245,-3.0835693197671965,0.7475014408413668,3.5753175985455616,-0.3448842970976997,3.0755614981680424,-0.1733575830753779,2.506680834842828,-3.481442907410474,-1.7891162134641228
49.0,277.0,1003.2845458984376,-2.5113098479963245,-3.0835693197671965,0.7475014408413668,3.5753175985455616,-0.3448842970974911,3.0755614981680424,-0.1733575830753779,2.506680834842749,-3.481442907410474,-1.7891162134641228
49.0,277.0,1003.2845458984376,-2.5113098479963245,-3.0835693197671965,0.7475014408413668,3.5753175985455616,-0.3448842970974911,3.0755614981680424,-0.1733575830753779,2.506680834842749,-3.481442907410474,-1.7891162134641228
49.0,277.0,1003.2845458984376,-2.5113098479963245,-3.0835693197671965,0.7475014408413668,3.5753175985455616,-0.3448842970974911,3.0755614981680424,-0.1733575830753779,2.506680834842749,-3.481442907410474,-1.7891162134641228
49.0,277.0,1003.2845458984376,-2.5113098479968534,-3.0835693197671965,0.7475014408413668,3.5753175985455616,-0.3448842970974911,3.0755614981680424,-0.1733575830753905,2.5066808474326656,-3.481442907410474,-1.7891162134641228
49.0,277.0,1003.2845458984376,-2.5113098479968534,-3.0835693197671965,0.7475014408413668,3.5753175985455616,-0.3448842970974911,3.0755614981680424,-0.1733575830753905,2.506680835315351,-3.481442907410474,-1.7891162134641228
49.0,277.0,1003.2845458984376,-2.511309832525767,-3.0835693197647345,0.7475015614927274,3.575317598661524,-0.3448842970977394,3.0755614116289696,-0.173357583274992,2.506681133677453,-3.4814429043007458,-1.7891162132269722
49.0,277.0,1003.2845458984376,-2.5113098479963245,-3.0835693197671965,0.7475014408413668,3.5753175985455616,-0.3448842970974911,3.0755614981680424,-0.1733575830753779,2.506680846960064,-3.481442907410474,-1.7891162134641228
49.0,277.0,1003.2845458984376,-2.5113098479968534,-3.0835693197671965,0.7475014408413668,3.5753175985455616,-0.3448842970974911,3.0755614981680424,-0.1733575830753778,2.5066808474326656,-3.481442907410474,-1.7891162134641228
49.0,277.0,1003.2845458984376,-2.511309832525767,-3.0835693197647345,0.7475015614927274,3.5753175936748978,-0.3448842970977394,3.075561408941641,-0.1733575832786073,2.506681133677453,-3.4814429043007458,-1.7891162132269722
49.0,277.0,1003.2845458984376,-2.5113098479963245,-3.0835693197671965,0.7475014581650641,3.5753174578735587,-0.3448842970974911,3.0755614981680424,-0.1733575830687474,2.5066811369298323,-3.481442904371796,-1.7891162134641228
49.0,277.0,1003.2845458984376,-2.5113098479968534,-3.0835693197671965,0.7475014408413668,3.5753175985455616,-0.3448842970974911,3.0755614981680424,-0.1733575830753905,2.506680835315351,-3.481442907410474,-1.7891162134641228
49.0,277.0,1003.2845458984376,-2.5113098479963245,-3.0835693197671965,0.7475014408413668,3.5753175985455616,-0.3448842970976997,3.0755614981680424,-0.1733575830753779,2.506680834842828,-3.481442907410474,-1.7891162134641228
49.0,277.0,1003.2845458984376,-2.5113098566471166,-3.083569319600408,0.7475014564652873,3.575317464093752,-0.344884297070628,3.0755614959250286,-0.1733575830703785,2.5066811369931177,-3.4814429043927126,-1.7891162134754175
49.0,277.0,1003.2845458984376,-2.5113098486541747,-3.083569319597242,0.7475015372582177,3.5753175972001583,-0.3448842970982524,3.0755614955529165,-0.1733575832736139,2.5066811399650994,-3.4814429074153805,-1.789116213482291
49.0,277.0,1003.2845458984376,-2.511309838617026,-3.0835693197596936,0.7475016202046117,3.575317465165023,-0.3448842970982566,3.075561498206827,-0.1733575832736139,2.5066811325186134,-3.481442907720066,-1.7891162132463363
49.0,277.0,1003.2845458984376,-2.511309682458593,-3.0835693195890803,0.7475015614927274,3.5753175977098866,-0.344884297071533,3.075561408941641,-0.1733575832786073,2.506681133677453,-3.4814429043007458,-1.7891162132269722
49.0,277.0,1003.2845458984376,-2.51130969636143,-3.083569319597194,0.7475014408413668,3.5753175985455616,-0.3448842970709155,3.0755614981680424,-0.1733575830777001,2.506680846960064,-3.481442907410474,-1.7891162134641228
49.0,278.0,1003.2841796875,-2.5113096921020404,-3.083569319597242,0.7475037920184743,3.5753175972001583,-0.3448842970982566,3.0755614954778303,-0.1733575832736139,2.5066811399650994,-3.48144290741544,-1.789116213482291
49.0,278.0,1003.2841796875,-2.5113096921020404,-3.083569319597242,0.7475037920184743,3.5753175972001583,-0.3448842970989688,3.075561565756726,-0.1733575832736139,2.5066811400162723,-3.48144290741544,-1.7891162132540948
49.0,278.0,1003.2841796875,-2.511309832757219,-3.083569319767132,0.7475034222324234,3.575317465165023,-0.3448842970982566,3.075561499183699,-0.1733575832726438,2.50668082432336,-3.48144290748866,-1.7891162134695977
49.0,278.0,1003.2841796875,-2.511309832757219,-3.0835693197614544,0.7475034222324234,3.575317465165023,-0.3448842970976702,3.075561499183699,-0.1733575832716802,2.506680824326068,-3.48144290748866,-1.7891162134695977
49.0,278.0,1003.2841796875,-2.511309843687726,-3.0835693197672445,0.7475037987164634,3.575317466626861,-0.3448842970978523,3.075561567620801,-0.1733575832668391,2.5066811399650994,-3.4814429041899144,-1.789116213482291
49.0,278.0,1003.2841796875,-2.5113096921020404,-3.083569319597242,0.7475037920184743,3.5753175969680604,-0.3448842970985409,3.0755615729444763,-0.1733575832692673,2.5066811399650994,-3.481442907479762,-1.789116213482291
49.0,278.0,1003.2841796875,-2.511309832757219,-3.0835693197614544,0.7475034222324234,3.575317460663052,-0.3448842970975254,3.075561499183699,-0.1733575832749849,2.506680848157541,-3.481442907481127,-1.789116213247051
49.0,278.0,1003.2842407226562,-2.5113096930696623,-3.083569319597242,0.7475034222324234,3.575317465165023,-0.3448842970710583,3.075561560351378,-0.173357583274992,2.5066811369931177,-3.4814429043927126,-1.7891162132416936
49.0,278.0,1003.2842407226562,-2.511309694866741,-3.083569319600408,0.7475034222324234,3.575317465165023,-0.344884297070628,3.075561569004859,-0.173357582979062,2.5066811369931177,-3.4814429043927126,-1.7891162132416936
49.0,278.0,1003.2842407226562,-2.5113096930696623,-3.083569319597242,0.7475034222324234,3.575317465165023,-0.3448842970982566,3.075561560351378,-0.1733575832736139,2.506681132382399,-3.481442907490888,-1.7891162132463363
49.0,278.0,1003.2842407226562,-2.5113096930696623,-3.083569319597242,0.7475034222324234,3.5753174679754984,-0.3448842970710583,3.0755615012772446,-0.1733575832864783,2.506681139625407,-3.4814429043927126,-1.7891162132421603
49.0,278.0,1003.2842407226562,-2.511309692052832,-3.083569319597242,0.7475037987164634,3.575317466626861,-0.3448842970712767,3.075561567620801,-0.1733575832691613,2.5066811399650994,-3.4814429041899144,-1.789116213482291
49.0,278.0,1003.2842407226562,-2.5113096930696623,-3.0835693197596936,0.7475034222324234,3.575317465165023,-0.3448842970982566,3.075561499183699,-0.1733575832736139,2.506681132382399,-3.481442907490888,-1.7891162132463363
49.0,278.0,1003.2842407226562,-2.511309694915949,-3.083569319600408,0.7475034155344342,3.57531759573832,-0.344884297097608,3.075561496861889,-0.1733575829835146,2.5066811369931177,-3.4814429076182387,-1.7891162132416936
49.0,278.0,1003.2842407226562,-2.5113096930696623,-3.083569319597242,0.7475034222324234,3.575317465165023,-0.3448842970712792,3.075561560351378,-0.173357583275324,2.5066811369931177,-3.4814429043927126,-1.7891162132416936
49.0,278.0,1003.2842407226562,-2.511309691840864,-3.083569319600408,0.7475034155344342,3.5753175936722896,-0.344884297083338,3.075561497139802,-0.1733575829835146,2.506681133491908,-3.4814429076182387,-1.789116213457106
49.0,278.0,1003.2842407226562,-2.511309694915949,-3.083569319600408,0.7475034155344342,3.57531759573832,-0.3448842970982665,3.075561496861889,-0.1733575832845331,2.5066811369931177,-3.4814429076182387,-1.7891162132463534
49.0,278.0,1003.2842407226562,-2.511309692052832,-3.083569319597242,0.7475037987164634,3.575317466626861,-0.3448842970712767,3.075561567620801,-0.1733575832691613,2.5066811399650994,-3.4814429041899144,-1.789116213482291
49.0,278.0,1003.2842407226562,-2.5113096930696623,-3.0835693197596936,0.7475034271609348,3.5753174637087497,-0.3448842970982566,3.075561500765189,-0.1733575832736139,2.506681132382399,-3.481442907490888,-1.7891162132537564
49.0,278.0,1003.2842407226562,-2.511309693398581,-3.083569319778693,0.7475034155344342,3.57531759573832,-0.344884297097608,3.075561496861889,-0.1733575829835146,2.5066811369931177,-3.4814429076104494,-1.7891162132416936
49.0,278.0,1003.2842407226562,-2.5113096948628617,-3.083569319600165,0.7475034222324234,3.575317465165023,-0.3448842970986892,3.0755615600771726,-0.1733575832887156,2.5066811369931177,-3.481442907595304,-1.789116213246145
49.0,278.0,1003.2842407226562,-2.511309692052832,-3.083569319597242,0.7475037987164634,3.5753174666620726,-0.3448842970712764,3.0755614999433503,-0.1733575832873966,2.5066811399650994,-3.4814429043946133,-1.789116213483565
49.0,278.0,1003.2842407226562,-2.51130969216228,-3.083569319597242,0.7475037987164634,3.57531746776042,-0.3448842970712227,3.075561567620801,-0.1733575832691613,2.5066811399650994,-3.4814429041899144,-1.789116213482291
49.0,278.0,1003.2842407226562,-2.5113096861630986,-3.083569319600411,0.7475034007632686,3.575317470600731,-0.3448842970703635,3.0755614972561687,-0.1733575832646495,2.5066811338033435,-3.4814429042975883,-1.789116213248329
49.0,278.0,1003.2842407226562,-2.5113096930696623,-3.083569319597242,0.7475034222324234,3.5753174679402866,-0.3448842970710586,3.0755615689546945,-0.173357583268243,2.506681139625407,-3.4814429041880133,-1.7891162132408862
49.0,278.0,1003.2842407226562,-2.5113096934054013,-3.0835693197747287,0.7475034222324234,3.575317472892836,-0.3448842970710583,3.075561496830828,-0.1733575832864783,2.506681137140205,-3.4814429043927126,-1.7891162132421692
49.0,278.0,1003.2842407226562,-2.51130969216228,-3.083569319600453,0.7475038057422685,3.57531746776042,-0.3448842970982222,3.075561567620801,-0.1733575832691613,2.5066811398821147,-3.4814429041899144,-1.789116213483798
49.0,278.0,1003.2842407226562,-2.5113096930696623,-3.0835693197596936,0.7475034194620062,3.5753174637087497,-0.344884297098934,3.075561500765189,-0.1733575832736139,2.506681132382399,-3.4814429074951696,-1.7891162132537564
49.0,278.0,1003.2842407226562,-2.5113096930696623,-3.083569319758554,0.7475034222324234,3.575317465165023,-0.3448842970982566,3.075561499183699,-0.1733575832866581,2.506681132382399,-3.481442907490888,-1.7891162132464866
49.0,278.0,1003.2842407226562,-2.511309692837123,-3.083569319597242,0.7475034222324234,3.575317599125789,-0.3448842970710583,3.075561560351378,-0.173357583274992,2.5066811369931177,-3.4814429043927126,-1.789116213244377
49.0,278.0,1003.2842407226562,-2.5113096921062152,-3.083569319597242,0.7475037922732903,3.575317466626861,-0.3448842970712767,3.075561565796793,-0.1733575832691613,2.5066811399650994,-3.48144290727,-1.7891162134803726
49.0,278.0,1003.2842407226562,-2.511309694915949,-3.083569319597196,0.7475034085086292,3.57531759573832,-0.3448842970706084,3.075561496861889,-0.1733575829835146,2.5066811370761024,-3.4814429076182387,-1.7891162132401868
49.0,278.0,1003.2842407226562,-2.511309693004552,-3.083569319760278,0.7475037987164634,3.575317465211431,-0.3448842970712764,3.0755614999433503,-0.1733575832879402,2.506681132356014,-3.4814429043946133,-1.7891162132471965
49.0,278.0,1003.2842407226562,-2.511309692052832,-3.083569319597242,0.7475037987164634,3.575317466858959,-0.3448842970709924,3.075561490154154,-0.1733575832735079,2.5066811399650994,-3.4814429041255925,-1.789116213482291
49.0,278.0,1003.2842407226562,-2.5113096930696623,-3.083569319598381,0.7475034222324234,3.5753174679754984,-0.3448842970710583,3.0755615012772446,-0.1733575832734342,2.506681139625407,-3.4814429043927126,-1.7891162132420102
49.0,278.0,1003.2842407226562,-2.511309692052832,-3.083569319597242,0.7475037987164634,3.5753174666620726,-0.3448842970712764,3.0755614999433503,-0.1733575832873966,2.5066811399650994,-3.4814429043946133,-1.789116213483565
49.0,278.0,1003.2842407226562,-2.511309694915949,-3.083569319600408,0.7475034155344342,3.57531759573832,-0.344884297097608,3.075561498118812,-0.1733575829835146,2.506681130628968,-3.4814429076182387,-1.7891162132416936
49.0,278.0,1003.2844848632812,-2.5113096930696623,-3.083569319597146,0.7475020740426359,3.575317465165023,-0.3448842970703635,3.075561560351378,-0.173357583274992,2.5066811369931177,-3.4814429042975883,-1.789116213248112
49.0,278.0,1003.2844848632812,-2.5113098541148635,-3.083569319756898,0.7475020740426359,3.575317460845452,-0.3448842970975244,3.0755614955772232,-0.173357583274992,2.5066811369931177,-3.4814429072481823,-1.789116213248112
49.0,278.0,1003.2844848632812,-2.5113096930696623,-3.0835693195970344,0.7475020405235512,3.575317465165023,-0.3448842970703635,3.075561560351378,-0.173357583274992,2.5066811369931177,-3.4814429042975883,-1.789116213248329
49.0,278.0,1003.2844848632812,-2.511309684262196,-3.083569319597146,0.74750200756716,3.575317597749632,-0.3448842970704223,3.075561560351378,-0.1733575830815391,2.5066811369931177,-3.481442904268141,-1.789116213248112
49.0,278.0,1003.2844848632812,-2.5113098479968534,-3.0835693197671965,0.747502068489314,3.5753175985455616,-0.3448842970974911,3.075561498164664,-0.1733575830753905,2.506681155605783,-3.481442907410474,-1.7891162132507523
49.0,278.0,1003.2844848632812,-2.5113096861630986,-3.0835693195970344,0.7475020578558227,3.575317470600731,-0.3448842970703635,3.075561560351378,-0.173357583274992,2.5066811338033435,-3.4814429042975883,-1.789116213248329
49.0,278.0,1003.2844848632812,-2.511309852250257,-3.083569319756898,0.7475020740426359,3.5753174608401013,-0.3448842970717989,3.0755614955772232,-0.1733575832864901,2.5066811397045665,-3.4814429072481823,-1.7891162132423273
49.0,278.0,1003.2844848632812,-2.5113096974762703,-3.083569319594769,0.7475020405235512,3.575317593042712,-0.3448842970703635,3.075561560846369,-0.173357583274992,2.5066811369931177,-3.4814429042975883,-1.789116213248329
49.0,278.0,1003.2844848632812,-2.5113096974762703,-3.083569319597179,0.7475020490567507,3.575317593042712,-0.3448842970703635,3.075561561149413,-0.1733575832747564,2.5066811369931177,-3.481442904294361,-1.7891162132484633
49.0,278.0,1003.2844848632812,-2.5113096930696623,-3.083569319597146,0.7475020740426359,3.575317465165023,-0.3448842970703635,3.075561560351378,-0.173357583274992,2.5066811369931177,-3.4814429042975883,-1.789116213248112
49.0,278.0,1003.2844848632812,-2.511309684262196,-3.083569319597146,0.74750200756716,3.575317597749632,-0.3448842970704223,3.075561502539241,-0.1733575832816399,2.5066811369931177,-3.481442904268141,-1.789116213248112
49.0,278.0,1003.2844848632812,-2.5113098479968534,-3.083569319758788,0.747502068489314,3.5753175985455616,-0.3448842970974911,3.075561495476357,-0.1733575832681475,2.506681155605783,-3.481442907415256,-1.7891162132507523
49.0,278.0,1003.2844848632812,-2.511309852250257,-3.083569319756898,0.7475020740426359,3.5753174608401013,-0.3448842970717989,3.0755614955772232,-0.1733575832864901,2.5066811397045665,-3.4814429072481823,-1.7891162132423273
49.0,279.0,1003.2841796875,-2.5113096921020404,-3.083569319597242,0.7475037920184743,3.5753175972001583,-0.3448842970982566,3.0755614954778303,-0.1733575832736139,2.5066811399650994,-3.48144290741544,-1.789116213482291
49.0,279.0,1003.2841796875,-2.5113096921020404,-3.083569319597242,0.7475037920184743,3.5753175972001583,-0.3448842970989688,3.075561565756726,-0.1733575832736139,2.5066811400162723,-3.48144290741544,-1.7891162132540948
49.0,279.0,1003.2841796875,-2.511309832757219,-3.083569319767132,0.7475034222324234,3.575317465165023,-0.3448842970982566,3.075561499183699,-0.1733575832726438,2.50668082432336,-3.48144290748866,-1.7891162134695977
49.0,279.0,1003.2841796875,-2.511309832757219,-3.0835693197614544,0.7475034222324234,3.575317465165023,-0.3448842970976702,3.075561499183699,-0.1733575832716802,2.506680824326068,-3.48144290748866,-1.7891162134695977
49.0,279.0,1003.2841796875,-2.511309843687726,-3.0835693197672445,0.7475037987164634,3.575317466626861,-0.3448842970978523,3.075561567620801,-0.1733575832668391,2.5066811399650994,-3.4814429041899144,-1.789116213482291
49.0,279.0,1003.2841796875,-2.5113096921020404,-3.083569319597242,0.7475037920184743,3.5753175969680604,-0.3448842970985409,3.0755615729444763,-0.1733575832692673,2.5066811399650994,-3.481442907479762,-1.789116213482291
49.0,279.0,1003.2841796875,-2.511309832757219,-3.0835693197614544,0.7475034222324234,3.575317460663052,-0.3448842970975254,3.075561499183699,-0.1733575832749849,2.506680848157541,-3.481442907481127,-1.789116213247051
49.0,279.0,1003.2841796875,-2.511309832712849,-3.083569319597242,0.747503442556541,3.5753174651598343,-0.3448842970712767,3.0755614988443725,-0.1733575832726384,2.5066811399650994,-3.4814429075595927,-1.7891162134821683
49.0,279.0,1003.2841796875,-2.511309832757219,-3.0835693197668954,0.7475034222324234,3.575317465165023,-0.3448842970976702,3.0755614999351306,-0.1733575832716802,2.5066808155809337,-3.4814429076379705,-1.789116213469789
49.0,279.0,1003.2841796875,-2.511309694915949,-3.0835693196013154,0.7475034155344342,3.57531759573832,-0.3448842970976075,3.0755614990882565,-0.1733575833052459,2.50668082901569,-3.4814429076182387,-1.7891162132416936
49.0,279.0,1003.2841796875,-2.5113096921020404,-3.083569319597242,0.7475037986546996,3.5753175987942134,-0.3448842970982566,3.0755614954778303,-0.1733575832736139,2.5066811399650994,-3.481442904079572,-1.789116213482291
49.0,279.0,1003.2841796875,-2.51130969216228,-3.083569319767783,0.7475038057422685,3.57531746776042,-0.3448842970982222,3.075561567620801,-0.1733575832691613,2.5066807740020485,-3.4814429041899144,-1.7891162134832064
49.0,279.0,1003.2841796875,-2.511309692125364,-3.083569319597242,0.747503799287693,3.57531759719882,-0.3448842970976153,3.07556149816231,-0.1733575829844375,2.5066811399650994,-3.481442907411996,-1.789116213482291
49.0,279.0,1003.2842407226562,-2.5113096930696623,-3.083569319597242,0.7475034222324234,3.575317465165023,-0.3448842970710583,3.075561560351378,-0.173357583274992,2.5066811369931177,-3.4814429043927126,-1.7891162132416936
49.0,279.0,1003.2842407226562,-2.511309694866741,-3.083569319600408,0.7475034222324234,3.575317465165023,-0.344884297070628,3.075561569004859,-0.173357582979062,2.5066811369931177,-3.4814429043927126,-1.7891162132416936
49.0,279.0,1003.2842407226562,-2.5113096930696623,-3.083569319597242,0.7475034222324234,3.575317465165023,-0.3448842970982566,3.075561560351378,-0.1733575832736139,2.506681132382399,-3.481442907490888,-1.7891162132463363
49.0,279.0,1003.2842407226562,-2.5113096930696623,-3.083569319597242,0.7475034222324234,3.5753174679754984,-0.3448842970710583,3.0755615012772446,-0.1733575832864783,2.506681139625407,-3.4814429043927126,-1.7891162132421603
49.0,279.0,1003.2842407226562,-2.511309692052832,-3.083569319597242,0.7475037987164634,3.575317466626861,-0.3448842970712767,3.075561567620801,-0.1733575832691613,2.5066811399650994,-3.4814429041899144,-1.789116213482291
49.0,279.0,1003.2842407226562,-2.5113096930696623,-3.0835693197596936,0.7475034222324234,3.575317465165023,-0.3448842970982566,3.075561499183699,-0.1733575832736139,2.506681132382399,-3.481442907490888,-1.7891162132463363
49.0,279.0,1003.2842407226562,-2.511309694915949,-3.083569319600408,0.7475034155344342,3.57531759573832,-0.344884297097608,3.075561496861889,-0.1733575829835146,2.5066811369931177,-3.4814429076182387,-1.7891162132416936
49.0,279.0,1003.2842407226562,-2.5113096930696623,-3.083569319597242,0.7475034222324234,3.575317465165023,-0.3448842970712792,3.075561560351378,-0.173357583275324,2.5066811369931177,-3.4814429043927126,-1.7891162132416936
49.0,279.0,1003.2842407226562,-2.511309691840864,-3.083569319600408,0.7475034155344342,3.5753175936722896,-0.344884297083338,3.075561497139802,-0.1733575829835146,2.506681133491908,-3.4814429076182387,-1.789116213457106
49.0,279.0,1003.2842407226562,-2.511309694915949,-3.083569319600408,0.7475034155344342,3.57531759573832,-0.3448842970982665,3.075561496861889,-0.1733575832845331,2.5066811369931177,-3.4814429076182387,-1.7891162132463534
49.0,279.0,1003.2842407226562,-2.511309692052832,-3.083569319597242,0.7475037987164634,3.575317466626861,-0.3448842970712767,3.075561567620801,-0.1733575832691613,2.5066811399650994,-3.4814429041899144,-1.789116213482291
49.0,279.0,1003.2842407226562,-2.5113096930696623,-3.0835693197596936,0.7475034271609348,3.5753174637087497,-0.3448842970982566,3.075561500765189,-0.1733575832736139,2.506681132382399,-3.481442907490888,-1.7891162132537564
49.0,279.0,1003.2842407226562,-2.511309693398581,-3.083569319778693,0.7475034155344342,3.57531759573832,-0.344884297097608,3.075561496861889,-0.1733575829835146,2.5066811369931177,-3.4814429076104494,-1.7891162132416936
49.0,279.0,1003.2842407226562,-2.5113096948628617,-3.083569319600165,0.7475034222324234,3.575317465165023,-0.3448842970986892,3.0755615600771726,-0.1733575832887156,2.5066811369931177,-3.481442907595304,-1.789116213246145
49.0,279.0,1003.2842407226562,-2.511309692052832,-3.083569319597242,0.7475037987164634,3.5753174666620726,-0.3448842970712764,3.0755614999433503,-0.1733575832873966,2.5066811399650994,-3.4814429043946133,-1.789116213483565
49.0,279.0,1003.2842407226562,-2.51130969216228,-3.083569319597242,0.7475037987164634,3.57531746776042,-0.3448842970712227,3.075561567620801,-0.1733575832691613,2.5066811399650994,-3.4814429041899144,-1.789116213482291
49.0,279.0,1003.2842407226562,-2.5113096861630986,-3.083569319600411,0.7475034007632686,3.575317470600731,-0.3448842970703635,3.0755614972561687,-0.1733575832646495,2.5066811338033435,-3.4814429042975883,-1.789116213248329
49.0,279.0,1003.2842407226562,-2.5113096930696623,-3.083569319597242,0.7475034222324234,3.5753174679402866,-0.3448842970710586,3.0755615689546945,-0.173357583268243,2.506681139625407,-3.4814429041880133,-1.7891162132408862
49.0,279.0,1003.2842407226562,-2.5113096934054013,-3.0835693197747287,0.7475034222324234,3.575317472892836,-0.3448842970710583,3.075561496830828,-0.1733575832864783,2.506681137140205,-3.4814429043927126,-1.7891162132421692
49.0,279.0,1003.2842407226562,-2.51130969216228,-3.083569319600453,0.7475038057422685,3.57531746776042,-0.3448842970982222,3.075561567620801,-0.1733575832691613,2.5066811398821147,-3.4814429041899144,-1.789116213483798
49.0,279.0,1003.2842407226562,-2.5113096930696623,-3.0835693197596936,0.7475034194620062,3.5753174637087497,-0.344884297098934,3.075561500765189,-0.1733575832736139,2.506681132382399,-3.4814429074951696,-1.7891162132537564
49.0,279.0,1003.2842407226562,-2.5113096930696623,-3.083569319758554,0.7475034222324234,3.575317465165023,-0.3448842970982566,3.075561499183699,-0.1733575832866581,2.506681132382399,-3.481442907490888,-1.7891162132464866
49.0,279.0,1003.2842407226562,-2.511309692837123,-3.083569319597242,0.7475034222324234,3.575317599125789,-0.3448842970710583,3.075561560351378,-0.173357583274992,2.5066811369931177,-3.4814429043927126,-1.789116213244377
49.0,279.0,1003.2842407226562,-2.5113096921062152,-3.083569319597242,0.7475037922732903,3.575317466626861,-0.3448842970712767,3.075561565796793,-0.1733575832691613,2.5066811399650994,-3.48144290727,-1.7891162134803726
49.0,279.0,1003.2842407226562,-2.511309694915949,-3.083569319597196,0.7475034085086292,3.57531759573832,-0.3448842970706084,3.075561496861889,-0.1733575829835146,2.5066811370761024,-3.4814429076182387,-1.7891162132401868
49.0,279.0,1003.2842407226562,-2.511309693004552,-3.083569319760278,0.7475037987164634,3.575317465211431,-0.3448842970712764,3.0755614999433503,-0.1733575832879402,2.506681132356014,-3.4814429043946133,-1.7891162132471965
49.0,279.0,1003.2842407226562,-2.511309692052832,-3.083569319597242,0.7475037987164634,3.575317466858959,-0.3448842970709924,3.075561490154154,-0.1733575832735079,2.5066811399650994,-3.4814429041255925,-1.789116213482291
49.0,279.0,1003.2842407226562,-2.5113096930696623,-3.083569319598381,0.7475034222324234,3.5753174679754984,-0.3448842970710583,3.0755615012772446,-0.1733575832734342,2.506681139625407,-3.4814429043927126,-1.7891162132420102
49.0,279.0,1003.2842407226562,-2.511309692052832,-3.083569319597242,0.7475037987164634,3.5753174666620726,-0.3448842970712764,3.0755614999433503,-0.1733575832873966,2.5066811399650994,-3.4814429043946133,-1.789116213483565
49.0,279.0,1003.2842407226562,-2.511309694915949,-3.083569319600408,0.7475034155344342,3.57531759573832,-0.344884297097608,3.075561498118812,-0.1733575829835146,2.506681130628968,-3.4814429076182387,-1.7891162132416936
49.0,279.0,1003.2842407226562,-2.511309692052832,-3.083569319597242,0.747503792080238,3.575317465264904,-0.3448842970709924,3.075561490154154,-0.1733575832735079,2.5066811399650994,-3.481442907461461,-1.789116213482291
49.0,279.0,1003.2842407226562,-2.511309832757219,-3.0835693195941247,0.7475034222324234,3.575317465165023,-0.3448842970976702,3.075561499183699,-0.1733575832716802,2.506681190206134,-3.48144290748866,-1.7891162134701897
49.0,279.0,1003.2842407226562,-2.511309693398581,-3.0835693198017777,0.7475034155344342,3.5753175957682672,-0.3448842970976153,3.0755615582649827,-0.1733575832811684,2.5066811398812865,-3.4814429076104494,-1.7891162132416936
49.0,279.0,1003.2842407226562,-2.5113096930696623,-3.083569319749784,0.7475034222324234,3.575317465165023,-0.3448842970982566,3.075561502552818,-0.1733575832736139,2.506681132382399,-3.481442907490888,-1.7891162132463363
49.0,279.0,1003.2842407226562,-2.511309693075138,-3.0835693195972382,0.7475037987164634,3.57531746776042,-0.3448842970710597,3.075561567620801,-0.1733575832734178,2.5066811396307345,-3.481442904403641,-1.789116213482291
49.0,279.0,1003.2842407226562,-2.5113096930696623,-3.083569319598393,0.7475034222324234,3.5753174679754984,-0.3448842970710583,3.0755615012772446,-0.1733575832734767,2.506681139625407,-3.481442907055383,-1.7891162134736944
49.0,279.0,1003.2842407226562,-2.511309694686749,-3.083569319597196,0.7475034048940262,3.57531759573832,-0.3448842970712883,3.075561499985538,-0.1733575829835146,2.50668113698668,-3.4814429076182387,-1.7891162134809475
49.0,280.0,1003.2841186523438,-2.511309832364505,-3.083569319597242,0.7475037987164634,3.5753174666620726,-0.3448842970980075,3.0755614991948304,-0.1733575832875814,2.5066808388159973,-3.4814429043946133,-1.7891162134702718
49.0,280.0,1003.2841186523438,-2.511309832757219,-3.083569319767147,0.7475037801913189,3.575317467762825,-0.344884297098221,3.075561498364892,-0.1733575832726438,2.50668082432336,-3.481442907606738,-1.78911621348327
49.0,280.0,1003.2841796875,-2.5113096921020404,-3.083569319597242,0.7475037920184743,3.5753175972001583,-0.3448842970982566,3.0755614954778303,-0.1733575832736139,2.5066811399650994,-3.48144290741544,-1.789116213482291
49.0,280.0,1003.2841796875,-2.5113096921020404,-3.083569319597242,0.7475037920184743,3.5753175972001583,-0.3448842970989688,3.075561565756726,-0.1733575832736139,2.5066811400162723,-3.48144290741544,-1.7891162132540948
49.0,280.0,1003.2841796875,-2.511309832757219,-3.083569319767132,0.7475034222324234,3.575317465165023,-0.3448842970982566,3.075561499183699,-0.1733575832726438,2.50668082432336,-3.48144290748866,-1.7891162134695977
49.0,280.0,1003.2841796875,-2.511309832757219,-3.0835693197614544,0.7475034222324234,3.575317465165023,-0.3448842970976702,3.075561499183699,-0.1733575832716802,2.506680824326068,-3.48144290748866,-1.7891162134695977
49.0,280.0,1003.2841796875,-2.511309843687726,-3.0835693197672445,0.7475037987164634,3.575317466626861,-0.3448842970978523,3.075561567620801,-0.1733575832668391,2.5066811399650994,-3.4814429041899144,-1.789116213482291
49.0,280.0,1003.2841796875,-2.5113096921020404,-3.083569319597242,0.7475037920184743,3.5753175969680604,-0.3448842970985409,3.0755615729444763,-0.1733575832692673,2.5066811399650994,-3.481442907479762,-1.789116213482291
49.0,280.0,1003.2841796875,-2.511309832757219,-3.0835693197614544,0.7475034222324234,3.575317460663052,-0.3448842970975254,3.075561499183699,-0.1733575832749849,2.506680848157541,-3.481442907481127,-1.789116213247051
49.0,280.0,1003.2841796875,-2.511309832712849,-3.083569319597242,0.747503442556541,3.5753174651598343,-0.3448842970712767,3.0755614988443725,-0.1733575832726384,2.5066811399650994,-3.4814429075595927,-1.7891162134821683
49.0,280.0,1003.2841796875,-2.511309832757219,-3.0835693197668954,0.7475034222324234,3.575317465165023,-0.3448842970976702,3.0755614999351306,-0.1733575832716802,2.5066808155809337,-3.4814429076379705,-1.789116213469789
49.0,280.0,1003.2841796875,-2.511309694915949,-3.0835693196013154,0.7475034155344342,3.57531759573832,-0.3448842970976075,3.0755614990882565,-0.1733575833052459,2.50668082901569,-3.4814429076182387,-1.7891162132416936
49.0,280.0,1003.2841796875,-2.5113096921020404,-3.083569319597242,0.7475037986546996,3.5753175987942134,-0.3448842970982566,3.0755614954778303,-0.1733575832736139,2.5066811399650994,-3.481442904079572,-1.789116213482291
49.0,280.0,1003.2841796875,-2.51130969216228,-3.083569319767783,0.7475038057422685,3.57531746776042,-0.3448842970982222,3.075561567620801,-0.1733575832691613,2.5066807740020485,-3.4814429041899144,-1.7891162134832064
49.0,280.0,1003.2841796875,-2.511309692125364,-3.083569319597242,0.747503799287693,3.57531759719882,-0.3448842970976153,3.07556149816231,-0.1733575829844375,2.5066811399650994,-3.481442907411996,-1.789116213482291
49.0,280.0,1003.2841796875,-2.5113098366376247,-3.0835693197614544,0.7475034222324234,3.575317460181106,-0.3448842970975254,3.0755614968596605,-0.1733575832863612,2.506680848157541,-3.481442907481127,-1.789116213247051
49.0,280.0,1003.2841796875,-2.511309832712849,-3.083569319754289,0.7475034221560947,3.5753174651598343,-0.3448842970712767,3.075561498846678,-0.1733575832726283,2.50668082734335,-3.4814429075595927,-1.7891162134820306
49.0,280.0,1003.2841796875,-2.51130969216228,-3.083569319767783,0.7475033988674432,3.57531746776042,-0.3448842970982222,3.075561567620801,-0.1733575832733123,2.5066807740020485,-3.4814429041899144,-1.7891162134832064
49.0,280.0,1003.2841796875,-2.511309843687726,-3.0835693197672445,0.7475037987164634,3.575317466626861,-0.3448842970978523,3.075561567620801,-0.1733575832668391,2.5066811399650994,-3.4814429041899144,-1.789116213482291
49.0,280.0,1003.2841796875,-2.511309692052832,-3.083569319597242,0.7475037987164634,3.5753175940002992,-0.3448842970712767,3.075561567620801,-0.1733575832692543,2.5066811399650994,-3.48144290408059,-1.789116213482291
49.0,280.0,1003.2841796875,-2.511309694915949,-3.0835693196013154,0.7475034155344342,3.57531759573832,-0.3448842970976075,3.0755614990882565,-0.1733575833052459,2.50668082901569,-3.4814429076182387,-1.7891162132416936
49.0,280.0,1003.2841796875,-2.5113096921020404,-3.083569319597242,0.7475037920184743,3.5753175972001583,-0.3448842970708667,3.075561565756726,-0.1733575832736139,2.5066811400162723,-3.48144290741544,-1.7891162132540948
49.0,280.0,1003.2841796875,-2.511309694915949,-3.0835693196013154,0.7475034155344342,3.57531759573832,-0.3448842970976075,3.0755614990882565,-0.1733575833052459,2.50668082901569,-3.4814429076182387,-1.7891162132416936
49.0,280.0,1003.2842407226562,-2.5113096930696623,-3.083569319597242,0.7475034222324234,3.575317465165023,-0.3448842970710583,3.075561560351378,-0.173357583274992,2.5066811369931177,-3.4814429043927126,-1.7891162132416936
49.0,280.0,1003.2842407226562,-2.511309694866741,-3.083569319600408,0.7475034222324234,3.575317465165023,-0.344884297070628,3.075561569004859,-0.173357582979062,2.5066811369931177,-3.4814429043927126,-1.7891162132416936
49.0,280.0,1003.2842407226562,-2.5113096930696623,-3.083569319597242,0.7475034222324234,3.575317465165023,-0.3448842970982566,3.075561560351378,-0.1733575832736139,2.506681132382399,-3.481442907490888,-1.7891162132463363
49.0,280.0,1003.2842407226562,-2.5113096930696623,-3.083569319597242,0.7475034222324234,3.5753174679754984,-0.3448842970710583,3.0755615012772446,-0.1733575832864783,2.506681139625407,-3.4814429043927126,-1.7891162132421603
49.0,280.0,1003.2842407226562,-2.511309692052832,-3.083569319597242,0.7475037987164634,3.575317466626861,-0.3448842970712767,3.075561567620801,-0.1733575832691613,2.5066811399650994,-3.4814429041899144,-1.789116213482291
49.0,280.0,1003.2842407226562,-2.5113096930696623,-3.0835693197596936,0.7475034222324234,3.575317465165023,-0.3448842970982566,3.075561499183699,-0.1733575832736139,2.506681132382399,-3.481442907490888,-1.7891162132463363
49.0,280.0,1003.2842407226562,-2.511309694915949,-3.083569319600408,0.7475034155344342,3.57531759573832,-0.344884297097608,3.075561496861889,-0.1733575829835146,2.5066811369931177,-3.4814429076182387,-1.7891162132416936
49.0,280.0,1003.2842407226562,-2.5113096930696623,-3.083569319597242,0.7475034222324234,3.575317465165023,-0.3448842970712792,3.075561560351378,-0.173357583275324,2.5066811369931177,-3.4814429043927126,-1.7891162132416936
49.0,280.0,1003.2842407226562,-2.511309691840864,-3.083569319600408,0.7475034155344342,3.5753175936722896,-0.344884297083338,3.075561497139802,-0.1733575829835146,2.506681133491908,-3.4814429076182387,-1.789116213457106
49.0,280.0,1003.2842407226562,-2.511309694915949,-3.083569319600408,0.7475034155344342,3.57531759573832,-0.3448842970982665,3.075561496861889,-0.1733575832845331,2.5066811369931177,-3.4814429076182387,-1.7891162132463534
49.0,280.0,1003.2842407226562,-2.511309692052832,-3.083569319597242,0.7475037987164634,3.575317466626861,-0.3448842970712767,3.075561567620801,-0.1733575832691613,2.5066811399650994,-3.4814429041899144,-1.789116213482291
49.0,280.0,1003.2842407226562,-2.5113096930696623,-3.0835693197596936,0.7475034271609348,3.5753174637087497,-0.3448842970982566,3.075561500765189,-0.1733575832736139,2.506681132382399,-3.481442907490888,-1.7891162132537564
49.0,280.0,1003.2842407226562,-2.511309693398581,-3.083569319778693,0.7475034155344342,3.57531759573832,-0.344884297097608,3.075561496861889,-0.1733575829835146,2.5066811369931177,-3.4814429076104494,-1.7891162132416936
49.0,280.0,1003.2842407226562,-2.5113096948628617,-3.083569319600165,0.7475034222324234,3.575317465165023,-0.3448842970986892,3.0755615600771726,-0.1733575832887156,2.5066811369931177,-3.481442907595304,-1.789116213246145
49.0,280.0,1003.2842407226562,-2.511309692052832,-3.083569319597242,0.7475037987164634,3.5753174666620726,-0.3448842970712764,3.0755614999433503,-0.1733575832873966,2.5066811399650994,-3.4814429043946133,-1.789116213483565
49.0,280.0,1003.2842407226562,-2.51130969216228,-3.083569319597242,0.7475037987164634,3.57531746776042,-0.3448842970712227,3.075561567620801,-0.1733575832691613,2.5066811399650994,-3.4814429041899144,-1.789116213482291
49.0,280.0,1003.2842407226562,-2.5113096861630986,-3.083569319600411,0.7475034007632686,3.575317470600731,-0.3448842970703635,3.0755614972561687,-0.1733575832646495,2.5066811338033435,-3.4814429042975883,-1.789116213248329
49.0,280.0,1003.2842407226562,-2.5113096930696623,-3.083569319597242,0.7475034222324234,3.5753174679402866,-0.3448842970710586,3.0755615689546945,-0.173357583268243,2.506681139625407,-3.4814429041880133,-1.7891162132408862
49.0,280.0,1003.2842407226562,-2.5113096934054013,-3.0835693197747287,0.7475034222324234,3.575317472892836,-0.3448842970710583,3.075561496830828,-0.1733575832864783,2.506681137140205,-3.4814429043927126,-1.7891162132421692
49.0,280.0,1003.2842407226562,-2.51130969216228,-3.083569319600453,0.7475038057422685,3.57531746776042,-0.3448842970982222,3.075561567620801,-0.1733575832691613,2.5066811398821147,-3.4814429041899144,-1.789116213483798
49.0,280.0,1003.2842407226562,-2.5113096930696623,-3.0835693197596936,0.7475034194620062,3.5753174637087497,-0.344884297098934,3.075561500765189,-0.1733575832736139,2.506681132382399,-3.4814429074951696,-1.7891162132537564
49.0,280.0,1003.2842407226562,-2.5113096930696623,-3.083569319758554,0.7475034222324234,3.575317465165023,-0.3448842970982566,3.075561499183699,-0.1733575832866581,2.506681132382399,-3.481442907490888,-1.7891162132464866
49.0,280.0,1003.2842407226562,-2.511309692837123,-3.083569319597242,0.7475034222324234,3.575317599125789,-0.3448842970710583,3.075561560351378,-0.173357583274992,2.5066811369931177,-3.4814429043927126,-1.789116213244377
49.0,280.0,1003.2842407226562,-2.5113096921062152,-3.083569319597242,0.7475037922732903,3.575317466626861,-0.3448842970712767,3.075561565796793,-0.1733575832691613,2.5066811399650994,-3.48144290727,-1.7891162134803726
49.0,280.0,1003.2842407226562,-2.511309694915949,-3.083569319597196,0.7475034085086292,3.57531759573832,-0.3448842970706084,3.075561496861889,-0.1733575829835146,2.5066811370761024,-3.4814429076182387,-1.7891162132401868
49.0,280.0,1003.2842407226562,-2.511309693004552,-3.083569319760278,0.7475037987164634,3.575317465211431,-0.3448842970712764,3.0755614999433503,-0.1733575832879402,2.506681132356014,-3.4814429043946133,-1.7891162132471965
49.0,280.0,1003.2842407226562,-2.511309692052832,-3.083569319597242,0.7475037987164634,3.575317466858959,-0.3448842970709924,3.075561490154154,-0.1733575832735079,2.5066811399650994,-3.4814429041255925,-1.789116213482291
49.0,281.0,1003.2841186523438,-2.511309832364505,-3.083569319597242,0.7475037987164634,3.5753174666620726,-0.3448842970980075,3.0755614991948304,-0.1733575832875814,2.5066808388159973,-3.4814429043946133,-1.7891162134702718
49.0,281.0,1003.2841186523438,-2.511309832757219,-3.083569319767147,0.7475037801913189,3.575317467762825,-0.344884297098221,3.075561498364892,-0.1733575832726438,2.50668082432336,-3.481442907606738,-1.78911621348327
49.0,281.0,1003.2841186523438,-2.511309831413597,-3.083569319767168,0.7475037801913189,3.575317467762825,-0.3448842970982549,3.0755614984186,-0.1733575832726438,2.506680799688068,-3.481442907606738,-1.78911621348327
49.0,281.0,1003.2841186523438,-2.5113098327531285,-3.0835693197614544,0.7475038060954783,3.575317460663052,-0.3448842970975254,3.075561499183699,-0.1733575832749849,2.506680839340691,-3.4814429076026463,-1.789116213247051
49.0,281.0,1003.2841186523438,-2.5113096921013205,-3.083569319767783,0.7475038057422685,3.575317599990738,-0.3448842970982547,3.075561565816087,-0.1733575832734995,2.506680761513351,-3.4814429041904384,-1.7891162134832064
49.0,281.0,1003.2841796875,-2.5113096921020404,-3.083569319597242,0.7475037920184743,3.5753175972001583,-0.3448842970982566,3.0755614954778303,-0.1733575832736139,2.5066811399650994,-3.48144290741544,-1.789116213482291
49.0,281.0,1003.2841796875,-2.5113096921020404,-3.083569319597242,0.7475037920184743,3.5753175972001583,-0.3448842970989688,3.075561565756726,-0.1733575832736139,2.5066811400162723,-3.48144290741544,-1.7891162132540948
49.0,281.0,1003.2841796875,-2.511309832757219,-3.083569319767132,0.7475034222324234,3.575317465165023,-0.3448842970982566,3.075561499183699,-0.1733575832726438,2.50668082432336,-3.48144290748866,-1.7891162134695977
49.0,281.0,1003.2841796875,-2.511309832757219,-3.0835693197614544,0.7475034222324234,3.575317465165023,-0.3448842970976702,3.075561499183699,-0.1733575832716802,2.506680824326068,-3.48144290748866,-1.7891162134695977
49.0,281.0,1003.2841796875,-2.511309843687726,-3.0835693197672445,0.7475037987164634,3.575317466626861,-0.3448842970978523,3.075561567620801,-0.1733575832668391,2.5066811399650994,-3.4814429041899144,-1.789116213482291
49.0,281.0,1003.2841796875,-2.5113096921020404,-3.083569319597242,0.7475037920184743,3.5753175969680604,-0.3448842970985409,3.0755615729444763,-0.1733575832692673,2.5066811399650994,-3.481442907479762,-1.789116213482291
49.0,281.0,1003.2841796875,-2.511309832757219,-3.0835693197614544,0.7475034222324234,3.575317460663052,-0.3448842970975254,3.075561499183699,-0.1733575832749849,2.506680848157541,-3.481442907481127,-1.789116213247051
49.0,281.0,1003.2841796875,-2.511309832712849,-3.083569319597242,0.747503442556541,3.5753174651598343,-0.3448842970712767,3.0755614988443725,-0.1733575832726384,2.5066811399650994,-3.4814429075595927,-1.7891162134821683
49.0,281.0,1003.2841796875,-2.511309832757219,-3.0835693197668954,0.7475034222324234,3.575317465165023,-0.3448842970976702,3.0755614999351306,-0.1733575832716802,2.5066808155809337,-3.4814429076379705,-1.789116213469789
49.0,281.0,1003.2841796875,-2.511309694915949,-3.0835693196013154,0.7475034155344342,3.57531759573832,-0.3448842970976075,3.0755614990882565,-0.1733575833052459,2.50668082901569,-3.4814429076182387,-1.7891162132416936
49.0,281.0,1003.2841796875,-2.5113096921020404,-3.083569319597242,0.7475037986546996,3.5753175987942134,-0.3448842970982566,3.0755614954778303,-0.1733575832736139,2.5066811399650994,-3.481442904079572,-1.789116213482291
49.0,281.0,1003.2841796875,-2.51130969216228,-3.083569319767783,0.7475038057422685,3.57531746776042,-0.3448842970982222,3.075561567620801,-0.1733575832691613,2.5066807740020485,-3.4814429041899144,-1.7891162134832064
49.0,281.0,1003.2841796875,-2.511309692125364,-3.083569319597242,0.747503799287693,3.57531759719882,-0.3448842970976153,3.07556149816231,-0.1733575829844375,2.5066811399650994,-3.481442907411996,-1.789116213482291
49.0,281.0,1003.2841796875,-2.5113098366376247,-3.0835693197614544,0.7475034222324234,3.575317460181106,-0.3448842970975254,3.0755614968596605,-0.1733575832863612,2.506680848157541,-3.481442907481127,-1.789116213247051
49.0,281.0,1003.2841796875,-2.511309832712849,-3.083569319754289,0.7475034221560947,3.5753174651598343,-0.3448842970712767,3.075561498846678,-0.1733575832726283,2.50668082734335,-3.4814429075595927,-1.7891162134820306
49.0,281.0,1003.2841796875,-2.51130969216228,-3.083569319767783,0.7475033988674432,3.57531746776042,-0.3448842970982222,3.075561567620801,-0.1733575832733123,2.5066807740020485,-3.4814429041899144,-1.7891162134832064
49.0,281.0,1003.2841796875,-2.511309843687726,-3.0835693197672445,0.7475037987164634,3.575317466626861,-0.3448842970978523,3.075561567620801,-0.1733575832668391,2.5066811399650994,-3.4814429041899144,-1.789116213482291
49.0,281.0,1003.2841796875,-2.511309692052832,-3.083569319597242,0.7475037987164634,3.5753175940002992,-0.3448842970712767,3.075561567620801,-0.1733575832692543,2.5066811399650994,-3.48144290408059,-1.789116213482291
49.0,281.0,1003.2841796875,-2.511309694915949,-3.0835693196013154,0.7475034155344342,3.57531759573832,-0.3448842970976075,3.0755614990882565,-0.1733575833052459,2.50668082901569,-3.4814429076182387,-1.7891162132416936
49.0,281.0,1003.2841796875,-2.5113096921020404,-3.083569319597242,0.7475037920184743,3.5753175972001583,-0.3448842970708667,3.075561565756726,-0.1733575832736139,2.5066811400162723,-3.48144290741544,-1.7891162132540948
49.0,281.0,1003.2841796875,-2.511309694915949,-3.0835693196013154,0.7475034155344342,3.57531759573832,-0.3448842970976075,3.0755614990882565,-0.1733575833052459,2.50668082901569,-3.4814429076182387,-1.7891162132416936
49.0,281.0,1003.2841796875,-2.5113096921020404,-3.083569319597242,0.7475034209648074,3.57531746554089,-0.3448842971012753,3.075561565756726,-0.173357583272618,2.5066808233437534,-3.48144290741544,-1.7891162132540948
49.0,281.0,1003.2841796875,-2.5113098284698987,-3.083569319768018,0.7475034222324234,3.5753174580341547,-0.3448842970976702,3.075561496827509,-0.1733575832894489,2.5066808155809337,-3.4814429076379514,-1.789116213469789
49.0,281.0,1003.2841796875,-2.5113096921025644,-3.083569319597242,0.7475037924040661,3.5753175940002992,-0.3448842970988613,3.075561567620801,-0.1733575832692543,2.5066811399650994,-3.4814429073602784,-1.789116213482291
49.0,281.0,1003.2841796875,-2.511309832368595,-3.083569319597242,0.7475034148534087,3.5753174666620726,-0.3448842970980075,3.0755614991948304,-0.1733575832875814,2.506680847632848,-3.4814429042730937,-1.7891162134702718
49.0,281.0,1003.2841796875,-2.511309694915949,-3.0835693196013154,0.7475034155344342,3.57531759573832,-0.3448842970976075,3.0755614990882565,-0.1733575833052459,2.50668082901569,-3.4814429076182387,-1.7891162132416936
49.0,281.0,1003.2841796875,-2.5113097005604104,-3.0835693197614544,0.7475034222324234,3.575317465165023,-0.3448842970972848,3.075561499139133,-0.1733575832716802,2.506680840327906,-3.481442904399494,-1.7891162134695977
49.0,281.0,1003.2841796875,-2.5113098364276465,-3.0835693197614544,0.7475034222324234,3.5753174597900883,-0.3448842970984566,3.0755614968596605,-0.1733575832673299,2.506680848157541,-3.481442907481127,-1.789116213247051
49.0,281.0,1003.2841796875,-2.511309692052308,-3.083569319597242,0.7475037983308715,3.5753175969680604,-0.3448842970709562,3.0755615729444763,-0.1733575832692673,2.5066811399650994,-3.481442904200073,-1.789116213482291
49.0,281.0,1003.2841796875,-2.511309832757219,-3.083569319767132,0.7475034222324234,3.575317465165023,-0.3448842970982566,3.075561499183699,-0.1733575832726438,2.50668082432336,-3.48144290748866,-1.7891162134695977
49.0,281.0,1003.2841796875,-2.511309692126348,-3.083569319597242,0.7475037941367105,3.57531759719882,-0.3448842970982356,3.07556149816231,-0.1733575829874293,2.5066811399650994,-3.481442907411996,-1.789116213482291
49.0,281.0,1003.2841796875,-2.5113096910307604,-3.083569319597242,0.7475037919256026,3.5753175972001583,-0.3448842970982785,3.0755614968803453,-0.1733575832732349,2.5066811399650994,-3.4814429074307043,-1.789116213482291
49.0,281.0,1003.2841796875,-2.5113096921227323,-3.0835693195973306,0.7475037661690642,3.5753175969680604,-0.344884297097574,3.0755615760612405,-0.1733575832653819,2.506681151839317,-3.481442907475926,-1.7891162132425422
49.0,281.0,1003.2841796875,-2.5113096992782,-3.083569319597242,0.7475037929796885,3.5753176040121657,-0.3448842970989688,3.075561565756726,-0.1733575832725975,2.5066811400181432,-3.481442907410213,-1.789116213252766
49.0,281.0,1003.2841796875,-2.511309832757219,-3.0835693197747176,0.7475034249371343,3.5753174678821185,-0.344884297098221,3.075561498364892,-0.1733575832721487,2.50668082432336,-3.481442907606738,-1.78911621348327
49.0,281.0,1003.2842407226562,-2.5113096930696623,-3.083569319597242,0.7475034222324234,3.575317465165023,-0.3448842970710583,3.075561560351378,-0.173357583274992,2.5066811369931177,-3.4814429043927126,-1.7891162132416936
49.0,281.0,1003.2842407226562,-2.511309694866741,-3.083569319600408,0.7475034222324234,3.575317465165023,-0.344884297070628,3.075561569004859,-0.173357582979062,2.5066811369931177,-3.4814429043927126,-1.7891162132416936
49.0,281.0,1003.2842407226562,-2.5113096930696623,-3.083569319597242,0.7475034222324234,3.575317465165023,-0.3448842970982566,3.075561560351378,-0.1733575832736139,2.506681132382399,-3.481442907490888,-1.7891162132463363
49.0,281.0,1003.2842407226562,-2.5113096930696623,-3.083569319597242,0.7475034222324234,3.5753174679754984,-0.3448842970710583,3.0755615012772446,-0.1733575832864783,2.506681139625407,-3.4814429043927126,-1.7891162132421603
49.0,281.0,1003.2842407226562,-2.511309692052832,-3.083569319597242,0.7475037987164634,3.575317466626861,-0.3448842970712767,3.075561567620801,-0.1733575832691613,2.5066811399650994,-3.4814429041899144,-1.789116213482291
49.0,281.0,1003.2842407226562,-2.5113096930696623,-3.0835693197596936,0.7475034222324234,3.575317465165023,-0.3448842970982566,3.075561499183699,-0.1733575832736139,2.506681132382399,-3.481442907490888,-1.7891162132463363
49.0,281.0,1003.2842407226562,-2.511309694915949,-3.083569319600408,0.7475034155344342,3.57531759573832,-0.344884297097608,3.075561496861889,-0.1733575829835146,2.5066811369931177,-3.4814429076182387,-1.7891162132416936
49.0,281.0,1003.2842407226562,-2.5113096930696623,-3.083569319597242,0.7475034222324234,3.575317465165023,-0.3448842970712792,3.075561560351378,-0.173357583275324,2.5066811369931177,-3.4814429043927126,-1.7891162132416936
49.0,281.0,1003.2842407226562,-2.511309691840864,-3.083569319600408,0.7475034155344342,3.5753175936722896,-0.344884297083338,3.075561497139802,-0.1733575829835146,2.506681133491908,-3.4814429076182387,-1.789116213457106
49.0,281.0,1003.2842407226562,-2.511309694915949,-3.083569319600408,0.7475034155344342,3.57531759573832,-0.3448842970982665,3.075561496861889,-0.1733575832845331,2.5066811369931177,-3.4814429076182387,-1.7891162132463534
49.0,282.0,1003.2841186523438,-2.511309832364505,-3.083569319597242,0.7475037987164634,3.5753174666620726,-0.3448842970980075,3.0755614991948304,-0.1733575832875814,2.5066808388159973,-3.4814429043946133,-1.7891162134702718
49.0,282.0,1003.2841186523438,-2.511309832757219,-3.083569319767147,0.7475037801913189,3.575317467762825,-0.344884297098221,3.075561498364892,-0.1733575832726438,2.50668082432336,-3.481442907606738,-1.78911621348327
49.0,282.0,1003.2841186523438,-2.511309831413597,-3.083569319767168,0.7475037801913189,3.575317467762825,-0.3448842970982549,3.0755614984186,-0.1733575832726438,2.506680799688068,-3.481442907606738,-1.78911621348327
49.0,282.0,1003.2841186523438,-2.5113098327531285,-3.0835693197614544,0.7475038060954783,3.575317460663052,-0.3448842970975254,3.075561499183699,-0.1733575832749849,2.506680839340691,-3.4814429076026463,-1.789116213247051
49.0,282.0,1003.2841186523438,-2.5113096921013205,-3.083569319767783,0.7475038057422685,3.575317599990738,-0.3448842970982547,3.075561565816087,-0.1733575832734995,2.506680761513351,-3.4814429041904384,-1.7891162134832064
49.0,282.0,1003.2841186523438,-2.511309832757219,-3.083569319767147,0.747503780169836,3.5753174664866423,-0.3448842970982159,3.0755614986646025,-0.173357583272245,2.50668082432336,-3.481442907606738,-1.789116213483244
49.0,282.0,1003.2841186523438,-2.511309832364505,-3.083569319597242,0.7475037987164634,3.5753174666620726,-0.3448842970711344,3.0755614991948304,-0.173357583273252,2.5066808388159973,-3.4814429043946133,-1.7891162132607403
49.0,282.0,1003.2841186523438,-2.5113098327531285,-3.083569319767243,0.7475038060954783,3.575317467563063,-0.3448842970975254,3.0755614984444706,-0.1733575832726906,2.506680839340691,-3.4814429076026463,-1.789116213243354
49.0,282.0,1003.2841796875,-2.5113096921020404,-3.083569319597242,0.7475037920184743,3.5753175972001583,-0.3448842970982566,3.0755614954778303,-0.1733575832736139,2.5066811399650994,-3.48144290741544,-1.789116213482291
49.0,282.0,1003.2841796875,-2.5113096921020404,-3.083569319597242,0.7475037920184743,3.5753175972001583,-0.3448842970989688,3.075561565756726,-0.1733575832736139,2.5066811400162723,-3.48144290741544,-1.7891162132540948
49.0,282.0,1003.2841796875,-2.511309832757219,-3.083569319767132,0.7475034222324234,3.575317465165023,-0.3448842970982566,3.075561499183699,-0.1733575832726438,2.50668082432336,-3.48144290748866,-1.7891162134695977
49.0,282.0,1003.2841796875,-2.511309832757219,-3.0835693197614544,0.7475034222324234,3.575317465165023,-0.3448842970976702,3.075561499183699,-0.1733575832716802,2.506680824326068,-3.48144290748866,-1.7891162134695977
49.0,282.0,1003.2841796875,-2.511309843687726,-3.0835693197672445,0.7475037987164634,3.575317466626861,-0.3448842970978523,3.075561567620801,-0.1733575832668391,2.5066811399650994,-3.4814429041899144,-1.789116213482291
49.0,282.0,1003.2841796875,-2.5113096921020404,-3.083569319597242,0.7475037920184743,3.5753175969680604,-0.3448842970985409,3.0755615729444763,-0.1733575832692673,2.5066811399650994,-3.481442907479762,-1.789116213482291
49.0,282.0,1003.2841796875,-2.511309832757219,-3.0835693197614544,0.7475034222324234,3.575317460663052,-0.3448842970975254,3.075561499183699,-0.1733575832749849,2.506680848157541,-3.481442907481127,-1.789116213247051
49.0,282.0,1003.2841796875,-2.511309832712849,-3.083569319597242,0.747503442556541,3.5753174651598343,-0.3448842970712767,3.0755614988443725,-0.1733575832726384,2.5066811399650994,-3.4814429075595927,-1.7891162134821683
49.0,282.0,1003.2841796875,-2.511309832757219,-3.0835693197668954,0.7475034222324234,3.575317465165023,-0.3448842970976702,3.0755614999351306,-0.1733575832716802,2.5066808155809337,-3.4814429076379705,-1.789116213469789
49.0,282.0,1003.2841796875,-2.511309694915949,-3.0835693196013154,0.7475034155344342,3.57531759573832,-0.3448842970976075,3.0755614990882565,-0.1733575833052459,2.50668082901569,-3.4814429076182387,-1.7891162132416936
49.0,282.0,1003.2841796875,-2.5113096921020404,-3.083569319597242,0.7475037986546996,3.5753175987942134,-0.3448842970982566,3.0755614954778303,-0.1733575832736139,2.5066811399650994,-3.481442904079572,-1.789116213482291
49.0,282.0,1003.2841796875,-2.51130969216228,-3.083569319767783,0.7475038057422685,3.57531746776042,-0.3448842970982222,3.075561567620801,-0.1733575832691613,2.5066807740020485,-3.4814429041899144,-1.7891162134832064
49.0,282.0,1003.2841796875,-2.511309692125364,-3.083569319597242,0.747503799287693,3.57531759719882,-0.3448842970976153,3.07556149816231,-0.1733575829844375,2.5066811399650994,-3.481442907411996,-1.789116213482291
49.0,282.0,1003.2841796875,-2.5113098366376247,-3.0835693197614544,0.7475034222324234,3.575317460181106,-0.3448842970975254,3.0755614968596605,-0.1733575832863612,2.506680848157541,-3.481442907481127,-1.789116213247051
49.0,282.0,1003.2841796875,-2.511309832712849,-3.083569319754289,0.7475034221560947,3.5753174651598343,-0.3448842970712767,3.075561498846678,-0.1733575832726283,2.50668082734335,-3.4814429075595927,-1.7891162134820306
49.0,282.0,1003.2841796875,-2.51130969216228,-3.083569319767783,0.7475033988674432,3.57531746776042,-0.3448842970982222,3.075561567620801,-0.1733575832733123,2.5066807740020485,-3.4814429041899144,-1.7891162134832064
49.0,282.0,1003.2841796875,-2.511309843687726,-3.0835693197672445,0.7475037987164634,3.575317466626861,-0.3448842970978523,3.075561567620801,-0.1733575832668391,2.5066811399650994,-3.4814429041899144,-1.789116213482291
49.0,282.0,1003.2841796875,-2.511309692052832,-3.083569319597242,0.7475037987164634,3.5753175940002992,-0.3448842970712767,3.075561567620801,-0.1733575832692543,2.5066811399650994,-3.48144290408059,-1.789116213482291
49.0,282.0,1003.2841796875,-2.511309694915949,-3.0835693196013154,0.7475034155344342,3.57531759573832,-0.3448842970976075,3.0755614990882565,-0.1733575833052459,2.50668082901569,-3.4814429076182387,-1.7891162132416936
49.0,282.0,1003.2841796875,-2.5113096921020404,-3.083569319597242,0.7475037920184743,3.5753175972001583,-0.3448842970708667,3.075561565756726,-0.1733575832736139,2.5066811400162723,-3.48144290741544,-1.7891162132540948
49.0,282.0,1003.2841796875,-2.511309694915949,-3.0835693196013154,0.7475034155344342,3.57531759573832,-0.3448842970976075,3.0755614990882565,-0.1733575833052459,2.50668082901569,-3.4814429076182387,-1.7891162132416936
49.0,282.0,1003.2841796875,-2.5113096921020404,-3.083569319597242,0.7475034209648074,3.57531746554089,-0.3448842971012753,3.075561565756726,-0.173357583272618,2.5066808233437534,-3.48144290741544,-1.7891162132540948
49.0,282.0,1003.2841796875,-2.5113098284698987,-3.083569319768018,0.7475034222324234,3.5753174580341547,-0.3448842970976702,3.075561496827509,-0.1733575832894489,2.5066808155809337,-3.4814429076379514,-1.789116213469789
49.0,282.0,1003.2841796875,-2.5113096921025644,-3.083569319597242,0.7475037924040661,3.5753175940002992,-0.3448842970988613,3.075561567620801,-0.1733575832692543,2.5066811399650994,-3.4814429073602784,-1.789116213482291
49.0,282.0,1003.2841796875,-2.511309832368595,-3.083569319597242,0.7475034148534087,3.5753174666620726,-0.3448842970980075,3.0755614991948304,-0.1733575832875814,2.506680847632848,-3.4814429042730937,-1.7891162134702718
49.0,282.0,1003.2841796875,-2.511309694915949,-3.0835693196013154,0.7475034155344342,3.57531759573832,-0.3448842970976075,3.0755614990882565,-0.1733575833052459,2.50668082901569,-3.4814429076182387,-1.7891162132416936
49.0,282.0,1003.2841796875,-2.5113097005604104,-3.0835693197614544,0.7475034222324234,3.575317465165023,-0.3448842970972848,3.075561499139133,-0.1733575832716802,2.506680840327906,-3.481442904399494,-1.7891162134695977
49.0,282.0,1003.2841796875,-2.5113098364276465,-3.0835693197614544,0.7475034222324234,3.5753174597900883,-0.3448842970984566,3.0755614968596605,-0.1733575832673299,2.506680848157541,-3.481442907481127,-1.789116213247051
49.0,282.0,1003.2841796875,-2.511309692052308,-3.083569319597242,0.7475037983308715,3.5753175969680604,-0.3448842970709562,3.0755615729444763,-0.1733575832692673,2.5066811399650994,-3.481442904200073,-1.789116213482291
49.0,282.0,1003.2841796875,-2.511309832757219,-3.083569319767132,0.7475034222324234,3.575317465165023,-0.3448842970982566,3.075561499183699,-0.1733575832726438,2.50668082432336,-3.48144290748866,-1.7891162134695977
49.0,282.0,1003.2841796875,-2.511309692126348,-3.083569319597242,0.7475037941367105,3.57531759719882,-0.3448842970982356,3.07556149816231,-0.1733575829874293,2.5066811399650994,-3.481442907411996,-1.789116213482291
49.0,282.0,1003.2841796875,-2.5113096910307604,-3.083569319597242,0.7475037919256026,3.5753175972001583,-0.3448842970982785,3.0755614968803453,-0.1733575832732349,2.5066811399650994,-3.4814429074307043,-1.789116213482291
49.0,282.0,1003.2841796875,-2.5113096921227323,-3.0835693195973306,0.7475037661690642,3.5753175969680604,-0.344884297097574,3.0755615760612405,-0.1733575832653819,2.506681151839317,-3.481442907475926,-1.7891162132425422
49.0,282.0,1003.2841796875,-2.5113096992782,-3.083569319597242,0.7475037929796885,3.5753176040121657,-0.3448842970989688,3.075561565756726,-0.1733575832725975,2.5066811400181432,-3.481442907410213,-1.789116213252766
49.0,282.0,1003.2841796875,-2.511309832757219,-3.0835693197747176,0.7475034249371343,3.5753174678821185,-0.344884297098221,3.075561498364892,-0.1733575832721487,2.50668082432336,-3.481442907606738,-1.78911621348327
49.0,282.0,1003.2841796875,-2.5113096921025644,-3.083569319597242,0.7475037924040661,3.5753175940002992,-0.3448842970988613,3.075561567620801,-0.1733575832692543,2.5066811399650994,-3.4814429073602784,-1.789116213482291
49.0,282.0,1003.2841796875,-2.5113096910307604,-3.083569319597242,0.7475037919256026,3.5753175972001583,-0.3448842970982818,3.0755614968803453,-0.1733575832867907,2.5066811399650994,-3.4814429074807256,-1.7891162134906309
49.0,282.0,1003.2841796875,-2.511309832712849,-3.083569319597242,0.747503442556541,3.5753174651598343,-0.3448842970708514,3.0755615705671184,-0.1733575832726166,2.5066811399650994,-3.4814429075622315,-1.7891162134821683
49.0,282.0,1003.2841796875,-2.5113098280977013,-3.083569319768018,0.7475034158715217,3.57531745945059,-0.3448842970976702,3.075561496827509,-0.1733575833048093,2.506680815114165,-3.481442907636684,-1.7891162134768874
49.0,282.0,1003.2841796875,-2.511309694866741,-3.083569319759333,0.7475034222324234,3.575317465165023,-0.344884297070628,3.075561569004859,-0.1733575832703927,2.506680816597977,-3.4814429075684776,-1.7891162132416936
49.0,282.0,1003.2841796875,-2.511309843584288,-3.0835693197670206,0.7475034136092321,3.575317460507826,-0.3448842970978499,3.075561567620801,-0.1733575832668391,2.5066808296549983,-3.481442907461642,-1.789116213482291
49.0,282.0,1003.2841796875,-2.511309832757219,-3.083569319782846,0.7475034249371343,3.57531747281106,-0.344884297098221,3.0755615654501387,-0.1733575832721487,2.50668082432336,-3.481442907606738,-1.78911621348327
49.0,283.0,1003.2841186523438,-2.511309832364505,-3.083569319597242,0.7475037987164634,3.5753174666620726,-0.3448842970980075,3.0755614991948304,-0.1733575832875814,2.5066808388159973,-3.4814429043946133,-1.7891162134702718
49.0,283.0,1003.2841186523438,-2.511309832757219,-3.083569319767147,0.7475037801913189,3.575317467762825,-0.344884297098221,3.075561498364892,-0.1733575832726438,2.50668082432336,-3.481442907606738,-1.78911621348327
49.0,283.0,1003.2841186523438,-2.511309831413597,-3.083569319767168,0.7475037801913189,3.575317467762825,-0.3448842970982549,3.0755614984186,-0.1733575832726438,2.506680799688068,-3.481442907606738,-1.78911621348327
49.0,283.0,1003.2841186523438,-2.5113098327531285,-3.0835693197614544,0.7475038060954783,3.575317460663052,-0.3448842970975254,3.075561499183699,-0.1733575832749849,2.506680839340691,-3.4814429076026463,-1.789116213247051
49.0,283.0,1003.2841186523438,-2.5113096921013205,-3.083569319767783,0.7475038057422685,3.575317599990738,-0.3448842970982547,3.075561565816087,-0.1733575832734995,2.506680761513351,-3.4814429041904384,-1.7891162134832064
49.0,283.0,1003.2841186523438,-2.511309832757219,-3.083569319767147,0.747503780169836,3.5753174664866423,-0.3448842970982159,3.0755614986646025,-0.173357583272245,2.50668082432336,-3.481442907606738,-1.789116213483244
49.0,283.0,1003.2841186523438,-2.511309832364505,-3.083569319597242,0.7475037987164634,3.5753174666620726,-0.3448842970711344,3.0755614991948304,-0.173357583273252,2.5066808388159973,-3.4814429043946133,-1.7891162132607403
49.0,283.0,1003.2841186523438,-2.5113098327531285,-3.083569319767243,0.7475038060954783,3.575317467563063,-0.3448842970975254,3.0755614984444706,-0.1733575832726906,2.506680839340691,-3.4814429076026463,-1.789116213243354
49.0,283.0,1003.2841186523438,-2.5113098300178898,-3.083569319597242,0.7475037987164634,3.5753174666620726,-0.3448842970711344,3.0755614991948304,-0.173357583273252,2.5066808388159973,-3.4814429043946133,-1.7891162132607403
49.0,283.0,1003.2841186523438,-2.511309832364505,-3.083569319765181,0.7475037987164634,3.5753174666620726,-0.3448842970982376,3.0755614968654097,-0.1733575832879176,2.5066808388159973,-3.481442904394841,-1.789116213483645
49.0,283.0,1003.2841186523438,-2.511309838690128,-3.083569319767243,0.7475038060954783,3.575317467563063,-0.3448842970975254,3.075561497859617,-0.1733575832735203,2.5066807588490696,-3.4814429077365485,-1.789116213243354
49.0,283.0,1003.2841186523438,-2.5113098327263814,-3.0835693197828915,0.7475034432790106,3.57531747281106,-0.3448842970982562,3.0755615654501387,-0.1733575832726492,2.5066808011677306,-3.481442907606738,-1.78911621348327
49.0,283.0,1003.2841186523438,-2.5113098314444344,-3.083569319767123,0.7475037618494424,3.575317467762825,-0.3448842970982197,3.0755614984186,-0.1733575832721433,2.5066808228436965,-3.481442907606738,-1.78911621348327
49.0,283.0,1003.2841796875,-2.5113096921020404,-3.083569319597242,0.7475037920184743,3.5753175972001583,-0.3448842970982566,3.0755614954778303,-0.1733575832736139,2.5066811399650994,-3.48144290741544,-1.789116213482291
49.0,283.0,1003.2841796875,-2.5113096921020404,-3.083569319597242,0.7475037920184743,3.5753175972001583,-0.3448842970989688,3.075561565756726,-0.1733575832736139,2.5066811400162723,-3.48144290741544,-1.7891162132540948
49.0,283.0,1003.2841796875,-2.511309832757219,-3.083569319767132,0.7475034222324234,3.575317465165023,-0.3448842970982566,3.075561499183699,-0.1733575832726438,2.50668082432336,-3.48144290748866,-1.7891162134695977
49.0,283.0,1003.2841796875,-2.511309832757219,-3.0835693197614544,0.7475034222324234,3.575317465165023,-0.3448842970976702,3.075561499183699,-0.1733575832716802,2.506680824326068,-3.48144290748866,-1.7891162134695977
49.0,283.0,1003.2841796875,-2.511309843687726,-3.0835693197672445,0.7475037987164634,3.575317466626861,-0.3448842970978523,3.075561567620801,-0.1733575832668391,2.5066811399650994,-3.4814429041899144,-1.789116213482291
49.0,283.0,1003.2841796875,-2.5113096921020404,-3.083569319597242,0.7475037920184743,3.5753175969680604,-0.3448842970985409,3.0755615729444763,-0.1733575832692673,2.5066811399650994,-3.481442907479762,-1.789116213482291
49.0,283.0,1003.2841796875,-2.511309832757219,-3.0835693197614544,0.7475034222324234,3.575317460663052,-0.3448842970975254,3.075561499183699,-0.1733575832749849,2.506680848157541,-3.481442907481127,-1.789116213247051
49.0,283.0,1003.2841796875,-2.511309832712849,-3.083569319597242,0.747503442556541,3.5753174651598343,-0.3448842970712767,3.0755614988443725,-0.1733575832726384,2.5066811399650994,-3.4814429075595927,-1.7891162134821683
49.0,283.0,1003.2841796875,-2.511309832757219,-3.0835693197668954,0.7475034222324234,3.575317465165023,-0.3448842970976702,3.0755614999351306,-0.1733575832716802,2.5066808155809337,-3.4814429076379705,-1.789116213469789
49.0,283.0,1003.2841796875,-2.511309694915949,-3.0835693196013154,0.7475034155344342,3.57531759573832,-0.3448842970976075,3.0755614990882565,-0.1733575833052459,2.50668082901569,-3.4814429076182387,-1.7891162132416936
49.0,283.0,1003.2841796875,-2.5113096921020404,-3.083569319597242,0.7475037986546996,3.5753175987942134,-0.3448842970982566,3.0755614954778303,-0.1733575832736139,2.5066811399650994,-3.481442904079572,-1.789116213482291
49.0,283.0,1003.2841796875,-2.51130969216228,-3.083569319767783,0.7475038057422685,3.57531746776042,-0.3448842970982222,3.075561567620801,-0.1733575832691613,2.5066807740020485,-3.4814429041899144,-1.7891162134832064
49.0,283.0,1003.2841796875,-2.511309692125364,-3.083569319597242,0.747503799287693,3.57531759719882,-0.3448842970976153,3.07556149816231,-0.1733575829844375,2.5066811399650994,-3.481442907411996,-1.789116213482291
49.0,283.0,1003.2841796875,-2.5113098366376247,-3.0835693197614544,0.7475034222324234,3.575317460181106,-0.3448842970975254,3.0755614968596605,-0.1733575832863612,2.506680848157541,-3.481442907481127,-1.789116213247051
49.0,283.0,1003.2841796875,-2.511309832712849,-3.083569319754289,0.7475034221560947,3.5753174651598343,-0.3448842970712767,3.075561498846678,-0.1733575832726283,2.50668082734335,-3.4814429075595927,-1.7891162134820306
49.0,283.0,1003.2841796875,-2.51130969216228,-3.083569319767783,0.7475033988674432,3.57531746776042,-0.3448842970982222,3.075561567620801,-0.1733575832733123,2.5066807740020485,-3.4814429041899144,-1.7891162134832064
49.0,283.0,1003.2841796875,-2.511309843687726,-3.0835693197672445,0.7475037987164634,3.575317466626861,-0.3448842970978523,3.075561567620801,-0.1733575832668391,2.5066811399650994,-3.4814429041899144,-1.789116213482291
49.0,283.0,1003.2841796875,-2.511309692052832,-3.083569319597242,0.7475037987164634,3.5753175940002992,-0.3448842970712767,3.075561567620801,-0.1733575832692543,2.5066811399650994,-3.48144290408059,-1.789116213482291
49.0,283.0,1003.2841796875,-2.511309694915949,-3.0835693196013154,0.7475034155344342,3.57531759573832,-0.3448842970976075,3.0755614990882565,-0.1733575833052459,2.50668082901569,-3.4814429076182387,-1.7891162132416936
49.0,283.0,1003.2841796875,-2.5113096921020404,-3.083569319597242,0.7475037920184743,3.5753175972001583,-0.3448842970708667,3.075561565756726,-0.1733575832736139,2.5066811400162723,-3.48144290741544,-1.7891162132540948
49.0,283.0,1003.2841796875,-2.511309694915949,-3.0835693196013154,0.7475034155344342,3.57531759573832,-0.3448842970976075,3.0755614990882565,-0.1733575833052459,2.50668082901569,-3.4814429076182387,-1.7891162132416936
49.0,283.0,1003.2841796875,-2.5113096921020404,-3.083569319597242,0.7475034209648074,3.57531746554089,-0.3448842971012753,3.075561565756726,-0.173357583272618,2.5066808233437534,-3.48144290741544,-1.7891162132540948
49.0,283.0,1003.2841796875,-2.5113098284698987,-3.083569319768018,0.7475034222324234,3.5753174580341547,-0.3448842970976702,3.075561496827509,-0.1733575832894489,2.5066808155809337,-3.4814429076379514,-1.789116213469789
49.0,283.0,1003.2841796875,-2.5113096921025644,-3.083569319597242,0.7475037924040661,3.5753175940002992,-0.3448842970988613,3.075561567620801,-0.1733575832692543,2.5066811399650994,-3.4814429073602784,-1.789116213482291
49.0,283.0,1003.2841796875,-2.511309832368595,-3.083569319597242,0.7475034148534087,3.5753174666620726,-0.3448842970980075,3.0755614991948304,-0.1733575832875814,2.506680847632848,-3.4814429042730937,-1.7891162134702718
49.0,283.0,1003.2841796875,-2.511309694915949,-3.0835693196013154,0.7475034155344342,3.57531759573832,-0.3448842970976075,3.0755614990882565,-0.1733575833052459,2.50668082901569,-3.4814429076182387,-1.7891162132416936
49.0,283.0,1003.2841796875,-2.5113097005604104,-3.0835693197614544,0.7475034222324234,3.575317465165023,-0.3448842970972848,3.075561499139133,-0.1733575832716802,2.506680840327906,-3.481442904399494,-1.7891162134695977
49.0,283.0,1003.2841796875,-2.5113098364276465,-3.0835693197614544,0.7475034222324234,3.5753174597900883,-0.3448842970984566,3.0755614968596605,-0.1733575832673299,2.506680848157541,-3.481442907481127,-1.789116213247051
49.0,283.0,1003.2841796875,-2.511309692052308,-3.083569319597242,0.7475037983308715,3.5753175969680604,-0.3448842970709562,3.0755615729444763,-0.1733575832692673,2.5066811399650994,-3.481442904200073,-1.789116213482291
49.0,283.0,1003.2841796875,-2.511309832757219,-3.083569319767132,0.7475034222324234,3.575317465165023,-0.3448842970982566,3.075561499183699,-0.1733575832726438,2.50668082432336,-3.48144290748866,-1.7891162134695977
49.0,283.0,1003.2841796875,-2.511309692126348,-3.083569319597242,0.7475037941367105,3.57531759719882,-0.3448842970982356,3.07556149816231,-0.1733575829874293,2.5066811399650994,-3.481442907411996,-1.789116213482291
49.0,283.0,1003.2841796875,-2.5113096910307604,-3.083569319597242,0.7475037919256026,3.5753175972001583,-0.3448842970982785,3.0755614968803453,-0.1733575832732349,2.5066811399650994,-3.4814429074307043,-1.789116213482291
49.0,283.0,1003.2841796875,-2.5113096921227323,-3.0835693195973306,0.7475037661690642,3.5753175969680604,-0.344884297097574,3.0755615760612405,-0.1733575832653819,2.506681151839317,-3.481442907475926,-1.7891162132425422
49.0,283.0,1003.2841796875,-2.5113096992782,-3.083569319597242,0.7475037929796885,3.5753176040121657,-0.3448842970989688,3.075561565756726,-0.1733575832725975,2.5066811400181432,-3.481442907410213,-1.789116213252766
49.0,283.0,1003.2841796875,-2.511309832757219,-3.0835693197747176,0.7475034249371343,3.5753174678821185,-0.344884297098221,3.075561498364892,-0.1733575832721487,2.50668082432336,-3.481442907606738,-1.78911621348327
49.0,283.0,1003.2841796875,-2.5113096921025644,-3.083569319597242,0.7475037924040661,3.5753175940002992,-0.3448842970988613,3.075561567620801,-0.1733575832692543,2.5066811399650994,-3.4814429073602784,-1.789116213482291
49.0,283.0,1003.2841796875,-2.5113096910307604,-3.083569319597242,0.7475037919256026,3.5753175972001583,-0.3448842970982818,3.0755614968803453,-0.1733575832867907,2.5066811399650994,-3.4814429074807256,-1.7891162134906309
49.0,284.0,1003.2841186523438,-2.511309832364505,-3.083569319597242,0.7475037987164634,3.5753174666620726,-0.3448842970980075,3.0755614991948304,-0.1733575832875814,2.5066808388159973,-3.4814429043946133,-1.7891162134702718
49.0,284.0,1003.2841186523438,-2.511309832757219,-3.083569319767147,0.7475037801913189,3.575317467762825,-0.344884297098221,3.075561498364892,-0.1733575832726438,2.50668082432336,-3.481442907606738,-1.78911621348327
49.0,284.0,1003.2841186523438,-2.511309831413597,-3.083569319767168,0.7475037801913189,3.575317467762825,-0.3448842970982549,3.0755614984186,-0.1733575832726438,2.506680799688068,-3.481442907606738,-1.78911621348327
49.0,284.0,1003.2841186523438,-2.5113098327531285,-3.0835693197614544,0.7475038060954783,3.575317460663052,-0.3448842970975254,3.075561499183699,-0.1733575832749849,2.506680839340691,-3.4814429076026463,-1.789116213247051
49.0,284.0,1003.2841186523438,-2.5113096921013205,-3.083569319767783,0.7475038057422685,3.575317599990738,-0.3448842970982547,3.075561565816087,-0.1733575832734995,2.506680761513351,-3.4814429041904384,-1.7891162134832064
49.0,284.0,1003.2841186523438,-2.511309832757219,-3.083569319767147,0.747503780169836,3.5753174664866423,-0.3448842970982159,3.0755614986646025,-0.173357583272245,2.50668082432336,-3.481442907606738,-1.789116213483244
49.0,284.0,1003.2841186523438,-2.511309832364505,-3.083569319597242,0.7475037987164634,3.5753174666620726,-0.3448842970711344,3.0755614991948304,-0.173357583273252,2.5066808388159973,-3.4814429043946133,-1.7891162132607403
49.0,284.0,1003.2841186523438,-2.5113098327531285,-3.083569319767243,0.7475038060954783,3.575317467563063,-0.3448842970975254,3.0755614984444706,-0.1733575832726906,2.506680839340691,-3.4814429076026463,-1.789116213243354
49.0,284.0,1003.2841186523438,-2.5113098300178898,-3.083569319597242,0.7475037987164634,3.5753174666620726,-0.3448842970711344,3.0755614991948304,-0.173357583273252,2.5066808388159973,-3.4814429043946133,-1.7891162132607403
49.0,284.0,1003.2841186523438,-2.511309832364505,-3.083569319765181,0.7475037987164634,3.5753174666620726,-0.3448842970982376,3.0755614968654097,-0.1733575832879176,2.5066808388159973,-3.481442904394841,-1.789116213483645
49.0,284.0,1003.2841186523438,-2.511309838690128,-3.083569319767243,0.7475038060954783,3.575317467563063,-0.3448842970975254,3.075561497859617,-0.1733575832735203,2.5066807588490696,-3.4814429077365485,-1.789116213243354
49.0,284.0,1003.2841186523438,-2.5113098327263814,-3.0835693197828915,0.7475034432790106,3.57531747281106,-0.3448842970982562,3.0755615654501387,-0.1733575832726492,2.5066808011677306,-3.481442907606738,-1.78911621348327
49.0,284.0,1003.2841186523438,-2.5113098314444344,-3.083569319767123,0.7475037618494424,3.575317467762825,-0.3448842970982197,3.0755614984186,-0.1733575832721433,2.5066808228436965,-3.481442907606738,-1.78911621348327
49.0,284.0,1003.2841186523438,-2.511309831413597,-3.083569319767168,0.7475037801913189,3.575317467762825,-0.3448842970982549,3.0755614984186,-0.1733575832726438,2.506680799688068,-3.481442907606738,-1.78911621348327
49.0,284.0,1003.2841186523438,-2.511309832723027,-3.0835693197828915,0.7475034509627633,3.57531747281106,-0.3448842970959762,3.0755615654501387,-0.1733575832726492,2.5066808011677306,-3.4814429076721445,-1.7891162134652885
49.0,284.0,1003.2841186523438,-2.511309835313235,-3.083569319767147,0.7475037921682887,3.575317463708892,-0.3448842970982219,3.075561498364892,-0.173357583271862,2.50668082432336,-3.4814429076109468,-1.78911621348327
49.0,284.0,1003.2841186523438,-2.511309832757219,-3.083569319765188,0.7475034629550605,3.5753174651199804,-0.3448842970976702,3.0755614999351306,-0.1733575832716802,2.506680816083681,-3.4814429076379705,-1.789116213469774
49.0,284.0,1003.2841186523438,-2.5113098327263814,-3.0835693197828915,0.7475034432790106,3.57531747281106,-0.3448842970982562,3.0755615654501387,-0.1733575832726492,2.5066808011677306,-3.481442907606738,-1.78911621348327
49.0,284.0,1003.2841186523438,-2.5113096921013205,-3.083569319767783,0.7475038057422685,3.575317599990738,-0.3448842970982547,3.075561565763751,-0.1733575832735371,2.506680761513351,-3.4814429074141104,-1.789116213486723
49.0,284.0,1003.2841186523438,-2.511309832757219,-3.0835693197747176,0.7475038019758652,3.5753174669546914,-0.344884297098221,3.075561497994519,-0.173357583272478,2.50668082432336,-3.481442907606738,-1.7891162134823138
49.0,284.0,1003.2841186523438,-2.511309832757219,-3.083569319767147,0.7475037801690086,3.5753174664866423,-0.3448842970982159,3.0755614986646025,-0.1733575832722205,2.50668082432336,-3.481442907606738,-1.789116213483242
49.0,284.0,1003.2841186523438,-2.511309832364505,-3.083569319597242,0.7475037987164634,3.5753174666620726,-0.3448842970980298,3.0755614991948304,-0.1733575832883675,2.5066808388159973,-3.4814429043368063,-1.7891162134702718
49.0,284.0,1003.2841186523438,-2.511309832367859,-3.083569319597242,0.7475037910327108,3.5753174666620726,-0.3448842970734145,3.0755614991948304,-0.173357583273252,2.5066808388159973,-3.481442904329207,-1.789116213278722
49.0,284.0,1003.2841186523438,-2.511309830634989,-3.083569319767118,0.7475037618494424,3.575317467762825,-0.3448842970981794,3.0755614984186,-0.1733575832721433,2.506680759295912,-3.481442907606738,-1.7891162134898255
49.0,284.0,1003.2841186523438,-2.511309832757219,-3.083569319767147,0.747503780169836,3.5753174664866423,-0.3448842970982159,3.0755614986646025,-0.173357583272245,2.50668082432336,-3.481442907606738,-1.789116213483244
49.0,284.0,1003.2841186523438,-2.5113098327531285,-3.083569319767243,0.7475038060954783,3.575317467563063,-0.3448842970975254,3.0755614984444706,-0.1733575832727676,2.506680839340691,-3.4814429076026463,-1.789116213243354
49.0,284.0,1003.2841796875,-2.5113096921020404,-3.083569319597242,0.7475037920184743,3.5753175972001583,-0.3448842970982566,3.0755614954778303,-0.1733575832736139,2.5066811399650994,-3.48144290741544,-1.789116213482291
49.0,284.0,1003.2841796875,-2.5113096921020404,-3.083569319597242,0.7475037920184743,3.5753175972001583,-0.3448842970989688,3.075561565756726,-0.1733575832736139,2.5066811400162723,-3.48144290741544,-1.7891162132540948
49.0,284.0,1003.2841796875,-2.511309832757219,-3.083569319767132,0.7475034222324234,3.575317465165023,-0.3448842970982566,3.075561499183699,-0.1733575832726438,2.50668082432336,-3.48144290748866,-1.7891162134695977
49.0,284.0,1003.2841796875,-2.511309832757219,-3.0835693197614544,0.7475034222324234,3.575317465165023,-0.3448842970976702,3.075561499183699,-0.1733575832716802,2.506680824326068,-3.48144290748866,-1.7891162134695977
49.0,284.0,1003.2841796875,-2.511309843687726,-3.0835693197672445,0.7475037987164634,3.575317466626861,-0.3448842970978523,3.075561567620801,-0.1733575832668391,2.5066811399650994,-3.4814429041899144,-1.789116213482291
49.0,284.0,1003.2841796875,-2.5113096921020404,-3.083569319597242,0.7475037920184743,3.5753175969680604,-0.3448842970985409,3.0755615729444763,-0.1733575832692673,2.5066811399650994,-3.481442907479762,-1.789116213482291
49.0,284.0,1003.2841796875,-2.511309832757219,-3.0835693197614544,0.7475034222324234,3.575317460663052,-0.3448842970975254,3.075561499183699,-0.1733575832749849,2.506680848157541,-3.481442907481127,-1.789116213247051
49.0,284.0,1003.2841796875,-2.511309832712849,-3.083569319597242,0.747503442556541,3.5753174651598343,-0.3448842970712767,3.0755614988443725,-0.1733575832726384,2.5066811399650994,-3.4814429075595927,-1.7891162134821683
49.0,284.0,1003.2841796875,-2.511309832757219,-3.0835693197668954,0.7475034222324234,3.575317465165023,-0.3448842970976702,3.0755614999351306,-0.1733575832716802,2.5066808155809337,-3.4814429076379705,-1.789116213469789
49.0,284.0,1003.2841796875,-2.511309694915949,-3.0835693196013154,0.7475034155344342,3.57531759573832,-0.3448842970976075,3.0755614990882565,-0.1733575833052459,2.50668082901569,-3.4814429076182387,-1.7891162132416936
49.0,284.0,1003.2841796875,-2.5113096921020404,-3.083569319597242,0.7475037986546996,3.5753175987942134,-0.3448842970982566,3.0755614954778303,-0.1733575832736139,2.5066811399650994,-3.481442904079572,-1.789116213482291
49.0,284.0,1003.2841796875,-2.51130969216228,-3.083569319767783,0.7475038057422685,3.57531746776042,-0.3448842970982222,3.075561567620801,-0.1733575832691613,2.5066807740020485,-3.4814429041899144,-1.7891162134832064
49.0,284.0,1003.2841796875,-2.511309692125364,-3.083569319597242,0.747503799287693,3.57531759719882,-0.3448842970976153,3.07556149816231,-0.1733575829844375,2.5066811399650994,-3.481442907411996,-1.789116213482291
49.0,284.0,1003.2841796875,-2.5113098366376247,-3.0835693197614544,0.7475034222324234,3.575317460181106,-0.3448842970975254,3.0755614968596605,-0.1733575832863612,2.506680848157541,-3.481442907481127,-1.789116213247051
49.0,284.0,1003.2841796875,-2.511309832712849,-3.083569319754289,0.7475034221560947,3.5753174651598343,-0.3448842970712767,3.075561498846678,-0.1733575832726283,2.50668082734335,-3.4814429075595927,-1.7891162134820306
49.0,284.0,1003.2841796875,-2.51130969216228,-3.083569319767783,0.7475033988674432,3.57531746776042,-0.3448842970982222,3.075561567620801,-0.1733575832733123,2.5066807740020485,-3.4814429041899144,-1.7891162134832064
49.0,284.0,1003.2841796875,-2.511309843687726,-3.0835693197672445,0.7475037987164634,3.575317466626861,-0.3448842970978523,3.075561567620801,-0.1733575832668391,2.5066811399650994,-3.4814429041899144,-1.789116213482291
49.0,284.0,1003.2841796875,-2.511309692052832,-3.083569319597242,0.7475037987164634,3.5753175940002992,-0.3448842970712767,3.075561567620801,-0.1733575832692543,2.5066811399650994,-3.48144290408059,-1.789116213482291
49.0,284.0,1003.2841796875,-2.511309694915949,-3.0835693196013154,0.7475034155344342,3.57531759573832,-0.3448842970976075,3.0755614990882565,-0.1733575833052459,2.50668082901569,-3.4814429076182387,-1.7891162132416936
49.0,284.0,1003.2841796875,-2.5113096921020404,-3.083569319597242,0.7475037920184743,3.5753175972001583,-0.3448842970708667,3.075561565756726,-0.1733575832736139,2.5066811400162723,-3.48144290741544,-1.7891162132540948
49.0,284.0,1003.2841796875,-2.511309694915949,-3.0835693196013154,0.7475034155344342,3.57531759573832,-0.3448842970976075,3.0755614990882565,-0.1733575833052459,2.50668082901569,-3.4814429076182387,-1.7891162132416936
49.0,284.0,1003.2841796875,-2.5113096921020404,-3.083569319597242,0.7475034209648074,3.57531746554089,-0.3448842971012753,3.075561565756726,-0.173357583272618,2.5066808233437534,-3.48144290741544,-1.7891162132540948
49.0,284.0,1003.2841796875,-2.5113098284698987,-3.083569319768018,0.7475034222324234,3.5753174580341547,-0.3448842970976702,3.075561496827509,-0.1733575832894489,2.5066808155809337,-3.4814429076379514,-1.789116213469789
49.0,284.0,1003.2841796875,-2.5113096921025644,-3.083569319597242,0.7475037924040661,3.5753175940002992,-0.3448842970988613,3.075561567620801,-0.1733575832692543,2.5066811399650994,-3.4814429073602784,-1.789116213482291
49.0,285.0,1003.2841186523438,-2.511309832364505,-3.083569319597242,0.7475037987164634,3.5753174666620726,-0.3448842970980075,3.0755614991948304,-0.1733575832875814,2.5066808388159973,-3.4814429043946133,-1.7891162134702718
49.0,285.0,1003.2841186523438,-2.511309832757219,-3.083569319767147,0.7475037801913189,3.575317467762825,-0.344884297098221,3.075561498364892,-0.1733575832726438,2.50668082432336,-3.481442907606738,-1.78911621348327
49.0,285.0,1003.2841186523438,-2.511309831413597,-3.083569319767168,0.7475037801913189,3.575317467762825,-0.3448842970982549,3.0755614984186,-0.1733575832726438,2.506680799688068,-3.481442907606738,-1.78911621348327
49.0,285.0,1003.2841186523438,-2.5113098327531285,-3.0835693197614544,0.7475038060954783,3.575317460663052,-0.3448842970975254,3.075561499183699,-0.1733575832749849,2.506680839340691,-3.4814429076026463,-1.789116213247051
49.0,285.0,1003.2841186523438,-2.5113096921013205,-3.083569319767783,0.7475038057422685,3.575317599990738,-0.3448842970982547,3.075561565816087,-0.1733575832734995,2.506680761513351,-3.4814429041904384,-1.7891162134832064
49.0,285.0,1003.2841186523438,-2.511309832757219,-3.083569319767147,0.747503780169836,3.5753174664866423,-0.3448842970982159,3.0755614986646025,-0.173357583272245,2.50668082432336,-3.481442907606738,-1.789116213483244
49.0,285.0,1003.2841186523438,-2.511309832364505,-3.083569319597242,0.7475037987164634,3.5753174666620726,-0.3448842970711344,3.0755614991948304,-0.173357583273252,2.5066808388159973,-3.4814429043946133,-1.7891162132607403
49.0,285.0,1003.2841186523438,-2.5113098327531285,-3.083569319767243,0.7475038060954783,3.575317467563063,-0.3448842970975254,3.0755614984444706,-0.1733575832726906,2.506680839340691,-3.4814429076026463,-1.789116213243354
49.0,285.0,1003.2841186523438,-2.5113098300178898,-3.083569319597242,0.7475037987164634,3.5753174666620726,-0.3448842970711344,3.0755614991948304,-0.173357583273252,2.5066808388159973,-3.4814429043946133,-1.7891162132607403
49.0,285.0,1003.2841186523438,-2.511309832364505,-3.083569319765181,0.7475037987164634,3.5753174666620726,-0.3448842970982376,3.0755614968654097,-0.1733575832879176,2.5066808388159973,-3.481442904394841,-1.789116213483645
49.0,285.0,1003.2841186523438,-2.511309838690128,-3.083569319767243,0.7475038060954783,3.575317467563063,-0.3448842970975254,3.075561497859617,-0.1733575832735203,2.5066807588490696,-3.4814429077365485,-1.789116213243354
49.0,285.0,1003.2841186523438,-2.5113098327263814,-3.0835693197828915,0.7475034432790106,3.57531747281106,-0.3448842970982562,3.0755615654501387,-0.1733575832726492,2.5066808011677306,-3.481442907606738,-1.78911621348327
49.0,285.0,1003.2841186523438,-2.5113098314444344,-3.083569319767123,0.7475037618494424,3.575317467762825,-0.3448842970982197,3.0755614984186,-0.1733575832721433,2.5066808228436965,-3.481442907606738,-1.78911621348327
49.0,285.0,1003.2841186523438,-2.511309831413597,-3.083569319767168,0.7475037801913189,3.575317467762825,-0.3448842970982549,3.0755614984186,-0.1733575832726438,2.506680799688068,-3.481442907606738,-1.78911621348327
49.0,285.0,1003.2841186523438,-2.511309832723027,-3.0835693197828915,0.7475034509627633,3.57531747281106,-0.3448842970959762,3.0755615654501387,-0.1733575832726492,2.5066808011677306,-3.4814429076721445,-1.7891162134652885
49.0,285.0,1003.2841186523438,-2.511309835313235,-3.083569319767147,0.7475037921682887,3.575317463708892,-0.3448842970982219,3.075561498364892,-0.173357583271862,2.50668082432336,-3.4814429076109468,-1.78911621348327
49.0,285.0,1003.2841186523438,-2.511309832757219,-3.083569319765188,0.7475034629550605,3.5753174651199804,-0.3448842970976702,3.0755614999351306,-0.1733575832716802,2.506680816083681,-3.4814429076379705,-1.789116213469774
49.0,285.0,1003.2841186523438,-2.5113098327263814,-3.0835693197828915,0.7475034432790106,3.57531747281106,-0.3448842970982562,3.0755615654501387,-0.1733575832726492,2.5066808011677306,-3.481442907606738,-1.78911621348327
49.0,285.0,1003.2841186523438,-2.5113096921013205,-3.083569319767783,0.7475038057422685,3.575317599990738,-0.3448842970982547,3.075561565763751,-0.1733575832735371,2.506680761513351,-3.4814429074141104,-1.789116213486723
49.0,285.0,1003.2841186523438,-2.511309832757219,-3.0835693197747176,0.7475038019758652,3.5753174669546914,-0.344884297098221,3.075561497994519,-0.173357583272478,2.50668082432336,-3.481442907606738,-1.7891162134823138
49.0,285.0,1003.2841186523438,-2.511309832757219,-3.083569319767147,0.7475037801690086,3.5753174664866423,-0.3448842970982159,3.0755614986646025,-0.1733575832722205,2.50668082432336,-3.481442907606738,-1.789116213483242
49.0,285.0,1003.2841186523438,-2.511309832364505,-3.083569319597242,0.7475037987164634,3.5753174666620726,-0.3448842970980298,3.0755614991948304,-0.1733575832883675,2.5066808388159973,-3.4814429043368063,-1.7891162134702718
49.0,285.0,1003.2841186523438,-2.511309832367859,-3.083569319597242,0.7475037910327108,3.5753174666620726,-0.3448842970734145,3.0755614991948304,-0.173357583273252,2.5066808388159973,-3.481442904329207,-1.789116213278722
49.0,285.0,1003.2841186523438,-2.511309830634989,-3.083569319767118,0.7475037618494424,3.575317467762825,-0.3448842970981794,3.0755614984186,-0.1733575832721433,2.506680759295912,-3.481442907606738,-1.7891162134898255
49.0,285.0,1003.2841186523438,-2.511309832757219,-3.083569319767147,0.747503780169836,3.5753174664866423,-0.3448842970982159,3.0755614986646025,-0.173357583272245,2.50668082432336,-3.481442907606738,-1.789116213483244
49.0,285.0,1003.2841186523438,-2.5113098327531285,-3.083569319767243,0.7475038060954783,3.575317467563063,-0.3448842970975254,3.0755614984444706,-0.1733575832727676,2.506680839340691,-3.4814429076026463,-1.789116213243354
49.0,285.0,1003.2841186523438,-2.511309832757219,-3.083569319767168,0.7475037801690086,3.575317466482745,-0.3448842970982159,3.0755614986646025,-0.1733575832726487,2.506680798574044,-3.481442907606738,-1.78911621348327
49.0,285.0,1003.2841186523438,-2.5113098327574703,-3.0835693197653096,0.7475037987164634,3.575317460567564,-0.3448842970982376,3.0755614968654097,-0.1733575832885086,2.5066808388159973,-3.4814429071860165,-1.7891162134855338
49.0,285.0,1003.2841186523438,-2.5113098322765994,-3.0835693197747176,0.7475038018471334,3.5753174684557094,-0.344884297098221,3.07556156581482,-0.173357583272478,2.5066808180601443,-3.481442907606738,-1.7891162134822003
49.0,285.0,1003.2841186523438,-2.5113098300178898,-3.083569319597242,0.7475037987164634,3.57531748022056,-0.3448842970711344,3.0755614882812305,-0.1733575832732092,2.5066808388159973,-3.481442907374125,-1.7891162132607403
49.0,285.0,1003.2841186523438,-2.511309832332023,-3.083569319765188,0.7475037968377127,3.575317465113625,-0.3448842970979953,3.075561499186146,-0.1733575832716802,2.506680816083681,-3.481442904458123,-1.789116213469774
49.0,285.0,1003.2841186523438,-2.5113098327531285,-3.083569319767243,0.7475038060954783,3.5753174666483867,-0.3448842970971649,3.075561498417009,-0.1733575832726906,2.506680838884127,-3.4814429076026463,-1.789116213243354
49.0,285.0,1003.2841186523438,-2.5113098314444344,-3.0835693197677867,0.7475037618494424,3.575317467762825,-0.3448842970982197,3.0755614914619462,-0.1733575832721433,2.5066808228436965,-3.481442907606738,-1.78911621348327
49.0,285.0,1003.2841186523438,-2.511309831413597,-3.083569319767147,0.7475037801913189,3.5753174677667223,-0.3448842970982549,3.0755614984186,-0.1733575832722155,2.506680825437384,-3.481442907606738,-1.7891162134832417
49.0,285.0,1003.2841186523438,-2.511309830634989,-3.083569319767118,0.7475037618494424,3.5753174677824737,-0.3448842970981794,3.075561499121293,-0.1733575832721433,2.506680753909494,-3.48144290439295,-1.7891162134893606
49.0,285.0,1003.2841186523438,-2.5113098284698987,-3.0835693195973133,0.7475034443484121,3.575317465468639,-0.3448842970976702,3.075561496827509,-0.1733575832894489,2.5066808155809337,-3.4814429075535984,-1.789116213469789
49.0,285.0,1003.2841186523438,-2.51130983140941,-3.08356931960147,0.7475037801913189,3.575317467762825,-0.3448842970982549,3.075561499136261,-0.173357583272625,2.506680838578785,-3.481442907606738,-1.7891162132752243
49.0,285.0,1003.2841186523438,-2.511309830634989,-3.083569319767118,0.7475037618494424,3.575317467762825,-0.3448842970981793,3.0755614984186,-0.1733575832724697,2.506680759295912,-3.481442907606738,-1.7891162134901852
49.0,285.0,1003.2841186523438,-2.5113098333128883,-3.0835693197680283,0.7475034499291822,3.575317457843449,-0.3448842970976702,3.07556149635652,-0.1733575832894489,2.506680815429745,-3.4814429076379514,-1.789116213469789
49.0,285.0,1003.2841186523438,-2.511309835463268,-3.083569319767144,0.7475037921682887,3.575317463708892,-0.3448842970978488,3.075561498364892,-0.173357583271862,2.50668082432336,-3.481442904205068,-1.789116213482285
49.0,285.0,1003.2841186523438,-2.511309830105007,-3.083569319767168,0.7475037996258782,3.575317467696076,-0.3448842970983709,3.0755614984186,-0.1733575832726438,2.506680838068973,-3.481442907343394,-1.7891162134911356
49.0,285.0,1003.2841796875,-2.5113096921020404,-3.083569319597242,0.7475037920184743,3.5753175972001583,-0.3448842970982566,3.0755614954778303,-0.1733575832736139,2.5066811399650994,-3.48144290741544,-1.789116213482291
49.0,285.0,1003.2841796875,-2.5113096921020404,-3.083569319597242,0.7475037920184743,3.5753175972001583,-0.3448842970989688,3.075561565756726,-0.1733575832736139,2.5066811400162723,-3.48144290741544,-1.7891162132540948
49.0,285.0,1003.2841796875,-2.511309832757219,-3.083569319767132,0.7475034222324234,3.575317465165023,-0.3448842970982566,3.075561499183699,-0.1733575832726438,2.50668082432336,-3.48144290748866,-1.7891162134695977
49.0,285.0,1003.2841796875,-2.511309832757219,-3.0835693197614544,0.7475034222324234,3.575317465165023,-0.3448842970976702,3.075561499183699,-0.1733575832716802,2.506680824326068,-3.48144290748866,-1.7891162134695977
49.0,285.0,1003.2841796875,-2.511309843687726,-3.0835693197672445,0.7475037987164634,3.575317466626861,-0.3448842970978523,3.075561567620801,-0.1733575832668391,2.5066811399650994,-3.4814429041899144,-1.789116213482291
49.0,285.0,1003.2841796875,-2.5113096921020404,-3.083569319597242,0.7475037920184743,3.5753175969680604,-0.3448842970985409,3.0755615729444763,-0.1733575832692673,2.5066811399650994,-3.481442907479762,-1.789116213482291
49.0,285.0,1003.2841796875,-2.511309832757219,-3.0835693197614544,0.7475034222324234,3.575317460663052,-0.3448842970975254,3.075561499183699,-0.1733575832749849,2.506680848157541,-3.481442907481127,-1.789116213247051
49.0,285.0,1003.2841796875,-2.511309832712849,-3.083569319597242,0.747503442556541,3.5753174651598343,-0.3448842970712767,3.0755614988443725,-0.1733575832726384,2.5066811399650994,-3.4814429075595927,-1.7891162134821683
49.0,285.0,1003.2841796875,-2.511309832757219,-3.0835693197668954,0.7475034222324234,3.575317465165023,-0.3448842970976702,3.0755614999351306,-0.1733575832716802,2.5066808155809337,-3.4814429076379705,-1.789116213469789
49.0,286.0,1003.2841186523438,-2.511309832364505,-3.083569319597242,0.7475037987164634,3.5753174666620726,-0.3448842970980075,3.0755614991948304,-0.1733575832875814,2.5066808388159973,-3.4814429043946133,-1.7891162134702718
49.0,286.0,1003.2841186523438,-2.511309832757219,-3.083569319767147,0.7475037801913189,3.575317467762825,-0.344884297098221,3.075561498364892,-0.1733575832726438,2.50668082432336,-3.481442907606738,-1.78911621348327
49.0,286.0,1003.2841186523438,-2.511309831413597,-3.083569319767168,0.7475037801913189,3.575317467762825,-0.3448842970982549,3.0755614984186,-0.1733575832726438,2.506680799688068,-3.481442907606738,-1.78911621348327
49.0,286.0,1003.2841186523438,-2.5113098327531285,-3.0835693197614544,0.7475038060954783,3.575317460663052,-0.3448842970975254,3.075561499183699,-0.1733575832749849,2.506680839340691,-3.4814429076026463,-1.789116213247051
49.0,286.0,1003.2841186523438,-2.5113096921013205,-3.083569319767783,0.7475038057422685,3.575317599990738,-0.3448842970982547,3.075561565816087,-0.1733575832734995,2.506680761513351,-3.4814429041904384,-1.7891162134832064
49.0,286.0,1003.2841186523438,-2.511309832757219,-3.083569319767147,0.747503780169836,3.5753174664866423,-0.3448842970982159,3.0755614986646025,-0.173357583272245,2.50668082432336,-3.481442907606738,-1.789116213483244
49.0,286.0,1003.2841186523438,-2.511309832364505,-3.083569319597242,0.7475037987164634,3.5753174666620726,-0.3448842970711344,3.0755614991948304,-0.173357583273252,2.5066808388159973,-3.4814429043946133,-1.7891162132607403
49.0,286.0,1003.2841186523438,-2.5113098327531285,-3.083569319767243,0.7475038060954783,3.575317467563063,-0.3448842970975254,3.0755614984444706,-0.1733575832726906,2.506680839340691,-3.4814429076026463,-1.789116213243354
49.0,286.0,1003.2841186523438,-2.5113098300178898,-3.083569319597242,0.7475037987164634,3.5753174666620726,-0.3448842970711344,3.0755614991948304,-0.173357583273252,2.5066808388159973,-3.4814429043946133,-1.7891162132607403
49.0,286.0,1003.2841186523438,-2.511309832364505,-3.083569319765181,0.7475037987164634,3.5753174666620726,-0.3448842970982376,3.0755614968654097,-0.1733575832879176,2.5066808388159973,-3.481442904394841,-1.789116213483645
49.0,286.0,1003.2841186523438,-2.511309838690128,-3.083569319767243,0.7475038060954783,3.575317467563063,-0.3448842970975254,3.075561497859617,-0.1733575832735203,2.5066807588490696,-3.4814429077365485,-1.789116213243354
49.0,286.0,1003.2841186523438,-2.5113098327263814,-3.0835693197828915,0.7475034432790106,3.57531747281106,-0.3448842970982562,3.0755615654501387,-0.1733575832726492,2.5066808011677306,-3.481442907606738,-1.78911621348327
49.0,286.0,1003.2841186523438,-2.5113098314444344,-3.083569319767123,0.7475037618494424,3.575317467762825,-0.3448842970982197,3.0755614984186,-0.1733575832721433,2.5066808228436965,-3.481442907606738,-1.78911621348327
49.0,286.0,1003.2841186523438,-2.511309831413597,-3.083569319767168,0.7475037801913189,3.575317467762825,-0.3448842970982549,3.0755614984186,-0.1733575832726438,2.506680799688068,-3.481442907606738,-1.78911621348327
49.0,286.0,1003.2841186523438,-2.511309832723027,-3.0835693197828915,0.7475034509627633,3.57531747281106,-0.3448842970959762,3.0755615654501387,-0.1733575832726492,2.5066808011677306,-3.4814429076721445,-1.7891162134652885
49.0,286.0,1003.2841186523438,-2.511309835313235,-3.083569319767147,0.7475037921682887,3.575317463708892,-0.3448842970982219,3.075561498364892,-0.173357583271862,2.50668082432336,-3.4814429076109468,-1.78911621348327
49.0,286.0,1003.2841186523438,-2.511309832757219,-3.083569319765188,0.7475034629550605,3.5753174651199804,-0.3448842970976702,3.0755614999351306,-0.1733575832716802,2.506680816083681,-3.4814429076379705,-1.789116213469774
49.0,286.0,1003.2841186523438,-2.5113098327263814,-3.0835693197828915,0.7475034432790106,3.57531747281106,-0.3448842970982562,3.0755615654501387,-0.1733575832726492,2.5066808011677306,-3.481442907606738,-1.78911621348327
49.0,286.0,1003.2841186523438,-2.5113096921013205,-3.083569319767783,0.7475038057422685,3.575317599990738,-0.3448842970982547,3.075561565763751,-0.1733575832735371,2.506680761513351,-3.4814429074141104,-1.789116213486723
49.0,286.0,1003.2841186523438,-2.511309832757219,-3.0835693197747176,0.7475038019758652,3.5753174669546914,-0.344884297098221,3.075561497994519,-0.173357583272478,2.50668082432336,-3.481442907606738,-1.7891162134823138
49.0,286.0,1003.2841186523438,-2.511309832757219,-3.083569319767147,0.7475037801690086,3.5753174664866423,-0.3448842970982159,3.0755614986646025,-0.1733575832722205,2.50668082432336,-3.481442907606738,-1.789116213483242
49.0,286.0,1003.2841186523438,-2.511309832364505,-3.083569319597242,0.7475037987164634,3.5753174666620726,-0.3448842970980298,3.0755614991948304,-0.1733575832883675,2.5066808388159973,-3.4814429043368063,-1.7891162134702718
49.0,286.0,1003.2841186523438,-2.511309832367859,-3.083569319597242,0.7475037910327108,3.5753174666620726,-0.3448842970734145,3.0755614991948304,-0.173357583273252,2.5066808388159973,-3.481442904329207,-1.789116213278722
49.0,286.0,1003.2841186523438,-2.511309830634989,-3.083569319767118,0.7475037618494424,3.575317467762825,-0.3448842970981794,3.0755614984186,-0.1733575832721433,2.506680759295912,-3.481442907606738,-1.7891162134898255
49.0,286.0,1003.2841186523438,-2.511309832757219,-3.083569319767147,0.747503780169836,3.5753174664866423,-0.3448842970982159,3.0755614986646025,-0.173357583272245,2.50668082432336,-3.481442907606738,-1.789116213483244
49.0,286.0,1003.2841186523438,-2.5113098327531285,-3.083569319767243,0.7475038060954783,3.575317467563063,-0.3448842970975254,3.0755614984444706,-0.1733575832727676,2.506680839340691,-3.4814429076026463,-1.789116213243354
49.0,286.0,1003.2841186523438,-2.511309832757219,-3.083569319767168,0.7475037801690086,3.575317466482745,-0.3448842970982159,3.0755614986646025,-0.1733575832726487,2.506680798574044,-3.481442907606738,-1.78911621348327
49.0,286.0,1003.2841186523438,-2.5113098327574703,-3.0835693197653096,0.7475037987164634,3.575317460567564,-0.3448842970982376,3.0755614968654097,-0.1733575832885086,2.5066808388159973,-3.4814429071860165,-1.7891162134855338
49.0,286.0,1003.2841186523438,-2.5113098322765994,-3.0835693197747176,0.7475038018471334,3.5753174684557094,-0.344884297098221,3.07556156581482,-0.173357583272478,2.5066808180601443,-3.481442907606738,-1.7891162134822003
49.0,286.0,1003.2841186523438,-2.5113098300178898,-3.083569319597242,0.7475037987164634,3.57531748022056,-0.3448842970711344,3.0755614882812305,-0.1733575832732092,2.5066808388159973,-3.481442907374125,-1.7891162132607403
49.0,286.0,1003.2841186523438,-2.511309832332023,-3.083569319765188,0.7475037968377127,3.575317465113625,-0.3448842970979953,3.075561499186146,-0.1733575832716802,2.506680816083681,-3.481442904458123,-1.789116213469774
49.0,286.0,1003.2841186523438,-2.5113098327531285,-3.083569319767243,0.7475038060954783,3.5753174666483867,-0.3448842970971649,3.075561498417009,-0.1733575832726906,2.506680838884127,-3.4814429076026463,-1.789116213243354
49.0,286.0,1003.2841186523438,-2.5113098314444344,-3.0835693197677867,0.7475037618494424,3.575317467762825,-0.3448842970982197,3.0755614914619462,-0.1733575832721433,2.5066808228436965,-3.481442907606738,-1.78911621348327
49.0,286.0,1003.2841186523438,-2.511309831413597,-3.083569319767147,0.7475037801913189,3.5753174677667223,-0.3448842970982549,3.0755614984186,-0.1733575832722155,2.506680825437384,-3.481442907606738,-1.7891162134832417
49.0,286.0,1003.2841186523438,-2.511309830634989,-3.083569319767118,0.7475037618494424,3.5753174677824737,-0.3448842970981794,3.075561499121293,-0.1733575832721433,2.506680753909494,-3.48144290439295,-1.7891162134893606
49.0,286.0,1003.2841186523438,-2.5113098284698987,-3.0835693195973133,0.7475034443484121,3.575317465468639,-0.3448842970976702,3.075561496827509,-0.1733575832894489,2.5066808155809337,-3.4814429075535984,-1.789116213469789
49.0,286.0,1003.2841186523438,-2.51130983140941,-3.08356931960147,0.7475037801913189,3.575317467762825,-0.3448842970982549,3.075561499136261,-0.173357583272625,2.506680838578785,-3.481442907606738,-1.7891162132752243
49.0,286.0,1003.2841186523438,-2.511309830634989,-3.083569319767118,0.7475037618494424,3.575317467762825,-0.3448842970981793,3.0755614984186,-0.1733575832724697,2.506680759295912,-3.481442907606738,-1.7891162134901852
49.0,286.0,1003.2841186523438,-2.5113098333128883,-3.0835693197680283,0.7475034499291822,3.575317457843449,-0.3448842970976702,3.07556149635652,-0.1733575832894489,2.506680815429745,-3.4814429076379514,-1.789116213469789
49.0,286.0,1003.2841186523438,-2.511309835463268,-3.083569319767144,0.7475037921682887,3.575317463708892,-0.3448842970978488,3.075561498364892,-0.173357583271862,2.50668082432336,-3.481442904205068,-1.789116213482285
49.0,286.0,1003.2841186523438,-2.511309830105007,-3.083569319767168,0.7475037996258782,3.575317467696076,-0.3448842970983709,3.0755614984186,-0.1733575832726438,2.506680838068973,-3.481442907343394,-1.7891162134911356
49.0,286.0,1003.2841186523438,-2.511309832757219,-3.083569319760886,0.7475037790203115,3.5753174664866423,-0.3448842970982159,3.0755614986646025,-0.173357583272245,2.50668082432336,-3.481442907367437,-1.789116213483244
49.0,286.0,1003.2841186523438,-2.511309830115124,-3.083569319767168,0.7475037996258782,3.5753174677641377,-0.3448842970983709,3.0755614984186,-0.1733575832726438,2.506680838068973,-3.4814429075883804,-1.7891162134911356
49.0,286.0,1003.2841186523438,-2.511309832757219,-3.08356931977461,0.7475037801690086,3.5753174664866423,-0.3448842970982159,3.075561569584943,-0.1733575832722205,2.50668082432336,-3.481442907606738,-1.789116213483242
49.0,286.0,1003.2841186523438,-2.5113098300178898,-3.083569319597242,0.7475037987164634,3.575317466742342,-0.3448842970984333,3.0755614984214708,-0.173357583273252,2.5066807564254967,-3.4814429079281,-1.7891162132607403
49.0,286.0,1003.2841186523438,-2.5113098314444344,-3.083569319767123,0.7475037619538693,3.57531746803351,-0.3448842970982201,3.075561496791801,-0.1733575832721433,2.5066808228436965,-3.4814429075780846,-1.78911621348327
49.0,286.0,1003.2841186523438,-2.511309832367859,-3.083569319586231,0.7475037899568907,3.5753174666620726,-0.3448842970734145,3.0755614991948304,-0.173357583273252,2.5066808385949697,-3.481442904329207,-1.7891162132746743
49.0,286.0,1003.2841186523438,-2.5113098327531285,-3.0835693197596683,0.7475037987797907,3.5753174667469785,-0.3448842970975254,3.0755614984444706,-0.1733575832877472,2.506680838830288,-3.4814429076026463,-1.789116213243354
49.0,286.0,1003.2841186523438,-2.5113098327609618,-3.083569319597242,0.7475037987164634,3.575317466646013,-0.3448842970711344,3.0755614991948304,-0.1733575832732799,2.5066808388104045,-3.4814429043946133,-1.7891162132607403
49.0,286.0,1003.2841186523438,-2.511309832757219,-3.083569319767147,0.747503780169836,3.5753174664866423,-0.3448842970982159,3.0755614986646025,-0.173357583272245,2.50668082432336,-3.481442907606738,-1.789116213483244
49.0,287.0,1003.2523803710938,-2.511309831409496,-3.083569319767168,0.7475037801913189,3.5850612582418666,-0.3448842970982549,3.0755614984186,-0.1733575832726249,2.506680839894215,-3.481442907606738,-1.78911621348327
49.0,287.0,1003.2841186523438,-2.511309832364505,-3.083569319597242,0.7475037987164634,3.5753174666620726,-0.3448842970980075,3.0755614991948304,-0.1733575832875814,2.5066808388159973,-3.4814429043946133,-1.7891162134702718
49.0,287.0,1003.2841186523438,-2.511309832757219,-3.083569319767147,0.7475037801913189,3.575317467762825,-0.344884297098221,3.075561498364892,-0.1733575832726438,2.50668082432336,-3.481442907606738,-1.78911621348327
49.0,287.0,1003.2841186523438,-2.511309831413597,-3.083569319767168,0.7475037801913189,3.575317467762825,-0.3448842970982549,3.0755614984186,-0.1733575832726438,2.506680799688068,-3.481442907606738,-1.78911621348327
49.0,287.0,1003.2841186523438,-2.5113098327531285,-3.0835693197614544,0.7475038060954783,3.575317460663052,-0.3448842970975254,3.075561499183699,-0.1733575832749849,2.506680839340691,-3.4814429076026463,-1.789116213247051
49.0,287.0,1003.2841186523438,-2.5113096921013205,-3.083569319767783,0.7475038057422685,3.575317599990738,-0.3448842970982547,3.075561565816087,-0.1733575832734995,2.506680761513351,-3.4814429041904384,-1.7891162134832064
49.0,287.0,1003.2841186523438,-2.511309832757219,-3.083569319767147,0.747503780169836,3.5753174664866423,-0.3448842970982159,3.0755614986646025,-0.173357583272245,2.50668082432336,-3.481442907606738,-1.789116213483244
49.0,287.0,1003.2841186523438,-2.511309832364505,-3.083569319597242,0.7475037987164634,3.5753174666620726,-0.3448842970711344,3.0755614991948304,-0.173357583273252,2.5066808388159973,-3.4814429043946133,-1.7891162132607403
49.0,287.0,1003.2841186523438,-2.5113098327531285,-3.083569319767243,0.7475038060954783,3.575317467563063,-0.3448842970975254,3.0755614984444706,-0.1733575832726906,2.506680839340691,-3.4814429076026463,-1.789116213243354
49.0,287.0,1003.2841186523438,-2.5113098300178898,-3.083569319597242,0.7475037987164634,3.5753174666620726,-0.3448842970711344,3.0755614991948304,-0.173357583273252,2.5066808388159973,-3.4814429043946133,-1.7891162132607403
49.0,287.0,1003.2841186523438,-2.511309832364505,-3.083569319765181,0.7475037987164634,3.5753174666620726,-0.3448842970982376,3.0755614968654097,-0.1733575832879176,2.5066808388159973,-3.481442904394841,-1.789116213483645
49.0,287.0,1003.2841186523438,-2.511309838690128,-3.083569319767243,0.7475038060954783,3.575317467563063,-0.3448842970975254,3.075561497859617,-0.1733575832735203,2.5066807588490696,-3.4814429077365485,-1.789116213243354
49.0,287.0,1003.2841186523438,-2.5113098327263814,-3.0835693197828915,0.7475034432790106,3.57531747281106,-0.3448842970982562,3.0755615654501387,-0.1733575832726492,2.5066808011677306,-3.481442907606738,-1.78911621348327
49.0,287.0,1003.2841186523438,-2.5113098314444344,-3.083569319767123,0.7475037618494424,3.575317467762825,-0.3448842970982197,3.0755614984186,-0.1733575832721433,2.5066808228436965,-3.481442907606738,-1.78911621348327
49.0,287.0,1003.2841186523438,-2.511309831413597,-3.083569319767168,0.7475037801913189,3.575317467762825,-0.3448842970982549,3.0755614984186,-0.1733575832726438,2.506680799688068,-3.481442907606738,-1.78911621348327
49.0,287.0,1003.2841186523438,-2.511309832723027,-3.0835693197828915,0.7475034509627633,3.57531747281106,-0.3448842970959762,3.0755615654501387,-0.1733575832726492,2.5066808011677306,-3.4814429076721445,-1.7891162134652885
49.0,287.0,1003.2841186523438,-2.511309835313235,-3.083569319767147,0.7475037921682887,3.575317463708892,-0.3448842970982219,3.075561498364892,-0.173357583271862,2.50668082432336,-3.4814429076109468,-1.78911621348327
49.0,287.0,1003.2841186523438,-2.511309832757219,-3.083569319765188,0.7475034629550605,3.5753174651199804,-0.3448842970976702,3.0755614999351306,-0.1733575832716802,2.506680816083681,-3.4814429076379705,-1.789116213469774
49.0,287.0,1003.2841186523438,-2.5113098327263814,-3.0835693197828915,0.7475034432790106,3.57531747281106,-0.3448842970982562,3.0755615654501387,-0.1733575832726492,2.5066808011677306,-3.481442907606738,-1.78911621348327
49.0,287.0,1003.2841186523438,-2.5113096921013205,-3.083569319767783,0.7475038057422685,3.575317599990738,-0.3448842970982547,3.075561565763751,-0.1733575832735371,2.506680761513351,-3.4814429074141104,-1.789116213486723
49.0,287.0,1003.2841186523438,-2.511309832757219,-3.0835693197747176,0.7475038019758652,3.5753174669546914,-0.344884297098221,3.075561497994519,-0.173357583272478,2.50668082432336,-3.481442907606738,-1.7891162134823138
49.0,287.0,1003.2841186523438,-2.511309832757219,-3.083569319767147,0.7475037801690086,3.5753174664866423,-0.3448842970982159,3.0755614986646025,-0.1733575832722205,2.50668082432336,-3.481442907606738,-1.789116213483242
49.0,287.0,1003.2841186523438,-2.511309832364505,-3.083569319597242,0.7475037987164634,3.5753174666620726,-0.3448842970980298,3.0755614991948304,-0.1733575832883675,2.5066808388159973,-3.4814429043368063,-1.7891162134702718
49.0,287.0,1003.2841186523438,-2.511309832367859,-3.083569319597242,0.7475037910327108,3.5753174666620726,-0.3448842970734145,3.0755614991948304,-0.173357583273252,2.5066808388159973,-3.481442904329207,-1.789116213278722
49.0,287.0,1003.2841186523438,-2.511309830634989,-3.083569319767118,0.7475037618494424,3.575317467762825,-0.3448842970981794,3.0755614984186,-0.1733575832721433,2.506680759295912,-3.481442907606738,-1.7891162134898255
49.0,287.0,1003.2841186523438,-2.511309832757219,-3.083569319767147,0.747503780169836,3.5753174664866423,-0.3448842970982159,3.0755614986646025,-0.173357583272245,2.50668082432336,-3.481442907606738,-1.789116213483244
49.0,287.0,1003.2841186523438,-2.5113098327531285,-3.083569319767243,0.7475038060954783,3.575317467563063,-0.3448842970975254,3.0755614984444706,-0.1733575832727676,2.506680839340691,-3.4814429076026463,-1.789116213243354
49.0,287.0,1003.2841186523438,-2.511309832757219,-3.083569319767168,0.7475037801690086,3.575317466482745,-0.3448842970982159,3.0755614986646025,-0.1733575832726487,2.506680798574044,-3.481442907606738,-1.78911621348327
49.0,287.0,1003.2841186523438,-2.5113098327574703,-3.0835693197653096,0.7475037987164634,3.575317460567564,-0.3448842970982376,3.0755614968654097,-0.1733575832885086,2.5066808388159973,-3.4814429071860165,-1.7891162134855338
49.0,287.0,1003.2841186523438,-2.5113098322765994,-3.0835693197747176,0.7475038018471334,3.5753174684557094,-0.344884297098221,3.07556156581482,-0.173357583272478,2.5066808180601443,-3.481442907606738,-1.7891162134822003
49.0,287.0,1003.2841186523438,-2.5113098300178898,-3.083569319597242,0.7475037987164634,3.57531748022056,-0.3448842970711344,3.0755614882812305,-0.1733575832732092,2.5066808388159973,-3.481442907374125,-1.7891162132607403
49.0,287.0,1003.2841186523438,-2.511309832332023,-3.083569319765188,0.7475037968377127,3.575317465113625,-0.3448842970979953,3.075561499186146,-0.1733575832716802,2.506680816083681,-3.481442904458123,-1.789116213469774
49.0,287.0,1003.2841186523438,-2.5113098327531285,-3.083569319767243,0.7475038060954783,3.5753174666483867,-0.3448842970971649,3.075561498417009,-0.1733575832726906,2.506680838884127,-3.4814429076026463,-1.789116213243354
49.0,287.0,1003.2841186523438,-2.5113098314444344,-3.0835693197677867,0.7475037618494424,3.575317467762825,-0.3448842970982197,3.0755614914619462,-0.1733575832721433,2.5066808228436965,-3.481442907606738,-1.78911621348327
49.0,287.0,1003.2841186523438,-2.511309831413597,-3.083569319767147,0.7475037801913189,3.5753174677667223,-0.3448842970982549,3.0755614984186,-0.1733575832722155,2.506680825437384,-3.481442907606738,-1.7891162134832417
49.0,287.0,1003.2841186523438,-2.511309830634989,-3.083569319767118,0.7475037618494424,3.5753174677824737,-0.3448842970981794,3.075561499121293,-0.1733575832721433,2.506680753909494,-3.48144290439295,-1.7891162134893606
49.0,287.0,1003.2841186523438,-2.5113098284698987,-3.0835693195973133,0.7475034443484121,3.575317465468639,-0.3448842970976702,3.075561496827509,-0.1733575832894489,2.5066808155809337,-3.4814429075535984,-1.789116213469789
49.0,287.0,1003.2841186523438,-2.51130983140941,-3.08356931960147,0.7475037801913189,3.575317467762825,-0.3448842970982549,3.075561499136261,-0.173357583272625,2.506680838578785,-3.481442907606738,-1.7891162132752243
49.0,287.0,1003.2841186523438,-2.511309830634989,-3.083569319767118,0.7475037618494424,3.575317467762825,-0.3448842970981793,3.0755614984186,-0.1733575832724697,2.506680759295912,-3.481442907606738,-1.7891162134901852
49.0,287.0,1003.2841186523438,-2.5113098333128883,-3.0835693197680283,0.7475034499291822,3.575317457843449,-0.3448842970976702,3.07556149635652,-0.1733575832894489,2.506680815429745,-3.4814429076379514,-1.789116213469789
49.0,287.0,1003.2841186523438,-2.511309835463268,-3.083569319767144,0.7475037921682887,3.575317463708892,-0.3448842970978488,3.075561498364892,-0.173357583271862,2.50668082432336,-3.481442904205068,-1.789116213482285
49.0,287.0,1003.2841186523438,-2.511309830105007,-3.083569319767168,0.7475037996258782,3.575317467696076,-0.3448842970983709,3.0755614984186,-0.1733575832726438,2.506680838068973,-3.481442907343394,-1.7891162134911356
49.0,287.0,1003.2841186523438,-2.511309832757219,-3.083569319760886,0.7475037790203115,3.5753174664866423,-0.3448842970982159,3.0755614986646025,-0.173357583272245,2.50668082432336,-3.481442907367437,-1.789116213483244
49.0,287.0,1003.2841186523438,-2.511309830115124,-3.083569319767168,0.7475037996258782,3.5753174677641377,-0.3448842970983709,3.0755614984186,-0.1733575832726438,2.506680838068973,-3.4814429075883804,-1.7891162134911356
49.0,287.0,1003.2841186523438,-2.511309832757219,-3.08356931977461,0.7475037801690086,3.5753174664866423,-0.3448842970982159,3.075561569584943,-0.1733575832722205,2.50668082432336,-3.481442907606738,-1.789116213483242
49.0,287.0,1003.2841186523438,-2.5113098300178898,-3.083569319597242,0.7475037987164634,3.575317466742342,-0.3448842970984333,3.0755614984214708,-0.173357583273252,2.5066807564254967,-3.4814429079281,-1.7891162132607403
49.0,287.0,1003.2841186523438,-2.5113098314444344,-3.083569319767123,0.7475037619538693,3.57531746803351,-0.3448842970982201,3.075561496791801,-0.1733575832721433,2.5066808228436965,-3.4814429075780846,-1.78911621348327
49.0,287.0,1003.2841186523438,-2.511309832367859,-3.083569319586231,0.7475037899568907,3.5753174666620726,-0.3448842970734145,3.0755614991948304,-0.173357583273252,2.5066808385949697,-3.481442904329207,-1.7891162132746743
49.0,287.0,1003.2841186523438,-2.5113098327531285,-3.0835693197596683,0.7475037987797907,3.5753174667469785,-0.3448842970975254,3.0755614984444706,-0.1733575832877472,2.506680838830288,-3.4814429076026463,-1.789116213243354
49.0,287.0,1003.2841186523438,-2.5113098327609618,-3.083569319597242,0.7475037987164634,3.575317466646013,-0.3448842970711344,3.0755614991948304,-0.1733575832732799,2.5066808388104045,-3.4814429043946133,-1.7891162132607403
49.0,288.0,1003.2523803710938,-2.511309831409496,-3.083569319767168,0.7475037801913189,3.5850612582418666,-0.3448842970982549,3.0755614984186,-0.1733575832726249,2.506680839894215,-3.481442907606738,-1.78911621348327
49.0,288.0,1003.2841186523438,-2.511309832364505,-3.083569319597242,0.7475037987164634,3.5753174666620726,-0.3448842970980075,3.0755614991948304,-0.1733575832875814,2.5066808388159973,-3.4814429043946133,-1.7891162134702718
49.0,288.0,1003.2841186523438,-2.511309832757219,-3.083569319767147,0.7475037801913189,3.575317467762825,-0.344884297098221,3.075561498364892,-0.1733575832726438,2.50668082432336,-3.481442907606738,-1.78911621348327
49.0,288.0,1003.2841186523438,-2.511309831413597,-3.083569319767168,0.7475037801913189,3.575317467762825,-0.3448842970982549,3.0755614984186,-0.1733575832726438,2.506680799688068,-3.481442907606738,-1.78911621348327
49.0,288.0,1003.2841186523438,-2.5113098327531285,-3.0835693197614544,0.7475038060954783,3.575317460663052,-0.3448842970975254,3.075561499183699,-0.1733575832749849,2.506680839340691,-3.4814429076026463,-1.789116213247051
49.0,288.0,1003.2841186523438,-2.5113096921013205,-3.083569319767783,0.7475038057422685,3.575317599990738,-0.3448842970982547,3.075561565816087,-0.1733575832734995,2.506680761513351,-3.4814429041904384,-1.7891162134832064
49.0,288.0,1003.2841186523438,-2.511309832757219,-3.083569319767147,0.747503780169836,3.5753174664866423,-0.3448842970982159,3.0755614986646025,-0.173357583272245,2.50668082432336,-3.481442907606738,-1.789116213483244
49.0,288.0,1003.2841186523438,-2.511309832364505,-3.083569319597242,0.7475037987164634,3.5753174666620726,-0.3448842970711344,3.0755614991948304,-0.173357583273252,2.5066808388159973,-3.4814429043946133,-1.7891162132607403
49.0,288.0,1003.2841186523438,-2.5113098327531285,-3.083569319767243,0.7475038060954783,3.575317467563063,-0.3448842970975254,3.0755614984444706,-0.1733575832726906,2.506680839340691,-3.4814429076026463,-1.789116213243354
49.0,288.0,1003.2841186523438,-2.5113098300178898,-3.083569319597242,0.7475037987164634,3.5753174666620726,-0.3448842970711344,3.0755614991948304,-0.173357583273252,2.5066808388159973,-3.4814429043946133,-1.7891162132607403
49.0,288.0,1003.2841186523438,-2.511309832364505,-3.083569319765181,0.7475037987164634,3.5753174666620726,-0.3448842970982376,3.0755614968654097,-0.1733575832879176,2.5066808388159973,-3.481442904394841,-1.789116213483645
49.0,288.0,1003.2841186523438,-2.511309838690128,-3.083569319767243,0.7475038060954783,3.575317467563063,-0.3448842970975254,3.075561497859617,-0.1733575832735203,2.5066807588490696,-3.4814429077365485,-1.789116213243354
49.0,288.0,1003.2841186523438,-2.5113098327263814,-3.0835693197828915,0.7475034432790106,3.57531747281106,-0.3448842970982562,3.0755615654501387,-0.1733575832726492,2.5066808011677306,-3.481442907606738,-1.78911621348327
49.0,288.0,1003.2841186523438,-2.5113098314444344,-3.083569319767123,0.7475037618494424,3.575317467762825,-0.3448842970982197,3.0755614984186,-0.1733575832721433,2.5066808228436965,-3.481442907606738,-1.78911621348327
49.0,288.0,1003.2841186523438,-2.511309831413597,-3.083569319767168,0.7475037801913189,3.575317467762825,-0.3448842970982549,3.0755614984186,-0.1733575832726438,2.506680799688068,-3.481442907606738,-1.78911621348327
49.0,288.0,1003.2841186523438,-2.511309832723027,-3.0835693197828915,0.7475034509627633,3.57531747281106,-0.3448842970959762,3.0755615654501387,-0.1733575832726492,2.5066808011677306,-3.4814429076721445,-1.7891162134652885
49.0,288.0,1003.2841186523438,-2.511309835313235,-3.083569319767147,0.7475037921682887,3.575317463708892,-0.3448842970982219,3.075561498364892,-0.173357583271862,2.50668082432336,-3.4814429076109468,-1.78911621348327
49.0,288.0,1003.2841186523438,-2.511309832757219,-3.083569319765188,0.7475034629550605,3.5753174651199804,-0.3448842970976702,3.0755614999351306,-0.1733575832716802,2.506680816083681,-3.4814429076379705,-1.789116213469774
49.0,288.0,1003.2841186523438,-2.5113098327263814,-3.0835693197828915,0.7475034432790106,3.57531747281106,-0.3448842970982562,3.0755615654501387,-0.1733575832726492,2.5066808011677306,-3.481442907606738,-1.78911621348327
49.0,288.0,1003.2841186523438,-2.5113096921013205,-3.083569319767783,0.7475038057422685,3.575317599990738,-0.3448842970982547,3.075561565763751,-0.1733575832735371,2.506680761513351,-3.4814429074141104,-1.789116213486723
49.0,288.0,1003.2841186523438,-2.511309832757219,-3.0835693197747176,0.7475038019758652,3.5753174669546914,-0.344884297098221,3.075561497994519,-0.173357583272478,2.50668082432336,-3.481442907606738,-1.7891162134823138
49.0,288.0,1003.2841186523438,-2.511309832757219,-3.083569319767147,0.7475037801690086,3.5753174664866423,-0.3448842970982159,3.0755614986646025,-0.1733575832722205,2.50668082432336,-3.481442907606738,-1.789116213483242
49.0,288.0,1003.2841186523438,-2.511309832364505,-3.083569319597242,0.7475037987164634,3.5753174666620726,-0.3448842970980298,3.0755614991948304,-0.1733575832883675,2.5066808388159973,-3.4814429043368063,-1.7891162134702718
49.0,288.0,1003.2841186523438,-2.511309832367859,-3.083569319597242,0.7475037910327108,3.5753174666620726,-0.3448842970734145,3.0755614991948304,-0.173357583273252,2.5066808388159973,-3.481442904329207,-1.789116213278722
49.0,288.0,1003.2841186523438,-2.511309830634989,-3.083569319767118,0.7475037618494424,3.575317467762825,-0.3448842970981794,3.0755614984186,-0.1733575832721433,2.506680759295912,-3.481442907606738,-1.7891162134898255
49.0,288.0,1003.2841186523438,-2.511309832757219,-3.083569319767147,0.747503780169836,3.5753174664866423,-0.3448842970982159,3.0755614986646025,-0.173357583272245,2.50668082432336,-3.481442907606738,-1.789116213483244
49.0,288.0,1003.2841186523438,-2.5113098327531285,-3.083569319767243,0.7475038060954783,3.575317467563063,-0.3448842970975254,3.0755614984444706,-0.1733575832727676,2.506680839340691,-3.4814429076026463,-1.789116213243354
49.0,288.0,1003.2841186523438,-2.511309832757219,-3.083569319767168,0.7475037801690086,3.575317466482745,-0.3448842970982159,3.0755614986646025,-0.1733575832726487,2.506680798574044,-3.481442907606738,-1.78911621348327
49.0,288.0,1003.2841186523438,-2.5113098327574703,-3.0835693197653096,0.7475037987164634,3.575317460567564,-0.3448842970982376,3.0755614968654097,-0.1733575832885086,2.5066808388159973,-3.4814429071860165,-1.7891162134855338
49.0,288.0,1003.2841186523438,-2.5113098322765994,-3.0835693197747176,0.7475038018471334,3.5753174684557094,-0.344884297098221,3.07556156581482,-0.173357583272478,2.5066808180601443,-3.481442907606738,-1.7891162134822003
49.0,288.0,1003.2841186523438,-2.5113098300178898,-3.083569319597242,0.7475037987164634,3.57531748022056,-0.3448842970711344,3.0755614882812305,-0.1733575832732092,2.5066808388159973,-3.481442907374125,-1.7891162132607403
49.0,288.0,1003.2841186523438,-2.511309832332023,-3.083569319765188,0.7475037968377127,3.575317465113625,-0.3448842970979953,3.075561499186146,-0.1733575832716802,2.506680816083681,-3.481442904458123,-1.789116213469774
49.0,288.0,1003.2841186523438,-2.5113098327531285,-3.083569319767243,0.7475038060954783,3.5753174666483867,-0.3448842970971649,3.075561498417009,-0.1733575832726906,2.506680838884127,-3.4814429076026463,-1.789116213243354
49.0,288.0,1003.2841186523438,-2.5113098314444344,-3.0835693197677867,0.7475037618494424,3.575317467762825,-0.3448842970982197,3.0755614914619462,-0.1733575832721433,2.5066808228436965,-3.481442907606738,-1.78911621348327
49.0,288.0,1003.2841186523438,-2.511309831413597,-3.083569319767147,0.7475037801913189,3.5753174677667223,-0.3448842970982549,3.0755614984186,-0.1733575832722155,2.506680825437384,-3.481442907606738,-1.7891162134832417
49.0,288.0,1003.2841186523438,-2.511309830634989,-3.083569319767118,0.7475037618494424,3.5753174677824737,-0.3448842970981794,3.075561499121293,-0.1733575832721433,2.506680753909494,-3.48144290439295,-1.7891162134893606
49.0,288.0,1003.2841186523438,-2.5113098284698987,-3.0835693195973133,0.7475034443484121,3.575317465468639,-0.3448842970976702,3.075561496827509,-0.1733575832894489,2.5066808155809337,-3.4814429075535984,-1.789116213469789
49.0,288.0,1003.2841186523438,-2.51130983140941,-3.08356931960147,0.7475037801913189,3.575317467762825,-0.3448842970982549,3.075561499136261,-0.173357583272625,2.506680838578785,-3.481442907606738,-1.7891162132752243
49.0,288.0,1003.2841186523438,-2.511309830634989,-3.083569319767118,0.7475037618494424,3.575317467762825,-0.3448842970981793,3.0755614984186,-0.1733575832724697,2.506680759295912,-3.481442907606738,-1.7891162134901852
49.0,288.0,1003.2841186523438,-2.5113098333128883,-3.0835693197680283,0.7475034499291822,3.575317457843449,-0.3448842970976702,3.07556149635652,-0.1733575832894489,2.506680815429745,-3.4814429076379514,-1.789116213469789
49.0,288.0,1003.2841186523438,-2.511309835463268,-3.083569319767144,0.7475037921682887,3.575317463708892,-0.3448842970978488,3.075561498364892,-0.173357583271862,2.50668082432336,-3.481442904205068,-1.789116213482285
49.0,288.0,1003.2841186523438,-2.511309830105007,-3.083569319767168,0.7475037996258782,3.575317467696076,-0.3448842970983709,3.0755614984186,-0.1733575832726438,2.506680838068973,-3.481442907343394,-1.7891162134911356
49.0,288.0,1003.2841186523438,-2.511309832757219,-3.083569319760886,0.7475037790203115,3.5753174664866423,-0.3448842970982159,3.0755614986646025,-0.173357583272245,2.50668082432336,-3.481442907367437,-1.789116213483244
49.0,288.0,1003.2841186523438,-2.511309830115124,-3.083569319767168,0.7475037996258782,3.5753174677641377,-0.3448842970983709,3.0755614984186,-0.1733575832726438,2.506680838068973,-3.4814429075883804,-1.7891162134911356
49.0,288.0,1003.2841186523438,-2.511309832757219,-3.08356931977461,0.7475037801690086,3.5753174664866423,-0.3448842970982159,3.075561569584943,-0.1733575832722205,2.50668082432336,-3.481442907606738,-1.789116213483242
49.0,288.0,1003.2841186523438,-2.5113098300178898,-3.083569319597242,0.7475037987164634,3.575317466742342,-0.3448842970984333,3.0755614984214708,-0.173357583273252,2.5066807564254967,-3.4814429079281,-1.7891162132607403
49.0,288.0,1003.2841186523438,-2.5113098314444344,-3.083569319767123,0.7475037619538693,3.57531746803351,-0.3448842970982201,3.075561496791801,-0.1733575832721433,2.5066808228436965,-3.4814429075780846,-1.78911621348327
49.0,288.0,1003.2841186523438,-2.511309832367859,-3.083569319586231,0.7475037899568907,3.5753174666620726,-0.3448842970734145,3.0755614991948304,-0.173357583273252,2.5066808385949697,-3.481442904329207,-1.7891162132746743
49.0,288.0,1003.2841186523438,-2.5113098327531285,-3.0835693197596683,0.7475037987797907,3.5753174667469785,-0.3448842970975254,3.0755614984444706,-0.1733575832877472,2.506680838830288,-3.4814429076026463,-1.789116213243354
49.0,288.0,1003.2841186523438,-2.5113098327609618,-3.083569319597242,0.7475037987164634,3.575317466646013,-0.3448842970711344,3.0755614991948304,-0.1733575832732799,2.5066808388104045,-3.4814429043946133,-1.7891162132607403
49.0,289.0,1003.2523803710938,-2.511309831409496,-3.083569319767168,0.7475037801913189,3.5850612582418666,-0.3448842970982549,3.0755614984186,-0.1733575832726249,2.506680839894215,-3.481442907606738,-1.78911621348327
49.0,289.0,1003.2841186523438,-2.511309832364505,-3.083569319597242,0.7475037987164634,3.5753174666620726,-0.3448842970980075,3.0755614991948304,-0.1733575832875814,2.5066808388159973,-3.4814429043946133,-1.7891162134702718
49.0,289.0,1003.2841186523438,-2.511309832757219,-3.083569319767147,0.7475037801913189,3.575317467762825,-0.344884297098221,3.075561498364892,-0.1733575832726438,2.50668082432336,-3.481442907606738,-1.78911621348327
49.0,289.0,1003.2841186523438,-2.511309831413597,-3.083569319767168,0.7475037801913189,3.575317467762825,-0.3448842970982549,3.0755614984186,-0.1733575832726438,2.506680799688068,-3.481442907606738,-1.78911621348327
49.0,289.0,1003.2841186523438,-2.5113098327531285,-3.0835693197614544,0.7475038060954783,3.575317460663052,-0.3448842970975254,3.075561499183699,-0.1733575832749849,2.506680839340691,-3.4814429076026463,-1.789116213247051
49.0,289.0,1003.2841186523438,-2.5113096921013205,-3.083569319767783,0.7475038057422685,3.575317599990738,-0.3448842970982547,3.075561565816087,-0.1733575832734995,2.506680761513351,-3.4814429041904384,-1.7891162134832064
49.0,289.0,1003.2841186523438,-2.511309832757219,-3.083569319767147,0.747503780169836,3.5753174664866423,-0.3448842970982159,3.0755614986646025,-0.173357583272245,2.50668082432336,-3.481442907606738,-1.789116213483244
49.0,289.0,1003.2841186523438,-2.511309832364505,-3.083569319597242,0.7475037987164634,3.5753174666620726,-0.3448842970711344,3.0755614991948304,-0.173357583273252,2.5066808388159973,-3.4814429043946133,-1.7891162132607403
49.0,289.0,1003.2841186523438,-2.5113098327531285,-3.083569319767243,0.7475038060954783,3.575317467563063,-0.3448842970975254,3.0755614984444706,-0.1733575832726906,2.506680839340691,-3.4814429076026463,-1.789116213243354
49.0,289.0,1003.2841186523438,-2.5113098300178898,-3.083569319597242,0.7475037987164634,3.5753174666620726,-0.3448842970711344,3.0755614991948304,-0.173357583273252,2.5066808388159973,-3.4814429043946133,-1.7891162132607403
49.0,289.0,1003.2841186523438,-2.511309832364505,-3.083569319765181,0.7475037987164634,3.5753174666620726,-0.3448842970982376,3.0755614968654097,-0.1733575832879176,2.5066808388159973,-3.481442904394841,-1.789116213483645
49.0,289.0,1003.2841186523438,-2.511309838690128,-3.083569319767243,0.7475038060954783,3.575317467563063,-0.3448842970975254,3.075561497859617,-0.1733575832735203,2.5066807588490696,-3.4814429077365485,-1.789116213243354
49.0,289.0,1003.2841186523438,-2.5113098327263814,-3.0835693197828915,0.7475034432790106,3.57531747281106,-0.3448842970982562,3.0755615654501387,-0.1733575832726492,2.5066808011677306,-3.481442907606738,-1.78911621348327
49.0,289.0,1003.2841186523438,-2.5113098314444344,-3.083569319767123,0.7475037618494424,3.575317467762825,-0.3448842970982197,3.0755614984186,-0.1733575832721433,2.5066808228436965,-3.481442907606738,-1.78911621348327
49.0,289.0,1003.2841186523438,-2.511309831413597,-3.083569319767168,0.7475037801913189,3.575317467762825,-0.3448842970982549,3.0755614984186,-0.1733575832726438,2.506680799688068,-3.481442907606738,-1.78911621348327
49.0,289.0,1003.2841186523438,-2.511309832723027,-3.0835693197828915,0.7475034509627633,3.57531747281106,-0.3448842970959762,3.0755615654501387,-0.1733575832726492,2.5066808011677306,-3.4814429076721445,-1.7891162134652885
49.0,289.0,1003.2841186523438,-2.511309835313235,-3.083569319767147,0.7475037921682887,3.575317463708892,-0.3448842970982219,3.075561498364892,-0.173357583271862,2.50668082432336,-3.4814429076109468,-1.78911621348327
49.0,289.0,1003.2841186523438,-2.511309832757219,-3.083569319765188,0.7475034629550605,3.5753174651199804,-0.3448842970976702,3.0755614999351306,-0.1733575832716802,2.506680816083681,-3.4814429076379705,-1.789116213469774
49.0,289.0,1003.2841186523438,-2.5113098327263814,-3.0835693197828915,0.7475034432790106,3.57531747281106,-0.3448842970982562,3.0755615654501387,-0.1733575832726492,2.5066808011677306,-3.481442907606738,-1.78911621348327
49.0,289.0,1003.2841186523438,-2.5113096921013205,-3.083569319767783,0.7475038057422685,3.575317599990738,-0.3448842970982547,3.075561565763751,-0.1733575832735371,2.506680761513351,-3.4814429074141104,-1.789116213486723
49.0,289.0,1003.2841186523438,-2.511309832757219,-3.0835693197747176,0.7475038019758652,3.5753174669546914,-0.344884297098221,3.075561497994519,-0.173357583272478,2.50668082432336,-3.481442907606738,-1.7891162134823138
49.0,289.0,1003.2841186523438,-2.511309832757219,-3.083569319767147,0.7475037801690086,3.5753174664866423,-0.3448842970982159,3.0755614986646025,-0.1733575832722205,2.50668082432336,-3.481442907606738,-1.789116213483242
49.0,289.0,1003.2841186523438,-2.511309832364505,-3.083569319597242,0.7475037987164634,3.5753174666620726,-0.3448842970980298,3.0755614991948304,-0.1733575832883675,2.5066808388159973,-3.4814429043368063,-1.7891162134702718
49.0,289.0,1003.2841186523438,-2.511309832367859,-3.083569319597242,0.7475037910327108,3.5753174666620726,-0.3448842970734145,3.0755614991948304,-0.173357583273252,2.5066808388159973,-3.481442904329207,-1.789116213278722
49.0,289.0,1003.2841186523438,-2.511309830634989,-3.083569319767118,0.7475037618494424,3.575317467762825,-0.3448842970981794,3.0755614984186,-0.1733575832721433,2.506680759295912,-3.481442907606738,-1.7891162134898255
49.0,289.0,1003.2841186523438,-2.511309832757219,-3.083569319767147,0.747503780169836,3.5753174664866423,-0.3448842970982159,3.0755614986646025,-0.173357583272245,2.50668082432336,-3.481442907606738,-1.789116213483244
49.0,289.0,1003.2841186523438,-2.5113098327531285,-3.083569319767243,0.7475038060954783,3.575317467563063,-0.3448842970975254,3.0755614984444706,-0.1733575832727676,2.506680839340691,-3.4814429076026463,-1.789116213243354
49.0,289.0,1003.2841186523438,-2.511309832757219,-3.083569319767168,0.7475037801690086,3.575317466482745,-0.3448842970982159,3.0755614986646025,-0.1733575832726487,2.506680798574044,-3.481442907606738,-1.78911621348327
49.0,289.0,1003.2841186523438,-2.5113098327574703,-3.0835693197653096,0.7475037987164634,3.575317460567564,-0.3448842970982376,3.0755614968654097,-0.1733575832885086,2.5066808388159973,-3.4814429071860165,-1.7891162134855338
49.0,289.0,1003.2841186523438,-2.5113098322765994,-3.0835693197747176,0.7475038018471334,3.5753174684557094,-0.344884297098221,3.07556156581482,-0.173357583272478,2.5066808180601443,-3.481442907606738,-1.7891162134822003
49.0,289.0,1003.2841186523438,-2.5113098300178898,-3.083569319597242,0.7475037987164634,3.57531748022056,-0.3448842970711344,3.0755614882812305,-0.1733575832732092,2.5066808388159973,-3.481442907374125,-1.7891162132607403
49.0,289.0,1003.2841186523438,-2.511309832332023,-3.083569319765188,0.7475037968377127,3.575317465113625,-0.3448842970979953,3.075561499186146,-0.1733575832716802,2.506680816083681,-3.481442904458123,-1.789116213469774
49.0,289.0,1003.2841186523438,-2.5113098327531285,-3.083569319767243,0.7475038060954783,3.5753174666483867,-0.3448842970971649,3.075561498417009,-0.1733575832726906,2.506680838884127,-3.4814429076026463,-1.789116213243354
49.0,289.0,1003.2841186523438,-2.5113098314444344,-3.0835693197677867,0.7475037618494424,3.575317467762825,-0.3448842970982197,3.0755614914619462,-0.1733575832721433,2.5066808228436965,-3.481442907606738,-1.78911621348327
49.0,289.0,1003.2841186523438,-2.511309831413597,-3.083569319767147,0.7475037801913189,3.5753174677667223,-0.3448842970982549,3.0755614984186,-0.1733575832722155,2.506680825437384,-3.481442907606738,-1.7891162134832417
49.0,289.0,1003.2841186523438,-2.511309830634989,-3.083569319767118,0.7475037618494424,3.5753174677824737,-0.3448842970981794,3.075561499121293,-0.1733575832721433,2.506680753909494,-3.48144290439295,-1.7891162134893606
49.0,289.0,1003.2841186523438,-2.5113098284698987,-3.0835693195973133,0.7475034443484121,3.575317465468639,-0.3448842970976702,3.075561496827509,-0.1733575832894489,2.5066808155809337,-3.4814429075535984,-1.789116213469789
49.0,289.0,1003.2841186523438,-2.51130983140941,-3.08356931960147,0.7475037801913189,3.575317467762825,-0.3448842970982549,3.075561499136261,-0.173357583272625,2.506680838578785,-3.481442907606738,-1.7891162132752243
49.0,289.0,1003.2841186523438,-2.511309830634989,-3.083569319767118,0.7475037618494424,3.575317467762825,-0.3448842970981793,3.0755614984186,-0.1733575832724697,2.506680759295912,-3.481442907606738,-1.7891162134901852
49.0,289.0,1003.2841186523438,-2.5113098333128883,-3.0835693197680283,0.7475034499291822,3.575317457843449,-0.3448842970976702,3.07556149635652,-0.1733575832894489,2.506680815429745,-3.4814429076379514,-1.789116213469789
49.0,289.0,1003.2841186523438,-2.511309835463268,-3.083569319767144,0.7475037921682887,3.575317463708892,-0.3448842970978488,3.075561498364892,-0.173357583271862,2.50668082432336,-3.481442904205068,-1.789116213482285
49.0,289.0,1003.2841186523438,-2.511309830105007,-3.083569319767168,0.7475037996258782,3.575317467696076,-0.3448842970983709,3.0755614984186,-0.1733575832726438,2.506680838068973,-3.481442907343394,-1.7891162134911356
49.0,289.0,1003.2841186523438,-2.511309832757219,-3.083569319760886,0.7475037790203115,3.5753174664866423,-0.3448842970982159,3.0755614986646025,-0.173357583272245,2.50668082432336,-3.481442907367437,-1.789116213483244
49.0,289.0,1003.2841186523438,-2.511309830115124,-3.083569319767168,0.7475037996258782,3.5753174677641377,-0.3448842970983709,3.0755614984186,-0.1733575832726438,2.506680838068973,-3.4814429075883804,-1.7891162134911356
49.0,289.0,1003.2841186523438,-2.511309832757219,-3.08356931977461,0.7475037801690086,3.5753174664866423,-0.3448842970982159,3.075561569584943,-0.1733575832722205,2.50668082432336,-3.481442907606738,-1.789116213483242
49.0,289.0,1003.2841186523438,-2.5113098300178898,-3.083569319597242,0.7475037987164634,3.575317466742342,-0.3448842970984333,3.0755614984214708,-0.173357583273252,2.5066807564254967,-3.4814429079281,-1.7891162132607403
49.0,289.0,1003.2841186523438,-2.5113098314444344,-3.083569319767123,0.7475037619538693,3.57531746803351,-0.3448842970982201,3.075561496791801,-0.1733575832721433,2.5066808228436965,-3.4814429075780846,-1.78911621348327
49.0,289.0,1003.2841186523438,-2.511309832367859,-3.083569319586231,0.7475037899568907,3.5753174666620726,-0.3448842970734145,3.0755614991948304,-0.173357583273252,2.5066808385949697,-3.481442904329207,-1.7891162132746743
49.0,289.0,1003.2841186523438,-2.5113098327531285,-3.0835693197596683,0.7475037987797907,3.5753174667469785,-0.3448842970975254,3.0755614984444706,-0.1733575832877472,2.506680838830288,-3.4814429076026463,-1.789116213243354
49.0,289.0,1003.2841186523438,-2.5113098327609618,-3.083569319597242,0.7475037987164634,3.575317466646013,-0.3448842970711344,3.0755614991948304,-0.1733575832732799,2.5066808388104045,-3.4814429043946133,-1.7891162132607403
49.0,290.0,1003.2523803710938,-2.511309831409496,-3.083569319767168,0.7475037801913189,3.5850612582418666,-0.3448842970982549,3.0755614984186,-0.1733575832726249,2.506680839894215,-3.481442907606738,-1.78911621348327
49.0,290.0,1003.283935546875,-2.511309831409496,-3.083569319767168,0.7475037807028407,3.575407108975745,-0.3448842970982549,3.0755614984186,-0.1733575832726249,2.506680824486343,-3.481442907611086,-1.78911621348327
49.0,290.0,1003.2841186523438,-2.511309832364505,-3.083569319597242,0.7475037987164634,3.5753174666620726,-0.3448842970980075,3.0755614991948304,-0.1733575832875814,2.5066808388159973,-3.4814429043946133,-1.7891162134702718
49.0,290.0,1003.2841186523438,-2.511309832757219,-3.083569319767147,0.7475037801913189,3.575317467762825,-0.344884297098221,3.075561498364892,-0.1733575832726438,2.50668082432336,-3.481442907606738,-1.78911621348327
49.0,290.0,1003.2841186523438,-2.511309831413597,-3.083569319767168,0.7475037801913189,3.575317467762825,-0.3448842970982549,3.0755614984186,-0.1733575832726438,2.506680799688068,-3.481442907606738,-1.78911621348327
49.0,290.0,1003.2841186523438,-2.5113098327531285,-3.0835693197614544,0.7475038060954783,3.575317460663052,-0.3448842970975254,3.075561499183699,-0.1733575832749849,2.506680839340691,-3.4814429076026463,-1.789116213247051
49.0,290.0,1003.2841186523438,-2.5113096921013205,-3.083569319767783,0.7475038057422685,3.575317599990738,-0.3448842970982547,3.075561565816087,-0.1733575832734995,2.506680761513351,-3.4814429041904384,-1.7891162134832064
49.0,290.0,1003.2841186523438,-2.511309832757219,-3.083569319767147,0.747503780169836,3.5753174664866423,-0.3448842970982159,3.0755614986646025,-0.173357583272245,2.50668082432336,-3.481442907606738,-1.789116213483244
49.0,290.0,1003.2841186523438,-2.511309832364505,-3.083569319597242,0.7475037987164634,3.5753174666620726,-0.3448842970711344,3.0755614991948304,-0.173357583273252,2.5066808388159973,-3.4814429043946133,-1.7891162132607403
49.0,290.0,1003.2841186523438,-2.5113098327531285,-3.083569319767243,0.7475038060954783,3.575317467563063,-0.3448842970975254,3.0755614984444706,-0.1733575832726906,2.506680839340691,-3.4814429076026463,-1.789116213243354
49.0,290.0,1003.2841186523438,-2.5113098300178898,-3.083569319597242,0.7475037987164634,3.5753174666620726,-0.3448842970711344,3.0755614991948304,-0.173357583273252,2.5066808388159973,-3.4814429043946133,-1.7891162132607403
49.0,290.0,1003.2841186523438,-2.511309832364505,-3.083569319765181,0.7475037987164634,3.5753174666620726,-0.3448842970982376,3.0755614968654097,-0.1733575832879176,2.5066808388159973,-3.481442904394841,-1.789116213483645
49.0,290.0,1003.2841186523438,-2.511309838690128,-3.083569319767243,0.7475038060954783,3.575317467563063,-0.3448842970975254,3.075561497859617,-0.1733575832735203,2.5066807588490696,-3.4814429077365485,-1.789116213243354
49.0,290.0,1003.2841186523438,-2.5113098327263814,-3.0835693197828915,0.7475034432790106,3.57531747281106,-0.3448842970982562,3.0755615654501387,-0.1733575832726492,2.5066808011677306,-3.481442907606738,-1.78911621348327
49.0,290.0,1003.2841186523438,-2.5113098314444344,-3.083569319767123,0.7475037618494424,3.575317467762825,-0.3448842970982197,3.0755614984186,-0.1733575832721433,2.5066808228436965,-3.481442907606738,-1.78911621348327
49.0,290.0,1003.2841186523438,-2.511309831413597,-3.083569319767168,0.7475037801913189,3.575317467762825,-0.3448842970982549,3.0755614984186,-0.1733575832726438,2.506680799688068,-3.481442907606738,-1.78911621348327
49.0,290.0,1003.2841186523438,-2.511309832723027,-3.0835693197828915,0.7475034509627633,3.57531747281106,-0.3448842970959762,3.0755615654501387,-0.1733575832726492,2.5066808011677306,-3.4814429076721445,-1.7891162134652885
49.0,290.0,1003.2841186523438,-2.511309835313235,-3.083569319767147,0.7475037921682887,3.575317463708892,-0.3448842970982219,3.075561498364892,-0.173357583271862,2.50668082432336,-3.4814429076109468,-1.78911621348327
49.0,290.0,1003.2841186523438,-2.511309832757219,-3.083569319765188,0.7475034629550605,3.5753174651199804,-0.3448842970976702,3.0755614999351306,-0.1733575832716802,2.506680816083681,-3.4814429076379705,-1.789116213469774
49.0,290.0,1003.2841186523438,-2.5113098327263814,-3.0835693197828915,0.7475034432790106,3.57531747281106,-0.3448842970982562,3.0755615654501387,-0.1733575832726492,2.5066808011677306,-3.481442907606738,-1.78911621348327
49.0,290.0,1003.2841186523438,-2.5113096921013205,-3.083569319767783,0.7475038057422685,3.575317599990738,-0.3448842970982547,3.075561565763751,-0.1733575832735371,2.506680761513351,-3.4814429074141104,-1.789116213486723
49.0,290.0,1003.2841186523438,-2.511309832757219,-3.0835693197747176,0.7475038019758652,3.5753174669546914,-0.344884297098221,3.075561497994519,-0.173357583272478,2.50668082432336,-3.481442907606738,-1.7891162134823138
49.0,290.0,1003.2841186523438,-2.511309832757219,-3.083569319767147,0.7475037801690086,3.5753174664866423,-0.3448842970982159,3.0755614986646025,-0.1733575832722205,2.50668082432336,-3.481442907606738,-1.789116213483242
49.0,290.0,1003.2841186523438,-2.511309832364505,-3.083569319597242,0.7475037987164634,3.5753174666620726,-0.3448842970980298,3.0755614991948304,-0.1733575832883675,2.5066808388159973,-3.4814429043368063,-1.7891162134702718
49.0,290.0,1003.2841186523438,-2.511309832367859,-3.083569319597242,0.7475037910327108,3.5753174666620726,-0.3448842970734145,3.0755614991948304,-0.173357583273252,2.5066808388159973,-3.481442904329207,-1.789116213278722
49.0,290.0,1003.2841186523438,-2.511309830634989,-3.083569319767118,0.7475037618494424,3.575317467762825,-0.3448842970981794,3.0755614984186,-0.1733575832721433,2.506680759295912,-3.481442907606738,-1.7891162134898255
49.0,290.0,1003.2841186523438,-2.511309832757219,-3.083569319767147,0.747503780169836,3.5753174664866423,-0.3448842970982159,3.0755614986646025,-0.173357583272245,2.50668082432336,-3.481442907606738,-1.789116213483244
49.0,290.0,1003.2841186523438,-2.5113098327531285,-3.083569319767243,0.7475038060954783,3.575317467563063,-0.3448842970975254,3.0755614984444706,-0.1733575832727676,2.506680839340691,-3.4814429076026463,-1.789116213243354
49.0,290.0,1003.2841186523438,-2.511309832757219,-3.083569319767168,0.7475037801690086,3.575317466482745,-0.3448842970982159,3.0755614986646025,-0.1733575832726487,2.506680798574044,-3.481442907606738,-1.78911621348327
49.0,290.0,1003.2841186523438,-2.5113098327574703,-3.0835693197653096,0.7475037987164634,3.575317460567564,-0.3448842970982376,3.0755614968654097,-0.1733575832885086,2.5066808388159973,-3.4814429071860165,-1.7891162134855338
49.0,290.0,1003.2841186523438,-2.5113098322765994,-3.0835693197747176,0.7475038018471334,3.5753174684557094,-0.344884297098221,3.07556156581482,-0.173357583272478,2.5066808180601443,-3.481442907606738,-1.7891162134822003
49.0,290.0,1003.2841186523438,-2.5113098300178898,-3.083569319597242,0.7475037987164634,3.57531748022056,-0.3448842970711344,3.0755614882812305,-0.1733575832732092,2.5066808388159973,-3.481442907374125,-1.7891162132607403
49.0,290.0,1003.2841186523438,-2.511309832332023,-3.083569319765188,0.7475037968377127,3.575317465113625,-0.3448842970979953,3.075561499186146,-0.1733575832716802,2.506680816083681,-3.481442904458123,-1.789116213469774
49.0,290.0,1003.2841186523438,-2.5113098327531285,-3.083569319767243,0.7475038060954783,3.5753174666483867,-0.3448842970971649,3.075561498417009,-0.1733575832726906,2.506680838884127,-3.4814429076026463,-1.789116213243354
49.0,290.0,1003.2841186523438,-2.5113098314444344,-3.0835693197677867,0.7475037618494424,3.575317467762825,-0.3448842970982197,3.0755614914619462,-0.1733575832721433,2.5066808228436965,-3.481442907606738,-1.78911621348327
49.0,290.0,1003.2841186523438,-2.511309831413597,-3.083569319767147,0.7475037801913189,3.5753174677667223,-0.3448842970982549,3.0755614984186,-0.1733575832722155,2.506680825437384,-3.481442907606738,-1.7891162134832417
49.0,290.0,1003.2841186523438,-2.511309830634989,-3.083569319767118,0.7475037618494424,3.5753174677824737,-0.3448842970981794,3.075561499121293,-0.1733575832721433,2.506680753909494,-3.48144290439295,-1.7891162134893606
49.0,290.0,1003.2841186523438,-2.5113098284698987,-3.0835693195973133,0.7475034443484121,3.575317465468639,-0.3448842970976702,3.075561496827509,-0.1733575832894489,2.5066808155809337,-3.4814429075535984,-1.789116213469789
49.0,290.0,1003.2841186523438,-2.51130983140941,-3.08356931960147,0.7475037801913189,3.575317467762825,-0.3448842970982549,3.075561499136261,-0.173357583272625,2.506680838578785,-3.481442907606738,-1.7891162132752243
49.0,290.0,1003.2841186523438,-2.511309830634989,-3.083569319767118,0.7475037618494424,3.575317467762825,-0.3448842970981793,3.0755614984186,-0.1733575832724697,2.506680759295912,-3.481442907606738,-1.7891162134901852
49.0,290.0,1003.2841186523438,-2.5113098333128883,-3.0835693197680283,0.7475034499291822,3.575317457843449,-0.3448842970976702,3.07556149635652,-0.1733575832894489,2.506680815429745,-3.4814429076379514,-1.789116213469789
49.0,290.0,1003.2841186523438,-2.511309835463268,-3.083569319767144,0.7475037921682887,3.575317463708892,-0.3448842970978488,3.075561498364892,-0.173357583271862,2.50668082432336,-3.481442904205068,-1.789116213482285
49.0,290.0,1003.2841186523438,-2.511309830105007,-3.083569319767168,0.7475037996258782,3.575317467696076,-0.3448842970983709,3.0755614984186,-0.1733575832726438,2.506680838068973,-3.481442907343394,-1.7891162134911356
49.0,290.0,1003.2841186523438,-2.511309832757219,-3.083569319760886,0.7475037790203115,3.5753174664866423,-0.3448842970982159,3.0755614986646025,-0.173357583272245,2.50668082432336,-3.481442907367437,-1.789116213483244
49.0,290.0,1003.2841186523438,-2.511309830115124,-3.083569319767168,0.7475037996258782,3.5753174677641377,-0.3448842970983709,3.0755614984186,-0.1733575832726438,2.506680838068973,-3.4814429075883804,-1.7891162134911356
49.0,290.0,1003.2841186523438,-2.511309832757219,-3.08356931977461,0.7475037801690086,3.5753174664866423,-0.3448842970982159,3.075561569584943,-0.1733575832722205,2.50668082432336,-3.481442907606738,-1.789116213483242
49.0,290.0,1003.2841186523438,-2.5113098300178898,-3.083569319597242,0.7475037987164634,3.575317466742342,-0.3448842970984333,3.0755614984214708,-0.173357583273252,2.5066807564254967,-3.4814429079281,-1.7891162132607403
49.0,290.0,1003.2841186523438,-2.5113098314444344,-3.083569319767123,0.7475037619538693,3.57531746803351,-0.3448842970982201,3.075561496791801,-0.1733575832721433,2.5066808228436965,-3.4814429075780846,-1.78911621348327
49.0,290.0,1003.2841186523438,-2.511309832367859,-3.083569319586231,0.7475037899568907,3.5753174666620726,-0.3448842970734145,3.0755614991948304,-0.173357583273252,2.5066808385949697,-3.481442904329207,-1.7891162132746743
49.0,290.0,1003.2841186523438,-2.5113098327531285,-3.0835693197596683,0.7475037987797907,3.5753174667469785,-0.3448842970975254,3.0755614984444706,-0.1733575832877472,2.506680838830288,-3.4814429076026463,-1.789116213243354
49.0,291.0,1003.2523803710938,-2.511309831409496,-3.083569319767168,0.7475037801913189,3.5850612582418666,-0.3448842970982549,3.0755614984186,-0.1733575832726249,2.506680839894215,-3.481442907606738,-1.78911621348327
49.0,291.0,1003.2523803710938,-2.511309831409496,-3.083569319767168,0.7475037801913189,3.5850612582418666,-0.3448842970982549,3.0755614984186,-0.1733575832726249,2.506680839894215,-3.481442907606738,-1.78911621348327
49.0,291.0,1003.283935546875,-2.511309831409496,-3.083569319767168,0.7475037807028407,3.575407108975745,-0.3448842970982549,3.0755614984186,-0.1733575832726249,2.506680824486343,-3.481442907611086,-1.78911621348327
49.0,291.0,1003.283935546875,-2.5113098314094104,-3.083569319767168,0.7475037806921242,3.575409044047417,-0.3448842970982549,3.075561499122215,-0.1733575832726249,2.506680824486343,-3.481442907611086,-1.78911621348327
49.0,291.0,1003.2841186523438,-2.511309832364505,-3.083569319597242,0.7475037987164634,3.5753174666620726,-0.3448842970980075,3.0755614991948304,-0.1733575832875814,2.5066808388159973,-3.4814429043946133,-1.7891162134702718
49.0,291.0,1003.2841186523438,-2.511309832757219,-3.083569319767147,0.7475037801913189,3.575317467762825,-0.344884297098221,3.075561498364892,-0.1733575832726438,2.50668082432336,-3.481442907606738,-1.78911621348327
49.0,291.0,1003.2841186523438,-2.511309831413597,-3.083569319767168,0.7475037801913189,3.575317467762825,-0.3448842970982549,3.0755614984186,-0.1733575832726438,2.506680799688068,-3.481442907606738,-1.78911621348327
49.0,291.0,1003.2841186523438,-2.5113098327531285,-3.0835693197614544,0.7475038060954783,3.575317460663052,-0.3448842970975254,3.075561499183699,-0.1733575832749849,2.506680839340691,-3.4814429076026463,-1.789116213247051
49.0,291.0,1003.2841186523438,-2.5113096921013205,-3.083569319767783,0.7475038057422685,3.575317599990738,-0.3448842970982547,3.075561565816087,-0.1733575832734995,2.506680761513351,-3.4814429041904384,-1.7891162134832064
49.0,291.0,1003.2841186523438,-2.511309832757219,-3.083569319767147,0.747503780169836,3.5753174664866423,-0.3448842970982159,3.0755614986646025,-0.173357583272245,2.50668082432336,-3.481442907606738,-1.789116213483244
49.0,291.0,1003.2841186523438,-2.511309832364505,-3.083569319597242,0.7475037987164634,3.5753174666620726,-0.3448842970711344,3.0755614991948304,-0.173357583273252,2.5066808388159973,-3.4814429043946133,-1.7891162132607403
49.0,291.0,1003.2841186523438,-2.5113098327531285,-3.083569319767243,0.7475038060954783,3.575317467563063,-0.3448842970975254,3.0755614984444706,-0.1733575832726906,2.506680839340691,-3.4814429076026463,-1.789116213243354
49.0,291.0,1003.2841186523438,-2.5113098300178898,-3.083569319597242,0.7475037987164634,3.5753174666620726,-0.3448842970711344,3.0755614991948304,-0.173357583273252,2.5066808388159973,-3.4814429043946133,-1.7891162132607403
49.0,291.0,1003.2841186523438,-2.511309832364505,-3.083569319765181,0.7475037987164634,3.5753174666620726,-0.3448842970982376,3.0755614968654097,-0.1733575832879176,2.5066808388159973,-3.481442904394841,-1.789116213483645
49.0,291.0,1003.2841186523438,-2.511309838690128,-3.083569319767243,0.7475038060954783,3.575317467563063,-0.3448842970975254,3.075561497859617,-0.1733575832735203,2.5066807588490696,-3.4814429077365485,-1.789116213243354
49.0,291.0,1003.2841186523438,-2.5113098327263814,-3.0835693197828915,0.7475034432790106,3.57531747281106,-0.3448842970982562,3.0755615654501387,-0.1733575832726492,2.5066808011677306,-3.481442907606738,-1.78911621348327
49.0,291.0,1003.2841186523438,-2.5113098314444344,-3.083569319767123,0.7475037618494424,3.575317467762825,-0.3448842970982197,3.0755614984186,-0.1733575832721433,2.5066808228436965,-3.481442907606738,-1.78911621348327
49.0,291.0,1003.2841186523438,-2.511309831413597,-3.083569319767168,0.7475037801913189,3.575317467762825,-0.3448842970982549,3.0755614984186,-0.1733575832726438,2.506680799688068,-3.481442907606738,-1.78911621348327
49.0,291.0,1003.2841186523438,-2.511309832723027,-3.0835693197828915,0.7475034509627633,3.57531747281106,-0.3448842970959762,3.0755615654501387,-0.1733575832726492,2.5066808011677306,-3.4814429076721445,-1.7891162134652885
49.0,291.0,1003.2841186523438,-2.511309835313235,-3.083569319767147,0.7475037921682887,3.575317463708892,-0.3448842970982219,3.075561498364892,-0.173357583271862,2.50668082432336,-3.4814429076109468,-1.78911621348327
49.0,291.0,1003.2841186523438,-2.511309832757219,-3.083569319765188,0.7475034629550605,3.5753174651199804,-0.3448842970976702,3.0755614999351306,-0.1733575832716802,2.506680816083681,-3.4814429076379705,-1.789116213469774
49.0,291.0,1003.2841186523438,-2.5113098327263814,-3.0835693197828915,0.7475034432790106,3.57531747281106,-0.3448842970982562,3.0755615654501387,-0.1733575832726492,2.5066808011677306,-3.481442907606738,-1.78911621348327
49.0,291.0,1003.2841186523438,-2.5113096921013205,-3.083569319767783,0.7475038057422685,3.575317599990738,-0.3448842970982547,3.075561565763751,-0.1733575832735371,2.506680761513351,-3.4814429074141104,-1.789116213486723
49.0,291.0,1003.2841186523438,-2.511309832757219,-3.0835693197747176,0.7475038019758652,3.5753174669546914,-0.344884297098221,3.075561497994519,-0.173357583272478,2.50668082432336,-3.481442907606738,-1.7891162134823138
49.0,291.0,1003.2841186523438,-2.511309832757219,-3.083569319767147,0.7475037801690086,3.5753174664866423,-0.3448842970982159,3.0755614986646025,-0.1733575832722205,2.50668082432336,-3.481442907606738,-1.789116213483242
49.0,291.0,1003.2841186523438,-2.511309832364505,-3.083569319597242,0.7475037987164634,3.5753174666620726,-0.3448842970980298,3.0755614991948304,-0.1733575832883675,2.5066808388159973,-3.4814429043368063,-1.7891162134702718
49.0,291.0,1003.2841186523438,-2.511309832367859,-3.083569319597242,0.7475037910327108,3.5753174666620726,-0.3448842970734145,3.0755614991948304,-0.173357583273252,2.5066808388159973,-3.481442904329207,-1.789116213278722
49.0,291.0,1003.2841186523438,-2.511309830634989,-3.083569319767118,0.7475037618494424,3.575317467762825,-0.3448842970981794,3.0755614984186,-0.1733575832721433,2.506680759295912,-3.481442907606738,-1.7891162134898255
49.0,291.0,1003.2841186523438,-2.511309832757219,-3.083569319767147,0.747503780169836,3.5753174664866423,-0.3448842970982159,3.0755614986646025,-0.173357583272245,2.50668082432336,-3.481442907606738,-1.789116213483244
49.0,291.0,1003.2841186523438,-2.5113098327531285,-3.083569319767243,0.7475038060954783,3.575317467563063,-0.3448842970975254,3.0755614984444706,-0.1733575832727676,2.506680839340691,-3.4814429076026463,-1.789116213243354
49.0,291.0,1003.2841186523438,-2.511309832757219,-3.083569319767168,0.7475037801690086,3.575317466482745,-0.3448842970982159,3.0755614986646025,-0.1733575832726487,2.506680798574044,-3.481442907606738,-1.78911621348327
49.0,291.0,1003.2841186523438,-2.5113098327574703,-3.0835693197653096,0.7475037987164634,3.575317460567564,-0.3448842970982376,3.0755614968654097,-0.1733575832885086,2.5066808388159973,-3.4814429071860165,-1.7891162134855338
49.0,291.0,1003.2841186523438,-2.5113098322765994,-3.0835693197747176,0.7475038018471334,3.5753174684557094,-0.344884297098221,3.07556156581482,-0.173357583272478,2.5066808180601443,-3.481442907606738,-1.7891162134822003
49.0,291.0,1003.2841186523438,-2.5113098300178898,-3.083569319597242,0.7475037987164634,3.57531748022056,-0.3448842970711344,3.0755614882812305,-0.1733575832732092,2.5066808388159973,-3.481442907374125,-1.7891162132607403
49.0,291.0,1003.2841186523438,-2.511309832332023,-3.083569319765188,0.7475037968377127,3.575317465113625,-0.3448842970979953,3.075561499186146,-0.1733575832716802,2.506680816083681,-3.481442904458123,-1.789116213469774
49.0,291.0,1003.2841186523438,-2.5113098327531285,-3.083569319767243,0.7475038060954783,3.5753174666483867,-0.3448842970971649,3.075561498417009,-0.1733575832726906,2.506680838884127,-3.4814429076026463,-1.789116213243354
49.0,291.0,1003.2841186523438,-2.5113098314444344,-3.0835693197677867,0.7475037618494424,3.575317467762825,-0.3448842970982197,3.0755614914619462,-0.1733575832721433,2.5066808228436965,-3.481442907606738,-1.78911621348327
49.0,291.0,1003.2841186523438,-2.511309831413597,-3.083569319767147,0.7475037801913189,3.5753174677667223,-0.3448842970982549,3.0755614984186,-0.1733575832722155,2.506680825437384,-3.481442907606738,-1.7891162134832417
49.0,291.0,1003.2841186523438,-2.511309830634989,-3.083569319767118,0.7475037618494424,3.5753174677824737,-0.3448842970981794,3.075561499121293,-0.1733575832721433,2.506680753909494,-3.48144290439295,-1.7891162134893606
49.0,291.0,1003.2841186523438,-2.5113098284698987,-3.0835693195973133,0.7475034443484121,3.575317465468639,-0.3448842970976702,3.075561496827509,-0.1733575832894489,2.5066808155809337,-3.4814429075535984,-1.789116213469789
49.0,291.0,1003.2841186523438,-2.51130983140941,-3.08356931960147,0.7475037801913189,3.575317467762825,-0.3448842970982549,3.075561499136261,-0.173357583272625,2.506680838578785,-3.481442907606738,-1.7891162132752243
49.0,291.0,1003.2841186523438,-2.511309830634989,-3.083569319767118,0.7475037618494424,3.575317467762825,-0.3448842970981793,3.0755614984186,-0.1733575832724697,2.506680759295912,-3.481442907606738,-1.7891162134901852
49.0,291.0,1003.2841186523438,-2.5113098333128883,-3.0835693197680283,0.7475034499291822,3.575317457843449,-0.3448842970976702,3.07556149635652,-0.1733575832894489,2.506680815429745,-3.4814429076379514,-1.789116213469789
49.0,291.0,1003.2841186523438,-2.511309835463268,-3.083569319767144,0.7475037921682887,3.575317463708892,-0.3448842970978488,3.075561498364892,-0.173357583271862,2.50668082432336,-3.481442904205068,-1.789116213482285
49.0,291.0,1003.2841186523438,-2.511309830105007,-3.083569319767168,0.7475037996258782,3.575317467696076,-0.3448842970983709,3.0755614984186,-0.1733575832726438,2.506680838068973,-3.481442907343394,-1.7891162134911356
49.0,291.0,1003.2841186523438,-2.511309832757219,-3.083569319760886,0.7475037790203115,3.5753174664866423,-0.3448842970982159,3.0755614986646025,-0.173357583272245,2.50668082432336,-3.481442907367437,-1.789116213483244
49.0,291.0,1003.2841186523438,-2.511309830115124,-3.083569319767168,0.7475037996258782,3.5753174677641377,-0.3448842970983709,3.0755614984186,-0.1733575832726438,2.506680838068973,-3.4814429075883804,-1.7891162134911356
49.0,291.0,1003.2841186523438,-2.511309832757219,-3.08356931977461,0.7475037801690086,3.5753174664866423,-0.3448842970982159,3.075561569584943,-0.1733575832722205,2.50668082432336,-3.481442907606738,-1.789116213483242
49.0,291.0,1003.2841186523438,-2.5113098300178898,-3.083569319597242,0.7475037987164634,3.575317466742342,-0.3448842970984333,3.0755614984214708,-0.173357583273252,2.5066807564254967,-3.4814429079281,-1.7891162132607403
49.0,291.0,1003.2841186523438,-2.5113098314444344,-3.083569319767123,0.7475037619538693,3.57531746803351,-0.3448842970982201,3.075561496791801,-0.1733575832721433,2.5066808228436965,-3.4814429075780846,-1.78911621348327
49.0,292.0,1003.2523803710938,-2.511309831409496,-3.083569319767168,0.7475037801913189,3.5850612582418666,-0.3448842970982549,3.0755614984186,-0.1733575832726249,2.506680839894215,-3.481442907606738,-1.78911621348327
49.0,292.0,1003.2523803710938,-2.511309831409496,-3.083569319767168,0.7475037801913189,3.5850612582418666,-0.3448842970982549,3.0755614984186,-0.1733575832726249,2.506680839894215,-3.481442907606738,-1.78911621348327
49.0,292.0,1003.2532348632812,-2.511309832749214,-3.083569319782156,0.747503466949116,3.585069616950016,-0.3448842970982112,3.07556157052292,-0.1733575832726492,2.5066808011677306,-3.481442907672756,-1.7891162134652885
49.0,292.0,1003.283935546875,-2.511309831409496,-3.083569319767168,0.7475037807028407,3.575407108975745,-0.3448842970982549,3.0755614984186,-0.1733575832726249,2.506680824486343,-3.481442907611086,-1.78911621348327
49.0,292.0,1003.283935546875,-2.5113098314094104,-3.083569319767168,0.7475037806921242,3.575409044047417,-0.3448842970982549,3.075561499122215,-0.1733575832726249,2.506680824486343,-3.481442907611086,-1.78911621348327
49.0,292.0,1003.283935546875,-2.5113098314094104,-3.083569319767168,0.7475037991707941,3.575409044047417,-0.3448842970982549,3.075561499122215,-0.1733575832726249,2.506680838328815,-3.481442907611086,-1.7891162132608744
49.0,292.0,1003.283935546875,-2.511309831409496,-3.083569319767168,0.747503780705192,3.5754058789320817,-0.3448842970982549,3.0755614984186,-0.1733575832726251,2.5066808228708672,-3.4814429076068043,-1.78911621348327
49.0,292.0,1003.2839965820312,-2.5113098313563365,-3.08356931976716,0.747503804883829,3.5754072293720864,-0.344884297097492,3.0755614984188124,-0.1733575832726249,2.5066808252185138,-3.481442907611086,-1.78911621348327
49.0,292.0,1003.2839965820312,-2.511309830037117,-3.083569319767168,0.7475037993628982,3.575410944767199,-0.3448842970982556,3.0755614984186,-0.1733575832726438,2.506680837891401,-3.48144290758767,-1.7891162134911356
49.0,292.0,1003.2841186523438,-2.511309832364505,-3.083569319597242,0.7475037987164634,3.5753174666620726,-0.3448842970980075,3.0755614991948304,-0.1733575832875814,2.5066808388159973,-3.4814429043946133,-1.7891162134702718
49.0,292.0,1003.2841186523438,-2.511309832757219,-3.083569319767147,0.7475037801913189,3.575317467762825,-0.344884297098221,3.075561498364892,-0.1733575832726438,2.50668082432336,-3.481442907606738,-1.78911621348327
49.0,292.0,1003.2841186523438,-2.511309831413597,-3.083569319767168,0.7475037801913189,3.575317467762825,-0.3448842970982549,3.0755614984186,-0.1733575832726438,2.506680799688068,-3.481442907606738,-1.78911621348327
49.0,292.0,1003.2841186523438,-2.5113098327531285,-3.0835693197614544,0.7475038060954783,3.575317460663052,-0.3448842970975254,3.075561499183699,-0.1733575832749849,2.506680839340691,-3.4814429076026463,-1.789116213247051
49.0,292.0,1003.2841186523438,-2.5113096921013205,-3.083569319767783,0.7475038057422685,3.575317599990738,-0.3448842970982547,3.075561565816087,-0.1733575832734995,2.506680761513351,-3.4814429041904384,-1.7891162134832064
49.0,292.0,1003.2841186523438,-2.511309832757219,-3.083569319767147,0.747503780169836,3.5753174664866423,-0.3448842970982159,3.0755614986646025,-0.173357583272245,2.50668082432336,-3.481442907606738,-1.789116213483244
49.0,292.0,1003.2841186523438,-2.511309832364505,-3.083569319597242,0.7475037987164634,3.5753174666620726,-0.3448842970711344,3.0755614991948304,-0.173357583273252,2.5066808388159973,-3.4814429043946133,-1.7891162132607403
49.0,292.0,1003.2841186523438,-2.5113098327531285,-3.083569319767243,0.7475038060954783,3.575317467563063,-0.3448842970975254,3.0755614984444706,-0.1733575832726906,2.506680839340691,-3.4814429076026463,-1.789116213243354
49.0,292.0,1003.2841186523438,-2.5113098300178898,-3.083569319597242,0.7475037987164634,3.5753174666620726,-0.3448842970711344,3.0755614991948304,-0.173357583273252,2.5066808388159973,-3.4814429043946133,-1.7891162132607403
49.0,292.0,1003.2841186523438,-2.511309832364505,-3.083569319765181,0.7475037987164634,3.5753174666620726,-0.3448842970982376,3.0755614968654097,-0.1733575832879176,2.5066808388159973,-3.481442904394841,-1.789116213483645
49.0,292.0,1003.2841186523438,-2.511309838690128,-3.083569319767243,0.7475038060954783,3.575317467563063,-0.3448842970975254,3.075561497859617,-0.1733575832735203,2.5066807588490696,-3.4814429077365485,-1.789116213243354
49.0,292.0,1003.2841186523438,-2.5113098327263814,-3.0835693197828915,0.7475034432790106,3.57531747281106,-0.3448842970982562,3.0755615654501387,-0.1733575832726492,2.5066808011677306,-3.481442907606738,-1.78911621348327
49.0,292.0,1003.2841186523438,-2.5113098314444344,-3.083569319767123,0.7475037618494424,3.575317467762825,-0.3448842970982197,3.0755614984186,-0.1733575832721433,2.5066808228436965,-3.481442907606738,-1.78911621348327
49.0,292.0,1003.2841186523438,-2.511309831413597,-3.083569319767168,0.7475037801913189,3.575317467762825,-0.3448842970982549,3.0755614984186,-0.1733575832726438,2.506680799688068,-3.481442907606738,-1.78911621348327
49.0,292.0,1003.2841186523438,-2.511309832723027,-3.0835693197828915,0.7475034509627633,3.57531747281106,-0.3448842970959762,3.0755615654501387,-0.1733575832726492,2.5066808011677306,-3.4814429076721445,-1.7891162134652885
49.0,292.0,1003.2841186523438,-2.511309835313235,-3.083569319767147,0.7475037921682887,3.575317463708892,-0.3448842970982219,3.075561498364892,-0.173357583271862,2.50668082432336,-3.4814429076109468,-1.78911621348327
49.0,292.0,1003.2841186523438,-2.511309832757219,-3.083569319765188,0.7475034629550605,3.5753174651199804,-0.3448842970976702,3.0755614999351306,-0.1733575832716802,2.506680816083681,-3.4814429076379705,-1.789116213469774
49.0,292.0,1003.2841186523438,-2.5113098327263814,-3.0835693197828915,0.7475034432790106,3.57531747281106,-0.3448842970982562,3.0755615654501387,-0.1733575832726492,2.5066808011677306,-3.481442907606738,-1.78911621348327
49.0,292.0,1003.2841186523438,-2.5113096921013205,-3.083569319767783,0.7475038057422685,3.575317599990738,-0.3448842970982547,3.075561565763751,-0.1733575832735371,2.506680761513351,-3.4814429074141104,-1.789116213486723
49.0,292.0,1003.2841186523438,-2.511309832757219,-3.0835693197747176,0.7475038019758652,3.5753174669546914,-0.344884297098221,3.075561497994519,-0.173357583272478,2.50668082432336,-3.481442907606738,-1.7891162134823138
49.0,292.0,1003.2841186523438,-2.511309832757219,-3.083569319767147,0.7475037801690086,3.5753174664866423,-0.3448842970982159,3.0755614986646025,-0.1733575832722205,2.50668082432336,-3.481442907606738,-1.789116213483242
49.0,292.0,1003.2841186523438,-2.511309832364505,-3.083569319597242,0.7475037987164634,3.5753174666620726,-0.3448842970980298,3.0755614991948304,-0.1733575832883675,2.5066808388159973,-3.4814429043368063,-1.7891162134702718
49.0,292.0,1003.2841186523438,-2.511309832367859,-3.083569319597242,0.7475037910327108,3.5753174666620726,-0.3448842970734145,3.0755614991948304,-0.173357583273252,2.5066808388159973,-3.481442904329207,-1.789116213278722
49.0,292.0,1003.2841186523438,-2.511309830634989,-3.083569319767118,0.7475037618494424,3.575317467762825,-0.3448842970981794,3.0755614984186,-0.1733575832721433,2.506680759295912,-3.481442907606738,-1.7891162134898255
49.0,292.0,1003.2841186523438,-2.511309832757219,-3.083569319767147,0.747503780169836,3.5753174664866423,-0.3448842970982159,3.0755614986646025,-0.173357583272245,2.50668082432336,-3.481442907606738,-1.789116213483244
49.0,292.0,1003.2841186523438,-2.5113098327531285,-3.083569319767243,0.7475038060954783,3.575317467563063,-0.3448842970975254,3.0755614984444706,-0.1733575832727676,2.506680839340691,-3.4814429076026463,-1.789116213243354
49.0,292.0,1003.2841186523438,-2.511309832757219,-3.083569319767168,0.7475037801690086,3.575317466482745,-0.3448842970982159,3.0755614986646025,-0.1733575832726487,2.506680798574044,-3.481442907606738,-1.78911621348327
49.0,292.0,1003.2841186523438,-2.5113098327574703,-3.0835693197653096,0.7475037987164634,3.575317460567564,-0.3448842970982376,3.0755614968654097,-0.1733575832885086,2.5066808388159973,-3.4814429071860165,-1.7891162134855338
49.0,292.0,1003.2841186523438,-2.5113098322765994,-3.0835693197747176,0.7475038018471334,3.5753174684557094,-0.344884297098221,3.07556156581482,-0.173357583272478,2.5066808180601443,-3.481442907606738,-1.7891162134822003
49.0,292.0,1003.2841186523438,-2.5113098300178898,-3.083569319597242,0.7475037987164634,3.57531748022056,-0.3448842970711344,3.0755614882812305,-0.1733575832732092,2.5066808388159973,-3.481442907374125,-1.7891162132607403
49.0,292.0,1003.2841186523438,-2.511309832332023,-3.083569319765188,0.7475037968377127,3.575317465113625,-0.3448842970979953,3.075561499186146,-0.1733575832716802,2.506680816083681,-3.481442904458123,-1.789116213469774
49.0,292.0,1003.2841186523438,-2.5113098327531285,-3.083569319767243,0.7475038060954783,3.5753174666483867,-0.3448842970971649,3.075561498417009,-0.1733575832726906,2.506680838884127,-3.4814429076026463,-1.789116213243354
49.0,292.0,1003.2841186523438,-2.5113098314444344,-3.0835693197677867,0.7475037618494424,3.575317467762825,-0.3448842970982197,3.0755614914619462,-0.1733575832721433,2.5066808228436965,-3.481442907606738,-1.78911621348327
49.0,292.0,1003.2841186523438,-2.511309831413597,-3.083569319767147,0.7475037801913189,3.5753174677667223,-0.3448842970982549,3.0755614984186,-0.1733575832722155,2.506680825437384,-3.481442907606738,-1.7891162134832417
49.0,292.0,1003.2841186523438,-2.511309830634989,-3.083569319767118,0.7475037618494424,3.5753174677824737,-0.3448842970981794,3.075561499121293,-0.1733575832721433,2.506680753909494,-3.48144290439295,-1.7891162134893606
49.0,292.0,1003.2841186523438,-2.5113098284698987,-3.0835693195973133,0.7475034443484121,3.575317465468639,-0.3448842970976702,3.075561496827509,-0.1733575832894489,2.5066808155809337,-3.4814429075535984,-1.789116213469789
49.0,292.0,1003.2841186523438,-2.51130983140941,-3.08356931960147,0.7475037801913189,3.575317467762825,-0.3448842970982549,3.075561499136261,-0.173357583272625,2.506680838578785,-3.481442907606738,-1.7891162132752243
49.0,292.0,1003.2841186523438,-2.511309830634989,-3.083569319767118,0.7475037618494424,3.575317467762825,-0.3448842970981793,3.0755614984186,-0.1733575832724697,2.506680759295912,-3.481442907606738,-1.7891162134901852
49.0,292.0,1003.2841186523438,-2.5113098333128883,-3.0835693197680283,0.7475034499291822,3.575317457843449,-0.3448842970976702,3.07556149635652,-0.1733575832894489,2.506680815429745,-3.4814429076379514,-1.789116213469789
49.0,292.0,1003.2841186523438,-2.511309835463268,-3.083569319767144,0.7475037921682887,3.575317463708892,-0.3448842970978488,3.075561498364892,-0.173357583271862,2.50668082432336,-3.481442904205068,-1.789116213482285
49.0,292.0,1003.2841186523438,-2.511309830105007,-3.083569319767168,0.7475037996258782,3.575317467696076,-0.3448842970983709,3.0755614984186,-0.1733575832726438,2.506680838068973,-3.481442907343394,-1.7891162134911356
49.0,293.0,1003.2523803710938,-2.511309831409496,-3.083569319767168,0.7475037801913189,3.5850612582418666,-0.3448842970982549,3.0755614984186,-0.1733575832726249,2.506680839894215,-3.481442907606738,-1.78911621348327
49.0,293.0,1003.2523803710938,-2.511309831409496,-3.083569319767168,0.7475037801913189,3.5850612582418666,-0.3448842970982549,3.0755614984186,-0.1733575832726249,2.506680839894215,-3.481442907606738,-1.78911621348327
49.0,293.0,1003.2532348632812,-2.511309832749214,-3.083569319782156,0.747503466949116,3.585069616950016,-0.3448842970982112,3.07556157052292,-0.1733575832726492,2.5066808011677306,-3.481442907672756,-1.7891162134652885
49.0,293.0,1003.2532348632812,-2.511309832749214,-3.083569319782156,0.747503466949116,3.585069616950016,-0.3448842970982112,3.07556157052292,-0.1733575832726492,2.5066808011677306,-3.481442907672756,-1.7891162134652885
49.0,293.0,1003.2606201171876,-2.511309831388252,-3.083569319767168,0.747503780191187,3.585153392987192,-0.3448842970982545,3.0755614986646025,-0.1733575832726487,2.506680798574044,-3.481442907606738,-1.78911621348327
49.0,293.0,1003.283935546875,-2.511309831409496,-3.083569319767168,0.7475037807028407,3.575407108975745,-0.3448842970982549,3.0755614984186,-0.1733575832726249,2.506680824486343,-3.481442907611086,-1.78911621348327
49.0,293.0,1003.283935546875,-2.5113098314094104,-3.083569319767168,0.7475037806921242,3.575409044047417,-0.3448842970982549,3.075561499122215,-0.1733575832726249,2.506680824486343,-3.481442907611086,-1.78911621348327
49.0,293.0,1003.283935546875,-2.5113098314094104,-3.083569319767168,0.7475037991707941,3.575409044047417,-0.3448842970982549,3.075561499122215,-0.1733575832726249,2.506680838328815,-3.481442907611086,-1.7891162132608744
49.0,293.0,1003.283935546875,-2.511309831409496,-3.083569319767168,0.747503780705192,3.5754058789320817,-0.3448842970982549,3.0755614984186,-0.1733575832726251,2.5066808228708672,-3.4814429076068043,-1.78911621348327
49.0,293.0,1003.283935546875,-2.511309831409496,-3.083569319767168,0.7475037807028407,3.575407108975745,-0.3448842970982549,3.0755614984186,-0.1733575832726249,2.506680824486343,-3.481442907611086,-1.78911621348327
49.0,293.0,1003.283935546875,-2.511309831407808,-3.08356931976716,0.7475038041378533,3.5754070633892465,-0.3448842970975297,3.0755614984188124,-0.1733575832726249,2.5066808252185138,-3.481442907611086,-1.78911621348327
49.0,293.0,1003.283935546875,-2.5113098314094104,-3.083569319767168,0.7475037997193461,3.575409044047417,-0.3448842970982549,3.075561499122215,-0.1733575832726249,2.506680824486343,-3.481442907611086,-1.78911621348327
49.0,293.0,1003.283935546875,-2.511309831410165,-3.083569319767168,0.747503780705192,3.5754058789320817,-0.3448842970981786,3.0755614984186,-0.1733575832726251,2.5066808228708672,-3.4814429076068043,-1.78911621348327
49.0,293.0,1003.283935546875,-2.511309831409496,-3.083569319767168,0.7475037808730618,3.575407108975745,-0.3448842970982549,3.075561498439668,-0.173357583273191,2.506680824857414,-3.481442907611086,-1.78911621348327
49.0,293.0,1003.283935546875,-2.511309832280591,-3.0835693197747656,0.7475038008074857,3.575409044047417,-0.3448842970982196,3.075561499122215,-0.1733575832726249,2.506680824486343,-3.481442907606778,-1.78911621348327
49.0,293.0,1003.2839965820312,-2.5113098313563365,-3.08356931976716,0.747503804883829,3.5754072293720864,-0.344884297097492,3.0755614984188124,-0.1733575832726249,2.5066808252185138,-3.481442907611086,-1.78911621348327
49.0,293.0,1003.2839965820312,-2.511309830037117,-3.083569319767168,0.7475037993628982,3.575410944767199,-0.3448842970982556,3.0755614984186,-0.1733575832726438,2.506680837891401,-3.48144290758767,-1.7891162134911356
49.0,293.0,1003.2841186523438,-2.511309832364505,-3.083569319597242,0.7475037987164634,3.5753174666620726,-0.3448842970980075,3.0755614991948304,-0.1733575832875814,2.5066808388159973,-3.4814429043946133,-1.7891162134702718
49.0,293.0,1003.2841186523438,-2.511309832757219,-3.083569319767147,0.7475037801913189,3.575317467762825,-0.344884297098221,3.075561498364892,-0.1733575832726438,2.50668082432336,-3.481442907606738,-1.78911621348327
49.0,293.0,1003.2841186523438,-2.511309831413597,-3.083569319767168,0.7475037801913189,3.575317467762825,-0.3448842970982549,3.0755614984186,-0.1733575832726438,2.506680799688068,-3.481442907606738,-1.78911621348327
49.0,293.0,1003.2841186523438,-2.5113098327531285,-3.0835693197614544,0.7475038060954783,3.575317460663052,-0.3448842970975254,3.075561499183699,-0.1733575832749849,2.506680839340691,-3.4814429076026463,-1.789116213247051
49.0,293.0,1003.2841186523438,-2.5113096921013205,-3.083569319767783,0.7475038057422685,3.575317599990738,-0.3448842970982547,3.075561565816087,-0.1733575832734995,2.506680761513351,-3.4814429041904384,-1.7891162134832064
49.0,293.0,1003.2841186523438,-2.511309832757219,-3.083569319767147,0.747503780169836,3.5753174664866423,-0.3448842970982159,3.0755614986646025,-0.173357583272245,2.50668082432336,-3.481442907606738,-1.789116213483244
49.0,293.0,1003.2841186523438,-2.511309832364505,-3.083569319597242,0.7475037987164634,3.5753174666620726,-0.3448842970711344,3.0755614991948304,-0.173357583273252,2.5066808388159973,-3.4814429043946133,-1.7891162132607403
49.0,293.0,1003.2841186523438,-2.5113098327531285,-3.083569319767243,0.7475038060954783,3.575317467563063,-0.3448842970975254,3.0755614984444706,-0.1733575832726906,2.506680839340691,-3.4814429076026463,-1.789116213243354
49.0,293.0,1003.2841186523438,-2.5113098300178898,-3.083569319597242,0.7475037987164634,3.5753174666620726,-0.3448842970711344,3.0755614991948304,-0.173357583273252,2.5066808388159973,-3.4814429043946133,-1.7891162132607403
49.0,293.0,1003.2841186523438,-2.511309832364505,-3.083569319765181,0.7475037987164634,3.5753174666620726,-0.3448842970982376,3.0755614968654097,-0.1733575832879176,2.5066808388159973,-3.481442904394841,-1.789116213483645
49.0,293.0,1003.2841186523438,-2.511309838690128,-3.083569319767243,0.7475038060954783,3.575317467563063,-0.3448842970975254,3.075561497859617,-0.1733575832735203,2.5066807588490696,-3.4814429077365485,-1.789116213243354
49.0,293.0,1003.2841186523438,-2.5113098327263814,-3.0835693197828915,0.7475034432790106,3.57531747281106,-0.3448842970982562,3.0755615654501387,-0.1733575832726492,2.5066808011677306,-3.481442907606738,-1.78911621348327
49.0,293.0,1003.2841186523438,-2.5113098314444344,-3.083569319767123,0.7475037618494424,3.575317467762825,-0.3448842970982197,3.0755614984186,-0.1733575832721433,2.5066808228436965,-3.481442907606738,-1.78911621348327
49.0,293.0,1003.2841186523438,-2.511309831413597,-3.083569319767168,0.7475037801913189,3.575317467762825,-0.3448842970982549,3.0755614984186,-0.1733575832726438,2.506680799688068,-3.481442907606738,-1.78911621348327
49.0,293.0,1003.2841186523438,-2.511309832723027,-3.0835693197828915,0.7475034509627633,3.57531747281106,-0.3448842970959762,3.0755615654501387,-0.1733575832726492,2.5066808011677306,-3.4814429076721445,-1.7891162134652885
49.0,293.0,1003.2841186523438,-2.511309835313235,-3.083569319767147,0.7475037921682887,3.575317463708892,-0.3448842970982219,3.075561498364892,-0.173357583271862,2.50668082432336,-3.4814429076109468,-1.78911621348327
49.0,293.0,1003.2841186523438,-2.511309832757219,-3.083569319765188,0.7475034629550605,3.5753174651199804,-0.3448842970976702,3.0755614999351306,-0.1733575832716802,2.506680816083681,-3.4814429076379705,-1.789116213469774
49.0,293.0,1003.2841186523438,-2.5113098327263814,-3.0835693197828915,0.7475034432790106,3.57531747281106,-0.3448842970982562,3.0755615654501387,-0.1733575832726492,2.5066808011677306,-3.481442907606738,-1.78911621348327
49.0,293.0,1003.2841186523438,-2.5113096921013205,-3.083569319767783,0.7475038057422685,3.575317599990738,-0.3448842970982547,3.075561565763751,-0.1733575832735371,2.506680761513351,-3.4814429074141104,-1.789116213486723
49.0,293.0,1003.2841186523438,-2.511309832757219,-3.0835693197747176,0.7475038019758652,3.5753174669546914,-0.344884297098221,3.075561497994519,-0.173357583272478,2.50668082432336,-3.481442907606738,-1.7891162134823138
49.0,293.0,1003.2841186523438,-2.511309832757219,-3.083569319767147,0.7475037801690086,3.5753174664866423,-0.3448842970982159,3.0755614986646025,-0.1733575832722205,2.50668082432336,-3.481442907606738,-1.789116213483242
49.0,293.0,1003.2841186523438,-2.511309832364505,-3.083569319597242,0.7475037987164634,3.5753174666620726,-0.3448842970980298,3.0755614991948304,-0.1733575832883675,2.5066808388159973,-3.4814429043368063,-1.7891162134702718
49.0,293.0,1003.2841186523438,-2.511309832367859,-3.083569319597242,0.7475037910327108,3.5753174666620726,-0.3448842970734145,3.0755614991948304,-0.173357583273252,2.5066808388159973,-3.481442904329207,-1.789116213278722
49.0,293.0,1003.2841186523438,-2.511309830634989,-3.083569319767118,0.7475037618494424,3.575317467762825,-0.3448842970981794,3.0755614984186,-0.1733575832721433,2.506680759295912,-3.481442907606738,-1.7891162134898255
49.0,293.0,1003.2841186523438,-2.511309832757219,-3.083569319767147,0.747503780169836,3.5753174664866423,-0.3448842970982159,3.0755614986646025,-0.173357583272245,2.50668082432336,-3.481442907606738,-1.789116213483244
49.0,293.0,1003.2841186523438,-2.5113098327531285,-3.083569319767243,0.7475038060954783,3.575317467563063,-0.3448842970975254,3.0755614984444706,-0.1733575832727676,2.506680839340691,-3.4814429076026463,-1.789116213243354
49.0,293.0,1003.2841186523438,-2.511309832757219,-3.083569319767168,0.7475037801690086,3.575317466482745,-0.3448842970982159,3.0755614986646025,-0.1733575832726487,2.506680798574044,-3.481442907606738,-1.78911621348327
49.0,293.0,1003.2841186523438,-2.5113098327574703,-3.0835693197653096,0.7475037987164634,3.575317460567564,-0.3448842970982376,3.0755614968654097,-0.1733575832885086,2.5066808388159973,-3.4814429071860165,-1.7891162134855338
49.0,293.0,1003.2841186523438,-2.5113098322765994,-3.0835693197747176,0.7475038018471334,3.5753174684557094,-0.344884297098221,3.07556156581482,-0.173357583272478,2.5066808180601443,-3.481442907606738,-1.7891162134822003
49.0,293.0,1003.2841186523438,-2.5113098300178898,-3.083569319597242,0.7475037987164634,3.57531748022056,-0.3448842970711344,3.0755614882812305,-0.1733575832732092,2.5066808388159973,-3.481442907374125,-1.7891162132607403
49.0,293.0,1003.2841186523438,-2.511309832332023,-3.083569319765188,0.7475037968377127,3.575317465113625,-0.3448842970979953,3.075561499186146,-0.1733575832716802,2.506680816083681,-3.481442904458123,-1.789116213469774
49.0,293.0,1003.2841186523438,-2.5113098327531285,-3.083569319767243,0.7475038060954783,3.5753174666483867,-0.3448842970971649,3.075561498417009,-0.1733575832726906,2.506680838884127,-3.4814429076026463,-1.789116213243354
49.0,293.0,1003.2841186523438,-2.5113098314444344,-3.0835693197677867,0.7475037618494424,3.575317467762825,-0.3448842970982197,3.0755614914619462,-0.1733575832721433,2.5066808228436965,-3.481442907606738,-1.78911621348327
49.0,294.0,1003.2523803710938,-2.511309831409496,-3.083569319767168,0.7475037801913189,3.5850612582418666,-0.3448842970982549,3.0755614984186,-0.1733575832726249,2.506680839894215,-3.481442907606738,-1.78911621348327
49.0,294.0,1003.2523803710938,-2.511309831409496,-3.083569319767168,0.7475037801913189,3.5850612582418666,-0.3448842970982549,3.0755614984186,-0.1733575832726249,2.506680839894215,-3.481442907606738,-1.78911621348327
49.0,294.0,1003.2523803710938,-2.511309831409496,-3.083569319767168,0.7475037801913189,3.5850612582418666,-0.3448842970982572,3.0755614984187885,-0.1733575832726249,2.506680839894215,-3.4814429076110325,-1.78911621348327
49.0,294.0,1003.2523803710938,-2.511309831358908,-3.083569319767168,0.7475037801913189,3.5850612582418666,-0.3448842970982549,3.075561499191968,-0.1733575832726249,2.506680840876793,-3.481442907606738,-1.78911621348327
49.0,294.0,1003.2523803710938,-2.511309831409496,-3.083569319767168,0.7475037801913189,3.5850612582418666,-0.3448842970982549,3.0755614984186,-0.1733575832726249,2.506680839894215,-3.481442907606738,-1.78911621348327
49.0,294.0,1003.2532348632812,-2.511309832749214,-3.083569319782156,0.747503466949116,3.585069616950016,-0.3448842970982112,3.07556157052292,-0.1733575832726492,2.5066808011677306,-3.481442907672756,-1.7891162134652885
49.0,294.0,1003.2532348632812,-2.511309832749214,-3.083569319782156,0.747503466949116,3.585069616950016,-0.3448842970982112,3.07556157052292,-0.1733575832726492,2.5066808011677306,-3.481442907672756,-1.7891162134652885
49.0,294.0,1003.2532348632812,-2.511309832749214,-3.083569319780412,0.747503466949116,3.585069616950016,-0.3448842970982112,3.07556157052292,-0.1733575832726492,2.506680801042129,-3.481442907672756,-1.7891162134652885
49.0,294.0,1003.2543334960938,-2.511309830037117,-3.083569319767168,0.7475037993628982,3.5859838816525085,-0.3370007954881736,3.0755614984157567,-0.1733575832726438,2.506680838297493,-3.4814429075871445,-1.7891162134911356
49.0,294.0,1003.2559204101562,-2.511309831388349,-3.083569319767168,0.7475037807140332,3.585099833602409,-0.3448842970982545,3.0755614986646025,-0.1733575832726479,2.506680798574044,-3.481442907606738,-1.78911621348327
49.0,294.0,1003.2606201171876,-2.511309831388252,-3.083569319767168,0.747503780191187,3.585153392987192,-0.3448842970982545,3.0755614986646025,-0.1733575832726487,2.506680798574044,-3.481442907606738,-1.78911621348327
49.0,294.0,1003.283935546875,-2.511309831409496,-3.083569319767168,0.7475037807028407,3.575407108975745,-0.3448842970982549,3.0755614984186,-0.1733575832726249,2.506680824486343,-3.481442907611086,-1.78911621348327
49.0,294.0,1003.283935546875,-2.5113098314094104,-3.083569319767168,0.7475037806921242,3.575409044047417,-0.3448842970982549,3.075561499122215,-0.1733575832726249,2.506680824486343,-3.481442907611086,-1.78911621348327
49.0,294.0,1003.283935546875,-2.5113098314094104,-3.083569319767168,0.7475037991707941,3.575409044047417,-0.3448842970982549,3.075561499122215,-0.1733575832726249,2.506680838328815,-3.481442907611086,-1.7891162132608744
49.0,294.0,1003.283935546875,-2.511309831409496,-3.083569319767168,0.747503780705192,3.5754058789320817,-0.3448842970982549,3.0755614984186,-0.1733575832726251,2.5066808228708672,-3.4814429076068043,-1.78911621348327
49.0,294.0,1003.283935546875,-2.511309831409496,-3.083569319767168,0.7475037807028407,3.575407108975745,-0.3448842970982549,3.0755614984186,-0.1733575832726249,2.506680824486343,-3.481442907611086,-1.78911621348327
49.0,294.0,1003.283935546875,-2.511309831407808,-3.08356931976716,0.7475038041378533,3.5754070633892465,-0.3448842970975297,3.0755614984188124,-0.1733575832726249,2.5066808252185138,-3.481442907611086,-1.78911621348327
49.0,294.0,1003.283935546875,-2.5113098314094104,-3.083569319767168,0.7475037997193461,3.575409044047417,-0.3448842970982549,3.075561499122215,-0.1733575832726249,2.506680824486343,-3.481442907611086,-1.78911621348327
49.0,294.0,1003.283935546875,-2.511309831410165,-3.083569319767168,0.747503780705192,3.5754058789320817,-0.3448842970981786,3.0755614984186,-0.1733575832726251,2.5066808228708672,-3.4814429076068043,-1.78911621348327
49.0,294.0,1003.283935546875,-2.511309831409496,-3.083569319767168,0.7475037808730618,3.575407108975745,-0.3448842970982549,3.075561498439668,-0.173357583273191,2.506680824857414,-3.481442907611086,-1.78911621348327
49.0,294.0,1003.283935546875,-2.511309832280591,-3.0835693197747656,0.7475038008074857,3.575409044047417,-0.3448842970982196,3.075561499122215,-0.1733575832726249,2.506680824486343,-3.481442907606778,-1.78911621348327
49.0,294.0,1003.283935546875,-2.5113098314094104,-3.083569319767168,0.7475037806921242,3.575407088373876,-0.3448842970982549,3.075561499122215,-0.1733575832726249,2.506680824486343,-3.481442907611086,-1.78911621348327
49.0,294.0,1003.283935546875,-2.5113098314094104,-3.083569319767168,0.7475034396117792,3.575409044047417,-0.3448842970982549,3.075561499122215,-0.1733575832726489,2.5066808020298152,-3.4814429076114792,-1.7891162132608744
49.0,294.0,1003.283935546875,-2.511309831409496,-3.083569319767168,0.7475037807028407,3.575407108975745,-0.3448842970982549,3.0755614984186,-0.1733575832726249,2.506680824486343,-3.481442907611086,-1.78911621348327
49.0,294.0,1003.2839965820312,-2.5113098313563365,-3.08356931976716,0.747503804883829,3.5754072293720864,-0.344884297097492,3.0755614984188124,-0.1733575832726249,2.5066808252185138,-3.481442907611086,-1.78911621348327
49.0,294.0,1003.2839965820312,-2.511309830037117,-3.083569319767168,0.7475037993628982,3.575410944767199,-0.3448842970982556,3.0755614984186,-0.1733575832726438,2.506680837891401,-3.48144290758767,-1.7891162134911356
49.0,294.0,1003.2839965820312,-2.51130983139871,-3.083569319597242,0.7475038007345441,3.5754080337913914,-0.3448842970711344,3.07556149918675,-0.173357583273252,2.506680838925001,-3.4814429043946133,-1.7891162132607403
49.0,294.0,1003.2841186523438,-2.511309832364505,-3.083569319597242,0.7475037987164634,3.5753174666620726,-0.3448842970980075,3.0755614991948304,-0.1733575832875814,2.5066808388159973,-3.4814429043946133,-1.7891162134702718
49.0,294.0,1003.2841186523438,-2.511309832757219,-3.083569319767147,0.7475037801913189,3.575317467762825,-0.344884297098221,3.075561498364892,-0.1733575832726438,2.50668082432336,-3.481442907606738,-1.78911621348327
49.0,294.0,1003.2841186523438,-2.511309831413597,-3.083569319767168,0.7475037801913189,3.575317467762825,-0.3448842970982549,3.0755614984186,-0.1733575832726438,2.506680799688068,-3.481442907606738,-1.78911621348327
49.0,294.0,1003.2841186523438,-2.5113098327531285,-3.0835693197614544,0.7475038060954783,3.575317460663052,-0.3448842970975254,3.075561499183699,-0.1733575832749849,2.506680839340691,-3.4814429076026463,-1.789116213247051
49.0,294.0,1003.2841186523438,-2.5113096921013205,-3.083569319767783,0.7475038057422685,3.575317599990738,-0.3448842970982547,3.075561565816087,-0.1733575832734995,2.506680761513351,-3.4814429041904384,-1.7891162134832064
49.0,294.0,1003.2841186523438,-2.511309832757219,-3.083569319767147,0.747503780169836,3.5753174664866423,-0.3448842970982159,3.0755614986646025,-0.173357583272245,2.50668082432336,-3.481442907606738,-1.789116213483244
49.0,294.0,1003.2841186523438,-2.511309832364505,-3.083569319597242,0.7475037987164634,3.5753174666620726,-0.3448842970711344,3.0755614991948304,-0.173357583273252,2.5066808388159973,-3.4814429043946133,-1.7891162132607403
49.0,294.0,1003.2841186523438,-2.5113098327531285,-3.083569319767243,0.7475038060954783,3.575317467563063,-0.3448842970975254,3.0755614984444706,-0.1733575832726906,2.506680839340691,-3.4814429076026463,-1.789116213243354
49.0,294.0,1003.2841186523438,-2.5113098300178898,-3.083569319597242,0.7475037987164634,3.5753174666620726,-0.3448842970711344,3.0755614991948304,-0.173357583273252,2.5066808388159973,-3.4814429043946133,-1.7891162132607403
49.0,294.0,1003.2841186523438,-2.511309832364505,-3.083569319765181,0.7475037987164634,3.5753174666620726,-0.3448842970982376,3.0755614968654097,-0.1733575832879176,2.5066808388159973,-3.481442904394841,-1.789116213483645
49.0,294.0,1003.2841186523438,-2.511309838690128,-3.083569319767243,0.7475038060954783,3.575317467563063,-0.3448842970975254,3.075561497859617,-0.1733575832735203,2.5066807588490696,-3.4814429077365485,-1.789116213243354
49.0,294.0,1003.2841186523438,-2.5113098327263814,-3.0835693197828915,0.7475034432790106,3.57531747281106,-0.3448842970982562,3.0755615654501387,-0.1733575832726492,2.5066808011677306,-3.481442907606738,-1.78911621348327
49.0,294.0,1003.2841186523438,-2.5113098314444344,-3.083569319767123,0.7475037618494424,3.575317467762825,-0.3448842970982197,3.0755614984186,-0.1733575832721433,2.5066808228436965,-3.481442907606738,-1.78911621348327
49.0,294.0,1003.2841186523438,-2.511309831413597,-3.083569319767168,0.7475037801913189,3.575317467762825,-0.3448842970982549,3.0755614984186,-0.1733575832726438,2.506680799688068,-3.481442907606738,-1.78911621348327
49.0,294.0,1003.2841186523438,-2.511309832723027,-3.0835693197828915,0.7475034509627633,3.57531747281106,-0.3448842970959762,3.0755615654501387,-0.1733575832726492,2.5066808011677306,-3.4814429076721445,-1.7891162134652885
49.0,294.0,1003.2841186523438,-2.511309835313235,-3.083569319767147,0.7475037921682887,3.575317463708892,-0.3448842970982219,3.075561498364892,-0.173357583271862,2.50668082432336,-3.4814429076109468,-1.78911621348327
49.0,294.0,1003.2841186523438,-2.511309832757219,-3.083569319765188,0.7475034629550605,3.5753174651199804,-0.3448842970976702,3.0755614999351306,-0.1733575832716802,2.506680816083681,-3.4814429076379705,-1.789116213469774
49.0,294.0,1003.2841186523438,-2.5113098327263814,-3.0835693197828915,0.7475034432790106,3.57531747281106,-0.3448842970982562,3.0755615654501387,-0.1733575832726492,2.5066808011677306,-3.481442907606738,-1.78911621348327
49.0,294.0,1003.2841186523438,-2.5113096921013205,-3.083569319767783,0.7475038057422685,3.575317599990738,-0.3448842970982547,3.075561565763751,-0.1733575832735371,2.506680761513351,-3.4814429074141104,-1.789116213486723
49.0,294.0,1003.2841186523438,-2.511309832757219,-3.0835693197747176,0.7475038019758652,3.5753174669546914,-0.344884297098221,3.075561497994519,-0.173357583272478,2.50668082432336,-3.481442907606738,-1.7891162134823138
49.0,294.0,1003.2841186523438,-2.511309832757219,-3.083569319767147,0.7475037801690086,3.5753174664866423,-0.3448842970982159,3.0755614986646025,-0.1733575832722205,2.50668082432336,-3.481442907606738,-1.789116213483242
49.0,294.0,1003.2841186523438,-2.511309832364505,-3.083569319597242,0.7475037987164634,3.5753174666620726,-0.3448842970980298,3.0755614991948304,-0.1733575832883675,2.5066808388159973,-3.4814429043368063,-1.7891162134702718
49.0,294.0,1003.2841186523438,-2.511309832367859,-3.083569319597242,0.7475037910327108,3.5753174666620726,-0.3448842970734145,3.0755614991948304,-0.173357583273252,2.5066808388159973,-3.481442904329207,-1.789116213278722
49.0,295.0,1003.2523803710938,-2.511309831409496,-3.083569319767168,0.7475037801913189,3.5850612582418666,-0.3448842970982549,3.0755614984186,-0.1733575832726249,2.506680839894215,-3.481442907606738,-1.78911621348327
49.0,295.0,1003.2523803710938,-2.511309831409496,-3.083569319767168,0.7475037801913189,3.5850612582418666,-0.3448842970982549,3.0755614984186,-0.1733575832726249,2.506680839894215,-3.481442907606738,-1.78911621348327
49.0,295.0,1003.2523803710938,-2.511309831409496,-3.083569319767168,0.7475037801913189,3.5850612582418666,-0.3448842970982572,3.0755614984187885,-0.1733575832726249,2.506680839894215,-3.4814429076110325,-1.78911621348327
49.0,295.0,1003.2523803710938,-2.511309831358908,-3.083569319767168,0.7475037801913189,3.5850612582418666,-0.3448842970982549,3.075561499191968,-0.1733575832726249,2.506680840876793,-3.481442907606738,-1.78911621348327
49.0,295.0,1003.2523803710938,-2.511309831409496,-3.083569319767168,0.7475037801913189,3.5850612582418666,-0.3448842970982549,3.0755614984186,-0.1733575832726249,2.506680839894215,-3.481442907606738,-1.78911621348327
49.0,295.0,1003.2523803710938,-2.511309831375139,-3.083569319767165,0.7475037801913189,3.5850612582418666,-0.344884297097562,3.0755614984186,-0.1733575832726645,2.506680839894215,-3.481442907606738,-1.789116213232971
49.0,295.0,1003.2532348632812,-2.511309832749214,-3.083569319782156,0.747503466949116,3.585069616950016,-0.3448842970982112,3.07556157052292,-0.1733575832726492,2.5066808011677306,-3.481442907672756,-1.7891162134652885
49.0,295.0,1003.2532348632812,-2.511309832749214,-3.083569319782156,0.747503466949116,3.585069616950016,-0.3448842970982112,3.07556157052292,-0.1733575832726492,2.5066808011677306,-3.481442907672756,-1.7891162134652885
49.0,295.0,1003.2532348632812,-2.511309832749214,-3.083569319780412,0.747503466949116,3.585069616950016,-0.3448842970982112,3.07556157052292,-0.1733575832726492,2.506680801042129,-3.481442907672756,-1.7891162134652885
49.0,295.0,1003.2532348632812,-2.511309831419989,-3.083569319782533,0.747503466949116,3.585069616950016,-0.3448842970982506,3.07556157052292,-0.1733575832726492,2.5066808011677306,-3.4814429076082507,-1.7891162134652885
49.0,295.0,1003.2532348632812,-2.511309831418082,-3.083569319780412,0.747503466949116,3.585069616950016,-0.3448842970982112,3.0755615048661964,-0.1733575832726492,2.506680801042129,-3.4814429076100093,-1.789116213464785
49.0,295.0,1003.2543334960938,-2.511309830037117,-3.083569319767168,0.7475037993628982,3.5859838816525085,-0.3370007954881736,3.0755614984157567,-0.1733575832726438,2.506680838297493,-3.4814429075871445,-1.7891162134911356
49.0,295.0,1003.2554931640624,-2.511309831409496,-3.083569319767168,0.7475037801913189,3.58509478368894,-0.3448842970982549,3.075561498415072,-0.1733575832726249,2.506680824583403,-3.481442907606738,-1.78911621348327
49.0,295.0,1003.2559204101562,-2.511309831388349,-3.083569319767168,0.7475037807140332,3.585099833602409,-0.3448842970982545,3.0755614986646025,-0.1733575832726479,2.506680798574044,-3.481442907606738,-1.78911621348327
49.0,295.0,1003.2559204101562,-2.511309831388349,-3.083569319767168,0.7475037807140332,3.585099833602409,-0.3448842970982545,3.0755614984203783,-0.1733575832726479,2.506680798574044,-3.481442907606738,-1.78911621348327
49.0,295.0,1003.2606201171876,-2.511309831388252,-3.083569319767168,0.747503780191187,3.585153392987192,-0.3448842970982545,3.0755614986646025,-0.1733575832726487,2.506680798574044,-3.481442907606738,-1.78911621348327
49.0,295.0,1003.2606201171876,-2.511309831433309,-3.083569319767168,0.7475037801914153,3.585153392987192,-0.3448842970982545,3.0755614986646025,-0.1733575832726487,2.506680798574044,-3.481442907606738,-1.78911621348327
49.0,295.0,1003.283935546875,-2.511309831409496,-3.083569319767168,0.7475037807028407,3.575407108975745,-0.3448842970982549,3.0755614984186,-0.1733575832726249,2.506680824486343,-3.481442907611086,-1.78911621348327
49.0,295.0,1003.283935546875,-2.5113098314094104,-3.083569319767168,0.7475037806921242,3.575409044047417,-0.3448842970982549,3.075561499122215,-0.1733575832726249,2.506680824486343,-3.481442907611086,-1.78911621348327
49.0,295.0,1003.283935546875,-2.5113098314094104,-3.083569319767168,0.7475037991707941,3.575409044047417,-0.3448842970982549,3.075561499122215,-0.1733575832726249,2.506680838328815,-3.481442907611086,-1.7891162132608744
49.0,295.0,1003.283935546875,-2.511309831409496,-3.083569319767168,0.747503780705192,3.5754058789320817,-0.3448842970982549,3.0755614984186,-0.1733575832726251,2.5066808228708672,-3.4814429076068043,-1.78911621348327
49.0,295.0,1003.283935546875,-2.511309831409496,-3.083569319767168,0.7475037807028407,3.575407108975745,-0.3448842970982549,3.0755614984186,-0.1733575832726249,2.506680824486343,-3.481442907611086,-1.78911621348327
49.0,295.0,1003.283935546875,-2.511309831407808,-3.08356931976716,0.7475038041378533,3.5754070633892465,-0.3448842970975297,3.0755614984188124,-0.1733575832726249,2.5066808252185138,-3.481442907611086,-1.78911621348327
49.0,295.0,1003.283935546875,-2.5113098314094104,-3.083569319767168,0.7475037997193461,3.575409044047417,-0.3448842970982549,3.075561499122215,-0.1733575832726249,2.506680824486343,-3.481442907611086,-1.78911621348327
49.0,295.0,1003.283935546875,-2.511309831410165,-3.083569319767168,0.747503780705192,3.5754058789320817,-0.3448842970981786,3.0755614984186,-0.1733575832726251,2.5066808228708672,-3.4814429076068043,-1.78911621348327
49.0,295.0,1003.283935546875,-2.511309831409496,-3.083569319767168,0.7475037808730618,3.575407108975745,-0.3448842970982549,3.075561498439668,-0.173357583273191,2.506680824857414,-3.481442907611086,-1.78911621348327
49.0,295.0,1003.283935546875,-2.511309832280591,-3.0835693197747656,0.7475038008074857,3.575409044047417,-0.3448842970982196,3.075561499122215,-0.1733575832726249,2.506680824486343,-3.481442907606778,-1.78911621348327
49.0,295.0,1003.283935546875,-2.5113098314094104,-3.083569319767168,0.7475037806921242,3.575407088373876,-0.3448842970982549,3.075561499122215,-0.1733575832726249,2.506680824486343,-3.481442907611086,-1.78911621348327
49.0,295.0,1003.283935546875,-2.5113098314094104,-3.083569319767168,0.7475034396117792,3.575409044047417,-0.3448842970982549,3.075561499122215,-0.1733575832726489,2.5066808020298152,-3.4814429076114792,-1.7891162132608744
49.0,295.0,1003.283935546875,-2.511309831409496,-3.083569319767168,0.7475037807028407,3.575407108975745,-0.3448842970982549,3.0755614984186,-0.1733575832726249,2.506680824486343,-3.481442907611086,-1.78911621348327
49.0,295.0,1003.283935546875,-2.5113098314094104,-3.083569319767168,0.7475037799503347,3.575409044047417,-0.3448842970982549,3.075561499122215,-0.1733575832726249,2.5066808244501044,-3.481442907611086,-1.78911621348327
49.0,295.0,1003.283935546875,-2.511309830037117,-3.083569319767168,0.7475037993628982,3.575408904472459,-0.3448842970982556,3.0755614991235736,-0.1733575832726438,2.506680837891401,-3.48144290758767,-1.7891162135053356
49.0,295.0,1003.283935546875,-2.511309831409496,-3.083569319767168,0.7475037808730618,3.575407108975745,-0.3448842970982549,3.0755614984389514,-0.1733575832731822,2.506680837908535,-3.481442907606529,-1.78911621348327
49.0,295.0,1003.283935546875,-2.511309832737032,-3.083569319766782,0.7475038041378533,3.5754070633892465,-0.3448842970974903,3.0755614984188124,-0.1733575832726249,2.5066808252185138,-3.4814429076755915,-1.78911621348327
49.0,295.0,1003.283935546875,-2.5113098314094104,-3.083569319767168,0.7475037997193461,3.575409044047417,-0.3448842970982549,3.075561499122215,-0.1733575832726249,2.506680824486343,-3.481442907611086,-1.78911621348327
49.0,295.0,1003.283935546875,-2.5113098314094104,-3.0835693197673755,0.7475037991707941,3.575409044047417,-0.3448842970982549,3.075561499122215,-0.1733575832726249,2.506680838328815,-3.481442907602388,-1.7891162132608744
49.0,295.0,1003.2839965820312,-2.5113098313563365,-3.08356931976716,0.747503804883829,3.5754072293720864,-0.344884297097492,3.0755614984188124,-0.1733575832726249,2.5066808252185138,-3.481442907611086,-1.78911621348327
49.0,295.0,1003.2839965820312,-2.511309830037117,-3.083569319767168,0.7475037993628982,3.575410944767199,-0.3448842970982556,3.0755614984186,-0.1733575832726438,2.506680837891401,-3.48144290758767,-1.7891162134911356
49.0,295.0,1003.2839965820312,-2.51130983139871,-3.083569319597242,0.7475038007345441,3.5754080337913914,-0.3448842970711344,3.07556149918675,-0.173357583273252,2.506680838925001,-3.4814429043946133,-1.7891162132607403
49.0,295.0,1003.2839965820312,-2.511309830037117,-3.083569319767168,0.7475038001046878,3.575410944767199,-0.3448842970982556,3.0755614984186,-0.1733575832726438,2.506680837927639,-3.48144290758767,-1.7891162134911356
49.0,295.0,1003.2841186523438,-2.511309832364505,-3.083569319597242,0.7475037987164634,3.5753174666620726,-0.3448842970980075,3.0755614991948304,-0.1733575832875814,2.5066808388159973,-3.4814429043946133,-1.7891162134702718
49.0,295.0,1003.2841186523438,-2.511309832757219,-3.083569319767147,0.7475037801913189,3.575317467762825,-0.344884297098221,3.075561498364892,-0.1733575832726438,2.50668082432336,-3.481442907606738,-1.78911621348327
49.0,295.0,1003.2841186523438,-2.511309831413597,-3.083569319767168,0.7475037801913189,3.575317467762825,-0.3448842970982549,3.0755614984186,-0.1733575832726438,2.506680799688068,-3.481442907606738,-1.78911621348327
49.0,295.0,1003.2841186523438,-2.5113098327531285,-3.0835693197614544,0.7475038060954783,3.575317460663052,-0.3448842970975254,3.075561499183699,-0.1733575832749849,2.506680839340691,-3.4814429076026463,-1.789116213247051
49.0,295.0,1003.2841186523438,-2.5113096921013205,-3.083569319767783,0.7475038057422685,3.575317599990738,-0.3448842970982547,3.075561565816087,-0.1733575832734995,2.506680761513351,-3.4814429041904384,-1.7891162134832064
49.0,295.0,1003.2841186523438,-2.511309832757219,-3.083569319767147,0.747503780169836,3.5753174664866423,-0.3448842970982159,3.0755614986646025,-0.173357583272245,2.50668082432336,-3.481442907606738,-1.789116213483244
49.0,295.0,1003.2841186523438,-2.511309832364505,-3.083569319597242,0.7475037987164634,3.5753174666620726,-0.3448842970711344,3.0755614991948304,-0.173357583273252,2.5066808388159973,-3.4814429043946133,-1.7891162132607403
49.0,295.0,1003.2841186523438,-2.5113098327531285,-3.083569319767243,0.7475038060954783,3.575317467563063,-0.3448842970975254,3.0755614984444706,-0.1733575832726906,2.506680839340691,-3.4814429076026463,-1.789116213243354
49.0,295.0,1003.2841186523438,-2.5113098300178898,-3.083569319597242,0.7475037987164634,3.5753174666620726,-0.3448842970711344,3.0755614991948304,-0.173357583273252,2.5066808388159973,-3.4814429043946133,-1.7891162132607403
49.0,295.0,1003.2841186523438,-2.511309832364505,-3.083569319765181,0.7475037987164634,3.5753174666620726,-0.3448842970982376,3.0755614968654097,-0.1733575832879176,2.5066808388159973,-3.481442904394841,-1.789116213483645
49.0,296.0,1003.2369384765624,-2.5113098314078344,-3.08356931976716,0.7475038033480115,3.584907375771784,-0.3448842970975188,3.0755614984188133,-0.1733575832726249,2.5066808252185138,-3.481442907611086,-1.78911621348327
49.0,296.0,1003.2523803710938,-2.511309831409496,-3.083569319767168,0.7475037801913189,3.5850612582418666,-0.3448842970982549,3.0755614984186,-0.1733575832726249,2.506680839894215,-3.481442907606738,-1.78911621348327
49.0,296.0,1003.2523803710938,-2.511309831409496,-3.083569319767168,0.7475037801913189,3.5850612582418666,-0.3448842970982549,3.0755614984186,-0.1733575832726249,2.506680839894215,-3.481442907606738,-1.78911621348327
49.0,296.0,1003.2523803710938,-2.511309831409496,-3.083569319767168,0.7475037801913189,3.5850612582418666,-0.3448842970982572,3.0755614984187885,-0.1733575832726249,2.506680839894215,-3.4814429076110325,-1.78911621348327
49.0,296.0,1003.2523803710938,-2.511309831358908,-3.083569319767168,0.7475037801913189,3.5850612582418666,-0.3448842970982549,3.075561499191968,-0.1733575832726249,2.506680840876793,-3.481442907606738,-1.78911621348327
49.0,296.0,1003.2523803710938,-2.511309831409496,-3.083569319767168,0.7475037801913189,3.5850612582418666,-0.3448842970982549,3.0755614984186,-0.1733575832726249,2.506680839894215,-3.481442907606738,-1.78911621348327
49.0,296.0,1003.2523803710938,-2.511309831375139,-3.083569319767165,0.7475037801913189,3.5850612582418666,-0.344884297097562,3.0755614984186,-0.1733575832726645,2.506680839894215,-3.481442907606738,-1.789116213232971
49.0,296.0,1003.2532348632812,-2.511309832749214,-3.083569319782156,0.747503466949116,3.585069616950016,-0.3448842970982112,3.07556157052292,-0.1733575832726492,2.5066808011677306,-3.481442907672756,-1.7891162134652885
49.0,296.0,1003.2532348632812,-2.511309832749214,-3.083569319782156,0.747503466949116,3.585069616950016,-0.3448842970982112,3.07556157052292,-0.1733575832726492,2.5066808011677306,-3.481442907672756,-1.7891162134652885
49.0,296.0,1003.2532348632812,-2.511309832749214,-3.083569319780412,0.747503466949116,3.585069616950016,-0.3448842970982112,3.07556157052292,-0.1733575832726492,2.506680801042129,-3.481442907672756,-1.7891162134652885
49.0,296.0,1003.2532348632812,-2.511309831419989,-3.083569319782533,0.747503466949116,3.585069616950016,-0.3448842970982506,3.07556157052292,-0.1733575832726492,2.5066808011677306,-3.4814429076082507,-1.7891162134652885
49.0,296.0,1003.2532348632812,-2.511309831418082,-3.083569319780412,0.747503466949116,3.585069616950016,-0.3448842970982112,3.0755615048661964,-0.1733575832726492,2.506680801042129,-3.4814429076100093,-1.789116213464785
49.0,296.0,1003.2543334960938,-2.511309830037117,-3.083569319767168,0.7475037993628982,3.5859838816525085,-0.3370007954881736,3.0755614984157567,-0.1733575832726438,2.506680838297493,-3.4814429075871445,-1.7891162134911356
49.0,296.0,1003.2543334960938,-2.5113098328223527,-3.083569319767168,0.7475037993628982,3.5859838816525085,-0.3370007954881736,3.075561498415662,-0.1733575832726438,2.506680838297493,-3.481442907683699,-1.7891162134911356
49.0,296.0,1003.2554931640624,-2.511309831409496,-3.083569319767168,0.7475037801913189,3.58509478368894,-0.3448842970982549,3.075561498415072,-0.1733575832726249,2.506680824583403,-3.481442907606738,-1.78911621348327
49.0,296.0,1003.2559204101562,-2.511309831388349,-3.083569319767168,0.7475037807140332,3.585099833602409,-0.3448842970982545,3.0755614986646025,-0.1733575832726479,2.506680798574044,-3.481442907606738,-1.78911621348327
49.0,296.0,1003.2559204101562,-2.511309831388349,-3.083569319767168,0.7475037807140332,3.585099833602409,-0.3448842970982545,3.0755614984203783,-0.1733575832726479,2.506680798574044,-3.481442907606738,-1.78911621348327
49.0,296.0,1003.2606201171876,-2.511309831388252,-3.083569319767168,0.747503780191187,3.585153392987192,-0.3448842970982545,3.0755614986646025,-0.1733575832726487,2.506680798574044,-3.481442907606738,-1.78911621348327
49.0,296.0,1003.2606201171876,-2.511309831433309,-3.083569319767168,0.7475037801914153,3.585153392987192,-0.3448842970982545,3.0755614986646025,-0.1733575832726487,2.506680798574044,-3.481442907606738,-1.78911621348327
49.0,296.0,1003.2606201171876,-2.511309831433309,-3.0835693195945613,0.7475037801914153,3.585153392987192,-0.3448842970982545,3.075561499176908,-0.1733575832726487,2.506680798574044,-3.481442907606738,-1.78911621348327
49.0,296.0,1003.2678833007812,-2.511309831409496,-3.083569319767168,0.7475037807028407,3.58524495660894,-0.3448842970982549,3.0755614984186,-0.1733575832726249,2.506680839532156,-3.4814429076065503,-1.78911621348327
49.0,296.0,1003.2761840820312,-2.511309831358908,-3.083569319767168,0.7475037993590333,3.585369338974932,-0.3448842970982549,3.075561499191968,-0.1733575832726249,2.5066808409064363,-3.481442907606738,-1.7891162134834442
49.0,296.0,1003.283935546875,-2.511309831409496,-3.083569319767168,0.7475037807028407,3.575407108975745,-0.3448842970982549,3.0755614984186,-0.1733575832726249,2.506680824486343,-3.481442907611086,-1.78911621348327
49.0,296.0,1003.283935546875,-2.5113098314094104,-3.083569319767168,0.7475037806921242,3.575409044047417,-0.3448842970982549,3.075561499122215,-0.1733575832726249,2.506680824486343,-3.481442907611086,-1.78911621348327
49.0,296.0,1003.283935546875,-2.5113098314094104,-3.083569319767168,0.7475037991707941,3.575409044047417,-0.3448842970982549,3.075561499122215,-0.1733575832726249,2.506680838328815,-3.481442907611086,-1.7891162132608744
49.0,296.0,1003.283935546875,-2.511309831409496,-3.083569319767168,0.747503780705192,3.5754058789320817,-0.3448842970982549,3.0755614984186,-0.1733575832726251,2.5066808228708672,-3.4814429076068043,-1.78911621348327
49.0,296.0,1003.283935546875,-2.511309831409496,-3.083569319767168,0.7475037807028407,3.575407108975745,-0.3448842970982549,3.0755614984186,-0.1733575832726249,2.506680824486343,-3.481442907611086,-1.78911621348327
49.0,296.0,1003.283935546875,-2.511309831407808,-3.08356931976716,0.7475038041378533,3.5754070633892465,-0.3448842970975297,3.0755614984188124,-0.1733575832726249,2.5066808252185138,-3.481442907611086,-1.78911621348327
49.0,296.0,1003.283935546875,-2.5113098314094104,-3.083569319767168,0.7475037997193461,3.575409044047417,-0.3448842970982549,3.075561499122215,-0.1733575832726249,2.506680824486343,-3.481442907611086,-1.78911621348327
49.0,296.0,1003.283935546875,-2.511309831410165,-3.083569319767168,0.747503780705192,3.5754058789320817,-0.3448842970981786,3.0755614984186,-0.1733575832726251,2.5066808228708672,-3.4814429076068043,-1.78911621348327
49.0,296.0,1003.283935546875,-2.511309831409496,-3.083569319767168,0.7475037808730618,3.575407108975745,-0.3448842970982549,3.075561498439668,-0.173357583273191,2.506680824857414,-3.481442907611086,-1.78911621348327
49.0,296.0,1003.283935546875,-2.511309832280591,-3.0835693197747656,0.7475038008074857,3.575409044047417,-0.3448842970982196,3.075561499122215,-0.1733575832726249,2.506680824486343,-3.481442907606778,-1.78911621348327
49.0,296.0,1003.283935546875,-2.5113098314094104,-3.083569319767168,0.7475037806921242,3.575407088373876,-0.3448842970982549,3.075561499122215,-0.1733575832726249,2.506680824486343,-3.481442907611086,-1.78911621348327
49.0,296.0,1003.283935546875,-2.5113098314094104,-3.083569319767168,0.7475034396117792,3.575409044047417,-0.3448842970982549,3.075561499122215,-0.1733575832726489,2.5066808020298152,-3.4814429076114792,-1.7891162132608744
49.0,296.0,1003.283935546875,-2.511309831409496,-3.083569319767168,0.7475037807028407,3.575407108975745,-0.3448842970982549,3.0755614984186,-0.1733575832726249,2.506680824486343,-3.481442907611086,-1.78911621348327
49.0,296.0,1003.283935546875,-2.5113098314094104,-3.083569319767168,0.7475037799503347,3.575409044047417,-0.3448842970982549,3.075561499122215,-0.1733575832726249,2.5066808244501044,-3.481442907611086,-1.78911621348327
49.0,296.0,1003.283935546875,-2.511309830037117,-3.083569319767168,0.7475037993628982,3.575408904472459,-0.3448842970982556,3.0755614991235736,-0.1733575832726438,2.506680837891401,-3.48144290758767,-1.7891162135053356
49.0,296.0,1003.283935546875,-2.511309831409496,-3.083569319767168,0.7475037808730618,3.575407108975745,-0.3448842970982549,3.0755614984389514,-0.1733575832731822,2.506680837908535,-3.481442907606529,-1.78911621348327
49.0,296.0,1003.283935546875,-2.511309832737032,-3.083569319766782,0.7475038041378533,3.5754070633892465,-0.3448842970974903,3.0755614984188124,-0.1733575832726249,2.5066808252185138,-3.4814429076755915,-1.78911621348327
49.0,296.0,1003.283935546875,-2.5113098314094104,-3.083569319767168,0.7475037997193461,3.575409044047417,-0.3448842970982549,3.075561499122215,-0.1733575832726249,2.506680824486343,-3.481442907611086,-1.78911621348327
49.0,296.0,1003.283935546875,-2.5113098314094104,-3.0835693197673755,0.7475037991707941,3.575409044047417,-0.3448842970982549,3.075561499122215,-0.1733575832726249,2.506680838328815,-3.481442907602388,-1.7891162132608744
49.0,296.0,1003.283935546875,-2.5113098314094104,-3.083569319767168,0.7475034396117792,3.575409044047417,-0.3448842970982511,3.075561499122215,-0.1733575832726483,2.5066808020298152,-3.4814429076114792,-1.789116213484642
49.0,296.0,1003.283935546875,-2.511309831410165,-3.083569319767168,0.747503780705192,3.5754058789320817,-0.3448842970981824,3.0755614984186,-0.1733575832726258,2.5066808228708672,-3.4814429076068043,-1.7891162132595022
49.0,296.0,1003.283935546875,-2.511309831409496,-3.083569319767168,0.7475037808846817,3.575407108975745,-0.3448842970982549,3.075561498418866,-0.173357583273191,2.506680824857414,-3.481442907611086,-1.78911621348327
49.0,296.0,1003.283935546875,-2.5113098314094104,-3.083569319767168,0.7475037807033386,3.575407088373876,-0.3448842970982549,3.075561499122215,-0.1733575832726249,2.506680824486343,-3.481442907611086,-1.78911621348327
49.0,296.0,1003.283935546875,-2.511309830037117,-3.083569319767168,0.7475037993628982,3.575408904472459,-0.3448842970982556,3.0755614991235736,-0.1733575832726244,2.506680837576672,-3.481442907588596,-1.7891162135053356
49.0,296.0,1003.283935546875,-2.511309831409496,-3.0835693197673915,0.7475038034457386,3.575407108975745,-0.3448842970982549,3.0755614991077023,-0.1733575832726249,2.506680824486343,-3.481442907606817,-1.78911621348327
49.0,296.0,1003.283935546875,-2.5113098314094104,-3.083569319767168,0.7475034684279684,3.575409044047417,-0.3448842970982549,3.075561499122215,-0.173357583272624,2.506680838328815,-3.4814429076082662,-1.7891162132608744
49.0,296.0,1003.2839965820312,-2.5113098313563365,-3.08356931976716,0.747503804883829,3.5754072293720864,-0.344884297097492,3.0755614984188124,-0.1733575832726249,2.5066808252185138,-3.481442907611086,-1.78911621348327
49.0,296.0,1003.2839965820312,-2.511309830037117,-3.083569319767168,0.7475037993628982,3.575410944767199,-0.3448842970982556,3.0755614984186,-0.1733575832726438,2.506680837891401,-3.48144290758767,-1.7891162134911356
49.0,297.0,1003.2024536132812,-2.511309831419989,-3.083569319782533,0.747503466949116,3.585069616950016,-0.3427653165539339,3.07556157052292,-0.1733575832726492,2.5066808011677306,-3.4814429076082507,-1.7891162134652885
49.0,297.0,1003.2369384765624,-2.5113098314078344,-3.08356931976716,0.7475038033480115,3.584907375771784,-0.3448842970975188,3.0755614984188133,-0.1733575832726249,2.5066808252185138,-3.481442907611086,-1.78911621348327
49.0,297.0,1003.2523803710938,-2.511309831409496,-3.083569319767168,0.7475037801913189,3.5850612582418666,-0.3448842970982549,3.0755614984186,-0.1733575832726249,2.506680839894215,-3.481442907606738,-1.78911621348327
49.0,297.0,1003.2523803710938,-2.511309831409496,-3.083569319767168,0.7475037801913189,3.5850612582418666,-0.3448842970982549,3.0755614984186,-0.1733575832726249,2.506680839894215,-3.481442907606738,-1.78911621348327
49.0,297.0,1003.2523803710938,-2.511309831409496,-3.083569319767168,0.7475037801913189,3.5850612582418666,-0.3448842970982572,3.0755614984187885,-0.1733575832726249,2.506680839894215,-3.4814429076110325,-1.78911621348327
49.0,297.0,1003.2523803710938,-2.511309831358908,-3.083569319767168,0.7475037801913189,3.5850612582418666,-0.3448842970982549,3.075561499191968,-0.1733575832726249,2.506680840876793,-3.481442907606738,-1.78911621348327
49.0,297.0,1003.2523803710938,-2.511309831409496,-3.083569319767168,0.7475037801913189,3.5850612582418666,-0.3448842970982549,3.0755614984186,-0.1733575832726249,2.506680839894215,-3.481442907606738,-1.78911621348327
49.0,297.0,1003.2523803710938,-2.511309831375139,-3.083569319767165,0.7475037801913189,3.5850612582418666,-0.344884297097562,3.0755614984186,-0.1733575832726645,2.506680839894215,-3.481442907606738,-1.789116213232971
49.0,297.0,1003.2523803710938,-2.511309832749214,-3.083569319782156,0.7475034472148336,3.5850611360936897,-0.3448842970982559,3.075561496532865,-0.173357583272648,2.5066808011677306,-3.481442907672756,-1.7891162134833354
49.0,297.0,1003.2523803710938,-2.511309831358908,-3.083569319767168,0.7475037801913189,3.5850612582418666,-0.3448842970982549,3.075561498430796,-0.1733575832726249,2.506680839942926,-3.481442907606738,-1.78911621348327
49.0,297.0,1003.2523803710938,-2.5113098313886564,-3.083569319767168,0.747503780191339,3.5850612582418666,-0.3448842970982549,3.0755614984139648,-0.1733575832726241,2.506680840276067,-3.481442907606738,-1.78911621348327
49.0,297.0,1003.25244140625,-2.511309831409496,-3.0835693197802008,0.7475034664136955,3.585061481674141,-0.3448842970982549,3.0755615006414625,-0.1733575832726249,2.506680839894215,-3.481442907673831,-1.78911621348327
49.0,297.0,1003.2532348632812,-2.511309832749214,-3.083569319782156,0.747503466949116,3.585069616950016,-0.3448842970982112,3.07556157052292,-0.1733575832726492,2.5066808011677306,-3.481442907672756,-1.7891162134652885
49.0,297.0,1003.2532348632812,-2.511309832749214,-3.083569319782156,0.747503466949116,3.585069616950016,-0.3448842970982112,3.07556157052292,-0.1733575832726492,2.5066808011677306,-3.481442907672756,-1.7891162134652885
49.0,297.0,1003.2532348632812,-2.511309832749214,-3.083569319780412,0.747503466949116,3.585069616950016,-0.3448842970982112,3.07556157052292,-0.1733575832726492,2.506680801042129,-3.481442907672756,-1.7891162134652885
49.0,297.0,1003.2532348632812,-2.511309831419989,-3.083569319782533,0.747503466949116,3.585069616950016,-0.3448842970982506,3.07556157052292,-0.1733575832726492,2.5066808011677306,-3.4814429076082507,-1.7891162134652885
49.0,297.0,1003.2532348632812,-2.511309831418082,-3.083569319780412,0.747503466949116,3.585069616950016,-0.3448842970982112,3.0755615048661964,-0.1733575832726492,2.506680801042129,-3.4814429076100093,-1.789116213464785
49.0,297.0,1003.2540283203124,-2.5113098328223527,-3.083569319766979,0.7475037958663183,3.5859646894524464,-0.3370589374175056,3.075561572443817,-0.1733575832726438,2.506680839350231,-3.481442907683699,-1.7891162134911356
49.0,297.0,1003.2540893554688,-2.5113098328223527,-3.083569319767168,0.7475038006217649,3.58592795898791,-0.3373150394878156,3.0755614984185766,-0.1733575832726438,2.506680839920465,-3.481442907683699,-1.7891162134911356
49.0,297.0,1003.2543334960938,-2.511309830037117,-3.083569319767168,0.7475037993628982,3.5859838816525085,-0.3370007954881736,3.0755614984157567,-0.1733575832726438,2.506680838297493,-3.4814429075871445,-1.7891162134911356
49.0,297.0,1003.2543334960938,-2.5113098328223527,-3.083569319767168,0.7475037993628982,3.5859838816525085,-0.3370007954881736,3.075561498415662,-0.1733575832726438,2.506680838297493,-3.481442907683699,-1.7891162134911356
49.0,297.0,1003.25439453125,-2.511309832749214,-3.0835693197823444,0.7475034704456959,3.585088809150077,-0.3448261551688792,3.0755614964947653,-0.1733575832726492,2.5066808001149927,-3.481442907672756,-1.7891162134652885
49.0,297.0,1003.2554931640624,-2.511309831409496,-3.083569319767168,0.7475037801913189,3.58509478368894,-0.3448842970982549,3.075561498415072,-0.1733575832726249,2.506680824583403,-3.481442907606738,-1.78911621348327
49.0,297.0,1003.2559204101562,-2.511309831388349,-3.083569319767168,0.7475037807140332,3.585099833602409,-0.3448842970982545,3.0755614986646025,-0.1733575832726479,2.506680798574044,-3.481442907606738,-1.78911621348327
49.0,297.0,1003.2559204101562,-2.511309831388349,-3.083569319767168,0.7475037807140332,3.585099833602409,-0.3448842970982545,3.0755614984203783,-0.1733575832726479,2.506680798574044,-3.481442907606738,-1.78911621348327
49.0,297.0,1003.2559204101562,-2.511309831388349,-3.083569319767168,0.7475037807140332,3.585099833602409,-0.3448842970981818,3.075561498661011,-0.1733575832726483,2.506680798574044,-3.481442907606738,-1.789116213266834
49.0,297.0,1003.2606201171876,-2.511309831388252,-3.083569319767168,0.747503780191187,3.585153392987192,-0.3448842970982545,3.0755614986646025,-0.1733575832726487,2.506680798574044,-3.481442907606738,-1.78911621348327
49.0,297.0,1003.2606201171876,-2.511309831433309,-3.083569319767168,0.7475037801914153,3.585153392987192,-0.3448842970982545,3.0755614986646025,-0.1733575832726487,2.506680798574044,-3.481442907606738,-1.78911621348327
49.0,297.0,1003.2606201171876,-2.511309831433309,-3.0835693195945613,0.7475037801914153,3.585153392987192,-0.3448842970982545,3.075561499176908,-0.1733575832726487,2.506680798574044,-3.481442907606738,-1.78911621348327
49.0,297.0,1003.2606201171876,-2.51130983140909,-3.083569319767168,0.7475037801911669,3.585153392987192,-0.3448842970982545,3.075561498669237,-0.1733575832726495,2.506680798192192,-3.481442907606738,-1.78911621348327
49.0,297.0,1003.2606201171876,-2.511309831409538,-3.0835693195945613,0.7475037801914153,3.585153392987192,-0.3448842970982545,3.0755614984314272,-0.1733575832726931,2.506680798574044,-3.481442907611008,-1.78911621348327
49.0,297.0,1003.2606201171876,-2.511309831433309,-3.0835693195945613,0.7475037801914153,3.585153392987192,-0.3448842970982545,3.075561499176908,-0.1733575832726487,2.506680798574044,-3.481442907606738,-1.78911621348327
49.0,297.0,1003.2656860351562,-2.511309831409411,-3.0835693197671468,0.7475037989245693,3.585216601329525,-0.3448842970982549,3.075561499122215,-0.1733575832726249,2.5066808398318035,-3.481442907602388,-1.7891162132608744
49.0,297.0,1003.2678833007812,-2.511309831409496,-3.083569319767168,0.7475037807028407,3.58524495660894,-0.3448842970982549,3.0755614984186,-0.1733575832726249,2.506680839532156,-3.4814429076065503,-1.78911621348327
49.0,297.0,1003.2761840820312,-2.511309831358908,-3.083569319767168,0.7475037993590333,3.585369338974932,-0.3448842970982549,3.075561499191968,-0.1733575832726249,2.5066808409064363,-3.481442907606738,-1.7891162134834442
49.0,297.0,1003.2761840820312,-2.511309832743141,-3.0835693197671783,0.7475037994189048,3.585369338974932,-0.3448842970982549,3.0755614984561146,-0.1733575832726249,2.5066808409064363,-3.481442907676851,-1.7891162134834442
49.0,297.0,1003.283935546875,-2.511309831409496,-3.083569319767168,0.7475037807028407,3.575407108975745,-0.3448842970982549,3.0755614984186,-0.1733575832726249,2.506680824486343,-3.481442907611086,-1.78911621348327
49.0,297.0,1003.283935546875,-2.5113098314094104,-3.083569319767168,0.7475037806921242,3.575409044047417,-0.3448842970982549,3.075561499122215,-0.1733575832726249,2.506680824486343,-3.481442907611086,-1.78911621348327
49.0,297.0,1003.283935546875,-2.5113098314094104,-3.083569319767168,0.7475037991707941,3.575409044047417,-0.3448842970982549,3.075561499122215,-0.1733575832726249,2.506680838328815,-3.481442907611086,-1.7891162132608744
49.0,297.0,1003.283935546875,-2.511309831409496,-3.083569319767168,0.747503780705192,3.5754058789320817,-0.3448842970982549,3.0755614984186,-0.1733575832726251,2.5066808228708672,-3.4814429076068043,-1.78911621348327
49.0,297.0,1003.283935546875,-2.511309831409496,-3.083569319767168,0.7475037807028407,3.575407108975745,-0.3448842970982549,3.0755614984186,-0.1733575832726249,2.506680824486343,-3.481442907611086,-1.78911621348327
49.0,297.0,1003.283935546875,-2.511309831407808,-3.08356931976716,0.7475038041378533,3.5754070633892465,-0.3448842970975297,3.0755614984188124,-0.1733575832726249,2.5066808252185138,-3.481442907611086,-1.78911621348327
49.0,297.0,1003.283935546875,-2.5113098314094104,-3.083569319767168,0.7475037997193461,3.575409044047417,-0.3448842970982549,3.075561499122215,-0.1733575832726249,2.506680824486343,-3.481442907611086,-1.78911621348327
49.0,297.0,1003.283935546875,-2.511309831410165,-3.083569319767168,0.747503780705192,3.5754058789320817,-0.3448842970981786,3.0755614984186,-0.1733575832726251,2.5066808228708672,-3.4814429076068043,-1.78911621348327
49.0,297.0,1003.283935546875,-2.511309831409496,-3.083569319767168,0.7475037808730618,3.575407108975745,-0.3448842970982549,3.075561498439668,-0.173357583273191,2.506680824857414,-3.481442907611086,-1.78911621348327
49.0,297.0,1003.283935546875,-2.511309832280591,-3.0835693197747656,0.7475038008074857,3.575409044047417,-0.3448842970982196,3.075561499122215,-0.1733575832726249,2.506680824486343,-3.481442907606778,-1.78911621348327
49.0,297.0,1003.283935546875,-2.5113098314094104,-3.083569319767168,0.7475037806921242,3.575407088373876,-0.3448842970982549,3.075561499122215,-0.1733575832726249,2.506680824486343,-3.481442907611086,-1.78911621348327
49.0,297.0,1003.283935546875,-2.5113098314094104,-3.083569319767168,0.7475034396117792,3.575409044047417,-0.3448842970982549,3.075561499122215,-0.1733575832726489,2.5066808020298152,-3.4814429076114792,-1.7891162132608744
49.0,297.0,1003.283935546875,-2.511309831409496,-3.083569319767168,0.7475037807028407,3.575407108975745,-0.3448842970982549,3.0755614984186,-0.1733575832726249,2.506680824486343,-3.481442907611086,-1.78911621348327
49.0,297.0,1003.283935546875,-2.5113098314094104,-3.083569319767168,0.7475037799503347,3.575409044047417,-0.3448842970982549,3.075561499122215,-0.1733575832726249,2.5066808244501044,-3.481442907611086,-1.78911621348327
49.0,298.0,1003.2024536132812,-2.511309831419989,-3.083569319782533,0.747503466949116,3.585069616950016,-0.3427653165539339,3.07556157052292,-0.1733575832726492,2.5066808011677306,-3.4814429076082507,-1.7891162134652885
49.0,298.0,1003.2369384765624,-2.5113098314078344,-3.08356931976716,0.7475038033480115,3.584907375771784,-0.3448842970975188,3.0755614984188133,-0.1733575832726249,2.5066808252185138,-3.481442907611086,-1.78911621348327
49.0,298.0,1003.242431640625,-2.5113098314078344,-3.08356931976716,0.747503799441608,3.584953302475653,-0.344919887854375,3.0755614984155195,-0.1733575832726415,2.506680825766028,-3.481442907611086,-1.78911621348327
49.0,298.0,1003.2523803710938,-2.511309831409496,-3.083569319767168,0.7475037801913189,3.5850612582418666,-0.3448842970982549,3.0755614984186,-0.1733575832726249,2.506680839894215,-3.481442907606738,-1.78911621348327
49.0,298.0,1003.2523803710938,-2.511309831409496,-3.083569319767168,0.7475037801913189,3.5850612582418666,-0.3448842970982549,3.0755614984186,-0.1733575832726249,2.506680839894215,-3.481442907606738,-1.78911621348327
49.0,298.0,1003.2523803710938,-2.511309831409496,-3.083569319767168,0.7475037801913189,3.5850612582418666,-0.3448842970982572,3.0755614984187885,-0.1733575832726249,2.506680839894215,-3.4814429076110325,-1.78911621348327
49.0,298.0,1003.2523803710938,-2.511309831358908,-3.083569319767168,0.7475037801913189,3.5850612582418666,-0.3448842970982549,3.075561499191968,-0.1733575832726249,2.506680840876793,-3.481442907606738,-1.78911621348327
49.0,298.0,1003.2523803710938,-2.511309831409496,-3.083569319767168,0.7475037801913189,3.5850612582418666,-0.3448842970982549,3.0755614984186,-0.1733575832726249,2.506680839894215,-3.481442907606738,-1.78911621348327
49.0,298.0,1003.2523803710938,-2.511309831375139,-3.083569319767165,0.7475037801913189,3.5850612582418666,-0.344884297097562,3.0755614984186,-0.1733575832726645,2.506680839894215,-3.481442907606738,-1.789116213232971
49.0,298.0,1003.2523803710938,-2.511309832749214,-3.083569319782156,0.7475034472148336,3.5850611360936897,-0.3448842970982559,3.075561496532865,-0.173357583272648,2.5066808011677306,-3.481442907672756,-1.7891162134833354
49.0,298.0,1003.2523803710938,-2.511309831358908,-3.083569319767168,0.7475037801913189,3.5850612582418666,-0.3448842970982549,3.075561498430796,-0.1733575832726249,2.506680839942926,-3.481442907606738,-1.78911621348327
49.0,298.0,1003.2523803710938,-2.5113098313886564,-3.083569319767168,0.747503780191339,3.5850612582418666,-0.3448842970982549,3.0755614984139648,-0.1733575832726241,2.506680840276067,-3.481442907606738,-1.78911621348327
49.0,298.0,1003.2523803710938,-2.511309832749214,-3.083569319782156,0.7475034471142379,3.585061082457719,-0.3448842970982559,3.075561495625933,-0.1733575832726492,2.5066808011677306,-3.481442907672756,-1.7891162134652885
49.0,298.0,1003.2523803710938,-2.5113098313886564,-3.083569319767168,0.747503780191339,3.5850612582418666,-0.3448842970982549,3.0755614984139648,-0.1733575832726241,2.506680840276067,-3.481442907606738,-1.78911621348327
49.0,298.0,1003.2523803710938,-2.511309831409496,-3.083569319767168,0.7475034436647774,3.585061133098438,-0.3448842970982549,3.0755614984186,-0.1733575832726249,2.506680801291388,-3.481442907670245,-1.78911621348327
49.0,298.0,1003.2523803710938,-2.511309832749214,-3.083569319782156,0.7475037837413752,3.585061261237118,-0.3448842970982559,3.075561496532865,-0.173357583272648,2.5066808397705582,-3.481442907609249,-1.7891162134833354
49.0,298.0,1003.25244140625,-2.511309831409496,-3.0835693197802008,0.7475034664136955,3.585061481674141,-0.3448842970982549,3.0755615006414625,-0.1733575832726249,2.506680839894215,-3.481442907673831,-1.78911621348327
49.0,298.0,1003.25244140625,-2.511309831409496,-3.0835693197802008,0.7475034664136955,3.585061481674141,-0.3448842970982549,3.0755615006414625,-0.1733575832726527,2.506680798759328,-3.481442907673831,-1.78911621348327
49.0,298.0,1003.253173828125,-2.511309831433309,-3.0835693197830034,0.7475037857217782,3.585069147024204,-0.3448842970982545,3.0755614986646025,-0.1733575832726487,2.506680798493265,-3.481442907606738,-1.7891162134832537
49.0,298.0,1003.2532348632812,-2.511309832749214,-3.083569319782156,0.747503466949116,3.585069616950016,-0.3448842970982112,3.07556157052292,-0.1733575832726492,2.5066808011677306,-3.481442907672756,-1.7891162134652885
49.0,298.0,1003.2532348632812,-2.511309832749214,-3.083569319782156,0.747503466949116,3.585069616950016,-0.3448842970982112,3.07556157052292,-0.1733575832726492,2.5066808011677306,-3.481442907672756,-1.7891162134652885
49.0,298.0,1003.2532348632812,-2.511309832749214,-3.083569319780412,0.747503466949116,3.585069616950016,-0.3448842970982112,3.07556157052292,-0.1733575832726492,2.506680801042129,-3.481442907672756,-1.7891162134652885
49.0,298.0,1003.2532348632812,-2.511309831419989,-3.083569319782533,0.747503466949116,3.585069616950016,-0.3448842970982506,3.07556157052292,-0.1733575832726492,2.5066808011677306,-3.4814429076082507,-1.7891162134652885
49.0,298.0,1003.2532348632812,-2.511309831418082,-3.083569319780412,0.747503466949116,3.585069616950016,-0.3448842970982112,3.0755615048661964,-0.1733575832726492,2.506680801042129,-3.4814429076100093,-1.789116213464785
49.0,298.0,1003.2532348632812,-2.511309831418162,-3.083569319780412,0.747503466949116,3.585069616950016,-0.3448842970982113,3.0755615048661964,-0.1733575832726492,2.506680801171369,-3.481442907610065,-1.789116213464785
49.0,298.0,1003.2532348632812,-2.511309831419909,-3.083569319782533,0.747503466949116,3.585069616950016,-0.3448842970982505,3.07556157052292,-0.1733575832726492,2.5066808010384904,-3.481442907608195,-1.7891162134652885
49.0,298.0,1003.2532348632812,-2.511309831418082,-3.083569319780412,0.747503466949116,3.585069616950016,-0.3448842970982112,3.0755615048661964,-0.1733575832726492,2.506680801042129,-3.4814429076100093,-1.789116213464785
49.0,298.0,1003.2536010742188,-2.5113098314194526,-3.083569319782319,0.7475034805854743,3.585069616950016,-0.3449361329413235,3.07556157052292,-0.1733575832726453,2.5066808011677306,-3.481442907611072,-1.7891162134825471
49.0,298.0,1003.2540283203124,-2.5113098328223527,-3.083569319766979,0.7475037958663183,3.5859646894524464,-0.3370589374175056,3.075561572443817,-0.1733575832726438,2.506680839350231,-3.481442907683699,-1.7891162134911356
49.0,298.0,1003.2540893554688,-2.5113098328223527,-3.083569319767168,0.7475038006217649,3.58592795898791,-0.3373150394878156,3.0755614984185766,-0.1733575832726438,2.506680839920465,-3.481442907683699,-1.7891162134911356
49.0,298.0,1003.2543334960938,-2.511309830037117,-3.083569319767168,0.7475037993628982,3.5859838816525085,-0.3370007954881736,3.0755614984157567,-0.1733575832726438,2.506680838297493,-3.4814429075871445,-1.7891162134911356
49.0,298.0,1003.2543334960938,-2.5113098328223527,-3.083569319767168,0.7475037993628982,3.5859838816525085,-0.3370007954881736,3.075561498415662,-0.1733575832726438,2.506680838297493,-3.481442907683699,-1.7891162134911356
49.0,298.0,1003.25439453125,-2.511309832749214,-3.0835693197823444,0.7475034704456959,3.585088809150077,-0.3448261551688792,3.0755614964947653,-0.1733575832726492,2.5066808001149927,-3.481442907672756,-1.7891162134652885
49.0,298.0,1003.2554931640624,-2.511309831409496,-3.083569319767168,0.7475037801913189,3.58509478368894,-0.3448842970982549,3.075561498415072,-0.1733575832726249,2.506680824583403,-3.481442907606738,-1.78911621348327
49.0,298.0,1003.2559204101562,-2.511309831388349,-3.083569319767168,0.7475037807140332,3.585099833602409,-0.3448842970982545,3.0755614986646025,-0.1733575832726479,2.506680798574044,-3.481442907606738,-1.78911621348327
49.0,298.0,1003.2559204101562,-2.511309831388349,-3.083569319767168,0.7475037807140332,3.585099833602409,-0.3448842970982545,3.0755614984203783,-0.1733575832726479,2.506680798574044,-3.481442907606738,-1.78911621348327
49.0,298.0,1003.2559204101562,-2.511309831388349,-3.083569319767168,0.7475037807140332,3.585099833602409,-0.3448842970981818,3.075561498661011,-0.1733575832726483,2.506680798574044,-3.481442907606738,-1.789116213266834
49.0,298.0,1003.2559204101562,-2.511309831388349,-3.083569319767168,0.7475037801994678,3.585099833602409,-0.3448842970982545,3.075561498618372,-0.1733575832726479,2.506680793619549,-3.481442907606738,-1.78911621348327
49.0,298.0,1003.2606201171876,-2.511309831388252,-3.083569319767168,0.747503780191187,3.585153392987192,-0.3448842970982545,3.0755614986646025,-0.1733575832726487,2.506680798574044,-3.481442907606738,-1.78911621348327
49.0,298.0,1003.2606201171876,-2.511309831433309,-3.083569319767168,0.7475037801914153,3.585153392987192,-0.3448842970982545,3.0755614986646025,-0.1733575832726487,2.506680798574044,-3.481442907606738,-1.78911621348327
49.0,298.0,1003.2606201171876,-2.511309831433309,-3.0835693195945613,0.7475037801914153,3.585153392987192,-0.3448842970982545,3.075561499176908,-0.1733575832726487,2.506680798574044,-3.481442907606738,-1.78911621348327
49.0,298.0,1003.2606201171876,-2.51130983140909,-3.083569319767168,0.7475037801911669,3.585153392987192,-0.3448842970982545,3.075561498669237,-0.1733575832726495,2.506680798192192,-3.481442907606738,-1.78911621348327
49.0,298.0,1003.2606201171876,-2.511309831409538,-3.0835693195945613,0.7475037801914153,3.585153392987192,-0.3448842970982545,3.0755614984314272,-0.1733575832726931,2.506680798574044,-3.481442907611008,-1.78911621348327
49.0,298.0,1003.2606201171876,-2.511309831433309,-3.0835693195945613,0.7475037801914153,3.585153392987192,-0.3448842970982545,3.075561499176908,-0.1733575832726487,2.506680798574044,-3.481442907606738,-1.78911621348327
49.0,298.0,1003.2606201171876,-2.511309831387572,-3.083569319767168,0.747503780191187,3.585153392987192,-0.3448842970982545,3.0755614991694,-0.1733575832726487,2.506680798574044,-3.481442907606738,-1.78911621348327
49.0,298.0,1003.2606201171876,-2.511309831433309,-3.0835693195945613,0.7475037801914153,3.585153392987192,-0.3448842970982545,3.075561499176908,-0.1733575832726209,2.50668083970893,-3.481442907606738,-1.78911621348327
49.0,298.0,1003.2656860351562,-2.511309831409411,-3.0835693197671468,0.7475037989245693,3.585216601329525,-0.3448842970982549,3.075561499122215,-0.1733575832726249,2.5066808398318035,-3.481442907602388,-1.7891162132608744
49.0,298.0,1003.2678833007812,-2.511309831409496,-3.083569319767168,0.7475037807028407,3.58524495660894,-0.3448842970982549,3.0755614984186,-0.1733575832726249,2.506680839532156,-3.4814429076065503,-1.78911621348327
49.0,298.0,1003.2678833007812,-2.511309831409399,-3.083569319767168,0.7475037807028407,3.58524495660894,-0.3448842970982549,3.0755614984204103,-0.1733575832726248,2.506680839532156,-3.4814429076067426,-1.78911621348327
49.0,298.0,1003.2761840820312,-2.511309831358908,-3.083569319767168,0.7475037993590333,3.585369338974932,-0.3448842970982549,3.075561499191968,-0.1733575832726249,2.5066808409064363,-3.481442907606738,-1.7891162134834442
49.0,299.0,1003.2017822265624,-2.5113098314094264,-3.0835693197802008,0.7475034669172581,3.585061481674141,-0.3427704624605737,3.0755615006414625,-0.1733575832726527,2.506680801232497,-3.48144290767166,-1.78911621348327
49.0,299.0,1003.2024536132812,-2.511309831419989,-3.083569319782533,0.747503466949116,3.585069616950016,-0.3427653165539339,3.07556157052292,-0.1733575832726492,2.5066808011677306,-3.4814429076082507,-1.7891162134652885
49.0,299.0,1003.2069702148438,-2.5113098328223527,-3.083569319782171,0.7475037838455426,3.5850584378529806,-0.3370589374175056,3.075561572443817,-0.1733575832726438,2.506680839349796,-3.4814429076121773,-1.7891162134911356
49.0,299.0,1003.2369384765624,-2.5113098314078344,-3.08356931976716,0.7475038033480115,3.584907375771784,-0.3448842970975188,3.0755614984188133,-0.1733575832726249,2.5066808252185138,-3.481442907611086,-1.78911621348327
49.0,299.0,1003.242431640625,-2.5113098314078344,-3.08356931976716,0.747503799441608,3.584953302475653,-0.344919887854375,3.0755614984155195,-0.1733575832726415,2.506680825766028,-3.481442907611086,-1.78911621348327
49.0,299.0,1003.242431640625,-2.511309831408279,-3.08356931976716,0.747503799441608,3.584953302475653,-0.3449215707945169,3.0755614984155857,-0.1733575832726415,2.506680825766028,-3.481442907611086,-1.7891162134843657
49.0,299.0,1003.2482299804688,-2.511309832749214,-3.083569319766964,0.747503795762151,3.5871248770688866,-0.3448842970982559,3.075561496532865,-0.173357583272648,2.506680839770994,-3.4814429076807705,-1.7891162134833354
49.0,299.0,1003.2523803710938,-2.511309831409496,-3.083569319767168,0.7475037801913189,3.5850612582418666,-0.3448842970982549,3.0755614984186,-0.1733575832726249,2.506680839894215,-3.481442907606738,-1.78911621348327
49.0,299.0,1003.2523803710938,-2.511309831409496,-3.083569319767168,0.7475037801913189,3.5850612582418666,-0.3448842970982549,3.0755614984186,-0.1733575832726249,2.506680839894215,-3.481442907606738,-1.78911621348327
49.0,299.0,1003.2523803710938,-2.511309831409496,-3.083569319767168,0.7475037801913189,3.5850612582418666,-0.3448842970982572,3.0755614984187885,-0.1733575832726249,2.506680839894215,-3.4814429076110325,-1.78911621348327
49.0,299.0,1003.2523803710938,-2.511309831358908,-3.083569319767168,0.7475037801913189,3.5850612582418666,-0.3448842970982549,3.075561499191968,-0.1733575832726249,2.506680840876793,-3.481442907606738,-1.78911621348327
49.0,299.0,1003.2523803710938,-2.511309831409496,-3.083569319767168,0.7475037801913189,3.5850612582418666,-0.3448842970982549,3.0755614984186,-0.1733575832726249,2.506680839894215,-3.481442907606738,-1.78911621348327
49.0,299.0,1003.2523803710938,-2.511309831375139,-3.083569319767165,0.7475037801913189,3.5850612582418666,-0.344884297097562,3.0755614984186,-0.1733575832726645,2.506680839894215,-3.481442907606738,-1.789116213232971
49.0,299.0,1003.2523803710938,-2.511309832749214,-3.083569319782156,0.7475034472148336,3.5850611360936897,-0.3448842970982559,3.075561496532865,-0.173357583272648,2.5066808011677306,-3.481442907672756,-1.7891162134833354
49.0,299.0,1003.2523803710938,-2.511309831358908,-3.083569319767168,0.7475037801913189,3.5850612582418666,-0.3448842970982549,3.075561498430796,-0.1733575832726249,2.506680839942926,-3.481442907606738,-1.78911621348327
49.0,299.0,1003.2523803710938,-2.5113098313886564,-3.083569319767168,0.747503780191339,3.5850612582418666,-0.3448842970982549,3.0755614984139648,-0.1733575832726241,2.506680840276067,-3.481442907606738,-1.78911621348327
49.0,299.0,1003.2523803710938,-2.511309832749214,-3.083569319782156,0.7475034471142379,3.585061082457719,-0.3448842970982559,3.075561495625933,-0.1733575832726492,2.5066808011677306,-3.481442907672756,-1.7891162134652885
49.0,299.0,1003.2523803710938,-2.5113098313886564,-3.083569319767168,0.747503780191339,3.5850612582418666,-0.3448842970982549,3.0755614984139648,-0.1733575832726241,2.506680840276067,-3.481442907606738,-1.78911621348327
49.0,299.0,1003.2523803710938,-2.511309831409496,-3.083569319767168,0.7475034436647774,3.585061133098438,-0.3448842970982549,3.0755614984186,-0.1733575832726249,2.506680801291388,-3.481442907670245,-1.78911621348327
49.0,299.0,1003.2523803710938,-2.511309832749214,-3.083569319782156,0.7475037837413752,3.585061261237118,-0.3448842970982559,3.075561496532865,-0.173357583272648,2.5066808397705582,-3.481442907609249,-1.7891162134833354
49.0,299.0,1003.2523803710938,-2.511309831409496,-3.0835693197829848,0.7475034436647774,3.585061133098438,-0.344879186200451,3.075561499460608,-0.1733575832726249,2.5066808011636725,-3.481442907670245,-1.7891162134832894
49.0,299.0,1003.2523803710938,-2.511309832749214,-3.083569319782156,0.7475037837413752,3.585061264299623,-0.3448842970982559,3.075561496532865,-0.173357583272648,2.5066808397705582,-3.481442907610897,-1.7891162134833354
49.0,299.0,1003.2523803710938,-2.511309831358908,-3.083569319767168,0.7475037801913189,3.5850612582418666,-0.3448842970982549,3.075561499191968,-0.1733575832726249,2.506680840876793,-3.481442907606738,-1.78911621348327
49.0,299.0,1003.2523803710938,-2.511309832749214,-3.0835693197821503,0.7475034669990056,3.5850611360936897,-0.3448842970982559,3.075561572949524,-0.173357583272648,2.5066808011682227,-3.4814429076054565,-1.7891162134654093
49.0,299.0,1003.2523803710938,-2.511309831409496,-3.083569319767168,0.7475037801913189,3.5850612582418666,-0.3448842970982572,3.0755614984187942,-0.1733575832726249,2.506680839894215,-3.4814429076110325,-1.78911621348327
49.0,299.0,1003.2523803710938,-2.51130983140842,-3.083569319767168,0.747503780191339,3.5850612582418666,-0.3448842970982549,3.0755614984188284,-0.1733575832726241,2.506680840276067,-3.481442907606738,-1.78911621348327
49.0,299.0,1003.2523803710938,-2.511309831409496,-3.083569319767168,0.7475034436647774,3.585061133098438,-0.3448842970982549,3.0755614984186,-0.1733575832726249,2.506680801291388,-3.481442907670245,-1.78911621348327
49.0,299.0,1003.25244140625,-2.511309831409496,-3.0835693197802008,0.7475034664136955,3.585061481674141,-0.3448842970982549,3.0755615006414625,-0.1733575832726249,2.506680839894215,-3.481442907673831,-1.78911621348327
49.0,299.0,1003.25244140625,-2.511309831409496,-3.0835693197802008,0.7475034664136955,3.585061481674141,-0.3448842970982549,3.0755615006414625,-0.1733575832726527,2.506680798759328,-3.481442907673831,-1.78911621348327
49.0,299.0,1003.2528686523438,-2.5113098314202373,-3.083569319767168,0.7475034700049096,3.5850612582418666,-0.3449347966674742,3.0755614984186,-0.1733575832726454,2.5066808024396607,-3.4814429076110494,-1.78911621348327
49.0,299.0,1003.253173828125,-2.511309831433309,-3.0835693197830034,0.7475037857217782,3.585069147024204,-0.3448842970982545,3.0755614986646025,-0.1733575832726487,2.506680798493265,-3.481442907606738,-1.7891162134832537
49.0,299.0,1003.253173828125,-2.511309831426098,-3.0835693197670206,0.7475037809718813,3.585069616950016,-0.3448842970982112,3.07556157052292,-0.1733575832726486,2.506680801409125,-3.4814429076707074,-1.7891162134816665
49.0,299.0,1003.253173828125,-2.511309831420058,-3.083569319782533,0.7475034664455534,3.585069616950016,-0.3448791511916152,3.07556157052292,-0.1733575832726492,2.5066807986945614,-3.481442907610422,-1.7891162134652885
49.0,299.0,1003.2532348632812,-2.511309832749214,-3.083569319782156,0.747503466949116,3.585069616950016,-0.3448842970982112,3.07556157052292,-0.1733575832726492,2.5066808011677306,-3.481442907672756,-1.7891162134652885
49.0,299.0,1003.2532348632812,-2.511309832749214,-3.083569319782156,0.747503466949116,3.585069616950016,-0.3448842970982112,3.07556157052292,-0.1733575832726492,2.5066808011677306,-3.481442907672756,-1.7891162134652885
49.0,299.0,1003.2532348632812,-2.511309832749214,-3.083569319780412,0.747503466949116,3.585069616950016,-0.3448842970982112,3.07556157052292,-0.1733575832726492,2.506680801042129,-3.481442907672756,-1.7891162134652885
49.0,299.0,1003.2532348632812,-2.511309831419989,-3.083569319782533,0.747503466949116,3.585069616950016,-0.3448842970982506,3.07556157052292,-0.1733575832726492,2.5066808011677306,-3.4814429076082507,-1.7891162134652885
49.0,299.0,1003.2532348632812,-2.511309831418082,-3.083569319780412,0.747503466949116,3.585069616950016,-0.3448842970982112,3.0755615048661964,-0.1733575832726492,2.506680801042129,-3.4814429076100093,-1.789116213464785
49.0,299.0,1003.2532348632812,-2.511309831418162,-3.083569319780412,0.747503466949116,3.585069616950016,-0.3448842970982113,3.0755615048661964,-0.1733575832726492,2.506680801171369,-3.481442907610065,-1.789116213464785
49.0,299.0,1003.2532348632812,-2.511309831419909,-3.083569319782533,0.747503466949116,3.585069616950016,-0.3448842970982505,3.07556157052292,-0.1733575832726492,2.5066808010384904,-3.481442907608195,-1.7891162134652885
49.0,299.0,1003.2532348632812,-2.511309831418082,-3.083569319780412,0.747503466949116,3.585069616950016,-0.3448842970982112,3.0755615048661964,-0.1733575832726492,2.506680801042129,-3.4814429076100093,-1.789116213464785
49.0,299.0,1003.2532348632812,-2.5113098314338824,-3.083569319782516,0.747503466949116,3.5850696189599045,-0.3448842970982506,3.07556157052292,-0.1733575832726492,2.506680798525591,-3.481442907606652,-1.7891162134653549
49.0,299.0,1003.2532958984376,-2.511309832749214,-3.083569319780412,0.7475034672904005,3.5850706431048853,-0.3448842970982112,3.075561571845001,-0.1733575832726492,2.506680801042129,-3.4814429076722253,-1.7891162134652885
49.0,299.0,1003.2532958984376,-2.5113098314322304,-3.083569319780412,0.7475034566534282,3.5850706783676656,-0.3448842970982551,3.0755615047591487,-0.1733575832726492,2.506680800999989,-3.48144290761001,-1.789116213464785
49.0,299.0,1003.2536010742188,-2.5113098314194526,-3.083569319782319,0.7475034805854743,3.585069616950016,-0.3449361329413235,3.07556157052292,-0.1733575832726453,2.5066808011677306,-3.481442907611072,-1.7891162134825471
49.0,299.0,1003.2540283203124,-2.5113098328223527,-3.083569319766979,0.7475037958663183,3.5859646894524464,-0.3370589374175056,3.075561572443817,-0.1733575832726438,2.506680839350231,-3.481442907683699,-1.7891162134911356
49.0,299.0,1003.2540893554688,-2.5113098328223527,-3.083569319767168,0.7475038006217649,3.58592795898791,-0.3373150394878156,3.0755614984185766,-0.1733575832726438,2.506680839920465,-3.481442907683699,-1.7891162134911356
49.0,299.0,1003.2543334960938,-2.511309830037117,-3.083569319767168,0.7475037993628982,3.5859838816525085,-0.3370007954881736,3.0755614984157567,-0.1733575832726438,2.506680838297493,-3.4814429075871445,-1.7891162134911356
49.0,299.0,1003.2543334960938,-2.5113098328223527,-3.083569319767168,0.7475037993628982,3.5859838816525085,-0.3370007954881736,3.075561498415662,-0.1733575832726438,2.506680838297493,-3.481442907683699,-1.7891162134911356
49.0,299.0,1003.25439453125,-2.511309832749214,-3.0835693197823444,0.7475034704456959,3.585088809150077,-0.3448261551688792,3.0755614964947653,-0.1733575832726492,2.5066808001149927,-3.481442907672756,-1.7891162134652885
