Run,Gen,F,1,2,3,4,5,6,7,8,9,10
12.0,0.0,1054.875244140625,2.8362127152999106,-4.087566274832688,4.990650419008848,2.2196307427144104,-2.9835315802991094,4.538798523810815,-2.290025658087319,1.3857968694245573,-2.6898678483583205,-2.647540587177253
12.0,0.0,1212.72412109375,-0.1831052326966107,2.759394388330562,4.907789456212592,-4.153151550862543,-2.745897456975601,-1.0035923882805875,-4.185826209922817,2.6373630286767185,-0.9908523594575982,4.561074416287369
12.0,0.0,1069.093505859375,-0.7602227514371487,1.3842102482652097,0.961766984544755,2.511345575552665,1.5508569591188524,2.629033769004608,3.187112846699158,4.198226208210718,-2.05509958851252,2.57713097850592
12.0,0.0,1137.24365234375,-4.852114411049015,-0.4867502539882986,-4.566905403480179,-3.0628762540905186,-2.376765614128212,-2.254422404566918,4.516580846251436,-0.1357388826352856,-0.5733682564034357,2.309005685961674
12.0,0.0,1354.9739990234375,4.930917433504163,1.7110885125740607,-4.941036268182511,1.3974216640978447,0.6881090382337316,1.2505513504433674,4.312323539850558,-4.37165076970222,2.551155452982325,3.687817997867887
12.0,0.0,1107.3953857421875,4.300477237139466,-3.3974965324923225,1.8674490990120496,3.354833374762501,3.639089553840398,2.729811630757604,3.3380494429708047,0.3640736826782751,1.3542485118271417,3.537280692295594
12.0,0.0,1086.5865478515625,-1.6548210939851955,-2.373742158327945,4.512072203850719,0.7706201125279701,2.24368062604106,-3.201216811424996,-3.609519305220751,1.6662450581154484,-1.6410620396531126,2.4478071326234865
12.0,0.0,1130.490234375,3.261468729318384,0.9975788739512934,1.4527251865212865,0.7837645046770394,-2.434184958412148,-3.2621590638067333,2.6890991768915,-2.087062999933892,-3.883494473589637,-1.4302450818306758
12.0,0.0,1067.5364990234375,-2.0304989632159245,-1.9507531619717988,4.3929680745317725,0.1521567634319645,0.7013399878388915,2.5889251052156395,-4.645739587825161,-2.604387911748617,-2.7924041079088333,-2.5591435403885345
12.0,0.0,1073.7008056640625,3.578450919600339,-1.370438647284625,-3.058676997257943,4.771729750297068,4.481692821807444,0.9779164472528804,4.268268672182863,-2.737979679493595,-4.805048766509586,0.9318491593457212
12.0,0.0,1459.337890625,-3.248139998119257,4.099362051981474,1.104263307061613,-0.4949236215516785,0.5689305566926963,2.273133427979711,2.7632139442078945,-3.7552798891843686,4.105152911236358,3.28272612280618
12.0,0.0,1146.3157958984375,0.1922489733213117,-1.8564063849845256,2.7001001635322543,2.800958482503477,-1.6789768281638464,-3.615085340882501,4.1143241860666535,-4.804767018507611,0.2682128044763479,0.2699111256975879
12.0,0.0,1347.1689453125,-2.002389767664716,3.6673287236821768,-0.0545676302475737,1.8271415678111025,-2.4763572444172786,-2.8337206326279327,-1.7795176799574164,-4.099655064179323,2.2573279960176027,-4.200627582716746
12.0,0.0,1158.327392578125,2.158819895143008,1.8963066501687005,0.0296247058530996,-0.2942566237385966,-0.5643332177458955,-1.159108702571742,0.5681159008133774,1.4020225998143907,0.5520566189575673,-4.150827162031732
12.0,0.0,1100.0501708984375,-0.2768286475474095,-3.068426872795377,2.871283114271445,-4.15041009241398,4.594704560657366,-0.3819255370752392,3.349516584641393,3.4780122455754867,0.0748361323611703,0.7682728607691445
12.0,0.0,1077.40576171875,1.1090135168806388,-0.3315073830528972,0.5212868374312336,1.8267163506447133,3.976829252130148,-0.1758843995575763,2.820556991647213,0.5946171872209831,-4.68331518649209,3.684370264689413
12.0,0.0,1796.82373046875,3.9472371063399727,-4.485484302618696,-3.47827599732924,-3.947794220455832,-3.5689202546544663,-1.432798146302423,4.279962596721799,3.304353969475688,-2.076527393164355,3.93163864939603
12.0,0.0,1056.6129150390625,0.571934274076983,-3.876530225853561,0.9141514483798954,0.5069743218057807,-0.935101241546481,4.738217225190594,-4.618417234867128,0.278559354800084,-1.6704470656359605,0.0814821916974741
12.0,0.0,1200.3704833984375,-0.4048346126308093,4.633726759544702,0.8535188189110219,-1.7173231496519703,0.1165431314007552,-4.963165527433403,4.922315747386804,2.652888472118862,-0.3032540550223492,3.891341543327268
12.0,0.0,1146.85498046875,3.175979887420791,-0.5257213848607636,0.0342161105568559,-0.548071253942318,3.374040811996151,0.6663838898297456,1.2554797834277407,-1.6227456634107718,3.4498799717323188,-2.58844576225169
12.0,0.0,1081.5579833984375,-4.565847313077405,-0.0514479634495401,-0.2798151333653065,-0.3927085234749095,-2.07920919570281,-3.638878396407957,4.289574057190817,2.820751026759835,-4.925357077072169,-1.2902890169671588
12.0,0.0,1110.7803955078125,2.360287351770108,-0.9661971600478072,0.645049952380564,2.032279408700278,-0.4463660718067324,2.9613121990027462,-1.6999911487215345,-0.4433467739544436,4.37780099551134,0.8869780322899823
12.0,0.0,1139.5184326171875,3.413534113218552,-1.90551773672874,1.5072098517371462,1.4258640941911347,-0.3065886675414129,-2.311752224147907,0.0015312810347101,2.359382683033104,3.0964994070036163,4.283862337260091
12.0,0.0,1054.9864501953125,1.4489388792384543,-2.969939741794855,-0.4562733389750733,1.2502543096941618,1.691000866153867,1.7882893861515168,1.5576857386526433,-1.8366944787501591,-0.1290662457822478,2.81790941140199
12.0,0.0,1047.677490234375,-3.4822860950529244,-4.250135291680836,3.768182990366697,2.213395599679595,2.7429538262703934,0.912224759117234,1.5803134775322656,1.4097288996387167,-1.5490251147114176,0.8486146267935855
12.0,0.0,1065.6273193359375,0.0167259533198986,-0.3601879500918343,0.892703644793686,3.988542317058938,1.4797845488178671,-1.207897868444321,-3.2151320571634323,2.2582040021961456,-4.46634483177955,-3.5776968222680505
12.0,0.0,1099.21728515625,1.093821228560811,-1.6448507716779162,3.250423530270396,-3.7962313277789095,3.995562421824678,1.259721920720338,-4.661348845810825,-2.8634803591764566,-1.6939685085395553,2.952653771500988
12.0,0.0,1110.7496337890625,3.1586891871685427,-1.798116803980211,0.5133064900010424,0.0091725248461527,-3.043933176875071,-1.709152374293482,2.061369711194155,2.19759229051858,-2.139751449876015,-4.900929584211246
12.0,0.0,1061.1265869140625,-1.2653363376878248,-1.3216198964709425,3.097726009656169,4.504331385008289,4.093211698905238,4.102785218759893,1.4488754098091592,3.8168730905084,1.4204166383738477,-2.4429678178300995
12.0,0.0,1309.667236328125,4.370405907033323,-3.6727125560004312,4.020448170990063,-1.8610345702622388,-0.4152241001032122,-2.032920143324847,-2.1351931149081462,4.696054805484698,3.082379917879628,-1.1963536769412322
12.0,0.0,1108.2388916015625,2.503434233744226,-3.316992311814836,4.902615929327842,-4.770258971353303,4.38969624456958,2.81102392820105,-2.838271889898367,-0.8108928716718635,1.9811759578118124,0.9603409553832264
12.0,0.0,1163.2138671875,-3.800334841761205,0.4304764774940794,3.9734804691994334,0.1746827479468171,2.558450043767987,-4.299002799809236,3.2289079618763807,2.5412546361404464,3.485359197437141,-0.8664200797204078
12.0,0.0,1193.1610107421875,2.732876430779577,3.672440814088008,4.888675747600948,-2.72135606850168,2.41105077054747,-1.075121904963913,4.594417464869403,4.674892630779407,-2.6240971993405227,0.662213400128234
12.0,0.0,1098.9635009765625,-0.7131986730813233,1.4903527719599543,2.362627902359992,1.9279072954521128,-4.733279498794989,-0.9534599044650154,-2.4365967958638857,0.6143338000208018,-4.585973976894392,0.7437001913572878
12.0,0.0,1067.44384765625,0.7346055944869008,-0.443490917276387,1.896800185247014,1.3609657373693604,-4.9680918008626325,-1.0263357409994214,4.451349870278975,0.1088661843421494,-3.364985068626015,-4.503257749411016
12.0,0.0,1089.953125,-3.621530971031224,-1.2121200550949371,-2.5804838019230814,0.9653578230740808,-4.8042477182416485,-3.967931700942169,-0.8459813319357137,3.4011924162618907,0.7951015681226998,-4.916319728006064
12.0,0.0,1209.4384765625,-1.880700477414401,-0.5378878775929055,-1.1165939334550623,-3.245178238823654,-4.228967843531301,-2.618948645685765,-0.4350881316843766,-1.7767369762542726,-1.019354211672426,-0.0098395956680708
12.0,0.0,1042.1824951171875,-0.236522810438803,-1.1739601601771876,0.3091068895091347,1.5055807298760415,-2.5736356235488644,0.9409947118827864,-4.909391937101992,-0.6108194809831851,-3.591412333146481,2.0485570996690603
12.0,0.0,1065.3663330078125,-3.675657000992176,0.0132790751541298,4.4112108469741536,-3.1302873663767583,-3.92843395570514,-0.497117183354252,3.319225817426405,4.366551151345163,-1.0945612376955651,2.4452455728898226
12.0,0.0,1148.211669921875,-3.011462337781769,-1.40223957063668,0.3995816987520442,3.31497624736903,4.16711684115943,-4.863385752937508,-4.655125475824899,1.8506112614644443,2.820884673742979,0.6164493712676968
12.0,0.0,1126.092041015625,-2.0342248263868923,-1.9974310216573776,3.481844531471239,-4.7811230069295485,-1.17366137205929,-1.7581342586445985,0.8067280422455072,0.6158526144100742,-2.794660729248367,-3.6874695465063487
12.0,0.0,1627.115478515625,-4.105534747840825,4.065436896017674,-4.514648968760964,-1.7603697916382597,-1.8767009843811144,-1.2305974675523688,-3.0422330961146,-1.999286320392665,4.756920784740238,1.067478056956544
12.0,0.0,1058.9854736328125,-4.4472949995063225,-0.5948030282223087,-3.970158142915982,1.933884301441923,-3.2117317900458864,0.045863233101099,1.2287070458026736,3.6162379373329774,-1.770685178711085,3.666144021268261
12.0,0.0,1187.96142578125,-3.856495751005216,4.56867596219791,-3.828533651951921,0.4025168179865934,1.537076042043112,-2.7643436553664125,-2.644520242026722,-2.4398388433040843,-2.6708109814431378,-4.310100358667901
12.0,0.0,1400.3951416015625,3.694808962382736,-3.0583893778622606,-4.04461656648458,-1.1556697262095472,3.411818118233251,-4.530295919714571,-0.7977615872726957,4.308028614247839,3.077520069462933,-0.6405981601444335
12.0,0.0,1054.9664306640625,-2.678858364302608,-4.071614378846661,-0.6570727929226639,1.1035078794391442,-2.6896977555332247,-0.079949825015742,-1.460800412540244,-4.335257738831776,-3.208135814752749,-0.5086123021357416
12.0,0.0,1459.42236328125,3.2904283128805734,3.1675875821734447,3.0626742025681537,-4.283278270099274,-2.7085297219678592,-1.804720073223817,3.5730267231316954,-1.8930285172337271,-1.148837782852652,4.286946426065482
12.0,0.0,1502.2838134765625,1.7539256452029726,-1.621390235560364,-2.796612851576853,-2.166148688643008,-4.629010131823094,4.64610457118299,1.0944661296039442,4.941272122626192,0.0208554138868777,-3.276923474005126
12.0,0.0,1079.4390869140625,-1.8032123193974847,1.4896119682817064,3.0102862886485298,2.974503690125726,-1.586550317337212,0.2625815902299759,1.071890928644036,-0.2493655036262687,2.175624105803853,0.6468069294603485
12.0,0.0,1088.7982177734375,-2.321865808118192,3.046050767510128,1.0044865221134671,4.028755017571381,-3.3417637551773147,-0.5899008584065122,-3.623071301764859,-0.8821311338645321,0.100294742930993,2.908634084457528
12.0,1.0,1033.2978515625,-3.460140581392233,-4.647959929235667,0.9195544466804336,2.187350966438707,1.5464506945495824,0.9210613344480428,1.2300974475419628,3.2012184819453746,-2.0631898566847373,0.8486146267935855
12.0,1.0,1033.963623046875,0.571934274076983,-3.876530225853561,2.990416770891658,4.488759587127804,4.39032433833777,4.946107799568151,-4.618417234867128,0.278559354800084,-1.6101161734570009,0.1089055835442762
12.0,1.0,1042.1824951171875,-0.236522810438803,-1.1739601601771876,0.3091068895091347,1.5055807298760415,-2.5736356235488644,0.9409947118827864,-4.909391937101992,-0.6108194809831851,-3.591412333146481,2.0485570996690603
12.0,1.0,1045.9185791015625,-1.2653363376878248,-1.3216198964709425,1.021460684137686,0.5207425836171118,-1.2393557869543428,4.1184089073515855,1.4488754098091592,3.8168730905084,1.3600857464608485,-2.470391208191208
12.0,1.0,1047.2548828125,-1.356402231161153,-0.4949519772575065,2.8495436108052368,4.5200494995665785,3.4935696717955538,4.102785218759893,1.4488754098091592,3.8168730905084,1.4204166383738477,2.1971965018646182
12.0,1.0,1047.677490234375,-3.4822860950529244,-4.250135291680836,3.768182990366697,2.213395599679595,2.7429538262703934,0.912224759117234,1.5803134775322656,1.4097288996387167,-1.5490251147114176,0.8486146267935855
12.0,1.0,1052.3682861328125,-3.4822860950529244,-4.250135291680836,4.96359417202916,3.0191525903887,2.7429538262703934,0.912224759117234,1.5803134775322656,1.3861433099347402,-2.7005114329717324,0.8486146267935855
12.0,1.0,1053.601806640625,-2.45891931654796,-3.0014294217292017,-0.4562733389750733,1.1133187706451988,-2.654342359815142,1.7882893861515168,1.5576857386526433,-1.8366944787501591,-0.1290662457822478,2.81790941140199
12.0,1.0,1054.875244140625,2.8362127152999106,-4.087566274832688,4.990650419008848,2.2196307427144104,-2.9835315802991094,4.538798523810815,-2.290025658087319,1.3857968694245573,-2.6898678483583205,-2.647540587177253
12.0,1.0,1054.9664306640625,-2.678858364302608,-4.071614378846661,-0.6570727929226639,1.1035078794391442,-2.6896977555332247,-0.079949825015742,-1.460800412540244,-4.335257738831776,-3.208135814752749,-0.5086123021357416
12.0,1.0,1054.9864501953125,1.4489388792384543,-2.969939741794855,-0.4562733389750733,1.2502543096941618,1.691000866153867,1.7882893861515168,1.5576857386526433,-1.8366944787501591,-0.1290662457822478,2.81790941140199
12.0,1.0,1056.6129150390625,0.571934274076983,-3.876530225853561,0.9141514483798954,0.5069743218057807,-0.935101241546481,4.738217225190594,-4.618417234867128,0.278559354800084,-1.6704470656359605,0.0814821916974741
12.0,1.0,1057.071533203125,-2.787896772284636,1.3842102482652097,-0.6394900431600353,1.0828731270024714,-3.1275140816423983,2.629033769004608,-1.3034909176769751,4.198226208210718,-1.9388814035781308,-0.4688216495620707
12.0,1.0,1057.6484375,-1.599318443618777,-1.1739601601771876,0.3091068895091347,1.5055807298760415,-2.6825364513570578,0.9409947118827864,-4.909391937101992,-0.6108194809831851,-3.628926265465589,2.0467229480858107
12.0,1.0,1058.5714111328125,-2.6968274511193258,-0.3315073830528972,0.4018245229091829,1.684196915931223,3.976829252130148,-0.1758843995575763,-4.953894502453744,1.742514445527059,-4.888054954105399,3.684370264689413
12.0,1.0,1058.9854736328125,-4.4472949995063225,-0.5948030282223087,-3.970158142915982,1.933884301441923,-3.2117317900458864,0.045863233101099,1.2287070458026736,3.6162379373329774,-1.770685178711085,3.666144021268261
12.0,1.0,1059.419921875,1.5134965290554816,-4.040124696693384,-0.6570727929226639,1.2404434184881072,1.655646110393491,-0.079949825015742,-1.1158068472521387,-4.335257738831776,-3.208135814752749,-0.5086123021357416
12.0,1.0,1061.1265869140625,-1.2653363376878248,-1.3216198964709425,3.097726009656169,4.504331385008289,4.093211698905238,4.102785218759893,1.4488754098091592,3.8168730905084,1.4204166383738477,-2.4429678178300995
12.0,1.0,1062.8172607421875,-0.236522810438803,-1.1739601601771876,-0.2629922092024648,1.5055807298760415,-2.5736356235488644,0.9409947118827864,-4.921147954252708,-0.262780974807048,-4.945446414701433,2.002814036985847
12.0,1.0,1065.3663330078125,-3.675657000992176,0.0132790751541298,4.4112108469741536,-3.1302873663767583,-3.92843395570514,-0.497117183354252,3.319225817426405,4.366551151345163,-1.0945612376955651,2.4452455728898226
12.0,1.0,1065.6273193359375,0.0167259533198986,-0.3601879500918343,0.892703644793686,3.988542317058938,1.4797845488178671,-1.207897868444321,-3.2151320571634323,2.2582040021961456,-4.46634483177955,-3.5776968222680505
12.0,1.0,1065.9256591796875,1.1090135168806388,-0.3315073830528972,0.463563133843655,1.8267163506447133,3.976829252130148,0.1286263757463865,2.820556991647213,0.5946171872209831,-4.519170660865042,3.684370264689413
12.0,1.0,1066.814453125,0.0167259533198986,-0.3601879500918343,0.892703644793686,3.988542317058938,1.4797845488178671,-1.207897868444321,-3.2151320571634323,2.2582040021961456,-4.657291499929183,-3.5776968222680505
12.0,1.0,1067.44384765625,0.7346055944869008,-0.443490917276387,1.896800185247014,1.3609657373693604,-4.9680918008626325,-1.0263357409994214,4.451349870278975,0.1088661843421494,-3.364985068626015,-4.503257749411016
12.0,1.0,1067.5364990234375,-2.0304989632159245,-1.9507531619717988,4.3929680745317725,0.1521567634319645,0.7013399878388915,2.5889251052156395,-4.645739587825161,-2.604387911748617,-2.7924041079088333,-2.5591435403885345
12.0,1.0,1069.093505859375,-0.7602227514371487,1.3842102482652097,0.961766984544755,2.511345575552665,1.5508569591188524,2.629033769004608,3.187112846699158,4.198226208210718,-2.05509958851252,2.57713097850592
12.0,1.0,1069.9056396484375,-0.7823680043424246,1.3842102482652097,3.8103913468540376,1.6546783846013018,2.7473600908393547,2.620197193657308,3.190738159521323,4.144749128346144,-1.5409348465392,2.3450187095079995
12.0,1.0,1071.7518310546875,-1.8885917412862032,3.6673287236821768,-0.0545676302475737,1.921912119123239,-2.465206168419828,0.0788346670277444,1.119291020053943,-4.222545165668803,-1.9629504164150933,-3.951104556981161
12.0,1.0,1072.20458984375,-4.827733267956476,0.9275227021664334,1.963432957967356,1.933884301441923,-3.2117317900458864,0.045863233101099,1.2287070458026736,3.6162379373329774,-1.770685178711085,3.666144021268261
12.0,1.0,1073.7008056640625,3.578450919600339,-1.370438647284625,-3.058676997257943,4.771729750297068,4.481692821807444,0.9779164472528804,4.268268672182863,-2.737979679493595,-4.805048766509586,0.9318491593457212
12.0,1.0,1074.072509765625,-3.629583210893724,-2.34894300973728,4.512072203850719,0.9477789908680344,-4.941107466267147,-3.201216811424996,-3.609519305220751,1.6662450581154484,-1.646174723221707,2.4478071326234865
12.0,1.0,1074.9959716796875,-0.2920254608052059,-2.373742158327945,4.512072203850719,0.7706201125279701,3.3578327346801444,-3.201216811424996,-3.609519305220751,1.6662450581154484,-1.603548055560439,2.449641284206736
12.0,1.0,1075.3802490234375,-3.675657000992176,0.0234001308706202,4.524609022750885,4.7705337090299125,-3.92843395570514,-0.497117183354252,3.319225817426405,4.440558400252841,-1.4357089388861508,2.4452455728898226
12.0,1.0,1075.797119140625,1.3866486871835797,1.1675032127826277,3.0102862886485298,2.995233159838203,-1.586550317337212,1.8046215054389791,1.071890928644036,-0.2061878718012316,2.176530278006868,0.6468069294603485
12.0,1.0,1077.40576171875,1.1090135168806388,-0.3315073830528972,0.5212868374312336,1.8267163506447133,3.976829252130148,-0.1758843995575763,2.820556991647213,0.5946171872209831,-4.68331518649209,3.684370264689413
12.0,1.0,1079.4390869140625,-1.8032123193974847,1.4896119682817064,3.0102862886485298,2.974503690125726,-1.586550317337212,0.2625815902299759,1.071890928644036,-0.2493655036262687,2.175624105803853,0.6468069294603485
12.0,1.0,1079.80859375,-0.187071948505199,-4.071614378846661,0.9441842347821208,2.5319803279878017,1.9886964536416845,-0.079949825015742,3.029796715180675,-4.335257738831776,-3.208135814752749,2.5373403130083405
12.0,1.0,1080.7080078125,2.8362127152999106,-4.087566274832688,3.776775436898549,2.2126471758832578,-2.9835315802991094,4.538798523810815,-2.290025658087319,1.4093824591285338,-1.5383815300978338,-2.647540587177253
12.0,1.0,1081.5579833984375,-4.565847313077405,-0.0514479634495401,-0.2798151333653065,-0.3927085234749095,-2.07920919570281,-3.638878396407957,4.289574057190817,2.820751026759835,-4.925357077072169,-1.2902890169671588
12.0,1.0,1082.5220947265625,3.789145822439006,-3.5329429471851324,-3.828533651951921,0.8291704171947434,1.537076042043112,-2.484258516388355,-2.571419878169907,0.3881318670754741,-2.612490571275515,-4.395520480904841
12.0,1.0,1085.9073486328125,0.7346055944869008,-0.443490917276387,1.896800185247014,1.0879613555425702,-4.9680918008626325,-1.0263357409994214,4.451349870278975,0.1088661843421494,-3.239860740518031,-4.503257749411016
12.0,1.0,1086.1876220703125,-2.0304989632159245,-1.951280613075675,2.725395500349297,0.1521567634319645,0.6589825457889191,2.5889251052156395,4.14154078896427,-4.720460684521768,-2.7924041079088333,-2.273557347528961
12.0,1.0,1086.2982177734375,-4.565847313077405,-0.0514479634495401,0.2366877076205123,-0.8750042155004345,-2.07920919570281,-3.638878396407957,4.289574057190817,2.7850670946112883,-3.560382082692846,-1.2902890169671588
12.0,1.0,1086.5865478515625,-1.6548210939851955,-2.373742158327945,4.512072203850719,0.7706201125279701,2.24368062604106,-3.201216811424996,-3.609519305220751,1.6662450581154484,-1.6410620396531126,2.4478071326234865
12.0,1.0,1087.313232421875,-3.621530971031224,-1.2171642777277876,3.0805389598244943,0.9237496459659452,4.00466851543413,-3.967931700942169,-1.1790737255386563,3.3211177035124644,0.7951015681226998,-4.926839897873814
12.0,1.0,1087.752197265625,3.693921898096805,-0.0562141338713878,-3.058676997257943,4.694459574044508,4.481692821807444,1.331077740204905,4.268268672182863,-2.737979679493595,-4.805048766509586,1.0005517782231523
12.0,1.0,1088.7982177734375,-2.321865808118192,3.046050767510128,1.0044865221134671,4.028755017571381,-3.3417637551773147,-0.5899008584065122,-3.623071301764859,-0.8821311338645321,0.100294742930993,2.908634084457528
12.0,1.0,1089.434814453125,0.7346055944869008,-0.443490917276387,0.9981599404006872,1.3792195760621475,-4.9680918008626325,-1.0263357409994214,4.451349870278975,0.1260132640922148,-3.364985068626015,-3.863119414399189
12.0,1.0,1089.953125,-3.621530971031224,-1.2121200550949371,-2.5804838019230814,0.9653578230740808,-4.8042477182416485,-3.967931700942169,-0.8459813319357137,3.4011924162618907,0.7951015681226998,-4.916319728006064
12.0,1.0,1092.8900146484375,-4.633349216370428,-1.3656724768627757,-0.2798151333653065,-0.3371418643304489,-2.07920919570281,-3.991116601462149,4.289574057190817,2.820751026759835,-4.445362481884722,-1.3589916358378535
12.0,2.0,1023.1585083007812,-3.3871700362731376,-4.746361869246274,0.4473646764121591,2.187350966438707,1.5464506945495824,0.9204233200740848,1.2300974475419628,-2.3500997647004613,-1.9438046843714831,0.8486146267935855
12.0,2.0,1029.1158447265625,-1.2653363376878248,-1.3216198964709425,1.218944607460006,0.49667204182133,-2.912233762513695,4.1154215108555166,1.4488754098091592,3.8168730905084,-2.653540881495177,-2.6334018397533603
12.0,2.0,1033.2978515625,-3.460140581392233,-4.647959929235667,0.9195544466804336,2.187350966438707,1.5464506945495824,0.9210613344480428,1.2300974475419628,3.2012184819453746,-2.0631898566847373,0.8486146267935855
12.0,2.0,1033.963623046875,0.571934274076983,-3.876530225853561,2.990416770891658,4.488759587127804,4.39032433833777,4.946107799568151,-4.618417234867128,0.278559354800084,-1.6101161734570009,0.1089055835442762
12.0,2.0,1038.049072265625,0.571934274076983,-4.179215443746852,0.9141514483798954,4.243325557169191,2.798862864831097,4.738217225190594,-4.618417234867128,0.278559354800084,-1.61068304531085,0.1090497631355282
12.0,2.0,1039.5421142578125,-1.356402231161153,-0.4949519772575065,2.8495436108052368,1.7221479507889874,3.4935696717955538,4.102785218759893,1.4488754098091592,3.632826686384079,1.1088141393769515,2.1971965018646182
12.0,2.0,1041.198486328125,-2.5318898616647525,-3.0014294217292017,0.9411543675427988,1.894760194546864,-2.654342359815142,1.7889274005254747,1.5576857386526433,3.2446313058792846,-0.2484514180901801,2.81790941140199
12.0,2.0,1042.1824951171875,-0.236522810438803,-1.1739601601771876,0.3091068895091347,1.5055807298760415,-2.5736356235488644,0.9409947118827864,-4.909391937101992,-0.6108194809831851,-3.591412333146481,2.0485570996690603
12.0,2.0,1044.0050048828125,-3.2663522804118825,-3.0014294217292017,-0.4562733389750733,1.1133187706451988,-2.654342359815142,1.7882893861515168,1.5576857386526433,-1.8366944787501591,-0.1290662457822478,2.81790941140199
12.0,2.0,1045.914794921875,-2.787896772284636,1.3063929166791584,0.9339636232483696,3.9500293712343257,-3.1275140816423983,2.6224045211839133,-1.3034909176769751,4.255867352580671,-1.9388814035781308,-0.4688216495620707
12.0,2.0,1045.9185791015625,-1.2653363376878248,-1.3216198964709425,1.021460684137686,0.5207425836171118,-1.2393557869543428,4.1184089073515855,1.4488754098091592,3.8168730905084,1.3600857464608485,-2.470391208191208
12.0,2.0,1046.8890380859375,-2.787896772284636,1.3842102482652097,-0.6394900431600353,1.0397553147812413,-3.1275140816423983,2.629033769004608,-1.3034909176769751,4.140865468216964,-1.9353756001498672,0.8507106271031467
12.0,2.0,1046.953369140625,-0.236522810438803,-1.1739601601771876,0.3091068895091347,1.5055807298760415,-2.5736356235488644,0.9409947118827864,-4.909391937101992,-0.6108194809831851,-3.660230782859536,2.0485570996690603
12.0,2.0,1047.2548828125,-1.356402231161153,-0.4949519772575065,2.8495436108052368,4.5200494995665785,3.4935696717955538,4.102785218759893,1.4488754098091592,3.8168730905084,1.4204166383738477,2.1971965018646182
12.0,2.0,1047.2939453125,1.4054741805971762,-3.876530225853561,1.026659132307587,0.5069743218057807,-0.935101241546481,1.9114006132510104,0.9273098962763232,0.278559354800084,-1.6704470656359605,0.0814821916974741
12.0,2.0,1047.677490234375,-3.4822860950529244,-4.250135291680836,3.768182990366697,2.213395599679595,2.7429538262703934,0.912224759117234,1.5803134775322656,1.4097288996387167,-1.5490251147114176,0.8486146267935855
12.0,2.0,1048.1790771484375,-1.422138472754494,-4.087566274832688,3.776775436898549,3.409761245096774,-2.9835315802991094,4.538799187166015,-2.3444561549734333,1.4093824591285338,-1.5383815300978338,-2.598218819493116
12.0,2.0,1052.3682861328125,-3.4822860950529244,-4.250135291680836,4.96359417202916,3.0191525903887,2.7429538262703934,0.912224759117234,1.5803134775322656,1.3861433099347402,-2.7005114329717324,0.8486146267935855
12.0,2.0,1052.6630859375,-0.2643457073871138,-2.373742158327945,4.064040578169907,0.7706201125279701,4.3609261517161215,-3.2152975145566884,4.3923045165492285,1.6662450581154484,-1.603548055560439,2.3724884947182714
12.0,2.0,1053.0225830078125,-0.236522810438803,-3.929881597667936,-0.2163724247715031,1.5055807298760415,-2.9887487583706287,0.9977307066844724,-4.921147954252708,-0.262780974807048,-4.945446414701433,-2.6123195334271507
12.0,2.0,1053.180419921875,-1.3204882995437328,-1.3216198964709425,0.96396331979627,0.5223429782536511,1.4987074914724126,4.081585155123018,1.4488754098091592,3.8168730905084,1.3600857464608485,-2.470391208191208
12.0,2.0,1053.601806640625,-2.45891931654796,-3.0014294217292017,-0.4562733389750733,1.1133187706451988,-2.654342359815142,1.7882893861515168,1.5576857386526433,-1.8366944787501591,-0.1290662457822478,2.81790941140199
12.0,2.0,1054.1920166015625,-1.6109486530878123,-0.3300998031184892,0.4018245229091829,1.684196915931223,4.115548827404364,-0.1758843995575763,-4.953894502453744,1.742514445527059,-1.5599536569595798,3.968814053995163
12.0,2.0,1054.875244140625,2.8362127152999106,-4.087566274832688,4.990650419008848,2.2196307427144104,-2.9835315802991094,4.538798523810815,-2.290025658087319,1.3857968694245573,-2.6898678483583205,-2.647540587177253
12.0,2.0,1054.9664306640625,-2.678858364302608,-4.071614378846661,-0.6570727929226639,1.1035078794391442,-2.6896977555332247,-0.079949825015742,-1.460800412540244,-4.335257738831776,-3.208135814752749,-0.5086123021357416
12.0,2.0,1054.9864501953125,1.4489388792384543,-2.969939741794855,-0.4562733389750733,1.2502543096941618,1.691000866153867,1.7882893861515168,1.5576857386526433,-1.8366944787501591,-0.1290662457822478,2.81790941140199
12.0,2.0,1056.2906494140625,-2.0226481705753745,-1.9458931037434697,4.512883178771656,1.1035078794391442,1.0979214244507902,-0.079949825015742,-1.460800412540244,-2.6520425303245285,-3.208135814752749,-0.513813134433363
12.0,2.0,1056.6129150390625,0.571934274076983,-3.876530225853561,0.9141514483798954,0.5069743218057807,-0.935101241546481,4.738217225190594,-4.618417234867128,0.278559354800084,-1.6704470656359605,0.0814821916974741
12.0,2.0,1057.071533203125,-2.787896772284636,1.3842102482652097,-0.6394900431600353,1.0828731270024714,-3.1275140816423983,2.629033769004608,-1.3034909176769751,4.198226208210718,-1.9388814035781308,-0.4688216495620707
12.0,2.0,1057.6484375,-1.599318443618777,-1.1739601601771876,0.3091068895091347,1.5055807298760415,-2.6825364513570578,0.9409947118827864,-4.909391937101992,-0.6108194809831851,-3.628926265465589,2.0467229480858107
12.0,2.0,1057.7147216796875,-2.11711519015811,-3.876530225853561,2.990416770891658,0.1487506397467388,4.39032433833777,4.946107799568151,-4.618417234867128,0.278559354800084,-1.6101161734570009,-2.4509363485013624
12.0,2.0,1057.943115234375,-1.168363631846581,-0.3614029821026527,0.892703644793686,3.988542317058938,1.4175021851044742,-1.207897868444321,4.581102568105483,2.2582040021961456,-3.363581861239925,-4.5166522518778764
12.0,2.0,1058.5714111328125,-2.6968274511193258,-0.3315073830528972,0.4018245229091829,1.684196915931223,3.976829252130148,-0.1758843995575763,-4.953894502453744,1.742514445527059,-4.888054954105399,3.684370264689413
12.0,2.0,1058.9854736328125,-4.4472949995063225,-0.5948030282223087,-3.970158142915982,1.933884301441923,-3.2117317900458864,0.045863233101099,1.2287070458026736,3.6162379373329774,-1.770685178711085,3.666144021268261
12.0,2.0,1059.419921875,1.5134965290554816,-4.040124696693384,-0.6570727929226639,1.2404434184881072,1.655646110393491,-0.079949825015742,-1.1158068472521387,-4.335257738831776,-3.208135814752749,-0.5086123021357416
12.0,2.0,1059.54638671875,-0.7823680043424246,-4.551166352005732,0.1581690081177191,1.6124669267631928,2.7473600908393547,2.620197193657308,3.190738159521323,4.144749128346144,-1.5409348465392,0.7690009588829332
12.0,2.0,1061.1265869140625,-1.2653363376878248,-1.3216198964709425,3.097726009656169,4.504331385008289,4.093211698905238,4.102785218759893,1.4488754098091592,3.8168730905084,1.4204166383738477,-2.4429678178300995
12.0,2.0,1061.481201171875,-2.678858364302608,-4.123745726788817,-0.6570727929226639,1.0395863606019702,-2.6896977555332247,-0.0938401805571403,-1.460800412540244,-4.325757138284721,-3.20908181514928,1.998916970142791
12.0,2.0,1061.9462890625,-3.4822860950529244,-4.250135291680836,4.96359417202916,3.0622704008745023,2.7429538262703934,0.912224759117234,1.5803134775322656,1.4434731889296517,-2.7040172363999955,-0.4709176498716321
12.0,2.0,1062.8172607421875,-0.236522810438803,-1.1739601601771876,-0.2629922092024648,1.5055807298760415,-2.5736356235488644,0.9409947118827864,-4.921147954252708,-0.262780974807048,-4.945446414701433,2.002814036985847
12.0,2.0,1063.663818359375,-4.827733267956476,0.9275227021664334,1.963432957967356,4.725498309003683,-3.2117317900458864,0.045863233101099,1.2287070458026736,3.9625677469682974,-1.770685178711085,3.666144021268261
12.0,2.0,1064.557861328125,-0.7050707895812407,1.3842102482652097,1.0192643488861708,2.509745180855004,-1.1872063193672062,2.6658574385786915,3.0987184337681803,4.198226208210718,-2.05509958851252,2.57713097850592
12.0,2.0,1065.3663330078125,-3.675657000992176,0.0132790751541298,4.4112108469741536,-3.1302873663767583,-3.92843395570514,-0.497117183354252,3.319225817426405,4.366551151345163,-1.0945612376955651,2.4452455728898226
12.0,2.0,1065.6273193359375,0.0167259533198986,-0.3601879500918343,0.892703644793686,3.988542317058938,1.4797845488178671,-1.207897868444321,-3.2151320571634323,2.2582040021961456,-4.46634483177955,-3.5776968222680505
12.0,2.0,1065.64111328125,0.0137110805763717,-4.040124696693384,0.8546243522360318,3.929491843929364,1.6611919073304096,-0.0877824223026765,-3.2264601586664083,-4.492911476627163,-3.208135814752749,-0.5086123021357416
12.0,2.0,1065.9256591796875,1.1090135168806388,-0.3315073830528972,0.463563133843655,1.8267163506447133,3.976829252130148,0.1286263757463865,2.820556991647213,0.5946171872209831,-4.519170660865042,3.684370264689413
12.0,2.0,1066.098388671875,0.571934274076983,-3.876530225853561,2.990416770891658,0.8622273427619829,-0.7366087917782842,4.946107799568151,-4.618417234867128,0.278559354800084,-1.6698801937821113,0.0813380121062221
12.0,2.0,1066.5704345703125,0.0167259533198986,-0.2823706185058821,-0.680750021614726,1.121376658135833,1.4797845488178671,-1.2012687722192408,-3.2151320571634323,2.200554412569729,-4.657291499929183,-3.5776968222680505
12.0,2.0,1066.814453125,0.0167259533198986,-0.3601879500918343,0.892703644793686,3.988542317058938,1.4797845488178671,-1.207897868444321,-3.2151320571634323,2.2582040021961456,-4.657291499929183,-3.5776968222680505
12.0,2.0,1066.90771484375,2.90194715345804,-0.4949519772575065,2.8495436108052368,4.5200494995665785,3.4935696717955538,4.102785218759893,1.503305978936141,3.8168730905084,1.4204166383738477,2.1478758244255447
12.0,3.0,1023.1585083007812,-3.3871700362731376,-4.746361869246274,0.4473646764121591,2.187350966438707,1.5464506945495824,0.9204233200740848,1.2300974475419628,-2.3500997647004613,-1.9438046843714831,0.8486146267935855
12.0,3.0,1028.6253662109375,-1.2653363376878248,-1.3216198964709425,1.021460684137686,4.209505034415501,-1.2393557869543428,4.1184089073515855,1.4488754098091592,3.8168730905084,1.7495225636859943,-2.442689569234149
12.0,3.0,1029.1158447265625,-1.2653363376878248,-1.3216198964709425,1.218944607460006,0.49667204182133,-2.912233762513695,4.1154215108555166,1.4488754098091592,3.8168730905084,-2.653540881495177,-2.6334018397533603
12.0,3.0,1033.2978515625,-3.460140581392233,-4.647959929235667,0.9195544466804336,2.187350966438707,1.5464506945495824,0.9210613344480428,1.2300974475419628,3.2012184819453746,-2.0631898566847373,0.8486146267935855
12.0,3.0,1033.963623046875,0.571934274076983,-3.876530225853561,2.990416770891658,4.488759587127804,4.39032433833777,4.946107799568151,-4.618417234867128,0.278559354800084,-1.6101161734570009,0.1089055835442762
12.0,3.0,1033.963623046875,0.571934274076983,-3.876530225853561,2.990416770891658,4.488759587127804,4.39032433833777,4.946107799568151,-4.618417234867128,0.278559354800084,-1.6101161734570009,0.1089055835442762
12.0,3.0,1034.1783447265625,0.571934274076983,-4.179215443746852,0.9141514483798954,4.243325557169191,2.798862864831097,4.738217225190594,-4.618417234867128,0.3402622535719977,-1.61068304531085,0.1090497631355282
12.0,3.0,1036.3240966796875,-2.016495422627215,-1.9362986018556456,0.2442780752521844,1.1035078794391442,-2.7965588291702668,-0.079949825015742,-1.460800412540244,-2.864487504528126,-3.588729715611355,-0.513813134433363
12.0,3.0,1036.42822265625,-3.460140581392233,-4.647959929235667,0.9195544466804336,0.736309910221683,1.5549361109787077,1.8879509808702213,1.573276354561839,2.943563576745106,-0.7724798888049955,0.8486146267935855
12.0,3.0,1036.8868408203125,-3.2663522804118825,-3.0427509224576945,-0.4562733389750733,1.1133187706451988,-2.654342359815142,4.579986870906901,1.5576857386526433,-1.8366944787501591,-0.1290662457822478,2.927222461657865
12.0,3.0,1037.7781982421875,-1.2653363376878248,-4.007424715080759,1.218944607460006,0.4950800441480777,-2.912233762513695,0.4171191201465019,1.4488754098091592,3.8168730905084,-3.2170884589866136,-0.4410753288464271
12.0,3.0,1038.049072265625,0.571934274076983,-4.179215443746852,0.9141514483798954,4.243325557169191,2.798862864831097,4.738217225190594,-4.618417234867128,0.278559354800084,-1.61068304531085,0.1090497631355282
12.0,3.0,1039.185791015625,-1.422138472754494,-3.873988025541745,3.786218440292716,3.412045763229698,-0.5544071531822308,4.538799187166015,-2.295373300444313,1.408716793846902,-1.5390416775542757,-2.598218819493116
12.0,3.0,1039.5421142578125,-1.356402231161153,-0.4949519772575065,2.8495436108052368,1.7221479507889874,3.4935696717955538,4.102785218759893,1.4488754098091592,3.632826686384079,1.1088141393769515,2.1971965018646182
12.0,3.0,1040.4998779296875,-0.1754800739779349,-3.929881597667936,2.8323198990635103,1.5055807298760415,-2.9887487583706287,0.9977307066844724,1.55704571059603,3.814419372317804,-4.945446414701433,-2.6123195334271507
12.0,3.0,1040.55029296875,-3.452742468724514,-4.250135291680836,-0.6804799693156984,1.0655356578249997,-2.7551467302112385,0.9098251502126988,1.5602107778494234,-1.868175679803284,-1.5184434947533765,0.8413382199560124
12.0,3.0,1041.198486328125,-2.5318898616647525,-3.0014294217292017,0.9411543675427988,1.894760194546864,-2.654342359815142,1.7889274005254747,1.5576857386526433,3.2446313058792846,-0.2484514180901801,2.81790941140199
12.0,3.0,1042.1824951171875,-0.236522810438803,-1.1739601601771876,0.3091068895091347,1.5055807298760415,-2.5736356235488644,0.9409947118827864,-4.909391937101992,-0.6108194809831851,-3.591412333146481,2.0485570996690603
12.0,3.0,1043.14453125,-2.787896772284636,-0.3561398555185091,-0.2865670745974941,1.0828731270024714,-3.1275140816423983,2.629033769004608,-4.706593816393493,4.198226208210718,-1.9388814035781308,-0.4688216495620707
12.0,3.0,1044.0050048828125,-3.2663522804118825,-3.0014294217292017,-0.4562733389750733,1.1133187706451988,-2.654342359815142,1.7882893861515168,1.5576857386526433,-1.8366944787501591,-0.1290662457822478,2.81790941140199
12.0,3.0,1044.8702392578125,-1.2653363376878248,-1.3216198964709425,1.218944607460006,0.49667204182133,-2.912233762513695,4.1154215108555166,1.4488754098091592,3.8168730905084,-2.653540881495177,-3.410359315648951
12.0,3.0,1045.914794921875,-2.787896772284636,1.3063929166791584,0.9339636232483696,3.9500293712343257,-3.1275140816423983,2.6224045211839133,-1.3034909176769751,4.255867352580671,-1.9388814035781308,-0.4688216495620707
12.0,3.0,1045.9185791015625,-1.2653363376878248,-1.3216198964709425,1.021460684137686,0.5207425836171118,-1.2393557869543428,4.1184089073515855,1.4488754098091592,3.8168730905084,1.3600857464608485,-2.470391208191208
12.0,3.0,1046.8890380859375,-2.787896772284636,1.3842102482652097,-0.6394900431600353,1.0397553147812413,-3.1275140816423983,2.629033769004608,-1.3034909176769751,4.140865468216964,-1.9353756001498672,0.8507106271031467
12.0,3.0,1046.8890380859375,-2.787896772284636,1.3842102482652097,-0.6394900431600353,1.0397553147812413,-3.1275140816423983,2.629033769004608,-1.3034909176769751,4.140865468216964,-1.9353756001498672,0.8507106271031467
12.0,3.0,1046.953369140625,-0.236522810438803,-1.1739601601771876,0.3091068895091347,1.5055807298760415,-2.5736356235488644,0.9409947118827864,-4.909391937101992,-0.6108194809831851,-3.660230782859536,2.0485570996690603
12.0,3.0,1047.0533447265625,-2.7594465457771737,-4.259403323406366,1.026659132307587,0.3428037908429815,-1.048509935873398,1.9114006132510104,0.9273098962763232,0.278559354800084,-1.6704470656359605,0.0814821916974741
12.0,3.0,1047.2548828125,-1.356402231161153,-0.4949519772575065,2.8495436108052368,4.5200494995665785,3.4935696717955538,4.102785218759893,1.4488754098091592,3.8168730905084,1.4204166383738477,2.1971965018646182
12.0,3.0,1047.2939453125,1.4054741805971762,-3.876530225853561,1.026659132307587,0.5069743218057807,-0.935101241546481,1.9114006132510104,0.9273098962763232,0.278559354800084,-1.6704470656359605,0.0814821916974741
12.0,3.0,1047.677490234375,-3.4822860950529244,-4.250135291680836,3.768182990366697,2.213395599679595,2.7429538262703934,0.912224759117234,1.5803134775322656,1.4097288996387167,-1.5490251147114176,0.8486146267935855
12.0,3.0,1047.90576171875,-1.145765506636811,-1.3216198964709425,1.021460684137686,0.5207425836171118,-1.276818366103124,1.7876149396237768,1.45297385588204,3.8168730905084,1.3600857464608485,-2.470391208191208
12.0,3.0,1048.1790771484375,-1.422138472754494,-4.087566274832688,3.776775436898549,3.409761245096774,-2.9835315802991094,4.538799187166015,-2.3444561549734333,1.4093824591285338,-1.5383815300978338,-2.598218819493116
12.0,3.0,1051.12841796875,-3.460140581392233,-4.651748729148137,0.9816681676163646,-3.0216345847575004,1.5464506945495824,0.9210613344480428,1.2300974475419628,3.1807813386558985,-2.0631898566847373,0.8486146267935855
12.0,3.0,1051.62646484375,-0.236522810438803,-3.0265730921473315,0.3091068895091347,1.8803426896153497,-2.5736356235488644,0.2001200774425946,-4.999269150652189,-0.6108194809831851,-3.591412333146481,2.0485570996690603
12.0,3.0,1052.029296875,-0.2643457073871138,-2.3630297888367235,4.064040578169907,0.8394638523280711,4.389613204232939,-3.2152975145566884,4.3923045165492285,1.6662450581154484,-1.603548055560439,2.3724884947182714
12.0,3.0,1052.2392578125,-0.2426755583851741,-1.1835546620650117,4.572394669199937,1.5055807298760415,1.3208456604715542,0.9409947118827864,-4.909391937101992,-0.3983744989671578,-3.2108184322878754,2.0485570996690603
12.0,3.0,1052.3682861328125,-3.4822860950529244,-4.250135291680836,4.96359417202916,3.0191525903887,2.7429538262703934,0.912224759117234,1.5803134775322656,1.3861433099347402,-2.7005114329717324,0.8486146267935855
12.0,3.0,1052.6630859375,-0.2643457073871138,-2.373742158327945,4.064040578169907,0.7706201125279701,4.3609261517161215,-3.2152975145566884,4.3923045165492285,1.6662450581154484,-1.603548055560439,2.3724884947182714
12.0,3.0,1053.0225830078125,-0.236522810438803,-3.929881597667936,-0.2163724247715031,1.5055807298760415,-2.9887487583706287,0.9977307066844724,-4.921147954252708,-0.262780974807048,-4.945446414701433,-2.6123195334271507
12.0,3.0,1053.180419921875,-1.3204882995437328,-1.3216198964709425,0.96396331979627,0.5223429782536511,1.4987074914724126,4.081585155123018,1.4488754098091592,3.8168730905084,1.3600857464608485,-2.470391208191208
12.0,3.0,1053.326416015625,-1.356402231161153,-4.589544056658329,2.8495436108052368,1.7005035716949488,3.4935696717955538,4.218703630965165,1.4488754098091592,3.632826686384079,1.1088141393769515,2.1971965018646182
12.0,3.0,1053.601806640625,-2.45891931654796,-3.0014294217292017,-0.4562733389750733,1.1133187706451988,-2.654342359815142,1.7882893861515168,1.5576857386526433,-1.8366944787501591,-0.1290662457822478,2.81790941140199
12.0,3.0,1053.743408203125,-3.3871700362731376,-0.641164998873184,0.4473646764121591,2.2089953455327462,1.5464506945495824,0.9204233200740848,1.2300974475419628,-2.3500997647004613,-1.9438046843714831,0.8486146267935855
12.0,3.0,1054.1920166015625,-1.6109486530878123,-0.3300998031184892,0.4018245229091829,1.684196915931223,4.115548827404364,-0.1758843995575763,-4.953894502453744,1.742514445527059,-1.5599536569595798,3.968814053995163
12.0,3.0,1054.6148681640625,-3.3871700362731376,-4.746361869246274,0.4473646764121591,1.4878479052886646,1.5464506945495824,0.9204233200740848,1.7707897117766824,-2.2787248480280606,-3.6253327268234408,0.8829077307735552
12.0,3.0,1054.875244140625,2.8362127152999106,-4.087566274832688,4.990650419008848,2.2196307427144104,-2.9835315802991094,4.538798523810815,-2.290025658087319,1.3857968694245573,-2.6898678483583205,-2.647540587177253
12.0,3.0,1054.9664306640625,-2.678858364302608,-4.071614378846661,-0.6570727929226639,1.1035078794391442,-2.6896977555332247,-0.079949825015742,-1.460800412540244,-4.335257738831776,-3.208135814752749,-0.5086123021357416
12.0,3.0,1054.9864501953125,1.4489388792384543,-2.969939741794855,-0.4562733389750733,1.2502543096941618,1.691000866153867,1.7882893861515168,1.5576857386526433,-1.8366944787501591,-0.1290662457822478,2.81790941140199
12.0,3.0,1055.100341796875,-3.5574385455687096,-3.876530225853561,3.09462248824164,3.021030366438731,4.39032433833777,0.9871445176049696,-4.32222812450591,0.278559354800084,-1.6101161734570009,0.1089055835442762
12.0,3.0,1056.2906494140625,-2.0226481705753745,-1.9458931037434697,4.512883178771656,1.1035078794391442,1.0979214244507902,-0.079949825015742,-1.460800412540244,-2.6520425303245285,-3.208135814752749,-0.513813134433363
12.0,4.0,1023.1585083007812,-3.3871700362731376,-4.746361869246274,0.4473646764121591,2.187350966438707,1.5464506945495824,0.9204233200740848,1.2300974475419628,-2.3500997647004613,-1.9438046843714831,0.8486146267935855
12.0,4.0,1028.6253662109375,-1.2653363376878248,-1.3216198964709425,1.021460684137686,4.209505034415501,-1.2393557869543428,4.1184089073515855,1.4488754098091592,3.8168730905084,1.7495225636859943,-2.442689569234149
12.0,4.0,1029.1158447265625,-1.2653363376878248,-1.3216198964709425,1.218944607460006,0.49667204182133,-2.912233762513695,4.1154215108555166,1.4488754098091592,3.8168730905084,-2.653540881495177,-2.6334018397533603
12.0,4.0,1030.8006591796875,-3.470503281868897,-3.167304554876865,-0.4985442293399735,2.505557002409497,2.7429538262703934,1.7659900459866984,1.559752810062239,-1.815004541541423,-2.7005114329717324,0.8486146267935855
12.0,4.0,1030.8294677734375,-3.3222658858393084,-4.721053097843486,0.4473646764121591,2.187350966438707,1.5464506945495824,0.9204233200740848,1.438634312316642,3.861223040571069,-1.9438046843714831,-3.4408407092296063
12.0,4.0,1031.6790771484375,-2.787896772284636,-4.019550411117873,-0.6901616937350474,4.258484827074282,-3.1275140816423983,2.624360639591388,-1.1357952567387657,4.733783283473935,-1.9353756001498672,0.1813272228928819
12.0,4.0,1032.8651123046875,0.571934274076983,-3.875140038341661,2.9445287166039504,4.491904150965722,4.314397665059233,4.9659919507268135,-4.618417234867128,0.3407257300493657,-1.6101353732085542,0.1089055835442762
12.0,4.0,1033.2978515625,-3.460140581392233,-4.647959929235667,0.9195544466804336,2.187350966438707,1.5464506945495824,0.9210613344480428,1.2300974475419628,3.2012184819453746,-2.0631898566847373,0.8486146267935855
12.0,4.0,1033.963623046875,0.571934274076983,-3.876530225853561,2.990416770891658,4.488759587127804,4.39032433833777,4.946107799568151,-4.618417234867128,0.278559354800084,-1.6101161734570009,0.1089055835442762
12.0,4.0,1033.963623046875,0.571934274076983,-3.876530225853561,2.990416770891658,4.488759587127804,4.39032433833777,4.946107799568151,-4.618417234867128,0.278559354800084,-1.6101161734570009,0.1089055835442762
12.0,4.0,1034.03271484375,0.571934274076983,-3.828263238226641,0.9600395016491944,4.240180993331243,3.213613950744057,4.718176743067295,-4.618417234867128,0.2780958783227159,-1.6106638455592968,0.1090497631355282
12.0,4.0,1034.0634765625,-2.5318898616647525,-3.1688223216504365,0.939511042108565,1.894760194546864,1.4126992974645745,1.7889274005254747,1.5576857386526433,3.2446313058792846,-2.218811223762065,2.81790941140199
12.0,4.0,1034.1783447265625,0.571934274076983,-4.179215443746852,0.9141514483798954,4.243325557169191,2.798862864831097,4.738217225190594,-4.618417234867128,0.3402622535719977,-1.61068304531085,0.1090497631355282
12.0,4.0,1035.33349609375,-3.2663522804118825,-0.4745665650624784,-0.4562733389750733,1.1133187706451988,-2.654342359815142,4.579986870906901,1.561060628831646,3.775310470050729,-0.1290662457822478,2.927222461657865
12.0,4.0,1036.3240966796875,-2.016495422627215,-1.9362986018556456,0.2442780752521844,1.1035078794391442,-2.7965588291702668,-0.079949825015742,-1.460800412540244,-2.864487504528126,-3.588729715611355,-0.513813134433363
12.0,4.0,1036.3240966796875,-2.016495422627215,-1.9362986018556456,0.2442780752521844,1.1035078794391442,-2.7965588291702668,-0.079949825015742,-1.460800412540244,-2.864487504528126,-3.588729715611355,-0.513813134433363
12.0,4.0,1036.42822265625,-3.460140581392233,-4.647959929235667,0.9195544466804336,0.736309910221683,1.5549361109787077,1.8879509808702213,1.573276354561839,2.943563576745106,-0.7724798888049955,0.8486146267935855
12.0,4.0,1036.8868408203125,-3.2663522804118825,-3.0427509224576945,-0.4562733389750733,1.1133187706451988,-2.654342359815142,4.579986870906901,1.5576857386526433,-1.8366944787501591,-0.1290662457822478,2.927222461657865
12.0,4.0,1037.4150390625,-1.422138472754494,-3.87660959353946,0.8743168122472011,3.412045763229698,-0.5544071531822308,1.780825930295341,0.9479610871552866,1.386010747981013,-1.5390416775542757,-2.7509386086098333
12.0,4.0,1037.5377197265625,-2.7594465457771737,-4.259403323406366,0.9121291087653046,0.437580518500706,-1.048509935873398,1.9114006132510104,1.2278268046796024,0.278559354800084,-1.6704470656359605,0.0844001779661137
12.0,4.0,1037.7781982421875,-1.2653363376878248,-4.007424715080759,1.218944607460006,0.4950800441480777,-2.912233762513695,0.4171191201465019,1.4488754098091592,3.8168730905084,-3.2170884589866136,-0.4410753288464271
12.0,4.0,1038.049072265625,0.571934274076983,-4.179215443746852,0.9141514483798954,4.243325557169191,2.798862864831097,4.738217225190594,-4.618417234867128,0.278559354800084,-1.61068304531085,0.1090497631355282
12.0,4.0,1039.06982421875,-0.0555971498277977,-3.929881597667936,2.774405024227413,1.5055807298760415,2.7518970332496804,0.9977307066844724,-4.971680229807855,3.814419372317804,-4.945446414701433,0.0361020200183643
12.0,4.0,1039.185791015625,-1.422138472754494,-3.873988025541745,3.786218440292716,3.412045763229698,-0.5544071531822308,4.538799187166015,-2.295373300444313,1.408716793846902,-1.5390416775542757,-2.598218819493116
12.0,4.0,1039.48486328125,-3.460140581392233,-4.649526110676419,0.8929052943507364,2.187350966438707,-2.8454806459006896,0.923492958313811,1.2318412432943584,3.2012184819453746,-2.0631898566847373,0.8486146267935855
12.0,4.0,1039.5421142578125,-1.356402231161153,-0.4949519772575065,2.8495436108052368,1.7221479507889874,3.4935696717955538,4.102785218759893,1.4488754098091592,3.632826686384079,1.1088141393769515,2.1971965018646182
12.0,4.0,1040.18408203125,-1.8423913246423125,-4.647959929235667,1.034084470222716,2.1267692260032094,1.5464506945495824,0.9210613344480428,0.9295805391386835,3.2012184819453746,-2.0631898566847373,0.845696640524946
12.0,4.0,1040.4998779296875,-0.1754800739779349,-3.929881597667936,2.8323198990635103,1.5055807298760415,-2.9887487583706287,0.9977307066844724,1.55704571059603,3.814419372317804,-4.945446414701433,-2.6123195334271507
12.0,4.0,1040.55029296875,-3.452742468724514,-4.250135291680836,-0.6804799693156984,1.0655356578249997,-2.7551467302112385,0.9098251502126988,1.5602107778494234,-1.868175679803284,-1.5184434947533765,0.8413382199560124
12.0,4.0,1040.55029296875,-3.452742468724514,-4.250135291680836,-0.6804799693156984,1.0655356578249997,-2.7551467302112385,0.9098251502126988,1.5602107778494234,-1.868175679803284,-1.5184434947533765,0.8413382199560124
12.0,4.0,1041.198486328125,-2.5318898616647525,-3.0014294217292017,0.9411543675427988,1.894760194546864,-2.654342359815142,1.7889274005254747,1.5576857386526433,3.2446313058792846,-0.2484514180901801,2.81790941140199
12.0,4.0,1041.3114013671875,-3.282134607322712,-4.087566274832688,3.776775436898549,3.409761245096774,-3.2006727060313165,1.8495512105282528,-2.3444561549734333,1.4093824591285338,-1.5383815300978338,-2.588846909392478
12.0,4.0,1041.4140625,-3.460140581392233,-1.174782959387269,1.021977104589005,4.18481396275255,1.5490746311275447,0.9210613344480428,1.2300974475419628,3.1807813386558985,-2.0631898566847373,0.8486146267935855
12.0,4.0,1042.1824951171875,-0.236522810438803,-1.1739601601771876,0.3091068895091347,1.5055807298760415,-2.5736356235488644,0.9409947118827864,-4.909391937101992,-0.6108194809831851,-3.591412333146481,2.0485570996690603
12.0,4.0,1042.1824951171875,-0.236522810438803,-1.1739601601771876,0.3091068895091347,1.5055807298760415,-2.5736356235488644,0.9409947118827864,-4.909391937101992,-0.6108194809831851,-3.591412333146481,2.0485570996690603
12.0,4.0,1042.9345703125,-1.2091373485671646,-3.966684379935697,1.021460684137686,4.209505034415501,-1.2393557869543428,4.139666079806487,1.4488754098091592,3.8168730905084,1.7495225636859943,-2.442689569234149
12.0,4.0,1043.14453125,-2.787896772284636,-0.3561398555185091,-0.2865670745974941,1.0828731270024714,-3.1275140816423983,2.629033769004608,-4.706593816393493,4.198226208210718,-1.9388814035781308,-0.4688216495620707
12.0,4.0,1043.3203125,0.5949813531373893,-3.8793740638721856,0.9816681676163646,4.779023817097066,1.5464506945495824,4.855423814202343,1.2300974475419628,3.113498497031644,-2.7977587804451565,0.8542235987171919
12.0,4.0,1043.6771240234375,-1.6001444363118549,-4.647959929235667,0.9195544466804336,0.736309910221683,1.772099641655561,4.576428370141289,1.573276354561839,2.943563576745106,-0.7724798888049955,0.8392427626636132
12.0,4.0,1043.9488525390625,-0.2365242938881054,-3.929881597667936,-0.2163724247715031,2.0731469294336136,-2.9887487583706287,0.940657638000534,-4.921147954252708,-0.262780974807048,-3.2098262065397685,-2.6123195334271507
12.0,4.0,1044.0050048828125,-3.2663522804118825,-3.0014294217292017,-0.4562733389750733,1.1133187706451988,-2.654342359815142,1.7882893861515168,1.5576857386526433,-1.8366944787501591,-0.1290662457822478,2.81790941140199
12.0,4.0,1044.8702392578125,-1.2653363376878248,-1.3216198964709425,1.218944607460006,0.49667204182133,-2.912233762513695,4.1154215108555166,1.4488754098091592,3.8168730905084,-2.653540881495177,-3.410359315648951
12.0,4.0,1045.483642578125,-1.2259648656139963,-1.5048878530049037,3.768182990366697,2.246016472713366,2.319316184926445,4.151611560813771,0.3580115241769774,1.4097288996387167,-1.5490251147114176,0.8486146267935855
12.0,4.0,1045.914794921875,-2.787896772284636,1.3063929166791584,0.9339636232483696,3.9500293712343257,-3.1275140816423983,2.6224045211839133,-1.3034909176769751,4.255867352580671,-1.9388814035781308,-0.4688216495620707
12.0,4.0,1045.9185791015625,-1.2653363376878248,-1.3216198964709425,1.021460684137686,0.5207425836171118,-1.2393557869543428,4.1184089073515855,1.4488754098091592,3.8168730905084,1.3600857464608485,-2.470391208191208
12.0,4.0,1045.9957275390625,0.5157352849564507,-1.5341243001855231,0.9141514483798954,4.243325557169191,2.798862864831097,4.7169595511687294,-4.618417234867128,0.278559354800084,-1.6891422780508192,0.1090497631355282
12.0,4.0,1046.022705078125,-0.1083630353828352,-4.179215443746852,1.1789656777634812,4.243325557169191,-2.941774200112548,4.738217225190594,2.372224784610287,0.3402622535719977,-1.61068304531085,-2.539371786652308
12.0,4.0,1046.8890380859375,-2.787896772284636,1.3842102482652097,-0.6394900431600353,1.0397553147812413,-3.1275140816423983,2.629033769004608,-1.3034909176769751,4.140865468216964,-1.9353756001498672,0.8507106271031467
12.0,4.0,1046.8890380859375,-2.787896772284636,1.3842102482652097,-0.6394900431600353,1.0397553147812413,-3.1275140816423983,2.629033769004608,-1.3034909176769751,4.140865468216964,-1.9353756001498672,0.8507106271031467
12.0,4.0,1046.953369140625,-0.236522810438803,-1.1739601601771876,0.3091068895091347,1.5055807298760415,-2.5736356235488644,0.9409947118827864,-4.909391937101992,-0.6108194809831851,-3.660230782859536,2.0485570996690603
12.0,5.0,1020.8272094726562,-3.3871700362731376,-4.746361869246274,0.3738885326618274,2.187350966438707,1.5464506945495824,0.9204233200740848,1.2300974475419628,-2.3500997647004613,-1.9438046843714831,0.8486146267935855
12.0,5.0,1023.1279907226562,-3.460140581392233,-4.647959929235667,0.9269708930648702,2.187350966438707,2.7386883768681587,1.7032516648355598,1.5397110497216246,3.334855521317166,-2.0631898566847373,0.8486146267935855
12.0,5.0,1023.1585083007812,-3.3871700362731376,-4.746361869246274,0.4473646764121591,2.187350966438707,1.5464506945495824,0.9204233200740848,1.2300974475419628,-2.3500997647004613,-1.9438046843714831,0.8486146267935855
12.0,5.0,1025.8719482421875,-1.8423913246423125,-4.647959929235667,0.4290703124209624,2.1267692260032094,1.5464506945495824,0.921068333804372,0.9295805391386835,3.2163038530066093,-2.0631898566847373,0.845696640524946
12.0,5.0,1026.047119140625,-3.2663522804118825,-3.0427509224576945,-0.4777866072939461,0.3980751222581969,-2.654342359815142,2.024027502131536,1.5576857386526433,-1.8366944787501591,-1.7281665724047288,-0.0781172731090051
12.0,5.0,1027.6177978515625,0.571934274076983,-3.876530225853561,2.6485933357193696,4.488759587127804,4.39032433833777,4.946107799568151,-4.618417234867128,0.278559354800084,-1.6101161734570009,0.1089055835442762
12.0,5.0,1028.6253662109375,-1.2653363376878248,-1.3216198964709425,1.021460684137686,4.209505034415501,-1.2393557869543428,4.1184089073515855,1.4488754098091592,3.8168730905084,1.7495225636859943,-2.442689569234149
12.0,5.0,1029.1158447265625,-1.2653363376878248,-1.3216198964709425,1.218944607460006,0.49667204182133,-2.912233762513695,4.1154215108555166,1.4488754098091592,3.8168730905084,-2.653540881495177,-2.6334018397533603
12.0,5.0,1029.3524169921875,-1.1263441898743476,-1.3216198964709425,1.1924708877178825,0.49667204182133,-2.912233762513695,4.022978669603607,-4.617300061998945,3.8168730905084,-2.653540881495177,-2.716387036519583
12.0,5.0,1029.387451171875,-3.5058578732135173,-4.668134628227908,0.3467623542331886,0.736309910221683,1.5462408230327032,2.0271432365529747,1.573276354561839,2.943563576745106,-0.7724798888049955,0.8485973568236378
12.0,5.0,1030.8006591796875,-3.470503281868897,-3.167304554876865,-0.4985442293399735,2.505557002409497,2.7429538262703934,1.7659900459866984,1.559752810062239,-1.815004541541423,-2.7005114329717324,0.8486146267935855
12.0,5.0,1030.8294677734375,-3.3222658858393084,-4.721053097843486,0.4473646764121591,2.187350966438707,1.5464506945495824,0.9204233200740848,1.438634312316642,3.861223040571069,-1.9438046843714831,-3.4408407092296063
12.0,5.0,1031.6790771484375,-2.787896772284636,-4.019550411117873,-0.6901616937350474,4.258484827074282,-3.1275140816423983,2.624360639591388,-1.1357952567387657,4.733783283473935,-1.9353756001498672,0.1813272228928819
12.0,5.0,1031.840576171875,-2.787896772284636,-0.3561398555185091,-0.2865670745974941,1.0828731270024714,-3.1275140816423983,2.629033769004608,-4.706593816393493,4.198226208210718,-3.599968088448052,-0.4688216495620707
12.0,5.0,1032.8651123046875,0.571934274076983,-3.875140038341661,2.9445287166039504,4.491904150965722,4.314397665059233,4.9659919507268135,-4.618417234867128,0.3407257300493657,-1.6101353732085542,0.1089055835442762
12.0,5.0,1033.2978515625,-3.460140581392233,-4.647959929235667,0.9195544466804336,2.187350966438707,1.5464506945495824,0.9210613344480428,1.2300974475419628,3.2012184819453746,-2.0631898566847373,0.8486146267935855
12.0,5.0,1033.963623046875,0.571934274076983,-3.876530225853561,2.990416770891658,4.488759587127804,4.39032433833777,4.946107799568151,-4.618417234867128,0.278559354800084,-1.6101161734570009,0.1089055835442762
12.0,5.0,1033.963623046875,0.571934274076983,-3.876530225853561,2.990416770891658,4.488759587127804,4.39032433833777,4.946107799568151,-4.618417234867128,0.278559354800084,-1.6101161734570009,0.1089055835442762
12.0,5.0,1033.97900390625,-3.276885628588792,-4.721053097843486,0.4473646764121591,4.401898541342737,1.4882221765738777,4.876367192008773,1.4776994952180376,3.861223040571069,-2.3850124352232456,-3.4408407092296063
12.0,5.0,1034.03271484375,0.571934274076983,-3.828263238226641,0.9600395016491944,4.240180993331243,3.213613950744057,4.718176743067295,-4.618417234867128,0.2780958783227159,-1.6106638455592968,0.1090497631355282
12.0,5.0,1034.0634765625,-2.5318898616647525,-3.1688223216504365,0.939511042108565,1.894760194546864,1.4126992974645745,1.7889274005254747,1.5576857386526433,3.2446313058792846,-2.218811223762065,2.81790941140199
12.0,5.0,1034.1783447265625,0.571934274076983,-4.179215443746852,0.9141514483798954,4.243325557169191,2.798862864831097,4.738217225190594,-4.618417234867128,0.3402622535719977,-1.61068304531085,0.1090497631355282
12.0,5.0,1034.302001953125,-2.7594465457771737,-4.259403323406366,0.9336423770841762,1.152824166887708,-1.048509935873398,4.466879789036563,1.2278268046796024,0.278559354800084,-0.0713467390131442,3.089739625918676
12.0,5.0,1035.331787109375,-3.470503281868897,-3.167304554876865,-0.3544510882602304,2.505557002409497,1.550716143951561,0.9837997155991816,1.2501392078825773,-1.948692838105076,-2.7005114329717324,0.8486146267935855
12.0,5.0,1035.33349609375,-3.2663522804118825,-0.4745665650624784,-0.4562733389750733,1.1133187706451988,-2.654342359815142,4.579986870906901,1.561060628831646,3.775310470050729,-0.1290662457822478,2.927222461657865
12.0,5.0,1035.6304931640625,0.526556871472915,-3.876530225853561,2.990416770891658,2.2741192001844857,4.448124258766711,0.9413560278567455,-4.637716539230743,0.278559354800084,-1.634752624452981,0.1089055835442762
12.0,5.0,1036.3240966796875,-2.016495422627215,-1.9362986018556456,0.2442780752521844,1.1035078794391442,-2.7965588291702668,-0.079949825015742,-1.460800412540244,-2.864487504528126,-3.588729715611355,-0.513813134433363
12.0,5.0,1036.3240966796875,-2.016495422627215,-1.9362986018556456,0.2442780752521844,1.1035078794391442,-2.7965588291702668,-0.079949825015742,-1.460800412540244,-2.864487504528126,-3.588729715611355,-0.513813134433363
12.0,5.0,1036.42822265625,-3.460140581392233,-4.647959929235667,0.9195544466804336,0.736309910221683,1.5549361109787077,1.8879509808702213,1.573276354561839,2.943563576745106,-0.7724798888049955,0.8486146267935855
12.0,5.0,1036.496337890625,-1.24038139196676,-1.407726658525147,1.006328409322494,4.180423732310586,2.7959253687995647,4.124195050291284,1.5532165021472502,3.8169314683342033,1.3678846143933685,-2.442689569234149
12.0,5.0,1036.586181640625,-3.495458168628056,-3.081197792167759,-0.4834119545247853,2.5346375980941027,-1.2923280323361406,1.760198324407629,1.455411717724148,-1.8153849992112685,-2.318872841520908,0.8486146267935855
12.0,5.0,1036.8868408203125,-3.2663522804118825,-3.0427509224576945,-0.4562733389750733,1.1133187706451988,-2.654342359815142,4.579986870906901,1.5576857386526433,-1.8366944787501591,-0.1290662457822478,2.927222461657865
12.0,5.0,1037.2666015625,-1.2317571945068768,-3.976896931665792,1.0210561070640245,4.171258417733123,-1.2393557869543428,4.139666079806487,1.4488754098091592,3.8168730905084,1.9224646863947816,-2.442689569234149
12.0,5.0,1037.4150390625,-1.422138472754494,-3.87660959353946,0.8743168122472011,3.412045763229698,-0.5544071531822308,1.780825930295341,0.9479610871552866,1.386010747981013,-1.5390416775542757,-2.7509386086098333
12.0,5.0,1037.5377197265625,-2.7594465457771737,-4.259403323406366,0.9121291087653046,0.437580518500706,-1.048509935873398,1.9114006132510104,1.2278268046796024,0.278559354800084,-1.6704470656359605,0.0844001779661137
12.0,5.0,1037.5377197265625,-2.7594465457771737,-4.259403323406366,0.9121291087653046,0.437580518500706,-1.048509935873398,1.9114006132510104,1.2278268046796024,0.278559354800084,-1.6704470656359605,0.0844001779661137
12.0,5.0,1037.7781982421875,-1.2653363376878248,-4.007424715080759,1.218944607460006,0.4950800441480777,-2.912233762513695,0.4171191201465019,1.4488754098091592,3.8168730905084,-3.2170884589866136,-0.4410753288464271
12.0,5.0,1038.049072265625,0.571934274076983,-4.179215443746852,0.9141514483798954,4.243325557169191,2.798862864831097,4.738217225190594,-4.618417234867128,0.278559354800084,-1.61068304531085,0.1090497631355282
12.0,5.0,1038.4095458984375,-1.422138472754494,-3.001447258527638,0.8745112335943772,1.901911507728817,-0.6848182798201412,1.780825930295341,1.5197553392942005,3.1965780343773056,-1.5390416775542757,-2.7509386086098333
12.0,5.0,1038.4559326171875,-3.1612761480732567,-3.059447880809535,-0.5140657453806429,0.5094717090984879,-2.9075034373514432,4.115690718988492,1.458281046055709,-1.8366944787501591,-0.1290662457822478,-2.7898076794498614
12.0,5.0,1038.8848876953125,-2.787896772284636,-3.9920872355917294,-0.6693479303451665,4.243321150208197,-3.979527192446156,3.078329101028201,-1.1357952567387657,0.5161963170364143,-1.9353756001498672,0.1813272228928819
12.0,5.0,1039.06982421875,-0.0555971498277977,-3.929881597667936,2.774405024227413,1.5055807298760415,2.7518970332496804,0.9977307066844724,-4.971680229807855,3.814419372317804,-4.945446414701433,0.0361020200183643
12.0,5.0,1039.185791015625,-1.422138472754494,-3.873988025541745,3.786218440292716,3.412045763229698,-0.5544071531822308,4.538799187166015,-2.295373300444313,1.408716793846902,-1.5390416775542757,-2.598218819493116
12.0,5.0,1039.48486328125,-3.460140581392233,-4.649526110676419,0.8929052943507364,2.187350966438707,-2.8454806459006896,0.923492958313811,1.2318412432943584,3.2012184819453746,-2.0631898566847373,0.8486146267935855
12.0,5.0,1039.5421142578125,-1.356402231161153,-0.4949519772575065,2.8495436108052368,1.7221479507889874,3.4935696717955538,4.102785218759893,1.4488754098091592,3.632826686384079,1.1088141393769515,2.1971965018646182
12.0,5.0,1039.90234375,-3.3222658858393084,-4.721053097843486,1.0523788342139129,2.187350966438707,1.5464506945495824,0.9204163207177554,1.438634312316642,3.846137669509419,-1.9438046843714831,-3.4408407092296063
12.0,5.0,1040.18408203125,-1.8423913246423125,-4.647959929235667,1.034084470222716,2.1267692260032094,1.5464506945495824,0.9210613344480428,0.9295805391386835,3.2012184819453746,-2.0631898566847373,0.845696640524946
12.0,5.0,1040.4998779296875,-0.1754800739779349,-3.929881597667936,2.8323198990635103,1.5055807298760415,-2.9887487583706287,0.9977307066844724,1.55704571059603,3.814419372317804,-4.945446414701433,-2.6123195334271507
12.0,5.0,1040.55029296875,-3.452742468724514,-4.250135291680836,-0.6804799693156984,1.0655356578249997,-2.7551467302112385,0.9098251502126988,1.5602107778494234,-1.868175679803284,-1.5184434947533765,0.8413382199560124
12.0,5.0,1040.55029296875,-3.452742468724514,-4.250135291680836,-0.6804799693156984,1.0655356578249997,-2.7551467302112385,0.9098251502126988,1.5602107778494234,-1.868175679803284,-1.5184434947533765,0.8413382199560124
12.0,6.0,1017.4290771484376,-2.027776167408612,-3.87660959353946,0.8743168122472011,3.412045763229698,-1.1101576647554194,1.780825930295341,0.0602200813999385,1.386010747981013,-1.5390416775542757,-2.7509386086098333
12.0,6.0,1020.8272094726562,-3.3871700362731376,-4.746361869246274,0.3738885326618274,2.187350966438707,1.5464506945495824,0.9204233200740848,1.2300974475419628,-2.3500997647004613,-1.9438046843714831,0.8486146267935855
12.0,6.0,1020.8909912109376,-3.3871700362731376,-4.746361869246274,0.3760538964978129,2.187350966438707,1.5464506945495824,0.9204233200740848,1.2300974475419628,-2.3500997647004613,-1.9438046843714831,0.8486146267935855
12.0,6.0,1022.2091064453124,-1.8423913246423125,-4.647959929235667,0.4316733244498285,2.1267692260032094,1.817791169321909,0.921068333804372,1.565748838292826,3.246045089116811,-2.0631898566847373,0.845696640524946
12.0,6.0,1022.9415283203124,-3.3871700362731376,-4.746361869246274,1.20388793027132,2.283989122172252,1.5464506945495824,4.2052545607072,1.4435593049612847,3.6726750567167343,-1.930041402309947,0.7840102619084628
12.0,6.0,1023.1279907226562,-3.460140581392233,-4.647959929235667,0.9269708930648702,2.187350966438707,2.7386883768681587,1.7032516648355598,1.5397110497216246,3.334855521317166,-2.0631898566847373,0.8486146267935855
12.0,6.0,1023.1585083007812,-3.3871700362731376,-4.746361869246274,0.4473646764121591,2.187350966438707,1.5464506945495824,0.9204233200740848,1.2300974475419628,-2.3500997647004613,-1.9438046843714831,0.8486146267935855
12.0,6.0,1023.4689331054688,-0.5206448286214593,-1.3216198964709425,1.1924708877178825,0.49667204182133,-2.912233762513695,4.022978669603607,-4.827232973585569,3.888984158131011,-2.653540881495177,-2.716387036519583
12.0,6.0,1024.187744140625,-2.7594465457771737,-2.952012206995453,0.9119580288406036,0.3983349031520271,-1.048509935873398,1.9114006132510104,1.2278268046796024,0.278559354800084,-1.7279437815249756,0.0832962663317267
12.0,6.0,1025.8719482421875,-1.8423913246423125,-4.647959929235667,0.4290703124209624,2.1267692260032094,1.5464506945495824,0.921068333804372,0.9295805391386835,3.2163038530066093,-2.0631898566847373,0.845696640524946
12.0,6.0,1026.047119140625,-3.2663522804118825,-3.0427509224576945,-0.4777866072939461,0.3980751222581969,-2.654342359815142,2.024027502131536,1.5576857386526433,-1.8366944787501591,-1.7281665724047288,-0.0781172731090051
12.0,6.0,1026.8070068359375,-3.460140581392233,-4.647959929235667,-0.4495254170665988,2.5050278288213703,2.7386883768681587,1.7655204774101068,1.5601807738506954,3.334855521317166,-2.078186299987717,0.8486146267935855
12.0,6.0,1026.87353515625,-1.7747895307852992,-4.647959929235667,0.409109009370497,2.1267692260032094,1.5982039137917898,0.8590358907556901,0.9295805391386835,3.2163038530066093,-2.064450722466741,0.845696640524946
12.0,6.0,1027.01953125,-2.5318898616647525,-2.668197722547836,0.9369080300796988,1.894760194546864,1.5450153188810956,1.7889274005254747,0.9215174394985008,4.507024365796617,-2.218811223762065,2.81790941140199
12.0,6.0,1027.6177978515625,0.571934274076983,-3.876530225853561,2.6485933357193696,4.488759587127804,4.39032433833777,4.946107799568151,-4.618417234867128,0.278559354800084,-1.6101161734570009,0.1089055835442762
12.0,6.0,1028.6253662109375,-1.2653363376878248,-1.3216198964709425,1.021460684137686,4.209505034415501,-1.2393557869543428,4.1184089073515855,1.4488754098091592,3.8168730905084,1.7495225636859943,-2.442689569234149
12.0,6.0,1029.075439453125,-3.470503281868897,-3.167304554876865,0.8779520807914947,2.187880140026834,2.9485914522812173,1.7037212334121514,1.5392830859331683,-1.815004541541423,-2.685514989668752,0.8486146267935855
12.0,6.0,1029.1158447265625,-1.2653363376878248,-1.3216198964709425,1.218944607460006,0.49667204182133,-2.912233762513695,4.1154215108555166,1.4488754098091592,3.8168730905084,-2.653540881495177,-2.6334018397533603
12.0,6.0,1029.3524169921875,-1.1263441898743476,-1.3216198964709425,1.1924708877178825,0.49667204182133,-2.912233762513695,4.022978669603607,-4.617300061998945,3.8168730905084,-2.653540881495177,-2.716387036519583
12.0,6.0,1029.387451171875,-3.5058578732135173,-4.668134628227908,0.3467623542331886,0.736309910221683,1.5462408230327032,2.0271432365529747,1.573276354561839,2.943563576745106,-0.7724798888049955,0.8485973568236378
12.0,6.0,1029.387451171875,-3.5058578732135173,-4.668134628227908,0.3467623542331886,0.736309910221683,1.5462408230327032,2.0271432365529747,1.573276354561839,2.943563576745106,-0.7724798888049955,0.8485973568236378
12.0,6.0,1029.78515625,-3.453262363782497,-3.868913127734992,-0.350483845884729,2.5186945549092745,-0.757837657628672,1.0094617240120138,0.9523869406612042,-1.9505891739925068,-2.6784315273940056,-2.94698789072298
12.0,6.0,1030.40673828125,-2.7865592175213925,-4.2608997419273775,0.9414127748132112,3.412045763229698,-1.011681991525852,4.464375203013391,-2.295373300444313,0.3724017898470725,-1.5390416775542757,-2.598218819493116
12.0,6.0,1030.8006591796875,-3.470503281868897,-3.167304554876865,-0.4985442293399735,2.505557002409497,2.7429538262703934,1.7659900459866984,1.559752810062239,-1.815004541541423,-2.7005114329717324,0.8486146267935855
12.0,6.0,1030.8294677734375,-3.3222658858393084,-4.721053097843486,0.4473646764121591,2.187350966438707,1.5464506945495824,0.9204233200740848,1.438634312316642,3.861223040571069,-1.9438046843714831,-3.4408407092296063
12.0,6.0,1031.0604248046875,0.571934274076983,-3.8751629530826177,2.990416770891658,4.488759587127804,4.39032433833777,4.685683732941339,-4.618417234867128,0.2838299292905321,-1.6101161734570009,0.1089055835442762
12.0,6.0,1031.1024169921875,-3.4033149875621644,-1.2211224088961323,1.0297163517174546,4.128380154557053,-1.2943551086323322,3.932883410909639,1.438634312316642,3.8195368606451696,-1.9438046843714831,-3.4408407092296063
12.0,6.0,1031.593994140625,-3.2663522804118825,-4.350140920096852,-0.4776155273692459,0.4373207376068757,-2.654342359815142,2.024027502131536,1.5576857386526433,-1.8366944787501591,-1.6706698565157136,-0.0770133614746182
12.0,6.0,1031.6790771484375,-2.787896772284636,-4.019550411117873,-0.6901616937350474,4.258484827074282,-3.1275140816423983,2.624360639591388,-1.1357952567387657,4.733783283473935,-1.9353756001498672,0.1813272228928819
12.0,6.0,1031.6790771484375,-2.787896772284636,-4.019550411117873,-0.6901616937350474,4.258484827074282,-3.1275140816423983,2.624360639591388,-1.1357952567387657,4.733783283473935,-1.9353756001498672,0.1813272228928819
12.0,6.0,1031.840576171875,-2.787896772284636,-0.3561398555185091,-0.2865670745974941,1.0828731270024714,-3.1275140816423983,2.629033769004608,-4.706593816393493,4.198226208210718,-3.599968088448052,-0.4688216495620707
12.0,6.0,1032.301025390625,0.5043324802610005,-3.876530225853561,3.0103780563267897,4.488759587127804,4.33842901800675,4.937149313708556,-4.618417234867128,0.278559354800084,-1.6088553076749976,0.1089055835442762
12.0,6.0,1032.521484375,-2.787896772284636,-0.3561398555185091,-0.3773171491389768,1.0828731270024714,-3.1780028013839465,2.629033769004608,-4.621028456140316,4.249787380618642,-3.6082610745910326,-0.4688216495620707
12.0,6.0,1032.8651123046875,0.571934274076983,-3.875140038341661,2.9445287166039504,4.491904150965722,4.314397665059233,4.9659919507268135,-4.618417234867128,0.3407257300493657,-1.6101353732085542,0.1089055835442762
12.0,6.0,1033.2086181640625,-3.460140581392233,-4.650455903518725,0.919587154877038,1.4281470793232642,1.5542675474427228,1.9338420016376632,1.569850714152868,3.8792735753846137,-0.7724798888049955,0.8948439340084047
12.0,6.0,1033.2978515625,-3.460140581392233,-4.647959929235667,0.9195544466804336,2.187350966438707,1.5464506945495824,0.9210613344480428,1.2300974475419628,3.2012184819453746,-2.0631898566847373,0.8486146267935855
12.0,6.0,1033.963623046875,0.571934274076983,-3.876530225853561,2.990416770891658,4.488759587127804,4.39032433833777,4.946107799568151,-4.618417234867128,0.278559354800084,-1.6101161734570009,0.1089055835442762
12.0,6.0,1033.963623046875,0.571934274076983,-3.876530225853561,2.990416770891658,4.488759587127804,4.39032433833777,4.946107799568151,-4.618417234867128,0.278559354800084,-1.6101161734570009,0.1089055835442762
12.0,6.0,1033.97900390625,-3.276885628588792,-4.721053097843486,0.4473646764121591,4.401898541342737,1.4882221765738777,4.876367192008773,1.4776994952180376,3.861223040571069,-2.3850124352232456,-3.4408407092296063
12.0,6.0,1034.03271484375,0.571934274076983,-3.828263238226641,0.9600395016491944,4.240180993331243,3.213613950744057,4.718176743067295,-4.618417234867128,0.2780958783227159,-1.6106638455592968,0.1090497631355282
12.0,6.0,1034.0634765625,-2.5318898616647525,-3.1688223216504365,0.939511042108565,1.894760194546864,1.4126992974645745,1.7889274005254747,1.5576857386526433,3.2446313058792846,-2.218811223762065,2.81790941140199
12.0,6.0,1034.1783447265625,0.571934274076983,-4.179215443746852,0.9141514483798954,4.243325557169191,2.798862864831097,4.738217225190594,-4.618417234867128,0.3402622535719977,-1.61068304531085,0.1090497631355282
12.0,6.0,1034.302001953125,-2.7594465457771737,-4.259403323406366,0.9336423770841762,1.152824166887708,-1.048509935873398,4.466879789036563,1.2278268046796024,0.278559354800084,-0.0713467390131442,3.089739625918676
12.0,6.0,1034.457275390625,-3.460140581392233,-4.647959929235667,0.9269708930648702,2.187350966438707,2.7386883768681587,0.91367105187079,1.5397110497216246,3.334855521317166,-2.0631898566847373,0.8486146267935855
12.0,6.0,1035.1790771484375,0.6606246409547814,-3.876530225853561,2.6485933357193696,4.057035807568759,4.39032433833777,4.169937550702433,-4.648492851171831,-0.2696742728915531,-1.6101161734570009,0.1089055835442762
12.0,6.0,1035.331787109375,-3.470503281868897,-3.167304554876865,-0.3544510882602304,2.505557002409497,1.550716143951561,0.9837997155991816,1.2501392078825773,-1.948692838105076,-2.7005114329717324,0.8486146267935855
12.0,6.0,1035.33349609375,-3.2663522804118825,-0.4745665650624784,-0.4562733389750733,1.1133187706451988,-2.654342359815142,4.579986870906901,1.561060628831646,3.775310470050729,-0.1290662457822478,2.927222461657865
12.0,6.0,1035.48876953125,0.571934274076983,-4.179215443746852,1.5885750240134788,4.243325557169191,2.826094023222879,4.738217225190594,-4.744405342284834,0.3402622535719977,-1.61068304531085,-0.4281664647051761
12.0,6.0,1035.582275390625,-3.0784862338089827,-3.0427509224576945,-0.6758957437812969,0.6848646501231885,-2.654342359815142,1.98537097397786,-2.6058484265423445,-1.8366944787501591,-1.9414149702097607,-0.0731474290069458
12.0,6.0,1035.6304931640625,0.526556871472915,-3.876530225853561,2.990416770891658,2.2741192001844857,4.448124258766711,0.9413560278567455,-4.637716539230743,0.278559354800084,-1.634752624452981,0.1089055835442762
12.0,7.0,1017.4290771484376,-2.027776167408612,-3.87660959353946,0.8743168122472011,3.412045763229698,-1.1101576647554194,1.780825930295341,0.0602200813999385,1.386010747981013,-1.5390416775542757,-2.7509386086098333
12.0,7.0,1020.8272094726562,-3.3871700362731376,-4.746361869246274,0.3738885326618274,2.187350966438707,1.5464506945495824,0.9204233200740848,1.2300974475419628,-2.3500997647004613,-1.9438046843714831,0.8486146267935855
12.0,7.0,1020.8909912109376,-3.3871700362731376,-4.746361869246274,0.3760538964978129,2.187350966438707,1.5464506945495824,0.9204233200740848,1.2300974475419628,-2.3500997647004613,-1.9438046843714831,0.8486146267935855
12.0,7.0,1022.2091064453124,-1.8423913246423125,-4.647959929235667,0.4316733244498285,2.1267692260032094,1.817791169321909,0.921068333804372,1.565748838292826,3.246045089116811,-2.0631898566847373,0.845696640524946
12.0,7.0,1022.9415283203124,-3.3871700362731376,-4.746361869246274,1.20388793027132,2.283989122172252,1.5464506945495824,4.2052545607072,1.4435593049612847,3.6726750567167343,-1.930041402309947,0.7840102619084628
12.0,7.0,1022.9728393554688,-2.514471183464637,-3.2951579970546536,0.9328572941681608,2.169624068135484,2.5736009431859306,1.775239396641519,1.2300974475419628,2.9845055154786864,-1.9403291976216623,0.8486146267935855
12.0,7.0,1023.1279907226562,-3.460140581392233,-4.647959929235667,0.9269708930648702,2.187350966438707,2.7386883768681587,1.7032516648355598,1.5397110497216246,3.334855521317166,-2.0631898566847373,0.8486146267935855
12.0,7.0,1023.1585083007812,-3.3871700362731376,-4.746361869246274,0.4473646764121591,2.187350966438707,1.5464506945495824,0.9204233200740848,1.2300974475419628,-2.3500997647004613,-1.9438046843714831,0.8486146267935855
12.0,7.0,1023.2141723632812,-2.787896772284636,-2.6745464819101983,-0.2865670745974941,1.0828731270024714,-3.146727623762569,2.629033769004608,-4.706593816393493,4.198226208210718,-3.599968088448052,-0.4688216495620707
12.0,7.0,1023.4689331054688,-0.5206448286214593,-1.3216198964709425,1.1924708877178825,0.49667204182133,-2.912233762513695,4.022978669603607,-4.827232973585569,3.888984158131011,-2.653540881495177,-2.716387036519583
12.0,7.0,1024.187744140625,-2.7594465457771737,-2.952012206995453,0.9119580288406036,0.3983349031520271,-1.048509935873398,1.9114006132510104,1.2278268046796024,0.278559354800084,-1.7279437815249756,0.0832962663317267
12.0,7.0,1024.69580078125,-1.8423913246423125,-4.647959929235667,-0.4403165178064799,1.7177276840494076,1.837196229102645,0.921068333804372,1.5599773032515063,3.246045089116811,-2.0631898566847373,0.845696640524946
12.0,7.0,1025.8719482421875,-1.8423913246423125,-4.647959929235667,0.4290703124209624,2.1267692260032094,1.5464506945495824,0.921068333804372,0.9295805391386835,3.2163038530066093,-2.0631898566847373,0.845696640524946
12.0,7.0,1026.047119140625,-3.2663522804118825,-3.0427509224576945,-0.4777866072939461,0.3980751222581969,-2.654342359815142,2.024027502131536,1.5576857386526433,-1.8366944787501591,-1.7281665724047288,-0.0781172731090051
12.0,7.0,1026.0687255859375,-2.027776167408612,-3.862171057422989,-0.3951683872852172,3.412045763229698,-2.609972308792595,1.7698858073950894,0.0602200813999385,1.386010747981013,-1.7304926793722868,-2.7509386086098333
12.0,7.0,1026.517822265625,-3.4718019610621,-4.746361869246274,0.8650507559608865,2.276981212411421,1.5464506945495824,4.188533350905126,1.4334342670541245,3.5730724313184874,-2.7341498429944684,0.7840102619084628
12.0,7.0,1026.5321044921875,-2.027776167408612,-3.8698092057087634,0.8743168122472011,3.415153777492925,-0.7592011195640664,1.780825930295341,0.0602200813999385,0.9468211877668362,-1.550651343751014,-2.753495723267648
12.0,7.0,1026.8070068359375,-3.460140581392233,-4.647959929235667,-0.4495254170665988,2.5050278288213703,2.7386883768681587,1.7655204774101068,1.5601807738506954,3.334855521317166,-2.078186299987717,0.8486146267935855
12.0,7.0,1026.87353515625,-1.7747895307852992,-4.647959929235667,0.409109009370497,2.1267692260032094,1.5982039137917898,0.8590358907556901,0.9295805391386835,3.2163038530066093,-2.064450722466741,0.845696640524946
12.0,7.0,1026.880615234375,-3.3871700362731376,-4.746361869246274,0.4473646764121591,2.187350966438707,1.5464506945495824,0.9204233200740848,1.445082005622094,-2.3500997647004613,-1.9438046843714831,0.8486146267935855
12.0,7.0,1026.9923095703125,-1.7747895307852992,-4.648692261550144,0.5169890950317042,2.185788242159508,1.5955144442423823,0.8590358907556901,1.178115865688211,3.6644585283713207,-1.9473133031699703,0.8486609332200581
12.0,7.0,1027.01953125,-2.5318898616647525,-2.668197722547836,0.9369080300796988,1.894760194546864,1.5450153188810956,1.7889274005254747,0.9215174394985008,4.507024365796617,-2.218811223762065,2.81790941140199
12.0,7.0,1027.372314453125,-2.7865592175213925,-4.2608997419273775,0.9414127748132112,2.2828499511891778,-0.9459912836401038,4.464375203013391,-2.322098999149671,0.454181816406878,-1.9217345926449485,-2.558441812570445
12.0,7.0,1027.6177978515625,0.571934274076983,-3.876530225853561,2.6485933357193696,4.488759587127804,4.39032433833777,4.946107799568151,-4.618417234867128,0.278559354800084,-1.6101161734570009,0.1089055835442762
12.0,7.0,1027.9903564453125,-3.453262363782497,-3.875713515565688,-0.350483845884729,2.515586540645543,-1.108794202820025,1.0094617240120138,0.9523869406612042,-1.9505891739925068,-2.6668218611971777,-2.9444307760651656
12.0,7.0,1028.6253662109375,-1.2653363376878248,-1.3216198964709425,1.021460684137686,4.209505034415501,-1.2393557869543428,4.1184089073515855,1.4488754098091592,3.8168730905084,1.7495225636859943,-2.442689569234149
12.0,7.0,1029.00048828125,-3.460140581392233,-4.6955558562574256,0.9166540051898554,1.4281470793232642,1.242280183553666,1.9338420016376632,1.569850714152868,3.8792735753846137,-2.790583943227361,-2.608476999248511
12.0,7.0,1029.075439453125,-3.470503281868897,-3.167304554876865,0.8779520807914947,2.187880140026834,2.9485914522812173,1.7037212334121514,1.5392830859331683,-1.815004541541423,-2.685514989668752,0.8486146267935855
12.0,7.0,1029.1158447265625,-1.2653363376878248,-1.3216198964709425,1.218944607460006,0.49667204182133,-2.912233762513695,4.1154215108555166,1.4488754098091592,3.8168730905084,-2.653540881495177,-2.6334018397533603
12.0,7.0,1029.1756591796875,-3.3871700362731376,-4.746361869246274,0.4473646764121591,2.143507915376854,1.5464537494420796,2.051644163759775,1.637966104898154,-2.3500997647004613,-0.7886829593830285,0.848613455251546
12.0,7.0,1029.2322998046875,-2.562410609466726,-2.668197722547836,0.9369080300796988,1.907112360829765,1.5464735202898,1.7889274005254747,0.9214114754707088,3.3322279418894585,-2.219281228784169,0.8643718332483091
12.0,7.0,1029.3524169921875,-1.1263441898743476,-1.3216198964709425,1.1924708877178825,0.49667204182133,-2.912233762513695,4.022978669603607,-4.617300061998945,3.8168730905084,-2.653540881495177,-2.716387036519583
12.0,7.0,1029.387451171875,-3.5058578732135173,-4.668134628227908,0.3467623542331886,0.736309910221683,1.5462408230327032,2.0271432365529747,1.573276354561839,2.943563576745106,-0.7724798888049955,0.8485973568236378
12.0,7.0,1029.387451171875,-3.5058578732135173,-4.668134628227908,0.3467623542331886,0.736309910221683,1.5462408230327032,2.0271432365529747,1.573276354561839,2.943563576745106,-0.7724798888049955,0.8485973568236378
12.0,7.0,1029.78515625,-3.453262363782497,-3.868913127734992,-0.350483845884729,2.5186945549092745,-0.757837657628672,1.0094617240120138,0.9523869406612042,-1.9505891739925068,-2.6784315273940056,-2.94698789072298
12.0,7.0,1030.40673828125,-2.7865592175213925,-4.2608997419273775,0.9414127748132112,3.412045763229698,-1.011681991525852,4.464375203013391,-2.295373300444313,0.3724017898470725,-1.5390416775542757,-2.598218819493116
12.0,7.0,1030.4202880859375,-3.3222658858393084,-4.640112926336516,0.4229339844813089,2.2305567339575485,1.5464506945495824,0.9204233200740848,1.4396533154455449,3.861223040571069,-1.9438046843714831,-3.4408407092296063
12.0,7.0,1030.7659912109375,-3.3871700362731376,-4.016354307171607,0.3820449492325502,2.187350966438707,1.6278305736185064,0.8448925623315159,1.2313080831391647,-1.1526658549742304,-1.943647406420432,0.8486146267935855
12.0,7.0,1030.8006591796875,-3.470503281868897,-3.167304554876865,-0.4985442293399735,2.505557002409497,2.7429538262703934,1.7659900459866984,1.559752810062239,-1.815004541541423,-2.7005114329717324,0.8486146267935855
12.0,7.0,1030.8294677734375,-3.3222658858393084,-4.721053097843486,0.4473646764121591,2.187350966438707,1.5464506945495824,0.9204233200740848,1.438634312316642,3.861223040571069,-1.9438046843714831,-3.4408407092296063
12.0,7.0,1031.0604248046875,0.571934274076983,-3.8751629530826177,2.990416770891658,4.488759587127804,4.39032433833777,4.685683732941339,-4.618417234867128,0.2838299292905321,-1.6101161734570009,0.1089055835442762
12.0,7.0,1031.1024169921875,-3.4033149875621644,-1.2211224088961323,1.0297163517174546,4.128380154557053,-1.2943551086323322,3.932883410909639,1.438634312316642,3.8195368606451696,-1.9438046843714831,-3.4408407092296063
12.0,7.0,1031.1512451171875,-3.460140581392233,-4.647959929235667,0.9269708930648702,2.187350966438707,2.7386883768681587,1.709064374135923,1.5397110497216246,3.334855521317166,-0.8149701170082613,1.181992292277528
12.0,7.0,1031.281982421875,-1.2653363376878248,-1.3980055190441645,1.2433752993908564,0.4534662742961697,-2.912233762513695,4.1154215108555166,1.4478564066802566,3.8168730905084,-2.653540881495177,-2.6334018397533603
12.0,7.0,1031.58642578125,-3.460140581392233,-4.658439791483731,-0.4445150156113262,2.5050278288213703,2.7386883768681587,1.7655204774101068,-4.555751864590532,3.334855521317166,-2.0888764883182787,0.8486146267935855
12.0,7.0,1031.593994140625,-3.2663522804118825,-4.350140920096852,-0.4776155273692459,0.4373207376068757,-2.654342359815142,2.024027502131536,1.5576857386526433,-1.8366944787501591,-1.6706698565157136,-0.0770133614746182
12.0,7.0,1031.6790771484375,-2.787896772284636,-4.019550411117873,-0.6901616937350474,4.258484827074282,-3.1275140816423983,2.624360639591388,-1.1357952567387657,4.733783283473935,-1.9353756001498672,0.1813272228928819
12.0,7.0,1031.6790771484375,-2.787896772284636,-4.019550411117873,-0.6901616937350474,4.258484827074282,-3.1275140816423983,2.624360639591388,-1.1357952567387657,4.733783283473935,-1.9353756001498672,0.1813272228928819
12.0,7.0,1031.840576171875,-2.787896772284636,-0.3561398555185091,-0.2865670745974941,1.0828731270024714,-3.1275140816423983,2.629033769004608,-4.706593816393493,4.198226208210718,-3.599968088448052,-0.4688216495620707
12.0,7.0,1032.301025390625,0.5043324802610005,-3.876530225853561,3.0103780563267897,4.488759587127804,4.33842901800675,4.937149313708556,-4.618417234867128,0.278559354800084,-1.6088553076749976,0.1089055835442762
12.0,8.0,1014.506591796875,-2.013598946992013,-3.8698022709176194,0.8743168122472011,3.415153777492925,-0.5313152230542475,1.780825930295341,0.0602200813999385,1.4326385906775818,-1.550651343751014,-2.753495723267648
12.0,8.0,1017.4290771484376,-2.027776167408612,-3.87660959353946,0.8743168122472011,3.412045763229698,-1.1101576647554194,1.780825930295341,0.0602200813999385,1.386010747981013,-1.5390416775542757,-2.7509386086098333
12.0,8.0,1019.1887817382812,-3.45915801205161,-4.657575397738555,-0.4445150156113262,2.5050278288213703,2.763121319483291,1.7655204774101068,1.0126611356984612,3.33898696560074,-2.0888764883182787,0.8486146267935855
12.0,8.0,1020.8272094726562,-3.3871700362731376,-4.746361869246274,0.3738885326618274,2.187350966438707,1.5464506945495824,0.9204233200740848,1.2300974475419628,-2.3500997647004613,-1.9438046843714831,0.8486146267935855
12.0,8.0,1020.8909912109376,-3.3871700362731376,-4.746361869246274,0.3760538964978129,2.187350966438707,1.5464506945495824,0.9204233200740848,1.2300974475419628,-2.3500997647004613,-1.9438046843714831,0.8486146267935855
12.0,8.0,1020.8909912109376,-3.3871700362731376,-4.746361869246274,0.3760538964978129,2.187350966438707,1.5464506945495824,0.9204233200740848,1.2300974475419628,-2.3500997647004613,-1.9438046843714831,0.8486146267935855
12.0,8.0,1021.2483520507812,-3.460140581392233,-4.647959929235667,0.9270866832635098,2.187350966438707,2.7386883768681587,1.7032516648355598,1.2174585116060073,2.98317673670404,-2.0631898566847373,0.8486146267935855
12.0,8.0,1021.2626342773438,-2.7520915641272694,-3.747235797019039,0.9119580288406036,3.464178285988801,-1.112390375110257,1.7797017558473374,1.2278268046796024,1.343266133235732,-1.7279437815249756,-2.7574201444588367
12.0,8.0,1022.2091064453124,-1.8423913246423125,-4.647959929235667,0.4316733244498285,2.1267692260032094,1.817791169321909,0.921068333804372,1.565748838292826,3.246045089116811,-2.0631898566847373,0.845696640524946
12.0,8.0,1022.9415283203124,-3.3871700362731376,-4.746361869246274,1.20388793027132,2.283989122172252,1.5464506945495824,4.2052545607072,1.4435593049612847,3.6726750567167343,-1.930041402309947,0.7840102619084628
12.0,8.0,1022.9728393554688,-2.514471183464637,-3.2951579970546536,0.9328572941681608,2.169624068135484,2.5736009431859306,1.775239396641519,1.2300974475419628,2.9845055154786864,-1.9403291976216623,0.8486146267935855
12.0,8.0,1023.1279907226562,-3.460140581392233,-4.647959929235667,0.9269708930648702,2.187350966438707,2.7386883768681587,1.7032516648355598,1.5397110497216246,3.334855521317166,-2.0631898566847373,0.8486146267935855
12.0,8.0,1023.1585083007812,-3.3871700362731376,-4.746361869246274,0.4473646764121591,2.187350966438707,1.5464506945495824,0.9204233200740848,1.2300974475419628,-2.3500997647004613,-1.9438046843714831,0.8486146267935855
12.0,8.0,1023.2141723632812,-2.787896772284636,-2.6745464819101983,-0.2865670745974941,1.0828731270024714,-3.146727623762569,2.629033769004608,-4.706593816393493,4.198226208210718,-3.599968088448052,-0.4688216495620707
12.0,8.0,1023.3051147460938,-1.8423913246423125,-4.647959929235667,0.431734920648352,2.1267692260032094,1.833538459572364,0.921068333804372,1.5661258293456666,3.2163038530066093,-2.0631898566847373,0.845696640524946
12.0,8.0,1023.4689331054688,-0.5206448286214593,-1.3216198964709425,1.1924708877178825,0.49667204182133,-2.912233762513695,4.022978669603607,-4.827232973585569,3.888984158131011,-2.653540881495177,-2.716387036519583
12.0,8.0,1024.187744140625,-2.7594465457771737,-2.952012206995453,0.9119580288406036,0.3983349031520271,-1.048509935873398,1.9114006132510104,1.2278268046796024,0.278559354800084,-1.7279437815249756,0.0832962663317267
12.0,8.0,1024.69580078125,-1.8423913246423125,-4.647959929235667,-0.4403165178064799,1.7177276840494076,1.837196229102645,0.921068333804372,1.5599773032515063,3.246045089116811,-2.0631898566847373,0.845696640524946
12.0,8.0,1024.69580078125,-1.8423913246423125,-4.647959929235667,-0.4403165178064799,1.7177276840494076,1.837196229102645,0.921068333804372,1.5599773032515063,3.246045089116811,-2.0631898566847373,0.845696640524946
12.0,8.0,1025.060791015625,-1.7747895307852992,-4.689060995159574,0.402252924907145,2.1653517489373444,-1.117260954709698,0.8458694646022078,0.9295805391386835,1.197005328160076,-4.94083776098678,-2.723776271219818
12.0,8.0,1025.1395263671875,-3.3871700362731376,-4.746361869246274,0.2013175204072387,1.7118381440153825,1.5464506945495824,0.9204233200740848,1.2300974475419628,-2.267391194978746,-2.066278493595992,0.8458781840557705
12.0,8.0,1025.8719482421875,-1.8423913246423125,-4.647959929235667,0.4290703124209624,2.1267692260032094,1.5464506945495824,0.921068333804372,0.9295805391386835,3.2163038530066093,-2.0631898566847373,0.845696640524946
12.0,8.0,1025.995849609375,-3.3871700362731376,-4.746361869246274,1.22718618270256,2.283989122172252,1.5464506945495824,3.950903282349128,1.4435593049612847,4.245877047891501,-1.8544614054044533,0.7840102619084628
12.0,8.0,1026.047119140625,-3.2663522804118825,-3.0427509224576945,-0.4777866072939461,0.3980751222581969,-2.654342359815142,2.024027502131536,1.5576857386526433,-1.8366944787501591,-1.7281665724047288,-0.0781172731090051
12.0,8.0,1026.0687255859375,-2.027776167408612,-3.862171057422989,-0.3951683872852172,3.412045763229698,-2.609972308792595,1.7698858073950894,0.0602200813999385,1.386010747981013,-1.7304926793722868,-2.7509386086098333
12.0,8.0,1026.140380859375,-2.0513787068196043,-3.862171057422989,-0.3951683872852172,2.196316500671052,-2.609972308792595,1.575809464612473,0.0602200813999385,1.386010747981013,-1.7304926793722868,-2.7509386086098333
12.0,8.0,1026.517822265625,-3.4718019610621,-4.746361869246274,0.8650507559608865,2.276981212411421,1.5464506945495824,4.188533350905126,1.4334342670541245,3.5730724313184874,-2.7341498429944684,0.7840102619084628
12.0,8.0,1026.5321044921875,-2.027776167408612,-3.8698092057087634,0.8743168122472011,3.415153777492925,-0.7592011195640664,1.780825930295341,0.0602200813999385,0.9468211877668362,-1.550651343751014,-2.753495723267648
12.0,8.0,1026.774658203125,-3.3871700362731376,-4.746361869246274,0.4240664239809193,2.187350966438707,1.5464506945495824,1.1746960658588572,1.2300974475419628,-2.460589959683104,-1.9443141080814577,0.8486146267935855
12.0,8.0,1026.8070068359375,-3.460140581392233,-4.647959929235667,-0.4495254170665988,2.5050278288213703,2.7386883768681587,1.7655204774101068,1.5601807738506954,3.334855521317166,-2.078186299987717,0.8486146267935855
12.0,8.0,1026.87353515625,-1.7747895307852992,-4.647959929235667,0.409109009370497,2.1267692260032094,1.5982039137917898,0.8590358907556901,0.9295805391386835,3.2163038530066093,-2.064450722466741,0.845696640524946
12.0,8.0,1026.880615234375,-3.3871700362731376,-4.746361869246274,0.4473646764121591,2.187350966438707,1.5464506945495824,0.9204233200740848,1.445082005622094,-2.3500997647004613,-1.9438046843714831,0.8486146267935855
12.0,8.0,1026.9923095703125,-1.7747895307852992,-4.648692261550144,0.5169890950317042,2.185788242159508,1.5955144442423823,0.8590358907556901,1.178115865688211,3.6644585283713207,-1.9473133031699703,0.8486609332200581
12.0,8.0,1027.01953125,-2.5318898616647525,-2.668197722547836,0.9369080300796988,1.894760194546864,1.5450153188810956,1.7889274005254747,0.9215174394985008,4.507024365796617,-2.218811223762065,2.81790941140199
12.0,8.0,1027.372314453125,-2.7865592175213925,-4.2608997419273775,0.9414127748132112,2.2828499511891778,-0.9459912836401038,4.464375203013391,-2.322098999149671,0.454181816406878,-1.9217345926449485,-2.558441812570445
12.0,8.0,1027.6177978515625,0.571934274076983,-3.876530225853561,2.6485933357193696,4.488759587127804,4.39032433833777,4.946107799568151,-4.618417234867128,0.278559354800084,-1.6101161734570009,0.1089055835442762
12.0,8.0,1027.9903564453125,-3.453262363782497,-3.875713515565688,-0.350483845884729,2.515586540645543,-1.108794202820025,1.0094617240120138,0.9523869406612042,-1.9505891739925068,-2.6668218611971777,-2.9444307760651656
12.0,8.0,1028.1773681640625,-2.856553857019407,-2.6745464819101983,0.971233645455545,1.0828731270024714,-3.146727623762569,2.629033769004608,-2.6456931141048075,4.124750756091706,-3.599968088448052,-0.4688216495620707
12.0,8.0,1028.497802734375,-2.789318072896509,-4.64869489648996,-0.6901616937350474,2.187985653343987,-3.1275140816423983,2.624360639591388,-1.0318262120294408,4.733783283473935,-1.9353756001498672,0.1962866917862475
12.0,8.0,1028.6253662109375,-1.2653363376878248,-1.3216198964709425,1.021460684137686,4.209505034415501,-1.2393557869543428,4.1184089073515855,1.4488754098091592,3.8168730905084,1.7495225636859943,-2.442689569234149
12.0,8.0,1028.8585205078125,-1.8423913246423125,-4.647959929235667,-0.4403165178064799,2.1932405064727325,1.837196229102645,0.921068333804372,1.5599773032515063,3.163303256344715,-1.9407160474602287,0.8484330832627609
12.0,8.0,1028.968994140625,-2.027776167408612,-3.862171057422989,-0.3951683872852172,2.4862766452917,2.9618175863368146,1.7698858073950894,-0.3342409981392646,3.335644525393783,-1.7304926793722868,-2.7509386086098333
12.0,8.0,1029.00048828125,-3.460140581392233,-4.6955558562574256,0.9166540051898554,1.4281470793232642,1.242280183553666,1.9338420016376632,1.569850714152868,3.8792735753846137,-2.790583943227361,-2.608476999248511
12.0,8.0,1029.075439453125,-3.470503281868897,-3.167304554876865,0.8779520807914947,2.187880140026834,2.9485914522812173,1.7037212334121514,1.5392830859331683,-1.815004541541423,-2.685514989668752,0.8486146267935855
12.0,8.0,1029.1158447265625,-1.2653363376878248,-1.3216198964709425,1.218944607460006,0.49667204182133,-2.912233762513695,4.1154215108555166,1.4488754098091592,3.8168730905084,-2.653540881495177,-2.6334018397533603
12.0,8.0,1029.1756591796875,-3.3871700362731376,-4.746361869246274,0.4473646764121591,2.143507915376854,1.5464537494420796,2.051644163759775,1.637966104898154,-2.3500997647004613,-0.7886829593830285,0.848613455251546
12.0,8.0,1029.2322998046875,-2.562410609466726,-2.668197722547836,0.9369080300796988,1.907112360829765,1.5464735202898,1.7889274005254747,0.9214114754707088,3.3322279418894585,-2.219281228784169,0.8643718332483091
12.0,8.0,1029.237548828125,-3.708677184322629,-4.744656067415692,0.4345440729763855,2.283989122172252,1.5464506945495824,4.2052545607072,1.4388665893535726,3.6726750567167343,-1.9435687175248093,0.7840102619084628
12.0,8.0,1029.3524169921875,-1.1263441898743476,-1.3216198964709425,1.1924708877178825,0.49667204182133,-2.912233762513695,4.022978669603607,-4.617300061998945,3.8168730905084,-2.653540881495177,-2.716387036519583
12.0,8.0,1029.387451171875,-3.5058578732135173,-4.668134628227908,0.3467623542331886,0.736309910221683,1.5462408230327032,2.0271432365529747,1.573276354561839,2.943563576745106,-0.7724798888049955,0.8485973568236378
12.0,9.0,1014.506591796875,-2.013598946992013,-3.8698022709176194,0.8743168122472011,3.415153777492925,-0.5313152230542475,1.780825930295341,0.0602200813999385,1.4326385906775818,-1.550651343751014,-2.753495723267648
12.0,9.0,1017.4290771484376,-2.027776167408612,-3.87660959353946,0.8743168122472011,3.412045763229698,-1.1101576647554194,1.780825930295341,0.0602200813999385,1.386010747981013,-1.5390416775542757,-2.7509386086098333
12.0,9.0,1018.232177734375,-2.013598946992013,-3.8698022709176194,0.8743168122472011,3.34812659003664,-0.5313152230542475,1.7460474760464393,0.0602200813999385,1.4326385906775818,-1.5663751789596896,-2.753495723267648
12.0,9.0,1018.74365234375,-2.027776167408612,-3.87664502919026,-0.3966865873323376,2.4862766452917,2.969571591445684,1.7698858073950894,-0.3342409981392646,3.335696112084479,-1.730183088827614,-0.1668978077188272
12.0,9.0,1019.1887817382812,-3.45915801205161,-4.657575397738555,-0.4445150156113262,2.5050278288213703,2.763121319483291,1.7655204774101068,1.0126611356984612,3.33898696560074,-2.0888764883182787,0.8486146267935855
12.0,9.0,1020.2447509765624,-3.3871700362731376,-4.659198545456079,0.4473646764121591,2.510672117629724,1.5464506945495824,0.9215957084529424,1.2259283110365642,-2.3500997647004613,-1.9436250204538923,0.8486146267935855
12.0,9.0,1020.8272094726562,-3.3871700362731376,-4.746361869246274,0.3738885326618274,2.187350966438707,1.5464506945495824,0.9204233200740848,1.2300974475419628,-2.3500997647004613,-1.9438046843714831,0.8486146267935855
12.0,9.0,1020.8909912109376,-3.3871700362731376,-4.746361869246274,0.3760538964978129,2.187350966438707,1.5464506945495824,0.9204233200740848,1.2300974475419628,-2.3500997647004613,-1.9438046843714831,0.8486146267935855
12.0,9.0,1020.8909912109376,-3.3871700362731376,-4.746361869246274,0.3760538964978129,2.187350966438707,1.5464506945495824,0.9204233200740848,1.2300974475419628,-2.3500997647004613,-1.9438046843714831,0.8486146267935855
12.0,9.0,1021.2483520507812,-3.460140581392233,-4.647959929235667,0.9270866832635098,2.187350966438707,2.7386883768681587,1.7032516648355598,1.2174585116060073,2.98317673670404,-2.0631898566847373,0.8486146267935855
12.0,9.0,1021.2626342773438,-2.7520915641272694,-3.747235797019039,0.9119580288406036,3.464178285988801,-1.112390375110257,1.7797017558473374,1.2278268046796024,1.343266133235732,-1.7279437815249756,-2.7574201444588367
12.0,9.0,1021.946533203125,-3.3856252714253343,-4.762731661986715,0.3418882142137353,2.187350966438707,1.8446066472640648,0.9210585586955352,1.217460025333729,-2.3500997647004613,-1.9426068188056709,0.8486146267935855
12.0,9.0,1022.2091064453124,-1.8423913246423125,-4.647959929235667,0.4316733244498285,2.1267692260032094,1.817791169321909,0.921068333804372,1.565748838292826,3.246045089116811,-2.0631898566847373,0.845696640524946
12.0,9.0,1022.9415283203124,-3.3871700362731376,-4.746361869246274,1.20388793027132,2.283989122172252,1.5464506945495824,4.2052545607072,1.4435593049612847,3.6726750567167343,-1.930041402309947,0.7840102619084628
12.0,9.0,1022.9728393554688,-2.514471183464637,-3.2951579970546536,0.9328572941681608,2.169624068135484,2.5736009431859306,1.775239396641519,1.2300974475419628,2.9845055154786864,-1.9403291976216623,0.8486146267935855
12.0,9.0,1023.0175170898438,-3.6114434103327486,-3.800872788510056,-0.4445150156113262,2.5050278288213703,1.7876524036914874,1.7655204774101068,1.0126611356984612,2.998759002904776,-2.0888764883182787,0.8486146267935855
12.0,9.0,1023.1279907226562,-3.460140581392233,-4.647959929235667,0.9269708930648702,2.187350966438707,2.7386883768681587,1.7032516648355598,1.5397110497216246,3.334855521317166,-2.0631898566847373,0.8486146267935855
12.0,9.0,1023.1279907226562,-3.460140581392233,-4.647959929235667,0.9269708930648702,2.187350966438707,2.7386883768681587,1.7032516648355598,1.5397110497216246,3.334855521317166,-2.0631898566847373,0.8486146267935855
12.0,9.0,1023.1585083007812,-3.3871700362731376,-4.746361869246274,0.4473646764121591,2.187350966438707,1.5464506945495824,0.9204233200740848,1.2300974475419628,-2.3500997647004613,-1.9438046843714831,0.8486146267935855
12.0,9.0,1023.2141723632812,-2.787896772284636,-2.6745464819101983,-0.2865670745974941,1.0828731270024714,-3.146727623762569,2.629033769004608,-4.706593816393493,4.198226208210718,-3.599968088448052,-0.4688216495620707
12.0,9.0,1023.3051147460938,-1.8423913246423125,-4.647959929235667,0.431734920648352,2.1267692260032094,1.833538459572364,0.921068333804372,1.5661258293456666,3.2163038530066093,-2.0631898566847373,0.845696640524946
12.0,9.0,1023.4689331054688,-0.5206448286214593,-1.3216198964709425,1.1924708877178825,0.49667204182133,-2.912233762513695,4.022978669603607,-4.827232973585569,3.888984158131011,-2.653540881495177,-2.716387036519583
12.0,9.0,1023.8071899414062,-1.8432994941419607,-3.886022469083013,0.8743168122472011,3.414659045337466,-1.1101576647554194,1.7715506497142557,0.95599760570455,3.247307238462105,-1.5390416775542757,-2.7509386086098333
12.0,9.0,1023.8323974609376,-1.8355776197262028,-3.8698092057087634,0.8743168122472011,3.415153777492925,-0.4923361174198158,1.780825930295341,0.0602200813999385,0.9468211877668362,-2.0599259180897658,-2.753495723267648
12.0,9.0,1024.0211181640625,-2.7520915641272694,-3.747235797019039,0.9119580288406036,2.5959713122502124,-1.086033320241555,1.7797017558473374,1.4524244738879095,3.1801561487029266,-1.7416586342635854,-2.7574201444588367
12.0,9.0,1024.187744140625,-2.7594465457771737,-2.952012206995453,0.9119580288406036,0.3983349031520271,-1.048509935873398,1.9114006132510104,1.2278268046796024,0.278559354800084,-1.7279437815249756,0.0832962663317267
12.0,9.0,1024.2520751953125,-1.8423913246423125,-4.647959929235667,0.5150376763499058,2.1267692260032094,1.8148535871612408,0.921068333804372,1.565748838292826,3.246045089116811,-2.061346170287184,0.845696640524946
12.0,9.0,1024.4642333984375,-1.9114070040798448,-4.638546687532325,-0.8805918824807648,2.1241559438439186,1.5464506945495824,0.9303436143854577,0.033803014834072,1.3550073603501551,-2.0631898566847373,0.845696640524946
12.0,9.0,1024.69580078125,-1.8423913246423125,-4.647959929235667,-0.4403165178064799,1.7177276840494076,1.837196229102645,0.921068333804372,1.5599773032515063,3.246045089116811,-2.0631898566847373,0.845696640524946
12.0,9.0,1024.69580078125,-1.8423913246423125,-4.647959929235667,-0.4403165178064799,1.7177276840494076,1.837196229102645,0.921068333804372,1.5599773032515063,3.246045089116811,-2.0631898566847373,0.845696640524946
12.0,9.0,1024.69580078125,-1.8423913246423125,-4.647959929235667,-0.4403165178064799,1.7177276840494076,1.837196229102645,0.921068333804372,1.5599773032515063,3.246045089116811,-2.0631898566847373,0.845696640524946
12.0,9.0,1024.8099365234375,-3.3871700362731376,-4.927762301203757,-0.0742056365444627,2.283989122172252,1.546443245304341,4.2052545607072,1.4435593049612847,4.512473269715268,-1.930041402309947,2.197622810514388
12.0,9.0,1025.060791015625,-1.7747895307852992,-4.689060995159574,0.402252924907145,2.1653517489373444,-1.117260954709698,0.8458694646022078,0.9295805391386835,1.197005328160076,-4.94083776098678,-2.723776271219818
12.0,9.0,1025.1395263671875,-3.3871700362731376,-4.746361869246274,0.2013175204072387,1.7118381440153825,1.5464506945495824,0.9204233200740848,1.2300974475419628,-2.267391194978746,-2.066278493595992,0.8458781840557705
12.0,9.0,1025.8719482421875,-1.8423913246423125,-4.647959929235667,0.4290703124209624,2.1267692260032094,1.5464506945495824,0.921068333804372,0.9295805391386835,3.2163038530066093,-2.0631898566847373,0.845696640524946
12.0,9.0,1025.995849609375,-3.3871700362731376,-4.746361869246274,1.22718618270256,2.283989122172252,1.5464506945495824,3.950903282349128,1.4435593049612847,4.245877047891501,-1.8544614054044533,0.7840102619084628
12.0,9.0,1026.047119140625,-3.2663522804118825,-3.0427509224576945,-0.4777866072939461,0.3980751222581969,-2.654342359815142,2.024027502131536,1.5576857386526433,-1.8366944787501591,-1.7281665724047288,-0.0781172731090051
12.0,9.0,1026.047119140625,-3.2663522804118825,-3.0427509224576945,-0.4777866072939461,0.3980751222581969,-2.654342359815142,2.024027502131536,1.5576857386526433,-1.8366944787501591,-1.7281665724047288,-0.0781172731090051
12.0,9.0,1026.0687255859375,-2.027776167408612,-3.862171057422989,-0.3951683872852172,3.412045763229698,-2.609972308792595,1.7698858073950894,0.0602200813999385,1.386010747981013,-1.7304926793722868,-2.7509386086098333
12.0,9.0,1026.140380859375,-2.0513787068196043,-3.862171057422989,-0.3951683872852172,2.196316500671052,-2.609972308792595,1.575809464612473,0.0602200813999385,1.386010747981013,-1.7304926793722868,-2.7509386086098333
12.0,9.0,1026.39892578125,-3.4592270971288555,-4.747050737923374,0.9269708930648702,1.6812182611300457,2.7386883768681587,1.7032516648355598,1.1580239658820828,3.334855521317166,-1.801627793454652,0.8460706691431509
12.0,9.0,1026.517822265625,-3.4718019610621,-4.746361869246274,0.8650507559608865,2.276981212411421,1.5464506945495824,4.188533350905126,1.4334342670541245,3.5730724313184874,-2.7341498429944684,0.7840102619084628
12.0,9.0,1026.5321044921875,-2.027776167408612,-3.8698092057087634,0.8743168122472011,3.415153777492925,-0.7592011195640664,1.780825930295341,0.0602200813999385,0.9468211877668362,-1.550651343751014,-2.753495723267648
12.0,9.0,1026.774658203125,-3.3871700362731376,-4.746361869246274,0.4240664239809193,2.187350966438707,1.5464506945495824,1.1746960658588572,1.2300974475419628,-2.460589959683104,-1.9443141080814577,0.8486146267935855
12.0,9.0,1026.8070068359375,-3.460140581392233,-4.647959929235667,-0.4495254170665988,2.5050278288213703,2.7386883768681587,1.7655204774101068,1.5601807738506954,3.334855521317166,-2.078186299987717,0.8486146267935855
12.0,9.0,1026.87353515625,-1.7747895307852992,-4.647959929235667,0.409109009370497,2.1267692260032094,1.5982039137917898,0.8590358907556901,0.9295805391386835,3.2163038530066093,-2.064450722466741,0.845696640524946
12.0,9.0,1026.880615234375,-3.3871700362731376,-4.746361869246274,0.4473646764121591,2.187350966438707,1.5464506945495824,0.9204233200740848,1.445082005622094,-2.3500997647004613,-1.9438046843714831,0.8486146267935855
12.0,9.0,1026.9725341796875,-3.45886756285609,-3.849802220991783,-0.350483845884729,2.515586540645543,-1.2038084924312176,0.9353113540771496,0.9523869406612042,-1.9505891739925068,-2.6664729533432805,-2.802802399480665
12.0,9.0,1026.9923095703125,-1.7747895307852992,-4.648692261550144,0.5169890950317042,2.185788242159508,1.5955144442423823,0.8590358907556901,1.178115865688211,3.6644585283713207,-1.9473133031699703,0.8486609332200581
12.0,9.0,1027.01953125,-2.5318898616647525,-2.668197722547836,0.9369080300796988,1.894760194546864,1.5450153188810956,1.7889274005254747,0.9215174394985008,4.507024365796617,-2.218811223762065,2.81790941140199
12.0,10.0,1014.506591796875,-2.013598946992013,-3.8698022709176194,0.8743168122472011,3.415153777492925,-0.5313152230542475,1.780825930295341,0.0602200813999385,1.4326385906775818,-1.550651343751014,-2.753495723267648
12.0,10.0,1016.3753662109376,-2.013598946992013,-3.8698022709176194,0.574204934796898,3.415153777492925,-0.4973253575159148,1.780825930295341,-0.0414273708458425,2.4912794039913795,-1.550651343751014,-2.7451065949195392
12.0,10.0,1016.9359130859376,-2.4778456354702034,-3.8698092057087634,0.3989370243652863,3.415153777492925,-0.4435895513278253,1.780825930295341,0.0515749230815733,0.9468211877668362,-2.0599259180897658,-2.7364093618138225
12.0,10.0,1017.4290771484376,-2.027776167408612,-3.87660959353946,0.8743168122472011,3.412045763229698,-1.1101576647554194,1.780825930295341,0.0602200813999385,1.386010747981013,-1.5390416775542757,-2.7509386086098333
12.0,10.0,1018.232177734375,-2.013598946992013,-3.8698022709176194,0.8743168122472011,3.34812659003664,-0.5313152230542475,1.7460474760464393,0.0602200813999385,1.4326385906775818,-1.5663751789596896,-2.753495723267648
12.0,10.0,1018.74365234375,-2.027776167408612,-3.87664502919026,-0.3966865873323376,2.4862766452917,2.969571591445684,1.7698858073950894,-0.3342409981392646,3.335696112084479,-1.730183088827614,-0.1668978077188272
12.0,10.0,1019.1887817382812,-3.45915801205161,-4.657575397738555,-0.4445150156113262,2.5050278288213703,2.763121319483291,1.7655204774101068,1.0126611356984612,3.33898696560074,-2.0888764883182787,0.8486146267935855
12.0,10.0,1019.442138671875,-3.3882583182409984,-3.916721063578895,-0.3923134957203749,2.278141968467174,1.546443245304341,1.7708185481644112,1.4435593049612847,3.3107442023568754,-1.930041402309947,-0.4697788160026452
12.0,10.0,1019.4766235351562,-3.45915801205161,-4.657695884618309,-0.4445150156113262,2.5050278288213703,2.805876665948676,1.7838882864815395,1.0126611356984612,3.33898696560074,-2.0863909745935114,0.8486146267935855
12.0,10.0,1020.2447509765624,-3.3871700362731376,-4.659198545456079,0.4473646764121591,2.510672117629724,1.5464506945495824,0.9215957084529424,1.2259283110365642,-2.3500997647004613,-1.9436250204538923,0.8486146267935855
12.0,10.0,1020.5034790039062,-3.6114434103327486,-3.792553885636866,-0.4445150156113262,2.5050278288213703,1.7586817922265752,1.771646526353976,1.0126611356984612,3.2553222603283807,-2.0888764883182787,0.8486146267935855
12.0,10.0,1020.8272094726562,-3.3871700362731376,-4.746361869246274,0.3738885326618274,2.187350966438707,1.5464506945495824,0.9204233200740848,1.2300974475419628,-2.3500997647004613,-1.9438046843714831,0.8486146267935855
12.0,10.0,1020.8909912109376,-3.3871700362731376,-4.746361869246274,0.3760538964978129,2.187350966438707,1.5464506945495824,0.9204233200740848,1.2300974475419628,-2.3500997647004613,-1.9438046843714831,0.8486146267935855
12.0,10.0,1020.8909912109376,-3.3871700362731376,-4.746361869246274,0.3760538964978129,2.187350966438707,1.5464506945495824,0.9204233200740848,1.2300974475419628,-2.3500997647004613,-1.9438046843714831,0.8486146267935855
12.0,10.0,1021.0675048828124,-3.3513430987228423,-4.746361869246274,0.3760538964978129,2.187350966438707,1.5464506945495824,0.9209242837025206,1.2300974475419628,-2.3500997647004613,-1.9464819386030727,0.845717739151612
12.0,10.0,1021.1383056640624,-3.163614935318493,-4.647959929235667,-0.3968955511030764,2.5160867293504,2.7707144286961385,1.7032516648355598,1.5469443166878825,2.99864601949916,-2.0151804872437995,0.8486146267935855
12.0,10.0,1021.2483520507812,-3.460140581392233,-4.647959929235667,0.9270866832635098,2.187350966438707,2.7386883768681587,1.7032516648355598,1.2174585116060073,2.98317673670404,-2.0631898566847373,0.8486146267935855
12.0,10.0,1021.2626342773438,-2.7520915641272694,-3.747235797019039,0.9119580288406036,3.464178285988801,-1.112390375110257,1.7797017558473374,1.2278268046796024,1.343266133235732,-1.7279437815249756,-2.7574201444588367
12.0,10.0,1021.2626342773438,-2.7520915641272694,-3.747235797019039,0.9119580288406036,3.464178285988801,-1.112390375110257,1.7797017558473374,1.2278268046796024,1.343266133235732,-1.7279437815249756,-2.7574201444588367
12.0,10.0,1021.464599609375,-3.460140581392233,-4.647959929235667,0.3872819313450591,2.562038315358105,2.7386883768681587,0.879558279109539,1.216786673518597,2.98317673670404,-2.0631898566847373,1.0160988820196968
12.0,10.0,1021.946533203125,-3.3856252714253343,-4.762731661986715,0.3418882142137353,2.187350966438707,1.8446066472640648,0.9210585586955352,1.217460025333729,-2.3500997647004613,-1.9426068188056709,0.8486146267935855
12.0,10.0,1022.2091064453124,-1.8423913246423125,-4.647959929235667,0.4316733244498285,2.1267692260032094,1.817791169321909,0.921068333804372,1.565748838292826,3.246045089116811,-2.0631898566847373,0.845696640524946
12.0,10.0,1022.5914306640624,-1.8432994941419607,-3.8943413719562026,0.8743168122472011,3.414659045337466,-1.081187053589138,1.7654246007703862,1.273557829314332,2.9907439810385004,-1.5390416775542757,-2.7509386086098333
12.0,10.0,1022.9415283203124,-3.3871700362731376,-4.746361869246274,1.20388793027132,2.283989122172252,1.5464506945495824,4.2052545607072,1.4435593049612847,3.6726750567167343,-1.930041402309947,0.7840102619084628
12.0,10.0,1022.9728393554688,-2.514471183464637,-3.2951579970546536,0.9328572941681608,2.169624068135484,2.5736009431859306,1.775239396641519,1.2300974475419628,2.9845055154786864,-1.9403291976216623,0.8486146267935855
12.0,10.0,1023.0175170898438,-3.6114434103327486,-3.800872788510056,-0.4445150156113262,2.5050278288213703,1.7876524036914874,1.7655204774101068,1.0126611356984612,2.998759002904776,-2.0888764883182787,0.8486146267935855
12.0,10.0,1023.1279907226562,-3.460140581392233,-4.647959929235667,0.9269708930648702,2.187350966438707,2.7386883768681587,1.7032516648355598,1.5397110497216246,3.334855521317166,-2.0631898566847373,0.8486146267935855
12.0,10.0,1023.1279907226562,-3.460140581392233,-4.647959929235667,0.9269708930648702,2.187350966438707,2.7386883768681587,1.7032516648355598,1.5397110497216246,3.334855521317166,-2.0631898566847373,0.8486146267935855
12.0,10.0,1023.1585083007812,-3.3871700362731376,-4.746361869246274,0.4473646764121591,2.187350966438707,1.5464506945495824,0.9204233200740848,1.2300974475419628,-2.3500997647004613,-1.9438046843714831,0.8486146267935855
12.0,10.0,1023.2141723632812,-2.787896772284636,-2.6745464819101983,-0.2865670745974941,1.0828731270024714,-3.146727623762569,2.629033769004608,-4.706593816393493,4.198226208210718,-3.599968088448052,-0.4688216495620707
12.0,10.0,1023.2893676757812,-1.840237306245112,-4.647959929235667,-0.4403165178064799,1.7177276840494076,1.8453240261485504,0.921068333804372,1.5599773032515063,3.246045089116811,-2.0646586266964544,0.8192661634732025
12.0,10.0,1023.3051147460938,-1.8423913246423125,-4.647959929235667,0.431734920648352,2.1267692260032094,1.833538459572364,0.921068333804372,1.5661258293456666,3.2163038530066093,-2.0631898566847373,0.845696640524946
12.0,10.0,1023.4689331054688,-0.5206448286214593,-1.3216198964709425,1.1924708877178825,0.49667204182133,-2.912233762513695,4.022978669603607,-4.827232973585569,3.888984158131011,-2.653540881495177,-2.716387036519583
12.0,10.0,1023.8071899414062,-1.8432994941419607,-3.886022469083013,0.8743168122472011,3.414659045337466,-1.1101576647554194,1.7715506497142557,0.95599760570455,3.247307238462105,-1.5390416775542757,-2.7509386086098333
12.0,10.0,1023.8323974609376,-1.8355776197262028,-3.8698092057087634,0.8743168122472011,3.415153777492925,-0.4923361174198158,1.780825930295341,0.0602200813999385,0.9468211877668362,-2.0599259180897658,-2.753495723267648
12.0,10.0,1023.854736328125,-1.8432994941419607,-2.669649394471568,0.8743168122472011,3.5316917879074303,-1.1286802317327451,1.7715506497142557,0.95599760570455,4.1576138473329065,-1.5390416775542757,-2.929801506229367
12.0,10.0,1023.896728515625,-3.4321639171028315,-4.751128303677128,-0.3987791390813302,1.7177276840494076,1.837196229102645,0.921068333804372,1.5599773032515063,3.246045089116811,-2.7421933611659,0.783966158031137
12.0,10.0,1024.0211181640625,-2.7520915641272694,-3.747235797019039,0.9119580288406036,2.5959713122502124,-1.086033320241555,1.7797017558473374,1.4524244738879095,3.1801561487029266,-1.7416586342635854,-2.7574201444588367
12.0,10.0,1024.187744140625,-2.7594465457771737,-2.952012206995453,0.9119580288406036,0.3983349031520271,-1.048509935873398,1.9114006132510104,1.2278268046796024,0.278559354800084,-1.7279437815249756,0.0832962663317267
12.0,10.0,1024.1903076171875,-1.8423913246423125,-4.647959929235667,0.4475119678026624,2.187985336275964,1.817791169321909,0.921068333804372,1.565748838292826,3.220903665294782,-1.9517692442044976,0.845684473523791
12.0,10.0,1024.2520751953125,-1.8423913246423125,-4.647959929235667,0.5150376763499058,2.1267692260032094,1.8148535871612408,0.921068333804372,1.565748838292826,3.246045089116811,-2.061346170287184,0.845696640524946
12.0,10.0,1024.4642333984375,-1.9114070040798448,-4.638546687532325,-0.8805918824807648,2.1241559438439186,1.5464506945495824,0.9303436143854577,0.033803014834072,1.3550073603501551,-2.0631898566847373,0.845696640524946
12.0,10.0,1024.509521484375,-3.383902481127388,-4.746361869246274,0.4533994541049983,2.492795706663567,1.5464506945495824,0.9204233200740848,1.2295678073971337,2.91477887877246,-1.8342629576796576,0.8486146267935855
12.0,10.0,1024.69580078125,-1.8423913246423125,-4.647959929235667,-0.4403165178064799,1.7177276840494076,1.837196229102645,0.921068333804372,1.5599773032515063,3.246045089116811,-2.0631898566847373,0.845696640524946
12.0,10.0,1024.69580078125,-1.8423913246423125,-4.647959929235667,-0.4403165178064799,1.7177276840494076,1.837196229102645,0.921068333804372,1.5599773032515063,3.246045089116811,-2.0631898566847373,0.845696640524946
12.0,10.0,1024.69580078125,-1.8423913246423125,-4.647959929235667,-0.4403165178064799,1.7177276840494076,1.837196229102645,0.921068333804372,1.5599773032515063,3.246045089116811,-2.0631898566847373,0.845696640524946
12.0,10.0,1024.8099365234375,-3.3871700362731376,-4.927762301203757,-0.0742056365444627,2.283989122172252,1.546443245304341,4.2052545607072,1.4435593049612847,4.512473269715268,-1.930041402309947,2.197622810514388
12.0,10.0,1025.060791015625,-1.7747895307852992,-4.689060995159574,0.402252924907145,2.1653517489373444,-1.117260954709698,0.8458694646022078,0.9295805391386835,1.197005328160076,-4.94083776098678,-2.723776271219818
12.0,10.0,1025.1395263671875,-3.3871700362731376,-4.746361869246274,0.2013175204072387,1.7118381440153825,1.5464506945495824,0.9204233200740848,1.2300974475419628,-2.267391194978746,-2.066278493595992,0.8458781840557705
12.0,10.0,1025.460693359375,-1.947233941435238,-4.556770084105649,-0.8805918824807648,2.1241559438439186,1.5464506945495824,0.9298426507570218,0.033803014834072,1.3550073603501551,-2.060512602453148,0.8485935281669195
12.0,11.0,1014.506591796875,-2.013598946992013,-3.8698022709176194,0.8743168122472011,3.415153777492925,-0.5313152230542475,1.780825930295341,0.0602200813999385,1.4326385906775818,-1.550651343751014,-2.753495723267648
12.0,11.0,1016.3753662109376,-2.013598946992013,-3.8698022709176194,0.574204934796898,3.415153777492925,-0.4973253575159148,1.780825930295341,-0.0414273708458425,2.4912794039913795,-1.550651343751014,-2.7451065949195392
12.0,11.0,1016.868896484375,-3.749996590059445,-3.8698022709176194,-0.4356777927972216,2.4962382729575348,-0.563282043895594,1.1904718316311236,0.0602200813999385,1.456013122727929,-1.550651343751014,-2.102922699703932
12.0,11.0,1016.9359130859376,-2.4778456354702034,-3.8698092057087634,0.3989370243652863,3.415153777492925,-0.4435895513278253,1.780825930295341,0.0515749230815733,0.9468211877668362,-2.0599259180897658,-2.7364093618138225
12.0,11.0,1017.4290771484376,-2.027776167408612,-3.87660959353946,0.8743168122472011,3.412045763229698,-1.1101576647554194,1.780825930295341,0.0602200813999385,1.386010747981013,-1.5390416775542757,-2.7509386086098333
12.0,11.0,1017.5144653320312,-2.5138612443350703,-3.8698092057087634,-0.3108081672232328,3.415153777492925,-0.4489291440601721,1.780825930295341,0.0377037663675668,0.9577601372074838,-2.0599259180897658,-2.7364093618138225
12.0,11.0,1018.232177734375,-2.013598946992013,-3.8698022709176194,0.8743168122472011,3.34812659003664,-0.5313152230542475,1.7460474760464393,0.0602200813999385,1.4326385906775818,-1.5663751789596896,-2.753495723267648
12.0,11.0,1018.74365234375,-2.027776167408612,-3.87664502919026,-0.3966865873323376,2.4862766452917,2.969571591445684,1.7698858073950894,-0.3342409981392646,3.335696112084479,-1.730183088827614,-0.1668978077188272
12.0,11.0,1019.1887817382812,-3.45915801205161,-4.657575397738555,-0.4445150156113262,2.5050278288213703,2.763121319483291,1.7655204774101068,1.0126611356984612,3.33898696560074,-2.0888764883182787,0.8486146267935855
12.0,11.0,1019.442138671875,-3.3882583182409984,-3.916721063578895,-0.3923134957203749,2.278141968467174,1.546443245304341,1.7708185481644112,1.4435593049612847,3.3107442023568754,-1.930041402309947,-0.4697788160026452
12.0,11.0,1019.4766235351562,-3.45915801205161,-4.657695884618309,-0.4445150156113262,2.5050278288213703,2.805876665948676,1.7838882864815395,1.0126611356984612,3.33898696560074,-2.0863909745935114,0.8486146267935855
12.0,11.0,1019.4766235351562,-3.45915801205161,-4.657695884618309,-0.4445150156113262,2.5050278288213703,2.805876665948676,1.7838882864815395,1.0126611356984612,3.33898696560074,-2.0863909745935114,0.8486146267935855
12.0,11.0,1019.518310546875,-3.4296379948461,-4.746361869246274,0.3760538964978129,2.187350966438707,1.5464506945495824,0.9209242837025206,1.2300974475419628,-2.3500997647004613,-1.9464819386030727,0.845717739151612
12.0,11.0,1019.717041015625,-3.163614935318493,-4.647959929235667,-0.3968955511030764,2.5160867293504,2.7707144286961385,1.703569701771747,-0.1269198119038109,3.029688434113984,-2.047873876563656,0.8486146267935855
12.0,11.0,1019.9226684570312,-3.4321639171028315,-4.751128303677128,-0.6646365123934708,1.7177276840494076,1.837196229102645,0.921068333804372,1.5599773032515063,3.246045089116811,-2.7421933611659,0.783966158031137
12.0,11.0,1020.2447509765624,-3.3871700362731376,-4.659198545456079,0.4473646764121591,2.510672117629724,1.5464506945495824,0.9215957084529424,1.2259283110365642,-2.3500997647004613,-1.9436250204538923,0.8486146267935855
12.0,11.0,1020.5034790039062,-3.6114434103327486,-3.792553885636866,-0.4445150156113262,2.5050278288213703,1.7586817922265752,1.771646526353976,1.0126611356984612,3.2553222603283807,-2.0888764883182787,0.8486146267935855
12.0,11.0,1020.6702270507812,-2.021951276183652,-3.7617160298064256,0.5710197100298366,3.415153777492925,-0.420131553532292,1.780825930295341,-0.0414273708458425,2.4912794039913795,-1.550651343751014,-2.7125728078699853
12.0,11.0,1020.8209838867188,-1.8423913246423125,-4.647959929235667,-0.4403165178064799,1.7177276840494076,1.7874169475218162,0.921068333804372,1.5599773032515063,3.002211532151437,-2.087762162985603,0.6936064874267047
12.0,11.0,1020.8272094726562,-3.3871700362731376,-4.746361869246274,0.3738885326618274,2.187350966438707,1.5464506945495824,0.9204233200740848,1.2300974475419628,-2.3500997647004613,-1.9438046843714831,0.8486146267935855
12.0,11.0,1020.8909912109376,-3.3871700362731376,-4.746361869246274,0.3760538964978129,2.187350966438707,1.5464506945495824,0.9204233200740848,1.2300974475419628,-2.3500997647004613,-1.9438046843714831,0.8486146267935855
12.0,11.0,1020.8909912109376,-3.3871700362731376,-4.746361869246274,0.3760538964978129,2.187350966438707,1.5464506945495824,0.9204233200740848,1.2300974475419628,-2.3500997647004613,-1.9438046843714831,0.8486146267935855
12.0,11.0,1021.0675048828124,-3.3513430987228423,-4.746361869246274,0.3760538964978129,2.187350966438707,1.5464506945495824,0.9209242837025206,1.2300974475419628,-2.3500997647004613,-1.9464819386030727,0.845717739151612
12.0,11.0,1021.1383056640624,-3.163614935318493,-4.647959929235667,-0.3968955511030764,2.5160867293504,2.7707144286961385,1.7032516648355598,1.5469443166878825,2.99864601949916,-2.0151804872437995,0.8486146267935855
12.0,11.0,1021.2483520507812,-3.460140581392233,-4.647959929235667,0.9270866832635098,2.187350966438707,2.7386883768681587,1.7032516648355598,1.2174585116060073,2.98317673670404,-2.0631898566847373,0.8486146267935855
12.0,11.0,1021.2626342773438,-2.7520915641272694,-3.747235797019039,0.9119580288406036,3.464178285988801,-1.112390375110257,1.7797017558473374,1.2278268046796024,1.343266133235732,-1.7279437815249756,-2.7574201444588367
12.0,11.0,1021.2626342773438,-2.7520915641272694,-3.747235797019039,0.9119580288406036,3.464178285988801,-1.112390375110257,1.7797017558473374,1.2278268046796024,1.343266133235732,-1.7279437815249756,-2.7574201444588367
12.0,11.0,1021.464599609375,-3.460140581392233,-4.647959929235667,0.3872819313450591,2.562038315358105,2.7386883768681587,0.879558279109539,1.216786673518597,2.98317673670404,-2.0631898566847373,1.0160988820196968
12.0,11.0,1021.464599609375,-3.460140581392233,-4.647959929235667,0.3872819313450591,2.562038315358105,2.7386883768681587,0.879558279109539,1.216786673518597,2.98317673670404,-2.0631898566847373,1.0160988820196968
12.0,11.0,1021.5193481445312,-3.460140581392233,-4.647959929235667,0.9194267921518834,2.187350966438707,2.7386883768681587,1.7032516648355598,1.5311323057514443,3.334855521317166,-1.9491014138760865,0.8486146267935855
12.0,11.0,1021.946533203125,-3.3856252714253343,-4.762731661986715,0.3418882142137353,2.187350966438707,1.8446066472640648,0.9210585586955352,1.217460025333729,-2.3500997647004613,-1.9426068188056709,0.8486146267935855
12.0,11.0,1021.946533203125,-3.3856252714253343,-4.762731661986715,0.3418882142137353,2.187350966438707,1.8446066472640648,0.9210585586955352,1.217460025333729,-2.3500997647004613,-1.9426068188056709,0.8486146267935855
12.0,11.0,1022.2091064453124,-1.8423913246423125,-4.647959929235667,0.4316733244498285,2.1267692260032094,1.817791169321909,0.921068333804372,1.565748838292826,3.246045089116811,-2.0631898566847373,0.845696640524946
12.0,11.0,1022.553955078125,-2.027776167408612,-3.642108449775665,-0.3966865873323376,2.6545912035661536,1.5634787148392688,1.7698858073950894,-0.3342409981392646,3.335696112084479,-1.730183088827614,-0.1668978077188272
12.0,11.0,1022.5896606445312,-3.6114434103327486,-3.792553885636866,0.4420323004097865,2.5050278288213703,1.8198333208797297,1.7731318120826562,1.0126611356984612,3.256648462762884,-2.0888764883182787,0.8486290016372013
12.0,11.0,1022.5914306640624,-1.8432994941419607,-3.8943413719562026,0.8743168122472011,3.414659045337466,-1.081187053589138,1.7654246007703862,1.273557829314332,2.9907439810385004,-1.5390416775542757,-2.7509386086098333
12.0,11.0,1022.9415283203124,-3.3871700362731376,-4.746361869246274,1.20388793027132,2.283989122172252,1.5464506945495824,4.2052545607072,1.4435593049612847,3.6726750567167343,-1.930041402309947,0.7840102619084628
12.0,11.0,1022.9728393554688,-2.514471183464637,-3.2951579970546536,0.9328572941681608,2.169624068135484,2.5736009431859306,1.775239396641519,1.2300974475419628,2.9845055154786864,-1.9403291976216623,0.8486146267935855
12.0,11.0,1023.0175170898438,-3.6114434103327486,-3.800872788510056,-0.4445150156113262,2.5050278288213703,1.7876524036914874,1.7655204774101068,1.0126611356984612,2.998759002904776,-2.0888764883182787,0.8486146267935855
12.0,11.0,1023.1279907226562,-3.460140581392233,-4.647959929235667,0.9269708930648702,2.187350966438707,2.7386883768681587,1.7032516648355598,1.5397110497216246,3.334855521317166,-2.0631898566847373,0.8486146267935855
12.0,11.0,1023.1279907226562,-3.460140581392233,-4.647959929235667,0.9269708930648702,2.187350966438707,2.7386883768681587,1.7032516648355598,1.5397110497216246,3.334855521317166,-2.0631898566847373,0.8486146267935855
12.0,11.0,1023.1585083007812,-3.3871700362731376,-4.746361869246274,0.4473646764121591,2.187350966438707,1.5464506945495824,0.9204233200740848,1.2300974475419628,-2.3500997647004613,-1.9438046843714831,0.8486146267935855
12.0,11.0,1023.2141723632812,-2.787896772284636,-2.6745464819101983,-0.2865670745974941,1.0828731270024714,-3.146727623762569,2.629033769004608,-4.706593816393493,4.198226208210718,-3.599968088448052,-0.4688216495620707
12.0,11.0,1023.2893676757812,-1.840237306245112,-4.647959929235667,-0.4403165178064799,1.7177276840494076,1.8453240261485504,0.921068333804372,1.5599773032515063,3.246045089116811,-2.0646586266964544,0.8192661634732025
12.0,11.0,1023.3051147460938,-1.8423913246423125,-4.647959929235667,0.431734920648352,2.1267692260032094,1.833538459572364,0.921068333804372,1.5661258293456666,3.2163038530066093,-2.0631898566847373,0.845696640524946
12.0,11.0,1023.4689331054688,-0.5206448286214593,-1.3216198964709425,1.1924708877178825,0.49667204182133,-2.912233762513695,4.022978669603607,-4.827232973585569,3.888984158131011,-2.653540881495177,-2.716387036519583
12.0,11.0,1023.7202758789062,-3.6114434103327486,-3.800872788510056,-0.4445150156113262,2.5050278288213703,1.837431685272316,1.7655204774101068,1.0126611356984612,3.24259255987015,-2.9175563620351106,0.8486102949806518
12.0,11.0,1023.8071899414062,-1.8432994941419607,-3.886022469083013,0.8743168122472011,3.414659045337466,-1.1101576647554194,1.7715506497142557,0.95599760570455,3.247307238462105,-1.5390416775542757,-2.7509386086098333
12.0,11.0,1023.8323974609376,-1.8355776197262028,-3.8698092057087634,0.8743168122472011,3.415153777492925,-0.4923361174198158,1.780825930295341,0.0602200813999385,0.9468211877668362,-2.0599259180897658,-2.753495723267648
12.0,11.0,1023.854736328125,-1.8432994941419607,-2.669649394471568,0.8743168122472011,3.5316917879074303,-1.1286802317327451,1.7715506497142557,0.95599760570455,4.1576138473329065,-1.5390416775542757,-2.929801506229367
12.0,12.0,1009.8073120117188,-3.45915801205161,-4.657695884618309,-0.4445150156113262,2.551268185285325,2.805876665948676,1.472668883847717,0.3939911166012544,0.9355191857649894,-2.0863909745935114,0.8486146267935855
12.0,12.0,1014.506591796875,-2.013598946992013,-3.8698022709176194,0.8743168122472011,3.415153777492925,-0.5313152230542475,1.780825930295341,0.0602200813999385,1.4326385906775818,-1.550651343751014,-2.753495723267648
12.0,12.0,1014.506591796875,-2.013598946992013,-3.8698022709176194,0.8743168122472011,3.415153777492925,-0.5313152230542475,1.780825930295341,0.0602200813999385,1.4326385906775818,-1.550651343751014,-2.753495723267648
12.0,12.0,1016.3421630859376,-2.013598946992013,-3.8698022709176194,0.8743168122472011,3.415153777492925,-0.5313152230542475,1.780825930295341,-0.0397173082134321,1.4326385906775818,-1.550651343751014,-2.745325088546009
12.0,12.0,1016.3753662109376,-2.013598946992013,-3.8698022709176194,0.574204934796898,3.415153777492925,-0.4973253575159148,1.780825930295341,-0.0414273708458425,2.4912794039913795,-1.550651343751014,-2.7451065949195392
12.0,12.0,1016.4075317382812,-2.7975370455881574,-3.8768327399838713,-0.3966865873323376,2.4862766452917,-0.5131984947216623,1.7698858073950894,-0.3342409981392646,3.1481347090681937,-1.730183088827614,-0.1668978077188272
12.0,12.0,1016.7979125976562,-2.0023699332355296,-3.7617160298064256,0.5710197100298366,3.415153777492925,-0.420131553532292,1.780825930295341,0.1585609165246857,2.4912794039913795,-1.550651343751014,-2.7125728078699853
12.0,12.0,1016.868896484375,-3.749996590059445,-3.8698022709176194,-0.4356777927972216,2.4962382729575348,-0.563282043895594,1.1904718316311236,0.0602200813999385,1.456013122727929,-1.550651343751014,-2.102922699703932
12.0,12.0,1016.9359130859376,-2.4778456354702034,-3.8698092057087634,0.3989370243652863,3.415153777492925,-0.4435895513278253,1.780825930295341,0.0515749230815733,0.9468211877668362,-2.0599259180897658,-2.7364093618138225
12.0,12.0,1017.3789672851562,-3.163614935318493,-4.647959929235667,-0.3968955511030764,3.4499243410380185,2.772596809022668,1.7580017438709794,1.5469443166878825,2.99864601949916,-1.947482054497761,0.8486146267935855
12.0,12.0,1017.4290771484376,-2.027776167408612,-3.87660959353946,0.8743168122472011,3.412045763229698,-1.1101576647554194,1.780825930295341,0.0602200813999385,1.386010747981013,-1.5390416775542757,-2.7509386086098333
12.0,12.0,1017.5144653320312,-2.5138612443350703,-3.8698092057087634,-0.3108081672232328,3.415153777492925,-0.4489291440601721,1.780825930295341,0.0377037663675668,0.9577601372074838,-2.0599259180897658,-2.7364093618138225
12.0,12.0,1017.558837890625,-2.496607263843976,-3.8698092057087634,-0.3108081672232328,3.415153777492925,-0.4489291440601721,1.780825930295341,0.0377037663675668,0.9577601372074838,-2.0599259180897658,-2.7364093618138225
12.0,12.0,1018.232177734375,-2.013598946992013,-3.8698022709176194,0.8743168122472011,3.34812659003664,-0.5313152230542475,1.7460474760464393,0.0602200813999385,1.4326385906775818,-1.5663751789596896,-2.753495723267648
12.0,12.0,1018.74365234375,-2.027776167408612,-3.87664502919026,-0.3966865873323376,2.4862766452917,2.969571591445684,1.7698858073950894,-0.3342409981392646,3.335696112084479,-1.730183088827614,-0.1668978077188272
12.0,12.0,1019.1887817382812,-3.45915801205161,-4.657575397738555,-0.4445150156113262,2.5050278288213703,2.763121319483291,1.7655204774101068,1.0126611356984612,3.33898696560074,-2.0888764883182787,0.8486146267935855
12.0,12.0,1019.442138671875,-3.3882583182409984,-3.916721063578895,-0.3923134957203749,2.278141968467174,1.546443245304341,1.7708185481644112,1.4435593049612847,3.3107442023568754,-1.930041402309947,-0.4697788160026452
12.0,12.0,1019.4766235351562,-3.45915801205161,-4.657695884618309,-0.4445150156113262,2.5050278288213703,2.805876665948676,1.7838882864815395,1.0126611356984612,3.33898696560074,-2.0863909745935114,0.8486146267935855
12.0,12.0,1019.4766235351562,-3.45915801205161,-4.657695884618309,-0.4445150156113262,2.5050278288213703,2.805876665948676,1.7838882864815395,1.0126611356984612,3.33898696560074,-2.0863909745935114,0.8486146267935855
12.0,12.0,1019.518310546875,-3.4296379948461,-4.746361869246274,0.3760538964978129,2.187350966438707,1.5464506945495824,0.9209242837025206,1.2300974475419628,-2.3500997647004613,-1.9464819386030727,0.845717739151612
12.0,12.0,1019.6183471679688,-3.6114434103327486,-3.776254081959277,-0.3521301877938487,1.7237907068935645,1.8198333208797297,1.7535205402368186,1.53917699250523,3.010331722409222,-2.088917167075222,-0.0710536318555975
12.0,12.0,1019.717041015625,-3.163614935318493,-4.647959929235667,-0.3968955511030764,2.5160867293504,2.7707144286961385,1.703569701771747,-0.1269198119038109,3.029688434113984,-2.047873876563656,0.8486146267935855
12.0,12.0,1019.9226684570312,-3.4321639171028315,-4.751128303677128,-0.6646365123934708,1.7177276840494076,1.837196229102645,0.921068333804372,1.5599773032515063,3.246045089116811,-2.7421933611659,0.783966158031137
12.0,12.0,1020.0430908203124,-3.224054259269169,-3.87664502919026,-0.3968920664404322,2.4862766452917,2.772515745921575,1.7029172400506956,-0.3342409981392646,3.335696112084479,-2.077099505196674,-0.1668978077188272
12.0,12.0,1020.2447509765624,-3.3871700362731376,-4.659198545456079,0.4473646764121591,2.510672117629724,1.5464506945495824,0.9215957084529424,1.2259283110365642,-2.3500997647004613,-1.9436250204538923,0.8486146267935855
12.0,12.0,1020.5034790039062,-3.6114434103327486,-3.792553885636866,-0.4445150156113262,2.5050278288213703,1.7586817922265752,1.771646526353976,1.0126611356984612,3.2553222603283807,-2.0888764883182787,0.8486146267935855
12.0,12.0,1020.6702270507812,-2.021951276183652,-3.7617160298064256,0.5710197100298366,3.415153777492925,-0.420131553532292,1.780825930295341,-0.0414273708458425,2.4912794039913795,-1.550651343751014,-2.7125728078699853
12.0,12.0,1020.8209838867188,-1.8423913246423125,-4.647959929235667,-0.4403165178064799,1.7177276840494076,1.7874169475218162,0.921068333804372,1.5599773032515063,3.002211532151437,-2.087762162985603,0.6936064874267047
12.0,12.0,1020.8272094726562,-3.3871700362731376,-4.746361869246274,0.3738885326618274,2.187350966438707,1.5464506945495824,0.9204233200740848,1.2300974475419628,-2.3500997647004613,-1.9438046843714831,0.8486146267935855
12.0,12.0,1020.8909912109376,-3.3871700362731376,-4.746361869246274,0.3760538964978129,2.187350966438707,1.5464506945495824,0.9204233200740848,1.2300974475419628,-2.3500997647004613,-1.9438046843714831,0.8486146267935855
12.0,12.0,1020.8909912109376,-3.3871700362731376,-4.746361869246274,0.3760538964978129,2.187350966438707,1.5464506945495824,0.9204233200740848,1.2300974475419628,-2.3500997647004613,-1.9438046843714831,0.8486146267935855
12.0,12.0,1021.0675048828124,-3.3513430987228423,-4.746361869246274,0.3760538964978129,2.187350966438707,1.5464506945495824,0.9209242837025206,1.2300974475419628,-2.3500997647004613,-1.9464819386030727,0.845717739151612
12.0,12.0,1021.1383056640624,-3.163614935318493,-4.647959929235667,-0.3968955511030764,2.5160867293504,2.7707144286961385,1.7032516648355598,1.5469443166878825,2.99864601949916,-2.0151804872437995,0.8486146267935855
12.0,12.0,1021.2483520507812,-3.460140581392233,-4.647959929235667,0.9270866832635098,2.187350966438707,2.7386883768681587,1.7032516648355598,1.2174585116060073,2.98317673670404,-2.0631898566847373,0.8486146267935855
12.0,12.0,1021.2483520507812,-3.460140581392233,-4.647959929235667,0.9270866832635098,2.187350966438707,2.7386883768681587,1.7032516648355598,1.2174585116060073,2.98317673670404,-2.0631898566847373,0.8486146267935855
12.0,12.0,1021.2626342773438,-2.7520915641272694,-3.747235797019039,0.9119580288406036,3.464178285988801,-1.112390375110257,1.7797017558473374,1.2278268046796024,1.343266133235732,-1.7279437815249756,-2.7574201444588367
12.0,12.0,1021.2626342773438,-2.7520915641272694,-3.747235797019039,0.9119580288406036,3.464178285988801,-1.112390375110257,1.7797017558473374,1.2278268046796024,1.343266133235732,-1.7279437815249756,-2.7574201444588367
12.0,12.0,1021.2626342773438,-2.7520915641272694,-3.747235797019039,0.9119580288406036,3.464178285988801,-1.112390375110257,1.7797017558473374,1.2278268046796024,1.343266133235732,-1.7279437815249756,-2.7574201444588367
12.0,12.0,1021.3497924804688,-3.385270965975744,-4.762731661986715,0.376257249369043,2.187350966438707,1.5362981408915009,0.9036025988289584,1.217460025333729,-2.3500997647004613,-1.9426534110211664,0.8486146267935855
12.0,12.0,1021.464599609375,-3.460140581392233,-4.647959929235667,0.3872819313450591,2.562038315358105,2.7386883768681587,0.879558279109539,1.216786673518597,2.98317673670404,-2.0631898566847373,1.0160988820196968
12.0,12.0,1021.464599609375,-3.460140581392233,-4.647959929235667,0.3872819313450591,2.562038315358105,2.7386883768681587,0.879558279109539,1.216786673518597,2.98317673670404,-2.0631898566847373,1.0160988820196968
12.0,12.0,1021.5193481445312,-3.460140581392233,-4.647959929235667,0.9194267921518834,2.187350966438707,2.7386883768681587,1.7032516648355598,1.5311323057514443,3.334855521317166,-1.9491014138760865,0.8486146267935855
12.0,12.0,1021.946533203125,-3.3856252714253343,-4.762731661986715,0.3418882142137353,2.187350966438707,1.8446066472640648,0.9210585586955352,1.217460025333729,-2.3500997647004613,-1.9426068188056709,0.8486146267935855
12.0,12.0,1021.946533203125,-3.3856252714253343,-4.762731661986715,0.3418882142137353,2.187350966438707,1.8446066472640648,0.9210585586955352,1.217460025333729,-2.3500997647004613,-1.9426068188056709,0.8486146267935855
12.0,12.0,1022.2091064453124,-1.8423913246423125,-4.647959929235667,0.4316733244498285,2.1267692260032094,1.817791169321909,0.921068333804372,1.565748838292826,3.246045089116811,-2.0631898566847373,0.845696640524946
12.0,12.0,1022.553955078125,-2.027776167408612,-3.642108449775665,-0.3966865873323376,2.6545912035661536,1.5634787148392688,1.7698858073950894,-0.3342409981392646,3.335696112084479,-1.730183088827614,-0.1668978077188272
12.0,12.0,1022.5896606445312,-3.6114434103327486,-3.792553885636866,0.4420323004097865,2.5050278288213703,1.8198333208797297,1.7731318120826562,1.0126611356984612,3.256648462762884,-2.0888764883182787,0.8486290016372013
12.0,12.0,1022.5914306640624,-1.8432994941419607,-3.8943413719562026,0.8743168122472011,3.414659045337466,-1.081187053589138,1.7654246007703862,1.273557829314332,2.9907439810385004,-1.5390416775542757,-2.7509386086098333
12.0,12.0,1022.6248779296876,-1.8432994941419607,-3.886022469083013,0.8743168122472011,3.414659045337466,-1.1101576647554194,1.7715506497142557,1.0119903716102847,3.247307238462105,-1.5390416775542757,-2.7509386086098333
12.0,12.0,1022.9415283203124,-3.3871700362731376,-4.746361869246274,1.20388793027132,2.283989122172252,1.5464506945495824,4.2052545607072,1.4435593049612847,3.6726750567167343,-1.930041402309947,0.7840102619084628
12.0,13.0,1009.8073120117188,-3.45915801205161,-4.657695884618309,-0.4445150156113262,2.551268185285325,2.805876665948676,1.472668883847717,0.3939911166012544,0.9355191857649894,-2.0863909745935114,0.8486146267935855
12.0,13.0,1009.8073120117188,-3.45915801205161,-4.657695884618309,-0.4445150156113262,2.551268185285325,2.805876665948676,1.472668883847717,0.3939911166012544,0.9355191857649894,-2.0863909745935114,0.8486146267935855
12.0,13.0,1014.506591796875,-2.013598946992013,-3.8698022709176194,0.8743168122472011,3.415153777492925,-0.5313152230542475,1.780825930295341,0.0602200813999385,1.4326385906775818,-1.550651343751014,-2.753495723267648
12.0,13.0,1014.506591796875,-2.013598946992013,-3.8698022709176194,0.8743168122472011,3.415153777492925,-0.5313152230542475,1.780825930295341,0.0602200813999385,1.4326385906775818,-1.550651343751014,-2.753495723267648
12.0,13.0,1015.4912719726562,-3.45915801205161,-4.657695884618309,-0.4445150156113262,2.504626969256783,2.805876665948676,1.7838882864815395,0.0844255336638636,1.4140880397937896,-2.0863909745935114,-2.684252969675261
12.0,13.0,1016.0750122070312,-2.4778456354702034,-3.76256068207136,0.3989370243652863,3.415153777492925,-0.4189729821524512,1.780825930295341,0.1581792603319411,2.553080156691784,-2.0599259180897658,-2.7364093618138225
12.0,13.0,1016.3421630859376,-2.013598946992013,-3.8698022709176194,0.8743168122472011,3.415153777492925,-0.5313152230542475,1.780825930295341,-0.0397173082134321,1.4326385906775818,-1.550651343751014,-2.745325088546009
12.0,13.0,1016.3544921875,-2.022038817504099,-3.8698022709176194,0.574204934796898,3.415153777492925,-0.4973253575159148,1.780825930295341,-0.0414273708458425,2.4912794039913795,-1.550651343751014,-2.7451065949195392
12.0,13.0,1016.3753662109376,-2.013598946992013,-3.8698022709176194,0.574204934796898,3.415153777492925,-0.4973253575159148,1.780825930295341,-0.0414273708458425,2.4912794039913795,-1.550651343751014,-2.7451065949195392
12.0,13.0,1016.4075317382812,-2.7975370455881574,-3.8768327399838713,-0.3966865873323376,2.4862766452917,-0.5131984947216623,1.7698858073950894,-0.3342409981392646,3.1481347090681937,-1.730183088827614,-0.1668978077188272
12.0,13.0,1016.7979125976562,-2.0023699332355296,-3.7617160298064256,0.5710197100298366,3.415153777492925,-0.420131553532292,1.780825930295341,0.1585609165246857,2.4912794039913795,-1.550651343751014,-2.7125728078699853
12.0,13.0,1016.868896484375,-3.749996590059445,-3.8698022709176194,-0.4356777927972216,2.4962382729575348,-0.563282043895594,1.1904718316311236,0.0602200813999385,1.456013122727929,-1.550651343751014,-2.102922699703932
12.0,13.0,1016.9359130859376,-2.4778456354702034,-3.8698092057087634,0.3989370243652863,3.415153777492925,-0.4435895513278253,1.780825930295341,0.0515749230815733,0.9468211877668362,-2.0599259180897658,-2.7364093618138225
12.0,13.0,1017.3789672851562,-3.163614935318493,-4.647959929235667,-0.3968955511030764,3.4499243410380185,2.772596809022668,1.7580017438709794,1.5469443166878825,2.99864601949916,-1.947482054497761,0.8486146267935855
12.0,13.0,1017.4290771484376,-2.027776167408612,-3.87660959353946,0.8743168122472011,3.412045763229698,-1.1101576647554194,1.780825930295341,0.0602200813999385,1.386010747981013,-1.5390416775542757,-2.7509386086098333
12.0,13.0,1017.5144653320312,-2.5138612443350703,-3.8698092057087634,-0.3108081672232328,3.415153777492925,-0.4489291440601721,1.780825930295341,0.0377037663675668,0.9577601372074838,-2.0599259180897658,-2.7364093618138225
12.0,13.0,1017.558837890625,-2.496607263843976,-3.8698092057087634,-0.3108081672232328,3.415153777492925,-0.4489291440601721,1.780825930295341,0.0377037663675668,0.9577601372074838,-2.0599259180897658,-2.7364093618138225
12.0,13.0,1017.6630859375,-3.362068895823769,-3.7617160298064256,-0.3833095492865347,3.415153777492925,-0.420131553532292,1.7710356072003337,-0.1055392161021508,2.4912794039913795,-1.550651343751014,-2.567316751768656
12.0,13.0,1018.232177734375,-2.013598946992013,-3.8698022709176194,0.8743168122472011,3.34812659003664,-0.5313152230542475,1.7460474760464393,0.0602200813999385,1.4326385906775818,-1.5663751789596896,-2.753495723267648
12.0,13.0,1018.232177734375,-2.013598946992013,-3.8698022709176194,0.8743168122472011,3.34812659003664,-0.5313152230542475,1.7460474760464393,0.0602200813999385,1.4326385906775818,-1.5663751789596896,-2.753495723267648
12.0,13.0,1018.74365234375,-2.027776167408612,-3.87664502919026,-0.3966865873323376,2.4862766452917,2.969571591445684,1.7698858073950894,-0.3342409981392646,3.335696112084479,-1.730183088827614,-0.1668978077188272
12.0,13.0,1018.76611328125,-3.3856252714253343,-3.884509259012068,0.3418882142137353,3.434543044641394,1.8446066472640648,1.7539786771850217,1.217460025333729,1.3215922129396078,-1.9426068188056709,0.7599486275290117
12.0,13.0,1019.1734619140624,-3.6114434103327486,-3.776254081959277,-0.3976709357951664,1.6787186840427848,1.8694374192969183,1.7535205402368186,-0.1196278207634837,3.010163629810968,-2.091057123587917,-0.0895532530604949
12.0,13.0,1019.175537109375,-2.021951276183652,-3.7617160298064256,0.5587959596654782,3.415153777492925,-0.5296835396085904,1.780825930295341,-0.0414273708458425,2.4912794039913795,-1.550651343751014,-2.7125728078699853
12.0,13.0,1019.1887817382812,-3.45915801205161,-4.657575397738555,-0.4445150156113262,2.5050278288213703,2.763121319483291,1.7655204774101068,1.0126611356984612,3.33898696560074,-2.0888764883182787,0.8486146267935855
12.0,13.0,1019.442138671875,-3.3882583182409984,-3.916721063578895,-0.3923134957203749,2.278141968467174,1.546443245304341,1.7708185481644112,1.4435593049612847,3.3107442023568754,-1.930041402309947,-0.4697788160026452
12.0,13.0,1019.4766235351562,-3.45915801205161,-4.657695884618309,-0.4445150156113262,2.5050278288213703,2.805876665948676,1.7838882864815395,1.0126611356984612,3.33898696560074,-2.0863909745935114,0.8486146267935855
12.0,13.0,1019.4766235351562,-3.45915801205161,-4.657695884618309,-0.4445150156113262,2.5050278288213703,2.805876665948676,1.7838882864815395,1.0126611356984612,3.33898696560074,-2.0863909745935114,0.8486146267935855
12.0,13.0,1019.518310546875,-3.4296379948461,-4.746361869246274,0.3760538964978129,2.187350966438707,1.5464506945495824,0.9209242837025206,1.2300974475419628,-2.3500997647004613,-1.9464819386030727,0.845717739151612
12.0,13.0,1019.6183471679688,-3.6114434103327486,-3.776254081959277,-0.3521301877938487,1.7237907068935645,1.8198333208797297,1.7535205402368186,1.53917699250523,3.010331722409222,-2.088917167075222,-0.0710536318555975
12.0,13.0,1019.717041015625,-3.163614935318493,-4.647959929235667,-0.3968955511030764,2.5160867293504,2.7707144286961385,1.703569701771747,-0.1269198119038109,3.029688434113984,-2.047873876563656,0.8486146267935855
12.0,13.0,1019.7571411132812,-2.027776167408612,-3.87660959353946,0.9275275789446328,3.4151855630450303,-0.4213550735733881,1.780825930295341,-0.1635767546175529,1.386010747981013,-1.5228790995425034,-2.7509386086098333
12.0,13.0,1019.9226684570312,-3.4321639171028315,-4.751128303677128,-0.6646365123934708,1.7177276840494076,1.837196229102645,0.921068333804372,1.5599773032515063,3.246045089116811,-2.7421933611659,0.783966158031137
12.0,13.0,1019.92626953125,-2.557452935662055,-4.6581785542121885,-0.3108081672232328,3.406051595606809,-0.3287244591587488,1.780825930295341,0.0377037663675668,0.9577601372074838,-2.0599259180897658,-2.7364093618138225
12.0,13.0,1020.0430908203124,-3.224054259269169,-3.87664502919026,-0.3968920664404322,2.4862766452917,2.772515745921575,1.7029172400506956,-0.3342409981392646,3.335696112084479,-2.077099505196674,-0.1668978077188272
12.0,13.0,1020.2447509765624,-3.3871700362731376,-4.659198545456079,0.4473646764121591,2.510672117629724,1.5464506945495824,0.9215957084529424,1.2259283110365642,-2.3500997647004613,-1.9436250204538923,0.8486146267935855
12.0,13.0,1020.5034790039062,-3.6114434103327486,-3.792553885636866,-0.4445150156113262,2.5050278288213703,1.7586817922265752,1.771646526353976,1.0126611356984612,3.2553222603283807,-2.0888764883182787,0.8486146267935855
12.0,13.0,1020.562744140625,-3.163614935318493,-4.647959929235667,-0.3513548031017588,2.5611587522011767,2.7776429952564747,1.703569701771747,1.5318850013647998,3.029856526712238,-2.045733920050961,0.8671142479984828
12.0,13.0,1020.56298828125,-2.013598946992013,-3.8698022709176194,0.8865405626115596,3.415153777492925,-0.4217632369779492,1.8424182380196163,0.0602200813999385,1.4326385906775818,-1.550651343751014,-2.753495723267648
12.0,13.0,1020.596435546875,-3.415566320723485,-3.8693259576944383,-0.4445150156113262,2.5603703671711826,2.681346347638854,1.472668883847717,0.3939911166012544,0.9355191857649894,-2.0863909745935114,0.8486146267935855
12.0,13.0,1020.6702270507812,-2.021951276183652,-3.7617160298064256,0.5710197100298366,3.415153777492925,-0.420131553532292,1.780825930295341,-0.0414273708458425,2.4912794039913795,-1.550651343751014,-2.7125728078699853
12.0,13.0,1020.8209838867188,-1.8423913246423125,-4.647959929235667,-0.4403165178064799,1.7177276840494076,1.7874169475218162,0.921068333804372,1.5599773032515063,3.002211532151437,-2.087762162985603,0.6936064874267047
12.0,13.0,1020.8272094726562,-3.3871700362731376,-4.746361869246274,0.3738885326618274,2.187350966438707,1.5464506945495824,0.9204233200740848,1.2300974475419628,-2.3500997647004613,-1.9438046843714831,0.8486146267935855
12.0,13.0,1020.8909912109376,-3.3871700362731376,-4.746361869246274,0.3760538964978129,2.187350966438707,1.5464506945495824,0.9204233200740848,1.2300974475419628,-2.3500997647004613,-1.9438046843714831,0.8486146267935855
12.0,13.0,1020.8909912109376,-3.3871700362731376,-4.746361869246274,0.3760538964978129,2.187350966438707,1.5464506945495824,0.9204233200740848,1.2300974475419628,-2.3500997647004613,-1.9438046843714831,0.8486146267935855
12.0,13.0,1020.9254150390624,-2.0135114056715664,-3.7617160298064256,0.5710197100298366,3.415153777492925,-0.420131553532292,1.780825930295341,-0.0414273708458425,2.4912794039913795,-1.550651343751014,-2.7125728078699853
12.0,13.0,1021.0675048828124,-3.3513430987228423,-4.746361869246274,0.3760538964978129,2.187350966438707,1.5464506945495824,0.9209242837025206,1.2300974475419628,-2.3500997647004613,-1.9464819386030727,0.845717739151612
12.0,13.0,1021.1383056640624,-3.163614935318493,-4.647959929235667,-0.3968955511030764,2.5160867293504,2.7707144286961385,1.7032516648355598,1.5469443166878825,2.99864601949916,-2.0151804872437995,0.8486146267935855
12.0,13.0,1021.1522216796876,-3.224054259269169,-3.897946651952734,0.427974607981364,2.4862766452917,2.761781192512704,1.6629861495882436,-0.3342409981392646,3.335696112084479,-2.077099505196674,0.8174011791680504
12.0,13.0,1021.2483520507812,-3.460140581392233,-4.647959929235667,0.9270866832635098,2.187350966438707,2.7386883768681587,1.7032516648355598,1.2174585116060073,2.98317673670404,-2.0631898566847373,0.8486146267935855
12.0,14.0,1009.8073120117188,-3.45915801205161,-4.657695884618309,-0.4445150156113262,2.551268185285325,2.805876665948676,1.472668883847717,0.3939911166012544,0.9355191857649894,-2.0863909745935114,0.8486146267935855
12.0,14.0,1009.8073120117188,-3.45915801205161,-4.657695884618309,-0.4445150156113262,2.551268185285325,2.805876665948676,1.472668883847717,0.3939911166012544,0.9355191857649894,-2.0863909745935114,0.8486146267935855
12.0,14.0,1014.46337890625,-2.497763190592908,-3.8698022709176194,0.4010634024463263,3.415153777492925,-0.4981838335193439,1.780825930295341,-0.0433251424444648,2.4912794039913795,-2.0734424525584583,-2.596607696012227
12.0,14.0,1014.506591796875,-2.013598946992013,-3.8698022709176194,0.8743168122472011,3.415153777492925,-0.5313152230542475,1.780825930295341,0.0602200813999385,1.4326385906775818,-1.550651343751014,-2.753495723267648
12.0,14.0,1014.506591796875,-2.013598946992013,-3.8698022709176194,0.8743168122472011,3.415153777492925,-0.5313152230542475,1.780825930295341,0.0602200813999385,1.4326385906775818,-1.550651343751014,-2.753495723267648
12.0,14.0,1014.506591796875,-2.013598946992013,-3.8698022709176194,0.8743168122472011,3.415153777492925,-0.5313152230542475,1.780825930295341,0.0602200813999385,1.4326385906775818,-1.550651343751014,-2.753495723267648
12.0,14.0,1015.4912719726562,-3.45915801205161,-4.657695884618309,-0.4445150156113262,2.504626969256783,2.805876665948676,1.7838882864815395,0.0844255336638636,1.4140880397937896,-2.0863909745935114,-2.684252969675261
12.0,14.0,1016.0750122070312,-2.4778456354702034,-3.76256068207136,0.3989370243652863,3.415153777492925,-0.4189729821524512,1.780825930295341,0.1581792603319411,2.553080156691784,-2.0599259180897658,-2.7364093618138225
12.0,14.0,1016.3421630859376,-2.013598946992013,-3.8698022709176194,0.8743168122472011,3.415153777492925,-0.5313152230542475,1.780825930295341,-0.0397173082134321,1.4326385906775818,-1.550651343751014,-2.745325088546009
12.0,14.0,1016.3544921875,-2.022038817504099,-3.8698022709176194,0.574204934796898,3.415153777492925,-0.4973253575159148,1.780825930295341,-0.0414273708458425,2.4912794039913795,-1.550651343751014,-2.7451065949195392
12.0,14.0,1016.3753662109376,-2.013598946992013,-3.8698022709176194,0.574204934796898,3.415153777492925,-0.4973253575159148,1.780825930295341,-0.0414273708458425,2.4912794039913795,-1.550651343751014,-2.7451065949195392
12.0,14.0,1016.4075317382812,-2.7975370455881574,-3.8768327399838713,-0.3966865873323376,2.4862766452917,-0.5131984947216623,1.7698858073950894,-0.3342409981392646,3.1481347090681937,-1.730183088827614,-0.1668978077188272
12.0,14.0,1016.5631103515624,-3.0798184884776494,-4.657695884618309,-0.4462837454439833,2.96654644758724,2.9393430603249,1.7838882864815395,0.157744098242013,1.4140880397937896,-2.0863909745935114,-2.7361333355712945
12.0,14.0,1016.7979125976562,-2.0023699332355296,-3.7617160298064256,0.5710197100298366,3.415153777492925,-0.420131553532292,1.780825930295341,0.1585609165246857,2.4912794039913795,-1.550651343751014,-2.7125728078699853
12.0,14.0,1016.7992553710938,-2.07559856318301,-4.659915016343342,-0.4436425027977319,2.504626969256783,-0.9911111014118196,1.7838882864815395,0.084622795210646,1.4140880397937896,-2.0863909745935114,-2.7497007900408854
12.0,14.0,1016.868896484375,-3.749996590059445,-3.8698022709176194,-0.4356777927972216,2.4962382729575348,-0.563282043895594,1.1904718316311236,0.0602200813999385,1.456013122727929,-1.550651343751014,-2.102922699703932
12.0,14.0,1016.9359130859376,-2.4778456354702034,-3.8698092057087634,0.3989370243652863,3.415153777492925,-0.4435895513278253,1.780825930295341,0.0515749230815733,0.9468211877668362,-2.0599259180897658,-2.7364093618138225
12.0,14.0,1016.9672241210938,-3.749996590059445,-3.8698022709176194,-0.4356777927972216,2.4962382729575348,-0.6018880231782291,1.7362487396934805,1.2483011548027367,1.456013122727929,-1.550651343751014,-2.102922699703932
12.0,14.0,1016.9730224609376,-2.4778456354702034,-4.976335347525964,0.3989370243652863,3.415153777492925,-0.4435895513278253,1.780825930295341,0.0515749230815733,0.9468211877668362,-2.0599259180897658,-2.7364093618138225
12.0,14.0,1017.3789672851562,-3.163614935318493,-4.647959929235667,-0.3968955511030764,3.4499243410380185,2.772596809022668,1.7580017438709794,1.5469443166878825,2.99864601949916,-1.947482054497761,0.8486146267935855
12.0,14.0,1017.3810424804688,-3.4708131075160256,-4.65763595194728,-0.4400879671363845,2.505402436481428,2.805876665948676,1.7838882864815395,0.138775606793144,3.0125093138187804,-2.0882927632595627,0.8486146267935855
12.0,14.0,1017.4290771484376,-2.027776167408612,-3.87660959353946,0.8743168122472011,3.412045763229698,-1.1101576647554194,1.780825930295341,0.0602200813999385,1.386010747981013,-1.5390416775542757,-2.7509386086098333
12.0,14.0,1017.5109252929688,-1.9974972445106487,-3.8698022709176194,-0.447460145493581,3.34812659003664,-0.5920092756605482,1.7460474760464393,0.035653977416437,1.4038429482107078,-2.485842563392304,-3.02584074091307
12.0,14.0,1017.5144653320312,-2.5138612443350703,-3.8698092057087634,-0.3108081672232328,3.415153777492925,-0.4489291440601721,1.780825930295341,0.0377037663675668,0.9577601372074838,-2.0599259180897658,-2.7364093618138225
12.0,14.0,1017.558837890625,-2.496607263843976,-3.8698092057087634,-0.3108081672232328,3.415153777492925,-0.4489291440601721,1.780825930295341,0.0377037663675668,0.9577601372074838,-2.0599259180897658,-2.7364093618138225
12.0,14.0,1017.6630859375,-3.362068895823769,-3.7617160298064256,-0.3833095492865347,3.415153777492925,-0.420131553532292,1.7710356072003337,-0.1055392161021508,2.4912794039913795,-1.550651343751014,-2.567316751768656
12.0,14.0,1018.232177734375,-2.013598946992013,-3.8698022709176194,0.8743168122472011,3.34812659003664,-0.5313152230542475,1.7460474760464393,0.0602200813999385,1.4326385906775818,-1.5663751789596896,-2.753495723267648
12.0,14.0,1018.232177734375,-2.013598946992013,-3.8698022709176194,0.8743168122472011,3.34812659003664,-0.5313152230542475,1.7460474760464393,0.0602200813999385,1.4326385906775818,-1.5663751789596896,-2.753495723267648
12.0,14.0,1018.5114135742188,-2.013598946992013,-3.8698022709176194,0.8743168122472011,3.34812659003664,-0.5313152230542475,1.7808111333735035,0.3770339914848339,1.4326385906775818,-1.5659700914917725,-2.751023485046685
12.0,14.0,1018.74365234375,-2.027776167408612,-3.87664502919026,-0.3966865873323376,2.4862766452917,2.969571591445684,1.7698858073950894,-0.3342409981392646,3.335696112084479,-1.730183088827614,-0.1668978077188272
12.0,14.0,1018.76611328125,-3.3856252714253343,-3.884509259012068,0.3418882142137353,3.434543044641394,1.8446066472640648,1.7539786771850217,1.217460025333729,1.3215922129396078,-1.9426068188056709,0.7599486275290117
12.0,14.0,1019.1734619140624,-3.6114434103327486,-3.776254081959277,-0.3976709357951664,1.6787186840427848,1.8694374192969183,1.7535205402368186,-0.1196278207634837,3.010163629810968,-2.091057123587917,-0.0895532530604949
12.0,14.0,1019.175537109375,-2.021951276183652,-3.7617160298064256,0.5587959596654782,3.415153777492925,-0.5296835396085904,1.780825930295341,-0.0414273708458425,2.4912794039913795,-1.550651343751014,-2.7125728078699853
12.0,14.0,1019.1887817382812,-3.45915801205161,-4.657575397738555,-0.4445150156113262,2.5050278288213703,2.763121319483291,1.7655204774101068,1.0126611356984612,3.33898696560074,-2.0888764883182787,0.8486146267935855
12.0,14.0,1019.442138671875,-3.3882583182409984,-3.916721063578895,-0.3923134957203749,2.278141968467174,1.546443245304341,1.7708185481644112,1.4435593049612847,3.3107442023568754,-1.930041402309947,-0.4697788160026452
12.0,14.0,1019.4426879882812,-3.45915801205161,-3.869570832251205,0.3282941486151798,2.5050278288213703,2.6951735065226257,1.7655204774101068,0.7424729577203433,3.2608522996641502,-2.0888764883182787,0.8486146267935855
12.0,14.0,1019.4630126953124,-2.027776167408612,-3.87660959353946,0.9275275789446328,3.4151855630450303,-0.4213550735733881,1.7460622729682769,-0.1635767546175529,1.386010747981013,-1.5232841870104208,-2.753410846830796
12.0,14.0,1019.4766235351562,-3.45915801205161,-4.657695884618309,-0.4445150156113262,2.5050278288213703,2.805876665948676,1.7838882864815395,1.0126611356984612,3.33898696560074,-2.0863909745935114,0.8486146267935855
12.0,14.0,1019.4766235351562,-3.45915801205161,-4.657695884618309,-0.4445150156113262,2.5050278288213703,2.805876665948676,1.7838882864815395,1.0126611356984612,3.33898696560074,-2.0863909745935114,0.8486146267935855
12.0,14.0,1019.518310546875,-3.4296379948461,-4.746361869246274,0.3760538964978129,2.187350966438707,1.5464506945495824,0.9209242837025206,1.2300974475419628,-2.3500997647004613,-1.9464819386030727,0.845717739151612
12.0,14.0,1019.6028442382812,-3.163614935318493,-4.659642140777359,-0.4633360452545605,3.447978972695542,2.772596809022668,1.780348841633204,1.55879802934747,3.0115557707746654,-1.947482054497761,-2.6789047573440947
12.0,14.0,1019.6183471679688,-3.6114434103327486,-3.776254081959277,-0.3521301877938487,1.7237907068935645,1.8198333208797297,1.7535205402368186,1.53917699250523,3.010331722409222,-2.088917167075222,-0.0710536318555975
12.0,14.0,1019.717041015625,-3.163614935318493,-4.647959929235667,-0.3968955511030764,2.5160867293504,2.7707144286961385,1.703569701771747,-0.1269198119038109,3.029688434113984,-2.047873876563656,0.8486146267935855
12.0,14.0,1019.717041015625,-3.163614935318493,-4.647959929235667,-0.3968955511030764,2.5160867293504,2.7707144286961385,1.703569701771747,-0.1269198119038109,3.029688434113984,-2.047873876563656,0.8486146267935855
12.0,14.0,1019.7571411132812,-2.027776167408612,-3.87660959353946,0.9275275789446328,3.4151855630450303,-0.4213550735733881,1.780825930295341,-0.1635767546175529,1.386010747981013,-1.5228790995425034,-2.7509386086098333
12.0,14.0,1019.9226684570312,-3.4321639171028315,-4.751128303677128,-0.6646365123934708,1.7177276840494076,1.837196229102645,0.921068333804372,1.5599773032515063,3.246045089116811,-2.7421933611659,0.783966158031137
12.0,14.0,1019.92626953125,-2.557452935662055,-4.6581785542121885,-0.3108081672232328,3.406051595606809,-0.3287244591587488,1.780825930295341,0.0377037663675668,0.9577601372074838,-2.0599259180897658,-2.7364093618138225
12.0,14.0,1020.0430908203124,-3.224054259269169,-3.87664502919026,-0.3968920664404322,2.4862766452917,2.772515745921575,1.7029172400506956,-0.3342409981392646,3.335696112084479,-2.077099505196674,-0.1668978077188272
12.0,14.0,1020.2447509765624,-3.3871700362731376,-4.659198545456079,0.4473646764121591,2.510672117629724,1.5464506945495824,0.9215957084529424,1.2259283110365642,-2.3500997647004613,-1.9436250204538923,0.8486146267935855
12.0,14.0,1020.3163452148438,-3.45915801205161,-4.647673664883209,-0.4445150156113262,2.588210046061967,2.805876665948676,1.472668883847717,1.5567636057522347,0.9355191857649894,-1.9414453500632016,0.8486146267935855
12.0,15.0,1009.8073120117188,-3.45915801205161,-4.657695884618309,-0.4445150156113262,2.551268185285325,2.805876665948676,1.472668883847717,0.3939911166012544,0.9355191857649894,-2.0863909745935114,0.8486146267935855
12.0,15.0,1009.8073120117188,-3.45915801205161,-4.657695884618309,-0.4445150156113262,2.551268185285325,2.805876665948676,1.472668883847717,0.3939911166012544,0.9355191857649894,-2.0863909745935114,0.8486146267935855
12.0,15.0,1009.8073120117188,-3.45915801205161,-4.657695884618309,-0.4445150156113262,2.551268185285325,2.805876665948676,1.472668883847717,0.3939911166012544,0.9355191857649894,-2.0863909745935114,0.8486146267935855
12.0,15.0,1014.46337890625,-2.497763190592908,-3.8698022709176194,0.4010634024463263,3.415153777492925,-0.4981838335193439,1.780825930295341,-0.0433251424444648,2.4912794039913795,-2.0734424525584583,-2.596607696012227
12.0,15.0,1014.506591796875,-2.013598946992013,-3.8698022709176194,0.8743168122472011,3.415153777492925,-0.5313152230542475,1.780825930295341,0.0602200813999385,1.4326385906775818,-1.550651343751014,-2.753495723267648
12.0,15.0,1014.506591796875,-2.013598946992013,-3.8698022709176194,0.8743168122472011,3.415153777492925,-0.5313152230542475,1.780825930295341,0.0602200813999385,1.4326385906775818,-1.550651343751014,-2.753495723267648
12.0,15.0,1014.506591796875,-2.013598946992013,-3.8698022709176194,0.8743168122472011,3.415153777492925,-0.5313152230542475,1.780825930295341,0.0602200813999385,1.4326385906775818,-1.550651343751014,-2.753495723267648
12.0,15.0,1014.506591796875,-2.013598946992013,-3.8698022709176194,0.8743168122472011,3.415153777492925,-0.5313152230542475,1.780825930295341,0.0602200813999385,1.4326385906775818,-1.550651343751014,-2.753495723267648
12.0,15.0,1015.3125610351562,-2.013598946992013,-3.899423081473324,0.9226986310219948,3.415153777492925,-0.5163480926460796,1.780825930295341,0.0602200813999385,1.43242244128429,-1.5899804006292957,-2.749311571662091
12.0,15.0,1015.4912719726562,-3.45915801205161,-4.657695884618309,-0.4445150156113262,2.504626969256783,2.805876665948676,1.7838882864815395,0.0844255336638636,1.4140880397937896,-2.0863909745935114,-2.684252969675261
12.0,15.0,1016.0132446289062,-3.393695681540655,-3.87664502919026,-1.395490515168149,2.3408287462573365,1.6183563641869343,1.7698858073950894,-0.3342409981392646,3.3101480011327697,-1.9524136000539647,-0.1668978077188272
12.0,15.0,1016.0750122070312,-2.4778456354702034,-3.76256068207136,0.3989370243652863,3.415153777492925,-0.4189729821524512,1.780825930295341,0.1581792603319411,2.553080156691784,-2.0599259180897658,-2.7364093618138225
12.0,15.0,1016.251220703125,-2.07559856318301,-3.6432269316925097,-0.4920243215725268,2.504626969256783,-0.95397468820945,1.7838882864815395,0.084622795210646,1.410496784843788,-2.0470619177152294,-2.753884941646441
12.0,15.0,1016.3421630859376,-2.013598946992013,-3.8698022709176194,0.8743168122472011,3.415153777492925,-0.5313152230542475,1.780825930295341,-0.0397173082134321,1.4326385906775818,-1.550651343751014,-2.745325088546009
12.0,15.0,1016.3544921875,-2.022038817504099,-3.8698022709176194,0.574204934796898,3.415153777492925,-0.4973253575159148,1.780825930295341,-0.0414273708458425,2.4912794039913795,-1.550651343751014,-2.7451065949195392
12.0,15.0,1016.3753662109376,-2.013598946992013,-3.8698022709176194,0.574204934796898,3.415153777492925,-0.4973253575159148,1.780825930295341,-0.0414273708458425,2.4912794039913795,-1.550651343751014,-2.7451065949195392
12.0,15.0,1016.3867797851562,-3.388480979677611,-3.510271171696114,-0.3665805023800647,1.708469287588509,1.830567218226812,1.7708185481644112,1.4435593049612847,3.2493982107316093,-1.9237204388777065,-0.116996107196883
12.0,15.0,1016.4075317382812,-2.7975370455881574,-3.8768327399838713,-0.3966865873323376,2.4862766452917,-0.5131984947216623,1.7698858073950894,-0.3342409981392646,3.1481347090681937,-1.730183088827614,-0.1668978077188272
12.0,15.0,1016.5145874023438,-2.197993147174749,-3.7617160298064256,0.5709820218269271,3.415153777492925,-0.4989440378778496,1.780825930295341,-0.0438662463145124,2.4912794039913795,-1.550651343751014,-2.7125728078699853
12.0,15.0,1016.5631103515624,-3.0798184884776494,-4.657695884618309,-0.4462837454439833,2.96654644758724,2.9393430603249,1.7838882864815395,0.157744098242013,1.4140880397937896,-2.0863909745935114,-2.7361333355712945
12.0,15.0,1016.7979125976562,-2.0023699332355296,-3.7617160298064256,0.5710197100298366,3.415153777492925,-0.420131553532292,1.780825930295341,0.1585609165246857,2.4912794039913795,-1.550651343751014,-2.7125728078699853
12.0,15.0,1016.7992553710938,-2.07559856318301,-4.659915016343342,-0.4436425027977319,2.504626969256783,-0.9911111014118196,1.7838882864815395,0.084622795210646,1.4140880397937896,-2.0863909745935114,-2.7497007900408854
12.0,15.0,1016.868896484375,-3.749996590059445,-3.8698022709176194,-0.4356777927972216,2.4962382729575348,-0.563282043895594,1.1904718316311236,0.0602200813999385,1.456013122727929,-1.550651343751014,-2.102922699703932
12.0,15.0,1016.9359130859376,-2.4778456354702034,-3.8698092057087634,0.3989370243652863,3.415153777492925,-0.4435895513278253,1.780825930295341,0.0515749230815733,0.9468211877668362,-2.0599259180897658,-2.7364093618138225
12.0,15.0,1016.9672241210938,-3.749996590059445,-3.8698022709176194,-0.4356777927972216,2.4962382729575348,-0.6018880231782291,1.7362487396934805,1.2483011548027367,1.456013122727929,-1.550651343751014,-2.102922699703932
12.0,15.0,1016.9730224609376,-2.4778456354702034,-4.976335347525964,0.3989370243652863,3.415153777492925,-0.4435895513278253,1.780825930295341,0.0515749230815733,0.9468211877668362,-2.0599259180897658,-2.7364093618138225
12.0,15.0,1017.0344848632812,-2.4885835454656275,-4.981946796082677,-0.447460145493581,3.34812659003664,-0.5918428319375884,1.281619754705594,0.0350978185826351,0.9430080713808656,-2.484094744214027,-3.02584074091307
12.0,15.0,1017.1881713867188,-2.022794976226556,-3.8698022709176194,0.8743168122472011,3.3444986226046063,-0.5313152230542475,1.7808111333735035,0.3621327280678118,1.4326385906775818,-1.5509757165946778,-2.753501999485884
12.0,15.0,1017.3789672851562,-3.163614935318493,-4.647959929235667,-0.3968955511030764,3.4499243410380185,2.772596809022668,1.7580017438709794,1.5469443166878825,2.99864601949916,-1.947482054497761,0.8486146267935855
12.0,15.0,1017.3810424804688,-3.4708131075160256,-4.65763595194728,-0.4400879671363845,2.505402436481428,2.805876665948676,1.7838882864815395,0.138775606793144,3.0125093138187804,-2.0882927632595627,0.8486146267935855
12.0,15.0,1017.4290771484376,-2.027776167408612,-3.87660959353946,0.8743168122472011,3.412045763229698,-1.1101576647554194,1.780825930295341,0.0602200813999385,1.386010747981013,-1.5390416775542757,-2.7509386086098333
12.0,15.0,1017.5109252929688,-1.9974972445106487,-3.8698022709176194,-0.447460145493581,3.34812659003664,-0.5920092756605482,1.7460474760464393,0.035653977416437,1.4038429482107078,-2.485842563392304,-3.02584074091307
12.0,15.0,1017.5144653320312,-2.5138612443350703,-3.8698092057087634,-0.3108081672232328,3.415153777492925,-0.4489291440601721,1.780825930295341,0.0377037663675668,0.9577601372074838,-2.0599259180897658,-2.7364093618138225
12.0,15.0,1017.558837890625,-2.496607263843976,-3.8698092057087634,-0.3108081672232328,3.415153777492925,-0.4489291440601721,1.780825930295341,0.0377037663675668,0.9577601372074838,-2.0599259180897658,-2.7364093618138225
12.0,15.0,1017.558837890625,-2.496607263843976,-3.8698092057087634,-0.3108081672232328,3.415153777492925,-0.4489291440601721,1.780825930295341,0.0377037663675668,0.9577601372074838,-2.0599259180897658,-2.7364093618138225
12.0,15.0,1017.6630859375,-3.362068895823769,-3.7617160298064256,-0.3833095492865347,3.415153777492925,-0.420131553532292,1.7710356072003337,-0.1055392161021508,2.4912794039913795,-1.550651343751014,-2.567316751768656
12.0,15.0,1017.832763671875,-3.749996590059445,-4.679255697726754,-0.4353695406841107,2.550330807155166,-0.6018880231782291,1.7373154199009273,0.445453460724512,1.456013122727929,-2.0895898431333606,-2.430940584946599
12.0,15.0,1017.9736328125,-2.0481072920391776,-3.8698022709176194,0.4010634024463263,3.415153777492925,-0.4978476054196512,1.780825930295341,0.0575325463179655,2.575835334773924,-1.5584115311263886,-2.596607696012227
12.0,15.0,1018.232177734375,-2.013598946992013,-3.8698022709176194,0.8743168122472011,3.34812659003664,-0.5313152230542475,1.7460474760464393,0.0602200813999385,1.4326385906775818,-1.5663751789596896,-2.753495723267648
12.0,15.0,1018.232177734375,-2.013598946992013,-3.8698022709176194,0.8743168122472011,3.34812659003664,-0.5313152230542475,1.7460474760464393,0.0602200813999385,1.4326385906775818,-1.5663751789596896,-2.753495723267648
12.0,15.0,1018.4366455078124,-2.002776258338151,-3.8698022709176194,0.5742426229998076,3.415153777492925,-0.4185128731703572,1.780825930295341,0.1609997919933555,2.4912794039913795,-1.550651343751014,-2.7451065949195392
12.0,15.0,1018.5114135742188,-2.013598946992013,-3.8698022709176194,0.8743168122472011,3.34812659003664,-0.5313152230542475,1.7808111333735035,0.3770339914848339,1.4326385906775818,-1.5659700914917725,-2.751023485046685
12.0,15.0,1018.6149291992188,-2.0222226124069755,-3.880917987809457,-0.4821048831959332,3.349359483081743,-0.5296835396085904,1.780825930295341,-0.0390201222703714,2.4912794039913795,-1.681753286850486,-2.7125728078699853
12.0,15.0,1018.74365234375,-2.027776167408612,-3.87664502919026,-0.3966865873323376,2.4862766452917,2.969571591445684,1.7698858073950894,-0.3342409981392646,3.335696112084479,-1.730183088827614,-0.1668978077188272
12.0,15.0,1018.76611328125,-3.3856252714253343,-3.884509259012068,0.3418882142137353,3.434543044641394,1.8446066472640648,1.7539786771850217,1.217460025333729,1.3215922129396078,-1.9426068188056709,0.7599486275290117
12.0,15.0,1019.1734619140624,-3.6114434103327486,-3.776254081959277,-0.3976709357951664,1.6787186840427848,1.8694374192969183,1.7535205402368186,-0.1196278207634837,3.010163629810968,-2.091057123587917,-0.0895532530604949
12.0,15.0,1019.175537109375,-2.021951276183652,-3.7617160298064256,0.5587959596654782,3.415153777492925,-0.5296835396085904,1.780825930295341,-0.0414273708458425,2.4912794039913795,-1.550651343751014,-2.7125728078699853
12.0,15.0,1019.1887817382812,-3.45915801205161,-4.657575397738555,-0.4445150156113262,2.5050278288213703,2.763121319483291,1.7655204774101068,1.0126611356984612,3.33898696560074,-2.0888764883182787,0.8486146267935855
12.0,15.0,1019.3273315429688,-3.427899750289116,-3.761149175684426,-0.4139153163044777,3.415153777492925,-0.4199573452469082,1.781787472154512,-0.0481589136176794,2.4912794039913795,-1.550651343751014,-2.7451065949195392
12.0,15.0,1019.442138671875,-3.3882583182409984,-3.916721063578895,-0.3923134957203749,2.278141968467174,1.546443245304341,1.7708185481644112,1.4435593049612847,3.3107442023568754,-1.930041402309947,-0.4697788160026452
12.0,16.0,1009.8073120117188,-3.45915801205161,-4.657695884618309,-0.4445150156113262,2.551268185285325,2.805876665948676,1.472668883847717,0.3939911166012544,0.9355191857649894,-2.0863909745935114,0.8486146267935855
12.0,16.0,1009.8073120117188,-3.45915801205161,-4.657695884618309,-0.4445150156113262,2.551268185285325,2.805876665948676,1.472668883847717,0.3939911166012544,0.9355191857649894,-2.0863909745935114,0.8486146267935855
12.0,16.0,1009.8073120117188,-3.45915801205161,-4.657695884618309,-0.4445150156113262,2.551268185285325,2.805876665948676,1.472668883847717,0.3939911166012544,0.9355191857649894,-2.0863909745935114,0.8486146267935855
12.0,16.0,1014.46337890625,-2.497763190592908,-3.8698022709176194,0.4010634024463263,3.415153777492925,-0.4981838335193439,1.780825930295341,-0.0433251424444648,2.4912794039913795,-2.0734424525584583,-2.596607696012227
12.0,16.0,1014.506591796875,-2.013598946992013,-3.8698022709176194,0.8743168122472011,3.415153777492925,-0.5313152230542475,1.780825930295341,0.0602200813999385,1.4326385906775818,-1.550651343751014,-2.753495723267648
12.0,16.0,1014.506591796875,-2.013598946992013,-3.8698022709176194,0.8743168122472011,3.415153777492925,-0.5313152230542475,1.780825930295341,0.0602200813999385,1.4326385906775818,-1.550651343751014,-2.753495723267648
12.0,16.0,1014.506591796875,-2.013598946992013,-3.8698022709176194,0.8743168122472011,3.415153777492925,-0.5313152230542475,1.780825930295341,0.0602200813999385,1.4326385906775818,-1.550651343751014,-2.753495723267648
12.0,16.0,1014.506591796875,-2.013598946992013,-3.8698022709176194,0.8743168122472011,3.415153777492925,-0.5313152230542475,1.780825930295341,0.0602200813999385,1.4326385906775818,-1.550651343751014,-2.753495723267648
12.0,16.0,1014.506591796875,-2.013598946992013,-3.8698022709176194,0.8743168122472011,3.415153777492925,-0.5313152230542475,1.780825930295341,0.0602200813999385,1.4326385906775818,-1.550651343751014,-2.753495723267648
12.0,16.0,1014.5425415039062,-2.013598946992013,-3.8698022709176194,0.8743168122472011,3.415153777492925,-0.5313152230542475,1.780825930295341,0.0575632245687938,1.4326385906775818,-1.550651343751014,-2.753495723267648
12.0,16.0,1015.2132568359376,-2.07559856318301,-4.659915016343342,-0.4436425027977319,2.504626969256783,-0.9911111014118196,1.784312505325027,0.1335435979829462,1.570083900957888,-2.0863909745935114,-2.762715546048226
12.0,16.0,1015.3125610351562,-2.013598946992013,-3.899423081473324,0.9226986310219948,3.415153777492925,-0.5163480926460796,1.780825930295341,0.0602200813999385,1.43242244128429,-1.5899804006292957,-2.749311571662091
12.0,16.0,1015.4912719726562,-3.45915801205161,-4.657695884618309,-0.4445150156113262,2.504626969256783,2.805876665948676,1.7838882864815395,0.0844255336638636,1.4140880397937896,-2.0863909745935114,-2.684252969675261
12.0,16.0,1016.0132446289062,-3.393695681540655,-3.87664502919026,-1.395490515168149,2.3408287462573365,1.6183563641869343,1.7698858073950894,-0.3342409981392646,3.3101480011327697,-1.9524136000539647,-0.1668978077188272
12.0,16.0,1016.0750122070312,-2.4778456354702034,-3.76256068207136,0.3989370243652863,3.415153777492925,-0.4189729821524512,1.780825930295341,0.1581792603319411,2.553080156691784,-2.0599259180897658,-2.7364093618138225
12.0,16.0,1016.251220703125,-2.07559856318301,-3.6432269316925097,-0.4920243215725268,2.504626969256783,-0.95397468820945,1.7838882864815395,0.084622795210646,1.410496784843788,-2.0470619177152294,-2.753884941646441
12.0,16.0,1016.3421630859376,-2.013598946992013,-3.8698022709176194,0.8743168122472011,3.415153777492925,-0.5313152230542475,1.780825930295341,-0.0397173082134321,1.4326385906775818,-1.550651343751014,-2.745325088546009
12.0,16.0,1016.3421630859376,-2.013598946992013,-3.8698022709176194,0.8743168122472011,3.415153777492925,-0.5313152230542475,1.780825930295341,-0.0397173082134321,1.4326385906775818,-1.550651343751014,-2.745325088546009
12.0,16.0,1016.3544921875,-2.022038817504099,-3.8698022709176194,0.574204934796898,3.415153777492925,-0.4973253575159148,1.780825930295341,-0.0414273708458425,2.4912794039913795,-1.550651343751014,-2.7451065949195392
12.0,16.0,1016.3753662109376,-2.013598946992013,-3.8698022709176194,0.574204934796898,3.415153777492925,-0.4973253575159148,1.780825930295341,-0.0414273708458425,2.4912794039913795,-1.550651343751014,-2.7451065949195392
12.0,16.0,1016.3867797851562,-3.388480979677611,-3.510271171696114,-0.3665805023800647,1.708469287588509,1.830567218226812,1.7708185481644112,1.4435593049612847,3.2493982107316093,-1.9237204388777065,-0.116996107196883
12.0,16.0,1016.4075317382812,-2.7975370455881574,-3.8768327399838713,-0.3966865873323376,2.4862766452917,-0.5131984947216623,1.7698858073950894,-0.3342409981392646,3.1481347090681937,-1.730183088827614,-0.1668978077188272
12.0,16.0,1016.5145874023438,-2.197993147174749,-3.7617160298064256,0.5709820218269271,3.415153777492925,-0.4989440378778496,1.780825930295341,-0.0438662463145124,2.4912794039913795,-1.550651343751014,-2.7125728078699853
12.0,16.0,1016.5631103515624,-3.0798184884776494,-4.657695884618309,-0.4462837454439833,2.96654644758724,2.9393430603249,1.7838882864815395,0.157744098242013,1.4140880397937896,-2.0863909745935114,-2.7361333355712945
12.0,16.0,1016.7979125976562,-2.0023699332355296,-3.7617160298064256,0.5710197100298366,3.415153777492925,-0.420131553532292,1.780825930295341,0.1585609165246857,2.4912794039913795,-1.550651343751014,-2.7125728078699853
12.0,16.0,1016.7992553710938,-2.07559856318301,-4.659915016343342,-0.4436425027977319,2.504626969256783,-0.9911111014118196,1.7838882864815395,0.084622795210646,1.4140880397937896,-2.0863909745935114,-2.7497007900408854
12.0,16.0,1016.868896484375,-3.749996590059445,-3.8698022709176194,-0.4356777927972216,2.4962382729575348,-0.563282043895594,1.1904718316311236,0.0602200813999385,1.456013122727929,-1.550651343751014,-2.102922699703932
12.0,16.0,1016.8802490234376,-2.497763190592908,-3.8698022709176194,0.4244433390748442,3.4144652214950555,-0.4981838335193439,1.7813606441872658,-0.058915565248757,2.4912794039913795,-2.0734424525584583,-2.669941340465168
12.0,16.0,1016.9359130859376,-2.4778456354702034,-3.8698092057087634,0.3989370243652863,3.415153777492925,-0.4435895513278253,1.780825930295341,0.0515749230815733,0.9468211877668362,-2.0599259180897658,-2.7364093618138225
12.0,16.0,1016.9672241210938,-3.749996590059445,-3.8698022709176194,-0.4356777927972216,2.4962382729575348,-0.6018880231782291,1.7362487396934805,1.2483011548027367,1.456013122727929,-1.550651343751014,-2.102922699703932
12.0,16.0,1016.9730224609376,-2.4778456354702034,-4.976335347525964,0.3989370243652863,3.415153777492925,-0.4435895513278253,1.780825930295341,0.0515749230815733,0.9468211877668362,-2.0599259180897658,-2.7364093618138225
12.0,16.0,1017.00732421875,-3.749996590059445,-4.662865994244457,-0.4356777927972216,2.495742471155672,-0.6018880231782291,1.7362487396934805,0.4184644953761852,0.9297606943218693,-1.550651343751014,-1.890107201568033
12.0,16.0,1017.0344848632812,-2.4885835454656275,-4.981946796082677,-0.447460145493581,3.34812659003664,-0.5918428319375884,1.281619754705594,0.0350978185826351,0.9430080713808656,-2.484094744214027,-3.02584074091307
12.0,16.0,1017.1881713867188,-2.022794976226556,-3.8698022709176194,0.8743168122472011,3.3444986226046063,-0.5313152230542475,1.7808111333735035,0.3621327280678118,1.4326385906775818,-1.5509757165946778,-2.753501999485884
12.0,16.0,1017.3682861328124,-1.958721175843757,-3.869802221559072,0.8743168122472011,3.3943933437206124,-0.5313152230542475,1.7460474760464393,0.0602200813999385,1.5535036645473688,-1.5632237113672844,-2.736254124303147
12.0,16.0,1017.3699340820312,-3.45915801205161,-4.657695884618309,-0.4433796091886184,3.422157284740764,-0.434805466348322,1.7713359370077313,0.0715602214538147,1.630527037554381,-2.0863909745935114,-2.5788610469902777
12.0,16.0,1017.3789672851562,-3.163614935318493,-4.647959929235667,-0.3968955511030764,3.4499243410380185,2.772596809022668,1.7580017438709794,1.5469443166878825,2.99864601949916,-1.947482054497761,0.8486146267935855
12.0,16.0,1017.3810424804688,-3.4708131075160256,-4.65763595194728,-0.4400879671363845,2.505402436481428,2.805876665948676,1.7838882864815395,0.138775606793144,3.0125093138187804,-2.0882927632595627,0.8486146267935855
12.0,16.0,1017.4290771484376,-2.027776167408612,-3.87660959353946,0.8743168122472011,3.412045763229698,-1.1101576647554194,1.780825930295341,0.0602200813999385,1.386010747981013,-1.5390416775542757,-2.7509386086098333
12.0,16.0,1017.5109252929688,-1.9974972445106487,-3.8698022709176194,-0.447460145493581,3.34812659003664,-0.5920092756605482,1.7460474760464393,0.035653977416437,1.4038429482107078,-2.485842563392304,-3.02584074091307
12.0,16.0,1017.5144653320312,-2.5138612443350703,-3.8698092057087634,-0.3108081672232328,3.415153777492925,-0.4489291440601721,1.780825930295341,0.0377037663675668,0.9577601372074838,-2.0599259180897658,-2.7364093618138225
12.0,16.0,1017.558837890625,-2.496607263843976,-3.8698092057087634,-0.3108081672232328,3.415153777492925,-0.4489291440601721,1.780825930295341,0.0377037663675668,0.9577601372074838,-2.0599259180897658,-2.7364093618138225
12.0,16.0,1017.558837890625,-2.496607263843976,-3.8698092057087634,-0.3108081672232328,3.415153777492925,-0.4489291440601721,1.780825930295341,0.0377037663675668,0.9577601372074838,-2.0599259180897658,-2.7364093618138225
12.0,16.0,1017.63037109375,-3.393695681540655,-3.87664502919026,-1.4839385305938984,2.3408287462573365,1.7877702714309227,1.76995560076132,-0.0111288060457505,3.3101480011327697,-2.059101277342161,-0.1668978077188272
12.0,16.0,1017.6630859375,-3.362068895823769,-3.7617160298064256,-0.3833095492865347,3.415153777492925,-0.420131553532292,1.7710356072003337,-0.1055392161021508,2.4912794039913795,-1.550651343751014,-2.567316751768656
12.0,16.0,1017.832763671875,-3.749996590059445,-4.679255697726754,-0.4353695406841107,2.550330807155166,-0.6018880231782291,1.7373154199009273,0.445453460724512,1.456013122727929,-2.0895898431333606,-2.430940584946599
12.0,16.0,1017.914794921875,-3.388480979677611,-3.510271171696114,-0.3899604390085825,1.7091578422358047,1.830567218226812,1.7702838342724865,1.45914972776555,3.2493982107316093,-1.9237204388777065,-0.0436624574128765
12.0,16.0,1017.9736328125,-2.0481072920391776,-3.8698022709176194,0.4010634024463263,3.415153777492925,-0.4978476054196512,1.780825930295341,0.0575325463179655,2.575835334773924,-1.5584115311263886,-2.596607696012227
12.0,16.0,1018.0780029296876,-2.0866654437839847,-4.657695884618309,-1.1978816060047843,2.5699309767298057,2.779714492465259,1.472668883847717,1.2804195628883674,0.9603920572695616,-2.073209106580082,-2.524767187318337
12.0,16.0,1018.1964111328124,-3.4757580492723625,-4.6123373593622174,-0.4401346160089054,2.5049990352052203,2.960683687392142,1.735105594770046,0.138775606793144,1.4972106891316277,-2.0882927632595627,-0.0963105329806315
12.0,17.0,1009.8073120117188,-3.45915801205161,-4.657695884618309,-0.4445150156113262,2.551268185285325,2.805876665948676,1.472668883847717,0.3939911166012544,0.9355191857649894,-2.0863909745935114,0.8486146267935855
12.0,17.0,1009.8073120117188,-3.45915801205161,-4.657695884618309,-0.4445150156113262,2.551268185285325,2.805876665948676,1.472668883847717,0.3939911166012544,0.9355191857649894,-2.0863909745935114,0.8486146267935855
12.0,17.0,1009.8073120117188,-3.45915801205161,-4.657695884618309,-0.4445150156113262,2.551268185285325,2.805876665948676,1.472668883847717,0.3939911166012544,0.9355191857649894,-2.0863909745935114,0.8486146267935855
12.0,17.0,1009.8073120117188,-3.45915801205161,-4.657695884618309,-0.4445150156113262,2.551268185285325,2.805876665948676,1.472668883847717,0.3939911166012544,0.9355191857649894,-2.0863909745935114,0.8486146267935855
12.0,17.0,1011.0972290039062,-3.45915801205161,-4.657695884618309,-0.3795691590648984,2.551268185285325,2.805876665948676,1.472668883847717,0.3939911166012544,0.9355191857649894,-2.0863909745935114,0.8486146267935855
12.0,17.0,1014.46337890625,-2.497763190592908,-3.8698022709176194,0.4010634024463263,3.415153777492925,-0.4981838335193439,1.780825930295341,-0.0433251424444648,2.4912794039913795,-2.0734424525584583,-2.596607696012227
12.0,17.0,1014.506591796875,-2.013598946992013,-3.8698022709176194,0.8743168122472011,3.415153777492925,-0.5313152230542475,1.780825930295341,0.0602200813999385,1.4326385906775818,-1.550651343751014,-2.753495723267648
12.0,17.0,1014.506591796875,-2.013598946992013,-3.8698022709176194,0.8743168122472011,3.415153777492925,-0.5313152230542475,1.780825930295341,0.0602200813999385,1.4326385906775818,-1.550651343751014,-2.753495723267648
12.0,17.0,1014.506591796875,-2.013598946992013,-3.8698022709176194,0.8743168122472011,3.415153777492925,-0.5313152230542475,1.780825930295341,0.0602200813999385,1.4326385906775818,-1.550651343751014,-2.753495723267648
12.0,17.0,1014.506591796875,-2.013598946992013,-3.8698022709176194,0.8743168122472011,3.415153777492925,-0.5313152230542475,1.780825930295341,0.0602200813999385,1.4326385906775818,-1.550651343751014,-2.753495723267648
12.0,17.0,1014.506591796875,-2.013598946992013,-3.8698022709176194,0.8743168122472011,3.415153777492925,-0.5313152230542475,1.780825930295341,0.0602200813999385,1.4326385906775818,-1.550651343751014,-2.753495723267648
12.0,17.0,1014.506591796875,-2.013598946992013,-3.8698022709176194,0.8743168122472011,3.415153777492925,-0.5313152230542475,1.780825930295341,0.0602200813999385,1.4326385906775818,-1.550651343751014,-2.753495723267648
12.0,17.0,1014.5425415039062,-2.013598946992013,-3.8698022709176194,0.8743168122472011,3.415153777492925,-0.5313152230542475,1.780825930295341,0.0575632245687938,1.4326385906775818,-1.550651343751014,-2.753495723267648
12.0,17.0,1015.1073608398438,-2.497763190592908,-3.8698022709176194,-0.4362933500193999,3.415153777492925,-0.6005258001120963,1.737175333478285,-0.0433251424444648,1.498838769717468,-2.0734424525584583,-2.663000249163481
12.0,17.0,1015.2132568359376,-2.07559856318301,-4.659915016343342,-0.4436425027977319,2.504626969256783,-0.9911111014118196,1.784312505325027,0.1335435979829462,1.570083900957888,-2.0863909745935114,-2.762715546048226
12.0,17.0,1015.3125610351562,-2.013598946992013,-3.899423081473324,0.9226986310219948,3.415153777492925,-0.5163480926460796,1.780825930295341,0.0602200813999385,1.43242244128429,-1.5899804006292957,-2.749311571662091
12.0,17.0,1015.3319091796876,-2.013598946992013,-3.899423081473324,0.9226986310219948,3.415153777492925,-0.5163480926460796,1.780825930295341,0.0602200813999385,1.4324133684704403,-1.590353352281386,-2.749311571662091
12.0,17.0,1015.4303588867188,-3.393695681540655,-3.8699803426788177,-1.3969085309255802,2.3408287462573365,1.9105773024068324,1.7808849866304626,-0.3342409981392646,1.5252405364045352,-1.5480978422656675,-0.1668978077188272
12.0,17.0,1015.4360961914062,-2.013598946992013,-3.8698022709176194,-0.4433907308292595,3.415153777492925,-0.5308052811491362,1.7693681016988945,-0.3643647602177368,1.4326385906775818,-1.550651343751014,-2.7988727340048465
12.0,17.0,1015.4912719726562,-3.45915801205161,-4.657695884618309,-0.4445150156113262,2.504626969256783,2.805876665948676,1.7838882864815395,0.0844255336638636,1.4140880397937896,-2.0863909745935114,-2.684252969675261
12.0,17.0,1015.5339965820312,-1.689871876474552,-4.6766341692494615,0.3989370243652863,3.415153777492925,-0.4435895513278253,1.7841548387937811,0.1313237872843319,1.5718689622909634,-2.05984544193797,-2.763613881093605
12.0,17.0,1015.6159057617188,-2.022038817504099,-3.8698022709176194,-0.4518488934448036,3.415153777492925,-0.4945150932456841,1.780825930295341,0.0697162350877675,1.4190624372311609,-1.550651343751014,-2.7407739093953505
12.0,17.0,1015.9642944335938,-2.4783109952588016,-3.8698022709176194,-0.4178595513825811,3.34812659003664,-0.5920452909483628,1.743671953105122,0.035653977416437,1.379300610085056,-2.485842563392304,-3.02584074091307
12.0,17.0,1016.0132446289062,-3.393695681540655,-3.87664502919026,-1.395490515168149,2.3408287462573365,1.6183563641869343,1.7698858073950894,-0.3342409981392646,3.3101480011327697,-1.9524136000539647,-0.1668978077188272
12.0,17.0,1016.0132446289062,-3.393695681540655,-3.87664502919026,-1.395490515168149,2.3408287462573365,1.6183563641869343,1.7698858073950894,-0.3342409981392646,3.3101480011327697,-1.9524136000539647,-0.1668978077188272
12.0,17.0,1016.0750122070312,-2.4778456354702034,-3.76256068207136,0.3989370243652863,3.415153777492925,-0.4189729821524512,1.780825930295341,0.1581792603319411,2.553080156691784,-2.0599259180897658,-2.7364093618138225
12.0,17.0,1016.251220703125,-2.07559856318301,-3.6432269316925097,-0.4920243215725268,2.504626969256783,-0.95397468820945,1.7838882864815395,0.084622795210646,1.410496784843788,-2.0470619177152294,-2.753884941646441
12.0,17.0,1016.3421630859376,-2.013598946992013,-3.8698022709176194,0.8743168122472011,3.415153777492925,-0.5313152230542475,1.780825930295341,-0.0397173082134321,1.4326385906775818,-1.550651343751014,-2.745325088546009
12.0,17.0,1016.3421630859376,-2.013598946992013,-3.8698022709176194,0.8743168122472011,3.415153777492925,-0.5313152230542475,1.780825930295341,-0.0397173082134321,1.4326385906775818,-1.550651343751014,-2.745325088546009
12.0,17.0,1016.3544921875,-2.022038817504099,-3.8698022709176194,0.574204934796898,3.415153777492925,-0.4973253575159148,1.780825930295341,-0.0414273708458425,2.4912794039913795,-1.550651343751014,-2.7451065949195392
12.0,17.0,1016.3753662109376,-2.013598946992013,-3.8698022709176194,0.574204934796898,3.415153777492925,-0.4973253575159148,1.780825930295341,-0.0414273708458425,2.4912794039913795,-1.550651343751014,-2.7451065949195392
12.0,17.0,1016.3799438476562,-3.749996590059445,-3.8698022709176194,-0.4356777927972216,2.4962382729575348,-0.563282043895594,1.2039080476340611,0.0602200813999385,1.456013122727929,-1.550651343751014,-2.102922699703932
12.0,17.0,1016.3867797851562,-3.388480979677611,-3.510271171696114,-0.3665805023800647,1.708469287588509,1.830567218226812,1.7708185481644112,1.4435593049612847,3.2493982107316093,-1.9237204388777065,-0.116996107196883
12.0,17.0,1016.4075317382812,-2.7975370455881574,-3.8768327399838713,-0.3966865873323376,2.4862766452917,-0.5131984947216623,1.7698858073950894,-0.3342409981392646,3.1481347090681937,-1.730183088827614,-0.1668978077188272
12.0,17.0,1016.5145874023438,-2.197993147174749,-3.7617160298064256,0.5709820218269271,3.415153777492925,-0.4989440378778496,1.780825930295341,-0.0438662463145124,2.4912794039913795,-1.550651343751014,-2.7125728078699853
12.0,17.0,1016.5332641601562,-2.016949439844755,-3.990097031412087,0.3714628083353265,3.415153777492925,-0.4981478182315291,1.7832014532366585,-0.0433251424444648,3.1301558238727853,-2.0734424525584583,-2.596607696012227
12.0,17.0,1016.5631103515624,-3.0798184884776494,-4.657695884618309,-0.4462837454439833,2.96654644758724,2.9393430603249,1.7838882864815395,0.157744098242013,1.4140880397937896,-2.0863909745935114,-2.7361333355712945
12.0,17.0,1016.7979125976562,-2.0023699332355296,-3.7617160298064256,0.5710197100298366,3.415153777492925,-0.420131553532292,1.780825930295341,0.1585609165246857,2.4912794039913795,-1.550651343751014,-2.7125728078699853
12.0,17.0,1016.7992553710938,-2.07559856318301,-4.659915016343342,-0.4436425027977319,2.504626969256783,-0.9911111014118196,1.7838882864815395,0.084622795210646,1.4140880397937896,-2.0863909745935114,-2.7497007900408854
12.0,17.0,1016.8465576171876,-2.0024398566887607,-3.759734122405544,0.5710197100298366,3.415153777492925,-0.4232310011535968,1.780825930295341,0.1514260821129302,2.469798282255632,-1.550651343751014,-2.70964537122488
12.0,17.0,1016.868896484375,-3.749996590059445,-3.8698022709176194,-0.4356777927972216,2.4962382729575348,-0.563282043895594,1.1904718316311236,0.0602200813999385,1.456013122727929,-1.550651343751014,-2.102922699703932
12.0,17.0,1016.8802490234376,-2.497763190592908,-3.8698022709176194,0.4244433390748442,3.4144652214950555,-0.4981838335193439,1.7813606441872658,-0.058915565248757,2.4912794039913795,-2.0734424525584583,-2.669941340465168
12.0,17.0,1016.9281005859376,-2.013598946992013,-3.8698022709176194,0.574204934796898,3.415153777492925,-0.4997210500146873,1.780825930295341,-0.0414273708458425,2.469583013799803,-1.550651343751014,-2.753396661305492
12.0,17.0,1016.9359130859376,-2.4778456354702034,-3.8698092057087634,0.3989370243652863,3.415153777492925,-0.4435895513278253,1.780825930295341,0.0515749230815733,0.9468211877668362,-2.0599259180897658,-2.7364093618138225
12.0,17.0,1016.9672241210938,-3.749996590059445,-3.8698022709176194,-0.4356777927972216,2.4962382729575348,-0.6018880231782291,1.7362487396934805,1.2483011548027367,1.456013122727929,-1.550651343751014,-2.102922699703932
12.0,17.0,1016.9730224609376,-2.4778456354702034,-4.976335347525964,0.3989370243652863,3.415153777492925,-0.4435895513278253,1.780825930295341,0.0515749230815733,0.9468211877668362,-2.0599259180897658,-2.7364093618138225
12.0,17.0,1017.00732421875,-3.749996590059445,-4.662865994244457,-0.4356777927972216,2.495742471155672,-0.6018880231782291,1.7362487396934805,0.4184644953761852,0.9297606943218693,-1.550651343751014,-1.890107201568033
12.0,17.0,1017.0344848632812,-2.4885835454656275,-4.981946796082677,-0.447460145493581,3.34812659003664,-0.5918428319375884,1.281619754705594,0.0350978185826351,0.9430080713808656,-2.484094744214027,-3.02584074091307
12.0,17.0,1017.0344848632812,-2.4885835454656275,-4.981946796082677,-0.447460145493581,3.34812659003664,-0.5918428319375884,1.281619754705594,0.0350978185826351,0.9430080713808656,-2.484094744214027,-3.02584074091307
12.0,17.0,1017.063232421875,-1.958721175843757,-3.51439688906306,-0.3136911209141438,3.3943933437206124,1.7343873239194274,1.7710014547370307,0.1106899778695197,1.5877997071925782,-1.5632237113672844,-2.736254124303147
12.0,18.0,1009.7028198242188,-3.45915801205161,-4.657695884618309,-0.4486749301705609,2.551268185285325,2.805876665948676,1.472668883847717,0.3939911166012544,0.9355191857649894,-2.0863909745935114,0.8486146267935855
12.0,18.0,1009.8073120117188,-3.45915801205161,-4.657695884618309,-0.4445150156113262,2.551268185285325,2.805876665948676,1.472668883847717,0.3939911166012544,0.9355191857649894,-2.0863909745935114,0.8486146267935855
12.0,18.0,1009.8073120117188,-3.45915801205161,-4.657695884618309,-0.4445150156113262,2.551268185285325,2.805876665948676,1.472668883847717,0.3939911166012544,0.9355191857649894,-2.0863909745935114,0.8486146267935855
12.0,18.0,1009.8073120117188,-3.45915801205161,-4.657695884618309,-0.4445150156113262,2.551268185285325,2.805876665948676,1.472668883847717,0.3939911166012544,0.9355191857649894,-2.0863909745935114,0.8486146267935855
12.0,18.0,1009.8073120117188,-3.45915801205161,-4.657695884618309,-0.4445150156113262,2.551268185285325,2.805876665948676,1.472668883847717,0.3939911166012544,0.9355191857649894,-2.0863909745935114,0.8486146267935855
12.0,18.0,1010.5491943359376,-3.458522648180268,-4.657695884618309,-1.4114141068250214,2.3546561819922207,2.805876665948676,1.472668883847717,0.3939911166012544,0.9355191857649894,-2.1718982127662487,-0.1616632564034955
12.0,18.0,1011.0972290039062,-3.45915801205161,-4.657695884618309,-0.3795691590648984,2.551268185285325,2.805876665948676,1.472668883847717,0.3939911166012544,0.9355191857649894,-2.0863909745935114,0.8486146267935855
12.0,18.0,1013.1567993164062,-2.490970267458388,-3.8698022709176194,0.4010634024463263,3.415153777492925,-0.5334599350041097,1.780825930295341,-0.0433251424444648,2.4912794039913795,-2.073343984471127,-2.5952179353778004
12.0,18.0,1013.545654296875,-2.4379490752834867,-3.8698022709176194,0.4010634024463263,3.502383192056272,-0.4987153220305391,1.76050852551494,0.0571124890618582,2.4912794039913795,-2.0734424525584583,-2.596607696012227
12.0,18.0,1014.2027587890624,-3.45915801205161,-4.657695884618309,-1.0562763542409228,2.551268185285325,2.805876665948676,1.472668883847717,0.3939911166012544,0.9355191857649894,-2.0863909745935114,0.2518814658041266
12.0,18.0,1014.46337890625,-2.497763190592908,-3.8698022709176194,0.4010634024463263,3.415153777492925,-0.4981838335193439,1.780825930295341,-0.0433251424444648,2.4912794039913795,-2.0734424525584583,-2.596607696012227
12.0,18.0,1014.4971923828124,-3.441961656557328,-4.657695884618309,-0.3950397864177846,1.9731422557625868,-0.6054225884158198,1.7838882864815395,-0.3854624259058812,1.4153393339774885,-2.0863909745935114,-2.684252969675261
12.0,18.0,1014.506591796875,-2.013598946992013,-3.8698022709176194,0.8743168122472011,3.415153777492925,-0.5313152230542475,1.780825930295341,0.0602200813999385,1.4326385906775818,-1.550651343751014,-2.753495723267648
12.0,18.0,1014.506591796875,-2.013598946992013,-3.8698022709176194,0.8743168122472011,3.415153777492925,-0.5313152230542475,1.780825930295341,0.0602200813999385,1.4326385906775818,-1.550651343751014,-2.753495723267648
12.0,18.0,1014.506591796875,-2.013598946992013,-3.8698022709176194,0.8743168122472011,3.415153777492925,-0.5313152230542475,1.780825930295341,0.0602200813999385,1.4326385906775818,-1.550651343751014,-2.753495723267648
12.0,18.0,1014.506591796875,-2.013598946992013,-3.8698022709176194,0.8743168122472011,3.415153777492925,-0.5313152230542475,1.780825930295341,0.0602200813999385,1.4326385906775818,-1.550651343751014,-2.753495723267648
12.0,18.0,1014.506591796875,-2.013598946992013,-3.8698022709176194,0.8743168122472011,3.415153777492925,-0.5313152230542475,1.780825930295341,0.0602200813999385,1.4326385906775818,-1.550651343751014,-2.753495723267648
12.0,18.0,1014.506591796875,-2.013598946992013,-3.8698022709176194,0.8743168122472011,3.415153777492925,-0.5313152230542475,1.780825930295341,0.0602200813999385,1.4326385906775818,-1.550651343751014,-2.753495723267648
12.0,18.0,1014.5425415039062,-2.013598946992013,-3.8698022709176194,0.8743168122472011,3.415153777492925,-0.5313152230542475,1.780825930295341,0.0575632245687938,1.4326385906775818,-1.550651343751014,-2.753495723267648
12.0,18.0,1014.88623046875,-2.0023480579801527,-3.759734122405544,-0.4910299683467976,3.415153777492925,-0.3453243221379677,1.7837148351438494,0.1088272284133161,1.3905003215436778,-1.550651343751014,-2.70964537122488
12.0,18.0,1015.0213012695312,-2.013598946992013,-3.869447256500292,0.9192688574785706,3.415153777492925,-0.5163690054763334,1.780825930295341,0.0602200813999385,1.43242244128429,-1.5523007503976929,-2.749311571662091
12.0,18.0,1015.1073608398438,-2.497763190592908,-3.8698022709176194,-0.4362933500193999,3.415153777492925,-0.6005258001120963,1.737175333478285,-0.0433251424444648,1.498838769717468,-2.0734424525584583,-2.663000249163481
12.0,18.0,1015.2132568359376,-2.07559856318301,-4.659915016343342,-0.4436425027977319,2.504626969256783,-0.9911111014118196,1.784312505325027,0.1335435979829462,1.570083900957888,-2.0863909745935114,-2.762715546048226
12.0,18.0,1015.3125610351562,-2.013598946992013,-3.899423081473324,0.9226986310219948,3.415153777492925,-0.5163480926460796,1.780825930295341,0.0602200813999385,1.43242244128429,-1.5899804006292957,-2.749311571662091
12.0,18.0,1015.3319091796876,-2.013598946992013,-3.899423081473324,0.9226986310219948,3.415153777492925,-0.5163480926460796,1.780825930295341,0.0602200813999385,1.4324133684704403,-1.590353352281386,-2.749311571662091
12.0,18.0,1015.4238891601562,-4.868364593759702,-4.681142951556409,-0.5866333535207978,3.415153777492925,-0.5313152230542475,1.780825930295341,0.0602200813999385,1.422339872669279,-1.550651343751014,-2.753495723267648
12.0,18.0,1015.4303588867188,-3.393695681540655,-3.8699803426788177,-1.3969085309255802,2.3408287462573365,1.9105773024068324,1.7808849866304626,-0.3342409981392646,1.5252405364045352,-1.5480978422656675,-0.1668978077188272
12.0,18.0,1015.4360961914062,-2.013598946992013,-3.8698022709176194,-0.4433907308292595,3.415153777492925,-0.5308052811491362,1.7693681016988945,-0.3643647602177368,1.4326385906775818,-1.550651343751014,-2.7988727340048465
12.0,18.0,1015.4912719726562,-3.45915801205161,-4.657695884618309,-0.4445150156113262,2.504626969256783,2.805876665948676,1.7838882864815395,0.0844255336638636,1.4140880397937896,-2.0863909745935114,-2.684252969675261
12.0,18.0,1015.5339965820312,-1.689871876474552,-4.6766341692494615,0.3989370243652863,3.415153777492925,-0.4435895513278253,1.7841548387937811,0.1313237872843319,1.5718689622909634,-2.05984544193797,-2.763613881093605
12.0,18.0,1015.6159057617188,-2.022038817504099,-3.8698022709176194,-0.4518488934448036,3.415153777492925,-0.4945150932456841,1.780825930295341,0.0697162350877675,1.4190624372311609,-1.550651343751014,-2.7407739093953505
12.0,18.0,1015.9642944335938,-2.4783109952588016,-3.8698022709176194,-0.4178595513825811,3.34812659003664,-0.5920452909483628,1.743671953105122,0.035653977416437,1.379300610085056,-2.485842563392304,-3.02584074091307
12.0,18.0,1016.0132446289062,-3.393695681540655,-3.87664502919026,-1.395490515168149,2.3408287462573365,1.6183563641869343,1.7698858073950894,-0.3342409981392646,3.3101480011327697,-1.9524136000539647,-0.1668978077188272
12.0,18.0,1016.0132446289062,-3.393695681540655,-3.87664502919026,-1.395490515168149,2.3408287462573365,1.6183563641869343,1.7698858073950894,-0.3342409981392646,3.3101480011327697,-1.9524136000539647,-0.1668978077188272
12.0,18.0,1016.01611328125,-1.689871876474552,-4.676174018711171,-0.4503239898203552,3.409043524874851,-0.4435895513278253,1.784311714381278,0.1313237872843319,1.5718689622909634,-2.544128986830924,-2.763613881093605
12.0,18.0,1016.0750122070312,-2.4778456354702034,-3.76256068207136,0.3989370243652863,3.415153777492925,-0.4189729821524512,1.780825930295341,0.1581792603319411,2.553080156691784,-2.0599259180897658,-2.7364093618138225
12.0,18.0,1016.251220703125,-2.07559856318301,-3.6432269316925097,-0.4920243215725268,2.504626969256783,-0.95397468820945,1.7838882864815395,0.084622795210646,1.410496784843788,-2.0470619177152294,-2.753884941646441
12.0,18.0,1016.3421630859376,-2.013598946992013,-3.8698022709176194,0.8743168122472011,3.415153777492925,-0.5313152230542475,1.780825930295341,-0.0397173082134321,1.4326385906775818,-1.550651343751014,-2.745325088546009
12.0,18.0,1016.3421630859376,-2.013598946992013,-3.8698022709176194,0.8743168122472011,3.415153777492925,-0.5313152230542475,1.780825930295341,-0.0397173082134321,1.4326385906775818,-1.550651343751014,-2.745325088546009
12.0,18.0,1016.3544921875,-2.022038817504099,-3.8698022709176194,0.574204934796898,3.415153777492925,-0.4973253575159148,1.780825930295341,-0.0414273708458425,2.4912794039913795,-1.550651343751014,-2.7451065949195392
12.0,18.0,1016.3753662109376,-2.013598946992013,-3.8698022709176194,0.574204934796898,3.415153777492925,-0.4973253575159148,1.780825930295341,-0.0414273708458425,2.4912794039913795,-1.550651343751014,-2.7451065949195392
12.0,18.0,1016.3799438476562,-3.749996590059445,-3.8698022709176194,-0.4356777927972216,2.4962382729575348,-0.563282043895594,1.2039080476340611,0.0602200813999385,1.456013122727929,-1.550651343751014,-2.102922699703932
12.0,18.0,1016.3799438476562,-3.749996590059445,-3.8698022709176194,-0.4356777927972216,2.4962382729575348,-0.563282043895594,1.2039080476340611,0.0602200813999385,1.456013122727929,-1.550651343751014,-2.102922699703932
12.0,18.0,1016.3867797851562,-3.388480979677611,-3.510271171696114,-0.3665805023800647,1.708469287588509,1.830567218226812,1.7708185481644112,1.4435593049612847,3.2493982107316093,-1.9237204388777065,-0.116996107196883
12.0,18.0,1016.3963012695312,-2.013598946992013,-3.899778095890652,0.8777465857906253,3.415153777492925,-0.5312943102239939,1.780825930295341,0.0602200813999385,1.4326385906775818,-1.5883309939826165,-2.753495723267648
12.0,18.0,1016.4075317382812,-2.7975370455881574,-3.8768327399838713,-0.3966865873323376,2.4862766452917,-0.5131984947216623,1.7698858073950894,-0.3342409981392646,3.1481347090681937,-1.730183088827614,-0.1668978077188272
12.0,18.0,1016.5145874023438,-2.197993147174749,-3.7617160298064256,0.5709820218269271,3.415153777492925,-0.4989440378778496,1.780825930295341,-0.0438662463145124,2.4912794039913795,-1.550651343751014,-2.7125728078699853
12.0,18.0,1016.5332641601562,-2.016949439844755,-3.990097031412087,0.3714628083353265,3.415153777492925,-0.4981478182315291,1.7832014532366585,-0.0433251424444648,3.1301558238727853,-2.0734424525584583,-2.596607696012227
12.0,18.0,1016.5631103515624,-3.0798184884776494,-4.657695884618309,-0.4462837454439833,2.96654644758724,2.9393430603249,1.7838882864815395,0.157744098242013,1.4140880397937896,-2.0863909745935114,-2.7361333355712945
12.0,18.0,1016.7169799804688,-2.020391870126533,-3.8698022709176194,0.8743168122472011,3.415153777492925,-0.4960391215694818,1.780825930295341,0.0575632245687938,1.4326385906775818,-1.5507498118383447,-2.754885483902074
12.0,19.0,1009.7028198242188,-3.45915801205161,-4.657695884618309,-0.4486749301705609,2.551268185285325,2.805876665948676,1.472668883847717,0.3939911166012544,0.9355191857649894,-2.0863909745935114,0.8486146267935855
12.0,19.0,1009.8073120117188,-3.45915801205161,-4.657695884618309,-0.4445150156113262,2.551268185285325,2.805876665948676,1.472668883847717,0.3939911166012544,0.9355191857649894,-2.0863909745935114,0.8486146267935855
12.0,19.0,1009.8073120117188,-3.45915801205161,-4.657695884618309,-0.4445150156113262,2.551268185285325,2.805876665948676,1.472668883847717,0.3939911166012544,0.9355191857649894,-2.0863909745935114,0.8486146267935855
12.0,19.0,1009.8073120117188,-3.45915801205161,-4.657695884618309,-0.4445150156113262,2.551268185285325,2.805876665948676,1.472668883847717,0.3939911166012544,0.9355191857649894,-2.0863909745935114,0.8486146267935855
12.0,19.0,1009.8073120117188,-3.45915801205161,-4.657695884618309,-0.4445150156113262,2.551268185285325,2.805876665948676,1.472668883847717,0.3939911166012544,0.9355191857649894,-2.0863909745935114,0.8486146267935855
12.0,19.0,1010.295166015625,-2.497763190592908,-3.8616085648220846,-0.4362770460425599,3.418864179411982,-0.6005258001120963,1.7828946848681462,0.1531922552096776,1.498838769717468,-2.5432717641133147,-2.659884055119428
12.0,19.0,1010.5491943359376,-3.458522648180268,-4.657695884618309,-1.4114141068250214,2.3546561819922207,2.805876665948676,1.472668883847717,0.3939911166012544,0.9355191857649894,-2.1718982127662487,-0.1616632564034955
12.0,19.0,1011.0972290039062,-3.45915801205161,-4.657695884618309,-0.3795691590648984,2.551268185285325,2.805876665948676,1.472668883847717,0.3939911166012544,0.9355191857649894,-2.0863909745935114,0.8486146267935855
12.0,19.0,1011.0972290039062,-3.45915801205161,-4.657695884618309,-0.3795691590648984,2.551268185285325,2.805876665948676,1.472668883847717,0.3939911166012544,0.9355191857649894,-2.0863909745935114,0.8486146267935855
12.0,19.0,1012.5004272460938,-3.45915801205161,-4.657695884618309,-0.4445150156113262,2.551268185285325,2.5813147653686883,1.472668883847717,0.3939911166012544,0.9355191857649894,-2.0863909745935114,0.8486146267935855
12.0,19.0,1013.1567993164062,-2.490970267458388,-3.8698022709176194,0.4010634024463263,3.415153777492925,-0.5334599350041097,1.780825930295341,-0.0433251424444648,2.4912794039913795,-2.073343984471127,-2.5952179353778004
12.0,19.0,1013.545654296875,-2.4379490752834867,-3.8698022709176194,0.4010634024463263,3.502383192056272,-0.4987153220305391,1.76050852551494,0.0571124890618582,2.4912794039913795,-2.0734424525584583,-2.596607696012227
12.0,19.0,1014.2027587890624,-3.45915801205161,-4.657695884618309,-1.0562763542409228,2.551268185285325,2.805876665948676,1.472668883847717,0.3939911166012544,0.9355191857649894,-2.0863909745935114,0.2518814658041266
12.0,19.0,1014.46337890625,-2.497763190592908,-3.8698022709176194,0.4010634024463263,3.415153777492925,-0.4981838335193439,1.780825930295341,-0.0433251424444648,2.4912794039913795,-2.0734424525584583,-2.596607696012227
12.0,19.0,1014.4971923828124,-3.441961656557328,-4.657695884618309,-0.3950397864177846,1.9731422557625868,-0.6054225884158198,1.7838882864815395,-0.3854624259058812,1.4153393339774885,-2.0863909745935114,-2.684252969675261
12.0,19.0,1014.506591796875,-2.013598946992013,-3.8698022709176194,0.8743168122472011,3.415153777492925,-0.5313152230542475,1.780825930295341,0.0602200813999385,1.4326385906775818,-1.550651343751014,-2.753495723267648
12.0,19.0,1014.506591796875,-2.013598946992013,-3.8698022709176194,0.8743168122472011,3.415153777492925,-0.5313152230542475,1.780825930295341,0.0602200813999385,1.4326385906775818,-1.550651343751014,-2.753495723267648
12.0,19.0,1014.506591796875,-2.013598946992013,-3.8698022709176194,0.8743168122472011,3.415153777492925,-0.5313152230542475,1.780825930295341,0.0602200813999385,1.4326385906775818,-1.550651343751014,-2.753495723267648
12.0,19.0,1014.506591796875,-2.013598946992013,-3.8698022709176194,0.8743168122472011,3.415153777492925,-0.5313152230542475,1.780825930295341,0.0602200813999385,1.4326385906775818,-1.550651343751014,-2.753495723267648
12.0,19.0,1014.506591796875,-2.013598946992013,-3.8698022709176194,0.8743168122472011,3.415153777492925,-0.5313152230542475,1.780825930295341,0.0602200813999385,1.4326385906775818,-1.550651343751014,-2.753495723267648
12.0,19.0,1014.506591796875,-2.013598946992013,-3.8698022709176194,0.8743168122472011,3.415153777492925,-0.5313152230542475,1.780825930295341,0.0602200813999385,1.4326385906775818,-1.550651343751014,-2.753495723267648
12.0,19.0,1014.506591796875,-2.013598946992013,-3.8698022709176194,0.8743168122472011,3.415153777492925,-0.5313152230542475,1.780825930295341,0.0602200813999385,1.4326385906775818,-1.550651343751014,-2.753495723267648
12.0,19.0,1014.5425415039062,-2.013598946992013,-3.8698022709176194,0.8743168122472011,3.415153777492925,-0.5313152230542475,1.780825930295341,0.0575632245687938,1.4326385906775818,-1.550651343751014,-2.753495723267648
12.0,19.0,1014.88623046875,-2.0023480579801527,-3.759734122405544,-0.4910299683467976,3.415153777492925,-0.3453243221379677,1.7837148351438494,0.1088272284133161,1.3905003215436778,-1.550651343751014,-2.70964537122488
12.0,19.0,1015.0213012695312,-2.013598946992013,-3.869447256500292,0.9192688574785706,3.415153777492925,-0.5163690054763334,1.780825930295341,0.0602200813999385,1.43242244128429,-1.5523007503976929,-2.749311571662091
12.0,19.0,1015.1073608398438,-2.497763190592908,-3.8698022709176194,-0.4362933500193999,3.415153777492925,-0.6005258001120963,1.737175333478285,-0.0433251424444648,1.498838769717468,-2.0734424525584583,-2.663000249163481
12.0,19.0,1015.2132568359376,-2.07559856318301,-4.659915016343342,-0.4436425027977319,2.504626969256783,-0.9911111014118196,1.784312505325027,0.1335435979829462,1.570083900957888,-2.0863909745935114,-2.762715546048226
12.0,19.0,1015.3125610351562,-2.013598946992013,-3.899423081473324,0.9226986310219948,3.415153777492925,-0.5163480926460796,1.780825930295341,0.0602200813999385,1.43242244128429,-1.5899804006292957,-2.749311571662091
12.0,19.0,1015.3319091796876,-2.013598946992013,-3.899423081473324,0.9226986310219948,3.415153777492925,-0.5163480926460796,1.780825930295341,0.0602200813999385,1.4324133684704403,-1.590353352281386,-2.749311571662091
12.0,19.0,1015.4238891601562,-4.868364593759702,-4.681142951556409,-0.5866333535207978,3.415153777492925,-0.5313152230542475,1.780825930295341,0.0602200813999385,1.422339872669279,-1.550651343751014,-2.753495723267648
12.0,19.0,1015.4303588867188,-3.393695681540655,-3.8699803426788177,-1.3969085309255802,2.3408287462573365,1.9105773024068324,1.7808849866304626,-0.3342409981392646,1.5252405364045352,-1.5480978422656675,-0.1668978077188272
12.0,19.0,1015.4360961914062,-2.013598946992013,-3.8698022709176194,-0.4433907308292595,3.415153777492925,-0.5308052811491362,1.7693681016988945,-0.3643647602177368,1.4326385906775818,-1.550651343751014,-2.7988727340048465
12.0,19.0,1015.4912719726562,-3.45915801205161,-4.657695884618309,-0.4445150156113262,2.504626969256783,2.805876665948676,1.7838882864815395,0.0844255336638636,1.4140880397937896,-2.0863909745935114,-2.684252969675261
12.0,19.0,1015.5064086914062,-2.4783109952588016,-4.121610195491354,-0.4178595513825811,3.34812659003664,-0.5920452909483628,1.743671953105122,0.035653977416437,1.379300610085056,-2.485842563392304,-3.02584074091307
12.0,19.0,1015.5339965820312,-1.689871876474552,-4.6766341692494615,0.3989370243652863,3.415153777492925,-0.4435895513278253,1.7841548387937811,0.1313237872843319,1.5718689622909634,-2.05984544193797,-2.763613881093605
12.0,19.0,1015.6159057617188,-2.022038817504099,-3.8698022709176194,-0.4518488934448036,3.415153777492925,-0.4945150932456841,1.780825930295341,0.0697162350877675,1.4190624372311609,-1.550651343751014,-2.7407739093953505
12.0,19.0,1015.6469116210938,-2.013598946992013,-3.900441110047804,0.9226986310219948,3.3673080913943707,-0.5163480926460796,1.780825930295341,0.0602200813999385,1.4324179878172552,-1.5919745566843406,-2.749311571662091
12.0,19.0,1015.9642944335938,-2.4783109952588016,-3.8698022709176194,-0.4178595513825811,3.34812659003664,-0.5920452909483628,1.743671953105122,0.035653977416437,1.379300610085056,-2.485842563392304,-3.02584074091307
12.0,19.0,1016.0132446289062,-3.393695681540655,-3.87664502919026,-1.395490515168149,2.3408287462573365,1.6183563641869343,1.7698858073950894,-0.3342409981392646,3.3101480011327697,-1.9524136000539647,-0.1668978077188272
12.0,19.0,1016.0132446289062,-3.393695681540655,-3.87664502919026,-1.395490515168149,2.3408287462573365,1.6183563641869343,1.7698858073950894,-0.3342409981392646,3.3101480011327697,-1.9524136000539647,-0.1668978077188272
12.0,19.0,1016.01611328125,-1.689871876474552,-4.676174018711171,-0.4503239898203552,3.409043524874851,-0.4435895513278253,1.784311714381278,0.1313237872843319,1.5718689622909634,-2.544128986830924,-2.763613881093605
12.0,19.0,1016.0750122070312,-2.4778456354702034,-3.76256068207136,0.3989370243652863,3.415153777492925,-0.4189729821524512,1.780825930295341,0.1581792603319411,2.553080156691784,-2.0599259180897658,-2.7364093618138225
12.0,19.0,1016.0765991210938,-3.458522648180268,-3.868023875171843,-1.4114141068250214,2.3546561819922207,-0.5211874664749883,1.458180441816103,0.3939911166012544,0.9355191857649894,-2.1718982127662487,0.0024029331147377
12.0,19.0,1016.251220703125,-2.07559856318301,-3.6432269316925097,-0.4920243215725268,2.504626969256783,-0.95397468820945,1.7838882864815395,0.084622795210646,1.410496784843788,-2.0470619177152294,-2.753884941646441
12.0,19.0,1016.2559814453124,-2.013598946992013,-3.8679774905498814,0.9239765738067144,3.415153777492925,-0.5163480926460796,1.780825930295341,0.0602200813999385,1.4324181190426364,-1.5899804006292957,-2.7495703586541995
12.0,19.0,1016.3421630859376,-2.013598946992013,-3.8698022709176194,0.8743168122472011,3.415153777492925,-0.5313152230542475,1.780825930295341,-0.0397173082134321,1.4326385906775818,-1.550651343751014,-2.745325088546009
12.0,19.0,1016.3421630859376,-2.013598946992013,-3.8698022709176194,0.8743168122472011,3.415153777492925,-0.5313152230542475,1.780825930295341,-0.0397173082134321,1.4326385906775818,-1.550651343751014,-2.745325088546009
12.0,19.0,1016.3544921875,-2.022038817504099,-3.8698022709176194,0.574204934796898,3.415153777492925,-0.4973253575159148,1.780825930295341,-0.0414273708458425,2.4912794039913795,-1.550651343751014,-2.7451065949195392
12.0,19.0,1016.3753662109376,-2.013598946992013,-3.8698022709176194,0.574204934796898,3.415153777492925,-0.4973253575159148,1.780825930295341,-0.0414273708458425,2.4912794039913795,-1.550651343751014,-2.7451065949195392
12.0,19.0,1016.3799438476562,-3.749996590059445,-3.8698022709176194,-0.4356777927972216,2.4962382729575348,-0.563282043895594,1.2039080476340611,0.0602200813999385,1.456013122727929,-1.550651343751014,-2.102922699703932
12.0,20.0,1009.7028198242188,-3.45915801205161,-4.657695884618309,-0.4486749301705609,2.551268185285325,2.805876665948676,1.472668883847717,0.3939911166012544,0.9355191857649894,-2.0863909745935114,0.8486146267935855
12.0,20.0,1009.7028198242188,-3.45915801205161,-4.657695884618309,-0.4486749301705609,2.551268185285325,2.805876665948676,1.472668883847717,0.3939911166012544,0.9355191857649894,-2.0863909745935114,0.8486146267935855
12.0,20.0,1009.8073120117188,-3.45915801205161,-4.657695884618309,-0.4445150156113262,2.551268185285325,2.805876665948676,1.472668883847717,0.3939911166012544,0.9355191857649894,-2.0863909745935114,0.8486146267935855
12.0,20.0,1009.8073120117188,-3.45915801205161,-4.657695884618309,-0.4445150156113262,2.551268185285325,2.805876665948676,1.472668883847717,0.3939911166012544,0.9355191857649894,-2.0863909745935114,0.8486146267935855
12.0,20.0,1009.8073120117188,-3.45915801205161,-4.657695884618309,-0.4445150156113262,2.551268185285325,2.805876665948676,1.472668883847717,0.3939911166012544,0.9355191857649894,-2.0863909745935114,0.8486146267935855
12.0,20.0,1009.8073120117188,-3.45915801205161,-4.657695884618309,-0.4445150156113262,2.551268185285325,2.805876665948676,1.472668883847717,0.3939911166012544,0.9355191857649894,-2.0863909745935114,0.8486146267935855
12.0,20.0,1010.295166015625,-2.497763190592908,-3.8616085648220846,-0.4362770460425599,3.418864179411982,-0.6005258001120963,1.7828946848681462,0.1531922552096776,1.498838769717468,-2.5432717641133147,-2.659884055119428
12.0,20.0,1010.5491943359376,-3.458522648180268,-4.657695884618309,-1.4114141068250214,2.3546561819922207,2.805876665948676,1.472668883847717,0.3939911166012544,0.9355191857649894,-2.1718982127662487,-0.1616632564034955
12.0,20.0,1011.0972290039062,-3.45915801205161,-4.657695884618309,-0.3795691590648984,2.551268185285325,2.805876665948676,1.472668883847717,0.3939911166012544,0.9355191857649894,-2.0863909745935114,0.8486146267935855
12.0,20.0,1011.0972290039062,-3.45915801205161,-4.657695884618309,-0.3795691590648984,2.551268185285325,2.805876665948676,1.472668883847717,0.3939911166012544,0.9355191857649894,-2.0863909745935114,0.8486146267935855
12.0,20.0,1011.4653930664062,-3.45915801205161,-4.657695884618309,-0.4458331523121379,2.551268185285325,2.805876665948676,1.472668883847717,0.3939911166012544,1.0903424156591837,-2.0863909745935114,0.8486146267935855
12.0,20.0,1011.5177001953124,-2.497763190592908,-3.869589149937503,-0.4459001140675735,3.415256553574091,-0.6005258001120963,1.7827052194348398,0.0627668260268532,1.4985667675753291,-2.526641026713812,-2.659884055119428
12.0,20.0,1011.7777709960938,-3.45915801205161,-4.710690541279202,-0.3782510223640867,2.551268185285325,2.805876665948676,1.472668883847717,0.3939911166012544,0.9355191857649894,-2.0863909745935114,0.8486146267935855
12.0,20.0,1012.5004272460938,-3.45915801205161,-4.657695884618309,-0.4445150156113262,2.551268185285325,2.5813147653686883,1.472668883847717,0.3939911166012544,0.9355191857649894,-2.0863909745935114,0.8486146267935855
12.0,20.0,1013.1567993164062,-2.490970267458388,-3.8698022709176194,0.4010634024463263,3.415153777492925,-0.5334599350041097,1.780825930295341,-0.0433251424444648,2.4912794039913795,-2.073343984471127,-2.5952179353778004
12.0,20.0,1013.1777954101562,-3.45915801205161,-4.759661522725478,-0.4486749301705609,2.551268185285325,2.805876665948676,1.575546077073625,0.3939911166012544,0.9355191857649894,-2.0863909745935114,0.8486146267935855
12.0,20.0,1013.545654296875,-2.4379490752834867,-3.8698022709176194,0.4010634024463263,3.502383192056272,-0.4987153220305391,1.76050852551494,0.0571124890618582,2.4912794039913795,-2.0734424525584583,-2.596607696012227
12.0,20.0,1014.2027587890624,-3.45915801205161,-4.657695884618309,-1.0562763542409228,2.551268185285325,2.805876665948676,1.472668883847717,0.3939911166012544,0.9355191857649894,-2.0863909745935114,0.2518814658041266
12.0,20.0,1014.46337890625,-2.497763190592908,-3.8698022709176194,0.4010634024463263,3.415153777492925,-0.4981838335193439,1.780825930295341,-0.0433251424444648,2.4912794039913795,-2.0734424525584583,-2.596607696012227
12.0,20.0,1014.4971923828124,-3.441961656557328,-4.657695884618309,-0.3950397864177846,1.9731422557625868,-0.6054225884158198,1.7838882864815395,-0.3854624259058812,1.4153393339774885,-2.0863909745935114,-2.684252969675261
12.0,20.0,1014.506591796875,-2.013598946992013,-3.8698022709176194,0.8743168122472011,3.415153777492925,-0.5313152230542475,1.780825930295341,0.0602200813999385,1.4326385906775818,-1.550651343751014,-2.753495723267648
12.0,20.0,1014.506591796875,-2.013598946992013,-3.8698022709176194,0.8743168122472011,3.415153777492925,-0.5313152230542475,1.780825930295341,0.0602200813999385,1.4326385906775818,-1.550651343751014,-2.753495723267648
12.0,20.0,1014.506591796875,-2.013598946992013,-3.8698022709176194,0.8743168122472011,3.415153777492925,-0.5313152230542475,1.780825930295341,0.0602200813999385,1.4326385906775818,-1.550651343751014,-2.753495723267648
12.0,20.0,1014.506591796875,-2.013598946992013,-3.8698022709176194,0.8743168122472011,3.415153777492925,-0.5313152230542475,1.780825930295341,0.0602200813999385,1.4326385906775818,-1.550651343751014,-2.753495723267648
12.0,20.0,1014.506591796875,-2.013598946992013,-3.8698022709176194,0.8743168122472011,3.415153777492925,-0.5313152230542475,1.780825930295341,0.0602200813999385,1.4326385906775818,-1.550651343751014,-2.753495723267648
12.0,20.0,1014.506591796875,-2.013598946992013,-3.8698022709176194,0.8743168122472011,3.415153777492925,-0.5313152230542475,1.780825930295341,0.0602200813999385,1.4326385906775818,-1.550651343751014,-2.753495723267648
12.0,20.0,1014.506591796875,-2.013598946992013,-3.8698022709176194,0.8743168122472011,3.415153777492925,-0.5313152230542475,1.780825930295341,0.0602200813999385,1.4326385906775818,-1.550651343751014,-2.753495723267648
12.0,20.0,1014.5425415039062,-2.013598946992013,-3.8698022709176194,0.8743168122472011,3.415153777492925,-0.5313152230542475,1.780825930295341,0.0575632245687938,1.4326385906775818,-1.550651343751014,-2.753495723267648
12.0,20.0,1014.5933227539062,-2.19279593196027,-3.8698022709176194,-0.4178595513825811,3.34812659003664,-0.5920452909483628,1.743671953105122,0.1385806170329777,1.379300610085056,-2.061341266323628,-3.02584074091307
12.0,20.0,1014.6055908203124,-2.490970267458388,-3.841739114583289,0.4010634024463263,3.415153777492925,-0.5334599350041097,1.780825930295341,-0.0433251424444648,2.4912794039913795,-2.073343984471127,-2.5952179353778004
12.0,20.0,1014.88623046875,-2.0023480579801527,-3.759734122405544,-0.4910299683467976,3.415153777492925,-0.3453243221379677,1.7837148351438494,0.1088272284133161,1.3905003215436778,-1.550651343751014,-2.70964537122488
12.0,20.0,1015.0213012695312,-2.013598946992013,-3.869447256500292,0.9192688574785706,3.415153777492925,-0.5163690054763334,1.780825930295341,0.0602200813999385,1.43242244128429,-1.5523007503976929,-2.749311571662091
12.0,20.0,1015.1073608398438,-2.497763190592908,-3.8698022709176194,-0.4362933500193999,3.415153777492925,-0.6005258001120963,1.737175333478285,-0.0433251424444648,1.498838769717468,-2.0734424525584583,-2.663000249163481
12.0,20.0,1015.1148681640624,-3.45915801205161,-4.657695884618309,-0.3795691590648984,2.551268185285325,2.805876665948676,1.472668883847717,0.3939911166012544,0.9355191857649894,-2.124316140952944,0.2204637409133306
12.0,20.0,1015.2132568359376,-2.07559856318301,-4.659915016343342,-0.4436425027977319,2.504626969256783,-0.9911111014118196,1.784312505325027,0.1335435979829462,1.570083900957888,-2.0863909745935114,-2.762715546048226
12.0,20.0,1015.3125610351562,-2.013598946992013,-3.899423081473324,0.9226986310219948,3.415153777492925,-0.5163480926460796,1.780825930295341,0.0602200813999385,1.43242244128429,-1.5899804006292957,-2.749311571662091
12.0,20.0,1015.3319091796876,-2.013598946992013,-3.899423081473324,0.9226986310219948,3.415153777492925,-0.5163480926460796,1.780825930295341,0.0602200813999385,1.4324133684704403,-1.590353352281386,-2.749311571662091
12.0,20.0,1015.4238891601562,-4.868364593759702,-4.681142951556409,-0.5866333535207978,3.415153777492925,-0.5313152230542475,1.780825930295341,0.0602200813999385,1.422339872669279,-1.550651343751014,-2.753495723267648
12.0,20.0,1015.4303588867188,-3.393695681540655,-3.8699803426788177,-1.3969085309255802,2.3408287462573365,1.9105773024068324,1.7808849866304626,-0.3342409981392646,1.5252405364045352,-1.5480978422656675,-0.1668978077188272
12.0,20.0,1015.4360961914062,-2.013598946992013,-3.8698022709176194,-0.4433907308292595,3.415153777492925,-0.5308052811491362,1.7693681016988945,-0.3643647602177368,1.4326385906775818,-1.550651343751014,-2.7988727340048465
12.0,20.0,1015.4498901367188,-2.013598946992013,-3.899729009600494,0.9226986310219948,3.415153777492925,-0.5163480926460796,1.780825930295341,0.0602200813999385,1.43242244128429,-1.5899804006292957,-2.753431989191361
12.0,20.0,1015.4912719726562,-3.45915801205161,-4.657695884618309,-0.4445150156113262,2.504626969256783,2.805876665948676,1.7838882864815395,0.0844255336638636,1.4140880397937896,-2.0863909745935114,-2.684252969675261
12.0,20.0,1015.5064086914062,-2.4783109952588016,-4.121610195491354,-0.4178595513825811,3.34812659003664,-0.5920452909483628,1.743671953105122,0.035653977416437,1.379300610085056,-2.485842563392304,-3.02584074091307
12.0,20.0,1015.5339965820312,-1.689871876474552,-4.6766341692494615,0.3989370243652863,3.415153777492925,-0.4435895513278253,1.7841548387937811,0.1313237872843319,1.5718689622909634,-2.05984544193797,-2.763613881093605
12.0,20.0,1015.6159057617188,-2.022038817504099,-3.8698022709176194,-0.4518488934448036,3.415153777492925,-0.4945150932456841,1.780825930295341,0.0697162350877675,1.4190624372311609,-1.550651343751014,-2.7407739093953505
12.0,20.0,1015.6469116210938,-2.013598946992013,-3.900441110047804,0.9226986310219948,3.3673080913943707,-0.5163480926460796,1.780825930295341,0.0602200813999385,1.4324179878172552,-1.5919745566843406,-2.749311571662091
12.0,20.0,1015.64794921875,-2.497763190592908,-3.8698022709176194,0.4010634024463263,3.493244194054652,-0.4981838335193439,1.703773654192572,-0.0433251424444648,2.4912794039913795,-2.0734424525584583,-2.596607696012227
12.0,20.0,1015.9642944335938,-2.4783109952588016,-3.8698022709176194,-0.4178595513825811,3.34812659003664,-0.5920452909483628,1.743671953105122,0.035653977416437,1.379300610085056,-2.485842563392304,-3.02584074091307
12.0,20.0,1016.0087890625,-2.013598946992013,-4.634709428063717,-1.5959072875068268,2.3293907890118914,-0.5313152230542475,1.3422374734765476,0.0602200813999385,0.9034561985691436,-2.1672620824437336,-2.753495723267648
12.0,20.0,1016.0132446289062,-3.393695681540655,-3.87664502919026,-1.395490515168149,2.3408287462573365,1.6183563641869343,1.7698858073950894,-0.3342409981392646,3.3101480011327697,-1.9524136000539647,-0.1668978077188272
12.0,21.0,1009.7028198242188,-3.45915801205161,-4.657695884618309,-0.4486749301705609,2.551268185285325,2.805876665948676,1.472668883847717,0.3939911166012544,0.9355191857649894,-2.0863909745935114,0.8486146267935855
12.0,21.0,1009.7028198242188,-3.45915801205161,-4.657695884618309,-0.4486749301705609,2.551268185285325,2.805876665948676,1.472668883847717,0.3939911166012544,0.9355191857649894,-2.0863909745935114,0.8486146267935855
12.0,21.0,1009.7313842773438,-3.45915801205161,-4.657695884618309,-0.4473988083375194,2.551268185285325,2.805876665948676,1.472668883847717,0.3939911166012544,0.9355191857649894,-2.0863909745935114,0.8486146267935855
12.0,21.0,1009.8073120117188,-3.45915801205161,-4.657695884618309,-0.4445150156113262,2.551268185285325,2.805876665948676,1.472668883847717,0.3939911166012544,0.9355191857649894,-2.0863909745935114,0.8486146267935855
12.0,21.0,1009.8073120117188,-3.45915801205161,-4.657695884618309,-0.4445150156113262,2.551268185285325,2.805876665948676,1.472668883847717,0.3939911166012544,0.9355191857649894,-2.0863909745935114,0.8486146267935855
12.0,21.0,1009.8073120117188,-3.45915801205161,-4.657695884618309,-0.4445150156113262,2.551268185285325,2.805876665948676,1.472668883847717,0.3939911166012544,0.9355191857649894,-2.0863909745935114,0.8486146267935855
12.0,21.0,1009.8073120117188,-3.45915801205161,-4.657695884618309,-0.4445150156113262,2.551268185285325,2.805876665948676,1.472668883847717,0.3939911166012544,0.9355191857649894,-2.0863909745935114,0.8486146267935855
12.0,21.0,1009.8073120117188,-3.45915801205161,-4.657695884618309,-0.4445150156113262,2.551268185285325,2.805876665948676,1.472668883847717,0.3939911166012544,0.9355191857649894,-2.0863909745935114,0.8486146267935855
12.0,21.0,1009.8073120117188,-3.45915801205161,-4.657695884618309,-0.4445150156113262,2.551268185285325,2.805876665948676,1.472668883847717,0.3939911166012544,0.9355191857649894,-2.0863909745935114,0.8486146267935855
12.0,21.0,1010.295166015625,-2.497763190592908,-3.8616085648220846,-0.4362770460425599,3.418864179411982,-0.6005258001120963,1.7828946848681462,0.1531922552096776,1.498838769717468,-2.5432717641133147,-2.659884055119428
12.0,21.0,1010.3894653320312,-3.45915801205161,-4.657695884618309,-0.4445150156113262,2.551268185285325,2.805876665948676,1.472668883847717,0.3581788573526923,0.9355191857649894,-2.0863909745935114,0.8486146267935855
12.0,21.0,1010.5491943359376,-3.458522648180268,-4.657695884618309,-1.4114141068250214,2.3546561819922207,2.805876665948676,1.472668883847717,0.3939911166012544,0.9355191857649894,-2.1718982127662487,-0.1616632564034955
12.0,21.0,1011.0972290039062,-3.45915801205161,-4.657695884618309,-0.3795691590648984,2.551268185285325,2.805876665948676,1.472668883847717,0.3939911166012544,0.9355191857649894,-2.0863909745935114,0.8486146267935855
12.0,21.0,1011.0972290039062,-3.45915801205161,-4.657695884618309,-0.3795691590648984,2.551268185285325,2.805876665948676,1.472668883847717,0.3939911166012544,0.9355191857649894,-2.0863909745935114,0.8486146267935855
12.0,21.0,1011.0972290039062,-3.45915801205161,-4.657695884618309,-0.3795691590648984,2.551268185285325,2.805876665948676,1.472668883847717,0.3939911166012544,0.9355191857649894,-2.0863909745935114,0.8486146267935855
12.0,21.0,1011.4653930664062,-3.45915801205161,-4.657695884618309,-0.4458331523121379,2.551268185285325,2.805876665948676,1.472668883847717,0.3939911166012544,1.0903424156591837,-2.0863909745935114,0.8486146267935855
12.0,21.0,1011.4653930664062,-3.45915801205161,-4.657695884618309,-0.4458331523121379,2.551268185285325,2.805876665948676,1.472668883847717,0.3939911166012544,1.0903424156591837,-2.0863909745935114,0.8486146267935855
12.0,21.0,1011.5177001953124,-2.497763190592908,-3.869589149937503,-0.4459001140675735,3.415256553574091,-0.6005258001120963,1.7827052194348398,0.0627668260268532,1.4985667675753291,-2.526641026713812,-2.659884055119428
12.0,21.0,1011.7777709960938,-3.45915801205161,-4.710690541279202,-0.3782510223640867,2.551268185285325,2.805876665948676,1.472668883847717,0.3939911166012544,0.9355191857649894,-2.0863909745935114,0.8486146267935855
12.0,21.0,1012.5004272460938,-3.45915801205161,-4.657695884618309,-0.4445150156113262,2.551268185285325,2.5813147653686883,1.472668883847717,0.3939911166012544,0.9355191857649894,-2.0863909745935114,0.8486146267935855
12.0,21.0,1013.0654296875,-2.013598946992013,-3.8698022709176194,0.8743168122472011,3.415153777492925,-0.5313152230542475,1.780825930295341,0.0602200813999385,1.4326385906775818,-1.550651343751014,-2.73002454256446
12.0,21.0,1013.1567993164062,-2.490970267458388,-3.8698022709176194,0.4010634024463263,3.415153777492925,-0.5334599350041097,1.780825930295341,-0.0433251424444648,2.4912794039913795,-2.073343984471127,-2.5952179353778004
12.0,21.0,1013.1777954101562,-3.45915801205161,-4.759661522725478,-0.4486749301705609,2.551268185285325,2.805876665948676,1.575546077073625,0.3939911166012544,0.9355191857649894,-2.0863909745935114,0.8486146267935855
12.0,21.0,1013.545654296875,-2.4379490752834867,-3.8698022709176194,0.4010634024463263,3.502383192056272,-0.4987153220305391,1.76050852551494,0.0571124890618582,2.4912794039913795,-2.0734424525584583,-2.596607696012227
12.0,21.0,1014.2027587890624,-3.45915801205161,-4.657695884618309,-1.0562763542409228,2.551268185285325,2.805876665948676,1.472668883847717,0.3939911166012544,0.9355191857649894,-2.0863909745935114,0.2518814658041266
12.0,21.0,1014.2583618164062,-2.510248694258069,-4.645010683041466,-0.4458773150616137,3.418864179411982,-0.6005258001120963,1.4647919233371802,0.1531922552096776,1.1025198797573863,-2.5432717641133147,-2.642946575751231
12.0,21.0,1014.46337890625,-2.497763190592908,-3.8698022709176194,0.4010634024463263,3.415153777492925,-0.4981838335193439,1.780825930295341,-0.0433251424444648,2.4912794039913795,-2.0734424525584583,-2.596607696012227
12.0,21.0,1014.4971923828124,-3.441961656557328,-4.657695884618309,-0.3950397864177846,1.9731422557625868,-0.6054225884158198,1.7838882864815395,-0.3854624259058812,1.4153393339774885,-2.0863909745935114,-2.684252969675261
12.0,21.0,1014.506591796875,-2.013598946992013,-3.8698022709176194,0.8743168122472011,3.415153777492925,-0.5313152230542475,1.780825930295341,0.0602200813999385,1.4326385906775818,-1.550651343751014,-2.753495723267648
12.0,21.0,1014.506591796875,-2.013598946992013,-3.8698022709176194,0.8743168122472011,3.415153777492925,-0.5313152230542475,1.780825930295341,0.0602200813999385,1.4326385906775818,-1.550651343751014,-2.753495723267648
12.0,21.0,1014.506591796875,-2.013598946992013,-3.8698022709176194,0.8743168122472011,3.415153777492925,-0.5313152230542475,1.780825930295341,0.0602200813999385,1.4326385906775818,-1.550651343751014,-2.753495723267648
12.0,21.0,1014.506591796875,-2.013598946992013,-3.8698022709176194,0.8743168122472011,3.415153777492925,-0.5313152230542475,1.780825930295341,0.0602200813999385,1.4326385906775818,-1.550651343751014,-2.753495723267648
12.0,21.0,1014.506591796875,-2.013598946992013,-3.8698022709176194,0.8743168122472011,3.415153777492925,-0.5313152230542475,1.780825930295341,0.0602200813999385,1.4326385906775818,-1.550651343751014,-2.753495723267648
12.0,21.0,1014.506591796875,-2.013598946992013,-3.8698022709176194,0.8743168122472011,3.415153777492925,-0.5313152230542475,1.780825930295341,0.0602200813999385,1.4326385906775818,-1.550651343751014,-2.753495723267648
12.0,21.0,1014.506591796875,-2.013598946992013,-3.8698022709176194,0.8743168122472011,3.415153777492925,-0.5313152230542475,1.780825930295341,0.0602200813999385,1.4326385906775818,-1.550651343751014,-2.753495723267648
12.0,21.0,1014.506591796875,-2.013598946992013,-3.8698022709176194,0.8743168122472011,3.415153777492925,-0.5313152230542475,1.780825930295341,0.0602200813999385,1.4326385906775818,-1.550651343751014,-2.753495723267648
12.0,21.0,1014.5425415039062,-2.013598946992013,-3.8698022709176194,0.8743168122472011,3.415153777492925,-0.5313152230542475,1.780825930295341,0.0575632245687938,1.4326385906775818,-1.550651343751014,-2.753495723267648
12.0,21.0,1014.5933227539062,-2.19279593196027,-3.8698022709176194,-0.4178595513825811,3.34812659003664,-0.5920452909483628,1.743671953105122,0.1385806170329777,1.379300610085056,-2.061341266323628,-3.02584074091307
12.0,21.0,1014.6055908203124,-2.490970267458388,-3.841739114583289,0.4010634024463263,3.415153777492925,-0.5334599350041097,1.780825930295341,-0.0433251424444648,2.4912794039913795,-2.073343984471127,-2.5952179353778004
12.0,21.0,1014.88623046875,-2.0023480579801527,-3.759734122405544,-0.4910299683467976,3.415153777492925,-0.3453243221379677,1.7837148351438494,0.1088272284133161,1.3905003215436778,-1.550651343751014,-2.70964537122488
12.0,21.0,1015.0213012695312,-2.013598946992013,-3.869447256500292,0.9192688574785706,3.415153777492925,-0.5163690054763334,1.780825930295341,0.0602200813999385,1.43242244128429,-1.5523007503976929,-2.749311571662091
12.0,21.0,1015.1073608398438,-2.497763190592908,-3.8698022709176194,-0.4362933500193999,3.415153777492925,-0.6005258001120963,1.737175333478285,-0.0433251424444648,1.498838769717468,-2.0734424525584583,-2.663000249163481
12.0,21.0,1015.1148681640624,-3.45915801205161,-4.657695884618309,-0.3795691590648984,2.551268185285325,2.805876665948676,1.472668883847717,0.3939911166012544,0.9355191857649894,-2.124316140952944,0.2204637409133306
12.0,21.0,1015.2132568359376,-2.07559856318301,-4.659915016343342,-0.4436425027977319,2.504626969256783,-0.9911111014118196,1.784312505325027,0.1335435979829462,1.570083900957888,-2.0863909745935114,-2.762715546048226
12.0,21.0,1015.2726440429688,-3.396818727805401,-4.672917272388775,-0.4467352574354612,2.551268185285325,-0.5508682219769694,1.9019995241718288,0.3939911166012544,0.9402604791187766,-2.101690886361824,-2.693843005357695
12.0,21.0,1015.3125610351562,-2.013598946992013,-3.899423081473324,0.9226986310219948,3.415153777492925,-0.5163480926460796,1.780825930295341,0.0602200813999385,1.43242244128429,-1.5899804006292957,-2.749311571662091
12.0,21.0,1015.3319091796876,-2.013598946992013,-3.899423081473324,0.9226986310219948,3.415153777492925,-0.5163480926460796,1.780825930295341,0.0602200813999385,1.4324133684704403,-1.590353352281386,-2.749311571662091
12.0,21.0,1015.4238891601562,-4.868364593759702,-4.681142951556409,-0.5866333535207978,3.415153777492925,-0.5313152230542475,1.780825930295341,0.0602200813999385,1.422339872669279,-1.550651343751014,-2.753495723267648
12.0,21.0,1015.4303588867188,-3.393695681540655,-3.8699803426788177,-1.3969085309255802,2.3408287462573365,1.9105773024068324,1.7808849866304626,-0.3342409981392646,1.5252405364045352,-1.5480978422656675,-0.1668978077188272
12.0,21.0,1015.4360961914062,-2.013598946992013,-3.8698022709176194,-0.4433907308292595,3.415153777492925,-0.5308052811491362,1.7693681016988945,-0.3643647602177368,1.4326385906775818,-1.550651343751014,-2.7988727340048465
12.0,22.0,1009.7028198242188,-3.45915801205161,-4.657695884618309,-0.4486749301705609,2.551268185285325,2.805876665948676,1.472668883847717,0.3939911166012544,0.9355191857649894,-2.0863909745935114,0.8486146267935855
12.0,22.0,1009.7028198242188,-3.45915801205161,-4.657695884618309,-0.4486749301705609,2.551268185285325,2.805876665948676,1.472668883847717,0.3939911166012544,0.9355191857649894,-2.0863909745935114,0.8486146267935855
12.0,22.0,1009.7028198242188,-3.45915801205161,-4.657695884618309,-0.4486749301705609,2.551268185285325,2.805876665948676,1.472668883847717,0.3939911166012544,0.9355191857649894,-2.0863909745935114,0.8486146267935855
12.0,22.0,1009.7313842773438,-3.45915801205161,-4.657695884618309,-0.4473988083375194,2.551268185285325,2.805876665948676,1.472668883847717,0.3939911166012544,0.9355191857649894,-2.0863909745935114,0.8486146267935855
12.0,22.0,1009.734619140625,-3.45915801205161,-4.657695884618309,-0.4472647337857354,2.551268185285325,2.805876665948676,1.472668883847717,0.3939911166012544,0.9355191857649894,-2.0863909745935114,0.8486146267935855
12.0,22.0,1009.803466796875,-3.45915801205161,-4.657695884618309,-0.4446490901631102,2.551268185285325,2.805876665948676,1.472668883847717,0.3939911166012544,0.9355191857649894,-2.0863909745935114,0.8486146267935855
12.0,22.0,1009.8057250976562,-3.45915801205161,-4.657695884618309,-0.4445150156113262,2.551268185285325,2.805876665948676,1.472668883847717,0.3942543713251966,0.9355191857649894,-2.0863909745935114,0.8486146267935855
12.0,22.0,1009.8073120117188,-3.45915801205161,-4.657695884618309,-0.4445150156113262,2.551268185285325,2.805876665948676,1.472668883847717,0.3939911166012544,0.9355191857649894,-2.0863909745935114,0.8486146267935855
12.0,22.0,1009.8073120117188,-3.45915801205161,-4.657695884618309,-0.4445150156113262,2.551268185285325,2.805876665948676,1.472668883847717,0.3939911166012544,0.9355191857649894,-2.0863909745935114,0.8486146267935855
12.0,22.0,1009.8073120117188,-3.45915801205161,-4.657695884618309,-0.4445150156113262,2.551268185285325,2.805876665948676,1.472668883847717,0.3939911166012544,0.9355191857649894,-2.0863909745935114,0.8486146267935855
12.0,22.0,1009.8073120117188,-3.45915801205161,-4.657695884618309,-0.4445150156113262,2.551268185285325,2.805876665948676,1.472668883847717,0.3939911166012544,0.9355191857649894,-2.0863909745935114,0.8486146267935855
12.0,22.0,1009.8073120117188,-3.45915801205161,-4.657695884618309,-0.4445150156113262,2.551268185285325,2.805876665948676,1.472668883847717,0.3939911166012544,0.9355191857649894,-2.0863909745935114,0.8486146267935855
12.0,22.0,1009.8073120117188,-3.45915801205161,-4.657695884618309,-0.4445150156113262,2.551268185285325,2.805876665948676,1.472668883847717,0.3939911166012544,0.9355191857649894,-2.0863909745935114,0.8486146267935855
12.0,22.0,1009.8073120117188,-3.45915801205161,-4.657695884618309,-0.4445150156113262,2.551268185285325,2.805876665948676,1.472668883847717,0.3939911166012544,0.9355191857649894,-2.0863909745935114,0.8486146267935855
12.0,22.0,1009.8073120117188,-3.45915801205161,-4.657695884618309,-0.4445150156113262,2.551268185285325,2.805876665948676,1.472668883847717,0.3939911166012544,0.9355191857649894,-2.0863909745935114,0.8486146267935855
12.0,22.0,1009.8073120117188,-3.45915801205161,-4.657695884618309,-0.4445150156113262,2.551268185285325,2.805876665948676,1.472668883847717,0.3939911166012544,0.9355191857649894,-2.0863909745935114,0.8486146267935855
12.0,22.0,1010.295166015625,-2.497763190592908,-3.8616085648220846,-0.4362770460425599,3.418864179411982,-0.6005258001120963,1.7828946848681462,0.1531922552096776,1.498838769717468,-2.5432717641133147,-2.659884055119428
12.0,22.0,1010.3894653320312,-3.45915801205161,-4.657695884618309,-0.4445150156113262,2.551268185285325,2.805876665948676,1.472668883847717,0.3581788573526923,0.9355191857649894,-2.0863909745935114,0.8486146267935855
12.0,22.0,1010.3961181640624,-3.45915801205161,-4.657695884618309,-0.4445150156113262,2.551268185285325,2.805876665948676,1.472668883847717,0.35791560262875,0.9355191857649894,-2.0863909745935114,0.8486146267935855
12.0,22.0,1010.5491943359376,-3.458522648180268,-4.657695884618309,-1.4114141068250214,2.3546561819922207,2.805876665948676,1.472668883847717,0.3939911166012544,0.9355191857649894,-2.1718982127662487,-0.1616632564034955
12.0,22.0,1010.901123046875,-3.458516593263812,-4.657695884618309,-1.4114141068250214,2.3546561819922207,2.8039417544235343,1.472668883847717,0.3939911166012544,0.9355191857649894,-2.1718982127662487,-0.2167366243542162
12.0,22.0,1011.0972290039062,-3.45915801205161,-4.657695884618309,-0.3795691590648984,2.551268185285325,2.805876665948676,1.472668883847717,0.3939911166012544,0.9355191857649894,-2.0863909745935114,0.8486146267935855
12.0,22.0,1011.0972290039062,-3.45915801205161,-4.657695884618309,-0.3795691590648984,2.551268185285325,2.805876665948676,1.472668883847717,0.3939911166012544,0.9355191857649894,-2.0863909745935114,0.8486146267935855
12.0,22.0,1011.0972290039062,-3.45915801205161,-4.657695884618309,-0.3795691590648984,2.551268185285325,2.805876665948676,1.472668883847717,0.3939911166012544,0.9355191857649894,-2.0863909745935114,0.8486146267935855
12.0,22.0,1011.0972290039062,-3.45915801205161,-4.657695884618309,-0.3795691590648984,2.551268185285325,2.805876665948676,1.472668883847717,0.3939911166012544,0.9355191857649894,-2.0863909745935114,0.8486146267935855
12.0,22.0,1011.0972290039062,-3.45915801205161,-4.657695884618309,-0.3795691590648984,2.551268185285325,2.805876665948676,1.472668883847717,0.3939911166012544,0.9355191857649894,-2.0863909745935114,0.8486146267935855
12.0,22.0,1011.4653930664062,-3.45915801205161,-4.657695884618309,-0.4458331523121379,2.551268185285325,2.805876665948676,1.472668883847717,0.3939911166012544,1.0903424156591837,-2.0863909745935114,0.8486146267935855
12.0,22.0,1011.4653930664062,-3.45915801205161,-4.657695884618309,-0.4458331523121379,2.551268185285325,2.805876665948676,1.472668883847717,0.3939911166012544,1.0903424156591837,-2.0863909745935114,0.8486146267935855
12.0,22.0,1011.5177001953124,-2.497763190592908,-3.869589149937503,-0.4459001140675735,3.415256553574091,-0.6005258001120963,1.7827052194348398,0.0627668260268532,1.4985667675753291,-2.526641026713812,-2.659884055119428
12.0,22.0,1011.7777709960938,-3.45915801205161,-4.710690541279202,-0.3782510223640867,2.551268185285325,2.805876665948676,1.472668883847717,0.3939911166012544,0.9355191857649894,-2.0863909745935114,0.8486146267935855
12.0,22.0,1011.7777709960938,-3.45915801205161,-4.710690541279202,-0.3782510223640867,2.551268185285325,2.805876665948676,1.472668883847717,0.3939911166012544,0.9355191857649894,-2.0863909745935114,0.8486146267935855
12.0,22.0,1012.5004272460938,-3.45915801205161,-4.657695884618309,-0.4445150156113262,2.551268185285325,2.5813147653686883,1.472668883847717,0.3939911166012544,0.9355191857649894,-2.0863909745935114,0.8486146267935855
12.0,22.0,1012.6568603515624,-3.4591640669680657,-4.657695884618309,-0.4445150156113262,2.551268185285325,2.805876665948676,1.472668883847717,0.3939911166012544,0.9355191857649894,-2.0863909745935114,0.903687994744306
12.0,22.0,1013.0654296875,-2.013598946992013,-3.8698022709176194,0.8743168122472011,3.415153777492925,-0.5313152230542475,1.780825930295341,0.0602200813999385,1.4326385906775818,-1.550651343751014,-2.73002454256446
12.0,22.0,1013.156005859375,-3.45915801205161,-4.957411001663029,-0.4445150156113262,2.551268185285325,2.805876665948676,1.472668883847717,0.3939911166012544,0.9355191857649894,-2.0863909745935114,0.8486146267935855
12.0,22.0,1013.1567993164062,-2.490970267458388,-3.8698022709176194,0.4010634024463263,3.415153777492925,-0.5334599350041097,1.780825930295341,-0.0433251424444648,2.4912794039913795,-2.073343984471127,-2.5952179353778004
12.0,22.0,1013.1777954101562,-3.45915801205161,-4.759661522725478,-0.4486749301705609,2.551268185285325,2.805876665948676,1.575546077073625,0.3939911166012544,0.9355191857649894,-2.0863909745935114,0.8486146267935855
12.0,22.0,1013.545654296875,-2.4379490752834867,-3.8698022709176194,0.4010634024463263,3.502383192056272,-0.4987153220305391,1.76050852551494,0.0571124890618582,2.4912794039913795,-2.0734424525584583,-2.596607696012227
12.0,22.0,1013.6403198242188,-3.45915801205161,-4.657695884618309,-0.3944663136681601,2.551268185285325,2.8880594706469616,1.472668883847717,-0.3293918354034935,0.9355191857649894,-2.0863909745935114,0.8486146267935855
12.0,22.0,1014.1893920898438,-2.497763190592908,-3.8616085648220846,-0.4362770460425599,3.418864179411982,-0.655490741540419,1.7936380245915386,0.1615567724009421,0.9449763862054216,-2.5308062339355604,-2.659884055119428
12.0,22.0,1014.2027587890624,-3.45915801205161,-4.657695884618309,-1.0562763542409228,2.551268185285325,2.805876665948676,1.472668883847717,0.3939911166012544,0.9355191857649894,-2.0863909745935114,0.2518814658041266
12.0,22.0,1014.2583618164062,-2.510248694258069,-4.645010683041466,-0.4458773150616137,3.418864179411982,-0.6005258001120963,1.4647919233371802,0.1531922552096776,1.1025198797573863,-2.5432717641133147,-2.642946575751231
12.0,22.0,1014.46337890625,-2.497763190592908,-3.8698022709176194,0.4010634024463263,3.415153777492925,-0.4981838335193439,1.780825930295341,-0.0433251424444648,2.4912794039913795,-2.0734424525584583,-2.596607696012227
12.0,22.0,1014.4971923828124,-3.441961656557328,-4.657695884618309,-0.3950397864177846,1.9731422557625868,-0.6054225884158198,1.7838882864815395,-0.3854624259058812,1.4153393339774885,-2.0863909745935114,-2.684252969675261
12.0,22.0,1014.506591796875,-2.013598946992013,-3.8698022709176194,0.8743168122472011,3.415153777492925,-0.5313152230542475,1.780825930295341,0.0602200813999385,1.4326385906775818,-1.550651343751014,-2.753495723267648
12.0,22.0,1014.506591796875,-2.013598946992013,-3.8698022709176194,0.8743168122472011,3.415153777492925,-0.5313152230542475,1.780825930295341,0.0602200813999385,1.4326385906775818,-1.550651343751014,-2.753495723267648
12.0,22.0,1014.506591796875,-2.013598946992013,-3.8698022709176194,0.8743168122472011,3.415153777492925,-0.5313152230542475,1.780825930295341,0.0602200813999385,1.4326385906775818,-1.550651343751014,-2.753495723267648
12.0,22.0,1014.506591796875,-2.013598946992013,-3.8698022709176194,0.8743168122472011,3.415153777492925,-0.5313152230542475,1.780825930295341,0.0602200813999385,1.4326385906775818,-1.550651343751014,-2.753495723267648
12.0,22.0,1014.506591796875,-2.013598946992013,-3.8698022709176194,0.8743168122472011,3.415153777492925,-0.5313152230542475,1.780825930295341,0.0602200813999385,1.4326385906775818,-1.550651343751014,-2.753495723267648
12.0,22.0,1014.506591796875,-2.013598946992013,-3.8698022709176194,0.8743168122472011,3.415153777492925,-0.5313152230542475,1.780825930295341,0.0602200813999385,1.4326385906775818,-1.550651343751014,-2.753495723267648
12.0,23.0,1008.2059326171876,-3.459141676985774,-4.657695884618309,-1.434030970923898,2.551268185285325,2.805876665948676,1.472668883847717,0.3939907399215738,0.9355191857649894,-2.0832066383431327,-0.310429135304362
12.0,23.0,1009.7028198242188,-3.45915801205161,-4.657695884618309,-0.4486749301705609,2.551268185285325,2.805876665948676,1.472668883847717,0.3939911166012544,0.9355191857649894,-2.0863909745935114,0.8486146267935855
12.0,23.0,1009.7028198242188,-3.45915801205161,-4.657695884618309,-0.4486749301705609,2.551268185285325,2.805876665948676,1.472668883847717,0.3939911166012544,0.9355191857649894,-2.0863909745935114,0.8486146267935855
12.0,23.0,1009.7028198242188,-3.45915801205161,-4.657695884618309,-0.4486749301705609,2.551268185285325,2.805876665948676,1.472668883847717,0.3939911166012544,0.9355191857649894,-2.0863909745935114,0.8486146267935855
12.0,23.0,1009.7028198242188,-3.45915801205161,-4.657695884618309,-0.4486749301705609,2.551268185285325,2.805876665948676,1.472668883847717,0.3939911166012544,0.9355191857649894,-2.0863909745935114,0.8486146267935855
12.0,23.0,1009.7313842773438,-3.45915801205161,-4.657695884618309,-0.4473988083375194,2.551268185285325,2.805876665948676,1.472668883847717,0.3939911166012544,0.9355191857649894,-2.0863909745935114,0.8486146267935855
12.0,23.0,1009.7313842773438,-3.45915801205161,-4.657695884618309,-0.4473988083375194,2.551268185285325,2.805876665948676,1.472668883847717,0.3939911166012544,0.9355191857649894,-2.0863909745935114,0.8486146267935855
12.0,23.0,1009.734619140625,-3.45915801205161,-4.657695884618309,-0.4472647337857354,2.551268185285325,2.805876665948676,1.472668883847717,0.3939911166012544,0.9355191857649894,-2.0863909745935114,0.8486146267935855
12.0,23.0,1009.7929077148438,-3.45915801205161,-4.657695884618309,-0.4473988083375194,2.551268185285325,2.805876665948676,1.472668883847717,0.3939911166012544,0.9355191857649894,-2.116927130677716,0.8486146267935855
12.0,23.0,1009.803466796875,-3.45915801205161,-4.657695884618309,-0.4446490901631102,2.551268185285325,2.805876665948676,1.472668883847717,0.3939911166012544,0.9355191857649894,-2.0863909745935114,0.8486146267935855
12.0,23.0,1009.8057250976562,-3.45915801205161,-4.657695884618309,-0.4445150156113262,2.551268185285325,2.805876665948676,1.472668883847717,0.3942543713251966,0.9355191857649894,-2.0863909745935114,0.8486146267935855
12.0,23.0,1009.8073120117188,-3.45915801205161,-4.657695884618309,-0.4445150156113262,2.551268185285325,2.805876665948676,1.472668883847717,0.3939911166012544,0.9355191857649894,-2.0863909745935114,0.8486146267935855
12.0,23.0,1009.8073120117188,-3.45915801205161,-4.657695884618309,-0.4445150156113262,2.551268185285325,2.805876665948676,1.472668883847717,0.3939911166012544,0.9355191857649894,-2.0863909745935114,0.8486146267935855
12.0,23.0,1009.8073120117188,-3.45915801205161,-4.657695884618309,-0.4445150156113262,2.551268185285325,2.805876665948676,1.472668883847717,0.3939911166012544,0.9355191857649894,-2.0863909745935114,0.8486146267935855
12.0,23.0,1009.8073120117188,-3.45915801205161,-4.657695884618309,-0.4445150156113262,2.551268185285325,2.805876665948676,1.472668883847717,0.3939911166012544,0.9355191857649894,-2.0863909745935114,0.8486146267935855
12.0,23.0,1009.8073120117188,-3.45915801205161,-4.657695884618309,-0.4445150156113262,2.551268185285325,2.805876665948676,1.472668883847717,0.3939911166012544,0.9355191857649894,-2.0863909745935114,0.8486146267935855
12.0,23.0,1009.8073120117188,-3.45915801205161,-4.657695884618309,-0.4445150156113262,2.551268185285325,2.805876665948676,1.472668883847717,0.3939911166012544,0.9355191857649894,-2.0863909745935114,0.8486146267935855
12.0,23.0,1009.8073120117188,-3.45915801205161,-4.657695884618309,-0.4445150156113262,2.551268185285325,2.805876665948676,1.472668883847717,0.3939911166012544,0.9355191857649894,-2.0863909745935114,0.8486146267935855
12.0,23.0,1009.8073120117188,-3.45915801205161,-4.657695884618309,-0.4445150156113262,2.551268185285325,2.805876665948676,1.472668883847717,0.3939911166012544,0.9355191857649894,-2.0863909745935114,0.8486146267935855
12.0,23.0,1009.8073120117188,-3.45915801205161,-4.657695884618309,-0.4445150156113262,2.551268185285325,2.805876665948676,1.472668883847717,0.3939911166012544,0.9355191857649894,-2.0863909745935114,0.8486146267935855
12.0,23.0,1009.8073120117188,-3.45915801205161,-4.657695884618309,-0.4445150156113262,2.551268185285325,2.805876665948676,1.472668883847717,0.3939911166012544,0.9355191857649894,-2.0863909745935114,0.8486146267935855
12.0,23.0,1009.8073120117188,-3.45915801205161,-4.657695884618309,-0.4445150156113262,2.551268185285325,2.805876665948676,1.472668883847717,0.3939911166012544,0.9355191857649894,-2.0863909745935114,0.8486146267935855
12.0,23.0,1009.8073120117188,-3.45915801205161,-4.657695884618309,-0.4445150156113262,2.551268185285325,2.805876665948676,1.472668883847717,0.3939911166012544,0.9355191857649894,-2.0863909745935114,0.8486146267935855
12.0,23.0,1009.807373046875,-3.45915801205161,-4.657695884618309,-0.4445150156113262,2.551268185285325,2.805876665948676,1.472668883847717,0.3939850586317007,0.9355191857649894,-2.0863909745935114,0.8486146267935855
12.0,23.0,1009.807373046875,-3.45915801205161,-4.657695884618309,-0.4445144173304537,2.551268185285325,2.805876665948676,1.472668883847717,0.3939911166012544,0.9355191857649894,-2.0863909745935114,0.8486146267935855
12.0,23.0,1009.81103515625,-3.45915801205161,-4.657695884618309,-0.4443866460747079,2.551268185285325,2.805876665948676,1.472668883847717,0.3939911166012544,0.9355191857649894,-2.0863909745935114,0.8486146267935855
12.0,23.0,1009.8561401367188,-3.45915801205161,-4.657695884618309,-0.4428813656378206,2.551268185285325,2.805876665948676,1.472668883847717,0.3939911166012544,0.9355191857649894,-2.0863909745935114,0.8486146267935855
12.0,23.0,1010.295166015625,-2.497763190592908,-3.8616085648220846,-0.4362770460425599,3.418864179411982,-0.6005258001120963,1.7828946848681462,0.1531922552096776,1.498838769717468,-2.5432717641133147,-2.659884055119428
12.0,23.0,1010.3894653320312,-3.45915801205161,-4.657695884618309,-0.4445150156113262,2.551268185285325,2.805876665948676,1.472668883847717,0.3581788573526923,0.9355191857649894,-2.0863909745935114,0.8486146267935855
12.0,23.0,1010.3961181640624,-3.45915801205161,-4.657695884618309,-0.4445150156113262,2.551268185285325,2.805876665948676,1.472668883847717,0.35791560262875,0.9355191857649894,-2.0863909745935114,0.8486146267935855
12.0,23.0,1010.5491943359376,-3.458522648180268,-4.657695884618309,-1.4114141068250214,2.3546561819922207,2.805876665948676,1.472668883847717,0.3939911166012544,0.9355191857649894,-2.1718982127662487,-0.1616632564034955
12.0,23.0,1010.901123046875,-3.458516593263812,-4.657695884618309,-1.4114141068250214,2.3546561819922207,2.8039417544235343,1.472668883847717,0.3939911166012544,0.9355191857649894,-2.1718982127662487,-0.2167366243542162
12.0,23.0,1011.0103759765624,-3.45915801205161,-4.657695884618309,-0.381202809038404,2.551268185285325,2.8063309964858214,1.472668883847717,0.3939911166012544,0.9355191857649894,-2.0863909745935114,0.8486146267935855
12.0,23.0,1011.0972290039062,-3.45915801205161,-4.657695884618309,-0.3795691590648984,2.551268185285325,2.805876665948676,1.472668883847717,0.3939911166012544,0.9355191857649894,-2.0863909745935114,0.8486146267935855
12.0,23.0,1011.0972290039062,-3.45915801205161,-4.657695884618309,-0.3795691590648984,2.551268185285325,2.805876665948676,1.472668883847717,0.3939911166012544,0.9355191857649894,-2.0863909745935114,0.8486146267935855
12.0,23.0,1011.0972290039062,-3.45915801205161,-4.657695884618309,-0.3795691590648984,2.551268185285325,2.805876665948676,1.472668883847717,0.3939911166012544,0.9355191857649894,-2.0863909745935114,0.8486146267935855
12.0,23.0,1011.0972290039062,-3.45915801205161,-4.657695884618309,-0.3795691590648984,2.551268185285325,2.805876665948676,1.472668883847717,0.3939911166012544,0.9355191857649894,-2.0863909745935114,0.8486146267935855
12.0,23.0,1011.0972290039062,-3.45915801205161,-4.657695884618309,-0.3795691590648984,2.551268185285325,2.805876665948676,1.472668883847717,0.3939911166012544,0.9355191857649894,-2.0863909745935114,0.8486146267935855
12.0,23.0,1011.0972290039062,-3.45915801205161,-4.657695884618309,-0.3795691590648984,2.551268185285325,2.805876665948676,1.472668883847717,0.3939911166012544,0.9355191857649894,-2.0863909745935114,0.8486146267935855
12.0,23.0,1011.1033325195312,-3.45915801205161,-4.657695884618309,-0.3795691590648984,2.551268185285325,2.805876665948676,1.472668883847717,0.3942604292947504,0.9355191857649894,-2.0863909745935114,0.8486146267935855
12.0,23.0,1011.266845703125,-3.45915801205161,-4.657695884618309,-0.376628391245207,2.551268185285325,2.805876665948676,1.472668883847717,0.3939911166012544,0.9355191857649894,-2.0863909745935114,0.8486146267935855
12.0,23.0,1011.4653930664062,-3.45915801205161,-4.657695884618309,-0.4458331523121379,2.551268185285325,2.805876665948676,1.472668883847717,0.3939911166012544,1.0903424156591837,-2.0863909745935114,0.8486146267935855
12.0,23.0,1011.4653930664062,-3.45915801205161,-4.657695884618309,-0.4458331523121379,2.551268185285325,2.805876665948676,1.472668883847717,0.3939911166012544,1.0903424156591837,-2.0863909745935114,0.8486146267935855
12.0,23.0,1011.5177001953124,-2.497763190592908,-3.869589149937503,-0.4459001140675735,3.415256553574091,-0.6005258001120963,1.7827052194348398,0.0627668260268532,1.4985667675753291,-2.526641026713812,-2.659884055119428
12.0,23.0,1011.7777709960938,-3.45915801205161,-4.710690541279202,-0.3782510223640867,2.551268185285325,2.805876665948676,1.472668883847717,0.3939911166012544,0.9355191857649894,-2.0863909745935114,0.8486146267935855
12.0,23.0,1011.7777709960938,-3.45915801205161,-4.710690541279202,-0.3782510223640867,2.551268185285325,2.805876665948676,1.472668883847717,0.3939911166012544,0.9355191857649894,-2.0863909745935114,0.8486146267935855
12.0,23.0,1011.7817993164062,-3.45915801205161,-4.710690541279202,-0.4461376467302059,2.551268185285325,2.805876665948676,1.472668883847717,0.3939911166012544,0.9355191857649894,-2.047601354353212,0.8486146267935855
12.0,23.0,1011.822998046875,-3.45915801205161,-4.657695884618309,-0.4445150156113262,2.551268185285325,2.805876665948676,1.5877976411124204,0.3939911166012544,1.7831711147645537,-2.0863909745935114,0.8486146267935855
12.0,23.0,1012.1417236328124,-3.458559236701465,-4.657695884618309,-0.4445150156113262,2.551051277346956,2.5813147653686883,1.472668883847717,0.3939911166012544,0.9355191857649894,-2.0871445572055785,-0.0639388500198181
12.0,23.0,1012.279052734375,-3.458532928329647,-4.657695884618309,-0.5263890505747035,2.3546561819922207,2.8039417544235343,1.472668883847717,0.3597518723337443,0.9355191857649894,-2.1750825490166275,0.9423071377437308
12.0,24.0,1008.1593017578124,-3.459141676985774,-4.657695884618309,-1.4302135021580122,2.551268185285325,2.805876665948676,1.472668883847717,0.3939907399215738,0.9355191857649894,-2.0863894610977303,-0.310429135304362
12.0,24.0,1008.2059326171876,-3.459141676985774,-4.657695884618309,-1.434030970923898,2.551268185285325,2.805876665948676,1.472668883847717,0.3939907399215738,0.9355191857649894,-2.0832066383431327,-0.310429135304362
12.0,24.0,1009.7024536132812,-3.45915801205161,-4.657695884618309,-0.4486917263354796,2.551268185285325,2.805876665948676,1.472668883847717,0.3939911166012544,0.9355191857649894,-2.0863909745935114,0.8486146267935855
12.0,24.0,1009.7027587890624,-3.45915801205161,-4.657695884618309,-0.4486760783616167,2.551268185285325,2.805876665948676,1.472668883847717,0.3939911166012544,0.9355191857649894,-2.0863909745935114,0.8486146267935855
12.0,24.0,1009.7028198242188,-3.45915801205161,-4.657695884618309,-0.4486749301705609,2.551268185285325,2.805876665948676,1.472668883847717,0.3939911166012544,0.9355191857649894,-2.0863909745935114,0.8486146267935855
12.0,24.0,1009.7028198242188,-3.45915801205161,-4.657695884618309,-0.4486749301705609,2.551268185285325,2.805876665948676,1.472668883847717,0.3939911166012544,0.9355191857649894,-2.0863909745935114,0.8486146267935855
12.0,24.0,1009.7028198242188,-3.45915801205161,-4.657695884618309,-0.4486749301705609,2.551268185285325,2.805876665948676,1.472668883847717,0.3939911166012544,0.9355191857649894,-2.0863909745935114,0.8486146267935855
12.0,24.0,1009.7028198242188,-3.45915801205161,-4.657695884618309,-0.4486749301705609,2.551268185285325,2.805876665948676,1.472668883847717,0.3939911166012544,0.9355191857649894,-2.0863909745935114,0.8486146267935855
12.0,24.0,1009.7028198242188,-3.45915801205161,-4.657695884618309,-0.4486749301705609,2.551268185285325,2.805876665948676,1.472668883847717,0.3939911166012544,0.9355191857649894,-2.0863909745935114,0.8486146267935855
12.0,24.0,1009.704345703125,-3.45915801205161,-4.657695884618309,-0.4486012120726105,2.551268185285325,2.805876665948676,1.472668883847717,0.3939911166012544,0.9355191857649894,-2.0863909745935114,0.8486146267935855
12.0,24.0,1009.7063598632812,-3.4596799618655494,-4.657695884618309,-0.4486749301705609,2.551268185285325,2.805876665948676,1.472668883847717,0.3939911166012544,0.9355191857649894,-2.0863909745935114,0.8486146267935855
12.0,24.0,1009.7313842773438,-3.45915801205161,-4.657695884618309,-0.4473988083375194,2.551268185285325,2.805876665948676,1.472668883847717,0.3939911166012544,0.9355191857649894,-2.0863909745935114,0.8486146267935855
12.0,24.0,1009.7313842773438,-3.45915801205161,-4.657695884618309,-0.4473988083375194,2.551268185285325,2.805876665948676,1.472668883847717,0.3939911166012544,0.9355191857649894,-2.0863909745935114,0.8486146267935855
12.0,24.0,1009.734619140625,-3.45915801205161,-4.657695884618309,-0.4472647337857354,2.551268185285325,2.805876665948676,1.472668883847717,0.3939911166012544,0.9355191857649894,-2.0863909745935114,0.8486146267935855
12.0,24.0,1009.734619140625,-3.45915801205161,-4.657695884618309,-0.4472647337857354,2.551268185285325,2.805876665948676,1.472668883847717,0.3939911166012544,0.9355191857649894,-2.0863909745935114,0.8486146267935855
12.0,24.0,1009.7929077148438,-3.45915801205161,-4.657695884618309,-0.4473988083375194,2.551268185285325,2.805876665948676,1.472668883847717,0.3939911166012544,0.9355191857649894,-2.116927130677716,0.8486146267935855
12.0,24.0,1009.803466796875,-3.45915801205161,-4.657695884618309,-0.4446490901631102,2.551268185285325,2.805876665948676,1.472668883847717,0.3939911166012544,0.9355191857649894,-2.0863909745935114,0.8486146267935855
12.0,24.0,1009.8057250976562,-3.45915801205161,-4.657695884618309,-0.4445150156113262,2.551268185285325,2.805876665948676,1.472668883847717,0.3942543713251966,0.9355191857649894,-2.0863909745935114,0.8486146267935855
12.0,24.0,1009.8073120117188,-3.45915801205161,-4.657695884618309,-0.4445150156113262,2.551268185285325,2.805876665948676,1.472668883847717,0.3939911166012544,0.9355191857649894,-2.0863909745935114,0.8486146267935855
12.0,24.0,1009.8073120117188,-3.45915801205161,-4.657695884618309,-0.4445150156113262,2.551268185285325,2.805876665948676,1.472668883847717,0.3939911166012544,0.9355191857649894,-2.0863909745935114,0.8486146267935855
12.0,24.0,1009.8073120117188,-3.45915801205161,-4.657695884618309,-0.4445150156113262,2.551268185285325,2.805876665948676,1.472668883847717,0.3939911166012544,0.9355191857649894,-2.0863909745935114,0.8486146267935855
12.0,24.0,1009.8073120117188,-3.45915801205161,-4.657695884618309,-0.4445150156113262,2.551268185285325,2.805876665948676,1.472668883847717,0.3939911166012544,0.9355191857649894,-2.0863909745935114,0.8486146267935855
12.0,24.0,1009.8073120117188,-3.45915801205161,-4.657695884618309,-0.4445150156113262,2.551268185285325,2.805876665948676,1.472668883847717,0.3939911166012544,0.9355191857649894,-2.0863909745935114,0.8486146267935855
12.0,24.0,1009.8073120117188,-3.45915801205161,-4.657695884618309,-0.4445150156113262,2.551268185285325,2.805876665948676,1.472668883847717,0.3939911166012544,0.9355191857649894,-2.0863909745935114,0.8486146267935855
12.0,24.0,1009.8073120117188,-3.45915801205161,-4.657695884618309,-0.4445150156113262,2.551268185285325,2.805876665948676,1.472668883847717,0.3939911166012544,0.9355191857649894,-2.0863909745935114,0.8486146267935855
12.0,24.0,1009.8073120117188,-3.45915801205161,-4.657695884618309,-0.4445150156113262,2.551268185285325,2.805876665948676,1.472668883847717,0.3939911166012544,0.9355191857649894,-2.0863909745935114,0.8486146267935855
12.0,24.0,1009.8073120117188,-3.45915801205161,-4.657695884618309,-0.4445150156113262,2.551268185285325,2.805876665948676,1.472668883847717,0.3939911166012544,0.9355191857649894,-2.0863909745935114,0.8486146267935855
12.0,24.0,1009.8073120117188,-3.45915801205161,-4.657695884618309,-0.4445150156113262,2.551268185285325,2.805876665948676,1.472668883847717,0.3939911166012544,0.9355191857649894,-2.0863909745935114,0.8486146267935855
12.0,24.0,1009.8073120117188,-3.45915801205161,-4.657695884618309,-0.4445150156113262,2.551268185285325,2.805876665948676,1.472668883847717,0.3939911166012544,0.9355191857649894,-2.0863909745935114,0.8486146267935855
12.0,24.0,1009.8073120117188,-3.45915801205161,-4.657695884618309,-0.4445150156113262,2.551268185285325,2.805876665948676,1.472668883847717,0.3939911166012544,0.9355191857649894,-2.0863909745935114,0.8486146267935855
12.0,24.0,1009.8073120117188,-3.45915801205161,-4.657695884618309,-0.4445150156113262,2.551268185285325,2.805876665948676,1.472668883847717,0.3939911166012544,0.9355191857649894,-2.0863909745935114,0.8486146267935855
12.0,24.0,1009.8073120117188,-3.45915801205161,-4.657695884618309,-0.4445150156113262,2.551268185285325,2.805876665948676,1.472668883847717,0.3939911166012544,0.9355191857649894,-2.0863909745935114,0.8486146267935855
12.0,24.0,1009.8073120117188,-3.45915801205161,-4.657695884618309,-0.4445150156113262,2.551268185285325,2.805876665948676,1.472668883847717,0.3939911166012544,0.9355191857649894,-2.0863909745935114,0.8486146267935855
12.0,24.0,1009.8073120117188,-3.45915801205161,-4.657695884618309,-0.4445150156113262,2.551268185285325,2.805876665948676,1.472668883847717,0.3939911166012544,0.9355191857649894,-2.0863909745935114,0.8486146267935855
12.0,24.0,1009.8073120117188,-3.45915801205161,-4.657695884618309,-0.4445150156113262,2.551268185285325,2.805876665948676,1.472668883847717,0.3939911166012544,0.9355191857649894,-2.0863909745935114,0.8486146267935855
12.0,24.0,1009.8073120117188,-3.45915801205161,-4.657695884618309,-0.4445150156113262,2.551268185285325,2.805876665948676,1.472668883847717,0.3939910249361139,0.9355191857649894,-2.0863909745935114,0.8486146267935855
12.0,24.0,1009.8073120117188,-3.45915801205161,-4.657695884618309,-0.4445150156113262,2.551268185285325,2.805876665948676,1.472668883847717,0.3939911166012544,0.9355191857649894,-2.0863909745935114,0.8486146267935855
12.0,24.0,1009.807373046875,-3.45915801205161,-4.657695884618309,-0.4445150156113262,2.551268185285325,2.805876665948676,1.472668883847717,0.3939850586317007,0.9355191857649894,-2.0863909745935114,0.8486146267935855
12.0,24.0,1009.807373046875,-3.45915801205161,-4.657695884618309,-0.4445144173304537,2.551268185285325,2.805876665948676,1.472668883847717,0.3939911166012544,0.9355191857649894,-2.0863909745935114,0.8486146267935855
12.0,24.0,1009.807373046875,-3.45915801205161,-4.657695884618309,-0.4445150156113262,2.551268185285325,2.805876665948676,1.472668883847717,0.3939851502968411,0.9355191857649894,-2.0863909745935114,0.8486146267935855
12.0,24.0,1009.81103515625,-3.45915801205161,-4.657695884618309,-0.4443866460747079,2.551268185285325,2.805876665948676,1.472668883847717,0.3939911166012544,0.9355191857649894,-2.0863909745935114,0.8486146267935855
12.0,24.0,1009.81298828125,-3.45915801205161,-4.657695884618309,-0.4444570935429068,2.551268185285325,2.805876665948676,1.472668883847717,0.3933653950524526,0.9355191857649894,-2.0863909745935114,0.8486146267935855
12.0,24.0,1009.848876953125,-3.45915801205161,-4.657695884618309,-0.4445150156113262,2.551268185285325,2.805876665948676,1.472668883847717,0.3939951619193046,0.9355191857649894,-2.1159059004452287,0.8486146267935855
12.0,24.0,1009.8561401367188,-3.45915801205161,-4.657695884618309,-0.4428813656378206,2.551268185285325,2.805876665948676,1.472668883847717,0.3939911166012544,0.9355191857649894,-2.0863909745935114,0.8486146267935855
12.0,24.0,1009.8561401367188,-3.45915801205161,-4.657695884618309,-0.4428813656378206,2.551268185285325,2.805876665948676,1.472668883847717,0.3939911166012544,0.9355191857649894,-2.0863909745935114,0.8486146267935855
12.0,24.0,1009.872802734375,-3.45915801205161,-4.657695884618309,-0.4423488852847639,2.551268185285325,2.805876665948676,1.472668883847717,0.3939911166012544,0.9355191857649894,-2.0863909745935114,0.8486146267935855
12.0,24.0,1010.295166015625,-2.497763190592908,-3.8616085648220846,-0.4362770460425599,3.418864179411982,-0.6005258001120963,1.7828946848681462,0.1531922552096776,1.498838769717468,-2.5432717641133147,-2.659884055119428
12.0,24.0,1010.3894653320312,-3.45915801205161,-4.657695884618309,-0.4445150156113262,2.551268185285325,2.805876665948676,1.472668883847717,0.3581788573526923,0.9355191857649894,-2.0863909745935114,0.8486146267935855
12.0,24.0,1010.3961181640624,-3.45915801205161,-4.657695884618309,-0.4445150156113262,2.551268185285325,2.805876665948676,1.472668883847717,0.35791560262875,0.9355191857649894,-2.0863909745935114,0.8486146267935855
12.0,24.0,1010.5491943359376,-3.458522648180268,-4.657695884618309,-1.4114141068250214,2.3546561819922207,2.805876665948676,1.472668883847717,0.3939911166012544,0.9355191857649894,-2.1718982127662487,-0.1616632564034955
12.0,25.0,1008.1593017578124,-3.459141676985774,-4.657695884618309,-1.4302135021580122,2.551268185285325,2.805876665948676,1.472668883847717,0.3939907399215738,0.9355191857649894,-2.0863894610977303,-0.310429135304362
12.0,25.0,1008.2059326171876,-3.459141676985774,-4.657695884618309,-1.434030970923898,2.551268185285325,2.805876665948676,1.472668883847717,0.3939907399215738,0.9355191857649894,-2.0832066383431327,-0.310429135304362
12.0,25.0,1008.4063720703124,-3.45915801205161,-4.657695884618309,-1.4878694601197615,2.551268185285325,2.805876665948676,1.472668883847717,0.3939911166012544,0.9355191857649894,-2.0863909745935114,-0.2851441185836667
12.0,25.0,1009.7024536132812,-3.45915801205161,-4.657695884618309,-0.4486917263354796,2.551268185285325,2.805876665948676,1.472668883847717,0.3939911166012544,0.9355191857649894,-2.0863909745935114,0.8486146267935855
12.0,25.0,1009.7027587890624,-3.45915801205161,-4.657695884618309,-0.4486760783616167,2.551268185285325,2.805876665948676,1.472668883847717,0.3939911166012544,0.9355191857649894,-2.0863909745935114,0.8486146267935855
12.0,25.0,1009.7028198242188,-3.45915801205161,-4.657695884618309,-0.4486749301705609,2.551268185285325,2.805876665948676,1.472668883847717,0.3939911166012544,0.9355191857649894,-2.0863909745935114,0.8486146267935855
12.0,25.0,1009.7028198242188,-3.45915801205161,-4.657695884618309,-0.4486749301705609,2.551268185285325,2.805876665948676,1.472668883847717,0.3939911166012544,0.9355191857649894,-2.0863909745935114,0.8486146267935855
12.0,25.0,1009.7028198242188,-3.45915801205161,-4.657695884618309,-0.4486749301705609,2.551268185285325,2.805876665948676,1.472668883847717,0.3939911166012544,0.9355191857649894,-2.0863909745935114,0.8486146267935855
12.0,25.0,1009.7028198242188,-3.45915801205161,-4.657695884618309,-0.4486749301705609,2.551268185285325,2.805876665948676,1.472668883847717,0.3939911166012544,0.9355191857649894,-2.0863909745935114,0.8486146267935855
12.0,25.0,1009.7028198242188,-3.45915801205161,-4.657695884618309,-0.4486749301705609,2.551268185285325,2.805876665948676,1.472668883847717,0.3939911166012544,0.9355191857649894,-2.0863909745935114,0.8486146267935855
12.0,25.0,1009.7028198242188,-3.45915801205161,-4.657695884618309,-0.4486744415672981,2.551268185285325,2.805876665948676,1.472668883847717,0.3939911166012544,0.9355191857649894,-2.0863909745935114,0.8486146267935855
12.0,25.0,1009.7028198242188,-3.45915801205161,-4.657695884618309,-0.4486749301705609,2.551268185285325,2.805876665948676,1.472668883847717,0.3939911166012544,0.9355191857649894,-2.0863909745935114,0.8486146267935855
12.0,25.0,1009.7028198242188,-3.45915801205161,-4.657695884618309,-0.4486755419372429,2.551268185285325,2.805876665948676,1.472668883847717,0.3939911166012544,0.9355191857649894,-2.0863909745935114,0.8486146267935855
12.0,25.0,1009.7028198242188,-3.45915801205161,-4.657695884618309,-0.4486749301705609,2.551268185285325,2.805876665948676,1.472668883847717,0.3939911166012544,0.9355191857649894,-2.0863909745935114,0.8486146267935855
12.0,25.0,1009.7034301757812,-3.45915801205161,-4.657695884618309,-0.4486469847312864,2.551268185285325,2.805876665948676,1.472668883847717,0.3939911166012544,0.9355191857649894,-2.0863909745935114,0.8486146267935855
12.0,25.0,1009.704345703125,-3.45915801205161,-4.657695884618309,-0.4486012120726105,2.551268185285325,2.805876665948676,1.472668883847717,0.3939911166012544,0.9355191857649894,-2.0863909745935114,0.8486146267935855
12.0,25.0,1009.7062377929688,-3.459664235138562,-4.657695884618309,-0.4486749301705609,2.551268185285325,2.805876665948676,1.472668883847717,0.3939911166012544,0.9355191857649894,-2.0863909745935114,0.8486146267935855
12.0,25.0,1009.7063598632812,-3.4596799618655494,-4.657695884618309,-0.4486749301705609,2.551268185285325,2.805876665948676,1.472668883847717,0.3939911166012544,0.9355191857649894,-2.0863909745935114,0.8486146267935855
12.0,25.0,1009.7063598632812,-3.4596799618655494,-4.657695884618309,-0.4486749301705609,2.551268185285325,2.805876665948676,1.472668883847717,0.3939911166012544,0.9355191857649894,-2.0863909745935114,0.8486146267935855
12.0,25.0,1009.7099609375,-3.45915801205161,-4.657695884618309,-0.448340606795675,2.551268185285325,2.805876665948676,1.472668883847717,0.3939911166012544,0.9355191857649894,-2.0863909745935114,0.8486146267935855
12.0,25.0,1009.7313842773438,-3.45915801205161,-4.657695884618309,-0.4473988083375194,2.551268185285325,2.805876665948676,1.472668883847717,0.3939911166012544,0.9355191857649894,-2.0863909745935114,0.8486146267935855
12.0,25.0,1009.7313842773438,-3.45915801205161,-4.657695884618309,-0.4473988083375194,2.551268185285325,2.805876665948676,1.472668883847717,0.3939911166012544,0.9355191857649894,-2.0863909745935114,0.8486146267935855
12.0,25.0,1009.734619140625,-3.45915801205161,-4.657695884618309,-0.4472647337857354,2.551268185285325,2.805876665948676,1.472668883847717,0.3939911166012544,0.9355191857649894,-2.0863909745935114,0.8486146267935855
12.0,25.0,1009.734619140625,-3.45915801205161,-4.657695884618309,-0.4472647337857354,2.551268185285325,2.805876665948676,1.472668883847717,0.3939911166012544,0.9355191857649894,-2.0863909745935114,0.8486146267935855
12.0,25.0,1009.7929077148438,-3.45915801205161,-4.657695884618309,-0.4473988083375194,2.551268185285325,2.805876665948676,1.472668883847717,0.3939911166012544,0.9355191857649894,-2.116927130677716,0.8486146267935855
12.0,25.0,1009.7940063476562,-3.45915801205161,-4.657695884618309,-0.4449834135379961,2.551268185285325,2.805876665948676,1.472668883847717,0.3939911166012544,0.9355191857649894,-2.0863909745935114,0.8486146267935855
12.0,25.0,1009.803466796875,-3.45915801205161,-4.657695884618309,-0.4446490901631102,2.551268185285325,2.805876665948676,1.472668883847717,0.3939911166012544,0.9355191857649894,-2.0863909745935114,0.8486146267935855
12.0,25.0,1009.8056030273438,-3.45915801205161,-4.657695884618309,-0.4474771563329008,2.551268185285325,2.805876665948676,1.472668883847717,0.3939911166012544,0.9355191857649894,-2.117800870905676,0.8486146267935855
12.0,25.0,1009.8057250976562,-3.45915801205161,-4.657695884618309,-0.4445150156113262,2.551268185285325,2.805876665948676,1.472668883847717,0.3942543713251966,0.9355191857649894,-2.0863909745935114,0.8486146267935855
12.0,25.0,1009.8073120117188,-3.45915801205161,-4.657695884618309,-0.4445150156113262,2.551268185285325,2.805876665948676,1.472668883847717,0.3939911166012544,0.9355191857649894,-2.0863909745935114,0.8486146267935855
12.0,25.0,1009.8073120117188,-3.45915801205161,-4.657695884618309,-0.4445150156113262,2.551268185285325,2.805876665948676,1.472668883847717,0.3939911166012544,0.9355191857649894,-2.0863909745935114,0.8486146267935855
12.0,25.0,1009.8073120117188,-3.45915801205161,-4.657695884618309,-0.4445150156113262,2.551268185285325,2.805876665948676,1.472668883847717,0.3939911166012544,0.9355191857649894,-2.0863909745935114,0.8486146267935855
12.0,25.0,1009.8073120117188,-3.45915801205161,-4.657695884618309,-0.4445150156113262,2.551268185285325,2.805876665948676,1.472668883847717,0.3939911166012544,0.9355191857649894,-2.0863909745935114,0.8486146267935855
12.0,25.0,1009.8073120117188,-3.45915801205161,-4.657695884618309,-0.4445150156113262,2.551268185285325,2.805876665948676,1.472668883847717,0.3939911166012544,0.9355191857649894,-2.0863909745935114,0.8486146267935855
12.0,25.0,1009.8073120117188,-3.45915801205161,-4.657695884618309,-0.4445150156113262,2.551268185285325,2.805876665948676,1.472668883847717,0.3939911166012544,0.9355191857649894,-2.0863909745935114,0.8486146267935855
12.0,25.0,1009.8073120117188,-3.45915801205161,-4.657695884618309,-0.4445150156113262,2.551268185285325,2.805876665948676,1.472668883847717,0.3939911166012544,0.9355191857649894,-2.0863909745935114,0.8486146267935855
12.0,25.0,1009.8073120117188,-3.45915801205161,-4.657695884618309,-0.4445150156113262,2.551268185285325,2.805876665948676,1.472668883847717,0.3939911166012544,0.9355191857649894,-2.0863909745935114,0.8486146267935855
12.0,25.0,1009.8073120117188,-3.45915801205161,-4.657695884618309,-0.4445150156113262,2.551268185285325,2.805876665948676,1.472668883847717,0.3939911166012544,0.9355191857649894,-2.0863909745935114,0.8486146267935855
12.0,25.0,1009.8073120117188,-3.45915801205161,-4.657695884618309,-0.4445150156113262,2.551268185285325,2.805876665948676,1.472668883847717,0.3939911166012544,0.9355191857649894,-2.0863909745935114,0.8486146267935855
12.0,25.0,1009.8073120117188,-3.45915801205161,-4.657695884618309,-0.4445150156113262,2.551268185285325,2.805876665948676,1.472668883847717,0.3939911166012544,0.9355191857649894,-2.0863909745935114,0.8486146267935855
12.0,25.0,1009.8073120117188,-3.45915801205161,-4.657695884618309,-0.4445150156113262,2.551268185285325,2.805876665948676,1.472668883847717,0.3939911166012544,0.9355191857649894,-2.0863909745935114,0.8486146267935855
12.0,25.0,1009.8073120117188,-3.45915801205161,-4.657695884618309,-0.4445150156113262,2.551268185285325,2.805876665948676,1.472668883847717,0.3939911166012544,0.9355191857649894,-2.0863909745935114,0.8486146267935855
12.0,25.0,1009.8073120117188,-3.45915801205161,-4.657695884618309,-0.4445150156113262,2.551268185285325,2.805876665948676,1.472668883847717,0.3939911166012544,0.9355191857649894,-2.0863909745935114,0.8486146267935855
12.0,25.0,1009.8073120117188,-3.45915801205161,-4.657695884618309,-0.4445150156113262,2.551268185285325,2.805876665948676,1.472668883847717,0.3939911166012544,0.9355191857649894,-2.0863909745935114,0.8486146267935855
12.0,25.0,1009.8073120117188,-3.45915801205161,-4.657695884618309,-0.4445150156113262,2.551268185285325,2.805876665948676,1.472668883847717,0.3939911166012544,0.9355191857649894,-2.0863909745935114,0.8486146267935855
12.0,25.0,1009.8073120117188,-3.45915801205161,-4.657695884618309,-0.4445150156113262,2.551268185285325,2.805876665948676,1.472668883847717,0.3939911166012544,0.9355191857649894,-2.0863909745935114,0.8486146267935855
12.0,25.0,1009.8073120117188,-3.45915801205161,-4.657695884618309,-0.4445150156113262,2.551268185285325,2.805876665948676,1.472668883847717,0.3939910249361139,0.9355191857649894,-2.0863909745935114,0.8486146267935855
12.0,25.0,1009.8073120117188,-3.45915801205161,-4.657695884618309,-0.4445150156113262,2.551268185285325,2.805876665948676,1.472668883847717,0.3939911166012544,0.9355191857649894,-2.0863909745935114,0.8486146267935855
12.0,25.0,1009.8073120117188,-3.45915801205161,-4.657695884618309,-0.4445150156113262,2.551268185285325,2.805876665948676,1.472668883847717,0.3939911166012544,0.9355191857649894,-2.0863909745935114,0.8486146267935855
12.0,25.0,1009.8073120117188,-3.45915801205161,-4.657695884618309,-0.4445150156113262,2.551268185285325,2.805876665948676,1.472668883847717,0.3939911166012544,0.9355191857649894,-2.0863909745935114,0.8486146267935855
12.0,26.0,1007.9176025390624,-3.459141676985774,-4.657695884618309,-1.434030970923898,2.551268185285325,2.805876665948676,1.472668883847717,0.3939907545081745,0.9355191857649894,-2.0832066383431327,-0.2969348228830655
12.0,26.0,1008.1593017578124,-3.459141676985774,-4.657695884618309,-1.4302135021580122,2.551268185285325,2.805876665948676,1.472668883847717,0.3939907399215738,0.9355191857649894,-2.0863894610977303,-0.310429135304362
12.0,26.0,1008.2059326171876,-3.459141676985774,-4.657695884618309,-1.434030970923898,2.551268185285325,2.805876665948676,1.472668883847717,0.3939907399215738,0.9355191857649894,-2.0832066383431327,-0.310429135304362
12.0,26.0,1008.2506103515624,-3.459141676985774,-4.657695884618309,-1.434030970923898,2.551268185285325,2.805876665948676,1.472668883847717,0.3939907399215738,0.9355191857649894,-2.0806397388260622,-0.310429135304362
12.0,26.0,1008.4063720703124,-3.45915801205161,-4.657695884618309,-1.4878694601197615,2.551268185285325,2.805876665948676,1.472668883847717,0.3939911166012544,0.9355191857649894,-2.0863909745935114,-0.2851441185836667
12.0,26.0,1009.651123046875,-3.45915801205161,-4.657695884618309,-0.4486749301705609,2.551268185285325,2.805876665948676,1.48948105379747,0.3939911166012544,0.9355191857649894,-2.0863909745935114,0.8486146267935855
12.0,26.0,1009.652587890625,-3.45915801205161,-4.67566714200006,-0.448340606795675,2.551268185285325,2.805876665948676,1.472668883847717,0.3939911166012544,0.9355191857649894,-2.0863909745935114,0.8486146267935855
12.0,26.0,1009.702392578125,-3.45915801205161,-4.657695884618309,-0.4486943332019722,2.551268185285325,2.805876665948676,1.472668883847717,0.3939911166012544,0.9355191857649894,-2.0863909745935114,0.8486146267935855
12.0,26.0,1009.7024536132812,-3.45915801205161,-4.657695884618309,-0.4486917263354796,2.551268185285325,2.805876665948676,1.472668883847717,0.3939911166012544,0.9355191857649894,-2.0863909745935114,0.8486146267935855
12.0,26.0,1009.7026977539062,-3.45915801205161,-4.657695884618309,-0.448679666728452,2.551268185285325,2.805876665948676,1.472668883847717,0.3939911166012544,0.9355191857649894,-2.0863909745935114,0.8486146267935855
12.0,26.0,1009.7027587890624,-3.45915801205161,-4.657695884618309,-0.4486760783616167,2.551268185285325,2.805876665948676,1.472668883847717,0.3939911166012544,0.9355191857649894,-2.0863909745935114,0.8486146267935855
12.0,26.0,1009.7028198242188,-3.45915801205161,-4.657695884618309,-0.4486749301705609,2.551268185285325,2.805876665948676,1.472668883847717,0.3939911166012544,0.9355191857649894,-2.0863909745935114,0.8486146267935855
12.0,26.0,1009.7028198242188,-3.45915801205161,-4.657695884618309,-0.4486749301705609,2.551268185285325,2.805876665948676,1.472668883847717,0.3939911166012544,0.9355191857649894,-2.0863909745935114,0.8486146267935855
12.0,26.0,1009.7028198242188,-3.45915801205161,-4.657695884618309,-0.4486749301705609,2.551268185285325,2.805876665948676,1.472668883847717,0.3939911166012544,0.9355191857649894,-2.0863909745935114,0.8486146267935855
12.0,26.0,1009.7028198242188,-3.45915801205161,-4.657695884618309,-0.4486749301705609,2.551268185285325,2.805876665948676,1.472668883847717,0.3939911166012544,0.9355191857649894,-2.0863909745935114,0.8486146267935855
12.0,26.0,1009.7028198242188,-3.45915801205161,-4.657695884618309,-0.4486749301705609,2.551268185285325,2.805876665948676,1.472668883847717,0.3939911166012544,0.9355191857649894,-2.0863909745935114,0.8486146267935855
12.0,26.0,1009.7028198242188,-3.45915801205161,-4.657695884618309,-0.4486744415672981,2.551268185285325,2.805876665948676,1.472668883847717,0.3939911166012544,0.9355191857649894,-2.0863909745935114,0.8486146267935855
12.0,26.0,1009.7028198242188,-3.45915801205161,-4.657695884618309,-0.4486749301705609,2.551268185285325,2.805876665948676,1.472668883847717,0.3939911166012544,0.9355191857649894,-2.0863909745935114,0.8486146267935855
12.0,26.0,1009.7028198242188,-3.45915801205161,-4.657695884618309,-0.4486755419372429,2.551268185285325,2.805876665948676,1.472668883847717,0.3939911166012544,0.9355191857649894,-2.0863909745935114,0.8486146267935855
12.0,26.0,1009.7028198242188,-3.45915801205161,-4.657695884618309,-0.4486749301705609,2.551268185285325,2.805876665948676,1.472668883847717,0.3939911166012544,0.9355191857649894,-2.0863909745935114,0.8486146267935855
12.0,26.0,1009.7028198242188,-3.45915801205161,-4.657695884618309,-0.4486749301705609,2.551268185285325,2.805876665948676,1.472668883847717,0.3939911166012544,0.9355191857649894,-2.0863909745935114,0.8486146267935855
12.0,26.0,1009.7028198242188,-3.45915801205161,-4.657695884618309,-0.4486749301705609,2.551268185285325,2.805876665948676,1.472668883847717,0.3939911166012544,0.9355191857649894,-2.0863909745935114,0.8486146267935855
12.0,26.0,1009.7028198242188,-3.45915801205161,-4.657695884618309,-0.4486748269005277,2.551268185285325,2.805876665948676,1.472668883847717,0.3939911166012544,0.9355191857649894,-2.0863909745935114,0.8486146267935855
12.0,26.0,1009.7034301757812,-3.45915801205161,-4.657695884618309,-0.4486469847312864,2.551268185285325,2.805876665948676,1.472668883847717,0.3939911166012544,0.9355191857649894,-2.0863909745935114,0.8486146267935855
12.0,26.0,1009.704345703125,-3.45915801205161,-4.657695884618309,-0.4486012120726105,2.551268185285325,2.805876665948676,1.472668883847717,0.3939911166012544,0.9355191857649894,-2.0863909745935114,0.8486146267935855
12.0,26.0,1009.7062377929688,-3.459664235138562,-4.657695884618309,-0.4486749301705609,2.551268185285325,2.805876665948676,1.472668883847717,0.3939911166012544,0.9355191857649894,-2.0863909745935114,0.8486146267935855
12.0,26.0,1009.7063598632812,-3.4596799618655494,-4.657695884618309,-0.4486749301705609,2.551268185285325,2.805876665948676,1.472668883847717,0.3939911166012544,0.9355191857649894,-2.0863909745935114,0.8486146267935855
12.0,26.0,1009.7063598632812,-3.4596799618655494,-4.657695884618309,-0.4486749301705609,2.551268185285325,2.805876665948676,1.472668883847717,0.3939911166012544,0.9355191857649894,-2.0863909745935114,0.8486146267935855
12.0,26.0,1009.7063598632812,-3.4596799618655494,-4.657695884618309,-0.4486749301705609,2.551268185285325,2.805876665948676,1.472668883847717,0.3939911166012544,0.9355191857649894,-2.0863909745935114,0.8486146267935855
12.0,26.0,1009.709228515625,-3.45915801205161,-4.657695884618309,-0.4483744791952813,2.551268185285325,2.805876665948676,1.472668883847717,0.3939911166012544,0.9355191857649894,-2.0863909745935114,0.8486146267935855
12.0,26.0,1009.7099609375,-3.45915801205161,-4.657695884618309,-0.448340606795675,2.551268185285325,2.805876665948676,1.472668883847717,0.3939911166012544,0.9355191857649894,-2.0863909745935114,0.8486146267935855
12.0,26.0,1009.7313842773438,-3.45915801205161,-4.657695884618309,-0.4473988083375194,2.551268185285325,2.805876665948676,1.472668883847717,0.3939911166012544,0.9355191857649894,-2.0863909745935114,0.8486146267935855
12.0,26.0,1009.7313842773438,-3.45915801205161,-4.657695884618309,-0.4473988083375194,2.551268185285325,2.805876665948676,1.472668883847717,0.3939911166012544,0.9355191857649894,-2.0863909745935114,0.8486146267935855
12.0,26.0,1009.7344360351562,-3.45915801205161,-4.657695884618309,-0.4472720019571066,2.551268185285325,2.805876665948676,1.472668883847717,0.3939911166012544,0.9355191857649894,-2.0863909745935114,0.8486146267935855
12.0,26.0,1009.734619140625,-3.45915801205161,-4.657695884618309,-0.4472647337857354,2.551268185285325,2.805876665948676,1.472668883847717,0.3939911166012544,0.9355191857649894,-2.0863909745935114,0.8486146267935855
12.0,26.0,1009.734619140625,-3.45915801205161,-4.657695884618309,-0.4472647337857354,2.551268185285325,2.805876665948676,1.472668883847717,0.3939911166012544,0.9355191857649894,-2.0863909745935114,0.8486146267935855
12.0,26.0,1009.7929077148438,-3.45915801205161,-4.657695884618309,-0.4473988083375194,2.551268185285325,2.805876665948676,1.472668883847717,0.3939911166012544,0.9355191857649894,-2.116927130677716,0.8486146267935855
12.0,26.0,1009.7940063476562,-3.45915801205161,-4.657695884618309,-0.4449834135379961,2.551268185285325,2.805876665948676,1.472668883847717,0.3939911166012544,0.9355191857649894,-2.0863909745935114,0.8486146267935855
12.0,26.0,1009.803466796875,-3.45915801205161,-4.657695884618309,-0.4446490901631102,2.551268185285325,2.805876665948676,1.472668883847717,0.3939911166012544,0.9355191857649894,-2.0863909745935114,0.8486146267935855
12.0,26.0,1009.8056030273438,-3.45915801205161,-4.657695884618309,-0.4474771563329008,2.551268185285325,2.805876665948676,1.472668883847717,0.3939911166012544,0.9355191857649894,-2.117800870905676,0.8486146267935855
12.0,26.0,1009.8057250976562,-3.45915801205161,-4.657695884618309,-0.4445150156113262,2.551268185285325,2.805876665948676,1.472668883847717,0.3942543713251966,0.9355191857649894,-2.0863909745935114,0.8486146267935855
12.0,26.0,1009.8073120117188,-3.45915801205161,-4.657695884618309,-0.4445150156113262,2.551268185285325,2.805876665948676,1.472668883847717,0.3939911166012544,0.9355191857649894,-2.0863909745935114,0.8486146267935855
12.0,26.0,1009.8073120117188,-3.45915801205161,-4.657695884618309,-0.4445150156113262,2.551268185285325,2.805876665948676,1.472668883847717,0.3939911166012544,0.9355191857649894,-2.0863909745935114,0.8486146267935855
12.0,26.0,1009.8073120117188,-3.45915801205161,-4.657695884618309,-0.4445150156113262,2.551268185285325,2.805876665948676,1.472668883847717,0.3939911166012544,0.9355191857649894,-2.0863909745935114,0.8486146267935855
12.0,26.0,1009.8073120117188,-3.45915801205161,-4.657695884618309,-0.4445150156113262,2.551268185285325,2.805876665948676,1.472668883847717,0.3939911166012544,0.9355191857649894,-2.0863909745935114,0.8486146267935855
12.0,26.0,1009.8073120117188,-3.45915801205161,-4.657695884618309,-0.4445150156113262,2.551268185285325,2.805876665948676,1.472668883847717,0.3939911166012544,0.9355191857649894,-2.0863909745935114,0.8486146267935855
12.0,26.0,1009.8073120117188,-3.45915801205161,-4.657695884618309,-0.4445150156113262,2.551268185285325,2.805876665948676,1.472668883847717,0.3939911166012544,0.9355191857649894,-2.0863909745935114,0.8486146267935855
12.0,26.0,1009.8073120117188,-3.45915801205161,-4.657695884618309,-0.4445150156113262,2.551268185285325,2.805876665948676,1.472668883847717,0.3939911166012544,0.9355191857649894,-2.0863909745935114,0.8486146267935855
12.0,26.0,1009.8073120117188,-3.45915801205161,-4.657695884618309,-0.4445150156113262,2.551268185285325,2.805876665948676,1.472668883847717,0.3939911166012544,0.9355191857649894,-2.0863909745935114,0.8486146267935855
12.0,26.0,1009.8073120117188,-3.45915801205161,-4.657695884618309,-0.4445150156113262,2.551268185285325,2.805876665948676,1.472668883847717,0.3939911166012544,0.9355191857649894,-2.0863909745935114,0.8486146267935855
12.0,27.0,1007.9176025390624,-3.459141676985774,-4.657695884618309,-1.434030970923898,2.551268185285325,2.805876665948676,1.472668883847717,0.3939907545081745,0.9355191857649894,-2.0832066383431327,-0.2969348228830655
12.0,27.0,1008.1593017578124,-3.459141676985774,-4.657695884618309,-1.4302135021580122,2.551268185285325,2.805876665948676,1.472668883847717,0.3939907399215738,0.9355191857649894,-2.0863894610977303,-0.310429135304362
12.0,27.0,1008.2059326171876,-3.459141676985774,-4.657695884618309,-1.434030970923898,2.551268185285325,2.805876665948676,1.472668883847717,0.3939907399215738,0.9355191857649894,-2.0832066383431327,-0.310429135304362
12.0,27.0,1008.2190551757812,-3.459158117790203,-4.657695884618309,-1.4096271072723576,2.551268185285325,2.805876665948676,1.472668883847717,0.3939907399215738,0.9355191857649894,-2.086390891184656,-0.310429135304362
12.0,27.0,1008.2506103515624,-3.459141676985774,-4.657695884618309,-1.434030970923898,2.551268185285325,2.805876665948676,1.472668883847717,0.3939907399215738,0.9355191857649894,-2.0806397388260622,-0.310429135304362
12.0,27.0,1008.4063720703124,-3.45915801205161,-4.657695884618309,-1.4878694601197615,2.551268185285325,2.805876665948676,1.472668883847717,0.3939911166012544,0.9355191857649894,-2.0863909745935114,-0.2851441185836667
12.0,27.0,1008.4974365234376,-3.459141676985774,-4.657695884618309,-1.431432694473093,2.551268185285325,2.805876665948676,1.472668883847717,0.3939907399215738,0.8029871723253181,-2.0806397388260622,-0.310429135304362
12.0,27.0,1008.5776977539062,-3.459141612643798,-4.657695884618309,-1.3941966755645991,2.551268185285325,2.805876665948676,1.472668883847717,0.3939907545081745,0.9355191857649894,-2.0831848726656563,-0.2969348228830655
12.0,27.0,1009.62939453125,-3.45915801205161,-4.657695884618309,-0.4512732066213659,2.551268185285325,2.805876665948676,1.48948105379747,0.3939911166012544,0.9355191857649894,-2.0863909745935114,0.8486146267935855
12.0,27.0,1009.651123046875,-3.45915801205161,-4.657695884618309,-0.4486749301705609,2.551268185285325,2.805876665948676,1.48948105379747,0.3939911166012544,0.9355191857649894,-2.0863909745935114,0.8486146267935855
12.0,27.0,1009.6511840820312,-3.45915801205161,-4.657695884618309,-0.4486749301705609,2.551268185285325,2.805876665948676,1.4894788021487275,0.3939911166012544,0.9355191857649894,-2.0863909745935114,0.8486146267935855
12.0,27.0,1009.6520385742188,-3.4591251883025675,-4.67566714200006,-0.4483521486181665,2.551268185285325,2.805876665948676,1.472668883847717,0.3939911166012544,0.9355191857649894,-2.0863909745935114,0.8486146267935855
12.0,27.0,1009.652587890625,-3.45915801205161,-4.67566714200006,-0.448340606795675,2.551268185285325,2.805876665948676,1.472668883847717,0.3939911166012544,0.9355191857649894,-2.0863909745935114,0.8486146267935855
12.0,27.0,1009.702392578125,-3.45915801205161,-4.657695884618309,-0.4486943332019722,2.551268185285325,2.805876665948676,1.472668883847717,0.3939911166012544,0.9355191857649894,-2.0863909745935114,0.8486146267935855
12.0,27.0,1009.702392578125,-3.45915801205161,-4.657695884618309,-0.4486956660503555,2.551268185285325,2.805876665948676,1.472668883847717,0.3939911166012544,0.9355191857649894,-2.0863909745935114,0.8486146267935855
12.0,27.0,1009.7024536132812,-3.45915801205161,-4.657695884618309,-0.4486917263354796,2.551268185285325,2.805876665948676,1.472668883847717,0.3939911166012544,0.9355191857649894,-2.0863909745935114,0.8486146267935855
12.0,27.0,1009.7026977539062,-3.45915801205161,-4.657695884618309,-0.448679666728452,2.551268185285325,2.805876665948676,1.472668883847717,0.3939911166012544,0.9355191857649894,-2.0863909745935114,0.8486146267935855
12.0,27.0,1009.7026977539062,-3.45913994120823,-4.657695884618309,-0.4486749301705609,2.551268185285325,2.805876665948676,1.472668883847717,0.3939911166012544,0.9355191857649894,-2.0863909745935114,0.8486146267935855
12.0,27.0,1009.7027587890624,-3.45915801205161,-4.657695884618309,-0.4486760783616167,2.551268185285325,2.805876665948676,1.472668883847717,0.3939911166012544,0.9355191857649894,-2.0863909745935114,0.8486146267935855
12.0,27.0,1009.7028198242188,-3.45915801205161,-4.657695884618309,-0.4486749301705609,2.551268185285325,2.805876665948676,1.472668883847717,0.3939911166012544,0.9355191857649894,-2.0863909745935114,0.8486146267935855
12.0,27.0,1009.7028198242188,-3.45915801205161,-4.657695884618309,-0.4486749301705609,2.551268185285325,2.805876665948676,1.472668883847717,0.3939911166012544,0.9355191857649894,-2.0863909745935114,0.8486146267935855
12.0,27.0,1009.7028198242188,-3.45915801205161,-4.657695884618309,-0.4486749301705609,2.551268185285325,2.805876665948676,1.472668883847717,0.3939911166012544,0.9355191857649894,-2.0863909745935114,0.8486146267935855
12.0,27.0,1009.7028198242188,-3.45915801205161,-4.657695884618309,-0.4486749301705609,2.551268185285325,2.805876665948676,1.472668883847717,0.3939911166012544,0.9355191857649894,-2.0863909745935114,0.8486146267935855
12.0,27.0,1009.7028198242188,-3.45915801205161,-4.657695884618309,-0.4486749301705609,2.551268185285325,2.805876665948676,1.472668883847717,0.3939911166012544,0.9355191857649894,-2.0863909745935114,0.8486146267935855
12.0,27.0,1009.7028198242188,-3.45915801205161,-4.657695884618309,-0.4486744415672981,2.551268185285325,2.805876665948676,1.472668883847717,0.3939911166012544,0.9355191857649894,-2.0863909745935114,0.8486146267935855
12.0,27.0,1009.7028198242188,-3.45915801205161,-4.657695884618309,-0.4486749301705609,2.551268185285325,2.805876665948676,1.472668883847717,0.3939911166012544,0.9355191857649894,-2.0863909745935114,0.8486146267935855
12.0,27.0,1009.7028198242188,-3.45915801205161,-4.657695884618309,-0.4486755419372429,2.551268185285325,2.805876665948676,1.472668883847717,0.3939911166012544,0.9355191857649894,-2.0863909745935114,0.8486146267935855
12.0,27.0,1009.7028198242188,-3.45915801205161,-4.657695884618309,-0.4486749301705609,2.551268185285325,2.805876665948676,1.472668883847717,0.3939911166012544,0.9355191857649894,-2.0863909745935114,0.8486146267935855
12.0,27.0,1009.7028198242188,-3.45915801205161,-4.657695884618309,-0.4486749301705609,2.551268185285325,2.805876665948676,1.472668883847717,0.3939911166012544,0.9355191857649894,-2.0863909745935114,0.8486146267935855
12.0,27.0,1009.7028198242188,-3.45915801205161,-4.657695884618309,-0.4486749301705609,2.551268185285325,2.805876665948676,1.472668883847717,0.3939911166012544,0.9355191857649894,-2.0863909745935114,0.8486146267935855
12.0,27.0,1009.7028198242188,-3.45915801205161,-4.657695884618309,-0.4486748269005277,2.551268185285325,2.805876665948676,1.472668883847717,0.3939911166012544,0.9355191857649894,-2.0863909745935114,0.8486146267935855
12.0,27.0,1009.7028198242188,-3.45915801205161,-4.657695884618309,-0.4486749301705609,2.551268185285325,2.805876665948676,1.472668883847717,0.3939911166012544,0.9355191857649894,-2.0863909745935114,0.8486146267935855
12.0,27.0,1009.7028198242188,-3.45915801205161,-4.657695884618309,-0.4486749301705609,2.551268185285325,2.805876665948676,1.47267113549646,0.3939911166012544,0.9355191857649894,-2.0863909745935114,0.8486146267935855
12.0,27.0,1009.7028198242188,-3.45915801205161,-4.657695884618309,-0.448673421739964,2.551268185285325,2.805876665948676,1.472668883847717,0.3939911166012544,0.9355191857649894,-2.0863909745935114,0.8486146267935855
12.0,27.0,1009.7028198242188,-3.45915801205161,-4.657695884618309,-0.4486748269005277,2.551268185285325,2.805876665948676,1.472668883847717,0.3939911166012544,0.9355191857649894,-2.0863909745935114,0.8486146267935855
12.0,27.0,1009.7028198242188,-3.45915801205161,-4.657695884618309,-0.4486749301705609,2.551268185285325,2.805876665948676,1.472668883847717,0.3939911166012544,0.9355191857649894,-2.0863909745935114,0.8486146267935855
12.0,27.0,1009.7028198242188,-3.45915801205161,-4.657695884618309,-0.4486735973221777,2.551268185285325,2.805876665948676,1.472668883847717,0.3939911166012544,0.9355191857649894,-2.0863909745935114,0.8486146267935855
12.0,27.0,1009.7028198242188,-3.45915801205161,-4.657695884618309,-0.4486755419372429,2.551268185285325,2.805876665948676,1.472668883847717,0.3939911166012544,0.9355191857649894,-2.0863909745935114,0.8486146267935855
12.0,27.0,1009.7034301757812,-3.45915801205161,-4.657695884618309,-0.4486469847312864,2.551268185285325,2.805876665948676,1.472668883847717,0.3939911166012544,0.9355191857649894,-2.0863909745935114,0.8486146267935855
12.0,27.0,1009.7039184570312,-3.45915801205161,-4.657695884618309,-0.4486219778458396,2.551268185285325,2.805876665948676,1.472668883847717,0.3939911166012544,0.9355191857649894,-2.0863909745935114,0.8486146267935855
12.0,27.0,1009.7041625976562,-3.45915801205161,-4.657695884618309,-0.4486119689234023,2.551268185285325,2.805876665948676,1.472668883847717,0.3939911166012544,0.9355191857649894,-2.0863909745935114,0.8486146267935855
12.0,27.0,1009.704345703125,-3.45915801205161,-4.657695884618309,-0.4486012120726105,2.551268185285325,2.805876665948676,1.472668883847717,0.3939911166012544,0.9355191857649894,-2.0863909745935114,0.8486146267935855
12.0,27.0,1009.704345703125,-3.45915801205161,-4.657695884618309,-0.4486026172331742,2.551268185285325,2.805876665948676,1.472668883847717,0.3939911166012544,0.9355191857649894,-2.0863909745935114,0.8486146267935855
12.0,27.0,1009.7052612304688,-3.45915801205161,-4.657695884618309,-0.448559687220753,2.551268185285325,2.805876665948676,1.472668883847717,0.3939911166012544,0.9355191857649894,-2.0863909745935114,0.8486146267935855
12.0,27.0,1009.7062377929688,-3.459664235138562,-4.657695884618309,-0.4486749301705609,2.551268185285325,2.805876665948676,1.472668883847717,0.3939911166012544,0.9355191857649894,-2.0863909745935114,0.8486146267935855
12.0,27.0,1009.7063598632812,-3.4596799618655494,-4.657695884618309,-0.4486749301705609,2.551268185285325,2.805876665948676,1.472668883847717,0.3939911166012544,0.9355191857649894,-2.0863909745935114,0.8486146267935855
12.0,27.0,1009.7063598632812,-3.4596799618655494,-4.657695884618309,-0.4486749301705609,2.551268185285325,2.805876665948676,1.472668883847717,0.3939911166012544,0.9355191857649894,-2.0863909745935114,0.8486146267935855
12.0,27.0,1009.7063598632812,-3.4596799618655494,-4.657695884618309,-0.4486749301705609,2.551268185285325,2.805876665948676,1.472668883847717,0.3939911166012544,0.9355191857649894,-2.0863909745935114,0.8486146267935855
12.0,27.0,1009.706787109375,-3.459712785614592,-4.657695884618309,-0.4486633883480695,2.551268185285325,2.805876665948676,1.472668883847717,0.3939911166012544,0.9355191857649894,-2.0863909745935114,0.8486146267935855
12.0,27.0,1009.709228515625,-3.45915801205161,-4.657695884618309,-0.4483744791952813,2.551268185285325,2.805876665948676,1.472668883847717,0.3939911166012544,0.9355191857649894,-2.0863909745935114,0.8486146267935855
12.0,28.0,1007.9176025390624,-3.459141676985774,-4.657695884618309,-1.434030970923898,2.551268185285325,2.805876665948676,1.472668883847717,0.3939907545081745,0.9355191857649894,-2.0832066383431327,-0.2969348228830655
12.0,28.0,1008.1593017578124,-3.459141676985774,-4.657695884618309,-1.4302135021580122,2.551268185285325,2.805876665948676,1.472668883847717,0.3939907399215738,0.9355191857649894,-2.0863894610977303,-0.310429135304362
12.0,28.0,1008.2059326171876,-3.459141676985774,-4.657695884618309,-1.434030970923898,2.551268185285325,2.805876665948676,1.472668883847717,0.3939907399215738,0.9355191857649894,-2.0832066383431327,-0.310429135304362
12.0,28.0,1008.2190551757812,-3.459158117790203,-4.657695884618309,-1.4096271072723576,2.551268185285325,2.805876665948676,1.472668883847717,0.3939907399215738,0.9355191857649894,-2.086390891184656,-0.310429135304362
12.0,28.0,1008.2506103515624,-3.459141676985774,-4.657695884618309,-1.434030970923898,2.551268185285325,2.805876665948676,1.472668883847717,0.3939907399215738,0.9355191857649894,-2.0806397388260622,-0.310429135304362
12.0,28.0,1008.25390625,-3.459141676985774,-4.657695884618309,-1.434030970923898,2.551268185285325,2.805876665948676,1.472668883847717,0.3939907399215738,0.9355191857649894,-2.0804475611033784,-0.310429135304362
12.0,28.0,1008.4063720703124,-3.45915801205161,-4.657695884618309,-1.4878694601197615,2.551268185285325,2.805876665948676,1.472668883847717,0.3939911166012544,0.9355191857649894,-2.0863909745935114,-0.2851441185836667
12.0,28.0,1008.4063720703124,-3.45915801205161,-4.657695884618309,-1.4878694601197615,2.551268185285325,2.805876665948676,1.472668883847717,0.3939911166012544,0.9355191857649894,-2.0863909745935114,-0.2851441185836667
12.0,28.0,1008.4683837890624,-3.459141781862722,-4.657695884618309,-1.431432694473093,2.551268185285325,2.7935087262112086,1.472668883847717,0.3939907399215738,0.8029871723253181,-2.0806397388260622,-0.310429135304362
12.0,28.0,1008.4974365234376,-3.459141676985774,-4.657695884618309,-1.431432694473093,2.551268185285325,2.805876665948676,1.472668883847717,0.3939907399215738,0.8029871723253181,-2.0806397388260622,-0.310429135304362
12.0,28.0,1008.5776977539062,-3.459141612643798,-4.657695884618309,-1.3941966755645991,2.551268185285325,2.805876665948676,1.472668883847717,0.3939907545081745,0.9355191857649894,-2.0831848726656563,-0.2969348228830655
12.0,28.0,1008.7884521484376,-3.4591579515283053,-4.657695884618309,-1.434030970923898,2.551268185285325,2.805876665948676,1.472668883847717,0.3939907105163986,0.9355191857649894,-2.086432792054249,-0.3339740490832149
12.0,28.0,1009.306884765625,-3.252138736109877,-4.67566714200006,-1.4412105038003329,2.551268185285325,2.805876665948676,1.472668883847717,0.6239371410987793,0.9355191857649894,-2.086436638964846,-0.3723359672907717
12.0,28.0,1009.5773315429688,-3.4591582689350004,-4.676369030220851,-0.4483465821917359,2.551268185285325,2.805876665948676,1.4894788021487275,0.3939911166012544,0.9355191857649894,-2.0863909745935114,0.8486146267935855
12.0,28.0,1009.62939453125,-3.45915801205161,-4.657695884618309,-0.4512732066213659,2.551268185285325,2.805876665948676,1.48948105379747,0.3939911166012544,0.9355191857649894,-2.0863909745935114,0.8486146267935855
12.0,28.0,1009.651123046875,-3.45915801205161,-4.657695884618309,-0.4486749301705609,2.551268185285325,2.805876665948676,1.48948105379747,0.3939911166012544,0.9355191857649894,-2.0863909745935114,0.8486146267935855
12.0,28.0,1009.6511840820312,-3.45915801205161,-4.657695884618309,-0.4486749301705609,2.551268185285325,2.805876665948676,1.4894788021487275,0.3939911166012544,0.9355191857649894,-2.0863909745935114,0.8486146267935855
12.0,28.0,1009.6520385742188,-3.4591251883025675,-4.67566714200006,-0.4483521486181665,2.551268185285325,2.805876665948676,1.472668883847717,0.3939911166012544,0.9355191857649894,-2.0863909745935114,0.8486146267935855
12.0,28.0,1009.652587890625,-3.45915801205161,-4.67566714200006,-0.448340606795675,2.551268185285325,2.805876665948676,1.472668883847717,0.3939911166012544,0.9355191857649894,-2.0863909745935114,0.8486146267935855
12.0,28.0,1009.702392578125,-3.45915801205161,-4.657695884618309,-0.4486943332019722,2.551268185285325,2.805876665948676,1.472668883847717,0.3939911166012544,0.9355191857649894,-2.0863909745935114,0.8486146267935855
12.0,28.0,1009.702392578125,-3.45915801205161,-4.657695884618309,-0.4486956660503555,2.551268185285325,2.805876665948676,1.472668883847717,0.3939911166012544,0.9355191857649894,-2.0863909745935114,0.8486146267935855
12.0,28.0,1009.702392578125,-3.45915801205161,-4.657695884618309,-0.448694539956182,2.551268185285325,2.805876665948676,1.472668883847717,0.3939911166012544,0.9355191857649894,-2.0863909745935114,0.8486146267935855
12.0,28.0,1009.7024536132812,-3.45915801205161,-4.657695884618309,-0.4486917263354796,2.551268185285325,2.805876665948676,1.472668883847717,0.3939911166012544,0.9355191857649894,-2.0863909745935114,0.8486146267935855
12.0,28.0,1009.7024536132812,-3.45915801205161,-4.657695884618309,-0.4486932483731818,2.551268185285325,2.805876665948676,1.472668883847717,0.3939911166012544,0.9355191857649894,-2.0863909745935114,0.8486146267935855
12.0,28.0,1009.7026977539062,-3.45915801205161,-4.657695884618309,-0.448679666728452,2.551268185285325,2.805876665948676,1.472668883847717,0.3939911166012544,0.9355191857649894,-2.0863909745935114,0.8486146267935855
12.0,28.0,1009.7026977539062,-3.45913994120823,-4.657695884618309,-0.4486749301705609,2.551268185285325,2.805876665948676,1.472668883847717,0.3939911166012544,0.9355191857649894,-2.0863909745935114,0.8486146267935855
12.0,28.0,1009.7026977539062,-3.45913994120823,-4.657695884618309,-0.4486749301705609,2.551268185285325,2.805876665948676,1.472668883847717,0.3939911166012544,0.9355191857649894,-2.0863909745935114,0.8486146267935855
12.0,28.0,1009.7027587890624,-3.45915801205161,-4.657695884618309,-0.4486760783616167,2.551268185285325,2.805876665948676,1.472668883847717,0.3939911166012544,0.9355191857649894,-2.0863909745935114,0.8486146267935855
12.0,28.0,1009.7027587890624,-3.45915801205161,-4.657695884618309,-0.4486760783616167,2.551268185285325,2.805876665948676,1.472668883847717,0.3939911166012544,0.9355191857649894,-2.0863909745935114,0.8486146267935855
12.0,28.0,1009.7028198242188,-3.45915801205161,-4.657695884618309,-0.4486749301705609,2.551268185285325,2.805876665948676,1.472668883847717,0.3939911166012544,0.9355191857649894,-2.0863909745935114,0.8486146267935855
12.0,28.0,1009.7028198242188,-3.45915801205161,-4.657695884618309,-0.4486749301705609,2.551268185285325,2.805876665948676,1.472668883847717,0.3939911166012544,0.9355191857649894,-2.0863909745935114,0.8486146267935855
12.0,28.0,1009.7028198242188,-3.45915801205161,-4.657695884618309,-0.4486749301705609,2.551268185285325,2.805876665948676,1.472668883847717,0.3939911166012544,0.9355191857649894,-2.0863909745935114,0.8486146267935855
12.0,28.0,1009.7028198242188,-3.45915801205161,-4.657695884618309,-0.4486749301705609,2.551268185285325,2.805876665948676,1.472668883847717,0.3939911166012544,0.9355191857649894,-2.0863909745935114,0.8486146267935855
12.0,28.0,1009.7028198242188,-3.45915801205161,-4.657695884618309,-0.4486749301705609,2.551268185285325,2.805876665948676,1.472668883847717,0.3939911166012544,0.9355191857649894,-2.0863909745935114,0.8486146267935855
12.0,28.0,1009.7028198242188,-3.45915801205161,-4.657695884618309,-0.4486744415672981,2.551268185285325,2.805876665948676,1.472668883847717,0.3939911166012544,0.9355191857649894,-2.0863909745935114,0.8486146267935855
12.0,28.0,1009.7028198242188,-3.45915801205161,-4.657695884618309,-0.4486749301705609,2.551268185285325,2.805876665948676,1.472668883847717,0.3939911166012544,0.9355191857649894,-2.0863909745935114,0.8486146267935855
12.0,28.0,1009.7028198242188,-3.45915801205161,-4.657695884618309,-0.4486755419372429,2.551268185285325,2.805876665948676,1.472668883847717,0.3939911166012544,0.9355191857649894,-2.0863909745935114,0.8486146267935855
12.0,28.0,1009.7028198242188,-3.45915801205161,-4.657695884618309,-0.4486749301705609,2.551268185285325,2.805876665948676,1.472668883847717,0.3939911166012544,0.9355191857649894,-2.0863909745935114,0.8486146267935855
12.0,28.0,1009.7028198242188,-3.45915801205161,-4.657695884618309,-0.4486749301705609,2.551268185285325,2.805876665948676,1.472668883847717,0.3939911166012544,0.9355191857649894,-2.0863909745935114,0.8486146267935855
12.0,28.0,1009.7028198242188,-3.45915801205161,-4.657695884618309,-0.4486749301705609,2.551268185285325,2.805876665948676,1.472668883847717,0.3939911166012544,0.9355191857649894,-2.0863909745935114,0.8486146267935855
12.0,28.0,1009.7028198242188,-3.45915801205161,-4.657695884618309,-0.4486748269005277,2.551268185285325,2.805876665948676,1.472668883847717,0.3939911166012544,0.9355191857649894,-2.0863909745935114,0.8486146267935855
12.0,28.0,1009.7028198242188,-3.45915801205161,-4.657695884618309,-0.4486749301705609,2.551268185285325,2.805876665948676,1.472668883847717,0.3939911166012544,0.9355191857649894,-2.0863909745935114,0.8486146267935855
12.0,28.0,1009.7028198242188,-3.45915801205161,-4.657695884618309,-0.4486749301705609,2.551268185285325,2.805876665948676,1.47267113549646,0.3939911166012544,0.9355191857649894,-2.0863909745935114,0.8486146267935855
12.0,28.0,1009.7028198242188,-3.45915801205161,-4.657695884618309,-0.448673421739964,2.551268185285325,2.805876665948676,1.472668883847717,0.3939911166012544,0.9355191857649894,-2.0863909745935114,0.8486146267935855
12.0,28.0,1009.7028198242188,-3.45915801205161,-4.657695884618309,-0.4486748269005277,2.551268185285325,2.805876665948676,1.472668883847717,0.3939911166012544,0.9355191857649894,-2.0863909745935114,0.8486146267935855
12.0,28.0,1009.7028198242188,-3.45915801205161,-4.657695884618309,-0.4486749301705609,2.551268185285325,2.805876665948676,1.472668883847717,0.3939911166012544,0.9355191857649894,-2.0863909745935114,0.8486146267935855
12.0,28.0,1009.7028198242188,-3.45915801205161,-4.657695884618309,-0.4486735973221777,2.551268185285325,2.805876665948676,1.472668883847717,0.3939911166012544,0.9355191857649894,-2.0863909745935114,0.8486146267935855
12.0,28.0,1009.7028198242188,-3.45915801205161,-4.657695884618309,-0.4486755419372429,2.551268185285325,2.805876665948676,1.472668883847717,0.3939911166012544,0.9355191857649894,-2.0863909745935114,0.8486146267935855
12.0,28.0,1009.7028198242188,-3.45915801205161,-4.657695884618309,-0.4486749301705609,2.551268185285325,2.805876665948676,1.472668883847717,0.3939911166012544,0.9355191857649894,-2.0863909745935114,0.8486146267935855
12.0,28.0,1009.7028198242188,-3.45915801205161,-4.657695884618309,-0.4486755419372429,2.551268185285325,2.805876665948676,1.472668883847717,0.3939911166012544,0.9355191857649894,-2.0863909745935114,0.8486146267935855
12.0,29.0,1007.2160034179688,-3.459141676985774,-4.657695884618309,-1.4338801869552906,2.551268185285325,2.805876665948676,1.472668883847717,0.3508572631926812,0.9355191857649894,-2.0831431473867608,-0.2842287962697566
12.0,29.0,1007.8380126953124,-3.4591583145314466,-4.657695884618309,-1.434030970923898,2.551268185285325,2.805876665948676,1.472668883847717,0.3939911076535023,0.9355191857649894,-2.086634256609991,-0.2963860363425696
12.0,29.0,1007.9176025390624,-3.459141676985774,-4.657695884618309,-1.434030970923898,2.551268185285325,2.805876665948676,1.472668883847717,0.3939907545081745,0.9355191857649894,-2.0832066383431327,-0.2969348228830655
12.0,29.0,1008.1593017578124,-3.459141676985774,-4.657695884618309,-1.4302135021580122,2.551268185285325,2.805876665948676,1.472668883847717,0.3939907399215738,0.9355191857649894,-2.0863894610977303,-0.310429135304362
12.0,29.0,1008.205078125,-3.459141676985774,-4.657695884618309,-1.434030970923898,2.551268185285325,2.805876665948676,1.472668883847717,0.3939907398500331,0.9355191857649894,-2.0832066383431327,-0.3103950059290948
12.0,29.0,1008.2059326171876,-3.459141676985774,-4.657695884618309,-1.434030970923898,2.551268185285325,2.805876665948676,1.472668883847717,0.3939907399215738,0.9355191857649894,-2.0832066383431327,-0.310429135304362
12.0,29.0,1008.2190551757812,-3.459158117790203,-4.657695884618309,-1.4096271072723576,2.551268185285325,2.805876665948676,1.472668883847717,0.3939907399215738,0.9355191857649894,-2.086390891184656,-0.310429135304362
12.0,29.0,1008.2506103515624,-3.459141676985774,-4.657695884618309,-1.434030970923898,2.551268185285325,2.805876665948676,1.472668883847717,0.3939907399215738,0.9355191857649894,-2.0806397388260622,-0.310429135304362
12.0,29.0,1008.2506103515624,-3.459141676985774,-4.657695884618309,-1.434030970923898,2.551268185285325,2.805876665948676,1.472668883847717,0.3939907399215738,0.9355191857649894,-2.0806397388260622,-0.310429135304362
12.0,29.0,1008.25390625,-3.459141676985774,-4.657695884618309,-1.434030970923898,2.551268185285325,2.805876665948676,1.472668883847717,0.3939907399215738,0.9355191857649894,-2.0804475611033784,-0.310429135304362
12.0,29.0,1008.2673950195312,-3.459141374505937,-4.657695884618309,-1.4878694601197615,2.551268185285325,2.805876665948676,1.472668883847717,0.3939907634559265,0.9355191857649894,-2.082963356326653,-0.2856929051241625
12.0,29.0,1008.4063720703124,-3.45915801205161,-4.657695884618309,-1.4878694601197615,2.551268185285325,2.805876665948676,1.472668883847717,0.3939911166012544,0.9355191857649894,-2.0863909745935114,-0.2851441185836667
12.0,29.0,1008.4063720703124,-3.45915801205161,-4.657695884618309,-1.4878694601197615,2.551268185285325,2.805876665948676,1.472668883847717,0.3939911166012544,0.9355191857649894,-2.0863909745935114,-0.2851441185836667
12.0,29.0,1008.4683837890624,-3.459141781862722,-4.657695884618309,-1.431432694473093,2.551268185285325,2.7935087262112086,1.472668883847717,0.3939907399215738,0.8029871723253181,-2.0806397388260622,-0.310429135304362
12.0,29.0,1008.4683837890624,-3.459141781862722,-4.657695884618309,-1.431432694473093,2.551268185285325,2.7935087262112086,1.472668883847717,0.3939907399215738,0.8029871723253181,-2.0806397388260622,-0.310429135304362
12.0,29.0,1008.4744873046876,-3.410524485302066,-4.657695884618309,-1.4302135021580122,2.551268185285325,2.805876665948676,1.472668883847717,0.3939907545797152,0.9355191857649894,-2.0863894610977303,-0.2969689522583327
12.0,29.0,1008.4974365234376,-3.459141676985774,-4.657695884618309,-1.431432694473093,2.551268185285325,2.805876665948676,1.472668883847717,0.3939907399215738,0.8029871723253181,-2.0806397388260622,-0.310429135304362
12.0,29.0,1008.5776977539062,-3.459141612643798,-4.657695884618309,-1.3941966755645991,2.551268185285325,2.805876665948676,1.472668883847717,0.3939907545081745,0.9355191857649894,-2.0831848726656563,-0.2969348228830655
12.0,29.0,1008.5776977539062,-3.459141612643798,-4.657695884618309,-1.3941966755645991,2.551268185285325,2.805876665948676,1.472668883847717,0.3939907545081745,0.9355191857649894,-2.0831848726656563,-0.2969348228830655
12.0,29.0,1008.70166015625,-3.45915801205161,-4.657695884618309,-1.4880202440883692,2.551268185285325,2.805876665948676,1.7608418280602498,0.3939907428273791,0.9355191857649894,-2.086454465549884,-0.311344457618272
12.0,29.0,1008.7884521484376,-3.4591579515283053,-4.657695884618309,-1.434030970923898,2.551268185285325,2.805876665948676,1.472668883847717,0.3939907105163986,0.9355191857649894,-2.086432792054249,-0.3339740490832149
12.0,29.0,1009.1417236328124,-3.252138736109877,-4.656977780220674,-1.441420095642662,2.551268185285325,2.805876665948676,1.472668883847717,0.6257801763611266,0.9335891956078416,-2.0806984962723205,-0.3723359672907717
12.0,29.0,1009.306884765625,-3.252138736109877,-4.67566714200006,-1.4412105038003329,2.551268185285325,2.805876665948676,1.472668883847717,0.6239371410987793,0.9355191857649894,-2.086436638964846,-0.3723359672907717
12.0,29.0,1009.306884765625,-3.252138736109877,-4.67566714200006,-1.4412105038003329,2.551268185285325,2.805876665948676,1.472668883847717,0.6239371410987793,0.9355191857649894,-2.086436638964846,-0.3723359672907717
12.0,29.0,1009.344970703125,-3.459158013677768,-4.657695884618309,-1.4877612464358436,2.551268185285325,2.805876665948676,1.472668883847717,0.3939907105163986,0.9355191857649894,-2.086431626826803,-0.3340095118803666
12.0,29.0,1009.5773315429688,-3.4591582689350004,-4.676369030220851,-0.4483465821917359,2.551268185285325,2.805876665948676,1.4894788021487275,0.3939911166012544,0.9355191857649894,-2.0863909745935114,0.8486146267935855
12.0,29.0,1009.57861328125,-3.459158117790203,-4.657695884618309,-1.4096271072723576,2.551268185285325,2.805876665948676,1.472668883847717,0.3939907399215738,0.9355191857649894,-2.086390891184656,-0.3963362444246177
12.0,29.0,1009.62939453125,-3.45915801205161,-4.657695884618309,-0.4512732066213659,2.551268185285325,2.805876665948676,1.48948105379747,0.3939911166012544,0.9355191857649894,-2.0863909745935114,0.8486146267935855
12.0,29.0,1009.62939453125,-3.45915801205161,-4.657695884618309,-0.4512732066213659,2.551268185285325,2.805876665948676,1.48948105379747,0.3939911166012544,0.9355191857649894,-2.0863909745935114,0.8486146267935855
12.0,29.0,1009.651123046875,-3.45915801205161,-4.657695884618309,-0.4486749301705609,2.551268185285325,2.805876665948676,1.48948105379747,0.3939911166012544,0.9355191857649894,-2.0863909745935114,0.8486146267935855
12.0,29.0,1009.6511840820312,-3.45915801205161,-4.657695884618309,-0.4486749301705609,2.551268185285325,2.805876665948676,1.4894788021487275,0.3939911166012544,0.9355191857649894,-2.0863909745935114,0.8486146267935855
12.0,29.0,1009.6520385742188,-3.4591251883025675,-4.67566714200006,-0.4483521486181665,2.551268185285325,2.805876665948676,1.472668883847717,0.3939911166012544,0.9355191857649894,-2.0863909745935114,0.8486146267935855
12.0,29.0,1009.6524047851562,-3.4591560437614297,-4.67566714200006,-0.4483521486181665,2.551268185285325,2.805876665948676,1.472668883847717,0.3939911166012544,0.9355191857649894,-2.0863909745935114,0.8486146267935855
12.0,29.0,1009.652587890625,-3.45915801205161,-4.67566714200006,-0.448340606795675,2.551268185285325,2.805876665948676,1.472668883847717,0.3939911166012544,0.9355191857649894,-2.0863909745935114,0.8486146267935855
12.0,29.0,1009.652587890625,-3.45915801205161,-4.67566714200006,-0.448340606795675,2.551268185285325,2.805876665948676,1.472668883847717,0.3939911166012544,0.9355191857649894,-2.0863909745935114,0.8486146267935855
12.0,29.0,1009.702392578125,-3.45915801205161,-4.657695884618309,-0.4486943332019722,2.551268185285325,2.805876665948676,1.472668883847717,0.3939911166012544,0.9355191857649894,-2.0863909745935114,0.8486146267935855
12.0,29.0,1009.702392578125,-3.45915801205161,-4.657695884618309,-0.4486956660503555,2.551268185285325,2.805876665948676,1.472668883847717,0.3939911166012544,0.9355191857649894,-2.0863909745935114,0.8486146267935855
12.0,29.0,1009.702392578125,-3.45915801205161,-4.657695884618309,-0.448694539956182,2.551268185285325,2.805876665948676,1.472668883847717,0.3939911166012544,0.9355191857649894,-2.0863909745935114,0.8486146267935855
12.0,29.0,1009.702392578125,-3.45915801205161,-4.657695884618309,-0.4486945266222859,2.551268185285325,2.805876665948676,1.472668883847717,0.3939911166012544,0.9355191857649894,-2.0863909745935114,0.8486146267935855
12.0,29.0,1009.7024536132812,-3.45915801205161,-4.657695884618309,-0.4486917263354796,2.551268185285325,2.805876665948676,1.472668883847717,0.3939911166012544,0.9355191857649894,-2.0863909745935114,0.8486146267935855
12.0,29.0,1009.7024536132812,-3.45915801205161,-4.657695884618309,-0.4486932483731818,2.551268185285325,2.805876665948676,1.472668883847717,0.3939911166012544,0.9355191857649894,-2.0863909745935114,0.8486146267935855
12.0,29.0,1009.7024536132812,-3.45915801205161,-4.657695884618309,-0.4486932483731818,2.551268185285325,2.805876665948676,1.472668883847717,0.3939911166012544,0.9355191857649894,-2.0863909745935114,0.8486146267935855
12.0,29.0,1009.7026977539062,-3.45915801205161,-4.657695884618309,-0.448679666728452,2.551268185285325,2.805876665948676,1.472668883847717,0.3939911166012544,0.9355191857649894,-2.0863909745935114,0.8486146267935855
12.0,29.0,1009.7026977539062,-3.45913994120823,-4.657695884618309,-0.4486749301705609,2.551268185285325,2.805876665948676,1.472668883847717,0.3939911166012544,0.9355191857649894,-2.0863909745935114,0.8486146267935855
12.0,29.0,1009.7026977539062,-3.45913994120823,-4.657695884618309,-0.4486749301705609,2.551268185285325,2.805876665948676,1.472668883847717,0.3939911166012544,0.9355191857649894,-2.0863909745935114,0.8486146267935855
12.0,29.0,1009.7027587890624,-3.45915801205161,-4.657695884618309,-0.4486760783616167,2.551268185285325,2.805876665948676,1.472668883847717,0.3939911166012544,0.9355191857649894,-2.0863909745935114,0.8486146267935855
12.0,29.0,1009.7027587890624,-3.45915801205161,-4.657695884618309,-0.4486760783616167,2.551268185285325,2.805876665948676,1.472668883847717,0.3939911166012544,0.9355191857649894,-2.0863909745935114,0.8486146267935855
12.0,29.0,1009.7028198242188,-3.45915801205161,-4.657695884618309,-0.4486749301705609,2.551268185285325,2.805876665948676,1.472668883847717,0.3939911166012544,0.9355191857649894,-2.0863909745935114,0.8486146267935855
12.0,29.0,1009.7028198242188,-3.45915801205161,-4.657695884618309,-0.4486749301705609,2.551268185285325,2.805876665948676,1.472668883847717,0.3939911166012544,0.9355191857649894,-2.0863909745935114,0.8486146267935855
12.0,29.0,1009.7028198242188,-3.45915801205161,-4.657695884618309,-0.4486749301705609,2.551268185285325,2.805876665948676,1.472668883847717,0.3939911166012544,0.9355191857649894,-2.0863909745935114,0.8486146267935855
12.0,30.0,1006.5703735351562,-3.45915801205161,-4.657695884618309,-1.4880202440883692,2.551268185285325,2.805876665948676,1.7608418280602498,0.3513273291128329,0.9355191857649894,-2.08648078354845,-0.311344457618272
12.0,30.0,1007.2160034179688,-3.459141676985774,-4.657695884618309,-1.4338801869552906,2.551268185285325,2.805876665948676,1.472668883847717,0.3508572631926812,0.9355191857649894,-2.0831431473867608,-0.2842287962697566
12.0,30.0,1007.7600708007812,-3.459141676985774,-4.657695884618309,-1.4338801869552906,2.551268185285325,2.805876665948676,1.472668883847717,0.3929946115393322,0.9355191857649894,-2.0831431473867608,-0.2846635711661157
12.0,30.0,1007.7837524414062,-3.459141257712385,-4.657695884618309,-1.434917995653177,2.551268185285325,2.805876665948676,1.472668883847717,0.3939911040358096,0.9355191857649894,-2.083141679311161,-0.2854420702890555
12.0,30.0,1007.8380126953124,-3.4591583145314466,-4.657695884618309,-1.434030970923898,2.551268185285325,2.805876665948676,1.472668883847717,0.3939911076535023,0.9355191857649894,-2.086634256609991,-0.2963860363425696
12.0,30.0,1007.8380126953124,-3.4591583145314466,-4.657695884618309,-1.434030970923898,2.551268185285325,2.805876665948676,1.472668883847717,0.3939911076535023,0.9355191857649894,-2.086634256609991,-0.2963860363425696
12.0,30.0,1007.9022216796876,-3.4591423261019165,-4.657695884618309,-1.434030970923898,2.551268185285325,2.805876665948676,1.472668883847717,0.3939907545081745,0.9355191857649894,-2.0832066383431327,-0.2959891838905207
12.0,30.0,1007.9176025390624,-3.459141676985774,-4.657695884618309,-1.434030970923898,2.551268185285325,2.805876665948676,1.472668883847717,0.3939907545081745,0.9355191857649894,-2.0832066383431327,-0.2969348228830655
12.0,30.0,1007.970703125,-3.459141676985774,-4.657695884618309,-1.4302135021580122,2.551268185285325,2.805876665948676,1.472668883847717,0.3777725219601526,0.9355191857649894,-2.080223367212687,-0.310429135304362
12.0,30.0,1007.9906005859376,-3.4591416772904284,-4.657695884618309,-1.434030970923898,2.551268185285325,2.805876665948676,1.472668883847717,0.3939907399222606,0.9285996503650256,-2.080747151913984,-0.3103950059290948
12.0,30.0,1008.0299682617188,-3.252138736109877,-4.675750397294021,-1.4412105038003329,2.551268185285325,2.805876665948676,1.472668883847717,0.4309226710218664,0.9355191857649894,-2.086436638964846,-0.3723359672907717
12.0,30.0,1008.1593017578124,-3.459141676985774,-4.657695884618309,-1.4302135021580122,2.551268185285325,2.805876665948676,1.472668883847717,0.3939907399215738,0.9355191857649894,-2.0863894610977303,-0.310429135304362
12.0,30.0,1008.1669311523438,-3.459158478593922,-4.657695884618309,-1.434030970923898,2.551268185285325,2.805876665948676,1.472668883847717,0.3939907399215738,0.9355191857649894,-2.085454945510196,-0.310429135304362
12.0,30.0,1008.205078125,-3.459141676985774,-4.657695884618309,-1.434030970923898,2.551268185285325,2.805876665948676,1.472668883847717,0.3939907398500331,0.9355191857649894,-2.0832066383431327,-0.3103950059290948
12.0,30.0,1008.205078125,-3.459141676985774,-4.657695884618309,-1.434030970923898,2.551268185285325,2.805876665948676,1.472668883847717,0.3939907398500331,0.9355191857649894,-2.0832066383431327,-0.3103950059290948
12.0,30.0,1008.2059326171876,-3.459141676985774,-4.657695884618309,-1.434030970923898,2.551268185285325,2.805876665948676,1.472668883847717,0.3939907399215738,0.9355191857649894,-2.0832066383431327,-0.310429135304362
12.0,30.0,1008.2190551757812,-3.459158117790203,-4.657695884618309,-1.4096271072723576,2.551268185285325,2.805876665948676,1.472668883847717,0.3939907399215738,0.9355191857649894,-2.086390891184656,-0.310429135304362
12.0,30.0,1008.2234497070312,-3.4591416770926497,-4.657695884618309,-1.4326565087035563,2.551268185285325,2.805876665948676,1.472668883847717,0.3939907545081745,0.9355191857649894,-2.0831848726656563,-0.3108781456429245
12.0,30.0,1008.25048828125,-3.459141676985774,-4.657695884618309,-1.434030970923898,2.551268185285325,2.805876665948676,1.472668883847717,0.3939907399215738,0.9355191857649894,-2.080643928166832,-0.310429135304362
12.0,30.0,1008.2506103515624,-3.459141676985774,-4.657695884618309,-1.434030970923898,2.551268185285325,2.805876665948676,1.472668883847717,0.3939907399215738,0.9355191857649894,-2.0806397388260622,-0.310429135304362
12.0,30.0,1008.2506103515624,-3.459141676985774,-4.657695884618309,-1.434030970923898,2.551268185285325,2.805876665948676,1.472668883847717,0.3939907399215738,0.9355191857649894,-2.0806397388260622,-0.310429135304362
12.0,30.0,1008.2506103515624,-3.459141676985774,-4.657695884618309,-1.434030970923898,2.551268185285325,2.805876665948676,1.472668883847717,0.3939907399215738,0.9355191857649894,-2.0806397388260622,-0.310429135304362
12.0,30.0,1008.25390625,-3.459141676985774,-4.657695884618309,-1.434030970923898,2.551268185285325,2.805876665948676,1.472668883847717,0.3939907399215738,0.9355191857649894,-2.0804475611033784,-0.310429135304362
12.0,30.0,1008.2673950195312,-3.459141374505937,-4.657695884618309,-1.4878694601197615,2.551268185285325,2.805876665948676,1.472668883847717,0.3939907634559265,0.9355191857649894,-2.082963356326653,-0.2856929051241625
12.0,30.0,1008.3147583007812,-3.45915801205161,-4.657695884618309,-1.4878694601197615,2.551268185285325,2.805876665948676,1.472668883847717,0.3939911021072175,0.9355191857649894,-2.0863909745935114,-0.2959972672989841
12.0,30.0,1008.4063720703124,-3.45915801205161,-4.657695884618309,-1.4878694601197615,2.551268185285325,2.805876665948676,1.472668883847717,0.3939911166012544,0.9355191857649894,-2.0863909745935114,-0.2851441185836667
12.0,30.0,1008.4063720703124,-3.45915801205161,-4.657695884618309,-1.4878694601197615,2.551268185285325,2.805876665948676,1.472668883847717,0.3939911166012544,0.9355191857649894,-2.0863909745935114,-0.2851441185836667
12.0,30.0,1008.4650268554688,-3.4591584313249992,-4.657695884618309,-1.4869824353904828,2.551268185285325,2.805876665948676,1.472668883847717,0.3939907670736192,0.9355191857649894,-1.9902385023612847,-0.2966368711776767
12.0,30.0,1008.4683837890624,-3.459141781862722,-4.657695884618309,-1.431432694473093,2.551268185285325,2.7935087262112086,1.472668883847717,0.3939907399215738,0.8029871723253181,-2.0806397388260622,-0.310429135304362
12.0,30.0,1008.4683837890624,-3.459141781862722,-4.657695884618309,-1.431432694473093,2.551268185285325,2.7935087262112086,1.472668883847717,0.3939907399215738,0.8029871723253181,-2.0806397388260622,-0.310429135304362
12.0,30.0,1008.4683837890624,-3.459141781862722,-4.657695884618309,-1.431432694473093,2.551268185285325,2.7935087262112086,1.472668883847717,0.3939907399215738,0.8029871723253181,-2.0806397388260622,-0.310429135304362
12.0,30.0,1008.4744873046876,-3.410524485302066,-4.657695884618309,-1.4302135021580122,2.551268185285325,2.805876665948676,1.472668883847717,0.3939907545797152,0.9355191857649894,-2.0863894610977303,-0.2969689522583327
12.0,30.0,1008.4744873046876,-3.410524485302066,-4.657695884618309,-1.4302135021580122,2.551268185285325,2.805876665948676,1.472668883847717,0.3939907545797152,0.9355191857649894,-2.0863894610977303,-0.2969689522583327
12.0,30.0,1008.4791870117188,-3.45915801205161,-4.657695884618309,-1.4880202440883692,2.551268185285325,2.805876665948676,1.4702864820763404,0.3939907428273791,0.9355191857649894,-2.086454465549884,-0.311344457618272
12.0,30.0,1008.4974365234376,-3.459141676985774,-4.657695884618309,-1.431432694473093,2.551268185285325,2.805876665948676,1.472668883847717,0.3939907399215738,0.8029871723253181,-2.0806397388260622,-0.310429135304362
12.0,30.0,1008.5776977539062,-3.459141612643798,-4.657695884618309,-1.3941966755645991,2.551268185285325,2.805876665948676,1.472668883847717,0.3939907545081745,0.9355191857649894,-2.0831848726656563,-0.2969348228830655
12.0,30.0,1008.5776977539062,-3.459141612643798,-4.657695884618309,-1.3941966755645991,2.551268185285325,2.805876665948676,1.472668883847717,0.3939907545081745,0.9355191857649894,-2.0831848726656563,-0.2969348228830655
12.0,30.0,1008.6799926757812,-3.4591416125369228,-4.657695884618309,-1.3955711377849411,2.551268185285325,2.805876665948676,1.472668883847717,0.3939907399215738,0.9355191857649894,-2.0806397388260622,-0.2964858125445029
12.0,30.0,1008.70166015625,-3.45915801205161,-4.657695884618309,-1.4880202440883692,2.551268185285325,2.805876665948676,1.7608418280602498,0.3939907428273791,0.9355191857649894,-2.086454465549884,-0.311344457618272
12.0,30.0,1008.7310791015624,-3.459141676985774,-4.657695884618309,-1.431432694473093,2.551268185285325,2.805876665948676,1.472668883847717,0.3939907544156107,0.7368105377408809,-2.0806397388260622,-0.310429135304362
12.0,30.0,1008.7884521484376,-3.4591579515283053,-4.657695884618309,-1.434030970923898,2.551268185285325,2.805876665948676,1.472668883847717,0.3939907105163986,0.9355191857649894,-2.086432792054249,-0.3339740490832149
12.0,30.0,1008.7884521484376,-3.4591579515283053,-4.657695884618309,-1.434030970923898,2.551268185285325,2.805876665948676,1.472668883847717,0.3939907105163986,0.9355191857649894,-2.086432792054249,-0.3339740490832149
12.0,30.0,1008.9644775390624,-3.502853088394448,-4.657695884618309,-1.434030970923898,2.551268185285325,2.805876665948676,1.472668883847717,0.3939907399215738,0.9355191857649894,-2.0866136549884216,-0.310429135304362
12.0,30.0,1009.1417236328124,-3.252138736109877,-4.656977780220674,-1.441420095642662,2.551268185285325,2.805876665948676,1.472668883847717,0.6257801763611266,0.9335891956078416,-2.0806984962723205,-0.3723359672907717
12.0,30.0,1009.306884765625,-3.252138736109877,-4.67566714200006,-1.4412105038003329,2.551268185285325,2.805876665948676,1.472668883847717,0.6239371410987793,0.9355191857649894,-2.086436638964846,-0.3723359672907717
12.0,30.0,1009.306884765625,-3.252138736109877,-4.67566714200006,-1.4412105038003329,2.551268185285325,2.805876665948676,1.472668883847717,0.6239371410987793,0.9355191857649894,-2.086436638964846,-0.3723359672907717
12.0,30.0,1009.344970703125,-3.459158013677768,-4.657695884618309,-1.4877612464358436,2.551268185285325,2.805876665948676,1.472668883847717,0.3939907105163986,0.9355191857649894,-2.086431626826803,-0.3340095118803666
12.0,30.0,1009.3710327148438,-3.459141676985774,-4.657695884618309,-1.4338801869552906,3.012319388072102,2.805876665948676,1.8102890988295413,0.3935206769072275,0.9355191857649894,-1.7387190840338196,-0.2842287962697566
12.0,30.0,1009.5773315429688,-3.4591582689350004,-4.676369030220851,-0.4483465821917359,2.551268185285325,2.805876665948676,1.4894788021487275,0.3939911166012544,0.9355191857649894,-2.0863909745935114,0.8486146267935855
12.0,30.0,1009.57861328125,-3.459158117790203,-4.657695884618309,-1.4096271072723576,2.551268185285325,2.805876665948676,1.472668883847717,0.3939907399215738,0.9355191857649894,-2.086390891184656,-0.3963362444246177
12.0,31.0,1006.1144409179688,-3.459141677295368,-4.657695884618309,-1.434030970923898,2.111511143634232,2.805876665948676,1.472668883847717,0.3939907399215225,0.9355191857649894,-2.080643928166832,-0.3104299951037566
12.0,31.0,1006.5703735351562,-3.45915801205161,-4.657695884618309,-1.4880202440883692,2.551268185285325,2.805876665948676,1.7608418280602498,0.3513273291128329,0.9355191857649894,-2.08648078354845,-0.311344457618272
12.0,31.0,1006.581787109375,-3.45915801205161,-4.657695884618309,-1.4880202440883692,2.551268185285325,2.805876665948676,1.7608418280602498,0.3522435239855909,0.9355191857649894,-2.08648078354845,-0.3112828040080895
12.0,31.0,1006.6253662109376,-3.4591583145314466,-4.7403701180737645,-1.434030970923898,2.551268185285325,2.805876665948676,1.472668883847717,0.3939911076535023,0.9355191857649894,-2.08543560629331,-0.2967572017965088
12.0,31.0,1006.7551879882812,-3.4084533747880355,-4.657695884618309,-1.434030970923898,2.141009992368526,2.805876665948676,1.472668883847717,0.3939907545081745,0.9355191857649894,-2.0832066383431327,-0.2969340571747758
12.0,31.0,1007.2160034179688,-3.459141676985774,-4.657695884618309,-1.4338801869552906,2.551268185285325,2.805876665948676,1.472668883847717,0.3508572631926812,0.9355191857649894,-2.0831431473867608,-0.2842287962697566
12.0,31.0,1007.2471313476562,-3.459159452297544,-4.657695884618309,-1.485819692178219,2.551268185285325,2.805876665948676,1.472668883847717,0.3939907399215738,0.9355191857649894,-2.0514714304720965,-0.2963394196582981
12.0,31.0,1007.7546997070312,-3.459141620096377,-4.657695884618309,-1.4338931958150247,2.551268185285325,2.805876665948676,1.472668883847717,0.3939907399215738,0.9226379875096192,-2.0804331128154474,-0.310429135304362
12.0,31.0,1007.7600708007812,-3.459141676985774,-4.657695884618309,-1.4338801869552906,2.551268185285325,2.805876665948676,1.472668883847717,0.3929946115393322,0.9355191857649894,-2.0831431473867608,-0.2846635711661157
12.0,31.0,1007.7837524414062,-3.459141257712385,-4.657695884618309,-1.434917995653177,2.551268185285325,2.805876665948676,1.472668883847717,0.3939911040358096,0.9355191857649894,-2.083141679311161,-0.2854420702890555
12.0,31.0,1007.8380126953124,-3.4591583145314466,-4.657695884618309,-1.434030970923898,2.551268185285325,2.805876665948676,1.472668883847717,0.3939911076535023,0.9355191857649894,-2.086634256609991,-0.2963860363425696
12.0,31.0,1007.8380126953124,-3.4591583145314466,-4.657695884618309,-1.434030970923898,2.551268185285325,2.805876665948676,1.472668883847717,0.3939911076535023,0.9355191857649894,-2.086634256609991,-0.2963860363425696
12.0,31.0,1007.8380126953124,-3.459159800788996,-4.657695884618309,-1.434030970923898,2.551268185285325,2.805876665948676,1.472668883847717,0.3939911076535023,0.9355191857649894,-2.086634256609991,-0.2963860363425696
12.0,31.0,1007.8479614257812,-3.4591416772904284,-4.657695884618309,-1.434030970923898,2.551268185285325,2.805876665948676,1.472668883847717,0.3939911063258637,0.928640130144696,-2.087181586463741,-0.3103950059290948
12.0,31.0,1007.9022216796876,-3.4591423261019165,-4.657695884618309,-1.434030970923898,2.551268185285325,2.805876665948676,1.472668883847717,0.3939907545081745,0.9355191857649894,-2.0832066383431327,-0.2959891838905207
12.0,31.0,1007.9176025390624,-3.459141676985774,-4.657695884618309,-1.434030970923898,2.551268185285325,2.805876665948676,1.472668883847717,0.3939907545081745,0.9355191857649894,-2.0832066383431327,-0.2969348228830655
12.0,31.0,1007.970703125,-3.459141676985774,-4.657695884618309,-1.4302135021580122,2.551268185285325,2.805876665948676,1.472668883847717,0.3777725219601526,0.9355191857649894,-2.080223367212687,-0.310429135304362
12.0,31.0,1007.9758911132812,-3.4591417946838545,-4.657695884618309,-1.4302135021580122,2.551268185285325,2.805876665948676,1.472668883847717,0.3782385720693123,0.9355191857649894,-2.080221454455409,-0.310429135304362
12.0,31.0,1007.9906005859376,-3.4591416772904284,-4.657695884618309,-1.434030970923898,2.551268185285325,2.805876665948676,1.472668883847717,0.3939907399222606,0.9285996503650256,-2.080747151913984,-0.3103950059290948
12.0,31.0,1008.0299682617188,-3.252138736109877,-4.675750397294021,-1.4412105038003329,2.551268185285325,2.805876665948676,1.472668883847717,0.4309226710218664,0.9355191857649894,-2.086436638964846,-0.3723359672907717
12.0,31.0,1008.1376342773438,-3.459141676985774,-4.657695884618309,-1.4406589672673178,2.551268185285325,2.805876665948676,1.472668883847717,0.3939733504633109,0.9355191857649894,-2.0864607012247665,-0.310429135304362
12.0,31.0,1008.1593017578124,-3.459141676985774,-4.657695884618309,-1.4302135021580122,2.551268185285325,2.805876665948676,1.472668883847717,0.3939907399215738,0.9355191857649894,-2.0863894610977303,-0.310429135304362
12.0,31.0,1008.1669311523438,-3.459158478593922,-4.657695884618309,-1.434030970923898,2.551268185285325,2.805876665948676,1.472668883847717,0.3939907399215738,0.9355191857649894,-2.085454945510196,-0.310429135304362
12.0,31.0,1008.1848754882812,-3.459141676985774,-4.657695884618309,-1.434030970923898,2.551268185285325,2.805876665948676,1.472668883847717,0.393074544977275,0.9355191857649894,-2.0832066383431327,-0.3104566595392773
12.0,31.0,1008.205078125,-3.459141676985774,-4.657695884618309,-1.434030970923898,2.551268185285325,2.805876665948676,1.472668883847717,0.3939907398500331,0.9355191857649894,-2.0832066383431327,-0.3103950059290948
12.0,31.0,1008.205078125,-3.459141676985774,-4.657695884618309,-1.434030970923898,2.551268185285325,2.805876665948676,1.472668883847717,0.3939907398500331,0.9355191857649894,-2.0832066383431327,-0.3103950059290948
12.0,31.0,1008.2059326171876,-3.459141676985774,-4.657695884618309,-1.434030970923898,2.551268185285325,2.805876665948676,1.472668883847717,0.3939907399215738,0.9355191857649894,-2.0832066383431327,-0.310429135304362
12.0,31.0,1008.207763671875,-3.459141676985774,-4.657695884618309,-1.434030970923898,2.551268185285325,2.805876665948676,1.472668883847717,0.3939907399215738,0.9355191857649894,-2.083103204771213,-0.310429135304362
12.0,31.0,1008.2190551757812,-3.459158117790203,-4.657695884618309,-1.4096271072723576,2.551268185285325,2.805876665948676,1.472668883847717,0.3939907399215738,0.9355191857649894,-2.086390891184656,-0.310429135304362
12.0,31.0,1008.2234497070312,-3.4591416770926497,-4.657695884618309,-1.4326565087035563,2.551268185285325,2.805876665948676,1.472668883847717,0.3939907545081745,0.9355191857649894,-2.0831848726656563,-0.3108781456429245
12.0,31.0,1008.2244262695312,-3.4591585387038,-4.657695884618309,-1.4326565087035563,2.551268185285325,2.805876665948676,1.472668883847717,0.3939907545081745,0.9355191857649894,-2.0831346930351904,-0.3108781456429245
12.0,31.0,1008.248779296875,-3.459141676985774,-4.657695884618309,-1.434030970923898,2.551268185285325,2.805876665948676,1.472668883847717,0.3939907399215738,0.9355191857649894,-2.0807431723979817,-0.310429135304362
12.0,31.0,1008.25048828125,-3.459141676985774,-4.657695884618309,-1.434030970923898,2.551268185285325,2.805876665948676,1.472668883847717,0.3939907399215738,0.9355191857649894,-2.080643928166832,-0.310429135304362
12.0,31.0,1008.2506103515624,-3.459141676985774,-4.657695884618309,-1.434030970923898,2.551268185285325,2.805876665948676,1.472668883847717,0.3939907399215738,0.9355191857649894,-2.0806397388260622,-0.310429135304362
12.0,31.0,1008.2506103515624,-3.459141676985774,-4.657695884618309,-1.434030970923898,2.551268185285325,2.805876665948676,1.472668883847717,0.3939907399215738,0.9355191857649894,-2.0806397388260622,-0.310429135304362
12.0,31.0,1008.2506103515624,-3.459141676985774,-4.657695884618309,-1.434030970923898,2.551268185285325,2.805876665948676,1.472668883847717,0.3939907399215738,0.9355191857649894,-2.0806397388260622,-0.310429135304362
12.0,31.0,1008.25390625,-3.459141676985774,-4.657695884618309,-1.434030970923898,2.551268185285325,2.805876665948676,1.472668883847717,0.3939907399215738,0.9355191857649894,-2.0804475611033784,-0.310429135304362
12.0,31.0,1008.2621459960938,-3.459141677089396,-4.657695884618309,-1.434030970923898,2.551268185285325,2.805876665948676,1.472668883847717,0.3939907399215738,0.9355191857649894,-2.0806397388260622,-0.3109134337693189
12.0,31.0,1008.2673950195312,-3.459141374505937,-4.657695884618309,-1.4878694601197615,2.551268185285325,2.805876665948676,1.472668883847717,0.3939907634559265,0.9355191857649894,-2.082963356326653,-0.2856929051241625
12.0,31.0,1008.3147583007812,-3.45915801205161,-4.657695884618309,-1.4878694601197615,2.551268185285325,2.805876665948676,1.472668883847717,0.3939911021072175,0.9355191857649894,-2.0863909745935114,-0.2959972672989841
12.0,31.0,1008.31494140625,-3.4591421967697933,-4.657695884618309,-1.484813661458112,2.551268185285325,2.805876665948676,1.472668883847717,0.3939907546243247,0.9355191857649894,-2.0889314819382503,-0.2966143641070277
12.0,31.0,1008.3536376953124,-3.459141781862722,-4.657695884618309,-1.4304176533795687,2.551268185285325,2.7935087262112086,1.472668883847717,0.3939907399215738,0.8029871723253181,-2.086223073711968,-0.310429135304362
12.0,31.0,1008.3612670898438,-3.252138736109877,-4.675792779889525,-1.431455811723351,2.551268185285325,2.805876665948676,1.472668883847717,0.4318521270080098,0.9355191857649894,-2.086436638964846,-0.3746090128639048
12.0,31.0,1008.3944091796876,-3.459158117790203,-4.657695884618309,-1.4106421483658822,2.551268185285325,2.805876665948676,1.472668883847717,0.3939907399215738,0.9355191857649894,-2.0808075562987502,-0.310429135304362
12.0,31.0,1008.4012451171876,-3.459141666114141,-4.657695884618309,-1.4878694601197615,2.551268185285325,2.805876665948676,1.472668883847717,0.3939907634559265,0.9355191857649894,-2.086464796055888,-0.2856929051241625
12.0,31.0,1008.4063720703124,-3.45915801205161,-4.657695884618309,-1.4878694601197615,2.551268185285325,2.805876665948676,1.472668883847717,0.3939911166012544,0.9355191857649894,-2.0863909745935114,-0.2851441185836667
12.0,31.0,1008.4063720703124,-3.45915801205161,-4.657695884618309,-1.4878694601197615,2.551268185285325,2.805876665948676,1.472668883847717,0.3939911166012544,0.9355191857649894,-2.0863909745935114,-0.2851441185836667
12.0,31.0,1008.4650268554688,-3.4591584313249992,-4.657695884618309,-1.4869824353904828,2.551268185285325,2.805876665948676,1.472668883847717,0.3939907670736192,0.9355191857649894,-1.9902385023612847,-0.2966368711776767
12.0,31.0,1008.4683837890624,-3.459141781862722,-4.657695884618309,-1.431432694473093,2.551268185285325,2.7935087262112086,1.472668883847717,0.3939907399215738,0.8029871723253181,-2.0806397388260622,-0.310429135304362
12.0,31.0,1008.4683837890624,-3.459141781862722,-4.657695884618309,-1.431432694473093,2.551268185285325,2.7935087262112086,1.472668883847717,0.3939907399215738,0.8029871723253181,-2.0806397388260622,-0.310429135304362
12.0,32.0,1006.1144409179688,-3.459141677295368,-4.657695884618309,-1.434030970923898,2.111511143634232,2.805876665948676,1.472668883847717,0.3939907399215225,0.9355191857649894,-2.080643928166832,-0.3104299951037566
12.0,32.0,1006.3367309570312,-3.459141676968553,-4.657695884618309,-1.434030970923898,2.128777325703298,2.805876665948676,1.472668883847717,0.3939751654794004,0.9355191857649894,-2.080643928166832,-0.3104558047958056
12.0,32.0,1006.5703735351562,-3.45915801205161,-4.657695884618309,-1.4880202440883692,2.551268185285325,2.805876665948676,1.7608418280602498,0.3513273291128329,0.9355191857649894,-2.08648078354845,-0.311344457618272
12.0,32.0,1006.5817260742188,-3.459141676985774,-4.657695884618309,-1.4893040607718924,2.551268185285325,2.805876665948676,1.7587823412309729,0.3511839690032941,0.9355191857649894,-2.0864180514316413,-0.3113556749696046
12.0,32.0,1006.581787109375,-3.45915801205161,-4.657695884618309,-1.4880202440883692,2.551268185285325,2.805876665948676,1.7608418280602498,0.3522435239855909,0.9355191857649894,-2.08648078354845,-0.3112828040080895
12.0,32.0,1006.6253662109376,-3.4591583145314466,-4.7403701180737645,-1.434030970923898,2.551268185285325,2.805876665948676,1.472668883847717,0.3939911076535023,0.9355191857649894,-2.08543560629331,-0.2967572017965088
12.0,32.0,1006.6641845703124,-3.4574640217142587,-4.657695884618309,-1.434030970923898,2.141009992368526,2.8153825195502256,1.472668883847717,0.3939907545081745,0.9355191857649894,-2.0853570836579745,-0.2969261088271744
12.0,32.0,1006.7551879882812,-3.4084533747880355,-4.657695884618309,-1.434030970923898,2.141009992368526,2.805876665948676,1.472668883847717,0.3939907545081745,0.9355191857649894,-2.0832066383431327,-0.2969340571747758
12.0,32.0,1006.7551879882812,-3.4084533747880355,-4.657695884618309,-1.434030970923898,2.141009992368526,2.805876665948676,1.472668883847717,0.3939907545081745,0.9355191857649894,-2.0832066383431327,-0.2969340571747758
12.0,32.0,1007.199462890625,-3.459141676985774,-4.657695884618309,-1.4338801869552906,2.551268185285325,2.805876665948676,1.472668883847717,0.3531538965829004,0.9355191857649894,-2.0831431473867608,-0.2842287962697566
12.0,32.0,1007.2160034179688,-3.459141676985774,-4.657695884618309,-1.4338801869552906,2.551268185285325,2.805876665948676,1.472668883847717,0.3508572631926812,0.9355191857649894,-2.0831431473867608,-0.2842287962697566
12.0,32.0,1007.2160034179688,-3.459141676985774,-4.657695884618309,-1.4338801869552906,2.551268185285325,2.805876665948676,1.472668883847717,0.3508572631926812,0.9355191857649894,-2.0831431473867608,-0.2842287962697566
12.0,32.0,1007.2471313476562,-3.459159452297544,-4.657695884618309,-1.485819692178219,2.551268185285325,2.805876665948676,1.472668883847717,0.3939907399215738,0.9355191857649894,-2.0514714304720965,-0.2963394196582981
12.0,32.0,1007.6171875,-3.4591423691416776,-4.657695884618309,-1.4302135021580122,2.551268185285325,2.805876665948676,1.472668883847717,0.3782385720693123,0.9355191857649894,-2.080221454455409,-0.2958334202709646
12.0,32.0,1007.69140625,-3.459141676985774,-4.657695884618309,-1.4338801869552906,2.551268185285325,2.805876665948676,1.472668883847717,0.3929946115393322,0.9355191857649894,-2.086517498818611,-0.2846635711661157
12.0,32.0,1007.7102661132812,-3.4591579836084323,-4.657695884618309,-1.4357825757910487,2.551268185285325,2.805876665948676,1.472668883847717,0.3939911076535023,0.9355191857649894,-2.0863809998200606,-0.2848724717029633
12.0,32.0,1007.7546997070312,-3.459141620096377,-4.657695884618309,-1.4338931958150247,2.551268185285325,2.805876665948676,1.472668883847717,0.3939907399215738,0.9226379875096192,-2.0804331128154474,-0.310429135304362
12.0,32.0,1007.7600708007812,-3.459141676985774,-4.657695884618309,-1.4338801869552906,2.551268185285325,2.805876665948676,1.472668883847717,0.3929946115393322,0.9355191857649894,-2.0831431473867608,-0.2846635711661157
12.0,32.0,1007.7601928710938,-3.459141676985774,-4.657695884618309,-1.4338801869552906,2.551268185285325,2.805876665948676,1.472668883847717,0.3930007299625415,0.9355191857649894,-2.0831431473867608,-0.2846635711661157
12.0,32.0,1007.7769165039062,-3.459141125004704,-4.657695884618309,-1.434917995653177,2.551268185285325,2.805876665948676,1.472668883847717,0.3939911288218878,0.9355191857649894,-2.083240398158416,-0.2838865358634641
12.0,32.0,1007.7837524414062,-3.459141257712385,-4.657695884618309,-1.434917995653177,2.551268185285325,2.805876665948676,1.472668883847717,0.3939911040358096,0.9355191857649894,-2.083141679311161,-0.2854420702890555
12.0,32.0,1007.810791015625,-3.459141620096377,-4.826505390333406,-1.4337975210861789,2.551268185285325,2.805876665948676,1.472668883847717,0.3938801255090099,0.9352230130411596,-2.0804331128154474,-0.310429135304362
12.0,32.0,1007.8380126953124,-3.4591583145314466,-4.657695884618309,-1.434030970923898,2.551268185285325,2.805876665948676,1.472668883847717,0.3939911076535023,0.9355191857649894,-2.086634256609991,-0.2963860363425696
12.0,32.0,1007.8380126953124,-3.4591583145314466,-4.657695884618309,-1.434030970923898,2.551268185285325,2.805876665948676,1.472668883847717,0.3939911076535023,0.9355191857649894,-2.086634256609991,-0.2963860363425696
12.0,32.0,1007.8380126953124,-3.459159800788996,-4.657695884618309,-1.434030970923898,2.551268185285325,2.805876665948676,1.472668883847717,0.3939911076535023,0.9355191857649894,-2.086634256609991,-0.2963860363425696
12.0,32.0,1007.8479614257812,-3.4591416772904284,-4.657695884618309,-1.434030970923898,2.551268185285325,2.805876665948676,1.472668883847717,0.3939911063258637,0.928640130144696,-2.087181586463741,-0.3103950059290948
12.0,32.0,1007.8719482421876,-3.459159488069621,-4.6565845479994925,-1.4317863592411104,2.551268185285325,2.805876665948676,1.472668883847717,0.3939911076535023,0.9355191857649894,-2.08543560629331,-0.2962870418248414
12.0,32.0,1007.8731079101562,-3.4591577140369165,-4.657695884618309,-1.430084078886502,2.551268185285325,2.805876665948676,1.472668883847717,0.3939911021072175,0.9355191857649894,-2.0863909745935114,-0.2959972672989841
12.0,32.0,1007.9022216796876,-3.4591423261019165,-4.657695884618309,-1.434030970923898,2.551268185285325,2.805876665948676,1.472668883847717,0.3939907545081745,0.9355191857649894,-2.0832066383431327,-0.2959891838905207
12.0,32.0,1007.9176025390624,-3.459141676985774,-4.657695884618309,-1.434030970923898,2.551268185285325,2.805876665948676,1.472668883847717,0.3939907545081745,0.9355191857649894,-2.0832066383431327,-0.2969348228830655
12.0,32.0,1007.9176025390624,-3.459141676985774,-4.657695884618309,-1.434030970923898,2.551268185285325,2.805876665948676,1.472668883847717,0.3939907545081745,0.9355191857649894,-2.0832066383431327,-0.2969348228830655
12.0,32.0,1007.95556640625,-3.4591423261019165,-4.657695884618309,-1.434030970923898,2.551268185285325,2.805876665948676,1.472668883847717,0.3939907545258007,0.9355191857649894,-2.080685511567999,-0.2959891838905207
12.0,32.0,1007.970703125,-3.459141676985774,-4.657695884618309,-1.4302135021580122,2.551268185285325,2.805876665948676,1.472668883847717,0.3777725219601526,0.9355191857649894,-2.080223367212687,-0.310429135304362
12.0,32.0,1007.9758911132812,-3.4591417946838545,-4.657695884618309,-1.4302135021580122,2.551268185285325,2.805876665948676,1.472668883847717,0.3782385720693123,0.9355191857649894,-2.080221454455409,-0.310429135304362
12.0,32.0,1007.9906005859376,-3.4591416772904284,-4.657695884618309,-1.434030970923898,2.551268185285325,2.805876665948676,1.472668883847717,0.3939907399222606,0.9285996503650256,-2.080747151913984,-0.3103950059290948
12.0,32.0,1008.0299682617188,-3.252138736109877,-4.675750397294021,-1.4412105038003329,2.551268185285325,2.805876665948676,1.472668883847717,0.4309226710218664,0.9355191857649894,-2.086436638964846,-0.3723359672907717
12.0,32.0,1008.1343383789062,-3.4591416772904284,-4.657695884618309,-1.440670555879855,2.551268185285325,2.805876665948676,1.472668883847717,0.3939734124706315,0.9354516369014276,-2.0864402844221,-0.3103944890751869
12.0,32.0,1008.1376342773438,-3.459141676985774,-4.657695884618309,-1.4406589672673178,2.551268185285325,2.805876665948676,1.472668883847717,0.3939733504633109,0.9355191857649894,-2.0864607012247665,-0.310429135304362
12.0,32.0,1008.1470336914062,-3.459141676985774,-4.657695884618309,-1.434030970923898,2.557118473102749,2.805876665948676,1.472668883847717,0.3939907399215738,0.9355191857649894,-2.0807431723979817,-0.310429135304362
12.0,32.0,1008.1593017578124,-3.459141676985774,-4.657695884618309,-1.4302135021580122,2.551268185285325,2.805876665948676,1.472668883847717,0.3939907399215738,0.9355191857649894,-2.0863894610977303,-0.310429135304362
12.0,32.0,1008.1593017578124,-3.459141676985774,-4.657695884618309,-1.4302135021580122,2.551268185285325,2.805876665948676,1.472668883847717,0.3939907399215738,0.9355191857649894,-2.0863894610977303,-0.310429135304362
12.0,32.0,1008.1669311523438,-3.459158478593922,-4.657695884618309,-1.434030970923898,2.551268185285325,2.805876665948676,1.472668883847717,0.3939907399215738,0.9355191857649894,-2.085454945510196,-0.310429135304362
12.0,32.0,1008.1669311523438,-3.459158478593922,-4.657695884618309,-1.434030970923898,2.551268185285325,2.805876665948676,1.472668883847717,0.3939907399215738,0.9355191857649894,-2.085454945510196,-0.310429135304362
12.0,32.0,1008.1844482421876,-3.45915801205161,-4.657695884618309,-1.432747154240375,2.551268185285325,2.805876665948676,1.4747283706769942,0.3941340999595719,0.9355191857649894,-2.083269370459941,-0.3103837885777622
12.0,32.0,1008.1848754882812,-3.459141676985774,-4.657695884618309,-1.434030970923898,2.551268185285325,2.805876665948676,1.472668883847717,0.393074544977275,0.9355191857649894,-2.0832066383431327,-0.3104566595392773
12.0,32.0,1008.205078125,-3.459141676985774,-4.657695884618309,-1.434030970923898,2.551268185285325,2.805876665948676,1.472668883847717,0.3939907398500331,0.9355191857649894,-2.0832066383431327,-0.3103950059290948
12.0,32.0,1008.205078125,-3.459141676985774,-4.657695884618309,-1.434030970923898,2.551268185285325,2.805876665948676,1.472668883847717,0.3939907398500331,0.9355191857649894,-2.0832066383431327,-0.3103950059290948
12.0,32.0,1008.2059326171876,-3.459141676985774,-4.657695884618309,-1.434030970923898,2.551268185285325,2.805876665948676,1.472668883847717,0.3939907399215738,0.9355191857649894,-2.0832066383431327,-0.310429135304362
12.0,32.0,1008.207763671875,-3.459141676985774,-4.657695884618309,-1.434030970923898,2.551268185285325,2.805876665948676,1.472668883847717,0.3939907399215738,0.9355191857649894,-2.083103204771213,-0.310429135304362
12.0,32.0,1008.2190551757812,-3.459158117790203,-4.657695884618309,-1.4096271072723576,2.551268185285325,2.805876665948676,1.472668883847717,0.3939907399215738,0.9355191857649894,-2.086390891184656,-0.310429135304362
12.0,33.0,1006.1144409179688,-3.459141677295368,-4.657695884618309,-1.434030970923898,2.111511143634232,2.805876665948676,1.472668883847717,0.3939907399215225,0.9355191857649894,-2.080643928166832,-0.3104299951037566
12.0,33.0,1006.2889404296876,-3.459141676968553,-4.657695884618309,-1.434030970923898,2.1268478937688724,2.805876665948676,1.472668883847717,0.3939746536578474,0.9355191857649894,-2.080643928166832,-0.3113207612303411
12.0,33.0,1006.3367309570312,-3.459141676968553,-4.657695884618309,-1.434030970923898,2.128777325703298,2.805876665948676,1.472668883847717,0.3939751654794004,0.9355191857649894,-2.080643928166832,-0.3104558047958056
12.0,33.0,1006.5703735351562,-3.45915801205161,-4.657695884618309,-1.4880202440883692,2.551268185285325,2.805876665948676,1.7608418280602498,0.3513273291128329,0.9355191857649894,-2.08648078354845,-0.311344457618272
12.0,33.0,1006.5817260742188,-3.459141676985774,-4.657695884618309,-1.4893040607718924,2.551268185285325,2.805876665948676,1.7587823412309729,0.3511839690032941,0.9355191857649894,-2.0864180514316413,-0.3113556749696046
12.0,33.0,1006.581787109375,-3.45915801205161,-4.657695884618309,-1.4880202440883692,2.551268185285325,2.805876665948676,1.7608418280602498,0.3522435239855909,0.9355191857649894,-2.08648078354845,-0.3112828040080895
12.0,33.0,1006.6253662109376,-3.4591583145314466,-4.7403701180737645,-1.434030970923898,2.551268185285325,2.805876665948676,1.472668883847717,0.3939911076535023,0.9355191857649894,-2.08543560629331,-0.2967572017965088
12.0,33.0,1006.6641845703124,-3.4574640217142587,-4.657695884618309,-1.434030970923898,2.141009992368526,2.8153825195502256,1.472668883847717,0.3939907545081745,0.9355191857649894,-2.0853570836579745,-0.2969261088271744
12.0,33.0,1006.7551879882812,-3.4084533747880355,-4.657695884618309,-1.434030970923898,2.141009992368526,2.805876665948676,1.472668883847717,0.3939907545081745,0.9355191857649894,-2.0832066383431327,-0.2969340571747758
12.0,33.0,1006.7551879882812,-3.4084533747880355,-4.657695884618309,-1.434030970923898,2.141009992368526,2.805876665948676,1.472668883847717,0.3939907545081745,0.9355191857649894,-2.0832066383431327,-0.2969340571747758
12.0,33.0,1006.7551879882812,-3.4084533747880355,-4.657695884618309,-1.434030970923898,2.141009992368526,2.805876665948676,1.472668883847717,0.3939907545081745,0.9355191857649894,-2.0832066383431327,-0.2969340571747758
12.0,33.0,1006.7572021484376,-3.45915801205161,-4.657695884618309,-1.4880202440883692,2.551268185285325,2.805876665948676,1.7608418280602498,0.3513273291128329,0.9355191857649894,-2.08648078354845,-0.2846446104983845
12.0,33.0,1006.7595825195312,-3.4595919703405738,-4.657695884618309,-1.434030970923898,2.141009992368526,2.805876665948676,1.472668883847717,0.3939907545081745,0.9355191857649894,-2.0832406509368617,-0.2965956262464883
12.0,33.0,1006.795166015625,-3.4574640217142587,-4.657695884618309,-1.434030970923898,2.141009992368526,2.8153825195502256,1.472668883847717,0.3939907399372087,0.9287178438748296,-2.085458746853728,-0.2969261088271744
12.0,33.0,1007.1978149414062,-3.459141125004704,-4.657695884618309,-1.4349173952387986,2.551268185285325,2.805876665948676,1.472668883847717,0.3535422306697399,0.9355191857649894,-2.083240398158416,-0.2842430103218129
12.0,33.0,1007.199462890625,-3.459141676985774,-4.657695884618309,-1.4338801869552906,2.551268185285325,2.805876665948676,1.472668883847717,0.3531538965829004,0.9355191857649894,-2.0831431473867608,-0.2842287962697566
12.0,33.0,1007.2160034179688,-3.459141676985774,-4.657695884618309,-1.4338801869552906,2.551268185285325,2.805876665948676,1.472668883847717,0.3508572631926812,0.9355191857649894,-2.0831431473867608,-0.2842287962697566
12.0,33.0,1007.2160034179688,-3.459141676985774,-4.657695884618309,-1.4338801869552906,2.551268185285325,2.805876665948676,1.472668883847717,0.3508572631926812,0.9355191857649894,-2.0831431473867608,-0.2842287962697566
12.0,33.0,1007.2471313476562,-3.459159452297544,-4.657695884618309,-1.485819692178219,2.551268185285325,2.805876665948676,1.472668883847717,0.3939907399215738,0.9355191857649894,-2.0514714304720965,-0.2963394196582981
12.0,33.0,1007.31005859375,-3.4591422458692604,-4.657695884618309,-1.4497761798091215,2.551268185285325,2.805876665948676,1.472668883847717,0.3782385720693123,0.9355191857649894,-2.080221454455409,-0.2847505850639289
12.0,33.0,1007.5794677734376,-3.6853478600711176,-4.657695884618309,-1.4338801869552906,2.551268185285325,2.805876665948676,1.472668883847717,0.3508572631926812,0.9355191857649894,-2.0831431473867608,-0.2842287962697566
12.0,33.0,1007.6051025390624,-3.4591595207203003,-4.657695884618309,-1.4339094919735846,2.551268185285325,2.805876665948676,1.472668883847717,0.3939907399215738,0.9226379875096192,-2.085387509353352,-0.3096006793569176
12.0,33.0,1007.6171875,-3.4591423691416776,-4.657695884618309,-1.4302135021580122,2.551268185285325,2.805876665948676,1.472668883847717,0.3782385720693123,0.9355191857649894,-2.080221454455409,-0.2958334202709646
12.0,33.0,1007.6763305664062,-3.459141247902201,-4.657695884618309,-1.434030970923898,2.5568844040493826,2.805876665948676,1.472668883847717,0.393991002586198,0.9355191857649894,-2.080721770722605,-0.2865361854226048
12.0,33.0,1007.69140625,-3.459141676985774,-4.657695884618309,-1.4338801869552906,2.551268185285325,2.805876665948676,1.472668883847717,0.3929946115393322,0.9355191857649894,-2.086517498818611,-0.2846635711661157
12.0,33.0,1007.7021484375,-3.459141676985774,-4.657695884618309,-1.4338807873696693,2.551268185285325,2.805876665948676,1.472668883847717,0.3913061613448292,0.9355191857649894,-2.0831431473867608,-0.2838723218114079
12.0,33.0,1007.7102661132812,-3.4591579836084323,-4.657695884618309,-1.4357825757910487,2.551268185285325,2.805876665948676,1.472668883847717,0.3939911076535023,0.9355191857649894,-2.0863809998200606,-0.2848724717029633
12.0,33.0,1007.7546997070312,-3.459141620096377,-4.657695884618309,-1.4338931958150247,2.551268185285325,2.805876665948676,1.472668883847717,0.3939907399215738,0.9226379875096192,-2.0804331128154474,-0.310429135304362
12.0,33.0,1007.7600708007812,-3.459141676985774,-4.657695884618309,-1.4338801869552906,2.551268185285325,2.805876665948676,1.472668883847717,0.3929946115393322,0.9355191857649894,-2.0831431473867608,-0.2846635711661157
12.0,33.0,1007.7601928710938,-3.459141676985774,-4.657695884618309,-1.4338801869552906,2.551268185285325,2.805876665948676,1.472668883847717,0.3930007299625415,0.9355191857649894,-2.0831431473867608,-0.2846635711661157
12.0,33.0,1007.7769165039062,-3.459141125004704,-4.657695884618309,-1.434917995653177,2.551268185285325,2.805876665948676,1.472668883847717,0.3939911288218878,0.9355191857649894,-2.083240398158416,-0.2838865358634641
12.0,33.0,1007.7837524414062,-3.459141257712385,-4.657695884618309,-1.434917995653177,2.551268185285325,2.805876665948676,1.472668883847717,0.3939911040358096,0.9355191857649894,-2.083141679311161,-0.2854420702890555
12.0,33.0,1007.810791015625,-3.459141620096377,-4.826505390333406,-1.4337975210861789,2.551268185285325,2.805876665948676,1.472668883847717,0.3938801255090099,0.9352230130411596,-2.0804331128154474,-0.310429135304362
12.0,33.0,1007.8276977539062,-3.4591583145314466,-4.657695884618309,-1.434030970923898,2.551268185285325,2.805876665948676,1.472668883847717,0.3932908457743375,0.9355191857649894,-2.086755171395588,-0.2970232628223084
12.0,33.0,1007.8380126953124,-3.4591583145314466,-4.657695884618309,-1.434030970923898,2.551268185285325,2.805876665948676,1.472668883847717,0.3939911076535023,0.9355191857649894,-2.086634256609991,-0.2963860363425696
12.0,33.0,1007.8380126953124,-3.4591583145314466,-4.657695884618309,-1.434030970923898,2.551268185285325,2.805876665948676,1.472668883847717,0.3939911076535023,0.9355191857649894,-2.086634256609991,-0.2963860363425696
12.0,33.0,1007.8380126953124,-3.459159800788996,-4.657695884618309,-1.434030970923898,2.551268185285325,2.805876665948676,1.472668883847717,0.3939911076535023,0.9355191857649894,-2.086634256609991,-0.2963860363425696
12.0,33.0,1007.8423461914062,-3.459141676985774,-4.657695884618309,-1.4338801869552906,2.551268185285325,2.805876665948676,1.472668883847717,0.3940063646813146,0.9351027078936855,-2.0802003791411807,-0.2831097085420295
12.0,33.0,1007.8466186523438,-3.4591416772904284,-4.657695884618309,-1.434030970923898,2.551268185285325,2.805876665948676,1.472668883847717,0.3939911064301598,0.9281993044069198,-2.087181586463741,-0.3110445770786912
12.0,33.0,1007.8479614257812,-3.4591416772904284,-4.657695884618309,-1.434030970923898,2.551268185285325,2.805876665948676,1.472668883847717,0.3939911063258637,0.928640130144696,-2.087181586463741,-0.3103950059290948
12.0,33.0,1007.8590087890624,-3.459142255451288,-4.826505390333406,-1.4352313750947847,2.551268185285325,2.805876665948676,1.472668883847717,0.3922251864316698,0.9352230130411596,-2.079899314797523,-0.310429135304362
12.0,33.0,1007.8719482421876,-3.459159488069621,-4.6565845479994925,-1.4317863592411104,2.551268185285325,2.805876665948676,1.472668883847717,0.3939911076535023,0.9355191857649894,-2.08543560629331,-0.2962870418248414
12.0,33.0,1007.8731079101562,-3.4591577140369165,-4.657695884618309,-1.430084078886502,2.551268185285325,2.805876665948676,1.472668883847717,0.3939911021072175,0.9355191857649894,-2.0863909745935114,-0.2959972672989841
12.0,33.0,1007.8972778320312,-3.459141676985774,-4.657695884618309,-1.486360425836058,2.551268185285325,2.805876665948676,1.732439071150374,0.3505502402156344,0.9355191857649894,-2.0832066383431327,-0.446514535660147
12.0,33.0,1007.9022216796876,-3.4591423261019165,-4.657695884618309,-1.434030970923898,2.551268185285325,2.805876665948676,1.472668883847717,0.3939907545081745,0.9355191857649894,-2.0832066383431327,-0.2959891838905207
12.0,33.0,1007.9176025390624,-3.459141676985774,-4.657695884618309,-1.434030970923898,2.551268185285325,2.805876665948676,1.472668883847717,0.3939907545081745,0.9355191857649894,-2.0832066383431327,-0.2969348228830655
12.0,33.0,1007.9176025390624,-3.459141676985774,-4.657695884618309,-1.434030970923898,2.551268185285325,2.805876665948676,1.472668883847717,0.3939907545081745,0.9355191857649894,-2.0832066383431327,-0.2969348228830655
12.0,33.0,1007.9244995117188,-3.459141676985774,-4.657695884618309,-1.4302135021580122,2.551268185285325,2.805876665948676,1.472668883847717,0.3777725219601526,0.9355191857649894,-2.0869897785779323,-0.310429135304362
12.0,33.0,1007.9491577148438,-3.459140996892609,-4.657695884618309,-1.4338602522786108,2.551268185285325,2.805876665948676,1.472668883847717,0.3787072910196342,0.9355191857649894,-2.085717256133641,-0.310429135304362
12.0,33.0,1007.95556640625,-3.4591423261019165,-4.657695884618309,-1.434030970923898,2.551268185285325,2.805876665948676,1.472668883847717,0.3939907545258007,0.9355191857649894,-2.080685511567999,-0.2959891838905207
12.0,34.0,1006.1144409179688,-3.459141677295368,-4.657695884618309,-1.434030970923898,2.111511143634232,2.805876665948676,1.472668883847717,0.3939907399215225,0.9355191857649894,-2.080643928166832,-0.3104299951037566
12.0,34.0,1006.2889404296876,-3.459141676968553,-4.657695884618309,-1.434030970923898,2.1268478937688724,2.805876665948676,1.472668883847717,0.3939746536578474,0.9355191857649894,-2.080643928166832,-0.3113207612303411
12.0,34.0,1006.3367309570312,-3.459141676968553,-4.657695884618309,-1.434030970923898,2.128777325703298,2.805876665948676,1.472668883847717,0.3939751654794004,0.9355191857649894,-2.080643928166832,-0.3104558047958056
12.0,34.0,1006.5167846679688,-3.4084533747880355,-4.657695884618309,-1.434030970923898,2.141009992368526,2.805876665948676,1.472668883847717,0.3939909985732289,0.9355191857649894,-2.0807982749996627,-0.2860706737695757
12.0,34.0,1006.5703735351562,-3.45915801205161,-4.657695884618309,-1.4880202440883692,2.551268185285325,2.805876665948676,1.7608418280602498,0.3513273291128329,0.9355191857649894,-2.08648078354845,-0.311344457618272
12.0,34.0,1006.5817260742188,-3.459141676985774,-4.657695884618309,-1.4893040607718924,2.551268185285325,2.805876665948676,1.7587823412309729,0.3511839690032941,0.9355191857649894,-2.0864180514316413,-0.3113556749696046
12.0,34.0,1006.581787109375,-3.45915801205161,-4.657695884618309,-1.4880202440883692,2.551268185285325,2.805876665948676,1.7608418280602498,0.3522435239855909,0.9355191857649894,-2.08648078354845,-0.3112828040080895
12.0,34.0,1006.6218872070312,-3.459158704244429,-4.7403701180737645,-1.434030970923898,2.551268185285325,2.805876665948676,1.472668883847717,0.3939911076535023,0.9355191857649894,-2.08543560629331,-0.2969623587134364
12.0,34.0,1006.6253662109376,-3.4591583145314466,-4.7403701180737645,-1.434030970923898,2.551268185285325,2.805876665948676,1.472668883847717,0.3939911076535023,0.9355191857649894,-2.08543560629331,-0.2967572017965088
12.0,34.0,1006.6641845703124,-3.4574640217142587,-4.657695884618309,-1.434030970923898,2.141009992368526,2.8153825195502256,1.472668883847717,0.3939907545081745,0.9355191857649894,-2.0853570836579745,-0.2969261088271744
12.0,34.0,1006.6643676757812,-3.4574640217142587,-4.657695884618309,-1.4348852619576025,2.141009992368526,2.8153825195502256,1.472668883847717,0.3939907545081745,0.9355191857649894,-2.0853570836579745,-0.2969600658894254
12.0,34.0,1006.7239379882812,-3.4084533747880355,-4.657695884618309,-1.4319678070984916,2.141009992368526,2.805876665948676,1.479860348010143,0.3939907545081745,0.9355191857649894,-2.0832066383431327,-0.2954001299190725
12.0,34.0,1006.7551879882812,-3.4084533747880355,-4.657695884618309,-1.434030970923898,2.141009992368526,2.805876665948676,1.472668883847717,0.3939907545081745,0.9355191857649894,-2.0832066383431327,-0.2969340571747758
12.0,34.0,1006.7551879882812,-3.4084533747880355,-4.657695884618309,-1.434030970923898,2.141009992368526,2.805876665948676,1.472668883847717,0.3939907545081745,0.9355191857649894,-2.0832066383431327,-0.2969340571747758
12.0,34.0,1006.7551879882812,-3.4084533747880355,-4.657695884618309,-1.434030970923898,2.141009992368526,2.805876665948676,1.472668883847717,0.3939907545081745,0.9355191857649894,-2.0832066383431327,-0.2969340571747758
12.0,34.0,1006.7572021484376,-3.45915801205161,-4.657695884618309,-1.4880202440883692,2.551268185285325,2.805876665948676,1.7608418280602498,0.3513273291128329,0.9355191857649894,-2.08648078354845,-0.2846446104983845
12.0,34.0,1006.7595825195312,-3.4595919703405738,-4.657695884618309,-1.434030970923898,2.141009992368526,2.805876665948676,1.472668883847717,0.3939907545081745,0.9355191857649894,-2.0832406509368617,-0.2965956262464883
12.0,34.0,1006.762939453125,-3.4584931119131648,-4.657695884618309,-1.434030970923898,2.141009992368526,2.805876665948676,1.472668883847717,0.3939907545081745,0.9355191857649894,-2.086458082532745,-0.2963722423158667
12.0,34.0,1006.7645874023438,-3.4591296259135325,-4.657695884618309,-1.434030970923898,2.141009992368526,2.805876665948676,1.472668883847717,0.3939907545081745,0.9355191857649894,-2.0832406509368617,-0.2965956262464883
12.0,34.0,1006.768798828125,-3.459141676985774,-4.657695884618309,-1.491367224597299,2.551268185285325,2.805876665948676,1.751590877068547,0.3511839690032941,0.9355191857649894,-2.0864180514316413,-0.3128896022253079
12.0,34.0,1006.795166015625,-3.4574640217142587,-4.657695884618309,-1.434030970923898,2.141009992368526,2.8153825195502256,1.472668883847717,0.3939907399372087,0.9287178438748296,-2.085458746853728,-0.2969261088271744
12.0,34.0,1007.1975708007812,-3.459141125004704,-4.657695884618309,-1.4340631042050942,2.551268185285325,2.805876665948676,1.472668883847717,0.3535422306697399,0.9355191857649894,-2.083240398158416,-0.284209053259562
12.0,34.0,1007.1978149414062,-3.459141125004704,-4.657695884618309,-1.4349173952387986,2.551268185285325,2.805876665948676,1.472668883847717,0.3535422306697399,0.9355191857649894,-2.083240398158416,-0.2842430103218129
12.0,34.0,1007.199462890625,-3.459141676985774,-4.657695884618309,-1.4338801869552906,2.551268185285325,2.805876665948676,1.472668883847717,0.3531538965829004,0.9355191857649894,-2.0831431473867608,-0.2842287962697566
12.0,34.0,1007.2158203125,-3.459141676985774,-4.657695884618309,-1.4338801869552906,2.551268185285325,2.805876665948676,1.472668883847717,0.3508572631926812,0.9355191857649894,-2.0831431473867608,-0.2842218099055749
12.0,34.0,1007.2160034179688,-3.459141676985774,-4.657695884618309,-1.4338801869552906,2.551268185285325,2.805876665948676,1.472668883847717,0.3508572631926812,0.9355191857649894,-2.0831431473867608,-0.2842287962697566
12.0,34.0,1007.2160034179688,-3.459141676985774,-4.657695884618309,-1.4338801869552906,2.551268185285325,2.805876665948676,1.472668883847717,0.3508572631926812,0.9355191857649894,-2.0831431473867608,-0.2842287962697566
12.0,34.0,1007.2471313476562,-3.459159452297544,-4.657695884618309,-1.485819692178219,2.551268185285325,2.805876665948676,1.472668883847717,0.3939907399215738,0.9355191857649894,-2.0514714304720965,-0.2963394196582981
12.0,34.0,1007.2471313476562,-3.459159452297544,-4.657695884618309,-1.485819692178219,2.551268185285325,2.805876665948676,1.472668883847717,0.3939907399215738,0.9355191857649894,-2.0514714304720965,-0.2963394196582981
12.0,34.0,1007.31005859375,-3.4591422458692604,-4.657695884618309,-1.4497761798091215,2.551268185285325,2.805876665948676,1.472668883847717,0.3782385720693123,0.9355191857649894,-2.080221454455409,-0.2847505850639289
12.0,34.0,1007.3106689453124,-3.4591422458692604,-4.657695884618309,-1.449636078669423,2.551268185285325,2.805876665948676,1.472668883847717,0.3782815952772653,0.9355191857649894,-2.080221454455409,-0.2847505850639289
12.0,34.0,1007.3876953125,-3.459141676985774,-4.657695884618309,-1.430032222767113,2.551268185285325,2.805876665948676,1.472668883847717,0.3774304685077158,0.9355191857649894,-2.0831431473867608,-0.2842287962697566
12.0,34.0,1007.5698852539062,-3.459141677295368,-4.657695884618309,-1.434030970923898,2.111511143634232,2.805876665948676,1.472668883847717,0.3531765764796587,0.9355191857649894,-2.080643928166832,-0.3104299951037566
12.0,34.0,1007.5794677734376,-3.6853478600711176,-4.657695884618309,-1.4338801869552906,2.551268185285325,2.805876665948676,1.472668883847717,0.3508572631926812,0.9355191857649894,-2.0831431473867608,-0.2842287962697566
12.0,34.0,1007.6044921875,-3.4591595207203003,-4.657695884618309,-1.4340495931132833,2.551268185285325,2.805876665948676,1.472668883847717,0.3939477167136209,0.9226379875096192,-2.085387509353352,-0.3096006793569176
12.0,34.0,1007.6051025390624,-3.4591595207203003,-4.657695884618309,-1.4339094919735846,2.551268185285325,2.805876665948676,1.472668883847717,0.3939907399215738,0.9226379875096192,-2.085387509353352,-0.3096006793569176
12.0,34.0,1007.6171875,-3.4591423691416776,-4.657695884618309,-1.4302135021580122,2.551268185285325,2.805876665948676,1.472668883847717,0.3782385720693123,0.9355191857649894,-2.080221454455409,-0.2958334202709646
12.0,34.0,1007.6763305664062,-3.459141247902201,-4.657695884618309,-1.434030970923898,2.5568844040493826,2.805876665948676,1.472668883847717,0.393991002586198,0.9355191857649894,-2.080721770722605,-0.2865361854226048
12.0,34.0,1007.69140625,-3.459141676985774,-4.657695884618309,-1.4338801869552906,2.551268185285325,2.805876665948676,1.472668883847717,0.3929946115393322,0.9355191857649894,-2.086517498818611,-0.2846635711661157
12.0,34.0,1007.6914672851562,-3.459141676985774,-4.657695884618309,-1.4338801869552906,2.551268185285325,2.805876665948676,1.472668883847717,0.3929946115393322,0.9355191857649894,-2.086517498818611,-0.2846705575302974
12.0,34.0,1007.7021484375,-3.459141676985774,-4.657695884618309,-1.4338807873696693,2.551268185285325,2.805876665948676,1.472668883847717,0.3913061613448292,0.9355191857649894,-2.0831431473867608,-0.2838723218114079
12.0,34.0,1007.7102661132812,-3.4591579836084323,-4.657695884618309,-1.4357825757910487,2.551268185285325,2.805876665948676,1.472668883847717,0.3939911076535023,0.9355191857649894,-2.0863809998200606,-0.2848724717029633
12.0,34.0,1007.714599609375,-3.459157951283377,-4.657695884618309,-1.4923024831066969,2.551268185285325,2.805876665948676,1.7608418280602498,0.3513273291128329,1.032678548737094,-2.0864814347567604,-0.2846446104983845
12.0,34.0,1007.7546997070312,-3.459141620096377,-4.657695884618309,-1.4338931958150247,2.551268185285325,2.805876665948676,1.472668883847717,0.3939907399215738,0.9226379875096192,-2.0804331128154474,-0.310429135304362
12.0,34.0,1007.7600708007812,-3.459141676985774,-4.657695884618309,-1.4338801869552906,2.551268185285325,2.805876665948676,1.472668883847717,0.3929946115393322,0.9355191857649894,-2.0831431473867608,-0.2846635711661157
12.0,34.0,1007.7600708007812,-3.459141676985774,-4.657695884618309,-1.4338801869552906,2.551268185285325,2.805876665948676,1.472668883847717,0.3929946115393322,0.9355191857649894,-2.0831431473867608,-0.2846635711661157
12.0,34.0,1007.7601928710938,-3.459141676985774,-4.657695884618309,-1.4338801869552906,2.551268185285325,2.805876665948676,1.472668883847717,0.3930007299625415,0.9355191857649894,-2.0831431473867608,-0.2846635711661157
12.0,34.0,1007.7601928710938,-3.459159322387101,-4.657695884618309,-1.4340327079513278,2.551268185285325,2.805876665948676,1.472668883847717,0.3930568246767945,0.9355191857649894,-2.0831431473867608,-0.2846635711661157
12.0,34.0,1007.76806640625,-3.4620104505576825,-4.657695884618309,-1.4340332136771208,2.551268185285325,2.805876665948676,1.472668883847717,0.3934904049540101,0.9355191857649894,-2.0833197587701173,-0.2842287962697566
12.0,34.0,1007.7769165039062,-3.459141125004704,-4.657695884618309,-1.434917995653177,2.551268185285325,2.805876665948676,1.472668883847717,0.3939911288218878,0.9355191857649894,-2.083240398158416,-0.2838865358634641
12.0,35.0,1006.1144409179688,-3.459141677295368,-4.657695884618309,-1.434030970923898,2.111511143634232,2.805876665948676,1.472668883847717,0.3939907399215225,0.9355191857649894,-2.080643928166832,-0.3104299951037566
12.0,35.0,1006.2889404296876,-3.459141676968553,-4.657695884618309,-1.434030970923898,2.1268478937688724,2.805876665948676,1.472668883847717,0.3939746536578474,0.9355191857649894,-2.080643928166832,-0.3113207612303411
12.0,35.0,1006.3367309570312,-3.459141676968553,-4.657695884618309,-1.434030970923898,2.128777325703298,2.805876665948676,1.472668883847717,0.3939751654794004,0.9355191857649894,-2.080643928166832,-0.3104558047958056
12.0,35.0,1006.3421020507812,-3.459141676968553,-4.657695884618309,-1.4338322143739044,2.128777325703298,2.805876665948676,1.472668883847717,0.3954681370429312,0.9355191857649894,-2.086568310147668,-0.3104558047958056
12.0,35.0,1006.5167846679688,-3.4084533747880355,-4.657695884618309,-1.434030970923898,2.141009992368526,2.805876665948676,1.472668883847717,0.3939909985732289,0.9355191857649894,-2.0807982749996627,-0.2860706737695757
12.0,35.0,1006.5167846679688,-3.4084533747880355,-4.657695884618309,-1.434030970923898,2.141009992368526,2.805876665948676,1.472668883847717,0.3939909985732289,0.9355191857649894,-2.0807982749996627,-0.2860706737695757
12.0,35.0,1006.5703735351562,-3.45915801205161,-4.657695884618309,-1.4880202440883692,2.551268185285325,2.805876665948676,1.7608418280602498,0.3513273291128329,0.9355191857649894,-2.08648078354845,-0.311344457618272
12.0,35.0,1006.5816650390624,-3.459157314174831,-4.657695884618309,-1.4893040607718924,2.551268185285325,2.805876665948676,1.7587823412309729,0.3511839690032941,0.9355191857649894,-2.0864180514316413,-0.3113556749696046
12.0,35.0,1006.5817260742188,-3.459141676985774,-4.657695884618309,-1.4893040607718924,2.551268185285325,2.805876665948676,1.7587823412309729,0.3511839690032941,0.9355191857649894,-2.0864180514316413,-0.3113556749696046
12.0,35.0,1006.581787109375,-3.45915801205161,-4.657695884618309,-1.4880202440883692,2.551268185285325,2.805876665948676,1.7608418280602498,0.3522435239855909,0.9355191857649894,-2.08648078354845,-0.3112828040080895
12.0,35.0,1006.5819091796876,-3.459199986515172,-4.657695884618309,-1.4893040607718924,2.551268185285325,2.806203430390731,1.7587823412309729,0.3511839690032941,0.9355191857649894,-2.086425944696349,-0.3113556749696046
12.0,35.0,1006.6218872070312,-3.459158704244429,-4.7403701180737645,-1.434030970923898,2.551268185285325,2.805876665948676,1.472668883847717,0.3939911076535023,0.9355191857649894,-2.08543560629331,-0.2969623587134364
12.0,35.0,1006.6253662109376,-3.4591583145314466,-4.7403701180737645,-1.434030970923898,2.551268185285325,2.805876665948676,1.472668883847717,0.3939911076535023,0.9355191857649894,-2.08543560629331,-0.2967572017965088
12.0,35.0,1006.6539306640624,-3.4584931119131648,-4.657695884618309,-1.434030970923898,2.141009992368526,2.815502469164164,1.472668883847717,0.3939907545081745,0.9355191857649894,-2.086458082532745,-0.2964020584673941
12.0,35.0,1006.6641845703124,-3.4574640217142587,-4.657695884618309,-1.434030970923898,2.141009992368526,2.8153825195502256,1.472668883847717,0.3939907545081745,0.9355191857649894,-2.0853570836579745,-0.2969261088271744
12.0,35.0,1006.6643676757812,-3.4574640217142587,-4.657695884618309,-1.4348852619576025,2.141009992368526,2.8153825195502256,1.472668883847717,0.3939907545081745,0.9355191857649894,-2.0853570836579745,-0.2969600658894254
12.0,35.0,1006.6683349609376,-3.457405712184861,-4.657695884618309,-1.434030970923898,2.141009992368526,2.8150557551081707,1.472668883847717,0.3939907545081745,0.9355191857649894,-2.085349190393268,-0.2969261088271744
12.0,35.0,1006.6873168945312,-3.4077467420470846,-4.657695884618309,-1.434030970923898,2.141009992368526,2.805876665948676,1.472668883847717,0.3939907545081745,0.9355191857649894,-2.086557054202429,-0.2969135006632654
12.0,35.0,1006.7239379882812,-3.4084533747880355,-4.657695884618309,-1.4319678070984916,2.141009992368526,2.805876665948676,1.479860348010143,0.3939907545081745,0.9355191857649894,-2.0832066383431327,-0.2954001299190725
12.0,35.0,1006.7551879882812,-3.4084533747880355,-4.657695884618309,-1.434030970923898,2.141009992368526,2.805876665948676,1.472668883847717,0.3939907545081745,0.9355191857649894,-2.0832066383431327,-0.2969340571747758
12.0,35.0,1006.7551879882812,-3.4084533747880355,-4.657695884618309,-1.434030970923898,2.141009992368526,2.805876665948676,1.472668883847717,0.3939907545081745,0.9355191857649894,-2.0832066383431327,-0.2969340571747758
12.0,35.0,1006.7551879882812,-3.4084533747880355,-4.657695884618309,-1.434030970923898,2.141009992368526,2.805876665948676,1.472668883847717,0.3939907545081745,0.9355191857649894,-2.0832066383431327,-0.2969340571747758
12.0,35.0,1006.7572021484376,-3.45915801205161,-4.657695884618309,-1.4880202440883692,2.551268185285325,2.805876665948676,1.7608418280602498,0.3513273291128329,0.9355191857649894,-2.08648078354845,-0.2846446104983845
12.0,35.0,1006.7595825195312,-3.4595919703405738,-4.657695884618309,-1.434030970923898,2.141009992368526,2.805876665948676,1.472668883847717,0.3939907545081745,0.9355191857649894,-2.0832406509368617,-0.2965956262464883
12.0,35.0,1006.762939453125,-3.4584931119131648,-4.657695884618309,-1.434030970923898,2.141009992368526,2.805876665948676,1.472668883847717,0.3939907545081745,0.9355191857649894,-2.086458082532745,-0.2963722423158667
12.0,35.0,1006.7645874023438,-3.4591296259135325,-4.657695884618309,-1.434030970923898,2.141009992368526,2.805876665948676,1.472668883847717,0.3939907545081745,0.9355191857649894,-2.0832406509368617,-0.2965956262464883
12.0,35.0,1006.7645874023438,-3.4591296259135325,-4.657695884618309,-1.434030970923898,2.141009992368526,2.805876665948676,1.472668883847717,0.3939907545081745,0.9355191857649894,-2.0832406509368617,-0.2965956262464883
12.0,35.0,1006.765625,-3.4591296259135325,-4.657695884618309,-1.434030970923898,2.141009992368526,2.805876665948676,1.472668883847717,0.3913057595451908,0.9355191857649894,-2.083240396852849,-0.2961631186770916
12.0,35.0,1006.767333984375,-3.459163303564816,-4.657695884618309,-1.434030970923898,2.141009992368526,2.805876665948676,1.472668883847717,0.3939907545081745,0.9355191857649894,-2.0832406509368617,-0.2963385287094977
12.0,35.0,1006.768798828125,-3.459141676985774,-4.657695884618309,-1.491367224597299,2.551268185285325,2.805876665948676,1.751590877068547,0.3511839690032941,0.9355191857649894,-2.0864180514316413,-0.3128896022253079
12.0,35.0,1006.795166015625,-3.4574640217142587,-4.657695884618309,-1.434030970923898,2.141009992368526,2.8153825195502256,1.472668883847717,0.3939907399372087,0.9287178438748296,-2.085458746853728,-0.2969261088271744
12.0,35.0,1006.8637084960938,-3.4084533747880355,-4.657695884618309,-1.434030970923898,2.146114776824521,2.805876665948676,1.472668883847717,0.3939907545081745,0.9355191857649894,-2.0832066383431327,-0.2969340571747758
12.0,35.0,1006.916015625,-3.461205097082298,-4.657695884618309,-1.434030970923898,2.141009992368526,2.805410246972742,1.472668883847717,0.3939909743893085,0.9355191857649894,-2.0807982749996627,-0.2860706737695757
12.0,35.0,1007.1948852539062,-3.459141125004704,-4.657695884618309,-1.4349173952387986,2.551268185285325,2.805876665948676,1.472668883847717,0.3562272256327236,0.9355191857649894,-2.0832406522424285,-0.2846755178912096
12.0,35.0,1007.1975708007812,-3.459141125004704,-4.657695884618309,-1.4340631042050942,2.551268185285325,2.805876665948676,1.472668883847717,0.3535422306697399,0.9355191857649894,-2.083240398158416,-0.284209053259562
12.0,35.0,1007.1978149414062,-3.459141125004704,-4.657695884618309,-1.4349173952387986,2.551268185285325,2.805876665948676,1.472668883847717,0.3535422306697399,0.9355191857649894,-2.083240398158416,-0.2842430103218129
12.0,35.0,1007.199462890625,-3.459141676985774,-4.657695884618309,-1.4338801869552906,2.551268185285325,2.805876665948676,1.472668883847717,0.3531538965829004,0.9355191857649894,-2.0831431473867608,-0.2842287962697566
12.0,35.0,1007.2158203125,-3.459141676985774,-4.657695884618309,-1.4338801869552906,2.551268185285325,2.805876665948676,1.472668883847717,0.3508572631926812,0.9355191857649894,-2.0831431473867608,-0.2842218099055749
12.0,35.0,1007.2160034179688,-3.459141676985774,-4.657695884618309,-1.4338801869552906,2.551268185285325,2.805876665948676,1.472668883847717,0.3508572631926812,0.9355191857649894,-2.0831431473867608,-0.2842287962697566
12.0,35.0,1007.2160034179688,-3.459141676985774,-4.657695884618309,-1.4338801869552906,2.551268185285325,2.805876665948676,1.472668883847717,0.3508572631926812,0.9355191857649894,-2.0831431473867608,-0.2842287962697566
12.0,35.0,1007.2160034179688,-3.459141676985774,-4.657695884618309,-1.4338801869552906,2.551268185285325,2.805876665948676,1.472668883847717,0.3508572631926812,0.9355191857649894,-2.0831431473867608,-0.2842287962697566
12.0,35.0,1007.2471313476562,-3.459159452297544,-4.657695884618309,-1.485819692178219,2.551268185285325,2.805876665948676,1.472668883847717,0.3939907399215738,0.9355191857649894,-2.0514714304720965,-0.2963394196582981
12.0,35.0,1007.2471313476562,-3.459159452297544,-4.657695884618309,-1.485819692178219,2.551268185285325,2.805876665948676,1.472668883847717,0.3939907399215738,0.9355191857649894,-2.0514714304720965,-0.2963394196582981
12.0,35.0,1007.31005859375,-3.4591422458692604,-4.657695884618309,-1.4497761798091215,2.551268185285325,2.805876665948676,1.472668883847717,0.3782385720693123,0.9355191857649894,-2.080221454455409,-0.2847505850639289
12.0,35.0,1007.3106689453124,-3.4591422458692604,-4.657695884618309,-1.449636078669423,2.551268185285325,2.805876665948676,1.472668883847717,0.3782815952772653,0.9355191857649894,-2.080221454455409,-0.2847505850639289
12.0,35.0,1007.3876953125,-3.459141676985774,-4.657695884618309,-1.430032222767113,2.551268185285325,2.805876665948676,1.472668883847717,0.3774304685077158,0.9355191857649894,-2.0831431473867608,-0.2842287962697566
12.0,35.0,1007.5698852539062,-3.459141677295368,-4.657695884618309,-1.434030970923898,2.111511143634232,2.805876665948676,1.472668883847717,0.3531765764796587,0.9355191857649894,-2.080643928166832,-0.3104299951037566
12.0,35.0,1007.5698852539062,-3.459141677295368,-4.657695884618309,-1.434030970923898,2.111511143634232,2.805876665948676,1.472668883847717,0.3531765764796587,0.9355191857649894,-2.080643928166832,-0.3104299951037566
12.0,35.0,1007.5794677734376,-3.6853478600711176,-4.657695884618309,-1.4338801869552906,2.551268185285325,2.805876665948676,1.472668883847717,0.3508572631926812,0.9355191857649894,-2.0831431473867608,-0.2842287962697566
12.0,35.0,1007.6044921875,-3.4591595207203003,-4.657695884618309,-1.4340495931132833,2.551268185285325,2.805876665948676,1.472668883847717,0.3939477167136209,0.9226379875096192,-2.085387509353352,-0.3096006793569176
12.0,36.0,1006.1144409179688,-3.459141677295368,-4.657695884618309,-1.434030970923898,2.111511143634232,2.805876665948676,1.472668883847717,0.3939907399215225,0.9355191857649894,-2.080643928166832,-0.3104299951037566
12.0,36.0,1006.2889404296876,-3.459141676968553,-4.657695884618309,-1.434030970923898,2.1268478937688724,2.805876665948676,1.472668883847717,0.3939746536578474,0.9355191857649894,-2.080643928166832,-0.3113207612303411
12.0,36.0,1006.3367309570312,-3.459141676968553,-4.657695884618309,-1.434030970923898,2.128777325703298,2.805876665948676,1.472668883847717,0.3939751654794004,0.9355191857649894,-2.080643928166832,-0.3104558047958056
12.0,36.0,1006.3421020507812,-3.459141676968553,-4.657695884618309,-1.4338322143739044,2.128777325703298,2.805876665948676,1.472668883847717,0.3954681370429312,0.9355191857649894,-2.086568310147668,-0.3104558047958056
12.0,36.0,1006.414794921875,-3.405567722007261,-4.657695884618309,-1.434030970923898,2.141009992368526,2.805876665948676,1.472668883847717,0.3939907492528668,0.9355191857649894,-2.0832406509368617,-0.2861623357847065
12.0,36.0,1006.5167846679688,-3.4084533747880355,-4.657695884618309,-1.434030970923898,2.141009992368526,2.805876665948676,1.472668883847717,0.3939909985732289,0.9355191857649894,-2.0807982749996627,-0.2860706737695757
12.0,36.0,1006.5167846679688,-3.4084533747880355,-4.657695884618309,-1.434030970923898,2.141009992368526,2.805876665948676,1.472668883847717,0.3939909985732289,0.9355191857649894,-2.0807982749996627,-0.2860706737695757
12.0,36.0,1006.5703735351562,-3.45915801205161,-4.657695884618309,-1.4880202440883692,2.551268185285325,2.805876665948676,1.7608418280602498,0.3513273291128329,0.9355191857649894,-2.08648078354845,-0.311344457618272
12.0,36.0,1006.571044921875,-3.45915801205161,-4.657695884618309,-1.4880202440883692,2.551268185285325,2.805876665948676,1.7608418280602498,0.3513273291128329,0.9355191857649894,-2.08648078354845,-0.308871882421199
12.0,36.0,1006.5816650390624,-3.459157314174831,-4.657695884618309,-1.4893040607718924,2.551268185285325,2.805876665948676,1.7587823412309729,0.3511839690032941,0.9355191857649894,-2.0864180514316413,-0.3113556749696046
12.0,36.0,1006.5817260742188,-3.459141676985774,-4.657695884618309,-1.4893040607718924,2.551268185285325,2.805876665948676,1.7587823412309729,0.3511839690032941,0.9355191857649894,-2.0864180514316413,-0.3113556749696046
12.0,36.0,1006.581787109375,-3.45915801205161,-4.657695884618309,-1.4880202440883692,2.551268185285325,2.805876665948676,1.7608418280602498,0.3522435239855909,0.9355191857649894,-2.08648078354845,-0.3112828040080895
12.0,36.0,1006.5819091796876,-3.459199986515172,-4.657695884618309,-1.4893040607718924,2.551268185285325,2.806203430390731,1.7587823412309729,0.3511839690032941,0.9355191857649894,-2.086425944696349,-0.3113556749696046
12.0,36.0,1006.6218872070312,-3.459158704244429,-4.7403701180737645,-1.434030970923898,2.551268185285325,2.805876665948676,1.472668883847717,0.3939911076535023,0.9355191857649894,-2.08543560629331,-0.2969623587134364
12.0,36.0,1006.6253662109376,-3.4591583145314466,-4.7403701180737645,-1.434030970923898,2.551268185285325,2.805876665948676,1.472668883847717,0.3939911076535023,0.9355191857649894,-2.08543560629331,-0.2967572017965088
12.0,36.0,1006.6539306640624,-3.4584931119131648,-4.657695884618309,-1.434030970923898,2.141009992368526,2.815502469164164,1.472668883847717,0.3939907545081745,0.9355191857649894,-2.086458082532745,-0.2964020584673941
12.0,36.0,1006.6607055664062,-3.45770274768629,-4.657695884618309,-1.434030970923898,2.1409901633879804,2.8153825195502256,1.472668883847717,0.3939907545081745,0.9355191857649894,-2.0853570836579745,-0.2969261088271744
12.0,36.0,1006.6641845703124,-3.4574640217142587,-4.657695884618309,-1.434030970923898,2.141009992368526,2.8153825195502256,1.472668883847717,0.3939907545081745,0.9355191857649894,-2.0853570836579745,-0.2969261088271744
12.0,36.0,1006.6643676757812,-3.4574640217142587,-4.657695884618309,-1.4348852619576025,2.141009992368526,2.8153825195502256,1.472668883847717,0.3939907545081745,0.9355191857649894,-2.0853570836579745,-0.2969600658894254
12.0,36.0,1006.6683349609376,-3.457405712184861,-4.657695884618309,-1.434030970923898,2.141009992368526,2.8150557551081707,1.472668883847717,0.3939907545081745,0.9355191857649894,-2.085349190393268,-0.2969261088271744
12.0,36.0,1006.6873168945312,-3.4077467420470846,-4.657695884618309,-1.434030970923898,2.141009992368526,2.805876665948676,1.472668883847717,0.3939907545081745,0.9355191857649894,-2.086557054202429,-0.2969135006632654
12.0,36.0,1006.71875,-3.45915801205161,-4.657695884618309,-1.4880202440883692,2.551268185285325,2.805876665948676,1.7608418280602498,0.3513273291128329,0.9355191857649894,-2.08648078354845,-0.2871171856954576
12.0,36.0,1006.7239379882812,-3.4084533747880355,-4.657695884618309,-1.4319678070984916,2.141009992368526,2.805876665948676,1.479860348010143,0.3939907545081745,0.9355191857649894,-2.0832066383431327,-0.2954001299190725
12.0,36.0,1006.7536010742188,-3.462015278694308,-4.657695884618309,-1.434030970923898,2.141009992368526,2.805876665948676,1.472668883847717,0.3939910038285366,0.9355191857649894,-2.0807982749996627,-0.2965039642313575
12.0,36.0,1006.7551879882812,-3.4084533747880355,-4.657695884618309,-1.434030970923898,2.141009992368526,2.805876665948676,1.472668883847717,0.3939907545081745,0.9355191857649894,-2.0832066383431327,-0.2969340571747758
12.0,36.0,1006.7551879882812,-3.4084533747880355,-4.657695884618309,-1.434030970923898,2.141009992368526,2.805876665948676,1.472668883847717,0.3939907545081745,0.9355191857649894,-2.0832066383431327,-0.2969340571747758
12.0,36.0,1006.7551879882812,-3.4084533747880355,-4.657695884618309,-1.434030970923898,2.141009992368526,2.805876665948676,1.472668883847717,0.3939907545081745,0.9355191857649894,-2.0832066383431327,-0.2969340571747758
12.0,36.0,1006.7551879882812,-3.4084533747880355,-4.657695884618309,-1.434030970923898,2.141009992368526,2.805876665948676,1.472668883847717,0.3939907545081745,0.9355191857649894,-2.0832066383431327,-0.2969342886635712
12.0,36.0,1006.7552490234376,-3.4084533747880355,-4.657695884618309,-1.434030970923898,2.141009992368526,2.805876665948676,1.472668883847717,0.3939907545081745,0.9355191857649894,-2.083241202873714,-0.2969613959754446
12.0,36.0,1006.7572021484376,-3.45915801205161,-4.657695884618309,-1.4880202440883692,2.551268185285325,2.805876665948676,1.7608418280602498,0.3513273291128329,0.9355191857649894,-2.08648078354845,-0.2846446104983845
12.0,36.0,1006.7595825195312,-3.4595919703405738,-4.657695884618309,-1.434030970923898,2.141009992368526,2.805876665948676,1.472668883847717,0.3939907545081745,0.9355191857649894,-2.0832406509368617,-0.2965956262464883
12.0,36.0,1006.7601318359376,-3.4595919703405738,-4.657695884618309,-1.434030970923898,2.141009992368526,2.805876665948676,1.472668883847717,0.3939907545081745,0.9355191857649894,-2.0832060864062805,-0.2965682874458195
12.0,36.0,1006.762939453125,-3.4584931119131648,-4.657695884618309,-1.434030970923898,2.141009992368526,2.805876665948676,1.472668883847717,0.3939907545081745,0.9355191857649894,-2.086458082532745,-0.2963722423158667
12.0,36.0,1006.7645874023438,-3.4591296259135325,-4.657695884618309,-1.434030970923898,2.141009992368526,2.805876665948676,1.472668883847717,0.3939907545081745,0.9355191857649894,-2.0832406509368617,-0.2965956262464883
12.0,36.0,1006.7645874023438,-3.4591296259135325,-4.657695884618309,-1.434030970923898,2.141009992368526,2.805876665948676,1.472668883847717,0.3939907545081745,0.9355191857649894,-2.0832406509368617,-0.2965956262464883
12.0,36.0,1006.765625,-3.4591296259135325,-4.657695884618309,-1.434030970923898,2.141009992368526,2.805876665948676,1.472668883847717,0.3913057595451908,0.9355191857649894,-2.083240396852849,-0.2961631186770916
12.0,36.0,1006.767333984375,-3.459163303564816,-4.657695884618309,-1.434030970923898,2.141009992368526,2.805876665948676,1.472668883847717,0.3939907545081745,0.9355191857649894,-2.0832406509368617,-0.2963385287094977
12.0,36.0,1006.768798828125,-3.459141676985774,-4.657695884618309,-1.491367224597299,2.551268185285325,2.805876665948676,1.751590877068547,0.3511839690032941,0.9355191857649894,-2.0864180514316413,-0.3128896022253079
12.0,36.0,1006.7744140625,-3.410306400993733,-4.657695884618309,-1.434030970923898,2.141009992368526,2.805876665948676,1.472668883847717,0.3939906605398536,0.9355191857649894,-2.0833122844807144,-0.2969340571747758
12.0,36.0,1006.795166015625,-3.4574640217142587,-4.657695884618309,-1.434030970923898,2.141009992368526,2.8153825195502256,1.472668883847717,0.3939907399372087,0.9287178438748296,-2.085458746853728,-0.2969261088271744
12.0,36.0,1006.8637084960938,-3.4084533747880355,-4.657695884618309,-1.434030970923898,2.146114776824521,2.805876665948676,1.472668883847717,0.3939907545081745,0.9355191857649894,-2.0832066383431327,-0.2969340571747758
12.0,36.0,1006.916015625,-3.461205097082298,-4.657695884618309,-1.434030970923898,2.141009992368526,2.805410246972742,1.472668883847717,0.3939909743893085,0.9355191857649894,-2.0807982749996627,-0.2860706737695757
12.0,36.0,1007.1895751953124,-3.459141676985774,-4.657695884618309,-1.431968515845783,2.551268185285325,2.805876665948676,1.472668883847717,0.3508572631926812,0.9355191857649894,-2.0802542240017545,-0.284231129411537
12.0,36.0,1007.1948852539062,-3.459141125004704,-4.657695884618309,-1.4349173952387986,2.551268185285325,2.805876665948676,1.472668883847717,0.3562272256327236,0.9355191857649894,-2.0832406522424285,-0.2846755178912096
12.0,36.0,1007.1975708007812,-3.459141125004704,-4.657695884618309,-1.4340631042050942,2.551268185285325,2.805876665948676,1.472668883847717,0.3535422306697399,0.9355191857649894,-2.083240398158416,-0.284209053259562
12.0,36.0,1007.1975708007812,-3.459141125004704,-4.657695884618309,-1.4340631042050942,2.551268185285325,2.805876665948676,1.472668883847717,0.3535422306697399,0.9355191857649894,-2.083240398158416,-0.284209053259562
12.0,36.0,1007.1978149414062,-3.459141125004704,-4.657695884618309,-1.4349173952387986,2.551268185285325,2.805876665948676,1.472668883847717,0.3535422306697399,0.9355191857649894,-2.083240398158416,-0.2842430103218129
12.0,36.0,1007.199462890625,-3.459141676985774,-4.657695884618309,-1.4338801869552906,2.551268185285325,2.805876665948676,1.472668883847717,0.3531538965829004,0.9355191857649894,-2.0831431473867608,-0.2842287962697566
12.0,36.0,1007.2158203125,-3.459141676985774,-4.657695884618309,-1.4338801869552906,2.551268185285325,2.805876665948676,1.472668883847717,0.3508572631926812,0.9355191857649894,-2.0831431473867608,-0.2842218099055749
12.0,36.0,1007.2160034179688,-3.459141676985774,-4.657695884618309,-1.4338801869552906,2.551268185285325,2.805876665948676,1.472668883847717,0.3508572631926812,0.9355191857649894,-2.0831431473867608,-0.2842287962697566
12.0,37.0,1005.8504638671876,-3.45915801205161,-4.657695884618309,-1.4358699004539106,2.5569171397410115,2.805876665948676,1.7767492865451813,0.2678329631303213,1.2621273835330171,-2.270226863132095,-0.2968928649276069
12.0,37.0,1006.1104125976562,-3.460601867900707,-4.657695884618309,-1.434030970923898,2.1105367651379057,2.805876665948676,1.472668883847717,0.3939907396102485,0.9355191857649894,-2.083284482610583,-0.3106769065481088
12.0,37.0,1006.1144409179688,-3.459141677295368,-4.657695884618309,-1.434030970923898,2.111511143634232,2.805876665948676,1.472668883847717,0.3939907399215225,0.9355191857649894,-2.080643928166832,-0.3104299951037566
12.0,37.0,1006.2889404296876,-3.459141676968553,-4.657695884618309,-1.434030970923898,2.1268478937688724,2.805876665948676,1.472668883847717,0.3939746536578474,0.9355191857649894,-2.080643928166832,-0.3113207612303411
12.0,37.0,1006.3367309570312,-3.459141676968553,-4.657695884618309,-1.434030970923898,2.128777325703298,2.805876665948676,1.472668883847717,0.3939751654794004,0.9355191857649894,-2.080643928166832,-0.3104558047958056
12.0,37.0,1006.3421020507812,-3.459141676968553,-4.657695884618309,-1.4338322143739044,2.128777325703298,2.805876665948676,1.472668883847717,0.3954681370429312,0.9355191857649894,-2.086568310147668,-0.3104558047958056
12.0,37.0,1006.414794921875,-3.405567722007261,-4.657695884618309,-1.434030970923898,2.141009992368526,2.805876665948676,1.472668883847717,0.3939907492528668,0.9355191857649894,-2.0832406509368617,-0.2861623357847065
12.0,37.0,1006.4370727539062,-3.4069229364688765,-4.657695884618309,-1.434030970923898,2.141009992368526,2.805876665948676,1.472668883847717,0.3939909933799683,0.9355191857649894,-2.0832406509368617,-0.2862481718978246
12.0,37.0,1006.5167846679688,-3.4084533747880355,-4.657695884618309,-1.434030970923898,2.141009992368526,2.805876665948676,1.472668883847717,0.3939909985732289,0.9355191857649894,-2.0807982749996627,-0.2860706737695757
12.0,37.0,1006.5167846679688,-3.4084533747880355,-4.657695884618309,-1.434030970923898,2.141009992368526,2.805876665948676,1.472668883847717,0.3939909985732289,0.9355191857649894,-2.0807982749996627,-0.2860706737695757
12.0,37.0,1006.5703735351562,-3.45915801205161,-4.657695884618309,-1.4880202440883692,2.551268185285325,2.805876665948676,1.7608418280602498,0.3513273291128329,0.9355191857649894,-2.08648078354845,-0.311344457618272
12.0,37.0,1006.571044921875,-3.45915801205161,-4.657695884618309,-1.4880202440883692,2.551268185285325,2.805876665948676,1.7608418280602498,0.3513273291128329,0.9355191857649894,-2.08648078354845,-0.308871882421199
12.0,37.0,1006.5770874023438,-3.459199300443835,-4.657695884618309,-1.4893226290381407,2.551268185285325,2.805876665948676,1.7587967109035283,0.3511850167323612,0.9355191857649894,-2.086481615706138,-0.308871882421199
12.0,37.0,1006.5816650390624,-3.459157314174831,-4.657695884618309,-1.4893040607718924,2.551268185285325,2.805876665948676,1.7587823412309729,0.3511839690032941,0.9355191857649894,-2.0864180514316413,-0.3113556749696046
12.0,37.0,1006.5817260742188,-3.459141676985774,-4.657695884618309,-1.4893040607718924,2.551268185285325,2.805876665948676,1.7587823412309729,0.3511839690032941,0.9355191857649894,-2.0864180514316413,-0.3113556749696046
12.0,37.0,1006.581787109375,-3.45915801205161,-4.657695884618309,-1.4880202440883692,2.551268185285325,2.805876665948676,1.7608418280602498,0.3522435239855909,0.9355191857649894,-2.08648078354845,-0.3112828040080895
12.0,37.0,1006.5819091796876,-3.459199986515172,-4.657695884618309,-1.4893040607718924,2.551268185285325,2.806203430390731,1.7587823412309729,0.3511839690032941,0.9355191857649894,-2.086425944696349,-0.3113556749696046
12.0,37.0,1006.6218872070312,-3.459158704244429,-4.7403701180737645,-1.434030970923898,2.551268185285325,2.805876665948676,1.472668883847717,0.3939911076535023,0.9355191857649894,-2.08543560629331,-0.2969623587134364
12.0,37.0,1006.6218872070312,-3.459158704244429,-4.7403701180737645,-1.434030970923898,2.551268185285325,2.805876665948676,1.472668883847717,0.3939911076535023,0.9355191857649894,-2.08543560629331,-0.2969623587134364
12.0,37.0,1006.6253662109376,-3.4591583145314466,-4.7403701180737645,-1.434030970923898,2.551268185285325,2.805876665948676,1.472668883847717,0.3939911076535023,0.9355191857649894,-2.08543560629331,-0.2967572017965088
12.0,37.0,1006.6539306640624,-3.4584931119131648,-4.657695884618309,-1.434030970923898,2.141009992368526,2.815502469164164,1.472668883847717,0.3939907545081745,0.9355191857649894,-2.086458082532745,-0.2964020584673941
12.0,37.0,1006.6607055664062,-3.45770274768629,-4.657695884618309,-1.434030970923898,2.1409901633879804,2.8153825195502256,1.472668883847717,0.3939907545081745,0.9355191857649894,-2.0853570836579745,-0.2969261088271744
12.0,37.0,1006.6641845703124,-3.4574640217142587,-4.657695884618309,-1.434030970923898,2.141009992368526,2.8153825195502256,1.472668883847717,0.3939907545081745,0.9355191857649894,-2.0853570836579745,-0.2969261088271744
12.0,37.0,1006.6643676757812,-3.4574640217142587,-4.657695884618309,-1.4348852619576025,2.141009992368526,2.8153825195502256,1.472668883847717,0.3939907545081745,0.9355191857649894,-2.0853570836579745,-0.2969600658894254
12.0,37.0,1006.6683349609376,-3.457405712184861,-4.657695884618309,-1.434030970923898,2.141009992368526,2.8150557551081707,1.472668883847717,0.3939907545081745,0.9355191857649894,-2.085349190393268,-0.2969261088271744
12.0,37.0,1006.6791381835938,-3.408245248777224,-4.657695884618309,-1.434030970923898,2.141009992368526,2.805876665948676,1.472668883847717,0.3939907545081745,0.9355191857649894,-2.086458082532745,-0.2963722423158667
12.0,37.0,1006.6873168945312,-3.4077467420470846,-4.657695884618309,-1.434030970923898,2.141009992368526,2.805876665948676,1.472668883847717,0.3939907545081745,0.9355191857649894,-2.086557054202429,-0.2969135006632654
12.0,37.0,1006.71875,-3.45915801205161,-4.657695884618309,-1.4880202440883692,2.551268185285325,2.805876665948676,1.7608418280602498,0.3513273291128329,0.9355191857649894,-2.08648078354845,-0.2871171856954576
12.0,37.0,1006.7239379882812,-3.4084533747880355,-4.657695884618309,-1.4319678070984916,2.141009992368526,2.805876665948676,1.479860348010143,0.3939907545081745,0.9355191857649894,-2.0832066383431327,-0.2954001299190725
12.0,37.0,1006.7536010742188,-3.462015278694308,-4.657695884618309,-1.434030970923898,2.141009992368526,2.805876665948676,1.472668883847717,0.3939910038285366,0.9355191857649894,-2.0807982749996627,-0.2965039642313575
12.0,37.0,1006.7545166015624,-3.462015278694308,-4.657695884618309,-1.434030970923898,2.141009992368526,2.805876665948676,1.472668883847717,0.3939910038285366,0.9355191857649894,-2.0805721644180672,-0.2966148408911212
12.0,37.0,1006.7551879882812,-3.4084533747880355,-4.657695884618309,-1.434030970923898,2.141009992368526,2.805876665948676,1.472668883847717,0.3939907545081745,0.9355191857649894,-2.0832066383431327,-0.2969340571747758
12.0,37.0,1006.7551879882812,-3.4084533747880355,-4.657695884618309,-1.434030970923898,2.141009992368526,2.805876665948676,1.472668883847717,0.3939907545081745,0.9355191857649894,-2.0832066383431327,-0.2969340571747758
12.0,37.0,1006.7551879882812,-3.4084533747880355,-4.657695884618309,-1.434030970923898,2.141009992368526,2.805876665948676,1.472668883847717,0.3939907545081745,0.9355191857649894,-2.0832066383431327,-0.2969340571747758
12.0,37.0,1006.7551879882812,-3.4084533747880355,-4.657695884618309,-1.434030970923898,2.141009992368526,2.805876665948676,1.472668883847717,0.3939907545081745,0.9355191857649894,-2.0832066383431327,-0.2969342886635712
12.0,37.0,1006.7551879882812,-3.4084533747880355,-4.657695884618309,-1.434030970923898,2.141009992368526,2.805876665948676,1.472668883847717,0.3939907545081745,0.9355191857649894,-2.0832066383431327,-0.2969340571747758
12.0,37.0,1006.7552490234376,-3.4084533747880355,-4.657695884618309,-1.434030970923898,2.141009992368526,2.805876665948676,1.472668883847717,0.3939907545081745,0.9355191857649894,-2.083241202873714,-0.2969613959754446
12.0,37.0,1006.7572021484376,-3.45915801205161,-4.657695884618309,-1.4880202440883692,2.551268185285325,2.805876665948676,1.7608418280602498,0.3513273291128329,0.9355191857649894,-2.08648078354845,-0.2846446104983845
12.0,37.0,1006.7595825195312,-3.4595919703405738,-4.657695884618309,-1.434030970923898,2.141009992368526,2.805876665948676,1.472668883847717,0.3939907545081745,0.9355191857649894,-2.0832406509368617,-0.2965956262464883
12.0,37.0,1006.7601318359376,-3.4595919703405738,-4.657695884618309,-1.434030970923898,2.141009992368526,2.805876665948676,1.472668883847717,0.3939907545081745,0.9355191857649894,-2.0832060864062805,-0.2965682874458195
12.0,37.0,1006.7601318359376,-3.4595919703405738,-4.657695884618309,-1.434030970923898,2.141009992368526,2.805876665948676,1.472668883847717,0.3939907545081745,0.9355191857649894,-2.0832060864062805,-0.2965682874458195
12.0,37.0,1006.762939453125,-3.4584931119131648,-4.657695884618309,-1.434030970923898,2.141009992368526,2.805876665948676,1.472668883847717,0.3939907545081745,0.9355191857649894,-2.086458082532745,-0.2963722423158667
12.0,37.0,1006.7645874023438,-3.4591296259135325,-4.657695884618309,-1.434030970923898,2.141009992368526,2.805876665948676,1.472668883847717,0.3939907545081745,0.9355191857649894,-2.0832406509368617,-0.2965956262464883
12.0,37.0,1006.7645874023438,-3.4591296259135325,-4.657695884618309,-1.434030970923898,2.141009992368526,2.805876665948676,1.472668883847717,0.3939907545081745,0.9355191857649894,-2.0832406509368617,-0.2965956262464883
12.0,37.0,1006.765625,-3.4591296259135325,-4.657695884618309,-1.434030970923898,2.141009992368526,2.805876665948676,1.472668883847717,0.3913057595451908,0.9355191857649894,-2.083240396852849,-0.2961631186770916
12.0,37.0,1006.767333984375,-3.459163303564816,-4.657695884618309,-1.434030970923898,2.141009992368526,2.805876665948676,1.472668883847717,0.3939907545081745,0.9355191857649894,-2.0832406509368617,-0.2963385287094977
12.0,37.0,1006.768798828125,-3.459141676985774,-4.657695884618309,-1.491367224597299,2.551268185285325,2.805876665948676,1.751590877068547,0.3511839690032941,0.9355191857649894,-2.0864180514316413,-0.3128896022253079
12.0,37.0,1006.7744140625,-3.410306400993733,-4.657695884618309,-1.434030970923898,2.141009992368526,2.805876665948676,1.472668883847717,0.3939906605398536,0.9355191857649894,-2.0833122844807144,-0.2969340571747758
12.0,37.0,1006.795166015625,-3.4574640217142587,-4.657695884618309,-1.434030970923898,2.141009992368526,2.8153825195502256,1.472668883847717,0.3939907399372087,0.9287178438748296,-2.085458746853728,-0.2969261088271744
12.0,37.0,1006.8099365234376,-3.406993184182696,-4.657695884618309,-1.434030970923898,2.141984370864852,2.805876665948676,1.472668883847717,0.3939907548194484,0.9355191857649894,-2.0805660838993814,-0.2966871457304235
12.0,38.0,1005.8504638671876,-3.45915801205161,-4.657695884618309,-1.4358699004539106,2.5569171397410115,2.805876665948676,1.7767492865451813,0.2678329631303213,1.2621273835330171,-2.270226863132095,-0.2968928649276069
12.0,38.0,1006.1099243164062,-3.460637076913869,-4.657695884618309,-1.434030970923898,2.1105367651379057,2.805876665948676,1.472668883847717,0.3939907425235551,0.9355191857649894,-2.083241336482375,-0.3106769065481088
12.0,38.0,1006.1104125976562,-3.460601867900707,-4.657695884618309,-1.434030970923898,2.1105367651379057,2.805876665948676,1.472668883847717,0.3939907396102485,0.9355191857649894,-2.083284482610583,-0.3106769065481088
12.0,38.0,1006.1144409179688,-3.459141677295368,-4.657695884618309,-1.434030970923898,2.111511143634232,2.805876665948676,1.472668883847717,0.3939907399215225,0.9355191857649894,-2.080643928166832,-0.3104299951037566
12.0,38.0,1006.2539672851562,-3.457405712184861,-4.657695884618309,-1.434030970923898,2.128698521867596,2.8150557551081707,1.472668883847717,0.3939746088122239,0.9355191857649894,-2.085349190393268,-0.3102208812810427
12.0,38.0,1006.2889404296876,-3.459141676968553,-4.657695884618309,-1.434030970923898,2.1268478937688724,2.805876665948676,1.472668883847717,0.3939746536578474,0.9355191857649894,-2.080643928166832,-0.3113207612303411
12.0,38.0,1006.3367309570312,-3.459141676968553,-4.657695884618309,-1.434030970923898,2.128777325703298,2.805876665948676,1.472668883847717,0.3939751654794004,0.9355191857649894,-2.080643928166832,-0.3104558047958056
12.0,38.0,1006.3367309570312,-3.459141676968553,-4.657695884618309,-1.434030970923898,2.128777325703298,2.805876665948676,1.472668883847717,0.3939751654794004,0.9355191857649894,-2.080643928166832,-0.3104558047958056
12.0,38.0,1006.3421020507812,-3.459141676968553,-4.657695884618309,-1.4338322143739044,2.128777325703298,2.805876665948676,1.472668883847717,0.3954681370429312,0.9355191857649894,-2.086568310147668,-0.3104558047958056
12.0,38.0,1006.414794921875,-3.405567722007261,-4.657695884618309,-1.434030970923898,2.141009992368526,2.805876665948676,1.472668883847717,0.3939907492528668,0.9355191857649894,-2.0832406509368617,-0.2861623357847065
12.0,38.0,1006.4356079101562,-3.406887727455715,-4.657695884618309,-1.434030970923898,2.141009992368526,2.805876665948676,1.472668883847717,0.3939909904666617,0.9355191857649894,-2.08328379706507,-0.2862481718978246
12.0,38.0,1006.4370727539062,-3.4069229364688765,-4.657695884618309,-1.434030970923898,2.141009992368526,2.805876665948676,1.472668883847717,0.3939909933799683,0.9355191857649894,-2.0832406509368617,-0.2862481718978246
12.0,38.0,1006.514892578125,-3.4084533747880355,-4.657695884618309,-1.434030970923898,2.141009992368526,2.805876665948676,1.472668883847717,0.3939910178050273,0.9355191857649894,-2.0808687394200613,-0.2860706737695757
12.0,38.0,1006.5167846679688,-3.4084533747880355,-4.657695884618309,-1.434030970923898,2.141009992368526,2.805876665948676,1.472668883847717,0.3939909985732289,0.9355191857649894,-2.0807982749996627,-0.2860706737695757
12.0,38.0,1006.5167846679688,-3.4084533747880355,-4.657695884618309,-1.434030970923898,2.141009992368526,2.805876665948676,1.472668883847717,0.3939909985732289,0.9355191857649894,-2.0807982749996627,-0.2860706737695757
12.0,38.0,1006.5703735351562,-3.45915801205161,-4.657695884618309,-1.4880202440883692,2.551268185285325,2.805876665948676,1.7608418280602498,0.3513273291128329,0.9355191857649894,-2.08648078354845,-0.311344457618272
12.0,38.0,1006.571044921875,-3.45915801205161,-4.657695884618309,-1.4880202440883692,2.551268185285325,2.805876665948676,1.7608418280602498,0.3513273291128329,0.9355191857649894,-2.08648078354845,-0.308871882421199
12.0,38.0,1006.5770874023438,-3.459199300443835,-4.657695884618309,-1.4893226290381407,2.551268185285325,2.805876665948676,1.7587967109035283,0.3511850167323612,0.9355191857649894,-2.086481615706138,-0.308871882421199
12.0,38.0,1006.5816650390624,-3.459157314174831,-4.657695884618309,-1.4893040607718924,2.551268185285325,2.805876665948676,1.7587823412309729,0.3511839690032941,0.9355191857649894,-2.0864180514316413,-0.3113556749696046
12.0,38.0,1006.5817260742188,-3.459141676985774,-4.657695884618309,-1.4893040607718924,2.551268185285325,2.805876665948676,1.7587823412309729,0.3511839690032941,0.9355191857649894,-2.0864180514316413,-0.3113556749696046
12.0,38.0,1006.581787109375,-3.45915801205161,-4.657695884618309,-1.4880202440883692,2.551268185285325,2.805876665948676,1.7608418280602498,0.3522435239855909,0.9355191857649894,-2.08648078354845,-0.3112828040080895
12.0,38.0,1006.5819091796876,-3.459199986515172,-4.657695884618309,-1.4893040607718924,2.551268185285325,2.806203430390731,1.7587823412309729,0.3511839690032941,0.9355191857649894,-2.086425944696349,-0.3113556749696046
12.0,38.0,1006.6065673828124,-3.457693763728159,-4.657695884618309,-1.434030970923898,2.142919965409158,2.8167298233051707,1.472668883847717,0.3939907545081745,0.9355191857649894,-2.0853570836579745,-0.3113131674711007
12.0,38.0,1006.6218872070312,-3.459158704244429,-4.7403701180737645,-1.434030970923898,2.551268185285325,2.805876665948676,1.472668883847717,0.3939911076535023,0.9355191857649894,-2.08543560629331,-0.2969623587134364
12.0,38.0,1006.6218872070312,-3.459158704244429,-4.7403701180737645,-1.434030970923898,2.551268185285325,2.805876665948676,1.472668883847717,0.3939911076535023,0.9355191857649894,-2.08543560629331,-0.2969623587134364
12.0,38.0,1006.6253662109376,-3.4591583145314466,-4.7403701180737645,-1.434030970923898,2.551268185285325,2.805876665948676,1.472668883847717,0.3939911076535023,0.9355191857649894,-2.08543560629331,-0.2967572017965088
12.0,38.0,1006.6539306640624,-3.4584931119131648,-4.657695884618309,-1.434030970923898,2.141009992368526,2.815502469164164,1.472668883847717,0.3939907545081745,0.9355191857649894,-2.086458082532745,-0.2964020584673941
12.0,38.0,1006.6607055664062,-3.45770274768629,-4.657695884618309,-1.434030970923898,2.1409901633879804,2.8153825195502256,1.472668883847717,0.3939907545081745,0.9355191857649894,-2.0853570836579745,-0.2969261088271744
12.0,38.0,1006.6641845703124,-3.4574640217142587,-4.657695884618309,-1.434030970923898,2.141009992368526,2.8153825195502256,1.472668883847717,0.3939907545081745,0.9355191857649894,-2.0853570836579745,-0.2969261088271744
12.0,38.0,1006.6643676757812,-3.4574640217142587,-4.657695884618309,-1.4348852619576025,2.141009992368526,2.8153825195502256,1.472668883847717,0.3939907545081745,0.9355191857649894,-2.0853570836579745,-0.2969600658894254
12.0,38.0,1006.6683349609376,-3.457405712184861,-4.657695884618309,-1.434030970923898,2.141009992368526,2.8150557551081707,1.472668883847717,0.3939907545081745,0.9355191857649894,-2.085349190393268,-0.2969261088271744
12.0,38.0,1006.6791381835938,-3.408245248777224,-4.657695884618309,-1.434030970923898,2.141009992368526,2.805876665948676,1.472668883847717,0.3939907545081745,0.9355191857649894,-2.086458082532745,-0.2963722423158667
12.0,38.0,1006.6873168945312,-3.4077467420470846,-4.657695884618309,-1.434030970923898,2.141009992368526,2.805876665948676,1.472668883847717,0.3939907545081745,0.9355191857649894,-2.086557054202429,-0.2969135006632654
12.0,38.0,1006.71875,-3.45915801205161,-4.657695884618309,-1.4880202440883692,2.551268185285325,2.805876665948676,1.7608418280602498,0.3513273291128329,0.9355191857649894,-2.08648078354845,-0.2871171856954576
12.0,38.0,1006.7239379882812,-3.4084533747880355,-4.657695884618309,-1.4319678070984916,2.141009992368526,2.805876665948676,1.479860348010143,0.3939907545081745,0.9355191857649894,-2.0832066383431327,-0.2954001299190725
12.0,38.0,1006.7536010742188,-3.462015278694308,-4.657695884618309,-1.434030970923898,2.141009992368526,2.805876665948676,1.472668883847717,0.3939910038285366,0.9355191857649894,-2.0807982749996627,-0.2965039642313575
12.0,38.0,1006.7545166015624,-3.462015278694308,-4.657695884618309,-1.434030970923898,2.141009992368526,2.805876665948676,1.472668883847717,0.3939910038285366,0.9355191857649894,-2.0805721644180672,-0.2966148408911212
12.0,38.0,1006.7551879882812,-3.4084533747880355,-4.657695884618309,-1.434030970923898,2.141009992368526,2.805876665948676,1.472668883847717,0.3939907545081745,0.9355191857649894,-2.0832066383431327,-0.2969340571747758
12.0,38.0,1006.7551879882812,-3.4084533747880355,-4.657695884618309,-1.434030970923898,2.141009992368526,2.805876665948676,1.472668883847717,0.3939907545081745,0.9355191857649894,-2.0832066383431327,-0.2969340571747758
12.0,38.0,1006.7551879882812,-3.4084533747880355,-4.657695884618309,-1.434030970923898,2.141009992368526,2.805876665948676,1.472668883847717,0.3939907545081745,0.9355191857649894,-2.0832066383431327,-0.2969340571747758
12.0,38.0,1006.7551879882812,-3.4084533747880355,-4.657695884618309,-1.434030970923898,2.141009992368526,2.805876665948676,1.472668883847717,0.3939907545081745,0.9355191857649894,-2.0832066383431327,-0.2969342886635712
12.0,38.0,1006.7551879882812,-3.4084533747880355,-4.657695884618309,-1.434030970923898,2.141009992368526,2.805876665948676,1.472668883847717,0.3939907545081745,0.9355191857649894,-2.0832066383431327,-0.2969340571747758
12.0,38.0,1006.7551879882812,-3.4084533747880355,-4.657695884618309,-1.434030970923898,2.141009992368526,2.805876665948676,1.472668883847717,0.3939907545081745,0.9355191857649894,-2.0832066383431327,-0.2969340571747758
12.0,38.0,1006.7552490234376,-3.4084533747880355,-4.657695884618309,-1.434030970923898,2.141009992368526,2.805876665948676,1.472668883847717,0.3939907545081745,0.9355191857649894,-2.083241202873714,-0.2969613959754446
12.0,38.0,1006.7552490234376,-3.4084533747880355,-4.657695884618309,-1.434030970923898,2.141009992368526,2.805876665948676,1.472668883847717,0.3939907545081745,0.9355191857649894,-2.083241202873714,-0.2969613959754446
12.0,38.0,1006.7572021484376,-3.45915801205161,-4.657695884618309,-1.4880202440883692,2.551268185285325,2.805876665948676,1.7608418280602498,0.3513273291128329,0.9355191857649894,-2.08648078354845,-0.2846446104983845
12.0,38.0,1006.7595825195312,-3.4595919703405738,-4.657695884618309,-1.434030970923898,2.141009992368526,2.805876665948676,1.472668883847717,0.3939907545081745,0.9355191857649894,-2.0832406509368617,-0.2965956262464883
12.0,38.0,1006.7595825195312,-3.4595919703405738,-4.657695884618309,-1.434030970923898,2.141009992368526,2.805876665948676,1.472668883847717,0.3939907545081745,0.9355191857649894,-2.0832406509368617,-0.2965956262464883
12.0,38.0,1006.7601318359376,-3.4595919703405738,-4.657695884618309,-1.434030970923898,2.141009992368526,2.805876665948676,1.472668883847717,0.3939907545081745,0.9355191857649894,-2.0832060864062805,-0.2965682874458195
12.0,38.0,1006.7601318359376,-3.4595919703405738,-4.657695884618309,-1.434030970923898,2.141009992368526,2.805876665948676,1.472668883847717,0.3939907545081745,0.9355191857649894,-2.0832060864062805,-0.2965682874458195
12.0,39.0,1005.5860595703124,-3.45915801205161,-4.657695884618309,-1.4358699004539106,2.1334699404495807,2.805876665948676,1.7767492865451813,0.264875829504364,1.3649311253773957,-2.270226863132095,-0.2968928649276069
12.0,39.0,1005.8504638671876,-3.45915801205161,-4.657695884618309,-1.4358699004539106,2.5569171397410115,2.805876665948676,1.7767492865451813,0.2678329631303213,1.2621273835330171,-2.270226863132095,-0.2968928649276069
12.0,39.0,1006.0455322265624,-3.459141677295368,-4.657695884618309,-1.4337154381638408,2.110048817971104,2.805876665948676,1.4689868240136443,0.3939907399215225,0.9355191857649894,-2.0803442457514043,-0.3104299951037566
12.0,39.0,1006.0986328125,-3.460637076913869,-4.657695884618309,-1.434030970923898,2.1105367651379057,2.805876665948676,1.472668883847717,0.3939901605382623,0.9355191857649894,-2.080709251019836,-0.3106769065481088
12.0,39.0,1006.1099243164062,-3.460637076913869,-4.657695884618309,-1.434030970923898,2.1105367651379057,2.805876665948676,1.472668883847717,0.3939907425235551,0.9355191857649894,-2.083241336482375,-0.3106769065481088
12.0,39.0,1006.1104125976562,-3.460601867900707,-4.657695884618309,-1.434030970923898,2.1105367651379057,2.805876665948676,1.472668883847717,0.3939907396102485,0.9355191857649894,-2.083284482610583,-0.3106769065481088
12.0,39.0,1006.1144409179688,-3.459141677295368,-4.657695884618309,-1.434030970923898,2.111511143634232,2.805876665948676,1.472668883847717,0.3939907399215225,0.9355191857649894,-2.080643928166832,-0.3104299951037566
12.0,39.0,1006.2539672851562,-3.457405712184861,-4.657695884618309,-1.434030970923898,2.128698521867596,2.8150557551081707,1.472668883847717,0.3939746088122239,0.9355191857649894,-2.085349190393268,-0.3102208812810427
12.0,39.0,1006.2819213867188,-3.459141676968553,-4.657695884618309,-1.434030970923898,2.1268478937688724,2.805876665948676,1.472668883847717,0.3939752356431402,0.9355191857649894,-2.083176013629371,-0.3113207612303411
12.0,39.0,1006.2889404296876,-3.459141676968553,-4.657695884618309,-1.434030970923898,2.1268478937688724,2.805876665948676,1.472668883847717,0.3939746536578474,0.9355191857649894,-2.080643928166832,-0.3113207612303411
12.0,39.0,1006.3367309570312,-3.459141676968553,-4.657695884618309,-1.434030970923898,2.128777325703298,2.805876665948676,1.472668883847717,0.3939751654794004,0.9355191857649894,-2.080643928166832,-0.3104558047958056
12.0,39.0,1006.3367309570312,-3.459141676968553,-4.657695884618309,-1.434030970923898,2.128777325703298,2.805876665948676,1.472668883847717,0.3939751654794004,0.9355191857649894,-2.080643928166832,-0.3104558047958056
12.0,39.0,1006.3380737304688,-3.459141676968553,-4.657695884618309,-1.434030970923898,2.1288414679455028,2.805876665948676,1.472668883847717,0.3939751654794004,0.9355191857649894,-2.080643928166832,-0.3104558047958056
12.0,39.0,1006.3421020507812,-3.459141676968553,-4.657695884618309,-1.4338322143739044,2.128777325703298,2.805876665948676,1.472668883847717,0.3954681370429312,0.9355191857649894,-2.086568310147668,-0.3104558047958056
12.0,39.0,1006.3502197265624,-3.459141676968553,-4.657695884618309,-1.434030970923898,2.129407074115609,2.805876665948676,1.472668883847717,0.3939923946043479,0.9355191857649894,-2.0806469282000264,-0.3104558047958056
12.0,39.0,1006.414794921875,-3.405567722007261,-4.657695884618309,-1.434030970923898,2.141009992368526,2.805876665948676,1.472668883847717,0.3939907492528668,0.9355191857649894,-2.0832406509368617,-0.2861623357847065
12.0,39.0,1006.43310546875,-3.4066905253401174,-4.657695884618309,-1.434030970923898,2.141009992368526,2.805876665948676,1.472668883847717,0.3939910028751291,0.9355191857649894,-2.083312827640542,-0.286290251296376
12.0,39.0,1006.4356079101562,-3.406887727455715,-4.657695884618309,-1.434030970923898,2.141009992368526,2.805876665948676,1.472668883847717,0.3939909904666617,0.9355191857649894,-2.08328379706507,-0.2862481718978246
12.0,39.0,1006.4370727539062,-3.4069229364688765,-4.657695884618309,-1.434030970923898,2.141009992368526,2.805876665948676,1.472668883847717,0.3939909933799683,0.9355191857649894,-2.0832406509368617,-0.2862481718978246
12.0,39.0,1006.4370727539062,-3.4069229364688765,-4.657695884618309,-1.434030970923898,2.141009992368526,2.805876665948676,1.472668883847717,0.3939909933799683,0.9355191857649894,-2.0832406509368617,-0.2862481718978246
12.0,39.0,1006.4723510742188,-3.4055977540639235,-4.657695884618309,-1.434030970923898,2.141009992368526,2.805876665948676,1.472668883847717,0.3939910099911844,0.9355191857649894,-2.0808687394200613,-0.2860719321641036
12.0,39.0,1006.4746704101562,-3.405617143219298,-4.657695884618309,-1.434030970923898,2.141009992368526,2.805876665948676,1.472668883847717,0.3939907766739179,0.9355191857649894,-2.0808810404066205,-0.2861623357847065
12.0,39.0,1006.514892578125,-3.4084533747880355,-4.657695884618309,-1.434030970923898,2.141009992368526,2.805876665948676,1.472668883847717,0.3939910178050273,0.9355191857649894,-2.0808687394200613,-0.2860706737695757
12.0,39.0,1006.5167846679688,-3.4084533747880355,-4.657695884618309,-1.434030970923898,2.141009992368526,2.805876665948676,1.472668883847717,0.3939909985732289,0.9355191857649894,-2.0807982749996627,-0.2860706737695757
12.0,39.0,1006.5167846679688,-3.4084533747880355,-4.657695884618309,-1.434030970923898,2.141009992368526,2.805876665948676,1.472668883847717,0.3939909985732289,0.9355191857649894,-2.0807982749996627,-0.2860706737695757
12.0,39.0,1006.5496215820312,-3.459157359438145,-4.657695884618309,-1.4892728748951176,2.551268185285325,2.8062416713032854,1.7608418280602498,0.3522435239855909,0.9355191857649894,-2.08648078354845,-0.3113567566947944
12.0,39.0,1006.5703735351562,-3.45915801205161,-4.657695884618309,-1.4880202440883692,2.551268185285325,2.805876665948676,1.7608418280602498,0.3513273291128329,0.9355191857649894,-2.08648078354845,-0.311344457618272
12.0,39.0,1006.571044921875,-3.45915801205161,-4.657695884618309,-1.4880202440883692,2.551268185285325,2.805876665948676,1.7608418280602498,0.3513273291128329,0.9355191857649894,-2.08648078354845,-0.308871882421199
12.0,39.0,1006.5770874023438,-3.459199300443835,-4.657695884618309,-1.4893226290381407,2.551268185285325,2.805876665948676,1.7587967109035283,0.3511850167323612,0.9355191857649894,-2.086481615706138,-0.308871882421199
12.0,39.0,1006.5816650390624,-3.459157314174831,-4.657695884618309,-1.4893040607718924,2.551268185285325,2.805876665948676,1.7587823412309729,0.3511839690032941,0.9355191857649894,-2.0864180514316413,-0.3113556749696046
12.0,39.0,1006.5817260742188,-3.459141676985774,-4.657695884618309,-1.4893040607718924,2.551268185285325,2.805876665948676,1.7587823412309729,0.3511839690032941,0.9355191857649894,-2.0864180514316413,-0.3113556749696046
12.0,39.0,1006.581787109375,-3.45915801205161,-4.657695884618309,-1.4880202440883692,2.551268185285325,2.805876665948676,1.7608418280602498,0.3522435239855909,0.9355191857649894,-2.08648078354845,-0.3112828040080895
12.0,39.0,1006.5819091796876,-3.459199986515172,-4.657695884618309,-1.4893040607718924,2.551268185285325,2.806203430390731,1.7587823412309729,0.3511839690032941,0.9355191857649894,-2.086425944696349,-0.3113556749696046
12.0,39.0,1006.6056518554688,-3.461744104898174,-4.657695884618309,-1.434030970923898,2.141009992368526,2.805876665948676,1.472668883847717,0.3939907545081745,0.9355191857649894,-2.083241960530352,-0.3098133140166028
12.0,39.0,1006.6065673828124,-3.457693763728159,-4.657695884618309,-1.434030970923898,2.142919965409158,2.8167298233051707,1.472668883847717,0.3939907545081745,0.9355191857649894,-2.0853570836579745,-0.3113131674711007
12.0,39.0,1006.6130981445312,-3.457647433485393,-4.657695884618309,-1.434030970923898,2.142919965409158,2.815953185077341,1.472668883847717,0.3939907545081745,0.9355191857649894,-2.0853570836579745,-0.3113131674711007
12.0,39.0,1006.6218872070312,-3.459158704244429,-4.7403701180737645,-1.434030970923898,2.551268185285325,2.805876665948676,1.472668883847717,0.3939911076535023,0.9355191857649894,-2.08543560629331,-0.2969623587134364
12.0,39.0,1006.6218872070312,-3.459158704244429,-4.7403701180737645,-1.434030970923898,2.551268185285325,2.805876665948676,1.472668883847717,0.3939911076535023,0.9355191857649894,-2.08543560629331,-0.2969623587134364
12.0,39.0,1006.6253662109376,-3.4591583145314466,-4.7403701180737645,-1.434030970923898,2.551268185285325,2.805876665948676,1.472668883847717,0.3939911076535023,0.9355191857649894,-2.08543560629331,-0.2967572017965088
12.0,39.0,1006.6539306640624,-3.4584931119131648,-4.657695884618309,-1.434030970923898,2.141009992368526,2.815502469164164,1.472668883847717,0.3939907545081745,0.9355191857649894,-2.086458082532745,-0.2964020584673941
12.0,39.0,1006.6607055664062,-3.45770274768629,-4.657695884618309,-1.434030970923898,2.1409901633879804,2.8153825195502256,1.472668883847717,0.3939907545081745,0.9355191857649894,-2.0853570836579745,-0.2969261088271744
12.0,39.0,1006.6641845703124,-3.4574640217142587,-4.657695884618309,-1.434030970923898,2.141009992368526,2.8153825195502256,1.472668883847717,0.3939907545081745,0.9355191857649894,-2.0853570836579745,-0.2969261088271744
12.0,39.0,1006.6643676757812,-3.4574640217142587,-4.657695884618309,-1.4348852619576025,2.141009992368526,2.8153825195502256,1.472668883847717,0.3939907545081745,0.9355191857649894,-2.0853570836579745,-0.2969600658894254
12.0,39.0,1006.6683349609376,-3.457405712184861,-4.657695884618309,-1.434030970923898,2.141009992368526,2.8150557551081707,1.472668883847717,0.3939907545081745,0.9355191857649894,-2.085349190393268,-0.2969261088271744
12.0,39.0,1006.6791381835938,-3.408245248777224,-4.657695884618309,-1.434030970923898,2.141009992368526,2.805876665948676,1.472668883847717,0.3939907545081745,0.9355191857649894,-2.086458082532745,-0.2963722423158667
12.0,39.0,1006.6873168945312,-3.4077467420470846,-4.657695884618309,-1.434030970923898,2.141009992368526,2.805876665948676,1.472668883847717,0.3939907545081745,0.9355191857649894,-2.086557054202429,-0.2969135006632654
12.0,39.0,1006.71875,-3.45915801205161,-4.657695884618309,-1.4880202440883692,2.551268185285325,2.805876665948676,1.7608418280602498,0.3513273291128329,0.9355191857649894,-2.08648078354845,-0.2871171856954576
12.0,39.0,1006.7239379882812,-3.4084533747880355,-4.657695884618309,-1.4319678070984916,2.141009992368526,2.805876665948676,1.479860348010143,0.3939907545081745,0.9355191857649894,-2.0832066383431327,-0.2954001299190725
12.0,39.0,1006.7536010742188,-3.462015278694308,-4.657695884618309,-1.434030970923898,2.141009992368526,2.805876665948676,1.472668883847717,0.3939910038285366,0.9355191857649894,-2.0807982749996627,-0.2965039642313575
12.0,39.0,1006.7545166015624,-3.462015278694308,-4.657695884618309,-1.434030970923898,2.141009992368526,2.805876665948676,1.472668883847717,0.3939910038285366,0.9355191857649894,-2.0805721644180672,-0.2966148408911212
12.0,40.0,1005.419921875,-3.45915801205161,-4.657695884618309,-1.4358699004539106,2.1334699404495807,2.805876665948676,1.7767492865451813,0.264875829504364,1.3490718322047774,-2.270226863132095,-0.2968928649276069
12.0,40.0,1005.5860595703124,-3.45915801205161,-4.657695884618309,-1.4358699004539106,2.1334699404495807,2.805876665948676,1.7767492865451813,0.264875829504364,1.3649311253773957,-2.270226863132095,-0.2968928649276069
12.0,40.0,1005.8504638671876,-3.45915801205161,-4.657695884618309,-1.4358699004539106,2.5569171397410115,2.805876665948676,1.7767492865451813,0.2678329631303213,1.2621273835330171,-2.270226863132095,-0.2968928649276069
12.0,40.0,1006.0455322265624,-3.459141677295368,-4.657695884618309,-1.4337154381638408,2.110048817971104,2.805876665948676,1.4689868240136443,0.3939907399215225,0.9355191857649894,-2.0803442457514043,-0.3104299951037566
12.0,40.0,1006.0455322265624,-3.459141677295368,-4.657695884618309,-1.4337154381638408,2.110048817971104,2.805876665948676,1.4689868240136443,0.3939909934725046,0.9355191857649894,-2.0803442457514043,-0.3104299951037566
12.0,40.0,1006.0986328125,-3.460637076913869,-4.657695884618309,-1.434030970923898,2.1105367651379057,2.805876665948676,1.472668883847717,0.3939901605382623,0.9355191857649894,-2.080709251019836,-0.3106769065481088
12.0,40.0,1006.1099243164062,-3.460637076913869,-4.657695884618309,-1.434030970923898,2.1105367651379057,2.805876665948676,1.472668883847717,0.3939907425235551,0.9355191857649894,-2.083241336482375,-0.3106769065481088
12.0,40.0,1006.1104125976562,-3.460601867900707,-4.657695884618309,-1.434030970923898,2.1105367651379057,2.805876665948676,1.472668883847717,0.3939907396102485,0.9355191857649894,-2.083284482610583,-0.3106769065481088
12.0,40.0,1006.1144409179688,-3.459141677295368,-4.657695884618309,-1.434030970923898,2.111511143634232,2.805876665948676,1.472668883847717,0.3939907399215225,0.9355191857649894,-2.080643928166832,-0.3104299951037566
12.0,40.0,1006.1204223632812,-3.460811458664901,-4.657695884618309,-1.434030970923898,2.1105367651379057,2.805876665948676,1.472668883847717,0.3939901605382623,0.9355191857649894,-2.0856686652672605,-0.3113113442012679
12.0,40.0,1006.2539672851562,-3.457405712184861,-4.657695884618309,-1.434030970923898,2.128698521867596,2.8150557551081707,1.472668883847717,0.3939746088122239,0.9355191857649894,-2.085349190393268,-0.3102208812810427
12.0,40.0,1006.2561645507812,-3.40762827740179,-4.657695884618309,-1.434030970923898,2.1268478937688724,2.805876665948676,1.472668883847717,0.3939916245933882,0.9355191857649894,-2.083176013629371,-0.2844416525709332
12.0,40.0,1006.2819213867188,-3.459141676968553,-4.657695884618309,-1.434030970923898,2.1268478937688724,2.805876665948676,1.472668883847717,0.3939752356431402,0.9355191857649894,-2.083176013629371,-0.3113207612303411
12.0,40.0,1006.2889404296876,-3.459141676968553,-4.657695884618309,-1.434030970923898,2.1268478937688724,2.805876665948676,1.472668883847717,0.3939746536578474,0.9355191857649894,-2.080643928166832,-0.3113207612303411
12.0,40.0,1006.31103515625,-3.405617143219298,-4.657695884618309,-1.434030970923898,2.127001795780351,2.805876665948676,1.472668883847717,0.3939907766739179,0.9355191857649894,-2.080876114711641,-0.2861623357847065
12.0,40.0,1006.3359985351562,-3.459141676968553,-4.657695884618309,-1.434030970923898,2.1288414679455028,2.805876665948676,1.472668883847717,0.3939757121795817,0.9355191857649894,-2.080643928166832,-0.3106728584689964
12.0,40.0,1006.3367309570312,-3.459141676968553,-4.657695884618309,-1.434030970923898,2.128777325703298,2.805876665948676,1.472668883847717,0.3939751654794004,0.9355191857649894,-2.080643928166832,-0.3104558047958056
12.0,40.0,1006.3367309570312,-3.459141676968553,-4.657695884618309,-1.434030970923898,2.128777325703298,2.805876665948676,1.472668883847717,0.3939751654794004,0.9355191857649894,-2.080643928166832,-0.3104558047958056
12.0,40.0,1006.3367919921876,-3.459141676968553,-4.657695884618309,-1.434030970923898,2.128777325703298,2.805876665948676,1.472668883847717,0.3939749119284183,0.9355191857649894,-2.080643928166832,-0.3104558047958056
12.0,40.0,1006.3380737304688,-3.459141676968553,-4.657695884618309,-1.434030970923898,2.1288414679455028,2.805876665948676,1.472668883847717,0.3939751654794004,0.9355191857649894,-2.080643928166832,-0.3104558047958056
12.0,40.0,1006.3421020507812,-3.459141676968553,-4.657695884618309,-1.4338322143739044,2.128777325703298,2.805876665948676,1.472668883847717,0.3954681370429312,0.9355191857649894,-2.086568310147668,-0.3104558047958056
12.0,40.0,1006.3421020507812,-3.459109597406018,-4.657695884618309,-1.4340139279946114,2.128777325703298,2.805876665948676,1.472668883847717,0.3954579855639642,0.9355191857649894,-2.0866237614649736,-0.3105064203057122
12.0,40.0,1006.343994140625,-3.459141676968553,-4.657695884618309,-1.434030970923898,2.129118758778271,2.805876665948676,1.472668883847717,0.3939751654794004,0.9355191857649894,-2.080643928166832,-0.3104551955013865
12.0,40.0,1006.3502197265624,-3.459141676968553,-4.657695884618309,-1.434030970923898,2.129407074115609,2.805876665948676,1.472668883847717,0.3939923946043479,0.9355191857649894,-2.0806469282000264,-0.3104558047958056
12.0,40.0,1006.3679809570312,-3.406425698270513,-4.657695884618309,-1.434030970923898,2.142623778720113,2.805876665948676,1.480443890044226,0.3939910114205455,0.9355191857649894,-2.083284482610583,-0.2857970291646839
12.0,40.0,1006.373291015625,-3.406887727455715,-4.657695884618309,-1.489729739363412,2.141009992368526,2.805876665948676,1.4752076331705033,0.3948917426433916,0.9355191857649894,-2.0865243590589446,-0.2862481718978246
12.0,40.0,1006.4058837890624,-3.459150396946784,-4.657695884618309,-1.4333367011417322,2.551268185285325,2.805876665948676,1.7608418280602498,0.3513273291128329,0.9355191857649894,-2.0865001674143566,-0.3765349179831447
12.0,40.0,1006.414794921875,-3.405567722007261,-4.657695884618309,-1.434030970923898,2.141009992368526,2.805876665948676,1.472668883847717,0.3939907492528668,0.9355191857649894,-2.0832406509368617,-0.2861623357847065
12.0,40.0,1006.43310546875,-3.4066905253401174,-4.657695884618309,-1.434030970923898,2.141009992368526,2.805876665948676,1.472668883847717,0.3939910028751291,0.9355191857649894,-2.083312827640542,-0.286290251296376
12.0,40.0,1006.43310546875,-3.4066905253401174,-4.657695884618309,-1.434030970923898,2.141009992368526,2.805876665948676,1.472668883847717,0.3939910028751291,0.9355191857649894,-2.083312827640542,-0.286290251296376
12.0,40.0,1006.4354858398438,-3.406887727455715,-4.657695884618309,-1.434030970923898,2.141009992368526,2.805876665948676,1.472668883847717,0.3939909904666617,0.9355191857649894,-2.08328379706507,-0.286245698673168
12.0,40.0,1006.4356079101562,-3.406887727455715,-4.657695884618309,-1.434030970923898,2.141009992368526,2.805876665948676,1.472668883847717,0.3939909904666617,0.9355191857649894,-2.08328379706507,-0.2862481718978246
12.0,40.0,1006.4370727539062,-3.4069229364688765,-4.657695884618309,-1.434030970923898,2.141009992368526,2.805876665948676,1.472668883847717,0.3939909933799683,0.9355191857649894,-2.0832406509368617,-0.2862481718978246
12.0,40.0,1006.4370727539062,-3.4069229364688765,-4.657695884618309,-1.434030970923898,2.141009992368526,2.805876665948676,1.472668883847717,0.3939909933799683,0.9355191857649894,-2.0832406509368617,-0.2862481718978246
12.0,40.0,1006.4370727539062,-3.4069229364688765,-4.657695884618309,-1.434030970923898,2.141009992368526,2.805876665948676,1.472668883847717,0.3939909933799683,0.9355191857649894,-2.0832406509368617,-0.2862481718978246
12.0,40.0,1006.4723510742188,-3.4055977540639235,-4.657695884618309,-1.434030970923898,2.141009992368526,2.805876665948676,1.472668883847717,0.3939910099911844,0.9355191857649894,-2.0808687394200613,-0.2860719321641036
12.0,40.0,1006.4746704101562,-3.405617143219298,-4.657695884618309,-1.434030970923898,2.141009992368526,2.805876665948676,1.472668883847717,0.3939907766739179,0.9355191857649894,-2.0808810404066205,-0.2861623357847065
12.0,40.0,1006.514892578125,-3.4084533747880355,-4.657695884618309,-1.434030970923898,2.141009992368526,2.805876665948676,1.472668883847717,0.3939910178050273,0.9355191857649894,-2.0808687394200613,-0.2860706737695757
12.0,40.0,1006.5167846679688,-3.4084533747880355,-4.657695884618309,-1.434030970923898,2.141009992368526,2.805876665948676,1.472668883847717,0.3939909985732289,0.9355191857649894,-2.0807982749996627,-0.2860706737695757
12.0,40.0,1006.5167846679688,-3.4084533747880355,-4.657695884618309,-1.434030970923898,2.141009992368526,2.805876665948676,1.472668883847717,0.3939909985732289,0.9355191857649894,-2.0807982749996627,-0.2860706737695757
12.0,40.0,1006.516845703125,-3.4084533747880355,-4.657695884618309,-1.434030970923898,2.141009992368526,2.805876665948676,1.472668883847717,0.3939909985732289,0.9355191857649894,-2.0807982749996627,-0.2860731469942322
12.0,40.0,1006.5496215820312,-3.459157359438145,-4.657695884618309,-1.4892728748951176,2.551268185285325,2.8062416713032854,1.7608418280602498,0.3522435239855909,0.9355191857649894,-2.08648078354845,-0.3113567566947944
12.0,40.0,1006.5703735351562,-3.45915801205161,-4.657695884618309,-1.4880202440883692,2.551268185285325,2.805876665948676,1.7608418280602498,0.3513273291128329,0.9355191857649894,-2.08648078354845,-0.311344457618272
12.0,40.0,1006.571044921875,-3.45915801205161,-4.657695884618309,-1.4880202440883692,2.551268185285325,2.805876665948676,1.7608418280602498,0.3513273291128329,0.9355191857649894,-2.08648078354845,-0.308871882421199
12.0,40.0,1006.5770874023438,-3.459199300443835,-4.657695884618309,-1.4893226290381407,2.551268185285325,2.805876665948676,1.7587967109035283,0.3511850167323612,0.9355191857649894,-2.086481615706138,-0.308871882421199
12.0,40.0,1006.5816650390624,-3.459157314174831,-4.657695884618309,-1.4893040607718924,2.551268185285325,2.805876665948676,1.7587823412309729,0.3511839690032941,0.9355191857649894,-2.0864180514316413,-0.3113556749696046
12.0,40.0,1006.5817260742188,-3.459141676985774,-4.657695884618309,-1.4893040607718924,2.551268185285325,2.805876665948676,1.7587823412309729,0.3511839690032941,0.9355191857649894,-2.0864180514316413,-0.3113556749696046
12.0,40.0,1006.581787109375,-3.45915801205161,-4.657695884618309,-1.4880202440883692,2.551268185285325,2.805876665948676,1.7608418280602498,0.3522435239855909,0.9355191857649894,-2.08648078354845,-0.3112828040080895
12.0,40.0,1006.5819091796876,-3.459199986515172,-4.657695884618309,-1.4893040607718924,2.551268185285325,2.806203430390731,1.7587823412309729,0.3511839690032941,0.9355191857649894,-2.086425944696349,-0.3113556749696046
12.0,40.0,1006.6056518554688,-3.461744104898174,-4.657695884618309,-1.434030970923898,2.141009992368526,2.805876665948676,1.472668883847717,0.3939907545081745,0.9355191857649894,-2.083241960530352,-0.3098133140166028
12.0,41.0,1005.419921875,-3.45915801205161,-4.657695884618309,-1.4358699004539106,2.1334699404495807,2.805876665948676,1.7767492865451813,0.264875829504364,1.3490718322047774,-2.270226863132095,-0.2968928649276069
12.0,41.0,1005.5860595703124,-3.45915801205161,-4.657695884618309,-1.4358699004539106,2.1334699404495807,2.805876665948676,1.7767492865451813,0.264875829504364,1.3649311253773957,-2.270226863132095,-0.2968928649276069
12.0,41.0,1005.8504638671876,-3.45915801205161,-4.657695884618309,-1.4358699004539106,2.5569171397410115,2.805876665948676,1.7767492865451813,0.2678329631303213,1.2621273835330171,-2.270226863132095,-0.2968928649276069
12.0,41.0,1006.0339965820312,-3.405617143219298,-4.657695884618309,-1.4544207210182942,2.127001795780351,2.805876665948676,1.472668883847717,0.3939907766739179,0.9355191857649894,-2.080876114711641,-0.2861623357847065
12.0,41.0,1006.0455322265624,-3.459141677295368,-4.657695884618309,-1.4337154381638408,2.110048817971104,2.805876665948676,1.4689868240136443,0.3939907399215225,0.9355191857649894,-2.0803442457514043,-0.3104299951037566
12.0,41.0,1006.0455322265624,-3.459141677295368,-4.657695884618309,-1.4337154381638408,2.110048817971104,2.805876665948676,1.4689868240136443,0.3939909934725046,0.9355191857649894,-2.0803442457514043,-0.3104299951037566
12.0,41.0,1006.0490112304688,-3.462838048587767,-4.657695884618309,-1.4337154381638408,2.110048817971104,2.805876665948676,1.4690501091739407,0.3939909934729365,0.9355191857649894,-2.0803442457514043,-0.3096540290731073
12.0,41.0,1006.0986328125,-3.460637076913869,-4.657695884618309,-1.434030970923898,2.1105367651379057,2.805876665948676,1.472668883847717,0.3939901605382623,0.9355191857649894,-2.080709251019836,-0.3106769065481088
12.0,41.0,1006.1099243164062,-3.460637076913869,-4.657695884618309,-1.434030970923898,2.1105367651379057,2.805876665948676,1.472668883847717,0.3939907425235551,0.9355191857649894,-2.083241336482375,-0.3106769065481088
12.0,41.0,1006.1104125976562,-3.460601867900707,-4.657695884618309,-1.434030970923898,2.1105367651379057,2.805876665948676,1.472668883847717,0.3939907396102485,0.9355191857649894,-2.083284482610583,-0.3106769065481088
12.0,41.0,1006.1104125976562,-3.460601867900707,-4.657695884618309,-1.434030970923898,2.1105367651379057,2.805876665948676,1.472668883847717,0.3939907396102485,0.9355191857649894,-2.083284482610583,-0.3106769065481088
12.0,41.0,1006.1144409179688,-3.459141677295368,-4.657695884618309,-1.434030970923898,2.111511143634232,2.805876665948676,1.472668883847717,0.3939907399215225,0.9355191857649894,-2.080643928166832,-0.3104299951037566
12.0,41.0,1006.1204223632812,-3.460811458664901,-4.657695884618309,-1.434030970923898,2.1105367651379057,2.805876665948676,1.472668883847717,0.3939901605382623,0.9355191857649894,-2.0856686652672605,-0.3113113442012679
12.0,41.0,1006.12548828125,-3.4574146942142523,-4.657695884618309,-1.434030970923898,2.1105367651379057,2.805876665948676,1.472668883847717,0.3939924992357504,0.9355191857649894,-2.080737249511732,-0.3102305071637261
12.0,41.0,1006.14501953125,-3.459223405333072,-4.657695884618309,-1.4358699004539106,2.5569171397410115,2.805876665948676,1.7557349883122535,0.2519872663141785,1.2621273835330171,-2.270226863132095,-0.2968928649276069
12.0,41.0,1006.24462890625,-3.459158358259345,-4.657695884618309,-1.4358292943802875,2.111511143634232,2.805876665948676,1.4779540217770477,0.3939907399215225,0.9355191857649894,-2.080643928166832,-0.3104299951037566
12.0,41.0,1006.2539672851562,-3.457405712184861,-4.657695884618309,-1.434030970923898,2.128698521867596,2.8150557551081707,1.472668883847717,0.3939746088122239,0.9355191857649894,-2.085349190393268,-0.3102208812810427
12.0,41.0,1006.2561645507812,-3.40762827740179,-4.657695884618309,-1.434030970923898,2.1268478937688724,2.805876665948676,1.472668883847717,0.3939916245933882,0.9355191857649894,-2.083176013629371,-0.2844416525709332
12.0,41.0,1006.25634765625,-3.40762827740179,-4.657695884618309,-1.434030970923898,2.1268478937688724,2.805876665948676,1.472668883847717,0.3939736978188367,0.9355191857649894,-2.083176013629371,-0.2844416525709332
12.0,41.0,1006.2630615234376,-3.4066905253401174,-4.66158545686972,-1.434030970923898,2.141009992368526,2.805876665948676,1.472668883847717,0.3939910028751291,0.9355191857649894,-2.083312827640542,-0.286290251296376
12.0,41.0,1006.2805786132812,-3.460059190383084,-4.657695884618309,-1.434030970923898,2.12689115590102,2.805876665948676,1.472668883847717,0.3939907425235551,0.9355191857649894,-2.083241336482375,-0.3106769065481088
12.0,41.0,1006.281005859375,-3.46080434694526,-4.657695884618309,-1.434030970923898,2.127590329394799,2.805876665948676,1.472668883847717,0.3939907150089862,0.9355191857649894,-2.083176013629371,-0.3113203519525043
12.0,41.0,1006.2819213867188,-3.459141676968553,-4.657695884618309,-1.434030970923898,2.1268478937688724,2.805876665948676,1.472668883847717,0.3939752356431402,0.9355191857649894,-2.083176013629371,-0.3113207612303411
12.0,41.0,1006.2889404296876,-3.459141676968553,-4.657695884618309,-1.434030970923898,2.1268478937688724,2.805876665948676,1.472668883847717,0.3939746536578474,0.9355191857649894,-2.080643928166832,-0.3113207612303411
12.0,41.0,1006.31005859375,-3.459141676968553,-4.657695884618309,-1.434030970923898,2.129118758778271,2.8091271801217483,1.472668883847717,0.3939751654794004,0.9355191857649894,-2.080643928166832,-0.3104551867824364
12.0,41.0,1006.31103515625,-3.405617143219298,-4.657695884618309,-1.434030970923898,2.127001795780351,2.805876665948676,1.472668883847717,0.3939907766739179,0.9355191857649894,-2.080876114711641,-0.2861623357847065
12.0,41.0,1006.3211669921876,-3.404733115014986,-4.657695884618309,-1.434030970923898,2.1288414679455028,2.805876665948676,1.472668883847717,0.3939911652599442,0.9355191857649894,-2.0805720630233155,-0.2863189749167013
12.0,41.0,1006.3359985351562,-3.459141676968553,-4.657695884618309,-1.434030970923898,2.1288414679455028,2.805876665948676,1.472668883847717,0.3939757121795817,0.9355191857649894,-2.080643928166832,-0.3106728584689964
12.0,41.0,1006.3367309570312,-3.459141676968553,-4.657695884618309,-1.434030970923898,2.128777325703298,2.805876665948676,1.472668883847717,0.3939751654794004,0.9355191857649894,-2.080643928166832,-0.3104558047958056
12.0,41.0,1006.3367309570312,-3.459141676968553,-4.657695884618309,-1.434030970923898,2.128777325703298,2.805876665948676,1.472668883847717,0.3939751654794004,0.9355191857649894,-2.080643928166832,-0.3104558047958056
12.0,41.0,1006.3367919921876,-3.459141676968553,-4.657695884618309,-1.434030970923898,2.128777325703298,2.805876665948676,1.472668883847717,0.3939749119284183,0.9355191857649894,-2.080643928166832,-0.3104558047958056
12.0,41.0,1006.3380737304688,-3.459141676968553,-4.657695884618309,-1.434030970923898,2.1288414679455028,2.805876665948676,1.472668883847717,0.3939751654794004,0.9355191857649894,-2.080643928166832,-0.3104558047958056
12.0,41.0,1006.3421020507812,-3.459141676968553,-4.657695884618309,-1.4338322143739044,2.128777325703298,2.805876665948676,1.472668883847717,0.3954681370429312,0.9355191857649894,-2.086568310147668,-0.3104558047958056
12.0,41.0,1006.3421020507812,-3.459109597406018,-4.657695884618309,-1.4340139279946114,2.128777325703298,2.805876665948676,1.472668883847717,0.3954579855639642,0.9355191857649894,-2.0866237614649736,-0.3105064203057122
12.0,41.0,1006.343994140625,-3.459141676968553,-4.657695884618309,-1.434030970923898,2.129118758778271,2.805876665948676,1.472668883847717,0.3939751654794004,0.9355191857649894,-2.080643928166832,-0.3104551955013865
12.0,41.0,1006.3502197265624,-3.459141676968553,-4.657695884618309,-1.434030970923898,2.129407074115609,2.805876665948676,1.472668883847717,0.3939923946043479,0.9355191857649894,-2.0806469282000264,-0.3104558047958056
12.0,41.0,1006.3679809570312,-3.406425698270513,-4.657695884618309,-1.434030970923898,2.142623778720113,2.805876665948676,1.480443890044226,0.3939910114205455,0.9355191857649894,-2.083284482610583,-0.2857970291646839
12.0,41.0,1006.373291015625,-3.406887727455715,-4.657695884618309,-1.489729739363412,2.141009992368526,2.805876665948676,1.4752076331705033,0.3948917426433916,0.9355191857649894,-2.0865243590589446,-0.2862481718978246
12.0,41.0,1006.4058837890624,-3.459150396946784,-4.657695884618309,-1.4333367011417322,2.551268185285325,2.805876665948676,1.7608418280602498,0.3513273291128329,0.9355191857649894,-2.0865001674143566,-0.3765349179831447
12.0,41.0,1006.414794921875,-3.405567722007261,-4.657695884618309,-1.434030970923898,2.141009992368526,2.805876665948676,1.472668883847717,0.3939907492528668,0.9355191857649894,-2.0832406509368617,-0.2861623357847065
12.0,41.0,1006.43310546875,-3.4066905253401174,-4.657695884618309,-1.434030970923898,2.141009992368526,2.805876665948676,1.472668883847717,0.3939910028751291,0.9355191857649894,-2.083312827640542,-0.286290251296376
12.0,41.0,1006.43310546875,-3.4066905253401174,-4.657695884618309,-1.434030970923898,2.141009992368526,2.805876665948676,1.472668883847717,0.3939910028751291,0.9355191857649894,-2.083312827640542,-0.286290251296376
12.0,41.0,1006.43310546875,-3.4066905253401174,-4.657695884618309,-1.434030970923898,2.141009992368526,2.805876665948676,1.472668883847717,0.3939910028751291,0.9355191857649894,-2.083312827640542,-0.286290251296376
12.0,41.0,1006.43310546875,-3.4066905253401174,-4.657695884618309,-1.434030970923898,2.141009992368526,2.805876665948676,1.472668883847717,0.3939910028751291,0.9355191857649894,-2.083312827640542,-0.286290251296376
12.0,41.0,1006.4354858398438,-3.406887727455715,-4.657695884618309,-1.434030970923898,2.141009992368526,2.805876665948676,1.472668883847717,0.3939909904666617,0.9355191857649894,-2.08328379706507,-0.286245698673168
12.0,41.0,1006.4356079101562,-3.406887727455715,-4.657695884618309,-1.434030970923898,2.141009992368526,2.805876665948676,1.472668883847717,0.3939909904666617,0.9355191857649894,-2.08328379706507,-0.2862481718978246
12.0,41.0,1006.4370727539062,-3.4069229364688765,-4.657695884618309,-1.434030970923898,2.141009992368526,2.805876665948676,1.472668883847717,0.3939909933799683,0.9355191857649894,-2.0832406509368617,-0.2862481718978246
12.0,41.0,1006.4370727539062,-3.4069229364688765,-4.657695884618309,-1.434030970923898,2.141009992368526,2.805876665948676,1.472668883847717,0.3939909933799683,0.9355191857649894,-2.0832406509368617,-0.2862481718978246
12.0,41.0,1006.4370727539062,-3.4069229364688765,-4.657695884618309,-1.434030970923898,2.141009992368526,2.805876665948676,1.472668883847717,0.3939909933799683,0.9355191857649894,-2.0832406509368617,-0.2862481718978246
12.0,41.0,1006.4723510742188,-3.4055977540639235,-4.657695884618309,-1.434030970923898,2.141009992368526,2.805876665948676,1.472668883847717,0.3939910099911844,0.9355191857649894,-2.0808687394200613,-0.2860719321641036
12.0,42.0,1005.419921875,-3.45915801205161,-4.657695884618309,-1.4358699004539106,2.1334699404495807,2.805876665948676,1.7767492865451813,0.264875829504364,1.3490718322047774,-2.270226863132095,-0.2968928649276069
12.0,42.0,1005.5860595703124,-3.45915801205161,-4.657695884618309,-1.4358699004539106,2.1334699404495807,2.805876665948676,1.7767492865451813,0.264875829504364,1.3649311253773957,-2.270226863132095,-0.2968928649276069
12.0,42.0,1005.6446533203124,-3.4591537108884696,-4.657695884618309,-1.4358699004539106,2.1334699404495807,2.805876665948676,1.776326167881951,0.2658055114660163,1.3656567955228398,-2.270226863132095,-0.2968928649276069
12.0,42.0,1005.8504638671876,-3.45915801205161,-4.657695884618309,-1.4358699004539106,2.5569171397410115,2.805876665948676,1.7767492865451813,0.2678329631303213,1.2621273835330171,-2.270226863132095,-0.2968928649276069
12.0,42.0,1005.9682006835938,-3.405506466290968,-4.657695884618309,-1.4544207210182942,2.127001795780351,2.805876665948676,1.472668883847717,0.3939907766739179,0.9355191857649894,-2.083223359429878,-0.2861623357847065
12.0,42.0,1006.0339965820312,-3.405617143219298,-4.657695884618309,-1.4544207210182942,2.127001795780351,2.805876665948676,1.472668883847717,0.3939907766739179,0.9355191857649894,-2.080876114711641,-0.2861623357847065
12.0,42.0,1006.0339965820312,-3.405617143219298,-4.657695884618309,-1.4544207210182942,2.127001795780351,2.805876665948676,1.472668883847717,0.3939907766739179,0.9355191857649894,-2.080876114711641,-0.2861623357847065
12.0,42.0,1006.0413208007812,-3.460601867900707,-4.657695884618309,-1.434030970923898,2.11004552338752,2.805876665948676,1.4690177610766255,0.393990746807929,0.9355191857649894,-2.083284482610583,-0.3106989492036211
12.0,42.0,1006.0455322265624,-3.459141677295368,-4.657695884618309,-1.4337154381638408,2.110048817971104,2.805876665948676,1.4689868240136443,0.3939907399215225,0.9355191857649894,-2.0803442457514043,-0.3104299951037566
12.0,42.0,1006.0455322265624,-3.459141677295368,-4.657695884618309,-1.4337154381638408,2.110048817971104,2.805876665948676,1.4689868240136443,0.3939909934725046,0.9355191857649894,-2.0803442457514043,-0.3104299951037566
12.0,42.0,1006.0455322265624,-3.459141677295368,-4.657695884618309,-1.4337154381638408,2.110048817971104,2.805876665948676,1.4689868240136443,0.3939907399215225,0.9355191857649894,-2.0803442457514043,-0.3104299951037566
12.0,42.0,1006.0490112304688,-3.462838048587767,-4.657695884618309,-1.4337154381638408,2.110048817971104,2.805876665948676,1.4690501091739407,0.3939909934729365,0.9355191857649894,-2.0803442457514043,-0.3096540290731073
12.0,42.0,1006.0577392578124,-3.463113002314905,-4.657695884618309,-1.4337154381638408,2.110048817971104,2.805876665948676,1.469246421580462,0.3939907326512942,0.9355191857649894,-2.0831303588469563,-0.3096557177879862
12.0,42.0,1006.0986328125,-3.460637076913869,-4.657695884618309,-1.434030970923898,2.1105367651379057,2.805876665948676,1.472668883847717,0.3939901605382623,0.9355191857649894,-2.080709251019836,-0.3106769065481088
12.0,42.0,1006.0988159179688,-3.460601867900707,-4.657695884618309,-1.434030970923898,2.1105367651379057,2.805876665948676,1.472668883847717,0.3939924878945328,0.9355191857649894,-2.0806838693422525,-0.3106769065481088
12.0,42.0,1006.1064453125,-3.462838048587767,-4.657695884618309,-1.4337154381638408,2.11054005972149,2.805876665948676,1.4727012319450326,0.3939909862752561,0.9355191857649894,-2.0803442457514043,-0.309631986417595
12.0,42.0,1006.1099243164062,-3.460637076913869,-4.657695884618309,-1.434030970923898,2.1105367651379057,2.805876665948676,1.472668883847717,0.3939907425235551,0.9355191857649894,-2.083241336482375,-0.3106769065481088
12.0,42.0,1006.1104125976562,-3.460601867900707,-4.657695884618309,-1.434030970923898,2.1105367651379057,2.805876665948676,1.472668883847717,0.3939907396102485,0.9355191857649894,-2.083284482610583,-0.3106769065481088
12.0,42.0,1006.1104125976562,-3.460601867900707,-4.657695884618309,-1.434030970923898,2.1105367651379057,2.805876665948676,1.472668883847717,0.3939907396102485,0.9355191857649894,-2.083284482610583,-0.3106769065481088
12.0,42.0,1006.1144409179688,-3.459141677295368,-4.657695884618309,-1.434030970923898,2.111511143634232,2.805876665948676,1.472668883847717,0.3939907399215225,0.9355191857649894,-2.080643928166832,-0.3104299951037566
12.0,42.0,1006.1204223632812,-3.460811458664901,-4.657695884618309,-1.434030970923898,2.1105367651379057,2.805876665948676,1.472668883847717,0.3939901605382623,0.9355191857649894,-2.0856686652672605,-0.3113113442012679
12.0,42.0,1006.12548828125,-3.4574146942142523,-4.657695884618309,-1.434030970923898,2.1105367651379057,2.805876665948676,1.472668883847717,0.3939924992357504,0.9355191857649894,-2.080737249511732,-0.3102305071637261
12.0,42.0,1006.14501953125,-3.459223405333072,-4.657695884618309,-1.4358699004539106,2.5569171397410115,2.805876665948676,1.7557349883122535,0.2519872663141785,1.2621273835330171,-2.270226863132095,-0.2968928649276069
12.0,42.0,1006.1969604492188,-3.4037052075417304,-4.657695884618309,-1.434030970923898,2.1268478937688724,2.805876665948676,1.472668883847717,0.3939757185664627,0.9355191857649894,-2.083015322884926,-0.2844416525709332
12.0,42.0,1006.2443237304688,-3.459141684779133,-4.657695884618309,-1.4358292943802875,2.1114570691221983,2.805876665948676,1.4779540217770477,0.3939907399215225,0.9355191857649894,-2.080643928166832,-0.3104299951037566
12.0,42.0,1006.24462890625,-3.459158358259345,-4.657695884618309,-1.4358292943802875,2.111511143634232,2.805876665948676,1.4779540217770477,0.3939907399215225,0.9355191857649894,-2.080643928166832,-0.3104299951037566
12.0,42.0,1006.2539672851562,-3.457405712184861,-4.657695884618309,-1.434030970923898,2.128698521867596,2.8150557551081707,1.472668883847717,0.3939746088122239,0.9355191857649894,-2.085349190393268,-0.3102208812810427
12.0,42.0,1006.2561645507812,-3.40762827740179,-4.657695884618309,-1.434030970923898,2.1268478937688724,2.805876665948676,1.472668883847717,0.3939916245933882,0.9355191857649894,-2.083176013629371,-0.2844416525709332
12.0,42.0,1006.25634765625,-3.40762827740179,-4.657695884618309,-1.434030970923898,2.1268478937688724,2.805876665948676,1.472668883847717,0.3939736978188367,0.9355191857649894,-2.083176013629371,-0.2844416525709332
12.0,42.0,1006.2630615234376,-3.4066905253401174,-4.66158545686972,-1.434030970923898,2.141009992368526,2.805876665948676,1.472668883847717,0.3939910028751291,0.9355191857649894,-2.083312827640542,-0.286290251296376
12.0,42.0,1006.280517578125,-3.460059190383084,-4.657695884618309,-1.434030970923898,2.12689115590102,2.805876665948676,1.472668883847717,0.3939907425235551,0.9355191857649894,-2.083251424580673,-0.3106769065481088
12.0,42.0,1006.2805786132812,-3.460059190383084,-4.657695884618309,-1.434030970923898,2.12689115590102,2.805876665948676,1.472668883847717,0.3939907425235551,0.9355191857649894,-2.083241336482375,-0.3106769065481088
12.0,42.0,1006.281005859375,-3.46080434694526,-4.657695884618309,-1.434030970923898,2.127590329394799,2.805876665948676,1.472668883847717,0.3939907150089862,0.9355191857649894,-2.083176013629371,-0.3113203519525043
12.0,42.0,1006.2819213867188,-3.459141676968553,-4.657695884618309,-1.434030970923898,2.1268478937688724,2.805876665948676,1.472668883847717,0.3939752356431402,0.9355191857649894,-2.083176013629371,-0.3113207612303411
12.0,42.0,1006.284912109375,-3.459784236655946,-4.657695884618309,-1.434030970923898,2.12689115590102,2.805876665948676,1.472472571441196,0.3939910033451973,0.9355191857649894,-2.0804552233868225,-0.3106752178332299
12.0,42.0,1006.2889404296876,-3.459141676968553,-4.657695884618309,-1.434030970923898,2.1268478937688724,2.805876665948676,1.472668883847717,0.3939746536578474,0.9355191857649894,-2.080643928166832,-0.3113207612303411
12.0,42.0,1006.2980346679688,-3.463064746828613,-4.657695884618309,-1.434030970923898,2.1288414679455028,2.805876665948676,1.472668883847717,0.3939736914319557,0.9355191857649894,-2.080804618911276,-0.3106728584689964
12.0,42.0,1006.3046875,-3.459141676968553,-4.657695884618309,-1.434030970923898,2.127615072567559,2.805876665948676,1.472668883847717,0.393990541980607,0.9355191857649894,-2.080580602322251,-0.3113207612303411
12.0,42.0,1006.3084106445312,-3.4106954336403,-4.657695884618309,-1.434030970923898,2.1268478937688724,2.805876665948676,1.472668883847717,0.3939736978188367,0.9355191857649894,-2.083176013629371,-0.2844416525709332
12.0,42.0,1006.31005859375,-3.459141676968553,-4.657695884618309,-1.434030970923898,2.129118758778271,2.8091271801217483,1.472668883847717,0.3939751654794004,0.9355191857649894,-2.080643928166832,-0.3104551867824364
12.0,42.0,1006.31103515625,-3.405617143219298,-4.657695884618309,-1.434030970923898,2.127001795780351,2.805876665948676,1.472668883847717,0.3939907766739179,0.9355191857649894,-2.080876114711641,-0.2861623357847065
12.0,42.0,1006.3211669921876,-3.404733115014986,-4.657695884618309,-1.434030970923898,2.1288414679455028,2.805876665948676,1.472668883847717,0.3939911652599442,0.9355191857649894,-2.0805720630233155,-0.2863189749167013
12.0,42.0,1006.3359985351562,-3.459141676968553,-4.657695884618309,-1.434030970923898,2.1288414679455028,2.805876665948676,1.472668883847717,0.3939757121795817,0.9355191857649894,-2.080643928166832,-0.3106728584689964
12.0,42.0,1006.3367309570312,-3.459141676968553,-4.657695884618309,-1.434030970923898,2.128777325703298,2.805876665948676,1.472668883847717,0.3939751654794004,0.9355191857649894,-2.080643928166832,-0.3104558047958056
12.0,42.0,1006.3367309570312,-3.459141676968553,-4.657695884618309,-1.434030970923898,2.128777325703298,2.805876665948676,1.472668883847717,0.3939751654794004,0.9355191857649894,-2.080643928166832,-0.3104558047958056
12.0,42.0,1006.3367309570312,-3.459141676968553,-4.657695884618309,-1.434030970923898,2.1287773275209347,2.805876665948676,1.472668883847717,0.3939751654794004,0.9355191857649894,-2.080643928166832,-0.3104558047958056
12.0,42.0,1006.3367919921876,-3.459141676968553,-4.657695884618309,-1.434030970923898,2.128777325703298,2.805876665948676,1.472668883847717,0.3939749119284183,0.9355191857649894,-2.080643928166832,-0.3104558047958056
12.0,42.0,1006.3380737304688,-3.459141676968553,-4.657695884618309,-1.434030970923898,2.1288414679455028,2.805876665948676,1.472668883847717,0.3939751654794004,0.9355191857649894,-2.080643928166832,-0.3104558047958056
12.0,42.0,1006.3380737304688,-3.459141676968553,-4.657695884618309,-1.434030970923898,2.128841466127866,2.805876665948676,1.472668883847717,0.3939751654794004,0.9355191857649894,-2.080643928166832,-0.3104558047958056
12.0,42.0,1006.3421020507812,-3.459141676968553,-4.657695884618309,-1.4338322143739044,2.128777325703298,2.805876665948676,1.472668883847717,0.3954681370429312,0.9355191857649894,-2.086568310147668,-0.3104558047958056
12.0,43.0,1005.419921875,-3.45915801205161,-4.657695884618309,-1.4358699004539106,2.1334699404495807,2.805876665948676,1.7767492865451813,0.264875829504364,1.3490718322047774,-2.270226863132095,-0.2968928649276069
12.0,43.0,1005.5860595703124,-3.45915801205161,-4.657695884618309,-1.4358699004539106,2.1334699404495807,2.805876665948676,1.7767492865451813,0.264875829504364,1.3649311253773957,-2.270226863132095,-0.2968928649276069
12.0,43.0,1005.5860595703124,-3.459158049625861,-4.657695884618309,-1.4358699004539106,2.1334699404495807,2.805876665948676,1.7767492865451813,0.264875829504364,1.3649344898879523,-2.270226863132095,-0.2968928649276069
12.0,43.0,1005.6446533203124,-3.4591537108884696,-4.657695884618309,-1.4358699004539106,2.1334699404495807,2.805876665948676,1.776326167881951,0.2658055114660163,1.3656567955228398,-2.270226863132095,-0.2968928649276069
12.0,43.0,1005.8504638671876,-3.45915801205161,-4.657695884618309,-1.4358699004539106,2.5569171397410115,2.805876665948676,1.7767492865451813,0.2678329631303213,1.2621273835330171,-2.270226863132095,-0.2968928649276069
12.0,43.0,1005.9682006835938,-3.405506466290968,-4.657695884618309,-1.4544207210182942,2.127001795780351,2.805876665948676,1.472668883847717,0.3939907766739179,0.9355191857649894,-2.083223359429878,-0.2861623357847065
12.0,43.0,1006.0339965820312,-3.405617143219298,-4.657695884618309,-1.4544207210182942,2.127001795780351,2.805876665948676,1.472668883847717,0.3939907766739179,0.9355191857649894,-2.080876114711641,-0.2861623357847065
12.0,43.0,1006.0339965820312,-3.405617143219298,-4.657695884618309,-1.4544207210182942,2.127001795780351,2.805876665948676,1.472668883847717,0.3939907766739179,0.9355191857649894,-2.080876114711641,-0.2861623357847065
12.0,43.0,1006.03857421875,-3.461300526796382,-4.657695884618309,-1.4337154381638408,2.110653358511598,2.805876665948676,1.4689868240136443,0.3939907915475705,0.9355191857649894,-2.0803442457514043,-0.3104299951037566
12.0,43.0,1006.0403442382812,-3.459141677295368,-4.657695884618309,-1.4340369264279795,2.110142477835404,2.805876665948676,1.468982279051259,0.3939907399215225,0.9355191857649894,-2.0803442457514043,-0.3106634376215615
12.0,43.0,1006.0413208007812,-3.460601867900707,-4.657695884618309,-1.434030970923898,2.11004552338752,2.805876665948676,1.4690177610766255,0.393990746807929,0.9355191857649894,-2.083284482610583,-0.3106989492036211
12.0,43.0,1006.0455322265624,-3.459141677295368,-4.657695884618309,-1.4337154381638408,2.110048817971104,2.805876665948676,1.4689868240136443,0.3939907399215225,0.9355191857649894,-2.0803442457514043,-0.3104299951037566
12.0,43.0,1006.0455322265624,-3.459141677295368,-4.657695884618309,-1.4337154381638408,2.110048817971104,2.805876665948676,1.4689868240136443,0.3939909934725046,0.9355191857649894,-2.0803442457514043,-0.3104299951037566
12.0,43.0,1006.0455322265624,-3.459141677295368,-4.657695884618309,-1.4337154381638408,2.110048817971104,2.805876665948676,1.4689868240136443,0.3939907399215225,0.9355191857649894,-2.0803442457514043,-0.3104299951037566
12.0,43.0,1006.0455932617188,-3.459141677295368,-4.657695884618309,-1.4337154381638408,2.1100640976773213,2.805876665948676,1.4689868240136443,0.3939907399215225,0.9355191857649894,-2.0803442457514043,-0.3104299951037566
12.0,43.0,1006.0490112304688,-3.462838048587767,-4.657695884618309,-1.4337154381638408,2.110048817971104,2.805876665948676,1.4690501091739407,0.3939909934729365,0.9355191857649894,-2.0803442457514043,-0.3096540290731073
12.0,43.0,1006.0490112304688,-3.462838048587767,-4.657695884618309,-1.4337154381638408,2.110048817971104,2.805876665948676,1.4690501091739407,0.3939909862212684,0.9355191857649894,-2.0803442457514043,-0.3096537451769194
12.0,43.0,1006.0577392578124,-3.463113002314905,-4.657695884618309,-1.4337154381638408,2.110048817971104,2.805876665948676,1.469246421580462,0.3939907326512942,0.9355191857649894,-2.0831303588469563,-0.3096557177879862
12.0,43.0,1006.0986328125,-3.460637076913869,-4.657695884618309,-1.434030970923898,2.1105367651379057,2.805876665948676,1.472668883847717,0.3939901605382623,0.9355191857649894,-2.080709251019836,-0.3106769065481088
12.0,43.0,1006.0988159179688,-3.460601867900707,-4.657695884618309,-1.434030970923898,2.1105367651379057,2.805876665948676,1.472668883847717,0.3939924878945328,0.9355191857649894,-2.0806838693422525,-0.3106769065481088
12.0,43.0,1006.1064453125,-3.462838048587767,-4.657695884618309,-1.4337154381638408,2.11054005972149,2.805876665948676,1.4727012319450326,0.3939909862752561,0.9355191857649894,-2.0803442457514043,-0.309631986417595
12.0,43.0,1006.1064453125,-3.462838048587767,-4.657695884618309,-1.4337154381638408,2.11054005972149,2.805876665948676,1.4727012319450326,0.3939909935269242,0.9355191857649894,-2.0803442457514043,-0.3096322703137828
12.0,43.0,1006.1099243164062,-3.460637076913869,-4.657695884618309,-1.434030970923898,2.1105367651379057,2.805876665948676,1.472668883847717,0.3939907425235551,0.9355191857649894,-2.083241336482375,-0.3106769065481088
12.0,43.0,1006.1104125976562,-3.460601867900707,-4.657695884618309,-1.434030970923898,2.1105367651379057,2.805876665948676,1.472668883847717,0.3939907396102485,0.9355191857649894,-2.083284482610583,-0.3106769065481088
12.0,43.0,1006.1104125976562,-3.460601867900707,-4.657695884618309,-1.434030970923898,2.1105367651379057,2.805876665948676,1.472668883847717,0.3939907396102485,0.9355191857649894,-2.083284482610583,-0.3106769065481088
12.0,43.0,1006.1104125976562,-3.460601867900707,-4.657695884618309,-1.434030970923898,2.1105367651379057,2.805876665948676,1.472668883847717,0.3939907396102485,0.9355191857649894,-2.083284482610583,-0.3106769065481088
12.0,43.0,1006.1144409179688,-3.459141677295368,-4.657695884618309,-1.434030970923898,2.111511143634232,2.805876665948676,1.472668883847717,0.3939907399215225,0.9355191857649894,-2.080643928166832,-0.3104299951037566
12.0,43.0,1006.1204223632812,-3.460811458664901,-4.657695884618309,-1.434030970923898,2.1105367651379057,2.805876665948676,1.472668883847717,0.3939901605382623,0.9355191857649894,-2.0856686652672605,-0.3113113442012679
12.0,43.0,1006.1204223632812,-3.460811458664901,-4.657695884618309,-1.434030970923898,2.1105214854316885,2.805876665948676,1.472668883847717,0.3939901605382623,0.9355191857649894,-2.0856686652672605,-0.3113113442012679
12.0,43.0,1006.12548828125,-3.4574146942142523,-4.657695884618309,-1.434030970923898,2.1105367651379057,2.805876665948676,1.472668883847717,0.3939924992357504,0.9355191857649894,-2.080737249511732,-0.3102305071637261
12.0,43.0,1006.14501953125,-3.459223405333072,-4.657695884618309,-1.4358699004539106,2.5569171397410115,2.805876665948676,1.7557349883122535,0.2519872663141785,1.2621273835330171,-2.270226863132095,-0.2968928649276069
12.0,43.0,1006.1456909179688,-3.460637076913869,-4.657695884618309,-1.4358797135374417,2.1105367651379057,2.805876665948676,1.472668883847717,0.3939901605382623,0.9355191857649894,-2.07187069838749,-0.3106769065481088
12.0,43.0,1006.1488037109376,-3.457405712184861,-4.657695884618309,-1.434030970923898,2.1104608036532166,2.805633655892949,1.472668883847717,0.3939745480758166,0.9355191857649894,-2.085437005775213,-0.3106446008419015
12.0,43.0,1006.1656494140624,-3.4606267325824347,-4.657695884618309,-1.434030970923898,2.12689115590102,2.805876665948676,1.4690277548988278,0.3939907465159125,0.9355191857649894,-2.0832837284094623,-0.3106769065481088
12.0,43.0,1006.1969604492188,-3.4037052075417304,-4.657695884618309,-1.434030970923898,2.1268478937688724,2.805876665948676,1.472668883847717,0.3939757185664627,0.9355191857649894,-2.083015322884926,-0.2844416525709332
12.0,43.0,1006.2212524414062,-3.4077172010418173,-4.657695884618309,-1.434030970923898,2.1273344354609782,2.805876665948676,1.472668883847717,0.3939901605382623,0.9355191857649894,-2.0856686652672605,-0.2849722858772361
12.0,43.0,1006.2339477539062,-3.460637076913869,-4.657695884618309,-1.434030970923898,2.1287744833522853,2.815298765163898,1.472668883847717,0.3939902212746695,0.9355191857649894,-2.08062143563789,-0.3102531869872499
12.0,43.0,1006.2443237304688,-3.459141684779133,-4.657695884618309,-1.4358292943802875,2.1114570691221983,2.805876665948676,1.4779540217770477,0.3939907399215225,0.9355191857649894,-2.080643928166832,-0.3104299951037566
12.0,43.0,1006.2443237304688,-3.459141684779133,-4.657695884618309,-1.4358292943802875,2.1114570691221983,2.805876665948676,1.4779540217770477,0.3939907399215225,0.9355191857649894,-2.080643928166832,-0.3104299951037566
12.0,43.0,1006.24462890625,-3.459158358259345,-4.657695884618309,-1.4358292943802875,2.111511143634232,2.805876665948676,1.4779540217770477,0.3939907399215225,0.9355191857649894,-2.080643928166832,-0.3104299951037566
12.0,43.0,1006.2539672851562,-3.457405712184861,-4.657695884618309,-1.434030970923898,2.128698521867596,2.8150557551081707,1.472668883847717,0.3939746088122239,0.9355191857649894,-2.085349190393268,-0.3102208812810427
12.0,43.0,1006.2561645507812,-3.40762827740179,-4.657695884618309,-1.434030970923898,2.1268478937688724,2.805876665948676,1.472668883847717,0.3939916245933882,0.9355191857649894,-2.083176013629371,-0.2844416525709332
12.0,43.0,1006.25634765625,-3.40762827740179,-4.657695884618309,-1.434030970923898,2.1268478937688724,2.805876665948676,1.472668883847717,0.3939736978188367,0.9355191857649894,-2.083176013629371,-0.2844416525709332
12.0,43.0,1006.2630615234376,-3.4066905253401174,-4.66158545686972,-1.434030970923898,2.141009992368526,2.805876665948676,1.472668883847717,0.3939910028751291,0.9355191857649894,-2.083312827640542,-0.286290251296376
12.0,43.0,1006.280517578125,-3.460059190383084,-4.657695884618309,-1.434030970923898,2.12689115590102,2.805876665948676,1.472668883847717,0.3939907425235551,0.9355191857649894,-2.083251424580673,-0.3106769065481088
12.0,43.0,1006.2805786132812,-3.460059190383084,-4.657695884618309,-1.434030970923898,2.12689115590102,2.805876665948676,1.472668883847717,0.3939907425235551,0.9355191857649894,-2.083241336482375,-0.3106769065481088
12.0,43.0,1006.281005859375,-3.46080434694526,-4.657695884618309,-1.434030970923898,2.127590329394799,2.805876665948676,1.472668883847717,0.3939907150089862,0.9355191857649894,-2.083176013629371,-0.3113203519525043
12.0,43.0,1006.2819213867188,-3.459141676968553,-4.657695884618309,-1.434030970923898,2.1268478937688724,2.805876665948676,1.472668883847717,0.3939752356431402,0.9355191857649894,-2.083176013629371,-0.3113207612303411
12.0,43.0,1006.284912109375,-3.459784236655946,-4.657695884618309,-1.434030970923898,2.12689115590102,2.805876665948676,1.472472571441196,0.3939910033451973,0.9355191857649894,-2.0804552233868225,-0.3106752178332299
12.0,43.0,1006.2889404296876,-3.459141676968553,-4.657695884618309,-1.434030970923898,2.1268478937688724,2.805876665948676,1.472668883847717,0.3939746536578474,0.9355191857649894,-2.080643928166832,-0.3113207612303411
12.0,44.0,1005.419921875,-3.45915801205161,-4.657695884618309,-1.4358699004539106,2.1334699404495807,2.805876665948676,1.7767492865451813,0.264875829504364,1.3490718322047774,-2.270226863132095,-0.2968928649276069
12.0,44.0,1005.4793090820312,-3.45915801205161,-4.657695884618309,-1.4358699004539106,2.1334699404495807,2.805876665948676,1.7767492865451813,0.264875829504364,1.3649311253773957,-2.2754141646532737,-0.2968928649276069
12.0,44.0,1005.5860595703124,-3.45915801205161,-4.657695884618309,-1.4358699004539106,2.1334699404495807,2.805876665948676,1.7767492865451813,0.264875829504364,1.3649311253773957,-2.270226863132095,-0.2968928649276069
12.0,44.0,1005.5860595703124,-3.459158049625861,-4.657695884618309,-1.4358699004539106,2.1334699404495807,2.805876665948676,1.7767492865451813,0.264875829504364,1.3649344898879523,-2.270226863132095,-0.2968928649276069
12.0,44.0,1005.6446533203124,-3.4591537108884696,-4.657695884618309,-1.4358699004539106,2.1334699404495807,2.805876665948676,1.776326167881951,0.2658055114660163,1.3656567955228398,-2.270226863132095,-0.2968928649276069
12.0,44.0,1005.8504638671876,-3.45915801205161,-4.657695884618309,-1.4358699004539106,2.5569171397410115,2.805876665948676,1.7767492865451813,0.2678329631303213,1.2621273835330171,-2.270226863132095,-0.2968928649276069
12.0,44.0,1005.9682006835938,-3.405506466290968,-4.657695884618309,-1.4544207210182942,2.127001795780351,2.805876665948676,1.472668883847717,0.3939907766739179,0.9355191857649894,-2.083223359429878,-0.2861623357847065
12.0,44.0,1006.0333862304688,-3.462475851068379,-4.657695884618309,-1.434028041122925,2.111511143634232,2.805876665948676,1.4688547212547898,0.3939907399215225,0.9355191857649894,-2.0806450258636024,-0.3104299951037566
12.0,44.0,1006.0339965820312,-3.405617143219298,-4.657695884618309,-1.4544207210182942,2.127001795780351,2.805876665948676,1.472668883847717,0.3939907766739179,0.9355191857649894,-2.080876114711641,-0.2861623357847065
12.0,44.0,1006.0339965820312,-3.405617143219298,-4.657695884618309,-1.4544207210182942,2.127001795780351,2.805876665948676,1.472668883847717,0.3939907766739179,0.9355191857649894,-2.080876114711641,-0.2861623357847065
12.0,44.0,1006.03857421875,-3.461300526796382,-4.657695884618309,-1.4337154381638408,2.110653358511598,2.805876665948676,1.4689868240136443,0.3939907915475705,0.9355191857649894,-2.0803442457514043,-0.3104299951037566
12.0,44.0,1006.0386352539062,-3.461300526796382,-4.657695884618309,-1.4337154381638408,2.1107082981391843,2.805876665948676,1.4689868240136443,0.3939907892504962,0.9355191857649894,-2.0803442457514043,-0.3104299951037566
12.0,44.0,1006.0403442382812,-3.459141677295368,-4.657695884618309,-1.4340369264279795,2.110142477835404,2.805876665948676,1.468982279051259,0.3939907399215225,0.9355191857649894,-2.0803442457514043,-0.3106634376215615
12.0,44.0,1006.0413208007812,-3.460601867900707,-4.657695884618309,-1.434030970923898,2.11004552338752,2.805876665948676,1.4690177610766255,0.393990746807929,0.9355191857649894,-2.083284482610583,-0.3106989492036211
12.0,44.0,1006.0455322265624,-3.459141677295368,-4.657695884618309,-1.4337154381638408,2.110048817971104,2.805876665948676,1.4689868240136443,0.3939907399215225,0.9355191857649894,-2.0803442457514043,-0.3104299951037566
12.0,44.0,1006.0455322265624,-3.459141677295368,-4.657695884618309,-1.4337154381638408,2.110048817971104,2.805876665948676,1.4689868240136443,0.3939909934725046,0.9355191857649894,-2.0803442457514043,-0.3104299951037566
12.0,44.0,1006.0455322265624,-3.459141677295368,-4.657695884618309,-1.4337154381638408,2.110048817971104,2.805876665948676,1.4689868240136443,0.3939907399215225,0.9355191857649894,-2.0803442457514043,-0.3104299951037566
12.0,44.0,1006.0455932617188,-3.459141677295368,-4.657695884618309,-1.4337154381638408,2.1100640976773213,2.805876665948676,1.4689868240136443,0.3939907399215225,0.9355191857649894,-2.0803442457514043,-0.3104299951037566
12.0,44.0,1006.0490112304688,-3.462838048587767,-4.657695884618309,-1.4337154381638408,2.110048817971104,2.805876665948676,1.4690501091739407,0.3939909934729365,0.9355191857649894,-2.0803442457514043,-0.3096540290731073
12.0,44.0,1006.0490112304688,-3.462838048587767,-4.657695884618309,-1.4337154381638408,2.110048817971104,2.805876665948676,1.4690501091739407,0.3939909862212684,0.9355191857649894,-2.0803442457514043,-0.3096537451769194
12.0,44.0,1006.0493774414062,-3.405506466290968,-4.657695884618309,-1.4544207210182942,2.127001795780351,2.805876665948676,1.472668883847717,0.3939907766739179,0.9355191857649894,-2.080683804002309,-0.2866170665975909
12.0,44.0,1006.0577392578124,-3.463113002314905,-4.657695884618309,-1.4337154381638408,2.110048817971104,2.805876665948676,1.469246421580462,0.3939907326512942,0.9355191857649894,-2.0831303588469563,-0.3096557177879862
12.0,44.0,1006.0986328125,-3.460637076913869,-4.657695884618309,-1.434030970923898,2.1105367651379057,2.805876665948676,1.472668883847717,0.3939901605382623,0.9355191857649894,-2.080709251019836,-0.3106769065481088
12.0,44.0,1006.0988159179688,-3.460601867900707,-4.657695884618309,-1.434030970923898,2.1105367651379057,2.805876665948676,1.472668883847717,0.3939924878945328,0.9355191857649894,-2.0806838693422525,-0.3106769065481088
12.0,44.0,1006.1064453125,-3.462838048587767,-4.657695884618309,-1.4337154381638408,2.11054005972149,2.805876665948676,1.4727012319450326,0.3939909862752561,0.9355191857649894,-2.0803442457514043,-0.309631986417595
12.0,44.0,1006.1064453125,-3.462838048587767,-4.657695884618309,-1.4337154381638408,2.11054005972149,2.805876665948676,1.4727012319450326,0.3939909935269242,0.9355191857649894,-2.0803442457514043,-0.3096322703137828
12.0,44.0,1006.1099243164062,-3.460637076913869,-4.657695884618309,-1.434030970923898,2.1105367651379057,2.805876665948676,1.472668883847717,0.3939907425235551,0.9355191857649894,-2.083241336482375,-0.3106769065481088
12.0,44.0,1006.1104125976562,-3.460601867900707,-4.657695884618309,-1.434030970923898,2.1105367651379057,2.805876665948676,1.472668883847717,0.3939907396102485,0.9355191857649894,-2.083284482610583,-0.3106769065481088
12.0,44.0,1006.1104125976562,-3.460601867900707,-4.657695884618309,-1.434030970923898,2.1105367651379057,2.805876665948676,1.472668883847717,0.3939907396102485,0.9355191857649894,-2.083284482610583,-0.3106769065481088
12.0,44.0,1006.1104125976562,-3.460601867900707,-4.657695884618309,-1.434030970923898,2.1105367651379057,2.805876665948676,1.472668883847717,0.3939907396102485,0.9355191857649894,-2.083284482610583,-0.3106769065481088
12.0,44.0,1006.1109619140624,-3.460618598052678,-4.657695884618309,-1.4337095763702412,2.110529611316882,2.805876665948676,1.472668883847717,0.3939907425235551,0.9355191857649894,-2.083241336482375,-0.3106769065481088
12.0,44.0,1006.1144409179688,-3.459141677295368,-4.657695884618309,-1.434030970923898,2.111511143634232,2.805876665948676,1.472668883847717,0.3939907399215225,0.9355191857649894,-2.080643928166832,-0.3104299951037566
12.0,44.0,1006.1174926757812,-3.460637076913869,-4.657695884618309,-1.434030970923898,2.1105367651379057,2.805876665948676,1.472668883847717,0.3939901605382623,0.9355191857649894,-2.083248806447404,-0.3102221757352244
12.0,44.0,1006.1204223632812,-3.460811458664901,-4.657695884618309,-1.434030970923898,2.1105367651379057,2.805876665948676,1.472668883847717,0.3939901605382623,0.9355191857649894,-2.0856686652672605,-0.3113113442012679
12.0,44.0,1006.1204223632812,-3.460811458664901,-4.657695884618309,-1.434030970923898,2.1105214854316885,2.805876665948676,1.472668883847717,0.3939901605382623,0.9355191857649894,-2.0856686652672605,-0.3113113442012679
12.0,44.0,1006.1251220703124,-3.4595038748147555,-4.657695884618309,-1.4337183679648142,2.110048817971104,2.805876665948676,1.4728642717668683,0.3939909862212684,0.9355191857649894,-2.080343148054633,-0.3096537451769194
12.0,44.0,1006.12548828125,-3.4574146942142523,-4.657695884618309,-1.434030970923898,2.1105367651379057,2.805876665948676,1.472668883847717,0.3939924992357504,0.9355191857649894,-2.080737249511732,-0.3102305071637261
12.0,44.0,1006.14501953125,-3.459223405333072,-4.657695884618309,-1.4358699004539106,2.5569171397410115,2.805876665948676,1.7557349883122535,0.2519872663141785,1.2621273835330171,-2.270226863132095,-0.2968928649276069
12.0,44.0,1006.1456909179688,-3.460637076913869,-4.657695884618309,-1.4358797135374417,2.1105367651379057,2.805876665948676,1.472668883847717,0.3939901605382623,0.9355191857649894,-2.07187069838749,-0.3106769065481088
12.0,44.0,1006.1456909179688,-3.460637076913869,-4.657695884618309,-1.4358797135374417,2.1105367651379057,2.805876665948676,1.472668883847717,0.3939901605382623,0.9355191857649894,-2.07187069838749,-0.3106769065481088
12.0,44.0,1006.1488037109376,-3.457405712184861,-4.657695884618309,-1.434030970923898,2.1104608036532166,2.805633655892949,1.472668883847717,0.3939745480758166,0.9355191857649894,-2.085437005775213,-0.3106446008419015
12.0,44.0,1006.1656494140624,-3.4606267325824347,-4.657695884618309,-1.434030970923898,2.12689115590102,2.805876665948676,1.4690277548988278,0.3939907465159125,0.9355191857649894,-2.0832837284094623,-0.3106769065481088
12.0,44.0,1006.1969604492188,-3.4037052075417304,-4.657695884618309,-1.434030970923898,2.1268478937688724,2.805876665948676,1.472668883847717,0.3939757185664627,0.9355191857649894,-2.083015322884926,-0.2844416525709332
12.0,44.0,1006.2212524414062,-3.4077172010418173,-4.657695884618309,-1.434030970923898,2.1273344354609782,2.805876665948676,1.472668883847717,0.3939901605382623,0.9355191857649894,-2.0856686652672605,-0.2849722858772361
12.0,44.0,1006.2339477539062,-3.460637076913869,-4.657695884618309,-1.434030970923898,2.1287744833522853,2.815298765163898,1.472668883847717,0.3939902212746695,0.9355191857649894,-2.08062143563789,-0.3102531869872499
12.0,44.0,1006.2443237304688,-3.459141684779133,-4.657695884618309,-1.4358292943802875,2.1114570691221983,2.805876665948676,1.4779540217770477,0.3939907399215225,0.9355191857649894,-2.080643928166832,-0.3104299951037566
12.0,44.0,1006.2443237304688,-3.459141684779133,-4.657695884618309,-1.4358292943802875,2.1114570691221983,2.805876665948676,1.4779540217770477,0.3939907399215225,0.9355191857649894,-2.080643928166832,-0.3104299951037566
12.0,44.0,1006.24462890625,-3.459158358259345,-4.657695884618309,-1.4358292943802875,2.111511143634232,2.805876665948676,1.4779540217770477,0.3939907399215225,0.9355191857649894,-2.080643928166832,-0.3104299951037566
12.0,44.0,1006.2539672851562,-3.457405712184861,-4.657695884618309,-1.434030970923898,2.128698521867596,2.8150557551081707,1.472668883847717,0.3939746088122239,0.9355191857649894,-2.085349190393268,-0.3102208812810427
12.0,44.0,1006.2561645507812,-3.40762827740179,-4.657695884618309,-1.434030970923898,2.1268478937688724,2.805876665948676,1.472668883847717,0.3939916245933882,0.9355191857649894,-2.083176013629371,-0.2844416525709332
12.0,45.0,1005.0448608398438,-3.4591537108884696,-4.714777624896708,-1.4363177737191606,2.1334699404495807,2.805876665948676,1.776326167881951,0.2669393501428314,1.3853255853526851,-2.264833942983213,-0.3105430959585473
12.0,45.0,1005.3865966796876,-3.45915801205161,-4.65966620080126,-1.4358699004539106,2.1334699404495807,2.805876665948676,1.7767492865451813,0.264875829504364,1.3490718322047774,-2.270226863132095,-0.2968928649276069
12.0,45.0,1005.419921875,-3.45915801205161,-4.657695884618309,-1.4358699004539106,2.1334699404495807,2.805876665948676,1.7767492865451813,0.264875829504364,1.3490718322047774,-2.270226863132095,-0.2968928649276069
12.0,45.0,1005.4793090820312,-3.45915801205161,-4.657695884618309,-1.4358699004539106,2.1334699404495807,2.805876665948676,1.7767492865451813,0.264875829504364,1.3649311253773957,-2.2754141646532737,-0.2968928649276069
12.0,45.0,1005.5860595703124,-3.45915801205161,-4.657695884618309,-1.4358699004539106,2.1334699404495807,2.805876665948676,1.7767492865451813,0.264875829504364,1.3649311253773957,-2.270226863132095,-0.2968928649276069
12.0,45.0,1005.5860595703124,-3.459158049625861,-4.657695884618309,-1.4358699004539106,2.1334699404495807,2.805876665948676,1.7767492865451813,0.264875829504364,1.3649344898879523,-2.270226863132095,-0.2968928649276069
12.0,45.0,1005.5860595703124,-3.459158049625861,-4.657695884618309,-1.4358699004539106,2.1334699404495807,2.805876665948676,1.7767492865451813,0.264875829504364,1.3649344898879523,-2.270226863132095,-0.2968928649276069
12.0,45.0,1005.5860595703124,-3.459158049625861,-4.657695884618309,-1.4358699004539106,2.1334699404495807,2.805876665948676,1.7767492865451813,0.264875829504364,1.3649344898879523,-2.270226863132095,-0.2968928649276069
12.0,45.0,1005.6446533203124,-3.4591537108884696,-4.657695884618309,-1.4358699004539106,2.1334699404495807,2.805876665948676,1.776326167881951,0.2658055114660163,1.3656567955228398,-2.270226863132095,-0.2968928649276069
12.0,45.0,1005.8504638671876,-3.45915801205161,-4.657695884618309,-1.4358699004539106,2.5569171397410115,2.805876665948676,1.7767492865451813,0.2678329631303213,1.2621273835330171,-2.270226863132095,-0.2968928649276069
12.0,45.0,1005.8504638671876,-3.45915801205161,-4.657695884618309,-1.4358699004539106,2.5569171397410115,2.805876665948676,1.7767492865451813,0.2678329631303213,1.2621273835330171,-2.270226863132095,-0.2968928649276069
12.0,45.0,1005.9682006835938,-3.405506466290968,-4.657695884618309,-1.4544207210182942,2.127001795780351,2.805876665948676,1.472668883847717,0.3939907766739179,0.9355191857649894,-2.083223359429878,-0.2861623357847065
12.0,45.0,1006.005126953125,-3.405617143219298,-4.657695884618309,-1.4544207210182942,2.1273354070480663,2.805876665948676,1.472668883847717,0.3939907766739179,0.9355191857649894,-2.080876114711641,-0.284975089630334
12.0,45.0,1006.0333862304688,-3.462475851068379,-4.657695884618309,-1.434028041122925,2.111511143634232,2.805876665948676,1.4688547212547898,0.3939907399215225,0.9355191857649894,-2.0806450258636024,-0.3104299951037566
12.0,45.0,1006.0339965820312,-3.405617143219298,-4.657695884618309,-1.4544207210182942,2.127001795780351,2.805876665948676,1.472668883847717,0.3939907766739179,0.9355191857649894,-2.080876114711641,-0.2861623357847065
12.0,45.0,1006.0339965820312,-3.405617143219298,-4.657695884618309,-1.4544207210182942,2.127001795780351,2.805876665948676,1.472668883847717,0.3939907766739179,0.9355191857649894,-2.080876114711641,-0.2861623357847065
12.0,45.0,1006.03857421875,-3.461300526796382,-4.657695884618309,-1.4337154381638408,2.110653358511598,2.805876665948676,1.4689868240136443,0.3939907915475705,0.9355191857649894,-2.0803442457514043,-0.3104299951037566
12.0,45.0,1006.0386352539062,-3.461300526796382,-4.657695884618309,-1.4337154381638408,2.1107082981391843,2.805876665948676,1.4689868240136443,0.3939907892504962,0.9355191857649894,-2.0803442457514043,-0.3104299951037566
12.0,45.0,1006.0403442382812,-3.459141677295368,-4.657695884618309,-1.4340369264279795,2.110142477835404,2.805876665948676,1.468982279051259,0.3939907399215225,0.9355191857649894,-2.0803442457514043,-0.3106634376215615
12.0,45.0,1006.0413208007812,-3.460601867900707,-4.657695884618309,-1.434030970923898,2.11004552338752,2.805876665948676,1.4690177610766255,0.393990746807929,0.9355191857649894,-2.083284482610583,-0.3106989492036211
12.0,45.0,1006.0455322265624,-3.459141677295368,-4.657695884618309,-1.4337154381638408,2.110048817971104,2.805876665948676,1.4689868240136443,0.3939907399215225,0.9355191857649894,-2.0803442457514043,-0.3104299951037566
12.0,45.0,1006.0455322265624,-3.459141677295368,-4.657695884618309,-1.4337154381638408,2.110048817971104,2.805876665948676,1.4689868240136443,0.3939909934725046,0.9355191857649894,-2.0803442457514043,-0.3104299951037566
12.0,45.0,1006.0455322265624,-3.459141677295368,-4.657695884618309,-1.4337154381638408,2.110048817971104,2.805876665948676,1.4689868240136443,0.3939907399215225,0.9355191857649894,-2.0803442457514043,-0.3104299951037566
12.0,45.0,1006.0455932617188,-3.459141677295368,-4.657695884618309,-1.4337154381638408,2.1100640976773213,2.805876665948676,1.4689868240136443,0.3939907399215225,0.9355191857649894,-2.0803442457514043,-0.3104299951037566
12.0,45.0,1006.0490112304688,-3.462838048587767,-4.657695884618309,-1.4337154381638408,2.110048817971104,2.805876665948676,1.4690501091739407,0.3939909934729365,0.9355191857649894,-2.0803442457514043,-0.3096540290731073
12.0,45.0,1006.0490112304688,-3.462838048587767,-4.657695884618309,-1.4337154381638408,2.110048817971104,2.805876665948676,1.4690501091739407,0.3939909862212684,0.9355191857649894,-2.0803442457514043,-0.3096537451769194
12.0,45.0,1006.0490112304688,-3.462838048587767,-4.657695884618309,-1.4337154381638408,2.110048817971104,2.805876665948676,1.4690501091739407,0.3939909934729365,0.9355191857649894,-2.0803442457514043,-0.3096540290731073
12.0,45.0,1006.0490112304688,-3.462838048587767,-4.657695884618309,-1.4337154381638408,2.110048817971104,2.805876665948676,1.4690501091739407,0.3939909862212684,0.9355191857649894,-2.0803442457514043,-0.3096537451769194
12.0,45.0,1006.0493774414062,-3.405506466290968,-4.657695884618309,-1.4544207210182942,2.127001795780351,2.805876665948676,1.472668883847717,0.3939907766739179,0.9355191857649894,-2.080683804002309,-0.2866170665975909
12.0,45.0,1006.0574340820312,-3.45948812173554,-4.657695884618309,-1.4337183679648142,2.110048817971104,2.805876665948676,1.4689092483131845,0.3939909862212684,0.9355191857649894,-2.080343148054633,-0.3096537451769194
12.0,45.0,1006.0577392578124,-3.463113002314905,-4.657695884618309,-1.4337154381638408,2.110048817971104,2.805876665948676,1.469246421580462,0.3939907326512942,0.9355191857649894,-2.0831303588469563,-0.3096557177879862
12.0,45.0,1006.0577392578124,-3.463113002314905,-4.657695884618309,-1.4337154381638408,2.110048817971104,2.805876665948676,1.469246421580462,0.3939907326512942,0.9355191857649894,-2.0831303588469563,-0.3096557177879862
12.0,45.0,1006.0986328125,-3.460637076913869,-4.657695884618309,-1.434030970923898,2.1105367651379057,2.805876665948676,1.472668883847717,0.3939901605382623,0.9355191857649894,-2.080709251019836,-0.3106769065481088
12.0,45.0,1006.0987548828124,-3.460601867900707,-4.657695884618309,-1.434030970923898,2.1105367651379057,2.805876665948676,1.472668883847717,0.3939924655054797,0.9355191857649894,-2.0806659816371047,-0.3106769065481088
12.0,45.0,1006.0988159179688,-3.460601867900707,-4.657695884618309,-1.434030970923898,2.1105367651379057,2.805876665948676,1.472668883847717,0.3939924878945328,0.9355191857649894,-2.0806838693422525,-0.3106769065481088
12.0,45.0,1006.099365234375,-3.461473624147521,-4.657695884618309,-1.4337154381638408,2.110653358511598,2.805645882431968,1.4726748200267945,0.3939741810864032,0.9355191857649894,-2.080644530294916,-0.3106498300049739
12.0,45.0,1006.1049194335938,-3.459226381930627,-4.657695884618309,-1.4337131282788689,2.110048817971104,2.805876665948676,1.472459179054235,0.3939909665970528,0.9355191857649894,-2.0803442457514043,-0.3104299951037566
12.0,45.0,1006.1064453125,-3.462838048587767,-4.657695884618309,-1.4337154381638408,2.11054005972149,2.805876665948676,1.4727012319450326,0.3939909862752561,0.9355191857649894,-2.0803442457514043,-0.309631986417595
12.0,45.0,1006.1064453125,-3.462838048587767,-4.657695884618309,-1.4337154381638408,2.11054005972149,2.805876665948676,1.4727012319450326,0.3939909935269242,0.9355191857649894,-2.0803442457514043,-0.3096322703137828
12.0,45.0,1006.1099243164062,-3.460637076913869,-4.657695884618309,-1.434030970923898,2.1105367651379057,2.805876665948676,1.472668883847717,0.3939907425235551,0.9355191857649894,-2.083241336482375,-0.3106769065481088
12.0,45.0,1006.1099243164062,-3.460637076913869,-4.657695884618309,-1.434030970923898,2.1105367651379057,2.805876665948676,1.472668883847717,0.3939907425235551,0.9355191857649894,-2.083241336482375,-0.3106769065481088
12.0,45.0,1006.1104125976562,-3.460601867900707,-4.657695884618309,-1.434030970923898,2.1105367651379057,2.805876665948676,1.472668883847717,0.3939907396102485,0.9355191857649894,-2.083284482610583,-0.3106769065481088
12.0,45.0,1006.1104125976562,-3.460601867900707,-4.657695884618309,-1.434030970923898,2.1105367651379057,2.805876665948676,1.472668883847717,0.3939907396102485,0.9355191857649894,-2.083284482610583,-0.3106769065481088
12.0,45.0,1006.1104125976562,-3.460601867900707,-4.657695884618309,-1.434030970923898,2.1105367651379057,2.805876665948676,1.472668883847717,0.3939907396102485,0.9355191857649894,-2.083284482610583,-0.3106769065481088
12.0,45.0,1006.1109619140624,-3.460618598052678,-4.657695884618309,-1.4337095763702412,2.110529611316882,2.805876665948676,1.472668883847717,0.3939907425235551,0.9355191857649894,-2.083241336482375,-0.3106769065481088
12.0,45.0,1006.1144409179688,-3.459141677295368,-4.657695884618309,-1.434030970923898,2.111511143634232,2.805876665948676,1.472668883847717,0.3939907399215225,0.9355191857649894,-2.080643928166832,-0.3104299951037566
12.0,45.0,1006.1174926757812,-3.460637076913869,-4.657695884618309,-1.434030970923898,2.1105367651379057,2.805876665948676,1.472668883847717,0.3939901605382623,0.9355191857649894,-2.083248806447404,-0.3102221757352244
12.0,45.0,1006.1192626953124,-3.459141677295368,-4.657695884618309,-1.434030970923898,2.111511143634232,2.805876665948676,1.472668883847717,0.3939907399215225,0.9355191857649894,-2.080643928166832,-0.3101461576549502
12.0,45.0,1006.1204223632812,-3.460811458664901,-4.657695884618309,-1.434030970923898,2.1105367651379057,2.805876665948676,1.472668883847717,0.3939901605382623,0.9355191857649894,-2.0856686652672605,-0.3113113442012679
12.0,45.0,1006.1204223632812,-3.460811458664901,-4.657695884618309,-1.434030970923898,2.1105214854316885,2.805876665948676,1.472668883847717,0.3939901605382623,0.9355191857649894,-2.0856686652672605,-0.3113113442012679
12.0,46.0,1005.0448608398438,-3.4591537108884696,-4.714777624896708,-1.4363177737191606,2.1334699404495807,2.805876665948676,1.776326167881951,0.2669393501428314,1.3853255853526851,-2.264833942983213,-0.3105430959585473
12.0,46.0,1005.3865966796876,-3.45915801205161,-4.65966620080126,-1.4358699004539106,2.1334699404495807,2.805876665948676,1.7767492865451813,0.264875829504364,1.3490718322047774,-2.270226863132095,-0.2968928649276069
12.0,46.0,1005.419921875,-3.45915801205161,-4.657695884618309,-1.4358699004539106,2.1334699404495807,2.805876665948676,1.7767492865451813,0.264875829504364,1.3490718322047774,-2.270226863132095,-0.2968928649276069
12.0,46.0,1005.4282836914062,-3.45915801205161,-4.657695884618309,-1.4358699004539106,2.1334699404495807,2.805876665948676,1.7763479058442853,0.264875829504364,1.3490718322047774,-2.270226863132095,-0.2968928649276069
12.0,46.0,1005.4793090820312,-3.45915801205161,-4.657695884618309,-1.4358699004539106,2.1334699404495807,2.805876665948676,1.7767492865451813,0.264875829504364,1.3649311253773957,-2.2754141646532737,-0.2968928649276069
12.0,46.0,1005.4832763671876,-3.45915801205161,-4.657695884618309,-1.4358699004539106,2.1334699404495807,2.805876665948676,1.7767492865451813,0.264875829504364,1.364931126804888,-2.2752050013031533,-0.2968928649276069
12.0,46.0,1005.5860595703124,-3.45915801205161,-4.657695884618309,-1.4358699004539106,2.1334699404495807,2.805876665948676,1.7767492865451813,0.264875829504364,1.3649311253773957,-2.270226863132095,-0.2968928649276069
12.0,46.0,1005.5860595703124,-3.459158049625861,-4.657695884618309,-1.4358699004539106,2.1334699404495807,2.805876665948676,1.7767492865451813,0.264875829504364,1.3649344898879523,-2.270226863132095,-0.2968928649276069
12.0,46.0,1005.5860595703124,-3.459158049625861,-4.657695884618309,-1.4358699004539106,2.1334699404495807,2.805876665948676,1.7767492865451813,0.264875829504364,1.3649344898879523,-2.270226863132095,-0.2968928649276069
12.0,46.0,1005.5860595703124,-3.459158049625861,-4.657695884618309,-1.4358699004539106,2.1334699404495807,2.805876665948676,1.7767492865451813,0.264875829504364,1.3649344898879523,-2.270226863132095,-0.2968928649276069
12.0,46.0,1005.6446533203124,-3.4591537108884696,-4.657695884618309,-1.4358699004539106,2.1334699404495807,2.805876665948676,1.776326167881951,0.2658055114660163,1.3656567955228398,-2.270226863132095,-0.2968928649276069
12.0,46.0,1005.8504638671876,-3.45915801205161,-4.657695884618309,-1.4358699004539106,2.5569171397410115,2.805876665948676,1.7767492865451813,0.2678329631303213,1.2621273835330171,-2.270226863132095,-0.2968928649276069
12.0,46.0,1005.8504638671876,-3.45915801205161,-4.657695884618309,-1.4358699004539106,2.5569171397410115,2.805876665948676,1.7767492865451813,0.2678329631303213,1.2621273835330171,-2.270226863132095,-0.2968928649276069
12.0,46.0,1005.9682006835938,-3.405506466290968,-4.657695884618309,-1.4544207210182942,2.127001795780351,2.805876665948676,1.472668883847717,0.3939907766739179,0.9355191857649894,-2.083223359429878,-0.2861623357847065
12.0,46.0,1006.005126953125,-3.405617143219298,-4.657695884618309,-1.4544207210182942,2.1273354070480663,2.805876665948676,1.472668883847717,0.3939907766739179,0.9355191857649894,-2.080876114711641,-0.284975089630334
12.0,46.0,1006.0333862304688,-3.462475851068379,-4.657695884618309,-1.434028041122925,2.111511143634232,2.805876665948676,1.4688547212547898,0.3939907399215225,0.9355191857649894,-2.0806450258636024,-0.3104299951037566
12.0,46.0,1006.0333862304688,-3.462475851068379,-4.657695884618309,-1.434028041122925,2.111511143634232,2.805876665948676,1.4688547212547898,0.3939907399215225,0.9355191857649894,-2.0806450258636024,-0.3104299951037566
12.0,46.0,1006.0333862304688,-3.462475851068379,-4.657695884618309,-1.434028041122925,2.111511143634232,2.805876665948676,1.4688547212547898,0.3939907399215225,0.9355191857649894,-2.0806450258636024,-0.3104299951037566
12.0,46.0,1006.0339965820312,-3.405617143219298,-4.657695884618309,-1.4544207210182942,2.127001795780351,2.805876665948676,1.472668883847717,0.3939907766739179,0.9355191857649894,-2.080876114711641,-0.2861623357847065
12.0,46.0,1006.0339965820312,-3.405617143219298,-4.657695884618309,-1.4544207210182942,2.127001795780351,2.805876665948676,1.472668883847717,0.3939907766739179,0.9355191857649894,-2.080876114711641,-0.2861623357847065
12.0,46.0,1006.0355834960938,-3.462838048587767,-4.657695884618309,-1.4337154381638408,2.110048817971104,2.805876665948676,1.4689899680579293,0.3939909934729365,0.9355191857649894,-2.0803442457514043,-0.310421625077831
12.0,46.0,1006.03857421875,-3.461300526796382,-4.657695884618309,-1.4337154381638408,2.110653358511598,2.805876665948676,1.4689868240136443,0.3939907915475705,0.9355191857649894,-2.0803442457514043,-0.3104299951037566
12.0,46.0,1006.0386352539062,-3.461300526796382,-4.657695884618309,-1.4337154381638408,2.1107082981391843,2.805876665948676,1.4689868240136443,0.3939907892504962,0.9355191857649894,-2.0803442457514043,-0.3104299951037566
12.0,46.0,1006.0403442382812,-3.459141677295368,-4.657695884618309,-1.4340369264279795,2.110142477835404,2.805876665948676,1.468982279051259,0.3939907399215225,0.9355191857649894,-2.0803442457514043,-0.3106634376215615
12.0,46.0,1006.0413208007812,-3.460601867900707,-4.657695884618309,-1.434030970923898,2.11004552338752,2.805876665948676,1.4690177610766255,0.393990746807929,0.9355191857649894,-2.083284482610583,-0.3106989492036211
12.0,46.0,1006.0455322265624,-3.459141677295368,-4.657695884618309,-1.4337154381638408,2.110048817971104,2.805876665948676,1.4689868240136443,0.3939907399215225,0.9355191857649894,-2.0803442457514043,-0.3104299951037566
12.0,46.0,1006.0455322265624,-3.459141677295368,-4.657695884618309,-1.4337154381638408,2.110048817971104,2.805876665948676,1.4689868240136443,0.3939909934725046,0.9355191857649894,-2.0803442457514043,-0.3104299951037566
12.0,46.0,1006.0455322265624,-3.459141677295368,-4.657695884618309,-1.4337154381638408,2.110048817971104,2.805876665948676,1.4689868240136443,0.3939907399215225,0.9355191857649894,-2.0803442457514043,-0.3104299951037566
12.0,46.0,1006.0455932617188,-3.459141677295368,-4.657695884618309,-1.4337154381638408,2.1100640976773213,2.805876665948676,1.4689868240136443,0.3939907399215225,0.9355191857649894,-2.0803442457514043,-0.3104299951037566
12.0,46.0,1006.0490112304688,-3.462838048587767,-4.657695884618309,-1.4337154381638408,2.110048817971104,2.805876665948676,1.4690501091739407,0.3939909934729365,0.9355191857649894,-2.0803442457514043,-0.3096540290731073
12.0,46.0,1006.0490112304688,-3.462838048587767,-4.657695884618309,-1.4337154381638408,2.110048817971104,2.805876665948676,1.4690501091739407,0.3939909862212684,0.9355191857649894,-2.0803442457514043,-0.3096537451769194
12.0,46.0,1006.0490112304688,-3.462838048587767,-4.657695884618309,-1.4337154381638408,2.110048817971104,2.805876665948676,1.4690501091739407,0.3939909934729365,0.9355191857649894,-2.0803442457514043,-0.3096540290731073
12.0,46.0,1006.0490112304688,-3.462838048587767,-4.657695884618309,-1.4337154381638408,2.110048817971104,2.805876665948676,1.4690501091739407,0.3939909862212684,0.9355191857649894,-2.0803442457514043,-0.3096537451769194
12.0,46.0,1006.0493774414062,-3.405506466290968,-4.657695884618309,-1.4544207210182942,2.127001795780351,2.805876665948676,1.472668883847717,0.3939907766739179,0.9355191857649894,-2.080683804002309,-0.2866170665975909
12.0,46.0,1006.052734375,-3.461300526796382,-4.657695884618309,-1.4337154381638408,2.1107082981391843,2.805876665948676,1.469046965129656,0.3939907892504962,0.9355191857649894,-2.0803442457514043,-0.3096623990990329
12.0,46.0,1006.0574340820312,-3.45948812173554,-4.657695884618309,-1.4337183679648142,2.110048817971104,2.805876665948676,1.4689092483131845,0.3939909862212684,0.9355191857649894,-2.080343148054633,-0.3096537451769194
12.0,46.0,1006.0577392578124,-3.463113002314905,-4.657695884618309,-1.4337154381638408,2.110048817971104,2.805876665948676,1.469246421580462,0.3939907326512942,0.9355191857649894,-2.0831303588469563,-0.3096557177879862
12.0,46.0,1006.0577392578124,-3.463113002314905,-4.657695884618309,-1.4337154381638408,2.110048817971104,2.805876665948676,1.469246421580462,0.3939907326512942,0.9355191857649894,-2.0831303588469563,-0.3096557177879862
12.0,46.0,1006.0577392578124,-3.463113002314905,-4.657695884618309,-1.4337154381638408,2.110048817971104,2.805876665948676,1.469246421580462,0.3939907326512942,0.9355191857649894,-2.0831303588469563,-0.3096557177879862
12.0,46.0,1006.0586547851562,-3.459431295643635,-4.657695884618309,-1.4337183669425368,2.1100646195640853,2.805876665948676,1.468983024279946,0.3939907915475705,0.9355191857649894,-2.0803442457514043,-0.309659147107994
12.0,46.0,1006.0620727539062,-3.4591537108884696,-4.657401279471158,-1.4363177737191606,2.1334699404495807,2.805876665948676,1.7763366986189957,0.2649591329165046,1.3866750345256296,-2.264833942983213,-0.2976594090079109
12.0,46.0,1006.0986328125,-3.460637076913869,-4.657695884618309,-1.434030970923898,2.1105367651379057,2.805876665948676,1.472668883847717,0.3939901605382623,0.9355191857649894,-2.080709251019836,-0.3106769065481088
12.0,46.0,1006.0987548828124,-3.460601867900707,-4.657695884618309,-1.434030970923898,2.1105367651379057,2.805876665948676,1.472668883847717,0.3939924655054797,0.9355191857649894,-2.0806659816371047,-0.3106769065481088
12.0,46.0,1006.0988159179688,-3.460601867900707,-4.657695884618309,-1.434030970923898,2.1105367651379057,2.805876665948676,1.472668883847717,0.3939924878945328,0.9355191857649894,-2.0806838693422525,-0.3106769065481088
12.0,46.0,1006.099365234375,-3.461473624147521,-4.657695884618309,-1.4337154381638408,2.110653358511598,2.805645882431968,1.4726748200267945,0.3939741810864032,0.9355191857649894,-2.080644530294916,-0.3106498300049739
12.0,46.0,1006.1049194335938,-3.459226381930627,-4.657695884618309,-1.4337131282788689,2.110048817971104,2.805876665948676,1.472459179054235,0.3939909665970528,0.9355191857649894,-2.0803442457514043,-0.3104299951037566
12.0,46.0,1006.1063232421876,-3.459158049625861,-4.657695884618309,-1.4358699004539106,2.1334699404495807,2.805876665948676,1.4605611912242855,0.264875829504364,1.3649344898879523,-2.270226863132095,-0.2968928649276069
12.0,46.0,1006.1064453125,-3.462838048587767,-4.657695884618309,-1.4337154381638408,2.11054005972149,2.805876665948676,1.4727012319450326,0.3939909862752561,0.9355191857649894,-2.0803442457514043,-0.309631986417595
12.0,46.0,1006.1064453125,-3.462838048587767,-4.657695884618309,-1.4337154381638408,2.11054005972149,2.805876665948676,1.4727012319450326,0.3939909935269242,0.9355191857649894,-2.0803442457514043,-0.3096322703137828
12.0,46.0,1006.1064453125,-3.4591766935073065,-4.657695884618309,-1.434030970923898,2.1105367651379057,2.805876665948676,1.472668883847717,0.3939901605382623,0.9355191857649894,-2.080709251019836,-0.3106769065481088
12.0,47.0,1005.0448608398438,-3.4591537108884696,-4.714777624896708,-1.4363177737191606,2.1334699404495807,2.805876665948676,1.776326167881951,0.2669393501428314,1.3853255853526851,-2.264833942983213,-0.3105430959585473
12.0,47.0,1005.3865966796876,-3.45915801205161,-4.65966620080126,-1.4358699004539106,2.1334699404495807,2.805876665948676,1.7767492865451813,0.264875829504364,1.3490718322047774,-2.270226863132095,-0.2968928649276069
12.0,47.0,1005.3865966796876,-3.45915801205161,-4.65966620080126,-1.4358699004539106,2.1334699404495807,2.805876665948676,1.7767492865451813,0.264875829504364,1.3490718322047774,-2.270226863132095,-0.2968928649276069
12.0,47.0,1005.419921875,-3.45915801205161,-4.657695884618309,-1.4358699004539106,2.1334699404495807,2.805876665948676,1.7767492865451813,0.264875829504364,1.3490718322047774,-2.270226863132095,-0.2968928649276069
12.0,47.0,1005.419921875,-3.45915801205161,-4.657695884618309,-1.4358699004539106,2.1334699404495807,2.805876665948676,1.7767492865451813,0.264875829504364,1.3490718322047774,-2.270226863132095,-0.2968928649276069
12.0,47.0,1005.4227905273438,-3.45915801205161,-4.657695884618309,-1.4358699004539106,2.1334699404495807,2.805876665948676,1.7767559843208776,0.264875829504364,1.3498080459813198,-2.270226863132095,-0.2968928649276069
12.0,47.0,1005.4282836914062,-3.45915801205161,-4.657695884618309,-1.4358699004539106,2.1334699404495807,2.805876665948676,1.7763479058442853,0.264875829504364,1.3490718322047774,-2.270226863132095,-0.2968928649276069
12.0,47.0,1005.4793090820312,-3.45915801205161,-4.657695884618309,-1.4358699004539106,2.1334699404495807,2.805876665948676,1.7767492865451813,0.264875829504364,1.3649311253773957,-2.2754141646532737,-0.2968928649276069
12.0,47.0,1005.4832763671876,-3.45915801205161,-4.657695884618309,-1.4358699004539106,2.1334699404495807,2.805876665948676,1.7767492865451813,0.264875829504364,1.364931126804888,-2.2752050013031533,-0.2968928649276069
12.0,47.0,1005.4873046875,-3.459157814071389,-4.657695884618309,-1.4358699004539106,2.1334699404495807,2.805876665948676,1.7763259929506854,0.264875829504364,1.364817471179386,-2.2752050013031533,-0.2968928649276069
12.0,47.0,1005.5860595703124,-3.45915801205161,-4.657695884618309,-1.4358699004539106,2.1334699404495807,2.805876665948676,1.7767492865451813,0.264875829504364,1.3649311253773957,-2.270226863132095,-0.2968928649276069
12.0,47.0,1005.5860595703124,-3.459158049625861,-4.657695884618309,-1.4358699004539106,2.1334699404495807,2.805876665948676,1.7767492865451813,0.264875829504364,1.3649344898879523,-2.270226863132095,-0.2968928649276069
12.0,47.0,1005.5860595703124,-3.459158049625861,-4.657695884618309,-1.4358699004539106,2.1334699404495807,2.805876665948676,1.7767492865451813,0.264875829504364,1.3649344898879523,-2.270226863132095,-0.2968928649276069
12.0,47.0,1005.5860595703124,-3.459158049625861,-4.657695884618309,-1.4358699004539106,2.1334699404495807,2.805876665948676,1.7767492865451813,0.264875829504364,1.3649344898879523,-2.270226863132095,-0.2968928649276069
12.0,47.0,1005.5860595703124,-3.459158049625861,-4.657695884618309,-1.4358699004539106,2.1334699404495807,2.805876665948676,1.7767492865451813,0.264875829504364,1.3649344898879523,-2.270226863132095,-0.2968928649276069
12.0,47.0,1005.6426391601562,-3.459158049625861,-4.657695884618309,-1.433853541186891,2.298893743555632,2.805876665948676,1.7767492865451813,0.264875829504364,1.4123739537794855,-2.270226863132095,-0.29639856031334
12.0,47.0,1005.6446533203124,-3.4591537108884696,-4.657695884618309,-1.4358699004539106,2.1334699404495807,2.805876665948676,1.776326167881951,0.2658055114660163,1.3656567955228398,-2.270226863132095,-0.2968928649276069
12.0,47.0,1005.7389526367188,-3.461300526796382,-4.657695884618309,-1.4358730713782777,2.112761547629633,2.805876665948676,1.456262428043405,0.2596467579701405,1.3464555258127553,-2.2823422569984806,-0.3106814965051827
12.0,47.0,1005.8504638671876,-3.45915801205161,-4.657695884618309,-1.4358699004539106,2.5569171397410115,2.805876665948676,1.7767492865451813,0.2678329631303213,1.2621273835330171,-2.270226863132095,-0.2968928649276069
12.0,47.0,1005.8504638671876,-3.45915801205161,-4.657695884618309,-1.4358699004539106,2.5569171397410115,2.805876665948676,1.7767492865451813,0.2678329631303213,1.2621273835330171,-2.270226863132095,-0.2968928649276069
12.0,47.0,1005.9682006835938,-3.405506466290968,-4.657695884618309,-1.4544207210182942,2.127001795780351,2.805876665948676,1.472668883847717,0.3939907766739179,0.9355191857649894,-2.083223359429878,-0.2861623357847065
12.0,47.0,1006.005126953125,-3.405617143219298,-4.657695884618309,-1.4544207210182942,2.1273354070480663,2.805876665948676,1.472668883847717,0.3939907766739179,0.9355191857649894,-2.080876114711641,-0.284975089630334
12.0,47.0,1006.0333862304688,-3.462475851068379,-4.657695884618309,-1.434028041122925,2.111511143634232,2.805876665948676,1.4688547212547898,0.3939907399215225,0.9355191857649894,-2.0806450258636024,-0.3104299951037566
12.0,47.0,1006.0333862304688,-3.462475851068379,-4.657695884618309,-1.434028041122925,2.111511143634232,2.805876665948676,1.4688547212547898,0.3939907399215225,0.9355191857649894,-2.0806450258636024,-0.3104299951037566
12.0,47.0,1006.0333862304688,-3.462475851068379,-4.657695884618309,-1.434028041122925,2.111511143634232,2.805876665948676,1.4688547212547898,0.3939907399215225,0.9355191857649894,-2.0806450258636024,-0.3104299951037566
12.0,47.0,1006.0333862304688,-3.462475851068379,-4.657695884618309,-1.434028041122925,2.111511143634232,2.805876665948676,1.4688547212547898,0.3939907399215225,0.9355191857649894,-2.0806450258636024,-0.3104299951037566
12.0,47.0,1006.0339965820312,-3.405617143219298,-4.657695884618309,-1.4544207210182942,2.127001795780351,2.805876665948676,1.472668883847717,0.3939907766739179,0.9355191857649894,-2.080876114711641,-0.2861623357847065
12.0,47.0,1006.0339965820312,-3.405617143219298,-4.657695884618309,-1.4544207210182942,2.127001795780351,2.805876665948676,1.472668883847717,0.3939907766739179,0.9355191857649894,-2.080876114711641,-0.2861623357847065
12.0,47.0,1006.0339965820312,-3.405617143219298,-4.657695884618309,-1.4544207210182942,2.127001795780351,2.805876665948676,1.472668883847717,0.3939907766739179,0.9355191857649894,-2.080876114711641,-0.2861623357847065
12.0,47.0,1006.0355834960938,-3.462838048587767,-4.657695884618309,-1.4337154381638408,2.110048817971104,2.805876665948676,1.4689899680579293,0.3939909934729365,0.9355191857649894,-2.0803442457514043,-0.310421625077831
12.0,47.0,1006.03857421875,-3.461300526796382,-4.657695884618309,-1.4337154381638408,2.110653358511598,2.805876665948676,1.4689868240136443,0.3939907915475705,0.9355191857649894,-2.0803442457514043,-0.3104299951037566
12.0,47.0,1006.0386352539062,-3.461300526796382,-4.657695884618309,-1.4337154381638408,2.1107082981391843,2.805876665948676,1.4689868240136443,0.3939907892504962,0.9355191857649894,-2.0803442457514043,-0.3104299951037566
12.0,47.0,1006.0403442382812,-3.459141677295368,-4.657695884618309,-1.4340369264279795,2.110142477835404,2.805876665948676,1.468982279051259,0.3939907399215225,0.9355191857649894,-2.0803442457514043,-0.3106634376215615
12.0,47.0,1006.0404052734376,-3.462475851068379,-4.657695884618309,-1.434036559913911,2.112001179864705,2.805876665948676,1.4688547212547898,0.3939907399215225,0.9355191857649894,-2.07819252645971,-0.3104299951037566
12.0,47.0,1006.0413208007812,-3.460601867900707,-4.657695884618309,-1.434030970923898,2.11004552338752,2.805876665948676,1.4690177610766255,0.393990746807929,0.9355191857649894,-2.083284482610583,-0.3106989492036211
12.0,47.0,1006.044921875,-3.4592267846935685,-4.657695884618309,-1.4337154381638408,2.110048817971104,2.805876665948676,1.4689666217258397,0.3939907363738715,0.9355191857649894,-2.0803442457514043,-0.3104299951037566
12.0,47.0,1006.0455322265624,-3.459141677295368,-4.657695884618309,-1.4337154381638408,2.110048817971104,2.805876665948676,1.4689868240136443,0.3939907399215225,0.9355191857649894,-2.0803442457514043,-0.3104299951037566
12.0,47.0,1006.0455322265624,-3.459141677295368,-4.657695884618309,-1.4337154381638408,2.110048817971104,2.805876665948676,1.4689868240136443,0.3939909934725046,0.9355191857649894,-2.0803442457514043,-0.3104299951037566
12.0,47.0,1006.0455322265624,-3.459141677295368,-4.657695884618309,-1.4337154381638408,2.110048817971104,2.805876665948676,1.4689868240136443,0.3939907399215225,0.9355191857649894,-2.0803442457514043,-0.3104299951037566
12.0,47.0,1006.0455932617188,-3.459141677295368,-4.657695884618309,-1.4337154381638408,2.1100640976773213,2.805876665948676,1.4689868240136443,0.3939907399215225,0.9355191857649894,-2.0803442457514043,-0.3104299951037566
12.0,47.0,1006.0455932617188,-3.459141677295368,-4.657695884618309,-1.4337154381638408,2.1100640976773213,2.805876665948676,1.4689868240136443,0.3939907399215225,0.9355191857649894,-2.0803442457514043,-0.3104299951037566
12.0,47.0,1006.0490112304688,-3.462838048587767,-4.657695884618309,-1.4337154381638408,2.110048817971104,2.805876665948676,1.4690501091739407,0.3939909934729365,0.9355191857649894,-2.0803442457514043,-0.3096540290731073
12.0,47.0,1006.0490112304688,-3.462838048587767,-4.657695884618309,-1.4337154381638408,2.110048817971104,2.805876665948676,1.4690501091739407,0.3939909862212684,0.9355191857649894,-2.0803442457514043,-0.3096537451769194
12.0,47.0,1006.0490112304688,-3.462838048587767,-4.657695884618309,-1.4337154381638408,2.110048817971104,2.805876665948676,1.4690501091739407,0.3939909934729365,0.9355191857649894,-2.0803442457514043,-0.3096540290731073
12.0,47.0,1006.0490112304688,-3.462838048587767,-4.657695884618309,-1.4337154381638408,2.110048817971104,2.805876665948676,1.4690501091739407,0.3939909862212684,0.9355191857649894,-2.0803442457514043,-0.3096537451769194
12.0,47.0,1006.0493774414062,-3.405506466290968,-4.657695884618309,-1.4544207210182942,2.127001795780351,2.805876665948676,1.472668883847717,0.3939907766739179,0.9355191857649894,-2.080683804002309,-0.2866170665975909
12.0,47.0,1006.052734375,-3.461300526796382,-4.657695884618309,-1.4337154381638408,2.1107082981391843,2.805876665948676,1.469046965129656,0.3939907892504962,0.9355191857649894,-2.0803442457514043,-0.3096623990990329
12.0,47.0,1006.0574340820312,-3.45948812173554,-4.657695884618309,-1.4337183679648142,2.110048817971104,2.805876665948676,1.4689092483131845,0.3939909862212684,0.9355191857649894,-2.080343148054633,-0.3096537451769194
12.0,47.0,1006.0577392578124,-3.463113002314905,-4.657695884618309,-1.4337154381638408,2.110048817971104,2.805876665948676,1.469246421580462,0.3939907326512942,0.9355191857649894,-2.0831303588469563,-0.3096557177879862
12.0,47.0,1006.0577392578124,-3.463113002314905,-4.657695884618309,-1.4337154381638408,2.110048817971104,2.805876665948676,1.469246421580462,0.3939907326512942,0.9355191857649894,-2.0831303588469563,-0.3096557177879862
12.0,48.0,1004.853271484375,-3.4591579281576816,-4.7160299814534765,-1.4363177737191606,2.1334699404495807,2.805876665948676,1.7763137828845452,0.2648749707080514,1.3853255853526851,-2.2701601998221697,-0.3105430959585473
12.0,48.0,1005.0448608398438,-3.4591537108884696,-4.714777624896708,-1.4363177737191606,2.1334699404495807,2.805876665948676,1.776326167881951,0.2669393501428314,1.3853255853526851,-2.264833942983213,-0.3105430959585473
12.0,48.0,1005.3857421875,-3.45915801205161,-4.65966620080126,-1.435838160250782,2.1334699404495807,2.805876665948676,1.7767492865451813,0.264875829504364,1.3486561910984576,-2.270226863132095,-0.2968952646960751
12.0,48.0,1005.38623046875,-3.45915801205161,-4.65969785611794,-1.4358699004539106,2.1334699404495807,2.805876665948676,1.7767496699831422,0.264875829504364,1.3490705555544509,-2.270226863132095,-0.2968928649276069
12.0,48.0,1005.3865966796876,-3.45915801205161,-4.65966620080126,-1.4358699004539106,2.1334699404495807,2.805876665948676,1.7767492865451813,0.264875829504364,1.3490718322047774,-2.270226863132095,-0.2968928649276069
12.0,48.0,1005.3865966796876,-3.45915801205161,-4.65966620080126,-1.4358699004539106,2.1334699404495807,2.805876665948676,1.7767492865451813,0.264875829504364,1.3490718322047774,-2.270226863132095,-0.2968928649276069
12.0,48.0,1005.3865966796876,-3.45915801205161,-4.65966620080126,-1.4358699004539106,2.1334699404495807,2.805876665948676,1.7767492865451813,0.264875829504364,1.3490718322047774,-2.270226863132095,-0.2968928649276069
12.0,48.0,1005.419921875,-3.45915801205161,-4.657695884618309,-1.4358699004539106,2.1334699404495807,2.805876665948676,1.7767492865451813,0.264875829504364,1.3490718322047774,-2.270226863132095,-0.2968928649276069
12.0,48.0,1005.419921875,-3.45915801205161,-4.657695884618309,-1.4358699004539106,2.1334699404495807,2.805876665948676,1.7767492865451813,0.264875829504364,1.3490718322047774,-2.270226863132095,-0.2968928649276069
12.0,48.0,1005.4227905273438,-3.45915801205161,-4.657695884618309,-1.4358699004539106,2.1334699404495807,2.805876665948676,1.7767559843208776,0.264875829504364,1.3498080459813198,-2.270226863132095,-0.2968928649276069
12.0,48.0,1005.4282836914062,-3.45915801205161,-4.657695884618309,-1.4358699004539106,2.1334699404495807,2.805876665948676,1.7763479058442853,0.264875829504364,1.3490718322047774,-2.270226863132095,-0.2968928649276069
12.0,48.0,1005.4793090820312,-3.45915801205161,-4.657695884618309,-1.4358699004539106,2.1334699404495807,2.805876665948676,1.7767492865451813,0.264875829504364,1.3649311253773957,-2.2754141646532737,-0.2968928649276069
12.0,48.0,1005.4832763671876,-3.45915801205161,-4.657695884618309,-1.4358699004539106,2.1334699404495807,2.805876665948676,1.7767492865451813,0.264875829504364,1.364931126804888,-2.2752050013031533,-0.2968928649276069
12.0,48.0,1005.4873046875,-3.459157814071389,-4.657695884618309,-1.4358699004539106,2.1334699404495807,2.805876665948676,1.7763259929506854,0.264875829504364,1.364817471179386,-2.2752050013031533,-0.2968928649276069
12.0,48.0,1005.4873046875,-3.459157814071389,-4.657695884618309,-1.4358699004539106,2.1334699404495807,2.805876665948676,1.7763273239213804,0.264875829504364,1.364817471179386,-2.2752050013031533,-0.2968928649276069
12.0,48.0,1005.5860595703124,-3.45915801205161,-4.657695884618309,-1.4358699004539106,2.1334699404495807,2.805876665948676,1.7767492865451813,0.264875829504364,1.3649311253773957,-2.270226863132095,-0.2968928649276069
12.0,48.0,1005.5860595703124,-3.459158049625861,-4.657695884618309,-1.4358699004539106,2.1334699404495807,2.805876665948676,1.7767492865451813,0.264875829504364,1.3649344898879523,-2.270226863132095,-0.2968928649276069
12.0,48.0,1005.5860595703124,-3.459158049625861,-4.657695884618309,-1.4358699004539106,2.1334699404495807,2.805876665948676,1.7767492865451813,0.264875829504364,1.3649344898879523,-2.270226863132095,-0.2968928649276069
12.0,48.0,1005.5860595703124,-3.459158049625861,-4.657695884618309,-1.4358699004539106,2.1334699404495807,2.805876665948676,1.7767492865451813,0.264875829504364,1.3649344898879523,-2.270226863132095,-0.2968928649276069
12.0,48.0,1005.5860595703124,-3.459158049625861,-4.657695884618309,-1.4358699004539106,2.1334699404495807,2.805876665948676,1.7767492865451813,0.264875829504364,1.3649344898879523,-2.270226863132095,-0.2968928649276069
12.0,48.0,1005.6426391601562,-3.459158049625861,-4.657695884618309,-1.433853541186891,2.298893743555632,2.805876665948676,1.7767492865451813,0.264875829504364,1.4123739537794855,-2.270226863132095,-0.29639856031334
12.0,48.0,1005.6444091796876,-3.459158049625861,-4.657695884618309,-1.4338852813900196,2.298893743555632,2.805876665948676,1.7767492865451813,0.264875829504364,1.4127895948858051,-2.270226863132095,-0.2963961605448718
12.0,48.0,1005.6446533203124,-3.4591537108884696,-4.657695884618309,-1.4358699004539106,2.1334699404495807,2.805876665948676,1.776326167881951,0.2658055114660163,1.3656567955228398,-2.270226863132095,-0.2968928649276069
12.0,48.0,1005.7389526367188,-3.461300526796382,-4.657695884618309,-1.4358730713782777,2.112761547629633,2.805876665948676,1.456262428043405,0.2596467579701405,1.3464555258127553,-2.2823422569984806,-0.3106814965051827
12.0,48.0,1005.7389526367188,-3.461300526796382,-4.657695884618309,-1.4358730713782777,2.112761547629633,2.805876665948676,1.456262428043405,0.2596467579701405,1.3464555258127553,-2.2823422569984806,-0.3106814965051827
12.0,48.0,1005.8291015625,-3.459153832356649,-4.65644352806154,-1.4358699004539106,2.1334699404495807,2.805876665948676,1.776761671542587,0.2669402089391441,1.3649344898879523,-2.2649006062931387,-0.2968928649276069
12.0,48.0,1005.8488159179688,-3.45915801041084,-4.657695884618309,-1.4358699004539106,2.5717566306199338,2.805876665948676,1.7767492865451813,0.2676289296230205,1.365706145258098,-2.270226863132095,-0.2968928649276069
12.0,48.0,1005.8504638671876,-3.45915801205161,-4.657695884618309,-1.4358699004539106,2.5569171397410115,2.805876665948676,1.7767492865451813,0.2678329631303213,1.2621273835330171,-2.270226863132095,-0.2968928649276069
12.0,48.0,1005.8504638671876,-3.45915801205161,-4.657695884618309,-1.4358699004539106,2.5569171397410115,2.805876665948676,1.7767492865451813,0.2678329631303213,1.2621273835330171,-2.270226863132095,-0.2968928649276069
12.0,48.0,1005.9682006835938,-3.405506466290968,-4.657695884618309,-1.4544207210182942,2.127001795780351,2.805876665948676,1.472668883847717,0.3939907766739179,0.9355191857649894,-2.083223359429878,-0.2861623357847065
12.0,48.0,1006.005126953125,-3.405617143219298,-4.657695884618309,-1.4544207210182942,2.1273354070480663,2.805876665948676,1.472668883847717,0.3939907766739179,0.9355191857649894,-2.080876114711641,-0.284975089630334
12.0,48.0,1006.0219116210938,-3.45915801205161,-4.657695884618309,-1.4358699004539106,2.1334699404495807,2.805876665948676,1.7767514304220042,0.2668830178419654,1.3855064297619306,-2.270226863132095,-0.2968928649276069
12.0,48.0,1006.0332641601562,-3.462475851068379,-4.657695884618309,-1.434070013217663,2.111511143634232,2.805876665948676,1.4688547212547898,0.3939907397830661,0.9355191857649894,-2.0806375244696294,-0.3104299951037566
12.0,48.0,1006.0333862304688,-3.462475851068379,-4.657695884618309,-1.434028041122925,2.111511143634232,2.805876665948676,1.4688547212547898,0.3939907399215225,0.9355191857649894,-2.0806450258636024,-0.3104299951037566
12.0,48.0,1006.0333862304688,-3.462475851068379,-4.657695884618309,-1.434028041122925,2.111511143634232,2.805876665948676,1.4688547212547898,0.3939907399215225,0.9355191857649894,-2.0806450258636024,-0.3104299951037566
12.0,48.0,1006.0333862304688,-3.462475851068379,-4.657695884618309,-1.434028041122925,2.111511143634232,2.805876665948676,1.4688547212547898,0.3939907399215225,0.9355191857649894,-2.0806450258636024,-0.3104299951037566
12.0,48.0,1006.0333862304688,-3.462475851068379,-4.657695884618309,-1.434028041122925,2.111511143634232,2.805876665948676,1.4688547212547898,0.3939907399215225,0.9355191857649894,-2.0806450258636024,-0.3104299951037566
12.0,48.0,1006.0333862304688,-3.462475851068379,-4.657695884618309,-1.434028041122925,2.111511143634232,2.805876665948676,1.4688547212547898,0.3939907399215225,0.9355191857649894,-2.0806450258636024,-0.3104299951037566
12.0,48.0,1006.0339965820312,-3.405617143219298,-4.657695884618309,-1.4544207210182942,2.127001795780351,2.805876665948676,1.472668883847717,0.3939907766739179,0.9355191857649894,-2.080876114711641,-0.2861623357847065
12.0,48.0,1006.0339965820312,-3.405617143219298,-4.657695884618309,-1.4544207210182942,2.127001795780351,2.805876665948676,1.472668883847717,0.3939907766739179,0.9355191857649894,-2.080876114711641,-0.2861623357847065
12.0,48.0,1006.0339965820312,-3.405617143219298,-4.657695884618309,-1.4544207210182942,2.127001795780351,2.805876665948676,1.472668883847717,0.3939907766739179,0.9355191857649894,-2.080876114711641,-0.2861623357847065
12.0,48.0,1006.0355834960938,-3.462838048587767,-4.657695884618309,-1.4337154381638408,2.110048817971104,2.805876665948676,1.4689899680579293,0.3939909934729365,0.9355191857649894,-2.0803442457514043,-0.310421625077831
12.0,48.0,1006.03857421875,-3.461300526796382,-4.657695884618309,-1.4337154381638408,2.110653358511598,2.805876665948676,1.4689868240136443,0.3939907915475705,0.9355191857649894,-2.0803442457514043,-0.3104299951037566
12.0,48.0,1006.0386352539062,-3.461300526796382,-4.657695884618309,-1.4337154381638408,2.1107082981391843,2.805876665948676,1.4689868240136443,0.3939907892504962,0.9355191857649894,-2.0803442457514043,-0.3104299951037566
12.0,48.0,1006.0403442382812,-3.459141677295368,-4.657695884618309,-1.4340369264279795,2.110142477835404,2.805876665948676,1.468982279051259,0.3939907399215225,0.9355191857649894,-2.0803442457514043,-0.3106634376215615
12.0,48.0,1006.0404052734376,-3.462475851068379,-4.657695884618309,-1.434036559913911,2.112001179864705,2.805876665948676,1.4688547212547898,0.3939907399215225,0.9355191857649894,-2.07819252645971,-0.3104299951037566
12.0,48.0,1006.0413208007812,-3.460601867900707,-4.657695884618309,-1.434030970923898,2.11004552338752,2.805876665948676,1.4690177610766255,0.393990746807929,0.9355191857649894,-2.083284482610583,-0.3106989492036211
12.0,48.0,1006.044921875,-3.4592267846935685,-4.657695884618309,-1.4337154381638408,2.110048817971104,2.805876665948676,1.4689666217258397,0.3939907363738715,0.9355191857649894,-2.0803442457514043,-0.3104299951037566
12.0,48.0,1006.0455322265624,-3.459141677295368,-4.657695884618309,-1.4337154381638408,2.110048817971104,2.805876665948676,1.4689868240136443,0.3939907399215225,0.9355191857649894,-2.0803442457514043,-0.3104299951037566
12.0,48.0,1006.0455322265624,-3.459141677295368,-4.657695884618309,-1.4337154381638408,2.110048817971104,2.805876665948676,1.4689868240136443,0.3939909934725046,0.9355191857649894,-2.0803442457514043,-0.3104299951037566
12.0,49.0,1004.853271484375,-3.4591579281576816,-4.7160299814534765,-1.4363177737191606,2.1334699404495807,2.805876665948676,1.7763137828845452,0.2648749707080514,1.3853255853526851,-2.2701601998221697,-0.3105430959585473
12.0,49.0,1005.0448608398438,-3.4591537108884696,-4.714777624896708,-1.4363177737191606,2.1334699404495807,2.805876665948676,1.776326167881951,0.2669393501428314,1.3853255853526851,-2.264833942983213,-0.3105430959585473
12.0,49.0,1005.3280639648438,-3.45915801205161,-4.717331263115366,-1.4358805186085946,2.1334699404495807,2.805876665948676,1.7767492865451813,0.2648749911928425,1.3649311253773957,-2.2754141646532737,-0.2968928649276069
12.0,49.0,1005.3857421875,-3.45915801205161,-4.65966620080126,-1.435838160250782,2.1334699404495807,2.805876665948676,1.7767492865451813,0.264875829504364,1.3486561910984576,-2.270226863132095,-0.2968952646960751
12.0,49.0,1005.38623046875,-3.45915801205161,-4.65969785611794,-1.4358699004539106,2.1334699404495807,2.805876665948676,1.7767496699831422,0.264875829504364,1.3490705555544509,-2.270226863132095,-0.2968928649276069
12.0,49.0,1005.38623046875,-3.45915801205161,-4.65969785611794,-1.4358699004539106,2.1334699404495807,2.805876665948676,1.7767496699831422,0.264875829504364,1.3490705555544509,-2.270226863132095,-0.2968928649276069
12.0,49.0,1005.3865966796876,-3.45915801205161,-4.65966620080126,-1.4358699004539106,2.1334699404495807,2.805876665948676,1.7767492865451813,0.264875829504364,1.3490718322047774,-2.270226863132095,-0.2968928649276069
12.0,49.0,1005.3865966796876,-3.45915801205161,-4.65966620080126,-1.4358699004539106,2.1334699404495807,2.805876665948676,1.7767492865451813,0.264875829504364,1.3490718322047774,-2.270226863132095,-0.2968928649276069
12.0,49.0,1005.3865966796876,-3.45915801205161,-4.65966620080126,-1.4358699004539106,2.1334699404495807,2.805876665948676,1.7767492865451813,0.264875829504364,1.3490718322047774,-2.270226863132095,-0.2968928649276069
12.0,49.0,1005.3877563476562,-3.45915801205161,-4.659627101127353,-1.4358699004539106,2.1334699404495807,2.805876665948676,1.776749303617883,0.264875829504364,1.34922421339668,-2.270226863132095,-0.2968928649276069
12.0,49.0,1005.419921875,-3.45915801205161,-4.657695884618309,-1.4358699004539106,2.1334699404495807,2.805876665948676,1.7767492865451813,0.264875829504364,1.3490718322047774,-2.270226863132095,-0.2968928649276069
12.0,49.0,1005.419921875,-3.45915801205161,-4.657695884618309,-1.4358699004539106,2.1334699404495807,2.805876665948676,1.7767492865451813,0.264875829504364,1.3490718322047774,-2.270226863132095,-0.2968928649276069
12.0,49.0,1005.419921875,-3.45915801205161,-4.657695884618309,-1.4358699004539106,2.1334699404495807,2.805876665948676,1.7767492865451813,0.264875829504364,1.3490718322047774,-2.270226863132095,-0.2968928649276069
12.0,49.0,1005.419921875,-3.4591580496376184,-4.657695884618309,-1.4358699004539106,2.1334699404495807,2.805876665948676,1.7767492865451813,0.264875829504364,1.3490718322047774,-2.270226863132095,-0.2968928649276069
12.0,49.0,1005.4227905273438,-3.45915801205161,-4.657695884618309,-1.4358699004539106,2.1334699404495807,2.805876665948676,1.7767559843208776,0.264875829504364,1.3498080459813198,-2.270226863132095,-0.2968928649276069
12.0,49.0,1005.4227905273438,-3.459157816392318,-4.657695884618309,-1.4358699004539106,2.1334699404495807,2.805876665948676,1.7767559843208776,0.264875829504364,1.3498080459813198,-2.270226863132095,-0.2968928649276069
12.0,49.0,1005.4282836914062,-3.45915801205161,-4.657695884618309,-1.4358699004539106,2.1334699404495807,2.805876665948676,1.7763479058442853,0.264875829504364,1.3490718322047774,-2.270226863132095,-0.2968928649276069
12.0,49.0,1005.4282836914062,-3.45915801205161,-4.657695884618309,-1.4358699004539106,2.1334699404495807,2.805876665948676,1.7763479058442853,0.264875829504364,1.3490718322047774,-2.270226863132095,-0.2968928649276069
12.0,49.0,1005.45654296875,-3.459158166503732,-4.659526180250926,-1.4358699004539106,2.1334699404495807,2.805876665948676,1.7767492619704626,0.2669402089391441,1.3488792956018174,-2.270005019472693,-0.2968928649276069
12.0,49.0,1005.4793090820312,-3.45915801205161,-4.657695884618309,-1.4358699004539106,2.1334699404495807,2.805876665948676,1.7767492865451813,0.264875829504364,1.3649311253773957,-2.2754141646532737,-0.2968928649276069
12.0,49.0,1005.4832763671876,-3.45915801205161,-4.657695884618309,-1.4358699004539106,2.1334699404495807,2.805876665948676,1.7767492865451813,0.264875829504364,1.364931126804888,-2.2752050013031533,-0.2968928649276069
12.0,49.0,1005.4832763671876,-3.45915801205161,-4.657695884618309,-1.4358699004539106,2.1334699404495807,2.805876665948676,1.7767492865451813,0.264875829504364,1.364931126804888,-2.2752050013031533,-0.2968928649276069
12.0,49.0,1005.4873046875,-3.459157814071389,-4.657695884618309,-1.4358699004539106,2.1334699404495807,2.805876665948676,1.7763259929506854,0.264875829504364,1.364817471179386,-2.2752050013031533,-0.2968928649276069
12.0,49.0,1005.4873046875,-3.459157814071389,-4.657695884618309,-1.4358699004539106,2.1334699404495807,2.805876665948676,1.7763273239213804,0.264875829504364,1.364817471179386,-2.2752050013031533,-0.2968928649276069
12.0,49.0,1005.48876953125,-3.459157814071389,-4.657695884618309,-1.4358700180453468,2.1334699404495807,2.805876665948676,1.7763259929506854,0.2648128090053924,1.364837028609673,-2.2752050013031533,-0.2967665718796865
12.0,49.0,1005.5518188476562,-3.461300526796382,-4.657692235740542,-1.4358379659731897,2.112761547629633,2.805876665948676,1.7860288094349135,0.2595202107593787,1.3465492227537486,-2.2823422569984806,-0.3106814965051827
12.0,49.0,1005.5621948242188,-3.45915801205161,-4.659669849679026,-1.43587326565587,2.1334699404495807,2.805876665948676,1.446982905153673,0.2650023767151258,1.3485624941574643,-2.270226863132095,-0.2968952646960751
12.0,49.0,1005.5801391601562,-3.760370774497913,-4.713951777453646,-1.4363177737191606,2.1334699404495807,2.805876665948676,1.7763225040137969,0.2668521004960441,1.3855069735262784,-2.42981847716393,-0.3105430959585473
12.0,49.0,1005.5825805664062,-3.459158049625861,-4.657766639608895,-1.4358699004539106,2.1334699404495807,2.805876665948676,1.7767496529104403,0.264875829504364,1.364780832045723,-2.270226863132095,-0.2968928649276069
12.0,49.0,1005.5860595703124,-3.45915801205161,-4.657695884618309,-1.4358699004539106,2.1334699404495807,2.805876665948676,1.7767492865451813,0.264875829504364,1.3649311253773957,-2.270226863132095,-0.2968928649276069
12.0,49.0,1005.5860595703124,-3.459158049625861,-4.657695884618309,-1.4358699004539106,2.1334699404495807,2.805876665948676,1.7767492865451813,0.264875829504364,1.3649344898879523,-2.270226863132095,-0.2968928649276069
12.0,49.0,1005.5860595703124,-3.459158049625861,-4.657695884618309,-1.4358699004539106,2.1334699404495807,2.805876665948676,1.7767492865451813,0.264875829504364,1.3649344898879523,-2.270226863132095,-0.2968928649276069
12.0,49.0,1005.5860595703124,-3.459158049625861,-4.657695884618309,-1.4358699004539106,2.1334699404495807,2.805876665948676,1.7767492865451813,0.264875829504364,1.3649344898879523,-2.270226863132095,-0.2968928649276069
12.0,49.0,1005.5860595703124,-3.459158049625861,-4.657695884618309,-1.4358699004539106,2.1334699404495807,2.805876665948676,1.7767492865451813,0.264875829504364,1.3649344898879523,-2.270226863132095,-0.2968928649276069
12.0,49.0,1005.5860595703124,-3.4591580120398526,-4.657695884618309,-1.4358699004539106,2.1334699404495807,2.805876665948676,1.7767492865451813,0.264875829504364,1.3649344898879523,-2.270226863132095,-0.2968928649276069
12.0,49.0,1005.5860595703124,-3.4591580480188275,-4.657695884618309,-1.4358699004539106,2.1334699404495807,2.805876665948676,1.7767492865451813,0.264875829504364,1.3649344898879523,-2.270226863132095,-0.2968928649276069
12.0,49.0,1005.5860595703124,-3.459158049625861,-4.657695884618309,-1.4358699004539106,2.1334699404495807,2.805876665948676,1.7767492865451813,0.264875829504364,1.3649344898879523,-2.270226863132095,-0.2968928649276069
12.0,49.0,1005.6426391601562,-3.459158049625861,-4.657695884618309,-1.433853541186891,2.298893743555632,2.805876665948676,1.7767492865451813,0.264875829504364,1.4123739537794855,-2.270226863132095,-0.29639856031334
12.0,49.0,1005.6444091796876,-3.459158049625861,-4.657695884618309,-1.4338852813900196,2.298893743555632,2.805876665948676,1.7767492865451813,0.264875829504364,1.4127895948858051,-2.270226863132095,-0.2963961605448718
12.0,49.0,1005.6446533203124,-3.4591537108884696,-4.657695884618309,-1.4358699004539106,2.1334699404495807,2.805876665948676,1.776326167881951,0.2658055114660163,1.3656567955228398,-2.270226863132095,-0.2968928649276069
12.0,49.0,1005.6536865234376,-3.459158051355275,-4.657695884618309,-1.433853541186891,2.298893743555632,2.805876665948676,1.7767492865451813,0.264875829504364,1.4123739537794855,-2.270226863132095,-0.2969095028319348
12.0,49.0,1005.7389526367188,-3.461300526796382,-4.657695884618309,-1.4358730713782777,2.112761547629633,2.805876665948676,1.456262428043405,0.2596467579701405,1.3464555258127553,-2.2823422569984806,-0.3106814965051827
12.0,49.0,1005.7389526367188,-3.461300526796382,-4.657695884618309,-1.4358730713782777,2.112761547629633,2.805876665948676,1.456262428043405,0.2596467579701405,1.3464555258127553,-2.2823422569984806,-0.3106814965051827
12.0,49.0,1005.7620239257812,-3.46244591668865,-4.657695884618309,-1.4358699004539106,2.133009222399992,2.805876665948676,1.776326167881951,0.2655836231659551,1.3377307163897554,-2.270999265187866,-0.310507631332682
12.0,49.0,1005.8291015625,-3.459153832356649,-4.65644352806154,-1.4358699004539106,2.1334699404495807,2.805876665948676,1.776761671542587,0.2669402089391441,1.3649344898879523,-2.2649006062931387,-0.2968928649276069
12.0,49.0,1005.833984375,-3.459153728250728,-4.656432697443777,-1.4358699004539106,2.1334699404495807,2.805876665948676,1.7767483328175575,0.2669402089391441,1.3649312055923413,-2.264743076515025,-0.2968928649276069
12.0,49.0,1005.8488159179688,-3.45915801041084,-4.657695884618309,-1.4358699004539106,2.5717566306199338,2.805876665948676,1.7767492865451813,0.2676289296230205,1.365706145258098,-2.270226863132095,-0.2968928649276069
12.0,49.0,1005.8504638671876,-3.45915801205161,-4.657695884618309,-1.4358699004539106,2.5569171397410115,2.805876665948676,1.7767492865451813,0.2678329631303213,1.2621273835330171,-2.270226863132095,-0.2968928649276069
12.0,49.0,1005.8504638671876,-3.45915801205161,-4.657695884618309,-1.4358699004539106,2.5569171397410115,2.805876665948676,1.7767492865451813,0.2678329631303213,1.2621273835330171,-2.270226863132095,-0.2968928649276069
12.0,49.0,1005.933349609375,-3.459158014885474,-4.659774088618139,-1.4358699004539106,2.1334699404495807,2.805876665948676,1.7767427092927526,0.2649058880539727,1.3853250415883374,-2.270226863132095,-0.2968928649276069
12.0,50.0,1004.687255859375,-3.4591579281576816,-4.720212751707344,-1.4363177737191606,2.1334699404495807,2.805876665948676,1.776767379101562,0.2648758498742249,1.3850037067081784,-2.2701601998221697,-0.3105430959585473
12.0,50.0,1004.853271484375,-3.4591579281576816,-4.7160299814534765,-1.4363177737191606,2.1334699404495807,2.805876665948676,1.7763137828845452,0.2648749707080514,1.3853255853526851,-2.2701601998221697,-0.3105430959585473
12.0,50.0,1005.0448608398438,-3.4591537108884696,-4.714777624896708,-1.4363177737191606,2.1334699404495807,2.805876665948676,1.776326167881951,0.2669393501428314,1.3853255853526851,-2.264833942983213,-0.3105430959585473
12.0,50.0,1005.257080078125,-3.4591579281576816,-4.7160299814534765,-1.4358092316040552,2.1334699404495807,2.805876665948676,1.7767271145290915,0.2648749707080514,1.3853255853526851,-2.2701601998221697,-0.2965306256492849
12.0,50.0,1005.2830200195312,-3.45915801205161,-4.659589295566094,-1.4358698510256525,2.1334699404495807,2.805876665948676,1.7767492865451813,0.264875829504364,1.3461365307001465,-2.2752050013031533,-0.2968928649276069
12.0,50.0,1005.312744140625,-3.4591580510625968,-4.657695884618309,-1.4358805747547694,2.1334699404495807,2.805876665948676,1.7767492865451813,0.264875004500771,1.3489707925103172,-2.2755620561714816,-0.2968928649276069
12.0,50.0,1005.314453125,-3.45915801205161,-4.657856874321979,-1.4358699004539106,2.1334699404495807,2.805876665948676,1.7767496693520397,0.264875829504364,1.3490705555544509,-2.2753442757526514,-0.2968928649276069
12.0,50.0,1005.3280639648438,-3.45915801205161,-4.717331263115366,-1.4358805186085946,2.1334699404495807,2.805876665948676,1.7767492865451813,0.2648749911928425,1.3649311253773957,-2.2754141646532737,-0.2968928649276069
12.0,50.0,1005.3796997070312,-3.45915801205161,-4.659627101127353,-1.4363338175558644,2.1334699404495807,2.805876665948676,1.7763274299252134,0.2648489673025305,1.34922421339668,-2.2702691755351783,-0.2968928649276069
12.0,50.0,1005.3857421875,-3.45915801205161,-4.65966620080126,-1.435838160250782,2.1334699404495807,2.805876665948676,1.7767492865451813,0.264875829504364,1.3486561910984576,-2.270226863132095,-0.2968952646960751
12.0,50.0,1005.3861694335938,-3.45915801205161,-4.65969785611794,-1.4358699004539106,2.1334699404495807,2.805876665948676,1.7767496593183374,0.264875829504364,1.3490656647335857,-2.270226863132095,-0.2968928649276069
12.0,50.0,1005.38623046875,-3.45915801205161,-4.65969785611794,-1.4358699004539106,2.1334699404495807,2.805876665948676,1.7767496699831422,0.264875829504364,1.3490705555544509,-2.270226863132095,-0.2968928649276069
12.0,50.0,1005.38623046875,-3.45915801205161,-4.65969785611794,-1.4358699004539106,2.1334699404495807,2.805876665948676,1.7767496699831422,0.264875829504364,1.3490705555544509,-2.270226863132095,-0.2968928649276069
12.0,50.0,1005.3865966796876,-3.45915801205161,-4.65966620080126,-1.4358699004539106,2.1334699404495807,2.805876665948676,1.7767492865451813,0.264875829504364,1.3490718322047774,-2.270226863132095,-0.2968928649276069
12.0,50.0,1005.3865966796876,-3.45915801205161,-4.65966620080126,-1.4358699004539106,2.1334699404495807,2.805876665948676,1.7767492865451813,0.264875829504364,1.3490718322047774,-2.270226863132095,-0.2968928649276069
12.0,50.0,1005.3865966796876,-3.45915801205161,-4.65966620080126,-1.4358699004539106,2.1334699404495807,2.805876665948676,1.7767492865451813,0.264875829504364,1.3490718322047774,-2.270226863132095,-0.2968928649276069
12.0,50.0,1005.3877563476562,-3.45915801205161,-4.659627101127353,-1.4358699004539106,2.1334699404495807,2.805876665948676,1.776749303617883,0.264875829504364,1.34922421339668,-2.270226863132095,-0.2968928649276069
12.0,50.0,1005.3877563476562,-3.45915801205161,-4.659627101127353,-1.4358699004539106,2.1334699404495807,2.805876665948676,1.7767493142826876,0.264875829504364,1.349229104217545,-2.270226863132095,-0.2968928649276069
12.0,50.0,1005.3928833007812,-3.45915801205161,-4.65965713934174,-1.4358699004539106,2.1334699404495807,2.805876665948676,1.7763479058442853,0.264875829504364,1.3490718322047774,-2.270226863132095,-0.2968928649276069
12.0,50.0,1005.4188842773438,-3.459158012234537,-4.657695884618309,-1.435869820771264,2.1334699404495807,2.805876665948676,1.7767492865451813,0.264875829504364,1.3487892939803217,-2.270226863132095,-0.2968928649276069
12.0,50.0,1005.4190673828124,-3.45915801205161,-4.657736601394508,-1.4358699004539106,2.1334699404495807,2.805876665948676,1.7767496699831422,0.264875829504364,1.3490705555544509,-2.270226863132095,-0.2968928649276069
12.0,50.0,1005.419921875,-3.45915801205161,-4.657695884618309,-1.4358699004539106,2.1334699404495807,2.805876665948676,1.7767492865451813,0.264875829504364,1.3490718322047774,-2.270226863132095,-0.2968928649276069
12.0,50.0,1005.419921875,-3.45915801205161,-4.657695884618309,-1.4358699004539106,2.1334699404495807,2.805876665948676,1.7767492865451813,0.264875829504364,1.3490718322047774,-2.270226863132095,-0.2968928649276069
12.0,50.0,1005.419921875,-3.45915801205161,-4.657695884618309,-1.4358699004539106,2.1334699404495807,2.805876665948676,1.7767492865451813,0.264875829504364,1.3490718322047774,-2.270226863132095,-0.2968928649276069
12.0,50.0,1005.419921875,-3.4591580496376184,-4.657695884618309,-1.4358699004539106,2.1334699404495807,2.805876665948676,1.7767492865451813,0.264875829504364,1.3490718322047774,-2.270226863132095,-0.2968928649276069
12.0,50.0,1005.419921875,-3.45915801205161,-4.657695884618309,-1.4358699004539106,2.1334699404495807,2.805876665948676,1.7767492865451813,0.264875829504364,1.3490718322047774,-2.270226863132095,-0.2968928649276069
12.0,50.0,1005.419921875,-3.45915801205161,-4.657695884618309,-1.4358699004539106,2.1334699404495807,2.805876665948676,1.7767492865451813,0.264875829504364,1.3490718322047774,-2.270226863132095,-0.2968928649276069
12.0,50.0,1005.4227905273438,-3.45915801205161,-4.657695884618309,-1.4358699004539106,2.1334699404495807,2.805876665948676,1.7767559843208776,0.264875829504364,1.3498080459813198,-2.270226863132095,-0.2968928649276069
12.0,50.0,1005.4227905273438,-3.459157816392318,-4.657695884618309,-1.4358699004539106,2.1334699404495807,2.805876665948676,1.7767559843208776,0.264875829504364,1.3498080459813198,-2.270226863132095,-0.2968928649276069
12.0,50.0,1005.4282836914062,-3.45915801205161,-4.657695884618309,-1.4358699004539106,2.1334699404495807,2.805876665948676,1.7763479058442853,0.264875829504364,1.3490718322047774,-2.270226863132095,-0.2968928649276069
12.0,50.0,1005.4282836914062,-3.45915801205161,-4.657695884618309,-1.4358699004539106,2.1334699404495807,2.805876665948676,1.7763479058442853,0.264875829504364,1.3490718322047774,-2.270226863132095,-0.2968928649276069
12.0,50.0,1005.4317016601562,-3.45915801205161,-4.717331263115366,-1.4358805186085946,2.1334699404495807,2.805876665948676,1.7767492865451813,0.264874998188102,1.3502778646764586,-2.2754141646532737,-0.2968928649276069
12.0,50.0,1005.45654296875,-3.459158166503732,-4.659526180250926,-1.4358699004539106,2.1334699404495807,2.805876665948676,1.7767492619704626,0.2669402089391441,1.3488792956018174,-2.270005019472693,-0.2968928649276069
12.0,50.0,1005.4793090820312,-3.45915801205161,-4.657695884618309,-1.4358699004539106,2.1334699404495807,2.805876665948676,1.7767492865451813,0.264875829504364,1.3649311253773957,-2.2754141646532737,-0.2968928649276069
12.0,50.0,1005.4832763671876,-3.45915801205161,-4.657695884618309,-1.4358699004539106,2.1334699404495807,2.805876665948676,1.7767492865451813,0.264875829504364,1.364931126804888,-2.2752050013031533,-0.2968928649276069
12.0,50.0,1005.4832763671876,-3.45915801205161,-4.657695884618309,-1.4358699004539106,2.1334699404495807,2.805876665948676,1.7767492865451813,0.264875829504364,1.364931126804888,-2.2752050013031533,-0.2968928649276069
12.0,50.0,1005.4873046875,-3.459157814071389,-4.657695884618309,-1.4358699004539106,2.1334699404495807,2.805876665948676,1.7763259929506854,0.264875829504364,1.364817471179386,-2.2752050013031533,-0.2968928649276069
12.0,50.0,1005.4873046875,-3.459157814071389,-4.657695884618309,-1.4358699004539106,2.1334699404495807,2.805876665948676,1.7763273239213804,0.264875829504364,1.364817471179386,-2.2752050013031533,-0.2968928649276069
12.0,50.0,1005.48876953125,-3.459157814071389,-4.657695884618309,-1.4358700180453468,2.1334699404495807,2.805876665948676,1.7763259929506854,0.2648128090053924,1.364837028609673,-2.2752050013031533,-0.2967665718796865
12.0,50.0,1005.4891967773438,-3.459157814071389,-4.657695884618309,-1.4358699004539106,2.1334699404495807,2.805876665948676,1.7763259929506854,0.264875829504364,1.3649406649996574,-2.2752050013031533,-0.2968928649276069
12.0,50.0,1005.5518188476562,-3.461300526796382,-4.657692235740542,-1.4358379659731897,2.112761547629633,2.805876665948676,1.7860288094349135,0.2595202107593787,1.3465492227537486,-2.2823422569984806,-0.3106814965051827
12.0,50.0,1005.5621948242188,-3.45915801205161,-4.659669849679026,-1.43587326565587,2.1334699404495807,2.805876665948676,1.446982905153673,0.2650023767151258,1.3485624941574643,-2.270226863132095,-0.2968952646960751
12.0,50.0,1005.56640625,-3.459158049442934,-4.65966620080126,-1.4358382399334286,2.1334699404495807,2.805876665948676,1.7767492865451813,0.264875829504364,1.3648013870060882,-2.270226863132095,-0.2968952646960751
12.0,50.0,1005.5665893554688,-3.45915801205161,-4.657695884618309,-1.4358699004539106,2.1334699404495807,2.805876665948676,1.7767492865451813,0.2648758225091045,1.3637250929057148,-2.270226863132095,-0.2968928649276069
12.0,50.0,1005.5713500976562,-3.45915801205161,-4.659536866414269,-1.4358699004539106,2.1334699404495807,2.805876665948676,1.776749287176284,0.264875829504364,1.364931126804888,-2.270087588682597,-0.2968928649276069
12.0,50.0,1005.5801391601562,-3.760370774497913,-4.713951777453646,-1.4363177737191606,2.1334699404495807,2.805876665948676,1.7763225040137969,0.2668521004960441,1.3855069735262784,-2.42981847716393,-0.3105430959585473
12.0,50.0,1005.5825805664062,-3.459158049625861,-4.657766639608895,-1.4358699004539106,2.1334699404495807,2.805876665948676,1.7767496529104403,0.264875829504364,1.364780832045723,-2.270226863132095,-0.2968928649276069
12.0,50.0,1005.5825805664062,-3.459158049625861,-4.657766639608895,-1.4358699004539106,2.1334699404495807,2.805876665948676,1.7767496529104403,0.264875829504364,1.364780832045723,-2.270226863132095,-0.2968928649276069
12.0,50.0,1005.5828247070312,-3.45915801205161,-4.657695884618309,-1.4358699004539106,2.1334699404495807,2.805876665948676,1.7767530552432582,0.264875829504364,1.3647391530911537,-2.270226863132095,-0.2968928649276069
12.0,50.0,1005.5851440429688,-3.45915801205161,-4.657695884618309,-1.4358699004539106,2.1334699404495807,2.805876665948676,1.7767492865451813,0.2648535817679676,1.3649311253773957,-2.270226863132095,-0.2968928649276069
12.0,51.0,1004.687255859375,-3.4591579281576816,-4.720212751707344,-1.4363177737191606,2.1334699404495807,2.805876665948676,1.776767379101562,0.2648758498742249,1.3850037067081784,-2.2701601998221697,-0.3105430959585473
12.0,51.0,1004.853271484375,-3.4591579281576816,-4.7160299814534765,-1.4363177737191606,2.1334699404495807,2.805876665948676,1.7763137828845452,0.2648749707080514,1.3853255853526851,-2.2701601998221697,-0.3105430959585473
12.0,51.0,1004.93994140625,-3.6643432232763073,-4.659627101127353,-1.4363338175558644,2.1334699404495807,2.805876665948676,1.7763274299252134,0.2648489673025305,1.34922421339668,-2.2702691755351783,-0.2968928649276069
12.0,51.0,1005.0448608398438,-3.4591537108884696,-4.714777624896708,-1.4363177737191606,2.1334699404495807,2.805876665948676,1.776326167881951,0.2669393501428314,1.3853255853526851,-2.264833942983213,-0.3105430959585473
12.0,51.0,1005.1736450195312,-3.4591580510625968,-4.720611244895704,-1.4363171766426106,2.1334699404495807,2.805876665948676,1.7767497005498434,0.264875005806409,1.3489707925103172,-2.275591970795191,-0.3103498737136756
12.0,51.0,1005.2215576171876,-3.459153729105254,-4.714777624896708,-1.4363177737191606,2.1334699404495807,2.805876665948676,1.7767583274244958,0.2669393501428314,1.3893340805443195,-2.264833942983213,-0.2970954290179246
12.0,51.0,1005.244140625,-3.459158012199635,-4.7160299814534765,-1.4358092316040552,2.1334699404495807,2.805876665948676,1.7767271145290915,0.2648749707080514,1.3857008780836684,-2.2701601998221697,-0.2965306256492849
12.0,51.0,1005.257080078125,-3.4591579281576816,-4.7160299814534765,-1.4358092316040552,2.1334699404495807,2.805876665948676,1.7767271145290915,0.2648749707080514,1.3853255853526851,-2.2701601998221697,-0.2965306256492849
12.0,51.0,1005.2830200195312,-3.45915801205161,-4.659589295566094,-1.4358698510256525,2.1334699404495807,2.805876665948676,1.7767492865451813,0.264875829504364,1.3461365307001465,-2.2752050013031533,-0.2968928649276069
12.0,51.0,1005.2882080078124,-3.4591580091438154,-4.6594682703427095,-1.4358805747547694,2.1334699404495807,2.805876665948676,1.7767492865451813,0.2648749675670527,1.3489707925103172,-2.2755538147731422,-0.2968928649276069
12.0,51.0,1005.2946166992188,-3.45915801205161,-4.657812229954451,-1.4999845950954644,2.1334699404495807,2.805876665948676,1.7767492865451813,0.264875829504364,1.3490718322047774,-2.270226863132095,-0.2968928649276069
12.0,51.0,1005.312744140625,-3.4591580510625968,-4.657695884618309,-1.4358805747547694,2.1334699404495807,2.805876665948676,1.7767492865451813,0.264875004500771,1.3489707925103172,-2.2755620561714816,-0.2968928649276069
12.0,51.0,1005.314453125,-3.45915801205161,-4.657856874321979,-1.4358699004539106,2.1334699404495807,2.805876665948676,1.7767496693520397,0.264875829504364,1.3490705555544509,-2.2753442757526514,-0.2968928649276069
12.0,51.0,1005.314453125,-3.45915801205161,-4.657856874321979,-1.4358699004539106,2.1334699404495807,2.805876665948676,1.7767496641333909,0.264875829504364,1.3490705555544509,-2.2753442757526514,-0.2968928649276069
12.0,51.0,1005.3162231445312,-3.45915801205161,-4.657736601394508,-1.4358712943835257,2.1334699404495807,2.805876665948676,1.7767496699831422,0.264875829504364,1.3490006222001745,-2.275344965462513,-0.2968928649276069
12.0,51.0,1005.3280639648438,-3.45915801205161,-4.717331263115366,-1.4358805186085946,2.1334699404495807,2.805876665948676,1.7767492865451813,0.2648749911928425,1.3649311253773957,-2.2754141646532737,-0.2968928649276069
12.0,51.0,1005.3754272460938,-3.45915801205161,-4.659699855440668,-1.4358699004539106,2.1334699404495807,2.805876665948676,1.7895884587287263,0.264875829504364,1.3490718322047774,-2.270226863132095,-0.2968928649276069
12.0,51.0,1005.3796997070312,-3.45915801205161,-4.659627101127353,-1.4363338175558644,2.1334699404495807,2.805876665948676,1.7763274299252134,0.2648489673025305,1.34922421339668,-2.2702691755351783,-0.2968928649276069
12.0,51.0,1005.3857421875,-3.45915801205161,-4.65966620080126,-1.435838160250782,2.1334699404495807,2.805876665948676,1.7767492865451813,0.264875829504364,1.3486561910984576,-2.270226863132095,-0.2968952646960751
12.0,51.0,1005.3861694335938,-3.45915801205161,-4.65969785611794,-1.4358699004539106,2.1334699404495807,2.805876665948676,1.7767496593183374,0.264875829504364,1.3490656647335857,-2.270226863132095,-0.2968928649276069
12.0,51.0,1005.3861694335938,-3.45915801205161,-4.65969785611794,-1.4358699004539106,2.1334699404495807,2.805876665948676,1.7767496699760237,0.264875829504364,1.3490656647335857,-2.270226863132095,-0.2968928649276069
12.0,51.0,1005.38623046875,-3.45915801205161,-4.65969785611794,-1.4358699004539106,2.1334699404495807,2.805876665948676,1.7767496699831422,0.264875829504364,1.3490705555544509,-2.270226863132095,-0.2968928649276069
12.0,51.0,1005.38623046875,-3.45915801205161,-4.65969785611794,-1.4358699004539106,2.1334699404495807,2.805876665948676,1.7767496699831422,0.264875829504364,1.3490705555544509,-2.270226863132095,-0.2968928649276069
12.0,51.0,1005.38623046875,-3.45915801205161,-4.65969785611794,-1.4358699004539106,2.1334699404495807,2.805876665948676,1.7767496593254564,0.264875829504364,1.3490705555544509,-2.270226863132095,-0.2968928649276069
12.0,51.0,1005.3865966796876,-3.45915801205161,-4.65966620080126,-1.4358699004539106,2.1334699404495807,2.805876665948676,1.7767492865451813,0.264875829504364,1.3490718322047774,-2.270226863132095,-0.2968928649276069
12.0,51.0,1005.3865966796876,-3.45915801205161,-4.65966620080126,-1.4358699004539106,2.1334699404495807,2.805876665948676,1.7767492865451813,0.264875829504364,1.3490718322047774,-2.270226863132095,-0.2968928649276069
12.0,51.0,1005.3865966796876,-3.45915801205161,-4.65966620080126,-1.4358699004539106,2.1334699404495807,2.805876665948676,1.7767492865451813,0.264875829504364,1.3490718322047774,-2.270226863132095,-0.2968928649276069
12.0,51.0,1005.3872680664062,-3.45915801205161,-4.65966620080126,-1.4358699004539106,2.1334699404495807,2.805876665948676,1.7767492871646708,0.264875829504364,1.3492268614282803,-2.270226863132095,-0.2968928649276069
12.0,51.0,1005.3877563476562,-3.45915801205161,-4.659627101127353,-1.4358699004539106,2.1334699404495807,2.805876665948676,1.776749303617883,0.264875829504364,1.34922421339668,-2.270226863132095,-0.2968928649276069
12.0,51.0,1005.3877563476562,-3.45915801205161,-4.659627101127353,-1.4358699004539106,2.1334699404495807,2.805876665948676,1.7767493142826876,0.264875829504364,1.349229104217545,-2.270226863132095,-0.2968928649276069
12.0,51.0,1005.3928833007812,-3.45915801205161,-4.65965713934174,-1.4358699004539106,2.1334699404495807,2.805876665948676,1.7763479058442853,0.264875829504364,1.3490718322047774,-2.270226863132095,-0.2968928649276069
12.0,51.0,1005.4149169921876,-3.459158053970391,-4.657925470393539,-1.4358699004539106,2.1334699404495807,2.805876665948676,1.7767496699831422,0.2648758664380824,1.3490705555544509,-2.270235104530435,-0.2968928649276069
12.0,51.0,1005.4188842773438,-3.459158012234537,-4.657695884618309,-1.435869820771264,2.1334699404495807,2.805876665948676,1.7767492865451813,0.264875829504364,1.3487892939803217,-2.270226863132095,-0.2968928649276069
12.0,51.0,1005.4188842773438,-3.459158012234537,-4.657695884618309,-1.435869820771264,2.1334699404495807,2.805876665948676,1.7767492865451813,0.264875829504364,1.34879066585271,-2.270226863132095,-0.2968928649276069
12.0,51.0,1005.4190673828124,-3.45915801205161,-4.657736601394508,-1.4358699004539106,2.1334699404495807,2.805876665948676,1.7767496699831422,0.264875829504364,1.3490705555544509,-2.270226863132095,-0.2968928649276069
12.0,51.0,1005.4197387695312,-3.45915801205161,-4.657704072556808,-1.4358699004539106,2.1334699404495807,2.805876665948676,1.7767496636197009,0.264875829504364,1.3490718322047774,-2.270226863132095,-0.2968928649276069
12.0,51.0,1005.4198608398438,-3.45915801205161,-4.657695884618309,-1.4358699004539106,2.1334699404495807,2.805876665948676,1.7767492865451813,0.264875829504364,1.349057307423263,-2.270226863132095,-0.2968928649276069
12.0,51.0,1005.419921875,-3.45915801205161,-4.657695884618309,-1.4358699004539106,2.1334699404495807,2.805876665948676,1.7767492865451813,0.264875829504364,1.3490718322047774,-2.270226863132095,-0.2968928649276069
12.0,51.0,1005.419921875,-3.45915801205161,-4.657695884618309,-1.4358699004539106,2.1334699404495807,2.805876665948676,1.7767492865451813,0.264875829504364,1.3490718322047774,-2.270226863132095,-0.2968928649276069
12.0,51.0,1005.419921875,-3.45915801205161,-4.657695884618309,-1.4358699004539106,2.1334699404495807,2.805876665948676,1.7767492865451813,0.264875829504364,1.3490718322047774,-2.270226863132095,-0.2968928649276069
12.0,51.0,1005.419921875,-3.4591580496376184,-4.657695884618309,-1.4358699004539106,2.1334699404495807,2.805876665948676,1.7767492865451813,0.264875829504364,1.3490718322047774,-2.270226863132095,-0.2968928649276069
12.0,51.0,1005.419921875,-3.45915801205161,-4.657695884618309,-1.4358699004539106,2.1334699404495807,2.805876665948676,1.7767492865451813,0.264875829504364,1.3490718322047774,-2.270226863132095,-0.2968928649276069
12.0,51.0,1005.419921875,-3.45915801205161,-4.657695884618309,-1.4358699004539106,2.1334699404495807,2.805876665948676,1.7767492865451813,0.264875829504364,1.3490718322047774,-2.270226863132095,-0.2968928649276069
12.0,51.0,1005.419921875,-3.45915801205161,-4.657695884618309,-1.4358699004539106,2.1334699404495807,2.805876665948676,1.77674929176383,0.264875829504364,1.3490718322047774,-2.270226863132095,-0.2968928649276069
12.0,51.0,1005.4199829101562,-3.45915801205161,-4.657695884618309,-1.4358699004539106,2.1334699404495807,2.805876665948676,1.7767465921422108,0.264875829504364,1.3490718322047774,-2.270226863132095,-0.2968928649276069
12.0,51.0,1005.4212036132812,-3.4591579280096565,-4.657695884618309,-1.4358699004539106,2.1334699404495807,2.805876665948676,1.7767559843208776,0.264875829504364,1.3494327532503363,-2.270226863132095,-0.2968928649276069
12.0,51.0,1005.4227905273438,-3.45915801205161,-4.657695884618309,-1.4358699004539106,2.1334699404495807,2.805876665948676,1.7767559843208776,0.264875829504364,1.3498080459813198,-2.270226863132095,-0.2968928649276069
12.0,51.0,1005.4227905273438,-3.459157816392318,-4.657695884618309,-1.4358699004539106,2.1334699404495807,2.805876665948676,1.7767559843208776,0.264875829504364,1.3498080459813198,-2.270226863132095,-0.2968928649276069
12.0,51.0,1005.4248046875,-3.45915801205161,-4.657695884618309,-1.4358699004539106,2.1334699404495807,2.805876665948676,1.7767559843208776,0.264875829504364,1.3498080459813198,-2.2701360299285818,-0.2968928649276069
12.0,51.0,1005.4282836914062,-3.45915801205161,-4.657695884618309,-1.4358699004539106,2.1334699404495807,2.805876665948676,1.7763479058442853,0.264875829504364,1.3490718322047774,-2.270226863132095,-0.2968928649276069
12.0,52.0,1004.687255859375,-3.4591579281576816,-4.720212751707344,-1.4363177737191606,2.1334699404495807,2.805876665948676,1.776767379101562,0.2648758498742249,1.3850037067081784,-2.2701601998221697,-0.3105430959585473
12.0,52.0,1004.687255859375,-3.4591579281576816,-4.720212751707344,-1.4363177737191606,2.1334699404495807,2.805876665948676,1.776767379101562,0.2648758498742249,1.3850037067081784,-2.2701601998221697,-0.3105430959585473
12.0,52.0,1004.8441162109376,-3.4591579281576816,-4.7160299814534765,-1.4363109029005243,2.1334699404495807,2.805876665948676,1.776748433953624,0.2648749707080514,1.3853255853526851,-2.2701601998221697,-0.3105430959585473
12.0,52.0,1004.853271484375,-3.4591579281576816,-4.7160299814534765,-1.4363177737191606,2.1334699404495807,2.805876665948676,1.7763137828845452,0.2648749707080514,1.3853255853526851,-2.2701601998221697,-0.3105430959585473
12.0,52.0,1004.8607177734376,-3.4591579250785567,-4.7160299814534765,-1.435883466695024,2.1334699404495807,2.805876665948676,1.7763024601677997,0.2648749707080514,1.3853255853526851,-2.270215270416038,-0.3105430959585473
12.0,52.0,1004.93994140625,-3.6643432232763073,-4.659627101127353,-1.4363338175558644,2.1334699404495807,2.805876665948676,1.7763274299252134,0.2648489673025305,1.34922421339668,-2.2702691755351783,-0.2968928649276069
12.0,52.0,1005.0448608398438,-3.4591537108884696,-4.714777624896708,-1.4363177737191606,2.1334699404495807,2.805876665948676,1.776326167881951,0.2669393501428314,1.3853255853526851,-2.264833942983213,-0.3105430959585473
12.0,52.0,1005.1136474609376,-3.459158012199635,-4.7160299814534765,-1.4358092316040552,2.1334699404495807,2.805876665948676,1.7767493484978134,0.2648749707080514,1.3893289982529615,-2.2702260690513136,-0.2965306256492849
12.0,52.0,1005.1736450195312,-3.4591580510625968,-4.720611244895704,-1.4363171766426106,2.1334699404495807,2.805876665948676,1.7767497005498434,0.264875005806409,1.3489707925103172,-2.275591970795191,-0.3103498737136756
12.0,52.0,1005.2215576171876,-3.459153729105254,-4.714777624896708,-1.4363177737191606,2.1334699404495807,2.805876665948676,1.7767583274244958,0.2669393501428314,1.3893340805443195,-2.264833942983213,-0.2970954290179246
12.0,52.0,1005.244140625,-3.459158012199635,-4.7160299814534765,-1.4358092316040552,2.1334699404495807,2.805876665948676,1.7767271145290915,0.2648749707080514,1.3857008780836684,-2.2701601998221697,-0.2965306256492849
12.0,52.0,1005.257080078125,-3.4591579281576816,-4.7160299814534765,-1.4358092316040552,2.1334699404495807,2.805876665948676,1.7767271145290915,0.2648749707080514,1.3853255853526851,-2.2701601998221697,-0.2965306256492849
12.0,52.0,1005.2607421875,-3.45915801205161,-4.65786004619199,-1.4358699004539106,2.1334699404495807,2.805876665948676,1.783871866530135,0.264875829504364,1.3490705555544509,-2.2753449674807125,-0.2968928649276069
12.0,52.0,1005.2830200195312,-3.45915801205161,-4.659589295566094,-1.4358698510256525,2.1334699404495807,2.805876665948676,1.7767492865451813,0.264875829504364,1.3461365307001465,-2.2752050013031533,-0.2968928649276069
12.0,52.0,1005.2860717773438,-3.4591580091159666,-4.659682754192043,-1.4358805747547694,2.1334699404495807,2.805876665948676,1.7767496722485994,0.2648758001403841,1.3489695174318428,-2.2755538147731422,-0.2968928649276069
12.0,52.0,1005.2872924804688,-3.4591580130145387,-4.659525382286394,-1.4358853672884166,2.1334699404495807,2.805876665948676,1.7767492865451813,0.2648737047163229,1.3489744260281449,-2.2755620561714816,-0.2968928649276069
12.0,52.0,1005.2882080078124,-3.4591580091438154,-4.6594682703427095,-1.4358805747547694,2.1334699404495807,2.805876665948676,1.7767492865451813,0.2648749675670527,1.3489707925103172,-2.2755538147731422,-0.2968928649276069
12.0,52.0,1005.2946166992188,-3.45915801205161,-4.657812229954451,-1.4999845950954644,2.1334699404495807,2.805876665948676,1.7767492865451813,0.264875829504364,1.3490718322047774,-2.270226863132095,-0.2968928649276069
12.0,52.0,1005.3053588867188,-3.459158015130735,-4.657736601394508,-1.4363056014076625,2.1334699404495807,2.805876665948676,1.7767609926998875,0.264875829504364,1.3490006222001745,-2.2752898948686444,-0.2968928649276069
12.0,52.0,1005.312744140625,-3.4591580510625968,-4.657695884618309,-1.4358805747547694,2.1334699404495807,2.805876665948676,1.7767492865451813,0.264875004500771,1.3489707925103172,-2.2755620561714816,-0.2968928649276069
12.0,52.0,1005.314453125,-3.45915801205161,-4.657856874321979,-1.4358699004539106,2.1334699404495807,2.805876665948676,1.7767496693520397,0.264875829504364,1.3490705555544509,-2.2753442757526514,-0.2968928649276069
12.0,52.0,1005.314453125,-3.45915801205161,-4.657856874321979,-1.4358699004539106,2.1334699404495807,2.805876665948676,1.7767496641333909,0.264875829504364,1.3490705555544509,-2.2753442757526514,-0.2968928649276069
12.0,52.0,1005.3162231445312,-3.45915801205161,-4.657736601394508,-1.4358712943835257,2.1334699404495807,2.805876665948676,1.7767496699831422,0.264875829504364,1.3490006222001745,-2.275344965462513,-0.2968928649276069
12.0,52.0,1005.3280639648438,-3.45915801205161,-4.717331263115366,-1.4358805186085946,2.1334699404495807,2.805876665948676,1.7767492865451813,0.2648749911928425,1.3649311253773957,-2.2754141646532737,-0.2968928649276069
12.0,52.0,1005.3353881835938,-3.45915801205161,-4.717331263115366,-1.4358873894272304,2.1334699404495807,2.805876665948676,1.7763146354761028,0.2648749911928425,1.3649311253773957,-2.2754141646532737,-0.2968928649276069
12.0,52.0,1005.3741455078124,-3.4591585421556266,-4.65966620080126,-1.4363139246807224,2.1334699404495807,2.805876665948676,1.7767492865451813,0.2648646610183329,1.3491436191345931,-2.270226863132095,-0.2968928649276069
12.0,52.0,1005.3754272460938,-3.45915801205161,-4.659699855440668,-1.4358699004539106,2.1334699404495807,2.805876665948676,1.7895884587287263,0.264875829504364,1.3490718322047774,-2.270226863132095,-0.2968928649276069
12.0,52.0,1005.3796997070312,-3.45915801205161,-4.659627101127353,-1.4363338175558644,2.1334699404495807,2.805876665948676,1.7763274299252134,0.2648489673025305,1.34922421339668,-2.2702691755351783,-0.2968928649276069
12.0,52.0,1005.3853149414062,-3.45915801205161,-4.65970358975326,-1.435838160250782,2.1334699404495807,2.805876665948676,1.7767492865451813,0.264875829504364,1.348661084033201,-2.270226863132095,-0.2968952646960751
12.0,52.0,1005.3857421875,-3.45915801205161,-4.65966620080126,-1.435838160250782,2.1334699404495807,2.805876665948676,1.7767492865451813,0.264875829504364,1.3486561910984576,-2.270226863132095,-0.2968952646960751
12.0,52.0,1005.3861694335938,-3.45915801205161,-4.65969785611794,-1.4358699004539106,2.1334699404495807,2.805876665948676,1.7767496593183374,0.264875829504364,1.3490656647335857,-2.270226863132095,-0.2968928649276069
12.0,52.0,1005.3861694335938,-3.45915801205161,-4.65969785611794,-1.4358699004539106,2.1334699404495807,2.805876665948676,1.7767496699760237,0.264875829504364,1.3490656647335857,-2.270226863132095,-0.2968928649276069
12.0,52.0,1005.3861694335938,-3.45915801205161,-4.65969785611794,-1.4358699004539106,2.1334699404495807,2.805876665948676,1.7767492629038366,0.264875829504364,1.3490656647335857,-2.270226863132095,-0.2968928649276069
12.0,52.0,1005.38623046875,-3.45915801205161,-4.65969785611794,-1.4358699004539106,2.1334699404495807,2.805876665948676,1.7767496699831422,0.264875829504364,1.3490705555544509,-2.270226863132095,-0.2968928649276069
12.0,52.0,1005.38623046875,-3.45915801205161,-4.65969785611794,-1.4358699004539106,2.1334699404495807,2.805876665948676,1.7767496699831422,0.264875829504364,1.3490705555544509,-2.270226863132095,-0.2968928649276069
12.0,52.0,1005.38623046875,-3.45915801205161,-4.65969785611794,-1.4358699004539106,2.1334699404495807,2.805876665948676,1.7767496593254564,0.264875829504364,1.3490705555544509,-2.270226863132095,-0.2968928649276069
12.0,52.0,1005.38623046875,-3.45915801205161,-4.659695921368487,-1.4358699004539106,2.1334699404495807,2.805876665948676,1.7767493113377868,0.264875829504364,1.3490679290585532,-2.270226863132095,-0.2968928649276069
12.0,52.0,1005.3865966796876,-3.45915801205161,-4.65966620080126,-1.4358699004539106,2.1334699404495807,2.805876665948676,1.7767492865451813,0.264875829504364,1.3490718322047774,-2.270226863132095,-0.2968928649276069
12.0,52.0,1005.3865966796876,-3.45915801205161,-4.65966620080126,-1.4358699004539106,2.1334699404495807,2.805876665948676,1.7767492865451813,0.264875829504364,1.3490718322047774,-2.270226863132095,-0.2968928649276069
12.0,52.0,1005.3865966796876,-3.45915801205161,-4.65966620080126,-1.4358699004539106,2.1334699404495807,2.805876665948676,1.7767492865451813,0.264875829504364,1.3490718322047774,-2.270226863132095,-0.2968928649276069
12.0,52.0,1005.3870239257812,-3.45915801205161,-4.65969785611794,-1.4358699004539106,2.1334699404495807,2.805876665948676,1.7767456320115882,0.2648770240918649,1.3492276997681416,-2.270226863132095,-0.2968928649276069
12.0,52.0,1005.3872680664062,-3.45915801205161,-4.65966620080126,-1.4358699004539106,2.1334699404495807,2.805876665948676,1.7767492871646708,0.264875829504364,1.3492268614282803,-2.270226863132095,-0.2968928649276069
12.0,52.0,1005.3872680664062,-3.45915801205161,-4.659668135550712,-1.4358699004539106,2.1334699404495807,2.805876665948676,1.776749645810026,0.264875829504364,1.349229487924178,-2.270226863132095,-0.2968928649276069
12.0,52.0,1005.3877563476562,-3.45915801205161,-4.659627101127353,-1.4358699004539106,2.1334699404495807,2.805876665948676,1.776749303617883,0.264875829504364,1.34922421339668,-2.270226863132095,-0.2968928649276069
12.0,52.0,1005.3877563476562,-3.45915801205161,-4.659627101127353,-1.4358699004539106,2.1334699404495807,2.805876665948676,1.7767493142826876,0.264875829504364,1.349229104217545,-2.270226863132095,-0.2968928649276069
12.0,52.0,1005.3877563476562,-3.45915801205161,-4.659627101127353,-1.4358699004539106,2.1334699404495807,2.805876665948676,1.7767497213548746,0.264875829504364,1.349229104217545,-2.270226863132095,-0.2968928649276069
12.0,52.0,1005.3928833007812,-3.45915801205161,-4.65965713934174,-1.4358699004539106,2.1334699404495807,2.805876665948676,1.7763479058442853,0.264875829504364,1.3490718322047774,-2.270226863132095,-0.2968928649276069
12.0,52.0,1005.4149169921876,-3.459158053970391,-4.657925470393539,-1.4358699004539106,2.1334699404495807,2.805876665948676,1.7767496699831422,0.2648758664380824,1.3490705555544509,-2.270235104530435,-0.2968928649276069
12.0,52.0,1005.4188842773438,-3.459158012234537,-4.657695884618309,-1.435869820771264,2.1334699404495807,2.805876665948676,1.7767492865451813,0.264875829504364,1.3487892939803217,-2.270226863132095,-0.2968928649276069
12.0,52.0,1005.4188842773438,-3.459158012234537,-4.657695884618309,-1.435869820771264,2.1334699404495807,2.805876665948676,1.7767492865451813,0.264875829504364,1.34879066585271,-2.270226863132095,-0.2968928649276069
12.0,53.0,1004.687255859375,-3.4591579281576816,-4.720212751707344,-1.4363177737191606,2.1334699404495807,2.805876665948676,1.776767379101562,0.2648758498742249,1.3850037067081784,-2.2701601998221697,-0.3105430959585473
12.0,53.0,1004.687255859375,-3.4591579281576816,-4.720212751707344,-1.4363177737191606,2.1334699404495807,2.805876665948676,1.776767379101562,0.2648758498742249,1.3850037067081784,-2.2701601998221697,-0.3105430959585473
12.0,53.0,1004.8441162109376,-3.4591579281576816,-4.7160299814534765,-1.4363109029005243,2.1334699404495807,2.805876665948676,1.776748433953624,0.2648749707080514,1.3853255853526851,-2.2701601998221697,-0.3105430959585473
12.0,53.0,1004.853271484375,-3.4591579281576816,-4.7160299814534765,-1.4363177737191606,2.1334699404495807,2.805876665948676,1.7763137828845452,0.2648749707080514,1.3853255853526851,-2.2701601998221697,-0.3105430959585473
12.0,53.0,1004.8607177734376,-3.4591579250785567,-4.7160299814534765,-1.435883466695024,2.1334699404495807,2.805876665948676,1.7763024601677997,0.2648749707080514,1.3853255853526851,-2.270215270416038,-0.3105430959585473
12.0,53.0,1004.8616333007812,-3.4591579281576816,-4.7160299814534765,-1.4358422014033896,2.1334699404495807,2.805876665948676,1.7763137828845452,0.2648749707080514,1.3853255853526851,-2.2701601998221697,-0.3102574954046682
12.0,53.0,1004.93994140625,-3.6643432232763073,-4.659627101127353,-1.4363338175558644,2.1334699404495807,2.805876665948676,1.7763274299252134,0.2648489673025305,1.34922421339668,-2.2702691755351783,-0.2968928649276069
12.0,53.0,1005.0048828125,-3.4591580524405177,-4.720665133367756,-1.4363122046638703,2.1334699404495807,2.805876665948676,1.7762861439116435,0.264875005806409,1.347064802823913,-2.285668877703054,-0.3105475768421692
12.0,53.0,1005.0448608398438,-3.4591537108884696,-4.714777624896708,-1.4363177737191606,2.1334699404495807,2.805876665948676,1.776326167881951,0.2669393501428314,1.3853255853526851,-2.264833942983213,-0.3105430959585473
12.0,53.0,1005.10107421875,-3.656670410272662,-4.65786004619199,-1.4358699004539106,2.1334699404495807,2.805876665948676,1.783871866530135,0.264875829504364,1.3490705555544509,-2.2753449674807125,-0.2968928649276069
12.0,53.0,1005.1136474609376,-3.459158012199635,-4.7160299814534765,-1.4358092316040552,2.1334699404495807,2.805876665948676,1.7767493484978134,0.2648749707080514,1.3893289982529615,-2.2702260690513136,-0.2965306256492849
12.0,53.0,1005.1736450195312,-3.4591580510625968,-4.720611244895704,-1.4363171766426106,2.1334699404495807,2.805876665948676,1.7767497005498434,0.264875005806409,1.3489707925103172,-2.275591970795191,-0.3103498737136756
12.0,53.0,1005.2215576171876,-3.459153729105254,-4.714777624896708,-1.4363177737191606,2.1334699404495807,2.805876665948676,1.7767583274244958,0.2669393501428314,1.3893340805443195,-2.264833942983213,-0.2970954290179246
12.0,53.0,1005.244140625,-3.459158012199635,-4.7160299814534765,-1.4358092316040552,2.1334699404495807,2.805876665948676,1.7767271145290915,0.2648749707080514,1.3857008780836684,-2.2701601998221697,-0.2965306256492849
12.0,53.0,1005.257080078125,-3.4591579281576816,-4.7160299814534765,-1.4358092316040552,2.1334699404495807,2.805876665948676,1.7767271145290915,0.2648749707080514,1.3853255853526851,-2.2701601998221697,-0.2965306256492849
12.0,53.0,1005.2607421875,-3.45915801205161,-4.65786004619199,-1.4358699004539106,2.1334699404495807,2.805876665948676,1.783871866530135,0.264875829504364,1.3490705555544509,-2.2753449674807125,-0.2968928649276069
12.0,53.0,1005.2830200195312,-3.45915801205161,-4.659589295566094,-1.4358698510256525,2.1334699404495807,2.805876665948676,1.7767492865451813,0.264875829504364,1.3461365307001465,-2.2752050013031533,-0.2968928649276069
12.0,53.0,1005.2843017578124,-3.45915801205161,-4.659589295566094,-1.4358699015439145,2.1334699404495807,2.805876665948676,1.7767492865451813,0.264875829504364,1.3460460735580937,-2.2751175236822943,-0.2968928649276069
12.0,53.0,1005.2860717773438,-3.4591580091159666,-4.659682754192043,-1.4358805747547694,2.1334699404495807,2.805876665948676,1.7767496722485994,0.2648758001403841,1.3489695174318428,-2.2755538147731422,-0.2968928649276069
12.0,53.0,1005.2860717773438,-3.4591580091159666,-4.659682754192043,-1.4358805747547694,2.1334699404495807,2.805876665948676,1.7767496722485994,0.2648758001403841,1.3489695174318428,-2.2755538147731422,-0.2968928649276069
12.0,53.0,1005.2872924804688,-3.4591580130145387,-4.659525382286394,-1.4358853672884166,2.1334699404495807,2.805876665948676,1.7767492865451813,0.2648737047163229,1.3489744260281449,-2.2755620561714816,-0.2968928649276069
12.0,53.0,1005.2882080078124,-3.4591580091438154,-4.6594682703427095,-1.4358805747547694,2.1334699404495807,2.805876665948676,1.7767492865451813,0.2648749675670527,1.3489707925103172,-2.2755538147731422,-0.2968928649276069
12.0,53.0,1005.2946166992188,-3.45915801205161,-4.657812229954451,-1.4999845950954644,2.1334699404495807,2.805876665948676,1.7767492865451813,0.264875829504364,1.3490718322047774,-2.270226863132095,-0.2968928649276069
12.0,53.0,1005.3053588867188,-3.459158015130735,-4.657736601394508,-1.4363056014076625,2.1334699404495807,2.805876665948676,1.7767609926998875,0.264875829504364,1.3490006222001745,-2.2752898948686444,-0.2968928649276069
12.0,53.0,1005.312744140625,-3.4591580510625968,-4.657695884618309,-1.4358805747547694,2.1334699404495807,2.805876665948676,1.7767492865451813,0.264875004500771,1.3489707925103172,-2.2755620561714816,-0.2968928649276069
12.0,53.0,1005.314453125,-3.45915801205161,-4.657856874321979,-1.4358699004539106,2.1334699404495807,2.805876665948676,1.7767496693520397,0.264875829504364,1.3490705555544509,-2.2753442757526514,-0.2968928649276069
12.0,53.0,1005.314453125,-3.45915801205161,-4.657856874321979,-1.4358699004539106,2.1334699404495807,2.805876665948676,1.7767496641333909,0.264875829504364,1.3490705555544509,-2.2753442757526514,-0.2968928649276069
12.0,53.0,1005.3162231445312,-3.45915801205161,-4.657736601394508,-1.4358712943835257,2.1334699404495807,2.805876665948676,1.7767496699831422,0.264875829504364,1.3490006222001745,-2.275344965462513,-0.2968928649276069
12.0,53.0,1005.3187866210938,-3.4591579281576816,-4.720212751707344,-1.4362897706111368,2.1334699404495807,2.805876665948676,1.776766992507379,0.2648735676849469,1.349411324742072,-2.2701601998221697,-0.3105430959585473
12.0,53.0,1005.3280639648438,-3.45915801205161,-4.717331263115366,-1.4358805186085946,2.1334699404495807,2.805876665948676,1.7767492865451813,0.2648749911928425,1.3649311253773957,-2.2754141646532737,-0.2968928649276069
12.0,53.0,1005.3353881835938,-3.45915801205161,-4.717331263115366,-1.4358873894272304,2.1334699404495807,2.805876665948676,1.7763146354761028,0.2648749911928425,1.3649311253773957,-2.2754141646532737,-0.2968928649276069
12.0,53.0,1005.3353881835938,-3.45915801205161,-4.717331263115366,-1.4358873894272304,2.1334699404495807,2.805876665948676,1.7763146354761028,0.2648749911928425,1.3649311253773957,-2.2754141646532737,-0.2968928649276069
12.0,53.0,1005.3533325195312,-3.45915801205161,-4.657856874321979,-1.4358699004539106,2.1334699404495807,2.805876665948676,1.7890815366766868,0.264875829504364,1.3490717499292315,-2.2698601129646065,-0.2968928649276069
12.0,53.0,1005.36376953125,-3.45915801205161,-4.65966620080126,-1.436313732566553,2.1334699404495807,2.805876665948676,1.7767492865451813,0.264875829504364,1.3486561910984576,-2.270226863132095,-0.2971808652499541
12.0,53.0,1005.3741455078124,-3.4591585421556266,-4.65966620080126,-1.4363139246807224,2.1334699404495807,2.805876665948676,1.7767492865451813,0.2648646610183329,1.3491436191345931,-2.270226863132095,-0.2968928649276069
12.0,53.0,1005.3754272460938,-3.45915801205161,-4.659699855440668,-1.4358699004539106,2.1334699404495807,2.805876665948676,1.7895884587287263,0.264875829504364,1.3490718322047774,-2.270226863132095,-0.2968928649276069
12.0,53.0,1005.3796997070312,-3.45915801205161,-4.659627101127353,-1.4363338175558644,2.1334699404495807,2.805876665948676,1.7763274299252134,0.2648489673025305,1.34922421339668,-2.2702691755351783,-0.2968928649276069
12.0,53.0,1005.3853149414062,-3.45915801205161,-4.65970358975326,-1.435838160250782,2.1334699404495807,2.805876665948676,1.7767492865451813,0.264875829504364,1.348661084033201,-2.270226863132095,-0.2968952646960751
12.0,53.0,1005.3853149414062,-3.45915801205161,-4.65970358975326,-1.4358385028474292,2.1334699404495807,2.805876665948676,1.7767492865451813,0.264875829504364,1.348661084033201,-2.270226863132095,-0.2968952646960751
12.0,53.0,1005.3857421875,-3.45915801205161,-4.65966620080126,-1.435838160250782,2.1334699404495807,2.805876665948676,1.7767492865451813,0.264875829504364,1.3486561910984576,-2.270226863132095,-0.2968952646960751
12.0,53.0,1005.3858032226562,-3.45915801205161,-4.659668135550712,-1.4358698499356486,2.1334699404495807,2.805876665948676,1.776749645810026,0.264875829504364,1.3493199450662303,-2.2703143407529542,-0.2968928649276069
12.0,53.0,1005.3861694335938,-3.45915801205161,-4.65969785611794,-1.4358699004539106,2.1334699404495807,2.805876665948676,1.7767496593183374,0.264875829504364,1.3490656647335857,-2.270226863132095,-0.2968928649276069
12.0,53.0,1005.3861694335938,-3.45915801205161,-4.65969785611794,-1.4358699004539106,2.1334699404495807,2.805876665948676,1.7767496699760237,0.264875829504364,1.3490656647335857,-2.270226863132095,-0.2968928649276069
12.0,53.0,1005.3861694335938,-3.45915801205161,-4.65969785611794,-1.4358699004539106,2.1334699404495807,2.805876665948676,1.7767492629038366,0.264875829504364,1.3490656647335857,-2.270226863132095,-0.2968928649276069
12.0,53.0,1005.38623046875,-3.45915801205161,-4.65969785611794,-1.4358699004539106,2.1334699404495807,2.805876665948676,1.7767496699831422,0.264875829504364,1.3490705555544509,-2.270226863132095,-0.2968928649276069
12.0,53.0,1005.38623046875,-3.45915801205161,-4.65969785611794,-1.4358699004539106,2.1334699404495807,2.805876665948676,1.7767496699831422,0.264875829504364,1.3490705555544509,-2.270226863132095,-0.2968928649276069
12.0,53.0,1005.38623046875,-3.45915801205161,-4.65969785611794,-1.4358699004539106,2.1334699404495807,2.805876665948676,1.7767496593254564,0.264875829504364,1.3490705555544509,-2.270226863132095,-0.2968928649276069
12.0,53.0,1005.38623046875,-3.45915801205161,-4.659695921368487,-1.4358699004539106,2.1334699404495807,2.805876665948676,1.7767493113377868,0.264875829504364,1.3490679290585532,-2.270226863132095,-0.2968928649276069
12.0,53.0,1005.3865966796876,-3.45915801205161,-4.65966620080126,-1.4358699004539106,2.1334699404495807,2.805876665948676,1.7767492865451813,0.264875829504364,1.3490718322047774,-2.270226863132095,-0.2968928649276069
12.0,53.0,1005.3865966796876,-3.45915801205161,-4.65966620080126,-1.4358699004539106,2.1334699404495807,2.805876665948676,1.7767492865451813,0.264875829504364,1.3490718322047774,-2.270226863132095,-0.2968928649276069
12.0,54.0,1004.687255859375,-3.4591579281576816,-4.720212751707344,-1.4363177737191606,2.1334699404495807,2.805876665948676,1.776767379101562,0.2648758498742249,1.3850037067081784,-2.2701601998221697,-0.3105430959585473
12.0,54.0,1004.687255859375,-3.4591579281576816,-4.720212751707344,-1.4363177737191606,2.1334699404495807,2.805876665948676,1.776767379101562,0.2648758498742249,1.3850037067081784,-2.2701601998221697,-0.3105430959585473
12.0,54.0,1004.8441162109376,-3.4591579281576816,-4.7160299814534765,-1.4363109029005243,2.1334699404495807,2.805876665948676,1.776748433953624,0.2648749707080514,1.3853255853526851,-2.2701601998221697,-0.3105430959585473
12.0,54.0,1004.8441162109376,-3.4591579281576816,-4.7160299814534765,-1.4363109029005243,2.1334699404495807,2.805876665948676,1.776748433953624,0.2648749707080514,1.3853255853526851,-2.2701601998221697,-0.3105430959585473
12.0,54.0,1004.853271484375,-3.4591579281576816,-4.7160299814534765,-1.4363177737191606,2.1334699404495807,2.805876665948676,1.7763137828845452,0.2648749707080514,1.3853255853526851,-2.2701601998221697,-0.3105430959585473
12.0,54.0,1004.8607177734376,-3.4591579250785567,-4.7160299814534765,-1.435883466695024,2.1334699404495807,2.805876665948676,1.7763024601677997,0.2648749707080514,1.3853255853526851,-2.270215270416038,-0.3105430959585473
12.0,54.0,1004.8616333007812,-3.4591579281576816,-4.7160299814534765,-1.4358422014033896,2.1334699404495807,2.805876665948676,1.7763137828845452,0.2648749707080514,1.3853255853526851,-2.2701601998221697,-0.3102574954046682
12.0,54.0,1004.93994140625,-3.6643432232763073,-4.659627101127353,-1.4363338175558644,2.1334699404495807,2.805876665948676,1.7763274299252134,0.2648489673025305,1.34922421339668,-2.2702691755351783,-0.2968928649276069
12.0,54.0,1004.93994140625,-3.6643432232763073,-4.659627101127353,-1.4363338175558644,2.1334699404495807,2.805876665948676,1.7763274299252134,0.2648489673025305,1.34922421339668,-2.2702691755351783,-0.2968928649276069
12.0,54.0,1004.9816284179688,-3.459153729105254,-4.7162113560726,-1.4363190479546637,2.1334699404495807,2.805876665948676,1.7762949624688191,0.2669393501428314,1.3854042020028337,-2.264833942983213,-0.3114301063376852
12.0,54.0,1005.0048828125,-3.4591580524405177,-4.720665133367756,-1.4363122046638703,2.1334699404495807,2.805876665948676,1.7762861439116435,0.264875005806409,1.347064802823913,-2.285668877703054,-0.3105475768421692
12.0,54.0,1005.0448608398438,-3.4591537108884696,-4.714777624896708,-1.4363177737191606,2.1334699404495807,2.805876665948676,1.776326167881951,0.2669393501428314,1.3853255853526851,-2.264833942983213,-0.3105430959585473
12.0,54.0,1005.10107421875,-3.656670410272662,-4.65786004619199,-1.4358699004539106,2.1334699404495807,2.805876665948676,1.783871866530135,0.264875829504364,1.3490705555544509,-2.2753449674807125,-0.2968928649276069
12.0,54.0,1005.1136474609376,-3.459158012199635,-4.7160299814534765,-1.4358092316040552,2.1334699404495807,2.805876665948676,1.7767493484978134,0.2648749707080514,1.3893289982529615,-2.2702260690513136,-0.2965306256492849
12.0,54.0,1005.1136474609376,-3.459158012199635,-4.7160299814534765,-1.4358092316040552,2.1334699404495807,2.805876665948676,1.7767493484978134,0.2648749707080514,1.3893289982529615,-2.2702260690513136,-0.2965306256492849
12.0,54.0,1005.1439819335938,-3.4591580091438154,-4.6594682703427095,-1.4363234107553082,2.1334699404495807,2.805876665948676,1.7767492865451813,0.2648749675670527,1.3470609781725524,-2.285780786915271,-0.2968928649276069
12.0,54.0,1005.150390625,-3.461437596407165,-4.658057410122182,-1.4358699004539106,2.1334699404495807,2.805876665948676,1.783871866530135,0.264875829504364,1.3490705555544509,-2.2753449674807125,-0.2968928649276069
12.0,54.0,1005.1633911132812,-3.4591579250785567,-4.714596250277584,-1.4358821924595209,2.1334699404495807,2.805876665948676,1.7767658251234764,0.2648749707080514,1.3892554638941712,-2.270215270416038,-0.2962084186387868
12.0,54.0,1005.1736450195312,-3.4591580510625968,-4.720611244895704,-1.4363171766426106,2.1334699404495807,2.805876665948676,1.7767497005498434,0.264875005806409,1.3489707925103172,-2.275591970795191,-0.3103498737136756
12.0,54.0,1005.1780395507812,-3.4591579281576816,-4.7160299814534765,-1.4358092316040552,2.1334699404495807,2.805876665948676,1.7767271145290915,0.2648749707080514,1.3853255853526851,-2.275460166380467,-0.2965306256492849
12.0,54.0,1005.1837158203124,-3.6543908259171065,-4.659468836871068,-1.436313732566553,2.1334699404495807,2.805876665948676,1.7767492865451813,0.264875829504364,1.3486561910984576,-2.270226863132095,-0.2971808652499541
12.0,54.0,1005.1923217773438,-3.4591580524405177,-4.720665133367756,-1.4358693686633317,2.1334699404495807,2.805876665948676,1.7762861439116435,0.264875005806409,1.3489746171616777,-2.275441905560925,-0.3105475768421692
12.0,54.0,1005.2215576171876,-3.459153729105254,-4.714777624896708,-1.4363177737191606,2.1334699404495807,2.805876665948676,1.7767583274244958,0.2669393501428314,1.3893340805443195,-2.264833942983213,-0.2970954290179246
12.0,54.0,1005.244140625,-3.459158012199635,-4.7160299814534765,-1.4358092316040552,2.1334699404495807,2.805876665948676,1.7767271145290915,0.2648749707080514,1.3857008780836684,-2.2701601998221697,-0.2965306256492849
12.0,54.0,1005.24462890625,-3.4591580152177395,-4.7160299814534765,-1.4358092316040552,2.1334699404495807,2.805876665948676,1.7767271145290915,0.2648758285935658,1.3857008780836684,-2.2701601998221697,-0.2965223132593746
12.0,54.0,1005.257080078125,-3.4591579281576816,-4.7160299814534765,-1.4358092316040552,2.1334699404495807,2.805876665948676,1.7767271145290915,0.2648749707080514,1.3853255853526851,-2.2701601998221697,-0.2965306256492849
12.0,54.0,1005.2607421875,-3.45915801205161,-4.65786004619199,-1.4358699004539106,2.1334699404495807,2.805876665948676,1.783871866530135,0.264875829504364,1.3490705555544509,-2.2753449674807125,-0.2968928649276069
12.0,54.0,1005.28076171875,-3.4591580130145387,-4.659525382286394,-1.436328860656223,2.1334699404495807,2.805876665948676,1.77633425596347,0.264874494298737,1.34898954154617,-2.2755620561714816,-0.2968928649276069
12.0,54.0,1005.2830200195312,-3.45915801205161,-4.659589295566094,-1.4358698510256525,2.1334699404495807,2.805876665948676,1.7767492865451813,0.264875829504364,1.3461365307001465,-2.2752050013031533,-0.2968928649276069
12.0,54.0,1005.2843017578124,-3.45915801205161,-4.659589295566094,-1.4358699015439145,2.1334699404495807,2.805876665948676,1.7767492865451813,0.264875829504364,1.3460460735580937,-2.2751175236822943,-0.2968928649276069
12.0,54.0,1005.2849731445312,-3.4591580091159666,-4.659683119466777,-1.4358805747547694,2.1334699404495807,2.805876665948676,1.7767496722485994,0.2648488559986007,1.3489695174318428,-2.275572416994361,-0.2968928649276069
12.0,54.0,1005.2860717773438,-3.4591580091159666,-4.659682754192043,-1.4358805747547694,2.1334699404495807,2.805876665948676,1.7767496722485994,0.2648758001403841,1.3489695174318428,-2.2755538147731422,-0.2968928649276069
12.0,54.0,1005.2860717773438,-3.4591580091159666,-4.659682754192043,-1.4358805747547694,2.1334699404495807,2.805876665948676,1.7767496722485994,0.2648758001403841,1.3489695174318428,-2.2755538147731422,-0.2968928649276069
12.0,54.0,1005.2872924804688,-3.4591580130145387,-4.659525382286394,-1.4358853672884166,2.1334699404495807,2.805876665948676,1.7767492865451813,0.2648737047163229,1.3489744260281449,-2.2755620561714816,-0.2968928649276069
12.0,54.0,1005.2882080078124,-3.4591580091438154,-4.6594682703427095,-1.4358805747547694,2.1334699404495807,2.805876665948676,1.7767492865451813,0.2648749675670527,1.3489707925103172,-2.2755538147731422,-0.2968928649276069
12.0,54.0,1005.2946166992188,-3.45915801205161,-4.657812229954451,-1.4999845950954644,2.1334699404495807,2.805876665948676,1.7767492865451813,0.264875829504364,1.3490718322047774,-2.270226863132095,-0.2968928649276069
12.0,54.0,1005.3051147460938,-3.4591580121126304,-4.657736601394508,-1.4363056014076625,2.1334699404495807,2.805876665948676,1.7767609926998875,0.2648749716188495,1.3490006222001745,-2.2752898948686444,-0.2969011773175171
12.0,54.0,1005.3053588867188,-3.459158015130735,-4.657736601394508,-1.4363056014076625,2.1334699404495807,2.805876665948676,1.7767609926998875,0.264875829504364,1.3490006222001745,-2.2752898948686444,-0.2968928649276069
12.0,54.0,1005.312744140625,-3.4591580510625968,-4.657695884618309,-1.4358805747547694,2.1334699404495807,2.805876665948676,1.7767492865451813,0.264875004500771,1.3489707925103172,-2.2755620561714816,-0.2968928649276069
12.0,54.0,1005.314453125,-3.45915801205161,-4.657856874321979,-1.4358699004539106,2.1334699404495807,2.805876665948676,1.7767496693520397,0.264875829504364,1.3490705555544509,-2.2753442757526514,-0.2968928649276069
12.0,54.0,1005.314453125,-3.45915801205161,-4.657856874321979,-1.4358699004539106,2.1334699404495807,2.805876665948676,1.7767496641333909,0.264875829504364,1.3490705555544509,-2.2753442757526514,-0.2968928649276069
12.0,54.0,1005.3162231445312,-3.45915801205161,-4.657736601394508,-1.4358712943835257,2.1334699404495807,2.805876665948676,1.7767496699831422,0.264875829504364,1.3490006222001745,-2.275344965462513,-0.2968928649276069
12.0,54.0,1005.3187866210938,-3.4591579281576816,-4.720212751707344,-1.4362897706111368,2.1334699404495807,2.805876665948676,1.776766992507379,0.2648735676849469,1.349411324742072,-2.2701601998221697,-0.3105430959585473
12.0,54.0,1005.3280639648438,-3.45915801205161,-4.717331263115366,-1.4358805186085946,2.1334699404495807,2.805876665948676,1.7767492865451813,0.2648749911928425,1.3649311253773957,-2.2754141646532737,-0.2968928649276069
12.0,54.0,1005.3353881835938,-3.45915801205161,-4.717331263115366,-1.4358873894272304,2.1334699404495807,2.805876665948676,1.7763146354761028,0.2648749911928425,1.3649311253773957,-2.2754141646532737,-0.2968928649276069
12.0,54.0,1005.3353881835938,-3.45915801205161,-4.717331263115366,-1.4358873894272304,2.1334699404495807,2.805876665948676,1.7763146354761028,0.2648749911928425,1.3649311253773957,-2.2754141646532737,-0.2968928649276069
12.0,54.0,1005.3533325195312,-3.45915801205161,-4.657856874321979,-1.4358699004539106,2.1334699404495807,2.805876665948676,1.7890815366766868,0.264875829504364,1.3490717499292315,-2.2698601129646065,-0.2968928649276069
12.0,54.0,1005.36376953125,-3.45915801205161,-4.65966620080126,-1.436313732566553,2.1334699404495807,2.805876665948676,1.7767492865451813,0.264875829504364,1.3486561910984576,-2.270226863132095,-0.2971808652499541
12.0,54.0,1005.3741455078124,-3.4591585421556266,-4.65966620080126,-1.4363139246807224,2.1334699404495807,2.805876665948676,1.7767492865451813,0.2648646610183329,1.3491436191345931,-2.270226863132095,-0.2968928649276069
12.0,54.0,1005.3754272460938,-3.45915801205161,-4.659699855440668,-1.4358699004539106,2.1334699404495807,2.805876665948676,1.7895884587287263,0.264875829504364,1.3490718322047774,-2.270226863132095,-0.2968928649276069
12.0,55.0,1004.687255859375,-3.4591579281576816,-4.720212751707344,-1.4363177737191606,2.1334699404495807,2.805876665948676,1.776767379101562,0.2648758498742249,1.3850037067081784,-2.2701601998221697,-0.3105430959585473
12.0,55.0,1004.687255859375,-3.4591579281576816,-4.720212751707344,-1.4363177737191606,2.1334699404495807,2.805876665948676,1.776767379101562,0.2648758498742249,1.3850037067081784,-2.2701601998221697,-0.3105430959585473
12.0,55.0,1004.688232421875,-3.4591579281576816,-4.720194291006224,-1.4363175303708082,2.1334699404495807,2.805876665948676,1.7767481408631156,0.2648749420969105,1.3850037067081784,-2.2701601998221697,-0.3105430959585473
12.0,55.0,1004.8441162109376,-3.4591579281576816,-4.7160299814534765,-1.4363109029005243,2.1334699404495807,2.805876665948676,1.776748433953624,0.2648749707080514,1.3853255853526851,-2.2701601998221697,-0.3105430959585473
12.0,55.0,1004.8441162109376,-3.4591579281576816,-4.7160299814534765,-1.4363109029005243,2.1334699404495807,2.805876665948676,1.776748433953624,0.2648749707080514,1.3853255853526851,-2.2701601998221697,-0.3105430959585473
12.0,55.0,1004.853271484375,-3.4591579281576816,-4.7160299814534765,-1.4363177737191606,2.1334699404495807,2.805876665948676,1.7763137828845452,0.2648749707080514,1.3853255853526851,-2.2701601998221697,-0.3105430959585473
12.0,55.0,1004.8607177734376,-3.4591579250785567,-4.7160299814534765,-1.435883466695024,2.1334699404495807,2.805876665948676,1.7763024601677997,0.2648749707080514,1.3853255853526851,-2.270215270416038,-0.3105430959585473
12.0,55.0,1004.8616333007812,-3.4591579281576816,-4.7160299814534765,-1.4358422014033896,2.1334699404495807,2.805876665948676,1.7763137828845452,0.2648749707080514,1.3853255853526851,-2.2701601998221697,-0.3102574954046682
12.0,55.0,1004.9179077148438,-3.4591579251030167,-4.71458623713873,-1.4358422014033896,2.1334699404495807,2.805876665948676,1.7767560545227556,0.2648749707080514,1.3853255853526851,-2.270158027946637,-0.3102574954046682
12.0,55.0,1004.93994140625,-3.6643432232763073,-4.659627101127353,-1.4363338175558644,2.1334699404495807,2.805876665948676,1.7763274299252134,0.2648489673025305,1.34922421339668,-2.2702691755351783,-0.2968928649276069
12.0,55.0,1004.93994140625,-3.6643432232763073,-4.659627101127353,-1.4363338175558644,2.1334699404495807,2.805876665948676,1.7763274299252134,0.2648489673025305,1.34922421339668,-2.2702691755351783,-0.2968928649276069
12.0,55.0,1004.9816284179688,-3.459153729105254,-4.7162113560726,-1.4363190479546637,2.1334699404495807,2.805876665948676,1.7762949624688191,0.2669393501428314,1.3854042020028337,-2.264833942983213,-0.3114301063376852
12.0,55.0,1005.0048828125,-3.4591580524405177,-4.720665133367756,-1.4363122046638703,2.1334699404495807,2.805876665948676,1.7762861439116435,0.264875005806409,1.347064802823913,-2.285668877703054,-0.3105475768421692
12.0,55.0,1005.0159301757812,-3.4591579281576816,-4.716048442154597,-1.4363111462488771,2.1549387686156907,2.805876665948676,1.7767676721920702,0.2648758784853657,1.3853255853526851,-2.2701601998221697,-0.3105430959585473
12.0,55.0,1005.0448608398438,-3.4591537108884696,-4.714777624896708,-1.4363177737191606,2.1334699404495807,2.805876665948676,1.776326167881951,0.2669393501428314,1.3853255853526851,-2.264833942983213,-0.3105430959585473
12.0,55.0,1005.10107421875,-3.656670410272662,-4.65786004619199,-1.4358699004539106,2.1334699404495807,2.805876665948676,1.783871866530135,0.264875829504364,1.3490705555544509,-2.2753449674807125,-0.2968928649276069
12.0,55.0,1005.1136474609376,-3.459158012199635,-4.7160299814534765,-1.4358092316040552,2.1334699404495807,2.805876665948676,1.7767493484978134,0.2648749707080514,1.3893289982529615,-2.2702260690513136,-0.2965306256492849
12.0,55.0,1005.1136474609376,-3.459158012199635,-4.7160299814534765,-1.4358092316040552,2.1334699404495807,2.805876665948676,1.7767493484978134,0.2648749707080514,1.3893289982529615,-2.2702260690513136,-0.2965306256492849
12.0,55.0,1005.1180419921876,-3.4591580119368586,-4.7160299814534765,-1.4358092316040552,2.1334699404495807,2.805876665948676,1.7767273090459137,0.2648749707080514,1.3893978079983225,-2.2697641431425333,-0.2965306256492849
12.0,55.0,1005.1422119140624,-3.459157928133222,-4.716039994592332,-1.4358821924595209,2.1334699404495807,2.805876665948676,1.776323553485266,0.2648749707080514,1.3892554638941712,-2.27021744229157,-0.2962084186387868
12.0,55.0,1005.1439819335938,-3.4591580091438154,-4.6594682703427095,-1.4363234107553082,2.1334699404495807,2.805876665948676,1.7767492865451813,0.2648749675670527,1.3470609781725524,-2.285780786915271,-0.2968928649276069
12.0,55.0,1005.150390625,-3.461437596407165,-4.658057410122182,-1.4358699004539106,2.1334699404495807,2.805876665948676,1.783871866530135,0.264875829504364,1.3490705555544509,-2.2753449674807125,-0.2968928649276069
12.0,55.0,1005.150390625,-3.461437596407165,-4.658057410122182,-1.4358699004539106,2.1334699404495807,2.805876665948676,1.783871866530135,0.264875829504364,1.3490705555544509,-2.2753449674807125,-0.2968928649276069
12.0,55.0,1005.1593627929688,-3.4591580091163543,-4.6594682703427095,-1.4358733282368406,2.1334699404495807,2.805876665948676,1.776749672456402,0.2648768305445629,1.3489229805633416,-2.285780786915271,-0.2968928649276069
12.0,55.0,1005.1633911132812,-3.4591579250785567,-4.714596250277584,-1.4358821924595209,2.1334699404495807,2.805876665948676,1.7767658251234764,0.2648749707080514,1.3892554638941712,-2.270215270416038,-0.2962084186387868
12.0,55.0,1005.1736450195312,-3.4591580510625968,-4.720611244895704,-1.4363171766426106,2.1334699404495807,2.805876665948676,1.7767497005498434,0.264875005806409,1.3489707925103172,-2.275591970795191,-0.3103498737136756
12.0,55.0,1005.1780395507812,-3.4591579281576816,-4.7160299814534765,-1.4358092316040552,2.1334699404495807,2.805876665948676,1.7767271145290915,0.2648749707080514,1.3853255853526851,-2.275460166380467,-0.2965306256492849
12.0,55.0,1005.1837158203124,-3.6543908259171065,-4.659468836871068,-1.436313732566553,2.1334699404495807,2.805876665948676,1.7767492865451813,0.264875829504364,1.3486561910984576,-2.270226863132095,-0.2971808652499541
12.0,55.0,1005.1885986328124,-3.6543908259171065,-4.659622682587342,-1.4363337088240542,2.1334699404495807,2.805876665948676,1.776321643027675,0.264875829504364,1.3486556924217104,-2.270226863132095,-0.2971808652499541
12.0,55.0,1005.1923217773438,-3.4591580524405177,-4.720665133367756,-1.4358693686633317,2.1334699404495807,2.805876665948676,1.7762861439116435,0.264875005806409,1.3489746171616777,-2.275441905560925,-0.3105475768421692
12.0,55.0,1005.2061767578124,-3.459158012068726,-4.7160299814534765,-1.4363109029005243,2.1334699404495807,2.805876665948676,1.776748433953624,0.2648758141239013,1.3853255853526851,-2.270162939236614,-0.2975134202208985
12.0,55.0,1005.2215576171876,-3.459153729105254,-4.714777624896708,-1.4363177737191606,2.1334699404495807,2.805876665948676,1.7767583274244958,0.2669393501428314,1.3893340805443195,-2.264833942983213,-0.2970954290179246
12.0,55.0,1005.244140625,-3.459158012199635,-4.7160299814534765,-1.4358092316040552,2.1334699404495807,2.805876665948676,1.7767271145290915,0.2648749707080514,1.3857008780836684,-2.2701601998221697,-0.2965306256492849
12.0,55.0,1005.24462890625,-3.4591580152177395,-4.7160299814534765,-1.4358092316040552,2.1334699404495807,2.805876665948676,1.7767271145290915,0.2648758285935658,1.3857008780836684,-2.2701601998221697,-0.2965223132593746
12.0,55.0,1005.257080078125,-3.4591579281576816,-4.7160299814534765,-1.4358092316040552,2.1334699404495807,2.805876665948676,1.7767271145290915,0.2648749707080514,1.3853255853526851,-2.2701601998221697,-0.2965306256492849
12.0,55.0,1005.2607421875,-3.45915801205161,-4.65786004619199,-1.4358699004539106,2.1334699404495807,2.805876665948676,1.783871866530135,0.264875829504364,1.3490705555544509,-2.2753449674807125,-0.2968928649276069
12.0,55.0,1005.28076171875,-3.4591580130145387,-4.659525382286394,-1.436328860656223,2.1334699404495807,2.805876665948676,1.77633425596347,0.264874494298737,1.34898954154617,-2.2755620561714816,-0.2968928649276069
12.0,55.0,1005.2830200195312,-3.45915801205161,-4.659589295566094,-1.4358698510256525,2.1334699404495807,2.805876665948676,1.7767492865451813,0.264875829504364,1.3461365307001465,-2.2752050013031533,-0.2968928649276069
12.0,55.0,1005.2843017578124,-3.45915801205161,-4.659589295566094,-1.4358699015439145,2.1334699404495807,2.805876665948676,1.7767492865451813,0.264875829504364,1.3460460735580937,-2.2751175236822943,-0.2968928649276069
12.0,55.0,1005.2849731445312,-3.4591580091159666,-4.659683119466777,-1.4358805747547694,2.1334699404495807,2.805876665948676,1.7767496722485994,0.2648488559986007,1.3489695174318428,-2.275572416994361,-0.2968928649276069
12.0,55.0,1005.2860717773438,-3.4591580091159666,-4.659682754192043,-1.4358805747547694,2.1334699404495807,2.805876665948676,1.7767496722485994,0.2648758001403841,1.3489695174318428,-2.2755538147731422,-0.2968928649276069
12.0,55.0,1005.2860717773438,-3.4591580091159666,-4.659682754192043,-1.4358805747547694,2.1334699404495807,2.805876665948676,1.7767496722485994,0.2648758001403841,1.3489695174318428,-2.2755538147731422,-0.2968928649276069
12.0,55.0,1005.2872924804688,-3.4591580130145387,-4.659525382286394,-1.4358853672884166,2.1334699404495807,2.805876665948676,1.7767492865451813,0.2648737047163229,1.3489744260281449,-2.2755620561714816,-0.2968928649276069
12.0,55.0,1005.2882080078124,-3.4591580091438154,-4.6594682703427095,-1.4358805747547694,2.1334699404495807,2.805876665948676,1.7767492865451813,0.2648749675670527,1.3489707925103172,-2.2755538147731422,-0.2968928649276069
12.0,55.0,1005.2941284179688,-3.45915801205161,-4.657856874321979,-1.4363209419666925,2.1334699404495807,2.805876665948676,1.7767496693520397,0.264875829504364,1.3490705555544509,-2.2758268159442805,-0.2968928649276069
12.0,55.0,1005.2946166992188,-3.45915801205161,-4.657812229954451,-1.4999845950954644,2.1334699404495807,2.805876665948676,1.7767492865451813,0.264875829504364,1.3490718322047774,-2.270226863132095,-0.2968928649276069
12.0,55.0,1005.3051147460938,-3.4591580121126304,-4.657736601394508,-1.4363056014076625,2.1334699404495807,2.805876665948676,1.7767609926998875,0.2648749716188495,1.3490006222001745,-2.2752898948686444,-0.2969011773175171
12.0,55.0,1005.3053588867188,-3.459158015130735,-4.657736601394508,-1.4363056014076625,2.1334699404495807,2.805876665948676,1.7767609926998875,0.264875829504364,1.3490006222001745,-2.2752898948686444,-0.2968928649276069
12.0,55.0,1005.312744140625,-3.4591580510625968,-4.657695884618309,-1.4358805747547694,2.1334699404495807,2.805876665948676,1.7767492865451813,0.264875004500771,1.3489707925103172,-2.2755620561714816,-0.2968928649276069
12.0,55.0,1005.312744140625,-3.4591580510625968,-4.657695884618309,-1.4358805747547694,2.1334699404495807,2.805876665948676,1.7767492865451813,0.264875004500771,1.3489707925103172,-2.2755620561714816,-0.2968928649276069
12.0,56.0,1004.5575561523438,-3.452699182698319,-4.720212751707344,-1.4363177737191606,2.1334699404495807,2.805876665948676,1.777140065882526,0.2648758498742249,1.3853542862890047,-2.2751233070847183,-0.3105430959585473
12.0,56.0,1004.6858520507812,-3.459158042029041,-4.720321583434791,-1.4363114331628437,2.1334699404495807,2.805876665948676,1.7763137828845452,0.2648749714504886,1.3853255853526851,-2.269977070278989,-0.3105430959585473
12.0,56.0,1004.6871948242188,-3.4591579281576816,-4.720213895875522,-1.4363177737191606,2.1334699404495807,2.805876665948676,1.776767379101562,0.2648758498742249,1.3850037067081784,-2.2701601998221697,-0.3105430959585473
12.0,56.0,1004.687255859375,-3.4591579281576816,-4.720212751707344,-1.4363177737191606,2.1334699404495807,2.805876665948676,1.776767379101562,0.2648758498742249,1.3850037067081784,-2.2701601998221697,-0.3105430959585473
12.0,56.0,1004.687255859375,-3.4591579281576816,-4.720212751707344,-1.4363177737191606,2.1334699404495807,2.805876665948676,1.776767379101562,0.2648758498742249,1.3850037067081784,-2.2701601998221697,-0.3105430959585473
12.0,56.0,1004.688232421875,-3.4591579281576816,-4.720194291006224,-1.4363175303708082,2.1334699404495807,2.805876665948676,1.7767481408631156,0.2648749420969105,1.3850037067081784,-2.2701601998221697,-0.3105430959585473
12.0,56.0,1004.7478637695312,-3.4591579281576816,-4.720212751707344,-1.4358812239485466,2.1334699404495807,2.805876665948676,1.776767379101562,0.2648758498742249,1.383305736052583,-2.2701601998221697,-0.3105430959585473
12.0,56.0,1004.788818359375,-3.4591537105055585,-4.714777624896708,-1.4454852595667027,2.1334699404495807,2.805876665948676,1.776326167881951,0.2669393501428314,1.38927663558682,-2.264833942983213,-0.3105430959585473
12.0,56.0,1004.8104858398438,-3.459157934391825,-4.71613694933283,-1.4363109029005243,2.1334699404495807,2.805876665948676,1.776748433953624,0.2648749707080514,1.3862426967954895,-2.270222261650259,-0.3105424491462241
12.0,56.0,1004.8441162109376,-3.4591579281576816,-4.7160299814534765,-1.4363109029005243,2.1334699404495807,2.805876665948676,1.776748433953624,0.2648749707080514,1.3853255853526851,-2.2701601998221697,-0.3105430959585473
12.0,56.0,1004.8441162109376,-3.4591579281576816,-4.7160299814534765,-1.4363109029005243,2.1334699404495807,2.805876665948676,1.776748433953624,0.2648749707080514,1.3853255853526851,-2.2701601998221697,-0.3105430959585473
12.0,56.0,1004.8466796875,-3.4591580143412752,-4.7160299814534765,-1.4363167550204472,2.1334699404495807,2.805876665948676,1.7767493484978134,0.2648749707080514,1.3851884380728123,-2.2702260690513136,-0.3105058080742287
12.0,56.0,1004.853271484375,-3.4591579281576816,-4.7160299814534765,-1.4363177737191606,2.1334699404495807,2.805876665948676,1.7763137828845452,0.2648749707080514,1.3853255853526851,-2.2701601998221697,-0.3105430959585473
12.0,56.0,1004.8590087890624,-3.4591579250785567,-4.7160299814534765,-1.435883466695024,2.1334699404495807,2.805876665948676,1.7763255096967503,0.2648746279546781,1.3853255853526851,-2.27026900838546,-0.3105430959585473
12.0,56.0,1004.8607177734376,-3.4591579250785567,-4.7160299814534765,-1.435883466695024,2.1334699404495807,2.805876665948676,1.7763024601677997,0.2648749707080514,1.3853255853526851,-2.270215270416038,-0.3105430959585473
12.0,56.0,1004.8616333007812,-3.4591579281576816,-4.7160299814534765,-1.4358422014033896,2.1334699404495807,2.805876665948676,1.7763137828845452,0.2648749707080514,1.3853255853526851,-2.2701601998221697,-0.3102574954046682
12.0,56.0,1004.9179077148438,-3.4591579251030167,-4.71458623713873,-1.4358422014033896,2.1334699404495807,2.805876665948676,1.7767560545227556,0.2648749707080514,1.3853255853526851,-2.270158027946637,-0.3102574954046682
12.0,56.0,1004.93994140625,-3.6643432232763073,-4.659627101127353,-1.4363338175558644,2.1334699404495807,2.805876665948676,1.7763274299252134,0.2648489673025305,1.34922421339668,-2.2702691755351783,-0.2968928649276069
12.0,56.0,1004.93994140625,-3.6643432232763073,-4.659627101127353,-1.4363338175558644,2.1334699404495807,2.805876665948676,1.7763274299252134,0.2648489673025305,1.34922421339668,-2.2702691755351783,-0.2968928649276069
12.0,56.0,1004.9408569335938,-3.6643432232763073,-4.659627101127353,-1.4363338175558644,2.1334699404495807,2.805876665948676,1.7763043803962626,0.2648493100559037,1.34922421339668,-2.2702154375657573,-0.2968928649276069
12.0,56.0,1004.9816284179688,-3.459153729105254,-4.7162113560726,-1.4363190479546637,2.1334699404495807,2.805876665948676,1.7762949624688191,0.2669393501428314,1.3854042020028337,-2.264833942983213,-0.3114301063376852
12.0,56.0,1005.0048828125,-3.4591580524405177,-4.720665133367756,-1.4363122046638703,2.1334699404495807,2.805876665948676,1.7762861439116435,0.264875005806409,1.347064802823913,-2.285668877703054,-0.3105475768421692
12.0,56.0,1005.0159301757812,-3.4591579281576816,-4.716048442154597,-1.4363111462488771,2.1549387686156907,2.805876665948676,1.7767676721920702,0.2648758784853657,1.3853255853526851,-2.2701601998221697,-0.3105430959585473
12.0,56.0,1005.0448608398438,-3.4591537108884696,-4.714777624896708,-1.4363177737191606,2.1334699404495807,2.805876665948676,1.776326167881951,0.2669393501428314,1.3853255853526851,-2.264833942983213,-0.3105430959585473
12.0,56.0,1005.0641479492188,-3.459157926016042,-4.720194291006224,-1.4358100069544162,2.1334699404495807,2.805876665948676,1.7767481408631156,0.2648749420969105,1.3891442668883276,-2.2701601998221697,-0.2965679135336035
12.0,56.0,1005.0995483398438,-3.459153695192123,-4.715980245719813,-1.436323639373527,2.1334699404495807,2.805876665948676,1.77672756183082,0.2669477714697756,1.3894541802305185,-2.270268526417213,-0.2970954290179246
12.0,56.0,1005.10107421875,-3.656670410272662,-4.65786004619199,-1.4358699004539106,2.1334699404495807,2.805876665948676,1.783871866530135,0.264875829504364,1.3490705555544509,-2.2753449674807125,-0.2968928649276069
12.0,56.0,1005.1136474609376,-3.459158012199635,-4.7160299814534765,-1.4358092316040552,2.1334699404495807,2.805876665948676,1.7767493484978134,0.2648749707080514,1.3893289982529615,-2.2702260690513136,-0.2965306256492849
12.0,56.0,1005.1136474609376,-3.459158012199635,-4.7160299814534765,-1.4358092316040552,2.1334699404495807,2.805876665948676,1.7767493484978134,0.2648749707080514,1.3893289982529615,-2.2702260690513136,-0.2965306256492849
12.0,56.0,1005.1180419921876,-3.4591580119368586,-4.7160299814534765,-1.4358092316040552,2.1334699404495807,2.805876665948676,1.7767273090459137,0.2648749707080514,1.3893978079983225,-2.2697641431425333,-0.2965306256492849
12.0,56.0,1005.1422119140624,-3.459157928133222,-4.716039994592332,-1.4358821924595209,2.1334699404495807,2.805876665948676,1.776323553485266,0.2648749707080514,1.3892554638941712,-2.27021744229157,-0.2962084186387868
12.0,56.0,1005.1439819335938,-3.4591580091438154,-4.6594682703427095,-1.4363234107553082,2.1334699404495807,2.805876665948676,1.7767492865451813,0.2648749675670527,1.3470609781725524,-2.285780786915271,-0.2968928649276069
12.0,56.0,1005.150390625,-3.461437596407165,-4.658057410122182,-1.4358699004539106,2.1334699404495807,2.805876665948676,1.783871866530135,0.264875829504364,1.3490705555544509,-2.2753449674807125,-0.2968928649276069
12.0,56.0,1005.150390625,-3.461437596407165,-4.658057410122182,-1.4358699004539106,2.1334699404495807,2.805876665948676,1.783871866530135,0.264875829504364,1.3490705555544509,-2.2753449674807125,-0.2968928649276069
12.0,56.0,1005.1593627929688,-3.4591580091163543,-4.6594682703427095,-1.4358733282368406,2.1334699404495807,2.805876665948676,1.776749672456402,0.2648768305445629,1.3489229805633416,-2.285780786915271,-0.2968928649276069
12.0,56.0,1005.1633911132812,-3.4591579250785567,-4.714596250277584,-1.4358821924595209,2.1334699404495807,2.805876665948676,1.7767658251234764,0.2648749707080514,1.3892554638941712,-2.270215270416038,-0.2962084186387868
12.0,56.0,1005.1633911132812,-3.4591579250785567,-4.714596250277584,-1.4358821924595209,2.1334699404495807,2.805876665948676,1.7767658251234764,0.2648749707080514,1.3892554638941712,-2.2702173648151867,-0.2962084186387868
12.0,56.0,1005.1736450195312,-3.4591580510625968,-4.720611244895704,-1.4363171766426106,2.1334699404495807,2.805876665948676,1.7767497005498434,0.264875005806409,1.3489707925103172,-2.275591970795191,-0.3103498737136756
12.0,56.0,1005.1780395507812,-3.4591579281576816,-4.7160299814534765,-1.4358092316040552,2.1334699404495807,2.805876665948676,1.7767271145290915,0.2648749707080514,1.3853255853526851,-2.275460166380467,-0.2965306256492849
12.0,56.0,1005.1837158203124,-3.6543908259171065,-4.659468836871068,-1.436313732566553,2.1334699404495807,2.805876665948676,1.7767492865451813,0.264875829504364,1.3486561910984576,-2.270226863132095,-0.2971808652499541
12.0,56.0,1005.1885986328124,-3.6543908259171065,-4.659622682587342,-1.4363337088240542,2.1334699404495807,2.805876665948676,1.776321643027675,0.264875829504364,1.3486556924217104,-2.270226863132095,-0.2971808652499541
12.0,56.0,1005.1923217773438,-3.4591580524405177,-4.720665133367756,-1.4358693686633317,2.1334699404495807,2.805876665948676,1.7762861439116435,0.264875005806409,1.3489746171616777,-2.275441905560925,-0.3105475768421692
12.0,56.0,1005.2061767578124,-3.459158012068726,-4.7160299814534765,-1.4363109029005243,2.1334699404495807,2.805876665948676,1.776748433953624,0.2648758141239013,1.3853255853526851,-2.270162939236614,-0.2975134202208985
12.0,56.0,1005.2139282226562,-3.4591580462063747,-4.720558165488404,-1.4358693686633317,2.1334699404495807,2.805876665948676,1.7762861439116435,0.264875005806409,1.3480575057188733,-2.275379843732836,-0.3105482236544925
12.0,56.0,1005.2215576171876,-3.459153729105254,-4.714777624896708,-1.4363177737191606,2.1334699404495807,2.805876665948676,1.7767583274244958,0.2669393501428314,1.3893340805443195,-2.264833942983213,-0.2970954290179246
12.0,56.0,1005.244140625,-3.459158012199635,-4.7160299814534765,-1.4358092316040552,2.1334699404495807,2.805876665948676,1.7767271145290915,0.2648749707080514,1.3857008780836684,-2.2701601998221697,-0.2965306256492849
12.0,56.0,1005.24462890625,-3.4591580152177395,-4.7160299814534765,-1.4358092316040552,2.1334699404495807,2.805876665948676,1.7767271145290915,0.2648758285935658,1.3857008780836684,-2.2701601998221697,-0.2965223132593746
12.0,56.0,1005.257080078125,-3.4591579281576816,-4.7160299814534765,-1.4358092316040552,2.1334699404495807,2.805876665948676,1.7767271145290915,0.2648749707080514,1.3853255853526851,-2.2701601998221697,-0.2965306256492849
12.0,56.0,1005.2607421875,-3.45915801205161,-4.65786004619199,-1.4358699004539106,2.1334699404495807,2.805876665948676,1.783871866530135,0.264875829504364,1.3490705555544509,-2.2753449674807125,-0.2968928649276069
12.0,56.0,1005.28076171875,-3.4591580130145387,-4.659525382286394,-1.436328860656223,2.1334699404495807,2.805876665948676,1.77633425596347,0.264874494298737,1.34898954154617,-2.2755620561714816,-0.2968928649276069
12.0,57.0,1004.5575561523438,-3.452699182698319,-4.720212751707344,-1.4363177737191606,2.1334699404495807,2.805876665948676,1.777140065882526,0.2648758498742249,1.3853542862890047,-2.2751233070847183,-0.3105430959585473
12.0,57.0,1004.5615844726562,-3.452699182698319,-4.719993615632809,-1.4359072773875243,2.1334699404495807,2.805876665948676,1.7771515482489697,0.2649202298333084,1.385511285474737,-2.2751233070847183,-0.3105430959585473
12.0,57.0,1004.5748901367188,-3.459158052733605,-4.720538719278795,-1.4358693686633317,2.1334699404495807,2.805876665948676,1.776293739238435,0.264875005806409,1.3855418551130807,-2.275441905560925,-0.3105475768421692
12.0,57.0,1004.6858520507812,-3.459158042029041,-4.720321583434791,-1.4363114331628437,2.1334699404495807,2.805876665948676,1.7763137828845452,0.2648749714504886,1.3853255853526851,-2.269977070278989,-0.3105430959585473
12.0,57.0,1004.6858520507812,-3.459158042029041,-4.720321583434791,-1.4363114331628437,2.1334699404495807,2.805876665948676,1.7763137828845452,0.2648749714504886,1.3853255853526851,-2.269977070278989,-0.3105430959585473
12.0,57.0,1004.6871948242188,-3.4591579281576816,-4.720213895875522,-1.4363177737191606,2.1334699404495807,2.805876665948676,1.776767379101562,0.2648758498742249,1.3850037067081784,-2.2701601998221697,-0.3105430959585473
12.0,57.0,1004.687255859375,-3.4591579281576816,-4.720212751707344,-1.4363177737191606,2.1334699404495807,2.805876665948676,1.776767379101562,0.2648758498742249,1.3850037067081784,-2.2701601998221697,-0.3105430959585473
12.0,57.0,1004.687255859375,-3.4591579281576816,-4.720212751707344,-1.4363177737191606,2.1334699404495807,2.805876665948676,1.776767379101562,0.2648758498742249,1.3850037067081784,-2.2701601998221697,-0.3105430959585473
12.0,57.0,1004.687255859375,-3.4591579281576816,-4.720212751707344,-1.4363177737191606,2.1334699404495807,2.805876665948676,1.776767379101562,0.2648758498742249,1.3850037067081784,-2.2701601998221697,-0.3105430959585473
12.0,57.0,1004.687255859375,-3.4591579281576816,-4.720212751707344,-1.4363177737191606,2.1334699404495807,2.805876665948676,1.776767379101562,0.2648758498742249,1.3850037067081784,-2.2701601998221697,-0.3105430959585473
12.0,57.0,1004.688232421875,-3.4591579281576816,-4.720194291006224,-1.4363175303708082,2.1334699404495807,2.805876665948676,1.7767481408631156,0.2648749420969105,1.3850037067081784,-2.2701601998221697,-0.3105430959585473
12.0,57.0,1004.693603515625,-3.4591579282157787,-4.720194291006224,-1.436300326345887,2.1334699404495807,2.805876665948676,1.7763134022412466,0.2648749420969105,1.3850053539319789,-2.2702640800778835,-0.3105430959585473
12.0,57.0,1004.6973266601562,-3.4591579281576816,-4.720213895875522,-1.435874770813475,2.1334699404495807,2.805876665948676,1.776767379101562,0.2648758498742249,1.3849835161640465,-2.2701601998221697,-0.3105430959585473
12.0,57.0,1004.7384643554688,-3.459157934382472,-4.7160299814534765,-1.43633751563088,2.1334699404495807,2.805876665948676,1.7767273298209,0.2648749707080514,1.385372955341086,-2.2753272967054463,-0.3102590040537977
12.0,57.0,1004.7478637695312,-3.4591579281576816,-4.720212751707344,-1.4358812239485466,2.1334699404495807,2.805876665948676,1.776767379101562,0.2648758498742249,1.383305736052583,-2.2701601998221697,-0.3105430959585473
12.0,57.0,1004.788818359375,-3.4591537105055585,-4.714777624896708,-1.4454852595667027,2.1334699404495807,2.805876665948676,1.776326167881951,0.2669393501428314,1.38927663558682,-2.264833942983213,-0.3105430959585473
12.0,57.0,1004.8104858398438,-3.459157934391825,-4.71613694933283,-1.4363109029005243,2.1334699404495807,2.805876665948676,1.776748433953624,0.2648749707080514,1.3862426967954895,-2.270222261650259,-0.3105424491462241
12.0,57.0,1004.842529296875,-3.459158012068726,-4.7160299814534765,-1.4362925412862493,2.1334699404495807,2.805876665948676,1.776748433953624,0.2648758141239013,1.3853255853526851,-2.2702153398395137,-0.3102473921478555
12.0,57.0,1004.8441162109376,-3.4591579281576816,-4.7160299814534765,-1.4363109029005243,2.1334699404495807,2.805876665948676,1.776748433953624,0.2648749707080514,1.3853255853526851,-2.2701601998221697,-0.3105430959585473
12.0,57.0,1004.8441162109376,-3.4591579281576816,-4.7160299814534765,-1.4363109029005243,2.1334699404495807,2.805876665948676,1.776748433953624,0.2648749707080514,1.3853255853526851,-2.2701601998221697,-0.3105430959585473
12.0,57.0,1004.8466796875,-3.4591580143412752,-4.7160299814534765,-1.4363167550204472,2.1334699404495807,2.805876665948676,1.7767493484978134,0.2648749707080514,1.3851884380728123,-2.2702260690513136,-0.3105058080742287
12.0,57.0,1004.853271484375,-3.4591579281576816,-4.7160299814534765,-1.4363177737191606,2.1334699404495807,2.805876665948676,1.7763137828845452,0.2648749707080514,1.3853255853526851,-2.2701601998221697,-0.3105430959585473
12.0,57.0,1004.8571166992188,-3.4591580143412752,-4.7160299814534765,-1.4358289639138844,2.1334699404495807,2.805876665948676,1.7767706068622495,0.2648749707080514,1.3851884380728123,-2.270159800792476,-0.3105058080742287
12.0,57.0,1004.8590087890624,-3.4591579250785567,-4.7160299814534765,-1.435883466695024,2.1334699404495807,2.805876665948676,1.7763255096967503,0.2648746279546781,1.3853255853526851,-2.27026900838546,-0.3105430959585473
12.0,57.0,1004.8607177734376,-3.4591579250785567,-4.7160299814534765,-1.435883466695024,2.1334699404495807,2.805876665948676,1.7763024601677997,0.2648749707080514,1.3853255853526851,-2.270215270416038,-0.3105430959585473
12.0,57.0,1004.8616333007812,-3.4591579281576816,-4.7160299814534765,-1.4358422014033896,2.1334699404495807,2.805876665948676,1.7763137828845452,0.2648749707080514,1.3853255853526851,-2.2701601998221697,-0.3102574954046682
12.0,57.0,1004.9179077148438,-3.4591579251030167,-4.71458623713873,-1.4358422014033896,2.1334699404495807,2.805876665948676,1.7767560545227556,0.2648749707080514,1.3853255853526851,-2.270158027946637,-0.3102574954046682
12.0,57.0,1004.9293823242188,-3.4591579251030167,-4.714341632209331,-1.4358438132557405,2.1334699404495807,2.805876665948676,1.7767560545227556,0.2648758286052627,1.3853255853526851,-2.270158027946637,-0.3102574954046682
12.0,57.0,1004.93994140625,-3.6643432232763073,-4.659627101127353,-1.4363338175558644,2.1334699404495807,2.805876665948676,1.7763274299252134,0.2648489673025305,1.34922421339668,-2.2702691755351783,-0.2968928649276069
12.0,57.0,1004.93994140625,-3.6643432232763073,-4.659627101127353,-1.4363338175558644,2.1334699404495807,2.805876665948676,1.7763274299252134,0.2648489673025305,1.34922421339668,-2.2702691755351783,-0.2968928649276069
12.0,57.0,1004.9408569335938,-3.6643432232763073,-4.659627101127353,-1.4363338175558644,2.1334699404495807,2.805876665948676,1.7763043803962626,0.2648493100559037,1.34922421339668,-2.2702154375657573,-0.2968928649276069
12.0,57.0,1004.9546508789062,-3.4591534045054955,-4.7160299814534765,-1.4363109029005243,2.1334699404495807,2.805876665948676,1.776748433953624,0.2648749707080514,1.3854019018512171,-2.265434655289492,-0.3105430959585473
12.0,57.0,1004.9816284179688,-3.459153729105254,-4.7162113560726,-1.4363190479546637,2.1334699404495807,2.805876665948676,1.7762949624688191,0.2669393501428314,1.3854042020028337,-2.264833942983213,-0.3114301063376852
12.0,57.0,1005.0048828125,-3.4591580524405177,-4.720665133367756,-1.4363122046638703,2.1334699404495807,2.805876665948676,1.7762861439116435,0.264875005806409,1.347064802823913,-2.285668877703054,-0.3105475768421692
12.0,57.0,1005.0159301757812,-3.4591579281576816,-4.716048442154597,-1.4363111462488771,2.1549387686156907,2.805876665948676,1.7767676721920702,0.2648758784853657,1.3853255853526851,-2.2701601998221697,-0.3105430959585473
12.0,57.0,1005.0159301757812,-3.4591579281576816,-4.716048442154597,-1.4363111462488771,2.1549387686156907,2.805876665948676,1.7767676721920702,0.2648758784853657,1.3853255853526851,-2.2701601998221697,-0.3105430959585473
12.0,57.0,1005.0448608398438,-3.4591537108884696,-4.714777624896708,-1.4363177737191606,2.1334699404495807,2.805876665948676,1.776326167881951,0.2669393501428314,1.3853255853526851,-2.264833942983213,-0.3105430959585473
12.0,57.0,1005.0641479492188,-3.459157926016042,-4.720194291006224,-1.4358100069544162,2.1334699404495807,2.805876665948676,1.7767481408631156,0.2648749420969105,1.3891442668883276,-2.2701601998221697,-0.2965679135336035
12.0,57.0,1005.0991821289062,-3.4591580793455563,-4.715980245719813,-1.436323639373527,2.1334699404495807,2.805876665948676,1.77672756183082,0.2669201432831439,1.3894541802305185,-2.270268526417213,-0.2970954290179246
12.0,57.0,1005.0995483398438,-3.459153695192123,-4.715980245719813,-1.436323639373527,2.1334699404495807,2.805876665948676,1.77672756183082,0.2669477714697756,1.3894541802305185,-2.270268526417213,-0.2970954290179246
12.0,57.0,1005.10107421875,-3.656670410272662,-4.65786004619199,-1.4358699004539106,2.1334699404495807,2.805876665948676,1.783871866530135,0.264875829504364,1.3490705555544509,-2.2753449674807125,-0.2968928649276069
12.0,57.0,1005.1136474609376,-3.459158012199635,-4.7160299814534765,-1.4358092316040552,2.1334699404495807,2.805876665948676,1.7767493484978134,0.2648749707080514,1.3893289982529615,-2.2702260690513136,-0.2965306256492849
12.0,57.0,1005.1136474609376,-3.459158012199635,-4.7160299814534765,-1.4358092316040552,2.1334699404495807,2.805876665948676,1.7767493484978134,0.2648749707080514,1.3893289982529615,-2.2702260690513136,-0.2965306256492849
12.0,57.0,1005.1180419921876,-3.4591580119368586,-4.7160299814534765,-1.4358092316040552,2.1334699404495807,2.805876665948676,1.7767273090459137,0.2648749707080514,1.3893978079983225,-2.2697641431425333,-0.2965306256492849
12.0,57.0,1005.1380004882812,-3.459158012199635,-4.714766896822018,-1.4358092316040552,2.1334699404495807,2.805876665948676,1.7767503396861362,0.2648749707080514,1.3893288586326094,-2.2649485823231554,-0.2982668173409447
12.0,57.0,1005.1422119140624,-3.459157928133222,-4.716039994592332,-1.4358821924595209,2.1334699404495807,2.805876665948676,1.776323553485266,0.2648749707080514,1.3892554638941712,-2.27021744229157,-0.2962084186387868
12.0,57.0,1005.1439819335938,-3.4591580091438154,-4.6594682703427095,-1.4363234107553082,2.1334699404495807,2.805876665948676,1.7767492865451813,0.2648749675670527,1.3470609781725524,-2.285780786915271,-0.2968928649276069
12.0,57.0,1005.150390625,-3.461437596407165,-4.658057410122182,-1.4358699004539106,2.1334699404495807,2.805876665948676,1.783871866530135,0.264875829504364,1.3490705555544509,-2.2753449674807125,-0.2968928649276069
12.0,57.0,1005.150390625,-3.461437596407165,-4.658057410122182,-1.4358699004539106,2.1334699404495807,2.805876665948676,1.783871866530135,0.264875829504364,1.3490705555544509,-2.2753449674807125,-0.2968928649276069
12.0,57.0,1005.1593627929688,-3.4591580091163543,-4.6594682703427095,-1.4358733282368406,2.1334699404495807,2.805876665948676,1.776749672456402,0.2648768305445629,1.3489229805633416,-2.285780786915271,-0.2968928649276069
12.0,58.0,1004.5575561523438,-3.452699182698319,-4.720212751707344,-1.4363177737191606,2.1334699404495807,2.805876665948676,1.777140065882526,0.2648758498742249,1.3853542862890047,-2.2751233070847183,-0.3105430959585473
12.0,58.0,1004.5575561523438,-3.452699182698319,-4.720212751707344,-1.4363177737191606,2.1334699404495807,2.805876665948676,1.777140065882526,0.2648758498742249,1.3853542862890047,-2.2751233070847183,-0.3105430959585473
12.0,58.0,1004.5615844726562,-3.452699182698319,-4.719993615632809,-1.4359072773875243,2.1334699404495807,2.805876665948676,1.7771515482489697,0.2649202298333084,1.385511285474737,-2.2751233070847183,-0.3105430959585473
12.0,58.0,1004.5748901367188,-3.459158052733605,-4.720538719278795,-1.4358693686633317,2.1334699404495807,2.805876665948676,1.776293739238435,0.264875005806409,1.3855418551130807,-2.275441905560925,-0.3105475768421692
12.0,58.0,1004.5936279296876,-3.4591579281576816,-4.716107512258335,-1.4363108742202904,2.1334699404495807,2.805876665948676,1.776748433953624,0.2648758323563142,1.3853255853526851,-2.2855075190844585,-0.3105430959585473
12.0,58.0,1004.6858520507812,-3.459158042029041,-4.720321583434791,-1.4363114331628437,2.1334699404495807,2.805876665948676,1.7763137828845452,0.2648749714504886,1.3853255853526851,-2.269977070278989,-0.3105430959585473
12.0,58.0,1004.6858520507812,-3.459158042029041,-4.720321583434791,-1.4363114331628437,2.1334699404495807,2.805876665948676,1.7763137828845452,0.2648749714504886,1.3853255853526851,-2.269977070278989,-0.3105430959585473
12.0,58.0,1004.6871948242188,-3.4591579281576816,-4.720213895875522,-1.4363177737191606,2.1334699404495807,2.805876665948676,1.776767379101562,0.2648758498742249,1.3850037067081784,-2.2701601998221697,-0.3105430959585473
12.0,58.0,1004.687255859375,-3.4591579281576816,-4.720212751707344,-1.4363177737191606,2.1334699404495807,2.805876665948676,1.776767379101562,0.2648758498742249,1.3850037067081784,-2.2701601998221697,-0.3105430959585473
12.0,58.0,1004.687255859375,-3.4591579281576816,-4.720212751707344,-1.4363177737191606,2.1334699404495807,2.805876665948676,1.776767379101562,0.2648758498742249,1.3850037067081784,-2.2701601998221697,-0.3105430959585473
12.0,58.0,1004.687255859375,-3.4591579281576816,-4.720212751707344,-1.4363177737191606,2.1334699404495807,2.805876665948676,1.776767379101562,0.2648758498742249,1.3850037067081784,-2.2701601998221697,-0.3105430959585473
12.0,58.0,1004.687255859375,-3.4591579281576816,-4.720212751707344,-1.4363177737191606,2.1334699404495807,2.805876665948676,1.776767379101562,0.2648758498742249,1.3850037067081784,-2.2701601998221697,-0.3105430959585473
12.0,58.0,1004.687255859375,-3.4591579281576816,-4.720212751707344,-1.4363177737191606,2.1334699404495807,2.805876665948676,1.776767379101562,0.2648758498742249,1.3850037067081784,-2.2701601998221697,-0.3105430959585473
12.0,58.0,1004.687255859375,-3.4591579281576816,-4.720212751707344,-1.4363177737191606,2.1334699404495807,2.805876665948676,1.776767379101562,0.2648758498742249,1.3850037067081784,-2.2701601998221697,-0.3105430959585473
12.0,58.0,1004.688232421875,-3.4591579281576816,-4.720194291006224,-1.4363175303708082,2.1334699404495807,2.805876665948676,1.7767481408631156,0.2648749420969105,1.3850037067081784,-2.2701601998221697,-0.3105430959585473
12.0,58.0,1004.693603515625,-3.4591579282157787,-4.720194291006224,-1.436300326345887,2.1334699404495807,2.805876665948676,1.7763134022412466,0.2648749420969105,1.3850053539319789,-2.2702640800778835,-0.3105430959585473
12.0,58.0,1004.6937255859376,-3.4591579282157787,-4.720194291006224,-1.436300326345887,2.1334699404495807,2.805876665948676,1.776309445255138,0.2648749420969105,1.3850037354441849,-2.2702640800778835,-0.3105430959585473
12.0,58.0,1004.6973266601562,-3.4591579281576816,-4.720213895875522,-1.435874770813475,2.1334699404495807,2.805876665948676,1.776767379101562,0.2648758498742249,1.3849835161640465,-2.2701601998221697,-0.3105430959585473
12.0,58.0,1004.7111206054688,-3.4591579281576816,-4.720213895875522,-1.4363177737191606,2.132210281014695,2.805876665948676,1.776767379101562,0.2648758513562683,1.3850037067081784,-2.2701601998221697,-0.3105430959585473
12.0,58.0,1004.7384643554688,-3.459157934382472,-4.7160299814534765,-1.43633751563088,2.1334699404495807,2.805876665948676,1.7767273298209,0.2648749707080514,1.385372955341086,-2.2753272967054463,-0.3102590040537977
12.0,58.0,1004.7478637695312,-3.4591579281576816,-4.720212751707344,-1.4358812239485466,2.1334699404495807,2.805876665948676,1.776767379101562,0.2648758498742249,1.383305736052583,-2.2701601998221697,-0.3105430959585473
12.0,58.0,1004.788818359375,-3.4591537105055585,-4.714777624896708,-1.4454852595667027,2.1334699404495807,2.805876665948676,1.776326167881951,0.2669393501428314,1.38927663558682,-2.264833942983213,-0.3105430959585473
12.0,58.0,1004.7938842773438,-3.4591537108884696,-4.720416360171961,-1.4363177737191606,2.1334699404495807,2.805876665948676,1.77677282921156,0.2669393501428314,1.3853255853526851,-2.264833942983213,-0.3105430959585473
12.0,58.0,1004.8011474609376,-3.4591537920162465,-4.720213895875522,-1.4358851345104262,2.1334699404495807,2.805876665948676,1.7767480941916742,0.2648758498742249,1.3849835161640465,-2.265741729895046,-0.3105430959585473
12.0,58.0,1004.8104248046876,-3.459157934382863,-4.71613694933283,-1.4363370357003185,2.1334699404495807,2.805876665948676,1.7767263069872752,0.2648749707080514,1.3862426967954895,-2.270222261650259,-0.3105424491462241
12.0,58.0,1004.8104858398438,-3.459157934391825,-4.71613694933283,-1.4363109029005243,2.1334699404495807,2.805876665948676,1.776748433953624,0.2648749707080514,1.3862426967954895,-2.270222261650259,-0.3105424491462241
12.0,58.0,1004.8128662109376,-3.4591580143412752,-4.747541069279379,-1.4363167550204472,2.1334699404495807,2.805876665948676,1.7767493484978134,0.2648749442759353,1.3851884380728123,-2.2702298697152195,-0.3105058080742287
12.0,58.0,1004.842529296875,-3.459158012068726,-4.7160299814534765,-1.4362925412862493,2.1334699404495807,2.805876665948676,1.776748433953624,0.2648758141239013,1.3853255853526851,-2.2702153398395137,-0.3102473921478555
12.0,58.0,1004.8441162109376,-3.4591579281576816,-4.7160299814534765,-1.4363109029005243,2.1334699404495807,2.805876665948676,1.776748433953624,0.2648749707080514,1.3853255853526851,-2.2701601998221697,-0.3105430959585473
12.0,58.0,1004.8441162109376,-3.4591579281576816,-4.7160299814534765,-1.4363109029005243,2.1334699404495807,2.805876665948676,1.776748433953624,0.2648749707080514,1.3853255853526851,-2.2701601998221697,-0.3105430959585473
12.0,58.0,1004.8466796875,-3.4591580143412752,-4.7160299814534765,-1.4363167550204472,2.1334699404495807,2.805876665948676,1.7767493484978134,0.2648749707080514,1.3851884380728123,-2.2702260690513136,-0.3105058080742287
12.0,58.0,1004.848388671875,-3.4591575406469306,-4.7160299814534765,-1.436300539203573,2.1334699404495807,2.805876665948676,1.7767677188635116,0.2648749707080514,1.3854019018512171,-2.269853125216615,-0.3105430959585473
12.0,58.0,1004.8512573242188,-3.4591579281576816,-4.7160299814534765,-1.4363177737191606,2.1334699404495807,2.805876665948676,1.7763137828845452,0.2648749707080514,1.3854046320119977,-2.270139858291893,-0.3105430959585473
12.0,58.0,1004.853271484375,-3.4591579281576816,-4.7160299814534765,-1.4363177737191606,2.1334699404495807,2.805876665948676,1.7763137828845452,0.2648749707080514,1.3853255853526851,-2.2701601998221697,-0.3105430959585473
12.0,58.0,1004.8571166992188,-3.4591580143412752,-4.7160299814534765,-1.4358289639138844,2.1334699404495807,2.805876665948676,1.7767706068622495,0.2648749707080514,1.3851884380728123,-2.270159800792476,-0.3105058080742287
12.0,58.0,1004.8590087890624,-3.4591579250785567,-4.7160299814534765,-1.435883466695024,2.1334699404495807,2.805876665948676,1.7763255096967503,0.2648746279546781,1.3853255853526851,-2.27026900838546,-0.3105430959585473
12.0,58.0,1004.8607177734376,-3.4591579250785567,-4.7160299814534765,-1.435883466695024,2.1334699404495807,2.805876665948676,1.7763024601677997,0.2648749707080514,1.3853255853526851,-2.270215270416038,-0.3105430959585473
12.0,58.0,1004.8616333007812,-3.4591579281576816,-4.7160299814534765,-1.4358422014033896,2.1334699404495807,2.805876665948676,1.7763137828845452,0.2648749707080514,1.3853255853526851,-2.2701601998221697,-0.3102574954046682
12.0,58.0,1004.9179077148438,-3.4591579251030167,-4.71458623713873,-1.4358422014033896,2.1334699404495807,2.805876665948676,1.7767560545227556,0.2648749707080514,1.3853255853526851,-2.270158027946637,-0.3102574954046682
12.0,58.0,1004.9293823242188,-3.4591579251030167,-4.714341632209331,-1.4358438132557405,2.1334699404495807,2.805876665948676,1.7767560545227556,0.2648758286052627,1.3853255853526851,-2.270158027946637,-0.3102574954046682
12.0,58.0,1004.9305419921876,-3.4591579281576816,-4.714574016432091,-1.4363177737191606,2.1334699404495807,2.805876665948676,1.776320717771953,0.2648758498742249,1.3850037067081784,-2.2701601998221697,-0.3105430959585473
12.0,58.0,1004.93994140625,-3.6643432232763073,-4.659627101127353,-1.4363338175558644,2.1334699404495807,2.805876665948676,1.7763274299252134,0.2648489673025305,1.34922421339668,-2.2702691755351783,-0.2968928649276069
12.0,58.0,1004.93994140625,-3.6643432232763073,-4.659627101127353,-1.4363338175558644,2.1334699404495807,2.805876665948676,1.7763274299252134,0.2648489673025305,1.34922421339668,-2.2702691755351783,-0.2968928649276069
12.0,58.0,1004.9408569335938,-3.6643432232763073,-4.659627101127353,-1.4363338175558644,2.1334699404495807,2.805876665948676,1.7763043803962626,0.2648493100559037,1.34922421339668,-2.2702154375657573,-0.2968928649276069
12.0,58.0,1004.9546508789062,-3.4591534045054955,-4.7160299814534765,-1.4363109029005243,2.1334699404495807,2.805876665948676,1.776748433953624,0.2648749707080514,1.3854019018512171,-2.265434655289492,-0.3105430959585473
12.0,58.0,1004.9816284179688,-3.459153729105254,-4.7162113560726,-1.4363190479546637,2.1334699404495807,2.805876665948676,1.7762949624688191,0.2669393501428314,1.3854042020028337,-2.264833942983213,-0.3114301063376852
12.0,58.0,1005.004638671875,-3.459158053651417,-4.72065356522743,-1.4363114149587737,2.1334699404495807,2.805876665948676,1.7763137800471314,0.264875005806409,1.347064802823913,-2.285668877703054,-0.3105475768421692
12.0,58.0,1005.0048828125,-3.4591580524405177,-4.720665133367756,-1.4363122046638703,2.1334699404495807,2.805876665948676,1.7762861439116435,0.264875005806409,1.347064802823913,-2.285668877703054,-0.3105475768421692
12.0,58.0,1005.0159301757812,-3.4591579281576816,-4.716048442154597,-1.4363111462488771,2.1549387686156907,2.805876665948676,1.7767676721920702,0.2648758784853657,1.3853255853526851,-2.2701601998221697,-0.3105430959585473
12.0,58.0,1005.0159301757812,-3.4591579281576816,-4.716048442154597,-1.4363111462488771,2.1549387686156907,2.805876665948676,1.7767676721920702,0.2648758784853657,1.3853255853526851,-2.2701601998221697,-0.3105430959585473
12.0,59.0,1004.5575561523438,-3.452699182698319,-4.720212751707344,-1.4363177737191606,2.1334699404495807,2.805876665948676,1.777140065882526,0.2648758498742249,1.3853542862890047,-2.2751233070847183,-0.3105430959585473
12.0,59.0,1004.5575561523438,-3.452699182698319,-4.720212751707344,-1.4363177737191606,2.1334699404495807,2.805876665948676,1.777140065882526,0.2648758498742249,1.3853542862890047,-2.2751233070847183,-0.3105430959585473
12.0,59.0,1004.5615844726562,-3.452699182698319,-4.719993615632809,-1.4359072773875243,2.1334699404495807,2.805876665948676,1.7771515482489697,0.2649202298333084,1.385511285474737,-2.2751233070847183,-0.3105430959585473
12.0,59.0,1004.5737915039062,-3.459158054005904,-4.720569015044566,-1.4358693686633317,2.1334699404495807,2.805876665948676,1.7763008609368374,0.264875005806409,1.3855418551130807,-2.275441973203744,-0.3105475768421692
12.0,59.0,1004.5748901367188,-3.459158052733605,-4.720538719278795,-1.4358693686633317,2.1334699404495807,2.805876665948676,1.776293739238435,0.264875005806409,1.3855418551130807,-2.275441905560925,-0.3105475768421692
12.0,59.0,1004.5936279296876,-3.4591579281576816,-4.716107512258335,-1.4363108742202904,2.1334699404495807,2.805876665948676,1.776748433953624,0.2648758323563142,1.3853255853526851,-2.2855075190844585,-0.3105430959585473
12.0,59.0,1004.5938720703124,-3.4591579281576816,-4.716107512258335,-1.4363103882222334,2.1334699404495807,2.805876665948676,1.776725806928914,0.2648758323563142,1.3853255853526851,-2.2855075190844585,-0.3105430959585473
12.0,59.0,1004.6038818359376,-3.4591579281576816,-4.7160299814534765,-1.4363179993902662,2.1334699404495807,2.805876665948676,1.7767613745521935,0.2648749707080514,1.3853255853526851,-2.284788043857297,-0.3105430959585473
12.0,59.0,1004.681640625,-3.4591579281576816,-4.720212751707344,-1.4359086644514951,2.1334699404495807,2.805876665948676,1.776767379101562,0.2649187153513239,1.3855097432729817,-2.2701601998221697,-0.3105430959585473
12.0,59.0,1004.6858520507812,-3.459158042029041,-4.720321583434791,-1.4363114331628437,2.1334699404495807,2.805876665948676,1.7763137828845452,0.2648749714504886,1.3853255853526851,-2.269977070278989,-0.3105430959585473
12.0,59.0,1004.6858520507812,-3.459158042029041,-4.720321583434791,-1.4363114331628437,2.1334699404495807,2.805876665948676,1.7763137828845452,0.2648749714504886,1.3853255853526851,-2.269977070278989,-0.3105430959585473
12.0,59.0,1004.6871948242188,-3.4591579281576816,-4.720213895875522,-1.4363177737191606,2.1334699404495807,2.805876665948676,1.776767379101562,0.2648758498742249,1.3850037067081784,-2.2701601998221697,-0.3105430959585473
12.0,59.0,1004.6871948242188,-3.4591579281576816,-4.720213935771378,-1.4363177737191606,2.1334699404495807,2.805876665948676,1.776767379101562,0.2648758498742249,1.3850037067081784,-2.2701601998221697,-0.3105430959585473
12.0,59.0,1004.687255859375,-3.4591579281576816,-4.720212751707344,-1.4363177737191606,2.1334699404495807,2.805876665948676,1.776767379101562,0.2648758498742249,1.3850037067081784,-2.2701601998221697,-0.3105430959585473
12.0,59.0,1004.687255859375,-3.4591579281576816,-4.720212751707344,-1.4363177737191606,2.1334699404495807,2.805876665948676,1.776767379101562,0.2648758498742249,1.3850037067081784,-2.2701601998221697,-0.3105430959585473
12.0,59.0,1004.687255859375,-3.4591579281576816,-4.720212751707344,-1.4363177737191606,2.1334699404495807,2.805876665948676,1.776767379101562,0.2648758498742249,1.3850037067081784,-2.2701601998221697,-0.3105430959585473
12.0,59.0,1004.687255859375,-3.4591579281576816,-4.720212751707344,-1.4363177737191606,2.1334699404495807,2.805876665948676,1.776767379101562,0.2648758498742249,1.3850037067081784,-2.2701601998221697,-0.3105430959585473
12.0,59.0,1004.687255859375,-3.4591579281576816,-4.720212751707344,-1.4363177737191606,2.1334699404495807,2.805876665948676,1.776767379101562,0.2648758498742249,1.3850037067081784,-2.2701601998221697,-0.3105430959585473
12.0,59.0,1004.687255859375,-3.4591579281576816,-4.720212751707344,-1.4363177737191606,2.1334699404495807,2.805876665948676,1.776767379101562,0.2648758498742249,1.3850037067081784,-2.2701601998221697,-0.3105430959585473
12.0,59.0,1004.687255859375,-3.4591579281576816,-4.72021271181149,-1.4363177737191606,2.1334699404495807,2.805876665948676,1.776767379101562,0.2648758498742249,1.3850037067081784,-2.2701601998221697,-0.3105430959585473
12.0,59.0,1004.6873779296876,-3.459157928156805,-4.720212751707344,-1.4363177737191606,2.1334699404495807,2.805876665948676,1.77675922423371,0.2648758498742249,1.3850037343574415,-2.2701601998221697,-0.3105430959585473
12.0,59.0,1004.6879272460938,-3.4591579281576816,-4.720194341295147,-1.43631739188862,2.1334699404495807,2.805876665948676,1.776767379101562,0.2648749511713761,1.3850037129713368,-2.2701601998221697,-0.3105430959585473
12.0,59.0,1004.688232421875,-3.4591579281576816,-4.720194291006224,-1.4363175303708082,2.1334699404495807,2.805876665948676,1.7767481408631156,0.2648749420969105,1.3850037067081784,-2.2701601998221697,-0.3105430959585473
12.0,59.0,1004.688232421875,-3.4591579281576816,-4.720194291006224,-1.4363175310900933,2.1334699404495807,2.805876665948676,1.776747405272364,0.2648749420969105,1.3850037067081784,-2.2701601998221697,-0.3105430959585473
12.0,59.0,1004.69287109375,-3.4591579282157787,-4.7202138455866,-1.436300708176427,2.1334699404495807,2.805876665948676,1.7763134022412466,0.2648758407997594,1.3850053476688204,-2.2702640800778835,-0.3105430959585473
12.0,59.0,1004.693603515625,-3.4591579282157787,-4.720194291006224,-1.436300326345887,2.1334699404495807,2.805876665948676,1.7763134022412466,0.2648749420969105,1.3850053539319789,-2.2702640800778835,-0.3105430959585473
12.0,59.0,1004.6937255859376,-3.4591579282157787,-4.720194291006224,-1.436300326345887,2.1334699404495807,2.805876665948676,1.776309445255138,0.2648749420969105,1.3850037354441849,-2.2702640800778835,-0.3105430959585473
12.0,59.0,1004.6973266601562,-3.4591579281576816,-4.720213895875522,-1.435874770813475,2.1334699404495807,2.805876665948676,1.776767379101562,0.2648758498742249,1.3849835161640465,-2.2701601998221697,-0.3105430959585473
12.0,59.0,1004.7072143554688,-3.4591578708332413,-4.720328789357853,-1.4358851345104262,2.1334699404495807,2.805876665948676,1.7763223328323925,0.2648758498742249,1.3849835161640465,-2.269859015948004,-0.3105430959585473
12.0,59.0,1004.7106323242188,-3.4591579281576816,-4.720213895875522,-1.4363177737191606,2.132244191573333,2.805876665948676,1.77675074556916,0.2648758513562683,1.385007513066273,-2.2701601998221697,-0.3105439395895291
12.0,59.0,1004.7111206054688,-3.4591579281576816,-4.720213895875522,-1.4363177737191606,2.132210281014695,2.805876665948676,1.776767379101562,0.2648758513562683,1.3850037067081784,-2.2701601998221697,-0.3105430959585473
12.0,59.0,1004.7384643554688,-3.459157934382472,-4.7160299814534765,-1.43633751563088,2.1334699404495807,2.805876665948676,1.7767273298209,0.2648749707080514,1.385372955341086,-2.2753272967054463,-0.3102590040537977
12.0,59.0,1004.7478637695312,-3.4591579281576816,-4.720212751707344,-1.4358812239485466,2.1334699404495807,2.805876665948676,1.776767379101562,0.2648758498742249,1.383305736052583,-2.2701601998221697,-0.3105430959585473
12.0,59.0,1004.7769775390624,-3.4591539632120467,-4.72020668995246,-1.4363114331628437,2.1334699404495807,2.805876665948676,1.776739544243827,0.2648749714504886,1.3853255853526851,-2.265859784226031,-0.3105430959585473
12.0,59.0,1004.788818359375,-3.4591537105055585,-4.714777624896708,-1.4454852595667027,2.1334699404495807,2.805876665948676,1.776326167881951,0.2669393501428314,1.38927663558682,-2.264833942983213,-0.3105430959585473
12.0,59.0,1004.7938842773438,-3.4591537108884696,-4.720416360171961,-1.4363177737191606,2.1334699404495807,2.805876665948676,1.77677282921156,0.2669393501428314,1.3853255853526851,-2.264833942983213,-0.3105430959585473
12.0,59.0,1004.7978515625,-3.4591537105055585,-4.714777624896708,-1.4454852595667027,2.1334699404495807,2.805876665948676,1.776326167881951,0.2649238913335218,1.389166140746071,-2.2648736792678643,-0.3105430959585473
12.0,59.0,1004.8011474609376,-3.4591537920162465,-4.720213895875522,-1.4358851345104262,2.1334699404495807,2.805876665948676,1.7767480941916742,0.2648758498742249,1.3849835161640465,-2.265741729895046,-0.3105430959585473
12.0,59.0,1004.8104248046876,-3.459157934382863,-4.71613694933283,-1.4363370357003185,2.1334699404495807,2.805876665948676,1.7767263069872752,0.2648749707080514,1.3862426967954895,-2.270222261650259,-0.3105424491462241
12.0,59.0,1004.8104858398438,-3.459157934391825,-4.71613694933283,-1.4363109029005243,2.1334699404495807,2.805876665948676,1.776748433953624,0.2648749707080514,1.3862426967954895,-2.270222261650259,-0.3105424491462241
12.0,59.0,1004.8128662109376,-3.4591580143412752,-4.747541069279379,-1.4363167550204472,2.1334699404495807,2.805876665948676,1.7767493484978134,0.2648749442759353,1.3851884380728123,-2.2702298697152195,-0.3105058080742287
12.0,59.0,1004.8344116210938,-3.4591579281576816,-4.716107512258335,-1.436310648549185,2.1334699404495807,2.805876665948676,1.7763008422859756,0.2648758323563142,1.3853255853526851,-2.270879675049331,-0.3105430959585473
12.0,59.0,1004.842529296875,-3.459158012068726,-4.7160299814534765,-1.4362925412862493,2.1334699404495807,2.805876665948676,1.776748433953624,0.2648758141239013,1.3853255853526851,-2.2702153398395137,-0.3102473921478555
12.0,59.0,1004.8441162109376,-3.4591579281576816,-4.7160299814534765,-1.4363109029005243,2.1334699404495807,2.805876665948676,1.776748433953624,0.2648749707080514,1.3853255853526851,-2.2701601998221697,-0.3105430959585473
12.0,59.0,1004.8441162109376,-3.4591579281576816,-4.7160299814534765,-1.4363109029005243,2.1334699404495807,2.805876665948676,1.776748433953624,0.2648749707080514,1.3853255853526851,-2.2701601998221697,-0.3105430959585473
12.0,59.0,1004.8466796875,-3.4591580143412752,-4.7160299814534765,-1.4363167550204472,2.1334699404495807,2.805876665948676,1.7767493484978134,0.2648749707080514,1.3851884380728123,-2.2702260690513136,-0.3105058080742287
12.0,59.0,1004.848388671875,-3.4591575406469306,-4.7160299814534765,-1.436300539203573,2.1334699404495807,2.805876665948676,1.7767677188635116,0.2648749707080514,1.3854019018512171,-2.269853125216615,-0.3105430959585473
12.0,59.0,1004.8507690429688,-3.4591579281576816,-4.7160299814534765,-1.4363182597172175,2.1334699404495807,2.805876665948676,1.7763364099092551,0.2648749707080514,1.3854046320119977,-2.270139858291893,-0.3105430959585473
12.0,59.0,1004.8512573242188,-3.4591579281576816,-4.7160299814534765,-1.4363177737191606,2.1334699404495807,2.805876665948676,1.7763137828845452,0.2648749707080514,1.3854046320119977,-2.270139858291893,-0.3105430959585473
12.0,59.0,1004.853271484375,-3.4591579281576816,-4.7160299814534765,-1.4363177737191606,2.1334699404495807,2.805876665948676,1.7763137828845452,0.2648749707080514,1.3853255853526851,-2.2701601998221697,-0.3105430959585473
12.0,60.0,1004.4721069335938,-3.4591579281576816,-4.719837007390651,-1.4363175318763612,2.1334699404495807,2.805876665948676,1.7767613745521935,0.2648749423168818,1.3853255853526851,-2.284788043857297,-0.3105430959585473
12.0,60.0,1004.5512084960938,-3.4530014575692123,-4.72037471653523,-1.4363177737191606,2.1334699404495807,2.805876665948676,1.777140065882526,0.2648757536738326,1.3853542862890047,-2.275183264842827,-0.3105430959585473
12.0,60.0,1004.556884765625,-3.452699182698319,-4.720212751707344,-1.4363177737191606,2.1334699404495807,2.805876665948676,1.777140065882526,0.2648749622934186,1.3853542862890047,-2.275173361884752,-0.3105430959585473
12.0,60.0,1004.5575561523438,-3.452699182698319,-4.720212751707344,-1.4363177737191606,2.1334699404495807,2.805876665948676,1.777140065882526,0.2648758498742249,1.3853542862890047,-2.2751233070847183,-0.3105430959585473
12.0,60.0,1004.5575561523438,-3.452699182698319,-4.720212751707344,-1.4363177737191606,2.1334699404495807,2.805876665948676,1.777140065882526,0.2648758498742249,1.3853542862890047,-2.2751233070847183,-0.3105430959585473
12.0,60.0,1004.5615844726562,-3.452699182698319,-4.719993615632809,-1.4359072773875243,2.1334699404495807,2.805876665948676,1.7771515482489697,0.2649202298333084,1.385511285474737,-2.2751233070847183,-0.3105430959585473
12.0,60.0,1004.5618896484376,-3.452699182698319,-4.720212751707344,-1.4363170664047678,2.1334699404495807,2.805876665948676,1.777140065882526,0.2648758498742249,1.3853542862890047,-2.274826418649462,-0.3105430959585473
12.0,60.0,1004.5737915039062,-3.459158054005904,-4.720569015044566,-1.4358693686633317,2.1334699404495807,2.805876665948676,1.7763008609368374,0.264875005806409,1.3855418551130807,-2.275441973203744,-0.3105475768421692
12.0,60.0,1004.57470703125,-3.459158052733605,-4.720544344192377,-1.4358693686633317,2.1334699404495807,2.805876665948676,1.776293739238435,0.264875005806409,1.3855418551130807,-2.275441905560925,-0.3105475768421692
12.0,60.0,1004.5748901367188,-3.459158052733605,-4.720538719278795,-1.4358693686633317,2.1334699404495807,2.805876665948676,1.776293739238435,0.264875005806409,1.3855418551130807,-2.275441905560925,-0.3105475768421692
12.0,60.0,1004.582275390625,-3.4591580526174024,-4.720569015044566,-1.436311407412889,2.1334699404495807,2.805876665948676,1.7763008609368374,0.2648750204911479,1.385014253045464,-2.275441973203744,-0.3105476642005976
12.0,60.0,1004.5936279296876,-3.4591579281576816,-4.716107512258335,-1.4363108742202904,2.1334699404495807,2.805876665948676,1.776748433953624,0.2648758323563142,1.3853255853526851,-2.2855075190844585,-0.3105430959585473
12.0,60.0,1004.5938720703124,-3.4591579281576816,-4.716107512258335,-1.4363103882222334,2.1334699404495807,2.805876665948676,1.776725806928914,0.2648758323563142,1.3853255853526851,-2.2855075190844585,-0.3105430959585473
12.0,60.0,1004.5953979492188,-3.4591579342215235,-4.71613694933283,-1.4363109029005243,2.1334699404495807,2.805876665948676,1.7767471584417618,0.2648749707080514,1.3853498578994827,-2.285153430990575,-0.310543168162804
12.0,60.0,1004.6038818359376,-3.4591579281576816,-4.7160299814534765,-1.4363179993902662,2.1334699404495807,2.805876665948676,1.7767613745521935,0.2648749707080514,1.3853255853526851,-2.284788043857297,-0.3105430959585473
12.0,60.0,1004.6778564453124,-3.4591579281576816,-4.720212751707344,-1.4363184830946836,2.1334699404495807,2.805876665948676,1.776766863765377,0.2648749193382054,1.3853310719988072,-2.2701601998221697,-0.3105430959585473
12.0,60.0,1004.681640625,-3.4591579281576816,-4.720212751707344,-1.4359086644514951,2.1334699404495807,2.805876665948676,1.776767379101562,0.2649187153513239,1.3855097432729817,-2.2701601998221697,-0.3105430959585473
12.0,60.0,1004.6818237304688,-3.4591579281576816,-4.720212751707344,-1.4359086644514951,2.1334699404495807,2.805876665948676,1.776767379101562,0.2648792970297587,1.3855097432729817,-2.2701601998221697,-0.3105430959585473
12.0,60.0,1004.6858520507812,-3.459158042029041,-4.720321583434791,-1.4363114331628437,2.1334699404495807,2.805876665948676,1.7763137828845452,0.2648749714504886,1.3853255853526851,-2.269977070278989,-0.3105430959585473
12.0,60.0,1004.6858520507812,-3.459158042029041,-4.720321583434791,-1.4363114331628437,2.1334699404495807,2.805876665948676,1.7763137828845452,0.2648749714504886,1.3853255853526851,-2.269977070278989,-0.3105430959585473
12.0,60.0,1004.6868896484376,-3.452699182698319,-4.720212751707344,-1.4364892889119534,2.1334699404495807,2.805876665948676,1.777140377264308,0.2649303690960335,1.389133793142204,-2.264842344043638,-0.3105430959585473
12.0,60.0,1004.6870727539062,-3.4591579281576816,-4.720212751707344,-1.4363177737191606,2.1334699404495807,2.805876665948676,1.776767379101562,0.2649152681957902,1.3850037067081784,-2.2701601998221697,-0.3105430959585473
12.0,60.0,1004.6871948242188,-3.4591579281576816,-4.720213895875522,-1.4363177737191606,2.1334699404495807,2.805876665948676,1.776767379101562,0.2648758498742249,1.3850037067081784,-2.2701601998221697,-0.3105430959585473
12.0,60.0,1004.6871948242188,-3.4591579281576816,-4.720213935771378,-1.4363177737191606,2.1334699404495807,2.805876665948676,1.776767379101562,0.2648758498742249,1.3850037067081784,-2.2701601998221697,-0.3105430959585473
12.0,60.0,1004.687255859375,-3.4591579281576816,-4.720212751707344,-1.4363177737191606,2.1334699404495807,2.805876665948676,1.776767379101562,0.2648758498742249,1.3850037067081784,-2.2701601998221697,-0.3105430959585473
12.0,60.0,1004.687255859375,-3.4591579281576816,-4.720212751707344,-1.4363177737191606,2.1334699404495807,2.805876665948676,1.776767379101562,0.2648758498742249,1.3850037067081784,-2.2701601998221697,-0.3105430959585473
12.0,60.0,1004.687255859375,-3.4591579281576816,-4.720212751707344,-1.4363177737191606,2.1334699404495807,2.805876665948676,1.776767379101562,0.2648758498742249,1.3850037067081784,-2.2701601998221697,-0.3105430959585473
12.0,60.0,1004.687255859375,-3.4591579281576816,-4.720212751707344,-1.4363177737191606,2.1334699404495807,2.805876665948676,1.776767379101562,0.2648758498742249,1.3850037067081784,-2.2701601998221697,-0.3105430959585473
12.0,60.0,1004.687255859375,-3.4591579281576816,-4.720212751707344,-1.4363177737191606,2.1334699404495807,2.805876665948676,1.776767379101562,0.2648758498742249,1.3850037067081784,-2.2701601998221697,-0.3105430959585473
12.0,60.0,1004.687255859375,-3.4591579281576816,-4.720212751707344,-1.4363177737191606,2.1334699404495807,2.805876665948676,1.776767379101562,0.2648758498742249,1.3850037067081784,-2.2701601998221697,-0.3105430959585473
12.0,60.0,1004.687255859375,-3.4591579281576816,-4.72021271181149,-1.4363177737191606,2.1334699404495807,2.805876665948676,1.776767379101562,0.2648758498742249,1.3850037067081784,-2.2701601998221697,-0.3105430959585473
12.0,60.0,1004.687255859375,-3.4591579281576816,-4.720212748808747,-1.4363177737191606,2.1334699404495807,2.805876665948676,1.776767379101562,0.2648758498742249,1.3850037067081784,-2.2701601998221697,-0.3105430959585473
12.0,60.0,1004.6873779296876,-3.459157928156805,-4.720212751707344,-1.4363177737191606,2.1334699404495807,2.805876665948676,1.77675922423371,0.2648758498742249,1.3850037343574415,-2.2701601998221697,-0.3105430959585473
12.0,60.0,1004.6879272460938,-3.4591579281576816,-4.720194341295147,-1.43631739188862,2.1334699404495807,2.805876665948676,1.776767379101562,0.2648749511713761,1.3850037129713368,-2.2701601998221697,-0.3105430959585473
12.0,60.0,1004.688232421875,-3.4591579281576816,-4.720194291006224,-1.4363175303708082,2.1334699404495807,2.805876665948676,1.7767481408631156,0.2648749420969105,1.3850037067081784,-2.2701601998221697,-0.3105430959585473
12.0,60.0,1004.688232421875,-3.4591579281576816,-4.720194291006224,-1.4363175310900933,2.1334699404495807,2.805876665948676,1.776747405272364,0.2648749420969105,1.3850037067081784,-2.2701601998221697,-0.3105430959585473
12.0,60.0,1004.688232421875,-3.4591579281576816,-4.720194180833303,-1.4363175314249084,2.1334699404495807,2.805876665948676,1.7767481408631156,0.2648749427657119,1.3850037067081784,-2.2701601998221697,-0.3105430959585473
12.0,60.0,1004.68994140625,-3.4591579281576816,-4.720141511772724,-1.4363176355445355,2.1334699404495807,2.805876665948676,1.7767474006799833,0.2648748717140407,1.385008930667592,-2.2701601998221697,-0.3105430959585473
12.0,60.0,1004.69287109375,-3.4591579282157787,-4.7202138455866,-1.436300708176427,2.1334699404495807,2.805876665948676,1.7763134022412466,0.2648758407997594,1.3850053476688204,-2.2702640800778835,-0.3105430959585473
12.0,60.0,1004.693603515625,-3.4591579282157787,-4.720194291006224,-1.436300326345887,2.1334699404495807,2.805876665948676,1.7763134022412466,0.2648749420969105,1.3850053539319789,-2.2702640800778835,-0.3105430959585473
12.0,60.0,1004.693603515625,-3.4591579282157787,-4.720194291006224,-1.436300326345887,2.1334699404495807,2.805876665948676,1.7763134022412466,0.2648749420969105,1.3850053539319789,-2.2702640800778835,-0.3105430959585473
12.0,60.0,1004.6937255859376,-3.4591579282157787,-4.720194291006224,-1.436300326345887,2.1334699404495807,2.805876665948676,1.776309445255138,0.2648749420969105,1.3850037354441849,-2.2702640800778835,-0.3105430959585473
12.0,60.0,1004.6963500976562,-3.4591579281592164,-4.720213895875522,-1.435874770813475,2.1334699404495807,2.805876665948676,1.7767883146514611,0.2648758506718451,1.3850048643680652,-2.2701606943377213,-0.3105430959585473
12.0,60.0,1004.697265625,-3.4591579281576816,-4.720212750048755,-1.4358775365076777,2.1334699404495807,2.805876665948676,1.776767379101562,0.2648758498742249,1.3849835161640465,-2.2701601998221697,-0.3105430959585473
12.0,60.0,1004.6973266601562,-3.4591579281576816,-4.720213895875522,-1.435874770813475,2.1334699404495807,2.805876665948676,1.776767379101562,0.2648758498742249,1.3849835161640465,-2.2701601998221697,-0.3105430959585473
12.0,60.0,1004.7072143554688,-3.4591578708332413,-4.720328789357853,-1.4358851345104262,2.1334699404495807,2.805876665948676,1.7763223328323925,0.2648758498742249,1.3849835161640465,-2.269859015948004,-0.3105430959585473
12.0,60.0,1004.7072143554688,-3.4591579253539075,-4.720328789357853,-1.4358851345104262,2.1334699404495807,2.805876665948676,1.7763223328323925,0.2648758498742249,1.3849835161640465,-2.269859015948004,-0.3105430959585473
12.0,60.0,1004.7106323242188,-3.4591579281576816,-4.720213895875522,-1.4363177737191606,2.132244191573333,2.805876665948676,1.77675074556916,0.2648758513562683,1.385007513066273,-2.2701601998221697,-0.3105439395895291
12.0,60.0,1004.7111206054688,-3.4591579281576816,-4.720213895875522,-1.4363177737191606,2.132210281014695,2.805876665948676,1.776767379101562,0.2648758513562683,1.3850037067081784,-2.2701601998221697,-0.3105430959585473
12.0,60.0,1004.7384643554688,-3.459157934382472,-4.7160299814534765,-1.43633751563088,2.1334699404495807,2.805876665948676,1.7767273298209,0.2648749707080514,1.385372955341086,-2.2753272967054463,-0.3102590040537977
12.0,61.0,1004.4408569335938,-3.4590493925721257,-4.720212550386992,-1.4363177737191606,2.1334699404495807,2.805876665948676,1.777140065882526,0.2648749622934186,1.3972873746872183,-2.275173361884752,-0.3105430959585473
12.0,61.0,1004.4721069335938,-3.4591579281576816,-4.719837007390651,-1.4363175318763612,2.1334699404495807,2.805876665948676,1.7767613745521935,0.2648749423168818,1.3853255853526851,-2.284788043857297,-0.3105430959585473
12.0,61.0,1004.4745483398438,-3.459097764249366,-4.719829599985872,-1.4363175318763612,2.1334699404495807,2.805876665948676,1.776754423188709,0.26487583074938,1.385321458929645,-2.2844987450011263,-0.3105430959585473
12.0,61.0,1004.5512084960938,-3.4530014575692123,-4.72037471653523,-1.4363177737191606,2.1334699404495807,2.805876665948676,1.777140065882526,0.2648757536738326,1.3853542862890047,-2.275183264842827,-0.3105430959585473
12.0,61.0,1004.5527954101562,-3.452759346606636,-4.720220159112123,-1.4363177737191606,2.1334699404495807,2.805876665948676,1.7771470172460109,0.2648749614417268,1.3853584127120449,-2.275412605940889,-0.3105430959585473
12.0,61.0,1004.556884765625,-3.452699182698319,-4.720212751707344,-1.4363177737191606,2.1334699404495807,2.805876665948676,1.777140065882526,0.2648749622934186,1.3853542862890047,-2.275173361884752,-0.3105430959585473
12.0,61.0,1004.5575561523438,-3.452699182698319,-4.720212751707344,-1.4363177737191606,2.1334699404495807,2.805876665948676,1.777140065882526,0.2648758498742249,1.3853542862890047,-2.2751233070847183,-0.3105430959585473
12.0,61.0,1004.5575561523438,-3.452699182698319,-4.720212751707344,-1.4363177737191606,2.1334699404495807,2.805876665948676,1.777140065882526,0.2648758498742249,1.3853542862890047,-2.2751233070847183,-0.3105430959585473
12.0,61.0,1004.5615844726562,-3.452699182698319,-4.719993615632809,-1.4359072773875243,2.1334699404495807,2.805876665948676,1.7771515482489697,0.2649202298333084,1.385511285474737,-2.2751233070847183,-0.3105430959585473
12.0,61.0,1004.5618896484376,-3.452699182698319,-4.720212751707344,-1.4363170664047678,2.1334699404495807,2.805876665948676,1.777140065882526,0.2648758498742249,1.3853542862890047,-2.274826418649462,-0.3105430959585473
12.0,61.0,1004.5654296875,-3.452699182698319,-4.720067241382956,-1.4363178188763,2.1334699404495807,2.805876665948676,1.776726895085862,0.2648758331789811,1.385324572368035,-2.2751233070847183,-0.3105430959585473
12.0,61.0,1004.5684814453124,-3.459158052733605,-4.720538719278795,-1.4358695507841697,2.1334699404495807,2.805876665948676,1.7767749419127927,0.264875005806409,1.3855418551130807,-2.275441905560925,-0.3105430846428759
12.0,61.0,1004.5737915039062,-3.459158054005904,-4.720569015044566,-1.4358693686633317,2.1334699404495807,2.805876665948676,1.7763008609368374,0.264875005806409,1.3855418551130807,-2.275441973203744,-0.3105475768421692
12.0,61.0,1004.57470703125,-3.459158052733605,-4.720544344192377,-1.4358693686633317,2.1334699404495807,2.805876665948676,1.776293739238435,0.264875005806409,1.3855418551130807,-2.275441905560925,-0.3105475768421692
12.0,61.0,1004.57470703125,-3.452699182698319,-4.720212751707344,-1.4363170664047678,2.1334699404495807,2.805876665948676,1.7767691529917695,0.2648758498742249,1.3849907840386857,-2.2747497974010216,-0.3105430959585473
12.0,61.0,1004.5748901367188,-3.459158052733605,-4.720538719278795,-1.4358693686633317,2.1334699404495807,2.805876665948676,1.776293739238435,0.264875005806409,1.3855418551130807,-2.275441905560925,-0.3105475768421692
12.0,61.0,1004.582275390625,-3.4591580526174024,-4.720569015044566,-1.436311407412889,2.1334699404495807,2.805876665948676,1.7763008609368374,0.2648750204911479,1.385014253045464,-2.275441973203744,-0.3105476642005976
12.0,61.0,1004.5883178710938,-3.4591580528366164,-4.720569015044566,-1.4358761078010067,2.1334699404495807,2.805876665948676,1.7763008609368374,0.264875005806409,1.3850147336889664,-2.275441973203744,-0.3105475768421692
12.0,61.0,1004.59033203125,-3.452935837907339,-4.7389781690503305,-1.436317543587739,2.1334699404495807,2.805876665948676,1.7771644654900702,0.2648758405060232,1.3853524293387152,-2.275179790608233,-0.3105430959585473
12.0,61.0,1004.5936279296876,-3.4591579281576816,-4.716107512258335,-1.4363108742202904,2.1334699404495807,2.805876665948676,1.776748433953624,0.2648758323563142,1.3853255853526851,-2.2855075190844585,-0.3105430959585473
12.0,61.0,1004.59375,-3.4591579281576816,-4.716107512258335,-1.4363108742202904,2.1334699404495807,2.805876665948676,1.776748433953624,0.2648758323563142,1.38532138148193,-2.2855075190844585,-0.3105430959585473
12.0,61.0,1004.5938720703124,-3.4591579281576816,-4.716107512258335,-1.4363103882222334,2.1334699404495807,2.805876665948676,1.776725806928914,0.2648758323563142,1.3853255853526851,-2.2855075190844585,-0.3105430959585473
12.0,61.0,1004.5953979492188,-3.4591579342215235,-4.71613694933283,-1.4363109029005243,2.1334699404495807,2.805876665948676,1.7767471584417618,0.2648749707080514,1.3853498578994827,-2.285153430990575,-0.310543168162804
12.0,61.0,1004.6038818359376,-3.4591579281576816,-4.7160299814534765,-1.4363179993902662,2.1334699404495807,2.805876665948676,1.7767613745521935,0.2648749707080514,1.3853255853526851,-2.284788043857297,-0.3105430959585473
12.0,61.0,1004.6692504882812,-3.4591579281576816,-4.720212751707344,-1.4363177737191606,2.1334699404495807,2.805876665948676,1.7771382919923182,0.2648758498742249,1.3853672089584972,-2.270236821070609,-0.3105430959585473
12.0,61.0,1004.6764526367188,-3.459157927969319,-4.720173039201162,-1.4363341762240784,2.1334699404495807,2.805876665948676,1.776293739238435,0.264874867528102,1.3856919373774126,-2.270171233738656,-0.3105431478704853
12.0,61.0,1004.6778564453124,-3.4591579281576816,-4.720212751707344,-1.4363184830946836,2.1334699404495807,2.805876665948676,1.776766863765377,0.2648749193382054,1.3853310719988072,-2.2701601998221697,-0.3105430959585473
12.0,61.0,1004.681640625,-3.4591579281576816,-4.720212751707344,-1.4359086644514951,2.1334699404495807,2.805876665948676,1.776767379101562,0.2649187153513239,1.3855097432729817,-2.2701601998221697,-0.3105430959585473
12.0,61.0,1004.6818237304688,-3.4591579281576816,-4.720212751707344,-1.4359086644514951,2.1334699404495807,2.805876665948676,1.776767379101562,0.2648792970297587,1.3855097432729817,-2.2701601998221697,-0.3105430959585473
12.0,61.0,1004.6858520507812,-3.459158042029041,-4.720321583434791,-1.4363114331628437,2.1334699404495807,2.805876665948676,1.7763137828845452,0.2648749714504886,1.3853255853526851,-2.269977070278989,-0.3105430959585473
12.0,61.0,1004.6858520507812,-3.459158042029041,-4.720321583434791,-1.4363114331628437,2.1334699404495807,2.805876665948676,1.7763137828845452,0.2648749714504886,1.3853255853526851,-2.269977070278989,-0.3105430959585473
12.0,61.0,1004.686279296875,-3.459158042029041,-4.7203108182199855,-1.4363114331628437,2.1334699404495807,2.805876665948676,1.7763100672429035,0.2648749714504886,1.3853255853526851,-2.269977070278989,-0.3105430959585473
12.0,61.0,1004.6866455078124,-3.4591579281576816,-4.720212751707344,-1.4363177737191606,2.1334699404495807,2.805876665948676,1.776767379101562,0.2648758498742249,1.38502369979491,-2.2701601998221697,-0.3105430959585473
12.0,61.0,1004.6868286132812,-3.4591579281576816,-4.72022351692215,-1.4363177737191606,2.1334699404495807,2.805876665948676,1.7767710947432032,0.2648758498742249,1.3850037067081784,-2.2701601998221697,-0.3105430959585473
12.0,61.0,1004.6868896484376,-3.452699182698319,-4.720212751707344,-1.4364892889119534,2.1334699404495807,2.805876665948676,1.777140377264308,0.2649303690960335,1.389133793142204,-2.264842344043638,-0.3105430959585473
12.0,61.0,1004.6870727539062,-3.4591579281576816,-4.720212751707344,-1.4363177737191606,2.1334699404495807,2.805876665948676,1.776767379101562,0.2649152681957902,1.3850037067081784,-2.2701601998221697,-0.3105430959585473
12.0,61.0,1004.6871948242188,-3.4591579281576816,-4.720213895875522,-1.4363177737191606,2.1334699404495807,2.805876665948676,1.776767379101562,0.2648758498742249,1.3850037067081784,-2.2701601998221697,-0.3105430959585473
12.0,61.0,1004.6871948242188,-3.4591579281576816,-4.720213935771378,-1.4363177737191606,2.1334699404495807,2.805876665948676,1.776767379101562,0.2648758498742249,1.3850037067081784,-2.2701601998221697,-0.3105430959585473
12.0,61.0,1004.687255859375,-3.4591579281576816,-4.720212751707344,-1.4363177737191606,2.1334699404495807,2.805876665948676,1.776767379101562,0.2648758498742249,1.3850037067081784,-2.2701601998221697,-0.3105430959585473
12.0,61.0,1004.687255859375,-3.4591579281576816,-4.720212751707344,-1.4363177737191606,2.1334699404495807,2.805876665948676,1.776767379101562,0.2648758498742249,1.3850037067081784,-2.2701601998221697,-0.3105430959585473
12.0,61.0,1004.687255859375,-3.4591579281576816,-4.720212751707344,-1.4363177737191606,2.1334699404495807,2.805876665948676,1.776767379101562,0.2648758498742249,1.3850037067081784,-2.2701601998221697,-0.3105430959585473
12.0,61.0,1004.687255859375,-3.4591579281576816,-4.720212751707344,-1.4363177737191606,2.1334699404495807,2.805876665948676,1.776767379101562,0.2648758498742249,1.3850037067081784,-2.2701601998221697,-0.3105430959585473
12.0,61.0,1004.687255859375,-3.4591579281576816,-4.720212751707344,-1.4363177737191606,2.1334699404495807,2.805876665948676,1.776767379101562,0.2648758498742249,1.3850037067081784,-2.2701601998221697,-0.3105430959585473
12.0,61.0,1004.687255859375,-3.4591579281576816,-4.720212751707344,-1.4363177737191606,2.1334699404495807,2.805876665948676,1.776767379101562,0.2648758498742249,1.3850037067081784,-2.2701601998221697,-0.3105430959585473
12.0,61.0,1004.687255859375,-3.4591579281576816,-4.72021271181149,-1.4363177737191606,2.1334699404495807,2.805876665948676,1.776767379101562,0.2648758498742249,1.3850037067081784,-2.2701601998221697,-0.3105430959585473
12.0,61.0,1004.687255859375,-3.4591579281576816,-4.720212748808747,-1.4363177737191606,2.1334699404495807,2.805876665948676,1.776767379101562,0.2648758498742249,1.3850037067081784,-2.2701601998221697,-0.3105430959585473
12.0,61.0,1004.6873779296876,-3.459157928156805,-4.720212751707344,-1.4363177737191606,2.1334699404495807,2.805876665948676,1.77675922423371,0.2648758498742249,1.3850037343574415,-2.2701601998221697,-0.3105430959585473
12.0,61.0,1004.6879272460938,-3.4591579281576816,-4.720194341295147,-1.43631739188862,2.1334699404495807,2.805876665948676,1.776767379101562,0.2648749511713761,1.3850037129713368,-2.2701601998221697,-0.3105430959585473
12.0,61.0,1004.688232421875,-3.4591579281576816,-4.720194291006224,-1.4363175303708082,2.1334699404495807,2.805876665948676,1.7767481408631156,0.2648749420969105,1.3850037067081784,-2.2701601998221697,-0.3105430959585473
12.0,61.0,1004.688232421875,-3.4591579281576816,-4.720194291006224,-1.4363175310900933,2.1334699404495807,2.805876665948676,1.776747405272364,0.2648749420969105,1.3850037067081784,-2.2701601998221697,-0.3105430959585473
12.0,62.0,1004.4408569335938,-3.4590493925721257,-4.720212550386992,-1.4363177737191606,2.1334699404495807,2.805876665948676,1.777140065882526,0.2648749622934186,1.3972873746872183,-2.275173361884752,-0.3105430959585473
12.0,62.0,1004.4496459960938,-3.459158054005904,-4.720569015044566,-1.4363151569333996,2.1334699404495807,2.805876665948676,1.776306392021694,0.264875005806409,1.3853461275351373,-2.2852708614060844,-0.3105477204188789
12.0,62.0,1004.4539794921876,-3.459158052733605,-4.720538719278795,-1.4358693686633317,2.1334699404495807,2.805876665948676,1.776293739238435,0.264875005806409,1.3853348717646674,-2.2848894327032694,-0.3105475768421692
12.0,62.0,1004.4707641601562,-3.459097764249366,-4.719829599985872,-1.4363175278665807,2.1334699404495807,2.805876665948676,1.7771318068089137,0.26487583074938,1.3853569904016487,-2.2844987450011263,-0.3105430959585473
12.0,62.0,1004.4721069335938,-3.4591579281576816,-4.719837007390651,-1.4363175318763612,2.1334699404495807,2.805876665948676,1.7767613745521935,0.2648749423168818,1.3853255853526851,-2.284788043857297,-0.3105430959585473
12.0,62.0,1004.4745483398438,-3.459097764249366,-4.719829599985872,-1.4363175318763612,2.1334699404495807,2.805876665948676,1.776754423188709,0.26487583074938,1.385321458929645,-2.2844987450011263,-0.3105430959585473
12.0,62.0,1004.4745483398438,-3.459097764249366,-4.719829599985872,-1.4363175318763612,2.1334699404495807,2.805876665948676,1.776754423188709,0.26487583074938,1.385321458929645,-2.2844987450011263,-0.3105430959585473
12.0,62.0,1004.5512084960938,-3.4530014575692123,-4.72037471653523,-1.4363177737191606,2.1334699404495807,2.805876665948676,1.777140065882526,0.2648757536738326,1.3853542862890047,-2.275183264842827,-0.3105430959585473
12.0,62.0,1004.5527954101562,-3.452759346606636,-4.720220159112123,-1.4363177737191606,2.1334699404495807,2.805876665948676,1.7771470172460109,0.2648749614417268,1.3853584127120449,-2.275412605940889,-0.3105430959585473
12.0,62.0,1004.5558471679688,-3.4529392603526503,-4.720212751707344,-1.4363177737191606,2.1334699404495807,2.805876665948676,1.7771401269455172,0.2648749271807248,1.3853524270101518,-2.275173361884752,-0.3105430959585473
12.0,62.0,1004.556884765625,-3.452699182698319,-4.720212751707344,-1.4363177737191606,2.1334699404495807,2.805876665948676,1.777140065882526,0.2648749622934186,1.3853542862890047,-2.275173361884752,-0.3105430959585473
12.0,62.0,1004.5575561523438,-3.452699182698319,-4.720212751707344,-1.4363177737191606,2.1334699404495807,2.805876665948676,1.777140065882526,0.2648758498742249,1.3853542862890047,-2.2751233070847183,-0.3105430959585473
12.0,62.0,1004.5575561523438,-3.452699182698319,-4.720212751707344,-1.4363177737191606,2.1334699404495807,2.805876665948676,1.777140065882526,0.2648758498742249,1.3853542862890047,-2.2751233070847183,-0.3105430959585473
12.0,62.0,1004.5615844726562,-3.452699182698319,-4.719993615632809,-1.4359072773875243,2.1334699404495807,2.805876665948676,1.7771515482489697,0.2649202298333084,1.385511285474737,-2.2751233070847183,-0.3105430959585473
12.0,62.0,1004.5618896484376,-3.452699182698319,-4.720212751707344,-1.4363170664047678,2.1334699404495807,2.805876665948676,1.777140065882526,0.2648758498742249,1.3853542862890047,-2.274826418649462,-0.3105430959585473
12.0,62.0,1004.5618896484376,-3.452699182698319,-4.720212751707344,-1.4363170664047678,2.1334699404495807,2.805876665948676,1.777140065882526,0.2648758498742249,1.3853542862890047,-2.274826418649462,-0.3105430959585473
12.0,62.0,1004.5620727539062,-3.452586500618749,-4.719993615632809,-1.4359072773875243,2.1334699404495807,2.805876665948676,1.7771515482489697,0.2649200431193388,1.385511285474737,-2.2751233070847183,-0.3105430959585473
12.0,62.0,1004.5654296875,-3.452699182698319,-4.720067241382956,-1.4363178188763,2.1334699404495807,2.805876665948676,1.776726895085862,0.2648758331789811,1.385324572368035,-2.2751233070847183,-0.3105430959585473
12.0,62.0,1004.5684814453124,-3.459158052733605,-4.720538719278795,-1.4358695507841697,2.1334699404495807,2.805876665948676,1.7767749419127927,0.264875005806409,1.3855418551130807,-2.275441905560925,-0.3105430846428759
12.0,62.0,1004.5684814453124,-3.459158052733605,-4.720538719278795,-1.4358695507841697,2.1334699404495807,2.805876665948676,1.7767749419127927,0.264875005806409,1.3855418551130807,-2.275441905560925,-0.3105430846428759
12.0,62.0,1004.5737915039062,-3.459158054005904,-4.720569015044566,-1.4358693686633317,2.1334699404495807,2.805876665948676,1.7763008609368374,0.264875005806409,1.3855418551130807,-2.275441973203744,-0.3105475768421692
12.0,62.0,1004.57470703125,-3.459158052733605,-4.720544344192377,-1.4358693686633317,2.1334699404495807,2.805876665948676,1.776293739238435,0.264875005806409,1.3855418551130807,-2.275441905560925,-0.3105475768421692
12.0,62.0,1004.57470703125,-3.452699182698319,-4.720212751707344,-1.4363170664047678,2.1334699404495807,2.805876665948676,1.7767691529917695,0.2648758498742249,1.3849907840386857,-2.2747497974010216,-0.3105430959585473
12.0,62.0,1004.5748901367188,-3.459158052733605,-4.720538719278795,-1.4358693686633317,2.1334699404495807,2.805876665948676,1.776293739238435,0.264875005806409,1.3855418551130807,-2.275441905560925,-0.3105475768421692
12.0,62.0,1004.5751953125,-3.4528309166606266,-4.719512660479203,-1.4363175439704772,2.1334699404495807,2.805876665948676,1.7771771227615525,0.2648758918312019,1.3853255853526851,-2.275199434563199,-0.3105430959585473
12.0,62.0,1004.5810546875,-3.4591579281576816,-4.720212751707344,-1.4363177737191606,2.1334699404495807,2.805876665948676,1.776767379101562,0.2648758498742249,1.385366978170238,-2.275231860123285,-0.3105430959585473
12.0,62.0,1004.582275390625,-3.4591580526174024,-4.720569015044566,-1.436311407412889,2.1334699404495807,2.805876665948676,1.7763008609368374,0.2648750204911479,1.385014253045464,-2.275441973203744,-0.3105476642005976
12.0,62.0,1004.5883178710938,-3.4591580528366164,-4.720569015044566,-1.4358761078010067,2.1334699404495807,2.805876665948676,1.7763008609368374,0.264875005806409,1.3850147336889664,-2.275441973203744,-0.3105475768421692
12.0,62.0,1004.5885620117188,-3.4591579281576816,-4.720212751707344,-1.4363177737191606,2.1334699404495807,2.805876665948676,1.776767553013853,0.2648758498742249,1.3849640058965895,-2.27547214423,-0.310543095237029
12.0,62.0,1004.59033203125,-3.452935837907339,-4.7389781690503305,-1.436317543587739,2.1334699404495807,2.805876665948676,1.7771644654900702,0.2648758405060232,1.3853524293387152,-2.275179790608233,-0.3105430959585473
12.0,62.0,1004.5936279296876,-3.4591579281576816,-4.716107512258335,-1.4363108742202904,2.1334699404495807,2.805876665948676,1.776748433953624,0.2648758323563142,1.3853255853526851,-2.2855075190844585,-0.3105430959585473
12.0,62.0,1004.59375,-3.4591579281576816,-4.716107512258335,-1.4363108742202904,2.1334699404495807,2.805876665948676,1.776748433953624,0.2648758323563142,1.38532138148193,-2.2855075190844585,-0.3105430959585473
12.0,62.0,1004.5938720703124,-3.4591579281576816,-4.716107512258335,-1.4363103882222334,2.1334699404495807,2.805876665948676,1.776725806928914,0.2648758323563142,1.3853255853526851,-2.2855075190844585,-0.3105430959585473
12.0,62.0,1004.59521484375,-3.4526957602530075,-4.7389781690503305,-1.436317543587739,2.1334699404495807,2.805876665948676,1.7771644044270791,0.2648758756187169,1.385354288617568,-2.275179790608233,-0.3105430959585473
12.0,62.0,1004.5953979492188,-3.4591579342215235,-4.71613694933283,-1.4363109029005243,2.1334699404495807,2.805876665948676,1.7767471584417618,0.2648749707080514,1.3853498578994827,-2.285153430990575,-0.310543168162804
12.0,62.0,1004.5989990234376,-3.4591579281576816,-4.716107512258335,-1.4363109107557366,2.1334699404495807,2.805876665948676,1.776285199185343,0.2648758323563142,1.3853255853526851,-2.2855712562578026,-0.3105430959585473
12.0,62.0,1004.6038818359376,-3.4591579281576816,-4.7160299814534765,-1.4363179993902662,2.1334699404495807,2.805876665948676,1.7767613745521935,0.2648749707080514,1.3853255853526851,-2.284788043857297,-0.3105430959585473
12.0,62.0,1004.6503295898438,-3.452699182698319,-4.720212751707344,-1.4363177737191606,2.1334699404495807,2.805876665948676,1.777140065882526,0.2648749622934186,1.3849910148269449,-2.2701017015836364,-0.3105430959585473
12.0,62.0,1004.6692504882812,-3.4591579281576816,-4.720212751707344,-1.4363177737191606,2.1334699404495807,2.805876665948676,1.7771382919923182,0.2648758498742249,1.3853672089584972,-2.270236821070609,-0.3105430959585473
12.0,62.0,1004.6702880859376,-3.459048667169993,-4.720220159112123,-1.43631149127484,2.1334699404495807,2.805876665948676,1.7771470172460109,0.264874960980884,1.3853584127120449,-2.270125299312714,-0.3105430959585473
12.0,62.0,1004.6718139648438,-3.45915792701066,-4.720569015044566,-1.4358693686633317,2.1334699404495807,2.805876665948676,1.7767867289748054,0.2649198825551076,1.3855418551130807,-2.2700494841763152,-0.3105475768421692
12.0,62.0,1004.6764526367188,-3.459157927969319,-4.720173039201162,-1.4363341762240784,2.1334699404495807,2.805876665948676,1.776293739238435,0.264874867528102,1.3856919373774126,-2.270171233738656,-0.3105431478704853
12.0,62.0,1004.6778564453124,-3.4591579281576816,-4.720212751707344,-1.4363184830946836,2.1334699404495807,2.805876665948676,1.776766863765377,0.2648749193382054,1.3853310719988072,-2.2701601998221697,-0.3105430959585473
12.0,62.0,1004.6780395507812,-3.4591579281576816,-4.720212751707344,-1.4363184830946836,2.1334699404495807,2.805876665948676,1.7767481116021,0.2648750087470899,1.3853346168231082,-2.2701601998221697,-0.3105430959585473
12.0,62.0,1004.6786499023438,-3.459158038680192,-4.720307685984637,-1.4363114331628437,2.1334699404495807,2.805876665948676,1.776764836984984,0.2648749200100475,1.3853309975037669,-2.269977070278989,-0.3105430959585473
12.0,62.0,1004.679443359375,-3.459158042029041,-4.720321583434791,-1.4363113966273973,2.1334699404495807,2.805876665948676,1.7767770176528264,0.2648749714504886,1.3853255853526851,-2.269913333105645,-0.3105430959585473
12.0,62.0,1004.681640625,-3.4591579281576816,-4.720212751707344,-1.4359086644514951,2.1334699404495807,2.805876665948676,1.776767379101562,0.2649187153513239,1.3855097432729817,-2.2701601998221697,-0.3105430959585473
12.0,62.0,1004.6818237304688,-3.4591579281576816,-4.720212751707344,-1.4359086644514951,2.1334699404495807,2.805876665948676,1.776767379101562,0.2648792970297587,1.3855097432729817,-2.2701601998221697,-0.3105430959585473
12.0,62.0,1004.6858520507812,-3.459158042029041,-4.720321583434791,-1.4363114331628437,2.1334699404495807,2.805876665948676,1.7763137828845452,0.2648749714504886,1.3853255853526851,-2.269977070278989,-0.3105430959585473
12.0,62.0,1004.6858520507812,-3.459158042029041,-4.720321583434791,-1.4363114331628437,2.1334699404495807,2.805876665948676,1.7763137828845452,0.2648749714504886,1.3853255853526851,-2.269977070278989,-0.3105430959585473
12.0,63.0,1004.4408569335938,-3.4590493925721257,-4.720212550386992,-1.4363177737191606,2.1334699404495807,2.805876665948676,1.777140065882526,0.2648749622934186,1.3972873746872183,-2.275173361884752,-0.3105430959585473
12.0,63.0,1004.4440307617188,-3.459158054005904,-4.720569015044566,-1.4363152204399443,2.1334699404495807,2.805876665948676,1.777248836655227,0.2648749294559915,1.3853461275351373,-2.2852708614060844,-0.3105477442713489
12.0,63.0,1004.4478759765624,-3.458943280704986,-4.720212550386992,-1.4363170895260324,2.1334699404495807,2.805876665948676,1.777140065882526,0.264874953883766,1.3972873746872183,-2.274814315114846,-0.3105430959585473
12.0,63.0,1004.44873046875,-3.4591579268603856,-4.720544344192377,-1.4358693686633317,2.1334699404495807,2.805876665948676,1.776293739238435,0.2648749755552675,1.3853332199810455,-2.2854505482991536,-0.3105475768421692
12.0,63.0,1004.4496459960938,-3.459158054005904,-4.720569015044566,-1.4363151569333996,2.1334699404495807,2.805876665948676,1.776306392021694,0.264875005806409,1.3853461275351373,-2.2852708614060844,-0.3105477204188789
12.0,63.0,1004.453125,-3.4591579281576816,-4.720293047181018,-1.436317916819709,2.1334699404495807,2.805876665948676,1.776748810056473,0.2648758323563142,1.3853255853526851,-2.2855075190844585,-0.3105430959585473
12.0,63.0,1004.4539794921876,-3.459158052733605,-4.720538719278795,-1.4358693686633317,2.1334699404495807,2.805876665948676,1.776293739238435,0.264875005806409,1.3853348717646674,-2.2848894327032694,-0.3105475768421692
12.0,63.0,1004.4580688476562,-3.459158052733605,-4.720538719278795,-1.4363115994756324,2.1334699404495807,2.805876665948676,1.7762558480193675,0.264875005806409,1.385320867858948,-2.2845223472934992,-0.3105475768421692
12.0,63.0,1004.4634399414062,-3.459158052733605,-4.720215557893754,-1.4358700310871402,2.1334699404495807,2.805876665948676,1.7762805115088682,0.264875005806409,1.3853310029137236,-2.2848894327032694,-0.3105475768421692
12.0,63.0,1004.465087890625,-3.4590440942128646,-4.720067241382956,-1.436317817049517,2.1334699404495807,2.805876665948676,1.7767262744279084,0.2648758306687643,1.3853211864750297,-2.284762984809867,-0.3105430959585473
12.0,63.0,1004.4707641601562,-3.459097764249366,-4.719829599985872,-1.4363175278665807,2.1334699404495807,2.805876665948676,1.7771318068089137,0.26487583074938,1.3853569904016487,-2.2844987450011263,-0.3105430959585473
12.0,63.0,1004.4721069335938,-3.4591579281576816,-4.719837007390651,-1.4363175318763612,2.1334699404495807,2.805876665948676,1.7767613745521935,0.2648749423168818,1.3853255853526851,-2.284788043857297,-0.3105430959585473
12.0,63.0,1004.4721069335938,-3.4591579281576816,-4.719837007390651,-1.4363175318763612,2.1334699404495807,2.805876665948676,1.7767613745521935,0.2648749423168818,1.3853255853526851,-2.284788043857297,-0.3105430959585473
12.0,63.0,1004.4745483398438,-3.459097764249366,-4.719829599985872,-1.4363175318763612,2.1334699404495807,2.805876665948676,1.776754423188709,0.26487583074938,1.385321458929645,-2.2844987450011263,-0.3105430959585473
12.0,63.0,1004.4745483398438,-3.459097764249366,-4.719829599985872,-1.4363175318763612,2.1334699404495807,2.805876665948676,1.776754423188709,0.26487583074938,1.385321458929645,-2.2844987450011263,-0.3105430959585473
12.0,63.0,1004.5435791015624,-3.45273190165849,-4.720569015044566,-1.436311407412889,2.1334699404495807,2.805876665948676,1.7771862066991473,0.2648758488335836,1.38535489010542,-2.275441973203744,-0.3105432294043447
12.0,63.0,1004.5512084960938,-3.4530014575692123,-4.72037471653523,-1.4363177737191606,2.1334699404495807,2.805876665948676,1.777140065882526,0.2648757536738326,1.3853542862890047,-2.275183264842827,-0.3105430959585473
12.0,63.0,1004.5512084960938,-3.4530014575692123,-4.72037471653523,-1.4363177737191606,2.1334699404495807,2.805876665948676,1.777140065882526,0.2648757536738326,1.3853542862890047,-2.2751832698896983,-0.3105430959585473
12.0,63.0,1004.5527954101562,-3.452759346606636,-4.720220159112123,-1.4363177737191606,2.1334699404495807,2.805876665948676,1.7771470172460109,0.2648749614417268,1.3853584127120449,-2.275412605940889,-0.3105430959585473
12.0,63.0,1004.5527954101562,-3.452759346606636,-4.720220159112123,-1.4363177737191606,2.1334699404495807,2.805876665948676,1.7771470172460109,0.2648749614417268,1.3853584127120449,-2.2754126008940183,-0.3105430959585473
12.0,63.0,1004.5558471679688,-3.4529392603526503,-4.720212751707344,-1.4363177737191606,2.1334699404495807,2.805876665948676,1.7771401269455172,0.2648749271807248,1.3853524270101518,-2.275173361884752,-0.3105430959585473
12.0,63.0,1004.5560302734376,-3.4528317903844057,-4.720212751707344,-1.4363177737191606,2.1334699404495807,2.805876665948676,1.7771761522336524,0.2648749111933284,1.385352971998961,-2.275173361884752,-0.3105430959585473
12.0,63.0,1004.5562133789062,-3.452805294565459,-4.720212751707344,-1.436317750597896,2.1334699404495807,2.805876665948676,1.777140065882526,0.2648758582838775,1.3853542862890047,-2.275185465419367,-0.3105430959585473
12.0,63.0,1004.556884765625,-3.452699182698319,-4.720212751707344,-1.4363177737191606,2.1334699404495807,2.805876665948676,1.777140065882526,0.2648749622934186,1.3853542862890047,-2.275173361884752,-0.3105430959585473
12.0,63.0,1004.5569458007812,-3.452759718200037,-4.720220404088386,-1.4363178180804872,2.1334699404495807,2.805876665948676,1.7771470172460109,0.2648749614417268,1.3853584127120449,-2.27512247422043,-0.3105430959585473
12.0,63.0,1004.5575561523438,-3.452699182698319,-4.720212751707344,-1.4363177737191606,2.1334699404495807,2.805876665948676,1.777140065882526,0.2648758498742249,1.3853542862890047,-2.2751233070847183,-0.3105430959585473
12.0,63.0,1004.5575561523438,-3.452699182698319,-4.720212751707344,-1.4363177737191606,2.1334699404495807,2.805876665948676,1.777140065882526,0.2648758498742249,1.3853542862890047,-2.2751233070847183,-0.3105430959585473
12.0,63.0,1004.559326171875,-3.452699182698319,-4.719902994774815,-1.436316791002466,2.1334699404495807,2.805876665948676,1.777140065882526,0.2648758498742249,1.3853257145652027,-2.27561702228544,-0.3105430959585473
12.0,63.0,1004.5611572265624,-3.4526988111049177,-4.720066996406692,-1.4363177745149731,2.1334699404495807,2.805876665948676,1.776726895085862,0.2648758331789811,1.385324572368035,-2.275413438805177,-0.3105430959585473
12.0,63.0,1004.5615844726562,-3.452699182698319,-4.719993615632809,-1.4359072773875243,2.1334699404495807,2.805876665948676,1.7771515482489697,0.2649202298333084,1.385511285474737,-2.2751233070847183,-0.3105430959585473
12.0,63.0,1004.5618896484376,-3.452699182698319,-4.720212751707344,-1.4363170664047678,2.1334699404495807,2.805876665948676,1.777140065882526,0.2648758498742249,1.3853542862890047,-2.274826418649462,-0.3105430959585473
12.0,63.0,1004.5618896484376,-3.452699182698319,-4.720212751707344,-1.4363170664047678,2.1334699404495807,2.805876665948676,1.777140065882526,0.2648758498742249,1.3853542862890047,-2.274826418649462,-0.3105430959585473
12.0,63.0,1004.5618896484376,-3.452699182698319,-4.720212751707344,-1.4363169321479032,2.1334699404495807,2.805876665948676,1.777140065882526,0.2648758498742249,1.3853542862890047,-2.274826418649462,-0.3105430959585473
12.0,63.0,1004.5620727539062,-3.452586500618749,-4.719993615632809,-1.4359072773875243,2.1334699404495807,2.805876665948676,1.7771515482489697,0.2649200431193388,1.385511285474737,-2.2751233070847183,-0.3105430959585473
12.0,63.0,1004.5654296875,-3.452699182698319,-4.720067241382956,-1.4363178188763,2.1334699404495807,2.805876665948676,1.776726895085862,0.2648758331789811,1.385324572368035,-2.2751233070847183,-0.3105430959585473
12.0,63.0,1004.5675659179688,-3.459158054005904,-4.720569015044566,-1.435878971422672,2.1334699404495807,2.805876665948676,1.7767736808168546,0.2648758650820955,1.3855359079173624,-2.275441973203744,-0.3105475768421692
12.0,63.0,1004.5684814453124,-3.459158052733605,-4.720538719278795,-1.4358695507841697,2.1334699404495807,2.805876665948676,1.7767749419127927,0.264875005806409,1.3855418551130807,-2.275441905560925,-0.3105430846428759
12.0,63.0,1004.5684814453124,-3.459158052733605,-4.720538719278795,-1.4358695507841697,2.1334699404495807,2.805876665948676,1.7767749419127927,0.264875005806409,1.3855418551130807,-2.275441905560925,-0.3105430846428759
12.0,63.0,1004.5684814453124,-3.459158052733605,-4.720538719278795,-1.4358695507841697,2.1334699404495807,2.805876665948676,1.7767749419127927,0.264875005806409,1.3855418551130807,-2.275441905560925,-0.3105430846428759
12.0,63.0,1004.5737915039062,-3.459158054005904,-4.720569015044566,-1.4358693686633317,2.1334699404495807,2.805876665948676,1.7763008609368374,0.264875005806409,1.3855418551130807,-2.275441973203744,-0.3105475768421692
12.0,63.0,1004.57470703125,-3.459158052733605,-4.720544344192377,-1.4358693686633317,2.1334699404495807,2.805876665948676,1.776293739238435,0.264875005806409,1.3855418551130807,-2.275441905560925,-0.3105475768421692
12.0,63.0,1004.57470703125,-3.452699182698319,-4.720212751707344,-1.4363170664047678,2.1334699404495807,2.805876665948676,1.7767691529917695,0.2648758498742249,1.3849907840386857,-2.2747497974010216,-0.3105430959585473
12.0,63.0,1004.5748901367188,-3.459158052733605,-4.720538719278795,-1.4358693686633317,2.1334699404495807,2.805876665948676,1.776293739238435,0.264875005806409,1.3855418551130807,-2.275441905560925,-0.3105475768421692
12.0,63.0,1004.5751953125,-3.4528309166606266,-4.719512660479203,-1.4363175439704772,2.1334699404495807,2.805876665948676,1.7771771227615525,0.2648758918312019,1.3853255853526851,-2.275199434563199,-0.3105430959585473
12.0,63.0,1004.5751953125,-3.4591580538512683,-4.720544344192377,-1.4358693686633317,2.1334699404495807,2.805876665948676,1.776293739238435,0.264875005806409,1.3855418551130807,-2.2754146336724377,-0.3105475768421692
12.0,63.0,1004.5810546875,-3.4591579281576816,-4.720212751707344,-1.4363177737191606,2.1334699404495807,2.805876665948676,1.776767379101562,0.2648758498742249,1.385366978170238,-2.275231860123285,-0.3105430959585473
12.0,63.0,1004.582275390625,-3.4591580526174024,-4.720569015044566,-1.436311407412889,2.1334699404495807,2.805876665948676,1.7763008609368374,0.2648750204911479,1.385014253045464,-2.275441973203744,-0.3105476642005976
12.0,63.0,1004.5877685546876,-3.4591580528366164,-4.720593890414733,-1.4358735617820833,2.1334699404495807,2.805876665948676,1.7762773812229211,0.264874843041379,1.3850164693850366,-2.2754441775674312,-0.310547611109403
12.0,63.0,1004.5883178710938,-3.4591580528366164,-4.720569015044566,-1.4358761078010067,2.1334699404495807,2.805876665948676,1.7763008609368374,0.264875005806409,1.3850147336889664,-2.275441973203744,-0.3105475768421692
12.0,63.0,1004.5885620117188,-3.4591579281576816,-4.720212751707344,-1.4363177737191606,2.1334699404495807,2.805876665948676,1.776767553013853,0.2648758498742249,1.3849640058965895,-2.27547214423,-0.310543095237029
12.0,64.0,1004.3097534179688,-3.4589444419273896,-4.720067241382956,-1.4363170889203083,2.1334699404495807,2.805876665948676,1.7767262744279084,0.2648758306687643,1.3961816240880711,-2.284762984809867,-0.3105430959585473
12.0,64.0,1004.4408569335938,-3.4590493925721257,-4.720212550386992,-1.4363177737191606,2.1334699404495807,2.805876665948676,1.777140065882526,0.2648749622934186,1.3972873746872183,-2.275173361884752,-0.3105430959585473
12.0,64.0,1004.4440307617188,-3.459158054005904,-4.720569015044566,-1.4363152204399443,2.1334699404495807,2.805876665948676,1.777248836655227,0.2648749294559915,1.3853461275351373,-2.2852708614060844,-0.3105477442713489
12.0,64.0,1004.447021484375,-3.458797250771597,-4.720569015044566,-1.4363151569333996,2.1334699404495807,2.805876665948676,1.7762958997102534,0.264875005806409,1.3853461275351373,-2.2852708614060844,-0.3105478244358357
12.0,64.0,1004.4472045898438,-3.459158054005904,-4.720569015044566,-1.4363152204399443,2.1334699404495807,2.805876665948676,1.7767789345075775,0.2648749425775591,1.3853256629388515,-2.2852708614060844,-0.3105477442713489
12.0,64.0,1004.4478759765624,-3.458943280704986,-4.720212550386992,-1.4363170895260324,2.1334699404495807,2.805876665948676,1.777140065882526,0.264874953883766,1.3972873746872183,-2.274814315114846,-0.3105430959585473
12.0,64.0,1004.44873046875,-3.4591579268603856,-4.720544344192377,-1.4358693686633317,2.1334699404495807,2.805876665948676,1.776293739238435,0.2648749755552675,1.3853332199810455,-2.2854505482991536,-0.3105475768421692
12.0,64.0,1004.44873046875,-3.459157926375399,-4.720544344192377,-1.4358693686633317,2.1334699404495807,2.805876665948676,1.776293739238435,0.2648750073519649,1.3853332199810455,-2.2854505482991536,-0.3105475768421692
12.0,64.0,1004.4496459960938,-3.459158054005904,-4.720569015044566,-1.4363151569333996,2.1334699404495807,2.805876665948676,1.776306392021694,0.264875005806409,1.3853461275351373,-2.2852708614060844,-0.3105477204188789
12.0,64.0,1004.4524536132812,-3.4591580484963886,-4.720461122501394,-1.4363175318763612,2.1334699404495807,2.805876665948676,1.7767621387108825,0.2648749423168818,1.3853280667064627,-2.2849981641229697,-0.3105430963091183
12.0,64.0,1004.453125,-3.4591579281576816,-4.720293047181018,-1.436317916819709,2.1334699404495807,2.805876665948676,1.776748810056473,0.2648758323563142,1.3853255853526851,-2.2855075190844585,-0.3105430959585473
12.0,64.0,1004.4539794921876,-3.459158052733605,-4.720538719278795,-1.4358693686633317,2.1334699404495807,2.805876665948676,1.776293739238435,0.264875005806409,1.3853348717646674,-2.2848894327032694,-0.3105475768421692
12.0,64.0,1004.4556274414062,-3.4591579281576816,-4.720297047870643,-1.436317916819709,2.1334699404495807,2.805876665948676,1.776724746749729,0.2648758323563142,1.3853255853526851,-2.285202492050099,-0.3105430959585473
12.0,64.0,1004.4580688476562,-3.459158052733605,-4.720538719278795,-1.4363115994756324,2.1334699404495807,2.805876665948676,1.7762558480193675,0.264875005806409,1.385320867858948,-2.2845223472934992,-0.3105475768421692
12.0,64.0,1004.4580688476562,-3.459181423842796,-4.720289730383612,-1.436317916819709,2.1334699404495807,2.805876665948676,1.776748810056473,0.2648748794221564,1.3853527575614937,-2.284852348925135,-0.3105430959585473
12.0,64.0,1004.4634399414062,-3.459158052733605,-4.720215557893754,-1.4358700310871402,2.1334699404495807,2.805876665948676,1.7762805115088682,0.264875005806409,1.3853310029137236,-2.2848894327032694,-0.3105475768421692
12.0,64.0,1004.4634399414062,-3.4591580532185926,-4.720215557893754,-1.4358700310871402,2.1334699404495807,2.805876665948676,1.7762805115088682,0.2648749740097115,1.3853310029137236,-2.2848894327032694,-0.3105475768421692
12.0,64.0,1004.465087890625,-3.4590440942128646,-4.720067241382956,-1.436317817049517,2.1334699404495807,2.805876665948676,1.7767262744279084,0.2648758306687643,1.3853211864750297,-2.284762984809867,-0.3105430959585473
12.0,64.0,1004.4707641601562,-3.459097764249366,-4.719829599985872,-1.4363175278665807,2.1334699404495807,2.805876665948676,1.7771318068089137,0.26487583074938,1.3853569904016487,-2.2844987450011263,-0.3105430959585473
12.0,64.0,1004.4707641601562,-3.459097764249366,-4.719829599985872,-1.4363175278665807,2.1334699404495807,2.805876665948676,1.7771318068089137,0.26487583074938,1.3853569904016487,-2.2844987450011263,-0.3105430959585473
12.0,64.0,1004.4708251953124,-3.459097764249366,-4.719858848636072,-1.4363170704709256,2.1334699404495807,2.805876665948676,1.7771429254806712,0.2648758501105957,1.385321458929645,-2.2844987450011263,-0.3105430959585473
12.0,64.0,1004.4721069335938,-3.4591579281576816,-4.719837007390651,-1.4363175318763612,2.1334699404495807,2.805876665948676,1.7767613745521935,0.2648749423168818,1.3853255853526851,-2.284788043857297,-0.3105430959585473
12.0,64.0,1004.4721069335938,-3.4591579281576816,-4.719837007390651,-1.4363175318763612,2.1334699404495807,2.805876665948676,1.7767613745521935,0.2648749423168818,1.3853255853526851,-2.284788043857297,-0.3105430959585473
12.0,64.0,1004.4721069335938,-3.4591579281576816,-4.719837007390651,-1.4363175318763612,2.1334699404495807,2.805876665948676,1.7767613745521935,0.2648749423168818,1.3853255853526851,-2.284788043857297,-0.3105430959585473
12.0,64.0,1004.4745483398438,-3.459097764249366,-4.719829599985872,-1.4363175318763612,2.1334699404495807,2.805876665948676,1.776754423188709,0.26487583074938,1.385321458929645,-2.2844987450011263,-0.3105430959585473
12.0,64.0,1004.4745483398438,-3.459097764249366,-4.719829599985872,-1.4363175318763612,2.1334699404495807,2.805876665948676,1.776754423188709,0.26487583074938,1.385321458929645,-2.2844987450011263,-0.3105430959585473
12.0,64.0,1004.4988403320312,-3.452699182698319,-4.72020322121428,-1.436316791002466,2.1334699404495807,2.805876665948676,1.777140065882526,0.2648758498742249,1.3973033558522745,-2.274781432357663,-0.3105430959585473
12.0,64.0,1004.5140380859376,-3.4591579281576816,-4.719837007390651,-1.4363175318763612,2.1334699404495807,2.805876665948676,1.777231276699843,0.2789391771384727,1.3853460499489711,-2.284788043857297,-0.3105430959585473
12.0,64.0,1004.5435791015624,-3.45273190165849,-4.720569015044566,-1.436311407412889,2.1334699404495807,2.805876665948676,1.7771862066991473,0.2648758488335836,1.38535489010542,-2.275441973203744,-0.3105432294043447
12.0,64.0,1004.5512084960938,-3.4530014575692123,-4.72037471653523,-1.4363177737191606,2.1334699404495807,2.805876665948676,1.777140065882526,0.2648757536738326,1.3853542862890047,-2.275183264842827,-0.3105430959585473
12.0,64.0,1004.5512084960938,-3.4530014575692123,-4.72037471653523,-1.4363177737191606,2.1334699404495807,2.805876665948676,1.777140065882526,0.2648757536738326,1.3853542862890047,-2.2751832698896983,-0.3105430959585473
12.0,64.0,1004.552001953125,-3.4529246170378776,-4.720212751707344,-1.4363177737191606,2.1334699404495807,2.805876665948676,1.777099048127187,0.2648758498742249,1.3853555460641285,-2.275459568897648,-0.3105430959585473
12.0,64.0,1004.5520629882812,-3.4528089055111297,-4.72037471653523,-1.4363177737191606,2.1334699404495807,2.805876665948676,1.777140065882526,0.2648758311316288,1.385354377795773,-2.2751832698896983,-0.3105430959585473
12.0,64.0,1004.5525512695312,-3.452759718200037,-4.72021640339876,-1.4363178180804872,2.1334699404495807,2.805876665948676,1.7771710805527547,0.2648749614417268,1.3853584127120449,-2.2754275012547898,-0.3105430959585473
12.0,64.0,1004.552734375,-3.452759346606636,-4.720220159112123,-1.4363177737191606,2.1334699404495807,2.805876665948676,1.7771470172460109,0.2648749614417268,1.385359793503941,-2.275412605940889,-0.3105472670703076
12.0,64.0,1004.5527954101562,-3.452759346606636,-4.720220159112123,-1.4363177737191606,2.1334699404495807,2.805876665948676,1.7771470172460109,0.2648749614417268,1.3853584127120449,-2.275412605940889,-0.3105430959585473
12.0,64.0,1004.5527954101562,-3.452759346606636,-4.720220159112123,-1.4363177737191606,2.1334699404495807,2.805876665948676,1.7771470172460109,0.2648749614417268,1.3853584127120449,-2.2754126008940183,-0.3105430959585473
12.0,64.0,1004.5558471679688,-3.4529392603526503,-4.720212751707344,-1.4363177737191606,2.1334699404495807,2.805876665948676,1.7771401269455172,0.2648749271807248,1.3853524270101518,-2.275173361884752,-0.3105430959585473
12.0,64.0,1004.5558471679688,-3.4529392603526503,-4.720212751707344,-1.4363177737191606,2.1334699404495807,2.805876665948676,1.7771401269455172,0.2648749271807248,1.3853524270101518,-2.275173361884752,-0.3105430959585473
12.0,64.0,1004.5560302734376,-3.4528317903844057,-4.720212751707344,-1.4363177737191606,2.1334699404495807,2.805876665948676,1.7771761522336524,0.2648749111933284,1.385352971998961,-2.275173361884752,-0.3105430959585473
12.0,64.0,1004.5560302734376,-3.4528317903844057,-4.720212751707344,-1.4363177737191606,2.1334699404495807,2.805876665948676,1.7771761522336524,0.2648749111933284,1.385352971998961,-2.275173361884752,-0.3105430959585473
12.0,64.0,1004.5562133789062,-3.452805294565459,-4.720212751707344,-1.436317750597896,2.1334699404495807,2.805876665948676,1.777140065882526,0.2648758582838775,1.3853542862890047,-2.275185465419367,-0.3105430959585473
12.0,64.0,1004.556884765625,-3.452699182698319,-4.720212751707344,-1.4363177737191606,2.1334699404495807,2.805876665948676,1.777140065882526,0.2648749622934186,1.3853542862890047,-2.275173361884752,-0.3105430959585473
12.0,64.0,1004.5569458007812,-3.452759718200037,-4.720220404088386,-1.4363178180804872,2.1334699404495807,2.805876665948676,1.7771470172460109,0.2648749614417268,1.3853584127120449,-2.27512247422043,-0.3105430959585473
12.0,64.0,1004.5575561523438,-3.452699182698319,-4.720212751707344,-1.4363177737191606,2.1334699404495807,2.805876665948676,1.777140065882526,0.2648758498742249,1.3853542862890047,-2.2751233070847183,-0.3105430959585473
12.0,64.0,1004.5575561523438,-3.452699182698319,-4.720212751707344,-1.4363177737191606,2.1334699404495807,2.805876665948676,1.777140065882526,0.2648758498742249,1.3853542862890047,-2.2751233070847183,-0.3105430959585473
12.0,64.0,1004.559326171875,-3.452699182698319,-4.719902994774815,-1.436316791002466,2.1334699404495807,2.805876665948676,1.777140065882526,0.2648758498742249,1.3853257145652027,-2.27561702228544,-0.3105430959585473
12.0,64.0,1004.559326171875,-3.452699182698319,-4.719902994774815,-1.436316791002466,2.1334699404495807,2.805876665948676,1.777140065882526,0.2648758498742249,1.3853257145652027,-2.27561702228544,-0.3105430959585473
12.0,64.0,1004.5604858398438,-3.452699182698319,-4.719993615632809,-1.4359072773875243,2.1334699404495807,2.805876665948676,1.7771512069393072,0.2649202298333084,1.385525377538953,-2.2751734069227627,-0.3105430959585473
12.0,64.0,1004.5611572265624,-3.4526988111049177,-4.720066996406692,-1.4363177745149731,2.1334699404495807,2.805876665948676,1.776726895085862,0.2648758331789811,1.385324572368035,-2.275413438805177,-0.3105430959585473
12.0,65.0,1004.30419921875,-3.459158290236274,-4.720212550386992,-1.4363170895260324,2.1334699404495807,2.805876665948676,1.776762784587366,0.2648749540253066,1.3972873746872183,-2.2854557727355047,-0.3105430959585473
12.0,65.0,1004.3097534179688,-3.4589444419273896,-4.720067241382956,-1.4363170889203083,2.1334699404495807,2.805876665948676,1.7767262744279084,0.2648758306687643,1.3961816240880711,-2.284762984809867,-0.3105430959585473
12.0,65.0,1004.4408569335938,-3.4590493925721257,-4.720212550386992,-1.4363177737191606,2.1334699404495807,2.805876665948676,1.777140065882526,0.2648749622934186,1.3972873746872183,-2.275173361884752,-0.3105430959585473
12.0,65.0,1004.4409790039062,-3.4591688641957834,-4.720212550386992,-1.4363177737191606,2.1334699404495807,2.805876665948676,1.777140065882526,0.2648749606977328,1.3972873746872183,-2.275173361884752,-0.310547798306045
12.0,65.0,1004.4440307617188,-3.459158054005904,-4.720569015044566,-1.4363152204399443,2.1334699404495807,2.805876665948676,1.777248836655227,0.2648749294559915,1.3853461275351373,-2.2852708614060844,-0.3105477442713489
12.0,65.0,1004.4440307617188,-3.459158054005904,-4.720569015044566,-1.436317534279853,2.1334699404495807,2.805876665948676,1.777248836655227,0.2648748855554508,1.3853467014107428,-2.2852708614060844,-0.3105476231411714
12.0,65.0,1004.447021484375,-3.458797250771597,-4.720569015044566,-1.4363151569333996,2.1334699404495807,2.805876665948676,1.7762958997102534,0.264875005806409,1.3853461275351373,-2.2852708614060844,-0.3105478244358357
12.0,65.0,1004.4472045898438,-3.459158054005904,-4.720569015044566,-1.4363152204399443,2.1334699404495807,2.805876665948676,1.7767789345075775,0.2648749425775591,1.3853256629388515,-2.2852708614060844,-0.3105477442713489
12.0,65.0,1004.44775390625,-3.4590384547517417,-4.720544344192377,-1.4358693686633317,2.1334699404495807,2.805876665948676,1.776293739238435,0.2648750089476507,1.3853332199810455,-2.2854505482991536,-0.3105428744946715
12.0,65.0,1004.4478149414062,-3.4591579281576816,-4.720541117207581,-1.4363174578261886,2.1334699404495807,2.805876665948676,1.7767613745521935,0.2648749423168818,1.3853255853526851,-2.285299199547685,-0.3105478395294743
12.0,65.0,1004.4478759765624,-3.458943280704986,-4.720212550386992,-1.4363170895260324,2.1334699404495807,2.805876665948676,1.777140065882526,0.264874953883766,1.3972873746872183,-2.274814315114846,-0.3105430959585473
12.0,65.0,1004.44873046875,-3.4591579268603856,-4.720544344192377,-1.4358693686633317,2.1334699404495807,2.805876665948676,1.776293739238435,0.2648749755552675,1.3853332199810455,-2.2854505482991536,-0.3105475768421692
12.0,65.0,1004.44873046875,-3.459157926375399,-4.720544344192377,-1.4358693686633317,2.1334699404495807,2.805876665948676,1.776293739238435,0.2648750073519649,1.3853332199810455,-2.2854505482991536,-0.3105475768421692
12.0,65.0,1004.4489135742188,-3.459158044102648,-4.720543776181089,-1.4363151569333996,2.1334699404495807,2.805876665948676,1.7763058274509032,0.2648749758282178,1.3853463754982236,-2.2854450107339765,-0.3105477204188789
12.0,65.0,1004.4496459960938,-3.459158054005904,-4.720569015044566,-1.4363151569333996,2.1334699404495807,2.805876665948676,1.776306392021694,0.264875005806409,1.3853461275351373,-2.2852708614060844,-0.3105477204188789
12.0,65.0,1004.450439453125,-3.459158052716294,-4.720539256224473,-1.4358693686633317,2.1334699404495807,2.805876665948676,1.7767923835408006,0.2648750054574112,1.3853348835401162,-2.2848894327032694,-0.3105475768421692
12.0,65.0,1004.4524536132812,-3.4591580484963886,-4.720461122501394,-1.4363175318763612,2.1334699404495807,2.805876665948676,1.7767621387108825,0.2648749423168818,1.3853280667064627,-2.2849981641229697,-0.3105430963091183
12.0,65.0,1004.4529418945312,-3.4591580484963886,-4.720469578492903,-1.436317392531841,2.1334699404495807,2.805876665948676,1.7763114506064348,0.2648749423168818,1.3853280667064627,-2.28527094853779,-0.3105433219192678
12.0,65.0,1004.453125,-3.4591579281576816,-4.720293047181018,-1.436317916819709,2.1334699404495807,2.805876665948676,1.776748810056473,0.2648758323563142,1.3853255853526851,-2.2855075190844585,-0.3105430959585473
12.0,65.0,1004.4535522460938,-3.459155445545949,-4.720592649514509,-1.4363175724539703,2.1334699404495807,2.805876665948676,1.7767107328755467,0.2648749307277881,1.385321458929645,-2.2844987450011263,-0.3105479148135757
12.0,65.0,1004.4539794921876,-3.459158052733605,-4.720538719278795,-1.4358693686633317,2.1334699404495807,2.805876665948676,1.776293739238435,0.264875005806409,1.3853348717646674,-2.2848894327032694,-0.3105475768421692
12.0,65.0,1004.4556274414062,-3.4591579281576816,-4.720297047870643,-1.436317916819709,2.1334699404495807,2.805876665948676,1.776724746749729,0.2648758323563142,1.3853255853526851,-2.285202492050099,-0.3105430959585473
12.0,65.0,1004.4580688476562,-3.459158052733605,-4.720538719278795,-1.4363115994756324,2.1334699404495807,2.805876665948676,1.7762558480193675,0.264875005806409,1.385320867858948,-2.2845223472934992,-0.3105475768421692
12.0,65.0,1004.4580688476562,-3.459181423842796,-4.720289730383612,-1.436317916819709,2.1334699404495807,2.805876665948676,1.776748810056473,0.2648748794221564,1.3853527575614937,-2.284852348925135,-0.3105430959585473
12.0,65.0,1004.4580688476562,-3.459158052733605,-4.720538719278795,-1.4363115994756324,2.1334699404495807,2.805876665948676,1.7762558480193675,0.264875005806409,1.385320867858948,-2.2845223472934992,-0.3105475768421692
12.0,65.0,1004.4586791992188,-3.459207738224989,-4.720212751707344,-1.4363177909609426,2.1334699404495807,2.805876665948676,1.776762146660943,0.2648748188224438,1.3853252035029164,-2.2851388863503206,-0.3105430959585473
12.0,65.0,1004.4620361328124,-3.4586204524692805,-4.720067241382956,-1.4363178164798374,2.1334699404495807,2.805876665948676,1.7767237376544862,0.2648758306687643,1.3853211864750297,-2.284749372390032,-0.3105430959585473
12.0,65.0,1004.4634399414062,-3.459158052733605,-4.720215557893754,-1.4358700310871402,2.1334699404495807,2.805876665948676,1.7762805115088682,0.264875005806409,1.3853310029137236,-2.2848894327032694,-0.3105475768421692
12.0,65.0,1004.4634399414062,-3.4591580532185926,-4.720215557893754,-1.4358700310871402,2.1334699404495807,2.805876665948676,1.7762805115088682,0.2648749740097115,1.3853310029137236,-2.2848894327032694,-0.3105475768421692
12.0,65.0,1004.4634399414062,-3.4591580532185926,-4.720215557893754,-1.4358700310871402,2.1334699404495807,2.805876665948676,1.7762805115088682,0.2648749740097115,1.3853310029137236,-2.2848894327032694,-0.3105475768421692
12.0,65.0,1004.4642333984376,-3.45910037270932,-4.71980596551593,-1.4363151798623353,2.1334699404495807,2.805876665948676,1.7772925269683892,0.2648758294775833,1.3853461275351373,-2.2852708614060844,-0.3105429254163205
12.0,65.0,1004.465087890625,-3.4590440942128646,-4.720067241382956,-1.436317817049517,2.1334699404495807,2.805876665948676,1.7767262744279084,0.2648758306687643,1.3853211864750297,-2.284762984809867,-0.3105430959585473
12.0,65.0,1004.4707641601562,-3.459097764249366,-4.719829599985872,-1.4363175278665807,2.1334699404495807,2.805876665948676,1.7771318068089137,0.26487583074938,1.3853569904016487,-2.2844987450011263,-0.3105430959585473
12.0,65.0,1004.4707641601562,-3.459097764249366,-4.719829599985872,-1.4363175278665807,2.1334699404495807,2.805876665948676,1.7771318068089137,0.26487583074938,1.3853569904016487,-2.2844987450011263,-0.3105430959585473
12.0,65.0,1004.4708251953124,-3.459097764249366,-4.719858848636072,-1.4363170704709256,2.1334699404495807,2.805876665948676,1.7771429254806712,0.2648758501105957,1.385321458929645,-2.2844987450011263,-0.3105430959585473
12.0,65.0,1004.4716186523438,-3.4591579268535244,-4.719837007390651,-1.4358880789975503,2.1334699404495807,2.805876665948676,1.7767613745521935,0.264874982653936,1.3853255853526851,-2.2848111619022515,-0.3105430959585473
12.0,65.0,1004.4721069335938,-3.4591579281576816,-4.719837007390651,-1.4363175318763612,2.1334699404495807,2.805876665948676,1.7767613745521935,0.2648749423168818,1.3853255853526851,-2.284788043857297,-0.3105430959585473
12.0,65.0,1004.4721069335938,-3.4591579281576816,-4.719837007390651,-1.4363175318763612,2.1334699404495807,2.805876665948676,1.7767613745521935,0.2648749423168818,1.3853255853526851,-2.284788043857297,-0.3105430959585473
12.0,65.0,1004.4721069335938,-3.4591579281576816,-4.719837007390651,-1.4363175318763612,2.1334699404495807,2.805876665948676,1.7767613745521935,0.2648749423168818,1.3853255853526851,-2.284788043857297,-0.3105430959585473
12.0,65.0,1004.4745483398438,-3.459097764249366,-4.719829599985872,-1.4363175318763612,2.1334699404495807,2.805876665948676,1.776754423188709,0.26487583074938,1.385321458929645,-2.2844987450011263,-0.3105430959585473
12.0,65.0,1004.4745483398438,-3.459097764249366,-4.719829599985872,-1.4363175318763612,2.1334699404495807,2.805876665948676,1.776754423188709,0.26487583074938,1.385321458929645,-2.2844987450011263,-0.3105430959585473
12.0,65.0,1004.4745483398438,-3.459097764249366,-4.719829599985872,-1.4363152180364522,2.1334699404495807,2.805876665948676,1.776754423188709,0.2648758746499207,1.3853208850540393,-2.2844987450011263,-0.3105432170887248
12.0,65.0,1004.4988403320312,-3.452699182698319,-4.72020322121428,-1.436316791002466,2.1334699404495807,2.805876665948676,1.777140065882526,0.2648758498742249,1.3973033558522745,-2.274781432357663,-0.3105430959585473
12.0,65.0,1004.5140380859376,-3.4591579281576816,-4.719837007390651,-1.4363175318763612,2.1334699404495807,2.805876665948676,1.777231276699843,0.2789391771384727,1.3853460499489711,-2.284788043857297,-0.3105430959585473
12.0,65.0,1004.5435791015624,-3.45273190165849,-4.720569015044566,-1.436311407412889,2.1334699404495807,2.805876665948676,1.7771862066991473,0.2648758488335836,1.38535489010542,-2.275441973203744,-0.3105432294043447
12.0,65.0,1004.5439453125,-3.452732917608344,-4.720569015044566,-1.436311407412889,2.1334699404495807,2.805876665948676,1.7771862066991473,0.2648758380008167,1.3853584500529863,-2.2754121073254705,-0.3105430996409914
12.0,65.0,1004.5490112304688,-3.452759718200037,-4.7203673316891575,-1.436317818814192,2.1334699404495807,2.805876665948676,1.7771409854878422,0.2648749614417268,1.3853542758306148,-2.2754275012547898,-0.3105430959585473
12.0,65.0,1004.5512084960938,-3.4530014575692123,-4.72037471653523,-1.4363177737191606,2.1334699404495807,2.805876665948676,1.777140065882526,0.2648757536738326,1.3853542862890047,-2.275183264842827,-0.3105430959585473
12.0,65.0,1004.5512084960938,-3.4530014575692123,-4.72037471653523,-1.4363177737191606,2.1334699404495807,2.805876665948676,1.777140065882526,0.2648757536738326,1.3853542862890047,-2.2751832698896983,-0.3105430959585473
12.0,65.0,1004.552001953125,-3.4529246170378776,-4.720212751707344,-1.4363177737191606,2.1334699404495807,2.805876665948676,1.777099048127187,0.2648758498742249,1.3853555460641285,-2.275459568897648,-0.3105430959585473
12.0,66.0,1004.30419921875,-3.459158290236274,-4.720212550386992,-1.4363170895260324,2.1334699404495807,2.805876665948676,1.776762784587366,0.2648749540253066,1.3972873746872183,-2.2854557727355047,-0.3105430959585473
12.0,66.0,1004.3097534179688,-3.4589444419273896,-4.720067241382956,-1.4363170889203083,2.1334699404495807,2.805876665948676,1.7767262744279084,0.2648758306687643,1.3961816240880711,-2.284762984809867,-0.3105430959585473
12.0,66.0,1004.3097534179688,-3.4589444419273896,-4.720067241382956,-1.4363170889203083,2.1334699404495807,2.805876665948676,1.7767262744279084,0.2648758306687643,1.3961816240880711,-2.284762984809867,-0.3105430959585473
12.0,66.0,1004.4408569335938,-3.4590493925721257,-4.720212550386992,-1.4363177737191606,2.1334699404495807,2.805876665948676,1.777140065882526,0.2648749622934186,1.3972873746872183,-2.275173361884752,-0.3105430959585473
12.0,66.0,1004.4408569335938,-3.4590493925721257,-4.720212550386992,-1.4363177737191606,2.1334699404495807,2.805876665948676,1.777140065882526,0.2648749622934186,1.3972873746872183,-2.275173361884752,-0.3105430959585473
12.0,66.0,1004.4409790039062,-3.4591688641957834,-4.720212550386992,-1.4363177737191606,2.1334699404495807,2.805876665948676,1.777140065882526,0.2648749606977328,1.3972873746872183,-2.275173361884752,-0.310547798306045
12.0,66.0,1004.4409790039062,-3.4591694656500493,-4.720212550386992,-1.4363177737191606,2.1334699404495807,2.805876665948676,1.777140065882526,0.2648749606977328,1.3972873746872183,-2.275173361884752,-0.310547798306045
12.0,66.0,1004.4439086914062,-3.4591580540309645,-4.720569015044566,-1.4363152204399443,2.1334699404495807,2.805876665948676,1.777248836655227,0.2648749294559915,1.3853461275351373,-2.2852848772060343,-0.3105477327874568
12.0,66.0,1004.4440307617188,-3.459158054005904,-4.720569015044566,-1.4363152204399443,2.1334699404495807,2.805876665948676,1.777248836655227,0.2648749294559915,1.3853461275351373,-2.2852708614060844,-0.3105477442713489
12.0,66.0,1004.4440307617188,-3.459158054005904,-4.720569015044566,-1.436317534279853,2.1334699404495807,2.805876665948676,1.777248836655227,0.2648748855554508,1.3853467014107428,-2.2852708614060844,-0.3105476231411714
12.0,66.0,1004.447021484375,-3.458797250771597,-4.720569015044566,-1.4363151569333996,2.1334699404495807,2.805876665948676,1.7762958997102534,0.264875005806409,1.3853461275351373,-2.2852708614060844,-0.3105478244358357
12.0,66.0,1004.4472045898438,-3.459158054005904,-4.720569015044566,-1.4363152204399443,2.1334699404495807,2.805876665948676,1.7767789345075775,0.2648749425775591,1.3853256629388515,-2.2852708614060844,-0.3105477442713489
12.0,66.0,1004.4472045898438,-3.459158054005904,-4.720568893794243,-1.4363152204399443,2.1334699404495807,2.805876665948676,1.7767789345075775,0.2648749442013813,1.3853256629388515,-2.2852708614060844,-0.3105477442713489
12.0,66.0,1004.44775390625,-3.4590384547517417,-4.720544344192377,-1.4358693686633317,2.1334699404495807,2.805876665948676,1.776293739238435,0.2648750089476507,1.3853332199810455,-2.2854505482991536,-0.3105428744946715
12.0,66.0,1004.4478149414062,-3.4591579281576816,-4.720541117207581,-1.4363174578261886,2.1334699404495807,2.805876665948676,1.7767613745521935,0.2648749423168818,1.3853255853526851,-2.285299199547685,-0.3105478395294743
12.0,66.0,1004.4478759765624,-3.458943280704986,-4.720212550386992,-1.4363170895260324,2.1334699404495807,2.805876665948676,1.777140065882526,0.264874953883766,1.3972873746872183,-2.274814315114846,-0.3105430959585473
12.0,66.0,1004.44873046875,-3.4591579268603856,-4.720544344192377,-1.4358693686633317,2.1334699404495807,2.805876665948676,1.776293739238435,0.2648749755552675,1.3853332199810455,-2.2854505482991536,-0.3105475768421692
12.0,66.0,1004.44873046875,-3.459157926375399,-4.720544344192377,-1.4358693686633317,2.1334699404495807,2.805876665948676,1.776293739238435,0.2648750073519649,1.3853332199810455,-2.2854505482991536,-0.3105475768421692
12.0,66.0,1004.4489135742188,-3.459158044102648,-4.720543776181089,-1.4363151569333996,2.1334699404495807,2.805876665948676,1.7763058274509032,0.2648749758282178,1.3853463754982236,-2.2854450107339765,-0.3105477204188789
12.0,66.0,1004.4496459960938,-3.459158054005904,-4.720569015044566,-1.4363151569333996,2.1334699404495807,2.805876665948676,1.776306392021694,0.264875005806409,1.3853461275351373,-2.2852708614060844,-0.3105477204188789
12.0,66.0,1004.450439453125,-3.459158052716294,-4.720539256224473,-1.4358693686633317,2.1334699404495807,2.805876665948676,1.7767923835408006,0.2648750054574112,1.3853348835401162,-2.2848894327032694,-0.3105475768421692
12.0,66.0,1004.450439453125,-3.459158052716294,-4.720539377474796,-1.4358693686633317,2.1334699404495807,2.805876665948676,1.7767923835408006,0.264875003833589,1.3853348835401162,-2.2848894327032694,-0.3105475768421692
12.0,66.0,1004.4506225585938,-3.459158054005904,-4.720569015044566,-1.4363151569333996,2.1334699404495807,2.805876665948676,1.7762553031328678,0.264875005806409,1.385321790577814,-2.285276077767421,-0.3105477195836323
12.0,66.0,1004.4509887695312,-3.4591580484963886,-4.720519954587082,-1.4363175470311305,2.1334699404495807,2.805876665948676,1.7767627789209255,0.2648749423168818,1.3853280667064627,-2.2849796959591107,-0.3105430963091183
12.0,66.0,1004.4524536132812,-3.4591580484963886,-4.720461122501394,-1.4363175318763612,2.1334699404495807,2.805876665948676,1.7767621387108825,0.2648749423168818,1.3853280667064627,-2.2849981641229697,-0.3105430963091183
12.0,66.0,1004.4524536132812,-3.459158048340103,-4.720461122501394,-1.4363175318763612,2.1334699404495807,2.805876665948676,1.776762557993807,0.2648749432194862,1.385328160321848,-2.2849981641229697,-0.3105429910643107
12.0,66.0,1004.4529418945312,-3.4591580484963886,-4.720469578492903,-1.436317392531841,2.1334699404495807,2.805876665948676,1.7763114506064348,0.2648749423168818,1.3853280667064627,-2.28527094853779,-0.3105433219192678
12.0,66.0,1004.453125,-3.4591579281576816,-4.720293047181018,-1.436317916819709,2.1334699404495807,2.805876665948676,1.776748810056473,0.2648758323563142,1.3853255853526851,-2.2855075190844585,-0.3105430959585473
12.0,66.0,1004.4535522460938,-3.459155445545949,-4.720592649514509,-1.4363175724539703,2.1334699404495807,2.805876665948676,1.7767107328755467,0.2648749307277881,1.385321458929645,-2.2844987450011263,-0.3105479148135757
12.0,66.0,1004.45361328125,-3.4591579201993308,-4.720569015044566,-1.4363151569333996,2.1334699404495807,2.805876665948676,1.776306392021694,0.2648750075939958,1.3853461275351373,-2.284809018425974,-0.3105477204188789
12.0,66.0,1004.4539794921876,-3.459158052733605,-4.720538719278795,-1.4358693686633317,2.1334699404495807,2.805876665948676,1.776293739238435,0.264875005806409,1.3853348717646674,-2.2848894327032694,-0.3105475768421692
12.0,66.0,1004.4539794921876,-3.459158052889891,-4.720538719278795,-1.4358693686633317,2.1334699404495807,2.805876665948676,1.7762933199555109,0.2648750049038046,1.385334778149282,-2.2848894327032694,-0.3105476820869769
12.0,66.0,1004.4539794921876,-3.4591580540277365,-4.7205629073376025,-1.4362922074950224,2.1334699404495807,2.805876665948676,1.7762524619728075,0.2648749420165326,1.3853257211370558,-2.2848894327032694,-0.3105477454858344
12.0,66.0,1004.4541015625,-3.459158052708544,-4.720538719278795,-1.4358693686633317,2.1334699404495807,2.805876665948676,1.776293739238435,0.264875005806409,1.3853348717646674,-2.284875416903319,-0.3105475883260614
12.0,66.0,1004.454833984375,-3.459098688915053,-4.720289730383612,-1.4363170729082246,2.1334699404495807,2.805876665948676,1.777145818213656,0.2648758311741425,1.3853525062976788,-2.284852348925135,-0.3105430959585473
12.0,66.0,1004.4556274414062,-3.4591579281576816,-4.720297047870643,-1.436317916819709,2.1334699404495807,2.805876665948676,1.776724746749729,0.2648758323563142,1.3853255853526851,-2.285202492050099,-0.3105430959585473
12.0,66.0,1004.4556274414062,-3.4591579281576816,-4.720297495453439,-1.4363178173071152,2.1334699404495807,2.805876665948676,1.776724746749729,0.2648758323563142,1.3853255853526851,-2.285202492050099,-0.3105430959585473
12.0,66.0,1004.4579467773438,-3.459167314050169,-4.720293865010977,-1.436317916819709,2.1334699404495807,2.805876665948676,1.7767328014316204,0.2648748794221564,1.3853527575614937,-2.284852348925135,-0.3105434140961737
12.0,66.0,1004.4580688476562,-3.459158052733605,-4.720538719278795,-1.4363115994756324,2.1334699404495807,2.805876665948676,1.7762558480193675,0.264875005806409,1.385320867858948,-2.2845223472934992,-0.3105475768421692
12.0,66.0,1004.4580688476562,-3.459181423842796,-4.720289730383612,-1.436317916819709,2.1334699404495807,2.805876665948676,1.776748810056473,0.2648748794221564,1.3853527575614937,-2.284852348925135,-0.3105430959585473
12.0,66.0,1004.4580688476562,-3.459158052733605,-4.720538719278795,-1.4363115994756324,2.1334699404495807,2.805876665948676,1.7762558480193675,0.264875005806409,1.385320867858948,-2.2845223472934992,-0.3105475768421692
12.0,66.0,1004.4585571289062,-3.459207738224989,-4.720215565472649,-1.4363177909609426,2.1334699404495807,2.805876665948676,1.776762146660943,0.2648748188224438,1.3853252035029164,-2.2851451488919965,-0.3105431014430412
12.0,66.0,1004.4586791992188,-3.459207738224989,-4.720212751707344,-1.4363177909609426,2.1334699404495807,2.805876665948676,1.776762146660943,0.2648748188224438,1.3853252035029164,-2.2851388863503206,-0.3105430959585473
12.0,66.0,1004.4617919921876,-3.4585840860778365,-4.720065123792452,-1.4363178164798374,2.1334699404495807,2.805876665948676,1.7767237376544862,0.2648758408553295,1.3853211864750297,-2.284749372390032,-0.3105473646752075
12.0,66.0,1004.4620361328124,-3.4586204524692805,-4.720067241382956,-1.4363178164798374,2.1334699404495807,2.805876665948676,1.7767237376544862,0.2648758306687643,1.3853211864750297,-2.284749372390032,-0.3105430959585473
12.0,66.0,1004.4634399414062,-3.459158052733605,-4.720215557893754,-1.4358700310871402,2.1334699404495807,2.805876665948676,1.7762805115088682,0.264875005806409,1.3853310029137236,-2.2848894327032694,-0.3105475768421692
12.0,66.0,1004.4634399414062,-3.4591580532185926,-4.720215557893754,-1.4358700310871402,2.1334699404495807,2.805876665948676,1.7762805115088682,0.2648749740097115,1.3853310029137236,-2.2848894327032694,-0.3105475768421692
12.0,66.0,1004.4634399414062,-3.4591580532185926,-4.720215557893754,-1.4358700310871402,2.1334699404495807,2.805876665948676,1.7762805115088682,0.2648749740097115,1.3853310029137236,-2.2848894327032694,-0.3105475768421692
12.0,66.0,1004.4642333984376,-3.45910037270932,-4.71980596551593,-1.4363151798623353,2.1334699404495807,2.805876665948676,1.7772925269683892,0.2648758294775833,1.3853461275351373,-2.2852708614060844,-0.3105429254163205
12.0,66.0,1004.465087890625,-3.4590440942128646,-4.720067241382956,-1.436317817049517,2.1334699404495807,2.805876665948676,1.7767262744279084,0.2648758306687643,1.3853211864750297,-2.284762984809867,-0.3105430959585473
12.0,67.0,1004.2998657226562,-3.4591580540309645,-4.720210044231438,-1.4363152204399443,2.1334699404495807,2.805876665948676,1.777248836655227,0.2648749619291586,1.3968705913551445,-2.2852848772060343,-0.3105477327874568
12.0,67.0,1004.3026123046876,-3.4590493925721257,-4.7205626048894604,-1.4363177737191606,2.1334699404495807,2.805876665948676,1.777140065882526,0.2648749664677096,1.3972873746872183,-2.284595763139308,-0.310547855968793
12.0,67.0,1004.30419921875,-3.459158290236274,-4.720212550386992,-1.4363170895260324,2.1334699404495807,2.805876665948676,1.776762784587366,0.2648749540253066,1.3972873746872183,-2.2854557727355047,-0.3105430959585473
12.0,67.0,1004.3046875,-3.459158290236274,-4.720202652135267,-1.4363170895260324,2.1334699404495807,2.805876665948676,1.776375381024867,0.2648749539823628,1.3967127498341088,-2.285517855642916,-0.3105430959585473
12.0,67.0,1004.3057861328124,-3.4590493925721257,-4.72052903198232,-1.4363177895543675,2.1334699404495807,2.805876665948676,1.7762812052660013,0.2648749623457138,1.3972873746872183,-2.285126131711838,-0.3105478221031164
12.0,67.0,1004.3096313476562,-3.4589444419273896,-4.720067241382956,-1.4363170889203083,2.1334699404495807,2.805876665948676,1.776741383802881,0.264875811474889,1.3961816240880711,-2.284762984809867,-0.3105430959585473
12.0,67.0,1004.3097534179688,-3.4589444419273896,-4.720067241382956,-1.4363170889203083,2.1334699404495807,2.805876665948676,1.7767262744279084,0.2648758306687643,1.3961816240880711,-2.284762984809867,-0.3105430959585473
12.0,67.0,1004.3097534179688,-3.4589444419273896,-4.720067241382956,-1.4363170889203083,2.1334699404495807,2.805876665948676,1.7767262744279084,0.2648758306687643,1.3961816240880711,-2.284762984809867,-0.3105430959585473
12.0,67.0,1004.3097534179688,-3.4589444419273896,-4.720067241382956,-1.4363170889203083,2.1334699404495807,2.805876665948676,1.7767262744279084,0.2648758306687643,1.3961816240880711,-2.284762984809867,-0.3105430959585473
12.0,67.0,1004.427734375,-3.459158416261588,-4.720229412179349,-1.436317967740018,2.1334699404495807,2.805876665948676,1.777140065882526,0.2648749606977328,1.3972873746872183,-2.275853152355745,-0.3105477375407763
12.0,67.0,1004.4408569335938,-3.4590493925721257,-4.720212550386992,-1.4363177737191606,2.1334699404495807,2.805876665948676,1.777140065882526,0.2648749622934186,1.3972873746872183,-2.275173361884752,-0.3105430959585473
12.0,67.0,1004.4408569335938,-3.4590493925721257,-4.720212550386992,-1.4363177737191606,2.1334699404495807,2.805876665948676,1.777140065882526,0.2648749622934186,1.3972873746872183,-2.275173361884752,-0.3105430959585473
12.0,67.0,1004.4409790039062,-3.4591688641957834,-4.720212550386992,-1.4363177737191606,2.1334699404495807,2.805876665948676,1.777140065882526,0.2648749606977328,1.3972873746872183,-2.275173361884752,-0.310547798306045
12.0,67.0,1004.4409790039062,-3.4591694656500493,-4.720212550386992,-1.4363177737191606,2.1334699404495807,2.805876665948676,1.777140065882526,0.2648749606977328,1.3972873746872183,-2.275173361884752,-0.310547798306045
12.0,67.0,1004.4439086914062,-3.4591580540309645,-4.720569015044566,-1.4363152204399443,2.1334699404495807,2.805876665948676,1.777248836655227,0.2648749294559915,1.3853461275351373,-2.2852848772060343,-0.3105477327874568
12.0,67.0,1004.4440307617188,-3.459158054005904,-4.720569015044566,-1.4363152204399443,2.1334699404495807,2.805876665948676,1.777248836655227,0.2648749294559915,1.3853461275351373,-2.2852708614060844,-0.3105477442713489
12.0,67.0,1004.4440307617188,-3.459158054005904,-4.720569015044566,-1.436317534279853,2.1334699404495807,2.805876665948676,1.777248836655227,0.2648748855554508,1.3853467014107428,-2.2852708614060844,-0.3105476231411714
12.0,67.0,1004.4440307617188,-3.459158054005904,-4.720569015044566,-1.436317534279853,2.1334699404495807,2.805876665948676,1.777248836655227,0.2648748855554508,1.3853467014107428,-2.2852708614060844,-0.3105476231411714
12.0,67.0,1004.4440307617188,-3.459158054005904,-4.720569066115049,-1.4363175351819115,2.1334699404495807,2.805876665948676,1.777248836655227,0.2648748855554508,1.3853467014107428,-2.2852708614060844,-0.3105476231411714
12.0,67.0,1004.4463500976562,-3.459158278674112,-4.720550158142587,-1.43631746125968,2.1334699404495807,2.805876665948676,1.7767613745521935,0.2648749423168818,1.3853255853526851,-2.2854599085453606,-0.3105478395294743
12.0,67.0,1004.447021484375,-3.458797250771597,-4.720569015044566,-1.4363151569333996,2.1334699404495807,2.805876665948676,1.7762958997102534,0.264875005806409,1.3853461275351373,-2.2852708614060844,-0.3105478244358357
12.0,67.0,1004.4472045898438,-3.459158054005904,-4.720569015044566,-1.4363152204399443,2.1334699404495807,2.805876665948676,1.7767789345075775,0.2648749425775591,1.3853256629388515,-2.2852708614060844,-0.3105477442713489
12.0,67.0,1004.4472045898438,-3.459158054005904,-4.720568893794243,-1.4363152204399443,2.1334699404495807,2.805876665948676,1.7767789345075775,0.2648749442013813,1.3853256629388515,-2.2852708614060844,-0.3105477442713489
12.0,67.0,1004.4472045898438,-3.459158054005904,-4.720568893794243,-1.4363152204399443,2.1334699404495807,2.805876665948676,1.7767789345075775,0.2648749442013813,1.3853256629388515,-2.2852708614060844,-0.3105477442713489
12.0,67.0,1004.44775390625,-3.4590384547517417,-4.720544344192377,-1.4358693686633317,2.1334699404495807,2.805876665948676,1.776293739238435,0.2648750089476507,1.3853332199810455,-2.2854505482991536,-0.3105428744946715
12.0,67.0,1004.44775390625,-3.4590384547517417,-4.720544344192377,-1.4358693686633317,2.1334699404495807,2.805876665948676,1.776293739238435,0.2648750089476507,1.3853332199810455,-2.2854505482991536,-0.3105428744946715
12.0,67.0,1004.4478149414062,-3.4591579281576816,-4.720541117207581,-1.4363174578261886,2.1334699404495807,2.805876665948676,1.7767613745521935,0.2648749423168818,1.3853255853526851,-2.285299199547685,-0.3105478395294743
12.0,67.0,1004.4478759765624,-3.458943280704986,-4.720212550386992,-1.4363170895260324,2.1334699404495807,2.805876665948676,1.777140065882526,0.264874953883766,1.3972873746872183,-2.274814315114846,-0.3105430959585473
12.0,67.0,1004.447998046875,-3.459161604357675,-4.720212550386992,-1.4363170895260324,2.1334699404495807,2.805876665948676,1.777140065882526,0.26487494253178,1.3972873746872183,-2.274814315114846,-0.3105473115921627
12.0,67.0,1004.44873046875,-3.4591579268603856,-4.720544344192377,-1.4358693686633317,2.1334699404495807,2.805876665948676,1.776293739238435,0.2648749755552675,1.3853332199810455,-2.2854505482991536,-0.3105475768421692
12.0,67.0,1004.44873046875,-3.459157926375399,-4.720544344192377,-1.4358693686633317,2.1334699404495807,2.805876665948676,1.776293739238435,0.2648750073519649,1.3853332199810455,-2.2854505482991536,-0.3105475768421692
12.0,67.0,1004.4489135742188,-3.459158044102648,-4.720543776181089,-1.4363151569333996,2.1334699404495807,2.805876665948676,1.7763058274509032,0.2648749758282178,1.3853463754982236,-2.2854450107339765,-0.3105477204188789
12.0,67.0,1004.4494018554688,-3.4591579281749003,-4.720544344192377,-1.4363238346723737,2.1334699404495807,2.805876665948676,1.776293739238435,0.2648757945051985,1.3853322263828318,-2.2854494779228305,-0.3105429610174427
12.0,67.0,1004.4496459960938,-3.459158054005904,-4.720569015044566,-1.4363151569333996,2.1334699404495807,2.805876665948676,1.776306392021694,0.264875005806409,1.3853461275351373,-2.2852708614060844,-0.3105477204188789
12.0,67.0,1004.4500732421876,-3.4591580540004494,-4.720568847955716,-1.4362942482409509,2.1334699404495807,2.805876665948676,1.7762932539244525,0.2648750049038046,1.385334778149282,-2.285266070693494,-0.3105476820869769
12.0,67.0,1004.4500732421876,-3.459158053483479,-4.720462963275597,-1.436317449377528,2.1334699404495807,2.805876665948676,1.7767789345075775,0.2648749425775591,1.3853256629388515,-2.2852708614060844,-0.3105477442713489
12.0,67.0,1004.450439453125,-3.459158052716294,-4.720539256224473,-1.4358693686633317,2.1334699404495807,2.805876665948676,1.7767923835408006,0.2648750054574112,1.3853348835401162,-2.2848894327032694,-0.3105475768421692
12.0,67.0,1004.450439453125,-3.459158052716294,-4.720539377474796,-1.4358693686633317,2.1334699404495807,2.805876665948676,1.7767923835408006,0.264875003833589,1.3853348835401162,-2.2848894327032694,-0.3105475768421692
12.0,67.0,1004.450439453125,-3.459158052716294,-4.720539256224473,-1.4358693686633317,2.1334699404495807,2.805876665948676,1.7767923835408006,0.2648750054574112,1.3853348835401162,-2.2848894327032694,-0.3105475768421692
12.0,67.0,1004.4506225585938,-3.459158054005904,-4.720569015044566,-1.4363151569333996,2.1334699404495807,2.805876665948676,1.7762553031328678,0.264875005806409,1.385321790577814,-2.285276077767421,-0.3105477195836323
12.0,67.0,1004.4509887695312,-3.4591580484963886,-4.720519954587082,-1.4363175470311305,2.1334699404495807,2.805876665948676,1.7767627789209255,0.2648749423168818,1.3853280667064627,-2.2849796959591107,-0.3105430963091183
12.0,67.0,1004.4524536132812,-3.4591580484963886,-4.720461122501394,-1.4363175318763612,2.1334699404495807,2.805876665948676,1.7767621387108825,0.2648749423168818,1.3853280667064627,-2.2849981641229697,-0.3105430963091183
12.0,67.0,1004.4524536132812,-3.459158048340103,-4.720461122501394,-1.4363175318763612,2.1334699404495807,2.805876665948676,1.776762557993807,0.2648749432194862,1.385328160321848,-2.2849981641229697,-0.3105429910643107
12.0,67.0,1004.4529418945312,-3.4591580484963886,-4.720469578492903,-1.436317392531841,2.1334699404495807,2.805876665948676,1.7763114506064348,0.2648749423168818,1.3853280667064627,-2.28527094853779,-0.3105433219192678
12.0,67.0,1004.453125,-3.4591579281576816,-4.720293047181018,-1.436317916819709,2.1334699404495807,2.805876665948676,1.776748810056473,0.2648758323563142,1.3853255853526851,-2.2855075190844585,-0.3105430959585473
12.0,67.0,1004.4534912109376,-3.459155551599902,-4.720592649514509,-1.4363175724539703,2.1334699404495807,2.805876665948676,1.7767107328755467,0.2648749307277881,1.38533445859726,-2.284461171089885,-0.3105475918249573
12.0,67.0,1004.4535522460938,-3.459155445545949,-4.720592649514509,-1.4363175724539703,2.1334699404495807,2.805876665948676,1.7767107328755467,0.2648749307277881,1.385321458929645,-2.2844987450011263,-0.3105479148135757
12.0,67.0,1004.4535522460938,-3.459155445545949,-4.720592598444027,-1.436317571551912,2.1334699404495807,2.805876665948676,1.7767107328755467,0.2648749307277881,1.385321458929645,-2.2844987450011263,-0.3105479148135757
12.0,67.0,1004.45361328125,-3.4591579201993308,-4.720569015044566,-1.4363151569333996,2.1334699404495807,2.805876665948676,1.776306392021694,0.2648750075939958,1.3853461275351373,-2.284809018425974,-0.3105477204188789
12.0,67.0,1004.4539794921876,-3.459158052733605,-4.720538719278795,-1.4358693686633317,2.1334699404495807,2.805876665948676,1.776293739238435,0.264875005806409,1.3853348717646674,-2.2848894327032694,-0.3105475768421692
12.0,68.0,1004.2938232421876,-3.459055052748989,-4.720212550386992,-1.4363177821121398,2.1334699404495807,2.805876665948676,1.7767566963792754,0.2648749539889644,1.3972873746872183,-2.2869040351182752,-0.3105430959585473
12.0,68.0,1004.2998657226562,-3.4591580540309645,-4.720210044231438,-1.4363152204399443,2.1334699404495807,2.805876665948676,1.777248836655227,0.2648749619291586,1.3968705913551445,-2.2852848772060343,-0.3105477327874568
12.0,68.0,1004.2999267578124,-3.4591580540309645,-4.72020965540118,-1.4363152204399443,2.1334699404495807,2.805876665948676,1.777248836655227,0.2648749619291586,1.3968705913551445,-2.2852848772060343,-0.310547962766264
12.0,68.0,1004.3013916015624,-3.459157784041689,-4.720209865786384,-1.4363176463394507,2.1334699404495807,2.805876665948676,1.777139219366969,0.2648749607081743,1.3972873746872183,-2.2854356133574965,-0.310547798306045
12.0,68.0,1004.3026123046876,-3.4590493925721257,-4.7205626048894604,-1.4363177737191606,2.1334699404495807,2.805876665948676,1.777140065882526,0.2648749664677096,1.3972873746872183,-2.284595763139308,-0.310547855968793
12.0,68.0,1004.30419921875,-3.459158290236274,-4.720212550386992,-1.4363170895260324,2.1334699404495807,2.805876665948676,1.776762784587366,0.2648749540253066,1.3972873746872183,-2.2854557727355047,-0.3105430959585473
12.0,68.0,1004.3046875,-3.459158290236274,-4.720202652135267,-1.4363170895260324,2.1334699404495807,2.805876665948676,1.776375381024867,0.2648749539823628,1.3967127498341088,-2.285517855642916,-0.3105430959585473
12.0,68.0,1004.3057861328124,-3.4590493925721257,-4.72052903198232,-1.4363177895543675,2.1334699404495807,2.805876665948676,1.7762812052660013,0.2648749623457138,1.3972873746872183,-2.285126131711838,-0.3105478221031164
12.0,68.0,1004.3062744140624,-3.459158053483479,-4.720067359096797,-1.436317449377528,2.1334699404495807,2.805876665948676,1.7767789345075775,0.2648758404419749,1.396817099941764,-2.2852708614060844,-0.3105477442713489
12.0,68.0,1004.3096313476562,-3.4589444419273896,-4.720067241382956,-1.4363170889203083,2.1334699404495807,2.805876665948676,1.776741383802881,0.264875811474889,1.3961816240880711,-2.284762984809867,-0.3105430959585473
12.0,68.0,1004.3097534179688,-3.4589444419273896,-4.720067241382956,-1.4363170889203083,2.1334699404495807,2.805876665948676,1.7767262744279084,0.2648758306687643,1.3961816240880711,-2.284762984809867,-0.3105430959585473
12.0,68.0,1004.3097534179688,-3.4589444419273896,-4.720067241382956,-1.4363170889203083,2.1334699404495807,2.805876665948676,1.7767262744279084,0.2648758306687643,1.3961816240880711,-2.284762984809867,-0.3105430959585473
12.0,68.0,1004.3097534179688,-3.4589444419273896,-4.720067241382956,-1.4363170889203083,2.1334699404495807,2.805876665948676,1.7767262744279084,0.2648758306687643,1.3961816240880711,-2.284762984809867,-0.3105430959585473
12.0,68.0,1004.427734375,-3.459158416261588,-4.720229412179349,-1.436317967740018,2.1334699404495807,2.805876665948676,1.777140065882526,0.2648749606977328,1.3972873746872183,-2.275853152355745,-0.3105477375407763
12.0,68.0,1004.4277954101562,-3.459039344906292,-4.720229412179349,-1.4363177845861923,2.1334699404495807,2.805876665948676,1.777140065882526,0.2648749606977328,1.3972873746872183,-2.275853152355745,-0.3105477375407763
12.0,68.0,1004.4278564453124,-3.4591580629173624,-4.720229412179349,-1.436317967740018,2.1334699404495807,2.805876665948676,1.7771344120290042,0.2648749606977328,1.3972873746872183,-2.275853152355745,-0.3105477375407763
12.0,68.0,1004.4408569335938,-3.4590493925721257,-4.720212550386992,-1.4363177737191606,2.1334699404495807,2.805876665948676,1.777140065882526,0.2648749622934186,1.3972873746872183,-2.275173361884752,-0.3105430959585473
12.0,68.0,1004.4408569335938,-3.4590493925721257,-4.720212550386992,-1.4363177737191606,2.1334699404495807,2.805876665948676,1.777140065882526,0.2648749622934186,1.3972873746872183,-2.275173361884752,-0.3105430959585473
12.0,68.0,1004.4409790039062,-3.4591688641957834,-4.720212550386992,-1.4363177737191606,2.1334699404495807,2.805876665948676,1.777140065882526,0.2648749606977328,1.3972873746872183,-2.275173361884752,-0.310547798306045
12.0,68.0,1004.4409790039062,-3.4591694656500493,-4.720212550386992,-1.4363177737191606,2.1334699404495807,2.805876665948676,1.777140065882526,0.2648749606977328,1.3972873746872183,-2.275173361884752,-0.310547798306045
12.0,68.0,1004.4409790039062,-3.4591615898192987,-4.72056833102235,-1.436317541029399,2.1334699404495807,2.805876665948676,1.777140065882526,0.2648749436363618,1.3972873746872183,-2.274814315114846,-0.3105472936838042
12.0,68.0,1004.443603515625,-3.458964833095344,-4.720569066115049,-1.4363175351819115,2.1334699404495807,2.805876665948676,1.777248836655227,0.2648748855554508,1.3853136585708932,-2.2852708614060844,-0.310543138917258
12.0,68.0,1004.4439086914062,-3.4591580540309645,-4.720569015044566,-1.4363152204399443,2.1334699404495807,2.805876665948676,1.777248836655227,0.2648749294559915,1.3853461275351373,-2.2852848772060343,-0.3105477327874568
12.0,68.0,1004.4440307617188,-3.459158054005904,-4.720569015044566,-1.4363152204399443,2.1334699404495807,2.805876665948676,1.777248836655227,0.2648749294559915,1.3853461275351373,-2.2852708614060844,-0.3105477442713489
12.0,68.0,1004.4440307617188,-3.459158054005904,-4.720569015044566,-1.436317534279853,2.1334699404495807,2.805876665948676,1.777248836655227,0.2648748855554508,1.3853467014107428,-2.2852708614060844,-0.3105476231411714
12.0,68.0,1004.4440307617188,-3.459158054005904,-4.720569015044566,-1.436317534279853,2.1334699404495807,2.805876665948676,1.777248836655227,0.2648748855554508,1.3853467014107428,-2.2852708614060844,-0.3105476231411714
12.0,68.0,1004.4440307617188,-3.459158054005904,-4.720569066115049,-1.4363175351819115,2.1334699404495807,2.805876665948676,1.777248836655227,0.2648748855554508,1.3853467014107428,-2.2852708614060844,-0.3105476231411714
12.0,68.0,1004.445556640625,-3.458949092856881,-4.720573998136433,-1.4363152204399443,2.1334699404495807,2.805876665948676,1.7767782790819089,0.2648749234495845,1.3853256629388515,-2.2852708614060844,-0.3105432386768682
12.0,68.0,1004.4463500976562,-3.459158278674112,-4.720550158142587,-1.43631746125968,2.1334699404495807,2.805876665948676,1.7767613745521935,0.2648749423168818,1.3853255853526851,-2.2854599085453606,-0.3105478395294743
12.0,68.0,1004.447021484375,-3.458797250771597,-4.720569015044566,-1.4363151569333996,2.1334699404495807,2.805876665948676,1.7762958997102534,0.264875005806409,1.3853461275351373,-2.2852708614060844,-0.3105478244358357
12.0,68.0,1004.4471435546876,-3.4591584073501283,-4.720569015044566,-1.4363152204399443,2.1334699404495807,2.805876665948676,1.776784588361099,0.2648749425775591,1.3853256629388515,-2.2852708614060844,-0.3105477442713489
12.0,68.0,1004.4472045898438,-3.459158054005904,-4.720569015044566,-1.4363152204399443,2.1334699404495807,2.805876665948676,1.7767789345075775,0.2648749425775591,1.3853256629388515,-2.2852708614060844,-0.3105477442713489
12.0,68.0,1004.4472045898438,-3.459158054005904,-4.720568893794243,-1.4363152204399443,2.1334699404495807,2.805876665948676,1.7767789345075775,0.2648749442013813,1.3853256629388515,-2.2852708614060844,-0.3105477442713489
12.0,68.0,1004.4472045898438,-3.459158054005904,-4.720568893794243,-1.4363152204399443,2.1334699404495807,2.805876665948676,1.7767789345075775,0.2648749442013813,1.3853256629388515,-2.2852708614060844,-0.3105477442713489
12.0,68.0,1004.44775390625,-3.4590384547517417,-4.720544344192377,-1.4358693686633317,2.1334699404495807,2.805876665948676,1.776293739238435,0.2648750089476507,1.3853332199810455,-2.2854505482991536,-0.3105428744946715
12.0,68.0,1004.44775390625,-3.4590384547517417,-4.720544344192377,-1.4358693686633317,2.1334699404495807,2.805876665948676,1.776293739238435,0.2648750089476507,1.3853332199810455,-2.2854505482991536,-0.3105428744946715
12.0,68.0,1004.4478149414062,-3.4591579281576816,-4.720541117207581,-1.4363174578261886,2.1334699404495807,2.805876665948676,1.7767613745521935,0.2648749423168818,1.3853255853526851,-2.285299199547685,-0.3105478395294743
12.0,68.0,1004.4478759765624,-3.458943280704986,-4.720212550386992,-1.4363170895260324,2.1334699404495807,2.805876665948676,1.777140065882526,0.264874953883766,1.3972873746872183,-2.274814315114846,-0.3105430959585473
12.0,68.0,1004.4479370117188,-3.459158058779497,-4.720541117207581,-1.4363174578261886,2.1334699404495807,2.805876665948676,1.776750108726285,0.2648749423168818,1.3853255853526851,-2.285299199547685,-0.3105478395294743
12.0,68.0,1004.447998046875,-3.459161604357675,-4.720212550386992,-1.4363170895260324,2.1334699404495807,2.805876665948676,1.777140065882526,0.26487494253178,1.3972873746872183,-2.274814315114846,-0.3105473115921627
12.0,68.0,1004.447998046875,-3.4591579980903324,-4.720211754670538,-1.4363173914306446,2.1334699404495807,2.805876665948676,1.777140065882526,0.26487494253178,1.3972873746872183,-2.274814315114846,-0.3105473109797269
12.0,68.0,1004.4486694335938,-3.459053030941969,-4.7205281203775575,-1.4363178665528895,2.1334699404495807,2.805876665948676,1.7767789345075775,0.2648749627557967,1.3853256629388515,-2.285128239766725,-0.3105478209448726
12.0,68.0,1004.44873046875,-3.4591579268603856,-4.720544344192377,-1.4358693686633317,2.1334699404495807,2.805876665948676,1.776293739238435,0.2648749755552675,1.3853332199810455,-2.2854505482991536,-0.3105475768421692
12.0,68.0,1004.44873046875,-3.459157926375399,-4.720544344192377,-1.4358693686633317,2.1334699404495807,2.805876665948676,1.776293739238435,0.2648750073519649,1.3853332199810455,-2.2854505482991536,-0.3105475768421692
12.0,68.0,1004.4489135742188,-3.459158044102648,-4.720543776181089,-1.4363151569333996,2.1334699404495807,2.805876665948676,1.7763058274509032,0.2648749758282178,1.3853463754982236,-2.2854450107339765,-0.3105477204188789
12.0,68.0,1004.4494018554688,-3.4591579281749003,-4.720544344192377,-1.4363238346723737,2.1334699404495807,2.805876665948676,1.776293739238435,0.2648757945051985,1.3853322263828318,-2.2854494779228305,-0.3105429610174427
12.0,68.0,1004.4496459960938,-3.459158054005904,-4.720569015044566,-1.4363151569333996,2.1334699404495807,2.805876665948676,1.776306392021694,0.264875005806409,1.3853461275351373,-2.2852708614060844,-0.3105477204188789
12.0,68.0,1004.4500732421876,-3.4591580540004494,-4.720568847955716,-1.4362942482409509,2.1334699404495807,2.805876665948676,1.7762932539244525,0.2648750049038046,1.385334778149282,-2.285266070693494,-0.3105476820869769
12.0,68.0,1004.4500732421876,-3.459158053483479,-4.720462963275597,-1.436317449377528,2.1334699404495807,2.805876665948676,1.7767789345075775,0.2648749425775591,1.3853256629388515,-2.2852708614060844,-0.3105477442713489
12.0,68.0,1004.4500732421876,-3.4591616602677915,-4.720569643672169,-1.436293946336339,2.1334699404495807,2.805876665948676,1.7762932539244525,0.2648750049038046,1.385334778149282,-2.285266070693494,-0.3105476826994127
12.0,69.0,1004.2877197265624,-3.459055052748989,-4.7205610117002665,-1.43631778243846,2.1334699404495807,2.805876665948676,1.7767566963792754,0.2648749545585909,1.3972873746872183,-2.2869040351182752,-0.3105430959585473
12.0,69.0,1004.2938232421876,-3.459055052748989,-4.720212550386992,-1.4363177821121398,2.1334699404495807,2.805876665948676,1.7767566963792754,0.2648749539889644,1.3972873746872183,-2.2869040351182752,-0.3105430959585473
12.0,69.0,1004.2998657226562,-3.4591580540309645,-4.720210044231438,-1.4363152204399443,2.1334699404495807,2.805876665948676,1.777248836655227,0.2648749619291586,1.3968705913551445,-2.2852848772060343,-0.3105477327874568
12.0,69.0,1004.2999267578124,-3.4591580540309645,-4.72020965540118,-1.4363152204399443,2.1334699404495807,2.805876665948676,1.777248836655227,0.2648749619291586,1.3968705913551445,-2.2852848772060343,-0.310547962766264
12.0,69.0,1004.3013916015624,-3.459157784041689,-4.720209865786384,-1.4363176463394507,2.1334699404495807,2.805876665948676,1.777139219366969,0.2648749607081743,1.3972873746872183,-2.2854356133574965,-0.310547798306045
12.0,69.0,1004.3015747070312,-3.459157765909899,-4.720202803975651,-1.4363170722973826,2.1334699404495807,2.805876665948676,1.7771262906570555,0.2648749608352509,1.3972873746872183,-2.285431364099441,-0.3105431289294036
12.0,69.0,1004.3018798828124,-3.4591580629173624,-4.720209477840704,-1.436317967740018,2.1334699404495807,2.805876665948676,1.7772493175796762,0.2648749618288069,1.3972873746872183,-2.285265428641262,-0.3105477375407763
12.0,69.0,1004.3026123046876,-3.4590493925721257,-4.7205626048894604,-1.4363177737191606,2.1334699404495807,2.805876665948676,1.777140065882526,0.2648749664677096,1.3972873746872183,-2.284595763139308,-0.310547855968793
12.0,69.0,1004.30419921875,-3.459158290236274,-4.720212550386992,-1.4363170895260324,2.1334699404495807,2.805876665948676,1.776762784587366,0.2648749540253066,1.3972873746872183,-2.2854557727355047,-0.3105430959585473
12.0,69.0,1004.3046875,-3.459158290236274,-4.720202652135267,-1.4363170895260324,2.1334699404495807,2.805876665948676,1.776375381024867,0.2648749539823628,1.3967127498341088,-2.285517855642916,-0.3105430959585473
12.0,69.0,1004.304931640625,-3.458797770174506,-4.720530899038118,-1.4363178406921833,2.1334699404495807,2.805876665948676,1.776295208047415,0.2648750053840436,1.3972399909509274,-2.285274495518221,-0.3105478220420742
12.0,69.0,1004.305419921875,-3.458931626866604,-4.720067538215107,-1.4363152204399443,2.1334699404495807,2.805876665948676,1.7767792745339777,0.2648749442013813,1.3963409262877364,-2.2852708614060844,-0.3105431431930746
12.0,69.0,1004.3057861328124,-3.4590493925721257,-4.72052903198232,-1.4363177895543675,2.1334699404495807,2.805876665948676,1.7762812052660013,0.2648749623457138,1.3972873746872183,-2.285126131711838,-0.3105478221031164
12.0,69.0,1004.3062744140624,-3.459158053483479,-4.720067359096797,-1.436317449377528,2.1334699404495807,2.805876665948676,1.7767789345075775,0.2648758404419749,1.396817099941764,-2.2852708614060844,-0.3105477442713489
12.0,69.0,1004.3096313476562,-3.4589444419273896,-4.720067241382956,-1.4363170889203083,2.1334699404495807,2.805876665948676,1.776741383802881,0.264875811474889,1.3961816240880711,-2.284762984809867,-0.3105430959585473
12.0,69.0,1004.3097534179688,-3.4589444419273896,-4.720067241382956,-1.4363170889203083,2.1334699404495807,2.805876665948676,1.7767262744279084,0.2648758306687643,1.3961816240880711,-2.284762984809867,-0.3105430959585473
12.0,69.0,1004.3097534179688,-3.4589444419273896,-4.720067241382956,-1.4363170889203083,2.1334699404495807,2.805876665948676,1.7767262744279084,0.2648758306687643,1.3961816240880711,-2.284762984809867,-0.3105430959585473
12.0,69.0,1004.3097534179688,-3.4589444419273896,-4.720067241382956,-1.4363170889203083,2.1334699404495807,2.805876665948676,1.7767262744279084,0.2648758306687643,1.3961816240880711,-2.284762984809867,-0.3105430959585473
12.0,69.0,1004.3125,-3.459048359211249,-4.720212550386992,-1.4363177737191606,2.1334699404495807,2.805876665948676,1.7767205612914454,0.2648749542569305,1.3972873746872183,-2.284585033231357,-0.3105430959585473
12.0,69.0,1004.3133544921876,-3.4591613486331982,-4.720567502232559,-1.436317541029399,2.1334699404495807,2.805876665948676,1.776362253757144,0.2648749436363618,1.3972873746872183,-2.2841279693184795,-0.3105473520672361
12.0,69.0,1004.427734375,-3.459158416261588,-4.720229412179349,-1.436317967740018,2.1334699404495807,2.805876665948676,1.777140065882526,0.2648749606977328,1.3972873746872183,-2.275853152355745,-0.3105477375407763
12.0,69.0,1004.4277954101562,-3.459039344906292,-4.720229412179349,-1.4363177845861923,2.1334699404495807,2.805876665948676,1.777140065882526,0.2648749606977328,1.3972873746872183,-2.275853152355745,-0.3105477375407763
12.0,69.0,1004.4278564453124,-3.4591580629173624,-4.720229412179349,-1.436317967740018,2.1334699404495807,2.805876665948676,1.7771344120290042,0.2648749606977328,1.3972873746872183,-2.275853152355745,-0.3105477375407763
12.0,69.0,1004.4279174804688,-3.459032376572064,-4.720231062492667,-1.4363151779896606,2.1334699404495807,2.805876665948676,1.777135234421427,0.2648749606977328,1.3972873746872183,-2.275853152355745,-0.3105477440355057
12.0,69.0,1004.4328002929688,-3.458945475288267,-4.720067241382956,-1.4363170889203083,2.1334699404495807,2.805876665948676,1.7771608883939614,0.264875819511377,1.3961816240880711,-2.275351313463261,-0.3105430959585473
12.0,69.0,1004.4408569335938,-3.4590493925721257,-4.720212550386992,-1.4363177737191606,2.1334699404495807,2.805876665948676,1.777140065882526,0.2648749622934186,1.3972873746872183,-2.275173361884752,-0.3105430959585473
12.0,69.0,1004.4408569335938,-3.4590493925721257,-4.720212550386992,-1.4363177737191606,2.1334699404495807,2.805876665948676,1.777140065882526,0.2648749622934186,1.3972873746872183,-2.275173361884752,-0.3105430959585473
12.0,69.0,1004.4409790039062,-3.4591688641957834,-4.720212550386992,-1.4363177737191606,2.1334699404495807,2.805876665948676,1.777140065882526,0.2648749606977328,1.3972873746872183,-2.275173361884752,-0.310547798306045
12.0,69.0,1004.4409790039062,-3.4591694656500493,-4.720212550386992,-1.4363177737191606,2.1334699404495807,2.805876665948676,1.777140065882526,0.2648749606977328,1.3972873746872183,-2.275173361884752,-0.310547798306045
12.0,69.0,1004.4409790039062,-3.4591615898192987,-4.72056833102235,-1.436317541029399,2.1334699404495807,2.805876665948676,1.777140065882526,0.2648749436363618,1.3972873746872183,-2.274814315114846,-0.3105472936838042
12.0,69.0,1004.4409790039062,-3.4591615898192987,-4.72056833102235,-1.436317541029399,2.1334699404495807,2.805876665948676,1.777140031017305,0.2648749451814242,1.3972873746872183,-2.274815178107752,-0.3105477898856122
12.0,69.0,1004.443603515625,-3.458964833095344,-4.720569066115049,-1.4363175351819115,2.1334699404495807,2.805876665948676,1.777248836655227,0.2648748855554508,1.3853136585708932,-2.2852708614060844,-0.310543138917258
12.0,69.0,1004.4439086914062,-3.4591580540309645,-4.720569015044566,-1.4363152204399443,2.1334699404495807,2.805876665948676,1.777248836655227,0.2648749294559915,1.3853461275351373,-2.2852848772060343,-0.3105477327874568
12.0,69.0,1004.4439086914062,-3.4591580540309645,-4.720569015044566,-1.4363152204399443,2.1334699404495807,2.805876665948676,1.777248836655227,0.2648749294559915,1.3853461275351373,-2.2852848772060343,-0.3105477327874568
12.0,69.0,1004.4440307617188,-3.459158054005904,-4.720569015044566,-1.4363152204399443,2.1334699404495807,2.805876665948676,1.777248836655227,0.2648749294559915,1.3853461275351373,-2.2852708614060844,-0.3105477442713489
12.0,69.0,1004.4440307617188,-3.459158054005904,-4.720569015044566,-1.436317534279853,2.1334699404495807,2.805876665948676,1.777248836655227,0.2648748855554508,1.3853467014107428,-2.2852708614060844,-0.3105476231411714
12.0,69.0,1004.4440307617188,-3.459158054005904,-4.720569015044566,-1.436317534279853,2.1334699404495807,2.805876665948676,1.777248836655227,0.2648748855554508,1.3853467014107428,-2.2852708614060844,-0.3105476231411714
12.0,69.0,1004.4440307617188,-3.459158054005904,-4.720569066115049,-1.4363175351819115,2.1334699404495807,2.805876665948676,1.777248836655227,0.2648748855554508,1.3853467014107428,-2.2852708614060844,-0.3105476231411714
12.0,69.0,1004.4441528320312,-3.458964833095344,-4.720569066115049,-1.4363175402693134,2.1334699404495807,2.805876665948676,1.777138048128434,0.2648748876104342,1.3853136585708932,-2.2852708614060844,-0.310543138917258
12.0,69.0,1004.445556640625,-3.458949092856881,-4.720573998136433,-1.4363152204399443,2.1334699404495807,2.805876665948676,1.7767782790819089,0.2648749234495845,1.3853256629388515,-2.2852708614060844,-0.3105432386768682
12.0,69.0,1004.4457397460938,-3.458949092856881,-4.720568860635147,-1.4363152204399443,2.1334699404495807,2.805876665948676,1.776775413540978,0.2648749234833676,1.3853256629388515,-2.2852708614060844,-0.3105432386768682
12.0,69.0,1004.4462890625,-3.459158040801752,-4.720554325767701,-1.4363152412995093,2.1334699404495807,2.805876665948676,1.77676258784866,0.2648749442013813,1.3853256629388515,-2.285455833546208,-0.3105431636924824
12.0,69.0,1004.4463500976562,-3.459158278674112,-4.720550158142587,-1.43631746125968,2.1334699404495807,2.805876665948676,1.7767613745521935,0.2648749423168818,1.3853255853526851,-2.2854599085453606,-0.3105478395294743
12.0,69.0,1004.447021484375,-3.458797250771597,-4.720569015044566,-1.4363151569333996,2.1334699404495807,2.805876665948676,1.7762958997102534,0.264875005806409,1.3853461275351373,-2.2852708614060844,-0.3105478244358357
12.0,69.0,1004.4471435546876,-3.4591584073501283,-4.720569015044566,-1.4363152204399443,2.1334699404495807,2.805876665948676,1.776784588361099,0.2648749425775591,1.3853256629388515,-2.2852708614060844,-0.3105477442713489
12.0,69.0,1004.4472045898438,-3.459158054005904,-4.720569015044566,-1.4363152204399443,2.1334699404495807,2.805876665948676,1.7767789345075775,0.2648749425775591,1.3853256629388515,-2.2852708614060844,-0.3105477442713489
12.0,69.0,1004.4472045898438,-3.459158054005904,-4.720568893794243,-1.4363152204399443,2.1334699404495807,2.805876665948676,1.7767789345075775,0.2648749442013813,1.3853256629388515,-2.2852708614060844,-0.3105477442713489
12.0,69.0,1004.4472045898438,-3.459158054005904,-4.720568893794243,-1.4363152204399443,2.1334699404495807,2.805876665948676,1.7767789345075775,0.2648749442013813,1.3853256629388515,-2.2852708614060844,-0.3105477442713489
12.0,69.0,1004.44775390625,-3.4590384547517417,-4.720544344192377,-1.4358693686633317,2.1334699404495807,2.805876665948676,1.776293739238435,0.2648750089476507,1.3853332199810455,-2.2854505482991536,-0.3105428744946715
12.0,69.0,1004.44775390625,-3.4590384547517417,-4.720544344192377,-1.4358693686633317,2.1334699404495807,2.805876665948676,1.776293739238435,0.2648750089476507,1.3853332199810455,-2.2854505482991536,-0.3105428744946715
12.0,70.0,1004.2871704101562,-3.459156531933355,-4.720568871596212,-1.43631778243846,2.1334699404495807,2.805876665948676,1.7767614820988995,0.2648749306839781,1.3972873746872183,-2.2868956244953096,-0.3105429864659184
12.0,70.0,1004.2877197265624,-3.459055052748989,-4.7205610117002665,-1.43631778243846,2.1334699404495807,2.805876665948676,1.7767566963792754,0.2648749545585909,1.3972873746872183,-2.2869040351182752,-0.3105430959585473
12.0,70.0,1004.2913818359376,-3.459059227144496,-4.720211507768266,-1.4363176539850755,2.1334699404495807,2.805876665948676,1.7771072881668333,0.2648749545585909,1.3972873746872183,-2.2869040351182752,-0.3105430959585473
12.0,70.0,1004.2938232421876,-3.459055052748989,-4.720212550386992,-1.4363177821121398,2.1334699404495807,2.805876665948676,1.7767566963792754,0.2648749539889644,1.3972873746872183,-2.2869040351182752,-0.3105430959585473
12.0,70.0,1004.2940063476562,-3.4589444419273896,-4.720067241382956,-1.4363177760552872,2.1334699404495807,2.805876665948676,1.7767269490910522,0.2648758306687643,1.3961816240880711,-2.286831278510701,-0.3105430959585473
12.0,70.0,1004.2984619140624,-3.459151259382634,-4.720229820413864,-1.436317791042804,2.1334699404495807,2.805876665948676,1.7771393019889623,0.2648749607081743,1.3972873746872183,-2.2857683934225506,-0.3105477996577401
12.0,70.0,1004.2998657226562,-3.4591580540309645,-4.720210044231438,-1.4363152204399443,2.1334699404495807,2.805876665948676,1.777248836655227,0.2648749619291586,1.3968705913551445,-2.2852848772060343,-0.3105477327874568
12.0,70.0,1004.2999267578124,-3.4591580540309645,-4.72020965540118,-1.4363152204399443,2.1334699404495807,2.805876665948676,1.777248836655227,0.2648749619291586,1.3968705913551445,-2.2852848772060343,-0.310547962766264
12.0,70.0,1004.2999267578124,-3.4591580540309645,-4.72020965540118,-1.4363152204399443,2.1334699404495807,2.805876665948676,1.777248836655227,0.2648749619291586,1.3968705913551445,-2.2852848772060343,-0.310547962766264
12.0,70.0,1004.3013916015624,-3.459157784041689,-4.720209865786384,-1.4363176463394507,2.1334699404495807,2.805876665948676,1.777139219366969,0.2648749607081743,1.3972873746872183,-2.2854356133574965,-0.310547798306045
12.0,70.0,1004.3015747070312,-3.459157765909899,-4.720202803975651,-1.4363170722973826,2.1334699404495807,2.805876665948676,1.7771262906570555,0.2648749608352509,1.3972873746872183,-2.285431364099441,-0.3105431289294036
12.0,70.0,1004.3016967773438,-3.4591580629173624,-4.72020927435799,-1.436317974713799,2.1334699404495807,2.805876665948676,1.7772493175796762,0.2648749625640269,1.3972873746872183,-2.285288523226006,-0.3105476150668741
12.0,70.0,1004.3018798828124,-3.4591580629173624,-4.720209477840704,-1.436317967740018,2.1334699404495807,2.805876665948676,1.7772493175796762,0.2648749618288069,1.3972873746872183,-2.285265428641262,-0.3105477375407763
12.0,70.0,1004.3026123046876,-3.4590493925721257,-4.7205626048894604,-1.4363177737191606,2.1334699404495807,2.805876665948676,1.777140065882526,0.2648749664677096,1.3972873746872183,-2.284595763139308,-0.310547855968793
12.0,70.0,1004.30419921875,-3.459158290236274,-4.720212550386992,-1.4363170895260324,2.1334699404495807,2.805876665948676,1.776762784587366,0.2648749540253066,1.3972873746872183,-2.2854557727355047,-0.3105430959585473
12.0,70.0,1004.3046875,-3.459158290236274,-4.720202652135267,-1.4363170895260324,2.1334699404495807,2.805876665948676,1.776375381024867,0.2648749539823628,1.3967127498341088,-2.285517855642916,-0.3105430959585473
12.0,70.0,1004.3048095703124,-3.458931626866604,-4.7205275252713,-1.4363178676625692,2.1334699404495807,2.805876665948676,1.7762780144452197,0.2648749442013813,1.3972739337216449,-2.285272892185833,-0.3105431431930746
12.0,70.0,1004.304931640625,-3.458797770174506,-4.720530899038118,-1.4363178406921833,2.1334699404495807,2.805876665948676,1.776295208047415,0.2648750053840436,1.3972399909509274,-2.285274495518221,-0.3105478220420742
12.0,70.0,1004.305419921875,-3.458931626866604,-4.720067538215107,-1.4363152204399443,2.1334699404495807,2.805876665948676,1.7767792745339777,0.2648749442013813,1.3963409262877364,-2.2852708614060844,-0.3105431431930746
12.0,70.0,1004.3057861328124,-3.4590493925721257,-4.72052903198232,-1.4363177895543675,2.1334699404495807,2.805876665948676,1.7762812052660013,0.2648749623457138,1.3972873746872183,-2.285126131711838,-0.3105478221031164
12.0,70.0,1004.3062744140624,-3.459158053483479,-4.720067359096797,-1.436317449377528,2.1334699404495807,2.805876665948676,1.7767789345075775,0.2648758404419749,1.396817099941764,-2.2852708614060844,-0.3105477442713489
12.0,70.0,1004.3063354492188,-3.459158053483479,-4.720067359096797,-1.4363170804184469,2.1334699404495807,2.805876665948676,1.7767789345075775,0.264875005934256,1.396817099941764,-2.2852708614060844,-0.3105477442713489
12.0,70.0,1004.3096313476562,-3.4589444419273896,-4.720067241382956,-1.4363170889203083,2.1334699404495807,2.805876665948676,1.776741383802881,0.264875811474889,1.3961816240880711,-2.284762984809867,-0.3105430959585473
12.0,70.0,1004.3097534179688,-3.4589444419273896,-4.720067241382956,-1.4363170889203083,2.1334699404495807,2.805876665948676,1.7767262744279084,0.2648758306687643,1.3961816240880711,-2.284762984809867,-0.3105430959585473
12.0,70.0,1004.3097534179688,-3.4589444419273896,-4.720067241382956,-1.4363170889203083,2.1334699404495807,2.805876665948676,1.7767262744279084,0.2648758306687643,1.3961816240880711,-2.284762984809867,-0.3105430959585473
12.0,70.0,1004.3097534179688,-3.4589444419273896,-4.720067241382956,-1.4363170889203083,2.1334699404495807,2.805876665948676,1.7767262744279084,0.2648758306687643,1.3961816240880711,-2.284762984809867,-0.3105430959585473
12.0,70.0,1004.3125,-3.459048359211249,-4.720212550386992,-1.4363177737191606,2.1334699404495807,2.805876665948676,1.7767205612914454,0.2648749542569305,1.3972873746872183,-2.284585033231357,-0.3105430959585473
12.0,70.0,1004.3126831054688,-3.459048359211249,-4.720212550386992,-1.4363177737191606,2.1334699404495807,2.805876665948676,1.7767201300495166,0.2648749542569305,1.3972873746872183,-2.284561137469954,-0.3105430959585473
12.0,70.0,1004.3133544921876,-3.4591613486331982,-4.720567502232559,-1.436317541029399,2.1334699404495807,2.805876665948676,1.776362253757144,0.2648749436363618,1.3972873746872183,-2.2841279693184795,-0.3105473520672361
12.0,70.0,1004.3140869140624,-3.4589557990526347,-4.7200622193534345,-1.436317083344705,2.1334699404495807,2.805876665948676,1.7767262744279084,0.2648758306687643,1.3973088679821246,-2.284762984809867,-0.3105433882573129
12.0,70.0,1004.3189086914062,-3.4591688641957834,-4.720212550386992,-1.4363175414807448,2.1334699404495807,2.805876665948676,1.7771285562962789,0.2648749607213406,1.3972873746872183,-2.2834954299026977,-0.3105473567573281
12.0,70.0,1004.4210205078124,-3.4591580629173624,-4.720579454181373,-1.436317967740018,2.1334699404495807,2.805876665948676,1.7771346415576117,0.2648749606977328,1.3972873746872183,-2.275853152355745,-0.3105478644079179
12.0,70.0,1004.427734375,-3.459158416261588,-4.720229412179349,-1.436317967740018,2.1334699404495807,2.805876665948676,1.777140065882526,0.2648749606977328,1.3972873746872183,-2.275853152355745,-0.3105477375407763
12.0,70.0,1004.4277954101562,-3.459039344906292,-4.720229412179349,-1.4363177845861923,2.1334699404495807,2.805876665948676,1.777140065882526,0.2648749606977328,1.3972873746872183,-2.275853152355745,-0.3105477375407763
12.0,70.0,1004.4278564453124,-3.4591580629173624,-4.720229412179349,-1.436317967740018,2.1334699404495807,2.805876665948676,1.7771344120290042,0.2648749606977328,1.3972873746872183,-2.275853152355745,-0.3105477375407763
12.0,70.0,1004.4279174804688,-3.459032376572064,-4.720231062492667,-1.4363151779896606,2.1334699404495807,2.805876665948676,1.777135234421427,0.2648749606977328,1.3972873746872183,-2.275853152355745,-0.3105477440355057
12.0,70.0,1004.4328002929688,-3.458945475288267,-4.720067241382956,-1.4363170889203083,2.1334699404495807,2.805876665948676,1.7771608883939614,0.264875819511377,1.3961816240880711,-2.275351313463261,-0.3105430959585473
12.0,70.0,1004.4340209960938,-3.4591613486331982,-4.720567502232559,-1.4363177732678147,2.1334699404495807,2.805876665948676,1.7763737633433914,0.264874943612754,1.3972873746872183,-2.275805901300534,-0.310547793615953
12.0,70.0,1004.4343872070312,-3.4590458695653465,-4.72020945755187,-1.436317639882839,2.1334699404495807,2.805876665948676,1.7771399832605328,0.2648749606977328,1.3972873746872183,-2.275520372290691,-0.3105477361890811
12.0,70.0,1004.4354248046876,-3.459158290236274,-4.737307169716993,-1.4363170895260324,2.1334699404495807,2.805876665948676,1.7767612706512934,0.2648749671534779,1.3972873746872183,-2.2854557727355047,-0.3105430959585473
12.0,70.0,1004.4397583007812,-3.459161585074608,-4.720567841239268,-1.4363174611290557,2.1334699404495807,2.805876665948676,1.7767613745521935,0.2648749423168818,1.3853255853526851,-2.286274771638453,-0.3105478395294743
12.0,70.0,1004.43994140625,-3.4591615898192987,-4.720530849254496,-1.436317541029399,2.1334699404495807,2.805876665948676,1.777249242381661,0.2648750031232382,1.397286505265838,-2.274814315114846,-0.3105472871745995
12.0,70.0,1004.4408569335938,-3.4590493925721257,-4.720212550386992,-1.4363177737191606,2.1334699404495807,2.805876665948676,1.777140065882526,0.2648749622934186,1.3972873746872183,-2.275173361884752,-0.3105430959585473
12.0,70.0,1004.4408569335938,-3.4590493925721257,-4.720212550386992,-1.4363177737191606,2.1334699404495807,2.805876665948676,1.777140065882526,0.2648749622934186,1.3972873746872183,-2.275173361884752,-0.3105430959585473
12.0,70.0,1004.4409790039062,-3.4591688641957834,-4.720212550386992,-1.4363177737191606,2.1334699404495807,2.805876665948676,1.777140065882526,0.2648749606977328,1.3972873746872183,-2.275173361884752,-0.310547798306045
12.0,70.0,1004.4409790039062,-3.4591694656500493,-4.720212550386992,-1.4363177737191606,2.1334699404495807,2.805876665948676,1.777140065882526,0.2648749606977328,1.3972873746872183,-2.275173361884752,-0.310547798306045
12.0,70.0,1004.4409790039062,-3.4591615898192987,-4.72056833102235,-1.436317541029399,2.1334699404495807,2.805876665948676,1.777140065882526,0.2648749436363618,1.3972873746872183,-2.274814315114846,-0.3105472936838042
12.0,70.0,1004.4409790039062,-3.4591615898192987,-4.72056833102235,-1.436317541029399,2.1334699404495807,2.805876665948676,1.777140031017305,0.2648749451814242,1.3972873746872183,-2.274815178107752,-0.3105477898856122
12.0,70.0,1004.443603515625,-3.458964833095344,-4.720569066115049,-1.4363175351819115,2.1334699404495807,2.805876665948676,1.777248836655227,0.2648748855554508,1.3853136585708932,-2.2852708614060844,-0.310543138917258
12.0,70.0,1004.4439086914062,-3.4591580540309645,-4.720569015044566,-1.4363152204399443,2.1334699404495807,2.805876665948676,1.777248836655227,0.2648749294559915,1.3853461275351373,-2.2852848772060343,-0.3105477327874568
12.0,71.0,1004.2871704101562,-3.459156531933355,-4.720568871596212,-1.43631778243846,2.1334699404495807,2.805876665948676,1.7767614820988995,0.2648749306839781,1.3972873746872183,-2.2868956244953096,-0.3105429864659184
12.0,71.0,1004.2872924804688,-3.459156531933355,-4.72056084834217,-1.4363177998840342,2.1334699404495807,2.805876665948676,1.7767614820988995,0.2648749306839781,1.3972873746872183,-2.2868956244953096,-0.3105429864659184
12.0,71.0,1004.2877197265624,-3.459055052748989,-4.7205610117002665,-1.43631778243846,2.1334699404495807,2.805876665948676,1.7767566963792754,0.2648749545585909,1.3972873746872183,-2.2869040351182752,-0.3105430959585473
12.0,71.0,1004.2877197265624,-3.459055052748989,-4.7205610117002665,-1.43631778243846,2.1334699404495807,2.805876665948676,1.7767566963792754,0.2648749545585909,1.3972873746872183,-2.2869040351182752,-0.3105429087418886
12.0,71.0,1004.291015625,-3.459157876764356,-4.720211377539501,-1.4363176539850755,2.1334699404495807,2.805876665948676,1.7771074415355532,0.2648749545585909,1.3972873746872183,-2.2869040351182752,-0.3105476816355321
12.0,71.0,1004.2913818359376,-3.459059227144496,-4.720211507768266,-1.4363176539850755,2.1334699404495807,2.805876665948676,1.7771072881668333,0.2648749545585909,1.3972873746872183,-2.2869040351182752,-0.3105430959585473
12.0,71.0,1004.2932739257812,-3.459158046737443,-4.720212371732668,-1.4363177812828876,2.1334699404495807,2.805876665948676,1.7767480307694756,0.2648749539889644,1.3972873746872183,-2.2869340241552965,-0.3105430959585473
12.0,71.0,1004.2936401367188,-3.4591594109069543,-4.720570241906159,-1.4363176662008343,2.1334699404495807,2.805876665948676,1.777248836655227,0.2648749618482319,1.396869225135942,-2.28526561226458,-0.3105479678292082
12.0,71.0,1004.2938232421876,-3.459055052748989,-4.720212550386992,-1.4363177821121398,2.1334699404495807,2.805876665948676,1.7767566963792754,0.2648749539889644,1.3972873746872183,-2.2869040351182752,-0.3105430959585473
12.0,71.0,1004.2938842773438,-3.4589417793378168,-4.720067241382956,-1.4363151581210811,2.1334699404495807,2.805876665948676,1.776745641938475,0.2648758306687643,1.3961816240880711,-2.286831278510701,-0.3105430941514029
12.0,71.0,1004.2940063476562,-3.4589444419273896,-4.720067241382956,-1.4363177760552872,2.1334699404495807,2.805876665948676,1.7767269490910522,0.2648758306687643,1.3961816240880711,-2.286831278510701,-0.3105430959585473
12.0,71.0,1004.2984619140624,-3.459151259382634,-4.720229820413864,-1.436317791042804,2.1334699404495807,2.805876665948676,1.7771393019889623,0.2648749607081743,1.3972873746872183,-2.2857683934225506,-0.3105477996577401
12.0,71.0,1004.2998657226562,-3.4591580540309645,-4.720210044231438,-1.4363152204399443,2.1334699404495807,2.805876665948676,1.777248836655227,0.2648749619291586,1.3968705913551445,-2.2852848772060343,-0.3105477327874568
12.0,71.0,1004.2999267578124,-3.4591580540309645,-4.72020965540118,-1.4363152204399443,2.1334699404495807,2.805876665948676,1.777248836655227,0.2648749619291586,1.3968705913551445,-2.2852848772060343,-0.310547962766264
12.0,71.0,1004.2999267578124,-3.4591580540309645,-4.72020965540118,-1.4363152204399443,2.1334699404495807,2.805876665948676,1.777248836655227,0.2648749619291586,1.3968705913551445,-2.2852848772060343,-0.310547962766264
12.0,71.0,1004.2999267578124,-3.4591580540309645,-4.72020965540118,-1.4363152391473264,2.1334699404495807,2.805876665948676,1.777248836655227,0.2648750081578603,1.3968705913551445,-2.2852848772060343,-0.310547962766264
12.0,71.0,1004.3001098632812,-3.459068559922452,-4.720210044231438,-1.4363152693856305,2.1334699404495807,2.805876665948676,1.7772495119946905,0.2648749616841744,1.3968705913551445,-2.285282683431189,-0.310543010482828
12.0,71.0,1004.3002319335938,-3.459059370950605,-4.720210000589244,-1.436315136919642,2.1334699404495807,2.805876665948676,1.777248836655227,0.2648749621048784,1.3968705913551445,-2.2852848772060343,-0.3105477327874568
12.0,71.0,1004.3013916015624,-3.459157784041689,-4.720209865786384,-1.4363176463394507,2.1334699404495807,2.805876665948676,1.777139219366969,0.2648749607081743,1.3972873746872183,-2.2854356133574965,-0.310547798306045
12.0,71.0,1004.3014526367188,-3.459157765909899,-4.720210827229693,-1.4363170548518085,2.1334699404495807,2.805876665948676,1.7771262906570555,0.2648749608352509,1.3972873746872183,-2.285431364099441,-0.3105431289294036
12.0,71.0,1004.3015747070312,-3.459157765909899,-4.720202803975651,-1.4363170722973826,2.1334699404495807,2.805876665948676,1.7771262906570555,0.2648749608352509,1.3972873746872183,-2.285431364099441,-0.3105431289294036
12.0,71.0,1004.3016967773438,-3.4591580629173624,-4.72020927435799,-1.436317974713799,2.1334699404495807,2.805876665948676,1.7772493175796762,0.2648749625640269,1.3972873746872183,-2.285288523226006,-0.3105476150668741
12.0,71.0,1004.3016967773438,-3.4591580629173624,-4.72020927435799,-1.436317974713799,2.1334699404495807,2.805876665948676,1.7772493175796762,0.2648749625640269,1.3972873746872183,-2.285288523226006,-0.3105476150668741
12.0,71.0,1004.3018798828124,-3.4591580629173624,-4.720209477840704,-1.436317967740018,2.1334699404495807,2.805876665948676,1.7772493175796762,0.2648749618288069,1.3972873746872183,-2.285265428641262,-0.3105477375407763
12.0,71.0,1004.3019409179688,-3.4591580629173624,-4.720209477840704,-1.4363174262353762,2.1334699404495807,2.805876665948676,1.7772493175796762,0.2648758945168336,1.3972961491324287,-2.285265428641262,-0.3105477375407763
12.0,71.0,1004.302001953125,-3.4590594132975028,-4.720209404586756,-1.436317974713799,2.1334699404495807,2.805876665948676,1.777249164210956,0.2648749625640269,1.3972873746872183,-2.285288523226006,-0.3105430293898893
12.0,71.0,1004.30224609375,-3.4590519735969294,-4.720209865786384,-1.4363176463394507,2.1334699404495807,2.805876665948676,1.7770754677234375,0.2648749607081743,1.3972873746872183,-2.2854356133574965,-0.3105478216482736
12.0,71.0,1004.3026123046876,-3.4590493925721257,-4.7205626048894604,-1.4363177737191606,2.1334699404495807,2.805876665948676,1.777140065882526,0.2648749664677096,1.3972873746872183,-2.284595763139308,-0.310547855968793
12.0,71.0,1004.30419921875,-3.459158290236274,-4.720212550386992,-1.4363170895260324,2.1334699404495807,2.805876665948676,1.776762784587366,0.2648749540253066,1.3972873746872183,-2.2854557727355047,-0.3105430959585473
12.0,71.0,1004.3046875,-3.459158290236274,-4.720202652135267,-1.4363170895260324,2.1334699404495807,2.805876665948676,1.776375381024867,0.2648749539823628,1.3967127498341088,-2.285517855642916,-0.3105430959585473
12.0,71.0,1004.3047485351562,-3.459158290236274,-4.720212658161793,-1.4363177799580185,2.1334699404495807,2.805876665948676,1.7763891174807738,0.2648749539823628,1.3967127498341088,-2.285470960801387,-0.3105430959585473
12.0,71.0,1004.3048095703124,-3.458931626866604,-4.7205275252713,-1.4363178676625692,2.1334699404495807,2.805876665948676,1.7762780144452197,0.2648749442013813,1.3972739337216449,-2.285272892185833,-0.3105431431930746
12.0,71.0,1004.3048095703124,-3.458931626866604,-4.7205275252713,-1.4363178676625692,2.1334699404495807,2.805876665948676,1.7762780144452197,0.2648749442013813,1.3972739337216449,-2.285272892185833,-0.3105431431930746
12.0,71.0,1004.3048706054688,-3.459155203016885,-4.72052903198232,-1.4363177895543675,2.1334699404495807,2.805876665948676,1.776344956909533,0.2648749623457138,1.3972873746872183,-2.285126131711838,-0.3105477987608878
12.0,71.0,1004.304931640625,-3.458797770174506,-4.720530899038118,-1.4363178406921833,2.1334699404495807,2.805876665948676,1.776295208047415,0.2648750053840436,1.3972399909509274,-2.285274495518221,-0.3105478220420742
12.0,71.0,1004.304931640625,-3.458797770174506,-4.720530899038118,-1.4363178406921833,2.1334699404495807,2.805876665948676,1.776295208047415,0.2648750053840436,1.3972399909509274,-2.285274495518221,-0.3105478220420742
12.0,71.0,1004.304931640625,-3.4591515412987763,-4.720067538215107,-1.4363152204399443,2.1334699404495807,2.805876665948676,1.7767792745339777,0.2648749443857938,1.3963409262877364,-2.2852708614060844,-0.3105430936829381
12.0,71.0,1004.30517578125,-3.458797770174506,-4.720530899038118,-1.4363178406921833,2.1334699404495807,2.805876665948676,1.776295208047415,0.2648750053840436,1.397288405231038,-2.285281366837211,-0.3105478220420742
12.0,71.0,1004.305419921875,-3.458931626866604,-4.720067538215107,-1.4363152204399443,2.1334699404495807,2.805876665948676,1.7767792745339777,0.2648749442013813,1.3963409262877364,-2.2852708614060844,-0.3105431431930746
12.0,71.0,1004.3057861328124,-3.4590493925721257,-4.72052903198232,-1.4363177895543675,2.1334699404495807,2.805876665948676,1.7762812052660013,0.2648749623457138,1.3972873746872183,-2.285126131711838,-0.3105478221031164
12.0,71.0,1004.3057861328124,-3.4590493925721257,-4.72052903198232,-1.4363177895543675,2.1334699404495807,2.805876665948676,1.7762812052660013,0.2648749623457138,1.3972873746872183,-2.285126131711838,-0.3105478221031164
12.0,71.0,1004.3062744140624,-3.459158053483479,-4.720067359096797,-1.436317449377528,2.1334699404495807,2.805876665948676,1.7767789345075775,0.2648758404419749,1.396817099941764,-2.2852708614060844,-0.3105477442713489
12.0,71.0,1004.3062744140624,-3.459158053483479,-4.720067359096797,-1.43631799088217,2.1334699404495807,2.805876665948676,1.7767789345075775,0.2648749077539482,1.3968083254965535,-2.2852708614060844,-0.3105477442713489
12.0,71.0,1004.3063354492188,-3.459158053483479,-4.720067359096797,-1.4363170804184469,2.1334699404495807,2.805876665948676,1.7767789345075775,0.264875005934256,1.396817099941764,-2.2852708614060844,-0.3105477442713489
12.0,71.0,1004.3069458007812,-3.4591688641957834,-4.7202209431115465,-1.4363175414807448,2.1334699404495807,2.805876665948676,1.7771285562962789,0.2648748779733555,1.3972873746872183,-2.2847524352096094,-0.3105473085827014
12.0,71.0,1004.3072509765624,-3.4589444419273896,-4.720072407414391,-1.4363152965393908,2.1334699404495807,2.805876665948676,1.7772740894428305,0.2648758306687643,1.396906853910574,-2.284762984809867,-0.3105430959585473
12.0,71.0,1004.308837890625,-3.459048035696136,-4.720202018384481,-1.4363153279582708,2.1334699404495807,2.805876665948676,1.777140065882526,0.2648749665486363,1.3972887409064207,-2.2846150280807622,-0.3105478509058488
12.0,71.0,1004.3096313476562,-3.4589444419273896,-4.720067241382956,-1.4363170889203083,2.1334699404495807,2.805876665948676,1.776741383802881,0.264875811474889,1.3961816240880711,-2.284762984809867,-0.3105430959585473
12.0,71.0,1004.3097534179688,-3.4589444419273896,-4.720067241382956,-1.4363170889203083,2.1334699404495807,2.805876665948676,1.7767262744279084,0.2648758306687643,1.3961816240880711,-2.284762984809867,-0.3105430959585473
12.0,71.0,1004.3097534179688,-3.4589444419273896,-4.720067241382956,-1.4363170889203083,2.1334699404495807,2.805876665948676,1.7767262744279084,0.2648758306687643,1.3961816240880711,-2.284762984809867,-0.3105430959585473
12.0,72.0,1004.2750854492188,-3.459059227144496,-4.720211507768266,-1.4363176539850755,2.1334699404495807,2.799305981619751,1.7771072881668333,0.2648749545585909,1.3972873746872183,-2.2869040351182752,-0.3105430959585473
12.0,72.0,1004.2855224609376,-3.459057380008083,-4.72056084834217,-1.4363177998840342,2.1334699404495807,2.805876665948676,1.777101274320384,0.2648749306839781,1.3972873746872183,-2.2868956244953096,-0.3105429880401392
12.0,72.0,1004.2871704101562,-3.459156531933355,-4.720568871596212,-1.43631778243846,2.1334699404495807,2.805876665948676,1.7767614820988995,0.2648749306839781,1.3972873746872183,-2.2868956244953096,-0.3105429864659184
12.0,72.0,1004.2872314453124,-3.4591580396480164,-4.720566938498412,-1.4363177998840342,2.1334699404495807,2.805876665948676,1.7767614820988995,0.2648749303850881,1.3972873746872183,-2.2868956244953096,-0.3105475864792458
12.0,72.0,1004.2872924804688,-3.459156531933355,-4.72056084834217,-1.4363177998840342,2.1334699404495807,2.805876665948676,1.7767614820988995,0.2648749306839781,1.3972873746872183,-2.2868956244953096,-0.3105429864659184
12.0,72.0,1004.2876586914062,-3.459054995788026,-4.720562359773889,-1.4363176488671008,2.1334699404495807,2.805876665948676,1.7767566963792754,0.2648749605251552,1.3972873746872183,-2.2869040351182752,-0.3105430959585473
12.0,72.0,1004.2877197265624,-3.459055052748989,-4.7205610117002665,-1.43631778243846,2.1334699404495807,2.805876665948676,1.7767566963792754,0.2648749545585909,1.3972873746872183,-2.2869040351182752,-0.3105430959585473
12.0,72.0,1004.2877197265624,-3.459055052748989,-4.7205610117002665,-1.43631778243846,2.1334699404495807,2.805876665948676,1.7767566963792754,0.2648749545585909,1.3972873746872183,-2.2869040351182752,-0.3105429087418886
12.0,72.0,1004.2877197265624,-3.459055052748989,-4.7205610117002665,-1.43631778243846,2.1334699404495807,2.805876665948676,1.7767566963792754,0.2648749545585909,1.3972879539909284,-2.2869040351182752,-0.3105429087418886
12.0,72.0,1004.287841796875,-3.459055052748989,-4.720552192329776,-1.4363177824400724,2.1334699404495807,2.805876665948676,1.7767566963792754,0.2648749539800814,1.3972873746872183,-2.2869040351182752,-0.3105430998268702
12.0,72.0,1004.291015625,-3.459157876764356,-4.720211377539501,-1.4363176539850755,2.1334699404495807,2.805876665948676,1.7771074415355532,0.2648749545585909,1.3972873746872183,-2.2869040351182752,-0.3105476816355321
12.0,72.0,1004.2913818359376,-3.459059227144496,-4.720211507768266,-1.4363176539850755,2.1334699404495807,2.805876665948676,1.7771072881668333,0.2648749545585909,1.3972873746872183,-2.2869040351182752,-0.3105430959585473
12.0,72.0,1004.2932739257812,-3.459158046737443,-4.720212371732668,-1.4363177812828876,2.1334699404495807,2.805876665948676,1.7767480307694756,0.2648749539889644,1.3972873746872183,-2.2869340241552965,-0.3105430959585473
12.0,72.0,1004.2932739257812,-3.4591594109069543,-4.72057995558232,-1.4363176662008343,2.1334699404495807,2.805876665948676,1.777248836655227,0.2648749618435507,1.396869225135942,-2.2852862061939643,-0.3105479638151391
12.0,72.0,1004.2933349609376,-3.4591594109069543,-4.720577945889903,-1.4363176662008343,2.1334699404495807,2.805876665948676,1.777248836655227,0.2648749618491318,1.396869225135942,-2.285285196256485,-0.3105479678292082
12.0,72.0,1004.2933349609376,-3.4591583790697684,-4.720211507768266,-1.4363176539850755,2.1334699404495807,2.805876665948676,1.776767495945349,0.2648749545585909,1.3972873746872183,-2.2869040351182752,-0.3105430943843265
12.0,72.0,1004.2936401367188,-3.4591594109069543,-4.720570241906159,-1.4363176662008343,2.1334699404495807,2.805876665948676,1.777248836655227,0.2648749618482319,1.396869225135942,-2.28526561226458,-0.3105479678292082
12.0,72.0,1004.2938232421876,-3.459055052748989,-4.720212550386992,-1.4363177821121398,2.1334699404495807,2.805876665948676,1.7767566963792754,0.2648749539889644,1.3972873746872183,-2.2869040351182752,-0.3105430959585473
12.0,72.0,1004.2938232421876,-3.459055052748989,-4.720212550386992,-1.4363177824384428,2.1334699404495807,2.805876665948676,1.7767566963792754,0.2648749539889644,1.3972873746872183,-2.2869040351182752,-0.3105430959585473
12.0,72.0,1004.2938842773438,-3.4589417793378168,-4.720067241382956,-1.4363151581210811,2.1334699404495807,2.805876665948676,1.776745641938475,0.2648758306687643,1.3961816240880711,-2.286831278510701,-0.3105430941514029
12.0,72.0,1004.2940063476562,-3.4589444419273896,-4.720067241382956,-1.4363177760552872,2.1334699404495807,2.805876665948676,1.7767269490910522,0.2648758306687643,1.3961816240880711,-2.286831278510701,-0.3105430959585473
12.0,72.0,1004.2940063476562,-3.4589444419273896,-4.720067241382956,-1.4363177760552872,2.1334699404495807,2.805876665948676,1.7767269490910522,0.2648758306687643,1.3961816240880711,-2.286831278510701,-0.3105430959585473
12.0,72.0,1004.2960205078124,-3.459157765909899,-4.720529494157303,-1.4363170548518085,2.1334699404495807,2.805876665948676,1.7771057079098465,0.2648749608391637,1.3972873320854364,-2.285429755051986,-0.3105430540701076
12.0,72.0,1004.2984619140624,-3.459151259382634,-4.720229820413864,-1.436317791042804,2.1334699404495807,2.805876665948676,1.7771393019889623,0.2648749607081743,1.3972873746872183,-2.2857683934225506,-0.3105477996577401
12.0,72.0,1004.2998657226562,-3.4591580540309645,-4.720210044231438,-1.4363152204399443,2.1334699404495807,2.805876665948676,1.777248836655227,0.2648749619291586,1.3968705913551445,-2.2852848772060343,-0.3105477327874568
12.0,72.0,1004.2999267578124,-3.4591580540309645,-4.72020965540118,-1.4363152204399443,2.1334699404495807,2.805876665948676,1.777248836655227,0.2648749619291586,1.3968705913551445,-2.2852848772060343,-0.310547962766264
12.0,72.0,1004.2999267578124,-3.4591580540309645,-4.72020965540118,-1.4363152204399443,2.1334699404495807,2.805876665948676,1.777248836655227,0.2648749619291586,1.3968705913551445,-2.2852848772060343,-0.310547962766264
12.0,72.0,1004.2999267578124,-3.4591580540309645,-4.72020965540118,-1.4363152391473264,2.1334699404495807,2.805876665948676,1.777248836655227,0.2648750081578603,1.3968705913551445,-2.2852848772060343,-0.310547962766264
12.0,72.0,1004.2999267578124,-3.4591580540309645,-4.72020965540118,-1.4363152204399443,2.1334699404495807,2.805876665948676,1.777248836655227,0.2648749619291586,1.3968705913551445,-2.2852848772060343,-0.310547962766264
12.0,72.0,1004.3001098632812,-3.459068559922452,-4.720210044231438,-1.4363152693856305,2.1334699404495807,2.805876665948676,1.7772495119946905,0.2648749616841744,1.3968705913551445,-2.285282683431189,-0.310543010482828
12.0,72.0,1004.3001098632812,-3.459068559922452,-4.720210044231438,-1.4363152693856305,2.1334699404495807,2.805876665948676,1.7772495119946905,0.264874961725152,1.3968705913551445,-2.285282683431189,-0.3105428274629214
12.0,72.0,1004.3001708984376,-3.459059370950605,-4.720210000589244,-1.4363150982333797,2.1334699404495807,2.805876665948676,1.777248836655227,0.2648749606969667,1.3968684994177851,-2.2852848772060343,-0.3105477327874568
12.0,72.0,1004.3002319335938,-3.459059370950605,-4.720210000589244,-1.436315136919642,2.1334699404495807,2.805876665948676,1.777248836655227,0.2648749621048784,1.3968705913551445,-2.2852848772060343,-0.3105477327874568
12.0,72.0,1004.3002319335938,-3.4591580540309645,-4.720200330555276,-1.4363152204399443,2.1334699404495807,2.805876665948676,1.777248836655227,0.2648749619338398,1.3968705913551445,-2.28526428327665,-0.3105477368015259
12.0,72.0,1004.3011474609376,-3.4591515412987763,-4.720067538215107,-1.4363152204399443,2.1334699404495807,2.805876665948676,1.7772420146116126,0.2648749626046697,1.3963409262877364,-2.2852708614060844,-0.3105430108823093
12.0,72.0,1004.3013916015624,-3.459157784041689,-4.720209865786384,-1.4363176463394507,2.1334699404495807,2.805876665948676,1.777139219366969,0.2648749607081743,1.3972873746872183,-2.2854356133574965,-0.310547798306045
12.0,72.0,1004.3014526367188,-3.459157765909899,-4.720210827229693,-1.4363170548518085,2.1334699404495807,2.805876665948676,1.7771262906570555,0.2648749608352509,1.3972873746872183,-2.285431364099441,-0.3105431289294036
12.0,72.0,1004.3014526367188,-3.459157765909899,-4.720210827229693,-1.4363170548518085,2.1334699404495807,2.805876665948676,1.7771262906570555,0.2648749608352509,1.3972873746872183,-2.285431364099441,-0.3105431289294036
12.0,72.0,1004.3015747070312,-3.459157765909899,-4.720202803975651,-1.4363170722973826,2.1334699404495807,2.805876665948676,1.7771262906570555,0.2648749608352509,1.3972873746872183,-2.285431364099441,-0.3105431289294036
12.0,72.0,1004.3015747070312,-3.459158046737443,-4.72021320796692,-1.4363177812828876,2.1334699404495807,2.805876665948676,1.7767480307694756,0.2648749541734777,1.3972873746872183,-2.285791866417908,-0.3105430959585473
12.0,72.0,1004.3016967773438,-3.4591580629173624,-4.72020927435799,-1.436317974713799,2.1334699404495807,2.805876665948676,1.7772493175796762,0.2648749625640269,1.3972873746872183,-2.285288523226006,-0.3105476150668741
12.0,72.0,1004.3016967773438,-3.4591580629173624,-4.72020927435799,-1.436317974713799,2.1334699404495807,2.805876665948676,1.7772493175796762,0.2648749625640269,1.3972873746872183,-2.285288523226006,-0.3105476150668741
12.0,72.0,1004.3018798828124,-3.4591580629173624,-4.720209477840704,-1.436317967740018,2.1334699404495807,2.805876665948676,1.7772493175796762,0.2648749618288069,1.3972873746872183,-2.285265428641262,-0.3105477375407763
12.0,72.0,1004.3019409179688,-3.4591580629173624,-4.720209477840704,-1.4363174262353762,2.1334699404495807,2.805876665948676,1.7772493175796762,0.2648758945168336,1.3972961491324287,-2.285265428641262,-0.3105477375407763
12.0,72.0,1004.302001953125,-3.4590594132975028,-4.720209404586756,-1.436317974713799,2.1334699404495807,2.805876665948676,1.777249164210956,0.2648749625640269,1.3972873746872183,-2.285288523226006,-0.3105430293898893
12.0,72.0,1004.30224609375,-3.4590519735969294,-4.720209865786384,-1.4363176463394507,2.1334699404495807,2.805876665948676,1.7770754677234375,0.2648749607081743,1.3972873746872183,-2.2854356133574965,-0.3105478216482736
12.0,72.0,1004.3026123046876,-3.4590493925721257,-4.7205626048894604,-1.4363177737191606,2.1334699404495807,2.805876665948676,1.777140065882526,0.2648749664677096,1.3972873746872183,-2.284595763139308,-0.310547855968793
12.0,72.0,1004.30419921875,-3.459158290236274,-4.720212550386992,-1.4363170895260324,2.1334699404495807,2.805876665948676,1.776762784587366,0.2648749540253066,1.3972873746872183,-2.2854557727355047,-0.3105430959585473
12.0,72.0,1004.3046875,-3.459158290236274,-4.720202652135267,-1.4363170895260324,2.1334699404495807,2.805876665948676,1.776375381024867,0.2648749539823628,1.3967127498341088,-2.285517855642916,-0.3105430959585473
12.0,72.0,1004.3047485351562,-3.459158290236274,-4.720212658161793,-1.4363177799580185,2.1334699404495807,2.805876665948676,1.7763891174807738,0.2648749539823628,1.3967127498341088,-2.285470960801387,-0.3105430959585473
12.0,73.0,1004.2750854492188,-3.459059227144496,-4.720211507768266,-1.4363176539850755,2.1334699404495807,2.799305981619751,1.7771072881668333,0.2648749545585909,1.3972873746872183,-2.2869040351182752,-0.3105430959585473
12.0,73.0,1004.2808837890624,-3.459059227144496,-4.720211507768266,-1.4363152474976315,2.1334699404495807,2.799549680900676,1.77724878117276,0.264874954603261,1.3972873746872183,-2.285354454814233,-0.3105430007794115
12.0,73.0,1004.2833862304688,-3.4589444419273896,-4.720617718188895,-1.4363177740258584,2.1334699404495807,2.805876665948676,1.7767204151709413,0.2648758306687643,1.3961816240880711,-2.28688784272174,-0.3105479693583207
12.0,73.0,1004.2855224609376,-3.459057380008083,-4.72056084834217,-1.4363177998840342,2.1334699404495807,2.805876665948676,1.777101274320384,0.2648749306839781,1.3972873746872183,-2.2868956244953096,-0.3105429880401392
12.0,73.0,1004.2871704101562,-3.459156531933355,-4.720568871596212,-1.43631778243846,2.1334699404495807,2.805876665948676,1.7767614820988995,0.2648749306839781,1.3972873746872183,-2.2868956244953096,-0.3105429864659184
12.0,73.0,1004.2871704101562,-3.4591580189847293,-4.720566938498412,-1.4363177998840342,2.1334699404495807,2.805876665948676,1.7767614820988995,0.2648749306824987,1.3972873746872183,-2.2868956244953096,-0.3105428672332347
12.0,73.0,1004.2872314453124,-3.4591580396480164,-4.720566938498412,-1.4363177998840342,2.1334699404495807,2.805876665948676,1.7767614820988995,0.2648749303850881,1.3972873746872183,-2.2868956244953096,-0.3105475864792458
12.0,73.0,1004.2872924804688,-3.459156531933355,-4.72056084834217,-1.4363177998840342,2.1334699404495807,2.805876665948676,1.7767614820988995,0.2648749306839781,1.3972873746872183,-2.2868956244953096,-0.3105429864659184
12.0,73.0,1004.2872924804688,-3.459156531933355,-4.72056084834217,-1.4363177998840342,2.1334699404495807,2.805876665948676,1.7767614820988995,0.2648749306839781,1.3972873746872183,-2.2868956244953096,-0.3105429864659184
12.0,73.0,1004.287353515625,-3.459156552596642,-4.72056084834217,-1.4363177998840342,2.1334699404495807,2.805876665948676,1.7767614820988995,0.2648749303865675,1.3972873746872183,-2.2868956244953096,-0.3105477057119296
12.0,73.0,1004.2876586914062,-3.459054995788026,-4.720562359773889,-1.4363176488671008,2.1334699404495807,2.805876665948676,1.7767566963792754,0.2648749605251552,1.3972873746872183,-2.2869040351182752,-0.3105430959585473
12.0,73.0,1004.2876586914062,-3.459057403073873,-4.72056084834217,-1.4363178000229249,2.1334699404495807,2.805876665948676,1.776770392458617,0.2648749306839781,1.3972873746872183,-2.2868956244953096,-0.3105429880401392
12.0,73.0,1004.2876586914062,-3.459055054990757,-4.720562403961728,-1.4363176488671008,2.1334699404495807,2.805876665948676,1.7767566963792754,0.2648749605251552,1.3972873746872183,-2.2869040351182752,-0.3105430959585473
12.0,73.0,1004.2877197265624,-3.459055052748989,-4.7205610117002665,-1.43631778243846,2.1334699404495807,2.805876665948676,1.7767566963792754,0.2648749545585909,1.3972873746872183,-2.2869040351182752,-0.3105430959585473
12.0,73.0,1004.2877197265624,-3.459055052748989,-4.7205610117002665,-1.43631778243846,2.1334699404495807,2.805876665948676,1.7767566963792754,0.2648749545585909,1.3972873746872183,-2.2869040351182752,-0.3105429087418886
12.0,73.0,1004.2877197265624,-3.459055052748989,-4.7205610117002665,-1.43631778243846,2.1334699404495807,2.805876665948676,1.7767566963792754,0.2648749545585909,1.3972879539909284,-2.2869040351182752,-0.3105429087418886
12.0,73.0,1004.2877197265624,-3.459055052748989,-4.7205610117002665,-1.43631778243846,2.1334699404495807,2.805876665948676,1.7767566963792754,0.2648749545585909,1.3972873746872183,-2.2869040351182752,-0.3105429087418886
12.0,73.0,1004.2877197265624,-3.4590549935462573,-4.720560967512427,-1.43631778243846,2.1334699404495807,2.805876665948676,1.7767566963792754,0.2648749545585909,1.3972873746872183,-2.2869040351182752,-0.3105430959585473
12.0,73.0,1004.287841796875,-3.459055052748989,-4.720552192329776,-1.4363177824400724,2.1334699404495807,2.805876665948676,1.7767566963792754,0.2648749539800814,1.3972873746872183,-2.2869040351182752,-0.3105430998268702
12.0,73.0,1004.2881469726562,-3.459068559922452,-4.720210044231438,-1.4363176758730742,2.1334699404495807,2.805632966667752,1.777108018988764,0.2648749616395044,1.3968705913551445,-2.286832263735231,-0.3105431056619638
12.0,73.0,1004.2897338867188,-3.4591529702753814,-4.720214689792628,-1.4363175959791692,2.1334699404495807,2.805876665948676,1.776745641938475,0.2648758306687643,1.3961588847849116,-2.286929280538939,-0.3105430959516814
12.0,73.0,1004.291015625,-3.459157876764356,-4.720211377539501,-1.4363176539850755,2.1334699404495807,2.805876665948676,1.7771074415355532,0.2648749545585909,1.3972873746872183,-2.2869040351182752,-0.3105476816355321
12.0,73.0,1004.2913818359376,-3.459059227144496,-4.720211507768266,-1.4363176539850755,2.1334699404495807,2.805876665948676,1.7771072881668333,0.2648749545585909,1.3972873746872183,-2.2869040351182752,-0.3105430959585473
12.0,73.0,1004.293212890625,-3.4591594109069543,-4.720579987685809,-1.4363176662008343,2.1334699404495807,2.805876665948676,1.777248836655227,0.2648749616017754,1.396869225135942,-2.2852862061939643,-0.3105425157437532
12.0,73.0,1004.2932739257812,-3.459158046737443,-4.720212371732668,-1.4363177812828876,2.1334699404495807,2.805876665948676,1.7767480307694756,0.2648749539889644,1.3972873746872183,-2.2869340241552965,-0.3105430959585473
12.0,73.0,1004.2932739257812,-3.4591594109069543,-4.72057995558232,-1.4363176662008343,2.1334699404495807,2.805876665948676,1.777248836655227,0.2648749618435507,1.396869225135942,-2.2852862061939643,-0.3105479638151391
12.0,73.0,1004.2933349609376,-3.4591594109069543,-4.720577945889903,-1.4363176662008343,2.1334699404495807,2.805876665948676,1.777248836655227,0.2648749618491318,1.396869225135942,-2.285285196256485,-0.3105479678292082
12.0,73.0,1004.2933349609376,-3.4591583790697684,-4.720211507768266,-1.4363176539850755,2.1334699404495807,2.805876665948676,1.776767495945349,0.2648749545585909,1.3972873746872183,-2.2869040351182752,-0.3105430943843265
12.0,73.0,1004.2936401367188,-3.4591594109069543,-4.720570241906159,-1.4363176662008343,2.1334699404495807,2.805876665948676,1.777248836655227,0.2648749618482319,1.396869225135942,-2.28526561226458,-0.3105479678292082
12.0,73.0,1004.2937622070312,-3.458939509152959,-4.720079716984627,-1.4363177760552872,2.1334699404495807,2.805876665948676,1.7767269490910522,0.2648758312833513,1.3961816240880711,-2.2868260723161,-0.3105429140914129
12.0,73.0,1004.2938232421876,-3.459055052748989,-4.720212550386992,-1.4363177821121398,2.1334699404495807,2.805876665948676,1.7767566963792754,0.2648749539889644,1.3972873746872183,-2.2869040351182752,-0.3105430959585473
12.0,73.0,1004.2938232421876,-3.459055052748989,-4.720212550386992,-1.4363177824384428,2.1334699404495807,2.805876665948676,1.7767566963792754,0.2648749539889644,1.3972873746872183,-2.2869040351182752,-0.3105430959585473
12.0,73.0,1004.2938842773438,-3.4589417793378168,-4.720067241382956,-1.4363151581210811,2.1334699404495807,2.805876665948676,1.776745641938475,0.2648758306687643,1.3961816240880711,-2.286831278510701,-0.3105430941514029
12.0,73.0,1004.2939453125,-3.458944370371136,-4.720577945889903,-1.4363176662008343,2.1334699404495807,2.805876665948676,1.7772792235626802,0.2648758104213384,1.396869225135942,-2.285285196256485,-0.3105479678292082
12.0,73.0,1004.2940063476562,-3.4589444419273896,-4.720067241382956,-1.4363177760552872,2.1334699404495807,2.805876665948676,1.7767269490910522,0.2648758306687643,1.3961816240880711,-2.286831278510701,-0.3105430959585473
12.0,73.0,1004.2940063476562,-3.4589444419273896,-4.720067241382956,-1.4363177760552872,2.1334699404495807,2.805876665948676,1.7767269490910522,0.2648758306687643,1.3961816240880711,-2.286831278510701,-0.3105430959585473
12.0,73.0,1004.2940673828124,-3.4589444419273896,-4.720067241382956,-1.4363178045682194,2.1334699404495807,2.805876665948676,1.7767122493597811,0.2648749846270377,1.3961816240880711,-2.286831278510701,-0.3105430959585473
12.0,73.0,1004.2943115234376,-3.4591594109069543,-4.720530988061686,-1.4363176662008343,2.1334699404495807,2.805876665948676,1.777249149920346,0.2648749618466934,1.396869225135942,-2.28526561226458,-0.3105479678292082
12.0,73.0,1004.2960205078124,-3.459157765909899,-4.720529494157303,-1.4363170548518085,2.1334699404495807,2.805876665948676,1.7771057079098465,0.2648749608391637,1.3972873320854364,-2.285429755051986,-0.3105430540701076
12.0,73.0,1004.2984619140624,-3.459151259382634,-4.720229820413864,-1.436317791042804,2.1334699404495807,2.805876665948676,1.7771393019889623,0.2648749607081743,1.3972873746872183,-2.2857683934225506,-0.3105477996577401
12.0,73.0,1004.2998657226562,-3.4591580540309645,-4.720210044231438,-1.4363152204399443,2.1334699404495807,2.805876665948676,1.777248836655227,0.2648749619291586,1.3968705913551445,-2.2852848772060343,-0.3105477327874568
12.0,73.0,1004.2999267578124,-3.4591580540309645,-4.72020965540118,-1.4363152204399443,2.1334699404495807,2.805876665948676,1.777248836655227,0.2648749619291586,1.3968705913551445,-2.2852848772060343,-0.310547962766264
12.0,73.0,1004.2999267578124,-3.4591580540309645,-4.72020965540118,-1.4363152204399443,2.1334699404495807,2.805876665948676,1.777248836655227,0.2648749619291586,1.3968705913551445,-2.2852848772060343,-0.310547962766264
12.0,73.0,1004.2999267578124,-3.4591580540309645,-4.72020965540118,-1.4363152391473264,2.1334699404495807,2.805876665948676,1.777248836655227,0.2648750081578603,1.3968705913551445,-2.2852848772060343,-0.310547962766264
12.0,73.0,1004.2999267578124,-3.4591580540309645,-4.72020965540118,-1.4363152204399443,2.1334699404495807,2.805876665948676,1.777248836655227,0.2648749619291586,1.3968705913551445,-2.2852848772060343,-0.310547962766264
12.0,73.0,1004.2999877929688,-3.459068559922452,-4.720210044231438,-1.436317832553349,2.1334699404495807,2.805876665948676,1.7772679848421242,0.264874961725152,1.3968705913551445,-2.285282683431189,-0.3105428274629214
12.0,73.0,1004.300048828125,-3.459158054901023,-4.720209637020505,-1.4363152204399443,2.1334699404495807,2.805876665948676,1.777248836655227,0.2648749625403673,1.396912968236496,-2.2852848772060343,-0.3105476795311901
12.0,73.0,1004.3001098632812,-3.459068559922452,-4.720210044231438,-1.4363152693856305,2.1334699404495807,2.805876665948676,1.7772495119946905,0.2648749616841744,1.3968705913551445,-2.285282683431189,-0.310543010482828
12.0,73.0,1004.3001098632812,-3.459068559922452,-4.720210044231438,-1.4363152693856305,2.1334699404495807,2.805876665948676,1.7772495119946905,0.264874961725152,1.3968705913551445,-2.285282683431189,-0.3105428274629214
12.0,73.0,1004.3001708984376,-3.459059370950605,-4.720210000589244,-1.4363150982333797,2.1334699404495807,2.805876665948676,1.777248836655227,0.2648749606969667,1.3968684994177851,-2.2852848772060343,-0.3105477327874568
12.0,74.0,1004.2750854492188,-3.459059227144496,-4.720211507768266,-1.4363176539850755,2.1334699404495807,2.799305981619751,1.7771072881668333,0.2648749545585909,1.3972873746872183,-2.2869040351182752,-0.3105430959585473
12.0,74.0,1004.2808837890624,-3.459059227144496,-4.720211507768266,-1.4363152474976315,2.1334699404495807,2.799549680900676,1.77724878117276,0.264874954603261,1.3972873746872183,-2.285354454814233,-0.3105430007794115
12.0,74.0,1004.2808837890624,-3.459059227144496,-4.720211507768266,-1.4363152474976315,2.1334699404495807,2.799549680900676,1.77724878117276,0.264874954603261,1.3972873746872183,-2.285354454814233,-0.3105430007794115
12.0,74.0,1004.2833862304688,-3.4589444419273896,-4.720617718188895,-1.4363177740258584,2.1334699404495807,2.805876665948676,1.7767204151709413,0.2648758306687643,1.3961816240880711,-2.28688784272174,-0.3105479693583207
12.0,74.0,1004.2849731445312,-3.4591590394381497,-4.72056459101578,-1.4363176539850755,2.1334699404495807,2.805876665948676,1.7771074415355532,0.2648749545585909,1.3972873746872183,-2.2869040351182752,-0.3105476816355321
12.0,74.0,1004.2854614257812,-3.459055052748989,-4.720580104612429,-1.43631778243846,2.1334699404495807,2.805876665948676,1.7767459361657514,0.2648749541357388,1.3968693225802065,-2.2869040351182752,-0.3105478304537041
12.0,74.0,1004.2855224609376,-3.459057380008083,-4.72056084834217,-1.4363177998840342,2.1334699404495807,2.805876665948676,1.777101274320384,0.2648749306839781,1.3972873746872183,-2.2868956244953096,-0.3105429880401392
12.0,74.0,1004.2855224609376,-3.459057380008083,-4.72056084834217,-1.4363177998840342,2.1334699404495807,2.805876665948676,1.777101274320384,0.2648749306839781,1.3972873746872183,-2.2868956244953096,-0.3105429880401392
12.0,74.0,1004.2869873046876,-3.4591580126914248,-4.720570217187297,-1.4363177812828876,2.1334699404495807,2.805876665948676,1.7767480307694756,0.2648749539889644,1.3972873746872183,-2.2869340241552965,-0.3105430959585473
12.0,74.0,1004.2871704101562,-3.459156531933355,-4.720568871596212,-1.43631778243846,2.1334699404495807,2.805876665948676,1.7767614820988995,0.2648749306839781,1.3972873746872183,-2.2868956244953096,-0.3105429864659184
12.0,74.0,1004.2871704101562,-3.4591580189847293,-4.720566938498412,-1.4363177998840342,2.1334699404495807,2.805876665948676,1.7767614820988995,0.2648749306824987,1.3972873746872183,-2.2868956244953096,-0.3105428672332347
12.0,74.0,1004.2872314453124,-3.4591580396480164,-4.720566938498412,-1.4363177998840342,2.1334699404495807,2.805876665948676,1.7767614820988995,0.2648749303850881,1.3972873746872183,-2.2868956244953096,-0.3105475864792458
12.0,74.0,1004.2872314453124,-3.4591580396480164,-4.720566938498412,-1.4363177998840342,2.1334699404495807,2.805876665948676,1.7767614820988995,0.2648749303850881,1.3972873746872183,-2.2868956244953096,-0.3105475864792458
12.0,74.0,1004.2872924804688,-3.459156531933355,-4.72056084834217,-1.4363177998840342,2.1334699404495807,2.805876665948676,1.7767614820988995,0.2648749306839781,1.3972873746872183,-2.2868956244953096,-0.3105429864659184
12.0,74.0,1004.2872924804688,-3.459156531933355,-4.72056084834217,-1.4363177998840342,2.1334699404495807,2.805876665948676,1.7767614820988995,0.2648749306839781,1.3972873746872183,-2.2868956244953096,-0.3105429864659184
12.0,74.0,1004.2872924804688,-3.459153743732967,-4.72056084834217,-1.4363178000229249,2.1334699404495807,2.805876665948676,1.7767614966497678,0.2648749306839781,1.3972873746872183,-2.2868956244953096,-0.3105429880401392
12.0,74.0,1004.287353515625,-3.459156552596642,-4.72056084834217,-1.4363177998840342,2.1334699404495807,2.805876665948676,1.7767614820988995,0.2648749303865675,1.3972873746872183,-2.2868956244953096,-0.3105477057119296
12.0,74.0,1004.287353515625,-3.459156552596642,-4.72056084834217,-1.4363177998840342,2.1334699404495807,2.805876665948676,1.7767614820988995,0.2648749303865675,1.3972873746872183,-2.2868956244953096,-0.3105477057119296
12.0,74.0,1004.2874755859376,-3.459055052748989,-4.720573048522466,-1.4363177825729512,2.1334699404495807,2.805876665948676,1.7767566963792754,0.2648749545585909,1.3972873746872183,-2.2869040351182752,-0.3105429087418886
12.0,74.0,1004.28759765625,-3.4590616989889225,-4.720566938498412,-1.4363177998840342,2.1334699404495807,2.805876665948676,1.7767703779077488,0.2648749303850881,1.3972873746872183,-2.2868956244953096,-0.3105475864792458
12.0,74.0,1004.2876586914062,-3.459054995788026,-4.720562359773889,-1.4363176488671008,2.1334699404495807,2.805876665948676,1.7767566963792754,0.2648749605251552,1.3972873746872183,-2.2869040351182752,-0.3105430959585473
12.0,74.0,1004.2876586914062,-3.459057403073873,-4.72056084834217,-1.4363178000229249,2.1334699404495807,2.805876665948676,1.776770392458617,0.2648749306839781,1.3972873746872183,-2.2868956244953096,-0.3105429880401392
12.0,74.0,1004.2876586914062,-3.459055054990757,-4.720562403961728,-1.4363176488671008,2.1334699404495807,2.805876665948676,1.7767566963792754,0.2648749605251552,1.3972873746872183,-2.2869040351182752,-0.3105430959585473
12.0,74.0,1004.2876586914062,-3.459054995788026,-4.720562359773889,-1.4363176488671008,2.1334699404495807,2.805876665948676,1.7767566963792754,0.2648749605251552,1.3972873746872183,-2.2869040351182752,-0.3105430959585473
12.0,74.0,1004.2877197265624,-3.459055052748989,-4.7205610117002665,-1.43631778243846,2.1334699404495807,2.805876665948676,1.7767566963792754,0.2648749545585909,1.3972873746872183,-2.2869040351182752,-0.3105430959585473
12.0,74.0,1004.2877197265624,-3.459055052748989,-4.7205610117002665,-1.43631778243846,2.1334699404495807,2.805876665948676,1.7767566963792754,0.2648749545585909,1.3972873746872183,-2.2869040351182752,-0.3105429087418886
12.0,74.0,1004.2877197265624,-3.459055052748989,-4.7205610117002665,-1.43631778243846,2.1334699404495807,2.805876665948676,1.7767566963792754,0.2648749545585909,1.3972879539909284,-2.2869040351182752,-0.3105429087418886
12.0,74.0,1004.2877197265624,-3.459055052748989,-4.7205610117002665,-1.43631778243846,2.1334699404495807,2.805876665948676,1.7767566963792754,0.2648749545585909,1.3972873746872183,-2.2869040351182752,-0.3105429087418886
12.0,74.0,1004.2877197265624,-3.4590549935462573,-4.720560967512427,-1.43631778243846,2.1334699404495807,2.805876665948676,1.7767566963792754,0.2648749545585909,1.3972873746872183,-2.2869040351182752,-0.3105430959585473
12.0,74.0,1004.2877197265624,-3.459055052748989,-4.7205610117002665,-1.43631778243846,2.1334699404495807,2.805876665948676,1.7767566963792754,0.2648749545585909,1.3972873746872183,-2.2869040351182752,-0.3105429087418886
12.0,74.0,1004.2877197265624,-3.459054731468552,-4.720562070947411,-1.4363176488671008,2.1334699404495807,2.805876665948676,1.7767566963792754,0.2648749604681233,1.3972873746872183,-2.2869040351182752,-0.3105478560735835
12.0,74.0,1004.287841796875,-3.459055052748989,-4.720552192329776,-1.4363177824400724,2.1334699404495807,2.805876665948676,1.7767566963792754,0.2648749539800814,1.3972873746872183,-2.2869040351182752,-0.3105430998268702
12.0,74.0,1004.2881469726562,-3.459068559922452,-4.720210044231438,-1.4363176758730742,2.1334699404495807,2.805632966667752,1.777108018988764,0.2648749616395044,1.3968705913551445,-2.286832263735231,-0.3105431056619638
12.0,74.0,1004.2897338867188,-3.4591529702753814,-4.720214689792628,-1.4363175959791692,2.1334699404495807,2.805876665948676,1.776745641938475,0.2648758306687643,1.3961588847849116,-2.286929280538939,-0.3105430959516814
12.0,74.0,1004.291015625,-3.459157876764356,-4.720211377539501,-1.4363176539850755,2.1334699404495807,2.805876665948676,1.7771074415355532,0.2648749545585909,1.3972873746872183,-2.2869040351182752,-0.3105476816355321
12.0,74.0,1004.291259765625,-3.459157876764356,-4.720199340717302,-1.4363176538505846,2.1334699404495807,2.805876665948676,1.7771074415355532,0.2648749545585909,1.3972873746872183,-2.2869040351182752,-0.3105476816355321
12.0,74.0,1004.2913818359376,-3.459059227144496,-4.720211507768266,-1.4363176539850755,2.1334699404495807,2.805876665948676,1.7771072881668333,0.2648749545585909,1.3972873746872183,-2.2869040351182752,-0.3105430959585473
12.0,74.0,1004.2913818359376,-3.459055073670761,-4.720211507768266,-1.436317648194633,2.1334699404495807,2.805876665948676,1.7771072881668333,0.2648749606905286,1.3972873746872183,-2.2869040351182752,-0.3105430959585473
12.0,74.0,1004.2918701171876,-3.459055827076313,-4.720209968422563,-1.4363176759436374,2.1334699404495807,2.805876665948676,1.7771122342682435,0.2648749539889644,1.3972944805819696,-2.2868306572331205,-0.3105430959585473
12.0,74.0,1004.2930908203124,-3.459172815892576,-4.720560909957699,-1.436317660055473,2.1334699404495807,2.805876665948676,1.7772787433634094,0.2648758104213384,1.3968601605544546,-2.2853098592904386,-0.3105430082584919
12.0,74.0,1004.293212890625,-3.4591594109069543,-4.720579987685809,-1.4363176662008343,2.1334699404495807,2.805876665948676,1.777248836655227,0.2648749616017754,1.396869225135942,-2.2852862061939643,-0.3105425157437532
12.0,74.0,1004.2932739257812,-3.459158046737443,-4.720212371732668,-1.4363177812828876,2.1334699404495807,2.805876665948676,1.7767480307694756,0.2648749539889644,1.3972873746872183,-2.2869340241552965,-0.3105430959585473
12.0,74.0,1004.2932739257812,-3.4591594109069543,-4.72057995558232,-1.4363176662008343,2.1334699404495807,2.805876665948676,1.777248836655227,0.2648749618435507,1.396869225135942,-2.2852862061939643,-0.3105479638151391
12.0,74.0,1004.2932739257812,-3.45915973442916,-4.72057827890422,-1.4363176662008343,2.1334699404495807,2.805876665948676,1.777248836655227,0.2648749619061636,1.396869225135942,-2.285285196256485,-0.3105432077141721
12.0,74.0,1004.2933349609376,-3.4591594109069543,-4.720577945889903,-1.4363176662008343,2.1334699404495807,2.805876665948676,1.777248836655227,0.2648749618491318,1.396869225135942,-2.285285196256485,-0.3105479678292082
12.0,74.0,1004.2933349609376,-3.4591583790697684,-4.720211507768266,-1.4363176539850755,2.1334699404495807,2.805876665948676,1.776767495945349,0.2648749545585909,1.3972873746872183,-2.2869040351182752,-0.3105430943843265
12.0,74.0,1004.2936401367188,-3.4591594109069543,-4.720570241906159,-1.4363176662008343,2.1334699404495807,2.805876665948676,1.777248836655227,0.2648749618482319,1.396869225135942,-2.28526561226458,-0.3105479678292082
12.0,74.0,1004.2936401367188,-3.4591594109069543,-4.720570241906159,-1.4363176662008343,2.1334699404495807,2.805876665948676,1.777248836655227,0.2648749618482319,1.396869225135942,-2.28526561226458,-0.3105479678292082
12.0,74.0,1004.2937622070312,-3.458939509152959,-4.720079716984627,-1.4363177760552872,2.1334699404495807,2.805876665948676,1.7767269490910522,0.2648758312833513,1.3961816240880711,-2.2868260723161,-0.3105429140914129
12.0,74.0,1004.2938232421876,-3.459055052748989,-4.720212550386992,-1.4363177821121398,2.1334699404495807,2.805876665948676,1.7767566963792754,0.2648749539889644,1.3972873746872183,-2.2869040351182752,-0.3105430959585473
12.0,75.0,1004.2671508789062,-3.459154580780004,-4.72056339307035,-1.4363176718969877,2.1334699404495807,2.799734816329636,1.77724878117276,0.2648749550184616,1.3972873746872183,-2.286972078052511,-0.3105429336808932
12.0,75.0,1004.2750854492188,-3.459059227144496,-4.720211507768266,-1.4363176539850755,2.1334699404495807,2.799305981619751,1.7771072881668333,0.2648749545585909,1.3972873746872183,-2.2869040351182752,-0.3105430959585473
12.0,75.0,1004.2808837890624,-3.459059227144496,-4.720211507768266,-1.4363152474976315,2.1334699404495807,2.799549680900676,1.77724878117276,0.264874954603261,1.3972873746872183,-2.285354454814233,-0.3105430007794115
12.0,75.0,1004.2808837890624,-3.459059227144496,-4.720211507768266,-1.4363152474976315,2.1334699404495807,2.799549680900676,1.77724878117276,0.264874954603261,1.3972873746872183,-2.285354454814233,-0.3105430007794115
12.0,75.0,1004.2826538085938,-3.459158866538808,-4.720617662024359,-1.4363177736416908,2.1334699404495807,2.805876665948676,1.7767204151709413,0.2648758306687643,1.3961816240880711,-2.286895014794758,-0.3105479693583207
12.0,75.0,1004.2830200195312,-3.4589444419273896,-4.720617718188895,-1.4363177740258584,2.1334699404495807,2.805876665948676,1.776774699258418,0.264874982815124,1.3961722608755198,-2.286895578071221,-0.3105479693583207
12.0,75.0,1004.2833862304688,-3.4589444419273896,-4.720617718188895,-1.4363177740258584,2.1334699404495807,2.805876665948676,1.7767204151709413,0.2648758306687643,1.3961816240880711,-2.28688784272174,-0.3105479693583207
12.0,75.0,1004.2849731445312,-3.4591590394381497,-4.72056459101578,-1.4363176539850755,2.1334699404495807,2.805876665948676,1.7771074415355532,0.2648749545585909,1.3972873746872183,-2.2869040351182752,-0.3105476816355321
12.0,75.0,1004.2854614257812,-3.459055052748989,-4.720580104612429,-1.43631778243846,2.1334699404495807,2.805876665948676,1.7767459361657514,0.2648749541357388,1.3968693225802065,-2.2869040351182752,-0.3105478304537041
12.0,75.0,1004.2854614257812,-3.4590560364593905,-4.72056459101578,-1.4363176539850755,2.1334699404495807,2.805876665948676,1.7771074415355532,0.2648749546765742,1.3972873746872183,-2.2869040351182752,-0.3105476816355321
12.0,75.0,1004.2855224609376,-3.459057380008083,-4.72056084834217,-1.4363177998840342,2.1334699404495807,2.805876665948676,1.777101274320384,0.2648749306839781,1.3972873746872183,-2.2868956244953096,-0.3105429880401392
12.0,75.0,1004.2855224609376,-3.459057380008083,-4.72056084834217,-1.4363177998840342,2.1334699404495807,2.805876665948676,1.777101274320384,0.2648749306839781,1.3972873746872183,-2.2868956244953096,-0.3105429880401392
12.0,75.0,1004.286865234375,-3.459158009007293,-4.720570217187297,-1.4363176585804618,2.1334699404495807,2.805876665948676,1.7767675235694709,0.2648749545490528,1.3972873746872183,-2.2869340241552965,-0.3105430943962984
12.0,75.0,1004.2869873046876,-3.4591580126914248,-4.720570217187297,-1.4363177812828876,2.1334699404495807,2.805876665948676,1.7767480307694756,0.2648749539889644,1.3972873746872183,-2.2869340241552965,-0.3105430959585473
12.0,75.0,1004.2871704101562,-3.459156531933355,-4.720568871596212,-1.43631778243846,2.1334699404495807,2.805876665948676,1.7767614820988995,0.2648749306839781,1.3972873746872183,-2.2868956244953096,-0.3105429864659184
12.0,75.0,1004.2871704101562,-3.4591580189847293,-4.720566938498412,-1.4363177998840342,2.1334699404495807,2.805876665948676,1.7767614820988995,0.2648749306824987,1.3972873746872183,-2.2868956244953096,-0.3105428672332347
12.0,75.0,1004.2871704101562,-3.4591580189847293,-4.720567383561503,-1.4363177998840342,2.1334699404495807,2.805876665948676,1.7767614820988995,0.2648749598303441,1.3972873746872183,-2.2868956244953096,-0.3105428672332347
12.0,75.0,1004.2872314453124,-3.4591580396480164,-4.720566938498412,-1.4363177998840342,2.1334699404495807,2.805876665948676,1.7767614820988995,0.2648749303850881,1.3972873746872183,-2.2868956244953096,-0.3105475864792458
12.0,75.0,1004.2872314453124,-3.4591580396480164,-4.720566938498412,-1.4363177998840342,2.1334699404495807,2.805876665948676,1.7767614820988995,0.2648749303850881,1.3972873746872183,-2.2868956244953096,-0.3105475864792458
12.0,75.0,1004.2872314453124,-3.459156552596642,-4.72056084834217,-1.4363178001372563,2.1334699404495807,2.805876665948676,1.7767485241189762,0.2648749302844826,1.3972873746872183,-2.286929301107205,-0.3105480788134953
12.0,75.0,1004.2872314453124,-3.459156531933355,-4.720561010163576,-1.436317782494818,2.1334699404495807,2.805876665948676,1.7767614820988995,0.2648749323640332,1.3972873746872183,-2.286903819713937,-0.3105429864659184
12.0,75.0,1004.2872314453124,-3.4591580579695167,-4.720562403961728,-1.4363176488671008,2.1334699404495807,2.805876665948676,1.7767566963792754,0.2648749604071719,1.3972873746872183,-2.2869040351182752,-0.3105430959585473
12.0,75.0,1004.2872924804688,-3.459156531933355,-4.72056084834217,-1.4363177998840342,2.1334699404495807,2.805876665948676,1.7767614820988995,0.2648749306839781,1.3972873746872183,-2.2868956244953096,-0.3105429864659184
12.0,75.0,1004.2872924804688,-3.459156531933355,-4.72056084834217,-1.4363177998840342,2.1334699404495807,2.805876665948676,1.7767614820988995,0.2648749306839781,1.3972873746872183,-2.2868956244953096,-0.3105429864659184
12.0,75.0,1004.2872924804688,-3.459153743732967,-4.72056084834217,-1.4363178000229249,2.1334699404495807,2.805876665948676,1.7767614966497678,0.2648749306839781,1.3972873746872183,-2.2868956244953096,-0.3105429880401392
12.0,75.0,1004.287353515625,-3.459156552596642,-4.72056084834217,-1.4363177998840342,2.1334699404495807,2.805876665948676,1.7767614820988995,0.2648749303865675,1.3972873746872183,-2.2868956244953096,-0.3105477057119296
12.0,75.0,1004.287353515625,-3.459156552596642,-4.72056084834217,-1.4363177998840342,2.1334699404495807,2.805876665948676,1.7767614820988995,0.2648749303865675,1.3972873746872183,-2.2868956244953096,-0.3105477057119296
12.0,75.0,1004.2874755859376,-3.459055052748989,-4.720573048522466,-1.4363177825729512,2.1334699404495807,2.805876665948676,1.7767566963792754,0.2648749545585909,1.3972873746872183,-2.2869040351182752,-0.3105429087418886
12.0,75.0,1004.2874755859376,-3.459055052748989,-4.720573048522466,-1.4363177825729512,2.1334699404495807,2.805876665948676,1.7767566963792754,0.2648749545585909,1.3972873746872183,-2.2869040351182752,-0.31054311389024
12.0,75.0,1004.28759765625,-3.4590616989889225,-4.720566938498412,-1.4363177998840342,2.1334699404495807,2.805876665948676,1.7767703779077488,0.2648749303850881,1.3972873746872183,-2.2868956244953096,-0.3105475864792458
12.0,75.0,1004.2876586914062,-3.459054995788026,-4.720562359773889,-1.4363176488671008,2.1334699404495807,2.805876665948676,1.7767566963792754,0.2648749605251552,1.3972873746872183,-2.2869040351182752,-0.3105430959585473
12.0,75.0,1004.2876586914062,-3.459057403073873,-4.72056084834217,-1.4363178000229249,2.1334699404495807,2.805876665948676,1.776770392458617,0.2648749306839781,1.3972873746872183,-2.2868956244953096,-0.3105429880401392
12.0,75.0,1004.2876586914062,-3.459055054990757,-4.720562403961728,-1.4363176488671008,2.1334699404495807,2.805876665948676,1.7767566963792754,0.2648749605251552,1.3972873746872183,-2.2869040351182752,-0.3105430959585473
12.0,75.0,1004.2876586914062,-3.459054995788026,-4.720562359773889,-1.4363176488671008,2.1334699404495807,2.805876665948676,1.7767566963792754,0.2648749605251552,1.3972873746872183,-2.2869040351182752,-0.3105430959585473
12.0,75.0,1004.2876586914062,-3.459055631078236,-4.720560807455446,-1.4363177998840342,2.1334699404495807,2.805876665948676,1.7767614820988995,0.2648749543389527,1.3972873746872183,-2.2869043411924874,-0.3105428526254319
12.0,75.0,1004.2876586914062,-3.459054995788026,-4.720562359773889,-1.4363178060916697,2.1334699404495807,2.805876665948676,1.7767566963792754,0.2648749605251552,1.3972873746872183,-2.286904194525232,-0.3105432288666804
12.0,75.0,1004.2877197265624,-3.459055052748989,-4.7205610117002665,-1.43631778243846,2.1334699404495807,2.805876665948676,1.7767566963792754,0.2648749545585909,1.3972873746872183,-2.2869040351182752,-0.3105430959585473
12.0,75.0,1004.2877197265624,-3.459055052748989,-4.7205610117002665,-1.43631778243846,2.1334699404495807,2.805876665948676,1.7767566963792754,0.2648749545585909,1.3972873746872183,-2.2869040351182752,-0.3105429087418886
12.0,75.0,1004.2877197265624,-3.459055052748989,-4.7205610117002665,-1.43631778243846,2.1334699404495807,2.805876665948676,1.7767566963792754,0.2648749545585909,1.3972879539909284,-2.2869040351182752,-0.3105429087418886
12.0,75.0,1004.2877197265624,-3.459055052748989,-4.7205610117002665,-1.43631778243846,2.1334699404495807,2.805876665948676,1.7767566963792754,0.2648749545585909,1.3972873746872183,-2.2869040351182752,-0.3105429087418886
12.0,75.0,1004.2877197265624,-3.4590549935462573,-4.720560967512427,-1.43631778243846,2.1334699404495807,2.805876665948676,1.7767566963792754,0.2648749545585909,1.3972873746872183,-2.2869040351182752,-0.3105430959585473
12.0,75.0,1004.2877197265624,-3.459055052748989,-4.7205610117002665,-1.43631778243846,2.1334699404495807,2.805876665948676,1.7767566963792754,0.2648749545585909,1.3972873746872183,-2.2869040351182752,-0.3105429087418886
12.0,75.0,1004.2877197265624,-3.459054731468552,-4.720562070947411,-1.4363176488671008,2.1334699404495807,2.805876665948676,1.7767566963792754,0.2648749604681233,1.3972873746872183,-2.2869040351182752,-0.3105478560735835
12.0,75.0,1004.2877197265624,-3.459055052748989,-4.7205610117002665,-1.43631778243846,2.1334699404495807,2.805876665948676,1.7767566963792754,0.2648749545585909,1.3972873746872183,-2.2869040351182752,-0.3105428908101958
12.0,75.0,1004.2877197265624,-3.459057506674033,-4.720561132934269,-1.4363178000229249,2.1334699404495807,2.805876665948676,1.7767614966497678,0.2648749306839781,1.3972873746872183,-2.2868956244953096,-0.3105429880401392
12.0,75.0,1004.2877807617188,-3.459055052748989,-4.720560844972187,-1.4363177822089996,2.1334699404495807,2.805876665948676,1.7767566963792754,0.2648749545585909,1.3972873746872183,-2.2868947649910494,-0.310542909567061
12.0,75.0,1004.287841796875,-3.459055052748989,-4.720552192329776,-1.4363177824400724,2.1334699404495807,2.805876665948676,1.7767566963792754,0.2648749539800814,1.3972873746872183,-2.2869040351182752,-0.3105430998268702
12.0,75.0,1004.2881469726562,-3.459068559922452,-4.720210044231438,-1.4363176758730742,2.1334699404495807,2.805632966667752,1.777108018988764,0.2648749616395044,1.3968705913551445,-2.286832263735231,-0.3105431056619638
12.0,75.0,1004.2897338867188,-3.4591529702753814,-4.720214689792628,-1.4363175959791692,2.1334699404495807,2.805876665948676,1.776745641938475,0.2648758306687643,1.3961588847849116,-2.286929280538939,-0.3105430959516814
12.0,75.0,1004.291015625,-3.459157876764356,-4.720211377539501,-1.4363176539850755,2.1334699404495807,2.805876665948676,1.7771074415355532,0.2648749545585909,1.3972873746872183,-2.2869040351182752,-0.3105476816355321
12.0,76.0,1004.2479248046876,-3.459057380008083,-4.728217846337418,-1.4363177998840342,2.1334699404495807,2.8057979602794734,1.7722155637446877,0.2648749306839781,1.3972873746872183,-2.2869682142448693,-0.3105429880401392
12.0,76.0,1004.254150390625,-3.459059227144496,-4.726841199108124,-1.4363176587525237,2.1334699404495807,2.799318772254374,1.7771072881668333,0.2648749311519799,1.3972873746872183,-2.2869040351182752,-0.3105430959585473
12.0,76.0,1004.2671508789062,-3.459154580780004,-4.72056339307035,-1.4363176718969877,2.1334699404495807,2.799734816329636,1.77724878117276,0.2648749550184616,1.3972873746872183,-2.286972078052511,-0.3105429336808932
12.0,76.0,1004.2714233398438,-3.459059227144496,-4.720568349506016,-1.4363177824188655,2.1334699404495807,2.799549680900676,1.7767416153219568,0.264874954603261,1.3972873746872183,-2.2869417308901925,-0.3105430025547619
12.0,76.0,1004.2733154296876,-3.45905916892444,-4.720211507768266,-1.436315288906129,2.1334699404495807,2.799549680900676,1.77724878117276,0.264874954603261,1.3972873746872183,-2.287046190294396,-0.3105430007794115
12.0,76.0,1004.2736206054688,-3.459058862301972,-4.720211507768266,-1.4363152474976315,2.1334699404495807,2.799549680900676,1.777244871324652,0.2648749546810618,1.3972873746872183,-2.286970359934004,-0.3105430007794115
12.0,76.0,1004.2750854492188,-3.459059227144496,-4.720211507768266,-1.4363176539850755,2.1334699404495807,2.799305981619751,1.7771072881668333,0.2648749545585909,1.3972873746872183,-2.2869040351182752,-0.3105430959585473
12.0,76.0,1004.2808837890624,-3.459059227144496,-4.720211507768266,-1.4363152474976315,2.1334699404495807,2.799549680900676,1.77724878117276,0.264874954603261,1.3972873746872183,-2.285354454814233,-0.3105430007794115
12.0,76.0,1004.2808837890624,-3.459059227144496,-4.720211507768266,-1.4363152474976315,2.1334699404495807,2.799549680900676,1.77724878117276,0.264874954603261,1.3972873746872183,-2.285354454814233,-0.3105430007794115
12.0,76.0,1004.2811889648438,-3.4591590394381497,-4.72056459101578,-1.4363176529785646,2.1334699404495807,2.805876665948676,1.7771074415355532,0.2648749545585909,1.3961830027340043,-2.2869040351182752,-0.3105476656422185
12.0,76.0,1004.2816162109376,-3.459056490455466,-4.72056084834217,-1.4363177998840342,2.1334699404495807,2.805876665948676,1.777101274320384,0.2648749306839781,1.3961552891841729,-2.286895575642372,-0.3105429880401392
12.0,76.0,1004.2825317382812,-3.459158866538808,-4.720617662024359,-1.4363177688742432,2.1334699404495807,2.805863875314053,1.7767204151709413,0.2648758540753753,1.3961816240880711,-2.286895014794758,-0.3105479693583207
12.0,76.0,1004.2826538085938,-3.459158866538808,-4.720617662024359,-1.4363177736416908,2.1334699404495807,2.805876665948676,1.7767204151709413,0.2648758306687643,1.3961816240880711,-2.286895014794758,-0.3105479693583207
12.0,76.0,1004.2827758789062,-3.4591701074663,-4.720612589709114,-1.4363177740258584,2.1334699404495807,2.805876665948676,1.7767204151709413,0.264874866349962,1.3961816240880711,-2.286887240786623,-0.3105479693583207
12.0,76.0,1004.2830200195312,-3.4589444419273896,-4.720617718188895,-1.4363177740258584,2.1334699404495807,2.805876665948676,1.776774699258418,0.264874982815124,1.3961722608755198,-2.286895578071221,-0.3105479693583207
12.0,76.0,1004.2833862304688,-3.4589444419273896,-4.720617718188895,-1.4363177740258584,2.1334699404495807,2.805876665948676,1.7767204151709413,0.2648758306687643,1.3961816240880711,-2.28688784272174,-0.3105479693583207
12.0,76.0,1004.2849731445312,-3.4591590394381497,-4.72056459101578,-1.4363176539850755,2.1334699404495807,2.805876665948676,1.7771074415355532,0.2648749545585909,1.3972873746872183,-2.2869040351182752,-0.3105476816355321
12.0,76.0,1004.2854614257812,-3.459055052748989,-4.720580104612429,-1.43631778243846,2.1334699404495807,2.805876665948676,1.7767459361657514,0.2648749541357388,1.3968693225802065,-2.2869040351182752,-0.3105478304537041
12.0,76.0,1004.2854614257812,-3.4590560364593905,-4.72056459101578,-1.4363176539850755,2.1334699404495807,2.805876665948676,1.7771074415355532,0.2648749546765742,1.3972873746872183,-2.2869040351182752,-0.3105476816355321
12.0,76.0,1004.2854614257812,-3.459055052748989,-4.720580104612429,-1.43631778243846,2.1334699404495807,2.805876665948676,1.7767459361657514,0.2648749541357388,1.3968693225802065,-2.2869040351182752,-0.3105478304537041
12.0,76.0,1004.2855224609376,-3.459057380008083,-4.72056084834217,-1.4363177998840342,2.1334699404495807,2.805876665948676,1.777101274320384,0.2648749306839781,1.3972873746872183,-2.2868956244953096,-0.3105429880401392
12.0,76.0,1004.2855224609376,-3.459057380008083,-4.72056084834217,-1.4363177998840342,2.1334699404495807,2.805876665948676,1.777101274320384,0.2648749306839781,1.3972873746872183,-2.2868956244953096,-0.3105429880401392
12.0,76.0,1004.2855834960938,-3.459057380008083,-4.72056084834217,-1.4363177998840342,2.1334699404495807,2.805876665948676,1.777101274320384,0.2648749303116485,1.3972873746872183,-2.2868956244953096,-0.3105483570022674
12.0,76.0,1004.28662109375,-3.459158866538808,-4.720617662024359,-1.436317774648202,2.1334699404495807,2.805876665948676,1.7767204151709413,0.2648758306687643,1.3972859960412851,-2.286895014794758,-0.3105479853516343
12.0,76.0,1004.286865234375,-3.459158009007293,-4.720570217187297,-1.4363176585804618,2.1334699404495807,2.805876665948676,1.7767675235694709,0.2648749545490528,1.3972873746872183,-2.2869340241552965,-0.3105430943962984
12.0,76.0,1004.286865234375,-3.459156531933355,-4.720570256004169,-1.4363178001328174,2.1334699404495807,2.805876665948676,1.7767614820988995,0.2648749306839781,1.3972873746872183,-2.28693291916679,-0.3105431011927391
12.0,76.0,1004.2869873046876,-3.4591580126914248,-4.720570217187297,-1.4363177812828876,2.1334699404495807,2.805876665948676,1.7767480307694756,0.2648749539889644,1.3972873746872183,-2.2869340241552965,-0.3105430959585473
12.0,76.0,1004.2869873046876,-3.4591580126914248,-4.7205701564642775,-1.4363177997056025,2.1334699404495807,2.805876665948676,1.7767480307694756,0.2648749537239224,1.3972873746872183,-2.2869340241552965,-0.3105430965620958
12.0,76.0,1004.2871704101562,-3.459156531933355,-4.720568871596212,-1.43631778243846,2.1334699404495807,2.805876665948676,1.7767614820988995,0.2648749306839781,1.3972873746872183,-2.2868956244953096,-0.3105429864659184
12.0,76.0,1004.2871704101562,-3.4591580189847293,-4.720566938498412,-1.4363177998840342,2.1334699404495807,2.805876665948676,1.7767614820988995,0.2648749306824987,1.3972873746872183,-2.2868956244953096,-0.3105428672332347
12.0,76.0,1004.2871704101562,-3.4591580189847293,-4.720567383561503,-1.4363177998840342,2.1334699404495807,2.805876665948676,1.7767614820988995,0.2648749598303441,1.3972873746872183,-2.2868956244953096,-0.3105428672332347
12.0,76.0,1004.2871704101562,-3.459157534485343,-4.720566938498412,-1.4363177998840342,2.1334699404495807,2.805876665948676,1.7767614820988995,0.2648749303850881,1.3972879407933216,-2.2869031537639284,-0.3105475398382112
12.0,76.0,1004.2871704101562,-3.459156552596642,-4.72056084834217,-1.4363178001372563,2.1334699404495807,2.805876665948676,1.7767485241189762,0.2648749306568123,1.3972873746872183,-2.286929301107205,-0.310542709851367
12.0,76.0,1004.2872314453124,-3.4591580396480164,-4.720566938498412,-1.4363177998840342,2.1334699404495807,2.805876665948676,1.7767614820988995,0.2648749303850881,1.3972873746872183,-2.2868956244953096,-0.3105475864792458
12.0,76.0,1004.2872314453124,-3.4591580396480164,-4.720566938498412,-1.4363177998840342,2.1334699404495807,2.805876665948676,1.7767614820988995,0.2648749303850881,1.3972873746872183,-2.2868956244953096,-0.3105475864792458
12.0,76.0,1004.2872314453124,-3.459156552596642,-4.72056084834217,-1.4363178001372563,2.1334699404495807,2.805876665948676,1.7767485241189762,0.2648749302844826,1.3972873746872183,-2.286929301107205,-0.3105480788134953
12.0,76.0,1004.2872314453124,-3.459156531933355,-4.720561010163576,-1.436317782494818,2.1334699404495807,2.805876665948676,1.7767614820988995,0.2648749323640332,1.3972873746872183,-2.286903819713937,-0.3105429864659184
12.0,76.0,1004.2872314453124,-3.4591580579695167,-4.720562403961728,-1.4363176488671008,2.1334699404495807,2.805876665948676,1.7767566963792754,0.2648749604071719,1.3972873746872183,-2.2869040351182752,-0.3105430959585473
12.0,76.0,1004.2872924804688,-3.459156531933355,-4.72056084834217,-1.4363177998840342,2.1334699404495807,2.805876665948676,1.7767614820988995,0.2648749306839781,1.3972873746872183,-2.2868956244953096,-0.3105429864659184
12.0,76.0,1004.2872924804688,-3.459156531933355,-4.72056084834217,-1.4363177998840342,2.1334699404495807,2.805876665948676,1.7767614820988995,0.2648749306839781,1.3972873746872183,-2.2868956244953096,-0.3105429864659184
12.0,76.0,1004.2872924804688,-3.459153743732967,-4.72056084834217,-1.4363178000229249,2.1334699404495807,2.805876665948676,1.7767614966497678,0.2648749306839781,1.3972873746872183,-2.2868956244953096,-0.3105429880401392
12.0,76.0,1004.2872924804688,-3.459156552596642,-4.72056084834217,-1.4363177998840342,2.1334699404495807,2.805876665948676,1.7767615328262247,0.2648749552277893,1.3972873746872183,-2.2868956244953096,-0.3105431171423007
12.0,76.0,1004.287353515625,-3.459156552596642,-4.72056084834217,-1.4363177998840342,2.1334699404495807,2.805876665948676,1.7767614820988995,0.2648749303865675,1.3972873746872183,-2.2868956244953096,-0.3105477057119296
12.0,76.0,1004.287353515625,-3.459156552596642,-4.72056084834217,-1.4363177998840342,2.1334699404495807,2.805876665948676,1.7767614820988995,0.2648749303865675,1.3972873746872183,-2.2868956244953096,-0.3105477057119296
12.0,76.0,1004.287353515625,-3.458945331480007,-4.720617718188895,-1.4363177740258584,2.1334699404495807,2.805876665948676,1.776774699258418,0.264874982815124,1.397304346378565,-2.2868956269241587,-0.3105479693583207
12.0,76.0,1004.287353515625,-3.4591580126914248,-4.720560809525297,-1.436317781034104,2.1334699404495807,2.805876665948676,1.7767480307694756,0.2648749539889644,1.3972873746872183,-2.286896729483816,-0.3105429812317266
12.0,76.0,1004.2874755859376,-3.459055052748989,-4.720573048522466,-1.4363177825729512,2.1334699404495807,2.805876665948676,1.7767566963792754,0.2648749545585909,1.3972873746872183,-2.2869040351182752,-0.3105429087418886
12.0,76.0,1004.2874755859376,-3.459055052748989,-4.720573048522466,-1.4363177825729512,2.1334699404495807,2.805876665948676,1.7767566963792754,0.2648749545585909,1.3972873746872183,-2.2869040351182752,-0.31054311389024
12.0,76.0,1004.2874755859376,-3.4590611216862324,-4.720573048522466,-1.4363177825729512,2.1334699404495807,2.805876665948676,1.776757581869723,0.2648749545585909,1.3972873746872183,-2.286904321665709,-0.3105429087418886
12.0,76.0,1004.28759765625,-3.4590616989889225,-4.720566938498412,-1.4363177998840342,2.1334699404495807,2.805876665948676,1.7767703779077488,0.2648749303850881,1.3972873746872183,-2.2868956244953096,-0.3105475864792458
12.0,77.0,1004.2479248046876,-3.459057380008083,-4.728217846337418,-1.4363177998840342,2.1334699404495807,2.8057979602794734,1.7722155637446877,0.2648749306839781,1.3972873746872183,-2.2869682142448693,-0.3105429880401392
12.0,77.0,1004.254150390625,-3.459059227144496,-4.726841199108124,-1.4363176587525237,2.1334699404495807,2.799318772254374,1.7771072881668333,0.2648749311519799,1.3972873746872183,-2.2869040351182752,-0.3105430959585473
12.0,77.0,1004.2671508789062,-3.459154580780004,-4.72056339307035,-1.4363176718969877,2.1334699404495807,2.799734816329636,1.77724878117276,0.2648749550184616,1.3972873746872183,-2.286972078052511,-0.3105429336808932
12.0,77.0,1004.2681884765624,-3.4590591697519057,-4.728496323677009,-1.4363177998840342,2.1334699404495807,2.800039349775045,1.776856143539567,0.2648749325789282,1.3972873746872183,-2.2853880250040466,-0.3105429880401392
12.0,77.0,1004.2688598632812,-3.4591579309265352,-4.720570304947985,-1.4363177823308202,2.1334699404495807,2.800120279191194,1.7767416493083936,0.264874954603261,1.3972873746872183,-2.286941689513173,-0.3105430993625722
12.0,77.0,1004.2705078125,-3.459059227144496,-4.720564634498435,-1.4363152474976315,2.1334699404495807,2.7995281802962446,1.7770987761539148,0.2648749283319526,1.3972873746872183,-2.286766459622729,-0.3105430007794115
12.0,77.0,1004.2706298828124,-3.459059227144496,-4.720557123649495,-1.4363176539850755,2.1334699404495807,2.799305981619751,1.7771072881668333,0.2648749545585909,1.3972873746872183,-2.2869040351182752,-0.3105430959585473
12.0,77.0,1004.2714233398438,-3.459059227144496,-4.720568349506016,-1.4363177824188655,2.1334699404495807,2.799549680900676,1.7767416153219568,0.264874954603261,1.3972873746872183,-2.2869417308901925,-0.3105430025547619
12.0,77.0,1004.2733154296876,-3.45905916892444,-4.720211507768266,-1.436315288906129,2.1334699404495807,2.799549680900676,1.77724878117276,0.264874954603261,1.3972873746872183,-2.287046190294396,-0.3105430007794115
12.0,77.0,1004.2736206054688,-3.459058862301972,-4.720211507768266,-1.4363152474976315,2.1334699404495807,2.799549680900676,1.777244871324652,0.2648749546810618,1.3972873746872183,-2.286970359934004,-0.3105430007794115
12.0,77.0,1004.2736206054688,-3.459058862301972,-4.720211507768266,-1.4363152474976315,2.1334699404495807,2.799549680900676,1.777244871324652,0.2648749546810618,1.3972873746872183,-2.286970359934004,-0.3105430007794115
12.0,77.0,1004.2750854492188,-3.459059227144496,-4.720211507768266,-1.4363176539850755,2.1334699404495807,2.799305981619751,1.7771072881668333,0.2648749545585909,1.3972873746872183,-2.2869040351182752,-0.3105430959585473
12.0,77.0,1004.2808837890624,-3.459059227144496,-4.720211507768266,-1.4363152474976315,2.1334699404495807,2.799549680900676,1.77724878117276,0.264874954603261,1.3972873746872183,-2.285354454814233,-0.3105430007794115
12.0,77.0,1004.2808837890624,-3.459059227144496,-4.720211507768266,-1.4363152474976315,2.1334699404495807,2.799549680900676,1.77724878117276,0.264874954603261,1.3972873746872183,-2.285354454814233,-0.3105430007794115
12.0,77.0,1004.2811889648438,-3.4591590394381497,-4.72056459101578,-1.4363176529785646,2.1334699404495807,2.805876665948676,1.7771074415355532,0.2648749545585909,1.3961830027340043,-2.2869040351182752,-0.3105476656422185
12.0,77.0,1004.2816162109376,-3.459056490455466,-4.72056084834217,-1.4363177998840342,2.1334699404495807,2.805876665948676,1.777101274320384,0.2648749306839781,1.3961552891841729,-2.286895575642372,-0.3105429880401392
12.0,77.0,1004.2822875976562,-3.459158866538808,-4.720627315005214,-1.4363177688742432,2.1334699404495807,2.805863875314053,1.7767204151709413,0.2648758540753753,1.3961386176930748,-2.286897257010452,-0.3105480148692318
12.0,77.0,1004.2825317382812,-3.459158866538808,-4.720617662024359,-1.4363177688742432,2.1334699404495807,2.805863875314053,1.7767204151709413,0.2648758540753753,1.3961816240880711,-2.286895014794758,-0.3105479693583207
12.0,77.0,1004.2826538085938,-3.459158866538808,-4.720617662024359,-1.4363177736416908,2.1334699404495807,2.805876665948676,1.7767204151709413,0.2648758306687643,1.3961816240880711,-2.286895014794758,-0.3105479693583207
12.0,77.0,1004.2827758789062,-3.4591701074663,-4.720612589709114,-1.4363177740258584,2.1334699404495807,2.805876665948676,1.7767204151709413,0.264874866349962,1.3961816240880711,-2.286887240786623,-0.3105479693583207
12.0,77.0,1004.2830200195312,-3.4589444419273896,-4.720617718188895,-1.4363177740258584,2.1334699404495807,2.805876665948676,1.776774699258418,0.264874982815124,1.3961722608755198,-2.286895578071221,-0.3105479693583207
12.0,77.0,1004.2830200195312,-3.4589444419273896,-4.720617718188895,-1.4363177740258584,2.1334699404495807,2.805876665948676,1.776774699258418,0.264874982815124,1.3961722608755198,-2.286895578071221,-0.3105479693583207
12.0,77.0,1004.2831420898438,-3.458930234221582,-4.720617718188895,-1.4363177762861985,2.1334699404495807,2.805876665948676,1.7767618653744188,0.2648758306687643,1.3961538902279438,-2.28688784272174,-0.3105479693583207
12.0,77.0,1004.2833251953124,-3.459154580780004,-4.72056339307035,-1.4363176718969877,2.1334699404495807,2.805720427613308,1.7772345398971865,0.2648749529185252,1.3973180521888982,-2.2868892843094075,-0.3105429336808932
12.0,77.0,1004.2833862304688,-3.4589444419273896,-4.720617718188895,-1.4363177740258584,2.1334699404495807,2.805876665948676,1.7767204151709413,0.2648758306687643,1.3961816240880711,-2.28688784272174,-0.3105479693583207
12.0,77.0,1004.283447265625,-3.459059308909385,-4.720568261745329,-1.436317781370933,2.1334699404495807,2.8053060676581585,1.776747996783039,0.2648749539889644,1.3972873746872183,-2.286934065532316,-0.3105429991507369
12.0,77.0,1004.2849731445312,-3.4591590394381497,-4.72056459101578,-1.4363176539850755,2.1334699404495807,2.805876665948676,1.7771074415355532,0.2648749545585909,1.3972873746872183,-2.2869040351182752,-0.3105476816355321
12.0,77.0,1004.2850952148438,-3.459156552596642,-4.72056084834217,-1.4363177998840342,2.1334699404495807,2.805876665948676,1.7771070816962344,0.2648749306694255,1.3972873746872183,-2.2868956244953096,-0.3105477057119296
12.0,77.0,1004.2854614257812,-3.459055052748989,-4.720580104612429,-1.43631778243846,2.1334699404495807,2.805876665948676,1.7767459361657514,0.2648749541357388,1.3968693225802065,-2.2869040351182752,-0.3105478304537041
12.0,77.0,1004.2854614257812,-3.4590560364593905,-4.72056459101578,-1.4363176539850755,2.1334699404495807,2.805876665948676,1.7771074415355532,0.2648749546765742,1.3972873746872183,-2.2869040351182752,-0.3105476816355321
12.0,77.0,1004.2854614257812,-3.459055052748989,-4.720580104612429,-1.43631778243846,2.1334699404495807,2.805876665948676,1.7767459361657514,0.2648749541357388,1.3968693225802065,-2.2869040351182752,-0.3105478304537041
12.0,77.0,1004.2854614257812,-3.459055052748989,-4.720579939737867,-1.43631778243846,2.1334699404495807,2.805876665948676,1.7767459361657514,0.264874931609925,1.3968642868922494,-2.2869045339695018,-0.3105478304537041
12.0,77.0,1004.2854614257812,-3.4590560364593905,-4.72056459101578,-1.4363176539850755,2.1334699404495807,2.805876665948676,1.7771074415355532,0.2648749546765742,1.3972873746872183,-2.2869040351182752,-0.3105476816355321
12.0,77.0,1004.2855224609376,-3.459057380008083,-4.72056084834217,-1.4363177998840342,2.1334699404495807,2.805876665948676,1.777101274320384,0.2648749306839781,1.3972873746872183,-2.2868956244953096,-0.3105429880401392
12.0,77.0,1004.2855224609376,-3.459057380008083,-4.72056084834217,-1.4363177998840342,2.1334699404495807,2.805876665948676,1.777101274320384,0.2648749306839781,1.3972873746872183,-2.2868956244953096,-0.3105429880401392
12.0,77.0,1004.2855834960938,-3.459057380008083,-4.72056084834217,-1.4363177998840342,2.1334699404495807,2.805876665948676,1.777101274320384,0.2648749303116485,1.3972873746872183,-2.2868956244953096,-0.3105483570022674
12.0,77.0,1004.28662109375,-3.459158866538808,-4.720617662024359,-1.436317774648202,2.1334699404495807,2.805876665948676,1.7767204151709413,0.2648758306687643,1.3972859960412851,-2.286895014794758,-0.3105479853516343
12.0,77.0,1004.2868041992188,-3.459158020235236,-4.720617662024359,-1.4363177688742432,2.1334699404495807,2.805878588025638,1.7767204151709413,0.2648758578166278,1.397316384622639,-2.286895014794758,-0.3105479693583207
12.0,77.0,1004.286865234375,-3.459158009007293,-4.720570217187297,-1.4363176585804618,2.1334699404495807,2.805876665948676,1.7767675235694709,0.2648749545490528,1.3972873746872183,-2.2869340241552965,-0.3105430943962984
12.0,77.0,1004.286865234375,-3.459156531933355,-4.720570256004169,-1.4363178001328174,2.1334699404495807,2.805876665948676,1.7767614820988995,0.2648749306839781,1.3972873746872183,-2.28693291916679,-0.3105431011927391
12.0,77.0,1004.2869873046876,-3.4591580126914248,-4.720570217187297,-1.4363177812828876,2.1334699404495807,2.805876665948676,1.7767480307694756,0.2648749539889644,1.3972873746872183,-2.2869340241552965,-0.3105430959585473
12.0,77.0,1004.2869873046876,-3.4591580126914248,-4.7205701564642775,-1.4363177997056025,2.1334699404495807,2.805876665948676,1.7767480307694756,0.2648749537239224,1.3972873746872183,-2.2869340241552965,-0.3105430965620958
12.0,77.0,1004.2871704101562,-3.459156531933355,-4.720568871596212,-1.43631778243846,2.1334699404495807,2.805876665948676,1.7767614820988995,0.2648749306839781,1.3972873746872183,-2.2868956244953096,-0.3105429864659184
12.0,77.0,1004.2871704101562,-3.4591580189847293,-4.720566938498412,-1.4363177998840342,2.1334699404495807,2.805876665948676,1.7767614820988995,0.2648749306824987,1.3972873746872183,-2.2868956244953096,-0.3105428672332347
12.0,77.0,1004.2871704101562,-3.4591580189847293,-4.720567383561503,-1.4363177998840342,2.1334699404495807,2.805876665948676,1.7767614820988995,0.2648749598303441,1.3972873746872183,-2.2868956244953096,-0.3105428672332347
12.0,77.0,1004.2871704101562,-3.459157534485343,-4.720566938498412,-1.4363177998840342,2.1334699404495807,2.805876665948676,1.7767614820988995,0.2648749303850881,1.3972879407933216,-2.2869031537639284,-0.3105475398382112
12.0,77.0,1004.2871704101562,-3.459156552596642,-4.72056084834217,-1.4363178001372563,2.1334699404495807,2.805876665948676,1.7767485241189762,0.2648749306568123,1.3972873746872183,-2.286929301107205,-0.310542709851367
12.0,77.0,1004.2872314453124,-3.4591580396480164,-4.720566938498412,-1.4363177998840342,2.1334699404495807,2.805876665948676,1.7767614820988995,0.2648749303850881,1.3972873746872183,-2.2868956244953096,-0.3105475864792458
12.0,77.0,1004.2872314453124,-3.4591580396480164,-4.720566938498412,-1.4363177998840342,2.1334699404495807,2.805876665948676,1.7767614820988995,0.2648749303850881,1.3972873746872183,-2.2868956244953096,-0.3105475864792458
12.0,77.0,1004.2872314453124,-3.459156552596642,-4.72056084834217,-1.4363178001372563,2.1334699404495807,2.805876665948676,1.7767485241189762,0.2648749302844826,1.3972873746872183,-2.286929301107205,-0.3105480788134953
12.0,78.0,1004.2479248046876,-3.459057380008083,-4.728217846337418,-1.4363177998840342,2.1334699404495807,2.8057979602794734,1.7722155637446877,0.2648749306839781,1.3972873746872183,-2.2869682142448693,-0.3105429880401392
12.0,78.0,1004.254150390625,-3.459059227144496,-4.726841199108124,-1.4363176587525237,2.1334699404495807,2.799318772254374,1.7771072881668333,0.2648749311519799,1.3972873746872183,-2.2869040351182752,-0.3105430959585473
12.0,78.0,1004.2601318359376,-3.459157733122132,-4.728496323677009,-1.4363177997542302,2.1334699404495807,2.8001605433559,1.776856143539567,0.2648749383258397,1.3972873746872183,-2.2869334646029738,-0.3105481358506879
12.0,78.0,1004.2652587890624,-3.459147678271149,-4.720580104612429,-1.43631778243846,2.1334699404495807,2.800096465041725,1.7767459361657514,0.2648749541561985,1.396866034298936,-2.2869708139145417,-0.3105477353746861
12.0,78.0,1004.2671508789062,-3.459154580780004,-4.72056339307035,-1.4363176718969877,2.1334699404495807,2.799734816329636,1.77724878117276,0.2648749550184616,1.3972873746872183,-2.286972078052511,-0.3105429336808932
12.0,78.0,1004.2681884765624,-3.4590591697519057,-4.728496323677009,-1.4363177998840342,2.1334699404495807,2.800039349775045,1.776856143539567,0.2648749325789282,1.3972873746872183,-2.2853880250040466,-0.3105429880401392
12.0,78.0,1004.2688598632812,-3.4591579309265352,-4.720570304947985,-1.4363177823308202,2.1334699404495807,2.800120279191194,1.7767416493083936,0.264874954603261,1.3972873746872183,-2.286941689513173,-0.3105430993625722
12.0,78.0,1004.2693481445312,-3.459154580780004,-4.720563343768462,-1.4363176718969877,2.1334699404495807,2.7991310614032177,1.7772345398971865,0.2648749529185252,1.3973180521888982,-2.2868892843094075,-0.3105430011966709
12.0,78.0,1004.27001953125,-3.459059227144496,-4.720557123649495,-1.4363176555422792,2.1334699404495807,2.799305981619751,1.7772461294307031,0.2648749545551425,1.3972873746872183,-2.2869040351182752,-0.3105430959585473
12.0,78.0,1004.2705078125,-3.459059227144496,-4.720564634498435,-1.4363152474976315,2.1334699404495807,2.7995281802962446,1.7770987761539148,0.2648749283319526,1.3972873746872183,-2.286766459622729,-0.3105430007794115
12.0,78.0,1004.2706298828124,-3.459059227144496,-4.720557123649495,-1.4363176539850755,2.1334699404495807,2.799305981619751,1.7771072881668333,0.2648749545585909,1.3972873746872183,-2.2869040351182752,-0.3105430959585473
12.0,78.0,1004.2711791992188,-3.459057357806711,-4.720560439925401,-1.4363155420505656,2.1334699404495807,2.799124845993764,1.7770987761539148,0.2648749283319526,1.3972873746872183,-2.286899471306236,-0.3105429877207508
12.0,78.0,1004.2714233398438,-3.459059227144496,-4.720568349506016,-1.4363177824188655,2.1334699404495807,2.799549680900676,1.7767416153219568,0.264874954603261,1.3972873746872183,-2.2869417308901925,-0.3105430025547619
12.0,78.0,1004.2733154296876,-3.45905916892444,-4.720211507768266,-1.436315288906129,2.1334699404495807,2.799549680900676,1.77724878117276,0.264874954603261,1.3972873746872183,-2.287046190294396,-0.3105430007794115
12.0,78.0,1004.2733764648438,-3.459059226035728,-4.720211507768266,-1.4363152851587857,2.1334699404495807,2.799549680900676,1.77724878117276,0.264874954603261,1.3972873746872183,-2.287023339750645,-0.3105430007794115
12.0,78.0,1004.2736206054688,-3.459058862301972,-4.720211507768266,-1.4363152474976315,2.1334699404495807,2.799549680900676,1.777244871324652,0.2648749546810618,1.3972873746872183,-2.286970359934004,-0.3105430007794115
12.0,78.0,1004.2736206054688,-3.459058862301972,-4.720211507768266,-1.4363152474976315,2.1334699404495807,2.799549680900676,1.777244871324652,0.2648749546810618,1.3972873746872183,-2.286970359934004,-0.3105430007794115
12.0,78.0,1004.2750854492188,-3.459059227144496,-4.720211507768266,-1.4363176539850755,2.1334699404495807,2.799305981619751,1.7771072881668333,0.2648749545585909,1.3972873746872183,-2.2869040351182752,-0.3105430959585473
12.0,78.0,1004.2755737304688,-3.4591548009018296,-4.720211507768266,-1.4363176539850755,2.1334699404495807,2.799305981619751,1.776740303232331,0.2648749545585909,1.3972873746872183,-2.2869040351182752,-0.3105430959585473
12.0,78.0,1004.28076171875,-3.4590591700332074,-4.720211507768266,-1.4363152512449748,2.1334699404495807,2.799549680900676,1.77724878117276,0.264874954603261,1.3972873746872183,-2.285377305357984,-0.3105430007794115
12.0,78.0,1004.2808837890624,-3.459059227144496,-4.720211507768266,-1.4363152474976315,2.1334699404495807,2.799549680900676,1.77724878117276,0.264874954603261,1.3972873746872183,-2.285354454814233,-0.3105430007794115
12.0,78.0,1004.2808837890624,-3.459059227144496,-4.720211507768266,-1.4363152474976315,2.1334699404495807,2.799549680900676,1.77724878117276,0.264874954603261,1.3972873746872183,-2.285354454814233,-0.3105430007794115
12.0,78.0,1004.2811889648438,-3.4591590394381497,-4.72056459101578,-1.4363176529785646,2.1334699404495807,2.805876665948676,1.7771074415355532,0.2648749545585909,1.3961830027340043,-2.2869040351182752,-0.3105476656422185
12.0,78.0,1004.2816162109376,-3.459056490455466,-4.72056084834217,-1.4363177998840342,2.1334699404495807,2.805876665948676,1.777101274320384,0.2648749306839781,1.3961552891841729,-2.286895575642372,-0.3105429880401392
12.0,78.0,1004.2820434570312,-3.459061955257844,-4.72056339307035,-1.4363176718969877,2.1334699404495807,2.8055150172365866,1.77724878117276,0.2648749549980019,1.397290662968489,-2.286905299256245,-0.3105430287599111
12.0,78.0,1004.2822265625,-3.459158866538808,-4.720627315005214,-1.4363177688742432,2.1334699404495807,2.805863875314053,1.7767263092668426,0.2648758552153343,1.3961386176930748,-2.286897257010452,-0.3105480397988122
12.0,78.0,1004.2822875976562,-3.459158866538808,-4.720627315005214,-1.4363177688742432,2.1334699404495807,2.805863875314053,1.7767204151709413,0.2648758540753753,1.3961386176930748,-2.286897257010452,-0.3105480148692318
12.0,78.0,1004.2825317382812,-3.459158866538808,-4.720617662024359,-1.4363177688742432,2.1334699404495807,2.805863875314053,1.7767204151709413,0.2648758540753753,1.3961816240880711,-2.286895014794758,-0.3105479693583207
12.0,78.0,1004.2826538085938,-3.459158866538808,-4.720617662024359,-1.4363177736416908,2.1334699404495807,2.805876665948676,1.7767204151709413,0.2648758306687643,1.3961816240880711,-2.286895014794758,-0.3105479693583207
12.0,78.0,1004.2827758789062,-3.4591701074663,-4.720612589709114,-1.4363177740258584,2.1334699404495807,2.805876665948676,1.7767204151709413,0.264874866349962,1.3961816240880711,-2.286887240786623,-0.3105479693583207
12.0,78.0,1004.2830200195312,-3.4589444419273896,-4.720617718188895,-1.4363177740258584,2.1334699404495807,2.805876665948676,1.776774699258418,0.264874982815124,1.3961722608755198,-2.286895578071221,-0.3105479693583207
12.0,78.0,1004.2830200195312,-3.4589444419273896,-4.720617718188895,-1.4363177740258584,2.1334699404495807,2.805876665948676,1.776774699258418,0.264874982815124,1.3961722608755198,-2.286895578071221,-0.3105479693583207
12.0,78.0,1004.2830200195312,-3.4589444419273896,-4.720617718188895,-1.4363177740258584,2.1334699404495807,2.805876665948676,1.776774699258418,0.264874982815124,1.3961722608755198,-2.286895578071221,-0.3105479693583207
12.0,78.0,1004.2830200195312,-3.4589444419273896,-4.720617718188895,-1.4363177740258584,2.1334699404495807,2.805876665948676,1.776774699258418,0.264874982815124,1.3961722608755198,-2.286895578071221,-0.3105479693583207
12.0,78.0,1004.2831420898438,-3.458930234221582,-4.720617718188895,-1.4363177762861985,2.1334699404495807,2.805876665948676,1.7767618653744188,0.2648758306687643,1.3961538902279438,-2.28688784272174,-0.3105479693583207
12.0,78.0,1004.2833251953124,-3.459154580780004,-4.72056339307035,-1.4363176718969877,2.1334699404495807,2.805720427613308,1.7772345398971865,0.2648749529185252,1.3973180521888982,-2.2868892843094075,-0.3105429336808932
12.0,78.0,1004.2833862304688,-3.4589444419273896,-4.720617718188895,-1.4363177740258584,2.1334699404495807,2.805876665948676,1.7767204151709413,0.2648758306687643,1.3961816240880711,-2.28688784272174,-0.3105479693583207
12.0,78.0,1004.283447265625,-3.459059308909385,-4.720568261745329,-1.436317781370933,2.1334699404495807,2.8053060676581585,1.776747996783039,0.2648749539889644,1.3972873746872183,-2.286934065532316,-0.3105429991507369
12.0,78.0,1004.28466796875,-3.458930234221582,-4.720611244198724,-1.436315442456043,2.1334699404495807,2.805876665948676,1.7772358756025977,0.2648758306687643,1.397283026106827,-2.286884504592292,-0.3105476812448582
12.0,78.0,1004.2849731445312,-3.4591590394381497,-4.72056459101578,-1.4363176539850755,2.1334699404495807,2.805876665948676,1.7771074415355532,0.2648749545585909,1.3972873746872183,-2.2869040351182752,-0.3105476816355321
12.0,78.0,1004.2850952148438,-3.459156552596642,-4.72056084834217,-1.4363177998840342,2.1334699404495807,2.805876665948676,1.7771070816962344,0.2648749306694255,1.3972873746872183,-2.2868956244953096,-0.3105477057119296
12.0,78.0,1004.2854614257812,-3.459055052748989,-4.720580104612429,-1.43631778243846,2.1334699404495807,2.805876665948676,1.7767459361657514,0.2648749541357388,1.3968693225802065,-2.2869040351182752,-0.3105478304537041
12.0,78.0,1004.2854614257812,-3.4590560364593905,-4.72056459101578,-1.4363176539850755,2.1334699404495807,2.805876665948676,1.7771074415355532,0.2648749546765742,1.3972873746872183,-2.2869040351182752,-0.3105476816355321
12.0,78.0,1004.2854614257812,-3.459055052748989,-4.720580104612429,-1.43631778243846,2.1334699404495807,2.805876665948676,1.7767459361657514,0.2648749541357388,1.3968693225802065,-2.2869040351182752,-0.3105478304537041
12.0,78.0,1004.2854614257812,-3.459055052748989,-4.720579939737867,-1.43631778243846,2.1334699404495807,2.805876665948676,1.7767459361657514,0.264874931609925,1.3968642868922494,-2.2869045339695018,-0.3105478304537041
12.0,78.0,1004.2854614257812,-3.4590560364593905,-4.72056459101578,-1.4363176539850755,2.1334699404495807,2.805876665948676,1.7771074415355532,0.2648749546765742,1.3972873746872183,-2.2869040351182752,-0.3105476816355321
12.0,78.0,1004.2855224609376,-3.459057380008083,-4.72056084834217,-1.4363177998840342,2.1334699404495807,2.805876665948676,1.777101274320384,0.2648749306839781,1.3972873746872183,-2.2868956244953096,-0.3105429880401392
12.0,78.0,1004.2855224609376,-3.459057380008083,-4.72056084834217,-1.4363177998840342,2.1334699404495807,2.805876665948676,1.777101274320384,0.2648749306839781,1.3972873746872183,-2.2868956244953096,-0.3105429880401392
12.0,78.0,1004.2855834960938,-3.459057380008083,-4.72056084834217,-1.4363177998840342,2.1334699404495807,2.805876665948676,1.777101274320384,0.2648749303116485,1.3972873746872183,-2.2868956244953096,-0.3105483570022674
12.0,78.0,1004.28662109375,-3.459158866538808,-4.720617662024359,-1.436317774648202,2.1334699404495807,2.805876665948676,1.7767204151709413,0.2648758306687643,1.3972859960412851,-2.286895014794758,-0.3105479853516343
12.0,79.0,1004.2450561523438,-3.459154580780004,-4.725897256200286,-1.4363176585688022,2.1334699404495807,2.799734816329636,1.7772461008091471,0.2648749538775967,1.3972873746872183,-2.286972078052511,-0.3105429386398135
12.0,79.0,1004.2479248046876,-3.459057380008083,-4.728217846337418,-1.4363177998840342,2.1334699404495807,2.8057979602794734,1.7722155637446877,0.2648749306839781,1.3972873746872183,-2.2869682142448693,-0.3105429880401392
12.0,79.0,1004.254150390625,-3.459059227144496,-4.726841199108124,-1.4363176587525237,2.1334699404495807,2.799318772254374,1.7771072881668333,0.2648749311519799,1.3972873746872183,-2.2869040351182752,-0.3105430959585473
12.0,79.0,1004.2601318359376,-3.459157733122132,-4.728496323677009,-1.4363177997542302,2.1334699404495807,2.8001605433559,1.776856143539567,0.2648749383258397,1.3972873746872183,-2.2869334646029738,-0.3105481358506879
12.0,79.0,1004.2616577148438,-3.4591701074663,-4.72058573066552,-1.436317779129428,2.1334699404495807,2.7993511556417108,1.776721182435545,0.264874866349962,1.3961816240880711,-2.286903525027187,-0.3105479693583207
12.0,79.0,1004.2646484375,-3.459147678271149,-4.72061805808527,-1.4363177737572996,2.1334699404495807,2.800096465041725,1.7767459361657514,0.2648749541561985,1.396850882419834,-2.2869708139145417,-0.3105477353746861
12.0,79.0,1004.2652587890624,-3.459147678271149,-4.720580104612429,-1.43631778243846,2.1334699404495807,2.800096465041725,1.7767459361657514,0.2648749541561985,1.396866034298936,-2.2869708139145417,-0.3105477353746861
12.0,79.0,1004.2671508789062,-3.459154580780004,-4.72056339307035,-1.4363176718969877,2.1334699404495807,2.799734816329636,1.77724878117276,0.2648749550184616,1.3972873746872183,-2.286972078052511,-0.3105429336808932
12.0,79.0,1004.2679443359376,-3.4590591710449363,-4.728464013214801,-1.4363153089949057,2.1334699404495807,2.8000565618285105,1.7768669934968435,0.2648749283319526,1.3972873746872183,-2.285352337550947,-0.3105430007794115
12.0,79.0,1004.2681884765624,-3.4590591697519057,-4.728496323677009,-1.4363177998840342,2.1334699404495807,2.800039349775045,1.776856143539567,0.2648749325789282,1.3972873746872183,-2.2853880250040466,-0.3105429880401392
12.0,79.0,1004.2681884765624,-3.4590591697519057,-4.728496323677009,-1.4363177998840342,2.1334699404495807,2.800039349775045,1.776856143539567,0.2648749325789282,1.3972873746872183,-2.2853880250040466,-0.3105429880401392
12.0,79.0,1004.2686767578124,-3.459055945194127,-4.72056339307035,-1.4363176718969877,2.1334699404495807,2.799734816329636,1.77724878117276,0.2648749535608909,1.3972873746872183,-2.286972934662697,-0.3105429336808932
12.0,79.0,1004.2688598632812,-3.4591579309265352,-4.720570304947985,-1.4363177823308202,2.1334699404495807,2.800120279191194,1.7767416493083936,0.264874954603261,1.3972873746872183,-2.286941689513173,-0.3105430993625722
12.0,79.0,1004.26904296875,-3.45905916897344,-4.720568349506016,-1.4363177824188655,2.1334699404495807,2.799549680900676,1.777256905069576,0.264874954603261,1.3972873746872183,-2.2869417308901925,-0.3105430025547619
12.0,79.0,1004.2693481445312,-3.459154580780004,-4.720563343768462,-1.4363176718969877,2.1334699404495807,2.7991310614032177,1.7772345398971865,0.2648749529185252,1.3973180521888982,-2.2868892843094075,-0.3105430011966709
12.0,79.0,1004.2699584960938,-3.459055052748989,-4.720214918746476,-1.4363178215806631,2.1334699404495807,2.7996028152607804,1.7773079541504722,0.2648749547264142,1.3968642868922494,-2.28690269755444,-0.3105478304537041
12.0,79.0,1004.27001953125,-3.459059227144496,-4.720557123649495,-1.4363176555422792,2.1334699404495807,2.799305981619751,1.7772461294307031,0.2648749545551425,1.3972873746872183,-2.2869040351182752,-0.3105430959585473
12.0,79.0,1004.270263671875,-3.459059145794838,-4.720574393161408,-1.4363176539850755,2.1334699404495807,2.799359624348515,1.7771009775440172,0.2648749545585909,1.3972873746872183,-2.2869040351182752,-0.3105430959585473
12.0,79.0,1004.2705078125,-3.459059227144496,-4.720564634498435,-1.4363152474976315,2.1334699404495807,2.7995281802962446,1.7770987761539148,0.2648749283319526,1.3972873746872183,-2.286766459622729,-0.3105430007794115
12.0,79.0,1004.2706298828124,-3.459059227144496,-4.720557123649495,-1.4363176539850755,2.1334699404495807,2.799305981619751,1.7771072881668333,0.2648749545585909,1.3972873746872183,-2.2869040351182752,-0.3105430959585473
12.0,79.0,1004.2706909179688,-3.459154461135175,-4.720557123649495,-1.4363177850195787,2.1334699404495807,2.799305981619751,1.7767477691984044,0.2648749545585909,1.3972873746872183,-2.286941486034927,-0.3105430959585473
12.0,79.0,1004.270751953125,-3.459059227144496,-4.720545754100337,-1.43631764191754,2.1334699404495807,2.799302149863976,1.7771072881668333,0.2648749545585909,1.3972873746872183,-2.2869040351182752,-0.3105430959585473
12.0,79.0,1004.2711791992188,-3.459057357806711,-4.720560439925401,-1.4363155420505656,2.1334699404495807,2.799124845993764,1.7770987761539148,0.2648749283319526,1.3972873746872183,-2.286899471306236,-0.3105429877207508
12.0,79.0,1004.2714233398438,-3.459059227144496,-4.720568349506016,-1.4363177824188655,2.1334699404495807,2.799549680900676,1.7767416153219568,0.264874954603261,1.3972873746872183,-2.2869417308901925,-0.3105430025547619
12.0,79.0,1004.2733154296876,-3.45905916892444,-4.720211507768266,-1.436315288906129,2.1334699404495807,2.799549680900676,1.77724878117276,0.264874954603261,1.3972873746872183,-2.287046190294396,-0.3105430007794115
12.0,79.0,1004.2733764648438,-3.459059226035728,-4.720211507768266,-1.4363152851587857,2.1334699404495807,2.799549680900676,1.77724878117276,0.264874954603261,1.3972873746872183,-2.287023339750645,-0.3105430007794115
12.0,79.0,1004.2733764648438,-3.4590592260007567,-4.720211507768266,-1.4363153748103763,2.1334699404495807,2.799549680900676,1.77724878117276,0.264874954603261,1.3972873746872183,-2.287023339750645,-0.3105430007864691
12.0,79.0,1004.2736206054688,-3.459058862301972,-4.720211507768266,-1.4363152474976315,2.1334699404495807,2.799549680900676,1.777244871324652,0.2648749546810618,1.3972873746872183,-2.286970359934004,-0.3105430007794115
12.0,79.0,1004.2736206054688,-3.459058862301972,-4.720211507768266,-1.4363152474976315,2.1334699404495807,2.799549680900676,1.777244871324652,0.2648749546810618,1.3972873746872183,-2.286970359934004,-0.3105430007794115
12.0,79.0,1004.2750854492188,-3.459059227144496,-4.720211507768266,-1.4363176539850755,2.1334699404495807,2.799305981619751,1.7771072881668333,0.2648749545585909,1.3972873746872183,-2.2869040351182752,-0.3105430959585473
12.0,79.0,1004.2755737304688,-3.4591548009018296,-4.720211507768266,-1.4363176539850755,2.1334699404495807,2.799305981619751,1.776740303232331,0.2648749545585909,1.3972873746872183,-2.2869040351182752,-0.3105430959585473
12.0,79.0,1004.2785034179688,-3.470743299341607,-4.720533502473083,-1.4363176704519742,2.1334699404495807,2.8001605433559,1.777241146027149,0.2648749551755332,1.397290668769854,-2.286901088641667,-0.3105430434725981
12.0,79.0,1004.2789306640624,-3.459158866538808,-4.720627315005214,-1.4363177688742432,2.1334699404495807,2.805863875314053,1.7767263092668426,0.2648758552153343,1.3961386176930748,-2.2987582788588448,-0.3105480397988122
12.0,79.0,1004.28076171875,-3.4590591700332074,-4.720211507768266,-1.4363152512449748,2.1334699404495807,2.799549680900676,1.77724878117276,0.264874954603261,1.3972873746872183,-2.285377305357984,-0.3105430007794115
12.0,79.0,1004.2808837890624,-3.459059227144496,-4.720211507768266,-1.4363152474976315,2.1334699404495807,2.799549680900676,1.77724878117276,0.264874954603261,1.3972873746872183,-2.285354454814233,-0.3105430007794115
12.0,79.0,1004.2808837890624,-3.459059227144496,-4.720211507768266,-1.4363152474976315,2.1334699404495807,2.799549680900676,1.77724878117276,0.264874954603261,1.3972873746872183,-2.285354454814233,-0.3105430007794115
12.0,79.0,1004.2811889648438,-3.4591590394381497,-4.72056459101578,-1.4363176529785646,2.1334699404495807,2.805876665948676,1.7771074415355532,0.2648749545585909,1.3961830027340043,-2.2869040351182752,-0.3105476656422185
12.0,79.0,1004.2816162109376,-3.459056490455466,-4.72056084834217,-1.4363177998840342,2.1334699404495807,2.805876665948676,1.777101274320384,0.2648749306839781,1.3961552891841729,-2.286895575642372,-0.3105429880401392
12.0,79.0,1004.2820434570312,-3.459061955257844,-4.72056339307035,-1.4363176718969877,2.1334699404495807,2.8055150172365866,1.77724878117276,0.2648749549980019,1.397290662968489,-2.286905299256245,-0.3105430287599111
12.0,79.0,1004.2822265625,-3.459158866538808,-4.720627315005214,-1.4363177688742432,2.1334699404495807,2.805863875314053,1.7767263092668426,0.2648758552153343,1.3961386176930748,-2.286897257010452,-0.3105480397988122
12.0,79.0,1004.2822265625,-3.459158866538808,-4.720627315005214,-1.4363177688742432,2.1334699404495807,2.805863875314053,1.7767263092668426,0.2648758552153343,1.3961386176930748,-2.286897257010452,-0.3105480397988122
12.0,79.0,1004.2822875976562,-3.459158866538808,-4.720627315005214,-1.4363177688742432,2.1334699404495807,2.805863875314053,1.7767204151709413,0.2648758540753753,1.3961386176930748,-2.286897257010452,-0.3105480148692318
12.0,79.0,1004.2825317382812,-3.459158866538808,-4.720617662024359,-1.4363177688742432,2.1334699404495807,2.805863875314053,1.7767204151709413,0.2648758540753753,1.3961816240880711,-2.286895014794758,-0.3105479693583207
12.0,79.0,1004.2826538085938,-3.459158866538808,-4.720617662024359,-1.4363177736416908,2.1334699404495807,2.805876665948676,1.7767204151709413,0.2648758306687643,1.3961816240880711,-2.286895014794758,-0.3105479693583207
12.0,79.0,1004.2827758789062,-3.4591701074663,-4.720612589709114,-1.4363177740258584,2.1334699404495807,2.805876665948676,1.7767204151709413,0.264874866349962,1.3961816240880711,-2.286887240786623,-0.3105479693583207
12.0,79.0,1004.2827758789062,-3.4591701074663,-4.720612589709114,-1.4363177740258584,2.1334699404495807,2.805876665948676,1.7767204151709413,0.264874866349962,1.3961816240880711,-2.286887240786623,-0.3105479693583207
12.0,79.0,1004.2828369140624,-3.459057357806711,-4.720218055002557,-1.4363152325718331,2.1334699404495807,2.7990998720721847,1.7771017982219663,0.2648749283319526,1.3972873746872183,-2.2853008361317726,-0.3105429887953712
12.0,79.0,1004.2830200195312,-3.4589444419273896,-4.720617718188895,-1.4363177740258584,2.1334699404495807,2.805876665948676,1.776774699258418,0.264874982815124,1.3961722608755198,-2.286895578071221,-0.3105479693583207
12.0,79.0,1004.2830200195312,-3.4589444419273896,-4.720617718188895,-1.4363177740258584,2.1334699404495807,2.805876665948676,1.776774699258418,0.264874982815124,1.3961722608755198,-2.286895578071221,-0.3105479693583207
12.0,79.0,1004.2830200195312,-3.4589444419273896,-4.720617718188895,-1.4363177740258584,2.1334699404495807,2.805876665948676,1.776774699258418,0.264874982815124,1.3961722608755198,-2.286895578071221,-0.3105479693583207
12.0,80.0,1004.2445678710938,-3.459154580780004,-4.725766279277727,-1.4363176585688022,2.1334699404495807,2.799734816329636,1.7772461008091471,0.2648749538775967,1.3972873746872183,-2.286972077550669,-0.3105430005272604
12.0,80.0,1004.2450561523438,-3.459154580780004,-4.725897256200286,-1.4363176585688022,2.1334699404495807,2.799734816329636,1.7772461008091471,0.2648749538775967,1.3972873746872183,-2.286972078052511,-0.3105429386398135
12.0,80.0,1004.2479248046876,-3.459057380008083,-4.728217846337418,-1.4363177998840342,2.1334699404495807,2.8057979602794734,1.7722155637446877,0.2648749306839781,1.3972873746872183,-2.2869682142448693,-0.3105429880401392
12.0,80.0,1004.254150390625,-3.459059227144496,-4.726841199108124,-1.4363176587525237,2.1334699404495807,2.799318772254374,1.7771072881668333,0.2648749311519799,1.3972873746872183,-2.2869040351182752,-0.3105430959585473
12.0,80.0,1004.2601318359376,-3.459157733122132,-4.728496323677009,-1.4363177997542302,2.1334699404495807,2.8001605433559,1.776856143539567,0.2648749383258397,1.3972873746872183,-2.2869334646029738,-0.3105481358506879
12.0,80.0,1004.2616577148438,-3.4591701074663,-4.72058573066552,-1.436317779129428,2.1334699404495807,2.7993511556417108,1.776721182435545,0.264874866349962,1.3961816240880711,-2.286903525027187,-0.3105479693583207
12.0,80.0,1004.2646484375,-3.459147678271149,-4.72061805808527,-1.4363177737572996,2.1334699404495807,2.800096465041725,1.7767459361657514,0.2648749541561985,1.396850882419834,-2.2869708139145417,-0.3105477353746861
12.0,80.0,1004.2652587890624,-3.459147678271149,-4.720580104612429,-1.43631778243846,2.1334699404495807,2.800096465041725,1.7767459361657514,0.2648749541561985,1.396866034298936,-2.2869708139145417,-0.3105477353746861
12.0,80.0,1004.2652587890624,-3.4591485800608788,-4.720613848129839,-1.4363155420505656,2.1334699404495807,2.799124845993764,1.7770987761539148,0.2648749283319526,1.396885596329567,-2.2869681994639985,-0.3105429877207508
12.0,80.0,1004.2652587890624,-3.459147678271149,-4.720581295177686,-1.4363177737566415,2.1334699404495807,2.800096465041725,1.7767459361657514,0.2648749541561985,1.396866034298936,-2.2869708139145417,-0.3105477353746861
12.0,80.0,1004.2664794921876,-3.459144924170669,-4.720580104612429,-1.4363177782569894,2.1334699404495807,2.7993781234862816,1.7767459361657514,0.2648749541561985,1.3968582706346704,-2.2869708139145417,-0.3105477353746861
12.0,80.0,1004.2671508789062,-3.459154580780004,-4.72056339307035,-1.4363176718969877,2.1334699404495807,2.799734816329636,1.77724878117276,0.2648749550184616,1.3972873746872183,-2.286972078052511,-0.3105429336808932
12.0,80.0,1004.2679443359376,-3.4590591710449363,-4.728464013214801,-1.4363153089949057,2.1334699404495807,2.8000565618285105,1.7768669934968435,0.2648749283319526,1.3972873746872183,-2.285352337550947,-0.3105430007794115
12.0,80.0,1004.2681884765624,-3.4590591697519057,-4.728496323677009,-1.4363177998840342,2.1334699404495807,2.800039349775045,1.776856143539567,0.2648749325789282,1.3972873746872183,-2.2853880250040466,-0.3105429880401392
12.0,80.0,1004.2681884765624,-3.4590591697519057,-4.728496323677009,-1.4363177998840342,2.1334699404495807,2.800039349775045,1.776856143539567,0.2648749325789282,1.3972873746872183,-2.2853880250040466,-0.3105429880401392
12.0,80.0,1004.2686767578124,-3.459055945194127,-4.72056339307035,-1.4363176718969877,2.1334699404495807,2.799734816329636,1.77724878117276,0.2648749535608909,1.3972873746872183,-2.286972934662697,-0.3105429336808932
12.0,80.0,1004.2686767578124,-3.459055945194127,-4.72056339307035,-1.4363176718969877,2.1334699404495807,2.799734816329636,1.77724878117276,0.2648749535608909,1.3972873746872183,-2.286972934662697,-0.3105429336808932
12.0,80.0,1004.2688598632812,-3.4591579309265352,-4.720570304947985,-1.4363177823308202,2.1334699404495807,2.800120279191194,1.7767416493083936,0.264874954603261,1.3972873746872183,-2.286941689513173,-0.3105430993625722
12.0,80.0,1004.2689208984376,-3.459154580780004,-4.720452377096128,-1.4363177376870706,2.1334699404495807,2.7995600267106147,1.777248787905016,0.2648749538850428,1.3972873746872183,-2.286972078052511,-0.3105430014688169
12.0,80.0,1004.26904296875,-3.45905916897344,-4.720568349506016,-1.4363177824188655,2.1334699404495807,2.799549680900676,1.777256905069576,0.264874954603261,1.3972873746872183,-2.2869417308901925,-0.3105430025547619
12.0,80.0,1004.269287109375,-3.459158815847485,-4.7205612073995855,-1.4363177753004688,2.1334699404495807,2.7991310614032177,1.7772345398971865,0.2648749529185252,1.3973180521888982,-2.286889468781781,-0.3105430011966709
12.0,80.0,1004.2693481445312,-3.459154580780004,-4.720563343768462,-1.4363176718969877,2.1334699404495807,2.7991310614032177,1.7772345398971865,0.2648749529185252,1.3973180521888982,-2.2868892843094075,-0.3105430011966709
12.0,80.0,1004.2697143554688,-3.459169241323447,-4.72056339307035,-1.4363176718969877,2.1334699404495807,2.7995587398582704,1.7767314928602365,0.2648748663924171,1.3972873746872183,-2.286972078052511,-0.3105479041005419
12.0,80.0,1004.2699584960938,-3.459055052748989,-4.720214918746476,-1.4363178215806631,2.1334699404495807,2.7996028152607804,1.7773079541504722,0.2648749547264142,1.3968642868922494,-2.28690269755444,-0.3105478304537041
12.0,80.0,1004.27001953125,-3.459059227144496,-4.720557123649495,-1.4363176555422792,2.1334699404495807,2.799305981619751,1.7772461294307031,0.2648749545551425,1.3972873746872183,-2.2869040351182752,-0.3105430959585473
12.0,80.0,1004.270263671875,-3.459059145794838,-4.720574393161408,-1.4363176539850755,2.1334699404495807,2.799359624348515,1.7771009775440172,0.2648749545585909,1.3972873746872183,-2.2869040351182752,-0.3105430959585473
12.0,80.0,1004.2705078125,-3.459059227144496,-4.720564634498435,-1.4363152474976315,2.1334699404495807,2.7995281802962446,1.7770987761539148,0.2648749283319526,1.3972873746872183,-2.286766459622729,-0.3105430007794115
12.0,80.0,1004.2706298828124,-3.459059227144496,-4.720557123649495,-1.4363176539850755,2.1334699404495807,2.799305981619751,1.7771072881668333,0.2648749545585909,1.3972873746872183,-2.2869040351182752,-0.3105430959585473
12.0,80.0,1004.2706909179688,-3.459154461135175,-4.720557123649495,-1.4363177850195787,2.1334699404495807,2.799305981619751,1.7767477691984044,0.2648749545585909,1.3972873746872183,-2.286941486034927,-0.3105430959585473
12.0,80.0,1004.270751953125,-3.459059227144496,-4.720545754100337,-1.43631764191754,2.1334699404495807,2.799302149863976,1.7771072881668333,0.2648749545585909,1.3972873746872183,-2.2869040351182752,-0.3105430959585473
12.0,80.0,1004.2711791992188,-3.459057357806711,-4.720560439925401,-1.4363155420505656,2.1334699404495807,2.799124845993764,1.7770987761539148,0.2648749283319526,1.3972873746872183,-2.286899471306236,-0.3105429877207508
12.0,80.0,1004.2714233398438,-3.459059227144496,-4.720568349506016,-1.4363177824188655,2.1334699404495807,2.799549680900676,1.7767416153219568,0.264874954603261,1.3972873746872183,-2.2869417308901925,-0.3105430025547619
12.0,80.0,1004.2718505859376,-3.459058862301972,-4.720342484690824,-1.4363152474976315,2.1334699404495807,2.799549680900676,1.777244871324652,0.2648749546810618,1.3972873746872183,-2.286970360435846,-0.3105429388919645
12.0,80.0,1004.2720336914062,-3.45905828575389,-4.72058573066552,-1.436317779129428,2.1334699404495807,2.7993511556417108,1.776721182435545,0.2648748653931833,1.3972974108842335,-2.286903525027187,-0.3105479693583207
12.0,80.0,1004.2733154296876,-3.45905916892444,-4.720211507768266,-1.436315288906129,2.1334699404495807,2.799549680900676,1.77724878117276,0.264874954603261,1.3972873746872183,-2.287046190294396,-0.3105430007794115
12.0,80.0,1004.2733764648438,-3.459059226035728,-4.720211507768266,-1.4363152851587857,2.1334699404495807,2.799549680900676,1.77724878117276,0.264874954603261,1.3972873746872183,-2.287023339750645,-0.3105430007794115
12.0,80.0,1004.2733764648438,-3.4590592260007567,-4.720211507768266,-1.4363153748103763,2.1334699404495807,2.799549680900676,1.77724878117276,0.264874954603261,1.3972873746872183,-2.287023339750645,-0.3105430007864691
12.0,80.0,1004.2736206054688,-3.459058862301972,-4.720211507768266,-1.4363152474976315,2.1334699404495807,2.799549680900676,1.777244871324652,0.2648749546810618,1.3972873746872183,-2.286970359934004,-0.3105430007794115
12.0,80.0,1004.2736206054688,-3.459058862301972,-4.720211507768266,-1.4363152474976315,2.1334699404495807,2.799549680900676,1.777244871324652,0.2648749546810618,1.3972873746872183,-2.286970359934004,-0.3105430007794115
12.0,80.0,1004.2736206054688,-3.459058862301972,-4.720211507768266,-1.4363152474976315,2.1334699404495807,2.799549680900676,1.777244871324652,0.2648749546810618,1.3972873746872183,-2.286970359934004,-0.3105430007794115
12.0,80.0,1004.2738037109376,-3.459059226035728,-4.720211507768266,-1.4363152851587857,2.1334699404495807,2.799549680900676,1.777248354041998,0.2648749546026445,1.3972873746872183,-2.2869081259858004,-0.3105430024106479
12.0,80.0,1004.2745361328124,-3.459059227144496,-4.720211507768266,-1.4363176539850755,2.1334699404495807,2.7995400528957304,1.7771072881668333,0.2648749545585909,1.3972873746872183,-2.2869040351182752,-0.3105430959585473
12.0,80.0,1004.2750854492188,-3.459059227144496,-4.720211507768266,-1.4363176539850755,2.1334699404495807,2.799305981619751,1.7771072881668333,0.2648749545585909,1.3972873746872183,-2.2869040351182752,-0.3105430959585473
12.0,80.0,1004.2755737304688,-3.4591548009018296,-4.720211507768266,-1.4363176539850755,2.1334699404495807,2.799305981619751,1.776740303232331,0.2648749545585909,1.3972873746872183,-2.2869040351182752,-0.3105430959585473
12.0,80.0,1004.2785034179688,-3.470743299341607,-4.720533502473083,-1.4363176704519742,2.1334699404495807,2.8001605433559,1.777241146027149,0.2648749551755332,1.397290668769854,-2.286901088641667,-0.3105430434725981
12.0,80.0,1004.2789306640624,-3.459158866538808,-4.720627315005214,-1.4363177688742432,2.1334699404495807,2.805863875314053,1.7767263092668426,0.2648758552153343,1.3961386176930748,-2.2987582788588448,-0.3105480397988122
12.0,80.0,1004.2791137695312,-3.459159034497106,-4.72056459101578,-1.4363176529785646,2.1334699404495807,2.805876665948676,1.7771074415355532,0.2648749653220962,1.3961384066857607,-2.298414755050642,-0.3105476656422185
12.0,80.0,1004.2801513671876,-3.459158871479852,-4.720627315005214,-1.4363177688742432,2.1334699404495807,2.805863875314053,1.7767263092668426,0.264875844451829,1.3961832137413186,-2.2872475589264774,-0.3105480397988122
12.0,80.0,1004.28076171875,-3.4590591700332074,-4.720211507768266,-1.4363152512449748,2.1334699404495807,2.799549680900676,1.77724878117276,0.264874954603261,1.3972873746872183,-2.285377305357984,-0.3105430007794115
12.0,80.0,1004.2808837890624,-3.459059227144496,-4.720211507768266,-1.4363152474976315,2.1334699404495807,2.799549680900676,1.77724878117276,0.264874954603261,1.3972873746872183,-2.285354454814233,-0.3105430007794115
12.0,81.0,1004.2440795898438,-3.459154580780004,-4.725629211397141,-1.4363176585688022,2.1334699404495807,2.799734816329636,1.7772461008091471,0.2648749550132991,1.3972873746872183,-2.286972077556704,-0.3105430005272604
12.0,81.0,1004.2445678710938,-3.459154580780004,-4.725766279277727,-1.4363176585688022,2.1334699404495807,2.799734816329636,1.7772461008091471,0.2648749538775967,1.3972873746872183,-2.286972077550669,-0.3105430005272604
12.0,81.0,1004.2449951171876,-3.459154580780004,-4.725897256200286,-1.4363177799783162,2.1334699404495807,2.799734816329636,1.7772461008091471,0.2648749538775967,1.3972873746872183,-2.2869720133069964,-0.310547718667037
12.0,81.0,1004.2450561523438,-3.459154580780004,-4.725897256200286,-1.4363176585688022,2.1334699404495807,2.799734816329636,1.7772461008091471,0.2648749538775967,1.3972873746872183,-2.286972078052511,-0.3105429386398135
12.0,81.0,1004.2479248046876,-3.459057380008083,-4.728217846337418,-1.4363177998840342,2.1334699404495807,2.8057979602794734,1.7722155637446877,0.2648749306839781,1.3972873746872183,-2.2869682142448693,-0.3105429880401392
12.0,81.0,1004.254150390625,-3.459059227144496,-4.726841199108124,-1.4363176587525237,2.1334699404495807,2.799318772254374,1.7771072881668333,0.2648749311519799,1.3972873746872183,-2.2869040351182752,-0.3105430959585473
12.0,81.0,1004.25830078125,-3.4591597774971627,-4.7283688075115045,-1.4363177823308202,2.1334699404495807,2.800120279191194,1.7767400925038652,0.264874954603261,1.3972873746872183,-2.286941689513173,-0.3105431012229414
12.0,81.0,1004.2601318359376,-3.459157733122132,-4.728496323677009,-1.4363177997542302,2.1334699404495807,2.8001605433559,1.776856143539567,0.2648749383258397,1.3972873746872183,-2.2869334646029738,-0.3105481358506879
12.0,81.0,1004.2616577148438,-3.4591701074663,-4.72058573066552,-1.436317779129428,2.1334699404495807,2.7993511556417108,1.776721182435545,0.264874866349962,1.3961816240880711,-2.286903525027187,-0.3105479693583207
12.0,81.0,1004.2623291015624,-3.459057160326432,-4.728496323677009,-1.436317672045358,2.1334699404495807,2.8001605433559,1.776856143539567,0.2648749383258397,1.3972873746872183,-2.2869334646029738,-0.3105481358506879
12.0,81.0,1004.2642822265624,-3.459144924170669,-4.720580104612429,-1.4363177782569894,2.1334699404495807,2.7993781234862816,1.777244245241758,0.2648749541561985,1.3968582706346704,-2.2869708139145417,-0.3105429719404065
12.0,81.0,1004.2646484375,-3.459147678271149,-4.72061805808527,-1.4363177737572996,2.1334699404495807,2.800096465041725,1.7767459361657514,0.2648749541561985,1.396850882419834,-2.2869708139145417,-0.3105477353746861
12.0,81.0,1004.2652587890624,-3.459147678271149,-4.720580104612429,-1.43631778243846,2.1334699404495807,2.800096465041725,1.7767459361657514,0.2648749541561985,1.396866034298936,-2.2869708139145417,-0.3105477353746861
12.0,81.0,1004.2652587890624,-3.4591485800608788,-4.720613848129839,-1.4363155420505656,2.1334699404495807,2.799124845993764,1.7770987761539148,0.2648749283319526,1.396885596329567,-2.2869681994639985,-0.3105429877207508
12.0,81.0,1004.2652587890624,-3.459147678271149,-4.720581295177686,-1.4363177737566415,2.1334699404495807,2.800096465041725,1.7767459361657514,0.2648749541561985,1.396866034298936,-2.2869708139145417,-0.3105477353746861
12.0,81.0,1004.2653198242188,-3.4591482400433025,-4.720580104612429,-1.43631778243846,2.1334699404495807,2.800096465041725,1.7767403671327338,0.2648749532655822,1.396849569004186,-2.2869334670157686,-0.3105477353746861
12.0,81.0,1004.2654418945312,-3.459154580780004,-4.720700460950937,-1.4363176718969877,2.1334699404495807,2.799734816329636,1.77724878117276,0.2648749538827592,1.3972873746872183,-2.286972078046477,-0.3105429336808932
12.0,81.0,1004.2656860351562,-3.4591689632586444,-4.720613848129839,-1.4363155420505656,2.1334699404495807,2.799559194921496,1.776711551067364,0.2648748675263772,1.396885596329567,-2.2869682124456823,-0.3105429877207508
12.0,81.0,1004.2664794921876,-3.459144924170669,-4.720580104612429,-1.4363177782569894,2.1334699404495807,2.7993781234862816,1.7767459361657514,0.2648749541561985,1.3968582706346704,-2.2869708139145417,-0.3105477353746861
12.0,81.0,1004.2664794921876,-3.459144924170669,-4.720580104612429,-1.4363176568474751,2.1334699404495807,2.7993781234862816,1.7767459361657514,0.2648749541561985,1.3968582706346704,-2.2869708786600564,-0.3105429553474627
12.0,81.0,1004.2670288085938,-3.4590591710449363,-4.728382184851856,-1.436315343794202,2.1334699404495807,2.8000565618285105,1.776843044235121,0.2648749278417345,1.3972906470401767,-2.285352337550947,-0.3105430462962614
12.0,81.0,1004.2671508789062,-3.459154580780004,-4.72056339307035,-1.4363176718969877,2.1334699404495807,2.799734816329636,1.77724878117276,0.2648749550184616,1.3972873746872183,-2.286972078052511,-0.3105429336808932
12.0,81.0,1004.2672119140624,-3.459147678271149,-4.720581295177686,-1.4363177737566415,2.1334699404495807,2.800096465041725,1.7771275368777422,0.2648749541561985,1.3972900626515858,-2.286902209279919,-0.3105434455760147
12.0,81.0,1004.2679443359376,-3.4590591710449363,-4.728464013214801,-1.4363153089949057,2.1334699404495807,2.8000565618285105,1.7768669934968435,0.2648749283319526,1.3972873746872183,-2.285352337550947,-0.3105430007794115
12.0,81.0,1004.2681884765624,-3.4590591697519057,-4.728496323677009,-1.4363177998840342,2.1334699404495807,2.800039349775045,1.776856143539567,0.2648749325789282,1.3972873746872183,-2.2853880250040466,-0.3105429880401392
12.0,81.0,1004.2681884765624,-3.4590591697519057,-4.728496323677009,-1.4363177998840342,2.1334699404495807,2.800039349775045,1.776856143539567,0.2648749325789282,1.3972873746872183,-2.2853880250040466,-0.3105429880401392
12.0,81.0,1004.2686767578124,-3.459055945194127,-4.72056339307035,-1.4363176718969877,2.1334699404495807,2.799734816329636,1.77724878117276,0.2648749535608909,1.3972873746872183,-2.286972934662697,-0.3105429336808932
12.0,81.0,1004.2686767578124,-3.459055945194127,-4.72056339307035,-1.4363176718969877,2.1334699404495807,2.799734816329636,1.77724878117276,0.2648749535608909,1.3972873746872183,-2.286972934662697,-0.3105429336808932
12.0,81.0,1004.2688598632812,-3.4591579309265352,-4.720570304947985,-1.4363177823308202,2.1334699404495807,2.800120279191194,1.7767416493083936,0.264874954603261,1.3972873746872183,-2.286941689513173,-0.3105430993625722
12.0,81.0,1004.2689208984376,-3.459154580780004,-4.720452377096128,-1.4363177376870706,2.1334699404495807,2.7995600267106147,1.777248787905016,0.2648749538850428,1.3972873746872183,-2.286972078052511,-0.3105430014688169
12.0,81.0,1004.26904296875,-3.45905916897344,-4.720568349506016,-1.4363177824188655,2.1334699404495807,2.799549680900676,1.777256905069576,0.264874954603261,1.3972873746872183,-2.2869417308901925,-0.3105430025547619
12.0,81.0,1004.269287109375,-3.459158815847485,-4.7205612073995855,-1.4363177753004688,2.1334699404495807,2.7991310614032177,1.7772345398971865,0.2648749529185252,1.3973180521888982,-2.286889468781781,-0.3105430011966709
12.0,81.0,1004.269287109375,-3.4590591450527364,-4.720560632918525,-1.436315868268544,2.1334699404495807,2.799549680900676,1.7772564093531864,0.2648749547977646,1.3972873746872183,-2.2868989303428693,-0.3105430026720655
12.0,81.0,1004.2693481445312,-3.459154580780004,-4.720563343768462,-1.4363176718969877,2.1334699404495807,2.7991310614032177,1.7772345398971865,0.2648749529185252,1.3973180521888982,-2.2868892843094075,-0.3105430011966709
12.0,81.0,1004.2695922851562,-3.459154580780004,-4.72045191545937,-1.4363177376870706,2.1334699404495807,2.799305389293811,1.777248758522417,0.2648749538850428,1.3972873746872183,-2.286972078052511,-0.3105430014688169
12.0,81.0,1004.2697143554688,-3.459169241323447,-4.72056339307035,-1.4363176718969877,2.1334699404495807,2.7995587398582704,1.7767314928602365,0.2648748663924171,1.3972873746872183,-2.286972078052511,-0.3105479041005419
12.0,81.0,1004.2698974609376,-3.459059201156478,-4.720545754100337,-1.43631764191754,2.1334699404495807,2.799308791234316,1.777248199994356,0.2648749545585909,1.3972873746872183,-2.286973131087857,-0.310543000479453
12.0,81.0,1004.2699584960938,-3.459055052748989,-4.720214918746476,-1.4363178215806631,2.1334699404495807,2.7996028152607804,1.7773079541504722,0.2648749547264142,1.3968642868922494,-2.28690269755444,-0.3105478304537041
12.0,81.0,1004.27001953125,-3.459059227144496,-4.720557123649495,-1.4363176555422792,2.1334699404495807,2.799305981619751,1.7772461294307031,0.2648749545551425,1.3972873746872183,-2.2869040351182752,-0.3105430959585473
12.0,81.0,1004.270263671875,-3.459059145794838,-4.720574393161408,-1.4363176539850755,2.1334699404495807,2.799359624348515,1.7771009775440172,0.2648749545585909,1.3972873746872183,-2.2869040351182752,-0.3105430959585473
12.0,81.0,1004.2705078125,-3.459059227144496,-4.720564634498435,-1.4363152474976315,2.1334699404495807,2.7995281802962446,1.7770987761539148,0.2648749283319526,1.3972873746872183,-2.286766459622729,-0.3105430007794115
12.0,81.0,1004.2706298828124,-3.459059227144496,-4.720557123649495,-1.4363176539850755,2.1334699404495807,2.799305981619751,1.7771072881668333,0.2648749545585909,1.3972873746872183,-2.2869040351182752,-0.3105430959585473
12.0,81.0,1004.2706298828124,-3.459059227144496,-4.720557123649495,-1.4363176539850755,2.1334699404495807,2.799305981619751,1.7771072881668333,0.2648749545585909,1.3972873746872183,-2.2869040351182752,-0.3105430959585473
12.0,81.0,1004.2706909179688,-3.459154461135175,-4.720557123649495,-1.4363177850195787,2.1334699404495807,2.799305981619751,1.7767477691984044,0.2648749545585909,1.3972873746872183,-2.286941486034927,-0.3105430959585473
12.0,81.0,1004.270751953125,-3.459059227144496,-4.720545754100337,-1.43631764191754,2.1334699404495807,2.799302149863976,1.7771072881668333,0.2648749545585909,1.3972873746872183,-2.2869040351182752,-0.3105430959585473
12.0,81.0,1004.2709350585938,-3.459057381727415,-4.7205681565128925,-1.4363174562008874,2.1334699404495807,2.799124845993764,1.7770992718703047,0.264874928137449,1.3972873746872183,-2.286942271853559,-0.3105429876034472
12.0,81.0,1004.2711791992188,-3.459057357806711,-4.720560439925401,-1.4363155420505656,2.1334699404495807,2.799124845993764,1.7770987761539148,0.2648749283319526,1.3972873746872183,-2.286899471306236,-0.3105429877207508
12.0,81.0,1004.2714233398438,-3.459059227144496,-4.720568349506016,-1.4363177824188655,2.1334699404495807,2.799549680900676,1.7767416153219568,0.264874954603261,1.3972873746872183,-2.2869417308901925,-0.3105430025547619
12.0,81.0,1004.2714233398438,-3.459059227144496,-4.720568349506016,-1.4363177824188655,2.1334699404495807,2.799549680900676,1.7767416153219568,0.264874954603261,1.3972873746872183,-2.2869417308901925,-0.3105430025547619
12.0,81.0,1004.2718505859376,-3.459058862301972,-4.720342484690824,-1.4363152474976315,2.1334699404495807,2.799549680900676,1.777244871324652,0.2648749546810618,1.3972873746872183,-2.286970360435846,-0.3105429388919645
12.0,82.0,1004.2438354492188,-3.459154580780004,-4.725553922987379,-1.4363176585688022,2.1334699404495807,2.799734816329636,1.7772307011830817,0.2648749550132991,1.397290587445882,-2.286972077556704,-0.3105430005272604
12.0,82.0,1004.2440795898438,-3.459154580780004,-4.725629211397141,-1.4363176585688022,2.1334699404495807,2.799734816329636,1.7772461008091471,0.2648749550132991,1.3972873746872183,-2.286972077556704,-0.3105430005272604
12.0,82.0,1004.2445678710938,-3.459154580780004,-4.725766279277727,-1.4363176585688022,2.1334699404495807,2.799734816329636,1.7772461008091471,0.2648749538775967,1.3972873746872183,-2.286972077550669,-0.3105430005272604
12.0,82.0,1004.24462890625,-3.459154580780004,-4.725747798282541,-1.4363176585688022,2.1334699404495807,2.799734816329636,1.7772474010042236,0.2648749538775967,1.3972873746872183,-2.286904313051683,-0.3105429956516443
12.0,82.0,1004.2449951171876,-3.459154580780004,-4.725897256200286,-1.4363177799783162,2.1334699404495807,2.799734816329636,1.7772461008091471,0.2648749538775967,1.3972873746872183,-2.2869720133069964,-0.310547718667037
12.0,82.0,1004.2450561523438,-3.459154580780004,-4.725897256200286,-1.4363176585688022,2.1334699404495807,2.799734816329636,1.7772461008091471,0.2648749538775967,1.3972873746872183,-2.286972078052511,-0.3105429386398135
12.0,82.0,1004.2450561523438,-3.459160046411991,-4.725897256200286,-1.436317780186479,2.1334699404495807,2.799734816329636,1.777284036013673,0.2648749532925259,1.3972873746872183,-2.28697205987445,-0.3105434867405807
12.0,82.0,1004.2479248046876,-3.459057380008083,-4.728217846337418,-1.4363177998840342,2.1334699404495807,2.8057979602794734,1.7722155637446877,0.2648749306839781,1.3972873746872183,-2.2869682142448693,-0.3105429880401392
12.0,82.0,1004.2481079101562,-3.459051914376096,-4.728217846337418,-1.4363177996758714,2.1334699404495807,2.8057979602794734,1.7721776285401616,0.264874931269049,1.3972873746872183,-2.286968167677416,-0.3105472199665955
12.0,82.0,1004.2491455078124,-3.459144924170669,-4.728127698481892,-1.4363177782569894,2.1334699404495807,2.8001267007794866,1.7767192607362872,0.2648749541690603,1.396850957008435,-2.2869708139145417,-0.3105431001394105
12.0,82.0,1004.254150390625,-3.459059227144496,-4.726841199108124,-1.4363176587525237,2.1334699404495807,2.799318772254374,1.7771072881668333,0.2648749311519799,1.3972873746872183,-2.2869040351182752,-0.3105430959585473
12.0,82.0,1004.2564697265624,-3.459144783233973,-4.72843396286162,-1.436317672045358,2.1334699404495807,2.799383329854876,1.7767382336933264,0.2648749383258397,1.3968517672323768,-2.2869334646029738,-0.3105481358506879
12.0,82.0,1004.258056640625,-3.459055052748989,-4.728378094959976,-1.4363178215806631,2.1334699404495807,2.7996028152607804,1.7768523376424763,0.2648749547264142,1.3968808200930474,-2.2867967804208016,-0.3105478304537041
12.0,82.0,1004.25830078125,-3.4591597774971627,-4.7283688075115045,-1.4363177823308202,2.1334699404495807,2.800120279191194,1.7767400925038652,0.264874954603261,1.3972873746872183,-2.286941689513173,-0.3105431012229414
12.0,82.0,1004.2601318359376,-3.459157733122132,-4.728496323677009,-1.4363177997542302,2.1334699404495807,2.8001605433559,1.776856143539567,0.2648749383258397,1.3972873746872183,-2.2869334646029738,-0.3105481358506879
12.0,82.0,1004.2616577148438,-3.4591701074663,-4.72058573066552,-1.436317779129428,2.1334699404495807,2.7993511556417108,1.776721182435545,0.264874866349962,1.3961816240880711,-2.286903525027187,-0.3105479693583207
12.0,82.0,1004.2623291015624,-3.459057160326432,-4.728496323677009,-1.436317672045358,2.1334699404495807,2.8001605433559,1.776856143539567,0.2648749383258397,1.3972873746872183,-2.2869334646029738,-0.3105481358506879
12.0,82.0,1004.2642822265624,-3.459144924170669,-4.720580104612429,-1.4363177782569894,2.1334699404495807,2.7993781234862816,1.777244245241758,0.2648749541561985,1.3968582706346704,-2.2869708139145417,-0.3105429719404065
12.0,82.0,1004.2643432617188,-3.4591597774971627,-4.728913032260393,-1.4363177823308202,2.1334699404495807,2.800132539219464,1.776758592314355,0.264874954603261,1.3972873746872183,-2.286941689513173,-0.3105431012229414
12.0,82.0,1004.2644653320312,-3.459144924170669,-4.720580668699708,-1.4363155155582092,2.1334699404495807,2.7993781234862816,1.777244245241758,0.264874952466494,1.3968859909374185,-2.286968160742011,-0.3105429718016198
12.0,82.0,1004.2646484375,-3.459147678271149,-4.72061805808527,-1.4363177737572996,2.1334699404495807,2.800096465041725,1.7767459361657514,0.2648749541561985,1.396850882419834,-2.2869708139145417,-0.3105477353746861
12.0,82.0,1004.264892578125,-3.4590546717334845,-4.720613848129839,-1.4363156090956644,2.1334699404495807,2.799606781323281,1.77730955396073,0.2648749283319526,1.3968853551550895,-2.2869008435910265,-0.3105429877207508
12.0,82.0,1004.2652587890624,-3.459147678271149,-4.720580104612429,-1.43631778243846,2.1334699404495807,2.800096465041725,1.7767459361657514,0.2648749541561985,1.396866034298936,-2.2869708139145417,-0.3105477353746861
12.0,82.0,1004.2652587890624,-3.4591485800608788,-4.720613848129839,-1.4363155420505656,2.1334699404495807,2.799124845993764,1.7770987761539148,0.2648749283319526,1.396885596329567,-2.2869681994639985,-0.3105429877207508
12.0,82.0,1004.2652587890624,-3.459147678271149,-4.720581295177686,-1.4363177737566415,2.1334699404495807,2.800096465041725,1.7767459361657514,0.2648749541561985,1.396866034298936,-2.2869708139145417,-0.3105477353746861
12.0,82.0,1004.2652587890624,-3.459147678271149,-4.720581295177686,-1.4363177737566415,2.1334699404495807,2.800096465041725,1.7767459361657514,0.2648749541561985,1.396866034298936,-2.2869708139145417,-0.3105477353746861
12.0,82.0,1004.2653198242188,-3.4591482400433025,-4.720580104612429,-1.43631778243846,2.1334699404495807,2.800096465041725,1.7767403671327338,0.2648749532655822,1.396849569004186,-2.2869334670157686,-0.3105477353746861
12.0,82.0,1004.2654418945312,-3.459154580780004,-4.720700460950937,-1.4363176718969877,2.1334699404495807,2.799734816329636,1.77724878117276,0.2648749538827592,1.3972873746872183,-2.286972078046477,-0.3105429336808932
12.0,82.0,1004.265625,-3.4591689632586444,-4.720619058624823,-1.4363155420505656,2.1334699404495807,2.7995584611387283,1.776711551067364,0.2648748675263772,1.396885596329567,-2.2869665883598214,-0.3105429806906356
12.0,82.0,1004.2656860351562,-3.4591689632586444,-4.720613848129839,-1.4363155420505656,2.1334699404495807,2.799559194921496,1.776711551067364,0.2648748675263772,1.396885596329567,-2.2869682124456823,-0.3105429877207508
12.0,82.0,1004.2660522460938,-3.459147678271149,-4.72057883219666,-1.43631778243846,2.1334699404495807,2.799582328756935,1.7767459361657514,0.2648749538791118,1.396866034298936,-2.286972099109576,-0.310547726144449
12.0,82.0,1004.2664794921876,-3.459144924170669,-4.720580104612429,-1.4363177782569894,2.1334699404495807,2.7993781234862816,1.7767459361657514,0.2648749541561985,1.3968582706346704,-2.2869708139145417,-0.3105477353746861
12.0,82.0,1004.2664794921876,-3.459144924170669,-4.720580104612429,-1.4363176568474751,2.1334699404495807,2.7993781234862816,1.7767459361657514,0.2648749541561985,1.3968582706346704,-2.2869708786600564,-0.3105429553474627
12.0,82.0,1004.2664794921876,-3.459144924170669,-4.720580104612429,-1.4363177782569894,2.1334699404495807,2.7993781234862816,1.7767459361657514,0.2648749541561985,1.3968582706346704,-2.2869708139145417,-0.3105477353746861
12.0,82.0,1004.2666015625,-3.4590568968863926,-4.720580104612429,-1.43631778243846,2.1334699404495807,2.800096465041725,1.7767392421056547,0.2648749291195804,1.396849569004186,-2.2869334670157686,-0.3105477800025542
12.0,82.0,1004.2670288085938,-3.4590591710449363,-4.728382184851856,-1.436315343794202,2.1334699404495807,2.8000565618285105,1.776843044235121,0.2648749278417345,1.3972906470401767,-2.285352337550947,-0.3105430462962614
12.0,82.0,1004.2671508789062,-3.459154580780004,-4.72056339307035,-1.4363176718969877,2.1334699404495807,2.799734816329636,1.77724878117276,0.2648749550184616,1.3972873746872183,-2.286972078052511,-0.3105429336808932
12.0,82.0,1004.2671508789062,-3.459154580780004,-4.72056339307035,-1.4363176587985325,2.1334699404495807,2.799734816329636,1.7772487910757546,0.2648749550184616,1.3972873746872183,-2.2869720775366384,-0.3105429339912116
12.0,82.0,1004.2672119140624,-3.459147678271149,-4.720581295177686,-1.4363177737566415,2.1334699404495807,2.800096465041725,1.7771275368777422,0.2648749541561985,1.3972900626515858,-2.286902209279919,-0.3105434455760147
12.0,82.0,1004.2672119140624,-3.4591578100287355,-4.720700460950937,-1.4363176735404388,2.1334699404495807,2.799734816329636,1.7768348206849232,0.2648749376473286,1.3972873746872183,-2.286972078046477,-0.3105428984588907
12.0,82.0,1004.2679443359376,-3.4590591710449363,-4.728464013214801,-1.4363153089949057,2.1334699404495807,2.8000565618285105,1.7768669934968435,0.2648749283319526,1.3972873746872183,-2.285352337550947,-0.3105430007794115
12.0,82.0,1004.2679443359376,-3.459154580780004,-4.720453649511898,-1.4363177376870706,2.1334699404495807,2.8000741629954047,1.777248787905016,0.2648749541621295,1.3972873746872183,-2.2869707928574767,-0.3105430106990541
12.0,82.0,1004.2681884765624,-3.4590591697519057,-4.728496323677009,-1.4363177998840342,2.1334699404495807,2.800039349775045,1.776856143539567,0.2648749325789282,1.3972873746872183,-2.2853880250040466,-0.3105429880401392
12.0,82.0,1004.2681884765624,-3.4590591697519057,-4.728496323677009,-1.4363177998840342,2.1334699404495807,2.800039349775045,1.776856143539567,0.2648749325789282,1.3972873746872183,-2.2853880250040466,-0.3105429880401392
12.0,82.0,1004.2686157226562,-3.459057301263128,-4.720642465427818,-1.4363176568474751,2.1334699404495807,2.800155336987305,1.7768638460119917,0.2648749541561985,1.397293878089512,-2.2869708786600564,-0.3105429553474627
12.0,82.0,1004.2686767578124,-3.459055945194127,-4.72056339307035,-1.4363176718969877,2.1334699404495807,2.799734816329636,1.77724878117276,0.2648749535608909,1.3972873746872183,-2.286972934662697,-0.3105429336808932
12.0,82.0,1004.2686767578124,-3.459055945194127,-4.72056339307035,-1.4363176718969877,2.1334699404495807,2.799734816329636,1.77724878117276,0.2648749535608909,1.3972873746872183,-2.286972934662697,-0.3105429336808932
12.0,82.0,1004.2688598632812,-3.4591579309265352,-4.720570304947985,-1.4363177823308202,2.1334699404495807,2.800120279191194,1.7767416493083936,0.264874954603261,1.3972873746872183,-2.286941689513173,-0.3105430993625722
12.0,82.0,1004.2689208984376,-3.459154580780004,-4.720452377096128,-1.4363177376870706,2.1334699404495807,2.7995600267106147,1.777248787905016,0.2648749538850428,1.3972873746872183,-2.286972078052511,-0.3105430014688169
12.0,82.0,1004.2689819335938,-3.45905916897344,-4.720568349506016,-1.436317800303807,2.1334699404495807,2.799549680900676,1.777256905069576,0.2648749309399138,1.3972873746872183,-2.28696814126372,-0.3105430025547619
12.0,83.0,1004.2402954101562,-3.459144920162093,-4.725393587956717,-1.4363155155582092,2.1334699404495807,2.7993781234862816,1.777244245241758,0.2648749524720736,1.3969024164333657,-2.286968160742011,-0.3105429671934482
12.0,83.0,1004.2420654296876,-3.4590546717334845,-4.725952340045027,-1.4363155897129891,2.1334699404495807,2.7997344390394607,1.77730955396073,0.2648749283319526,1.3968838083939028,-2.286975184008848,-0.3105429872931642
12.0,83.0,1004.2438354492188,-3.459154580780004,-4.725553922987379,-1.4363176585688022,2.1334699404495807,2.799734816329636,1.7772307011830817,0.2648749550132991,1.397290587445882,-2.286972077556704,-0.3105430005272604
12.0,83.0,1004.2440795898438,-3.459154580780004,-4.725629211397141,-1.4363176585688022,2.1334699404495807,2.799734816329636,1.7772461008091471,0.2648749550132991,1.3972873746872183,-2.286972077556704,-0.3105430005272604
12.0,83.0,1004.2440795898438,-3.459154580780004,-4.725629211397141,-1.4363176585688022,2.1334699404495807,2.799734816329636,1.7772461008091471,0.2648749550132991,1.3972873746872183,-2.286972077556704,-0.3105430005272604
12.0,83.0,1004.2445678710938,-3.459154580780004,-4.725766279277727,-1.4363176585688022,2.1334699404495807,2.799734816329636,1.7772461008091471,0.2648749538775967,1.3972873746872183,-2.286972077550669,-0.3105430005272604
12.0,83.0,1004.24462890625,-3.459154580780004,-4.725747798282541,-1.4363176585688022,2.1334699404495807,2.799734816329636,1.7772474010042236,0.2648749538775967,1.3972873746872183,-2.286904313051683,-0.3105429956516443
12.0,83.0,1004.2449951171876,-3.459154580780004,-4.725897256200286,-1.4363177799783162,2.1334699404495807,2.799734816329636,1.7772461008091471,0.2648749538775967,1.3972873746872183,-2.2869720133069964,-0.310547718667037
12.0,83.0,1004.2450561523438,-3.459154580780004,-4.725897256200286,-1.4363176585688022,2.1334699404495807,2.799734816329636,1.7772461008091471,0.2648749538775967,1.3972873746872183,-2.286972078052511,-0.3105429386398135
12.0,83.0,1004.2450561523438,-3.459160046411991,-4.725897256200286,-1.436317780186479,2.1334699404495807,2.799734816329636,1.777284036013673,0.2648749532925259,1.3972873746872183,-2.28697205987445,-0.3105434867405807
12.0,83.0,1004.2450561523438,-3.459160046411991,-4.725897256200286,-1.436317780186479,2.1334699404495807,2.799734816329636,1.777284036013673,0.2648749532925259,1.3972873746872183,-2.28697205987445,-0.3105434867405807
12.0,83.0,1004.2454223632812,-3.459144715681805,-4.72593957855651,-1.436317673902954,2.1334699404495807,2.799734816329636,1.7772461008091471,0.2648749541350886,1.397287822837441,-2.2869720133069964,-0.310547718667037
12.0,83.0,1004.2479248046876,-3.459057380008083,-4.728217846337418,-1.4363177998840342,2.1334699404495807,2.8057979602794734,1.7722155637446877,0.2648749306839781,1.3972873746872183,-2.2869682142448693,-0.3105429880401392
12.0,83.0,1004.2481079101562,-3.459051914376096,-4.728217846337418,-1.4363177996758714,2.1334699404495807,2.8057979602794734,1.7721776285401616,0.264874931269049,1.3972873746872183,-2.286968167677416,-0.3105472199665955
12.0,83.0,1004.2491455078124,-3.459144924170669,-4.728127698481892,-1.4363177782569894,2.1334699404495807,2.8001267007794866,1.7767192607362872,0.2648749541690603,1.396850957008435,-2.2869708139145417,-0.3105431001394105
12.0,83.0,1004.254150390625,-3.459059227144496,-4.726841199108124,-1.4363176587525237,2.1334699404495807,2.799318772254374,1.7771072881668333,0.2648749311519799,1.3972873746872183,-2.2869040351182752,-0.3105430959585473
12.0,83.0,1004.255859375,-3.459154648332172,-4.7283916405053965,-1.4363177781207204,2.1334699404495807,2.799383329854876,1.7767382336933264,0.2648749380683479,1.396851319082154,-2.2869334646029738,-0.3105481358506879
12.0,83.0,1004.2564697265624,-3.459144783233973,-4.72843396286162,-1.436317672045358,2.1334699404495807,2.799383329854876,1.7767382336933264,0.2648749383258397,1.3968517672323768,-2.2869334646029738,-0.3105481358506879
12.0,83.0,1004.2571411132812,-3.459051914376096,-4.725588570833788,-1.436317653930597,2.1334699404495807,2.805761255106767,1.7720855927301349,0.2648749545186759,1.3972905997895926,-2.286968167677416,-0.3105472199665955
12.0,83.0,1004.258056640625,-3.459055052748989,-4.728378094959976,-1.4363178215806631,2.1334699404495807,2.7996028152607804,1.7768523376424763,0.2648749547264142,1.3968808200930474,-2.2867967804208016,-0.3105478304537041
12.0,83.0,1004.25830078125,-3.4591597774971627,-4.7283688075115045,-1.4363177823308202,2.1334699404495807,2.800120279191194,1.7767400925038652,0.264874954603261,1.3972873746872183,-2.286941689513173,-0.3105431012229414
12.0,83.0,1004.2600708007812,-3.459159759877509,-4.728496323677009,-1.4363177997732357,2.1334699404495807,2.8001605433559,1.776856143539567,0.264874938696676,1.3972873746872183,-2.286941574205165,-0.310547903371293
12.0,83.0,1004.2601318359376,-3.459157733122132,-4.728496323677009,-1.4363177997542302,2.1334699404495807,2.8001605433559,1.776856143539567,0.2648749383258397,1.3972873746872183,-2.2869334646029738,-0.3105481358506879
12.0,83.0,1004.2601318359376,-3.459146360489086,-4.728496323677009,-1.436317672045358,2.1334699404495807,2.8001605433559,1.776856143539567,0.2648749383258397,1.397270414844753,-2.2869334646029738,-0.3105429618350009
12.0,83.0,1004.2608642578124,-3.4591545847885805,-4.721084336943278,-1.4363177799783162,2.1334699404495807,2.799734816329636,1.7772461008091471,0.2648749538720172,1.397270949191271,-2.2869720133069964,-0.3105477232752086
12.0,83.0,1004.2615966796876,-3.4590568948150016,-4.728496323677009,-1.436317785707513,2.1334699404495807,2.8001605433559,1.7767409675402754,0.2648749383258397,1.397284032453092,-2.2869334646029738,-0.3105481358506879
12.0,83.0,1004.2616577148438,-3.4591701074663,-4.72058573066552,-1.436317779129428,2.1334699404495807,2.7993511556417108,1.776721182435545,0.264874866349962,1.3961816240880711,-2.286903525027187,-0.3105479693583207
12.0,83.0,1004.261962890625,-3.459154580780004,-4.728183198491007,-1.4363178043140763,2.1334699404495807,2.7997715215023424,1.7773227369931084,0.2648749317636722,1.397287362343508,-2.286972077556704,-0.3105430005272604
12.0,83.0,1004.2623291015624,-3.459057160326432,-4.728496323677009,-1.436317672045358,2.1334699404495807,2.8001605433559,1.776856143539567,0.2648749383258397,1.3972873746872183,-2.2869334646029738,-0.3105481358506879
12.0,83.0,1004.2639770507812,-3.4591689632586444,-4.720619058624823,-1.4363155420505656,2.1334699404495807,2.7995515152550525,1.7770663572429728,0.2648748675263772,1.396885596329567,-2.28696660743152,-0.3105429804368098
12.0,83.0,1004.2642822265624,-3.459144924170669,-4.720580104612429,-1.4363177782569894,2.1334699404495807,2.7993781234862816,1.777244245241758,0.2648749541561985,1.3968582706346704,-2.2869708139145417,-0.3105429719404065
12.0,83.0,1004.2643432617188,-3.4591597774971627,-4.728913032260393,-1.4363177823308202,2.1334699404495807,2.800132539219464,1.776758592314355,0.264874954603261,1.3972873746872183,-2.286941689513173,-0.3105431012229414
12.0,83.0,1004.264404296875,-3.459157750741786,-4.728913032260393,-1.4363177823118147,2.1334699404495807,2.800132539219464,1.776758592314355,0.2648749542324246,1.3972873746872183,-2.286933579910982,-0.3105433337023363
12.0,83.0,1004.2644653320312,-3.459144924170669,-4.720580668699708,-1.4363155155582092,2.1334699404495807,2.7993781234862816,1.777244245241758,0.264874952466494,1.3968859909374185,-2.286968160742011,-0.3105429718016198
12.0,83.0,1004.2646484375,-3.459147678271149,-4.72061805808527,-1.4363177737572996,2.1334699404495807,2.800096465041725,1.7767459361657514,0.2648749541561985,1.396850882419834,-2.2869708139145417,-0.3105477353746861
12.0,83.0,1004.2647094726562,-3.459154580780004,-4.728627509388155,-1.4363176319155362,2.1334699404495807,2.800052585008116,1.7772461008091471,0.2648749552355269,1.3972873746872183,-2.286972077556704,-0.3105430005031303
12.0,83.0,1004.264892578125,-3.4590546717334845,-4.720613848129839,-1.4363156090956644,2.1334699404495807,2.799606781323281,1.77730955396073,0.2648749283319526,1.3968853551550895,-2.2869008435910265,-0.3105429877207508
12.0,83.0,1004.2652587890624,-3.459147678271149,-4.720580104612429,-1.43631778243846,2.1334699404495807,2.800096465041725,1.7767459361657514,0.2648749541561985,1.396866034298936,-2.2869708139145417,-0.3105477353746861
12.0,83.0,1004.2652587890624,-3.4591485800608788,-4.720613848129839,-1.4363155420505656,2.1334699404495807,2.799124845993764,1.7770987761539148,0.2648749283319526,1.396885596329567,-2.2869681994639985,-0.3105429877207508
12.0,83.0,1004.2652587890624,-3.459147678271149,-4.720581295177686,-1.4363177737566415,2.1334699404495807,2.800096465041725,1.7767459361657514,0.2648749541561985,1.396866034298936,-2.2869708139145417,-0.3105477353746861
12.0,83.0,1004.2652587890624,-3.459147678271149,-4.720581295177686,-1.4363177737566415,2.1334699404495807,2.800096465041725,1.7767459361657514,0.2648749541561985,1.396866034298936,-2.2869708139145417,-0.3105477353746861
12.0,83.0,1004.2652587890624,-3.4591463088258045,-4.720580104612429,-1.43631778243846,2.1334699404495807,2.800096465041725,1.776745703351062,0.2648749541561985,1.39686598118815,-2.2869708139145417,-0.310547828807673
12.0,83.0,1004.2653198242188,-3.4591482400433025,-4.720580104612429,-1.43631778243846,2.1334699404495807,2.800096465041725,1.7767403671327338,0.2648749532655822,1.396849569004186,-2.2869334670157686,-0.3105477353746861
12.0,83.0,1004.2654418945312,-3.459154580780004,-4.720700460950937,-1.4363176718969877,2.1334699404495807,2.799734816329636,1.77724878117276,0.2648749538827592,1.3972873746872183,-2.286972078046477,-0.3105429336808932
12.0,83.0,1004.2655639648438,-3.459147678271149,-4.720613905718659,-1.43631778243846,2.1334699404495807,2.7995824200974653,1.7767459361657514,0.2648749538791118,1.396866034298936,-2.2869719712039047,-0.3105480453397213
12.0,83.0,1004.265625,-3.4591689632586444,-4.720619058624823,-1.4363155420505656,2.1334699404495807,2.7995584611387283,1.776711551067364,0.2648748675263772,1.396885596329567,-2.2869665883598214,-0.3105429806906356
12.0,83.0,1004.2656860351562,-3.4591689632586444,-4.720613848129839,-1.4363155420505656,2.1334699404495807,2.799559194921496,1.776711551067364,0.2648748675263772,1.396885596329567,-2.2869682124456823,-0.3105429877207508
12.0,83.0,1004.2659912109376,-3.4591475641274583,-4.720612445950032,-1.4363155420505656,2.1334699404495807,2.7995620221196376,1.776711551067364,0.2648748675263772,1.3968843697993525,-2.2869682124456823,-0.3105435909812372
12.0,83.0,1004.2660522460938,-3.459147678271149,-4.72057883219666,-1.43631778243846,2.1334699404495807,2.799582328756935,1.7767459361657514,0.2648749538791118,1.396866034298936,-2.286972099109576,-0.310547726144449
12.0,83.0,1004.2660522460938,-3.4590571623978223,-4.720580104612429,-1.4363176687763053,2.1334699404495807,2.800096465041725,1.7768544181049457,0.2648749291195804,1.396852911238312,-2.2869334670157686,-0.3105477800025542
12.0,84.0,1004.2402954101562,-3.459144920162093,-4.725393587956717,-1.4363155155582092,2.1334699404495807,2.7993781234862816,1.777244245241758,0.2648749524720736,1.3969024164333657,-2.286968160742011,-0.3105429671934482
12.0,84.0,1004.2412109375,-3.459154655670139,-4.725770002741896,-1.4363176585688022,2.1334699404495807,2.8001612004495446,1.7767196149002722,0.2648749538775967,1.3972873746872183,-2.286904313051683,-0.3105479105014647
12.0,84.0,1004.2420654296876,-3.4590546717334845,-4.725952340045027,-1.4363155897129891,2.1334699404495807,2.7997344390394607,1.77730955396073,0.2648749283319526,1.3968838083939028,-2.286975184008848,-0.3105429872931642
12.0,84.0,1004.2420654296876,-3.4590546717334845,-4.725952340045027,-1.436317784996558,2.1334699404495807,2.7997344390394607,1.77730955396073,0.2648749265669107,1.3968838083939028,-2.286975184008848,-0.3105434958348181
12.0,84.0,1004.2424926757812,-3.4591597774971627,-4.725609117238579,-1.4363177823308202,2.1334699404495807,2.7997352083917373,1.7767400925038652,0.2648749546084883,1.3972873746872183,-2.286972065866136,-0.3105431012229414
12.0,84.0,1004.2438354492188,-3.459154580780004,-4.725553922987379,-1.4363176585688022,2.1334699404495807,2.799734816329636,1.7772307011830817,0.2648749550132991,1.397290587445882,-2.286972077556704,-0.3105430005272604
12.0,84.0,1004.2438354492188,-3.4591597577345867,-4.726025216452783,-1.4363177775338838,2.1334699404495807,2.799734116049508,1.776758592314355,0.2648749546409362,1.3972873746872183,-2.286972849528932,-0.310542998454804
12.0,84.0,1004.2438354492188,-3.459154580780004,-4.725551047060336,-1.4363176585688022,2.1334699404495807,2.799734816329636,1.7772307011830817,0.2648749550132991,1.397290587445882,-2.286972077556704,-0.3105429957440384
12.0,84.0,1004.2440795898438,-3.459154580780004,-4.725629211397141,-1.4363176585688022,2.1334699404495807,2.799734816329636,1.7772461008091471,0.2648749550132991,1.3972873746872183,-2.286972077556704,-0.3105430005272604
12.0,84.0,1004.2440795898438,-3.459154580780004,-4.725629211397141,-1.4363176585688022,2.1334699404495807,2.799734816329636,1.7772461008091471,0.2648749550132991,1.3972873746872183,-2.286972077556704,-0.3105430005272604
12.0,84.0,1004.2445678710938,-3.459154580780004,-4.725766279277727,-1.4363176585688022,2.1334699404495807,2.799734816329636,1.7772461008091471,0.2648749538775967,1.3972873746872183,-2.286972077550669,-0.3105430005272604
12.0,84.0,1004.24462890625,-3.459154580780004,-4.725747798282541,-1.4363176585688022,2.1334699404495807,2.799734816329636,1.7772474010042236,0.2648749538775967,1.3972873746872183,-2.286904313051683,-0.3105429956516443
12.0,84.0,1004.24462890625,-3.459154580780004,-4.725750674209583,-1.4363176585688022,2.1334699404495807,2.799734816329636,1.7772474010042236,0.2648749538775967,1.3972873746872183,-2.286904313051683,-0.3105430004348664
12.0,84.0,1004.2449340820312,-3.459160046411991,-4.725897256200286,-1.436317780186479,2.1334699404495807,2.799734816329636,1.7772439406133564,0.2648749534070433,1.3972873746872183,-2.286972059669586,-0.3105435065996028
12.0,84.0,1004.2449951171876,-3.459154580780004,-4.725897256200286,-1.4363177799783162,2.1334699404495807,2.799734816329636,1.7772461008091471,0.2648749538775967,1.3972873746872183,-2.2869720133069964,-0.310547718667037
12.0,84.0,1004.2449951171876,-3.459154580780004,-4.725877079888139,-1.4363177804730478,2.1334699404495807,2.799729550181893,1.7772461008091471,0.2648749538247164,1.3972873746872183,-2.286972077556704,-0.3105430005031303
12.0,84.0,1004.2450561523438,-3.459154580780004,-4.725897256200286,-1.4363176585688022,2.1334699404495807,2.799734816329636,1.7772461008091471,0.2648749538775967,1.3972873746872183,-2.286972078052511,-0.3105429386398135
12.0,84.0,1004.2450561523438,-3.459160046411991,-4.725897256200286,-1.436317780186479,2.1334699404495807,2.799734816329636,1.777284036013673,0.2648749532925259,1.3972873746872183,-2.28697205987445,-0.3105434867405807
12.0,84.0,1004.2450561523438,-3.459160046411991,-4.725897256200286,-1.436317780186479,2.1334699404495807,2.799734816329636,1.777284036013673,0.2648749532925259,1.3972873746872183,-2.28697205987445,-0.3105434867405807
12.0,84.0,1004.2454223632812,-3.459144715681805,-4.72593957855651,-1.436317673902954,2.1334699404495807,2.799734816329636,1.7772461008091471,0.2648749541350886,1.397287822837441,-2.2869720133069964,-0.310547718667037
12.0,84.0,1004.2454223632812,-3.459144715681805,-4.72593957855651,-1.436317673902954,2.1334699404495807,2.799734816329636,1.7772461008091471,0.2648749541350886,1.397287822837441,-2.2869720133069964,-0.310547718667037
12.0,84.0,1004.2479248046876,-3.459057380008083,-4.728217846337418,-1.4363177998840342,2.1334699404495807,2.8057979602794734,1.7722155637446877,0.2648749306839781,1.3972873746872183,-2.2869682142448693,-0.3105429880401392
12.0,84.0,1004.2481079101562,-3.459051914376096,-4.728217846337418,-1.4363177996758714,2.1334699404495807,2.8057979602794734,1.7721776285401616,0.264874931269049,1.3972873746872183,-2.286968167677416,-0.3105472199665955
12.0,84.0,1004.2481079101562,-3.459051914376096,-4.728217846337418,-1.4363177996758714,2.1334699404495807,2.8057979602794734,1.7721776285401616,0.264874931269049,1.3972873746872183,-2.286968167677416,-0.3105472199665955
12.0,84.0,1004.2491455078124,-3.459144924170669,-4.728127698481892,-1.4363177782569894,2.1334699404495807,2.8001267007794866,1.7767192607362872,0.2648749541690603,1.396850957008435,-2.2869708139145417,-0.3105431001394105
12.0,84.0,1004.2493286132812,-3.459144924170669,-4.728142036912927,-1.4363177782569894,2.1334699404495807,2.8001267007794866,1.7767192607362872,0.2648749545554947,1.396850957008435,-2.2869413216856174,-0.3105431001061665
12.0,84.0,1004.251953125,-3.459144924170669,-4.728127698481892,-1.4363177782569894,2.1334699404495807,2.799613498634912,1.7767270364239776,0.2648749541690603,1.396850957008435,-2.286976117309645,-0.3105431001394105
12.0,84.0,1004.254150390625,-3.459059227144496,-4.726841199108124,-1.4363176587525237,2.1334699404495807,2.799318772254374,1.7771072881668333,0.2648749311519799,1.3972873746872183,-2.2869040351182752,-0.3105430959585473
12.0,84.0,1004.255126953125,-3.459055052748989,-4.728378094959976,-1.4363178215806631,2.1334699404495807,2.8001160174053545,1.7768445619547857,0.2648749547264142,1.3968808200930474,-2.2867914770256985,-0.3105478304537041
12.0,84.0,1004.255859375,-3.459154648332172,-4.7283916405053965,-1.4363177781207204,2.1334699404495807,2.799383329854876,1.7767382336933264,0.2648749380683479,1.396851319082154,-2.2869334646029738,-0.3105481358506879
12.0,84.0,1004.2564697265624,-3.459144783233973,-4.72843396286162,-1.436317672045358,2.1334699404495807,2.799383329854876,1.7767382336933264,0.2648749383258397,1.3968517672323768,-2.2869334646029738,-0.3105481358506879
12.0,84.0,1004.2571411132812,-3.459051914376096,-4.725588570833788,-1.436317653930597,2.1334699404495807,2.805761255106767,1.7720855927301349,0.2648749545186759,1.3972905997895926,-2.286968167677416,-0.3105472199665955
12.0,84.0,1004.2572021484376,-3.459057317518978,-4.725601167965806,-1.436317653930597,2.1334699404495807,2.8057973964316645,1.7720855927301349,0.2648749545974783,1.397290640189881,-2.286968167677416,-0.3105472199665955
12.0,84.0,1004.258056640625,-3.459055052748989,-4.728378094959976,-1.4363178215806631,2.1334699404495807,2.7996028152607804,1.7768523376424763,0.2648749547264142,1.3968808200930474,-2.2867967804208016,-0.3105478304537041
12.0,84.0,1004.25830078125,-3.4591597774971627,-4.7283688075115045,-1.4363177823308202,2.1334699404495807,2.800120279191194,1.7767400925038652,0.264874954603261,1.3972873746872183,-2.286941689513173,-0.3105431012229414
12.0,84.0,1004.2600708007812,-3.459159759877509,-4.728496323677009,-1.4363177997732357,2.1334699404495807,2.8001605433559,1.776856143539567,0.264874938696676,1.3972873746872183,-2.286941574205165,-0.310547903371293
12.0,84.0,1004.2601318359376,-3.459157733122132,-4.728496323677009,-1.4363177997542302,2.1334699404495807,2.8001605433559,1.776856143539567,0.2648749383258397,1.3972873746872183,-2.2869334646029738,-0.3105481358506879
12.0,84.0,1004.2601318359376,-3.459146360489086,-4.728496323677009,-1.436317672045358,2.1334699404495807,2.8001605433559,1.776856143539567,0.2648749383258397,1.397270414844753,-2.2869334646029738,-0.3105429618350009
12.0,84.0,1004.2608642578124,-3.4591545847885805,-4.721084336943278,-1.4363177799783162,2.1334699404495807,2.799734816329636,1.7772461008091471,0.2648749538720172,1.397270949191271,-2.2869720133069964,-0.3105477232752086
12.0,84.0,1004.2615966796876,-3.4590568948150016,-4.728496323677009,-1.436317785707513,2.1334699404495807,2.8001605433559,1.7767409675402754,0.2648749383258397,1.397284032453092,-2.2869334646029738,-0.3105481358506879
12.0,84.0,1004.2616577148438,-3.4591701074663,-4.72058573066552,-1.436317779129428,2.1334699404495807,2.7993511556417108,1.776721182435545,0.264874866349962,1.3961816240880711,-2.286903525027187,-0.3105479693583207
12.0,84.0,1004.261962890625,-3.459154580780004,-4.728183198491007,-1.4363178043140763,2.1334699404495807,2.7997715215023424,1.7773227369931084,0.2648749317636722,1.397287362343508,-2.286972077556704,-0.3105430005272604
12.0,84.0,1004.261962890625,-3.459154580780004,-4.728183198491007,-1.4363178043140763,2.1334699404495807,2.7997715215023424,1.7773227369931084,0.2648749317636722,1.397287362343508,-2.286972077556704,-0.3105430005272604
12.0,84.0,1004.2623291015624,-3.459057160326432,-4.728496323677009,-1.436317672045358,2.1334699404495807,2.8001605433559,1.776856143539567,0.2648749383258397,1.3972873746872183,-2.2869334646029738,-0.3105481358506879
12.0,84.0,1004.2639770507812,-3.4591689632586444,-4.720619058624823,-1.4363155420505656,2.1334699404495807,2.7995515152550525,1.7770663572429728,0.2648748675263772,1.396885596329567,-2.28696660743152,-0.3105429804368098
12.0,84.0,1004.2642822265624,-3.459144924170669,-4.720580104612429,-1.4363177782569894,2.1334699404495807,2.7993781234862816,1.777244245241758,0.2648749541561985,1.3968582706346704,-2.2869708139145417,-0.3105429719404065
12.0,84.0,1004.2643432617188,-3.4591597774971627,-4.728913032260393,-1.4363177823308202,2.1334699404495807,2.800132539219464,1.776758592314355,0.264874954603261,1.3972873746872183,-2.286941689513173,-0.3105431012229414
12.0,84.0,1004.264404296875,-3.459157750741786,-4.728913032260393,-1.4363177823118147,2.1334699404495807,2.800132539219464,1.776758592314355,0.2648749542324246,1.3972873746872183,-2.286933579910982,-0.3105433337023363
12.0,84.0,1004.2644653320312,-3.459144924170669,-4.720580668699708,-1.4363155155582092,2.1334699404495807,2.7993781234862816,1.777244245241758,0.264874952466494,1.3968859909374185,-2.286968160742011,-0.3105429718016198
12.0,84.0,1004.2646484375,-3.459147678271149,-4.72061805808527,-1.4363177737572996,2.1334699404495807,2.800096465041725,1.7767459361657514,0.2648749541561985,1.396850882419834,-2.2869708139145417,-0.3105477353746861
12.0,85.0,1004.236328125,-3.459144920162093,-4.725303259504848,-1.436315721695702,2.1334699404495807,2.800209069288904,1.777244245241758,0.2648749525760746,1.3969024164333657,-2.286968160742011,-0.3105429671934482
12.0,85.0,1004.2402954101562,-3.459144920162093,-4.725393587956717,-1.4363155155582092,2.1334699404495807,2.7993781234862816,1.777244245241758,0.2648749524720736,1.3969024164333657,-2.286968160742011,-0.3105429671934482
12.0,85.0,1004.2412109375,-3.459154655670139,-4.725770002741896,-1.4363176585688022,2.1334699404495807,2.8001612004495446,1.7767196149002722,0.2648749538775967,1.3972873746872183,-2.286904313051683,-0.3105479105014647
12.0,85.0,1004.2412109375,-3.459154655670139,-4.725770002741896,-1.4363176585688022,2.1334699404495807,2.8001612004495446,1.7767196149002722,0.2648749538775967,1.3972873746872183,-2.286904313051683,-0.3105479105014647
12.0,85.0,1004.2415771484376,-3.459155335378491,-4.72587961100281,-1.4363178173674562,2.1334699404495807,2.7993714143461967,1.777244245241758,0.2648749524720736,1.3969024164333657,-2.286968160742011,-0.3105430010783314
12.0,85.0,1004.2420654296876,-3.4590546717334845,-4.725952340045027,-1.4363155897129891,2.1334699404495807,2.7997344390394607,1.77730955396073,0.2648749283319526,1.3968838083939028,-2.286975184008848,-0.3105429872931642
12.0,85.0,1004.2420654296876,-3.4590546717334845,-4.725952340045027,-1.436317784996558,2.1334699404495807,2.7997344390394607,1.77730955396073,0.2648749265669107,1.3968838083939028,-2.286975184008848,-0.3105434958348181
12.0,85.0,1004.2420654296876,-3.4590546717334845,-4.725952340045027,-1.4363155897129891,2.1334699404495807,2.7997344390394607,1.77730955396073,0.2648749283319526,1.3968838083939028,-2.286975184008848,-0.3105429872931642
12.0,85.0,1004.2424926757812,-3.4591597774971627,-4.725609117238579,-1.4363177823308202,2.1334699404495807,2.7997352083917373,1.7767400925038652,0.2648749546084883,1.3972873746872183,-2.286972065866136,-0.3105431012229414
12.0,85.0,1004.2424926757812,-3.4591597774971627,-4.725609117238579,-1.4363177823308202,2.1334699404495807,2.7997352083917373,1.7767400925038652,0.2648749546084883,1.3972873746872183,-2.286972065866136,-0.3105431012229414
12.0,85.0,1004.2424926757812,-3.4591597774971627,-4.725609117238579,-1.4363177823308202,2.1334699404495807,2.7997352083917373,1.7767400925038652,0.2648749546084883,1.3972873746872183,-2.286972065866136,-0.3105431012229414
12.0,85.0,1004.2426147460938,-3.459154658847096,-4.725765638369488,-1.4363176585688022,2.1334699404495807,2.8001612004495446,1.7772569172914077,0.2648749538619521,1.3972873746872183,-2.286967204174414,-0.310543006513905
12.0,85.0,1004.2438354492188,-3.459154580780004,-4.725553922987379,-1.4363176585688022,2.1334699404495807,2.799734816329636,1.7772307011830817,0.2648749550132991,1.397290587445882,-2.286972077556704,-0.3105430005272604
12.0,85.0,1004.2438354492188,-3.4591597577345867,-4.726025216452783,-1.4363177775338838,2.1334699404495807,2.799734116049508,1.776758592314355,0.2648749546409362,1.3972873746872183,-2.286972849528932,-0.310542998454804
12.0,85.0,1004.2438354492188,-3.459154580780004,-4.725551047060336,-1.4363176585688022,2.1334699404495807,2.799734816329636,1.7772307011830817,0.2648749550132991,1.397290587445882,-2.286972077556704,-0.3105429957440384
12.0,85.0,1004.2438354492188,-3.459154580780004,-4.725551047060336,-1.4363176585688022,2.1334699404495807,2.799734816329636,1.7772307011830817,0.2648749550132991,1.397290587445882,-2.286972077556704,-0.3105429957440384
12.0,85.0,1004.2440795898438,-3.459154580780004,-4.725629211397141,-1.4363176585688022,2.1334699404495807,2.799734816329636,1.7772461008091471,0.2648749550132991,1.3972873746872183,-2.286972077556704,-0.3105430005272604
12.0,85.0,1004.2440795898438,-3.459154580780004,-4.725629211397141,-1.4363176585688022,2.1334699404495807,2.799734816329636,1.7772461008091471,0.2648749550132991,1.3972873746872183,-2.286972077556704,-0.3105430005272604
12.0,85.0,1004.2442016601562,-3.4591448767854525,-4.725553922987379,-1.4363176585688022,2.1334699404495807,2.7997385331532905,1.7772307011830817,0.2648749550132991,1.3973019117924308,-2.286972077556704,-0.3105430005272604
12.0,85.0,1004.2445678710938,-3.459154580780004,-4.725766279277727,-1.4363176585688022,2.1334699404495807,2.799734816329636,1.7772461008091471,0.2648749538775967,1.3972873746872183,-2.286972077550669,-0.3105430005272604
12.0,85.0,1004.2445678710938,-3.459154580780004,-4.725692563721206,-1.4363177901280106,2.1334699404495807,2.799730388711916,1.7772941067865524,0.2648749539165373,1.3972873746872183,-2.28693983267193,-0.3105429956516443
12.0,85.0,1004.24462890625,-3.459154580780004,-4.725747798282541,-1.4363176585688022,2.1334699404495807,2.799734816329636,1.7772474010042236,0.2648749538775967,1.3972873746872183,-2.286904313051683,-0.3105429956516443
12.0,85.0,1004.24462890625,-3.459154580780004,-4.725750674209583,-1.4363176585688022,2.1334699404495807,2.799734816329636,1.7772474010042236,0.2648749538775967,1.3972873746872183,-2.286904313051683,-0.3105430004348664
12.0,85.0,1004.2447509765624,-3.4591586647933417,-4.725993175694977,-1.4363177775338838,2.1334699404495807,2.799734116049508,1.7770808173429569,0.2648749546409362,1.3972873746872183,-2.2869710884961787,-0.3105430972684067
12.0,85.0,1004.2447509765624,-3.4591546570899023,-4.725851563838752,-1.436317672045358,2.1334699404495807,2.799383329854876,1.7767382336933264,0.2648749383258397,1.39725372343563,-2.2869334646029738,-0.3105429564760163
12.0,85.0,1004.2448120117188,-3.459154580780004,-4.725766279277727,-1.4363176585688022,2.1334699404495807,2.799734877256852,1.7773065727736186,0.2648749533254674,1.3972926972232245,-2.286972077550669,-0.3105430005272604
12.0,85.0,1004.2449340820312,-3.459160046411991,-4.725897256200286,-1.436317780186479,2.1334699404495807,2.799734816329636,1.7772439406133564,0.2648749534070433,1.3972873746872183,-2.286972059669586,-0.3105435065996028
12.0,85.0,1004.2449951171876,-3.459154580780004,-4.725897256200286,-1.4363177799783162,2.1334699404495807,2.799734816329636,1.7772461008091471,0.2648749538775967,1.3972873746872183,-2.2869720133069964,-0.310547718667037
12.0,85.0,1004.2449951171876,-3.459154580780004,-4.725877079888139,-1.4363177804730478,2.1334699404495807,2.799729550181893,1.7772461008091471,0.2648749538247164,1.3972873746872183,-2.286972077556704,-0.3105430005031303
12.0,85.0,1004.2449951171876,-3.459154580780004,-4.725897256200286,-1.4363177799783162,2.1334699404495807,2.799734816329636,1.7772461008091471,0.2648749538775967,1.3972873746872183,-2.2869720133069964,-0.310547718667037
12.0,85.0,1004.2450561523438,-3.459154580780004,-4.725897256200286,-1.4363176585688022,2.1334699404495807,2.799734816329636,1.7772461008091471,0.2648749538775967,1.3972873746872183,-2.286972078052511,-0.3105429386398135
12.0,85.0,1004.2450561523438,-3.459160046411991,-4.725897256200286,-1.436317780186479,2.1334699404495807,2.799734816329636,1.777284036013673,0.2648749532925259,1.3972873746872183,-2.28697205987445,-0.3105434867405807
12.0,85.0,1004.2450561523438,-3.459160046411991,-4.725897256200286,-1.436317780186479,2.1334699404495807,2.799734816329636,1.777284036013673,0.2648749532925259,1.3972873746872183,-2.28697205987445,-0.3105434867405807
12.0,85.0,1004.2450561523438,-3.459154580780004,-4.725897256200286,-1.4363176585688022,2.1334699404495807,2.799734816329636,1.7772461008091471,0.2648749538775967,1.3972873746872183,-2.286972078052511,-0.3105429386398135
12.0,85.0,1004.2450561523438,-3.459160046411991,-4.725897256200286,-1.436317780186479,2.1334699404495807,2.799734816329636,1.777284036013673,0.2648749533017009,1.3972873746872183,-2.286972059657963,-0.3105435062284941
12.0,85.0,1004.2450561523438,-3.459154580780004,-4.725897256200286,-1.436317779984,2.1334699404495807,2.799734816329636,1.7772461008091471,0.2648749538775967,1.3972873746872183,-2.2869720152469672,-0.3105434444644726
12.0,85.0,1004.2454223632812,-3.459144715681805,-4.72593957855651,-1.436317673902954,2.1334699404495807,2.799734816329636,1.7772461008091471,0.2648749541350886,1.397287822837441,-2.2869720133069964,-0.310547718667037
12.0,85.0,1004.2454223632812,-3.459144715681805,-4.72593957855651,-1.436317673902954,2.1334699404495807,2.799734816329636,1.7772461008091471,0.2648749541350886,1.397287822837441,-2.2869720133069964,-0.310547718667037
12.0,85.0,1004.2454223632812,-3.459144715681805,-4.72593957855651,-1.436317673902954,2.1334699404495807,2.799734816329636,1.7772461008091471,0.2648749541350886,1.397287822837441,-2.2869720133069964,-0.310547718667037
12.0,85.0,1004.2477416992188,-3.459056607291034,-4.725952340045027,-1.4363156649537314,2.1334699404495807,2.7997348159104485,1.77730955396073,0.2648749283319526,1.3973011713235406,-2.286975184008848,-0.3105429879201205
12.0,85.0,1004.2479248046876,-3.459057380008083,-4.728217846337418,-1.4363177998840342,2.1334699404495807,2.8057979602794734,1.7722155637446877,0.2648749306839781,1.3972873746872183,-2.2869682142448693,-0.3105429880401392
12.0,85.0,1004.2479248046876,-3.459057380008083,-4.728217846337418,-1.4363177998840342,2.1334699404495807,2.8057979602794734,1.7722155637446877,0.2648749306839781,1.3972873746872183,-2.2869682142448693,-0.3105429880401392
12.0,85.0,1004.2481079101562,-3.459051914376096,-4.728217846337418,-1.4363177996758714,2.1334699404495807,2.8057979602794734,1.7721776285401616,0.264874931269049,1.3972873746872183,-2.286968167677416,-0.3105472199665955
12.0,85.0,1004.2481079101562,-3.459051914376096,-4.728217846337418,-1.4363177996758714,2.1334699404495807,2.8057979602794734,1.7721776285401616,0.264874931269049,1.3972873746872183,-2.286968167677416,-0.3105472199665955
12.0,85.0,1004.2491455078124,-3.459144924170669,-4.728127698481892,-1.4363177782569894,2.1334699404495807,2.8001267007794866,1.7767192607362872,0.2648749541690603,1.396850957008435,-2.2869708139145417,-0.3105431001394105
12.0,85.0,1004.2493286132812,-3.459144924170669,-4.728142036912927,-1.4363177782569894,2.1334699404495807,2.8001267007794866,1.7767192607362872,0.2648749545554947,1.396850957008435,-2.2869413216856174,-0.3105431001061665
12.0,85.0,1004.250244140625,-3.459147974517847,-4.728142036912927,-1.436317653157302,2.1334699404495807,2.8001267007794866,1.7767425570914732,0.2648749545554947,1.396906841819186,-2.2869413216856174,-0.3105431001061665
12.0,85.0,1004.2515869140624,-3.459154628165221,-4.728127698481892,-1.4363177782569894,2.1334699404495807,2.7996097818112573,1.7767270364239776,0.2648749541690603,1.3968396326618862,-2.286976117309645,-0.3105431001394105
12.0,85.0,1004.251953125,-3.459144924170669,-4.728127698481892,-1.4363177782569894,2.1334699404495807,2.799613498634912,1.7767270364239776,0.2648749541690603,1.396850957008435,-2.286976117309645,-0.3105431001394105
12.0,85.0,1004.2520141601562,-3.459144924170669,-4.728127698481892,-1.4363177782569894,2.1334699404495807,2.7995928855213186,1.7767270364239776,0.264874938171758,1.396850957008435,-2.286976117309645,-0.3105477332988808
12.0,86.0,1004.236328125,-3.459144920162093,-4.725303259504848,-1.436315721695702,2.1334699404495807,2.800209069288904,1.777244245241758,0.2648749525760746,1.3969024164333657,-2.286968160742011,-0.3105429671934482
12.0,86.0,1004.2396240234376,-3.45914573719739,-4.725766279277727,-1.4363157936349396,2.1334699404495807,2.7997260794143,1.7773065727736186,0.2648749525641714,1.3968920680167705,-2.286972077550669,-0.3105430005272604
12.0,86.0,1004.2402954101562,-3.459144920162093,-4.725393587956717,-1.4363155155582092,2.1334699404495807,2.7993781234862816,1.777244245241758,0.2648749524720736,1.3969024164333657,-2.286968160742011,-0.3105429671934482
12.0,86.0,1004.2412109375,-3.459154655670139,-4.725770002741896,-1.4363176585688022,2.1334699404495807,2.8001612004495446,1.7767196149002722,0.2648749538775967,1.3972873746872183,-2.286904313051683,-0.3105479105014647
12.0,86.0,1004.2412109375,-3.459154655670139,-4.725770002741896,-1.4363176585688022,2.1334699404495807,2.8001612004495446,1.7767196149002722,0.2648749538775967,1.3972873746872183,-2.286904313051683,-0.3105479105014647
12.0,86.0,1004.2413330078124,-3.4591546570899023,-4.725851563838752,-1.436317672045358,2.1334699404495807,2.8001845027973298,1.7767382336933264,0.2648749534047783,1.3972864268764913,-2.2869333830880474,-0.310542955375411
12.0,86.0,1004.2415161132812,-3.459155335378491,-4.725881767345476,-1.4363178244106465,2.1334699404495807,2.7993875813177347,1.777244245241758,0.2648749524720736,1.3969024164333657,-2.286968160742011,-0.3105430010783314
12.0,86.0,1004.2415771484376,-3.459155335378491,-4.72587961100281,-1.4363178173674562,2.1334699404495807,2.7993714143461967,1.777244245241758,0.2648749524720736,1.3969024164333657,-2.286968160742011,-0.3105430010783314
12.0,86.0,1004.2418212890624,-3.459059443586221,-4.725371247845531,-1.4363155155582092,2.1334699404495807,2.7994023233714778,1.777308782447493,0.264874954239892,1.3968840794475623,-2.286968160742011,-0.3105429889827284
12.0,86.0,1004.2420654296876,-3.4590546717334845,-4.725952340045027,-1.4363155897129891,2.1334699404495807,2.7997344390394607,1.77730955396073,0.2648749283319526,1.3968838083939028,-2.286975184008848,-0.3105429872931642
12.0,86.0,1004.2420654296876,-3.4590546717334845,-4.725952340045027,-1.436317784996558,2.1334699404495807,2.7997344390394607,1.77730955396073,0.2648749265669107,1.3968838083939028,-2.286975184008848,-0.3105434958348181
12.0,86.0,1004.2420654296876,-3.4590546717334845,-4.725952340045027,-1.4363155897129891,2.1334699404495807,2.7997344390394607,1.77730955396073,0.2648749283319526,1.3968838083939028,-2.286975184008848,-0.3105429872931642
12.0,86.0,1004.2420654296876,-3.4590546717334845,-4.725952340045027,-1.436317784996558,2.1334699404495807,2.7997344390394607,1.77730955396073,0.2648749265669107,1.3968838083939028,-2.286975184008848,-0.3105434958348181
12.0,86.0,1004.2424926757812,-3.4591597774971627,-4.725609117238579,-1.4363177823308202,2.1334699404495807,2.7997352083917373,1.7767400925038652,0.2648749546084883,1.3972873746872183,-2.286972065866136,-0.3105431012229414
12.0,86.0,1004.2424926757812,-3.4591597774971627,-4.725609117238579,-1.4363177823308202,2.1334699404495807,2.7997352083917373,1.7767400925038652,0.2648749546084883,1.3972873746872183,-2.286972065866136,-0.3105431012229414
12.0,86.0,1004.2424926757812,-3.4591597774971627,-4.725609117238579,-1.4363177823308202,2.1334699404495807,2.7997352083917373,1.7767400925038652,0.2648749546084883,1.3972873746872183,-2.286972065866136,-0.3105431012229414
12.0,86.0,1004.2426147460938,-3.459154658847096,-4.725765638369488,-1.4363176585688022,2.1334699404495807,2.8001612004495446,1.7772569172914077,0.2648749538619521,1.3972873746872183,-2.286967204174414,-0.310543006513905
12.0,86.0,1004.2437744140624,-3.459154580780004,-4.7255459174797005,-1.4363176585688022,2.1334699404495807,2.799734816329636,1.777230339137275,0.2648749549758875,1.3972873598537865,-2.286972077556704,-0.3105429957440384
12.0,86.0,1004.2438354492188,-3.459154580780004,-4.725553922987379,-1.4363176585688022,2.1334699404495807,2.799734816329636,1.7772307011830817,0.2648749550132991,1.397290587445882,-2.286972077556704,-0.3105430005272604
12.0,86.0,1004.2438354492188,-3.4591597577345867,-4.726025216452783,-1.4363177775338838,2.1334699404495807,2.799734116049508,1.776758592314355,0.2648749546409362,1.3972873746872183,-2.286972849528932,-0.310542998454804
12.0,86.0,1004.2438354492188,-3.459154580780004,-4.725551047060336,-1.4363176585688022,2.1334699404495807,2.799734816329636,1.7772307011830817,0.2648749550132991,1.397290587445882,-2.286972077556704,-0.3105429957440384
12.0,86.0,1004.2438354492188,-3.459154580780004,-4.725551047060336,-1.4363176585688022,2.1334699404495807,2.799734816329636,1.7772307011830817,0.2648749550132991,1.397290587445882,-2.286972077556704,-0.3105429957440384
12.0,86.0,1004.2438354492188,-3.459154580780004,-4.725553922987379,-1.4363176585688022,2.1334699404495807,2.799734816329636,1.7772307011830817,0.2648749524819823,1.397290587445882,-2.286967695465965,-0.3105430005272604
12.0,86.0,1004.2438354492188,-3.4591607716297794,-4.725609117238579,-1.4363176553869148,2.1334699404495807,2.799735191517096,1.7772201432851025,0.2648749546243482,1.3972902535836098,-2.2869720778938576,-0.3105431012229414
12.0,86.0,1004.2438354492188,-3.4591597577345867,-4.726025216452783,-1.4363177775338838,2.1334699404495807,2.799734116049508,1.776758592314355,0.2648749546421701,1.3972873746872183,-2.286972058806011,-0.310542998454804
12.0,86.0,1004.2440795898438,-3.459154580780004,-4.725629211397141,-1.4363176585688022,2.1334699404495807,2.799734816329636,1.7772461008091471,0.2648749550132991,1.3972873746872183,-2.286972077556704,-0.3105430005272604
12.0,86.0,1004.2440795898438,-3.459154580780004,-4.725629211397141,-1.4363176585688022,2.1334699404495807,2.799734816329636,1.7772461008091471,0.2648749550132991,1.3972873746872183,-2.286972077556704,-0.3105430005272604
12.0,86.0,1004.2442016601562,-3.4591448767854525,-4.725553922987379,-1.4363176585688022,2.1334699404495807,2.7997385331532905,1.7772307011830817,0.2648749550132991,1.3973019117924308,-2.286972077556704,-0.3105430005272604
12.0,86.0,1004.2442016601562,-3.459144464087633,-4.725553922987379,-1.4363176372433044,2.1334699404495807,2.799715656517808,1.7772455138959198,0.2648749524365263,1.397290587445882,-2.2869680512256814,-0.31054299830986
12.0,86.0,1004.2445678710938,-3.459154580780004,-4.725766279277727,-1.4363176585688022,2.1334699404495807,2.799734816329636,1.7772461008091471,0.2648749538775967,1.3972873746872183,-2.286972077550669,-0.3105430005272604
12.0,86.0,1004.2445678710938,-3.459154580780004,-4.725692563721206,-1.4363177901280106,2.1334699404495807,2.799730388711916,1.7772941067865524,0.2648749539165373,1.3972873746872183,-2.28693983267193,-0.3105429956516443
12.0,86.0,1004.24462890625,-3.459154580780004,-4.725747798282541,-1.4363176585688022,2.1334699404495807,2.799734816329636,1.7772474010042236,0.2648749538775967,1.3972873746872183,-2.286904313051683,-0.3105429956516443
12.0,86.0,1004.24462890625,-3.459154580780004,-4.725750674209583,-1.4363176585688022,2.1334699404495807,2.799734816329636,1.7772474010042236,0.2648749538775967,1.3972873746872183,-2.286904313051683,-0.3105430004348664
12.0,86.0,1004.2447509765624,-3.4591586647933417,-4.725993175694977,-1.4363177775338838,2.1334699404495807,2.799734116049508,1.7770808173429569,0.2648749546409362,1.3972873746872183,-2.2869710884961787,-0.3105430972684067
12.0,86.0,1004.2447509765624,-3.4591546570899023,-4.725851563838752,-1.436317672045358,2.1334699404495807,2.799383329854876,1.7767382336933264,0.2648749383258397,1.39725372343563,-2.2869334646029738,-0.3105429564760163
12.0,86.0,1004.2447509765624,-3.459154580780004,-4.725755803790219,-1.4363176585688022,2.1334699404495807,2.799734816329636,1.7772477630500303,0.2648749539150083,1.397290602279314,-2.286904313051683,-0.3105430004348664
12.0,86.0,1004.2448120117188,-3.459154580780004,-4.725766279277727,-1.4363176585688022,2.1334699404495807,2.799734877256852,1.7773065727736186,0.2648749533254674,1.3972926972232245,-2.286972077550669,-0.3105430005272604
12.0,86.0,1004.244873046875,-3.459170559116329,-4.725897256200286,-1.436317780186479,2.1334699404495807,2.7997344381043465,1.777284036013673,0.2648749533017009,1.3972873746872183,-2.286972059657963,-0.3105435062284941
12.0,86.0,1004.2449340820312,-3.459160046411991,-4.725897256200286,-1.436317780186479,2.1334699404495807,2.799734816329636,1.7772439406133564,0.2648749534070433,1.3972873746872183,-2.286972059669586,-0.3105435065996028
12.0,86.0,1004.2449340820312,-3.459054196712379,-4.725630597073821,-1.4363157144359433,2.1334699404495807,2.7997352083917373,1.776757086867831,0.2648749303901899,1.397300915396671,-2.286972065866136,-0.3105429924590396
12.0,86.0,1004.2449340820312,-3.459160046411991,-4.725897256200286,-1.436317780186479,2.1334699404495807,2.799734816329636,1.7772439406133564,0.2648749534058094,1.3972873746872183,-2.286972850392507,-0.3105435065996028
12.0,86.0,1004.2449951171876,-3.459154580780004,-4.725897256200286,-1.4363177799783162,2.1334699404495807,2.799734816329636,1.7772461008091471,0.2648749538775967,1.3972873746872183,-2.2869720133069964,-0.310547718667037
12.0,86.0,1004.2449951171876,-3.459154580780004,-4.725877079888139,-1.4363177804730478,2.1334699404495807,2.799729550181893,1.7772461008091471,0.2648749538247164,1.3972873746872183,-2.286972077556704,-0.3105430005031303
12.0,86.0,1004.2449951171876,-3.459154580780004,-4.725897256200286,-1.4363177799783162,2.1334699404495807,2.799734816329636,1.7772461008091471,0.2648749538775967,1.3972873746872183,-2.2869720133069964,-0.310547718667037
12.0,86.0,1004.2449951171876,-3.459154580780004,-4.7258958446971455,-1.4363177799783162,2.1334699404495807,2.799734816329636,1.7772460516648672,0.2648749538775967,1.3972873746872183,-2.2869720133069964,-0.310547718667037
12.0,86.0,1004.2450561523438,-3.459154580780004,-4.725897256200286,-1.4363176585688022,2.1334699404495807,2.799734816329636,1.7772461008091471,0.2648749538775967,1.3972873746872183,-2.286972078052511,-0.3105429386398135
12.0,86.0,1004.2450561523438,-3.459160046411991,-4.725897256200286,-1.436317780186479,2.1334699404495807,2.799734816329636,1.777284036013673,0.2648749532925259,1.3972873746872183,-2.28697205987445,-0.3105434867405807
12.0,86.0,1004.2450561523438,-3.459160046411991,-4.725897256200286,-1.436317780186479,2.1334699404495807,2.799734816329636,1.777284036013673,0.2648749532925259,1.3972873746872183,-2.28697205987445,-0.3105434867405807
12.0,86.0,1004.2450561523438,-3.459154580780004,-4.725897256200286,-1.4363176585688022,2.1334699404495807,2.799734816329636,1.7772461008091471,0.2648749538775967,1.3972873746872183,-2.286972078052511,-0.3105429386398135
12.0,86.0,1004.2450561523438,-3.459160046411991,-4.725897256200286,-1.436317780186479,2.1334699404495807,2.799734816329636,1.777284036013673,0.2648749533017009,1.3972873746872183,-2.286972059657963,-0.3105435062284941
12.0,87.0,1004.236328125,-3.459144920162093,-4.725303259504848,-1.436315721695702,2.1334699404495807,2.800209069288904,1.777244245241758,0.2648749525760746,1.3969024164333657,-2.286968160742011,-0.3105429671934482
12.0,87.0,1004.23876953125,-3.459154902961988,-4.725393587956717,-1.436317699350791,2.1334699404495807,2.7993770786307786,1.7767238648001482,0.2648749524720736,1.3969047808168833,-2.286968160742011,-0.3105429671934482
12.0,87.0,1004.2396240234376,-3.45914573719739,-4.725766279277727,-1.4363157936349396,2.1334699404495807,2.7997260794143,1.7773065727736186,0.2648749525641714,1.3968920680167705,-2.286972077550669,-0.3105430005272604
12.0,87.0,1004.2401123046876,-3.459153913027851,-4.725550473629907,-1.4363176508803337,2.1334699404495807,2.7994194959152328,1.7772328077942416,0.264874954239892,1.3968934259846602,-2.2869724840295635,-0.3105429957152217
12.0,87.0,1004.2402954101562,-3.459144920162093,-4.725393587956717,-1.4363155155582092,2.1334699404495807,2.7993781234862816,1.777244245241758,0.2648749524720736,1.3969024164333657,-2.286968160742011,-0.3105429671934482
12.0,87.0,1004.2406005859376,-3.459143410321156,-4.725393587956717,-1.4363155155582092,2.1334699404495807,2.7993781234862816,1.7773236633042642,0.2648749524518368,1.3969061105355902,-2.2869681957124297,-0.3105429671934482
12.0,87.0,1004.2407836914062,-3.459052077095235,-4.725558360655391,-1.436317784996558,2.1334699404495807,2.7997344390394607,1.77730955396073,0.2648749546969642,1.3968838083939028,-2.286975184008848,-0.3105434958348181
12.0,87.0,1004.2412109375,-3.459154655670139,-4.725770002741896,-1.4363176585688022,2.1334699404495807,2.8001612004495446,1.7767196149002722,0.2648749538775967,1.3972873746872183,-2.286904313051683,-0.3105479105014647
12.0,87.0,1004.2412109375,-3.459154655670139,-4.725770002741896,-1.4363176585688022,2.1334699404495807,2.8001612004495446,1.7767196149002722,0.2648749538775967,1.3972873746872183,-2.286904313051683,-0.3105479105014647
12.0,87.0,1004.2412109375,-3.4591553657520486,-4.72587961100281,-1.4363178173674562,2.1334699404495807,2.7993714143461967,1.777230432911579,0.2648749524720736,1.3968801635967003,-2.2869719243756093,-0.3105430010783314
12.0,87.0,1004.2412109375,-3.459154655670139,-4.725771309331996,-1.4363176585688022,2.1334699404495807,2.8001612004495446,1.77671003839058,0.2648749538775967,1.3972873746872183,-2.286904313051683,-0.31054310379705
12.0,87.0,1004.2413330078124,-3.4591546570899023,-4.725851563838752,-1.436317672045358,2.1334699404495807,2.8001845027973298,1.7767382336933264,0.2648749534047783,1.3972864268764913,-2.2869333830880474,-0.310542955375411
12.0,87.0,1004.2415161132812,-3.459155335378491,-4.725881767345476,-1.4363178244106465,2.1334699404495807,2.7993875813177347,1.777244245241758,0.2648749524720736,1.3969024164333657,-2.286968160742011,-0.3105430010783314
12.0,87.0,1004.2415771484376,-3.459155335378491,-4.72587961100281,-1.4363178173674562,2.1334699404495807,2.7993714143461967,1.777244245241758,0.2648749524720736,1.3969024164333657,-2.286968160742011,-0.3105430010783314
12.0,87.0,1004.2418212890624,-3.459059443586221,-4.725371247845531,-1.4363155155582092,2.1334699404495807,2.7994023233714778,1.777308782447493,0.264874954239892,1.3968840794475623,-2.286968160742011,-0.3105429889827284
12.0,87.0,1004.2418823242188,-3.459160182655425,-4.725306222830987,-1.4363177847868462,2.1334699404495807,2.7997352083917373,1.7767474222908168,0.2648749546084883,1.3972873746872183,-2.286972065866136,-0.3105431006823588
12.0,87.0,1004.2420654296876,-3.4590546717334845,-4.725952340045027,-1.4363155897129891,2.1334699404495807,2.7997344390394607,1.77730955396073,0.2648749283319526,1.3968838083939028,-2.286975184008848,-0.3105429872931642
12.0,87.0,1004.2420654296876,-3.4590546717334845,-4.725952340045027,-1.436317784996558,2.1334699404495807,2.7997344390394607,1.77730955396073,0.2648749265669107,1.3968838083939028,-2.286975184008848,-0.3105434958348181
12.0,87.0,1004.2420654296876,-3.4590546717334845,-4.725952340045027,-1.4363155897129891,2.1334699404495807,2.7997344390394607,1.77730955396073,0.2648749283319526,1.3968838083939028,-2.286975184008848,-0.3105429872931642
12.0,87.0,1004.2420654296876,-3.4590546717334845,-4.725952340045027,-1.436317784996558,2.1334699404495807,2.7997344390394607,1.77730955396073,0.2648749265669107,1.3968838083939028,-2.286975184008848,-0.3105434958348181
12.0,87.0,1004.2420654296876,-3.4590546717334845,-4.725952340045027,-1.4363155897129891,2.1334699404495807,2.7997344390394607,1.77730955396073,0.2648749283319526,1.3968838083939028,-2.286975184008848,-0.3105429872931642
12.0,87.0,1004.2421875,-3.4591544915807604,-4.72584875064562,-1.436317674006868,2.1334699404495807,2.800184136259724,1.7770808173429569,0.264874954658329,1.3972873746872183,-2.2869710884961787,-0.3105430972684067
12.0,87.0,1004.242431640625,-3.4591545812270104,-4.72576174912431,-1.4363176585688022,2.1334699404495807,2.800174943117405,1.7772307506982263,0.2648749550132991,1.3972874079244295,-2.286971992422042,-0.3105430005272604
12.0,87.0,1004.2424926757812,-3.4591597774971627,-4.725609117238579,-1.4363177823308202,2.1334699404495807,2.7997352083917373,1.7767400925038652,0.2648749546084883,1.3972873746872183,-2.286972065866136,-0.3105431012229414
12.0,87.0,1004.2424926757812,-3.4591597774971627,-4.725609117238579,-1.4363177823308202,2.1334699404495807,2.7997352083917373,1.7767400925038652,0.2648749546084883,1.3972873746872183,-2.286972065866136,-0.3105431012229414
12.0,87.0,1004.2424926757812,-3.4591597774971627,-4.725609117238579,-1.4363177823308202,2.1334699404495807,2.7997352083917373,1.7767400925038652,0.2648749546084883,1.3972873746872183,-2.286972065866136,-0.3105431012229414
12.0,87.0,1004.2426147460938,-3.459154658847096,-4.725765638369488,-1.4363176585688022,2.1334699404495807,2.8001612004495446,1.7772569172914077,0.2648749538619521,1.3972873746872183,-2.286967204174414,-0.310543006513905
12.0,87.0,1004.2428588867188,-3.459144672870244,-4.725770002741896,-1.4363154747762208,2.1334699404495807,2.800162245305047,1.7772399953418818,0.2648749538775967,1.397285010303701,-2.286904313051683,-0.3105479105014647
12.0,87.0,1004.2435302734376,-3.4591612675755243,-4.726025216452783,-1.4363177775338838,2.1334699404495807,2.799734116049508,1.7766791742518488,0.264874954661173,1.3972836805849935,-2.286972814558513,-0.310542998454804
12.0,87.0,1004.2437744140624,-3.459154580780004,-4.7255459174797005,-1.4363176585688022,2.1334699404495807,2.799734816329636,1.777230339137275,0.2648749549758875,1.3972873598537865,-2.286972077556704,-0.3105429957440384
12.0,87.0,1004.2437744140624,-3.4591597774971627,-4.726020605832731,-1.4363177823308202,2.1334699404495807,2.7997352083917373,1.7767400925038652,0.2648749546415344,1.3972873746872183,-2.286972065866136,-0.3105431035004316
12.0,87.0,1004.2437744140624,-3.459154655357843,-4.7255459174797005,-1.4363176585688022,2.1334699404495807,2.799734816329636,1.777230339137275,0.2648749549758875,1.3972873598537865,-2.286972077556704,-0.3105429957440384
12.0,87.0,1004.2437744140624,-3.459158830302484,-4.725995988888109,-1.4363177755723735,2.1334699404495807,2.7997344825871138,1.7767382336933264,0.2648749533873856,1.3972864268764913,-2.2869333830880474,-0.310542955375411
12.0,87.0,1004.2438354492188,-3.459154580780004,-4.725553922987379,-1.4363176585688022,2.1334699404495807,2.799734816329636,1.7772307011830817,0.2648749550132991,1.397290587445882,-2.286972077556704,-0.3105430005272604
12.0,87.0,1004.2438354492188,-3.4591597577345867,-4.726025216452783,-1.4363177775338838,2.1334699404495807,2.799734116049508,1.776758592314355,0.2648749546409362,1.3972873746872183,-2.286972849528932,-0.310542998454804
12.0,87.0,1004.2438354492188,-3.459154580780004,-4.725551047060336,-1.4363176585688022,2.1334699404495807,2.799734816329636,1.7772307011830817,0.2648749550132991,1.397290587445882,-2.286972077556704,-0.3105429957440384
12.0,87.0,1004.2438354492188,-3.459154580780004,-4.725551047060336,-1.4363176585688022,2.1334699404495807,2.799734816329636,1.7772307011830817,0.2648749550132991,1.397290587445882,-2.286972077556704,-0.3105429957440384
12.0,87.0,1004.2438354492188,-3.459154580780004,-4.725553922987379,-1.4363176585688022,2.1334699404495807,2.799734816329636,1.7772307011830817,0.2648749524819823,1.397290587445882,-2.286967695465965,-0.3105430005272604
12.0,87.0,1004.2438354492188,-3.4591607716297794,-4.725609117238579,-1.4363176553869148,2.1334699404495807,2.799735191517096,1.7772201432851025,0.2648749546243482,1.3972902535836098,-2.2869720778938576,-0.3105431012229414
12.0,87.0,1004.2438354492188,-3.4591597577345867,-4.726025216452783,-1.4363177775338838,2.1334699404495807,2.799734116049508,1.776758592314355,0.2648749546421701,1.3972873746872183,-2.286972058806011,-0.310542998454804
12.0,87.0,1004.2439575195312,-3.4591448767854525,-4.725553484455904,-1.4363176585810202,2.1334699404495807,2.7997385331532905,1.7772196037022334,0.2648749550132991,1.397290580272329,-2.286972077556704,-0.3105430021272115
12.0,87.0,1004.2440185546876,-3.4591607716297794,-4.725609555770053,-1.436317655374697,2.1334699404495807,2.799735191517096,1.7772312407659503,0.2648749546243482,1.3973015851037116,-2.2869720778938576,-0.3105430996229903
12.0,87.0,1004.2440795898438,-3.459154580780004,-4.725629211397141,-1.4363176585688022,2.1334699404495807,2.799734816329636,1.7772461008091471,0.2648749550132991,1.3972873746872183,-2.286972077556704,-0.3105430005272604
12.0,87.0,1004.2440795898438,-3.459154580780004,-4.725629211397141,-1.4363176585688022,2.1334699404495807,2.799734816329636,1.7772461008091471,0.2648749550132991,1.3972873746872183,-2.286972077556704,-0.3105430005272604
12.0,87.0,1004.2442016601562,-3.4591448767854525,-4.725553922987379,-1.4363176585688022,2.1334699404495807,2.7997385331532905,1.7772307011830817,0.2648749550132991,1.3973019117924308,-2.286972077556704,-0.3105430005272604
12.0,87.0,1004.2442016601562,-3.459144464087633,-4.725553922987379,-1.4363176372433044,2.1334699404495807,2.799715656517808,1.7772455138959198,0.2648749524365263,1.397290587445882,-2.2869680512256814,-0.31054299830986
12.0,87.0,1004.244384765625,-3.4591545819742926,-4.725627515029577,-1.436317658236545,2.1334699404495807,2.799722214105264,1.7772954868935964,0.2648749383258397,1.3972866224286375,-2.286933500635392,-0.3105429564760163
12.0,87.0,1004.2444458007812,-3.459154655895613,-4.725853260206317,-1.436317672377615,2.1334699404495807,2.799395932079248,1.7766888476088771,0.2648749550132991,1.397254475694211,-2.286972041524286,-0.3105430005272604
12.0,87.0,1004.2445678710938,-3.459154580780004,-4.725766279277727,-1.4363176585688022,2.1334699404495807,2.799734816329636,1.7772461008091471,0.2648749538775967,1.3972873746872183,-2.286972077550669,-0.3105430005272604
12.0,87.0,1004.2445678710938,-3.459154580780004,-4.725692563721206,-1.4363177901280106,2.1334699404495807,2.799730388711916,1.7772941067865524,0.2648749539165373,1.3972873746872183,-2.28693983267193,-0.3105429956516443
12.0,88.0,1004.236328125,-3.459144920162093,-4.725303259504848,-1.436315721695702,2.1334699404495807,2.800209069288904,1.777244245241758,0.2648749525760746,1.3969024164333657,-2.286968160742011,-0.3105429671934482
12.0,88.0,1004.238525390625,-3.459144920162093,-4.725393587956717,-1.4363155155582092,2.1334699404495807,2.799750188221018,1.7772644737524752,0.2648749545908156,1.3969024164333657,-2.286968137460306,-0.3105429671934482
12.0,88.0,1004.2387084960938,-3.4591548808078247,-4.725381670706612,-1.4363176945074276,2.1334699404495807,2.7993770786307786,1.7767153673166496,0.2648749524720736,1.3969047269440018,-2.286968160742011,-0.3105429997146365
12.0,88.0,1004.23876953125,-3.459154902961988,-4.725393587956717,-1.436317699350791,2.1334699404495807,2.7993770786307786,1.7767238648001482,0.2648749524720736,1.3969047808168833,-2.286968160742011,-0.3105429671934482
12.0,88.0,1004.2388916015624,-3.459144923874019,-4.725555354663379,-1.4363176372433044,2.1334699404495807,2.7996861563888458,1.7772455138959198,0.2648749524365263,1.3968793101167485,-2.2869680512256814,-0.3105429985413658
12.0,88.0,1004.2396240234376,-3.45914573719739,-4.725766279277727,-1.4363157936349396,2.1334699404495807,2.7997260794143,1.7773065727736186,0.2648749525641714,1.3968920680167705,-2.286972077550669,-0.3105430005272604
12.0,88.0,1004.239990234375,-3.459153951868891,-4.725550473629907,-1.4363176508803337,2.1334699404495807,2.799417077847952,1.7772257403565552,0.2648749259353103,1.3968836086704588,-2.2869724840295635,-0.3105429957152217
12.0,88.0,1004.2400512695312,-3.459161069895443,-4.725306222830987,-1.4363177853632074,2.1334699404495807,2.8001471930277466,1.7767474222908168,0.2648749546084883,1.3972873725433352,-2.286972065866136,-0.3105430012299396
12.0,88.0,1004.2401123046876,-3.459153913027851,-4.725550473629907,-1.4363176508803337,2.1334699404495807,2.7994194959152328,1.7772328077942416,0.264874954239892,1.3968934259846602,-2.2869724840295635,-0.3105429957152217
12.0,88.0,1004.2401123046876,-3.4591481364060264,-4.725407080147813,-1.4363155155582092,2.1334699404495807,2.7994023233714778,1.777308782447493,0.264874954239892,1.3968843250646503,-2.286971842831992,-0.3105429889827284
12.0,88.0,1004.2401123046876,-3.459153913027851,-4.725550473629907,-1.4363176508803337,2.1334699404495807,2.7994194959152328,1.7772328077942416,0.264874954239892,1.3968934259846602,-2.2869724840295635,-0.3105429957152217
12.0,88.0,1004.2402954101562,-3.459144920162093,-4.725393587956717,-1.4363155155582092,2.1334699404495807,2.7993781234862816,1.777244245241758,0.2648749524720736,1.3969024164333657,-2.286968160742011,-0.3105429671934482
12.0,88.0,1004.2406005859376,-3.459143410321156,-4.725393587956717,-1.4363155155582092,2.1334699404495807,2.7993781234862816,1.7773236633042642,0.2648749524518368,1.3969061105355902,-2.2869681957124297,-0.3105429671934482
12.0,88.0,1004.2407836914062,-3.459052077095235,-4.725558360655391,-1.436317784996558,2.1334699404495807,2.7997344390394607,1.77730955396073,0.2648749546969642,1.3968838083939028,-2.286975184008848,-0.3105434958348181
12.0,88.0,1004.2410278320312,-3.459154655670139,-4.725776776382074,-1.4363176989869824,2.1334699404495807,2.8001612004495446,1.7767239297170117,0.2648749538961412,1.3972873746872183,-2.28696466826758,-0.3105479105014647
12.0,88.0,1004.2412109375,-3.459154655670139,-4.725770002741896,-1.4363176585688022,2.1334699404495807,2.8001612004495446,1.7767196149002722,0.2648749538775967,1.3972873746872183,-2.286904313051683,-0.3105479105014647
12.0,88.0,1004.2412109375,-3.459154655670139,-4.725770002741896,-1.4363176585688022,2.1334699404495807,2.8001612004495446,1.7767196149002722,0.2648749538775967,1.3972873746872183,-2.286904313051683,-0.3105479105014647
12.0,88.0,1004.2412109375,-3.4591553657520486,-4.72587961100281,-1.4363178173674562,2.1334699404495807,2.7993714143461967,1.777230432911579,0.2648749524720736,1.3968801635967003,-2.2869719243756093,-0.3105430010783314
12.0,88.0,1004.2412109375,-3.459154655670139,-4.725771309331996,-1.4363176585688022,2.1334699404495807,2.8001612004495446,1.77671003839058,0.2648749538775967,1.3972873746872183,-2.286904313051683,-0.31054310379705
12.0,88.0,1004.2413330078124,-3.4591546570899023,-4.725851563838752,-1.436317672045358,2.1334699404495807,2.8001845027973298,1.7767382336933264,0.2648749534047783,1.3972864268764913,-2.2869333830880474,-0.310542955375411
12.0,88.0,1004.2415161132812,-3.459155335378491,-4.725881767345476,-1.4363178244106465,2.1334699404495807,2.7993875813177347,1.777244245241758,0.2648749524720736,1.3969024164333657,-2.286968160742011,-0.3105430010783314
12.0,88.0,1004.2415161132812,-3.4591553657520486,-4.72587961100281,-1.4363178173674562,2.1334699404495807,2.7993677143490165,1.7773072012799769,0.2648749524720736,1.3968801635967003,-2.286975137450306,-0.3105430010783314
12.0,88.0,1004.2415771484376,-3.459155335378491,-4.72587961100281,-1.4363178173674562,2.1334699404495807,2.7993714143461967,1.777244245241758,0.2648749524720736,1.3969024164333657,-2.286968160742011,-0.3105430010783314
12.0,88.0,1004.2418212890624,-3.459059443586221,-4.725371247845531,-1.4363155155582092,2.1334699404495807,2.7994023233714778,1.777308782447493,0.264874954239892,1.3968840794475623,-2.286968160742011,-0.3105429889827284
12.0,88.0,1004.2418823242188,-3.459160182655425,-4.725306222830987,-1.4363177847868462,2.1334699404495807,2.7997352083917373,1.7767474222908168,0.2648749546084883,1.3972873746872183,-2.286972065866136,-0.3105431006823588
12.0,88.0,1004.2418823242188,-3.459160182655425,-4.725306222830987,-1.4363177955401407,2.1334699404495807,2.7997352083917373,1.7767474222908168,0.264874953888505,1.3972850073360814,-2.286972065866136,-0.3105431006823588
12.0,88.0,1004.2420654296876,-3.4590546717334845,-4.725952340045027,-1.4363155897129891,2.1334699404495807,2.7997344390394607,1.77730955396073,0.2648749283319526,1.3968838083939028,-2.286975184008848,-0.3105429872931642
12.0,88.0,1004.2420654296876,-3.4590546717334845,-4.725952340045027,-1.436317784996558,2.1334699404495807,2.7997344390394607,1.77730955396073,0.2648749265669107,1.3968838083939028,-2.286975184008848,-0.3105434958348181
12.0,88.0,1004.2420654296876,-3.4590546717334845,-4.725952340045027,-1.4363155897129891,2.1334699404495807,2.7997344390394607,1.77730955396073,0.2648749283319526,1.3968838083939028,-2.286975184008848,-0.3105429872931642
12.0,88.0,1004.2420654296876,-3.4590546717334845,-4.725952340045027,-1.436317784996558,2.1334699404495807,2.7997344390394607,1.77730955396073,0.2648749265669107,1.3968838083939028,-2.286975184008848,-0.3105434958348181
12.0,88.0,1004.2420654296876,-3.4590546717334845,-4.725952340045027,-1.4363155897129891,2.1334699404495807,2.7997344390394607,1.77730955396073,0.2648749283319526,1.3968838083939028,-2.286975184008848,-0.3105429872931642
12.0,88.0,1004.2420654296876,-3.4590530144370377,-4.725952340045027,-1.4363155897129891,2.1334699404495807,2.799740634539378,1.7773090987587046,0.2648749518735832,1.3968838083939028,-2.2869683127680407,-0.3105429872931642
12.0,88.0,1004.2421264648438,-3.459049566924462,-4.725952340045027,-1.436315653745562,2.1334699404495807,2.7997344390394607,1.77730955396073,0.2648749287006762,1.3968838083939028,-2.2869721224210173,-0.3105429844191972
12.0,88.0,1004.2421875,-3.4591544915807604,-4.72584875064562,-1.436317674006868,2.1334699404495807,2.800184136259724,1.7770808173429569,0.264874954658329,1.3972873746872183,-2.2869710884961787,-0.3105430972684067
12.0,88.0,1004.2421875,-3.4590546328924443,-4.725952340045027,-1.436317784996558,2.1334699404495807,2.799736857106742,1.7773166213984162,0.2648749548714924,1.3968936257081044,-2.286975184008848,-0.3105434958348181
12.0,88.0,1004.2421875,-3.459154494373652,-4.72584875064562,-1.436317674006868,2.1334699404495807,2.800183892127284,1.7770808173429569,0.264874954658329,1.3972873746872183,-2.2869710884961787,-0.3105430972684067
12.0,88.0,1004.2423706054688,-3.4591648823061854,-4.725609117238579,-1.4363177182982476,2.1334699404495807,2.7997352083917373,1.7767400925038652,0.2648749542397648,1.3972873746872183,-2.286975127453966,-0.3105431040969084
12.0,88.0,1004.242431640625,-3.4591545812270104,-4.72576174912431,-1.4363176585688022,2.1334699404495807,2.800174943117405,1.7772307506982263,0.2648749550132991,1.3972874079244295,-2.286971992422042,-0.3105430005272604
12.0,88.0,1004.2424926757812,-3.4591597774971627,-4.725609117238579,-1.4363177823308202,2.1334699404495807,2.7997352083917373,1.7767400925038652,0.2648749546084883,1.3972873746872183,-2.286972065866136,-0.3105431012229414
12.0,88.0,1004.2424926757812,-3.4591597774971627,-4.725609117238579,-1.4363177823308202,2.1334699404495807,2.7997352083917373,1.7767400925038652,0.2648749546084883,1.3972873746872183,-2.286972065866136,-0.3105431012229414
12.0,88.0,1004.2424926757812,-3.4591597774971627,-4.725609117238579,-1.4363177823308202,2.1334699404495807,2.7997352083917373,1.7767400925038652,0.2648749546084883,1.3972873746872183,-2.286972065866136,-0.3105431012229414
12.0,88.0,1004.2425537109376,-3.4591597774971627,-4.725622057556199,-1.4363177823308202,2.1334699404495807,2.7997352083917373,1.7767400925038652,0.2648749546084883,1.3972873746872183,-2.286972065866136,-0.3105431012229414
12.0,88.0,1004.2425537109376,-3.459154655670139,-4.725770002741896,-1.4363176585688022,2.1334699404495807,2.8001612004495446,1.777247084636639,0.2648749550129912,1.3972873963101358,-2.2869701993560687,-0.3105477707825684
12.0,88.0,1004.2426147460938,-3.459154658847096,-4.725765638369488,-1.4363176585688022,2.1334699404495807,2.8001612004495446,1.7772569172914077,0.2648749538619521,1.3972873746872183,-2.286967204174414,-0.310543006513905
12.0,88.0,1004.2426147460938,-3.459154580780004,-4.725551047060336,-1.4363176585688022,2.1334699404495807,2.799734816329636,1.7767032314467146,0.2648749538779047,1.3972905658229648,-2.286906191252318,-0.3105431354629347
12.0,88.0,1004.2428588867188,-3.459144672870244,-4.725770002741896,-1.4363154747762208,2.1334699404495807,2.800162245305047,1.7772399953418818,0.2648749538775967,1.397285010303701,-2.286904313051683,-0.3105479105014647
12.0,88.0,1004.2435302734376,-3.4591612675755243,-4.726025216452783,-1.4363177775338838,2.1334699404495807,2.799734116049508,1.7766791742518488,0.264874954661173,1.3972836805849935,-2.286972814558513,-0.310542998454804
12.0,88.0,1004.2437744140624,-3.459154580780004,-4.7255459174797005,-1.4363176585688022,2.1334699404495807,2.799734816329636,1.777230339137275,0.2648749549758875,1.3972873598537865,-2.286972077556704,-0.3105429957440384
12.0,88.0,1004.2437744140624,-3.4591597774971627,-4.726020605832731,-1.4363177823308202,2.1334699404495807,2.7997352083917373,1.7767400925038652,0.2648749546415344,1.3972873746872183,-2.286972065866136,-0.3105431035004316
12.0,88.0,1004.2437744140624,-3.459154655357843,-4.7255459174797005,-1.4363176585688022,2.1334699404495807,2.799734816329636,1.777230339137275,0.2648749549758875,1.3972873598537865,-2.286972077556704,-0.3105429957440384
12.0,89.0,1004.236328125,-3.459144920162093,-4.725303259504848,-1.436315721695702,2.1334699404495807,2.800209069288904,1.777244245241758,0.2648749525760746,1.3969024164333657,-2.286968160742011,-0.3105429671934482
12.0,89.0,1004.2363891601562,-3.4591547948734296,-4.725555354663379,-1.4363176372433044,2.1334699404495807,2.8002080313200213,1.7772455138959198,0.2648749524365263,1.3968793101167485,-2.2869680512256814,-0.3105429573073739
12.0,89.0,1004.2371826171876,-3.459154497369349,-4.725602893458571,-1.4363177823308202,2.1334699404495807,2.7997352083917373,1.776760831735563,0.2648749546084883,1.396884404741746,-2.286971780005337,-0.3105429949121148
12.0,89.0,1004.2373046875,-3.459144920162093,-4.725885354694357,-1.4363157324642104,2.1334699404495807,2.800183630088882,1.7770781045439228,0.2648749547505094,1.3969024164333657,-2.286968160742011,-0.3105429657295647
12.0,89.0,1004.238525390625,-3.459144920162093,-4.725393587956717,-1.4363155155582092,2.1334699404495807,2.799750188221018,1.7772644737524752,0.2648749545908156,1.3969024164333657,-2.286968137460306,-0.3105429671934482
12.0,89.0,1004.2387084960938,-3.4591548808078247,-4.725381670706612,-1.4363176945074276,2.1334699404495807,2.7993770786307786,1.7767153673166496,0.2648749524720736,1.3969047269440018,-2.286968160742011,-0.3105429997146365
12.0,89.0,1004.23876953125,-3.459154902961988,-4.725393587956717,-1.436317699350791,2.1334699404495807,2.7993770786307786,1.7767238648001482,0.2648749524720736,1.3969047808168833,-2.286968160742011,-0.3105429671934482
12.0,89.0,1004.23876953125,-3.459154902961988,-4.725393587956717,-1.436317699350791,2.1334699404495807,2.7993770786307786,1.7767238648001482,0.2648749524720736,1.3969047808168833,-2.286968160742011,-0.3105429671934482
12.0,89.0,1004.23876953125,-3.45915394635925,-4.725380424445244,-1.4363176519898286,2.1334699404495807,2.7993770786307786,1.776739171586423,0.2648749516380358,1.3969048836132285,-2.286968160742011,-0.3105429992936546
12.0,89.0,1004.2388916015624,-3.459144923874019,-4.725555354663379,-1.4363176372433044,2.1334699404495807,2.7996861563888458,1.7772455138959198,0.2648749524365263,1.3968793101167485,-2.2869680512256814,-0.3105429985413658
12.0,89.0,1004.2396240234376,-3.45914573719739,-4.725766279277727,-1.4363157936349396,2.1334699404495807,2.7997260794143,1.7773065727736186,0.2648749525641714,1.3968920680167705,-2.286972077550669,-0.3105430005272604
12.0,89.0,1004.2398681640624,-3.459154886317465,-4.725551719891276,-1.4363176933979327,2.1334699404495807,2.799417077847952,1.7772019360867817,0.2648749267693481,1.3968834520012323,-2.2869724840295635,-0.3105429961362036
12.0,89.0,1004.2399291992188,-3.459154906743187,-4.725770002741896,-1.4363176585688022,2.1334699404495807,2.799371811930261,1.7767196149002722,0.2648749538775967,1.3969224281448769,-2.286904313051683,-0.3105479105014647
12.0,89.0,1004.239990234375,-3.459153951868891,-4.725550473629907,-1.4363176508803337,2.1334699404495807,2.799417077847952,1.7772257403565552,0.2648749259353103,1.3968836086704588,-2.2869724840295635,-0.3105429957152217
12.0,89.0,1004.239990234375,-3.459154651888939,-4.725393587956717,-1.436317699350791,2.1334699404495807,2.8001664671500617,1.7767238648001482,0.2648749524720736,1.397269727359225,-2.286968160742011,-0.3105429671934482
12.0,89.0,1004.2400512695312,-3.459161069895443,-4.725306222830987,-1.4363177853632074,2.1334699404495807,2.8001471930277466,1.7767474222908168,0.2648749546084883,1.3972873725433352,-2.286972065866136,-0.3105430012299396
12.0,89.0,1004.2401123046876,-3.459153913027851,-4.725550473629907,-1.4363176508803337,2.1334699404495807,2.7994194959152328,1.7772328077942416,0.264874954239892,1.3968934259846602,-2.2869724840295635,-0.3105429957152217
12.0,89.0,1004.2401123046876,-3.4591481364060264,-4.725407080147813,-1.4363155155582092,2.1334699404495807,2.7994023233714778,1.777308782447493,0.264874954239892,1.3968843250646503,-2.286971842831992,-0.3105429889827284
12.0,89.0,1004.2401123046876,-3.459153913027851,-4.725550473629907,-1.4363176508803337,2.1334699404495807,2.7994194959152328,1.7772328077942416,0.264874954239892,1.3968934259846602,-2.2869724840295635,-0.3105429957152217
12.0,89.0,1004.2401123046876,-3.459153913027851,-4.725550473629907,-1.436317820294964,2.1334699404495807,2.7994194959152328,1.7772328077942416,0.2648749526300226,1.396893394071895,-2.2869682422686126,-0.3105429955470271
12.0,89.0,1004.2402954101562,-3.459144920162093,-4.725393587956717,-1.4363155155582092,2.1334699404495807,2.7993781234862816,1.777244245241758,0.2648749524720736,1.3969024164333657,-2.286968160742011,-0.3105429671934482
12.0,89.0,1004.2404174804688,-3.459144415313617,-4.72554874120319,-1.4363176508803337,2.1334699404495807,2.7994194959152328,1.7772649107378005,0.2648749546068098,1.396892333249307,-2.2869724840295635,-0.3105429957152217
12.0,89.0,1004.2404174804688,-3.4591448227072266,-4.725306222830987,-1.4363155025739325,2.1334699404495807,2.8001354438737898,1.7767474222908168,0.2648749546084883,1.3972873725433352,-2.286972065866136,-0.3105430012299396
12.0,89.0,1004.2406005859376,-3.459143410321156,-4.725393587956717,-1.4363155155582092,2.1334699404495807,2.7993781234862816,1.7773236633042642,0.2648749524518368,1.3969061105355902,-2.2869681957124297,-0.3105429671934482
12.0,89.0,1004.2406616210938,-3.459055826190491,-4.72555063595851,-1.4363155897129891,2.1334699404495807,2.799761662348722,1.77730955396073,0.2648749540223952,1.3968934693902082,-2.286975184008848,-0.3105429872931642
12.0,89.0,1004.24072265625,-3.4590513538452963,-4.725559086477578,-1.436317782190875,2.1334699404495807,2.7997431665777,1.7773072012799769,0.2648749524720736,1.3968801635967003,-2.286975137450306,-0.3105430063019719
12.0,89.0,1004.2407836914062,-3.459052077095235,-4.725558360655391,-1.436317784996558,2.1334699404495807,2.7997344390394607,1.77730955396073,0.2648749546969642,1.3968838083939028,-2.286975184008848,-0.3105434958348181
12.0,89.0,1004.2410278320312,-3.459154655670139,-4.725776776382074,-1.4363176989869824,2.1334699404495807,2.8001612004495446,1.7767239297170117,0.2648749538961412,1.3972873746872183,-2.28696466826758,-0.3105479105014647
12.0,89.0,1004.2412109375,-3.459154655670139,-4.725770002741896,-1.4363176585688022,2.1334699404495807,2.8001612004495446,1.7767196149002722,0.2648749538775967,1.3972873746872183,-2.286904313051683,-0.3105479105014647
12.0,89.0,1004.2412109375,-3.459154655670139,-4.725770002741896,-1.4363176585688022,2.1334699404495807,2.8001612004495446,1.7767196149002722,0.2648749538775967,1.3972873746872183,-2.286904313051683,-0.3105479105014647
12.0,89.0,1004.2412109375,-3.4591553657520486,-4.72587961100281,-1.4363178173674562,2.1334699404495807,2.7993714143461967,1.777230432911579,0.2648749524720736,1.3968801635967003,-2.2869719243756093,-0.3105430010783314
12.0,89.0,1004.2412109375,-3.459154655670139,-4.725771309331996,-1.4363176585688022,2.1334699404495807,2.8001612004495446,1.77671003839058,0.2648749538775967,1.3972873746872183,-2.286904313051683,-0.31054310379705
12.0,89.0,1004.2413330078124,-3.4591546570899023,-4.725851563838752,-1.436317672045358,2.1334699404495807,2.8001845027973298,1.7767382336933264,0.2648749534047783,1.3972864268764913,-2.2869333830880474,-0.310542955375411
12.0,89.0,1004.241455078125,-3.459057044506919,-4.725766279277727,-1.4363157936349396,2.1334699404495807,2.7997260794143,1.7773065727736186,0.2648749526210269,1.396892108122466,-2.286972077550669,-0.3105434855332456
12.0,89.0,1004.2415161132812,-3.459155335378491,-4.725881767345476,-1.4363178244106465,2.1334699404495807,2.7993875813177347,1.777244245241758,0.2648749524720736,1.3969024164333657,-2.286968160742011,-0.3105430010783314
12.0,89.0,1004.2415161132812,-3.4591553657520486,-4.72587961100281,-1.4363178173674562,2.1334699404495807,2.7993677143490165,1.7773072012799769,0.2648749524720736,1.3968801635967003,-2.286975137450306,-0.3105430010783314
12.0,89.0,1004.2415161132812,-3.4591527585708444,-4.725952177716425,-1.4363176508803337,2.1334699404495807,2.799392272605972,1.7772328077942416,0.2648749285494494,1.396883764988355,-2.2869724840295635,-0.3105429957152217
12.0,89.0,1004.2415771484376,-3.459155335378491,-4.72587961100281,-1.4363178173674562,2.1334699404495807,2.7993714143461967,1.777244245241758,0.2648749524720736,1.3969024164333657,-2.286968160742011,-0.3105430010783314
12.0,89.0,1004.2415771484376,-3.459143410321156,-4.725393587956717,-1.4363155155582092,2.1334699404495807,2.8001551904377395,1.777321485403752,0.2648749524518368,1.3972577613690846,-2.2869685730758267,-0.3105429671934482
12.0,89.0,1004.2418212890624,-3.459059443586221,-4.725371247845531,-1.4363155155582092,2.1334699404495807,2.7994023233714778,1.777308782447493,0.264874954239892,1.3968840794475623,-2.286968160742011,-0.3105429889827284
12.0,89.0,1004.2418212890624,-3.4591648823061854,-4.725312159133372,-1.4363177182982476,2.1334699404495807,2.7997352083917373,1.7767400925038652,0.2648749546084011,1.3972873746872183,-2.286972113854993,-0.3105431040969084
12.0,89.0,1004.2418823242188,-3.459160182655425,-4.725306222830987,-1.4363177847868462,2.1334699404495807,2.7997352083917373,1.7767474222908168,0.2648749546084883,1.3972873746872183,-2.286972065866136,-0.3105431006823588
12.0,89.0,1004.2418823242188,-3.459160182655425,-4.725306222830987,-1.4363177955401407,2.1334699404495807,2.7997352083917373,1.7767474222908168,0.264874953888505,1.3972850073360814,-2.286972065866136,-0.3105431006823588
12.0,89.0,1004.2420654296876,-3.4590546717334845,-4.725952340045027,-1.4363155897129891,2.1334699404495807,2.7997344390394607,1.77730955396073,0.2648749283319526,1.3968838083939028,-2.286975184008848,-0.3105429872931642
12.0,89.0,1004.2420654296876,-3.4590546717334845,-4.725952340045027,-1.436317784996558,2.1334699404495807,2.7997344390394607,1.77730955396073,0.2648749265669107,1.3968838083939028,-2.286975184008848,-0.3105434958348181
12.0,89.0,1004.2420654296876,-3.4590546717334845,-4.725952340045027,-1.4363155897129891,2.1334699404495807,2.7997344390394607,1.77730955396073,0.2648749283319526,1.3968838083939028,-2.286975184008848,-0.3105429872931642
12.0,89.0,1004.2420654296876,-3.4590546717334845,-4.725952340045027,-1.436317784996558,2.1334699404495807,2.7997344390394607,1.77730955396073,0.2648749265669107,1.3968838083939028,-2.286975184008848,-0.3105434958348181
12.0,89.0,1004.2420654296876,-3.4590546717334845,-4.725952340045027,-1.4363155897129891,2.1334699404495807,2.7997344390394607,1.77730955396073,0.2648749283319526,1.3968838083939028,-2.286975184008848,-0.3105429872931642
12.0,89.0,1004.2420654296876,-3.4590530144370377,-4.725952340045027,-1.4363155897129891,2.1334699404495807,2.799740634539378,1.7773090987587046,0.2648749518735832,1.3968838083939028,-2.2869683127680407,-0.3105429872931642
12.0,89.0,1004.2421264648438,-3.459049566924462,-4.725952340045027,-1.436315653745562,2.1334699404495807,2.7997344390394607,1.77730955396073,0.2648749287006762,1.3968838083939028,-2.2869721224210173,-0.3105429844191972
12.0,90.0,1004.236328125,-3.459144920162093,-4.725303259504848,-1.436315721695702,2.1334699404495807,2.800209069288904,1.777244245241758,0.2648749525760746,1.3969024164333657,-2.286968160742011,-0.3105429671934482
12.0,90.0,1004.2363891601562,-3.4591547948734296,-4.725555354663379,-1.4363176372433044,2.1334699404495807,2.8002080313200213,1.7772455138959198,0.2648749524365263,1.3968793101167485,-2.2869680512256814,-0.3105429573073739
12.0,90.0,1004.2371826171876,-3.459154497369349,-4.725602893458571,-1.4363177823308202,2.1334699404495807,2.7997352083917373,1.776760831735563,0.2648749546084883,1.396884404741746,-2.286971780005337,-0.3105429949121148
12.0,90.0,1004.2373046875,-3.459144920162093,-4.725885354694357,-1.4363157324642104,2.1334699404495807,2.800183630088882,1.7770781045439228,0.2648749547505094,1.3969024164333657,-2.286968160742011,-0.3105429657295647
12.0,90.0,1004.238525390625,-3.459144920162093,-4.725393587956717,-1.4363155155582092,2.1334699404495807,2.799750188221018,1.7772644737524752,0.2648749545908156,1.3969024164333657,-2.286968137460306,-0.3105429671934482
12.0,90.0,1004.238525390625,-3.459144920162093,-4.725393587956717,-1.4363155155582092,2.1334699404495807,2.799750188221018,1.7772644737524752,0.2648749545908156,1.3969024164333657,-2.286968137460306,-0.3105429671934482
12.0,90.0,1004.238525390625,-3.459144920162093,-4.725393587956717,-1.4363155155582092,2.1334699404495807,2.799750188221018,1.7772644737524752,0.2648749545908156,1.3969024164333657,-2.286968137460306,-0.3105429671934482
12.0,90.0,1004.2386474609376,-3.459144415313617,-4.72554874120319,-1.436317670357789,2.1334699404495807,2.7994675443351382,1.7767391818601668,0.2648749545793057,1.396892333249307,-2.286974337923162,-0.3105429552724582
12.0,90.0,1004.2387084960938,-3.4591548808078247,-4.725381670706612,-1.4363176945074276,2.1334699404495807,2.7993770786307786,1.7767153673166496,0.2648749524720736,1.3969047269440018,-2.286968160742011,-0.3105429997146365
12.0,90.0,1004.23876953125,-3.459154902961988,-4.725393587956717,-1.436317699350791,2.1334699404495807,2.7993770786307786,1.7767238648001482,0.2648749524720736,1.3969047808168833,-2.286968160742011,-0.3105429671934482
12.0,90.0,1004.23876953125,-3.459154902961988,-4.725393587956717,-1.436317699350791,2.1334699404495807,2.7993770786307786,1.7767238648001482,0.2648749524720736,1.3969047808168833,-2.286968160742011,-0.3105429671934482
12.0,90.0,1004.23876953125,-3.45915394635925,-4.725380424445244,-1.4363176519898286,2.1334699404495807,2.7993770786307786,1.776739171586423,0.2648749516380358,1.3969048836132285,-2.286968160742011,-0.3105429992936546
12.0,90.0,1004.23876953125,-3.4591549029855497,-4.725547736409841,-1.4363176992116609,2.1334699404495807,2.7993770212665945,1.776726112370531,0.2648749261082188,1.3968834520012323,-2.2869724840295635,-0.3105429961362036
12.0,90.0,1004.2388305664062,-3.459154172344506,-4.725378403871083,-1.436317598177794,2.1334699404495807,2.7993592754137686,1.776739171586423,0.2648749516894312,1.3969048836132285,-2.286968160742011,-0.3105429992936546
12.0,90.0,1004.2388916015624,-3.459144923874019,-4.725555354663379,-1.4363176372433044,2.1334699404495807,2.7996861563888458,1.7772455138959198,0.2648749524365263,1.3968793101167485,-2.2869680512256814,-0.3105429985413658
12.0,90.0,1004.2389526367188,-3.45915394635925,-4.725561806517959,-1.4363177711680135,2.1334699404495807,2.799377060855816,1.776783011311403,0.2648749515142001,1.3968850168050717,-2.286968160742011,-0.3105429992936546
12.0,90.0,1004.2390747070312,-3.4591548808078247,-4.725378432703578,-1.4363176945074276,2.1334699404495807,2.7993770786307786,1.7767153673166496,0.2648749524720736,1.396922472410987,-2.2869025681592925,-0.3105480013948001
12.0,90.0,1004.2396240234376,-3.45914573719739,-4.725766279277727,-1.4363157936349396,2.1334699404495807,2.7997260794143,1.7773065727736186,0.2648749525641714,1.3968920680167705,-2.286972077550669,-0.3105430005272604
12.0,90.0,1004.23974609375,-3.4591553657520486,-4.725762371821707,-1.4363178173674562,2.1334699404495807,2.799371806677728,1.7767201836300015,0.2648749539207134,1.3969209009357326,-2.2869719243756093,-0.3105430010783314
12.0,90.0,1004.2398681640624,-3.459154886317465,-4.725551719891276,-1.4363176933979327,2.1334699404495807,2.799417077847952,1.7772019360867817,0.2648749267693481,1.3968834520012323,-2.2869724840295635,-0.3105429961362036
12.0,90.0,1004.2399291992188,-3.459154906743187,-4.725770002741896,-1.4363176585688022,2.1334699404495807,2.799371811930261,1.7767196149002722,0.2648749538775967,1.3969224281448769,-2.286904313051683,-0.3105479105014647
12.0,90.0,1004.2399291992188,-3.4591548798918152,-4.725551719891276,-1.4363178179826452,2.1334699404495807,2.799417077847952,1.7772019360867817,0.2648749278547139,1.3968834520012323,-2.28696841133604,-0.3105429961362036
12.0,90.0,1004.239990234375,-3.459153951868891,-4.725550473629907,-1.4363176508803337,2.1334699404495807,2.799417077847952,1.7772257403565552,0.2648749259353103,1.3968836086704588,-2.2869724840295635,-0.3105429957152217
12.0,90.0,1004.239990234375,-3.459154651888939,-4.725393587956717,-1.436317699350791,2.1334699404495807,2.8001664671500617,1.7767238648001482,0.2648749524720736,1.397269727359225,-2.286968160742011,-0.3105429671934482
12.0,90.0,1004.2400512695312,-3.459161069895443,-4.725306222830987,-1.4363177853632074,2.1334699404495807,2.8001471930277466,1.7767474222908168,0.2648749546084883,1.3972873725433352,-2.286972065866136,-0.3105430012299396
12.0,90.0,1004.2400512695312,-3.4591456991473244,-4.725298271873301,-1.436317699350791,2.1334699404495807,2.7993822908564763,1.777230542546447,0.2648749524720736,1.3969047808168833,-2.286968160742011,-0.3105429671934482
12.0,90.0,1004.2401123046876,-3.459153913027851,-4.725550473629907,-1.4363176508803337,2.1334699404495807,2.7994194959152328,1.7772328077942416,0.264874954239892,1.3968934259846602,-2.2869724840295635,-0.3105429957152217
12.0,90.0,1004.2401123046876,-3.4591481364060264,-4.725407080147813,-1.4363155155582092,2.1334699404495807,2.7994023233714778,1.777308782447493,0.264874954239892,1.3968843250646503,-2.286971842831992,-0.3105429889827284
12.0,90.0,1004.2401123046876,-3.459153913027851,-4.725550473629907,-1.4363176508803337,2.1334699404495807,2.7994194959152328,1.7772328077942416,0.264874954239892,1.3968934259846602,-2.2869724840295635,-0.3105429957152217
12.0,90.0,1004.2401123046876,-3.459153913027851,-4.725550473629907,-1.436317820294964,2.1334699404495807,2.7994194959152328,1.7772328077942416,0.2648749526300226,1.396893394071895,-2.2869682422686126,-0.3105429955470271
12.0,90.0,1004.2401733398438,-3.4591449589654863,-4.725530081840164,-1.4363176508803337,2.1334699404495807,2.7994093799071944,1.7772272064174277,0.2648749266455282,1.3968836086704588,-2.2869724840295635,-0.3105429957152217
12.0,90.0,1004.2402954101562,-3.459144920162093,-4.725393587956717,-1.4363155155582092,2.1334699404495807,2.7993781234862816,1.777244245241758,0.2648749524720736,1.3969024164333657,-2.286968160742011,-0.3105429671934482
12.0,90.0,1004.2404174804688,-3.459144415313617,-4.72554874120319,-1.4363176508803337,2.1334699404495807,2.7994194959152328,1.7772649107378005,0.2648749546068098,1.396892333249307,-2.2869724840295635,-0.3105429957152217
12.0,90.0,1004.2404174804688,-3.4591448227072266,-4.725306222830987,-1.4363155025739325,2.1334699404495807,2.8001354438737898,1.7767474222908168,0.2648749546084883,1.3972873725433352,-2.286972065866136,-0.3105430012299396
12.0,90.0,1004.240478515625,-3.459154655670139,-4.725560111265907,-1.4363176585688022,2.1334699404495807,2.8001612004495446,1.7767196149002722,0.2648749524426529,1.3972873746872183,-2.286972790385423,-0.3105479105014647
12.0,90.0,1004.2406005859376,-3.459143410321156,-4.725393587956717,-1.4363155155582092,2.1334699404495807,2.7993781234862816,1.7773236633042642,0.2648749524518368,1.3969061105355902,-2.2869681957124297,-0.3105429671934482
12.0,90.0,1004.2406616210938,-3.459055826190491,-4.72555063595851,-1.4363155897129891,2.1334699404495807,2.799761662348722,1.77730955396073,0.2648749540223952,1.3968934693902082,-2.286975184008848,-0.3105429872931642
12.0,90.0,1004.24072265625,-3.4590513538452963,-4.725559086477578,-1.436317782190875,2.1334699404495807,2.7997431665777,1.7773072012799769,0.2648749524720736,1.3968801635967003,-2.286975137450306,-0.3105430063019719
12.0,90.0,1004.24072265625,-3.459143410321156,-4.725532176994337,-1.4363155155582092,2.1334699404495807,2.7993781234862816,1.777248173830705,0.2648749524518368,1.3969061105355902,-2.2869681957124297,-0.310542997311944
12.0,90.0,1004.2407836914062,-3.459052077095235,-4.725558360655391,-1.436317784996558,2.1334699404495807,2.7997344390394607,1.77730955396073,0.2648749546969642,1.3968838083939028,-2.286975184008848,-0.3105434958348181
12.0,90.0,1004.2408447265624,-3.4591539930301143,-4.725881343088721,-1.4363157324642104,2.1334699404495807,2.7993986118568355,1.7770681285552743,0.2648749547505094,1.3969024164333657,-2.2869728461907064,-0.3105429657295647
12.0,90.0,1004.2409057617188,-3.459154655670139,-4.725770002741896,-1.43631765653047,2.1334699404495807,2.8002350634606703,1.7767238107433043,0.2648749524704905,1.3972873746872183,-2.286904313051683,-0.3105479105014647
12.0,90.0,1004.2410278320312,-3.459154655670139,-4.725776776382074,-1.4363176989869824,2.1334699404495807,2.8001612004495446,1.7767239297170117,0.2648749538961412,1.3972873746872183,-2.28696466826758,-0.3105479105014647
12.0,90.0,1004.2412109375,-3.459154655670139,-4.725770002741896,-1.4363176585688022,2.1334699404495807,2.8001612004495446,1.7767196149002722,0.2648749538775967,1.3972873746872183,-2.286904313051683,-0.3105479105014647
12.0,90.0,1004.2412109375,-3.459154655670139,-4.725770002741896,-1.4363176585688022,2.1334699404495807,2.8001612004495446,1.7767196149002722,0.2648749538775967,1.3972873746872183,-2.286904313051683,-0.3105479105014647
12.0,90.0,1004.2412109375,-3.4591553657520486,-4.72587961100281,-1.4363178173674562,2.1334699404495807,2.7993714143461967,1.777230432911579,0.2648749524720736,1.3968801635967003,-2.2869719243756093,-0.3105430010783314
12.0,90.0,1004.2412109375,-3.459154655670139,-4.725771309331996,-1.4363176585688022,2.1334699404495807,2.8001612004495446,1.77671003839058,0.2648749538775967,1.3972873746872183,-2.286904313051683,-0.31054310379705
12.0,90.0,1004.2413330078124,-3.4591546570899023,-4.725851563838752,-1.436317672045358,2.1334699404495807,2.8001845027973298,1.7767382336933264,0.2648749534047783,1.3972864268764913,-2.2869333830880474,-0.310542955375411
12.0,90.0,1004.241455078125,-3.459057044506919,-4.725766279277727,-1.4363157936349396,2.1334699404495807,2.7997260794143,1.7773065727736186,0.2648749526210269,1.396892108122466,-2.286972077550669,-0.3105434855332456
12.0,90.0,1004.2415161132812,-3.459155335378491,-4.725881767345476,-1.4363178244106465,2.1334699404495807,2.7993875813177347,1.777244245241758,0.2648749524720736,1.3969024164333657,-2.286968160742011,-0.3105430010783314
12.0,91.0,1004.2360229492188,-3.459145109709174,-4.725281074476253,-1.4363156177790153,2.1334699404495807,2.800183630088882,1.7770648004541607,0.2648749547505094,1.3969102819388028,-2.286972029194684,-0.3105429657295647
12.0,91.0,1004.236328125,-3.459144920162093,-4.725303259504848,-1.436315721695702,2.1334699404495807,2.800209069288904,1.777244245241758,0.2648749525760746,1.3969024164333657,-2.286968160742011,-0.3105429671934482
12.0,91.0,1004.2363891601562,-3.4591547948734296,-4.725555354663379,-1.4363176372433044,2.1334699404495807,2.8002080313200213,1.7772455138959198,0.2648749524365263,1.3968793101167485,-2.2869680512256814,-0.3105429573073739
12.0,91.0,1004.2363891601562,-3.4591547948734296,-4.725555354663379,-1.4363176966392897,2.1334699404495807,2.8002080313200213,1.7772455138959198,0.2648749524365263,1.3968793101167485,-2.2869680512256814,-0.3105429573073739
12.0,91.0,1004.236572265625,-3.459144920162093,-4.725303264746175,-1.4363157209832436,2.1334699404495807,2.800209069288904,1.7772477657473045,0.2648749525760746,1.396921040453507,-2.2869681448587538,-0.3105429671934482
12.0,91.0,1004.2371826171876,-3.459154497369349,-4.725602893458571,-1.4363177823308202,2.1334699404495807,2.7997352083917373,1.776760831735563,0.2648749546084883,1.396884404741746,-2.286971780005337,-0.3105429949121148
12.0,91.0,1004.2371826171876,-3.459154497369349,-4.725602893458571,-1.4363177823308202,2.1334699404495807,2.7997352083917373,1.776760831735563,0.2648749546084883,1.396884404741746,-2.286971780005337,-0.3105429949121148
12.0,91.0,1004.2372436523438,-3.459144384918262,-4.725547736409841,-1.4363155359119557,2.1334699404495807,2.799731610016515,1.776726112370531,0.2648749561433788,1.3968834520012323,-2.286968135673954,-0.3105429668603839
12.0,91.0,1004.2373046875,-3.459144920162093,-4.725885354694357,-1.4363157324642104,2.1334699404495807,2.800183630088882,1.7770781045439228,0.2648749547505094,1.3969024164333657,-2.286968160742011,-0.3105429657295647
12.0,91.0,1004.2384033203124,-3.459144920162093,-4.725393587956717,-1.4363155155582092,2.1334699404495807,2.7997736884192133,1.77725661749527,0.2648749545908156,1.3969028667433625,-2.286968137460306,-0.3105429671934482
12.0,91.0,1004.238525390625,-3.459144920162093,-4.725393587956717,-1.4363155155582092,2.1334699404495807,2.799750188221018,1.7772644737524752,0.2648749545908156,1.3969024164333657,-2.286968137460306,-0.3105429671934482
12.0,91.0,1004.238525390625,-3.459144920162093,-4.725393587956717,-1.4363155155582092,2.1334699404495807,2.799750188221018,1.7772644737524752,0.2648749545908156,1.3969024164333657,-2.286968137460306,-0.3105429671934482
12.0,91.0,1004.238525390625,-3.459144920162093,-4.725393587956717,-1.4363155155582092,2.1334699404495807,2.799750188221018,1.7772644737524752,0.2648749545908156,1.3969024164333657,-2.286968137460306,-0.3105429671934482
12.0,91.0,1004.238525390625,-3.459144920162093,-4.725393587956717,-1.4363155155582092,2.1334699404495807,2.799750188221018,1.7772644737524752,0.2648749545908156,1.3969024164333657,-2.286968137460306,-0.3105429671934482
12.0,91.0,1004.238525390625,-3.4591444590538143,-4.725389840052063,-1.4363155170406066,2.1334699404495807,2.799750188221018,1.7772632173081837,0.2648749545908156,1.3969024164333657,-2.286974691102557,-0.3105429671934482
12.0,91.0,1004.2385864257812,-3.45915394635925,-4.72554121619739,-1.4363176519808434,2.1334699404495807,2.799408382585053,1.776739171586423,0.2648749516380358,1.3968824609772434,-2.286968334766822,-0.3105429992223255
12.0,91.0,1004.2386474609376,-3.459144415313617,-4.72554874120319,-1.436317670357789,2.1334699404495807,2.7994675443351382,1.7767391818601668,0.2648749545793057,1.396892333249307,-2.286974337923162,-0.3105429552724582
12.0,91.0,1004.2387084960938,-3.4591548808078247,-4.725381670706612,-1.4363176945074276,2.1334699404495807,2.7993770786307786,1.7767153673166496,0.2648749524720736,1.3969047269440018,-2.286968160742011,-0.3105429997146365
12.0,91.0,1004.2387084960938,-3.459154902961988,-4.725383942531061,-1.436317699350791,2.1334699404495807,2.7993770786307786,1.7767238648001482,0.2648749542145127,1.3969047808168833,-2.286972749262144,-0.3105430021615082
12.0,91.0,1004.23876953125,-3.459154902961988,-4.725393587956717,-1.436317699350791,2.1334699404495807,2.7993770786307786,1.7767238648001482,0.2648749524720736,1.3969047808168833,-2.286968160742011,-0.3105429671934482
12.0,91.0,1004.23876953125,-3.459154902961988,-4.725393587956717,-1.436317699350791,2.1334699404495807,2.7993770786307786,1.7767238648001482,0.2648749524720736,1.3969047808168833,-2.286968160742011,-0.3105429671934482
12.0,91.0,1004.23876953125,-3.45915394635925,-4.725380424445244,-1.4363176519898286,2.1334699404495807,2.7993770786307786,1.776739171586423,0.2648749516380358,1.3969048836132285,-2.286968160742011,-0.3105429992936546
12.0,91.0,1004.23876953125,-3.4591549029855497,-4.725547736409841,-1.4363176992116609,2.1334699404495807,2.7993770212665945,1.776726112370531,0.2648749261082188,1.3968834520012323,-2.2869724840295635,-0.3105429961362036
12.0,91.0,1004.2388305664062,-3.459154172344506,-4.725378403871083,-1.436317598177794,2.1334699404495807,2.7993592754137686,1.776739171586423,0.2648749516894312,1.3969048836132285,-2.286968160742011,-0.3105429992936546
12.0,91.0,1004.2388305664062,-3.459154172344506,-4.725381664996919,-1.436317598177794,2.1334699404495807,2.7993592754137686,1.776739171586423,0.2648749516894312,1.3969047279071802,-2.286968160742011,-0.3105429992936546
12.0,91.0,1004.2388916015624,-3.459144923874019,-4.725555354663379,-1.4363176372433044,2.1334699404495807,2.7996861563888458,1.7772455138959198,0.2648749524365263,1.3968793101167485,-2.2869680512256814,-0.3105429985413658
12.0,91.0,1004.2389526367188,-3.45915394635925,-4.725561806517959,-1.4363177711680135,2.1334699404495807,2.799377060855816,1.776783011311403,0.2648749515142001,1.3968850168050717,-2.286968160742011,-0.3105429992936546
12.0,91.0,1004.2389526367188,-3.459153912914068,-4.725550473629907,-1.4363176508803337,2.1334699404495807,2.7993753052487294,1.7767444582398728,0.2648749540348762,1.3968919081665947,-2.2869724840295635,-0.3105429957152217
12.0,91.0,1004.2390747070312,-3.4591548808078247,-4.725378432703578,-1.4363176945074276,2.1334699404495807,2.7993770786307786,1.7767153673166496,0.2648749524720736,1.396922472410987,-2.2869025681592925,-0.3105480013948001
12.0,91.0,1004.2390747070312,-3.4591482437370176,-4.725561806517959,-1.4363154777205465,2.1334699404495807,2.799377060855816,1.776783011311403,0.2648749518137613,1.396884998064999,-2.286968160742011,-0.3105429992936546
12.0,91.0,1004.2396240234376,-3.45914573719739,-4.725766279277727,-1.4363157936349396,2.1334699404495807,2.7997260794143,1.7773065727736186,0.2648749525641714,1.3968920680167705,-2.286972077550669,-0.3105430005272604
12.0,91.0,1004.2396240234376,-3.459154902961988,-4.725729979986207,-1.436317699350791,2.1334699404495807,2.7993770786307786,1.7767238648001482,0.2648749524726039,1.3969204171922645,-2.286971949539839,-0.3105429702757986
12.0,91.0,1004.23974609375,-3.4591553657520486,-4.725762371821707,-1.4363178173674562,2.1334699404495807,2.799371806677728,1.7767201836300015,0.2648749539207134,1.3969209009357326,-2.2869719243756093,-0.3105430010783314
12.0,91.0,1004.23974609375,-3.4591553657520486,-4.725762371821707,-1.4363178173674562,2.1334699404495807,2.799371806677728,1.7767201836300015,0.2648749539207134,1.3969209009357326,-2.2869719243756093,-0.3105430010783314
12.0,91.0,1004.2398681640624,-3.459154886317465,-4.725551719891276,-1.4363176933979327,2.1334699404495807,2.799417077847952,1.7772019360867817,0.2648749267693481,1.3968834520012323,-2.2869724840295635,-0.3105429961362036
12.0,91.0,1004.2398681640624,-3.459153946473033,-4.725380424445244,-1.4363176519898286,2.1334699404495807,2.799421269297281,1.7772275211407915,0.2648749518430515,1.3969064014312935,-2.286968160742011,-0.3105429992936546
12.0,91.0,1004.2399291992188,-3.459154906743187,-4.725770002741896,-1.4363176585688022,2.1334699404495807,2.799371811930261,1.7767196149002722,0.2648749538775967,1.3969224281448769,-2.286904313051683,-0.3105479105014647
12.0,91.0,1004.2399291992188,-3.4591548798918152,-4.725551719891276,-1.4363178179826452,2.1334699404495807,2.799417077847952,1.7772019360867817,0.2648749278547139,1.3968834520012323,-2.28696841133604,-0.3105429961362036
12.0,91.0,1004.2399291992188,-3.459154906743187,-4.725770002741896,-1.4363176585688022,2.1334699404495807,2.799371811930261,1.7767196149002722,0.2648749538775967,1.3969224281448769,-2.286904313051683,-0.3105479105014647
12.0,91.0,1004.239990234375,-3.459153951868891,-4.725550473629907,-1.4363176508803337,2.1334699404495807,2.799417077847952,1.7772257403565552,0.2648749259353103,1.3968836086704588,-2.2869724840295635,-0.3105429957152217
12.0,91.0,1004.239990234375,-3.459154651888939,-4.725393587956717,-1.436317699350791,2.1334699404495807,2.8001664671500617,1.7767238648001482,0.2648749524720736,1.397269727359225,-2.286968160742011,-0.3105429671934482
12.0,91.0,1004.239990234375,-3.459154651888939,-4.725393587956717,-1.436317699350791,2.1334699404495807,2.8001664671500617,1.7767238648001482,0.2648749524720736,1.397269727359225,-2.286968160742011,-0.3105429671934482
12.0,91.0,1004.2400512695312,-3.459161069895443,-4.725306222830987,-1.4363177853632074,2.1334699404495807,2.8001471930277466,1.7767474222908168,0.2648749546084883,1.3972873725433352,-2.286972065866136,-0.3105430012299396
12.0,91.0,1004.2400512695312,-3.4591456991473244,-4.725298271873301,-1.436317699350791,2.1334699404495807,2.7993822908564763,1.777230542546447,0.2648749524720736,1.3969047808168833,-2.286968160742011,-0.3105429671934482
12.0,91.0,1004.2401123046876,-3.459153913027851,-4.725550473629907,-1.4363176508803337,2.1334699404495807,2.7994194959152328,1.7772328077942416,0.264874954239892,1.3968934259846602,-2.2869724840295635,-0.3105429957152217
12.0,91.0,1004.2401123046876,-3.4591481364060264,-4.725407080147813,-1.4363155155582092,2.1334699404495807,2.7994023233714778,1.777308782447493,0.264874954239892,1.3968843250646503,-2.286971842831992,-0.3105429889827284
12.0,91.0,1004.2401123046876,-3.459153913027851,-4.725550473629907,-1.4363176508803337,2.1334699404495807,2.7994194959152328,1.7772328077942416,0.264874954239892,1.3968934259846602,-2.2869724840295635,-0.3105429957152217
12.0,91.0,1004.2401123046876,-3.459153913027851,-4.725550473629907,-1.436317820294964,2.1334699404495807,2.7994194959152328,1.7772328077942416,0.2648749526300226,1.396893394071895,-2.2869682422686126,-0.3105429955470271
12.0,91.0,1004.2401123046876,-3.459153913027851,-4.725550473629907,-1.4363176524133536,2.1334699404495807,2.799419481564937,1.7772328077942416,0.264874954239892,1.3968934259846602,-2.2869724840295635,-0.3105429957465034
12.0,91.0,1004.2401733398438,-3.4591449589654863,-4.725530081840164,-1.4363176508803337,2.1334699404495807,2.7994093799071944,1.7772272064174277,0.2648749266455282,1.3968836086704588,-2.2869724840295635,-0.3105429957152217
12.0,92.0,1004.23486328125,-3.4591549029855497,-4.725547736409841,-1.4363176992116609,2.1334699404495807,2.8002464639919413,1.776726112370531,0.2648749261082188,1.3968834520012323,-2.2869724840295635,-0.3105429671369625
12.0,92.0,1004.2351684570312,-3.459154497369349,-4.725600132372611,-1.4363176405682012,2.1334699404495807,2.800211412520263,1.776760831735563,0.2648749546499386,1.3968845091827995,-2.2869719041171463,-0.3105429949121148
12.0,92.0,1004.2352905273438,-3.4591482437370176,-4.725555630441982,-1.4363154336609751,2.1334699404495807,2.8002130383571613,1.776783011311403,0.264874951846581,1.396884998064999,-2.286968160742011,-0.3105429992936546
12.0,92.0,1004.2360229492188,-3.459145109709174,-4.725281074476253,-1.4363156177790153,2.1334699404495807,2.800183630088882,1.7770648004541607,0.2648749547505094,1.3969102819388028,-2.286972029194684,-0.3105429657295647
12.0,92.0,1004.2360229492188,-3.459145109709174,-4.725281074476253,-1.4363156177790153,2.1334699404495807,2.800183630088882,1.7770648004541607,0.2648749547505094,1.3969102819388028,-2.286972029194684,-0.3105429657295647
12.0,92.0,1004.236328125,-3.459144920162093,-4.725303259504848,-1.436315721695702,2.1334699404495807,2.800209069288904,1.777244245241758,0.2648749525760746,1.3969024164333657,-2.286968160742011,-0.3105429671934482
12.0,92.0,1004.236328125,-3.459144920162093,-4.725303259504848,-1.436315721695702,2.1334699404495807,2.800209069288904,1.777244245241758,0.2648749525760746,1.3969024164333657,-2.286968160742011,-0.3105429671934482
12.0,92.0,1004.2363891601562,-3.4591547948734296,-4.725555354663379,-1.4363176372433044,2.1334699404495807,2.8002080313200213,1.7772455138959198,0.2648749524365263,1.3968793101167485,-2.2869680512256814,-0.3105429573073739
12.0,92.0,1004.2363891601562,-3.4591547948734296,-4.725555354663379,-1.4363176966392897,2.1334699404495807,2.8002080313200213,1.7772455138959198,0.2648749524365263,1.3968793101167485,-2.2869680512256814,-0.3105429573073739
12.0,92.0,1004.2364501953124,-3.4591547948734296,-4.725555354663379,-1.436317650623939,2.1334699404495807,2.8001778254428205,1.7772256135548026,0.2648749524365263,1.3968793101167485,-2.2869680512256814,-0.3105429573073739
12.0,92.0,1004.236572265625,-3.459144920162093,-4.725303264746175,-1.4363157209832436,2.1334699404495807,2.800209069288904,1.7772477657473045,0.2648749525760746,1.396921040453507,-2.2869681448587538,-0.3105429671934482
12.0,92.0,1004.236572265625,-3.459144920162093,-4.725303264746175,-1.4363157209832436,2.1334699404495807,2.800209069288904,1.7772477657473045,0.2648749525760746,1.396921040453507,-2.2869681448587538,-0.3105429671934482
12.0,92.0,1004.23681640625,-3.4591540398005542,-4.725393587956717,-1.436317404643728,2.1334699404495807,2.799750188221018,1.7766725958340612,0.2648749545908156,1.3969022709787908,-2.28696816060124,-0.3105430002544852
12.0,92.0,1004.237060546875,-3.459144920162093,-4.725393587956717,-1.436317766500153,2.1334699404495807,2.799750188221018,1.7767119683483237,0.2648749545908156,1.396901332371924,-2.286968190140908,-0.3105429672400915
12.0,92.0,1004.2371826171876,-3.459154497369349,-4.725602893458571,-1.4363177823308202,2.1334699404495807,2.7997352083917373,1.776760831735563,0.2648749546084883,1.396884404741746,-2.286971780005337,-0.3105429949121148
12.0,92.0,1004.2371826171876,-3.459154497369349,-4.725602893458571,-1.4363177823308202,2.1334699404495807,2.7997352083917373,1.776760831735563,0.2648749546084883,1.396884404741746,-2.286971780005337,-0.3105429949121148
12.0,92.0,1004.2371826171876,-3.459154497369349,-4.725602893458571,-1.4363177823308202,2.1334699404495807,2.7997352083917373,1.776760831735563,0.2648749546084883,1.396884404741746,-2.286971780005337,-0.3105429949121148
12.0,92.0,1004.2372436523438,-3.459144384918262,-4.725547736409841,-1.4363155359119557,2.1334699404495807,2.799731610016515,1.776726112370531,0.2648749561433788,1.3968834520012323,-2.286968135673954,-0.3105429668603839
12.0,92.0,1004.2373046875,-3.459144920162093,-4.725885354694357,-1.4363157324642104,2.1334699404495807,2.800183630088882,1.7770781045439228,0.2648749547505094,1.3969024164333657,-2.286968160742011,-0.3105429657295647
12.0,92.0,1004.2373657226562,-3.459144384918262,-4.725547754687225,-1.436315597836218,2.1334699404495807,2.799731610016515,1.776739273510085,0.2648749561291262,1.3968924722003726,-2.286968284833193,-0.3105429668603839
12.0,92.0,1004.2373657226562,-3.4591548808078247,-4.725863441600881,-1.4363176945074276,2.1334699404495807,2.800182515273202,1.7770426318787278,0.2648749524720736,1.396922472410987,-2.2869014795335283,-0.3105476879892941
12.0,92.0,1004.2382202148438,-3.4591547273326904,-4.725393587956717,-1.4363155155582092,2.1334699404495807,2.7997736884192133,1.77725661749527,0.2648749545908156,1.3969028667433625,-2.286968137460306,-0.3105429671934482
12.0,92.0,1004.2384033203124,-3.459144920162093,-4.725393587956717,-1.4363155155582092,2.1334699404495807,2.7997736884192133,1.77725661749527,0.2648749545908156,1.3969028667433625,-2.286968137460306,-0.3105429671934482
12.0,92.0,1004.2384643554688,-3.459154902961988,-4.725393587956717,-1.4363156490319366,2.1334699404495807,2.7997269702461622,1.777262275906098,0.2648749544936976,1.3969048256075256,-2.286968160742011,-0.3105429671934482
12.0,92.0,1004.238525390625,-3.459144920162093,-4.725393587956717,-1.4363155155582092,2.1334699404495807,2.799750188221018,1.7772644737524752,0.2648749545908156,1.3969024164333657,-2.286968137460306,-0.3105429671934482
12.0,92.0,1004.238525390625,-3.459144920162093,-4.725393587956717,-1.4363155155582092,2.1334699404495807,2.799750188221018,1.7772644737524752,0.2648749545908156,1.3969024164333657,-2.286968137460306,-0.3105429671934482
12.0,92.0,1004.238525390625,-3.459144920162093,-4.725393587956717,-1.4363155155582092,2.1334699404495807,2.799750188221018,1.7772644737524752,0.2648749545908156,1.3969024164333657,-2.286968137460306,-0.3105429671934482
12.0,92.0,1004.238525390625,-3.459144920162093,-4.725393587956717,-1.4363155155582092,2.1334699404495807,2.799750188221018,1.7772644737524752,0.2648749545908156,1.3969024164333657,-2.286968137460306,-0.3105429671934482
12.0,92.0,1004.238525390625,-3.4591444590538143,-4.725389840052063,-1.4363155170406066,2.1334699404495807,2.799750188221018,1.7772632173081837,0.2648749545908156,1.3969024164333657,-2.286974691102557,-0.3105429671934482
12.0,92.0,1004.238525390625,-3.459144920162093,-4.725393587956717,-1.4363177280661592,2.1334699404495807,2.799750188221018,1.7772644737524752,0.2648749545908156,1.3969024164333657,-2.286972819847676,-0.3105429671934482
12.0,92.0,1004.238525390625,-3.459144920162093,-4.725393587956717,-1.4363155155582092,2.1334699404495807,2.799750188221018,1.7772644737524752,0.2648749545908156,1.3969024164333657,-2.286968137460306,-0.3105429671934482
12.0,92.0,1004.2385864257812,-3.45915394635925,-4.72554121619739,-1.4363176519808434,2.1334699404495807,2.799408382585053,1.776739171586423,0.2648749516380358,1.3968824609772434,-2.286968334766822,-0.3105429992223255
12.0,92.0,1004.2386474609376,-3.459144415313617,-4.72554874120319,-1.436317670357789,2.1334699404495807,2.7994675443351382,1.7767391818601668,0.2648749545793057,1.396892333249307,-2.286974337923162,-0.3105429552724582
12.0,92.0,1004.2387084960938,-3.4591548808078247,-4.725381670706612,-1.4363176945074276,2.1334699404495807,2.7993770786307786,1.7767153673166496,0.2648749524720736,1.3969047269440018,-2.286968160742011,-0.3105429997146365
12.0,92.0,1004.2387084960938,-3.459154902961988,-4.725383942531061,-1.436317699350791,2.1334699404495807,2.7993770786307786,1.7767238648001482,0.2648749542145127,1.3969047808168833,-2.286972749262144,-0.3105430021615082
12.0,92.0,1004.23876953125,-3.459154902961988,-4.725393587956717,-1.436317699350791,2.1334699404495807,2.7993770786307786,1.7767238648001482,0.2648749524720736,1.3969047808168833,-2.286968160742011,-0.3105429671934482
12.0,92.0,1004.23876953125,-3.459154902961988,-4.725393587956717,-1.436317699350791,2.1334699404495807,2.7993770786307786,1.7767238648001482,0.2648749524720736,1.3969047808168833,-2.286968160742011,-0.3105429671934482
12.0,92.0,1004.23876953125,-3.45915394635925,-4.725380424445244,-1.4363176519898286,2.1334699404495807,2.7993770786307786,1.776739171586423,0.2648749516380358,1.3969048836132285,-2.286968160742011,-0.3105429992936546
12.0,92.0,1004.23876953125,-3.4591549029855497,-4.725547736409841,-1.4363176992116609,2.1334699404495807,2.7993770212665945,1.776726112370531,0.2648749261082188,1.3968834520012323,-2.2869724840295635,-0.3105429961362036
12.0,92.0,1004.23876953125,-3.4591444590538143,-4.725389840052063,-1.4363175673594606,2.1334699404495807,2.7994002966056346,1.7767248062022338,0.2648749525691917,1.3969023716427236,-2.286974691102557,-0.3105429671934482
12.0,92.0,1004.23876953125,-3.459145049781368,-4.725378403871083,-1.43631562686033,2.1334699404495807,2.799742010946335,1.7773338636501252,0.2648749542946114,1.3969048836132285,-2.286968138340291,-0.3105429680137145
12.0,92.0,1004.23876953125,-3.459154902961988,-4.725393587956717,-1.436317699350791,2.1334699404495807,2.7993770786307786,1.7767238648001482,0.2648749524720736,1.3969047808168833,-2.286968160742011,-0.3105429671934482
12.0,92.0,1004.2388305664062,-3.459154172344506,-4.725378403871083,-1.436317598177794,2.1334699404495807,2.7993592754137686,1.776739171586423,0.2648749516894312,1.3969048836132285,-2.286968160742011,-0.3105429992936546
12.0,92.0,1004.2388305664062,-3.459154172344506,-4.725381664996919,-1.436317598177794,2.1334699404495807,2.7993592754137686,1.776739171586423,0.2648749516894312,1.3969047279071802,-2.286968160742011,-0.3105429992936546
12.0,92.0,1004.2388916015624,-3.459144923874019,-4.725555354663379,-1.4363176372433044,2.1334699404495807,2.7996861563888458,1.7772455138959198,0.2648749524365263,1.3968793101167485,-2.2869680512256814,-0.3105429985413658
12.0,92.0,1004.2389526367188,-3.45915394635925,-4.725561806517959,-1.4363177711680135,2.1334699404495807,2.799377060855816,1.776783011311403,0.2648749515142001,1.3968850168050717,-2.286968160742011,-0.3105429992936546
12.0,92.0,1004.2389526367188,-3.459153912914068,-4.725550473629907,-1.4363176508803337,2.1334699404495807,2.7993753052487294,1.7767444582398728,0.2648749540348762,1.3968919081665947,-2.2869724840295635,-0.3105429957152217
12.0,92.0,1004.2389526367188,-3.459153912914068,-4.72555054777755,-1.4363176508803337,2.1334699404495807,2.7993753052487294,1.7767444582398728,0.2648749531414469,1.3968919081665947,-2.286968393860465,-0.3105429961307722
12.0,92.0,1004.2389526367188,-3.45914509579139,-4.725393587956717,-1.436317699350791,2.1334699404495807,2.7993770786307786,1.7767238648001482,0.2648749524720736,1.3969047808168833,-2.286968160742011,-0.3105429671934482
12.0,92.0,1004.239013671875,-3.4591553657520486,-4.725762371821707,-1.4363178173674562,2.1334699404495807,2.7993794139781536,1.7766720778724492,0.2648749523921982,1.396878907291826,-2.2869719243756093,-0.3105429991300428
12.0,93.0,1004.23486328125,-3.4591549029855497,-4.725547736409841,-1.4363176992116609,2.1334699404495807,2.8002464639919413,1.776726112370531,0.2648749261082188,1.3968834520012323,-2.2869724840295635,-0.3105429671369625
12.0,93.0,1004.2351684570312,-3.459154497369349,-4.725600132372611,-1.4363176405682012,2.1334699404495807,2.800211412520263,1.776760831735563,0.2648749546499386,1.3968845091827995,-2.2869719041171463,-0.3105429949121148
12.0,93.0,1004.2352905273438,-3.4591482437370176,-4.725555630441982,-1.4363154336609751,2.1334699404495807,2.8002130383571613,1.776783011311403,0.264874951846581,1.396884998064999,-2.286968160742011,-0.3105429992936546
12.0,93.0,1004.2352905273438,-3.4591482437370176,-4.725555630441982,-1.4363154336609751,2.1334699404495807,2.8002130383571613,1.776783011311403,0.264874951846581,1.396884998064999,-2.286968160742011,-0.3105429992936546
12.0,93.0,1004.2360229492188,-3.459145109709174,-4.725281074476253,-1.4363156177790153,2.1334699404495807,2.800183630088882,1.7770648004541607,0.2648749547505094,1.3969102819388028,-2.286972029194684,-0.3105429657295647
12.0,93.0,1004.2360229492188,-3.459145109709174,-4.725281074476253,-1.4363156177790153,2.1334699404495807,2.800183630088882,1.7770648004541607,0.2648749547505094,1.3969102819388028,-2.286972029194684,-0.3105429657295647
12.0,93.0,1004.2360229492188,-3.459145206897654,-4.725281074476253,-1.4363156311980985,2.1334699404495807,2.800183630088882,1.7770648004541607,0.2648749548080384,1.3969102819388028,-2.286972029194684,-0.3105430000578082
12.0,93.0,1004.2361450195312,-3.459144920162093,-4.7253925448248,-1.4363155131814316,2.1334699404495807,2.800183630088882,1.7770781045439228,0.2648749545904698,1.3969024164333657,-2.286968160560434,-0.310542967204548
12.0,93.0,1004.2362670898438,-3.4591547908313647,-4.725555354663379,-1.4363176992941034,2.1334699404495807,2.800244985855734,1.7772455138959198,0.2648749545181816,1.39687944108076,-2.286967621802526,-0.3105429573073739
12.0,93.0,1004.236328125,-3.459144920162093,-4.725303259504848,-1.436315721695702,2.1334699404495807,2.800209069288904,1.777244245241758,0.2648749525760746,1.3969024164333657,-2.286968160742011,-0.3105429671934482
12.0,93.0,1004.236328125,-3.459144920162093,-4.725303259504848,-1.436315721695702,2.1334699404495807,2.800209069288904,1.777244245241758,0.2648749525760746,1.3969024164333657,-2.286968160742011,-0.3105429671934482
12.0,93.0,1004.236328125,-3.459144920162093,-4.72529965401554,-1.4363178285133913,2.1334699404495807,2.800209069288904,1.7772498696446255,0.2648749526185684,1.3969013472546157,-2.286968160742011,-0.3105429671934482
12.0,93.0,1004.2363891601562,-3.4591547948734296,-4.725555354663379,-1.4363176372433044,2.1334699404495807,2.8002080313200213,1.7772455138959198,0.2648749524365263,1.3968793101167485,-2.2869680512256814,-0.3105429573073739
12.0,93.0,1004.2363891601562,-3.4591547948734296,-4.725555354663379,-1.4363176966392897,2.1334699404495807,2.8002080313200213,1.7772455138959198,0.2648749524365263,1.3968793101167485,-2.2869680512256814,-0.3105429573073739
12.0,93.0,1004.2364501953124,-3.4591547948734296,-4.725555354663379,-1.436317650623939,2.1334699404495807,2.8001778254428205,1.7772256135548026,0.2648749524365263,1.3968793101167485,-2.2869680512256814,-0.3105429573073739
12.0,93.0,1004.236572265625,-3.459144920162093,-4.725303264746175,-1.4363157209832436,2.1334699404495807,2.800209069288904,1.7772477657473045,0.2648749525760746,1.396921040453507,-2.2869681448587538,-0.3105429671934482
12.0,93.0,1004.236572265625,-3.459144920162093,-4.725303264746175,-1.4363157209832436,2.1334699404495807,2.800209069288904,1.7772477657473045,0.2648749525760746,1.396921040453507,-2.2869681448587538,-0.3105429671934482
12.0,93.0,1004.2366943359376,-3.4591444216185496,-4.725303259504848,-1.4363157257403776,2.1334699404495807,2.800124444066223,1.777244245241758,0.2648749525760746,1.3969024164333657,-2.2869682599453665,-0.3105429553496053
12.0,93.0,1004.23681640625,-3.4591540398005542,-4.725393587956717,-1.436317404643728,2.1334699404495807,2.799750188221018,1.7766725958340612,0.2648749545908156,1.3969022709787908,-2.28696816060124,-0.3105430002544852
12.0,93.0,1004.2369995117188,-3.4591539841911865,-4.725389840052063,-1.4363155170406066,2.1334699404495807,2.799753742756012,1.7767579099549182,0.2648749545904642,1.3969024164333657,-2.286974745634678,-0.3105429671934482
12.0,93.0,1004.237060546875,-3.459144920162093,-4.725393587956717,-1.436317766500153,2.1334699404495807,2.799750188221018,1.7767119683483237,0.2648749545908156,1.396901332371924,-2.286968190140908,-0.3105429672400915
12.0,93.0,1004.237060546875,-3.459144920162093,-4.725397193446025,-1.4363156596824636,2.1334699404495807,2.799750188221018,1.7767063439454562,0.2648749545483218,1.3969024015506737,-2.286968190140908,-0.3105429672400915
12.0,93.0,1004.2371826171876,-3.459154497369349,-4.725602893458571,-1.4363177823308202,2.1334699404495807,2.7997352083917373,1.776760831735563,0.2648749546084883,1.396884404741746,-2.286971780005337,-0.3105429949121148
12.0,93.0,1004.2371826171876,-3.459154497369349,-4.725602893458571,-1.4363177823308202,2.1334699404495807,2.7997352083917373,1.776760831735563,0.2648749546084883,1.396884404741746,-2.286971780005337,-0.3105429949121148
12.0,93.0,1004.2371826171876,-3.459154497369349,-4.725602893458571,-1.4363177823308202,2.1334699404495807,2.7997352083917373,1.776760831735563,0.2648749546084883,1.396884404741746,-2.286971780005337,-0.3105429949121148
12.0,93.0,1004.2371826171876,-3.459154497369349,-4.725602893458571,-1.4363177823308202,2.1334699404495807,2.7997352083917373,1.776760831735563,0.2648749546084883,1.396884404741746,-2.286971780005337,-0.3105429949121148
12.0,93.0,1004.2372436523438,-3.459144384918262,-4.725547736409841,-1.4363155359119557,2.1334699404495807,2.799731610016515,1.776726112370531,0.2648749561433788,1.3968834520012323,-2.286968135673954,-0.3105429668603839
12.0,93.0,1004.2373046875,-3.459144920162093,-4.725885354694357,-1.4363157324642104,2.1334699404495807,2.800183630088882,1.7770781045439228,0.2648749547505094,1.3969024164333657,-2.286968160742011,-0.3105429657295647
12.0,93.0,1004.2373657226562,-3.459144384918262,-4.725547754687225,-1.436315597836218,2.1334699404495807,2.799731610016515,1.776739273510085,0.2648749561291262,1.3968924722003726,-2.286968284833193,-0.3105429668603839
12.0,93.0,1004.2373657226562,-3.4591548808078247,-4.725863441600881,-1.4363176945074276,2.1334699404495807,2.800182515273202,1.7770426318787278,0.2648749524720736,1.396922472410987,-2.2869014795335283,-0.3105476879892941
12.0,93.0,1004.237548828125,-3.459145421689871,-4.725602893458571,-1.4363177823308202,2.1334699404495807,2.7997499479441843,1.776760831735563,0.2648749546084883,1.396903663775418,-2.286971780005337,-0.3105429949121148
12.0,93.0,1004.2376098632812,-3.4591437278515422,-4.72586605596892,-1.436315416504619,2.1334699404495807,2.800182515273202,1.7770426318787278,0.2648749524720736,1.396922546412806,-2.2869014795335283,-0.3105476879892941
12.0,93.0,1004.2378540039062,-3.459154796179208,-4.725863441600881,-1.4363176942779416,2.1334699404495807,2.800208906886222,1.777230734636312,0.2648749524720736,1.396919050355435,-2.2869014795335283,-0.3105476879892941
12.0,93.0,1004.2382202148438,-3.4591547273326904,-4.725393587956717,-1.4363155155582092,2.1334699404495807,2.7997736884192133,1.77725661749527,0.2648749545908156,1.3969028667433625,-2.286968137460306,-0.3105429671934482
12.0,93.0,1004.2382202148438,-3.4591449138571604,-4.72554874120319,-1.436317666313113,2.1334699404495807,2.79955216955782,1.7767391818601668,0.2648749545793057,1.396892333249307,-2.286974238719808,-0.3105429671163011
12.0,93.0,1004.2384033203124,-3.459144920162093,-4.725393587956717,-1.4363155155582092,2.1334699404495807,2.7997736884192133,1.77725661749527,0.2648749545908156,1.3969028667433625,-2.286968137460306,-0.3105429671934482
12.0,93.0,1004.2384643554688,-3.459154902961988,-4.725393587956717,-1.4363156490319366,2.1334699404495807,2.7997269702461622,1.777262275906098,0.2648749544936976,1.3969048256075256,-2.286968160742011,-0.3105429671934482
12.0,93.0,1004.238525390625,-3.459144920162093,-4.725393587956717,-1.4363155155582092,2.1334699404495807,2.799750188221018,1.7772644737524752,0.2648749545908156,1.3969024164333657,-2.286968137460306,-0.3105429671934482
12.0,93.0,1004.238525390625,-3.459144920162093,-4.725393587956717,-1.4363155155582092,2.1334699404495807,2.799750188221018,1.7772644737524752,0.2648749545908156,1.3969024164333657,-2.286968137460306,-0.3105429671934482
12.0,93.0,1004.238525390625,-3.459144920162093,-4.725393587956717,-1.4363155155582092,2.1334699404495807,2.799750188221018,1.7772644737524752,0.2648749545908156,1.3969024164333657,-2.286968137460306,-0.3105429671934482
12.0,93.0,1004.238525390625,-3.459144920162093,-4.725393587956717,-1.4363155155582092,2.1334699404495807,2.799750188221018,1.7772644737524752,0.2648749545908156,1.3969024164333657,-2.286968137460306,-0.3105429671934482
12.0,93.0,1004.238525390625,-3.4591444590538143,-4.725389840052063,-1.4363155170406066,2.1334699404495807,2.799750188221018,1.7772632173081837,0.2648749545908156,1.3969024164333657,-2.286974691102557,-0.3105429671934482
12.0,93.0,1004.238525390625,-3.459144920162093,-4.725393587956717,-1.4363177280661592,2.1334699404495807,2.799750188221018,1.7772644737524752,0.2648749545908156,1.3969024164333657,-2.286972819847676,-0.3105429671934482
12.0,93.0,1004.238525390625,-3.459144920162093,-4.725393587956717,-1.4363155155582092,2.1334699404495807,2.799750188221018,1.7772644737524752,0.2648749545908156,1.3969024164333657,-2.286968137460306,-0.3105429671934482
12.0,93.0,1004.2385864257812,-3.45915394635925,-4.72554121619739,-1.4363176519808434,2.1334699404495807,2.799408382585053,1.776739171586423,0.2648749516380358,1.3968824609772434,-2.286968334766822,-0.3105429992223255
12.0,93.0,1004.2386474609376,-3.459144415313617,-4.72554874120319,-1.436317670357789,2.1334699404495807,2.7994675443351382,1.7767391818601668,0.2648749545793057,1.396892333249307,-2.286974337923162,-0.3105429552724582
12.0,93.0,1004.2387084960938,-3.4591548808078247,-4.725381670706612,-1.4363176945074276,2.1334699404495807,2.7993770786307786,1.7767153673166496,0.2648749524720736,1.3969047269440018,-2.286968160742011,-0.3105429997146365
12.0,93.0,1004.2387084960938,-3.459154902961988,-4.725383942531061,-1.436317699350791,2.1334699404495807,2.7993770786307786,1.7767238648001482,0.2648749542145127,1.3969047808168833,-2.286972749262144,-0.3105430021615082
12.0,93.0,1004.2387084960938,-3.4591549528989884,-4.725381599992737,-1.436317685494259,2.1334699404495807,2.7993744956400155,1.7767153673166496,0.2648749524720736,1.3969047269440018,-2.2869681607429166,-0.3105430003033171
12.0,93.0,1004.23876953125,-3.459154902961988,-4.725393587956717,-1.436317699350791,2.1334699404495807,2.7993770786307786,1.7767238648001482,0.2648749524720736,1.3969047808168833,-2.286968160742011,-0.3105429671934482
12.0,94.0,1004.23486328125,-3.4591549029855497,-4.725547736409841,-1.4363176992116609,2.1334699404495807,2.8002464639919413,1.776726112370531,0.2648749261082188,1.3968834520012323,-2.2869724840295635,-0.3105429671369625
12.0,94.0,1004.2350463867188,-3.4591482437370176,-4.725395042912711,-1.4363154336609751,2.1334699404495807,2.8002130383571613,1.776783011311403,0.2648749546625653,1.396884998064999,-2.286968160742011,-0.3105429684296677
12.0,94.0,1004.235107421875,-3.459148428524231,-4.725557434243071,-1.4363177823308202,2.1334699404495807,2.800235865366457,1.776760831735563,0.2648749546084883,1.396884404741746,-2.286971780005337,-0.3105429949121148
12.0,94.0,1004.2351684570312,-3.459154497369349,-4.725600132372611,-1.4363176405682012,2.1334699404495807,2.800211412520263,1.776760831735563,0.2648749546499386,1.3968845091827995,-2.2869719041171463,-0.3105429949121148
12.0,94.0,1004.2351684570312,-3.459154842704619,-4.725600132372611,-1.4363156111979274,2.1334699404495807,2.800208445121536,1.776760831735563,0.2648749548023215,1.3968845091827995,-2.2869719041171463,-0.3105430000465365
12.0,94.0,1004.2352905273438,-3.4591482437370176,-4.725555630441982,-1.4363154336609751,2.1334699404495807,2.8002130383571613,1.776783011311403,0.264874951846581,1.396884998064999,-2.286968160742011,-0.3105429992936546
12.0,94.0,1004.2352905273438,-3.4591482437370176,-4.725555630441982,-1.4363154336609751,2.1334699404495807,2.8002130383571613,1.776783011311403,0.264874951846581,1.396884998064999,-2.286968160742011,-0.3105429992936546
12.0,94.0,1004.2352905273438,-3.4591482905511683,-4.72556028948618,-1.4363157407295453,2.1334699404495807,2.8002130383571613,1.776783011311403,0.264874951846581,1.3968844249177927,-2.286968264305796,-0.3105429992936546
12.0,94.0,1004.2356567382812,-3.4591452643685194,-4.725281074476253,-1.4363156335583305,2.1334699404495807,2.800183630088882,1.7770648570932073,0.2648749548080384,1.396882631480274,-2.286972029194684,-0.3105430000578082
12.0,94.0,1004.2357788085938,-3.459145228927293,-4.725280054557027,-1.4363156177790153,2.1334699404495807,2.800245109560167,1.7770648004541607,0.2648749547505094,1.3969102819388028,-2.286972029194684,-0.3105429573498703
12.0,94.0,1004.2360229492188,-3.459145109709174,-4.725281074476253,-1.4363156177790153,2.1334699404495807,2.800183630088882,1.7770648004541607,0.2648749547505094,1.3969102819388028,-2.286972029194684,-0.3105429657295647
12.0,94.0,1004.2360229492188,-3.459145109709174,-4.725281074476253,-1.4363156177790153,2.1334699404495807,2.800183630088882,1.7770648004541607,0.2648749547505094,1.3969102819388028,-2.286972029194684,-0.3105429657295647
12.0,94.0,1004.2360229492188,-3.459145206897654,-4.725281074476253,-1.4363156311980985,2.1334699404495807,2.800183630088882,1.7770648004541607,0.2648749548080384,1.3969102819388028,-2.286972029194684,-0.3105430000578082
12.0,94.0,1004.236083984375,-3.459144920162093,-4.725303259504848,-1.436317674142601,2.1334699404495807,2.8002105116082534,1.777244245241758,0.2648749525760746,1.3968819029220578,-2.2869724265373383,-0.3105429671926141
12.0,94.0,1004.2361450195312,-3.459144920162093,-4.7253925448248,-1.4363155131814316,2.1334699404495807,2.800183630088882,1.7770781045439228,0.2648749545904698,1.3969024164333657,-2.286968160560434,-0.310542967204548
12.0,94.0,1004.2361450195312,-3.459145109709174,-4.725281074476253,-1.4363156177790153,2.1334699404495807,2.800183630088882,1.7770648004541607,0.2648749547505094,1.3969210238549363,-2.286972029194684,-0.3105429657295647
12.0,94.0,1004.2362670898438,-3.4591547908313647,-4.725555354663379,-1.4363176992941034,2.1334699404495807,2.800244985855734,1.7772455138959198,0.2648749545181816,1.39687944108076,-2.286967621802526,-0.3105429573073739
12.0,94.0,1004.236328125,-3.459144920162093,-4.725303259504848,-1.436315721695702,2.1334699404495807,2.800209069288904,1.777244245241758,0.2648749525760746,1.3969024164333657,-2.286968160742011,-0.3105429671934482
12.0,94.0,1004.236328125,-3.459144920162093,-4.725303259504848,-1.436315721695702,2.1334699404495807,2.800209069288904,1.777244245241758,0.2648749525760746,1.3969024164333657,-2.286968160742011,-0.3105429671934482
12.0,94.0,1004.236328125,-3.459144920162093,-4.72529965401554,-1.4363178285133913,2.1334699404495807,2.800209069288904,1.7772498696446255,0.2648749526185684,1.3969013472546157,-2.286968160742011,-0.3105429671934482
12.0,94.0,1004.236328125,-3.459144687277229,-4.72529965401554,-1.4363156198767342,2.1334699404495807,2.800209069288904,1.7772498696446255,0.2648749526185684,1.3969013472546157,-2.286968160742011,-0.3105429671934482
12.0,94.0,1004.2363891601562,-3.4591547948734296,-4.725555354663379,-1.4363176372433044,2.1334699404495807,2.8002080313200213,1.7772455138959198,0.2648749524365263,1.3968793101167485,-2.2869680512256814,-0.3105429573073739
12.0,94.0,1004.2363891601562,-3.4591547948734296,-4.725555354663379,-1.4363176966392897,2.1334699404495807,2.8002080313200213,1.7772455138959198,0.2648749524365263,1.3968793101167485,-2.2869680512256814,-0.3105429573073739
12.0,94.0,1004.2364501953124,-3.4591547948734296,-4.725555354663379,-1.436317650623939,2.1334699404495807,2.8001778254428205,1.7772256135548026,0.2648749524365263,1.3968793101167485,-2.2869680512256814,-0.3105429573073739
12.0,94.0,1004.2364501953124,-3.459144920431479,-4.725388060046355,-1.436315416504619,2.1334699404495807,2.800182515273202,1.7770442397556458,0.2648749524720736,1.396922546412806,-2.2868998708814305,-0.3105480342167345
12.0,94.0,1004.2365112304688,-3.459144920162093,-4.725393587956717,-1.4363155155582092,2.1334699404495807,2.800218984220685,1.777265113411943,0.2648749545908156,1.3969024556899643,-2.286968137442833,-0.3105429671934482
12.0,94.0,1004.236572265625,-3.459144920162093,-4.725303264746175,-1.4363157209832436,2.1334699404495807,2.800209069288904,1.7772477657473045,0.2648749525760746,1.396921040453507,-2.2869681448587538,-0.3105429671934482
12.0,94.0,1004.236572265625,-3.459144920162093,-4.725303264746175,-1.4363157209832436,2.1334699404495807,2.800209069288904,1.7772477657473045,0.2648749525760746,1.396921040453507,-2.2869681448587538,-0.3105429671934482
12.0,94.0,1004.2366943359376,-3.4591444216185496,-4.725303259504848,-1.4363157257403776,2.1334699404495807,2.800124444066223,1.777244245241758,0.2648749525760746,1.3969024164333657,-2.2869682599453665,-0.3105429553496053
12.0,94.0,1004.2367553710938,-3.459144920162093,-4.725391927343626,-1.4363155155582092,2.1334699404495807,2.8001832731222915,1.777270231833429,0.2648749545908156,1.3969102326176617,-2.286968141384412,-0.3105429656771223
12.0,94.0,1004.23681640625,-3.4591540398005542,-4.725393587956717,-1.436317404643728,2.1334699404495807,2.799750188221018,1.7766725958340612,0.2648749545908156,1.3969022709787908,-2.28696816060124,-0.3105430002544852
12.0,94.0,1004.2368774414062,-3.4591540398005542,-4.725393576401831,-1.436317404643728,2.1334699404495807,2.799750188221018,1.7767059884345393,0.2648749545914803,1.3969022709787908,-2.28696816060124,-0.310542962601327
12.0,94.0,1004.2368774414062,-3.459144997083438,-4.725395621528026,-1.4363156596824636,2.1334699404495807,2.7997920158134137,1.7767063439454562,0.2648749545483218,1.3969023730931942,-2.286968190140908,-0.3105429672400915
12.0,94.0,1004.2369384765624,-3.4591544641471947,-4.725560229379481,-1.4363157209832436,2.1334699404495807,2.800209069288904,1.7772478159872829,0.2648749525846051,1.396921040453507,-2.2869681448587538,-0.3105429671934482
12.0,94.0,1004.2369995117188,-3.4591539841911865,-4.725389840052063,-1.4363155170406066,2.1334699404495807,2.799753742756012,1.7767579099549182,0.2648749545904642,1.3969024164333657,-2.286974745634678,-0.3105429671934482
12.0,94.0,1004.237060546875,-3.459144920162093,-4.725393587956717,-1.436317766500153,2.1334699404495807,2.799750188221018,1.7767119683483237,0.2648749545908156,1.396901332371924,-2.286968190140908,-0.3105429672400915
12.0,94.0,1004.237060546875,-3.459144920162093,-4.725397193446025,-1.4363156596824636,2.1334699404495807,2.799750188221018,1.7767063439454562,0.2648749545483218,1.3969024015506737,-2.286968190140908,-0.3105429672400915
12.0,94.0,1004.2371826171876,-3.459154497369349,-4.725602893458571,-1.4363177823308202,2.1334699404495807,2.7997352083917373,1.776760831735563,0.2648749546084883,1.396884404741746,-2.286971780005337,-0.3105429949121148
12.0,94.0,1004.2371826171876,-3.459154497369349,-4.725602893458571,-1.4363177823308202,2.1334699404495807,2.7997352083917373,1.776760831735563,0.2648749546084883,1.396884404741746,-2.286971780005337,-0.3105429949121148
12.0,94.0,1004.2371826171876,-3.459154497369349,-4.725602893458571,-1.4363177823308202,2.1334699404495807,2.7997352083917373,1.776760831735563,0.2648749546084883,1.396884404741746,-2.286971780005337,-0.3105429949121148
12.0,94.0,1004.2371826171876,-3.459154497369349,-4.725602893458571,-1.4363177823308202,2.1334699404495807,2.7997352083917373,1.776760831735563,0.2648749546084883,1.396884404741746,-2.286971780005337,-0.3105429949121148
12.0,94.0,1004.2372436523438,-3.459144384918262,-4.725547736409841,-1.4363155359119557,2.1334699404495807,2.799731610016515,1.776726112370531,0.2648749561433788,1.3968834520012323,-2.286968135673954,-0.3105429668603839
12.0,94.0,1004.2373046875,-3.459144920162093,-4.725885354694357,-1.4363157324642104,2.1334699404495807,2.800183630088882,1.7770781045439228,0.2648749547505094,1.3969024164333657,-2.286968160742011,-0.3105429657295647
12.0,94.0,1004.2373046875,-3.4591449285607,-4.725885430298697,-1.4363157274806742,2.1334699404495807,2.800183630088882,1.77707751700849,0.264874954753184,1.3969024164333657,-2.286968027381328,-0.3105429657295647
12.0,94.0,1004.2373657226562,-3.459144384918262,-4.725547754687225,-1.436315597836218,2.1334699404495807,2.799731610016515,1.776739273510085,0.2648749561291262,1.3968924722003726,-2.286968284833193,-0.3105429668603839
12.0,94.0,1004.2373657226562,-3.4591548808078247,-4.725863441600881,-1.4363176945074276,2.1334699404495807,2.800182515273202,1.7770426318787278,0.2648749524720736,1.396922472410987,-2.2869014795335283,-0.3105476879892941
12.0,94.0,1004.2373657226562,-3.459154312582136,-4.725601089657482,-1.4363154336609751,2.1334699404495807,2.799712381382441,1.776783011311403,0.264874951846581,1.396884998064999,-2.286968160742011,-0.3105429992936546
12.0,94.0,1004.237548828125,-3.459145421689871,-4.725602893458571,-1.4363177823308202,2.1334699404495807,2.7997499479441843,1.776760831735563,0.2648749546084883,1.396903663775418,-2.286971780005337,-0.3105429949121148
12.0,94.0,1004.2376098632812,-3.4591437278515422,-4.72586605596892,-1.436315416504619,2.1334699404495807,2.800182515273202,1.7770426318787278,0.2648749524720736,1.396922546412806,-2.2869014795335283,-0.3105476879892941
12.0,94.0,1004.2376098632812,-3.4591443274473965,-4.725547736409841,-1.4363155335517237,2.1334699404495807,2.799731610016515,1.7767260557314843,0.2648749561433788,1.3969111024597614,-2.286968135673954,-0.3105429668603839
12.0,95.0,1004.23486328125,-3.4591549029855497,-4.725547736409841,-1.4363176992116609,2.1334699404495807,2.8002464639919413,1.776726112370531,0.2648749261082188,1.3968834520012323,-2.2869724840295635,-0.3105429671369625
12.0,95.0,1004.23486328125,-3.459148428524231,-4.725394759753207,-1.4363152697688466,2.1334699404495807,2.800241966291414,1.776760831735563,0.2648749546084883,1.3968849561397283,-2.286971780005337,-0.3105429691069859
12.0,95.0,1004.2350463867188,-3.4591482437370176,-4.725395042912711,-1.4363154336609751,2.1334699404495807,2.8002130383571613,1.776783011311403,0.2648749546625653,1.396884998064999,-2.286968160742011,-0.3105429684296677
12.0,95.0,1004.2350463867188,-3.459154497369349,-4.725385355858002,-1.4363177823308202,2.1334699404495807,2.800227989261424,1.776760831735563,0.2648749546084883,1.396902398350707,-2.286967841262549,-0.3105429949121148
12.0,95.0,1004.235107421875,-3.459148428524231,-4.725557434243071,-1.4363177823308202,2.1334699404495807,2.800235865366457,1.776760831735563,0.2648749546084883,1.396884404741746,-2.286971780005337,-0.3105429949121148
12.0,95.0,1004.235107421875,-3.459148422811566,-4.725557434243071,-1.4363177823308202,2.1334699404495807,2.800235865366457,1.776760831735563,0.264874951646691,1.396884404741746,-2.286971918712143,-0.3105429949121148
12.0,95.0,1004.235107421875,-3.4591549029855497,-4.725547736409841,-1.4363176992116609,2.1334699404495807,2.800245258070064,1.776726112370531,0.2648749261082188,1.3969012109199348,-2.2869683387598974,-0.3105429671376335
12.0,95.0,1004.2351684570312,-3.459154497369349,-4.725600132372611,-1.4363176405682012,2.1334699404495807,2.800211412520263,1.776760831735563,0.2648749546499386,1.3968845091827995,-2.2869719041171463,-0.3105429949121148
12.0,95.0,1004.2351684570312,-3.459154842704619,-4.725600132372611,-1.4363156111979274,2.1334699404495807,2.800208445121536,1.776760831735563,0.2648749548023215,1.3968845091827995,-2.2869719041171463,-0.3105430000465365
12.0,95.0,1004.2351684570312,-3.4591447083084,-4.725323755645711,-1.4363157096893295,2.1334699404495807,2.800211348293624,1.776760831735563,0.2648749524899425,1.3969016804279006,-2.2869719041171463,-0.3105429949121148
12.0,95.0,1004.2351684570312,-3.4591482437370176,-4.725395042912711,-1.4363154336609751,2.1334699404495807,2.800185091324308,1.776783011311403,0.2648749546628128,1.396884998064999,-2.286968160742011,-0.3105429684296677
12.0,95.0,1004.2352905273438,-3.4591482437370176,-4.725555630441982,-1.4363154336609751,2.1334699404495807,2.8002130383571613,1.776783011311403,0.264874951846581,1.396884998064999,-2.286968160742011,-0.3105429992936546
12.0,95.0,1004.2352905273438,-3.4591482437370176,-4.725555630441982,-1.4363154336609751,2.1334699404495807,2.8002130383571613,1.776783011311403,0.264874951846581,1.396884998064999,-2.286968160742011,-0.3105429992936546
12.0,95.0,1004.2352905273438,-3.4591482905511683,-4.72556028948618,-1.4363157407295453,2.1334699404495807,2.8002130383571613,1.776783011311403,0.264874951846581,1.3968844249177927,-2.286968264305796,-0.3105429992936546
12.0,95.0,1004.2352905273438,-3.4591482437370176,-4.725555630441982,-1.4363154336609751,2.1334699404495807,2.8002130383571613,1.776783011311403,0.264874951846581,1.396884998064999,-2.286968160742011,-0.3105429992936546
12.0,95.0,1004.2352905273438,-3.459154497369349,-4.725597376651607,-1.4363175836519642,2.1334699404495807,2.8001793387963003,1.776760831735563,0.2648749546499386,1.3968849650604596,-2.286970513869327,-0.3105429949121148
12.0,95.0,1004.2352905273438,-3.459148268578952,-4.72556028948618,-1.4363157407881038,2.1334699404495807,2.8002130383571613,1.776783011311403,0.2648749543465326,1.396884513488193,-2.286968264305796,-0.3105429979665136
12.0,95.0,1004.2352905273438,-3.459148249449683,-4.725555630441982,-1.4363154336609751,2.1334699404495807,2.8002130383571613,1.776783011311403,0.2648749548083783,1.396884998064999,-2.286968022035205,-0.3105429992936546
12.0,95.0,1004.2356567382812,-3.4591452643685194,-4.725281074476253,-1.4363156335583305,2.1334699404495807,2.800183630088882,1.7770648570932073,0.2648749548080384,1.396882631480274,-2.286972029194684,-0.3105430000578082
12.0,95.0,1004.2356567382812,-3.459144920162093,-4.725301005006868,-1.4363177031873755,2.1334699404495807,2.8002105116082534,1.7770949073851394,0.2648749525760746,1.396881938998534,-2.2869724291378284,-0.3105429671926141
12.0,95.0,1004.2357788085938,-3.459145228927293,-4.725280054557027,-1.4363156177790153,2.1334699404495807,2.800245109560167,1.7770648004541607,0.2648749547505094,1.3969102819388028,-2.286972029194684,-0.3105429573498703
12.0,95.0,1004.23583984375,-3.459144921073231,-4.725280054557027,-1.436315617858908,2.1334699404495807,2.800209308549714,1.7770648004541607,0.2648749546860166,1.3969024596514643,-2.286972029194684,-0.3105429669753071
12.0,95.0,1004.2360229492188,-3.459145109709174,-4.725281074476253,-1.4363156177790153,2.1334699404495807,2.800183630088882,1.7770648004541607,0.2648749547505094,1.3969102819388028,-2.286972029194684,-0.3105429657295647
12.0,95.0,1004.2360229492188,-3.459145109709174,-4.725281074476253,-1.4363156177790153,2.1334699404495807,2.800183630088882,1.7770648004541607,0.2648749547505094,1.3969102819388028,-2.286972029194684,-0.3105429657295647
12.0,95.0,1004.2360229492188,-3.459145206897654,-4.725281074476253,-1.4363156311980985,2.1334699404495807,2.800183630088882,1.7770648004541607,0.2648749548080384,1.3969102819388028,-2.286972029194684,-0.3105430000578082
12.0,95.0,1004.2360229492188,-3.459145109709174,-4.725281074476253,-1.4363156177790153,2.1334699404495807,2.800177972391829,1.7770611824730778,0.2648749524100333,1.3969102819388028,-2.286972029194684,-0.3105429657295647
12.0,95.0,1004.2360229492188,-3.459145206897654,-4.725281074476253,-1.43631561809917,2.1334699404495807,2.800183630088882,1.7770648004541607,0.2648749547510259,1.3969102819388028,-2.286972029194684,-0.3105430000578082
12.0,95.0,1004.2360229492188,-3.459145109709174,-4.725281074476253,-1.4363155238511676,2.1334699404495807,2.800183630088882,1.7770648004541607,0.2648749547309834,1.3969106217777472,-2.286972029194684,-0.3105429657295647
12.0,95.0,1004.236083984375,-3.459144920162093,-4.725303259504848,-1.436317674142601,2.1334699404495807,2.8002105116082534,1.777244245241758,0.2648749525760746,1.3968819029220578,-2.2869724265373383,-0.3105429671926141
12.0,95.0,1004.236083984375,-3.459144920162093,-4.725308287467409,-1.436317674142601,2.1334699404495807,2.800210537347113,1.777244245241758,0.2648749547974083,1.3968819029220578,-2.2869724265373383,-0.3105429671926141
12.0,95.0,1004.2361450195312,-3.459144920162093,-4.7253925448248,-1.4363155131814316,2.1334699404495807,2.800183630088882,1.7770781045439228,0.2648749545904698,1.3969024164333657,-2.286968160560434,-0.310542967204548
12.0,95.0,1004.2361450195312,-3.459145109709174,-4.725281074476253,-1.4363156177790153,2.1334699404495807,2.800183630088882,1.7770648004541607,0.2648749547505094,1.3969210238549363,-2.286972029194684,-0.3105429657295647
12.0,95.0,1004.2362670898438,-3.4591547908313647,-4.725555354663379,-1.4363176992941034,2.1334699404495807,2.800244985855734,1.7772455138959198,0.2648749545181816,1.39687944108076,-2.286967621802526,-0.3105429573073739
12.0,95.0,1004.2362670898438,-3.459145228016156,-4.725303259504848,-1.436315721615809,2.1334699404495807,2.8002448702993576,1.777244245241758,0.2648749526405674,1.3969102387207042,-2.286968160742011,-0.3105429575680113
12.0,95.0,1004.236328125,-3.459144920162093,-4.725303259504848,-1.436315721695702,2.1334699404495807,2.800209069288904,1.777244245241758,0.2648749525760746,1.3969024164333657,-2.286968160742011,-0.3105429671934482
12.0,95.0,1004.236328125,-3.459144920162093,-4.725303259504848,-1.436315721695702,2.1334699404495807,2.800209069288904,1.777244245241758,0.2648749525760746,1.3969024164333657,-2.286968160742011,-0.3105429671934482
12.0,95.0,1004.236328125,-3.459144920162093,-4.72529965401554,-1.4363178285133913,2.1334699404495807,2.800209069288904,1.7772498696446255,0.2648749526185684,1.3969013472546157,-2.286968160742011,-0.3105429671934482
12.0,95.0,1004.236328125,-3.459144687277229,-4.72529965401554,-1.4363156198767342,2.1334699404495807,2.800209069288904,1.7772498696446255,0.2648749526185684,1.3969013472546157,-2.286968160742011,-0.3105429671934482
12.0,95.0,1004.2363891601562,-3.4591547948734296,-4.725555354663379,-1.4363176372433044,2.1334699404495807,2.8002080313200213,1.7772455138959198,0.2648749524365263,1.3968793101167485,-2.2869680512256814,-0.3105429573073739
12.0,95.0,1004.2363891601562,-3.4591547948734296,-4.725555354663379,-1.4363176966392897,2.1334699404495807,2.8002080313200213,1.7772455138959198,0.2648749524365263,1.3968793101167485,-2.2869680512256814,-0.3105429573073739
12.0,95.0,1004.2363891601562,-3.459145109709174,-4.725281074476253,-1.4363156177790153,2.1334699404495807,2.8001245765260294,1.7770648004541607,0.2648749547944751,1.396922418124252,-2.286972029194684,-0.31054295531291
12.0,95.0,1004.2364501953124,-3.4591547948734296,-4.725555354663379,-1.436317650623939,2.1334699404495807,2.8001778254428205,1.7772256135548026,0.2648749524365263,1.3968793101167485,-2.2869680512256814,-0.3105429573073739
12.0,95.0,1004.2364501953124,-3.459144920431479,-4.725388060046355,-1.436315416504619,2.1334699404495807,2.800182515273202,1.7770442397556458,0.2648749524720736,1.396922546412806,-2.2868998708814305,-0.3105480342167345
12.0,95.0,1004.2364501953124,-3.4591444216185496,-4.725303259504848,-1.4363157257403776,2.1334699404495807,2.800183497629076,1.777244245241758,0.2648749525321089,1.3969010221640503,-2.2869682599453665,-0.3105429657662601
12.0,95.0,1004.2365112304688,-3.459144920162093,-4.725393587956717,-1.4363155155582092,2.1334699404495807,2.800218984220685,1.777265113411943,0.2648749545908156,1.3969024556899643,-2.286968137442833,-0.3105429671934482
12.0,95.0,1004.2365112304688,-3.4591547092230424,-4.725579636231748,-1.4363176525745731,2.1334699404495807,2.8002091335155432,1.777244245241758,0.2648749547360707,1.3968852451882647,-2.286968160742011,-0.3105429671934482
12.0,95.0,1004.236572265625,-3.459144920162093,-4.725303264746175,-1.4363157209832436,2.1334699404495807,2.800209069288904,1.7772477657473045,0.2648749525760746,1.396921040453507,-2.2869681448587538,-0.3105429671934482
12.0,95.0,1004.236572265625,-3.459144920162093,-4.725303264746175,-1.4363157209832436,2.1334699404495807,2.800209069288904,1.7772477657473045,0.2648749525760746,1.396921040453507,-2.2869681448587538,-0.3105429671934482
12.0,95.0,1004.236572265625,-3.459144921409933,-4.725280822496715,-1.4363157209832436,2.1334699404495807,2.8002099760163564,1.7772477657473045,0.2648749525760746,1.3969211143959883,-2.286968063285992,-0.3105429671934482
12.0,95.0,1004.2366943359376,-3.4591444216185496,-4.725303259504848,-1.4363157257403776,2.1334699404495807,2.800124444066223,1.777244245241758,0.2648749525760746,1.3969024164333657,-2.2869682599453665,-0.3105429553496053
12.0,96.0,1004.2348022460938,-3.4591447083084,-4.725323755645711,-1.4363157096893295,2.1334699404495807,2.800244287406627,1.776760831735563,0.2648749524899425,1.3968828046790442,-2.2869718836780355,-0.3105429949121148
12.0,96.0,1004.23486328125,-3.4591549029855497,-4.725547736409841,-1.4363176992116609,2.1334699404495807,2.8002464639919413,1.776726112370531,0.2648749261082188,1.3968834520012323,-2.2869724840295635,-0.3105429671369625
12.0,96.0,1004.23486328125,-3.459148428524231,-4.725394759753207,-1.4363152697688466,2.1334699404495807,2.800241966291414,1.776760831735563,0.2648749546084883,1.3968849561397283,-2.286971780005337,-0.3105429691069859
12.0,96.0,1004.23486328125,-3.4591549029855497,-4.725547736409841,-1.4363176992116609,2.1334699404495807,2.8002464639919413,1.776726112370531,0.2648749261082188,1.3968834520012323,-2.2869724840295635,-0.3105429671369625
12.0,96.0,1004.23486328125,-3.459148422404051,-4.725394759753207,-1.4363154275864358,2.1334699404495807,2.800241966291414,1.77676150818674,0.2648749546084883,1.3968849561397283,-2.286971782107309,-0.3105429691069859
12.0,96.0,1004.2349243164062,-3.4591483476880907,-4.72529965401554,-1.4363176760979477,2.1334699404495807,2.800209069288904,1.7767439067063628,0.2648749518485233,1.3968871155466371,-2.286968160742011,-0.3105429991491578
12.0,96.0,1004.2349853515624,-3.4591482437370176,-4.725385338206503,-1.4363154336609751,2.1334699404495807,2.800213187627173,1.776783011311403,0.2648749546625653,1.3968849430347536,-2.286972166950447,-0.310543002498432
12.0,96.0,1004.2350463867188,-3.4591482437370176,-4.725395042912711,-1.4363154336609751,2.1334699404495807,2.8002130383571613,1.776783011311403,0.2648749546625653,1.396884998064999,-2.286968160742011,-0.3105429684296677
12.0,96.0,1004.2350463867188,-3.459154497369349,-4.725385355858002,-1.4363177823308202,2.1334699404495807,2.800227989261424,1.776760831735563,0.2648749546084883,1.396902398350707,-2.286967841262549,-0.3105429949121148
12.0,96.0,1004.2350463867188,-3.4591482437370176,-4.725395042912711,-1.4363154336609751,2.1334699404495807,2.8002130383571613,1.776783011311403,0.2648749546625653,1.396884998064999,-2.286968160742011,-0.3105429684296677
12.0,96.0,1004.235107421875,-3.459148428524231,-4.725557434243071,-1.4363177823308202,2.1334699404495807,2.800235865366457,1.776760831735563,0.2648749546084883,1.396884404741746,-2.286971780005337,-0.3105429949121148
12.0,96.0,1004.235107421875,-3.459148422811566,-4.725557434243071,-1.4363177823308202,2.1334699404495807,2.800235865366457,1.776760831735563,0.264874951646691,1.396884404741746,-2.286971918712143,-0.3105429949121148
12.0,96.0,1004.235107421875,-3.4591549029855497,-4.725547736409841,-1.4363176992116609,2.1334699404495807,2.800245258070064,1.776726112370531,0.2648749261082188,1.3969012109199348,-2.2869683387598974,-0.3105429671376335
12.0,96.0,1004.235107421875,-3.459148294851277,-4.725323755645711,-1.4363157096893295,2.1334699404495807,2.800211348293624,1.776760831735563,0.2648749518470044,1.3969016804279006,-2.2869719041171463,-0.3105429949121148
12.0,96.0,1004.235107421875,-3.459154418533421,-4.725566476300455,-1.4363154336609751,2.1334699404495807,2.8002130383571613,1.7767607232343443,0.2648749548083783,1.396884998064999,-2.286968022035205,-0.3105429992936546
12.0,96.0,1004.2351684570312,-3.459154497369349,-4.725600132372611,-1.4363176405682012,2.1334699404495807,2.800211412520263,1.776760831735563,0.2648749546499386,1.3968845091827995,-2.2869719041171463,-0.3105429949121148
12.0,96.0,1004.2351684570312,-3.459154842704619,-4.725600132372611,-1.4363156111979274,2.1334699404495807,2.800208445121536,1.776760831735563,0.2648749548023215,1.3968845091827995,-2.2869719041171463,-0.3105430000465365
12.0,96.0,1004.2351684570312,-3.4591447083084,-4.725323755645711,-1.4363157096893295,2.1334699404495807,2.800211348293624,1.776760831735563,0.2648749524899425,1.3969016804279006,-2.2869719041171463,-0.3105429949121148
12.0,96.0,1004.2351684570312,-3.4591482437370176,-4.725395042912711,-1.4363154336609751,2.1334699404495807,2.800185091324308,1.776783011311403,0.2648749546628128,1.396884998064999,-2.286968160742011,-0.3105429684296677
12.0,96.0,1004.2351684570312,-3.4591546662528727,-4.725385355858002,-1.4363179632790233,2.1334699404495807,2.8001837662651057,1.776760831735563,0.264874954606028,1.3969020956680405,-2.286967841262549,-0.3105429949121148
12.0,96.0,1004.2351684570312,-3.4591482437370176,-4.725395042912711,-1.4363154336609751,2.1334699404495807,2.800185091324308,1.776783011311403,0.2648749546628128,1.396884998064999,-2.286968160742011,-0.3105429684296677
12.0,96.0,1004.2351684570312,-3.4591482449513253,-4.725395042912711,-1.4363155484372871,2.1334699404495807,2.800185091324308,1.776783011311403,0.2648749546628128,1.396884998064999,-2.286968133144692,-0.3105429684296677
12.0,96.0,1004.2352905273438,-3.4591482437370176,-4.725555630441982,-1.4363154336609751,2.1334699404495807,2.8002130383571613,1.776783011311403,0.264874951846581,1.396884998064999,-2.286968160742011,-0.3105429992936546
12.0,96.0,1004.2352905273438,-3.4591482437370176,-4.725555630441982,-1.4363154336609751,2.1334699404495807,2.8002130383571613,1.776783011311403,0.264874951846581,1.396884998064999,-2.286968160742011,-0.3105429992936546
12.0,96.0,1004.2352905273438,-3.4591482905511683,-4.72556028948618,-1.4363157407295453,2.1334699404495807,2.8002130383571613,1.776783011311403,0.264874951846581,1.3968844249177927,-2.286968264305796,-0.3105429992936546
12.0,96.0,1004.2352905273438,-3.4591482437370176,-4.725555630441982,-1.4363154336609751,2.1334699404495807,2.8002130383571613,1.776783011311403,0.264874951846581,1.396884998064999,-2.286968160742011,-0.3105429992936546
12.0,96.0,1004.2352905273438,-3.459154497369349,-4.725597376651607,-1.4363175836519642,2.1334699404495807,2.8001793387963003,1.776760831735563,0.2648749546499386,1.3968849650604596,-2.286970513869327,-0.3105429949121148
12.0,96.0,1004.2352905273438,-3.459148268578952,-4.72556028948618,-1.4363157407881038,2.1334699404495807,2.8002130383571613,1.776783011311403,0.2648749543465326,1.396884513488193,-2.286968264305796,-0.3105429979665136
12.0,96.0,1004.2352905273438,-3.459148249449683,-4.725555630441982,-1.4363154336609751,2.1334699404495807,2.8002130383571613,1.776783011311403,0.2648749548083783,1.396884998064999,-2.286968022035205,-0.3105429992936546
12.0,96.0,1004.2352905273438,-3.4591482905511683,-4.72556028948618,-1.4363157407295453,2.1334699404495807,2.8002130383571613,1.776783011311403,0.264874951846581,1.3968844249177927,-2.286968264305796,-0.3105429996020185
12.0,96.0,1004.2353515625,-3.45914465719414,-4.725555630441982,-1.4363154336609751,2.1334699404495807,2.8002130383571613,1.776783011311403,0.2648749524895191,1.396884998064999,-2.286968160742011,-0.3105429992936546
12.0,96.0,1004.2356567382812,-3.4591452643685194,-4.725281074476253,-1.4363156335583305,2.1334699404495807,2.800183630088882,1.7770648570932073,0.2648749548080384,1.396882631480274,-2.286972029194684,-0.3105430000578082
12.0,96.0,1004.2356567382812,-3.459144920162093,-4.725301005006868,-1.4363177031873755,2.1334699404495807,2.8002105116082534,1.7770949073851394,0.2648749525760746,1.396881938998534,-2.2869724291378284,-0.3105429671926141
12.0,96.0,1004.2357177734376,-3.459144920162093,-4.725301005006868,-1.436315610375794,2.1334699404495807,2.8002105116082534,1.777094300511454,0.2648749525760746,1.3968845372883665,-2.2869724291378284,-0.3105429674205574
12.0,96.0,1004.2357788085938,-3.459145228927293,-4.725280054557027,-1.4363156177790153,2.1334699404495807,2.800245109560167,1.7770648004541607,0.2648749547505094,1.3969102819388028,-2.286972029194684,-0.3105429573498703
12.0,96.0,1004.2357788085938,-3.459145228927293,-4.72529520673523,-1.4363156057649802,2.1334699404495807,2.800245109560167,1.7770648004541607,0.2648749548072833,1.3969102819388028,-2.286972029194684,-0.3105429573498703
12.0,96.0,1004.2357788085938,-3.459145109709174,-4.725557470580119,-1.4363156177790153,2.1334699404495807,2.800177972391829,1.776778262912745,0.2648749524100333,1.3969102819388028,-2.286972029194684,-0.3105429657295647
12.0,96.0,1004.2357788085938,-3.459154497369349,-4.725267917917512,-1.4363175950494065,2.1334699404495807,2.800181242447005,1.7770506806474635,0.2648749546499386,1.3969104321969052,-2.286972042305245,-0.3105429952134939
12.0,96.0,1004.23583984375,-3.459144921073231,-4.725280054557027,-1.436315617858908,2.1334699404495807,2.800209308549714,1.7770648004541607,0.2648749546860166,1.3969024596514643,-2.286972029194684,-0.3105429669753071
12.0,96.0,1004.23583984375,-3.459144940825651,-4.725281074476253,-1.4363154368308122,2.1334699404495807,2.8002278530852,1.7770648004541607,0.2648749547529697,1.3969105846214696,-2.286972029194684,-0.3105429657295647
12.0,96.0,1004.2360229492188,-3.459145109709174,-4.725281074476253,-1.4363156177790153,2.1334699404495807,2.800183630088882,1.7770648004541607,0.2648749547505094,1.3969102819388028,-2.286972029194684,-0.3105429657295647
12.0,96.0,1004.2360229492188,-3.459145109709174,-4.725281074476253,-1.4363156177790153,2.1334699404495807,2.800183630088882,1.7770648004541607,0.2648749547505094,1.3969102819388028,-2.286972029194684,-0.3105429657295647
12.0,96.0,1004.2360229492188,-3.459145206897654,-4.725281074476253,-1.4363156311980985,2.1334699404495807,2.800183630088882,1.7770648004541607,0.2648749548080384,1.3969102819388028,-2.286972029194684,-0.3105430000578082
12.0,96.0,1004.2360229492188,-3.459145109709174,-4.725281074476253,-1.4363156177790153,2.1334699404495807,2.800177972391829,1.7770611824730778,0.2648749524100333,1.3969102819388028,-2.286972029194684,-0.3105429657295647
12.0,96.0,1004.2360229492188,-3.459145206897654,-4.725281074476253,-1.43631561809917,2.1334699404495807,2.800183630088882,1.7770648004541607,0.2648749547510259,1.3969102819388028,-2.286972029194684,-0.3105430000578082
12.0,96.0,1004.2360229492188,-3.459145109709174,-4.725281074476253,-1.4363155238511676,2.1334699404495807,2.800183630088882,1.7770648004541607,0.2648749547309834,1.3969106217777472,-2.286972029194684,-0.3105429657295647
12.0,96.0,1004.2360229492188,-3.459145206897654,-4.725281074476253,-1.4363155098513989,2.1334699404495807,2.800183630088882,1.7770648004541607,0.2648749547334439,1.3969102819388028,-2.286972029194684,-0.3105430000578082
12.0,96.0,1004.2360229492188,-3.459145109709174,-4.725281074476253,-1.4363156177790153,2.1334699404495807,2.800183630088882,1.7770648004541607,0.2648749547505094,1.3969102819388028,-2.286972029194684,-0.3105429657295647
12.0,96.0,1004.2360229492188,-3.459145206897654,-4.725281074476253,-1.43631561809917,2.1334699404495807,2.800183630088882,1.7770648004541607,0.2648749547510259,1.3969102819388028,-2.286972029194684,-0.3105430000578082
12.0,96.0,1004.2360229492188,-3.459145109709174,-4.725281074476253,-1.4363155238511676,2.1334699404495807,2.800183630088882,1.7770648004541607,0.2648749547309834,1.3969106217777472,-2.286972029194684,-0.3105429657295647
12.0,97.0,1004.2346801757812,-3.459154872651656,-4.7253937817607214,-1.4363176992116609,2.1334699404495807,2.8002418577073107,1.77672754150404,0.2648749587208818,1.3968850527899133,-2.2869724998517764,-0.3105429671369625
12.0,97.0,1004.2348022460938,-3.4591447083084,-4.725323755645711,-1.4363157096893295,2.1334699404495807,2.800244287406627,1.776760831735563,0.2648749524899425,1.3968828046790442,-2.2869718836780355,-0.3105429949121148
12.0,97.0,1004.23486328125,-3.4591549029855497,-4.725547736409841,-1.4363176992116609,2.1334699404495807,2.8002464639919413,1.776726112370531,0.2648749261082188,1.3968834520012323,-2.2869724840295635,-0.3105429671369625
12.0,97.0,1004.23486328125,-3.459148428524231,-4.725394759753207,-1.4363152697688466,2.1334699404495807,2.800241966291414,1.776760831735563,0.2648749546084883,1.3968849561397283,-2.286971780005337,-0.3105429691069859
12.0,97.0,1004.23486328125,-3.4591549029855497,-4.725547736409841,-1.4363176992116609,2.1334699404495807,2.8002464639919413,1.776726112370531,0.2648749261082188,1.3968834520012323,-2.2869724840295635,-0.3105429671369625
12.0,97.0,1004.23486328125,-3.459148422404051,-4.725394759753207,-1.4363154275864358,2.1334699404495807,2.800241966291414,1.77676150818674,0.2648749546084883,1.3968849561397283,-2.286971782107309,-0.3105429691069859
12.0,97.0,1004.2349243164062,-3.4591483476880907,-4.72529965401554,-1.4363176760979477,2.1334699404495807,2.800209069288904,1.7767439067063628,0.2648749518485233,1.3968871155466371,-2.286968160742011,-0.3105429991491578
12.0,97.0,1004.2349853515624,-3.4591482437370176,-4.725385338206503,-1.4363154336609751,2.1334699404495807,2.800213187627173,1.776783011311403,0.2648749546625653,1.3968849430347536,-2.286972166950447,-0.310543002498432
12.0,97.0,1004.2349853515624,-3.4591482747218314,-4.725385338206503,-1.4363154336609751,2.1334699404495807,2.800213187627173,1.776772205688849,0.2648749546625653,1.3968849430347536,-2.2869721675735666,-0.310543002498432
12.0,97.0,1004.2349853515624,-3.4591482437370176,-4.725385338206503,-1.4363154336609751,2.1334699404495807,2.800213187627173,1.776783011311403,0.2648749546625653,1.3968849430347536,-2.286972166950447,-0.310543002498432
12.0,97.0,1004.2350463867188,-3.4591482437370176,-4.725395042912711,-1.4363154336609751,2.1334699404495807,2.8002130383571613,1.776783011311403,0.2648749546625653,1.396884998064999,-2.286968160742011,-0.3105429684296677
12.0,97.0,1004.2350463867188,-3.459154497369349,-4.725385355858002,-1.4363177823308202,2.1334699404495807,2.800227989261424,1.776760831735563,0.2648749546084883,1.396902398350707,-2.286967841262549,-0.3105429949121148
12.0,97.0,1004.2350463867188,-3.4591482437370176,-4.725395042912711,-1.4363154336609751,2.1334699404495807,2.8002130383571613,1.776783011311403,0.2648749546625653,1.396884998064999,-2.286968160742011,-0.3105429684296677
12.0,97.0,1004.2350463867188,-3.4591482437370176,-4.725395042912711,-1.4363179702763,2.1334699404495807,2.8002130383571613,1.776783011311403,0.2648749546625653,1.396883845675846,-2.286968182538561,-0.3105429941632807
12.0,97.0,1004.2350463867188,-3.4591482437370176,-4.725395042912711,-1.4363154336609751,2.1334699404495807,2.8002130383571613,1.776783011311403,0.2648749546625653,1.396884998064999,-2.286968160742011,-0.3105429684296677
12.0,97.0,1004.2350463867188,-3.459148452737945,-4.725548714402327,-1.4363154275864358,2.1334699404495807,2.8002465725760453,1.776760079053231,0.2648749219958253,1.3968833553510478,-2.286971766285096,-0.3105429691069859
12.0,97.0,1004.235107421875,-3.459148428524231,-4.725557434243071,-1.4363177823308202,2.1334699404495807,2.800235865366457,1.776760831735563,0.2648749546084883,1.396884404741746,-2.286971780005337,-0.3105429949121148
12.0,97.0,1004.235107421875,-3.459148422811566,-4.725557434243071,-1.4363177823308202,2.1334699404495807,2.800235865366457,1.776760831735563,0.264874951646691,1.396884404741746,-2.286971918712143,-0.3105429949121148
12.0,97.0,1004.235107421875,-3.4591549029855497,-4.725547736409841,-1.4363176992116609,2.1334699404495807,2.800245258070064,1.776726112370531,0.2648749261082188,1.3969012109199348,-2.2869683387598974,-0.3105429671376335
12.0,97.0,1004.235107421875,-3.459148294851277,-4.725323755645711,-1.4363157096893295,2.1334699404495807,2.800211348293624,1.776760831735563,0.2648749518470044,1.3969016804279006,-2.2869719041171463,-0.3105429949121148
12.0,97.0,1004.235107421875,-3.459154418533421,-4.725566476300455,-1.4363154336609751,2.1334699404495807,2.8002130383571613,1.7767607232343443,0.2648749548083783,1.396884998064999,-2.286968022035205,-0.3105429992936546
12.0,97.0,1004.235107421875,-3.459148294851277,-4.725323755645711,-1.4363177130592444,2.1334699404495807,2.800211348790888,1.776760831735563,0.2648749518470044,1.3969016804279006,-2.2869719041171463,-0.3105429949121148
12.0,97.0,1004.235107421875,-3.459148294851277,-4.725323755645711,-1.4363157096893295,2.1334699404495807,2.800211348293624,1.776760831735563,0.2648749518470044,1.3969016804279006,-2.2869719041171463,-0.3105429949121148
12.0,97.0,1004.235107421875,-3.459148422811566,-4.725557434243071,-1.4363157789609051,2.1334699404495807,2.8002358648691934,1.776760831735563,0.264874951646691,1.396884404741746,-2.286971918712143,-0.3105429949121148
12.0,97.0,1004.2351684570312,-3.459154497369349,-4.725600132372611,-1.4363176405682012,2.1334699404495807,2.800211412520263,1.776760831735563,0.2648749546499386,1.3968845091827995,-2.2869719041171463,-0.3105429949121148
12.0,97.0,1004.2351684570312,-3.459154842704619,-4.725600132372611,-1.4363156111979274,2.1334699404495807,2.800208445121536,1.776760831735563,0.2648749548023215,1.3968845091827995,-2.2869719041171463,-0.3105430000465365
12.0,97.0,1004.2351684570312,-3.4591447083084,-4.725323755645711,-1.4363157096893295,2.1334699404495807,2.800211348293624,1.776760831735563,0.2648749524899425,1.3969016804279006,-2.2869719041171463,-0.3105429949121148
12.0,97.0,1004.2351684570312,-3.4591482437370176,-4.725395042912711,-1.4363154336609751,2.1334699404495807,2.800185091324308,1.776783011311403,0.2648749546628128,1.396884998064999,-2.286968160742011,-0.3105429684296677
12.0,97.0,1004.2351684570312,-3.4591546662528727,-4.725385355858002,-1.4363179632790233,2.1334699404495807,2.8001837662651057,1.776760831735563,0.264874954606028,1.3969020956680405,-2.286967841262549,-0.3105429949121148
12.0,97.0,1004.2351684570312,-3.4591482437370176,-4.725395042912711,-1.4363154336609751,2.1334699404495807,2.800185091324308,1.776783011311403,0.2648749546628128,1.396884998064999,-2.286968160742011,-0.3105429684296677
12.0,97.0,1004.2351684570312,-3.4591482449513253,-4.725395042912711,-1.4363155484372871,2.1334699404495807,2.800185091324308,1.776783011311403,0.2648749546628128,1.396884998064999,-2.286968133144692,-0.3105429684296677
12.0,97.0,1004.2351684570312,-3.459154497369349,-4.725600132372611,-1.4363176405682012,2.1334699404495807,2.800211412520263,1.776760831735563,0.2648749546120849,1.3968845091827995,-2.2869719041171463,-0.3105429949121148
12.0,97.0,1004.2351684570312,-3.4591482480639946,-4.725394760210649,-1.4363154335137798,2.1334699404495807,2.800185091324308,1.776783011311403,0.2648749546628128,1.396884998064999,-2.286968160742011,-0.3105429684299696
12.0,97.0,1004.2351684570312,-3.4591444135284752,-4.725329790977037,-1.4363157096893295,2.1334699404495807,2.800211348293624,1.776760831735563,0.2648749524899425,1.396901051662874,-2.2869719041171463,-0.3105429948430837
12.0,97.0,1004.2351684570312,-3.459148428524231,-4.725602415768203,-1.4363152871107026,2.1334699404495807,2.800241733877375,1.776760831735563,0.2648749546084883,1.3968849635678176,-2.286971780005337,-0.3105429692749205
12.0,97.0,1004.2352294921876,-3.459148268578952,-4.72556028948618,-1.4363177879523146,2.1334699404495807,2.8002131466183995,1.7767626787055568,0.2648749543450111,1.3968844748716172,-2.286968241476271,-0.3105429979665136
12.0,97.0,1004.2352905273438,-3.4591482437370176,-4.725555630441982,-1.4363154336609751,2.1334699404495807,2.8002130383571613,1.776783011311403,0.264874951846581,1.396884998064999,-2.286968160742011,-0.3105429992936546
12.0,97.0,1004.2352905273438,-3.4591482437370176,-4.725555630441982,-1.4363154336609751,2.1334699404495807,2.8002130383571613,1.776783011311403,0.264874951846581,1.396884998064999,-2.286968160742011,-0.3105429992936546
12.0,97.0,1004.2352905273438,-3.4591482905511683,-4.72556028948618,-1.4363157407295453,2.1334699404495807,2.8002130383571613,1.776783011311403,0.264874951846581,1.3968844249177927,-2.286968264305796,-0.3105429992936546
12.0,97.0,1004.2352905273438,-3.4591482437370176,-4.725555630441982,-1.4363154336609751,2.1334699404495807,2.8002130383571613,1.776783011311403,0.264874951846581,1.396884998064999,-2.286968160742011,-0.3105429992936546
12.0,97.0,1004.2352905273438,-3.459154497369349,-4.725597376651607,-1.4363175836519642,2.1334699404495807,2.8001793387963003,1.776760831735563,0.2648749546499386,1.3968849650604596,-2.286970513869327,-0.3105429949121148
12.0,97.0,1004.2352905273438,-3.459148268578952,-4.72556028948618,-1.4363157407881038,2.1334699404495807,2.8002130383571613,1.776783011311403,0.2648749543465326,1.396884513488193,-2.286968264305796,-0.3105429979665136
12.0,97.0,1004.2352905273438,-3.459148249449683,-4.725555630441982,-1.4363154336609751,2.1334699404495807,2.8002130383571613,1.776783011311403,0.2648749548083783,1.396884998064999,-2.286968022035205,-0.3105429992936546
12.0,97.0,1004.2352905273438,-3.4591482905511683,-4.72556028948618,-1.4363157407295453,2.1334699404495807,2.8002130383571613,1.776783011311403,0.264874951846581,1.3968844249177927,-2.286968264305796,-0.3105429996020185
12.0,97.0,1004.2352905273438,-3.45914465719414,-4.725553895884363,-1.4363154336609751,2.1334699404495807,2.8002130383571613,1.776781191848155,0.2648749524895191,1.3968824835056637,-2.2869720347254887,-0.3105430000410334
12.0,97.0,1004.2352905273438,-3.45914824435378,-4.725555630441982,-1.4363154336609751,2.1334699404495807,2.8002130383571613,1.776783011311403,0.264874951846581,1.396884998064999,-2.286968160742011,-0.3105429992936546
12.0,97.0,1004.2352905273438,-3.4591485442296084,-4.725549595110655,-1.4363154336609751,2.1334699404495807,2.8002130383571613,1.776783011311403,0.2648749548083783,1.3968856268300258,-2.286968022035205,-0.3105429993626857
12.0,97.0,1004.2353515625,-3.45914465719414,-4.725555630441982,-1.4363154336609751,2.1334699404495807,2.8002130383571613,1.776783011311403,0.2648749524895191,1.396884998064999,-2.286968160742011,-0.3105429992936546
12.0,97.0,1004.2356567382812,-3.4591452643685194,-4.725281074476253,-1.4363156335583305,2.1334699404495807,2.800183630088882,1.7770648570932073,0.2648749548080384,1.396882631480274,-2.286972029194684,-0.3105430000578082
12.0,97.0,1004.2356567382812,-3.459144920162093,-4.725301005006868,-1.4363177031873755,2.1334699404495807,2.8002105116082534,1.7770949073851394,0.2648749525760746,1.396881938998534,-2.2869724291378284,-0.3105429671926141
12.0,98.0,1004.2346801757812,-3.459154872651656,-4.7253937817607214,-1.4363176992116609,2.1334699404495807,2.8002418577073107,1.77672754150404,0.2648749587208818,1.3968850527899133,-2.2869724998517764,-0.3105429671369625
12.0,98.0,1004.2348022460938,-3.4591447083084,-4.725323755645711,-1.4363157096893295,2.1334699404495807,2.800244287406627,1.776760831735563,0.2648749524899425,1.3968828046790442,-2.2869718836780355,-0.3105429949121148
12.0,98.0,1004.2348022460938,-3.459148452737945,-4.725329162565542,-1.4363154437792511,2.1334699404495807,2.8002465725760453,1.77676084234116,0.2648749219958253,1.3968847248668417,-2.286971909723916,-0.310542969567931
12.0,98.0,1004.2348022460938,-3.459148111450286,-4.725386900875073,-1.4363157124399066,2.1334699404495807,2.800244287406627,1.7767615703418125,0.2648749524899425,1.3968828741424235,-2.2869718836780355,-0.3105430022850262
12.0,98.0,1004.23486328125,-3.4591549029855497,-4.725547736409841,-1.4363176992116609,2.1334699404495807,2.8002464639919413,1.776726112370531,0.2648749261082188,1.3968834520012323,-2.2869724840295635,-0.3105429671369625
12.0,98.0,1004.23486328125,-3.459148428524231,-4.725394759753207,-1.4363152697688466,2.1334699404495807,2.800241966291414,1.776760831735563,0.2648749546084883,1.3968849561397283,-2.286971780005337,-0.3105429691069859
12.0,98.0,1004.23486328125,-3.4591549029855497,-4.725547736409841,-1.4363176992116609,2.1334699404495807,2.8002464639919413,1.776726112370531,0.2648749261082188,1.3968834520012323,-2.2869724840295635,-0.3105429671369625
12.0,98.0,1004.23486328125,-3.459148422404051,-4.725394759753207,-1.4363154275864358,2.1334699404495807,2.800241966291414,1.77676150818674,0.2648749546084883,1.3968849561397283,-2.286971782107309,-0.3105429691069859
12.0,98.0,1004.23486328125,-3.4591481951267435,-4.725323755645711,-1.4363157096893295,2.1334699404495807,2.800212486291445,1.7767607914650223,0.264874952423539,1.3968828046790442,-2.2869718836780355,-0.3105429982306419
12.0,98.0,1004.23486328125,-3.459148428524231,-4.725394759753207,-1.4363152697688466,2.1334699404495807,2.800241966291414,1.776760831735563,0.2648749546084883,1.3968849561397283,-2.286971780005337,-0.3105429691069859
12.0,98.0,1004.23486328125,-3.4591483476880907,-4.72529965401554,-1.4363176760979477,2.1334699404495807,2.800209069288904,1.776745092237154,0.2648749518514793,1.3968871155466371,-2.2869681592943443,-0.3105429949258572
12.0,98.0,1004.23486328125,-3.459154872651656,-4.725550624686025,-1.4363176992116609,2.1334699404495807,2.8002418577073107,1.77672754150404,0.2648749593457821,1.396883449338573,-2.2869724998963203,-0.3105429671369625
12.0,98.0,1004.2349243164062,-3.4591483476880907,-4.72529965401554,-1.4363176760979477,2.1334699404495807,2.800209069288904,1.7767439067063628,0.2648749518485233,1.3968871155466371,-2.286968160742011,-0.3105429991491578
12.0,98.0,1004.2349243164062,-3.4591482422995874,-4.725394759753207,-1.436315427507893,2.1334699404495807,2.800241649657852,1.776782330078024,0.2648749546640503,1.3968849559104874,-2.286971782107309,-0.3105429689244255
12.0,98.0,1004.2349853515624,-3.4591482437370176,-4.725385338206503,-1.4363154336609751,2.1334699404495807,2.800213187627173,1.776783011311403,0.2648749546625653,1.3968849430347536,-2.286972166950447,-0.310543002498432
12.0,98.0,1004.2349853515624,-3.4591482747218314,-4.725385338206503,-1.4363154336609751,2.1334699404495807,2.800213187627173,1.776772205688849,0.2648749546625653,1.3968849430347536,-2.2869721675735666,-0.310543002498432
12.0,98.0,1004.2349853515624,-3.4591482437370176,-4.725385338206503,-1.4363154336609751,2.1334699404495807,2.800213187627173,1.776783011311403,0.2648749546625653,1.3968849430347536,-2.286972166950447,-0.310543002498432
12.0,98.0,1004.2349853515624,-3.4591549029855497,-4.725547736409841,-1.4363176992116609,2.1334699404495807,2.800211143217465,1.776726112370531,0.2648749261082188,1.3968834520012323,-2.286971892685059,-0.3105429670676158
12.0,98.0,1004.2349853515624,-3.4591483947763058,-4.7253853303492335,-1.436317773178193,2.1334699404495807,2.8002279476155563,1.776783385340585,0.2648749546627395,1.396883845675846,-2.2869678659727466,-0.3105429941570622
12.0,98.0,1004.2350463867188,-3.4591482437370176,-4.725395042912711,-1.4363154336609751,2.1334699404495807,2.8002130383571613,1.776783011311403,0.2648749546625653,1.396884998064999,-2.286968160742011,-0.3105429684296677
12.0,98.0,1004.2350463867188,-3.459154497369349,-4.725385355858002,-1.4363177823308202,2.1334699404495807,2.800227989261424,1.776760831735563,0.2648749546084883,1.396902398350707,-2.286967841262549,-0.3105429949121148
12.0,98.0,1004.2350463867188,-3.4591482437370176,-4.725395042912711,-1.4363154336609751,2.1334699404495807,2.8002130383571613,1.776783011311403,0.2648749546625653,1.396884998064999,-2.286968160742011,-0.3105429684296677
12.0,98.0,1004.2350463867188,-3.4591482437370176,-4.725395042912711,-1.4363179702763,2.1334699404495807,2.8002130383571613,1.776783011311403,0.2648749546625653,1.396883845675846,-2.286968182538561,-0.3105429941632807
12.0,98.0,1004.2350463867188,-3.4591482437370176,-4.725395042912711,-1.4363154336609751,2.1334699404495807,2.8002130383571613,1.776783011311403,0.2648749546625653,1.396884998064999,-2.286968160742011,-0.3105429684296677
12.0,98.0,1004.2350463867188,-3.459148452737945,-4.725548714402327,-1.4363154275864358,2.1334699404495807,2.8002465725760453,1.776760079053231,0.2648749219958253,1.3968833553510478,-2.286971766285096,-0.3105429691069859
12.0,98.0,1004.2350463867188,-3.4591482437370176,-4.725395042912711,-1.4363154336609751,2.1334699404495807,2.8002130383571613,1.776783011311403,0.2648749546625653,1.396884998064999,-2.286968160742011,-0.3105429684296677
12.0,98.0,1004.235107421875,-3.459148428524231,-4.725557434243071,-1.4363177823308202,2.1334699404495807,2.800235865366457,1.776760831735563,0.2648749546084883,1.396884404741746,-2.286971780005337,-0.3105429949121148
12.0,98.0,1004.235107421875,-3.459148422811566,-4.725557434243071,-1.4363177823308202,2.1334699404495807,2.800235865366457,1.776760831735563,0.264874951646691,1.396884404741746,-2.286971918712143,-0.3105429949121148
12.0,98.0,1004.235107421875,-3.4591549029855497,-4.725547736409841,-1.4363176992116609,2.1334699404495807,2.800245258070064,1.776726112370531,0.2648749261082188,1.3969012109199348,-2.2869683387598974,-0.3105429671376335
12.0,98.0,1004.235107421875,-3.459148294851277,-4.725323755645711,-1.4363157096893295,2.1334699404495807,2.800211348293624,1.776760831735563,0.2648749518470044,1.3969016804279006,-2.2869719041171463,-0.3105429949121148
12.0,98.0,1004.235107421875,-3.459154418533421,-4.725566476300455,-1.4363154336609751,2.1334699404495807,2.8002130383571613,1.7767607232343443,0.2648749548083783,1.396884998064999,-2.286968022035205,-0.3105429992936546
12.0,98.0,1004.235107421875,-3.459148294851277,-4.725323755645711,-1.4363177130592444,2.1334699404495807,2.800211348790888,1.776760831735563,0.2648749518470044,1.3969016804279006,-2.2869719041171463,-0.3105429949121148
12.0,98.0,1004.235107421875,-3.459148294851277,-4.725323755645711,-1.4363157096893295,2.1334699404495807,2.800211348293624,1.776760831735563,0.2648749518470044,1.3969016804279006,-2.2869719041171463,-0.3105429949121148
12.0,98.0,1004.235107421875,-3.459148422811566,-4.725557434243071,-1.4363157789609051,2.1334699404495807,2.8002358648691934,1.776760831735563,0.264874951646691,1.396884404741746,-2.286971918712143,-0.3105429949121148
12.0,98.0,1004.235107421875,-3.459148294851277,-4.725323755645711,-1.4363177130592444,2.1334699404495807,2.800211348784821,1.776760831735563,0.2648749518470044,1.3969016804279006,-2.2869719041171463,-0.3105429949121148
12.0,98.0,1004.235107421875,-3.4591543463300614,-4.725395068421481,-1.4363179794289271,2.1334699404495807,2.8002130800030285,1.776760457706381,0.264874954608314,1.396902398350707,-2.286968157828364,-0.3105429949183332
12.0,98.0,1004.235107421875,-3.4591543381367704,-4.725566476300455,-1.4363154336609751,2.1334699404495807,2.8002129466956167,1.7767607290574312,0.2648749548083783,1.3968844177816142,-2.286968022035205,-0.3105429992936546
12.0,98.0,1004.235107421875,-3.459148422811566,-4.725557434243071,-1.4363177817033916,2.1334699404495807,2.800235865366457,1.776760831735563,0.264874951482434,1.396884404741746,-2.286971606030894,-0.3105429943617904
12.0,98.0,1004.235107421875,-3.459148114603744,-4.725330300713213,-1.4363157096893295,2.1334699404495807,2.800211348293624,1.776760831735563,0.2648749524899425,1.396901051662874,-2.2869719041171463,-0.3105429949094271
12.0,98.0,1004.2351684570312,-3.459154497369349,-4.725600132372611,-1.4363176405682012,2.1334699404495807,2.800211412520263,1.776760831735563,0.2648749546499386,1.3968845091827995,-2.2869719041171463,-0.3105429949121148
12.0,98.0,1004.2351684570312,-3.459154842704619,-4.725600132372611,-1.4363156111979274,2.1334699404495807,2.800208445121536,1.776760831735563,0.2648749548023215,1.3968845091827995,-2.2869719041171463,-0.3105430000465365
12.0,98.0,1004.2351684570312,-3.4591447083084,-4.725323755645711,-1.4363157096893295,2.1334699404495807,2.800211348293624,1.776760831735563,0.2648749524899425,1.3969016804279006,-2.2869719041171463,-0.3105429949121148
12.0,98.0,1004.2351684570312,-3.4591482437370176,-4.725395042912711,-1.4363154336609751,2.1334699404495807,2.800185091324308,1.776783011311403,0.2648749546628128,1.396884998064999,-2.286968160742011,-0.3105429684296677
12.0,98.0,1004.2351684570312,-3.4591546662528727,-4.725385355858002,-1.4363179632790233,2.1334699404495807,2.8001837662651057,1.776760831735563,0.264874954606028,1.3969020956680405,-2.286967841262549,-0.3105429949121148
12.0,98.0,1004.2351684570312,-3.4591482437370176,-4.725395042912711,-1.4363154336609751,2.1334699404495807,2.800185091324308,1.776783011311403,0.2648749546628128,1.396884998064999,-2.286968160742011,-0.3105429684296677
12.0,98.0,1004.2351684570312,-3.4591482449513253,-4.725395042912711,-1.4363155484372871,2.1334699404495807,2.800185091324308,1.776783011311403,0.2648749546628128,1.396884998064999,-2.286968133144692,-0.3105429684296677
12.0,98.0,1004.2351684570312,-3.459154497369349,-4.725600132372611,-1.4363176405682012,2.1334699404495807,2.800211412520263,1.776760831735563,0.2648749546120849,1.3968845091827995,-2.2869719041171463,-0.3105429949121148
12.0,98.0,1004.2351684570312,-3.4591482480639946,-4.725394760210649,-1.4363154335137798,2.1334699404495807,2.800185091324308,1.776783011311403,0.2648749546628128,1.396884998064999,-2.286968160742011,-0.3105429684299696
12.0,98.0,1004.2351684570312,-3.4591444135284752,-4.725329790977037,-1.4363157096893295,2.1334699404495807,2.800211348293624,1.776760831735563,0.2648749524899425,1.396901051662874,-2.2869719041171463,-0.3105429948430837
12.0,98.0,1004.2351684570312,-3.459148428524231,-4.725602415768203,-1.4363152871107026,2.1334699404495807,2.800241733877375,1.776760831735563,0.2648749546084883,1.3968849635678176,-2.286971780005337,-0.3105429692749205
12.0,99.0,1004.2346801757812,-3.459154872651656,-4.7253937817607214,-1.4363176992116609,2.1334699404495807,2.8002418577073107,1.77672754150404,0.2648749587208818,1.3968850527899133,-2.2869724998517764,-0.3105429671369625
12.0,99.0,1004.2346801757812,-3.459154969401148,-4.725386900875073,-1.4363157124399066,2.1334699404495807,2.800244287406627,1.7767615703418125,0.2648749524899425,1.3968828741424235,-2.2869718836780355,-0.3105430022850262
12.0,99.0,1004.2348022460938,-3.4591447083084,-4.725323755645711,-1.4363157096893295,2.1334699404495807,2.800244287406627,1.776760831735563,0.2648749524899425,1.3968828046790442,-2.2869718836780355,-0.3105429949121148
12.0,99.0,1004.2348022460938,-3.459148452737945,-4.725329162565542,-1.4363154437792511,2.1334699404495807,2.8002465725760453,1.77676084234116,0.2648749219958253,1.3968847248668417,-2.286971909723916,-0.310542969567931
12.0,99.0,1004.2348022460938,-3.459148111450286,-4.725386900875073,-1.4363157124399066,2.1334699404495807,2.800244287406627,1.7767615703418125,0.2648749524899425,1.3968828741424235,-2.2869718836780355,-0.3105430022850262
12.0,99.0,1004.2348022460938,-3.4591447083084,-4.725323755645711,-1.4363157096893295,2.1334699404495807,2.800244287406627,1.776760831735563,0.2648749524899425,1.3968828046790442,-2.2869718836780355,-0.3105429949121148
12.0,99.0,1004.23486328125,-3.4591549029855497,-4.725547736409841,-1.4363176992116609,2.1334699404495807,2.8002464639919413,1.776726112370531,0.2648749261082188,1.3968834520012323,-2.2869724840295635,-0.3105429671369625
12.0,99.0,1004.23486328125,-3.459148428524231,-4.725394759753207,-1.4363152697688466,2.1334699404495807,2.800241966291414,1.776760831735563,0.2648749546084883,1.3968849561397283,-2.286971780005337,-0.3105429691069859
12.0,99.0,1004.23486328125,-3.4591549029855497,-4.725547736409841,-1.4363176992116609,2.1334699404495807,2.8002464639919413,1.776726112370531,0.2648749261082188,1.3968834520012323,-2.2869724840295635,-0.3105429671369625
12.0,99.0,1004.23486328125,-3.459148422404051,-4.725394759753207,-1.4363154275864358,2.1334699404495807,2.800241966291414,1.77676150818674,0.2648749546084883,1.3968849561397283,-2.286971782107309,-0.3105429691069859
12.0,99.0,1004.23486328125,-3.4591481951267435,-4.725323755645711,-1.4363157096893295,2.1334699404495807,2.800212486291445,1.7767607914650223,0.264874952423539,1.3968828046790442,-2.2869718836780355,-0.3105429982306419
12.0,99.0,1004.23486328125,-3.459148428524231,-4.725394759753207,-1.4363152697688466,2.1334699404495807,2.800241966291414,1.776760831735563,0.2648749546084883,1.3968849561397283,-2.286971780005337,-0.3105429691069859
12.0,99.0,1004.23486328125,-3.4591483476880907,-4.72529965401554,-1.4363176760979477,2.1334699404495807,2.800209069288904,1.776745092237154,0.2648749518514793,1.3968871155466371,-2.2869681592943443,-0.3105429949258572
12.0,99.0,1004.23486328125,-3.459154872651656,-4.725550624686025,-1.4363176992116609,2.1334699404495807,2.8002418577073107,1.77672754150404,0.2648749593457821,1.396883449338573,-2.2869724998963203,-0.3105429671369625
12.0,99.0,1004.23486328125,-3.4591549041638223,-4.725547736409841,-1.4363176992116609,2.1334699404495807,2.8002464639919413,1.776726112370531,0.2648749261082188,1.3968850115292268,-2.2869724840295635,-0.3105429671369625
12.0,99.0,1004.23486328125,-3.4591549029855497,-4.725547736409841,-1.4363176992116609,2.1334699404495807,2.800247494564774,1.776726112370531,0.2648749261082188,1.3968834520012323,-2.2869724765472483,-0.3105429670676158
12.0,99.0,1004.23486328125,-3.459148260708408,-4.7253853170007165,-1.4363154275864358,2.1334699404495807,2.800245877148676,1.7767819015669788,0.2648749219958253,1.3968833553510478,-2.286971766285096,-0.3105429691069859
12.0,99.0,1004.23486328125,-3.4591482551051604,-4.725394767504848,-1.4363152697688466,2.1334699404495807,2.800239918104156,1.776760831735563,0.2648749546084883,1.3968849490923665,-2.2869682190591365,-0.3105429700371837
12.0,99.0,1004.23486328125,-3.4591482516740504,-4.725393667443592,-1.4363154275864358,2.1334699404495807,2.800241966291414,1.77676150818674,0.2648749546084883,1.3968849561397283,-2.286971782107309,-0.310543001006068
12.0,99.0,1004.23486328125,-3.4591549029855497,-4.725547736409841,-1.4363176992116609,2.1334699404495807,2.8002464639919413,1.776726112370531,0.2648749261082188,1.3968834520012323,-2.2869724840295635,-0.3105429671369625
12.0,99.0,1004.2349243164062,-3.4591483476880907,-4.72529965401554,-1.4363176760979477,2.1334699404495807,2.800209069288904,1.7767439067063628,0.2648749518485233,1.3968871155466371,-2.286968160742011,-0.3105429991491578
12.0,99.0,1004.2349243164062,-3.4591482422995874,-4.725394759753207,-1.436315427507893,2.1334699404495807,2.800241649657852,1.776782330078024,0.2648749546640503,1.3968849559104874,-2.286971782107309,-0.3105429689244255
12.0,99.0,1004.2349853515624,-3.4591482437370176,-4.725385338206503,-1.4363154336609751,2.1334699404495807,2.800213187627173,1.776783011311403,0.2648749546625653,1.3968849430347536,-2.286972166950447,-0.310543002498432
12.0,99.0,1004.2349853515624,-3.4591482747218314,-4.725385338206503,-1.4363154336609751,2.1334699404495807,2.800213187627173,1.776772205688849,0.2648749546625653,1.3968849430347536,-2.2869721675735666,-0.310543002498432
12.0,99.0,1004.2349853515624,-3.4591482437370176,-4.725385338206503,-1.4363154336609751,2.1334699404495807,2.800213187627173,1.776783011311403,0.2648749546625653,1.3968849430347536,-2.286972166950447,-0.310543002498432
12.0,99.0,1004.2349853515624,-3.4591549029855497,-4.725547736409841,-1.4363176992116609,2.1334699404495807,2.800211143217465,1.776726112370531,0.2648749261082188,1.3968834520012323,-2.286971892685059,-0.3105429670676158
12.0,99.0,1004.2349853515624,-3.4591483947763058,-4.7253853303492335,-1.436317773178193,2.1334699404495807,2.8002279476155563,1.776783385340585,0.2648749546627395,1.396883845675846,-2.2869678659727466,-0.3105429941570622
12.0,99.0,1004.2349853515624,-3.459148014700794,-4.725550624686025,-1.4363176992116609,2.1334699404495807,2.8002418577073107,1.77672754150404,0.2648749593457821,1.396883449338573,-2.2869724998963203,-0.3105429671369625
12.0,99.0,1004.2349853515624,-3.459148414467019,-4.725386430516118,-1.4363154336609751,2.1334699404495807,2.800213187627173,1.776783011311403,0.2648749546625653,1.3968849430347536,-2.286972166950447,-0.31054297059935
12.0,99.0,1004.2349853515624,-3.4591481951267435,-4.725395093736944,-1.4363157030608993,2.1334699404495807,2.800212486291445,1.7767607914650223,0.264874952466936,1.3968828046790442,-2.2869718836780355,-0.3105429982306419
12.0,99.0,1004.2349853515624,-3.4591482457292675,-4.725385338206503,-1.4363154336609751,2.1334699404495807,2.800213187627173,1.7767831194668608,0.2648749547623966,1.3968849464444757,-2.286972166950447,-0.310543002498432
12.0,99.0,1004.2350463867188,-3.4591482437370176,-4.725395042912711,-1.4363154336609751,2.1334699404495807,2.8002130383571613,1.776783011311403,0.2648749546625653,1.396884998064999,-2.286968160742011,-0.3105429684296677
12.0,99.0,1004.2350463867188,-3.459154497369349,-4.725385355858002,-1.4363177823308202,2.1334699404495807,2.800227989261424,1.776760831735563,0.2648749546084883,1.396902398350707,-2.286967841262549,-0.3105429949121148
12.0,99.0,1004.2350463867188,-3.4591482437370176,-4.725395042912711,-1.4363154336609751,2.1334699404495807,2.8002130383571613,1.776783011311403,0.2648749546625653,1.396884998064999,-2.286968160742011,-0.3105429684296677
12.0,99.0,1004.2350463867188,-3.4591482437370176,-4.725395042912711,-1.4363179702763,2.1334699404495807,2.8002130383571613,1.776783011311403,0.2648749546625653,1.396883845675846,-2.286968182538561,-0.3105429941632807
12.0,99.0,1004.2350463867188,-3.4591482437370176,-4.725395042912711,-1.4363154336609751,2.1334699404495807,2.8002130383571613,1.776783011311403,0.2648749546625653,1.396884998064999,-2.286968160742011,-0.3105429684296677
12.0,99.0,1004.2350463867188,-3.459148452737945,-4.725548714402327,-1.4363154275864358,2.1334699404495807,2.8002465725760453,1.776760079053231,0.2648749219958253,1.3968833553510478,-2.286971766285096,-0.3105429691069859
12.0,99.0,1004.2350463867188,-3.4591482437370176,-4.725395042912711,-1.4363154336609751,2.1334699404495807,2.8002130383571613,1.776783011311403,0.2648749546625653,1.396884998064999,-2.286968160742011,-0.3105429684296677
12.0,99.0,1004.2350463867188,-3.4591548892025155,-4.725395027333748,-1.4363177193672187,2.1334699404495807,2.8001848893186176,1.776783011311403,0.2648749546628128,1.396884998064999,-2.286968133144692,-0.3105429683409204
12.0,99.0,1004.2350463867188,-3.459154497369349,-4.725394716845441,-1.4363177823308202,2.1334699404495807,2.800227989261424,1.776760831735563,0.2648749546084883,1.396902398350707,-2.286971817375827,-0.3105429949743422
12.0,99.0,1004.2350463867188,-3.4591482437370176,-4.725395042912711,-1.4363154336609751,2.1334699404495807,2.8002130383571613,1.776783011311403,0.2648749546625653,1.396884998064999,-2.286968160742011,-0.3105429684296677
12.0,99.0,1004.2350463867188,-3.4591482437370176,-4.725395042912711,-1.4363179702763,2.1334699404495807,2.8002130383571613,1.776783011311403,0.2648749546625653,1.396883845675846,-2.286968182538561,-0.3105429945597088
12.0,99.0,1004.2350463867188,-3.4591560559819805,-4.725548502021802,-1.4363176992116609,2.1334699404495807,2.800245258070064,1.7767271989930409,0.26487495378108,1.3969012109199348,-2.286971838624825,-0.3105429671376335
12.0,99.0,1004.235107421875,-3.459148428524231,-4.725557434243071,-1.4363177823308202,2.1334699404495807,2.800235865366457,1.776760831735563,0.2648749546084883,1.396884404741746,-2.286971780005337,-0.3105429949121148
12.0,99.0,1004.235107421875,-3.459148422811566,-4.725557434243071,-1.4363177823308202,2.1334699404495807,2.800235865366457,1.776760831735563,0.264874951646691,1.396884404741746,-2.286971918712143,-0.3105429949121148
12.0,99.0,1004.235107421875,-3.4591549029855497,-4.725547736409841,-1.4363176992116609,2.1334699404495807,2.800245258070064,1.776726112370531,0.2648749261082188,1.3969012109199348,-2.2869683387598974,-0.3105429671376335
12.0,99.0,1004.235107421875,-3.459148294851277,-4.725323755645711,-1.4363157096893295,2.1334699404495807,2.800211348293624,1.776760831735563,0.2648749518470044,1.3969016804279006,-2.2869719041171463,-0.3105429949121148
12.0,99.0,1004.235107421875,-3.459154418533421,-4.725566476300455,-1.4363154336609751,2.1334699404495807,2.8002130383571613,1.7767607232343443,0.2648749548083783,1.396884998064999,-2.286968022035205,-0.3105429992936546
12.0,99.0,1004.235107421875,-3.459148294851277,-4.725323755645711,-1.4363177130592444,2.1334699404495807,2.800211348790888,1.776760831735563,0.2648749518470044,1.3969016804279006,-2.2869719041171463,-0.3105429949121148
12.0,99.0,1004.235107421875,-3.459148294851277,-4.725323755645711,-1.4363157096893295,2.1334699404495807,2.800211348293624,1.776760831735563,0.2648749518470044,1.3969016804279006,-2.2869719041171463,-0.3105429949121148
12.0,100.0,1004.2346801757812,-3.459154872651656,-4.7253937817607214,-1.4363176992116609,2.1334699404495807,2.8002418577073107,1.77672754150404,0.2648749587208818,1.3968850527899133,-2.2869724998517764,-0.3105429671369625
12.0,100.0,1004.2346801757812,-3.459154969401148,-4.725386900875073,-1.4363157124399066,2.1334699404495807,2.800244287406627,1.7767615703418125,0.2648749524899425,1.3968828741424235,-2.2869718836780355,-0.3105430022850262
12.0,100.0,1004.2347412109376,-3.459154872651656,-4.725393674628313,-1.436315360120112,2.1334699404495807,2.8002418577073107,1.7767699549454938,0.2648749586539379,1.39688505633355,-2.2869724998517764,-0.3105429713577143
12.0,100.0,1004.2348022460938,-3.4591447083084,-4.725323755645711,-1.4363157096893295,2.1334699404495807,2.800244287406627,1.776760831735563,0.2648749524899425,1.3968828046790442,-2.2869718836780355,-0.3105429949121148
12.0,100.0,1004.2348022460938,-3.459148452737945,-4.725329162565542,-1.4363154437792511,2.1334699404495807,2.8002465725760453,1.77676084234116,0.2648749219958253,1.3968847248668417,-2.286971909723916,-0.310542969567931
12.0,100.0,1004.2348022460938,-3.459148111450286,-4.725386900875073,-1.4363157124399066,2.1334699404495807,2.800244287406627,1.7767615703418125,0.2648749524899425,1.3968828741424235,-2.2869718836780355,-0.3105430022850262
12.0,100.0,1004.2348022460938,-3.4591447083084,-4.725323755645711,-1.4363157096893295,2.1334699404495807,2.800244287406627,1.776760831735563,0.2648749524899425,1.3968828046790442,-2.2869718836780355,-0.3105429949121148
12.0,100.0,1004.2348022460938,-3.4591549795267897,-4.725395548104885,-1.4363178646846433,2.1334699404495807,2.800227989261424,1.776760821911481,0.2648749546084883,1.3968825970255672,-2.286971884509037,-0.310543001848626
12.0,100.0,1004.2348022460938,-3.4591482516740504,-4.725393774576,-1.436317766677985,2.1334699404495807,2.800241966291414,1.7767190947452864,0.2648749546754322,1.3968849525960918,-2.286971782107309,-0.3105429967853162
12.0,100.0,1004.23486328125,-3.4591549029855497,-4.725547736409841,-1.4363176992116609,2.1334699404495807,2.8002464639919413,1.776726112370531,0.2648749261082188,1.3968834520012323,-2.2869724840295635,-0.3105429671369625
12.0,100.0,1004.23486328125,-3.459148428524231,-4.725394759753207,-1.4363152697688466,2.1334699404495807,2.800241966291414,1.776760831735563,0.2648749546084883,1.3968849561397283,-2.286971780005337,-0.3105429691069859
12.0,100.0,1004.23486328125,-3.4591549029855497,-4.725547736409841,-1.4363176992116609,2.1334699404495807,2.8002464639919413,1.776726112370531,0.2648749261082188,1.3968834520012323,-2.2869724840295635,-0.3105429671369625
12.0,100.0,1004.23486328125,-3.459148422404051,-4.725394759753207,-1.4363154275864358,2.1334699404495807,2.800241966291414,1.77676150818674,0.2648749546084883,1.3968849561397283,-2.286971782107309,-0.3105429691069859
12.0,100.0,1004.23486328125,-3.4591481951267435,-4.725323755645711,-1.4363157096893295,2.1334699404495807,2.800212486291445,1.7767607914650223,0.264874952423539,1.3968828046790442,-2.2869718836780355,-0.3105429982306419
12.0,100.0,1004.23486328125,-3.459148428524231,-4.725394759753207,-1.4363152697688466,2.1334699404495807,2.800241966291414,1.776760831735563,0.2648749546084883,1.3968849561397283,-2.286971780005337,-0.3105429691069859
12.0,100.0,1004.23486328125,-3.4591483476880907,-4.72529965401554,-1.4363176760979477,2.1334699404495807,2.800209069288904,1.776745092237154,0.2648749518514793,1.3968871155466371,-2.2869681592943443,-0.3105429949258572
12.0,100.0,1004.23486328125,-3.459154872651656,-4.725550624686025,-1.4363176992116609,2.1334699404495807,2.8002418577073107,1.77672754150404,0.2648749593457821,1.396883449338573,-2.2869724998963203,-0.3105429671369625
12.0,100.0,1004.23486328125,-3.4591549041638223,-4.725547736409841,-1.4363176992116609,2.1334699404495807,2.8002464639919413,1.776726112370531,0.2648749261082188,1.3968850115292268,-2.2869724840295635,-0.3105429671369625
12.0,100.0,1004.23486328125,-3.4591549029855497,-4.725547736409841,-1.4363176992116609,2.1334699404495807,2.800247494564774,1.776726112370531,0.2648749261082188,1.3968834520012323,-2.2869724765472483,-0.3105429670676158
12.0,100.0,1004.23486328125,-3.459148260708408,-4.7253853170007165,-1.4363154275864358,2.1334699404495807,2.800245877148676,1.7767819015669788,0.2648749219958253,1.3968833553510478,-2.286971766285096,-0.3105429691069859
12.0,100.0,1004.23486328125,-3.4591482551051604,-4.725394767504848,-1.4363152697688466,2.1334699404495807,2.800239918104156,1.776760831735563,0.2648749546084883,1.3968849490923665,-2.2869682190591365,-0.3105429700371837
12.0,100.0,1004.23486328125,-3.4591482516740504,-4.725393667443592,-1.4363154275864358,2.1334699404495807,2.800241966291414,1.77676150818674,0.2648749546084883,1.3968849561397283,-2.286971782107309,-0.310543001006068
12.0,100.0,1004.23486328125,-3.4591549029855497,-4.725547736409841,-1.4363176992116609,2.1334699404495807,2.8002464639919413,1.776726112370531,0.2648749261082188,1.3968834520012323,-2.2869724840295635,-0.3105429671369625
12.0,100.0,1004.23486328125,-3.4591549029855497,-4.725547736409841,-1.4363176992116609,2.1334699404495807,2.8002464639919413,1.776726112370531,0.2648749261082188,1.3968834520012323,-2.2869724840295635,-0.3105429671369625
12.0,100.0,1004.23486328125,-3.459148427346726,-4.725394759753207,-1.4363152742527785,2.1334699404495807,2.800241966291414,1.776760831735563,0.2648749547585274,1.3968849465118511,-2.286972180714042,-0.3105429691069859
12.0,100.0,1004.23486328125,-3.459148428524231,-4.725394759753207,-1.436315270002514,2.1334699404495807,2.800241966291414,1.7767608425118433,0.2648749546084883,1.3968849625299522,-2.286971783780248,-0.3105429691069859
12.0,100.0,1004.23486328125,-3.4591549029855497,-4.725547736409841,-1.4363176992116609,2.1334699404495807,2.8002464639919413,1.776726112370531,0.2648749261082188,1.3968834520012323,-2.2869724840295635,-0.3105429671369625
12.0,100.0,1004.23486328125,-3.459148242827442,-4.725394767504848,-1.4363152697688466,2.1334699404495807,2.800241765931742,1.776760831735563,0.2648749546087287,1.3968849560994872,-2.2869682190591365,-0.3105429700412934
12.0,100.0,1004.23486328125,-3.4591481951267435,-4.725323755645711,-1.4363157096893295,2.1334699404495807,2.800212486291445,1.7767594402016775,0.2648749591293468,1.3968834291368502,-2.286971892346324,-0.3105429982306419
12.0,100.0,1004.23486328125,-3.459148391651138,-4.725386890855375,-1.436317756701539,2.1334699404495807,2.800244381858453,1.7767615703418125,0.2648749524899425,1.3968837530836655,-2.286971897553918,-0.3105429945028572
12.0,100.0,1004.23486328125,-3.459148260708408,-4.7253853170007165,-1.4363154275864358,2.1334699404495807,2.800245572340709,1.7767819015669788,0.2648749219958253,1.3968833553510478,-2.2869683619130567,-0.310542968446917
12.0,100.0,1004.2349243164062,-3.4591483476880907,-4.72529965401554,-1.4363176760979477,2.1334699404495807,2.800209069288904,1.7767439067063628,0.2648749518485233,1.3968871155466371,-2.286968160742011,-0.3105429991491578
12.0,100.0,1004.2349243164062,-3.4591482422995874,-4.725394759753207,-1.436315427507893,2.1334699404495807,2.800241649657852,1.776782330078024,0.2648749546640503,1.3968849559104874,-2.286971782107309,-0.3105429689244255
12.0,100.0,1004.2349243164062,-3.4591483476880907,-4.72529965401554,-1.4363176760979477,2.1334699404495807,2.800209069288904,1.7767439067063628,0.2648749518485233,1.3968871155466371,-2.286968160742011,-0.3105429991491578
12.0,100.0,1004.2349243164062,-3.459154487243708,-4.725386069615629,-1.4363156300860838,2.1334699404495807,2.800244287406627,1.776761580165894,0.2648749524899425,1.3969026754675635,-2.2869718165448245,-0.3105429954107423
12.0,100.0,1004.2349243164062,-3.4591482551051604,-4.7253853168998905,-1.436315436607158,2.1334699404495807,2.800239918104156,1.776771957667462,0.2648749546084883,1.3968849490923665,-2.2869682190591365,-0.3105429700371837
12.0,100.0,1004.2349243164062,-3.4591560559819805,-4.725399659918309,-1.4363157616249558,2.1334699404495807,2.800245258070064,1.7767605822532129,0.26487495376246,1.39690162381437,-2.286971838624825,-0.3105429671376335
12.0,100.0,1004.2349853515624,-3.4591482437370176,-4.725385338206503,-1.4363154336609751,2.1334699404495807,2.800213187627173,1.776783011311403,0.2648749546625653,1.3968849430347536,-2.286972166950447,-0.310543002498432
12.0,100.0,1004.2349853515624,-3.4591482747218314,-4.725385338206503,-1.4363154336609751,2.1334699404495807,2.800213187627173,1.776772205688849,0.2648749546625653,1.3968849430347536,-2.2869721675735666,-0.310543002498432
12.0,100.0,1004.2349853515624,-3.4591482437370176,-4.725385338206503,-1.4363154336609751,2.1334699404495807,2.800213187627173,1.776783011311403,0.2648749546625653,1.3968849430347536,-2.286972166950447,-0.310543002498432
12.0,100.0,1004.2349853515624,-3.4591549029855497,-4.725547736409841,-1.4363176992116609,2.1334699404495807,2.800211143217465,1.776726112370531,0.2648749261082188,1.3968834520012323,-2.286971892685059,-0.3105429670676158
12.0,100.0,1004.2349853515624,-3.4591483947763058,-4.7253853303492335,-1.436317773178193,2.1334699404495807,2.8002279476155563,1.776783385340585,0.2648749546627395,1.396883845675846,-2.2869678659727466,-0.3105429941570622
12.0,100.0,1004.2349853515624,-3.459148014700794,-4.725550624686025,-1.4363176992116609,2.1334699404495807,2.8002418577073107,1.77672754150404,0.2648749593457821,1.396883449338573,-2.2869724998963203,-0.3105429671369625
12.0,100.0,1004.2349853515624,-3.459148414467019,-4.725386430516118,-1.4363154336609751,2.1334699404495807,2.800213187627173,1.776783011311403,0.2648749546625653,1.3968849430347536,-2.286972166950447,-0.31054297059935
12.0,100.0,1004.2349853515624,-3.4591481951267435,-4.725395093736944,-1.4363157030608993,2.1334699404495807,2.800212486291445,1.7767607914650223,0.264874952466936,1.3968828046790442,-2.2869718836780355,-0.3105429982306419
12.0,100.0,1004.2349853515624,-3.4591482457292675,-4.725385338206503,-1.4363154336609751,2.1334699404495807,2.800213187627173,1.7767831194668608,0.2648749547623966,1.3968849464444757,-2.286972166950447,-0.310543002498432
12.0,100.0,1004.2349853515624,-3.459148414467019,-4.725386430516118,-1.4363154336609751,2.1334699404495807,2.800213187627173,1.776783011311403,0.2648749546625653,1.3968849430347536,-2.286972166950447,-0.31054297059935
12.0,100.0,1004.2349853515624,-3.459148245716184,-4.725385338206503,-1.4363154336609751,2.1334699404495807,2.800213187627173,1.7767830103312623,0.2648749547687619,1.3968849466595226,-2.286972166950447,-0.310543002498432
12.0,100.0,1004.2349853515624,-3.4591483971855466,-4.725386418580152,-1.436317773178193,2.1334699404495807,2.8002084535732865,1.7767465779866751,0.2648749518509536,1.3968869733965172,-2.286967871577879,-0.310542999122574
12.0,100.0,1004.2350463867188,-3.4591482437370176,-4.725395042912711,-1.4363154336609751,2.1334699404495807,2.8002130383571613,1.776783011311403,0.2648749546625653,1.396884998064999,-2.286968160742011,-0.3105429684296677
12.0,101.0,1004.2345581054688,-3.4591544900402864,-4.725329520256516,-1.4363176992116609,2.1334699404495807,2.8002464639919413,1.7767269661211107,0.2648749261082188,1.3968834520012323,-2.286971933891042,-0.3105429671369625
12.0,101.0,1004.2345581054688,-3.459148391651138,-4.72538532255869,-1.4363153174383387,2.1334699404495807,2.800244575738764,1.7767715016877323,0.2648749546883626,1.3968849406088717,-2.2923685763079167,-0.3105429689846692
12.0,101.0,1004.2346801757812,-3.459154872651656,-4.7253937817607214,-1.4363176992116609,2.1334699404495807,2.8002418577073107,1.77672754150404,0.2648749587208818,1.3968850527899133,-2.2869724998517764,-0.3105429671369625
12.0,101.0,1004.2346801757812,-3.459154969401148,-4.725386900875073,-1.4363157124399066,2.1334699404495807,2.800244287406627,1.7767615703418125,0.2648749524899425,1.3968828741424235,-2.2869718836780355,-0.3105430022850262
12.0,101.0,1004.2346801757812,-3.459154872651656,-4.7253937817607214,-1.4363152760776494,2.1334699404495807,2.8002418577073107,1.77672754150404,0.2648749543163094,1.3968850527899133,-2.286972505270644,-0.3105429671369625
12.0,101.0,1004.2346801757812,-3.459148452737945,-4.725329162565542,-1.4363154437792511,2.1334699404495807,2.8002465725760453,1.7767171973140292,0.2648749219958253,1.3968847271110445,-2.286971909723916,-0.310542969567931
12.0,101.0,1004.2347412109376,-3.459154872651656,-4.725393674628313,-1.436315360120112,2.1334699404495807,2.8002418577073107,1.7767699549454938,0.2648749586539379,1.39688505633355,-2.2869724998517764,-0.3105429713577143
12.0,101.0,1004.2347412109376,-3.459144722849929,-4.725321045779839,-1.4363159816104998,2.1334699404495807,2.800244441752212,1.7767240779206583,0.2648749524899425,1.3968828046790442,-2.286972483870588,-0.3105429949121148
12.0,101.0,1004.2347412109376,-3.459154977343945,-4.725386857125385,-1.4363157124399066,2.1334699404495807,2.800245028510037,1.7767612106392312,0.2648749524899425,1.3968849151847724,-2.286971886177088,-0.3105430022850262
12.0,101.0,1004.2348022460938,-3.4591447083084,-4.725323755645711,-1.4363157096893295,2.1334699404495807,2.800244287406627,1.776760831735563,0.2648749524899425,1.3968828046790442,-2.2869718836780355,-0.3105429949121148
12.0,101.0,1004.2348022460938,-3.459148452737945,-4.725329162565542,-1.4363154437792511,2.1334699404495807,2.8002465725760453,1.77676084234116,0.2648749219958253,1.3968847248668417,-2.286971909723916,-0.310542969567931
12.0,101.0,1004.2348022460938,-3.459148111450286,-4.725386900875073,-1.4363157124399066,2.1334699404495807,2.800244287406627,1.7767615703418125,0.2648749524899425,1.3968828741424235,-2.2869718836780355,-0.3105430022850262
12.0,101.0,1004.2348022460938,-3.4591447083084,-4.725323755645711,-1.4363157096893295,2.1334699404495807,2.800244287406627,1.776760831735563,0.2648749524899425,1.3968828046790442,-2.2869718836780355,-0.3105429949121148
12.0,101.0,1004.2348022460938,-3.4591549795267897,-4.725395548104885,-1.4363178646846433,2.1334699404495807,2.800227989261424,1.776760821911481,0.2648749546084883,1.3968825970255672,-2.286971884509037,-0.310543001848626
12.0,101.0,1004.2348022460938,-3.4591482516740504,-4.725393774576,-1.436317766677985,2.1334699404495807,2.800241966291414,1.7767190947452864,0.2648749546754322,1.3968849525960918,-2.286971782107309,-0.3105429967853162
12.0,101.0,1004.2348022460938,-3.459144942644472,-4.725323755645711,-1.4363157096893295,2.1334699404495807,2.800246515925908,1.7767615439221356,0.2648749524494593,1.3968834222703372,-2.28697185433589,-0.3105429949121148
12.0,101.0,1004.23486328125,-3.4591549029855497,-4.725547736409841,-1.4363176992116609,2.1334699404495807,2.8002464639919413,1.776726112370531,0.2648749261082188,1.3968834520012323,-2.2869724840295635,-0.3105429671369625
12.0,101.0,1004.23486328125,-3.459148428524231,-4.725394759753207,-1.4363152697688466,2.1334699404495807,2.800241966291414,1.776760831735563,0.2648749546084883,1.3968849561397283,-2.286971780005337,-0.3105429691069859
12.0,101.0,1004.23486328125,-3.4591549029855497,-4.725547736409841,-1.4363176992116609,2.1334699404495807,2.8002464639919413,1.776726112370531,0.2648749261082188,1.3968834520012323,-2.2869724840295635,-0.3105429671369625
12.0,101.0,1004.23486328125,-3.459148422404051,-4.725394759753207,-1.4363154275864358,2.1334699404495807,2.800241966291414,1.77676150818674,0.2648749546084883,1.3968849561397283,-2.286971782107309,-0.3105429691069859
12.0,101.0,1004.23486328125,-3.4591481951267435,-4.725323755645711,-1.4363157096893295,2.1334699404495807,2.800212486291445,1.7767607914650223,0.264874952423539,1.3968828046790442,-2.2869718836780355,-0.3105429982306419
12.0,101.0,1004.23486328125,-3.459148428524231,-4.725394759753207,-1.4363152697688466,2.1334699404495807,2.800241966291414,1.776760831735563,0.2648749546084883,1.3968849561397283,-2.286971780005337,-0.3105429691069859
12.0,101.0,1004.23486328125,-3.4591483476880907,-4.72529965401554,-1.4363176760979477,2.1334699404495807,2.800209069288904,1.776745092237154,0.2648749518514793,1.3968871155466371,-2.2869681592943443,-0.3105429949258572
12.0,101.0,1004.23486328125,-3.459154872651656,-4.725550624686025,-1.4363176992116609,2.1334699404495807,2.8002418577073107,1.77672754150404,0.2648749593457821,1.396883449338573,-2.2869724998963203,-0.3105429671369625
12.0,101.0,1004.23486328125,-3.4591549041638223,-4.725547736409841,-1.4363176992116609,2.1334699404495807,2.8002464639919413,1.776726112370531,0.2648749261082188,1.3968850115292268,-2.2869724840295635,-0.3105429671369625
12.0,101.0,1004.23486328125,-3.4591549029855497,-4.725547736409841,-1.4363176992116609,2.1334699404495807,2.800247494564774,1.776726112370531,0.2648749261082188,1.3968834520012323,-2.2869724765472483,-0.3105429670676158
12.0,101.0,1004.23486328125,-3.459148260708408,-4.7253853170007165,-1.4363154275864358,2.1334699404495807,2.800245877148676,1.7767819015669788,0.2648749219958253,1.3968833553510478,-2.286971766285096,-0.3105429691069859
12.0,101.0,1004.23486328125,-3.4591482551051604,-4.725394767504848,-1.4363152697688466,2.1334699404495807,2.800239918104156,1.776760831735563,0.2648749546084883,1.3968849490923665,-2.2869682190591365,-0.3105429700371837
12.0,101.0,1004.23486328125,-3.4591482516740504,-4.725393667443592,-1.4363154275864358,2.1334699404495807,2.800241966291414,1.77676150818674,0.2648749546084883,1.3968849561397283,-2.286971782107309,-0.310543001006068
12.0,101.0,1004.23486328125,-3.4591549029855497,-4.725547736409841,-1.4363176992116609,2.1334699404495807,2.8002464639919413,1.776726112370531,0.2648749261082188,1.3968834520012323,-2.2869724840295635,-0.3105429671369625
12.0,101.0,1004.23486328125,-3.4591549029855497,-4.725547736409841,-1.4363176992116609,2.1334699404495807,2.8002464639919413,1.776726112370531,0.2648749261082188,1.3968834520012323,-2.2869724840295635,-0.3105429671369625
12.0,101.0,1004.23486328125,-3.459148427346726,-4.725394759753207,-1.4363152742527785,2.1334699404495807,2.800241966291414,1.776760831735563,0.2648749547585274,1.3968849465118511,-2.286972180714042,-0.3105429691069859
12.0,101.0,1004.23486328125,-3.459148428524231,-4.725394759753207,-1.436315270002514,2.1334699404495807,2.800241966291414,1.7767608425118433,0.2648749546084883,1.3968849625299522,-2.286971783780248,-0.3105429691069859
12.0,101.0,1004.23486328125,-3.4591549029855497,-4.725547736409841,-1.4363176992116609,2.1334699404495807,2.8002464639919413,1.776726112370531,0.2648749261082188,1.3968834520012323,-2.2869724840295635,-0.3105429671369625
12.0,101.0,1004.23486328125,-3.459148242827442,-4.725394767504848,-1.4363152697688466,2.1334699404495807,2.800241765931742,1.776760831735563,0.2648749546087287,1.3968849560994872,-2.2869682190591365,-0.3105429700412934
12.0,101.0,1004.23486328125,-3.4591481951267435,-4.725323755645711,-1.4363157096893295,2.1334699404495807,2.800212486291445,1.7767594402016775,0.2648749591293468,1.3968834291368502,-2.286971892346324,-0.3105429982306419
12.0,101.0,1004.23486328125,-3.459148391651138,-4.725386890855375,-1.436317756701539,2.1334699404495807,2.800244381858453,1.7767615703418125,0.2648749524899425,1.3968837530836655,-2.286971897553918,-0.3105429945028572
12.0,101.0,1004.23486328125,-3.459148260708408,-4.7253853170007165,-1.4363154275864358,2.1334699404495807,2.800245572340709,1.7767819015669788,0.2648749219958253,1.3968833553510478,-2.2869683619130567,-0.310542968446917
12.0,101.0,1004.23486328125,-3.459148428524231,-4.725394759753207,-1.4363152697688466,2.1334699404495807,2.800241966291414,1.776760831735563,0.2648749546084883,1.3968849561397283,-2.286971780005337,-0.3105429691069859
12.0,101.0,1004.23486328125,-3.4591482516740504,-4.725393774576,-1.436317766677985,2.1334699404495807,2.800241966291414,1.7767627397724173,0.2648749546754322,1.3968849503518888,-2.286971782107309,-0.3105429967853162
12.0,101.0,1004.23486328125,-3.459148260708408,-4.725385597080731,-1.4363154275864358,2.1334699404495807,2.8002419038550417,1.77678134405086,0.2648749219958253,1.3968835837854052,-2.286971766285096,-0.3105429691069859
12.0,101.0,1004.23486328125,-3.459148428524231,-4.725394759753207,-1.4363152697688466,2.1334699404495807,2.800241966291414,1.776760831735563,0.2648749546084883,1.3968849561397283,-2.286971780005337,-0.3105429691069859
12.0,101.0,1004.23486328125,-3.459154903181872,-4.725547736409841,-1.4363176992116609,2.1334699404495807,2.80024164822988,1.776726112370531,0.2648749588468622,1.3968834520012323,-2.286972499933333,-0.3105429671369625
12.0,101.0,1004.23486328125,-3.459148428524231,-4.725394759753207,-1.4363176929028585,2.1334699404495807,2.800241966291414,1.776760831735563,0.2648749590130607,1.3968849561397283,-2.286971774586471,-0.3105429691069859
12.0,101.0,1004.2349243164062,-3.4591483476880907,-4.72529965401554,-1.4363176760979477,2.1334699404495807,2.800209069288904,1.7767439067063628,0.2648749518485233,1.3968871155466371,-2.286968160742011,-0.3105429991491578
12.0,101.0,1004.2349243164062,-3.4591482422995874,-4.725394759753207,-1.436315427507893,2.1334699404495807,2.800241649657852,1.776782330078024,0.2648749546640503,1.3968849559104874,-2.286971782107309,-0.3105429689244255
12.0,101.0,1004.2349243164062,-3.4591483476880907,-4.72529965401554,-1.4363176760979477,2.1334699404495807,2.800209069288904,1.7767439067063628,0.2648749518485233,1.3968871155466371,-2.286968160742011,-0.3105429991491578
12.0,101.0,1004.2349243164062,-3.459154487243708,-4.725386069615629,-1.4363156300860838,2.1334699404495807,2.800244287406627,1.776761580165894,0.2648749524899425,1.3969026754675635,-2.2869718165448245,-0.3105429954107423
12.0,101.0,1004.2349243164062,-3.4591482551051604,-4.7253853168998905,-1.436315436607158,2.1334699404495807,2.800239918104156,1.776771957667462,0.2648749546084883,1.3968849490923665,-2.2869682190591365,-0.3105429700371837
12.0,101.0,1004.2349243164062,-3.4591560559819805,-4.725399659918309,-1.4363157616249558,2.1334699404495807,2.800245258070064,1.7767605822532129,0.26487495376246,1.39690162381437,-2.286971838624825,-0.3105429671376335
12.0,102.0,1004.2341918945312,-3.459148385420216,-4.725394009166017,-1.4363178974207076,2.1334699404495807,2.800241966291414,1.7767190947452864,0.2648749546753256,1.3968849404174664,-2.2923454127714784,-0.3105429967853162
12.0,102.0,1004.234375,-3.4591484579942944,-4.7253853526387655,-1.4363152931674683,2.1334699404495807,2.800245258070064,1.7767605074584216,0.2648749546831256,1.39688458044873,-2.28712900053075,-0.3105429689913911
12.0,102.0,1004.2345581054688,-3.4591544900402864,-4.725329520256516,-1.4363176992116609,2.1334699404495807,2.8002464639919413,1.7767269661211107,0.2648749261082188,1.3968834520012323,-2.286971933891042,-0.3105429671369625
12.0,102.0,1004.2345581054688,-3.459148391651138,-4.72538532255869,-1.4363153174383387,2.1334699404495807,2.800244575738764,1.7767715016877323,0.2648749546883626,1.3968849406088717,-2.2923685763079167,-0.3105429689846692
12.0,102.0,1004.2345581054688,-3.4591544900402864,-4.725327526774187,-1.4363157757353036,2.1334699404495807,2.800246533661205,1.7767269661211107,0.2648749261082188,1.3968834520012323,-2.286971883106825,-0.3105429671369625
12.0,102.0,1004.234619140625,-3.459154969401148,-4.725327679102391,-1.4363157124399066,2.1334699404495807,2.800244287406627,1.7767615703418125,0.2648749535470822,1.3968828741424235,-2.286971881799891,-0.3105430022850262
12.0,102.0,1004.2346801757812,-3.459154872651656,-4.7253937817607214,-1.4363176992116609,2.1334699404495807,2.8002418577073107,1.77672754150404,0.2648749587208818,1.3968850527899133,-2.2869724998517764,-0.3105429671369625
12.0,102.0,1004.2346801757812,-3.459154969401148,-4.725386900875073,-1.4363157124399066,2.1334699404495807,2.800244287406627,1.7767615703418125,0.2648749524899425,1.3968828741424235,-2.2869718836780355,-0.3105430022850262
12.0,102.0,1004.2346801757812,-3.459154872651656,-4.7253937817607214,-1.4363152760776494,2.1334699404495807,2.8002418577073107,1.77672754150404,0.2648749543163094,1.3968850527899133,-2.286972505270644,-0.3105429671369625
12.0,102.0,1004.2346801757812,-3.459148452737945,-4.725329162565542,-1.4363154437792511,2.1334699404495807,2.8002465725760453,1.7767171973140292,0.2648749219958253,1.3968847271110445,-2.286971909723916,-0.310542969567931
12.0,102.0,1004.2346801757812,-3.4591547442096178,-4.72539377013756,-1.4363177280664594,2.1334699404495807,2.800241857266548,1.7767194150642414,0.2648749545774255,1.39688505633355,-2.2869724998517764,-0.3105429966375192
12.0,102.0,1004.2346801757812,-3.459154969401148,-4.725386900875073,-1.4363157124399066,2.1334699404495807,2.800244287406627,1.7767615703418125,0.2648749524899425,1.3968828741424235,-2.2869718836780355,-0.3105430022850262
12.0,102.0,1004.2346801757812,-3.459154977601681,-4.725389074453338,-1.4363157124399066,2.1334699404495807,2.800241637412668,1.7767258872250462,0.2648749524899425,1.396884969181496,-2.2869718834363484,-0.3105430022850262
12.0,102.0,1004.2347412109376,-3.459154872651656,-4.725393674628313,-1.436315360120112,2.1334699404495807,2.8002418577073107,1.7767699549454938,0.2648749586539379,1.39688505633355,-2.2869724998517764,-0.3105429713577143
12.0,102.0,1004.2347412109376,-3.459144722849929,-4.725321045779839,-1.4363159816104998,2.1334699404495807,2.800244441752212,1.7767240779206583,0.2648749524899425,1.3968828046790442,-2.286972483870588,-0.3105429949121148
12.0,102.0,1004.2347412109376,-3.459154977343945,-4.725386857125385,-1.4363157124399066,2.1334699404495807,2.800245028510037,1.7767612106392312,0.2648749524899425,1.3968849151847724,-2.286971886177088,-0.3105430022850262
12.0,102.0,1004.2347412109376,-3.459154977343945,-4.725386857125385,-1.4363157124399066,2.1334699404495807,2.800245028510037,1.7767612106392312,0.2648749524899425,1.3968849151847724,-2.286971886177088,-0.3105430022850262
12.0,102.0,1004.2348022460938,-3.4591447083084,-4.725323755645711,-1.4363157096893295,2.1334699404495807,2.800244287406627,1.776760831735563,0.2648749524899425,1.3968828046790442,-2.2869718836780355,-0.3105429949121148
12.0,102.0,1004.2348022460938,-3.459148452737945,-4.725329162565542,-1.4363154437792511,2.1334699404495807,2.8002465725760453,1.77676084234116,0.2648749219958253,1.3968847248668417,-2.286971909723916,-0.310542969567931
12.0,102.0,1004.2348022460938,-3.459148111450286,-4.725386900875073,-1.4363157124399066,2.1334699404495807,2.800244287406627,1.7767615703418125,0.2648749524899425,1.3968828741424235,-2.2869718836780355,-0.3105430022850262
12.0,102.0,1004.2348022460938,-3.4591447083084,-4.725323755645711,-1.4363157096893295,2.1334699404495807,2.800244287406627,1.776760831735563,0.2648749524899425,1.3968828046790442,-2.2869718836780355,-0.3105429949121148
12.0,102.0,1004.2348022460938,-3.4591549795267897,-4.725395548104885,-1.4363178646846433,2.1334699404495807,2.800227989261424,1.776760821911481,0.2648749546084883,1.3968825970255672,-2.286971884509037,-0.310543001848626
12.0,102.0,1004.2348022460938,-3.4591482516740504,-4.725393774576,-1.436317766677985,2.1334699404495807,2.800241966291414,1.7767190947452864,0.2648749546754322,1.3968849525960918,-2.286971782107309,-0.3105429967853162
12.0,102.0,1004.2348022460938,-3.459144942644472,-4.725323755645711,-1.4363157096893295,2.1334699404495807,2.800246515925908,1.7767615439221356,0.2648749524494593,1.3968834222703372,-2.28697185433589,-0.3105429949121148
12.0,102.0,1004.2348022460938,-3.4591447083084,-4.725323755645711,-1.4363157096893295,2.1334699404495807,2.800244287406627,1.776760831735563,0.2648749524899425,1.3968828046790442,-2.2869718836780355,-0.3105429949121148
12.0,102.0,1004.2348022460938,-3.459154901321998,-4.725395548104885,-1.4363178521102282,2.1334699404495807,2.800227989261424,1.776760821911481,0.2648749269184794,1.3968826215689574,-2.286971884509037,-0.310543001848626
12.0,102.0,1004.23486328125,-3.4591549029855497,-4.725547736409841,-1.4363176992116609,2.1334699404495807,2.8002464639919413,1.776726112370531,0.2648749261082188,1.3968834520012323,-2.2869724840295635,-0.3105429671369625
12.0,102.0,1004.23486328125,-3.459148428524231,-4.725394759753207,-1.4363152697688466,2.1334699404495807,2.800241966291414,1.776760831735563,0.2648749546084883,1.3968849561397283,-2.286971780005337,-0.3105429691069859
12.0,102.0,1004.23486328125,-3.4591549029855497,-4.725547736409841,-1.4363176992116609,2.1334699404495807,2.8002464639919413,1.776726112370531,0.2648749261082188,1.3968834520012323,-2.2869724840295635,-0.3105429671369625
12.0,102.0,1004.23486328125,-3.459148422404051,-4.725394759753207,-1.4363154275864358,2.1334699404495807,2.800241966291414,1.77676150818674,0.2648749546084883,1.3968849561397283,-2.286971782107309,-0.3105429691069859
12.0,102.0,1004.23486328125,-3.4591481951267435,-4.725323755645711,-1.4363157096893295,2.1334699404495807,2.800212486291445,1.7767607914650223,0.264874952423539,1.3968828046790442,-2.2869718836780355,-0.3105429982306419
12.0,102.0,1004.23486328125,-3.459148428524231,-4.725394759753207,-1.4363152697688466,2.1334699404495807,2.800241966291414,1.776760831735563,0.2648749546084883,1.3968849561397283,-2.286971780005337,-0.3105429691069859
12.0,102.0,1004.23486328125,-3.4591483476880907,-4.72529965401554,-1.4363176760979477,2.1334699404495807,2.800209069288904,1.776745092237154,0.2648749518514793,1.3968871155466371,-2.2869681592943443,-0.3105429949258572
12.0,102.0,1004.23486328125,-3.459154872651656,-4.725550624686025,-1.4363176992116609,2.1334699404495807,2.8002418577073107,1.77672754150404,0.2648749593457821,1.396883449338573,-2.2869724998963203,-0.3105429671369625
12.0,102.0,1004.23486328125,-3.4591549041638223,-4.725547736409841,-1.4363176992116609,2.1334699404495807,2.8002464639919413,1.776726112370531,0.2648749261082188,1.3968850115292268,-2.2869724840295635,-0.3105429671369625
12.0,102.0,1004.23486328125,-3.4591549029855497,-4.725547736409841,-1.4363176992116609,2.1334699404495807,2.800247494564774,1.776726112370531,0.2648749261082188,1.3968834520012323,-2.2869724765472483,-0.3105429670676158
12.0,102.0,1004.23486328125,-3.459148260708408,-4.7253853170007165,-1.4363154275864358,2.1334699404495807,2.800245877148676,1.7767819015669788,0.2648749219958253,1.3968833553510478,-2.286971766285096,-0.3105429691069859
12.0,102.0,1004.23486328125,-3.4591482551051604,-4.725394767504848,-1.4363152697688466,2.1334699404495807,2.800239918104156,1.776760831735563,0.2648749546084883,1.3968849490923665,-2.2869682190591365,-0.3105429700371837
12.0,102.0,1004.23486328125,-3.4591482516740504,-4.725393667443592,-1.4363154275864358,2.1334699404495807,2.800241966291414,1.77676150818674,0.2648749546084883,1.3968849561397283,-2.286971782107309,-0.310543001006068
12.0,102.0,1004.23486328125,-3.4591549029855497,-4.725547736409841,-1.4363176992116609,2.1334699404495807,2.8002464639919413,1.776726112370531,0.2648749261082188,1.3968834520012323,-2.2869724840295635,-0.3105429671369625
12.0,102.0,1004.23486328125,-3.4591549029855497,-4.725547736409841,-1.4363176992116609,2.1334699404495807,2.8002464639919413,1.776726112370531,0.2648749261082188,1.3968834520012323,-2.2869724840295635,-0.3105429671369625
12.0,102.0,1004.23486328125,-3.459148427346726,-4.725394759753207,-1.4363152742527785,2.1334699404495807,2.800241966291414,1.776760831735563,0.2648749547585274,1.3968849465118511,-2.286972180714042,-0.3105429691069859
12.0,102.0,1004.23486328125,-3.459148428524231,-4.725394759753207,-1.436315270002514,2.1334699404495807,2.800241966291414,1.7767608425118433,0.2648749546084883,1.3968849625299522,-2.286971783780248,-0.3105429691069859
12.0,102.0,1004.23486328125,-3.4591549029855497,-4.725547736409841,-1.4363176992116609,2.1334699404495807,2.8002464639919413,1.776726112370531,0.2648749261082188,1.3968834520012323,-2.2869724840295635,-0.3105429671369625
12.0,102.0,1004.23486328125,-3.459148242827442,-4.725394767504848,-1.4363152697688466,2.1334699404495807,2.800241765931742,1.776760831735563,0.2648749546087287,1.3968849560994872,-2.2869682190591365,-0.3105429700412934
12.0,102.0,1004.23486328125,-3.4591481951267435,-4.725323755645711,-1.4363157096893295,2.1334699404495807,2.800212486291445,1.7767594402016775,0.2648749591293468,1.3968834291368502,-2.286971892346324,-0.3105429982306419
12.0,102.0,1004.23486328125,-3.459148391651138,-4.725386890855375,-1.436317756701539,2.1334699404495807,2.800244381858453,1.7767615703418125,0.2648749524899425,1.3968837530836655,-2.286971897553918,-0.3105429945028572
12.0,102.0,1004.23486328125,-3.459148260708408,-4.7253853170007165,-1.4363154275864358,2.1334699404495807,2.800245572340709,1.7767819015669788,0.2648749219958253,1.3968833553510478,-2.2869683619130567,-0.310542968446917
12.0,102.0,1004.23486328125,-3.459148428524231,-4.725394759753207,-1.4363152697688466,2.1334699404495807,2.800241966291414,1.776760831735563,0.2648749546084883,1.3968849561397283,-2.286971780005337,-0.3105429691069859
12.0,102.0,1004.23486328125,-3.4591482516740504,-4.725393774576,-1.436317766677985,2.1334699404495807,2.800241966291414,1.7767627397724173,0.2648749546754322,1.3968849503518888,-2.286971782107309,-0.3105429967853162
12.0,103.0,1004.2337646484376,-3.459154977343945,-4.725385286645638,-1.4363157124399066,2.1334699404495807,2.800245028510037,1.7767709688904254,0.2648749546205907,1.3968849151847724,-2.287316987395179,-0.310542969901159
12.0,103.0,1004.2341918945312,-3.459148385420216,-4.725394009166017,-1.4363178974207076,2.1334699404495807,2.800241966291414,1.7767190947452864,0.2648749546753256,1.3968849404174664,-2.2923454127714784,-0.3105429967853162
12.0,103.0,1004.234375,-3.4591484579942944,-4.7253853526387655,-1.4363152931674683,2.1334699404495807,2.800245258070064,1.7767605074584216,0.2648749546831256,1.39688458044873,-2.28712900053075,-0.3105429689913911
12.0,103.0,1004.234375,-3.459148390922298,-4.725386901721739,-1.4363152931674683,2.1334699404495807,2.800245258070064,1.7767615581605485,0.2648749525471626,1.39688458044873,-2.287129902501429,-0.3105429695043285
12.0,103.0,1004.2344360351562,-3.459148385420216,-4.725394009166017,-1.4363156852417045,2.1334699404495807,2.800241966291414,1.7767630480834673,0.2648749546747422,1.3968849404174664,-2.2923454127714784,-0.3105429967853162
12.0,103.0,1004.2344970703124,-3.4591548760632014,-4.725395548104885,-1.4363178521102282,2.1334699404495807,2.800227989261424,1.7767190975075906,0.2648749600821662,1.3968826093515163,-2.2870491172483343,-0.310543001848626
12.0,103.0,1004.2345581054688,-3.4591544900402864,-4.725329520256516,-1.4363176992116609,2.1334699404495807,2.8002464639919413,1.7767269661211107,0.2648749261082188,1.3968834520012323,-2.286971933891042,-0.3105429671369625
12.0,103.0,1004.2345581054688,-3.459148391651138,-4.72538532255869,-1.4363153174383387,2.1334699404495807,2.800244575738764,1.7767715016877323,0.2648749546883626,1.3968849406088717,-2.2923685763079167,-0.3105429689846692
12.0,103.0,1004.2345581054688,-3.4591544900402864,-4.725327526774187,-1.4363157757353036,2.1334699404495807,2.800246533661205,1.7767269661211107,0.2648749261082188,1.3968834520012323,-2.286971883106825,-0.3105429671369625
12.0,103.0,1004.234619140625,-3.459154969401148,-4.725327679102391,-1.4363157124399066,2.1334699404495807,2.800244287406627,1.7767615703418125,0.2648749535470822,1.3968828741424235,-2.286971881799891,-0.3105430022850262
12.0,103.0,1004.234619140625,-3.459154969401148,-4.725386900875073,-1.4363157124399066,2.1334699404495807,2.800244287406627,1.776718078695544,0.2648749525030391,1.3968827803638597,-2.2869718836780355,-0.3105430022850262
12.0,103.0,1004.234619140625,-3.4591549029855497,-4.725391188173984,-1.4363176992116609,2.1334699404495807,2.8002464639919413,1.776718572548705,0.2648749258341291,1.3968850799649366,-2.2869724840295635,-0.3105429671369625
12.0,103.0,1004.2346801757812,-3.459154872651656,-4.7253937817607214,-1.4363176992116609,2.1334699404495807,2.8002418577073107,1.77672754150404,0.2648749587208818,1.3968850527899133,-2.2869724998517764,-0.3105429671369625
12.0,103.0,1004.2346801757812,-3.459154969401148,-4.725386900875073,-1.4363157124399066,2.1334699404495807,2.800244287406627,1.7767615703418125,0.2648749524899425,1.3968828741424235,-2.2869718836780355,-0.3105430022850262
12.0,103.0,1004.2346801757812,-3.459154872651656,-4.7253937817607214,-1.4363152760776494,2.1334699404495807,2.8002418577073107,1.77672754150404,0.2648749543163094,1.3968850527899133,-2.286972505270644,-0.3105429671369625
12.0,103.0,1004.2346801757812,-3.459148452737945,-4.725329162565542,-1.4363154437792511,2.1334699404495807,2.8002465725760453,1.7767171973140292,0.2648749219958253,1.3968847271110445,-2.286971909723916,-0.310542969567931
12.0,103.0,1004.2346801757812,-3.4591547442096178,-4.72539377013756,-1.4363177280664594,2.1334699404495807,2.800241857266548,1.7767194150642414,0.2648749545774255,1.39688505633355,-2.2869724998517764,-0.3105429966375192
12.0,103.0,1004.2346801757812,-3.459154969401148,-4.725386900875073,-1.4363157124399066,2.1334699404495807,2.800244287406627,1.7767615703418125,0.2648749524899425,1.3968828741424235,-2.2869718836780355,-0.3105430022850262
12.0,103.0,1004.2346801757812,-3.459154977601681,-4.725389074453338,-1.4363157124399066,2.1334699404495807,2.800241637412668,1.7767258872250462,0.2648749524899425,1.396884969181496,-2.2869718834363484,-0.3105430022850262
12.0,103.0,1004.2346801757812,-3.459154854830936,-4.7253937817607214,-1.4363176992116609,2.1334699404495807,2.800241803502453,1.7767269636950629,0.2648749587208818,1.3968850527899133,-2.286972535000286,-0.3105429671369625
12.0,103.0,1004.2346801757812,-3.459154872651656,-4.7253937817607214,-1.4363154268060945,2.1334699404495807,2.8002418577073107,1.77672754150404,0.2648749543163094,1.3968850527899133,-2.286973200613674,-0.3105429671369625
12.0,103.0,1004.2346801757812,-3.459154977601681,-4.725389074453338,-1.4363177002297582,2.1334699404495807,2.800241602935747,1.7767258872250462,0.2648749244603426,1.3968834716771596,-2.2869719328825475,-0.3105430019472094
12.0,103.0,1004.2346801757812,-3.459148452737945,-4.725323708410624,-1.4363157252159395,2.1334699404495807,2.80024429781748,1.7767171973140292,0.2648749219958253,1.3968847883412072,-2.286971909292802,-0.3105429964920245
12.0,103.0,1004.2346801757812,-3.4591483101037066,-4.725327526774187,-1.4363157757353036,2.1334699404495807,2.800246533661205,1.776729512058598,0.2648749222778419,1.396883354588088,-2.286971883106825,-0.3105429671369625
12.0,103.0,1004.2347412109376,-3.459154872651656,-4.725393674628313,-1.436315360120112,2.1334699404495807,2.8002418577073107,1.7767699549454938,0.2648749586539379,1.39688505633355,-2.2869724998517764,-0.3105429713577143
12.0,103.0,1004.2347412109376,-3.459144722849929,-4.725321045779839,-1.4363159816104998,2.1334699404495807,2.800244441752212,1.7767240779206583,0.2648749524899425,1.3968828046790442,-2.286972483870588,-0.3105429949121148
12.0,103.0,1004.2347412109376,-3.459154977343945,-4.725386857125385,-1.4363157124399066,2.1334699404495807,2.800245028510037,1.7767612106392312,0.2648749524899425,1.3968849151847724,-2.286971886177088,-0.3105430022850262
12.0,103.0,1004.2347412109376,-3.459154977343945,-4.725386857125385,-1.4363157124399066,2.1334699404495807,2.800245028510037,1.7767612106392312,0.2648749524899425,1.3968849151847724,-2.286971886177088,-0.3105430022850262
12.0,103.0,1004.2347412109376,-3.4591548693265115,-4.7253868133149535,-1.4363152457040316,2.1334699404495807,2.800244233493616,1.7767699549454938,0.2648749583371356,1.3968849931331482,-2.2869724998517764,-0.3105429713577143
12.0,103.0,1004.2347412109376,-3.4591547442096178,-4.72539377013756,-1.4363177280664594,2.1334699404495807,2.800241857266548,1.7767629067105095,0.2648749545643288,1.396885150112114,-2.2869724998517764,-0.3105429966375192
12.0,103.0,1004.2347412109376,-3.4591483624985706,-4.725321045779839,-1.4363159111481143,2.1334699404495807,2.8002444443685754,1.776761406778799,0.2648749524899425,1.3968837350514731,-2.286972483870588,-0.3105429949121148
12.0,103.0,1004.2347412109376,-3.459155252719551,-4.725395730783522,-1.4363154437792511,2.1334699404495807,2.8002465725760453,1.77676084234116,0.2648749219958253,1.3968847248668417,-2.286971909723916,-0.310542969567931
12.0,103.0,1004.2348022460938,-3.4591447083084,-4.725323755645711,-1.4363157096893295,2.1334699404495807,2.800244287406627,1.776760831735563,0.2648749524899425,1.3968828046790442,-2.2869718836780355,-0.3105429949121148
12.0,103.0,1004.2348022460938,-3.459148452737945,-4.725329162565542,-1.4363154437792511,2.1334699404495807,2.8002465725760453,1.77676084234116,0.2648749219958253,1.3968847248668417,-2.286971909723916,-0.310542969567931
12.0,103.0,1004.2348022460938,-3.459148111450286,-4.725386900875073,-1.4363157124399066,2.1334699404495807,2.800244287406627,1.7767615703418125,0.2648749524899425,1.3968828741424235,-2.2869718836780355,-0.3105430022850262
12.0,103.0,1004.2348022460938,-3.4591447083084,-4.725323755645711,-1.4363157096893295,2.1334699404495807,2.800244287406627,1.776760831735563,0.2648749524899425,1.3968828046790442,-2.2869718836780355,-0.3105429949121148
12.0,103.0,1004.2348022460938,-3.4591549795267897,-4.725395548104885,-1.4363178646846433,2.1334699404495807,2.800227989261424,1.776760821911481,0.2648749546084883,1.3968825970255672,-2.286971884509037,-0.310543001848626
12.0,103.0,1004.2348022460938,-3.4591482516740504,-4.725393774576,-1.436317766677985,2.1334699404495807,2.800241966291414,1.7767190947452864,0.2648749546754322,1.3968849525960918,-2.286971782107309,-0.3105429967853162
12.0,103.0,1004.2348022460938,-3.459144942644472,-4.725323755645711,-1.4363157096893295,2.1334699404495807,2.800246515925908,1.7767615439221356,0.2648749524494593,1.3968834222703372,-2.28697185433589,-0.3105429949121148
12.0,103.0,1004.2348022460938,-3.4591447083084,-4.725323755645711,-1.4363157096893295,2.1334699404495807,2.800244287406627,1.776760831735563,0.2648749524899425,1.3968828046790442,-2.2869718836780355,-0.3105429949121148
12.0,103.0,1004.2348022460938,-3.459154901321998,-4.725395548104885,-1.4363178521102282,2.1334699404495807,2.800227989261424,1.776760821911481,0.2648749269184794,1.3968826215689574,-2.286971884509037,-0.310543001848626
12.0,103.0,1004.2348022460938,-3.4591447083084,-4.725323755645711,-1.4363157096893295,2.1334699404495807,2.800244287406627,1.776760831735563,0.2648749524899425,1.3968828046790442,-2.2869718836780355,-0.3105429949121148
12.0,103.0,1004.2348022460938,-3.4591447083084,-4.725329209800629,-1.4363154282526411,2.1334699404495807,2.800246562165192,1.776760831735563,0.2648749524899425,1.396882743448881,-2.28697188410915,-0.3105429679880213
12.0,103.0,1004.2348022460938,-3.459144752002496,-4.725386890855375,-1.4363178271639243,2.1334699404495807,2.80024437924209,1.7767242414836717,0.2648749524899425,1.3968828227112369,-2.286971897553918,-0.3105429945028572
12.0,103.0,1004.23486328125,-3.4591549029855497,-4.725547736409841,-1.4363176992116609,2.1334699404495807,2.8002464639919413,1.776726112370531,0.2648749261082188,1.3968834520012323,-2.2869724840295635,-0.3105429671369625
12.0,103.0,1004.23486328125,-3.459148428524231,-4.725394759753207,-1.4363152697688466,2.1334699404495807,2.800241966291414,1.776760831735563,0.2648749546084883,1.3968849561397283,-2.286971780005337,-0.3105429691069859
12.0,103.0,1004.23486328125,-3.4591549029855497,-4.725547736409841,-1.4363176992116609,2.1334699404495807,2.8002464639919413,1.776726112370531,0.2648749261082188,1.3968834520012323,-2.2869724840295635,-0.3105429671369625
12.0,103.0,1004.23486328125,-3.459148422404051,-4.725394759753207,-1.4363154275864358,2.1334699404495807,2.800241966291414,1.77676150818674,0.2648749546084883,1.3968849561397283,-2.286971782107309,-0.3105429691069859
12.0,103.0,1004.23486328125,-3.4591481951267435,-4.725323755645711,-1.4363157096893295,2.1334699404495807,2.800212486291445,1.7767607914650223,0.264874952423539,1.3968828046790442,-2.2869718836780355,-0.3105429982306419
12.0,103.0,1004.23486328125,-3.459148428524231,-4.725394759753207,-1.4363152697688466,2.1334699404495807,2.800241966291414,1.776760831735563,0.2648749546084883,1.3968849561397283,-2.286971780005337,-0.3105429691069859
12.0,104.0,1004.2337646484376,-3.459154977343945,-4.725385286645638,-1.4363157124399066,2.1334699404495807,2.800245028510037,1.7767709688904254,0.2648749546205907,1.3968849151847724,-2.287316987395179,-0.310542969901159
12.0,104.0,1004.2337646484376,-3.459154977343945,-4.725385286645638,-1.4363157124399066,2.1334699404495807,2.800245028510037,1.7767709688904254,0.2648749546205907,1.3968849151847724,-2.287316987395179,-0.310542969901159
12.0,104.0,1004.234130859375,-3.459154969401148,-4.725386900875073,-1.436315713588546,2.1334699404495807,2.800244270816319,1.7767615703418125,0.2648749524899425,1.3968828741424235,-2.292308698616775,-0.3105430022850262
12.0,104.0,1004.2341918945312,-3.459148385420216,-4.725394009166017,-1.4363178974207076,2.1334699404495807,2.800241966291414,1.7767190947452864,0.2648749546753256,1.3968849404174664,-2.2923454127714784,-0.3105429967853162
12.0,104.0,1004.2343139648438,-3.4591480874157745,-4.725385325062505,-1.4363153174383387,2.1334699404495807,2.800244575738764,1.7767711182193362,0.2648749551307998,1.3968849406088717,-2.287166496739949,-0.3105429689846692
12.0,104.0,1004.234375,-3.4591484579942944,-4.7253853526387655,-1.4363152931674683,2.1334699404495807,2.800245258070064,1.7767605074584216,0.2648749546831256,1.39688458044873,-2.28712900053075,-0.3105429689913911
12.0,104.0,1004.234375,-3.459148390922298,-4.725386901721739,-1.4363152931674683,2.1334699404495807,2.800245258070064,1.7767615581605485,0.2648749525471626,1.39688458044873,-2.287129902501429,-0.3105429695043285
12.0,104.0,1004.2344360351562,-3.459148385420216,-4.725394009166017,-1.4363156852417045,2.1334699404495807,2.800241966291414,1.7767630480834673,0.2648749546747422,1.3968849404174664,-2.2923454127714784,-0.3105429967853162
12.0,104.0,1004.2344360351562,-3.459148385420216,-4.725394009166017,-1.4363157782291232,2.1334699404495807,2.800241886033451,1.7767630480834673,0.2648749546747422,1.3968849404174664,-2.2923454127714784,-0.3105429967853162
12.0,104.0,1004.2344360351562,-3.45914513456906,-4.7253853526387655,-1.436315301768477,2.1334699404495807,2.800245258070064,1.7767605074584216,0.2648749546831256,1.396884569939716,-2.28712900053075,-0.3105429689913911
12.0,104.0,1004.2344970703124,-3.4591548760632014,-4.725395548104885,-1.4363178521102282,2.1334699404495807,2.800227989261424,1.7767190975075906,0.2648749600821662,1.3968826093515163,-2.2870491172483343,-0.310543001848626
12.0,104.0,1004.2344970703124,-3.4591548760632014,-4.725395548104885,-1.4363178521102282,2.1334699404495807,2.800227989261424,1.7767190975075906,0.2648749600821662,1.3968826093515163,-2.2870491172483343,-0.310543001848626
12.0,104.0,1004.2345581054688,-3.4591544900402864,-4.725329520256516,-1.4363176992116609,2.1334699404495807,2.8002464639919413,1.7767269661211107,0.2648749261082188,1.3968834520012323,-2.286971933891042,-0.3105429671369625
12.0,104.0,1004.2345581054688,-3.459148391651138,-4.72538532255869,-1.4363153174383387,2.1334699404495807,2.800244575738764,1.7767715016877323,0.2648749546883626,1.3968849406088717,-2.2923685763079167,-0.3105429689846692
12.0,104.0,1004.2345581054688,-3.4591544900402864,-4.725327526774187,-1.4363157757353036,2.1334699404495807,2.800246533661205,1.7767269661211107,0.2648749261082188,1.3968834520012323,-2.286971883106825,-0.3105429671369625
12.0,104.0,1004.2345581054688,-3.4591555418661075,-4.725327526774187,-1.4363157762716088,2.1334699404495807,2.800245020793008,1.7767297978728251,0.2648749225364977,1.3968832607602537,-2.286971886315409,-0.3105430029372565
12.0,104.0,1004.234619140625,-3.459154969401148,-4.725327679102391,-1.4363157124399066,2.1334699404495807,2.800244287406627,1.7767615703418125,0.2648749535470822,1.3968828741424235,-2.286971881799891,-0.3105430022850262
12.0,104.0,1004.234619140625,-3.459154969401148,-4.725386900875073,-1.4363157124399066,2.1334699404495807,2.800244287406627,1.776718078695544,0.2648749525030391,1.3968827803638597,-2.2869718836780355,-0.3105430022850262
12.0,104.0,1004.234619140625,-3.4591549029855497,-4.725391188173984,-1.4363176992116609,2.1334699404495807,2.8002464639919413,1.776718572548705,0.2648749258341291,1.3968850799649366,-2.2869724840295635,-0.3105429671369625
12.0,104.0,1004.234619140625,-3.459154969401148,-4.725386900875073,-1.4363157124399066,2.1334699404495807,2.800244287406627,1.776718078695544,0.2648749525030391,1.3968827803638597,-2.2869718836780355,-0.3105430022850262
12.0,104.0,1004.234619140625,-3.459154967313546,-4.725393904952911,-1.4363157176926349,2.1334699404495807,2.800244287406627,1.7767264751457756,0.2648749524899425,1.3968828741424235,-2.2869725553377265,-0.310543005192946
12.0,104.0,1004.234619140625,-3.459154969401148,-4.725323764518822,-1.4363157098596968,2.1334699404495807,2.800244287406627,1.7767615703418125,0.2648749535470822,1.3968828060685972,-2.286971881799891,-0.3105430022850262
12.0,104.0,1004.234619140625,-3.4591549029855497,-4.725391188173984,-1.4363176992116609,2.1334699404495807,2.800246423985747,1.776718572548705,0.2648749258341291,1.3968850755040054,-2.2869724840295635,-0.310542967127651
12.0,104.0,1004.2346801757812,-3.459154872651656,-4.7253937817607214,-1.4363176992116609,2.1334699404495807,2.8002418577073107,1.77672754150404,0.2648749587208818,1.3968850527899133,-2.2869724998517764,-0.3105429671369625
12.0,104.0,1004.2346801757812,-3.459154969401148,-4.725386900875073,-1.4363157124399066,2.1334699404495807,2.800244287406627,1.7767615703418125,0.2648749524899425,1.3968828741424235,-2.2869718836780355,-0.3105430022850262
12.0,104.0,1004.2346801757812,-3.459154872651656,-4.7253937817607214,-1.4363152760776494,2.1334699404495807,2.8002418577073107,1.77672754150404,0.2648749543163094,1.3968850527899133,-2.286972505270644,-0.3105429671369625
12.0,104.0,1004.2346801757812,-3.459148452737945,-4.725329162565542,-1.4363154437792511,2.1334699404495807,2.8002465725760453,1.7767171973140292,0.2648749219958253,1.3968847271110445,-2.286971909723916,-0.310542969567931
12.0,104.0,1004.2346801757812,-3.4591547442096178,-4.72539377013756,-1.4363177280664594,2.1334699404495807,2.800241857266548,1.7767194150642414,0.2648749545774255,1.39688505633355,-2.2869724998517764,-0.3105429966375192
12.0,104.0,1004.2346801757812,-3.459154969401148,-4.725386900875073,-1.4363157124399066,2.1334699404495807,2.800244287406627,1.7767615703418125,0.2648749524899425,1.3968828741424235,-2.2869718836780355,-0.3105430022850262
12.0,104.0,1004.2346801757812,-3.459154977601681,-4.725389074453338,-1.4363157124399066,2.1334699404495807,2.800241637412668,1.7767258872250462,0.2648749524899425,1.396884969181496,-2.2869718834363484,-0.3105430022850262
12.0,104.0,1004.2346801757812,-3.459154854830936,-4.7253937817607214,-1.4363176992116609,2.1334699404495807,2.800241803502453,1.7767269636950629,0.2648749587208818,1.3968850527899133,-2.286972535000286,-0.3105429671369625
12.0,104.0,1004.2346801757812,-3.459154872651656,-4.7253937817607214,-1.4363154268060945,2.1334699404495807,2.8002418577073107,1.77672754150404,0.2648749543163094,1.3968850527899133,-2.286973200613674,-0.3105429671369625
12.0,104.0,1004.2346801757812,-3.459154977601681,-4.725389074453338,-1.4363177002297582,2.1334699404495807,2.800241602935747,1.7767258872250462,0.2648749244603426,1.3968834716771596,-2.2869719328825475,-0.3105430019472094
12.0,104.0,1004.2346801757812,-3.459148452737945,-4.725323708410624,-1.4363157252159395,2.1334699404495807,2.80024429781748,1.7767171973140292,0.2648749219958253,1.3968847883412072,-2.286971909292802,-0.3105429964920245
12.0,104.0,1004.2346801757812,-3.4591483101037066,-4.725327526774187,-1.4363157757353036,2.1334699404495807,2.800246533661205,1.776729512058598,0.2648749222778419,1.396883354588088,-2.286971883106825,-0.3105429671369625
12.0,104.0,1004.2346801757812,-3.459148391651138,-4.72538532255869,-1.436315316289699,2.1334699404495807,2.800244592329072,1.7767715016877323,0.2648749546883626,1.3968849406088717,-2.287031761369177,-0.3105429689846692
12.0,104.0,1004.2346801757812,-3.459154854830936,-4.7253937817607214,-1.4363176992116609,2.1334699404495807,2.800241858875591,1.7767269724642278,0.2648749587208818,1.3968850527899133,-2.2869725347679783,-0.3105429671369625
12.0,104.0,1004.2346801757812,-3.459154872651656,-4.7253937817607214,-1.4363176992116609,2.1334699404495807,2.8002418577073107,1.77672754150404,0.2648749587208818,1.3968850462688749,-2.2869724998517764,-0.310542967073075
12.0,104.0,1004.2347412109376,-3.459154872651656,-4.725393674628313,-1.436315360120112,2.1334699404495807,2.8002418577073107,1.7767699549454938,0.2648749586539379,1.39688505633355,-2.2869724998517764,-0.3105429713577143
12.0,104.0,1004.2347412109376,-3.459144722849929,-4.725321045779839,-1.4363159816104998,2.1334699404495807,2.800244441752212,1.7767240779206583,0.2648749524899425,1.3968828046790442,-2.286972483870588,-0.3105429949121148
12.0,104.0,1004.2347412109376,-3.459154977343945,-4.725386857125385,-1.4363157124399066,2.1334699404495807,2.800245028510037,1.7767612106392312,0.2648749524899425,1.3968849151847724,-2.286971886177088,-0.3105430022850262
12.0,104.0,1004.2347412109376,-3.459154977343945,-4.725386857125385,-1.4363157124399066,2.1334699404495807,2.800245028510037,1.7767612106392312,0.2648749524899425,1.3968849151847724,-2.286971886177088,-0.3105430022850262
12.0,104.0,1004.2347412109376,-3.4591548693265115,-4.7253868133149535,-1.4363152457040316,2.1334699404495807,2.800244233493616,1.7767699549454938,0.2648749583371356,1.3968849931331482,-2.2869724998517764,-0.3105429713577143
12.0,104.0,1004.2347412109376,-3.4591547442096178,-4.72539377013756,-1.4363177280664594,2.1334699404495807,2.800241857266548,1.7767629067105095,0.2648749545643288,1.396885150112114,-2.2869724998517764,-0.3105429966375192
12.0,104.0,1004.2347412109376,-3.4591483624985706,-4.725321045779839,-1.4363159111481143,2.1334699404495807,2.8002444443685754,1.776761406778799,0.2648749524899425,1.3968837350514731,-2.286972483870588,-0.3105429949121148
12.0,104.0,1004.2347412109376,-3.459155252719551,-4.725395730783522,-1.4363154437792511,2.1334699404495807,2.8002465725760453,1.77676084234116,0.2648749219958253,1.3968847248668417,-2.286971909723916,-0.310542969567931
12.0,104.0,1004.2347412109376,-3.4591547442096178,-4.72539377013756,-1.4363177280664594,2.1334699404495807,2.800241839988564,1.7767615289099654,0.2648749525706253,1.396885150112114,-2.2869724998517764,-0.3105429966375192
12.0,104.0,1004.2347412109376,-3.459154969456333,-4.725393736961583,-1.4363153602693268,2.1334699404495807,2.8002441617336267,1.7767700384172205,0.2648749524899425,1.396885043378454,-2.2869718836780355,-0.3105429710254953
12.0,104.0,1004.2348022460938,-3.4591447083084,-4.725323755645711,-1.4363157096893295,2.1334699404495807,2.800244287406627,1.776760831735563,0.2648749524899425,1.3968828046790442,-2.2869718836780355,-0.3105429949121148
12.0,104.0,1004.2348022460938,-3.459148452737945,-4.725329162565542,-1.4363154437792511,2.1334699404495807,2.8002465725760453,1.77676084234116,0.2648749219958253,1.3968847248668417,-2.286971909723916,-0.310542969567931
12.0,105.0,1004.2337646484376,-3.459154977343945,-4.725385286645638,-1.4363157124399066,2.1334699404495807,2.800245028510037,1.7767709688904254,0.2648749546205907,1.3968849151847724,-2.287316987395179,-0.310542969901159
12.0,105.0,1004.2337646484376,-3.459154977343945,-4.725385286645638,-1.4363157124399066,2.1334699404495807,2.800245028510037,1.7767709688904254,0.2648749546205907,1.3968849151847724,-2.287316987395179,-0.310542969901159
12.0,105.0,1004.2339477539062,-3.45914815410515,-4.725385286645638,-1.4363157124399066,2.1334699404495807,2.8002418353525127,1.7767716049663846,0.2648749546205907,1.3968849414962674,-2.287316987395179,-0.3105429964518148
12.0,105.0,1004.234130859375,-3.459154969401148,-4.725386900875073,-1.436315713588546,2.1334699404495807,2.800244270816319,1.7767615703418125,0.2648749524899425,1.3968828741424235,-2.292308698616775,-0.3105430022850262
12.0,105.0,1004.2341918945312,-3.459148385420216,-4.725394009166017,-1.4363178974207076,2.1334699404495807,2.800241966291414,1.7767190947452864,0.2648749546753256,1.3968849404174664,-2.2923454127714784,-0.3105429967853162
12.0,105.0,1004.2343139648438,-3.4591480874157745,-4.725385325062505,-1.4363153174383387,2.1334699404495807,2.800244575738764,1.7767711182193362,0.2648749551307998,1.3968849406088717,-2.287166496739949,-0.3105429689846692
12.0,105.0,1004.2343139648438,-3.4591480874157745,-4.725385325062505,-1.4363153188672904,2.1334699404495807,2.800244575738764,1.776771319713235,0.2648749546989071,1.3968845906133522,-2.2871662481098625,-0.3105429689912597
12.0,105.0,1004.234375,-3.4591484579942944,-4.7253853526387655,-1.4363152931674683,2.1334699404495807,2.800245258070064,1.7767605074584216,0.2648749546831256,1.39688458044873,-2.28712900053075,-0.3105429689913911
12.0,105.0,1004.234375,-3.459148390922298,-4.725386901721739,-1.4363152931674683,2.1334699404495807,2.800245258070064,1.7767615581605485,0.2648749525471626,1.39688458044873,-2.287129902501429,-0.3105429695043285
12.0,105.0,1004.234375,-3.45914513456906,-4.7253853526387655,-1.4363178282239255,2.1334699404495807,2.800245258070064,1.7767197600788929,0.2648749549744546,1.396884577455889,-2.28712900053075,-0.3105429689913911
12.0,105.0,1004.234375,-3.4591548760632014,-4.725322582740667,-1.436315767613629,2.1334699404495807,2.800227989261424,1.7767190975075906,0.2648749599429472,1.3968828057485534,-2.2870491172483343,-0.310543002290762
12.0,105.0,1004.2344360351562,-3.459148385420216,-4.725394009166017,-1.4363156852417045,2.1334699404495807,2.800241966291414,1.7767630480834673,0.2648749546747422,1.3968849404174664,-2.2923454127714784,-0.3105429967853162
12.0,105.0,1004.2344360351562,-3.459148385420216,-4.725394009166017,-1.4363157782291232,2.1334699404495807,2.800241886033451,1.7767630480834673,0.2648749546747422,1.3968849404174664,-2.2923454127714784,-0.3105429967853162
12.0,105.0,1004.2344360351562,-3.45914513456906,-4.7253853526387655,-1.436315301768477,2.1334699404495807,2.800245258070064,1.7767605074584216,0.2648749546831256,1.396884569939716,-2.28712900053075,-0.3105429689913911
12.0,105.0,1004.2344360351562,-3.459148385420216,-4.725393868534123,-1.4363157772208504,2.1334699404495807,2.800241886033451,1.7767630480834673,0.2648749546747422,1.3968849147163689,-2.2923454127714784,-0.3105429961744719
12.0,105.0,1004.2344360351562,-3.459148385420216,-4.725394009166017,-1.4363156852417045,2.1334699404495807,2.800241966291414,1.7767630480834673,0.2648749546747422,1.3968849404174664,-2.2923454127714784,-0.3105429967853162
12.0,105.0,1004.2344360351562,-3.459148385420216,-4.725394009166017,-1.4363156852417045,2.1334699404495807,2.800241966291414,1.7767630480834673,0.2648749546747422,1.3968849404174664,-2.2923454127714784,-0.3105429967853162
12.0,105.0,1004.2344970703124,-3.4591548760632014,-4.725395548104885,-1.4363178521102282,2.1334699404495807,2.800227989261424,1.7767190975075906,0.2648749600821662,1.3968826093515163,-2.2870491172483343,-0.310543001848626
12.0,105.0,1004.2344970703124,-3.4591548760632014,-4.725395548104885,-1.4363178521102282,2.1334699404495807,2.800227989261424,1.7767190975075906,0.2648749600821662,1.3968826093515163,-2.2870491172483343,-0.310543001848626
12.0,105.0,1004.2345581054688,-3.4591544900402864,-4.725329520256516,-1.4363176992116609,2.1334699404495807,2.8002464639919413,1.7767269661211107,0.2648749261082188,1.3968834520012323,-2.286971933891042,-0.3105429671369625
12.0,105.0,1004.2345581054688,-3.459148391651138,-4.72538532255869,-1.4363153174383387,2.1334699404495807,2.800244575738764,1.7767715016877323,0.2648749546883626,1.3968849406088717,-2.2923685763079167,-0.3105429689846692
12.0,105.0,1004.2345581054688,-3.4591544900402864,-4.725327526774187,-1.4363157757353036,2.1334699404495807,2.800246533661205,1.7767269661211107,0.2648749261082188,1.3968834520012323,-2.286971883106825,-0.3105429671369625
12.0,105.0,1004.2345581054688,-3.4591555418661075,-4.725327526774187,-1.4363157762716088,2.1334699404495807,2.800245020793008,1.7767297978728251,0.2648749225364977,1.3968832607602537,-2.286971886315409,-0.3105430029372565
12.0,105.0,1004.2345581054688,-3.4591549039551173,-4.72538532255869,-1.436315316289699,2.1334699404495807,2.800244592329072,1.7767715016877323,0.2648749546883626,1.3968849406088717,-2.287031761369177,-0.3105429689846692
12.0,105.0,1004.2345581054688,-3.459148385314867,-4.725393511443016,-1.4363153174383387,2.1334699404495807,2.800244575738764,1.7767715016877323,0.2648749546883626,1.3968849406088717,-2.2923678659473423,-0.3105429689846692
12.0,105.0,1004.2345581054688,-3.4591548760632014,-4.725395548104885,-1.4363153256547798,2.1334699404495807,2.800227989261424,1.7767598448871194,0.2648749597908371,1.3968826018353435,-2.2870491172483343,-0.310543001848626
12.0,105.0,1004.234619140625,-3.459154969401148,-4.725327679102391,-1.4363157124399066,2.1334699404495807,2.800244287406627,1.7767615703418125,0.2648749535470822,1.3968828741424235,-2.286971881799891,-0.3105430022850262
12.0,105.0,1004.234619140625,-3.459154969401148,-4.725386900875073,-1.4363157124399066,2.1334699404495807,2.800244287406627,1.776718078695544,0.2648749525030391,1.3968827803638597,-2.2869718836780355,-0.3105430022850262
12.0,105.0,1004.234619140625,-3.4591549029855497,-4.725391188173984,-1.4363176992116609,2.1334699404495807,2.8002464639919413,1.776718572548705,0.2648749258341291,1.3968850799649366,-2.2869724840295635,-0.3105429671369625
12.0,105.0,1004.234619140625,-3.459154969401148,-4.725386900875073,-1.4363157124399066,2.1334699404495807,2.800244287406627,1.776718078695544,0.2648749525030391,1.3968827803638597,-2.2869718836780355,-0.3105430022850262
12.0,105.0,1004.234619140625,-3.459154967313546,-4.725393904952911,-1.4363157176926349,2.1334699404495807,2.800244287406627,1.7767264751457756,0.2648749524899425,1.3968828741424235,-2.2869725553377265,-0.310543005192946
12.0,105.0,1004.234619140625,-3.459154969401148,-4.725323764518822,-1.4363157098596968,2.1334699404495807,2.800244287406627,1.7767615703418125,0.2648749535470822,1.3968828060685972,-2.286971881799891,-0.3105430022850262
12.0,105.0,1004.234619140625,-3.4591549029855497,-4.725391188173984,-1.4363176992116609,2.1334699404495807,2.800246423985747,1.776718572548705,0.2648749258341291,1.3968850755040054,-2.2869724840295635,-0.310542967127651
12.0,105.0,1004.234619140625,-3.459154872651656,-4.7253937817607214,-1.4363157179040835,2.1334699404495807,2.8002440960911112,1.776726437228372,0.2648749523716107,1.3968829845386814,-2.286973169980358,-0.3105430046347792
12.0,105.0,1004.234619140625,-3.459154967452202,-4.725386900875073,-1.4363157126354362,2.1334699404495807,2.800244287406627,1.7767267477670765,0.2648749525030391,1.3968827803638597,-2.2869718836780355,-0.3105430022850262
12.0,105.0,1004.234619140625,-3.459154969401148,-4.725327679102391,-1.4363157124399066,2.1334699404495807,2.800244287406627,1.7767615703418125,0.2648749535470822,1.3968828741424235,-2.286971881799891,-0.3105430022850262
12.0,105.0,1004.234619140625,-3.459148363759222,-4.725395548104885,-1.4363178521102282,2.1334699404495807,2.800227989261424,1.7767190975075906,0.2648749600821662,1.3968826093515163,-2.2870491172483343,-0.310543001848626
12.0,105.0,1004.234619140625,-3.459154970703202,-4.725329825712456,-1.4363157124399066,2.1334699404495807,2.800244287406627,1.776761949854712,0.2648749542986669,1.3968828451524804,-2.286971881799891,-0.3105430022850262
12.0,105.0,1004.234619140625,-3.459154969401148,-4.725386900875073,-1.4363157124399066,2.1334699404495807,2.800244287406627,1.776718078695544,0.2648749524913648,1.3968827750561448,-2.2869718836780355,-0.3105430022850262
12.0,105.0,1004.234619140625,-3.459154969401148,-4.72538660892647,-1.436315646725489,2.1334699404495807,2.800244287406627,1.7767181253840836,0.2648749525030391,1.3968852216603544,-2.2869718836780355,-0.3105430022850262
12.0,105.0,1004.2346801757812,-3.459154872651656,-4.7253937817607214,-1.4363176992116609,2.1334699404495807,2.8002418577073107,1.77672754150404,0.2648749587208818,1.3968850527899133,-2.2869724998517764,-0.3105429671369625
12.0,105.0,1004.2346801757812,-3.459154969401148,-4.725386900875073,-1.4363157124399066,2.1334699404495807,2.800244287406627,1.7767615703418125,0.2648749524899425,1.3968828741424235,-2.2869718836780355,-0.3105430022850262
12.0,105.0,1004.2346801757812,-3.459154872651656,-4.7253937817607214,-1.4363152760776494,2.1334699404495807,2.8002418577073107,1.77672754150404,0.2648749543163094,1.3968850527899133,-2.286972505270644,-0.3105429671369625
12.0,105.0,1004.2346801757812,-3.459148452737945,-4.725329162565542,-1.4363154437792511,2.1334699404495807,2.8002465725760453,1.7767171973140292,0.2648749219958253,1.3968847271110445,-2.286971909723916,-0.310542969567931
12.0,105.0,1004.2346801757812,-3.4591547442096178,-4.72539377013756,-1.4363177280664594,2.1334699404495807,2.800241857266548,1.7767194150642414,0.2648749545774255,1.39688505633355,-2.2869724998517764,-0.3105429966375192
12.0,105.0,1004.2346801757812,-3.459154969401148,-4.725386900875073,-1.4363157124399066,2.1334699404495807,2.800244287406627,1.7767615703418125,0.2648749524899425,1.3968828741424235,-2.2869718836780355,-0.3105430022850262
12.0,105.0,1004.2346801757812,-3.459154977601681,-4.725389074453338,-1.4363157124399066,2.1334699404495807,2.800241637412668,1.7767258872250462,0.2648749524899425,1.396884969181496,-2.2869718834363484,-0.3105430022850262
12.0,105.0,1004.2346801757812,-3.459154854830936,-4.7253937817607214,-1.4363176992116609,2.1334699404495807,2.800241803502453,1.7767269636950629,0.2648749587208818,1.3968850527899133,-2.286972535000286,-0.3105429671369625
12.0,105.0,1004.2346801757812,-3.459154872651656,-4.7253937817607214,-1.4363154268060945,2.1334699404495807,2.8002418577073107,1.77672754150404,0.2648749543163094,1.3968850527899133,-2.286973200613674,-0.3105429671369625
12.0,105.0,1004.2346801757812,-3.459154977601681,-4.725389074453338,-1.4363177002297582,2.1334699404495807,2.800241602935747,1.7767258872250462,0.2648749244603426,1.3968834716771596,-2.2869719328825475,-0.3105430019472094
12.0,106.0,1004.2337646484376,-3.459154977343945,-4.725385286645638,-1.4363157124399066,2.1334699404495807,2.800245028510037,1.7767709688904254,0.2648749546205907,1.3968849151847724,-2.287316987395179,-0.310542969901159
12.0,106.0,1004.2337646484376,-3.459154977343945,-4.725385286645638,-1.4363157124399066,2.1334699404495807,2.800245028510037,1.7767709688904254,0.2648749546205907,1.3968849151847724,-2.287316987395179,-0.310542969901159
12.0,106.0,1004.2337646484376,-3.459154970703202,-4.725384461625974,-1.4363157124399066,2.1334699404495807,2.800244287406627,1.7767618773286449,0.2648749546225689,1.3968828451524804,-2.287318260711505,-0.3105430022850262
12.0,106.0,1004.2337646484376,-3.4591549774215817,-4.725385286645638,-1.4363157135982054,2.1334699404495807,2.800245028510037,1.776760503084714,0.2648749546205907,1.3968849151847724,-2.287316987395179,-0.310542969901159
12.0,106.0,1004.2337646484376,-3.4591548760632014,-4.725324887494882,-1.436315767613629,2.1334699404495807,2.8002271112494954,1.7767184434026313,0.2648749599429472,1.3968828057485534,-2.287281655267585,-0.3105429968290842
12.0,106.0,1004.2338256835938,-3.459148391651138,-4.72538532255869,-1.436315754564528,2.1334699404495807,2.800244575738764,1.776770944779302,0.2648749546883626,1.3968849136951234,-2.292096639311286,-0.3105429689846692
12.0,106.0,1004.23388671875,-3.45914814304637,-4.725395562410163,-1.4363157124399066,2.1334699404495807,2.8002278048526987,1.7767160198590208,0.2648749601369129,1.396884836554687,-2.287316987395179,-0.3105429964518148
12.0,106.0,1004.2339477539062,-3.45914815410515,-4.725385286645638,-1.4363157124399066,2.1334699404495807,2.8002418353525127,1.7767716049663846,0.2648749546205907,1.3968849414962674,-2.287316987395179,-0.3105429964518148
12.0,106.0,1004.234130859375,-3.459154969401148,-4.725386900875073,-1.436315713588546,2.1334699404495807,2.800244270816319,1.7767615703418125,0.2648749524899425,1.3968828741424235,-2.292308698616775,-0.3105430022850262
12.0,106.0,1004.234130859375,-3.459155016641103,-4.725386900875073,-1.436315715987003,2.1334699404495807,2.800244271194019,1.7767615703418125,0.2648749524899425,1.3968828741424235,-2.292308698616775,-0.3105430037925136
12.0,106.0,1004.234130859375,-3.459148385420216,-4.725403978377339,-1.4363178974207076,2.1334699404495807,2.800227494860299,1.7767190947452864,0.2648749546753256,1.3968826331490547,-2.2922850404849004,-0.3105429967853162
12.0,106.0,1004.2341918945312,-3.459148385420216,-4.725394009166017,-1.4363178974207076,2.1334699404495807,2.800241966291414,1.7767190947452864,0.2648749546753256,1.3968849404174664,-2.2923454127714784,-0.3105429967853162
12.0,106.0,1004.2341918945312,-3.4591548760632014,-4.725312613529344,-1.436315767613629,2.1334699404495807,2.80024246069254,1.7767190975075906,0.2648749599429472,1.3968851130169648,-2.287109489534912,-0.310543002290762
12.0,106.0,1004.2343139648438,-3.4591480874157745,-4.725385325062505,-1.4363153174383387,2.1334699404495807,2.800244575738764,1.7767711182193362,0.2648749551307998,1.3968849406088717,-2.287166496739949,-0.3105429689846692
12.0,106.0,1004.2343139648438,-3.4591480874157745,-4.725385325062505,-1.4363153188672904,2.1334699404495807,2.800244575738764,1.776771319713235,0.2648749546989071,1.3968845906133522,-2.2871662481098625,-0.3105429689912597
12.0,106.0,1004.2343139648438,-3.4591480401758194,-4.725385325062505,-1.4363153150398815,2.1334699404495807,2.8002445753610634,1.7767711182193362,0.2648749551307998,1.3968849406088717,-2.287166496739949,-0.3105429674771818
12.0,106.0,1004.2343139648438,-3.459148178301412,-4.725393511443016,-1.4363153174383387,2.1334699404495807,2.8002445718021463,1.7767732007032844,0.2648749546883626,1.3968848681800543,-2.292283756034846,-0.3105429689846692
12.0,106.0,1004.234375,-3.4591484579942944,-4.7253853526387655,-1.4363152931674683,2.1334699404495807,2.800245258070064,1.7767605074584216,0.2648749546831256,1.39688458044873,-2.28712900053075,-0.3105429689913911
12.0,106.0,1004.234375,-3.459148390922298,-4.725386901721739,-1.4363152931674683,2.1334699404495807,2.800245258070064,1.7767615581605485,0.2648749525471626,1.39688458044873,-2.287129902501429,-0.3105429695043285
12.0,106.0,1004.234375,-3.45914513456906,-4.7253853526387655,-1.4363178282239255,2.1334699404495807,2.800245258070064,1.7767197600788929,0.2648749549744546,1.396884577455889,-2.28712900053075,-0.3105429689913911
12.0,106.0,1004.234375,-3.4591548760632014,-4.725322582740667,-1.436315767613629,2.1334699404495807,2.800227989261424,1.7767190975075906,0.2648749599429472,1.3968828057485534,-2.2870491172483343,-0.310543002290762
12.0,106.0,1004.234375,-3.459148390922298,-4.725386901721739,-1.4363152931674683,2.1334699404495807,2.800245258070064,1.7767616053395463,0.2648749525937615,1.39688458044873,-2.287129902501429,-0.3105429695043285
12.0,106.0,1004.2344360351562,-3.459148385420216,-4.725394009166017,-1.4363156852417045,2.1334699404495807,2.800241966291414,1.7767630480834673,0.2648749546747422,1.3968849404174664,-2.2923454127714784,-0.3105429967853162
12.0,106.0,1004.2344360351562,-3.459148385420216,-4.725394009166017,-1.4363157782291232,2.1334699404495807,2.800241886033451,1.7767630480834673,0.2648749546747422,1.3968849404174664,-2.2923454127714784,-0.3105429967853162
12.0,106.0,1004.2344360351562,-3.45914513456906,-4.7253853526387655,-1.436315301768477,2.1334699404495807,2.800245258070064,1.7767605074584216,0.2648749546831256,1.396884569939716,-2.28712900053075,-0.3105429689913911
12.0,106.0,1004.2344360351562,-3.459148385420216,-4.725393868534123,-1.4363157772208504,2.1334699404495807,2.800241886033451,1.7767630480834673,0.2648749546747422,1.3968849147163689,-2.2923454127714784,-0.3105429961744719
12.0,106.0,1004.2344360351562,-3.459148385420216,-4.725394009166017,-1.4363156852417045,2.1334699404495807,2.800241966291414,1.7767630480834673,0.2648749546747422,1.3968849404174664,-2.2923454127714784,-0.3105429967853162
12.0,106.0,1004.2344360351562,-3.459148385420216,-4.725394009166017,-1.4363156852417045,2.1334699404495807,2.800241966291414,1.7767630480834673,0.2648749546747422,1.3968849404174664,-2.2923454127714784,-0.3105429967853162
12.0,106.0,1004.2344360351562,-3.45914513456906,-4.7253853526387655,-1.4363153018216597,2.1334699404495807,2.800245258070064,1.7767605074584216,0.2648749546831256,1.396884569689338,-2.28712900053075,-0.3105429689913911
12.0,106.0,1004.2344360351562,-3.4591549039551173,-4.725394342307608,-1.436315316289699,2.1334699404495807,2.800244592329072,1.7767715016877323,0.2648749546746198,1.3968849404048524,-2.2923750710962776,-0.3105429969408213
12.0,106.0,1004.2344970703124,-3.4591548760632014,-4.725395548104885,-1.4363178521102282,2.1334699404495807,2.800227989261424,1.7767190975075906,0.2648749600821662,1.3968826093515163,-2.2870491172483343,-0.310543001848626
12.0,106.0,1004.2344970703124,-3.4591548760632014,-4.725395548104885,-1.4363178521102282,2.1334699404495807,2.800227989261424,1.7767190975075906,0.2648749600821662,1.3968826093515163,-2.2870491172483343,-0.310543001848626
12.0,106.0,1004.2345581054688,-3.4591544900402864,-4.725329520256516,-1.4363176992116609,2.1334699404495807,2.8002464639919413,1.7767269661211107,0.2648749261082188,1.3968834520012323,-2.286971933891042,-0.3105429671369625
12.0,106.0,1004.2345581054688,-3.459148391651138,-4.72538532255869,-1.4363153174383387,2.1334699404495807,2.800244575738764,1.7767715016877323,0.2648749546883626,1.3968849406088717,-2.2923685763079167,-0.3105429689846692
12.0,106.0,1004.2345581054688,-3.4591544900402864,-4.725327526774187,-1.4363157757353036,2.1334699404495807,2.800246533661205,1.7767269661211107,0.2648749261082188,1.3968834520012323,-2.286971883106825,-0.3105429671369625
12.0,106.0,1004.2345581054688,-3.4591555418661075,-4.725327526774187,-1.4363157762716088,2.1334699404495807,2.800245020793008,1.7767297978728251,0.2648749225364977,1.3968832607602537,-2.286971886315409,-0.3105430029372565
12.0,106.0,1004.2345581054688,-3.4591549039551173,-4.72538532255869,-1.436315316289699,2.1334699404495807,2.800244592329072,1.7767715016877323,0.2648749546883626,1.3968849406088717,-2.287031761369177,-0.3105429689846692
12.0,106.0,1004.2345581054688,-3.459148385314867,-4.725393511443016,-1.4363153174383387,2.1334699404495807,2.800244575738764,1.7767715016877323,0.2648749546883626,1.3968849406088717,-2.2923678659473423,-0.3105429689846692
12.0,106.0,1004.2345581054688,-3.4591548760632014,-4.725395548104885,-1.4363153256547798,2.1334699404495807,2.800227989261424,1.7767598448871194,0.2648749597908371,1.3968826018353435,-2.2870491172483343,-0.310543001848626
12.0,106.0,1004.2345581054688,-3.4591544900402864,-4.725329520256516,-1.4363176992116609,2.1334699404495807,2.8002443681672293,1.7767179209831625,0.2648749261082188,1.3968833909429383,-2.286971933891042,-0.3105429671369625
12.0,106.0,1004.234619140625,-3.459154969401148,-4.725327679102391,-1.4363157124399066,2.1334699404495807,2.800244287406627,1.7767615703418125,0.2648749535470822,1.3968828741424235,-2.286971881799891,-0.3105430022850262
12.0,106.0,1004.234619140625,-3.459154969401148,-4.725386900875073,-1.4363157124399066,2.1334699404495807,2.800244287406627,1.776718078695544,0.2648749525030391,1.3968827803638597,-2.2869718836780355,-0.3105430022850262
12.0,106.0,1004.234619140625,-3.4591549029855497,-4.725391188173984,-1.4363176992116609,2.1334699404495807,2.8002464639919413,1.776718572548705,0.2648749258341291,1.3968850799649366,-2.2869724840295635,-0.3105429671369625
12.0,106.0,1004.234619140625,-3.459154969401148,-4.725386900875073,-1.4363157124399066,2.1334699404495807,2.800244287406627,1.776718078695544,0.2648749525030391,1.3968827803638597,-2.2869718836780355,-0.3105430022850262
12.0,106.0,1004.234619140625,-3.459154967313546,-4.725393904952911,-1.4363157176926349,2.1334699404495807,2.800244287406627,1.7767264751457756,0.2648749524899425,1.3968828741424235,-2.2869725553377265,-0.310543005192946
12.0,106.0,1004.234619140625,-3.459154969401148,-4.725323764518822,-1.4363157098596968,2.1334699404495807,2.800244287406627,1.7767615703418125,0.2648749535470822,1.3968828060685972,-2.286971881799891,-0.3105430022850262
12.0,106.0,1004.234619140625,-3.4591549029855497,-4.725391188173984,-1.4363176992116609,2.1334699404495807,2.800246423985747,1.776718572548705,0.2648749258341291,1.3968850755040054,-2.2869724840295635,-0.310542967127651
12.0,106.0,1004.234619140625,-3.459154872651656,-4.7253937817607214,-1.4363157179040835,2.1334699404495807,2.8002440960911112,1.776726437228372,0.2648749523716107,1.3968829845386814,-2.286973169980358,-0.3105430046347792
12.0,106.0,1004.234619140625,-3.459154967452202,-4.725386900875073,-1.4363157126354362,2.1334699404495807,2.800244287406627,1.7767267477670765,0.2648749525030391,1.3968827803638597,-2.2869718836780355,-0.3105430022850262
12.0,106.0,1004.234619140625,-3.459154969401148,-4.725327679102391,-1.4363157124399066,2.1334699404495807,2.800244287406627,1.7767615703418125,0.2648749535470822,1.3968828741424235,-2.286971881799891,-0.3105430022850262
12.0,107.0,1004.233642578125,-3.459154977343945,-4.72538694425685,-1.4363157126401989,2.1334699404495807,2.800244306462137,1.7767258397982575,0.2648749546205907,1.3968826798797327,-2.287316987395179,-0.310542969901159
12.0,107.0,1004.2337036132812,-3.4591548760632014,-4.725387445044383,-1.436315767613629,2.1334699404495807,2.8002454121713645,1.7767147300497068,0.2648749540499497,1.3968828057485534,-2.287290082932888,-0.3105429979842811
12.0,107.0,1004.2337646484376,-3.459154977343945,-4.725385286645638,-1.4363157124399066,2.1334699404495807,2.800245028510037,1.7767709688904254,0.2648749546205907,1.3968849151847724,-2.287316987395179,-0.310542969901159
12.0,107.0,1004.2337646484376,-3.459154977343945,-4.725385286645638,-1.4363157124399066,2.1334699404495807,2.800245028510037,1.7767709688904254,0.2648749546205907,1.3968849151847724,-2.287316987395179,-0.310542969901159
12.0,107.0,1004.2337646484376,-3.459154970703202,-4.725384461625974,-1.4363157124399066,2.1334699404495807,2.800244287406627,1.7767618773286449,0.2648749546225689,1.3968828451524804,-2.287318260711505,-0.3105430022850262
12.0,107.0,1004.2337646484376,-3.4591549774215817,-4.725385286645638,-1.4363157135982054,2.1334699404495807,2.800245028510037,1.776760503084714,0.2648749546205907,1.3968849151847724,-2.287316987395179,-0.310542969901159
12.0,107.0,1004.2337646484376,-3.4591548760632014,-4.725324887494882,-1.436315767613629,2.1334699404495807,2.8002271112494954,1.7767184434026313,0.2648749599429472,1.3968828057485534,-2.287281655267585,-0.3105429968290842
12.0,107.0,1004.2337646484376,-3.459154977343945,-4.725385286645638,-1.4363157124399066,2.1334699404495807,2.800245028510037,1.7767709688904254,0.2648749546205907,1.3968849151847724,-2.287316987395179,-0.3105430020279487
12.0,107.0,1004.2337646484376,-3.459154970703202,-4.7253843804651,-1.4363157124577697,2.1334699404495807,2.800244287406627,1.7767615865443265,0.2648749546225689,1.3968828451524804,-2.287318260711505,-0.3105430022850262
12.0,107.0,1004.2338256835938,-3.459148391651138,-4.72538532255869,-1.436315754564528,2.1334699404495807,2.800244575738764,1.776770944779302,0.2648749546883626,1.3968849136951234,-2.292096639311286,-0.3105429689846692
12.0,107.0,1004.2338256835938,-3.45914808648974,-4.7253853526387655,-1.4363179327546238,2.1334699404495807,2.800245258070064,1.7767197600788929,0.2648749550280668,1.396884577455889,-2.2873138312330887,-0.3105429959278775
12.0,107.0,1004.23388671875,-3.45914814304637,-4.725395562410163,-1.4363157124399066,2.1334699404495807,2.8002278048526987,1.7767160198590208,0.2648749601369129,1.396884836554687,-2.287316987395179,-0.3105429964518148
12.0,107.0,1004.23388671875,-3.45914814304637,-4.725394999932137,-1.4363157124399066,2.1334699404495807,2.8002278048526987,1.77671806124031,0.2648749547783619,1.396884836554687,-2.287316987395179,-0.3105429971728013
12.0,107.0,1004.23388671875,-3.4591453810661688,-4.7253853526387655,-1.436315301768477,2.1334699404495807,2.800245258070064,1.776719542710075,0.2648749546831256,1.3968845427449552,-2.2873050385476,-0.3105429715604039
12.0,107.0,1004.23388671875,-3.4591548760632014,-4.725322582740667,-1.4363157771457538,2.1334699404495807,2.800227989261424,1.7767190975075906,0.2648749599429472,1.396882760193932,-2.292307993376466,-0.310543002290762
12.0,107.0,1004.2339477539062,-3.45914815410515,-4.725385286645638,-1.4363157124399066,2.1334699404495807,2.8002418353525127,1.7767716049663846,0.2648749546205907,1.3968849414962674,-2.287316987395179,-0.3105429964518148
12.0,107.0,1004.2339477539062,-3.4591481389231062,-4.725403978377339,-1.4363178974207076,2.1334699404495807,2.800227494860299,1.776760059493633,0.2648749546753256,1.3968826603438154,-2.292109002468051,-0.3105429942163034
12.0,107.0,1004.2339477539062,-3.45914815410515,-4.725385286645638,-1.4363157124312624,2.1334699404495807,2.800245017811573,1.7767716049663846,0.2648749546205907,1.3968849414962674,-2.287316987395179,-0.3105429707858324
12.0,107.0,1004.234130859375,-3.459154969401148,-4.725386900875073,-1.436315713588546,2.1334699404495807,2.800244270816319,1.7767615703418125,0.2648749524899425,1.3968828741424235,-2.292308698616775,-0.3105430022850262
12.0,107.0,1004.234130859375,-3.459155016641103,-4.725386900875073,-1.436315715987003,2.1334699404495807,2.800244271194019,1.7767615703418125,0.2648749524899425,1.3968828741424235,-2.292308698616775,-0.3105430037925136
12.0,107.0,1004.234130859375,-3.459148385420216,-4.725403978377339,-1.4363178974207076,2.1334699404495807,2.800227494860299,1.7767190947452864,0.2648749546753256,1.3968826331490547,-2.2922850404849004,-0.3105429967853162
12.0,107.0,1004.234130859375,-3.459154969401148,-4.725388232666501,-1.436315713588546,2.1334699404495807,2.800244270099977,1.7767615703418125,0.2648749524899425,1.396883407278552,-2.292308698616775,-0.3105430022850262
12.0,107.0,1004.2341918945312,-3.459148385420216,-4.725394009166017,-1.4363178974207076,2.1334699404495807,2.800241966291414,1.7767190947452864,0.2648749546753256,1.3968849404174664,-2.2923454127714784,-0.3105429967853162
12.0,107.0,1004.2341918945312,-3.4591548760632014,-4.725312613529344,-1.436315767613629,2.1334699404495807,2.80024246069254,1.7767190975075906,0.2648749599429472,1.3968851130169648,-2.287109489534912,-0.310543002290762
12.0,107.0,1004.2341918945312,-3.459148385420216,-4.725394009166017,-1.4363179306866227,2.1334699404495807,2.800241966291414,1.7767190947452864,0.2648749546753256,1.3968849404174664,-2.2923454127714784,-0.3105429967853162
12.0,107.0,1004.2343139648438,-3.4591480874157745,-4.725385325062505,-1.4363153174383387,2.1334699404495807,2.800244575738764,1.7767711182193362,0.2648749551307998,1.3968849406088717,-2.287166496739949,-0.3105429689846692
12.0,107.0,1004.2343139648438,-3.4591480874157745,-4.725385325062505,-1.4363153188672904,2.1334699404495807,2.800244575738764,1.776771319713235,0.2648749546989071,1.3968845906133522,-2.2871662481098625,-0.3105429689912597
12.0,107.0,1004.2343139648438,-3.4591480401758194,-4.725385325062505,-1.4363153150398815,2.1334699404495807,2.8002445753610634,1.7767711182193362,0.2648749551307998,1.3968849406088717,-2.287166496739949,-0.3105429674771818
12.0,107.0,1004.2343139648438,-3.459148178301412,-4.725393511443016,-1.4363153174383387,2.1334699404495807,2.8002445718021463,1.7767732007032844,0.2648749546883626,1.3968848681800543,-2.292283756034846,-0.3105429689846692
12.0,107.0,1004.2343139648438,-3.459148364408063,-4.725394448114314,-1.4363157782291232,2.1334699404495807,2.8002420058141104,1.7767630480834673,0.2648749546981305,1.3968849404160837,-2.2923006614633503,-0.3105429969054336
12.0,107.0,1004.2343139648438,-3.459147949711616,-4.725385286645638,-1.4363157124399066,2.1334699404495807,2.800245028510037,1.7767713156408136,0.2648749546205907,1.3968849151847724,-2.287163674885629,-0.310542969901159
12.0,107.0,1004.234375,-3.4591484579942944,-4.7253853526387655,-1.4363152931674683,2.1334699404495807,2.800245258070064,1.7767605074584216,0.2648749546831256,1.39688458044873,-2.28712900053075,-0.3105429689913911
12.0,107.0,1004.234375,-3.459148390922298,-4.725386901721739,-1.4363152931674683,2.1334699404495807,2.800245258070064,1.7767615581605485,0.2648749525471626,1.39688458044873,-2.287129902501429,-0.3105429695043285
12.0,107.0,1004.234375,-3.45914513456906,-4.7253853526387655,-1.4363178282239255,2.1334699404495807,2.800245258070064,1.7767197600788929,0.2648749549744546,1.396884577455889,-2.28712900053075,-0.3105429689913911
12.0,107.0,1004.234375,-3.4591548760632014,-4.725322582740667,-1.436315767613629,2.1334699404495807,2.800227989261424,1.7767190975075906,0.2648749599429472,1.3968828057485534,-2.2870491172483343,-0.310543002290762
12.0,107.0,1004.234375,-3.459148390922298,-4.725386901721739,-1.4363152931674683,2.1334699404495807,2.800245258070064,1.7767616053395463,0.2648749525937615,1.39688458044873,-2.287129902501429,-0.3105429695043285
12.0,107.0,1004.2344360351562,-3.459148385420216,-4.725394009166017,-1.4363156852417045,2.1334699404495807,2.800241966291414,1.7767630480834673,0.2648749546747422,1.3968849404174664,-2.2923454127714784,-0.3105429967853162
12.0,107.0,1004.2344360351562,-3.459148385420216,-4.725394009166017,-1.4363157782291232,2.1334699404495807,2.800241886033451,1.7767630480834673,0.2648749546747422,1.3968849404174664,-2.2923454127714784,-0.3105429967853162
12.0,107.0,1004.2344360351562,-3.45914513456906,-4.7253853526387655,-1.436315301768477,2.1334699404495807,2.800245258070064,1.7767605074584216,0.2648749546831256,1.396884569939716,-2.28712900053075,-0.3105429689913911
12.0,107.0,1004.2344360351562,-3.459148385420216,-4.725393868534123,-1.4363157772208504,2.1334699404495807,2.800241886033451,1.7767630480834673,0.2648749546747422,1.3968849147163689,-2.2923454127714784,-0.3105429961744719
12.0,107.0,1004.2344360351562,-3.459148385420216,-4.725394009166017,-1.4363156852417045,2.1334699404495807,2.800241966291414,1.7767630480834673,0.2648749546747422,1.3968849404174664,-2.2923454127714784,-0.3105429967853162
12.0,107.0,1004.2344360351562,-3.459148385420216,-4.725394009166017,-1.4363156852417045,2.1334699404495807,2.800241966291414,1.7767630480834673,0.2648749546747422,1.3968849404174664,-2.2923454127714784,-0.3105429967853162
12.0,107.0,1004.2344360351562,-3.45914513456906,-4.7253853526387655,-1.4363153018216597,2.1334699404495807,2.800245258070064,1.7767605074584216,0.2648749546831256,1.396884569689338,-2.28712900053075,-0.3105429689913911
12.0,107.0,1004.2344360351562,-3.4591549039551173,-4.725394342307608,-1.436315316289699,2.1334699404495807,2.800244592329072,1.7767715016877323,0.2648749546746198,1.3968849404048524,-2.2923750710962776,-0.3105429969408213
12.0,107.0,1004.2344360351562,-3.459148391003483,-4.725386880838955,-1.4363157772208504,2.1334699404495807,2.800245194863386,1.7767614606513116,0.2648749546907179,1.3968849147163689,-2.2923454127714784,-0.3105429961744719
12.0,107.0,1004.2344970703124,-3.4591548760632014,-4.725395548104885,-1.4363178521102282,2.1334699404495807,2.800227989261424,1.7767190975075906,0.2648749600821662,1.3968826093515163,-2.2870491172483343,-0.310543001848626
12.0,107.0,1004.2344970703124,-3.4591548760632014,-4.725395548104885,-1.4363178521102282,2.1334699404495807,2.800227989261424,1.7767190975075906,0.2648749600821662,1.3968826093515163,-2.2870491172483343,-0.310543001848626
12.0,107.0,1004.2345581054688,-3.4591544900402864,-4.725329520256516,-1.4363176992116609,2.1334699404495807,2.8002464639919413,1.7767269661211107,0.2648749261082188,1.3968834520012323,-2.286971933891042,-0.3105429671369625
12.0,107.0,1004.2345581054688,-3.459148391651138,-4.72538532255869,-1.4363153174383387,2.1334699404495807,2.800244575738764,1.7767715016877323,0.2648749546883626,1.3968849406088717,-2.2923685763079167,-0.3105429689846692
12.0,107.0,1004.2345581054688,-3.4591544900402864,-4.725327526774187,-1.4363157757353036,2.1334699404495807,2.800246533661205,1.7767269661211107,0.2648749261082188,1.3968834520012323,-2.286971883106825,-0.3105429671369625
12.0,108.0,1004.2335205078124,-3.459154969401148,-4.725387439984571,-1.436315713588546,2.1334699404495807,2.800244270099977,1.7767615703418125,0.2648749524899425,1.396883407278552,-2.28740327648575,-0.3105430022850262
12.0,108.0,1004.2335205078124,-3.459148364408063,-4.725385204640755,-1.4363157127070767,2.1334699404495807,2.8002450435405657,1.776770874984698,0.2648749546981305,1.3968849404160837,-2.287483995605523,-0.3105429969054336
12.0,108.0,1004.2335815429688,-3.459148323284031,-4.7253853526387655,-1.4363158814646728,2.1334699404495807,2.800245258070064,1.7767218133105067,0.2648749550280668,1.3968846101737509,-2.287389682319447,-0.3105429959278775
12.0,108.0,1004.2335815429688,-3.45914513456906,-4.7253853526387655,-1.4363178282239255,2.1334699404495807,2.800245258070064,1.776718950390726,0.2648749546921456,1.3968845788675062,-2.292081293320753,-0.3105429689921429
12.0,108.0,1004.2335815429688,-3.4591548760632014,-4.725388237726312,-1.436315767613629,2.1334699404495807,2.8002454121713645,1.7767147300497068,0.2648749540499497,1.3968828057485534,-2.292195505063913,-0.3105429979842811
12.0,108.0,1004.233642578125,-3.459154977343945,-4.72538694425685,-1.4363157126401989,2.1334699404495807,2.800244306462137,1.7767258397982575,0.2648749546205907,1.3968826798797327,-2.287316987395179,-0.310542969901159
12.0,108.0,1004.233642578125,-3.459154977343945,-4.72538694425685,-1.4363157126401989,2.1334699404495807,2.800244306462137,1.7767258397982575,0.2648749546205907,1.3968826798797327,-2.287316987395179,-0.310542969901159
12.0,108.0,1004.2337036132812,-3.4591548760632014,-4.725387445044383,-1.436315767613629,2.1334699404495807,2.8002454121713645,1.7767147300497068,0.2648749540499497,1.3968828057485534,-2.287290082932888,-0.3105429979842811
12.0,108.0,1004.2337646484376,-3.459154977343945,-4.725385286645638,-1.4363157124399066,2.1334699404495807,2.800245028510037,1.7767709688904254,0.2648749546205907,1.3968849151847724,-2.287316987395179,-0.310542969901159
12.0,108.0,1004.2337646484376,-3.459154977343945,-4.725385286645638,-1.4363157124399066,2.1334699404495807,2.800245028510037,1.7767709688904254,0.2648749546205907,1.3968849151847724,-2.287316987395179,-0.310542969901159
12.0,108.0,1004.2337646484376,-3.459154970703202,-4.725384461625974,-1.4363157124399066,2.1334699404495807,2.800244287406627,1.7767618773286449,0.2648749546225689,1.3968828451524804,-2.287318260711505,-0.3105430022850262
12.0,108.0,1004.2337646484376,-3.4591549774215817,-4.725385286645638,-1.4363157135982054,2.1334699404495807,2.800245028510037,1.776760503084714,0.2648749546205907,1.3968849151847724,-2.287316987395179,-0.310542969901159
12.0,108.0,1004.2337646484376,-3.4591548760632014,-4.725324887494882,-1.436315767613629,2.1334699404495807,2.8002271112494954,1.7767184434026313,0.2648749599429472,1.3968828057485534,-2.287281655267585,-0.3105429968290842
12.0,108.0,1004.2337646484376,-3.459154977343945,-4.725385286645638,-1.4363157124399066,2.1334699404495807,2.800245028510037,1.7767709688904254,0.2648749546205907,1.3968849151847724,-2.287316987395179,-0.3105430020279487
12.0,108.0,1004.2337646484376,-3.459154970703202,-4.7253843804651,-1.4363157124577697,2.1334699404495807,2.800244287406627,1.7767615865443265,0.2648749546225689,1.3968828451524804,-2.287318260711505,-0.3105430022850262
12.0,108.0,1004.2337646484376,-3.459154970703202,-4.725384461625974,-1.4363157124399066,2.1334699404495807,2.800244287406627,1.7767618773286449,0.2648749546225689,1.3968828451524804,-2.287318260711505,-0.3105430022850262
12.0,108.0,1004.2337646484376,-3.4591549774215817,-4.725385286645638,-1.4363157135982054,2.1334699404495807,2.800245028510037,1.776760503084714,0.2648749546205907,1.3968849151847724,-2.287316987395179,-0.310542969901159
12.0,108.0,1004.2337646484376,-3.459154977343945,-4.725385286645638,-1.4363157124399066,2.1334699404495807,2.800245028510037,1.7767709688904254,0.2648749546205907,1.3968849151847724,-2.287316987395179,-0.310542969901159
12.0,108.0,1004.2338256835938,-3.459148391651138,-4.72538532255869,-1.436315754564528,2.1334699404495807,2.800244575738764,1.776770944779302,0.2648749546883626,1.3968849136951234,-2.292096639311286,-0.3105429689846692
12.0,108.0,1004.2338256835938,-3.45914808648974,-4.7253853526387655,-1.4363179327546238,2.1334699404495807,2.800245258070064,1.7767197600788929,0.2648749550280668,1.396884577455889,-2.2873138312330887,-0.3105429959278775
12.0,108.0,1004.2338256835938,-3.45914814304637,-4.725384396486031,-1.4363157124399066,2.1334699404495807,2.800227663824542,1.776719090756338,0.2648749547783619,1.3968827029243185,-2.287316987395179,-0.3105429971728013
12.0,108.0,1004.2338256835938,-3.4591483853886342,-4.725385117539129,-1.436315754564528,2.1334699404495807,2.800244575738764,1.7767729148314797,0.2648749546890925,1.3968849136951234,-2.292096639311286,-0.3105429679459252
12.0,108.0,1004.2338256835938,-3.45914804338127,-4.725394009166017,-1.4363152907674712,2.1334699404495807,2.800241966291414,1.7767190947452864,0.2648749551183531,1.3968849404174664,-2.287316257601617,-0.3105429967853162
12.0,108.0,1004.23388671875,-3.45914814304637,-4.725395562410163,-1.4363157124399066,2.1334699404495807,2.8002278048526987,1.7767160198590208,0.2648749601369129,1.396884836554687,-2.287316987395179,-0.3105429964518148
12.0,108.0,1004.23388671875,-3.45914814304637,-4.725394999932137,-1.4363157124399066,2.1334699404495807,2.8002278048526987,1.77671806124031,0.2648749547783619,1.396884836554687,-2.287316987395179,-0.3105429971728013
12.0,108.0,1004.23388671875,-3.4591453810661688,-4.7253853526387655,-1.436315301768477,2.1334699404495807,2.800245258070064,1.776719542710075,0.2648749546831256,1.3968845427449552,-2.2873050385476,-0.3105429715604039
12.0,108.0,1004.23388671875,-3.4591548760632014,-4.725322582740667,-1.4363157771457538,2.1334699404495807,2.800227989261424,1.7767190975075906,0.2648749599429472,1.396882760193932,-2.292307993376466,-0.310543002290762
12.0,108.0,1004.23388671875,-3.45914814304637,-4.725395562410163,-1.4363157124399066,2.1334699404495807,2.8002278048526987,1.7767160198590208,0.2648749601369129,1.396884836554687,-2.287316987395179,-0.3105429964518148
12.0,108.0,1004.2339477539062,-3.45914815410515,-4.725385286645638,-1.4363157124399066,2.1334699404495807,2.8002418353525127,1.7767716049663846,0.2648749546205907,1.3968849414962674,-2.287316987395179,-0.3105429964518148
12.0,108.0,1004.2339477539062,-3.4591481389231062,-4.725403978377339,-1.4363178974207076,2.1334699404495807,2.800227494860299,1.776760059493633,0.2648749546753256,1.3968826603438154,-2.292109002468051,-0.3105429942163034
12.0,108.0,1004.2339477539062,-3.45914815410515,-4.725385286645638,-1.4363157124312624,2.1334699404495807,2.800245017811573,1.7767716049663846,0.2648749546205907,1.3968849414962674,-2.287316987395179,-0.3105429707858324
12.0,108.0,1004.2339477539062,-3.459148390922298,-4.725386901721739,-1.4363157203653572,2.1334699404495807,2.8002450276735043,1.7767605287393349,0.2648749526486144,1.39688458044873,-2.287299213502659,-0.3105429695043285
12.0,108.0,1004.2339477539062,-3.4591481389231062,-4.725403978377339,-1.4363178974207076,2.1334699404495807,2.800227494860299,1.776760059493633,0.2648749546753256,1.3968826603438154,-2.292109002468051,-0.3105429942163034
12.0,108.0,1004.2339477539062,-3.4591481312807195,-4.725385286645638,-1.4363157124399066,2.1334699404495807,2.800245009904613,1.7767716007411365,0.2648749546205907,1.3968849151847724,-2.287316987395179,-0.3105429963297787
12.0,108.0,1004.234130859375,-3.459154969401148,-4.725386900875073,-1.436315713588546,2.1334699404495807,2.800244270816319,1.7767615703418125,0.2648749524899425,1.3968828741424235,-2.292308698616775,-0.3105430022850262
12.0,108.0,1004.234130859375,-3.459155016641103,-4.725386900875073,-1.436315715987003,2.1334699404495807,2.800244271194019,1.7767615703418125,0.2648749524899425,1.3968828741424235,-2.292308698616775,-0.3105430037925136
12.0,108.0,1004.234130859375,-3.459148385420216,-4.725403978377339,-1.4363178974207076,2.1334699404495807,2.800227494860299,1.7767190947452864,0.2648749546753256,1.3968826331490547,-2.2922850404849004,-0.3105429967853162
12.0,108.0,1004.234130859375,-3.459154969401148,-4.725388232666501,-1.436315713588546,2.1334699404495807,2.800244270099977,1.7767615703418125,0.2648749524899425,1.396883407278552,-2.292308698616775,-0.3105430022850262
12.0,108.0,1004.234130859375,-3.459155016641103,-4.725386865772118,-1.436315715987003,2.1334699404495807,2.800244316318628,1.7767609782651863,0.2648749524899425,1.3968828581500976,-2.292308698616775,-0.3105430022148252
12.0,108.0,1004.2341918945312,-3.459148385420216,-4.725394009166017,-1.4363178974207076,2.1334699404495807,2.800241966291414,1.7767190947452864,0.2648749546753256,1.3968849404174664,-2.2923454127714784,-0.3105429967853162
12.0,108.0,1004.2341918945312,-3.4591548760632014,-4.725312613529344,-1.436315767613629,2.1334699404495807,2.80024246069254,1.7767190975075906,0.2648749599429472,1.3968851130169648,-2.287109489534912,-0.310543002290762
12.0,108.0,1004.2341918945312,-3.459148385420216,-4.725394009166017,-1.4363179306866227,2.1334699404495807,2.800241966291414,1.7767190947452864,0.2648749546753256,1.3968849404174664,-2.2923454127714784,-0.3105429967853162
12.0,108.0,1004.2342529296876,-3.459155033882228,-4.725386900875073,-1.436315713588546,2.1334699404495807,2.800227576847989,1.7767615703418125,0.2648749546845296,1.3968826408869182,-2.292308698616775,-0.3105430023668155
12.0,108.0,1004.2343139648438,-3.4591480874157745,-4.725385325062505,-1.4363153174383387,2.1334699404495807,2.800244575738764,1.7767711182193362,0.2648749551307998,1.3968849406088717,-2.287166496739949,-0.3105429689846692
12.0,108.0,1004.2343139648438,-3.4591480874157745,-4.725385325062505,-1.4363153188672904,2.1334699404495807,2.800244575738764,1.776771319713235,0.2648749546989071,1.3968845906133522,-2.2871662481098625,-0.3105429689912597
12.0,108.0,1004.2343139648438,-3.4591480401758194,-4.725385325062505,-1.4363153150398815,2.1334699404495807,2.8002445753610634,1.7767711182193362,0.2648749551307998,1.3968849406088717,-2.287166496739949,-0.3105429674771818
12.0,108.0,1004.2343139648438,-3.459148178301412,-4.725393511443016,-1.4363153174383387,2.1334699404495807,2.8002445718021463,1.7767732007032844,0.2648749546883626,1.3968848681800543,-2.292283756034846,-0.3105429689846692
12.0,108.0,1004.2343139648438,-3.459148364408063,-4.725394448114314,-1.4363157782291232,2.1334699404495807,2.8002420058141104,1.7767630480834673,0.2648749546981305,1.3968849404160837,-2.2923006614633503,-0.3105429969054336
12.0,108.0,1004.2343139648438,-3.459147949711616,-4.725385286645638,-1.4363157124399066,2.1334699404495807,2.800245028510037,1.7767713156408136,0.2648749546205907,1.3968849151847724,-2.287163674885629,-0.310542969901159
12.0,108.0,1004.2343139648438,-3.4591480874157745,-4.725385325062505,-1.4363153188672904,2.1334699404495807,2.800244575738764,1.776771319713235,0.2648749546989071,1.3968845906133522,-2.2871662481098625,-0.3105429689912597
12.0,109.0,1004.232666015625,-3.45914814304637,-4.725395608035215,-1.4363157124399066,2.1334699404495807,2.8002278048526987,1.7767159939938642,0.2648749601369129,1.396884836554687,-2.2916899636253047,-0.3105429967861609
12.0,109.0,1004.2329711914062,-3.459148277193341,-4.725385286645638,-1.436315797325925,2.1334699404495807,2.800245148129584,1.7767709688904254,0.2648749546205907,1.3968846914337916,-2.2877266671723087,-0.3105429967963101
12.0,109.0,1004.2330322265624,-3.4591548760632014,-4.725324887494882,-1.4363157683274923,2.1334699404495807,2.8002271112494954,1.7767188216154848,0.2648749599429472,1.3968828057485534,-2.291983334149911,-0.3105429968290842
12.0,109.0,1004.2330322265624,-3.4591483880256257,-4.725385117539129,-1.436315754564528,2.1334699404495807,2.800244575738764,1.7767729148314797,0.2648749546201848,1.3968849136951234,-2.291754131120685,-0.3105429679459252
12.0,109.0,1004.2330932617188,-3.4591481286437284,-4.725385286645638,-1.4363157124399066,2.1334699404495807,2.800245009904613,1.7767716007411365,0.2648749546894984,1.3968849151847724,-2.28765949558578,-0.3105429963297787
12.0,109.0,1004.2334594726562,-3.459154970703202,-4.72538435775181,-1.4363157124577697,2.1334699404495807,2.80024524338436,1.776762114252755,0.2648749546920725,1.3968828451524804,-2.2874334325378864,-0.3105430022850262
12.0,109.0,1004.2335205078124,-3.459154969401148,-4.725387439984571,-1.436315713588546,2.1334699404495807,2.800244270099977,1.7767615703418125,0.2648749524899425,1.396883407278552,-2.28740327648575,-0.3105430022850262
12.0,109.0,1004.2335205078124,-3.459148364408063,-4.725385204640755,-1.4363157127070767,2.1334699404495807,2.8002450435405657,1.776770874984698,0.2648749546981305,1.3968849404160837,-2.287483995605523,-0.3105429969054336
12.0,109.0,1004.2335205078124,-3.459154969401148,-4.725395464642255,-1.436315713588546,2.1334699404495807,2.800244270099977,1.7767615703418125,0.2648749524899425,1.396883407278552,-2.287402972193126,-0.3105429963219744
12.0,109.0,1004.2335205078124,-3.459148364408063,-4.725385204640755,-1.4363157127070767,2.1334699404495807,2.8002450370010408,1.7767709484149474,0.2648749546981305,1.3968850273030406,-2.287483995605523,-0.3105429969054336
12.0,109.0,1004.2335205078124,-3.459145866942607,-4.72538529010442,-1.4363157124399066,2.1334699404495807,2.8002450277509765,1.7767173637712186,0.2648749546933393,1.3968849183636085,-2.292079200580948,-0.3105429699057668
12.0,109.0,1004.2335815429688,-3.459148323284031,-4.7253853526387655,-1.4363158814646728,2.1334699404495807,2.800245258070064,1.7767218133105067,0.2648749550280668,1.3968846101737509,-2.287389682319447,-0.3105429959278775
12.0,109.0,1004.2335815429688,-3.45914513456906,-4.7253853526387655,-1.4363178282239255,2.1334699404495807,2.800245258070064,1.776718950390726,0.2648749546921456,1.3968845788675062,-2.292081293320753,-0.3105429689921429
12.0,109.0,1004.2335815429688,-3.4591548760632014,-4.725388237726312,-1.436315767613629,2.1334699404495807,2.8002454121713645,1.7767147300497068,0.2648749540499497,1.3968828057485534,-2.292195505063913,-0.3105429979842811
12.0,109.0,1004.2335815429688,-3.459148323284031,-4.7253853526387655,-1.4363158814646728,2.1334699404495807,2.800245258070064,1.7767218133105067,0.2648749550280668,1.3968846101737509,-2.287389682319447,-0.3105429959278775
12.0,109.0,1004.233642578125,-3.459154977343945,-4.72538694425685,-1.4363157126401989,2.1334699404495807,2.800244306462137,1.7767258397982575,0.2648749546205907,1.3968826798797327,-2.287316987395179,-0.310542969901159
12.0,109.0,1004.233642578125,-3.459154977343945,-4.72538694425685,-1.4363157126401989,2.1334699404495807,2.800244306462137,1.7767258397982575,0.2648749546205907,1.3968826798797327,-2.287316987395179,-0.310542969901159
12.0,109.0,1004.233642578125,-3.459154977343945,-4.72538694425685,-1.4363157126401989,2.1334699404495807,2.800244306462137,1.7767258397982575,0.2648749546205907,1.3968826798797327,-2.287316987395179,-0.310542969901159
12.0,109.0,1004.2337036132812,-3.4591548760632014,-4.725387445044383,-1.436315767613629,2.1334699404495807,2.8002454121713645,1.7767147300497068,0.2648749540499497,1.3968828057485534,-2.287290082932888,-0.3105429979842811
12.0,109.0,1004.2337036132812,-3.459148391651138,-4.72538532255869,-1.4363157538506643,2.1334699404495807,2.800244575738764,1.7767705665664488,0.2648749546883626,1.3968849136951234,-2.2873949604289607,-0.3105429689846692
12.0,109.0,1004.2337646484376,-3.459154977343945,-4.725385286645638,-1.4363157124399066,2.1334699404495807,2.800245028510037,1.7767709688904254,0.2648749546205907,1.3968849151847724,-2.287316987395179,-0.310542969901159
12.0,109.0,1004.2337646484376,-3.459154977343945,-4.725385286645638,-1.4363157124399066,2.1334699404495807,2.800245028510037,1.7767709688904254,0.2648749546205907,1.3968849151847724,-2.287316987395179,-0.310542969901159
12.0,109.0,1004.2337646484376,-3.459154970703202,-4.725384461625974,-1.4363157124399066,2.1334699404495807,2.800244287406627,1.7767618773286449,0.2648749546225689,1.3968828451524804,-2.287318260711505,-0.3105430022850262
12.0,109.0,1004.2337646484376,-3.4591549774215817,-4.725385286645638,-1.4363157135982054,2.1334699404495807,2.800245028510037,1.776760503084714,0.2648749546205907,1.3968849151847724,-2.287316987395179,-0.310542969901159
12.0,109.0,1004.2337646484376,-3.4591548760632014,-4.725324887494882,-1.436315767613629,2.1334699404495807,2.8002271112494954,1.7767184434026313,0.2648749599429472,1.3968828057485534,-2.287281655267585,-0.3105429968290842
12.0,109.0,1004.2337646484376,-3.459154977343945,-4.725385286645638,-1.4363157124399066,2.1334699404495807,2.800245028510037,1.7767709688904254,0.2648749546205907,1.3968849151847724,-2.287316987395179,-0.3105430020279487
12.0,109.0,1004.2337646484376,-3.459154970703202,-4.7253843804651,-1.4363157124577697,2.1334699404495807,2.800244287406627,1.7767615865443265,0.2648749546225689,1.3968828451524804,-2.287318260711505,-0.3105430022850262
12.0,109.0,1004.2337646484376,-3.459154970703202,-4.725384461625974,-1.4363157124399066,2.1334699404495807,2.800244287406627,1.7767618773286449,0.2648749546225689,1.3968828451524804,-2.287318260711505,-0.3105430022850262
12.0,109.0,1004.2337646484376,-3.4591549774215817,-4.725385286645638,-1.4363157135982054,2.1334699404495807,2.800245028510037,1.776760503084714,0.2648749546205907,1.3968849151847724,-2.287316987395179,-0.310542969901159
12.0,109.0,1004.2337646484376,-3.459154977343945,-4.725385286645638,-1.4363157124399066,2.1334699404495807,2.800245028510037,1.7767709688904254,0.2648749546205907,1.3968849151847724,-2.287316987395179,-0.310542969901159
12.0,109.0,1004.2337646484376,-3.4591549774215817,-4.725385286645638,-1.4363157136733715,2.1334699404495807,2.800245028510037,1.776760636378668,0.2648749546205907,1.3968849151847724,-2.287316987395179,-0.310542969901159
12.0,109.0,1004.2337646484376,-3.4591549774215817,-4.725385286645638,-1.4363157135982054,2.1334699404495807,2.800245028510037,1.776760503084714,0.2648749546205907,1.3968849151847724,-2.287316987395179,-0.310543003360431
12.0,109.0,1004.2338256835938,-3.459148391651138,-4.72538532255869,-1.436315754564528,2.1334699404495807,2.800244575738764,1.776770944779302,0.2648749546883626,1.3968849136951234,-2.292096639311286,-0.3105429689846692
12.0,109.0,1004.2338256835938,-3.45914808648974,-4.7253853526387655,-1.4363179327546238,2.1334699404495807,2.800245258070064,1.7767197600788929,0.2648749550280668,1.396884577455889,-2.2873138312330887,-0.3105429959278775
12.0,109.0,1004.2338256835938,-3.45914814304637,-4.725384396486031,-1.4363157124399066,2.1334699404495807,2.800227663824542,1.776719090756338,0.2648749547783619,1.3968827029243185,-2.287316987395179,-0.3105429971728013
12.0,109.0,1004.2338256835938,-3.4591483853886342,-4.725385117539129,-1.436315754564528,2.1334699404495807,2.800244575738764,1.7767729148314797,0.2648749546890925,1.3968849136951234,-2.292096639311286,-0.3105429679459252
12.0,109.0,1004.2338256835938,-3.45914804338127,-4.725394009166017,-1.4363152907674712,2.1334699404495807,2.800241966291414,1.7767190947452864,0.2648749551183531,1.3968849404174664,-2.287316257601617,-0.3105429967853162
12.0,109.0,1004.2338256835938,-3.459147730383972,-4.725394009166017,-1.4363152907674712,2.1334699404495807,2.800241966291414,1.7767190947452864,0.2648749551183531,1.3968827552536596,-2.2873162656654125,-0.3105429959145251
12.0,109.0,1004.23388671875,-3.45914814304637,-4.725395562410163,-1.4363157124399066,2.1334699404495807,2.8002278048526987,1.7767160198590208,0.2648749601369129,1.396884836554687,-2.287316987395179,-0.3105429964518148
12.0,109.0,1004.23388671875,-3.45914814304637,-4.725394999932137,-1.4363157124399066,2.1334699404495807,2.8002278048526987,1.77671806124031,0.2648749547783619,1.396884836554687,-2.287316987395179,-0.3105429971728013
12.0,109.0,1004.23388671875,-3.4591453810661688,-4.7253853526387655,-1.436315301768477,2.1334699404495807,2.800245258070064,1.776719542710075,0.2648749546831256,1.3968845427449552,-2.2873050385476,-0.3105429715604039
12.0,109.0,1004.23388671875,-3.4591548760632014,-4.725322582740667,-1.4363157771457538,2.1334699404495807,2.800227989261424,1.7767190975075906,0.2648749599429472,1.396882760193932,-2.292307993376466,-0.310543002290762
12.0,109.0,1004.23388671875,-3.45914814304637,-4.725395562410163,-1.4363157124399066,2.1334699404495807,2.8002278048526987,1.7767160198590208,0.2648749601369129,1.396884836554687,-2.287316987395179,-0.3105429964518148
12.0,109.0,1004.2339477539062,-3.45914815410515,-4.725385286645638,-1.4363157124399066,2.1334699404495807,2.8002418353525127,1.7767716049663846,0.2648749546205907,1.3968849414962674,-2.287316987395179,-0.3105429964518148
12.0,109.0,1004.2339477539062,-3.4591481389231062,-4.725403978377339,-1.4363178974207076,2.1334699404495807,2.800227494860299,1.776760059493633,0.2648749546753256,1.3968826603438154,-2.292109002468051,-0.3105429942163034
12.0,109.0,1004.2339477539062,-3.45914815410515,-4.725385286645638,-1.4363157124312624,2.1334699404495807,2.800245017811573,1.7767716049663846,0.2648749546205907,1.3968849414962674,-2.287316987395179,-0.3105429707858324
12.0,109.0,1004.2339477539062,-3.459148390922298,-4.725386901721739,-1.4363157203653572,2.1334699404495807,2.8002450276735043,1.7767605287393349,0.2648749526486144,1.39688458044873,-2.287299213502659,-0.3105429695043285
12.0,109.0,1004.2339477539062,-3.4591481389231062,-4.725403978377339,-1.4363178974207076,2.1334699404495807,2.800227494860299,1.776760059493633,0.2648749546753256,1.3968826603438154,-2.292109002468051,-0.3105429942163034
12.0,109.0,1004.2339477539062,-3.4591481312807195,-4.725385286645638,-1.4363157124399066,2.1334699404495807,2.800245009904613,1.7767716007411365,0.2648749546205907,1.3968849151847724,-2.287316987395179,-0.3105429963297787
12.0,109.0,1004.234130859375,-3.459154969401148,-4.725386900875073,-1.436315713588546,2.1334699404495807,2.800244270816319,1.7767615703418125,0.2648749524899425,1.3968828741424235,-2.292308698616775,-0.3105430022850262
12.0,110.0,1004.2318115234376,-3.4591549774215817,-4.725385286645638,-1.4363157136733715,2.1334699404495807,2.8002276277001696,1.7767162295489922,0.264874954450739,1.3968848343587743,-2.2912913160364234,-0.310542969901159
12.0,110.0,1004.232666015625,-3.45914814304637,-4.725395608035215,-1.4363157124399066,2.1334699404495807,2.8002278048526987,1.7767159939938642,0.2648749601369129,1.396884836554687,-2.2916899636253047,-0.3105429967861609
12.0,110.0,1004.23291015625,-3.459154782053048,-4.725385286645638,-1.4363157606356154,2.1334699404495807,2.800227225601465,1.7767211497948776,0.2648749546894984,1.3968849151847724,-2.28765949558578,-0.3105429968113052
12.0,110.0,1004.2329711914062,-3.459148277193341,-4.725385286645638,-1.436315797325925,2.1334699404495807,2.800245148129584,1.7767709688904254,0.2648749546205907,1.3968846914337916,-2.2877266671723087,-0.3105429967963101
12.0,110.0,1004.2329711914062,-3.4591483232973,-4.725385352023333,-1.4363158753652536,2.1334699404495807,2.800245134158684,1.7767709688904254,0.2648749546205907,1.3968846914337916,-2.287705511473309,-0.3105429967832451
12.0,110.0,1004.2329711914062,-3.45914814304637,-4.725395608035215,-1.4363157124399066,2.1334699404495807,2.800245205662565,1.7767604008235396,0.2648749603067646,1.3968849173806852,-2.28771563498406,-0.3105429967861609
12.0,110.0,1004.2330322265624,-3.4591548760632014,-4.725324887494882,-1.4363157683274923,2.1334699404495807,2.8002271112494954,1.7767188216154848,0.2648749599429472,1.3968828057485534,-2.291983334149911,-0.3105429968290842
12.0,110.0,1004.2330322265624,-3.4591483880256257,-4.725385117539129,-1.436315754564528,2.1334699404495807,2.800244575738764,1.7767729148314797,0.2648749546201848,1.3968849136951234,-2.291754131120685,-0.3105429679459252
12.0,110.0,1004.2330322265624,-3.4591548760632014,-4.725324887494882,-1.4363157683274923,2.1334699404495807,2.8002271112494954,1.7767188216154848,0.2648749599429472,1.3968828057485534,-2.291983334149911,-0.3105429968290842
12.0,110.0,1004.2330932617188,-3.4591481286437284,-4.725385286645638,-1.4363157124399066,2.1334699404495807,2.800245009904613,1.7767716007411365,0.2648749546894984,1.3968849151847724,-2.28765949558578,-0.3105429963297787
12.0,110.0,1004.2334594726562,-3.459154970703202,-4.72538435775181,-1.4363157124577697,2.1334699404495807,2.80024524338436,1.776762114252755,0.2648749546920725,1.3968828451524804,-2.2874334325378864,-0.3105430022850262
12.0,110.0,1004.2334594726562,-3.4591553034040343,-4.72538535247164,-1.4363158814646728,2.1334699404495807,2.800245022492771,1.7767199792139758,0.2648749546356924,1.3968845676813633,-2.2873859559956418,-0.3105429959278775
12.0,110.0,1004.2335205078124,-3.459154969401148,-4.725387439984571,-1.436315713588546,2.1334699404495807,2.800244270099977,1.7767615703418125,0.2648749524899425,1.396883407278552,-2.28740327648575,-0.3105430022850262
12.0,110.0,1004.2335205078124,-3.459148364408063,-4.725385204640755,-1.4363157127070767,2.1334699404495807,2.8002450435405657,1.776770874984698,0.2648749546981305,1.3968849404160837,-2.287483995605523,-0.3105429969054336
12.0,110.0,1004.2335205078124,-3.459154969401148,-4.725395464642255,-1.436315713588546,2.1334699404495807,2.800244270099977,1.7767615703418125,0.2648749524899425,1.396883407278552,-2.287402972193126,-0.3105429963219744
12.0,110.0,1004.2335205078124,-3.459148364408063,-4.725385204640755,-1.4363157127070767,2.1334699404495807,2.8002450370010408,1.7767709484149474,0.2648749546981305,1.3968850273030406,-2.287483995605523,-0.3105429969054336
12.0,110.0,1004.2335205078124,-3.459145866942607,-4.72538529010442,-1.4363157124399066,2.1334699404495807,2.8002450277509765,1.7767173637712186,0.2648749546933393,1.3968849183636085,-2.292079200580948,-0.3105429699057668
12.0,110.0,1004.2335205078124,-3.459145866942607,-4.72538529010442,-1.4363157124399066,2.1334699404495807,2.800245027682185,1.7767173637712186,0.2648749546231306,1.3968849152370415,-2.292079200580948,-0.3105429699057097
12.0,110.0,1004.2335205078124,-3.459148364408063,-4.725385316682892,-1.4363157127070767,2.1334699404495807,2.8002445799584605,1.7767705842909445,0.2648749546880349,1.3968849149971396,-2.287483995605523,-0.3105429965697478
12.0,110.0,1004.2335205078124,-3.459154969401148,-4.725395464642255,-1.436315713588546,2.1334699404495807,2.800244270099977,1.7767615703418125,0.2648749524899425,1.396883407278552,-2.287402972193126,-0.3105429963219744
12.0,110.0,1004.2335205078124,-3.459154969401148,-4.725395464642255,-1.436315713588546,2.1334699404495807,2.800244270099977,1.7767615703418125,0.2648749524899425,1.396883407278552,-2.287402972193126,-0.3105430024125634
12.0,110.0,1004.2335205078124,-3.45914513456906,-4.725385323577761,-1.4363157348962432,2.1334699404495807,2.8002452801848907,1.776718950390726,0.2648749546921472,1.3968845788675062,-2.2874368554432536,-0.3105429689921429
12.0,110.0,1004.2335815429688,-3.459148323284031,-4.7253853526387655,-1.4363158814646728,2.1334699404495807,2.800245258070064,1.7767218133105067,0.2648749550280668,1.3968846101737509,-2.287389682319447,-0.3105429959278775
12.0,110.0,1004.2335815429688,-3.45914513456906,-4.7253853526387655,-1.4363178282239255,2.1334699404495807,2.800245258070064,1.776718950390726,0.2648749546921456,1.3968845788675062,-2.292081293320753,-0.3105429689921429
12.0,110.0,1004.2335815429688,-3.4591548760632014,-4.725388237726312,-1.436315767613629,2.1334699404495807,2.8002454121713645,1.7767147300497068,0.2648749540499497,1.3968828057485534,-2.292195505063913,-0.3105429979842811
12.0,110.0,1004.2335815429688,-3.459148323284031,-4.7253853526387655,-1.4363158814646728,2.1334699404495807,2.800245258070064,1.7767218133105067,0.2648749550280668,1.3968846101737509,-2.287389682319447,-0.3105429959278775
12.0,110.0,1004.233642578125,-3.459154977343945,-4.72538694425685,-1.4363157126401989,2.1334699404495807,2.800244306462137,1.7767258397982575,0.2648749546205907,1.3968826798797327,-2.287316987395179,-0.310542969901159
12.0,110.0,1004.233642578125,-3.459154977343945,-4.72538694425685,-1.4363157126401989,2.1334699404495807,2.800244306462137,1.7767258397982575,0.2648749546205907,1.3968826798797327,-2.287316987395179,-0.310542969901159
12.0,110.0,1004.233642578125,-3.459154977343945,-4.72538694425685,-1.4363157126401989,2.1334699404495807,2.800244306462137,1.7767258397982575,0.2648749546205907,1.3968826798797327,-2.287316987395179,-0.310542969901159
12.0,110.0,1004.233642578125,-3.459148144890263,-4.7253853526387655,-1.4363158814646728,2.1334699404495807,2.800245258070064,1.7767225246459386,0.2648749600795804,1.396884837903252,-2.287389521503125,-0.3105429959278775
12.0,110.0,1004.2337036132812,-3.4591548760632014,-4.725387445044383,-1.436315767613629,2.1334699404495807,2.8002454121713645,1.7767147300497068,0.2648749540499497,1.3968828057485534,-2.287290082932888,-0.3105429979842811
12.0,110.0,1004.2337036132812,-3.459148391651138,-4.72538532255869,-1.4363157538506643,2.1334699404495807,2.800244575738764,1.7767705665664488,0.2648749546883626,1.3968849136951234,-2.2873949604289607,-0.3105429689846692
12.0,110.0,1004.2337036132812,-3.459148391651138,-4.725385351619694,-1.4363178471783469,2.1334699404495807,2.800244553623937,1.7767705665664488,0.264874954688361,1.3968849136951234,-2.2920393983064606,-0.3105429689846692
12.0,110.0,1004.2337646484376,-3.459154977343945,-4.725385286645638,-1.4363157124399066,2.1334699404495807,2.800245028510037,1.7767709688904254,0.2648749546205907,1.3968849151847724,-2.287316987395179,-0.310542969901159
12.0,110.0,1004.2337646484376,-3.459154977343945,-4.725385286645638,-1.4363157124399066,2.1334699404495807,2.800245028510037,1.7767709688904254,0.2648749546205907,1.3968849151847724,-2.287316987395179,-0.310542969901159
12.0,110.0,1004.2337646484376,-3.459154970703202,-4.725384461625974,-1.4363157124399066,2.1334699404495807,2.800244287406627,1.7767618773286449,0.2648749546225689,1.3968828451524804,-2.287318260711505,-0.3105430022850262
12.0,110.0,1004.2337646484376,-3.4591549774215817,-4.725385286645638,-1.4363157135982054,2.1334699404495807,2.800245028510037,1.776760503084714,0.2648749546205907,1.3968849151847724,-2.287316987395179,-0.310542969901159
12.0,110.0,1004.2337646484376,-3.4591548760632014,-4.725324887494882,-1.436315767613629,2.1334699404495807,2.8002271112494954,1.7767184434026313,0.2648749599429472,1.3968828057485534,-2.287281655267585,-0.3105429968290842
12.0,110.0,1004.2337646484376,-3.459154977343945,-4.725385286645638,-1.4363157124399066,2.1334699404495807,2.800245028510037,1.7767709688904254,0.2648749546205907,1.3968849151847724,-2.287316987395179,-0.3105430020279487
12.0,110.0,1004.2337646484376,-3.459154970703202,-4.7253843804651,-1.4363157124577697,2.1334699404495807,2.800244287406627,1.7767615865443265,0.2648749546225689,1.3968828451524804,-2.287318260711505,-0.3105430022850262
12.0,110.0,1004.2337646484376,-3.459154970703202,-4.725384461625974,-1.4363157124399066,2.1334699404495807,2.800244287406627,1.7767618773286449,0.2648749546225689,1.3968828451524804,-2.287318260711505,-0.3105430022850262
12.0,110.0,1004.2337646484376,-3.4591549774215817,-4.725385286645638,-1.4363157135982054,2.1334699404495807,2.800245028510037,1.776760503084714,0.2648749546205907,1.3968849151847724,-2.287316987395179,-0.310542969901159
12.0,110.0,1004.2337646484376,-3.459154977343945,-4.725385286645638,-1.4363157124399066,2.1334699404495807,2.800245028510037,1.7767709688904254,0.2648749546205907,1.3968849151847724,-2.287316987395179,-0.310542969901159
12.0,110.0,1004.2337646484376,-3.4591549774215817,-4.725385286645638,-1.4363157136733715,2.1334699404495807,2.800245028510037,1.776760636378668,0.2648749546205907,1.3968849151847724,-2.287316987395179,-0.310542969901159
12.0,110.0,1004.2337646484376,-3.4591549774215817,-4.725385286645638,-1.4363157135982054,2.1334699404495807,2.800245028510037,1.776760503084714,0.2648749546205907,1.3968849151847724,-2.287316987395179,-0.310543003360431
12.0,110.0,1004.2337646484376,-3.459154840189799,-4.725385286645638,-1.4363157136468858,2.1334699404495807,2.80022780151654,1.776719188993003,0.2648749546559354,1.396884836445656,-2.287316987395179,-0.310542969901159
12.0,110.0,1004.2337646484376,-3.4591549774215817,-4.725385286645638,-1.4363157135942448,2.1334699404495807,2.800245037193347,1.7767602417901036,0.2648749546233309,1.3968849176820128,-2.287316987395179,-0.3105429970665419
12.0,110.0,1004.2337646484376,-3.459154977343945,-4.725385286645638,-1.4363157124399066,2.1334699404495807,2.800245028510037,1.7767621021891191,0.2648749546200179,1.3968849151847724,-2.287316987395179,-0.3105430006894483
12.0,110.0,1004.2337646484376,-3.459154970703202,-4.725384357555172,-1.4363157124577697,2.1334699404495807,2.800244217862376,1.776762114252755,0.2648749546920725,1.3968828451524804,-2.2873153122356413,-0.3105430022850262
12.0,110.0,1004.2338256835938,-3.459148391651138,-4.72538532255869,-1.436315754564528,2.1334699404495807,2.800244575738764,1.776770944779302,0.2648749546883626,1.3968849136951234,-2.292096639311286,-0.3105429689846692
12.0,111.0,1004.2318115234376,-3.4591549774215817,-4.725385286645638,-1.4363157136733715,2.1334699404495807,2.8002276277001696,1.7767162295489922,0.264874954450739,1.3968848343587743,-2.2912913160364234,-0.310542969901159
12.0,111.0,1004.2318115234376,-3.4591549774215817,-4.725385286645638,-1.4363158007142656,2.1334699404495807,2.8002276277001696,1.7767162295489922,0.264874954450739,1.3968848343587743,-2.2912913160364234,-0.3105429696762607
12.0,111.0,1004.232666015625,-3.45914814304637,-4.725395608035215,-1.4363157124399066,2.1334699404495807,2.8002278048526987,1.7767159939938642,0.2648749601369129,1.396884836554687,-2.2916899636253047,-0.3105429967861609
12.0,111.0,1004.232666015625,-3.45914814304637,-4.725395608035215,-1.4363157124399066,2.1334699404495807,2.8002282694113587,1.7767155866004938,0.2648749599421443,1.396884836554687,-2.2916899636253047,-0.3105429685549836
12.0,111.0,1004.2327880859376,-3.459148364408063,-4.725385121952472,-1.4363157127070767,2.1334699404495807,2.8002450435405657,1.7767708803938411,0.2648749546191586,1.3968849404160837,-2.287802989647862,-0.3105429969054336
12.0,111.0,1004.23291015625,-3.459154782053048,-4.725385286645638,-1.4363157606356154,2.1334699404495807,2.800227225601465,1.7767211497948776,0.2648749546894984,1.3968849151847724,-2.28765949558578,-0.3105429968113052
12.0,111.0,1004.2329711914062,-3.459148277193341,-4.725385286645638,-1.436315797325925,2.1334699404495807,2.800245148129584,1.7767709688904254,0.2648749546205907,1.3968846914337916,-2.2877266671723087,-0.3105429967963101
12.0,111.0,1004.2329711914062,-3.4591483232973,-4.725385352023333,-1.4363158753652536,2.1334699404495807,2.800245134158684,1.7767709688904254,0.2648749546205907,1.3968846914337916,-2.287705511473309,-0.3105429967832451
12.0,111.0,1004.2329711914062,-3.45914814304637,-4.725395608035215,-1.4363157124399066,2.1334699404495807,2.800245205662565,1.7767604008235396,0.2648749603067646,1.3968849173806852,-2.28771563498406,-0.3105429967861609
12.0,111.0,1004.2329711914062,-3.459148144850152,-4.725395608035215,-1.4363157124399066,2.1334699404495807,2.800245205662565,1.7767604008235396,0.2648749603067646,1.396884838955216,-2.2877140957022903,-0.3105429967861609
12.0,111.0,1004.2329711914062,-3.459148318649369,-4.725385352023333,-1.436315875441731,2.1334699404495807,2.800245008473692,1.7767709338426725,0.2648749546205907,1.3968846925810507,-2.2877038107870526,-0.3105429967918509
12.0,111.0,1004.2329711914062,-3.459148342444278,-4.725385286645638,-1.4363157606356154,2.1334699404495807,2.8002446813672464,1.7767211497948776,0.2648749546894984,1.3968849124585754,-2.28765949558578,-0.3105429968108347
12.0,111.0,1004.2329711914062,-3.45914814304637,-4.725395608035215,-1.436315712440317,2.1334699404495807,2.8002278048526987,1.7767620922578595,0.2648749598769817,1.3968849177084028,-2.2916899636253047,-0.3105429969040704
12.0,111.0,1004.2330322265624,-3.4591548760632014,-4.725324887494882,-1.4363157683274923,2.1334699404495807,2.8002271112494954,1.7767188216154848,0.2648749599429472,1.3968828057485534,-2.291983334149911,-0.3105429968290842
12.0,111.0,1004.2330322265624,-3.4591483880256257,-4.725385117539129,-1.436315754564528,2.1334699404495807,2.800244575738764,1.7767729148314797,0.2648749546201848,1.3968849136951234,-2.291754131120685,-0.3105429679459252
12.0,111.0,1004.2330322265624,-3.4591548760632014,-4.725324887494882,-1.4363157683274923,2.1334699404495807,2.8002271112494954,1.7767188216154848,0.2648749599429472,1.3968828057485534,-2.291983334149911,-0.3105429968290842
12.0,111.0,1004.2330932617188,-3.4591481286437284,-4.725385286645638,-1.4363157124399066,2.1334699404495807,2.800245009904613,1.7767716007411365,0.2648749546894984,1.3968849151847724,-2.28765949558578,-0.3105429963297787
12.0,111.0,1004.2330932617188,-3.4591481286437284,-4.725385286645638,-1.4363157124399066,2.1334699404495807,2.800245009904613,1.7767716007411365,0.2648749546894984,1.3968849151847724,-2.28765949558578,-0.3105429963297787
12.0,111.0,1004.2330932617188,-3.45914813329166,-4.725385286645638,-1.4363157123634296,2.1334699404495807,2.800245135589605,1.7767716357888892,0.2648749546894984,1.3968849140375132,-2.2876611962720363,-0.3105429963211729
12.0,111.0,1004.2332153320312,-3.459145852895236,-4.72538529010442,-1.4363157124399066,2.1334699404495807,2.800245007895904,1.7767173637712186,0.2648749546240076,1.3968849152370415,-2.2919636565979893,-0.3105429698738751
12.0,111.0,1004.2332763671876,-3.459145148616431,-4.725385323577761,-1.4363157348962432,2.1334699404495807,2.800245299971172,1.776718950390726,0.2648749546912701,1.3968845788675062,-2.287552399426213,-0.3105429690239774
12.0,111.0,1004.2333374023438,-3.4591544119394992,-4.725395549253413,-1.43631581135966,2.1334699404495807,2.8002442725499463,1.7767615966563417,0.2648749524899425,1.396883407278552,-2.287491886566932,-0.3105429948604795
12.0,111.0,1004.2334594726562,-3.459154970703202,-4.72538435775181,-1.4363157124577697,2.1334699404495807,2.80024524338436,1.776762114252755,0.2648749546920725,1.3968828451524804,-2.2874334325378864,-0.3105430022850262
12.0,111.0,1004.2334594726562,-3.4591553034040343,-4.72538535247164,-1.4363158814646728,2.1334699404495807,2.800245022492771,1.7767199792139758,0.2648749546356924,1.3968845676813633,-2.2873859559956418,-0.3105429959278775
12.0,111.0,1004.2334594726562,-3.45915529912242,-4.72538535247164,-1.4363158814646728,2.1334699404495807,2.800244281093626,1.7767199792139758,0.2648749546356924,1.396883395707936,-2.2874024374739674,-0.3105429959278775
12.0,111.0,1004.2334594726562,-3.459154886499772,-4.725384344951701,-1.4363157126972617,2.1334699404495807,2.80024524338436,1.776762114252755,0.2648749546919473,1.3968828230444543,-2.2874334325378864,-0.3105430021785098
12.0,111.0,1004.2334594726562,-3.459154970703202,-4.72538435775181,-1.43631571245741,2.1334699404495807,2.80024524338436,1.776762114252755,0.2648749546956438,1.3968828451524804,-2.2874334325378864,-0.3105430007122163
12.0,111.0,1004.2335205078124,-3.459154969401148,-4.725387439984571,-1.436315713588546,2.1334699404495807,2.800244270099977,1.7767615703418125,0.2648749524899425,1.396883407278552,-2.28740327648575,-0.3105430022850262
12.0,111.0,1004.2335205078124,-3.459148364408063,-4.725385204640755,-1.4363157127070767,2.1334699404495807,2.8002450435405657,1.776770874984698,0.2648749546981305,1.3968849404160837,-2.287483995605523,-0.3105429969054336
12.0,111.0,1004.2335205078124,-3.459154969401148,-4.725395464642255,-1.436315713588546,2.1334699404495807,2.800244270099977,1.7767615703418125,0.2648749524899425,1.396883407278552,-2.287402972193126,-0.3105429963219744
12.0,111.0,1004.2335205078124,-3.459148364408063,-4.725385204640755,-1.4363157127070767,2.1334699404495807,2.8002450370010408,1.7767709484149474,0.2648749546981305,1.3968850273030406,-2.287483995605523,-0.3105429969054336
12.0,111.0,1004.2335205078124,-3.459145866942607,-4.72538529010442,-1.4363157124399066,2.1334699404495807,2.8002450277509765,1.7767173637712186,0.2648749546933393,1.3968849183636085,-2.292079200580948,-0.3105429699057668
12.0,111.0,1004.2335205078124,-3.459145866942607,-4.72538529010442,-1.4363157124399066,2.1334699404495807,2.800245027682185,1.7767173637712186,0.2648749546231306,1.3968849152370415,-2.292079200580948,-0.3105429699057097
12.0,111.0,1004.2335205078124,-3.459148364408063,-4.725385316682892,-1.4363157127070767,2.1334699404495807,2.8002445799584605,1.7767705842909445,0.2648749546880349,1.3968849149971396,-2.287483995605523,-0.3105429965697478
12.0,111.0,1004.2335205078124,-3.459154969401148,-4.725395464642255,-1.436315713588546,2.1334699404495807,2.800244270099977,1.7767615703418125,0.2648749524899425,1.396883407278552,-2.287402972193126,-0.3105429963219744
12.0,111.0,1004.2335205078124,-3.459154969401148,-4.725395464642255,-1.436315713588546,2.1334699404495807,2.800244270099977,1.7767615703418125,0.2648749524899425,1.396883407278552,-2.287402972193126,-0.3105430024125634
12.0,111.0,1004.2335205078124,-3.45914513456906,-4.725385323577761,-1.4363157348962432,2.1334699404495807,2.8002452801848907,1.776718950390726,0.2648749546921472,1.3968845788675062,-2.2874368554432536,-0.3105429689921429
12.0,111.0,1004.2335205078124,-3.459145866942607,-4.72538529010442,-1.4363157124399066,2.1334699404495807,2.8002450277509765,1.7767173637712186,0.2648749546933393,1.3968849183636085,-2.292079200580948,-0.3105429699057668
12.0,111.0,1004.2335205078124,-3.459154969401148,-4.725395464642255,-1.436315713588546,2.1334699404495807,2.800244270099977,1.7767615703418125,0.2648749524899425,1.396883407278552,-2.287402972193126,-0.3105429963219744
12.0,111.0,1004.2335815429688,-3.459148323284031,-4.7253853526387655,-1.4363158814646728,2.1334699404495807,2.800245258070064,1.7767218133105067,0.2648749550280668,1.3968846101737509,-2.287389682319447,-0.3105429959278775
12.0,111.0,1004.2335815429688,-3.45914513456906,-4.7253853526387655,-1.4363178282239255,2.1334699404495807,2.800245258070064,1.776718950390726,0.2648749546921456,1.3968845788675062,-2.292081293320753,-0.3105429689921429
12.0,111.0,1004.2335815429688,-3.4591548760632014,-4.725388237726312,-1.436315767613629,2.1334699404495807,2.8002454121713645,1.7767147300497068,0.2648749540499497,1.3968828057485534,-2.292195505063913,-0.3105429979842811
12.0,111.0,1004.2335815429688,-3.459148323284031,-4.7253853526387655,-1.4363158814646728,2.1334699404495807,2.800245258070064,1.7767218133105067,0.2648749550280668,1.3968846101737509,-2.287389682319447,-0.3105429959278775
12.0,111.0,1004.2335815429688,-3.459154976922909,-4.72539561595701,-1.436315713588546,2.1334699404495807,2.800244270099977,1.7767615703418125,0.2648749524899425,1.3968834064107467,-2.2873998590542945,-0.310542972124703
12.0,111.0,1004.2335815429688,-3.459154973682764,-4.725387439984571,-1.436315713588546,2.1334699404495807,2.800245011499122,1.7767615703418125,0.2648749524899425,1.3968845792519793,-2.287386795007424,-0.3105430022850262
12.0,111.0,1004.233642578125,-3.459154977343945,-4.72538694425685,-1.4363157126401989,2.1334699404495807,2.800244306462137,1.7767258397982575,0.2648749546205907,1.3968826798797327,-2.287316987395179,-0.310542969901159
12.0,111.0,1004.233642578125,-3.459154977343945,-4.72538694425685,-1.4363157126401989,2.1334699404495807,2.800244306462137,1.7767258397982575,0.2648749546205907,1.3968826798797327,-2.287316987395179,-0.310542969901159
12.0,111.0,1004.233642578125,-3.459154977343945,-4.72538694425685,-1.4363157126401989,2.1334699404495807,2.800244306462137,1.7767258397982575,0.2648749546205907,1.3968826798797327,-2.287316987395179,-0.310542969901159
12.0,111.0,1004.233642578125,-3.459148144890263,-4.7253853526387655,-1.4363158814646728,2.1334699404495807,2.800245258070064,1.7767225246459386,0.2648749600795804,1.396884837903252,-2.287389521503125,-0.3105429959278775
12.0,111.0,1004.233642578125,-3.4591481430864808,-4.7253853526387655,-1.4363158814646728,2.1334699404495807,2.800245258070064,1.7767225246459386,0.2648749600795804,1.396884916328721,-2.2873910607848944,-0.3105429959278775
12.0,112.0,1004.2316284179688,-3.4591549774215817,-4.72538535137872,-1.4363158750081757,2.1334699404495807,2.800229582057227,1.7767162295489922,0.264874954450739,1.3968848343587743,-2.291196537245789,-0.3105429971055311
12.0,112.0,1004.2318115234376,-3.4591549774215817,-4.725385286645638,-1.4363157136733715,2.1334699404495807,2.8002276277001696,1.7767162295489922,0.264874954450739,1.3968848343587743,-2.2912913160364234,-0.310542969901159
12.0,112.0,1004.2318115234376,-3.4591549774215817,-4.725385286645638,-1.4363158007142656,2.1334699404495807,2.8002276277001696,1.7767162295489922,0.264874954450739,1.3968848343587743,-2.2912913160364234,-0.3105429696762607
12.0,112.0,1004.2318115234376,-3.4591549774215817,-4.725385296457736,-1.4363158007142656,2.1334699404495807,2.8002271900692284,1.77671728500045,0.2648749544516857,1.3968828428382256,-2.2912913160364234,-0.310543002503157
12.0,112.0,1004.2318115234376,-3.4591552701867685,-4.725385286645638,-1.4363158007142656,2.1334699404495807,2.8002276277001696,1.7767162295489922,0.264874954450739,1.396884832583574,-2.2912913160364234,-0.3105429950513825
12.0,112.0,1004.2326049804688,-3.459154518613186,-4.725395608369982,-1.4363158095707098,2.1334699404495807,2.8002292190032194,1.776716574244975,0.2648749527489158,1.396884836554687,-2.2917009298481155,-0.3105429967861609
12.0,112.0,1004.232666015625,-3.45914814304637,-4.725395608035215,-1.4363157124399066,2.1334699404495807,2.8002278048526987,1.7767159939938642,0.2648749601369129,1.396884836554687,-2.2916899636253047,-0.3105429967861609
12.0,112.0,1004.232666015625,-3.45914814304637,-4.725395608035215,-1.4363157124399066,2.1334699404495807,2.8002282694113587,1.7767155866004938,0.2648749599421443,1.396884836554687,-2.2916899636253047,-0.3105429685549836
12.0,112.0,1004.2327880859376,-3.459148364408063,-4.725385121952472,-1.4363157127070767,2.1334699404495807,2.8002450435405657,1.7767708803938411,0.2648749546191586,1.3968849404160837,-2.287802989647862,-0.3105429969054336
12.0,112.0,1004.23291015625,-3.459154782053048,-4.725385286645638,-1.4363157606356154,2.1334699404495807,2.800227225601465,1.7767211497948776,0.2648749546894984,1.3968849151847724,-2.28765949558578,-0.3105429968113052
12.0,112.0,1004.23291015625,-3.459147679671781,-4.725326706415835,-1.436315754564528,2.1334699404495807,2.800243203485855,1.7767713159920075,0.2648749600315633,1.3968848823959985,-2.291754131120685,-0.3105429962095031
12.0,112.0,1004.23291015625,-3.459148156409152,-4.725386053481237,-1.436315712936413,2.1334699404495807,2.80024380974478,1.7767766154168867,0.2648749599421443,1.39688491579056,-2.2916899636253047,-0.3105429685549836
12.0,112.0,1004.23291015625,-3.459154782053048,-4.725395140834316,-1.4363157606356154,2.1334699404495807,2.800227225601465,1.7767211497948776,0.2648749546894984,1.3968850129480954,-2.28765949558578,-0.3105429963306486
12.0,112.0,1004.2329711914062,-3.459148277193341,-4.725385286645638,-1.436315797325925,2.1334699404495807,2.800245148129584,1.7767709688904254,0.2648749546205907,1.3968846914337916,-2.2877266671723087,-0.3105429967963101
12.0,112.0,1004.2329711914062,-3.4591483232973,-4.725385352023333,-1.4363158753652536,2.1334699404495807,2.800245134158684,1.7767709688904254,0.2648749546205907,1.3968846914337916,-2.287705511473309,-0.3105429967832451
12.0,112.0,1004.2329711914062,-3.45914814304637,-4.725395608035215,-1.4363157124399066,2.1334699404495807,2.800245205662565,1.7767604008235396,0.2648749603067646,1.3968849173806852,-2.28771563498406,-0.3105429967861609
12.0,112.0,1004.2329711914062,-3.459148144850152,-4.725395608035215,-1.4363157124399066,2.1334699404495807,2.800245205662565,1.7767604008235396,0.2648749603067646,1.396884838955216,-2.2877140957022903,-0.3105429967861609
12.0,112.0,1004.2329711914062,-3.459148318649369,-4.725385352023333,-1.436315875441731,2.1334699404495807,2.800245008473692,1.7767709338426725,0.2648749546205907,1.3968846925810507,-2.2877038107870526,-0.3105429967918509
12.0,112.0,1004.2329711914062,-3.459148342444278,-4.725385286645638,-1.4363157606356154,2.1334699404495807,2.8002446813672464,1.7767211497948776,0.2648749546894984,1.3968849124585754,-2.28765949558578,-0.3105429968108347
12.0,112.0,1004.2329711914062,-3.45914814304637,-4.725395608035215,-1.436315712440317,2.1334699404495807,2.8002278048526987,1.7767620922578595,0.2648749598769817,1.3968849177084028,-2.2916899636253047,-0.3105429969040704
12.0,112.0,1004.2329711914062,-3.459148318649369,-4.725385352023333,-1.436315873125124,2.1334699404495807,2.80024500856936,1.7767709338426725,0.2648749546171919,1.3968846925810507,-2.2877050245768915,-0.3105429967918509
12.0,112.0,1004.2329711914062,-3.459148342444278,-4.725385286645638,-1.4363157606356154,2.1334699404495807,2.8002446813672464,1.7767211497948776,0.2648749546894984,1.3968849124585754,-2.28765949558578,-0.3105429968108347
12.0,112.0,1004.2329711914062,-3.459148318649369,-4.725385352023333,-1.436315875441731,2.1334699404495807,2.800244991950174,1.7767709338426725,0.2648749604485686,1.396884917964934,-2.287715762869098,-0.3105429967918509
12.0,112.0,1004.2329711914062,-3.4591483010688573,-4.725384352425016,-1.4363158753652536,2.1334699404495807,2.800245134158684,1.7767709688904254,0.2648749546984719,1.396884590140258,-2.287705511473309,-0.3105429967406766
12.0,112.0,1004.2329711914062,-3.459148144850152,-4.725395608035215,-1.4363157124399066,2.1334699404495807,2.800245205662565,1.7767604008235396,0.2648749603067646,1.396884838955216,-2.2877140957022903,-0.3105429967861609
12.0,112.0,1004.2330322265624,-3.4591548760632014,-4.725324887494882,-1.4363157683274923,2.1334699404495807,2.8002271112494954,1.7767188216154848,0.2648749599429472,1.3968828057485534,-2.291983334149911,-0.3105429968290842
12.0,112.0,1004.2330322265624,-3.4591483880256257,-4.725385117539129,-1.436315754564528,2.1334699404495807,2.800244575738764,1.7767729148314797,0.2648749546201848,1.3968849136951234,-2.291754131120685,-0.3105429679459252
12.0,112.0,1004.2330322265624,-3.4591548760632014,-4.725324887494882,-1.4363157683274923,2.1334699404495807,2.8002271112494954,1.7767188216154848,0.2648749599429472,1.3968828057485534,-2.291983334149911,-0.3105429968290842
12.0,112.0,1004.2330322265624,-3.4591545986907684,-4.725395464642255,-1.4363157135482711,2.1334699404495807,2.800244270099977,1.7767615703418125,0.2648749524899425,1.3968832540534264,-2.291843554645532,-0.3105429969833347
12.0,112.0,1004.2330932617188,-3.4591481286437284,-4.725385286645638,-1.4363157124399066,2.1334699404495807,2.800245009904613,1.7767716007411365,0.2648749546894984,1.3968849151847724,-2.28765949558578,-0.3105429963297787
12.0,112.0,1004.2330932617188,-3.4591481286437284,-4.725385286645638,-1.4363157124399066,2.1334699404495807,2.800245009904613,1.7767716007411365,0.2648749546894984,1.3968849151847724,-2.28765949558578,-0.3105429963297787
12.0,112.0,1004.2330932617188,-3.45914813329166,-4.725385286645638,-1.4363157123634296,2.1334699404495807,2.800245135589605,1.7767716357888892,0.2648749546894984,1.3968849140375132,-2.2876611962720363,-0.3105429963211729
12.0,112.0,1004.233154296875,-3.4591555844170463,-4.725383298618176,-1.4363157683274923,2.1334699404495807,2.800228483502404,1.776720420454957,0.2648749545315687,1.3968828370476785,-2.291983334149911,-0.3105429685655063
12.0,112.0,1004.2332153320312,-3.459145852895236,-4.72538529010442,-1.4363157124399066,2.1334699404495807,2.800245007895904,1.7767173637712186,0.2648749546240076,1.3968849152370415,-2.2919636565979893,-0.3105429698738751
12.0,112.0,1004.2332153320312,-3.459145852895236,-4.7253853484456245,-1.4363157124399066,2.1334699404495807,2.800245007895904,1.7767173637712186,0.2648749546354407,1.3968845874925029,-2.2919636565979893,-0.3105429698738751
12.0,112.0,1004.2332763671876,-3.459145148616431,-4.725385323577761,-1.4363157348962432,2.1334699404495807,2.800245299971172,1.776718950390726,0.2648749546912701,1.3968845788675062,-2.287552399426213,-0.3105429690239774
12.0,112.0,1004.2333374023438,-3.4591544119394992,-4.725395549253413,-1.43631581135966,2.1334699404495807,2.8002442725499463,1.7767615966563417,0.2648749524899425,1.396883407278552,-2.287491886566932,-0.3105429948604795
12.0,112.0,1004.2334594726562,-3.459154970703202,-4.72538435775181,-1.4363157124577697,2.1334699404495807,2.80024524338436,1.776762114252755,0.2648749546920725,1.3968828451524804,-2.2874334325378864,-0.3105430022850262
12.0,112.0,1004.2334594726562,-3.4591553034040343,-4.72538535247164,-1.4363158814646728,2.1334699404495807,2.800245022492771,1.7767199792139758,0.2648749546356924,1.3968845676813633,-2.2873859559956418,-0.3105429959278775
12.0,112.0,1004.2334594726562,-3.45915529912242,-4.72538535247164,-1.4363158814646728,2.1334699404495807,2.800244281093626,1.7767199792139758,0.2648749546356924,1.396883395707936,-2.2874024374739674,-0.3105429959278775
12.0,112.0,1004.2334594726562,-3.459154886499772,-4.725384344951701,-1.4363157126972617,2.1334699404495807,2.80024524338436,1.776762114252755,0.2648749546919473,1.3968828230444543,-2.2874334325378864,-0.3105430021785098
12.0,112.0,1004.2334594726562,-3.459154970703202,-4.72538435775181,-1.43631571245741,2.1334699404495807,2.80024524338436,1.776762114252755,0.2648749546956438,1.3968828451524804,-2.2874334325378864,-0.3105430007122163
12.0,112.0,1004.2334594726562,-3.4591549929316447,-4.725385357350128,-1.43631571245741,2.1334699404495807,2.80024524338436,1.776762114252755,0.2648749546177626,1.3968829464460142,-2.2874334325378864,-0.3105430007547848
12.0,112.0,1004.2334594726562,-3.459154970703202,-4.725384347939713,-1.4363157124577697,2.1334699404495807,2.8002456810153005,1.7767610588012972,0.2648749546911258,1.3968848366730295,-2.2874334325378864,-0.3105429694581298
12.0,112.0,1004.2334594726562,-3.459154970703202,-4.72538435775181,-1.4363157147743764,2.1334699404495807,2.800245243288692,1.776762114252755,0.2648749546954713,1.3968828451524804,-2.287432218748047,-0.3105430022850262
12.0,112.0,1004.2335205078124,-3.459154969401148,-4.725387439984571,-1.436315713588546,2.1334699404495807,2.800244270099977,1.7767615703418125,0.2648749524899425,1.396883407278552,-2.28740327648575,-0.3105430022850262
12.0,112.0,1004.2335205078124,-3.459148364408063,-4.725385204640755,-1.4363157127070767,2.1334699404495807,2.8002450435405657,1.776770874984698,0.2648749546981305,1.3968849404160837,-2.287483995605523,-0.3105429969054336
12.0,112.0,1004.2335205078124,-3.459154969401148,-4.725395464642255,-1.436315713588546,2.1334699404495807,2.800244270099977,1.7767615703418125,0.2648749524899425,1.396883407278552,-2.287402972193126,-0.3105429963219744
12.0,112.0,1004.2335205078124,-3.459148364408063,-4.725385204640755,-1.4363157127070767,2.1334699404495807,2.8002450370010408,1.7767709484149474,0.2648749546981305,1.3968850273030406,-2.287483995605523,-0.3105429969054336
12.0,112.0,1004.2335205078124,-3.459145866942607,-4.72538529010442,-1.4363157124399066,2.1334699404495807,2.8002450277509765,1.7767173637712186,0.2648749546933393,1.3968849183636085,-2.292079200580948,-0.3105429699057668
12.0,113.0,1004.2316284179688,-3.4591549774215817,-4.72538535137872,-1.4363158750081757,2.1334699404495807,2.800229582057227,1.7767162295489922,0.264874954450739,1.3968848343587743,-2.291196537245789,-0.3105429971055311
12.0,113.0,1004.2318115234376,-3.4591549774215817,-4.725385286645638,-1.4363157136733715,2.1334699404495807,2.8002276277001696,1.7767162295489922,0.264874954450739,1.3968848343587743,-2.2912913160364234,-0.310542969901159
12.0,113.0,1004.2318115234376,-3.4591549774215817,-4.725385286645638,-1.4363158007142656,2.1334699404495807,2.8002276277001696,1.7767162295489922,0.264874954450739,1.3968848343587743,-2.2912913160364234,-0.3105429696762607
12.0,113.0,1004.2318115234376,-3.4591549774215817,-4.725385296457736,-1.4363158007142656,2.1334699404495807,2.8002271900692284,1.77671728500045,0.2648749544516857,1.3968828428382256,-2.2912913160364234,-0.310543002503157
12.0,113.0,1004.2318115234376,-3.4591552701867685,-4.725385286645638,-1.4363158007142656,2.1334699404495807,2.8002276277001696,1.7767162295489922,0.264874954450739,1.396884832583574,-2.2912913160364234,-0.3105429950513825
12.0,113.0,1004.2318115234376,-3.4591552701867685,-4.725385286645638,-1.4363158007142656,2.1334699404495807,2.8002276277001696,1.7767162295489922,0.264874954450739,1.396884832583574,-2.2912913160364234,-0.3105429950513825
12.0,113.0,1004.2318115234376,-3.459155241575735,-4.725395826120705,-1.4363157124399066,2.1334699404495807,2.800227194890624,1.7767159939938642,0.2648749601509156,1.396884836554687,-2.2912864248336,-0.3105429967861609
12.0,113.0,1004.2319946289062,-3.4591549774215817,-4.725385286645638,-1.4363157998793017,2.1334699404495807,2.800243869263467,1.776766508132145,0.2648749546188721,1.3968848343587743,-2.2912913160364234,-0.3105429696762607
12.0,113.0,1004.2319946289062,-3.459148364408063,-4.725385121952472,-1.4363157953978904,2.1334699404495807,2.8002269615562447,1.776716303921256,0.2648749544517823,1.396884840543104,-2.291302173463245,-0.3105429969134632
12.0,113.0,1004.2320556640624,-3.4591479616716514,-4.725385353571274,-1.4363158753652536,2.1334699404495807,2.800245134158684,1.7767709688904254,0.2648749546205907,1.3968846914337916,-2.2912326147018955,-0.3105429967832451
12.0,113.0,1004.2322998046876,-3.459154782053048,-4.725395140834316,-1.4363157606356154,2.1334699404495807,2.800227225601465,1.7767217716685688,0.2648749546894984,1.3968849176475844,-2.291554532330999,-0.3105429963306486
12.0,113.0,1004.2326049804688,-3.459154518613186,-4.725395608369982,-1.4363158095707098,2.1334699404495807,2.8002292190032194,1.776716574244975,0.2648749527489158,1.396884836554687,-2.2917009298481155,-0.3105429967861609
12.0,113.0,1004.232666015625,-3.45914814304637,-4.725395608035215,-1.4363157124399066,2.1334699404495807,2.8002278048526987,1.7767159939938642,0.2648749601369129,1.396884836554687,-2.2916899636253047,-0.3105429967861609
12.0,113.0,1004.232666015625,-3.45914814304637,-4.725395608035215,-1.4363157124399066,2.1334699404495807,2.8002282694113587,1.7767155866004938,0.2648749599421443,1.396884836554687,-2.2916899636253047,-0.3105429685549836
12.0,113.0,1004.232666015625,-3.4591553390472303,-4.725385285097697,-1.4363158007142656,2.1334699404495807,2.8002276277001696,1.7767162295489922,0.264874954450739,1.3968848343587743,-2.2877642128078364,-0.3105429696762607
12.0,113.0,1004.2327880859376,-3.459148364408063,-4.725385121952472,-1.4363157127070767,2.1334699404495807,2.8002450435405657,1.7767708803938411,0.2648749546191586,1.3968849404160837,-2.287802989647862,-0.3105429969054336
12.0,113.0,1004.2328491210938,-3.45914814304637,-4.725395608035215,-1.436315712440317,2.1334699404495807,2.8002278048526987,1.776761470384168,0.2648749598769817,1.396885013008914,-2.287794926880085,-0.3105429969040704
12.0,113.0,1004.23291015625,-3.459154782053048,-4.725385286645638,-1.4363157606356154,2.1334699404495807,2.800227225601465,1.7767211497948776,0.2648749546894984,1.3968849151847724,-2.28765949558578,-0.3105429968113052
12.0,113.0,1004.23291015625,-3.459147679671781,-4.725326706415835,-1.436315754564528,2.1334699404495807,2.800243203485855,1.7767713159920075,0.2648749600315633,1.3968848823959985,-2.291754131120685,-0.3105429962095031
12.0,113.0,1004.23291015625,-3.459148156409152,-4.725386053481237,-1.436315712936413,2.1334699404495807,2.80024380974478,1.7767766154168867,0.2648749599421443,1.39688491579056,-2.2916899636253047,-0.3105429685549836
12.0,113.0,1004.23291015625,-3.459154782053048,-4.725395140834316,-1.4363157606356154,2.1334699404495807,2.800227225601465,1.7767211497948776,0.2648749546894984,1.3968850129480954,-2.28765949558578,-0.3105429963306486
12.0,113.0,1004.23291015625,-3.4591483231911986,-4.725326706415835,-1.4363157548788348,2.1334699404495807,2.800243220646273,1.7767708653099563,0.2648749600315633,1.3968848823959985,-2.291754131120685,-0.3105429962095031
12.0,113.0,1004.23291015625,-3.459147679671781,-4.725326706415835,-1.436315754564528,2.1334699404495807,2.800243203485855,1.7767713159920075,0.2648749600315633,1.3968848823959985,-2.291754131120685,-0.3105429962095031
12.0,113.0,1004.23291015625,-3.459148318649369,-4.725385352023333,-1.4363158739600883,2.1334699404495807,2.8002287670060624,1.7767206552595196,0.2648749544490588,1.3968846925810507,-2.2877050245768915,-0.3105429967918509
12.0,113.0,1004.2329711914062,-3.459148277193341,-4.725385286645638,-1.436315797325925,2.1334699404495807,2.800245148129584,1.7767709688904254,0.2648749546205907,1.3968846914337916,-2.2877266671723087,-0.3105429967963101
12.0,113.0,1004.2329711914062,-3.4591483232973,-4.725385352023333,-1.4363158753652536,2.1334699404495807,2.800245134158684,1.7767709688904254,0.2648749546205907,1.3968846914337916,-2.287705511473309,-0.3105429967832451
12.0,113.0,1004.2329711914062,-3.45914814304637,-4.725395608035215,-1.4363157124399066,2.1334699404495807,2.800245205662565,1.7767604008235396,0.2648749603067646,1.3968849173806852,-2.28771563498406,-0.3105429967861609
12.0,113.0,1004.2329711914062,-3.459148144850152,-4.725395608035215,-1.4363157124399066,2.1334699404495807,2.800245205662565,1.7767604008235396,0.2648749603067646,1.396884838955216,-2.2877140957022903,-0.3105429967861609
12.0,113.0,1004.2329711914062,-3.459148318649369,-4.725385352023333,-1.436315875441731,2.1334699404495807,2.800245008473692,1.7767709338426725,0.2648749546205907,1.3968846925810507,-2.2877038107870526,-0.3105429967918509
12.0,113.0,1004.2329711914062,-3.459148342444278,-4.725385286645638,-1.4363157606356154,2.1334699404495807,2.8002446813672464,1.7767211497948776,0.2648749546894984,1.3968849124585754,-2.28765949558578,-0.3105429968108347
12.0,113.0,1004.2329711914062,-3.45914814304637,-4.725395608035215,-1.436315712440317,2.1334699404495807,2.8002278048526987,1.7767620922578595,0.2648749598769817,1.3968849177084028,-2.2916899636253047,-0.3105429969040704
12.0,113.0,1004.2329711914062,-3.459148318649369,-4.725385352023333,-1.436315873125124,2.1334699404495807,2.80024500856936,1.7767709338426725,0.2648749546171919,1.3968846925810507,-2.2877050245768915,-0.3105429967918509
12.0,113.0,1004.2329711914062,-3.459148342444278,-4.725385286645638,-1.4363157606356154,2.1334699404495807,2.8002446813672464,1.7767211497948776,0.2648749546894984,1.3968849124585754,-2.28765949558578,-0.3105429968108347
12.0,113.0,1004.2329711914062,-3.459148318649369,-4.725385352023333,-1.436315875441731,2.1334699404495807,2.800244991950174,1.7767709338426725,0.2648749604485686,1.396884917964934,-2.287715762869098,-0.3105429967918509
12.0,113.0,1004.2329711914062,-3.4591483010688573,-4.725384352425016,-1.4363158753652536,2.1334699404495807,2.800245134158684,1.7767709688904254,0.2648749546984719,1.396884590140258,-2.287705511473309,-0.3105429967406766
12.0,113.0,1004.2329711914062,-3.459148144850152,-4.725395608035215,-1.4363157124399066,2.1334699404495807,2.800245205662565,1.7767604008235396,0.2648749603067646,1.396884838955216,-2.2877140957022903,-0.3105429967861609
12.0,113.0,1004.2329711914062,-3.459148144850152,-4.725396914192988,-1.4363158715490767,2.1334699404495807,2.800245205662565,1.7767604008235396,0.264874960267758,1.396884838955216,-2.2877140957022903,-0.3105429967861609
12.0,113.0,1004.2329711914062,-3.4591482094463792,-4.725385352023333,-1.4363157083722895,2.1334699404495807,2.800243706711829,1.776773298003566,0.2648749603432283,1.396884914243561,-2.287715762869098,-0.3105429700186601
12.0,113.0,1004.2330322265624,-3.4591548760632014,-4.725324887494882,-1.4363157683274923,2.1334699404495807,2.8002271112494954,1.7767188216154848,0.2648749599429472,1.3968828057485534,-2.291983334149911,-0.3105429968290842
12.0,113.0,1004.2330322265624,-3.4591483880256257,-4.725385117539129,-1.436315754564528,2.1334699404495807,2.800244575738764,1.7767729148314797,0.2648749546201848,1.3968849136951234,-2.291754131120685,-0.3105429679459252
12.0,113.0,1004.2330322265624,-3.4591548760632014,-4.725324887494882,-1.4363157683274923,2.1334699404495807,2.8002271112494954,1.7767188216154848,0.2648749599429472,1.3968828057485534,-2.291983334149911,-0.3105429968290842
12.0,113.0,1004.2330322265624,-3.4591545986907684,-4.725395464642255,-1.4363157135482711,2.1334699404495807,2.800244270099977,1.7767615703418125,0.2648749524899425,1.3968832540534264,-2.291843554645532,-0.3105429969833347
12.0,113.0,1004.2330322265624,-3.4591546003532385,-4.725395141180253,-1.4363157147147725,2.1334699404495807,2.8002451717643315,1.7767603215110093,0.2648749546637672,1.3968832540534264,-2.291843554645532,-0.3105429969833347
12.0,113.0,1004.2330932617188,-3.4591481286437284,-4.725385286645638,-1.4363157124399066,2.1334699404495807,2.800245009904613,1.7767716007411365,0.2648749546894984,1.3968849151847724,-2.28765949558578,-0.3105429963297787
12.0,113.0,1004.2330932617188,-3.4591481286437284,-4.725385286645638,-1.4363157124399066,2.1334699404495807,2.800245009904613,1.7767716007411365,0.2648749546894984,1.3968849151847724,-2.28765949558578,-0.3105429963297787
12.0,113.0,1004.2330932617188,-3.45914813329166,-4.725385286645638,-1.4363157123634296,2.1334699404495807,2.800245135589605,1.7767716357888892,0.2648749546894984,1.3968849140375132,-2.2876611962720363,-0.3105429963211729
12.0,113.0,1004.2330932617188,-3.459148126176255,-4.725385286645638,-1.4363157124399066,2.1334699404495807,2.800245009904613,1.776771549079954,0.2648749546833392,1.3968849151847724,-2.2876555308074846,-0.3105429963412294
12.0,113.0,1004.233154296875,-3.4591555844170463,-4.725383298618176,-1.4363157683274923,2.1334699404495807,2.800228483502404,1.776720420454957,0.2648749545315687,1.3968828370476785,-2.291983334149911,-0.3105429685655063
12.0,113.0,1004.2332153320312,-3.459145852895236,-4.72538529010442,-1.4363157124399066,2.1334699404495807,2.800245007895904,1.7767173637712186,0.2648749546240076,1.3968849152370415,-2.2919636565979893,-0.3105429698738751
12.0,113.0,1004.2332153320312,-3.459145852895236,-4.7253853484456245,-1.4363157124399066,2.1334699404495807,2.800245007895904,1.7767173637712186,0.2648749546354407,1.3968845874925029,-2.2919636565979893,-0.3105429698738751
12.0,114.0,1004.2316284179688,-3.4591549774215817,-4.72538535137872,-1.4363158750081757,2.1334699404495807,2.800229582057227,1.7767162295489922,0.264874954450739,1.3968848343587743,-2.291196537245789,-0.3105429971055311
12.0,114.0,1004.231689453125,-3.459154518613186,-4.725395608369982,-1.4363158095707098,2.1334699404495807,2.8002292190032194,1.7767162306123907,0.2648749544212543,1.396884836554687,-2.2912155566098864,-0.3105429971066859
12.0,114.0,1004.231689453125,-3.459148318649369,-4.725385282303107,-1.436315714355152,2.1334699404495807,2.8002287670060624,1.7767163096498853,0.2648749544490588,1.3968846925810507,-2.2911462861063585,-0.3105429967918509
12.0,114.0,1004.2318115234376,-3.4591549774215817,-4.725385286645638,-1.4363157136733715,2.1334699404495807,2.8002276277001696,1.7767162295489922,0.264874954450739,1.3968848343587743,-2.2912913160364234,-0.310542969901159
12.0,114.0,1004.2318115234376,-3.4591549774215817,-4.725385286645638,-1.4363158007142656,2.1334699404495807,2.8002276277001696,1.7767162295489922,0.264874954450739,1.3968848343587743,-2.2912913160364234,-0.3105429696762607
12.0,114.0,1004.2318115234376,-3.4591549774215817,-4.725385296457736,-1.4363158007142656,2.1334699404495807,2.8002271900692284,1.77671728500045,0.2648749544516857,1.3968828428382256,-2.2912913160364234,-0.310543002503157
12.0,114.0,1004.2318115234376,-3.4591552701867685,-4.725385286645638,-1.4363158007142656,2.1334699404495807,2.8002276277001696,1.7767162295489922,0.264874954450739,1.396884832583574,-2.2912913160364234,-0.3105429950513825
12.0,114.0,1004.2318115234376,-3.4591552701867685,-4.725385286645638,-1.4363158007142656,2.1334699404495807,2.8002276277001696,1.7767162295489922,0.264874954450739,1.396884832583574,-2.2912913160364234,-0.3105429950513825
12.0,114.0,1004.2318115234376,-3.459155241575735,-4.725395826120705,-1.4363157124399066,2.1334699404495807,2.800227194890624,1.7767159939938642,0.2648749601509156,1.396884836554687,-2.2912864248336,-0.3105429967861609
12.0,114.0,1004.2318115234376,-3.459155283256539,-4.725395140834316,-1.4363157606356154,2.1334699404495807,2.8002272233731293,1.776715708884986,0.2648749546894984,1.3968848318764917,-2.291286950437839,-0.3105429962518565
12.0,114.0,1004.23193359375,-3.459148700445273,-4.725385286645638,-1.4363158007142656,2.1334699404495807,2.8002276277001696,1.7767162295489922,0.2648749544500297,1.396884814975209,-2.2912913160364234,-0.3105429950513825
12.0,114.0,1004.2319946289062,-3.4591549774215817,-4.725385286645638,-1.4363157998793017,2.1334699404495807,2.800243869263467,1.776766508132145,0.2648749546188721,1.3968848343587743,-2.2912913160364234,-0.3105429696762607
12.0,114.0,1004.2319946289062,-3.459148364408063,-4.725385121952472,-1.4363157953978904,2.1334699404495807,2.8002269615562447,1.776716303921256,0.2648749544517823,1.396884840543104,-2.291302173463245,-0.3105429969134632
12.0,114.0,1004.2319946289062,-3.459148364408063,-4.725385121952472,-1.4363157953978904,2.1334699404495807,2.8002269615562447,1.776716303921256,0.2648749544517823,1.3968848365639308,-2.291302173463245,-0.3105429969134632
12.0,114.0,1004.2320556640624,-3.4591479616716514,-4.725385353571274,-1.4363158753652536,2.1334699404495807,2.800245134158684,1.7767709688904254,0.2648749546205907,1.3968846914337916,-2.2912326147018955,-0.3105429967832451
12.0,114.0,1004.2320556640624,-3.459147953536947,-4.725385353571274,-1.4363157726455107,2.1334699404495807,2.800243193387241,1.7767713194099986,0.2648749546306776,1.3968846914337916,-2.2912326147018955,-0.310542996201281
12.0,114.0,1004.232177734375,-3.459147908669467,-4.725385286645638,-1.4363157998793017,2.1334699404495807,2.8002450122557576,1.7767707508246544,0.2648749546188721,1.3968846915642503,-2.2912913160364234,-0.3105429696762607
12.0,114.0,1004.2322998046876,-3.459154782053048,-4.725395140834316,-1.4363157606356154,2.1334699404495807,2.800227225601465,1.7767217716685688,0.2648749546894984,1.3968849176475844,-2.291554532330999,-0.3105429963306486
12.0,114.0,1004.2324829101562,-3.4591549774215817,-4.725385356365863,-1.4363158732783083,2.1334699404495807,2.8002276277001696,1.7767205751586266,0.264874954450739,1.3968848343587743,-2.287850054506957,-0.310542969901159
12.0,114.0,1004.2326049804688,-3.459154518613186,-4.725395608369982,-1.4363158095707098,2.1334699404495807,2.8002292190032194,1.776716574244975,0.2648749527489158,1.396884836554687,-2.2917009298481155,-0.3105429967861609
12.0,114.0,1004.232666015625,-3.45914814304637,-4.725395608035215,-1.4363157124399066,2.1334699404495807,2.8002278048526987,1.7767159939938642,0.2648749601369129,1.396884836554687,-2.2916899636253047,-0.3105429967861609
12.0,114.0,1004.232666015625,-3.45914814304637,-4.725395608035215,-1.4363157124399066,2.1334699404495807,2.8002282694113587,1.7767155866004938,0.2648749599421443,1.396884836554687,-2.2916899636253047,-0.3105429685549836
12.0,114.0,1004.232666015625,-3.4591553390472303,-4.725385285097697,-1.4363158007142656,2.1334699404495807,2.8002276277001696,1.7767162295489922,0.264874954450739,1.3968848343587743,-2.2877642128078364,-0.3105429696762607
12.0,114.0,1004.232666015625,-3.45914814304637,-4.725395608035215,-1.43631571242976,2.1334699404495807,2.800244983761198,1.7767714201145526,0.2648749601369129,1.396884836554687,-2.287880166574725,-0.3105429967861609
12.0,114.0,1004.2327270507812,-3.4591483880256257,-4.725385119641741,-1.436315755197904,2.1334699404495807,2.800244575738764,1.776716885671835,0.2648749546201848,1.396884825036625,-2.291754131120685,-0.3105429682382808
12.0,114.0,1004.2327880859376,-3.459148364408063,-4.725385121952472,-1.4363157127070767,2.1334699404495807,2.8002450435405657,1.7767708803938411,0.2648749546191586,1.3968849404160837,-2.287802989647862,-0.3105429969054336
12.0,114.0,1004.2328491210938,-3.45914814304637,-4.725395608035215,-1.436315712440317,2.1334699404495807,2.8002278048526987,1.776761470384168,0.2648749598769817,1.396885013008914,-2.287794926880085,-0.3105429969040704
12.0,114.0,1004.2328491210938,-3.459148156409152,-4.725386053481237,-1.4363157129294644,2.1334699404495807,2.800225917598578,1.7767617124723696,0.2648749598787583,1.3968849144463786,-2.29164615079382,-0.3105429685549836
12.0,114.0,1004.2328491210938,-3.45914814304637,-4.725395608035215,-1.4363157100753767,2.1334699404495807,2.8002276439765,1.7767609943133411,0.2648749598769817,1.396885013008914,-2.287794926880085,-0.3105429970117164
12.0,114.0,1004.23291015625,-3.459154782053048,-4.725385286645638,-1.4363157606356154,2.1334699404495807,2.800227225601465,1.7767211497948776,0.2648749546894984,1.3968849151847724,-2.28765949558578,-0.3105429968113052
12.0,114.0,1004.23291015625,-3.459147679671781,-4.725326706415835,-1.436315754564528,2.1334699404495807,2.800243203485855,1.7767713159920075,0.2648749600315633,1.3968848823959985,-2.291754131120685,-0.3105429962095031
12.0,114.0,1004.23291015625,-3.459148156409152,-4.725386053481237,-1.436315712936413,2.1334699404495807,2.80024380974478,1.7767766154168867,0.2648749599421443,1.39688491579056,-2.2916899636253047,-0.3105429685549836
12.0,114.0,1004.23291015625,-3.459154782053048,-4.725395140834316,-1.4363157606356154,2.1334699404495807,2.800227225601465,1.7767211497948776,0.2648749546894984,1.3968850129480954,-2.28765949558578,-0.3105429963306486
12.0,114.0,1004.23291015625,-3.4591483231911986,-4.725326706415835,-1.4363157548788348,2.1334699404495807,2.800243220646273,1.7767708653099563,0.2648749600315633,1.3968848823959985,-2.291754131120685,-0.3105429962095031
12.0,114.0,1004.23291015625,-3.459147679671781,-4.725326706415835,-1.436315754564528,2.1334699404495807,2.800243203485855,1.7767713159920075,0.2648749600315633,1.3968848823959985,-2.291754131120685,-0.3105429962095031
12.0,114.0,1004.23291015625,-3.459148318649369,-4.725385352023333,-1.4363158739600883,2.1334699404495807,2.8002287670060624,1.7767206552595196,0.2648749544490588,1.3968846925810507,-2.2877050245768915,-0.3105429967918509
12.0,114.0,1004.23291015625,-3.459154757926264,-4.725385288675557,-1.4363157606356154,2.1334699404495807,2.800227225601465,1.7767211497948776,0.2648749546894984,1.3968849136646506,-2.28765949558578,-0.3105429959192783
12.0,114.0,1004.23291015625,-3.459147493349907,-4.725326706415835,-1.436315754564528,2.1334699404495807,2.800243203485855,1.7767716812631182,0.2648749600315633,1.3968848827197973,-2.287720948886504,-0.3105429683536754
12.0,114.0,1004.23291015625,-3.4591482423343938,-4.725326706415835,-1.4363157548788348,2.1334699404495807,2.800243220646273,1.7767720023428677,0.2648749600711431,1.3968848819833182,-2.291754131120685,-0.3105429962095031
12.0,114.0,1004.2329711914062,-3.459148277193341,-4.725385286645638,-1.436315797325925,2.1334699404495807,2.800245148129584,1.7767709688904254,0.2648749546205907,1.3968846914337916,-2.2877266671723087,-0.3105429967963101
12.0,114.0,1004.2329711914062,-3.4591483232973,-4.725385352023333,-1.4363158753652536,2.1334699404495807,2.800245134158684,1.7767709688904254,0.2648749546205907,1.3968846914337916,-2.287705511473309,-0.3105429967832451
12.0,114.0,1004.2329711914062,-3.45914814304637,-4.725395608035215,-1.4363157124399066,2.1334699404495807,2.800245205662565,1.7767604008235396,0.2648749603067646,1.3968849173806852,-2.28771563498406,-0.3105429967861609
12.0,114.0,1004.2329711914062,-3.459148144850152,-4.725395608035215,-1.4363157124399066,2.1334699404495807,2.800245205662565,1.7767604008235396,0.2648749603067646,1.396884838955216,-2.2877140957022903,-0.3105429967861609
12.0,114.0,1004.2329711914062,-3.459148318649369,-4.725385352023333,-1.436315875441731,2.1334699404495807,2.800245008473692,1.7767709338426725,0.2648749546205907,1.3968846925810507,-2.2877038107870526,-0.3105429967918509
12.0,114.0,1004.2329711914062,-3.459148342444278,-4.725385286645638,-1.4363157606356154,2.1334699404495807,2.8002446813672464,1.7767211497948776,0.2648749546894984,1.3968849124585754,-2.28765949558578,-0.3105429968108347
12.0,114.0,1004.2329711914062,-3.45914814304637,-4.725395608035215,-1.436315712440317,2.1334699404495807,2.8002278048526987,1.7767620922578595,0.2648749598769817,1.3968849177084028,-2.2916899636253047,-0.3105429969040704
12.0,114.0,1004.2329711914062,-3.459148318649369,-4.725385352023333,-1.436315873125124,2.1334699404495807,2.80024500856936,1.7767709338426725,0.2648749546171919,1.3968846925810507,-2.2877050245768915,-0.3105429967918509
12.0,114.0,1004.2329711914062,-3.459148342444278,-4.725385286645638,-1.4363157606356154,2.1334699404495807,2.8002446813672464,1.7767211497948776,0.2648749546894984,1.3968849124585754,-2.28765949558578,-0.3105429968108347
12.0,114.0,1004.2329711914062,-3.459148318649369,-4.725385352023333,-1.436315875441731,2.1334699404495807,2.800244991950174,1.7767709338426725,0.2648749604485686,1.396884917964934,-2.287715762869098,-0.3105429967918509
12.0,114.0,1004.2329711914062,-3.4591483010688573,-4.725384352425016,-1.4363158753652536,2.1334699404495807,2.800245134158684,1.7767709688904254,0.2648749546984719,1.396884590140258,-2.287705511473309,-0.3105429967406766
12.0,115.0,1004.1709594726562,-3.463262327929036,-4.725395140834316,-1.4363158000346736,2.1334699404495807,2.8002272233731293,1.7767162543560997,0.2648749546894984,1.3968848319088567,-2.291286950437839,-0.3105429950639246
12.0,115.0,1004.2315673828124,-3.459155241575735,-4.725395826120705,-1.4363157124399066,2.1334699404495807,2.8002287824150027,1.7767159939938642,0.2648749601509156,1.3968846922549178,-2.291140692560334,-0.3105429967861609
12.0,115.0,1004.2316284179688,-3.4591549774215817,-4.72538535137872,-1.4363158750081757,2.1334699404495807,2.800229582057227,1.7767162295489922,0.264874954450739,1.3968848343587743,-2.291196537245789,-0.3105429971055311
12.0,115.0,1004.231689453125,-3.459154518613186,-4.725395608369982,-1.4363158095707098,2.1334699404495807,2.8002292190032194,1.7767162306123907,0.2648749544212543,1.396884836554687,-2.2912155566098864,-0.3105429971066859
12.0,115.0,1004.231689453125,-3.459148318649369,-4.725385282303107,-1.436315714355152,2.1334699404495807,2.8002287670060624,1.7767163096498853,0.2648749544490588,1.3968846925810507,-2.2911462861063585,-0.3105429967918509
12.0,115.0,1004.2317504882812,-3.459154518613186,-4.725395608369982,-1.436315876852317,2.1334699404495807,2.8002278880007783,1.776714992572822,0.2648749544212543,1.3968846996758102,-2.291232519517964,-0.3105429970897311
12.0,115.0,1004.2317504882812,-3.4591549774215817,-4.725385296457736,-1.4363158007142656,2.1334699404495807,2.800228777844399,1.77671728500045,0.2648749544516857,1.3968828428382256,-2.2912875918932807,-0.310543002503157
12.0,115.0,1004.2318115234376,-3.4591549774215817,-4.725385286645638,-1.4363157136733715,2.1334699404495807,2.8002276277001696,1.7767162295489922,0.264874954450739,1.3968848343587743,-2.2912913160364234,-0.310542969901159
12.0,115.0,1004.2318115234376,-3.4591549774215817,-4.725385286645638,-1.4363158007142656,2.1334699404495807,2.8002276277001696,1.7767162295489922,0.264874954450739,1.3968848343587743,-2.2912913160364234,-0.3105429696762607
12.0,115.0,1004.2318115234376,-3.4591549774215817,-4.725385296457736,-1.4363158007142656,2.1334699404495807,2.8002271900692284,1.77671728500045,0.2648749544516857,1.3968828428382256,-2.2912913160364234,-0.310543002503157
12.0,115.0,1004.2318115234376,-3.4591552701867685,-4.725385286645638,-1.4363158007142656,2.1334699404495807,2.8002276277001696,1.7767162295489922,0.264874954450739,1.396884832583574,-2.2912913160364234,-0.3105429950513825
12.0,115.0,1004.2318115234376,-3.4591552701867685,-4.725385286645638,-1.4363158007142656,2.1334699404495807,2.8002276277001696,1.7767162295489922,0.264874954450739,1.396884832583574,-2.2912913160364234,-0.3105429950513825
12.0,115.0,1004.2318115234376,-3.459155241575735,-4.725395826120705,-1.4363157124399066,2.1334699404495807,2.800227194890624,1.7767159939938642,0.2648749601509156,1.396884836554687,-2.2912864248336,-0.3105429967861609
12.0,115.0,1004.2318115234376,-3.459155283256539,-4.725395140834316,-1.4363157606356154,2.1334699404495807,2.8002272233731293,1.776715708884986,0.2648749546894984,1.3968848318764917,-2.291286950437839,-0.3105429962518565
12.0,115.0,1004.2318115234376,-3.4591549774215817,-4.725385296457736,-1.436315797618461,2.1334699404495807,2.8002271900692284,1.77671728500045,0.2648749544516857,1.3968828428382256,-2.2912913160364234,-0.310543002503157
12.0,115.0,1004.2318115234376,-3.4591549774215817,-4.725385363301434,-1.4363158696202287,2.1334699404495807,2.800227587623014,1.7767162295489922,0.264874954450739,1.3968848343587743,-2.2912937525845463,-0.3105429971055311
12.0,115.0,1004.2318115234376,-3.4591552701867685,-4.725385286645638,-1.4363158007142656,2.1334699404495807,2.8002276277001696,1.7767162295489922,0.264874954450739,1.396884832583574,-2.2912913160364234,-0.3105429950513825
12.0,115.0,1004.2318115234376,-3.459155283256539,-4.725395140834316,-1.4363157606356154,2.1334699404495807,2.8002272233731293,1.776715708884986,0.2648749600334117,1.3968848318764917,-2.291286950437839,-0.3105429962518565
12.0,115.0,1004.2318725585938,-3.459154848935621,-4.725395888978925,-1.4363157606356154,2.1334699404495807,2.800227225601465,1.7767217716685688,0.264874954690409,1.3968849176475844,-2.291289636548038,-0.3105429963306486
12.0,115.0,1004.23193359375,-3.459148700445273,-4.725385286645638,-1.4363158007142656,2.1334699404495807,2.8002276277001696,1.7767162295489922,0.2648749544500297,1.396884814975209,-2.2912913160364234,-0.3105429950513825
12.0,115.0,1004.23193359375,-3.459147905188932,-4.725395679870768,-1.4363157100753767,2.1334699404495807,2.8002461152099425,1.776761057220788,0.2648749598769817,1.396885013008914,-2.2911779810263018,-0.3105429698900954
12.0,115.0,1004.23193359375,-3.459148381317992,-4.725385121952472,-1.4363157953978904,2.1334699404495807,2.800227727272055,1.776716303921256,0.2648749544517823,1.396884840543104,-2.291302173463245,-0.3105429969033807
12.0,115.0,1004.23193359375,-3.459148364408063,-4.7253813370158335,-1.4363157953978904,2.1334699404495807,2.8002269615562447,1.776716303921256,0.2648749602134278,1.3968848365639308,-2.291302173463245,-0.3105429969134632
12.0,115.0,1004.2319946289062,-3.4591549774215817,-4.725385286645638,-1.4363157998793017,2.1334699404495807,2.800243869263467,1.776766508132145,0.2648749546188721,1.3968848343587743,-2.2912913160364234,-0.3105429696762607
12.0,115.0,1004.2319946289062,-3.459148364408063,-4.725385121952472,-1.4363157953978904,2.1334699404495807,2.8002269615562447,1.776716303921256,0.2648749544517823,1.396884840543104,-2.291302173463245,-0.3105429969134632
12.0,115.0,1004.2319946289062,-3.459148364408063,-4.725385121952472,-1.4363157953978904,2.1334699404495807,2.8002269615562447,1.776716303921256,0.2648749544517823,1.3968848365639308,-2.291302173463245,-0.3105429969134632
12.0,115.0,1004.2319946289062,-3.459148364408063,-4.725385111751922,-1.436315795299464,2.1334699404495807,2.8002269615562447,1.776716303921256,0.2648749544517823,1.396884840543104,-2.291302173463245,-0.3105429712085611
12.0,115.0,1004.2320556640624,-3.4591479616716514,-4.725385353571274,-1.4363158753652536,2.1334699404495807,2.800245134158684,1.7767709688904254,0.2648749546205907,1.3968846914337916,-2.2912326147018955,-0.3105429967832451
12.0,115.0,1004.2320556640624,-3.459147953536947,-4.725385353571274,-1.4363157726455107,2.1334699404495807,2.800243193387241,1.7767713194099986,0.2648749546306776,1.3968846914337916,-2.2912326147018955,-0.310542996201281
12.0,115.0,1004.2320556640624,-3.4591479543240427,-4.725385353571274,-1.4363157726455107,2.1334699404495807,2.800243193387241,1.7767714176397744,0.2648749546306776,1.3968846914337916,-2.291232008346068,-0.310542996201281
12.0,115.0,1004.232177734375,-3.459147908669467,-4.725385286645638,-1.4363157998793017,2.1334699404495807,2.8002450122557576,1.7767707508246544,0.2648749546188721,1.3968846915642503,-2.2912913160364234,-0.3105429696762607
12.0,115.0,1004.2322998046876,-3.459154782053048,-4.725395140834316,-1.4363157606356154,2.1334699404495807,2.800227225601465,1.7767217716685688,0.2648749546894984,1.3968849176475844,-2.291554532330999,-0.3105429963306486
12.0,115.0,1004.2322998046876,-3.45914814304637,-4.725395608035215,-1.43631571242976,2.1334699404495807,2.8002277976218544,1.7767171053704642,0.2648749601369129,1.3968848363460165,-2.288025711213737,-0.3105429967133167
12.0,115.0,1004.2324829101562,-3.4591549774215817,-4.725385356365863,-1.4363158732783083,2.1334699404495807,2.8002276277001696,1.7767205751586266,0.264874954450739,1.3968848343587743,-2.287850054506957,-0.310542969901159
12.0,115.0,1004.2324829101562,-3.4591550090431054,-4.725385286645638,-1.436315713732412,2.1334699404495807,2.8002275961028555,1.7767155552283362,0.264874954450739,1.396884834282464,-2.29167503463657,-0.3105429699319633
12.0,115.0,1004.2324829101562,-3.4591549774215817,-4.725385286645638,-1.4363157136646396,2.1334699404495807,2.8002276277001696,1.7767165120448276,0.264874954450739,1.3968848343587743,-2.291661258229917,-0.3105429698487409
12.0,115.0,1004.2326049804688,-3.459154518613186,-4.725395608369982,-1.4363158095707098,2.1334699404495807,2.8002292190032194,1.776716574244975,0.2648749527489158,1.396884836554687,-2.2917009298481155,-0.3105429967861609
12.0,115.0,1004.2326049804688,-3.4591478417868933,-4.725384538501029,-1.4363157998793017,2.1334699404495807,2.8002450122557576,1.7767707508246544,0.2648749546179615,1.3968846915642503,-2.291556211819384,-0.3105429696762607
12.0,115.0,1004.2326049804688,-3.45914814304637,-4.725395608035215,-1.4363157124399066,2.1334699404495807,2.8002447812838565,1.7767159939938642,0.2648749601369129,1.396884836554687,-2.2916899636253047,-0.3105429967861609
12.0,115.0,1004.232666015625,-3.45914814304637,-4.725395608035215,-1.4363157124399066,2.1334699404495807,2.8002278048526987,1.7767159939938642,0.2648749601369129,1.396884836554687,-2.2916899636253047,-0.3105429967861609
12.0,115.0,1004.232666015625,-3.45914814304637,-4.725395608035215,-1.4363157124399066,2.1334699404495807,2.8002282694113587,1.7767155866004938,0.2648749599421443,1.396884836554687,-2.2916899636253047,-0.3105429685549836
12.0,115.0,1004.232666015625,-3.4591553390472303,-4.725385285097697,-1.4363158007142656,2.1334699404495807,2.8002276277001696,1.7767162295489922,0.264874954450739,1.3968848343587743,-2.2877642128078364,-0.3105429696762607
12.0,115.0,1004.232666015625,-3.45914814304637,-4.725395608035215,-1.43631571242976,2.1334699404495807,2.800244983761198,1.7767714201145526,0.2648749601369129,1.396884836554687,-2.287880166574725,-0.3105429967861609
12.0,115.0,1004.232666015625,-3.4591552701867685,-4.725385287482145,-1.4363158007142656,2.1334699404495807,2.8002276277001696,1.7767162456256165,0.2648749544433637,1.3968848244230336,-2.291761053879876,-0.3105429950513825
12.0,115.0,1004.232666015625,-3.459148146526905,-4.725385214810086,-1.4363157998793017,2.1334699404495807,2.8002265410223144,1.7767706879172072,0.2648749546188721,1.3968846915642503,-2.2879082618902067,-0.3105429967978816
12.0,115.0,1004.2327270507812,-3.4591483880256257,-4.725385119641741,-1.436315755197904,2.1334699404495807,2.800244575738764,1.776716885671835,0.2648749546201848,1.396884825036625,-2.291754131120685,-0.3105429682382808
12.0,115.0,1004.2327880859376,-3.459148364408063,-4.725385121952472,-1.4363157127070767,2.1334699404495807,2.8002450435405657,1.7767708803938411,0.2648749546191586,1.3968849404160837,-2.287802989647862,-0.3105429969054336
12.0,115.0,1004.2327880859376,-3.459148364408063,-4.725385121952472,-1.4363157127070767,2.1334699404495807,2.8002450435405657,1.7767708803938411,0.2648749546191586,1.3968849404160837,-2.287802989647862,-0.3105429969054336
12.0,115.0,1004.2328491210938,-3.45914814304637,-4.725395608035215,-1.436315712440317,2.1334699404495807,2.8002278048526987,1.776761470384168,0.2648749598769817,1.396885013008914,-2.287794926880085,-0.3105429969040704
12.0,115.0,1004.2328491210938,-3.459148156409152,-4.725386053481237,-1.4363157129294644,2.1334699404495807,2.800225917598578,1.7767617124723696,0.2648749598787583,1.3968849144463786,-2.29164615079382,-0.3105429685549836
12.0,116.0,1004.1709594726562,-3.463262327929036,-4.725395140834316,-1.4363158000346736,2.1334699404495807,2.8002272233731293,1.7767162543560997,0.2648749546894984,1.3968848319088567,-2.291286950437839,-0.3105429950639246
12.0,116.0,1004.2315063476562,-3.4591552449471057,-4.7253957155317,-1.4363158677024253,2.1334699404495807,2.8002287824150027,1.7767160530936212,0.2648749546696614,1.3968846922549178,-2.291073850796248,-0.3105429967861609
12.0,116.0,1004.2315673828124,-3.459155241575735,-4.725395826120705,-1.4363157124399066,2.1334699404495807,2.8002287824150027,1.7767159939938642,0.2648749601509156,1.3968846922549178,-2.291140692560334,-0.3105429967861609
12.0,116.0,1004.2316284179688,-3.4591549774215817,-4.72538535137872,-1.4363158750081757,2.1334699404495807,2.800229582057227,1.7767162295489922,0.264874954450739,1.3968848343587743,-2.291196537245789,-0.3105429971055311
12.0,116.0,1004.2316284179688,-3.4591550156711017,-4.72538535137872,-1.4363158750081757,2.1334699404495807,2.800229582057227,1.7767162295489922,0.2648749544500063,1.3968848343587743,-2.291196537245789,-0.3105429970082627
12.0,116.0,1004.231689453125,-3.459154518613186,-4.725395608369982,-1.4363158095707098,2.1334699404495807,2.8002292190032194,1.7767162306123907,0.2648749544212543,1.396884836554687,-2.2912155566098864,-0.3105429971066859
12.0,116.0,1004.231689453125,-3.459148318649369,-4.725385282303107,-1.436315714355152,2.1334699404495807,2.8002287670060624,1.7767163096498853,0.2648749544490588,1.3968846925810507,-2.2911462861063585,-0.3105429967918509
12.0,116.0,1004.231689453125,-3.4591549774215817,-4.725385286645638,-1.4363157136646396,2.1334699404495807,2.800245306789752,1.7767165120448276,0.2648749544392733,1.396884685909203,-2.291290236575288,-0.3105429698487409
12.0,116.0,1004.2317504882812,-3.459154518613186,-4.725395608369982,-1.436315876852317,2.1334699404495807,2.8002278880007783,1.776714992572822,0.2648749544212543,1.3968846996758102,-2.291232519517964,-0.3105429970897311
12.0,116.0,1004.2317504882812,-3.4591549774215817,-4.725385296457736,-1.4363158007142656,2.1334699404495807,2.800228777844399,1.77671728500045,0.2648749544516857,1.3968828428382256,-2.2912875918932807,-0.310543002503157
12.0,116.0,1004.2317504882812,-3.459154543900432,-4.725395586900457,-1.4363157987713566,2.1334699404495807,2.8002278442116726,1.776714992572822,0.2648749544212543,1.3968846996758102,-2.291232519517964,-0.3105430026348252
12.0,116.0,1004.2317504882812,-3.459154518613186,-4.725395608369982,-1.436315876852317,2.1334699404495807,2.8002278880007783,1.776714992572822,0.2648749544212543,1.3968846996758102,-2.291232519517964,-0.3105429970897311
12.0,116.0,1004.2318115234376,-3.4591549774215817,-4.725385286645638,-1.4363157136733715,2.1334699404495807,2.8002276277001696,1.7767162295489922,0.264874954450739,1.3968848343587743,-2.2912913160364234,-0.310542969901159
12.0,116.0,1004.2318115234376,-3.4591549774215817,-4.725385286645638,-1.4363158007142656,2.1334699404495807,2.8002276277001696,1.7767162295489922,0.264874954450739,1.3968848343587743,-2.2912913160364234,-0.3105429696762607
12.0,116.0,1004.2318115234376,-3.4591549774215817,-4.725385296457736,-1.4363158007142656,2.1334699404495807,2.8002271900692284,1.77671728500045,0.2648749544516857,1.3968828428382256,-2.2912913160364234,-0.310543002503157
12.0,116.0,1004.2318115234376,-3.4591552701867685,-4.725385286645638,-1.4363158007142656,2.1334699404495807,2.8002276277001696,1.7767162295489922,0.264874954450739,1.396884832583574,-2.2912913160364234,-0.3105429950513825
12.0,116.0,1004.2318115234376,-3.4591552701867685,-4.725385286645638,-1.4363158007142656,2.1334699404495807,2.8002276277001696,1.7767162295489922,0.264874954450739,1.396884832583574,-2.2912913160364234,-0.3105429950513825
12.0,116.0,1004.2318115234376,-3.459155241575735,-4.725395826120705,-1.4363157124399066,2.1334699404495807,2.800227194890624,1.7767159939938642,0.2648749601509156,1.396884836554687,-2.2912864248336,-0.3105429967861609
12.0,116.0,1004.2318115234376,-3.459155283256539,-4.725395140834316,-1.4363157606356154,2.1334699404495807,2.8002272233731293,1.776715708884986,0.2648749546894984,1.3968848318764917,-2.291286950437839,-0.3105429962518565
12.0,116.0,1004.2318115234376,-3.4591549774215817,-4.725385296457736,-1.436315797618461,2.1334699404495807,2.8002271900692284,1.77671728500045,0.2648749544516857,1.3968828428382256,-2.2912913160364234,-0.310543002503157
12.0,116.0,1004.2318115234376,-3.4591549774215817,-4.725385363301434,-1.4363158696202287,2.1334699404495807,2.800227587623014,1.7767162295489922,0.264874954450739,1.3968848343587743,-2.2912937525845463,-0.3105429971055311
12.0,116.0,1004.2318115234376,-3.4591552701867685,-4.725385286645638,-1.4363158007142656,2.1334699404495807,2.8002276277001696,1.7767162295489922,0.264874954450739,1.396884832583574,-2.2912913160364234,-0.3105429950513825
12.0,116.0,1004.2318115234376,-3.459155283256539,-4.725395140834316,-1.4363157606356154,2.1334699404495807,2.8002272233731293,1.776715708884986,0.2648749600334117,1.3968848318764917,-2.291286950437839,-0.3105429962518565
12.0,116.0,1004.2318115234376,-3.459155272971767,-4.725394982704144,-1.4363157583551711,2.1334699404495807,2.80022881890418,1.77671728500045,0.2648749544516857,1.3968828428382256,-2.2912875918932807,-0.3105430023916953
12.0,116.0,1004.2318115234376,-3.459155279540445,-4.725395140834316,-1.4363157606356154,2.1334699404495807,2.800227190197732,1.7767156777597173,0.2648749544518302,1.3968828725528184,-2.291291364057973,-0.3105430024827936
12.0,116.0,1004.2318115234376,-3.459155245437875,-4.725395826120705,-1.4363157124399066,2.1334699404495807,2.800228782832132,1.7767159939938642,0.264874960147059,1.3968828227577086,-2.291290105596442,-0.3105429967861609
12.0,116.0,1004.2318115234376,-3.4591552701867685,-4.72538528660384,-1.4363158007142656,2.1334699404495807,2.8002276277001696,1.7767162288479066,0.264874954450739,1.396884832583574,-2.2912913160364234,-0.3105429967833603
12.0,116.0,1004.2318115234376,-3.4591549604837413,-4.725395826120705,-1.4363157124399066,2.1334699404495807,2.800227202227146,1.7767159939938642,0.2648749601509156,1.3968848345017728,-2.2912864248336,-0.310542996760729
12.0,116.0,1004.2318115234376,-3.459155262441458,-4.725385111751922,-1.436315795299464,2.1334699404495807,2.800226919854317,1.776716303921256,0.2648749544517692,1.396884840543104,-2.291302173463245,-0.3105429712030353
12.0,116.0,1004.2318115234376,-3.459154952134336,-4.72538531792726,-1.4363158756994214,2.1334699404495807,2.800227233858334,1.77671728500045,0.2648749544516857,1.3968828428382256,-2.2912913160364234,-0.3105429969580629
12.0,116.0,1004.2318115234376,-3.459154987706354,-4.725385454587908,-1.4363158029947098,2.1334699404495807,2.8002271823133484,1.776715708884986,0.2648749600334117,1.3968848318764917,-2.291286950437839,-0.3105429963633181
12.0,116.0,1004.2318115234376,-3.4591552701867685,-4.725385286645638,-1.4363158007142656,2.1334699404495807,2.8002276277001696,1.7767162295489922,0.264874954450739,1.396884832583574,-2.2912913160364234,-0.3105429950513825
12.0,116.0,1004.2318115234376,-3.4591549774215817,-4.725385286645638,-1.4363158007142656,2.1334699404495807,2.8002276277001696,1.7767162295489922,0.264874954450739,1.3968848343587743,-2.2912913160364234,-0.3105429696762607
12.0,116.0,1004.2318725585938,-3.459154848935621,-4.725395888978925,-1.4363157606356154,2.1334699404495807,2.800227225601465,1.7767217716685688,0.264874954690409,1.3968849176475844,-2.291289636548038,-0.3105429963306486
12.0,116.0,1004.23193359375,-3.459148700445273,-4.725385286645638,-1.4363158007142656,2.1334699404495807,2.8002276277001696,1.7767162295489922,0.2648749544500297,1.396884814975209,-2.2912913160364234,-0.3105429950513825
12.0,116.0,1004.23193359375,-3.459147905188932,-4.725395679870768,-1.4363157100753767,2.1334699404495807,2.8002461152099425,1.776761057220788,0.2648749598769817,1.396885013008914,-2.2911779810263018,-0.3105429698900954
12.0,116.0,1004.23193359375,-3.459148381317992,-4.725385121952472,-1.4363157953978904,2.1334699404495807,2.800227727272055,1.776716303921256,0.2648749544517823,1.396884840543104,-2.291302173463245,-0.3105429969033807
12.0,116.0,1004.23193359375,-3.459148364408063,-4.7253813370158335,-1.4363157953978904,2.1334699404495807,2.8002269615562447,1.776716303921256,0.2648749602134278,1.3968848365639308,-2.291302173463245,-0.3105429969134632
12.0,116.0,1004.23193359375,-3.459147953108936,-4.725396021406175,-1.4363157715213997,2.1334699404495807,2.8002461152099425,1.776761057220788,0.2648749598769817,1.396885013008914,-2.2911779810263018,-0.3105429698900954
12.0,116.0,1004.23193359375,-3.4591485160154147,-4.725385286773024,-1.4363158008054977,2.1334699404495807,2.800227626244736,1.7767162994486634,0.264874954450739,1.3968848321496532,-2.2912913160364234,-0.3105429950513825
12.0,116.0,1004.23193359375,-3.4591486621957523,-4.725385286645638,-1.4363158007142656,2.1334699404495807,2.8002276277001696,1.7767162295489922,0.2648749544507623,1.396884814975209,-2.2912913160364234,-0.3105429951486509
12.0,116.0,1004.2319946289062,-3.4591549774215817,-4.725385286645638,-1.4363157998793017,2.1334699404495807,2.800243869263467,1.776766508132145,0.2648749546188721,1.3968848343587743,-2.2912913160364234,-0.3105429696762607
12.0,116.0,1004.2319946289062,-3.459148364408063,-4.725385121952472,-1.4363157953978904,2.1334699404495807,2.8002269615562447,1.776716303921256,0.2648749544517823,1.396884840543104,-2.291302173463245,-0.3105429969134632
12.0,116.0,1004.2319946289062,-3.459148364408063,-4.725385121952472,-1.4363157953978904,2.1334699404495807,2.8002269615562447,1.776716303921256,0.2648749544517823,1.3968848365639308,-2.291302173463245,-0.3105429969134632
12.0,116.0,1004.2319946289062,-3.459148364408063,-4.725385111751922,-1.436315795299464,2.1334699404495807,2.8002269615562447,1.776716303921256,0.2648749544517823,1.396884840543104,-2.291302173463245,-0.3105429712085611
12.0,116.0,1004.2320556640624,-3.4591479616716514,-4.725385353571274,-1.4363158753652536,2.1334699404495807,2.800245134158684,1.7767709688904254,0.2648749546205907,1.3968846914337916,-2.2912326147018955,-0.3105429967832451
12.0,116.0,1004.2320556640624,-3.459147953536947,-4.725385353571274,-1.4363157726455107,2.1334699404495807,2.800243193387241,1.7767713194099986,0.2648749546306776,1.3968846914337916,-2.2912326147018955,-0.310542996201281
12.0,116.0,1004.2320556640624,-3.4591479543240427,-4.725385353571274,-1.4363157726455107,2.1334699404495807,2.800243193387241,1.7767714176397744,0.2648749546306776,1.3968846914337916,-2.291232008346068,-0.310542996201281
12.0,116.0,1004.232177734375,-3.459147908669467,-4.725385286645638,-1.4363157998793017,2.1334699404495807,2.8002450122557576,1.7767707508246544,0.2648749546188721,1.3968846915642503,-2.2912913160364234,-0.3105429696762607
12.0,116.0,1004.232177734375,-3.459148364408063,-4.725385121952472,-1.436315720718205,2.1334699404495807,2.8002451321553385,1.776770501717529,0.2648749546191586,1.3968849404160837,-2.2913160061885094,-0.3105429969054336
12.0,117.0,1004.1690063476562,-3.463485913061862,-4.725395436716059,-1.4363157997785392,2.1334699404495807,2.800227246543757,1.7767162295489922,0.2648749544500063,1.396884834261789,-2.291196537245789,-0.3105429970082627
12.0,117.0,1004.1709594726562,-3.463262327929036,-4.725395140834316,-1.4363158000346736,2.1334699404495807,2.8002272233731293,1.7767162543560997,0.2648749546894984,1.3968848319088567,-2.291286950437839,-0.3105429950639246
12.0,117.0,1004.2314453125,-3.4591549578042247,-4.725385286645638,-1.4363158727607592,2.1334699404495807,2.8002276277001696,1.7767160584908537,0.264874954450739,1.3968848329062242,-2.291058442988174,-0.3105429688140805
12.0,117.0,1004.2315063476562,-3.4591552449471057,-4.7253957155317,-1.4363158677024253,2.1334699404495807,2.8002287824150027,1.7767160530936212,0.2648749546696614,1.3968846922549178,-2.291073850796248,-0.3105429967861609
12.0,117.0,1004.2315063476562,-3.4591545264454484,-4.7253957155317,-1.4363158677024253,2.1334699404495807,2.8002287824150027,1.7767160530936212,0.2648749546680162,1.3968846922549178,-2.291073850796248,-0.310542996703442
12.0,117.0,1004.2315673828124,-3.459155241575735,-4.725395826120705,-1.4363157124399066,2.1334699404495807,2.8002287824150027,1.7767159939938642,0.2648749601509156,1.3968846922549178,-2.291140692560334,-0.3105429967861609
12.0,117.0,1004.2316284179688,-3.4591549774215817,-4.72538535137872,-1.4363158750081757,2.1334699404495807,2.800229582057227,1.7767162295489922,0.264874954450739,1.3968848343587743,-2.291196537245789,-0.3105429971055311
12.0,117.0,1004.2316284179688,-3.4591550156711017,-4.72538535137872,-1.4363158750081757,2.1334699404495807,2.800229582057227,1.7767162295489922,0.2648749544500063,1.3968848343587743,-2.291196537245789,-0.3105429970082627
12.0,117.0,1004.231689453125,-3.459154518613186,-4.725395608369982,-1.4363158095707098,2.1334699404495807,2.8002292190032194,1.7767162306123907,0.2648749544212543,1.396884836554687,-2.2912155566098864,-0.3105429971066859
12.0,117.0,1004.231689453125,-3.459148318649369,-4.725385282303107,-1.436315714355152,2.1334699404495807,2.8002287670060624,1.7767163096498853,0.2648749544490588,1.3968846925810507,-2.2911462861063585,-0.3105429967918509
12.0,117.0,1004.231689453125,-3.4591549774215817,-4.725385286645638,-1.4363157136646396,2.1334699404495807,2.800245306789752,1.7767165120448276,0.2648749544392733,1.396884685909203,-2.291290236575288,-0.3105429698487409
12.0,117.0,1004.231689453125,-3.4591552690640253,-4.725395608369982,-1.436315755333914,2.1334699404495807,2.8002278873989304,1.776714992572822,0.2648749544212543,1.3968829502514302,-2.291232519517964,-0.3105429970897311
12.0,117.0,1004.231689453125,-3.459155262402089,-4.725395586900457,-1.4363157987713566,2.1334699404495807,2.8002278442116726,1.776714992572822,0.2648749544228996,1.3968846996758102,-2.291232519517964,-0.310543002717544
12.0,117.0,1004.231689453125,-3.459148318649369,-4.725385400464703,-1.436315714355152,2.1334699404495807,2.8002287670060624,1.7767163096498853,0.2648749544490588,1.3968846925810507,-2.2911462861063585,-0.3105429967918509
12.0,117.0,1004.2317504882812,-3.459154518613186,-4.725395608369982,-1.436315876852317,2.1334699404495807,2.8002278880007783,1.776714992572822,0.2648749544212543,1.3968846996758102,-2.291232519517964,-0.3105429970897311
12.0,117.0,1004.2317504882812,-3.4591549774215817,-4.725385296457736,-1.4363158007142656,2.1334699404495807,2.800228777844399,1.77671728500045,0.2648749544516857,1.3968828428382256,-2.2912875918932807,-0.310543002503157
12.0,117.0,1004.2317504882812,-3.459154543900432,-4.725395586900457,-1.4363157987713566,2.1334699404495807,2.8002278442116726,1.776714992572822,0.2648749544212543,1.3968846996758102,-2.291232519517964,-0.3105430026348252
12.0,117.0,1004.2317504882812,-3.459154518613186,-4.725395608369982,-1.436315876852317,2.1334699404495807,2.8002278880007783,1.776714992572822,0.2648749544212543,1.3968846996758102,-2.291232519517964,-0.3105429970897311
12.0,117.0,1004.2317504882812,-3.459155241575735,-4.725395826120705,-1.4363157123136658,2.1334699404495807,2.8002287824150027,1.7767159825049466,0.2648749600839341,1.396884682234707,-2.2912758655948977,-0.31054299679002
12.0,117.0,1004.2317504882812,-3.459154518613186,-4.725395653278635,-1.4363158816299648,2.1334699404495807,2.800227246850885,1.7767149008350087,0.2648749544212543,1.3968846969929187,-2.291232519517964,-0.3105429970897311
12.0,117.0,1004.2317504882812,-3.4591545043648586,-4.725395140834316,-1.4363157614288404,2.1334699404495807,2.8002272233731293,1.776715699605086,0.2648749600334117,1.3968848318764917,-2.2912320645231268,-0.3105429963939156
12.0,117.0,1004.2318115234376,-3.4591549774215817,-4.725385286645638,-1.4363157136733715,2.1334699404495807,2.8002276277001696,1.7767162295489922,0.264874954450739,1.3968848343587743,-2.2912913160364234,-0.310542969901159
12.0,117.0,1004.2318115234376,-3.4591549774215817,-4.725385286645638,-1.4363158007142656,2.1334699404495807,2.8002276277001696,1.7767162295489922,0.264874954450739,1.3968848343587743,-2.2912913160364234,-0.3105429696762607
12.0,117.0,1004.2318115234376,-3.4591549774215817,-4.725385296457736,-1.4363158007142656,2.1334699404495807,2.8002271900692284,1.77671728500045,0.2648749544516857,1.3968828428382256,-2.2912913160364234,-0.310543002503157
12.0,117.0,1004.2318115234376,-3.4591552701867685,-4.725385286645638,-1.4363158007142656,2.1334699404495807,2.8002276277001696,1.7767162295489922,0.264874954450739,1.396884832583574,-2.2912913160364234,-0.3105429950513825
12.0,117.0,1004.2318115234376,-3.4591552701867685,-4.725385286645638,-1.4363158007142656,2.1334699404495807,2.8002276277001696,1.7767162295489922,0.264874954450739,1.396884832583574,-2.2912913160364234,-0.3105429950513825
12.0,117.0,1004.2318115234376,-3.459155241575735,-4.725395826120705,-1.4363157124399066,2.1334699404495807,2.800227194890624,1.7767159939938642,0.2648749601509156,1.396884836554687,-2.2912864248336,-0.3105429967861609
12.0,117.0,1004.2318115234376,-3.459155283256539,-4.725395140834316,-1.4363157606356154,2.1334699404495807,2.8002272233731293,1.776715708884986,0.2648749546894984,1.3968848318764917,-2.291286950437839,-0.3105429962518565
12.0,117.0,1004.2318115234376,-3.4591549774215817,-4.725385296457736,-1.436315797618461,2.1334699404495807,2.8002271900692284,1.77671728500045,0.2648749544516857,1.3968828428382256,-2.2912913160364234,-0.310543002503157
12.0,117.0,1004.2318115234376,-3.4591549774215817,-4.725385363301434,-1.4363158696202287,2.1334699404495807,2.800227587623014,1.7767162295489922,0.264874954450739,1.3968848343587743,-2.2912937525845463,-0.3105429971055311
12.0,117.0,1004.2318115234376,-3.4591552701867685,-4.725385286645638,-1.4363158007142656,2.1334699404495807,2.8002276277001696,1.7767162295489922,0.264874954450739,1.396884832583574,-2.2912913160364234,-0.3105429950513825
12.0,117.0,1004.2318115234376,-3.459155283256539,-4.725395140834316,-1.4363157606356154,2.1334699404495807,2.8002272233731293,1.776715708884986,0.2648749600334117,1.3968848318764917,-2.291286950437839,-0.3105429962518565
12.0,117.0,1004.2318115234376,-3.459155272971767,-4.725394982704144,-1.4363157583551711,2.1334699404495807,2.80022881890418,1.77671728500045,0.2648749544516857,1.3968828428382256,-2.2912875918932807,-0.3105430023916953
12.0,117.0,1004.2318115234376,-3.459155279540445,-4.725395140834316,-1.4363157606356154,2.1334699404495807,2.800227190197732,1.7767156777597173,0.2648749544518302,1.3968828725528184,-2.291291364057973,-0.3105430024827936
12.0,117.0,1004.2318115234376,-3.459155245437875,-4.725395826120705,-1.4363157124399066,2.1334699404495807,2.800228782832132,1.7767159939938642,0.264874960147059,1.3968828227577086,-2.291290105596442,-0.3105429967861609
12.0,117.0,1004.2318115234376,-3.4591552701867685,-4.72538528660384,-1.4363158007142656,2.1334699404495807,2.8002276277001696,1.7767162288479066,0.264874954450739,1.396884832583574,-2.2912913160364234,-0.3105429967833603
12.0,117.0,1004.2318115234376,-3.4591549604837413,-4.725395826120705,-1.4363157124399066,2.1334699404495807,2.800227202227146,1.7767159939938642,0.2648749601509156,1.3968848345017728,-2.2912864248336,-0.310542996760729
12.0,117.0,1004.2318115234376,-3.459155262441458,-4.725385111751922,-1.436315795299464,2.1334699404495807,2.800226919854317,1.776716303921256,0.2648749544517692,1.396884840543104,-2.291302173463245,-0.3105429712030353
12.0,117.0,1004.2318115234376,-3.459154952134336,-4.72538531792726,-1.4363158756994214,2.1334699404495807,2.800227233858334,1.77671728500045,0.2648749544516857,1.3968828428382256,-2.2912913160364234,-0.3105429969580629
12.0,117.0,1004.2318115234376,-3.459154987706354,-4.725385454587908,-1.4363158029947098,2.1334699404495807,2.8002271823133484,1.776715708884986,0.2648749600334117,1.3968848318764917,-2.291286950437839,-0.3105429963633181
12.0,117.0,1004.2318115234376,-3.4591552701867685,-4.725385286645638,-1.4363158007142656,2.1334699404495807,2.8002276277001696,1.7767162295489922,0.264874954450739,1.396884832583574,-2.2912913160364234,-0.3105429950513825
12.0,117.0,1004.2318115234376,-3.4591549774215817,-4.725385286645638,-1.4363158007142656,2.1334699404495807,2.8002276277001696,1.7767162295489922,0.264874954450739,1.3968848343587743,-2.2912913160364234,-0.3105429696762607
12.0,117.0,1004.2318115234376,-3.459155245640145,-4.7253852863340535,-1.4363158756994214,2.1334699404495807,2.800227235480839,1.77671728500045,0.2648749544516857,1.3968829133374694,-2.2912913160364234,-0.3105429969580629
12.0,117.0,1004.2318115234376,-3.459155283256539,-4.725395917099398,-1.436315764698849,2.1334699404495807,2.800227202226037,1.7767157087141516,0.2648749545860489,1.3968848318764917,-2.291286950437839,-0.3105429967537805
12.0,117.0,1004.2318115234376,-3.4591552207909007,-4.725385286645638,-1.436315773215722,2.1334699404495807,2.8002276277001696,1.7767161412043255,0.264874954450739,1.396884832583574,-2.2912913160364234,-0.3105429950183037
12.0,117.0,1004.2318115234376,-3.4591549774215817,-4.725385363301434,-1.4363158697437208,2.1334699404495807,2.800227587623014,1.7767162295489922,0.264874954450739,1.3968848343587743,-2.2912937525845463,-0.3105429971055311
12.0,117.0,1004.2318115234376,-3.459154976680958,-4.725385318197048,-1.4363158007142656,2.1334699404495807,2.800227626077665,1.7767162288479066,0.264874954450739,1.3968847620843303,-2.2912913160364234,-0.3105429967833603
12.0,117.0,1004.2318115234376,-3.459154522520928,-4.725394982704144,-1.436315879873574,2.1334699404495807,2.8002288195060285,1.77671728500045,0.2648749544516857,1.3968845922626056,-2.2912875918932807,-0.3105430023916953
12.0,117.0,1004.2318115234376,-3.459154518613186,-4.725385645354315,-1.4363158006856909,2.1334699404495807,2.8002292190032194,1.7767162306123907,0.2648749544212543,1.3968848246101753,-2.291284214793704,-0.3105430026006791
12.0,117.0,1004.2318115234376,-3.4591549604837413,-4.725395049855623,-1.436315708376673,2.1334699404495807,2.800227223374239,1.7767159941646984,0.2648749602543652,1.3968848345017728,-2.2912864248336,-0.310542996258805
12.0,118.0,1004.1690063476562,-3.463485913061862,-4.725395436716059,-1.4363157997785392,2.1334699404495807,2.800227246543757,1.7767162295489922,0.2648749544500063,1.396884834261789,-2.291196537245789,-0.3105429970082627
12.0,118.0,1004.1690063476562,-3.463485913061862,-4.725395436716059,-1.4363157997785392,2.1334699404495807,2.800227246543757,1.7767162295489922,0.2648749544500063,1.396884834261789,-2.291196537245789,-0.3105429970082627
12.0,118.0,1004.1709594726562,-3.463262327929036,-4.725395140834316,-1.4363158000346736,2.1334699404495807,2.8002272233731293,1.7767162543560997,0.2648749546894984,1.3968848319088567,-2.291286950437839,-0.3105429950639246
12.0,118.0,1004.1718139648438,-3.463170914435548,-4.725386083342244,-1.4363158000326586,2.1334699404495807,2.8002272292820245,1.7767162295489922,0.2648749546911202,1.3968848343587743,-2.2912913160364234,-0.3105429696762607
12.0,118.0,1004.1737670898438,-3.4629722479887097,-4.725385286645638,-1.4363158007428878,2.1334699404495807,2.800227640499708,1.7767162295489922,0.264874954663278,1.39688483186876,-2.2912869767877844,-0.3105429950513825
12.0,118.0,1004.2314453125,-3.4591549578042247,-4.725385286645638,-1.4363158727607592,2.1334699404495807,2.8002276277001696,1.7767160584908537,0.264874954450739,1.3968848329062242,-2.291058442988174,-0.3105429688140805
12.0,118.0,1004.2314453125,-3.4591549588668253,-4.725385286645638,-1.4363158727607592,2.1334699404495807,2.800227623946029,1.776716224380676,0.264874954450739,1.3968848343639928,-2.291058442988174,-0.3105429691600805
12.0,118.0,1004.2315063476562,-3.4591552449471057,-4.7253957155317,-1.4363158677024253,2.1334699404495807,2.8002287824150027,1.7767160530936212,0.2648749546696614,1.3968846922549178,-2.291073850796248,-0.3105429967861609
12.0,118.0,1004.2315063476562,-3.4591545264454484,-4.7253957155317,-1.4363158677024253,2.1334699404495807,2.8002287824150027,1.7767160530936212,0.2648749546680162,1.3968846922549178,-2.291073850796248,-0.310542996703442
12.0,118.0,1004.2315063476562,-3.4591552449471057,-4.725395717944316,-1.4363158662286817,2.1334699404495807,2.800227830029401,1.7767149355492031,0.2648749544225296,1.3968846922549178,-2.291073850796248,-0.3105429967861609
12.0,118.0,1004.2315063476562,-3.459154535374058,-4.725395149367924,-1.43631576273276,2.1334699404495807,2.8002287824150027,1.7767160601132292,0.2648749546648452,1.3968846922549178,-2.291079571982648,-0.310542996703442
12.0,118.0,1004.2315673828124,-3.459155241575735,-4.725395826120705,-1.4363157124399066,2.1334699404495807,2.8002287824150027,1.7767159939938642,0.2648749601509156,1.3968846922549178,-2.291140692560334,-0.3105429967861609
12.0,118.0,1004.2316284179688,-3.4591549774215817,-4.72538535137872,-1.4363158750081757,2.1334699404495807,2.800229582057227,1.7767162295489922,0.264874954450739,1.3968848343587743,-2.291196537245789,-0.3105429971055311
12.0,118.0,1004.2316284179688,-3.4591550156711017,-4.72538535137872,-1.4363158750081757,2.1334699404495807,2.800229582057227,1.7767162295489922,0.2648749544500063,1.3968848343587743,-2.291196537245789,-0.3105429970082627
12.0,118.0,1004.231689453125,-3.459154518613186,-4.725395608369982,-1.4363158095707098,2.1334699404495807,2.8002292190032194,1.7767162306123907,0.2648749544212543,1.396884836554687,-2.2912155566098864,-0.3105429971066859
12.0,118.0,1004.231689453125,-3.459148318649369,-4.725385282303107,-1.436315714355152,2.1334699404495807,2.8002287670060624,1.7767163096498853,0.2648749544490588,1.3968846925810507,-2.2911462861063585,-0.3105429967918509
12.0,118.0,1004.231689453125,-3.4591549774215817,-4.725385286645638,-1.4363157136646396,2.1334699404495807,2.800245306789752,1.7767165120448276,0.2648749544392733,1.396884685909203,-2.291290236575288,-0.3105429698487409
12.0,118.0,1004.231689453125,-3.4591552690640253,-4.725395608369982,-1.436315755333914,2.1334699404495807,2.8002278873989304,1.776714992572822,0.2648749544212543,1.3968829502514302,-2.291232519517964,-0.3105429970897311
12.0,118.0,1004.231689453125,-3.459155262402089,-4.725395586900457,-1.4363157987713566,2.1334699404495807,2.8002278442116726,1.776714992572822,0.2648749544228996,1.3968846996758102,-2.291232519517964,-0.310543002717544
12.0,118.0,1004.231689453125,-3.459148318649369,-4.725385400464703,-1.436315714355152,2.1334699404495807,2.8002287670060624,1.7767163096498853,0.2648749544490588,1.3968846925810507,-2.2911462861063585,-0.3105429967918509
12.0,118.0,1004.231689453125,-3.459155015611465,-4.725385286645638,-1.4363157136646396,2.1334699404495807,2.800245306789752,1.776716222618803,0.2648749544497694,1.3968846879946062,-2.291290236575288,-0.3105429698487409
12.0,118.0,1004.231689453125,-3.4591552708729267,-4.725395608369982,-1.436315755333914,2.1334699404495807,2.8002278873989304,1.7767149854757696,0.2648749544212543,1.3968829502514302,-2.291232519517964,-0.3105429970897311
12.0,118.0,1004.231689453125,-3.459154518613186,-4.72539562068541,-1.4363158095707098,2.1334699404495807,2.8002292190032194,1.7767162306169344,0.2648749544505751,1.3968848366735962,-2.2912155566098864,-0.3105429971552448
12.0,118.0,1004.231689453125,-3.459155262402089,-4.725385771029537,-1.436315791515969,2.1334699404495807,2.8002278442116726,1.776717223521298,0.2648749544515635,1.3968846996758102,-2.291232519517964,-0.310543002717544
12.0,118.0,1004.231689453125,-3.459155245437875,-4.725395826120705,-1.4363157211427546,2.1334699404495807,2.8002296611893533,1.7767159939938642,0.264874960261625,1.3968828227577086,-2.2912101623100725,-0.3105429967869749
12.0,118.0,1004.2317504882812,-3.459154518613186,-4.725395608369982,-1.436315876852317,2.1334699404495807,2.8002278880007783,1.776714992572822,0.2648749544212543,1.3968846996758102,-2.291232519517964,-0.3105429970897311
12.0,118.0,1004.2317504882812,-3.4591549774215817,-4.725385296457736,-1.4363158007142656,2.1334699404495807,2.800228777844399,1.77671728500045,0.2648749544516857,1.3968828428382256,-2.2912875918932807,-0.310543002503157
12.0,118.0,1004.2317504882812,-3.459154543900432,-4.725395586900457,-1.4363157987713566,2.1334699404495807,2.8002278442116726,1.776714992572822,0.2648749544212543,1.3968846996758102,-2.291232519517964,-0.3105430026348252
12.0,118.0,1004.2317504882812,-3.459154518613186,-4.725395608369982,-1.436315876852317,2.1334699404495807,2.8002278880007783,1.776714992572822,0.2648749544212543,1.3968846996758102,-2.291232519517964,-0.3105429970897311
12.0,118.0,1004.2317504882812,-3.459155241575735,-4.725395826120705,-1.4363157123136658,2.1334699404495807,2.8002287824150027,1.7767159825049466,0.2648749600839341,1.396884682234707,-2.2912758655948977,-0.31054299679002
12.0,118.0,1004.2317504882812,-3.459154518613186,-4.725395653278635,-1.4363158816299648,2.1334699404495807,2.800227246850885,1.7767149008350087,0.2648749544212543,1.3968846969929187,-2.291232519517964,-0.3105429970897311
12.0,118.0,1004.2317504882812,-3.4591545043648586,-4.725395140834316,-1.4363157614288404,2.1334699404495807,2.8002272233731293,1.776715699605086,0.2648749600334117,1.3968848318764917,-2.2912320645231268,-0.3105429963939156
12.0,118.0,1004.2317504882812,-3.4591552330046484,-4.725385137950441,-1.4363158007142656,2.1334699404495807,2.800228783134692,1.77671728500045,0.2648749544516857,1.3968828219048963,-2.2912875918932807,-0.310543002503157
12.0,118.0,1004.2317504882812,-3.4591549774215817,-4.72538535137872,-1.4363158663053277,2.1334699404495807,2.800228703700005,1.7767162295489922,0.2648749543361729,1.3968848343587743,-2.291276480532158,-0.310542997104717
12.0,118.0,1004.2317504882812,-3.459154518613186,-4.725395608369982,-1.4363157949708416,2.1334699404495807,2.8002278789205426,1.776716233047754,0.2648749544212543,1.3968848285871729,-2.291232141744694,-0.3105429947411807
12.0,118.0,1004.2317504882812,-3.459154543900432,-4.725395584487842,-1.4363158002451006,2.1334699404495807,2.8002287965972745,1.7767161101172402,0.2648749546683862,1.3968846996758102,-2.291232519517964,-0.3105430026348252
12.0,118.0,1004.2318115234376,-3.4591549774215817,-4.725385286645638,-1.4363157136733715,2.1334699404495807,2.8002276277001696,1.7767162295489922,0.264874954450739,1.3968848343587743,-2.2912913160364234,-0.310542969901159
12.0,118.0,1004.2318115234376,-3.4591549774215817,-4.725385286645638,-1.4363158007142656,2.1334699404495807,2.8002276277001696,1.7767162295489922,0.264874954450739,1.3968848343587743,-2.2912913160364234,-0.3105429696762607
12.0,118.0,1004.2318115234376,-3.4591549774215817,-4.725385296457736,-1.4363158007142656,2.1334699404495807,2.8002271900692284,1.77671728500045,0.2648749544516857,1.3968828428382256,-2.2912913160364234,-0.310543002503157
12.0,118.0,1004.2318115234376,-3.4591552701867685,-4.725385286645638,-1.4363158007142656,2.1334699404495807,2.8002276277001696,1.7767162295489922,0.264874954450739,1.396884832583574,-2.2912913160364234,-0.3105429950513825
12.0,118.0,1004.2318115234376,-3.4591552701867685,-4.725385286645638,-1.4363158007142656,2.1334699404495807,2.8002276277001696,1.7767162295489922,0.264874954450739,1.396884832583574,-2.2912913160364234,-0.3105429950513825
12.0,118.0,1004.2318115234376,-3.459155241575735,-4.725395826120705,-1.4363157124399066,2.1334699404495807,2.800227194890624,1.7767159939938642,0.2648749601509156,1.396884836554687,-2.2912864248336,-0.3105429967861609
12.0,118.0,1004.2318115234376,-3.459155283256539,-4.725395140834316,-1.4363157606356154,2.1334699404495807,2.8002272233731293,1.776715708884986,0.2648749546894984,1.3968848318764917,-2.291286950437839,-0.3105429962518565
12.0,118.0,1004.2318115234376,-3.4591549774215817,-4.725385296457736,-1.436315797618461,2.1334699404495807,2.8002271900692284,1.77671728500045,0.2648749544516857,1.3968828428382256,-2.2912913160364234,-0.310543002503157
12.0,118.0,1004.2318115234376,-3.4591549774215817,-4.725385363301434,-1.4363158696202287,2.1334699404495807,2.800227587623014,1.7767162295489922,0.264874954450739,1.3968848343587743,-2.2912937525845463,-0.3105429971055311
12.0,118.0,1004.2318115234376,-3.4591552701867685,-4.725385286645638,-1.4363158007142656,2.1334699404495807,2.8002276277001696,1.7767162295489922,0.264874954450739,1.396884832583574,-2.2912913160364234,-0.3105429950513825
12.0,118.0,1004.2318115234376,-3.459155283256539,-4.725395140834316,-1.4363157606356154,2.1334699404495807,2.8002272233731293,1.776715708884986,0.2648749600334117,1.3968848318764917,-2.291286950437839,-0.3105429962518565
12.0,118.0,1004.2318115234376,-3.459155272971767,-4.725394982704144,-1.4363157583551711,2.1334699404495807,2.80022881890418,1.77671728500045,0.2648749544516857,1.3968828428382256,-2.2912875918932807,-0.3105430023916953
12.0,118.0,1004.2318115234376,-3.459155279540445,-4.725395140834316,-1.4363157606356154,2.1334699404495807,2.800227190197732,1.7767156777597173,0.2648749544518302,1.3968828725528184,-2.291291364057973,-0.3105430024827936
12.0,118.0,1004.2318115234376,-3.459155245437875,-4.725395826120705,-1.4363157124399066,2.1334699404495807,2.800228782832132,1.7767159939938642,0.264874960147059,1.3968828227577086,-2.291290105596442,-0.3105429967861609
12.0,119.0,1004.1690063476562,-3.463485913061862,-4.725395436716059,-1.4363157997785392,2.1334699404495807,2.800227246543757,1.7767162295489922,0.2648749544500063,1.396884834261789,-2.291196537245789,-0.3105429970082627
12.0,119.0,1004.1690063476562,-3.463485913061862,-4.725395436716059,-1.4363157997785392,2.1334699404495807,2.800227246543757,1.7767162295489922,0.2648749544500063,1.396884834261789,-2.291196537245789,-0.3105429970082627
12.0,119.0,1004.1709594726562,-3.463262327929036,-4.725395140834316,-1.4363158000346736,2.1334699404495807,2.8002272233731293,1.7767162543560997,0.2648749546894984,1.3968848319088567,-2.291286950437839,-0.3105429950639246
12.0,119.0,1004.1709594726562,-3.463262327929036,-4.725395140834316,-1.4363158000346736,2.1334699404495807,2.8002272233731293,1.7767162571869617,0.2648749546894984,1.3968848523978157,-2.2912107291842507,-0.3105429950639246
12.0,119.0,1004.1718139648438,-3.463170914435548,-4.725386083342244,-1.4363158000326586,2.1334699404495807,2.8002272292820245,1.7767162295489922,0.2648749546911202,1.3968848343587743,-2.2912913160364234,-0.3105429696762607
12.0,119.0,1004.1718139648438,-3.463170914435548,-4.725386083342244,-1.4363157149271766,2.1334699404495807,2.8002270486461653,1.7767160002522002,0.2648749545113826,1.3968848343587743,-2.291143192890426,-0.3105429980373797
12.0,119.0,1004.1737060546876,-3.4629722479887097,-4.725395832655892,-1.4363158007428878,2.1334699404495807,2.800227640499708,1.7767159878850831,0.2648749546594537,1.3968828081364044,-2.291288342102195,-0.3105429950513825
12.0,119.0,1004.1737670898438,-3.4629722479887097,-4.725385286645638,-1.4363158007428878,2.1334699404495807,2.800227640499708,1.7767162295489922,0.264874954663278,1.39688483186876,-2.2912869767877844,-0.3105429950513825
12.0,119.0,1004.1737670898438,-3.4629722479887097,-4.725385286645638,-1.4363158007428878,2.1334699404495807,2.800227640499708,1.7767162295489922,0.264874954452386,1.39688483186876,-2.2912869767877844,-0.3105429950513825
12.0,119.0,1004.2301635742188,-3.459230413821911,-4.725385771029537,-1.4363157915933282,2.1334699404495807,2.8002278442116726,1.7767162220926316,0.2648749544621993,1.3968846996758102,-2.291232519517964,-0.310543002717544
12.0,119.0,1004.2314453125,-3.4591549578042247,-4.725385286645638,-1.4363158727607592,2.1334699404495807,2.8002276277001696,1.7767160584908537,0.264874954450739,1.3968848329062242,-2.291058442988174,-0.3105429688140805
12.0,119.0,1004.2314453125,-3.4591549588668253,-4.725385286645638,-1.4363158727607592,2.1334699404495807,2.800227623946029,1.776716224380676,0.264874954450739,1.3968848343639928,-2.291058442988174,-0.3105429691600805
12.0,119.0,1004.2315063476562,-3.4591552449471057,-4.7253957155317,-1.4363158677024253,2.1334699404495807,2.8002287824150027,1.7767160530936212,0.2648749546696614,1.3968846922549178,-2.291073850796248,-0.3105429967861609
12.0,119.0,1004.2315063476562,-3.4591545264454484,-4.7253957155317,-1.4363158677024253,2.1334699404495807,2.8002287824150027,1.7767160530936212,0.2648749546680162,1.3968846922549178,-2.291073850796248,-0.310542996703442
12.0,119.0,1004.2315063476562,-3.4591552449471057,-4.725395717944316,-1.4363158662286817,2.1334699404495807,2.800227830029401,1.7767149355492031,0.2648749544225296,1.3968846922549178,-2.291073850796248,-0.3105429967861609
12.0,119.0,1004.2315063476562,-3.459154535374058,-4.725395149367924,-1.43631576273276,2.1334699404495807,2.8002287824150027,1.7767160601132292,0.2648749546648452,1.3968846922549178,-2.291079571982648,-0.310542996703442
12.0,119.0,1004.2315063476562,-3.459154535374058,-4.725395382228706,-1.43631576273276,2.1334699404495807,2.8002272299357926,1.7767160626224965,0.2648749546648452,1.3968846910590555,-2.291079571982648,-0.310542996703442
12.0,119.0,1004.2315063476562,-3.459154535374058,-4.725395149367924,-1.43631576273276,2.1334699404495807,2.8002278860772827,1.7767160601132292,0.2648749546648452,1.3968846922549178,-2.29108140405221,-0.310542996703442
12.0,119.0,1004.2315673828124,-3.459155241575735,-4.725395826120705,-1.4363157124399066,2.1334699404495807,2.8002287824150027,1.7767159939938642,0.2648749601509156,1.3968846922549178,-2.291140692560334,-0.3105429967861609
12.0,119.0,1004.2315673828124,-3.4591549578042247,-4.7253852822515,-1.436315873649233,2.1334699404495807,2.8002276277001696,1.776716059963277,0.264874954450739,1.3968846872067064,-2.291143639741057,-0.3105429688140805
12.0,119.0,1004.2316284179688,-3.4591549774215817,-4.72538535137872,-1.4363158750081757,2.1334699404495807,2.800229582057227,1.7767162295489922,0.264874954450739,1.3968848343587743,-2.291196537245789,-0.3105429971055311
12.0,119.0,1004.2316284179688,-3.4591550156711017,-4.72538535137872,-1.4363158750081757,2.1334699404495807,2.800229582057227,1.7767162295489922,0.2648749544500063,1.3968848343587743,-2.291196537245789,-0.3105429970082627
12.0,119.0,1004.2316284179688,-3.4591549774215817,-4.72538535137872,-1.4363158750081757,2.1334699404495807,2.800229582057227,1.7767162295489922,0.264874954450739,1.3968848343587743,-2.291196537245789,-0.3105429971055311
12.0,119.0,1004.2316284179688,-3.4591550156711017,-4.72538535137872,-1.4363158750081757,2.1334699404495807,2.8002276167973075,1.7767162295489922,0.2648749544500063,1.3968848343587743,-2.291196537245789,-0.3105429968388216
12.0,119.0,1004.2316284179688,-3.4591545043648586,-4.725395049841199,-1.4363157121769272,2.1334699404495807,2.800227226281805,1.776715699605086,0.2648749600334117,1.396884693232641,-2.2911449166528643,-0.3105429963939156
12.0,119.0,1004.2316284179688,-3.4591549774215817,-4.725384814908366,-1.4363158049695066,2.1334699404495807,2.800229582057227,1.776716230629381,0.264874954450739,1.3968848343587743,-2.291194395235207,-0.3105429971055011
12.0,119.0,1004.231689453125,-3.459154518613186,-4.725395608369982,-1.4363158095707098,2.1334699404495807,2.8002292190032194,1.7767162306123907,0.2648749544212543,1.396884836554687,-2.2912155566098864,-0.3105429971066859
12.0,119.0,1004.231689453125,-3.459148318649369,-4.725385282303107,-1.436315714355152,2.1334699404495807,2.8002287670060624,1.7767163096498853,0.2648749544490588,1.3968846925810507,-2.2911462861063585,-0.3105429967918509
12.0,119.0,1004.231689453125,-3.4591549774215817,-4.725385286645638,-1.4363157136646396,2.1334699404495807,2.800245306789752,1.7767165120448276,0.2648749544392733,1.396884685909203,-2.291290236575288,-0.3105429698487409
12.0,119.0,1004.231689453125,-3.4591552690640253,-4.725395608369982,-1.436315755333914,2.1334699404495807,2.8002278873989304,1.776714992572822,0.2648749544212543,1.3968829502514302,-2.291232519517964,-0.3105429970897311
12.0,119.0,1004.231689453125,-3.459155262402089,-4.725395586900457,-1.4363157987713566,2.1334699404495807,2.8002278442116726,1.776714992572822,0.2648749544228996,1.3968846996758102,-2.291232519517964,-0.310543002717544
12.0,119.0,1004.231689453125,-3.459148318649369,-4.725385400464703,-1.436315714355152,2.1334699404495807,2.8002287670060624,1.7767163096498853,0.2648749544490588,1.3968846925810507,-2.2911462861063585,-0.3105429967918509
12.0,119.0,1004.231689453125,-3.459155015611465,-4.725385286645638,-1.4363157136646396,2.1334699404495807,2.800245306789752,1.776716222618803,0.2648749544497694,1.3968846879946062,-2.291290236575288,-0.3105429698487409
12.0,119.0,1004.231689453125,-3.4591552708729267,-4.725395608369982,-1.436315755333914,2.1334699404495807,2.8002278873989304,1.7767149854757696,0.2648749544212543,1.3968829502514302,-2.291232519517964,-0.3105429970897311
12.0,119.0,1004.231689453125,-3.459154518613186,-4.72539562068541,-1.4363158095707098,2.1334699404495807,2.8002292190032194,1.7767162306169344,0.2648749544505751,1.3968848366735962,-2.2912155566098864,-0.3105429971552448
12.0,119.0,1004.231689453125,-3.459155262402089,-4.725385771029537,-1.436315791515969,2.1334699404495807,2.8002278442116726,1.776717223521298,0.2648749544515635,1.3968846996758102,-2.291232519517964,-0.310543002717544
12.0,119.0,1004.231689453125,-3.459155245437875,-4.725395826120705,-1.4363157211427546,2.1334699404495807,2.8002296611893533,1.7767159939938642,0.264874960261625,1.3968828227577086,-2.2912101623100725,-0.3105429967869749
12.0,119.0,1004.231689453125,-3.4591552708729267,-4.725395608369982,-1.436315755333914,2.1334699404495807,2.8002278873989304,1.7767149854757696,0.2648749544212543,1.3968829502514302,-2.291232519517964,-0.3105429970897311
12.0,119.0,1004.231689453125,-3.459154543900432,-4.725385660618074,-1.4363158002451006,2.1334699404495807,2.8002287965972745,1.7767165296769518,0.2648749546683862,1.3968846996758102,-2.291232519517964,-0.3105430026348252
12.0,119.0,1004.231689453125,-3.459148318649369,-4.725385400464703,-1.436315714355152,2.1334699404495807,2.8002287670060624,1.7767163096498853,0.2648749544490588,1.3968846925810507,-2.2911462861063585,-0.3105429967918509
12.0,119.0,1004.2317504882812,-3.459154518613186,-4.725395608369982,-1.436315876852317,2.1334699404495807,2.8002278880007783,1.776714992572822,0.2648749544212543,1.3968846996758102,-2.291232519517964,-0.3105429970897311
12.0,119.0,1004.2317504882812,-3.4591549774215817,-4.725385296457736,-1.4363158007142656,2.1334699404495807,2.800228777844399,1.77671728500045,0.2648749544516857,1.3968828428382256,-2.2912875918932807,-0.310543002503157
12.0,119.0,1004.2317504882812,-3.459154543900432,-4.725395586900457,-1.4363157987713566,2.1334699404495807,2.8002278442116726,1.776714992572822,0.2648749544212543,1.3968846996758102,-2.291232519517964,-0.3105430026348252
12.0,119.0,1004.2317504882812,-3.459154518613186,-4.725395608369982,-1.436315876852317,2.1334699404495807,2.8002278880007783,1.776714992572822,0.2648749544212543,1.3968846996758102,-2.291232519517964,-0.3105429970897311
12.0,119.0,1004.2317504882812,-3.459155241575735,-4.725395826120705,-1.4363157123136658,2.1334699404495807,2.8002287824150027,1.7767159825049466,0.2648749600839341,1.396884682234707,-2.2912758655948977,-0.31054299679002
12.0,119.0,1004.2317504882812,-3.459154518613186,-4.725395653278635,-1.4363158816299648,2.1334699404495807,2.800227246850885,1.7767149008350087,0.2648749544212543,1.3968846969929187,-2.291232519517964,-0.3105429970897311
12.0,119.0,1004.2317504882812,-3.4591545043648586,-4.725395140834316,-1.4363157614288404,2.1334699404495807,2.8002272233731293,1.776715699605086,0.2648749600334117,1.3968848318764917,-2.2912320645231268,-0.3105429963939156
12.0,119.0,1004.2317504882812,-3.4591552330046484,-4.725385137950441,-1.4363158007142656,2.1334699404495807,2.800228783134692,1.77671728500045,0.2648749544516857,1.3968828219048963,-2.2912875918932807,-0.310543002503157
12.0,119.0,1004.2317504882812,-3.4591549774215817,-4.72538535137872,-1.4363158663053277,2.1334699404495807,2.800228703700005,1.7767162295489922,0.2648749543361729,1.3968848343587743,-2.291276480532158,-0.310542997104717
12.0,119.0,1004.2317504882812,-3.459154518613186,-4.725395608369982,-1.4363157949708416,2.1334699404495807,2.8002278789205426,1.776716233047754,0.2648749544212543,1.3968848285871729,-2.291232141744694,-0.3105429947411807
12.0,120.0,1004.1688232421876,-3.463498509719704,-4.72539584068214,-1.4363158007428878,2.1334699404495807,2.800227640499708,1.7767159895075075,0.2648749546594537,1.3968827957093226,-2.291288342102195,-0.3105429950513825
12.0,120.0,1004.1690063476562,-3.463485913061862,-4.725395436716059,-1.4363157997785392,2.1334699404495807,2.800227246543757,1.7767162295489922,0.2648749544500063,1.396884834261789,-2.291196537245789,-0.3105429970082627
12.0,120.0,1004.1690063476562,-3.463485913061862,-4.725395436716059,-1.4363157997785392,2.1334699404495807,2.800227246543757,1.7767162295489922,0.2648749544500063,1.396884834261789,-2.291196537245789,-0.3105429970082627
12.0,120.0,1004.1690063476562,-3.463485913061862,-4.725395956015469,-1.4363157997785392,2.1334699404495807,2.800227246543757,1.7767162295489922,0.2648749544500063,1.396884834261789,-2.291196537245789,-0.3105429970082627
12.0,120.0,1004.1690063476562,-3.463485913061862,-4.725395436716059,-1.4363157981559125,2.1334699404495807,2.800227246543757,1.7767162284839573,0.2648749544500063,1.3968848380965508,-2.291196537245789,-0.3105429967862811
12.0,120.0,1004.1702880859376,-3.463340138571702,-4.725385286645638,-1.4363157136646396,2.1334699404495807,2.800245306789752,1.776716229502161,0.2648749544497694,1.3968848322117453,-2.2912903387324026,-0.3105429693641642
12.0,120.0,1004.1709594726562,-3.463262327929036,-4.725395140834316,-1.4363158000346736,2.1334699404495807,2.8002272233731293,1.7767162543560997,0.2648749546894984,1.3968848319088567,-2.291286950437839,-0.3105429950639246
12.0,120.0,1004.1709594726562,-3.463262327929036,-4.725395140834316,-1.4363158000346736,2.1334699404495807,2.8002272233731293,1.7767162571869617,0.2648749546894984,1.3968848523978157,-2.2912107291842507,-0.3105429950639246
12.0,120.0,1004.1710205078124,-3.463262327929036,-4.725395140834316,-1.4363158000346736,2.1334699404495807,2.8002272233731293,1.7767162543560997,0.2648749547057504,1.3968848343447726,-2.291058097307889,-0.3105429950639246
12.0,120.0,1004.1710815429688,-3.46325298011502,-4.725396009274001,-1.4363158002190572,2.1334699404495807,2.800229582057227,1.776716259509201,0.264874954450739,1.3968848343587743,-2.291194395235207,-0.3105429971055011
12.0,120.0,1004.1718139648438,-3.463170914435548,-4.725386083342244,-1.4363158000326586,2.1334699404495807,2.8002272292820245,1.7767162295489922,0.2648749546911202,1.3968848343587743,-2.2912913160364234,-0.3105429696762607
12.0,120.0,1004.1718139648438,-3.463170914435548,-4.725386083342244,-1.4363157149271766,2.1334699404495807,2.8002270486461653,1.7767160002522002,0.2648749545113826,1.3968848343587743,-2.291143192890426,-0.3105429980373797
12.0,120.0,1004.1718139648438,-3.463170914435548,-4.725386083342244,-1.4363157149271766,2.1334699404495807,2.8002270486461653,1.7767160002522002,0.2648749545113826,1.3968848343587743,-2.291143192890426,-0.3105429980373797
12.0,120.0,1004.1737060546876,-3.4629722479887097,-4.725395832655892,-1.4363158007428878,2.1334699404495807,2.800227640499708,1.7767159878850831,0.2648749546594537,1.3968828081364044,-2.291288342102195,-0.3105429950513825
12.0,120.0,1004.1737670898438,-3.4629722479887097,-4.725385286645638,-1.4363158007428878,2.1334699404495807,2.800227640499708,1.7767162295489922,0.264874954663278,1.39688483186876,-2.2912869767877844,-0.3105429950513825
12.0,120.0,1004.1737670898438,-3.4629722479887097,-4.725385286645638,-1.4363158007428878,2.1334699404495807,2.800227640499708,1.7767162295489922,0.264874954452386,1.39688483186876,-2.2912869767877844,-0.3105429950513825
12.0,120.0,1004.1737670898438,-3.4629722479887097,-4.725384767346227,-1.4363158007428878,2.1334699404495807,2.800227640499708,1.7767162295489922,0.264874954452386,1.39688483186876,-2.2912869767877844,-0.3105429950513825
12.0,120.0,1004.173828125,-3.462967401813938,-4.725385286645638,-1.4363158007428878,2.1334699404495807,2.80022763802358,1.7767162295489922,0.2648749544523728,1.3968848342038038,-2.291195821701388,-0.3105429951239054
12.0,120.0,1004.1738891601562,-3.4629596513308685,-4.725395428689811,-1.4363157997785392,2.1334699404495807,2.800227246543757,1.776716227926568,0.2648749544500063,1.3968848466888706,-2.291196537245789,-0.3105429970082627
12.0,120.0,1004.2222900390624,-3.4591552449471057,-4.725395717944316,-1.4363158662286817,2.1334699404495807,2.804166587831445,1.7767149355492031,0.2648749544225296,1.3968846922549178,-2.291073850796248,-0.3105429967861609
12.0,120.0,1004.2301635742188,-3.459230413821911,-4.725385771029537,-1.4363157915933282,2.1334699404495807,2.8002278442116726,1.7767162220926316,0.2648749544621993,1.3968846996758102,-2.291232519517964,-0.310543002717544
12.0,120.0,1004.2314453125,-3.4591549578042247,-4.725385286645638,-1.4363158727607592,2.1334699404495807,2.8002276277001696,1.7767160584908537,0.264874954450739,1.3968848329062242,-2.291058442988174,-0.3105429688140805
12.0,120.0,1004.2314453125,-3.4591549588668253,-4.725385286645638,-1.4363158727607592,2.1334699404495807,2.800227623946029,1.776716224380676,0.264874954450739,1.3968848343639928,-2.291058442988174,-0.3105429691600805
12.0,120.0,1004.2314453125,-3.4591549578042247,-4.725385286645638,-1.4363158727607592,2.1334699404495807,2.8002276277001696,1.7767160584908537,0.264874954450739,1.3968848329062242,-2.291058442988174,-0.3105429688140805
12.0,120.0,1004.2314453125,-3.459155183455235,-4.725385400464703,-1.436315714355152,2.1334699404495807,2.800228764764504,1.7767163096498853,0.2648749544490588,1.396884692556296,-2.291074410550329,-0.3105429967918509
12.0,120.0,1004.2314453125,-3.4591549774215817,-4.7253853497063965,-1.436315866454944,2.1334699404495807,2.800228697235285,1.7767162295489922,0.2648749544382923,1.3968848343587743,-2.2910640049962856,-0.310542997104717
12.0,120.0,1004.2314453125,-3.4591545264454484,-4.725385529005389,-1.4363158677024253,2.1334699404495807,2.8002287824150027,1.7767160530936212,0.2648749546680162,1.3968846922549178,-2.29107269294022,-0.3105429689575153
12.0,120.0,1004.2315063476562,-3.4591552449471057,-4.7253957155317,-1.4363158677024253,2.1334699404495807,2.8002287824150027,1.7767160530936212,0.2648749546696614,1.3968846922549178,-2.291073850796248,-0.3105429967861609
12.0,120.0,1004.2315063476562,-3.4591545264454484,-4.7253957155317,-1.4363158677024253,2.1334699404495807,2.8002287824150027,1.7767160530936212,0.2648749546680162,1.3968846922549178,-2.291073850796248,-0.310542996703442
12.0,120.0,1004.2315063476562,-3.4591552449471057,-4.725395717944316,-1.4363158662286817,2.1334699404495807,2.800227830029401,1.7767149355492031,0.2648749544225296,1.3968846922549178,-2.291073850796248,-0.3105429967861609
12.0,120.0,1004.2315063476562,-3.459154535374058,-4.725395149367924,-1.43631576273276,2.1334699404495807,2.8002287824150027,1.7767160601132292,0.2648749546648452,1.3968846922549178,-2.291079571982648,-0.310542996703442
12.0,120.0,1004.2315063476562,-3.459154535374058,-4.725395382228706,-1.43631576273276,2.1334699404495807,2.8002272299357926,1.7767160626224965,0.2648749546648452,1.3968846910590555,-2.291079571982648,-0.310542996703442
12.0,120.0,1004.2315063476562,-3.459154535374058,-4.725395149367924,-1.43631576273276,2.1334699404495807,2.8002278860772827,1.7767160601132292,0.2648749546648452,1.3968846922549178,-2.29108140405221,-0.310542996703442
12.0,120.0,1004.2315063476562,-3.4591552449471057,-4.7253957155317,-1.4363158693250522,2.1334699404495807,2.8002287824150027,1.776716054158656,0.2648749546696614,1.396884688420156,-2.291073850796248,-0.3105429970081423
12.0,120.0,1004.2315063476562,-3.4591549774215817,-4.725395113307934,-1.4363158772344733,2.1334699404495807,2.800229519320721,1.7767162295489922,0.264874954450739,1.3968848343587743,-2.2910814410797085,-0.3105429967031534
12.0,120.0,1004.2315063476562,-3.4591549759346005,-4.7253852822515,-1.436315873649233,2.1334699404495807,2.8002443152689227,1.776716059963277,0.264874954450739,1.3968846872449483,-2.2911476898765955,-0.3105429688140805
12.0,120.0,1004.2315673828124,-3.459155241575735,-4.725395826120705,-1.4363157124399066,2.1334699404495807,2.8002287824150027,1.7767159939938642,0.2648749601509156,1.3968846922549178,-2.291140692560334,-0.3105429967861609
12.0,120.0,1004.2315673828124,-3.4591549578042247,-4.7253852822515,-1.436315873649233,2.1334699404495807,2.8002276277001696,1.776716059963277,0.264874954450739,1.3968846872067064,-2.291143639741057,-0.3105429688140805
12.0,120.0,1004.2315673828124,-3.4591545410126425,-4.725395826120705,-1.436315759778935,2.1334699404495807,2.800228851464514,1.7767159941351045,0.2648749601509156,1.3968846922549178,-2.291140692560334,-0.3105429967861609
12.0,120.0,1004.2316284179688,-3.4591549774215817,-4.72538535137872,-1.4363158750081757,2.1334699404495807,2.800229582057227,1.7767162295489922,0.264874954450739,1.3968848343587743,-2.291196537245789,-0.3105429971055311
12.0,120.0,1004.2316284179688,-3.4591550156711017,-4.72538535137872,-1.4363158750081757,2.1334699404495807,2.800229582057227,1.7767162295489922,0.2648749544500063,1.3968848343587743,-2.291196537245789,-0.3105429970082627
12.0,120.0,1004.2316284179688,-3.4591549774215817,-4.72538535137872,-1.4363158750081757,2.1334699404495807,2.800229582057227,1.7767162295489922,0.264874954450739,1.3968848343587743,-2.291196537245789,-0.3105429971055311
12.0,120.0,1004.2316284179688,-3.4591550156711017,-4.72538535137872,-1.4363158750081757,2.1334699404495807,2.8002276167973075,1.7767162295489922,0.2648749544500063,1.3968848343587743,-2.291196537245789,-0.3105429968388216
12.0,120.0,1004.2316284179688,-3.4591545043648586,-4.725395049841199,-1.4363157121769272,2.1334699404495807,2.800227226281805,1.776715699605086,0.2648749600334117,1.396884693232641,-2.2911449166528643,-0.3105429963939156
12.0,120.0,1004.2316284179688,-3.4591549774215817,-4.725384814908366,-1.4363158049695066,2.1334699404495807,2.800229582057227,1.776716230629381,0.264874954450739,1.3968848343587743,-2.291194395235207,-0.3105429971055011
12.0,120.0,1004.2316284179688,-3.45914888215177,-4.725395382228706,-1.43631576273276,2.1334699404495807,2.8002272299357926,1.776716224776539,0.2648749546648452,1.3968846994882305,-2.291079571982648,-0.310542996896709
12.0,120.0,1004.231689453125,-3.459154518613186,-4.725395608369982,-1.4363158095707098,2.1334699404495807,2.8002292190032194,1.7767162306123907,0.2648749544212543,1.396884836554687,-2.2912155566098864,-0.3105429971066859
12.0,120.0,1004.231689453125,-3.459148318649369,-4.725385282303107,-1.436315714355152,2.1334699404495807,2.8002287670060624,1.7767163096498853,0.2648749544490588,1.3968846925810507,-2.2911462861063585,-0.3105429967918509
12.0,120.0,1004.231689453125,-3.4591549774215817,-4.725385286645638,-1.4363157136646396,2.1334699404495807,2.800245306789752,1.7767165120448276,0.2648749544392733,1.396884685909203,-2.291290236575288,-0.3105429698487409
12.0,120.0,1004.231689453125,-3.4591552690640253,-4.725395608369982,-1.436315755333914,2.1334699404495807,2.8002278873989304,1.776714992572822,0.2648749544212543,1.3968829502514302,-2.291232519517964,-0.3105429970897311
12.0,121.0,1004.1688232421876,-3.463498509719704,-4.72539584068214,-1.4363158007428878,2.1334699404495807,2.800227640499708,1.7767159895075075,0.2648749546594537,1.3968827957093226,-2.291288342102195,-0.3105429950513825
12.0,121.0,1004.1688842773438,-3.463498509719704,-4.725385382461961,-1.4363158007428878,2.1334699404495807,2.800227640499708,1.7767159839592763,0.2648749546594537,1.3968827957093226,-2.291286799718101,-0.3105429950513825
12.0,121.0,1004.1690063476562,-3.463485913061862,-4.725395436716059,-1.4363157997785392,2.1334699404495807,2.800227246543757,1.7767162295489922,0.2648749544500063,1.396884834261789,-2.291196537245789,-0.3105429970082627
12.0,121.0,1004.1690063476562,-3.463485913061862,-4.725395436716059,-1.4363157997785392,2.1334699404495807,2.800227246543757,1.7767162295489922,0.2648749544500063,1.396884834261789,-2.291196537245789,-0.3105429970082627
12.0,121.0,1004.1690063476562,-3.463485913061862,-4.725395956015469,-1.4363157997785392,2.1334699404495807,2.800227246543757,1.7767162295489922,0.2648749544500063,1.396884834261789,-2.291196537245789,-0.3105429970082627
12.0,121.0,1004.1690063476562,-3.463485913061862,-4.725395436716059,-1.4363157981559125,2.1334699404495807,2.800227246543757,1.7767162284839573,0.2648749544500063,1.3968848380965508,-2.291196537245789,-0.3105429967862811
12.0,121.0,1004.1690063476562,-3.463485913061862,-4.725395436716059,-1.4363157997785392,2.1334699404495807,2.800227246543757,1.7767162295489922,0.2648749544500063,1.396884834261789,-2.291196537245789,-0.3105429970082627
12.0,121.0,1004.1690063476562,-3.463487313705333,-4.725395943048072,-1.4363157997785392,2.1334699404495807,2.800227246543757,1.776716230770692,0.264874954463242,1.396884834261789,-2.291210480458352,-0.3105429970420273
12.0,121.0,1004.1690063476562,-3.463485913061862,-4.725395436716059,-1.4363157981559125,2.1334699404495807,2.800228766501775,1.7767163114961573,0.2648749544500063,1.3968848369699414,-2.291196537245789,-0.3105429967862811
12.0,121.0,1004.1690063476562,-3.463485913061862,-4.725395436716059,-1.4363157997785392,2.1334699404495807,2.800227246543757,1.7767162295489922,0.2648749544525127,1.396884834024001,-2.291285410759456,-0.3105429970082627
12.0,121.0,1004.1697387695312,-3.4634013870055504,-4.72539539363131,-1.4363157997785392,2.1334699404495807,2.800227666261311,1.7767162295489922,0.2648749544500063,1.3968848343270392,-2.291196537245789,-0.3105429970082627
12.0,121.0,1004.1702880859376,-3.463340138571702,-4.725385286645638,-1.4363157136646396,2.1334699404495807,2.800245306789752,1.776716229502161,0.2648749544497694,1.3968848322117453,-2.2912903387324026,-0.3105429693641642
12.0,121.0,1004.1708984375,-3.463269209218111,-4.7253955712031175,-1.4363158007428878,2.1334699404495807,2.80022763802358,1.7767162295489922,0.264874954456156,1.3968848342038038,-2.291195821701388,-0.3105429951232414
12.0,121.0,1004.1709594726562,-3.463262327929036,-4.725395140834316,-1.4363158000346736,2.1334699404495807,2.8002272233731293,1.7767162543560997,0.2648749546894984,1.3968848319088567,-2.291286950437839,-0.3105429950639246
12.0,121.0,1004.1709594726562,-3.463262327929036,-4.725395140834316,-1.4363158000346736,2.1334699404495807,2.8002272233731293,1.7767162571869617,0.2648749546894984,1.3968848523978157,-2.2912107291842507,-0.3105429950639246
12.0,121.0,1004.1709594726562,-3.463262327929036,-4.725395140834316,-1.4363158000346736,2.1334699404495807,2.8002272233731293,1.7767162543560997,0.2648749546894984,1.3968848319697558,-2.291286950437839,-0.3105429950639246
12.0,121.0,1004.1709594726562,-3.463260927285565,-4.725395153801712,-1.4363158000346736,2.1334699404495807,2.8002272233731293,1.7767162559652618,0.2648749546762626,1.3968848523978157,-2.2911967859716875,-0.3105429950301599
12.0,121.0,1004.1710205078124,-3.463262327929036,-4.725395140834316,-1.4363158000346736,2.1334699404495807,2.8002272233731293,1.7767162543560997,0.2648749547057504,1.3968848343447726,-2.291058097307889,-0.3105429950639246
12.0,121.0,1004.1710205078124,-3.463261893705372,-4.7253951539378445,-1.4363158000346736,2.1334699404495807,2.8002272233731293,1.7767162543560997,0.2648749547057504,1.3968848382209489,-2.291055588449288,-0.3105429950639246
12.0,121.0,1004.1710815429688,-3.46325298011502,-4.725396009274001,-1.4363158002190572,2.1334699404495807,2.800229582057227,1.776716259509201,0.264874954450739,1.3968848343587743,-2.291194395235207,-0.3105429971055011
12.0,121.0,1004.1718139648438,-3.463170914435548,-4.725386083342244,-1.4363158000326586,2.1334699404495807,2.8002272292820245,1.7767162295489922,0.2648749546911202,1.3968848343587743,-2.2912913160364234,-0.3105429696762607
12.0,121.0,1004.1718139648438,-3.463170914435548,-4.725386083342244,-1.4363157149271766,2.1334699404495807,2.8002270486461653,1.7767160002522002,0.2648749545113826,1.3968848343587743,-2.291143192890426,-0.3105429980373797
12.0,121.0,1004.1718139648438,-3.463170914435548,-4.725386083342244,-1.4363157149271766,2.1334699404495807,2.8002270486461653,1.7767160002522002,0.2648749545113826,1.3968848343587743,-2.291143192890426,-0.3105429980373797
12.0,121.0,1004.1718139648438,-3.463170914435548,-4.725395998476657,-1.4363157149271766,2.1334699404495807,2.8002270466321337,1.7767160002522002,0.2648749545113826,1.396884833793196,-2.2912007316300613,-0.3105429981198631
12.0,121.0,1004.1720581054688,-3.4631429510214176,-4.725395199081477,-1.4363158000326586,2.1334699404495807,2.8002272292820245,1.7767162295489922,0.2648749546698046,1.3968846951730105,-2.291289296154144,-0.3105429696762607
12.0,121.0,1004.1737060546876,-3.4629722479887097,-4.725395832655892,-1.4363158007428878,2.1334699404495807,2.800227640499708,1.7767159878850831,0.2648749546594537,1.3968828081364044,-2.291288342102195,-0.3105429950513825
12.0,121.0,1004.1737670898438,-3.4629722479887097,-4.725385286645638,-1.4363158007428878,2.1334699404495807,2.800227640499708,1.7767162295489922,0.264874954663278,1.39688483186876,-2.2912869767877844,-0.3105429950513825
12.0,121.0,1004.1737670898438,-3.4629722479887097,-4.725385286645638,-1.4363158007428878,2.1334699404495807,2.800227640499708,1.7767162295489922,0.264874954452386,1.39688483186876,-2.2912869767877844,-0.3105429950513825
12.0,121.0,1004.1737670898438,-3.4629722479887097,-4.725384767346227,-1.4363158007428878,2.1334699404495807,2.800227640499708,1.7767162295489922,0.264874954452386,1.39688483186876,-2.2912869767877844,-0.3105429950513825
12.0,121.0,1004.1737670898438,-3.4629722479887097,-4.725385415828068,-1.436315803730723,2.1334699404495807,2.800227640499708,1.7767162539165426,0.264874954663278,1.39688483186876,-2.2912869767877844,-0.3105429969766398
12.0,121.0,1004.173828125,-3.462967401813938,-4.725385286645638,-1.4363158007428878,2.1334699404495807,2.80022763802358,1.7767162295489922,0.2648749544523728,1.3968848342038038,-2.291195821701388,-0.3105429951239054
12.0,121.0,1004.1738891601562,-3.4629596513308685,-4.725395428689811,-1.4363157997785392,2.1334699404495807,2.800227246543757,1.776716227926568,0.2648749544500063,1.3968848466888706,-2.291196537245789,-0.3105429970082627
12.0,121.0,1004.1738891601562,-3.4629596513308685,-4.725385513555398,-1.4363157997785392,2.1334699404495807,2.8002272485577886,1.776716227926568,0.2648749544500063,1.396884847254449,-2.291138998506153,-0.3105429969257793
12.0,121.0,1004.2222900390624,-3.4591552449471057,-4.725395717944316,-1.4363158662286817,2.1334699404495807,2.804166587831445,1.7767149355492031,0.2648749544225296,1.3968846922549178,-2.291073850796248,-0.3105429967861609
12.0,121.0,1004.2289428710938,-3.4592879831008863,-4.725385317223146,-1.4363157997785392,2.1334699404495807,2.800229709231405,1.7767162295489922,0.2648749544500063,1.3968848342583269,-2.291196537245789,-0.3105429971043906
12.0,121.0,1004.229736328125,-3.459239483860536,-4.725385329730386,-1.4363158727607592,2.1334699404495807,2.800227207982615,1.7767160584908537,0.264874954450739,1.3968848328409742,-2.291058442988174,-0.3105429688140805
12.0,121.0,1004.2301635742188,-3.459230413821911,-4.725385771029537,-1.4363157915933282,2.1334699404495807,2.8002278442116726,1.7767162220926316,0.2648749544621993,1.3968846996758102,-2.291232519517964,-0.310543002717544
12.0,121.0,1004.2301635742188,-3.459229645269026,-4.725395436716059,-1.436315866437947,2.1334699404495807,2.800227246543757,1.7767162295489922,0.2648749544500063,1.3968846937676462,-2.291197426579098,-0.3105429970082627
12.0,121.0,1004.2308959960938,-3.459183208361236,-4.725386599792467,-1.4363158693250522,2.1334699404495807,2.8002287824150027,1.776716054158656,0.2648749546909769,1.3968848276059205,-2.2910758706785272,-0.3105429970081423
12.0,121.0,1004.2314453125,-3.4591549578042247,-4.725385286645638,-1.4363158727607592,2.1334699404495807,2.8002276277001696,1.7767160584908537,0.264874954450739,1.3968848329062242,-2.291058442988174,-0.3105429688140805
12.0,121.0,1004.2314453125,-3.4591549588668253,-4.725385286645638,-1.4363158727607592,2.1334699404495807,2.800227623946029,1.776716224380676,0.264874954450739,1.3968848343639928,-2.291058442988174,-0.3105429691600805
12.0,121.0,1004.2314453125,-3.4591549578042247,-4.725385286645638,-1.4363158727607592,2.1334699404495807,2.8002276277001696,1.7767160584908537,0.264874954450739,1.3968848329062242,-2.291058442988174,-0.3105429688140805
12.0,121.0,1004.2314453125,-3.459155183455235,-4.725385400464703,-1.436315714355152,2.1334699404495807,2.800228764764504,1.7767163096498853,0.2648749544490588,1.396884692556296,-2.291074410550329,-0.3105429967918509
12.0,121.0,1004.2314453125,-3.4591549774215817,-4.7253853497063965,-1.436315866454944,2.1334699404495807,2.800228697235285,1.7767162295489922,0.2648749544382923,1.3968848343587743,-2.2910640049962856,-0.310542997104717
12.0,121.0,1004.2314453125,-3.4591545264454484,-4.725385529005389,-1.4363158677024253,2.1334699404495807,2.8002287824150027,1.7767160530936212,0.2648749546680162,1.3968846922549178,-2.29107269294022,-0.3105429689575153
12.0,121.0,1004.2315063476562,-3.4591552449471057,-4.7253957155317,-1.4363158677024253,2.1334699404495807,2.8002287824150027,1.7767160530936212,0.2648749546696614,1.3968846922549178,-2.291073850796248,-0.3105429967861609
12.0,121.0,1004.2315063476562,-3.4591545264454484,-4.7253957155317,-1.4363158677024253,2.1334699404495807,2.8002287824150027,1.7767160530936212,0.2648749546680162,1.3968846922549178,-2.291073850796248,-0.310542996703442
12.0,121.0,1004.2315063476562,-3.4591552449471057,-4.725395717944316,-1.4363158662286817,2.1334699404495807,2.800227830029401,1.7767149355492031,0.2648749544225296,1.3968846922549178,-2.291073850796248,-0.3105429967861609
12.0,121.0,1004.2315063476562,-3.459154535374058,-4.725395149367924,-1.43631576273276,2.1334699404495807,2.8002287824150027,1.7767160601132292,0.2648749546648452,1.3968846922549178,-2.291079571982648,-0.310542996703442
12.0,121.0,1004.2315063476562,-3.459154535374058,-4.725395382228706,-1.43631576273276,2.1334699404495807,2.8002272299357926,1.7767160626224965,0.2648749546648452,1.3968846910590555,-2.291079571982648,-0.310542996703442
12.0,122.0,1004.1688232421876,-3.463498509719704,-4.72539584068214,-1.4363158007428878,2.1334699404495807,2.800227640499708,1.7767159895075075,0.2648749546594537,1.3968827957093226,-2.291288342102195,-0.3105429950513825
12.0,122.0,1004.1688842773438,-3.463498509719704,-4.725385382461961,-1.4363158007428878,2.1334699404495807,2.800227640499708,1.7767159839592763,0.2648749546594537,1.3968827957093226,-2.291286799718101,-0.3105429950513825
12.0,122.0,1004.1688842773438,-3.463498509719704,-4.725396106120056,-1.4363158014342716,2.1334699404495807,2.800227640499708,1.7767160572740617,0.2648749546594537,1.3968847962537978,-2.291288342102195,-0.3105429687565417
12.0,122.0,1004.1690063476562,-3.463485913061862,-4.725395436716059,-1.4363157997785392,2.1334699404495807,2.800227246543757,1.7767162295489922,0.2648749544500063,1.396884834261789,-2.291196537245789,-0.3105429970082627
12.0,122.0,1004.1690063476562,-3.463485913061862,-4.725395436716059,-1.4363157997785392,2.1334699404495807,2.800227246543757,1.7767162295489922,0.2648749544500063,1.396884834261789,-2.291196537245789,-0.3105429970082627
12.0,122.0,1004.1690063476562,-3.463485913061862,-4.725395956015469,-1.4363157997785392,2.1334699404495807,2.800227246543757,1.7767162295489922,0.2648749544500063,1.396884834261789,-2.291196537245789,-0.3105429970082627
12.0,122.0,1004.1690063476562,-3.463485913061862,-4.725395436716059,-1.4363157981559125,2.1334699404495807,2.800227246543757,1.7767162284839573,0.2648749544500063,1.3968848380965508,-2.291196537245789,-0.3105429967862811
12.0,122.0,1004.1690063476562,-3.463485913061862,-4.725395436716059,-1.4363157997785392,2.1334699404495807,2.800227246543757,1.7767162295489922,0.2648749544500063,1.396884834261789,-2.291196537245789,-0.3105429970082627
12.0,122.0,1004.1690063476562,-3.463487313705333,-4.725395943048072,-1.4363157997785392,2.1334699404495807,2.800227246543757,1.776716230770692,0.264874954463242,1.396884834261789,-2.291210480458352,-0.3105429970420273
12.0,122.0,1004.1690063476562,-3.463485913061862,-4.725395436716059,-1.4363157981559125,2.1334699404495807,2.800228766501775,1.7767163114961573,0.2648749544500063,1.3968848369699414,-2.291196537245789,-0.3105429967862811
12.0,122.0,1004.1690063476562,-3.463485913061862,-4.725395436716059,-1.4363157997785392,2.1334699404495807,2.800227246543757,1.7767162295489922,0.2648749544525127,1.396884834024001,-2.291285410759456,-0.3105429970082627
12.0,122.0,1004.1690063476562,-3.463485913061862,-4.725395436716059,-1.4363157997785392,2.1334699404495807,2.800227246543757,1.7767162295489922,0.2648749544500063,1.396884834261789,-2.291196537245789,-0.3105429970248278
12.0,122.0,1004.1690063476562,-3.463486982916797,-4.725395560049697,-1.4363157997760316,2.1334699404495807,2.800227246543757,1.7767162307579636,0.264874954463242,1.396884834261789,-2.291210480458352,-0.3105429970420273
12.0,122.0,1004.1690063476562,-3.463485913061862,-4.7253849871642855,-1.436315800678609,2.1334699404495807,2.800227246543757,1.7767162300223391,0.2648749544398278,1.3968848062141943,-2.291286169053385,-0.3105429967298914
12.0,122.0,1004.1690063476562,-3.463485913061862,-4.725385781823753,-1.4363157997785392,2.1334699404495807,2.800227246543757,1.7767162295489922,0.2648749544498204,1.396884834261789,-2.2911965846031803,-0.3105429970082627
12.0,122.0,1004.1690673828124,-3.463472732722367,-4.72539584068214,-1.4363158007428878,2.1334699404495807,2.800227640499708,1.7767159895075075,0.2648749546594537,1.3968827290096746,-2.2912883065365954,-0.3105429950513825
12.0,122.0,1004.1697387695312,-3.4634013870055504,-4.72539539363131,-1.4363157997785392,2.1334699404495807,2.800227666261311,1.7767162295489922,0.2648749544500063,1.3968848343270392,-2.291196537245789,-0.3105429970082627
12.0,122.0,1004.1697387695312,-3.4634013870055504,-4.72539539363131,-1.436315714601652,2.1334699404495807,2.800227666261311,1.7767162295475396,0.2648749544500063,1.3968848343270392,-2.291196537245789,-0.3105429967608467
12.0,122.0,1004.1697387695312,-3.4634013870055504,-4.72539539363131,-1.4363157997785392,2.1334699404495807,2.800227666261311,1.7767162295489922,0.2648749544500063,1.3968848343270392,-2.291196537245789,-0.3105429970082627
12.0,122.0,1004.1702880859376,-3.463340138571702,-4.725385286645638,-1.4363157136646396,2.1334699404495807,2.800245306789752,1.776716229502161,0.2648749544497694,1.3968848322117453,-2.2912903387324026,-0.3105429693641642
12.0,122.0,1004.1702880859376,-3.463340138571702,-4.725385286645638,-1.436315798841527,2.1334699404495807,2.800245306789752,1.776716229503614,0.2648749544497694,1.3968848322117453,-2.2912903387324026,-0.3105429696115801
12.0,122.0,1004.1703491210938,-3.463338798506842,-4.725385286645638,-1.4363157150806003,2.1334699404495807,2.8002456384645846,1.7767162307229154,0.2648749544497694,1.3968848343494382,-2.291207281173617,-0.3105429693641642
12.0,122.0,1004.1708984375,-3.463269209218111,-4.7253955712031175,-1.4363158007428878,2.1334699404495807,2.80022763802358,1.7767162295489922,0.264874954456156,1.3968848342038038,-2.291195821701388,-0.3105429951232414
12.0,122.0,1004.1708984375,-3.463269540006648,-4.725395954201493,-1.436315800745395,2.1334699404495807,2.80022763802358,1.7767162295617205,0.264874954456156,1.3968848342038038,-2.291195821701388,-0.3105429951232414
12.0,122.0,1004.1709594726562,-3.463262327929036,-4.725395140834316,-1.4363158000346736,2.1334699404495807,2.8002272233731293,1.7767162543560997,0.2648749546894984,1.3968848319088567,-2.291286950437839,-0.3105429950639246
12.0,122.0,1004.1709594726562,-3.463262327929036,-4.725395140834316,-1.4363158000346736,2.1334699404495807,2.8002272233731293,1.7767162571869617,0.2648749546894984,1.3968848523978157,-2.2912107291842507,-0.3105429950639246
12.0,122.0,1004.1709594726562,-3.463262327929036,-4.725395140834316,-1.4363158000346736,2.1334699404495807,2.8002272233731293,1.7767162543560997,0.2648749546894984,1.3968848319697558,-2.291286950437839,-0.3105429950639246
12.0,122.0,1004.1709594726562,-3.463260927285565,-4.725395153801712,-1.4363158000346736,2.1334699404495807,2.8002272233731293,1.7767162559652618,0.2648749546762626,1.3968848523978157,-2.2911967859716875,-0.3105429950301599
12.0,122.0,1004.1709594726562,-3.463262327929036,-4.725395140834316,-1.4363158000346736,2.1334699404495807,2.8002276233024617,1.776716254276082,0.2648749546894984,1.3968848319697558,-2.291286950437839,-0.3105429950639246
12.0,122.0,1004.1709594726562,-3.463262327929036,-4.725395140834316,-1.4363158000346736,2.1334699404495807,2.8002272233731293,1.7767162543560997,0.2648749546894984,1.3968848319088567,-2.291286950437839,-0.3105429950639246
12.0,122.0,1004.1709594726562,-3.463260638743164,-4.725395153801712,-1.4363158000346736,2.1334699404495807,2.800226950149354,1.776716259561706,0.2648749546762626,1.3968848526750088,-2.2911943933911054,-0.3105429950301599
12.0,122.0,1004.1710205078124,-3.463262327929036,-4.725395140834316,-1.4363158000346736,2.1334699404495807,2.8002272233731293,1.7767162543560997,0.2648749547057504,1.3968848343447726,-2.291058097307889,-0.3105429950639246
12.0,122.0,1004.1710205078124,-3.463261893705372,-4.7253951539378445,-1.4363158000346736,2.1334699404495807,2.8002272233731293,1.7767162543560997,0.2648749547057504,1.3968848382209489,-2.291055588449288,-0.3105429950639246
12.0,122.0,1004.1710205078124,-3.463255272817712,-4.7253951539378445,-1.4363158000346736,2.1334699404495807,2.8002272233731293,1.7767162543560997,0.2648749547057504,1.3968848382335315,-2.291201370887025,-0.3105429979358595
12.0,122.0,1004.1710815429688,-3.46325298011502,-4.725396009274001,-1.4363158002190572,2.1334699404495807,2.800229582057227,1.776716259509201,0.264874954450739,1.3968848343587743,-2.291194395235207,-0.3105429971055011
12.0,122.0,1004.1710815429688,-3.463250670552452,-4.725395136999549,-1.4363157997135287,2.1334699404495807,2.800227246141433,1.7767162543560997,0.2648749546810845,1.3968848343447726,-2.291058097307889,-0.3105429951143479
12.0,122.0,1004.1718139648438,-3.463170914435548,-4.725386083342244,-1.4363158000326586,2.1334699404495807,2.8002272292820245,1.7767162295489922,0.2648749546911202,1.3968848343587743,-2.2912913160364234,-0.3105429696762607
12.0,122.0,1004.1718139648438,-3.463170914435548,-4.725386083342244,-1.4363157149271766,2.1334699404495807,2.8002270486461653,1.7767160002522002,0.2648749545113826,1.3968848343587743,-2.291143192890426,-0.3105429980373797
12.0,122.0,1004.1718139648438,-3.463170914435548,-4.725386083342244,-1.4363157149271766,2.1334699404495807,2.8002270486461653,1.7767160002522002,0.2648749545113826,1.3968848343587743,-2.291143192890426,-0.3105429980373797
12.0,122.0,1004.1718139648438,-3.463170914435548,-4.725395998476657,-1.4363157149271766,2.1334699404495807,2.8002270466321337,1.7767160002522002,0.2648749545113826,1.396884833793196,-2.2912007316300613,-0.3105429981198631
12.0,122.0,1004.1718139648438,-3.463170914435548,-4.725386083342244,-1.4363158000326586,2.1334699404495807,2.8002272292820245,1.7767162295489922,0.2648749546911202,1.3968848343587743,-2.2912913160364234,-0.3105429696762607
12.0,122.0,1004.1720581054688,-3.4631429510214176,-4.725395199081477,-1.4363158000326586,2.1334699404495807,2.8002272292820245,1.7767162295489922,0.2648749546698046,1.3968846951730105,-2.291289296154144,-0.3105429696762607
12.0,122.0,1004.1737060546876,-3.4629722479887097,-4.725395832655892,-1.4363158007428878,2.1334699404495807,2.800227640499708,1.7767159878850831,0.2648749546594537,1.3968828081364044,-2.291288342102195,-0.3105429950513825
12.0,122.0,1004.1737060546876,-3.462970935260083,-4.725395832655892,-1.4363158007428878,2.1334699404495807,2.8002272322826585,1.776716015460296,0.2648749546594537,1.3968828274441738,-2.291288342102195,-0.3105429950513825
12.0,122.0,1004.1737060546876,-3.4629722479887097,-4.725395832655892,-1.4363158006916954,2.1334699404495807,2.800227640499708,1.7767159878850831,0.2648749546547694,1.3968828081364044,-2.291288342102195,-0.310542996925013
12.0,122.0,1004.1737670898438,-3.4629722479887097,-4.725385286645638,-1.4363158007428878,2.1334699404495807,2.800227640499708,1.7767162295489922,0.264874954663278,1.39688483186876,-2.2912869767877844,-0.3105429950513825
12.0,122.0,1004.1737670898438,-3.4629722479887097,-4.725385286645638,-1.4363158007428878,2.1334699404495807,2.800227640499708,1.7767162295489922,0.264874954452386,1.39688483186876,-2.2912869767877844,-0.3105429950513825
12.0,122.0,1004.1737670898438,-3.4629722479887097,-4.725384767346227,-1.4363158007428878,2.1334699404495807,2.800227640499708,1.7767162295489922,0.264874954452386,1.39688483186876,-2.2912869767877844,-0.3105429950513825
12.0,122.0,1004.1737670898438,-3.4629722479887097,-4.725385415828068,-1.436315803730723,2.1334699404495807,2.800227640499708,1.7767162539165426,0.264874954663278,1.39688483186876,-2.2912869767877844,-0.3105429969766398
12.0,122.0,1004.1737670898438,-3.4629722479887097,-4.725384767346227,-1.4363158007428878,2.1334699404495807,2.800227640499708,1.7767162295489922,0.264874954452386,1.39688483186876,-2.2912869767877844,-0.3105429950513825
12.0,123.0,1004.1688232421876,-3.463498509719704,-4.72539584068214,-1.4363158007428878,2.1334699404495807,2.800227640499708,1.7767159895075075,0.2648749546594537,1.3968827957093226,-2.291288342102195,-0.3105429950513825
12.0,123.0,1004.1688842773438,-3.463498509719704,-4.725385382461961,-1.4363158007428878,2.1334699404495807,2.800227640499708,1.7767159839592763,0.2648749546594537,1.3968827957093226,-2.291286799718101,-0.3105429950513825
12.0,123.0,1004.1688842773438,-3.463498509719704,-4.725396106120056,-1.4363158014342716,2.1334699404495807,2.800227640499708,1.7767160572740617,0.2648749546594537,1.3968847962537978,-2.291288342102195,-0.3105429687565417
12.0,123.0,1004.1688842773438,-3.463499193167545,-4.725395436716059,-1.4363157981651893,2.1334699404495807,2.800227246543757,1.7767159887304027,0.2648749544500063,1.3968848330307817,-2.291286358363531,-0.3105429967862811
12.0,123.0,1004.1688842773438,-3.463498509719704,-4.725396106120056,-1.4363157980595516,2.1334699404495807,2.8002276318427,1.776716285239476,0.2648749546594537,1.3968847962537978,-2.291288342102195,-0.3105429675271199
12.0,123.0,1004.1690063476562,-3.463485913061862,-4.725395436716059,-1.4363157997785392,2.1334699404495807,2.800227246543757,1.7767162295489922,0.2648749544500063,1.396884834261789,-2.291196537245789,-0.3105429970082627
12.0,123.0,1004.1690063476562,-3.463485913061862,-4.725395436716059,-1.4363157997785392,2.1334699404495807,2.800227246543757,1.7767162295489922,0.2648749544500063,1.396884834261789,-2.291196537245789,-0.3105429970082627
12.0,123.0,1004.1690063476562,-3.463485913061862,-4.725395956015469,-1.4363157997785392,2.1334699404495807,2.800227246543757,1.7767162295489922,0.2648749544500063,1.396884834261789,-2.291196537245789,-0.3105429970082627
12.0,123.0,1004.1690063476562,-3.463485913061862,-4.725395436716059,-1.4363157981559125,2.1334699404495807,2.800227246543757,1.7767162284839573,0.2648749544500063,1.3968848380965508,-2.291196537245789,-0.3105429967862811
12.0,123.0,1004.1690063476562,-3.463485913061862,-4.725395436716059,-1.4363157997785392,2.1334699404495807,2.800227246543757,1.7767162295489922,0.2648749544500063,1.396884834261789,-2.291196537245789,-0.3105429970082627
12.0,123.0,1004.1690063476562,-3.463487313705333,-4.725395943048072,-1.4363157997785392,2.1334699404495807,2.800227246543757,1.776716230770692,0.264874954463242,1.396884834261789,-2.291210480458352,-0.3105429970420273
12.0,123.0,1004.1690063476562,-3.463485913061862,-4.725395436716059,-1.4363157981559125,2.1334699404495807,2.800228766501775,1.7767163114961573,0.2648749544500063,1.3968848369699414,-2.291196537245789,-0.3105429967862811
12.0,123.0,1004.1690063476562,-3.463485913061862,-4.725395436716059,-1.4363157997785392,2.1334699404495807,2.800227246543757,1.7767162295489922,0.2648749544525127,1.396884834024001,-2.291285410759456,-0.3105429970082627
12.0,123.0,1004.1690063476562,-3.463485913061862,-4.725395436716059,-1.4363157997785392,2.1334699404495807,2.800227246543757,1.7767162295489922,0.2648749544500063,1.396884834261789,-2.291196537245789,-0.3105429970248278
12.0,123.0,1004.1690063476562,-3.463486982916797,-4.725395560049697,-1.4363157997760316,2.1334699404495807,2.800227246543757,1.7767162307579636,0.264874954463242,1.396884834261789,-2.291210480458352,-0.3105429970420273
12.0,123.0,1004.1690063476562,-3.463485913061862,-4.7253849871642855,-1.436315800678609,2.1334699404495807,2.800227246543757,1.7767162300223391,0.2648749544398278,1.3968848062141943,-2.291286169053385,-0.3105429967298914
12.0,123.0,1004.1690063476562,-3.463485913061862,-4.725385781823753,-1.4363157997785392,2.1334699404495807,2.800227246543757,1.7767162295489922,0.2648749544498204,1.396884834261789,-2.2911965846031803,-0.3105429970082627
12.0,123.0,1004.1690063476562,-3.463485913061862,-4.725395436716059,-1.4363157997785392,2.1334699404495807,2.800227246543757,1.7767162295489922,0.2648749544525265,1.396884834024001,-2.291285410759456,-0.3105429970082627
12.0,123.0,1004.1690063476562,-3.463485913061862,-4.725395952731445,-1.4363157981559127,2.1334699404495807,2.800228766501775,1.7767163114961573,0.2648749544500063,1.3968848369699414,-2.291196537245789,-0.3105429967965398
12.0,123.0,1004.1690063476562,-3.463480712370659,-4.7253954420337525,-1.4363158000346736,2.1334699404495807,2.8002272233731293,1.7767162301519634,0.2648749546894984,1.3968848319464122,-2.291286264689964,-0.3105429950639246
12.0,123.0,1004.1690063476562,-3.4634864391173994,-4.725385010030731,-1.4363157997760316,2.1334699404495807,2.800227246543757,1.7767162307003872,0.2648749544637067,1.3968848323537724,-2.2912936660029537,-0.3105429991890231
12.0,123.0,1004.1690063476562,-3.463487313705333,-4.725395943048072,-1.4363157997785392,2.1334699404495807,2.800227246543757,1.776716230770692,0.264874954463242,1.396884834261789,-2.291210480458352,-0.3105429970424978
12.0,123.0,1004.1690063476562,-3.463485913061862,-4.725385781823753,-1.4363157997785392,2.1334699404495807,2.800227246543757,1.7767162295489922,0.2648749544498067,1.396884834261789,-2.2911965846031803,-0.3105429970082627
12.0,123.0,1004.1690063476562,-3.463485913061862,-4.725395440000083,-1.4363157997785387,2.1334699404495807,2.800227246543757,1.7767162295489922,0.2648749544500063,1.396884834261789,-2.291196537245789,-0.310542996998004
12.0,123.0,1004.1690673828124,-3.463472732722367,-4.72539584068214,-1.4363158007428878,2.1334699404495807,2.800227640499708,1.7767159895075075,0.2648749546594537,1.3968827290096746,-2.2912883065365954,-0.3105429950513825
12.0,123.0,1004.1697387695312,-3.4634013870055504,-4.72539539363131,-1.4363157997785392,2.1334699404495807,2.800227666261311,1.7767162295489922,0.2648749544500063,1.3968848343270392,-2.291196537245789,-0.3105429970082627
12.0,123.0,1004.1697387695312,-3.4634013870055504,-4.72539539363131,-1.436315714601652,2.1334699404495807,2.800227666261311,1.7767162295475396,0.2648749544500063,1.3968848343270392,-2.291196537245789,-0.3105429967608467
12.0,123.0,1004.1697387695312,-3.4634013870055504,-4.72539539363131,-1.4363157997785392,2.1334699404495807,2.800227666261311,1.7767162295489922,0.2648749544500063,1.3968848343270392,-2.291196537245789,-0.3105429970082627
12.0,123.0,1004.1697387695312,-3.463401354137752,-4.7253951539378445,-1.4363158000346736,2.1334699404495807,2.8002272088381948,1.7767162293124574,0.2648749544565748,1.3968848382335315,-2.291201476944112,-0.3105429979698718
12.0,123.0,1004.1697387695312,-3.4634013870055504,-4.72539539363131,-1.436315714601652,2.1334699404495807,2.800227666261311,1.7767162295475396,0.2648749544497708,1.3968848343270392,-2.291196537245789,-0.3105429967608467
12.0,123.0,1004.1702880859376,-3.463340138571702,-4.725385286645638,-1.4363157136646396,2.1334699404495807,2.800245306789752,1.776716229502161,0.2648749544497694,1.3968848322117453,-2.2912903387324026,-0.3105429693641642
12.0,123.0,1004.1702880859376,-3.463340138571702,-4.725385286645638,-1.436315798841527,2.1334699404495807,2.800245306789752,1.776716229503614,0.2648749544497694,1.3968848322117453,-2.2912903387324026,-0.3105429696115801
12.0,123.0,1004.1702880859376,-3.463335806051865,-4.725395246292312,-1.4363158012459536,2.1334699404495807,2.800228604021374,1.776716229502161,0.2648749544536215,1.3968848322117453,-2.2912903387324026,-0.3105429952874063
12.0,123.0,1004.1703491210938,-3.463338798506842,-4.725385286645638,-1.4363157150806003,2.1334699404495807,2.8002456384645846,1.7767162307229154,0.2648749544497694,1.3968848343494382,-2.291207281173617,-0.3105429693641642
12.0,123.0,1004.1703491210938,-3.463338798506842,-4.725385286645638,-1.4363157150806003,2.1334699404495807,2.8002456384645846,1.7767162307229154,0.2648749544500048,1.3968848343494382,-2.291207281173617,-0.3105429693641642
12.0,123.0,1004.1707763671876,-3.4632814840406496,-4.725395436716059,-1.436315799780218,2.1334699404495807,2.800227624322064,1.7767162547404869,0.2648749546947465,1.3968848340559827,-2.291285356457537,-0.3105429951677884
12.0,123.0,1004.1708984375,-3.463269209218111,-4.7253955712031175,-1.4363158007428878,2.1334699404495807,2.80022763802358,1.7767162295489922,0.264874954456156,1.3968848342038038,-2.291195821701388,-0.3105429951232414
12.0,123.0,1004.1708984375,-3.463269540006648,-4.725395954201493,-1.436315800745395,2.1334699404495807,2.80022763802358,1.7767162295617205,0.264874954456156,1.3968848342038038,-2.291195821701388,-0.3105429951232414
12.0,123.0,1004.1709594726562,-3.463262327929036,-4.725395140834316,-1.4363158000346736,2.1334699404495807,2.8002272233731293,1.7767162543560997,0.2648749546894984,1.3968848319088567,-2.291286950437839,-0.3105429950639246
12.0,123.0,1004.1709594726562,-3.463262327929036,-4.725395140834316,-1.4363158000346736,2.1334699404495807,2.8002272233731293,1.7767162571869617,0.2648749546894984,1.3968848523978157,-2.2912107291842507,-0.3105429950639246
12.0,123.0,1004.1709594726562,-3.463262327929036,-4.725395140834316,-1.4363158000346736,2.1334699404495807,2.8002272233731293,1.7767162543560997,0.2648749546894984,1.3968848319697558,-2.291286950437839,-0.3105429950639246
12.0,123.0,1004.1709594726562,-3.463260927285565,-4.725395153801712,-1.4363158000346736,2.1334699404495807,2.8002272233731293,1.7767162559652618,0.2648749546762626,1.3968848523978157,-2.2911967859716875,-0.3105429950301599
12.0,123.0,1004.1709594726562,-3.463262327929036,-4.725395140834316,-1.4363158000346736,2.1334699404495807,2.8002276233024617,1.776716254276082,0.2648749546894984,1.3968848319697558,-2.291286950437839,-0.3105429950639246
12.0,123.0,1004.1709594726562,-3.463262327929036,-4.725395140834316,-1.4363158000346736,2.1334699404495807,2.8002272233731293,1.7767162543560997,0.2648749546894984,1.3968848319088567,-2.291286950437839,-0.3105429950639246
12.0,123.0,1004.1709594726562,-3.463260638743164,-4.725395153801712,-1.4363158000346736,2.1334699404495807,2.800226950149354,1.776716259561706,0.2648749546762626,1.3968848526750088,-2.2911943933911054,-0.3105429950301599
12.0,123.0,1004.1709594726562,-3.463262327929036,-4.725395947930169,-1.4363158000439842,2.1334699404495807,2.800227248562757,1.776716254276082,0.2648749544592778,1.3968848319697558,-2.2912911184374924,-0.3105429969340241
12.0,123.0,1004.1709594726562,-3.4632604193862435,-4.725395154171945,-1.436315799779451,2.1334699404495807,2.800227658671123,1.776716256033752,0.2648749546762626,1.3968848514438963,-2.2911967859716875,-0.3105429949543505
12.0,123.0,1004.1710205078124,-3.463262327929036,-4.725395140834316,-1.4363158000346736,2.1334699404495807,2.8002272233731293,1.7767162543560997,0.2648749547057504,1.3968848343447726,-2.291058097307889,-0.3105429950639246
12.0,123.0,1004.1710205078124,-3.463261893705372,-4.7253951539378445,-1.4363158000346736,2.1334699404495807,2.8002272233731293,1.7767162543560997,0.2648749547057504,1.3968848382209489,-2.291055588449288,-0.3105429950639246
12.0,123.0,1004.1710205078124,-3.463255272817712,-4.7253951539378445,-1.4363158000346736,2.1334699404495807,2.8002272233731293,1.7767162543560997,0.2648749547057504,1.3968848382335315,-2.291201370887025,-0.3105429979358595
12.0,124.0,1004.1688232421876,-3.463498509719704,-4.72539584068214,-1.4363158007428878,2.1334699404495807,2.800227640499708,1.7767159895075075,0.2648749546594537,1.3968827957093226,-2.291288342102195,-0.3105429950513825
12.0,124.0,1004.1688232421876,-3.463498509719704,-4.72539584068214,-1.4363158007428878,2.1334699404495807,2.800227640499708,1.7767159895075075,0.2648749546594537,1.3968827957093226,-2.291288342102195,-0.3105429950513825
12.0,124.0,1004.1688842773438,-3.463498509719704,-4.725385382461961,-1.4363158007428878,2.1334699404495807,2.800227640499708,1.7767159839592763,0.2648749546594537,1.3968827957093226,-2.291286799718101,-0.3105429950513825
12.0,124.0,1004.1688842773438,-3.463498509719704,-4.725396106120056,-1.4363158014342716,2.1334699404495807,2.800227640499708,1.7767160572740617,0.2648749546594537,1.3968847962537978,-2.291288342102195,-0.3105429687565417
12.0,124.0,1004.1688842773438,-3.463499193167545,-4.725395436716059,-1.4363157981651893,2.1334699404495807,2.800227246543757,1.7767159887304027,0.2648749544500063,1.3968848330307817,-2.291286358363531,-0.3105429967862811
12.0,124.0,1004.1688842773438,-3.463498509719704,-4.725396106120056,-1.4363157980595516,2.1334699404495807,2.8002276318427,1.776716285239476,0.2648749546594537,1.3968847962537978,-2.291288342102195,-0.3105429675271199
12.0,124.0,1004.1688842773438,-3.463499193167545,-4.725395436716059,-1.436315798134858,2.1334699404495807,2.8002272463276663,1.7767159887304027,0.2648749544500063,1.3968848330307817,-2.291286358363531,-0.3105429950391127
12.0,124.0,1004.1689453125,-3.463498509719704,-4.725385284861874,-1.4363158007428878,2.1334699404495807,2.800246756419396,1.7767159839592763,0.2648749546591862,1.3968827957093226,-2.291208730971144,-0.3105429950513825
12.0,124.0,1004.1690063476562,-3.463485913061862,-4.725395436716059,-1.4363157997785392,2.1334699404495807,2.800227246543757,1.7767162295489922,0.2648749544500063,1.396884834261789,-2.291196537245789,-0.3105429970082627
12.0,124.0,1004.1690063476562,-3.463485913061862,-4.725395436716059,-1.4363157997785392,2.1334699404495807,2.800227246543757,1.7767162295489922,0.2648749544500063,1.396884834261789,-2.291196537245789,-0.3105429970082627
12.0,124.0,1004.1690063476562,-3.463485913061862,-4.725395956015469,-1.4363157997785392,2.1334699404495807,2.800227246543757,1.7767162295489922,0.2648749544500063,1.396884834261789,-2.291196537245789,-0.3105429970082627
12.0,124.0,1004.1690063476562,-3.463485913061862,-4.725395436716059,-1.4363157981559125,2.1334699404495807,2.800227246543757,1.7767162284839573,0.2648749544500063,1.3968848380965508,-2.291196537245789,-0.3105429967862811
12.0,124.0,1004.1690063476562,-3.463485913061862,-4.725395436716059,-1.4363157997785392,2.1334699404495807,2.800227246543757,1.7767162295489922,0.2648749544500063,1.396884834261789,-2.291196537245789,-0.3105429970082627
12.0,124.0,1004.1690063476562,-3.463487313705333,-4.725395943048072,-1.4363157997785392,2.1334699404495807,2.800227246543757,1.776716230770692,0.264874954463242,1.396884834261789,-2.291210480458352,-0.3105429970420273
12.0,124.0,1004.1690063476562,-3.463485913061862,-4.725395436716059,-1.4363157981559125,2.1334699404495807,2.800228766501775,1.7767163114961573,0.2648749544500063,1.3968848369699414,-2.291196537245789,-0.3105429967862811
12.0,124.0,1004.1690063476562,-3.463485913061862,-4.725395436716059,-1.4363157997785392,2.1334699404495807,2.800227246543757,1.7767162295489922,0.2648749544525127,1.396884834024001,-2.291285410759456,-0.3105429970082627
12.0,124.0,1004.1690063476562,-3.463485913061862,-4.725395436716059,-1.4363157997785392,2.1334699404495807,2.800227246543757,1.7767162295489922,0.2648749544500063,1.396884834261789,-2.291196537245789,-0.3105429970248278
12.0,124.0,1004.1690063476562,-3.463486982916797,-4.725395560049697,-1.4363157997760316,2.1334699404495807,2.800227246543757,1.7767162307579636,0.264874954463242,1.396884834261789,-2.291210480458352,-0.3105429970420273
12.0,124.0,1004.1690063476562,-3.463485913061862,-4.7253849871642855,-1.436315800678609,2.1334699404495807,2.800227246543757,1.7767162300223391,0.2648749544398278,1.3968848062141943,-2.291286169053385,-0.3105429967298914
12.0,124.0,1004.1690063476562,-3.463485913061862,-4.725385781823753,-1.4363157997785392,2.1334699404495807,2.800227246543757,1.7767162295489922,0.2648749544498204,1.396884834261789,-2.2911965846031803,-0.3105429970082627
12.0,124.0,1004.1690063476562,-3.463485913061862,-4.725395436716059,-1.4363157997785392,2.1334699404495807,2.800227246543757,1.7767162295489922,0.2648749544525265,1.396884834024001,-2.291285410759456,-0.3105429970082627
12.0,124.0,1004.1690063476562,-3.463485913061862,-4.725395952731445,-1.4363157981559127,2.1334699404495807,2.800228766501775,1.7767163114961573,0.2648749544500063,1.3968848369699414,-2.291196537245789,-0.3105429967965398
12.0,124.0,1004.1690063476562,-3.463480712370659,-4.7253954420337525,-1.4363158000346736,2.1334699404495807,2.8002272233731293,1.7767162301519634,0.2648749546894984,1.3968848319464122,-2.291286264689964,-0.3105429950639246
12.0,124.0,1004.1690063476562,-3.4634864391173994,-4.725385010030731,-1.4363157997760316,2.1334699404495807,2.800227246543757,1.7767162307003872,0.2648749544637067,1.3968848323537724,-2.2912936660029537,-0.3105429991890231
12.0,124.0,1004.1690063476562,-3.463487313705333,-4.725395943048072,-1.4363157997785392,2.1334699404495807,2.800227246543757,1.776716230770692,0.264874954463242,1.396884834261789,-2.291210480458352,-0.3105429970424978
12.0,124.0,1004.1690063476562,-3.463485913061862,-4.725385781823753,-1.4363157997785392,2.1334699404495807,2.800227246543757,1.7767162295489922,0.2648749544498067,1.396884834261789,-2.2911965846031803,-0.3105429970082627
12.0,124.0,1004.1690063476562,-3.463485913061862,-4.725395440000083,-1.4363157997785387,2.1334699404495807,2.800227246543757,1.7767162295489922,0.2648749544500063,1.396884834261789,-2.291196537245789,-0.310542996998004
12.0,124.0,1004.1690063476562,-3.463485913061862,-4.725395436716059,-1.4363157997785392,2.1334699404495807,2.800227246543757,1.7767162295489922,0.2648749544500063,1.396884834261789,-2.291196537245789,-0.3105429970248278
12.0,124.0,1004.1690063476562,-3.463487356324884,-4.725395943048072,-1.4363157997785392,2.1334699404495807,2.800227246543757,1.776716230770692,0.264874954463242,1.396884834261789,-2.2911962270528785,-0.3105429970054049
12.0,124.0,1004.1690063476562,-3.463480712370659,-4.7253954420337525,-1.4363158000346736,2.1334699404495807,2.8002272233731293,1.776716252913218,0.2648749546894984,1.3968848319464122,-2.291286264689964,-0.3105429950639246
12.0,124.0,1004.1690063476562,-3.46348738008375,-4.725385781823753,-1.4363157997785392,2.1334699404495807,2.800227246543757,1.7767162295646082,0.2648749544486666,1.396884834261789,-2.2911965846031803,-0.3105429970082627
12.0,124.0,1004.1690063476562,-3.463485913061862,-4.7253958114829295,-1.4363157997785387,2.1334699404495807,2.800227246543757,1.7767162295489922,0.2648749544497513,1.396884834261789,-2.2911965825637224,-0.3105429970080814
12.0,124.0,1004.1690063476562,-3.463485913061862,-4.725395436716059,-1.436315798162522,2.1334699404495807,2.800227246543757,1.7767162295508312,0.2648749544526445,1.396884834024001,-2.291285410759456,-0.3105429970082627
12.0,124.0,1004.1690063476562,-3.463485913061862,-4.725386271999218,-1.4363157159377633,2.1334699404495807,2.800227246543757,1.7767162295492611,0.264874954449821,1.396884834261789,-2.2911965846031803,-0.3105429970082627
12.0,124.0,1004.1690063476562,-3.463485913061862,-4.7253849871642855,-1.436315800678609,2.1334699404495807,2.800227246543757,1.7767162300223391,0.2648749544398278,1.3968848062141943,-2.291286169053385,-0.3105429967298914
12.0,124.0,1004.1690063476562,-3.463486767726898,-4.725395838040299,-1.436315799753879,2.1334699404495807,2.800227640499708,1.7767162387459132,0.2648749546594537,1.3968848417852735,-2.2912041451651506,-0.3105429950513825
12.0,124.0,1004.1690063476562,-3.463485913061862,-4.725395952731445,-1.4363157981559127,2.1334699404495807,2.800228766501775,1.7767163114961573,0.2648749544500063,1.3968848369699414,-2.291196537245789,-0.3105429967965398
12.0,124.0,1004.1690063476562,-3.463485870442312,-4.725395436716059,-1.4363157997785392,2.1334699404495807,2.800227246543757,1.7767162295489922,0.2648749544500063,1.396884834261789,-2.2912107906512627,-0.3105429970448851
12.0,124.0,1004.1690673828124,-3.463472732722367,-4.72539584068214,-1.4363158007428878,2.1334699404495807,2.800227640499708,1.7767159895075075,0.2648749546594537,1.3968827290096746,-2.2912883065365954,-0.3105429950513825
12.0,124.0,1004.1690673828124,-3.463472732722367,-4.72539584068214,-1.4363158007428878,2.1334699404495807,2.800227640499708,1.7767159895075075,0.2648749546594537,1.3968827290096746,-2.2912883065365954,-0.3105429950513825
12.0,124.0,1004.1697387695312,-3.4634013870055504,-4.72539539363131,-1.4363157997785392,2.1334699404495807,2.800227666261311,1.7767162295489922,0.2648749544500063,1.3968848343270392,-2.291196537245789,-0.3105429970082627
12.0,124.0,1004.1697387695312,-3.4634013870055504,-4.72539539363131,-1.436315714601652,2.1334699404495807,2.800227666261311,1.7767162295475396,0.2648749544500063,1.3968848343270392,-2.291196537245789,-0.3105429967608467
12.0,124.0,1004.1697387695312,-3.4634013870055504,-4.72539539363131,-1.4363157997785392,2.1334699404495807,2.800227666261311,1.7767162295489922,0.2648749544500063,1.3968848343270392,-2.291196537245789,-0.3105429970082627
12.0,124.0,1004.1697387695312,-3.463401354137752,-4.7253951539378445,-1.4363158000346736,2.1334699404495807,2.8002272088381948,1.7767162293124574,0.2648749544565748,1.3968848382335315,-2.291201476944112,-0.3105429979698718
12.0,124.0,1004.1697387695312,-3.4634013870055504,-4.72539539363131,-1.436315714601652,2.1334699404495807,2.800227666261311,1.7767162295475396,0.2648749544497708,1.3968848343270392,-2.291196537245789,-0.3105429967608467
12.0,124.0,1004.1697387695312,-3.4634000917862613,-4.725395140834316,-1.4363158000346736,2.1334699404495807,2.8002272233731293,1.7767162300267691,0.2648749546894984,1.3968848319088567,-2.291286950437839,-0.3105429970043195
12.0,124.0,1004.1697387695312,-3.4633973011870745,-4.725395436716059,-1.436315799780218,2.1334699404495807,2.800227624322064,1.7767162551512734,0.2648749546947465,1.3968848343202191,-2.291193834821439,-0.3105429970030353
12.0,124.0,1004.1702880859376,-3.463340138571702,-4.725385286645638,-1.4363157136646396,2.1334699404495807,2.800245306789752,1.776716229502161,0.2648749544497694,1.3968848322117453,-2.2912903387324026,-0.3105429693641642
12.0,124.0,1004.1702880859376,-3.463340138571702,-4.725385286645638,-1.436315798841527,2.1334699404495807,2.800245306789752,1.776716229503614,0.2648749544497694,1.3968848322117453,-2.2912903387324026,-0.3105429696115801
12.0,124.0,1004.1702880859376,-3.463335806051865,-4.725395246292312,-1.4363158012459536,2.1334699404495807,2.800228604021374,1.776716229502161,0.2648749544536215,1.3968848322117453,-2.2912903387324026,-0.3105429952874063
12.0,125.0,1004.1688232421876,-3.463498509719704,-4.72539584068214,-1.4363158007428878,2.1334699404495807,2.800227640499708,1.7767159895075075,0.2648749546594537,1.3968827957093226,-2.291288342102195,-0.3105429950513825
12.0,125.0,1004.1688232421876,-3.463498509719704,-4.72539584068214,-1.4363158007428878,2.1334699404495807,2.800227640499708,1.7767159895075075,0.2648749546594537,1.3968827957093226,-2.291288342102195,-0.3105429950513825
12.0,125.0,1004.1688232421876,-3.463498509719704,-4.72539584068214,-1.4363158007428878,2.1334699404495807,2.800227640499708,1.7767159895075075,0.2648749546594537,1.3968827957093226,-2.291288342102195,-0.3105429950513825
12.0,125.0,1004.1688232421876,-3.463503013553671,-4.725395440018096,-1.4363157997362748,2.1334699404495807,2.8002272463284887,1.7767162353002366,0.2648749544500063,1.396884834261789,-2.2911998190071587,-0.310542996998004
12.0,125.0,1004.1688842773438,-3.463498509719704,-4.725385382461961,-1.4363158007428878,2.1334699404495807,2.800227640499708,1.7767159839592763,0.2648749546594537,1.3968827957093226,-2.291286799718101,-0.3105429950513825
12.0,125.0,1004.1688842773438,-3.463498509719704,-4.725396106120056,-1.4363158014342716,2.1334699404495807,2.800227640499708,1.7767160572740617,0.2648749546594537,1.3968847962537978,-2.291288342102195,-0.3105429687565417
12.0,125.0,1004.1688842773438,-3.463499193167545,-4.725395436716059,-1.4363157981651893,2.1334699404495807,2.800227246543757,1.7767159887304027,0.2648749544500063,1.3968848330307817,-2.291286358363531,-0.3105429967862811
12.0,125.0,1004.1688842773438,-3.463498509719704,-4.725396106120056,-1.4363157980595516,2.1334699404495807,2.8002276318427,1.776716285239476,0.2648749546594537,1.3968847962537978,-2.291288342102195,-0.3105429675271199
12.0,125.0,1004.1688842773438,-3.463499193167545,-4.725395436716059,-1.436315798134858,2.1334699404495807,2.8002272463276663,1.7767159887304027,0.2648749544500063,1.3968848330307817,-2.291286358363531,-0.3105429950391127
12.0,125.0,1004.1688842773438,-3.463498509719704,-4.725385382461961,-1.4363158007428878,2.1334699404495807,2.8002272426811308,1.7767159839592763,0.2648749544440841,1.3968827957093226,-2.291286801496587,-0.3105429950513825
12.0,125.0,1004.1688842773438,-3.463498509719704,-4.725385382461961,-1.4363158007428878,2.1334699404495807,2.800227640499708,1.7767159839592763,0.2648749546594537,1.3968827957093226,-2.291286799718101,-0.3105429950513825
12.0,125.0,1004.1688842773438,-3.463498509719704,-4.72539584068214,-1.4363157998602931,2.1334699404495807,2.80022764968887,1.7767162272100914,0.2648749546563633,1.3968827957093226,-2.2912854815610086,-0.3105429951161441
12.0,125.0,1004.1688842773438,-3.463498509719704,-4.725396106120056,-1.4363157980390926,2.1334699404495807,2.8002276403338606,1.776716285239476,0.2648749546594537,1.3968848466679524,-2.291288342102195,-0.3105429675271199
12.0,125.0,1004.1689453125,-3.463498509719704,-4.725385284861874,-1.4363158007428878,2.1334699404495807,2.800246756419396,1.7767159839592763,0.2648749546591862,1.3968827957093226,-2.291208730971144,-0.3105429950513825
12.0,125.0,1004.1690063476562,-3.463485913061862,-4.725395436716059,-1.4363157997785392,2.1334699404495807,2.800227246543757,1.7767162295489922,0.2648749544500063,1.396884834261789,-2.291196537245789,-0.3105429970082627
12.0,125.0,1004.1690063476562,-3.463485913061862,-4.725395436716059,-1.4363157997785392,2.1334699404495807,2.800227246543757,1.7767162295489922,0.2648749544500063,1.396884834261789,-2.291196537245789,-0.3105429970082627
12.0,125.0,1004.1690063476562,-3.463485913061862,-4.725395956015469,-1.4363157997785392,2.1334699404495807,2.800227246543757,1.7767162295489922,0.2648749544500063,1.396884834261789,-2.291196537245789,-0.3105429970082627
12.0,125.0,1004.1690063476562,-3.463485913061862,-4.725395436716059,-1.4363157981559125,2.1334699404495807,2.800227246543757,1.7767162284839573,0.2648749544500063,1.3968848380965508,-2.291196537245789,-0.3105429967862811
12.0,125.0,1004.1690063476562,-3.463485913061862,-4.725395436716059,-1.4363157997785392,2.1334699404495807,2.800227246543757,1.7767162295489922,0.2648749544500063,1.396884834261789,-2.291196537245789,-0.3105429970082627
12.0,125.0,1004.1690063476562,-3.463487313705333,-4.725395943048072,-1.4363157997785392,2.1334699404495807,2.800227246543757,1.776716230770692,0.264874954463242,1.396884834261789,-2.291210480458352,-0.3105429970420273
12.0,125.0,1004.1690063476562,-3.463485913061862,-4.725395436716059,-1.4363157981559125,2.1334699404495807,2.800228766501775,1.7767163114961573,0.2648749544500063,1.3968848369699414,-2.291196537245789,-0.3105429967862811
12.0,125.0,1004.1690063476562,-3.463485913061862,-4.725395436716059,-1.4363157997785392,2.1334699404495807,2.800227246543757,1.7767162295489922,0.2648749544525127,1.396884834024001,-2.291285410759456,-0.3105429970082627
12.0,125.0,1004.1690063476562,-3.463485913061862,-4.725395436716059,-1.4363157997785392,2.1334699404495807,2.800227246543757,1.7767162295489922,0.2648749544500063,1.396884834261789,-2.291196537245789,-0.3105429970248278
12.0,125.0,1004.1690063476562,-3.463486982916797,-4.725395560049697,-1.4363157997760316,2.1334699404495807,2.800227246543757,1.7767162307579636,0.264874954463242,1.396884834261789,-2.291210480458352,-0.3105429970420273
12.0,125.0,1004.1690063476562,-3.463485913061862,-4.7253849871642855,-1.436315800678609,2.1334699404495807,2.800227246543757,1.7767162300223391,0.2648749544398278,1.3968848062141943,-2.291286169053385,-0.3105429967298914
12.0,125.0,1004.1690063476562,-3.463485913061862,-4.725385781823753,-1.4363157997785392,2.1334699404495807,2.800227246543757,1.7767162295489922,0.2648749544498204,1.396884834261789,-2.2911965846031803,-0.3105429970082627
12.0,125.0,1004.1690063476562,-3.463485913061862,-4.725395436716059,-1.4363157997785392,2.1334699404495807,2.800227246543757,1.7767162295489922,0.2648749544525265,1.396884834024001,-2.291285410759456,-0.3105429970082627
12.0,125.0,1004.1690063476562,-3.463485913061862,-4.725395952731445,-1.4363157981559127,2.1334699404495807,2.800228766501775,1.7767163114961573,0.2648749544500063,1.3968848369699414,-2.291196537245789,-0.3105429967965398
12.0,125.0,1004.1690063476562,-3.463480712370659,-4.7253954420337525,-1.4363158000346736,2.1334699404495807,2.8002272233731293,1.7767162301519634,0.2648749546894984,1.3968848319464122,-2.291286264689964,-0.3105429950639246
12.0,125.0,1004.1690063476562,-3.4634864391173994,-4.725385010030731,-1.4363157997760316,2.1334699404495807,2.800227246543757,1.7767162307003872,0.2648749544637067,1.3968848323537724,-2.2912936660029537,-0.3105429991890231
12.0,125.0,1004.1690063476562,-3.463487313705333,-4.725395943048072,-1.4363157997785392,2.1334699404495807,2.800227246543757,1.776716230770692,0.264874954463242,1.396884834261789,-2.291210480458352,-0.3105429970424978
12.0,125.0,1004.1690063476562,-3.463485913061862,-4.725385781823753,-1.4363157997785392,2.1334699404495807,2.800227246543757,1.7767162295489922,0.2648749544498067,1.396884834261789,-2.2911965846031803,-0.3105429970082627
12.0,125.0,1004.1690063476562,-3.463485913061862,-4.725395440000083,-1.4363157997785387,2.1334699404495807,2.800227246543757,1.7767162295489922,0.2648749544500063,1.396884834261789,-2.291196537245789,-0.310542996998004
12.0,125.0,1004.1690063476562,-3.463485913061862,-4.725395436716059,-1.4363157997785392,2.1334699404495807,2.800227246543757,1.7767162295489922,0.2648749544500063,1.396884834261789,-2.291196537245789,-0.3105429970248278
12.0,125.0,1004.1690063476562,-3.463487356324884,-4.725395943048072,-1.4363157997785392,2.1334699404495807,2.800227246543757,1.776716230770692,0.264874954463242,1.396884834261789,-2.2911962270528785,-0.3105429970054049
12.0,125.0,1004.1690063476562,-3.463480712370659,-4.7253954420337525,-1.4363158000346736,2.1334699404495807,2.8002272233731293,1.776716252913218,0.2648749546894984,1.3968848319464122,-2.291286264689964,-0.3105429950639246
12.0,125.0,1004.1690063476562,-3.46348738008375,-4.725385781823753,-1.4363157997785392,2.1334699404495807,2.800227246543757,1.7767162295646082,0.2648749544486666,1.396884834261789,-2.2911965846031803,-0.3105429970082627
12.0,125.0,1004.1690063476562,-3.463485913061862,-4.7253958114829295,-1.4363157997785387,2.1334699404495807,2.800227246543757,1.7767162295489922,0.2648749544497513,1.396884834261789,-2.2911965825637224,-0.3105429970080814
12.0,125.0,1004.1690063476562,-3.463485913061862,-4.725395436716059,-1.436315798162522,2.1334699404495807,2.800227246543757,1.7767162295508312,0.2648749544526445,1.396884834024001,-2.291285410759456,-0.3105429970082627
12.0,125.0,1004.1690063476562,-3.463485913061862,-4.725386271999218,-1.4363157159377633,2.1334699404495807,2.800227246543757,1.7767162295492611,0.264874954449821,1.396884834261789,-2.2911965846031803,-0.3105429970082627
12.0,125.0,1004.1690063476562,-3.463485913061862,-4.7253849871642855,-1.436315800678609,2.1334699404495807,2.800227246543757,1.7767162300223391,0.2648749544398278,1.3968848062141943,-2.291286169053385,-0.3105429967298914
12.0,125.0,1004.1690063476562,-3.463486767726898,-4.725395838040299,-1.436315799753879,2.1334699404495807,2.800227640499708,1.7767162387459132,0.2648749546594537,1.3968848417852735,-2.2912041451651506,-0.3105429950513825
12.0,125.0,1004.1690063476562,-3.463485913061862,-4.725395952731445,-1.4363157981559127,2.1334699404495807,2.800228766501775,1.7767163114961573,0.2648749544500063,1.3968848369699414,-2.291196537245789,-0.3105429967965398
12.0,125.0,1004.1690063476562,-3.463485870442312,-4.725395436716059,-1.4363157997785392,2.1334699404495807,2.800227246543757,1.7767162295489922,0.2648749544500063,1.396884834261789,-2.2912107906512627,-0.3105429970448851
12.0,125.0,1004.1690063476562,-3.463485913061862,-4.725395436716059,-1.4363157981559125,2.1334699404495807,2.800227246543757,1.7767162296105012,0.2648749544500063,1.3968848380965508,-2.291198915986572,-0.3105429967965659
12.0,125.0,1004.1690063476562,-3.463480712370659,-4.7253954420337525,-1.4363157997920482,2.1334699404495807,2.8002272233731293,1.776716252913218,0.2648749544577877,1.3968848319464122,-2.291286264689964,-0.3105429950639246
12.0,125.0,1004.1690063476562,-3.463485913061862,-4.725395310264215,-1.4363158015034705,2.1334699404495807,2.800227246543757,1.7767162295489922,0.2648749544525265,1.396884834024001,-2.291195001180958,-0.3105429970082627
12.0,125.0,1004.1690063476562,-3.463485913061862,-4.725395436716059,-1.4363157997785392,2.1334699404495807,2.800227246543757,1.7767162295489922,0.2648749544500063,1.396884834261789,-2.291196537245789,-0.3105429970082627
12.0,125.0,1004.1690063476562,-3.463485913061862,-4.725395805773892,-1.4363157997785392,2.1334699404495807,2.800227246543757,1.7767162295489922,0.2648749544497553,1.396884834261789,-2.2911965830583183,-0.3105429970082501
12.0,125.0,1004.1690063476562,-3.4634856373454537,-4.725385414243037,-1.4363158014342716,2.1334699404495807,2.8002276324650337,1.7767160572740617,0.2648749546594537,1.3968848070803557,-2.291288342102195,-0.3105429721607574
12.0,126.0,1004.1688232421876,-3.463498509719704,-4.72539584068214,-1.4363158007428878,2.1334699404495807,2.800227640499708,1.7767159895075075,0.2648749546594537,1.3968827957093226,-2.291288342102195,-0.3105429950513825
12.0,126.0,1004.1688232421876,-3.463498509719704,-4.72539584068214,-1.4363158007428878,2.1334699404495807,2.800227640499708,1.7767159895075075,0.2648749546594537,1.3968827957093226,-2.291288342102195,-0.3105429950513825
12.0,126.0,1004.1688232421876,-3.463498509719704,-4.72539584068214,-1.4363158007428878,2.1334699404495807,2.800227640499708,1.7767159895075075,0.2648749546594537,1.3968827957093226,-2.291288342102195,-0.3105429950513825
12.0,126.0,1004.1688232421876,-3.463503013553671,-4.725395440018096,-1.4363157997362748,2.1334699404495807,2.8002272463284887,1.7767162353002366,0.2648749544500063,1.396884834261789,-2.2911998190071587,-0.310542996998004
12.0,126.0,1004.1688232421876,-3.463502287945866,-4.725395943048072,-1.4363157997785392,2.1334699404495807,2.800227246543757,1.7767162307917943,0.264874954463242,1.396884834261789,-2.291210480458352,-0.3105429970424978
12.0,126.0,1004.1688232421876,-3.463498509719704,-4.72539584068214,-1.4363158007428878,2.1334699404495807,2.800227249370441,1.776715983801472,0.2648749544497884,1.3968827957093226,-2.291288346902083,-0.3105429950513825
12.0,126.0,1004.1688232421876,-3.463503013553671,-4.725395440018096,-1.4363157997362748,2.1334699404495807,2.8002272463284887,1.7767162353002366,0.2648749544500063,1.396884834261789,-2.2911998190071587,-0.310542996998004
12.0,126.0,1004.1688842773438,-3.463498509719704,-4.725385382461961,-1.4363158007428878,2.1334699404495807,2.800227640499708,1.7767159839592763,0.2648749546594537,1.3968827957093226,-2.291286799718101,-0.3105429950513825
12.0,126.0,1004.1688842773438,-3.463498509719704,-4.725396106120056,-1.4363158014342716,2.1334699404495807,2.800227640499708,1.7767160572740617,0.2648749546594537,1.3968847962537978,-2.291288342102195,-0.3105429687565417
12.0,126.0,1004.1688842773438,-3.463499193167545,-4.725395436716059,-1.4363157981651893,2.1334699404495807,2.800227246543757,1.7767159887304027,0.2648749544500063,1.3968848330307817,-2.291286358363531,-0.3105429967862811
12.0,126.0,1004.1688842773438,-3.463498509719704,-4.725396106120056,-1.4363157980595516,2.1334699404495807,2.8002276318427,1.776716285239476,0.2648749546594537,1.3968847962537978,-2.291288342102195,-0.3105429675271199
12.0,126.0,1004.1688842773438,-3.463499193167545,-4.725395436716059,-1.436315798134858,2.1334699404495807,2.8002272463276663,1.7767159887304027,0.2648749544500063,1.3968848330307817,-2.291286358363531,-0.3105429950391127
12.0,126.0,1004.1688842773438,-3.463498509719704,-4.725385382461961,-1.4363158007428878,2.1334699404495807,2.8002272426811308,1.7767159839592763,0.2648749544440841,1.3968827957093226,-2.291286801496587,-0.3105429950513825
12.0,126.0,1004.1688842773438,-3.463498509719704,-4.725385382461961,-1.4363158007428878,2.1334699404495807,2.800227640499708,1.7767159839592763,0.2648749546594537,1.3968827957093226,-2.291286799718101,-0.3105429950513825
12.0,126.0,1004.1688842773438,-3.463498509719704,-4.72539584068214,-1.4363157998602931,2.1334699404495807,2.80022764968887,1.7767162272100914,0.2648749546563633,1.3968827957093226,-2.2912854815610086,-0.3105429951161441
12.0,126.0,1004.1688842773438,-3.463498509719704,-4.725396106120056,-1.4363157980390926,2.1334699404495807,2.8002276403338606,1.776716285239476,0.2648749546594537,1.3968848466679524,-2.291288342102195,-0.3105429675271199
12.0,126.0,1004.1688842773438,-3.463498509719704,-4.725385382461961,-1.4363158007428878,2.1334699404495807,2.800227640499708,1.7767159839592763,0.2648749546594537,1.3968827957093226,-2.291286799718101,-0.3105429950513825
12.0,126.0,1004.1688842773438,-3.463498509719704,-4.725396106120056,-1.4363157980595516,2.1334699404495807,2.8002276318427,1.776716285239476,0.2648749546594537,1.3968847962537978,-2.291288342102195,-0.3105429675271199
12.0,126.0,1004.1688842773438,-3.463498509719704,-4.725385382461961,-1.4363158007428878,2.1334699404495807,2.800227640499708,1.7767162297101602,0.2648749546603139,1.3968849278519402,-2.291286799718101,-0.3105429971039749
12.0,126.0,1004.1688842773438,-3.463498509719704,-4.72539584068214,-1.4363158007441783,2.1334699404495807,2.800227253185108,1.7767159895075075,0.264874954441984,1.3968828113126992,-2.291288229964718,-0.3105429966209362
12.0,126.0,1004.1688842773438,-3.463498882687416,-4.725395436716059,-1.436315798134858,2.1334699404495807,2.8002272463276663,1.7767159887304027,0.2648749544500063,1.396884834197094,-2.2912869053942195,-0.3105429950391127
12.0,126.0,1004.1688842773438,-3.463498509719704,-4.725385382461961,-1.4363158007428878,2.1334699404495807,2.800227640499708,1.7767162269225474,0.2648749546594537,1.396884830028294,-2.291286799718101,-0.3105429950513825
12.0,126.0,1004.1688842773438,-3.463498509719704,-4.725395496428234,-1.4363158014342716,2.1334699404495807,2.800227640499708,1.7767160560786042,0.2648749546571856,1.3968848324030894,-2.291285988626468,-0.3105429697825966
12.0,126.0,1004.1688842773438,-3.463498509719704,-4.725395838133159,-1.4363157980390926,2.1334699404495807,2.800227640498324,1.7767163109345063,0.2648749546594537,1.3968847902346724,-2.291288342102195,-0.3105429675271199
12.0,126.0,1004.1688842773438,-3.463499193167545,-4.725395436716059,-1.4363157981651893,2.1334699404495807,2.800227246543757,1.7767159887304027,0.2648749544353688,1.396884887027788,-2.291286353688218,-0.3105429949452725
12.0,126.0,1004.1688842773438,-3.463498509719704,-4.725385284861874,-1.4363158007428878,2.1334699404495807,2.80022790496009,1.7767159839592763,0.2648749544358844,1.3968829166100545,-2.291208730971144,-0.3105429950513825
12.0,126.0,1004.1689453125,-3.463498509719704,-4.725385284861874,-1.4363158007428878,2.1334699404495807,2.800246756419396,1.7767159839592763,0.2648749546591862,1.3968827957093226,-2.291208730971144,-0.3105429950513825
12.0,126.0,1004.1689453125,-3.4634869987291976,-4.725395436716059,-1.4363157997785756,2.1334699404495807,2.800227246543757,1.7767162295489922,0.2648749544525153,1.396884834024001,-2.291285410759456,-0.3105429970415455
12.0,126.0,1004.1689453125,-3.4634860631887423,-4.725395851500677,-1.4363157981073136,2.1334699404495807,2.8002287562453008,1.7767159913004014,0.2648749546594537,1.3968827766223493,-2.291288342102195,-0.3105429968191174
12.0,126.0,1004.1690063476562,-3.463485913061862,-4.725395436716059,-1.4363157997785392,2.1334699404495807,2.800227246543757,1.7767162295489922,0.2648749544500063,1.396884834261789,-2.291196537245789,-0.3105429970082627
12.0,126.0,1004.1690063476562,-3.463485913061862,-4.725395436716059,-1.4363157997785392,2.1334699404495807,2.800227246543757,1.7767162295489922,0.2648749544500063,1.396884834261789,-2.291196537245789,-0.3105429970082627
12.0,126.0,1004.1690063476562,-3.463485913061862,-4.725395956015469,-1.4363157997785392,2.1334699404495807,2.800227246543757,1.7767162295489922,0.2648749544500063,1.396884834261789,-2.291196537245789,-0.3105429970082627
12.0,126.0,1004.1690063476562,-3.463485913061862,-4.725395436716059,-1.4363157981559125,2.1334699404495807,2.800227246543757,1.7767162284839573,0.2648749544500063,1.3968848380965508,-2.291196537245789,-0.3105429967862811
12.0,126.0,1004.1690063476562,-3.463485913061862,-4.725395436716059,-1.4363157997785392,2.1334699404495807,2.800227246543757,1.7767162295489922,0.2648749544500063,1.396884834261789,-2.291196537245789,-0.3105429970082627
12.0,126.0,1004.1690063476562,-3.463487313705333,-4.725395943048072,-1.4363157997785392,2.1334699404495807,2.800227246543757,1.776716230770692,0.264874954463242,1.396884834261789,-2.291210480458352,-0.3105429970420273
12.0,126.0,1004.1690063476562,-3.463485913061862,-4.725395436716059,-1.4363157981559125,2.1334699404495807,2.800228766501775,1.7767163114961573,0.2648749544500063,1.3968848369699414,-2.291196537245789,-0.3105429967862811
12.0,126.0,1004.1690063476562,-3.463485913061862,-4.725395436716059,-1.4363157997785392,2.1334699404495807,2.800227246543757,1.7767162295489922,0.2648749544525127,1.396884834024001,-2.291285410759456,-0.3105429970082627
12.0,126.0,1004.1690063476562,-3.463485913061862,-4.725395436716059,-1.4363157997785392,2.1334699404495807,2.800227246543757,1.7767162295489922,0.2648749544500063,1.396884834261789,-2.291196537245789,-0.3105429970248278
12.0,126.0,1004.1690063476562,-3.463486982916797,-4.725395560049697,-1.4363157997760316,2.1334699404495807,2.800227246543757,1.7767162307579636,0.264874954463242,1.396884834261789,-2.291210480458352,-0.3105429970420273
12.0,126.0,1004.1690063476562,-3.463485913061862,-4.7253849871642855,-1.436315800678609,2.1334699404495807,2.800227246543757,1.7767162300223391,0.2648749544398278,1.3968848062141943,-2.291286169053385,-0.3105429967298914
12.0,126.0,1004.1690063476562,-3.463485913061862,-4.725385781823753,-1.4363157997785392,2.1334699404495807,2.800227246543757,1.7767162295489922,0.2648749544498204,1.396884834261789,-2.2911965846031803,-0.3105429970082627
12.0,126.0,1004.1690063476562,-3.463485913061862,-4.725395436716059,-1.4363157997785392,2.1334699404495807,2.800227246543757,1.7767162295489922,0.2648749544525265,1.396884834024001,-2.291285410759456,-0.3105429970082627
12.0,126.0,1004.1690063476562,-3.463485913061862,-4.725395952731445,-1.4363157981559127,2.1334699404495807,2.800228766501775,1.7767163114961573,0.2648749544500063,1.3968848369699414,-2.291196537245789,-0.3105429967965398
12.0,126.0,1004.1690063476562,-3.463480712370659,-4.7253954420337525,-1.4363158000346736,2.1334699404495807,2.8002272233731293,1.7767162301519634,0.2648749546894984,1.3968848319464122,-2.291286264689964,-0.3105429950639246
12.0,126.0,1004.1690063476562,-3.4634864391173994,-4.725385010030731,-1.4363157997760316,2.1334699404495807,2.800227246543757,1.7767162307003872,0.2648749544637067,1.3968848323537724,-2.2912936660029537,-0.3105429991890231
12.0,126.0,1004.1690063476562,-3.463487313705333,-4.725395943048072,-1.4363157997785392,2.1334699404495807,2.800227246543757,1.776716230770692,0.264874954463242,1.396884834261789,-2.291210480458352,-0.3105429970424978
12.0,126.0,1004.1690063476562,-3.463485913061862,-4.725385781823753,-1.4363157997785392,2.1334699404495807,2.800227246543757,1.7767162295489922,0.2648749544498067,1.396884834261789,-2.2911965846031803,-0.3105429970082627
12.0,126.0,1004.1690063476562,-3.463485913061862,-4.725395440000083,-1.4363157997785387,2.1334699404495807,2.800227246543757,1.7767162295489922,0.2648749544500063,1.396884834261789,-2.291196537245789,-0.310542996998004
12.0,126.0,1004.1690063476562,-3.463485913061862,-4.725395436716059,-1.4363157997785392,2.1334699404495807,2.800227246543757,1.7767162295489922,0.2648749544500063,1.396884834261789,-2.291196537245789,-0.3105429970248278
12.0,126.0,1004.1690063476562,-3.463487356324884,-4.725395943048072,-1.4363157997785392,2.1334699404495807,2.800227246543757,1.776716230770692,0.264874954463242,1.396884834261789,-2.2911962270528785,-0.3105429970054049
12.0,127.0,1004.1688232421876,-3.463498509719704,-4.72539584068214,-1.4363158007428878,2.1334699404495807,2.800227640499708,1.7767159895075075,0.2648749546594537,1.3968827957093226,-2.291288342102195,-0.3105429950513825
12.0,127.0,1004.1688232421876,-3.463498509719704,-4.72539584068214,-1.4363158007428878,2.1334699404495807,2.800227640499708,1.7767159895075075,0.2648749546594537,1.3968827957093226,-2.291288342102195,-0.3105429950513825
12.0,127.0,1004.1688232421876,-3.463498509719704,-4.72539584068214,-1.4363158007428878,2.1334699404495807,2.800227640499708,1.7767159895075075,0.2648749546594537,1.3968827957093226,-2.291288342102195,-0.3105429950513825
12.0,127.0,1004.1688232421876,-3.463503013553671,-4.725395440018096,-1.4363157997362748,2.1334699404495807,2.8002272463284887,1.7767162353002366,0.2648749544500063,1.396884834261789,-2.2911998190071587,-0.310542996998004
12.0,127.0,1004.1688232421876,-3.463502287945866,-4.725395943048072,-1.4363157997785392,2.1334699404495807,2.800227246543757,1.7767162307917943,0.264874954463242,1.396884834261789,-2.291210480458352,-0.3105429970424978
12.0,127.0,1004.1688232421876,-3.463498509719704,-4.72539584068214,-1.4363158007428878,2.1334699404495807,2.800227249370441,1.776715983801472,0.2648749544497884,1.3968827957093226,-2.291288346902083,-0.3105429950513825
12.0,127.0,1004.1688232421876,-3.463503013553671,-4.725395440018096,-1.4363157997362748,2.1334699404495807,2.8002272463284887,1.7767162353002366,0.2648749544500063,1.396884834261789,-2.2911998190071587,-0.310542996998004
12.0,127.0,1004.1688232421876,-3.463503729570575,-4.725395440018096,-1.4363157998690306,2.1334699404495807,2.8002272463284887,1.776716230156169,0.2648749544500063,1.396884834261789,-2.291286200617064,-0.3105429969954437
12.0,127.0,1004.1688232421876,-3.463498509719704,-4.72539584068214,-1.4363158007428878,2.1334699404495807,2.800227249370441,1.776715983801472,0.2648749544497884,1.3968827957093226,-2.291288346902083,-0.3105429950513825
12.0,127.0,1004.1688232421876,-3.463498509719704,-4.72539584068214,-1.4363158007428878,2.1334699404495807,2.800227640499708,1.7767159895075075,0.2648749546594537,1.3968827957093226,-2.291288342102195,-0.3105429950513825
12.0,127.0,1004.1688842773438,-3.463498509719704,-4.725385382461961,-1.4363158007428878,2.1334699404495807,2.800227640499708,1.7767159839592763,0.2648749546594537,1.3968827957093226,-2.291286799718101,-0.3105429950513825
12.0,127.0,1004.1688842773438,-3.463498509719704,-4.725396106120056,-1.4363158014342716,2.1334699404495807,2.800227640499708,1.7767160572740617,0.2648749546594537,1.3968847962537978,-2.291288342102195,-0.3105429687565417
12.0,127.0,1004.1688842773438,-3.463499193167545,-4.725395436716059,-1.4363157981651893,2.1334699404495807,2.800227246543757,1.7767159887304027,0.2648749544500063,1.3968848330307817,-2.291286358363531,-0.3105429967862811
12.0,127.0,1004.1688842773438,-3.463498509719704,-4.725396106120056,-1.4363157980595516,2.1334699404495807,2.8002276318427,1.776716285239476,0.2648749546594537,1.3968847962537978,-2.291288342102195,-0.3105429675271199
12.0,127.0,1004.1688842773438,-3.463499193167545,-4.725395436716059,-1.436315798134858,2.1334699404495807,2.8002272463276663,1.7767159887304027,0.2648749544500063,1.3968848330307817,-2.291286358363531,-0.3105429950391127
12.0,127.0,1004.1688842773438,-3.463498509719704,-4.725385382461961,-1.4363158007428878,2.1334699404495807,2.8002272426811308,1.7767159839592763,0.2648749544440841,1.3968827957093226,-2.291286801496587,-0.3105429950513825
12.0,127.0,1004.1688842773438,-3.463498509719704,-4.725385382461961,-1.4363158007428878,2.1334699404495807,2.800227640499708,1.7767159839592763,0.2648749546594537,1.3968827957093226,-2.291286799718101,-0.3105429950513825
12.0,127.0,1004.1688842773438,-3.463498509719704,-4.72539584068214,-1.4363157998602931,2.1334699404495807,2.80022764968887,1.7767162272100914,0.2648749546563633,1.3968827957093226,-2.2912854815610086,-0.3105429951161441
12.0,127.0,1004.1688842773438,-3.463498509719704,-4.725396106120056,-1.4363157980390926,2.1334699404495807,2.8002276403338606,1.776716285239476,0.2648749546594537,1.3968848466679524,-2.291288342102195,-0.3105429675271199
12.0,127.0,1004.1688842773438,-3.463498509719704,-4.725385382461961,-1.4363158007428878,2.1334699404495807,2.800227640499708,1.7767159839592763,0.2648749546594537,1.3968827957093226,-2.291286799718101,-0.3105429950513825
12.0,127.0,1004.1688842773438,-3.463498509719704,-4.725396106120056,-1.4363157980595516,2.1334699404495807,2.8002276318427,1.776716285239476,0.2648749546594537,1.3968847962537978,-2.291288342102195,-0.3105429675271199
12.0,127.0,1004.1688842773438,-3.463498509719704,-4.725385382461961,-1.4363158007428878,2.1334699404495807,2.800227640499708,1.7767162297101602,0.2648749546603139,1.3968849278519402,-2.291286799718101,-0.3105429971039749
12.0,127.0,1004.1688842773438,-3.463498509719704,-4.72539584068214,-1.4363158007441783,2.1334699404495807,2.800227253185108,1.7767159895075075,0.264874954441984,1.3968828113126992,-2.291288229964718,-0.3105429966209362
12.0,127.0,1004.1688842773438,-3.463498882687416,-4.725395436716059,-1.436315798134858,2.1334699404495807,2.8002272463276663,1.7767159887304027,0.2648749544500063,1.396884834197094,-2.2912869053942195,-0.3105429950391127
12.0,127.0,1004.1688842773438,-3.463498509719704,-4.725385382461961,-1.4363158007428878,2.1334699404495807,2.800227640499708,1.7767162269225474,0.2648749546594537,1.396884830028294,-2.291286799718101,-0.3105429950513825
12.0,127.0,1004.1688842773438,-3.463498509719704,-4.725395496428234,-1.4363158014342716,2.1334699404495807,2.800227640499708,1.7767160560786042,0.2648749546571856,1.3968848324030894,-2.291285988626468,-0.3105429697825966
12.0,127.0,1004.1688842773438,-3.463498509719704,-4.725395838133159,-1.4363157980390926,2.1334699404495807,2.800227640498324,1.7767163109345063,0.2648749546594537,1.3968847902346724,-2.291288342102195,-0.3105429675271199
12.0,127.0,1004.1688842773438,-3.463499193167545,-4.725395436716059,-1.4363157981651893,2.1334699404495807,2.800227246543757,1.7767159887304027,0.2648749544353688,1.396884887027788,-2.291286353688218,-0.3105429949452725
12.0,127.0,1004.1688842773438,-3.463498509719704,-4.725385284861874,-1.4363158007428878,2.1334699404495807,2.80022790496009,1.7767159839592763,0.2648749544358844,1.3968829166100545,-2.291208730971144,-0.3105429950513825
12.0,127.0,1004.1688842773438,-3.463499193167545,-4.725395436716059,-1.4363157981651893,2.1334699404495807,2.800227246543757,1.7767159839867668,0.2648749544494398,1.3968848330307817,-2.291286358363531,-0.3105429968405363
12.0,127.0,1004.1688842773438,-3.4634986642721013,-4.725395436716059,-1.4363157996424554,2.1334699404495807,2.800227246543757,1.7767162295489922,0.2648749546528505,1.396884834261789,-2.291294269901547,-0.3105429675678299
12.0,127.0,1004.1688842773438,-3.463498509719704,-4.725395449858085,-1.436315798060211,2.1334699404495807,2.8002276318427,1.776716281480669,0.2648749546571738,1.3968848314913236,-2.2912869282860866,-0.3105429675271199
12.0,127.0,1004.1688842773438,-3.463498509719704,-4.72539584068214,-1.4363157998602931,2.1334699404495807,2.80022764968887,1.7767162272100914,0.2648749546592526,1.3968827957093226,-2.291285569966582,-0.3105429654954635
12.0,127.0,1004.1688842773438,-3.463498509719704,-4.725385382461961,-1.4363158007428878,2.1334699404495807,2.800227640499708,1.7767159839592763,0.2648749546594537,1.3968827957093226,-2.291286799718101,-0.3105429950513825
12.0,127.0,1004.1688842773438,-3.463498524713761,-4.725385291955177,-1.4363157981655668,2.1334699404495807,2.800227246366444,1.7767159839592763,0.2648749544498072,1.3968847953543837,-2.291286334531645,-0.3105429950532082
12.0,127.0,1004.1688842773438,-3.463498882687416,-4.725395436716059,-1.436315798134858,2.1334699404495807,2.8002272463276663,1.7767159891683109,0.2648749544502345,1.396884834197094,-2.291215545027634,-0.3105429950393099
12.0,127.0,1004.1688842773438,-3.463498509719704,-4.72539584068214,-1.4363158007428878,2.1334699404495807,2.800227640499708,1.7767162888767736,0.2648749546594537,1.3968848201200512,-2.291288342102195,-0.3105429938489214
12.0,127.0,1004.1688842773438,-3.463498509719704,-4.725385382461961,-1.4363158007428878,2.1334699404495807,2.800227640499708,1.7767159887029125,0.2648749546600202,1.3968827957093226,-2.291286799718101,-0.3105429949971273
12.0,127.0,1004.1688842773438,-3.463498509719704,-4.725395838133159,-1.4363157980390926,2.1334699404495807,2.800227640498324,1.7767163109345063,0.2648749546594537,1.3968847902346724,-2.291288342102195,-0.3105429675271199
12.0,127.0,1004.1689453125,-3.463498509719704,-4.725385284861874,-1.4363158007428878,2.1334699404495807,2.800246756419396,1.7767159839592763,0.2648749546591862,1.3968827957093226,-2.291208730971144,-0.3105429950513825
12.0,127.0,1004.1689453125,-3.4634869987291976,-4.725395436716059,-1.4363157997785756,2.1334699404495807,2.800227246543757,1.7767162295489922,0.2648749544525153,1.396884834024001,-2.291285410759456,-0.3105429970415455
12.0,127.0,1004.1689453125,-3.4634860631887423,-4.725395851500677,-1.4363157981073136,2.1334699404495807,2.8002287562453008,1.7767159913004014,0.2648749546594537,1.3968827766223493,-2.291288342102195,-0.3105429968191174
12.0,127.0,1004.1689453125,-3.463498509719704,-4.725385284861874,-1.4363158007428878,2.1334699404495807,2.800246756419396,1.7767159839592763,0.2648749546591862,1.3968827957093226,-2.291208730971144,-0.3105429950513825
12.0,127.0,1004.1690063476562,-3.463485913061862,-4.725395436716059,-1.4363157997785392,2.1334699404495807,2.800227246543757,1.7767162295489922,0.2648749544500063,1.396884834261789,-2.291196537245789,-0.3105429970082627
12.0,127.0,1004.1690063476562,-3.463485913061862,-4.725395436716059,-1.4363157997785392,2.1334699404495807,2.800227246543757,1.7767162295489922,0.2648749544500063,1.396884834261789,-2.291196537245789,-0.3105429970082627
12.0,127.0,1004.1690063476562,-3.463485913061862,-4.725395956015469,-1.4363157997785392,2.1334699404495807,2.800227246543757,1.7767162295489922,0.2648749544500063,1.396884834261789,-2.291196537245789,-0.3105429970082627
12.0,127.0,1004.1690063476562,-3.463485913061862,-4.725395436716059,-1.4363157981559125,2.1334699404495807,2.800227246543757,1.7767162284839573,0.2648749544500063,1.3968848380965508,-2.291196537245789,-0.3105429967862811
12.0,127.0,1004.1690063476562,-3.463485913061862,-4.725395436716059,-1.4363157997785392,2.1334699404495807,2.800227246543757,1.7767162295489922,0.2648749544500063,1.396884834261789,-2.291196537245789,-0.3105429970082627
12.0,127.0,1004.1690063476562,-3.463487313705333,-4.725395943048072,-1.4363157997785392,2.1334699404495807,2.800227246543757,1.776716230770692,0.264874954463242,1.396884834261789,-2.291210480458352,-0.3105429970420273
12.0,127.0,1004.1690063476562,-3.463485913061862,-4.725395436716059,-1.4363157981559125,2.1334699404495807,2.800228766501775,1.7767163114961573,0.2648749544500063,1.3968848369699414,-2.291196537245789,-0.3105429967862811
12.0,128.0,1004.1688232421876,-3.463498509719704,-4.72539584068214,-1.4363158007428878,2.1334699404495807,2.800227640499708,1.7767159895075075,0.2648749546594537,1.3968827957093226,-2.291288342102195,-0.3105429950513825
12.0,128.0,1004.1688232421876,-3.463498509719704,-4.72539584068214,-1.4363158007428878,2.1334699404495807,2.800227640499708,1.7767159895075075,0.2648749546594537,1.3968827957093226,-2.291288342102195,-0.3105429950513825
12.0,128.0,1004.1688232421876,-3.463498509719704,-4.72539584068214,-1.4363158007428878,2.1334699404495807,2.800227640499708,1.7767159895075075,0.2648749546594537,1.3968827957093226,-2.291288342102195,-0.3105429950513825
12.0,128.0,1004.1688232421876,-3.463503013553671,-4.725395440018096,-1.4363157997362748,2.1334699404495807,2.8002272463284887,1.7767162353002366,0.2648749544500063,1.396884834261789,-2.2911998190071587,-0.310542996998004
12.0,128.0,1004.1688232421876,-3.463502287945866,-4.725395943048072,-1.4363157997785392,2.1334699404495807,2.800227246543757,1.7767162307917943,0.264874954463242,1.396884834261789,-2.291210480458352,-0.3105429970424978
12.0,128.0,1004.1688232421876,-3.463498509719704,-4.72539584068214,-1.4363158007428878,2.1334699404495807,2.800227249370441,1.776715983801472,0.2648749544497884,1.3968827957093226,-2.291288346902083,-0.3105429950513825
12.0,128.0,1004.1688232421876,-3.463503013553671,-4.725395440018096,-1.4363157997362748,2.1334699404495807,2.8002272463284887,1.7767162353002366,0.2648749544500063,1.396884834261789,-2.2911998190071587,-0.310542996998004
12.0,128.0,1004.1688232421876,-3.463503729570575,-4.725395440018096,-1.4363157998690306,2.1334699404495807,2.8002272463284887,1.776716230156169,0.2648749544500063,1.396884834261789,-2.291286200617064,-0.3105429969954437
12.0,128.0,1004.1688232421876,-3.463498509719704,-4.72539584068214,-1.4363158007428878,2.1334699404495807,2.800227249370441,1.776715983801472,0.2648749544497884,1.3968827957093226,-2.291288346902083,-0.3105429950513825
12.0,128.0,1004.1688232421876,-3.463498509719704,-4.72539584068214,-1.4363158007428878,2.1334699404495807,2.800227640499708,1.7767159895075075,0.2648749546594537,1.3968827957093226,-2.291288342102195,-0.3105429950513825
12.0,128.0,1004.1688232421876,-3.463498509719704,-4.725395842518416,-1.4363158007428878,2.1334699404495807,2.8002272462449365,1.776715983801472,0.2648749544497942,1.3968829241919,-2.291288346902083,-0.3105429950514641
12.0,128.0,1004.1688232421876,-3.463498509719704,-4.725396457353329,-1.4363158007428878,2.1334699404495807,2.800227640499708,1.7767159839592763,0.2648749546594537,1.3968827957093226,-2.291286799718101,-0.3105429938616547
12.0,128.0,1004.1688232421876,-3.463502233497787,-4.72539610642095,-1.436315799782351,2.1334699404495807,2.800227246543757,1.7767162307917943,0.264874954463242,1.396884834261789,-2.291288378715251,-0.3105429970298286
12.0,128.0,1004.1688232421876,-3.463498509719704,-4.72539584068214,-1.4363158007428878,2.1334699404495807,2.800227640499708,1.7767159895075075,0.2648749546594537,1.3968827957093226,-2.291288342102195,-0.3105429950513825
12.0,128.0,1004.1688232421876,-3.4634988732231853,-4.72539585140278,-1.4363157981073136,2.1334699404495807,2.800227210115245,1.7767159913004014,0.2648749546594537,1.3968828011327494,-2.291288342102195,-0.3105429950951215
12.0,128.0,1004.1688232421876,-3.463498509719704,-4.72539584068214,-1.4363158007428878,2.1334699404495807,2.800227640499708,1.7767159895075075,0.2648749546594537,1.3968827957093226,-2.291288342102195,-0.3105429950513825
12.0,128.0,1004.1688232421876,-3.463503013553671,-4.725395440018096,-1.4363157997362748,2.1334699404495807,2.8002272463284887,1.7767162353002366,0.2648749544500063,1.396884834261789,-2.2911998190071587,-0.310542996998004
12.0,128.0,1004.1688842773438,-3.463498509719704,-4.725385382461961,-1.4363158007428878,2.1334699404495807,2.800227640499708,1.7767159839592763,0.2648749546594537,1.3968827957093226,-2.291286799718101,-0.3105429950513825
12.0,128.0,1004.1688842773438,-3.463498509719704,-4.725396106120056,-1.4363158014342716,2.1334699404495807,2.800227640499708,1.7767160572740617,0.2648749546594537,1.3968847962537978,-2.291288342102195,-0.3105429687565417
12.0,128.0,1004.1688842773438,-3.463499193167545,-4.725395436716059,-1.4363157981651893,2.1334699404495807,2.800227246543757,1.7767159887304027,0.2648749544500063,1.3968848330307817,-2.291286358363531,-0.3105429967862811
12.0,128.0,1004.1688842773438,-3.463498509719704,-4.725396106120056,-1.4363157980595516,2.1334699404495807,2.8002276318427,1.776716285239476,0.2648749546594537,1.3968847962537978,-2.291288342102195,-0.3105429675271199
12.0,128.0,1004.1688842773438,-3.463499193167545,-4.725395436716059,-1.436315798134858,2.1334699404495807,2.8002272463276663,1.7767159887304027,0.2648749544500063,1.3968848330307817,-2.291286358363531,-0.3105429950391127
12.0,128.0,1004.1688842773438,-3.463498509719704,-4.725385382461961,-1.4363158007428878,2.1334699404495807,2.8002272426811308,1.7767159839592763,0.2648749544440841,1.3968827957093226,-2.291286801496587,-0.3105429950513825
12.0,128.0,1004.1688842773438,-3.463498509719704,-4.725385382461961,-1.4363158007428878,2.1334699404495807,2.800227640499708,1.7767159839592763,0.2648749546594537,1.3968827957093226,-2.291286799718101,-0.3105429950513825
12.0,128.0,1004.1688842773438,-3.463498509719704,-4.72539584068214,-1.4363157998602931,2.1334699404495807,2.80022764968887,1.7767162272100914,0.2648749546563633,1.3968827957093226,-2.2912854815610086,-0.3105429951161441
12.0,128.0,1004.1688842773438,-3.463498509719704,-4.725396106120056,-1.4363157980390926,2.1334699404495807,2.8002276403338606,1.776716285239476,0.2648749546594537,1.3968848466679524,-2.291288342102195,-0.3105429675271199
12.0,128.0,1004.1688842773438,-3.463498509719704,-4.725385382461961,-1.4363158007428878,2.1334699404495807,2.800227640499708,1.7767159839592763,0.2648749546594537,1.3968827957093226,-2.291286799718101,-0.3105429950513825
12.0,128.0,1004.1688842773438,-3.463498509719704,-4.725396106120056,-1.4363157980595516,2.1334699404495807,2.8002276318427,1.776716285239476,0.2648749546594537,1.3968847962537978,-2.291288342102195,-0.3105429675271199
12.0,128.0,1004.1688842773438,-3.463498509719704,-4.725385382461961,-1.4363158007428878,2.1334699404495807,2.800227640499708,1.7767162297101602,0.2648749546603139,1.3968849278519402,-2.291286799718101,-0.3105429971039749
12.0,128.0,1004.1688842773438,-3.463498509719704,-4.72539584068214,-1.4363158007441783,2.1334699404495807,2.800227253185108,1.7767159895075075,0.264874954441984,1.3968828113126992,-2.291288229964718,-0.3105429966209362
12.0,128.0,1004.1688842773438,-3.463498882687416,-4.725395436716059,-1.436315798134858,2.1334699404495807,2.8002272463276663,1.7767159887304027,0.2648749544500063,1.396884834197094,-2.2912869053942195,-0.3105429950391127
12.0,128.0,1004.1688842773438,-3.463498509719704,-4.725385382461961,-1.4363158007428878,2.1334699404495807,2.800227640499708,1.7767162269225474,0.2648749546594537,1.396884830028294,-2.291286799718101,-0.3105429950513825
12.0,128.0,1004.1688842773438,-3.463498509719704,-4.725395496428234,-1.4363158014342716,2.1334699404495807,2.800227640499708,1.7767160560786042,0.2648749546571856,1.3968848324030894,-2.291285988626468,-0.3105429697825966
12.0,128.0,1004.1688842773438,-3.463498509719704,-4.725395838133159,-1.4363157980390926,2.1334699404495807,2.800227640498324,1.7767163109345063,0.2648749546594537,1.3968847902346724,-2.291288342102195,-0.3105429675271199
12.0,128.0,1004.1688842773438,-3.463499193167545,-4.725395436716059,-1.4363157981651893,2.1334699404495807,2.800227246543757,1.7767159887304027,0.2648749544353688,1.396884887027788,-2.291286353688218,-0.3105429949452725
12.0,128.0,1004.1688842773438,-3.463498509719704,-4.725385284861874,-1.4363158007428878,2.1334699404495807,2.80022790496009,1.7767159839592763,0.2648749544358844,1.3968829166100545,-2.291208730971144,-0.3105429950513825
12.0,128.0,1004.1688842773438,-3.463499193167545,-4.725395436716059,-1.4363157981651893,2.1334699404495807,2.800227246543757,1.7767159839867668,0.2648749544494398,1.3968848330307817,-2.291286358363531,-0.3105429968405363
12.0,128.0,1004.1688842773438,-3.4634986642721013,-4.725395436716059,-1.4363157996424554,2.1334699404495807,2.800227246543757,1.7767162295489922,0.2648749546528505,1.396884834261789,-2.291294269901547,-0.3105429675678299
12.0,128.0,1004.1688842773438,-3.463498509719704,-4.725395449858085,-1.436315798060211,2.1334699404495807,2.8002276318427,1.776716281480669,0.2648749546571738,1.3968848314913236,-2.2912869282860866,-0.3105429675271199
12.0,128.0,1004.1688842773438,-3.463498509719704,-4.72539584068214,-1.4363157998602931,2.1334699404495807,2.80022764968887,1.7767162272100914,0.2648749546592526,1.3968827957093226,-2.291285569966582,-0.3105429654954635
12.0,128.0,1004.1688842773438,-3.463498509719704,-4.725385382461961,-1.4363158007428878,2.1334699404495807,2.800227640499708,1.7767159839592763,0.2648749546594537,1.3968827957093226,-2.291286799718101,-0.3105429950513825
12.0,128.0,1004.1688842773438,-3.463498524713761,-4.725385291955177,-1.4363157981655668,2.1334699404495807,2.800227246366444,1.7767159839592763,0.2648749544498072,1.3968847953543837,-2.291286334531645,-0.3105429950532082
12.0,128.0,1004.1688842773438,-3.463498882687416,-4.725395436716059,-1.436315798134858,2.1334699404495807,2.8002272463276663,1.7767159891683109,0.2648749544502345,1.396884834197094,-2.291215545027634,-0.3105429950393099
12.0,128.0,1004.1688842773438,-3.463498509719704,-4.72539584068214,-1.4363158007428878,2.1334699404495807,2.800227640499708,1.7767162888767736,0.2648749546594537,1.3968848201200512,-2.291288342102195,-0.3105429938489214
12.0,128.0,1004.1688842773438,-3.463498509719704,-4.725385382461961,-1.4363158007428878,2.1334699404495807,2.800227640499708,1.7767159887029125,0.2648749546600202,1.3968827957093226,-2.291286799718101,-0.3105429949971273
12.0,128.0,1004.1688842773438,-3.463498509719704,-4.725395838133159,-1.4363157980390926,2.1334699404495807,2.800227640498324,1.7767163109345063,0.2648749546594537,1.3968847902346724,-2.291288342102195,-0.3105429675271199
12.0,128.0,1004.1688842773438,-3.463498509719704,-4.725396106120056,-1.4363157980390926,2.1334699404495807,2.8002276403338606,1.776716285239476,0.2648749546594537,1.3968848466679524,-2.291288342102195,-0.3105429675271199
12.0,128.0,1004.1688842773438,-3.463498509719704,-4.725385284861874,-1.4363158007428878,2.1334699404495807,2.80022790496009,1.7767159839592763,0.2648749544358844,1.3968829166100545,-2.291208730971144,-0.3105429950513825
12.0,128.0,1004.1688842773438,-3.463498524713761,-4.725385291955177,-1.4363157981655668,2.1334699404495807,2.800227246366444,1.7767159839592763,0.2648749544498072,1.3968847953543837,-2.291286334531645,-0.3105429950532082
12.0,128.0,1004.1688842773438,-3.463498299037385,-4.725394795534308,-1.4363158007407153,2.1334699404495807,2.800227246543757,1.776715980967987,0.2648749544533952,1.396882917906398,-2.29128682588906,-0.3105429970596728
12.0,129.0,1004.1688232421876,-3.463498509719704,-4.72539584068214,-1.4363158007428878,2.1334699404495807,2.800227640499708,1.7767159895075075,0.2648749546594537,1.3968827957093226,-2.291288342102195,-0.3105429950513825
12.0,129.0,1004.1688232421876,-3.463498509719704,-4.72539584068214,-1.4363158007428878,2.1334699404495807,2.800227640499708,1.7767159895075075,0.2648749546594537,1.3968827957093226,-2.291288342102195,-0.3105429950513825
12.0,129.0,1004.1688232421876,-3.463498509719704,-4.72539584068214,-1.4363158007428878,2.1334699404495807,2.800227640499708,1.7767159895075075,0.2648749546594537,1.3968827957093226,-2.291288342102195,-0.3105429950513825
12.0,129.0,1004.1688232421876,-3.463503013553671,-4.725395440018096,-1.4363157997362748,2.1334699404495807,2.8002272463284887,1.7767162353002366,0.2648749544500063,1.396884834261789,-2.2911998190071587,-0.310542996998004
12.0,129.0,1004.1688232421876,-3.463502287945866,-4.725395943048072,-1.4363157997785392,2.1334699404495807,2.800227246543757,1.7767162307917943,0.264874954463242,1.396884834261789,-2.291210480458352,-0.3105429970424978
12.0,129.0,1004.1688232421876,-3.463498509719704,-4.72539584068214,-1.4363158007428878,2.1334699404495807,2.800227249370441,1.776715983801472,0.2648749544497884,1.3968827957093226,-2.291288346902083,-0.3105429950513825
12.0,129.0,1004.1688232421876,-3.463503013553671,-4.725395440018096,-1.4363157997362748,2.1334699404495807,2.8002272463284887,1.7767162353002366,0.2648749544500063,1.396884834261789,-2.2911998190071587,-0.310542996998004
12.0,129.0,1004.1688232421876,-3.463503729570575,-4.725395440018096,-1.4363157998690306,2.1334699404495807,2.8002272463284887,1.776716230156169,0.2648749544500063,1.396884834261789,-2.291286200617064,-0.3105429969954437
12.0,129.0,1004.1688232421876,-3.463498509719704,-4.72539584068214,-1.4363158007428878,2.1334699404495807,2.800227249370441,1.776715983801472,0.2648749544497884,1.3968827957093226,-2.291288346902083,-0.3105429950513825
12.0,129.0,1004.1688232421876,-3.463498509719704,-4.72539584068214,-1.4363158007428878,2.1334699404495807,2.800227640499708,1.7767159895075075,0.2648749546594537,1.3968827957093226,-2.291288342102195,-0.3105429950513825
12.0,129.0,1004.1688232421876,-3.463498509719704,-4.725395842518416,-1.4363158007428878,2.1334699404495807,2.8002272462449365,1.776715983801472,0.2648749544497942,1.3968829241919,-2.291288346902083,-0.3105429950514641
12.0,129.0,1004.1688232421876,-3.463498509719704,-4.725396457353329,-1.4363158007428878,2.1334699404495807,2.800227640499708,1.7767159839592763,0.2648749546594537,1.3968827957093226,-2.291286799718101,-0.3105429938616547
12.0,129.0,1004.1688232421876,-3.463502233497787,-4.72539610642095,-1.436315799782351,2.1334699404495807,2.800227246543757,1.7767162307917943,0.264874954463242,1.396884834261789,-2.291288378715251,-0.3105429970298286
12.0,129.0,1004.1688232421876,-3.463498509719704,-4.72539584068214,-1.4363158007428878,2.1334699404495807,2.800227640499708,1.7767159895075075,0.2648749546594537,1.3968827957093226,-2.291288342102195,-0.3105429950513825
12.0,129.0,1004.1688232421876,-3.4634988732231853,-4.72539585140278,-1.4363157981073136,2.1334699404495807,2.800227210115245,1.7767159913004014,0.2648749546594537,1.3968828011327494,-2.291288342102195,-0.3105429950951215
12.0,129.0,1004.1688232421876,-3.463498509719704,-4.72539584068214,-1.4363158007428878,2.1334699404495807,2.800227640499708,1.7767159895075075,0.2648749546594537,1.3968827957093226,-2.291288342102195,-0.3105429950513825
12.0,129.0,1004.1688232421876,-3.463503013553671,-4.725395440018096,-1.4363157997362748,2.1334699404495807,2.8002272463284887,1.7767162353002366,0.2648749544500063,1.396884834261789,-2.2911998190071587,-0.310542996998004
12.0,129.0,1004.1688232421876,-3.463498509719704,-4.725395832595966,-1.4363158007428878,2.1334699404495807,2.800227640499708,1.7767159887609432,0.2648749544320222,1.3968827957093226,-2.291288342102195,-0.3105429950508219
12.0,129.0,1004.1688232421876,-3.463498509719704,-4.725395842518416,-1.4363158007428878,2.1334699404495807,2.8002272462449365,1.7767159866898543,0.2648749544497942,1.3968828694576876,-2.291288346902083,-0.3105429944921509
12.0,129.0,1004.1688232421876,-3.4634991607534964,-4.72539584068214,-1.4363158006751582,2.1334699404495807,2.8002272528539685,1.7767159895075075,0.2648749546594537,1.396882627331266,-2.2912883648497697,-0.3105429950513825
12.0,129.0,1004.1688232421876,-3.463498509719704,-4.72539584068214,-1.4363158007428878,2.1334699404495807,2.800227640499708,1.7767159895075075,0.2648749546594537,1.3968827957093226,-2.291288342102195,-0.3105429950513825
12.0,129.0,1004.1688232421876,-3.463502199157473,-4.725385284861874,-1.436315799771619,2.1334699404495807,2.80022790496009,1.776715995870822,0.2648749544358844,1.3968829166100545,-2.291286521257249,-0.3105429950513825
12.0,129.0,1004.1688232421876,-3.463502233497787,-4.72539610642095,-1.436315800730053,2.1334699404495807,2.800227246685723,1.7767159876776917,0.264874954463242,1.3968854004994269,-2.291288346955597,-0.3105429951105465
12.0,129.0,1004.1688232421876,-3.463503923404542,-4.725395800000323,-1.4363158007720644,2.1334699404495807,2.800227277007086,1.7767162353300416,0.2648749544647371,1.3968827957093226,-2.29128836901565,-0.3105429950513825
12.0,129.0,1004.1688842773438,-3.463498509719704,-4.725385382461961,-1.4363158007428878,2.1334699404495807,2.800227640499708,1.7767159839592763,0.2648749546594537,1.3968827957093226,-2.291286799718101,-0.3105429950513825
12.0,129.0,1004.1688842773438,-3.463498509719704,-4.725396106120056,-1.4363158014342716,2.1334699404495807,2.800227640499708,1.7767160572740617,0.2648749546594537,1.3968847962537978,-2.291288342102195,-0.3105429687565417
12.0,129.0,1004.1688842773438,-3.463499193167545,-4.725395436716059,-1.4363157981651893,2.1334699404495807,2.800227246543757,1.7767159887304027,0.2648749544500063,1.3968848330307817,-2.291286358363531,-0.3105429967862811
12.0,129.0,1004.1688842773438,-3.463498509719704,-4.725396106120056,-1.4363157980595516,2.1334699404495807,2.8002276318427,1.776716285239476,0.2648749546594537,1.3968847962537978,-2.291288342102195,-0.3105429675271199
12.0,129.0,1004.1688842773438,-3.463499193167545,-4.725395436716059,-1.436315798134858,2.1334699404495807,2.8002272463276663,1.7767159887304027,0.2648749544500063,1.3968848330307817,-2.291286358363531,-0.3105429950391127
12.0,129.0,1004.1688842773438,-3.463498509719704,-4.725385382461961,-1.4363158007428878,2.1334699404495807,2.8002272426811308,1.7767159839592763,0.2648749544440841,1.3968827957093226,-2.291286801496587,-0.3105429950513825
12.0,129.0,1004.1688842773438,-3.463498509719704,-4.725385382461961,-1.4363158007428878,2.1334699404495807,2.800227640499708,1.7767159839592763,0.2648749546594537,1.3968827957093226,-2.291286799718101,-0.3105429950513825
12.0,129.0,1004.1688842773438,-3.463498509719704,-4.72539584068214,-1.4363157998602931,2.1334699404495807,2.80022764968887,1.7767162272100914,0.2648749546563633,1.3968827957093226,-2.2912854815610086,-0.3105429951161441
12.0,129.0,1004.1688842773438,-3.463498509719704,-4.725396106120056,-1.4363157980390926,2.1334699404495807,2.8002276403338606,1.776716285239476,0.2648749546594537,1.3968848466679524,-2.291288342102195,-0.3105429675271199
12.0,129.0,1004.1688842773438,-3.463498509719704,-4.725385382461961,-1.4363158007428878,2.1334699404495807,2.800227640499708,1.7767159839592763,0.2648749546594537,1.3968827957093226,-2.291286799718101,-0.3105429950513825
12.0,129.0,1004.1688842773438,-3.463498509719704,-4.725396106120056,-1.4363157980595516,2.1334699404495807,2.8002276318427,1.776716285239476,0.2648749546594537,1.3968847962537978,-2.291288342102195,-0.3105429675271199
12.0,129.0,1004.1688842773438,-3.463498509719704,-4.725385382461961,-1.4363158007428878,2.1334699404495807,2.800227640499708,1.7767162297101602,0.2648749546603139,1.3968849278519402,-2.291286799718101,-0.3105429971039749
12.0,129.0,1004.1688842773438,-3.463498509719704,-4.72539584068214,-1.4363158007441783,2.1334699404495807,2.800227253185108,1.7767159895075075,0.264874954441984,1.3968828113126992,-2.291288229964718,-0.3105429966209362
12.0,129.0,1004.1688842773438,-3.463498882687416,-4.725395436716059,-1.436315798134858,2.1334699404495807,2.8002272463276663,1.7767159887304027,0.2648749544500063,1.396884834197094,-2.2912869053942195,-0.3105429950391127
12.0,129.0,1004.1688842773438,-3.463498509719704,-4.725385382461961,-1.4363158007428878,2.1334699404495807,2.800227640499708,1.7767162269225474,0.2648749546594537,1.396884830028294,-2.291286799718101,-0.3105429950513825
12.0,129.0,1004.1688842773438,-3.463498509719704,-4.725395496428234,-1.4363158014342716,2.1334699404495807,2.800227640499708,1.7767160560786042,0.2648749546571856,1.3968848324030894,-2.291285988626468,-0.3105429697825966
12.0,129.0,1004.1688842773438,-3.463498509719704,-4.725395838133159,-1.4363157980390926,2.1334699404495807,2.800227640498324,1.7767163109345063,0.2648749546594537,1.3968847902346724,-2.291288342102195,-0.3105429675271199
12.0,129.0,1004.1688842773438,-3.463499193167545,-4.725395436716059,-1.4363157981651893,2.1334699404495807,2.800227246543757,1.7767159887304027,0.2648749544353688,1.396884887027788,-2.291286353688218,-0.3105429949452725
12.0,129.0,1004.1688842773438,-3.463498509719704,-4.725385284861874,-1.4363158007428878,2.1334699404495807,2.80022790496009,1.7767159839592763,0.2648749544358844,1.3968829166100545,-2.291208730971144,-0.3105429950513825
12.0,129.0,1004.1688842773438,-3.463499193167545,-4.725395436716059,-1.4363157981651893,2.1334699404495807,2.800227246543757,1.7767159839867668,0.2648749544494398,1.3968848330307817,-2.291286358363531,-0.3105429968405363
12.0,129.0,1004.1688842773438,-3.4634986642721013,-4.725395436716059,-1.4363157996424554,2.1334699404495807,2.800227246543757,1.7767162295489922,0.2648749546528505,1.396884834261789,-2.291294269901547,-0.3105429675678299
12.0,129.0,1004.1688842773438,-3.463498509719704,-4.725395449858085,-1.436315798060211,2.1334699404495807,2.8002276318427,1.776716281480669,0.2648749546571738,1.3968848314913236,-2.2912869282860866,-0.3105429675271199
12.0,129.0,1004.1688842773438,-3.463498509719704,-4.72539584068214,-1.4363157998602931,2.1334699404495807,2.80022764968887,1.7767162272100914,0.2648749546592526,1.3968827957093226,-2.291285569966582,-0.3105429654954635
12.0,129.0,1004.1688842773438,-3.463498509719704,-4.725385382461961,-1.4363158007428878,2.1334699404495807,2.800227640499708,1.7767159839592763,0.2648749546594537,1.3968827957093226,-2.291286799718101,-0.3105429950513825
12.0,129.0,1004.1688842773438,-3.463498524713761,-4.725385291955177,-1.4363157981655668,2.1334699404495807,2.800227246366444,1.7767159839592763,0.2648749544498072,1.3968847953543837,-2.291286334531645,-0.3105429950532082
12.0,129.0,1004.1688842773438,-3.463498882687416,-4.725395436716059,-1.436315798134858,2.1334699404495807,2.8002272463276663,1.7767159891683109,0.2648749544502345,1.396884834197094,-2.291215545027634,-0.3105429950393099
12.0,130.0,1004.1688232421876,-3.463498509719704,-4.72539584068214,-1.4363158007428878,2.1334699404495807,2.800227640499708,1.7767159895075075,0.2648749546594537,1.3968827957093226,-2.291288342102195,-0.3105429950513825
12.0,130.0,1004.1688232421876,-3.463498509719704,-4.72539584068214,-1.4363158007428878,2.1334699404495807,2.800227640499708,1.7767159895075075,0.2648749546594537,1.3968827957093226,-2.291288342102195,-0.3105429950513825
12.0,130.0,1004.1688232421876,-3.463498509719704,-4.72539584068214,-1.4363158007428878,2.1334699404495807,2.800227640499708,1.7767159895075075,0.2648749546594537,1.3968827957093226,-2.291288342102195,-0.3105429950513825
12.0,130.0,1004.1688232421876,-3.463503013553671,-4.725395440018096,-1.4363157997362748,2.1334699404495807,2.8002272463284887,1.7767162353002366,0.2648749544500063,1.396884834261789,-2.2911998190071587,-0.310542996998004
12.0,130.0,1004.1688232421876,-3.463502287945866,-4.725395943048072,-1.4363157997785392,2.1334699404495807,2.800227246543757,1.7767162307917943,0.264874954463242,1.396884834261789,-2.291210480458352,-0.3105429970424978
12.0,130.0,1004.1688232421876,-3.463498509719704,-4.72539584068214,-1.4363158007428878,2.1334699404495807,2.800227249370441,1.776715983801472,0.2648749544497884,1.3968827957093226,-2.291288346902083,-0.3105429950513825
12.0,130.0,1004.1688232421876,-3.463503013553671,-4.725395440018096,-1.4363157997362748,2.1334699404495807,2.8002272463284887,1.7767162353002366,0.2648749544500063,1.396884834261789,-2.2911998190071587,-0.310542996998004
12.0,130.0,1004.1688232421876,-3.463503729570575,-4.725395440018096,-1.4363157998690306,2.1334699404495807,2.8002272463284887,1.776716230156169,0.2648749544500063,1.396884834261789,-2.291286200617064,-0.3105429969954437
12.0,130.0,1004.1688232421876,-3.463498509719704,-4.72539584068214,-1.4363158007428878,2.1334699404495807,2.800227249370441,1.776715983801472,0.2648749544497884,1.3968827957093226,-2.291288346902083,-0.3105429950513825
12.0,130.0,1004.1688232421876,-3.463498509719704,-4.72539584068214,-1.4363158007428878,2.1334699404495807,2.800227640499708,1.7767159895075075,0.2648749546594537,1.3968827957093226,-2.291288342102195,-0.3105429950513825
12.0,130.0,1004.1688232421876,-3.463498509719704,-4.725395842518416,-1.4363158007428878,2.1334699404495807,2.8002272462449365,1.776715983801472,0.2648749544497942,1.3968829241919,-2.291288346902083,-0.3105429950514641
12.0,130.0,1004.1688232421876,-3.463498509719704,-4.725396457353329,-1.4363158007428878,2.1334699404495807,2.800227640499708,1.7767159839592763,0.2648749546594537,1.3968827957093226,-2.291286799718101,-0.3105429938616547
12.0,130.0,1004.1688232421876,-3.463502233497787,-4.72539610642095,-1.436315799782351,2.1334699404495807,2.800227246543757,1.7767162307917943,0.264874954463242,1.396884834261789,-2.291288378715251,-0.3105429970298286
12.0,130.0,1004.1688232421876,-3.463498509719704,-4.72539584068214,-1.4363158007428878,2.1334699404495807,2.800227640499708,1.7767159895075075,0.2648749546594537,1.3968827957093226,-2.291288342102195,-0.3105429950513825
12.0,130.0,1004.1688232421876,-3.4634988732231853,-4.72539585140278,-1.4363157981073136,2.1334699404495807,2.800227210115245,1.7767159913004014,0.2648749546594537,1.3968828011327494,-2.291288342102195,-0.3105429950951215
12.0,130.0,1004.1688232421876,-3.463498509719704,-4.72539584068214,-1.4363158007428878,2.1334699404495807,2.800227640499708,1.7767159895075075,0.2648749546594537,1.3968827957093226,-2.291288342102195,-0.3105429950513825
12.0,130.0,1004.1688232421876,-3.463503013553671,-4.725395440018096,-1.4363157997362748,2.1334699404495807,2.8002272463284887,1.7767162353002366,0.2648749544500063,1.396884834261789,-2.2911998190071587,-0.310542996998004
12.0,130.0,1004.1688232421876,-3.463498509719704,-4.725395832595966,-1.4363158007428878,2.1334699404495807,2.800227640499708,1.7767159887609432,0.2648749544320222,1.3968827957093226,-2.291288342102195,-0.3105429950508219
12.0,130.0,1004.1688232421876,-3.463498509719704,-4.725395842518416,-1.4363158007428878,2.1334699404495807,2.8002272462449365,1.7767159866898543,0.2648749544497942,1.3968828694576876,-2.291288346902083,-0.3105429944921509
12.0,130.0,1004.1688232421876,-3.4634991607534964,-4.72539584068214,-1.4363158006751582,2.1334699404495807,2.8002272528539685,1.7767159895075075,0.2648749546594537,1.396882627331266,-2.2912883648497697,-0.3105429950513825
12.0,130.0,1004.1688232421876,-3.463498509719704,-4.72539584068214,-1.4363158007428878,2.1334699404495807,2.800227640499708,1.7767159895075075,0.2648749546594537,1.3968827957093226,-2.291288342102195,-0.3105429950513825
12.0,130.0,1004.1688232421876,-3.463502199157473,-4.725385284861874,-1.436315799771619,2.1334699404495807,2.80022790496009,1.776715995870822,0.2648749544358844,1.3968829166100545,-2.291286521257249,-0.3105429950513825
12.0,130.0,1004.1688232421876,-3.463502233497787,-4.72539610642095,-1.436315800730053,2.1334699404495807,2.800227246685723,1.7767159876776917,0.264874954463242,1.3968854004994269,-2.291288346955597,-0.3105429951105465
12.0,130.0,1004.1688232421876,-3.463503923404542,-4.725395800000323,-1.4363158007720644,2.1334699404495807,2.800227277007086,1.7767162353300416,0.2648749544647371,1.3968827957093226,-2.29128836901565,-0.3105429950513825
12.0,130.0,1004.1688232421876,-3.463503013553671,-4.725395440018096,-1.4363157997362748,2.1334699404495807,2.8002272463284887,1.7767162353002366,0.2648749544500063,1.396884834261789,-2.2911998190071587,-0.310542996998004
12.0,130.0,1004.1688232421876,-3.463498509719704,-4.725395862417362,-1.4363158007705843,2.1334699404495807,2.8002272460220667,1.7767159895075075,0.2648749544477963,1.3968827957093226,-2.291290571724605,-0.3105429950513825
12.0,130.0,1004.1688232421876,-3.463503978353161,-4.725395603871957,-1.4363158007478911,2.1334699404495807,2.800227277007086,1.7767162353300416,0.2648749544365486,1.396882802965965,-2.2912884169157293,-0.3105429950513825
12.0,130.0,1004.1688232421876,-3.463503923404542,-4.725395869850984,-1.4363158007720644,2.1334699404495807,2.8002272443564458,1.7767162353300416,0.2648749544483667,1.3968826347046983,-2.291288507553448,-0.3105429950513825
12.0,130.0,1004.1688232421876,-3.463498509719704,-4.72539584068214,-1.4363158007428878,2.1334699404495807,2.800227640499708,1.7767159895075075,0.2648749546594537,1.3968827957093226,-2.291288342102195,-0.3105429950513825
12.0,130.0,1004.1688232421876,-3.463498509719704,-4.725395829629496,-1.4363158007428878,2.1334699404495807,2.800227246331422,1.776715983801472,0.2648749544497884,1.3968827957093226,-2.29128836783335,-0.3105429969842429
12.0,130.0,1004.1688232421876,-3.463498509719704,-4.725395832595966,-1.4363158007428878,2.1334699404495807,2.800227640499708,1.7767159887609432,0.2648749544320222,1.3968827957093226,-2.291288342102195,-0.3105429950508219
12.0,130.0,1004.1688232421876,-3.463498876426496,-4.72539585140278,-1.4363157981073136,2.1334699404495807,2.800227257188465,1.7767159896096365,0.2648749546594537,1.3968828011327494,-2.2912883626812106,-0.3105429950951215
12.0,130.0,1004.1688232421876,-3.463498509719704,-4.72539584068214,-1.4363158007428878,2.1334699404495807,2.800227640499708,1.7767159895075075,0.2648749546594537,1.3968827957093226,-2.291288342102195,-0.3105429950513825
12.0,130.0,1004.1688232421876,-3.463503729570575,-4.7253954510707405,-1.4363157998690306,2.1334699404495807,2.800227249367508,1.776716230156169,0.2648749544500063,1.396884834261789,-2.2912861796857964,-0.3105429950625833
12.0,130.0,1004.1688842773438,-3.463498509719704,-4.725385382461961,-1.4363158007428878,2.1334699404495807,2.800227640499708,1.7767159839592763,0.2648749546594537,1.3968827957093226,-2.291286799718101,-0.3105429950513825
12.0,130.0,1004.1688842773438,-3.463498509719704,-4.725396106120056,-1.4363158014342716,2.1334699404495807,2.800227640499708,1.7767160572740617,0.2648749546594537,1.3968847962537978,-2.291288342102195,-0.3105429687565417
12.0,130.0,1004.1688842773438,-3.463499193167545,-4.725395436716059,-1.4363157981651893,2.1334699404495807,2.800227246543757,1.7767159887304027,0.2648749544500063,1.3968848330307817,-2.291286358363531,-0.3105429967862811
12.0,130.0,1004.1688842773438,-3.463498509719704,-4.725396106120056,-1.4363157980595516,2.1334699404495807,2.8002276318427,1.776716285239476,0.2648749546594537,1.3968847962537978,-2.291288342102195,-0.3105429675271199
12.0,130.0,1004.1688842773438,-3.463499193167545,-4.725395436716059,-1.436315798134858,2.1334699404495807,2.8002272463276663,1.7767159887304027,0.2648749544500063,1.3968848330307817,-2.291286358363531,-0.3105429950391127
12.0,130.0,1004.1688842773438,-3.463498509719704,-4.725385382461961,-1.4363158007428878,2.1334699404495807,2.8002272426811308,1.7767159839592763,0.2648749544440841,1.3968827957093226,-2.291286801496587,-0.3105429950513825
12.0,130.0,1004.1688842773438,-3.463498509719704,-4.725385382461961,-1.4363158007428878,2.1334699404495807,2.800227640499708,1.7767159839592763,0.2648749546594537,1.3968827957093226,-2.291286799718101,-0.3105429950513825
12.0,130.0,1004.1688842773438,-3.463498509719704,-4.72539584068214,-1.4363157998602931,2.1334699404495807,2.80022764968887,1.7767162272100914,0.2648749546563633,1.3968827957093226,-2.2912854815610086,-0.3105429951161441
12.0,130.0,1004.1688842773438,-3.463498509719704,-4.725396106120056,-1.4363157980390926,2.1334699404495807,2.8002276403338606,1.776716285239476,0.2648749546594537,1.3968848466679524,-2.291288342102195,-0.3105429675271199
12.0,130.0,1004.1688842773438,-3.463498509719704,-4.725385382461961,-1.4363158007428878,2.1334699404495807,2.800227640499708,1.7767159839592763,0.2648749546594537,1.3968827957093226,-2.291286799718101,-0.3105429950513825
12.0,130.0,1004.1688842773438,-3.463498509719704,-4.725396106120056,-1.4363157980595516,2.1334699404495807,2.8002276318427,1.776716285239476,0.2648749546594537,1.3968847962537978,-2.291288342102195,-0.3105429675271199
12.0,130.0,1004.1688842773438,-3.463498509719704,-4.725385382461961,-1.4363158007428878,2.1334699404495807,2.800227640499708,1.7767162297101602,0.2648749546603139,1.3968849278519402,-2.291286799718101,-0.3105429971039749
12.0,130.0,1004.1688842773438,-3.463498509719704,-4.72539584068214,-1.4363158007441783,2.1334699404495807,2.800227253185108,1.7767159895075075,0.264874954441984,1.3968828113126992,-2.291288229964718,-0.3105429966209362
12.0,130.0,1004.1688842773438,-3.463498882687416,-4.725395436716059,-1.436315798134858,2.1334699404495807,2.8002272463276663,1.7767159887304027,0.2648749544500063,1.396884834197094,-2.2912869053942195,-0.3105429950391127
12.0,130.0,1004.1688842773438,-3.463498509719704,-4.725385382461961,-1.4363158007428878,2.1334699404495807,2.800227640499708,1.7767162269225474,0.2648749546594537,1.396884830028294,-2.291286799718101,-0.3105429950513825
12.0,130.0,1004.1688842773438,-3.463498509719704,-4.725395496428234,-1.4363158014342716,2.1334699404495807,2.800227640499708,1.7767160560786042,0.2648749546571856,1.3968848324030894,-2.291285988626468,-0.3105429697825966
12.0,131.0,1004.1688232421876,-3.463498509719704,-4.72539584068214,-1.4363158007428878,2.1334699404495807,2.800227640499708,1.7767159895075075,0.2648749546594537,1.3968827957093226,-2.291288342102195,-0.3105429950513825
12.0,131.0,1004.1688232421876,-3.463498509719704,-4.72539584068214,-1.4363158007428878,2.1334699404495807,2.800227640499708,1.7767159895075075,0.2648749546594537,1.3968827957093226,-2.291288342102195,-0.3105429950513825
12.0,131.0,1004.1688232421876,-3.463498509719704,-4.72539584068214,-1.4363158007428878,2.1334699404495807,2.800227640499708,1.7767159895075075,0.2648749546594537,1.3968827957093226,-2.291288342102195,-0.3105429950513825
12.0,131.0,1004.1688232421876,-3.463503013553671,-4.725395440018096,-1.4363157997362748,2.1334699404495807,2.8002272463284887,1.7767162353002366,0.2648749544500063,1.396884834261789,-2.2911998190071587,-0.310542996998004
12.0,131.0,1004.1688232421876,-3.463502287945866,-4.725395943048072,-1.4363157997785392,2.1334699404495807,2.800227246543757,1.7767162307917943,0.264874954463242,1.396884834261789,-2.291210480458352,-0.3105429970424978
12.0,131.0,1004.1688232421876,-3.463498509719704,-4.72539584068214,-1.4363158007428878,2.1334699404495807,2.800227249370441,1.776715983801472,0.2648749544497884,1.3968827957093226,-2.291288346902083,-0.3105429950513825
12.0,131.0,1004.1688232421876,-3.463503013553671,-4.725395440018096,-1.4363157997362748,2.1334699404495807,2.8002272463284887,1.7767162353002366,0.2648749544500063,1.396884834261789,-2.2911998190071587,-0.310542996998004
12.0,131.0,1004.1688232421876,-3.463503729570575,-4.725395440018096,-1.4363157998690306,2.1334699404495807,2.8002272463284887,1.776716230156169,0.2648749544500063,1.396884834261789,-2.291286200617064,-0.3105429969954437
12.0,131.0,1004.1688232421876,-3.463498509719704,-4.72539584068214,-1.4363158007428878,2.1334699404495807,2.800227249370441,1.776715983801472,0.2648749544497884,1.3968827957093226,-2.291288346902083,-0.3105429950513825
12.0,131.0,1004.1688232421876,-3.463498509719704,-4.72539584068214,-1.4363158007428878,2.1334699404495807,2.800227640499708,1.7767159895075075,0.2648749546594537,1.3968827957093226,-2.291288342102195,-0.3105429950513825
12.0,131.0,1004.1688232421876,-3.463498509719704,-4.725395842518416,-1.4363158007428878,2.1334699404495807,2.8002272462449365,1.776715983801472,0.2648749544497942,1.3968829241919,-2.291288346902083,-0.3105429950514641
12.0,131.0,1004.1688232421876,-3.463498509719704,-4.725396457353329,-1.4363158007428878,2.1334699404495807,2.800227640499708,1.7767159839592763,0.2648749546594537,1.3968827957093226,-2.291286799718101,-0.3105429938616547
12.0,131.0,1004.1688232421876,-3.463502233497787,-4.72539610642095,-1.436315799782351,2.1334699404495807,2.800227246543757,1.7767162307917943,0.264874954463242,1.396884834261789,-2.291288378715251,-0.3105429970298286
12.0,131.0,1004.1688232421876,-3.463498509719704,-4.72539584068214,-1.4363158007428878,2.1334699404495807,2.800227640499708,1.7767159895075075,0.2648749546594537,1.3968827957093226,-2.291288342102195,-0.3105429950513825
12.0,131.0,1004.1688232421876,-3.4634988732231853,-4.72539585140278,-1.4363157981073136,2.1334699404495807,2.800227210115245,1.7767159913004014,0.2648749546594537,1.3968828011327494,-2.291288342102195,-0.3105429950951215
12.0,131.0,1004.1688232421876,-3.463498509719704,-4.72539584068214,-1.4363158007428878,2.1334699404495807,2.800227640499708,1.7767159895075075,0.2648749546594537,1.3968827957093226,-2.291288342102195,-0.3105429950513825
12.0,131.0,1004.1688232421876,-3.463503013553671,-4.725395440018096,-1.4363157997362748,2.1334699404495807,2.8002272463284887,1.7767162353002366,0.2648749544500063,1.396884834261789,-2.2911998190071587,-0.310542996998004
12.0,131.0,1004.1688232421876,-3.463498509719704,-4.725395832595966,-1.4363158007428878,2.1334699404495807,2.800227640499708,1.7767159887609432,0.2648749544320222,1.3968827957093226,-2.291288342102195,-0.3105429950508219
12.0,131.0,1004.1688232421876,-3.463498509719704,-4.725395842518416,-1.4363158007428878,2.1334699404495807,2.8002272462449365,1.7767159866898543,0.2648749544497942,1.3968828694576876,-2.291288346902083,-0.3105429944921509
12.0,131.0,1004.1688232421876,-3.4634991607534964,-4.72539584068214,-1.4363158006751582,2.1334699404495807,2.8002272528539685,1.7767159895075075,0.2648749546594537,1.396882627331266,-2.2912883648497697,-0.3105429950513825
12.0,131.0,1004.1688232421876,-3.463498509719704,-4.72539584068214,-1.4363158007428878,2.1334699404495807,2.800227640499708,1.7767159895075075,0.2648749546594537,1.3968827957093226,-2.291288342102195,-0.3105429950513825
12.0,131.0,1004.1688232421876,-3.463502199157473,-4.725385284861874,-1.436315799771619,2.1334699404495807,2.80022790496009,1.776715995870822,0.2648749544358844,1.3968829166100545,-2.291286521257249,-0.3105429950513825
12.0,131.0,1004.1688232421876,-3.463502233497787,-4.72539610642095,-1.436315800730053,2.1334699404495807,2.800227246685723,1.7767159876776917,0.264874954463242,1.3968854004994269,-2.291288346955597,-0.3105429951105465
12.0,131.0,1004.1688232421876,-3.463503923404542,-4.725395800000323,-1.4363158007720644,2.1334699404495807,2.800227277007086,1.7767162353300416,0.2648749544647371,1.3968827957093226,-2.29128836901565,-0.3105429950513825
12.0,131.0,1004.1688232421876,-3.463503013553671,-4.725395440018096,-1.4363157997362748,2.1334699404495807,2.8002272463284887,1.7767162353002366,0.2648749544500063,1.396884834261789,-2.2911998190071587,-0.310542996998004
12.0,131.0,1004.1688232421876,-3.463498509719704,-4.725395862417362,-1.4363158007705843,2.1334699404495807,2.8002272460220667,1.7767159895075075,0.2648749544477963,1.3968827957093226,-2.291290571724605,-0.3105429950513825
12.0,131.0,1004.1688232421876,-3.463503978353161,-4.725395603871957,-1.4363158007478911,2.1334699404495807,2.800227277007086,1.7767162353300416,0.2648749544365486,1.396882802965965,-2.2912884169157293,-0.3105429950513825
12.0,131.0,1004.1688232421876,-3.463503923404542,-4.725395869850984,-1.4363158007720644,2.1334699404495807,2.8002272443564458,1.7767162353300416,0.2648749544483667,1.3968826347046983,-2.291288507553448,-0.3105429950513825
12.0,131.0,1004.1688232421876,-3.463498509719704,-4.72539584068214,-1.4363158007428878,2.1334699404495807,2.800227640499708,1.7767159895075075,0.2648749546594537,1.3968827957093226,-2.291288342102195,-0.3105429950513825
12.0,131.0,1004.1688232421876,-3.463498509719704,-4.725395829629496,-1.4363158007428878,2.1334699404495807,2.800227246331422,1.776715983801472,0.2648749544497884,1.3968827957093226,-2.29128836783335,-0.3105429969842429
12.0,131.0,1004.1688232421876,-3.463498509719704,-4.725395832595966,-1.4363158007428878,2.1334699404495807,2.800227640499708,1.7767159887609432,0.2648749544320222,1.3968827957093226,-2.291288342102195,-0.3105429950508219
12.0,131.0,1004.1688232421876,-3.463498876426496,-4.72539585140278,-1.4363157981073136,2.1334699404495807,2.800227257188465,1.7767159896096365,0.2648749546594537,1.3968828011327494,-2.2912883626812106,-0.3105429950951215
12.0,131.0,1004.1688232421876,-3.463498509719704,-4.72539584068214,-1.4363158007428878,2.1334699404495807,2.800227640499708,1.7767159895075075,0.2648749546594537,1.3968827957093226,-2.291288342102195,-0.3105429950513825
12.0,131.0,1004.1688232421876,-3.463503729570575,-4.7253954510707405,-1.4363157998690306,2.1334699404495807,2.800227249367508,1.776716230156169,0.2648749544500063,1.396884834261789,-2.2912861796857964,-0.3105429950625833
12.0,131.0,1004.1688232421876,-3.463502225910681,-4.72539612088748,-1.43631580073003,2.1334699404495807,2.800227246685723,1.776716246171831,0.2648749544631926,1.3968854004994269,-2.291288346955597,-0.3105429951105465
12.0,131.0,1004.1688232421876,-3.463503978353161,-4.725395603871957,-1.4363158007478911,2.1334699404495807,2.8002272482834405,1.7767162353300416,0.2648749544643329,1.396884838020187,-2.291288375524981,-0.3105429969489507
12.0,131.0,1004.1688232421876,-3.463503727439461,-4.725395868253633,-1.4363157981073136,2.1334699404495807,2.800227210115245,1.776715978304317,0.2648749544528785,1.3968828066584236,-2.2912882871323634,-0.31054299701841
12.0,131.0,1004.1688232421876,-3.46350302987032,-4.725395440018096,-1.4363157997273472,2.1334699404495807,2.8002272463284887,1.776716230156169,0.2648749544500063,1.396884834261789,-2.291286200617064,-0.3105429969952608
12.0,131.0,1004.1688232421876,-3.463498509719704,-4.725395829629496,-1.4363158007428878,2.1334699404495807,2.800227246331422,1.776715983801472,0.2648749544497884,1.3968827958636685,-2.2912883684343672,-0.3105429969842429
12.0,131.0,1004.1688232421876,-3.463503923404542,-4.725394729740312,-1.43631580075722,2.1334699404495807,2.8002272443564458,1.7767162434028283,0.2648749544354976,1.3968826347046983,-2.2912862029755874,-0.3105429950513825
12.0,131.0,1004.1688232421876,-3.463503013553671,-4.725395440018096,-1.4363157997362748,2.1334699404495807,2.800227254551092,1.7767162428992715,0.2648749544500063,1.3968847244132605,-2.291284825909188,-0.3105429970462828
12.0,131.0,1004.1688232421876,-3.4634991607534964,-4.72539584068214,-1.4363158006751582,2.1334699404495807,2.8002272528539685,1.7767159895075075,0.2648749546594537,1.396882627331266,-2.2912883648497697,-0.3105429950513825
12.0,131.0,1004.1688232421876,-3.463498509719704,-4.72539584068214,-1.4363158007428878,2.1334699404495807,2.800227632084607,1.776715988721763,0.2648749544497884,1.3968827957093226,-2.2912883421307644,-0.3105429950513825
12.0,131.0,1004.1688232421876,-3.463498509719704,-4.725395598962863,-1.4363158007428878,2.1334699404495807,2.800227640719127,1.7767159895075075,0.2648749546594537,1.3968827957093226,-2.291288342102195,-0.3105429950513825
12.0,131.0,1004.1688232421876,-3.463498509719704,-4.72539584068214,-1.4363158007428878,2.1334699404495807,2.800227640499708,1.7767159895075075,0.2648749546594537,1.3968827957093226,-2.291288342102195,-0.3105429950513825
12.0,131.0,1004.1688232421876,-3.46350234122566,-4.725395936762113,-1.4363158006193664,2.1334699404495807,2.800227640499708,1.7767159895075075,0.2648749546584542,1.3968827957093226,-2.2912094844801016,-0.3105429950513825
12.0,131.0,1004.1688842773438,-3.463498509719704,-4.725385382461961,-1.4363158007428878,2.1334699404495807,2.800227640499708,1.7767159839592763,0.2648749546594537,1.3968827957093226,-2.291286799718101,-0.3105429950513825
12.0,131.0,1004.1688842773438,-3.463498509719704,-4.725396106120056,-1.4363158014342716,2.1334699404495807,2.800227640499708,1.7767160572740617,0.2648749546594537,1.3968847962537978,-2.291288342102195,-0.3105429687565417
12.0,131.0,1004.1688842773438,-3.463499193167545,-4.725395436716059,-1.4363157981651893,2.1334699404495807,2.800227246543757,1.7767159887304027,0.2648749544500063,1.3968848330307817,-2.291286358363531,-0.3105429967862811
12.0,131.0,1004.1688842773438,-3.463498509719704,-4.725396106120056,-1.4363157980595516,2.1334699404495807,2.8002276318427,1.776716285239476,0.2648749546594537,1.3968847962537978,-2.291288342102195,-0.3105429675271199
12.0,132.0,1004.1688232421876,-3.463498509719704,-4.72539584068214,-1.4363158007428878,2.1334699404495807,2.800227640499708,1.7767159895075075,0.2648749546594537,1.3968827957093226,-2.291288342102195,-0.3105429950513825
12.0,132.0,1004.1688232421876,-3.463498509719704,-4.72539584068214,-1.4363158007428878,2.1334699404495807,2.800227640499708,1.7767159895075075,0.2648749546594537,1.3968827957093226,-2.291288342102195,-0.3105429950513825
12.0,132.0,1004.1688232421876,-3.463498509719704,-4.72539584068214,-1.4363158007428878,2.1334699404495807,2.800227640499708,1.7767159895075075,0.2648749546594537,1.3968827957093226,-2.291288342102195,-0.3105429950513825
12.0,132.0,1004.1688232421876,-3.463503013553671,-4.725395440018096,-1.4363157997362748,2.1334699404495807,2.8002272463284887,1.7767162353002366,0.2648749544500063,1.396884834261789,-2.2911998190071587,-0.310542996998004
12.0,132.0,1004.1688232421876,-3.463502287945866,-4.725395943048072,-1.4363157997785392,2.1334699404495807,2.800227246543757,1.7767162307917943,0.264874954463242,1.396884834261789,-2.291210480458352,-0.3105429970424978
12.0,132.0,1004.1688232421876,-3.463498509719704,-4.72539584068214,-1.4363158007428878,2.1334699404495807,2.800227249370441,1.776715983801472,0.2648749544497884,1.3968827957093226,-2.291288346902083,-0.3105429950513825
12.0,132.0,1004.1688232421876,-3.463503013553671,-4.725395440018096,-1.4363157997362748,2.1334699404495807,2.8002272463284887,1.7767162353002366,0.2648749544500063,1.396884834261789,-2.2911998190071587,-0.310542996998004
12.0,132.0,1004.1688232421876,-3.463503729570575,-4.725395440018096,-1.4363157998690306,2.1334699404495807,2.8002272463284887,1.776716230156169,0.2648749544500063,1.396884834261789,-2.291286200617064,-0.3105429969954437
12.0,132.0,1004.1688232421876,-3.463498509719704,-4.72539584068214,-1.4363158007428878,2.1334699404495807,2.800227249370441,1.776715983801472,0.2648749544497884,1.3968827957093226,-2.291288346902083,-0.3105429950513825
12.0,132.0,1004.1688232421876,-3.463498509719704,-4.72539584068214,-1.4363158007428878,2.1334699404495807,2.800227640499708,1.7767159895075075,0.2648749546594537,1.3968827957093226,-2.291288342102195,-0.3105429950513825
12.0,132.0,1004.1688232421876,-3.463498509719704,-4.725395842518416,-1.4363158007428878,2.1334699404495807,2.8002272462449365,1.776715983801472,0.2648749544497942,1.3968829241919,-2.291288346902083,-0.3105429950514641
12.0,132.0,1004.1688232421876,-3.463498509719704,-4.725396457353329,-1.4363158007428878,2.1334699404495807,2.800227640499708,1.7767159839592763,0.2648749546594537,1.3968827957093226,-2.291286799718101,-0.3105429938616547
12.0,132.0,1004.1688232421876,-3.463502233497787,-4.72539610642095,-1.436315799782351,2.1334699404495807,2.800227246543757,1.7767162307917943,0.264874954463242,1.396884834261789,-2.291288378715251,-0.3105429970298286
12.0,132.0,1004.1688232421876,-3.463498509719704,-4.72539584068214,-1.4363158007428878,2.1334699404495807,2.800227640499708,1.7767159895075075,0.2648749546594537,1.3968827957093226,-2.291288342102195,-0.3105429950513825
12.0,132.0,1004.1688232421876,-3.4634988732231853,-4.72539585140278,-1.4363157981073136,2.1334699404495807,2.800227210115245,1.7767159913004014,0.2648749546594537,1.3968828011327494,-2.291288342102195,-0.3105429950951215
12.0,132.0,1004.1688232421876,-3.463498509719704,-4.72539584068214,-1.4363158007428878,2.1334699404495807,2.800227640499708,1.7767159895075075,0.2648749546594537,1.3968827957093226,-2.291288342102195,-0.3105429950513825
12.0,132.0,1004.1688232421876,-3.463503013553671,-4.725395440018096,-1.4363157997362748,2.1334699404495807,2.8002272463284887,1.7767162353002366,0.2648749544500063,1.396884834261789,-2.2911998190071587,-0.310542996998004
12.0,132.0,1004.1688232421876,-3.463498509719704,-4.725395832595966,-1.4363158007428878,2.1334699404495807,2.800227640499708,1.7767159887609432,0.2648749544320222,1.3968827957093226,-2.291288342102195,-0.3105429950508219
12.0,132.0,1004.1688232421876,-3.463498509719704,-4.725395842518416,-1.4363158007428878,2.1334699404495807,2.8002272462449365,1.7767159866898543,0.2648749544497942,1.3968828694576876,-2.291288346902083,-0.3105429944921509
12.0,132.0,1004.1688232421876,-3.4634991607534964,-4.72539584068214,-1.4363158006751582,2.1334699404495807,2.8002272528539685,1.7767159895075075,0.2648749546594537,1.396882627331266,-2.2912883648497697,-0.3105429950513825
12.0,132.0,1004.1688232421876,-3.463498509719704,-4.72539584068214,-1.4363158007428878,2.1334699404495807,2.800227640499708,1.7767159895075075,0.2648749546594537,1.3968827957093226,-2.291288342102195,-0.3105429950513825
12.0,132.0,1004.1688232421876,-3.463502199157473,-4.725385284861874,-1.436315799771619,2.1334699404495807,2.80022790496009,1.776715995870822,0.2648749544358844,1.3968829166100545,-2.291286521257249,-0.3105429950513825
12.0,132.0,1004.1688232421876,-3.463502233497787,-4.72539610642095,-1.436315800730053,2.1334699404495807,2.800227246685723,1.7767159876776917,0.264874954463242,1.3968854004994269,-2.291288346955597,-0.3105429951105465
12.0,132.0,1004.1688232421876,-3.463503923404542,-4.725395800000323,-1.4363158007720644,2.1334699404495807,2.800227277007086,1.7767162353300416,0.2648749544647371,1.3968827957093226,-2.29128836901565,-0.3105429950513825
12.0,132.0,1004.1688232421876,-3.463503013553671,-4.725395440018096,-1.4363157997362748,2.1334699404495807,2.8002272463284887,1.7767162353002366,0.2648749544500063,1.396884834261789,-2.2911998190071587,-0.310542996998004
12.0,132.0,1004.1688232421876,-3.463498509719704,-4.725395862417362,-1.4363158007705843,2.1334699404495807,2.8002272460220667,1.7767159895075075,0.2648749544477963,1.3968827957093226,-2.291290571724605,-0.3105429950513825
12.0,132.0,1004.1688232421876,-3.463503978353161,-4.725395603871957,-1.4363158007478911,2.1334699404495807,2.800227277007086,1.7767162353300416,0.2648749544365486,1.396882802965965,-2.2912884169157293,-0.3105429950513825
12.0,132.0,1004.1688232421876,-3.463503923404542,-4.725395869850984,-1.4363158007720644,2.1334699404495807,2.8002272443564458,1.7767162353300416,0.2648749544483667,1.3968826347046983,-2.291288507553448,-0.3105429950513825
12.0,132.0,1004.1688232421876,-3.463498509719704,-4.72539584068214,-1.4363158007428878,2.1334699404495807,2.800227640499708,1.7767159895075075,0.2648749546594537,1.3968827957093226,-2.291288342102195,-0.3105429950513825
12.0,132.0,1004.1688232421876,-3.463498509719704,-4.725395829629496,-1.4363158007428878,2.1334699404495807,2.800227246331422,1.776715983801472,0.2648749544497884,1.3968827957093226,-2.29128836783335,-0.3105429969842429
12.0,132.0,1004.1688232421876,-3.463498509719704,-4.725395832595966,-1.4363158007428878,2.1334699404495807,2.800227640499708,1.7767159887609432,0.2648749544320222,1.3968827957093226,-2.291288342102195,-0.3105429950508219
12.0,132.0,1004.1688232421876,-3.463498876426496,-4.72539585140278,-1.4363157981073136,2.1334699404495807,2.800227257188465,1.7767159896096365,0.2648749546594537,1.3968828011327494,-2.2912883626812106,-0.3105429950951215
12.0,132.0,1004.1688232421876,-3.463498509719704,-4.72539584068214,-1.4363158007428878,2.1334699404495807,2.800227640499708,1.7767159895075075,0.2648749546594537,1.3968827957093226,-2.291288342102195,-0.3105429950513825
12.0,132.0,1004.1688232421876,-3.463503729570575,-4.7253954510707405,-1.4363157998690306,2.1334699404495807,2.800227249367508,1.776716230156169,0.2648749544500063,1.396884834261789,-2.2912861796857964,-0.3105429950625833
12.0,132.0,1004.1688232421876,-3.463502225910681,-4.72539612088748,-1.43631580073003,2.1334699404495807,2.800227246685723,1.776716246171831,0.2648749544631926,1.3968854004994269,-2.291288346955597,-0.3105429951105465
12.0,132.0,1004.1688232421876,-3.463503978353161,-4.725395603871957,-1.4363158007478911,2.1334699404495807,2.8002272482834405,1.7767162353300416,0.2648749544643329,1.396884838020187,-2.291288375524981,-0.3105429969489507
12.0,132.0,1004.1688232421876,-3.463503727439461,-4.725395868253633,-1.4363157981073136,2.1334699404495807,2.800227210115245,1.776715978304317,0.2648749544528785,1.3968828066584236,-2.2912882871323634,-0.31054299701841
12.0,132.0,1004.1688232421876,-3.46350302987032,-4.725395440018096,-1.4363157997273472,2.1334699404495807,2.8002272463284887,1.776716230156169,0.2648749544500063,1.396884834261789,-2.291286200617064,-0.3105429969952608
12.0,132.0,1004.1688232421876,-3.463498509719704,-4.725395829629496,-1.4363158007428878,2.1334699404495807,2.800227246331422,1.776715983801472,0.2648749544497884,1.3968827958636685,-2.2912883684343672,-0.3105429969842429
12.0,132.0,1004.1688232421876,-3.463503923404542,-4.725394729740312,-1.43631580075722,2.1334699404495807,2.8002272443564458,1.7767162434028283,0.2648749544354976,1.3968826347046983,-2.2912862029755874,-0.3105429950513825
12.0,132.0,1004.1688232421876,-3.463503013553671,-4.725395440018096,-1.4363157997362748,2.1334699404495807,2.800227254551092,1.7767162428992715,0.2648749544500063,1.3968847244132605,-2.291284825909188,-0.3105429970462828
12.0,132.0,1004.1688232421876,-3.4634991607534964,-4.72539584068214,-1.4363158006751582,2.1334699404495807,2.8002272528539685,1.7767159895075075,0.2648749546594537,1.396882627331266,-2.2912883648497697,-0.3105429950513825
12.0,132.0,1004.1688232421876,-3.463498509719704,-4.72539584068214,-1.4363158007428878,2.1334699404495807,2.800227632084607,1.776715988721763,0.2648749544497884,1.3968827957093226,-2.2912883421307644,-0.3105429950513825
12.0,132.0,1004.1688232421876,-3.463498509719704,-4.725395598962863,-1.4363158007428878,2.1334699404495807,2.800227640719127,1.7767159895075075,0.2648749546594537,1.3968827957093226,-2.291288342102195,-0.3105429950513825
12.0,132.0,1004.1688232421876,-3.463498509719704,-4.72539584068214,-1.4363158007428878,2.1334699404495807,2.800227640499708,1.7767159895075075,0.2648749546594537,1.3968827957093226,-2.291288342102195,-0.3105429950513825
12.0,132.0,1004.1688232421876,-3.46350234122566,-4.725395936762113,-1.4363158006193664,2.1334699404495807,2.800227640499708,1.7767159895075075,0.2648749546584542,1.3968827957093226,-2.2912094844801016,-0.3105429950513825
12.0,132.0,1004.1688232421876,-3.463498509719704,-4.72539584068214,-1.4363158007428878,2.1334699404495807,2.800227249370441,1.776715983801472,0.2648749544497884,1.3968827957093226,-2.291288346902083,-0.3105429950513825
12.0,132.0,1004.1688232421876,-3.463503521898381,-4.72539584068214,-1.4363158007428878,2.1334699404495807,2.800227640499708,1.7767159957412606,0.2648749544404716,1.396882628544033,-2.29128850780801,-0.3105429950513825
12.0,132.0,1004.1688232421876,-3.463502233497787,-4.725395430939897,-1.436315800730053,2.1334699404495807,2.800227246685723,1.7767162282142936,0.264874954463242,1.3968854004994269,-2.291288432531727,-0.3105429951105465
12.0,132.0,1004.1688232421876,-3.463498509719704,-4.725395832595966,-1.4363158007428878,2.1334699404495807,2.800227640499708,1.7767159887609432,0.2648749544320222,1.3968827957093226,-2.291288342102195,-0.3105429950508219
12.0,133.0,1004.1688232421876,-3.463498509719704,-4.72539584068214,-1.4363158007428878,2.1334699404495807,2.800227640499708,1.7767159895075075,0.2648749546594537,1.3968827957093226,-2.291288342102195,-0.3105429950513825
12.0,133.0,1004.1688232421876,-3.463498509719704,-4.72539584068214,-1.4363158007428878,2.1334699404495807,2.800227640499708,1.7767159895075075,0.2648749546594537,1.3968827957093226,-2.291288342102195,-0.3105429950513825
12.0,133.0,1004.1688232421876,-3.463498509719704,-4.72539584068214,-1.4363158007428878,2.1334699404495807,2.800227640499708,1.7767159895075075,0.2648749546594537,1.3968827957093226,-2.291288342102195,-0.3105429950513825
12.0,133.0,1004.1688232421876,-3.463503013553671,-4.725395440018096,-1.4363157997362748,2.1334699404495807,2.8002272463284887,1.7767162353002366,0.2648749544500063,1.396884834261789,-2.2911998190071587,-0.310542996998004
12.0,133.0,1004.1688232421876,-3.463502287945866,-4.725395943048072,-1.4363157997785392,2.1334699404495807,2.800227246543757,1.7767162307917943,0.264874954463242,1.396884834261789,-2.291210480458352,-0.3105429970424978
12.0,133.0,1004.1688232421876,-3.463498509719704,-4.72539584068214,-1.4363158007428878,2.1334699404495807,2.800227249370441,1.776715983801472,0.2648749544497884,1.3968827957093226,-2.291288346902083,-0.3105429950513825
12.0,133.0,1004.1688232421876,-3.463503013553671,-4.725395440018096,-1.4363157997362748,2.1334699404495807,2.8002272463284887,1.7767162353002366,0.2648749544500063,1.396884834261789,-2.2911998190071587,-0.310542996998004
12.0,133.0,1004.1688232421876,-3.463503729570575,-4.725395440018096,-1.4363157998690306,2.1334699404495807,2.8002272463284887,1.776716230156169,0.2648749544500063,1.396884834261789,-2.291286200617064,-0.3105429969954437
12.0,133.0,1004.1688232421876,-3.463498509719704,-4.72539584068214,-1.4363158007428878,2.1334699404495807,2.800227249370441,1.776715983801472,0.2648749544497884,1.3968827957093226,-2.291288346902083,-0.3105429950513825
12.0,133.0,1004.1688232421876,-3.463498509719704,-4.72539584068214,-1.4363158007428878,2.1334699404495807,2.800227640499708,1.7767159895075075,0.2648749546594537,1.3968827957093226,-2.291288342102195,-0.3105429950513825
12.0,133.0,1004.1688232421876,-3.463498509719704,-4.725395842518416,-1.4363158007428878,2.1334699404495807,2.8002272462449365,1.776715983801472,0.2648749544497942,1.3968829241919,-2.291288346902083,-0.3105429950514641
12.0,133.0,1004.1688232421876,-3.463498509719704,-4.725396457353329,-1.4363158007428878,2.1334699404495807,2.800227640499708,1.7767159839592763,0.2648749546594537,1.3968827957093226,-2.291286799718101,-0.3105429938616547
12.0,133.0,1004.1688232421876,-3.463502233497787,-4.72539610642095,-1.436315799782351,2.1334699404495807,2.800227246543757,1.7767162307917943,0.264874954463242,1.396884834261789,-2.291288378715251,-0.3105429970298286
12.0,133.0,1004.1688232421876,-3.463498509719704,-4.72539584068214,-1.4363158007428878,2.1334699404495807,2.800227640499708,1.7767159895075075,0.2648749546594537,1.3968827957093226,-2.291288342102195,-0.3105429950513825
12.0,133.0,1004.1688232421876,-3.4634988732231853,-4.72539585140278,-1.4363157981073136,2.1334699404495807,2.800227210115245,1.7767159913004014,0.2648749546594537,1.3968828011327494,-2.291288342102195,-0.3105429950951215
12.0,133.0,1004.1688232421876,-3.463498509719704,-4.72539584068214,-1.4363158007428878,2.1334699404495807,2.800227640499708,1.7767159895075075,0.2648749546594537,1.3968827957093226,-2.291288342102195,-0.3105429950513825
12.0,133.0,1004.1688232421876,-3.463503013553671,-4.725395440018096,-1.4363157997362748,2.1334699404495807,2.8002272463284887,1.7767162353002366,0.2648749544500063,1.396884834261789,-2.2911998190071587,-0.310542996998004
12.0,133.0,1004.1688232421876,-3.463498509719704,-4.725395832595966,-1.4363158007428878,2.1334699404495807,2.800227640499708,1.7767159887609432,0.2648749544320222,1.3968827957093226,-2.291288342102195,-0.3105429950508219
12.0,133.0,1004.1688232421876,-3.463498509719704,-4.725395842518416,-1.4363158007428878,2.1334699404495807,2.8002272462449365,1.7767159866898543,0.2648749544497942,1.3968828694576876,-2.291288346902083,-0.3105429944921509
12.0,133.0,1004.1688232421876,-3.4634991607534964,-4.72539584068214,-1.4363158006751582,2.1334699404495807,2.8002272528539685,1.7767159895075075,0.2648749546594537,1.396882627331266,-2.2912883648497697,-0.3105429950513825
12.0,133.0,1004.1688232421876,-3.463498509719704,-4.72539584068214,-1.4363158007428878,2.1334699404495807,2.800227640499708,1.7767159895075075,0.2648749546594537,1.3968827957093226,-2.291288342102195,-0.3105429950513825
12.0,133.0,1004.1688232421876,-3.463502199157473,-4.725385284861874,-1.436315799771619,2.1334699404495807,2.80022790496009,1.776715995870822,0.2648749544358844,1.3968829166100545,-2.291286521257249,-0.3105429950513825
12.0,133.0,1004.1688232421876,-3.463502233497787,-4.72539610642095,-1.436315800730053,2.1334699404495807,2.800227246685723,1.7767159876776917,0.264874954463242,1.3968854004994269,-2.291288346955597,-0.3105429951105465
12.0,133.0,1004.1688232421876,-3.463503923404542,-4.725395800000323,-1.4363158007720644,2.1334699404495807,2.800227277007086,1.7767162353300416,0.2648749544647371,1.3968827957093226,-2.29128836901565,-0.3105429950513825
12.0,133.0,1004.1688232421876,-3.463503013553671,-4.725395440018096,-1.4363157997362748,2.1334699404495807,2.8002272463284887,1.7767162353002366,0.2648749544500063,1.396884834261789,-2.2911998190071587,-0.310542996998004
12.0,133.0,1004.1688232421876,-3.463498509719704,-4.725395862417362,-1.4363158007705843,2.1334699404495807,2.8002272460220667,1.7767159895075075,0.2648749544477963,1.3968827957093226,-2.291290571724605,-0.3105429950513825
12.0,133.0,1004.1688232421876,-3.463503978353161,-4.725395603871957,-1.4363158007478911,2.1334699404495807,2.800227277007086,1.7767162353300416,0.2648749544365486,1.396882802965965,-2.2912884169157293,-0.3105429950513825
12.0,133.0,1004.1688232421876,-3.463503923404542,-4.725395869850984,-1.4363158007720644,2.1334699404495807,2.8002272443564458,1.7767162353300416,0.2648749544483667,1.3968826347046983,-2.291288507553448,-0.3105429950513825
12.0,133.0,1004.1688232421876,-3.463498509719704,-4.72539584068214,-1.4363158007428878,2.1334699404495807,2.800227640499708,1.7767159895075075,0.2648749546594537,1.3968827957093226,-2.291288342102195,-0.3105429950513825
12.0,133.0,1004.1688232421876,-3.463498509719704,-4.725395829629496,-1.4363158007428878,2.1334699404495807,2.800227246331422,1.776715983801472,0.2648749544497884,1.3968827957093226,-2.29128836783335,-0.3105429969842429
12.0,133.0,1004.1688232421876,-3.463498509719704,-4.725395832595966,-1.4363158007428878,2.1334699404495807,2.800227640499708,1.7767159887609432,0.2648749544320222,1.3968827957093226,-2.291288342102195,-0.3105429950508219
12.0,133.0,1004.1688232421876,-3.463498876426496,-4.72539585140278,-1.4363157981073136,2.1334699404495807,2.800227257188465,1.7767159896096365,0.2648749546594537,1.3968828011327494,-2.2912883626812106,-0.3105429950951215
12.0,133.0,1004.1688232421876,-3.463498509719704,-4.72539584068214,-1.4363158007428878,2.1334699404495807,2.800227640499708,1.7767159895075075,0.2648749546594537,1.3968827957093226,-2.291288342102195,-0.3105429950513825
12.0,133.0,1004.1688232421876,-3.463503729570575,-4.7253954510707405,-1.4363157998690306,2.1334699404495807,2.800227249367508,1.776716230156169,0.2648749544500063,1.396884834261789,-2.2912861796857964,-0.3105429950625833
12.0,133.0,1004.1688232421876,-3.463502225910681,-4.72539612088748,-1.43631580073003,2.1334699404495807,2.800227246685723,1.776716246171831,0.2648749544631926,1.3968854004994269,-2.291288346955597,-0.3105429951105465
12.0,133.0,1004.1688232421876,-3.463503978353161,-4.725395603871957,-1.4363158007478911,2.1334699404495807,2.8002272482834405,1.7767162353300416,0.2648749544643329,1.396884838020187,-2.291288375524981,-0.3105429969489507
12.0,133.0,1004.1688232421876,-3.463503727439461,-4.725395868253633,-1.4363157981073136,2.1334699404495807,2.800227210115245,1.776715978304317,0.2648749544528785,1.3968828066584236,-2.2912882871323634,-0.31054299701841
12.0,133.0,1004.1688232421876,-3.46350302987032,-4.725395440018096,-1.4363157997273472,2.1334699404495807,2.8002272463284887,1.776716230156169,0.2648749544500063,1.396884834261789,-2.291286200617064,-0.3105429969952608
12.0,133.0,1004.1688232421876,-3.463498509719704,-4.725395829629496,-1.4363158007428878,2.1334699404495807,2.800227246331422,1.776715983801472,0.2648749544497884,1.3968827958636685,-2.2912883684343672,-0.3105429969842429
12.0,133.0,1004.1688232421876,-3.463503923404542,-4.725394729740312,-1.43631580075722,2.1334699404495807,2.8002272443564458,1.7767162434028283,0.2648749544354976,1.3968826347046983,-2.2912862029755874,-0.3105429950513825
12.0,133.0,1004.1688232421876,-3.463503013553671,-4.725395440018096,-1.4363157997362748,2.1334699404495807,2.800227254551092,1.7767162428992715,0.2648749544500063,1.3968847244132605,-2.291284825909188,-0.3105429970462828
12.0,133.0,1004.1688232421876,-3.4634991607534964,-4.72539584068214,-1.4363158006751582,2.1334699404495807,2.8002272528539685,1.7767159895075075,0.2648749546594537,1.396882627331266,-2.2912883648497697,-0.3105429950513825
12.0,133.0,1004.1688232421876,-3.463498509719704,-4.72539584068214,-1.4363158007428878,2.1334699404495807,2.800227632084607,1.776715988721763,0.2648749544497884,1.3968827957093226,-2.2912883421307644,-0.3105429950513825
12.0,133.0,1004.1688232421876,-3.463498509719704,-4.725395598962863,-1.4363158007428878,2.1334699404495807,2.800227640719127,1.7767159895075075,0.2648749546594537,1.3968827957093226,-2.291288342102195,-0.3105429950513825
12.0,133.0,1004.1688232421876,-3.463498509719704,-4.72539584068214,-1.4363158007428878,2.1334699404495807,2.800227640499708,1.7767159895075075,0.2648749546594537,1.3968827957093226,-2.291288342102195,-0.3105429950513825
12.0,133.0,1004.1688232421876,-3.46350234122566,-4.725395936762113,-1.4363158006193664,2.1334699404495807,2.800227640499708,1.7767159895075075,0.2648749546584542,1.3968827957093226,-2.2912094844801016,-0.3105429950513825
12.0,133.0,1004.1688232421876,-3.463498509719704,-4.72539584068214,-1.4363158007428878,2.1334699404495807,2.800227249370441,1.776715983801472,0.2648749544497884,1.3968827957093226,-2.291288346902083,-0.3105429950513825
12.0,133.0,1004.1688232421876,-3.463503521898381,-4.72539584068214,-1.4363158007428878,2.1334699404495807,2.800227640499708,1.7767159957412606,0.2648749544404716,1.396882628544033,-2.29128850780801,-0.3105429950513825
12.0,133.0,1004.1688232421876,-3.463502233497787,-4.725395430939897,-1.436315800730053,2.1334699404495807,2.800227246685723,1.7767162282142936,0.264874954463242,1.3968854004994269,-2.291288432531727,-0.3105429951105465
12.0,133.0,1004.1688232421876,-3.463498509719704,-4.725395832595966,-1.4363158007428878,2.1334699404495807,2.800227640499708,1.7767159887609432,0.2648749544320222,1.3968827957093226,-2.291288342102195,-0.3105429950508219
12.0,134.0,1004.1688232421876,-3.463498509719704,-4.72539584068214,-1.4363158007428878,2.1334699404495807,2.800227640499708,1.7767159895075075,0.2648749546594537,1.3968827957093226,-2.291288342102195,-0.3105429950513825
12.0,134.0,1004.1688232421876,-3.463498509719704,-4.72539584068214,-1.4363158007428878,2.1334699404495807,2.800227640499708,1.7767159895075075,0.2648749546594537,1.3968827957093226,-2.291288342102195,-0.3105429950513825
12.0,134.0,1004.1688232421876,-3.463498509719704,-4.72539584068214,-1.4363158007428878,2.1334699404495807,2.800227640499708,1.7767159895075075,0.2648749546594537,1.3968827957093226,-2.291288342102195,-0.3105429950513825
12.0,134.0,1004.1688232421876,-3.463503013553671,-4.725395440018096,-1.4363157997362748,2.1334699404495807,2.8002272463284887,1.7767162353002366,0.2648749544500063,1.396884834261789,-2.2911998190071587,-0.310542996998004
12.0,134.0,1004.1688232421876,-3.463502287945866,-4.725395943048072,-1.4363157997785392,2.1334699404495807,2.800227246543757,1.7767162307917943,0.264874954463242,1.396884834261789,-2.291210480458352,-0.3105429970424978
12.0,134.0,1004.1688232421876,-3.463498509719704,-4.72539584068214,-1.4363158007428878,2.1334699404495807,2.800227249370441,1.776715983801472,0.2648749544497884,1.3968827957093226,-2.291288346902083,-0.3105429950513825
12.0,134.0,1004.1688232421876,-3.463503013553671,-4.725395440018096,-1.4363157997362748,2.1334699404495807,2.8002272463284887,1.7767162353002366,0.2648749544500063,1.396884834261789,-2.2911998190071587,-0.310542996998004
12.0,134.0,1004.1688232421876,-3.463503729570575,-4.725395440018096,-1.4363157998690306,2.1334699404495807,2.8002272463284887,1.776716230156169,0.2648749544500063,1.396884834261789,-2.291286200617064,-0.3105429969954437
12.0,134.0,1004.1688232421876,-3.463498509719704,-4.72539584068214,-1.4363158007428878,2.1334699404495807,2.800227249370441,1.776715983801472,0.2648749544497884,1.3968827957093226,-2.291288346902083,-0.3105429950513825
12.0,134.0,1004.1688232421876,-3.463498509719704,-4.72539584068214,-1.4363158007428878,2.1334699404495807,2.800227640499708,1.7767159895075075,0.2648749546594537,1.3968827957093226,-2.291288342102195,-0.3105429950513825
12.0,134.0,1004.1688232421876,-3.463498509719704,-4.725395842518416,-1.4363158007428878,2.1334699404495807,2.8002272462449365,1.776715983801472,0.2648749544497942,1.3968829241919,-2.291288346902083,-0.3105429950514641
12.0,134.0,1004.1688232421876,-3.463498509719704,-4.725396457353329,-1.4363158007428878,2.1334699404495807,2.800227640499708,1.7767159839592763,0.2648749546594537,1.3968827957093226,-2.291286799718101,-0.3105429938616547
12.0,134.0,1004.1688232421876,-3.463502233497787,-4.72539610642095,-1.436315799782351,2.1334699404495807,2.800227246543757,1.7767162307917943,0.264874954463242,1.396884834261789,-2.291288378715251,-0.3105429970298286
12.0,134.0,1004.1688232421876,-3.463498509719704,-4.72539584068214,-1.4363158007428878,2.1334699404495807,2.800227640499708,1.7767159895075075,0.2648749546594537,1.3968827957093226,-2.291288342102195,-0.3105429950513825
12.0,134.0,1004.1688232421876,-3.4634988732231853,-4.72539585140278,-1.4363157981073136,2.1334699404495807,2.800227210115245,1.7767159913004014,0.2648749546594537,1.3968828011327494,-2.291288342102195,-0.3105429950951215
12.0,134.0,1004.1688232421876,-3.463498509719704,-4.72539584068214,-1.4363158007428878,2.1334699404495807,2.800227640499708,1.7767159895075075,0.2648749546594537,1.3968827957093226,-2.291288342102195,-0.3105429950513825
12.0,134.0,1004.1688232421876,-3.463503013553671,-4.725395440018096,-1.4363157997362748,2.1334699404495807,2.8002272463284887,1.7767162353002366,0.2648749544500063,1.396884834261789,-2.2911998190071587,-0.310542996998004
12.0,134.0,1004.1688232421876,-3.463498509719704,-4.725395832595966,-1.4363158007428878,2.1334699404495807,2.800227640499708,1.7767159887609432,0.2648749544320222,1.3968827957093226,-2.291288342102195,-0.3105429950508219
12.0,134.0,1004.1688232421876,-3.463498509719704,-4.725395842518416,-1.4363158007428878,2.1334699404495807,2.8002272462449365,1.7767159866898543,0.2648749544497942,1.3968828694576876,-2.291288346902083,-0.3105429944921509
12.0,134.0,1004.1688232421876,-3.4634991607534964,-4.72539584068214,-1.4363158006751582,2.1334699404495807,2.8002272528539685,1.7767159895075075,0.2648749546594537,1.396882627331266,-2.2912883648497697,-0.3105429950513825
12.0,134.0,1004.1688232421876,-3.463498509719704,-4.72539584068214,-1.4363158007428878,2.1334699404495807,2.800227640499708,1.7767159895075075,0.2648749546594537,1.3968827957093226,-2.291288342102195,-0.3105429950513825
12.0,134.0,1004.1688232421876,-3.463502199157473,-4.725385284861874,-1.436315799771619,2.1334699404495807,2.80022790496009,1.776715995870822,0.2648749544358844,1.3968829166100545,-2.291286521257249,-0.3105429950513825
12.0,134.0,1004.1688232421876,-3.463502233497787,-4.72539610642095,-1.436315800730053,2.1334699404495807,2.800227246685723,1.7767159876776917,0.264874954463242,1.3968854004994269,-2.291288346955597,-0.3105429951105465
12.0,134.0,1004.1688232421876,-3.463503923404542,-4.725395800000323,-1.4363158007720644,2.1334699404495807,2.800227277007086,1.7767162353300416,0.2648749544647371,1.3968827957093226,-2.29128836901565,-0.3105429950513825
12.0,134.0,1004.1688232421876,-3.463503013553671,-4.725395440018096,-1.4363157997362748,2.1334699404495807,2.8002272463284887,1.7767162353002366,0.2648749544500063,1.396884834261789,-2.2911998190071587,-0.310542996998004
12.0,134.0,1004.1688232421876,-3.463498509719704,-4.725395862417362,-1.4363158007705843,2.1334699404495807,2.8002272460220667,1.7767159895075075,0.2648749544477963,1.3968827957093226,-2.291290571724605,-0.3105429950513825
12.0,134.0,1004.1688232421876,-3.463503978353161,-4.725395603871957,-1.4363158007478911,2.1334699404495807,2.800227277007086,1.7767162353300416,0.2648749544365486,1.396882802965965,-2.2912884169157293,-0.3105429950513825
12.0,134.0,1004.1688232421876,-3.463503923404542,-4.725395869850984,-1.4363158007720644,2.1334699404495807,2.8002272443564458,1.7767162353300416,0.2648749544483667,1.3968826347046983,-2.291288507553448,-0.3105429950513825
12.0,134.0,1004.1688232421876,-3.463498509719704,-4.72539584068214,-1.4363158007428878,2.1334699404495807,2.800227640499708,1.7767159895075075,0.2648749546594537,1.3968827957093226,-2.291288342102195,-0.3105429950513825
12.0,134.0,1004.1688232421876,-3.463498509719704,-4.725395829629496,-1.4363158007428878,2.1334699404495807,2.800227246331422,1.776715983801472,0.2648749544497884,1.3968827957093226,-2.29128836783335,-0.3105429969842429
12.0,134.0,1004.1688232421876,-3.463498509719704,-4.725395832595966,-1.4363158007428878,2.1334699404495807,2.800227640499708,1.7767159887609432,0.2648749544320222,1.3968827957093226,-2.291288342102195,-0.3105429950508219
12.0,134.0,1004.1688232421876,-3.463498876426496,-4.72539585140278,-1.4363157981073136,2.1334699404495807,2.800227257188465,1.7767159896096365,0.2648749546594537,1.3968828011327494,-2.2912883626812106,-0.3105429950951215
12.0,134.0,1004.1688232421876,-3.463498509719704,-4.72539584068214,-1.4363158007428878,2.1334699404495807,2.800227640499708,1.7767159895075075,0.2648749546594537,1.3968827957093226,-2.291288342102195,-0.3105429950513825
12.0,134.0,1004.1688232421876,-3.463503729570575,-4.7253954510707405,-1.4363157998690306,2.1334699404495807,2.800227249367508,1.776716230156169,0.2648749544500063,1.396884834261789,-2.2912861796857964,-0.3105429950625833
12.0,134.0,1004.1688232421876,-3.463502225910681,-4.72539612088748,-1.43631580073003,2.1334699404495807,2.800227246685723,1.776716246171831,0.2648749544631926,1.3968854004994269,-2.291288346955597,-0.3105429951105465
12.0,134.0,1004.1688232421876,-3.463503978353161,-4.725395603871957,-1.4363158007478911,2.1334699404495807,2.8002272482834405,1.7767162353300416,0.2648749544643329,1.396884838020187,-2.291288375524981,-0.3105429969489507
12.0,134.0,1004.1688232421876,-3.463503727439461,-4.725395868253633,-1.4363157981073136,2.1334699404495807,2.800227210115245,1.776715978304317,0.2648749544528785,1.3968828066584236,-2.2912882871323634,-0.31054299701841
12.0,134.0,1004.1688232421876,-3.46350302987032,-4.725395440018096,-1.4363157997273472,2.1334699404495807,2.8002272463284887,1.776716230156169,0.2648749544500063,1.396884834261789,-2.291286200617064,-0.3105429969952608
12.0,134.0,1004.1688232421876,-3.463498509719704,-4.725395829629496,-1.4363158007428878,2.1334699404495807,2.800227246331422,1.776715983801472,0.2648749544497884,1.3968827958636685,-2.2912883684343672,-0.3105429969842429
12.0,134.0,1004.1688232421876,-3.463503923404542,-4.725394729740312,-1.43631580075722,2.1334699404495807,2.8002272443564458,1.7767162434028283,0.2648749544354976,1.3968826347046983,-2.2912862029755874,-0.3105429950513825
12.0,134.0,1004.1688232421876,-3.463503013553671,-4.725395440018096,-1.4363157997362748,2.1334699404495807,2.800227254551092,1.7767162428992715,0.2648749544500063,1.3968847244132605,-2.291284825909188,-0.3105429970462828
12.0,134.0,1004.1688232421876,-3.4634991607534964,-4.72539584068214,-1.4363158006751582,2.1334699404495807,2.8002272528539685,1.7767159895075075,0.2648749546594537,1.396882627331266,-2.2912883648497697,-0.3105429950513825
12.0,134.0,1004.1688232421876,-3.463498509719704,-4.72539584068214,-1.4363158007428878,2.1334699404495807,2.800227632084607,1.776715988721763,0.2648749544497884,1.3968827957093226,-2.2912883421307644,-0.3105429950513825
12.0,134.0,1004.1688232421876,-3.463498509719704,-4.725395598962863,-1.4363158007428878,2.1334699404495807,2.800227640719127,1.7767159895075075,0.2648749546594537,1.3968827957093226,-2.291288342102195,-0.3105429950513825
12.0,134.0,1004.1688232421876,-3.463498509719704,-4.72539584068214,-1.4363158007428878,2.1334699404495807,2.800227640499708,1.7767159895075075,0.2648749546594537,1.3968827957093226,-2.291288342102195,-0.3105429950513825
12.0,134.0,1004.1688232421876,-3.46350234122566,-4.725395936762113,-1.4363158006193664,2.1334699404495807,2.800227640499708,1.7767159895075075,0.2648749546584542,1.3968827957093226,-2.2912094844801016,-0.3105429950513825
12.0,134.0,1004.1688232421876,-3.463498509719704,-4.72539584068214,-1.4363158007428878,2.1334699404495807,2.800227249370441,1.776715983801472,0.2648749544497884,1.3968827957093226,-2.291288346902083,-0.3105429950513825
12.0,134.0,1004.1688232421876,-3.463503521898381,-4.72539584068214,-1.4363158007428878,2.1334699404495807,2.800227640499708,1.7767159957412606,0.2648749544404716,1.396882628544033,-2.29128850780801,-0.3105429950513825
12.0,134.0,1004.1688232421876,-3.463502233497787,-4.725395430939897,-1.436315800730053,2.1334699404495807,2.800227246685723,1.7767162282142936,0.264874954463242,1.3968854004994269,-2.291288432531727,-0.3105429951105465
12.0,134.0,1004.1688232421876,-3.463498509719704,-4.725395832595966,-1.4363158007428878,2.1334699404495807,2.800227640499708,1.7767159887609432,0.2648749544320222,1.3968827957093226,-2.291288342102195,-0.3105429950508219
12.0,135.0,1004.1688232421876,-3.463498509719704,-4.72539584068214,-1.4363158007428878,2.1334699404495807,2.800227640499708,1.7767159895075075,0.2648749546594537,1.3968827957093226,-2.291288342102195,-0.3105429950513825
12.0,135.0,1004.1688232421876,-3.463498509719704,-4.72539584068214,-1.4363158007428878,2.1334699404495807,2.800227640499708,1.7767159895075075,0.2648749546594537,1.3968827957093226,-2.291288342102195,-0.3105429950513825
12.0,135.0,1004.1688232421876,-3.463498509719704,-4.72539584068214,-1.4363158007428878,2.1334699404495807,2.800227640499708,1.7767159895075075,0.2648749546594537,1.3968827957093226,-2.291288342102195,-0.3105429950513825
12.0,135.0,1004.1688232421876,-3.463503013553671,-4.725395440018096,-1.4363157997362748,2.1334699404495807,2.8002272463284887,1.7767162353002366,0.2648749544500063,1.396884834261789,-2.2911998190071587,-0.310542996998004
12.0,135.0,1004.1688232421876,-3.463502287945866,-4.725395943048072,-1.4363157997785392,2.1334699404495807,2.800227246543757,1.7767162307917943,0.264874954463242,1.396884834261789,-2.291210480458352,-0.3105429970424978
12.0,135.0,1004.1688232421876,-3.463498509719704,-4.72539584068214,-1.4363158007428878,2.1334699404495807,2.800227249370441,1.776715983801472,0.2648749544497884,1.3968827957093226,-2.291288346902083,-0.3105429950513825
12.0,135.0,1004.1688232421876,-3.463503013553671,-4.725395440018096,-1.4363157997362748,2.1334699404495807,2.8002272463284887,1.7767162353002366,0.2648749544500063,1.396884834261789,-2.2911998190071587,-0.310542996998004
12.0,135.0,1004.1688232421876,-3.463503729570575,-4.725395440018096,-1.4363157998690306,2.1334699404495807,2.8002272463284887,1.776716230156169,0.2648749544500063,1.396884834261789,-2.291286200617064,-0.3105429969954437
12.0,135.0,1004.1688232421876,-3.463498509719704,-4.72539584068214,-1.4363158007428878,2.1334699404495807,2.800227249370441,1.776715983801472,0.2648749544497884,1.3968827957093226,-2.291288346902083,-0.3105429950513825
12.0,135.0,1004.1688232421876,-3.463498509719704,-4.72539584068214,-1.4363158007428878,2.1334699404495807,2.800227640499708,1.7767159895075075,0.2648749546594537,1.3968827957093226,-2.291288342102195,-0.3105429950513825
12.0,135.0,1004.1688232421876,-3.463498509719704,-4.725395842518416,-1.4363158007428878,2.1334699404495807,2.8002272462449365,1.776715983801472,0.2648749544497942,1.3968829241919,-2.291288346902083,-0.3105429950514641
12.0,135.0,1004.1688232421876,-3.463498509719704,-4.725396457353329,-1.4363158007428878,2.1334699404495807,2.800227640499708,1.7767159839592763,0.2648749546594537,1.3968827957093226,-2.291286799718101,-0.3105429938616547
12.0,135.0,1004.1688232421876,-3.463502233497787,-4.72539610642095,-1.436315799782351,2.1334699404495807,2.800227246543757,1.7767162307917943,0.264874954463242,1.396884834261789,-2.291288378715251,-0.3105429970298286
12.0,135.0,1004.1688232421876,-3.463498509719704,-4.72539584068214,-1.4363158007428878,2.1334699404495807,2.800227640499708,1.7767159895075075,0.2648749546594537,1.3968827957093226,-2.291288342102195,-0.3105429950513825
12.0,135.0,1004.1688232421876,-3.4634988732231853,-4.72539585140278,-1.4363157981073136,2.1334699404495807,2.800227210115245,1.7767159913004014,0.2648749546594537,1.3968828011327494,-2.291288342102195,-0.3105429950951215
12.0,135.0,1004.1688232421876,-3.463498509719704,-4.72539584068214,-1.4363158007428878,2.1334699404495807,2.800227640499708,1.7767159895075075,0.2648749546594537,1.3968827957093226,-2.291288342102195,-0.3105429950513825
12.0,135.0,1004.1688232421876,-3.463503013553671,-4.725395440018096,-1.4363157997362748,2.1334699404495807,2.8002272463284887,1.7767162353002366,0.2648749544500063,1.396884834261789,-2.2911998190071587,-0.310542996998004
12.0,135.0,1004.1688232421876,-3.463498509719704,-4.725395832595966,-1.4363158007428878,2.1334699404495807,2.800227640499708,1.7767159887609432,0.2648749544320222,1.3968827957093226,-2.291288342102195,-0.3105429950508219
12.0,135.0,1004.1688232421876,-3.463498509719704,-4.725395842518416,-1.4363158007428878,2.1334699404495807,2.8002272462449365,1.7767159866898543,0.2648749544497942,1.3968828694576876,-2.291288346902083,-0.3105429944921509
12.0,135.0,1004.1688232421876,-3.4634991607534964,-4.72539584068214,-1.4363158006751582,2.1334699404495807,2.8002272528539685,1.7767159895075075,0.2648749546594537,1.396882627331266,-2.2912883648497697,-0.3105429950513825
12.0,135.0,1004.1688232421876,-3.463498509719704,-4.72539584068214,-1.4363158007428878,2.1334699404495807,2.800227640499708,1.7767159895075075,0.2648749546594537,1.3968827957093226,-2.291288342102195,-0.3105429950513825
12.0,135.0,1004.1688232421876,-3.463502199157473,-4.725385284861874,-1.436315799771619,2.1334699404495807,2.80022790496009,1.776715995870822,0.2648749544358844,1.3968829166100545,-2.291286521257249,-0.3105429950513825
12.0,135.0,1004.1688232421876,-3.463502233497787,-4.72539610642095,-1.436315800730053,2.1334699404495807,2.800227246685723,1.7767159876776917,0.264874954463242,1.3968854004994269,-2.291288346955597,-0.3105429951105465
12.0,135.0,1004.1688232421876,-3.463503923404542,-4.725395800000323,-1.4363158007720644,2.1334699404495807,2.800227277007086,1.7767162353300416,0.2648749544647371,1.3968827957093226,-2.29128836901565,-0.3105429950513825
12.0,135.0,1004.1688232421876,-3.463503013553671,-4.725395440018096,-1.4363157997362748,2.1334699404495807,2.8002272463284887,1.7767162353002366,0.2648749544500063,1.396884834261789,-2.2911998190071587,-0.310542996998004
12.0,135.0,1004.1688232421876,-3.463498509719704,-4.725395862417362,-1.4363158007705843,2.1334699404495807,2.8002272460220667,1.7767159895075075,0.2648749544477963,1.3968827957093226,-2.291290571724605,-0.3105429950513825
12.0,135.0,1004.1688232421876,-3.463503978353161,-4.725395603871957,-1.4363158007478911,2.1334699404495807,2.800227277007086,1.7767162353300416,0.2648749544365486,1.396882802965965,-2.2912884169157293,-0.3105429950513825
12.0,135.0,1004.1688232421876,-3.463503923404542,-4.725395869850984,-1.4363158007720644,2.1334699404495807,2.8002272443564458,1.7767162353300416,0.2648749544483667,1.3968826347046983,-2.291288507553448,-0.3105429950513825
12.0,135.0,1004.1688232421876,-3.463498509719704,-4.72539584068214,-1.4363158007428878,2.1334699404495807,2.800227640499708,1.7767159895075075,0.2648749546594537,1.3968827957093226,-2.291288342102195,-0.3105429950513825
12.0,135.0,1004.1688232421876,-3.463498509719704,-4.725395829629496,-1.4363158007428878,2.1334699404495807,2.800227246331422,1.776715983801472,0.2648749544497884,1.3968827957093226,-2.29128836783335,-0.3105429969842429
12.0,135.0,1004.1688232421876,-3.463498509719704,-4.725395832595966,-1.4363158007428878,2.1334699404495807,2.800227640499708,1.7767159887609432,0.2648749544320222,1.3968827957093226,-2.291288342102195,-0.3105429950508219
12.0,135.0,1004.1688232421876,-3.463498876426496,-4.72539585140278,-1.4363157981073136,2.1334699404495807,2.800227257188465,1.7767159896096365,0.2648749546594537,1.3968828011327494,-2.2912883626812106,-0.3105429950951215
12.0,135.0,1004.1688232421876,-3.463498509719704,-4.72539584068214,-1.4363158007428878,2.1334699404495807,2.800227640499708,1.7767159895075075,0.2648749546594537,1.3968827957093226,-2.291288342102195,-0.3105429950513825
12.0,135.0,1004.1688232421876,-3.463503729570575,-4.7253954510707405,-1.4363157998690306,2.1334699404495807,2.800227249367508,1.776716230156169,0.2648749544500063,1.396884834261789,-2.2912861796857964,-0.3105429950625833
12.0,135.0,1004.1688232421876,-3.463502225910681,-4.72539612088748,-1.43631580073003,2.1334699404495807,2.800227246685723,1.776716246171831,0.2648749544631926,1.3968854004994269,-2.291288346955597,-0.3105429951105465
12.0,135.0,1004.1688232421876,-3.463503978353161,-4.725395603871957,-1.4363158007478911,2.1334699404495807,2.8002272482834405,1.7767162353300416,0.2648749544643329,1.396884838020187,-2.291288375524981,-0.3105429969489507
12.0,135.0,1004.1688232421876,-3.463503727439461,-4.725395868253633,-1.4363157981073136,2.1334699404495807,2.800227210115245,1.776715978304317,0.2648749544528785,1.3968828066584236,-2.2912882871323634,-0.31054299701841
12.0,135.0,1004.1688232421876,-3.46350302987032,-4.725395440018096,-1.4363157997273472,2.1334699404495807,2.8002272463284887,1.776716230156169,0.2648749544500063,1.396884834261789,-2.291286200617064,-0.3105429969952608
12.0,135.0,1004.1688232421876,-3.463498509719704,-4.725395829629496,-1.4363158007428878,2.1334699404495807,2.800227246331422,1.776715983801472,0.2648749544497884,1.3968827958636685,-2.2912883684343672,-0.3105429969842429
12.0,135.0,1004.1688232421876,-3.463503923404542,-4.725394729740312,-1.43631580075722,2.1334699404495807,2.8002272443564458,1.7767162434028283,0.2648749544354976,1.3968826347046983,-2.2912862029755874,-0.3105429950513825
12.0,135.0,1004.1688232421876,-3.463503013553671,-4.725395440018096,-1.4363157997362748,2.1334699404495807,2.800227254551092,1.7767162428992715,0.2648749544500063,1.3968847244132605,-2.291284825909188,-0.3105429970462828
12.0,135.0,1004.1688232421876,-3.4634991607534964,-4.72539584068214,-1.4363158006751582,2.1334699404495807,2.8002272528539685,1.7767159895075075,0.2648749546594537,1.396882627331266,-2.2912883648497697,-0.3105429950513825
12.0,135.0,1004.1688232421876,-3.463498509719704,-4.72539584068214,-1.4363158007428878,2.1334699404495807,2.800227632084607,1.776715988721763,0.2648749544497884,1.3968827957093226,-2.2912883421307644,-0.3105429950513825
12.0,135.0,1004.1688232421876,-3.463498509719704,-4.725395598962863,-1.4363158007428878,2.1334699404495807,2.800227640719127,1.7767159895075075,0.2648749546594537,1.3968827957093226,-2.291288342102195,-0.3105429950513825
12.0,135.0,1004.1688232421876,-3.463498509719704,-4.72539584068214,-1.4363158007428878,2.1334699404495807,2.800227640499708,1.7767159895075075,0.2648749546594537,1.3968827957093226,-2.291288342102195,-0.3105429950513825
12.0,135.0,1004.1688232421876,-3.46350234122566,-4.725395936762113,-1.4363158006193664,2.1334699404495807,2.800227640499708,1.7767159895075075,0.2648749546584542,1.3968827957093226,-2.2912094844801016,-0.3105429950513825
12.0,135.0,1004.1688232421876,-3.463498509719704,-4.72539584068214,-1.4363158007428878,2.1334699404495807,2.800227249370441,1.776715983801472,0.2648749544497884,1.3968827957093226,-2.291288346902083,-0.3105429950513825
12.0,135.0,1004.1688232421876,-3.463503521898381,-4.72539584068214,-1.4363158007428878,2.1334699404495807,2.800227640499708,1.7767159957412606,0.2648749544404716,1.396882628544033,-2.29128850780801,-0.3105429950513825
12.0,135.0,1004.1688232421876,-3.463502233497787,-4.725395430939897,-1.436315800730053,2.1334699404495807,2.800227246685723,1.7767162282142936,0.264874954463242,1.3968854004994269,-2.291288432531727,-0.3105429951105465
12.0,135.0,1004.1688232421876,-3.463498509719704,-4.725395832595966,-1.4363158007428878,2.1334699404495807,2.800227640499708,1.7767159887609432,0.2648749544320222,1.3968827957093226,-2.291288342102195,-0.3105429950508219
12.0,136.0,1004.1688232421876,-3.463498509719704,-4.72539584068214,-1.4363158007428878,2.1334699404495807,2.800227640499708,1.7767159895075075,0.2648749546594537,1.3968827957093226,-2.291288342102195,-0.3105429950513825
12.0,136.0,1004.1688232421876,-3.463498509719704,-4.72539584068214,-1.4363158007428878,2.1334699404495807,2.800227640499708,1.7767159895075075,0.2648749546594537,1.3968827957093226,-2.291288342102195,-0.3105429950513825
12.0,136.0,1004.1688232421876,-3.463498509719704,-4.72539584068214,-1.4363158007428878,2.1334699404495807,2.800227640499708,1.7767159895075075,0.2648749546594537,1.3968827957093226,-2.291288342102195,-0.3105429950513825
12.0,136.0,1004.1688232421876,-3.463503013553671,-4.725395440018096,-1.4363157997362748,2.1334699404495807,2.8002272463284887,1.7767162353002366,0.2648749544500063,1.396884834261789,-2.2911998190071587,-0.310542996998004
12.0,136.0,1004.1688232421876,-3.463502287945866,-4.725395943048072,-1.4363157997785392,2.1334699404495807,2.800227246543757,1.7767162307917943,0.264874954463242,1.396884834261789,-2.291210480458352,-0.3105429970424978
12.0,136.0,1004.1688232421876,-3.463498509719704,-4.72539584068214,-1.4363158007428878,2.1334699404495807,2.800227249370441,1.776715983801472,0.2648749544497884,1.3968827957093226,-2.291288346902083,-0.3105429950513825
12.0,136.0,1004.1688232421876,-3.463503013553671,-4.725395440018096,-1.4363157997362748,2.1334699404495807,2.8002272463284887,1.7767162353002366,0.2648749544500063,1.396884834261789,-2.2911998190071587,-0.310542996998004
12.0,136.0,1004.1688232421876,-3.463503729570575,-4.725395440018096,-1.4363157998690306,2.1334699404495807,2.8002272463284887,1.776716230156169,0.2648749544500063,1.396884834261789,-2.291286200617064,-0.3105429969954437
12.0,136.0,1004.1688232421876,-3.463498509719704,-4.72539584068214,-1.4363158007428878,2.1334699404495807,2.800227249370441,1.776715983801472,0.2648749544497884,1.3968827957093226,-2.291288346902083,-0.3105429950513825
12.0,136.0,1004.1688232421876,-3.463498509719704,-4.72539584068214,-1.4363158007428878,2.1334699404495807,2.800227640499708,1.7767159895075075,0.2648749546594537,1.3968827957093226,-2.291288342102195,-0.3105429950513825
12.0,136.0,1004.1688232421876,-3.463498509719704,-4.725395842518416,-1.4363158007428878,2.1334699404495807,2.8002272462449365,1.776715983801472,0.2648749544497942,1.3968829241919,-2.291288346902083,-0.3105429950514641
12.0,136.0,1004.1688232421876,-3.463498509719704,-4.725396457353329,-1.4363158007428878,2.1334699404495807,2.800227640499708,1.7767159839592763,0.2648749546594537,1.3968827957093226,-2.291286799718101,-0.3105429938616547
12.0,136.0,1004.1688232421876,-3.463502233497787,-4.72539610642095,-1.436315799782351,2.1334699404495807,2.800227246543757,1.7767162307917943,0.264874954463242,1.396884834261789,-2.291288378715251,-0.3105429970298286
12.0,136.0,1004.1688232421876,-3.463498509719704,-4.72539584068214,-1.4363158007428878,2.1334699404495807,2.800227640499708,1.7767159895075075,0.2648749546594537,1.3968827957093226,-2.291288342102195,-0.3105429950513825
12.0,136.0,1004.1688232421876,-3.4634988732231853,-4.72539585140278,-1.4363157981073136,2.1334699404495807,2.800227210115245,1.7767159913004014,0.2648749546594537,1.3968828011327494,-2.291288342102195,-0.3105429950951215
12.0,136.0,1004.1688232421876,-3.463498509719704,-4.72539584068214,-1.4363158007428878,2.1334699404495807,2.800227640499708,1.7767159895075075,0.2648749546594537,1.3968827957093226,-2.291288342102195,-0.3105429950513825
12.0,136.0,1004.1688232421876,-3.463503013553671,-4.725395440018096,-1.4363157997362748,2.1334699404495807,2.8002272463284887,1.7767162353002366,0.2648749544500063,1.396884834261789,-2.2911998190071587,-0.310542996998004
12.0,136.0,1004.1688232421876,-3.463498509719704,-4.725395832595966,-1.4363158007428878,2.1334699404495807,2.800227640499708,1.7767159887609432,0.2648749544320222,1.3968827957093226,-2.291288342102195,-0.3105429950508219
12.0,136.0,1004.1688232421876,-3.463498509719704,-4.725395842518416,-1.4363158007428878,2.1334699404495807,2.8002272462449365,1.7767159866898543,0.2648749544497942,1.3968828694576876,-2.291288346902083,-0.3105429944921509
12.0,136.0,1004.1688232421876,-3.4634991607534964,-4.72539584068214,-1.4363158006751582,2.1334699404495807,2.8002272528539685,1.7767159895075075,0.2648749546594537,1.396882627331266,-2.2912883648497697,-0.3105429950513825
12.0,136.0,1004.1688232421876,-3.463498509719704,-4.72539584068214,-1.4363158007428878,2.1334699404495807,2.800227640499708,1.7767159895075075,0.2648749546594537,1.3968827957093226,-2.291288342102195,-0.3105429950513825
12.0,136.0,1004.1688232421876,-3.463502199157473,-4.725385284861874,-1.436315799771619,2.1334699404495807,2.80022790496009,1.776715995870822,0.2648749544358844,1.3968829166100545,-2.291286521257249,-0.3105429950513825
12.0,136.0,1004.1688232421876,-3.463502233497787,-4.72539610642095,-1.436315800730053,2.1334699404495807,2.800227246685723,1.7767159876776917,0.264874954463242,1.3968854004994269,-2.291288346955597,-0.3105429951105465
12.0,136.0,1004.1688232421876,-3.463503923404542,-4.725395800000323,-1.4363158007720644,2.1334699404495807,2.800227277007086,1.7767162353300416,0.2648749544647371,1.3968827957093226,-2.29128836901565,-0.3105429950513825
12.0,136.0,1004.1688232421876,-3.463503013553671,-4.725395440018096,-1.4363157997362748,2.1334699404495807,2.8002272463284887,1.7767162353002366,0.2648749544500063,1.396884834261789,-2.2911998190071587,-0.310542996998004
12.0,136.0,1004.1688232421876,-3.463498509719704,-4.725395862417362,-1.4363158007705843,2.1334699404495807,2.8002272460220667,1.7767159895075075,0.2648749544477963,1.3968827957093226,-2.291290571724605,-0.3105429950513825
12.0,136.0,1004.1688232421876,-3.463503978353161,-4.725395603871957,-1.4363158007478911,2.1334699404495807,2.800227277007086,1.7767162353300416,0.2648749544365486,1.396882802965965,-2.2912884169157293,-0.3105429950513825
12.0,136.0,1004.1688232421876,-3.463503923404542,-4.725395869850984,-1.4363158007720644,2.1334699404495807,2.8002272443564458,1.7767162353300416,0.2648749544483667,1.3968826347046983,-2.291288507553448,-0.3105429950513825
12.0,136.0,1004.1688232421876,-3.463498509719704,-4.72539584068214,-1.4363158007428878,2.1334699404495807,2.800227640499708,1.7767159895075075,0.2648749546594537,1.3968827957093226,-2.291288342102195,-0.3105429950513825
12.0,136.0,1004.1688232421876,-3.463498509719704,-4.725395829629496,-1.4363158007428878,2.1334699404495807,2.800227246331422,1.776715983801472,0.2648749544497884,1.3968827957093226,-2.29128836783335,-0.3105429969842429
12.0,136.0,1004.1688232421876,-3.463498509719704,-4.725395832595966,-1.4363158007428878,2.1334699404495807,2.800227640499708,1.7767159887609432,0.2648749544320222,1.3968827957093226,-2.291288342102195,-0.3105429950508219
12.0,136.0,1004.1688232421876,-3.463498876426496,-4.72539585140278,-1.4363157981073136,2.1334699404495807,2.800227257188465,1.7767159896096365,0.2648749546594537,1.3968828011327494,-2.2912883626812106,-0.3105429950951215
12.0,136.0,1004.1688232421876,-3.463498509719704,-4.72539584068214,-1.4363158007428878,2.1334699404495807,2.800227640499708,1.7767159895075075,0.2648749546594537,1.3968827957093226,-2.291288342102195,-0.3105429950513825
12.0,136.0,1004.1688232421876,-3.463503729570575,-4.7253954510707405,-1.4363157998690306,2.1334699404495807,2.800227249367508,1.776716230156169,0.2648749544500063,1.396884834261789,-2.2912861796857964,-0.3105429950625833
12.0,136.0,1004.1688232421876,-3.463502225910681,-4.72539612088748,-1.43631580073003,2.1334699404495807,2.800227246685723,1.776716246171831,0.2648749544631926,1.3968854004994269,-2.291288346955597,-0.3105429951105465
12.0,136.0,1004.1688232421876,-3.463503978353161,-4.725395603871957,-1.4363158007478911,2.1334699404495807,2.8002272482834405,1.7767162353300416,0.2648749544643329,1.396884838020187,-2.291288375524981,-0.3105429969489507
12.0,136.0,1004.1688232421876,-3.463503727439461,-4.725395868253633,-1.4363157981073136,2.1334699404495807,2.800227210115245,1.776715978304317,0.2648749544528785,1.3968828066584236,-2.2912882871323634,-0.31054299701841
12.0,136.0,1004.1688232421876,-3.46350302987032,-4.725395440018096,-1.4363157997273472,2.1334699404495807,2.8002272463284887,1.776716230156169,0.2648749544500063,1.396884834261789,-2.291286200617064,-0.3105429969952608
12.0,136.0,1004.1688232421876,-3.463498509719704,-4.725395829629496,-1.4363158007428878,2.1334699404495807,2.800227246331422,1.776715983801472,0.2648749544497884,1.3968827958636685,-2.2912883684343672,-0.3105429969842429
12.0,136.0,1004.1688232421876,-3.463503923404542,-4.725394729740312,-1.43631580075722,2.1334699404495807,2.8002272443564458,1.7767162434028283,0.2648749544354976,1.3968826347046983,-2.2912862029755874,-0.3105429950513825
12.0,136.0,1004.1688232421876,-3.463503013553671,-4.725395440018096,-1.4363157997362748,2.1334699404495807,2.800227254551092,1.7767162428992715,0.2648749544500063,1.3968847244132605,-2.291284825909188,-0.3105429970462828
12.0,136.0,1004.1688232421876,-3.4634991607534964,-4.72539584068214,-1.4363158006751582,2.1334699404495807,2.8002272528539685,1.7767159895075075,0.2648749546594537,1.396882627331266,-2.2912883648497697,-0.3105429950513825
12.0,136.0,1004.1688232421876,-3.463498509719704,-4.72539584068214,-1.4363158007428878,2.1334699404495807,2.800227632084607,1.776715988721763,0.2648749544497884,1.3968827957093226,-2.2912883421307644,-0.3105429950513825
12.0,136.0,1004.1688232421876,-3.463498509719704,-4.725395598962863,-1.4363158007428878,2.1334699404495807,2.800227640719127,1.7767159895075075,0.2648749546594537,1.3968827957093226,-2.291288342102195,-0.3105429950513825
12.0,136.0,1004.1688232421876,-3.463498509719704,-4.72539584068214,-1.4363158007428878,2.1334699404495807,2.800227640499708,1.7767159895075075,0.2648749546594537,1.3968827957093226,-2.291288342102195,-0.3105429950513825
12.0,136.0,1004.1688232421876,-3.46350234122566,-4.725395936762113,-1.4363158006193664,2.1334699404495807,2.800227640499708,1.7767159895075075,0.2648749546584542,1.3968827957093226,-2.2912094844801016,-0.3105429950513825
12.0,136.0,1004.1688232421876,-3.463498509719704,-4.72539584068214,-1.4363158007428878,2.1334699404495807,2.800227249370441,1.776715983801472,0.2648749544497884,1.3968827957093226,-2.291288346902083,-0.3105429950513825
12.0,136.0,1004.1688232421876,-3.463503521898381,-4.72539584068214,-1.4363158007428878,2.1334699404495807,2.800227640499708,1.7767159957412606,0.2648749544404716,1.396882628544033,-2.29128850780801,-0.3105429950513825
12.0,136.0,1004.1688232421876,-3.463502233497787,-4.725395430939897,-1.436315800730053,2.1334699404495807,2.800227246685723,1.7767162282142936,0.264874954463242,1.3968854004994269,-2.291288432531727,-0.3105429951105465
12.0,136.0,1004.1688232421876,-3.463498509719704,-4.725395832595966,-1.4363158007428878,2.1334699404495807,2.800227640499708,1.7767159887609432,0.2648749544320222,1.3968827957093226,-2.291288342102195,-0.3105429950508219
12.0,137.0,1004.1688232421876,-3.463498509719704,-4.72539584068214,-1.4363158007428878,2.1334699404495807,2.800227640499708,1.7767159895075075,0.2648749546594537,1.3968827957093226,-2.291288342102195,-0.3105429950513825
12.0,137.0,1004.1688232421876,-3.463498509719704,-4.72539584068214,-1.4363158007428878,2.1334699404495807,2.800227640499708,1.7767159895075075,0.2648749546594537,1.3968827957093226,-2.291288342102195,-0.3105429950513825
12.0,137.0,1004.1688232421876,-3.463498509719704,-4.72539584068214,-1.4363158007428878,2.1334699404495807,2.800227640499708,1.7767159895075075,0.2648749546594537,1.3968827957093226,-2.291288342102195,-0.3105429950513825
12.0,137.0,1004.1688232421876,-3.463503013553671,-4.725395440018096,-1.4363157997362748,2.1334699404495807,2.8002272463284887,1.7767162353002366,0.2648749544500063,1.396884834261789,-2.2911998190071587,-0.310542996998004
12.0,137.0,1004.1688232421876,-3.463502287945866,-4.725395943048072,-1.4363157997785392,2.1334699404495807,2.800227246543757,1.7767162307917943,0.264874954463242,1.396884834261789,-2.291210480458352,-0.3105429970424978
12.0,137.0,1004.1688232421876,-3.463498509719704,-4.72539584068214,-1.4363158007428878,2.1334699404495807,2.800227249370441,1.776715983801472,0.2648749544497884,1.3968827957093226,-2.291288346902083,-0.3105429950513825
12.0,137.0,1004.1688232421876,-3.463503013553671,-4.725395440018096,-1.4363157997362748,2.1334699404495807,2.8002272463284887,1.7767162353002366,0.2648749544500063,1.396884834261789,-2.2911998190071587,-0.310542996998004
12.0,137.0,1004.1688232421876,-3.463503729570575,-4.725395440018096,-1.4363157998690306,2.1334699404495807,2.8002272463284887,1.776716230156169,0.2648749544500063,1.396884834261789,-2.291286200617064,-0.3105429969954437
12.0,137.0,1004.1688232421876,-3.463498509719704,-4.72539584068214,-1.4363158007428878,2.1334699404495807,2.800227249370441,1.776715983801472,0.2648749544497884,1.3968827957093226,-2.291288346902083,-0.3105429950513825
12.0,137.0,1004.1688232421876,-3.463498509719704,-4.72539584068214,-1.4363158007428878,2.1334699404495807,2.800227640499708,1.7767159895075075,0.2648749546594537,1.3968827957093226,-2.291288342102195,-0.3105429950513825
12.0,137.0,1004.1688232421876,-3.463498509719704,-4.725395842518416,-1.4363158007428878,2.1334699404495807,2.8002272462449365,1.776715983801472,0.2648749544497942,1.3968829241919,-2.291288346902083,-0.3105429950514641
12.0,137.0,1004.1688232421876,-3.463498509719704,-4.725396457353329,-1.4363158007428878,2.1334699404495807,2.800227640499708,1.7767159839592763,0.2648749546594537,1.3968827957093226,-2.291286799718101,-0.3105429938616547
12.0,137.0,1004.1688232421876,-3.463502233497787,-4.72539610642095,-1.436315799782351,2.1334699404495807,2.800227246543757,1.7767162307917943,0.264874954463242,1.396884834261789,-2.291288378715251,-0.3105429970298286
12.0,137.0,1004.1688232421876,-3.463498509719704,-4.72539584068214,-1.4363158007428878,2.1334699404495807,2.800227640499708,1.7767159895075075,0.2648749546594537,1.3968827957093226,-2.291288342102195,-0.3105429950513825
12.0,137.0,1004.1688232421876,-3.4634988732231853,-4.72539585140278,-1.4363157981073136,2.1334699404495807,2.800227210115245,1.7767159913004014,0.2648749546594537,1.3968828011327494,-2.291288342102195,-0.3105429950951215
12.0,137.0,1004.1688232421876,-3.463498509719704,-4.72539584068214,-1.4363158007428878,2.1334699404495807,2.800227640499708,1.7767159895075075,0.2648749546594537,1.3968827957093226,-2.291288342102195,-0.3105429950513825
12.0,137.0,1004.1688232421876,-3.463503013553671,-4.725395440018096,-1.4363157997362748,2.1334699404495807,2.8002272463284887,1.7767162353002366,0.2648749544500063,1.396884834261789,-2.2911998190071587,-0.310542996998004
12.0,137.0,1004.1688232421876,-3.463498509719704,-4.725395832595966,-1.4363158007428878,2.1334699404495807,2.800227640499708,1.7767159887609432,0.2648749544320222,1.3968827957093226,-2.291288342102195,-0.3105429950508219
12.0,137.0,1004.1688232421876,-3.463498509719704,-4.725395842518416,-1.4363158007428878,2.1334699404495807,2.8002272462449365,1.7767159866898543,0.2648749544497942,1.3968828694576876,-2.291288346902083,-0.3105429944921509
12.0,137.0,1004.1688232421876,-3.4634991607534964,-4.72539584068214,-1.4363158006751582,2.1334699404495807,2.8002272528539685,1.7767159895075075,0.2648749546594537,1.396882627331266,-2.2912883648497697,-0.3105429950513825
12.0,137.0,1004.1688232421876,-3.463498509719704,-4.72539584068214,-1.4363158007428878,2.1334699404495807,2.800227640499708,1.7767159895075075,0.2648749546594537,1.3968827957093226,-2.291288342102195,-0.3105429950513825
12.0,137.0,1004.1688232421876,-3.463502199157473,-4.725385284861874,-1.436315799771619,2.1334699404495807,2.80022790496009,1.776715995870822,0.2648749544358844,1.3968829166100545,-2.291286521257249,-0.3105429950513825
12.0,137.0,1004.1688232421876,-3.463502233497787,-4.72539610642095,-1.436315800730053,2.1334699404495807,2.800227246685723,1.7767159876776917,0.264874954463242,1.3968854004994269,-2.291288346955597,-0.3105429951105465
12.0,137.0,1004.1688232421876,-3.463503923404542,-4.725395800000323,-1.4363158007720644,2.1334699404495807,2.800227277007086,1.7767162353300416,0.2648749544647371,1.3968827957093226,-2.29128836901565,-0.3105429950513825
12.0,137.0,1004.1688232421876,-3.463503013553671,-4.725395440018096,-1.4363157997362748,2.1334699404495807,2.8002272463284887,1.7767162353002366,0.2648749544500063,1.396884834261789,-2.2911998190071587,-0.310542996998004
12.0,137.0,1004.1688232421876,-3.463498509719704,-4.725395862417362,-1.4363158007705843,2.1334699404495807,2.8002272460220667,1.7767159895075075,0.2648749544477963,1.3968827957093226,-2.291290571724605,-0.3105429950513825
12.0,137.0,1004.1688232421876,-3.463503978353161,-4.725395603871957,-1.4363158007478911,2.1334699404495807,2.800227277007086,1.7767162353300416,0.2648749544365486,1.396882802965965,-2.2912884169157293,-0.3105429950513825
12.0,137.0,1004.1688232421876,-3.463503923404542,-4.725395869850984,-1.4363158007720644,2.1334699404495807,2.8002272443564458,1.7767162353300416,0.2648749544483667,1.3968826347046983,-2.291288507553448,-0.3105429950513825
12.0,137.0,1004.1688232421876,-3.463498509719704,-4.72539584068214,-1.4363158007428878,2.1334699404495807,2.800227640499708,1.7767159895075075,0.2648749546594537,1.3968827957093226,-2.291288342102195,-0.3105429950513825
12.0,137.0,1004.1688232421876,-3.463498509719704,-4.725395829629496,-1.4363158007428878,2.1334699404495807,2.800227246331422,1.776715983801472,0.2648749544497884,1.3968827957093226,-2.29128836783335,-0.3105429969842429
12.0,137.0,1004.1688232421876,-3.463498509719704,-4.725395832595966,-1.4363158007428878,2.1334699404495807,2.800227640499708,1.7767159887609432,0.2648749544320222,1.3968827957093226,-2.291288342102195,-0.3105429950508219
12.0,137.0,1004.1688232421876,-3.463498876426496,-4.72539585140278,-1.4363157981073136,2.1334699404495807,2.800227257188465,1.7767159896096365,0.2648749546594537,1.3968828011327494,-2.2912883626812106,-0.3105429950951215
12.0,137.0,1004.1688232421876,-3.463498509719704,-4.72539584068214,-1.4363158007428878,2.1334699404495807,2.800227640499708,1.7767159895075075,0.2648749546594537,1.3968827957093226,-2.291288342102195,-0.3105429950513825
12.0,137.0,1004.1688232421876,-3.463503729570575,-4.7253954510707405,-1.4363157998690306,2.1334699404495807,2.800227249367508,1.776716230156169,0.2648749544500063,1.396884834261789,-2.2912861796857964,-0.3105429950625833
12.0,137.0,1004.1688232421876,-3.463502225910681,-4.72539612088748,-1.43631580073003,2.1334699404495807,2.800227246685723,1.776716246171831,0.2648749544631926,1.3968854004994269,-2.291288346955597,-0.3105429951105465
12.0,137.0,1004.1688232421876,-3.463503978353161,-4.725395603871957,-1.4363158007478911,2.1334699404495807,2.8002272482834405,1.7767162353300416,0.2648749544643329,1.396884838020187,-2.291288375524981,-0.3105429969489507
12.0,137.0,1004.1688232421876,-3.463503727439461,-4.725395868253633,-1.4363157981073136,2.1334699404495807,2.800227210115245,1.776715978304317,0.2648749544528785,1.3968828066584236,-2.2912882871323634,-0.31054299701841
12.0,137.0,1004.1688232421876,-3.46350302987032,-4.725395440018096,-1.4363157997273472,2.1334699404495807,2.8002272463284887,1.776716230156169,0.2648749544500063,1.396884834261789,-2.291286200617064,-0.3105429969952608
12.0,137.0,1004.1688232421876,-3.463498509719704,-4.725395829629496,-1.4363158007428878,2.1334699404495807,2.800227246331422,1.776715983801472,0.2648749544497884,1.3968827958636685,-2.2912883684343672,-0.3105429969842429
12.0,137.0,1004.1688232421876,-3.463503923404542,-4.725394729740312,-1.43631580075722,2.1334699404495807,2.8002272443564458,1.7767162434028283,0.2648749544354976,1.3968826347046983,-2.2912862029755874,-0.3105429950513825
12.0,137.0,1004.1688232421876,-3.463503013553671,-4.725395440018096,-1.4363157997362748,2.1334699404495807,2.800227254551092,1.7767162428992715,0.2648749544500063,1.3968847244132605,-2.291284825909188,-0.3105429970462828
12.0,137.0,1004.1688232421876,-3.4634991607534964,-4.72539584068214,-1.4363158006751582,2.1334699404495807,2.8002272528539685,1.7767159895075075,0.2648749546594537,1.396882627331266,-2.2912883648497697,-0.3105429950513825
12.0,137.0,1004.1688232421876,-3.463498509719704,-4.72539584068214,-1.4363158007428878,2.1334699404495807,2.800227632084607,1.776715988721763,0.2648749544497884,1.3968827957093226,-2.2912883421307644,-0.3105429950513825
12.0,137.0,1004.1688232421876,-3.463498509719704,-4.725395598962863,-1.4363158007428878,2.1334699404495807,2.800227640719127,1.7767159895075075,0.2648749546594537,1.3968827957093226,-2.291288342102195,-0.3105429950513825
12.0,137.0,1004.1688232421876,-3.463498509719704,-4.72539584068214,-1.4363158007428878,2.1334699404495807,2.800227640499708,1.7767159895075075,0.2648749546594537,1.3968827957093226,-2.291288342102195,-0.3105429950513825
12.0,137.0,1004.1688232421876,-3.46350234122566,-4.725395936762113,-1.4363158006193664,2.1334699404495807,2.800227640499708,1.7767159895075075,0.2648749546584542,1.3968827957093226,-2.2912094844801016,-0.3105429950513825
12.0,137.0,1004.1688232421876,-3.463498509719704,-4.72539584068214,-1.4363158007428878,2.1334699404495807,2.800227249370441,1.776715983801472,0.2648749544497884,1.3968827957093226,-2.291288346902083,-0.3105429950513825
12.0,137.0,1004.1688232421876,-3.463503521898381,-4.72539584068214,-1.4363158007428878,2.1334699404495807,2.800227640499708,1.7767159957412606,0.2648749544404716,1.396882628544033,-2.29128850780801,-0.3105429950513825
12.0,137.0,1004.1688232421876,-3.463502233497787,-4.725395430939897,-1.436315800730053,2.1334699404495807,2.800227246685723,1.7767162282142936,0.264874954463242,1.3968854004994269,-2.291288432531727,-0.3105429951105465
12.0,137.0,1004.1688232421876,-3.463498509719704,-4.725395832595966,-1.4363158007428878,2.1334699404495807,2.800227640499708,1.7767159887609432,0.2648749544320222,1.3968827957093226,-2.291288342102195,-0.3105429950508219
12.0,138.0,1004.1688232421876,-3.463498509719704,-4.72539584068214,-1.4363158007428878,2.1334699404495807,2.800227640499708,1.7767159895075075,0.2648749546594537,1.3968827957093226,-2.291288342102195,-0.3105429950513825
12.0,138.0,1004.1688232421876,-3.463498509719704,-4.72539584068214,-1.4363158007428878,2.1334699404495807,2.800227640499708,1.7767159895075075,0.2648749546594537,1.3968827957093226,-2.291288342102195,-0.3105429950513825
12.0,138.0,1004.1688232421876,-3.463498509719704,-4.72539584068214,-1.4363158007428878,2.1334699404495807,2.800227640499708,1.7767159895075075,0.2648749546594537,1.3968827957093226,-2.291288342102195,-0.3105429950513825
12.0,138.0,1004.1688232421876,-3.463503013553671,-4.725395440018096,-1.4363157997362748,2.1334699404495807,2.8002272463284887,1.7767162353002366,0.2648749544500063,1.396884834261789,-2.2911998190071587,-0.310542996998004
12.0,138.0,1004.1688232421876,-3.463502287945866,-4.725395943048072,-1.4363157997785392,2.1334699404495807,2.800227246543757,1.7767162307917943,0.264874954463242,1.396884834261789,-2.291210480458352,-0.3105429970424978
12.0,138.0,1004.1688232421876,-3.463498509719704,-4.72539584068214,-1.4363158007428878,2.1334699404495807,2.800227249370441,1.776715983801472,0.2648749544497884,1.3968827957093226,-2.291288346902083,-0.3105429950513825
12.0,138.0,1004.1688232421876,-3.463503013553671,-4.725395440018096,-1.4363157997362748,2.1334699404495807,2.8002272463284887,1.7767162353002366,0.2648749544500063,1.396884834261789,-2.2911998190071587,-0.310542996998004
12.0,138.0,1004.1688232421876,-3.463503729570575,-4.725395440018096,-1.4363157998690306,2.1334699404495807,2.8002272463284887,1.776716230156169,0.2648749544500063,1.396884834261789,-2.291286200617064,-0.3105429969954437
12.0,138.0,1004.1688232421876,-3.463498509719704,-4.72539584068214,-1.4363158007428878,2.1334699404495807,2.800227249370441,1.776715983801472,0.2648749544497884,1.3968827957093226,-2.291288346902083,-0.3105429950513825
12.0,138.0,1004.1688232421876,-3.463498509719704,-4.72539584068214,-1.4363158007428878,2.1334699404495807,2.800227640499708,1.7767159895075075,0.2648749546594537,1.3968827957093226,-2.291288342102195,-0.3105429950513825
12.0,138.0,1004.1688232421876,-3.463498509719704,-4.725395842518416,-1.4363158007428878,2.1334699404495807,2.8002272462449365,1.776715983801472,0.2648749544497942,1.3968829241919,-2.291288346902083,-0.3105429950514641
12.0,138.0,1004.1688232421876,-3.463498509719704,-4.725396457353329,-1.4363158007428878,2.1334699404495807,2.800227640499708,1.7767159839592763,0.2648749546594537,1.3968827957093226,-2.291286799718101,-0.3105429938616547
12.0,138.0,1004.1688232421876,-3.463502233497787,-4.72539610642095,-1.436315799782351,2.1334699404495807,2.800227246543757,1.7767162307917943,0.264874954463242,1.396884834261789,-2.291288378715251,-0.3105429970298286
12.0,138.0,1004.1688232421876,-3.463498509719704,-4.72539584068214,-1.4363158007428878,2.1334699404495807,2.800227640499708,1.7767159895075075,0.2648749546594537,1.3968827957093226,-2.291288342102195,-0.3105429950513825
12.0,138.0,1004.1688232421876,-3.4634988732231853,-4.72539585140278,-1.4363157981073136,2.1334699404495807,2.800227210115245,1.7767159913004014,0.2648749546594537,1.3968828011327494,-2.291288342102195,-0.3105429950951215
12.0,138.0,1004.1688232421876,-3.463498509719704,-4.72539584068214,-1.4363158007428878,2.1334699404495807,2.800227640499708,1.7767159895075075,0.2648749546594537,1.3968827957093226,-2.291288342102195,-0.3105429950513825
12.0,138.0,1004.1688232421876,-3.463503013553671,-4.725395440018096,-1.4363157997362748,2.1334699404495807,2.8002272463284887,1.7767162353002366,0.2648749544500063,1.396884834261789,-2.2911998190071587,-0.310542996998004
12.0,138.0,1004.1688232421876,-3.463498509719704,-4.725395832595966,-1.4363158007428878,2.1334699404495807,2.800227640499708,1.7767159887609432,0.2648749544320222,1.3968827957093226,-2.291288342102195,-0.3105429950508219
12.0,138.0,1004.1688232421876,-3.463498509719704,-4.725395842518416,-1.4363158007428878,2.1334699404495807,2.8002272462449365,1.7767159866898543,0.2648749544497942,1.3968828694576876,-2.291288346902083,-0.3105429944921509
12.0,138.0,1004.1688232421876,-3.4634991607534964,-4.72539584068214,-1.4363158006751582,2.1334699404495807,2.8002272528539685,1.7767159895075075,0.2648749546594537,1.396882627331266,-2.2912883648497697,-0.3105429950513825
12.0,138.0,1004.1688232421876,-3.463498509719704,-4.72539584068214,-1.4363158007428878,2.1334699404495807,2.800227640499708,1.7767159895075075,0.2648749546594537,1.3968827957093226,-2.291288342102195,-0.3105429950513825
12.0,138.0,1004.1688232421876,-3.463502199157473,-4.725385284861874,-1.436315799771619,2.1334699404495807,2.80022790496009,1.776715995870822,0.2648749544358844,1.3968829166100545,-2.291286521257249,-0.3105429950513825
12.0,138.0,1004.1688232421876,-3.463502233497787,-4.72539610642095,-1.436315800730053,2.1334699404495807,2.800227246685723,1.7767159876776917,0.264874954463242,1.3968854004994269,-2.291288346955597,-0.3105429951105465
12.0,138.0,1004.1688232421876,-3.463503923404542,-4.725395800000323,-1.4363158007720644,2.1334699404495807,2.800227277007086,1.7767162353300416,0.2648749544647371,1.3968827957093226,-2.29128836901565,-0.3105429950513825
12.0,138.0,1004.1688232421876,-3.463503013553671,-4.725395440018096,-1.4363157997362748,2.1334699404495807,2.8002272463284887,1.7767162353002366,0.2648749544500063,1.396884834261789,-2.2911998190071587,-0.310542996998004
12.0,138.0,1004.1688232421876,-3.463498509719704,-4.725395862417362,-1.4363158007705843,2.1334699404495807,2.8002272460220667,1.7767159895075075,0.2648749544477963,1.3968827957093226,-2.291290571724605,-0.3105429950513825
12.0,138.0,1004.1688232421876,-3.463503978353161,-4.725395603871957,-1.4363158007478911,2.1334699404495807,2.800227277007086,1.7767162353300416,0.2648749544365486,1.396882802965965,-2.2912884169157293,-0.3105429950513825
12.0,138.0,1004.1688232421876,-3.463503923404542,-4.725395869850984,-1.4363158007720644,2.1334699404495807,2.8002272443564458,1.7767162353300416,0.2648749544483667,1.3968826347046983,-2.291288507553448,-0.3105429950513825
12.0,138.0,1004.1688232421876,-3.463498509719704,-4.72539584068214,-1.4363158007428878,2.1334699404495807,2.800227640499708,1.7767159895075075,0.2648749546594537,1.3968827957093226,-2.291288342102195,-0.3105429950513825
12.0,138.0,1004.1688232421876,-3.463498509719704,-4.725395829629496,-1.4363158007428878,2.1334699404495807,2.800227246331422,1.776715983801472,0.2648749544497884,1.3968827957093226,-2.29128836783335,-0.3105429969842429
12.0,138.0,1004.1688232421876,-3.463498509719704,-4.725395832595966,-1.4363158007428878,2.1334699404495807,2.800227640499708,1.7767159887609432,0.2648749544320222,1.3968827957093226,-2.291288342102195,-0.3105429950508219
12.0,138.0,1004.1688232421876,-3.463498876426496,-4.72539585140278,-1.4363157981073136,2.1334699404495807,2.800227257188465,1.7767159896096365,0.2648749546594537,1.3968828011327494,-2.2912883626812106,-0.3105429950951215
12.0,138.0,1004.1688232421876,-3.463498509719704,-4.72539584068214,-1.4363158007428878,2.1334699404495807,2.800227640499708,1.7767159895075075,0.2648749546594537,1.3968827957093226,-2.291288342102195,-0.3105429950513825
12.0,138.0,1004.1688232421876,-3.463503729570575,-4.7253954510707405,-1.4363157998690306,2.1334699404495807,2.800227249367508,1.776716230156169,0.2648749544500063,1.396884834261789,-2.2912861796857964,-0.3105429950625833
12.0,138.0,1004.1688232421876,-3.463502225910681,-4.72539612088748,-1.43631580073003,2.1334699404495807,2.800227246685723,1.776716246171831,0.2648749544631926,1.3968854004994269,-2.291288346955597,-0.3105429951105465
12.0,138.0,1004.1688232421876,-3.463503978353161,-4.725395603871957,-1.4363158007478911,2.1334699404495807,2.8002272482834405,1.7767162353300416,0.2648749544643329,1.396884838020187,-2.291288375524981,-0.3105429969489507
12.0,138.0,1004.1688232421876,-3.463503727439461,-4.725395868253633,-1.4363157981073136,2.1334699404495807,2.800227210115245,1.776715978304317,0.2648749544528785,1.3968828066584236,-2.2912882871323634,-0.31054299701841
12.0,138.0,1004.1688232421876,-3.46350302987032,-4.725395440018096,-1.4363157997273472,2.1334699404495807,2.8002272463284887,1.776716230156169,0.2648749544500063,1.396884834261789,-2.291286200617064,-0.3105429969952608
12.0,138.0,1004.1688232421876,-3.463498509719704,-4.725395829629496,-1.4363158007428878,2.1334699404495807,2.800227246331422,1.776715983801472,0.2648749544497884,1.3968827958636685,-2.2912883684343672,-0.3105429969842429
12.0,138.0,1004.1688232421876,-3.463503923404542,-4.725394729740312,-1.43631580075722,2.1334699404495807,2.8002272443564458,1.7767162434028283,0.2648749544354976,1.3968826347046983,-2.2912862029755874,-0.3105429950513825
12.0,138.0,1004.1688232421876,-3.463503013553671,-4.725395440018096,-1.4363157997362748,2.1334699404495807,2.800227254551092,1.7767162428992715,0.2648749544500063,1.3968847244132605,-2.291284825909188,-0.3105429970462828
12.0,138.0,1004.1688232421876,-3.4634991607534964,-4.72539584068214,-1.4363158006751582,2.1334699404495807,2.8002272528539685,1.7767159895075075,0.2648749546594537,1.396882627331266,-2.2912883648497697,-0.3105429950513825
12.0,138.0,1004.1688232421876,-3.463498509719704,-4.72539584068214,-1.4363158007428878,2.1334699404495807,2.800227632084607,1.776715988721763,0.2648749544497884,1.3968827957093226,-2.2912883421307644,-0.3105429950513825
12.0,138.0,1004.1688232421876,-3.463498509719704,-4.725395598962863,-1.4363158007428878,2.1334699404495807,2.800227640719127,1.7767159895075075,0.2648749546594537,1.3968827957093226,-2.291288342102195,-0.3105429950513825
12.0,138.0,1004.1688232421876,-3.463498509719704,-4.72539584068214,-1.4363158007428878,2.1334699404495807,2.800227640499708,1.7767159895075075,0.2648749546594537,1.3968827957093226,-2.291288342102195,-0.3105429950513825
12.0,138.0,1004.1688232421876,-3.46350234122566,-4.725395936762113,-1.4363158006193664,2.1334699404495807,2.800227640499708,1.7767159895075075,0.2648749546584542,1.3968827957093226,-2.2912094844801016,-0.3105429950513825
12.0,138.0,1004.1688232421876,-3.463498509719704,-4.72539584068214,-1.4363158007428878,2.1334699404495807,2.800227249370441,1.776715983801472,0.2648749544497884,1.3968827957093226,-2.291288346902083,-0.3105429950513825
12.0,138.0,1004.1688232421876,-3.463503521898381,-4.72539584068214,-1.4363158007428878,2.1334699404495807,2.800227640499708,1.7767159957412606,0.2648749544404716,1.396882628544033,-2.29128850780801,-0.3105429950513825
12.0,138.0,1004.1688232421876,-3.463502233497787,-4.725395430939897,-1.436315800730053,2.1334699404495807,2.800227246685723,1.7767162282142936,0.264874954463242,1.3968854004994269,-2.291288432531727,-0.3105429951105465
12.0,138.0,1004.1688232421876,-3.463498509719704,-4.725395832595966,-1.4363158007428878,2.1334699404495807,2.800227640499708,1.7767159887609432,0.2648749544320222,1.3968827957093226,-2.291288342102195,-0.3105429950508219
12.0,139.0,1004.1688232421876,-3.463498509719704,-4.72539584068214,-1.4363158007428878,2.1334699404495807,2.800227640499708,1.7767159895075075,0.2648749546594537,1.3968827957093226,-2.291288342102195,-0.3105429950513825
12.0,139.0,1004.1688232421876,-3.463498509719704,-4.72539584068214,-1.4363158007428878,2.1334699404495807,2.800227640499708,1.7767159895075075,0.2648749546594537,1.3968827957093226,-2.291288342102195,-0.3105429950513825
12.0,139.0,1004.1688232421876,-3.463498509719704,-4.72539584068214,-1.4363158007428878,2.1334699404495807,2.800227640499708,1.7767159895075075,0.2648749546594537,1.3968827957093226,-2.291288342102195,-0.3105429950513825
12.0,139.0,1004.1688232421876,-3.463503013553671,-4.725395440018096,-1.4363157997362748,2.1334699404495807,2.8002272463284887,1.7767162353002366,0.2648749544500063,1.396884834261789,-2.2911998190071587,-0.310542996998004
12.0,139.0,1004.1688232421876,-3.463502287945866,-4.725395943048072,-1.4363157997785392,2.1334699404495807,2.800227246543757,1.7767162307917943,0.264874954463242,1.396884834261789,-2.291210480458352,-0.3105429970424978
12.0,139.0,1004.1688232421876,-3.463498509719704,-4.72539584068214,-1.4363158007428878,2.1334699404495807,2.800227249370441,1.776715983801472,0.2648749544497884,1.3968827957093226,-2.291288346902083,-0.3105429950513825
12.0,139.0,1004.1688232421876,-3.463503013553671,-4.725395440018096,-1.4363157997362748,2.1334699404495807,2.8002272463284887,1.7767162353002366,0.2648749544500063,1.396884834261789,-2.2911998190071587,-0.310542996998004
12.0,139.0,1004.1688232421876,-3.463503729570575,-4.725395440018096,-1.4363157998690306,2.1334699404495807,2.8002272463284887,1.776716230156169,0.2648749544500063,1.396884834261789,-2.291286200617064,-0.3105429969954437
12.0,139.0,1004.1688232421876,-3.463498509719704,-4.72539584068214,-1.4363158007428878,2.1334699404495807,2.800227249370441,1.776715983801472,0.2648749544497884,1.3968827957093226,-2.291288346902083,-0.3105429950513825
12.0,139.0,1004.1688232421876,-3.463498509719704,-4.72539584068214,-1.4363158007428878,2.1334699404495807,2.800227640499708,1.7767159895075075,0.2648749546594537,1.3968827957093226,-2.291288342102195,-0.3105429950513825
12.0,139.0,1004.1688232421876,-3.463498509719704,-4.725395842518416,-1.4363158007428878,2.1334699404495807,2.8002272462449365,1.776715983801472,0.2648749544497942,1.3968829241919,-2.291288346902083,-0.3105429950514641
12.0,139.0,1004.1688232421876,-3.463498509719704,-4.725396457353329,-1.4363158007428878,2.1334699404495807,2.800227640499708,1.7767159839592763,0.2648749546594537,1.3968827957093226,-2.291286799718101,-0.3105429938616547
12.0,139.0,1004.1688232421876,-3.463502233497787,-4.72539610642095,-1.436315799782351,2.1334699404495807,2.800227246543757,1.7767162307917943,0.264874954463242,1.396884834261789,-2.291288378715251,-0.3105429970298286
12.0,139.0,1004.1688232421876,-3.463498509719704,-4.72539584068214,-1.4363158007428878,2.1334699404495807,2.800227640499708,1.7767159895075075,0.2648749546594537,1.3968827957093226,-2.291288342102195,-0.3105429950513825
12.0,139.0,1004.1688232421876,-3.4634988732231853,-4.72539585140278,-1.4363157981073136,2.1334699404495807,2.800227210115245,1.7767159913004014,0.2648749546594537,1.3968828011327494,-2.291288342102195,-0.3105429950951215
12.0,139.0,1004.1688232421876,-3.463498509719704,-4.72539584068214,-1.4363158007428878,2.1334699404495807,2.800227640499708,1.7767159895075075,0.2648749546594537,1.3968827957093226,-2.291288342102195,-0.3105429950513825
12.0,139.0,1004.1688232421876,-3.463503013553671,-4.725395440018096,-1.4363157997362748,2.1334699404495807,2.8002272463284887,1.7767162353002366,0.2648749544500063,1.396884834261789,-2.2911998190071587,-0.310542996998004
12.0,139.0,1004.1688232421876,-3.463498509719704,-4.725395832595966,-1.4363158007428878,2.1334699404495807,2.800227640499708,1.7767159887609432,0.2648749544320222,1.3968827957093226,-2.291288342102195,-0.3105429950508219
12.0,139.0,1004.1688232421876,-3.463498509719704,-4.725395842518416,-1.4363158007428878,2.1334699404495807,2.8002272462449365,1.7767159866898543,0.2648749544497942,1.3968828694576876,-2.291288346902083,-0.3105429944921509
12.0,139.0,1004.1688232421876,-3.4634991607534964,-4.72539584068214,-1.4363158006751582,2.1334699404495807,2.8002272528539685,1.7767159895075075,0.2648749546594537,1.396882627331266,-2.2912883648497697,-0.3105429950513825
12.0,139.0,1004.1688232421876,-3.463498509719704,-4.72539584068214,-1.4363158007428878,2.1334699404495807,2.800227640499708,1.7767159895075075,0.2648749546594537,1.3968827957093226,-2.291288342102195,-0.3105429950513825
12.0,139.0,1004.1688232421876,-3.463502199157473,-4.725385284861874,-1.436315799771619,2.1334699404495807,2.80022790496009,1.776715995870822,0.2648749544358844,1.3968829166100545,-2.291286521257249,-0.3105429950513825
12.0,139.0,1004.1688232421876,-3.463502233497787,-4.72539610642095,-1.436315800730053,2.1334699404495807,2.800227246685723,1.7767159876776917,0.264874954463242,1.3968854004994269,-2.291288346955597,-0.3105429951105465
12.0,139.0,1004.1688232421876,-3.463503923404542,-4.725395800000323,-1.4363158007720644,2.1334699404495807,2.800227277007086,1.7767162353300416,0.2648749544647371,1.3968827957093226,-2.29128836901565,-0.3105429950513825
12.0,139.0,1004.1688232421876,-3.463503013553671,-4.725395440018096,-1.4363157997362748,2.1334699404495807,2.8002272463284887,1.7767162353002366,0.2648749544500063,1.396884834261789,-2.2911998190071587,-0.310542996998004
12.0,139.0,1004.1688232421876,-3.463498509719704,-4.725395862417362,-1.4363158007705843,2.1334699404495807,2.8002272460220667,1.7767159895075075,0.2648749544477963,1.3968827957093226,-2.291290571724605,-0.3105429950513825
12.0,139.0,1004.1688232421876,-3.463503978353161,-4.725395603871957,-1.4363158007478911,2.1334699404495807,2.800227277007086,1.7767162353300416,0.2648749544365486,1.396882802965965,-2.2912884169157293,-0.3105429950513825
12.0,139.0,1004.1688232421876,-3.463503923404542,-4.725395869850984,-1.4363158007720644,2.1334699404495807,2.8002272443564458,1.7767162353300416,0.2648749544483667,1.3968826347046983,-2.291288507553448,-0.3105429950513825
12.0,139.0,1004.1688232421876,-3.463498509719704,-4.72539584068214,-1.4363158007428878,2.1334699404495807,2.800227640499708,1.7767159895075075,0.2648749546594537,1.3968827957093226,-2.291288342102195,-0.3105429950513825
12.0,139.0,1004.1688232421876,-3.463498509719704,-4.725395829629496,-1.4363158007428878,2.1334699404495807,2.800227246331422,1.776715983801472,0.2648749544497884,1.3968827957093226,-2.29128836783335,-0.3105429969842429
12.0,139.0,1004.1688232421876,-3.463498509719704,-4.725395832595966,-1.4363158007428878,2.1334699404495807,2.800227640499708,1.7767159887609432,0.2648749544320222,1.3968827957093226,-2.291288342102195,-0.3105429950508219
12.0,139.0,1004.1688232421876,-3.463498876426496,-4.72539585140278,-1.4363157981073136,2.1334699404495807,2.800227257188465,1.7767159896096365,0.2648749546594537,1.3968828011327494,-2.2912883626812106,-0.3105429950951215
12.0,139.0,1004.1688232421876,-3.463498509719704,-4.72539584068214,-1.4363158007428878,2.1334699404495807,2.800227640499708,1.7767159895075075,0.2648749546594537,1.3968827957093226,-2.291288342102195,-0.3105429950513825
12.0,139.0,1004.1688232421876,-3.463503729570575,-4.7253954510707405,-1.4363157998690306,2.1334699404495807,2.800227249367508,1.776716230156169,0.2648749544500063,1.396884834261789,-2.2912861796857964,-0.3105429950625833
12.0,139.0,1004.1688232421876,-3.463502225910681,-4.72539612088748,-1.43631580073003,2.1334699404495807,2.800227246685723,1.776716246171831,0.2648749544631926,1.3968854004994269,-2.291288346955597,-0.3105429951105465
12.0,139.0,1004.1688232421876,-3.463503978353161,-4.725395603871957,-1.4363158007478911,2.1334699404495807,2.8002272482834405,1.7767162353300416,0.2648749544643329,1.396884838020187,-2.291288375524981,-0.3105429969489507
12.0,139.0,1004.1688232421876,-3.463503727439461,-4.725395868253633,-1.4363157981073136,2.1334699404495807,2.800227210115245,1.776715978304317,0.2648749544528785,1.3968828066584236,-2.2912882871323634,-0.31054299701841
12.0,139.0,1004.1688232421876,-3.46350302987032,-4.725395440018096,-1.4363157997273472,2.1334699404495807,2.8002272463284887,1.776716230156169,0.2648749544500063,1.396884834261789,-2.291286200617064,-0.3105429969952608
12.0,139.0,1004.1688232421876,-3.463498509719704,-4.725395829629496,-1.4363158007428878,2.1334699404495807,2.800227246331422,1.776715983801472,0.2648749544497884,1.3968827958636685,-2.2912883684343672,-0.3105429969842429
12.0,139.0,1004.1688232421876,-3.463503923404542,-4.725394729740312,-1.43631580075722,2.1334699404495807,2.8002272443564458,1.7767162434028283,0.2648749544354976,1.3968826347046983,-2.2912862029755874,-0.3105429950513825
12.0,139.0,1004.1688232421876,-3.463503013553671,-4.725395440018096,-1.4363157997362748,2.1334699404495807,2.800227254551092,1.7767162428992715,0.2648749544500063,1.3968847244132605,-2.291284825909188,-0.3105429970462828
12.0,139.0,1004.1688232421876,-3.4634991607534964,-4.72539584068214,-1.4363158006751582,2.1334699404495807,2.8002272528539685,1.7767159895075075,0.2648749546594537,1.396882627331266,-2.2912883648497697,-0.3105429950513825
12.0,139.0,1004.1688232421876,-3.463498509719704,-4.72539584068214,-1.4363158007428878,2.1334699404495807,2.800227632084607,1.776715988721763,0.2648749544497884,1.3968827957093226,-2.2912883421307644,-0.3105429950513825
12.0,139.0,1004.1688232421876,-3.463498509719704,-4.725395598962863,-1.4363158007428878,2.1334699404495807,2.800227640719127,1.7767159895075075,0.2648749546594537,1.3968827957093226,-2.291288342102195,-0.3105429950513825
12.0,139.0,1004.1688232421876,-3.463498509719704,-4.72539584068214,-1.4363158007428878,2.1334699404495807,2.800227640499708,1.7767159895075075,0.2648749546594537,1.3968827957093226,-2.291288342102195,-0.3105429950513825
12.0,139.0,1004.1688232421876,-3.46350234122566,-4.725395936762113,-1.4363158006193664,2.1334699404495807,2.800227640499708,1.7767159895075075,0.2648749546584542,1.3968827957093226,-2.2912094844801016,-0.3105429950513825
12.0,139.0,1004.1688232421876,-3.463498509719704,-4.72539584068214,-1.4363158007428878,2.1334699404495807,2.800227249370441,1.776715983801472,0.2648749544497884,1.3968827957093226,-2.291288346902083,-0.3105429950513825
12.0,139.0,1004.1688232421876,-3.463503521898381,-4.72539584068214,-1.4363158007428878,2.1334699404495807,2.800227640499708,1.7767159957412606,0.2648749544404716,1.396882628544033,-2.29128850780801,-0.3105429950513825
12.0,139.0,1004.1688232421876,-3.463502233497787,-4.725395430939897,-1.436315800730053,2.1334699404495807,2.800227246685723,1.7767162282142936,0.264874954463242,1.3968854004994269,-2.291288432531727,-0.3105429951105465
12.0,139.0,1004.1688232421876,-3.463498509719704,-4.725395832595966,-1.4363158007428878,2.1334699404495807,2.800227640499708,1.7767159887609432,0.2648749544320222,1.3968827957093226,-2.291288342102195,-0.3105429950508219
12.0,140.0,1004.1688232421876,-3.463498509719704,-4.72539584068214,-1.4363158007428878,2.1334699404495807,2.800227640499708,1.7767159895075075,0.2648749546594537,1.3968827957093226,-2.291288342102195,-0.3105429950513825
12.0,140.0,1004.1688232421876,-3.463498509719704,-4.72539584068214,-1.4363158007428878,2.1334699404495807,2.800227640499708,1.7767159895075075,0.2648749546594537,1.3968827957093226,-2.291288342102195,-0.3105429950513825
12.0,140.0,1004.1688232421876,-3.463498509719704,-4.72539584068214,-1.4363158007428878,2.1334699404495807,2.800227640499708,1.7767159895075075,0.2648749546594537,1.3968827957093226,-2.291288342102195,-0.3105429950513825
12.0,140.0,1004.1688232421876,-3.463503013553671,-4.725395440018096,-1.4363157997362748,2.1334699404495807,2.8002272463284887,1.7767162353002366,0.2648749544500063,1.396884834261789,-2.2911998190071587,-0.310542996998004
12.0,140.0,1004.1688232421876,-3.463502287945866,-4.725395943048072,-1.4363157997785392,2.1334699404495807,2.800227246543757,1.7767162307917943,0.264874954463242,1.396884834261789,-2.291210480458352,-0.3105429970424978
12.0,140.0,1004.1688232421876,-3.463498509719704,-4.72539584068214,-1.4363158007428878,2.1334699404495807,2.800227249370441,1.776715983801472,0.2648749544497884,1.3968827957093226,-2.291288346902083,-0.3105429950513825
12.0,140.0,1004.1688232421876,-3.463503013553671,-4.725395440018096,-1.4363157997362748,2.1334699404495807,2.8002272463284887,1.7767162353002366,0.2648749544500063,1.396884834261789,-2.2911998190071587,-0.310542996998004
12.0,140.0,1004.1688232421876,-3.463503729570575,-4.725395440018096,-1.4363157998690306,2.1334699404495807,2.8002272463284887,1.776716230156169,0.2648749544500063,1.396884834261789,-2.291286200617064,-0.3105429969954437
12.0,140.0,1004.1688232421876,-3.463498509719704,-4.72539584068214,-1.4363158007428878,2.1334699404495807,2.800227249370441,1.776715983801472,0.2648749544497884,1.3968827957093226,-2.291288346902083,-0.3105429950513825
12.0,140.0,1004.1688232421876,-3.463498509719704,-4.72539584068214,-1.4363158007428878,2.1334699404495807,2.800227640499708,1.7767159895075075,0.2648749546594537,1.3968827957093226,-2.291288342102195,-0.3105429950513825
12.0,140.0,1004.1688232421876,-3.463498509719704,-4.725395842518416,-1.4363158007428878,2.1334699404495807,2.8002272462449365,1.776715983801472,0.2648749544497942,1.3968829241919,-2.291288346902083,-0.3105429950514641
12.0,140.0,1004.1688232421876,-3.463498509719704,-4.725396457353329,-1.4363158007428878,2.1334699404495807,2.800227640499708,1.7767159839592763,0.2648749546594537,1.3968827957093226,-2.291286799718101,-0.3105429938616547
12.0,140.0,1004.1688232421876,-3.463502233497787,-4.72539610642095,-1.436315799782351,2.1334699404495807,2.800227246543757,1.7767162307917943,0.264874954463242,1.396884834261789,-2.291288378715251,-0.3105429970298286
12.0,140.0,1004.1688232421876,-3.463498509719704,-4.72539584068214,-1.4363158007428878,2.1334699404495807,2.800227640499708,1.7767159895075075,0.2648749546594537,1.3968827957093226,-2.291288342102195,-0.3105429950513825
12.0,140.0,1004.1688232421876,-3.4634988732231853,-4.72539585140278,-1.4363157981073136,2.1334699404495807,2.800227210115245,1.7767159913004014,0.2648749546594537,1.3968828011327494,-2.291288342102195,-0.3105429950951215
12.0,140.0,1004.1688232421876,-3.463498509719704,-4.72539584068214,-1.4363158007428878,2.1334699404495807,2.800227640499708,1.7767159895075075,0.2648749546594537,1.3968827957093226,-2.291288342102195,-0.3105429950513825
12.0,140.0,1004.1688232421876,-3.463503013553671,-4.725395440018096,-1.4363157997362748,2.1334699404495807,2.8002272463284887,1.7767162353002366,0.2648749544500063,1.396884834261789,-2.2911998190071587,-0.310542996998004
12.0,140.0,1004.1688232421876,-3.463498509719704,-4.725395832595966,-1.4363158007428878,2.1334699404495807,2.800227640499708,1.7767159887609432,0.2648749544320222,1.3968827957093226,-2.291288342102195,-0.3105429950508219
12.0,140.0,1004.1688232421876,-3.463498509719704,-4.725395842518416,-1.4363158007428878,2.1334699404495807,2.8002272462449365,1.7767159866898543,0.2648749544497942,1.3968828694576876,-2.291288346902083,-0.3105429944921509
12.0,140.0,1004.1688232421876,-3.4634991607534964,-4.72539584068214,-1.4363158006751582,2.1334699404495807,2.8002272528539685,1.7767159895075075,0.2648749546594537,1.396882627331266,-2.2912883648497697,-0.3105429950513825
12.0,140.0,1004.1688232421876,-3.463498509719704,-4.72539584068214,-1.4363158007428878,2.1334699404495807,2.800227640499708,1.7767159895075075,0.2648749546594537,1.3968827957093226,-2.291288342102195,-0.3105429950513825
12.0,140.0,1004.1688232421876,-3.463502199157473,-4.725385284861874,-1.436315799771619,2.1334699404495807,2.80022790496009,1.776715995870822,0.2648749544358844,1.3968829166100545,-2.291286521257249,-0.3105429950513825
12.0,140.0,1004.1688232421876,-3.463502233497787,-4.72539610642095,-1.436315800730053,2.1334699404495807,2.800227246685723,1.7767159876776917,0.264874954463242,1.3968854004994269,-2.291288346955597,-0.3105429951105465
12.0,140.0,1004.1688232421876,-3.463503923404542,-4.725395800000323,-1.4363158007720644,2.1334699404495807,2.800227277007086,1.7767162353300416,0.2648749544647371,1.3968827957093226,-2.29128836901565,-0.3105429950513825
12.0,140.0,1004.1688232421876,-3.463503013553671,-4.725395440018096,-1.4363157997362748,2.1334699404495807,2.8002272463284887,1.7767162353002366,0.2648749544500063,1.396884834261789,-2.2911998190071587,-0.310542996998004
12.0,140.0,1004.1688232421876,-3.463498509719704,-4.725395862417362,-1.4363158007705843,2.1334699404495807,2.8002272460220667,1.7767159895075075,0.2648749544477963,1.3968827957093226,-2.291290571724605,-0.3105429950513825
12.0,140.0,1004.1688232421876,-3.463503978353161,-4.725395603871957,-1.4363158007478911,2.1334699404495807,2.800227277007086,1.7767162353300416,0.2648749544365486,1.396882802965965,-2.2912884169157293,-0.3105429950513825
12.0,140.0,1004.1688232421876,-3.463503923404542,-4.725395869850984,-1.4363158007720644,2.1334699404495807,2.8002272443564458,1.7767162353300416,0.2648749544483667,1.3968826347046983,-2.291288507553448,-0.3105429950513825
12.0,140.0,1004.1688232421876,-3.463498509719704,-4.72539584068214,-1.4363158007428878,2.1334699404495807,2.800227640499708,1.7767159895075075,0.2648749546594537,1.3968827957093226,-2.291288342102195,-0.3105429950513825
12.0,140.0,1004.1688232421876,-3.463498509719704,-4.725395829629496,-1.4363158007428878,2.1334699404495807,2.800227246331422,1.776715983801472,0.2648749544497884,1.3968827957093226,-2.29128836783335,-0.3105429969842429
12.0,140.0,1004.1688232421876,-3.463498509719704,-4.725395832595966,-1.4363158007428878,2.1334699404495807,2.800227640499708,1.7767159887609432,0.2648749544320222,1.3968827957093226,-2.291288342102195,-0.3105429950508219
12.0,140.0,1004.1688232421876,-3.463498876426496,-4.72539585140278,-1.4363157981073136,2.1334699404495807,2.800227257188465,1.7767159896096365,0.2648749546594537,1.3968828011327494,-2.2912883626812106,-0.3105429950951215
12.0,140.0,1004.1688232421876,-3.463498509719704,-4.72539584068214,-1.4363158007428878,2.1334699404495807,2.800227640499708,1.7767159895075075,0.2648749546594537,1.3968827957093226,-2.291288342102195,-0.3105429950513825
12.0,140.0,1004.1688232421876,-3.463503729570575,-4.7253954510707405,-1.4363157998690306,2.1334699404495807,2.800227249367508,1.776716230156169,0.2648749544500063,1.396884834261789,-2.2912861796857964,-0.3105429950625833
12.0,140.0,1004.1688232421876,-3.463502225910681,-4.72539612088748,-1.43631580073003,2.1334699404495807,2.800227246685723,1.776716246171831,0.2648749544631926,1.3968854004994269,-2.291288346955597,-0.3105429951105465
12.0,140.0,1004.1688232421876,-3.463503978353161,-4.725395603871957,-1.4363158007478911,2.1334699404495807,2.8002272482834405,1.7767162353300416,0.2648749544643329,1.396884838020187,-2.291288375524981,-0.3105429969489507
12.0,140.0,1004.1688232421876,-3.463503727439461,-4.725395868253633,-1.4363157981073136,2.1334699404495807,2.800227210115245,1.776715978304317,0.2648749544528785,1.3968828066584236,-2.2912882871323634,-0.31054299701841
12.0,140.0,1004.1688232421876,-3.46350302987032,-4.725395440018096,-1.4363157997273472,2.1334699404495807,2.8002272463284887,1.776716230156169,0.2648749544500063,1.396884834261789,-2.291286200617064,-0.3105429969952608
12.0,140.0,1004.1688232421876,-3.463498509719704,-4.725395829629496,-1.4363158007428878,2.1334699404495807,2.800227246331422,1.776715983801472,0.2648749544497884,1.3968827958636685,-2.2912883684343672,-0.3105429969842429
12.0,140.0,1004.1688232421876,-3.463503923404542,-4.725394729740312,-1.43631580075722,2.1334699404495807,2.8002272443564458,1.7767162434028283,0.2648749544354976,1.3968826347046983,-2.2912862029755874,-0.3105429950513825
12.0,140.0,1004.1688232421876,-3.463503013553671,-4.725395440018096,-1.4363157997362748,2.1334699404495807,2.800227254551092,1.7767162428992715,0.2648749544500063,1.3968847244132605,-2.291284825909188,-0.3105429970462828
12.0,140.0,1004.1688232421876,-3.4634991607534964,-4.72539584068214,-1.4363158006751582,2.1334699404495807,2.8002272528539685,1.7767159895075075,0.2648749546594537,1.396882627331266,-2.2912883648497697,-0.3105429950513825
12.0,140.0,1004.1688232421876,-3.463498509719704,-4.72539584068214,-1.4363158007428878,2.1334699404495807,2.800227632084607,1.776715988721763,0.2648749544497884,1.3968827957093226,-2.2912883421307644,-0.3105429950513825
12.0,140.0,1004.1688232421876,-3.463498509719704,-4.725395598962863,-1.4363158007428878,2.1334699404495807,2.800227640719127,1.7767159895075075,0.2648749546594537,1.3968827957093226,-2.291288342102195,-0.3105429950513825
12.0,140.0,1004.1688232421876,-3.463498509719704,-4.72539584068214,-1.4363158007428878,2.1334699404495807,2.800227640499708,1.7767159895075075,0.2648749546594537,1.3968827957093226,-2.291288342102195,-0.3105429950513825
12.0,140.0,1004.1688232421876,-3.46350234122566,-4.725395936762113,-1.4363158006193664,2.1334699404495807,2.800227640499708,1.7767159895075075,0.2648749546584542,1.3968827957093226,-2.2912094844801016,-0.3105429950513825
12.0,140.0,1004.1688232421876,-3.463498509719704,-4.72539584068214,-1.4363158007428878,2.1334699404495807,2.800227249370441,1.776715983801472,0.2648749544497884,1.3968827957093226,-2.291288346902083,-0.3105429950513825
12.0,140.0,1004.1688232421876,-3.463503521898381,-4.72539584068214,-1.4363158007428878,2.1334699404495807,2.800227640499708,1.7767159957412606,0.2648749544404716,1.396882628544033,-2.29128850780801,-0.3105429950513825
12.0,140.0,1004.1688232421876,-3.463502233497787,-4.725395430939897,-1.436315800730053,2.1334699404495807,2.800227246685723,1.7767162282142936,0.264874954463242,1.3968854004994269,-2.291288432531727,-0.3105429951105465
12.0,140.0,1004.1688232421876,-3.463498509719704,-4.725395832595966,-1.4363158007428878,2.1334699404495807,2.800227640499708,1.7767159887609432,0.2648749544320222,1.3968827957093226,-2.291288342102195,-0.3105429950508219
12.0,141.0,1004.1688232421876,-3.463498509719704,-4.72539584068214,-1.4363158007428878,2.1334699404495807,2.800227640499708,1.7767159895075075,0.2648749546594537,1.3968827957093226,-2.291288342102195,-0.3105429950513825
12.0,141.0,1004.1688232421876,-3.463498509719704,-4.72539584068214,-1.4363158007428878,2.1334699404495807,2.800227640499708,1.7767159895075075,0.2648749546594537,1.3968827957093226,-2.291288342102195,-0.3105429950513825
12.0,141.0,1004.1688232421876,-3.463498509719704,-4.72539584068214,-1.4363158007428878,2.1334699404495807,2.800227640499708,1.7767159895075075,0.2648749546594537,1.3968827957093226,-2.291288342102195,-0.3105429950513825
12.0,141.0,1004.1688232421876,-3.463503013553671,-4.725395440018096,-1.4363157997362748,2.1334699404495807,2.8002272463284887,1.7767162353002366,0.2648749544500063,1.396884834261789,-2.2911998190071587,-0.310542996998004
12.0,141.0,1004.1688232421876,-3.463502287945866,-4.725395943048072,-1.4363157997785392,2.1334699404495807,2.800227246543757,1.7767162307917943,0.264874954463242,1.396884834261789,-2.291210480458352,-0.3105429970424978
12.0,141.0,1004.1688232421876,-3.463498509719704,-4.72539584068214,-1.4363158007428878,2.1334699404495807,2.800227249370441,1.776715983801472,0.2648749544497884,1.3968827957093226,-2.291288346902083,-0.3105429950513825
12.0,141.0,1004.1688232421876,-3.463503013553671,-4.725395440018096,-1.4363157997362748,2.1334699404495807,2.8002272463284887,1.7767162353002366,0.2648749544500063,1.396884834261789,-2.2911998190071587,-0.310542996998004
12.0,141.0,1004.1688232421876,-3.463503729570575,-4.725395440018096,-1.4363157998690306,2.1334699404495807,2.8002272463284887,1.776716230156169,0.2648749544500063,1.396884834261789,-2.291286200617064,-0.3105429969954437
12.0,141.0,1004.1688232421876,-3.463498509719704,-4.72539584068214,-1.4363158007428878,2.1334699404495807,2.800227249370441,1.776715983801472,0.2648749544497884,1.3968827957093226,-2.291288346902083,-0.3105429950513825
12.0,141.0,1004.1688232421876,-3.463498509719704,-4.72539584068214,-1.4363158007428878,2.1334699404495807,2.800227640499708,1.7767159895075075,0.2648749546594537,1.3968827957093226,-2.291288342102195,-0.3105429950513825
12.0,141.0,1004.1688232421876,-3.463498509719704,-4.725395842518416,-1.4363158007428878,2.1334699404495807,2.8002272462449365,1.776715983801472,0.2648749544497942,1.3968829241919,-2.291288346902083,-0.3105429950514641
12.0,141.0,1004.1688232421876,-3.463498509719704,-4.725396457353329,-1.4363158007428878,2.1334699404495807,2.800227640499708,1.7767159839592763,0.2648749546594537,1.3968827957093226,-2.291286799718101,-0.3105429938616547
12.0,141.0,1004.1688232421876,-3.463502233497787,-4.72539610642095,-1.436315799782351,2.1334699404495807,2.800227246543757,1.7767162307917943,0.264874954463242,1.396884834261789,-2.291288378715251,-0.3105429970298286
12.0,141.0,1004.1688232421876,-3.463498509719704,-4.72539584068214,-1.4363158007428878,2.1334699404495807,2.800227640499708,1.7767159895075075,0.2648749546594537,1.3968827957093226,-2.291288342102195,-0.3105429950513825
12.0,141.0,1004.1688232421876,-3.4634988732231853,-4.72539585140278,-1.4363157981073136,2.1334699404495807,2.800227210115245,1.7767159913004014,0.2648749546594537,1.3968828011327494,-2.291288342102195,-0.3105429950951215
12.0,141.0,1004.1688232421876,-3.463498509719704,-4.72539584068214,-1.4363158007428878,2.1334699404495807,2.800227640499708,1.7767159895075075,0.2648749546594537,1.3968827957093226,-2.291288342102195,-0.3105429950513825
12.0,141.0,1004.1688232421876,-3.463503013553671,-4.725395440018096,-1.4363157997362748,2.1334699404495807,2.8002272463284887,1.7767162353002366,0.2648749544500063,1.396884834261789,-2.2911998190071587,-0.310542996998004
12.0,141.0,1004.1688232421876,-3.463498509719704,-4.725395832595966,-1.4363158007428878,2.1334699404495807,2.800227640499708,1.7767159887609432,0.2648749544320222,1.3968827957093226,-2.291288342102195,-0.3105429950508219
12.0,141.0,1004.1688232421876,-3.463498509719704,-4.725395842518416,-1.4363158007428878,2.1334699404495807,2.8002272462449365,1.7767159866898543,0.2648749544497942,1.3968828694576876,-2.291288346902083,-0.3105429944921509
12.0,141.0,1004.1688232421876,-3.4634991607534964,-4.72539584068214,-1.4363158006751582,2.1334699404495807,2.8002272528539685,1.7767159895075075,0.2648749546594537,1.396882627331266,-2.2912883648497697,-0.3105429950513825
12.0,141.0,1004.1688232421876,-3.463498509719704,-4.72539584068214,-1.4363158007428878,2.1334699404495807,2.800227640499708,1.7767159895075075,0.2648749546594537,1.3968827957093226,-2.291288342102195,-0.3105429950513825
12.0,141.0,1004.1688232421876,-3.463502199157473,-4.725385284861874,-1.436315799771619,2.1334699404495807,2.80022790496009,1.776715995870822,0.2648749544358844,1.3968829166100545,-2.291286521257249,-0.3105429950513825
12.0,141.0,1004.1688232421876,-3.463502233497787,-4.72539610642095,-1.436315800730053,2.1334699404495807,2.800227246685723,1.7767159876776917,0.264874954463242,1.3968854004994269,-2.291288346955597,-0.3105429951105465
12.0,141.0,1004.1688232421876,-3.463503923404542,-4.725395800000323,-1.4363158007720644,2.1334699404495807,2.800227277007086,1.7767162353300416,0.2648749544647371,1.3968827957093226,-2.29128836901565,-0.3105429950513825
12.0,141.0,1004.1688232421876,-3.463503013553671,-4.725395440018096,-1.4363157997362748,2.1334699404495807,2.8002272463284887,1.7767162353002366,0.2648749544500063,1.396884834261789,-2.2911998190071587,-0.310542996998004
12.0,141.0,1004.1688232421876,-3.463498509719704,-4.725395862417362,-1.4363158007705843,2.1334699404495807,2.8002272460220667,1.7767159895075075,0.2648749544477963,1.3968827957093226,-2.291290571724605,-0.3105429950513825
12.0,141.0,1004.1688232421876,-3.463503978353161,-4.725395603871957,-1.4363158007478911,2.1334699404495807,2.800227277007086,1.7767162353300416,0.2648749544365486,1.396882802965965,-2.2912884169157293,-0.3105429950513825
12.0,141.0,1004.1688232421876,-3.463503923404542,-4.725395869850984,-1.4363158007720644,2.1334699404495807,2.8002272443564458,1.7767162353300416,0.2648749544483667,1.3968826347046983,-2.291288507553448,-0.3105429950513825
12.0,141.0,1004.1688232421876,-3.463498509719704,-4.72539584068214,-1.4363158007428878,2.1334699404495807,2.800227640499708,1.7767159895075075,0.2648749546594537,1.3968827957093226,-2.291288342102195,-0.3105429950513825
12.0,141.0,1004.1688232421876,-3.463498509719704,-4.725395829629496,-1.4363158007428878,2.1334699404495807,2.800227246331422,1.776715983801472,0.2648749544497884,1.3968827957093226,-2.29128836783335,-0.3105429969842429
12.0,141.0,1004.1688232421876,-3.463498509719704,-4.725395832595966,-1.4363158007428878,2.1334699404495807,2.800227640499708,1.7767159887609432,0.2648749544320222,1.3968827957093226,-2.291288342102195,-0.3105429950508219
12.0,141.0,1004.1688232421876,-3.463498876426496,-4.72539585140278,-1.4363157981073136,2.1334699404495807,2.800227257188465,1.7767159896096365,0.2648749546594537,1.3968828011327494,-2.2912883626812106,-0.3105429950951215
12.0,141.0,1004.1688232421876,-3.463498509719704,-4.72539584068214,-1.4363158007428878,2.1334699404495807,2.800227640499708,1.7767159895075075,0.2648749546594537,1.3968827957093226,-2.291288342102195,-0.3105429950513825
12.0,141.0,1004.1688232421876,-3.463503729570575,-4.7253954510707405,-1.4363157998690306,2.1334699404495807,2.800227249367508,1.776716230156169,0.2648749544500063,1.396884834261789,-2.2912861796857964,-0.3105429950625833
12.0,141.0,1004.1688232421876,-3.463502225910681,-4.72539612088748,-1.43631580073003,2.1334699404495807,2.800227246685723,1.776716246171831,0.2648749544631926,1.3968854004994269,-2.291288346955597,-0.3105429951105465
12.0,141.0,1004.1688232421876,-3.463503978353161,-4.725395603871957,-1.4363158007478911,2.1334699404495807,2.8002272482834405,1.7767162353300416,0.2648749544643329,1.396884838020187,-2.291288375524981,-0.3105429969489507
12.0,141.0,1004.1688232421876,-3.463503727439461,-4.725395868253633,-1.4363157981073136,2.1334699404495807,2.800227210115245,1.776715978304317,0.2648749544528785,1.3968828066584236,-2.2912882871323634,-0.31054299701841
12.0,141.0,1004.1688232421876,-3.46350302987032,-4.725395440018096,-1.4363157997273472,2.1334699404495807,2.8002272463284887,1.776716230156169,0.2648749544500063,1.396884834261789,-2.291286200617064,-0.3105429969952608
12.0,141.0,1004.1688232421876,-3.463498509719704,-4.725395829629496,-1.4363158007428878,2.1334699404495807,2.800227246331422,1.776715983801472,0.2648749544497884,1.3968827958636685,-2.2912883684343672,-0.3105429969842429
12.0,141.0,1004.1688232421876,-3.463503923404542,-4.725394729740312,-1.43631580075722,2.1334699404495807,2.8002272443564458,1.7767162434028283,0.2648749544354976,1.3968826347046983,-2.2912862029755874,-0.3105429950513825
12.0,141.0,1004.1688232421876,-3.463503013553671,-4.725395440018096,-1.4363157997362748,2.1334699404495807,2.800227254551092,1.7767162428992715,0.2648749544500063,1.3968847244132605,-2.291284825909188,-0.3105429970462828
12.0,141.0,1004.1688232421876,-3.4634991607534964,-4.72539584068214,-1.4363158006751582,2.1334699404495807,2.8002272528539685,1.7767159895075075,0.2648749546594537,1.396882627331266,-2.2912883648497697,-0.3105429950513825
12.0,141.0,1004.1688232421876,-3.463498509719704,-4.72539584068214,-1.4363158007428878,2.1334699404495807,2.800227632084607,1.776715988721763,0.2648749544497884,1.3968827957093226,-2.2912883421307644,-0.3105429950513825
12.0,141.0,1004.1688232421876,-3.463498509719704,-4.725395598962863,-1.4363158007428878,2.1334699404495807,2.800227640719127,1.7767159895075075,0.2648749546594537,1.3968827957093226,-2.291288342102195,-0.3105429950513825
12.0,141.0,1004.1688232421876,-3.463498509719704,-4.72539584068214,-1.4363158007428878,2.1334699404495807,2.800227640499708,1.7767159895075075,0.2648749546594537,1.3968827957093226,-2.291288342102195,-0.3105429950513825
12.0,141.0,1004.1688232421876,-3.46350234122566,-4.725395936762113,-1.4363158006193664,2.1334699404495807,2.800227640499708,1.7767159895075075,0.2648749546584542,1.3968827957093226,-2.2912094844801016,-0.3105429950513825
12.0,141.0,1004.1688232421876,-3.463498509719704,-4.72539584068214,-1.4363158007428878,2.1334699404495807,2.800227249370441,1.776715983801472,0.2648749544497884,1.3968827957093226,-2.291288346902083,-0.3105429950513825
12.0,141.0,1004.1688232421876,-3.463503521898381,-4.72539584068214,-1.4363158007428878,2.1334699404495807,2.800227640499708,1.7767159957412606,0.2648749544404716,1.396882628544033,-2.29128850780801,-0.3105429950513825
12.0,141.0,1004.1688232421876,-3.463502233497787,-4.725395430939897,-1.436315800730053,2.1334699404495807,2.800227246685723,1.7767162282142936,0.264874954463242,1.3968854004994269,-2.291288432531727,-0.3105429951105465
12.0,141.0,1004.1688232421876,-3.463498509719704,-4.725395832595966,-1.4363158007428878,2.1334699404495807,2.800227640499708,1.7767159887609432,0.2648749544320222,1.3968827957093226,-2.291288342102195,-0.3105429950508219
12.0,142.0,1004.1688232421876,-3.463498509719704,-4.72539584068214,-1.4363158007428878,2.1334699404495807,2.800227640499708,1.7767159895075075,0.2648749546594537,1.3968827957093226,-2.291288342102195,-0.3105429950513825
12.0,142.0,1004.1688232421876,-3.463498509719704,-4.72539584068214,-1.4363158007428878,2.1334699404495807,2.800227640499708,1.7767159895075075,0.2648749546594537,1.3968827957093226,-2.291288342102195,-0.3105429950513825
12.0,142.0,1004.1688232421876,-3.463498509719704,-4.72539584068214,-1.4363158007428878,2.1334699404495807,2.800227640499708,1.7767159895075075,0.2648749546594537,1.3968827957093226,-2.291288342102195,-0.3105429950513825
12.0,142.0,1004.1688232421876,-3.463503013553671,-4.725395440018096,-1.4363157997362748,2.1334699404495807,2.8002272463284887,1.7767162353002366,0.2648749544500063,1.396884834261789,-2.2911998190071587,-0.310542996998004
12.0,142.0,1004.1688232421876,-3.463502287945866,-4.725395943048072,-1.4363157997785392,2.1334699404495807,2.800227246543757,1.7767162307917943,0.264874954463242,1.396884834261789,-2.291210480458352,-0.3105429970424978
12.0,142.0,1004.1688232421876,-3.463498509719704,-4.72539584068214,-1.4363158007428878,2.1334699404495807,2.800227249370441,1.776715983801472,0.2648749544497884,1.3968827957093226,-2.291288346902083,-0.3105429950513825
12.0,142.0,1004.1688232421876,-3.463503013553671,-4.725395440018096,-1.4363157997362748,2.1334699404495807,2.8002272463284887,1.7767162353002366,0.2648749544500063,1.396884834261789,-2.2911998190071587,-0.310542996998004
12.0,142.0,1004.1688232421876,-3.463503729570575,-4.725395440018096,-1.4363157998690306,2.1334699404495807,2.8002272463284887,1.776716230156169,0.2648749544500063,1.396884834261789,-2.291286200617064,-0.3105429969954437
12.0,142.0,1004.1688232421876,-3.463498509719704,-4.72539584068214,-1.4363158007428878,2.1334699404495807,2.800227249370441,1.776715983801472,0.2648749544497884,1.3968827957093226,-2.291288346902083,-0.3105429950513825
12.0,142.0,1004.1688232421876,-3.463498509719704,-4.72539584068214,-1.4363158007428878,2.1334699404495807,2.800227640499708,1.7767159895075075,0.2648749546594537,1.3968827957093226,-2.291288342102195,-0.3105429950513825
12.0,142.0,1004.1688232421876,-3.463498509719704,-4.725395842518416,-1.4363158007428878,2.1334699404495807,2.8002272462449365,1.776715983801472,0.2648749544497942,1.3968829241919,-2.291288346902083,-0.3105429950514641
12.0,142.0,1004.1688232421876,-3.463498509719704,-4.725396457353329,-1.4363158007428878,2.1334699404495807,2.800227640499708,1.7767159839592763,0.2648749546594537,1.3968827957093226,-2.291286799718101,-0.3105429938616547
12.0,142.0,1004.1688232421876,-3.463502233497787,-4.72539610642095,-1.436315799782351,2.1334699404495807,2.800227246543757,1.7767162307917943,0.264874954463242,1.396884834261789,-2.291288378715251,-0.3105429970298286
12.0,142.0,1004.1688232421876,-3.463498509719704,-4.72539584068214,-1.4363158007428878,2.1334699404495807,2.800227640499708,1.7767159895075075,0.2648749546594537,1.3968827957093226,-2.291288342102195,-0.3105429950513825
12.0,142.0,1004.1688232421876,-3.4634988732231853,-4.72539585140278,-1.4363157981073136,2.1334699404495807,2.800227210115245,1.7767159913004014,0.2648749546594537,1.3968828011327494,-2.291288342102195,-0.3105429950951215
12.0,142.0,1004.1688232421876,-3.463498509719704,-4.72539584068214,-1.4363158007428878,2.1334699404495807,2.800227640499708,1.7767159895075075,0.2648749546594537,1.3968827957093226,-2.291288342102195,-0.3105429950513825
12.0,142.0,1004.1688232421876,-3.463503013553671,-4.725395440018096,-1.4363157997362748,2.1334699404495807,2.8002272463284887,1.7767162353002366,0.2648749544500063,1.396884834261789,-2.2911998190071587,-0.310542996998004
12.0,142.0,1004.1688232421876,-3.463498509719704,-4.725395832595966,-1.4363158007428878,2.1334699404495807,2.800227640499708,1.7767159887609432,0.2648749544320222,1.3968827957093226,-2.291288342102195,-0.3105429950508219
12.0,142.0,1004.1688232421876,-3.463498509719704,-4.725395842518416,-1.4363158007428878,2.1334699404495807,2.8002272462449365,1.7767159866898543,0.2648749544497942,1.3968828694576876,-2.291288346902083,-0.3105429944921509
12.0,142.0,1004.1688232421876,-3.4634991607534964,-4.72539584068214,-1.4363158006751582,2.1334699404495807,2.8002272528539685,1.7767159895075075,0.2648749546594537,1.396882627331266,-2.2912883648497697,-0.3105429950513825
12.0,142.0,1004.1688232421876,-3.463498509719704,-4.72539584068214,-1.4363158007428878,2.1334699404495807,2.800227640499708,1.7767159895075075,0.2648749546594537,1.3968827957093226,-2.291288342102195,-0.3105429950513825
12.0,142.0,1004.1688232421876,-3.463502199157473,-4.725385284861874,-1.436315799771619,2.1334699404495807,2.80022790496009,1.776715995870822,0.2648749544358844,1.3968829166100545,-2.291286521257249,-0.3105429950513825
12.0,142.0,1004.1688232421876,-3.463502233497787,-4.72539610642095,-1.436315800730053,2.1334699404495807,2.800227246685723,1.7767159876776917,0.264874954463242,1.3968854004994269,-2.291288346955597,-0.3105429951105465
12.0,142.0,1004.1688232421876,-3.463503923404542,-4.725395800000323,-1.4363158007720644,2.1334699404495807,2.800227277007086,1.7767162353300416,0.2648749544647371,1.3968827957093226,-2.29128836901565,-0.3105429950513825
12.0,142.0,1004.1688232421876,-3.463503013553671,-4.725395440018096,-1.4363157997362748,2.1334699404495807,2.8002272463284887,1.7767162353002366,0.2648749544500063,1.396884834261789,-2.2911998190071587,-0.310542996998004
12.0,142.0,1004.1688232421876,-3.463498509719704,-4.725395862417362,-1.4363158007705843,2.1334699404495807,2.8002272460220667,1.7767159895075075,0.2648749544477963,1.3968827957093226,-2.291290571724605,-0.3105429950513825
12.0,142.0,1004.1688232421876,-3.463503978353161,-4.725395603871957,-1.4363158007478911,2.1334699404495807,2.800227277007086,1.7767162353300416,0.2648749544365486,1.396882802965965,-2.2912884169157293,-0.3105429950513825
12.0,142.0,1004.1688232421876,-3.463503923404542,-4.725395869850984,-1.4363158007720644,2.1334699404495807,2.8002272443564458,1.7767162353300416,0.2648749544483667,1.3968826347046983,-2.291288507553448,-0.3105429950513825
12.0,142.0,1004.1688232421876,-3.463498509719704,-4.72539584068214,-1.4363158007428878,2.1334699404495807,2.800227640499708,1.7767159895075075,0.2648749546594537,1.3968827957093226,-2.291288342102195,-0.3105429950513825
12.0,142.0,1004.1688232421876,-3.463498509719704,-4.725395829629496,-1.4363158007428878,2.1334699404495807,2.800227246331422,1.776715983801472,0.2648749544497884,1.3968827957093226,-2.29128836783335,-0.3105429969842429
12.0,142.0,1004.1688232421876,-3.463498509719704,-4.725395832595966,-1.4363158007428878,2.1334699404495807,2.800227640499708,1.7767159887609432,0.2648749544320222,1.3968827957093226,-2.291288342102195,-0.3105429950508219
12.0,142.0,1004.1688232421876,-3.463498876426496,-4.72539585140278,-1.4363157981073136,2.1334699404495807,2.800227257188465,1.7767159896096365,0.2648749546594537,1.3968828011327494,-2.2912883626812106,-0.3105429950951215
12.0,142.0,1004.1688232421876,-3.463498509719704,-4.72539584068214,-1.4363158007428878,2.1334699404495807,2.800227640499708,1.7767159895075075,0.2648749546594537,1.3968827957093226,-2.291288342102195,-0.3105429950513825
12.0,142.0,1004.1688232421876,-3.463503729570575,-4.7253954510707405,-1.4363157998690306,2.1334699404495807,2.800227249367508,1.776716230156169,0.2648749544500063,1.396884834261789,-2.2912861796857964,-0.3105429950625833
12.0,142.0,1004.1688232421876,-3.463502225910681,-4.72539612088748,-1.43631580073003,2.1334699404495807,2.800227246685723,1.776716246171831,0.2648749544631926,1.3968854004994269,-2.291288346955597,-0.3105429951105465
12.0,142.0,1004.1688232421876,-3.463503978353161,-4.725395603871957,-1.4363158007478911,2.1334699404495807,2.8002272482834405,1.7767162353300416,0.2648749544643329,1.396884838020187,-2.291288375524981,-0.3105429969489507
12.0,142.0,1004.1688232421876,-3.463503727439461,-4.725395868253633,-1.4363157981073136,2.1334699404495807,2.800227210115245,1.776715978304317,0.2648749544528785,1.3968828066584236,-2.2912882871323634,-0.31054299701841
12.0,142.0,1004.1688232421876,-3.46350302987032,-4.725395440018096,-1.4363157997273472,2.1334699404495807,2.8002272463284887,1.776716230156169,0.2648749544500063,1.396884834261789,-2.291286200617064,-0.3105429969952608
12.0,142.0,1004.1688232421876,-3.463498509719704,-4.725395829629496,-1.4363158007428878,2.1334699404495807,2.800227246331422,1.776715983801472,0.2648749544497884,1.3968827958636685,-2.2912883684343672,-0.3105429969842429
12.0,142.0,1004.1688232421876,-3.463503923404542,-4.725394729740312,-1.43631580075722,2.1334699404495807,2.8002272443564458,1.7767162434028283,0.2648749544354976,1.3968826347046983,-2.2912862029755874,-0.3105429950513825
12.0,142.0,1004.1688232421876,-3.463503013553671,-4.725395440018096,-1.4363157997362748,2.1334699404495807,2.800227254551092,1.7767162428992715,0.2648749544500063,1.3968847244132605,-2.291284825909188,-0.3105429970462828
12.0,142.0,1004.1688232421876,-3.4634991607534964,-4.72539584068214,-1.4363158006751582,2.1334699404495807,2.8002272528539685,1.7767159895075075,0.2648749546594537,1.396882627331266,-2.2912883648497697,-0.3105429950513825
12.0,142.0,1004.1688232421876,-3.463498509719704,-4.72539584068214,-1.4363158007428878,2.1334699404495807,2.800227632084607,1.776715988721763,0.2648749544497884,1.3968827957093226,-2.2912883421307644,-0.3105429950513825
12.0,142.0,1004.1688232421876,-3.463498509719704,-4.725395598962863,-1.4363158007428878,2.1334699404495807,2.800227640719127,1.7767159895075075,0.2648749546594537,1.3968827957093226,-2.291288342102195,-0.3105429950513825
12.0,142.0,1004.1688232421876,-3.463498509719704,-4.72539584068214,-1.4363158007428878,2.1334699404495807,2.800227640499708,1.7767159895075075,0.2648749546594537,1.3968827957093226,-2.291288342102195,-0.3105429950513825
12.0,142.0,1004.1688232421876,-3.46350234122566,-4.725395936762113,-1.4363158006193664,2.1334699404495807,2.800227640499708,1.7767159895075075,0.2648749546584542,1.3968827957093226,-2.2912094844801016,-0.3105429950513825
12.0,142.0,1004.1688232421876,-3.463498509719704,-4.72539584068214,-1.4363158007428878,2.1334699404495807,2.800227249370441,1.776715983801472,0.2648749544497884,1.3968827957093226,-2.291288346902083,-0.3105429950513825
12.0,142.0,1004.1688232421876,-3.463503521898381,-4.72539584068214,-1.4363158007428878,2.1334699404495807,2.800227640499708,1.7767159957412606,0.2648749544404716,1.396882628544033,-2.29128850780801,-0.3105429950513825
12.0,142.0,1004.1688232421876,-3.463502233497787,-4.725395430939897,-1.436315800730053,2.1334699404495807,2.800227246685723,1.7767162282142936,0.264874954463242,1.3968854004994269,-2.291288432531727,-0.3105429951105465
12.0,142.0,1004.1688232421876,-3.463498509719704,-4.725395832595966,-1.4363158007428878,2.1334699404495807,2.800227640499708,1.7767159887609432,0.2648749544320222,1.3968827957093226,-2.291288342102195,-0.3105429950508219
12.0,143.0,1004.1688232421876,-3.463498509719704,-4.72539584068214,-1.4363158007428878,2.1334699404495807,2.800227640499708,1.7767159895075075,0.2648749546594537,1.3968827957093226,-2.291288342102195,-0.3105429950513825
12.0,143.0,1004.1688232421876,-3.463498509719704,-4.72539584068214,-1.4363158007428878,2.1334699404495807,2.800227640499708,1.7767159895075075,0.2648749546594537,1.3968827957093226,-2.291288342102195,-0.3105429950513825
12.0,143.0,1004.1688232421876,-3.463498509719704,-4.72539584068214,-1.4363158007428878,2.1334699404495807,2.800227640499708,1.7767159895075075,0.2648749546594537,1.3968827957093226,-2.291288342102195,-0.3105429950513825
12.0,143.0,1004.1688232421876,-3.463503013553671,-4.725395440018096,-1.4363157997362748,2.1334699404495807,2.8002272463284887,1.7767162353002366,0.2648749544500063,1.396884834261789,-2.2911998190071587,-0.310542996998004
12.0,143.0,1004.1688232421876,-3.463502287945866,-4.725395943048072,-1.4363157997785392,2.1334699404495807,2.800227246543757,1.7767162307917943,0.264874954463242,1.396884834261789,-2.291210480458352,-0.3105429970424978
12.0,143.0,1004.1688232421876,-3.463498509719704,-4.72539584068214,-1.4363158007428878,2.1334699404495807,2.800227249370441,1.776715983801472,0.2648749544497884,1.3968827957093226,-2.291288346902083,-0.3105429950513825
12.0,143.0,1004.1688232421876,-3.463503013553671,-4.725395440018096,-1.4363157997362748,2.1334699404495807,2.8002272463284887,1.7767162353002366,0.2648749544500063,1.396884834261789,-2.2911998190071587,-0.310542996998004
12.0,143.0,1004.1688232421876,-3.463503729570575,-4.725395440018096,-1.4363157998690306,2.1334699404495807,2.8002272463284887,1.776716230156169,0.2648749544500063,1.396884834261789,-2.291286200617064,-0.3105429969954437
12.0,143.0,1004.1688232421876,-3.463498509719704,-4.72539584068214,-1.4363158007428878,2.1334699404495807,2.800227249370441,1.776715983801472,0.2648749544497884,1.3968827957093226,-2.291288346902083,-0.3105429950513825
12.0,143.0,1004.1688232421876,-3.463498509719704,-4.72539584068214,-1.4363158007428878,2.1334699404495807,2.800227640499708,1.7767159895075075,0.2648749546594537,1.3968827957093226,-2.291288342102195,-0.3105429950513825
12.0,143.0,1004.1688232421876,-3.463498509719704,-4.725395842518416,-1.4363158007428878,2.1334699404495807,2.8002272462449365,1.776715983801472,0.2648749544497942,1.3968829241919,-2.291288346902083,-0.3105429950514641
12.0,143.0,1004.1688232421876,-3.463498509719704,-4.725396457353329,-1.4363158007428878,2.1334699404495807,2.800227640499708,1.7767159839592763,0.2648749546594537,1.3968827957093226,-2.291286799718101,-0.3105429938616547
12.0,143.0,1004.1688232421876,-3.463502233497787,-4.72539610642095,-1.436315799782351,2.1334699404495807,2.800227246543757,1.7767162307917943,0.264874954463242,1.396884834261789,-2.291288378715251,-0.3105429970298286
12.0,143.0,1004.1688232421876,-3.463498509719704,-4.72539584068214,-1.4363158007428878,2.1334699404495807,2.800227640499708,1.7767159895075075,0.2648749546594537,1.3968827957093226,-2.291288342102195,-0.3105429950513825
12.0,143.0,1004.1688232421876,-3.4634988732231853,-4.72539585140278,-1.4363157981073136,2.1334699404495807,2.800227210115245,1.7767159913004014,0.2648749546594537,1.3968828011327494,-2.291288342102195,-0.3105429950951215
12.0,143.0,1004.1688232421876,-3.463498509719704,-4.72539584068214,-1.4363158007428878,2.1334699404495807,2.800227640499708,1.7767159895075075,0.2648749546594537,1.3968827957093226,-2.291288342102195,-0.3105429950513825
12.0,143.0,1004.1688232421876,-3.463503013553671,-4.725395440018096,-1.4363157997362748,2.1334699404495807,2.8002272463284887,1.7767162353002366,0.2648749544500063,1.396884834261789,-2.2911998190071587,-0.310542996998004
12.0,143.0,1004.1688232421876,-3.463498509719704,-4.725395832595966,-1.4363158007428878,2.1334699404495807,2.800227640499708,1.7767159887609432,0.2648749544320222,1.3968827957093226,-2.291288342102195,-0.3105429950508219
12.0,143.0,1004.1688232421876,-3.463498509719704,-4.725395842518416,-1.4363158007428878,2.1334699404495807,2.8002272462449365,1.7767159866898543,0.2648749544497942,1.3968828694576876,-2.291288346902083,-0.3105429944921509
12.0,143.0,1004.1688232421876,-3.4634991607534964,-4.72539584068214,-1.4363158006751582,2.1334699404495807,2.8002272528539685,1.7767159895075075,0.2648749546594537,1.396882627331266,-2.2912883648497697,-0.3105429950513825
12.0,143.0,1004.1688232421876,-3.463498509719704,-4.72539584068214,-1.4363158007428878,2.1334699404495807,2.800227640499708,1.7767159895075075,0.2648749546594537,1.3968827957093226,-2.291288342102195,-0.3105429950513825
12.0,143.0,1004.1688232421876,-3.463502199157473,-4.725385284861874,-1.436315799771619,2.1334699404495807,2.80022790496009,1.776715995870822,0.2648749544358844,1.3968829166100545,-2.291286521257249,-0.3105429950513825
12.0,143.0,1004.1688232421876,-3.463502233497787,-4.72539610642095,-1.436315800730053,2.1334699404495807,2.800227246685723,1.7767159876776917,0.264874954463242,1.3968854004994269,-2.291288346955597,-0.3105429951105465
12.0,143.0,1004.1688232421876,-3.463503923404542,-4.725395800000323,-1.4363158007720644,2.1334699404495807,2.800227277007086,1.7767162353300416,0.2648749544647371,1.3968827957093226,-2.29128836901565,-0.3105429950513825
12.0,143.0,1004.1688232421876,-3.463503013553671,-4.725395440018096,-1.4363157997362748,2.1334699404495807,2.8002272463284887,1.7767162353002366,0.2648749544500063,1.396884834261789,-2.2911998190071587,-0.310542996998004
12.0,143.0,1004.1688232421876,-3.463498509719704,-4.725395862417362,-1.4363158007705843,2.1334699404495807,2.8002272460220667,1.7767159895075075,0.2648749544477963,1.3968827957093226,-2.291290571724605,-0.3105429950513825
12.0,143.0,1004.1688232421876,-3.463503978353161,-4.725395603871957,-1.4363158007478911,2.1334699404495807,2.800227277007086,1.7767162353300416,0.2648749544365486,1.396882802965965,-2.2912884169157293,-0.3105429950513825
12.0,143.0,1004.1688232421876,-3.463503923404542,-4.725395869850984,-1.4363158007720644,2.1334699404495807,2.8002272443564458,1.7767162353300416,0.2648749544483667,1.3968826347046983,-2.291288507553448,-0.3105429950513825
12.0,143.0,1004.1688232421876,-3.463498509719704,-4.72539584068214,-1.4363158007428878,2.1334699404495807,2.800227640499708,1.7767159895075075,0.2648749546594537,1.3968827957093226,-2.291288342102195,-0.3105429950513825
12.0,143.0,1004.1688232421876,-3.463498509719704,-4.725395829629496,-1.4363158007428878,2.1334699404495807,2.800227246331422,1.776715983801472,0.2648749544497884,1.3968827957093226,-2.29128836783335,-0.3105429969842429
12.0,143.0,1004.1688232421876,-3.463498509719704,-4.725395832595966,-1.4363158007428878,2.1334699404495807,2.800227640499708,1.7767159887609432,0.2648749544320222,1.3968827957093226,-2.291288342102195,-0.3105429950508219
12.0,143.0,1004.1688232421876,-3.463498876426496,-4.72539585140278,-1.4363157981073136,2.1334699404495807,2.800227257188465,1.7767159896096365,0.2648749546594537,1.3968828011327494,-2.2912883626812106,-0.3105429950951215
12.0,143.0,1004.1688232421876,-3.463498509719704,-4.72539584068214,-1.4363158007428878,2.1334699404495807,2.800227640499708,1.7767159895075075,0.2648749546594537,1.3968827957093226,-2.291288342102195,-0.3105429950513825
12.0,143.0,1004.1688232421876,-3.463503729570575,-4.7253954510707405,-1.4363157998690306,2.1334699404495807,2.800227249367508,1.776716230156169,0.2648749544500063,1.396884834261789,-2.2912861796857964,-0.3105429950625833
12.0,143.0,1004.1688232421876,-3.463502225910681,-4.72539612088748,-1.43631580073003,2.1334699404495807,2.800227246685723,1.776716246171831,0.2648749544631926,1.3968854004994269,-2.291288346955597,-0.3105429951105465
12.0,143.0,1004.1688232421876,-3.463503978353161,-4.725395603871957,-1.4363158007478911,2.1334699404495807,2.8002272482834405,1.7767162353300416,0.2648749544643329,1.396884838020187,-2.291288375524981,-0.3105429969489507
12.0,143.0,1004.1688232421876,-3.463503727439461,-4.725395868253633,-1.4363157981073136,2.1334699404495807,2.800227210115245,1.776715978304317,0.2648749544528785,1.3968828066584236,-2.2912882871323634,-0.31054299701841
12.0,143.0,1004.1688232421876,-3.46350302987032,-4.725395440018096,-1.4363157997273472,2.1334699404495807,2.8002272463284887,1.776716230156169,0.2648749544500063,1.396884834261789,-2.291286200617064,-0.3105429969952608
12.0,143.0,1004.1688232421876,-3.463498509719704,-4.725395829629496,-1.4363158007428878,2.1334699404495807,2.800227246331422,1.776715983801472,0.2648749544497884,1.3968827958636685,-2.2912883684343672,-0.3105429969842429
12.0,143.0,1004.1688232421876,-3.463503923404542,-4.725394729740312,-1.43631580075722,2.1334699404495807,2.8002272443564458,1.7767162434028283,0.2648749544354976,1.3968826347046983,-2.2912862029755874,-0.3105429950513825
12.0,143.0,1004.1688232421876,-3.463503013553671,-4.725395440018096,-1.4363157997362748,2.1334699404495807,2.800227254551092,1.7767162428992715,0.2648749544500063,1.3968847244132605,-2.291284825909188,-0.3105429970462828
12.0,143.0,1004.1688232421876,-3.4634991607534964,-4.72539584068214,-1.4363158006751582,2.1334699404495807,2.8002272528539685,1.7767159895075075,0.2648749546594537,1.396882627331266,-2.2912883648497697,-0.3105429950513825
12.0,143.0,1004.1688232421876,-3.463498509719704,-4.72539584068214,-1.4363158007428878,2.1334699404495807,2.800227632084607,1.776715988721763,0.2648749544497884,1.3968827957093226,-2.2912883421307644,-0.3105429950513825
12.0,143.0,1004.1688232421876,-3.463498509719704,-4.725395598962863,-1.4363158007428878,2.1334699404495807,2.800227640719127,1.7767159895075075,0.2648749546594537,1.3968827957093226,-2.291288342102195,-0.3105429950513825
12.0,143.0,1004.1688232421876,-3.463498509719704,-4.72539584068214,-1.4363158007428878,2.1334699404495807,2.800227640499708,1.7767159895075075,0.2648749546594537,1.3968827957093226,-2.291288342102195,-0.3105429950513825
12.0,143.0,1004.1688232421876,-3.46350234122566,-4.725395936762113,-1.4363158006193664,2.1334699404495807,2.800227640499708,1.7767159895075075,0.2648749546584542,1.3968827957093226,-2.2912094844801016,-0.3105429950513825
12.0,143.0,1004.1688232421876,-3.463498509719704,-4.72539584068214,-1.4363158007428878,2.1334699404495807,2.800227249370441,1.776715983801472,0.2648749544497884,1.3968827957093226,-2.291288346902083,-0.3105429950513825
12.0,143.0,1004.1688232421876,-3.463503521898381,-4.72539584068214,-1.4363158007428878,2.1334699404495807,2.800227640499708,1.7767159957412606,0.2648749544404716,1.396882628544033,-2.29128850780801,-0.3105429950513825
12.0,143.0,1004.1688232421876,-3.463502233497787,-4.725395430939897,-1.436315800730053,2.1334699404495807,2.800227246685723,1.7767162282142936,0.264874954463242,1.3968854004994269,-2.291288432531727,-0.3105429951105465
12.0,143.0,1004.1688232421876,-3.463498509719704,-4.725395832595966,-1.4363158007428878,2.1334699404495807,2.800227640499708,1.7767159887609432,0.2648749544320222,1.3968827957093226,-2.291288342102195,-0.3105429950508219
12.0,144.0,1004.1688232421876,-3.463498509719704,-4.72539584068214,-1.4363158007428878,2.1334699404495807,2.800227640499708,1.7767159895075075,0.2648749546594537,1.3968827957093226,-2.291288342102195,-0.3105429950513825
12.0,144.0,1004.1688232421876,-3.463498509719704,-4.72539584068214,-1.4363158007428878,2.1334699404495807,2.800227640499708,1.7767159895075075,0.2648749546594537,1.3968827957093226,-2.291288342102195,-0.3105429950513825
12.0,144.0,1004.1688232421876,-3.463498509719704,-4.72539584068214,-1.4363158007428878,2.1334699404495807,2.800227640499708,1.7767159895075075,0.2648749546594537,1.3968827957093226,-2.291288342102195,-0.3105429950513825
12.0,144.0,1004.1688232421876,-3.463503013553671,-4.725395440018096,-1.4363157997362748,2.1334699404495807,2.8002272463284887,1.7767162353002366,0.2648749544500063,1.396884834261789,-2.2911998190071587,-0.310542996998004
12.0,144.0,1004.1688232421876,-3.463502287945866,-4.725395943048072,-1.4363157997785392,2.1334699404495807,2.800227246543757,1.7767162307917943,0.264874954463242,1.396884834261789,-2.291210480458352,-0.3105429970424978
12.0,144.0,1004.1688232421876,-3.463498509719704,-4.72539584068214,-1.4363158007428878,2.1334699404495807,2.800227249370441,1.776715983801472,0.2648749544497884,1.3968827957093226,-2.291288346902083,-0.3105429950513825
12.0,144.0,1004.1688232421876,-3.463503013553671,-4.725395440018096,-1.4363157997362748,2.1334699404495807,2.8002272463284887,1.7767162353002366,0.2648749544500063,1.396884834261789,-2.2911998190071587,-0.310542996998004
12.0,144.0,1004.1688232421876,-3.463503729570575,-4.725395440018096,-1.4363157998690306,2.1334699404495807,2.8002272463284887,1.776716230156169,0.2648749544500063,1.396884834261789,-2.291286200617064,-0.3105429969954437
12.0,144.0,1004.1688232421876,-3.463498509719704,-4.72539584068214,-1.4363158007428878,2.1334699404495807,2.800227249370441,1.776715983801472,0.2648749544497884,1.3968827957093226,-2.291288346902083,-0.3105429950513825
12.0,144.0,1004.1688232421876,-3.463498509719704,-4.72539584068214,-1.4363158007428878,2.1334699404495807,2.800227640499708,1.7767159895075075,0.2648749546594537,1.3968827957093226,-2.291288342102195,-0.3105429950513825
12.0,144.0,1004.1688232421876,-3.463498509719704,-4.725395842518416,-1.4363158007428878,2.1334699404495807,2.8002272462449365,1.776715983801472,0.2648749544497942,1.3968829241919,-2.291288346902083,-0.3105429950514641
12.0,144.0,1004.1688232421876,-3.463498509719704,-4.725396457353329,-1.4363158007428878,2.1334699404495807,2.800227640499708,1.7767159839592763,0.2648749546594537,1.3968827957093226,-2.291286799718101,-0.3105429938616547
12.0,144.0,1004.1688232421876,-3.463502233497787,-4.72539610642095,-1.436315799782351,2.1334699404495807,2.800227246543757,1.7767162307917943,0.264874954463242,1.396884834261789,-2.291288378715251,-0.3105429970298286
12.0,144.0,1004.1688232421876,-3.463498509719704,-4.72539584068214,-1.4363158007428878,2.1334699404495807,2.800227640499708,1.7767159895075075,0.2648749546594537,1.3968827957093226,-2.291288342102195,-0.3105429950513825
12.0,144.0,1004.1688232421876,-3.4634988732231853,-4.72539585140278,-1.4363157981073136,2.1334699404495807,2.800227210115245,1.7767159913004014,0.2648749546594537,1.3968828011327494,-2.291288342102195,-0.3105429950951215
12.0,144.0,1004.1688232421876,-3.463498509719704,-4.72539584068214,-1.4363158007428878,2.1334699404495807,2.800227640499708,1.7767159895075075,0.2648749546594537,1.3968827957093226,-2.291288342102195,-0.3105429950513825
12.0,144.0,1004.1688232421876,-3.463503013553671,-4.725395440018096,-1.4363157997362748,2.1334699404495807,2.8002272463284887,1.7767162353002366,0.2648749544500063,1.396884834261789,-2.2911998190071587,-0.310542996998004
12.0,144.0,1004.1688232421876,-3.463498509719704,-4.725395832595966,-1.4363158007428878,2.1334699404495807,2.800227640499708,1.7767159887609432,0.2648749544320222,1.3968827957093226,-2.291288342102195,-0.3105429950508219
12.0,144.0,1004.1688232421876,-3.463498509719704,-4.725395842518416,-1.4363158007428878,2.1334699404495807,2.8002272462449365,1.7767159866898543,0.2648749544497942,1.3968828694576876,-2.291288346902083,-0.3105429944921509
12.0,144.0,1004.1688232421876,-3.4634991607534964,-4.72539584068214,-1.4363158006751582,2.1334699404495807,2.8002272528539685,1.7767159895075075,0.2648749546594537,1.396882627331266,-2.2912883648497697,-0.3105429950513825
12.0,144.0,1004.1688232421876,-3.463498509719704,-4.72539584068214,-1.4363158007428878,2.1334699404495807,2.800227640499708,1.7767159895075075,0.2648749546594537,1.3968827957093226,-2.291288342102195,-0.3105429950513825
12.0,144.0,1004.1688232421876,-3.463502199157473,-4.725385284861874,-1.436315799771619,2.1334699404495807,2.80022790496009,1.776715995870822,0.2648749544358844,1.3968829166100545,-2.291286521257249,-0.3105429950513825
12.0,144.0,1004.1688232421876,-3.463502233497787,-4.72539610642095,-1.436315800730053,2.1334699404495807,2.800227246685723,1.7767159876776917,0.264874954463242,1.3968854004994269,-2.291288346955597,-0.3105429951105465
12.0,144.0,1004.1688232421876,-3.463503923404542,-4.725395800000323,-1.4363158007720644,2.1334699404495807,2.800227277007086,1.7767162353300416,0.2648749544647371,1.3968827957093226,-2.29128836901565,-0.3105429950513825
12.0,144.0,1004.1688232421876,-3.463503013553671,-4.725395440018096,-1.4363157997362748,2.1334699404495807,2.8002272463284887,1.7767162353002366,0.2648749544500063,1.396884834261789,-2.2911998190071587,-0.310542996998004
12.0,144.0,1004.1688232421876,-3.463498509719704,-4.725395862417362,-1.4363158007705843,2.1334699404495807,2.8002272460220667,1.7767159895075075,0.2648749544477963,1.3968827957093226,-2.291290571724605,-0.3105429950513825
12.0,144.0,1004.1688232421876,-3.463503978353161,-4.725395603871957,-1.4363158007478911,2.1334699404495807,2.800227277007086,1.7767162353300416,0.2648749544365486,1.396882802965965,-2.2912884169157293,-0.3105429950513825
12.0,144.0,1004.1688232421876,-3.463503923404542,-4.725395869850984,-1.4363158007720644,2.1334699404495807,2.8002272443564458,1.7767162353300416,0.2648749544483667,1.3968826347046983,-2.291288507553448,-0.3105429950513825
12.0,144.0,1004.1688232421876,-3.463498509719704,-4.72539584068214,-1.4363158007428878,2.1334699404495807,2.800227640499708,1.7767159895075075,0.2648749546594537,1.3968827957093226,-2.291288342102195,-0.3105429950513825
12.0,144.0,1004.1688232421876,-3.463498509719704,-4.725395829629496,-1.4363158007428878,2.1334699404495807,2.800227246331422,1.776715983801472,0.2648749544497884,1.3968827957093226,-2.29128836783335,-0.3105429969842429
12.0,144.0,1004.1688232421876,-3.463498509719704,-4.725395832595966,-1.4363158007428878,2.1334699404495807,2.800227640499708,1.7767159887609432,0.2648749544320222,1.3968827957093226,-2.291288342102195,-0.3105429950508219
12.0,144.0,1004.1688232421876,-3.463498876426496,-4.72539585140278,-1.4363157981073136,2.1334699404495807,2.800227257188465,1.7767159896096365,0.2648749546594537,1.3968828011327494,-2.2912883626812106,-0.3105429950951215
12.0,144.0,1004.1688232421876,-3.463498509719704,-4.72539584068214,-1.4363158007428878,2.1334699404495807,2.800227640499708,1.7767159895075075,0.2648749546594537,1.3968827957093226,-2.291288342102195,-0.3105429950513825
12.0,144.0,1004.1688232421876,-3.463503729570575,-4.7253954510707405,-1.4363157998690306,2.1334699404495807,2.800227249367508,1.776716230156169,0.2648749544500063,1.396884834261789,-2.2912861796857964,-0.3105429950625833
12.0,144.0,1004.1688232421876,-3.463502225910681,-4.72539612088748,-1.43631580073003,2.1334699404495807,2.800227246685723,1.776716246171831,0.2648749544631926,1.3968854004994269,-2.291288346955597,-0.3105429951105465
12.0,144.0,1004.1688232421876,-3.463503978353161,-4.725395603871957,-1.4363158007478911,2.1334699404495807,2.8002272482834405,1.7767162353300416,0.2648749544643329,1.396884838020187,-2.291288375524981,-0.3105429969489507
12.0,144.0,1004.1688232421876,-3.463503727439461,-4.725395868253633,-1.4363157981073136,2.1334699404495807,2.800227210115245,1.776715978304317,0.2648749544528785,1.3968828066584236,-2.2912882871323634,-0.31054299701841
12.0,144.0,1004.1688232421876,-3.46350302987032,-4.725395440018096,-1.4363157997273472,2.1334699404495807,2.8002272463284887,1.776716230156169,0.2648749544500063,1.396884834261789,-2.291286200617064,-0.3105429969952608
12.0,144.0,1004.1688232421876,-3.463498509719704,-4.725395829629496,-1.4363158007428878,2.1334699404495807,2.800227246331422,1.776715983801472,0.2648749544497884,1.3968827958636685,-2.2912883684343672,-0.3105429969842429
12.0,144.0,1004.1688232421876,-3.463503923404542,-4.725394729740312,-1.43631580075722,2.1334699404495807,2.8002272443564458,1.7767162434028283,0.2648749544354976,1.3968826347046983,-2.2912862029755874,-0.3105429950513825
12.0,144.0,1004.1688232421876,-3.463503013553671,-4.725395440018096,-1.4363157997362748,2.1334699404495807,2.800227254551092,1.7767162428992715,0.2648749544500063,1.3968847244132605,-2.291284825909188,-0.3105429970462828
12.0,144.0,1004.1688232421876,-3.4634991607534964,-4.72539584068214,-1.4363158006751582,2.1334699404495807,2.8002272528539685,1.7767159895075075,0.2648749546594537,1.396882627331266,-2.2912883648497697,-0.3105429950513825
12.0,144.0,1004.1688232421876,-3.463498509719704,-4.72539584068214,-1.4363158007428878,2.1334699404495807,2.800227632084607,1.776715988721763,0.2648749544497884,1.3968827957093226,-2.2912883421307644,-0.3105429950513825
12.0,144.0,1004.1688232421876,-3.463498509719704,-4.725395598962863,-1.4363158007428878,2.1334699404495807,2.800227640719127,1.7767159895075075,0.2648749546594537,1.3968827957093226,-2.291288342102195,-0.3105429950513825
12.0,144.0,1004.1688232421876,-3.463498509719704,-4.72539584068214,-1.4363158007428878,2.1334699404495807,2.800227640499708,1.7767159895075075,0.2648749546594537,1.3968827957093226,-2.291288342102195,-0.3105429950513825
12.0,144.0,1004.1688232421876,-3.46350234122566,-4.725395936762113,-1.4363158006193664,2.1334699404495807,2.800227640499708,1.7767159895075075,0.2648749546584542,1.3968827957093226,-2.2912094844801016,-0.3105429950513825
12.0,144.0,1004.1688232421876,-3.463498509719704,-4.72539584068214,-1.4363158007428878,2.1334699404495807,2.800227249370441,1.776715983801472,0.2648749544497884,1.3968827957093226,-2.291288346902083,-0.3105429950513825
12.0,144.0,1004.1688232421876,-3.463503521898381,-4.72539584068214,-1.4363158007428878,2.1334699404495807,2.800227640499708,1.7767159957412606,0.2648749544404716,1.396882628544033,-2.29128850780801,-0.3105429950513825
12.0,144.0,1004.1688232421876,-3.463502233497787,-4.725395430939897,-1.436315800730053,2.1334699404495807,2.800227246685723,1.7767162282142936,0.264874954463242,1.3968854004994269,-2.291288432531727,-0.3105429951105465
12.0,144.0,1004.1688232421876,-3.463498509719704,-4.725395832595966,-1.4363158007428878,2.1334699404495807,2.800227640499708,1.7767159887609432,0.2648749544320222,1.3968827957093226,-2.291288342102195,-0.3105429950508219
12.0,145.0,1004.1688232421876,-3.463498509719704,-4.72539584068214,-1.4363158007428878,2.1334699404495807,2.800227640499708,1.7767159895075075,0.2648749546594537,1.3968827957093226,-2.291288342102195,-0.3105429950513825
12.0,145.0,1004.1688232421876,-3.463498509719704,-4.72539584068214,-1.4363158007428878,2.1334699404495807,2.800227640499708,1.7767159895075075,0.2648749546594537,1.3968827957093226,-2.291288342102195,-0.3105429950513825
12.0,145.0,1004.1688232421876,-3.463498509719704,-4.72539584068214,-1.4363158007428878,2.1334699404495807,2.800227640499708,1.7767159895075075,0.2648749546594537,1.3968827957093226,-2.291288342102195,-0.3105429950513825
12.0,145.0,1004.1688232421876,-3.463503013553671,-4.725395440018096,-1.4363157997362748,2.1334699404495807,2.8002272463284887,1.7767162353002366,0.2648749544500063,1.396884834261789,-2.2911998190071587,-0.310542996998004
12.0,145.0,1004.1688232421876,-3.463502287945866,-4.725395943048072,-1.4363157997785392,2.1334699404495807,2.800227246543757,1.7767162307917943,0.264874954463242,1.396884834261789,-2.291210480458352,-0.3105429970424978
12.0,145.0,1004.1688232421876,-3.463498509719704,-4.72539584068214,-1.4363158007428878,2.1334699404495807,2.800227249370441,1.776715983801472,0.2648749544497884,1.3968827957093226,-2.291288346902083,-0.3105429950513825
12.0,145.0,1004.1688232421876,-3.463503013553671,-4.725395440018096,-1.4363157997362748,2.1334699404495807,2.8002272463284887,1.7767162353002366,0.2648749544500063,1.396884834261789,-2.2911998190071587,-0.310542996998004
12.0,145.0,1004.1688232421876,-3.463503729570575,-4.725395440018096,-1.4363157998690306,2.1334699404495807,2.8002272463284887,1.776716230156169,0.2648749544500063,1.396884834261789,-2.291286200617064,-0.3105429969954437
12.0,145.0,1004.1688232421876,-3.463498509719704,-4.72539584068214,-1.4363158007428878,2.1334699404495807,2.800227249370441,1.776715983801472,0.2648749544497884,1.3968827957093226,-2.291288346902083,-0.3105429950513825
12.0,145.0,1004.1688232421876,-3.463498509719704,-4.72539584068214,-1.4363158007428878,2.1334699404495807,2.800227640499708,1.7767159895075075,0.2648749546594537,1.3968827957093226,-2.291288342102195,-0.3105429950513825
12.0,145.0,1004.1688232421876,-3.463498509719704,-4.725395842518416,-1.4363158007428878,2.1334699404495807,2.8002272462449365,1.776715983801472,0.2648749544497942,1.3968829241919,-2.291288346902083,-0.3105429950514641
12.0,145.0,1004.1688232421876,-3.463498509719704,-4.725396457353329,-1.4363158007428878,2.1334699404495807,2.800227640499708,1.7767159839592763,0.2648749546594537,1.3968827957093226,-2.291286799718101,-0.3105429938616547
12.0,145.0,1004.1688232421876,-3.463502233497787,-4.72539610642095,-1.436315799782351,2.1334699404495807,2.800227246543757,1.7767162307917943,0.264874954463242,1.396884834261789,-2.291288378715251,-0.3105429970298286
12.0,145.0,1004.1688232421876,-3.463498509719704,-4.72539584068214,-1.4363158007428878,2.1334699404495807,2.800227640499708,1.7767159895075075,0.2648749546594537,1.3968827957093226,-2.291288342102195,-0.3105429950513825
12.0,145.0,1004.1688232421876,-3.4634988732231853,-4.72539585140278,-1.4363157981073136,2.1334699404495807,2.800227210115245,1.7767159913004014,0.2648749546594537,1.3968828011327494,-2.291288342102195,-0.3105429950951215
12.0,145.0,1004.1688232421876,-3.463498509719704,-4.72539584068214,-1.4363158007428878,2.1334699404495807,2.800227640499708,1.7767159895075075,0.2648749546594537,1.3968827957093226,-2.291288342102195,-0.3105429950513825
12.0,145.0,1004.1688232421876,-3.463503013553671,-4.725395440018096,-1.4363157997362748,2.1334699404495807,2.8002272463284887,1.7767162353002366,0.2648749544500063,1.396884834261789,-2.2911998190071587,-0.310542996998004
12.0,145.0,1004.1688232421876,-3.463498509719704,-4.725395832595966,-1.4363158007428878,2.1334699404495807,2.800227640499708,1.7767159887609432,0.2648749544320222,1.3968827957093226,-2.291288342102195,-0.3105429950508219
12.0,145.0,1004.1688232421876,-3.463498509719704,-4.725395842518416,-1.4363158007428878,2.1334699404495807,2.8002272462449365,1.7767159866898543,0.2648749544497942,1.3968828694576876,-2.291288346902083,-0.3105429944921509
12.0,145.0,1004.1688232421876,-3.4634991607534964,-4.72539584068214,-1.4363158006751582,2.1334699404495807,2.8002272528539685,1.7767159895075075,0.2648749546594537,1.396882627331266,-2.2912883648497697,-0.3105429950513825
12.0,145.0,1004.1688232421876,-3.463498509719704,-4.72539584068214,-1.4363158007428878,2.1334699404495807,2.800227640499708,1.7767159895075075,0.2648749546594537,1.3968827957093226,-2.291288342102195,-0.3105429950513825
12.0,145.0,1004.1688232421876,-3.463502199157473,-4.725385284861874,-1.436315799771619,2.1334699404495807,2.80022790496009,1.776715995870822,0.2648749544358844,1.3968829166100545,-2.291286521257249,-0.3105429950513825
12.0,145.0,1004.1688232421876,-3.463502233497787,-4.72539610642095,-1.436315800730053,2.1334699404495807,2.800227246685723,1.7767159876776917,0.264874954463242,1.3968854004994269,-2.291288346955597,-0.3105429951105465
12.0,145.0,1004.1688232421876,-3.463503923404542,-4.725395800000323,-1.4363158007720644,2.1334699404495807,2.800227277007086,1.7767162353300416,0.2648749544647371,1.3968827957093226,-2.29128836901565,-0.3105429950513825
12.0,145.0,1004.1688232421876,-3.463503013553671,-4.725395440018096,-1.4363157997362748,2.1334699404495807,2.8002272463284887,1.7767162353002366,0.2648749544500063,1.396884834261789,-2.2911998190071587,-0.310542996998004
12.0,145.0,1004.1688232421876,-3.463498509719704,-4.725395862417362,-1.4363158007705843,2.1334699404495807,2.8002272460220667,1.7767159895075075,0.2648749544477963,1.3968827957093226,-2.291290571724605,-0.3105429950513825
12.0,145.0,1004.1688232421876,-3.463503978353161,-4.725395603871957,-1.4363158007478911,2.1334699404495807,2.800227277007086,1.7767162353300416,0.2648749544365486,1.396882802965965,-2.2912884169157293,-0.3105429950513825
12.0,145.0,1004.1688232421876,-3.463503923404542,-4.725395869850984,-1.4363158007720644,2.1334699404495807,2.8002272443564458,1.7767162353300416,0.2648749544483667,1.3968826347046983,-2.291288507553448,-0.3105429950513825
12.0,145.0,1004.1688232421876,-3.463498509719704,-4.72539584068214,-1.4363158007428878,2.1334699404495807,2.800227640499708,1.7767159895075075,0.2648749546594537,1.3968827957093226,-2.291288342102195,-0.3105429950513825
12.0,145.0,1004.1688232421876,-3.463498509719704,-4.725395829629496,-1.4363158007428878,2.1334699404495807,2.800227246331422,1.776715983801472,0.2648749544497884,1.3968827957093226,-2.29128836783335,-0.3105429969842429
12.0,145.0,1004.1688232421876,-3.463498509719704,-4.725395832595966,-1.4363158007428878,2.1334699404495807,2.800227640499708,1.7767159887609432,0.2648749544320222,1.3968827957093226,-2.291288342102195,-0.3105429950508219
12.0,145.0,1004.1688232421876,-3.463498876426496,-4.72539585140278,-1.4363157981073136,2.1334699404495807,2.800227257188465,1.7767159896096365,0.2648749546594537,1.3968828011327494,-2.2912883626812106,-0.3105429950951215
12.0,145.0,1004.1688232421876,-3.463498509719704,-4.72539584068214,-1.4363158007428878,2.1334699404495807,2.800227640499708,1.7767159895075075,0.2648749546594537,1.3968827957093226,-2.291288342102195,-0.3105429950513825
12.0,145.0,1004.1688232421876,-3.463503729570575,-4.7253954510707405,-1.4363157998690306,2.1334699404495807,2.800227249367508,1.776716230156169,0.2648749544500063,1.396884834261789,-2.2912861796857964,-0.3105429950625833
12.0,145.0,1004.1688232421876,-3.463502225910681,-4.72539612088748,-1.43631580073003,2.1334699404495807,2.800227246685723,1.776716246171831,0.2648749544631926,1.3968854004994269,-2.291288346955597,-0.3105429951105465
12.0,145.0,1004.1688232421876,-3.463503978353161,-4.725395603871957,-1.4363158007478911,2.1334699404495807,2.8002272482834405,1.7767162353300416,0.2648749544643329,1.396884838020187,-2.291288375524981,-0.3105429969489507
12.0,145.0,1004.1688232421876,-3.463503727439461,-4.725395868253633,-1.4363157981073136,2.1334699404495807,2.800227210115245,1.776715978304317,0.2648749544528785,1.3968828066584236,-2.2912882871323634,-0.31054299701841
12.0,145.0,1004.1688232421876,-3.46350302987032,-4.725395440018096,-1.4363157997273472,2.1334699404495807,2.8002272463284887,1.776716230156169,0.2648749544500063,1.396884834261789,-2.291286200617064,-0.3105429969952608
12.0,145.0,1004.1688232421876,-3.463498509719704,-4.725395829629496,-1.4363158007428878,2.1334699404495807,2.800227246331422,1.776715983801472,0.2648749544497884,1.3968827958636685,-2.2912883684343672,-0.3105429969842429
12.0,145.0,1004.1688232421876,-3.463503923404542,-4.725394729740312,-1.43631580075722,2.1334699404495807,2.8002272443564458,1.7767162434028283,0.2648749544354976,1.3968826347046983,-2.2912862029755874,-0.3105429950513825
12.0,145.0,1004.1688232421876,-3.463503013553671,-4.725395440018096,-1.4363157997362748,2.1334699404495807,2.800227254551092,1.7767162428992715,0.2648749544500063,1.3968847244132605,-2.291284825909188,-0.3105429970462828
12.0,145.0,1004.1688232421876,-3.4634991607534964,-4.72539584068214,-1.4363158006751582,2.1334699404495807,2.8002272528539685,1.7767159895075075,0.2648749546594537,1.396882627331266,-2.2912883648497697,-0.3105429950513825
12.0,145.0,1004.1688232421876,-3.463498509719704,-4.72539584068214,-1.4363158007428878,2.1334699404495807,2.800227632084607,1.776715988721763,0.2648749544497884,1.3968827957093226,-2.2912883421307644,-0.3105429950513825
12.0,145.0,1004.1688232421876,-3.463498509719704,-4.725395598962863,-1.4363158007428878,2.1334699404495807,2.800227640719127,1.7767159895075075,0.2648749546594537,1.3968827957093226,-2.291288342102195,-0.3105429950513825
12.0,145.0,1004.1688232421876,-3.463498509719704,-4.72539584068214,-1.4363158007428878,2.1334699404495807,2.800227640499708,1.7767159895075075,0.2648749546594537,1.3968827957093226,-2.291288342102195,-0.3105429950513825
12.0,145.0,1004.1688232421876,-3.46350234122566,-4.725395936762113,-1.4363158006193664,2.1334699404495807,2.800227640499708,1.7767159895075075,0.2648749546584542,1.3968827957093226,-2.2912094844801016,-0.3105429950513825
12.0,145.0,1004.1688232421876,-3.463498509719704,-4.72539584068214,-1.4363158007428878,2.1334699404495807,2.800227249370441,1.776715983801472,0.2648749544497884,1.3968827957093226,-2.291288346902083,-0.3105429950513825
12.0,145.0,1004.1688232421876,-3.463503521898381,-4.72539584068214,-1.4363158007428878,2.1334699404495807,2.800227640499708,1.7767159957412606,0.2648749544404716,1.396882628544033,-2.29128850780801,-0.3105429950513825
12.0,145.0,1004.1688232421876,-3.463502233497787,-4.725395430939897,-1.436315800730053,2.1334699404495807,2.800227246685723,1.7767162282142936,0.264874954463242,1.3968854004994269,-2.291288432531727,-0.3105429951105465
12.0,145.0,1004.1688232421876,-3.463498509719704,-4.725395832595966,-1.4363158007428878,2.1334699404495807,2.800227640499708,1.7767159887609432,0.2648749544320222,1.3968827957093226,-2.291288342102195,-0.3105429950508219
12.0,146.0,1004.1688232421876,-3.463498509719704,-4.72539584068214,-1.4363158007428878,2.1334699404495807,2.800227640499708,1.7767159895075075,0.2648749546594537,1.3968827957093226,-2.291288342102195,-0.3105429950513825
12.0,146.0,1004.1688232421876,-3.463498509719704,-4.72539584068214,-1.4363158007428878,2.1334699404495807,2.800227640499708,1.7767159895075075,0.2648749546594537,1.3968827957093226,-2.291288342102195,-0.3105429950513825
12.0,146.0,1004.1688232421876,-3.463498509719704,-4.72539584068214,-1.4363158007428878,2.1334699404495807,2.800227640499708,1.7767159895075075,0.2648749546594537,1.3968827957093226,-2.291288342102195,-0.3105429950513825
12.0,146.0,1004.1688232421876,-3.463503013553671,-4.725395440018096,-1.4363157997362748,2.1334699404495807,2.8002272463284887,1.7767162353002366,0.2648749544500063,1.396884834261789,-2.2911998190071587,-0.310542996998004
12.0,146.0,1004.1688232421876,-3.463502287945866,-4.725395943048072,-1.4363157997785392,2.1334699404495807,2.800227246543757,1.7767162307917943,0.264874954463242,1.396884834261789,-2.291210480458352,-0.3105429970424978
12.0,146.0,1004.1688232421876,-3.463498509719704,-4.72539584068214,-1.4363158007428878,2.1334699404495807,2.800227249370441,1.776715983801472,0.2648749544497884,1.3968827957093226,-2.291288346902083,-0.3105429950513825
12.0,146.0,1004.1688232421876,-3.463503013553671,-4.725395440018096,-1.4363157997362748,2.1334699404495807,2.8002272463284887,1.7767162353002366,0.2648749544500063,1.396884834261789,-2.2911998190071587,-0.310542996998004
12.0,146.0,1004.1688232421876,-3.463503729570575,-4.725395440018096,-1.4363157998690306,2.1334699404495807,2.8002272463284887,1.776716230156169,0.2648749544500063,1.396884834261789,-2.291286200617064,-0.3105429969954437
12.0,146.0,1004.1688232421876,-3.463498509719704,-4.72539584068214,-1.4363158007428878,2.1334699404495807,2.800227249370441,1.776715983801472,0.2648749544497884,1.3968827957093226,-2.291288346902083,-0.3105429950513825
12.0,146.0,1004.1688232421876,-3.463498509719704,-4.72539584068214,-1.4363158007428878,2.1334699404495807,2.800227640499708,1.7767159895075075,0.2648749546594537,1.3968827957093226,-2.291288342102195,-0.3105429950513825
12.0,146.0,1004.1688232421876,-3.463498509719704,-4.725395842518416,-1.4363158007428878,2.1334699404495807,2.8002272462449365,1.776715983801472,0.2648749544497942,1.3968829241919,-2.291288346902083,-0.3105429950514641
12.0,146.0,1004.1688232421876,-3.463498509719704,-4.725396457353329,-1.4363158007428878,2.1334699404495807,2.800227640499708,1.7767159839592763,0.2648749546594537,1.3968827957093226,-2.291286799718101,-0.3105429938616547
12.0,146.0,1004.1688232421876,-3.463502233497787,-4.72539610642095,-1.436315799782351,2.1334699404495807,2.800227246543757,1.7767162307917943,0.264874954463242,1.396884834261789,-2.291288378715251,-0.3105429970298286
12.0,146.0,1004.1688232421876,-3.463498509719704,-4.72539584068214,-1.4363158007428878,2.1334699404495807,2.800227640499708,1.7767159895075075,0.2648749546594537,1.3968827957093226,-2.291288342102195,-0.3105429950513825
12.0,146.0,1004.1688232421876,-3.4634988732231853,-4.72539585140278,-1.4363157981073136,2.1334699404495807,2.800227210115245,1.7767159913004014,0.2648749546594537,1.3968828011327494,-2.291288342102195,-0.3105429950951215
12.0,146.0,1004.1688232421876,-3.463498509719704,-4.72539584068214,-1.4363158007428878,2.1334699404495807,2.800227640499708,1.7767159895075075,0.2648749546594537,1.3968827957093226,-2.291288342102195,-0.3105429950513825
12.0,146.0,1004.1688232421876,-3.463503013553671,-4.725395440018096,-1.4363157997362748,2.1334699404495807,2.8002272463284887,1.7767162353002366,0.2648749544500063,1.396884834261789,-2.2911998190071587,-0.310542996998004
12.0,146.0,1004.1688232421876,-3.463498509719704,-4.725395832595966,-1.4363158007428878,2.1334699404495807,2.800227640499708,1.7767159887609432,0.2648749544320222,1.3968827957093226,-2.291288342102195,-0.3105429950508219
12.0,146.0,1004.1688232421876,-3.463498509719704,-4.725395842518416,-1.4363158007428878,2.1334699404495807,2.8002272462449365,1.7767159866898543,0.2648749544497942,1.3968828694576876,-2.291288346902083,-0.3105429944921509
12.0,146.0,1004.1688232421876,-3.4634991607534964,-4.72539584068214,-1.4363158006751582,2.1334699404495807,2.8002272528539685,1.7767159895075075,0.2648749546594537,1.396882627331266,-2.2912883648497697,-0.3105429950513825
12.0,146.0,1004.1688232421876,-3.463498509719704,-4.72539584068214,-1.4363158007428878,2.1334699404495807,2.800227640499708,1.7767159895075075,0.2648749546594537,1.3968827957093226,-2.291288342102195,-0.3105429950513825
12.0,146.0,1004.1688232421876,-3.463502199157473,-4.725385284861874,-1.436315799771619,2.1334699404495807,2.80022790496009,1.776715995870822,0.2648749544358844,1.3968829166100545,-2.291286521257249,-0.3105429950513825
12.0,146.0,1004.1688232421876,-3.463502233497787,-4.72539610642095,-1.436315800730053,2.1334699404495807,2.800227246685723,1.7767159876776917,0.264874954463242,1.3968854004994269,-2.291288346955597,-0.3105429951105465
12.0,146.0,1004.1688232421876,-3.463503923404542,-4.725395800000323,-1.4363158007720644,2.1334699404495807,2.800227277007086,1.7767162353300416,0.2648749544647371,1.3968827957093226,-2.29128836901565,-0.3105429950513825
12.0,146.0,1004.1688232421876,-3.463503013553671,-4.725395440018096,-1.4363157997362748,2.1334699404495807,2.8002272463284887,1.7767162353002366,0.2648749544500063,1.396884834261789,-2.2911998190071587,-0.310542996998004
12.0,146.0,1004.1688232421876,-3.463498509719704,-4.725395862417362,-1.4363158007705843,2.1334699404495807,2.8002272460220667,1.7767159895075075,0.2648749544477963,1.3968827957093226,-2.291290571724605,-0.3105429950513825
12.0,146.0,1004.1688232421876,-3.463503978353161,-4.725395603871957,-1.4363158007478911,2.1334699404495807,2.800227277007086,1.7767162353300416,0.2648749544365486,1.396882802965965,-2.2912884169157293,-0.3105429950513825
12.0,146.0,1004.1688232421876,-3.463503923404542,-4.725395869850984,-1.4363158007720644,2.1334699404495807,2.8002272443564458,1.7767162353300416,0.2648749544483667,1.3968826347046983,-2.291288507553448,-0.3105429950513825
12.0,146.0,1004.1688232421876,-3.463498509719704,-4.72539584068214,-1.4363158007428878,2.1334699404495807,2.800227640499708,1.7767159895075075,0.2648749546594537,1.3968827957093226,-2.291288342102195,-0.3105429950513825
12.0,146.0,1004.1688232421876,-3.463498509719704,-4.725395829629496,-1.4363158007428878,2.1334699404495807,2.800227246331422,1.776715983801472,0.2648749544497884,1.3968827957093226,-2.29128836783335,-0.3105429969842429
12.0,146.0,1004.1688232421876,-3.463498509719704,-4.725395832595966,-1.4363158007428878,2.1334699404495807,2.800227640499708,1.7767159887609432,0.2648749544320222,1.3968827957093226,-2.291288342102195,-0.3105429950508219
12.0,146.0,1004.1688232421876,-3.463498876426496,-4.72539585140278,-1.4363157981073136,2.1334699404495807,2.800227257188465,1.7767159896096365,0.2648749546594537,1.3968828011327494,-2.2912883626812106,-0.3105429950951215
12.0,146.0,1004.1688232421876,-3.463498509719704,-4.72539584068214,-1.4363158007428878,2.1334699404495807,2.800227640499708,1.7767159895075075,0.2648749546594537,1.3968827957093226,-2.291288342102195,-0.3105429950513825
12.0,146.0,1004.1688232421876,-3.463503729570575,-4.7253954510707405,-1.4363157998690306,2.1334699404495807,2.800227249367508,1.776716230156169,0.2648749544500063,1.396884834261789,-2.2912861796857964,-0.3105429950625833
12.0,146.0,1004.1688232421876,-3.463502225910681,-4.72539612088748,-1.43631580073003,2.1334699404495807,2.800227246685723,1.776716246171831,0.2648749544631926,1.3968854004994269,-2.291288346955597,-0.3105429951105465
12.0,146.0,1004.1688232421876,-3.463503978353161,-4.725395603871957,-1.4363158007478911,2.1334699404495807,2.8002272482834405,1.7767162353300416,0.2648749544643329,1.396884838020187,-2.291288375524981,-0.3105429969489507
12.0,146.0,1004.1688232421876,-3.463503727439461,-4.725395868253633,-1.4363157981073136,2.1334699404495807,2.800227210115245,1.776715978304317,0.2648749544528785,1.3968828066584236,-2.2912882871323634,-0.31054299701841
12.0,146.0,1004.1688232421876,-3.46350302987032,-4.725395440018096,-1.4363157997273472,2.1334699404495807,2.8002272463284887,1.776716230156169,0.2648749544500063,1.396884834261789,-2.291286200617064,-0.3105429969952608
12.0,146.0,1004.1688232421876,-3.463498509719704,-4.725395829629496,-1.4363158007428878,2.1334699404495807,2.800227246331422,1.776715983801472,0.2648749544497884,1.3968827958636685,-2.2912883684343672,-0.3105429969842429
12.0,146.0,1004.1688232421876,-3.463503923404542,-4.725394729740312,-1.43631580075722,2.1334699404495807,2.8002272443564458,1.7767162434028283,0.2648749544354976,1.3968826347046983,-2.2912862029755874,-0.3105429950513825
12.0,146.0,1004.1688232421876,-3.463503013553671,-4.725395440018096,-1.4363157997362748,2.1334699404495807,2.800227254551092,1.7767162428992715,0.2648749544500063,1.3968847244132605,-2.291284825909188,-0.3105429970462828
12.0,146.0,1004.1688232421876,-3.4634991607534964,-4.72539584068214,-1.4363158006751582,2.1334699404495807,2.8002272528539685,1.7767159895075075,0.2648749546594537,1.396882627331266,-2.2912883648497697,-0.3105429950513825
12.0,146.0,1004.1688232421876,-3.463498509719704,-4.72539584068214,-1.4363158007428878,2.1334699404495807,2.800227632084607,1.776715988721763,0.2648749544497884,1.3968827957093226,-2.2912883421307644,-0.3105429950513825
12.0,146.0,1004.1688232421876,-3.463498509719704,-4.725395598962863,-1.4363158007428878,2.1334699404495807,2.800227640719127,1.7767159895075075,0.2648749546594537,1.3968827957093226,-2.291288342102195,-0.3105429950513825
12.0,146.0,1004.1688232421876,-3.463498509719704,-4.72539584068214,-1.4363158007428878,2.1334699404495807,2.800227640499708,1.7767159895075075,0.2648749546594537,1.3968827957093226,-2.291288342102195,-0.3105429950513825
12.0,146.0,1004.1688232421876,-3.46350234122566,-4.725395936762113,-1.4363158006193664,2.1334699404495807,2.800227640499708,1.7767159895075075,0.2648749546584542,1.3968827957093226,-2.2912094844801016,-0.3105429950513825
12.0,146.0,1004.1688232421876,-3.463498509719704,-4.72539584068214,-1.4363158007428878,2.1334699404495807,2.800227249370441,1.776715983801472,0.2648749544497884,1.3968827957093226,-2.291288346902083,-0.3105429950513825
12.0,146.0,1004.1688232421876,-3.463503521898381,-4.72539584068214,-1.4363158007428878,2.1334699404495807,2.800227640499708,1.7767159957412606,0.2648749544404716,1.396882628544033,-2.29128850780801,-0.3105429950513825
12.0,146.0,1004.1688232421876,-3.463502233497787,-4.725395430939897,-1.436315800730053,2.1334699404495807,2.800227246685723,1.7767162282142936,0.264874954463242,1.3968854004994269,-2.291288432531727,-0.3105429951105465
12.0,146.0,1004.1688232421876,-3.463498509719704,-4.725395832595966,-1.4363158007428878,2.1334699404495807,2.800227640499708,1.7767159887609432,0.2648749544320222,1.3968827957093226,-2.291288342102195,-0.3105429950508219
12.0,147.0,1004.1685180664062,-3.463539158034158,-4.725395832595966,-1.4363158007428878,2.1334699404495807,2.800227640499708,1.7767159887609432,0.2648749546603997,1.3968827957093226,-2.2912868373530872,-0.3105429950266747
12.0,147.0,1004.1688232421876,-3.463498509719704,-4.72539584068214,-1.4363158007428878,2.1334699404495807,2.800227640499708,1.7767159895075075,0.2648749546594537,1.3968827957093226,-2.291288342102195,-0.3105429950513825
12.0,147.0,1004.1688232421876,-3.463498509719704,-4.72539584068214,-1.4363158007428878,2.1334699404495807,2.800227640499708,1.7767159895075075,0.2648749546594537,1.3968827957093226,-2.291288342102195,-0.3105429950513825
12.0,147.0,1004.1688232421876,-3.463498509719704,-4.72539584068214,-1.4363158007428878,2.1334699404495807,2.800227640499708,1.7767159895075075,0.2648749546594537,1.3968827957093226,-2.291288342102195,-0.3105429950513825
12.0,147.0,1004.1688232421876,-3.463503013553671,-4.725395440018096,-1.4363157997362748,2.1334699404495807,2.8002272463284887,1.7767162353002366,0.2648749544500063,1.396884834261789,-2.2911998190071587,-0.310542996998004
12.0,147.0,1004.1688232421876,-3.463502287945866,-4.725395943048072,-1.4363157997785392,2.1334699404495807,2.800227246543757,1.7767162307917943,0.264874954463242,1.396884834261789,-2.291210480458352,-0.3105429970424978
12.0,147.0,1004.1688232421876,-3.463498509719704,-4.72539584068214,-1.4363158007428878,2.1334699404495807,2.800227249370441,1.776715983801472,0.2648749544497884,1.3968827957093226,-2.291288346902083,-0.3105429950513825
12.0,147.0,1004.1688232421876,-3.463503013553671,-4.725395440018096,-1.4363157997362748,2.1334699404495807,2.8002272463284887,1.7767162353002366,0.2648749544500063,1.396884834261789,-2.2911998190071587,-0.310542996998004
12.0,147.0,1004.1688232421876,-3.463503729570575,-4.725395440018096,-1.4363157998690306,2.1334699404495807,2.8002272463284887,1.776716230156169,0.2648749544500063,1.396884834261789,-2.291286200617064,-0.3105429969954437
12.0,147.0,1004.1688232421876,-3.463498509719704,-4.72539584068214,-1.4363158007428878,2.1334699404495807,2.800227249370441,1.776715983801472,0.2648749544497884,1.3968827957093226,-2.291288346902083,-0.3105429950513825
12.0,147.0,1004.1688232421876,-3.463498509719704,-4.72539584068214,-1.4363158007428878,2.1334699404495807,2.800227640499708,1.7767159895075075,0.2648749546594537,1.3968827957093226,-2.291288342102195,-0.3105429950513825
12.0,147.0,1004.1688232421876,-3.463498509719704,-4.725395842518416,-1.4363158007428878,2.1334699404495807,2.8002272462449365,1.776715983801472,0.2648749544497942,1.3968829241919,-2.291288346902083,-0.3105429950514641
12.0,147.0,1004.1688232421876,-3.463498509719704,-4.725396457353329,-1.4363158007428878,2.1334699404495807,2.800227640499708,1.7767159839592763,0.2648749546594537,1.3968827957093226,-2.291286799718101,-0.3105429938616547
12.0,147.0,1004.1688232421876,-3.463502233497787,-4.72539610642095,-1.436315799782351,2.1334699404495807,2.800227246543757,1.7767162307917943,0.264874954463242,1.396884834261789,-2.291288378715251,-0.3105429970298286
12.0,147.0,1004.1688232421876,-3.463498509719704,-4.72539584068214,-1.4363158007428878,2.1334699404495807,2.800227640499708,1.7767159895075075,0.2648749546594537,1.3968827957093226,-2.291288342102195,-0.3105429950513825
12.0,147.0,1004.1688232421876,-3.4634988732231853,-4.72539585140278,-1.4363157981073136,2.1334699404495807,2.800227210115245,1.7767159913004014,0.2648749546594537,1.3968828011327494,-2.291288342102195,-0.3105429950951215
12.0,147.0,1004.1688232421876,-3.463498509719704,-4.72539584068214,-1.4363158007428878,2.1334699404495807,2.800227640499708,1.7767159895075075,0.2648749546594537,1.3968827957093226,-2.291288342102195,-0.3105429950513825
12.0,147.0,1004.1688232421876,-3.463503013553671,-4.725395440018096,-1.4363157997362748,2.1334699404495807,2.8002272463284887,1.7767162353002366,0.2648749544500063,1.396884834261789,-2.2911998190071587,-0.310542996998004
12.0,147.0,1004.1688232421876,-3.463498509719704,-4.725395832595966,-1.4363158007428878,2.1334699404495807,2.800227640499708,1.7767159887609432,0.2648749544320222,1.3968827957093226,-2.291288342102195,-0.3105429950508219
12.0,147.0,1004.1688232421876,-3.463498509719704,-4.725395842518416,-1.4363158007428878,2.1334699404495807,2.8002272462449365,1.7767159866898543,0.2648749544497942,1.3968828694576876,-2.291288346902083,-0.3105429944921509
12.0,147.0,1004.1688232421876,-3.4634991607534964,-4.72539584068214,-1.4363158006751582,2.1334699404495807,2.8002272528539685,1.7767159895075075,0.2648749546594537,1.396882627331266,-2.2912883648497697,-0.3105429950513825
12.0,147.0,1004.1688232421876,-3.463498509719704,-4.72539584068214,-1.4363158007428878,2.1334699404495807,2.800227640499708,1.7767159895075075,0.2648749546594537,1.3968827957093226,-2.291288342102195,-0.3105429950513825
12.0,147.0,1004.1688232421876,-3.463502199157473,-4.725385284861874,-1.436315799771619,2.1334699404495807,2.80022790496009,1.776715995870822,0.2648749544358844,1.3968829166100545,-2.291286521257249,-0.3105429950513825
12.0,147.0,1004.1688232421876,-3.463502233497787,-4.72539610642095,-1.436315800730053,2.1334699404495807,2.800227246685723,1.7767159876776917,0.264874954463242,1.3968854004994269,-2.291288346955597,-0.3105429951105465
12.0,147.0,1004.1688232421876,-3.463503923404542,-4.725395800000323,-1.4363158007720644,2.1334699404495807,2.800227277007086,1.7767162353300416,0.2648749544647371,1.3968827957093226,-2.29128836901565,-0.3105429950513825
12.0,147.0,1004.1688232421876,-3.463503013553671,-4.725395440018096,-1.4363157997362748,2.1334699404495807,2.8002272463284887,1.7767162353002366,0.2648749544500063,1.396884834261789,-2.2911998190071587,-0.310542996998004
12.0,147.0,1004.1688232421876,-3.463498509719704,-4.725395862417362,-1.4363158007705843,2.1334699404495807,2.8002272460220667,1.7767159895075075,0.2648749544477963,1.3968827957093226,-2.291290571724605,-0.3105429950513825
12.0,147.0,1004.1688232421876,-3.463503978353161,-4.725395603871957,-1.4363158007478911,2.1334699404495807,2.800227277007086,1.7767162353300416,0.2648749544365486,1.396882802965965,-2.2912884169157293,-0.3105429950513825
12.0,147.0,1004.1688232421876,-3.463503923404542,-4.725395869850984,-1.4363158007720644,2.1334699404495807,2.8002272443564458,1.7767162353300416,0.2648749544483667,1.3968826347046983,-2.291288507553448,-0.3105429950513825
12.0,147.0,1004.1688232421876,-3.463498509719704,-4.72539584068214,-1.4363158007428878,2.1334699404495807,2.800227640499708,1.7767159895075075,0.2648749546594537,1.3968827957093226,-2.291288342102195,-0.3105429950513825
12.0,147.0,1004.1688232421876,-3.463498509719704,-4.725395829629496,-1.4363158007428878,2.1334699404495807,2.800227246331422,1.776715983801472,0.2648749544497884,1.3968827957093226,-2.29128836783335,-0.3105429969842429
12.0,147.0,1004.1688232421876,-3.463498509719704,-4.725395832595966,-1.4363158007428878,2.1334699404495807,2.800227640499708,1.7767159887609432,0.2648749544320222,1.3968827957093226,-2.291288342102195,-0.3105429950508219
12.0,147.0,1004.1688232421876,-3.463498876426496,-4.72539585140278,-1.4363157981073136,2.1334699404495807,2.800227257188465,1.7767159896096365,0.2648749546594537,1.3968828011327494,-2.2912883626812106,-0.3105429950951215
12.0,147.0,1004.1688232421876,-3.463498509719704,-4.72539584068214,-1.4363158007428878,2.1334699404495807,2.800227640499708,1.7767159895075075,0.2648749546594537,1.3968827957093226,-2.291288342102195,-0.3105429950513825
12.0,147.0,1004.1688232421876,-3.463503729570575,-4.7253954510707405,-1.4363157998690306,2.1334699404495807,2.800227249367508,1.776716230156169,0.2648749544500063,1.396884834261789,-2.2912861796857964,-0.3105429950625833
12.0,147.0,1004.1688232421876,-3.463502225910681,-4.72539612088748,-1.43631580073003,2.1334699404495807,2.800227246685723,1.776716246171831,0.2648749544631926,1.3968854004994269,-2.291288346955597,-0.3105429951105465
12.0,147.0,1004.1688232421876,-3.463503978353161,-4.725395603871957,-1.4363158007478911,2.1334699404495807,2.8002272482834405,1.7767162353300416,0.2648749544643329,1.396884838020187,-2.291288375524981,-0.3105429969489507
12.0,147.0,1004.1688232421876,-3.463503727439461,-4.725395868253633,-1.4363157981073136,2.1334699404495807,2.800227210115245,1.776715978304317,0.2648749544528785,1.3968828066584236,-2.2912882871323634,-0.31054299701841
12.0,147.0,1004.1688232421876,-3.46350302987032,-4.725395440018096,-1.4363157997273472,2.1334699404495807,2.8002272463284887,1.776716230156169,0.2648749544500063,1.396884834261789,-2.291286200617064,-0.3105429969952608
12.0,147.0,1004.1688232421876,-3.463498509719704,-4.725395829629496,-1.4363158007428878,2.1334699404495807,2.800227246331422,1.776715983801472,0.2648749544497884,1.3968827958636685,-2.2912883684343672,-0.3105429969842429
12.0,147.0,1004.1688232421876,-3.463503923404542,-4.725394729740312,-1.43631580075722,2.1334699404495807,2.8002272443564458,1.7767162434028283,0.2648749544354976,1.3968826347046983,-2.2912862029755874,-0.3105429950513825
12.0,147.0,1004.1688232421876,-3.463503013553671,-4.725395440018096,-1.4363157997362748,2.1334699404495807,2.800227254551092,1.7767162428992715,0.2648749544500063,1.3968847244132605,-2.291284825909188,-0.3105429970462828
12.0,147.0,1004.1688232421876,-3.4634991607534964,-4.72539584068214,-1.4363158006751582,2.1334699404495807,2.8002272528539685,1.7767159895075075,0.2648749546594537,1.396882627331266,-2.2912883648497697,-0.3105429950513825
12.0,147.0,1004.1688232421876,-3.463498509719704,-4.72539584068214,-1.4363158007428878,2.1334699404495807,2.800227632084607,1.776715988721763,0.2648749544497884,1.3968827957093226,-2.2912883421307644,-0.3105429950513825
12.0,147.0,1004.1688232421876,-3.463498509719704,-4.725395598962863,-1.4363158007428878,2.1334699404495807,2.800227640719127,1.7767159895075075,0.2648749546594537,1.3968827957093226,-2.291288342102195,-0.3105429950513825
12.0,147.0,1004.1688232421876,-3.463498509719704,-4.72539584068214,-1.4363158007428878,2.1334699404495807,2.800227640499708,1.7767159895075075,0.2648749546594537,1.3968827957093226,-2.291288342102195,-0.3105429950513825
12.0,147.0,1004.1688232421876,-3.46350234122566,-4.725395936762113,-1.4363158006193664,2.1334699404495807,2.800227640499708,1.7767159895075075,0.2648749546584542,1.3968827957093226,-2.2912094844801016,-0.3105429950513825
12.0,147.0,1004.1688232421876,-3.463498509719704,-4.72539584068214,-1.4363158007428878,2.1334699404495807,2.800227249370441,1.776715983801472,0.2648749544497884,1.3968827957093226,-2.291288346902083,-0.3105429950513825
12.0,147.0,1004.1688232421876,-3.463503521898381,-4.72539584068214,-1.4363158007428878,2.1334699404495807,2.800227640499708,1.7767159957412606,0.2648749544404716,1.396882628544033,-2.29128850780801,-0.3105429950513825
12.0,147.0,1004.1688232421876,-3.463502233497787,-4.725395430939897,-1.436315800730053,2.1334699404495807,2.800227246685723,1.7767162282142936,0.264874954463242,1.3968854004994269,-2.291288432531727,-0.3105429951105465
12.0,148.0,1004.1685180664062,-3.463539158034158,-4.725395832595966,-1.4363158007428878,2.1334699404495807,2.800227640499708,1.7767159887609432,0.2648749546603997,1.3968827957093226,-2.2912868373530872,-0.3105429950266747
12.0,148.0,1004.1688232421876,-3.463498509719704,-4.72539584068214,-1.4363158007428878,2.1334699404495807,2.800227640499708,1.7767159895075075,0.2648749546594537,1.3968827957093226,-2.291288342102195,-0.3105429950513825
12.0,148.0,1004.1688232421876,-3.463498509719704,-4.72539584068214,-1.4363158007428878,2.1334699404495807,2.800227640499708,1.7767159895075075,0.2648749546594537,1.3968827957093226,-2.291288342102195,-0.3105429950513825
12.0,148.0,1004.1688232421876,-3.463498509719704,-4.72539584068214,-1.4363158007428878,2.1334699404495807,2.800227640499708,1.7767159895075075,0.2648749546594537,1.3968827957093226,-2.291288342102195,-0.3105429950513825
12.0,148.0,1004.1688232421876,-3.463503013553671,-4.725395440018096,-1.4363157997362748,2.1334699404495807,2.8002272463284887,1.7767162353002366,0.2648749544500063,1.396884834261789,-2.2911998190071587,-0.310542996998004
12.0,148.0,1004.1688232421876,-3.463502287945866,-4.725395943048072,-1.4363157997785392,2.1334699404495807,2.800227246543757,1.7767162307917943,0.264874954463242,1.396884834261789,-2.291210480458352,-0.3105429970424978
12.0,148.0,1004.1688232421876,-3.463498509719704,-4.72539584068214,-1.4363158007428878,2.1334699404495807,2.800227249370441,1.776715983801472,0.2648749544497884,1.3968827957093226,-2.291288346902083,-0.3105429950513825
12.0,148.0,1004.1688232421876,-3.463503013553671,-4.725395440018096,-1.4363157997362748,2.1334699404495807,2.8002272463284887,1.7767162353002366,0.2648749544500063,1.396884834261789,-2.2911998190071587,-0.310542996998004
12.0,148.0,1004.1688232421876,-3.463503729570575,-4.725395440018096,-1.4363157998690306,2.1334699404495807,2.8002272463284887,1.776716230156169,0.2648749544500063,1.396884834261789,-2.291286200617064,-0.3105429969954437
12.0,148.0,1004.1688232421876,-3.463498509719704,-4.72539584068214,-1.4363158007428878,2.1334699404495807,2.800227249370441,1.776715983801472,0.2648749544497884,1.3968827957093226,-2.291288346902083,-0.3105429950513825
12.0,148.0,1004.1688232421876,-3.463498509719704,-4.72539584068214,-1.4363158007428878,2.1334699404495807,2.800227640499708,1.7767159895075075,0.2648749546594537,1.3968827957093226,-2.291288342102195,-0.3105429950513825
12.0,148.0,1004.1688232421876,-3.463498509719704,-4.725395842518416,-1.4363158007428878,2.1334699404495807,2.8002272462449365,1.776715983801472,0.2648749544497942,1.3968829241919,-2.291288346902083,-0.3105429950514641
12.0,148.0,1004.1688232421876,-3.463498509719704,-4.725396457353329,-1.4363158007428878,2.1334699404495807,2.800227640499708,1.7767159839592763,0.2648749546594537,1.3968827957093226,-2.291286799718101,-0.3105429938616547
12.0,148.0,1004.1688232421876,-3.463502233497787,-4.72539610642095,-1.436315799782351,2.1334699404495807,2.800227246543757,1.7767162307917943,0.264874954463242,1.396884834261789,-2.291288378715251,-0.3105429970298286
12.0,148.0,1004.1688232421876,-3.463498509719704,-4.72539584068214,-1.4363158007428878,2.1334699404495807,2.800227640499708,1.7767159895075075,0.2648749546594537,1.3968827957093226,-2.291288342102195,-0.3105429950513825
12.0,148.0,1004.1688232421876,-3.4634988732231853,-4.72539585140278,-1.4363157981073136,2.1334699404495807,2.800227210115245,1.7767159913004014,0.2648749546594537,1.3968828011327494,-2.291288342102195,-0.3105429950951215
12.0,148.0,1004.1688232421876,-3.463498509719704,-4.72539584068214,-1.4363158007428878,2.1334699404495807,2.800227640499708,1.7767159895075075,0.2648749546594537,1.3968827957093226,-2.291288342102195,-0.3105429950513825
12.0,148.0,1004.1688232421876,-3.463503013553671,-4.725395440018096,-1.4363157997362748,2.1334699404495807,2.8002272463284887,1.7767162353002366,0.2648749544500063,1.396884834261789,-2.2911998190071587,-0.310542996998004
12.0,148.0,1004.1688232421876,-3.463498509719704,-4.725395832595966,-1.4363158007428878,2.1334699404495807,2.800227640499708,1.7767159887609432,0.2648749544320222,1.3968827957093226,-2.291288342102195,-0.3105429950508219
12.0,148.0,1004.1688232421876,-3.463498509719704,-4.725395842518416,-1.4363158007428878,2.1334699404495807,2.8002272462449365,1.7767159866898543,0.2648749544497942,1.3968828694576876,-2.291288346902083,-0.3105429944921509
12.0,148.0,1004.1688232421876,-3.4634991607534964,-4.72539584068214,-1.4363158006751582,2.1334699404495807,2.8002272528539685,1.7767159895075075,0.2648749546594537,1.396882627331266,-2.2912883648497697,-0.3105429950513825
12.0,148.0,1004.1688232421876,-3.463498509719704,-4.72539584068214,-1.4363158007428878,2.1334699404495807,2.800227640499708,1.7767159895075075,0.2648749546594537,1.3968827957093226,-2.291288342102195,-0.3105429950513825
12.0,148.0,1004.1688232421876,-3.463502199157473,-4.725385284861874,-1.436315799771619,2.1334699404495807,2.80022790496009,1.776715995870822,0.2648749544358844,1.3968829166100545,-2.291286521257249,-0.3105429950513825
12.0,148.0,1004.1688232421876,-3.463502233497787,-4.72539610642095,-1.436315800730053,2.1334699404495807,2.800227246685723,1.7767159876776917,0.264874954463242,1.3968854004994269,-2.291288346955597,-0.3105429951105465
12.0,148.0,1004.1688232421876,-3.463503923404542,-4.725395800000323,-1.4363158007720644,2.1334699404495807,2.800227277007086,1.7767162353300416,0.2648749544647371,1.3968827957093226,-2.29128836901565,-0.3105429950513825
12.0,148.0,1004.1688232421876,-3.463503013553671,-4.725395440018096,-1.4363157997362748,2.1334699404495807,2.8002272463284887,1.7767162353002366,0.2648749544500063,1.396884834261789,-2.2911998190071587,-0.310542996998004
12.0,148.0,1004.1688232421876,-3.463498509719704,-4.725395862417362,-1.4363158007705843,2.1334699404495807,2.8002272460220667,1.7767159895075075,0.2648749544477963,1.3968827957093226,-2.291290571724605,-0.3105429950513825
12.0,148.0,1004.1688232421876,-3.463503978353161,-4.725395603871957,-1.4363158007478911,2.1334699404495807,2.800227277007086,1.7767162353300416,0.2648749544365486,1.396882802965965,-2.2912884169157293,-0.3105429950513825
12.0,148.0,1004.1688232421876,-3.463503923404542,-4.725395869850984,-1.4363158007720644,2.1334699404495807,2.8002272443564458,1.7767162353300416,0.2648749544483667,1.3968826347046983,-2.291288507553448,-0.3105429950513825
12.0,148.0,1004.1688232421876,-3.463498509719704,-4.72539584068214,-1.4363158007428878,2.1334699404495807,2.800227640499708,1.7767159895075075,0.2648749546594537,1.3968827957093226,-2.291288342102195,-0.3105429950513825
12.0,148.0,1004.1688232421876,-3.463498509719704,-4.725395829629496,-1.4363158007428878,2.1334699404495807,2.800227246331422,1.776715983801472,0.2648749544497884,1.3968827957093226,-2.29128836783335,-0.3105429969842429
12.0,148.0,1004.1688232421876,-3.463498509719704,-4.725395832595966,-1.4363158007428878,2.1334699404495807,2.800227640499708,1.7767159887609432,0.2648749544320222,1.3968827957093226,-2.291288342102195,-0.3105429950508219
12.0,148.0,1004.1688232421876,-3.463498876426496,-4.72539585140278,-1.4363157981073136,2.1334699404495807,2.800227257188465,1.7767159896096365,0.2648749546594537,1.3968828011327494,-2.2912883626812106,-0.3105429950951215
12.0,148.0,1004.1688232421876,-3.463498509719704,-4.72539584068214,-1.4363158007428878,2.1334699404495807,2.800227640499708,1.7767159895075075,0.2648749546594537,1.3968827957093226,-2.291288342102195,-0.3105429950513825
12.0,148.0,1004.1688232421876,-3.463503729570575,-4.7253954510707405,-1.4363157998690306,2.1334699404495807,2.800227249367508,1.776716230156169,0.2648749544500063,1.396884834261789,-2.2912861796857964,-0.3105429950625833
12.0,148.0,1004.1688232421876,-3.463502225910681,-4.72539612088748,-1.43631580073003,2.1334699404495807,2.800227246685723,1.776716246171831,0.2648749544631926,1.3968854004994269,-2.291288346955597,-0.3105429951105465
12.0,148.0,1004.1688232421876,-3.463503978353161,-4.725395603871957,-1.4363158007478911,2.1334699404495807,2.8002272482834405,1.7767162353300416,0.2648749544643329,1.396884838020187,-2.291288375524981,-0.3105429969489507
12.0,148.0,1004.1688232421876,-3.463503727439461,-4.725395868253633,-1.4363157981073136,2.1334699404495807,2.800227210115245,1.776715978304317,0.2648749544528785,1.3968828066584236,-2.2912882871323634,-0.31054299701841
12.0,148.0,1004.1688232421876,-3.46350302987032,-4.725395440018096,-1.4363157997273472,2.1334699404495807,2.8002272463284887,1.776716230156169,0.2648749544500063,1.396884834261789,-2.291286200617064,-0.3105429969952608
12.0,148.0,1004.1688232421876,-3.463498509719704,-4.725395829629496,-1.4363158007428878,2.1334699404495807,2.800227246331422,1.776715983801472,0.2648749544497884,1.3968827958636685,-2.2912883684343672,-0.3105429969842429
12.0,148.0,1004.1688232421876,-3.463503923404542,-4.725394729740312,-1.43631580075722,2.1334699404495807,2.8002272443564458,1.7767162434028283,0.2648749544354976,1.3968826347046983,-2.2912862029755874,-0.3105429950513825
12.0,148.0,1004.1688232421876,-3.463503013553671,-4.725395440018096,-1.4363157997362748,2.1334699404495807,2.800227254551092,1.7767162428992715,0.2648749544500063,1.3968847244132605,-2.291284825909188,-0.3105429970462828
12.0,148.0,1004.1688232421876,-3.4634991607534964,-4.72539584068214,-1.4363158006751582,2.1334699404495807,2.8002272528539685,1.7767159895075075,0.2648749546594537,1.396882627331266,-2.2912883648497697,-0.3105429950513825
12.0,148.0,1004.1688232421876,-3.463498509719704,-4.72539584068214,-1.4363158007428878,2.1334699404495807,2.800227632084607,1.776715988721763,0.2648749544497884,1.3968827957093226,-2.2912883421307644,-0.3105429950513825
12.0,148.0,1004.1688232421876,-3.463498509719704,-4.725395598962863,-1.4363158007428878,2.1334699404495807,2.800227640719127,1.7767159895075075,0.2648749546594537,1.3968827957093226,-2.291288342102195,-0.3105429950513825
12.0,148.0,1004.1688232421876,-3.463498509719704,-4.72539584068214,-1.4363158007428878,2.1334699404495807,2.800227640499708,1.7767159895075075,0.2648749546594537,1.3968827957093226,-2.291288342102195,-0.3105429950513825
12.0,148.0,1004.1688232421876,-3.46350234122566,-4.725395936762113,-1.4363158006193664,2.1334699404495807,2.800227640499708,1.7767159895075075,0.2648749546584542,1.3968827957093226,-2.2912094844801016,-0.3105429950513825
12.0,148.0,1004.1688232421876,-3.463498509719704,-4.72539584068214,-1.4363158007428878,2.1334699404495807,2.800227249370441,1.776715983801472,0.2648749544497884,1.3968827957093226,-2.291288346902083,-0.3105429950513825
12.0,148.0,1004.1688232421876,-3.463503521898381,-4.72539584068214,-1.4363158007428878,2.1334699404495807,2.800227640499708,1.7767159957412606,0.2648749544404716,1.396882628544033,-2.29128850780801,-0.3105429950513825
12.0,148.0,1004.1688232421876,-3.463502233497787,-4.725395430939897,-1.436315800730053,2.1334699404495807,2.800227246685723,1.7767162282142936,0.264874954463242,1.3968854004994269,-2.291288432531727,-0.3105429951105465
12.0,149.0,1004.1685180664062,-3.463539158034158,-4.725395832595966,-1.4363158007428878,2.1334699404495807,2.800227640499708,1.7767159887609432,0.2648749546603997,1.3968827957093226,-2.2912868373530872,-0.3105429950266747
12.0,149.0,1004.1688232421876,-3.463498509719704,-4.72539584068214,-1.4363158007428878,2.1334699404495807,2.800227640499708,1.7767159895075075,0.2648749546594537,1.3968827957093226,-2.291288342102195,-0.3105429950513825
12.0,149.0,1004.1688232421876,-3.463498509719704,-4.72539584068214,-1.4363158007428878,2.1334699404495807,2.800227640499708,1.7767159895075075,0.2648749546594537,1.3968827957093226,-2.291288342102195,-0.3105429950513825
12.0,149.0,1004.1688232421876,-3.463498509719704,-4.72539584068214,-1.4363158007428878,2.1334699404495807,2.800227640499708,1.7767159895075075,0.2648749546594537,1.3968827957093226,-2.291288342102195,-0.3105429950513825
12.0,149.0,1004.1688232421876,-3.463503013553671,-4.725395440018096,-1.4363157997362748,2.1334699404495807,2.8002272463284887,1.7767162353002366,0.2648749544500063,1.396884834261789,-2.2911998190071587,-0.310542996998004
12.0,149.0,1004.1688232421876,-3.463502287945866,-4.725395943048072,-1.4363157997785392,2.1334699404495807,2.800227246543757,1.7767162307917943,0.264874954463242,1.396884834261789,-2.291210480458352,-0.3105429970424978
12.0,149.0,1004.1688232421876,-3.463498509719704,-4.72539584068214,-1.4363158007428878,2.1334699404495807,2.800227249370441,1.776715983801472,0.2648749544497884,1.3968827957093226,-2.291288346902083,-0.3105429950513825
12.0,149.0,1004.1688232421876,-3.463503013553671,-4.725395440018096,-1.4363157997362748,2.1334699404495807,2.8002272463284887,1.7767162353002366,0.2648749544500063,1.396884834261789,-2.2911998190071587,-0.310542996998004
12.0,149.0,1004.1688232421876,-3.463503729570575,-4.725395440018096,-1.4363157998690306,2.1334699404495807,2.8002272463284887,1.776716230156169,0.2648749544500063,1.396884834261789,-2.291286200617064,-0.3105429969954437
12.0,149.0,1004.1688232421876,-3.463498509719704,-4.72539584068214,-1.4363158007428878,2.1334699404495807,2.800227249370441,1.776715983801472,0.2648749544497884,1.3968827957093226,-2.291288346902083,-0.3105429950513825
12.0,149.0,1004.1688232421876,-3.463498509719704,-4.72539584068214,-1.4363158007428878,2.1334699404495807,2.800227640499708,1.7767159895075075,0.2648749546594537,1.3968827957093226,-2.291288342102195,-0.3105429950513825
12.0,149.0,1004.1688232421876,-3.463498509719704,-4.725395842518416,-1.4363158007428878,2.1334699404495807,2.8002272462449365,1.776715983801472,0.2648749544497942,1.3968829241919,-2.291288346902083,-0.3105429950514641
12.0,149.0,1004.1688232421876,-3.463498509719704,-4.725396457353329,-1.4363158007428878,2.1334699404495807,2.800227640499708,1.7767159839592763,0.2648749546594537,1.3968827957093226,-2.291286799718101,-0.3105429938616547
12.0,149.0,1004.1688232421876,-3.463502233497787,-4.72539610642095,-1.436315799782351,2.1334699404495807,2.800227246543757,1.7767162307917943,0.264874954463242,1.396884834261789,-2.291288378715251,-0.3105429970298286
12.0,149.0,1004.1688232421876,-3.463498509719704,-4.72539584068214,-1.4363158007428878,2.1334699404495807,2.800227640499708,1.7767159895075075,0.2648749546594537,1.3968827957093226,-2.291288342102195,-0.3105429950513825
12.0,149.0,1004.1688232421876,-3.4634988732231853,-4.72539585140278,-1.4363157981073136,2.1334699404495807,2.800227210115245,1.7767159913004014,0.2648749546594537,1.3968828011327494,-2.291288342102195,-0.3105429950951215
12.0,149.0,1004.1688232421876,-3.463498509719704,-4.72539584068214,-1.4363158007428878,2.1334699404495807,2.800227640499708,1.7767159895075075,0.2648749546594537,1.3968827957093226,-2.291288342102195,-0.3105429950513825
12.0,149.0,1004.1688232421876,-3.463503013553671,-4.725395440018096,-1.4363157997362748,2.1334699404495807,2.8002272463284887,1.7767162353002366,0.2648749544500063,1.396884834261789,-2.2911998190071587,-0.310542996998004
12.0,149.0,1004.1688232421876,-3.463498509719704,-4.725395832595966,-1.4363158007428878,2.1334699404495807,2.800227640499708,1.7767159887609432,0.2648749544320222,1.3968827957093226,-2.291288342102195,-0.3105429950508219
12.0,149.0,1004.1688232421876,-3.463498509719704,-4.725395842518416,-1.4363158007428878,2.1334699404495807,2.8002272462449365,1.7767159866898543,0.2648749544497942,1.3968828694576876,-2.291288346902083,-0.3105429944921509
12.0,149.0,1004.1688232421876,-3.4634991607534964,-4.72539584068214,-1.4363158006751582,2.1334699404495807,2.8002272528539685,1.7767159895075075,0.2648749546594537,1.396882627331266,-2.2912883648497697,-0.3105429950513825
12.0,149.0,1004.1688232421876,-3.463498509719704,-4.72539584068214,-1.4363158007428878,2.1334699404495807,2.800227640499708,1.7767159895075075,0.2648749546594537,1.3968827957093226,-2.291288342102195,-0.3105429950513825
12.0,149.0,1004.1688232421876,-3.463502199157473,-4.725385284861874,-1.436315799771619,2.1334699404495807,2.80022790496009,1.776715995870822,0.2648749544358844,1.3968829166100545,-2.291286521257249,-0.3105429950513825
12.0,149.0,1004.1688232421876,-3.463502233497787,-4.72539610642095,-1.436315800730053,2.1334699404495807,2.800227246685723,1.7767159876776917,0.264874954463242,1.3968854004994269,-2.291288346955597,-0.3105429951105465
12.0,149.0,1004.1688232421876,-3.463503923404542,-4.725395800000323,-1.4363158007720644,2.1334699404495807,2.800227277007086,1.7767162353300416,0.2648749544647371,1.3968827957093226,-2.29128836901565,-0.3105429950513825
12.0,149.0,1004.1688232421876,-3.463503013553671,-4.725395440018096,-1.4363157997362748,2.1334699404495807,2.8002272463284887,1.7767162353002366,0.2648749544500063,1.396884834261789,-2.2911998190071587,-0.310542996998004
12.0,149.0,1004.1688232421876,-3.463498509719704,-4.725395862417362,-1.4363158007705843,2.1334699404495807,2.8002272460220667,1.7767159895075075,0.2648749544477963,1.3968827957093226,-2.291290571724605,-0.3105429950513825
12.0,149.0,1004.1688232421876,-3.463503978353161,-4.725395603871957,-1.4363158007478911,2.1334699404495807,2.800227277007086,1.7767162353300416,0.2648749544365486,1.396882802965965,-2.2912884169157293,-0.3105429950513825
12.0,149.0,1004.1688232421876,-3.463503923404542,-4.725395869850984,-1.4363158007720644,2.1334699404495807,2.8002272443564458,1.7767162353300416,0.2648749544483667,1.3968826347046983,-2.291288507553448,-0.3105429950513825
12.0,149.0,1004.1688232421876,-3.463498509719704,-4.72539584068214,-1.4363158007428878,2.1334699404495807,2.800227640499708,1.7767159895075075,0.2648749546594537,1.3968827957093226,-2.291288342102195,-0.3105429950513825
12.0,149.0,1004.1688232421876,-3.463498509719704,-4.725395829629496,-1.4363158007428878,2.1334699404495807,2.800227246331422,1.776715983801472,0.2648749544497884,1.3968827957093226,-2.29128836783335,-0.3105429969842429
12.0,149.0,1004.1688232421876,-3.463498509719704,-4.725395832595966,-1.4363158007428878,2.1334699404495807,2.800227640499708,1.7767159887609432,0.2648749544320222,1.3968827957093226,-2.291288342102195,-0.3105429950508219
12.0,149.0,1004.1688232421876,-3.463498876426496,-4.72539585140278,-1.4363157981073136,2.1334699404495807,2.800227257188465,1.7767159896096365,0.2648749546594537,1.3968828011327494,-2.2912883626812106,-0.3105429950951215
12.0,149.0,1004.1688232421876,-3.463498509719704,-4.72539584068214,-1.4363158007428878,2.1334699404495807,2.800227640499708,1.7767159895075075,0.2648749546594537,1.3968827957093226,-2.291288342102195,-0.3105429950513825
12.0,149.0,1004.1688232421876,-3.463503729570575,-4.7253954510707405,-1.4363157998690306,2.1334699404495807,2.800227249367508,1.776716230156169,0.2648749544500063,1.396884834261789,-2.2912861796857964,-0.3105429950625833
12.0,149.0,1004.1688232421876,-3.463502225910681,-4.72539612088748,-1.43631580073003,2.1334699404495807,2.800227246685723,1.776716246171831,0.2648749544631926,1.3968854004994269,-2.291288346955597,-0.3105429951105465
12.0,149.0,1004.1688232421876,-3.463503978353161,-4.725395603871957,-1.4363158007478911,2.1334699404495807,2.8002272482834405,1.7767162353300416,0.2648749544643329,1.396884838020187,-2.291288375524981,-0.3105429969489507
12.0,149.0,1004.1688232421876,-3.463503727439461,-4.725395868253633,-1.4363157981073136,2.1334699404495807,2.800227210115245,1.776715978304317,0.2648749544528785,1.3968828066584236,-2.2912882871323634,-0.31054299701841
12.0,149.0,1004.1688232421876,-3.46350302987032,-4.725395440018096,-1.4363157997273472,2.1334699404495807,2.8002272463284887,1.776716230156169,0.2648749544500063,1.396884834261789,-2.291286200617064,-0.3105429969952608
12.0,149.0,1004.1688232421876,-3.463498509719704,-4.725395829629496,-1.4363158007428878,2.1334699404495807,2.800227246331422,1.776715983801472,0.2648749544497884,1.3968827958636685,-2.2912883684343672,-0.3105429969842429
12.0,149.0,1004.1688232421876,-3.463503923404542,-4.725394729740312,-1.43631580075722,2.1334699404495807,2.8002272443564458,1.7767162434028283,0.2648749544354976,1.3968826347046983,-2.2912862029755874,-0.3105429950513825
12.0,149.0,1004.1688232421876,-3.463503013553671,-4.725395440018096,-1.4363157997362748,2.1334699404495807,2.800227254551092,1.7767162428992715,0.2648749544500063,1.3968847244132605,-2.291284825909188,-0.3105429970462828
12.0,149.0,1004.1688232421876,-3.4634991607534964,-4.72539584068214,-1.4363158006751582,2.1334699404495807,2.8002272528539685,1.7767159895075075,0.2648749546594537,1.396882627331266,-2.2912883648497697,-0.3105429950513825
12.0,149.0,1004.1688232421876,-3.463498509719704,-4.72539584068214,-1.4363158007428878,2.1334699404495807,2.800227632084607,1.776715988721763,0.2648749544497884,1.3968827957093226,-2.2912883421307644,-0.3105429950513825
12.0,149.0,1004.1688232421876,-3.463498509719704,-4.725395598962863,-1.4363158007428878,2.1334699404495807,2.800227640719127,1.7767159895075075,0.2648749546594537,1.3968827957093226,-2.291288342102195,-0.3105429950513825
12.0,149.0,1004.1688232421876,-3.463498509719704,-4.72539584068214,-1.4363158007428878,2.1334699404495807,2.800227640499708,1.7767159895075075,0.2648749546594537,1.3968827957093226,-2.291288342102195,-0.3105429950513825
12.0,149.0,1004.1688232421876,-3.46350234122566,-4.725395936762113,-1.4363158006193664,2.1334699404495807,2.800227640499708,1.7767159895075075,0.2648749546584542,1.3968827957093226,-2.2912094844801016,-0.3105429950513825
12.0,149.0,1004.1688232421876,-3.463498509719704,-4.72539584068214,-1.4363158007428878,2.1334699404495807,2.800227249370441,1.776715983801472,0.2648749544497884,1.3968827957093226,-2.291288346902083,-0.3105429950513825
12.0,149.0,1004.1688232421876,-3.463503521898381,-4.72539584068214,-1.4363158007428878,2.1334699404495807,2.800227640499708,1.7767159957412606,0.2648749544404716,1.396882628544033,-2.29128850780801,-0.3105429950513825
12.0,149.0,1004.1688232421876,-3.463502233497787,-4.725395430939897,-1.436315800730053,2.1334699404495807,2.800227246685723,1.7767162282142936,0.264874954463242,1.3968854004994269,-2.291288432531727,-0.3105429951105465
12.0,150.0,1004.1680908203124,-3.463498397910503,-4.725395936762113,-1.4363158006196486,2.1334699404495807,2.798134554931095,1.7767159895075075,0.2648749546595167,1.3968827957093226,-2.2912094844801016,-0.3105429950513825
12.0,150.0,1004.1685180664062,-3.463539158034158,-4.725395832595966,-1.4363158007428878,2.1334699404495807,2.800227640499708,1.7767159887609432,0.2648749546603997,1.3968827957093226,-2.2912868373530872,-0.3105429950266747
12.0,150.0,1004.1685180664062,-3.463539158034158,-4.725395832595966,-1.4363158007428878,2.1334699404495807,2.800227640499708,1.7767159887668311,0.2648749546603997,1.3968827957093226,-2.2912868373530872,-0.3105429950494299
12.0,150.0,1004.1685180664062,-3.463539158034158,-4.725395832595966,-1.4363158007428878,2.1334699404495807,2.800227640499708,1.7767159887609432,0.2648749546603997,1.3968827957093226,-2.2912868373530872,-0.3105429950266747
12.0,150.0,1004.1688232421876,-3.463498509719704,-4.72539584068214,-1.4363158007428878,2.1334699404495807,2.800227640499708,1.7767159895075075,0.2648749546594537,1.3968827957093226,-2.291288342102195,-0.3105429950513825
12.0,150.0,1004.1688232421876,-3.463498509719704,-4.72539584068214,-1.4363158007428878,2.1334699404495807,2.800227640499708,1.7767159895075075,0.2648749546594537,1.3968827957093226,-2.291288342102195,-0.3105429950513825
12.0,150.0,1004.1688232421876,-3.463498509719704,-4.72539584068214,-1.4363158007428878,2.1334699404495807,2.800227640499708,1.7767159895075075,0.2648749546594537,1.3968827957093226,-2.291288342102195,-0.3105429950513825
12.0,150.0,1004.1688232421876,-3.463503013553671,-4.725395440018096,-1.4363157997362748,2.1334699404495807,2.8002272463284887,1.7767162353002366,0.2648749544500063,1.396884834261789,-2.2911998190071587,-0.310542996998004
12.0,150.0,1004.1688232421876,-3.463502287945866,-4.725395943048072,-1.4363157997785392,2.1334699404495807,2.800227246543757,1.7767162307917943,0.264874954463242,1.396884834261789,-2.291210480458352,-0.3105429970424978
12.0,150.0,1004.1688232421876,-3.463498509719704,-4.72539584068214,-1.4363158007428878,2.1334699404495807,2.800227249370441,1.776715983801472,0.2648749544497884,1.3968827957093226,-2.291288346902083,-0.3105429950513825
12.0,150.0,1004.1688232421876,-3.463503013553671,-4.725395440018096,-1.4363157997362748,2.1334699404495807,2.8002272463284887,1.7767162353002366,0.2648749544500063,1.396884834261789,-2.2911998190071587,-0.310542996998004
12.0,150.0,1004.1688232421876,-3.463503729570575,-4.725395440018096,-1.4363157998690306,2.1334699404495807,2.8002272463284887,1.776716230156169,0.2648749544500063,1.396884834261789,-2.291286200617064,-0.3105429969954437
12.0,150.0,1004.1688232421876,-3.463498509719704,-4.72539584068214,-1.4363158007428878,2.1334699404495807,2.800227249370441,1.776715983801472,0.2648749544497884,1.3968827957093226,-2.291288346902083,-0.3105429950513825
12.0,150.0,1004.1688232421876,-3.463498509719704,-4.72539584068214,-1.4363158007428878,2.1334699404495807,2.800227640499708,1.7767159895075075,0.2648749546594537,1.3968827957093226,-2.291288342102195,-0.3105429950513825
12.0,150.0,1004.1688232421876,-3.463498509719704,-4.725395842518416,-1.4363158007428878,2.1334699404495807,2.8002272462449365,1.776715983801472,0.2648749544497942,1.3968829241919,-2.291288346902083,-0.3105429950514641
12.0,150.0,1004.1688232421876,-3.463498509719704,-4.725396457353329,-1.4363158007428878,2.1334699404495807,2.800227640499708,1.7767159839592763,0.2648749546594537,1.3968827957093226,-2.291286799718101,-0.3105429938616547
12.0,150.0,1004.1688232421876,-3.463502233497787,-4.72539610642095,-1.436315799782351,2.1334699404495807,2.800227246543757,1.7767162307917943,0.264874954463242,1.396884834261789,-2.291288378715251,-0.3105429970298286
12.0,150.0,1004.1688232421876,-3.463498509719704,-4.72539584068214,-1.4363158007428878,2.1334699404495807,2.800227640499708,1.7767159895075075,0.2648749546594537,1.3968827957093226,-2.291288342102195,-0.3105429950513825
12.0,150.0,1004.1688232421876,-3.4634988732231853,-4.72539585140278,-1.4363157981073136,2.1334699404495807,2.800227210115245,1.7767159913004014,0.2648749546594537,1.3968828011327494,-2.291288342102195,-0.3105429950951215
12.0,150.0,1004.1688232421876,-3.463498509719704,-4.72539584068214,-1.4363158007428878,2.1334699404495807,2.800227640499708,1.7767159895075075,0.2648749546594537,1.3968827957093226,-2.291288342102195,-0.3105429950513825
12.0,150.0,1004.1688232421876,-3.463503013553671,-4.725395440018096,-1.4363157997362748,2.1334699404495807,2.8002272463284887,1.7767162353002366,0.2648749544500063,1.396884834261789,-2.2911998190071587,-0.310542996998004
12.0,150.0,1004.1688232421876,-3.463498509719704,-4.725395832595966,-1.4363158007428878,2.1334699404495807,2.800227640499708,1.7767159887609432,0.2648749544320222,1.3968827957093226,-2.291288342102195,-0.3105429950508219
12.0,150.0,1004.1688232421876,-3.463498509719704,-4.725395842518416,-1.4363158007428878,2.1334699404495807,2.8002272462449365,1.7767159866898543,0.2648749544497942,1.3968828694576876,-2.291288346902083,-0.3105429944921509
12.0,150.0,1004.1688232421876,-3.4634991607534964,-4.72539584068214,-1.4363158006751582,2.1334699404495807,2.8002272528539685,1.7767159895075075,0.2648749546594537,1.396882627331266,-2.2912883648497697,-0.3105429950513825
12.0,150.0,1004.1688232421876,-3.463498509719704,-4.72539584068214,-1.4363158007428878,2.1334699404495807,2.800227640499708,1.7767159895075075,0.2648749546594537,1.3968827957093226,-2.291288342102195,-0.3105429950513825
12.0,150.0,1004.1688232421876,-3.463502199157473,-4.725385284861874,-1.436315799771619,2.1334699404495807,2.80022790496009,1.776715995870822,0.2648749544358844,1.3968829166100545,-2.291286521257249,-0.3105429950513825
12.0,150.0,1004.1688232421876,-3.463502233497787,-4.72539610642095,-1.436315800730053,2.1334699404495807,2.800227246685723,1.7767159876776917,0.264874954463242,1.3968854004994269,-2.291288346955597,-0.3105429951105465
12.0,150.0,1004.1688232421876,-3.463503923404542,-4.725395800000323,-1.4363158007720644,2.1334699404495807,2.800227277007086,1.7767162353300416,0.2648749544647371,1.3968827957093226,-2.29128836901565,-0.3105429950513825
12.0,150.0,1004.1688232421876,-3.463503013553671,-4.725395440018096,-1.4363157997362748,2.1334699404495807,2.8002272463284887,1.7767162353002366,0.2648749544500063,1.396884834261789,-2.2911998190071587,-0.310542996998004
12.0,150.0,1004.1688232421876,-3.463498509719704,-4.725395862417362,-1.4363158007705843,2.1334699404495807,2.8002272460220667,1.7767159895075075,0.2648749544477963,1.3968827957093226,-2.291290571724605,-0.3105429950513825
12.0,150.0,1004.1688232421876,-3.463503978353161,-4.725395603871957,-1.4363158007478911,2.1334699404495807,2.800227277007086,1.7767162353300416,0.2648749544365486,1.396882802965965,-2.2912884169157293,-0.3105429950513825
12.0,150.0,1004.1688232421876,-3.463503923404542,-4.725395869850984,-1.4363158007720644,2.1334699404495807,2.8002272443564458,1.7767162353300416,0.2648749544483667,1.3968826347046983,-2.291288507553448,-0.3105429950513825
12.0,150.0,1004.1688232421876,-3.463498509719704,-4.72539584068214,-1.4363158007428878,2.1334699404495807,2.800227640499708,1.7767159895075075,0.2648749546594537,1.3968827957093226,-2.291288342102195,-0.3105429950513825
12.0,150.0,1004.1688232421876,-3.463498509719704,-4.725395829629496,-1.4363158007428878,2.1334699404495807,2.800227246331422,1.776715983801472,0.2648749544497884,1.3968827957093226,-2.29128836783335,-0.3105429969842429
12.0,150.0,1004.1688232421876,-3.463498509719704,-4.725395832595966,-1.4363158007428878,2.1334699404495807,2.800227640499708,1.7767159887609432,0.2648749544320222,1.3968827957093226,-2.291288342102195,-0.3105429950508219
12.0,150.0,1004.1688232421876,-3.463498876426496,-4.72539585140278,-1.4363157981073136,2.1334699404495807,2.800227257188465,1.7767159896096365,0.2648749546594537,1.3968828011327494,-2.2912883626812106,-0.3105429950951215
12.0,150.0,1004.1688232421876,-3.463498509719704,-4.72539584068214,-1.4363158007428878,2.1334699404495807,2.800227640499708,1.7767159895075075,0.2648749546594537,1.3968827957093226,-2.291288342102195,-0.3105429950513825
12.0,150.0,1004.1688232421876,-3.463503729570575,-4.7253954510707405,-1.4363157998690306,2.1334699404495807,2.800227249367508,1.776716230156169,0.2648749544500063,1.396884834261789,-2.2912861796857964,-0.3105429950625833
12.0,150.0,1004.1688232421876,-3.463502225910681,-4.72539612088748,-1.43631580073003,2.1334699404495807,2.800227246685723,1.776716246171831,0.2648749544631926,1.3968854004994269,-2.291288346955597,-0.3105429951105465
12.0,150.0,1004.1688232421876,-3.463503978353161,-4.725395603871957,-1.4363158007478911,2.1334699404495807,2.8002272482834405,1.7767162353300416,0.2648749544643329,1.396884838020187,-2.291288375524981,-0.3105429969489507
12.0,150.0,1004.1688232421876,-3.463503727439461,-4.725395868253633,-1.4363157981073136,2.1334699404495807,2.800227210115245,1.776715978304317,0.2648749544528785,1.3968828066584236,-2.2912882871323634,-0.31054299701841
12.0,150.0,1004.1688232421876,-3.46350302987032,-4.725395440018096,-1.4363157997273472,2.1334699404495807,2.8002272463284887,1.776716230156169,0.2648749544500063,1.396884834261789,-2.291286200617064,-0.3105429969952608
12.0,150.0,1004.1688232421876,-3.463498509719704,-4.725395829629496,-1.4363158007428878,2.1334699404495807,2.800227246331422,1.776715983801472,0.2648749544497884,1.3968827958636685,-2.2912883684343672,-0.3105429969842429
12.0,150.0,1004.1688232421876,-3.463503923404542,-4.725394729740312,-1.43631580075722,2.1334699404495807,2.8002272443564458,1.7767162434028283,0.2648749544354976,1.3968826347046983,-2.2912862029755874,-0.3105429950513825
12.0,150.0,1004.1688232421876,-3.463503013553671,-4.725395440018096,-1.4363157997362748,2.1334699404495807,2.800227254551092,1.7767162428992715,0.2648749544500063,1.3968847244132605,-2.291284825909188,-0.3105429970462828
12.0,150.0,1004.1688232421876,-3.4634991607534964,-4.72539584068214,-1.4363158006751582,2.1334699404495807,2.8002272528539685,1.7767159895075075,0.2648749546594537,1.396882627331266,-2.2912883648497697,-0.3105429950513825
12.0,150.0,1004.1688232421876,-3.463498509719704,-4.72539584068214,-1.4363158007428878,2.1334699404495807,2.800227632084607,1.776715988721763,0.2648749544497884,1.3968827957093226,-2.2912883421307644,-0.3105429950513825
12.0,150.0,1004.1688232421876,-3.463498509719704,-4.725395598962863,-1.4363158007428878,2.1334699404495807,2.800227640719127,1.7767159895075075,0.2648749546594537,1.3968827957093226,-2.291288342102195,-0.3105429950513825
12.0,150.0,1004.1688232421876,-3.463498509719704,-4.72539584068214,-1.4363158007428878,2.1334699404495807,2.800227640499708,1.7767159895075075,0.2648749546594537,1.3968827957093226,-2.291288342102195,-0.3105429950513825
12.0,150.0,1004.1688232421876,-3.46350234122566,-4.725395936762113,-1.4363158006193664,2.1334699404495807,2.800227640499708,1.7767159895075075,0.2648749546584542,1.3968827957093226,-2.2912094844801016,-0.3105429950513825
12.0,151.0,1004.1680908203124,-3.463498397910503,-4.725395936762113,-1.4363158006196486,2.1334699404495807,2.798134554931095,1.7767159895075075,0.2648749546595167,1.3968827957093226,-2.2912094844801016,-0.3105429950513825
12.0,151.0,1004.1681518554688,-3.463498397910503,-4.725395829417857,-1.4363158007421957,2.1334699404495807,2.798134554931095,1.7767159895075075,0.2648749546595167,1.3968827957093226,-2.2912861146162804,-0.3105429950513825
12.0,151.0,1004.1685180664062,-3.463539158034158,-4.725395832595966,-1.4363158007428878,2.1334699404495807,2.800227640499708,1.7767159887609432,0.2648749546603997,1.3968827957093226,-2.2912868373530872,-0.3105429950266747
12.0,151.0,1004.1685180664062,-3.463539158034158,-4.725395832595966,-1.4363158007428878,2.1334699404495807,2.800227640499708,1.7767159887668311,0.2648749546603997,1.3968827957093226,-2.2912868373530872,-0.3105429950494299
12.0,151.0,1004.1685180664062,-3.463539158034158,-4.725395832595966,-1.4363158007428878,2.1334699404495807,2.800227640499708,1.7767159887609432,0.2648749546603997,1.3968827957093226,-2.2912868373530872,-0.3105429950266747
12.0,151.0,1004.1685180664062,-3.463539158034158,-4.725395832595966,-1.436315800747641,2.1334699404495807,2.800227640499708,1.7767160073376849,0.2648749546603997,1.3968827957093226,-2.2912868373530872,-0.3105429950494299
12.0,151.0,1004.1685180664062,-3.463539428072415,-4.725395942534759,-1.4363158007480656,2.1334699404495807,2.800227640499708,1.7767159887609432,0.2648749544535616,1.396882854584087,-2.291274029284138,-0.3105429950266747
12.0,151.0,1004.1685180664062,-3.463539158034158,-4.72539584070195,-1.4363158007428878,2.1334699404495807,2.800227640499708,1.7767159887668311,0.2648749546603997,1.3968827957093226,-2.2912883730286806,-0.3105429950494299
12.0,151.0,1004.1685180664062,-3.463539158034158,-4.725395832595966,-1.4363158007428878,2.1334699404495807,2.800227640499708,1.7767159887609432,0.2648749546603997,1.3968827957093226,-2.2912868373530872,-0.3105429950266747
12.0,151.0,1004.1685180664062,-3.463539158034158,-4.725395939940223,-1.4363158006203407,2.1334699404495807,2.800227640499708,1.7767159887609432,0.2648749546603997,1.3968827957093226,-2.291210207216908,-0.3105429950266747
12.0,151.0,1004.1688232421876,-3.463498509719704,-4.72539584068214,-1.4363158007428878,2.1334699404495807,2.800227640499708,1.7767159895075075,0.2648749546594537,1.3968827957093226,-2.291288342102195,-0.3105429950513825
12.0,151.0,1004.1688232421876,-3.463498509719704,-4.72539584068214,-1.4363158007428878,2.1334699404495807,2.800227640499708,1.7767159895075075,0.2648749546594537,1.3968827957093226,-2.291288342102195,-0.3105429950513825
12.0,151.0,1004.1688232421876,-3.463498509719704,-4.72539584068214,-1.4363158007428878,2.1334699404495807,2.800227640499708,1.7767159895075075,0.2648749546594537,1.3968827957093226,-2.291288342102195,-0.3105429950513825
12.0,151.0,1004.1688232421876,-3.463503013553671,-4.725395440018096,-1.4363157997362748,2.1334699404495807,2.8002272463284887,1.7767162353002366,0.2648749544500063,1.396884834261789,-2.2911998190071587,-0.310542996998004
12.0,151.0,1004.1688232421876,-3.463502287945866,-4.725395943048072,-1.4363157997785392,2.1334699404495807,2.800227246543757,1.7767162307917943,0.264874954463242,1.396884834261789,-2.291210480458352,-0.3105429970424978
12.0,151.0,1004.1688232421876,-3.463498509719704,-4.72539584068214,-1.4363158007428878,2.1334699404495807,2.800227249370441,1.776715983801472,0.2648749544497884,1.3968827957093226,-2.291288346902083,-0.3105429950513825
12.0,151.0,1004.1688232421876,-3.463503013553671,-4.725395440018096,-1.4363157997362748,2.1334699404495807,2.8002272463284887,1.7767162353002366,0.2648749544500063,1.396884834261789,-2.2911998190071587,-0.310542996998004
12.0,151.0,1004.1688232421876,-3.463503729570575,-4.725395440018096,-1.4363157998690306,2.1334699404495807,2.8002272463284887,1.776716230156169,0.2648749544500063,1.396884834261789,-2.291286200617064,-0.3105429969954437
12.0,151.0,1004.1688232421876,-3.463498509719704,-4.72539584068214,-1.4363158007428878,2.1334699404495807,2.800227249370441,1.776715983801472,0.2648749544497884,1.3968827957093226,-2.291288346902083,-0.3105429950513825
12.0,151.0,1004.1688232421876,-3.463498509719704,-4.72539584068214,-1.4363158007428878,2.1334699404495807,2.800227640499708,1.7767159895075075,0.2648749546594537,1.3968827957093226,-2.291288342102195,-0.3105429950513825
12.0,151.0,1004.1688232421876,-3.463498509719704,-4.725395842518416,-1.4363158007428878,2.1334699404495807,2.8002272462449365,1.776715983801472,0.2648749544497942,1.3968829241919,-2.291288346902083,-0.3105429950514641
12.0,151.0,1004.1688232421876,-3.463498509719704,-4.725396457353329,-1.4363158007428878,2.1334699404495807,2.800227640499708,1.7767159839592763,0.2648749546594537,1.3968827957093226,-2.291286799718101,-0.3105429938616547
12.0,151.0,1004.1688232421876,-3.463502233497787,-4.72539610642095,-1.436315799782351,2.1334699404495807,2.800227246543757,1.7767162307917943,0.264874954463242,1.396884834261789,-2.291288378715251,-0.3105429970298286
12.0,151.0,1004.1688232421876,-3.463498509719704,-4.72539584068214,-1.4363158007428878,2.1334699404495807,2.800227640499708,1.7767159895075075,0.2648749546594537,1.3968827957093226,-2.291288342102195,-0.3105429950513825
12.0,151.0,1004.1688232421876,-3.4634988732231853,-4.72539585140278,-1.4363157981073136,2.1334699404495807,2.800227210115245,1.7767159913004014,0.2648749546594537,1.3968828011327494,-2.291288342102195,-0.3105429950951215
12.0,151.0,1004.1688232421876,-3.463498509719704,-4.72539584068214,-1.4363158007428878,2.1334699404495807,2.800227640499708,1.7767159895075075,0.2648749546594537,1.3968827957093226,-2.291288342102195,-0.3105429950513825
12.0,151.0,1004.1688232421876,-3.463503013553671,-4.725395440018096,-1.4363157997362748,2.1334699404495807,2.8002272463284887,1.7767162353002366,0.2648749544500063,1.396884834261789,-2.2911998190071587,-0.310542996998004
12.0,151.0,1004.1688232421876,-3.463498509719704,-4.725395832595966,-1.4363158007428878,2.1334699404495807,2.800227640499708,1.7767159887609432,0.2648749544320222,1.3968827957093226,-2.291288342102195,-0.3105429950508219
12.0,151.0,1004.1688232421876,-3.463498509719704,-4.725395842518416,-1.4363158007428878,2.1334699404495807,2.8002272462449365,1.7767159866898543,0.2648749544497942,1.3968828694576876,-2.291288346902083,-0.3105429944921509
12.0,151.0,1004.1688232421876,-3.4634991607534964,-4.72539584068214,-1.4363158006751582,2.1334699404495807,2.8002272528539685,1.7767159895075075,0.2648749546594537,1.396882627331266,-2.2912883648497697,-0.3105429950513825
12.0,151.0,1004.1688232421876,-3.463498509719704,-4.72539584068214,-1.4363158007428878,2.1334699404495807,2.800227640499708,1.7767159895075075,0.2648749546594537,1.3968827957093226,-2.291288342102195,-0.3105429950513825
12.0,151.0,1004.1688232421876,-3.463502199157473,-4.725385284861874,-1.436315799771619,2.1334699404495807,2.80022790496009,1.776715995870822,0.2648749544358844,1.3968829166100545,-2.291286521257249,-0.3105429950513825
12.0,151.0,1004.1688232421876,-3.463502233497787,-4.72539610642095,-1.436315800730053,2.1334699404495807,2.800227246685723,1.7767159876776917,0.264874954463242,1.3968854004994269,-2.291288346955597,-0.3105429951105465
12.0,151.0,1004.1688232421876,-3.463503923404542,-4.725395800000323,-1.4363158007720644,2.1334699404495807,2.800227277007086,1.7767162353300416,0.2648749544647371,1.3968827957093226,-2.29128836901565,-0.3105429950513825
12.0,151.0,1004.1688232421876,-3.463503013553671,-4.725395440018096,-1.4363157997362748,2.1334699404495807,2.8002272463284887,1.7767162353002366,0.2648749544500063,1.396884834261789,-2.2911998190071587,-0.310542996998004
12.0,151.0,1004.1688232421876,-3.463498509719704,-4.725395862417362,-1.4363158007705843,2.1334699404495807,2.8002272460220667,1.7767159895075075,0.2648749544477963,1.3968827957093226,-2.291290571724605,-0.3105429950513825
12.0,151.0,1004.1688232421876,-3.463503978353161,-4.725395603871957,-1.4363158007478911,2.1334699404495807,2.800227277007086,1.7767162353300416,0.2648749544365486,1.396882802965965,-2.2912884169157293,-0.3105429950513825
12.0,151.0,1004.1688232421876,-3.463503923404542,-4.725395869850984,-1.4363158007720644,2.1334699404495807,2.8002272443564458,1.7767162353300416,0.2648749544483667,1.3968826347046983,-2.291288507553448,-0.3105429950513825
12.0,151.0,1004.1688232421876,-3.463498509719704,-4.72539584068214,-1.4363158007428878,2.1334699404495807,2.800227640499708,1.7767159895075075,0.2648749546594537,1.3968827957093226,-2.291288342102195,-0.3105429950513825
12.0,151.0,1004.1688232421876,-3.463498509719704,-4.725395829629496,-1.4363158007428878,2.1334699404495807,2.800227246331422,1.776715983801472,0.2648749544497884,1.3968827957093226,-2.29128836783335,-0.3105429969842429
12.0,151.0,1004.1688232421876,-3.463498509719704,-4.725395832595966,-1.4363158007428878,2.1334699404495807,2.800227640499708,1.7767159887609432,0.2648749544320222,1.3968827957093226,-2.291288342102195,-0.3105429950508219
12.0,151.0,1004.1688232421876,-3.463498876426496,-4.72539585140278,-1.4363157981073136,2.1334699404495807,2.800227257188465,1.7767159896096365,0.2648749546594537,1.3968828011327494,-2.2912883626812106,-0.3105429950951215
12.0,151.0,1004.1688232421876,-3.463498509719704,-4.72539584068214,-1.4363158007428878,2.1334699404495807,2.800227640499708,1.7767159895075075,0.2648749546594537,1.3968827957093226,-2.291288342102195,-0.3105429950513825
12.0,151.0,1004.1688232421876,-3.463503729570575,-4.7253954510707405,-1.4363157998690306,2.1334699404495807,2.800227249367508,1.776716230156169,0.2648749544500063,1.396884834261789,-2.2912861796857964,-0.3105429950625833
12.0,151.0,1004.1688232421876,-3.463502225910681,-4.72539612088748,-1.43631580073003,2.1334699404495807,2.800227246685723,1.776716246171831,0.2648749544631926,1.3968854004994269,-2.291288346955597,-0.3105429951105465
12.0,151.0,1004.1688232421876,-3.463503978353161,-4.725395603871957,-1.4363158007478911,2.1334699404495807,2.8002272482834405,1.7767162353300416,0.2648749544643329,1.396884838020187,-2.291288375524981,-0.3105429969489507
12.0,151.0,1004.1688232421876,-3.463503727439461,-4.725395868253633,-1.4363157981073136,2.1334699404495807,2.800227210115245,1.776715978304317,0.2648749544528785,1.3968828066584236,-2.2912882871323634,-0.31054299701841
12.0,151.0,1004.1688232421876,-3.46350302987032,-4.725395440018096,-1.4363157997273472,2.1334699404495807,2.8002272463284887,1.776716230156169,0.2648749544500063,1.396884834261789,-2.291286200617064,-0.3105429969952608
12.0,151.0,1004.1688232421876,-3.463498509719704,-4.725395829629496,-1.4363158007428878,2.1334699404495807,2.800227246331422,1.776715983801472,0.2648749544497884,1.3968827958636685,-2.2912883684343672,-0.3105429969842429
12.0,151.0,1004.1688232421876,-3.463503923404542,-4.725394729740312,-1.43631580075722,2.1334699404495807,2.8002272443564458,1.7767162434028283,0.2648749544354976,1.3968826347046983,-2.2912862029755874,-0.3105429950513825
12.0,152.0,1004.1680908203124,-3.463498397910503,-4.725395936762113,-1.4363158006196486,2.1334699404495807,2.798134554931095,1.7767159895075075,0.2648749546595167,1.3968827957093226,-2.2912094844801016,-0.3105429950513825
12.0,152.0,1004.1680908203124,-3.463498397910503,-4.725395936762113,-1.4363158006196486,2.1334699404495807,2.798134554931095,1.7767159895075075,0.2648749546595167,1.3968827957093226,-2.2912094844801016,-0.3105429950513825
12.0,152.0,1004.1681518554688,-3.463498397910503,-4.725395829417857,-1.4363158007421957,2.1334699404495807,2.798134554931095,1.7767159895075075,0.2648749546595167,1.3968827957093226,-2.2912861146162804,-0.3105429950513825
12.0,152.0,1004.168212890625,-3.463498510785669,-4.72539582914436,-1.4363158007421957,2.1334699404495807,2.7980716722593577,1.7767159895075075,0.2648749546595167,1.3968827957093226,-2.2912861146162804,-0.3105429950513825
12.0,152.0,1004.1685180664062,-3.463539158034158,-4.725395832595966,-1.4363158007428878,2.1334699404495807,2.800227640499708,1.7767159887609432,0.2648749546603997,1.3968827957093226,-2.2912868373530872,-0.3105429950266747
12.0,152.0,1004.1685180664062,-3.463539158034158,-4.725395832595966,-1.4363158007428878,2.1334699404495807,2.800227640499708,1.7767159887668311,0.2648749546603997,1.3968827957093226,-2.2912868373530872,-0.3105429950494299
12.0,152.0,1004.1685180664062,-3.463539158034158,-4.725395832595966,-1.4363158007428878,2.1334699404495807,2.800227640499708,1.7767159887609432,0.2648749546603997,1.3968827957093226,-2.2912868373530872,-0.3105429950266747
12.0,152.0,1004.1685180664062,-3.463539158034158,-4.725395832595966,-1.436315800747641,2.1334699404495807,2.800227640499708,1.7767160073376849,0.2648749546603997,1.3968827957093226,-2.2912868373530872,-0.3105429950494299
12.0,152.0,1004.1685180664062,-3.463539428072415,-4.725395942534759,-1.4363158007480656,2.1334699404495807,2.800227640499708,1.7767159887609432,0.2648749544535616,1.396882854584087,-2.291274029284138,-0.3105429950266747
12.0,152.0,1004.1685180664062,-3.463539158034158,-4.72539584070195,-1.4363158007428878,2.1334699404495807,2.800227640499708,1.7767159887668311,0.2648749546603997,1.3968827957093226,-2.2912883730286806,-0.3105429950494299
12.0,152.0,1004.1685180664062,-3.463539158034158,-4.725395832595966,-1.4363158007428878,2.1334699404495807,2.800227640499708,1.7767159887609432,0.2648749546603997,1.3968827957093226,-2.2912868373530872,-0.3105429950266747
12.0,152.0,1004.1685180664062,-3.463539158034158,-4.725395939940223,-1.4363158006203407,2.1334699404495807,2.800227640499708,1.7767159887609432,0.2648749546603997,1.3968827957093226,-2.291210207216908,-0.3105429950266747
12.0,152.0,1004.1685180664062,-3.463541448252176,-4.72539584083609,-1.4363158007428878,2.1334699404495807,2.800227640499708,1.7767159887620454,0.2648749546594405,1.3968827957093226,-2.291288294779388,-0.3105429950266747
12.0,152.0,1004.1685180664062,-3.463539158034158,-4.725395832595966,-1.4363158007428878,2.1334699404495807,2.8002272476836065,1.77671599196729,0.2648749546635281,1.396882843680838,-2.291286202374149,-0.310542995230297
12.0,152.0,1004.1685180664062,-3.4635423021361267,-4.725395840668913,-1.4363158007428878,2.1334699404495807,2.800227640499708,1.7767159887364254,0.2648749546603997,1.3968827957093226,-2.2912868373530872,-0.3105429950266747
12.0,152.0,1004.1685180664062,-3.463539158034158,-4.72539584070195,-1.4363158007428878,2.1334699404495807,2.800227640499708,1.7767159887668311,0.2648749546603997,1.3968827957093226,-2.291288419201285,-0.3105429950513524
12.0,152.0,1004.1685180664062,-3.463539428072415,-4.725396027865697,-1.4363158007480656,2.1334699404495807,2.800227640499708,1.7767159887609432,0.2648749544535616,1.3968828553618675,-2.291286502966842,-0.310542995051476
12.0,152.0,1004.1685180664062,-3.463539158034158,-4.725395841161333,-1.436315800747641,2.1334699404495807,2.800227640499708,1.7767160073376849,0.2648749546603997,1.3968827957093226,-2.2912868373530872,-0.3105429950494299
12.0,152.0,1004.1685180664062,-3.463539158034158,-4.725395939940223,-1.4363158006264272,2.1334699404495807,2.800227640499708,1.7767159887612485,0.2648749546603997,1.3968827957093226,-2.291210207216908,-0.3105429950266747
12.0,152.0,1004.1688232421876,-3.463498509719704,-4.72539584068214,-1.4363158007428878,2.1334699404495807,2.800227640499708,1.7767159895075075,0.2648749546594537,1.3968827957093226,-2.291288342102195,-0.3105429950513825
12.0,152.0,1004.1688232421876,-3.463498509719704,-4.72539584068214,-1.4363158007428878,2.1334699404495807,2.800227640499708,1.7767159895075075,0.2648749546594537,1.3968827957093226,-2.291288342102195,-0.3105429950513825
12.0,152.0,1004.1688232421876,-3.463498509719704,-4.72539584068214,-1.4363158007428878,2.1334699404495807,2.800227640499708,1.7767159895075075,0.2648749546594537,1.3968827957093226,-2.291288342102195,-0.3105429950513825
12.0,152.0,1004.1688232421876,-3.463503013553671,-4.725395440018096,-1.4363157997362748,2.1334699404495807,2.8002272463284887,1.7767162353002366,0.2648749544500063,1.396884834261789,-2.2911998190071587,-0.310542996998004
12.0,152.0,1004.1688232421876,-3.463502287945866,-4.725395943048072,-1.4363157997785392,2.1334699404495807,2.800227246543757,1.7767162307917943,0.264874954463242,1.396884834261789,-2.291210480458352,-0.3105429970424978
12.0,152.0,1004.1688232421876,-3.463498509719704,-4.72539584068214,-1.4363158007428878,2.1334699404495807,2.800227249370441,1.776715983801472,0.2648749544497884,1.3968827957093226,-2.291288346902083,-0.3105429950513825
12.0,152.0,1004.1688232421876,-3.463503013553671,-4.725395440018096,-1.4363157997362748,2.1334699404495807,2.8002272463284887,1.7767162353002366,0.2648749544500063,1.396884834261789,-2.2911998190071587,-0.310542996998004
12.0,152.0,1004.1688232421876,-3.463503729570575,-4.725395440018096,-1.4363157998690306,2.1334699404495807,2.8002272463284887,1.776716230156169,0.2648749544500063,1.396884834261789,-2.291286200617064,-0.3105429969954437
12.0,152.0,1004.1688232421876,-3.463498509719704,-4.72539584068214,-1.4363158007428878,2.1334699404495807,2.800227249370441,1.776715983801472,0.2648749544497884,1.3968827957093226,-2.291288346902083,-0.3105429950513825
12.0,152.0,1004.1688232421876,-3.463498509719704,-4.72539584068214,-1.4363158007428878,2.1334699404495807,2.800227640499708,1.7767159895075075,0.2648749546594537,1.3968827957093226,-2.291288342102195,-0.3105429950513825
12.0,152.0,1004.1688232421876,-3.463498509719704,-4.725395842518416,-1.4363158007428878,2.1334699404495807,2.8002272462449365,1.776715983801472,0.2648749544497942,1.3968829241919,-2.291288346902083,-0.3105429950514641
12.0,152.0,1004.1688232421876,-3.463498509719704,-4.725396457353329,-1.4363158007428878,2.1334699404495807,2.800227640499708,1.7767159839592763,0.2648749546594537,1.3968827957093226,-2.291286799718101,-0.3105429938616547
12.0,152.0,1004.1688232421876,-3.463502233497787,-4.72539610642095,-1.436315799782351,2.1334699404495807,2.800227246543757,1.7767162307917943,0.264874954463242,1.396884834261789,-2.291288378715251,-0.3105429970298286
12.0,152.0,1004.1688232421876,-3.463498509719704,-4.72539584068214,-1.4363158007428878,2.1334699404495807,2.800227640499708,1.7767159895075075,0.2648749546594537,1.3968827957093226,-2.291288342102195,-0.3105429950513825
12.0,152.0,1004.1688232421876,-3.4634988732231853,-4.72539585140278,-1.4363157981073136,2.1334699404495807,2.800227210115245,1.7767159913004014,0.2648749546594537,1.3968828011327494,-2.291288342102195,-0.3105429950951215
12.0,152.0,1004.1688232421876,-3.463498509719704,-4.72539584068214,-1.4363158007428878,2.1334699404495807,2.800227640499708,1.7767159895075075,0.2648749546594537,1.3968827957093226,-2.291288342102195,-0.3105429950513825
12.0,152.0,1004.1688232421876,-3.463503013553671,-4.725395440018096,-1.4363157997362748,2.1334699404495807,2.8002272463284887,1.7767162353002366,0.2648749544500063,1.396884834261789,-2.2911998190071587,-0.310542996998004
12.0,152.0,1004.1688232421876,-3.463498509719704,-4.725395832595966,-1.4363158007428878,2.1334699404495807,2.800227640499708,1.7767159887609432,0.2648749544320222,1.3968827957093226,-2.291288342102195,-0.3105429950508219
12.0,152.0,1004.1688232421876,-3.463498509719704,-4.725395842518416,-1.4363158007428878,2.1334699404495807,2.8002272462449365,1.7767159866898543,0.2648749544497942,1.3968828694576876,-2.291288346902083,-0.3105429944921509
12.0,152.0,1004.1688232421876,-3.4634991607534964,-4.72539584068214,-1.4363158006751582,2.1334699404495807,2.8002272528539685,1.7767159895075075,0.2648749546594537,1.396882627331266,-2.2912883648497697,-0.3105429950513825
12.0,152.0,1004.1688232421876,-3.463498509719704,-4.72539584068214,-1.4363158007428878,2.1334699404495807,2.800227640499708,1.7767159895075075,0.2648749546594537,1.3968827957093226,-2.291288342102195,-0.3105429950513825
12.0,152.0,1004.1688232421876,-3.463502199157473,-4.725385284861874,-1.436315799771619,2.1334699404495807,2.80022790496009,1.776715995870822,0.2648749544358844,1.3968829166100545,-2.291286521257249,-0.3105429950513825
12.0,152.0,1004.1688232421876,-3.463502233497787,-4.72539610642095,-1.436315800730053,2.1334699404495807,2.800227246685723,1.7767159876776917,0.264874954463242,1.3968854004994269,-2.291288346955597,-0.3105429951105465
12.0,152.0,1004.1688232421876,-3.463503923404542,-4.725395800000323,-1.4363158007720644,2.1334699404495807,2.800227277007086,1.7767162353300416,0.2648749544647371,1.3968827957093226,-2.29128836901565,-0.3105429950513825
12.0,152.0,1004.1688232421876,-3.463503013553671,-4.725395440018096,-1.4363157997362748,2.1334699404495807,2.8002272463284887,1.7767162353002366,0.2648749544500063,1.396884834261789,-2.2911998190071587,-0.310542996998004
12.0,152.0,1004.1688232421876,-3.463498509719704,-4.725395862417362,-1.4363158007705843,2.1334699404495807,2.8002272460220667,1.7767159895075075,0.2648749544477963,1.3968827957093226,-2.291290571724605,-0.3105429950513825
12.0,152.0,1004.1688232421876,-3.463503978353161,-4.725395603871957,-1.4363158007478911,2.1334699404495807,2.800227277007086,1.7767162353300416,0.2648749544365486,1.396882802965965,-2.2912884169157293,-0.3105429950513825
12.0,152.0,1004.1688232421876,-3.463503923404542,-4.725395869850984,-1.4363158007720644,2.1334699404495807,2.8002272443564458,1.7767162353300416,0.2648749544483667,1.3968826347046983,-2.291288507553448,-0.3105429950513825
12.0,152.0,1004.1688232421876,-3.463498509719704,-4.72539584068214,-1.4363158007428878,2.1334699404495807,2.800227640499708,1.7767159895075075,0.2648749546594537,1.3968827957093226,-2.291288342102195,-0.3105429950513825
12.0,152.0,1004.1688232421876,-3.463498509719704,-4.725395829629496,-1.4363158007428878,2.1334699404495807,2.800227246331422,1.776715983801472,0.2648749544497884,1.3968827957093226,-2.29128836783335,-0.3105429969842429
12.0,152.0,1004.1688232421876,-3.463498509719704,-4.725395832595966,-1.4363158007428878,2.1334699404495807,2.800227640499708,1.7767159887609432,0.2648749544320222,1.3968827957093226,-2.291288342102195,-0.3105429950508219
12.0,153.0,1004.1676635742188,-3.4635398300377203,-4.725395832595966,-1.4363158007428878,2.1334699404495807,2.7981443271668582,1.7767159887609432,0.2648749546603997,1.3968827957093226,-2.2912908209190643,-0.3105429950274804
12.0,153.0,1004.1680908203124,-3.463498397910503,-4.725395936762113,-1.4363158006196486,2.1334699404495807,2.798134554931095,1.7767159895075075,0.2648749546595167,1.3968827957093226,-2.2912094844801016,-0.3105429950513825
12.0,153.0,1004.1680908203124,-3.463498397910503,-4.725395936762113,-1.4363158006196486,2.1334699404495807,2.798134554931095,1.7767159895075075,0.2648749546595167,1.3968827957093226,-2.2912094844801016,-0.3105429950513825
12.0,153.0,1004.1680908203124,-3.463498400054795,-4.725395936762113,-1.4363158006258916,2.1334699404495807,2.798132957855862,1.7767159895075075,0.2648749546595167,1.3968827957093226,-2.2912094844801016,-0.3105429950513825
12.0,153.0,1004.1681518554688,-3.463498397910503,-4.725395829417857,-1.4363158007421957,2.1334699404495807,2.798134554931095,1.7767159895075075,0.2648749546595167,1.3968827957093226,-2.2912861146162804,-0.3105429950513825
12.0,153.0,1004.168212890625,-3.463498510785669,-4.72539582914436,-1.4363158007421957,2.1334699404495807,2.7980716722593577,1.7767159895075075,0.2648749546595167,1.3968827957093226,-2.2912861146162804,-0.3105429950513825
12.0,153.0,1004.16845703125,-3.463546999353057,-4.725395840839319,-1.4363158007428878,2.1334699404495807,2.800227640499708,1.7767159887620454,0.2648749546594405,1.3968827957093226,-2.291288294779388,-0.3105429950266747
12.0,153.0,1004.16845703125,-3.4635423021361267,-4.725395840682167,-1.4363158007428878,2.1334699404495807,2.800227640499708,1.7767159887364254,0.2648749546595038,1.3968827957093226,-2.291288353042493,-0.3105429950512022
12.0,153.0,1004.16845703125,-3.463542595433286,-4.72539583229149,-1.4363158007428878,2.1334699404495807,2.800227640499708,1.7767159887668311,0.2648749546603997,1.3968827957093226,-2.2912868373530872,-0.3105429950497467
12.0,153.0,1004.1685180664062,-3.463539158034158,-4.725395832595966,-1.4363158007428878,2.1334699404495807,2.800227640499708,1.7767159887609432,0.2648749546603997,1.3968827957093226,-2.2912868373530872,-0.3105429950266747
12.0,153.0,1004.1685180664062,-3.463539158034158,-4.725395832595966,-1.4363158007428878,2.1334699404495807,2.800227640499708,1.7767159887668311,0.2648749546603997,1.3968827957093226,-2.2912868373530872,-0.3105429950494299
12.0,153.0,1004.1685180664062,-3.463539158034158,-4.725395832595966,-1.4363158007428878,2.1334699404495807,2.800227640499708,1.7767159887609432,0.2648749546603997,1.3968827957093226,-2.2912868373530872,-0.3105429950266747
12.0,153.0,1004.1685180664062,-3.463539158034158,-4.725395832595966,-1.436315800747641,2.1334699404495807,2.800227640499708,1.7767160073376849,0.2648749546603997,1.3968827957093226,-2.2912868373530872,-0.3105429950494299
12.0,153.0,1004.1685180664062,-3.463539428072415,-4.725395942534759,-1.4363158007480656,2.1334699404495807,2.800227640499708,1.7767159887609432,0.2648749544535616,1.396882854584087,-2.291274029284138,-0.3105429950266747
12.0,153.0,1004.1685180664062,-3.463539158034158,-4.72539584070195,-1.4363158007428878,2.1334699404495807,2.800227640499708,1.7767159887668311,0.2648749546603997,1.3968827957093226,-2.2912883730286806,-0.3105429950494299
12.0,153.0,1004.1685180664062,-3.463539158034158,-4.725395832595966,-1.4363158007428878,2.1334699404495807,2.800227640499708,1.7767159887609432,0.2648749546603997,1.3968827957093226,-2.2912868373530872,-0.3105429950266747
12.0,153.0,1004.1685180664062,-3.463539158034158,-4.725395939940223,-1.4363158006203407,2.1334699404495807,2.800227640499708,1.7767159887609432,0.2648749546603997,1.3968827957093226,-2.291210207216908,-0.3105429950266747
12.0,153.0,1004.1685180664062,-3.463541448252176,-4.72539584083609,-1.4363158007428878,2.1334699404495807,2.800227640499708,1.7767159887620454,0.2648749546594405,1.3968827957093226,-2.291288294779388,-0.3105429950266747
12.0,153.0,1004.1685180664062,-3.463539158034158,-4.725395832595966,-1.4363158007428878,2.1334699404495807,2.8002272476836065,1.77671599196729,0.2648749546635281,1.396882843680838,-2.291286202374149,-0.310542995230297
12.0,153.0,1004.1685180664062,-3.4635423021361267,-4.725395840668913,-1.4363158007428878,2.1334699404495807,2.800227640499708,1.7767159887364254,0.2648749546603997,1.3968827957093226,-2.2912868373530872,-0.3105429950266747
12.0,153.0,1004.1685180664062,-3.463539158034158,-4.72539584070195,-1.4363158007428878,2.1334699404495807,2.800227640499708,1.7767159887668311,0.2648749546603997,1.3968827957093226,-2.291288419201285,-0.3105429950513524
12.0,153.0,1004.1685180664062,-3.463539428072415,-4.725396027865697,-1.4363158007480656,2.1334699404495807,2.800227640499708,1.7767159887609432,0.2648749544535616,1.3968828553618675,-2.291286502966842,-0.310542995051476
12.0,153.0,1004.1685180664062,-3.463539158034158,-4.725395841161333,-1.436315800747641,2.1334699404495807,2.800227640499708,1.7767160073376849,0.2648749546603997,1.3968827957093226,-2.2912868373530872,-0.3105429950494299
12.0,153.0,1004.1685180664062,-3.463539158034158,-4.725395939940223,-1.4363158006264272,2.1334699404495807,2.800227640499708,1.7767159887612485,0.2648749546603997,1.3968827957093226,-2.291210207216908,-0.3105429950266747
12.0,153.0,1004.1685180664062,-3.463539158034158,-4.72539584046258,-1.4363158007428878,2.1334699404495807,2.800227640499708,1.7767159837098645,0.2648749544442721,1.3968827957093226,-2.2912868373530872,-0.3105429950266747
12.0,153.0,1004.1685180664062,-3.463540415627957,-4.725395942534759,-1.4363158007480656,2.1334699404495807,2.800227640499708,1.7767159887609432,0.2648749544535616,1.3968827947715556,-2.291274029284138,-0.3105429950266747
12.0,153.0,1004.1685180664062,-3.463539158034158,-4.725395937605402,-1.4363158006264272,2.1334699404495807,2.800227640499708,1.7767159887662276,0.2648749546594591,1.3968827957093226,-2.291210207216908,-0.3105429950266747
12.0,153.0,1004.1685180664062,-3.463538864736999,-4.725395840973389,-1.4363158007428878,2.1334699404495807,2.800227640499708,1.7767159887364254,0.2648749546603997,1.3968827957093226,-2.2912868373530872,-0.3105429950263578
12.0,153.0,1004.1685180664062,-3.463539158034158,-4.725395832595966,-1.436315800747452,2.1334699404495807,2.800227640499708,1.7767160073376849,0.2648749546603997,1.3968827957093226,-2.2912868373530872,-0.3105429950477409
12.0,153.0,1004.1685180664062,-3.463538798510951,-4.7253958210004825,-1.4363158007428878,2.1334699404495807,2.800227640499708,1.7767159839592763,0.2648749546594537,1.3968827957093226,-2.291286837859727,-0.3105429938616547
12.0,153.0,1004.1685180664062,-3.463539158034158,-4.725395939940223,-1.4363158006264272,2.1334699404495807,2.800227640499708,1.7767159887609372,0.2648749546603997,1.3968827957093226,-2.2912892932590263,-0.3105429950266747
12.0,153.0,1004.1688232421876,-3.463498509719704,-4.72539584068214,-1.4363158007428878,2.1334699404495807,2.800227640499708,1.7767159895075075,0.2648749546594537,1.3968827957093226,-2.291288342102195,-0.3105429950513825
12.0,153.0,1004.1688232421876,-3.463498509719704,-4.72539584068214,-1.4363158007428878,2.1334699404495807,2.800227640499708,1.7767159895075075,0.2648749546594537,1.3968827957093226,-2.291288342102195,-0.3105429950513825
12.0,153.0,1004.1688232421876,-3.463498509719704,-4.72539584068214,-1.4363158007428878,2.1334699404495807,2.800227640499708,1.7767159895075075,0.2648749546594537,1.3968827957093226,-2.291288342102195,-0.3105429950513825
12.0,153.0,1004.1688232421876,-3.463503013553671,-4.725395440018096,-1.4363157997362748,2.1334699404495807,2.8002272463284887,1.7767162353002366,0.2648749544500063,1.396884834261789,-2.2911998190071587,-0.310542996998004
12.0,153.0,1004.1688232421876,-3.463502287945866,-4.725395943048072,-1.4363157997785392,2.1334699404495807,2.800227246543757,1.7767162307917943,0.264874954463242,1.396884834261789,-2.291210480458352,-0.3105429970424978
12.0,153.0,1004.1688232421876,-3.463498509719704,-4.72539584068214,-1.4363158007428878,2.1334699404495807,2.800227249370441,1.776715983801472,0.2648749544497884,1.3968827957093226,-2.291288346902083,-0.3105429950513825
12.0,153.0,1004.1688232421876,-3.463503013553671,-4.725395440018096,-1.4363157997362748,2.1334699404495807,2.8002272463284887,1.7767162353002366,0.2648749544500063,1.396884834261789,-2.2911998190071587,-0.310542996998004
12.0,153.0,1004.1688232421876,-3.463503729570575,-4.725395440018096,-1.4363157998690306,2.1334699404495807,2.8002272463284887,1.776716230156169,0.2648749544500063,1.396884834261789,-2.291286200617064,-0.3105429969954437
12.0,153.0,1004.1688232421876,-3.463498509719704,-4.72539584068214,-1.4363158007428878,2.1334699404495807,2.800227249370441,1.776715983801472,0.2648749544497884,1.3968827957093226,-2.291288346902083,-0.3105429950513825
12.0,153.0,1004.1688232421876,-3.463498509719704,-4.72539584068214,-1.4363158007428878,2.1334699404495807,2.800227640499708,1.7767159895075075,0.2648749546594537,1.3968827957093226,-2.291288342102195,-0.3105429950513825
12.0,153.0,1004.1688232421876,-3.463498509719704,-4.725395842518416,-1.4363158007428878,2.1334699404495807,2.8002272462449365,1.776715983801472,0.2648749544497942,1.3968829241919,-2.291288346902083,-0.3105429950514641
12.0,153.0,1004.1688232421876,-3.463498509719704,-4.725396457353329,-1.4363158007428878,2.1334699404495807,2.800227640499708,1.7767159839592763,0.2648749546594537,1.3968827957093226,-2.291286799718101,-0.3105429938616547
12.0,153.0,1004.1688232421876,-3.463502233497787,-4.72539610642095,-1.436315799782351,2.1334699404495807,2.800227246543757,1.7767162307917943,0.264874954463242,1.396884834261789,-2.291288378715251,-0.3105429970298286
12.0,153.0,1004.1688232421876,-3.463498509719704,-4.72539584068214,-1.4363158007428878,2.1334699404495807,2.800227640499708,1.7767159895075075,0.2648749546594537,1.3968827957093226,-2.291288342102195,-0.3105429950513825
12.0,153.0,1004.1688232421876,-3.4634988732231853,-4.72539585140278,-1.4363157981073136,2.1334699404495807,2.800227210115245,1.7767159913004014,0.2648749546594537,1.3968828011327494,-2.291288342102195,-0.3105429950951215
12.0,153.0,1004.1688232421876,-3.463498509719704,-4.72539584068214,-1.4363158007428878,2.1334699404495807,2.800227640499708,1.7767159895075075,0.2648749546594537,1.3968827957093226,-2.291288342102195,-0.3105429950513825
12.0,153.0,1004.1688232421876,-3.463503013553671,-4.725395440018096,-1.4363157997362748,2.1334699404495807,2.8002272463284887,1.7767162353002366,0.2648749544500063,1.396884834261789,-2.2911998190071587,-0.310542996998004
12.0,153.0,1004.1688232421876,-3.463498509719704,-4.725395832595966,-1.4363158007428878,2.1334699404495807,2.800227640499708,1.7767159887609432,0.2648749544320222,1.3968827957093226,-2.291288342102195,-0.3105429950508219
12.0,153.0,1004.1688232421876,-3.463498509719704,-4.725395842518416,-1.4363158007428878,2.1334699404495807,2.8002272462449365,1.7767159866898543,0.2648749544497942,1.3968828694576876,-2.291288346902083,-0.3105429944921509
12.0,154.0,1004.1676635742188,-3.4635398300377203,-4.725395832595966,-1.4363158007428878,2.1334699404495807,2.7981443271668582,1.7767159887609432,0.2648749546603997,1.3968827957093226,-2.2912908209190643,-0.3105429950274804
12.0,154.0,1004.1676635742188,-3.4635398290653137,-4.725395832607977,-1.4363158007428878,2.1334699404495807,2.7981443271668582,1.7767159835538675,0.2648749546667674,1.3968827957093226,-2.291286818729769,-0.3105429950274804
12.0,154.0,1004.1680908203124,-3.463498397910503,-4.725395936762113,-1.4363158006196486,2.1334699404495807,2.798134554931095,1.7767159895075075,0.2648749546595167,1.3968827957093226,-2.2912094844801016,-0.3105429950513825
12.0,154.0,1004.1680908203124,-3.463498397910503,-4.725395936762113,-1.4363158006196486,2.1334699404495807,2.798134554931095,1.7767159895075075,0.2648749546595167,1.3968827957093226,-2.2912094844801016,-0.3105429950513825
12.0,154.0,1004.1680908203124,-3.463498400054795,-4.725395936762113,-1.4363158006258916,2.1334699404495807,2.798132957855862,1.7767159895075075,0.2648749546595167,1.3968827957093226,-2.2912094844801016,-0.3105429950513825
12.0,154.0,1004.1680908203124,-3.463498400034005,-4.725395936762113,-1.4363158006196486,2.1334699404495807,2.7981330239137128,1.7767159895075075,0.2648749546595167,1.3968827957093226,-2.2912094844801016,-0.3105429950513825
12.0,154.0,1004.1680908203124,-3.463498397931293,-4.725395936762113,-1.4363158006258916,2.1334699404495807,2.798134488873244,1.7767159895075075,0.2648749546595167,1.3968827957093226,-2.2912094844801016,-0.3105429950513825
12.0,154.0,1004.1681518554688,-3.463498397910503,-4.725395829417857,-1.4363158007421957,2.1334699404495807,2.798134554931095,1.7767159895075075,0.2648749546595167,1.3968827957093226,-2.2912861146162804,-0.3105429950513825
12.0,154.0,1004.1681518554688,-3.463498304979397,-4.725395936762113,-1.4363158006196486,2.1334699404495807,2.798134554931095,1.77671598946155,0.2648749546595078,1.3968827957093226,-2.291286088225592,-0.3105429950494097
12.0,154.0,1004.168212890625,-3.463498510785669,-4.72539582914436,-1.4363158007421957,2.1334699404495807,2.7980716722593577,1.7767159895075075,0.2648749546595167,1.3968827957093226,-2.2912861146162804,-0.3105429950513825
12.0,154.0,1004.168212890625,-3.463498510785669,-4.72539582914436,-1.4363158007421748,2.1334699404495807,2.7980716722593577,1.7767159895075075,0.264874954659515,1.3968827957093226,-2.2912861366736887,-0.3105429950513825
12.0,154.0,1004.16845703125,-3.463546999353057,-4.725395840839319,-1.4363158007428878,2.1334699404495807,2.800227640499708,1.7767159887620454,0.2648749546594405,1.3968827957093226,-2.291288294779388,-0.3105429950266747
12.0,154.0,1004.16845703125,-3.4635423021361267,-4.725395840682167,-1.4363158007428878,2.1334699404495807,2.800227640499708,1.7767159887364254,0.2648749546595038,1.3968827957093226,-2.291288353042493,-0.3105429950512022
12.0,154.0,1004.16845703125,-3.463542595433286,-4.72539583229149,-1.4363158007428878,2.1334699404495807,2.800227640499708,1.7767159887668311,0.2648749546603997,1.3968827957093226,-2.2912868373530872,-0.3105429950497467
12.0,154.0,1004.16845703125,-3.463542595433286,-4.725395840552856,-1.4363158007428878,2.1334699404495807,2.800227640499708,1.7767159887350252,0.2648749546595095,1.3968827957093226,-2.2912868373530872,-0.3105429950497467
12.0,154.0,1004.1685180664062,-3.463539158034158,-4.725395832595966,-1.4363158007428878,2.1334699404495807,2.800227640499708,1.7767159887609432,0.2648749546603997,1.3968827957093226,-2.2912868373530872,-0.3105429950266747
12.0,154.0,1004.1685180664062,-3.463539158034158,-4.725395832595966,-1.4363158007428878,2.1334699404495807,2.800227640499708,1.7767159887668311,0.2648749546603997,1.3968827957093226,-2.2912868373530872,-0.3105429950494299
12.0,154.0,1004.1685180664062,-3.463539158034158,-4.725395832595966,-1.4363158007428878,2.1334699404495807,2.800227640499708,1.7767159887609432,0.2648749546603997,1.3968827957093226,-2.2912868373530872,-0.3105429950266747
12.0,154.0,1004.1685180664062,-3.463539158034158,-4.725395832595966,-1.436315800747641,2.1334699404495807,2.800227640499708,1.7767160073376849,0.2648749546603997,1.3968827957093226,-2.2912868373530872,-0.3105429950494299
12.0,154.0,1004.1685180664062,-3.463539428072415,-4.725395942534759,-1.4363158007480656,2.1334699404495807,2.800227640499708,1.7767159887609432,0.2648749544535616,1.396882854584087,-2.291274029284138,-0.3105429950266747
12.0,154.0,1004.1685180664062,-3.463539158034158,-4.72539584070195,-1.4363158007428878,2.1334699404495807,2.800227640499708,1.7767159887668311,0.2648749546603997,1.3968827957093226,-2.2912883730286806,-0.3105429950494299
12.0,154.0,1004.1685180664062,-3.463539158034158,-4.725395832595966,-1.4363158007428878,2.1334699404495807,2.800227640499708,1.7767159887609432,0.2648749546603997,1.3968827957093226,-2.2912868373530872,-0.3105429950266747
12.0,154.0,1004.1685180664062,-3.463539158034158,-4.725395939940223,-1.4363158006203407,2.1334699404495807,2.800227640499708,1.7767159887609432,0.2648749546603997,1.3968827957093226,-2.291210207216908,-0.3105429950266747
12.0,154.0,1004.1685180664062,-3.463541448252176,-4.72539584083609,-1.4363158007428878,2.1334699404495807,2.800227640499708,1.7767159887620454,0.2648749546594405,1.3968827957093226,-2.291288294779388,-0.3105429950266747
12.0,154.0,1004.1685180664062,-3.463539158034158,-4.725395832595966,-1.4363158007428878,2.1334699404495807,2.8002272476836065,1.77671599196729,0.2648749546635281,1.396882843680838,-2.291286202374149,-0.310542995230297
12.0,154.0,1004.1685180664062,-3.4635423021361267,-4.725395840668913,-1.4363158007428878,2.1334699404495807,2.800227640499708,1.7767159887364254,0.2648749546603997,1.3968827957093226,-2.2912868373530872,-0.3105429950266747
12.0,154.0,1004.1685180664062,-3.463539158034158,-4.72539584070195,-1.4363158007428878,2.1334699404495807,2.800227640499708,1.7767159887668311,0.2648749546603997,1.3968827957093226,-2.291288419201285,-0.3105429950513524
12.0,154.0,1004.1685180664062,-3.463539428072415,-4.725396027865697,-1.4363158007480656,2.1334699404495807,2.800227640499708,1.7767159887609432,0.2648749544535616,1.3968828553618675,-2.291286502966842,-0.310542995051476
12.0,154.0,1004.1685180664062,-3.463539158034158,-4.725395841161333,-1.436315800747641,2.1334699404495807,2.800227640499708,1.7767160073376849,0.2648749546603997,1.3968827957093226,-2.2912868373530872,-0.3105429950494299
12.0,154.0,1004.1685180664062,-3.463539158034158,-4.725395939940223,-1.4363158006264272,2.1334699404495807,2.800227640499708,1.7767159887612485,0.2648749546603997,1.3968827957093226,-2.291210207216908,-0.3105429950266747
12.0,154.0,1004.1685180664062,-3.463539158034158,-4.72539584046258,-1.4363158007428878,2.1334699404495807,2.800227640499708,1.7767159837098645,0.2648749544442721,1.3968827957093226,-2.2912868373530872,-0.3105429950266747
12.0,154.0,1004.1685180664062,-3.463540415627957,-4.725395942534759,-1.4363158007480656,2.1334699404495807,2.800227640499708,1.7767159887609432,0.2648749544535616,1.3968827947715556,-2.291274029284138,-0.3105429950266747
12.0,154.0,1004.1685180664062,-3.463539158034158,-4.725395937605402,-1.4363158006264272,2.1334699404495807,2.800227640499708,1.7767159887662276,0.2648749546594591,1.3968827957093226,-2.291210207216908,-0.3105429950266747
12.0,154.0,1004.1685180664062,-3.463538864736999,-4.725395840973389,-1.4363158007428878,2.1334699404495807,2.800227640499708,1.7767159887364254,0.2648749546603997,1.3968827957093226,-2.2912868373530872,-0.3105429950263578
12.0,154.0,1004.1685180664062,-3.463539158034158,-4.725395832595966,-1.436315800747452,2.1334699404495807,2.800227640499708,1.7767160073376849,0.2648749546603997,1.3968827957093226,-2.2912868373530872,-0.3105429950477409
12.0,154.0,1004.1685180664062,-3.463538798510951,-4.7253958210004825,-1.4363158007428878,2.1334699404495807,2.800227640499708,1.7767159839592763,0.2648749546594537,1.3968827957093226,-2.291286837859727,-0.3105429938616547
12.0,154.0,1004.1685180664062,-3.463539158034158,-4.725395939940223,-1.4363158006264272,2.1334699404495807,2.800227640499708,1.7767159887609372,0.2648749546603997,1.3968827957093226,-2.2912892932590263,-0.3105429950266747
12.0,154.0,1004.1685180664062,-3.463539158034158,-4.725395832595966,-1.436315800747641,2.1334699404495807,2.800227640499708,1.7767160073376849,0.2648749546603997,1.3968827957093226,-2.2912868373530872,-0.3105429950494299
12.0,154.0,1004.1685180664062,-3.4635391651831777,-4.725395840973389,-1.4363158007428878,2.1334699404495807,2.800227640499708,1.7767159887357509,0.2648749546603997,1.3968827957093226,-2.2912868373530872,-0.310542995026676
12.0,154.0,1004.1685180664062,-3.463539808712957,-4.725395942534759,-1.4363158007480656,2.1334699404495807,2.800227208323212,1.7767159887724808,0.2648749544832957,1.3968827947715556,-2.291288448818777,-0.3105429950266747
12.0,154.0,1004.1685180664062,-3.463539158034158,-4.725395840970141,-1.4363158007428878,2.1334699404495807,2.800227640499708,1.7767159887643675,0.2648749546603997,1.3968827957093226,-2.291288419201285,-0.3105429950513524
12.0,154.0,1004.1685180664062,-3.4635391371507094,-4.725395840682167,-1.4363158006228445,2.1334699404495807,2.800227640499708,1.7767159887364254,0.2648749546595044,1.3968827957093226,-2.29121227776206,-0.3105429950512022
12.0,154.0,1004.1685180664062,-3.4635392509652645,-4.72539584070195,-1.4363158007428878,2.1334699404495807,2.800227640499708,1.7767159888127886,0.2648749546604087,1.3968827957093226,-2.2912117692831906,-0.3105429950514026
12.0,154.0,1004.1685180664062,-3.463541448252176,-4.72539584083609,-1.4363158007429084,2.1334699404495807,2.800227640499708,1.7767159887620454,0.2648749546594423,1.3968827957093226,-2.29128827272198,-0.3105429950266747
12.0,154.0,1004.1685180664062,-3.463539158034158,-4.725395819098782,-1.4363158006264272,2.1334699404495807,2.800227640499708,1.776715988711106,0.2648749546594591,1.3968827957093226,-2.291210207216908,-0.3105429950266747
12.0,154.0,1004.1685180664062,-3.4635423021361267,-4.725395840668913,-1.4363158007428878,2.1334699404495807,2.800227640499708,1.7767159887377553,0.2648749546603997,1.3968827957093226,-2.2912868373530872,-0.3105429950266747
12.0,154.0,1004.1685180664062,-3.463538864736999,-4.725395840705198,-1.4363158007428878,2.1334699404495807,2.800227640499708,1.7767159887388893,0.2648749546603997,1.3968827957093226,-2.2912868373530872,-0.3105429950263578
12.0,154.0,1004.1685180664062,-3.463539158034158,-4.725395936803814,-1.4363158006195518,2.1334699404495807,2.800227640499708,1.7767159887612485,0.2648749546603997,1.3968827957093226,-2.291210207216908,-0.3105429950294609
12.0,154.0,1004.1685180664062,-3.463538798510951,-4.7253958210004825,-1.4363158007428878,2.1334699404495807,2.800227640499708,1.7767159895154354,0.2648749546594537,1.3968827957093226,-2.2912868810218026,-0.3105429937055298
12.0,154.0,1004.1688232421876,-3.463498509719704,-4.72539584068214,-1.4363158007428878,2.1334699404495807,2.800227640499708,1.7767159895075075,0.2648749546594537,1.3968827957093226,-2.291288342102195,-0.3105429950513825
12.0,155.0,1004.16748046875,-3.463541448252176,-4.725395840689621,-1.4363158007428878,2.1334699404495807,2.798241065690089,1.776715988770366,0.2648749546594435,1.3968827957093226,-2.291288485767666,-0.310542995027212
12.0,155.0,1004.1676635742188,-3.4635398300377203,-4.725395832595966,-1.4363158007428878,2.1334699404495807,2.7981443271668582,1.7767159887609432,0.2648749546603997,1.3968827957093226,-2.2912908209190643,-0.3105429950274804
12.0,155.0,1004.1676635742188,-3.4635398290653137,-4.725395832607977,-1.4363158007428878,2.1334699404495807,2.7981443271668582,1.7767159835538675,0.2648749546667674,1.3968827957093226,-2.291286818729769,-0.3105429950274804
12.0,155.0,1004.1676635742188,-3.4635398300377203,-4.725395832595966,-1.4363158007428878,2.1334699404495807,2.7981443271668582,1.7767159887609432,0.2648749546603997,1.3968827957093226,-2.2912908209190643,-0.3105429950257992
12.0,155.0,1004.1676635742188,-3.463542595433286,-4.725395840552856,-1.4363158007389163,2.1334699404495807,2.7981014541519644,1.776715988804434,0.2648749546595095,1.3968827957093226,-2.291287638637818,-0.3105429950497467
12.0,155.0,1004.167724609375,-3.463540811556068,-4.725395832595966,-1.4363158007422014,2.1334699404495807,2.7980710981706687,1.7767159887609432,0.2648749546603997,1.3968827957093226,-2.291286526875074,-0.3105429950268653
12.0,155.0,1004.1680908203124,-3.463498397910503,-4.725395936762113,-1.4363158006196486,2.1334699404495807,2.798134554931095,1.7767159895075075,0.2648749546595167,1.3968827957093226,-2.2912094844801016,-0.3105429950513825
12.0,155.0,1004.1680908203124,-3.463498397910503,-4.725395936762113,-1.4363158006196486,2.1334699404495807,2.798134554931095,1.7767159895075075,0.2648749546595167,1.3968827957093226,-2.2912094844801016,-0.3105429950513825
12.0,155.0,1004.1680908203124,-3.463498400054795,-4.725395936762113,-1.4363158006258916,2.1334699404495807,2.798132957855862,1.7767159895075075,0.2648749546595167,1.3968827957093226,-2.2912094844801016,-0.3105429950513825
12.0,155.0,1004.1680908203124,-3.463498400034005,-4.725395936762113,-1.4363158006196486,2.1334699404495807,2.7981330239137128,1.7767159895075075,0.2648749546595167,1.3968827957093226,-2.2912094844801016,-0.3105429950513825
12.0,155.0,1004.1680908203124,-3.463498397931293,-4.725395936762113,-1.4363158006258916,2.1334699404495807,2.798134488873244,1.7767159895075075,0.2648749546595167,1.3968827957093226,-2.2912094844801016,-0.3105429950513825
12.0,155.0,1004.1680908203124,-3.463498397910503,-4.725395936055775,-1.4363158006196486,2.1334699404495807,2.798134554931095,1.7767159894732871,0.2648749546595045,1.3968827957093226,-2.2912094844801016,-0.3105429950513966
12.0,155.0,1004.1680908203124,-3.463498235674809,-4.725395936762113,-1.4363158006128272,2.1334699404495807,2.7981330239137128,1.776715989354126,0.2648749546669502,1.3968827957093226,-2.2912041687709106,-0.3105429950513825
12.0,155.0,1004.1680908203124,-3.463498397854082,-4.725395829417857,-1.436315800624439,2.1334699404495807,2.79813462550368,1.7767159895075075,0.2648749546595167,1.3968827957093226,-2.2912116352936205,-0.3105429950513825
12.0,155.0,1004.1681518554688,-3.463498397910503,-4.725395829417857,-1.4363158007421957,2.1334699404495807,2.798134554931095,1.7767159895075075,0.2648749546595167,1.3968827957093226,-2.2912861146162804,-0.3105429950513825
12.0,155.0,1004.1681518554688,-3.463498304979397,-4.725395936762113,-1.4363158006196486,2.1334699404495807,2.798134554931095,1.77671598946155,0.2648749546595078,1.3968827957093226,-2.291286088225592,-0.3105429950494097
12.0,155.0,1004.1681518554688,-3.4634975292673205,-4.72539582914436,-1.4363158007428818,2.1334699404495807,2.798144901255547,1.7767159895075075,0.2648749546595167,1.3968827957093226,-2.2912904086602706,-0.3105429950519975
12.0,155.0,1004.1681518554688,-3.463498400111216,-4.725395936762113,-1.436315800743648,2.1334699404495807,2.798132887283277,1.7767159895075075,0.2648749546595167,1.3968827957093226,-2.2912839638027616,-0.3105429950513825
12.0,155.0,1004.1681518554688,-3.4634989284293503,-4.725395933617931,-1.4363158007440715,2.1334699404495807,2.7981257614835404,1.7767159887364254,0.2648749546603997,1.3968827957093226,-2.2912868373530872,-0.3105429950266747
12.0,155.0,1004.1681518554688,-3.463498510785669,-4.72539582914436,-1.4363158007421748,2.1334699404495807,2.7981322747867288,1.7767159895075075,0.264874954659515,1.3968827957093226,-2.291283789074789,-0.3105429950513825
12.0,155.0,1004.168212890625,-3.463498510785669,-4.72539582914436,-1.4363158007421957,2.1334699404495807,2.7980716722593577,1.7767159895075075,0.2648749546595167,1.3968827957093226,-2.2912861146162804,-0.3105429950513825
12.0,155.0,1004.168212890625,-3.463498510785669,-4.72539582914436,-1.4363158007421748,2.1334699404495807,2.7980716722593577,1.7767159895075075,0.264874954659515,1.3968827957093226,-2.2912861366736887,-0.3105429950513825
12.0,155.0,1004.168212890625,-3.463498400054795,-4.725395936762113,-1.4363158006258916,2.1334699404495807,2.798072355328491,1.7767159895075075,0.2648749546595167,1.3968827957093226,-2.291211832079001,-0.3105429950513825
12.0,155.0,1004.168212890625,-3.463498510785669,-4.725395830649231,-1.4363158007428822,2.1334699404495807,2.7980716722593577,1.776715989507426,0.2648749546594531,1.3968827957093226,-2.291286916122021,-0.3105429949892535
12.0,155.0,1004.1682739257812,-3.463539602854272,-4.725395840682167,-1.4363158006228445,2.1334699404495807,2.800094385651794,1.7767159887929476,0.2648749546595169,1.3968827957093226,-2.291212157389966,-0.3105429950512022
12.0,155.0,1004.16845703125,-3.463546999353057,-4.725395840839319,-1.4363158007428878,2.1334699404495807,2.800227640499708,1.7767159887620454,0.2648749546594405,1.3968827957093226,-2.291288294779388,-0.3105429950266747
12.0,155.0,1004.16845703125,-3.4635423021361267,-4.725395840682167,-1.4363158007428878,2.1334699404495807,2.800227640499708,1.7767159887364254,0.2648749546595038,1.3968827957093226,-2.291288353042493,-0.3105429950512022
12.0,155.0,1004.16845703125,-3.463542595433286,-4.72539583229149,-1.4363158007428878,2.1334699404495807,2.800227640499708,1.7767159887668311,0.2648749546603997,1.3968827957093226,-2.2912868373530872,-0.3105429950497467
12.0,155.0,1004.16845703125,-3.463542595433286,-4.725395840552856,-1.4363158007428878,2.1334699404495807,2.800227640499708,1.7767159887350252,0.2648749546595095,1.3968827957093226,-2.2912868373530872,-0.3105429950497467
12.0,155.0,1004.16845703125,-3.463546999353057,-4.72539584140487,-1.4363158007428878,2.1334699404495807,2.800227640499708,1.7767159887620454,0.2648749546594405,1.3968827957093226,-2.291288294779388,-0.3105429950266747
12.0,155.0,1004.1685180664062,-3.463539158034158,-4.725395832595966,-1.4363158007428878,2.1334699404495807,2.800227640499708,1.7767159887609432,0.2648749546603997,1.3968827957093226,-2.2912868373530872,-0.3105429950266747
12.0,155.0,1004.1685180664062,-3.463539158034158,-4.725395832595966,-1.4363158007428878,2.1334699404495807,2.800227640499708,1.7767159887668311,0.2648749546603997,1.3968827957093226,-2.2912868373530872,-0.3105429950494299
12.0,155.0,1004.1685180664062,-3.463539158034158,-4.725395832595966,-1.4363158007428878,2.1334699404495807,2.800227640499708,1.7767159887609432,0.2648749546603997,1.3968827957093226,-2.2912868373530872,-0.3105429950266747
12.0,155.0,1004.1685180664062,-3.463539158034158,-4.725395832595966,-1.436315800747641,2.1334699404495807,2.800227640499708,1.7767160073376849,0.2648749546603997,1.3968827957093226,-2.2912868373530872,-0.3105429950494299
12.0,155.0,1004.1685180664062,-3.463539428072415,-4.725395942534759,-1.4363158007480656,2.1334699404495807,2.800227640499708,1.7767159887609432,0.2648749544535616,1.396882854584087,-2.291274029284138,-0.3105429950266747
12.0,155.0,1004.1685180664062,-3.463539158034158,-4.72539584070195,-1.4363158007428878,2.1334699404495807,2.800227640499708,1.7767159887668311,0.2648749546603997,1.3968827957093226,-2.2912883730286806,-0.3105429950494299
12.0,155.0,1004.1685180664062,-3.463539158034158,-4.725395832595966,-1.4363158007428878,2.1334699404495807,2.800227640499708,1.7767159887609432,0.2648749546603997,1.3968827957093226,-2.2912868373530872,-0.3105429950266747
12.0,155.0,1004.1685180664062,-3.463539158034158,-4.725395939940223,-1.4363158006203407,2.1334699404495807,2.800227640499708,1.7767159887609432,0.2648749546603997,1.3968827957093226,-2.291210207216908,-0.3105429950266747
12.0,155.0,1004.1685180664062,-3.463541448252176,-4.72539584083609,-1.4363158007428878,2.1334699404495807,2.800227640499708,1.7767159887620454,0.2648749546594405,1.3968827957093226,-2.291288294779388,-0.3105429950266747
12.0,155.0,1004.1685180664062,-3.463539158034158,-4.725395832595966,-1.4363158007428878,2.1334699404495807,2.8002272476836065,1.77671599196729,0.2648749546635281,1.396882843680838,-2.291286202374149,-0.310542995230297
12.0,155.0,1004.1685180664062,-3.4635423021361267,-4.725395840668913,-1.4363158007428878,2.1334699404495807,2.800227640499708,1.7767159887364254,0.2648749546603997,1.3968827957093226,-2.2912868373530872,-0.3105429950266747
12.0,155.0,1004.1685180664062,-3.463539158034158,-4.72539584070195,-1.4363158007428878,2.1334699404495807,2.800227640499708,1.7767159887668311,0.2648749546603997,1.3968827957093226,-2.291288419201285,-0.3105429950513524
12.0,155.0,1004.1685180664062,-3.463539428072415,-4.725396027865697,-1.4363158007480656,2.1334699404495807,2.800227640499708,1.7767159887609432,0.2648749544535616,1.3968828553618675,-2.291286502966842,-0.310542995051476
12.0,155.0,1004.1685180664062,-3.463539158034158,-4.725395841161333,-1.436315800747641,2.1334699404495807,2.800227640499708,1.7767160073376849,0.2648749546603997,1.3968827957093226,-2.2912868373530872,-0.3105429950494299
12.0,155.0,1004.1685180664062,-3.463539158034158,-4.725395939940223,-1.4363158006264272,2.1334699404495807,2.800227640499708,1.7767159887612485,0.2648749546603997,1.3968827957093226,-2.291210207216908,-0.3105429950266747
12.0,155.0,1004.1685180664062,-3.463539158034158,-4.72539584046258,-1.4363158007428878,2.1334699404495807,2.800227640499708,1.7767159837098645,0.2648749544442721,1.3968827957093226,-2.2912868373530872,-0.3105429950266747
12.0,155.0,1004.1685180664062,-3.463540415627957,-4.725395942534759,-1.4363158007480656,2.1334699404495807,2.800227640499708,1.7767159887609432,0.2648749544535616,1.3968827947715556,-2.291274029284138,-0.3105429950266747
12.0,155.0,1004.1685180664062,-3.463539158034158,-4.725395937605402,-1.4363158006264272,2.1334699404495807,2.800227640499708,1.7767159887662276,0.2648749546594591,1.3968827957093226,-2.291210207216908,-0.3105429950266747
12.0,155.0,1004.1685180664062,-3.463538864736999,-4.725395840973389,-1.4363158007428878,2.1334699404495807,2.800227640499708,1.7767159887364254,0.2648749546603997,1.3968827957093226,-2.2912868373530872,-0.3105429950263578
12.0,155.0,1004.1685180664062,-3.463539158034158,-4.725395832595966,-1.436315800747452,2.1334699404495807,2.800227640499708,1.7767160073376849,0.2648749546603997,1.3968827957093226,-2.2912868373530872,-0.3105429950477409
12.0,156.0,1004.1674194335938,-3.463539277557831,-4.725395938019273,-1.436315800622839,2.1334699404495807,2.7982754155813705,1.7767159887340211,0.2648749546595169,1.3968827957093226,-2.291212157389966,-0.3105429950512022
12.0,156.0,1004.16748046875,-3.463541448252176,-4.725395840689621,-1.4363158007428878,2.1334699404495807,2.798241065690089,1.776715988770366,0.2648749546594435,1.3968827957093226,-2.291288485767666,-0.310542995027212
12.0,156.0,1004.1675415039062,-3.4635398300377203,-4.725395832595966,-1.4363158007428878,2.1334699404495807,2.798245065100148,1.7767159887702024,0.2648749546604703,1.3968827957093226,-2.2912883329389,-0.310542995027083
12.0,156.0,1004.1676025390624,-3.463541448252176,-4.725395840689621,-1.4363158007428878,2.1334699404495807,2.7981403277567987,1.7767159887611066,0.2648749546593729,1.3968827957093226,-2.29129097374783,-0.3105429950259282
12.0,156.0,1004.1676635742188,-3.4635398300377203,-4.725395832595966,-1.4363158007428878,2.1334699404495807,2.7981443271668582,1.7767159887609432,0.2648749546603997,1.3968827957093226,-2.2912908209190643,-0.3105429950274804
12.0,156.0,1004.1676635742188,-3.4635398290653137,-4.725395832607977,-1.4363158007428878,2.1334699404495807,2.7981443271668582,1.7767159835538675,0.2648749546667674,1.3968827957093226,-2.291286818729769,-0.3105429950274804
12.0,156.0,1004.1676635742188,-3.4635398300377203,-4.725395832595966,-1.4363158007428878,2.1334699404495807,2.7981443271668582,1.7767159887609432,0.2648749546603997,1.3968827957093226,-2.2912908209190643,-0.3105429950257992
12.0,156.0,1004.1676635742188,-3.463542595433286,-4.725395840552856,-1.4363158007389163,2.1334699404495807,2.7981014541519644,1.776715988804434,0.2648749546595095,1.3968827957093226,-2.291287638637818,-0.3105429950497467
12.0,156.0,1004.1676635742188,-3.463539693352752,-4.725395936762113,-1.4363158007546482,2.1334699404495807,2.798134488873244,1.7767159887738824,0.2648749546595167,1.3968827957093226,-2.29128845232791,-0.3105429950513825
12.0,156.0,1004.1676635742188,-3.463539158034158,-4.725395939940223,-1.4363158006203407,2.1334699404495807,2.798073844408148,1.7767159887609432,0.2648749546603997,1.3968827957093226,-2.291210207216908,-0.3105429950266747
12.0,156.0,1004.167724609375,-3.463540811556068,-4.725395832595966,-1.4363158007422014,2.1334699404495807,2.7980710981706687,1.7767159887609432,0.2648749546603997,1.3968827957093226,-2.291286526875074,-0.3105429950268653
12.0,156.0,1004.167724609375,-3.463540807891394,-4.725395832595966,-1.4363158007422014,2.1334699404495807,2.798068706611434,1.7767159887609432,0.2648749546603997,1.3968827957093226,-2.291286526875074,-0.3105429950268642
12.0,156.0,1004.1680908203124,-3.463498397910503,-4.725395936762113,-1.4363158006196486,2.1334699404495807,2.798134554931095,1.7767159895075075,0.2648749546595167,1.3968827957093226,-2.2912094844801016,-0.3105429950513825
12.0,156.0,1004.1680908203124,-3.463498397910503,-4.725395936762113,-1.4363158006196486,2.1334699404495807,2.798134554931095,1.7767159895075075,0.2648749546595167,1.3968827957093226,-2.2912094844801016,-0.3105429950513825
12.0,156.0,1004.1680908203124,-3.463498400054795,-4.725395936762113,-1.4363158006258916,2.1334699404495807,2.798132957855862,1.7767159895075075,0.2648749546595167,1.3968827957093226,-2.2912094844801016,-0.3105429950513825
12.0,156.0,1004.1680908203124,-3.463498400034005,-4.725395936762113,-1.4363158006196486,2.1334699404495807,2.7981330239137128,1.7767159895075075,0.2648749546595167,1.3968827957093226,-2.2912094844801016,-0.3105429950513825
12.0,156.0,1004.1680908203124,-3.463498397931293,-4.725395936762113,-1.4363158006258916,2.1334699404495807,2.798134488873244,1.7767159895075075,0.2648749546595167,1.3968827957093226,-2.2912094844801016,-0.3105429950513825
12.0,156.0,1004.1680908203124,-3.463498397910503,-4.725395936055775,-1.4363158006196486,2.1334699404495807,2.798134554931095,1.7767159894732871,0.2648749546595045,1.3968827957093226,-2.2912094844801016,-0.3105429950513966
12.0,156.0,1004.1680908203124,-3.463498235674809,-4.725395936762113,-1.4363158006128272,2.1334699404495807,2.7981330239137128,1.776715989354126,0.2648749546669502,1.3968827957093226,-2.2912041687709106,-0.3105429950513825
12.0,156.0,1004.1680908203124,-3.463498397854082,-4.725395829417857,-1.436315800624439,2.1334699404495807,2.79813462550368,1.7767159895075075,0.2648749546595167,1.3968827957093226,-2.2912116352936205,-0.3105429950513825
12.0,156.0,1004.1680908203124,-3.463498400034005,-4.725395936762113,-1.4363158006196486,2.1334699404495807,2.7981330199053622,1.7767159895075075,0.2648749546595167,1.3968827957093226,-2.2912094844801016,-0.3105429950513825
12.0,156.0,1004.1680908203124,-3.463498400034005,-4.725395936762113,-1.4363158006148071,2.1334699404495807,2.7981337570797744,1.7767159895488454,0.2648749546595167,1.3968827957093226,-2.2912094844801016,-0.3105429950498198
12.0,156.0,1004.1681518554688,-3.463498397910503,-4.725395829417857,-1.4363158007421957,2.1334699404495807,2.798134554931095,1.7767159895075075,0.2648749546595167,1.3968827957093226,-2.2912861146162804,-0.3105429950513825
12.0,156.0,1004.1681518554688,-3.463498304979397,-4.725395936762113,-1.4363158006196486,2.1334699404495807,2.798134554931095,1.77671598946155,0.2648749546595078,1.3968827957093226,-2.291286088225592,-0.3105429950494097
12.0,156.0,1004.1681518554688,-3.4634975292673205,-4.72539582914436,-1.4363158007428818,2.1334699404495807,2.798144901255547,1.7767159895075075,0.2648749546595167,1.3968827957093226,-2.2912904086602706,-0.3105429950519975
12.0,156.0,1004.1681518554688,-3.463498400111216,-4.725395936762113,-1.436315800743648,2.1334699404495807,2.798132887283277,1.7767159895075075,0.2648749546595167,1.3968827957093226,-2.2912839638027616,-0.3105429950513825
12.0,156.0,1004.1681518554688,-3.4634989284293503,-4.725395933617931,-1.4363158007440715,2.1334699404495807,2.7981257614835404,1.7767159887364254,0.2648749546603997,1.3968827957093226,-2.2912868373530872,-0.3105429950266747
12.0,156.0,1004.1681518554688,-3.463498510785669,-4.72539582914436,-1.4363158007421748,2.1334699404495807,2.7981322747867288,1.7767159895075075,0.264874954659515,1.3968827957093226,-2.291283789074789,-0.3105429950513825
12.0,156.0,1004.1681518554688,-3.463498397910503,-4.725395829417857,-1.4363158007421957,2.1334699404495807,2.798134554931095,1.7767159895075075,0.2648749546595167,1.3968827957093226,-2.2912861146162804,-0.3105429950513825
12.0,156.0,1004.1681518554688,-3.463498304979397,-4.725395936762113,-1.4363158006196486,2.1334699404495807,2.798134554931095,1.77671598946155,0.2648749546595078,1.3968827957093226,-2.291286088225592,-0.3105429950494097
12.0,156.0,1004.168212890625,-3.463498510785669,-4.72539582914436,-1.4363158007421957,2.1334699404495807,2.7980716722593577,1.7767159895075075,0.2648749546595167,1.3968827957093226,-2.2912861146162804,-0.3105429950513825
12.0,156.0,1004.168212890625,-3.463498510785669,-4.72539582914436,-1.4363158007421748,2.1334699404495807,2.7980716722593577,1.7767159895075075,0.264874954659515,1.3968827957093226,-2.2912861366736887,-0.3105429950513825
12.0,156.0,1004.168212890625,-3.463498400054795,-4.725395936762113,-1.4363158006258916,2.1334699404495807,2.798072355328491,1.7767159895075075,0.2648749546595167,1.3968827957093226,-2.291211832079001,-0.3105429950513825
12.0,156.0,1004.168212890625,-3.463498510785669,-4.725395830649231,-1.4363158007428822,2.1334699404495807,2.7980716722593577,1.776715989507426,0.2648749546594531,1.3968827957093226,-2.291286916122021,-0.3105429949892535
12.0,156.0,1004.168212890625,-3.463498510785669,-4.725395832961075,-1.4363158007421957,2.1334699404495807,2.7980716722593577,1.7767159896013034,0.2648749546595167,1.3968827957093226,-2.29128606452887,-0.3105429950513825
12.0,156.0,1004.168212890625,-3.463498510785669,-4.72539582914436,-1.4363158007421748,2.1334699404495807,2.7980716722593577,1.7767159895075075,0.264874954659515,1.3968827957093226,-2.2912861366736887,-0.3105429950513825
12.0,156.0,1004.1682739257812,-3.463539602854272,-4.725395840682167,-1.4363158006228445,2.1334699404495807,2.800094385651794,1.7767159887929476,0.2648749546595169,1.3968827957093226,-2.291212157389966,-0.3105429950512022
12.0,156.0,1004.1683959960938,-3.463498723206944,-4.725395839425008,-1.4363158006196544,2.1334699404495807,2.799953525001518,1.776715989566434,0.2648749546595167,1.3968827957093226,-2.2912094844801016,-0.3105429950513825
12.0,156.0,1004.16845703125,-3.463546999353057,-4.725395840839319,-1.4363158007428878,2.1334699404495807,2.800227640499708,1.7767159887620454,0.2648749546594405,1.3968827957093226,-2.291288294779388,-0.3105429950266747
12.0,156.0,1004.16845703125,-3.4635423021361267,-4.725395840682167,-1.4363158007428878,2.1334699404495807,2.800227640499708,1.7767159887364254,0.2648749546595038,1.3968827957093226,-2.291288353042493,-0.3105429950512022
12.0,156.0,1004.16845703125,-3.463542595433286,-4.72539583229149,-1.4363158007428878,2.1334699404495807,2.800227640499708,1.7767159887668311,0.2648749546603997,1.3968827957093226,-2.2912868373530872,-0.3105429950497467
12.0,156.0,1004.16845703125,-3.463542595433286,-4.725395840552856,-1.4363158007428878,2.1334699404495807,2.800227640499708,1.7767159887350252,0.2648749546595095,1.3968827957093226,-2.2912868373530872,-0.3105429950497467
12.0,156.0,1004.16845703125,-3.463546999353057,-4.72539584140487,-1.4363158007428878,2.1334699404495807,2.800227640499708,1.7767159887620454,0.2648749546594405,1.3968827957093226,-2.291288294779388,-0.3105429950266747
12.0,156.0,1004.1685180664062,-3.463539158034158,-4.725395832595966,-1.4363158007428878,2.1334699404495807,2.800227640499708,1.7767159887609432,0.2648749546603997,1.3968827957093226,-2.2912868373530872,-0.3105429950266747
12.0,156.0,1004.1685180664062,-3.463539158034158,-4.725395832595966,-1.4363158007428878,2.1334699404495807,2.800227640499708,1.7767159887668311,0.2648749546603997,1.3968827957093226,-2.2912868373530872,-0.3105429950494299
12.0,156.0,1004.1685180664062,-3.463539158034158,-4.725395832595966,-1.4363158007428878,2.1334699404495807,2.800227640499708,1.7767159887609432,0.2648749546603997,1.3968827957093226,-2.2912868373530872,-0.3105429950266747
12.0,156.0,1004.1685180664062,-3.463539158034158,-4.725395832595966,-1.436315800747641,2.1334699404495807,2.800227640499708,1.7767160073376849,0.2648749546603997,1.3968827957093226,-2.2912868373530872,-0.3105429950494299
12.0,156.0,1004.1685180664062,-3.463539428072415,-4.725395942534759,-1.4363158007480656,2.1334699404495807,2.800227640499708,1.7767159887609432,0.2648749544535616,1.396882854584087,-2.291274029284138,-0.3105429950266747
12.0,156.0,1004.1685180664062,-3.463539158034158,-4.72539584070195,-1.4363158007428878,2.1334699404495807,2.800227640499708,1.7767159887668311,0.2648749546603997,1.3968827957093226,-2.2912883730286806,-0.3105429950494299
12.0,156.0,1004.1685180664062,-3.463539158034158,-4.725395832595966,-1.4363158007428878,2.1334699404495807,2.800227640499708,1.7767159887609432,0.2648749546603997,1.3968827957093226,-2.2912868373530872,-0.3105429950266747
12.0,157.0,1004.1674194335938,-3.463539277557831,-4.725395938019273,-1.436315800622839,2.1334699404495807,2.7982754155813705,1.7767159887340211,0.2648749546595169,1.3968827957093226,-2.291212157389966,-0.3105429950512022
12.0,157.0,1004.1674194335938,-3.463539277557831,-4.725395939814057,-1.436315800743088,2.1334699404495807,2.7982754155813705,1.7767159887542958,0.2648749546595169,1.3968827957093226,-2.291212157389966,-0.3105429950513836
12.0,157.0,1004.16748046875,-3.463541448252176,-4.725395840689621,-1.4363158007428878,2.1334699404495807,2.798241065690089,1.776715988770366,0.2648749546594435,1.3968827957093226,-2.291288485767666,-0.310542995027212
12.0,157.0,1004.16748046875,-3.463539277557831,-4.725395936732482,-1.4363158006197612,2.1334699404495807,2.7982733205679464,1.7767159894910678,0.2648749546595169,1.3968827957093226,-2.2912094586034826,-0.3105429950512022
12.0,157.0,1004.1675415039062,-3.4635398300377203,-4.725395832595966,-1.4363158007428878,2.1334699404495807,2.798245065100148,1.7767159887702024,0.2648749546604703,1.3968827957093226,-2.2912883329389,-0.310542995027083
12.0,157.0,1004.1676025390624,-3.463541448252176,-4.725395840689621,-1.4363158007428878,2.1334699404495807,2.7981403277567987,1.7767159887611066,0.2648749546593729,1.3968827957093226,-2.29129097374783,-0.3105429950259282
12.0,157.0,1004.1676025390624,-3.4635398300377203,-4.725395832595966,-1.4363158007428878,2.1334699404495807,2.7981929067486595,1.7767160089271106,0.2648749546603997,1.3968827957093226,-2.2912908209190643,-0.3105429950484287
12.0,157.0,1004.1676635742188,-3.4635398300377203,-4.725395832595966,-1.4363158007428878,2.1334699404495807,2.7981443271668582,1.7767159887609432,0.2648749546603997,1.3968827957093226,-2.2912908209190643,-0.3105429950274804
12.0,157.0,1004.1676635742188,-3.4635398290653137,-4.725395832607977,-1.4363158007428878,2.1334699404495807,2.7981443271668582,1.7767159835538675,0.2648749546667674,1.3968827957093226,-2.291286818729769,-0.3105429950274804
12.0,157.0,1004.1676635742188,-3.4635398300377203,-4.725395832595966,-1.4363158007428878,2.1334699404495807,2.7981443271668582,1.7767159887609432,0.2648749546603997,1.3968827957093226,-2.2912908209190643,-0.3105429950257992
12.0,157.0,1004.1676635742188,-3.463542595433286,-4.725395840552856,-1.4363158007389163,2.1334699404495807,2.7981014541519644,1.776715988804434,0.2648749546595095,1.3968827957093226,-2.291287638637818,-0.3105429950497467
12.0,157.0,1004.1676635742188,-3.463539693352752,-4.725395936762113,-1.4363158007546482,2.1334699404495807,2.798134488873244,1.7767159887738824,0.2648749546595167,1.3968827957093226,-2.29128845232791,-0.3105429950513825
12.0,157.0,1004.1676635742188,-3.463539158034158,-4.725395939940223,-1.4363158006203407,2.1334699404495807,2.798073844408148,1.7767159887609432,0.2648749546603997,1.3968827957093226,-2.291210207216908,-0.3105429950266747
12.0,157.0,1004.1676635742188,-3.463539693352752,-4.725395936762113,-1.4363158006299552,2.1334699404495807,2.798134551778556,1.7767159894814213,0.2648749546595167,1.3968827957093226,-2.29128845232791,-0.3105429950494952
12.0,157.0,1004.1676635742188,-3.4635397743976992,-4.725395829566034,-1.436315800630927,2.1334699404495807,2.798071485527061,1.776715989439155,0.2648749546595167,1.3968827957093226,-2.2912094844801016,-0.3105429950288618
12.0,157.0,1004.1676635742188,-3.4635396450237703,-4.725395838402872,-1.4363158007551362,2.1334699404495807,2.798134488873244,1.77671598877062,0.2648749546595167,1.3968827957093226,-2.291288485435952,-0.3105429950513825
12.0,157.0,1004.1676635742188,-3.463539544336838,-4.725395928390019,-1.4363158007428878,2.1334699404495807,2.7981403277567987,1.7767159887611066,0.2648749546593104,1.3968827957093226,-2.2912904753049754,-0.3105429950259282
12.0,157.0,1004.167724609375,-3.463540811556068,-4.725395832595966,-1.4363158007422014,2.1334699404495807,2.7980710981706687,1.7767159887609432,0.2648749546603997,1.3968827957093226,-2.291286526875074,-0.3105429950268653
12.0,157.0,1004.167724609375,-3.463540807891394,-4.725395832595966,-1.4363158007422014,2.1334699404495807,2.798068706611434,1.7767159887609432,0.2648749546603997,1.3968827957093226,-2.291286526875074,-0.3105429950268642
12.0,157.0,1004.167724609375,-3.463540807891394,-4.725395832595966,-1.4363158007428931,2.1334699404495807,2.798068706611434,1.7767159887609432,0.2648749546604612,1.3968827957093226,-2.2912869185915947,-0.3105429950272104
12.0,157.0,1004.16796875,-3.4635020959095706,-4.725395830067077,-1.4363158007428878,2.1334699404495807,2.798245065100148,1.7767159895690066,0.2648749546605734,1.3968827957093226,-2.2912883329389,-0.3105429950249451
12.0,157.0,1004.1680908203124,-3.463498397910503,-4.725395936762113,-1.4363158006196486,2.1334699404495807,2.798134554931095,1.7767159895075075,0.2648749546595167,1.3968827957093226,-2.2912094844801016,-0.3105429950513825
12.0,157.0,1004.1680908203124,-3.463498397910503,-4.725395936762113,-1.4363158006196486,2.1334699404495807,2.798134554931095,1.7767159895075075,0.2648749546595167,1.3968827957093226,-2.2912094844801016,-0.3105429950513825
12.0,157.0,1004.1680908203124,-3.463498400054795,-4.725395936762113,-1.4363158006258916,2.1334699404495807,2.798132957855862,1.7767159895075075,0.2648749546595167,1.3968827957093226,-2.2912094844801016,-0.3105429950513825
12.0,157.0,1004.1680908203124,-3.463498400034005,-4.725395936762113,-1.4363158006196486,2.1334699404495807,2.7981330239137128,1.7767159895075075,0.2648749546595167,1.3968827957093226,-2.2912094844801016,-0.3105429950513825
12.0,157.0,1004.1680908203124,-3.463498397931293,-4.725395936762113,-1.4363158006258916,2.1334699404495807,2.798134488873244,1.7767159895075075,0.2648749546595167,1.3968827957093226,-2.2912094844801016,-0.3105429950513825
12.0,157.0,1004.1680908203124,-3.463498397910503,-4.725395936055775,-1.4363158006196486,2.1334699404495807,2.798134554931095,1.7767159894732871,0.2648749546595045,1.3968827957093226,-2.2912094844801016,-0.3105429950513966
12.0,157.0,1004.1680908203124,-3.463498235674809,-4.725395936762113,-1.4363158006128272,2.1334699404495807,2.7981330239137128,1.776715989354126,0.2648749546669502,1.3968827957093226,-2.2912041687709106,-0.3105429950513825
12.0,157.0,1004.1680908203124,-3.463498397854082,-4.725395829417857,-1.436315800624439,2.1334699404495807,2.79813462550368,1.7767159895075075,0.2648749546595167,1.3968827957093226,-2.2912116352936205,-0.3105429950513825
12.0,157.0,1004.1680908203124,-3.463498400034005,-4.725395936762113,-1.4363158006196486,2.1334699404495807,2.7981330199053622,1.7767159895075075,0.2648749546595167,1.3968827957093226,-2.2912094844801016,-0.3105429950513825
12.0,157.0,1004.1680908203124,-3.463498400034005,-4.725395936762113,-1.4363158006148071,2.1334699404495807,2.7981337570797744,1.7767159895488454,0.2648749546595167,1.3968827957093226,-2.2912094844801016,-0.3105429950498198
12.0,157.0,1004.1680908203124,-3.463498400087657,-4.725395936764656,-1.4363158006196486,2.1334699404495807,2.798132978567072,1.7767159894732871,0.2648749546595045,1.3968827957093226,-2.2912094844801016,-0.3105429950513966
12.0,157.0,1004.1680908203124,-3.463498397854082,-4.725395829417857,-1.436315800624439,2.1334699404495807,2.79813462550368,1.7767159895075075,0.2648749546595167,1.3968827957093226,-2.2912116352936205,-0.3105429950513825
12.0,157.0,1004.1680908203124,-3.4634983944558337,-4.725395936762113,-1.4363158006218912,2.1334699404495807,2.798134554931095,1.7767159895075075,0.2648749546595167,1.3968827957093226,-2.2912094844801016,-0.3105429950513825
12.0,157.0,1004.1680908203124,-3.4634983978568505,-4.725395936053232,-1.4363158006196486,2.1334699404495807,2.798134596269385,1.7767159895075075,0.2648749546595167,1.3968827957093226,-2.2912094844801016,-0.3105429950513825
12.0,157.0,1004.1681518554688,-3.463498397910503,-4.725395829417857,-1.4363158007421957,2.1334699404495807,2.798134554931095,1.7767159895075075,0.2648749546595167,1.3968827957093226,-2.2912861146162804,-0.3105429950513825
12.0,157.0,1004.1681518554688,-3.463498304979397,-4.725395936762113,-1.4363158006196486,2.1334699404495807,2.798134554931095,1.77671598946155,0.2648749546595078,1.3968827957093226,-2.291286088225592,-0.3105429950494097
12.0,157.0,1004.1681518554688,-3.4634975292673205,-4.72539582914436,-1.4363158007428818,2.1334699404495807,2.798144901255547,1.7767159895075075,0.2648749546595167,1.3968827957093226,-2.2912904086602706,-0.3105429950519975
12.0,157.0,1004.1681518554688,-3.463498400111216,-4.725395936762113,-1.436315800743648,2.1334699404495807,2.798132887283277,1.7767159895075075,0.2648749546595167,1.3968827957093226,-2.2912839638027616,-0.3105429950513825
12.0,157.0,1004.1681518554688,-3.4634989284293503,-4.725395933617931,-1.4363158007440715,2.1334699404495807,2.7981257614835404,1.7767159887364254,0.2648749546603997,1.3968827957093226,-2.2912868373530872,-0.3105429950266747
12.0,157.0,1004.1681518554688,-3.463498510785669,-4.72539582914436,-1.4363158007421748,2.1334699404495807,2.7981322747867288,1.7767159895075075,0.264874954659515,1.3968827957093226,-2.291283789074789,-0.3105429950513825
12.0,157.0,1004.1681518554688,-3.463498397910503,-4.725395829417857,-1.4363158007421957,2.1334699404495807,2.798134554931095,1.7767159895075075,0.2648749546595167,1.3968827957093226,-2.2912861146162804,-0.3105429950513825
12.0,157.0,1004.1681518554688,-3.463498304979397,-4.725395936762113,-1.4363158006196486,2.1334699404495807,2.798134554931095,1.77671598946155,0.2648749546595078,1.3968827957093226,-2.291286088225592,-0.3105429950494097
12.0,157.0,1004.1681518554688,-3.463498514240338,-4.72539582914436,-1.4363158007399324,2.1334699404495807,2.7981322747867288,1.7767159895075075,0.264874954659515,1.3968827957093226,-2.291283789074789,-0.3105429950513825
12.0,157.0,1004.1681518554688,-3.463498397931293,-4.725395935683856,-1.4363158007397474,2.1334699404495807,2.7981343478383685,1.7767159895075075,0.2648749546595167,1.3968827957093226,-2.291291916785182,-0.3105429950513825
12.0,157.0,1004.1681518554688,-3.463498397910503,-4.725395829417857,-1.4363158007421957,2.1334699404495807,2.798134554931095,1.7767159895075075,0.2648749546595167,1.3968827957093226,-2.2912861146162804,-0.3105429950284648
12.0,157.0,1004.1681518554688,-3.463498510785669,-4.72539582914436,-1.4363158007421748,2.1334699404495807,2.7981322747867288,1.7767159895075075,0.264874954659515,1.3968827957093226,-2.291283789074789,-0.3105429950513825
12.0,157.0,1004.168212890625,-3.463498510785669,-4.72539582914436,-1.4363158007421957,2.1334699404495807,2.7980716722593577,1.7767159895075075,0.2648749546595167,1.3968827957093226,-2.2912861146162804,-0.3105429950513825
12.0,157.0,1004.168212890625,-3.463498510785669,-4.72539582914436,-1.4363158007421748,2.1334699404495807,2.7980716722593577,1.7767159895075075,0.264874954659515,1.3968827957093226,-2.2912861366736887,-0.3105429950513825
12.0,157.0,1004.168212890625,-3.463498400054795,-4.725395936762113,-1.4363158006258916,2.1334699404495807,2.798072355328491,1.7767159895075075,0.2648749546595167,1.3968827957093226,-2.291211832079001,-0.3105429950513825
12.0,158.0,1004.1674194335938,-3.463539277557831,-4.725395938019273,-1.436315800622839,2.1334699404495807,2.7982754155813705,1.7767159887340211,0.2648749546595169,1.3968827957093226,-2.291212157389966,-0.3105429950512022
12.0,158.0,1004.1674194335938,-3.463539277557831,-4.725395939814057,-1.436315800743088,2.1334699404495807,2.7982754155813705,1.7767159887542958,0.2648749546595169,1.3968827957093226,-2.291212157389966,-0.3105429950513836
12.0,158.0,1004.1674194335938,-3.463539277557831,-4.725395939814057,-1.436315800743088,2.1334699404495807,2.7982754155813705,1.7767159887542958,0.2648749546595169,1.3968827957093226,-2.291212157389966,-0.3105429950513836
12.0,158.0,1004.16748046875,-3.463541448252176,-4.725395840689621,-1.4363158007428878,2.1334699404495807,2.798241065690089,1.776715988770366,0.2648749546594435,1.3968827957093226,-2.291288485767666,-0.310542995027212
12.0,158.0,1004.16748046875,-3.463539277557831,-4.725395936732482,-1.4363158006197612,2.1334699404495807,2.7982733205679464,1.7767159894910678,0.2648749546595169,1.3968827957093226,-2.2912094586034826,-0.3105429950512022
12.0,158.0,1004.16748046875,-3.463539277557831,-4.725395938019273,-1.436315800622839,2.1334699404495807,2.7982754155813705,1.7767159894576985,0.2648749546595169,1.3968827957093226,-2.2912094596081856,-0.3105429950512022
12.0,158.0,1004.1675415039062,-3.4635398300377203,-4.725395832595966,-1.4363158007428878,2.1334699404495807,2.798245065100148,1.7767159887702024,0.2648749546604703,1.3968827957093226,-2.2912883329389,-0.310542995027083
12.0,158.0,1004.1675415039062,-3.46354035769961,-4.725395840689621,-1.4363158007428878,2.1334699404495807,2.798241065690089,1.7767159888180093,0.2648749546594435,1.3968827957093226,-2.291288172469136,-0.3105429950515048
12.0,158.0,1004.1676025390624,-3.463541448252176,-4.725395840689621,-1.4363158007428878,2.1334699404495807,2.7981403277567987,1.7767159887611066,0.2648749546593729,1.3968827957093226,-2.29129097374783,-0.3105429950259282
12.0,158.0,1004.1676025390624,-3.4635398300377203,-4.725395832595966,-1.4363158007428878,2.1334699404495807,2.7981929067486595,1.7767160089271106,0.2648749546603997,1.3968827957093226,-2.2912908209190643,-0.3105429950484287
12.0,158.0,1004.1676025390624,-3.4635398300377203,-4.725395831878904,-1.4363158007430876,2.1334699404495807,2.7981929067486595,1.7767160090685397,0.2648749546603997,1.3968827957093226,-2.2912908209190643,-0.3105429950484485
12.0,158.0,1004.1676025390624,-3.4635414682920085,-4.725395838402872,-1.4363158007560286,2.1334699404495807,2.798134488873244,1.77671598877062,0.2648749546593703,1.3968827957093226,-2.29128845962083,-0.3105429950259031
12.0,158.0,1004.1676025390624,-3.4635389628875592,-4.725395936732482,-1.4363158006197612,2.1334699404495807,2.7981399793658617,1.7767159894908713,0.2648749546595169,1.3968827957093226,-2.2912094586034826,-0.3105429950513802
12.0,158.0,1004.1676025390624,-3.463541448252176,-4.72539584069401,-1.4363158007428878,2.1334699404495807,2.7981346012051787,1.7767159887611066,0.2648749546593619,1.3968827957093226,-2.29129097374783,-0.3105429950506848
12.0,158.0,1004.1676025390624,-3.4635396894839,-4.725395936762113,-1.4363158006299552,2.1334699404495807,2.798134551778556,1.7767159894814213,0.2648749546604061,1.3968827957093226,-2.291209975035543,-0.3105429950494952
12.0,158.0,1004.1676635742188,-3.4635398300377203,-4.725395832595966,-1.4363158007428878,2.1334699404495807,2.7981443271668582,1.7767159887609432,0.2648749546603997,1.3968827957093226,-2.2912908209190643,-0.3105429950274804
12.0,158.0,1004.1676635742188,-3.4635398290653137,-4.725395832607977,-1.4363158007428878,2.1334699404495807,2.7981443271668582,1.7767159835538675,0.2648749546667674,1.3968827957093226,-2.291286818729769,-0.3105429950274804
12.0,158.0,1004.1676635742188,-3.4635398300377203,-4.725395832595966,-1.4363158007428878,2.1334699404495807,2.7981443271668582,1.7767159887609432,0.2648749546603997,1.3968827957093226,-2.2912908209190643,-0.3105429950257992
12.0,158.0,1004.1676635742188,-3.463542595433286,-4.725395840552856,-1.4363158007389163,2.1334699404495807,2.7981014541519644,1.776715988804434,0.2648749546595095,1.3968827957093226,-2.291287638637818,-0.3105429950497467
12.0,158.0,1004.1676635742188,-3.463539693352752,-4.725395936762113,-1.4363158007546482,2.1334699404495807,2.798134488873244,1.7767159887738824,0.2648749546595167,1.3968827957093226,-2.29128845232791,-0.3105429950513825
12.0,158.0,1004.1676635742188,-3.463539158034158,-4.725395939940223,-1.4363158006203407,2.1334699404495807,2.798073844408148,1.7767159887609432,0.2648749546603997,1.3968827957093226,-2.291210207216908,-0.3105429950266747
12.0,158.0,1004.1676635742188,-3.463539693352752,-4.725395936762113,-1.4363158006299552,2.1334699404495807,2.798134551778556,1.7767159894814213,0.2648749546595167,1.3968827957093226,-2.29128845232791,-0.3105429950494952
12.0,158.0,1004.1676635742188,-3.4635397743976992,-4.725395829566034,-1.436315800630927,2.1334699404495807,2.798071485527061,1.776715989439155,0.2648749546595167,1.3968827957093226,-2.2912094844801016,-0.3105429950288618
12.0,158.0,1004.1676635742188,-3.4635396450237703,-4.725395838402872,-1.4363158007551362,2.1334699404495807,2.798134488873244,1.77671598877062,0.2648749546595167,1.3968827957093226,-2.291288485435952,-0.3105429950513825
12.0,158.0,1004.1676635742188,-3.463539544336838,-4.725395928390019,-1.4363158007428878,2.1334699404495807,2.7981403277567987,1.7767159887611066,0.2648749546593104,1.3968827957093226,-2.2912904753049754,-0.3105429950259282
12.0,158.0,1004.1676635742188,-3.463539693352752,-4.725395936762113,-1.4363158007546482,2.1334699404495807,2.798134488873244,1.7767159887738824,0.2648749546595167,1.3968827957093226,-2.29128845232791,-0.3105429950513825
12.0,158.0,1004.1676635742188,-3.463540258268724,-4.725395936764656,-1.4363158007435588,2.1334699404495807,2.798132978567072,1.7767159894732871,0.2648749546594474,1.3968827957093226,-2.291290969195685,-0.3105429950513966
12.0,158.0,1004.1676635742188,-3.4635394670012127,-4.725395832595966,-1.4363158007533117,2.1334699404495807,2.7981443271668582,1.7767159886815167,0.2648749546603997,1.3968827957093226,-2.291294036686772,-0.310542995051971
12.0,158.0,1004.1676635742188,-3.4635397743976992,-4.725395829566034,-1.436315800630927,2.1334699404495807,2.798071485527061,1.7767159887154782,0.2648749546595167,1.3968827957093226,-2.2912121822618827,-0.3105429950288618
12.0,158.0,1004.1676635742188,-3.463539720704833,-4.7253959356174144,-1.4363158006196486,2.1334699404495807,2.7981330199053622,1.7767159895075075,0.2648749546584969,1.3968827957093226,-2.291285673712274,-0.3105429950513825
12.0,158.0,1004.1676635742188,-3.463542595433286,-4.725395840552856,-1.4363158007389163,2.1334699404495807,2.7981014541519644,1.776715988804434,0.2648749546595095,1.3968827957093226,-2.291287638637818,-0.3105429950497467
12.0,158.0,1004.1676635742188,-3.463539030402372,-4.725395928390019,-1.4363158007428878,2.1334699404495807,2.798134503230031,1.776715988763801,0.2648749546595134,1.3968827957093226,-2.291285853641716,-0.3105429950479744
12.0,158.0,1004.1676635742188,-3.463539488014099,-4.725395928390019,-1.4363158007428878,2.1334699404495807,2.7981403277567987,1.7767159887611066,0.2648749546593104,1.3968827957093226,-2.2912904753049754,-0.3105429950259282
12.0,158.0,1004.1676635742188,-3.4635396450237703,-4.725395838398483,-1.4363158007551362,2.1334699404495807,2.798140215424864,1.77671598877062,0.2648749546595276,1.3968827957093226,-2.291288485435952,-0.3105429950266258
12.0,158.0,1004.167724609375,-3.463540811556068,-4.725395832595966,-1.4363158007422014,2.1334699404495807,2.7980710981706687,1.7767159887609432,0.2648749546603997,1.3968827957093226,-2.291286526875074,-0.3105429950268653
12.0,158.0,1004.167724609375,-3.463540807891394,-4.725395832595966,-1.4363158007422014,2.1334699404495807,2.798068706611434,1.7767159887609432,0.2648749546603997,1.3968827957093226,-2.291286526875074,-0.3105429950268642
12.0,158.0,1004.167724609375,-3.463540807891394,-4.725395832595966,-1.4363158007428931,2.1334699404495807,2.798068706611434,1.7767159887609432,0.2648749546604612,1.3968827957093226,-2.2912869185915947,-0.3105429950272104
12.0,158.0,1004.167724609375,-3.463539685740091,-4.725395832595966,-1.4363158007428878,2.1334699404495807,2.798061614448084,1.7767159887702906,0.2648749546604703,1.3968827957093226,-2.2912883248927827,-0.310542995027083
12.0,158.0,1004.16796875,-3.4635020959095706,-4.725395830067077,-1.4363158007428878,2.1334699404495807,2.798245065100148,1.7767159895690066,0.2648749546605734,1.3968827957093226,-2.2912883329389,-0.3105429950249451
12.0,158.0,1004.1680908203124,-3.463498397910503,-4.725395936762113,-1.4363158006196486,2.1334699404495807,2.798134554931095,1.7767159895075075,0.2648749546595167,1.3968827957093226,-2.2912094844801016,-0.3105429950513825
12.0,158.0,1004.1680908203124,-3.463498397910503,-4.725395936762113,-1.4363158006196486,2.1334699404495807,2.798134554931095,1.7767159895075075,0.2648749546595167,1.3968827957093226,-2.2912094844801016,-0.3105429950513825
12.0,158.0,1004.1680908203124,-3.463498400054795,-4.725395936762113,-1.4363158006258916,2.1334699404495807,2.798132957855862,1.7767159895075075,0.2648749546595167,1.3968827957093226,-2.2912094844801016,-0.3105429950513825
12.0,158.0,1004.1680908203124,-3.463498400034005,-4.725395936762113,-1.4363158006196486,2.1334699404495807,2.7981330239137128,1.7767159895075075,0.2648749546595167,1.3968827957093226,-2.2912094844801016,-0.3105429950513825
12.0,158.0,1004.1680908203124,-3.463498397931293,-4.725395936762113,-1.4363158006258916,2.1334699404495807,2.798134488873244,1.7767159895075075,0.2648749546595167,1.3968827957093226,-2.2912094844801016,-0.3105429950513825
12.0,158.0,1004.1680908203124,-3.463498397910503,-4.725395936055775,-1.4363158006196486,2.1334699404495807,2.798134554931095,1.7767159894732871,0.2648749546595045,1.3968827957093226,-2.2912094844801016,-0.3105429950513966
12.0,158.0,1004.1680908203124,-3.463498235674809,-4.725395936762113,-1.4363158006128272,2.1334699404495807,2.7981330239137128,1.776715989354126,0.2648749546669502,1.3968827957093226,-2.2912041687709106,-0.3105429950513825
12.0,158.0,1004.1680908203124,-3.463498397854082,-4.725395829417857,-1.436315800624439,2.1334699404495807,2.79813462550368,1.7767159895075075,0.2648749546595167,1.3968827957093226,-2.2912116352936205,-0.3105429950513825
12.0,158.0,1004.1680908203124,-3.463498400034005,-4.725395936762113,-1.4363158006196486,2.1334699404495807,2.7981330199053622,1.7767159895075075,0.2648749546595167,1.3968827957093226,-2.2912094844801016,-0.3105429950513825
12.0,158.0,1004.1680908203124,-3.463498400034005,-4.725395936762113,-1.4363158006148071,2.1334699404495807,2.7981337570797744,1.7767159895488454,0.2648749546595167,1.3968827957093226,-2.2912094844801016,-0.3105429950498198
12.0,158.0,1004.1680908203124,-3.463498400087657,-4.725395936764656,-1.4363158006196486,2.1334699404495807,2.798132978567072,1.7767159894732871,0.2648749546595045,1.3968827957093226,-2.2912094844801016,-0.3105429950513966
12.0,159.0,1004.1674194335938,-3.463539277557831,-4.725395938019273,-1.436315800622839,2.1334699404495807,2.7982754155813705,1.7767159887340211,0.2648749546595169,1.3968827957093226,-2.291212157389966,-0.3105429950512022
12.0,159.0,1004.1674194335938,-3.463539277557831,-4.725395939814057,-1.436315800743088,2.1334699404495807,2.7982754155813705,1.7767159887542958,0.2648749546595169,1.3968827957093226,-2.291212157389966,-0.3105429950513836
12.0,159.0,1004.1674194335938,-3.463539277557831,-4.725395939814057,-1.436315800743088,2.1334699404495807,2.7982754155813705,1.7767159887542958,0.2648749546595169,1.3968827957093226,-2.291212157389966,-0.3105429950513836
12.0,159.0,1004.1674194335938,-3.463539277557831,-4.725395938019273,-1.436315800622839,2.1334699404495807,2.7982754155813705,1.7767159887340211,0.2648749546595169,1.3968827957093226,-2.291212157389966,-0.3105429950512022
12.0,159.0,1004.1674194335938,-3.463539277557831,-4.725395939814057,-1.436315800743088,2.1334699404495807,2.7982754155813705,1.7767159887542958,0.2648749546595169,1.3968827957093226,-2.291212157389966,-0.3105429950513836
12.0,159.0,1004.16748046875,-3.463541448252176,-4.725395840689621,-1.4363158007428878,2.1334699404495807,2.798241065690089,1.776715988770366,0.2648749546594435,1.3968827957093226,-2.291288485767666,-0.310542995027212
12.0,159.0,1004.16748046875,-3.463539277557831,-4.725395936732482,-1.4363158006197612,2.1334699404495807,2.7982733205679464,1.7767159894910678,0.2648749546595169,1.3968827957093226,-2.2912094586034826,-0.3105429950512022
12.0,159.0,1004.16748046875,-3.463539277557831,-4.725395938019273,-1.436315800622839,2.1334699404495807,2.7982754155813705,1.7767159894576985,0.2648749546595169,1.3968827957093226,-2.2912094596081856,-0.3105429950512022
12.0,159.0,1004.16748046875,-3.4635389724479952,-4.725395936752134,-1.4363158006197612,2.1334699404495807,2.7982755136367072,1.776715989491715,0.2648749546595169,1.3968827957093226,-2.2912094586034826,-0.3105429950513802
12.0,159.0,1004.1675415039062,-3.4635398300377203,-4.725395832595966,-1.4363158007428878,2.1334699404495807,2.798245065100148,1.7767159887702024,0.2648749546604703,1.3968827957093226,-2.2912883329389,-0.310542995027083
12.0,159.0,1004.1675415039062,-3.46354035769961,-4.725395840689621,-1.4363158007428878,2.1334699404495807,2.798241065690089,1.7767159888180093,0.2648749546594435,1.3968827957093226,-2.291288172469136,-0.3105429950515048
12.0,159.0,1004.1675415039062,-3.4635398300377203,-4.725395832595966,-1.4363158007428878,2.1334699404495807,2.798245065100148,1.776715988770765,0.2648749546604747,1.3968827957093226,-2.2912883329389,-0.310542995027083
12.0,159.0,1004.1675415039062,-3.4635397694447887,-4.725395831943907,-1.4363158007428878,2.1334699404495807,2.798244298048229,1.7767159835538675,0.2648749546667674,1.3968827957093226,-2.291286918922536,-0.3105429950272013
12.0,159.0,1004.1676025390624,-3.463541448252176,-4.725395840689621,-1.4363158007428878,2.1334699404495807,2.7981403277567987,1.7767159887611066,0.2648749546593729,1.3968827957093226,-2.29129097374783,-0.3105429950259282
12.0,159.0,1004.1676025390624,-3.4635398300377203,-4.725395832595966,-1.4363158007428878,2.1334699404495807,2.7981929067486595,1.7767160089271106,0.2648749546603997,1.3968827957093226,-2.2912908209190643,-0.3105429950484287
12.0,159.0,1004.1676025390624,-3.4635398300377203,-4.725395831878904,-1.4363158007430876,2.1334699404495807,2.7981929067486595,1.7767160090685397,0.2648749546603997,1.3968827957093226,-2.2912908209190643,-0.3105429950484485
12.0,159.0,1004.1676025390624,-3.4635414682920085,-4.725395838402872,-1.4363158007560286,2.1334699404495807,2.798134488873244,1.77671598877062,0.2648749546593703,1.3968827957093226,-2.29128845962083,-0.3105429950259031
12.0,159.0,1004.1676025390624,-3.4635389628875592,-4.725395936732482,-1.4363158006197612,2.1334699404495807,2.7981399793658617,1.7767159894908713,0.2648749546595169,1.3968827957093226,-2.2912094586034826,-0.3105429950513802
12.0,159.0,1004.1676025390624,-3.463541448252176,-4.72539584069401,-1.4363158007428878,2.1334699404495807,2.7981346012051787,1.7767159887611066,0.2648749546593619,1.3968827957093226,-2.29129097374783,-0.3105429950506848
12.0,159.0,1004.1676025390624,-3.4635396894839,-4.725395936762113,-1.4363158006299552,2.1334699404495807,2.798134551778556,1.7767159894814213,0.2648749546604061,1.3968827957093226,-2.291209975035543,-0.3105429950494952
12.0,159.0,1004.1676025390624,-3.4635424749912698,-4.725395842212449,-1.4363158006222534,2.1334699404495807,2.7981330239137128,1.7767159894542432,0.2648749546595167,1.3968827957093226,-2.2912835739086668,-0.3105429950513825
12.0,159.0,1004.1676025390624,-3.4635392679973944,-4.72539593799962,-1.436315800622839,2.1334699404495807,2.7981398813105254,1.7767159894568545,0.2648749546595169,1.3968827957093226,-2.2912094596081856,-0.3105429950512022
12.0,159.0,1004.1676025390624,-3.463541468063964,-4.725395838402872,-1.4363158007560286,2.1334699404495807,2.798134488873244,1.77671598877062,0.2648749546593703,1.3968827957093226,-2.29128845962083,-0.3105429950259314
12.0,159.0,1004.1676025390624,-3.463539277557831,-4.725395939814057,-1.436315800743088,2.1334699404495807,2.79813451090361,1.7767159887611426,0.2648749546595169,1.3968827957093226,-2.291212157389966,-0.3105429950506038
12.0,159.0,1004.1676635742188,-3.4635398300377203,-4.725395832595966,-1.4363158007428878,2.1334699404495807,2.7981443271668582,1.7767159887609432,0.2648749546603997,1.3968827957093226,-2.2912908209190643,-0.3105429950274804
12.0,159.0,1004.1676635742188,-3.4635398290653137,-4.725395832607977,-1.4363158007428878,2.1334699404495807,2.7981443271668582,1.7767159835538675,0.2648749546667674,1.3968827957093226,-2.291286818729769,-0.3105429950274804
12.0,159.0,1004.1676635742188,-3.4635398300377203,-4.725395832595966,-1.4363158007428878,2.1334699404495807,2.7981443271668582,1.7767159887609432,0.2648749546603997,1.3968827957093226,-2.2912908209190643,-0.3105429950257992
12.0,159.0,1004.1676635742188,-3.463542595433286,-4.725395840552856,-1.4363158007389163,2.1334699404495807,2.7981014541519644,1.776715988804434,0.2648749546595095,1.3968827957093226,-2.291287638637818,-0.3105429950497467
12.0,159.0,1004.1676635742188,-3.463539693352752,-4.725395936762113,-1.4363158007546482,2.1334699404495807,2.798134488873244,1.7767159887738824,0.2648749546595167,1.3968827957093226,-2.29128845232791,-0.3105429950513825
12.0,159.0,1004.1676635742188,-3.463539158034158,-4.725395939940223,-1.4363158006203407,2.1334699404495807,2.798073844408148,1.7767159887609432,0.2648749546603997,1.3968827957093226,-2.291210207216908,-0.3105429950266747
12.0,159.0,1004.1676635742188,-3.463539693352752,-4.725395936762113,-1.4363158006299552,2.1334699404495807,2.798134551778556,1.7767159894814213,0.2648749546595167,1.3968827957093226,-2.29128845232791,-0.3105429950494952
12.0,159.0,1004.1676635742188,-3.4635397743976992,-4.725395829566034,-1.436315800630927,2.1334699404495807,2.798071485527061,1.776715989439155,0.2648749546595167,1.3968827957093226,-2.2912094844801016,-0.3105429950288618
12.0,159.0,1004.1676635742188,-3.4635396450237703,-4.725395838402872,-1.4363158007551362,2.1334699404495807,2.798134488873244,1.77671598877062,0.2648749546595167,1.3968827957093226,-2.291288485435952,-0.3105429950513825
12.0,159.0,1004.1676635742188,-3.463539544336838,-4.725395928390019,-1.4363158007428878,2.1334699404495807,2.7981403277567987,1.7767159887611066,0.2648749546593104,1.3968827957093226,-2.2912904753049754,-0.3105429950259282
12.0,159.0,1004.1676635742188,-3.463539693352752,-4.725395936762113,-1.4363158007546482,2.1334699404495807,2.798134488873244,1.7767159887738824,0.2648749546595167,1.3968827957093226,-2.29128845232791,-0.3105429950513825
12.0,159.0,1004.1676635742188,-3.463540258268724,-4.725395936764656,-1.4363158007435588,2.1334699404495807,2.798132978567072,1.7767159894732871,0.2648749546594474,1.3968827957093226,-2.291290969195685,-0.3105429950513966
12.0,159.0,1004.1676635742188,-3.4635394670012127,-4.725395832595966,-1.4363158007533117,2.1334699404495807,2.7981443271668582,1.7767159886815167,0.2648749546603997,1.3968827957093226,-2.291294036686772,-0.310542995051971
12.0,159.0,1004.1676635742188,-3.4635397743976992,-4.725395829566034,-1.436315800630927,2.1334699404495807,2.798071485527061,1.7767159887154782,0.2648749546595167,1.3968827957093226,-2.2912121822618827,-0.3105429950288618
12.0,159.0,1004.1676635742188,-3.463539720704833,-4.7253959356174144,-1.4363158006196486,2.1334699404495807,2.7981330199053622,1.7767159895075075,0.2648749546584969,1.3968827957093226,-2.291285673712274,-0.3105429950513825
12.0,159.0,1004.1676635742188,-3.463542595433286,-4.725395840552856,-1.4363158007389163,2.1334699404495807,2.7981014541519644,1.776715988804434,0.2648749546595095,1.3968827957093226,-2.291287638637818,-0.3105429950497467
12.0,159.0,1004.1676635742188,-3.463539030402372,-4.725395928390019,-1.4363158007428878,2.1334699404495807,2.798134503230031,1.776715988763801,0.2648749546595134,1.3968827957093226,-2.291285853641716,-0.3105429950479744
12.0,159.0,1004.1676635742188,-3.463539488014099,-4.725395928390019,-1.4363158007428878,2.1334699404495807,2.7981403277567987,1.7767159887611066,0.2648749546593104,1.3968827957093226,-2.2912904753049754,-0.3105429950259282
12.0,159.0,1004.1676635742188,-3.4635396450237703,-4.725395838398483,-1.4363158007551362,2.1334699404495807,2.798140215424864,1.77671598877062,0.2648749546595276,1.3968827957093226,-2.291288485435952,-0.3105429950266258
12.0,159.0,1004.1676635742188,-3.463539693352752,-4.725395936762113,-1.4363158007546482,2.1334699404495807,2.798134488873244,1.7767159887738824,0.2648749546595167,1.3968827957093226,-2.29128845232791,-0.3105429950513825
12.0,159.0,1004.1676635742188,-3.463539826584731,-4.725395940993788,-1.4363158007543535,2.1334699404495807,2.7981343143751705,1.7767159833479331,0.2648749546590927,1.3968827957093226,-2.2912883140282942,-0.3105429950513825
12.0,159.0,1004.1676635742188,-3.4635397743976992,-4.72539583263264,-1.436315800630927,2.1334699404495807,2.798130871144489,1.7767159895112523,0.2648749546595141,1.3968827957093226,-2.291287938947466,-0.3105429950293948
12.0,159.0,1004.1676635742188,-3.463539488014099,-4.725395928390019,-1.4363158007428878,2.1334699404495807,2.7981403277567987,1.7767159887611066,0.2648749546593104,1.3968827957093226,-2.2912904753049754,-0.3105429950259282
12.0,159.0,1004.1676635742188,-3.4635396958333344,-4.725395828376303,-1.4363158007431822,2.1334699404495807,2.7981445016649324,1.776715988979817,0.2648749546671913,1.3968827957093226,-2.291286957029385,-0.3105429950274804
12.0,159.0,1004.1676635742188,-3.463539545918904,-4.725395929090604,-1.4363158007428878,2.1334699404495807,2.7981403277567987,1.7767159887611066,0.2648749546595195,1.3968827957093226,-2.2912883967595006,-0.3105429950253939
12.0,159.0,1004.1676635742188,-3.4635396450237703,-4.725395838398483,-1.4363158007551362,2.1334699404495807,2.798140298118437,1.77671598877062,0.2648749546595268,1.3968827957093226,-2.291288485435952,-0.3105429950266258
12.0,160.0,1004.1674194335938,-3.463539277557831,-4.725395938019273,-1.436315800622839,2.1334699404495807,2.7982754155813705,1.7767159887340211,0.2648749546595169,1.3968827957093226,-2.291212157389966,-0.3105429950512022
12.0,160.0,1004.1674194335938,-3.463539277557831,-4.725395939814057,-1.436315800743088,2.1334699404495807,2.7982754155813705,1.7767159887542958,0.2648749546595169,1.3968827957093226,-2.291212157389966,-0.3105429950513836
12.0,160.0,1004.1674194335938,-3.463539277557831,-4.725395939814057,-1.436315800743088,2.1334699404495807,2.7982754155813705,1.7767159887542958,0.2648749546595169,1.3968827957093226,-2.291212157389966,-0.3105429950513836
12.0,160.0,1004.1674194335938,-3.463539277557831,-4.725395938019273,-1.436315800622839,2.1334699404495807,2.7982754155813705,1.7767159887340211,0.2648749546595169,1.3968827957093226,-2.291212157389966,-0.3105429950512022
12.0,160.0,1004.1674194335938,-3.463539277557831,-4.725395939814057,-1.436315800743088,2.1334699404495807,2.7982754155813705,1.7767159887542958,0.2648749546595169,1.3968827957093226,-2.291212157389966,-0.3105429950513836
12.0,160.0,1004.1674194335938,-3.4635398300377203,-4.725395938224921,-1.4363158007428922,2.1334699404495807,2.7982773401197822,1.7767159887702368,0.2648749546604703,1.3968827957093226,-2.291207094146736,-0.3105429950263657
12.0,160.0,1004.1674194335938,-3.4635392794540145,-4.725395939805206,-1.436315800743088,2.1334699404495807,2.798293925376849,1.7767159887542958,0.2648749546595125,1.3968827957093226,-2.291212157389966,-0.3105429950513836
12.0,160.0,1004.16748046875,-3.463541448252176,-4.725395840689621,-1.4363158007428878,2.1334699404495807,2.798241065690089,1.776715988770366,0.2648749546594435,1.3968827957093226,-2.291288485767666,-0.310542995027212
12.0,160.0,1004.16748046875,-3.463539277557831,-4.725395936732482,-1.4363158006197612,2.1334699404495807,2.7982733205679464,1.7767159894910678,0.2648749546595169,1.3968827957093226,-2.2912094586034826,-0.3105429950512022
12.0,160.0,1004.16748046875,-3.463539277557831,-4.725395938019273,-1.436315800622839,2.1334699404495807,2.7982754155813705,1.7767159894576985,0.2648749546595169,1.3968827957093226,-2.2912094596081856,-0.3105429950512022
12.0,160.0,1004.16748046875,-3.4635389724479952,-4.725395936752134,-1.4363158006197612,2.1334699404495807,2.7982755136367072,1.776715989491715,0.2648749546595169,1.3968827957093226,-2.2912094586034826,-0.3105429950513802
12.0,160.0,1004.16748046875,-3.463539277557831,-4.725395928603449,-1.436315800624705,2.1334699404495807,2.7982754155813705,1.7767159887070874,0.2648749546595169,1.3968827957093226,-2.2912094596081856,-0.3105429950503006
12.0,160.0,1004.16748046875,-3.4635389724479952,-4.725395936752134,-1.4363158006197612,2.1334699404495807,2.7982755136367072,1.776715989491715,0.2648749546595332,1.3968827957093226,-2.291211356192011,-0.3105429950526622
12.0,160.0,1004.16748046875,-3.463539191910898,-4.725395938019273,-1.436315800740613,2.1334699404495807,2.7982753023261138,1.7767159887675683,0.2648749546594416,1.3968827957093226,-2.2912046620003785,-0.3105429950512022
12.0,160.0,1004.16748046875,-3.4635414682920085,-4.725395838402872,-1.4363158007560286,2.1334699404495807,2.7982835118638105,1.77671598877062,0.2648749546593703,1.3968827957093226,-2.2912862012258093,-0.3105429950503582
12.0,160.0,1004.1675415039062,-3.4635398300377203,-4.725395832595966,-1.4363158007428878,2.1334699404495807,2.798245065100148,1.7767159887702024,0.2648749546604703,1.3968827957093226,-2.2912883329389,-0.310542995027083
12.0,160.0,1004.1675415039062,-3.46354035769961,-4.725395840689621,-1.4363158007428878,2.1334699404495807,2.798241065690089,1.7767159888180093,0.2648749546594435,1.3968827957093226,-2.291288172469136,-0.3105429950515048
12.0,160.0,1004.1675415039062,-3.4635398300377203,-4.725395832595966,-1.4363158007428878,2.1334699404495807,2.798245065100148,1.776715988770765,0.2648749546604747,1.3968827957093226,-2.2912883329389,-0.310542995027083
12.0,160.0,1004.1675415039062,-3.4635397694447887,-4.725395831943907,-1.4363158007428878,2.1334699404495807,2.798244298048229,1.7767159835538675,0.2648749546667674,1.3968827957093226,-2.291286918922536,-0.3105429950272013
12.0,160.0,1004.1675415039062,-3.4635397694447887,-4.725395831961897,-1.4363158007428878,2.1334699404495807,2.798244298048229,1.7767159835538675,0.2648749546594004,1.3968827957093226,-2.2912783565794075,-0.3105429950272013
12.0,160.0,1004.1675415039062,-3.463541533899108,-4.725395840689621,-1.4363158006251138,2.1334699404495807,2.7982411789453456,1.7767159887368191,0.2648749546595189,1.3968827957093226,-2.291295981157253,-0.310542995027212
12.0,160.0,1004.1676025390624,-3.463541448252176,-4.725395840689621,-1.4363158007428878,2.1334699404495807,2.7981403277567987,1.7767159887611066,0.2648749546593729,1.3968827957093226,-2.29129097374783,-0.3105429950259282
12.0,160.0,1004.1676025390624,-3.4635398300377203,-4.725395832595966,-1.4363158007428878,2.1334699404495807,2.7981929067486595,1.7767160089271106,0.2648749546603997,1.3968827957093226,-2.2912908209190643,-0.3105429950484287
12.0,160.0,1004.1676025390624,-3.4635398300377203,-4.725395831878904,-1.4363158007430876,2.1334699404495807,2.7981929067486595,1.7767160090685397,0.2648749546603997,1.3968827957093226,-2.2912908209190643,-0.3105429950484485
12.0,160.0,1004.1676025390624,-3.4635414682920085,-4.725395838402872,-1.4363158007560286,2.1334699404495807,2.798134488873244,1.77671598877062,0.2648749546593703,1.3968827957093226,-2.29128845962083,-0.3105429950259031
12.0,160.0,1004.1676025390624,-3.4635389628875592,-4.725395936732482,-1.4363158006197612,2.1334699404495807,2.7981399793658617,1.7767159894908713,0.2648749546595169,1.3968827957093226,-2.2912094586034826,-0.3105429950513802
12.0,160.0,1004.1676025390624,-3.463541448252176,-4.72539584069401,-1.4363158007428878,2.1334699404495807,2.7981346012051787,1.7767159887611066,0.2648749546593619,1.3968827957093226,-2.29129097374783,-0.3105429950506848
12.0,160.0,1004.1676025390624,-3.4635396894839,-4.725395936762113,-1.4363158006299552,2.1334699404495807,2.798134551778556,1.7767159894814213,0.2648749546604061,1.3968827957093226,-2.291209975035543,-0.3105429950494952
12.0,160.0,1004.1676025390624,-3.4635424749912698,-4.725395842212449,-1.4363158006222534,2.1334699404495807,2.7981330239137128,1.7767159894542432,0.2648749546595167,1.3968827957093226,-2.2912835739086668,-0.3105429950513825
12.0,160.0,1004.1676025390624,-3.4635392679973944,-4.72539593799962,-1.436315800622839,2.1334699404495807,2.7981398813105254,1.7767159894568545,0.2648749546595169,1.3968827957093226,-2.2912094596081856,-0.3105429950512022
12.0,160.0,1004.1676025390624,-3.463541468063964,-4.725395838402872,-1.4363158007560286,2.1334699404495807,2.798134488873244,1.77671598877062,0.2648749546593703,1.3968827957093226,-2.29128845962083,-0.3105429950259314
12.0,160.0,1004.1676025390624,-3.463539277557831,-4.725395939814057,-1.436315800743088,2.1334699404495807,2.79813451090361,1.7767159887611426,0.2648749546595169,1.3968827957093226,-2.291212157389966,-0.3105429950506038
12.0,160.0,1004.1676025390624,-3.463541454443812,-4.725395840622521,-1.4363158007560286,2.1334699404495807,2.798134488873244,1.77671598877062,0.2648749546593703,1.3968827957093226,-2.291288457744316,-0.3105429950506155
12.0,160.0,1004.1676025390624,-3.4635414580384394,-4.725395948806479,-1.4363158007430703,2.1334699404495807,2.7981346012051787,1.7767159887611066,0.2648749546595078,1.3968827957093226,-2.29129097374783,-0.3105429950506848
12.0,160.0,1004.1676025390624,-3.463541468063964,-4.725395840651405,-1.4363158007560286,2.1334699404495807,2.798139460822906,1.7767159887613642,0.2648749546593703,1.3968827957093226,-2.2912884453948084,-0.3105429950259314
12.0,160.0,1004.1676025390624,-3.463539277557831,-4.725395938019273,-1.436315800622839,2.1334699404495807,2.798126392590804,1.7767159894576985,0.2648749546595169,1.3968827957093226,-2.2912117180032063,-0.310542995026747
12.0,160.0,1004.1676025390624,-3.463541448252176,-4.725395840689621,-1.4363158007428878,2.1334699404495807,2.7981403277567987,1.7767159887611066,0.2648749546593565,1.3968827957093226,-2.291289076159301,-0.3105429950246462
12.0,160.0,1004.1676025390624,-3.4635392860596417,-4.7253959368062,-1.4363158006306924,2.1334699404495807,2.7981345515658296,1.7767159887611426,0.2648749546595169,1.3968827957093226,-2.291212157389966,-0.3105429950494802
12.0,160.0,1004.1676025390624,-3.463539670326286,-4.725395938004015,-1.436315800622839,2.1334699404495807,2.798134669359557,1.776715988764321,0.2648749546595169,1.3968827957093226,-2.2912111534348263,-0.3105429950512022
12.0,160.0,1004.1676025390624,-3.463539014747458,-4.725395936732482,-1.4363158006197612,2.1334699404495807,2.7981399793658617,1.7767159894908713,0.2648749546604716,1.3968827957093226,-2.291207944524695,-0.3105429950513802
12.0,160.0,1004.1676025390624,-3.4635392677715666,-4.725395831701587,-1.436315800742905,2.1334699404495807,2.79813451090361,1.7767159887611426,0.2648749546593711,1.3968827957093226,-2.291212157389966,-0.3105429950506038
12.0,160.0,1004.1676635742188,-3.4635398300377203,-4.725395832595966,-1.4363158007428878,2.1334699404495807,2.7981443271668582,1.7767159887609432,0.2648749546603997,1.3968827957093226,-2.2912908209190643,-0.3105429950274804
12.0,160.0,1004.1676635742188,-3.4635398290653137,-4.725395832607977,-1.4363158007428878,2.1334699404495807,2.7981443271668582,1.7767159835538675,0.2648749546667674,1.3968827957093226,-2.291286818729769,-0.3105429950274804
12.0,160.0,1004.1676635742188,-3.4635398300377203,-4.725395832595966,-1.4363158007428878,2.1334699404495807,2.7981443271668582,1.7767159887609432,0.2648749546603997,1.3968827957093226,-2.2912908209190643,-0.3105429950257992
12.0,160.0,1004.1676635742188,-3.463542595433286,-4.725395840552856,-1.4363158007389163,2.1334699404495807,2.7981014541519644,1.776715988804434,0.2648749546595095,1.3968827957093226,-2.291287638637818,-0.3105429950497467
12.0,160.0,1004.1676635742188,-3.463539693352752,-4.725395936762113,-1.4363158007546482,2.1334699404495807,2.798134488873244,1.7767159887738824,0.2648749546595167,1.3968827957093226,-2.29128845232791,-0.3105429950513825
12.0,160.0,1004.1676635742188,-3.463539158034158,-4.725395939940223,-1.4363158006203407,2.1334699404495807,2.798073844408148,1.7767159887609432,0.2648749546603997,1.3968827957093226,-2.291210207216908,-0.3105429950266747
12.0,160.0,1004.1676635742188,-3.463539693352752,-4.725395936762113,-1.4363158006299552,2.1334699404495807,2.798134551778556,1.7767159894814213,0.2648749546595167,1.3968827957093226,-2.29128845232791,-0.3105429950494952
12.0,160.0,1004.1676635742188,-3.4635397743976992,-4.725395829566034,-1.436315800630927,2.1334699404495807,2.798071485527061,1.776715989439155,0.2648749546595167,1.3968827957093226,-2.2912094844801016,-0.3105429950288618
12.0,160.0,1004.1676635742188,-3.4635396450237703,-4.725395838402872,-1.4363158007551362,2.1334699404495807,2.798134488873244,1.77671598877062,0.2648749546595167,1.3968827957093226,-2.291288485435952,-0.3105429950513825
12.0,161.0,1004.1674194335938,-3.463539277557831,-4.725395938019273,-1.436315800622839,2.1334699404495807,2.7982754155813705,1.7767159887340211,0.2648749546595169,1.3968827957093226,-2.291212157389966,-0.3105429950512022
12.0,161.0,1004.1674194335938,-3.463539277557831,-4.725395939814057,-1.436315800743088,2.1334699404495807,2.7982754155813705,1.7767159887542958,0.2648749546595169,1.3968827957093226,-2.291212157389966,-0.3105429950513836
12.0,161.0,1004.1674194335938,-3.463539277557831,-4.725395939814057,-1.436315800743088,2.1334699404495807,2.7982754155813705,1.7767159887542958,0.2648749546595169,1.3968827957093226,-2.291212157389966,-0.3105429950513836
12.0,161.0,1004.1674194335938,-3.463539277557831,-4.725395938019273,-1.436315800622839,2.1334699404495807,2.7982754155813705,1.7767159887340211,0.2648749546595169,1.3968827957093226,-2.291212157389966,-0.3105429950512022
12.0,161.0,1004.1674194335938,-3.463539277557831,-4.725395939814057,-1.436315800743088,2.1334699404495807,2.7982754155813705,1.7767159887542958,0.2648749546595169,1.3968827957093226,-2.291212157389966,-0.3105429950513836
12.0,161.0,1004.1674194335938,-3.4635398300377203,-4.725395938224921,-1.4363158007428922,2.1334699404495807,2.7982773401197822,1.7767159887702368,0.2648749546604703,1.3968827957093226,-2.291207094146736,-0.3105429950263657
12.0,161.0,1004.1674194335938,-3.4635392794540145,-4.725395939805206,-1.436315800743088,2.1334699404495807,2.798293925376849,1.7767159887542958,0.2648749546595125,1.3968827957093226,-2.291212157389966,-0.3105429950513836
12.0,161.0,1004.1674194335938,-3.463539277557831,-4.725395939814057,-1.436315800743088,2.1334699404495807,2.7982754155813705,1.7767159887542958,0.2648749546595169,1.3968827957093226,-2.291212157389966,-0.3105429950513836
12.0,161.0,1004.1674194335938,-3.463539277557831,-4.725395939814057,-1.436315800743088,2.1334699404495807,2.7982754155813705,1.7767159887542958,0.2648749546595169,1.3968827957093226,-2.291212157389966,-0.3105429950513836
12.0,161.0,1004.1674194335938,-3.463539277557831,-4.725395938019273,-1.436315800622839,2.1334699404495807,2.7982754155813705,1.7767159887340211,0.2648749546595169,1.3968827957093226,-2.291212157389966,-0.3105429950512022
12.0,161.0,1004.1674194335938,-3.463539277557831,-4.725395939814057,-1.436315800743088,2.1334699404495807,2.7982754155813705,1.7767159887542958,0.2648749546595169,1.3968827957093226,-2.291212157389966,-0.3105429950513836
12.0,161.0,1004.1674194335938,-3.463539277557831,-4.725395938019273,-1.436315800622839,2.1334699404495807,2.7982754155813705,1.7767159887340211,0.2648749546595169,1.3968827957093226,-2.291212157389966,-0.3105429950512022
12.0,161.0,1004.16748046875,-3.463541448252176,-4.725395840689621,-1.4363158007428878,2.1334699404495807,2.798241065690089,1.776715988770366,0.2648749546594435,1.3968827957093226,-2.291288485767666,-0.310542995027212
12.0,161.0,1004.16748046875,-3.463539277557831,-4.725395936732482,-1.4363158006197612,2.1334699404495807,2.7982733205679464,1.7767159894910678,0.2648749546595169,1.3968827957093226,-2.2912094586034826,-0.3105429950512022
12.0,161.0,1004.16748046875,-3.463539277557831,-4.725395938019273,-1.436315800622839,2.1334699404495807,2.7982754155813705,1.7767159894576985,0.2648749546595169,1.3968827957093226,-2.2912094596081856,-0.3105429950512022
12.0,161.0,1004.16748046875,-3.4635389724479952,-4.725395936752134,-1.4363158006197612,2.1334699404495807,2.7982755136367072,1.776715989491715,0.2648749546595169,1.3968827957093226,-2.2912094586034826,-0.3105429950513802
12.0,161.0,1004.16748046875,-3.463539277557831,-4.725395928603449,-1.436315800624705,2.1334699404495807,2.7982754155813705,1.7767159887070874,0.2648749546595169,1.3968827957093226,-2.2912094596081856,-0.3105429950503006
12.0,161.0,1004.16748046875,-3.4635389724479952,-4.725395936752134,-1.4363158006197612,2.1334699404495807,2.7982755136367072,1.776715989491715,0.2648749546595332,1.3968827957093226,-2.291211356192011,-0.3105429950526622
12.0,161.0,1004.16748046875,-3.463539191910898,-4.725395938019273,-1.436315800740613,2.1334699404495807,2.7982753023261138,1.7767159887675683,0.2648749546594416,1.3968827957093226,-2.2912046620003785,-0.3105429950512022
12.0,161.0,1004.16748046875,-3.4635414682920085,-4.725395838402872,-1.4363158007560286,2.1334699404495807,2.7982835118638105,1.77671598877062,0.2648749546593703,1.3968827957093226,-2.2912862012258093,-0.3105429950503582
12.0,161.0,1004.16748046875,-3.463539284987327,-4.725395938016864,-1.4363158007377506,2.1334699404495807,2.7982753023261138,1.7767159887675683,0.2648749546594416,1.3968827957093226,-2.2912118295182338,-0.310542995051127
12.0,161.0,1004.16748046875,-3.4635391731402687,-4.725395938019273,-1.436315800740508,2.1334699404495807,2.7982743698492136,1.7767159887675683,0.2648749546594416,1.3968827957093226,-2.2912046620003785,-0.3105429950512022
12.0,161.0,1004.16748046875,-3.4635415385039576,-4.725395840689621,-1.4363158007428878,2.1334699404495807,2.798241065690089,1.77671598877116,0.2648749546594435,1.3968827957093226,-2.291288485767666,-0.3105429950527755
12.0,161.0,1004.16748046875,-3.4635397694447887,-4.725395831332483,-1.4363158006412848,2.1334699404495807,2.798250417295236,1.7767159835538675,0.2648749546594004,1.3968827957093226,-2.291215309968165,-0.3105429950272013
12.0,161.0,1004.16748046875,-3.4635389628875592,-4.725395936732482,-1.4363158006189154,2.1334699404495807,2.798245621284603,1.7767159894908713,0.2648749546595169,1.3968827957093226,-2.291210692069571,-0.3105429950513802
12.0,161.0,1004.16748046875,-3.4635414682920085,-4.72539583262789,-1.4363158007427466,2.1334699404495807,2.7982835118638105,1.7767159887707729,0.2648749546593703,1.3968827957093226,-2.2912862012258093,-0.3105429950503582
12.0,161.0,1004.1675415039062,-3.4635398300377203,-4.725395832595966,-1.4363158007428878,2.1334699404495807,2.798245065100148,1.7767159887702024,0.2648749546604703,1.3968827957093226,-2.2912883329389,-0.310542995027083
12.0,161.0,1004.1675415039062,-3.46354035769961,-4.725395840689621,-1.4363158007428878,2.1334699404495807,2.798241065690089,1.7767159888180093,0.2648749546594435,1.3968827957093226,-2.291288172469136,-0.3105429950515048
12.0,161.0,1004.1675415039062,-3.4635398300377203,-4.725395832595966,-1.4363158007428878,2.1334699404495807,2.798245065100148,1.776715988770765,0.2648749546604747,1.3968827957093226,-2.2912883329389,-0.310542995027083
12.0,161.0,1004.1675415039062,-3.4635397694447887,-4.725395831943907,-1.4363158007428878,2.1334699404495807,2.798244298048229,1.7767159835538675,0.2648749546667674,1.3968827957093226,-2.291286918922536,-0.3105429950272013
12.0,161.0,1004.1675415039062,-3.4635397694447887,-4.725395831961897,-1.4363158007428878,2.1334699404495807,2.798244298048229,1.7767159835538675,0.2648749546594004,1.3968827957093226,-2.2912783565794075,-0.3105429950272013
12.0,161.0,1004.1675415039062,-3.463541533899108,-4.725395840689621,-1.4363158006251138,2.1334699404495807,2.7982411789453456,1.7767159887368191,0.2648749546595189,1.3968827957093226,-2.291295981157253,-0.310542995027212
12.0,161.0,1004.1675415039062,-3.463541533899108,-4.725395840689621,-1.4363158006251138,2.1334699404495807,2.798239875928383,1.7767159887368191,0.2648749546595189,1.3968827957093226,-2.291295981157253,-0.310542995027212
12.0,161.0,1004.1675415039062,-3.463540267447828,-4.725395840689621,-1.4363158007428878,2.1334699404495807,2.798241065690089,1.7767159888172157,0.2648749546594435,1.3968827957093226,-2.291288172469136,-0.3105429950259413
12.0,161.0,1004.1675415039062,-3.4635398300377203,-4.725395838370949,-1.43631580075617,2.1334699404495807,2.798245065100148,1.7767159887706123,0.2648749546604747,1.3968827957093226,-2.2912883329389,-0.310542995027083
12.0,161.0,1004.1675415039062,-3.4635398300377203,-4.725395832663684,-1.4363158007434145,2.1334699404495807,2.798243652135049,1.776715988770608,0.2648749546604864,1.3968827957093226,-2.2912883329389,-0.3105429950265326
12.0,161.0,1004.1675415039062,-3.4635398300377203,-4.725395945283159,-1.4363158007428878,2.1334699404495807,2.798245065100148,1.7767159887706248,0.2648749546604747,1.3968827957093226,-2.2912883329389,-0.310542995027083
12.0,161.0,1004.1676025390624,-3.463541448252176,-4.725395840689621,-1.4363158007428878,2.1334699404495807,2.7981403277567987,1.7767159887611066,0.2648749546593729,1.3968827957093226,-2.29129097374783,-0.3105429950259282
12.0,161.0,1004.1676025390624,-3.4635398300377203,-4.725395832595966,-1.4363158007428878,2.1334699404495807,2.7981929067486595,1.7767160089271106,0.2648749546603997,1.3968827957093226,-2.2912908209190643,-0.3105429950484287
12.0,161.0,1004.1676025390624,-3.4635398300377203,-4.725395831878904,-1.4363158007430876,2.1334699404495807,2.7981929067486595,1.7767160090685397,0.2648749546603997,1.3968827957093226,-2.2912908209190643,-0.3105429950484485
12.0,161.0,1004.1676025390624,-3.4635414682920085,-4.725395838402872,-1.4363158007560286,2.1334699404495807,2.798134488873244,1.77671598877062,0.2648749546593703,1.3968827957093226,-2.29128845962083,-0.3105429950259031
12.0,161.0,1004.1676025390624,-3.4635389628875592,-4.725395936732482,-1.4363158006197612,2.1334699404495807,2.7981399793658617,1.7767159894908713,0.2648749546595169,1.3968827957093226,-2.2912094586034826,-0.3105429950513802
12.0,161.0,1004.1676025390624,-3.463541448252176,-4.72539584069401,-1.4363158007428878,2.1334699404495807,2.7981346012051787,1.7767159887611066,0.2648749546593619,1.3968827957093226,-2.29129097374783,-0.3105429950506848
12.0,161.0,1004.1676025390624,-3.4635396894839,-4.725395936762113,-1.4363158006299552,2.1334699404495807,2.798134551778556,1.7767159894814213,0.2648749546604061,1.3968827957093226,-2.291209975035543,-0.3105429950494952
12.0,161.0,1004.1676025390624,-3.4635424749912698,-4.725395842212449,-1.4363158006222534,2.1334699404495807,2.7981330239137128,1.7767159894542432,0.2648749546595167,1.3968827957093226,-2.2912835739086668,-0.3105429950513825
12.0,161.0,1004.1676025390624,-3.4635392679973944,-4.72539593799962,-1.436315800622839,2.1334699404495807,2.7981398813105254,1.7767159894568545,0.2648749546595169,1.3968827957093226,-2.2912094596081856,-0.3105429950512022
12.0,161.0,1004.1676025390624,-3.463541468063964,-4.725395838402872,-1.4363158007560286,2.1334699404495807,2.798134488873244,1.77671598877062,0.2648749546593703,1.3968827957093226,-2.29128845962083,-0.3105429950259314
12.0,161.0,1004.1676025390624,-3.463539277557831,-4.725395939814057,-1.436315800743088,2.1334699404495807,2.79813451090361,1.7767159887611426,0.2648749546595169,1.3968827957093226,-2.291212157389966,-0.3105429950506038
12.0,161.0,1004.1676025390624,-3.463541454443812,-4.725395840622521,-1.4363158007560286,2.1334699404495807,2.798134488873244,1.77671598877062,0.2648749546593703,1.3968827957093226,-2.291288457744316,-0.3105429950506155
12.0,161.0,1004.1676025390624,-3.4635414580384394,-4.725395948806479,-1.4363158007430703,2.1334699404495807,2.7981346012051787,1.7767159887611066,0.2648749546595078,1.3968827957093226,-2.29129097374783,-0.3105429950506848
12.0,162.0,1004.1674194335938,-3.463539277557831,-4.725395938019273,-1.436315800622839,2.1334699404495807,2.7982754155813705,1.7767159887340211,0.2648749546595169,1.3968827957093226,-2.291212157389966,-0.3105429950512022
12.0,162.0,1004.1674194335938,-3.463539277557831,-4.725395939814057,-1.436315800743088,2.1334699404495807,2.7982754155813705,1.7767159887542958,0.2648749546595169,1.3968827957093226,-2.291212157389966,-0.3105429950513836
12.0,162.0,1004.1674194335938,-3.463539277557831,-4.725395939814057,-1.436315800743088,2.1334699404495807,2.7982754155813705,1.7767159887542958,0.2648749546595169,1.3968827957093226,-2.291212157389966,-0.3105429950513836
12.0,162.0,1004.1674194335938,-3.463539277557831,-4.725395938019273,-1.436315800622839,2.1334699404495807,2.7982754155813705,1.7767159887340211,0.2648749546595169,1.3968827957093226,-2.291212157389966,-0.3105429950512022
12.0,162.0,1004.1674194335938,-3.463539277557831,-4.725395939814057,-1.436315800743088,2.1334699404495807,2.7982754155813705,1.7767159887542958,0.2648749546595169,1.3968827957093226,-2.291212157389966,-0.3105429950513836
12.0,162.0,1004.1674194335938,-3.4635398300377203,-4.725395938224921,-1.4363158007428922,2.1334699404495807,2.7982773401197822,1.7767159887702368,0.2648749546604703,1.3968827957093226,-2.291207094146736,-0.3105429950263657
12.0,162.0,1004.1674194335938,-3.4635392794540145,-4.725395939805206,-1.436315800743088,2.1334699404495807,2.798293925376849,1.7767159887542958,0.2648749546595125,1.3968827957093226,-2.291212157389966,-0.3105429950513836
12.0,162.0,1004.1674194335938,-3.463539277557831,-4.725395939814057,-1.436315800743088,2.1334699404495807,2.7982754155813705,1.7767159887542958,0.2648749546595169,1.3968827957093226,-2.291212157389966,-0.3105429950513836
12.0,162.0,1004.1674194335938,-3.463539277557831,-4.725395939814057,-1.436315800743088,2.1334699404495807,2.7982754155813705,1.7767159887542958,0.2648749546595169,1.3968827957093226,-2.291212157389966,-0.3105429950513836
12.0,162.0,1004.1674194335938,-3.463539277557831,-4.725395938019273,-1.436315800622839,2.1334699404495807,2.7982754155813705,1.7767159887340211,0.2648749546595169,1.3968827957093226,-2.291212157389966,-0.3105429950512022
12.0,162.0,1004.1674194335938,-3.463539277557831,-4.725395939814057,-1.436315800743088,2.1334699404495807,2.7982754155813705,1.7767159887542958,0.2648749546595169,1.3968827957093226,-2.291212157389966,-0.3105429950513836
12.0,162.0,1004.1674194335938,-3.463539277557831,-4.725395938019273,-1.436315800622839,2.1334699404495807,2.7982754155813705,1.7767159887340211,0.2648749546595169,1.3968827957093226,-2.291212157389966,-0.3105429950512022
12.0,162.0,1004.1674194335938,-3.463539277557831,-4.725395938019273,-1.436315800732415,2.1334699404495807,2.7982754155813705,1.7767159887345203,0.2648749546594385,1.3968827957093226,-2.291212157389966,-0.3105429950512046
12.0,162.0,1004.1674194335938,-3.463539277557831,-4.725395939836502,-1.4363158006255503,2.1334699404495807,2.7982754155813705,1.7767159887542958,0.2648749546595169,1.3968827957093226,-2.291212157389966,-0.3105429950513806
12.0,162.0,1004.1674194335938,-3.4635392794112048,-4.725395939805206,-1.436315800743088,2.1334699404495807,2.798293925376849,1.7767159887542958,0.2648749546595125,1.3968827957093226,-2.291212157389966,-0.3105429950513836
12.0,162.0,1004.1674194335938,-3.4635398687278176,-4.725395939814057,-1.4363158007430905,2.1334699404495807,2.7982754155813705,1.7767159887542958,0.2648749546595169,1.3968827957093226,-2.2912123336945927,-0.3105429950513836
12.0,162.0,1004.1674194335938,-3.463539277557831,-4.725395938232332,-1.436315800622831,2.1334699404495807,2.7982754155813705,1.7767159887695947,0.2648749546595169,1.3968827957093226,-2.2912121881381946,-0.3105429950513833
12.0,162.0,1004.1674194335938,-3.463539836448291,-4.725395938113519,-1.4363158006197612,2.1334699404495807,2.7982755136367072,1.776715989491715,0.2648749546595169,1.3968827957093226,-2.291209543252789,-0.3105429950520684
12.0,162.0,1004.1674194335938,-3.463539277557831,-4.725395939814057,-1.436315800743088,2.1334699404495807,2.798275510298065,1.7767159887542958,0.2648749546595169,1.3968827957093226,-2.291212157389966,-0.3105429950513836
12.0,162.0,1004.1674194335938,-3.463539277557831,-4.725395937996827,-1.4363158007403765,2.1334699404495807,2.7982754155813705,1.7767159887340211,0.2648749546595169,1.3968827957093226,-2.291212157389966,-0.3105429950512052
12.0,162.0,1004.1674194335938,-3.463539277557831,-4.725395939814057,-1.436315800743088,2.1334699404495807,2.7982754155813705,1.776715988753896,0.2648749546595169,1.3968827957093226,-2.291212157389966,-0.3105429950512007
12.0,162.0,1004.16748046875,-3.463541448252176,-4.725395840689621,-1.4363158007428878,2.1334699404495807,2.798241065690089,1.776715988770366,0.2648749546594435,1.3968827957093226,-2.291288485767666,-0.310542995027212
12.0,162.0,1004.16748046875,-3.463539277557831,-4.725395936732482,-1.4363158006197612,2.1334699404495807,2.7982733205679464,1.7767159894910678,0.2648749546595169,1.3968827957093226,-2.2912094586034826,-0.3105429950512022
12.0,162.0,1004.16748046875,-3.463539277557831,-4.725395938019273,-1.436315800622839,2.1334699404495807,2.7982754155813705,1.7767159894576985,0.2648749546595169,1.3968827957093226,-2.2912094596081856,-0.3105429950512022
12.0,162.0,1004.16748046875,-3.4635389724479952,-4.725395936752134,-1.4363158006197612,2.1334699404495807,2.7982755136367072,1.776715989491715,0.2648749546595169,1.3968827957093226,-2.2912094586034826,-0.3105429950513802
12.0,162.0,1004.16748046875,-3.463539277557831,-4.725395928603449,-1.436315800624705,2.1334699404495807,2.7982754155813705,1.7767159887070874,0.2648749546595169,1.3968827957093226,-2.2912094596081856,-0.3105429950503006
12.0,162.0,1004.16748046875,-3.4635389724479952,-4.725395936752134,-1.4363158006197612,2.1334699404495807,2.7982755136367072,1.776715989491715,0.2648749546595332,1.3968827957093226,-2.291211356192011,-0.3105429950526622
12.0,162.0,1004.16748046875,-3.463539191910898,-4.725395938019273,-1.436315800740613,2.1334699404495807,2.7982753023261138,1.7767159887675683,0.2648749546594416,1.3968827957093226,-2.2912046620003785,-0.3105429950512022
12.0,162.0,1004.16748046875,-3.4635414682920085,-4.725395838402872,-1.4363158007560286,2.1334699404495807,2.7982835118638105,1.77671598877062,0.2648749546593703,1.3968827957093226,-2.2912862012258093,-0.3105429950503582
12.0,162.0,1004.16748046875,-3.463539284987327,-4.725395938016864,-1.4363158007377506,2.1334699404495807,2.7982753023261138,1.7767159887675683,0.2648749546594416,1.3968827957093226,-2.2912118295182338,-0.310542995051127
12.0,162.0,1004.16748046875,-3.4635391731402687,-4.725395938019273,-1.436315800740508,2.1334699404495807,2.7982743698492136,1.7767159887675683,0.2648749546594416,1.3968827957093226,-2.2912046620003785,-0.3105429950512022
12.0,162.0,1004.16748046875,-3.4635415385039576,-4.725395840689621,-1.4363158007428878,2.1334699404495807,2.798241065690089,1.77671598877116,0.2648749546594435,1.3968827957093226,-2.291288485767666,-0.3105429950527755
12.0,162.0,1004.16748046875,-3.4635397694447887,-4.725395831332483,-1.4363158006412848,2.1334699404495807,2.798250417295236,1.7767159835538675,0.2648749546594004,1.3968827957093226,-2.291215309968165,-0.3105429950272013
12.0,162.0,1004.16748046875,-3.4635389628875592,-4.725395936732482,-1.4363158006189154,2.1334699404495807,2.798245621284603,1.7767159894908713,0.2648749546595169,1.3968827957093226,-2.291210692069571,-0.3105429950513802
12.0,162.0,1004.16748046875,-3.4635414682920085,-4.72539583262789,-1.4363158007427466,2.1334699404495807,2.7982835118638105,1.7767159887707729,0.2648749546593703,1.3968827957093226,-2.2912862012258093,-0.3105429950503582
12.0,162.0,1004.16748046875,-3.463539277557831,-4.725395935361624,-1.4363158007562828,2.1334699404495807,2.7982754155813705,1.7767159887707094,0.2648749546595169,1.3968827957093226,-2.291211869015439,-0.3105429950264901
12.0,162.0,1004.16748046875,-3.463539173989725,-4.725395946796966,-1.4363158007428878,2.1334699404495807,2.7982404409753903,1.7767159887703097,0.2648749546595232,1.3968827957093226,-2.29120846044782,-0.310542995027212
12.0,162.0,1004.16748046875,-3.463539277557831,-4.725395936732482,-1.4363158007403771,2.1334699404495807,2.7982733205679464,1.7767159894910678,0.2648749546595169,1.3968827957093226,-2.2912120765815387,-0.3105429950513818
12.0,162.0,1004.16748046875,-3.463541506116559,-4.725395840661163,-1.4363158007428878,2.1334699404495807,2.798241065690089,1.776715983684361,0.2648749546591896,1.3968827957093226,-2.291288485767666,-0.310542995027212
12.0,162.0,1004.16748046875,-3.463539277557831,-4.725395939814057,-1.436315800743088,2.1334699404495807,2.7982754155813705,1.7767159887542958,0.2648749546595169,1.3968827957093226,-2.2912093940958056,-0.3105429950503133
12.0,162.0,1004.16748046875,-3.463538945506027,-4.72539593678484,-1.436315800622839,2.1334699404495807,2.7982754155813705,1.7767159887340211,0.2648749546595169,1.3968827957093226,-2.291212157389966,-0.3105429950512022
12.0,162.0,1004.16748046875,-3.463539277557831,-4.725395835122777,-1.4363158006219192,2.1334699404495807,2.7982754155813705,1.7767159887340211,0.2648749546595169,1.3968827957093226,-2.291212157389966,-0.3105429950503759
12.0,162.0,1004.16748046875,-3.463541551820281,-4.725395833706712,-1.436315800743088,2.1334699404495807,2.798276040296069,1.7767159887543524,0.2648749546594373,1.3968827957093226,-2.291292182709812,-0.3105429950513836
12.0,162.0,1004.16748046875,-3.463539277557831,-4.725395836540318,-1.4363158007393644,2.1334699404495807,2.798272008177308,1.7767159895757412,0.2648749546595162,1.3968827957093226,-2.291208249581511,-0.3105429950514944
12.0,162.0,1004.16748046875,-3.4635389628875592,-4.725395936519423,-1.4363158006189234,2.1334699404495807,2.798245621284603,1.7767159894552975,0.2648749546595169,1.3968827957093226,-2.291210661321342,-0.3105429950511991
12.0,162.0,1004.16748046875,-3.463538966037424,-4.725395936863536,-1.4363158007428922,2.1334699404495807,2.7982773401197822,1.7767159887702368,0.2648749546604703,1.3968827957093226,-2.291207009497429,-0.3105429950256775
12.0,162.0,1004.16748046875,-3.463539175967516,-4.725395938019273,-1.436315800621803,2.1334699404495807,2.7982754131165697,1.7767159887675683,0.2648749546594416,1.3968827957093226,-2.2912046328146705,-0.3105429950512022
12.0,162.0,1004.1675415039062,-3.4635398300377203,-4.725395832595966,-1.4363158007428878,2.1334699404495807,2.798245065100148,1.7767159887702024,0.2648749546604703,1.3968827957093226,-2.2912883329389,-0.310542995027083
12.0,162.0,1004.1675415039062,-3.46354035769961,-4.725395840689621,-1.4363158007428878,2.1334699404495807,2.798241065690089,1.7767159888180093,0.2648749546594435,1.3968827957093226,-2.291288172469136,-0.3105429950515048
12.0,162.0,1004.1675415039062,-3.4635398300377203,-4.725395832595966,-1.4363158007428878,2.1334699404495807,2.798245065100148,1.776715988770765,0.2648749546604747,1.3968827957093226,-2.2912883329389,-0.310542995027083
12.0,163.0,1004.1674194335938,-3.463539277557831,-4.725395938019273,-1.436315800622839,2.1334699404495807,2.7982754155813705,1.7767159887340211,0.2648749546595169,1.3968827957093226,-2.291212157389966,-0.3105429950512022
12.0,163.0,1004.1674194335938,-3.463539277557831,-4.725395939814057,-1.436315800743088,2.1334699404495807,2.7982754155813705,1.7767159887542958,0.2648749546595169,1.3968827957093226,-2.291212157389966,-0.3105429950513836
12.0,163.0,1004.1674194335938,-3.463539277557831,-4.725395939814057,-1.436315800743088,2.1334699404495807,2.7982754155813705,1.7767159887542958,0.2648749546595169,1.3968827957093226,-2.291212157389966,-0.3105429950513836
12.0,163.0,1004.1674194335938,-3.463539277557831,-4.725395938019273,-1.436315800622839,2.1334699404495807,2.7982754155813705,1.7767159887340211,0.2648749546595169,1.3968827957093226,-2.291212157389966,-0.3105429950512022
12.0,163.0,1004.1674194335938,-3.463539277557831,-4.725395939814057,-1.436315800743088,2.1334699404495807,2.7982754155813705,1.7767159887542958,0.2648749546595169,1.3968827957093226,-2.291212157389966,-0.3105429950513836
12.0,163.0,1004.1674194335938,-3.4635398300377203,-4.725395938224921,-1.4363158007428922,2.1334699404495807,2.7982773401197822,1.7767159887702368,0.2648749546604703,1.3968827957093226,-2.291207094146736,-0.3105429950263657
12.0,163.0,1004.1674194335938,-3.4635392794540145,-4.725395939805206,-1.436315800743088,2.1334699404495807,2.798293925376849,1.7767159887542958,0.2648749546595125,1.3968827957093226,-2.291212157389966,-0.3105429950513836
12.0,163.0,1004.1674194335938,-3.463539277557831,-4.725395939814057,-1.436315800743088,2.1334699404495807,2.7982754155813705,1.7767159887542958,0.2648749546595169,1.3968827957093226,-2.291212157389966,-0.3105429950513836
12.0,163.0,1004.1674194335938,-3.463539277557831,-4.725395939814057,-1.436315800743088,2.1334699404495807,2.7982754155813705,1.7767159887542958,0.2648749546595169,1.3968827957093226,-2.291212157389966,-0.3105429950513836
12.0,163.0,1004.1674194335938,-3.463539277557831,-4.725395938019273,-1.436315800622839,2.1334699404495807,2.7982754155813705,1.7767159887340211,0.2648749546595169,1.3968827957093226,-2.291212157389966,-0.3105429950512022
12.0,163.0,1004.1674194335938,-3.463539277557831,-4.725395939814057,-1.436315800743088,2.1334699404495807,2.7982754155813705,1.7767159887542958,0.2648749546595169,1.3968827957093226,-2.291212157389966,-0.3105429950513836
12.0,163.0,1004.1674194335938,-3.463539277557831,-4.725395938019273,-1.436315800622839,2.1334699404495807,2.7982754155813705,1.7767159887340211,0.2648749546595169,1.3968827957093226,-2.291212157389966,-0.3105429950512022
12.0,163.0,1004.1674194335938,-3.463539277557831,-4.725395938019273,-1.436315800732415,2.1334699404495807,2.7982754155813705,1.7767159887345203,0.2648749546594385,1.3968827957093226,-2.291212157389966,-0.3105429950512046
12.0,163.0,1004.1674194335938,-3.463539277557831,-4.725395939836502,-1.4363158006255503,2.1334699404495807,2.7982754155813705,1.7767159887542958,0.2648749546595169,1.3968827957093226,-2.291212157389966,-0.3105429950513806
12.0,163.0,1004.1674194335938,-3.4635392794112048,-4.725395939805206,-1.436315800743088,2.1334699404495807,2.798293925376849,1.7767159887542958,0.2648749546595125,1.3968827957093226,-2.291212157389966,-0.3105429950513836
12.0,163.0,1004.1674194335938,-3.4635398687278176,-4.725395939814057,-1.4363158007430905,2.1334699404495807,2.7982754155813705,1.7767159887542958,0.2648749546595169,1.3968827957093226,-2.2912123336945927,-0.3105429950513836
12.0,163.0,1004.1674194335938,-3.463539277557831,-4.725395938232332,-1.436315800622831,2.1334699404495807,2.7982754155813705,1.7767159887695947,0.2648749546595169,1.3968827957093226,-2.2912121881381946,-0.3105429950513833
12.0,163.0,1004.1674194335938,-3.463539836448291,-4.725395938113519,-1.4363158006197612,2.1334699404495807,2.7982755136367072,1.776715989491715,0.2648749546595169,1.3968827957093226,-2.291209543252789,-0.3105429950520684
12.0,163.0,1004.1674194335938,-3.463539277557831,-4.725395939814057,-1.436315800743088,2.1334699404495807,2.798275510298065,1.7767159887542958,0.2648749546595169,1.3968827957093226,-2.291212157389966,-0.3105429950513836
12.0,163.0,1004.1674194335938,-3.463539277557831,-4.725395937996827,-1.4363158007403765,2.1334699404495807,2.7982754155813705,1.7767159887340211,0.2648749546595169,1.3968827957093226,-2.291212157389966,-0.3105429950512052
12.0,163.0,1004.1674194335938,-3.463539277557831,-4.725395939814057,-1.436315800743088,2.1334699404495807,2.7982754155813705,1.776715988753896,0.2648749546595169,1.3968827957093226,-2.291212157389966,-0.3105429950512007
12.0,163.0,1004.1674194335938,-3.463539277557831,-4.725395939814057,-1.4363158006261274,2.1334699404495807,2.7982754155813705,1.7767159887542958,0.2648749546595169,1.3968827957093226,-2.291212157389966,-0.3105429950513836
12.0,163.0,1004.1674194335938,-3.463539277557831,-4.725395938019273,-1.4363158007461418,2.1334699404495807,2.7982754155813705,1.776715988763587,0.2648749546595169,1.3968827957093226,-2.2912121511384704,-0.3105429950513794
12.0,163.0,1004.1674194335938,-3.463539277557831,-4.725395938019273,-1.4363158006234134,2.1334699404495807,2.7982754155813705,1.7767159887327288,0.2648749546595169,1.3968827957093226,-2.291212157389966,-0.3105429950511741
12.0,163.0,1004.1674194335938,-3.463539836448291,-4.725395938113519,-1.4363158007477503,2.1334699404495807,2.7982755136367072,1.776715989491715,0.2648749546595005,1.3968827957093226,-2.291209543252789,-0.3105429950526729
12.0,163.0,1004.1674194335938,-3.4635398687278176,-4.725395939814057,-1.4363158007506265,2.1334699404495807,2.7982754155813705,1.7767159887542958,0.2648749546595169,1.3968827957093226,-2.2912123336945927,-0.3105429950513769
12.0,163.0,1004.1674194335938,-3.4635416219596964,-4.725395939814057,-1.436315800743088,2.1334699404495807,2.7982754155813705,1.776715988753896,0.2648749546595206,1.3968827957093226,-2.291212157389966,-0.3105429950512012
12.0,163.0,1004.1674194335938,-3.463539277557831,-4.725395938019273,-1.4363158006130674,2.1334699404495807,2.7982754155813705,1.7767159887340211,0.2648749546595169,1.3968827957093226,-2.291212157389966,-0.3105429950512022
12.0,163.0,1004.1674194335938,-3.4635398300377203,-4.725395938224921,-1.4363158006149028,2.1334699404495807,2.7982773401197822,1.7767159887702368,0.2648749546604867,1.3968827957093226,-2.291207094146736,-0.310542995025761
12.0,163.0,1004.1674194335938,-3.463539277557831,-4.725395938056315,-1.436315800758749,2.1334699404495807,2.7982754155813705,1.7767159887733786,0.2648749546595169,1.3968827957093226,-2.291212150956033,-0.3105429950512022
12.0,163.0,1004.1674194335938,-3.463539277557831,-4.725395938019273,-1.4363158006153027,2.1334699404495807,2.7982754155813705,1.7767159887340211,0.2648749546595169,1.3968827957093226,-2.291212157389966,-0.3105429950512089
12.0,163.0,1004.1674194335938,-3.463539277557831,-4.725395937165235,-1.4363158007428931,2.1334699404495807,2.7982754155813705,1.7767159887708073,0.2648749546595169,1.3968827957093226,-2.291212157389966,-0.3105429950513836
12.0,163.0,1004.1674194335938,-3.4635392794540145,-4.725395937987234,-1.436315800743088,2.1334699404495807,2.798293925376849,1.7767159887543738,0.2648749546595125,1.3968827957093226,-2.291212157389966,-0.3105429950513836
12.0,163.0,1004.1674194335938,-3.463539277557831,-4.725395939814057,-1.436315800743088,2.1334699404495807,2.7982754155813705,1.7767159887542958,0.2648749546595169,1.3968827957093226,-2.291212157389966,-0.3105429950513836
12.0,163.0,1004.1674194335938,-3.463539277557831,-4.725395938021503,-1.436315800622839,2.1334699404495807,2.7982754155813705,1.7767159887707749,0.2648749546595169,1.3968827957093226,-2.291212159448847,-0.3105429950512022
12.0,163.0,1004.16748046875,-3.463541448252176,-4.725395840689621,-1.4363158007428878,2.1334699404495807,2.798241065690089,1.776715988770366,0.2648749546594435,1.3968827957093226,-2.291288485767666,-0.310542995027212
12.0,163.0,1004.16748046875,-3.463539277557831,-4.725395936732482,-1.4363158006197612,2.1334699404495807,2.7982733205679464,1.7767159894910678,0.2648749546595169,1.3968827957093226,-2.2912094586034826,-0.3105429950512022
12.0,163.0,1004.16748046875,-3.463539277557831,-4.725395938019273,-1.436315800622839,2.1334699404495807,2.7982754155813705,1.7767159894576985,0.2648749546595169,1.3968827957093226,-2.2912094596081856,-0.3105429950512022
12.0,163.0,1004.16748046875,-3.4635389724479952,-4.725395936752134,-1.4363158006197612,2.1334699404495807,2.7982755136367072,1.776715989491715,0.2648749546595169,1.3968827957093226,-2.2912094586034826,-0.3105429950513802
12.0,163.0,1004.16748046875,-3.463539277557831,-4.725395928603449,-1.436315800624705,2.1334699404495807,2.7982754155813705,1.7767159887070874,0.2648749546595169,1.3968827957093226,-2.2912094596081856,-0.3105429950503006
12.0,163.0,1004.16748046875,-3.4635389724479952,-4.725395936752134,-1.4363158006197612,2.1334699404495807,2.7982755136367072,1.776715989491715,0.2648749546595332,1.3968827957093226,-2.291211356192011,-0.3105429950526622
12.0,163.0,1004.16748046875,-3.463539191910898,-4.725395938019273,-1.436315800740613,2.1334699404495807,2.7982753023261138,1.7767159887675683,0.2648749546594416,1.3968827957093226,-2.2912046620003785,-0.3105429950512022
12.0,163.0,1004.16748046875,-3.4635414682920085,-4.725395838402872,-1.4363158007560286,2.1334699404495807,2.7982835118638105,1.77671598877062,0.2648749546593703,1.3968827957093226,-2.2912862012258093,-0.3105429950503582
12.0,163.0,1004.16748046875,-3.463539284987327,-4.725395938016864,-1.4363158007377506,2.1334699404495807,2.7982753023261138,1.7767159887675683,0.2648749546594416,1.3968827957093226,-2.2912118295182338,-0.310542995051127
12.0,163.0,1004.16748046875,-3.4635391731402687,-4.725395938019273,-1.436315800740508,2.1334699404495807,2.7982743698492136,1.7767159887675683,0.2648749546594416,1.3968827957093226,-2.2912046620003785,-0.3105429950512022
12.0,163.0,1004.16748046875,-3.4635415385039576,-4.725395840689621,-1.4363158007428878,2.1334699404495807,2.798241065690089,1.77671598877116,0.2648749546594435,1.3968827957093226,-2.291288485767666,-0.3105429950527755
12.0,163.0,1004.16748046875,-3.4635397694447887,-4.725395831332483,-1.4363158006412848,2.1334699404495807,2.798250417295236,1.7767159835538675,0.2648749546594004,1.3968827957093226,-2.291215309968165,-0.3105429950272013
12.0,163.0,1004.16748046875,-3.4635389628875592,-4.725395936732482,-1.4363158006189154,2.1334699404495807,2.798245621284603,1.7767159894908713,0.2648749546595169,1.3968827957093226,-2.291210692069571,-0.3105429950513802
12.0,163.0,1004.16748046875,-3.4635414682920085,-4.72539583262789,-1.4363158007427466,2.1334699404495807,2.7982835118638105,1.7767159887707729,0.2648749546593703,1.3968827957093226,-2.2912862012258093,-0.3105429950503582
12.0,163.0,1004.16748046875,-3.463539277557831,-4.725395935361624,-1.4363158007562828,2.1334699404495807,2.7982754155813705,1.7767159887707094,0.2648749546595169,1.3968827957093226,-2.291211869015439,-0.3105429950264901
12.0,164.0,1004.1674194335938,-3.463539277557831,-4.725395938019273,-1.436315800622839,2.1334699404495807,2.7982754155813705,1.7767159887340211,0.2648749546595169,1.3968827957093226,-2.291212157389966,-0.3105429950512022
12.0,164.0,1004.1674194335938,-3.463539277557831,-4.725395939814057,-1.436315800743088,2.1334699404495807,2.7982754155813705,1.7767159887542958,0.2648749546595169,1.3968827957093226,-2.291212157389966,-0.3105429950513836
12.0,164.0,1004.1674194335938,-3.463539277557831,-4.725395939814057,-1.436315800743088,2.1334699404495807,2.7982754155813705,1.7767159887542958,0.2648749546595169,1.3968827957093226,-2.291212157389966,-0.3105429950513836
12.0,164.0,1004.1674194335938,-3.463539277557831,-4.725395938019273,-1.436315800622839,2.1334699404495807,2.7982754155813705,1.7767159887340211,0.2648749546595169,1.3968827957093226,-2.291212157389966,-0.3105429950512022
12.0,164.0,1004.1674194335938,-3.463539277557831,-4.725395939814057,-1.436315800743088,2.1334699404495807,2.7982754155813705,1.7767159887542958,0.2648749546595169,1.3968827957093226,-2.291212157389966,-0.3105429950513836
12.0,164.0,1004.1674194335938,-3.4635398300377203,-4.725395938224921,-1.4363158007428922,2.1334699404495807,2.7982773401197822,1.7767159887702368,0.2648749546604703,1.3968827957093226,-2.291207094146736,-0.3105429950263657
12.0,164.0,1004.1674194335938,-3.4635392794540145,-4.725395939805206,-1.436315800743088,2.1334699404495807,2.798293925376849,1.7767159887542958,0.2648749546595125,1.3968827957093226,-2.291212157389966,-0.3105429950513836
12.0,164.0,1004.1674194335938,-3.463539277557831,-4.725395939814057,-1.436315800743088,2.1334699404495807,2.7982754155813705,1.7767159887542958,0.2648749546595169,1.3968827957093226,-2.291212157389966,-0.3105429950513836
12.0,164.0,1004.1674194335938,-3.463539277557831,-4.725395939814057,-1.436315800743088,2.1334699404495807,2.7982754155813705,1.7767159887542958,0.2648749546595169,1.3968827957093226,-2.291212157389966,-0.3105429950513836
12.0,164.0,1004.1674194335938,-3.463539277557831,-4.725395938019273,-1.436315800622839,2.1334699404495807,2.7982754155813705,1.7767159887340211,0.2648749546595169,1.3968827957093226,-2.291212157389966,-0.3105429950512022
12.0,164.0,1004.1674194335938,-3.463539277557831,-4.725395939814057,-1.436315800743088,2.1334699404495807,2.7982754155813705,1.7767159887542958,0.2648749546595169,1.3968827957093226,-2.291212157389966,-0.3105429950513836
12.0,164.0,1004.1674194335938,-3.463539277557831,-4.725395938019273,-1.436315800622839,2.1334699404495807,2.7982754155813705,1.7767159887340211,0.2648749546595169,1.3968827957093226,-2.291212157389966,-0.3105429950512022
12.0,164.0,1004.1674194335938,-3.463539277557831,-4.725395938019273,-1.436315800732415,2.1334699404495807,2.7982754155813705,1.7767159887345203,0.2648749546594385,1.3968827957093226,-2.291212157389966,-0.3105429950512046
12.0,164.0,1004.1674194335938,-3.463539277557831,-4.725395939836502,-1.4363158006255503,2.1334699404495807,2.7982754155813705,1.7767159887542958,0.2648749546595169,1.3968827957093226,-2.291212157389966,-0.3105429950513806
12.0,164.0,1004.1674194335938,-3.4635392794112048,-4.725395939805206,-1.436315800743088,2.1334699404495807,2.798293925376849,1.7767159887542958,0.2648749546595125,1.3968827957093226,-2.291212157389966,-0.3105429950513836
12.0,164.0,1004.1674194335938,-3.4635398687278176,-4.725395939814057,-1.4363158007430905,2.1334699404495807,2.7982754155813705,1.7767159887542958,0.2648749546595169,1.3968827957093226,-2.2912123336945927,-0.3105429950513836
12.0,164.0,1004.1674194335938,-3.463539277557831,-4.725395938232332,-1.436315800622831,2.1334699404495807,2.7982754155813705,1.7767159887695947,0.2648749546595169,1.3968827957093226,-2.2912121881381946,-0.3105429950513833
12.0,164.0,1004.1674194335938,-3.463539836448291,-4.725395938113519,-1.4363158006197612,2.1334699404495807,2.7982755136367072,1.776715989491715,0.2648749546595169,1.3968827957093226,-2.291209543252789,-0.3105429950520684
12.0,164.0,1004.1674194335938,-3.463539277557831,-4.725395939814057,-1.436315800743088,2.1334699404495807,2.798275510298065,1.7767159887542958,0.2648749546595169,1.3968827957093226,-2.291212157389966,-0.3105429950513836
12.0,164.0,1004.1674194335938,-3.463539277557831,-4.725395937996827,-1.4363158007403765,2.1334699404495807,2.7982754155813705,1.7767159887340211,0.2648749546595169,1.3968827957093226,-2.291212157389966,-0.3105429950512052
12.0,164.0,1004.1674194335938,-3.463539277557831,-4.725395939814057,-1.436315800743088,2.1334699404495807,2.7982754155813705,1.776715988753896,0.2648749546595169,1.3968827957093226,-2.291212157389966,-0.3105429950512007
12.0,164.0,1004.1674194335938,-3.463539277557831,-4.725395939814057,-1.4363158006261274,2.1334699404495807,2.7982754155813705,1.7767159887542958,0.2648749546595169,1.3968827957093226,-2.291212157389966,-0.3105429950513836
12.0,164.0,1004.1674194335938,-3.463539277557831,-4.725395938019273,-1.4363158007461418,2.1334699404495807,2.7982754155813705,1.776715988763587,0.2648749546595169,1.3968827957093226,-2.2912121511384704,-0.3105429950513794
12.0,164.0,1004.1674194335938,-3.463539277557831,-4.725395938019273,-1.4363158006234134,2.1334699404495807,2.7982754155813705,1.7767159887327288,0.2648749546595169,1.3968827957093226,-2.291212157389966,-0.3105429950511741
12.0,164.0,1004.1674194335938,-3.463539836448291,-4.725395938113519,-1.4363158007477503,2.1334699404495807,2.7982755136367072,1.776715989491715,0.2648749546595005,1.3968827957093226,-2.291209543252789,-0.3105429950526729
12.0,164.0,1004.1674194335938,-3.4635398687278176,-4.725395939814057,-1.4363158007506265,2.1334699404495807,2.7982754155813705,1.7767159887542958,0.2648749546595169,1.3968827957093226,-2.2912123336945927,-0.3105429950513769
12.0,164.0,1004.1674194335938,-3.4635416219596964,-4.725395939814057,-1.436315800743088,2.1334699404495807,2.7982754155813705,1.776715988753896,0.2648749546595206,1.3968827957093226,-2.291212157389966,-0.3105429950512012
12.0,164.0,1004.1674194335938,-3.463539277557831,-4.725395938019273,-1.4363158006130674,2.1334699404495807,2.7982754155813705,1.7767159887340211,0.2648749546595169,1.3968827957093226,-2.291212157389966,-0.3105429950512022
12.0,164.0,1004.1674194335938,-3.4635398300377203,-4.725395938224921,-1.4363158006149028,2.1334699404495807,2.7982773401197822,1.7767159887702368,0.2648749546604867,1.3968827957093226,-2.291207094146736,-0.310542995025761
12.0,164.0,1004.1674194335938,-3.463539277557831,-4.725395938056315,-1.436315800758749,2.1334699404495807,2.7982754155813705,1.7767159887733786,0.2648749546595169,1.3968827957093226,-2.291212150956033,-0.3105429950512022
12.0,164.0,1004.1674194335938,-3.463539277557831,-4.725395938019273,-1.4363158006153027,2.1334699404495807,2.7982754155813705,1.7767159887340211,0.2648749546595169,1.3968827957093226,-2.291212157389966,-0.3105429950512089
12.0,164.0,1004.1674194335938,-3.463539277557831,-4.725395937165235,-1.4363158007428931,2.1334699404495807,2.7982754155813705,1.7767159887708073,0.2648749546595169,1.3968827957093226,-2.291212157389966,-0.3105429950513836
12.0,164.0,1004.1674194335938,-3.4635392794540145,-4.725395937987234,-1.436315800743088,2.1334699404495807,2.798293925376849,1.7767159887543738,0.2648749546595125,1.3968827957093226,-2.291212157389966,-0.3105429950513836
12.0,164.0,1004.1674194335938,-3.463539277557831,-4.725395939814057,-1.436315800743088,2.1334699404495807,2.7982754155813705,1.7767159887542958,0.2648749546595169,1.3968827957093226,-2.291212157389966,-0.3105429950513836
12.0,164.0,1004.1674194335938,-3.463539277557831,-4.725395938021503,-1.436315800622839,2.1334699404495807,2.7982754155813705,1.7767159887707749,0.2648749546595169,1.3968827957093226,-2.291212159448847,-0.3105429950512022
12.0,164.0,1004.1674194335938,-3.463539260208179,-4.725395938019273,-1.4363158006257977,2.1334699404495807,2.7982754135851207,1.7767159895066278,0.2648749546595165,1.3968827957093226,-2.291212157389966,-0.3105429950512022
12.0,164.0,1004.1674194335938,-3.463539277557831,-4.725395939814057,-1.436315800743088,2.1334699404495807,2.7982754155813705,1.7767159887542958,0.2648749546595169,1.3968827957093226,-2.291212157389966,-0.3105429950513836
12.0,164.0,1004.1674194335938,-3.4635392794540145,-4.725395937987234,-1.436315800743088,2.1334699404495807,2.798293925376849,1.7767159887543738,0.2648749546595125,1.3968827957093226,-2.291212157389966,-0.3105429950513836
12.0,164.0,1004.1674194335938,-3.463539867399512,-4.725395940094856,-1.4363158007430905,2.1334699404495807,2.7982754155813705,1.7767159887547364,0.2648749546594409,1.3968827957093226,-2.2912123336945927,-0.3105429950513836
12.0,164.0,1004.1674194335938,-3.463539277557831,-4.725395938019273,-1.4363158007428172,2.1334699404495807,2.7982754155813705,1.7767159887345203,0.2648749546594358,1.3968827957093226,-2.291212157389966,-0.3105429950513682
12.0,164.0,1004.1674194335938,-3.463539277557831,-4.725395939814057,-1.4363158007432486,2.1334699404495807,2.7982754155813705,1.7767159887698882,0.2648749546595169,1.3968827957093226,-2.291212157389966,-0.3105429950512986
12.0,164.0,1004.1674194335938,-3.463539277557831,-4.725395939814057,-1.436315800743088,2.1334699404495807,2.7982754155813705,1.7767159887542958,0.2648749546595169,1.3968827957093226,-2.291212157389966,-0.3105429950513931
12.0,164.0,1004.1674194335938,-3.463539838007906,-4.725395939836502,-1.4363158006255503,2.1334699404495807,2.798275415531722,1.7767159887237935,0.264874954659501,1.3968827957093226,-2.291212157389966,-0.3105429950526493
12.0,164.0,1004.1674194335938,-3.4635398300377203,-4.725395938224921,-1.4363158006149028,2.1334699404495807,2.7982773401197822,1.7767159887706545,0.2648749546594789,1.3968827957093226,-2.291212601875652,-0.3105429950517677
12.0,164.0,1004.1674194335938,-3.46353986897168,-4.725395938224921,-1.4363158007431671,2.1334699404495807,2.7982773401197822,1.776715988770659,0.2648749546604703,1.3968827957093226,-2.291207094146736,-0.3105429950263657
12.0,164.0,1004.1674194335938,-3.463539277557831,-4.725395938052213,-1.436315800758749,2.1334699404495807,2.7982754155813705,1.7767159887733786,0.2648749546595169,1.3968827957093226,-2.291212150956033,-0.3105429950513745
12.0,164.0,1004.1674194335938,-3.463539853797943,-4.725395938113519,-1.4363158007447914,2.1334699404495807,2.7982755156329566,1.7767159887191084,0.2648749546595009,1.3968827957093226,-2.291209543252789,-0.3105429950526729
12.0,164.0,1004.1674194335938,-3.4635398300377203,-4.725395938224921,-1.4363158006150694,2.1334699404495807,2.798277234312072,1.7767159887702368,0.2648749546605413,1.3968827957093226,-2.2912121431858727,-0.3105429950259336
12.0,164.0,1004.1674194335938,-3.463539277557831,-4.725395939814057,-1.4363158006167998,2.1334699404495807,2.7982754155813705,1.7767159887548558,0.2648749546595169,1.3968827957093226,-2.291212157389966,-0.3105429950512047
12.0,164.0,1004.1674194335938,-3.463539277557831,-4.725395937986948,-1.436315800743088,2.1334699404495807,2.7982754155813705,1.7767159887631194,0.2648749546595169,1.3968827957093226,-2.291212150982473,-0.3105429950513836
12.0,165.0,1004.1674194335938,-3.463539277557831,-4.725395938019273,-1.436315800622839,2.1334699404495807,2.7982754155813705,1.7767159887340211,0.2648749546595169,1.3968827957093226,-2.291212157389966,-0.3105429950512022
12.0,165.0,1004.1674194335938,-3.463539277557831,-4.725395939814057,-1.436315800743088,2.1334699404495807,2.7982754155813705,1.7767159887542958,0.2648749546595169,1.3968827957093226,-2.291212157389966,-0.3105429950513836
12.0,165.0,1004.1674194335938,-3.463539277557831,-4.725395939814057,-1.436315800743088,2.1334699404495807,2.7982754155813705,1.7767159887542958,0.2648749546595169,1.3968827957093226,-2.291212157389966,-0.3105429950513836
12.0,165.0,1004.1674194335938,-3.463539277557831,-4.725395938019273,-1.436315800622839,2.1334699404495807,2.7982754155813705,1.7767159887340211,0.2648749546595169,1.3968827957093226,-2.291212157389966,-0.3105429950512022
12.0,165.0,1004.1674194335938,-3.463539277557831,-4.725395939814057,-1.436315800743088,2.1334699404495807,2.7982754155813705,1.7767159887542958,0.2648749546595169,1.3968827957093226,-2.291212157389966,-0.3105429950513836
12.0,165.0,1004.1674194335938,-3.4635398300377203,-4.725395938224921,-1.4363158007428922,2.1334699404495807,2.7982773401197822,1.7767159887702368,0.2648749546604703,1.3968827957093226,-2.291207094146736,-0.3105429950263657
12.0,165.0,1004.1674194335938,-3.4635392794540145,-4.725395939805206,-1.436315800743088,2.1334699404495807,2.798293925376849,1.7767159887542958,0.2648749546595125,1.3968827957093226,-2.291212157389966,-0.3105429950513836
12.0,165.0,1004.1674194335938,-3.463539277557831,-4.725395939814057,-1.436315800743088,2.1334699404495807,2.7982754155813705,1.7767159887542958,0.2648749546595169,1.3968827957093226,-2.291212157389966,-0.3105429950513836
12.0,165.0,1004.1674194335938,-3.463539277557831,-4.725395939814057,-1.436315800743088,2.1334699404495807,2.7982754155813705,1.7767159887542958,0.2648749546595169,1.3968827957093226,-2.291212157389966,-0.3105429950513836
12.0,165.0,1004.1674194335938,-3.463539277557831,-4.725395938019273,-1.436315800622839,2.1334699404495807,2.7982754155813705,1.7767159887340211,0.2648749546595169,1.3968827957093226,-2.291212157389966,-0.3105429950512022
12.0,165.0,1004.1674194335938,-3.463539277557831,-4.725395939814057,-1.436315800743088,2.1334699404495807,2.7982754155813705,1.7767159887542958,0.2648749546595169,1.3968827957093226,-2.291212157389966,-0.3105429950513836
12.0,165.0,1004.1674194335938,-3.463539277557831,-4.725395938019273,-1.436315800622839,2.1334699404495807,2.7982754155813705,1.7767159887340211,0.2648749546595169,1.3968827957093226,-2.291212157389966,-0.3105429950512022
12.0,165.0,1004.1674194335938,-3.463539277557831,-4.725395938019273,-1.436315800732415,2.1334699404495807,2.7982754155813705,1.7767159887345203,0.2648749546594385,1.3968827957093226,-2.291212157389966,-0.3105429950512046
12.0,165.0,1004.1674194335938,-3.463539277557831,-4.725395939836502,-1.4363158006255503,2.1334699404495807,2.7982754155813705,1.7767159887542958,0.2648749546595169,1.3968827957093226,-2.291212157389966,-0.3105429950513806
12.0,165.0,1004.1674194335938,-3.4635392794112048,-4.725395939805206,-1.436315800743088,2.1334699404495807,2.798293925376849,1.7767159887542958,0.2648749546595125,1.3968827957093226,-2.291212157389966,-0.3105429950513836
12.0,165.0,1004.1674194335938,-3.4635398687278176,-4.725395939814057,-1.4363158007430905,2.1334699404495807,2.7982754155813705,1.7767159887542958,0.2648749546595169,1.3968827957093226,-2.2912123336945927,-0.3105429950513836
12.0,165.0,1004.1674194335938,-3.463539277557831,-4.725395938232332,-1.436315800622831,2.1334699404495807,2.7982754155813705,1.7767159887695947,0.2648749546595169,1.3968827957093226,-2.2912121881381946,-0.3105429950513833
12.0,165.0,1004.1674194335938,-3.463539836448291,-4.725395938113519,-1.4363158006197612,2.1334699404495807,2.7982755136367072,1.776715989491715,0.2648749546595169,1.3968827957093226,-2.291209543252789,-0.3105429950520684
12.0,165.0,1004.1674194335938,-3.463539277557831,-4.725395939814057,-1.436315800743088,2.1334699404495807,2.798275510298065,1.7767159887542958,0.2648749546595169,1.3968827957093226,-2.291212157389966,-0.3105429950513836
12.0,165.0,1004.1674194335938,-3.463539277557831,-4.725395937996827,-1.4363158007403765,2.1334699404495807,2.7982754155813705,1.7767159887340211,0.2648749546595169,1.3968827957093226,-2.291212157389966,-0.3105429950512052
12.0,165.0,1004.1674194335938,-3.463539277557831,-4.725395939814057,-1.436315800743088,2.1334699404495807,2.7982754155813705,1.776715988753896,0.2648749546595169,1.3968827957093226,-2.291212157389966,-0.3105429950512007
12.0,165.0,1004.1674194335938,-3.463539277557831,-4.725395939814057,-1.4363158006261274,2.1334699404495807,2.7982754155813705,1.7767159887542958,0.2648749546595169,1.3968827957093226,-2.291212157389966,-0.3105429950513836
12.0,165.0,1004.1674194335938,-3.463539277557831,-4.725395938019273,-1.4363158007461418,2.1334699404495807,2.7982754155813705,1.776715988763587,0.2648749546595169,1.3968827957093226,-2.2912121511384704,-0.3105429950513794
12.0,165.0,1004.1674194335938,-3.463539277557831,-4.725395938019273,-1.4363158006234134,2.1334699404495807,2.7982754155813705,1.7767159887327288,0.2648749546595169,1.3968827957093226,-2.291212157389966,-0.3105429950511741
12.0,165.0,1004.1674194335938,-3.463539836448291,-4.725395938113519,-1.4363158007477503,2.1334699404495807,2.7982755136367072,1.776715989491715,0.2648749546595005,1.3968827957093226,-2.291209543252789,-0.3105429950526729
12.0,165.0,1004.1674194335938,-3.4635398687278176,-4.725395939814057,-1.4363158007506265,2.1334699404495807,2.7982754155813705,1.7767159887542958,0.2648749546595169,1.3968827957093226,-2.2912123336945927,-0.3105429950513769
12.0,165.0,1004.1674194335938,-3.4635416219596964,-4.725395939814057,-1.436315800743088,2.1334699404495807,2.7982754155813705,1.776715988753896,0.2648749546595206,1.3968827957093226,-2.291212157389966,-0.3105429950512012
12.0,165.0,1004.1674194335938,-3.463539277557831,-4.725395938019273,-1.4363158006130674,2.1334699404495807,2.7982754155813705,1.7767159887340211,0.2648749546595169,1.3968827957093226,-2.291212157389966,-0.3105429950512022
12.0,165.0,1004.1674194335938,-3.4635398300377203,-4.725395938224921,-1.4363158006149028,2.1334699404495807,2.7982773401197822,1.7767159887702368,0.2648749546604867,1.3968827957093226,-2.291207094146736,-0.310542995025761
12.0,165.0,1004.1674194335938,-3.463539277557831,-4.725395938056315,-1.436315800758749,2.1334699404495807,2.7982754155813705,1.7767159887733786,0.2648749546595169,1.3968827957093226,-2.291212150956033,-0.3105429950512022
12.0,165.0,1004.1674194335938,-3.463539277557831,-4.725395938019273,-1.4363158006153027,2.1334699404495807,2.7982754155813705,1.7767159887340211,0.2648749546595169,1.3968827957093226,-2.291212157389966,-0.3105429950512089
12.0,165.0,1004.1674194335938,-3.463539277557831,-4.725395937165235,-1.4363158007428931,2.1334699404495807,2.7982754155813705,1.7767159887708073,0.2648749546595169,1.3968827957093226,-2.291212157389966,-0.3105429950513836
12.0,165.0,1004.1674194335938,-3.4635392794540145,-4.725395937987234,-1.436315800743088,2.1334699404495807,2.798293925376849,1.7767159887543738,0.2648749546595125,1.3968827957093226,-2.291212157389966,-0.3105429950513836
12.0,165.0,1004.1674194335938,-3.463539277557831,-4.725395939814057,-1.436315800743088,2.1334699404495807,2.7982754155813705,1.7767159887542958,0.2648749546595169,1.3968827957093226,-2.291212157389966,-0.3105429950513836
12.0,165.0,1004.1674194335938,-3.463539277557831,-4.725395938021503,-1.436315800622839,2.1334699404495807,2.7982754155813705,1.7767159887707749,0.2648749546595169,1.3968827957093226,-2.291212159448847,-0.3105429950512022
12.0,165.0,1004.1674194335938,-3.463539260208179,-4.725395938019273,-1.4363158006257977,2.1334699404495807,2.7982754135851207,1.7767159895066278,0.2648749546595165,1.3968827957093226,-2.291212157389966,-0.3105429950512022
12.0,165.0,1004.1674194335938,-3.463539277557831,-4.725395939814057,-1.436315800743088,2.1334699404495807,2.7982754155813705,1.7767159887542958,0.2648749546595169,1.3968827957093226,-2.291212157389966,-0.3105429950513836
12.0,165.0,1004.1674194335938,-3.4635392794540145,-4.725395937987234,-1.436315800743088,2.1334699404495807,2.798293925376849,1.7767159887543738,0.2648749546595125,1.3968827957093226,-2.291212157389966,-0.3105429950513836
12.0,165.0,1004.1674194335938,-3.463539867399512,-4.725395940094856,-1.4363158007430905,2.1334699404495807,2.7982754155813705,1.7767159887547364,0.2648749546594409,1.3968827957093226,-2.2912123336945927,-0.3105429950513836
12.0,165.0,1004.1674194335938,-3.463539277557831,-4.725395938019273,-1.4363158007428172,2.1334699404495807,2.7982754155813705,1.7767159887345203,0.2648749546594358,1.3968827957093226,-2.291212157389966,-0.3105429950513682
12.0,165.0,1004.1674194335938,-3.463539277557831,-4.725395939814057,-1.4363158007432486,2.1334699404495807,2.7982754155813705,1.7767159887698882,0.2648749546595169,1.3968827957093226,-2.291212157389966,-0.3105429950512986
12.0,165.0,1004.1674194335938,-3.463539277557831,-4.725395939814057,-1.436315800743088,2.1334699404495807,2.7982754155813705,1.7767159887542958,0.2648749546595169,1.3968827957093226,-2.291212157389966,-0.3105429950513931
12.0,165.0,1004.1674194335938,-3.463539838007906,-4.725395939836502,-1.4363158006255503,2.1334699404495807,2.798275415531722,1.7767159887237935,0.264874954659501,1.3968827957093226,-2.291212157389966,-0.3105429950526493
12.0,165.0,1004.1674194335938,-3.4635398300377203,-4.725395938224921,-1.4363158006149028,2.1334699404495807,2.7982773401197822,1.7767159887706545,0.2648749546594789,1.3968827957093226,-2.291212601875652,-0.3105429950517677
12.0,165.0,1004.1674194335938,-3.46353986897168,-4.725395938224921,-1.4363158007431671,2.1334699404495807,2.7982773401197822,1.776715988770659,0.2648749546604703,1.3968827957093226,-2.291207094146736,-0.3105429950263657
12.0,165.0,1004.1674194335938,-3.463539277557831,-4.725395938052213,-1.436315800758749,2.1334699404495807,2.7982754155813705,1.7767159887733786,0.2648749546595169,1.3968827957093226,-2.291212150956033,-0.3105429950513745
12.0,165.0,1004.1674194335938,-3.463539853797943,-4.725395938113519,-1.4363158007447914,2.1334699404495807,2.7982755156329566,1.7767159887191084,0.2648749546595009,1.3968827957093226,-2.291209543252789,-0.3105429950526729
12.0,165.0,1004.1674194335938,-3.4635398300377203,-4.725395938224921,-1.4363158006150694,2.1334699404495807,2.798277234312072,1.7767159887702368,0.2648749546605413,1.3968827957093226,-2.2912121431858727,-0.3105429950259336
12.0,165.0,1004.1674194335938,-3.463539277557831,-4.725395939814057,-1.4363158006167998,2.1334699404495807,2.7982754155813705,1.7767159887548558,0.2648749546595169,1.3968827957093226,-2.291212157389966,-0.3105429950512047
12.0,165.0,1004.1674194335938,-3.463539277557831,-4.725395937986948,-1.436315800743088,2.1334699404495807,2.7982754155813705,1.7767159887631194,0.2648749546595169,1.3968827957093226,-2.291212150982473,-0.3105429950513836
12.0,166.0,1004.1674194335938,-3.463539277557831,-4.725395938019273,-1.436315800622839,2.1334699404495807,2.7982754155813705,1.7767159887340211,0.2648749546595169,1.3968827957093226,-2.291212157389966,-0.3105429950512022
12.0,166.0,1004.1674194335938,-3.463539277557831,-4.725395939814057,-1.436315800743088,2.1334699404495807,2.7982754155813705,1.7767159887542958,0.2648749546595169,1.3968827957093226,-2.291212157389966,-0.3105429950513836
12.0,166.0,1004.1674194335938,-3.463539277557831,-4.725395939814057,-1.436315800743088,2.1334699404495807,2.7982754155813705,1.7767159887542958,0.2648749546595169,1.3968827957093226,-2.291212157389966,-0.3105429950513836
12.0,166.0,1004.1674194335938,-3.463539277557831,-4.725395938019273,-1.436315800622839,2.1334699404495807,2.7982754155813705,1.7767159887340211,0.2648749546595169,1.3968827957093226,-2.291212157389966,-0.3105429950512022
12.0,166.0,1004.1674194335938,-3.463539277557831,-4.725395939814057,-1.436315800743088,2.1334699404495807,2.7982754155813705,1.7767159887542958,0.2648749546595169,1.3968827957093226,-2.291212157389966,-0.3105429950513836
12.0,166.0,1004.1674194335938,-3.4635398300377203,-4.725395938224921,-1.4363158007428922,2.1334699404495807,2.7982773401197822,1.7767159887702368,0.2648749546604703,1.3968827957093226,-2.291207094146736,-0.3105429950263657
12.0,166.0,1004.1674194335938,-3.4635392794540145,-4.725395939805206,-1.436315800743088,2.1334699404495807,2.798293925376849,1.7767159887542958,0.2648749546595125,1.3968827957093226,-2.291212157389966,-0.3105429950513836
12.0,166.0,1004.1674194335938,-3.463539277557831,-4.725395939814057,-1.436315800743088,2.1334699404495807,2.7982754155813705,1.7767159887542958,0.2648749546595169,1.3968827957093226,-2.291212157389966,-0.3105429950513836
12.0,166.0,1004.1674194335938,-3.463539277557831,-4.725395939814057,-1.436315800743088,2.1334699404495807,2.7982754155813705,1.7767159887542958,0.2648749546595169,1.3968827957093226,-2.291212157389966,-0.3105429950513836
12.0,166.0,1004.1674194335938,-3.463539277557831,-4.725395938019273,-1.436315800622839,2.1334699404495807,2.7982754155813705,1.7767159887340211,0.2648749546595169,1.3968827957093226,-2.291212157389966,-0.3105429950512022
12.0,166.0,1004.1674194335938,-3.463539277557831,-4.725395939814057,-1.436315800743088,2.1334699404495807,2.7982754155813705,1.7767159887542958,0.2648749546595169,1.3968827957093226,-2.291212157389966,-0.3105429950513836
12.0,166.0,1004.1674194335938,-3.463539277557831,-4.725395938019273,-1.436315800622839,2.1334699404495807,2.7982754155813705,1.7767159887340211,0.2648749546595169,1.3968827957093226,-2.291212157389966,-0.3105429950512022
12.0,166.0,1004.1674194335938,-3.463539277557831,-4.725395938019273,-1.436315800732415,2.1334699404495807,2.7982754155813705,1.7767159887345203,0.2648749546594385,1.3968827957093226,-2.291212157389966,-0.3105429950512046
12.0,166.0,1004.1674194335938,-3.463539277557831,-4.725395939836502,-1.4363158006255503,2.1334699404495807,2.7982754155813705,1.7767159887542958,0.2648749546595169,1.3968827957093226,-2.291212157389966,-0.3105429950513806
12.0,166.0,1004.1674194335938,-3.4635392794112048,-4.725395939805206,-1.436315800743088,2.1334699404495807,2.798293925376849,1.7767159887542958,0.2648749546595125,1.3968827957093226,-2.291212157389966,-0.3105429950513836
12.0,166.0,1004.1674194335938,-3.4635398687278176,-4.725395939814057,-1.4363158007430905,2.1334699404495807,2.7982754155813705,1.7767159887542958,0.2648749546595169,1.3968827957093226,-2.2912123336945927,-0.3105429950513836
12.0,166.0,1004.1674194335938,-3.463539277557831,-4.725395938232332,-1.436315800622831,2.1334699404495807,2.7982754155813705,1.7767159887695947,0.2648749546595169,1.3968827957093226,-2.2912121881381946,-0.3105429950513833
12.0,166.0,1004.1674194335938,-3.463539836448291,-4.725395938113519,-1.4363158006197612,2.1334699404495807,2.7982755136367072,1.776715989491715,0.2648749546595169,1.3968827957093226,-2.291209543252789,-0.3105429950520684
12.0,166.0,1004.1674194335938,-3.463539277557831,-4.725395939814057,-1.436315800743088,2.1334699404495807,2.798275510298065,1.7767159887542958,0.2648749546595169,1.3968827957093226,-2.291212157389966,-0.3105429950513836
12.0,166.0,1004.1674194335938,-3.463539277557831,-4.725395937996827,-1.4363158007403765,2.1334699404495807,2.7982754155813705,1.7767159887340211,0.2648749546595169,1.3968827957093226,-2.291212157389966,-0.3105429950512052
12.0,166.0,1004.1674194335938,-3.463539277557831,-4.725395939814057,-1.436315800743088,2.1334699404495807,2.7982754155813705,1.776715988753896,0.2648749546595169,1.3968827957093226,-2.291212157389966,-0.3105429950512007
12.0,166.0,1004.1674194335938,-3.463539277557831,-4.725395939814057,-1.4363158006261274,2.1334699404495807,2.7982754155813705,1.7767159887542958,0.2648749546595169,1.3968827957093226,-2.291212157389966,-0.3105429950513836
12.0,166.0,1004.1674194335938,-3.463539277557831,-4.725395938019273,-1.4363158007461418,2.1334699404495807,2.7982754155813705,1.776715988763587,0.2648749546595169,1.3968827957093226,-2.2912121511384704,-0.3105429950513794
12.0,166.0,1004.1674194335938,-3.463539277557831,-4.725395938019273,-1.4363158006234134,2.1334699404495807,2.7982754155813705,1.7767159887327288,0.2648749546595169,1.3968827957093226,-2.291212157389966,-0.3105429950511741
12.0,166.0,1004.1674194335938,-3.463539836448291,-4.725395938113519,-1.4363158007477503,2.1334699404495807,2.7982755136367072,1.776715989491715,0.2648749546595005,1.3968827957093226,-2.291209543252789,-0.3105429950526729
12.0,166.0,1004.1674194335938,-3.4635398687278176,-4.725395939814057,-1.4363158007506265,2.1334699404495807,2.7982754155813705,1.7767159887542958,0.2648749546595169,1.3968827957093226,-2.2912123336945927,-0.3105429950513769
12.0,166.0,1004.1674194335938,-3.4635416219596964,-4.725395939814057,-1.436315800743088,2.1334699404495807,2.7982754155813705,1.776715988753896,0.2648749546595206,1.3968827957093226,-2.291212157389966,-0.3105429950512012
12.0,166.0,1004.1674194335938,-3.463539277557831,-4.725395938019273,-1.4363158006130674,2.1334699404495807,2.7982754155813705,1.7767159887340211,0.2648749546595169,1.3968827957093226,-2.291212157389966,-0.3105429950512022
12.0,166.0,1004.1674194335938,-3.4635398300377203,-4.725395938224921,-1.4363158006149028,2.1334699404495807,2.7982773401197822,1.7767159887702368,0.2648749546604867,1.3968827957093226,-2.291207094146736,-0.310542995025761
12.0,166.0,1004.1674194335938,-3.463539277557831,-4.725395938056315,-1.436315800758749,2.1334699404495807,2.7982754155813705,1.7767159887733786,0.2648749546595169,1.3968827957093226,-2.291212150956033,-0.3105429950512022
12.0,166.0,1004.1674194335938,-3.463539277557831,-4.725395938019273,-1.4363158006153027,2.1334699404495807,2.7982754155813705,1.7767159887340211,0.2648749546595169,1.3968827957093226,-2.291212157389966,-0.3105429950512089
12.0,166.0,1004.1674194335938,-3.463539277557831,-4.725395937165235,-1.4363158007428931,2.1334699404495807,2.7982754155813705,1.7767159887708073,0.2648749546595169,1.3968827957093226,-2.291212157389966,-0.3105429950513836
12.0,166.0,1004.1674194335938,-3.4635392794540145,-4.725395937987234,-1.436315800743088,2.1334699404495807,2.798293925376849,1.7767159887543738,0.2648749546595125,1.3968827957093226,-2.291212157389966,-0.3105429950513836
12.0,166.0,1004.1674194335938,-3.463539277557831,-4.725395939814057,-1.436315800743088,2.1334699404495807,2.7982754155813705,1.7767159887542958,0.2648749546595169,1.3968827957093226,-2.291212157389966,-0.3105429950513836
12.0,166.0,1004.1674194335938,-3.463539277557831,-4.725395938021503,-1.436315800622839,2.1334699404495807,2.7982754155813705,1.7767159887707749,0.2648749546595169,1.3968827957093226,-2.291212159448847,-0.3105429950512022
12.0,166.0,1004.1674194335938,-3.463539260208179,-4.725395938019273,-1.4363158006257977,2.1334699404495807,2.7982754135851207,1.7767159895066278,0.2648749546595165,1.3968827957093226,-2.291212157389966,-0.3105429950512022
12.0,166.0,1004.1674194335938,-3.463539277557831,-4.725395939814057,-1.436315800743088,2.1334699404495807,2.7982754155813705,1.7767159887542958,0.2648749546595169,1.3968827957093226,-2.291212157389966,-0.3105429950513836
12.0,166.0,1004.1674194335938,-3.4635392794540145,-4.725395937987234,-1.436315800743088,2.1334699404495807,2.798293925376849,1.7767159887543738,0.2648749546595125,1.3968827957093226,-2.291212157389966,-0.3105429950513836
12.0,166.0,1004.1674194335938,-3.463539867399512,-4.725395940094856,-1.4363158007430905,2.1334699404495807,2.7982754155813705,1.7767159887547364,0.2648749546594409,1.3968827957093226,-2.2912123336945927,-0.3105429950513836
12.0,166.0,1004.1674194335938,-3.463539277557831,-4.725395938019273,-1.4363158007428172,2.1334699404495807,2.7982754155813705,1.7767159887345203,0.2648749546594358,1.3968827957093226,-2.291212157389966,-0.3105429950513682
12.0,166.0,1004.1674194335938,-3.463539277557831,-4.725395939814057,-1.4363158007432486,2.1334699404495807,2.7982754155813705,1.7767159887698882,0.2648749546595169,1.3968827957093226,-2.291212157389966,-0.3105429950512986
12.0,166.0,1004.1674194335938,-3.463539277557831,-4.725395939814057,-1.436315800743088,2.1334699404495807,2.7982754155813705,1.7767159887542958,0.2648749546595169,1.3968827957093226,-2.291212157389966,-0.3105429950513931
12.0,166.0,1004.1674194335938,-3.463539838007906,-4.725395939836502,-1.4363158006255503,2.1334699404495807,2.798275415531722,1.7767159887237935,0.264874954659501,1.3968827957093226,-2.291212157389966,-0.3105429950526493
12.0,166.0,1004.1674194335938,-3.4635398300377203,-4.725395938224921,-1.4363158006149028,2.1334699404495807,2.7982773401197822,1.7767159887706545,0.2648749546594789,1.3968827957093226,-2.291212601875652,-0.3105429950517677
12.0,166.0,1004.1674194335938,-3.46353986897168,-4.725395938224921,-1.4363158007431671,2.1334699404495807,2.7982773401197822,1.776715988770659,0.2648749546604703,1.3968827957093226,-2.291207094146736,-0.3105429950263657
12.0,166.0,1004.1674194335938,-3.463539277557831,-4.725395938052213,-1.436315800758749,2.1334699404495807,2.7982754155813705,1.7767159887733786,0.2648749546595169,1.3968827957093226,-2.291212150956033,-0.3105429950513745
12.0,166.0,1004.1674194335938,-3.463539853797943,-4.725395938113519,-1.4363158007447914,2.1334699404495807,2.7982755156329566,1.7767159887191084,0.2648749546595009,1.3968827957093226,-2.291209543252789,-0.3105429950526729
12.0,166.0,1004.1674194335938,-3.4635398300377203,-4.725395938224921,-1.4363158006150694,2.1334699404495807,2.798277234312072,1.7767159887702368,0.2648749546605413,1.3968827957093226,-2.2912121431858727,-0.3105429950259336
12.0,166.0,1004.1674194335938,-3.463539277557831,-4.725395939814057,-1.4363158006167998,2.1334699404495807,2.7982754155813705,1.7767159887548558,0.2648749546595169,1.3968827957093226,-2.291212157389966,-0.3105429950512047
12.0,166.0,1004.1674194335938,-3.463539277557831,-4.725395937986948,-1.436315800743088,2.1334699404495807,2.7982754155813705,1.7767159887631194,0.2648749546595169,1.3968827957093226,-2.291212150982473,-0.3105429950513836
12.0,167.0,1004.1674194335938,-3.463539277557831,-4.725395938019273,-1.436315800622839,2.1334699404495807,2.7982754155813705,1.7767159887340211,0.2648749546595169,1.3968827957093226,-2.291212157389966,-0.3105429950512022
12.0,167.0,1004.1674194335938,-3.463539277557831,-4.725395939814057,-1.436315800743088,2.1334699404495807,2.7982754155813705,1.7767159887542958,0.2648749546595169,1.3968827957093226,-2.291212157389966,-0.3105429950513836
12.0,167.0,1004.1674194335938,-3.463539277557831,-4.725395939814057,-1.436315800743088,2.1334699404495807,2.7982754155813705,1.7767159887542958,0.2648749546595169,1.3968827957093226,-2.291212157389966,-0.3105429950513836
12.0,167.0,1004.1674194335938,-3.463539277557831,-4.725395938019273,-1.436315800622839,2.1334699404495807,2.7982754155813705,1.7767159887340211,0.2648749546595169,1.3968827957093226,-2.291212157389966,-0.3105429950512022
12.0,167.0,1004.1674194335938,-3.463539277557831,-4.725395939814057,-1.436315800743088,2.1334699404495807,2.7982754155813705,1.7767159887542958,0.2648749546595169,1.3968827957093226,-2.291212157389966,-0.3105429950513836
12.0,167.0,1004.1674194335938,-3.4635398300377203,-4.725395938224921,-1.4363158007428922,2.1334699404495807,2.7982773401197822,1.7767159887702368,0.2648749546604703,1.3968827957093226,-2.291207094146736,-0.3105429950263657
12.0,167.0,1004.1674194335938,-3.4635392794540145,-4.725395939805206,-1.436315800743088,2.1334699404495807,2.798293925376849,1.7767159887542958,0.2648749546595125,1.3968827957093226,-2.291212157389966,-0.3105429950513836
12.0,167.0,1004.1674194335938,-3.463539277557831,-4.725395939814057,-1.436315800743088,2.1334699404495807,2.7982754155813705,1.7767159887542958,0.2648749546595169,1.3968827957093226,-2.291212157389966,-0.3105429950513836
12.0,167.0,1004.1674194335938,-3.463539277557831,-4.725395939814057,-1.436315800743088,2.1334699404495807,2.7982754155813705,1.7767159887542958,0.2648749546595169,1.3968827957093226,-2.291212157389966,-0.3105429950513836
12.0,167.0,1004.1674194335938,-3.463539277557831,-4.725395938019273,-1.436315800622839,2.1334699404495807,2.7982754155813705,1.7767159887340211,0.2648749546595169,1.3968827957093226,-2.291212157389966,-0.3105429950512022
12.0,167.0,1004.1674194335938,-3.463539277557831,-4.725395939814057,-1.436315800743088,2.1334699404495807,2.7982754155813705,1.7767159887542958,0.2648749546595169,1.3968827957093226,-2.291212157389966,-0.3105429950513836
12.0,167.0,1004.1674194335938,-3.463539277557831,-4.725395938019273,-1.436315800622839,2.1334699404495807,2.7982754155813705,1.7767159887340211,0.2648749546595169,1.3968827957093226,-2.291212157389966,-0.3105429950512022
12.0,167.0,1004.1674194335938,-3.463539277557831,-4.725395938019273,-1.436315800732415,2.1334699404495807,2.7982754155813705,1.7767159887345203,0.2648749546594385,1.3968827957093226,-2.291212157389966,-0.3105429950512046
12.0,167.0,1004.1674194335938,-3.463539277557831,-4.725395939836502,-1.4363158006255503,2.1334699404495807,2.7982754155813705,1.7767159887542958,0.2648749546595169,1.3968827957093226,-2.291212157389966,-0.3105429950513806
12.0,167.0,1004.1674194335938,-3.4635392794112048,-4.725395939805206,-1.436315800743088,2.1334699404495807,2.798293925376849,1.7767159887542958,0.2648749546595125,1.3968827957093226,-2.291212157389966,-0.3105429950513836
12.0,167.0,1004.1674194335938,-3.4635398687278176,-4.725395939814057,-1.4363158007430905,2.1334699404495807,2.7982754155813705,1.7767159887542958,0.2648749546595169,1.3968827957093226,-2.2912123336945927,-0.3105429950513836
12.0,167.0,1004.1674194335938,-3.463539277557831,-4.725395938232332,-1.436315800622831,2.1334699404495807,2.7982754155813705,1.7767159887695947,0.2648749546595169,1.3968827957093226,-2.2912121881381946,-0.3105429950513833
12.0,167.0,1004.1674194335938,-3.463539836448291,-4.725395938113519,-1.4363158006197612,2.1334699404495807,2.7982755136367072,1.776715989491715,0.2648749546595169,1.3968827957093226,-2.291209543252789,-0.3105429950520684
12.0,167.0,1004.1674194335938,-3.463539277557831,-4.725395939814057,-1.436315800743088,2.1334699404495807,2.798275510298065,1.7767159887542958,0.2648749546595169,1.3968827957093226,-2.291212157389966,-0.3105429950513836
12.0,167.0,1004.1674194335938,-3.463539277557831,-4.725395937996827,-1.4363158007403765,2.1334699404495807,2.7982754155813705,1.7767159887340211,0.2648749546595169,1.3968827957093226,-2.291212157389966,-0.3105429950512052
12.0,167.0,1004.1674194335938,-3.463539277557831,-4.725395939814057,-1.436315800743088,2.1334699404495807,2.7982754155813705,1.776715988753896,0.2648749546595169,1.3968827957093226,-2.291212157389966,-0.3105429950512007
12.0,167.0,1004.1674194335938,-3.463539277557831,-4.725395939814057,-1.4363158006261274,2.1334699404495807,2.7982754155813705,1.7767159887542958,0.2648749546595169,1.3968827957093226,-2.291212157389966,-0.3105429950513836
12.0,167.0,1004.1674194335938,-3.463539277557831,-4.725395938019273,-1.4363158007461418,2.1334699404495807,2.7982754155813705,1.776715988763587,0.2648749546595169,1.3968827957093226,-2.2912121511384704,-0.3105429950513794
12.0,167.0,1004.1674194335938,-3.463539277557831,-4.725395938019273,-1.4363158006234134,2.1334699404495807,2.7982754155813705,1.7767159887327288,0.2648749546595169,1.3968827957093226,-2.291212157389966,-0.3105429950511741
12.0,167.0,1004.1674194335938,-3.463539836448291,-4.725395938113519,-1.4363158007477503,2.1334699404495807,2.7982755136367072,1.776715989491715,0.2648749546595005,1.3968827957093226,-2.291209543252789,-0.3105429950526729
12.0,167.0,1004.1674194335938,-3.4635398687278176,-4.725395939814057,-1.4363158007506265,2.1334699404495807,2.7982754155813705,1.7767159887542958,0.2648749546595169,1.3968827957093226,-2.2912123336945927,-0.3105429950513769
12.0,167.0,1004.1674194335938,-3.4635416219596964,-4.725395939814057,-1.436315800743088,2.1334699404495807,2.7982754155813705,1.776715988753896,0.2648749546595206,1.3968827957093226,-2.291212157389966,-0.3105429950512012
12.0,167.0,1004.1674194335938,-3.463539277557831,-4.725395938019273,-1.4363158006130674,2.1334699404495807,2.7982754155813705,1.7767159887340211,0.2648749546595169,1.3968827957093226,-2.291212157389966,-0.3105429950512022
12.0,167.0,1004.1674194335938,-3.4635398300377203,-4.725395938224921,-1.4363158006149028,2.1334699404495807,2.7982773401197822,1.7767159887702368,0.2648749546604867,1.3968827957093226,-2.291207094146736,-0.310542995025761
12.0,167.0,1004.1674194335938,-3.463539277557831,-4.725395938056315,-1.436315800758749,2.1334699404495807,2.7982754155813705,1.7767159887733786,0.2648749546595169,1.3968827957093226,-2.291212150956033,-0.3105429950512022
12.0,167.0,1004.1674194335938,-3.463539277557831,-4.725395938019273,-1.4363158006153027,2.1334699404495807,2.7982754155813705,1.7767159887340211,0.2648749546595169,1.3968827957093226,-2.291212157389966,-0.3105429950512089
12.0,167.0,1004.1674194335938,-3.463539277557831,-4.725395937165235,-1.4363158007428931,2.1334699404495807,2.7982754155813705,1.7767159887708073,0.2648749546595169,1.3968827957093226,-2.291212157389966,-0.3105429950513836
12.0,167.0,1004.1674194335938,-3.4635392794540145,-4.725395937987234,-1.436315800743088,2.1334699404495807,2.798293925376849,1.7767159887543738,0.2648749546595125,1.3968827957093226,-2.291212157389966,-0.3105429950513836
12.0,167.0,1004.1674194335938,-3.463539277557831,-4.725395939814057,-1.436315800743088,2.1334699404495807,2.7982754155813705,1.7767159887542958,0.2648749546595169,1.3968827957093226,-2.291212157389966,-0.3105429950513836
12.0,167.0,1004.1674194335938,-3.463539277557831,-4.725395938021503,-1.436315800622839,2.1334699404495807,2.7982754155813705,1.7767159887707749,0.2648749546595169,1.3968827957093226,-2.291212159448847,-0.3105429950512022
12.0,167.0,1004.1674194335938,-3.463539260208179,-4.725395938019273,-1.4363158006257977,2.1334699404495807,2.7982754135851207,1.7767159895066278,0.2648749546595165,1.3968827957093226,-2.291212157389966,-0.3105429950512022
12.0,167.0,1004.1674194335938,-3.463539277557831,-4.725395939814057,-1.436315800743088,2.1334699404495807,2.7982754155813705,1.7767159887542958,0.2648749546595169,1.3968827957093226,-2.291212157389966,-0.3105429950513836
12.0,167.0,1004.1674194335938,-3.4635392794540145,-4.725395937987234,-1.436315800743088,2.1334699404495807,2.798293925376849,1.7767159887543738,0.2648749546595125,1.3968827957093226,-2.291212157389966,-0.3105429950513836
12.0,167.0,1004.1674194335938,-3.463539867399512,-4.725395940094856,-1.4363158007430905,2.1334699404495807,2.7982754155813705,1.7767159887547364,0.2648749546594409,1.3968827957093226,-2.2912123336945927,-0.3105429950513836
12.0,167.0,1004.1674194335938,-3.463539277557831,-4.725395938019273,-1.4363158007428172,2.1334699404495807,2.7982754155813705,1.7767159887345203,0.2648749546594358,1.3968827957093226,-2.291212157389966,-0.3105429950513682
12.0,167.0,1004.1674194335938,-3.463539277557831,-4.725395939814057,-1.4363158007432486,2.1334699404495807,2.7982754155813705,1.7767159887698882,0.2648749546595169,1.3968827957093226,-2.291212157389966,-0.3105429950512986
12.0,167.0,1004.1674194335938,-3.463539277557831,-4.725395939814057,-1.436315800743088,2.1334699404495807,2.7982754155813705,1.7767159887542958,0.2648749546595169,1.3968827957093226,-2.291212157389966,-0.3105429950513931
12.0,167.0,1004.1674194335938,-3.463539838007906,-4.725395939836502,-1.4363158006255503,2.1334699404495807,2.798275415531722,1.7767159887237935,0.264874954659501,1.3968827957093226,-2.291212157389966,-0.3105429950526493
12.0,167.0,1004.1674194335938,-3.4635398300377203,-4.725395938224921,-1.4363158006149028,2.1334699404495807,2.7982773401197822,1.7767159887706545,0.2648749546594789,1.3968827957093226,-2.291212601875652,-0.3105429950517677
12.0,167.0,1004.1674194335938,-3.46353986897168,-4.725395938224921,-1.4363158007431671,2.1334699404495807,2.7982773401197822,1.776715988770659,0.2648749546604703,1.3968827957093226,-2.291207094146736,-0.3105429950263657
12.0,167.0,1004.1674194335938,-3.463539277557831,-4.725395938052213,-1.436315800758749,2.1334699404495807,2.7982754155813705,1.7767159887733786,0.2648749546595169,1.3968827957093226,-2.291212150956033,-0.3105429950513745
12.0,167.0,1004.1674194335938,-3.463539853797943,-4.725395938113519,-1.4363158007447914,2.1334699404495807,2.7982755156329566,1.7767159887191084,0.2648749546595009,1.3968827957093226,-2.291209543252789,-0.3105429950526729
12.0,167.0,1004.1674194335938,-3.4635398300377203,-4.725395938224921,-1.4363158006150694,2.1334699404495807,2.798277234312072,1.7767159887702368,0.2648749546605413,1.3968827957093226,-2.2912121431858727,-0.3105429950259336
12.0,167.0,1004.1674194335938,-3.463539277557831,-4.725395939814057,-1.4363158006167998,2.1334699404495807,2.7982754155813705,1.7767159887548558,0.2648749546595169,1.3968827957093226,-2.291212157389966,-0.3105429950512047
12.0,167.0,1004.1674194335938,-3.463539277557831,-4.725395937986948,-1.436315800743088,2.1334699404495807,2.7982754155813705,1.7767159887631194,0.2648749546595169,1.3968827957093226,-2.291212150982473,-0.3105429950513836
12.0,168.0,1004.1674194335938,-3.463539277557831,-4.725395938019273,-1.436315800622839,2.1334699404495807,2.7982754155813705,1.7767159887340211,0.2648749546595169,1.3968827957093226,-2.291212157389966,-0.3105429950512022
12.0,168.0,1004.1674194335938,-3.463539277557831,-4.725395939814057,-1.436315800743088,2.1334699404495807,2.7982754155813705,1.7767159887542958,0.2648749546595169,1.3968827957093226,-2.291212157389966,-0.3105429950513836
12.0,168.0,1004.1674194335938,-3.463539277557831,-4.725395939814057,-1.436315800743088,2.1334699404495807,2.7982754155813705,1.7767159887542958,0.2648749546595169,1.3968827957093226,-2.291212157389966,-0.3105429950513836
12.0,168.0,1004.1674194335938,-3.463539277557831,-4.725395938019273,-1.436315800622839,2.1334699404495807,2.7982754155813705,1.7767159887340211,0.2648749546595169,1.3968827957093226,-2.291212157389966,-0.3105429950512022
12.0,168.0,1004.1674194335938,-3.463539277557831,-4.725395939814057,-1.436315800743088,2.1334699404495807,2.7982754155813705,1.7767159887542958,0.2648749546595169,1.3968827957093226,-2.291212157389966,-0.3105429950513836
12.0,168.0,1004.1674194335938,-3.4635398300377203,-4.725395938224921,-1.4363158007428922,2.1334699404495807,2.7982773401197822,1.7767159887702368,0.2648749546604703,1.3968827957093226,-2.291207094146736,-0.3105429950263657
12.0,168.0,1004.1674194335938,-3.4635392794540145,-4.725395939805206,-1.436315800743088,2.1334699404495807,2.798293925376849,1.7767159887542958,0.2648749546595125,1.3968827957093226,-2.291212157389966,-0.3105429950513836
12.0,168.0,1004.1674194335938,-3.463539277557831,-4.725395939814057,-1.436315800743088,2.1334699404495807,2.7982754155813705,1.7767159887542958,0.2648749546595169,1.3968827957093226,-2.291212157389966,-0.3105429950513836
12.0,168.0,1004.1674194335938,-3.463539277557831,-4.725395939814057,-1.436315800743088,2.1334699404495807,2.7982754155813705,1.7767159887542958,0.2648749546595169,1.3968827957093226,-2.291212157389966,-0.3105429950513836
12.0,168.0,1004.1674194335938,-3.463539277557831,-4.725395938019273,-1.436315800622839,2.1334699404495807,2.7982754155813705,1.7767159887340211,0.2648749546595169,1.3968827957093226,-2.291212157389966,-0.3105429950512022
12.0,168.0,1004.1674194335938,-3.463539277557831,-4.725395939814057,-1.436315800743088,2.1334699404495807,2.7982754155813705,1.7767159887542958,0.2648749546595169,1.3968827957093226,-2.291212157389966,-0.3105429950513836
12.0,168.0,1004.1674194335938,-3.463539277557831,-4.725395938019273,-1.436315800622839,2.1334699404495807,2.7982754155813705,1.7767159887340211,0.2648749546595169,1.3968827957093226,-2.291212157389966,-0.3105429950512022
12.0,168.0,1004.1674194335938,-3.463539277557831,-4.725395938019273,-1.436315800732415,2.1334699404495807,2.7982754155813705,1.7767159887345203,0.2648749546594385,1.3968827957093226,-2.291212157389966,-0.3105429950512046
12.0,168.0,1004.1674194335938,-3.463539277557831,-4.725395939836502,-1.4363158006255503,2.1334699404495807,2.7982754155813705,1.7767159887542958,0.2648749546595169,1.3968827957093226,-2.291212157389966,-0.3105429950513806
12.0,168.0,1004.1674194335938,-3.4635392794112048,-4.725395939805206,-1.436315800743088,2.1334699404495807,2.798293925376849,1.7767159887542958,0.2648749546595125,1.3968827957093226,-2.291212157389966,-0.3105429950513836
12.0,168.0,1004.1674194335938,-3.4635398687278176,-4.725395939814057,-1.4363158007430905,2.1334699404495807,2.7982754155813705,1.7767159887542958,0.2648749546595169,1.3968827957093226,-2.2912123336945927,-0.3105429950513836
12.0,168.0,1004.1674194335938,-3.463539277557831,-4.725395938232332,-1.436315800622831,2.1334699404495807,2.7982754155813705,1.7767159887695947,0.2648749546595169,1.3968827957093226,-2.2912121881381946,-0.3105429950513833
12.0,168.0,1004.1674194335938,-3.463539836448291,-4.725395938113519,-1.4363158006197612,2.1334699404495807,2.7982755136367072,1.776715989491715,0.2648749546595169,1.3968827957093226,-2.291209543252789,-0.3105429950520684
12.0,168.0,1004.1674194335938,-3.463539277557831,-4.725395939814057,-1.436315800743088,2.1334699404495807,2.798275510298065,1.7767159887542958,0.2648749546595169,1.3968827957093226,-2.291212157389966,-0.3105429950513836
12.0,168.0,1004.1674194335938,-3.463539277557831,-4.725395937996827,-1.4363158007403765,2.1334699404495807,2.7982754155813705,1.7767159887340211,0.2648749546595169,1.3968827957093226,-2.291212157389966,-0.3105429950512052
12.0,168.0,1004.1674194335938,-3.463539277557831,-4.725395939814057,-1.436315800743088,2.1334699404495807,2.7982754155813705,1.776715988753896,0.2648749546595169,1.3968827957093226,-2.291212157389966,-0.3105429950512007
12.0,168.0,1004.1674194335938,-3.463539277557831,-4.725395939814057,-1.4363158006261274,2.1334699404495807,2.7982754155813705,1.7767159887542958,0.2648749546595169,1.3968827957093226,-2.291212157389966,-0.3105429950513836
12.0,168.0,1004.1674194335938,-3.463539277557831,-4.725395938019273,-1.4363158007461418,2.1334699404495807,2.7982754155813705,1.776715988763587,0.2648749546595169,1.3968827957093226,-2.2912121511384704,-0.3105429950513794
12.0,168.0,1004.1674194335938,-3.463539277557831,-4.725395938019273,-1.4363158006234134,2.1334699404495807,2.7982754155813705,1.7767159887327288,0.2648749546595169,1.3968827957093226,-2.291212157389966,-0.3105429950511741
12.0,168.0,1004.1674194335938,-3.463539836448291,-4.725395938113519,-1.4363158007477503,2.1334699404495807,2.7982755136367072,1.776715989491715,0.2648749546595005,1.3968827957093226,-2.291209543252789,-0.3105429950526729
12.0,168.0,1004.1674194335938,-3.4635398687278176,-4.725395939814057,-1.4363158007506265,2.1334699404495807,2.7982754155813705,1.7767159887542958,0.2648749546595169,1.3968827957093226,-2.2912123336945927,-0.3105429950513769
12.0,168.0,1004.1674194335938,-3.4635416219596964,-4.725395939814057,-1.436315800743088,2.1334699404495807,2.7982754155813705,1.776715988753896,0.2648749546595206,1.3968827957093226,-2.291212157389966,-0.3105429950512012
12.0,168.0,1004.1674194335938,-3.463539277557831,-4.725395938019273,-1.4363158006130674,2.1334699404495807,2.7982754155813705,1.7767159887340211,0.2648749546595169,1.3968827957093226,-2.291212157389966,-0.3105429950512022
12.0,168.0,1004.1674194335938,-3.4635398300377203,-4.725395938224921,-1.4363158006149028,2.1334699404495807,2.7982773401197822,1.7767159887702368,0.2648749546604867,1.3968827957093226,-2.291207094146736,-0.310542995025761
12.0,168.0,1004.1674194335938,-3.463539277557831,-4.725395938056315,-1.436315800758749,2.1334699404495807,2.7982754155813705,1.7767159887733786,0.2648749546595169,1.3968827957093226,-2.291212150956033,-0.3105429950512022
12.0,168.0,1004.1674194335938,-3.463539277557831,-4.725395938019273,-1.4363158006153027,2.1334699404495807,2.7982754155813705,1.7767159887340211,0.2648749546595169,1.3968827957093226,-2.291212157389966,-0.3105429950512089
12.0,168.0,1004.1674194335938,-3.463539277557831,-4.725395937165235,-1.4363158007428931,2.1334699404495807,2.7982754155813705,1.7767159887708073,0.2648749546595169,1.3968827957093226,-2.291212157389966,-0.3105429950513836
12.0,168.0,1004.1674194335938,-3.4635392794540145,-4.725395937987234,-1.436315800743088,2.1334699404495807,2.798293925376849,1.7767159887543738,0.2648749546595125,1.3968827957093226,-2.291212157389966,-0.3105429950513836
12.0,168.0,1004.1674194335938,-3.463539277557831,-4.725395939814057,-1.436315800743088,2.1334699404495807,2.7982754155813705,1.7767159887542958,0.2648749546595169,1.3968827957093226,-2.291212157389966,-0.3105429950513836
12.0,168.0,1004.1674194335938,-3.463539277557831,-4.725395938021503,-1.436315800622839,2.1334699404495807,2.7982754155813705,1.7767159887707749,0.2648749546595169,1.3968827957093226,-2.291212159448847,-0.3105429950512022
12.0,168.0,1004.1674194335938,-3.463539260208179,-4.725395938019273,-1.4363158006257977,2.1334699404495807,2.7982754135851207,1.7767159895066278,0.2648749546595165,1.3968827957093226,-2.291212157389966,-0.3105429950512022
12.0,168.0,1004.1674194335938,-3.463539277557831,-4.725395939814057,-1.436315800743088,2.1334699404495807,2.7982754155813705,1.7767159887542958,0.2648749546595169,1.3968827957093226,-2.291212157389966,-0.3105429950513836
12.0,168.0,1004.1674194335938,-3.4635392794540145,-4.725395937987234,-1.436315800743088,2.1334699404495807,2.798293925376849,1.7767159887543738,0.2648749546595125,1.3968827957093226,-2.291212157389966,-0.3105429950513836
12.0,168.0,1004.1674194335938,-3.463539867399512,-4.725395940094856,-1.4363158007430905,2.1334699404495807,2.7982754155813705,1.7767159887547364,0.2648749546594409,1.3968827957093226,-2.2912123336945927,-0.3105429950513836
12.0,168.0,1004.1674194335938,-3.463539277557831,-4.725395938019273,-1.4363158007428172,2.1334699404495807,2.7982754155813705,1.7767159887345203,0.2648749546594358,1.3968827957093226,-2.291212157389966,-0.3105429950513682
12.0,168.0,1004.1674194335938,-3.463539277557831,-4.725395939814057,-1.4363158007432486,2.1334699404495807,2.7982754155813705,1.7767159887698882,0.2648749546595169,1.3968827957093226,-2.291212157389966,-0.3105429950512986
12.0,168.0,1004.1674194335938,-3.463539277557831,-4.725395939814057,-1.436315800743088,2.1334699404495807,2.7982754155813705,1.7767159887542958,0.2648749546595169,1.3968827957093226,-2.291212157389966,-0.3105429950513931
12.0,168.0,1004.1674194335938,-3.463539838007906,-4.725395939836502,-1.4363158006255503,2.1334699404495807,2.798275415531722,1.7767159887237935,0.264874954659501,1.3968827957093226,-2.291212157389966,-0.3105429950526493
12.0,168.0,1004.1674194335938,-3.4635398300377203,-4.725395938224921,-1.4363158006149028,2.1334699404495807,2.7982773401197822,1.7767159887706545,0.2648749546594789,1.3968827957093226,-2.291212601875652,-0.3105429950517677
12.0,168.0,1004.1674194335938,-3.46353986897168,-4.725395938224921,-1.4363158007431671,2.1334699404495807,2.7982773401197822,1.776715988770659,0.2648749546604703,1.3968827957093226,-2.291207094146736,-0.3105429950263657
12.0,168.0,1004.1674194335938,-3.463539277557831,-4.725395938052213,-1.436315800758749,2.1334699404495807,2.7982754155813705,1.7767159887733786,0.2648749546595169,1.3968827957093226,-2.291212150956033,-0.3105429950513745
12.0,168.0,1004.1674194335938,-3.463539853797943,-4.725395938113519,-1.4363158007447914,2.1334699404495807,2.7982755156329566,1.7767159887191084,0.2648749546595009,1.3968827957093226,-2.291209543252789,-0.3105429950526729
12.0,168.0,1004.1674194335938,-3.4635398300377203,-4.725395938224921,-1.4363158006150694,2.1334699404495807,2.798277234312072,1.7767159887702368,0.2648749546605413,1.3968827957093226,-2.2912121431858727,-0.3105429950259336
12.0,168.0,1004.1674194335938,-3.463539277557831,-4.725395939814057,-1.4363158006167998,2.1334699404495807,2.7982754155813705,1.7767159887548558,0.2648749546595169,1.3968827957093226,-2.291212157389966,-0.3105429950512047
12.0,168.0,1004.1674194335938,-3.463539277557831,-4.725395937986948,-1.436315800743088,2.1334699404495807,2.7982754155813705,1.7767159887631194,0.2648749546595169,1.3968827957093226,-2.291212150982473,-0.3105429950513836
12.0,169.0,1004.1674194335938,-3.463539277557831,-4.725395938019273,-1.436315800622839,2.1334699404495807,2.7982754155813705,1.7767159887340211,0.2648749546595169,1.3968827957093226,-2.291212157389966,-0.3105429950512022
12.0,169.0,1004.1674194335938,-3.463539277557831,-4.725395939814057,-1.436315800743088,2.1334699404495807,2.7982754155813705,1.7767159887542958,0.2648749546595169,1.3968827957093226,-2.291212157389966,-0.3105429950513836
12.0,169.0,1004.1674194335938,-3.463539277557831,-4.725395939814057,-1.436315800743088,2.1334699404495807,2.7982754155813705,1.7767159887542958,0.2648749546595169,1.3968827957093226,-2.291212157389966,-0.3105429950513836
12.0,169.0,1004.1674194335938,-3.463539277557831,-4.725395938019273,-1.436315800622839,2.1334699404495807,2.7982754155813705,1.7767159887340211,0.2648749546595169,1.3968827957093226,-2.291212157389966,-0.3105429950512022
12.0,169.0,1004.1674194335938,-3.463539277557831,-4.725395939814057,-1.436315800743088,2.1334699404495807,2.7982754155813705,1.7767159887542958,0.2648749546595169,1.3968827957093226,-2.291212157389966,-0.3105429950513836
12.0,169.0,1004.1674194335938,-3.4635398300377203,-4.725395938224921,-1.4363158007428922,2.1334699404495807,2.7982773401197822,1.7767159887702368,0.2648749546604703,1.3968827957093226,-2.291207094146736,-0.3105429950263657
12.0,169.0,1004.1674194335938,-3.4635392794540145,-4.725395939805206,-1.436315800743088,2.1334699404495807,2.798293925376849,1.7767159887542958,0.2648749546595125,1.3968827957093226,-2.291212157389966,-0.3105429950513836
12.0,169.0,1004.1674194335938,-3.463539277557831,-4.725395939814057,-1.436315800743088,2.1334699404495807,2.7982754155813705,1.7767159887542958,0.2648749546595169,1.3968827957093226,-2.291212157389966,-0.3105429950513836
12.0,169.0,1004.1674194335938,-3.463539277557831,-4.725395939814057,-1.436315800743088,2.1334699404495807,2.7982754155813705,1.7767159887542958,0.2648749546595169,1.3968827957093226,-2.291212157389966,-0.3105429950513836
12.0,169.0,1004.1674194335938,-3.463539277557831,-4.725395938019273,-1.436315800622839,2.1334699404495807,2.7982754155813705,1.7767159887340211,0.2648749546595169,1.3968827957093226,-2.291212157389966,-0.3105429950512022
12.0,169.0,1004.1674194335938,-3.463539277557831,-4.725395939814057,-1.436315800743088,2.1334699404495807,2.7982754155813705,1.7767159887542958,0.2648749546595169,1.3968827957093226,-2.291212157389966,-0.3105429950513836
12.0,169.0,1004.1674194335938,-3.463539277557831,-4.725395938019273,-1.436315800622839,2.1334699404495807,2.7982754155813705,1.7767159887340211,0.2648749546595169,1.3968827957093226,-2.291212157389966,-0.3105429950512022
12.0,169.0,1004.1674194335938,-3.463539277557831,-4.725395938019273,-1.436315800732415,2.1334699404495807,2.7982754155813705,1.7767159887345203,0.2648749546594385,1.3968827957093226,-2.291212157389966,-0.3105429950512046
12.0,169.0,1004.1674194335938,-3.463539277557831,-4.725395939836502,-1.4363158006255503,2.1334699404495807,2.7982754155813705,1.7767159887542958,0.2648749546595169,1.3968827957093226,-2.291212157389966,-0.3105429950513806
12.0,169.0,1004.1674194335938,-3.4635392794112048,-4.725395939805206,-1.436315800743088,2.1334699404495807,2.798293925376849,1.7767159887542958,0.2648749546595125,1.3968827957093226,-2.291212157389966,-0.3105429950513836
12.0,169.0,1004.1674194335938,-3.4635398687278176,-4.725395939814057,-1.4363158007430905,2.1334699404495807,2.7982754155813705,1.7767159887542958,0.2648749546595169,1.3968827957093226,-2.2912123336945927,-0.3105429950513836
12.0,169.0,1004.1674194335938,-3.463539277557831,-4.725395938232332,-1.436315800622831,2.1334699404495807,2.7982754155813705,1.7767159887695947,0.2648749546595169,1.3968827957093226,-2.2912121881381946,-0.3105429950513833
12.0,169.0,1004.1674194335938,-3.463539836448291,-4.725395938113519,-1.4363158006197612,2.1334699404495807,2.7982755136367072,1.776715989491715,0.2648749546595169,1.3968827957093226,-2.291209543252789,-0.3105429950520684
12.0,169.0,1004.1674194335938,-3.463539277557831,-4.725395939814057,-1.436315800743088,2.1334699404495807,2.798275510298065,1.7767159887542958,0.2648749546595169,1.3968827957093226,-2.291212157389966,-0.3105429950513836
12.0,169.0,1004.1674194335938,-3.463539277557831,-4.725395937996827,-1.4363158007403765,2.1334699404495807,2.7982754155813705,1.7767159887340211,0.2648749546595169,1.3968827957093226,-2.291212157389966,-0.3105429950512052
12.0,169.0,1004.1674194335938,-3.463539277557831,-4.725395939814057,-1.436315800743088,2.1334699404495807,2.7982754155813705,1.776715988753896,0.2648749546595169,1.3968827957093226,-2.291212157389966,-0.3105429950512007
12.0,169.0,1004.1674194335938,-3.463539277557831,-4.725395939814057,-1.4363158006261274,2.1334699404495807,2.7982754155813705,1.7767159887542958,0.2648749546595169,1.3968827957093226,-2.291212157389966,-0.3105429950513836
12.0,169.0,1004.1674194335938,-3.463539277557831,-4.725395938019273,-1.4363158007461418,2.1334699404495807,2.7982754155813705,1.776715988763587,0.2648749546595169,1.3968827957093226,-2.2912121511384704,-0.3105429950513794
12.0,169.0,1004.1674194335938,-3.463539277557831,-4.725395938019273,-1.4363158006234134,2.1334699404495807,2.7982754155813705,1.7767159887327288,0.2648749546595169,1.3968827957093226,-2.291212157389966,-0.3105429950511741
12.0,169.0,1004.1674194335938,-3.463539836448291,-4.725395938113519,-1.4363158007477503,2.1334699404495807,2.7982755136367072,1.776715989491715,0.2648749546595005,1.3968827957093226,-2.291209543252789,-0.3105429950526729
12.0,169.0,1004.1674194335938,-3.4635398687278176,-4.725395939814057,-1.4363158007506265,2.1334699404495807,2.7982754155813705,1.7767159887542958,0.2648749546595169,1.3968827957093226,-2.2912123336945927,-0.3105429950513769
12.0,169.0,1004.1674194335938,-3.4635416219596964,-4.725395939814057,-1.436315800743088,2.1334699404495807,2.7982754155813705,1.776715988753896,0.2648749546595206,1.3968827957093226,-2.291212157389966,-0.3105429950512012
12.0,169.0,1004.1674194335938,-3.463539277557831,-4.725395938019273,-1.4363158006130674,2.1334699404495807,2.7982754155813705,1.7767159887340211,0.2648749546595169,1.3968827957093226,-2.291212157389966,-0.3105429950512022
12.0,169.0,1004.1674194335938,-3.4635398300377203,-4.725395938224921,-1.4363158006149028,2.1334699404495807,2.7982773401197822,1.7767159887702368,0.2648749546604867,1.3968827957093226,-2.291207094146736,-0.310542995025761
12.0,169.0,1004.1674194335938,-3.463539277557831,-4.725395938056315,-1.436315800758749,2.1334699404495807,2.7982754155813705,1.7767159887733786,0.2648749546595169,1.3968827957093226,-2.291212150956033,-0.3105429950512022
12.0,169.0,1004.1674194335938,-3.463539277557831,-4.725395938019273,-1.4363158006153027,2.1334699404495807,2.7982754155813705,1.7767159887340211,0.2648749546595169,1.3968827957093226,-2.291212157389966,-0.3105429950512089
12.0,169.0,1004.1674194335938,-3.463539277557831,-4.725395937165235,-1.4363158007428931,2.1334699404495807,2.7982754155813705,1.7767159887708073,0.2648749546595169,1.3968827957093226,-2.291212157389966,-0.3105429950513836
12.0,169.0,1004.1674194335938,-3.4635392794540145,-4.725395937987234,-1.436315800743088,2.1334699404495807,2.798293925376849,1.7767159887543738,0.2648749546595125,1.3968827957093226,-2.291212157389966,-0.3105429950513836
12.0,169.0,1004.1674194335938,-3.463539277557831,-4.725395939814057,-1.436315800743088,2.1334699404495807,2.7982754155813705,1.7767159887542958,0.2648749546595169,1.3968827957093226,-2.291212157389966,-0.3105429950513836
12.0,169.0,1004.1674194335938,-3.463539277557831,-4.725395938021503,-1.436315800622839,2.1334699404495807,2.7982754155813705,1.7767159887707749,0.2648749546595169,1.3968827957093226,-2.291212159448847,-0.3105429950512022
12.0,169.0,1004.1674194335938,-3.463539260208179,-4.725395938019273,-1.4363158006257977,2.1334699404495807,2.7982754135851207,1.7767159895066278,0.2648749546595165,1.3968827957093226,-2.291212157389966,-0.3105429950512022
12.0,169.0,1004.1674194335938,-3.463539277557831,-4.725395939814057,-1.436315800743088,2.1334699404495807,2.7982754155813705,1.7767159887542958,0.2648749546595169,1.3968827957093226,-2.291212157389966,-0.3105429950513836
12.0,169.0,1004.1674194335938,-3.4635392794540145,-4.725395937987234,-1.436315800743088,2.1334699404495807,2.798293925376849,1.7767159887543738,0.2648749546595125,1.3968827957093226,-2.291212157389966,-0.3105429950513836
12.0,169.0,1004.1674194335938,-3.463539867399512,-4.725395940094856,-1.4363158007430905,2.1334699404495807,2.7982754155813705,1.7767159887547364,0.2648749546594409,1.3968827957093226,-2.2912123336945927,-0.3105429950513836
12.0,169.0,1004.1674194335938,-3.463539277557831,-4.725395938019273,-1.4363158007428172,2.1334699404495807,2.7982754155813705,1.7767159887345203,0.2648749546594358,1.3968827957093226,-2.291212157389966,-0.3105429950513682
12.0,169.0,1004.1674194335938,-3.463539277557831,-4.725395939814057,-1.4363158007432486,2.1334699404495807,2.7982754155813705,1.7767159887698882,0.2648749546595169,1.3968827957093226,-2.291212157389966,-0.3105429950512986
12.0,169.0,1004.1674194335938,-3.463539277557831,-4.725395939814057,-1.436315800743088,2.1334699404495807,2.7982754155813705,1.7767159887542958,0.2648749546595169,1.3968827957093226,-2.291212157389966,-0.3105429950513931
12.0,169.0,1004.1674194335938,-3.463539838007906,-4.725395939836502,-1.4363158006255503,2.1334699404495807,2.798275415531722,1.7767159887237935,0.264874954659501,1.3968827957093226,-2.291212157389966,-0.3105429950526493
12.0,169.0,1004.1674194335938,-3.4635398300377203,-4.725395938224921,-1.4363158006149028,2.1334699404495807,2.7982773401197822,1.7767159887706545,0.2648749546594789,1.3968827957093226,-2.291212601875652,-0.3105429950517677
12.0,169.0,1004.1674194335938,-3.46353986897168,-4.725395938224921,-1.4363158007431671,2.1334699404495807,2.7982773401197822,1.776715988770659,0.2648749546604703,1.3968827957093226,-2.291207094146736,-0.3105429950263657
12.0,169.0,1004.1674194335938,-3.463539277557831,-4.725395938052213,-1.436315800758749,2.1334699404495807,2.7982754155813705,1.7767159887733786,0.2648749546595169,1.3968827957093226,-2.291212150956033,-0.3105429950513745
12.0,169.0,1004.1674194335938,-3.463539853797943,-4.725395938113519,-1.4363158007447914,2.1334699404495807,2.7982755156329566,1.7767159887191084,0.2648749546595009,1.3968827957093226,-2.291209543252789,-0.3105429950526729
12.0,169.0,1004.1674194335938,-3.4635398300377203,-4.725395938224921,-1.4363158006150694,2.1334699404495807,2.798277234312072,1.7767159887702368,0.2648749546605413,1.3968827957093226,-2.2912121431858727,-0.3105429950259336
12.0,169.0,1004.1674194335938,-3.463539277557831,-4.725395939814057,-1.4363158006167998,2.1334699404495807,2.7982754155813705,1.7767159887548558,0.2648749546595169,1.3968827957093226,-2.291212157389966,-0.3105429950512047
12.0,169.0,1004.1674194335938,-3.463539277557831,-4.725395937986948,-1.436315800743088,2.1334699404495807,2.7982754155813705,1.7767159887631194,0.2648749546595169,1.3968827957093226,-2.291212150982473,-0.3105429950513836
12.0,170.0,1004.1674194335938,-3.463539277557831,-4.725395938019273,-1.436315800622839,2.1334699404495807,2.7982754155813705,1.7767159887340211,0.2648749546595169,1.3968827957093226,-2.291212157389966,-0.3105429950512022
12.0,170.0,1004.1674194335938,-3.463539277557831,-4.725395939814057,-1.436315800743088,2.1334699404495807,2.7982754155813705,1.7767159887542958,0.2648749546595169,1.3968827957093226,-2.291212157389966,-0.3105429950513836
12.0,170.0,1004.1674194335938,-3.463539277557831,-4.725395939814057,-1.436315800743088,2.1334699404495807,2.7982754155813705,1.7767159887542958,0.2648749546595169,1.3968827957093226,-2.291212157389966,-0.3105429950513836
12.0,170.0,1004.1674194335938,-3.463539277557831,-4.725395938019273,-1.436315800622839,2.1334699404495807,2.7982754155813705,1.7767159887340211,0.2648749546595169,1.3968827957093226,-2.291212157389966,-0.3105429950512022
12.0,170.0,1004.1674194335938,-3.463539277557831,-4.725395939814057,-1.436315800743088,2.1334699404495807,2.7982754155813705,1.7767159887542958,0.2648749546595169,1.3968827957093226,-2.291212157389966,-0.3105429950513836
12.0,170.0,1004.1674194335938,-3.4635398300377203,-4.725395938224921,-1.4363158007428922,2.1334699404495807,2.7982773401197822,1.7767159887702368,0.2648749546604703,1.3968827957093226,-2.291207094146736,-0.3105429950263657
12.0,170.0,1004.1674194335938,-3.4635392794540145,-4.725395939805206,-1.436315800743088,2.1334699404495807,2.798293925376849,1.7767159887542958,0.2648749546595125,1.3968827957093226,-2.291212157389966,-0.3105429950513836
12.0,170.0,1004.1674194335938,-3.463539277557831,-4.725395939814057,-1.436315800743088,2.1334699404495807,2.7982754155813705,1.7767159887542958,0.2648749546595169,1.3968827957093226,-2.291212157389966,-0.3105429950513836
12.0,170.0,1004.1674194335938,-3.463539277557831,-4.725395939814057,-1.436315800743088,2.1334699404495807,2.7982754155813705,1.7767159887542958,0.2648749546595169,1.3968827957093226,-2.291212157389966,-0.3105429950513836
12.0,170.0,1004.1674194335938,-3.463539277557831,-4.725395938019273,-1.436315800622839,2.1334699404495807,2.7982754155813705,1.7767159887340211,0.2648749546595169,1.3968827957093226,-2.291212157389966,-0.3105429950512022
12.0,170.0,1004.1674194335938,-3.463539277557831,-4.725395939814057,-1.436315800743088,2.1334699404495807,2.7982754155813705,1.7767159887542958,0.2648749546595169,1.3968827957093226,-2.291212157389966,-0.3105429950513836
12.0,170.0,1004.1674194335938,-3.463539277557831,-4.725395938019273,-1.436315800622839,2.1334699404495807,2.7982754155813705,1.7767159887340211,0.2648749546595169,1.3968827957093226,-2.291212157389966,-0.3105429950512022
12.0,170.0,1004.1674194335938,-3.463539277557831,-4.725395938019273,-1.436315800732415,2.1334699404495807,2.7982754155813705,1.7767159887345203,0.2648749546594385,1.3968827957093226,-2.291212157389966,-0.3105429950512046
12.0,170.0,1004.1674194335938,-3.463539277557831,-4.725395939836502,-1.4363158006255503,2.1334699404495807,2.7982754155813705,1.7767159887542958,0.2648749546595169,1.3968827957093226,-2.291212157389966,-0.3105429950513806
12.0,170.0,1004.1674194335938,-3.4635392794112048,-4.725395939805206,-1.436315800743088,2.1334699404495807,2.798293925376849,1.7767159887542958,0.2648749546595125,1.3968827957093226,-2.291212157389966,-0.3105429950513836
12.0,170.0,1004.1674194335938,-3.4635398687278176,-4.725395939814057,-1.4363158007430905,2.1334699404495807,2.7982754155813705,1.7767159887542958,0.2648749546595169,1.3968827957093226,-2.2912123336945927,-0.3105429950513836
12.0,170.0,1004.1674194335938,-3.463539277557831,-4.725395938232332,-1.436315800622831,2.1334699404495807,2.7982754155813705,1.7767159887695947,0.2648749546595169,1.3968827957093226,-2.2912121881381946,-0.3105429950513833
12.0,170.0,1004.1674194335938,-3.463539836448291,-4.725395938113519,-1.4363158006197612,2.1334699404495807,2.7982755136367072,1.776715989491715,0.2648749546595169,1.3968827957093226,-2.291209543252789,-0.3105429950520684
12.0,170.0,1004.1674194335938,-3.463539277557831,-4.725395939814057,-1.436315800743088,2.1334699404495807,2.798275510298065,1.7767159887542958,0.2648749546595169,1.3968827957093226,-2.291212157389966,-0.3105429950513836
12.0,170.0,1004.1674194335938,-3.463539277557831,-4.725395937996827,-1.4363158007403765,2.1334699404495807,2.7982754155813705,1.7767159887340211,0.2648749546595169,1.3968827957093226,-2.291212157389966,-0.3105429950512052
12.0,170.0,1004.1674194335938,-3.463539277557831,-4.725395939814057,-1.436315800743088,2.1334699404495807,2.7982754155813705,1.776715988753896,0.2648749546595169,1.3968827957093226,-2.291212157389966,-0.3105429950512007
12.0,170.0,1004.1674194335938,-3.463539277557831,-4.725395939814057,-1.4363158006261274,2.1334699404495807,2.7982754155813705,1.7767159887542958,0.2648749546595169,1.3968827957093226,-2.291212157389966,-0.3105429950513836
12.0,170.0,1004.1674194335938,-3.463539277557831,-4.725395938019273,-1.4363158007461418,2.1334699404495807,2.7982754155813705,1.776715988763587,0.2648749546595169,1.3968827957093226,-2.2912121511384704,-0.3105429950513794
12.0,170.0,1004.1674194335938,-3.463539277557831,-4.725395938019273,-1.4363158006234134,2.1334699404495807,2.7982754155813705,1.7767159887327288,0.2648749546595169,1.3968827957093226,-2.291212157389966,-0.3105429950511741
12.0,170.0,1004.1674194335938,-3.463539836448291,-4.725395938113519,-1.4363158007477503,2.1334699404495807,2.7982755136367072,1.776715989491715,0.2648749546595005,1.3968827957093226,-2.291209543252789,-0.3105429950526729
12.0,170.0,1004.1674194335938,-3.4635398687278176,-4.725395939814057,-1.4363158007506265,2.1334699404495807,2.7982754155813705,1.7767159887542958,0.2648749546595169,1.3968827957093226,-2.2912123336945927,-0.3105429950513769
12.0,170.0,1004.1674194335938,-3.4635416219596964,-4.725395939814057,-1.436315800743088,2.1334699404495807,2.7982754155813705,1.776715988753896,0.2648749546595206,1.3968827957093226,-2.291212157389966,-0.3105429950512012
12.0,170.0,1004.1674194335938,-3.463539277557831,-4.725395938019273,-1.4363158006130674,2.1334699404495807,2.7982754155813705,1.7767159887340211,0.2648749546595169,1.3968827957093226,-2.291212157389966,-0.3105429950512022
12.0,170.0,1004.1674194335938,-3.4635398300377203,-4.725395938224921,-1.4363158006149028,2.1334699404495807,2.7982773401197822,1.7767159887702368,0.2648749546604867,1.3968827957093226,-2.291207094146736,-0.310542995025761
12.0,170.0,1004.1674194335938,-3.463539277557831,-4.725395938056315,-1.436315800758749,2.1334699404495807,2.7982754155813705,1.7767159887733786,0.2648749546595169,1.3968827957093226,-2.291212150956033,-0.3105429950512022
12.0,170.0,1004.1674194335938,-3.463539277557831,-4.725395938019273,-1.4363158006153027,2.1334699404495807,2.7982754155813705,1.7767159887340211,0.2648749546595169,1.3968827957093226,-2.291212157389966,-0.3105429950512089
12.0,170.0,1004.1674194335938,-3.463539277557831,-4.725395937165235,-1.4363158007428931,2.1334699404495807,2.7982754155813705,1.7767159887708073,0.2648749546595169,1.3968827957093226,-2.291212157389966,-0.3105429950513836
12.0,170.0,1004.1674194335938,-3.4635392794540145,-4.725395937987234,-1.436315800743088,2.1334699404495807,2.798293925376849,1.7767159887543738,0.2648749546595125,1.3968827957093226,-2.291212157389966,-0.3105429950513836
12.0,170.0,1004.1674194335938,-3.463539277557831,-4.725395939814057,-1.436315800743088,2.1334699404495807,2.7982754155813705,1.7767159887542958,0.2648749546595169,1.3968827957093226,-2.291212157389966,-0.3105429950513836
12.0,170.0,1004.1674194335938,-3.463539277557831,-4.725395938021503,-1.436315800622839,2.1334699404495807,2.7982754155813705,1.7767159887707749,0.2648749546595169,1.3968827957093226,-2.291212159448847,-0.3105429950512022
12.0,170.0,1004.1674194335938,-3.463539260208179,-4.725395938019273,-1.4363158006257977,2.1334699404495807,2.7982754135851207,1.7767159895066278,0.2648749546595165,1.3968827957093226,-2.291212157389966,-0.3105429950512022
12.0,170.0,1004.1674194335938,-3.463539277557831,-4.725395939814057,-1.436315800743088,2.1334699404495807,2.7982754155813705,1.7767159887542958,0.2648749546595169,1.3968827957093226,-2.291212157389966,-0.3105429950513836
12.0,170.0,1004.1674194335938,-3.4635392794540145,-4.725395937987234,-1.436315800743088,2.1334699404495807,2.798293925376849,1.7767159887543738,0.2648749546595125,1.3968827957093226,-2.291212157389966,-0.3105429950513836
12.0,170.0,1004.1674194335938,-3.463539867399512,-4.725395940094856,-1.4363158007430905,2.1334699404495807,2.7982754155813705,1.7767159887547364,0.2648749546594409,1.3968827957093226,-2.2912123336945927,-0.3105429950513836
12.0,170.0,1004.1674194335938,-3.463539277557831,-4.725395938019273,-1.4363158007428172,2.1334699404495807,2.7982754155813705,1.7767159887345203,0.2648749546594358,1.3968827957093226,-2.291212157389966,-0.3105429950513682
12.0,170.0,1004.1674194335938,-3.463539277557831,-4.725395939814057,-1.4363158007432486,2.1334699404495807,2.7982754155813705,1.7767159887698882,0.2648749546595169,1.3968827957093226,-2.291212157389966,-0.3105429950512986
12.0,170.0,1004.1674194335938,-3.463539277557831,-4.725395939814057,-1.436315800743088,2.1334699404495807,2.7982754155813705,1.7767159887542958,0.2648749546595169,1.3968827957093226,-2.291212157389966,-0.3105429950513931
12.0,170.0,1004.1674194335938,-3.463539838007906,-4.725395939836502,-1.4363158006255503,2.1334699404495807,2.798275415531722,1.7767159887237935,0.264874954659501,1.3968827957093226,-2.291212157389966,-0.3105429950526493
12.0,170.0,1004.1674194335938,-3.4635398300377203,-4.725395938224921,-1.4363158006149028,2.1334699404495807,2.7982773401197822,1.7767159887706545,0.2648749546594789,1.3968827957093226,-2.291212601875652,-0.3105429950517677
12.0,170.0,1004.1674194335938,-3.46353986897168,-4.725395938224921,-1.4363158007431671,2.1334699404495807,2.7982773401197822,1.776715988770659,0.2648749546604703,1.3968827957093226,-2.291207094146736,-0.3105429950263657
12.0,170.0,1004.1674194335938,-3.463539277557831,-4.725395938052213,-1.436315800758749,2.1334699404495807,2.7982754155813705,1.7767159887733786,0.2648749546595169,1.3968827957093226,-2.291212150956033,-0.3105429950513745
12.0,170.0,1004.1674194335938,-3.463539853797943,-4.725395938113519,-1.4363158007447914,2.1334699404495807,2.7982755156329566,1.7767159887191084,0.2648749546595009,1.3968827957093226,-2.291209543252789,-0.3105429950526729
12.0,170.0,1004.1674194335938,-3.4635398300377203,-4.725395938224921,-1.4363158006150694,2.1334699404495807,2.798277234312072,1.7767159887702368,0.2648749546605413,1.3968827957093226,-2.2912121431858727,-0.3105429950259336
12.0,170.0,1004.1674194335938,-3.463539277557831,-4.725395939814057,-1.4363158006167998,2.1334699404495807,2.7982754155813705,1.7767159887548558,0.2648749546595169,1.3968827957093226,-2.291212157389966,-0.3105429950512047
12.0,170.0,1004.1674194335938,-3.463539277557831,-4.725395937986948,-1.436315800743088,2.1334699404495807,2.7982754155813705,1.7767159887631194,0.2648749546595169,1.3968827957093226,-2.291212150982473,-0.3105429950513836
12.0,171.0,1004.1674194335938,-3.463539277557831,-4.725395938019273,-1.436315800622839,2.1334699404495807,2.7982754155813705,1.7767159887340211,0.2648749546595169,1.3968827957093226,-2.291212157389966,-0.3105429950512022
12.0,171.0,1004.1674194335938,-3.463539277557831,-4.725395939814057,-1.436315800743088,2.1334699404495807,2.7982754155813705,1.7767159887542958,0.2648749546595169,1.3968827957093226,-2.291212157389966,-0.3105429950513836
12.0,171.0,1004.1674194335938,-3.463539277557831,-4.725395939814057,-1.436315800743088,2.1334699404495807,2.7982754155813705,1.7767159887542958,0.2648749546595169,1.3968827957093226,-2.291212157389966,-0.3105429950513836
12.0,171.0,1004.1674194335938,-3.463539277557831,-4.725395938019273,-1.436315800622839,2.1334699404495807,2.7982754155813705,1.7767159887340211,0.2648749546595169,1.3968827957093226,-2.291212157389966,-0.3105429950512022
12.0,171.0,1004.1674194335938,-3.463539277557831,-4.725395939814057,-1.436315800743088,2.1334699404495807,2.7982754155813705,1.7767159887542958,0.2648749546595169,1.3968827957093226,-2.291212157389966,-0.3105429950513836
12.0,171.0,1004.1674194335938,-3.4635398300377203,-4.725395938224921,-1.4363158007428922,2.1334699404495807,2.7982773401197822,1.7767159887702368,0.2648749546604703,1.3968827957093226,-2.291207094146736,-0.3105429950263657
12.0,171.0,1004.1674194335938,-3.4635392794540145,-4.725395939805206,-1.436315800743088,2.1334699404495807,2.798293925376849,1.7767159887542958,0.2648749546595125,1.3968827957093226,-2.291212157389966,-0.3105429950513836
12.0,171.0,1004.1674194335938,-3.463539277557831,-4.725395939814057,-1.436315800743088,2.1334699404495807,2.7982754155813705,1.7767159887542958,0.2648749546595169,1.3968827957093226,-2.291212157389966,-0.3105429950513836
12.0,171.0,1004.1674194335938,-3.463539277557831,-4.725395939814057,-1.436315800743088,2.1334699404495807,2.7982754155813705,1.7767159887542958,0.2648749546595169,1.3968827957093226,-2.291212157389966,-0.3105429950513836
12.0,171.0,1004.1674194335938,-3.463539277557831,-4.725395938019273,-1.436315800622839,2.1334699404495807,2.7982754155813705,1.7767159887340211,0.2648749546595169,1.3968827957093226,-2.291212157389966,-0.3105429950512022
12.0,171.0,1004.1674194335938,-3.463539277557831,-4.725395939814057,-1.436315800743088,2.1334699404495807,2.7982754155813705,1.7767159887542958,0.2648749546595169,1.3968827957093226,-2.291212157389966,-0.3105429950513836
12.0,171.0,1004.1674194335938,-3.463539277557831,-4.725395938019273,-1.436315800622839,2.1334699404495807,2.7982754155813705,1.7767159887340211,0.2648749546595169,1.3968827957093226,-2.291212157389966,-0.3105429950512022
12.0,171.0,1004.1674194335938,-3.463539277557831,-4.725395938019273,-1.436315800732415,2.1334699404495807,2.7982754155813705,1.7767159887345203,0.2648749546594385,1.3968827957093226,-2.291212157389966,-0.3105429950512046
12.0,171.0,1004.1674194335938,-3.463539277557831,-4.725395939836502,-1.4363158006255503,2.1334699404495807,2.7982754155813705,1.7767159887542958,0.2648749546595169,1.3968827957093226,-2.291212157389966,-0.3105429950513806
12.0,171.0,1004.1674194335938,-3.4635392794112048,-4.725395939805206,-1.436315800743088,2.1334699404495807,2.798293925376849,1.7767159887542958,0.2648749546595125,1.3968827957093226,-2.291212157389966,-0.3105429950513836
12.0,171.0,1004.1674194335938,-3.4635398687278176,-4.725395939814057,-1.4363158007430905,2.1334699404495807,2.7982754155813705,1.7767159887542958,0.2648749546595169,1.3968827957093226,-2.2912123336945927,-0.3105429950513836
12.0,171.0,1004.1674194335938,-3.463539277557831,-4.725395938232332,-1.436315800622831,2.1334699404495807,2.7982754155813705,1.7767159887695947,0.2648749546595169,1.3968827957093226,-2.2912121881381946,-0.3105429950513833
12.0,171.0,1004.1674194335938,-3.463539836448291,-4.725395938113519,-1.4363158006197612,2.1334699404495807,2.7982755136367072,1.776715989491715,0.2648749546595169,1.3968827957093226,-2.291209543252789,-0.3105429950520684
12.0,171.0,1004.1674194335938,-3.463539277557831,-4.725395939814057,-1.436315800743088,2.1334699404495807,2.798275510298065,1.7767159887542958,0.2648749546595169,1.3968827957093226,-2.291212157389966,-0.3105429950513836
12.0,171.0,1004.1674194335938,-3.463539277557831,-4.725395937996827,-1.4363158007403765,2.1334699404495807,2.7982754155813705,1.7767159887340211,0.2648749546595169,1.3968827957093226,-2.291212157389966,-0.3105429950512052
12.0,171.0,1004.1674194335938,-3.463539277557831,-4.725395939814057,-1.436315800743088,2.1334699404495807,2.7982754155813705,1.776715988753896,0.2648749546595169,1.3968827957093226,-2.291212157389966,-0.3105429950512007
12.0,171.0,1004.1674194335938,-3.463539277557831,-4.725395939814057,-1.4363158006261274,2.1334699404495807,2.7982754155813705,1.7767159887542958,0.2648749546595169,1.3968827957093226,-2.291212157389966,-0.3105429950513836
12.0,171.0,1004.1674194335938,-3.463539277557831,-4.725395938019273,-1.4363158007461418,2.1334699404495807,2.7982754155813705,1.776715988763587,0.2648749546595169,1.3968827957093226,-2.2912121511384704,-0.3105429950513794
12.0,171.0,1004.1674194335938,-3.463539277557831,-4.725395938019273,-1.4363158006234134,2.1334699404495807,2.7982754155813705,1.7767159887327288,0.2648749546595169,1.3968827957093226,-2.291212157389966,-0.3105429950511741
12.0,171.0,1004.1674194335938,-3.463539836448291,-4.725395938113519,-1.4363158007477503,2.1334699404495807,2.7982755136367072,1.776715989491715,0.2648749546595005,1.3968827957093226,-2.291209543252789,-0.3105429950526729
12.0,171.0,1004.1674194335938,-3.4635398687278176,-4.725395939814057,-1.4363158007506265,2.1334699404495807,2.7982754155813705,1.7767159887542958,0.2648749546595169,1.3968827957093226,-2.2912123336945927,-0.3105429950513769
12.0,171.0,1004.1674194335938,-3.4635416219596964,-4.725395939814057,-1.436315800743088,2.1334699404495807,2.7982754155813705,1.776715988753896,0.2648749546595206,1.3968827957093226,-2.291212157389966,-0.3105429950512012
12.0,171.0,1004.1674194335938,-3.463539277557831,-4.725395938019273,-1.4363158006130674,2.1334699404495807,2.7982754155813705,1.7767159887340211,0.2648749546595169,1.3968827957093226,-2.291212157389966,-0.3105429950512022
12.0,171.0,1004.1674194335938,-3.4635398300377203,-4.725395938224921,-1.4363158006149028,2.1334699404495807,2.7982773401197822,1.7767159887702368,0.2648749546604867,1.3968827957093226,-2.291207094146736,-0.310542995025761
12.0,171.0,1004.1674194335938,-3.463539277557831,-4.725395938056315,-1.436315800758749,2.1334699404495807,2.7982754155813705,1.7767159887733786,0.2648749546595169,1.3968827957093226,-2.291212150956033,-0.3105429950512022
12.0,171.0,1004.1674194335938,-3.463539277557831,-4.725395938019273,-1.4363158006153027,2.1334699404495807,2.7982754155813705,1.7767159887340211,0.2648749546595169,1.3968827957093226,-2.291212157389966,-0.3105429950512089
12.0,171.0,1004.1674194335938,-3.463539277557831,-4.725395937165235,-1.4363158007428931,2.1334699404495807,2.7982754155813705,1.7767159887708073,0.2648749546595169,1.3968827957093226,-2.291212157389966,-0.3105429950513836
12.0,171.0,1004.1674194335938,-3.4635392794540145,-4.725395937987234,-1.436315800743088,2.1334699404495807,2.798293925376849,1.7767159887543738,0.2648749546595125,1.3968827957093226,-2.291212157389966,-0.3105429950513836
12.0,171.0,1004.1674194335938,-3.463539277557831,-4.725395939814057,-1.436315800743088,2.1334699404495807,2.7982754155813705,1.7767159887542958,0.2648749546595169,1.3968827957093226,-2.291212157389966,-0.3105429950513836
12.0,171.0,1004.1674194335938,-3.463539277557831,-4.725395938021503,-1.436315800622839,2.1334699404495807,2.7982754155813705,1.7767159887707749,0.2648749546595169,1.3968827957093226,-2.291212159448847,-0.3105429950512022
12.0,171.0,1004.1674194335938,-3.463539260208179,-4.725395938019273,-1.4363158006257977,2.1334699404495807,2.7982754135851207,1.7767159895066278,0.2648749546595165,1.3968827957093226,-2.291212157389966,-0.3105429950512022
12.0,171.0,1004.1674194335938,-3.463539277557831,-4.725395939814057,-1.436315800743088,2.1334699404495807,2.7982754155813705,1.7767159887542958,0.2648749546595169,1.3968827957093226,-2.291212157389966,-0.3105429950513836
12.0,171.0,1004.1674194335938,-3.4635392794540145,-4.725395937987234,-1.436315800743088,2.1334699404495807,2.798293925376849,1.7767159887543738,0.2648749546595125,1.3968827957093226,-2.291212157389966,-0.3105429950513836
12.0,171.0,1004.1674194335938,-3.463539867399512,-4.725395940094856,-1.4363158007430905,2.1334699404495807,2.7982754155813705,1.7767159887547364,0.2648749546594409,1.3968827957093226,-2.2912123336945927,-0.3105429950513836
12.0,171.0,1004.1674194335938,-3.463539277557831,-4.725395938019273,-1.4363158007428172,2.1334699404495807,2.7982754155813705,1.7767159887345203,0.2648749546594358,1.3968827957093226,-2.291212157389966,-0.3105429950513682
12.0,171.0,1004.1674194335938,-3.463539277557831,-4.725395939814057,-1.4363158007432486,2.1334699404495807,2.7982754155813705,1.7767159887698882,0.2648749546595169,1.3968827957093226,-2.291212157389966,-0.3105429950512986
12.0,171.0,1004.1674194335938,-3.463539277557831,-4.725395939814057,-1.436315800743088,2.1334699404495807,2.7982754155813705,1.7767159887542958,0.2648749546595169,1.3968827957093226,-2.291212157389966,-0.3105429950513931
12.0,171.0,1004.1674194335938,-3.463539838007906,-4.725395939836502,-1.4363158006255503,2.1334699404495807,2.798275415531722,1.7767159887237935,0.264874954659501,1.3968827957093226,-2.291212157389966,-0.3105429950526493
12.0,171.0,1004.1674194335938,-3.4635398300377203,-4.725395938224921,-1.4363158006149028,2.1334699404495807,2.7982773401197822,1.7767159887706545,0.2648749546594789,1.3968827957093226,-2.291212601875652,-0.3105429950517677
12.0,171.0,1004.1674194335938,-3.46353986897168,-4.725395938224921,-1.4363158007431671,2.1334699404495807,2.7982773401197822,1.776715988770659,0.2648749546604703,1.3968827957093226,-2.291207094146736,-0.3105429950263657
12.0,171.0,1004.1674194335938,-3.463539277557831,-4.725395938052213,-1.436315800758749,2.1334699404495807,2.7982754155813705,1.7767159887733786,0.2648749546595169,1.3968827957093226,-2.291212150956033,-0.3105429950513745
12.0,171.0,1004.1674194335938,-3.463539853797943,-4.725395938113519,-1.4363158007447914,2.1334699404495807,2.7982755156329566,1.7767159887191084,0.2648749546595009,1.3968827957093226,-2.291209543252789,-0.3105429950526729
12.0,171.0,1004.1674194335938,-3.4635398300377203,-4.725395938224921,-1.4363158006150694,2.1334699404495807,2.798277234312072,1.7767159887702368,0.2648749546605413,1.3968827957093226,-2.2912121431858727,-0.3105429950259336
12.0,171.0,1004.1674194335938,-3.463539277557831,-4.725395939814057,-1.4363158006167998,2.1334699404495807,2.7982754155813705,1.7767159887548558,0.2648749546595169,1.3968827957093226,-2.291212157389966,-0.3105429950512047
12.0,171.0,1004.1674194335938,-3.463539277557831,-4.725395937986948,-1.436315800743088,2.1334699404495807,2.7982754155813705,1.7767159887631194,0.2648749546595169,1.3968827957093226,-2.291212150982473,-0.3105429950513836
12.0,172.0,1004.1674194335938,-3.463539277557831,-4.725395938019273,-1.436315800622839,2.1334699404495807,2.7982754155813705,1.7767159887340211,0.2648749546595169,1.3968827957093226,-2.291212157389966,-0.3105429950512022
12.0,172.0,1004.1674194335938,-3.463539277557831,-4.725395939814057,-1.436315800743088,2.1334699404495807,2.7982754155813705,1.7767159887542958,0.2648749546595169,1.3968827957093226,-2.291212157389966,-0.3105429950513836
12.0,172.0,1004.1674194335938,-3.463539277557831,-4.725395939814057,-1.436315800743088,2.1334699404495807,2.7982754155813705,1.7767159887542958,0.2648749546595169,1.3968827957093226,-2.291212157389966,-0.3105429950513836
12.0,172.0,1004.1674194335938,-3.463539277557831,-4.725395938019273,-1.436315800622839,2.1334699404495807,2.7982754155813705,1.7767159887340211,0.2648749546595169,1.3968827957093226,-2.291212157389966,-0.3105429950512022
12.0,172.0,1004.1674194335938,-3.463539277557831,-4.725395939814057,-1.436315800743088,2.1334699404495807,2.7982754155813705,1.7767159887542958,0.2648749546595169,1.3968827957093226,-2.291212157389966,-0.3105429950513836
12.0,172.0,1004.1674194335938,-3.4635398300377203,-4.725395938224921,-1.4363158007428922,2.1334699404495807,2.7982773401197822,1.7767159887702368,0.2648749546604703,1.3968827957093226,-2.291207094146736,-0.3105429950263657
12.0,172.0,1004.1674194335938,-3.4635392794540145,-4.725395939805206,-1.436315800743088,2.1334699404495807,2.798293925376849,1.7767159887542958,0.2648749546595125,1.3968827957093226,-2.291212157389966,-0.3105429950513836
12.0,172.0,1004.1674194335938,-3.463539277557831,-4.725395939814057,-1.436315800743088,2.1334699404495807,2.7982754155813705,1.7767159887542958,0.2648749546595169,1.3968827957093226,-2.291212157389966,-0.3105429950513836
12.0,172.0,1004.1674194335938,-3.463539277557831,-4.725395939814057,-1.436315800743088,2.1334699404495807,2.7982754155813705,1.7767159887542958,0.2648749546595169,1.3968827957093226,-2.291212157389966,-0.3105429950513836
12.0,172.0,1004.1674194335938,-3.463539277557831,-4.725395938019273,-1.436315800622839,2.1334699404495807,2.7982754155813705,1.7767159887340211,0.2648749546595169,1.3968827957093226,-2.291212157389966,-0.3105429950512022
12.0,172.0,1004.1674194335938,-3.463539277557831,-4.725395939814057,-1.436315800743088,2.1334699404495807,2.7982754155813705,1.7767159887542958,0.2648749546595169,1.3968827957093226,-2.291212157389966,-0.3105429950513836
12.0,172.0,1004.1674194335938,-3.463539277557831,-4.725395938019273,-1.436315800622839,2.1334699404495807,2.7982754155813705,1.7767159887340211,0.2648749546595169,1.3968827957093226,-2.291212157389966,-0.3105429950512022
12.0,172.0,1004.1674194335938,-3.463539277557831,-4.725395938019273,-1.436315800732415,2.1334699404495807,2.7982754155813705,1.7767159887345203,0.2648749546594385,1.3968827957093226,-2.291212157389966,-0.3105429950512046
12.0,172.0,1004.1674194335938,-3.463539277557831,-4.725395939836502,-1.4363158006255503,2.1334699404495807,2.7982754155813705,1.7767159887542958,0.2648749546595169,1.3968827957093226,-2.291212157389966,-0.3105429950513806
12.0,172.0,1004.1674194335938,-3.4635392794112048,-4.725395939805206,-1.436315800743088,2.1334699404495807,2.798293925376849,1.7767159887542958,0.2648749546595125,1.3968827957093226,-2.291212157389966,-0.3105429950513836
12.0,172.0,1004.1674194335938,-3.4635398687278176,-4.725395939814057,-1.4363158007430905,2.1334699404495807,2.7982754155813705,1.7767159887542958,0.2648749546595169,1.3968827957093226,-2.2912123336945927,-0.3105429950513836
12.0,172.0,1004.1674194335938,-3.463539277557831,-4.725395938232332,-1.436315800622831,2.1334699404495807,2.7982754155813705,1.7767159887695947,0.2648749546595169,1.3968827957093226,-2.2912121881381946,-0.3105429950513833
12.0,172.0,1004.1674194335938,-3.463539836448291,-4.725395938113519,-1.4363158006197612,2.1334699404495807,2.7982755136367072,1.776715989491715,0.2648749546595169,1.3968827957093226,-2.291209543252789,-0.3105429950520684
12.0,172.0,1004.1674194335938,-3.463539277557831,-4.725395939814057,-1.436315800743088,2.1334699404495807,2.798275510298065,1.7767159887542958,0.2648749546595169,1.3968827957093226,-2.291212157389966,-0.3105429950513836
12.0,172.0,1004.1674194335938,-3.463539277557831,-4.725395937996827,-1.4363158007403765,2.1334699404495807,2.7982754155813705,1.7767159887340211,0.2648749546595169,1.3968827957093226,-2.291212157389966,-0.3105429950512052
12.0,172.0,1004.1674194335938,-3.463539277557831,-4.725395939814057,-1.436315800743088,2.1334699404495807,2.7982754155813705,1.776715988753896,0.2648749546595169,1.3968827957093226,-2.291212157389966,-0.3105429950512007
12.0,172.0,1004.1674194335938,-3.463539277557831,-4.725395939814057,-1.4363158006261274,2.1334699404495807,2.7982754155813705,1.7767159887542958,0.2648749546595169,1.3968827957093226,-2.291212157389966,-0.3105429950513836
12.0,172.0,1004.1674194335938,-3.463539277557831,-4.725395938019273,-1.4363158007461418,2.1334699404495807,2.7982754155813705,1.776715988763587,0.2648749546595169,1.3968827957093226,-2.2912121511384704,-0.3105429950513794
12.0,172.0,1004.1674194335938,-3.463539277557831,-4.725395938019273,-1.4363158006234134,2.1334699404495807,2.7982754155813705,1.7767159887327288,0.2648749546595169,1.3968827957093226,-2.291212157389966,-0.3105429950511741
12.0,172.0,1004.1674194335938,-3.463539836448291,-4.725395938113519,-1.4363158007477503,2.1334699404495807,2.7982755136367072,1.776715989491715,0.2648749546595005,1.3968827957093226,-2.291209543252789,-0.3105429950526729
12.0,172.0,1004.1674194335938,-3.4635398687278176,-4.725395939814057,-1.4363158007506265,2.1334699404495807,2.7982754155813705,1.7767159887542958,0.2648749546595169,1.3968827957093226,-2.2912123336945927,-0.3105429950513769
12.0,172.0,1004.1674194335938,-3.4635416219596964,-4.725395939814057,-1.436315800743088,2.1334699404495807,2.7982754155813705,1.776715988753896,0.2648749546595206,1.3968827957093226,-2.291212157389966,-0.3105429950512012
12.0,172.0,1004.1674194335938,-3.463539277557831,-4.725395938019273,-1.4363158006130674,2.1334699404495807,2.7982754155813705,1.7767159887340211,0.2648749546595169,1.3968827957093226,-2.291212157389966,-0.3105429950512022
12.0,172.0,1004.1674194335938,-3.4635398300377203,-4.725395938224921,-1.4363158006149028,2.1334699404495807,2.7982773401197822,1.7767159887702368,0.2648749546604867,1.3968827957093226,-2.291207094146736,-0.310542995025761
12.0,172.0,1004.1674194335938,-3.463539277557831,-4.725395938056315,-1.436315800758749,2.1334699404495807,2.7982754155813705,1.7767159887733786,0.2648749546595169,1.3968827957093226,-2.291212150956033,-0.3105429950512022
12.0,172.0,1004.1674194335938,-3.463539277557831,-4.725395938019273,-1.4363158006153027,2.1334699404495807,2.7982754155813705,1.7767159887340211,0.2648749546595169,1.3968827957093226,-2.291212157389966,-0.3105429950512089
12.0,172.0,1004.1674194335938,-3.463539277557831,-4.725395937165235,-1.4363158007428931,2.1334699404495807,2.7982754155813705,1.7767159887708073,0.2648749546595169,1.3968827957093226,-2.291212157389966,-0.3105429950513836
12.0,172.0,1004.1674194335938,-3.4635392794540145,-4.725395937987234,-1.436315800743088,2.1334699404495807,2.798293925376849,1.7767159887543738,0.2648749546595125,1.3968827957093226,-2.291212157389966,-0.3105429950513836
12.0,172.0,1004.1674194335938,-3.463539277557831,-4.725395939814057,-1.436315800743088,2.1334699404495807,2.7982754155813705,1.7767159887542958,0.2648749546595169,1.3968827957093226,-2.291212157389966,-0.3105429950513836
12.0,172.0,1004.1674194335938,-3.463539277557831,-4.725395938021503,-1.436315800622839,2.1334699404495807,2.7982754155813705,1.7767159887707749,0.2648749546595169,1.3968827957093226,-2.291212159448847,-0.3105429950512022
12.0,172.0,1004.1674194335938,-3.463539260208179,-4.725395938019273,-1.4363158006257977,2.1334699404495807,2.7982754135851207,1.7767159895066278,0.2648749546595165,1.3968827957093226,-2.291212157389966,-0.3105429950512022
12.0,172.0,1004.1674194335938,-3.463539277557831,-4.725395939814057,-1.436315800743088,2.1334699404495807,2.7982754155813705,1.7767159887542958,0.2648749546595169,1.3968827957093226,-2.291212157389966,-0.3105429950513836
12.0,172.0,1004.1674194335938,-3.4635392794540145,-4.725395937987234,-1.436315800743088,2.1334699404495807,2.798293925376849,1.7767159887543738,0.2648749546595125,1.3968827957093226,-2.291212157389966,-0.3105429950513836
12.0,172.0,1004.1674194335938,-3.463539867399512,-4.725395940094856,-1.4363158007430905,2.1334699404495807,2.7982754155813705,1.7767159887547364,0.2648749546594409,1.3968827957093226,-2.2912123336945927,-0.3105429950513836
12.0,172.0,1004.1674194335938,-3.463539277557831,-4.725395938019273,-1.4363158007428172,2.1334699404495807,2.7982754155813705,1.7767159887345203,0.2648749546594358,1.3968827957093226,-2.291212157389966,-0.3105429950513682
12.0,172.0,1004.1674194335938,-3.463539277557831,-4.725395939814057,-1.4363158007432486,2.1334699404495807,2.7982754155813705,1.7767159887698882,0.2648749546595169,1.3968827957093226,-2.291212157389966,-0.3105429950512986
12.0,172.0,1004.1674194335938,-3.463539277557831,-4.725395939814057,-1.436315800743088,2.1334699404495807,2.7982754155813705,1.7767159887542958,0.2648749546595169,1.3968827957093226,-2.291212157389966,-0.3105429950513931
12.0,172.0,1004.1674194335938,-3.463539838007906,-4.725395939836502,-1.4363158006255503,2.1334699404495807,2.798275415531722,1.7767159887237935,0.264874954659501,1.3968827957093226,-2.291212157389966,-0.3105429950526493
12.0,172.0,1004.1674194335938,-3.4635398300377203,-4.725395938224921,-1.4363158006149028,2.1334699404495807,2.7982773401197822,1.7767159887706545,0.2648749546594789,1.3968827957093226,-2.291212601875652,-0.3105429950517677
12.0,172.0,1004.1674194335938,-3.46353986897168,-4.725395938224921,-1.4363158007431671,2.1334699404495807,2.7982773401197822,1.776715988770659,0.2648749546604703,1.3968827957093226,-2.291207094146736,-0.3105429950263657
12.0,172.0,1004.1674194335938,-3.463539277557831,-4.725395938052213,-1.436315800758749,2.1334699404495807,2.7982754155813705,1.7767159887733786,0.2648749546595169,1.3968827957093226,-2.291212150956033,-0.3105429950513745
12.0,172.0,1004.1674194335938,-3.463539853797943,-4.725395938113519,-1.4363158007447914,2.1334699404495807,2.7982755156329566,1.7767159887191084,0.2648749546595009,1.3968827957093226,-2.291209543252789,-0.3105429950526729
12.0,172.0,1004.1674194335938,-3.4635398300377203,-4.725395938224921,-1.4363158006150694,2.1334699404495807,2.798277234312072,1.7767159887702368,0.2648749546605413,1.3968827957093226,-2.2912121431858727,-0.3105429950259336
12.0,172.0,1004.1674194335938,-3.463539277557831,-4.725395939814057,-1.4363158006167998,2.1334699404495807,2.7982754155813705,1.7767159887548558,0.2648749546595169,1.3968827957093226,-2.291212157389966,-0.3105429950512047
12.0,172.0,1004.1674194335938,-3.463539277557831,-4.725395937986948,-1.436315800743088,2.1334699404495807,2.7982754155813705,1.7767159887631194,0.2648749546595169,1.3968827957093226,-2.291212150982473,-0.3105429950513836
12.0,173.0,1004.1674194335938,-3.463539277557831,-4.725395938019273,-1.436315800622839,2.1334699404495807,2.7982754155813705,1.7767159887340211,0.2648749546595169,1.3968827957093226,-2.291212157389966,-0.3105429950512022
12.0,173.0,1004.1674194335938,-3.463539277557831,-4.725395939814057,-1.436315800743088,2.1334699404495807,2.7982754155813705,1.7767159887542958,0.2648749546595169,1.3968827957093226,-2.291212157389966,-0.3105429950513836
12.0,173.0,1004.1674194335938,-3.463539277557831,-4.725395939814057,-1.436315800743088,2.1334699404495807,2.7982754155813705,1.7767159887542958,0.2648749546595169,1.3968827957093226,-2.291212157389966,-0.3105429950513836
12.0,173.0,1004.1674194335938,-3.463539277557831,-4.725395938019273,-1.436315800622839,2.1334699404495807,2.7982754155813705,1.7767159887340211,0.2648749546595169,1.3968827957093226,-2.291212157389966,-0.3105429950512022
12.0,173.0,1004.1674194335938,-3.463539277557831,-4.725395939814057,-1.436315800743088,2.1334699404495807,2.7982754155813705,1.7767159887542958,0.2648749546595169,1.3968827957093226,-2.291212157389966,-0.3105429950513836
12.0,173.0,1004.1674194335938,-3.4635398300377203,-4.725395938224921,-1.4363158007428922,2.1334699404495807,2.7982773401197822,1.7767159887702368,0.2648749546604703,1.3968827957093226,-2.291207094146736,-0.3105429950263657
12.0,173.0,1004.1674194335938,-3.4635392794540145,-4.725395939805206,-1.436315800743088,2.1334699404495807,2.798293925376849,1.7767159887542958,0.2648749546595125,1.3968827957093226,-2.291212157389966,-0.3105429950513836
12.0,173.0,1004.1674194335938,-3.463539277557831,-4.725395939814057,-1.436315800743088,2.1334699404495807,2.7982754155813705,1.7767159887542958,0.2648749546595169,1.3968827957093226,-2.291212157389966,-0.3105429950513836
12.0,173.0,1004.1674194335938,-3.463539277557831,-4.725395939814057,-1.436315800743088,2.1334699404495807,2.7982754155813705,1.7767159887542958,0.2648749546595169,1.3968827957093226,-2.291212157389966,-0.3105429950513836
12.0,173.0,1004.1674194335938,-3.463539277557831,-4.725395938019273,-1.436315800622839,2.1334699404495807,2.7982754155813705,1.7767159887340211,0.2648749546595169,1.3968827957093226,-2.291212157389966,-0.3105429950512022
12.0,173.0,1004.1674194335938,-3.463539277557831,-4.725395939814057,-1.436315800743088,2.1334699404495807,2.7982754155813705,1.7767159887542958,0.2648749546595169,1.3968827957093226,-2.291212157389966,-0.3105429950513836
12.0,173.0,1004.1674194335938,-3.463539277557831,-4.725395938019273,-1.436315800622839,2.1334699404495807,2.7982754155813705,1.7767159887340211,0.2648749546595169,1.3968827957093226,-2.291212157389966,-0.3105429950512022
12.0,173.0,1004.1674194335938,-3.463539277557831,-4.725395938019273,-1.436315800732415,2.1334699404495807,2.7982754155813705,1.7767159887345203,0.2648749546594385,1.3968827957093226,-2.291212157389966,-0.3105429950512046
12.0,173.0,1004.1674194335938,-3.463539277557831,-4.725395939836502,-1.4363158006255503,2.1334699404495807,2.7982754155813705,1.7767159887542958,0.2648749546595169,1.3968827957093226,-2.291212157389966,-0.3105429950513806
12.0,173.0,1004.1674194335938,-3.4635392794112048,-4.725395939805206,-1.436315800743088,2.1334699404495807,2.798293925376849,1.7767159887542958,0.2648749546595125,1.3968827957093226,-2.291212157389966,-0.3105429950513836
12.0,173.0,1004.1674194335938,-3.4635398687278176,-4.725395939814057,-1.4363158007430905,2.1334699404495807,2.7982754155813705,1.7767159887542958,0.2648749546595169,1.3968827957093226,-2.2912123336945927,-0.3105429950513836
12.0,173.0,1004.1674194335938,-3.463539277557831,-4.725395938232332,-1.436315800622831,2.1334699404495807,2.7982754155813705,1.7767159887695947,0.2648749546595169,1.3968827957093226,-2.2912121881381946,-0.3105429950513833
12.0,173.0,1004.1674194335938,-3.463539836448291,-4.725395938113519,-1.4363158006197612,2.1334699404495807,2.7982755136367072,1.776715989491715,0.2648749546595169,1.3968827957093226,-2.291209543252789,-0.3105429950520684
12.0,173.0,1004.1674194335938,-3.463539277557831,-4.725395939814057,-1.436315800743088,2.1334699404495807,2.798275510298065,1.7767159887542958,0.2648749546595169,1.3968827957093226,-2.291212157389966,-0.3105429950513836
12.0,173.0,1004.1674194335938,-3.463539277557831,-4.725395937996827,-1.4363158007403765,2.1334699404495807,2.7982754155813705,1.7767159887340211,0.2648749546595169,1.3968827957093226,-2.291212157389966,-0.3105429950512052
12.0,173.0,1004.1674194335938,-3.463539277557831,-4.725395939814057,-1.436315800743088,2.1334699404495807,2.7982754155813705,1.776715988753896,0.2648749546595169,1.3968827957093226,-2.291212157389966,-0.3105429950512007
12.0,173.0,1004.1674194335938,-3.463539277557831,-4.725395939814057,-1.4363158006261274,2.1334699404495807,2.7982754155813705,1.7767159887542958,0.2648749546595169,1.3968827957093226,-2.291212157389966,-0.3105429950513836
12.0,173.0,1004.1674194335938,-3.463539277557831,-4.725395938019273,-1.4363158007461418,2.1334699404495807,2.7982754155813705,1.776715988763587,0.2648749546595169,1.3968827957093226,-2.2912121511384704,-0.3105429950513794
12.0,173.0,1004.1674194335938,-3.463539277557831,-4.725395938019273,-1.4363158006234134,2.1334699404495807,2.7982754155813705,1.7767159887327288,0.2648749546595169,1.3968827957093226,-2.291212157389966,-0.3105429950511741
12.0,173.0,1004.1674194335938,-3.463539836448291,-4.725395938113519,-1.4363158007477503,2.1334699404495807,2.7982755136367072,1.776715989491715,0.2648749546595005,1.3968827957093226,-2.291209543252789,-0.3105429950526729
12.0,173.0,1004.1674194335938,-3.4635398687278176,-4.725395939814057,-1.4363158007506265,2.1334699404495807,2.7982754155813705,1.7767159887542958,0.2648749546595169,1.3968827957093226,-2.2912123336945927,-0.3105429950513769
12.0,173.0,1004.1674194335938,-3.4635416219596964,-4.725395939814057,-1.436315800743088,2.1334699404495807,2.7982754155813705,1.776715988753896,0.2648749546595206,1.3968827957093226,-2.291212157389966,-0.3105429950512012
12.0,173.0,1004.1674194335938,-3.463539277557831,-4.725395938019273,-1.4363158006130674,2.1334699404495807,2.7982754155813705,1.7767159887340211,0.2648749546595169,1.3968827957093226,-2.291212157389966,-0.3105429950512022
12.0,173.0,1004.1674194335938,-3.4635398300377203,-4.725395938224921,-1.4363158006149028,2.1334699404495807,2.7982773401197822,1.7767159887702368,0.2648749546604867,1.3968827957093226,-2.291207094146736,-0.310542995025761
12.0,173.0,1004.1674194335938,-3.463539277557831,-4.725395938056315,-1.436315800758749,2.1334699404495807,2.7982754155813705,1.7767159887733786,0.2648749546595169,1.3968827957093226,-2.291212150956033,-0.3105429950512022
12.0,173.0,1004.1674194335938,-3.463539277557831,-4.725395938019273,-1.4363158006153027,2.1334699404495807,2.7982754155813705,1.7767159887340211,0.2648749546595169,1.3968827957093226,-2.291212157389966,-0.3105429950512089
12.0,173.0,1004.1674194335938,-3.463539277557831,-4.725395937165235,-1.4363158007428931,2.1334699404495807,2.7982754155813705,1.7767159887708073,0.2648749546595169,1.3968827957093226,-2.291212157389966,-0.3105429950513836
12.0,173.0,1004.1674194335938,-3.4635392794540145,-4.725395937987234,-1.436315800743088,2.1334699404495807,2.798293925376849,1.7767159887543738,0.2648749546595125,1.3968827957093226,-2.291212157389966,-0.3105429950513836
12.0,173.0,1004.1674194335938,-3.463539277557831,-4.725395939814057,-1.436315800743088,2.1334699404495807,2.7982754155813705,1.7767159887542958,0.2648749546595169,1.3968827957093226,-2.291212157389966,-0.3105429950513836
12.0,173.0,1004.1674194335938,-3.463539277557831,-4.725395938021503,-1.436315800622839,2.1334699404495807,2.7982754155813705,1.7767159887707749,0.2648749546595169,1.3968827957093226,-2.291212159448847,-0.3105429950512022
12.0,173.0,1004.1674194335938,-3.463539260208179,-4.725395938019273,-1.4363158006257977,2.1334699404495807,2.7982754135851207,1.7767159895066278,0.2648749546595165,1.3968827957093226,-2.291212157389966,-0.3105429950512022
12.0,173.0,1004.1674194335938,-3.463539277557831,-4.725395939814057,-1.436315800743088,2.1334699404495807,2.7982754155813705,1.7767159887542958,0.2648749546595169,1.3968827957093226,-2.291212157389966,-0.3105429950513836
12.0,173.0,1004.1674194335938,-3.4635392794540145,-4.725395937987234,-1.436315800743088,2.1334699404495807,2.798293925376849,1.7767159887543738,0.2648749546595125,1.3968827957093226,-2.291212157389966,-0.3105429950513836
12.0,173.0,1004.1674194335938,-3.463539867399512,-4.725395940094856,-1.4363158007430905,2.1334699404495807,2.7982754155813705,1.7767159887547364,0.2648749546594409,1.3968827957093226,-2.2912123336945927,-0.3105429950513836
12.0,173.0,1004.1674194335938,-3.463539277557831,-4.725395938019273,-1.4363158007428172,2.1334699404495807,2.7982754155813705,1.7767159887345203,0.2648749546594358,1.3968827957093226,-2.291212157389966,-0.3105429950513682
12.0,173.0,1004.1674194335938,-3.463539277557831,-4.725395939814057,-1.4363158007432486,2.1334699404495807,2.7982754155813705,1.7767159887698882,0.2648749546595169,1.3968827957093226,-2.291212157389966,-0.3105429950512986
12.0,173.0,1004.1674194335938,-3.463539277557831,-4.725395939814057,-1.436315800743088,2.1334699404495807,2.7982754155813705,1.7767159887542958,0.2648749546595169,1.3968827957093226,-2.291212157389966,-0.3105429950513931
12.0,173.0,1004.1674194335938,-3.463539838007906,-4.725395939836502,-1.4363158006255503,2.1334699404495807,2.798275415531722,1.7767159887237935,0.264874954659501,1.3968827957093226,-2.291212157389966,-0.3105429950526493
12.0,173.0,1004.1674194335938,-3.4635398300377203,-4.725395938224921,-1.4363158006149028,2.1334699404495807,2.7982773401197822,1.7767159887706545,0.2648749546594789,1.3968827957093226,-2.291212601875652,-0.3105429950517677
12.0,173.0,1004.1674194335938,-3.46353986897168,-4.725395938224921,-1.4363158007431671,2.1334699404495807,2.7982773401197822,1.776715988770659,0.2648749546604703,1.3968827957093226,-2.291207094146736,-0.3105429950263657
12.0,173.0,1004.1674194335938,-3.463539277557831,-4.725395938052213,-1.436315800758749,2.1334699404495807,2.7982754155813705,1.7767159887733786,0.2648749546595169,1.3968827957093226,-2.291212150956033,-0.3105429950513745
12.0,173.0,1004.1674194335938,-3.463539853797943,-4.725395938113519,-1.4363158007447914,2.1334699404495807,2.7982755156329566,1.7767159887191084,0.2648749546595009,1.3968827957093226,-2.291209543252789,-0.3105429950526729
12.0,173.0,1004.1674194335938,-3.4635398300377203,-4.725395938224921,-1.4363158006150694,2.1334699404495807,2.798277234312072,1.7767159887702368,0.2648749546605413,1.3968827957093226,-2.2912121431858727,-0.3105429950259336
12.0,173.0,1004.1674194335938,-3.463539277557831,-4.725395939814057,-1.4363158006167998,2.1334699404495807,2.7982754155813705,1.7767159887548558,0.2648749546595169,1.3968827957093226,-2.291212157389966,-0.3105429950512047
12.0,173.0,1004.1674194335938,-3.463539277557831,-4.725395937986948,-1.436315800743088,2.1334699404495807,2.7982754155813705,1.7767159887631194,0.2648749546595169,1.3968827957093226,-2.291212150982473,-0.3105429950513836
12.0,174.0,1004.1674194335938,-3.463539277557831,-4.725395938019273,-1.436315800622839,2.1334699404495807,2.7982754155813705,1.7767159887340211,0.2648749546595169,1.3968827957093226,-2.291212157389966,-0.3105429950512022
12.0,174.0,1004.1674194335938,-3.463539277557831,-4.725395939814057,-1.436315800743088,2.1334699404495807,2.7982754155813705,1.7767159887542958,0.2648749546595169,1.3968827957093226,-2.291212157389966,-0.3105429950513836
12.0,174.0,1004.1674194335938,-3.463539277557831,-4.725395939814057,-1.436315800743088,2.1334699404495807,2.7982754155813705,1.7767159887542958,0.2648749546595169,1.3968827957093226,-2.291212157389966,-0.3105429950513836
12.0,174.0,1004.1674194335938,-3.463539277557831,-4.725395938019273,-1.436315800622839,2.1334699404495807,2.7982754155813705,1.7767159887340211,0.2648749546595169,1.3968827957093226,-2.291212157389966,-0.3105429950512022
12.0,174.0,1004.1674194335938,-3.463539277557831,-4.725395939814057,-1.436315800743088,2.1334699404495807,2.7982754155813705,1.7767159887542958,0.2648749546595169,1.3968827957093226,-2.291212157389966,-0.3105429950513836
12.0,174.0,1004.1674194335938,-3.4635398300377203,-4.725395938224921,-1.4363158007428922,2.1334699404495807,2.7982773401197822,1.7767159887702368,0.2648749546604703,1.3968827957093226,-2.291207094146736,-0.3105429950263657
12.0,174.0,1004.1674194335938,-3.4635392794540145,-4.725395939805206,-1.436315800743088,2.1334699404495807,2.798293925376849,1.7767159887542958,0.2648749546595125,1.3968827957093226,-2.291212157389966,-0.3105429950513836
12.0,174.0,1004.1674194335938,-3.463539277557831,-4.725395939814057,-1.436315800743088,2.1334699404495807,2.7982754155813705,1.7767159887542958,0.2648749546595169,1.3968827957093226,-2.291212157389966,-0.3105429950513836
12.0,174.0,1004.1674194335938,-3.463539277557831,-4.725395939814057,-1.436315800743088,2.1334699404495807,2.7982754155813705,1.7767159887542958,0.2648749546595169,1.3968827957093226,-2.291212157389966,-0.3105429950513836
12.0,174.0,1004.1674194335938,-3.463539277557831,-4.725395938019273,-1.436315800622839,2.1334699404495807,2.7982754155813705,1.7767159887340211,0.2648749546595169,1.3968827957093226,-2.291212157389966,-0.3105429950512022
12.0,174.0,1004.1674194335938,-3.463539277557831,-4.725395939814057,-1.436315800743088,2.1334699404495807,2.7982754155813705,1.7767159887542958,0.2648749546595169,1.3968827957093226,-2.291212157389966,-0.3105429950513836
12.0,174.0,1004.1674194335938,-3.463539277557831,-4.725395938019273,-1.436315800622839,2.1334699404495807,2.7982754155813705,1.7767159887340211,0.2648749546595169,1.3968827957093226,-2.291212157389966,-0.3105429950512022
12.0,174.0,1004.1674194335938,-3.463539277557831,-4.725395938019273,-1.436315800732415,2.1334699404495807,2.7982754155813705,1.7767159887345203,0.2648749546594385,1.3968827957093226,-2.291212157389966,-0.3105429950512046
12.0,174.0,1004.1674194335938,-3.463539277557831,-4.725395939836502,-1.4363158006255503,2.1334699404495807,2.7982754155813705,1.7767159887542958,0.2648749546595169,1.3968827957093226,-2.291212157389966,-0.3105429950513806
12.0,174.0,1004.1674194335938,-3.4635392794112048,-4.725395939805206,-1.436315800743088,2.1334699404495807,2.798293925376849,1.7767159887542958,0.2648749546595125,1.3968827957093226,-2.291212157389966,-0.3105429950513836
12.0,174.0,1004.1674194335938,-3.4635398687278176,-4.725395939814057,-1.4363158007430905,2.1334699404495807,2.7982754155813705,1.7767159887542958,0.2648749546595169,1.3968827957093226,-2.2912123336945927,-0.3105429950513836
12.0,174.0,1004.1674194335938,-3.463539277557831,-4.725395938232332,-1.436315800622831,2.1334699404495807,2.7982754155813705,1.7767159887695947,0.2648749546595169,1.3968827957093226,-2.2912121881381946,-0.3105429950513833
12.0,174.0,1004.1674194335938,-3.463539836448291,-4.725395938113519,-1.4363158006197612,2.1334699404495807,2.7982755136367072,1.776715989491715,0.2648749546595169,1.3968827957093226,-2.291209543252789,-0.3105429950520684
12.0,174.0,1004.1674194335938,-3.463539277557831,-4.725395939814057,-1.436315800743088,2.1334699404495807,2.798275510298065,1.7767159887542958,0.2648749546595169,1.3968827957093226,-2.291212157389966,-0.3105429950513836
12.0,174.0,1004.1674194335938,-3.463539277557831,-4.725395937996827,-1.4363158007403765,2.1334699404495807,2.7982754155813705,1.7767159887340211,0.2648749546595169,1.3968827957093226,-2.291212157389966,-0.3105429950512052
12.0,174.0,1004.1674194335938,-3.463539277557831,-4.725395939814057,-1.436315800743088,2.1334699404495807,2.7982754155813705,1.776715988753896,0.2648749546595169,1.3968827957093226,-2.291212157389966,-0.3105429950512007
12.0,174.0,1004.1674194335938,-3.463539277557831,-4.725395939814057,-1.4363158006261274,2.1334699404495807,2.7982754155813705,1.7767159887542958,0.2648749546595169,1.3968827957093226,-2.291212157389966,-0.3105429950513836
12.0,174.0,1004.1674194335938,-3.463539277557831,-4.725395938019273,-1.4363158007461418,2.1334699404495807,2.7982754155813705,1.776715988763587,0.2648749546595169,1.3968827957093226,-2.2912121511384704,-0.3105429950513794
12.0,174.0,1004.1674194335938,-3.463539277557831,-4.725395938019273,-1.4363158006234134,2.1334699404495807,2.7982754155813705,1.7767159887327288,0.2648749546595169,1.3968827957093226,-2.291212157389966,-0.3105429950511741
12.0,174.0,1004.1674194335938,-3.463539836448291,-4.725395938113519,-1.4363158007477503,2.1334699404495807,2.7982755136367072,1.776715989491715,0.2648749546595005,1.3968827957093226,-2.291209543252789,-0.3105429950526729
12.0,174.0,1004.1674194335938,-3.4635398687278176,-4.725395939814057,-1.4363158007506265,2.1334699404495807,2.7982754155813705,1.7767159887542958,0.2648749546595169,1.3968827957093226,-2.2912123336945927,-0.3105429950513769
12.0,174.0,1004.1674194335938,-3.4635416219596964,-4.725395939814057,-1.436315800743088,2.1334699404495807,2.7982754155813705,1.776715988753896,0.2648749546595206,1.3968827957093226,-2.291212157389966,-0.3105429950512012
12.0,174.0,1004.1674194335938,-3.463539277557831,-4.725395938019273,-1.4363158006130674,2.1334699404495807,2.7982754155813705,1.7767159887340211,0.2648749546595169,1.3968827957093226,-2.291212157389966,-0.3105429950512022
12.0,174.0,1004.1674194335938,-3.4635398300377203,-4.725395938224921,-1.4363158006149028,2.1334699404495807,2.7982773401197822,1.7767159887702368,0.2648749546604867,1.3968827957093226,-2.291207094146736,-0.310542995025761
12.0,174.0,1004.1674194335938,-3.463539277557831,-4.725395938056315,-1.436315800758749,2.1334699404495807,2.7982754155813705,1.7767159887733786,0.2648749546595169,1.3968827957093226,-2.291212150956033,-0.3105429950512022
12.0,174.0,1004.1674194335938,-3.463539277557831,-4.725395938019273,-1.4363158006153027,2.1334699404495807,2.7982754155813705,1.7767159887340211,0.2648749546595169,1.3968827957093226,-2.291212157389966,-0.3105429950512089
12.0,174.0,1004.1674194335938,-3.463539277557831,-4.725395937165235,-1.4363158007428931,2.1334699404495807,2.7982754155813705,1.7767159887708073,0.2648749546595169,1.3968827957093226,-2.291212157389966,-0.3105429950513836
12.0,174.0,1004.1674194335938,-3.4635392794540145,-4.725395937987234,-1.436315800743088,2.1334699404495807,2.798293925376849,1.7767159887543738,0.2648749546595125,1.3968827957093226,-2.291212157389966,-0.3105429950513836
12.0,174.0,1004.1674194335938,-3.463539277557831,-4.725395939814057,-1.436315800743088,2.1334699404495807,2.7982754155813705,1.7767159887542958,0.2648749546595169,1.3968827957093226,-2.291212157389966,-0.3105429950513836
12.0,174.0,1004.1674194335938,-3.463539277557831,-4.725395938021503,-1.436315800622839,2.1334699404495807,2.7982754155813705,1.7767159887707749,0.2648749546595169,1.3968827957093226,-2.291212159448847,-0.3105429950512022
12.0,174.0,1004.1674194335938,-3.463539260208179,-4.725395938019273,-1.4363158006257977,2.1334699404495807,2.7982754135851207,1.7767159895066278,0.2648749546595165,1.3968827957093226,-2.291212157389966,-0.3105429950512022
12.0,174.0,1004.1674194335938,-3.463539277557831,-4.725395939814057,-1.436315800743088,2.1334699404495807,2.7982754155813705,1.7767159887542958,0.2648749546595169,1.3968827957093226,-2.291212157389966,-0.3105429950513836
12.0,174.0,1004.1674194335938,-3.4635392794540145,-4.725395937987234,-1.436315800743088,2.1334699404495807,2.798293925376849,1.7767159887543738,0.2648749546595125,1.3968827957093226,-2.291212157389966,-0.3105429950513836
12.0,174.0,1004.1674194335938,-3.463539867399512,-4.725395940094856,-1.4363158007430905,2.1334699404495807,2.7982754155813705,1.7767159887547364,0.2648749546594409,1.3968827957093226,-2.2912123336945927,-0.3105429950513836
12.0,174.0,1004.1674194335938,-3.463539277557831,-4.725395938019273,-1.4363158007428172,2.1334699404495807,2.7982754155813705,1.7767159887345203,0.2648749546594358,1.3968827957093226,-2.291212157389966,-0.3105429950513682
12.0,174.0,1004.1674194335938,-3.463539277557831,-4.725395939814057,-1.4363158007432486,2.1334699404495807,2.7982754155813705,1.7767159887698882,0.2648749546595169,1.3968827957093226,-2.291212157389966,-0.3105429950512986
12.0,174.0,1004.1674194335938,-3.463539277557831,-4.725395939814057,-1.436315800743088,2.1334699404495807,2.7982754155813705,1.7767159887542958,0.2648749546595169,1.3968827957093226,-2.291212157389966,-0.3105429950513931
12.0,174.0,1004.1674194335938,-3.463539838007906,-4.725395939836502,-1.4363158006255503,2.1334699404495807,2.798275415531722,1.7767159887237935,0.264874954659501,1.3968827957093226,-2.291212157389966,-0.3105429950526493
12.0,174.0,1004.1674194335938,-3.4635398300377203,-4.725395938224921,-1.4363158006149028,2.1334699404495807,2.7982773401197822,1.7767159887706545,0.2648749546594789,1.3968827957093226,-2.291212601875652,-0.3105429950517677
12.0,174.0,1004.1674194335938,-3.46353986897168,-4.725395938224921,-1.4363158007431671,2.1334699404495807,2.7982773401197822,1.776715988770659,0.2648749546604703,1.3968827957093226,-2.291207094146736,-0.3105429950263657
12.0,174.0,1004.1674194335938,-3.463539277557831,-4.725395938052213,-1.436315800758749,2.1334699404495807,2.7982754155813705,1.7767159887733786,0.2648749546595169,1.3968827957093226,-2.291212150956033,-0.3105429950513745
12.0,174.0,1004.1674194335938,-3.463539853797943,-4.725395938113519,-1.4363158007447914,2.1334699404495807,2.7982755156329566,1.7767159887191084,0.2648749546595009,1.3968827957093226,-2.291209543252789,-0.3105429950526729
12.0,174.0,1004.1674194335938,-3.4635398300377203,-4.725395938224921,-1.4363158006150694,2.1334699404495807,2.798277234312072,1.7767159887702368,0.2648749546605413,1.3968827957093226,-2.2912121431858727,-0.3105429950259336
12.0,174.0,1004.1674194335938,-3.463539277557831,-4.725395939814057,-1.4363158006167998,2.1334699404495807,2.7982754155813705,1.7767159887548558,0.2648749546595169,1.3968827957093226,-2.291212157389966,-0.3105429950512047
12.0,174.0,1004.1674194335938,-3.463539277557831,-4.725395937986948,-1.436315800743088,2.1334699404495807,2.7982754155813705,1.7767159887631194,0.2648749546595169,1.3968827957093226,-2.291212150982473,-0.3105429950513836
12.0,175.0,1004.1674194335938,-3.463539277557831,-4.725395938019273,-1.436315800622839,2.1334699404495807,2.7982754155813705,1.7767159887340211,0.2648749546595169,1.3968827957093226,-2.291212157389966,-0.3105429950512022
12.0,175.0,1004.1674194335938,-3.463539277557831,-4.725395939814057,-1.436315800743088,2.1334699404495807,2.7982754155813705,1.7767159887542958,0.2648749546595169,1.3968827957093226,-2.291212157389966,-0.3105429950513836
12.0,175.0,1004.1674194335938,-3.463539277557831,-4.725395939814057,-1.436315800743088,2.1334699404495807,2.7982754155813705,1.7767159887542958,0.2648749546595169,1.3968827957093226,-2.291212157389966,-0.3105429950513836
12.0,175.0,1004.1674194335938,-3.463539277557831,-4.725395938019273,-1.436315800622839,2.1334699404495807,2.7982754155813705,1.7767159887340211,0.2648749546595169,1.3968827957093226,-2.291212157389966,-0.3105429950512022
12.0,175.0,1004.1674194335938,-3.463539277557831,-4.725395939814057,-1.436315800743088,2.1334699404495807,2.7982754155813705,1.7767159887542958,0.2648749546595169,1.3968827957093226,-2.291212157389966,-0.3105429950513836
12.0,175.0,1004.1674194335938,-3.4635398300377203,-4.725395938224921,-1.4363158007428922,2.1334699404495807,2.7982773401197822,1.7767159887702368,0.2648749546604703,1.3968827957093226,-2.291207094146736,-0.3105429950263657
12.0,175.0,1004.1674194335938,-3.4635392794540145,-4.725395939805206,-1.436315800743088,2.1334699404495807,2.798293925376849,1.7767159887542958,0.2648749546595125,1.3968827957093226,-2.291212157389966,-0.3105429950513836
12.0,175.0,1004.1674194335938,-3.463539277557831,-4.725395939814057,-1.436315800743088,2.1334699404495807,2.7982754155813705,1.7767159887542958,0.2648749546595169,1.3968827957093226,-2.291212157389966,-0.3105429950513836
12.0,175.0,1004.1674194335938,-3.463539277557831,-4.725395939814057,-1.436315800743088,2.1334699404495807,2.7982754155813705,1.7767159887542958,0.2648749546595169,1.3968827957093226,-2.291212157389966,-0.3105429950513836
12.0,175.0,1004.1674194335938,-3.463539277557831,-4.725395938019273,-1.436315800622839,2.1334699404495807,2.7982754155813705,1.7767159887340211,0.2648749546595169,1.3968827957093226,-2.291212157389966,-0.3105429950512022
12.0,175.0,1004.1674194335938,-3.463539277557831,-4.725395939814057,-1.436315800743088,2.1334699404495807,2.7982754155813705,1.7767159887542958,0.2648749546595169,1.3968827957093226,-2.291212157389966,-0.3105429950513836
12.0,175.0,1004.1674194335938,-3.463539277557831,-4.725395938019273,-1.436315800622839,2.1334699404495807,2.7982754155813705,1.7767159887340211,0.2648749546595169,1.3968827957093226,-2.291212157389966,-0.3105429950512022
12.0,175.0,1004.1674194335938,-3.463539277557831,-4.725395938019273,-1.436315800732415,2.1334699404495807,2.7982754155813705,1.7767159887345203,0.2648749546594385,1.3968827957093226,-2.291212157389966,-0.3105429950512046
12.0,175.0,1004.1674194335938,-3.463539277557831,-4.725395939836502,-1.4363158006255503,2.1334699404495807,2.7982754155813705,1.7767159887542958,0.2648749546595169,1.3968827957093226,-2.291212157389966,-0.3105429950513806
12.0,175.0,1004.1674194335938,-3.4635392794112048,-4.725395939805206,-1.436315800743088,2.1334699404495807,2.798293925376849,1.7767159887542958,0.2648749546595125,1.3968827957093226,-2.291212157389966,-0.3105429950513836
12.0,175.0,1004.1674194335938,-3.4635398687278176,-4.725395939814057,-1.4363158007430905,2.1334699404495807,2.7982754155813705,1.7767159887542958,0.2648749546595169,1.3968827957093226,-2.2912123336945927,-0.3105429950513836
12.0,175.0,1004.1674194335938,-3.463539277557831,-4.725395938232332,-1.436315800622831,2.1334699404495807,2.7982754155813705,1.7767159887695947,0.2648749546595169,1.3968827957093226,-2.2912121881381946,-0.3105429950513833
12.0,175.0,1004.1674194335938,-3.463539836448291,-4.725395938113519,-1.4363158006197612,2.1334699404495807,2.7982755136367072,1.776715989491715,0.2648749546595169,1.3968827957093226,-2.291209543252789,-0.3105429950520684
12.0,175.0,1004.1674194335938,-3.463539277557831,-4.725395939814057,-1.436315800743088,2.1334699404495807,2.798275510298065,1.7767159887542958,0.2648749546595169,1.3968827957093226,-2.291212157389966,-0.3105429950513836
12.0,175.0,1004.1674194335938,-3.463539277557831,-4.725395937996827,-1.4363158007403765,2.1334699404495807,2.7982754155813705,1.7767159887340211,0.2648749546595169,1.3968827957093226,-2.291212157389966,-0.3105429950512052
12.0,175.0,1004.1674194335938,-3.463539277557831,-4.725395939814057,-1.436315800743088,2.1334699404495807,2.7982754155813705,1.776715988753896,0.2648749546595169,1.3968827957093226,-2.291212157389966,-0.3105429950512007
12.0,175.0,1004.1674194335938,-3.463539277557831,-4.725395939814057,-1.4363158006261274,2.1334699404495807,2.7982754155813705,1.7767159887542958,0.2648749546595169,1.3968827957093226,-2.291212157389966,-0.3105429950513836
12.0,175.0,1004.1674194335938,-3.463539277557831,-4.725395938019273,-1.4363158007461418,2.1334699404495807,2.7982754155813705,1.776715988763587,0.2648749546595169,1.3968827957093226,-2.2912121511384704,-0.3105429950513794
12.0,175.0,1004.1674194335938,-3.463539277557831,-4.725395938019273,-1.4363158006234134,2.1334699404495807,2.7982754155813705,1.7767159887327288,0.2648749546595169,1.3968827957093226,-2.291212157389966,-0.3105429950511741
12.0,175.0,1004.1674194335938,-3.463539836448291,-4.725395938113519,-1.4363158007477503,2.1334699404495807,2.7982755136367072,1.776715989491715,0.2648749546595005,1.3968827957093226,-2.291209543252789,-0.3105429950526729
12.0,175.0,1004.1674194335938,-3.4635398687278176,-4.725395939814057,-1.4363158007506265,2.1334699404495807,2.7982754155813705,1.7767159887542958,0.2648749546595169,1.3968827957093226,-2.2912123336945927,-0.3105429950513769
12.0,175.0,1004.1674194335938,-3.4635416219596964,-4.725395939814057,-1.436315800743088,2.1334699404495807,2.7982754155813705,1.776715988753896,0.2648749546595206,1.3968827957093226,-2.291212157389966,-0.3105429950512012
12.0,175.0,1004.1674194335938,-3.463539277557831,-4.725395938019273,-1.4363158006130674,2.1334699404495807,2.7982754155813705,1.7767159887340211,0.2648749546595169,1.3968827957093226,-2.291212157389966,-0.3105429950512022
12.0,175.0,1004.1674194335938,-3.4635398300377203,-4.725395938224921,-1.4363158006149028,2.1334699404495807,2.7982773401197822,1.7767159887702368,0.2648749546604867,1.3968827957093226,-2.291207094146736,-0.310542995025761
12.0,175.0,1004.1674194335938,-3.463539277557831,-4.725395938056315,-1.436315800758749,2.1334699404495807,2.7982754155813705,1.7767159887733786,0.2648749546595169,1.3968827957093226,-2.291212150956033,-0.3105429950512022
12.0,175.0,1004.1674194335938,-3.463539277557831,-4.725395938019273,-1.4363158006153027,2.1334699404495807,2.7982754155813705,1.7767159887340211,0.2648749546595169,1.3968827957093226,-2.291212157389966,-0.3105429950512089
12.0,175.0,1004.1674194335938,-3.463539277557831,-4.725395937165235,-1.4363158007428931,2.1334699404495807,2.7982754155813705,1.7767159887708073,0.2648749546595169,1.3968827957093226,-2.291212157389966,-0.3105429950513836
12.0,175.0,1004.1674194335938,-3.4635392794540145,-4.725395937987234,-1.436315800743088,2.1334699404495807,2.798293925376849,1.7767159887543738,0.2648749546595125,1.3968827957093226,-2.291212157389966,-0.3105429950513836
12.0,175.0,1004.1674194335938,-3.463539277557831,-4.725395939814057,-1.436315800743088,2.1334699404495807,2.7982754155813705,1.7767159887542958,0.2648749546595169,1.3968827957093226,-2.291212157389966,-0.3105429950513836
12.0,175.0,1004.1674194335938,-3.463539277557831,-4.725395938021503,-1.436315800622839,2.1334699404495807,2.7982754155813705,1.7767159887707749,0.2648749546595169,1.3968827957093226,-2.291212159448847,-0.3105429950512022
12.0,175.0,1004.1674194335938,-3.463539260208179,-4.725395938019273,-1.4363158006257977,2.1334699404495807,2.7982754135851207,1.7767159895066278,0.2648749546595165,1.3968827957093226,-2.291212157389966,-0.3105429950512022
12.0,175.0,1004.1674194335938,-3.463539277557831,-4.725395939814057,-1.436315800743088,2.1334699404495807,2.7982754155813705,1.7767159887542958,0.2648749546595169,1.3968827957093226,-2.291212157389966,-0.3105429950513836
12.0,175.0,1004.1674194335938,-3.4635392794540145,-4.725395937987234,-1.436315800743088,2.1334699404495807,2.798293925376849,1.7767159887543738,0.2648749546595125,1.3968827957093226,-2.291212157389966,-0.3105429950513836
12.0,175.0,1004.1674194335938,-3.463539867399512,-4.725395940094856,-1.4363158007430905,2.1334699404495807,2.7982754155813705,1.7767159887547364,0.2648749546594409,1.3968827957093226,-2.2912123336945927,-0.3105429950513836
12.0,175.0,1004.1674194335938,-3.463539277557831,-4.725395938019273,-1.4363158007428172,2.1334699404495807,2.7982754155813705,1.7767159887345203,0.2648749546594358,1.3968827957093226,-2.291212157389966,-0.3105429950513682
12.0,175.0,1004.1674194335938,-3.463539277557831,-4.725395939814057,-1.4363158007432486,2.1334699404495807,2.7982754155813705,1.7767159887698882,0.2648749546595169,1.3968827957093226,-2.291212157389966,-0.3105429950512986
12.0,175.0,1004.1674194335938,-3.463539277557831,-4.725395939814057,-1.436315800743088,2.1334699404495807,2.7982754155813705,1.7767159887542958,0.2648749546595169,1.3968827957093226,-2.291212157389966,-0.3105429950513931
12.0,175.0,1004.1674194335938,-3.463539838007906,-4.725395939836502,-1.4363158006255503,2.1334699404495807,2.798275415531722,1.7767159887237935,0.264874954659501,1.3968827957093226,-2.291212157389966,-0.3105429950526493
12.0,175.0,1004.1674194335938,-3.4635398300377203,-4.725395938224921,-1.4363158006149028,2.1334699404495807,2.7982773401197822,1.7767159887706545,0.2648749546594789,1.3968827957093226,-2.291212601875652,-0.3105429950517677
12.0,175.0,1004.1674194335938,-3.46353986897168,-4.725395938224921,-1.4363158007431671,2.1334699404495807,2.7982773401197822,1.776715988770659,0.2648749546604703,1.3968827957093226,-2.291207094146736,-0.3105429950263657
12.0,175.0,1004.1674194335938,-3.463539277557831,-4.725395938052213,-1.436315800758749,2.1334699404495807,2.7982754155813705,1.7767159887733786,0.2648749546595169,1.3968827957093226,-2.291212150956033,-0.3105429950513745
12.0,175.0,1004.1674194335938,-3.463539853797943,-4.725395938113519,-1.4363158007447914,2.1334699404495807,2.7982755156329566,1.7767159887191084,0.2648749546595009,1.3968827957093226,-2.291209543252789,-0.3105429950526729
12.0,175.0,1004.1674194335938,-3.4635398300377203,-4.725395938224921,-1.4363158006150694,2.1334699404495807,2.798277234312072,1.7767159887702368,0.2648749546605413,1.3968827957093226,-2.2912121431858727,-0.3105429950259336
12.0,175.0,1004.1674194335938,-3.463539277557831,-4.725395939814057,-1.4363158006167998,2.1334699404495807,2.7982754155813705,1.7767159887548558,0.2648749546595169,1.3968827957093226,-2.291212157389966,-0.3105429950512047
12.0,175.0,1004.1674194335938,-3.463539277557831,-4.725395937986948,-1.436315800743088,2.1334699404495807,2.7982754155813705,1.7767159887631194,0.2648749546595169,1.3968827957093226,-2.291212150982473,-0.3105429950513836
12.0,176.0,1004.1674194335938,-3.463539277557831,-4.725395938019273,-1.436315800622839,2.1334699404495807,2.7982754155813705,1.7767159887340211,0.2648749546595169,1.3968827957093226,-2.291212157389966,-0.3105429950512022
12.0,176.0,1004.1674194335938,-3.463539277557831,-4.725395939814057,-1.436315800743088,2.1334699404495807,2.7982754155813705,1.7767159887542958,0.2648749546595169,1.3968827957093226,-2.291212157389966,-0.3105429950513836
12.0,176.0,1004.1674194335938,-3.463539277557831,-4.725395939814057,-1.436315800743088,2.1334699404495807,2.7982754155813705,1.7767159887542958,0.2648749546595169,1.3968827957093226,-2.291212157389966,-0.3105429950513836
12.0,176.0,1004.1674194335938,-3.463539277557831,-4.725395938019273,-1.436315800622839,2.1334699404495807,2.7982754155813705,1.7767159887340211,0.2648749546595169,1.3968827957093226,-2.291212157389966,-0.3105429950512022
12.0,176.0,1004.1674194335938,-3.463539277557831,-4.725395939814057,-1.436315800743088,2.1334699404495807,2.7982754155813705,1.7767159887542958,0.2648749546595169,1.3968827957093226,-2.291212157389966,-0.3105429950513836
12.0,176.0,1004.1674194335938,-3.4635398300377203,-4.725395938224921,-1.4363158007428922,2.1334699404495807,2.7982773401197822,1.7767159887702368,0.2648749546604703,1.3968827957093226,-2.291207094146736,-0.3105429950263657
12.0,176.0,1004.1674194335938,-3.4635392794540145,-4.725395939805206,-1.436315800743088,2.1334699404495807,2.798293925376849,1.7767159887542958,0.2648749546595125,1.3968827957093226,-2.291212157389966,-0.3105429950513836
12.0,176.0,1004.1674194335938,-3.463539277557831,-4.725395939814057,-1.436315800743088,2.1334699404495807,2.7982754155813705,1.7767159887542958,0.2648749546595169,1.3968827957093226,-2.291212157389966,-0.3105429950513836
12.0,176.0,1004.1674194335938,-3.463539277557831,-4.725395939814057,-1.436315800743088,2.1334699404495807,2.7982754155813705,1.7767159887542958,0.2648749546595169,1.3968827957093226,-2.291212157389966,-0.3105429950513836
12.0,176.0,1004.1674194335938,-3.463539277557831,-4.725395938019273,-1.436315800622839,2.1334699404495807,2.7982754155813705,1.7767159887340211,0.2648749546595169,1.3968827957093226,-2.291212157389966,-0.3105429950512022
12.0,176.0,1004.1674194335938,-3.463539277557831,-4.725395939814057,-1.436315800743088,2.1334699404495807,2.7982754155813705,1.7767159887542958,0.2648749546595169,1.3968827957093226,-2.291212157389966,-0.3105429950513836
12.0,176.0,1004.1674194335938,-3.463539277557831,-4.725395938019273,-1.436315800622839,2.1334699404495807,2.7982754155813705,1.7767159887340211,0.2648749546595169,1.3968827957093226,-2.291212157389966,-0.3105429950512022
12.0,176.0,1004.1674194335938,-3.463539277557831,-4.725395938019273,-1.436315800732415,2.1334699404495807,2.7982754155813705,1.7767159887345203,0.2648749546594385,1.3968827957093226,-2.291212157389966,-0.3105429950512046
12.0,176.0,1004.1674194335938,-3.463539277557831,-4.725395939836502,-1.4363158006255503,2.1334699404495807,2.7982754155813705,1.7767159887542958,0.2648749546595169,1.3968827957093226,-2.291212157389966,-0.3105429950513806
12.0,176.0,1004.1674194335938,-3.4635392794112048,-4.725395939805206,-1.436315800743088,2.1334699404495807,2.798293925376849,1.7767159887542958,0.2648749546595125,1.3968827957093226,-2.291212157389966,-0.3105429950513836
12.0,176.0,1004.1674194335938,-3.4635398687278176,-4.725395939814057,-1.4363158007430905,2.1334699404495807,2.7982754155813705,1.7767159887542958,0.2648749546595169,1.3968827957093226,-2.2912123336945927,-0.3105429950513836
12.0,176.0,1004.1674194335938,-3.463539277557831,-4.725395938232332,-1.436315800622831,2.1334699404495807,2.7982754155813705,1.7767159887695947,0.2648749546595169,1.3968827957093226,-2.2912121881381946,-0.3105429950513833
12.0,176.0,1004.1674194335938,-3.463539836448291,-4.725395938113519,-1.4363158006197612,2.1334699404495807,2.7982755136367072,1.776715989491715,0.2648749546595169,1.3968827957093226,-2.291209543252789,-0.3105429950520684
12.0,176.0,1004.1674194335938,-3.463539277557831,-4.725395939814057,-1.436315800743088,2.1334699404495807,2.798275510298065,1.7767159887542958,0.2648749546595169,1.3968827957093226,-2.291212157389966,-0.3105429950513836
12.0,176.0,1004.1674194335938,-3.463539277557831,-4.725395937996827,-1.4363158007403765,2.1334699404495807,2.7982754155813705,1.7767159887340211,0.2648749546595169,1.3968827957093226,-2.291212157389966,-0.3105429950512052
12.0,176.0,1004.1674194335938,-3.463539277557831,-4.725395939814057,-1.436315800743088,2.1334699404495807,2.7982754155813705,1.776715988753896,0.2648749546595169,1.3968827957093226,-2.291212157389966,-0.3105429950512007
12.0,176.0,1004.1674194335938,-3.463539277557831,-4.725395939814057,-1.4363158006261274,2.1334699404495807,2.7982754155813705,1.7767159887542958,0.2648749546595169,1.3968827957093226,-2.291212157389966,-0.3105429950513836
12.0,176.0,1004.1674194335938,-3.463539277557831,-4.725395938019273,-1.4363158007461418,2.1334699404495807,2.7982754155813705,1.776715988763587,0.2648749546595169,1.3968827957093226,-2.2912121511384704,-0.3105429950513794
12.0,176.0,1004.1674194335938,-3.463539277557831,-4.725395938019273,-1.4363158006234134,2.1334699404495807,2.7982754155813705,1.7767159887327288,0.2648749546595169,1.3968827957093226,-2.291212157389966,-0.3105429950511741
12.0,176.0,1004.1674194335938,-3.463539836448291,-4.725395938113519,-1.4363158007477503,2.1334699404495807,2.7982755136367072,1.776715989491715,0.2648749546595005,1.3968827957093226,-2.291209543252789,-0.3105429950526729
12.0,176.0,1004.1674194335938,-3.4635398687278176,-4.725395939814057,-1.4363158007506265,2.1334699404495807,2.7982754155813705,1.7767159887542958,0.2648749546595169,1.3968827957093226,-2.2912123336945927,-0.3105429950513769
12.0,176.0,1004.1674194335938,-3.4635416219596964,-4.725395939814057,-1.436315800743088,2.1334699404495807,2.7982754155813705,1.776715988753896,0.2648749546595206,1.3968827957093226,-2.291212157389966,-0.3105429950512012
12.0,176.0,1004.1674194335938,-3.463539277557831,-4.725395938019273,-1.4363158006130674,2.1334699404495807,2.7982754155813705,1.7767159887340211,0.2648749546595169,1.3968827957093226,-2.291212157389966,-0.3105429950512022
12.0,176.0,1004.1674194335938,-3.4635398300377203,-4.725395938224921,-1.4363158006149028,2.1334699404495807,2.7982773401197822,1.7767159887702368,0.2648749546604867,1.3968827957093226,-2.291207094146736,-0.310542995025761
12.0,176.0,1004.1674194335938,-3.463539277557831,-4.725395938056315,-1.436315800758749,2.1334699404495807,2.7982754155813705,1.7767159887733786,0.2648749546595169,1.3968827957093226,-2.291212150956033,-0.3105429950512022
12.0,176.0,1004.1674194335938,-3.463539277557831,-4.725395938019273,-1.4363158006153027,2.1334699404495807,2.7982754155813705,1.7767159887340211,0.2648749546595169,1.3968827957093226,-2.291212157389966,-0.3105429950512089
12.0,176.0,1004.1674194335938,-3.463539277557831,-4.725395937165235,-1.4363158007428931,2.1334699404495807,2.7982754155813705,1.7767159887708073,0.2648749546595169,1.3968827957093226,-2.291212157389966,-0.3105429950513836
12.0,176.0,1004.1674194335938,-3.4635392794540145,-4.725395937987234,-1.436315800743088,2.1334699404495807,2.798293925376849,1.7767159887543738,0.2648749546595125,1.3968827957093226,-2.291212157389966,-0.3105429950513836
12.0,176.0,1004.1674194335938,-3.463539277557831,-4.725395939814057,-1.436315800743088,2.1334699404495807,2.7982754155813705,1.7767159887542958,0.2648749546595169,1.3968827957093226,-2.291212157389966,-0.3105429950513836
12.0,176.0,1004.1674194335938,-3.463539277557831,-4.725395938021503,-1.436315800622839,2.1334699404495807,2.7982754155813705,1.7767159887707749,0.2648749546595169,1.3968827957093226,-2.291212159448847,-0.3105429950512022
12.0,176.0,1004.1674194335938,-3.463539260208179,-4.725395938019273,-1.4363158006257977,2.1334699404495807,2.7982754135851207,1.7767159895066278,0.2648749546595165,1.3968827957093226,-2.291212157389966,-0.3105429950512022
12.0,176.0,1004.1674194335938,-3.463539277557831,-4.725395939814057,-1.436315800743088,2.1334699404495807,2.7982754155813705,1.7767159887542958,0.2648749546595169,1.3968827957093226,-2.291212157389966,-0.3105429950513836
12.0,176.0,1004.1674194335938,-3.4635392794540145,-4.725395937987234,-1.436315800743088,2.1334699404495807,2.798293925376849,1.7767159887543738,0.2648749546595125,1.3968827957093226,-2.291212157389966,-0.3105429950513836
12.0,176.0,1004.1674194335938,-3.463539867399512,-4.725395940094856,-1.4363158007430905,2.1334699404495807,2.7982754155813705,1.7767159887547364,0.2648749546594409,1.3968827957093226,-2.2912123336945927,-0.3105429950513836
12.0,176.0,1004.1674194335938,-3.463539277557831,-4.725395938019273,-1.4363158007428172,2.1334699404495807,2.7982754155813705,1.7767159887345203,0.2648749546594358,1.3968827957093226,-2.291212157389966,-0.3105429950513682
12.0,176.0,1004.1674194335938,-3.463539277557831,-4.725395939814057,-1.4363158007432486,2.1334699404495807,2.7982754155813705,1.7767159887698882,0.2648749546595169,1.3968827957093226,-2.291212157389966,-0.3105429950512986
12.0,176.0,1004.1674194335938,-3.463539277557831,-4.725395939814057,-1.436315800743088,2.1334699404495807,2.7982754155813705,1.7767159887542958,0.2648749546595169,1.3968827957093226,-2.291212157389966,-0.3105429950513931
12.0,176.0,1004.1674194335938,-3.463539838007906,-4.725395939836502,-1.4363158006255503,2.1334699404495807,2.798275415531722,1.7767159887237935,0.264874954659501,1.3968827957093226,-2.291212157389966,-0.3105429950526493
12.0,176.0,1004.1674194335938,-3.4635398300377203,-4.725395938224921,-1.4363158006149028,2.1334699404495807,2.7982773401197822,1.7767159887706545,0.2648749546594789,1.3968827957093226,-2.291212601875652,-0.3105429950517677
12.0,176.0,1004.1674194335938,-3.46353986897168,-4.725395938224921,-1.4363158007431671,2.1334699404495807,2.7982773401197822,1.776715988770659,0.2648749546604703,1.3968827957093226,-2.291207094146736,-0.3105429950263657
12.0,176.0,1004.1674194335938,-3.463539277557831,-4.725395938052213,-1.436315800758749,2.1334699404495807,2.7982754155813705,1.7767159887733786,0.2648749546595169,1.3968827957093226,-2.291212150956033,-0.3105429950513745
12.0,176.0,1004.1674194335938,-3.463539853797943,-4.725395938113519,-1.4363158007447914,2.1334699404495807,2.7982755156329566,1.7767159887191084,0.2648749546595009,1.3968827957093226,-2.291209543252789,-0.3105429950526729
12.0,176.0,1004.1674194335938,-3.4635398300377203,-4.725395938224921,-1.4363158006150694,2.1334699404495807,2.798277234312072,1.7767159887702368,0.2648749546605413,1.3968827957093226,-2.2912121431858727,-0.3105429950259336
12.0,176.0,1004.1674194335938,-3.463539277557831,-4.725395939814057,-1.4363158006167998,2.1334699404495807,2.7982754155813705,1.7767159887548558,0.2648749546595169,1.3968827957093226,-2.291212157389966,-0.3105429950512047
12.0,176.0,1004.1674194335938,-3.463539277557831,-4.725395937986948,-1.436315800743088,2.1334699404495807,2.7982754155813705,1.7767159887631194,0.2648749546595169,1.3968827957093226,-2.291212150982473,-0.3105429950513836
12.0,177.0,1004.1674194335938,-3.463539277557831,-4.725395938019273,-1.436315800622839,2.1334699404495807,2.7982754155813705,1.7767159887340211,0.2648749546595169,1.3968827957093226,-2.291212157389966,-0.3105429950512022
12.0,177.0,1004.1674194335938,-3.463539277557831,-4.725395939814057,-1.436315800743088,2.1334699404495807,2.7982754155813705,1.7767159887542958,0.2648749546595169,1.3968827957093226,-2.291212157389966,-0.3105429950513836
12.0,177.0,1004.1674194335938,-3.463539277557831,-4.725395939814057,-1.436315800743088,2.1334699404495807,2.7982754155813705,1.7767159887542958,0.2648749546595169,1.3968827957093226,-2.291212157389966,-0.3105429950513836
12.0,177.0,1004.1674194335938,-3.463539277557831,-4.725395938019273,-1.436315800622839,2.1334699404495807,2.7982754155813705,1.7767159887340211,0.2648749546595169,1.3968827957093226,-2.291212157389966,-0.3105429950512022
12.0,177.0,1004.1674194335938,-3.463539277557831,-4.725395939814057,-1.436315800743088,2.1334699404495807,2.7982754155813705,1.7767159887542958,0.2648749546595169,1.3968827957093226,-2.291212157389966,-0.3105429950513836
12.0,177.0,1004.1674194335938,-3.4635398300377203,-4.725395938224921,-1.4363158007428922,2.1334699404495807,2.7982773401197822,1.7767159887702368,0.2648749546604703,1.3968827957093226,-2.291207094146736,-0.3105429950263657
12.0,177.0,1004.1674194335938,-3.4635392794540145,-4.725395939805206,-1.436315800743088,2.1334699404495807,2.798293925376849,1.7767159887542958,0.2648749546595125,1.3968827957093226,-2.291212157389966,-0.3105429950513836
12.0,177.0,1004.1674194335938,-3.463539277557831,-4.725395939814057,-1.436315800743088,2.1334699404495807,2.7982754155813705,1.7767159887542958,0.2648749546595169,1.3968827957093226,-2.291212157389966,-0.3105429950513836
12.0,177.0,1004.1674194335938,-3.463539277557831,-4.725395939814057,-1.436315800743088,2.1334699404495807,2.7982754155813705,1.7767159887542958,0.2648749546595169,1.3968827957093226,-2.291212157389966,-0.3105429950513836
12.0,177.0,1004.1674194335938,-3.463539277557831,-4.725395938019273,-1.436315800622839,2.1334699404495807,2.7982754155813705,1.7767159887340211,0.2648749546595169,1.3968827957093226,-2.291212157389966,-0.3105429950512022
12.0,177.0,1004.1674194335938,-3.463539277557831,-4.725395939814057,-1.436315800743088,2.1334699404495807,2.7982754155813705,1.7767159887542958,0.2648749546595169,1.3968827957093226,-2.291212157389966,-0.3105429950513836
12.0,177.0,1004.1674194335938,-3.463539277557831,-4.725395938019273,-1.436315800622839,2.1334699404495807,2.7982754155813705,1.7767159887340211,0.2648749546595169,1.3968827957093226,-2.291212157389966,-0.3105429950512022
12.0,177.0,1004.1674194335938,-3.463539277557831,-4.725395938019273,-1.436315800732415,2.1334699404495807,2.7982754155813705,1.7767159887345203,0.2648749546594385,1.3968827957093226,-2.291212157389966,-0.3105429950512046
12.0,177.0,1004.1674194335938,-3.463539277557831,-4.725395939836502,-1.4363158006255503,2.1334699404495807,2.7982754155813705,1.7767159887542958,0.2648749546595169,1.3968827957093226,-2.291212157389966,-0.3105429950513806
12.0,177.0,1004.1674194335938,-3.4635392794112048,-4.725395939805206,-1.436315800743088,2.1334699404495807,2.798293925376849,1.7767159887542958,0.2648749546595125,1.3968827957093226,-2.291212157389966,-0.3105429950513836
12.0,177.0,1004.1674194335938,-3.4635398687278176,-4.725395939814057,-1.4363158007430905,2.1334699404495807,2.7982754155813705,1.7767159887542958,0.2648749546595169,1.3968827957093226,-2.2912123336945927,-0.3105429950513836
12.0,177.0,1004.1674194335938,-3.463539277557831,-4.725395938232332,-1.436315800622831,2.1334699404495807,2.7982754155813705,1.7767159887695947,0.2648749546595169,1.3968827957093226,-2.2912121881381946,-0.3105429950513833
12.0,177.0,1004.1674194335938,-3.463539836448291,-4.725395938113519,-1.4363158006197612,2.1334699404495807,2.7982755136367072,1.776715989491715,0.2648749546595169,1.3968827957093226,-2.291209543252789,-0.3105429950520684
12.0,177.0,1004.1674194335938,-3.463539277557831,-4.725395939814057,-1.436315800743088,2.1334699404495807,2.798275510298065,1.7767159887542958,0.2648749546595169,1.3968827957093226,-2.291212157389966,-0.3105429950513836
12.0,177.0,1004.1674194335938,-3.463539277557831,-4.725395937996827,-1.4363158007403765,2.1334699404495807,2.7982754155813705,1.7767159887340211,0.2648749546595169,1.3968827957093226,-2.291212157389966,-0.3105429950512052
12.0,177.0,1004.1674194335938,-3.463539277557831,-4.725395939814057,-1.436315800743088,2.1334699404495807,2.7982754155813705,1.776715988753896,0.2648749546595169,1.3968827957093226,-2.291212157389966,-0.3105429950512007
12.0,177.0,1004.1674194335938,-3.463539277557831,-4.725395939814057,-1.4363158006261274,2.1334699404495807,2.7982754155813705,1.7767159887542958,0.2648749546595169,1.3968827957093226,-2.291212157389966,-0.3105429950513836
12.0,177.0,1004.1674194335938,-3.463539277557831,-4.725395938019273,-1.4363158007461418,2.1334699404495807,2.7982754155813705,1.776715988763587,0.2648749546595169,1.3968827957093226,-2.2912121511384704,-0.3105429950513794
12.0,177.0,1004.1674194335938,-3.463539277557831,-4.725395938019273,-1.4363158006234134,2.1334699404495807,2.7982754155813705,1.7767159887327288,0.2648749546595169,1.3968827957093226,-2.291212157389966,-0.3105429950511741
12.0,177.0,1004.1674194335938,-3.463539836448291,-4.725395938113519,-1.4363158007477503,2.1334699404495807,2.7982755136367072,1.776715989491715,0.2648749546595005,1.3968827957093226,-2.291209543252789,-0.3105429950526729
12.0,177.0,1004.1674194335938,-3.4635398687278176,-4.725395939814057,-1.4363158007506265,2.1334699404495807,2.7982754155813705,1.7767159887542958,0.2648749546595169,1.3968827957093226,-2.2912123336945927,-0.3105429950513769
12.0,177.0,1004.1674194335938,-3.4635416219596964,-4.725395939814057,-1.436315800743088,2.1334699404495807,2.7982754155813705,1.776715988753896,0.2648749546595206,1.3968827957093226,-2.291212157389966,-0.3105429950512012
12.0,177.0,1004.1674194335938,-3.463539277557831,-4.725395938019273,-1.4363158006130674,2.1334699404495807,2.7982754155813705,1.7767159887340211,0.2648749546595169,1.3968827957093226,-2.291212157389966,-0.3105429950512022
12.0,177.0,1004.1674194335938,-3.4635398300377203,-4.725395938224921,-1.4363158006149028,2.1334699404495807,2.7982773401197822,1.7767159887702368,0.2648749546604867,1.3968827957093226,-2.291207094146736,-0.310542995025761
12.0,177.0,1004.1674194335938,-3.463539277557831,-4.725395938056315,-1.436315800758749,2.1334699404495807,2.7982754155813705,1.7767159887733786,0.2648749546595169,1.3968827957093226,-2.291212150956033,-0.3105429950512022
12.0,177.0,1004.1674194335938,-3.463539277557831,-4.725395938019273,-1.4363158006153027,2.1334699404495807,2.7982754155813705,1.7767159887340211,0.2648749546595169,1.3968827957093226,-2.291212157389966,-0.3105429950512089
12.0,177.0,1004.1674194335938,-3.463539277557831,-4.725395937165235,-1.4363158007428931,2.1334699404495807,2.7982754155813705,1.7767159887708073,0.2648749546595169,1.3968827957093226,-2.291212157389966,-0.3105429950513836
12.0,177.0,1004.1674194335938,-3.4635392794540145,-4.725395937987234,-1.436315800743088,2.1334699404495807,2.798293925376849,1.7767159887543738,0.2648749546595125,1.3968827957093226,-2.291212157389966,-0.3105429950513836
12.0,177.0,1004.1674194335938,-3.463539277557831,-4.725395939814057,-1.436315800743088,2.1334699404495807,2.7982754155813705,1.7767159887542958,0.2648749546595169,1.3968827957093226,-2.291212157389966,-0.3105429950513836
12.0,177.0,1004.1674194335938,-3.463539277557831,-4.725395938021503,-1.436315800622839,2.1334699404495807,2.7982754155813705,1.7767159887707749,0.2648749546595169,1.3968827957093226,-2.291212159448847,-0.3105429950512022
12.0,177.0,1004.1674194335938,-3.463539260208179,-4.725395938019273,-1.4363158006257977,2.1334699404495807,2.7982754135851207,1.7767159895066278,0.2648749546595165,1.3968827957093226,-2.291212157389966,-0.3105429950512022
12.0,177.0,1004.1674194335938,-3.463539277557831,-4.725395939814057,-1.436315800743088,2.1334699404495807,2.7982754155813705,1.7767159887542958,0.2648749546595169,1.3968827957093226,-2.291212157389966,-0.3105429950513836
12.0,177.0,1004.1674194335938,-3.4635392794540145,-4.725395937987234,-1.436315800743088,2.1334699404495807,2.798293925376849,1.7767159887543738,0.2648749546595125,1.3968827957093226,-2.291212157389966,-0.3105429950513836
12.0,177.0,1004.1674194335938,-3.463539867399512,-4.725395940094856,-1.4363158007430905,2.1334699404495807,2.7982754155813705,1.7767159887547364,0.2648749546594409,1.3968827957093226,-2.2912123336945927,-0.3105429950513836
12.0,177.0,1004.1674194335938,-3.463539277557831,-4.725395938019273,-1.4363158007428172,2.1334699404495807,2.7982754155813705,1.7767159887345203,0.2648749546594358,1.3968827957093226,-2.291212157389966,-0.3105429950513682
12.0,177.0,1004.1674194335938,-3.463539277557831,-4.725395939814057,-1.4363158007432486,2.1334699404495807,2.7982754155813705,1.7767159887698882,0.2648749546595169,1.3968827957093226,-2.291212157389966,-0.3105429950512986
12.0,177.0,1004.1674194335938,-3.463539277557831,-4.725395939814057,-1.436315800743088,2.1334699404495807,2.7982754155813705,1.7767159887542958,0.2648749546595169,1.3968827957093226,-2.291212157389966,-0.3105429950513931
12.0,177.0,1004.1674194335938,-3.463539838007906,-4.725395939836502,-1.4363158006255503,2.1334699404495807,2.798275415531722,1.7767159887237935,0.264874954659501,1.3968827957093226,-2.291212157389966,-0.3105429950526493
12.0,177.0,1004.1674194335938,-3.4635398300377203,-4.725395938224921,-1.4363158006149028,2.1334699404495807,2.7982773401197822,1.7767159887706545,0.2648749546594789,1.3968827957093226,-2.291212601875652,-0.3105429950517677
12.0,177.0,1004.1674194335938,-3.46353986897168,-4.725395938224921,-1.4363158007431671,2.1334699404495807,2.7982773401197822,1.776715988770659,0.2648749546604703,1.3968827957093226,-2.291207094146736,-0.3105429950263657
12.0,177.0,1004.1674194335938,-3.463539277557831,-4.725395938052213,-1.436315800758749,2.1334699404495807,2.7982754155813705,1.7767159887733786,0.2648749546595169,1.3968827957093226,-2.291212150956033,-0.3105429950513745
12.0,177.0,1004.1674194335938,-3.463539853797943,-4.725395938113519,-1.4363158007447914,2.1334699404495807,2.7982755156329566,1.7767159887191084,0.2648749546595009,1.3968827957093226,-2.291209543252789,-0.3105429950526729
12.0,177.0,1004.1674194335938,-3.4635398300377203,-4.725395938224921,-1.4363158006150694,2.1334699404495807,2.798277234312072,1.7767159887702368,0.2648749546605413,1.3968827957093226,-2.2912121431858727,-0.3105429950259336
12.0,177.0,1004.1674194335938,-3.463539277557831,-4.725395939814057,-1.4363158006167998,2.1334699404495807,2.7982754155813705,1.7767159887548558,0.2648749546595169,1.3968827957093226,-2.291212157389966,-0.3105429950512047
12.0,177.0,1004.1674194335938,-3.463539277557831,-4.725395937986948,-1.436315800743088,2.1334699404495807,2.7982754155813705,1.7767159887631194,0.2648749546595169,1.3968827957093226,-2.291212150982473,-0.3105429950513836
12.0,178.0,1004.1674194335938,-3.463539277557831,-4.725395938019273,-1.436315800622839,2.1334699404495807,2.7982754155813705,1.7767159887340211,0.2648749546595169,1.3968827957093226,-2.291212157389966,-0.3105429950512022
12.0,178.0,1004.1674194335938,-3.463539277557831,-4.725395939814057,-1.436315800743088,2.1334699404495807,2.7982754155813705,1.7767159887542958,0.2648749546595169,1.3968827957093226,-2.291212157389966,-0.3105429950513836
12.0,178.0,1004.1674194335938,-3.463539277557831,-4.725395939814057,-1.436315800743088,2.1334699404495807,2.7982754155813705,1.7767159887542958,0.2648749546595169,1.3968827957093226,-2.291212157389966,-0.3105429950513836
12.0,178.0,1004.1674194335938,-3.463539277557831,-4.725395938019273,-1.436315800622839,2.1334699404495807,2.7982754155813705,1.7767159887340211,0.2648749546595169,1.3968827957093226,-2.291212157389966,-0.3105429950512022
12.0,178.0,1004.1674194335938,-3.463539277557831,-4.725395939814057,-1.436315800743088,2.1334699404495807,2.7982754155813705,1.7767159887542958,0.2648749546595169,1.3968827957093226,-2.291212157389966,-0.3105429950513836
12.0,178.0,1004.1674194335938,-3.4635398300377203,-4.725395938224921,-1.4363158007428922,2.1334699404495807,2.7982773401197822,1.7767159887702368,0.2648749546604703,1.3968827957093226,-2.291207094146736,-0.3105429950263657
12.0,178.0,1004.1674194335938,-3.4635392794540145,-4.725395939805206,-1.436315800743088,2.1334699404495807,2.798293925376849,1.7767159887542958,0.2648749546595125,1.3968827957093226,-2.291212157389966,-0.3105429950513836
12.0,178.0,1004.1674194335938,-3.463539277557831,-4.725395939814057,-1.436315800743088,2.1334699404495807,2.7982754155813705,1.7767159887542958,0.2648749546595169,1.3968827957093226,-2.291212157389966,-0.3105429950513836
12.0,178.0,1004.1674194335938,-3.463539277557831,-4.725395939814057,-1.436315800743088,2.1334699404495807,2.7982754155813705,1.7767159887542958,0.2648749546595169,1.3968827957093226,-2.291212157389966,-0.3105429950513836
12.0,178.0,1004.1674194335938,-3.463539277557831,-4.725395938019273,-1.436315800622839,2.1334699404495807,2.7982754155813705,1.7767159887340211,0.2648749546595169,1.3968827957093226,-2.291212157389966,-0.3105429950512022
12.0,178.0,1004.1674194335938,-3.463539277557831,-4.725395939814057,-1.436315800743088,2.1334699404495807,2.7982754155813705,1.7767159887542958,0.2648749546595169,1.3968827957093226,-2.291212157389966,-0.3105429950513836
12.0,178.0,1004.1674194335938,-3.463539277557831,-4.725395938019273,-1.436315800622839,2.1334699404495807,2.7982754155813705,1.7767159887340211,0.2648749546595169,1.3968827957093226,-2.291212157389966,-0.3105429950512022
12.0,178.0,1004.1674194335938,-3.463539277557831,-4.725395938019273,-1.436315800732415,2.1334699404495807,2.7982754155813705,1.7767159887345203,0.2648749546594385,1.3968827957093226,-2.291212157389966,-0.3105429950512046
12.0,178.0,1004.1674194335938,-3.463539277557831,-4.725395939836502,-1.4363158006255503,2.1334699404495807,2.7982754155813705,1.7767159887542958,0.2648749546595169,1.3968827957093226,-2.291212157389966,-0.3105429950513806
12.0,178.0,1004.1674194335938,-3.4635392794112048,-4.725395939805206,-1.436315800743088,2.1334699404495807,2.798293925376849,1.7767159887542958,0.2648749546595125,1.3968827957093226,-2.291212157389966,-0.3105429950513836
12.0,178.0,1004.1674194335938,-3.4635398687278176,-4.725395939814057,-1.4363158007430905,2.1334699404495807,2.7982754155813705,1.7767159887542958,0.2648749546595169,1.3968827957093226,-2.2912123336945927,-0.3105429950513836
12.0,178.0,1004.1674194335938,-3.463539277557831,-4.725395938232332,-1.436315800622831,2.1334699404495807,2.7982754155813705,1.7767159887695947,0.2648749546595169,1.3968827957093226,-2.2912121881381946,-0.3105429950513833
12.0,178.0,1004.1674194335938,-3.463539836448291,-4.725395938113519,-1.4363158006197612,2.1334699404495807,2.7982755136367072,1.776715989491715,0.2648749546595169,1.3968827957093226,-2.291209543252789,-0.3105429950520684
12.0,178.0,1004.1674194335938,-3.463539277557831,-4.725395939814057,-1.436315800743088,2.1334699404495807,2.798275510298065,1.7767159887542958,0.2648749546595169,1.3968827957093226,-2.291212157389966,-0.3105429950513836
12.0,178.0,1004.1674194335938,-3.463539277557831,-4.725395937996827,-1.4363158007403765,2.1334699404495807,2.7982754155813705,1.7767159887340211,0.2648749546595169,1.3968827957093226,-2.291212157389966,-0.3105429950512052
12.0,178.0,1004.1674194335938,-3.463539277557831,-4.725395939814057,-1.436315800743088,2.1334699404495807,2.7982754155813705,1.776715988753896,0.2648749546595169,1.3968827957093226,-2.291212157389966,-0.3105429950512007
12.0,178.0,1004.1674194335938,-3.463539277557831,-4.725395939814057,-1.4363158006261274,2.1334699404495807,2.7982754155813705,1.7767159887542958,0.2648749546595169,1.3968827957093226,-2.291212157389966,-0.3105429950513836
12.0,178.0,1004.1674194335938,-3.463539277557831,-4.725395938019273,-1.4363158007461418,2.1334699404495807,2.7982754155813705,1.776715988763587,0.2648749546595169,1.3968827957093226,-2.2912121511384704,-0.3105429950513794
12.0,178.0,1004.1674194335938,-3.463539277557831,-4.725395938019273,-1.4363158006234134,2.1334699404495807,2.7982754155813705,1.7767159887327288,0.2648749546595169,1.3968827957093226,-2.291212157389966,-0.3105429950511741
12.0,178.0,1004.1674194335938,-3.463539836448291,-4.725395938113519,-1.4363158007477503,2.1334699404495807,2.7982755136367072,1.776715989491715,0.2648749546595005,1.3968827957093226,-2.291209543252789,-0.3105429950526729
12.0,178.0,1004.1674194335938,-3.4635398687278176,-4.725395939814057,-1.4363158007506265,2.1334699404495807,2.7982754155813705,1.7767159887542958,0.2648749546595169,1.3968827957093226,-2.2912123336945927,-0.3105429950513769
12.0,178.0,1004.1674194335938,-3.4635416219596964,-4.725395939814057,-1.436315800743088,2.1334699404495807,2.7982754155813705,1.776715988753896,0.2648749546595206,1.3968827957093226,-2.291212157389966,-0.3105429950512012
12.0,178.0,1004.1674194335938,-3.463539277557831,-4.725395938019273,-1.4363158006130674,2.1334699404495807,2.7982754155813705,1.7767159887340211,0.2648749546595169,1.3968827957093226,-2.291212157389966,-0.3105429950512022
12.0,178.0,1004.1674194335938,-3.4635398300377203,-4.725395938224921,-1.4363158006149028,2.1334699404495807,2.7982773401197822,1.7767159887702368,0.2648749546604867,1.3968827957093226,-2.291207094146736,-0.310542995025761
12.0,178.0,1004.1674194335938,-3.463539277557831,-4.725395938056315,-1.436315800758749,2.1334699404495807,2.7982754155813705,1.7767159887733786,0.2648749546595169,1.3968827957093226,-2.291212150956033,-0.3105429950512022
12.0,178.0,1004.1674194335938,-3.463539277557831,-4.725395938019273,-1.4363158006153027,2.1334699404495807,2.7982754155813705,1.7767159887340211,0.2648749546595169,1.3968827957093226,-2.291212157389966,-0.3105429950512089
12.0,178.0,1004.1674194335938,-3.463539277557831,-4.725395937165235,-1.4363158007428931,2.1334699404495807,2.7982754155813705,1.7767159887708073,0.2648749546595169,1.3968827957093226,-2.291212157389966,-0.3105429950513836
12.0,178.0,1004.1674194335938,-3.4635392794540145,-4.725395937987234,-1.436315800743088,2.1334699404495807,2.798293925376849,1.7767159887543738,0.2648749546595125,1.3968827957093226,-2.291212157389966,-0.3105429950513836
12.0,178.0,1004.1674194335938,-3.463539277557831,-4.725395939814057,-1.436315800743088,2.1334699404495807,2.7982754155813705,1.7767159887542958,0.2648749546595169,1.3968827957093226,-2.291212157389966,-0.3105429950513836
12.0,178.0,1004.1674194335938,-3.463539277557831,-4.725395938021503,-1.436315800622839,2.1334699404495807,2.7982754155813705,1.7767159887707749,0.2648749546595169,1.3968827957093226,-2.291212159448847,-0.3105429950512022
12.0,178.0,1004.1674194335938,-3.463539260208179,-4.725395938019273,-1.4363158006257977,2.1334699404495807,2.7982754135851207,1.7767159895066278,0.2648749546595165,1.3968827957093226,-2.291212157389966,-0.3105429950512022
12.0,178.0,1004.1674194335938,-3.463539277557831,-4.725395939814057,-1.436315800743088,2.1334699404495807,2.7982754155813705,1.7767159887542958,0.2648749546595169,1.3968827957093226,-2.291212157389966,-0.3105429950513836
12.0,178.0,1004.1674194335938,-3.4635392794540145,-4.725395937987234,-1.436315800743088,2.1334699404495807,2.798293925376849,1.7767159887543738,0.2648749546595125,1.3968827957093226,-2.291212157389966,-0.3105429950513836
12.0,178.0,1004.1674194335938,-3.463539867399512,-4.725395940094856,-1.4363158007430905,2.1334699404495807,2.7982754155813705,1.7767159887547364,0.2648749546594409,1.3968827957093226,-2.2912123336945927,-0.3105429950513836
12.0,178.0,1004.1674194335938,-3.463539277557831,-4.725395938019273,-1.4363158007428172,2.1334699404495807,2.7982754155813705,1.7767159887345203,0.2648749546594358,1.3968827957093226,-2.291212157389966,-0.3105429950513682
12.0,178.0,1004.1674194335938,-3.463539277557831,-4.725395939814057,-1.4363158007432486,2.1334699404495807,2.7982754155813705,1.7767159887698882,0.2648749546595169,1.3968827957093226,-2.291212157389966,-0.3105429950512986
12.0,178.0,1004.1674194335938,-3.463539277557831,-4.725395939814057,-1.436315800743088,2.1334699404495807,2.7982754155813705,1.7767159887542958,0.2648749546595169,1.3968827957093226,-2.291212157389966,-0.3105429950513931
12.0,178.0,1004.1674194335938,-3.463539838007906,-4.725395939836502,-1.4363158006255503,2.1334699404495807,2.798275415531722,1.7767159887237935,0.264874954659501,1.3968827957093226,-2.291212157389966,-0.3105429950526493
12.0,178.0,1004.1674194335938,-3.4635398300377203,-4.725395938224921,-1.4363158006149028,2.1334699404495807,2.7982773401197822,1.7767159887706545,0.2648749546594789,1.3968827957093226,-2.291212601875652,-0.3105429950517677
12.0,178.0,1004.1674194335938,-3.46353986897168,-4.725395938224921,-1.4363158007431671,2.1334699404495807,2.7982773401197822,1.776715988770659,0.2648749546604703,1.3968827957093226,-2.291207094146736,-0.3105429950263657
12.0,178.0,1004.1674194335938,-3.463539277557831,-4.725395938052213,-1.436315800758749,2.1334699404495807,2.7982754155813705,1.7767159887733786,0.2648749546595169,1.3968827957093226,-2.291212150956033,-0.3105429950513745
12.0,178.0,1004.1674194335938,-3.463539853797943,-4.725395938113519,-1.4363158007447914,2.1334699404495807,2.7982755156329566,1.7767159887191084,0.2648749546595009,1.3968827957093226,-2.291209543252789,-0.3105429950526729
12.0,178.0,1004.1674194335938,-3.4635398300377203,-4.725395938224921,-1.4363158006150694,2.1334699404495807,2.798277234312072,1.7767159887702368,0.2648749546605413,1.3968827957093226,-2.2912121431858727,-0.3105429950259336
12.0,178.0,1004.1674194335938,-3.463539277557831,-4.725395939814057,-1.4363158006167998,2.1334699404495807,2.7982754155813705,1.7767159887548558,0.2648749546595169,1.3968827957093226,-2.291212157389966,-0.3105429950512047
12.0,178.0,1004.1674194335938,-3.463539277557831,-4.725395937986948,-1.436315800743088,2.1334699404495807,2.7982754155813705,1.7767159887631194,0.2648749546595169,1.3968827957093226,-2.291212150982473,-0.3105429950513836
12.0,179.0,1004.1674194335938,-3.463539277557831,-4.725395938019273,-1.436315800622839,2.1334699404495807,2.7982754155813705,1.7767159887340211,0.2648749546595169,1.3968827957093226,-2.291212157389966,-0.3105429950512022
12.0,179.0,1004.1674194335938,-3.463539277557831,-4.725395939814057,-1.436315800743088,2.1334699404495807,2.7982754155813705,1.7767159887542958,0.2648749546595169,1.3968827957093226,-2.291212157389966,-0.3105429950513836
12.0,179.0,1004.1674194335938,-3.463539277557831,-4.725395939814057,-1.436315800743088,2.1334699404495807,2.7982754155813705,1.7767159887542958,0.2648749546595169,1.3968827957093226,-2.291212157389966,-0.3105429950513836
12.0,179.0,1004.1674194335938,-3.463539277557831,-4.725395938019273,-1.436315800622839,2.1334699404495807,2.7982754155813705,1.7767159887340211,0.2648749546595169,1.3968827957093226,-2.291212157389966,-0.3105429950512022
12.0,179.0,1004.1674194335938,-3.463539277557831,-4.725395939814057,-1.436315800743088,2.1334699404495807,2.7982754155813705,1.7767159887542958,0.2648749546595169,1.3968827957093226,-2.291212157389966,-0.3105429950513836
12.0,179.0,1004.1674194335938,-3.4635398300377203,-4.725395938224921,-1.4363158007428922,2.1334699404495807,2.7982773401197822,1.7767159887702368,0.2648749546604703,1.3968827957093226,-2.291207094146736,-0.3105429950263657
12.0,179.0,1004.1674194335938,-3.4635392794540145,-4.725395939805206,-1.436315800743088,2.1334699404495807,2.798293925376849,1.7767159887542958,0.2648749546595125,1.3968827957093226,-2.291212157389966,-0.3105429950513836
12.0,179.0,1004.1674194335938,-3.463539277557831,-4.725395939814057,-1.436315800743088,2.1334699404495807,2.7982754155813705,1.7767159887542958,0.2648749546595169,1.3968827957093226,-2.291212157389966,-0.3105429950513836
12.0,179.0,1004.1674194335938,-3.463539277557831,-4.725395939814057,-1.436315800743088,2.1334699404495807,2.7982754155813705,1.7767159887542958,0.2648749546595169,1.3968827957093226,-2.291212157389966,-0.3105429950513836
12.0,179.0,1004.1674194335938,-3.463539277557831,-4.725395938019273,-1.436315800622839,2.1334699404495807,2.7982754155813705,1.7767159887340211,0.2648749546595169,1.3968827957093226,-2.291212157389966,-0.3105429950512022
12.0,179.0,1004.1674194335938,-3.463539277557831,-4.725395939814057,-1.436315800743088,2.1334699404495807,2.7982754155813705,1.7767159887542958,0.2648749546595169,1.3968827957093226,-2.291212157389966,-0.3105429950513836
12.0,179.0,1004.1674194335938,-3.463539277557831,-4.725395938019273,-1.436315800622839,2.1334699404495807,2.7982754155813705,1.7767159887340211,0.2648749546595169,1.3968827957093226,-2.291212157389966,-0.3105429950512022
12.0,179.0,1004.1674194335938,-3.463539277557831,-4.725395938019273,-1.436315800732415,2.1334699404495807,2.7982754155813705,1.7767159887345203,0.2648749546594385,1.3968827957093226,-2.291212157389966,-0.3105429950512046
12.0,179.0,1004.1674194335938,-3.463539277557831,-4.725395939836502,-1.4363158006255503,2.1334699404495807,2.7982754155813705,1.7767159887542958,0.2648749546595169,1.3968827957093226,-2.291212157389966,-0.3105429950513806
12.0,179.0,1004.1674194335938,-3.4635392794112048,-4.725395939805206,-1.436315800743088,2.1334699404495807,2.798293925376849,1.7767159887542958,0.2648749546595125,1.3968827957093226,-2.291212157389966,-0.3105429950513836
12.0,179.0,1004.1674194335938,-3.4635398687278176,-4.725395939814057,-1.4363158007430905,2.1334699404495807,2.7982754155813705,1.7767159887542958,0.2648749546595169,1.3968827957093226,-2.2912123336945927,-0.3105429950513836
12.0,179.0,1004.1674194335938,-3.463539277557831,-4.725395938232332,-1.436315800622831,2.1334699404495807,2.7982754155813705,1.7767159887695947,0.2648749546595169,1.3968827957093226,-2.2912121881381946,-0.3105429950513833
12.0,179.0,1004.1674194335938,-3.463539836448291,-4.725395938113519,-1.4363158006197612,2.1334699404495807,2.7982755136367072,1.776715989491715,0.2648749546595169,1.3968827957093226,-2.291209543252789,-0.3105429950520684
12.0,179.0,1004.1674194335938,-3.463539277557831,-4.725395939814057,-1.436315800743088,2.1334699404495807,2.798275510298065,1.7767159887542958,0.2648749546595169,1.3968827957093226,-2.291212157389966,-0.3105429950513836
12.0,179.0,1004.1674194335938,-3.463539277557831,-4.725395937996827,-1.4363158007403765,2.1334699404495807,2.7982754155813705,1.7767159887340211,0.2648749546595169,1.3968827957093226,-2.291212157389966,-0.3105429950512052
12.0,179.0,1004.1674194335938,-3.463539277557831,-4.725395939814057,-1.436315800743088,2.1334699404495807,2.7982754155813705,1.776715988753896,0.2648749546595169,1.3968827957093226,-2.291212157389966,-0.3105429950512007
12.0,179.0,1004.1674194335938,-3.463539277557831,-4.725395939814057,-1.4363158006261274,2.1334699404495807,2.7982754155813705,1.7767159887542958,0.2648749546595169,1.3968827957093226,-2.291212157389966,-0.3105429950513836
12.0,179.0,1004.1674194335938,-3.463539277557831,-4.725395938019273,-1.4363158007461418,2.1334699404495807,2.7982754155813705,1.776715988763587,0.2648749546595169,1.3968827957093226,-2.2912121511384704,-0.3105429950513794
12.0,179.0,1004.1674194335938,-3.463539277557831,-4.725395938019273,-1.4363158006234134,2.1334699404495807,2.7982754155813705,1.7767159887327288,0.2648749546595169,1.3968827957093226,-2.291212157389966,-0.3105429950511741
12.0,179.0,1004.1674194335938,-3.463539836448291,-4.725395938113519,-1.4363158007477503,2.1334699404495807,2.7982755136367072,1.776715989491715,0.2648749546595005,1.3968827957093226,-2.291209543252789,-0.3105429950526729
12.0,179.0,1004.1674194335938,-3.4635398687278176,-4.725395939814057,-1.4363158007506265,2.1334699404495807,2.7982754155813705,1.7767159887542958,0.2648749546595169,1.3968827957093226,-2.2912123336945927,-0.3105429950513769
12.0,179.0,1004.1674194335938,-3.4635416219596964,-4.725395939814057,-1.436315800743088,2.1334699404495807,2.7982754155813705,1.776715988753896,0.2648749546595206,1.3968827957093226,-2.291212157389966,-0.3105429950512012
12.0,179.0,1004.1674194335938,-3.463539277557831,-4.725395938019273,-1.4363158006130674,2.1334699404495807,2.7982754155813705,1.7767159887340211,0.2648749546595169,1.3968827957093226,-2.291212157389966,-0.3105429950512022
12.0,179.0,1004.1674194335938,-3.4635398300377203,-4.725395938224921,-1.4363158006149028,2.1334699404495807,2.7982773401197822,1.7767159887702368,0.2648749546604867,1.3968827957093226,-2.291207094146736,-0.310542995025761
12.0,179.0,1004.1674194335938,-3.463539277557831,-4.725395938056315,-1.436315800758749,2.1334699404495807,2.7982754155813705,1.7767159887733786,0.2648749546595169,1.3968827957093226,-2.291212150956033,-0.3105429950512022
12.0,179.0,1004.1674194335938,-3.463539277557831,-4.725395938019273,-1.4363158006153027,2.1334699404495807,2.7982754155813705,1.7767159887340211,0.2648749546595169,1.3968827957093226,-2.291212157389966,-0.3105429950512089
12.0,179.0,1004.1674194335938,-3.463539277557831,-4.725395937165235,-1.4363158007428931,2.1334699404495807,2.7982754155813705,1.7767159887708073,0.2648749546595169,1.3968827957093226,-2.291212157389966,-0.3105429950513836
12.0,179.0,1004.1674194335938,-3.4635392794540145,-4.725395937987234,-1.436315800743088,2.1334699404495807,2.798293925376849,1.7767159887543738,0.2648749546595125,1.3968827957093226,-2.291212157389966,-0.3105429950513836
12.0,179.0,1004.1674194335938,-3.463539277557831,-4.725395939814057,-1.436315800743088,2.1334699404495807,2.7982754155813705,1.7767159887542958,0.2648749546595169,1.3968827957093226,-2.291212157389966,-0.3105429950513836
12.0,179.0,1004.1674194335938,-3.463539277557831,-4.725395938021503,-1.436315800622839,2.1334699404495807,2.7982754155813705,1.7767159887707749,0.2648749546595169,1.3968827957093226,-2.291212159448847,-0.3105429950512022
12.0,179.0,1004.1674194335938,-3.463539260208179,-4.725395938019273,-1.4363158006257977,2.1334699404495807,2.7982754135851207,1.7767159895066278,0.2648749546595165,1.3968827957093226,-2.291212157389966,-0.3105429950512022
12.0,179.0,1004.1674194335938,-3.463539277557831,-4.725395939814057,-1.436315800743088,2.1334699404495807,2.7982754155813705,1.7767159887542958,0.2648749546595169,1.3968827957093226,-2.291212157389966,-0.3105429950513836
12.0,179.0,1004.1674194335938,-3.4635392794540145,-4.725395937987234,-1.436315800743088,2.1334699404495807,2.798293925376849,1.7767159887543738,0.2648749546595125,1.3968827957093226,-2.291212157389966,-0.3105429950513836
12.0,179.0,1004.1674194335938,-3.463539867399512,-4.725395940094856,-1.4363158007430905,2.1334699404495807,2.7982754155813705,1.7767159887547364,0.2648749546594409,1.3968827957093226,-2.2912123336945927,-0.3105429950513836
12.0,179.0,1004.1674194335938,-3.463539277557831,-4.725395938019273,-1.4363158007428172,2.1334699404495807,2.7982754155813705,1.7767159887345203,0.2648749546594358,1.3968827957093226,-2.291212157389966,-0.3105429950513682
12.0,179.0,1004.1674194335938,-3.463539277557831,-4.725395939814057,-1.4363158007432486,2.1334699404495807,2.7982754155813705,1.7767159887698882,0.2648749546595169,1.3968827957093226,-2.291212157389966,-0.3105429950512986
12.0,179.0,1004.1674194335938,-3.463539277557831,-4.725395939814057,-1.436315800743088,2.1334699404495807,2.7982754155813705,1.7767159887542958,0.2648749546595169,1.3968827957093226,-2.291212157389966,-0.3105429950513931
12.0,179.0,1004.1674194335938,-3.463539838007906,-4.725395939836502,-1.4363158006255503,2.1334699404495807,2.798275415531722,1.7767159887237935,0.264874954659501,1.3968827957093226,-2.291212157389966,-0.3105429950526493
12.0,179.0,1004.1674194335938,-3.4635398300377203,-4.725395938224921,-1.4363158006149028,2.1334699404495807,2.7982773401197822,1.7767159887706545,0.2648749546594789,1.3968827957093226,-2.291212601875652,-0.3105429950517677
12.0,179.0,1004.1674194335938,-3.46353986897168,-4.725395938224921,-1.4363158007431671,2.1334699404495807,2.7982773401197822,1.776715988770659,0.2648749546604703,1.3968827957093226,-2.291207094146736,-0.3105429950263657
12.0,179.0,1004.1674194335938,-3.463539277557831,-4.725395938052213,-1.436315800758749,2.1334699404495807,2.7982754155813705,1.7767159887733786,0.2648749546595169,1.3968827957093226,-2.291212150956033,-0.3105429950513745
12.0,179.0,1004.1674194335938,-3.463539853797943,-4.725395938113519,-1.4363158007447914,2.1334699404495807,2.7982755156329566,1.7767159887191084,0.2648749546595009,1.3968827957093226,-2.291209543252789,-0.3105429950526729
12.0,179.0,1004.1674194335938,-3.4635398300377203,-4.725395938224921,-1.4363158006150694,2.1334699404495807,2.798277234312072,1.7767159887702368,0.2648749546605413,1.3968827957093226,-2.2912121431858727,-0.3105429950259336
12.0,179.0,1004.1674194335938,-3.463539277557831,-4.725395939814057,-1.4363158006167998,2.1334699404495807,2.7982754155813705,1.7767159887548558,0.2648749546595169,1.3968827957093226,-2.291212157389966,-0.3105429950512047
12.0,179.0,1004.1674194335938,-3.463539277557831,-4.725395937986948,-1.436315800743088,2.1334699404495807,2.7982754155813705,1.7767159887631194,0.2648749546595169,1.3968827957093226,-2.291212150982473,-0.3105429950513836
12.0,180.0,1004.1674194335938,-3.463539277557831,-4.725395938019273,-1.436315800622839,2.1334699404495807,2.7982754155813705,1.7767159887340211,0.2648749546595169,1.3968827957093226,-2.291212157389966,-0.3105429950512022
12.0,180.0,1004.1674194335938,-3.463539277557831,-4.725395939814057,-1.436315800743088,2.1334699404495807,2.7982754155813705,1.7767159887542958,0.2648749546595169,1.3968827957093226,-2.291212157389966,-0.3105429950513836
12.0,180.0,1004.1674194335938,-3.463539277557831,-4.725395939814057,-1.436315800743088,2.1334699404495807,2.7982754155813705,1.7767159887542958,0.2648749546595169,1.3968827957093226,-2.291212157389966,-0.3105429950513836
12.0,180.0,1004.1674194335938,-3.463539277557831,-4.725395938019273,-1.436315800622839,2.1334699404495807,2.7982754155813705,1.7767159887340211,0.2648749546595169,1.3968827957093226,-2.291212157389966,-0.3105429950512022
12.0,180.0,1004.1674194335938,-3.463539277557831,-4.725395939814057,-1.436315800743088,2.1334699404495807,2.7982754155813705,1.7767159887542958,0.2648749546595169,1.3968827957093226,-2.291212157389966,-0.3105429950513836
12.0,180.0,1004.1674194335938,-3.4635398300377203,-4.725395938224921,-1.4363158007428922,2.1334699404495807,2.7982773401197822,1.7767159887702368,0.2648749546604703,1.3968827957093226,-2.291207094146736,-0.3105429950263657
12.0,180.0,1004.1674194335938,-3.4635392794540145,-4.725395939805206,-1.436315800743088,2.1334699404495807,2.798293925376849,1.7767159887542958,0.2648749546595125,1.3968827957093226,-2.291212157389966,-0.3105429950513836
12.0,180.0,1004.1674194335938,-3.463539277557831,-4.725395939814057,-1.436315800743088,2.1334699404495807,2.7982754155813705,1.7767159887542958,0.2648749546595169,1.3968827957093226,-2.291212157389966,-0.3105429950513836
12.0,180.0,1004.1674194335938,-3.463539277557831,-4.725395939814057,-1.436315800743088,2.1334699404495807,2.7982754155813705,1.7767159887542958,0.2648749546595169,1.3968827957093226,-2.291212157389966,-0.3105429950513836
12.0,180.0,1004.1674194335938,-3.463539277557831,-4.725395938019273,-1.436315800622839,2.1334699404495807,2.7982754155813705,1.7767159887340211,0.2648749546595169,1.3968827957093226,-2.291212157389966,-0.3105429950512022
12.0,180.0,1004.1674194335938,-3.463539277557831,-4.725395939814057,-1.436315800743088,2.1334699404495807,2.7982754155813705,1.7767159887542958,0.2648749546595169,1.3968827957093226,-2.291212157389966,-0.3105429950513836
12.0,180.0,1004.1674194335938,-3.463539277557831,-4.725395938019273,-1.436315800622839,2.1334699404495807,2.7982754155813705,1.7767159887340211,0.2648749546595169,1.3968827957093226,-2.291212157389966,-0.3105429950512022
12.0,180.0,1004.1674194335938,-3.463539277557831,-4.725395938019273,-1.436315800732415,2.1334699404495807,2.7982754155813705,1.7767159887345203,0.2648749546594385,1.3968827957093226,-2.291212157389966,-0.3105429950512046
12.0,180.0,1004.1674194335938,-3.463539277557831,-4.725395939836502,-1.4363158006255503,2.1334699404495807,2.7982754155813705,1.7767159887542958,0.2648749546595169,1.3968827957093226,-2.291212157389966,-0.3105429950513806
12.0,180.0,1004.1674194335938,-3.4635392794112048,-4.725395939805206,-1.436315800743088,2.1334699404495807,2.798293925376849,1.7767159887542958,0.2648749546595125,1.3968827957093226,-2.291212157389966,-0.3105429950513836
12.0,180.0,1004.1674194335938,-3.4635398687278176,-4.725395939814057,-1.4363158007430905,2.1334699404495807,2.7982754155813705,1.7767159887542958,0.2648749546595169,1.3968827957093226,-2.2912123336945927,-0.3105429950513836
12.0,180.0,1004.1674194335938,-3.463539277557831,-4.725395938232332,-1.436315800622831,2.1334699404495807,2.7982754155813705,1.7767159887695947,0.2648749546595169,1.3968827957093226,-2.2912121881381946,-0.3105429950513833
12.0,180.0,1004.1674194335938,-3.463539836448291,-4.725395938113519,-1.4363158006197612,2.1334699404495807,2.7982755136367072,1.776715989491715,0.2648749546595169,1.3968827957093226,-2.291209543252789,-0.3105429950520684
12.0,180.0,1004.1674194335938,-3.463539277557831,-4.725395939814057,-1.436315800743088,2.1334699404495807,2.798275510298065,1.7767159887542958,0.2648749546595169,1.3968827957093226,-2.291212157389966,-0.3105429950513836
12.0,180.0,1004.1674194335938,-3.463539277557831,-4.725395937996827,-1.4363158007403765,2.1334699404495807,2.7982754155813705,1.7767159887340211,0.2648749546595169,1.3968827957093226,-2.291212157389966,-0.3105429950512052
12.0,180.0,1004.1674194335938,-3.463539277557831,-4.725395939814057,-1.436315800743088,2.1334699404495807,2.7982754155813705,1.776715988753896,0.2648749546595169,1.3968827957093226,-2.291212157389966,-0.3105429950512007
12.0,180.0,1004.1674194335938,-3.463539277557831,-4.725395939814057,-1.4363158006261274,2.1334699404495807,2.7982754155813705,1.7767159887542958,0.2648749546595169,1.3968827957093226,-2.291212157389966,-0.3105429950513836
12.0,180.0,1004.1674194335938,-3.463539277557831,-4.725395938019273,-1.4363158007461418,2.1334699404495807,2.7982754155813705,1.776715988763587,0.2648749546595169,1.3968827957093226,-2.2912121511384704,-0.3105429950513794
12.0,180.0,1004.1674194335938,-3.463539277557831,-4.725395938019273,-1.4363158006234134,2.1334699404495807,2.7982754155813705,1.7767159887327288,0.2648749546595169,1.3968827957093226,-2.291212157389966,-0.3105429950511741
12.0,180.0,1004.1674194335938,-3.463539836448291,-4.725395938113519,-1.4363158007477503,2.1334699404495807,2.7982755136367072,1.776715989491715,0.2648749546595005,1.3968827957093226,-2.291209543252789,-0.3105429950526729
12.0,180.0,1004.1674194335938,-3.4635398687278176,-4.725395939814057,-1.4363158007506265,2.1334699404495807,2.7982754155813705,1.7767159887542958,0.2648749546595169,1.3968827957093226,-2.2912123336945927,-0.3105429950513769
12.0,180.0,1004.1674194335938,-3.4635416219596964,-4.725395939814057,-1.436315800743088,2.1334699404495807,2.7982754155813705,1.776715988753896,0.2648749546595206,1.3968827957093226,-2.291212157389966,-0.3105429950512012
12.0,180.0,1004.1674194335938,-3.463539277557831,-4.725395938019273,-1.4363158006130674,2.1334699404495807,2.7982754155813705,1.7767159887340211,0.2648749546595169,1.3968827957093226,-2.291212157389966,-0.3105429950512022
12.0,180.0,1004.1674194335938,-3.4635398300377203,-4.725395938224921,-1.4363158006149028,2.1334699404495807,2.7982773401197822,1.7767159887702368,0.2648749546604867,1.3968827957093226,-2.291207094146736,-0.310542995025761
12.0,180.0,1004.1674194335938,-3.463539277557831,-4.725395938056315,-1.436315800758749,2.1334699404495807,2.7982754155813705,1.7767159887733786,0.2648749546595169,1.3968827957093226,-2.291212150956033,-0.3105429950512022
12.0,180.0,1004.1674194335938,-3.463539277557831,-4.725395938019273,-1.4363158006153027,2.1334699404495807,2.7982754155813705,1.7767159887340211,0.2648749546595169,1.3968827957093226,-2.291212157389966,-0.3105429950512089
12.0,180.0,1004.1674194335938,-3.463539277557831,-4.725395937165235,-1.4363158007428931,2.1334699404495807,2.7982754155813705,1.7767159887708073,0.2648749546595169,1.3968827957093226,-2.291212157389966,-0.3105429950513836
12.0,180.0,1004.1674194335938,-3.4635392794540145,-4.725395937987234,-1.436315800743088,2.1334699404495807,2.798293925376849,1.7767159887543738,0.2648749546595125,1.3968827957093226,-2.291212157389966,-0.3105429950513836
12.0,180.0,1004.1674194335938,-3.463539277557831,-4.725395939814057,-1.436315800743088,2.1334699404495807,2.7982754155813705,1.7767159887542958,0.2648749546595169,1.3968827957093226,-2.291212157389966,-0.3105429950513836
12.0,180.0,1004.1674194335938,-3.463539277557831,-4.725395938021503,-1.436315800622839,2.1334699404495807,2.7982754155813705,1.7767159887707749,0.2648749546595169,1.3968827957093226,-2.291212159448847,-0.3105429950512022
12.0,180.0,1004.1674194335938,-3.463539260208179,-4.725395938019273,-1.4363158006257977,2.1334699404495807,2.7982754135851207,1.7767159895066278,0.2648749546595165,1.3968827957093226,-2.291212157389966,-0.3105429950512022
12.0,180.0,1004.1674194335938,-3.463539277557831,-4.725395939814057,-1.436315800743088,2.1334699404495807,2.7982754155813705,1.7767159887542958,0.2648749546595169,1.3968827957093226,-2.291212157389966,-0.3105429950513836
12.0,180.0,1004.1674194335938,-3.4635392794540145,-4.725395937987234,-1.436315800743088,2.1334699404495807,2.798293925376849,1.7767159887543738,0.2648749546595125,1.3968827957093226,-2.291212157389966,-0.3105429950513836
12.0,180.0,1004.1674194335938,-3.463539867399512,-4.725395940094856,-1.4363158007430905,2.1334699404495807,2.7982754155813705,1.7767159887547364,0.2648749546594409,1.3968827957093226,-2.2912123336945927,-0.3105429950513836
12.0,180.0,1004.1674194335938,-3.463539277557831,-4.725395938019273,-1.4363158007428172,2.1334699404495807,2.7982754155813705,1.7767159887345203,0.2648749546594358,1.3968827957093226,-2.291212157389966,-0.3105429950513682
12.0,180.0,1004.1674194335938,-3.463539277557831,-4.725395939814057,-1.4363158007432486,2.1334699404495807,2.7982754155813705,1.7767159887698882,0.2648749546595169,1.3968827957093226,-2.291212157389966,-0.3105429950512986
12.0,180.0,1004.1674194335938,-3.463539277557831,-4.725395939814057,-1.436315800743088,2.1334699404495807,2.7982754155813705,1.7767159887542958,0.2648749546595169,1.3968827957093226,-2.291212157389966,-0.3105429950513931
12.0,180.0,1004.1674194335938,-3.463539838007906,-4.725395939836502,-1.4363158006255503,2.1334699404495807,2.798275415531722,1.7767159887237935,0.264874954659501,1.3968827957093226,-2.291212157389966,-0.3105429950526493
12.0,180.0,1004.1674194335938,-3.4635398300377203,-4.725395938224921,-1.4363158006149028,2.1334699404495807,2.7982773401197822,1.7767159887706545,0.2648749546594789,1.3968827957093226,-2.291212601875652,-0.3105429950517677
12.0,180.0,1004.1674194335938,-3.46353986897168,-4.725395938224921,-1.4363158007431671,2.1334699404495807,2.7982773401197822,1.776715988770659,0.2648749546604703,1.3968827957093226,-2.291207094146736,-0.3105429950263657
12.0,180.0,1004.1674194335938,-3.463539277557831,-4.725395938052213,-1.436315800758749,2.1334699404495807,2.7982754155813705,1.7767159887733786,0.2648749546595169,1.3968827957093226,-2.291212150956033,-0.3105429950513745
12.0,180.0,1004.1674194335938,-3.463539853797943,-4.725395938113519,-1.4363158007447914,2.1334699404495807,2.7982755156329566,1.7767159887191084,0.2648749546595009,1.3968827957093226,-2.291209543252789,-0.3105429950526729
12.0,180.0,1004.1674194335938,-3.4635398300377203,-4.725395938224921,-1.4363158006150694,2.1334699404495807,2.798277234312072,1.7767159887702368,0.2648749546605413,1.3968827957093226,-2.2912121431858727,-0.3105429950259336
12.0,180.0,1004.1674194335938,-3.463539277557831,-4.725395939814057,-1.4363158006167998,2.1334699404495807,2.7982754155813705,1.7767159887548558,0.2648749546595169,1.3968827957093226,-2.291212157389966,-0.3105429950512047
12.0,180.0,1004.1674194335938,-3.463539277557831,-4.725395937986948,-1.436315800743088,2.1334699404495807,2.7982754155813705,1.7767159887631194,0.2648749546595169,1.3968827957093226,-2.291212150982473,-0.3105429950513836
12.0,181.0,1004.1674194335938,-3.463539277557831,-4.725395938019273,-1.436315800622839,2.1334699404495807,2.7982754155813705,1.7767159887340211,0.2648749546595169,1.3968827957093226,-2.291212157389966,-0.3105429950512022
12.0,181.0,1004.1674194335938,-3.463539277557831,-4.725395939814057,-1.436315800743088,2.1334699404495807,2.7982754155813705,1.7767159887542958,0.2648749546595169,1.3968827957093226,-2.291212157389966,-0.3105429950513836
12.0,181.0,1004.1674194335938,-3.463539277557831,-4.725395939814057,-1.436315800743088,2.1334699404495807,2.7982754155813705,1.7767159887542958,0.2648749546595169,1.3968827957093226,-2.291212157389966,-0.3105429950513836
12.0,181.0,1004.1674194335938,-3.463539277557831,-4.725395938019273,-1.436315800622839,2.1334699404495807,2.7982754155813705,1.7767159887340211,0.2648749546595169,1.3968827957093226,-2.291212157389966,-0.3105429950512022
12.0,181.0,1004.1674194335938,-3.463539277557831,-4.725395939814057,-1.436315800743088,2.1334699404495807,2.7982754155813705,1.7767159887542958,0.2648749546595169,1.3968827957093226,-2.291212157389966,-0.3105429950513836
12.0,181.0,1004.1674194335938,-3.4635398300377203,-4.725395938224921,-1.4363158007428922,2.1334699404495807,2.7982773401197822,1.7767159887702368,0.2648749546604703,1.3968827957093226,-2.291207094146736,-0.3105429950263657
12.0,181.0,1004.1674194335938,-3.4635392794540145,-4.725395939805206,-1.436315800743088,2.1334699404495807,2.798293925376849,1.7767159887542958,0.2648749546595125,1.3968827957093226,-2.291212157389966,-0.3105429950513836
12.0,181.0,1004.1674194335938,-3.463539277557831,-4.725395939814057,-1.436315800743088,2.1334699404495807,2.7982754155813705,1.7767159887542958,0.2648749546595169,1.3968827957093226,-2.291212157389966,-0.3105429950513836
12.0,181.0,1004.1674194335938,-3.463539277557831,-4.725395939814057,-1.436315800743088,2.1334699404495807,2.7982754155813705,1.7767159887542958,0.2648749546595169,1.3968827957093226,-2.291212157389966,-0.3105429950513836
12.0,181.0,1004.1674194335938,-3.463539277557831,-4.725395938019273,-1.436315800622839,2.1334699404495807,2.7982754155813705,1.7767159887340211,0.2648749546595169,1.3968827957093226,-2.291212157389966,-0.3105429950512022
12.0,181.0,1004.1674194335938,-3.463539277557831,-4.725395939814057,-1.436315800743088,2.1334699404495807,2.7982754155813705,1.7767159887542958,0.2648749546595169,1.3968827957093226,-2.291212157389966,-0.3105429950513836
12.0,181.0,1004.1674194335938,-3.463539277557831,-4.725395938019273,-1.436315800622839,2.1334699404495807,2.7982754155813705,1.7767159887340211,0.2648749546595169,1.3968827957093226,-2.291212157389966,-0.3105429950512022
12.0,181.0,1004.1674194335938,-3.463539277557831,-4.725395938019273,-1.436315800732415,2.1334699404495807,2.7982754155813705,1.7767159887345203,0.2648749546594385,1.3968827957093226,-2.291212157389966,-0.3105429950512046
12.0,181.0,1004.1674194335938,-3.463539277557831,-4.725395939836502,-1.4363158006255503,2.1334699404495807,2.7982754155813705,1.7767159887542958,0.2648749546595169,1.3968827957093226,-2.291212157389966,-0.3105429950513806
12.0,181.0,1004.1674194335938,-3.4635392794112048,-4.725395939805206,-1.436315800743088,2.1334699404495807,2.798293925376849,1.7767159887542958,0.2648749546595125,1.3968827957093226,-2.291212157389966,-0.3105429950513836
12.0,181.0,1004.1674194335938,-3.4635398687278176,-4.725395939814057,-1.4363158007430905,2.1334699404495807,2.7982754155813705,1.7767159887542958,0.2648749546595169,1.3968827957093226,-2.2912123336945927,-0.3105429950513836
12.0,181.0,1004.1674194335938,-3.463539277557831,-4.725395938232332,-1.436315800622831,2.1334699404495807,2.7982754155813705,1.7767159887695947,0.2648749546595169,1.3968827957093226,-2.2912121881381946,-0.3105429950513833
12.0,181.0,1004.1674194335938,-3.463539836448291,-4.725395938113519,-1.4363158006197612,2.1334699404495807,2.7982755136367072,1.776715989491715,0.2648749546595169,1.3968827957093226,-2.291209543252789,-0.3105429950520684
12.0,181.0,1004.1674194335938,-3.463539277557831,-4.725395939814057,-1.436315800743088,2.1334699404495807,2.798275510298065,1.7767159887542958,0.2648749546595169,1.3968827957093226,-2.291212157389966,-0.3105429950513836
12.0,181.0,1004.1674194335938,-3.463539277557831,-4.725395937996827,-1.4363158007403765,2.1334699404495807,2.7982754155813705,1.7767159887340211,0.2648749546595169,1.3968827957093226,-2.291212157389966,-0.3105429950512052
12.0,181.0,1004.1674194335938,-3.463539277557831,-4.725395939814057,-1.436315800743088,2.1334699404495807,2.7982754155813705,1.776715988753896,0.2648749546595169,1.3968827957093226,-2.291212157389966,-0.3105429950512007
12.0,181.0,1004.1674194335938,-3.463539277557831,-4.725395939814057,-1.4363158006261274,2.1334699404495807,2.7982754155813705,1.7767159887542958,0.2648749546595169,1.3968827957093226,-2.291212157389966,-0.3105429950513836
12.0,181.0,1004.1674194335938,-3.463539277557831,-4.725395938019273,-1.4363158007461418,2.1334699404495807,2.7982754155813705,1.776715988763587,0.2648749546595169,1.3968827957093226,-2.2912121511384704,-0.3105429950513794
12.0,181.0,1004.1674194335938,-3.463539277557831,-4.725395938019273,-1.4363158006234134,2.1334699404495807,2.7982754155813705,1.7767159887327288,0.2648749546595169,1.3968827957093226,-2.291212157389966,-0.3105429950511741
12.0,181.0,1004.1674194335938,-3.463539836448291,-4.725395938113519,-1.4363158007477503,2.1334699404495807,2.7982755136367072,1.776715989491715,0.2648749546595005,1.3968827957093226,-2.291209543252789,-0.3105429950526729
12.0,181.0,1004.1674194335938,-3.4635398687278176,-4.725395939814057,-1.4363158007506265,2.1334699404495807,2.7982754155813705,1.7767159887542958,0.2648749546595169,1.3968827957093226,-2.2912123336945927,-0.3105429950513769
12.0,181.0,1004.1674194335938,-3.4635416219596964,-4.725395939814057,-1.436315800743088,2.1334699404495807,2.7982754155813705,1.776715988753896,0.2648749546595206,1.3968827957093226,-2.291212157389966,-0.3105429950512012
12.0,181.0,1004.1674194335938,-3.463539277557831,-4.725395938019273,-1.4363158006130674,2.1334699404495807,2.7982754155813705,1.7767159887340211,0.2648749546595169,1.3968827957093226,-2.291212157389966,-0.3105429950512022
12.0,181.0,1004.1674194335938,-3.4635398300377203,-4.725395938224921,-1.4363158006149028,2.1334699404495807,2.7982773401197822,1.7767159887702368,0.2648749546604867,1.3968827957093226,-2.291207094146736,-0.310542995025761
12.0,181.0,1004.1674194335938,-3.463539277557831,-4.725395938056315,-1.436315800758749,2.1334699404495807,2.7982754155813705,1.7767159887733786,0.2648749546595169,1.3968827957093226,-2.291212150956033,-0.3105429950512022
12.0,181.0,1004.1674194335938,-3.463539277557831,-4.725395938019273,-1.4363158006153027,2.1334699404495807,2.7982754155813705,1.7767159887340211,0.2648749546595169,1.3968827957093226,-2.291212157389966,-0.3105429950512089
12.0,181.0,1004.1674194335938,-3.463539277557831,-4.725395937165235,-1.4363158007428931,2.1334699404495807,2.7982754155813705,1.7767159887708073,0.2648749546595169,1.3968827957093226,-2.291212157389966,-0.3105429950513836
12.0,181.0,1004.1674194335938,-3.4635392794540145,-4.725395937987234,-1.436315800743088,2.1334699404495807,2.798293925376849,1.7767159887543738,0.2648749546595125,1.3968827957093226,-2.291212157389966,-0.3105429950513836
12.0,181.0,1004.1674194335938,-3.463539277557831,-4.725395939814057,-1.436315800743088,2.1334699404495807,2.7982754155813705,1.7767159887542958,0.2648749546595169,1.3968827957093226,-2.291212157389966,-0.3105429950513836
12.0,181.0,1004.1674194335938,-3.463539277557831,-4.725395938021503,-1.436315800622839,2.1334699404495807,2.7982754155813705,1.7767159887707749,0.2648749546595169,1.3968827957093226,-2.291212159448847,-0.3105429950512022
12.0,181.0,1004.1674194335938,-3.463539260208179,-4.725395938019273,-1.4363158006257977,2.1334699404495807,2.7982754135851207,1.7767159895066278,0.2648749546595165,1.3968827957093226,-2.291212157389966,-0.3105429950512022
12.0,181.0,1004.1674194335938,-3.463539277557831,-4.725395939814057,-1.436315800743088,2.1334699404495807,2.7982754155813705,1.7767159887542958,0.2648749546595169,1.3968827957093226,-2.291212157389966,-0.3105429950513836
12.0,181.0,1004.1674194335938,-3.4635392794540145,-4.725395937987234,-1.436315800743088,2.1334699404495807,2.798293925376849,1.7767159887543738,0.2648749546595125,1.3968827957093226,-2.291212157389966,-0.3105429950513836
12.0,181.0,1004.1674194335938,-3.463539867399512,-4.725395940094856,-1.4363158007430905,2.1334699404495807,2.7982754155813705,1.7767159887547364,0.2648749546594409,1.3968827957093226,-2.2912123336945927,-0.3105429950513836
12.0,181.0,1004.1674194335938,-3.463539277557831,-4.725395938019273,-1.4363158007428172,2.1334699404495807,2.7982754155813705,1.7767159887345203,0.2648749546594358,1.3968827957093226,-2.291212157389966,-0.3105429950513682
12.0,181.0,1004.1674194335938,-3.463539277557831,-4.725395939814057,-1.4363158007432486,2.1334699404495807,2.7982754155813705,1.7767159887698882,0.2648749546595169,1.3968827957093226,-2.291212157389966,-0.3105429950512986
12.0,181.0,1004.1674194335938,-3.463539277557831,-4.725395939814057,-1.436315800743088,2.1334699404495807,2.7982754155813705,1.7767159887542958,0.2648749546595169,1.3968827957093226,-2.291212157389966,-0.3105429950513931
12.0,181.0,1004.1674194335938,-3.463539838007906,-4.725395939836502,-1.4363158006255503,2.1334699404495807,2.798275415531722,1.7767159887237935,0.264874954659501,1.3968827957093226,-2.291212157389966,-0.3105429950526493
12.0,181.0,1004.1674194335938,-3.4635398300377203,-4.725395938224921,-1.4363158006149028,2.1334699404495807,2.7982773401197822,1.7767159887706545,0.2648749546594789,1.3968827957093226,-2.291212601875652,-0.3105429950517677
12.0,181.0,1004.1674194335938,-3.46353986897168,-4.725395938224921,-1.4363158007431671,2.1334699404495807,2.7982773401197822,1.776715988770659,0.2648749546604703,1.3968827957093226,-2.291207094146736,-0.3105429950263657
12.0,181.0,1004.1674194335938,-3.463539277557831,-4.725395938052213,-1.436315800758749,2.1334699404495807,2.7982754155813705,1.7767159887733786,0.2648749546595169,1.3968827957093226,-2.291212150956033,-0.3105429950513745
12.0,181.0,1004.1674194335938,-3.463539853797943,-4.725395938113519,-1.4363158007447914,2.1334699404495807,2.7982755156329566,1.7767159887191084,0.2648749546595009,1.3968827957093226,-2.291209543252789,-0.3105429950526729
12.0,181.0,1004.1674194335938,-3.4635398300377203,-4.725395938224921,-1.4363158006150694,2.1334699404495807,2.798277234312072,1.7767159887702368,0.2648749546605413,1.3968827957093226,-2.2912121431858727,-0.3105429950259336
12.0,181.0,1004.1674194335938,-3.463539277557831,-4.725395939814057,-1.4363158006167998,2.1334699404495807,2.7982754155813705,1.7767159887548558,0.2648749546595169,1.3968827957093226,-2.291212157389966,-0.3105429950512047
12.0,181.0,1004.1674194335938,-3.463539277557831,-4.725395937986948,-1.436315800743088,2.1334699404495807,2.7982754155813705,1.7767159887631194,0.2648749546595169,1.3968827957093226,-2.291212150982473,-0.3105429950513836
12.0,182.0,1004.1674194335938,-3.463539277557831,-4.725395938019273,-1.436315800622839,2.1334699404495807,2.7982754155813705,1.7767159887340211,0.2648749546595169,1.3968827957093226,-2.291212157389966,-0.3105429950512022
12.0,182.0,1004.1674194335938,-3.463539277557831,-4.725395939814057,-1.436315800743088,2.1334699404495807,2.7982754155813705,1.7767159887542958,0.2648749546595169,1.3968827957093226,-2.291212157389966,-0.3105429950513836
12.0,182.0,1004.1674194335938,-3.463539277557831,-4.725395939814057,-1.436315800743088,2.1334699404495807,2.7982754155813705,1.7767159887542958,0.2648749546595169,1.3968827957093226,-2.291212157389966,-0.3105429950513836
12.0,182.0,1004.1674194335938,-3.463539277557831,-4.725395938019273,-1.436315800622839,2.1334699404495807,2.7982754155813705,1.7767159887340211,0.2648749546595169,1.3968827957093226,-2.291212157389966,-0.3105429950512022
12.0,182.0,1004.1674194335938,-3.463539277557831,-4.725395939814057,-1.436315800743088,2.1334699404495807,2.7982754155813705,1.7767159887542958,0.2648749546595169,1.3968827957093226,-2.291212157389966,-0.3105429950513836
12.0,182.0,1004.1674194335938,-3.4635398300377203,-4.725395938224921,-1.4363158007428922,2.1334699404495807,2.7982773401197822,1.7767159887702368,0.2648749546604703,1.3968827957093226,-2.291207094146736,-0.3105429950263657
12.0,182.0,1004.1674194335938,-3.4635392794540145,-4.725395939805206,-1.436315800743088,2.1334699404495807,2.798293925376849,1.7767159887542958,0.2648749546595125,1.3968827957093226,-2.291212157389966,-0.3105429950513836
12.0,182.0,1004.1674194335938,-3.463539277557831,-4.725395939814057,-1.436315800743088,2.1334699404495807,2.7982754155813705,1.7767159887542958,0.2648749546595169,1.3968827957093226,-2.291212157389966,-0.3105429950513836
12.0,182.0,1004.1674194335938,-3.463539277557831,-4.725395939814057,-1.436315800743088,2.1334699404495807,2.7982754155813705,1.7767159887542958,0.2648749546595169,1.3968827957093226,-2.291212157389966,-0.3105429950513836
12.0,182.0,1004.1674194335938,-3.463539277557831,-4.725395938019273,-1.436315800622839,2.1334699404495807,2.7982754155813705,1.7767159887340211,0.2648749546595169,1.3968827957093226,-2.291212157389966,-0.3105429950512022
12.0,182.0,1004.1674194335938,-3.463539277557831,-4.725395939814057,-1.436315800743088,2.1334699404495807,2.7982754155813705,1.7767159887542958,0.2648749546595169,1.3968827957093226,-2.291212157389966,-0.3105429950513836
12.0,182.0,1004.1674194335938,-3.463539277557831,-4.725395938019273,-1.436315800622839,2.1334699404495807,2.7982754155813705,1.7767159887340211,0.2648749546595169,1.3968827957093226,-2.291212157389966,-0.3105429950512022
12.0,182.0,1004.1674194335938,-3.463539277557831,-4.725395938019273,-1.436315800732415,2.1334699404495807,2.7982754155813705,1.7767159887345203,0.2648749546594385,1.3968827957093226,-2.291212157389966,-0.3105429950512046
12.0,182.0,1004.1674194335938,-3.463539277557831,-4.725395939836502,-1.4363158006255503,2.1334699404495807,2.7982754155813705,1.7767159887542958,0.2648749546595169,1.3968827957093226,-2.291212157389966,-0.3105429950513806
12.0,182.0,1004.1674194335938,-3.4635392794112048,-4.725395939805206,-1.436315800743088,2.1334699404495807,2.798293925376849,1.7767159887542958,0.2648749546595125,1.3968827957093226,-2.291212157389966,-0.3105429950513836
12.0,182.0,1004.1674194335938,-3.4635398687278176,-4.725395939814057,-1.4363158007430905,2.1334699404495807,2.7982754155813705,1.7767159887542958,0.2648749546595169,1.3968827957093226,-2.2912123336945927,-0.3105429950513836
12.0,182.0,1004.1674194335938,-3.463539277557831,-4.725395938232332,-1.436315800622831,2.1334699404495807,2.7982754155813705,1.7767159887695947,0.2648749546595169,1.3968827957093226,-2.2912121881381946,-0.3105429950513833
12.0,182.0,1004.1674194335938,-3.463539836448291,-4.725395938113519,-1.4363158006197612,2.1334699404495807,2.7982755136367072,1.776715989491715,0.2648749546595169,1.3968827957093226,-2.291209543252789,-0.3105429950520684
12.0,182.0,1004.1674194335938,-3.463539277557831,-4.725395939814057,-1.436315800743088,2.1334699404495807,2.798275510298065,1.7767159887542958,0.2648749546595169,1.3968827957093226,-2.291212157389966,-0.3105429950513836
12.0,182.0,1004.1674194335938,-3.463539277557831,-4.725395937996827,-1.4363158007403765,2.1334699404495807,2.7982754155813705,1.7767159887340211,0.2648749546595169,1.3968827957093226,-2.291212157389966,-0.3105429950512052
12.0,182.0,1004.1674194335938,-3.463539277557831,-4.725395939814057,-1.436315800743088,2.1334699404495807,2.7982754155813705,1.776715988753896,0.2648749546595169,1.3968827957093226,-2.291212157389966,-0.3105429950512007
12.0,182.0,1004.1674194335938,-3.463539277557831,-4.725395939814057,-1.4363158006261274,2.1334699404495807,2.7982754155813705,1.7767159887542958,0.2648749546595169,1.3968827957093226,-2.291212157389966,-0.3105429950513836
12.0,182.0,1004.1674194335938,-3.463539277557831,-4.725395938019273,-1.4363158007461418,2.1334699404495807,2.7982754155813705,1.776715988763587,0.2648749546595169,1.3968827957093226,-2.2912121511384704,-0.3105429950513794
12.0,182.0,1004.1674194335938,-3.463539277557831,-4.725395938019273,-1.4363158006234134,2.1334699404495807,2.7982754155813705,1.7767159887327288,0.2648749546595169,1.3968827957093226,-2.291212157389966,-0.3105429950511741
12.0,182.0,1004.1674194335938,-3.463539836448291,-4.725395938113519,-1.4363158007477503,2.1334699404495807,2.7982755136367072,1.776715989491715,0.2648749546595005,1.3968827957093226,-2.291209543252789,-0.3105429950526729
12.0,182.0,1004.1674194335938,-3.4635398687278176,-4.725395939814057,-1.4363158007506265,2.1334699404495807,2.7982754155813705,1.7767159887542958,0.2648749546595169,1.3968827957093226,-2.2912123336945927,-0.3105429950513769
12.0,182.0,1004.1674194335938,-3.4635416219596964,-4.725395939814057,-1.436315800743088,2.1334699404495807,2.7982754155813705,1.776715988753896,0.2648749546595206,1.3968827957093226,-2.291212157389966,-0.3105429950512012
12.0,182.0,1004.1674194335938,-3.463539277557831,-4.725395938019273,-1.4363158006130674,2.1334699404495807,2.7982754155813705,1.7767159887340211,0.2648749546595169,1.3968827957093226,-2.291212157389966,-0.3105429950512022
12.0,182.0,1004.1674194335938,-3.4635398300377203,-4.725395938224921,-1.4363158006149028,2.1334699404495807,2.7982773401197822,1.7767159887702368,0.2648749546604867,1.3968827957093226,-2.291207094146736,-0.310542995025761
12.0,182.0,1004.1674194335938,-3.463539277557831,-4.725395938056315,-1.436315800758749,2.1334699404495807,2.7982754155813705,1.7767159887733786,0.2648749546595169,1.3968827957093226,-2.291212150956033,-0.3105429950512022
12.0,182.0,1004.1674194335938,-3.463539277557831,-4.725395938019273,-1.4363158006153027,2.1334699404495807,2.7982754155813705,1.7767159887340211,0.2648749546595169,1.3968827957093226,-2.291212157389966,-0.3105429950512089
12.0,182.0,1004.1674194335938,-3.463539277557831,-4.725395937165235,-1.4363158007428931,2.1334699404495807,2.7982754155813705,1.7767159887708073,0.2648749546595169,1.3968827957093226,-2.291212157389966,-0.3105429950513836
12.0,182.0,1004.1674194335938,-3.4635392794540145,-4.725395937987234,-1.436315800743088,2.1334699404495807,2.798293925376849,1.7767159887543738,0.2648749546595125,1.3968827957093226,-2.291212157389966,-0.3105429950513836
12.0,182.0,1004.1674194335938,-3.463539277557831,-4.725395939814057,-1.436315800743088,2.1334699404495807,2.7982754155813705,1.7767159887542958,0.2648749546595169,1.3968827957093226,-2.291212157389966,-0.3105429950513836
12.0,182.0,1004.1674194335938,-3.463539277557831,-4.725395938021503,-1.436315800622839,2.1334699404495807,2.7982754155813705,1.7767159887707749,0.2648749546595169,1.3968827957093226,-2.291212159448847,-0.3105429950512022
12.0,182.0,1004.1674194335938,-3.463539260208179,-4.725395938019273,-1.4363158006257977,2.1334699404495807,2.7982754135851207,1.7767159895066278,0.2648749546595165,1.3968827957093226,-2.291212157389966,-0.3105429950512022
12.0,182.0,1004.1674194335938,-3.463539277557831,-4.725395939814057,-1.436315800743088,2.1334699404495807,2.7982754155813705,1.7767159887542958,0.2648749546595169,1.3968827957093226,-2.291212157389966,-0.3105429950513836
12.0,182.0,1004.1674194335938,-3.4635392794540145,-4.725395937987234,-1.436315800743088,2.1334699404495807,2.798293925376849,1.7767159887543738,0.2648749546595125,1.3968827957093226,-2.291212157389966,-0.3105429950513836
12.0,182.0,1004.1674194335938,-3.463539867399512,-4.725395940094856,-1.4363158007430905,2.1334699404495807,2.7982754155813705,1.7767159887547364,0.2648749546594409,1.3968827957093226,-2.2912123336945927,-0.3105429950513836
12.0,182.0,1004.1674194335938,-3.463539277557831,-4.725395938019273,-1.4363158007428172,2.1334699404495807,2.7982754155813705,1.7767159887345203,0.2648749546594358,1.3968827957093226,-2.291212157389966,-0.3105429950513682
12.0,182.0,1004.1674194335938,-3.463539277557831,-4.725395939814057,-1.4363158007432486,2.1334699404495807,2.7982754155813705,1.7767159887698882,0.2648749546595169,1.3968827957093226,-2.291212157389966,-0.3105429950512986
12.0,182.0,1004.1674194335938,-3.463539277557831,-4.725395939814057,-1.436315800743088,2.1334699404495807,2.7982754155813705,1.7767159887542958,0.2648749546595169,1.3968827957093226,-2.291212157389966,-0.3105429950513931
12.0,182.0,1004.1674194335938,-3.463539838007906,-4.725395939836502,-1.4363158006255503,2.1334699404495807,2.798275415531722,1.7767159887237935,0.264874954659501,1.3968827957093226,-2.291212157389966,-0.3105429950526493
12.0,182.0,1004.1674194335938,-3.4635398300377203,-4.725395938224921,-1.4363158006149028,2.1334699404495807,2.7982773401197822,1.7767159887706545,0.2648749546594789,1.3968827957093226,-2.291212601875652,-0.3105429950517677
12.0,182.0,1004.1674194335938,-3.46353986897168,-4.725395938224921,-1.4363158007431671,2.1334699404495807,2.7982773401197822,1.776715988770659,0.2648749546604703,1.3968827957093226,-2.291207094146736,-0.3105429950263657
12.0,182.0,1004.1674194335938,-3.463539277557831,-4.725395938052213,-1.436315800758749,2.1334699404495807,2.7982754155813705,1.7767159887733786,0.2648749546595169,1.3968827957093226,-2.291212150956033,-0.3105429950513745
12.0,182.0,1004.1674194335938,-3.463539853797943,-4.725395938113519,-1.4363158007447914,2.1334699404495807,2.7982755156329566,1.7767159887191084,0.2648749546595009,1.3968827957093226,-2.291209543252789,-0.3105429950526729
12.0,182.0,1004.1674194335938,-3.4635398300377203,-4.725395938224921,-1.4363158006150694,2.1334699404495807,2.798277234312072,1.7767159887702368,0.2648749546605413,1.3968827957093226,-2.2912121431858727,-0.3105429950259336
12.0,182.0,1004.1674194335938,-3.463539277557831,-4.725395939814057,-1.4363158006167998,2.1334699404495807,2.7982754155813705,1.7767159887548558,0.2648749546595169,1.3968827957093226,-2.291212157389966,-0.3105429950512047
12.0,182.0,1004.1674194335938,-3.463539277557831,-4.725395937986948,-1.436315800743088,2.1334699404495807,2.7982754155813705,1.7767159887631194,0.2648749546595169,1.3968827957093226,-2.291212150982473,-0.3105429950513836
12.0,183.0,1004.1674194335938,-3.463539277557831,-4.725395938019273,-1.436315800622839,2.1334699404495807,2.7982754155813705,1.7767159887340211,0.2648749546595169,1.3968827957093226,-2.291212157389966,-0.3105429950512022
12.0,183.0,1004.1674194335938,-3.463539277557831,-4.725395939814057,-1.436315800743088,2.1334699404495807,2.7982754155813705,1.7767159887542958,0.2648749546595169,1.3968827957093226,-2.291212157389966,-0.3105429950513836
12.0,183.0,1004.1674194335938,-3.463539277557831,-4.725395939814057,-1.436315800743088,2.1334699404495807,2.7982754155813705,1.7767159887542958,0.2648749546595169,1.3968827957093226,-2.291212157389966,-0.3105429950513836
12.0,183.0,1004.1674194335938,-3.463539277557831,-4.725395938019273,-1.436315800622839,2.1334699404495807,2.7982754155813705,1.7767159887340211,0.2648749546595169,1.3968827957093226,-2.291212157389966,-0.3105429950512022
12.0,183.0,1004.1674194335938,-3.463539277557831,-4.725395939814057,-1.436315800743088,2.1334699404495807,2.7982754155813705,1.7767159887542958,0.2648749546595169,1.3968827957093226,-2.291212157389966,-0.3105429950513836
12.0,183.0,1004.1674194335938,-3.4635398300377203,-4.725395938224921,-1.4363158007428922,2.1334699404495807,2.7982773401197822,1.7767159887702368,0.2648749546604703,1.3968827957093226,-2.291207094146736,-0.3105429950263657
12.0,183.0,1004.1674194335938,-3.4635392794540145,-4.725395939805206,-1.436315800743088,2.1334699404495807,2.798293925376849,1.7767159887542958,0.2648749546595125,1.3968827957093226,-2.291212157389966,-0.3105429950513836
12.0,183.0,1004.1674194335938,-3.463539277557831,-4.725395939814057,-1.436315800743088,2.1334699404495807,2.7982754155813705,1.7767159887542958,0.2648749546595169,1.3968827957093226,-2.291212157389966,-0.3105429950513836
12.0,183.0,1004.1674194335938,-3.463539277557831,-4.725395939814057,-1.436315800743088,2.1334699404495807,2.7982754155813705,1.7767159887542958,0.2648749546595169,1.3968827957093226,-2.291212157389966,-0.3105429950513836
12.0,183.0,1004.1674194335938,-3.463539277557831,-4.725395938019273,-1.436315800622839,2.1334699404495807,2.7982754155813705,1.7767159887340211,0.2648749546595169,1.3968827957093226,-2.291212157389966,-0.3105429950512022
12.0,183.0,1004.1674194335938,-3.463539277557831,-4.725395939814057,-1.436315800743088,2.1334699404495807,2.7982754155813705,1.7767159887542958,0.2648749546595169,1.3968827957093226,-2.291212157389966,-0.3105429950513836
12.0,183.0,1004.1674194335938,-3.463539277557831,-4.725395938019273,-1.436315800622839,2.1334699404495807,2.7982754155813705,1.7767159887340211,0.2648749546595169,1.3968827957093226,-2.291212157389966,-0.3105429950512022
12.0,183.0,1004.1674194335938,-3.463539277557831,-4.725395938019273,-1.436315800732415,2.1334699404495807,2.7982754155813705,1.7767159887345203,0.2648749546594385,1.3968827957093226,-2.291212157389966,-0.3105429950512046
12.0,183.0,1004.1674194335938,-3.463539277557831,-4.725395939836502,-1.4363158006255503,2.1334699404495807,2.7982754155813705,1.7767159887542958,0.2648749546595169,1.3968827957093226,-2.291212157389966,-0.3105429950513806
12.0,183.0,1004.1674194335938,-3.4635392794112048,-4.725395939805206,-1.436315800743088,2.1334699404495807,2.798293925376849,1.7767159887542958,0.2648749546595125,1.3968827957093226,-2.291212157389966,-0.3105429950513836
12.0,183.0,1004.1674194335938,-3.4635398687278176,-4.725395939814057,-1.4363158007430905,2.1334699404495807,2.7982754155813705,1.7767159887542958,0.2648749546595169,1.3968827957093226,-2.2912123336945927,-0.3105429950513836
12.0,183.0,1004.1674194335938,-3.463539277557831,-4.725395938232332,-1.436315800622831,2.1334699404495807,2.7982754155813705,1.7767159887695947,0.2648749546595169,1.3968827957093226,-2.2912121881381946,-0.3105429950513833
12.0,183.0,1004.1674194335938,-3.463539836448291,-4.725395938113519,-1.4363158006197612,2.1334699404495807,2.7982755136367072,1.776715989491715,0.2648749546595169,1.3968827957093226,-2.291209543252789,-0.3105429950520684
12.0,183.0,1004.1674194335938,-3.463539277557831,-4.725395939814057,-1.436315800743088,2.1334699404495807,2.798275510298065,1.7767159887542958,0.2648749546595169,1.3968827957093226,-2.291212157389966,-0.3105429950513836
12.0,183.0,1004.1674194335938,-3.463539277557831,-4.725395937996827,-1.4363158007403765,2.1334699404495807,2.7982754155813705,1.7767159887340211,0.2648749546595169,1.3968827957093226,-2.291212157389966,-0.3105429950512052
12.0,183.0,1004.1674194335938,-3.463539277557831,-4.725395939814057,-1.436315800743088,2.1334699404495807,2.7982754155813705,1.776715988753896,0.2648749546595169,1.3968827957093226,-2.291212157389966,-0.3105429950512007
12.0,183.0,1004.1674194335938,-3.463539277557831,-4.725395939814057,-1.4363158006261274,2.1334699404495807,2.7982754155813705,1.7767159887542958,0.2648749546595169,1.3968827957093226,-2.291212157389966,-0.3105429950513836
12.0,183.0,1004.1674194335938,-3.463539277557831,-4.725395938019273,-1.4363158007461418,2.1334699404495807,2.7982754155813705,1.776715988763587,0.2648749546595169,1.3968827957093226,-2.2912121511384704,-0.3105429950513794
12.0,183.0,1004.1674194335938,-3.463539277557831,-4.725395938019273,-1.4363158006234134,2.1334699404495807,2.7982754155813705,1.7767159887327288,0.2648749546595169,1.3968827957093226,-2.291212157389966,-0.3105429950511741
12.0,183.0,1004.1674194335938,-3.463539836448291,-4.725395938113519,-1.4363158007477503,2.1334699404495807,2.7982755136367072,1.776715989491715,0.2648749546595005,1.3968827957093226,-2.291209543252789,-0.3105429950526729
12.0,183.0,1004.1674194335938,-3.4635398687278176,-4.725395939814057,-1.4363158007506265,2.1334699404495807,2.7982754155813705,1.7767159887542958,0.2648749546595169,1.3968827957093226,-2.2912123336945927,-0.3105429950513769
12.0,183.0,1004.1674194335938,-3.4635416219596964,-4.725395939814057,-1.436315800743088,2.1334699404495807,2.7982754155813705,1.776715988753896,0.2648749546595206,1.3968827957093226,-2.291212157389966,-0.3105429950512012
12.0,183.0,1004.1674194335938,-3.463539277557831,-4.725395938019273,-1.4363158006130674,2.1334699404495807,2.7982754155813705,1.7767159887340211,0.2648749546595169,1.3968827957093226,-2.291212157389966,-0.3105429950512022
12.0,183.0,1004.1674194335938,-3.4635398300377203,-4.725395938224921,-1.4363158006149028,2.1334699404495807,2.7982773401197822,1.7767159887702368,0.2648749546604867,1.3968827957093226,-2.291207094146736,-0.310542995025761
12.0,183.0,1004.1674194335938,-3.463539277557831,-4.725395938056315,-1.436315800758749,2.1334699404495807,2.7982754155813705,1.7767159887733786,0.2648749546595169,1.3968827957093226,-2.291212150956033,-0.3105429950512022
12.0,183.0,1004.1674194335938,-3.463539277557831,-4.725395938019273,-1.4363158006153027,2.1334699404495807,2.7982754155813705,1.7767159887340211,0.2648749546595169,1.3968827957093226,-2.291212157389966,-0.3105429950512089
12.0,183.0,1004.1674194335938,-3.463539277557831,-4.725395937165235,-1.4363158007428931,2.1334699404495807,2.7982754155813705,1.7767159887708073,0.2648749546595169,1.3968827957093226,-2.291212157389966,-0.3105429950513836
12.0,183.0,1004.1674194335938,-3.4635392794540145,-4.725395937987234,-1.436315800743088,2.1334699404495807,2.798293925376849,1.7767159887543738,0.2648749546595125,1.3968827957093226,-2.291212157389966,-0.3105429950513836
12.0,183.0,1004.1674194335938,-3.463539277557831,-4.725395939814057,-1.436315800743088,2.1334699404495807,2.7982754155813705,1.7767159887542958,0.2648749546595169,1.3968827957093226,-2.291212157389966,-0.3105429950513836
12.0,183.0,1004.1674194335938,-3.463539277557831,-4.725395938021503,-1.436315800622839,2.1334699404495807,2.7982754155813705,1.7767159887707749,0.2648749546595169,1.3968827957093226,-2.291212159448847,-0.3105429950512022
12.0,183.0,1004.1674194335938,-3.463539260208179,-4.725395938019273,-1.4363158006257977,2.1334699404495807,2.7982754135851207,1.7767159895066278,0.2648749546595165,1.3968827957093226,-2.291212157389966,-0.3105429950512022
12.0,183.0,1004.1674194335938,-3.463539277557831,-4.725395939814057,-1.436315800743088,2.1334699404495807,2.7982754155813705,1.7767159887542958,0.2648749546595169,1.3968827957093226,-2.291212157389966,-0.3105429950513836
12.0,183.0,1004.1674194335938,-3.4635392794540145,-4.725395937987234,-1.436315800743088,2.1334699404495807,2.798293925376849,1.7767159887543738,0.2648749546595125,1.3968827957093226,-2.291212157389966,-0.3105429950513836
12.0,183.0,1004.1674194335938,-3.463539867399512,-4.725395940094856,-1.4363158007430905,2.1334699404495807,2.7982754155813705,1.7767159887547364,0.2648749546594409,1.3968827957093226,-2.2912123336945927,-0.3105429950513836
12.0,183.0,1004.1674194335938,-3.463539277557831,-4.725395938019273,-1.4363158007428172,2.1334699404495807,2.7982754155813705,1.7767159887345203,0.2648749546594358,1.3968827957093226,-2.291212157389966,-0.3105429950513682
12.0,183.0,1004.1674194335938,-3.463539277557831,-4.725395939814057,-1.4363158007432486,2.1334699404495807,2.7982754155813705,1.7767159887698882,0.2648749546595169,1.3968827957093226,-2.291212157389966,-0.3105429950512986
12.0,183.0,1004.1674194335938,-3.463539277557831,-4.725395939814057,-1.436315800743088,2.1334699404495807,2.7982754155813705,1.7767159887542958,0.2648749546595169,1.3968827957093226,-2.291212157389966,-0.3105429950513931
12.0,183.0,1004.1674194335938,-3.463539838007906,-4.725395939836502,-1.4363158006255503,2.1334699404495807,2.798275415531722,1.7767159887237935,0.264874954659501,1.3968827957093226,-2.291212157389966,-0.3105429950526493
12.0,183.0,1004.1674194335938,-3.4635398300377203,-4.725395938224921,-1.4363158006149028,2.1334699404495807,2.7982773401197822,1.7767159887706545,0.2648749546594789,1.3968827957093226,-2.291212601875652,-0.3105429950517677
12.0,183.0,1004.1674194335938,-3.46353986897168,-4.725395938224921,-1.4363158007431671,2.1334699404495807,2.7982773401197822,1.776715988770659,0.2648749546604703,1.3968827957093226,-2.291207094146736,-0.3105429950263657
12.0,183.0,1004.1674194335938,-3.463539277557831,-4.725395938052213,-1.436315800758749,2.1334699404495807,2.7982754155813705,1.7767159887733786,0.2648749546595169,1.3968827957093226,-2.291212150956033,-0.3105429950513745
12.0,183.0,1004.1674194335938,-3.463539853797943,-4.725395938113519,-1.4363158007447914,2.1334699404495807,2.7982755156329566,1.7767159887191084,0.2648749546595009,1.3968827957093226,-2.291209543252789,-0.3105429950526729
12.0,183.0,1004.1674194335938,-3.4635398300377203,-4.725395938224921,-1.4363158006150694,2.1334699404495807,2.798277234312072,1.7767159887702368,0.2648749546605413,1.3968827957093226,-2.2912121431858727,-0.3105429950259336
12.0,183.0,1004.1674194335938,-3.463539277557831,-4.725395939814057,-1.4363158006167998,2.1334699404495807,2.7982754155813705,1.7767159887548558,0.2648749546595169,1.3968827957093226,-2.291212157389966,-0.3105429950512047
12.0,183.0,1004.1674194335938,-3.463539277557831,-4.725395937986948,-1.436315800743088,2.1334699404495807,2.7982754155813705,1.7767159887631194,0.2648749546595169,1.3968827957093226,-2.291212150982473,-0.3105429950513836
12.0,184.0,1004.1674194335938,-3.463539277557831,-4.725395938019273,-1.436315800622839,2.1334699404495807,2.7982754155813705,1.7767159887340211,0.2648749546595169,1.3968827957093226,-2.291212157389966,-0.3105429950512022
12.0,184.0,1004.1674194335938,-3.463539277557831,-4.725395939814057,-1.436315800743088,2.1334699404495807,2.7982754155813705,1.7767159887542958,0.2648749546595169,1.3968827957093226,-2.291212157389966,-0.3105429950513836
12.0,184.0,1004.1674194335938,-3.463539277557831,-4.725395939814057,-1.436315800743088,2.1334699404495807,2.7982754155813705,1.7767159887542958,0.2648749546595169,1.3968827957093226,-2.291212157389966,-0.3105429950513836
12.0,184.0,1004.1674194335938,-3.463539277557831,-4.725395938019273,-1.436315800622839,2.1334699404495807,2.7982754155813705,1.7767159887340211,0.2648749546595169,1.3968827957093226,-2.291212157389966,-0.3105429950512022
12.0,184.0,1004.1674194335938,-3.463539277557831,-4.725395939814057,-1.436315800743088,2.1334699404495807,2.7982754155813705,1.7767159887542958,0.2648749546595169,1.3968827957093226,-2.291212157389966,-0.3105429950513836
12.0,184.0,1004.1674194335938,-3.4635398300377203,-4.725395938224921,-1.4363158007428922,2.1334699404495807,2.7982773401197822,1.7767159887702368,0.2648749546604703,1.3968827957093226,-2.291207094146736,-0.3105429950263657
12.0,184.0,1004.1674194335938,-3.4635392794540145,-4.725395939805206,-1.436315800743088,2.1334699404495807,2.798293925376849,1.7767159887542958,0.2648749546595125,1.3968827957093226,-2.291212157389966,-0.3105429950513836
12.0,184.0,1004.1674194335938,-3.463539277557831,-4.725395939814057,-1.436315800743088,2.1334699404495807,2.7982754155813705,1.7767159887542958,0.2648749546595169,1.3968827957093226,-2.291212157389966,-0.3105429950513836
12.0,184.0,1004.1674194335938,-3.463539277557831,-4.725395939814057,-1.436315800743088,2.1334699404495807,2.7982754155813705,1.7767159887542958,0.2648749546595169,1.3968827957093226,-2.291212157389966,-0.3105429950513836
12.0,184.0,1004.1674194335938,-3.463539277557831,-4.725395938019273,-1.436315800622839,2.1334699404495807,2.7982754155813705,1.7767159887340211,0.2648749546595169,1.3968827957093226,-2.291212157389966,-0.3105429950512022
12.0,184.0,1004.1674194335938,-3.463539277557831,-4.725395939814057,-1.436315800743088,2.1334699404495807,2.7982754155813705,1.7767159887542958,0.2648749546595169,1.3968827957093226,-2.291212157389966,-0.3105429950513836
12.0,184.0,1004.1674194335938,-3.463539277557831,-4.725395938019273,-1.436315800622839,2.1334699404495807,2.7982754155813705,1.7767159887340211,0.2648749546595169,1.3968827957093226,-2.291212157389966,-0.3105429950512022
12.0,184.0,1004.1674194335938,-3.463539277557831,-4.725395938019273,-1.436315800732415,2.1334699404495807,2.7982754155813705,1.7767159887345203,0.2648749546594385,1.3968827957093226,-2.291212157389966,-0.3105429950512046
12.0,184.0,1004.1674194335938,-3.463539277557831,-4.725395939836502,-1.4363158006255503,2.1334699404495807,2.7982754155813705,1.7767159887542958,0.2648749546595169,1.3968827957093226,-2.291212157389966,-0.3105429950513806
12.0,184.0,1004.1674194335938,-3.4635392794112048,-4.725395939805206,-1.436315800743088,2.1334699404495807,2.798293925376849,1.7767159887542958,0.2648749546595125,1.3968827957093226,-2.291212157389966,-0.3105429950513836
12.0,184.0,1004.1674194335938,-3.4635398687278176,-4.725395939814057,-1.4363158007430905,2.1334699404495807,2.7982754155813705,1.7767159887542958,0.2648749546595169,1.3968827957093226,-2.2912123336945927,-0.3105429950513836
12.0,184.0,1004.1674194335938,-3.463539277557831,-4.725395938232332,-1.436315800622831,2.1334699404495807,2.7982754155813705,1.7767159887695947,0.2648749546595169,1.3968827957093226,-2.2912121881381946,-0.3105429950513833
12.0,184.0,1004.1674194335938,-3.463539836448291,-4.725395938113519,-1.4363158006197612,2.1334699404495807,2.7982755136367072,1.776715989491715,0.2648749546595169,1.3968827957093226,-2.291209543252789,-0.3105429950520684
12.0,184.0,1004.1674194335938,-3.463539277557831,-4.725395939814057,-1.436315800743088,2.1334699404495807,2.798275510298065,1.7767159887542958,0.2648749546595169,1.3968827957093226,-2.291212157389966,-0.3105429950513836
12.0,184.0,1004.1674194335938,-3.463539277557831,-4.725395937996827,-1.4363158007403765,2.1334699404495807,2.7982754155813705,1.7767159887340211,0.2648749546595169,1.3968827957093226,-2.291212157389966,-0.3105429950512052
12.0,184.0,1004.1674194335938,-3.463539277557831,-4.725395939814057,-1.436315800743088,2.1334699404495807,2.7982754155813705,1.776715988753896,0.2648749546595169,1.3968827957093226,-2.291212157389966,-0.3105429950512007
12.0,184.0,1004.1674194335938,-3.463539277557831,-4.725395939814057,-1.4363158006261274,2.1334699404495807,2.7982754155813705,1.7767159887542958,0.2648749546595169,1.3968827957093226,-2.291212157389966,-0.3105429950513836
12.0,184.0,1004.1674194335938,-3.463539277557831,-4.725395938019273,-1.4363158007461418,2.1334699404495807,2.7982754155813705,1.776715988763587,0.2648749546595169,1.3968827957093226,-2.2912121511384704,-0.3105429950513794
12.0,184.0,1004.1674194335938,-3.463539277557831,-4.725395938019273,-1.4363158006234134,2.1334699404495807,2.7982754155813705,1.7767159887327288,0.2648749546595169,1.3968827957093226,-2.291212157389966,-0.3105429950511741
12.0,184.0,1004.1674194335938,-3.463539836448291,-4.725395938113519,-1.4363158007477503,2.1334699404495807,2.7982755136367072,1.776715989491715,0.2648749546595005,1.3968827957093226,-2.291209543252789,-0.3105429950526729
12.0,184.0,1004.1674194335938,-3.4635398687278176,-4.725395939814057,-1.4363158007506265,2.1334699404495807,2.7982754155813705,1.7767159887542958,0.2648749546595169,1.3968827957093226,-2.2912123336945927,-0.3105429950513769
12.0,184.0,1004.1674194335938,-3.4635416219596964,-4.725395939814057,-1.436315800743088,2.1334699404495807,2.7982754155813705,1.776715988753896,0.2648749546595206,1.3968827957093226,-2.291212157389966,-0.3105429950512012
12.0,184.0,1004.1674194335938,-3.463539277557831,-4.725395938019273,-1.4363158006130674,2.1334699404495807,2.7982754155813705,1.7767159887340211,0.2648749546595169,1.3968827957093226,-2.291212157389966,-0.3105429950512022
12.0,184.0,1004.1674194335938,-3.4635398300377203,-4.725395938224921,-1.4363158006149028,2.1334699404495807,2.7982773401197822,1.7767159887702368,0.2648749546604867,1.3968827957093226,-2.291207094146736,-0.310542995025761
12.0,184.0,1004.1674194335938,-3.463539277557831,-4.725395938056315,-1.436315800758749,2.1334699404495807,2.7982754155813705,1.7767159887733786,0.2648749546595169,1.3968827957093226,-2.291212150956033,-0.3105429950512022
12.0,184.0,1004.1674194335938,-3.463539277557831,-4.725395938019273,-1.4363158006153027,2.1334699404495807,2.7982754155813705,1.7767159887340211,0.2648749546595169,1.3968827957093226,-2.291212157389966,-0.3105429950512089
12.0,184.0,1004.1674194335938,-3.463539277557831,-4.725395937165235,-1.4363158007428931,2.1334699404495807,2.7982754155813705,1.7767159887708073,0.2648749546595169,1.3968827957093226,-2.291212157389966,-0.3105429950513836
12.0,184.0,1004.1674194335938,-3.4635392794540145,-4.725395937987234,-1.436315800743088,2.1334699404495807,2.798293925376849,1.7767159887543738,0.2648749546595125,1.3968827957093226,-2.291212157389966,-0.3105429950513836
12.0,184.0,1004.1674194335938,-3.463539277557831,-4.725395939814057,-1.436315800743088,2.1334699404495807,2.7982754155813705,1.7767159887542958,0.2648749546595169,1.3968827957093226,-2.291212157389966,-0.3105429950513836
12.0,184.0,1004.1674194335938,-3.463539277557831,-4.725395938021503,-1.436315800622839,2.1334699404495807,2.7982754155813705,1.7767159887707749,0.2648749546595169,1.3968827957093226,-2.291212159448847,-0.3105429950512022
12.0,184.0,1004.1674194335938,-3.463539260208179,-4.725395938019273,-1.4363158006257977,2.1334699404495807,2.7982754135851207,1.7767159895066278,0.2648749546595165,1.3968827957093226,-2.291212157389966,-0.3105429950512022
12.0,184.0,1004.1674194335938,-3.463539277557831,-4.725395939814057,-1.436315800743088,2.1334699404495807,2.7982754155813705,1.7767159887542958,0.2648749546595169,1.3968827957093226,-2.291212157389966,-0.3105429950513836
12.0,184.0,1004.1674194335938,-3.4635392794540145,-4.725395937987234,-1.436315800743088,2.1334699404495807,2.798293925376849,1.7767159887543738,0.2648749546595125,1.3968827957093226,-2.291212157389966,-0.3105429950513836
12.0,184.0,1004.1674194335938,-3.463539867399512,-4.725395940094856,-1.4363158007430905,2.1334699404495807,2.7982754155813705,1.7767159887547364,0.2648749546594409,1.3968827957093226,-2.2912123336945927,-0.3105429950513836
12.0,184.0,1004.1674194335938,-3.463539277557831,-4.725395938019273,-1.4363158007428172,2.1334699404495807,2.7982754155813705,1.7767159887345203,0.2648749546594358,1.3968827957093226,-2.291212157389966,-0.3105429950513682
12.0,184.0,1004.1674194335938,-3.463539277557831,-4.725395939814057,-1.4363158007432486,2.1334699404495807,2.7982754155813705,1.7767159887698882,0.2648749546595169,1.3968827957093226,-2.291212157389966,-0.3105429950512986
12.0,184.0,1004.1674194335938,-3.463539277557831,-4.725395939814057,-1.436315800743088,2.1334699404495807,2.7982754155813705,1.7767159887542958,0.2648749546595169,1.3968827957093226,-2.291212157389966,-0.3105429950513931
12.0,184.0,1004.1674194335938,-3.463539838007906,-4.725395939836502,-1.4363158006255503,2.1334699404495807,2.798275415531722,1.7767159887237935,0.264874954659501,1.3968827957093226,-2.291212157389966,-0.3105429950526493
12.0,184.0,1004.1674194335938,-3.4635398300377203,-4.725395938224921,-1.4363158006149028,2.1334699404495807,2.7982773401197822,1.7767159887706545,0.2648749546594789,1.3968827957093226,-2.291212601875652,-0.3105429950517677
12.0,184.0,1004.1674194335938,-3.46353986897168,-4.725395938224921,-1.4363158007431671,2.1334699404495807,2.7982773401197822,1.776715988770659,0.2648749546604703,1.3968827957093226,-2.291207094146736,-0.3105429950263657
12.0,184.0,1004.1674194335938,-3.463539277557831,-4.725395938052213,-1.436315800758749,2.1334699404495807,2.7982754155813705,1.7767159887733786,0.2648749546595169,1.3968827957093226,-2.291212150956033,-0.3105429950513745
12.0,184.0,1004.1674194335938,-3.463539853797943,-4.725395938113519,-1.4363158007447914,2.1334699404495807,2.7982755156329566,1.7767159887191084,0.2648749546595009,1.3968827957093226,-2.291209543252789,-0.3105429950526729
12.0,184.0,1004.1674194335938,-3.4635398300377203,-4.725395938224921,-1.4363158006150694,2.1334699404495807,2.798277234312072,1.7767159887702368,0.2648749546605413,1.3968827957093226,-2.2912121431858727,-0.3105429950259336
12.0,184.0,1004.1674194335938,-3.463539277557831,-4.725395939814057,-1.4363158006167998,2.1334699404495807,2.7982754155813705,1.7767159887548558,0.2648749546595169,1.3968827957093226,-2.291212157389966,-0.3105429950512047
12.0,184.0,1004.1674194335938,-3.463539277557831,-4.725395937986948,-1.436315800743088,2.1334699404495807,2.7982754155813705,1.7767159887631194,0.2648749546595169,1.3968827957093226,-2.291212150982473,-0.3105429950513836
12.0,185.0,1004.1674194335938,-3.463539277557831,-4.725395938019273,-1.436315800622839,2.1334699404495807,2.7982754155813705,1.7767159887340211,0.2648749546595169,1.3968827957093226,-2.291212157389966,-0.3105429950512022
12.0,185.0,1004.1674194335938,-3.463539277557831,-4.725395939814057,-1.436315800743088,2.1334699404495807,2.7982754155813705,1.7767159887542958,0.2648749546595169,1.3968827957093226,-2.291212157389966,-0.3105429950513836
12.0,185.0,1004.1674194335938,-3.463539277557831,-4.725395939814057,-1.436315800743088,2.1334699404495807,2.7982754155813705,1.7767159887542958,0.2648749546595169,1.3968827957093226,-2.291212157389966,-0.3105429950513836
12.0,185.0,1004.1674194335938,-3.463539277557831,-4.725395938019273,-1.436315800622839,2.1334699404495807,2.7982754155813705,1.7767159887340211,0.2648749546595169,1.3968827957093226,-2.291212157389966,-0.3105429950512022
12.0,185.0,1004.1674194335938,-3.463539277557831,-4.725395939814057,-1.436315800743088,2.1334699404495807,2.7982754155813705,1.7767159887542958,0.2648749546595169,1.3968827957093226,-2.291212157389966,-0.3105429950513836
12.0,185.0,1004.1674194335938,-3.4635398300377203,-4.725395938224921,-1.4363158007428922,2.1334699404495807,2.7982773401197822,1.7767159887702368,0.2648749546604703,1.3968827957093226,-2.291207094146736,-0.3105429950263657
12.0,185.0,1004.1674194335938,-3.4635392794540145,-4.725395939805206,-1.436315800743088,2.1334699404495807,2.798293925376849,1.7767159887542958,0.2648749546595125,1.3968827957093226,-2.291212157389966,-0.3105429950513836
12.0,185.0,1004.1674194335938,-3.463539277557831,-4.725395939814057,-1.436315800743088,2.1334699404495807,2.7982754155813705,1.7767159887542958,0.2648749546595169,1.3968827957093226,-2.291212157389966,-0.3105429950513836
12.0,185.0,1004.1674194335938,-3.463539277557831,-4.725395939814057,-1.436315800743088,2.1334699404495807,2.7982754155813705,1.7767159887542958,0.2648749546595169,1.3968827957093226,-2.291212157389966,-0.3105429950513836
12.0,185.0,1004.1674194335938,-3.463539277557831,-4.725395938019273,-1.436315800622839,2.1334699404495807,2.7982754155813705,1.7767159887340211,0.2648749546595169,1.3968827957093226,-2.291212157389966,-0.3105429950512022
12.0,185.0,1004.1674194335938,-3.463539277557831,-4.725395939814057,-1.436315800743088,2.1334699404495807,2.7982754155813705,1.7767159887542958,0.2648749546595169,1.3968827957093226,-2.291212157389966,-0.3105429950513836
12.0,185.0,1004.1674194335938,-3.463539277557831,-4.725395938019273,-1.436315800622839,2.1334699404495807,2.7982754155813705,1.7767159887340211,0.2648749546595169,1.3968827957093226,-2.291212157389966,-0.3105429950512022
12.0,185.0,1004.1674194335938,-3.463539277557831,-4.725395938019273,-1.436315800732415,2.1334699404495807,2.7982754155813705,1.7767159887345203,0.2648749546594385,1.3968827957093226,-2.291212157389966,-0.3105429950512046
12.0,185.0,1004.1674194335938,-3.463539277557831,-4.725395939836502,-1.4363158006255503,2.1334699404495807,2.7982754155813705,1.7767159887542958,0.2648749546595169,1.3968827957093226,-2.291212157389966,-0.3105429950513806
12.0,185.0,1004.1674194335938,-3.4635392794112048,-4.725395939805206,-1.436315800743088,2.1334699404495807,2.798293925376849,1.7767159887542958,0.2648749546595125,1.3968827957093226,-2.291212157389966,-0.3105429950513836
12.0,185.0,1004.1674194335938,-3.4635398687278176,-4.725395939814057,-1.4363158007430905,2.1334699404495807,2.7982754155813705,1.7767159887542958,0.2648749546595169,1.3968827957093226,-2.2912123336945927,-0.3105429950513836
12.0,185.0,1004.1674194335938,-3.463539277557831,-4.725395938232332,-1.436315800622831,2.1334699404495807,2.7982754155813705,1.7767159887695947,0.2648749546595169,1.3968827957093226,-2.2912121881381946,-0.3105429950513833
12.0,185.0,1004.1674194335938,-3.463539836448291,-4.725395938113519,-1.4363158006197612,2.1334699404495807,2.7982755136367072,1.776715989491715,0.2648749546595169,1.3968827957093226,-2.291209543252789,-0.3105429950520684
12.0,185.0,1004.1674194335938,-3.463539277557831,-4.725395939814057,-1.436315800743088,2.1334699404495807,2.798275510298065,1.7767159887542958,0.2648749546595169,1.3968827957093226,-2.291212157389966,-0.3105429950513836
12.0,185.0,1004.1674194335938,-3.463539277557831,-4.725395937996827,-1.4363158007403765,2.1334699404495807,2.7982754155813705,1.7767159887340211,0.2648749546595169,1.3968827957093226,-2.291212157389966,-0.3105429950512052
12.0,185.0,1004.1674194335938,-3.463539277557831,-4.725395939814057,-1.436315800743088,2.1334699404495807,2.7982754155813705,1.776715988753896,0.2648749546595169,1.3968827957093226,-2.291212157389966,-0.3105429950512007
12.0,185.0,1004.1674194335938,-3.463539277557831,-4.725395939814057,-1.4363158006261274,2.1334699404495807,2.7982754155813705,1.7767159887542958,0.2648749546595169,1.3968827957093226,-2.291212157389966,-0.3105429950513836
12.0,185.0,1004.1674194335938,-3.463539277557831,-4.725395938019273,-1.4363158007461418,2.1334699404495807,2.7982754155813705,1.776715988763587,0.2648749546595169,1.3968827957093226,-2.2912121511384704,-0.3105429950513794
12.0,185.0,1004.1674194335938,-3.463539277557831,-4.725395938019273,-1.4363158006234134,2.1334699404495807,2.7982754155813705,1.7767159887327288,0.2648749546595169,1.3968827957093226,-2.291212157389966,-0.3105429950511741
12.0,185.0,1004.1674194335938,-3.463539836448291,-4.725395938113519,-1.4363158007477503,2.1334699404495807,2.7982755136367072,1.776715989491715,0.2648749546595005,1.3968827957093226,-2.291209543252789,-0.3105429950526729
12.0,185.0,1004.1674194335938,-3.4635398687278176,-4.725395939814057,-1.4363158007506265,2.1334699404495807,2.7982754155813705,1.7767159887542958,0.2648749546595169,1.3968827957093226,-2.2912123336945927,-0.3105429950513769
12.0,185.0,1004.1674194335938,-3.4635416219596964,-4.725395939814057,-1.436315800743088,2.1334699404495807,2.7982754155813705,1.776715988753896,0.2648749546595206,1.3968827957093226,-2.291212157389966,-0.3105429950512012
12.0,185.0,1004.1674194335938,-3.463539277557831,-4.725395938019273,-1.4363158006130674,2.1334699404495807,2.7982754155813705,1.7767159887340211,0.2648749546595169,1.3968827957093226,-2.291212157389966,-0.3105429950512022
12.0,185.0,1004.1674194335938,-3.4635398300377203,-4.725395938224921,-1.4363158006149028,2.1334699404495807,2.7982773401197822,1.7767159887702368,0.2648749546604867,1.3968827957093226,-2.291207094146736,-0.310542995025761
12.0,185.0,1004.1674194335938,-3.463539277557831,-4.725395938056315,-1.436315800758749,2.1334699404495807,2.7982754155813705,1.7767159887733786,0.2648749546595169,1.3968827957093226,-2.291212150956033,-0.3105429950512022
12.0,185.0,1004.1674194335938,-3.463539277557831,-4.725395938019273,-1.4363158006153027,2.1334699404495807,2.7982754155813705,1.7767159887340211,0.2648749546595169,1.3968827957093226,-2.291212157389966,-0.3105429950512089
12.0,185.0,1004.1674194335938,-3.463539277557831,-4.725395937165235,-1.4363158007428931,2.1334699404495807,2.7982754155813705,1.7767159887708073,0.2648749546595169,1.3968827957093226,-2.291212157389966,-0.3105429950513836
12.0,185.0,1004.1674194335938,-3.4635392794540145,-4.725395937987234,-1.436315800743088,2.1334699404495807,2.798293925376849,1.7767159887543738,0.2648749546595125,1.3968827957093226,-2.291212157389966,-0.3105429950513836
12.0,185.0,1004.1674194335938,-3.463539277557831,-4.725395939814057,-1.436315800743088,2.1334699404495807,2.7982754155813705,1.7767159887542958,0.2648749546595169,1.3968827957093226,-2.291212157389966,-0.3105429950513836
12.0,185.0,1004.1674194335938,-3.463539277557831,-4.725395938021503,-1.436315800622839,2.1334699404495807,2.7982754155813705,1.7767159887707749,0.2648749546595169,1.3968827957093226,-2.291212159448847,-0.3105429950512022
12.0,185.0,1004.1674194335938,-3.463539260208179,-4.725395938019273,-1.4363158006257977,2.1334699404495807,2.7982754135851207,1.7767159895066278,0.2648749546595165,1.3968827957093226,-2.291212157389966,-0.3105429950512022
12.0,185.0,1004.1674194335938,-3.463539277557831,-4.725395939814057,-1.436315800743088,2.1334699404495807,2.7982754155813705,1.7767159887542958,0.2648749546595169,1.3968827957093226,-2.291212157389966,-0.3105429950513836
12.0,185.0,1004.1674194335938,-3.4635392794540145,-4.725395937987234,-1.436315800743088,2.1334699404495807,2.798293925376849,1.7767159887543738,0.2648749546595125,1.3968827957093226,-2.291212157389966,-0.3105429950513836
12.0,185.0,1004.1674194335938,-3.463539867399512,-4.725395940094856,-1.4363158007430905,2.1334699404495807,2.7982754155813705,1.7767159887547364,0.2648749546594409,1.3968827957093226,-2.2912123336945927,-0.3105429950513836
12.0,185.0,1004.1674194335938,-3.463539277557831,-4.725395938019273,-1.4363158007428172,2.1334699404495807,2.7982754155813705,1.7767159887345203,0.2648749546594358,1.3968827957093226,-2.291212157389966,-0.3105429950513682
12.0,185.0,1004.1674194335938,-3.463539277557831,-4.725395939814057,-1.4363158007432486,2.1334699404495807,2.7982754155813705,1.7767159887698882,0.2648749546595169,1.3968827957093226,-2.291212157389966,-0.3105429950512986
12.0,185.0,1004.1674194335938,-3.463539277557831,-4.725395939814057,-1.436315800743088,2.1334699404495807,2.7982754155813705,1.7767159887542958,0.2648749546595169,1.3968827957093226,-2.291212157389966,-0.3105429950513931
12.0,185.0,1004.1674194335938,-3.463539838007906,-4.725395939836502,-1.4363158006255503,2.1334699404495807,2.798275415531722,1.7767159887237935,0.264874954659501,1.3968827957093226,-2.291212157389966,-0.3105429950526493
12.0,185.0,1004.1674194335938,-3.4635398300377203,-4.725395938224921,-1.4363158006149028,2.1334699404495807,2.7982773401197822,1.7767159887706545,0.2648749546594789,1.3968827957093226,-2.291212601875652,-0.3105429950517677
12.0,185.0,1004.1674194335938,-3.46353986897168,-4.725395938224921,-1.4363158007431671,2.1334699404495807,2.7982773401197822,1.776715988770659,0.2648749546604703,1.3968827957093226,-2.291207094146736,-0.3105429950263657
12.0,185.0,1004.1674194335938,-3.463539277557831,-4.725395938052213,-1.436315800758749,2.1334699404495807,2.7982754155813705,1.7767159887733786,0.2648749546595169,1.3968827957093226,-2.291212150956033,-0.3105429950513745
12.0,185.0,1004.1674194335938,-3.463539853797943,-4.725395938113519,-1.4363158007447914,2.1334699404495807,2.7982755156329566,1.7767159887191084,0.2648749546595009,1.3968827957093226,-2.291209543252789,-0.3105429950526729
12.0,185.0,1004.1674194335938,-3.4635398300377203,-4.725395938224921,-1.4363158006150694,2.1334699404495807,2.798277234312072,1.7767159887702368,0.2648749546605413,1.3968827957093226,-2.2912121431858727,-0.3105429950259336
12.0,185.0,1004.1674194335938,-3.463539277557831,-4.725395939814057,-1.4363158006167998,2.1334699404495807,2.7982754155813705,1.7767159887548558,0.2648749546595169,1.3968827957093226,-2.291212157389966,-0.3105429950512047
12.0,185.0,1004.1674194335938,-3.463539277557831,-4.725395937986948,-1.436315800743088,2.1334699404495807,2.7982754155813705,1.7767159887631194,0.2648749546595169,1.3968827957093226,-2.291212150982473,-0.3105429950513836
12.0,186.0,1004.1674194335938,-3.463539277557831,-4.725395938019273,-1.436315800622839,2.1334699404495807,2.7982754155813705,1.7767159887340211,0.2648749546595169,1.3968827957093226,-2.291212157389966,-0.3105429950512022
12.0,186.0,1004.1674194335938,-3.463539277557831,-4.725395939814057,-1.436315800743088,2.1334699404495807,2.7982754155813705,1.7767159887542958,0.2648749546595169,1.3968827957093226,-2.291212157389966,-0.3105429950513836
12.0,186.0,1004.1674194335938,-3.463539277557831,-4.725395939814057,-1.436315800743088,2.1334699404495807,2.7982754155813705,1.7767159887542958,0.2648749546595169,1.3968827957093226,-2.291212157389966,-0.3105429950513836
12.0,186.0,1004.1674194335938,-3.463539277557831,-4.725395938019273,-1.436315800622839,2.1334699404495807,2.7982754155813705,1.7767159887340211,0.2648749546595169,1.3968827957093226,-2.291212157389966,-0.3105429950512022
12.0,186.0,1004.1674194335938,-3.463539277557831,-4.725395939814057,-1.436315800743088,2.1334699404495807,2.7982754155813705,1.7767159887542958,0.2648749546595169,1.3968827957093226,-2.291212157389966,-0.3105429950513836
12.0,186.0,1004.1674194335938,-3.4635398300377203,-4.725395938224921,-1.4363158007428922,2.1334699404495807,2.7982773401197822,1.7767159887702368,0.2648749546604703,1.3968827957093226,-2.291207094146736,-0.3105429950263657
12.0,186.0,1004.1674194335938,-3.4635392794540145,-4.725395939805206,-1.436315800743088,2.1334699404495807,2.798293925376849,1.7767159887542958,0.2648749546595125,1.3968827957093226,-2.291212157389966,-0.3105429950513836
12.0,186.0,1004.1674194335938,-3.463539277557831,-4.725395939814057,-1.436315800743088,2.1334699404495807,2.7982754155813705,1.7767159887542958,0.2648749546595169,1.3968827957093226,-2.291212157389966,-0.3105429950513836
12.0,186.0,1004.1674194335938,-3.463539277557831,-4.725395939814057,-1.436315800743088,2.1334699404495807,2.7982754155813705,1.7767159887542958,0.2648749546595169,1.3968827957093226,-2.291212157389966,-0.3105429950513836
12.0,186.0,1004.1674194335938,-3.463539277557831,-4.725395938019273,-1.436315800622839,2.1334699404495807,2.7982754155813705,1.7767159887340211,0.2648749546595169,1.3968827957093226,-2.291212157389966,-0.3105429950512022
12.0,186.0,1004.1674194335938,-3.463539277557831,-4.725395939814057,-1.436315800743088,2.1334699404495807,2.7982754155813705,1.7767159887542958,0.2648749546595169,1.3968827957093226,-2.291212157389966,-0.3105429950513836
12.0,186.0,1004.1674194335938,-3.463539277557831,-4.725395938019273,-1.436315800622839,2.1334699404495807,2.7982754155813705,1.7767159887340211,0.2648749546595169,1.3968827957093226,-2.291212157389966,-0.3105429950512022
12.0,186.0,1004.1674194335938,-3.463539277557831,-4.725395938019273,-1.436315800732415,2.1334699404495807,2.7982754155813705,1.7767159887345203,0.2648749546594385,1.3968827957093226,-2.291212157389966,-0.3105429950512046
12.0,186.0,1004.1674194335938,-3.463539277557831,-4.725395939836502,-1.4363158006255503,2.1334699404495807,2.7982754155813705,1.7767159887542958,0.2648749546595169,1.3968827957093226,-2.291212157389966,-0.3105429950513806
12.0,186.0,1004.1674194335938,-3.4635392794112048,-4.725395939805206,-1.436315800743088,2.1334699404495807,2.798293925376849,1.7767159887542958,0.2648749546595125,1.3968827957093226,-2.291212157389966,-0.3105429950513836
12.0,186.0,1004.1674194335938,-3.4635398687278176,-4.725395939814057,-1.4363158007430905,2.1334699404495807,2.7982754155813705,1.7767159887542958,0.2648749546595169,1.3968827957093226,-2.2912123336945927,-0.3105429950513836
12.0,186.0,1004.1674194335938,-3.463539277557831,-4.725395938232332,-1.436315800622831,2.1334699404495807,2.7982754155813705,1.7767159887695947,0.2648749546595169,1.3968827957093226,-2.2912121881381946,-0.3105429950513833
12.0,186.0,1004.1674194335938,-3.463539836448291,-4.725395938113519,-1.4363158006197612,2.1334699404495807,2.7982755136367072,1.776715989491715,0.2648749546595169,1.3968827957093226,-2.291209543252789,-0.3105429950520684
12.0,186.0,1004.1674194335938,-3.463539277557831,-4.725395939814057,-1.436315800743088,2.1334699404495807,2.798275510298065,1.7767159887542958,0.2648749546595169,1.3968827957093226,-2.291212157389966,-0.3105429950513836
12.0,186.0,1004.1674194335938,-3.463539277557831,-4.725395937996827,-1.4363158007403765,2.1334699404495807,2.7982754155813705,1.7767159887340211,0.2648749546595169,1.3968827957093226,-2.291212157389966,-0.3105429950512052
12.0,186.0,1004.1674194335938,-3.463539277557831,-4.725395939814057,-1.436315800743088,2.1334699404495807,2.7982754155813705,1.776715988753896,0.2648749546595169,1.3968827957093226,-2.291212157389966,-0.3105429950512007
12.0,186.0,1004.1674194335938,-3.463539277557831,-4.725395939814057,-1.4363158006261274,2.1334699404495807,2.7982754155813705,1.7767159887542958,0.2648749546595169,1.3968827957093226,-2.291212157389966,-0.3105429950513836
12.0,186.0,1004.1674194335938,-3.463539277557831,-4.725395938019273,-1.4363158007461418,2.1334699404495807,2.7982754155813705,1.776715988763587,0.2648749546595169,1.3968827957093226,-2.2912121511384704,-0.3105429950513794
12.0,186.0,1004.1674194335938,-3.463539277557831,-4.725395938019273,-1.4363158006234134,2.1334699404495807,2.7982754155813705,1.7767159887327288,0.2648749546595169,1.3968827957093226,-2.291212157389966,-0.3105429950511741
12.0,186.0,1004.1674194335938,-3.463539836448291,-4.725395938113519,-1.4363158007477503,2.1334699404495807,2.7982755136367072,1.776715989491715,0.2648749546595005,1.3968827957093226,-2.291209543252789,-0.3105429950526729
12.0,186.0,1004.1674194335938,-3.4635398687278176,-4.725395939814057,-1.4363158007506265,2.1334699404495807,2.7982754155813705,1.7767159887542958,0.2648749546595169,1.3968827957093226,-2.2912123336945927,-0.3105429950513769
12.0,186.0,1004.1674194335938,-3.4635416219596964,-4.725395939814057,-1.436315800743088,2.1334699404495807,2.7982754155813705,1.776715988753896,0.2648749546595206,1.3968827957093226,-2.291212157389966,-0.3105429950512012
12.0,186.0,1004.1674194335938,-3.463539277557831,-4.725395938019273,-1.4363158006130674,2.1334699404495807,2.7982754155813705,1.7767159887340211,0.2648749546595169,1.3968827957093226,-2.291212157389966,-0.3105429950512022
12.0,186.0,1004.1674194335938,-3.4635398300377203,-4.725395938224921,-1.4363158006149028,2.1334699404495807,2.7982773401197822,1.7767159887702368,0.2648749546604867,1.3968827957093226,-2.291207094146736,-0.310542995025761
12.0,186.0,1004.1674194335938,-3.463539277557831,-4.725395938056315,-1.436315800758749,2.1334699404495807,2.7982754155813705,1.7767159887733786,0.2648749546595169,1.3968827957093226,-2.291212150956033,-0.3105429950512022
12.0,186.0,1004.1674194335938,-3.463539277557831,-4.725395938019273,-1.4363158006153027,2.1334699404495807,2.7982754155813705,1.7767159887340211,0.2648749546595169,1.3968827957093226,-2.291212157389966,-0.3105429950512089
12.0,186.0,1004.1674194335938,-3.463539277557831,-4.725395937165235,-1.4363158007428931,2.1334699404495807,2.7982754155813705,1.7767159887708073,0.2648749546595169,1.3968827957093226,-2.291212157389966,-0.3105429950513836
12.0,186.0,1004.1674194335938,-3.4635392794540145,-4.725395937987234,-1.436315800743088,2.1334699404495807,2.798293925376849,1.7767159887543738,0.2648749546595125,1.3968827957093226,-2.291212157389966,-0.3105429950513836
12.0,186.0,1004.1674194335938,-3.463539277557831,-4.725395939814057,-1.436315800743088,2.1334699404495807,2.7982754155813705,1.7767159887542958,0.2648749546595169,1.3968827957093226,-2.291212157389966,-0.3105429950513836
12.0,186.0,1004.1674194335938,-3.463539277557831,-4.725395938021503,-1.436315800622839,2.1334699404495807,2.7982754155813705,1.7767159887707749,0.2648749546595169,1.3968827957093226,-2.291212159448847,-0.3105429950512022
12.0,186.0,1004.1674194335938,-3.463539260208179,-4.725395938019273,-1.4363158006257977,2.1334699404495807,2.7982754135851207,1.7767159895066278,0.2648749546595165,1.3968827957093226,-2.291212157389966,-0.3105429950512022
12.0,186.0,1004.1674194335938,-3.463539277557831,-4.725395939814057,-1.436315800743088,2.1334699404495807,2.7982754155813705,1.7767159887542958,0.2648749546595169,1.3968827957093226,-2.291212157389966,-0.3105429950513836
12.0,186.0,1004.1674194335938,-3.4635392794540145,-4.725395937987234,-1.436315800743088,2.1334699404495807,2.798293925376849,1.7767159887543738,0.2648749546595125,1.3968827957093226,-2.291212157389966,-0.3105429950513836
12.0,186.0,1004.1674194335938,-3.463539867399512,-4.725395940094856,-1.4363158007430905,2.1334699404495807,2.7982754155813705,1.7767159887547364,0.2648749546594409,1.3968827957093226,-2.2912123336945927,-0.3105429950513836
12.0,186.0,1004.1674194335938,-3.463539277557831,-4.725395938019273,-1.4363158007428172,2.1334699404495807,2.7982754155813705,1.7767159887345203,0.2648749546594358,1.3968827957093226,-2.291212157389966,-0.3105429950513682
12.0,186.0,1004.1674194335938,-3.463539277557831,-4.725395939814057,-1.4363158007432486,2.1334699404495807,2.7982754155813705,1.7767159887698882,0.2648749546595169,1.3968827957093226,-2.291212157389966,-0.3105429950512986
12.0,186.0,1004.1674194335938,-3.463539277557831,-4.725395939814057,-1.436315800743088,2.1334699404495807,2.7982754155813705,1.7767159887542958,0.2648749546595169,1.3968827957093226,-2.291212157389966,-0.3105429950513931
12.0,186.0,1004.1674194335938,-3.463539838007906,-4.725395939836502,-1.4363158006255503,2.1334699404495807,2.798275415531722,1.7767159887237935,0.264874954659501,1.3968827957093226,-2.291212157389966,-0.3105429950526493
12.0,186.0,1004.1674194335938,-3.4635398300377203,-4.725395938224921,-1.4363158006149028,2.1334699404495807,2.7982773401197822,1.7767159887706545,0.2648749546594789,1.3968827957093226,-2.291212601875652,-0.3105429950517677
12.0,186.0,1004.1674194335938,-3.46353986897168,-4.725395938224921,-1.4363158007431671,2.1334699404495807,2.7982773401197822,1.776715988770659,0.2648749546604703,1.3968827957093226,-2.291207094146736,-0.3105429950263657
12.0,186.0,1004.1674194335938,-3.463539277557831,-4.725395938052213,-1.436315800758749,2.1334699404495807,2.7982754155813705,1.7767159887733786,0.2648749546595169,1.3968827957093226,-2.291212150956033,-0.3105429950513745
12.0,186.0,1004.1674194335938,-3.463539853797943,-4.725395938113519,-1.4363158007447914,2.1334699404495807,2.7982755156329566,1.7767159887191084,0.2648749546595009,1.3968827957093226,-2.291209543252789,-0.3105429950526729
12.0,186.0,1004.1674194335938,-3.4635398300377203,-4.725395938224921,-1.4363158006150694,2.1334699404495807,2.798277234312072,1.7767159887702368,0.2648749546605413,1.3968827957093226,-2.2912121431858727,-0.3105429950259336
12.0,186.0,1004.1674194335938,-3.463539277557831,-4.725395939814057,-1.4363158006167998,2.1334699404495807,2.7982754155813705,1.7767159887548558,0.2648749546595169,1.3968827957093226,-2.291212157389966,-0.3105429950512047
12.0,186.0,1004.1674194335938,-3.463539277557831,-4.725395937986948,-1.436315800743088,2.1334699404495807,2.7982754155813705,1.7767159887631194,0.2648749546595169,1.3968827957093226,-2.291212150982473,-0.3105429950513836
12.0,187.0,1004.1674194335938,-3.463539277557831,-4.725395938019273,-1.436315800622839,2.1334699404495807,2.7982754155813705,1.7767159887340211,0.2648749546595169,1.3968827957093226,-2.291212157389966,-0.3105429950512022
12.0,187.0,1004.1674194335938,-3.463539277557831,-4.725395939814057,-1.436315800743088,2.1334699404495807,2.7982754155813705,1.7767159887542958,0.2648749546595169,1.3968827957093226,-2.291212157389966,-0.3105429950513836
12.0,187.0,1004.1674194335938,-3.463539277557831,-4.725395939814057,-1.436315800743088,2.1334699404495807,2.7982754155813705,1.7767159887542958,0.2648749546595169,1.3968827957093226,-2.291212157389966,-0.3105429950513836
12.0,187.0,1004.1674194335938,-3.463539277557831,-4.725395938019273,-1.436315800622839,2.1334699404495807,2.7982754155813705,1.7767159887340211,0.2648749546595169,1.3968827957093226,-2.291212157389966,-0.3105429950512022
12.0,187.0,1004.1674194335938,-3.463539277557831,-4.725395939814057,-1.436315800743088,2.1334699404495807,2.7982754155813705,1.7767159887542958,0.2648749546595169,1.3968827957093226,-2.291212157389966,-0.3105429950513836
12.0,187.0,1004.1674194335938,-3.4635398300377203,-4.725395938224921,-1.4363158007428922,2.1334699404495807,2.7982773401197822,1.7767159887702368,0.2648749546604703,1.3968827957093226,-2.291207094146736,-0.3105429950263657
12.0,187.0,1004.1674194335938,-3.4635392794540145,-4.725395939805206,-1.436315800743088,2.1334699404495807,2.798293925376849,1.7767159887542958,0.2648749546595125,1.3968827957093226,-2.291212157389966,-0.3105429950513836
12.0,187.0,1004.1674194335938,-3.463539277557831,-4.725395939814057,-1.436315800743088,2.1334699404495807,2.7982754155813705,1.7767159887542958,0.2648749546595169,1.3968827957093226,-2.291212157389966,-0.3105429950513836
12.0,187.0,1004.1674194335938,-3.463539277557831,-4.725395939814057,-1.436315800743088,2.1334699404495807,2.7982754155813705,1.7767159887542958,0.2648749546595169,1.3968827957093226,-2.291212157389966,-0.3105429950513836
12.0,187.0,1004.1674194335938,-3.463539277557831,-4.725395938019273,-1.436315800622839,2.1334699404495807,2.7982754155813705,1.7767159887340211,0.2648749546595169,1.3968827957093226,-2.291212157389966,-0.3105429950512022
12.0,187.0,1004.1674194335938,-3.463539277557831,-4.725395939814057,-1.436315800743088,2.1334699404495807,2.7982754155813705,1.7767159887542958,0.2648749546595169,1.3968827957093226,-2.291212157389966,-0.3105429950513836
12.0,187.0,1004.1674194335938,-3.463539277557831,-4.725395938019273,-1.436315800622839,2.1334699404495807,2.7982754155813705,1.7767159887340211,0.2648749546595169,1.3968827957093226,-2.291212157389966,-0.3105429950512022
12.0,187.0,1004.1674194335938,-3.463539277557831,-4.725395938019273,-1.436315800732415,2.1334699404495807,2.7982754155813705,1.7767159887345203,0.2648749546594385,1.3968827957093226,-2.291212157389966,-0.3105429950512046
12.0,187.0,1004.1674194335938,-3.463539277557831,-4.725395939836502,-1.4363158006255503,2.1334699404495807,2.7982754155813705,1.7767159887542958,0.2648749546595169,1.3968827957093226,-2.291212157389966,-0.3105429950513806
12.0,187.0,1004.1674194335938,-3.4635392794112048,-4.725395939805206,-1.436315800743088,2.1334699404495807,2.798293925376849,1.7767159887542958,0.2648749546595125,1.3968827957093226,-2.291212157389966,-0.3105429950513836
12.0,187.0,1004.1674194335938,-3.4635398687278176,-4.725395939814057,-1.4363158007430905,2.1334699404495807,2.7982754155813705,1.7767159887542958,0.2648749546595169,1.3968827957093226,-2.2912123336945927,-0.3105429950513836
12.0,187.0,1004.1674194335938,-3.463539277557831,-4.725395938232332,-1.436315800622831,2.1334699404495807,2.7982754155813705,1.7767159887695947,0.2648749546595169,1.3968827957093226,-2.2912121881381946,-0.3105429950513833
12.0,187.0,1004.1674194335938,-3.463539836448291,-4.725395938113519,-1.4363158006197612,2.1334699404495807,2.7982755136367072,1.776715989491715,0.2648749546595169,1.3968827957093226,-2.291209543252789,-0.3105429950520684
12.0,187.0,1004.1674194335938,-3.463539277557831,-4.725395939814057,-1.436315800743088,2.1334699404495807,2.798275510298065,1.7767159887542958,0.2648749546595169,1.3968827957093226,-2.291212157389966,-0.3105429950513836
12.0,187.0,1004.1674194335938,-3.463539277557831,-4.725395937996827,-1.4363158007403765,2.1334699404495807,2.7982754155813705,1.7767159887340211,0.2648749546595169,1.3968827957093226,-2.291212157389966,-0.3105429950512052
12.0,187.0,1004.1674194335938,-3.463539277557831,-4.725395939814057,-1.436315800743088,2.1334699404495807,2.7982754155813705,1.776715988753896,0.2648749546595169,1.3968827957093226,-2.291212157389966,-0.3105429950512007
12.0,187.0,1004.1674194335938,-3.463539277557831,-4.725395939814057,-1.4363158006261274,2.1334699404495807,2.7982754155813705,1.7767159887542958,0.2648749546595169,1.3968827957093226,-2.291212157389966,-0.3105429950513836
12.0,187.0,1004.1674194335938,-3.463539277557831,-4.725395938019273,-1.4363158007461418,2.1334699404495807,2.7982754155813705,1.776715988763587,0.2648749546595169,1.3968827957093226,-2.2912121511384704,-0.3105429950513794
12.0,187.0,1004.1674194335938,-3.463539277557831,-4.725395938019273,-1.4363158006234134,2.1334699404495807,2.7982754155813705,1.7767159887327288,0.2648749546595169,1.3968827957093226,-2.291212157389966,-0.3105429950511741
12.0,187.0,1004.1674194335938,-3.463539836448291,-4.725395938113519,-1.4363158007477503,2.1334699404495807,2.7982755136367072,1.776715989491715,0.2648749546595005,1.3968827957093226,-2.291209543252789,-0.3105429950526729
12.0,187.0,1004.1674194335938,-3.4635398687278176,-4.725395939814057,-1.4363158007506265,2.1334699404495807,2.7982754155813705,1.7767159887542958,0.2648749546595169,1.3968827957093226,-2.2912123336945927,-0.3105429950513769
12.0,187.0,1004.1674194335938,-3.4635416219596964,-4.725395939814057,-1.436315800743088,2.1334699404495807,2.7982754155813705,1.776715988753896,0.2648749546595206,1.3968827957093226,-2.291212157389966,-0.3105429950512012
12.0,187.0,1004.1674194335938,-3.463539277557831,-4.725395938019273,-1.4363158006130674,2.1334699404495807,2.7982754155813705,1.7767159887340211,0.2648749546595169,1.3968827957093226,-2.291212157389966,-0.3105429950512022
12.0,187.0,1004.1674194335938,-3.4635398300377203,-4.725395938224921,-1.4363158006149028,2.1334699404495807,2.7982773401197822,1.7767159887702368,0.2648749546604867,1.3968827957093226,-2.291207094146736,-0.310542995025761
12.0,187.0,1004.1674194335938,-3.463539277557831,-4.725395938056315,-1.436315800758749,2.1334699404495807,2.7982754155813705,1.7767159887733786,0.2648749546595169,1.3968827957093226,-2.291212150956033,-0.3105429950512022
12.0,187.0,1004.1674194335938,-3.463539277557831,-4.725395938019273,-1.4363158006153027,2.1334699404495807,2.7982754155813705,1.7767159887340211,0.2648749546595169,1.3968827957093226,-2.291212157389966,-0.3105429950512089
12.0,187.0,1004.1674194335938,-3.463539277557831,-4.725395937165235,-1.4363158007428931,2.1334699404495807,2.7982754155813705,1.7767159887708073,0.2648749546595169,1.3968827957093226,-2.291212157389966,-0.3105429950513836
12.0,187.0,1004.1674194335938,-3.4635392794540145,-4.725395937987234,-1.436315800743088,2.1334699404495807,2.798293925376849,1.7767159887543738,0.2648749546595125,1.3968827957093226,-2.291212157389966,-0.3105429950513836
12.0,187.0,1004.1674194335938,-3.463539277557831,-4.725395939814057,-1.436315800743088,2.1334699404495807,2.7982754155813705,1.7767159887542958,0.2648749546595169,1.3968827957093226,-2.291212157389966,-0.3105429950513836
12.0,187.0,1004.1674194335938,-3.463539277557831,-4.725395938021503,-1.436315800622839,2.1334699404495807,2.7982754155813705,1.7767159887707749,0.2648749546595169,1.3968827957093226,-2.291212159448847,-0.3105429950512022
12.0,187.0,1004.1674194335938,-3.463539260208179,-4.725395938019273,-1.4363158006257977,2.1334699404495807,2.7982754135851207,1.7767159895066278,0.2648749546595165,1.3968827957093226,-2.291212157389966,-0.3105429950512022
12.0,187.0,1004.1674194335938,-3.463539277557831,-4.725395939814057,-1.436315800743088,2.1334699404495807,2.7982754155813705,1.7767159887542958,0.2648749546595169,1.3968827957093226,-2.291212157389966,-0.3105429950513836
12.0,187.0,1004.1674194335938,-3.4635392794540145,-4.725395937987234,-1.436315800743088,2.1334699404495807,2.798293925376849,1.7767159887543738,0.2648749546595125,1.3968827957093226,-2.291212157389966,-0.3105429950513836
12.0,187.0,1004.1674194335938,-3.463539867399512,-4.725395940094856,-1.4363158007430905,2.1334699404495807,2.7982754155813705,1.7767159887547364,0.2648749546594409,1.3968827957093226,-2.2912123336945927,-0.3105429950513836
12.0,187.0,1004.1674194335938,-3.463539277557831,-4.725395938019273,-1.4363158007428172,2.1334699404495807,2.7982754155813705,1.7767159887345203,0.2648749546594358,1.3968827957093226,-2.291212157389966,-0.3105429950513682
12.0,187.0,1004.1674194335938,-3.463539277557831,-4.725395939814057,-1.4363158007432486,2.1334699404495807,2.7982754155813705,1.7767159887698882,0.2648749546595169,1.3968827957093226,-2.291212157389966,-0.3105429950512986
12.0,187.0,1004.1674194335938,-3.463539277557831,-4.725395939814057,-1.436315800743088,2.1334699404495807,2.7982754155813705,1.7767159887542958,0.2648749546595169,1.3968827957093226,-2.291212157389966,-0.3105429950513931
12.0,187.0,1004.1674194335938,-3.463539838007906,-4.725395939836502,-1.4363158006255503,2.1334699404495807,2.798275415531722,1.7767159887237935,0.264874954659501,1.3968827957093226,-2.291212157389966,-0.3105429950526493
12.0,187.0,1004.1674194335938,-3.4635398300377203,-4.725395938224921,-1.4363158006149028,2.1334699404495807,2.7982773401197822,1.7767159887706545,0.2648749546594789,1.3968827957093226,-2.291212601875652,-0.3105429950517677
12.0,187.0,1004.1674194335938,-3.46353986897168,-4.725395938224921,-1.4363158007431671,2.1334699404495807,2.7982773401197822,1.776715988770659,0.2648749546604703,1.3968827957093226,-2.291207094146736,-0.3105429950263657
12.0,187.0,1004.1674194335938,-3.463539277557831,-4.725395938052213,-1.436315800758749,2.1334699404495807,2.7982754155813705,1.7767159887733786,0.2648749546595169,1.3968827957093226,-2.291212150956033,-0.3105429950513745
12.0,187.0,1004.1674194335938,-3.463539853797943,-4.725395938113519,-1.4363158007447914,2.1334699404495807,2.7982755156329566,1.7767159887191084,0.2648749546595009,1.3968827957093226,-2.291209543252789,-0.3105429950526729
12.0,187.0,1004.1674194335938,-3.4635398300377203,-4.725395938224921,-1.4363158006150694,2.1334699404495807,2.798277234312072,1.7767159887702368,0.2648749546605413,1.3968827957093226,-2.2912121431858727,-0.3105429950259336
12.0,187.0,1004.1674194335938,-3.463539277557831,-4.725395939814057,-1.4363158006167998,2.1334699404495807,2.7982754155813705,1.7767159887548558,0.2648749546595169,1.3968827957093226,-2.291212157389966,-0.3105429950512047
12.0,187.0,1004.1674194335938,-3.463539277557831,-4.725395937986948,-1.436315800743088,2.1334699404495807,2.7982754155813705,1.7767159887631194,0.2648749546595169,1.3968827957093226,-2.291212150982473,-0.3105429950513836
12.0,188.0,1004.1674194335938,-3.463539277557831,-4.725395938019273,-1.436315800622839,2.1334699404495807,2.7982754155813705,1.7767159887340211,0.2648749546595169,1.3968827957093226,-2.291212157389966,-0.3105429950512022
12.0,188.0,1004.1674194335938,-3.463539277557831,-4.725395939814057,-1.436315800743088,2.1334699404495807,2.7982754155813705,1.7767159887542958,0.2648749546595169,1.3968827957093226,-2.291212157389966,-0.3105429950513836
12.0,188.0,1004.1674194335938,-3.463539277557831,-4.725395939814057,-1.436315800743088,2.1334699404495807,2.7982754155813705,1.7767159887542958,0.2648749546595169,1.3968827957093226,-2.291212157389966,-0.3105429950513836
12.0,188.0,1004.1674194335938,-3.463539277557831,-4.725395938019273,-1.436315800622839,2.1334699404495807,2.7982754155813705,1.7767159887340211,0.2648749546595169,1.3968827957093226,-2.291212157389966,-0.3105429950512022
12.0,188.0,1004.1674194335938,-3.463539277557831,-4.725395939814057,-1.436315800743088,2.1334699404495807,2.7982754155813705,1.7767159887542958,0.2648749546595169,1.3968827957093226,-2.291212157389966,-0.3105429950513836
12.0,188.0,1004.1674194335938,-3.4635398300377203,-4.725395938224921,-1.4363158007428922,2.1334699404495807,2.7982773401197822,1.7767159887702368,0.2648749546604703,1.3968827957093226,-2.291207094146736,-0.3105429950263657
12.0,188.0,1004.1674194335938,-3.4635392794540145,-4.725395939805206,-1.436315800743088,2.1334699404495807,2.798293925376849,1.7767159887542958,0.2648749546595125,1.3968827957093226,-2.291212157389966,-0.3105429950513836
12.0,188.0,1004.1674194335938,-3.463539277557831,-4.725395939814057,-1.436315800743088,2.1334699404495807,2.7982754155813705,1.7767159887542958,0.2648749546595169,1.3968827957093226,-2.291212157389966,-0.3105429950513836
12.0,188.0,1004.1674194335938,-3.463539277557831,-4.725395939814057,-1.436315800743088,2.1334699404495807,2.7982754155813705,1.7767159887542958,0.2648749546595169,1.3968827957093226,-2.291212157389966,-0.3105429950513836
12.0,188.0,1004.1674194335938,-3.463539277557831,-4.725395938019273,-1.436315800622839,2.1334699404495807,2.7982754155813705,1.7767159887340211,0.2648749546595169,1.3968827957093226,-2.291212157389966,-0.3105429950512022
12.0,188.0,1004.1674194335938,-3.463539277557831,-4.725395939814057,-1.436315800743088,2.1334699404495807,2.7982754155813705,1.7767159887542958,0.2648749546595169,1.3968827957093226,-2.291212157389966,-0.3105429950513836
12.0,188.0,1004.1674194335938,-3.463539277557831,-4.725395938019273,-1.436315800622839,2.1334699404495807,2.7982754155813705,1.7767159887340211,0.2648749546595169,1.3968827957093226,-2.291212157389966,-0.3105429950512022
12.0,188.0,1004.1674194335938,-3.463539277557831,-4.725395938019273,-1.436315800732415,2.1334699404495807,2.7982754155813705,1.7767159887345203,0.2648749546594385,1.3968827957093226,-2.291212157389966,-0.3105429950512046
12.0,188.0,1004.1674194335938,-3.463539277557831,-4.725395939836502,-1.4363158006255503,2.1334699404495807,2.7982754155813705,1.7767159887542958,0.2648749546595169,1.3968827957093226,-2.291212157389966,-0.3105429950513806
12.0,188.0,1004.1674194335938,-3.4635392794112048,-4.725395939805206,-1.436315800743088,2.1334699404495807,2.798293925376849,1.7767159887542958,0.2648749546595125,1.3968827957093226,-2.291212157389966,-0.3105429950513836
12.0,188.0,1004.1674194335938,-3.4635398687278176,-4.725395939814057,-1.4363158007430905,2.1334699404495807,2.7982754155813705,1.7767159887542958,0.2648749546595169,1.3968827957093226,-2.2912123336945927,-0.3105429950513836
12.0,188.0,1004.1674194335938,-3.463539277557831,-4.725395938232332,-1.436315800622831,2.1334699404495807,2.7982754155813705,1.7767159887695947,0.2648749546595169,1.3968827957093226,-2.2912121881381946,-0.3105429950513833
12.0,188.0,1004.1674194335938,-3.463539836448291,-4.725395938113519,-1.4363158006197612,2.1334699404495807,2.7982755136367072,1.776715989491715,0.2648749546595169,1.3968827957093226,-2.291209543252789,-0.3105429950520684
12.0,188.0,1004.1674194335938,-3.463539277557831,-4.725395939814057,-1.436315800743088,2.1334699404495807,2.798275510298065,1.7767159887542958,0.2648749546595169,1.3968827957093226,-2.291212157389966,-0.3105429950513836
12.0,188.0,1004.1674194335938,-3.463539277557831,-4.725395937996827,-1.4363158007403765,2.1334699404495807,2.7982754155813705,1.7767159887340211,0.2648749546595169,1.3968827957093226,-2.291212157389966,-0.3105429950512052
12.0,188.0,1004.1674194335938,-3.463539277557831,-4.725395939814057,-1.436315800743088,2.1334699404495807,2.7982754155813705,1.776715988753896,0.2648749546595169,1.3968827957093226,-2.291212157389966,-0.3105429950512007
12.0,188.0,1004.1674194335938,-3.463539277557831,-4.725395939814057,-1.4363158006261274,2.1334699404495807,2.7982754155813705,1.7767159887542958,0.2648749546595169,1.3968827957093226,-2.291212157389966,-0.3105429950513836
12.0,188.0,1004.1674194335938,-3.463539277557831,-4.725395938019273,-1.4363158007461418,2.1334699404495807,2.7982754155813705,1.776715988763587,0.2648749546595169,1.3968827957093226,-2.2912121511384704,-0.3105429950513794
12.0,188.0,1004.1674194335938,-3.463539277557831,-4.725395938019273,-1.4363158006234134,2.1334699404495807,2.7982754155813705,1.7767159887327288,0.2648749546595169,1.3968827957093226,-2.291212157389966,-0.3105429950511741
12.0,188.0,1004.1674194335938,-3.463539836448291,-4.725395938113519,-1.4363158007477503,2.1334699404495807,2.7982755136367072,1.776715989491715,0.2648749546595005,1.3968827957093226,-2.291209543252789,-0.3105429950526729
12.0,188.0,1004.1674194335938,-3.4635398687278176,-4.725395939814057,-1.4363158007506265,2.1334699404495807,2.7982754155813705,1.7767159887542958,0.2648749546595169,1.3968827957093226,-2.2912123336945927,-0.3105429950513769
12.0,188.0,1004.1674194335938,-3.4635416219596964,-4.725395939814057,-1.436315800743088,2.1334699404495807,2.7982754155813705,1.776715988753896,0.2648749546595206,1.3968827957093226,-2.291212157389966,-0.3105429950512012
12.0,188.0,1004.1674194335938,-3.463539277557831,-4.725395938019273,-1.4363158006130674,2.1334699404495807,2.7982754155813705,1.7767159887340211,0.2648749546595169,1.3968827957093226,-2.291212157389966,-0.3105429950512022
12.0,188.0,1004.1674194335938,-3.4635398300377203,-4.725395938224921,-1.4363158006149028,2.1334699404495807,2.7982773401197822,1.7767159887702368,0.2648749546604867,1.3968827957093226,-2.291207094146736,-0.310542995025761
12.0,188.0,1004.1674194335938,-3.463539277557831,-4.725395938056315,-1.436315800758749,2.1334699404495807,2.7982754155813705,1.7767159887733786,0.2648749546595169,1.3968827957093226,-2.291212150956033,-0.3105429950512022
12.0,188.0,1004.1674194335938,-3.463539277557831,-4.725395938019273,-1.4363158006153027,2.1334699404495807,2.7982754155813705,1.7767159887340211,0.2648749546595169,1.3968827957093226,-2.291212157389966,-0.3105429950512089
12.0,188.0,1004.1674194335938,-3.463539277557831,-4.725395937165235,-1.4363158007428931,2.1334699404495807,2.7982754155813705,1.7767159887708073,0.2648749546595169,1.3968827957093226,-2.291212157389966,-0.3105429950513836
12.0,188.0,1004.1674194335938,-3.4635392794540145,-4.725395937987234,-1.436315800743088,2.1334699404495807,2.798293925376849,1.7767159887543738,0.2648749546595125,1.3968827957093226,-2.291212157389966,-0.3105429950513836
12.0,188.0,1004.1674194335938,-3.463539277557831,-4.725395939814057,-1.436315800743088,2.1334699404495807,2.7982754155813705,1.7767159887542958,0.2648749546595169,1.3968827957093226,-2.291212157389966,-0.3105429950513836
12.0,188.0,1004.1674194335938,-3.463539277557831,-4.725395938021503,-1.436315800622839,2.1334699404495807,2.7982754155813705,1.7767159887707749,0.2648749546595169,1.3968827957093226,-2.291212159448847,-0.3105429950512022
12.0,188.0,1004.1674194335938,-3.463539260208179,-4.725395938019273,-1.4363158006257977,2.1334699404495807,2.7982754135851207,1.7767159895066278,0.2648749546595165,1.3968827957093226,-2.291212157389966,-0.3105429950512022
12.0,188.0,1004.1674194335938,-3.463539277557831,-4.725395939814057,-1.436315800743088,2.1334699404495807,2.7982754155813705,1.7767159887542958,0.2648749546595169,1.3968827957093226,-2.291212157389966,-0.3105429950513836
12.0,188.0,1004.1674194335938,-3.4635392794540145,-4.725395937987234,-1.436315800743088,2.1334699404495807,2.798293925376849,1.7767159887543738,0.2648749546595125,1.3968827957093226,-2.291212157389966,-0.3105429950513836
12.0,188.0,1004.1674194335938,-3.463539867399512,-4.725395940094856,-1.4363158007430905,2.1334699404495807,2.7982754155813705,1.7767159887547364,0.2648749546594409,1.3968827957093226,-2.2912123336945927,-0.3105429950513836
12.0,188.0,1004.1674194335938,-3.463539277557831,-4.725395938019273,-1.4363158007428172,2.1334699404495807,2.7982754155813705,1.7767159887345203,0.2648749546594358,1.3968827957093226,-2.291212157389966,-0.3105429950513682
12.0,188.0,1004.1674194335938,-3.463539277557831,-4.725395939814057,-1.4363158007432486,2.1334699404495807,2.7982754155813705,1.7767159887698882,0.2648749546595169,1.3968827957093226,-2.291212157389966,-0.3105429950512986
12.0,188.0,1004.1674194335938,-3.463539277557831,-4.725395939814057,-1.436315800743088,2.1334699404495807,2.7982754155813705,1.7767159887542958,0.2648749546595169,1.3968827957093226,-2.291212157389966,-0.3105429950513931
12.0,188.0,1004.1674194335938,-3.463539838007906,-4.725395939836502,-1.4363158006255503,2.1334699404495807,2.798275415531722,1.7767159887237935,0.264874954659501,1.3968827957093226,-2.291212157389966,-0.3105429950526493
12.0,188.0,1004.1674194335938,-3.4635398300377203,-4.725395938224921,-1.4363158006149028,2.1334699404495807,2.7982773401197822,1.7767159887706545,0.2648749546594789,1.3968827957093226,-2.291212601875652,-0.3105429950517677
12.0,188.0,1004.1674194335938,-3.46353986897168,-4.725395938224921,-1.4363158007431671,2.1334699404495807,2.7982773401197822,1.776715988770659,0.2648749546604703,1.3968827957093226,-2.291207094146736,-0.3105429950263657
12.0,188.0,1004.1674194335938,-3.463539277557831,-4.725395938052213,-1.436315800758749,2.1334699404495807,2.7982754155813705,1.7767159887733786,0.2648749546595169,1.3968827957093226,-2.291212150956033,-0.3105429950513745
12.0,188.0,1004.1674194335938,-3.463539853797943,-4.725395938113519,-1.4363158007447914,2.1334699404495807,2.7982755156329566,1.7767159887191084,0.2648749546595009,1.3968827957093226,-2.291209543252789,-0.3105429950526729
12.0,188.0,1004.1674194335938,-3.4635398300377203,-4.725395938224921,-1.4363158006150694,2.1334699404495807,2.798277234312072,1.7767159887702368,0.2648749546605413,1.3968827957093226,-2.2912121431858727,-0.3105429950259336
12.0,188.0,1004.1674194335938,-3.463539277557831,-4.725395939814057,-1.4363158006167998,2.1334699404495807,2.7982754155813705,1.7767159887548558,0.2648749546595169,1.3968827957093226,-2.291212157389966,-0.3105429950512047
12.0,188.0,1004.1674194335938,-3.463539277557831,-4.725395937986948,-1.436315800743088,2.1334699404495807,2.7982754155813705,1.7767159887631194,0.2648749546595169,1.3968827957093226,-2.291212150982473,-0.3105429950513836
12.0,189.0,1004.167236328125,-3.4635392900194164,-4.726000887583536,-1.4363158007510577,2.1334699404495807,2.7982928229537487,1.7767159887542958,0.2648749546595169,1.3968827957093226,-2.2912123312354824,-0.3105429950513769
12.0,189.0,1004.1674194335938,-3.463539277557831,-4.725395938019273,-1.436315800622839,2.1334699404495807,2.7982754155813705,1.7767159887340211,0.2648749546595169,1.3968827957093226,-2.291212157389966,-0.3105429950512022
12.0,189.0,1004.1674194335938,-3.463539277557831,-4.725395939814057,-1.436315800743088,2.1334699404495807,2.7982754155813705,1.7767159887542958,0.2648749546595169,1.3968827957093226,-2.291212157389966,-0.3105429950513836
12.0,189.0,1004.1674194335938,-3.463539277557831,-4.725395939814057,-1.436315800743088,2.1334699404495807,2.7982754155813705,1.7767159887542958,0.2648749546595169,1.3968827957093226,-2.291212157389966,-0.3105429950513836
12.0,189.0,1004.1674194335938,-3.463539277557831,-4.725395938019273,-1.436315800622839,2.1334699404495807,2.7982754155813705,1.7767159887340211,0.2648749546595169,1.3968827957093226,-2.291212157389966,-0.3105429950512022
12.0,189.0,1004.1674194335938,-3.463539277557831,-4.725395939814057,-1.436315800743088,2.1334699404495807,2.7982754155813705,1.7767159887542958,0.2648749546595169,1.3968827957093226,-2.291212157389966,-0.3105429950513836
12.0,189.0,1004.1674194335938,-3.4635398300377203,-4.725395938224921,-1.4363158007428922,2.1334699404495807,2.7982773401197822,1.7767159887702368,0.2648749546604703,1.3968827957093226,-2.291207094146736,-0.3105429950263657
12.0,189.0,1004.1674194335938,-3.4635392794540145,-4.725395939805206,-1.436315800743088,2.1334699404495807,2.798293925376849,1.7767159887542958,0.2648749546595125,1.3968827957093226,-2.291212157389966,-0.3105429950513836
12.0,189.0,1004.1674194335938,-3.463539277557831,-4.725395939814057,-1.436315800743088,2.1334699404495807,2.7982754155813705,1.7767159887542958,0.2648749546595169,1.3968827957093226,-2.291212157389966,-0.3105429950513836
12.0,189.0,1004.1674194335938,-3.463539277557831,-4.725395939814057,-1.436315800743088,2.1334699404495807,2.7982754155813705,1.7767159887542958,0.2648749546595169,1.3968827957093226,-2.291212157389966,-0.3105429950513836
12.0,189.0,1004.1674194335938,-3.463539277557831,-4.725395938019273,-1.436315800622839,2.1334699404495807,2.7982754155813705,1.7767159887340211,0.2648749546595169,1.3968827957093226,-2.291212157389966,-0.3105429950512022
12.0,189.0,1004.1674194335938,-3.463539277557831,-4.725395939814057,-1.436315800743088,2.1334699404495807,2.7982754155813705,1.7767159887542958,0.2648749546595169,1.3968827957093226,-2.291212157389966,-0.3105429950513836
12.0,189.0,1004.1674194335938,-3.463539277557831,-4.725395938019273,-1.436315800622839,2.1334699404495807,2.7982754155813705,1.7767159887340211,0.2648749546595169,1.3968827957093226,-2.291212157389966,-0.3105429950512022
12.0,189.0,1004.1674194335938,-3.463539277557831,-4.725395938019273,-1.436315800732415,2.1334699404495807,2.7982754155813705,1.7767159887345203,0.2648749546594385,1.3968827957093226,-2.291212157389966,-0.3105429950512046
12.0,189.0,1004.1674194335938,-3.463539277557831,-4.725395939836502,-1.4363158006255503,2.1334699404495807,2.7982754155813705,1.7767159887542958,0.2648749546595169,1.3968827957093226,-2.291212157389966,-0.3105429950513806
12.0,189.0,1004.1674194335938,-3.4635392794112048,-4.725395939805206,-1.436315800743088,2.1334699404495807,2.798293925376849,1.7767159887542958,0.2648749546595125,1.3968827957093226,-2.291212157389966,-0.3105429950513836
12.0,189.0,1004.1674194335938,-3.4635398687278176,-4.725395939814057,-1.4363158007430905,2.1334699404495807,2.7982754155813705,1.7767159887542958,0.2648749546595169,1.3968827957093226,-2.2912123336945927,-0.3105429950513836
12.0,189.0,1004.1674194335938,-3.463539277557831,-4.725395938232332,-1.436315800622831,2.1334699404495807,2.7982754155813705,1.7767159887695947,0.2648749546595169,1.3968827957093226,-2.2912121881381946,-0.3105429950513833
12.0,189.0,1004.1674194335938,-3.463539836448291,-4.725395938113519,-1.4363158006197612,2.1334699404495807,2.7982755136367072,1.776715989491715,0.2648749546595169,1.3968827957093226,-2.291209543252789,-0.3105429950520684
12.0,189.0,1004.1674194335938,-3.463539277557831,-4.725395939814057,-1.436315800743088,2.1334699404495807,2.798275510298065,1.7767159887542958,0.2648749546595169,1.3968827957093226,-2.291212157389966,-0.3105429950513836
12.0,189.0,1004.1674194335938,-3.463539277557831,-4.725395937996827,-1.4363158007403765,2.1334699404495807,2.7982754155813705,1.7767159887340211,0.2648749546595169,1.3968827957093226,-2.291212157389966,-0.3105429950512052
12.0,189.0,1004.1674194335938,-3.463539277557831,-4.725395939814057,-1.436315800743088,2.1334699404495807,2.7982754155813705,1.776715988753896,0.2648749546595169,1.3968827957093226,-2.291212157389966,-0.3105429950512007
12.0,189.0,1004.1674194335938,-3.463539277557831,-4.725395939814057,-1.4363158006261274,2.1334699404495807,2.7982754155813705,1.7767159887542958,0.2648749546595169,1.3968827957093226,-2.291212157389966,-0.3105429950513836
12.0,189.0,1004.1674194335938,-3.463539277557831,-4.725395938019273,-1.4363158007461418,2.1334699404495807,2.7982754155813705,1.776715988763587,0.2648749546595169,1.3968827957093226,-2.2912121511384704,-0.3105429950513794
12.0,189.0,1004.1674194335938,-3.463539277557831,-4.725395938019273,-1.4363158006234134,2.1334699404495807,2.7982754155813705,1.7767159887327288,0.2648749546595169,1.3968827957093226,-2.291212157389966,-0.3105429950511741
12.0,189.0,1004.1674194335938,-3.463539836448291,-4.725395938113519,-1.4363158007477503,2.1334699404495807,2.7982755136367072,1.776715989491715,0.2648749546595005,1.3968827957093226,-2.291209543252789,-0.3105429950526729
12.0,189.0,1004.1674194335938,-3.4635398687278176,-4.725395939814057,-1.4363158007506265,2.1334699404495807,2.7982754155813705,1.7767159887542958,0.2648749546595169,1.3968827957093226,-2.2912123336945927,-0.3105429950513769
12.0,189.0,1004.1674194335938,-3.4635416219596964,-4.725395939814057,-1.436315800743088,2.1334699404495807,2.7982754155813705,1.776715988753896,0.2648749546595206,1.3968827957093226,-2.291212157389966,-0.3105429950512012
12.0,189.0,1004.1674194335938,-3.463539277557831,-4.725395938019273,-1.4363158006130674,2.1334699404495807,2.7982754155813705,1.7767159887340211,0.2648749546595169,1.3968827957093226,-2.291212157389966,-0.3105429950512022
12.0,189.0,1004.1674194335938,-3.4635398300377203,-4.725395938224921,-1.4363158006149028,2.1334699404495807,2.7982773401197822,1.7767159887702368,0.2648749546604867,1.3968827957093226,-2.291207094146736,-0.310542995025761
12.0,189.0,1004.1674194335938,-3.463539277557831,-4.725395938056315,-1.436315800758749,2.1334699404495807,2.7982754155813705,1.7767159887733786,0.2648749546595169,1.3968827957093226,-2.291212150956033,-0.3105429950512022
12.0,189.0,1004.1674194335938,-3.463539277557831,-4.725395938019273,-1.4363158006153027,2.1334699404495807,2.7982754155813705,1.7767159887340211,0.2648749546595169,1.3968827957093226,-2.291212157389966,-0.3105429950512089
12.0,189.0,1004.1674194335938,-3.463539277557831,-4.725395937165235,-1.4363158007428931,2.1334699404495807,2.7982754155813705,1.7767159887708073,0.2648749546595169,1.3968827957093226,-2.291212157389966,-0.3105429950513836
12.0,189.0,1004.1674194335938,-3.4635392794540145,-4.725395937987234,-1.436315800743088,2.1334699404495807,2.798293925376849,1.7767159887543738,0.2648749546595125,1.3968827957093226,-2.291212157389966,-0.3105429950513836
12.0,189.0,1004.1674194335938,-3.463539277557831,-4.725395939814057,-1.436315800743088,2.1334699404495807,2.7982754155813705,1.7767159887542958,0.2648749546595169,1.3968827957093226,-2.291212157389966,-0.3105429950513836
12.0,189.0,1004.1674194335938,-3.463539277557831,-4.725395938021503,-1.436315800622839,2.1334699404495807,2.7982754155813705,1.7767159887707749,0.2648749546595169,1.3968827957093226,-2.291212159448847,-0.3105429950512022
12.0,189.0,1004.1674194335938,-3.463539260208179,-4.725395938019273,-1.4363158006257977,2.1334699404495807,2.7982754135851207,1.7767159895066278,0.2648749546595165,1.3968827957093226,-2.291212157389966,-0.3105429950512022
12.0,189.0,1004.1674194335938,-3.463539277557831,-4.725395939814057,-1.436315800743088,2.1334699404495807,2.7982754155813705,1.7767159887542958,0.2648749546595169,1.3968827957093226,-2.291212157389966,-0.3105429950513836
12.0,189.0,1004.1674194335938,-3.4635392794540145,-4.725395937987234,-1.436315800743088,2.1334699404495807,2.798293925376849,1.7767159887543738,0.2648749546595125,1.3968827957093226,-2.291212157389966,-0.3105429950513836
12.0,189.0,1004.1674194335938,-3.463539867399512,-4.725395940094856,-1.4363158007430905,2.1334699404495807,2.7982754155813705,1.7767159887547364,0.2648749546594409,1.3968827957093226,-2.2912123336945927,-0.3105429950513836
12.0,189.0,1004.1674194335938,-3.463539277557831,-4.725395938019273,-1.4363158007428172,2.1334699404495807,2.7982754155813705,1.7767159887345203,0.2648749546594358,1.3968827957093226,-2.291212157389966,-0.3105429950513682
12.0,189.0,1004.1674194335938,-3.463539277557831,-4.725395939814057,-1.4363158007432486,2.1334699404495807,2.7982754155813705,1.7767159887698882,0.2648749546595169,1.3968827957093226,-2.291212157389966,-0.3105429950512986
12.0,189.0,1004.1674194335938,-3.463539277557831,-4.725395939814057,-1.436315800743088,2.1334699404495807,2.7982754155813705,1.7767159887542958,0.2648749546595169,1.3968827957093226,-2.291212157389966,-0.3105429950513931
12.0,189.0,1004.1674194335938,-3.463539838007906,-4.725395939836502,-1.4363158006255503,2.1334699404495807,2.798275415531722,1.7767159887237935,0.264874954659501,1.3968827957093226,-2.291212157389966,-0.3105429950526493
12.0,189.0,1004.1674194335938,-3.4635398300377203,-4.725395938224921,-1.4363158006149028,2.1334699404495807,2.7982773401197822,1.7767159887706545,0.2648749546594789,1.3968827957093226,-2.291212601875652,-0.3105429950517677
12.0,189.0,1004.1674194335938,-3.46353986897168,-4.725395938224921,-1.4363158007431671,2.1334699404495807,2.7982773401197822,1.776715988770659,0.2648749546604703,1.3968827957093226,-2.291207094146736,-0.3105429950263657
12.0,189.0,1004.1674194335938,-3.463539277557831,-4.725395938052213,-1.436315800758749,2.1334699404495807,2.7982754155813705,1.7767159887733786,0.2648749546595169,1.3968827957093226,-2.291212150956033,-0.3105429950513745
12.0,189.0,1004.1674194335938,-3.463539853797943,-4.725395938113519,-1.4363158007447914,2.1334699404495807,2.7982755156329566,1.7767159887191084,0.2648749546595009,1.3968827957093226,-2.291209543252789,-0.3105429950526729
12.0,189.0,1004.1674194335938,-3.4635398300377203,-4.725395938224921,-1.4363158006150694,2.1334699404495807,2.798277234312072,1.7767159887702368,0.2648749546605413,1.3968827957093226,-2.2912121431858727,-0.3105429950259336
12.0,189.0,1004.1674194335938,-3.463539277557831,-4.725395939814057,-1.4363158006167998,2.1334699404495807,2.7982754155813705,1.7767159887548558,0.2648749546595169,1.3968827957093226,-2.291212157389966,-0.3105429950512047
12.0,190.0,1004.167236328125,-3.4635392900194164,-4.726000887583536,-1.4363158007510577,2.1334699404495807,2.7982928229537487,1.7767159887542958,0.2648749546595169,1.3968827957093226,-2.2912123312354824,-0.3105429950513769
12.0,190.0,1004.167236328125,-3.4635392900194164,-4.725985295446133,-1.4363158007510577,2.1334699404495807,2.7982928229537487,1.7767159887542958,0.2648749546595169,1.3968827957093226,-2.2912123208915744,-0.3105429950513769
12.0,190.0,1004.167236328125,-3.463539277557831,-4.726008336588709,-1.436315800622839,2.1334699404495807,2.798291462904768,1.776715988753454,0.2648749546595169,1.3968827957093226,-2.291212330326625,-0.3105429950513764
12.0,190.0,1004.1674194335938,-3.463539277557831,-4.725395938019273,-1.436315800622839,2.1334699404495807,2.7982754155813705,1.7767159887340211,0.2648749546595169,1.3968827957093226,-2.291212157389966,-0.3105429950512022
12.0,190.0,1004.1674194335938,-3.463539277557831,-4.725395939814057,-1.436315800743088,2.1334699404495807,2.7982754155813705,1.7767159887542958,0.2648749546595169,1.3968827957093226,-2.291212157389966,-0.3105429950513836
12.0,190.0,1004.1674194335938,-3.463539277557831,-4.725395939814057,-1.436315800743088,2.1334699404495807,2.7982754155813705,1.7767159887542958,0.2648749546595169,1.3968827957093226,-2.291212157389966,-0.3105429950513836
12.0,190.0,1004.1674194335938,-3.463539277557831,-4.725395938019273,-1.436315800622839,2.1334699404495807,2.7982754155813705,1.7767159887340211,0.2648749546595169,1.3968827957093226,-2.291212157389966,-0.3105429950512022
12.0,190.0,1004.1674194335938,-3.463539277557831,-4.725395939814057,-1.436315800743088,2.1334699404495807,2.7982754155813705,1.7767159887542958,0.2648749546595169,1.3968827957093226,-2.291212157389966,-0.3105429950513836
12.0,190.0,1004.1674194335938,-3.4635398300377203,-4.725395938224921,-1.4363158007428922,2.1334699404495807,2.7982773401197822,1.7767159887702368,0.2648749546604703,1.3968827957093226,-2.291207094146736,-0.3105429950263657
12.0,190.0,1004.1674194335938,-3.4635392794540145,-4.725395939805206,-1.436315800743088,2.1334699404495807,2.798293925376849,1.7767159887542958,0.2648749546595125,1.3968827957093226,-2.291212157389966,-0.3105429950513836
12.0,190.0,1004.1674194335938,-3.463539277557831,-4.725395939814057,-1.436315800743088,2.1334699404495807,2.7982754155813705,1.7767159887542958,0.2648749546595169,1.3968827957093226,-2.291212157389966,-0.3105429950513836
12.0,190.0,1004.1674194335938,-3.463539277557831,-4.725395939814057,-1.436315800743088,2.1334699404495807,2.7982754155813705,1.7767159887542958,0.2648749546595169,1.3968827957093226,-2.291212157389966,-0.3105429950513836
12.0,190.0,1004.1674194335938,-3.463539277557831,-4.725395938019273,-1.436315800622839,2.1334699404495807,2.7982754155813705,1.7767159887340211,0.2648749546595169,1.3968827957093226,-2.291212157389966,-0.3105429950512022
12.0,190.0,1004.1674194335938,-3.463539277557831,-4.725395939814057,-1.436315800743088,2.1334699404495807,2.7982754155813705,1.7767159887542958,0.2648749546595169,1.3968827957093226,-2.291212157389966,-0.3105429950513836
12.0,190.0,1004.1674194335938,-3.463539277557831,-4.725395938019273,-1.436315800622839,2.1334699404495807,2.7982754155813705,1.7767159887340211,0.2648749546595169,1.3968827957093226,-2.291212157389966,-0.3105429950512022
12.0,190.0,1004.1674194335938,-3.463539277557831,-4.725395938019273,-1.436315800732415,2.1334699404495807,2.7982754155813705,1.7767159887345203,0.2648749546594385,1.3968827957093226,-2.291212157389966,-0.3105429950512046
12.0,190.0,1004.1674194335938,-3.463539277557831,-4.725395939836502,-1.4363158006255503,2.1334699404495807,2.7982754155813705,1.7767159887542958,0.2648749546595169,1.3968827957093226,-2.291212157389966,-0.3105429950513806
12.0,190.0,1004.1674194335938,-3.4635392794112048,-4.725395939805206,-1.436315800743088,2.1334699404495807,2.798293925376849,1.7767159887542958,0.2648749546595125,1.3968827957093226,-2.291212157389966,-0.3105429950513836
12.0,190.0,1004.1674194335938,-3.4635398687278176,-4.725395939814057,-1.4363158007430905,2.1334699404495807,2.7982754155813705,1.7767159887542958,0.2648749546595169,1.3968827957093226,-2.2912123336945927,-0.3105429950513836
12.0,190.0,1004.1674194335938,-3.463539277557831,-4.725395938232332,-1.436315800622831,2.1334699404495807,2.7982754155813705,1.7767159887695947,0.2648749546595169,1.3968827957093226,-2.2912121881381946,-0.3105429950513833
12.0,190.0,1004.1674194335938,-3.463539836448291,-4.725395938113519,-1.4363158006197612,2.1334699404495807,2.7982755136367072,1.776715989491715,0.2648749546595169,1.3968827957093226,-2.291209543252789,-0.3105429950520684
12.0,190.0,1004.1674194335938,-3.463539277557831,-4.725395939814057,-1.436315800743088,2.1334699404495807,2.798275510298065,1.7767159887542958,0.2648749546595169,1.3968827957093226,-2.291212157389966,-0.3105429950513836
12.0,190.0,1004.1674194335938,-3.463539277557831,-4.725395937996827,-1.4363158007403765,2.1334699404495807,2.7982754155813705,1.7767159887340211,0.2648749546595169,1.3968827957093226,-2.291212157389966,-0.3105429950512052
12.0,190.0,1004.1674194335938,-3.463539277557831,-4.725395939814057,-1.436315800743088,2.1334699404495807,2.7982754155813705,1.776715988753896,0.2648749546595169,1.3968827957093226,-2.291212157389966,-0.3105429950512007
12.0,190.0,1004.1674194335938,-3.463539277557831,-4.725395939814057,-1.4363158006261274,2.1334699404495807,2.7982754155813705,1.7767159887542958,0.2648749546595169,1.3968827957093226,-2.291212157389966,-0.3105429950513836
12.0,190.0,1004.1674194335938,-3.463539277557831,-4.725395938019273,-1.4363158007461418,2.1334699404495807,2.7982754155813705,1.776715988763587,0.2648749546595169,1.3968827957093226,-2.2912121511384704,-0.3105429950513794
12.0,190.0,1004.1674194335938,-3.463539277557831,-4.725395938019273,-1.4363158006234134,2.1334699404495807,2.7982754155813705,1.7767159887327288,0.2648749546595169,1.3968827957093226,-2.291212157389966,-0.3105429950511741
12.0,190.0,1004.1674194335938,-3.463539836448291,-4.725395938113519,-1.4363158007477503,2.1334699404495807,2.7982755136367072,1.776715989491715,0.2648749546595005,1.3968827957093226,-2.291209543252789,-0.3105429950526729
12.0,190.0,1004.1674194335938,-3.4635398687278176,-4.725395939814057,-1.4363158007506265,2.1334699404495807,2.7982754155813705,1.7767159887542958,0.2648749546595169,1.3968827957093226,-2.2912123336945927,-0.3105429950513769
12.0,190.0,1004.1674194335938,-3.4635416219596964,-4.725395939814057,-1.436315800743088,2.1334699404495807,2.7982754155813705,1.776715988753896,0.2648749546595206,1.3968827957093226,-2.291212157389966,-0.3105429950512012
12.0,190.0,1004.1674194335938,-3.463539277557831,-4.725395938019273,-1.4363158006130674,2.1334699404495807,2.7982754155813705,1.7767159887340211,0.2648749546595169,1.3968827957093226,-2.291212157389966,-0.3105429950512022
12.0,190.0,1004.1674194335938,-3.4635398300377203,-4.725395938224921,-1.4363158006149028,2.1334699404495807,2.7982773401197822,1.7767159887702368,0.2648749546604867,1.3968827957093226,-2.291207094146736,-0.310542995025761
12.0,190.0,1004.1674194335938,-3.463539277557831,-4.725395938056315,-1.436315800758749,2.1334699404495807,2.7982754155813705,1.7767159887733786,0.2648749546595169,1.3968827957093226,-2.291212150956033,-0.3105429950512022
12.0,190.0,1004.1674194335938,-3.463539277557831,-4.725395938019273,-1.4363158006153027,2.1334699404495807,2.7982754155813705,1.7767159887340211,0.2648749546595169,1.3968827957093226,-2.291212157389966,-0.3105429950512089
12.0,190.0,1004.1674194335938,-3.463539277557831,-4.725395937165235,-1.4363158007428931,2.1334699404495807,2.7982754155813705,1.7767159887708073,0.2648749546595169,1.3968827957093226,-2.291212157389966,-0.3105429950513836
12.0,190.0,1004.1674194335938,-3.4635392794540145,-4.725395937987234,-1.436315800743088,2.1334699404495807,2.798293925376849,1.7767159887543738,0.2648749546595125,1.3968827957093226,-2.291212157389966,-0.3105429950513836
12.0,190.0,1004.1674194335938,-3.463539277557831,-4.725395939814057,-1.436315800743088,2.1334699404495807,2.7982754155813705,1.7767159887542958,0.2648749546595169,1.3968827957093226,-2.291212157389966,-0.3105429950513836
12.0,190.0,1004.1674194335938,-3.463539277557831,-4.725395938021503,-1.436315800622839,2.1334699404495807,2.7982754155813705,1.7767159887707749,0.2648749546595169,1.3968827957093226,-2.291212159448847,-0.3105429950512022
12.0,190.0,1004.1674194335938,-3.463539260208179,-4.725395938019273,-1.4363158006257977,2.1334699404495807,2.7982754135851207,1.7767159895066278,0.2648749546595165,1.3968827957093226,-2.291212157389966,-0.3105429950512022
12.0,190.0,1004.1674194335938,-3.463539277557831,-4.725395939814057,-1.436315800743088,2.1334699404495807,2.7982754155813705,1.7767159887542958,0.2648749546595169,1.3968827957093226,-2.291212157389966,-0.3105429950513836
12.0,190.0,1004.1674194335938,-3.4635392794540145,-4.725395937987234,-1.436315800743088,2.1334699404495807,2.798293925376849,1.7767159887543738,0.2648749546595125,1.3968827957093226,-2.291212157389966,-0.3105429950513836
12.0,190.0,1004.1674194335938,-3.463539867399512,-4.725395940094856,-1.4363158007430905,2.1334699404495807,2.7982754155813705,1.7767159887547364,0.2648749546594409,1.3968827957093226,-2.2912123336945927,-0.3105429950513836
12.0,190.0,1004.1674194335938,-3.463539277557831,-4.725395938019273,-1.4363158007428172,2.1334699404495807,2.7982754155813705,1.7767159887345203,0.2648749546594358,1.3968827957093226,-2.291212157389966,-0.3105429950513682
12.0,190.0,1004.1674194335938,-3.463539277557831,-4.725395939814057,-1.4363158007432486,2.1334699404495807,2.7982754155813705,1.7767159887698882,0.2648749546595169,1.3968827957093226,-2.291212157389966,-0.3105429950512986
12.0,190.0,1004.1674194335938,-3.463539277557831,-4.725395939814057,-1.436315800743088,2.1334699404495807,2.7982754155813705,1.7767159887542958,0.2648749546595169,1.3968827957093226,-2.291212157389966,-0.3105429950513931
12.0,190.0,1004.1674194335938,-3.463539838007906,-4.725395939836502,-1.4363158006255503,2.1334699404495807,2.798275415531722,1.7767159887237935,0.264874954659501,1.3968827957093226,-2.291212157389966,-0.3105429950526493
12.0,190.0,1004.1674194335938,-3.4635398300377203,-4.725395938224921,-1.4363158006149028,2.1334699404495807,2.7982773401197822,1.7767159887706545,0.2648749546594789,1.3968827957093226,-2.291212601875652,-0.3105429950517677
12.0,190.0,1004.1674194335938,-3.46353986897168,-4.725395938224921,-1.4363158007431671,2.1334699404495807,2.7982773401197822,1.776715988770659,0.2648749546604703,1.3968827957093226,-2.291207094146736,-0.3105429950263657
12.0,190.0,1004.1674194335938,-3.463539277557831,-4.725395938052213,-1.436315800758749,2.1334699404495807,2.7982754155813705,1.7767159887733786,0.2648749546595169,1.3968827957093226,-2.291212150956033,-0.3105429950513745
12.0,190.0,1004.1674194335938,-3.463539853797943,-4.725395938113519,-1.4363158007447914,2.1334699404495807,2.7982755156329566,1.7767159887191084,0.2648749546595009,1.3968827957093226,-2.291209543252789,-0.3105429950526729
12.0,191.0,1004.167236328125,-3.4635392900194164,-4.726000887583536,-1.4363158007510577,2.1334699404495807,2.7982928229537487,1.7767159887542958,0.2648749546595169,1.3968827957093226,-2.2912123312354824,-0.3105429950513769
12.0,191.0,1004.167236328125,-3.4635392900194164,-4.725985295446133,-1.4363158007510577,2.1334699404495807,2.7982928229537487,1.7767159887542958,0.2648749546595169,1.3968827957093226,-2.2912123208915744,-0.3105429950513769
12.0,191.0,1004.167236328125,-3.463539277557831,-4.726008336588709,-1.436315800622839,2.1334699404495807,2.798291462904768,1.776715988753454,0.2648749546595169,1.3968827957093226,-2.291212330326625,-0.3105429950513764
12.0,191.0,1004.167236328125,-3.4635392900194164,-4.725985295446133,-1.4363158006257872,2.1334699404495807,2.7982928229537487,1.7767159887543251,0.2648749546595169,1.3968827957093226,-2.291212329875026,-0.3105429950513769
12.0,191.0,1004.1672973632812,-3.463539277557831,-4.726005923882742,-1.436315800750979,2.1334699404495807,2.7982754155813705,1.7767159887542958,0.2648749546595169,1.3968827957093226,-2.291212157389966,-0.3105429950513836
12.0,191.0,1004.1674194335938,-3.463539277557831,-4.725395938019273,-1.436315800622839,2.1334699404495807,2.7982754155813705,1.7767159887340211,0.2648749546595169,1.3968827957093226,-2.291212157389966,-0.3105429950512022
12.0,191.0,1004.1674194335938,-3.463539277557831,-4.725395939814057,-1.436315800743088,2.1334699404495807,2.7982754155813705,1.7767159887542958,0.2648749546595169,1.3968827957093226,-2.291212157389966,-0.3105429950513836
12.0,191.0,1004.1674194335938,-3.463539277557831,-4.725395939814057,-1.436315800743088,2.1334699404495807,2.7982754155813705,1.7767159887542958,0.2648749546595169,1.3968827957093226,-2.291212157389966,-0.3105429950513836
12.0,191.0,1004.1674194335938,-3.463539277557831,-4.725395938019273,-1.436315800622839,2.1334699404495807,2.7982754155813705,1.7767159887340211,0.2648749546595169,1.3968827957093226,-2.291212157389966,-0.3105429950512022
12.0,191.0,1004.1674194335938,-3.463539277557831,-4.725395939814057,-1.436315800743088,2.1334699404495807,2.7982754155813705,1.7767159887542958,0.2648749546595169,1.3968827957093226,-2.291212157389966,-0.3105429950513836
12.0,191.0,1004.1674194335938,-3.4635398300377203,-4.725395938224921,-1.4363158007428922,2.1334699404495807,2.7982773401197822,1.7767159887702368,0.2648749546604703,1.3968827957093226,-2.291207094146736,-0.3105429950263657
12.0,191.0,1004.1674194335938,-3.4635392794540145,-4.725395939805206,-1.436315800743088,2.1334699404495807,2.798293925376849,1.7767159887542958,0.2648749546595125,1.3968827957093226,-2.291212157389966,-0.3105429950513836
12.0,191.0,1004.1674194335938,-3.463539277557831,-4.725395939814057,-1.436315800743088,2.1334699404495807,2.7982754155813705,1.7767159887542958,0.2648749546595169,1.3968827957093226,-2.291212157389966,-0.3105429950513836
12.0,191.0,1004.1674194335938,-3.463539277557831,-4.725395939814057,-1.436315800743088,2.1334699404495807,2.7982754155813705,1.7767159887542958,0.2648749546595169,1.3968827957093226,-2.291212157389966,-0.3105429950513836
12.0,191.0,1004.1674194335938,-3.463539277557831,-4.725395938019273,-1.436315800622839,2.1334699404495807,2.7982754155813705,1.7767159887340211,0.2648749546595169,1.3968827957093226,-2.291212157389966,-0.3105429950512022
12.0,191.0,1004.1674194335938,-3.463539277557831,-4.725395939814057,-1.436315800743088,2.1334699404495807,2.7982754155813705,1.7767159887542958,0.2648749546595169,1.3968827957093226,-2.291212157389966,-0.3105429950513836
12.0,191.0,1004.1674194335938,-3.463539277557831,-4.725395938019273,-1.436315800622839,2.1334699404495807,2.7982754155813705,1.7767159887340211,0.2648749546595169,1.3968827957093226,-2.291212157389966,-0.3105429950512022
12.0,191.0,1004.1674194335938,-3.463539277557831,-4.725395938019273,-1.436315800732415,2.1334699404495807,2.7982754155813705,1.7767159887345203,0.2648749546594385,1.3968827957093226,-2.291212157389966,-0.3105429950512046
12.0,191.0,1004.1674194335938,-3.463539277557831,-4.725395939836502,-1.4363158006255503,2.1334699404495807,2.7982754155813705,1.7767159887542958,0.2648749546595169,1.3968827957093226,-2.291212157389966,-0.3105429950513806
12.0,191.0,1004.1674194335938,-3.4635392794112048,-4.725395939805206,-1.436315800743088,2.1334699404495807,2.798293925376849,1.7767159887542958,0.2648749546595125,1.3968827957093226,-2.291212157389966,-0.3105429950513836
12.0,191.0,1004.1674194335938,-3.4635398687278176,-4.725395939814057,-1.4363158007430905,2.1334699404495807,2.7982754155813705,1.7767159887542958,0.2648749546595169,1.3968827957093226,-2.2912123336945927,-0.3105429950513836
12.0,191.0,1004.1674194335938,-3.463539277557831,-4.725395938232332,-1.436315800622831,2.1334699404495807,2.7982754155813705,1.7767159887695947,0.2648749546595169,1.3968827957093226,-2.2912121881381946,-0.3105429950513833
12.0,191.0,1004.1674194335938,-3.463539836448291,-4.725395938113519,-1.4363158006197612,2.1334699404495807,2.7982755136367072,1.776715989491715,0.2648749546595169,1.3968827957093226,-2.291209543252789,-0.3105429950520684
12.0,191.0,1004.1674194335938,-3.463539277557831,-4.725395939814057,-1.436315800743088,2.1334699404495807,2.798275510298065,1.7767159887542958,0.2648749546595169,1.3968827957093226,-2.291212157389966,-0.3105429950513836
12.0,191.0,1004.1674194335938,-3.463539277557831,-4.725395937996827,-1.4363158007403765,2.1334699404495807,2.7982754155813705,1.7767159887340211,0.2648749546595169,1.3968827957093226,-2.291212157389966,-0.3105429950512052
12.0,191.0,1004.1674194335938,-3.463539277557831,-4.725395939814057,-1.436315800743088,2.1334699404495807,2.7982754155813705,1.776715988753896,0.2648749546595169,1.3968827957093226,-2.291212157389966,-0.3105429950512007
12.0,191.0,1004.1674194335938,-3.463539277557831,-4.725395939814057,-1.4363158006261274,2.1334699404495807,2.7982754155813705,1.7767159887542958,0.2648749546595169,1.3968827957093226,-2.291212157389966,-0.3105429950513836
12.0,191.0,1004.1674194335938,-3.463539277557831,-4.725395938019273,-1.4363158007461418,2.1334699404495807,2.7982754155813705,1.776715988763587,0.2648749546595169,1.3968827957093226,-2.2912121511384704,-0.3105429950513794
12.0,191.0,1004.1674194335938,-3.463539277557831,-4.725395938019273,-1.4363158006234134,2.1334699404495807,2.7982754155813705,1.7767159887327288,0.2648749546595169,1.3968827957093226,-2.291212157389966,-0.3105429950511741
12.0,191.0,1004.1674194335938,-3.463539836448291,-4.725395938113519,-1.4363158007477503,2.1334699404495807,2.7982755136367072,1.776715989491715,0.2648749546595005,1.3968827957093226,-2.291209543252789,-0.3105429950526729
12.0,191.0,1004.1674194335938,-3.4635398687278176,-4.725395939814057,-1.4363158007506265,2.1334699404495807,2.7982754155813705,1.7767159887542958,0.2648749546595169,1.3968827957093226,-2.2912123336945927,-0.3105429950513769
12.0,191.0,1004.1674194335938,-3.4635416219596964,-4.725395939814057,-1.436315800743088,2.1334699404495807,2.7982754155813705,1.776715988753896,0.2648749546595206,1.3968827957093226,-2.291212157389966,-0.3105429950512012
12.0,191.0,1004.1674194335938,-3.463539277557831,-4.725395938019273,-1.4363158006130674,2.1334699404495807,2.7982754155813705,1.7767159887340211,0.2648749546595169,1.3968827957093226,-2.291212157389966,-0.3105429950512022
12.0,191.0,1004.1674194335938,-3.4635398300377203,-4.725395938224921,-1.4363158006149028,2.1334699404495807,2.7982773401197822,1.7767159887702368,0.2648749546604867,1.3968827957093226,-2.291207094146736,-0.310542995025761
12.0,191.0,1004.1674194335938,-3.463539277557831,-4.725395938056315,-1.436315800758749,2.1334699404495807,2.7982754155813705,1.7767159887733786,0.2648749546595169,1.3968827957093226,-2.291212150956033,-0.3105429950512022
12.0,191.0,1004.1674194335938,-3.463539277557831,-4.725395938019273,-1.4363158006153027,2.1334699404495807,2.7982754155813705,1.7767159887340211,0.2648749546595169,1.3968827957093226,-2.291212157389966,-0.3105429950512089
12.0,191.0,1004.1674194335938,-3.463539277557831,-4.725395937165235,-1.4363158007428931,2.1334699404495807,2.7982754155813705,1.7767159887708073,0.2648749546595169,1.3968827957093226,-2.291212157389966,-0.3105429950513836
12.0,191.0,1004.1674194335938,-3.4635392794540145,-4.725395937987234,-1.436315800743088,2.1334699404495807,2.798293925376849,1.7767159887543738,0.2648749546595125,1.3968827957093226,-2.291212157389966,-0.3105429950513836
12.0,191.0,1004.1674194335938,-3.463539277557831,-4.725395939814057,-1.436315800743088,2.1334699404495807,2.7982754155813705,1.7767159887542958,0.2648749546595169,1.3968827957093226,-2.291212157389966,-0.3105429950513836
12.0,191.0,1004.1674194335938,-3.463539277557831,-4.725395938021503,-1.436315800622839,2.1334699404495807,2.7982754155813705,1.7767159887707749,0.2648749546595169,1.3968827957093226,-2.291212159448847,-0.3105429950512022
12.0,191.0,1004.1674194335938,-3.463539260208179,-4.725395938019273,-1.4363158006257977,2.1334699404495807,2.7982754135851207,1.7767159895066278,0.2648749546595165,1.3968827957093226,-2.291212157389966,-0.3105429950512022
12.0,191.0,1004.1674194335938,-3.463539277557831,-4.725395939814057,-1.436315800743088,2.1334699404495807,2.7982754155813705,1.7767159887542958,0.2648749546595169,1.3968827957093226,-2.291212157389966,-0.3105429950513836
12.0,191.0,1004.1674194335938,-3.4635392794540145,-4.725395937987234,-1.436315800743088,2.1334699404495807,2.798293925376849,1.7767159887543738,0.2648749546595125,1.3968827957093226,-2.291212157389966,-0.3105429950513836
12.0,191.0,1004.1674194335938,-3.463539867399512,-4.725395940094856,-1.4363158007430905,2.1334699404495807,2.7982754155813705,1.7767159887547364,0.2648749546594409,1.3968827957093226,-2.2912123336945927,-0.3105429950513836
12.0,191.0,1004.1674194335938,-3.463539277557831,-4.725395938019273,-1.4363158007428172,2.1334699404495807,2.7982754155813705,1.7767159887345203,0.2648749546594358,1.3968827957093226,-2.291212157389966,-0.3105429950513682
12.0,191.0,1004.1674194335938,-3.463539277557831,-4.725395939814057,-1.4363158007432486,2.1334699404495807,2.7982754155813705,1.7767159887698882,0.2648749546595169,1.3968827957093226,-2.291212157389966,-0.3105429950512986
12.0,191.0,1004.1674194335938,-3.463539277557831,-4.725395939814057,-1.436315800743088,2.1334699404495807,2.7982754155813705,1.7767159887542958,0.2648749546595169,1.3968827957093226,-2.291212157389966,-0.3105429950513931
12.0,191.0,1004.1674194335938,-3.463539838007906,-4.725395939836502,-1.4363158006255503,2.1334699404495807,2.798275415531722,1.7767159887237935,0.264874954659501,1.3968827957093226,-2.291212157389966,-0.3105429950526493
12.0,191.0,1004.1674194335938,-3.4635398300377203,-4.725395938224921,-1.4363158006149028,2.1334699404495807,2.7982773401197822,1.7767159887706545,0.2648749546594789,1.3968827957093226,-2.291212601875652,-0.3105429950517677
12.0,191.0,1004.1674194335938,-3.46353986897168,-4.725395938224921,-1.4363158007431671,2.1334699404495807,2.7982773401197822,1.776715988770659,0.2648749546604703,1.3968827957093226,-2.291207094146736,-0.3105429950263657
12.0,192.0,1004.167236328125,-3.4635392900194164,-4.726000887583536,-1.4363158007510577,2.1334699404495807,2.7982928229537487,1.7767159887542958,0.2648749546595169,1.3968827957093226,-2.2912123312354824,-0.3105429950513769
12.0,192.0,1004.167236328125,-3.4635392900194164,-4.725985295446133,-1.4363158007510577,2.1334699404495807,2.7982928229537487,1.7767159887542958,0.2648749546595169,1.3968827957093226,-2.2912123208915744,-0.3105429950513769
12.0,192.0,1004.167236328125,-3.463539277557831,-4.726008336588709,-1.436315800622839,2.1334699404495807,2.798291462904768,1.776715988753454,0.2648749546595169,1.3968827957093226,-2.291212330326625,-0.3105429950513764
12.0,192.0,1004.167236328125,-3.4635392900194164,-4.725985295446133,-1.4363158006257872,2.1334699404495807,2.7982928229537487,1.7767159887543251,0.2648749546595169,1.3968827957093226,-2.291212329875026,-0.3105429950513769
12.0,192.0,1004.167236328125,-3.463539277557831,-4.72601754992648,-1.4363158006258083,2.1334699404495807,2.798291462904768,1.7767159887534585,0.2648749546595169,1.3968827957093226,-2.291212329050014,-0.3105429950513764
12.0,192.0,1004.167236328125,-3.4635392900194164,-4.726000887583536,-1.4363158007510577,2.1334699404495807,2.7982928229537487,1.7767159887542958,0.2648749546595169,1.3968827957093226,-2.2912123312354824,-0.3105429950513769
12.0,192.0,1004.167236328125,-3.463539289741936,-4.725968538792387,-1.4363158007431394,2.1334699404495807,2.798275743946005,1.7767159887542958,0.2648749546595169,1.3968827957093226,-2.291212148883295,-0.3105429950513769
12.0,192.0,1004.1672973632812,-3.463539277557831,-4.726005923882742,-1.436315800750979,2.1334699404495807,2.7982754155813705,1.7767159887542958,0.2648749546595169,1.3968827957093226,-2.291212157389966,-0.3105429950513836
12.0,192.0,1004.1672973632812,-3.463539277557831,-4.726005923882742,-1.436315800750979,2.1334699404495807,2.7982754155813705,1.7767159887542958,0.264874954659518,1.3968827957093226,-2.291212157389966,-0.3105429950513836
12.0,192.0,1004.1672973632812,-3.463539277557831,-4.726005923882742,-1.436315800750979,2.1334699404495807,2.7982754155813705,1.7767159887534696,0.2648749546595169,1.3968827957093226,-2.291212157389966,-0.3105429950513836
12.0,192.0,1004.1674194335938,-3.463539277557831,-4.725395938019273,-1.436315800622839,2.1334699404495807,2.7982754155813705,1.7767159887340211,0.2648749546595169,1.3968827957093226,-2.291212157389966,-0.3105429950512022
12.0,192.0,1004.1674194335938,-3.463539277557831,-4.725395939814057,-1.436315800743088,2.1334699404495807,2.7982754155813705,1.7767159887542958,0.2648749546595169,1.3968827957093226,-2.291212157389966,-0.3105429950513836
12.0,192.0,1004.1674194335938,-3.463539277557831,-4.725395939814057,-1.436315800743088,2.1334699404495807,2.7982754155813705,1.7767159887542958,0.2648749546595169,1.3968827957093226,-2.291212157389966,-0.3105429950513836
12.0,192.0,1004.1674194335938,-3.463539277557831,-4.725395938019273,-1.436315800622839,2.1334699404495807,2.7982754155813705,1.7767159887340211,0.2648749546595169,1.3968827957093226,-2.291212157389966,-0.3105429950512022
12.0,192.0,1004.1674194335938,-3.463539277557831,-4.725395939814057,-1.436315800743088,2.1334699404495807,2.7982754155813705,1.7767159887542958,0.2648749546595169,1.3968827957093226,-2.291212157389966,-0.3105429950513836
12.0,192.0,1004.1674194335938,-3.4635398300377203,-4.725395938224921,-1.4363158007428922,2.1334699404495807,2.7982773401197822,1.7767159887702368,0.2648749546604703,1.3968827957093226,-2.291207094146736,-0.3105429950263657
12.0,192.0,1004.1674194335938,-3.4635392794540145,-4.725395939805206,-1.436315800743088,2.1334699404495807,2.798293925376849,1.7767159887542958,0.2648749546595125,1.3968827957093226,-2.291212157389966,-0.3105429950513836
12.0,192.0,1004.1674194335938,-3.463539277557831,-4.725395939814057,-1.436315800743088,2.1334699404495807,2.7982754155813705,1.7767159887542958,0.2648749546595169,1.3968827957093226,-2.291212157389966,-0.3105429950513836
12.0,192.0,1004.1674194335938,-3.463539277557831,-4.725395939814057,-1.436315800743088,2.1334699404495807,2.7982754155813705,1.7767159887542958,0.2648749546595169,1.3968827957093226,-2.291212157389966,-0.3105429950513836
12.0,192.0,1004.1674194335938,-3.463539277557831,-4.725395938019273,-1.436315800622839,2.1334699404495807,2.7982754155813705,1.7767159887340211,0.2648749546595169,1.3968827957093226,-2.291212157389966,-0.3105429950512022
12.0,192.0,1004.1674194335938,-3.463539277557831,-4.725395939814057,-1.436315800743088,2.1334699404495807,2.7982754155813705,1.7767159887542958,0.2648749546595169,1.3968827957093226,-2.291212157389966,-0.3105429950513836
12.0,192.0,1004.1674194335938,-3.463539277557831,-4.725395938019273,-1.436315800622839,2.1334699404495807,2.7982754155813705,1.7767159887340211,0.2648749546595169,1.3968827957093226,-2.291212157389966,-0.3105429950512022
12.0,192.0,1004.1674194335938,-3.463539277557831,-4.725395938019273,-1.436315800732415,2.1334699404495807,2.7982754155813705,1.7767159887345203,0.2648749546594385,1.3968827957093226,-2.291212157389966,-0.3105429950512046
12.0,192.0,1004.1674194335938,-3.463539277557831,-4.725395939836502,-1.4363158006255503,2.1334699404495807,2.7982754155813705,1.7767159887542958,0.2648749546595169,1.3968827957093226,-2.291212157389966,-0.3105429950513806
12.0,192.0,1004.1674194335938,-3.4635392794112048,-4.725395939805206,-1.436315800743088,2.1334699404495807,2.798293925376849,1.7767159887542958,0.2648749546595125,1.3968827957093226,-2.291212157389966,-0.3105429950513836
12.0,192.0,1004.1674194335938,-3.4635398687278176,-4.725395939814057,-1.4363158007430905,2.1334699404495807,2.7982754155813705,1.7767159887542958,0.2648749546595169,1.3968827957093226,-2.2912123336945927,-0.3105429950513836
12.0,192.0,1004.1674194335938,-3.463539277557831,-4.725395938232332,-1.436315800622831,2.1334699404495807,2.7982754155813705,1.7767159887695947,0.2648749546595169,1.3968827957093226,-2.2912121881381946,-0.3105429950513833
12.0,192.0,1004.1674194335938,-3.463539836448291,-4.725395938113519,-1.4363158006197612,2.1334699404495807,2.7982755136367072,1.776715989491715,0.2648749546595169,1.3968827957093226,-2.291209543252789,-0.3105429950520684
12.0,192.0,1004.1674194335938,-3.463539277557831,-4.725395939814057,-1.436315800743088,2.1334699404495807,2.798275510298065,1.7767159887542958,0.2648749546595169,1.3968827957093226,-2.291212157389966,-0.3105429950513836
12.0,192.0,1004.1674194335938,-3.463539277557831,-4.725395937996827,-1.4363158007403765,2.1334699404495807,2.7982754155813705,1.7767159887340211,0.2648749546595169,1.3968827957093226,-2.291212157389966,-0.3105429950512052
12.0,192.0,1004.1674194335938,-3.463539277557831,-4.725395939814057,-1.436315800743088,2.1334699404495807,2.7982754155813705,1.776715988753896,0.2648749546595169,1.3968827957093226,-2.291212157389966,-0.3105429950512007
12.0,192.0,1004.1674194335938,-3.463539277557831,-4.725395939814057,-1.4363158006261274,2.1334699404495807,2.7982754155813705,1.7767159887542958,0.2648749546595169,1.3968827957093226,-2.291212157389966,-0.3105429950513836
12.0,192.0,1004.1674194335938,-3.463539277557831,-4.725395938019273,-1.4363158007461418,2.1334699404495807,2.7982754155813705,1.776715988763587,0.2648749546595169,1.3968827957093226,-2.2912121511384704,-0.3105429950513794
12.0,192.0,1004.1674194335938,-3.463539277557831,-4.725395938019273,-1.4363158006234134,2.1334699404495807,2.7982754155813705,1.7767159887327288,0.2648749546595169,1.3968827957093226,-2.291212157389966,-0.3105429950511741
12.0,192.0,1004.1674194335938,-3.463539836448291,-4.725395938113519,-1.4363158007477503,2.1334699404495807,2.7982755136367072,1.776715989491715,0.2648749546595005,1.3968827957093226,-2.291209543252789,-0.3105429950526729
12.0,192.0,1004.1674194335938,-3.4635398687278176,-4.725395939814057,-1.4363158007506265,2.1334699404495807,2.7982754155813705,1.7767159887542958,0.2648749546595169,1.3968827957093226,-2.2912123336945927,-0.3105429950513769
12.0,192.0,1004.1674194335938,-3.4635416219596964,-4.725395939814057,-1.436315800743088,2.1334699404495807,2.7982754155813705,1.776715988753896,0.2648749546595206,1.3968827957093226,-2.291212157389966,-0.3105429950512012
12.0,192.0,1004.1674194335938,-3.463539277557831,-4.725395938019273,-1.4363158006130674,2.1334699404495807,2.7982754155813705,1.7767159887340211,0.2648749546595169,1.3968827957093226,-2.291212157389966,-0.3105429950512022
12.0,192.0,1004.1674194335938,-3.4635398300377203,-4.725395938224921,-1.4363158006149028,2.1334699404495807,2.7982773401197822,1.7767159887702368,0.2648749546604867,1.3968827957093226,-2.291207094146736,-0.310542995025761
12.0,192.0,1004.1674194335938,-3.463539277557831,-4.725395938056315,-1.436315800758749,2.1334699404495807,2.7982754155813705,1.7767159887733786,0.2648749546595169,1.3968827957093226,-2.291212150956033,-0.3105429950512022
12.0,192.0,1004.1674194335938,-3.463539277557831,-4.725395938019273,-1.4363158006153027,2.1334699404495807,2.7982754155813705,1.7767159887340211,0.2648749546595169,1.3968827957093226,-2.291212157389966,-0.3105429950512089
12.0,192.0,1004.1674194335938,-3.463539277557831,-4.725395937165235,-1.4363158007428931,2.1334699404495807,2.7982754155813705,1.7767159887708073,0.2648749546595169,1.3968827957093226,-2.291212157389966,-0.3105429950513836
12.0,192.0,1004.1674194335938,-3.4635392794540145,-4.725395937987234,-1.436315800743088,2.1334699404495807,2.798293925376849,1.7767159887543738,0.2648749546595125,1.3968827957093226,-2.291212157389966,-0.3105429950513836
12.0,192.0,1004.1674194335938,-3.463539277557831,-4.725395939814057,-1.436315800743088,2.1334699404495807,2.7982754155813705,1.7767159887542958,0.2648749546595169,1.3968827957093226,-2.291212157389966,-0.3105429950513836
12.0,192.0,1004.1674194335938,-3.463539277557831,-4.725395938021503,-1.436315800622839,2.1334699404495807,2.7982754155813705,1.7767159887707749,0.2648749546595169,1.3968827957093226,-2.291212159448847,-0.3105429950512022
12.0,192.0,1004.1674194335938,-3.463539260208179,-4.725395938019273,-1.4363158006257977,2.1334699404495807,2.7982754135851207,1.7767159895066278,0.2648749546595165,1.3968827957093226,-2.291212157389966,-0.3105429950512022
12.0,192.0,1004.1674194335938,-3.463539277557831,-4.725395939814057,-1.436315800743088,2.1334699404495807,2.7982754155813705,1.7767159887542958,0.2648749546595169,1.3968827957093226,-2.291212157389966,-0.3105429950513836
12.0,192.0,1004.1674194335938,-3.4635392794540145,-4.725395937987234,-1.436315800743088,2.1334699404495807,2.798293925376849,1.7767159887543738,0.2648749546595125,1.3968827957093226,-2.291212157389966,-0.3105429950513836
12.0,192.0,1004.1674194335938,-3.463539867399512,-4.725395940094856,-1.4363158007430905,2.1334699404495807,2.7982754155813705,1.7767159887547364,0.2648749546594409,1.3968827957093226,-2.2912123336945927,-0.3105429950513836
12.0,192.0,1004.1674194335938,-3.463539277557831,-4.725395938019273,-1.4363158007428172,2.1334699404495807,2.7982754155813705,1.7767159887345203,0.2648749546594358,1.3968827957093226,-2.291212157389966,-0.3105429950513682
12.0,193.0,1004.167236328125,-3.4635392900194164,-4.726000887583536,-1.4363158007510577,2.1334699404495807,2.7982928229537487,1.7767159887542958,0.2648749546595169,1.3968827957093226,-2.2912123312354824,-0.3105429950513769
12.0,193.0,1004.167236328125,-3.4635392900194164,-4.725985295446133,-1.4363158007510577,2.1334699404495807,2.7982928229537487,1.7767159887542958,0.2648749546595169,1.3968827957093226,-2.2912123208915744,-0.3105429950513769
12.0,193.0,1004.167236328125,-3.463539277557831,-4.726008336588709,-1.436315800622839,2.1334699404495807,2.798291462904768,1.776715988753454,0.2648749546595169,1.3968827957093226,-2.291212330326625,-0.3105429950513764
12.0,193.0,1004.167236328125,-3.4635392900194164,-4.725985295446133,-1.4363158006257872,2.1334699404495807,2.7982928229537487,1.7767159887543251,0.2648749546595169,1.3968827957093226,-2.291212329875026,-0.3105429950513769
12.0,193.0,1004.167236328125,-3.463539277557831,-4.72601754992648,-1.4363158006258083,2.1334699404495807,2.798291462904768,1.7767159887534585,0.2648749546595169,1.3968827957093226,-2.291212329050014,-0.3105429950513764
12.0,193.0,1004.167236328125,-3.4635392900194164,-4.726000887583536,-1.4363158007510577,2.1334699404495807,2.7982928229537487,1.7767159887542958,0.2648749546595169,1.3968827957093226,-2.2912123312354824,-0.3105429950513769
12.0,193.0,1004.167236328125,-3.463539289741936,-4.725968538792387,-1.4363158007431394,2.1334699404495807,2.798275743946005,1.7767159887542958,0.2648749546595169,1.3968827957093226,-2.291212148883295,-0.3105429950513769
12.0,193.0,1004.167236328125,-3.463539277557831,-4.725990299802407,-1.4363158006085932,2.1334699404495807,2.798292858619947,1.7767159887340211,0.2648749546595169,1.3968827957093226,-2.291212157389966,-0.3105429950512113
12.0,193.0,1004.167236328125,-3.463539276714946,-4.72601754992648,-1.4363158006258083,2.1334699404495807,2.798291470364918,1.7767159887534585,0.2648749546595169,1.3968827957093226,-2.291212329050014,-0.3105429950513764
12.0,193.0,1004.167236328125,-3.4635392888953223,-4.725968538792387,-1.4363158007431394,2.1334699404495807,2.798275410374309,1.7767159887542958,0.2648749546595169,1.3968827957093226,-2.291212149267071,-0.3105429950513769
12.0,193.0,1004.167236328125,-3.463539276394739,-4.725973512654409,-1.4363158007420018,2.1334699404495807,2.7982751943497948,1.7767159887538255,0.2648749546594354,1.3968827957093226,-2.29121233252424,-0.3105429950513682
12.0,193.0,1004.167236328125,-3.4635392900194164,-4.726000887583536,-1.436315800743102,2.1334699404495807,2.7982928229537487,1.7767159887542978,0.2648749546595169,1.3968827957093226,-2.2912123312354824,-0.3105429950513769
12.0,193.0,1004.1672973632812,-3.463539277557831,-4.726005923882742,-1.436315800750979,2.1334699404495807,2.7982754155813705,1.7767159887542958,0.2648749546595169,1.3968827957093226,-2.291212157389966,-0.3105429950513836
12.0,193.0,1004.1672973632812,-3.463539277557831,-4.726005923882742,-1.436315800750979,2.1334699404495807,2.7982754155813705,1.7767159887542958,0.264874954659518,1.3968827957093226,-2.291212157389966,-0.3105429950513836
12.0,193.0,1004.1672973632812,-3.463539277557831,-4.726005923882742,-1.436315800750979,2.1334699404495807,2.7982754155813705,1.7767159887534696,0.2648749546595169,1.3968827957093226,-2.291212157389966,-0.3105429950513836
12.0,193.0,1004.1672973632812,-3.463539277557831,-4.726019816040819,-1.436315800622839,2.1334699404495807,2.798274349719562,1.7767159887534494,0.2648749546595169,1.3968827957093226,-2.291212324238543,-0.3105429950513764
12.0,193.0,1004.1672973632812,-3.463539277557831,-4.726005923882742,-1.436315800750979,2.1334699404495807,2.7982754155813705,1.7767159887534696,0.2648749546595169,1.3968827957093226,-2.291212157389966,-0.3105429950513836
12.0,193.0,1004.1672973632812,-3.463539277557831,-4.726005923882742,-1.436315800750979,2.1334699404495807,2.7982754155813705,1.7767159887347888,0.264874954659518,1.3968827957093226,-2.291212157389966,-0.3105429950513836
12.0,193.0,1004.1674194335938,-3.463539277557831,-4.725395938019273,-1.436315800622839,2.1334699404495807,2.7982754155813705,1.7767159887340211,0.2648749546595169,1.3968827957093226,-2.291212157389966,-0.3105429950512022
12.0,193.0,1004.1674194335938,-3.463539277557831,-4.725395939814057,-1.436315800743088,2.1334699404495807,2.7982754155813705,1.7767159887542958,0.2648749546595169,1.3968827957093226,-2.291212157389966,-0.3105429950513836
12.0,193.0,1004.1674194335938,-3.463539277557831,-4.725395939814057,-1.436315800743088,2.1334699404495807,2.7982754155813705,1.7767159887542958,0.2648749546595169,1.3968827957093226,-2.291212157389966,-0.3105429950513836
12.0,193.0,1004.1674194335938,-3.463539277557831,-4.725395938019273,-1.436315800622839,2.1334699404495807,2.7982754155813705,1.7767159887340211,0.2648749546595169,1.3968827957093226,-2.291212157389966,-0.3105429950512022
12.0,193.0,1004.1674194335938,-3.463539277557831,-4.725395939814057,-1.436315800743088,2.1334699404495807,2.7982754155813705,1.7767159887542958,0.2648749546595169,1.3968827957093226,-2.291212157389966,-0.3105429950513836
12.0,193.0,1004.1674194335938,-3.4635398300377203,-4.725395938224921,-1.4363158007428922,2.1334699404495807,2.7982773401197822,1.7767159887702368,0.2648749546604703,1.3968827957093226,-2.291207094146736,-0.3105429950263657
12.0,193.0,1004.1674194335938,-3.4635392794540145,-4.725395939805206,-1.436315800743088,2.1334699404495807,2.798293925376849,1.7767159887542958,0.2648749546595125,1.3968827957093226,-2.291212157389966,-0.3105429950513836
12.0,193.0,1004.1674194335938,-3.463539277557831,-4.725395939814057,-1.436315800743088,2.1334699404495807,2.7982754155813705,1.7767159887542958,0.2648749546595169,1.3968827957093226,-2.291212157389966,-0.3105429950513836
12.0,193.0,1004.1674194335938,-3.463539277557831,-4.725395939814057,-1.436315800743088,2.1334699404495807,2.7982754155813705,1.7767159887542958,0.2648749546595169,1.3968827957093226,-2.291212157389966,-0.3105429950513836
12.0,193.0,1004.1674194335938,-3.463539277557831,-4.725395938019273,-1.436315800622839,2.1334699404495807,2.7982754155813705,1.7767159887340211,0.2648749546595169,1.3968827957093226,-2.291212157389966,-0.3105429950512022
12.0,193.0,1004.1674194335938,-3.463539277557831,-4.725395939814057,-1.436315800743088,2.1334699404495807,2.7982754155813705,1.7767159887542958,0.2648749546595169,1.3968827957093226,-2.291212157389966,-0.3105429950513836
12.0,193.0,1004.1674194335938,-3.463539277557831,-4.725395938019273,-1.436315800622839,2.1334699404495807,2.7982754155813705,1.7767159887340211,0.2648749546595169,1.3968827957093226,-2.291212157389966,-0.3105429950512022
12.0,193.0,1004.1674194335938,-3.463539277557831,-4.725395938019273,-1.436315800732415,2.1334699404495807,2.7982754155813705,1.7767159887345203,0.2648749546594385,1.3968827957093226,-2.291212157389966,-0.3105429950512046
12.0,193.0,1004.1674194335938,-3.463539277557831,-4.725395939836502,-1.4363158006255503,2.1334699404495807,2.7982754155813705,1.7767159887542958,0.2648749546595169,1.3968827957093226,-2.291212157389966,-0.3105429950513806
12.0,193.0,1004.1674194335938,-3.4635392794112048,-4.725395939805206,-1.436315800743088,2.1334699404495807,2.798293925376849,1.7767159887542958,0.2648749546595125,1.3968827957093226,-2.291212157389966,-0.3105429950513836
12.0,193.0,1004.1674194335938,-3.4635398687278176,-4.725395939814057,-1.4363158007430905,2.1334699404495807,2.7982754155813705,1.7767159887542958,0.2648749546595169,1.3968827957093226,-2.2912123336945927,-0.3105429950513836
12.0,193.0,1004.1674194335938,-3.463539277557831,-4.725395938232332,-1.436315800622831,2.1334699404495807,2.7982754155813705,1.7767159887695947,0.2648749546595169,1.3968827957093226,-2.2912121881381946,-0.3105429950513833
12.0,193.0,1004.1674194335938,-3.463539836448291,-4.725395938113519,-1.4363158006197612,2.1334699404495807,2.7982755136367072,1.776715989491715,0.2648749546595169,1.3968827957093226,-2.291209543252789,-0.3105429950520684
12.0,193.0,1004.1674194335938,-3.463539277557831,-4.725395939814057,-1.436315800743088,2.1334699404495807,2.798275510298065,1.7767159887542958,0.2648749546595169,1.3968827957093226,-2.291212157389966,-0.3105429950513836
12.0,193.0,1004.1674194335938,-3.463539277557831,-4.725395937996827,-1.4363158007403765,2.1334699404495807,2.7982754155813705,1.7767159887340211,0.2648749546595169,1.3968827957093226,-2.291212157389966,-0.3105429950512052
12.0,193.0,1004.1674194335938,-3.463539277557831,-4.725395939814057,-1.436315800743088,2.1334699404495807,2.7982754155813705,1.776715988753896,0.2648749546595169,1.3968827957093226,-2.291212157389966,-0.3105429950512007
12.0,193.0,1004.1674194335938,-3.463539277557831,-4.725395939814057,-1.4363158006261274,2.1334699404495807,2.7982754155813705,1.7767159887542958,0.2648749546595169,1.3968827957093226,-2.291212157389966,-0.3105429950513836
12.0,193.0,1004.1674194335938,-3.463539277557831,-4.725395938019273,-1.4363158007461418,2.1334699404495807,2.7982754155813705,1.776715988763587,0.2648749546595169,1.3968827957093226,-2.2912121511384704,-0.3105429950513794
12.0,193.0,1004.1674194335938,-3.463539277557831,-4.725395938019273,-1.4363158006234134,2.1334699404495807,2.7982754155813705,1.7767159887327288,0.2648749546595169,1.3968827957093226,-2.291212157389966,-0.3105429950511741
12.0,193.0,1004.1674194335938,-3.463539836448291,-4.725395938113519,-1.4363158007477503,2.1334699404495807,2.7982755136367072,1.776715989491715,0.2648749546595005,1.3968827957093226,-2.291209543252789,-0.3105429950526729
12.0,193.0,1004.1674194335938,-3.4635398687278176,-4.725395939814057,-1.4363158007506265,2.1334699404495807,2.7982754155813705,1.7767159887542958,0.2648749546595169,1.3968827957093226,-2.2912123336945927,-0.3105429950513769
12.0,193.0,1004.1674194335938,-3.4635416219596964,-4.725395939814057,-1.436315800743088,2.1334699404495807,2.7982754155813705,1.776715988753896,0.2648749546595206,1.3968827957093226,-2.291212157389966,-0.3105429950512012
12.0,193.0,1004.1674194335938,-3.463539277557831,-4.725395938019273,-1.4363158006130674,2.1334699404495807,2.7982754155813705,1.7767159887340211,0.2648749546595169,1.3968827957093226,-2.291212157389966,-0.3105429950512022
12.0,193.0,1004.1674194335938,-3.4635398300377203,-4.725395938224921,-1.4363158006149028,2.1334699404495807,2.7982773401197822,1.7767159887702368,0.2648749546604867,1.3968827957093226,-2.291207094146736,-0.310542995025761
12.0,193.0,1004.1674194335938,-3.463539277557831,-4.725395938056315,-1.436315800758749,2.1334699404495807,2.7982754155813705,1.7767159887733786,0.2648749546595169,1.3968827957093226,-2.291212150956033,-0.3105429950512022
12.0,193.0,1004.1674194335938,-3.463539277557831,-4.725395938019273,-1.4363158006153027,2.1334699404495807,2.7982754155813705,1.7767159887340211,0.2648749546595169,1.3968827957093226,-2.291212157389966,-0.3105429950512089
12.0,193.0,1004.1674194335938,-3.463539277557831,-4.725395937165235,-1.4363158007428931,2.1334699404495807,2.7982754155813705,1.7767159887708073,0.2648749546595169,1.3968827957093226,-2.291212157389966,-0.3105429950513836
12.0,194.0,1004.167236328125,-3.4635392900194164,-4.726000887583536,-1.4363158007510577,2.1334699404495807,2.7982928229537487,1.7767159887542958,0.2648749546595169,1.3968827957093226,-2.2912123312354824,-0.3105429950513769
12.0,194.0,1004.167236328125,-3.4635392900194164,-4.725985295446133,-1.4363158007510577,2.1334699404495807,2.7982928229537487,1.7767159887542958,0.2648749546595169,1.3968827957093226,-2.2912123208915744,-0.3105429950513769
12.0,194.0,1004.167236328125,-3.463539277557831,-4.726008336588709,-1.436315800622839,2.1334699404495807,2.798291462904768,1.776715988753454,0.2648749546595169,1.3968827957093226,-2.291212330326625,-0.3105429950513764
12.0,194.0,1004.167236328125,-3.4635392900194164,-4.725985295446133,-1.4363158006257872,2.1334699404495807,2.7982928229537487,1.7767159887543251,0.2648749546595169,1.3968827957093226,-2.291212329875026,-0.3105429950513769
12.0,194.0,1004.167236328125,-3.463539277557831,-4.72601754992648,-1.4363158006258083,2.1334699404495807,2.798291462904768,1.7767159887534585,0.2648749546595169,1.3968827957093226,-2.291212329050014,-0.3105429950513764
12.0,194.0,1004.167236328125,-3.4635392900194164,-4.726000887583536,-1.4363158007510577,2.1334699404495807,2.7982928229537487,1.7767159887542958,0.2648749546595169,1.3968827957093226,-2.2912123312354824,-0.3105429950513769
12.0,194.0,1004.167236328125,-3.463539289741936,-4.725968538792387,-1.4363158007431394,2.1334699404495807,2.798275743946005,1.7767159887542958,0.2648749546595169,1.3968827957093226,-2.291212148883295,-0.3105429950513769
12.0,194.0,1004.167236328125,-3.463539277557831,-4.725990299802407,-1.4363158006085932,2.1334699404495807,2.798292858619947,1.7767159887340211,0.2648749546595169,1.3968827957093226,-2.291212157389966,-0.3105429950512113
12.0,194.0,1004.167236328125,-3.463539276714946,-4.72601754992648,-1.4363158006258083,2.1334699404495807,2.798291470364918,1.7767159887534585,0.2648749546595169,1.3968827957093226,-2.291212329050014,-0.3105429950513764
12.0,194.0,1004.167236328125,-3.4635392888953223,-4.725968538792387,-1.4363158007431394,2.1334699404495807,2.798275410374309,1.7767159887542958,0.2648749546595169,1.3968827957093226,-2.291212149267071,-0.3105429950513769
12.0,194.0,1004.167236328125,-3.463539276394739,-4.725973512654409,-1.4363158007420018,2.1334699404495807,2.7982751943497948,1.7767159887538255,0.2648749546594354,1.3968827957093226,-2.29121233252424,-0.3105429950513682
12.0,194.0,1004.167236328125,-3.4635392900194164,-4.726000887583536,-1.436315800743102,2.1334699404495807,2.7982928229537487,1.7767159887542978,0.2648749546595169,1.3968827957093226,-2.2912123312354824,-0.3105429950513769
12.0,194.0,1004.167236328125,-3.463539276714946,-4.72601754992648,-1.4363158006258083,2.1334699404495807,2.798291462888963,1.7767159887534585,0.2648749546595169,1.3968827957093226,-2.291212329050014,-0.3105429950513764
12.0,194.0,1004.167236328125,-3.4635392895946167,-4.725985295446133,-1.4363158005918342,2.1334699404495807,2.7982928229537487,1.7767159887336834,0.2648749546595169,1.3968827957093226,-2.291212152079617,-0.3105429950513883
12.0,194.0,1004.167236328125,-3.4635392900222595,-4.725968538792387,-1.4363158007431394,2.1334699404495807,2.798275743946005,1.7767159887542958,0.2648749546595169,1.3968827957093226,-2.2912123376319427,-0.3105429950513769
12.0,194.0,1004.167236328125,-3.463539277557831,-4.726020428273575,-1.4363158006258083,2.1334699404495807,2.798292799531461,1.7767159887534585,0.2648749546595169,1.3968827957093226,-2.291212329050014,-0.3105429950513764
12.0,194.0,1004.167236328125,-3.4635392764063115,-4.725973512654409,-1.4363158007421024,2.1334699404495807,2.798275415685602,1.7767159887538255,0.2648749546594354,1.3968827957093226,-2.2912121613034846,-0.3105429950513682
12.0,194.0,1004.167236328125,-3.463539289739092,-4.726000887583536,-1.436315800743102,2.1334699404495807,2.7982928229537487,1.7767159887542978,0.2648749546595169,1.3968827957093226,-2.2912121424868346,-0.3105429950513769
12.0,194.0,1004.167236328125,-3.463539277557831,-4.726008336588709,-1.436315800622839,2.1334699404495807,2.798291462904768,1.776715988753454,0.2648749546595169,1.3968827957093226,-2.291212330326625,-0.3105429950513764
12.0,194.0,1004.1672973632812,-3.463539277557831,-4.726005923882742,-1.436315800750979,2.1334699404495807,2.7982754155813705,1.7767159887542958,0.2648749546595169,1.3968827957093226,-2.291212157389966,-0.3105429950513836
12.0,194.0,1004.1672973632812,-3.463539277557831,-4.726005923882742,-1.436315800750979,2.1334699404495807,2.7982754155813705,1.7767159887542958,0.264874954659518,1.3968827957093226,-2.291212157389966,-0.3105429950513836
12.0,194.0,1004.1672973632812,-3.463539277557831,-4.726005923882742,-1.436315800750979,2.1334699404495807,2.7982754155813705,1.7767159887534696,0.2648749546595169,1.3968827957093226,-2.291212157389966,-0.3105429950513836
12.0,194.0,1004.1672973632812,-3.463539277557831,-4.726019816040819,-1.436315800622839,2.1334699404495807,2.798274349719562,1.7767159887534494,0.2648749546595169,1.3968827957093226,-2.291212324238543,-0.3105429950513764
12.0,194.0,1004.1672973632812,-3.463539277557831,-4.726005923882742,-1.436315800750979,2.1334699404495807,2.7982754155813705,1.7767159887534696,0.2648749546595169,1.3968827957093226,-2.291212157389966,-0.3105429950513836
12.0,194.0,1004.1672973632812,-3.463539277557831,-4.726005923882742,-1.436315800750979,2.1334699404495807,2.7982754155813705,1.7767159887347888,0.264874954659518,1.3968827957093226,-2.291212157389966,-0.3105429950513836
12.0,194.0,1004.1672973632812,-3.463539277557831,-4.726022733247985,-1.4363158006233945,2.1334699404495807,2.7982754155813705,1.7767159887327288,0.2648749546595169,1.3968827957093226,-2.291212332505452,-0.3105429950511741
12.0,194.0,1004.1672973632812,-3.463539290179752,-4.726000887583536,-1.4363158007510235,2.1334699404495807,2.7982754150411338,1.7767159887542958,0.2648749546595169,1.3968827957093226,-2.291212340618825,-0.3105429950513769
12.0,194.0,1004.1672973632812,-3.4635392775462583,-4.726005923882742,-1.4363158007508785,2.1334699404495807,2.798275194245564,1.7767159887534696,0.2648749546595169,1.3968827957093226,-2.291212328610722,-0.3105429950513836
12.0,194.0,1004.1672973632812,-3.463539277557831,-4.726018323837971,-1.4363158006194718,2.1334699404495807,2.798274349719562,1.7767159887534494,0.2648749546595169,1.3968827957093226,-2.2912121610215253,-0.3105429950513779
12.0,194.0,1004.1672973632812,-3.463539277557831,-4.726032619090352,-1.436315800750979,2.1334699404495807,2.7982773532494374,1.7767159887534696,0.2648749546595169,1.3968827957093226,-2.291212157389966,-0.3105429950513836
12.0,194.0,1004.1674194335938,-3.463539277557831,-4.725395938019273,-1.436315800622839,2.1334699404495807,2.7982754155813705,1.7767159887340211,0.2648749546595169,1.3968827957093226,-2.291212157389966,-0.3105429950512022
12.0,194.0,1004.1674194335938,-3.463539277557831,-4.725395939814057,-1.436315800743088,2.1334699404495807,2.7982754155813705,1.7767159887542958,0.2648749546595169,1.3968827957093226,-2.291212157389966,-0.3105429950513836
12.0,194.0,1004.1674194335938,-3.463539277557831,-4.725395939814057,-1.436315800743088,2.1334699404495807,2.7982754155813705,1.7767159887542958,0.2648749546595169,1.3968827957093226,-2.291212157389966,-0.3105429950513836
12.0,194.0,1004.1674194335938,-3.463539277557831,-4.725395938019273,-1.436315800622839,2.1334699404495807,2.7982754155813705,1.7767159887340211,0.2648749546595169,1.3968827957093226,-2.291212157389966,-0.3105429950512022
12.0,194.0,1004.1674194335938,-3.463539277557831,-4.725395939814057,-1.436315800743088,2.1334699404495807,2.7982754155813705,1.7767159887542958,0.2648749546595169,1.3968827957093226,-2.291212157389966,-0.3105429950513836
12.0,194.0,1004.1674194335938,-3.4635398300377203,-4.725395938224921,-1.4363158007428922,2.1334699404495807,2.7982773401197822,1.7767159887702368,0.2648749546604703,1.3968827957093226,-2.291207094146736,-0.3105429950263657
12.0,194.0,1004.1674194335938,-3.4635392794540145,-4.725395939805206,-1.436315800743088,2.1334699404495807,2.798293925376849,1.7767159887542958,0.2648749546595125,1.3968827957093226,-2.291212157389966,-0.3105429950513836
12.0,194.0,1004.1674194335938,-3.463539277557831,-4.725395939814057,-1.436315800743088,2.1334699404495807,2.7982754155813705,1.7767159887542958,0.2648749546595169,1.3968827957093226,-2.291212157389966,-0.3105429950513836
12.0,194.0,1004.1674194335938,-3.463539277557831,-4.725395939814057,-1.436315800743088,2.1334699404495807,2.7982754155813705,1.7767159887542958,0.2648749546595169,1.3968827957093226,-2.291212157389966,-0.3105429950513836
12.0,194.0,1004.1674194335938,-3.463539277557831,-4.725395938019273,-1.436315800622839,2.1334699404495807,2.7982754155813705,1.7767159887340211,0.2648749546595169,1.3968827957093226,-2.291212157389966,-0.3105429950512022
12.0,194.0,1004.1674194335938,-3.463539277557831,-4.725395939814057,-1.436315800743088,2.1334699404495807,2.7982754155813705,1.7767159887542958,0.2648749546595169,1.3968827957093226,-2.291212157389966,-0.3105429950513836
12.0,194.0,1004.1674194335938,-3.463539277557831,-4.725395938019273,-1.436315800622839,2.1334699404495807,2.7982754155813705,1.7767159887340211,0.2648749546595169,1.3968827957093226,-2.291212157389966,-0.3105429950512022
12.0,194.0,1004.1674194335938,-3.463539277557831,-4.725395938019273,-1.436315800732415,2.1334699404495807,2.7982754155813705,1.7767159887345203,0.2648749546594385,1.3968827957093226,-2.291212157389966,-0.3105429950512046
12.0,194.0,1004.1674194335938,-3.463539277557831,-4.725395939836502,-1.4363158006255503,2.1334699404495807,2.7982754155813705,1.7767159887542958,0.2648749546595169,1.3968827957093226,-2.291212157389966,-0.3105429950513806
12.0,194.0,1004.1674194335938,-3.4635392794112048,-4.725395939805206,-1.436315800743088,2.1334699404495807,2.798293925376849,1.7767159887542958,0.2648749546595125,1.3968827957093226,-2.291212157389966,-0.3105429950513836
12.0,194.0,1004.1674194335938,-3.4635398687278176,-4.725395939814057,-1.4363158007430905,2.1334699404495807,2.7982754155813705,1.7767159887542958,0.2648749546595169,1.3968827957093226,-2.2912123336945927,-0.3105429950513836
12.0,194.0,1004.1674194335938,-3.463539277557831,-4.725395938232332,-1.436315800622831,2.1334699404495807,2.7982754155813705,1.7767159887695947,0.2648749546595169,1.3968827957093226,-2.2912121881381946,-0.3105429950513833
12.0,194.0,1004.1674194335938,-3.463539836448291,-4.725395938113519,-1.4363158006197612,2.1334699404495807,2.7982755136367072,1.776715989491715,0.2648749546595169,1.3968827957093226,-2.291209543252789,-0.3105429950520684
12.0,194.0,1004.1674194335938,-3.463539277557831,-4.725395939814057,-1.436315800743088,2.1334699404495807,2.798275510298065,1.7767159887542958,0.2648749546595169,1.3968827957093226,-2.291212157389966,-0.3105429950513836
12.0,194.0,1004.1674194335938,-3.463539277557831,-4.725395937996827,-1.4363158007403765,2.1334699404495807,2.7982754155813705,1.7767159887340211,0.2648749546595169,1.3968827957093226,-2.291212157389966,-0.3105429950512052
12.0,195.0,1004.167236328125,-3.4635392900194164,-4.726000887583536,-1.4363158007510577,2.1334699404495807,2.7982928229537487,1.7767159887542958,0.2648749546595169,1.3968827957093226,-2.2912123312354824,-0.3105429950513769
12.0,195.0,1004.167236328125,-3.4635392900194164,-4.725985295446133,-1.4363158007510577,2.1334699404495807,2.7982928229537487,1.7767159887542958,0.2648749546595169,1.3968827957093226,-2.2912123208915744,-0.3105429950513769
12.0,195.0,1004.167236328125,-3.463539277557831,-4.726008336588709,-1.436315800622839,2.1334699404495807,2.798291462904768,1.776715988753454,0.2648749546595169,1.3968827957093226,-2.291212330326625,-0.3105429950513764
12.0,195.0,1004.167236328125,-3.4635392900194164,-4.725985295446133,-1.4363158006257872,2.1334699404495807,2.7982928229537487,1.7767159887543251,0.2648749546595169,1.3968827957093226,-2.291212329875026,-0.3105429950513769
12.0,195.0,1004.167236328125,-3.463539277557831,-4.72601754992648,-1.4363158006258083,2.1334699404495807,2.798291462904768,1.7767159887534585,0.2648749546595169,1.3968827957093226,-2.291212329050014,-0.3105429950513764
12.0,195.0,1004.167236328125,-3.4635392900194164,-4.726000887583536,-1.4363158007510577,2.1334699404495807,2.7982928229537487,1.7767159887542958,0.2648749546595169,1.3968827957093226,-2.2912123312354824,-0.3105429950513769
12.0,195.0,1004.167236328125,-3.463539289741936,-4.725968538792387,-1.4363158007431394,2.1334699404495807,2.798275743946005,1.7767159887542958,0.2648749546595169,1.3968827957093226,-2.291212148883295,-0.3105429950513769
12.0,195.0,1004.167236328125,-3.463539277557831,-4.725990299802407,-1.4363158006085932,2.1334699404495807,2.798292858619947,1.7767159887340211,0.2648749546595169,1.3968827957093226,-2.291212157389966,-0.3105429950512113
12.0,195.0,1004.167236328125,-3.463539276714946,-4.72601754992648,-1.4363158006258083,2.1334699404495807,2.798291470364918,1.7767159887534585,0.2648749546595169,1.3968827957093226,-2.291212329050014,-0.3105429950513764
12.0,195.0,1004.167236328125,-3.4635392888953223,-4.725968538792387,-1.4363158007431394,2.1334699404495807,2.798275410374309,1.7767159887542958,0.2648749546595169,1.3968827957093226,-2.291212149267071,-0.3105429950513769
12.0,195.0,1004.167236328125,-3.463539276394739,-4.725973512654409,-1.4363158007420018,2.1334699404495807,2.7982751943497948,1.7767159887538255,0.2648749546594354,1.3968827957093226,-2.29121233252424,-0.3105429950513682
12.0,195.0,1004.167236328125,-3.4635392900194164,-4.726000887583536,-1.436315800743102,2.1334699404495807,2.7982928229537487,1.7767159887542978,0.2648749546595169,1.3968827957093226,-2.2912123312354824,-0.3105429950513769
12.0,195.0,1004.167236328125,-3.463539276714946,-4.72601754992648,-1.4363158006258083,2.1334699404495807,2.798291462888963,1.7767159887534585,0.2648749546595169,1.3968827957093226,-2.291212329050014,-0.3105429950513764
12.0,195.0,1004.167236328125,-3.4635392895946167,-4.725985295446133,-1.4363158005918342,2.1334699404495807,2.7982928229537487,1.7767159887336834,0.2648749546595169,1.3968827957093226,-2.291212152079617,-0.3105429950513883
12.0,195.0,1004.167236328125,-3.4635392900222595,-4.725968538792387,-1.4363158007431394,2.1334699404495807,2.798275743946005,1.7767159887542958,0.2648749546595169,1.3968827957093226,-2.2912123376319427,-0.3105429950513769
12.0,195.0,1004.167236328125,-3.463539277557831,-4.726020428273575,-1.4363158006258083,2.1334699404495807,2.798292799531461,1.7767159887534585,0.2648749546595169,1.3968827957093226,-2.291212329050014,-0.3105429950513764
12.0,195.0,1004.167236328125,-3.4635392764063115,-4.725973512654409,-1.4363158007421024,2.1334699404495807,2.798275415685602,1.7767159887538255,0.2648749546594354,1.3968827957093226,-2.2912121613034846,-0.3105429950513682
12.0,195.0,1004.167236328125,-3.463539289739092,-4.726000887583536,-1.436315800743102,2.1334699404495807,2.7982928229537487,1.7767159887542978,0.2648749546595169,1.3968827957093226,-2.2912121424868346,-0.3105429950513769
12.0,195.0,1004.167236328125,-3.463539277557831,-4.726008336588709,-1.436315800622839,2.1334699404495807,2.798291462904768,1.776715988753454,0.2648749546595169,1.3968827957093226,-2.291212330326625,-0.3105429950513764
12.0,195.0,1004.167236328125,-3.463539277557831,-4.725987517477963,-1.436315800746894,2.1334699404495807,2.798275919296416,1.776715988753491,0.2648749546595169,1.3968827957093226,-2.291212157389966,-0.3105429950513836
12.0,195.0,1004.167236328125,-3.46353928961413,-4.725974774800017,-1.436315800743088,2.1334699404495807,2.798275406983235,1.7767159887542958,0.2648749546595169,1.3968827957093226,-2.291212157389966,-0.3105429950513836
12.0,195.0,1004.167236328125,-3.463539277557831,-4.726001219065939,-1.4363158007403765,2.1334699404495807,2.7982754155813705,1.7767159887340211,0.2648749546595169,1.3968827957093226,-2.2912121570375463,-0.3105429950512052
12.0,195.0,1004.167236328125,-3.4635392899996003,-4.726000887583536,-1.4363158007510577,2.1334699404495807,2.7982928229537487,1.7767159887542958,0.2648749546595169,1.3968827957093226,-2.2912123312354824,-0.3105429950513769
12.0,195.0,1004.167236328125,-3.463539277557831,-4.726005923882742,-1.4363158007476762,2.1334699404495807,2.798276379956081,1.7767159887542958,0.2648749546595169,1.3968827957093226,-2.291212348038273,-0.3105429950513836
12.0,195.0,1004.167236328125,-3.463539292104246,-4.725967746771516,-1.4363158007431394,2.1334699404495807,2.7982757342770053,1.7767159887543005,0.2648749546595169,1.3968827957093226,-2.291212324603732,-0.3105429950513769
12.0,195.0,1004.167236328125,-3.463539289029387,-4.725968538792387,-1.4363158007431498,2.1334699404495807,2.798275415652001,1.7767159887542958,0.2648749546595169,1.3968827957093226,-2.291212149267071,-0.3105429950513769
12.0,195.0,1004.167236328125,-3.4635392900194164,-4.726000887583536,-1.436315800743102,2.1334699404495807,2.7982928229537487,1.7767159887542978,0.2648749546595169,1.3968827957093226,-2.2912123312354824,-0.3105429950513769
12.0,195.0,1004.167236328125,-3.463539276394739,-4.725973512654409,-1.4363158007420018,2.1334699404495807,2.7982751943497948,1.7767159887538255,0.2648749546594354,1.3968827957093226,-2.29121233252424,-0.3105429950513682
12.0,195.0,1004.167236328125,-3.4635392900194164,-4.725992142496716,-1.4363158006257872,2.1334699404495807,2.798273203833453,1.7767159887543251,0.2648749546595169,1.3968827957093226,-2.2912123313718613,-0.3105429950513769
12.0,195.0,1004.167236328125,-3.463539277557831,-4.726008232379866,-1.436315800622839,2.1334699404495807,2.798291444456774,1.776715988753454,0.2648749546595169,1.3968827957093226,-2.291212314399881,-0.3105429950513764
12.0,195.0,1004.167236328125,-3.463539277557831,-4.726008336588709,-1.436315800622839,2.1334699404495807,2.7982913046039206,1.776715988753454,0.2648749546595169,1.3968827957093226,-2.291212330421545,-0.3105429950513764
12.0,195.0,1004.167236328125,-3.4635392767201845,-4.726017483153338,-1.4363158006258083,2.1334699404495807,2.7982929483605963,1.7767159887534585,0.2648749546595169,1.3968827957093226,-2.291212329050014,-0.3105429950513764
12.0,195.0,1004.167236328125,-3.463539276807547,-4.726001118678911,-1.4363158006290586,2.1334699404495807,2.7982928217421787,1.7767159887534585,0.2648749546595169,1.3968827957093226,-2.291212329050014,-0.3105429950513764
12.0,195.0,1004.167236328125,-3.4635392900259503,-4.725968538792387,-1.4363158007431394,2.1334699404495807,2.798275743946005,1.7767159887542958,0.2648749546595169,1.3968827957093226,-2.2912123376319427,-0.3105429950513769
12.0,195.0,1004.167236328125,-3.463539277557831,-4.726008336588709,-1.4363158006261418,2.1334699404495807,2.7982904985300574,1.776715988753454,0.2648749546595169,1.3968827957093226,-2.291212139678318,-0.3105429950513764
12.0,195.0,1004.167236328125,-3.4635392900194164,-4.726000887583536,-1.4363158007510577,2.1334699404495807,2.7982928229537487,1.7767159887542958,0.2648749546595169,1.3968827957093226,-2.2912123312354824,-0.3105429950513769
12.0,195.0,1004.1672973632812,-3.463539277557831,-4.726005923882742,-1.436315800750979,2.1334699404495807,2.7982754155813705,1.7767159887542958,0.2648749546595169,1.3968827957093226,-2.291212157389966,-0.3105429950513836
12.0,195.0,1004.1672973632812,-3.463539277557831,-4.726005923882742,-1.436315800750979,2.1334699404495807,2.7982754155813705,1.7767159887542958,0.264874954659518,1.3968827957093226,-2.291212157389966,-0.3105429950513836
12.0,195.0,1004.1672973632812,-3.463539277557831,-4.726005923882742,-1.436315800750979,2.1334699404495807,2.7982754155813705,1.7767159887534696,0.2648749546595169,1.3968827957093226,-2.291212157389966,-0.3105429950513836
12.0,195.0,1004.1672973632812,-3.463539277557831,-4.726019816040819,-1.436315800622839,2.1334699404495807,2.798274349719562,1.7767159887534494,0.2648749546595169,1.3968827957093226,-2.291212324238543,-0.3105429950513764
12.0,195.0,1004.1672973632812,-3.463539277557831,-4.726005923882742,-1.436315800750979,2.1334699404495807,2.7982754155813705,1.7767159887534696,0.2648749546595169,1.3968827957093226,-2.291212157389966,-0.3105429950513836
12.0,195.0,1004.1672973632812,-3.463539277557831,-4.726005923882742,-1.436315800750979,2.1334699404495807,2.7982754155813705,1.7767159887347888,0.264874954659518,1.3968827957093226,-2.291212157389966,-0.3105429950513836
12.0,195.0,1004.1672973632812,-3.463539277557831,-4.726022733247985,-1.4363158006233945,2.1334699404495807,2.7982754155813705,1.7767159887327288,0.2648749546595169,1.3968827957093226,-2.291212332505452,-0.3105429950511741
12.0,195.0,1004.1672973632812,-3.463539290179752,-4.726000887583536,-1.4363158007510235,2.1334699404495807,2.7982754150411338,1.7767159887542958,0.2648749546595169,1.3968827957093226,-2.291212340618825,-0.3105429950513769
12.0,195.0,1004.1672973632812,-3.4635392775462583,-4.726005923882742,-1.4363158007508785,2.1334699404495807,2.798275194245564,1.7767159887534696,0.2648749546595169,1.3968827957093226,-2.291212328610722,-0.3105429950513836
12.0,195.0,1004.1672973632812,-3.463539277557831,-4.726018323837971,-1.4363158006194718,2.1334699404495807,2.798274349719562,1.7767159887534494,0.2648749546595169,1.3968827957093226,-2.2912121610215253,-0.3105429950513779
12.0,195.0,1004.1672973632812,-3.463539277557831,-4.726032619090352,-1.436315800750979,2.1334699404495807,2.7982773532494374,1.7767159887534696,0.2648749546595169,1.3968827957093226,-2.291212157389966,-0.3105429950513836
12.0,195.0,1004.1672973632812,-3.463539277557831,-4.726006028091585,-1.436315800750979,2.1334699404495807,2.7982754340293643,1.7767159887534696,0.2648749546595169,1.3968827957093226,-2.2912121733167097,-0.3105429950513836
12.0,195.0,1004.1672973632812,-3.4635392775464204,-4.726005923882742,-1.4363158007508785,2.1334699404495807,2.798275194245564,1.7767159887534696,0.2648749546595169,1.3968827957093226,-2.291212328610722,-0.3105429950513836
12.0,195.0,1004.1672973632812,-3.463539277557831,-4.726018323837971,-1.4363158006194718,2.1334699404495807,2.7982743538302275,1.7767159887534607,0.2648749546595169,1.3968827957093226,-2.2912121610215253,-0.3105429950513779
12.0,196.0,1004.167236328125,-3.4635392900194164,-4.726000887583536,-1.4363158007510577,2.1334699404495807,2.7982928229537487,1.7767159887542958,0.2648749546595169,1.3968827957093226,-2.2912123312354824,-0.3105429950513769
12.0,196.0,1004.167236328125,-3.4635392900194164,-4.725985295446133,-1.4363158007510577,2.1334699404495807,2.7982928229537487,1.7767159887542958,0.2648749546595169,1.3968827957093226,-2.2912123208915744,-0.3105429950513769
12.0,196.0,1004.167236328125,-3.463539277557831,-4.726008336588709,-1.436315800622839,2.1334699404495807,2.798291462904768,1.776715988753454,0.2648749546595169,1.3968827957093226,-2.291212330326625,-0.3105429950513764
12.0,196.0,1004.167236328125,-3.4635392900194164,-4.725985295446133,-1.4363158006257872,2.1334699404495807,2.7982928229537487,1.7767159887543251,0.2648749546595169,1.3968827957093226,-2.291212329875026,-0.3105429950513769
12.0,196.0,1004.167236328125,-3.463539277557831,-4.72601754992648,-1.4363158006258083,2.1334699404495807,2.798291462904768,1.7767159887534585,0.2648749546595169,1.3968827957093226,-2.291212329050014,-0.3105429950513764
12.0,196.0,1004.167236328125,-3.4635392900194164,-4.726000887583536,-1.4363158007510577,2.1334699404495807,2.7982928229537487,1.7767159887542958,0.2648749546595169,1.3968827957093226,-2.2912123312354824,-0.3105429950513769
12.0,196.0,1004.167236328125,-3.463539289741936,-4.725968538792387,-1.4363158007431394,2.1334699404495807,2.798275743946005,1.7767159887542958,0.2648749546595169,1.3968827957093226,-2.291212148883295,-0.3105429950513769
12.0,196.0,1004.167236328125,-3.463539277557831,-4.725990299802407,-1.4363158006085932,2.1334699404495807,2.798292858619947,1.7767159887340211,0.2648749546595169,1.3968827957093226,-2.291212157389966,-0.3105429950512113
12.0,196.0,1004.167236328125,-3.463539276714946,-4.72601754992648,-1.4363158006258083,2.1334699404495807,2.798291470364918,1.7767159887534585,0.2648749546595169,1.3968827957093226,-2.291212329050014,-0.3105429950513764
12.0,196.0,1004.167236328125,-3.4635392888953223,-4.725968538792387,-1.4363158007431394,2.1334699404495807,2.798275410374309,1.7767159887542958,0.2648749546595169,1.3968827957093226,-2.291212149267071,-0.3105429950513769
12.0,196.0,1004.167236328125,-3.463539276394739,-4.725973512654409,-1.4363158007420018,2.1334699404495807,2.7982751943497948,1.7767159887538255,0.2648749546594354,1.3968827957093226,-2.29121233252424,-0.3105429950513682
12.0,196.0,1004.167236328125,-3.4635392900194164,-4.726000887583536,-1.436315800743102,2.1334699404495807,2.7982928229537487,1.7767159887542978,0.2648749546595169,1.3968827957093226,-2.2912123312354824,-0.3105429950513769
12.0,196.0,1004.167236328125,-3.463539276714946,-4.72601754992648,-1.4363158006258083,2.1334699404495807,2.798291462888963,1.7767159887534585,0.2648749546595169,1.3968827957093226,-2.291212329050014,-0.3105429950513764
12.0,196.0,1004.167236328125,-3.4635392895946167,-4.725985295446133,-1.4363158005918342,2.1334699404495807,2.7982928229537487,1.7767159887336834,0.2648749546595169,1.3968827957093226,-2.291212152079617,-0.3105429950513883
12.0,196.0,1004.167236328125,-3.4635392900222595,-4.725968538792387,-1.4363158007431394,2.1334699404495807,2.798275743946005,1.7767159887542958,0.2648749546595169,1.3968827957093226,-2.2912123376319427,-0.3105429950513769
12.0,196.0,1004.167236328125,-3.463539277557831,-4.726020428273575,-1.4363158006258083,2.1334699404495807,2.798292799531461,1.7767159887534585,0.2648749546595169,1.3968827957093226,-2.291212329050014,-0.3105429950513764
12.0,196.0,1004.167236328125,-3.4635392764063115,-4.725973512654409,-1.4363158007421024,2.1334699404495807,2.798275415685602,1.7767159887538255,0.2648749546594354,1.3968827957093226,-2.2912121613034846,-0.3105429950513682
12.0,196.0,1004.167236328125,-3.463539289739092,-4.726000887583536,-1.436315800743102,2.1334699404495807,2.7982928229537487,1.7767159887542978,0.2648749546595169,1.3968827957093226,-2.2912121424868346,-0.3105429950513769
12.0,196.0,1004.167236328125,-3.463539277557831,-4.726008336588709,-1.436315800622839,2.1334699404495807,2.798291462904768,1.776715988753454,0.2648749546595169,1.3968827957093226,-2.291212330326625,-0.3105429950513764
12.0,196.0,1004.167236328125,-3.463539277557831,-4.725987517477963,-1.436315800746894,2.1334699404495807,2.798275919296416,1.776715988753491,0.2648749546595169,1.3968827957093226,-2.291212157389966,-0.3105429950513836
12.0,196.0,1004.167236328125,-3.46353928961413,-4.725974774800017,-1.436315800743088,2.1334699404495807,2.798275406983235,1.7767159887542958,0.2648749546595169,1.3968827957093226,-2.291212157389966,-0.3105429950513836
12.0,196.0,1004.167236328125,-3.463539277557831,-4.726001219065939,-1.4363158007403765,2.1334699404495807,2.7982754155813705,1.7767159887340211,0.2648749546595169,1.3968827957093226,-2.2912121570375463,-0.3105429950512052
12.0,196.0,1004.167236328125,-3.4635392899996003,-4.726000887583536,-1.4363158007510577,2.1334699404495807,2.7982928229537487,1.7767159887542958,0.2648749546595169,1.3968827957093226,-2.2912123312354824,-0.3105429950513769
12.0,196.0,1004.167236328125,-3.463539277557831,-4.726005923882742,-1.4363158007476762,2.1334699404495807,2.798276379956081,1.7767159887542958,0.2648749546595169,1.3968827957093226,-2.291212348038273,-0.3105429950513836
12.0,196.0,1004.167236328125,-3.463539292104246,-4.725967746771516,-1.4363158007431394,2.1334699404495807,2.7982757342770053,1.7767159887543005,0.2648749546595169,1.3968827957093226,-2.291212324603732,-0.3105429950513769
12.0,196.0,1004.167236328125,-3.463539289029387,-4.725968538792387,-1.4363158007431498,2.1334699404495807,2.798275415652001,1.7767159887542958,0.2648749546595169,1.3968827957093226,-2.291212149267071,-0.3105429950513769
12.0,196.0,1004.167236328125,-3.4635392900194164,-4.726000887583536,-1.436315800743102,2.1334699404495807,2.7982928229537487,1.7767159887542978,0.2648749546595169,1.3968827957093226,-2.2912123312354824,-0.3105429950513769
12.0,196.0,1004.167236328125,-3.463539276394739,-4.725973512654409,-1.4363158007420018,2.1334699404495807,2.7982751943497948,1.7767159887538255,0.2648749546594354,1.3968827957093226,-2.29121233252424,-0.3105429950513682
12.0,196.0,1004.167236328125,-3.4635392900194164,-4.725992142496716,-1.4363158006257872,2.1334699404495807,2.798273203833453,1.7767159887543251,0.2648749546595169,1.3968827957093226,-2.2912123313718613,-0.3105429950513769
12.0,196.0,1004.167236328125,-3.463539277557831,-4.726008232379866,-1.436315800622839,2.1334699404495807,2.798291444456774,1.776715988753454,0.2648749546595169,1.3968827957093226,-2.291212314399881,-0.3105429950513764
12.0,196.0,1004.167236328125,-3.463539277557831,-4.726008336588709,-1.436315800622839,2.1334699404495807,2.7982913046039206,1.776715988753454,0.2648749546595169,1.3968827957093226,-2.291212330421545,-0.3105429950513764
12.0,196.0,1004.167236328125,-3.4635392767201845,-4.726017483153338,-1.4363158006258083,2.1334699404495807,2.7982929483605963,1.7767159887534585,0.2648749546595169,1.3968827957093226,-2.291212329050014,-0.3105429950513764
12.0,196.0,1004.167236328125,-3.463539276807547,-4.726001118678911,-1.4363158006290586,2.1334699404495807,2.7982928217421787,1.7767159887534585,0.2648749546595169,1.3968827957093226,-2.291212329050014,-0.3105429950513764
12.0,196.0,1004.167236328125,-3.4635392900259503,-4.725968538792387,-1.4363158007431394,2.1334699404495807,2.798275743946005,1.7767159887542958,0.2648749546595169,1.3968827957093226,-2.2912123376319427,-0.3105429950513769
12.0,196.0,1004.167236328125,-3.463539277557831,-4.726008336588709,-1.4363158006261418,2.1334699404495807,2.7982904985300574,1.776715988753454,0.2648749546595169,1.3968827957093226,-2.291212139678318,-0.3105429950513764
12.0,196.0,1004.167236328125,-3.4635392900194164,-4.726000887583536,-1.4363158007510577,2.1334699404495807,2.7982928229537487,1.7767159887542958,0.2648749546595169,1.3968827957093226,-2.2912123312354824,-0.3105429950513769
12.0,196.0,1004.167236328125,-3.463539277557831,-4.726008336588709,-1.436315800622839,2.1334699404495807,2.798291455249276,1.7767159887538282,0.2648749546595169,1.3968827957093226,-2.2912123325680613,-0.3105429950513764
12.0,196.0,1004.167236328125,-3.463539277557831,-4.725987442664355,-1.436315800746894,2.1334699404495807,2.798275919943386,1.7767159887542956,0.2648749546595169,1.3968827957093226,-2.291212337057591,-0.3105429950513836
12.0,196.0,1004.167236328125,-3.463539291661211,-4.725988553756607,-1.4363158007431394,2.1334699404495807,2.7982761628889894,1.7767159887345558,0.2648749546595169,1.3968827957093226,-2.2912123245271427,-0.3105429950513769
12.0,196.0,1004.167236328125,-3.463539277557831,-4.726008336588709,-1.4363158006226648,2.1334699404495807,2.798291462904768,1.776715988753454,0.2648749546595169,1.3968827957093226,-2.291212327490197,-0.3105429950513764
12.0,196.0,1004.167236328125,-3.463539277557831,-4.726005923882742,-1.436315800750979,2.1334699404495807,2.798294680312849,1.7767159887542958,0.2648749546595169,1.3968827957093226,-2.2912123350512,-0.3105429950513836
12.0,196.0,1004.167236328125,-3.4635392900194164,-4.725992142496716,-1.4363158006257872,2.1334699404495807,2.798273203833453,1.7767159887543251,0.2648749546595169,1.3968827957093226,-2.2912123313718613,-0.3105429950513769
12.0,196.0,1004.167236328125,-3.463539289741936,-4.725968538792387,-1.436315800750879,2.1334699404495807,2.798275743946005,1.7767159887542958,0.2648749546595169,1.3968827957093226,-2.291212148883295,-0.3105429950513769
12.0,196.0,1004.167236328125,-3.463539289739092,-4.726000887583536,-1.436315800751132,2.1334699404495807,2.7982928229537487,1.7767159887542978,0.2648749546595169,1.3968827957093226,-2.291212328690913,-0.3105429950513769
12.0,196.0,1004.167236328125,-3.4635392899015183,-4.725985430952498,-1.436315800750979,2.1334699404495807,2.7982754155813705,1.7767159887543056,0.2648749546595169,1.3968827957093226,-2.291212157389966,-0.3105429950513836
12.0,196.0,1004.167236328125,-3.4635392900222595,-4.725968538792387,-1.4363158007431394,2.1334699404495807,2.798275743946005,1.7767159887542958,0.2648749546595169,1.3968827957093226,-2.2912123376319427,-0.3105429950513769
12.0,196.0,1004.167236328125,-3.4635392763814337,-4.725973512654409,-1.4363158006266483,2.1334699404495807,2.798275415685602,1.7767159887538255,0.2648749546595165,1.3968827957093226,-2.2912121662586014,-0.3105429950513682
12.0,196.0,1004.167236328125,-3.4635392900259503,-4.725968613605994,-1.4363158007431394,2.1334699404495807,2.7982757432990346,1.776715988753491,0.2648749546595169,1.3968827957093226,-2.2912121579643183,-0.3105429950513769
12.0,196.0,1004.167236328125,-3.463539289953581,-4.725969576818264,-1.4363158007431394,2.1334699404495807,2.798289249691571,1.7767159887542958,0.2648749546595169,1.3968827957093226,-2.291212149267071,-0.3105429950513769
12.0,196.0,1004.167236328125,-3.463539276714946,-4.726017679920672,-1.4363158006258083,2.1334699404495807,2.79829145010852,1.7767159887543362,0.2648749546595169,1.3968827957093226,-2.2912123219930134,-0.3105429950513764
12.0,197.0,1004.167236328125,-3.4635392900194164,-4.726000887583536,-1.4363158007510577,2.1334699404495807,2.7982928229537487,1.7767159887542958,0.2648749546595169,1.3968827957093226,-2.2912123312354824,-0.3105429950513769
12.0,197.0,1004.167236328125,-3.4635392900194164,-4.725985295446133,-1.4363158007510577,2.1334699404495807,2.7982928229537487,1.7767159887542958,0.2648749546595169,1.3968827957093226,-2.2912123208915744,-0.3105429950513769
12.0,197.0,1004.167236328125,-3.463539277557831,-4.726008336588709,-1.436315800622839,2.1334699404495807,2.798291462904768,1.776715988753454,0.2648749546595169,1.3968827957093226,-2.291212330326625,-0.3105429950513764
12.0,197.0,1004.167236328125,-3.4635392900194164,-4.725985295446133,-1.4363158006257872,2.1334699404495807,2.7982928229537487,1.7767159887543251,0.2648749546595169,1.3968827957093226,-2.291212329875026,-0.3105429950513769
12.0,197.0,1004.167236328125,-3.463539277557831,-4.72601754992648,-1.4363158006258083,2.1334699404495807,2.798291462904768,1.7767159887534585,0.2648749546595169,1.3968827957093226,-2.291212329050014,-0.3105429950513764
12.0,197.0,1004.167236328125,-3.4635392900194164,-4.726000887583536,-1.4363158007510577,2.1334699404495807,2.7982928229537487,1.7767159887542958,0.2648749546595169,1.3968827957093226,-2.2912123312354824,-0.3105429950513769
12.0,197.0,1004.167236328125,-3.463539289741936,-4.725968538792387,-1.4363158007431394,2.1334699404495807,2.798275743946005,1.7767159887542958,0.2648749546595169,1.3968827957093226,-2.291212148883295,-0.3105429950513769
12.0,197.0,1004.167236328125,-3.463539277557831,-4.725990299802407,-1.4363158006085932,2.1334699404495807,2.798292858619947,1.7767159887340211,0.2648749546595169,1.3968827957093226,-2.291212157389966,-0.3105429950512113
12.0,197.0,1004.167236328125,-3.463539276714946,-4.72601754992648,-1.4363158006258083,2.1334699404495807,2.798291470364918,1.7767159887534585,0.2648749546595169,1.3968827957093226,-2.291212329050014,-0.3105429950513764
12.0,197.0,1004.167236328125,-3.4635392888953223,-4.725968538792387,-1.4363158007431394,2.1334699404495807,2.798275410374309,1.7767159887542958,0.2648749546595169,1.3968827957093226,-2.291212149267071,-0.3105429950513769
12.0,197.0,1004.167236328125,-3.463539276394739,-4.725973512654409,-1.4363158007420018,2.1334699404495807,2.7982751943497948,1.7767159887538255,0.2648749546594354,1.3968827957093226,-2.29121233252424,-0.3105429950513682
12.0,197.0,1004.167236328125,-3.4635392900194164,-4.726000887583536,-1.436315800743102,2.1334699404495807,2.7982928229537487,1.7767159887542978,0.2648749546595169,1.3968827957093226,-2.2912123312354824,-0.3105429950513769
12.0,197.0,1004.167236328125,-3.463539276714946,-4.72601754992648,-1.4363158006258083,2.1334699404495807,2.798291462888963,1.7767159887534585,0.2648749546595169,1.3968827957093226,-2.291212329050014,-0.3105429950513764
12.0,197.0,1004.167236328125,-3.4635392895946167,-4.725985295446133,-1.4363158005918342,2.1334699404495807,2.7982928229537487,1.7767159887336834,0.2648749546595169,1.3968827957093226,-2.291212152079617,-0.3105429950513883
12.0,197.0,1004.167236328125,-3.4635392900222595,-4.725968538792387,-1.4363158007431394,2.1334699404495807,2.798275743946005,1.7767159887542958,0.2648749546595169,1.3968827957093226,-2.2912123376319427,-0.3105429950513769
12.0,197.0,1004.167236328125,-3.463539277557831,-4.726020428273575,-1.4363158006258083,2.1334699404495807,2.798292799531461,1.7767159887534585,0.2648749546595169,1.3968827957093226,-2.291212329050014,-0.3105429950513764
12.0,197.0,1004.167236328125,-3.4635392764063115,-4.725973512654409,-1.4363158007421024,2.1334699404495807,2.798275415685602,1.7767159887538255,0.2648749546594354,1.3968827957093226,-2.2912121613034846,-0.3105429950513682
12.0,197.0,1004.167236328125,-3.463539289739092,-4.726000887583536,-1.436315800743102,2.1334699404495807,2.7982928229537487,1.7767159887542978,0.2648749546595169,1.3968827957093226,-2.2912121424868346,-0.3105429950513769
12.0,197.0,1004.167236328125,-3.463539277557831,-4.726008336588709,-1.436315800622839,2.1334699404495807,2.798291462904768,1.776715988753454,0.2648749546595169,1.3968827957093226,-2.291212330326625,-0.3105429950513764
12.0,197.0,1004.167236328125,-3.463539277557831,-4.725987517477963,-1.436315800746894,2.1334699404495807,2.798275919296416,1.776715988753491,0.2648749546595169,1.3968827957093226,-2.291212157389966,-0.3105429950513836
12.0,197.0,1004.167236328125,-3.46353928961413,-4.725974774800017,-1.436315800743088,2.1334699404495807,2.798275406983235,1.7767159887542958,0.2648749546595169,1.3968827957093226,-2.291212157389966,-0.3105429950513836
12.0,197.0,1004.167236328125,-3.463539277557831,-4.726001219065939,-1.4363158007403765,2.1334699404495807,2.7982754155813705,1.7767159887340211,0.2648749546595169,1.3968827957093226,-2.2912121570375463,-0.3105429950512052
12.0,197.0,1004.167236328125,-3.4635392899996003,-4.726000887583536,-1.4363158007510577,2.1334699404495807,2.7982928229537487,1.7767159887542958,0.2648749546595169,1.3968827957093226,-2.2912123312354824,-0.3105429950513769
12.0,197.0,1004.167236328125,-3.463539277557831,-4.726005923882742,-1.4363158007476762,2.1334699404495807,2.798276379956081,1.7767159887542958,0.2648749546595169,1.3968827957093226,-2.291212348038273,-0.3105429950513836
12.0,197.0,1004.167236328125,-3.463539292104246,-4.725967746771516,-1.4363158007431394,2.1334699404495807,2.7982757342770053,1.7767159887543005,0.2648749546595169,1.3968827957093226,-2.291212324603732,-0.3105429950513769
12.0,197.0,1004.167236328125,-3.463539289029387,-4.725968538792387,-1.4363158007431498,2.1334699404495807,2.798275415652001,1.7767159887542958,0.2648749546595169,1.3968827957093226,-2.291212149267071,-0.3105429950513769
12.0,197.0,1004.167236328125,-3.4635392900194164,-4.726000887583536,-1.436315800743102,2.1334699404495807,2.7982928229537487,1.7767159887542978,0.2648749546595169,1.3968827957093226,-2.2912123312354824,-0.3105429950513769
12.0,197.0,1004.167236328125,-3.463539276394739,-4.725973512654409,-1.4363158007420018,2.1334699404495807,2.7982751943497948,1.7767159887538255,0.2648749546594354,1.3968827957093226,-2.29121233252424,-0.3105429950513682
12.0,197.0,1004.167236328125,-3.4635392900194164,-4.725992142496716,-1.4363158006257872,2.1334699404495807,2.798273203833453,1.7767159887543251,0.2648749546595169,1.3968827957093226,-2.2912123313718613,-0.3105429950513769
12.0,197.0,1004.167236328125,-3.463539277557831,-4.726008232379866,-1.436315800622839,2.1334699404495807,2.798291444456774,1.776715988753454,0.2648749546595169,1.3968827957093226,-2.291212314399881,-0.3105429950513764
12.0,197.0,1004.167236328125,-3.463539277557831,-4.726008336588709,-1.436315800622839,2.1334699404495807,2.7982913046039206,1.776715988753454,0.2648749546595169,1.3968827957093226,-2.291212330421545,-0.3105429950513764
12.0,197.0,1004.167236328125,-3.4635392767201845,-4.726017483153338,-1.4363158006258083,2.1334699404495807,2.7982929483605963,1.7767159887534585,0.2648749546595169,1.3968827957093226,-2.291212329050014,-0.3105429950513764
12.0,197.0,1004.167236328125,-3.463539276807547,-4.726001118678911,-1.4363158006290586,2.1334699404495807,2.7982928217421787,1.7767159887534585,0.2648749546595169,1.3968827957093226,-2.291212329050014,-0.3105429950513764
12.0,197.0,1004.167236328125,-3.4635392900259503,-4.725968538792387,-1.4363158007431394,2.1334699404495807,2.798275743946005,1.7767159887542958,0.2648749546595169,1.3968827957093226,-2.2912123376319427,-0.3105429950513769
12.0,197.0,1004.167236328125,-3.463539277557831,-4.726008336588709,-1.4363158006261418,2.1334699404495807,2.7982904985300574,1.776715988753454,0.2648749546595169,1.3968827957093226,-2.291212139678318,-0.3105429950513764
12.0,197.0,1004.167236328125,-3.4635392900194164,-4.726000887583536,-1.4363158007510577,2.1334699404495807,2.7982928229537487,1.7767159887542958,0.2648749546595169,1.3968827957093226,-2.2912123312354824,-0.3105429950513769
12.0,197.0,1004.167236328125,-3.463539277557831,-4.726008336588709,-1.436315800622839,2.1334699404495807,2.798291455249276,1.7767159887538282,0.2648749546595169,1.3968827957093226,-2.2912123325680613,-0.3105429950513764
12.0,197.0,1004.167236328125,-3.463539277557831,-4.725987442664355,-1.436315800746894,2.1334699404495807,2.798275919943386,1.7767159887542956,0.2648749546595169,1.3968827957093226,-2.291212337057591,-0.3105429950513836
12.0,197.0,1004.167236328125,-3.463539291661211,-4.725988553756607,-1.4363158007431394,2.1334699404495807,2.7982761628889894,1.7767159887345558,0.2648749546595169,1.3968827957093226,-2.2912123245271427,-0.3105429950513769
12.0,197.0,1004.167236328125,-3.463539277557831,-4.726008336588709,-1.4363158006226648,2.1334699404495807,2.798291462904768,1.776715988753454,0.2648749546595169,1.3968827957093226,-2.291212327490197,-0.3105429950513764
12.0,197.0,1004.167236328125,-3.463539277557831,-4.726005923882742,-1.436315800750979,2.1334699404495807,2.798294680312849,1.7767159887542958,0.2648749546595169,1.3968827957093226,-2.2912123350512,-0.3105429950513836
12.0,197.0,1004.167236328125,-3.4635392900194164,-4.725992142496716,-1.4363158006257872,2.1334699404495807,2.798273203833453,1.7767159887543251,0.2648749546595169,1.3968827957093226,-2.2912123313718613,-0.3105429950513769
12.0,197.0,1004.167236328125,-3.463539289741936,-4.725968538792387,-1.436315800750879,2.1334699404495807,2.798275743946005,1.7767159887542958,0.2648749546595169,1.3968827957093226,-2.291212148883295,-0.3105429950513769
12.0,197.0,1004.167236328125,-3.463539289739092,-4.726000887583536,-1.436315800751132,2.1334699404495807,2.7982928229537487,1.7767159887542978,0.2648749546595169,1.3968827957093226,-2.291212328690913,-0.3105429950513769
12.0,197.0,1004.167236328125,-3.4635392899015183,-4.725985430952498,-1.436315800750979,2.1334699404495807,2.7982754155813705,1.7767159887543056,0.2648749546595169,1.3968827957093226,-2.291212157389966,-0.3105429950513836
12.0,197.0,1004.167236328125,-3.4635392900222595,-4.725968538792387,-1.4363158007431394,2.1334699404495807,2.798275743946005,1.7767159887542958,0.2648749546595169,1.3968827957093226,-2.2912123376319427,-0.3105429950513769
12.0,197.0,1004.167236328125,-3.4635392763814337,-4.725973512654409,-1.4363158006266483,2.1334699404495807,2.798275415685602,1.7767159887538255,0.2648749546595165,1.3968827957093226,-2.2912121662586014,-0.3105429950513682
12.0,197.0,1004.167236328125,-3.4635392900259503,-4.725968613605994,-1.4363158007431394,2.1334699404495807,2.7982757432990346,1.776715988753491,0.2648749546595169,1.3968827957093226,-2.2912121579643183,-0.3105429950513769
12.0,197.0,1004.167236328125,-3.463539289953581,-4.725969576818264,-1.4363158007431394,2.1334699404495807,2.798289249691571,1.7767159887542958,0.2648749546595169,1.3968827957093226,-2.291212149267071,-0.3105429950513769
12.0,197.0,1004.167236328125,-3.463539276714946,-4.726017679920672,-1.4363158006258083,2.1334699404495807,2.79829145010852,1.7767159887543362,0.2648749546595169,1.3968827957093226,-2.2912123219930134,-0.3105429950513764
12.0,198.0,1004.167236328125,-3.4635392900194164,-4.726000887583536,-1.4363158007510577,2.1334699404495807,2.7982928229537487,1.7767159887542958,0.2648749546595169,1.3968827957093226,-2.2912123312354824,-0.3105429950513769
12.0,198.0,1004.167236328125,-3.4635392900194164,-4.725985295446133,-1.4363158007510577,2.1334699404495807,2.7982928229537487,1.7767159887542958,0.2648749546595169,1.3968827957093226,-2.2912123208915744,-0.3105429950513769
12.0,198.0,1004.167236328125,-3.463539277557831,-4.726008336588709,-1.436315800622839,2.1334699404495807,2.798291462904768,1.776715988753454,0.2648749546595169,1.3968827957093226,-2.291212330326625,-0.3105429950513764
12.0,198.0,1004.167236328125,-3.4635392900194164,-4.725985295446133,-1.4363158006257872,2.1334699404495807,2.7982928229537487,1.7767159887543251,0.2648749546595169,1.3968827957093226,-2.291212329875026,-0.3105429950513769
12.0,198.0,1004.167236328125,-3.463539277557831,-4.72601754992648,-1.4363158006258083,2.1334699404495807,2.798291462904768,1.7767159887534585,0.2648749546595169,1.3968827957093226,-2.291212329050014,-0.3105429950513764
12.0,198.0,1004.167236328125,-3.4635392900194164,-4.726000887583536,-1.4363158007510577,2.1334699404495807,2.7982928229537487,1.7767159887542958,0.2648749546595169,1.3968827957093226,-2.2912123312354824,-0.3105429950513769
12.0,198.0,1004.167236328125,-3.463539289741936,-4.725968538792387,-1.4363158007431394,2.1334699404495807,2.798275743946005,1.7767159887542958,0.2648749546595169,1.3968827957093226,-2.291212148883295,-0.3105429950513769
12.0,198.0,1004.167236328125,-3.463539277557831,-4.725990299802407,-1.4363158006085932,2.1334699404495807,2.798292858619947,1.7767159887340211,0.2648749546595169,1.3968827957093226,-2.291212157389966,-0.3105429950512113
12.0,198.0,1004.167236328125,-3.463539276714946,-4.72601754992648,-1.4363158006258083,2.1334699404495807,2.798291470364918,1.7767159887534585,0.2648749546595169,1.3968827957093226,-2.291212329050014,-0.3105429950513764
12.0,198.0,1004.167236328125,-3.4635392888953223,-4.725968538792387,-1.4363158007431394,2.1334699404495807,2.798275410374309,1.7767159887542958,0.2648749546595169,1.3968827957093226,-2.291212149267071,-0.3105429950513769
12.0,198.0,1004.167236328125,-3.463539276394739,-4.725973512654409,-1.4363158007420018,2.1334699404495807,2.7982751943497948,1.7767159887538255,0.2648749546594354,1.3968827957093226,-2.29121233252424,-0.3105429950513682
12.0,198.0,1004.167236328125,-3.4635392900194164,-4.726000887583536,-1.436315800743102,2.1334699404495807,2.7982928229537487,1.7767159887542978,0.2648749546595169,1.3968827957093226,-2.2912123312354824,-0.3105429950513769
12.0,198.0,1004.167236328125,-3.463539276714946,-4.72601754992648,-1.4363158006258083,2.1334699404495807,2.798291462888963,1.7767159887534585,0.2648749546595169,1.3968827957093226,-2.291212329050014,-0.3105429950513764
12.0,198.0,1004.167236328125,-3.4635392895946167,-4.725985295446133,-1.4363158005918342,2.1334699404495807,2.7982928229537487,1.7767159887336834,0.2648749546595169,1.3968827957093226,-2.291212152079617,-0.3105429950513883
12.0,198.0,1004.167236328125,-3.4635392900222595,-4.725968538792387,-1.4363158007431394,2.1334699404495807,2.798275743946005,1.7767159887542958,0.2648749546595169,1.3968827957093226,-2.2912123376319427,-0.3105429950513769
12.0,198.0,1004.167236328125,-3.463539277557831,-4.726020428273575,-1.4363158006258083,2.1334699404495807,2.798292799531461,1.7767159887534585,0.2648749546595169,1.3968827957093226,-2.291212329050014,-0.3105429950513764
12.0,198.0,1004.167236328125,-3.4635392764063115,-4.725973512654409,-1.4363158007421024,2.1334699404495807,2.798275415685602,1.7767159887538255,0.2648749546594354,1.3968827957093226,-2.2912121613034846,-0.3105429950513682
12.0,198.0,1004.167236328125,-3.463539289739092,-4.726000887583536,-1.436315800743102,2.1334699404495807,2.7982928229537487,1.7767159887542978,0.2648749546595169,1.3968827957093226,-2.2912121424868346,-0.3105429950513769
12.0,198.0,1004.167236328125,-3.463539277557831,-4.726008336588709,-1.436315800622839,2.1334699404495807,2.798291462904768,1.776715988753454,0.2648749546595169,1.3968827957093226,-2.291212330326625,-0.3105429950513764
12.0,198.0,1004.167236328125,-3.463539277557831,-4.725987517477963,-1.436315800746894,2.1334699404495807,2.798275919296416,1.776715988753491,0.2648749546595169,1.3968827957093226,-2.291212157389966,-0.3105429950513836
12.0,198.0,1004.167236328125,-3.46353928961413,-4.725974774800017,-1.436315800743088,2.1334699404495807,2.798275406983235,1.7767159887542958,0.2648749546595169,1.3968827957093226,-2.291212157389966,-0.3105429950513836
12.0,198.0,1004.167236328125,-3.463539277557831,-4.726001219065939,-1.4363158007403765,2.1334699404495807,2.7982754155813705,1.7767159887340211,0.2648749546595169,1.3968827957093226,-2.2912121570375463,-0.3105429950512052
12.0,198.0,1004.167236328125,-3.4635392899996003,-4.726000887583536,-1.4363158007510577,2.1334699404495807,2.7982928229537487,1.7767159887542958,0.2648749546595169,1.3968827957093226,-2.2912123312354824,-0.3105429950513769
12.0,198.0,1004.167236328125,-3.463539277557831,-4.726005923882742,-1.4363158007476762,2.1334699404495807,2.798276379956081,1.7767159887542958,0.2648749546595169,1.3968827957093226,-2.291212348038273,-0.3105429950513836
12.0,198.0,1004.167236328125,-3.463539292104246,-4.725967746771516,-1.4363158007431394,2.1334699404495807,2.7982757342770053,1.7767159887543005,0.2648749546595169,1.3968827957093226,-2.291212324603732,-0.3105429950513769
12.0,198.0,1004.167236328125,-3.463539289029387,-4.725968538792387,-1.4363158007431498,2.1334699404495807,2.798275415652001,1.7767159887542958,0.2648749546595169,1.3968827957093226,-2.291212149267071,-0.3105429950513769
12.0,198.0,1004.167236328125,-3.4635392900194164,-4.726000887583536,-1.436315800743102,2.1334699404495807,2.7982928229537487,1.7767159887542978,0.2648749546595169,1.3968827957093226,-2.2912123312354824,-0.3105429950513769
12.0,198.0,1004.167236328125,-3.463539276394739,-4.725973512654409,-1.4363158007420018,2.1334699404495807,2.7982751943497948,1.7767159887538255,0.2648749546594354,1.3968827957093226,-2.29121233252424,-0.3105429950513682
12.0,198.0,1004.167236328125,-3.4635392900194164,-4.725992142496716,-1.4363158006257872,2.1334699404495807,2.798273203833453,1.7767159887543251,0.2648749546595169,1.3968827957093226,-2.2912123313718613,-0.3105429950513769
12.0,198.0,1004.167236328125,-3.463539277557831,-4.726008232379866,-1.436315800622839,2.1334699404495807,2.798291444456774,1.776715988753454,0.2648749546595169,1.3968827957093226,-2.291212314399881,-0.3105429950513764
12.0,198.0,1004.167236328125,-3.463539277557831,-4.726008336588709,-1.436315800622839,2.1334699404495807,2.7982913046039206,1.776715988753454,0.2648749546595169,1.3968827957093226,-2.291212330421545,-0.3105429950513764
12.0,198.0,1004.167236328125,-3.4635392767201845,-4.726017483153338,-1.4363158006258083,2.1334699404495807,2.7982929483605963,1.7767159887534585,0.2648749546595169,1.3968827957093226,-2.291212329050014,-0.3105429950513764
12.0,198.0,1004.167236328125,-3.463539276807547,-4.726001118678911,-1.4363158006290586,2.1334699404495807,2.7982928217421787,1.7767159887534585,0.2648749546595169,1.3968827957093226,-2.291212329050014,-0.3105429950513764
12.0,198.0,1004.167236328125,-3.4635392900259503,-4.725968538792387,-1.4363158007431394,2.1334699404495807,2.798275743946005,1.7767159887542958,0.2648749546595169,1.3968827957093226,-2.2912123376319427,-0.3105429950513769
12.0,198.0,1004.167236328125,-3.463539277557831,-4.726008336588709,-1.4363158006261418,2.1334699404495807,2.7982904985300574,1.776715988753454,0.2648749546595169,1.3968827957093226,-2.291212139678318,-0.3105429950513764
12.0,198.0,1004.167236328125,-3.4635392900194164,-4.726000887583536,-1.4363158007510577,2.1334699404495807,2.7982928229537487,1.7767159887542958,0.2648749546595169,1.3968827957093226,-2.2912123312354824,-0.3105429950513769
12.0,198.0,1004.167236328125,-3.463539277557831,-4.726008336588709,-1.436315800622839,2.1334699404495807,2.798291455249276,1.7767159887538282,0.2648749546595169,1.3968827957093226,-2.2912123325680613,-0.3105429950513764
12.0,198.0,1004.167236328125,-3.463539277557831,-4.725987442664355,-1.436315800746894,2.1334699404495807,2.798275919943386,1.7767159887542956,0.2648749546595169,1.3968827957093226,-2.291212337057591,-0.3105429950513836
12.0,198.0,1004.167236328125,-3.463539291661211,-4.725988553756607,-1.4363158007431394,2.1334699404495807,2.7982761628889894,1.7767159887345558,0.2648749546595169,1.3968827957093226,-2.2912123245271427,-0.3105429950513769
12.0,198.0,1004.167236328125,-3.463539277557831,-4.726008336588709,-1.4363158006226648,2.1334699404495807,2.798291462904768,1.776715988753454,0.2648749546595169,1.3968827957093226,-2.291212327490197,-0.3105429950513764
12.0,198.0,1004.167236328125,-3.463539277557831,-4.726005923882742,-1.436315800750979,2.1334699404495807,2.798294680312849,1.7767159887542958,0.2648749546595169,1.3968827957093226,-2.2912123350512,-0.3105429950513836
12.0,198.0,1004.167236328125,-3.4635392900194164,-4.725992142496716,-1.4363158006257872,2.1334699404495807,2.798273203833453,1.7767159887543251,0.2648749546595169,1.3968827957093226,-2.2912123313718613,-0.3105429950513769
12.0,198.0,1004.167236328125,-3.463539289741936,-4.725968538792387,-1.436315800750879,2.1334699404495807,2.798275743946005,1.7767159887542958,0.2648749546595169,1.3968827957093226,-2.291212148883295,-0.3105429950513769
12.0,198.0,1004.167236328125,-3.463539289739092,-4.726000887583536,-1.436315800751132,2.1334699404495807,2.7982928229537487,1.7767159887542978,0.2648749546595169,1.3968827957093226,-2.291212328690913,-0.3105429950513769
12.0,198.0,1004.167236328125,-3.4635392899015183,-4.725985430952498,-1.436315800750979,2.1334699404495807,2.7982754155813705,1.7767159887543056,0.2648749546595169,1.3968827957093226,-2.291212157389966,-0.3105429950513836
12.0,198.0,1004.167236328125,-3.4635392900222595,-4.725968538792387,-1.4363158007431394,2.1334699404495807,2.798275743946005,1.7767159887542958,0.2648749546595169,1.3968827957093226,-2.2912123376319427,-0.3105429950513769
12.0,198.0,1004.167236328125,-3.4635392763814337,-4.725973512654409,-1.4363158006266483,2.1334699404495807,2.798275415685602,1.7767159887538255,0.2648749546595165,1.3968827957093226,-2.2912121662586014,-0.3105429950513682
12.0,198.0,1004.167236328125,-3.4635392900259503,-4.725968613605994,-1.4363158007431394,2.1334699404495807,2.7982757432990346,1.776715988753491,0.2648749546595169,1.3968827957093226,-2.2912121579643183,-0.3105429950513769
12.0,198.0,1004.167236328125,-3.463539289953581,-4.725969576818264,-1.4363158007431394,2.1334699404495807,2.798289249691571,1.7767159887542958,0.2648749546595169,1.3968827957093226,-2.291212149267071,-0.3105429950513769
12.0,198.0,1004.167236328125,-3.463539276714946,-4.726017679920672,-1.4363158006258083,2.1334699404495807,2.79829145010852,1.7767159887543362,0.2648749546595169,1.3968827957093226,-2.2912123219930134,-0.3105429950513764
12.0,199.0,1004.167236328125,-3.4635392900194164,-4.726000887583536,-1.4363158007510577,2.1334699404495807,2.7982928229537487,1.7767159887542958,0.2648749546595169,1.3968827957093226,-2.2912123312354824,-0.3105429950513769
12.0,199.0,1004.167236328125,-3.4635392900194164,-4.725985295446133,-1.4363158007510577,2.1334699404495807,2.7982928229537487,1.7767159887542958,0.2648749546595169,1.3968827957093226,-2.2912123208915744,-0.3105429950513769
12.0,199.0,1004.167236328125,-3.463539277557831,-4.726008336588709,-1.436315800622839,2.1334699404495807,2.798291462904768,1.776715988753454,0.2648749546595169,1.3968827957093226,-2.291212330326625,-0.3105429950513764
12.0,199.0,1004.167236328125,-3.4635392900194164,-4.725985295446133,-1.4363158006257872,2.1334699404495807,2.7982928229537487,1.7767159887543251,0.2648749546595169,1.3968827957093226,-2.291212329875026,-0.3105429950513769
12.0,199.0,1004.167236328125,-3.463539277557831,-4.72601754992648,-1.4363158006258083,2.1334699404495807,2.798291462904768,1.7767159887534585,0.2648749546595169,1.3968827957093226,-2.291212329050014,-0.3105429950513764
12.0,199.0,1004.167236328125,-3.4635392900194164,-4.726000887583536,-1.4363158007510577,2.1334699404495807,2.7982928229537487,1.7767159887542958,0.2648749546595169,1.3968827957093226,-2.2912123312354824,-0.3105429950513769
12.0,199.0,1004.167236328125,-3.463539289741936,-4.725968538792387,-1.4363158007431394,2.1334699404495807,2.798275743946005,1.7767159887542958,0.2648749546595169,1.3968827957093226,-2.291212148883295,-0.3105429950513769
12.0,199.0,1004.167236328125,-3.463539277557831,-4.725990299802407,-1.4363158006085932,2.1334699404495807,2.798292858619947,1.7767159887340211,0.2648749546595169,1.3968827957093226,-2.291212157389966,-0.3105429950512113
12.0,199.0,1004.167236328125,-3.463539276714946,-4.72601754992648,-1.4363158006258083,2.1334699404495807,2.798291470364918,1.7767159887534585,0.2648749546595169,1.3968827957093226,-2.291212329050014,-0.3105429950513764
12.0,199.0,1004.167236328125,-3.4635392888953223,-4.725968538792387,-1.4363158007431394,2.1334699404495807,2.798275410374309,1.7767159887542958,0.2648749546595169,1.3968827957093226,-2.291212149267071,-0.3105429950513769
12.0,199.0,1004.167236328125,-3.463539276394739,-4.725973512654409,-1.4363158007420018,2.1334699404495807,2.7982751943497948,1.7767159887538255,0.2648749546594354,1.3968827957093226,-2.29121233252424,-0.3105429950513682
12.0,199.0,1004.167236328125,-3.4635392900194164,-4.726000887583536,-1.436315800743102,2.1334699404495807,2.7982928229537487,1.7767159887542978,0.2648749546595169,1.3968827957093226,-2.2912123312354824,-0.3105429950513769
12.0,199.0,1004.167236328125,-3.463539276714946,-4.72601754992648,-1.4363158006258083,2.1334699404495807,2.798291462888963,1.7767159887534585,0.2648749546595169,1.3968827957093226,-2.291212329050014,-0.3105429950513764
12.0,199.0,1004.167236328125,-3.4635392895946167,-4.725985295446133,-1.4363158005918342,2.1334699404495807,2.7982928229537487,1.7767159887336834,0.2648749546595169,1.3968827957093226,-2.291212152079617,-0.3105429950513883
12.0,199.0,1004.167236328125,-3.4635392900222595,-4.725968538792387,-1.4363158007431394,2.1334699404495807,2.798275743946005,1.7767159887542958,0.2648749546595169,1.3968827957093226,-2.2912123376319427,-0.3105429950513769
12.0,199.0,1004.167236328125,-3.463539277557831,-4.726020428273575,-1.4363158006258083,2.1334699404495807,2.798292799531461,1.7767159887534585,0.2648749546595169,1.3968827957093226,-2.291212329050014,-0.3105429950513764
12.0,199.0,1004.167236328125,-3.4635392764063115,-4.725973512654409,-1.4363158007421024,2.1334699404495807,2.798275415685602,1.7767159887538255,0.2648749546594354,1.3968827957093226,-2.2912121613034846,-0.3105429950513682
12.0,199.0,1004.167236328125,-3.463539289739092,-4.726000887583536,-1.436315800743102,2.1334699404495807,2.7982928229537487,1.7767159887542978,0.2648749546595169,1.3968827957093226,-2.2912121424868346,-0.3105429950513769
12.0,199.0,1004.167236328125,-3.463539277557831,-4.726008336588709,-1.436315800622839,2.1334699404495807,2.798291462904768,1.776715988753454,0.2648749546595169,1.3968827957093226,-2.291212330326625,-0.3105429950513764
12.0,199.0,1004.167236328125,-3.463539277557831,-4.725987517477963,-1.436315800746894,2.1334699404495807,2.798275919296416,1.776715988753491,0.2648749546595169,1.3968827957093226,-2.291212157389966,-0.3105429950513836
12.0,199.0,1004.167236328125,-3.46353928961413,-4.725974774800017,-1.436315800743088,2.1334699404495807,2.798275406983235,1.7767159887542958,0.2648749546595169,1.3968827957093226,-2.291212157389966,-0.3105429950513836
12.0,199.0,1004.167236328125,-3.463539277557831,-4.726001219065939,-1.4363158007403765,2.1334699404495807,2.7982754155813705,1.7767159887340211,0.2648749546595169,1.3968827957093226,-2.2912121570375463,-0.3105429950512052
12.0,199.0,1004.167236328125,-3.4635392899996003,-4.726000887583536,-1.4363158007510577,2.1334699404495807,2.7982928229537487,1.7767159887542958,0.2648749546595169,1.3968827957093226,-2.2912123312354824,-0.3105429950513769
12.0,199.0,1004.167236328125,-3.463539277557831,-4.726005923882742,-1.4363158007476762,2.1334699404495807,2.798276379956081,1.7767159887542958,0.2648749546595169,1.3968827957093226,-2.291212348038273,-0.3105429950513836
12.0,199.0,1004.167236328125,-3.463539292104246,-4.725967746771516,-1.4363158007431394,2.1334699404495807,2.7982757342770053,1.7767159887543005,0.2648749546595169,1.3968827957093226,-2.291212324603732,-0.3105429950513769
12.0,199.0,1004.167236328125,-3.463539289029387,-4.725968538792387,-1.4363158007431498,2.1334699404495807,2.798275415652001,1.7767159887542958,0.2648749546595169,1.3968827957093226,-2.291212149267071,-0.3105429950513769
12.0,199.0,1004.167236328125,-3.4635392900194164,-4.726000887583536,-1.436315800743102,2.1334699404495807,2.7982928229537487,1.7767159887542978,0.2648749546595169,1.3968827957093226,-2.2912123312354824,-0.3105429950513769
12.0,199.0,1004.167236328125,-3.463539276394739,-4.725973512654409,-1.4363158007420018,2.1334699404495807,2.7982751943497948,1.7767159887538255,0.2648749546594354,1.3968827957093226,-2.29121233252424,-0.3105429950513682
12.0,199.0,1004.167236328125,-3.4635392900194164,-4.725992142496716,-1.4363158006257872,2.1334699404495807,2.798273203833453,1.7767159887543251,0.2648749546595169,1.3968827957093226,-2.2912123313718613,-0.3105429950513769
12.0,199.0,1004.167236328125,-3.463539277557831,-4.726008232379866,-1.436315800622839,2.1334699404495807,2.798291444456774,1.776715988753454,0.2648749546595169,1.3968827957093226,-2.291212314399881,-0.3105429950513764
12.0,199.0,1004.167236328125,-3.463539277557831,-4.726008336588709,-1.436315800622839,2.1334699404495807,2.7982913046039206,1.776715988753454,0.2648749546595169,1.3968827957093226,-2.291212330421545,-0.3105429950513764
12.0,199.0,1004.167236328125,-3.4635392767201845,-4.726017483153338,-1.4363158006258083,2.1334699404495807,2.7982929483605963,1.7767159887534585,0.2648749546595169,1.3968827957093226,-2.291212329050014,-0.3105429950513764
12.0,199.0,1004.167236328125,-3.463539276807547,-4.726001118678911,-1.4363158006290586,2.1334699404495807,2.7982928217421787,1.7767159887534585,0.2648749546595169,1.3968827957093226,-2.291212329050014,-0.3105429950513764
12.0,199.0,1004.167236328125,-3.4635392900259503,-4.725968538792387,-1.4363158007431394,2.1334699404495807,2.798275743946005,1.7767159887542958,0.2648749546595169,1.3968827957093226,-2.2912123376319427,-0.3105429950513769
12.0,199.0,1004.167236328125,-3.463539277557831,-4.726008336588709,-1.4363158006261418,2.1334699404495807,2.7982904985300574,1.776715988753454,0.2648749546595169,1.3968827957093226,-2.291212139678318,-0.3105429950513764
12.0,199.0,1004.167236328125,-3.4635392900194164,-4.726000887583536,-1.4363158007510577,2.1334699404495807,2.7982928229537487,1.7767159887542958,0.2648749546595169,1.3968827957093226,-2.2912123312354824,-0.3105429950513769
12.0,199.0,1004.167236328125,-3.463539277557831,-4.726008336588709,-1.436315800622839,2.1334699404495807,2.798291455249276,1.7767159887538282,0.2648749546595169,1.3968827957093226,-2.2912123325680613,-0.3105429950513764
12.0,199.0,1004.167236328125,-3.463539277557831,-4.725987442664355,-1.436315800746894,2.1334699404495807,2.798275919943386,1.7767159887542956,0.2648749546595169,1.3968827957093226,-2.291212337057591,-0.3105429950513836
12.0,199.0,1004.167236328125,-3.463539291661211,-4.725988553756607,-1.4363158007431394,2.1334699404495807,2.7982761628889894,1.7767159887345558,0.2648749546595169,1.3968827957093226,-2.2912123245271427,-0.3105429950513769
12.0,199.0,1004.167236328125,-3.463539277557831,-4.726008336588709,-1.4363158006226648,2.1334699404495807,2.798291462904768,1.776715988753454,0.2648749546595169,1.3968827957093226,-2.291212327490197,-0.3105429950513764
12.0,199.0,1004.167236328125,-3.463539277557831,-4.726005923882742,-1.436315800750979,2.1334699404495807,2.798294680312849,1.7767159887542958,0.2648749546595169,1.3968827957093226,-2.2912123350512,-0.3105429950513836
12.0,199.0,1004.167236328125,-3.4635392900194164,-4.725992142496716,-1.4363158006257872,2.1334699404495807,2.798273203833453,1.7767159887543251,0.2648749546595169,1.3968827957093226,-2.2912123313718613,-0.3105429950513769
12.0,199.0,1004.167236328125,-3.463539289741936,-4.725968538792387,-1.436315800750879,2.1334699404495807,2.798275743946005,1.7767159887542958,0.2648749546595169,1.3968827957093226,-2.291212148883295,-0.3105429950513769
12.0,199.0,1004.167236328125,-3.463539289739092,-4.726000887583536,-1.436315800751132,2.1334699404495807,2.7982928229537487,1.7767159887542978,0.2648749546595169,1.3968827957093226,-2.291212328690913,-0.3105429950513769
12.0,199.0,1004.167236328125,-3.4635392899015183,-4.725985430952498,-1.436315800750979,2.1334699404495807,2.7982754155813705,1.7767159887543056,0.2648749546595169,1.3968827957093226,-2.291212157389966,-0.3105429950513836
12.0,199.0,1004.167236328125,-3.4635392900222595,-4.725968538792387,-1.4363158007431394,2.1334699404495807,2.798275743946005,1.7767159887542958,0.2648749546595169,1.3968827957093226,-2.2912123376319427,-0.3105429950513769
12.0,199.0,1004.167236328125,-3.4635392763814337,-4.725973512654409,-1.4363158006266483,2.1334699404495807,2.798275415685602,1.7767159887538255,0.2648749546595165,1.3968827957093226,-2.2912121662586014,-0.3105429950513682
12.0,199.0,1004.167236328125,-3.4635392900259503,-4.725968613605994,-1.4363158007431394,2.1334699404495807,2.7982757432990346,1.776715988753491,0.2648749546595169,1.3968827957093226,-2.2912121579643183,-0.3105429950513769
12.0,199.0,1004.167236328125,-3.463539289953581,-4.725969576818264,-1.4363158007431394,2.1334699404495807,2.798289249691571,1.7767159887542958,0.2648749546595169,1.3968827957093226,-2.291212149267071,-0.3105429950513769
12.0,199.0,1004.167236328125,-3.463539276714946,-4.726017679920672,-1.4363158006258083,2.1334699404495807,2.79829145010852,1.7767159887543362,0.2648749546595169,1.3968827957093226,-2.2912123219930134,-0.3105429950513764
12.0,200.0,1004.167236328125,-3.4635392900194164,-4.726000887583536,-1.4363158007510577,2.1334699404495807,2.7982928229537487,1.7767159887542958,0.2648749546595169,1.3968827957093226,-2.2912123312354824,-0.3105429950513769
12.0,200.0,1004.167236328125,-3.4635392900194164,-4.725985295446133,-1.4363158007510577,2.1334699404495807,2.7982928229537487,1.7767159887542958,0.2648749546595169,1.3968827957093226,-2.2912123208915744,-0.3105429950513769
12.0,200.0,1004.167236328125,-3.463539277557831,-4.726008336588709,-1.436315800622839,2.1334699404495807,2.798291462904768,1.776715988753454,0.2648749546595169,1.3968827957093226,-2.291212330326625,-0.3105429950513764
12.0,200.0,1004.167236328125,-3.4635392900194164,-4.725985295446133,-1.4363158006257872,2.1334699404495807,2.7982928229537487,1.7767159887543251,0.2648749546595169,1.3968827957093226,-2.291212329875026,-0.3105429950513769
12.0,200.0,1004.167236328125,-3.463539277557831,-4.72601754992648,-1.4363158006258083,2.1334699404495807,2.798291462904768,1.7767159887534585,0.2648749546595169,1.3968827957093226,-2.291212329050014,-0.3105429950513764
12.0,200.0,1004.167236328125,-3.4635392900194164,-4.726000887583536,-1.4363158007510577,2.1334699404495807,2.7982928229537487,1.7767159887542958,0.2648749546595169,1.3968827957093226,-2.2912123312354824,-0.3105429950513769
12.0,200.0,1004.167236328125,-3.463539289741936,-4.725968538792387,-1.4363158007431394,2.1334699404495807,2.798275743946005,1.7767159887542958,0.2648749546595169,1.3968827957093226,-2.291212148883295,-0.3105429950513769
12.0,200.0,1004.167236328125,-3.463539277557831,-4.725990299802407,-1.4363158006085932,2.1334699404495807,2.798292858619947,1.7767159887340211,0.2648749546595169,1.3968827957093226,-2.291212157389966,-0.3105429950512113
12.0,200.0,1004.167236328125,-3.463539276714946,-4.72601754992648,-1.4363158006258083,2.1334699404495807,2.798291470364918,1.7767159887534585,0.2648749546595169,1.3968827957093226,-2.291212329050014,-0.3105429950513764
12.0,200.0,1004.167236328125,-3.4635392888953223,-4.725968538792387,-1.4363158007431394,2.1334699404495807,2.798275410374309,1.7767159887542958,0.2648749546595169,1.3968827957093226,-2.291212149267071,-0.3105429950513769
12.0,200.0,1004.167236328125,-3.463539276394739,-4.725973512654409,-1.4363158007420018,2.1334699404495807,2.7982751943497948,1.7767159887538255,0.2648749546594354,1.3968827957093226,-2.29121233252424,-0.3105429950513682
12.0,200.0,1004.167236328125,-3.4635392900194164,-4.726000887583536,-1.436315800743102,2.1334699404495807,2.7982928229537487,1.7767159887542978,0.2648749546595169,1.3968827957093226,-2.2912123312354824,-0.3105429950513769
12.0,200.0,1004.167236328125,-3.463539276714946,-4.72601754992648,-1.4363158006258083,2.1334699404495807,2.798291462888963,1.7767159887534585,0.2648749546595169,1.3968827957093226,-2.291212329050014,-0.3105429950513764
12.0,200.0,1004.167236328125,-3.4635392895946167,-4.725985295446133,-1.4363158005918342,2.1334699404495807,2.7982928229537487,1.7767159887336834,0.2648749546595169,1.3968827957093226,-2.291212152079617,-0.3105429950513883
12.0,200.0,1004.167236328125,-3.4635392900222595,-4.725968538792387,-1.4363158007431394,2.1334699404495807,2.798275743946005,1.7767159887542958,0.2648749546595169,1.3968827957093226,-2.2912123376319427,-0.3105429950513769
12.0,200.0,1004.167236328125,-3.463539277557831,-4.726020428273575,-1.4363158006258083,2.1334699404495807,2.798292799531461,1.7767159887534585,0.2648749546595169,1.3968827957093226,-2.291212329050014,-0.3105429950513764
12.0,200.0,1004.167236328125,-3.4635392764063115,-4.725973512654409,-1.4363158007421024,2.1334699404495807,2.798275415685602,1.7767159887538255,0.2648749546594354,1.3968827957093226,-2.2912121613034846,-0.3105429950513682
12.0,200.0,1004.167236328125,-3.463539289739092,-4.726000887583536,-1.436315800743102,2.1334699404495807,2.7982928229537487,1.7767159887542978,0.2648749546595169,1.3968827957093226,-2.2912121424868346,-0.3105429950513769
12.0,200.0,1004.167236328125,-3.463539277557831,-4.726008336588709,-1.436315800622839,2.1334699404495807,2.798291462904768,1.776715988753454,0.2648749546595169,1.3968827957093226,-2.291212330326625,-0.3105429950513764
12.0,200.0,1004.167236328125,-3.463539277557831,-4.725987517477963,-1.436315800746894,2.1334699404495807,2.798275919296416,1.776715988753491,0.2648749546595169,1.3968827957093226,-2.291212157389966,-0.3105429950513836
12.0,200.0,1004.167236328125,-3.46353928961413,-4.725974774800017,-1.436315800743088,2.1334699404495807,2.798275406983235,1.7767159887542958,0.2648749546595169,1.3968827957093226,-2.291212157389966,-0.3105429950513836
12.0,200.0,1004.167236328125,-3.463539277557831,-4.726001219065939,-1.4363158007403765,2.1334699404495807,2.7982754155813705,1.7767159887340211,0.2648749546595169,1.3968827957093226,-2.2912121570375463,-0.3105429950512052
12.0,200.0,1004.167236328125,-3.4635392899996003,-4.726000887583536,-1.4363158007510577,2.1334699404495807,2.7982928229537487,1.7767159887542958,0.2648749546595169,1.3968827957093226,-2.2912123312354824,-0.3105429950513769
12.0,200.0,1004.167236328125,-3.463539277557831,-4.726005923882742,-1.4363158007476762,2.1334699404495807,2.798276379956081,1.7767159887542958,0.2648749546595169,1.3968827957093226,-2.291212348038273,-0.3105429950513836
12.0,200.0,1004.167236328125,-3.463539292104246,-4.725967746771516,-1.4363158007431394,2.1334699404495807,2.7982757342770053,1.7767159887543005,0.2648749546595169,1.3968827957093226,-2.291212324603732,-0.3105429950513769
12.0,200.0,1004.167236328125,-3.463539289029387,-4.725968538792387,-1.4363158007431498,2.1334699404495807,2.798275415652001,1.7767159887542958,0.2648749546595169,1.3968827957093226,-2.291212149267071,-0.3105429950513769
12.0,200.0,1004.167236328125,-3.4635392900194164,-4.726000887583536,-1.436315800743102,2.1334699404495807,2.7982928229537487,1.7767159887542978,0.2648749546595169,1.3968827957093226,-2.2912123312354824,-0.3105429950513769
12.0,200.0,1004.167236328125,-3.463539276394739,-4.725973512654409,-1.4363158007420018,2.1334699404495807,2.7982751943497948,1.7767159887538255,0.2648749546594354,1.3968827957093226,-2.29121233252424,-0.3105429950513682
12.0,200.0,1004.167236328125,-3.4635392900194164,-4.725992142496716,-1.4363158006257872,2.1334699404495807,2.798273203833453,1.7767159887543251,0.2648749546595169,1.3968827957093226,-2.2912123313718613,-0.3105429950513769
12.0,200.0,1004.167236328125,-3.463539277557831,-4.726008232379866,-1.436315800622839,2.1334699404495807,2.798291444456774,1.776715988753454,0.2648749546595169,1.3968827957093226,-2.291212314399881,-0.3105429950513764
12.0,200.0,1004.167236328125,-3.463539277557831,-4.726008336588709,-1.436315800622839,2.1334699404495807,2.7982913046039206,1.776715988753454,0.2648749546595169,1.3968827957093226,-2.291212330421545,-0.3105429950513764
12.0,200.0,1004.167236328125,-3.4635392767201845,-4.726017483153338,-1.4363158006258083,2.1334699404495807,2.7982929483605963,1.7767159887534585,0.2648749546595169,1.3968827957093226,-2.291212329050014,-0.3105429950513764
12.0,200.0,1004.167236328125,-3.463539276807547,-4.726001118678911,-1.4363158006290586,2.1334699404495807,2.7982928217421787,1.7767159887534585,0.2648749546595169,1.3968827957093226,-2.291212329050014,-0.3105429950513764
12.0,200.0,1004.167236328125,-3.4635392900259503,-4.725968538792387,-1.4363158007431394,2.1334699404495807,2.798275743946005,1.7767159887542958,0.2648749546595169,1.3968827957093226,-2.2912123376319427,-0.3105429950513769
12.0,200.0,1004.167236328125,-3.463539277557831,-4.726008336588709,-1.4363158006261418,2.1334699404495807,2.7982904985300574,1.776715988753454,0.2648749546595169,1.3968827957093226,-2.291212139678318,-0.3105429950513764
12.0,200.0,1004.167236328125,-3.4635392900194164,-4.726000887583536,-1.4363158007510577,2.1334699404495807,2.7982928229537487,1.7767159887542958,0.2648749546595169,1.3968827957093226,-2.2912123312354824,-0.3105429950513769
12.0,200.0,1004.167236328125,-3.463539277557831,-4.726008336588709,-1.436315800622839,2.1334699404495807,2.798291455249276,1.7767159887538282,0.2648749546595169,1.3968827957093226,-2.2912123325680613,-0.3105429950513764
12.0,200.0,1004.167236328125,-3.463539277557831,-4.725987442664355,-1.436315800746894,2.1334699404495807,2.798275919943386,1.7767159887542956,0.2648749546595169,1.3968827957093226,-2.291212337057591,-0.3105429950513836
12.0,200.0,1004.167236328125,-3.463539291661211,-4.725988553756607,-1.4363158007431394,2.1334699404495807,2.7982761628889894,1.7767159887345558,0.2648749546595169,1.3968827957093226,-2.2912123245271427,-0.3105429950513769
12.0,200.0,1004.167236328125,-3.463539277557831,-4.726008336588709,-1.4363158006226648,2.1334699404495807,2.798291462904768,1.776715988753454,0.2648749546595169,1.3968827957093226,-2.291212327490197,-0.3105429950513764
12.0,200.0,1004.167236328125,-3.463539277557831,-4.726005923882742,-1.436315800750979,2.1334699404495807,2.798294680312849,1.7767159887542958,0.2648749546595169,1.3968827957093226,-2.2912123350512,-0.3105429950513836
12.0,200.0,1004.167236328125,-3.4635392900194164,-4.725992142496716,-1.4363158006257872,2.1334699404495807,2.798273203833453,1.7767159887543251,0.2648749546595169,1.3968827957093226,-2.2912123313718613,-0.3105429950513769
12.0,200.0,1004.167236328125,-3.463539289741936,-4.725968538792387,-1.436315800750879,2.1334699404495807,2.798275743946005,1.7767159887542958,0.2648749546595169,1.3968827957093226,-2.291212148883295,-0.3105429950513769
12.0,200.0,1004.167236328125,-3.463539289739092,-4.726000887583536,-1.436315800751132,2.1334699404495807,2.7982928229537487,1.7767159887542978,0.2648749546595169,1.3968827957093226,-2.291212328690913,-0.3105429950513769
12.0,200.0,1004.167236328125,-3.4635392899015183,-4.725985430952498,-1.436315800750979,2.1334699404495807,2.7982754155813705,1.7767159887543056,0.2648749546595169,1.3968827957093226,-2.291212157389966,-0.3105429950513836
12.0,200.0,1004.167236328125,-3.4635392900222595,-4.725968538792387,-1.4363158007431394,2.1334699404495807,2.798275743946005,1.7767159887542958,0.2648749546595169,1.3968827957093226,-2.2912123376319427,-0.3105429950513769
12.0,200.0,1004.167236328125,-3.4635392763814337,-4.725973512654409,-1.4363158006266483,2.1334699404495807,2.798275415685602,1.7767159887538255,0.2648749546595165,1.3968827957093226,-2.2912121662586014,-0.3105429950513682
12.0,200.0,1004.167236328125,-3.4635392900259503,-4.725968613605994,-1.4363158007431394,2.1334699404495807,2.7982757432990346,1.776715988753491,0.2648749546595169,1.3968827957093226,-2.2912121579643183,-0.3105429950513769
12.0,200.0,1004.167236328125,-3.463539289953581,-4.725969576818264,-1.4363158007431394,2.1334699404495807,2.798289249691571,1.7767159887542958,0.2648749546595169,1.3968827957093226,-2.291212149267071,-0.3105429950513769
12.0,200.0,1004.167236328125,-3.463539276714946,-4.726017679920672,-1.4363158006258083,2.1334699404495807,2.79829145010852,1.7767159887543362,0.2648749546595169,1.3968827957093226,-2.2912123219930134,-0.3105429950513764
12.0,201.0,1004.167236328125,-3.4635392900194164,-4.726000887583536,-1.4363158007510577,2.1334699404495807,2.7982928229537487,1.7767159887542958,0.2648749546595169,1.3968827957093226,-2.2912123312354824,-0.3105429950513769
12.0,201.0,1004.167236328125,-3.4635392900194164,-4.725985295446133,-1.4363158007510577,2.1334699404495807,2.7982928229537487,1.7767159887542958,0.2648749546595169,1.3968827957093226,-2.2912123208915744,-0.3105429950513769
12.0,201.0,1004.167236328125,-3.463539277557831,-4.726008336588709,-1.436315800622839,2.1334699404495807,2.798291462904768,1.776715988753454,0.2648749546595169,1.3968827957093226,-2.291212330326625,-0.3105429950513764
12.0,201.0,1004.167236328125,-3.4635392900194164,-4.725985295446133,-1.4363158006257872,2.1334699404495807,2.7982928229537487,1.7767159887543251,0.2648749546595169,1.3968827957093226,-2.291212329875026,-0.3105429950513769
12.0,201.0,1004.167236328125,-3.463539277557831,-4.72601754992648,-1.4363158006258083,2.1334699404495807,2.798291462904768,1.7767159887534585,0.2648749546595169,1.3968827957093226,-2.291212329050014,-0.3105429950513764
12.0,201.0,1004.167236328125,-3.4635392900194164,-4.726000887583536,-1.4363158007510577,2.1334699404495807,2.7982928229537487,1.7767159887542958,0.2648749546595169,1.3968827957093226,-2.2912123312354824,-0.3105429950513769
12.0,201.0,1004.167236328125,-3.463539289741936,-4.725968538792387,-1.4363158007431394,2.1334699404495807,2.798275743946005,1.7767159887542958,0.2648749546595169,1.3968827957093226,-2.291212148883295,-0.3105429950513769
12.0,201.0,1004.167236328125,-3.463539277557831,-4.725990299802407,-1.4363158006085932,2.1334699404495807,2.798292858619947,1.7767159887340211,0.2648749546595169,1.3968827957093226,-2.291212157389966,-0.3105429950512113
12.0,201.0,1004.167236328125,-3.463539276714946,-4.72601754992648,-1.4363158006258083,2.1334699404495807,2.798291470364918,1.7767159887534585,0.2648749546595169,1.3968827957093226,-2.291212329050014,-0.3105429950513764
12.0,201.0,1004.167236328125,-3.4635392888953223,-4.725968538792387,-1.4363158007431394,2.1334699404495807,2.798275410374309,1.7767159887542958,0.2648749546595169,1.3968827957093226,-2.291212149267071,-0.3105429950513769
12.0,201.0,1004.167236328125,-3.463539276394739,-4.725973512654409,-1.4363158007420018,2.1334699404495807,2.7982751943497948,1.7767159887538255,0.2648749546594354,1.3968827957093226,-2.29121233252424,-0.3105429950513682
12.0,201.0,1004.167236328125,-3.4635392900194164,-4.726000887583536,-1.436315800743102,2.1334699404495807,2.7982928229537487,1.7767159887542978,0.2648749546595169,1.3968827957093226,-2.2912123312354824,-0.3105429950513769
12.0,201.0,1004.167236328125,-3.463539276714946,-4.72601754992648,-1.4363158006258083,2.1334699404495807,2.798291462888963,1.7767159887534585,0.2648749546595169,1.3968827957093226,-2.291212329050014,-0.3105429950513764
12.0,201.0,1004.167236328125,-3.4635392895946167,-4.725985295446133,-1.4363158005918342,2.1334699404495807,2.7982928229537487,1.7767159887336834,0.2648749546595169,1.3968827957093226,-2.291212152079617,-0.3105429950513883
12.0,201.0,1004.167236328125,-3.4635392900222595,-4.725968538792387,-1.4363158007431394,2.1334699404495807,2.798275743946005,1.7767159887542958,0.2648749546595169,1.3968827957093226,-2.2912123376319427,-0.3105429950513769
12.0,201.0,1004.167236328125,-3.463539277557831,-4.726020428273575,-1.4363158006258083,2.1334699404495807,2.798292799531461,1.7767159887534585,0.2648749546595169,1.3968827957093226,-2.291212329050014,-0.3105429950513764
12.0,201.0,1004.167236328125,-3.4635392764063115,-4.725973512654409,-1.4363158007421024,2.1334699404495807,2.798275415685602,1.7767159887538255,0.2648749546594354,1.3968827957093226,-2.2912121613034846,-0.3105429950513682
12.0,201.0,1004.167236328125,-3.463539289739092,-4.726000887583536,-1.436315800743102,2.1334699404495807,2.7982928229537487,1.7767159887542978,0.2648749546595169,1.3968827957093226,-2.2912121424868346,-0.3105429950513769
12.0,201.0,1004.167236328125,-3.463539277557831,-4.726008336588709,-1.436315800622839,2.1334699404495807,2.798291462904768,1.776715988753454,0.2648749546595169,1.3968827957093226,-2.291212330326625,-0.3105429950513764
12.0,201.0,1004.167236328125,-3.463539277557831,-4.725987517477963,-1.436315800746894,2.1334699404495807,2.798275919296416,1.776715988753491,0.2648749546595169,1.3968827957093226,-2.291212157389966,-0.3105429950513836
12.0,201.0,1004.167236328125,-3.46353928961413,-4.725974774800017,-1.436315800743088,2.1334699404495807,2.798275406983235,1.7767159887542958,0.2648749546595169,1.3968827957093226,-2.291212157389966,-0.3105429950513836
12.0,201.0,1004.167236328125,-3.463539277557831,-4.726001219065939,-1.4363158007403765,2.1334699404495807,2.7982754155813705,1.7767159887340211,0.2648749546595169,1.3968827957093226,-2.2912121570375463,-0.3105429950512052
12.0,201.0,1004.167236328125,-3.4635392899996003,-4.726000887583536,-1.4363158007510577,2.1334699404495807,2.7982928229537487,1.7767159887542958,0.2648749546595169,1.3968827957093226,-2.2912123312354824,-0.3105429950513769
12.0,201.0,1004.167236328125,-3.463539277557831,-4.726005923882742,-1.4363158007476762,2.1334699404495807,2.798276379956081,1.7767159887542958,0.2648749546595169,1.3968827957093226,-2.291212348038273,-0.3105429950513836
12.0,201.0,1004.167236328125,-3.463539292104246,-4.725967746771516,-1.4363158007431394,2.1334699404495807,2.7982757342770053,1.7767159887543005,0.2648749546595169,1.3968827957093226,-2.291212324603732,-0.3105429950513769
12.0,201.0,1004.167236328125,-3.463539289029387,-4.725968538792387,-1.4363158007431498,2.1334699404495807,2.798275415652001,1.7767159887542958,0.2648749546595169,1.3968827957093226,-2.291212149267071,-0.3105429950513769
12.0,201.0,1004.167236328125,-3.4635392900194164,-4.726000887583536,-1.436315800743102,2.1334699404495807,2.7982928229537487,1.7767159887542978,0.2648749546595169,1.3968827957093226,-2.2912123312354824,-0.3105429950513769
12.0,201.0,1004.167236328125,-3.463539276394739,-4.725973512654409,-1.4363158007420018,2.1334699404495807,2.7982751943497948,1.7767159887538255,0.2648749546594354,1.3968827957093226,-2.29121233252424,-0.3105429950513682
12.0,201.0,1004.167236328125,-3.4635392900194164,-4.725992142496716,-1.4363158006257872,2.1334699404495807,2.798273203833453,1.7767159887543251,0.2648749546595169,1.3968827957093226,-2.2912123313718613,-0.3105429950513769
12.0,201.0,1004.167236328125,-3.463539277557831,-4.726008232379866,-1.436315800622839,2.1334699404495807,2.798291444456774,1.776715988753454,0.2648749546595169,1.3968827957093226,-2.291212314399881,-0.3105429950513764
12.0,201.0,1004.167236328125,-3.463539277557831,-4.726008336588709,-1.436315800622839,2.1334699404495807,2.7982913046039206,1.776715988753454,0.2648749546595169,1.3968827957093226,-2.291212330421545,-0.3105429950513764
12.0,201.0,1004.167236328125,-3.4635392767201845,-4.726017483153338,-1.4363158006258083,2.1334699404495807,2.7982929483605963,1.7767159887534585,0.2648749546595169,1.3968827957093226,-2.291212329050014,-0.3105429950513764
12.0,201.0,1004.167236328125,-3.463539276807547,-4.726001118678911,-1.4363158006290586,2.1334699404495807,2.7982928217421787,1.7767159887534585,0.2648749546595169,1.3968827957093226,-2.291212329050014,-0.3105429950513764
12.0,201.0,1004.167236328125,-3.4635392900259503,-4.725968538792387,-1.4363158007431394,2.1334699404495807,2.798275743946005,1.7767159887542958,0.2648749546595169,1.3968827957093226,-2.2912123376319427,-0.3105429950513769
12.0,201.0,1004.167236328125,-3.463539277557831,-4.726008336588709,-1.4363158006261418,2.1334699404495807,2.7982904985300574,1.776715988753454,0.2648749546595169,1.3968827957093226,-2.291212139678318,-0.3105429950513764
12.0,201.0,1004.167236328125,-3.4635392900194164,-4.726000887583536,-1.4363158007510577,2.1334699404495807,2.7982928229537487,1.7767159887542958,0.2648749546595169,1.3968827957093226,-2.2912123312354824,-0.3105429950513769
12.0,201.0,1004.167236328125,-3.463539277557831,-4.726008336588709,-1.436315800622839,2.1334699404495807,2.798291455249276,1.7767159887538282,0.2648749546595169,1.3968827957093226,-2.2912123325680613,-0.3105429950513764
12.0,201.0,1004.167236328125,-3.463539277557831,-4.725987442664355,-1.436315800746894,2.1334699404495807,2.798275919943386,1.7767159887542956,0.2648749546595169,1.3968827957093226,-2.291212337057591,-0.3105429950513836
12.0,201.0,1004.167236328125,-3.463539291661211,-4.725988553756607,-1.4363158007431394,2.1334699404495807,2.7982761628889894,1.7767159887345558,0.2648749546595169,1.3968827957093226,-2.2912123245271427,-0.3105429950513769
12.0,201.0,1004.167236328125,-3.463539277557831,-4.726008336588709,-1.4363158006226648,2.1334699404495807,2.798291462904768,1.776715988753454,0.2648749546595169,1.3968827957093226,-2.291212327490197,-0.3105429950513764
12.0,201.0,1004.167236328125,-3.463539277557831,-4.726005923882742,-1.436315800750979,2.1334699404495807,2.798294680312849,1.7767159887542958,0.2648749546595169,1.3968827957093226,-2.2912123350512,-0.3105429950513836
12.0,201.0,1004.167236328125,-3.4635392900194164,-4.725992142496716,-1.4363158006257872,2.1334699404495807,2.798273203833453,1.7767159887543251,0.2648749546595169,1.3968827957093226,-2.2912123313718613,-0.3105429950513769
12.0,201.0,1004.167236328125,-3.463539289741936,-4.725968538792387,-1.436315800750879,2.1334699404495807,2.798275743946005,1.7767159887542958,0.2648749546595169,1.3968827957093226,-2.291212148883295,-0.3105429950513769
12.0,201.0,1004.167236328125,-3.463539289739092,-4.726000887583536,-1.436315800751132,2.1334699404495807,2.7982928229537487,1.7767159887542978,0.2648749546595169,1.3968827957093226,-2.291212328690913,-0.3105429950513769
12.0,201.0,1004.167236328125,-3.4635392899015183,-4.725985430952498,-1.436315800750979,2.1334699404495807,2.7982754155813705,1.7767159887543056,0.2648749546595169,1.3968827957093226,-2.291212157389966,-0.3105429950513836
12.0,201.0,1004.167236328125,-3.4635392900222595,-4.725968538792387,-1.4363158007431394,2.1334699404495807,2.798275743946005,1.7767159887542958,0.2648749546595169,1.3968827957093226,-2.2912123376319427,-0.3105429950513769
12.0,201.0,1004.167236328125,-3.4635392763814337,-4.725973512654409,-1.4363158006266483,2.1334699404495807,2.798275415685602,1.7767159887538255,0.2648749546595165,1.3968827957093226,-2.2912121662586014,-0.3105429950513682
12.0,201.0,1004.167236328125,-3.4635392900259503,-4.725968613605994,-1.4363158007431394,2.1334699404495807,2.7982757432990346,1.776715988753491,0.2648749546595169,1.3968827957093226,-2.2912121579643183,-0.3105429950513769
12.0,201.0,1004.167236328125,-3.463539289953581,-4.725969576818264,-1.4363158007431394,2.1334699404495807,2.798289249691571,1.7767159887542958,0.2648749546595169,1.3968827957093226,-2.291212149267071,-0.3105429950513769
12.0,201.0,1004.167236328125,-3.463539276714946,-4.726017679920672,-1.4363158006258083,2.1334699404495807,2.79829145010852,1.7767159887543362,0.2648749546595169,1.3968827957093226,-2.2912123219930134,-0.3105429950513764
12.0,202.0,1004.167236328125,-3.4635392900194164,-4.726000887583536,-1.4363158007510577,2.1334699404495807,2.7982928229537487,1.7767159887542958,0.2648749546595169,1.3968827957093226,-2.2912123312354824,-0.3105429950513769
12.0,202.0,1004.167236328125,-3.4635392900194164,-4.725985295446133,-1.4363158007510577,2.1334699404495807,2.7982928229537487,1.7767159887542958,0.2648749546595169,1.3968827957093226,-2.2912123208915744,-0.3105429950513769
12.0,202.0,1004.167236328125,-3.463539277557831,-4.726008336588709,-1.436315800622839,2.1334699404495807,2.798291462904768,1.776715988753454,0.2648749546595169,1.3968827957093226,-2.291212330326625,-0.3105429950513764
12.0,202.0,1004.167236328125,-3.4635392900194164,-4.725985295446133,-1.4363158006257872,2.1334699404495807,2.7982928229537487,1.7767159887543251,0.2648749546595169,1.3968827957093226,-2.291212329875026,-0.3105429950513769
12.0,202.0,1004.167236328125,-3.463539277557831,-4.72601754992648,-1.4363158006258083,2.1334699404495807,2.798291462904768,1.7767159887534585,0.2648749546595169,1.3968827957093226,-2.291212329050014,-0.3105429950513764
12.0,202.0,1004.167236328125,-3.4635392900194164,-4.726000887583536,-1.4363158007510577,2.1334699404495807,2.7982928229537487,1.7767159887542958,0.2648749546595169,1.3968827957093226,-2.2912123312354824,-0.3105429950513769
12.0,202.0,1004.167236328125,-3.463539289741936,-4.725968538792387,-1.4363158007431394,2.1334699404495807,2.798275743946005,1.7767159887542958,0.2648749546595169,1.3968827957093226,-2.291212148883295,-0.3105429950513769
12.0,202.0,1004.167236328125,-3.463539277557831,-4.725990299802407,-1.4363158006085932,2.1334699404495807,2.798292858619947,1.7767159887340211,0.2648749546595169,1.3968827957093226,-2.291212157389966,-0.3105429950512113
12.0,202.0,1004.167236328125,-3.463539276714946,-4.72601754992648,-1.4363158006258083,2.1334699404495807,2.798291470364918,1.7767159887534585,0.2648749546595169,1.3968827957093226,-2.291212329050014,-0.3105429950513764
12.0,202.0,1004.167236328125,-3.4635392888953223,-4.725968538792387,-1.4363158007431394,2.1334699404495807,2.798275410374309,1.7767159887542958,0.2648749546595169,1.3968827957093226,-2.291212149267071,-0.3105429950513769
12.0,202.0,1004.167236328125,-3.463539276394739,-4.725973512654409,-1.4363158007420018,2.1334699404495807,2.7982751943497948,1.7767159887538255,0.2648749546594354,1.3968827957093226,-2.29121233252424,-0.3105429950513682
12.0,202.0,1004.167236328125,-3.4635392900194164,-4.726000887583536,-1.436315800743102,2.1334699404495807,2.7982928229537487,1.7767159887542978,0.2648749546595169,1.3968827957093226,-2.2912123312354824,-0.3105429950513769
12.0,202.0,1004.167236328125,-3.463539276714946,-4.72601754992648,-1.4363158006258083,2.1334699404495807,2.798291462888963,1.7767159887534585,0.2648749546595169,1.3968827957093226,-2.291212329050014,-0.3105429950513764
12.0,202.0,1004.167236328125,-3.4635392895946167,-4.725985295446133,-1.4363158005918342,2.1334699404495807,2.7982928229537487,1.7767159887336834,0.2648749546595169,1.3968827957093226,-2.291212152079617,-0.3105429950513883
12.0,202.0,1004.167236328125,-3.4635392900222595,-4.725968538792387,-1.4363158007431394,2.1334699404495807,2.798275743946005,1.7767159887542958,0.2648749546595169,1.3968827957093226,-2.2912123376319427,-0.3105429950513769
12.0,202.0,1004.167236328125,-3.463539277557831,-4.726020428273575,-1.4363158006258083,2.1334699404495807,2.798292799531461,1.7767159887534585,0.2648749546595169,1.3968827957093226,-2.291212329050014,-0.3105429950513764
12.0,202.0,1004.167236328125,-3.4635392764063115,-4.725973512654409,-1.4363158007421024,2.1334699404495807,2.798275415685602,1.7767159887538255,0.2648749546594354,1.3968827957093226,-2.2912121613034846,-0.3105429950513682
12.0,202.0,1004.167236328125,-3.463539289739092,-4.726000887583536,-1.436315800743102,2.1334699404495807,2.7982928229537487,1.7767159887542978,0.2648749546595169,1.3968827957093226,-2.2912121424868346,-0.3105429950513769
12.0,202.0,1004.167236328125,-3.463539277557831,-4.726008336588709,-1.436315800622839,2.1334699404495807,2.798291462904768,1.776715988753454,0.2648749546595169,1.3968827957093226,-2.291212330326625,-0.3105429950513764
12.0,202.0,1004.167236328125,-3.463539277557831,-4.725987517477963,-1.436315800746894,2.1334699404495807,2.798275919296416,1.776715988753491,0.2648749546595169,1.3968827957093226,-2.291212157389966,-0.3105429950513836
12.0,202.0,1004.167236328125,-3.46353928961413,-4.725974774800017,-1.436315800743088,2.1334699404495807,2.798275406983235,1.7767159887542958,0.2648749546595169,1.3968827957093226,-2.291212157389966,-0.3105429950513836
12.0,202.0,1004.167236328125,-3.463539277557831,-4.726001219065939,-1.4363158007403765,2.1334699404495807,2.7982754155813705,1.7767159887340211,0.2648749546595169,1.3968827957093226,-2.2912121570375463,-0.3105429950512052
12.0,202.0,1004.167236328125,-3.4635392899996003,-4.726000887583536,-1.4363158007510577,2.1334699404495807,2.7982928229537487,1.7767159887542958,0.2648749546595169,1.3968827957093226,-2.2912123312354824,-0.3105429950513769
12.0,202.0,1004.167236328125,-3.463539277557831,-4.726005923882742,-1.4363158007476762,2.1334699404495807,2.798276379956081,1.7767159887542958,0.2648749546595169,1.3968827957093226,-2.291212348038273,-0.3105429950513836
12.0,202.0,1004.167236328125,-3.463539292104246,-4.725967746771516,-1.4363158007431394,2.1334699404495807,2.7982757342770053,1.7767159887543005,0.2648749546595169,1.3968827957093226,-2.291212324603732,-0.3105429950513769
12.0,202.0,1004.167236328125,-3.463539289029387,-4.725968538792387,-1.4363158007431498,2.1334699404495807,2.798275415652001,1.7767159887542958,0.2648749546595169,1.3968827957093226,-2.291212149267071,-0.3105429950513769
12.0,202.0,1004.167236328125,-3.4635392900194164,-4.726000887583536,-1.436315800743102,2.1334699404495807,2.7982928229537487,1.7767159887542978,0.2648749546595169,1.3968827957093226,-2.2912123312354824,-0.3105429950513769
12.0,202.0,1004.167236328125,-3.463539276394739,-4.725973512654409,-1.4363158007420018,2.1334699404495807,2.7982751943497948,1.7767159887538255,0.2648749546594354,1.3968827957093226,-2.29121233252424,-0.3105429950513682
12.0,202.0,1004.167236328125,-3.4635392900194164,-4.725992142496716,-1.4363158006257872,2.1334699404495807,2.798273203833453,1.7767159887543251,0.2648749546595169,1.3968827957093226,-2.2912123313718613,-0.3105429950513769
12.0,202.0,1004.167236328125,-3.463539277557831,-4.726008232379866,-1.436315800622839,2.1334699404495807,2.798291444456774,1.776715988753454,0.2648749546595169,1.3968827957093226,-2.291212314399881,-0.3105429950513764
12.0,202.0,1004.167236328125,-3.463539277557831,-4.726008336588709,-1.436315800622839,2.1334699404495807,2.7982913046039206,1.776715988753454,0.2648749546595169,1.3968827957093226,-2.291212330421545,-0.3105429950513764
12.0,202.0,1004.167236328125,-3.4635392767201845,-4.726017483153338,-1.4363158006258083,2.1334699404495807,2.7982929483605963,1.7767159887534585,0.2648749546595169,1.3968827957093226,-2.291212329050014,-0.3105429950513764
12.0,202.0,1004.167236328125,-3.463539276807547,-4.726001118678911,-1.4363158006290586,2.1334699404495807,2.7982928217421787,1.7767159887534585,0.2648749546595169,1.3968827957093226,-2.291212329050014,-0.3105429950513764
12.0,202.0,1004.167236328125,-3.4635392900259503,-4.725968538792387,-1.4363158007431394,2.1334699404495807,2.798275743946005,1.7767159887542958,0.2648749546595169,1.3968827957093226,-2.2912123376319427,-0.3105429950513769
12.0,202.0,1004.167236328125,-3.463539277557831,-4.726008336588709,-1.4363158006261418,2.1334699404495807,2.7982904985300574,1.776715988753454,0.2648749546595169,1.3968827957093226,-2.291212139678318,-0.3105429950513764
12.0,202.0,1004.167236328125,-3.4635392900194164,-4.726000887583536,-1.4363158007510577,2.1334699404495807,2.7982928229537487,1.7767159887542958,0.2648749546595169,1.3968827957093226,-2.2912123312354824,-0.3105429950513769
12.0,202.0,1004.167236328125,-3.463539277557831,-4.726008336588709,-1.436315800622839,2.1334699404495807,2.798291455249276,1.7767159887538282,0.2648749546595169,1.3968827957093226,-2.2912123325680613,-0.3105429950513764
12.0,202.0,1004.167236328125,-3.463539277557831,-4.725987442664355,-1.436315800746894,2.1334699404495807,2.798275919943386,1.7767159887542956,0.2648749546595169,1.3968827957093226,-2.291212337057591,-0.3105429950513836
12.0,202.0,1004.167236328125,-3.463539291661211,-4.725988553756607,-1.4363158007431394,2.1334699404495807,2.7982761628889894,1.7767159887345558,0.2648749546595169,1.3968827957093226,-2.2912123245271427,-0.3105429950513769
12.0,202.0,1004.167236328125,-3.463539277557831,-4.726008336588709,-1.4363158006226648,2.1334699404495807,2.798291462904768,1.776715988753454,0.2648749546595169,1.3968827957093226,-2.291212327490197,-0.3105429950513764
12.0,202.0,1004.167236328125,-3.463539277557831,-4.726005923882742,-1.436315800750979,2.1334699404495807,2.798294680312849,1.7767159887542958,0.2648749546595169,1.3968827957093226,-2.2912123350512,-0.3105429950513836
12.0,202.0,1004.167236328125,-3.4635392900194164,-4.725992142496716,-1.4363158006257872,2.1334699404495807,2.798273203833453,1.7767159887543251,0.2648749546595169,1.3968827957093226,-2.2912123313718613,-0.3105429950513769
12.0,202.0,1004.167236328125,-3.463539289741936,-4.725968538792387,-1.436315800750879,2.1334699404495807,2.798275743946005,1.7767159887542958,0.2648749546595169,1.3968827957093226,-2.291212148883295,-0.3105429950513769
12.0,202.0,1004.167236328125,-3.463539289739092,-4.726000887583536,-1.436315800751132,2.1334699404495807,2.7982928229537487,1.7767159887542978,0.2648749546595169,1.3968827957093226,-2.291212328690913,-0.3105429950513769
12.0,202.0,1004.167236328125,-3.4635392899015183,-4.725985430952498,-1.436315800750979,2.1334699404495807,2.7982754155813705,1.7767159887543056,0.2648749546595169,1.3968827957093226,-2.291212157389966,-0.3105429950513836
12.0,202.0,1004.167236328125,-3.4635392900222595,-4.725968538792387,-1.4363158007431394,2.1334699404495807,2.798275743946005,1.7767159887542958,0.2648749546595169,1.3968827957093226,-2.2912123376319427,-0.3105429950513769
12.0,202.0,1004.167236328125,-3.4635392763814337,-4.725973512654409,-1.4363158006266483,2.1334699404495807,2.798275415685602,1.7767159887538255,0.2648749546595165,1.3968827957093226,-2.2912121662586014,-0.3105429950513682
12.0,202.0,1004.167236328125,-3.4635392900259503,-4.725968613605994,-1.4363158007431394,2.1334699404495807,2.7982757432990346,1.776715988753491,0.2648749546595169,1.3968827957093226,-2.2912121579643183,-0.3105429950513769
12.0,202.0,1004.167236328125,-3.463539289953581,-4.725969576818264,-1.4363158007431394,2.1334699404495807,2.798289249691571,1.7767159887542958,0.2648749546595169,1.3968827957093226,-2.291212149267071,-0.3105429950513769
12.0,202.0,1004.167236328125,-3.463539276714946,-4.726017679920672,-1.4363158006258083,2.1334699404495807,2.79829145010852,1.7767159887543362,0.2648749546595169,1.3968827957093226,-2.2912123219930134,-0.3105429950513764
12.0,203.0,1004.167236328125,-3.4635392900194164,-4.726000887583536,-1.4363158007510577,2.1334699404495807,2.7982928229537487,1.7767159887542958,0.2648749546595169,1.3968827957093226,-2.2912123312354824,-0.3105429950513769
12.0,203.0,1004.167236328125,-3.4635392900194164,-4.725985295446133,-1.4363158007510577,2.1334699404495807,2.7982928229537487,1.7767159887542958,0.2648749546595169,1.3968827957093226,-2.2912123208915744,-0.3105429950513769
12.0,203.0,1004.167236328125,-3.463539277557831,-4.726008336588709,-1.436315800622839,2.1334699404495807,2.798291462904768,1.776715988753454,0.2648749546595169,1.3968827957093226,-2.291212330326625,-0.3105429950513764
12.0,203.0,1004.167236328125,-3.4635392900194164,-4.725985295446133,-1.4363158006257872,2.1334699404495807,2.7982928229537487,1.7767159887543251,0.2648749546595169,1.3968827957093226,-2.291212329875026,-0.3105429950513769
12.0,203.0,1004.167236328125,-3.463539277557831,-4.72601754992648,-1.4363158006258083,2.1334699404495807,2.798291462904768,1.7767159887534585,0.2648749546595169,1.3968827957093226,-2.291212329050014,-0.3105429950513764
12.0,203.0,1004.167236328125,-3.4635392900194164,-4.726000887583536,-1.4363158007510577,2.1334699404495807,2.7982928229537487,1.7767159887542958,0.2648749546595169,1.3968827957093226,-2.2912123312354824,-0.3105429950513769
12.0,203.0,1004.167236328125,-3.463539289741936,-4.725968538792387,-1.4363158007431394,2.1334699404495807,2.798275743946005,1.7767159887542958,0.2648749546595169,1.3968827957093226,-2.291212148883295,-0.3105429950513769
12.0,203.0,1004.167236328125,-3.463539277557831,-4.725990299802407,-1.4363158006085932,2.1334699404495807,2.798292858619947,1.7767159887340211,0.2648749546595169,1.3968827957093226,-2.291212157389966,-0.3105429950512113
12.0,203.0,1004.167236328125,-3.463539276714946,-4.72601754992648,-1.4363158006258083,2.1334699404495807,2.798291470364918,1.7767159887534585,0.2648749546595169,1.3968827957093226,-2.291212329050014,-0.3105429950513764
12.0,203.0,1004.167236328125,-3.4635392888953223,-4.725968538792387,-1.4363158007431394,2.1334699404495807,2.798275410374309,1.7767159887542958,0.2648749546595169,1.3968827957093226,-2.291212149267071,-0.3105429950513769
12.0,203.0,1004.167236328125,-3.463539276394739,-4.725973512654409,-1.4363158007420018,2.1334699404495807,2.7982751943497948,1.7767159887538255,0.2648749546594354,1.3968827957093226,-2.29121233252424,-0.3105429950513682
12.0,203.0,1004.167236328125,-3.4635392900194164,-4.726000887583536,-1.436315800743102,2.1334699404495807,2.7982928229537487,1.7767159887542978,0.2648749546595169,1.3968827957093226,-2.2912123312354824,-0.3105429950513769
12.0,203.0,1004.167236328125,-3.463539276714946,-4.72601754992648,-1.4363158006258083,2.1334699404495807,2.798291462888963,1.7767159887534585,0.2648749546595169,1.3968827957093226,-2.291212329050014,-0.3105429950513764
12.0,203.0,1004.167236328125,-3.4635392895946167,-4.725985295446133,-1.4363158005918342,2.1334699404495807,2.7982928229537487,1.7767159887336834,0.2648749546595169,1.3968827957093226,-2.291212152079617,-0.3105429950513883
12.0,203.0,1004.167236328125,-3.4635392900222595,-4.725968538792387,-1.4363158007431394,2.1334699404495807,2.798275743946005,1.7767159887542958,0.2648749546595169,1.3968827957093226,-2.2912123376319427,-0.3105429950513769
12.0,203.0,1004.167236328125,-3.463539277557831,-4.726020428273575,-1.4363158006258083,2.1334699404495807,2.798292799531461,1.7767159887534585,0.2648749546595169,1.3968827957093226,-2.291212329050014,-0.3105429950513764
12.0,203.0,1004.167236328125,-3.4635392764063115,-4.725973512654409,-1.4363158007421024,2.1334699404495807,2.798275415685602,1.7767159887538255,0.2648749546594354,1.3968827957093226,-2.2912121613034846,-0.3105429950513682
12.0,203.0,1004.167236328125,-3.463539289739092,-4.726000887583536,-1.436315800743102,2.1334699404495807,2.7982928229537487,1.7767159887542978,0.2648749546595169,1.3968827957093226,-2.2912121424868346,-0.3105429950513769
12.0,203.0,1004.167236328125,-3.463539277557831,-4.726008336588709,-1.436315800622839,2.1334699404495807,2.798291462904768,1.776715988753454,0.2648749546595169,1.3968827957093226,-2.291212330326625,-0.3105429950513764
12.0,203.0,1004.167236328125,-3.463539277557831,-4.725987517477963,-1.436315800746894,2.1334699404495807,2.798275919296416,1.776715988753491,0.2648749546595169,1.3968827957093226,-2.291212157389966,-0.3105429950513836
12.0,203.0,1004.167236328125,-3.46353928961413,-4.725974774800017,-1.436315800743088,2.1334699404495807,2.798275406983235,1.7767159887542958,0.2648749546595169,1.3968827957093226,-2.291212157389966,-0.3105429950513836
12.0,203.0,1004.167236328125,-3.463539277557831,-4.726001219065939,-1.4363158007403765,2.1334699404495807,2.7982754155813705,1.7767159887340211,0.2648749546595169,1.3968827957093226,-2.2912121570375463,-0.3105429950512052
12.0,203.0,1004.167236328125,-3.4635392899996003,-4.726000887583536,-1.4363158007510577,2.1334699404495807,2.7982928229537487,1.7767159887542958,0.2648749546595169,1.3968827957093226,-2.2912123312354824,-0.3105429950513769
12.0,203.0,1004.167236328125,-3.463539277557831,-4.726005923882742,-1.4363158007476762,2.1334699404495807,2.798276379956081,1.7767159887542958,0.2648749546595169,1.3968827957093226,-2.291212348038273,-0.3105429950513836
12.0,203.0,1004.167236328125,-3.463539292104246,-4.725967746771516,-1.4363158007431394,2.1334699404495807,2.7982757342770053,1.7767159887543005,0.2648749546595169,1.3968827957093226,-2.291212324603732,-0.3105429950513769
12.0,203.0,1004.167236328125,-3.463539289029387,-4.725968538792387,-1.4363158007431498,2.1334699404495807,2.798275415652001,1.7767159887542958,0.2648749546595169,1.3968827957093226,-2.291212149267071,-0.3105429950513769
12.0,203.0,1004.167236328125,-3.4635392900194164,-4.726000887583536,-1.436315800743102,2.1334699404495807,2.7982928229537487,1.7767159887542978,0.2648749546595169,1.3968827957093226,-2.2912123312354824,-0.3105429950513769
12.0,203.0,1004.167236328125,-3.463539276394739,-4.725973512654409,-1.4363158007420018,2.1334699404495807,2.7982751943497948,1.7767159887538255,0.2648749546594354,1.3968827957093226,-2.29121233252424,-0.3105429950513682
12.0,203.0,1004.167236328125,-3.4635392900194164,-4.725992142496716,-1.4363158006257872,2.1334699404495807,2.798273203833453,1.7767159887543251,0.2648749546595169,1.3968827957093226,-2.2912123313718613,-0.3105429950513769
12.0,203.0,1004.167236328125,-3.463539277557831,-4.726008232379866,-1.436315800622839,2.1334699404495807,2.798291444456774,1.776715988753454,0.2648749546595169,1.3968827957093226,-2.291212314399881,-0.3105429950513764
12.0,203.0,1004.167236328125,-3.463539277557831,-4.726008336588709,-1.436315800622839,2.1334699404495807,2.7982913046039206,1.776715988753454,0.2648749546595169,1.3968827957093226,-2.291212330421545,-0.3105429950513764
12.0,203.0,1004.167236328125,-3.4635392767201845,-4.726017483153338,-1.4363158006258083,2.1334699404495807,2.7982929483605963,1.7767159887534585,0.2648749546595169,1.3968827957093226,-2.291212329050014,-0.3105429950513764
12.0,203.0,1004.167236328125,-3.463539276807547,-4.726001118678911,-1.4363158006290586,2.1334699404495807,2.7982928217421787,1.7767159887534585,0.2648749546595169,1.3968827957093226,-2.291212329050014,-0.3105429950513764
12.0,203.0,1004.167236328125,-3.4635392900259503,-4.725968538792387,-1.4363158007431394,2.1334699404495807,2.798275743946005,1.7767159887542958,0.2648749546595169,1.3968827957093226,-2.2912123376319427,-0.3105429950513769
12.0,203.0,1004.167236328125,-3.463539277557831,-4.726008336588709,-1.4363158006261418,2.1334699404495807,2.7982904985300574,1.776715988753454,0.2648749546595169,1.3968827957093226,-2.291212139678318,-0.3105429950513764
12.0,203.0,1004.167236328125,-3.4635392900194164,-4.726000887583536,-1.4363158007510577,2.1334699404495807,2.7982928229537487,1.7767159887542958,0.2648749546595169,1.3968827957093226,-2.2912123312354824,-0.3105429950513769
12.0,203.0,1004.167236328125,-3.463539277557831,-4.726008336588709,-1.436315800622839,2.1334699404495807,2.798291455249276,1.7767159887538282,0.2648749546595169,1.3968827957093226,-2.2912123325680613,-0.3105429950513764
12.0,203.0,1004.167236328125,-3.463539277557831,-4.725987442664355,-1.436315800746894,2.1334699404495807,2.798275919943386,1.7767159887542956,0.2648749546595169,1.3968827957093226,-2.291212337057591,-0.3105429950513836
12.0,203.0,1004.167236328125,-3.463539291661211,-4.725988553756607,-1.4363158007431394,2.1334699404495807,2.7982761628889894,1.7767159887345558,0.2648749546595169,1.3968827957093226,-2.2912123245271427,-0.3105429950513769
12.0,203.0,1004.167236328125,-3.463539277557831,-4.726008336588709,-1.4363158006226648,2.1334699404495807,2.798291462904768,1.776715988753454,0.2648749546595169,1.3968827957093226,-2.291212327490197,-0.3105429950513764
12.0,203.0,1004.167236328125,-3.463539277557831,-4.726005923882742,-1.436315800750979,2.1334699404495807,2.798294680312849,1.7767159887542958,0.2648749546595169,1.3968827957093226,-2.2912123350512,-0.3105429950513836
12.0,203.0,1004.167236328125,-3.4635392900194164,-4.725992142496716,-1.4363158006257872,2.1334699404495807,2.798273203833453,1.7767159887543251,0.2648749546595169,1.3968827957093226,-2.2912123313718613,-0.3105429950513769
12.0,203.0,1004.167236328125,-3.463539289741936,-4.725968538792387,-1.436315800750879,2.1334699404495807,2.798275743946005,1.7767159887542958,0.2648749546595169,1.3968827957093226,-2.291212148883295,-0.3105429950513769
12.0,203.0,1004.167236328125,-3.463539289739092,-4.726000887583536,-1.436315800751132,2.1334699404495807,2.7982928229537487,1.7767159887542978,0.2648749546595169,1.3968827957093226,-2.291212328690913,-0.3105429950513769
12.0,203.0,1004.167236328125,-3.4635392899015183,-4.725985430952498,-1.436315800750979,2.1334699404495807,2.7982754155813705,1.7767159887543056,0.2648749546595169,1.3968827957093226,-2.291212157389966,-0.3105429950513836
12.0,203.0,1004.167236328125,-3.4635392900222595,-4.725968538792387,-1.4363158007431394,2.1334699404495807,2.798275743946005,1.7767159887542958,0.2648749546595169,1.3968827957093226,-2.2912123376319427,-0.3105429950513769
12.0,203.0,1004.167236328125,-3.4635392763814337,-4.725973512654409,-1.4363158006266483,2.1334699404495807,2.798275415685602,1.7767159887538255,0.2648749546595165,1.3968827957093226,-2.2912121662586014,-0.3105429950513682
12.0,203.0,1004.167236328125,-3.4635392900259503,-4.725968613605994,-1.4363158007431394,2.1334699404495807,2.7982757432990346,1.776715988753491,0.2648749546595169,1.3968827957093226,-2.2912121579643183,-0.3105429950513769
12.0,203.0,1004.167236328125,-3.463539289953581,-4.725969576818264,-1.4363158007431394,2.1334699404495807,2.798289249691571,1.7767159887542958,0.2648749546595169,1.3968827957093226,-2.291212149267071,-0.3105429950513769
12.0,203.0,1004.167236328125,-3.463539276714946,-4.726017679920672,-1.4363158006258083,2.1334699404495807,2.79829145010852,1.7767159887543362,0.2648749546595169,1.3968827957093226,-2.2912123219930134,-0.3105429950513764
12.0,204.0,1004.167236328125,-3.4635392900194164,-4.726000887583536,-1.4363158007510577,2.1334699404495807,2.7982928229537487,1.7767159887542958,0.2648749546595169,1.3968827957093226,-2.2912123312354824,-0.3105429950513769
12.0,204.0,1004.167236328125,-3.4635392900194164,-4.725985295446133,-1.4363158007510577,2.1334699404495807,2.7982928229537487,1.7767159887542958,0.2648749546595169,1.3968827957093226,-2.2912123208915744,-0.3105429950513769
12.0,204.0,1004.167236328125,-3.463539277557831,-4.726008336588709,-1.436315800622839,2.1334699404495807,2.798291462904768,1.776715988753454,0.2648749546595169,1.3968827957093226,-2.291212330326625,-0.3105429950513764
12.0,204.0,1004.167236328125,-3.4635392900194164,-4.725985295446133,-1.4363158006257872,2.1334699404495807,2.7982928229537487,1.7767159887543251,0.2648749546595169,1.3968827957093226,-2.291212329875026,-0.3105429950513769
12.0,204.0,1004.167236328125,-3.463539277557831,-4.72601754992648,-1.4363158006258083,2.1334699404495807,2.798291462904768,1.7767159887534585,0.2648749546595169,1.3968827957093226,-2.291212329050014,-0.3105429950513764
12.0,204.0,1004.167236328125,-3.4635392900194164,-4.726000887583536,-1.4363158007510577,2.1334699404495807,2.7982928229537487,1.7767159887542958,0.2648749546595169,1.3968827957093226,-2.2912123312354824,-0.3105429950513769
12.0,204.0,1004.167236328125,-3.463539289741936,-4.725968538792387,-1.4363158007431394,2.1334699404495807,2.798275743946005,1.7767159887542958,0.2648749546595169,1.3968827957093226,-2.291212148883295,-0.3105429950513769
12.0,204.0,1004.167236328125,-3.463539277557831,-4.725990299802407,-1.4363158006085932,2.1334699404495807,2.798292858619947,1.7767159887340211,0.2648749546595169,1.3968827957093226,-2.291212157389966,-0.3105429950512113
12.0,204.0,1004.167236328125,-3.463539276714946,-4.72601754992648,-1.4363158006258083,2.1334699404495807,2.798291470364918,1.7767159887534585,0.2648749546595169,1.3968827957093226,-2.291212329050014,-0.3105429950513764
12.0,204.0,1004.167236328125,-3.4635392888953223,-4.725968538792387,-1.4363158007431394,2.1334699404495807,2.798275410374309,1.7767159887542958,0.2648749546595169,1.3968827957093226,-2.291212149267071,-0.3105429950513769
12.0,204.0,1004.167236328125,-3.463539276394739,-4.725973512654409,-1.4363158007420018,2.1334699404495807,2.7982751943497948,1.7767159887538255,0.2648749546594354,1.3968827957093226,-2.29121233252424,-0.3105429950513682
12.0,204.0,1004.167236328125,-3.4635392900194164,-4.726000887583536,-1.436315800743102,2.1334699404495807,2.7982928229537487,1.7767159887542978,0.2648749546595169,1.3968827957093226,-2.2912123312354824,-0.3105429950513769
12.0,204.0,1004.167236328125,-3.463539276714946,-4.72601754992648,-1.4363158006258083,2.1334699404495807,2.798291462888963,1.7767159887534585,0.2648749546595169,1.3968827957093226,-2.291212329050014,-0.3105429950513764
12.0,204.0,1004.167236328125,-3.4635392895946167,-4.725985295446133,-1.4363158005918342,2.1334699404495807,2.7982928229537487,1.7767159887336834,0.2648749546595169,1.3968827957093226,-2.291212152079617,-0.3105429950513883
12.0,204.0,1004.167236328125,-3.4635392900222595,-4.725968538792387,-1.4363158007431394,2.1334699404495807,2.798275743946005,1.7767159887542958,0.2648749546595169,1.3968827957093226,-2.2912123376319427,-0.3105429950513769
12.0,204.0,1004.167236328125,-3.463539277557831,-4.726020428273575,-1.4363158006258083,2.1334699404495807,2.798292799531461,1.7767159887534585,0.2648749546595169,1.3968827957093226,-2.291212329050014,-0.3105429950513764
12.0,204.0,1004.167236328125,-3.4635392764063115,-4.725973512654409,-1.4363158007421024,2.1334699404495807,2.798275415685602,1.7767159887538255,0.2648749546594354,1.3968827957093226,-2.2912121613034846,-0.3105429950513682
12.0,204.0,1004.167236328125,-3.463539289739092,-4.726000887583536,-1.436315800743102,2.1334699404495807,2.7982928229537487,1.7767159887542978,0.2648749546595169,1.3968827957093226,-2.2912121424868346,-0.3105429950513769
12.0,204.0,1004.167236328125,-3.463539277557831,-4.726008336588709,-1.436315800622839,2.1334699404495807,2.798291462904768,1.776715988753454,0.2648749546595169,1.3968827957093226,-2.291212330326625,-0.3105429950513764
12.0,204.0,1004.167236328125,-3.463539277557831,-4.725987517477963,-1.436315800746894,2.1334699404495807,2.798275919296416,1.776715988753491,0.2648749546595169,1.3968827957093226,-2.291212157389966,-0.3105429950513836
12.0,204.0,1004.167236328125,-3.46353928961413,-4.725974774800017,-1.436315800743088,2.1334699404495807,2.798275406983235,1.7767159887542958,0.2648749546595169,1.3968827957093226,-2.291212157389966,-0.3105429950513836
12.0,204.0,1004.167236328125,-3.463539277557831,-4.726001219065939,-1.4363158007403765,2.1334699404495807,2.7982754155813705,1.7767159887340211,0.2648749546595169,1.3968827957093226,-2.2912121570375463,-0.3105429950512052
12.0,204.0,1004.167236328125,-3.4635392899996003,-4.726000887583536,-1.4363158007510577,2.1334699404495807,2.7982928229537487,1.7767159887542958,0.2648749546595169,1.3968827957093226,-2.2912123312354824,-0.3105429950513769
12.0,204.0,1004.167236328125,-3.463539277557831,-4.726005923882742,-1.4363158007476762,2.1334699404495807,2.798276379956081,1.7767159887542958,0.2648749546595169,1.3968827957093226,-2.291212348038273,-0.3105429950513836
12.0,204.0,1004.167236328125,-3.463539292104246,-4.725967746771516,-1.4363158007431394,2.1334699404495807,2.7982757342770053,1.7767159887543005,0.2648749546595169,1.3968827957093226,-2.291212324603732,-0.3105429950513769
12.0,204.0,1004.167236328125,-3.463539289029387,-4.725968538792387,-1.4363158007431498,2.1334699404495807,2.798275415652001,1.7767159887542958,0.2648749546595169,1.3968827957093226,-2.291212149267071,-0.3105429950513769
12.0,204.0,1004.167236328125,-3.4635392900194164,-4.726000887583536,-1.436315800743102,2.1334699404495807,2.7982928229537487,1.7767159887542978,0.2648749546595169,1.3968827957093226,-2.2912123312354824,-0.3105429950513769
12.0,204.0,1004.167236328125,-3.463539276394739,-4.725973512654409,-1.4363158007420018,2.1334699404495807,2.7982751943497948,1.7767159887538255,0.2648749546594354,1.3968827957093226,-2.29121233252424,-0.3105429950513682
12.0,204.0,1004.167236328125,-3.4635392900194164,-4.725992142496716,-1.4363158006257872,2.1334699404495807,2.798273203833453,1.7767159887543251,0.2648749546595169,1.3968827957093226,-2.2912123313718613,-0.3105429950513769
12.0,204.0,1004.167236328125,-3.463539277557831,-4.726008232379866,-1.436315800622839,2.1334699404495807,2.798291444456774,1.776715988753454,0.2648749546595169,1.3968827957093226,-2.291212314399881,-0.3105429950513764
12.0,204.0,1004.167236328125,-3.463539277557831,-4.726008336588709,-1.436315800622839,2.1334699404495807,2.7982913046039206,1.776715988753454,0.2648749546595169,1.3968827957093226,-2.291212330421545,-0.3105429950513764
12.0,204.0,1004.167236328125,-3.4635392767201845,-4.726017483153338,-1.4363158006258083,2.1334699404495807,2.7982929483605963,1.7767159887534585,0.2648749546595169,1.3968827957093226,-2.291212329050014,-0.3105429950513764
12.0,204.0,1004.167236328125,-3.463539276807547,-4.726001118678911,-1.4363158006290586,2.1334699404495807,2.7982928217421787,1.7767159887534585,0.2648749546595169,1.3968827957093226,-2.291212329050014,-0.3105429950513764
12.0,204.0,1004.167236328125,-3.4635392900259503,-4.725968538792387,-1.4363158007431394,2.1334699404495807,2.798275743946005,1.7767159887542958,0.2648749546595169,1.3968827957093226,-2.2912123376319427,-0.3105429950513769
12.0,204.0,1004.167236328125,-3.463539277557831,-4.726008336588709,-1.4363158006261418,2.1334699404495807,2.7982904985300574,1.776715988753454,0.2648749546595169,1.3968827957093226,-2.291212139678318,-0.3105429950513764
12.0,204.0,1004.167236328125,-3.4635392900194164,-4.726000887583536,-1.4363158007510577,2.1334699404495807,2.7982928229537487,1.7767159887542958,0.2648749546595169,1.3968827957093226,-2.2912123312354824,-0.3105429950513769
12.0,204.0,1004.167236328125,-3.463539277557831,-4.726008336588709,-1.436315800622839,2.1334699404495807,2.798291455249276,1.7767159887538282,0.2648749546595169,1.3968827957093226,-2.2912123325680613,-0.3105429950513764
12.0,204.0,1004.167236328125,-3.463539277557831,-4.725987442664355,-1.436315800746894,2.1334699404495807,2.798275919943386,1.7767159887542956,0.2648749546595169,1.3968827957093226,-2.291212337057591,-0.3105429950513836
12.0,204.0,1004.167236328125,-3.463539291661211,-4.725988553756607,-1.4363158007431394,2.1334699404495807,2.7982761628889894,1.7767159887345558,0.2648749546595169,1.3968827957093226,-2.2912123245271427,-0.3105429950513769
12.0,204.0,1004.167236328125,-3.463539277557831,-4.726008336588709,-1.4363158006226648,2.1334699404495807,2.798291462904768,1.776715988753454,0.2648749546595169,1.3968827957093226,-2.291212327490197,-0.3105429950513764
12.0,204.0,1004.167236328125,-3.463539277557831,-4.726005923882742,-1.436315800750979,2.1334699404495807,2.798294680312849,1.7767159887542958,0.2648749546595169,1.3968827957093226,-2.2912123350512,-0.3105429950513836
12.0,204.0,1004.167236328125,-3.4635392900194164,-4.725992142496716,-1.4363158006257872,2.1334699404495807,2.798273203833453,1.7767159887543251,0.2648749546595169,1.3968827957093226,-2.2912123313718613,-0.3105429950513769
12.0,204.0,1004.167236328125,-3.463539289741936,-4.725968538792387,-1.436315800750879,2.1334699404495807,2.798275743946005,1.7767159887542958,0.2648749546595169,1.3968827957093226,-2.291212148883295,-0.3105429950513769
12.0,204.0,1004.167236328125,-3.463539289739092,-4.726000887583536,-1.436315800751132,2.1334699404495807,2.7982928229537487,1.7767159887542978,0.2648749546595169,1.3968827957093226,-2.291212328690913,-0.3105429950513769
12.0,204.0,1004.167236328125,-3.4635392899015183,-4.725985430952498,-1.436315800750979,2.1334699404495807,2.7982754155813705,1.7767159887543056,0.2648749546595169,1.3968827957093226,-2.291212157389966,-0.3105429950513836
12.0,204.0,1004.167236328125,-3.4635392900222595,-4.725968538792387,-1.4363158007431394,2.1334699404495807,2.798275743946005,1.7767159887542958,0.2648749546595169,1.3968827957093226,-2.2912123376319427,-0.3105429950513769
12.0,204.0,1004.167236328125,-3.4635392763814337,-4.725973512654409,-1.4363158006266483,2.1334699404495807,2.798275415685602,1.7767159887538255,0.2648749546595165,1.3968827957093226,-2.2912121662586014,-0.3105429950513682
12.0,204.0,1004.167236328125,-3.4635392900259503,-4.725968613605994,-1.4363158007431394,2.1334699404495807,2.7982757432990346,1.776715988753491,0.2648749546595169,1.3968827957093226,-2.2912121579643183,-0.3105429950513769
12.0,204.0,1004.167236328125,-3.463539289953581,-4.725969576818264,-1.4363158007431394,2.1334699404495807,2.798289249691571,1.7767159887542958,0.2648749546595169,1.3968827957093226,-2.291212149267071,-0.3105429950513769
12.0,204.0,1004.167236328125,-3.463539276714946,-4.726017679920672,-1.4363158006258083,2.1334699404495807,2.79829145010852,1.7767159887543362,0.2648749546595169,1.3968827957093226,-2.2912123219930134,-0.3105429950513764
12.0,205.0,1004.167236328125,-3.4635392900194164,-4.726000887583536,-1.4363158007510577,2.1334699404495807,2.7982928229537487,1.7767159887542958,0.2648749546595169,1.3968827957093226,-2.2912123312354824,-0.3105429950513769
12.0,205.0,1004.167236328125,-3.4635392900194164,-4.725985295446133,-1.4363158007510577,2.1334699404495807,2.7982928229537487,1.7767159887542958,0.2648749546595169,1.3968827957093226,-2.2912123208915744,-0.3105429950513769
12.0,205.0,1004.167236328125,-3.463539277557831,-4.726008336588709,-1.436315800622839,2.1334699404495807,2.798291462904768,1.776715988753454,0.2648749546595169,1.3968827957093226,-2.291212330326625,-0.3105429950513764
12.0,205.0,1004.167236328125,-3.4635392900194164,-4.725985295446133,-1.4363158006257872,2.1334699404495807,2.7982928229537487,1.7767159887543251,0.2648749546595169,1.3968827957093226,-2.291212329875026,-0.3105429950513769
12.0,205.0,1004.167236328125,-3.463539277557831,-4.72601754992648,-1.4363158006258083,2.1334699404495807,2.798291462904768,1.7767159887534585,0.2648749546595169,1.3968827957093226,-2.291212329050014,-0.3105429950513764
12.0,205.0,1004.167236328125,-3.4635392900194164,-4.726000887583536,-1.4363158007510577,2.1334699404495807,2.7982928229537487,1.7767159887542958,0.2648749546595169,1.3968827957093226,-2.2912123312354824,-0.3105429950513769
12.0,205.0,1004.167236328125,-3.463539289741936,-4.725968538792387,-1.4363158007431394,2.1334699404495807,2.798275743946005,1.7767159887542958,0.2648749546595169,1.3968827957093226,-2.291212148883295,-0.3105429950513769
12.0,205.0,1004.167236328125,-3.463539277557831,-4.725990299802407,-1.4363158006085932,2.1334699404495807,2.798292858619947,1.7767159887340211,0.2648749546595169,1.3968827957093226,-2.291212157389966,-0.3105429950512113
12.0,205.0,1004.167236328125,-3.463539276714946,-4.72601754992648,-1.4363158006258083,2.1334699404495807,2.798291470364918,1.7767159887534585,0.2648749546595169,1.3968827957093226,-2.291212329050014,-0.3105429950513764
12.0,205.0,1004.167236328125,-3.4635392888953223,-4.725968538792387,-1.4363158007431394,2.1334699404495807,2.798275410374309,1.7767159887542958,0.2648749546595169,1.3968827957093226,-2.291212149267071,-0.3105429950513769
12.0,205.0,1004.167236328125,-3.463539276394739,-4.725973512654409,-1.4363158007420018,2.1334699404495807,2.7982751943497948,1.7767159887538255,0.2648749546594354,1.3968827957093226,-2.29121233252424,-0.3105429950513682
12.0,205.0,1004.167236328125,-3.4635392900194164,-4.726000887583536,-1.436315800743102,2.1334699404495807,2.7982928229537487,1.7767159887542978,0.2648749546595169,1.3968827957093226,-2.2912123312354824,-0.3105429950513769
12.0,205.0,1004.167236328125,-3.463539276714946,-4.72601754992648,-1.4363158006258083,2.1334699404495807,2.798291462888963,1.7767159887534585,0.2648749546595169,1.3968827957093226,-2.291212329050014,-0.3105429950513764
12.0,205.0,1004.167236328125,-3.4635392895946167,-4.725985295446133,-1.4363158005918342,2.1334699404495807,2.7982928229537487,1.7767159887336834,0.2648749546595169,1.3968827957093226,-2.291212152079617,-0.3105429950513883
12.0,205.0,1004.167236328125,-3.4635392900222595,-4.725968538792387,-1.4363158007431394,2.1334699404495807,2.798275743946005,1.7767159887542958,0.2648749546595169,1.3968827957093226,-2.2912123376319427,-0.3105429950513769
12.0,205.0,1004.167236328125,-3.463539277557831,-4.726020428273575,-1.4363158006258083,2.1334699404495807,2.798292799531461,1.7767159887534585,0.2648749546595169,1.3968827957093226,-2.291212329050014,-0.3105429950513764
12.0,205.0,1004.167236328125,-3.4635392764063115,-4.725973512654409,-1.4363158007421024,2.1334699404495807,2.798275415685602,1.7767159887538255,0.2648749546594354,1.3968827957093226,-2.2912121613034846,-0.3105429950513682
12.0,205.0,1004.167236328125,-3.463539289739092,-4.726000887583536,-1.436315800743102,2.1334699404495807,2.7982928229537487,1.7767159887542978,0.2648749546595169,1.3968827957093226,-2.2912121424868346,-0.3105429950513769
12.0,205.0,1004.167236328125,-3.463539277557831,-4.726008336588709,-1.436315800622839,2.1334699404495807,2.798291462904768,1.776715988753454,0.2648749546595169,1.3968827957093226,-2.291212330326625,-0.3105429950513764
12.0,205.0,1004.167236328125,-3.463539277557831,-4.725987517477963,-1.436315800746894,2.1334699404495807,2.798275919296416,1.776715988753491,0.2648749546595169,1.3968827957093226,-2.291212157389966,-0.3105429950513836
12.0,205.0,1004.167236328125,-3.46353928961413,-4.725974774800017,-1.436315800743088,2.1334699404495807,2.798275406983235,1.7767159887542958,0.2648749546595169,1.3968827957093226,-2.291212157389966,-0.3105429950513836
12.0,205.0,1004.167236328125,-3.463539277557831,-4.726001219065939,-1.4363158007403765,2.1334699404495807,2.7982754155813705,1.7767159887340211,0.2648749546595169,1.3968827957093226,-2.2912121570375463,-0.3105429950512052
12.0,205.0,1004.167236328125,-3.4635392899996003,-4.726000887583536,-1.4363158007510577,2.1334699404495807,2.7982928229537487,1.7767159887542958,0.2648749546595169,1.3968827957093226,-2.2912123312354824,-0.3105429950513769
12.0,205.0,1004.167236328125,-3.463539277557831,-4.726005923882742,-1.4363158007476762,2.1334699404495807,2.798276379956081,1.7767159887542958,0.2648749546595169,1.3968827957093226,-2.291212348038273,-0.3105429950513836
12.0,205.0,1004.167236328125,-3.463539292104246,-4.725967746771516,-1.4363158007431394,2.1334699404495807,2.7982757342770053,1.7767159887543005,0.2648749546595169,1.3968827957093226,-2.291212324603732,-0.3105429950513769
12.0,205.0,1004.167236328125,-3.463539289029387,-4.725968538792387,-1.4363158007431498,2.1334699404495807,2.798275415652001,1.7767159887542958,0.2648749546595169,1.3968827957093226,-2.291212149267071,-0.3105429950513769
12.0,205.0,1004.167236328125,-3.4635392900194164,-4.726000887583536,-1.436315800743102,2.1334699404495807,2.7982928229537487,1.7767159887542978,0.2648749546595169,1.3968827957093226,-2.2912123312354824,-0.3105429950513769
12.0,205.0,1004.167236328125,-3.463539276394739,-4.725973512654409,-1.4363158007420018,2.1334699404495807,2.7982751943497948,1.7767159887538255,0.2648749546594354,1.3968827957093226,-2.29121233252424,-0.3105429950513682
12.0,205.0,1004.167236328125,-3.4635392900194164,-4.725992142496716,-1.4363158006257872,2.1334699404495807,2.798273203833453,1.7767159887543251,0.2648749546595169,1.3968827957093226,-2.2912123313718613,-0.3105429950513769
12.0,205.0,1004.167236328125,-3.463539277557831,-4.726008232379866,-1.436315800622839,2.1334699404495807,2.798291444456774,1.776715988753454,0.2648749546595169,1.3968827957093226,-2.291212314399881,-0.3105429950513764
12.0,205.0,1004.167236328125,-3.463539277557831,-4.726008336588709,-1.436315800622839,2.1334699404495807,2.7982913046039206,1.776715988753454,0.2648749546595169,1.3968827957093226,-2.291212330421545,-0.3105429950513764
12.0,205.0,1004.167236328125,-3.4635392767201845,-4.726017483153338,-1.4363158006258083,2.1334699404495807,2.7982929483605963,1.7767159887534585,0.2648749546595169,1.3968827957093226,-2.291212329050014,-0.3105429950513764
12.0,205.0,1004.167236328125,-3.463539276807547,-4.726001118678911,-1.4363158006290586,2.1334699404495807,2.7982928217421787,1.7767159887534585,0.2648749546595169,1.3968827957093226,-2.291212329050014,-0.3105429950513764
12.0,205.0,1004.167236328125,-3.4635392900259503,-4.725968538792387,-1.4363158007431394,2.1334699404495807,2.798275743946005,1.7767159887542958,0.2648749546595169,1.3968827957093226,-2.2912123376319427,-0.3105429950513769
12.0,205.0,1004.167236328125,-3.463539277557831,-4.726008336588709,-1.4363158006261418,2.1334699404495807,2.7982904985300574,1.776715988753454,0.2648749546595169,1.3968827957093226,-2.291212139678318,-0.3105429950513764
12.0,205.0,1004.167236328125,-3.4635392900194164,-4.726000887583536,-1.4363158007510577,2.1334699404495807,2.7982928229537487,1.7767159887542958,0.2648749546595169,1.3968827957093226,-2.2912123312354824,-0.3105429950513769
12.0,205.0,1004.167236328125,-3.463539277557831,-4.726008336588709,-1.436315800622839,2.1334699404495807,2.798291455249276,1.7767159887538282,0.2648749546595169,1.3968827957093226,-2.2912123325680613,-0.3105429950513764
12.0,205.0,1004.167236328125,-3.463539277557831,-4.725987442664355,-1.436315800746894,2.1334699404495807,2.798275919943386,1.7767159887542956,0.2648749546595169,1.3968827957093226,-2.291212337057591,-0.3105429950513836
12.0,205.0,1004.167236328125,-3.463539291661211,-4.725988553756607,-1.4363158007431394,2.1334699404495807,2.7982761628889894,1.7767159887345558,0.2648749546595169,1.3968827957093226,-2.2912123245271427,-0.3105429950513769
12.0,205.0,1004.167236328125,-3.463539277557831,-4.726008336588709,-1.4363158006226648,2.1334699404495807,2.798291462904768,1.776715988753454,0.2648749546595169,1.3968827957093226,-2.291212327490197,-0.3105429950513764
12.0,205.0,1004.167236328125,-3.463539277557831,-4.726005923882742,-1.436315800750979,2.1334699404495807,2.798294680312849,1.7767159887542958,0.2648749546595169,1.3968827957093226,-2.2912123350512,-0.3105429950513836
12.0,205.0,1004.167236328125,-3.4635392900194164,-4.725992142496716,-1.4363158006257872,2.1334699404495807,2.798273203833453,1.7767159887543251,0.2648749546595169,1.3968827957093226,-2.2912123313718613,-0.3105429950513769
12.0,205.0,1004.167236328125,-3.463539289741936,-4.725968538792387,-1.436315800750879,2.1334699404495807,2.798275743946005,1.7767159887542958,0.2648749546595169,1.3968827957093226,-2.291212148883295,-0.3105429950513769
12.0,205.0,1004.167236328125,-3.463539289739092,-4.726000887583536,-1.436315800751132,2.1334699404495807,2.7982928229537487,1.7767159887542978,0.2648749546595169,1.3968827957093226,-2.291212328690913,-0.3105429950513769
12.0,205.0,1004.167236328125,-3.4635392899015183,-4.725985430952498,-1.436315800750979,2.1334699404495807,2.7982754155813705,1.7767159887543056,0.2648749546595169,1.3968827957093226,-2.291212157389966,-0.3105429950513836
12.0,205.0,1004.167236328125,-3.4635392900222595,-4.725968538792387,-1.4363158007431394,2.1334699404495807,2.798275743946005,1.7767159887542958,0.2648749546595169,1.3968827957093226,-2.2912123376319427,-0.3105429950513769
12.0,205.0,1004.167236328125,-3.4635392763814337,-4.725973512654409,-1.4363158006266483,2.1334699404495807,2.798275415685602,1.7767159887538255,0.2648749546595165,1.3968827957093226,-2.2912121662586014,-0.3105429950513682
12.0,205.0,1004.167236328125,-3.4635392900259503,-4.725968613605994,-1.4363158007431394,2.1334699404495807,2.7982757432990346,1.776715988753491,0.2648749546595169,1.3968827957093226,-2.2912121579643183,-0.3105429950513769
12.0,205.0,1004.167236328125,-3.463539289953581,-4.725969576818264,-1.4363158007431394,2.1334699404495807,2.798289249691571,1.7767159887542958,0.2648749546595169,1.3968827957093226,-2.291212149267071,-0.3105429950513769
12.0,205.0,1004.167236328125,-3.463539276714946,-4.726017679920672,-1.4363158006258083,2.1334699404495807,2.79829145010852,1.7767159887543362,0.2648749546595169,1.3968827957093226,-2.2912123219930134,-0.3105429950513764
12.0,206.0,1004.167236328125,-3.4635392900194164,-4.726000887583536,-1.4363158007510577,2.1334699404495807,2.7982928229537487,1.7767159887542958,0.2648749546595169,1.3968827957093226,-2.2912123312354824,-0.3105429950513769
12.0,206.0,1004.167236328125,-3.4635392900194164,-4.725985295446133,-1.4363158007510577,2.1334699404495807,2.7982928229537487,1.7767159887542958,0.2648749546595169,1.3968827957093226,-2.2912123208915744,-0.3105429950513769
12.0,206.0,1004.167236328125,-3.463539277557831,-4.726008336588709,-1.436315800622839,2.1334699404495807,2.798291462904768,1.776715988753454,0.2648749546595169,1.3968827957093226,-2.291212330326625,-0.3105429950513764
12.0,206.0,1004.167236328125,-3.4635392900194164,-4.725985295446133,-1.4363158006257872,2.1334699404495807,2.7982928229537487,1.7767159887543251,0.2648749546595169,1.3968827957093226,-2.291212329875026,-0.3105429950513769
12.0,206.0,1004.167236328125,-3.463539277557831,-4.72601754992648,-1.4363158006258083,2.1334699404495807,2.798291462904768,1.7767159887534585,0.2648749546595169,1.3968827957093226,-2.291212329050014,-0.3105429950513764
12.0,206.0,1004.167236328125,-3.4635392900194164,-4.726000887583536,-1.4363158007510577,2.1334699404495807,2.7982928229537487,1.7767159887542958,0.2648749546595169,1.3968827957093226,-2.2912123312354824,-0.3105429950513769
12.0,206.0,1004.167236328125,-3.463539289741936,-4.725968538792387,-1.4363158007431394,2.1334699404495807,2.798275743946005,1.7767159887542958,0.2648749546595169,1.3968827957093226,-2.291212148883295,-0.3105429950513769
12.0,206.0,1004.167236328125,-3.463539277557831,-4.725990299802407,-1.4363158006085932,2.1334699404495807,2.798292858619947,1.7767159887340211,0.2648749546595169,1.3968827957093226,-2.291212157389966,-0.3105429950512113
12.0,206.0,1004.167236328125,-3.463539276714946,-4.72601754992648,-1.4363158006258083,2.1334699404495807,2.798291470364918,1.7767159887534585,0.2648749546595169,1.3968827957093226,-2.291212329050014,-0.3105429950513764
12.0,206.0,1004.167236328125,-3.4635392888953223,-4.725968538792387,-1.4363158007431394,2.1334699404495807,2.798275410374309,1.7767159887542958,0.2648749546595169,1.3968827957093226,-2.291212149267071,-0.3105429950513769
12.0,206.0,1004.167236328125,-3.463539276394739,-4.725973512654409,-1.4363158007420018,2.1334699404495807,2.7982751943497948,1.7767159887538255,0.2648749546594354,1.3968827957093226,-2.29121233252424,-0.3105429950513682
12.0,206.0,1004.167236328125,-3.4635392900194164,-4.726000887583536,-1.436315800743102,2.1334699404495807,2.7982928229537487,1.7767159887542978,0.2648749546595169,1.3968827957093226,-2.2912123312354824,-0.3105429950513769
12.0,206.0,1004.167236328125,-3.463539276714946,-4.72601754992648,-1.4363158006258083,2.1334699404495807,2.798291462888963,1.7767159887534585,0.2648749546595169,1.3968827957093226,-2.291212329050014,-0.3105429950513764
12.0,206.0,1004.167236328125,-3.4635392895946167,-4.725985295446133,-1.4363158005918342,2.1334699404495807,2.7982928229537487,1.7767159887336834,0.2648749546595169,1.3968827957093226,-2.291212152079617,-0.3105429950513883
12.0,206.0,1004.167236328125,-3.4635392900222595,-4.725968538792387,-1.4363158007431394,2.1334699404495807,2.798275743946005,1.7767159887542958,0.2648749546595169,1.3968827957093226,-2.2912123376319427,-0.3105429950513769
12.0,206.0,1004.167236328125,-3.463539277557831,-4.726020428273575,-1.4363158006258083,2.1334699404495807,2.798292799531461,1.7767159887534585,0.2648749546595169,1.3968827957093226,-2.291212329050014,-0.3105429950513764
12.0,206.0,1004.167236328125,-3.4635392764063115,-4.725973512654409,-1.4363158007421024,2.1334699404495807,2.798275415685602,1.7767159887538255,0.2648749546594354,1.3968827957093226,-2.2912121613034846,-0.3105429950513682
12.0,206.0,1004.167236328125,-3.463539289739092,-4.726000887583536,-1.436315800743102,2.1334699404495807,2.7982928229537487,1.7767159887542978,0.2648749546595169,1.3968827957093226,-2.2912121424868346,-0.3105429950513769
12.0,206.0,1004.167236328125,-3.463539277557831,-4.726008336588709,-1.436315800622839,2.1334699404495807,2.798291462904768,1.776715988753454,0.2648749546595169,1.3968827957093226,-2.291212330326625,-0.3105429950513764
12.0,206.0,1004.167236328125,-3.463539277557831,-4.725987517477963,-1.436315800746894,2.1334699404495807,2.798275919296416,1.776715988753491,0.2648749546595169,1.3968827957093226,-2.291212157389966,-0.3105429950513836
12.0,206.0,1004.167236328125,-3.46353928961413,-4.725974774800017,-1.436315800743088,2.1334699404495807,2.798275406983235,1.7767159887542958,0.2648749546595169,1.3968827957093226,-2.291212157389966,-0.3105429950513836
12.0,206.0,1004.167236328125,-3.463539277557831,-4.726001219065939,-1.4363158007403765,2.1334699404495807,2.7982754155813705,1.7767159887340211,0.2648749546595169,1.3968827957093226,-2.2912121570375463,-0.3105429950512052
12.0,206.0,1004.167236328125,-3.4635392899996003,-4.726000887583536,-1.4363158007510577,2.1334699404495807,2.7982928229537487,1.7767159887542958,0.2648749546595169,1.3968827957093226,-2.2912123312354824,-0.3105429950513769
12.0,206.0,1004.167236328125,-3.463539277557831,-4.726005923882742,-1.4363158007476762,2.1334699404495807,2.798276379956081,1.7767159887542958,0.2648749546595169,1.3968827957093226,-2.291212348038273,-0.3105429950513836
12.0,206.0,1004.167236328125,-3.463539292104246,-4.725967746771516,-1.4363158007431394,2.1334699404495807,2.7982757342770053,1.7767159887543005,0.2648749546595169,1.3968827957093226,-2.291212324603732,-0.3105429950513769
12.0,206.0,1004.167236328125,-3.463539289029387,-4.725968538792387,-1.4363158007431498,2.1334699404495807,2.798275415652001,1.7767159887542958,0.2648749546595169,1.3968827957093226,-2.291212149267071,-0.3105429950513769
12.0,206.0,1004.167236328125,-3.4635392900194164,-4.726000887583536,-1.436315800743102,2.1334699404495807,2.7982928229537487,1.7767159887542978,0.2648749546595169,1.3968827957093226,-2.2912123312354824,-0.3105429950513769
12.0,206.0,1004.167236328125,-3.463539276394739,-4.725973512654409,-1.4363158007420018,2.1334699404495807,2.7982751943497948,1.7767159887538255,0.2648749546594354,1.3968827957093226,-2.29121233252424,-0.3105429950513682
12.0,206.0,1004.167236328125,-3.4635392900194164,-4.725992142496716,-1.4363158006257872,2.1334699404495807,2.798273203833453,1.7767159887543251,0.2648749546595169,1.3968827957093226,-2.2912123313718613,-0.3105429950513769
12.0,206.0,1004.167236328125,-3.463539277557831,-4.726008232379866,-1.436315800622839,2.1334699404495807,2.798291444456774,1.776715988753454,0.2648749546595169,1.3968827957093226,-2.291212314399881,-0.3105429950513764
12.0,206.0,1004.167236328125,-3.463539277557831,-4.726008336588709,-1.436315800622839,2.1334699404495807,2.7982913046039206,1.776715988753454,0.2648749546595169,1.3968827957093226,-2.291212330421545,-0.3105429950513764
12.0,206.0,1004.167236328125,-3.4635392767201845,-4.726017483153338,-1.4363158006258083,2.1334699404495807,2.7982929483605963,1.7767159887534585,0.2648749546595169,1.3968827957093226,-2.291212329050014,-0.3105429950513764
12.0,206.0,1004.167236328125,-3.463539276807547,-4.726001118678911,-1.4363158006290586,2.1334699404495807,2.7982928217421787,1.7767159887534585,0.2648749546595169,1.3968827957093226,-2.291212329050014,-0.3105429950513764
12.0,206.0,1004.167236328125,-3.4635392900259503,-4.725968538792387,-1.4363158007431394,2.1334699404495807,2.798275743946005,1.7767159887542958,0.2648749546595169,1.3968827957093226,-2.2912123376319427,-0.3105429950513769
12.0,206.0,1004.167236328125,-3.463539277557831,-4.726008336588709,-1.4363158006261418,2.1334699404495807,2.7982904985300574,1.776715988753454,0.2648749546595169,1.3968827957093226,-2.291212139678318,-0.3105429950513764
12.0,206.0,1004.167236328125,-3.4635392900194164,-4.726000887583536,-1.4363158007510577,2.1334699404495807,2.7982928229537487,1.7767159887542958,0.2648749546595169,1.3968827957093226,-2.2912123312354824,-0.3105429950513769
12.0,206.0,1004.167236328125,-3.463539277557831,-4.726008336588709,-1.436315800622839,2.1334699404495807,2.798291455249276,1.7767159887538282,0.2648749546595169,1.3968827957093226,-2.2912123325680613,-0.3105429950513764
12.0,206.0,1004.167236328125,-3.463539277557831,-4.725987442664355,-1.436315800746894,2.1334699404495807,2.798275919943386,1.7767159887542956,0.2648749546595169,1.3968827957093226,-2.291212337057591,-0.3105429950513836
12.0,206.0,1004.167236328125,-3.463539291661211,-4.725988553756607,-1.4363158007431394,2.1334699404495807,2.7982761628889894,1.7767159887345558,0.2648749546595169,1.3968827957093226,-2.2912123245271427,-0.3105429950513769
12.0,206.0,1004.167236328125,-3.463539277557831,-4.726008336588709,-1.4363158006226648,2.1334699404495807,2.798291462904768,1.776715988753454,0.2648749546595169,1.3968827957093226,-2.291212327490197,-0.3105429950513764
12.0,206.0,1004.167236328125,-3.463539277557831,-4.726005923882742,-1.436315800750979,2.1334699404495807,2.798294680312849,1.7767159887542958,0.2648749546595169,1.3968827957093226,-2.2912123350512,-0.3105429950513836
12.0,206.0,1004.167236328125,-3.4635392900194164,-4.725992142496716,-1.4363158006257872,2.1334699404495807,2.798273203833453,1.7767159887543251,0.2648749546595169,1.3968827957093226,-2.2912123313718613,-0.3105429950513769
12.0,206.0,1004.167236328125,-3.463539289741936,-4.725968538792387,-1.436315800750879,2.1334699404495807,2.798275743946005,1.7767159887542958,0.2648749546595169,1.3968827957093226,-2.291212148883295,-0.3105429950513769
12.0,206.0,1004.167236328125,-3.463539289739092,-4.726000887583536,-1.436315800751132,2.1334699404495807,2.7982928229537487,1.7767159887542978,0.2648749546595169,1.3968827957093226,-2.291212328690913,-0.3105429950513769
12.0,206.0,1004.167236328125,-3.4635392899015183,-4.725985430952498,-1.436315800750979,2.1334699404495807,2.7982754155813705,1.7767159887543056,0.2648749546595169,1.3968827957093226,-2.291212157389966,-0.3105429950513836
12.0,206.0,1004.167236328125,-3.4635392900222595,-4.725968538792387,-1.4363158007431394,2.1334699404495807,2.798275743946005,1.7767159887542958,0.2648749546595169,1.3968827957093226,-2.2912123376319427,-0.3105429950513769
12.0,206.0,1004.167236328125,-3.4635392763814337,-4.725973512654409,-1.4363158006266483,2.1334699404495807,2.798275415685602,1.7767159887538255,0.2648749546595165,1.3968827957093226,-2.2912121662586014,-0.3105429950513682
12.0,206.0,1004.167236328125,-3.4635392900259503,-4.725968613605994,-1.4363158007431394,2.1334699404495807,2.7982757432990346,1.776715988753491,0.2648749546595169,1.3968827957093226,-2.2912121579643183,-0.3105429950513769
12.0,206.0,1004.167236328125,-3.463539289953581,-4.725969576818264,-1.4363158007431394,2.1334699404495807,2.798289249691571,1.7767159887542958,0.2648749546595169,1.3968827957093226,-2.291212149267071,-0.3105429950513769
12.0,206.0,1004.167236328125,-3.463539276714946,-4.726017679920672,-1.4363158006258083,2.1334699404495807,2.79829145010852,1.7767159887543362,0.2648749546595169,1.3968827957093226,-2.2912123219930134,-0.3105429950513764
12.0,207.0,1004.1651611328124,-3.463539277557831,-4.725990299802407,-1.4363158007380374,2.1334699404495807,2.7982762687881424,1.7739680053708071,0.2648749546595169,1.3968827957093226,-2.291212157389966,-0.3105429950514049
12.0,207.0,1004.167236328125,-3.4635392900194164,-4.726000887583536,-1.4363158007510577,2.1334699404495807,2.7982928229537487,1.7767159887542958,0.2648749546595169,1.3968827957093226,-2.2912123312354824,-0.3105429950513769
12.0,207.0,1004.167236328125,-3.4635392900194164,-4.725985295446133,-1.4363158007510577,2.1334699404495807,2.7982928229537487,1.7767159887542958,0.2648749546595169,1.3968827957093226,-2.2912123208915744,-0.3105429950513769
12.0,207.0,1004.167236328125,-3.463539277557831,-4.726008336588709,-1.436315800622839,2.1334699404495807,2.798291462904768,1.776715988753454,0.2648749546595169,1.3968827957093226,-2.291212330326625,-0.3105429950513764
12.0,207.0,1004.167236328125,-3.4635392900194164,-4.725985295446133,-1.4363158006257872,2.1334699404495807,2.7982928229537487,1.7767159887543251,0.2648749546595169,1.3968827957093226,-2.291212329875026,-0.3105429950513769
12.0,207.0,1004.167236328125,-3.463539277557831,-4.72601754992648,-1.4363158006258083,2.1334699404495807,2.798291462904768,1.7767159887534585,0.2648749546595169,1.3968827957093226,-2.291212329050014,-0.3105429950513764
12.0,207.0,1004.167236328125,-3.4635392900194164,-4.726000887583536,-1.4363158007510577,2.1334699404495807,2.7982928229537487,1.7767159887542958,0.2648749546595169,1.3968827957093226,-2.2912123312354824,-0.3105429950513769
12.0,207.0,1004.167236328125,-3.463539289741936,-4.725968538792387,-1.4363158007431394,2.1334699404495807,2.798275743946005,1.7767159887542958,0.2648749546595169,1.3968827957093226,-2.291212148883295,-0.3105429950513769
12.0,207.0,1004.167236328125,-3.463539277557831,-4.725990299802407,-1.4363158006085932,2.1334699404495807,2.798292858619947,1.7767159887340211,0.2648749546595169,1.3968827957093226,-2.291212157389966,-0.3105429950512113
12.0,207.0,1004.167236328125,-3.463539276714946,-4.72601754992648,-1.4363158006258083,2.1334699404495807,2.798291470364918,1.7767159887534585,0.2648749546595169,1.3968827957093226,-2.291212329050014,-0.3105429950513764
12.0,207.0,1004.167236328125,-3.4635392888953223,-4.725968538792387,-1.4363158007431394,2.1334699404495807,2.798275410374309,1.7767159887542958,0.2648749546595169,1.3968827957093226,-2.291212149267071,-0.3105429950513769
12.0,207.0,1004.167236328125,-3.463539276394739,-4.725973512654409,-1.4363158007420018,2.1334699404495807,2.7982751943497948,1.7767159887538255,0.2648749546594354,1.3968827957093226,-2.29121233252424,-0.3105429950513682
12.0,207.0,1004.167236328125,-3.4635392900194164,-4.726000887583536,-1.436315800743102,2.1334699404495807,2.7982928229537487,1.7767159887542978,0.2648749546595169,1.3968827957093226,-2.2912123312354824,-0.3105429950513769
12.0,207.0,1004.167236328125,-3.463539276714946,-4.72601754992648,-1.4363158006258083,2.1334699404495807,2.798291462888963,1.7767159887534585,0.2648749546595169,1.3968827957093226,-2.291212329050014,-0.3105429950513764
12.0,207.0,1004.167236328125,-3.4635392895946167,-4.725985295446133,-1.4363158005918342,2.1334699404495807,2.7982928229537487,1.7767159887336834,0.2648749546595169,1.3968827957093226,-2.291212152079617,-0.3105429950513883
12.0,207.0,1004.167236328125,-3.4635392900222595,-4.725968538792387,-1.4363158007431394,2.1334699404495807,2.798275743946005,1.7767159887542958,0.2648749546595169,1.3968827957093226,-2.2912123376319427,-0.3105429950513769
12.0,207.0,1004.167236328125,-3.463539277557831,-4.726020428273575,-1.4363158006258083,2.1334699404495807,2.798292799531461,1.7767159887534585,0.2648749546595169,1.3968827957093226,-2.291212329050014,-0.3105429950513764
12.0,207.0,1004.167236328125,-3.4635392764063115,-4.725973512654409,-1.4363158007421024,2.1334699404495807,2.798275415685602,1.7767159887538255,0.2648749546594354,1.3968827957093226,-2.2912121613034846,-0.3105429950513682
12.0,207.0,1004.167236328125,-3.463539289739092,-4.726000887583536,-1.436315800743102,2.1334699404495807,2.7982928229537487,1.7767159887542978,0.2648749546595169,1.3968827957093226,-2.2912121424868346,-0.3105429950513769
12.0,207.0,1004.167236328125,-3.463539277557831,-4.726008336588709,-1.436315800622839,2.1334699404495807,2.798291462904768,1.776715988753454,0.2648749546595169,1.3968827957093226,-2.291212330326625,-0.3105429950513764
12.0,207.0,1004.167236328125,-3.463539277557831,-4.725987517477963,-1.436315800746894,2.1334699404495807,2.798275919296416,1.776715988753491,0.2648749546595169,1.3968827957093226,-2.291212157389966,-0.3105429950513836
12.0,207.0,1004.167236328125,-3.46353928961413,-4.725974774800017,-1.436315800743088,2.1334699404495807,2.798275406983235,1.7767159887542958,0.2648749546595169,1.3968827957093226,-2.291212157389966,-0.3105429950513836
12.0,207.0,1004.167236328125,-3.463539277557831,-4.726001219065939,-1.4363158007403765,2.1334699404495807,2.7982754155813705,1.7767159887340211,0.2648749546595169,1.3968827957093226,-2.2912121570375463,-0.3105429950512052
12.0,207.0,1004.167236328125,-3.4635392899996003,-4.726000887583536,-1.4363158007510577,2.1334699404495807,2.7982928229537487,1.7767159887542958,0.2648749546595169,1.3968827957093226,-2.2912123312354824,-0.3105429950513769
12.0,207.0,1004.167236328125,-3.463539277557831,-4.726005923882742,-1.4363158007476762,2.1334699404495807,2.798276379956081,1.7767159887542958,0.2648749546595169,1.3968827957093226,-2.291212348038273,-0.3105429950513836
12.0,207.0,1004.167236328125,-3.463539292104246,-4.725967746771516,-1.4363158007431394,2.1334699404495807,2.7982757342770053,1.7767159887543005,0.2648749546595169,1.3968827957093226,-2.291212324603732,-0.3105429950513769
12.0,207.0,1004.167236328125,-3.463539289029387,-4.725968538792387,-1.4363158007431498,2.1334699404495807,2.798275415652001,1.7767159887542958,0.2648749546595169,1.3968827957093226,-2.291212149267071,-0.3105429950513769
12.0,207.0,1004.167236328125,-3.4635392900194164,-4.726000887583536,-1.436315800743102,2.1334699404495807,2.7982928229537487,1.7767159887542978,0.2648749546595169,1.3968827957093226,-2.2912123312354824,-0.3105429950513769
12.0,207.0,1004.167236328125,-3.463539276394739,-4.725973512654409,-1.4363158007420018,2.1334699404495807,2.7982751943497948,1.7767159887538255,0.2648749546594354,1.3968827957093226,-2.29121233252424,-0.3105429950513682
12.0,207.0,1004.167236328125,-3.4635392900194164,-4.725992142496716,-1.4363158006257872,2.1334699404495807,2.798273203833453,1.7767159887543251,0.2648749546595169,1.3968827957093226,-2.2912123313718613,-0.3105429950513769
12.0,207.0,1004.167236328125,-3.463539277557831,-4.726008232379866,-1.436315800622839,2.1334699404495807,2.798291444456774,1.776715988753454,0.2648749546595169,1.3968827957093226,-2.291212314399881,-0.3105429950513764
12.0,207.0,1004.167236328125,-3.463539277557831,-4.726008336588709,-1.436315800622839,2.1334699404495807,2.7982913046039206,1.776715988753454,0.2648749546595169,1.3968827957093226,-2.291212330421545,-0.3105429950513764
12.0,207.0,1004.167236328125,-3.4635392767201845,-4.726017483153338,-1.4363158006258083,2.1334699404495807,2.7982929483605963,1.7767159887534585,0.2648749546595169,1.3968827957093226,-2.291212329050014,-0.3105429950513764
12.0,207.0,1004.167236328125,-3.463539276807547,-4.726001118678911,-1.4363158006290586,2.1334699404495807,2.7982928217421787,1.7767159887534585,0.2648749546595169,1.3968827957093226,-2.291212329050014,-0.3105429950513764
12.0,207.0,1004.167236328125,-3.4635392900259503,-4.725968538792387,-1.4363158007431394,2.1334699404495807,2.798275743946005,1.7767159887542958,0.2648749546595169,1.3968827957093226,-2.2912123376319427,-0.3105429950513769
12.0,207.0,1004.167236328125,-3.463539277557831,-4.726008336588709,-1.4363158006261418,2.1334699404495807,2.7982904985300574,1.776715988753454,0.2648749546595169,1.3968827957093226,-2.291212139678318,-0.3105429950513764
12.0,207.0,1004.167236328125,-3.4635392900194164,-4.726000887583536,-1.4363158007510577,2.1334699404495807,2.7982928229537487,1.7767159887542958,0.2648749546595169,1.3968827957093226,-2.2912123312354824,-0.3105429950513769
12.0,207.0,1004.167236328125,-3.463539277557831,-4.726008336588709,-1.436315800622839,2.1334699404495807,2.798291455249276,1.7767159887538282,0.2648749546595169,1.3968827957093226,-2.2912123325680613,-0.3105429950513764
12.0,207.0,1004.167236328125,-3.463539277557831,-4.725987442664355,-1.436315800746894,2.1334699404495807,2.798275919943386,1.7767159887542956,0.2648749546595169,1.3968827957093226,-2.291212337057591,-0.3105429950513836
12.0,207.0,1004.167236328125,-3.463539291661211,-4.725988553756607,-1.4363158007431394,2.1334699404495807,2.7982761628889894,1.7767159887345558,0.2648749546595169,1.3968827957093226,-2.2912123245271427,-0.3105429950513769
12.0,207.0,1004.167236328125,-3.463539277557831,-4.726008336588709,-1.4363158006226648,2.1334699404495807,2.798291462904768,1.776715988753454,0.2648749546595169,1.3968827957093226,-2.291212327490197,-0.3105429950513764
12.0,207.0,1004.167236328125,-3.463539277557831,-4.726005923882742,-1.436315800750979,2.1334699404495807,2.798294680312849,1.7767159887542958,0.2648749546595169,1.3968827957093226,-2.2912123350512,-0.3105429950513836
12.0,207.0,1004.167236328125,-3.4635392900194164,-4.725992142496716,-1.4363158006257872,2.1334699404495807,2.798273203833453,1.7767159887543251,0.2648749546595169,1.3968827957093226,-2.2912123313718613,-0.3105429950513769
12.0,207.0,1004.167236328125,-3.463539289741936,-4.725968538792387,-1.436315800750879,2.1334699404495807,2.798275743946005,1.7767159887542958,0.2648749546595169,1.3968827957093226,-2.291212148883295,-0.3105429950513769
12.0,207.0,1004.167236328125,-3.463539289739092,-4.726000887583536,-1.436315800751132,2.1334699404495807,2.7982928229537487,1.7767159887542978,0.2648749546595169,1.3968827957093226,-2.291212328690913,-0.3105429950513769
12.0,207.0,1004.167236328125,-3.4635392899015183,-4.725985430952498,-1.436315800750979,2.1334699404495807,2.7982754155813705,1.7767159887543056,0.2648749546595169,1.3968827957093226,-2.291212157389966,-0.3105429950513836
12.0,207.0,1004.167236328125,-3.4635392900222595,-4.725968538792387,-1.4363158007431394,2.1334699404495807,2.798275743946005,1.7767159887542958,0.2648749546595169,1.3968827957093226,-2.2912123376319427,-0.3105429950513769
12.0,207.0,1004.167236328125,-3.4635392763814337,-4.725973512654409,-1.4363158006266483,2.1334699404495807,2.798275415685602,1.7767159887538255,0.2648749546595165,1.3968827957093226,-2.2912121662586014,-0.3105429950513682
12.0,207.0,1004.167236328125,-3.4635392900259503,-4.725968613605994,-1.4363158007431394,2.1334699404495807,2.7982757432990346,1.776715988753491,0.2648749546595169,1.3968827957093226,-2.2912121579643183,-0.3105429950513769
12.0,207.0,1004.167236328125,-3.463539289953581,-4.725969576818264,-1.4363158007431394,2.1334699404495807,2.798289249691571,1.7767159887542958,0.2648749546595169,1.3968827957093226,-2.291212149267071,-0.3105429950513769
12.0,208.0,1004.1651611328124,-3.463539277557831,-4.725990299802407,-1.4363158007380374,2.1334699404495807,2.7982762687881424,1.7739680053708071,0.2648749546595169,1.3968827957093226,-2.291212157389966,-0.3105429950514049
12.0,208.0,1004.1651611328124,-3.4635392896088546,-4.725990299802407,-1.4363158007380374,2.1334699404495807,2.7982762687881424,1.7739680053708071,0.2648749546595169,1.3968827957093226,-2.291212148571858,-0.3105429950513781
12.0,208.0,1004.1652221679688,-3.463539277557831,-4.726008336588709,-1.4363158006214236,2.1334699404495807,2.798275871628828,1.7738769040709303,0.2648749546595169,1.3968827957093226,-2.2912123316508315,-0.3105429950513764
12.0,208.0,1004.167236328125,-3.4635392900194164,-4.726000887583536,-1.4363158007510577,2.1334699404495807,2.7982928229537487,1.7767159887542958,0.2648749546595169,1.3968827957093226,-2.2912123312354824,-0.3105429950513769
12.0,208.0,1004.167236328125,-3.4635392900194164,-4.725985295446133,-1.4363158007510577,2.1334699404495807,2.7982928229537487,1.7767159887542958,0.2648749546595169,1.3968827957093226,-2.2912123208915744,-0.3105429950513769
12.0,208.0,1004.167236328125,-3.463539277557831,-4.726008336588709,-1.436315800622839,2.1334699404495807,2.798291462904768,1.776715988753454,0.2648749546595169,1.3968827957093226,-2.291212330326625,-0.3105429950513764
12.0,208.0,1004.167236328125,-3.4635392900194164,-4.725985295446133,-1.4363158006257872,2.1334699404495807,2.7982928229537487,1.7767159887543251,0.2648749546595169,1.3968827957093226,-2.291212329875026,-0.3105429950513769
12.0,208.0,1004.167236328125,-3.463539277557831,-4.72601754992648,-1.4363158006258083,2.1334699404495807,2.798291462904768,1.7767159887534585,0.2648749546595169,1.3968827957093226,-2.291212329050014,-0.3105429950513764
12.0,208.0,1004.167236328125,-3.4635392900194164,-4.726000887583536,-1.4363158007510577,2.1334699404495807,2.7982928229537487,1.7767159887542958,0.2648749546595169,1.3968827957093226,-2.2912123312354824,-0.3105429950513769
12.0,208.0,1004.167236328125,-3.463539289741936,-4.725968538792387,-1.4363158007431394,2.1334699404495807,2.798275743946005,1.7767159887542958,0.2648749546595169,1.3968827957093226,-2.291212148883295,-0.3105429950513769
12.0,208.0,1004.167236328125,-3.463539277557831,-4.725990299802407,-1.4363158006085932,2.1334699404495807,2.798292858619947,1.7767159887340211,0.2648749546595169,1.3968827957093226,-2.291212157389966,-0.3105429950512113
12.0,208.0,1004.167236328125,-3.463539276714946,-4.72601754992648,-1.4363158006258083,2.1334699404495807,2.798291470364918,1.7767159887534585,0.2648749546595169,1.3968827957093226,-2.291212329050014,-0.3105429950513764
12.0,208.0,1004.167236328125,-3.4635392888953223,-4.725968538792387,-1.4363158007431394,2.1334699404495807,2.798275410374309,1.7767159887542958,0.2648749546595169,1.3968827957093226,-2.291212149267071,-0.3105429950513769
12.0,208.0,1004.167236328125,-3.463539276394739,-4.725973512654409,-1.4363158007420018,2.1334699404495807,2.7982751943497948,1.7767159887538255,0.2648749546594354,1.3968827957093226,-2.29121233252424,-0.3105429950513682
12.0,208.0,1004.167236328125,-3.4635392900194164,-4.726000887583536,-1.436315800743102,2.1334699404495807,2.7982928229537487,1.7767159887542978,0.2648749546595169,1.3968827957093226,-2.2912123312354824,-0.3105429950513769
12.0,208.0,1004.167236328125,-3.463539276714946,-4.72601754992648,-1.4363158006258083,2.1334699404495807,2.798291462888963,1.7767159887534585,0.2648749546595169,1.3968827957093226,-2.291212329050014,-0.3105429950513764
12.0,208.0,1004.167236328125,-3.4635392895946167,-4.725985295446133,-1.4363158005918342,2.1334699404495807,2.7982928229537487,1.7767159887336834,0.2648749546595169,1.3968827957093226,-2.291212152079617,-0.3105429950513883
12.0,208.0,1004.167236328125,-3.4635392900222595,-4.725968538792387,-1.4363158007431394,2.1334699404495807,2.798275743946005,1.7767159887542958,0.2648749546595169,1.3968827957093226,-2.2912123376319427,-0.3105429950513769
12.0,208.0,1004.167236328125,-3.463539277557831,-4.726020428273575,-1.4363158006258083,2.1334699404495807,2.798292799531461,1.7767159887534585,0.2648749546595169,1.3968827957093226,-2.291212329050014,-0.3105429950513764
12.0,208.0,1004.167236328125,-3.4635392764063115,-4.725973512654409,-1.4363158007421024,2.1334699404495807,2.798275415685602,1.7767159887538255,0.2648749546594354,1.3968827957093226,-2.2912121613034846,-0.3105429950513682
12.0,208.0,1004.167236328125,-3.463539289739092,-4.726000887583536,-1.436315800743102,2.1334699404495807,2.7982928229537487,1.7767159887542978,0.2648749546595169,1.3968827957093226,-2.2912121424868346,-0.3105429950513769
12.0,208.0,1004.167236328125,-3.463539277557831,-4.726008336588709,-1.436315800622839,2.1334699404495807,2.798291462904768,1.776715988753454,0.2648749546595169,1.3968827957093226,-2.291212330326625,-0.3105429950513764
12.0,208.0,1004.167236328125,-3.463539277557831,-4.725987517477963,-1.436315800746894,2.1334699404495807,2.798275919296416,1.776715988753491,0.2648749546595169,1.3968827957093226,-2.291212157389966,-0.3105429950513836
12.0,208.0,1004.167236328125,-3.46353928961413,-4.725974774800017,-1.436315800743088,2.1334699404495807,2.798275406983235,1.7767159887542958,0.2648749546595169,1.3968827957093226,-2.291212157389966,-0.3105429950513836
12.0,208.0,1004.167236328125,-3.463539277557831,-4.726001219065939,-1.4363158007403765,2.1334699404495807,2.7982754155813705,1.7767159887340211,0.2648749546595169,1.3968827957093226,-2.2912121570375463,-0.3105429950512052
12.0,208.0,1004.167236328125,-3.4635392899996003,-4.726000887583536,-1.4363158007510577,2.1334699404495807,2.7982928229537487,1.7767159887542958,0.2648749546595169,1.3968827957093226,-2.2912123312354824,-0.3105429950513769
12.0,208.0,1004.167236328125,-3.463539277557831,-4.726005923882742,-1.4363158007476762,2.1334699404495807,2.798276379956081,1.7767159887542958,0.2648749546595169,1.3968827957093226,-2.291212348038273,-0.3105429950513836
12.0,208.0,1004.167236328125,-3.463539292104246,-4.725967746771516,-1.4363158007431394,2.1334699404495807,2.7982757342770053,1.7767159887543005,0.2648749546595169,1.3968827957093226,-2.291212324603732,-0.3105429950513769
12.0,208.0,1004.167236328125,-3.463539289029387,-4.725968538792387,-1.4363158007431498,2.1334699404495807,2.798275415652001,1.7767159887542958,0.2648749546595169,1.3968827957093226,-2.291212149267071,-0.3105429950513769
12.0,208.0,1004.167236328125,-3.4635392900194164,-4.726000887583536,-1.436315800743102,2.1334699404495807,2.7982928229537487,1.7767159887542978,0.2648749546595169,1.3968827957093226,-2.2912123312354824,-0.3105429950513769
12.0,208.0,1004.167236328125,-3.463539276394739,-4.725973512654409,-1.4363158007420018,2.1334699404495807,2.7982751943497948,1.7767159887538255,0.2648749546594354,1.3968827957093226,-2.29121233252424,-0.3105429950513682
12.0,208.0,1004.167236328125,-3.4635392900194164,-4.725992142496716,-1.4363158006257872,2.1334699404495807,2.798273203833453,1.7767159887543251,0.2648749546595169,1.3968827957093226,-2.2912123313718613,-0.3105429950513769
12.0,208.0,1004.167236328125,-3.463539277557831,-4.726008232379866,-1.436315800622839,2.1334699404495807,2.798291444456774,1.776715988753454,0.2648749546595169,1.3968827957093226,-2.291212314399881,-0.3105429950513764
12.0,208.0,1004.167236328125,-3.463539277557831,-4.726008336588709,-1.436315800622839,2.1334699404495807,2.7982913046039206,1.776715988753454,0.2648749546595169,1.3968827957093226,-2.291212330421545,-0.3105429950513764
12.0,208.0,1004.167236328125,-3.4635392767201845,-4.726017483153338,-1.4363158006258083,2.1334699404495807,2.7982929483605963,1.7767159887534585,0.2648749546595169,1.3968827957093226,-2.291212329050014,-0.3105429950513764
12.0,208.0,1004.167236328125,-3.463539276807547,-4.726001118678911,-1.4363158006290586,2.1334699404495807,2.7982928217421787,1.7767159887534585,0.2648749546595169,1.3968827957093226,-2.291212329050014,-0.3105429950513764
12.0,208.0,1004.167236328125,-3.4635392900259503,-4.725968538792387,-1.4363158007431394,2.1334699404495807,2.798275743946005,1.7767159887542958,0.2648749546595169,1.3968827957093226,-2.2912123376319427,-0.3105429950513769
12.0,208.0,1004.167236328125,-3.463539277557831,-4.726008336588709,-1.4363158006261418,2.1334699404495807,2.7982904985300574,1.776715988753454,0.2648749546595169,1.3968827957093226,-2.291212139678318,-0.3105429950513764
12.0,208.0,1004.167236328125,-3.4635392900194164,-4.726000887583536,-1.4363158007510577,2.1334699404495807,2.7982928229537487,1.7767159887542958,0.2648749546595169,1.3968827957093226,-2.2912123312354824,-0.3105429950513769
12.0,208.0,1004.167236328125,-3.463539277557831,-4.726008336588709,-1.436315800622839,2.1334699404495807,2.798291455249276,1.7767159887538282,0.2648749546595169,1.3968827957093226,-2.2912123325680613,-0.3105429950513764
12.0,208.0,1004.167236328125,-3.463539277557831,-4.725987442664355,-1.436315800746894,2.1334699404495807,2.798275919943386,1.7767159887542956,0.2648749546595169,1.3968827957093226,-2.291212337057591,-0.3105429950513836
12.0,208.0,1004.167236328125,-3.463539291661211,-4.725988553756607,-1.4363158007431394,2.1334699404495807,2.7982761628889894,1.7767159887345558,0.2648749546595169,1.3968827957093226,-2.2912123245271427,-0.3105429950513769
12.0,208.0,1004.167236328125,-3.463539277557831,-4.726008336588709,-1.4363158006226648,2.1334699404495807,2.798291462904768,1.776715988753454,0.2648749546595169,1.3968827957093226,-2.291212327490197,-0.3105429950513764
12.0,208.0,1004.167236328125,-3.463539277557831,-4.726005923882742,-1.436315800750979,2.1334699404495807,2.798294680312849,1.7767159887542958,0.2648749546595169,1.3968827957093226,-2.2912123350512,-0.3105429950513836
12.0,208.0,1004.167236328125,-3.4635392900194164,-4.725992142496716,-1.4363158006257872,2.1334699404495807,2.798273203833453,1.7767159887543251,0.2648749546595169,1.3968827957093226,-2.2912123313718613,-0.3105429950513769
12.0,208.0,1004.167236328125,-3.463539289741936,-4.725968538792387,-1.436315800750879,2.1334699404495807,2.798275743946005,1.7767159887542958,0.2648749546595169,1.3968827957093226,-2.291212148883295,-0.3105429950513769
12.0,208.0,1004.167236328125,-3.463539289739092,-4.726000887583536,-1.436315800751132,2.1334699404495807,2.7982928229537487,1.7767159887542978,0.2648749546595169,1.3968827957093226,-2.291212328690913,-0.3105429950513769
12.0,208.0,1004.167236328125,-3.4635392899015183,-4.725985430952498,-1.436315800750979,2.1334699404495807,2.7982754155813705,1.7767159887543056,0.2648749546595169,1.3968827957093226,-2.291212157389966,-0.3105429950513836
12.0,208.0,1004.167236328125,-3.4635392900222595,-4.725968538792387,-1.4363158007431394,2.1334699404495807,2.798275743946005,1.7767159887542958,0.2648749546595169,1.3968827957093226,-2.2912123376319427,-0.3105429950513769
12.0,208.0,1004.167236328125,-3.4635392763814337,-4.725973512654409,-1.4363158006266483,2.1334699404495807,2.798275415685602,1.7767159887538255,0.2648749546595165,1.3968827957093226,-2.2912121662586014,-0.3105429950513682
12.0,209.0,1004.1651000976562,-3.463539277557831,-4.725992283276566,-1.4363158007431696,2.1334699404495807,2.7982762687881424,1.7739680053708071,0.2648749546595169,1.3968827957093226,-2.291212157389966,-0.3105429950514057
12.0,209.0,1004.1651000976562,-3.4635392778082847,-4.725989663073227,-1.436315800743088,2.1334699404495807,2.798276287607609,1.7739737894332297,0.2648749546595169,1.3968827957093226,-2.291212157389966,-0.3105429950513836
12.0,209.0,1004.1651611328124,-3.463539277557831,-4.725990299802407,-1.4363158007380374,2.1334699404495807,2.7982762687881424,1.7739680053708071,0.2648749546595169,1.3968827957093226,-2.291212157389966,-0.3105429950514049
12.0,209.0,1004.1651611328124,-3.4635392896088546,-4.725990299802407,-1.4363158007380374,2.1334699404495807,2.7982762687881424,1.7739680053708071,0.2648749546595169,1.3968827957093226,-2.291212148571858,-0.3105429950513781
12.0,209.0,1004.1652221679688,-3.463539277557831,-4.726008336588709,-1.4363158006214236,2.1334699404495807,2.798275871628828,1.7738769040709303,0.2648749546595169,1.3968827957093226,-2.2912123316508315,-0.3105429950513764
12.0,209.0,1004.1652221679688,-3.4635392896088546,-4.725989562527447,-1.4363158007382706,2.1334699404495807,2.7982762687881424,1.7739252311889286,0.2648749546595169,1.3968827957093226,-2.291212148571858,-0.3105429950513781
12.0,209.0,1004.167236328125,-3.4635392900194164,-4.726000887583536,-1.4363158007510577,2.1334699404495807,2.7982928229537487,1.7767159887542958,0.2648749546595169,1.3968827957093226,-2.2912123312354824,-0.3105429950513769
12.0,209.0,1004.167236328125,-3.4635392900194164,-4.725985295446133,-1.4363158007510577,2.1334699404495807,2.7982928229537487,1.7767159887542958,0.2648749546595169,1.3968827957093226,-2.2912123208915744,-0.3105429950513769
12.0,209.0,1004.167236328125,-3.463539277557831,-4.726008336588709,-1.436315800622839,2.1334699404495807,2.798291462904768,1.776715988753454,0.2648749546595169,1.3968827957093226,-2.291212330326625,-0.3105429950513764
12.0,209.0,1004.167236328125,-3.4635392900194164,-4.725985295446133,-1.4363158006257872,2.1334699404495807,2.7982928229537487,1.7767159887543251,0.2648749546595169,1.3968827957093226,-2.291212329875026,-0.3105429950513769
12.0,209.0,1004.167236328125,-3.463539277557831,-4.72601754992648,-1.4363158006258083,2.1334699404495807,2.798291462904768,1.7767159887534585,0.2648749546595169,1.3968827957093226,-2.291212329050014,-0.3105429950513764
12.0,209.0,1004.167236328125,-3.4635392900194164,-4.726000887583536,-1.4363158007510577,2.1334699404495807,2.7982928229537487,1.7767159887542958,0.2648749546595169,1.3968827957093226,-2.2912123312354824,-0.3105429950513769
12.0,209.0,1004.167236328125,-3.463539289741936,-4.725968538792387,-1.4363158007431394,2.1334699404495807,2.798275743946005,1.7767159887542958,0.2648749546595169,1.3968827957093226,-2.291212148883295,-0.3105429950513769
12.0,209.0,1004.167236328125,-3.463539277557831,-4.725990299802407,-1.4363158006085932,2.1334699404495807,2.798292858619947,1.7767159887340211,0.2648749546595169,1.3968827957093226,-2.291212157389966,-0.3105429950512113
12.0,209.0,1004.167236328125,-3.463539276714946,-4.72601754992648,-1.4363158006258083,2.1334699404495807,2.798291470364918,1.7767159887534585,0.2648749546595169,1.3968827957093226,-2.291212329050014,-0.3105429950513764
12.0,209.0,1004.167236328125,-3.4635392888953223,-4.725968538792387,-1.4363158007431394,2.1334699404495807,2.798275410374309,1.7767159887542958,0.2648749546595169,1.3968827957093226,-2.291212149267071,-0.3105429950513769
12.0,209.0,1004.167236328125,-3.463539276394739,-4.725973512654409,-1.4363158007420018,2.1334699404495807,2.7982751943497948,1.7767159887538255,0.2648749546594354,1.3968827957093226,-2.29121233252424,-0.3105429950513682
12.0,209.0,1004.167236328125,-3.4635392900194164,-4.726000887583536,-1.436315800743102,2.1334699404495807,2.7982928229537487,1.7767159887542978,0.2648749546595169,1.3968827957093226,-2.2912123312354824,-0.3105429950513769
12.0,209.0,1004.167236328125,-3.463539276714946,-4.72601754992648,-1.4363158006258083,2.1334699404495807,2.798291462888963,1.7767159887534585,0.2648749546595169,1.3968827957093226,-2.291212329050014,-0.3105429950513764
12.0,209.0,1004.167236328125,-3.4635392895946167,-4.725985295446133,-1.4363158005918342,2.1334699404495807,2.7982928229537487,1.7767159887336834,0.2648749546595169,1.3968827957093226,-2.291212152079617,-0.3105429950513883
12.0,209.0,1004.167236328125,-3.4635392900222595,-4.725968538792387,-1.4363158007431394,2.1334699404495807,2.798275743946005,1.7767159887542958,0.2648749546595169,1.3968827957093226,-2.2912123376319427,-0.3105429950513769
12.0,209.0,1004.167236328125,-3.463539277557831,-4.726020428273575,-1.4363158006258083,2.1334699404495807,2.798292799531461,1.7767159887534585,0.2648749546595169,1.3968827957093226,-2.291212329050014,-0.3105429950513764
12.0,209.0,1004.167236328125,-3.4635392764063115,-4.725973512654409,-1.4363158007421024,2.1334699404495807,2.798275415685602,1.7767159887538255,0.2648749546594354,1.3968827957093226,-2.2912121613034846,-0.3105429950513682
12.0,209.0,1004.167236328125,-3.463539289739092,-4.726000887583536,-1.436315800743102,2.1334699404495807,2.7982928229537487,1.7767159887542978,0.2648749546595169,1.3968827957093226,-2.2912121424868346,-0.3105429950513769
12.0,209.0,1004.167236328125,-3.463539277557831,-4.726008336588709,-1.436315800622839,2.1334699404495807,2.798291462904768,1.776715988753454,0.2648749546595169,1.3968827957093226,-2.291212330326625,-0.3105429950513764
12.0,209.0,1004.167236328125,-3.463539277557831,-4.725987517477963,-1.436315800746894,2.1334699404495807,2.798275919296416,1.776715988753491,0.2648749546595169,1.3968827957093226,-2.291212157389966,-0.3105429950513836
12.0,209.0,1004.167236328125,-3.46353928961413,-4.725974774800017,-1.436315800743088,2.1334699404495807,2.798275406983235,1.7767159887542958,0.2648749546595169,1.3968827957093226,-2.291212157389966,-0.3105429950513836
12.0,209.0,1004.167236328125,-3.463539277557831,-4.726001219065939,-1.4363158007403765,2.1334699404495807,2.7982754155813705,1.7767159887340211,0.2648749546595169,1.3968827957093226,-2.2912121570375463,-0.3105429950512052
12.0,209.0,1004.167236328125,-3.4635392899996003,-4.726000887583536,-1.4363158007510577,2.1334699404495807,2.7982928229537487,1.7767159887542958,0.2648749546595169,1.3968827957093226,-2.2912123312354824,-0.3105429950513769
12.0,209.0,1004.167236328125,-3.463539277557831,-4.726005923882742,-1.4363158007476762,2.1334699404495807,2.798276379956081,1.7767159887542958,0.2648749546595169,1.3968827957093226,-2.291212348038273,-0.3105429950513836
12.0,209.0,1004.167236328125,-3.463539292104246,-4.725967746771516,-1.4363158007431394,2.1334699404495807,2.7982757342770053,1.7767159887543005,0.2648749546595169,1.3968827957093226,-2.291212324603732,-0.3105429950513769
12.0,209.0,1004.167236328125,-3.463539289029387,-4.725968538792387,-1.4363158007431498,2.1334699404495807,2.798275415652001,1.7767159887542958,0.2648749546595169,1.3968827957093226,-2.291212149267071,-0.3105429950513769
12.0,209.0,1004.167236328125,-3.4635392900194164,-4.726000887583536,-1.436315800743102,2.1334699404495807,2.7982928229537487,1.7767159887542978,0.2648749546595169,1.3968827957093226,-2.2912123312354824,-0.3105429950513769
12.0,209.0,1004.167236328125,-3.463539276394739,-4.725973512654409,-1.4363158007420018,2.1334699404495807,2.7982751943497948,1.7767159887538255,0.2648749546594354,1.3968827957093226,-2.29121233252424,-0.3105429950513682
12.0,209.0,1004.167236328125,-3.4635392900194164,-4.725992142496716,-1.4363158006257872,2.1334699404495807,2.798273203833453,1.7767159887543251,0.2648749546595169,1.3968827957093226,-2.2912123313718613,-0.3105429950513769
12.0,209.0,1004.167236328125,-3.463539277557831,-4.726008232379866,-1.436315800622839,2.1334699404495807,2.798291444456774,1.776715988753454,0.2648749546595169,1.3968827957093226,-2.291212314399881,-0.3105429950513764
12.0,209.0,1004.167236328125,-3.463539277557831,-4.726008336588709,-1.436315800622839,2.1334699404495807,2.7982913046039206,1.776715988753454,0.2648749546595169,1.3968827957093226,-2.291212330421545,-0.3105429950513764
12.0,209.0,1004.167236328125,-3.4635392767201845,-4.726017483153338,-1.4363158006258083,2.1334699404495807,2.7982929483605963,1.7767159887534585,0.2648749546595169,1.3968827957093226,-2.291212329050014,-0.3105429950513764
12.0,209.0,1004.167236328125,-3.463539276807547,-4.726001118678911,-1.4363158006290586,2.1334699404495807,2.7982928217421787,1.7767159887534585,0.2648749546595169,1.3968827957093226,-2.291212329050014,-0.3105429950513764
12.0,209.0,1004.167236328125,-3.4635392900259503,-4.725968538792387,-1.4363158007431394,2.1334699404495807,2.798275743946005,1.7767159887542958,0.2648749546595169,1.3968827957093226,-2.2912123376319427,-0.3105429950513769
12.0,209.0,1004.167236328125,-3.463539277557831,-4.726008336588709,-1.4363158006261418,2.1334699404495807,2.7982904985300574,1.776715988753454,0.2648749546595169,1.3968827957093226,-2.291212139678318,-0.3105429950513764
12.0,209.0,1004.167236328125,-3.4635392900194164,-4.726000887583536,-1.4363158007510577,2.1334699404495807,2.7982928229537487,1.7767159887542958,0.2648749546595169,1.3968827957093226,-2.2912123312354824,-0.3105429950513769
12.0,209.0,1004.167236328125,-3.463539277557831,-4.726008336588709,-1.436315800622839,2.1334699404495807,2.798291455249276,1.7767159887538282,0.2648749546595169,1.3968827957093226,-2.2912123325680613,-0.3105429950513764
12.0,209.0,1004.167236328125,-3.463539277557831,-4.725987442664355,-1.436315800746894,2.1334699404495807,2.798275919943386,1.7767159887542956,0.2648749546595169,1.3968827957093226,-2.291212337057591,-0.3105429950513836
12.0,209.0,1004.167236328125,-3.463539291661211,-4.725988553756607,-1.4363158007431394,2.1334699404495807,2.7982761628889894,1.7767159887345558,0.2648749546595169,1.3968827957093226,-2.2912123245271427,-0.3105429950513769
12.0,209.0,1004.167236328125,-3.463539277557831,-4.726008336588709,-1.4363158006226648,2.1334699404495807,2.798291462904768,1.776715988753454,0.2648749546595169,1.3968827957093226,-2.291212327490197,-0.3105429950513764
12.0,209.0,1004.167236328125,-3.463539277557831,-4.726005923882742,-1.436315800750979,2.1334699404495807,2.798294680312849,1.7767159887542958,0.2648749546595169,1.3968827957093226,-2.2912123350512,-0.3105429950513836
12.0,209.0,1004.167236328125,-3.4635392900194164,-4.725992142496716,-1.4363158006257872,2.1334699404495807,2.798273203833453,1.7767159887543251,0.2648749546595169,1.3968827957093226,-2.2912123313718613,-0.3105429950513769
12.0,209.0,1004.167236328125,-3.463539289741936,-4.725968538792387,-1.436315800750879,2.1334699404495807,2.798275743946005,1.7767159887542958,0.2648749546595169,1.3968827957093226,-2.291212148883295,-0.3105429950513769
12.0,209.0,1004.167236328125,-3.463539289739092,-4.726000887583536,-1.436315800751132,2.1334699404495807,2.7982928229537487,1.7767159887542978,0.2648749546595169,1.3968827957093226,-2.291212328690913,-0.3105429950513769
12.0,210.0,1004.1650390625,-3.463539278044658,-4.726008336588709,-1.4363158006261418,2.1334699404495807,2.798290883581072,1.773972740151021,0.2648749546595169,1.3968827957093226,-2.291212139678318,-0.3105429950513764
12.0,210.0,1004.1651000976562,-3.463539277557831,-4.725992283276566,-1.4363158007431696,2.1334699404495807,2.7982762687881424,1.7739680053708071,0.2648749546595169,1.3968827957093226,-2.291212157389966,-0.3105429950514057
12.0,210.0,1004.1651000976562,-3.4635392778082847,-4.725989663073227,-1.436315800743088,2.1334699404495807,2.798276287607609,1.7739737894332297,0.2648749546595169,1.3968827957093226,-2.291212157389966,-0.3105429950513836
12.0,210.0,1004.1651000976562,-3.4635392896088546,-4.725991047629488,-1.4363158007479035,2.1334699404495807,2.7982763848229464,1.7739680053708071,0.2648749546595169,1.3968827957093226,-2.2912123528121326,-0.3105429950513781
12.0,210.0,1004.1651611328124,-3.463539277557831,-4.725990299802407,-1.4363158007380374,2.1334699404495807,2.7982762687881424,1.7739680053708071,0.2648749546595169,1.3968827957093226,-2.291212157389966,-0.3105429950514049
12.0,210.0,1004.1651611328124,-3.4635392896088546,-4.725990299802407,-1.4363158007380374,2.1334699404495807,2.7982762687881424,1.7739680053708071,0.2648749546595169,1.3968827957093226,-2.291212148571858,-0.3105429950513781
12.0,210.0,1004.1651611328124,-3.4635392776555487,-4.726008336588709,-1.4363158006214236,2.1334699404495807,2.798275871628828,1.7739006176628165,0.2648749546594335,1.3968827957093226,-2.2912123266123725,-0.3105429950513764
12.0,210.0,1004.1652221679688,-3.463539277557831,-4.726008336588709,-1.4363158006214236,2.1334699404495807,2.798275871628828,1.7738769040709303,0.2648749546595169,1.3968827957093226,-2.2912123316508315,-0.3105429950513764
12.0,210.0,1004.1652221679688,-3.4635392896088546,-4.725989562527447,-1.4363158007382706,2.1334699404495807,2.7982762687881424,1.7739252311889286,0.2648749546595169,1.3968827957093226,-2.291212148571858,-0.3105429950513781
12.0,210.0,1004.1652221679688,-3.463539276896671,-4.726008409251414,-1.4363158006214236,2.1334699404495807,2.798275871628828,1.7738769040709303,0.2648749546595169,1.3968827957093226,-2.291212328942278,-0.3105429950513764
12.0,210.0,1004.1652221679688,-3.4635392894316968,-4.725989663073227,-1.4363158005906074,2.1334699404495807,2.798276220215161,1.7739201240002975,0.2648749546595169,1.3968827957093226,-2.291212157389966,-0.3105429950513836
12.0,210.0,1004.1671142578124,-3.4635392775893843,-4.725991884485524,-1.436315800743102,2.1334699404495807,2.7982928229537487,1.776686183724926,0.2648749546595169,1.3968827957093226,-2.2912121666365888,-0.3105429950513777
12.0,210.0,1004.1671752929688,-3.463539277800512,-4.726001331269051,-1.4363158007406085,2.1334699404495807,2.7982763315764028,1.7766916278185785,0.2648749546595169,1.3968827957093226,-2.291212157389966,-0.3105429950513655
12.0,210.0,1004.167236328125,-3.4635392900194164,-4.726000887583536,-1.4363158007510577,2.1334699404495807,2.7982928229537487,1.7767159887542958,0.2648749546595169,1.3968827957093226,-2.2912123312354824,-0.3105429950513769
12.0,210.0,1004.167236328125,-3.4635392900194164,-4.725985295446133,-1.4363158007510577,2.1334699404495807,2.7982928229537487,1.7767159887542958,0.2648749546595169,1.3968827957093226,-2.2912123208915744,-0.3105429950513769
12.0,210.0,1004.167236328125,-3.463539277557831,-4.726008336588709,-1.436315800622839,2.1334699404495807,2.798291462904768,1.776715988753454,0.2648749546595169,1.3968827957093226,-2.291212330326625,-0.3105429950513764
12.0,210.0,1004.167236328125,-3.4635392900194164,-4.725985295446133,-1.4363158006257872,2.1334699404495807,2.7982928229537487,1.7767159887543251,0.2648749546595169,1.3968827957093226,-2.291212329875026,-0.3105429950513769
12.0,210.0,1004.167236328125,-3.463539277557831,-4.72601754992648,-1.4363158006258083,2.1334699404495807,2.798291462904768,1.7767159887534585,0.2648749546595169,1.3968827957093226,-2.291212329050014,-0.3105429950513764
12.0,210.0,1004.167236328125,-3.4635392900194164,-4.726000887583536,-1.4363158007510577,2.1334699404495807,2.7982928229537487,1.7767159887542958,0.2648749546595169,1.3968827957093226,-2.2912123312354824,-0.3105429950513769
12.0,210.0,1004.167236328125,-3.463539289741936,-4.725968538792387,-1.4363158007431394,2.1334699404495807,2.798275743946005,1.7767159887542958,0.2648749546595169,1.3968827957093226,-2.291212148883295,-0.3105429950513769
12.0,210.0,1004.167236328125,-3.463539277557831,-4.725990299802407,-1.4363158006085932,2.1334699404495807,2.798292858619947,1.7767159887340211,0.2648749546595169,1.3968827957093226,-2.291212157389966,-0.3105429950512113
12.0,210.0,1004.167236328125,-3.463539276714946,-4.72601754992648,-1.4363158006258083,2.1334699404495807,2.798291470364918,1.7767159887534585,0.2648749546595169,1.3968827957093226,-2.291212329050014,-0.3105429950513764
12.0,210.0,1004.167236328125,-3.4635392888953223,-4.725968538792387,-1.4363158007431394,2.1334699404495807,2.798275410374309,1.7767159887542958,0.2648749546595169,1.3968827957093226,-2.291212149267071,-0.3105429950513769
12.0,210.0,1004.167236328125,-3.463539276394739,-4.725973512654409,-1.4363158007420018,2.1334699404495807,2.7982751943497948,1.7767159887538255,0.2648749546594354,1.3968827957093226,-2.29121233252424,-0.3105429950513682
12.0,210.0,1004.167236328125,-3.4635392900194164,-4.726000887583536,-1.436315800743102,2.1334699404495807,2.7982928229537487,1.7767159887542978,0.2648749546595169,1.3968827957093226,-2.2912123312354824,-0.3105429950513769
12.0,210.0,1004.167236328125,-3.463539276714946,-4.72601754992648,-1.4363158006258083,2.1334699404495807,2.798291462888963,1.7767159887534585,0.2648749546595169,1.3968827957093226,-2.291212329050014,-0.3105429950513764
12.0,210.0,1004.167236328125,-3.4635392895946167,-4.725985295446133,-1.4363158005918342,2.1334699404495807,2.7982928229537487,1.7767159887336834,0.2648749546595169,1.3968827957093226,-2.291212152079617,-0.3105429950513883
12.0,210.0,1004.167236328125,-3.4635392900222595,-4.725968538792387,-1.4363158007431394,2.1334699404495807,2.798275743946005,1.7767159887542958,0.2648749546595169,1.3968827957093226,-2.2912123376319427,-0.3105429950513769
12.0,210.0,1004.167236328125,-3.463539277557831,-4.726020428273575,-1.4363158006258083,2.1334699404495807,2.798292799531461,1.7767159887534585,0.2648749546595169,1.3968827957093226,-2.291212329050014,-0.3105429950513764
12.0,210.0,1004.167236328125,-3.4635392764063115,-4.725973512654409,-1.4363158007421024,2.1334699404495807,2.798275415685602,1.7767159887538255,0.2648749546594354,1.3968827957093226,-2.2912121613034846,-0.3105429950513682
12.0,210.0,1004.167236328125,-3.463539289739092,-4.726000887583536,-1.436315800743102,2.1334699404495807,2.7982928229537487,1.7767159887542978,0.2648749546595169,1.3968827957093226,-2.2912121424868346,-0.3105429950513769
12.0,210.0,1004.167236328125,-3.463539277557831,-4.726008336588709,-1.436315800622839,2.1334699404495807,2.798291462904768,1.776715988753454,0.2648749546595169,1.3968827957093226,-2.291212330326625,-0.3105429950513764
12.0,210.0,1004.167236328125,-3.463539277557831,-4.725987517477963,-1.436315800746894,2.1334699404495807,2.798275919296416,1.776715988753491,0.2648749546595169,1.3968827957093226,-2.291212157389966,-0.3105429950513836
12.0,210.0,1004.167236328125,-3.46353928961413,-4.725974774800017,-1.436315800743088,2.1334699404495807,2.798275406983235,1.7767159887542958,0.2648749546595169,1.3968827957093226,-2.291212157389966,-0.3105429950513836
12.0,210.0,1004.167236328125,-3.463539277557831,-4.726001219065939,-1.4363158007403765,2.1334699404495807,2.7982754155813705,1.7767159887340211,0.2648749546595169,1.3968827957093226,-2.2912121570375463,-0.3105429950512052
12.0,210.0,1004.167236328125,-3.4635392899996003,-4.726000887583536,-1.4363158007510577,2.1334699404495807,2.7982928229537487,1.7767159887542958,0.2648749546595169,1.3968827957093226,-2.2912123312354824,-0.3105429950513769
12.0,210.0,1004.167236328125,-3.463539277557831,-4.726005923882742,-1.4363158007476762,2.1334699404495807,2.798276379956081,1.7767159887542958,0.2648749546595169,1.3968827957093226,-2.291212348038273,-0.3105429950513836
12.0,210.0,1004.167236328125,-3.463539292104246,-4.725967746771516,-1.4363158007431394,2.1334699404495807,2.7982757342770053,1.7767159887543005,0.2648749546595169,1.3968827957093226,-2.291212324603732,-0.3105429950513769
12.0,210.0,1004.167236328125,-3.463539289029387,-4.725968538792387,-1.4363158007431498,2.1334699404495807,2.798275415652001,1.7767159887542958,0.2648749546595169,1.3968827957093226,-2.291212149267071,-0.3105429950513769
12.0,210.0,1004.167236328125,-3.4635392900194164,-4.726000887583536,-1.436315800743102,2.1334699404495807,2.7982928229537487,1.7767159887542978,0.2648749546595169,1.3968827957093226,-2.2912123312354824,-0.3105429950513769
12.0,210.0,1004.167236328125,-3.463539276394739,-4.725973512654409,-1.4363158007420018,2.1334699404495807,2.7982751943497948,1.7767159887538255,0.2648749546594354,1.3968827957093226,-2.29121233252424,-0.3105429950513682
12.0,210.0,1004.167236328125,-3.4635392900194164,-4.725992142496716,-1.4363158006257872,2.1334699404495807,2.798273203833453,1.7767159887543251,0.2648749546595169,1.3968827957093226,-2.2912123313718613,-0.3105429950513769
12.0,210.0,1004.167236328125,-3.463539277557831,-4.726008232379866,-1.436315800622839,2.1334699404495807,2.798291444456774,1.776715988753454,0.2648749546595169,1.3968827957093226,-2.291212314399881,-0.3105429950513764
12.0,210.0,1004.167236328125,-3.463539277557831,-4.726008336588709,-1.436315800622839,2.1334699404495807,2.7982913046039206,1.776715988753454,0.2648749546595169,1.3968827957093226,-2.291212330421545,-0.3105429950513764
12.0,210.0,1004.167236328125,-3.4635392767201845,-4.726017483153338,-1.4363158006258083,2.1334699404495807,2.7982929483605963,1.7767159887534585,0.2648749546595169,1.3968827957093226,-2.291212329050014,-0.3105429950513764
12.0,210.0,1004.167236328125,-3.463539276807547,-4.726001118678911,-1.4363158006290586,2.1334699404495807,2.7982928217421787,1.7767159887534585,0.2648749546595169,1.3968827957093226,-2.291212329050014,-0.3105429950513764
12.0,210.0,1004.167236328125,-3.4635392900259503,-4.725968538792387,-1.4363158007431394,2.1334699404495807,2.798275743946005,1.7767159887542958,0.2648749546595169,1.3968827957093226,-2.2912123376319427,-0.3105429950513769
12.0,210.0,1004.167236328125,-3.463539277557831,-4.726008336588709,-1.4363158006261418,2.1334699404495807,2.7982904985300574,1.776715988753454,0.2648749546595169,1.3968827957093226,-2.291212139678318,-0.3105429950513764
12.0,210.0,1004.167236328125,-3.4635392900194164,-4.726000887583536,-1.4363158007510577,2.1334699404495807,2.7982928229537487,1.7767159887542958,0.2648749546595169,1.3968827957093226,-2.2912123312354824,-0.3105429950513769
12.0,210.0,1004.167236328125,-3.463539277557831,-4.726008336588709,-1.436315800622839,2.1334699404495807,2.798291455249276,1.7767159887538282,0.2648749546595169,1.3968827957093226,-2.2912123325680613,-0.3105429950513764
12.0,211.0,1004.1650390625,-3.463539278044658,-4.726008336588709,-1.4363158006261418,2.1334699404495807,2.798290883581072,1.773972740151021,0.2648749546595169,1.3968827957093226,-2.291212139678318,-0.3105429950513764
12.0,211.0,1004.1651000976562,-3.463539277557831,-4.725992283276566,-1.4363158007431696,2.1334699404495807,2.7982762687881424,1.7739680053708071,0.2648749546595169,1.3968827957093226,-2.291212157389966,-0.3105429950514057
12.0,211.0,1004.1651000976562,-3.4635392778082847,-4.725989663073227,-1.436315800743088,2.1334699404495807,2.798276287607609,1.7739737894332297,0.2648749546595169,1.3968827957093226,-2.291212157389966,-0.3105429950513836
12.0,211.0,1004.1651000976562,-3.4635392896088546,-4.725991047629488,-1.4363158007479035,2.1334699404495807,2.7982763848229464,1.7739680053708071,0.2648749546595169,1.3968827957093226,-2.2912123528121326,-0.3105429950513781
12.0,211.0,1004.1651000976562,-3.463539277557831,-4.725992283276566,-1.4363158007431691,2.1334699404495807,2.7982762687881424,1.7739680302442815,0.2648749546595169,1.3968827957093226,-2.291212157389966,-0.3105429950514056
12.0,211.0,1004.1651611328124,-3.463539277557831,-4.725990299802407,-1.4363158007380374,2.1334699404495807,2.7982762687881424,1.7739680053708071,0.2648749546595169,1.3968827957093226,-2.291212157389966,-0.3105429950514049
12.0,211.0,1004.1651611328124,-3.4635392896088546,-4.725990299802407,-1.4363158007380374,2.1334699404495807,2.7982762687881424,1.7739680053708071,0.2648749546595169,1.3968827957093226,-2.291212148571858,-0.3105429950513781
12.0,211.0,1004.1651611328124,-3.4635392776555487,-4.726008336588709,-1.4363158006214236,2.1334699404495807,2.798275871628828,1.7739006176628165,0.2648749546594335,1.3968827957093226,-2.2912123266123725,-0.3105429950513764
12.0,211.0,1004.1651611328124,-3.463539277557831,-4.725992283276566,-1.4363158007431696,2.1334699404495807,2.7982762687881424,1.7739402043226782,0.2648749546595169,1.3968827957093226,-2.291212157389966,-0.3105429950514057
12.0,211.0,1004.1652221679688,-3.463539277557831,-4.726008336588709,-1.4363158006214236,2.1334699404495807,2.798275871628828,1.7738769040709303,0.2648749546595169,1.3968827957093226,-2.2912123316508315,-0.3105429950513764
12.0,211.0,1004.1652221679688,-3.4635392896088546,-4.725989562527447,-1.4363158007382706,2.1334699404495807,2.7982762687881424,1.7739252311889286,0.2648749546595169,1.3968827957093226,-2.291212148571858,-0.3105429950513781
12.0,211.0,1004.1652221679688,-3.463539276896671,-4.726008409251414,-1.4363158006214236,2.1334699404495807,2.798275871628828,1.7738769040709303,0.2648749546595169,1.3968827957093226,-2.291212328942278,-0.3105429950513764
12.0,211.0,1004.1652221679688,-3.4635392894316968,-4.725989663073227,-1.4363158005906074,2.1334699404495807,2.798276220215161,1.7739201240002975,0.2648749546595169,1.3968827957093226,-2.291212157389966,-0.3105429950513836
12.0,211.0,1004.1652221679688,-3.4635392896150776,-4.725989663073227,-1.4363158005906074,2.1334699404495807,2.7982762184559373,1.7739201240002975,0.2648749546595169,1.3968827957093226,-2.2912123532973543,-0.3105429950513836
12.0,211.0,1004.1652221679688,-3.463539277557831,-4.725968983871943,-1.4363158007380676,2.1334699404495807,2.7982762687881424,1.7739680053708071,0.2648749546595169,1.3968827957093226,-2.291212157389966,-0.3105429950514049
12.0,211.0,1004.1652221679688,-3.4635392896088546,-4.725968950410312,-1.436315800738108,2.1334699404495807,2.7982763040644114,1.7739680053708071,0.2648749546595169,1.3968827957093226,-2.291212148571858,-0.3105429950513781
12.0,211.0,1004.165283203125,-3.463539276896671,-4.726008409251414,-1.436315800621806,2.1334699404495807,2.798275871628828,1.7738280760172531,0.2648749546595169,1.3968827957093226,-2.291212328942278,-0.3105429950513764
12.0,211.0,1004.1653442382812,-3.463539277557831,-4.726008452280641,-1.4363158006214236,2.1334699404495807,2.798275548137113,1.773820352882267,0.2648749546595169,1.3968827957093226,-2.291212331544552,-0.3105429950513764
12.0,211.0,1004.166748046875,-3.4635392765256645,-4.725973512654409,-1.4363158007420018,2.1334699404495807,2.7982758571754047,1.7765417654946083,0.2648749546594354,1.3968827957093226,-2.2912123320734934,-0.3105429950513682
12.0,211.0,1004.1668090820312,-3.463539277557831,-4.725990299802407,-1.4363158006125332,2.1334699404495807,2.7982764309481376,1.776574282364819,0.2648749546595169,1.3968827957093226,-2.291212157389966,-0.3105429950512096
12.0,211.0,1004.1668701171876,-3.4635392900259503,-4.725988997987925,-1.4363158007431394,2.1334699404495807,2.7982762916340858,1.776588424198792,0.2648749546595169,1.3968827957093226,-2.2912121572062274,-0.3105429950513769
12.0,211.0,1004.1671142578124,-3.4635392775893843,-4.725991884485524,-1.436315800743102,2.1334699404495807,2.7982928229537487,1.776686183724926,0.2648749546595169,1.3968827957093226,-2.2912121666365888,-0.3105429950513777
12.0,211.0,1004.1671142578124,-3.4635392775893843,-4.725991884485524,-1.436315800743102,2.1334699404495807,2.7982928229537487,1.7766851710741367,0.2648749546595169,1.3968827957093226,-2.2912123434526315,-0.3105429950513777
12.0,211.0,1004.1671752929688,-3.463539277800512,-4.726001331269051,-1.4363158007406085,2.1334699404495807,2.7982763315764028,1.7766916278185785,0.2648749546595169,1.3968827957093226,-2.291212157389966,-0.3105429950513655
12.0,211.0,1004.1671752929688,-3.463539277800512,-4.726001778124361,-1.4363158007406085,2.1334699404495807,2.7982763315764028,1.7766916278185785,0.2648749546595169,1.3968827957093226,-2.291212153718168,-0.3105429950513655
12.0,211.0,1004.1671752929688,-3.4635392775893843,-4.726018381084671,-1.436315800743102,2.1334699404495807,2.7982928229537487,1.776686183724926,0.2648749546595169,1.3968827957093226,-2.2912121666365888,-0.3105429950513777
12.0,211.0,1004.167236328125,-3.4635392900194164,-4.726000887583536,-1.4363158007510577,2.1334699404495807,2.7982928229537487,1.7767159887542958,0.2648749546595169,1.3968827957093226,-2.2912123312354824,-0.3105429950513769
12.0,211.0,1004.167236328125,-3.4635392900194164,-4.725985295446133,-1.4363158007510577,2.1334699404495807,2.7982928229537487,1.7767159887542958,0.2648749546595169,1.3968827957093226,-2.2912123208915744,-0.3105429950513769
12.0,211.0,1004.167236328125,-3.463539277557831,-4.726008336588709,-1.436315800622839,2.1334699404495807,2.798291462904768,1.776715988753454,0.2648749546595169,1.3968827957093226,-2.291212330326625,-0.3105429950513764
12.0,211.0,1004.167236328125,-3.4635392900194164,-4.725985295446133,-1.4363158006257872,2.1334699404495807,2.7982928229537487,1.7767159887543251,0.2648749546595169,1.3968827957093226,-2.291212329875026,-0.3105429950513769
12.0,211.0,1004.167236328125,-3.463539277557831,-4.72601754992648,-1.4363158006258083,2.1334699404495807,2.798291462904768,1.7767159887534585,0.2648749546595169,1.3968827957093226,-2.291212329050014,-0.3105429950513764
12.0,211.0,1004.167236328125,-3.4635392900194164,-4.726000887583536,-1.4363158007510577,2.1334699404495807,2.7982928229537487,1.7767159887542958,0.2648749546595169,1.3968827957093226,-2.2912123312354824,-0.3105429950513769
12.0,211.0,1004.167236328125,-3.463539289741936,-4.725968538792387,-1.4363158007431394,2.1334699404495807,2.798275743946005,1.7767159887542958,0.2648749546595169,1.3968827957093226,-2.291212148883295,-0.3105429950513769
12.0,211.0,1004.167236328125,-3.463539277557831,-4.725990299802407,-1.4363158006085932,2.1334699404495807,2.798292858619947,1.7767159887340211,0.2648749546595169,1.3968827957093226,-2.291212157389966,-0.3105429950512113
12.0,211.0,1004.167236328125,-3.463539276714946,-4.72601754992648,-1.4363158006258083,2.1334699404495807,2.798291470364918,1.7767159887534585,0.2648749546595169,1.3968827957093226,-2.291212329050014,-0.3105429950513764
12.0,211.0,1004.167236328125,-3.4635392888953223,-4.725968538792387,-1.4363158007431394,2.1334699404495807,2.798275410374309,1.7767159887542958,0.2648749546595169,1.3968827957093226,-2.291212149267071,-0.3105429950513769
12.0,211.0,1004.167236328125,-3.463539276394739,-4.725973512654409,-1.4363158007420018,2.1334699404495807,2.7982751943497948,1.7767159887538255,0.2648749546594354,1.3968827957093226,-2.29121233252424,-0.3105429950513682
12.0,211.0,1004.167236328125,-3.4635392900194164,-4.726000887583536,-1.436315800743102,2.1334699404495807,2.7982928229537487,1.7767159887542978,0.2648749546595169,1.3968827957093226,-2.2912123312354824,-0.3105429950513769
12.0,211.0,1004.167236328125,-3.463539276714946,-4.72601754992648,-1.4363158006258083,2.1334699404495807,2.798291462888963,1.7767159887534585,0.2648749546595169,1.3968827957093226,-2.291212329050014,-0.3105429950513764
12.0,211.0,1004.167236328125,-3.4635392895946167,-4.725985295446133,-1.4363158005918342,2.1334699404495807,2.7982928229537487,1.7767159887336834,0.2648749546595169,1.3968827957093226,-2.291212152079617,-0.3105429950513883
12.0,211.0,1004.167236328125,-3.4635392900222595,-4.725968538792387,-1.4363158007431394,2.1334699404495807,2.798275743946005,1.7767159887542958,0.2648749546595169,1.3968827957093226,-2.2912123376319427,-0.3105429950513769
12.0,211.0,1004.167236328125,-3.463539277557831,-4.726020428273575,-1.4363158006258083,2.1334699404495807,2.798292799531461,1.7767159887534585,0.2648749546595169,1.3968827957093226,-2.291212329050014,-0.3105429950513764
12.0,211.0,1004.167236328125,-3.4635392764063115,-4.725973512654409,-1.4363158007421024,2.1334699404495807,2.798275415685602,1.7767159887538255,0.2648749546594354,1.3968827957093226,-2.2912121613034846,-0.3105429950513682
12.0,211.0,1004.167236328125,-3.463539289739092,-4.726000887583536,-1.436315800743102,2.1334699404495807,2.7982928229537487,1.7767159887542978,0.2648749546595169,1.3968827957093226,-2.2912121424868346,-0.3105429950513769
12.0,211.0,1004.167236328125,-3.463539277557831,-4.726008336588709,-1.436315800622839,2.1334699404495807,2.798291462904768,1.776715988753454,0.2648749546595169,1.3968827957093226,-2.291212330326625,-0.3105429950513764
12.0,211.0,1004.167236328125,-3.463539277557831,-4.725987517477963,-1.436315800746894,2.1334699404495807,2.798275919296416,1.776715988753491,0.2648749546595169,1.3968827957093226,-2.291212157389966,-0.3105429950513836
12.0,211.0,1004.167236328125,-3.46353928961413,-4.725974774800017,-1.436315800743088,2.1334699404495807,2.798275406983235,1.7767159887542958,0.2648749546595169,1.3968827957093226,-2.291212157389966,-0.3105429950513836
12.0,211.0,1004.167236328125,-3.463539277557831,-4.726001219065939,-1.4363158007403765,2.1334699404495807,2.7982754155813705,1.7767159887340211,0.2648749546595169,1.3968827957093226,-2.2912121570375463,-0.3105429950512052
12.0,211.0,1004.167236328125,-3.4635392899996003,-4.726000887583536,-1.4363158007510577,2.1334699404495807,2.7982928229537487,1.7767159887542958,0.2648749546595169,1.3968827957093226,-2.2912123312354824,-0.3105429950513769
12.0,211.0,1004.167236328125,-3.463539277557831,-4.726005923882742,-1.4363158007476762,2.1334699404495807,2.798276379956081,1.7767159887542958,0.2648749546595169,1.3968827957093226,-2.291212348038273,-0.3105429950513836
12.0,212.0,1004.1650390625,-3.463539278044658,-4.726008336588709,-1.4363158006261418,2.1334699404495807,2.798290883581072,1.773972740151021,0.2648749546595169,1.3968827957093226,-2.291212139678318,-0.3105429950513764
12.0,212.0,1004.1650390625,-3.4635392775518965,-4.72600833912019,-1.436315800621388,2.1334699404495807,2.798290883581072,1.7739665377792622,0.2648749546595169,1.3968827957093226,-2.29121213530713,-0.3105429950513764
12.0,212.0,1004.1650390625,-3.463539277557831,-4.726022226630325,-1.4363158007431691,2.1334699404495807,2.798276457492167,1.7739680302442815,0.2648749546595169,1.3968827957093226,-2.291212157389966,-0.3105429950513746
12.0,212.0,1004.1651000976562,-3.463539277557831,-4.725992283276566,-1.4363158007431696,2.1334699404495807,2.7982762687881424,1.7739680053708071,0.2648749546595169,1.3968827957093226,-2.291212157389966,-0.3105429950514057
12.0,212.0,1004.1651000976562,-3.4635392778082847,-4.725989663073227,-1.436315800743088,2.1334699404495807,2.798276287607609,1.7739737894332297,0.2648749546595169,1.3968827957093226,-2.291212157389966,-0.3105429950513836
12.0,212.0,1004.1651000976562,-3.4635392896088546,-4.725991047629488,-1.4363158007479035,2.1334699404495807,2.7982763848229464,1.7739680053708071,0.2648749546595169,1.3968827957093226,-2.2912123528121326,-0.3105429950513781
12.0,212.0,1004.1651000976562,-3.463539277557831,-4.725992283276566,-1.4363158007431691,2.1334699404495807,2.7982762687881424,1.7739680302442815,0.2648749546595169,1.3968827957093226,-2.291212157389966,-0.3105429950514056
12.0,212.0,1004.1651000976562,-3.463539277557831,-4.725992283276566,-1.4363158007431696,2.1334699404495807,2.7982762687881424,1.7739680053708071,0.2648749546595169,1.3968827957093226,-2.291212157389966,-0.3105429950514057
12.0,212.0,1004.1651000976562,-3.4635392778053724,-4.725989663073227,-1.436315800743088,2.1334699404495807,2.798276287607609,1.7739737894332297,0.2648749546595169,1.3968827957093226,-2.2912121571547623,-0.3105429950513836
12.0,212.0,1004.1651000976562,-3.4635392775625244,-4.725991026684774,-1.4363158007431387,2.1334699404495807,2.7982762687881424,1.7739678044863485,0.2648749546595169,1.3968827957093226,-2.291212157389966,-0.3105429950513779
12.0,212.0,1004.1651000976562,-3.463539290154078,-4.726008274623652,-1.436315800615471,2.1334699404495807,2.79827587146424,1.7739646870346568,0.2648749546594307,1.3968827957093226,-2.291212148571858,-0.3105429950513781
12.0,212.0,1004.1651611328124,-3.463539277557831,-4.725990299802407,-1.4363158007380374,2.1334699404495807,2.7982762687881424,1.7739680053708071,0.2648749546595169,1.3968827957093226,-2.291212157389966,-0.3105429950514049
12.0,212.0,1004.1651611328124,-3.4635392896088546,-4.725990299802407,-1.4363158007380374,2.1334699404495807,2.7982762687881424,1.7739680053708071,0.2648749546595169,1.3968827957093226,-2.291212148571858,-0.3105429950513781
12.0,212.0,1004.1651611328124,-3.4635392776555487,-4.726008336588709,-1.4363158006214236,2.1334699404495807,2.798275871628828,1.7739006176628165,0.2648749546594335,1.3968827957093226,-2.2912123266123725,-0.3105429950513764
12.0,212.0,1004.1651611328124,-3.463539277557831,-4.725992283276566,-1.4363158007431696,2.1334699404495807,2.7982762687881424,1.7739402043226782,0.2648749546595169,1.3968827957093226,-2.291212157389966,-0.3105429950514057
12.0,212.0,1004.1651611328124,-3.463539289604161,-4.725992304221279,-1.4363158007479344,2.1334699404495807,2.7982763848229464,1.773940405207137,0.2648749546595169,1.3968827957093226,-2.2912123528121326,-0.310542995051406
12.0,212.0,1004.1651611328124,-3.463539289816076,-4.725992291388095,-1.4363158007431696,2.1334699404495807,2.7982762187528167,1.7739402043226782,0.2648749546595169,1.3968827957093226,-2.291212157389966,-0.3105429950514057
12.0,212.0,1004.1651611328124,-3.4635392895803543,-4.725991031459055,-1.4363158007479035,2.1334699404495807,2.7982763848229464,1.7739463942975324,0.2648749546595169,1.3968827957093226,-2.2912123528121326,-0.3105429950511983
12.0,212.0,1004.1652221679688,-3.463539277557831,-4.726008336588709,-1.4363158006214236,2.1334699404495807,2.798275871628828,1.7738769040709303,0.2648749546595169,1.3968827957093226,-2.2912123316508315,-0.3105429950513764
12.0,212.0,1004.1652221679688,-3.4635392896088546,-4.725989562527447,-1.4363158007382706,2.1334699404495807,2.7982762687881424,1.7739252311889286,0.2648749546595169,1.3968827957093226,-2.291212148571858,-0.3105429950513781
12.0,212.0,1004.1652221679688,-3.463539276896671,-4.726008409251414,-1.4363158006214236,2.1334699404495807,2.798275871628828,1.7738769040709303,0.2648749546595169,1.3968827957093226,-2.291212328942278,-0.3105429950513764
12.0,212.0,1004.1652221679688,-3.4635392894316968,-4.725989663073227,-1.4363158005906074,2.1334699404495807,2.798276220215161,1.7739201240002975,0.2648749546595169,1.3968827957093226,-2.291212157389966,-0.3105429950513836
12.0,212.0,1004.1652221679688,-3.4635392896150776,-4.725989663073227,-1.4363158005906074,2.1334699404495807,2.7982762184559373,1.7739201240002975,0.2648749546595169,1.3968827957093226,-2.2912123532973543,-0.3105429950513836
12.0,212.0,1004.1652221679688,-3.463539277557831,-4.725968983871943,-1.4363158007380676,2.1334699404495807,2.7982762687881424,1.7739680053708071,0.2648749546595169,1.3968827957093226,-2.291212157389966,-0.3105429950514049
12.0,212.0,1004.1652221679688,-3.4635392896088546,-4.725968950410312,-1.436315800738108,2.1334699404495807,2.7982763040644114,1.7739680053708071,0.2648749546595169,1.3968827957093226,-2.291212148571858,-0.3105429950513781
12.0,212.0,1004.1652221679688,-3.463539277557831,-4.725968983871943,-1.4363158007380676,2.1334699404495807,2.7982762687881424,1.7739680053708071,0.2648749546595169,1.3968827957093226,-2.291212157389966,-0.3105429950514049
12.0,212.0,1004.1652221679688,-3.463539277557831,-4.726007457287736,-1.4363158006214287,2.1334699404495807,2.798275995933363,1.7738674945232449,0.2648749546595169,1.3968827957093226,-2.2912123316508315,-0.3105429950513748
12.0,212.0,1004.1652221679688,-3.4635392771103253,-4.725990361767465,-1.43631580074399,2.1334699404495807,2.7982762689527303,1.7739039359989668,0.2648749546595198,1.3968827957093226,-2.2912123266123725,-0.3105429950513764
12.0,212.0,1004.1652221679688,-3.463539276896671,-4.726008409251414,-1.4363158006214236,2.1334699404495807,2.798275871628828,1.7738769040709303,0.2648749546595169,1.3968827957093226,-2.291212328942278,-0.3105429950513764
12.0,212.0,1004.165283203125,-3.463539276896671,-4.726008409251414,-1.436315800621806,2.1334699404495807,2.798275871628828,1.7738280760172531,0.2648749546595169,1.3968827957093226,-2.291212328942278,-0.3105429950513764
12.0,212.0,1004.165283203125,-3.463539278050592,-4.726008449749161,-1.4363158006261778,2.1334699404495807,2.798275548137113,1.773826555254026,0.2648749546595169,1.3968827957093226,-2.2912123359157395,-0.3105429950513764
12.0,212.0,1004.1653442382812,-3.463539277557831,-4.726008452280641,-1.4363158006214236,2.1334699404495807,2.798275548137113,1.773820352882267,0.2648749546595169,1.3968827957093226,-2.291212331544552,-0.3105429950513764
12.0,212.0,1004.1653442382812,-3.463539276691515,-4.725989880759098,-1.4363158005794363,2.1334699404495807,2.798276220215161,1.773829114243047,0.2648749546595139,1.3968827957093226,-2.291212346210334,-0.3105429950513836
12.0,212.0,1004.166748046875,-3.4635392765256645,-4.725973512654409,-1.4363158007420018,2.1334699404495807,2.7982758571754047,1.7765417654946083,0.2648749546594354,1.3968827957093226,-2.2912123320734934,-0.3105429950513682
12.0,212.0,1004.1668090820312,-3.463539277557831,-4.725990299802407,-1.4363158006125332,2.1334699404495807,2.7982764309481376,1.776574282364819,0.2648749546595169,1.3968827957093226,-2.291212157389966,-0.3105429950512096
12.0,212.0,1004.1668701171876,-3.4635392900259503,-4.725988997987925,-1.4363158007431394,2.1334699404495807,2.7982762916340858,1.776588424198792,0.2648749546595169,1.3968827957093226,-2.2912121572062274,-0.3105429950513769
12.0,212.0,1004.1671142578124,-3.4635392775893843,-4.725991884485524,-1.436315800743102,2.1334699404495807,2.7982928229537487,1.776686183724926,0.2648749546595169,1.3968827957093226,-2.2912121666365888,-0.3105429950513777
12.0,212.0,1004.1671142578124,-3.4635392775893843,-4.725991884485524,-1.436315800743102,2.1334699404495807,2.7982928229537487,1.7766851710741367,0.2648749546595169,1.3968827957093226,-2.2912123434526315,-0.3105429950513777
12.0,212.0,1004.1671142578124,-3.4635392775922966,-4.725991884485524,-1.4363158007431018,2.1334699404495807,2.7982928229537487,1.776686183724926,0.2648749546595169,1.3968827957093226,-2.291212166871792,-0.3105429950513777
12.0,212.0,1004.1671752929688,-3.463539277800512,-4.726001331269051,-1.4363158007406085,2.1334699404495807,2.7982763315764028,1.7766916278185785,0.2648749546595169,1.3968827957093226,-2.291212157389966,-0.3105429950513655
12.0,212.0,1004.1671752929688,-3.463539277800512,-4.726001778124361,-1.4363158007406085,2.1334699404495807,2.7982763315764028,1.7766916278185785,0.2648749546595169,1.3968827957093226,-2.291212153718168,-0.3105429950513655
12.0,212.0,1004.1671752929688,-3.4635392775893843,-4.726018381084671,-1.436315800743102,2.1334699404495807,2.7982928229537487,1.776686183724926,0.2648749546595169,1.3968827957093226,-2.2912121666365888,-0.3105429950513777
12.0,212.0,1004.1671752929688,-3.46353927671778,-4.725991884485524,-1.436315800743102,2.1334699404495807,2.7982928229537487,1.776686183724926,0.2648749546595169,1.3968827957093226,-2.2912123231404973,-0.3105429950513777
12.0,212.0,1004.1671752929688,-3.4635392763045507,-4.726019713815544,-1.4363158007382264,2.1334699404495807,2.7982928229537487,1.776686183724926,0.2648749546595169,1.3968827957093226,-2.291212167503015,-0.3105429950513777
12.0,212.0,1004.1671752929688,-3.4635392775893843,-4.726018381084671,-1.436315800743102,2.1334699404495807,2.7982928229537487,1.776686183724926,0.2648749546595169,1.3968827957093226,-2.2912121573160684,-0.3105429950513777
12.0,212.0,1004.1671752929688,-3.463539277800512,-4.726001331269051,-1.4363158007406085,2.1334699404495807,2.7982763315764028,1.7766916278185785,0.2648749546595169,1.3968827957093226,-2.291212157389966,-0.3105429950513655
12.0,212.0,1004.167236328125,-3.4635392900194164,-4.726000887583536,-1.4363158007510577,2.1334699404495807,2.7982928229537487,1.7767159887542958,0.2648749546595169,1.3968827957093226,-2.2912123312354824,-0.3105429950513769
12.0,212.0,1004.167236328125,-3.4635392900194164,-4.725985295446133,-1.4363158007510577,2.1334699404495807,2.7982928229537487,1.7767159887542958,0.2648749546595169,1.3968827957093226,-2.2912123208915744,-0.3105429950513769
12.0,212.0,1004.167236328125,-3.463539277557831,-4.726008336588709,-1.436315800622839,2.1334699404495807,2.798291462904768,1.776715988753454,0.2648749546595169,1.3968827957093226,-2.291212330326625,-0.3105429950513764
12.0,212.0,1004.167236328125,-3.4635392900194164,-4.725985295446133,-1.4363158006257872,2.1334699404495807,2.7982928229537487,1.7767159887543251,0.2648749546595169,1.3968827957093226,-2.291212329875026,-0.3105429950513769
12.0,213.0,1004.1650390625,-3.463539278044658,-4.726008336588709,-1.4363158006261418,2.1334699404495807,2.798290883581072,1.773972740151021,0.2648749546595169,1.3968827957093226,-2.291212139678318,-0.3105429950513764
12.0,213.0,1004.1650390625,-3.4635392775518965,-4.72600833912019,-1.436315800621388,2.1334699404495807,2.798290883581072,1.7739665377792622,0.2648749546595169,1.3968827957093226,-2.29121213530713,-0.3105429950513764
12.0,213.0,1004.1650390625,-3.463539277557831,-4.726022226630325,-1.4363158007431691,2.1334699404495807,2.798276457492167,1.7739680302442815,0.2648749546595169,1.3968827957093226,-2.291212157389966,-0.3105429950513746
12.0,213.0,1004.1650390625,-3.463539290154078,-4.726013395487686,-1.436315800615471,2.1334699404495807,2.798275857317137,1.773968969109303,0.2648749546594307,1.3968827957093226,-2.291212148571858,-0.3105429950513781
12.0,213.0,1004.1650390625,-3.463539278044658,-4.726008336588709,-1.4363158006261418,2.1334699404495807,2.79829013210366,1.7739704498801188,0.2648749546595169,1.3968827957093226,-2.291212141566385,-0.3105429950513764
12.0,213.0,1004.1650390625,-3.463539277557831,-4.726022226630325,-1.4363158007431691,2.1334699404495807,2.798276457492167,1.7739680302442815,0.2648749546595169,1.3968827957093226,-2.291212157389966,-0.3105429950513746
12.0,213.0,1004.1650390625,-3.463539277557831,-4.726022226630325,-1.4363158006167989,2.1334699404495807,2.798276458976059,1.7739650485166611,0.2648749546595169,1.3968827957093226,-2.291212157389966,-0.3105429950513746
12.0,213.0,1004.1651000976562,-3.463539277557831,-4.725992283276566,-1.4363158007431696,2.1334699404495807,2.7982762687881424,1.7739680053708071,0.2648749546595169,1.3968827957093226,-2.291212157389966,-0.3105429950514057
12.0,213.0,1004.1651000976562,-3.4635392778082847,-4.725989663073227,-1.436315800743088,2.1334699404495807,2.798276287607609,1.7739737894332297,0.2648749546595169,1.3968827957093226,-2.291212157389966,-0.3105429950513836
12.0,213.0,1004.1651000976562,-3.4635392896088546,-4.725991047629488,-1.4363158007479035,2.1334699404495807,2.7982763848229464,1.7739680053708071,0.2648749546595169,1.3968827957093226,-2.2912123528121326,-0.3105429950513781
12.0,213.0,1004.1651000976562,-3.463539277557831,-4.725992283276566,-1.4363158007431691,2.1334699404495807,2.7982762687881424,1.7739680302442815,0.2648749546595169,1.3968827957093226,-2.291212157389966,-0.3105429950514056
12.0,213.0,1004.1651000976562,-3.463539277557831,-4.725992283276566,-1.4363158007431696,2.1334699404495807,2.7982762687881424,1.7739680053708071,0.2648749546595169,1.3968827957093226,-2.291212157389966,-0.3105429950514057
12.0,213.0,1004.1651000976562,-3.4635392778053724,-4.725989663073227,-1.436315800743088,2.1334699404495807,2.798276287607609,1.7739737894332297,0.2648749546595169,1.3968827957093226,-2.2912121571547623,-0.3105429950513836
12.0,213.0,1004.1651000976562,-3.4635392775625244,-4.725991026684774,-1.4363158007431387,2.1334699404495807,2.7982762687881424,1.7739678044863485,0.2648749546595169,1.3968827957093226,-2.291212157389966,-0.3105429950513779
12.0,213.0,1004.1651000976562,-3.463539290154078,-4.726008274623652,-1.436315800615471,2.1334699404495807,2.79827587146424,1.7739646870346568,0.2648749546594307,1.3968827957093226,-2.291212148571858,-0.3105429950513781
12.0,213.0,1004.1651000976562,-3.4635392896081973,-4.725989663073227,-1.436315800743088,2.1334699404495807,2.798276287607609,1.7739737894332297,0.2648749546595169,1.3968827957093226,-2.291212349222932,-0.3105429950513836
12.0,213.0,1004.1651000976562,-3.463539277557831,-4.725992283276566,-1.4363158007431691,2.1334699404495807,2.7982762687881424,1.7739680302442815,0.2648749546595169,1.3968827957093226,-2.291212157389966,-0.3105429950514056
12.0,213.0,1004.1651000976562,-3.463539277557831,-4.725992283276566,-1.4363158007431696,2.1334699404495807,2.7982762687881424,1.7739680053708071,0.2648749546595169,1.3968827957093226,-2.291212157389966,-0.3105429950514057
12.0,213.0,1004.1651000976562,-3.463539289604161,-4.725992304221279,-1.4363158007370342,2.1334699404495807,2.798276382264397,1.7739667139717004,0.2648749546595169,1.3968827957093226,-2.291212160586329,-0.310542995051406
12.0,213.0,1004.1651611328124,-3.463539277557831,-4.725990299802407,-1.4363158007380374,2.1334699404495807,2.7982762687881424,1.7739680053708071,0.2648749546595169,1.3968827957093226,-2.291212157389966,-0.3105429950514049
12.0,213.0,1004.1651611328124,-3.4635392896088546,-4.725990299802407,-1.4363158007380374,2.1334699404495807,2.7982762687881424,1.7739680053708071,0.2648749546595169,1.3968827957093226,-2.291212148571858,-0.3105429950513781
12.0,213.0,1004.1651611328124,-3.4635392776555487,-4.726008336588709,-1.4363158006214236,2.1334699404495807,2.798275871628828,1.7739006176628165,0.2648749546594335,1.3968827957093226,-2.2912123266123725,-0.3105429950513764
12.0,213.0,1004.1651611328124,-3.463539277557831,-4.725992283276566,-1.4363158007431696,2.1334699404495807,2.7982762687881424,1.7739402043226782,0.2648749546595169,1.3968827957093226,-2.291212157389966,-0.3105429950514057
12.0,213.0,1004.1651611328124,-3.463539289604161,-4.725992304221279,-1.4363158007479344,2.1334699404495807,2.7982763848229464,1.773940405207137,0.2648749546595169,1.3968827957093226,-2.2912123528121326,-0.310542995051406
12.0,213.0,1004.1651611328124,-3.463539289816076,-4.725992291388095,-1.4363158007431696,2.1334699404495807,2.7982762187528167,1.7739402043226782,0.2648749546595169,1.3968827957093226,-2.291212157389966,-0.3105429950514057
12.0,213.0,1004.1651611328124,-3.4635392895803543,-4.725991031459055,-1.4363158007479035,2.1334699404495807,2.7982763848229464,1.7739463942975324,0.2648749546595169,1.3968827957093226,-2.2912123528121326,-0.3105429950511983
12.0,213.0,1004.1651611328124,-3.463539277557831,-4.725990299802407,-1.4363158007380374,2.1334699404495807,2.7982762687881424,1.7739680053708071,0.2648749546595169,1.3968827957093226,-2.291212157389966,-0.3105429950514049
12.0,213.0,1004.1651611328124,-3.463539277557831,-4.725990299802407,-1.4363158007489376,2.1334699404495807,2.798276271346692,1.7739416966062442,0.2648749546595169,1.3968827957093226,-2.29121234961577,-0.3105429950514049
12.0,213.0,1004.1651611328124,-3.463539277557831,-4.725989893008102,-1.436315800743975,2.1334699404495807,2.7982762687843894,1.7739680053708071,0.2648749546595169,1.3968827957093226,-2.291212157389966,-0.3105429950514072
12.0,213.0,1004.1651611328124,-3.463539277864814,-4.725991026684774,-1.436315800591209,2.1334699404495807,2.798276268758261,1.7739660588822657,0.2648749546595169,1.3968827957093226,-2.291212157389966,-0.3105429950513779
12.0,213.0,1004.1651611328124,-3.463539289971945,-4.725992291388095,-1.4363158007431696,2.1334699404495807,2.798276219196911,1.7739402043226782,0.2648749546594358,1.3968827957093226,-2.2912123306916423,-0.3105429950513773
12.0,213.0,1004.1651611328124,-3.4635392896088546,-4.725989562527447,-1.436315800738046,2.1334699404495807,2.7982762687881424,1.7739679259403864,0.2648749546595169,1.3968827957093226,-2.291212148571858,-0.3105429950513781
12.0,213.0,1004.1651611328124,-3.4635392895803543,-4.725991031459055,-1.4363158007479035,2.1334699404495807,2.7982763848229464,1.7739463942975324,0.2648749546595169,1.3968827957093226,-2.2912123528121326,-0.3105429950511983
12.0,213.0,1004.1652221679688,-3.463539277557831,-4.726008336588709,-1.4363158006214236,2.1334699404495807,2.798275871628828,1.7738769040709303,0.2648749546595169,1.3968827957093226,-2.2912123316508315,-0.3105429950513764
12.0,213.0,1004.1652221679688,-3.4635392896088546,-4.725989562527447,-1.4363158007382706,2.1334699404495807,2.7982762687881424,1.7739252311889286,0.2648749546595169,1.3968827957093226,-2.291212148571858,-0.3105429950513781
12.0,213.0,1004.1652221679688,-3.463539276896671,-4.726008409251414,-1.4363158006214236,2.1334699404495807,2.798275871628828,1.7738769040709303,0.2648749546595169,1.3968827957093226,-2.291212328942278,-0.3105429950513764
12.0,213.0,1004.1652221679688,-3.4635392894316968,-4.725989663073227,-1.4363158005906074,2.1334699404495807,2.798276220215161,1.7739201240002975,0.2648749546595169,1.3968827957093226,-2.291212157389966,-0.3105429950513836
12.0,213.0,1004.1652221679688,-3.4635392896150776,-4.725989663073227,-1.4363158005906074,2.1334699404495807,2.7982762184559373,1.7739201240002975,0.2648749546595169,1.3968827957093226,-2.2912123532973543,-0.3105429950513836
12.0,213.0,1004.1652221679688,-3.463539277557831,-4.725968983871943,-1.4363158007380676,2.1334699404495807,2.7982762687881424,1.7739680053708071,0.2648749546595169,1.3968827957093226,-2.291212157389966,-0.3105429950514049
12.0,213.0,1004.1652221679688,-3.4635392896088546,-4.725968950410312,-1.436315800738108,2.1334699404495807,2.7982763040644114,1.7739680053708071,0.2648749546595169,1.3968827957093226,-2.291212148571858,-0.3105429950513781
12.0,213.0,1004.1652221679688,-3.463539277557831,-4.725968983871943,-1.4363158007380676,2.1334699404495807,2.7982762687881424,1.7739680053708071,0.2648749546595169,1.3968827957093226,-2.291212157389966,-0.3105429950514049
12.0,213.0,1004.1652221679688,-3.463539277557831,-4.726007457287736,-1.4363158006214287,2.1334699404495807,2.798275995933363,1.7738674945232449,0.2648749546595169,1.3968827957093226,-2.2912123316508315,-0.3105429950513748
12.0,213.0,1004.1652221679688,-3.4635392771103253,-4.725990361767465,-1.43631580074399,2.1334699404495807,2.7982762689527303,1.7739039359989668,0.2648749546595198,1.3968827957093226,-2.2912123266123725,-0.3105429950513764
12.0,213.0,1004.1652221679688,-3.463539276896671,-4.726008409251414,-1.4363158006214236,2.1334699404495807,2.798275871628828,1.7738769040709303,0.2648749546595169,1.3968827957093226,-2.291212328942278,-0.3105429950513764
12.0,213.0,1004.1652221679688,-3.4635392896088546,-4.725990299802407,-1.436315800738262,2.1334699404495807,2.7982762687881424,1.7739253106193495,0.2648749546595169,1.3968827957093226,-2.291212148571858,-0.3105429950513781
12.0,213.0,1004.1652221679688,-3.463539277557831,-4.725992283276566,-1.4363158007431691,2.1334699404495807,2.798276218328151,1.7739212269854765,0.2648749546595169,1.3968827957093226,-2.291212157389966,-0.310542995051406
12.0,213.0,1004.1652221679688,-3.463539277557831,-4.726008668224221,-1.4363158007431696,2.1334699404495807,2.7982762687881424,1.7738767378508735,0.2648749546595169,1.3968827957093226,-2.291212157389966,-0.3105429950514057
12.0,213.0,1004.165283203125,-3.463539276896671,-4.726008409251414,-1.436315800621806,2.1334699404495807,2.798275871628828,1.7738280760172531,0.2648749546595169,1.3968827957093226,-2.291212328942278,-0.3105429950513764
12.0,213.0,1004.165283203125,-3.463539278050592,-4.726008449749161,-1.4363158006261778,2.1334699404495807,2.798275548137113,1.773826555254026,0.2648749546595169,1.3968827957093226,-2.2912123359157395,-0.3105429950513764
12.0,213.0,1004.165283203125,-3.463539276896671,-4.726008409251414,-1.436315800621806,2.1334699404495807,2.798275871628828,1.7738280760172531,0.2648749546595169,1.3968827957093226,-2.291212328942278,-0.3105429950513764
12.0,214.0,1004.1650390625,-3.463539278044658,-4.726008336588709,-1.4363158006261418,2.1334699404495807,2.798290883581072,1.773972740151021,0.2648749546595169,1.3968827957093226,-2.291212139678318,-0.3105429950513764
12.0,214.0,1004.1650390625,-3.4635392775518965,-4.72600833912019,-1.436315800621388,2.1334699404495807,2.798290883581072,1.7739665377792622,0.2648749546595169,1.3968827957093226,-2.29121213530713,-0.3105429950513764
12.0,214.0,1004.1650390625,-3.463539277557831,-4.726022226630325,-1.4363158007431691,2.1334699404495807,2.798276457492167,1.7739680302442815,0.2648749546595169,1.3968827957093226,-2.291212157389966,-0.3105429950513746
12.0,214.0,1004.1650390625,-3.463539290154078,-4.726013395487686,-1.436315800615471,2.1334699404495807,2.798275857317137,1.773968969109303,0.2648749546594307,1.3968827957093226,-2.291212148571858,-0.3105429950513781
12.0,214.0,1004.1650390625,-3.463539278044658,-4.726008336588709,-1.4363158006261418,2.1334699404495807,2.79829013210366,1.7739704498801188,0.2648749546595169,1.3968827957093226,-2.291212141566385,-0.3105429950513764
12.0,214.0,1004.1650390625,-3.463539277557831,-4.726022226630325,-1.4363158007431691,2.1334699404495807,2.798276457492167,1.7739680302442815,0.2648749546595169,1.3968827957093226,-2.291212157389966,-0.3105429950513746
12.0,214.0,1004.1650390625,-3.463539277557831,-4.726022226630325,-1.4363158006167989,2.1334699404495807,2.798276458976059,1.7739650485166611,0.2648749546595169,1.3968827957093226,-2.291212157389966,-0.3105429950513746
12.0,214.0,1004.1650390625,-3.463539289971945,-4.726021744089699,-1.4363158007431696,2.1334699404495807,2.798276211937345,1.7739410105659723,0.2648749546594262,1.3968827957093226,-2.291212339016563,-0.3105429950513773
12.0,214.0,1004.1650390625,-3.463539276215845,-4.726013459115521,-1.436315800615471,2.1334699404495807,2.798275857317137,1.773968969109303,0.2648749546594307,1.3968827957093226,-2.291212148571858,-0.3105429950513781
12.0,214.0,1004.1650390625,-3.463539277557831,-4.726022226630325,-1.4363158007431691,2.1334699404495807,2.798276457492167,1.773968030307376,0.2648749546595169,1.3968827957093226,-2.291212157389966,-0.3105429950513746
12.0,214.0,1004.1651000976562,-3.463539277557831,-4.725992283276566,-1.4363158007431696,2.1334699404495807,2.7982762687881424,1.7739680053708071,0.2648749546595169,1.3968827957093226,-2.291212157389966,-0.3105429950514057
12.0,214.0,1004.1651000976562,-3.4635392778082847,-4.725989663073227,-1.436315800743088,2.1334699404495807,2.798276287607609,1.7739737894332297,0.2648749546595169,1.3968827957093226,-2.291212157389966,-0.3105429950513836
12.0,214.0,1004.1651000976562,-3.4635392896088546,-4.725991047629488,-1.4363158007479035,2.1334699404495807,2.7982763848229464,1.7739680053708071,0.2648749546595169,1.3968827957093226,-2.2912123528121326,-0.3105429950513781
12.0,214.0,1004.1651000976562,-3.463539277557831,-4.725992283276566,-1.4363158007431691,2.1334699404495807,2.7982762687881424,1.7739680302442815,0.2648749546595169,1.3968827957093226,-2.291212157389966,-0.3105429950514056
12.0,214.0,1004.1651000976562,-3.463539277557831,-4.725992283276566,-1.4363158007431696,2.1334699404495807,2.7982762687881424,1.7739680053708071,0.2648749546595169,1.3968827957093226,-2.291212157389966,-0.3105429950514057
12.0,214.0,1004.1651000976562,-3.4635392778053724,-4.725989663073227,-1.436315800743088,2.1334699404495807,2.798276287607609,1.7739737894332297,0.2648749546595169,1.3968827957093226,-2.2912121571547623,-0.3105429950513836
12.0,214.0,1004.1651000976562,-3.4635392775625244,-4.725991026684774,-1.4363158007431387,2.1334699404495807,2.7982762687881424,1.7739678044863485,0.2648749546595169,1.3968827957093226,-2.291212157389966,-0.3105429950513779
12.0,214.0,1004.1651000976562,-3.463539290154078,-4.726008274623652,-1.436315800615471,2.1334699404495807,2.79827587146424,1.7739646870346568,0.2648749546594307,1.3968827957093226,-2.291212148571858,-0.3105429950513781
12.0,214.0,1004.1651000976562,-3.4635392896081973,-4.725989663073227,-1.436315800743088,2.1334699404495807,2.798276287607609,1.7739737894332297,0.2648749546595169,1.3968827957093226,-2.291212349222932,-0.3105429950513836
12.0,214.0,1004.1651000976562,-3.463539277557831,-4.725992283276566,-1.4363158007431691,2.1334699404495807,2.7982762687881424,1.7739680302442815,0.2648749546595169,1.3968827957093226,-2.291212157389966,-0.3105429950514056
12.0,214.0,1004.1651000976562,-3.463539277557831,-4.725992283276566,-1.4363158007431696,2.1334699404495807,2.7982762687881424,1.7739680053708071,0.2648749546595169,1.3968827957093226,-2.291212157389966,-0.3105429950514057
12.0,214.0,1004.1651000976562,-3.463539289604161,-4.725992304221279,-1.4363158007370342,2.1334699404495807,2.798276382264397,1.7739667139717004,0.2648749546595169,1.3968827957093226,-2.291212160586329,-0.310542995051406
12.0,214.0,1004.1651000976562,-3.463539277557831,-4.725992283276566,-1.4363158007431696,2.1334699404495807,2.7982762687881424,1.7739680053077127,0.2648749546595169,1.3968827957093226,-2.291212157389966,-0.3105429950514057
12.0,214.0,1004.1651000976562,-3.4635392896006403,-4.725989720927339,-1.436315800743088,2.1334699404495807,2.798276287607609,1.7739742461080932,0.2648749546595169,1.3968827957093226,-2.2912121558276253,-0.3105429950513836
12.0,214.0,1004.1651000976562,-3.4635392775518965,-4.725990443751532,-1.436315800621388,2.1334699404495807,2.798290883581072,1.7739665377792622,0.2648749546595169,1.3968827957093226,-2.291212315969252,-0.3105429950513764
12.0,214.0,1004.1651000976562,-3.463539277557831,-4.725992283276566,-1.4363158007431691,2.1334699404495807,2.7982762687881424,1.7739680302442815,0.2648749546595169,1.3968827957093226,-2.291212157389966,-0.3105429950514056
12.0,214.0,1004.1651000976562,-3.463539277638975,-4.72602145253697,-1.436315800743095,2.1334699404495807,2.798276457492167,1.7739419255584137,0.2648749546595169,1.3968827957093226,-2.291212157389966,-0.3105429950513762
12.0,214.0,1004.1651000976562,-3.463539277807957,-4.7259896970322,-1.436315800743088,2.1334699404495807,2.7982762683125006,1.7739737421861088,0.2648749546595169,1.3968827957093226,-2.291212157389966,-0.3105429950513836
12.0,214.0,1004.1651000976562,-3.4635392775518965,-4.726006362473576,-1.436315800621388,2.1334699404495807,2.798290883581072,1.7739665377792622,0.2648749546595169,1.3968827957093226,-2.29121214858666,-0.3105429950513764
12.0,214.0,1004.1651000976562,-3.4635392775653875,-4.725992225422454,-1.4363158007431696,2.1334699404495807,2.7982762687881424,1.773967548695944,0.2648749546595169,1.3968827957093226,-2.2912123507852726,-0.3105429950514057
12.0,214.0,1004.1651000976562,-3.4635392778053724,-4.7259911995681225,-1.436315800743088,2.1334699404495807,2.79827644876427,1.7739737894332297,0.2648749546595169,1.3968827957093226,-2.2912121571547623,-0.3105429950513836
12.0,214.0,1004.1651000976562,-3.463539289523017,-4.725993078314633,-1.4363158007480084,2.1334699404495807,2.7982763848229464,1.7739665098930049,0.2648749546595169,1.3968827957093226,-2.2912123528121326,-0.3105429950514044
12.0,214.0,1004.1651000976562,-3.463539277203945,-4.726008334113629,-1.436315800615471,2.1334699404495807,2.7982758714525264,1.7739646870346568,0.2648749546594307,1.3968827957093226,-2.2912121566775405,-0.3105429950513781
12.0,214.0,1004.1651611328124,-3.463539277557831,-4.725990299802407,-1.4363158007380374,2.1334699404495807,2.7982762687881424,1.7739680053708071,0.2648749546595169,1.3968827957093226,-2.291212157389966,-0.3105429950514049
12.0,214.0,1004.1651611328124,-3.4635392896088546,-4.725990299802407,-1.4363158007380374,2.1334699404495807,2.7982762687881424,1.7739680053708071,0.2648749546595169,1.3968827957093226,-2.291212148571858,-0.3105429950513781
12.0,214.0,1004.1651611328124,-3.4635392776555487,-4.726008336588709,-1.4363158006214236,2.1334699404495807,2.798275871628828,1.7739006176628165,0.2648749546594335,1.3968827957093226,-2.2912123266123725,-0.3105429950513764
12.0,214.0,1004.1651611328124,-3.463539277557831,-4.725992283276566,-1.4363158007431696,2.1334699404495807,2.7982762687881424,1.7739402043226782,0.2648749546595169,1.3968827957093226,-2.291212157389966,-0.3105429950514057
12.0,214.0,1004.1651611328124,-3.463539289604161,-4.725992304221279,-1.4363158007479344,2.1334699404495807,2.7982763848229464,1.773940405207137,0.2648749546595169,1.3968827957093226,-2.2912123528121326,-0.310542995051406
12.0,214.0,1004.1651611328124,-3.463539289816076,-4.725992291388095,-1.4363158007431696,2.1334699404495807,2.7982762187528167,1.7739402043226782,0.2648749546595169,1.3968827957093226,-2.291212157389966,-0.3105429950514057
12.0,214.0,1004.1651611328124,-3.4635392895803543,-4.725991031459055,-1.4363158007479035,2.1334699404495807,2.7982763848229464,1.7739463942975324,0.2648749546595169,1.3968827957093226,-2.2912123528121326,-0.3105429950511983
12.0,214.0,1004.1651611328124,-3.463539277557831,-4.725990299802407,-1.4363158007380374,2.1334699404495807,2.7982762687881424,1.7739680053708071,0.2648749546595169,1.3968827957093226,-2.291212157389966,-0.3105429950514049
12.0,214.0,1004.1651611328124,-3.463539277557831,-4.725990299802407,-1.4363158007489376,2.1334699404495807,2.798276271346692,1.7739416966062442,0.2648749546595169,1.3968827957093226,-2.29121234961577,-0.3105429950514049
12.0,214.0,1004.1651611328124,-3.463539277557831,-4.725989893008102,-1.436315800743975,2.1334699404495807,2.7982762687843894,1.7739680053708071,0.2648749546595169,1.3968827957093226,-2.291212157389966,-0.3105429950514072
12.0,214.0,1004.1651611328124,-3.463539277864814,-4.725991026684774,-1.436315800591209,2.1334699404495807,2.798276268758261,1.7739660588822657,0.2648749546595169,1.3968827957093226,-2.291212157389966,-0.3105429950513779
12.0,214.0,1004.1651611328124,-3.463539289971945,-4.725992291388095,-1.4363158007431696,2.1334699404495807,2.798276219196911,1.7739402043226782,0.2648749546594358,1.3968827957093226,-2.2912123306916423,-0.3105429950513773
12.0,214.0,1004.1651611328124,-3.4635392896088546,-4.725989562527447,-1.436315800738046,2.1334699404495807,2.7982762687881424,1.7739679259403864,0.2648749546595169,1.3968827957093226,-2.291212148571858,-0.3105429950513781
12.0,214.0,1004.1651611328124,-3.4635392895803543,-4.725991031459055,-1.4363158007479035,2.1334699404495807,2.7982763848229464,1.7739463942975324,0.2648749546595169,1.3968827957093226,-2.2912123528121326,-0.3105429950511983
12.0,214.0,1004.1651611328124,-3.463539289604161,-4.725992283066086,-1.4363158007430268,2.1334699404495807,2.79827638570429,1.7739406737781245,0.2648749546595169,1.3968827957093226,-2.2912121573306483,-0.310542995051406
12.0,214.0,1004.1651611328124,-3.4635392896088546,-4.7259895147040885,-1.436315800736754,2.1334699404495807,2.798276269338736,1.7739679259403864,0.2648749546595169,1.3968827957093226,-2.291212148571858,-0.3105429950513781
12.0,214.0,1004.1651611328124,-3.4635392771103253,-4.726008257136123,-1.43631580074399,2.1334699404495807,2.7982762689527303,1.7739039359989668,0.2648749546595198,1.3968827957093226,-2.2912121459502512,-0.3105429950513764
12.0,215.0,1004.1650390625,-3.463539278044658,-4.726008336588709,-1.4363158006261418,2.1334699404495807,2.798290883581072,1.773972740151021,0.2648749546595169,1.3968827957093226,-2.291212139678318,-0.3105429950513764
12.0,215.0,1004.1650390625,-3.4635392775518965,-4.72600833912019,-1.436315800621388,2.1334699404495807,2.798290883581072,1.7739665377792622,0.2648749546595169,1.3968827957093226,-2.29121213530713,-0.3105429950513764
12.0,215.0,1004.1650390625,-3.463539277557831,-4.726022226630325,-1.4363158007431691,2.1334699404495807,2.798276457492167,1.7739680302442815,0.2648749546595169,1.3968827957093226,-2.291212157389966,-0.3105429950513746
12.0,215.0,1004.1650390625,-3.463539290154078,-4.726013395487686,-1.436315800615471,2.1334699404495807,2.798275857317137,1.773968969109303,0.2648749546594307,1.3968827957093226,-2.291212148571858,-0.3105429950513781
12.0,215.0,1004.1650390625,-3.463539278044658,-4.726008336588709,-1.4363158006261418,2.1334699404495807,2.79829013210366,1.7739704498801188,0.2648749546595169,1.3968827957093226,-2.291212141566385,-0.3105429950513764
12.0,215.0,1004.1650390625,-3.463539277557831,-4.726022226630325,-1.4363158007431691,2.1334699404495807,2.798276457492167,1.7739680302442815,0.2648749546595169,1.3968827957093226,-2.291212157389966,-0.3105429950513746
12.0,215.0,1004.1650390625,-3.463539277557831,-4.726022226630325,-1.4363158006167989,2.1334699404495807,2.798276458976059,1.7739650485166611,0.2648749546595169,1.3968827957093226,-2.291212157389966,-0.3105429950513746
12.0,215.0,1004.1650390625,-3.463539289971945,-4.726021744089699,-1.4363158007431696,2.1334699404495807,2.798276211937345,1.7739410105659723,0.2648749546594262,1.3968827957093226,-2.291212339016563,-0.3105429950513773
12.0,215.0,1004.1650390625,-3.463539276215845,-4.726013459115521,-1.436315800615471,2.1334699404495807,2.798275857317137,1.773968969109303,0.2648749546594307,1.3968827957093226,-2.291212148571858,-0.3105429950513781
12.0,215.0,1004.1650390625,-3.463539277557831,-4.726022226630325,-1.4363158007431691,2.1334699404495807,2.798276457492167,1.773968030307376,0.2648749546595169,1.3968827957093226,-2.291212157389966,-0.3105429950513746
12.0,215.0,1004.1650390625,-3.463539289971945,-4.726021744089699,-1.4363158007431696,2.1334699404495807,2.798276211937345,1.7739410105659723,0.2648749546594262,1.3968827957093226,-2.291212339016563,-0.3105429950513773
12.0,215.0,1004.1650390625,-3.463539290154078,-4.726012878226726,-1.436315800615471,2.1334699404495807,2.7982758480838807,1.773968969109303,0.2648749546594307,1.3968827957093226,-2.291212148571858,-0.3105429950513781
12.0,215.0,1004.1650390625,-3.463539277557831,-4.726022226630325,-1.4363158007431691,2.1334699404495807,2.798276457492167,1.773968030307376,0.2648749546595169,1.3968827957093226,-2.291212157389966,-0.3105429950513746
12.0,215.0,1004.1650390625,-3.4635392775518965,-4.72600833912019,-1.436315800621388,2.1334699404495807,2.798290883581072,1.7739665377792622,0.2648749546595169,1.3968827957093226,-2.29121213530713,-0.3105429950513764
12.0,215.0,1004.1650390625,-3.463539277557831,-4.726022226630325,-1.4363158007431691,2.1334699404495807,2.798276457492167,1.7739680302442815,0.2648749546595169,1.3968827957093226,-2.291212157389966,-0.3105429950513746
12.0,215.0,1004.1651000976562,-3.463539277557831,-4.725992283276566,-1.4363158007431696,2.1334699404495807,2.7982762687881424,1.7739680053708071,0.2648749546595169,1.3968827957093226,-2.291212157389966,-0.3105429950514057
12.0,215.0,1004.1651000976562,-3.4635392778082847,-4.725989663073227,-1.436315800743088,2.1334699404495807,2.798276287607609,1.7739737894332297,0.2648749546595169,1.3968827957093226,-2.291212157389966,-0.3105429950513836
12.0,215.0,1004.1651000976562,-3.4635392896088546,-4.725991047629488,-1.4363158007479035,2.1334699404495807,2.7982763848229464,1.7739680053708071,0.2648749546595169,1.3968827957093226,-2.2912123528121326,-0.3105429950513781
12.0,215.0,1004.1651000976562,-3.463539277557831,-4.725992283276566,-1.4363158007431691,2.1334699404495807,2.7982762687881424,1.7739680302442815,0.2648749546595169,1.3968827957093226,-2.291212157389966,-0.3105429950514056
12.0,215.0,1004.1651000976562,-3.463539277557831,-4.725992283276566,-1.4363158007431696,2.1334699404495807,2.7982762687881424,1.7739680053708071,0.2648749546595169,1.3968827957093226,-2.291212157389966,-0.3105429950514057
12.0,215.0,1004.1651000976562,-3.4635392778053724,-4.725989663073227,-1.436315800743088,2.1334699404495807,2.798276287607609,1.7739737894332297,0.2648749546595169,1.3968827957093226,-2.2912121571547623,-0.3105429950513836
12.0,215.0,1004.1651000976562,-3.4635392775625244,-4.725991026684774,-1.4363158007431387,2.1334699404495807,2.7982762687881424,1.7739678044863485,0.2648749546595169,1.3968827957093226,-2.291212157389966,-0.3105429950513779
12.0,215.0,1004.1651000976562,-3.463539290154078,-4.726008274623652,-1.436315800615471,2.1334699404495807,2.79827587146424,1.7739646870346568,0.2648749546594307,1.3968827957093226,-2.291212148571858,-0.3105429950513781
12.0,215.0,1004.1651000976562,-3.4635392896081973,-4.725989663073227,-1.436315800743088,2.1334699404495807,2.798276287607609,1.7739737894332297,0.2648749546595169,1.3968827957093226,-2.291212349222932,-0.3105429950513836
12.0,215.0,1004.1651000976562,-3.463539277557831,-4.725992283276566,-1.4363158007431691,2.1334699404495807,2.7982762687881424,1.7739680302442815,0.2648749546595169,1.3968827957093226,-2.291212157389966,-0.3105429950514056
12.0,215.0,1004.1651000976562,-3.463539277557831,-4.725992283276566,-1.4363158007431696,2.1334699404495807,2.7982762687881424,1.7739680053708071,0.2648749546595169,1.3968827957093226,-2.291212157389966,-0.3105429950514057
12.0,215.0,1004.1651000976562,-3.463539289604161,-4.725992304221279,-1.4363158007370342,2.1334699404495807,2.798276382264397,1.7739667139717004,0.2648749546595169,1.3968827957093226,-2.291212160586329,-0.310542995051406
12.0,215.0,1004.1651000976562,-3.463539277557831,-4.725992283276566,-1.4363158007431696,2.1334699404495807,2.7982762687881424,1.7739680053077127,0.2648749546595169,1.3968827957093226,-2.291212157389966,-0.3105429950514057
12.0,215.0,1004.1651000976562,-3.4635392896006403,-4.725989720927339,-1.436315800743088,2.1334699404495807,2.798276287607609,1.7739742461080932,0.2648749546595169,1.3968827957093226,-2.2912121558276253,-0.3105429950513836
12.0,215.0,1004.1651000976562,-3.4635392775518965,-4.725990443751532,-1.436315800621388,2.1334699404495807,2.798290883581072,1.7739665377792622,0.2648749546595169,1.3968827957093226,-2.291212315969252,-0.3105429950513764
12.0,215.0,1004.1651000976562,-3.463539277557831,-4.725992283276566,-1.4363158007431691,2.1334699404495807,2.7982762687881424,1.7739680302442815,0.2648749546595169,1.3968827957093226,-2.291212157389966,-0.3105429950514056
12.0,215.0,1004.1651000976562,-3.463539277638975,-4.72602145253697,-1.436315800743095,2.1334699404495807,2.798276457492167,1.7739419255584137,0.2648749546595169,1.3968827957093226,-2.291212157389966,-0.3105429950513762
12.0,215.0,1004.1651000976562,-3.463539277807957,-4.7259896970322,-1.436315800743088,2.1334699404495807,2.7982762683125006,1.7739737421861088,0.2648749546595169,1.3968827957093226,-2.291212157389966,-0.3105429950513836
12.0,215.0,1004.1651000976562,-3.4635392775518965,-4.726006362473576,-1.436315800621388,2.1334699404495807,2.798290883581072,1.7739665377792622,0.2648749546595169,1.3968827957093226,-2.29121214858666,-0.3105429950513764
12.0,215.0,1004.1651000976562,-3.4635392775653875,-4.725992225422454,-1.4363158007431696,2.1334699404495807,2.7982762687881424,1.773967548695944,0.2648749546595169,1.3968827957093226,-2.2912123507852726,-0.3105429950514057
12.0,215.0,1004.1651000976562,-3.4635392778053724,-4.7259911995681225,-1.436315800743088,2.1334699404495807,2.79827644876427,1.7739737894332297,0.2648749546595169,1.3968827957093226,-2.2912121571547623,-0.3105429950513836
12.0,215.0,1004.1651000976562,-3.463539289523017,-4.725993078314633,-1.4363158007480084,2.1334699404495807,2.7982763848229464,1.7739665098930049,0.2648749546595169,1.3968827957093226,-2.2912123528121326,-0.3105429950514044
12.0,215.0,1004.1651000976562,-3.463539277203945,-4.726008334113629,-1.436315800615471,2.1334699404495807,2.7982758714525264,1.7739646870346568,0.2648749546594307,1.3968827957093226,-2.2912121566775405,-0.3105429950513781
12.0,215.0,1004.1651000976562,-3.463539277557831,-4.725992283276566,-1.4363158007431691,2.1334699404495807,2.7982762687881424,1.7739680302442815,0.2648749546595169,1.3968827957093226,-2.291212157389966,-0.3105429950514056
12.0,215.0,1004.1651000976562,-3.463539277557831,-4.725992283276566,-1.4363158007431696,2.1334699404495807,2.7982762687881424,1.7739680053077127,0.2648749546595169,1.3968827957093226,-2.291212157389966,-0.3105429950514057
12.0,215.0,1004.1651000976562,-3.4635392775518965,-4.725990443751532,-1.4363158007429726,2.1334699404495807,2.798290883581072,1.7739665377792622,0.2648749546595169,1.3968827957093226,-2.291212315969252,-0.3105429950513764
12.0,215.0,1004.1651000976562,-3.4635392896088546,-4.725991015595631,-1.4363158007479035,2.1334699404495807,2.798276272872947,1.7739680053708071,0.2648749546595169,1.3968827957093226,-2.2912123528121326,-0.3105429950513781
12.0,215.0,1004.1651000976562,-3.463539277203945,-4.726008334113629,-1.436315800615471,2.1334699404495807,2.7982758714525264,1.7739646870346568,0.2648749546594307,1.3968827957093226,-2.2912121566775405,-0.3105429950513781
12.0,215.0,1004.1651000976562,-3.463539277807957,-4.7259902142931605,-1.436315800743088,2.1334699404495807,2.7982762775457566,1.7739737421861088,0.2648749546595169,1.3968827957093226,-2.291212157389966,-0.3105429950513836
12.0,215.0,1004.1651000976562,-3.463539290154078,-4.726008274623652,-1.436315800615471,2.1334699404495807,2.79827587146424,1.7739646870346568,0.2648749546594307,1.3968827957093226,-2.291212148571858,-0.3105429950513781
12.0,215.0,1004.1651611328124,-3.463539277557831,-4.725990299802407,-1.4363158007380374,2.1334699404495807,2.7982762687881424,1.7739680053708071,0.2648749546595169,1.3968827957093226,-2.291212157389966,-0.3105429950514049
12.0,215.0,1004.1651611328124,-3.4635392896088546,-4.725990299802407,-1.4363158007380374,2.1334699404495807,2.7982762687881424,1.7739680053708071,0.2648749546595169,1.3968827957093226,-2.291212148571858,-0.3105429950513781
12.0,215.0,1004.1651611328124,-3.4635392776555487,-4.726008336588709,-1.4363158006214236,2.1334699404495807,2.798275871628828,1.7739006176628165,0.2648749546594335,1.3968827957093226,-2.2912123266123725,-0.3105429950513764
12.0,215.0,1004.1651611328124,-3.463539277557831,-4.725992283276566,-1.4363158007431696,2.1334699404495807,2.7982762687881424,1.7739402043226782,0.2648749546595169,1.3968827957093226,-2.291212157389966,-0.3105429950514057
12.0,215.0,1004.1651611328124,-3.463539289604161,-4.725992304221279,-1.4363158007479344,2.1334699404495807,2.7982763848229464,1.773940405207137,0.2648749546595169,1.3968827957093226,-2.2912123528121326,-0.310542995051406
12.0,216.0,1004.1650390625,-3.463539278044658,-4.726008336588709,-1.4363158006261418,2.1334699404495807,2.798290883581072,1.773972740151021,0.2648749546595169,1.3968827957093226,-2.291212139678318,-0.3105429950513764
12.0,216.0,1004.1650390625,-3.4635392775518965,-4.72600833912019,-1.436315800621388,2.1334699404495807,2.798290883581072,1.7739665377792622,0.2648749546595169,1.3968827957093226,-2.29121213530713,-0.3105429950513764
12.0,216.0,1004.1650390625,-3.463539277557831,-4.726022226630325,-1.4363158007431691,2.1334699404495807,2.798276457492167,1.7739680302442815,0.2648749546595169,1.3968827957093226,-2.291212157389966,-0.3105429950513746
12.0,216.0,1004.1650390625,-3.463539290154078,-4.726013395487686,-1.436315800615471,2.1334699404495807,2.798275857317137,1.773968969109303,0.2648749546594307,1.3968827957093226,-2.291212148571858,-0.3105429950513781
12.0,216.0,1004.1650390625,-3.463539278044658,-4.726008336588709,-1.4363158006261418,2.1334699404495807,2.79829013210366,1.7739704498801188,0.2648749546595169,1.3968827957093226,-2.291212141566385,-0.3105429950513764
12.0,216.0,1004.1650390625,-3.463539277557831,-4.726022226630325,-1.4363158007431691,2.1334699404495807,2.798276457492167,1.7739680302442815,0.2648749546595169,1.3968827957093226,-2.291212157389966,-0.3105429950513746
12.0,216.0,1004.1650390625,-3.463539277557831,-4.726022226630325,-1.4363158006167989,2.1334699404495807,2.798276458976059,1.7739650485166611,0.2648749546595169,1.3968827957093226,-2.291212157389966,-0.3105429950513746
12.0,216.0,1004.1650390625,-3.463539289971945,-4.726021744089699,-1.4363158007431696,2.1334699404495807,2.798276211937345,1.7739410105659723,0.2648749546594262,1.3968827957093226,-2.291212339016563,-0.3105429950513773
12.0,216.0,1004.1650390625,-3.463539276215845,-4.726013459115521,-1.436315800615471,2.1334699404495807,2.798275857317137,1.773968969109303,0.2648749546594307,1.3968827957093226,-2.291212148571858,-0.3105429950513781
12.0,216.0,1004.1650390625,-3.463539277557831,-4.726022226630325,-1.4363158007431691,2.1334699404495807,2.798276457492167,1.773968030307376,0.2648749546595169,1.3968827957093226,-2.291212157389966,-0.3105429950513746
12.0,216.0,1004.1650390625,-3.463539289971945,-4.726021744089699,-1.4363158007431696,2.1334699404495807,2.798276211937345,1.7739410105659723,0.2648749546594262,1.3968827957093226,-2.291212339016563,-0.3105429950513773
12.0,216.0,1004.1650390625,-3.463539290154078,-4.726012878226726,-1.436315800615471,2.1334699404495807,2.7982758480838807,1.773968969109303,0.2648749546594307,1.3968827957093226,-2.291212148571858,-0.3105429950513781
12.0,216.0,1004.1650390625,-3.463539277557831,-4.726022226630325,-1.4363158007431691,2.1334699404495807,2.798276457492167,1.773968030307376,0.2648749546595169,1.3968827957093226,-2.291212157389966,-0.3105429950513746
12.0,216.0,1004.1650390625,-3.4635392775518965,-4.72600833912019,-1.436315800621388,2.1334699404495807,2.798290883581072,1.7739665377792622,0.2648749546595169,1.3968827957093226,-2.29121213530713,-0.3105429950513764
12.0,216.0,1004.1650390625,-3.463539277557831,-4.726022226630325,-1.4363158007431691,2.1334699404495807,2.798276457492167,1.7739680302442815,0.2648749546595169,1.3968827957093226,-2.291212157389966,-0.3105429950513746
12.0,216.0,1004.1650390625,-3.4635392903090114,-4.726013395487686,-1.436315800615471,2.1334699404495807,2.798275857317137,1.773968969109303,0.2648749546594307,1.3968827957093226,-2.291212157306357,-0.3105429950513781
12.0,216.0,1004.1650390625,-3.463539277557831,-4.726013261184365,-1.4363158007431691,2.1334699404495807,2.798276457492167,1.7739689601397304,0.2648749546594284,1.3968827957093226,-2.291212157231444,-0.3105429950513746
12.0,216.0,1004.1650390625,-3.463539277557831,-4.726022378971716,-1.4363158007431691,2.1334699404495807,2.7982762689233747,1.7739680302442815,0.2648749546595169,1.3968827957093226,-2.291212157389966,-0.3105429950514067
12.0,216.0,1004.1650390625,-3.46353927755801,-4.726022096807932,-1.4363158007519443,2.1334699404495807,2.798276457492167,1.773968030307376,0.2648749546595169,1.3968827957093226,-2.2912121580657487,-0.3105429950513746
12.0,216.0,1004.1650390625,-3.463539278044658,-4.726008334060345,-1.4363158006150094,2.1334699404495807,2.798290883581072,1.773972740151021,0.2648749546595169,1.3968827957093226,-2.291212140625801,-0.3105429950513764
12.0,216.0,1004.1650390625,-3.4635392899969784,-4.726012193312498,-1.436315800615471,2.1334699404495807,2.7982912845625623,1.773968969109303,0.2648749546595291,1.3968827957093226,-2.291212143120769,-0.3105429950513781
12.0,216.0,1004.1650390625,-3.463539289971945,-4.726021757125537,-1.4363158007431696,2.1334699404495807,2.7982761991849188,1.7739410105659723,0.2648749546594253,1.3968827957093226,-2.291212325071849,-0.3105429950513773
12.0,216.0,1004.1650390625,-3.463539278044658,-4.726008336588709,-1.43631580062588,2.1334699404495807,2.79829013210366,1.773970281528218,0.2648749546595169,1.3968827957093226,-2.291212141566385,-0.3105429950513764
12.0,216.0,1004.1650390625,-3.463539278336981,-4.726021744089699,-1.4363158007431696,2.1334699404495807,2.798276211937345,1.7739410105659723,0.2648749546594262,1.3968827957093226,-2.291212339016563,-0.3105429950513773
12.0,216.0,1004.1650390625,-3.463539290154078,-4.726022360933646,-1.436315800615471,2.1334699404495807,2.798275857317137,1.7739680392138544,0.2648749546595192,1.3968827957093226,-2.2912121487303807,-0.3105429950513781
12.0,216.0,1004.1650390625,-3.463539277545349,-4.726008336588709,-1.4363158006261418,2.1334699404495807,2.798290883581072,1.773972740151021,0.2648749546595169,1.3968827957093226,-2.291212139679208,-0.3105429950513764
12.0,216.0,1004.1650390625,-3.4635392775518965,-4.726022618489626,-1.4363158007429726,2.1334699404495807,2.7982905412792163,1.7739665377792622,0.2648749546595169,1.3968827957093226,-2.291212315919612,-0.3105429950513764
12.0,216.0,1004.1651000976562,-3.463539277557831,-4.725992283276566,-1.4363158007431696,2.1334699404495807,2.7982762687881424,1.7739680053708071,0.2648749546595169,1.3968827957093226,-2.291212157389966,-0.3105429950514057
12.0,216.0,1004.1651000976562,-3.4635392778082847,-4.725989663073227,-1.436315800743088,2.1334699404495807,2.798276287607609,1.7739737894332297,0.2648749546595169,1.3968827957093226,-2.291212157389966,-0.3105429950513836
12.0,216.0,1004.1651000976562,-3.4635392896088546,-4.725991047629488,-1.4363158007479035,2.1334699404495807,2.7982763848229464,1.7739680053708071,0.2648749546595169,1.3968827957093226,-2.2912123528121326,-0.3105429950513781
12.0,216.0,1004.1651000976562,-3.463539277557831,-4.725992283276566,-1.4363158007431691,2.1334699404495807,2.7982762687881424,1.7739680302442815,0.2648749546595169,1.3968827957093226,-2.291212157389966,-0.3105429950514056
12.0,216.0,1004.1651000976562,-3.463539277557831,-4.725992283276566,-1.4363158007431696,2.1334699404495807,2.7982762687881424,1.7739680053708071,0.2648749546595169,1.3968827957093226,-2.291212157389966,-0.3105429950514057
12.0,216.0,1004.1651000976562,-3.4635392778053724,-4.725989663073227,-1.436315800743088,2.1334699404495807,2.798276287607609,1.7739737894332297,0.2648749546595169,1.3968827957093226,-2.2912121571547623,-0.3105429950513836
12.0,216.0,1004.1651000976562,-3.4635392775625244,-4.725991026684774,-1.4363158007431387,2.1334699404495807,2.7982762687881424,1.7739678044863485,0.2648749546595169,1.3968827957093226,-2.291212157389966,-0.3105429950513779
12.0,216.0,1004.1651000976562,-3.463539290154078,-4.726008274623652,-1.436315800615471,2.1334699404495807,2.79827587146424,1.7739646870346568,0.2648749546594307,1.3968827957093226,-2.291212148571858,-0.3105429950513781
12.0,216.0,1004.1651000976562,-3.4635392896081973,-4.725989663073227,-1.436315800743088,2.1334699404495807,2.798276287607609,1.7739737894332297,0.2648749546595169,1.3968827957093226,-2.291212349222932,-0.3105429950513836
12.0,216.0,1004.1651000976562,-3.463539277557831,-4.725992283276566,-1.4363158007431691,2.1334699404495807,2.7982762687881424,1.7739680302442815,0.2648749546595169,1.3968827957093226,-2.291212157389966,-0.3105429950514056
12.0,216.0,1004.1651000976562,-3.463539277557831,-4.725992283276566,-1.4363158007431696,2.1334699404495807,2.7982762687881424,1.7739680053708071,0.2648749546595169,1.3968827957093226,-2.291212157389966,-0.3105429950514057
12.0,216.0,1004.1651000976562,-3.463539289604161,-4.725992304221279,-1.4363158007370342,2.1334699404495807,2.798276382264397,1.7739667139717004,0.2648749546595169,1.3968827957093226,-2.291212160586329,-0.310542995051406
12.0,216.0,1004.1651000976562,-3.463539277557831,-4.725992283276566,-1.4363158007431696,2.1334699404495807,2.7982762687881424,1.7739680053077127,0.2648749546595169,1.3968827957093226,-2.291212157389966,-0.3105429950514057
12.0,216.0,1004.1651000976562,-3.4635392896006403,-4.725989720927339,-1.436315800743088,2.1334699404495807,2.798276287607609,1.7739742461080932,0.2648749546595169,1.3968827957093226,-2.2912121558276253,-0.3105429950513836
12.0,216.0,1004.1651000976562,-3.4635392775518965,-4.725990443751532,-1.436315800621388,2.1334699404495807,2.798290883581072,1.7739665377792622,0.2648749546595169,1.3968827957093226,-2.291212315969252,-0.3105429950513764
12.0,216.0,1004.1651000976562,-3.463539277557831,-4.725992283276566,-1.4363158007431691,2.1334699404495807,2.7982762687881424,1.7739680302442815,0.2648749546595169,1.3968827957093226,-2.291212157389966,-0.3105429950514056
12.0,216.0,1004.1651000976562,-3.463539277638975,-4.72602145253697,-1.436315800743095,2.1334699404495807,2.798276457492167,1.7739419255584137,0.2648749546595169,1.3968827957093226,-2.291212157389966,-0.3105429950513762
12.0,216.0,1004.1651000976562,-3.463539277807957,-4.7259896970322,-1.436315800743088,2.1334699404495807,2.7982762683125006,1.7739737421861088,0.2648749546595169,1.3968827957093226,-2.291212157389966,-0.3105429950513836
12.0,216.0,1004.1651000976562,-3.4635392775518965,-4.726006362473576,-1.436315800621388,2.1334699404495807,2.798290883581072,1.7739665377792622,0.2648749546595169,1.3968827957093226,-2.29121214858666,-0.3105429950513764
12.0,216.0,1004.1651000976562,-3.4635392775653875,-4.725992225422454,-1.4363158007431696,2.1334699404495807,2.7982762687881424,1.773967548695944,0.2648749546595169,1.3968827957093226,-2.2912123507852726,-0.3105429950514057
12.0,216.0,1004.1651000976562,-3.4635392778053724,-4.7259911995681225,-1.436315800743088,2.1334699404495807,2.79827644876427,1.7739737894332297,0.2648749546595169,1.3968827957093226,-2.2912121571547623,-0.3105429950513836
12.0,216.0,1004.1651000976562,-3.463539289523017,-4.725993078314633,-1.4363158007480084,2.1334699404495807,2.7982763848229464,1.7739665098930049,0.2648749546595169,1.3968827957093226,-2.2912123528121326,-0.3105429950514044
12.0,216.0,1004.1651000976562,-3.463539277203945,-4.726008334113629,-1.436315800615471,2.1334699404495807,2.7982758714525264,1.7739646870346568,0.2648749546594307,1.3968827957093226,-2.2912121566775405,-0.3105429950513781
12.0,217.0,1004.1650390625,-3.463539278044658,-4.726008336588709,-1.4363158006261418,2.1334699404495807,2.798290883581072,1.773972740151021,0.2648749546595169,1.3968827957093226,-2.291212139678318,-0.3105429950513764
12.0,217.0,1004.1650390625,-3.4635392775518965,-4.72600833912019,-1.436315800621388,2.1334699404495807,2.798290883581072,1.7739665377792622,0.2648749546595169,1.3968827957093226,-2.29121213530713,-0.3105429950513764
12.0,217.0,1004.1650390625,-3.463539277557831,-4.726022226630325,-1.4363158007431691,2.1334699404495807,2.798276457492167,1.7739680302442815,0.2648749546595169,1.3968827957093226,-2.291212157389966,-0.3105429950513746
12.0,217.0,1004.1650390625,-3.463539290154078,-4.726013395487686,-1.436315800615471,2.1334699404495807,2.798275857317137,1.773968969109303,0.2648749546594307,1.3968827957093226,-2.291212148571858,-0.3105429950513781
12.0,217.0,1004.1650390625,-3.463539278044658,-4.726008336588709,-1.4363158006261418,2.1334699404495807,2.79829013210366,1.7739704498801188,0.2648749546595169,1.3968827957093226,-2.291212141566385,-0.3105429950513764
12.0,217.0,1004.1650390625,-3.463539277557831,-4.726022226630325,-1.4363158007431691,2.1334699404495807,2.798276457492167,1.7739680302442815,0.2648749546595169,1.3968827957093226,-2.291212157389966,-0.3105429950513746
12.0,217.0,1004.1650390625,-3.463539277557831,-4.726022226630325,-1.4363158006167989,2.1334699404495807,2.798276458976059,1.7739650485166611,0.2648749546595169,1.3968827957093226,-2.291212157389966,-0.3105429950513746
12.0,217.0,1004.1650390625,-3.463539289971945,-4.726021744089699,-1.4363158007431696,2.1334699404495807,2.798276211937345,1.7739410105659723,0.2648749546594262,1.3968827957093226,-2.291212339016563,-0.3105429950513773
12.0,217.0,1004.1650390625,-3.463539276215845,-4.726013459115521,-1.436315800615471,2.1334699404495807,2.798275857317137,1.773968969109303,0.2648749546594307,1.3968827957093226,-2.291212148571858,-0.3105429950513781
12.0,217.0,1004.1650390625,-3.463539277557831,-4.726022226630325,-1.4363158007431691,2.1334699404495807,2.798276457492167,1.773968030307376,0.2648749546595169,1.3968827957093226,-2.291212157389966,-0.3105429950513746
12.0,217.0,1004.1650390625,-3.463539289971945,-4.726021744089699,-1.4363158007431696,2.1334699404495807,2.798276211937345,1.7739410105659723,0.2648749546594262,1.3968827957093226,-2.291212339016563,-0.3105429950513773
12.0,217.0,1004.1650390625,-3.463539290154078,-4.726012878226726,-1.436315800615471,2.1334699404495807,2.7982758480838807,1.773968969109303,0.2648749546594307,1.3968827957093226,-2.291212148571858,-0.3105429950513781
12.0,217.0,1004.1650390625,-3.463539277557831,-4.726022226630325,-1.4363158007431691,2.1334699404495807,2.798276457492167,1.773968030307376,0.2648749546595169,1.3968827957093226,-2.291212157389966,-0.3105429950513746
12.0,217.0,1004.1650390625,-3.4635392775518965,-4.72600833912019,-1.436315800621388,2.1334699404495807,2.798290883581072,1.7739665377792622,0.2648749546595169,1.3968827957093226,-2.29121213530713,-0.3105429950513764
12.0,217.0,1004.1650390625,-3.463539277557831,-4.726022226630325,-1.4363158007431691,2.1334699404495807,2.798276457492167,1.7739680302442815,0.2648749546595169,1.3968827957093226,-2.291212157389966,-0.3105429950513746
12.0,217.0,1004.1650390625,-3.4635392903090114,-4.726013395487686,-1.436315800615471,2.1334699404495807,2.798275857317137,1.773968969109303,0.2648749546594307,1.3968827957093226,-2.291212157306357,-0.3105429950513781
12.0,217.0,1004.1650390625,-3.463539277557831,-4.726013261184365,-1.4363158007431691,2.1334699404495807,2.798276457492167,1.7739689601397304,0.2648749546594284,1.3968827957093226,-2.291212157231444,-0.3105429950513746
12.0,217.0,1004.1650390625,-3.463539277557831,-4.726022378971716,-1.4363158007431691,2.1334699404495807,2.7982762689233747,1.7739680302442815,0.2648749546595169,1.3968827957093226,-2.291212157389966,-0.3105429950514067
12.0,217.0,1004.1650390625,-3.46353927755801,-4.726022096807932,-1.4363158007519443,2.1334699404495807,2.798276457492167,1.773968030307376,0.2648749546595169,1.3968827957093226,-2.2912121580657487,-0.3105429950513746
12.0,217.0,1004.1650390625,-3.463539278044658,-4.726008334060345,-1.4363158006150094,2.1334699404495807,2.798290883581072,1.773972740151021,0.2648749546595169,1.3968827957093226,-2.291212140625801,-0.3105429950513764
12.0,217.0,1004.1650390625,-3.4635392899969784,-4.726012193312498,-1.436315800615471,2.1334699404495807,2.7982912845625623,1.773968969109303,0.2648749546595291,1.3968827957093226,-2.291212143120769,-0.3105429950513781
12.0,217.0,1004.1650390625,-3.463539289971945,-4.726021757125537,-1.4363158007431696,2.1334699404495807,2.7982761991849188,1.7739410105659723,0.2648749546594253,1.3968827957093226,-2.291212325071849,-0.3105429950513773
12.0,217.0,1004.1650390625,-3.463539278044658,-4.726008336588709,-1.43631580062588,2.1334699404495807,2.79829013210366,1.773970281528218,0.2648749546595169,1.3968827957093226,-2.291212141566385,-0.3105429950513764
12.0,217.0,1004.1650390625,-3.463539278336981,-4.726021744089699,-1.4363158007431696,2.1334699404495807,2.798276211937345,1.7739410105659723,0.2648749546594262,1.3968827957093226,-2.291212339016563,-0.3105429950513773
12.0,217.0,1004.1650390625,-3.463539290154078,-4.726022360933646,-1.436315800615471,2.1334699404495807,2.798275857317137,1.7739680392138544,0.2648749546595192,1.3968827957093226,-2.2912121487303807,-0.3105429950513781
12.0,217.0,1004.1650390625,-3.463539277545349,-4.726008336588709,-1.4363158006261418,2.1334699404495807,2.798290883581072,1.773972740151021,0.2648749546595169,1.3968827957093226,-2.291212139679208,-0.3105429950513764
12.0,217.0,1004.1650390625,-3.4635392775518965,-4.726022618489626,-1.4363158007429726,2.1334699404495807,2.7982905412792163,1.7739665377792622,0.2648749546595169,1.3968827957093226,-2.291212315919612,-0.3105429950513764
12.0,217.0,1004.1650390625,-3.463539277557831,-4.72602254888574,-1.4363158007431696,2.1334699404495807,2.798276272434352,1.7739680053708071,0.2648749546595169,1.3968827957093226,-2.291212157389966,-0.3105429950514057
12.0,217.0,1004.1650390625,-3.463539278044658,-4.726008334060345,-1.4363158006150094,2.1334699404495807,2.798290883581072,1.773972740151021,0.2648749546595169,1.3968827957093226,-2.291212140625801,-0.3105429950513764
12.0,217.0,1004.1650390625,-3.463539278336981,-4.726021744089699,-1.4363158007431696,2.1334699404495807,2.798276211937345,1.7739410105659723,0.2648749546594262,1.3968827957093226,-2.291212339016563,-0.3105429950513773
12.0,217.0,1004.1650390625,-3.463539289971945,-4.726021728948034,-1.4363158007431696,2.1334699404495807,2.7982764479204705,1.7739392422854838,0.2648749546594262,1.3968827957093226,-2.291212339016563,-0.3105429950513773
12.0,217.0,1004.1650390625,-3.463539277557831,-4.726022378971716,-1.4363158007431691,2.1334699404495807,2.7982762689233747,1.7739680302442815,0.2648749546595169,1.3968827957093226,-2.291212157389966,-0.3105429950514067
12.0,217.0,1004.1650390625,-3.4635392899969784,-4.726012193312498,-1.436315800615471,2.1334699404495807,2.7982912845625623,1.773968969109303,0.2648749546595291,1.3968827957093226,-2.291212143046766,-0.3105429950513781
12.0,217.0,1004.1650390625,-3.463539277557831,-4.726021909005289,-1.4363158007431691,2.1334699404495807,2.798276457492167,1.773968030307376,0.2648749546595169,1.3968827957093226,-2.2912121578814064,-0.3105429950513746
12.0,217.0,1004.1650390625,-3.46353927755801,-4.726022096807932,-1.43631580076641,2.1334699404495807,2.7982769635979667,1.773968030307376,0.2648749546595169,1.3968827957093226,-2.2912121579976645,-0.3105429950513746
12.0,217.0,1004.1650390625,-3.4635392775584024,-4.72600833912019,-1.436315800621388,2.1334699404495807,2.798290883581072,1.7739665088008283,0.2648749546595169,1.3968827957093226,-2.291212155192131,-0.3105429950514056
12.0,217.0,1004.1650390625,-3.463539277557831,-4.726022226630325,-1.4363158007431691,2.1334699404495807,2.798276457492167,1.7739680302442815,0.2648749546595169,1.3968827957093226,-2.291212157389966,-0.3105429950513746
12.0,217.0,1004.1650390625,-3.463539278044658,-4.726008336588709,-1.4363158006261418,2.1334699404495807,2.798290129498203,1.7739705270484714,0.2648749546595169,1.3968827957093226,-2.291212141563996,-0.3105429950513764
12.0,217.0,1004.1650390625,-3.463539290154078,-4.726013395487686,-1.436315800615471,2.1334699404495807,2.798275857317137,1.773968969109303,0.2648749546594307,1.3968827957093226,-2.291212148571858,-0.3105429950513781
12.0,217.0,1004.1650390625,-3.463539277545349,-4.726008336588709,-1.4363158006261418,2.1334699404495807,2.798290883581072,1.773972740151021,0.2648749546595169,1.3968827957093226,-2.291212139679208,-0.3105429950513764
12.0,217.0,1004.1650390625,-3.4635392778251863,-4.726007713266493,-1.4363158007409529,2.1334699404495807,2.79829013210366,1.773970281528218,0.2648749546595169,1.3968827957093226,-2.291212141566385,-0.3105429950513764
12.0,217.0,1004.1650390625,-3.4635392899969784,-4.726008277939241,-1.436315800615471,2.1334699404495807,2.7982912845625623,1.7739687691259802,0.2648749546595295,1.3968827957093226,-2.291212135264064,-0.3105429950513781
12.0,217.0,1004.1650390625,-3.463539290153441,-4.726022360933646,-1.4363158006129175,2.1334699404495807,2.798275846534784,1.773942440326302,0.2648749546595192,1.3968827957093226,-2.2912123137027267,-0.3105429950513781
12.0,217.0,1004.1650390625,-3.463539278044658,-4.726008654213744,-1.43631580062588,2.1334699404495807,2.79829013210366,1.773970281528218,0.2648749546595169,1.3968827957093226,-2.2912121410749444,-0.3105429950513764
12.0,217.0,1004.1650390625,-3.463539278044658,-4.726008334060345,-1.436315800600544,2.1334699404495807,2.798290377475272,1.773972740151021,0.2648749546595169,1.3968827957093226,-2.2912121406938857,-0.3105429950513764
12.0,217.0,1004.1650390625,-3.4635392775513245,-4.726022378971716,-1.4363158007431691,2.1334699404495807,2.7982762689233747,1.7739680592227152,0.2648749546595169,1.3968827957093226,-2.291212137504965,-0.3105429950513775
12.0,217.0,1004.1650390625,-3.4635392780173944,-4.726022207494005,-1.4363158007431696,2.1334699404495807,2.7982761991849188,1.7739398389441818,0.2648749546594253,1.3968827957093226,-2.291212325071849,-0.3105429950513773
12.0,217.0,1004.1650390625,-3.463539278336981,-4.726021744089699,-1.4363158007431696,2.1334699404495807,2.798276211937345,1.7739410105659723,0.2648749546594262,1.3968827957093226,-2.291212339016563,-0.3105429950513773
12.0,217.0,1004.1651000976562,-3.463539277557831,-4.725992283276566,-1.4363158007431696,2.1334699404495807,2.7982762687881424,1.7739680053708071,0.2648749546595169,1.3968827957093226,-2.291212157389966,-0.3105429950514057
12.0,217.0,1004.1651000976562,-3.4635392778082847,-4.725989663073227,-1.436315800743088,2.1334699404495807,2.798276287607609,1.7739737894332297,0.2648749546595169,1.3968827957093226,-2.291212157389966,-0.3105429950513836
12.0,218.0,1004.1650390625,-3.463539278044658,-4.726008336588709,-1.4363158006261418,2.1334699404495807,2.798290883581072,1.773972740151021,0.2648749546595169,1.3968827957093226,-2.291212139678318,-0.3105429950513764
12.0,218.0,1004.1650390625,-3.4635392775518965,-4.72600833912019,-1.436315800621388,2.1334699404495807,2.798290883581072,1.7739665377792622,0.2648749546595169,1.3968827957093226,-2.29121213530713,-0.3105429950513764
12.0,218.0,1004.1650390625,-3.463539277557831,-4.726022226630325,-1.4363158007431691,2.1334699404495807,2.798276457492167,1.7739680302442815,0.2648749546595169,1.3968827957093226,-2.291212157389966,-0.3105429950513746
12.0,218.0,1004.1650390625,-3.463539290154078,-4.726013395487686,-1.436315800615471,2.1334699404495807,2.798275857317137,1.773968969109303,0.2648749546594307,1.3968827957093226,-2.291212148571858,-0.3105429950513781
12.0,218.0,1004.1650390625,-3.463539278044658,-4.726008336588709,-1.4363158006261418,2.1334699404495807,2.79829013210366,1.7739704498801188,0.2648749546595169,1.3968827957093226,-2.291212141566385,-0.3105429950513764
12.0,218.0,1004.1650390625,-3.463539277557831,-4.726022226630325,-1.4363158007431691,2.1334699404495807,2.798276457492167,1.7739680302442815,0.2648749546595169,1.3968827957093226,-2.291212157389966,-0.3105429950513746
12.0,218.0,1004.1650390625,-3.463539277557831,-4.726022226630325,-1.4363158006167989,2.1334699404495807,2.798276458976059,1.7739650485166611,0.2648749546595169,1.3968827957093226,-2.291212157389966,-0.3105429950513746
12.0,218.0,1004.1650390625,-3.463539289971945,-4.726021744089699,-1.4363158007431696,2.1334699404495807,2.798276211937345,1.7739410105659723,0.2648749546594262,1.3968827957093226,-2.291212339016563,-0.3105429950513773
12.0,218.0,1004.1650390625,-3.463539276215845,-4.726013459115521,-1.436315800615471,2.1334699404495807,2.798275857317137,1.773968969109303,0.2648749546594307,1.3968827957093226,-2.291212148571858,-0.3105429950513781
12.0,218.0,1004.1650390625,-3.463539277557831,-4.726022226630325,-1.4363158007431691,2.1334699404495807,2.798276457492167,1.773968030307376,0.2648749546595169,1.3968827957093226,-2.291212157389966,-0.3105429950513746
12.0,218.0,1004.1650390625,-3.463539289971945,-4.726021744089699,-1.4363158007431696,2.1334699404495807,2.798276211937345,1.7739410105659723,0.2648749546594262,1.3968827957093226,-2.291212339016563,-0.3105429950513773
12.0,218.0,1004.1650390625,-3.463539290154078,-4.726012878226726,-1.436315800615471,2.1334699404495807,2.7982758480838807,1.773968969109303,0.2648749546594307,1.3968827957093226,-2.291212148571858,-0.3105429950513781
12.0,218.0,1004.1650390625,-3.463539277557831,-4.726022226630325,-1.4363158007431691,2.1334699404495807,2.798276457492167,1.773968030307376,0.2648749546595169,1.3968827957093226,-2.291212157389966,-0.3105429950513746
12.0,218.0,1004.1650390625,-3.4635392775518965,-4.72600833912019,-1.436315800621388,2.1334699404495807,2.798290883581072,1.7739665377792622,0.2648749546595169,1.3968827957093226,-2.29121213530713,-0.3105429950513764
12.0,218.0,1004.1650390625,-3.463539277557831,-4.726022226630325,-1.4363158007431691,2.1334699404495807,2.798276457492167,1.7739680302442815,0.2648749546595169,1.3968827957093226,-2.291212157389966,-0.3105429950513746
12.0,218.0,1004.1650390625,-3.4635392903090114,-4.726013395487686,-1.436315800615471,2.1334699404495807,2.798275857317137,1.773968969109303,0.2648749546594307,1.3968827957093226,-2.291212157306357,-0.3105429950513781
12.0,218.0,1004.1650390625,-3.463539277557831,-4.726013261184365,-1.4363158007431691,2.1334699404495807,2.798276457492167,1.7739689601397304,0.2648749546594284,1.3968827957093226,-2.291212157231444,-0.3105429950513746
12.0,218.0,1004.1650390625,-3.463539277557831,-4.726022378971716,-1.4363158007431691,2.1334699404495807,2.7982762689233747,1.7739680302442815,0.2648749546595169,1.3968827957093226,-2.291212157389966,-0.3105429950514067
12.0,218.0,1004.1650390625,-3.46353927755801,-4.726022096807932,-1.4363158007519443,2.1334699404495807,2.798276457492167,1.773968030307376,0.2648749546595169,1.3968827957093226,-2.2912121580657487,-0.3105429950513746
12.0,218.0,1004.1650390625,-3.463539278044658,-4.726008334060345,-1.4363158006150094,2.1334699404495807,2.798290883581072,1.773972740151021,0.2648749546595169,1.3968827957093226,-2.291212140625801,-0.3105429950513764
12.0,218.0,1004.1650390625,-3.4635392899969784,-4.726012193312498,-1.436315800615471,2.1334699404495807,2.7982912845625623,1.773968969109303,0.2648749546595291,1.3968827957093226,-2.291212143120769,-0.3105429950513781
12.0,218.0,1004.1650390625,-3.463539289971945,-4.726021757125537,-1.4363158007431696,2.1334699404495807,2.7982761991849188,1.7739410105659723,0.2648749546594253,1.3968827957093226,-2.291212325071849,-0.3105429950513773
12.0,218.0,1004.1650390625,-3.463539278044658,-4.726008336588709,-1.43631580062588,2.1334699404495807,2.79829013210366,1.773970281528218,0.2648749546595169,1.3968827957093226,-2.291212141566385,-0.3105429950513764
12.0,218.0,1004.1650390625,-3.463539278336981,-4.726021744089699,-1.4363158007431696,2.1334699404495807,2.798276211937345,1.7739410105659723,0.2648749546594262,1.3968827957093226,-2.291212339016563,-0.3105429950513773
12.0,218.0,1004.1650390625,-3.463539290154078,-4.726022360933646,-1.436315800615471,2.1334699404495807,2.798275857317137,1.7739680392138544,0.2648749546595192,1.3968827957093226,-2.2912121487303807,-0.3105429950513781
12.0,218.0,1004.1650390625,-3.463539277545349,-4.726008336588709,-1.4363158006261418,2.1334699404495807,2.798290883581072,1.773972740151021,0.2648749546595169,1.3968827957093226,-2.291212139679208,-0.3105429950513764
12.0,218.0,1004.1650390625,-3.4635392775518965,-4.726022618489626,-1.4363158007429726,2.1334699404495807,2.7982905412792163,1.7739665377792622,0.2648749546595169,1.3968827957093226,-2.291212315919612,-0.3105429950513764
12.0,218.0,1004.1650390625,-3.463539277557831,-4.72602254888574,-1.4363158007431696,2.1334699404495807,2.798276272434352,1.7739680053708071,0.2648749546595169,1.3968827957093226,-2.291212157389966,-0.3105429950514057
12.0,218.0,1004.1650390625,-3.463539278044658,-4.726008334060345,-1.4363158006150094,2.1334699404495807,2.798290883581072,1.773972740151021,0.2648749546595169,1.3968827957093226,-2.291212140625801,-0.3105429950513764
12.0,218.0,1004.1650390625,-3.463539278336981,-4.726021744089699,-1.4363158007431696,2.1334699404495807,2.798276211937345,1.7739410105659723,0.2648749546594262,1.3968827957093226,-2.291212339016563,-0.3105429950513773
12.0,218.0,1004.1650390625,-3.463539289971945,-4.726021728948034,-1.4363158007431696,2.1334699404495807,2.7982764479204705,1.7739392422854838,0.2648749546594262,1.3968827957093226,-2.291212339016563,-0.3105429950513773
12.0,218.0,1004.1650390625,-3.463539277557831,-4.726022378971716,-1.4363158007431691,2.1334699404495807,2.7982762689233747,1.7739680302442815,0.2648749546595169,1.3968827957093226,-2.291212157389966,-0.3105429950514067
12.0,218.0,1004.1650390625,-3.4635392899969784,-4.726012193312498,-1.436315800615471,2.1334699404495807,2.7982912845625623,1.773968969109303,0.2648749546595291,1.3968827957093226,-2.291212143046766,-0.3105429950513781
12.0,218.0,1004.1650390625,-3.463539277557831,-4.726021909005289,-1.4363158007431691,2.1334699404495807,2.798276457492167,1.773968030307376,0.2648749546595169,1.3968827957093226,-2.2912121578814064,-0.3105429950513746
12.0,218.0,1004.1650390625,-3.46353927755801,-4.726022096807932,-1.43631580076641,2.1334699404495807,2.7982769635979667,1.773968030307376,0.2648749546595169,1.3968827957093226,-2.2912121579976645,-0.3105429950513746
12.0,218.0,1004.1650390625,-3.4635392775584024,-4.72600833912019,-1.436315800621388,2.1334699404495807,2.798290883581072,1.7739665088008283,0.2648749546595169,1.3968827957093226,-2.291212155192131,-0.3105429950514056
12.0,218.0,1004.1650390625,-3.463539277557831,-4.726022226630325,-1.4363158007431691,2.1334699404495807,2.798276457492167,1.7739680302442815,0.2648749546595169,1.3968827957093226,-2.291212157389966,-0.3105429950513746
12.0,218.0,1004.1650390625,-3.463539278044658,-4.726008336588709,-1.4363158006261418,2.1334699404495807,2.798290129498203,1.7739705270484714,0.2648749546595169,1.3968827957093226,-2.291212141563996,-0.3105429950513764
12.0,218.0,1004.1650390625,-3.463539290154078,-4.726013395487686,-1.436315800615471,2.1334699404495807,2.798275857317137,1.773968969109303,0.2648749546594307,1.3968827957093226,-2.291212148571858,-0.3105429950513781
12.0,218.0,1004.1650390625,-3.463539277545349,-4.726008336588709,-1.4363158006261418,2.1334699404495807,2.798290883581072,1.773972740151021,0.2648749546595169,1.3968827957093226,-2.291212139679208,-0.3105429950513764
12.0,218.0,1004.1650390625,-3.4635392778251863,-4.726007713266493,-1.4363158007409529,2.1334699404495807,2.79829013210366,1.773970281528218,0.2648749546595169,1.3968827957093226,-2.291212141566385,-0.3105429950513764
12.0,218.0,1004.1650390625,-3.4635392899969784,-4.726008277939241,-1.436315800615471,2.1334699404495807,2.7982912845625623,1.7739687691259802,0.2648749546595295,1.3968827957093226,-2.291212135264064,-0.3105429950513781
12.0,218.0,1004.1650390625,-3.463539290153441,-4.726022360933646,-1.4363158006129175,2.1334699404495807,2.798275846534784,1.773942440326302,0.2648749546595192,1.3968827957093226,-2.2912123137027267,-0.3105429950513781
12.0,218.0,1004.1650390625,-3.463539278044658,-4.726008654213744,-1.43631580062588,2.1334699404495807,2.79829013210366,1.773970281528218,0.2648749546595169,1.3968827957093226,-2.2912121410749444,-0.3105429950513764
12.0,218.0,1004.1650390625,-3.463539278044658,-4.726008334060345,-1.436315800600544,2.1334699404495807,2.798290377475272,1.773972740151021,0.2648749546595169,1.3968827957093226,-2.2912121406938857,-0.3105429950513764
12.0,218.0,1004.1650390625,-3.4635392775513245,-4.726022378971716,-1.4363158007431691,2.1334699404495807,2.7982762689233747,1.7739680592227152,0.2648749546595169,1.3968827957093226,-2.291212137504965,-0.3105429950513775
12.0,218.0,1004.1650390625,-3.4635392780173944,-4.726022207494005,-1.4363158007431696,2.1334699404495807,2.7982761991849188,1.7739398389441818,0.2648749546594253,1.3968827957093226,-2.291212325071849,-0.3105429950513773
12.0,218.0,1004.1650390625,-3.463539278336981,-4.726021744089699,-1.4363158007431696,2.1334699404495807,2.798276211937345,1.7739410105659723,0.2648749546594262,1.3968827957093226,-2.291212339016563,-0.3105429950513773
12.0,218.0,1004.1650390625,-3.463539289971945,-4.726021744089699,-1.4363158007431696,2.1334699404495807,2.7982762140462247,1.7739410105659723,0.2648749546594262,1.3968827957093226,-2.291212339016563,-0.3105429950513773
12.0,218.0,1004.1650390625,-3.4635392778251863,-4.726007713266493,-1.4363158007409529,2.1334699404495807,2.79829013210366,1.773970281528218,0.2648749546595169,1.3968827957093226,-2.291212141566385,-0.3105429950513764
12.0,219.0,1004.1650390625,-3.463539278044658,-4.726008336588709,-1.4363158006261418,2.1334699404495807,2.798290883581072,1.773972740151021,0.2648749546595169,1.3968827957093226,-2.291212139678318,-0.3105429950513764
12.0,219.0,1004.1650390625,-3.4635392775518965,-4.72600833912019,-1.436315800621388,2.1334699404495807,2.798290883581072,1.7739665377792622,0.2648749546595169,1.3968827957093226,-2.29121213530713,-0.3105429950513764
12.0,219.0,1004.1650390625,-3.463539277557831,-4.726022226630325,-1.4363158007431691,2.1334699404495807,2.798276457492167,1.7739680302442815,0.2648749546595169,1.3968827957093226,-2.291212157389966,-0.3105429950513746
12.0,219.0,1004.1650390625,-3.463539290154078,-4.726013395487686,-1.436315800615471,2.1334699404495807,2.798275857317137,1.773968969109303,0.2648749546594307,1.3968827957093226,-2.291212148571858,-0.3105429950513781
12.0,219.0,1004.1650390625,-3.463539278044658,-4.726008336588709,-1.4363158006261418,2.1334699404495807,2.79829013210366,1.7739704498801188,0.2648749546595169,1.3968827957093226,-2.291212141566385,-0.3105429950513764
12.0,219.0,1004.1650390625,-3.463539277557831,-4.726022226630325,-1.4363158007431691,2.1334699404495807,2.798276457492167,1.7739680302442815,0.2648749546595169,1.3968827957093226,-2.291212157389966,-0.3105429950513746
12.0,219.0,1004.1650390625,-3.463539277557831,-4.726022226630325,-1.4363158006167989,2.1334699404495807,2.798276458976059,1.7739650485166611,0.2648749546595169,1.3968827957093226,-2.291212157389966,-0.3105429950513746
12.0,219.0,1004.1650390625,-3.463539289971945,-4.726021744089699,-1.4363158007431696,2.1334699404495807,2.798276211937345,1.7739410105659723,0.2648749546594262,1.3968827957093226,-2.291212339016563,-0.3105429950513773
12.0,219.0,1004.1650390625,-3.463539276215845,-4.726013459115521,-1.436315800615471,2.1334699404495807,2.798275857317137,1.773968969109303,0.2648749546594307,1.3968827957093226,-2.291212148571858,-0.3105429950513781
12.0,219.0,1004.1650390625,-3.463539277557831,-4.726022226630325,-1.4363158007431691,2.1334699404495807,2.798276457492167,1.773968030307376,0.2648749546595169,1.3968827957093226,-2.291212157389966,-0.3105429950513746
12.0,219.0,1004.1650390625,-3.463539289971945,-4.726021744089699,-1.4363158007431696,2.1334699404495807,2.798276211937345,1.7739410105659723,0.2648749546594262,1.3968827957093226,-2.291212339016563,-0.3105429950513773
12.0,219.0,1004.1650390625,-3.463539290154078,-4.726012878226726,-1.436315800615471,2.1334699404495807,2.7982758480838807,1.773968969109303,0.2648749546594307,1.3968827957093226,-2.291212148571858,-0.3105429950513781
12.0,219.0,1004.1650390625,-3.463539277557831,-4.726022226630325,-1.4363158007431691,2.1334699404495807,2.798276457492167,1.773968030307376,0.2648749546595169,1.3968827957093226,-2.291212157389966,-0.3105429950513746
12.0,219.0,1004.1650390625,-3.4635392775518965,-4.72600833912019,-1.436315800621388,2.1334699404495807,2.798290883581072,1.7739665377792622,0.2648749546595169,1.3968827957093226,-2.29121213530713,-0.3105429950513764
12.0,219.0,1004.1650390625,-3.463539277557831,-4.726022226630325,-1.4363158007431691,2.1334699404495807,2.798276457492167,1.7739680302442815,0.2648749546595169,1.3968827957093226,-2.291212157389966,-0.3105429950513746
12.0,219.0,1004.1650390625,-3.4635392903090114,-4.726013395487686,-1.436315800615471,2.1334699404495807,2.798275857317137,1.773968969109303,0.2648749546594307,1.3968827957093226,-2.291212157306357,-0.3105429950513781
12.0,219.0,1004.1650390625,-3.463539277557831,-4.726013261184365,-1.4363158007431691,2.1334699404495807,2.798276457492167,1.7739689601397304,0.2648749546594284,1.3968827957093226,-2.291212157231444,-0.3105429950513746
12.0,219.0,1004.1650390625,-3.463539277557831,-4.726022378971716,-1.4363158007431691,2.1334699404495807,2.7982762689233747,1.7739680302442815,0.2648749546595169,1.3968827957093226,-2.291212157389966,-0.3105429950514067
12.0,219.0,1004.1650390625,-3.46353927755801,-4.726022096807932,-1.4363158007519443,2.1334699404495807,2.798276457492167,1.773968030307376,0.2648749546595169,1.3968827957093226,-2.2912121580657487,-0.3105429950513746
12.0,219.0,1004.1650390625,-3.463539278044658,-4.726008334060345,-1.4363158006150094,2.1334699404495807,2.798290883581072,1.773972740151021,0.2648749546595169,1.3968827957093226,-2.291212140625801,-0.3105429950513764
12.0,219.0,1004.1650390625,-3.4635392899969784,-4.726012193312498,-1.436315800615471,2.1334699404495807,2.7982912845625623,1.773968969109303,0.2648749546595291,1.3968827957093226,-2.291212143120769,-0.3105429950513781
12.0,219.0,1004.1650390625,-3.463539289971945,-4.726021757125537,-1.4363158007431696,2.1334699404495807,2.7982761991849188,1.7739410105659723,0.2648749546594253,1.3968827957093226,-2.291212325071849,-0.3105429950513773
12.0,219.0,1004.1650390625,-3.463539278044658,-4.726008336588709,-1.43631580062588,2.1334699404495807,2.79829013210366,1.773970281528218,0.2648749546595169,1.3968827957093226,-2.291212141566385,-0.3105429950513764
12.0,219.0,1004.1650390625,-3.463539278336981,-4.726021744089699,-1.4363158007431696,2.1334699404495807,2.798276211937345,1.7739410105659723,0.2648749546594262,1.3968827957093226,-2.291212339016563,-0.3105429950513773
12.0,219.0,1004.1650390625,-3.463539290154078,-4.726022360933646,-1.436315800615471,2.1334699404495807,2.798275857317137,1.7739680392138544,0.2648749546595192,1.3968827957093226,-2.2912121487303807,-0.3105429950513781
12.0,219.0,1004.1650390625,-3.463539277545349,-4.726008336588709,-1.4363158006261418,2.1334699404495807,2.798290883581072,1.773972740151021,0.2648749546595169,1.3968827957093226,-2.291212139679208,-0.3105429950513764
12.0,219.0,1004.1650390625,-3.4635392775518965,-4.726022618489626,-1.4363158007429726,2.1334699404495807,2.7982905412792163,1.7739665377792622,0.2648749546595169,1.3968827957093226,-2.291212315919612,-0.3105429950513764
12.0,219.0,1004.1650390625,-3.463539277557831,-4.72602254888574,-1.4363158007431696,2.1334699404495807,2.798276272434352,1.7739680053708071,0.2648749546595169,1.3968827957093226,-2.291212157389966,-0.3105429950514057
12.0,219.0,1004.1650390625,-3.463539278044658,-4.726008334060345,-1.4363158006150094,2.1334699404495807,2.798290883581072,1.773972740151021,0.2648749546595169,1.3968827957093226,-2.291212140625801,-0.3105429950513764
12.0,219.0,1004.1650390625,-3.463539278336981,-4.726021744089699,-1.4363158007431696,2.1334699404495807,2.798276211937345,1.7739410105659723,0.2648749546594262,1.3968827957093226,-2.291212339016563,-0.3105429950513773
12.0,219.0,1004.1650390625,-3.463539289971945,-4.726021728948034,-1.4363158007431696,2.1334699404495807,2.7982764479204705,1.7739392422854838,0.2648749546594262,1.3968827957093226,-2.291212339016563,-0.3105429950513773
12.0,219.0,1004.1650390625,-3.463539277557831,-4.726022378971716,-1.4363158007431691,2.1334699404495807,2.7982762689233747,1.7739680302442815,0.2648749546595169,1.3968827957093226,-2.291212157389966,-0.3105429950514067
12.0,219.0,1004.1650390625,-3.4635392899969784,-4.726012193312498,-1.436315800615471,2.1334699404495807,2.7982912845625623,1.773968969109303,0.2648749546595291,1.3968827957093226,-2.291212143046766,-0.3105429950513781
12.0,219.0,1004.1650390625,-3.463539277557831,-4.726021909005289,-1.4363158007431691,2.1334699404495807,2.798276457492167,1.773968030307376,0.2648749546595169,1.3968827957093226,-2.2912121578814064,-0.3105429950513746
12.0,219.0,1004.1650390625,-3.46353927755801,-4.726022096807932,-1.43631580076641,2.1334699404495807,2.7982769635979667,1.773968030307376,0.2648749546595169,1.3968827957093226,-2.2912121579976645,-0.3105429950513746
12.0,219.0,1004.1650390625,-3.4635392775584024,-4.72600833912019,-1.436315800621388,2.1334699404495807,2.798290883581072,1.7739665088008283,0.2648749546595169,1.3968827957093226,-2.291212155192131,-0.3105429950514056
12.0,219.0,1004.1650390625,-3.463539277557831,-4.726022226630325,-1.4363158007431691,2.1334699404495807,2.798276457492167,1.7739680302442815,0.2648749546595169,1.3968827957093226,-2.291212157389966,-0.3105429950513746
12.0,219.0,1004.1650390625,-3.463539278044658,-4.726008336588709,-1.4363158006261418,2.1334699404495807,2.798290129498203,1.7739705270484714,0.2648749546595169,1.3968827957093226,-2.291212141563996,-0.3105429950513764
12.0,219.0,1004.1650390625,-3.463539290154078,-4.726013395487686,-1.436315800615471,2.1334699404495807,2.798275857317137,1.773968969109303,0.2648749546594307,1.3968827957093226,-2.291212148571858,-0.3105429950513781
12.0,219.0,1004.1650390625,-3.463539277545349,-4.726008336588709,-1.4363158006261418,2.1334699404495807,2.798290883581072,1.773972740151021,0.2648749546595169,1.3968827957093226,-2.291212139679208,-0.3105429950513764
12.0,219.0,1004.1650390625,-3.4635392778251863,-4.726007713266493,-1.4363158007409529,2.1334699404495807,2.79829013210366,1.773970281528218,0.2648749546595169,1.3968827957093226,-2.291212141566385,-0.3105429950513764
12.0,219.0,1004.1650390625,-3.4635392899969784,-4.726008277939241,-1.436315800615471,2.1334699404495807,2.7982912845625623,1.7739687691259802,0.2648749546595295,1.3968827957093226,-2.291212135264064,-0.3105429950513781
12.0,219.0,1004.1650390625,-3.463539290153441,-4.726022360933646,-1.4363158006129175,2.1334699404495807,2.798275846534784,1.773942440326302,0.2648749546595192,1.3968827957093226,-2.2912123137027267,-0.3105429950513781
12.0,219.0,1004.1650390625,-3.463539278044658,-4.726008654213744,-1.43631580062588,2.1334699404495807,2.79829013210366,1.773970281528218,0.2648749546595169,1.3968827957093226,-2.2912121410749444,-0.3105429950513764
12.0,219.0,1004.1650390625,-3.463539278044658,-4.726008334060345,-1.436315800600544,2.1334699404495807,2.798290377475272,1.773972740151021,0.2648749546595169,1.3968827957093226,-2.2912121406938857,-0.3105429950513764
12.0,219.0,1004.1650390625,-3.4635392775513245,-4.726022378971716,-1.4363158007431691,2.1334699404495807,2.7982762689233747,1.7739680592227152,0.2648749546595169,1.3968827957093226,-2.291212137504965,-0.3105429950513775
12.0,219.0,1004.1650390625,-3.4635392780173944,-4.726022207494005,-1.4363158007431696,2.1334699404495807,2.7982761991849188,1.7739398389441818,0.2648749546594253,1.3968827957093226,-2.291212325071849,-0.3105429950513773
12.0,219.0,1004.1650390625,-3.463539278336981,-4.726021744089699,-1.4363158007431696,2.1334699404495807,2.798276211937345,1.7739410105659723,0.2648749546594262,1.3968827957093226,-2.291212339016563,-0.3105429950513773
12.0,219.0,1004.1650390625,-3.463539289971945,-4.726021744089699,-1.4363158007431696,2.1334699404495807,2.7982762140462247,1.7739410105659723,0.2648749546594262,1.3968827957093226,-2.291212339016563,-0.3105429950513773
12.0,219.0,1004.1650390625,-3.4635392778251863,-4.726007713266493,-1.4363158007409529,2.1334699404495807,2.79829013210366,1.773970281528218,0.2648749546595169,1.3968827957093226,-2.291212141566385,-0.3105429950513764
12.0,220.0,1004.1648559570312,-3.4635392780367984,-4.726022096807932,-1.43631580076641,2.1334699404495807,2.7982769635979667,1.773968030307376,0.2648749546595169,1.3968827957093226,-2.29121215776467,-0.3107166211535003
12.0,220.0,1004.1650390625,-3.463539278044658,-4.726008336588709,-1.4363158006261418,2.1334699404495807,2.798290883581072,1.773972740151021,0.2648749546595169,1.3968827957093226,-2.291212139678318,-0.3105429950513764
12.0,220.0,1004.1650390625,-3.4635392775518965,-4.72600833912019,-1.436315800621388,2.1334699404495807,2.798290883581072,1.7739665377792622,0.2648749546595169,1.3968827957093226,-2.29121213530713,-0.3105429950513764
12.0,220.0,1004.1650390625,-3.463539277557831,-4.726022226630325,-1.4363158007431691,2.1334699404495807,2.798276457492167,1.7739680302442815,0.2648749546595169,1.3968827957093226,-2.291212157389966,-0.3105429950513746
12.0,220.0,1004.1650390625,-3.463539290154078,-4.726013395487686,-1.436315800615471,2.1334699404495807,2.798275857317137,1.773968969109303,0.2648749546594307,1.3968827957093226,-2.291212148571858,-0.3105429950513781
12.0,220.0,1004.1650390625,-3.463539278044658,-4.726008336588709,-1.4363158006261418,2.1334699404495807,2.79829013210366,1.7739704498801188,0.2648749546595169,1.3968827957093226,-2.291212141566385,-0.3105429950513764
12.0,220.0,1004.1650390625,-3.463539277557831,-4.726022226630325,-1.4363158007431691,2.1334699404495807,2.798276457492167,1.7739680302442815,0.2648749546595169,1.3968827957093226,-2.291212157389966,-0.3105429950513746
12.0,220.0,1004.1650390625,-3.463539277557831,-4.726022226630325,-1.4363158006167989,2.1334699404495807,2.798276458976059,1.7739650485166611,0.2648749546595169,1.3968827957093226,-2.291212157389966,-0.3105429950513746
12.0,220.0,1004.1650390625,-3.463539289971945,-4.726021744089699,-1.4363158007431696,2.1334699404495807,2.798276211937345,1.7739410105659723,0.2648749546594262,1.3968827957093226,-2.291212339016563,-0.3105429950513773
12.0,220.0,1004.1650390625,-3.463539276215845,-4.726013459115521,-1.436315800615471,2.1334699404495807,2.798275857317137,1.773968969109303,0.2648749546594307,1.3968827957093226,-2.291212148571858,-0.3105429950513781
12.0,220.0,1004.1650390625,-3.463539277557831,-4.726022226630325,-1.4363158007431691,2.1334699404495807,2.798276457492167,1.773968030307376,0.2648749546595169,1.3968827957093226,-2.291212157389966,-0.3105429950513746
12.0,220.0,1004.1650390625,-3.463539289971945,-4.726021744089699,-1.4363158007431696,2.1334699404495807,2.798276211937345,1.7739410105659723,0.2648749546594262,1.3968827957093226,-2.291212339016563,-0.3105429950513773
12.0,220.0,1004.1650390625,-3.463539290154078,-4.726012878226726,-1.436315800615471,2.1334699404495807,2.7982758480838807,1.773968969109303,0.2648749546594307,1.3968827957093226,-2.291212148571858,-0.3105429950513781
12.0,220.0,1004.1650390625,-3.463539277557831,-4.726022226630325,-1.4363158007431691,2.1334699404495807,2.798276457492167,1.773968030307376,0.2648749546595169,1.3968827957093226,-2.291212157389966,-0.3105429950513746
12.0,220.0,1004.1650390625,-3.4635392775518965,-4.72600833912019,-1.436315800621388,2.1334699404495807,2.798290883581072,1.7739665377792622,0.2648749546595169,1.3968827957093226,-2.29121213530713,-0.3105429950513764
12.0,220.0,1004.1650390625,-3.463539277557831,-4.726022226630325,-1.4363158007431691,2.1334699404495807,2.798276457492167,1.7739680302442815,0.2648749546595169,1.3968827957093226,-2.291212157389966,-0.3105429950513746
12.0,220.0,1004.1650390625,-3.4635392903090114,-4.726013395487686,-1.436315800615471,2.1334699404495807,2.798275857317137,1.773968969109303,0.2648749546594307,1.3968827957093226,-2.291212157306357,-0.3105429950513781
12.0,220.0,1004.1650390625,-3.463539277557831,-4.726013261184365,-1.4363158007431691,2.1334699404495807,2.798276457492167,1.7739689601397304,0.2648749546594284,1.3968827957093226,-2.291212157231444,-0.3105429950513746
12.0,220.0,1004.1650390625,-3.463539277557831,-4.726022378971716,-1.4363158007431691,2.1334699404495807,2.7982762689233747,1.7739680302442815,0.2648749546595169,1.3968827957093226,-2.291212157389966,-0.3105429950514067
12.0,220.0,1004.1650390625,-3.46353927755801,-4.726022096807932,-1.4363158007519443,2.1334699404495807,2.798276457492167,1.773968030307376,0.2648749546595169,1.3968827957093226,-2.2912121580657487,-0.3105429950513746
12.0,220.0,1004.1650390625,-3.463539278044658,-4.726008334060345,-1.4363158006150094,2.1334699404495807,2.798290883581072,1.773972740151021,0.2648749546595169,1.3968827957093226,-2.291212140625801,-0.3105429950513764
12.0,220.0,1004.1650390625,-3.4635392899969784,-4.726012193312498,-1.436315800615471,2.1334699404495807,2.7982912845625623,1.773968969109303,0.2648749546595291,1.3968827957093226,-2.291212143120769,-0.3105429950513781
12.0,220.0,1004.1650390625,-3.463539289971945,-4.726021757125537,-1.4363158007431696,2.1334699404495807,2.7982761991849188,1.7739410105659723,0.2648749546594253,1.3968827957093226,-2.291212325071849,-0.3105429950513773
12.0,220.0,1004.1650390625,-3.463539278044658,-4.726008336588709,-1.43631580062588,2.1334699404495807,2.79829013210366,1.773970281528218,0.2648749546595169,1.3968827957093226,-2.291212141566385,-0.3105429950513764
12.0,220.0,1004.1650390625,-3.463539278336981,-4.726021744089699,-1.4363158007431696,2.1334699404495807,2.798276211937345,1.7739410105659723,0.2648749546594262,1.3968827957093226,-2.291212339016563,-0.3105429950513773
12.0,220.0,1004.1650390625,-3.463539290154078,-4.726022360933646,-1.436315800615471,2.1334699404495807,2.798275857317137,1.7739680392138544,0.2648749546595192,1.3968827957093226,-2.2912121487303807,-0.3105429950513781
12.0,220.0,1004.1650390625,-3.463539277545349,-4.726008336588709,-1.4363158006261418,2.1334699404495807,2.798290883581072,1.773972740151021,0.2648749546595169,1.3968827957093226,-2.291212139679208,-0.3105429950513764
12.0,220.0,1004.1650390625,-3.4635392775518965,-4.726022618489626,-1.4363158007429726,2.1334699404495807,2.7982905412792163,1.7739665377792622,0.2648749546595169,1.3968827957093226,-2.291212315919612,-0.3105429950513764
12.0,220.0,1004.1650390625,-3.463539277557831,-4.72602254888574,-1.4363158007431696,2.1334699404495807,2.798276272434352,1.7739680053708071,0.2648749546595169,1.3968827957093226,-2.291212157389966,-0.3105429950514057
12.0,220.0,1004.1650390625,-3.463539278044658,-4.726008334060345,-1.4363158006150094,2.1334699404495807,2.798290883581072,1.773972740151021,0.2648749546595169,1.3968827957093226,-2.291212140625801,-0.3105429950513764
12.0,220.0,1004.1650390625,-3.463539278336981,-4.726021744089699,-1.4363158007431696,2.1334699404495807,2.798276211937345,1.7739410105659723,0.2648749546594262,1.3968827957093226,-2.291212339016563,-0.3105429950513773
12.0,220.0,1004.1650390625,-3.463539289971945,-4.726021728948034,-1.4363158007431696,2.1334699404495807,2.7982764479204705,1.7739392422854838,0.2648749546594262,1.3968827957093226,-2.291212339016563,-0.3105429950513773
12.0,220.0,1004.1650390625,-3.463539277557831,-4.726022378971716,-1.4363158007431691,2.1334699404495807,2.7982762689233747,1.7739680302442815,0.2648749546595169,1.3968827957093226,-2.291212157389966,-0.3105429950514067
12.0,220.0,1004.1650390625,-3.4635392899969784,-4.726012193312498,-1.436315800615471,2.1334699404495807,2.7982912845625623,1.773968969109303,0.2648749546595291,1.3968827957093226,-2.291212143046766,-0.3105429950513781
12.0,220.0,1004.1650390625,-3.463539277557831,-4.726021909005289,-1.4363158007431691,2.1334699404495807,2.798276457492167,1.773968030307376,0.2648749546595169,1.3968827957093226,-2.2912121578814064,-0.3105429950513746
12.0,220.0,1004.1650390625,-3.46353927755801,-4.726022096807932,-1.43631580076641,2.1334699404495807,2.7982769635979667,1.773968030307376,0.2648749546595169,1.3968827957093226,-2.2912121579976645,-0.3105429950513746
12.0,220.0,1004.1650390625,-3.4635392775584024,-4.72600833912019,-1.436315800621388,2.1334699404495807,2.798290883581072,1.7739665088008283,0.2648749546595169,1.3968827957093226,-2.291212155192131,-0.3105429950514056
12.0,220.0,1004.1650390625,-3.463539277557831,-4.726022226630325,-1.4363158007431691,2.1334699404495807,2.798276457492167,1.7739680302442815,0.2648749546595169,1.3968827957093226,-2.291212157389966,-0.3105429950513746
12.0,220.0,1004.1650390625,-3.463539278044658,-4.726008336588709,-1.4363158006261418,2.1334699404495807,2.798290129498203,1.7739705270484714,0.2648749546595169,1.3968827957093226,-2.291212141563996,-0.3105429950513764
12.0,220.0,1004.1650390625,-3.463539290154078,-4.726013395487686,-1.436315800615471,2.1334699404495807,2.798275857317137,1.773968969109303,0.2648749546594307,1.3968827957093226,-2.291212148571858,-0.3105429950513781
12.0,220.0,1004.1650390625,-3.463539277545349,-4.726008336588709,-1.4363158006261418,2.1334699404495807,2.798290883581072,1.773972740151021,0.2648749546595169,1.3968827957093226,-2.291212139679208,-0.3105429950513764
12.0,220.0,1004.1650390625,-3.4635392778251863,-4.726007713266493,-1.4363158007409529,2.1334699404495807,2.79829013210366,1.773970281528218,0.2648749546595169,1.3968827957093226,-2.291212141566385,-0.3105429950513764
12.0,220.0,1004.1650390625,-3.4635392899969784,-4.726008277939241,-1.436315800615471,2.1334699404495807,2.7982912845625623,1.7739687691259802,0.2648749546595295,1.3968827957093226,-2.291212135264064,-0.3105429950513781
12.0,220.0,1004.1650390625,-3.463539290153441,-4.726022360933646,-1.4363158006129175,2.1334699404495807,2.798275846534784,1.773942440326302,0.2648749546595192,1.3968827957093226,-2.2912123137027267,-0.3105429950513781
12.0,220.0,1004.1650390625,-3.463539278044658,-4.726008654213744,-1.43631580062588,2.1334699404495807,2.79829013210366,1.773970281528218,0.2648749546595169,1.3968827957093226,-2.2912121410749444,-0.3105429950513764
12.0,220.0,1004.1650390625,-3.463539278044658,-4.726008334060345,-1.436315800600544,2.1334699404495807,2.798290377475272,1.773972740151021,0.2648749546595169,1.3968827957093226,-2.2912121406938857,-0.3105429950513764
12.0,220.0,1004.1650390625,-3.4635392775513245,-4.726022378971716,-1.4363158007431691,2.1334699404495807,2.7982762689233747,1.7739680592227152,0.2648749546595169,1.3968827957093226,-2.291212137504965,-0.3105429950513775
12.0,220.0,1004.1650390625,-3.4635392780173944,-4.726022207494005,-1.4363158007431696,2.1334699404495807,2.7982761991849188,1.7739398389441818,0.2648749546594253,1.3968827957093226,-2.291212325071849,-0.3105429950513773
12.0,220.0,1004.1650390625,-3.463539278336981,-4.726021744089699,-1.4363158007431696,2.1334699404495807,2.798276211937345,1.7739410105659723,0.2648749546594262,1.3968827957093226,-2.291212339016563,-0.3105429950513773
12.0,220.0,1004.1650390625,-3.463539289971945,-4.726021744089699,-1.4363158007431696,2.1334699404495807,2.7982762140462247,1.7739410105659723,0.2648749546594262,1.3968827957093226,-2.291212339016563,-0.3105429950513773
12.0,221.0,1004.1648559570312,-3.4635392780367984,-4.726022096807932,-1.43631580076641,2.1334699404495807,2.7982769635979667,1.773968030307376,0.2648749546595169,1.3968827957093226,-2.29121215776467,-0.3107166211535003
12.0,221.0,1004.1648559570312,-3.4635392780367984,-4.726022220337332,-1.4363158007657888,2.1334699404495807,2.7982769635979667,1.773968030307376,0.2648749546595169,1.3968827957093226,-2.29121215774426,-0.3107268567286141
12.0,221.0,1004.1650390625,-3.463539278044658,-4.726008336588709,-1.4363158006261418,2.1334699404495807,2.798290883581072,1.773972740151021,0.2648749546595169,1.3968827957093226,-2.291212139678318,-0.3105429950513764
12.0,221.0,1004.1650390625,-3.4635392775518965,-4.72600833912019,-1.436315800621388,2.1334699404495807,2.798290883581072,1.7739665377792622,0.2648749546595169,1.3968827957093226,-2.29121213530713,-0.3105429950513764
12.0,221.0,1004.1650390625,-3.463539277557831,-4.726022226630325,-1.4363158007431691,2.1334699404495807,2.798276457492167,1.7739680302442815,0.2648749546595169,1.3968827957093226,-2.291212157389966,-0.3105429950513746
12.0,221.0,1004.1650390625,-3.463539290154078,-4.726013395487686,-1.436315800615471,2.1334699404495807,2.798275857317137,1.773968969109303,0.2648749546594307,1.3968827957093226,-2.291212148571858,-0.3105429950513781
12.0,221.0,1004.1650390625,-3.463539278044658,-4.726008336588709,-1.4363158006261418,2.1334699404495807,2.79829013210366,1.7739704498801188,0.2648749546595169,1.3968827957093226,-2.291212141566385,-0.3105429950513764
12.0,221.0,1004.1650390625,-3.463539277557831,-4.726022226630325,-1.4363158007431691,2.1334699404495807,2.798276457492167,1.7739680302442815,0.2648749546595169,1.3968827957093226,-2.291212157389966,-0.3105429950513746
12.0,221.0,1004.1650390625,-3.463539277557831,-4.726022226630325,-1.4363158006167989,2.1334699404495807,2.798276458976059,1.7739650485166611,0.2648749546595169,1.3968827957093226,-2.291212157389966,-0.3105429950513746
12.0,221.0,1004.1650390625,-3.463539289971945,-4.726021744089699,-1.4363158007431696,2.1334699404495807,2.798276211937345,1.7739410105659723,0.2648749546594262,1.3968827957093226,-2.291212339016563,-0.3105429950513773
12.0,221.0,1004.1650390625,-3.463539276215845,-4.726013459115521,-1.436315800615471,2.1334699404495807,2.798275857317137,1.773968969109303,0.2648749546594307,1.3968827957093226,-2.291212148571858,-0.3105429950513781
12.0,221.0,1004.1650390625,-3.463539277557831,-4.726022226630325,-1.4363158007431691,2.1334699404495807,2.798276457492167,1.773968030307376,0.2648749546595169,1.3968827957093226,-2.291212157389966,-0.3105429950513746
12.0,221.0,1004.1650390625,-3.463539289971945,-4.726021744089699,-1.4363158007431696,2.1334699404495807,2.798276211937345,1.7739410105659723,0.2648749546594262,1.3968827957093226,-2.291212339016563,-0.3105429950513773
12.0,221.0,1004.1650390625,-3.463539290154078,-4.726012878226726,-1.436315800615471,2.1334699404495807,2.7982758480838807,1.773968969109303,0.2648749546594307,1.3968827957093226,-2.291212148571858,-0.3105429950513781
12.0,221.0,1004.1650390625,-3.463539277557831,-4.726022226630325,-1.4363158007431691,2.1334699404495807,2.798276457492167,1.773968030307376,0.2648749546595169,1.3968827957093226,-2.291212157389966,-0.3105429950513746
12.0,221.0,1004.1650390625,-3.4635392775518965,-4.72600833912019,-1.436315800621388,2.1334699404495807,2.798290883581072,1.7739665377792622,0.2648749546595169,1.3968827957093226,-2.29121213530713,-0.3105429950513764
12.0,221.0,1004.1650390625,-3.463539277557831,-4.726022226630325,-1.4363158007431691,2.1334699404495807,2.798276457492167,1.7739680302442815,0.2648749546595169,1.3968827957093226,-2.291212157389966,-0.3105429950513746
12.0,221.0,1004.1650390625,-3.4635392903090114,-4.726013395487686,-1.436315800615471,2.1334699404495807,2.798275857317137,1.773968969109303,0.2648749546594307,1.3968827957093226,-2.291212157306357,-0.3105429950513781
12.0,221.0,1004.1650390625,-3.463539277557831,-4.726013261184365,-1.4363158007431691,2.1334699404495807,2.798276457492167,1.7739689601397304,0.2648749546594284,1.3968827957093226,-2.291212157231444,-0.3105429950513746
12.0,221.0,1004.1650390625,-3.463539277557831,-4.726022378971716,-1.4363158007431691,2.1334699404495807,2.7982762689233747,1.7739680302442815,0.2648749546595169,1.3968827957093226,-2.291212157389966,-0.3105429950514067
12.0,221.0,1004.1650390625,-3.46353927755801,-4.726022096807932,-1.4363158007519443,2.1334699404495807,2.798276457492167,1.773968030307376,0.2648749546595169,1.3968827957093226,-2.2912121580657487,-0.3105429950513746
12.0,221.0,1004.1650390625,-3.463539278044658,-4.726008334060345,-1.4363158006150094,2.1334699404495807,2.798290883581072,1.773972740151021,0.2648749546595169,1.3968827957093226,-2.291212140625801,-0.3105429950513764
12.0,221.0,1004.1650390625,-3.4635392899969784,-4.726012193312498,-1.436315800615471,2.1334699404495807,2.7982912845625623,1.773968969109303,0.2648749546595291,1.3968827957093226,-2.291212143120769,-0.3105429950513781
12.0,221.0,1004.1650390625,-3.463539289971945,-4.726021757125537,-1.4363158007431696,2.1334699404495807,2.7982761991849188,1.7739410105659723,0.2648749546594253,1.3968827957093226,-2.291212325071849,-0.3105429950513773
12.0,221.0,1004.1650390625,-3.463539278044658,-4.726008336588709,-1.43631580062588,2.1334699404495807,2.79829013210366,1.773970281528218,0.2648749546595169,1.3968827957093226,-2.291212141566385,-0.3105429950513764
12.0,221.0,1004.1650390625,-3.463539278336981,-4.726021744089699,-1.4363158007431696,2.1334699404495807,2.798276211937345,1.7739410105659723,0.2648749546594262,1.3968827957093226,-2.291212339016563,-0.3105429950513773
12.0,221.0,1004.1650390625,-3.463539290154078,-4.726022360933646,-1.436315800615471,2.1334699404495807,2.798275857317137,1.7739680392138544,0.2648749546595192,1.3968827957093226,-2.2912121487303807,-0.3105429950513781
12.0,221.0,1004.1650390625,-3.463539277545349,-4.726008336588709,-1.4363158006261418,2.1334699404495807,2.798290883581072,1.773972740151021,0.2648749546595169,1.3968827957093226,-2.291212139679208,-0.3105429950513764
12.0,221.0,1004.1650390625,-3.4635392775518965,-4.726022618489626,-1.4363158007429726,2.1334699404495807,2.7982905412792163,1.7739665377792622,0.2648749546595169,1.3968827957093226,-2.291212315919612,-0.3105429950513764
12.0,221.0,1004.1650390625,-3.463539277557831,-4.72602254888574,-1.4363158007431696,2.1334699404495807,2.798276272434352,1.7739680053708071,0.2648749546595169,1.3968827957093226,-2.291212157389966,-0.3105429950514057
12.0,221.0,1004.1650390625,-3.463539278044658,-4.726008334060345,-1.4363158006150094,2.1334699404495807,2.798290883581072,1.773972740151021,0.2648749546595169,1.3968827957093226,-2.291212140625801,-0.3105429950513764
12.0,221.0,1004.1650390625,-3.463539278336981,-4.726021744089699,-1.4363158007431696,2.1334699404495807,2.798276211937345,1.7739410105659723,0.2648749546594262,1.3968827957093226,-2.291212339016563,-0.3105429950513773
12.0,221.0,1004.1650390625,-3.463539289971945,-4.726021728948034,-1.4363158007431696,2.1334699404495807,2.7982764479204705,1.7739392422854838,0.2648749546594262,1.3968827957093226,-2.291212339016563,-0.3105429950513773
12.0,221.0,1004.1650390625,-3.463539277557831,-4.726022378971716,-1.4363158007431691,2.1334699404495807,2.7982762689233747,1.7739680302442815,0.2648749546595169,1.3968827957093226,-2.291212157389966,-0.3105429950514067
12.0,221.0,1004.1650390625,-3.4635392899969784,-4.726012193312498,-1.436315800615471,2.1334699404495807,2.7982912845625623,1.773968969109303,0.2648749546595291,1.3968827957093226,-2.291212143046766,-0.3105429950513781
12.0,221.0,1004.1650390625,-3.463539277557831,-4.726021909005289,-1.4363158007431691,2.1334699404495807,2.798276457492167,1.773968030307376,0.2648749546595169,1.3968827957093226,-2.2912121578814064,-0.3105429950513746
12.0,221.0,1004.1650390625,-3.46353927755801,-4.726022096807932,-1.43631580076641,2.1334699404495807,2.7982769635979667,1.773968030307376,0.2648749546595169,1.3968827957093226,-2.2912121579976645,-0.3105429950513746
12.0,221.0,1004.1650390625,-3.4635392775584024,-4.72600833912019,-1.436315800621388,2.1334699404495807,2.798290883581072,1.7739665088008283,0.2648749546595169,1.3968827957093226,-2.291212155192131,-0.3105429950514056
12.0,221.0,1004.1650390625,-3.463539277557831,-4.726022226630325,-1.4363158007431691,2.1334699404495807,2.798276457492167,1.7739680302442815,0.2648749546595169,1.3968827957093226,-2.291212157389966,-0.3105429950513746
12.0,221.0,1004.1650390625,-3.463539278044658,-4.726008336588709,-1.4363158006261418,2.1334699404495807,2.798290129498203,1.7739705270484714,0.2648749546595169,1.3968827957093226,-2.291212141563996,-0.3105429950513764
12.0,221.0,1004.1650390625,-3.463539290154078,-4.726013395487686,-1.436315800615471,2.1334699404495807,2.798275857317137,1.773968969109303,0.2648749546594307,1.3968827957093226,-2.291212148571858,-0.3105429950513781
12.0,221.0,1004.1650390625,-3.463539277545349,-4.726008336588709,-1.4363158006261418,2.1334699404495807,2.798290883581072,1.773972740151021,0.2648749546595169,1.3968827957093226,-2.291212139679208,-0.3105429950513764
12.0,221.0,1004.1650390625,-3.4635392778251863,-4.726007713266493,-1.4363158007409529,2.1334699404495807,2.79829013210366,1.773970281528218,0.2648749546595169,1.3968827957093226,-2.291212141566385,-0.3105429950513764
12.0,221.0,1004.1650390625,-3.4635392899969784,-4.726008277939241,-1.436315800615471,2.1334699404495807,2.7982912845625623,1.7739687691259802,0.2648749546595295,1.3968827957093226,-2.291212135264064,-0.3105429950513781
12.0,221.0,1004.1650390625,-3.463539290153441,-4.726022360933646,-1.4363158006129175,2.1334699404495807,2.798275846534784,1.773942440326302,0.2648749546595192,1.3968827957093226,-2.2912123137027267,-0.3105429950513781
12.0,221.0,1004.1650390625,-3.463539278044658,-4.726008654213744,-1.43631580062588,2.1334699404495807,2.79829013210366,1.773970281528218,0.2648749546595169,1.3968827957093226,-2.2912121410749444,-0.3105429950513764
12.0,221.0,1004.1650390625,-3.463539278044658,-4.726008334060345,-1.436315800600544,2.1334699404495807,2.798290377475272,1.773972740151021,0.2648749546595169,1.3968827957093226,-2.2912121406938857,-0.3105429950513764
12.0,221.0,1004.1650390625,-3.4635392775513245,-4.726022378971716,-1.4363158007431691,2.1334699404495807,2.7982762689233747,1.7739680592227152,0.2648749546595169,1.3968827957093226,-2.291212137504965,-0.3105429950513775
12.0,221.0,1004.1650390625,-3.4635392780173944,-4.726022207494005,-1.4363158007431696,2.1334699404495807,2.7982761991849188,1.7739398389441818,0.2648749546594253,1.3968827957093226,-2.291212325071849,-0.3105429950513773
12.0,221.0,1004.1650390625,-3.463539278336981,-4.726021744089699,-1.4363158007431696,2.1334699404495807,2.798276211937345,1.7739410105659723,0.2648749546594262,1.3968827957093226,-2.291212339016563,-0.3105429950513773
12.0,222.0,1004.1648559570312,-3.4635392780367984,-4.726022096807932,-1.43631580076641,2.1334699404495807,2.7982769635979667,1.773968030307376,0.2648749546595169,1.3968827957093226,-2.29121215776467,-0.3107166211535003
12.0,222.0,1004.1648559570312,-3.4635392780367984,-4.726022220337332,-1.4363158007657888,2.1334699404495807,2.7982769635979667,1.773968030307376,0.2648749546595169,1.3968827957093226,-2.29121215774426,-0.3107268567286141
12.0,222.0,1004.1648559570312,-3.4635392780367984,-4.726022220337332,-1.4363158007657888,2.1334699404495807,2.7982769635979667,1.773968030307376,0.2648749546595169,1.3968827957093226,-2.29121215774426,-0.3107268567286141
12.0,222.0,1004.1648559570312,-3.4635392780367984,-4.726022096807932,-1.43631580076641,2.1334699404495807,2.7982769635979667,1.773968030307376,0.2648749546595169,1.3968827957093226,-2.29121215776467,-0.3107160363057482
12.0,222.0,1004.1650390625,-3.463539278044658,-4.726008336588709,-1.4363158006261418,2.1334699404495807,2.798290883581072,1.773972740151021,0.2648749546595169,1.3968827957093226,-2.291212139678318,-0.3105429950513764
12.0,222.0,1004.1650390625,-3.4635392775518965,-4.72600833912019,-1.436315800621388,2.1334699404495807,2.798290883581072,1.7739665377792622,0.2648749546595169,1.3968827957093226,-2.29121213530713,-0.3105429950513764
12.0,222.0,1004.1650390625,-3.463539277557831,-4.726022226630325,-1.4363158007431691,2.1334699404495807,2.798276457492167,1.7739680302442815,0.2648749546595169,1.3968827957093226,-2.291212157389966,-0.3105429950513746
12.0,222.0,1004.1650390625,-3.463539290154078,-4.726013395487686,-1.436315800615471,2.1334699404495807,2.798275857317137,1.773968969109303,0.2648749546594307,1.3968827957093226,-2.291212148571858,-0.3105429950513781
12.0,222.0,1004.1650390625,-3.463539278044658,-4.726008336588709,-1.4363158006261418,2.1334699404495807,2.79829013210366,1.7739704498801188,0.2648749546595169,1.3968827957093226,-2.291212141566385,-0.3105429950513764
12.0,222.0,1004.1650390625,-3.463539277557831,-4.726022226630325,-1.4363158007431691,2.1334699404495807,2.798276457492167,1.7739680302442815,0.2648749546595169,1.3968827957093226,-2.291212157389966,-0.3105429950513746
12.0,222.0,1004.1650390625,-3.463539277557831,-4.726022226630325,-1.4363158006167989,2.1334699404495807,2.798276458976059,1.7739650485166611,0.2648749546595169,1.3968827957093226,-2.291212157389966,-0.3105429950513746
12.0,222.0,1004.1650390625,-3.463539289971945,-4.726021744089699,-1.4363158007431696,2.1334699404495807,2.798276211937345,1.7739410105659723,0.2648749546594262,1.3968827957093226,-2.291212339016563,-0.3105429950513773
12.0,222.0,1004.1650390625,-3.463539276215845,-4.726013459115521,-1.436315800615471,2.1334699404495807,2.798275857317137,1.773968969109303,0.2648749546594307,1.3968827957093226,-2.291212148571858,-0.3105429950513781
12.0,222.0,1004.1650390625,-3.463539277557831,-4.726022226630325,-1.4363158007431691,2.1334699404495807,2.798276457492167,1.773968030307376,0.2648749546595169,1.3968827957093226,-2.291212157389966,-0.3105429950513746
12.0,222.0,1004.1650390625,-3.463539289971945,-4.726021744089699,-1.4363158007431696,2.1334699404495807,2.798276211937345,1.7739410105659723,0.2648749546594262,1.3968827957093226,-2.291212339016563,-0.3105429950513773
12.0,222.0,1004.1650390625,-3.463539290154078,-4.726012878226726,-1.436315800615471,2.1334699404495807,2.7982758480838807,1.773968969109303,0.2648749546594307,1.3968827957093226,-2.291212148571858,-0.3105429950513781
12.0,222.0,1004.1650390625,-3.463539277557831,-4.726022226630325,-1.4363158007431691,2.1334699404495807,2.798276457492167,1.773968030307376,0.2648749546595169,1.3968827957093226,-2.291212157389966,-0.3105429950513746
12.0,222.0,1004.1650390625,-3.4635392775518965,-4.72600833912019,-1.436315800621388,2.1334699404495807,2.798290883581072,1.7739665377792622,0.2648749546595169,1.3968827957093226,-2.29121213530713,-0.3105429950513764
12.0,222.0,1004.1650390625,-3.463539277557831,-4.726022226630325,-1.4363158007431691,2.1334699404495807,2.798276457492167,1.7739680302442815,0.2648749546595169,1.3968827957093226,-2.291212157389966,-0.3105429950513746
12.0,222.0,1004.1650390625,-3.4635392903090114,-4.726013395487686,-1.436315800615471,2.1334699404495807,2.798275857317137,1.773968969109303,0.2648749546594307,1.3968827957093226,-2.291212157306357,-0.3105429950513781
12.0,222.0,1004.1650390625,-3.463539277557831,-4.726013261184365,-1.4363158007431691,2.1334699404495807,2.798276457492167,1.7739689601397304,0.2648749546594284,1.3968827957093226,-2.291212157231444,-0.3105429950513746
12.0,222.0,1004.1650390625,-3.463539277557831,-4.726022378971716,-1.4363158007431691,2.1334699404495807,2.7982762689233747,1.7739680302442815,0.2648749546595169,1.3968827957093226,-2.291212157389966,-0.3105429950514067
12.0,222.0,1004.1650390625,-3.46353927755801,-4.726022096807932,-1.4363158007519443,2.1334699404495807,2.798276457492167,1.773968030307376,0.2648749546595169,1.3968827957093226,-2.2912121580657487,-0.3105429950513746
12.0,222.0,1004.1650390625,-3.463539278044658,-4.726008334060345,-1.4363158006150094,2.1334699404495807,2.798290883581072,1.773972740151021,0.2648749546595169,1.3968827957093226,-2.291212140625801,-0.3105429950513764
12.0,222.0,1004.1650390625,-3.4635392899969784,-4.726012193312498,-1.436315800615471,2.1334699404495807,2.7982912845625623,1.773968969109303,0.2648749546595291,1.3968827957093226,-2.291212143120769,-0.3105429950513781
12.0,222.0,1004.1650390625,-3.463539289971945,-4.726021757125537,-1.4363158007431696,2.1334699404495807,2.7982761991849188,1.7739410105659723,0.2648749546594253,1.3968827957093226,-2.291212325071849,-0.3105429950513773
12.0,222.0,1004.1650390625,-3.463539278044658,-4.726008336588709,-1.43631580062588,2.1334699404495807,2.79829013210366,1.773970281528218,0.2648749546595169,1.3968827957093226,-2.291212141566385,-0.3105429950513764
12.0,222.0,1004.1650390625,-3.463539278336981,-4.726021744089699,-1.4363158007431696,2.1334699404495807,2.798276211937345,1.7739410105659723,0.2648749546594262,1.3968827957093226,-2.291212339016563,-0.3105429950513773
12.0,222.0,1004.1650390625,-3.463539290154078,-4.726022360933646,-1.436315800615471,2.1334699404495807,2.798275857317137,1.7739680392138544,0.2648749546595192,1.3968827957093226,-2.2912121487303807,-0.3105429950513781
12.0,222.0,1004.1650390625,-3.463539277545349,-4.726008336588709,-1.4363158006261418,2.1334699404495807,2.798290883581072,1.773972740151021,0.2648749546595169,1.3968827957093226,-2.291212139679208,-0.3105429950513764
12.0,222.0,1004.1650390625,-3.4635392775518965,-4.726022618489626,-1.4363158007429726,2.1334699404495807,2.7982905412792163,1.7739665377792622,0.2648749546595169,1.3968827957093226,-2.291212315919612,-0.3105429950513764
12.0,222.0,1004.1650390625,-3.463539277557831,-4.72602254888574,-1.4363158007431696,2.1334699404495807,2.798276272434352,1.7739680053708071,0.2648749546595169,1.3968827957093226,-2.291212157389966,-0.3105429950514057
12.0,222.0,1004.1650390625,-3.463539278044658,-4.726008334060345,-1.4363158006150094,2.1334699404495807,2.798290883581072,1.773972740151021,0.2648749546595169,1.3968827957093226,-2.291212140625801,-0.3105429950513764
12.0,222.0,1004.1650390625,-3.463539278336981,-4.726021744089699,-1.4363158007431696,2.1334699404495807,2.798276211937345,1.7739410105659723,0.2648749546594262,1.3968827957093226,-2.291212339016563,-0.3105429950513773
12.0,222.0,1004.1650390625,-3.463539289971945,-4.726021728948034,-1.4363158007431696,2.1334699404495807,2.7982764479204705,1.7739392422854838,0.2648749546594262,1.3968827957093226,-2.291212339016563,-0.3105429950513773
12.0,222.0,1004.1650390625,-3.463539277557831,-4.726022378971716,-1.4363158007431691,2.1334699404495807,2.7982762689233747,1.7739680302442815,0.2648749546595169,1.3968827957093226,-2.291212157389966,-0.3105429950514067
12.0,222.0,1004.1650390625,-3.4635392899969784,-4.726012193312498,-1.436315800615471,2.1334699404495807,2.7982912845625623,1.773968969109303,0.2648749546595291,1.3968827957093226,-2.291212143046766,-0.3105429950513781
12.0,222.0,1004.1650390625,-3.463539277557831,-4.726021909005289,-1.4363158007431691,2.1334699404495807,2.798276457492167,1.773968030307376,0.2648749546595169,1.3968827957093226,-2.2912121578814064,-0.3105429950513746
12.0,222.0,1004.1650390625,-3.46353927755801,-4.726022096807932,-1.43631580076641,2.1334699404495807,2.7982769635979667,1.773968030307376,0.2648749546595169,1.3968827957093226,-2.2912121579976645,-0.3105429950513746
12.0,222.0,1004.1650390625,-3.4635392775584024,-4.72600833912019,-1.436315800621388,2.1334699404495807,2.798290883581072,1.7739665088008283,0.2648749546595169,1.3968827957093226,-2.291212155192131,-0.3105429950514056
12.0,222.0,1004.1650390625,-3.463539277557831,-4.726022226630325,-1.4363158007431691,2.1334699404495807,2.798276457492167,1.7739680302442815,0.2648749546595169,1.3968827957093226,-2.291212157389966,-0.3105429950513746
12.0,222.0,1004.1650390625,-3.463539278044658,-4.726008336588709,-1.4363158006261418,2.1334699404495807,2.798290129498203,1.7739705270484714,0.2648749546595169,1.3968827957093226,-2.291212141563996,-0.3105429950513764
12.0,222.0,1004.1650390625,-3.463539290154078,-4.726013395487686,-1.436315800615471,2.1334699404495807,2.798275857317137,1.773968969109303,0.2648749546594307,1.3968827957093226,-2.291212148571858,-0.3105429950513781
12.0,222.0,1004.1650390625,-3.463539277545349,-4.726008336588709,-1.4363158006261418,2.1334699404495807,2.798290883581072,1.773972740151021,0.2648749546595169,1.3968827957093226,-2.291212139679208,-0.3105429950513764
12.0,222.0,1004.1650390625,-3.4635392778251863,-4.726007713266493,-1.4363158007409529,2.1334699404495807,2.79829013210366,1.773970281528218,0.2648749546595169,1.3968827957093226,-2.291212141566385,-0.3105429950513764
12.0,222.0,1004.1650390625,-3.4635392899969784,-4.726008277939241,-1.436315800615471,2.1334699404495807,2.7982912845625623,1.7739687691259802,0.2648749546595295,1.3968827957093226,-2.291212135264064,-0.3105429950513781
12.0,222.0,1004.1650390625,-3.463539290153441,-4.726022360933646,-1.4363158006129175,2.1334699404495807,2.798275846534784,1.773942440326302,0.2648749546595192,1.3968827957093226,-2.2912123137027267,-0.3105429950513781
12.0,222.0,1004.1650390625,-3.463539278044658,-4.726008654213744,-1.43631580062588,2.1334699404495807,2.79829013210366,1.773970281528218,0.2648749546595169,1.3968827957093226,-2.2912121410749444,-0.3105429950513764
12.0,222.0,1004.1650390625,-3.463539278044658,-4.726008334060345,-1.436315800600544,2.1334699404495807,2.798290377475272,1.773972740151021,0.2648749546595169,1.3968827957093226,-2.2912121406938857,-0.3105429950513764
12.0,222.0,1004.1650390625,-3.4635392775513245,-4.726022378971716,-1.4363158007431691,2.1334699404495807,2.7982762689233747,1.7739680592227152,0.2648749546595169,1.3968827957093226,-2.291212137504965,-0.3105429950513775
12.0,223.0,1004.1648559570312,-3.4635392780367984,-4.726022096807932,-1.43631580076641,2.1334699404495807,2.7982769635979667,1.773968030307376,0.2648749546595169,1.3968827957093226,-2.29121215776467,-0.3107166211535003
12.0,223.0,1004.1648559570312,-3.4635392780367984,-4.726022220337332,-1.4363158007657888,2.1334699404495807,2.7982769635979667,1.773968030307376,0.2648749546595169,1.3968827957093226,-2.29121215774426,-0.3107268567286141
12.0,223.0,1004.1648559570312,-3.4635392780367984,-4.726022220337332,-1.4363158007657888,2.1334699404495807,2.7982769635979667,1.773968030307376,0.2648749546595169,1.3968827957093226,-2.29121215774426,-0.3107268567286141
12.0,223.0,1004.1648559570312,-3.4635392780367984,-4.726022096807932,-1.43631580076641,2.1334699404495807,2.7982769635979667,1.773968030307376,0.2648749546595169,1.3968827957093226,-2.29121215776467,-0.3107160363057482
12.0,223.0,1004.1648559570312,-3.4635392780367984,-4.726022100729972,-1.4363158007664143,2.1334699404495807,2.7982769635979667,1.773968030307376,0.2648749546595169,1.3968827957093226,-2.2912121577442064,-0.3107267982730504
12.0,223.0,1004.1648559570312,-3.463539277996192,-4.726022220337332,-1.4363158007657888,2.1334699404495807,2.798276939778221,1.773968030307376,0.2648749546595169,1.3968827957093226,-2.29121215774426,-0.3107268567286141
12.0,223.0,1004.1648559570312,-3.463539277544369,-4.726022082008367,-1.4363158007657852,2.1334699404495807,2.7982769635979667,1.773968030307376,0.2648749546595169,1.3968827957093226,-2.29121215774426,-0.3107268567286141
12.0,223.0,1004.1650390625,-3.463539278044658,-4.726008336588709,-1.4363158006261418,2.1334699404495807,2.798290883581072,1.773972740151021,0.2648749546595169,1.3968827957093226,-2.291212139678318,-0.3105429950513764
12.0,223.0,1004.1650390625,-3.4635392775518965,-4.72600833912019,-1.436315800621388,2.1334699404495807,2.798290883581072,1.7739665377792622,0.2648749546595169,1.3968827957093226,-2.29121213530713,-0.3105429950513764
12.0,223.0,1004.1650390625,-3.463539277557831,-4.726022226630325,-1.4363158007431691,2.1334699404495807,2.798276457492167,1.7739680302442815,0.2648749546595169,1.3968827957093226,-2.291212157389966,-0.3105429950513746
12.0,223.0,1004.1650390625,-3.463539290154078,-4.726013395487686,-1.436315800615471,2.1334699404495807,2.798275857317137,1.773968969109303,0.2648749546594307,1.3968827957093226,-2.291212148571858,-0.3105429950513781
12.0,223.0,1004.1650390625,-3.463539278044658,-4.726008336588709,-1.4363158006261418,2.1334699404495807,2.79829013210366,1.7739704498801188,0.2648749546595169,1.3968827957093226,-2.291212141566385,-0.3105429950513764
12.0,223.0,1004.1650390625,-3.463539277557831,-4.726022226630325,-1.4363158007431691,2.1334699404495807,2.798276457492167,1.7739680302442815,0.2648749546595169,1.3968827957093226,-2.291212157389966,-0.3105429950513746
12.0,223.0,1004.1650390625,-3.463539277557831,-4.726022226630325,-1.4363158006167989,2.1334699404495807,2.798276458976059,1.7739650485166611,0.2648749546595169,1.3968827957093226,-2.291212157389966,-0.3105429950513746
12.0,223.0,1004.1650390625,-3.463539289971945,-4.726021744089699,-1.4363158007431696,2.1334699404495807,2.798276211937345,1.7739410105659723,0.2648749546594262,1.3968827957093226,-2.291212339016563,-0.3105429950513773
12.0,223.0,1004.1650390625,-3.463539276215845,-4.726013459115521,-1.436315800615471,2.1334699404495807,2.798275857317137,1.773968969109303,0.2648749546594307,1.3968827957093226,-2.291212148571858,-0.3105429950513781
12.0,223.0,1004.1650390625,-3.463539277557831,-4.726022226630325,-1.4363158007431691,2.1334699404495807,2.798276457492167,1.773968030307376,0.2648749546595169,1.3968827957093226,-2.291212157389966,-0.3105429950513746
12.0,223.0,1004.1650390625,-3.463539289971945,-4.726021744089699,-1.4363158007431696,2.1334699404495807,2.798276211937345,1.7739410105659723,0.2648749546594262,1.3968827957093226,-2.291212339016563,-0.3105429950513773
12.0,223.0,1004.1650390625,-3.463539290154078,-4.726012878226726,-1.436315800615471,2.1334699404495807,2.7982758480838807,1.773968969109303,0.2648749546594307,1.3968827957093226,-2.291212148571858,-0.3105429950513781
12.0,223.0,1004.1650390625,-3.463539277557831,-4.726022226630325,-1.4363158007431691,2.1334699404495807,2.798276457492167,1.773968030307376,0.2648749546595169,1.3968827957093226,-2.291212157389966,-0.3105429950513746
12.0,223.0,1004.1650390625,-3.4635392775518965,-4.72600833912019,-1.436315800621388,2.1334699404495807,2.798290883581072,1.7739665377792622,0.2648749546595169,1.3968827957093226,-2.29121213530713,-0.3105429950513764
12.0,223.0,1004.1650390625,-3.463539277557831,-4.726022226630325,-1.4363158007431691,2.1334699404495807,2.798276457492167,1.7739680302442815,0.2648749546595169,1.3968827957093226,-2.291212157389966,-0.3105429950513746
12.0,223.0,1004.1650390625,-3.4635392903090114,-4.726013395487686,-1.436315800615471,2.1334699404495807,2.798275857317137,1.773968969109303,0.2648749546594307,1.3968827957093226,-2.291212157306357,-0.3105429950513781
12.0,223.0,1004.1650390625,-3.463539277557831,-4.726013261184365,-1.4363158007431691,2.1334699404495807,2.798276457492167,1.7739689601397304,0.2648749546594284,1.3968827957093226,-2.291212157231444,-0.3105429950513746
12.0,223.0,1004.1650390625,-3.463539277557831,-4.726022378971716,-1.4363158007431691,2.1334699404495807,2.7982762689233747,1.7739680302442815,0.2648749546595169,1.3968827957093226,-2.291212157389966,-0.3105429950514067
12.0,223.0,1004.1650390625,-3.46353927755801,-4.726022096807932,-1.4363158007519443,2.1334699404495807,2.798276457492167,1.773968030307376,0.2648749546595169,1.3968827957093226,-2.2912121580657487,-0.3105429950513746
12.0,223.0,1004.1650390625,-3.463539278044658,-4.726008334060345,-1.4363158006150094,2.1334699404495807,2.798290883581072,1.773972740151021,0.2648749546595169,1.3968827957093226,-2.291212140625801,-0.3105429950513764
12.0,223.0,1004.1650390625,-3.4635392899969784,-4.726012193312498,-1.436315800615471,2.1334699404495807,2.7982912845625623,1.773968969109303,0.2648749546595291,1.3968827957093226,-2.291212143120769,-0.3105429950513781
12.0,223.0,1004.1650390625,-3.463539289971945,-4.726021757125537,-1.4363158007431696,2.1334699404495807,2.7982761991849188,1.7739410105659723,0.2648749546594253,1.3968827957093226,-2.291212325071849,-0.3105429950513773
12.0,223.0,1004.1650390625,-3.463539278044658,-4.726008336588709,-1.43631580062588,2.1334699404495807,2.79829013210366,1.773970281528218,0.2648749546595169,1.3968827957093226,-2.291212141566385,-0.3105429950513764
12.0,223.0,1004.1650390625,-3.463539278336981,-4.726021744089699,-1.4363158007431696,2.1334699404495807,2.798276211937345,1.7739410105659723,0.2648749546594262,1.3968827957093226,-2.291212339016563,-0.3105429950513773
12.0,223.0,1004.1650390625,-3.463539290154078,-4.726022360933646,-1.436315800615471,2.1334699404495807,2.798275857317137,1.7739680392138544,0.2648749546595192,1.3968827957093226,-2.2912121487303807,-0.3105429950513781
12.0,223.0,1004.1650390625,-3.463539277545349,-4.726008336588709,-1.4363158006261418,2.1334699404495807,2.798290883581072,1.773972740151021,0.2648749546595169,1.3968827957093226,-2.291212139679208,-0.3105429950513764
12.0,223.0,1004.1650390625,-3.4635392775518965,-4.726022618489626,-1.4363158007429726,2.1334699404495807,2.7982905412792163,1.7739665377792622,0.2648749546595169,1.3968827957093226,-2.291212315919612,-0.3105429950513764
12.0,223.0,1004.1650390625,-3.463539277557831,-4.72602254888574,-1.4363158007431696,2.1334699404495807,2.798276272434352,1.7739680053708071,0.2648749546595169,1.3968827957093226,-2.291212157389966,-0.3105429950514057
12.0,223.0,1004.1650390625,-3.463539278044658,-4.726008334060345,-1.4363158006150094,2.1334699404495807,2.798290883581072,1.773972740151021,0.2648749546595169,1.3968827957093226,-2.291212140625801,-0.3105429950513764
12.0,223.0,1004.1650390625,-3.463539278336981,-4.726021744089699,-1.4363158007431696,2.1334699404495807,2.798276211937345,1.7739410105659723,0.2648749546594262,1.3968827957093226,-2.291212339016563,-0.3105429950513773
12.0,223.0,1004.1650390625,-3.463539289971945,-4.726021728948034,-1.4363158007431696,2.1334699404495807,2.7982764479204705,1.7739392422854838,0.2648749546594262,1.3968827957093226,-2.291212339016563,-0.3105429950513773
12.0,223.0,1004.1650390625,-3.463539277557831,-4.726022378971716,-1.4363158007431691,2.1334699404495807,2.7982762689233747,1.7739680302442815,0.2648749546595169,1.3968827957093226,-2.291212157389966,-0.3105429950514067
12.0,223.0,1004.1650390625,-3.4635392899969784,-4.726012193312498,-1.436315800615471,2.1334699404495807,2.7982912845625623,1.773968969109303,0.2648749546595291,1.3968827957093226,-2.291212143046766,-0.3105429950513781
12.0,223.0,1004.1650390625,-3.463539277557831,-4.726021909005289,-1.4363158007431691,2.1334699404495807,2.798276457492167,1.773968030307376,0.2648749546595169,1.3968827957093226,-2.2912121578814064,-0.3105429950513746
12.0,223.0,1004.1650390625,-3.46353927755801,-4.726022096807932,-1.43631580076641,2.1334699404495807,2.7982769635979667,1.773968030307376,0.2648749546595169,1.3968827957093226,-2.2912121579976645,-0.3105429950513746
12.0,223.0,1004.1650390625,-3.4635392775584024,-4.72600833912019,-1.436315800621388,2.1334699404495807,2.798290883581072,1.7739665088008283,0.2648749546595169,1.3968827957093226,-2.291212155192131,-0.3105429950514056
12.0,223.0,1004.1650390625,-3.463539277557831,-4.726022226630325,-1.4363158007431691,2.1334699404495807,2.798276457492167,1.7739680302442815,0.2648749546595169,1.3968827957093226,-2.291212157389966,-0.3105429950513746
12.0,223.0,1004.1650390625,-3.463539278044658,-4.726008336588709,-1.4363158006261418,2.1334699404495807,2.798290129498203,1.7739705270484714,0.2648749546595169,1.3968827957093226,-2.291212141563996,-0.3105429950513764
12.0,223.0,1004.1650390625,-3.463539290154078,-4.726013395487686,-1.436315800615471,2.1334699404495807,2.798275857317137,1.773968969109303,0.2648749546594307,1.3968827957093226,-2.291212148571858,-0.3105429950513781
12.0,223.0,1004.1650390625,-3.463539277545349,-4.726008336588709,-1.4363158006261418,2.1334699404495807,2.798290883581072,1.773972740151021,0.2648749546595169,1.3968827957093226,-2.291212139679208,-0.3105429950513764
12.0,223.0,1004.1650390625,-3.4635392778251863,-4.726007713266493,-1.4363158007409529,2.1334699404495807,2.79829013210366,1.773970281528218,0.2648749546595169,1.3968827957093226,-2.291212141566385,-0.3105429950513764
12.0,223.0,1004.1650390625,-3.4635392899969784,-4.726008277939241,-1.436315800615471,2.1334699404495807,2.7982912845625623,1.7739687691259802,0.2648749546595295,1.3968827957093226,-2.291212135264064,-0.3105429950513781
12.0,223.0,1004.1650390625,-3.463539290153441,-4.726022360933646,-1.4363158006129175,2.1334699404495807,2.798275846534784,1.773942440326302,0.2648749546595192,1.3968827957093226,-2.2912123137027267,-0.3105429950513781
12.0,224.0,1004.1648559570312,-3.4635392780367984,-4.726022096807932,-1.43631580076641,2.1334699404495807,2.7982769635979667,1.773968030307376,0.2648749546595169,1.3968827957093226,-2.29121215776467,-0.3107166211535003
12.0,224.0,1004.1648559570312,-3.4635392780367984,-4.726022220337332,-1.4363158007657888,2.1334699404495807,2.7982769635979667,1.773968030307376,0.2648749546595169,1.3968827957093226,-2.29121215774426,-0.3107268567286141
12.0,224.0,1004.1648559570312,-3.4635392780367984,-4.726022220337332,-1.4363158007657888,2.1334699404495807,2.7982769635979667,1.773968030307376,0.2648749546595169,1.3968827957093226,-2.29121215774426,-0.3107268567286141
12.0,224.0,1004.1648559570312,-3.4635392780367984,-4.726022096807932,-1.43631580076641,2.1334699404495807,2.7982769635979667,1.773968030307376,0.2648749546595169,1.3968827957093226,-2.29121215776467,-0.3107160363057482
12.0,224.0,1004.1648559570312,-3.4635392780367984,-4.726022100729972,-1.4363158007664143,2.1334699404495807,2.7982769635979667,1.773968030307376,0.2648749546595169,1.3968827957093226,-2.2912121577442064,-0.3107267982730504
12.0,224.0,1004.1648559570312,-3.463539277996192,-4.726022220337332,-1.4363158007657888,2.1334699404495807,2.798276939778221,1.773968030307376,0.2648749546595169,1.3968827957093226,-2.29121215774426,-0.3107268567286141
12.0,224.0,1004.1648559570312,-3.463539277544369,-4.726022082008367,-1.4363158007657852,2.1334699404495807,2.7982769635979667,1.773968030307376,0.2648749546595169,1.3968827957093226,-2.29121215774426,-0.3107268567286141
12.0,224.0,1004.1648559570312,-3.4635392899969784,-4.726022080029392,-1.436315800615471,2.1334699404495807,2.798291582710727,1.7739687691259802,0.2648749546595293,1.3968827957093226,-2.291212136540837,-0.3107153403628903
12.0,224.0,1004.1648559570312,-3.46353927755801,-4.726022100623873,-1.43631580076641,2.1334699404495807,2.7982769635979667,1.773968030307376,0.2648749546595169,1.3968827957093226,-2.2912121579976645,-0.3107396545896154
12.0,224.0,1004.1648559570312,-3.463539277557829,-4.726022570937718,-1.4363158007431696,2.1334699404495807,2.798276272434352,1.7739680053708071,0.2648749546595169,1.3968827957093226,-2.29121215737983,-0.3107295946887394
12.0,224.0,1004.1649169921876,-3.463539278044658,-4.726008336588709,-1.4363158006261418,2.1334699404495807,2.798277092077448,1.773967957513847,0.2648749546595169,1.3968827957093226,-2.291212157461285,-0.3107261315772112
12.0,224.0,1004.1649169921876,-3.463539277996192,-4.7260082347614825,-1.4363158007658223,2.1334699404495807,2.798276939778221,1.773967628321068,0.2648749546595169,1.3968827957093226,-2.2912121575623763,-0.3107268567286141
12.0,224.0,1004.1649780273438,-3.463539278044658,-4.726022322164558,-1.436315800626108,2.1334699404495807,2.79829013210366,1.7739708518664263,0.2648749546595169,1.3968827957093226,-2.291212141748269,-0.3105429950513764
12.0,224.0,1004.1649780273438,-3.463539277996192,-4.726022220337332,-1.4363158007410906,2.1334699404495807,2.7982770187417043,1.7739697833057149,0.2648749546595256,1.3968827957093226,-2.291212156576473,-0.3105544539241643
12.0,224.0,1004.1650390625,-3.463539278044658,-4.726008336588709,-1.4363158006261418,2.1334699404495807,2.798290883581072,1.773972740151021,0.2648749546595169,1.3968827957093226,-2.291212139678318,-0.3105429950513764
12.0,224.0,1004.1650390625,-3.4635392775518965,-4.72600833912019,-1.436315800621388,2.1334699404495807,2.798290883581072,1.7739665377792622,0.2648749546595169,1.3968827957093226,-2.29121213530713,-0.3105429950513764
12.0,224.0,1004.1650390625,-3.463539277557831,-4.726022226630325,-1.4363158007431691,2.1334699404495807,2.798276457492167,1.7739680302442815,0.2648749546595169,1.3968827957093226,-2.291212157389966,-0.3105429950513746
12.0,224.0,1004.1650390625,-3.463539290154078,-4.726013395487686,-1.436315800615471,2.1334699404495807,2.798275857317137,1.773968969109303,0.2648749546594307,1.3968827957093226,-2.291212148571858,-0.3105429950513781
12.0,224.0,1004.1650390625,-3.463539278044658,-4.726008336588709,-1.4363158006261418,2.1334699404495807,2.79829013210366,1.7739704498801188,0.2648749546595169,1.3968827957093226,-2.291212141566385,-0.3105429950513764
12.0,224.0,1004.1650390625,-3.463539277557831,-4.726022226630325,-1.4363158007431691,2.1334699404495807,2.798276457492167,1.7739680302442815,0.2648749546595169,1.3968827957093226,-2.291212157389966,-0.3105429950513746
12.0,224.0,1004.1650390625,-3.463539277557831,-4.726022226630325,-1.4363158006167989,2.1334699404495807,2.798276458976059,1.7739650485166611,0.2648749546595169,1.3968827957093226,-2.291212157389966,-0.3105429950513746
12.0,224.0,1004.1650390625,-3.463539289971945,-4.726021744089699,-1.4363158007431696,2.1334699404495807,2.798276211937345,1.7739410105659723,0.2648749546594262,1.3968827957093226,-2.291212339016563,-0.3105429950513773
12.0,224.0,1004.1650390625,-3.463539276215845,-4.726013459115521,-1.436315800615471,2.1334699404495807,2.798275857317137,1.773968969109303,0.2648749546594307,1.3968827957093226,-2.291212148571858,-0.3105429950513781
12.0,224.0,1004.1650390625,-3.463539277557831,-4.726022226630325,-1.4363158007431691,2.1334699404495807,2.798276457492167,1.773968030307376,0.2648749546595169,1.3968827957093226,-2.291212157389966,-0.3105429950513746
12.0,224.0,1004.1650390625,-3.463539289971945,-4.726021744089699,-1.4363158007431696,2.1334699404495807,2.798276211937345,1.7739410105659723,0.2648749546594262,1.3968827957093226,-2.291212339016563,-0.3105429950513773
12.0,224.0,1004.1650390625,-3.463539290154078,-4.726012878226726,-1.436315800615471,2.1334699404495807,2.7982758480838807,1.773968969109303,0.2648749546594307,1.3968827957093226,-2.291212148571858,-0.3105429950513781
12.0,224.0,1004.1650390625,-3.463539277557831,-4.726022226630325,-1.4363158007431691,2.1334699404495807,2.798276457492167,1.773968030307376,0.2648749546595169,1.3968827957093226,-2.291212157389966,-0.3105429950513746
12.0,224.0,1004.1650390625,-3.4635392775518965,-4.72600833912019,-1.436315800621388,2.1334699404495807,2.798290883581072,1.7739665377792622,0.2648749546595169,1.3968827957093226,-2.29121213530713,-0.3105429950513764
12.0,224.0,1004.1650390625,-3.463539277557831,-4.726022226630325,-1.4363158007431691,2.1334699404495807,2.798276457492167,1.7739680302442815,0.2648749546595169,1.3968827957093226,-2.291212157389966,-0.3105429950513746
12.0,224.0,1004.1650390625,-3.4635392903090114,-4.726013395487686,-1.436315800615471,2.1334699404495807,2.798275857317137,1.773968969109303,0.2648749546594307,1.3968827957093226,-2.291212157306357,-0.3105429950513781
12.0,224.0,1004.1650390625,-3.463539277557831,-4.726013261184365,-1.4363158007431691,2.1334699404495807,2.798276457492167,1.7739689601397304,0.2648749546594284,1.3968827957093226,-2.291212157231444,-0.3105429950513746
12.0,224.0,1004.1650390625,-3.463539277557831,-4.726022378971716,-1.4363158007431691,2.1334699404495807,2.7982762689233747,1.7739680302442815,0.2648749546595169,1.3968827957093226,-2.291212157389966,-0.3105429950514067
12.0,224.0,1004.1650390625,-3.46353927755801,-4.726022096807932,-1.4363158007519443,2.1334699404495807,2.798276457492167,1.773968030307376,0.2648749546595169,1.3968827957093226,-2.2912121580657487,-0.3105429950513746
12.0,224.0,1004.1650390625,-3.463539278044658,-4.726008334060345,-1.4363158006150094,2.1334699404495807,2.798290883581072,1.773972740151021,0.2648749546595169,1.3968827957093226,-2.291212140625801,-0.3105429950513764
12.0,224.0,1004.1650390625,-3.4635392899969784,-4.726012193312498,-1.436315800615471,2.1334699404495807,2.7982912845625623,1.773968969109303,0.2648749546595291,1.3968827957093226,-2.291212143120769,-0.3105429950513781
12.0,224.0,1004.1650390625,-3.463539289971945,-4.726021757125537,-1.4363158007431696,2.1334699404495807,2.7982761991849188,1.7739410105659723,0.2648749546594253,1.3968827957093226,-2.291212325071849,-0.3105429950513773
12.0,224.0,1004.1650390625,-3.463539278044658,-4.726008336588709,-1.43631580062588,2.1334699404495807,2.79829013210366,1.773970281528218,0.2648749546595169,1.3968827957093226,-2.291212141566385,-0.3105429950513764
12.0,224.0,1004.1650390625,-3.463539278336981,-4.726021744089699,-1.4363158007431696,2.1334699404495807,2.798276211937345,1.7739410105659723,0.2648749546594262,1.3968827957093226,-2.291212339016563,-0.3105429950513773
12.0,224.0,1004.1650390625,-3.463539290154078,-4.726022360933646,-1.436315800615471,2.1334699404495807,2.798275857317137,1.7739680392138544,0.2648749546595192,1.3968827957093226,-2.2912121487303807,-0.3105429950513781
12.0,224.0,1004.1650390625,-3.463539277545349,-4.726008336588709,-1.4363158006261418,2.1334699404495807,2.798290883581072,1.773972740151021,0.2648749546595169,1.3968827957093226,-2.291212139679208,-0.3105429950513764
12.0,224.0,1004.1650390625,-3.4635392775518965,-4.726022618489626,-1.4363158007429726,2.1334699404495807,2.7982905412792163,1.7739665377792622,0.2648749546595169,1.3968827957093226,-2.291212315919612,-0.3105429950513764
12.0,224.0,1004.1650390625,-3.463539277557831,-4.72602254888574,-1.4363158007431696,2.1334699404495807,2.798276272434352,1.7739680053708071,0.2648749546595169,1.3968827957093226,-2.291212157389966,-0.3105429950514057
12.0,224.0,1004.1650390625,-3.463539278044658,-4.726008334060345,-1.4363158006150094,2.1334699404495807,2.798290883581072,1.773972740151021,0.2648749546595169,1.3968827957093226,-2.291212140625801,-0.3105429950513764
12.0,224.0,1004.1650390625,-3.463539278336981,-4.726021744089699,-1.4363158007431696,2.1334699404495807,2.798276211937345,1.7739410105659723,0.2648749546594262,1.3968827957093226,-2.291212339016563,-0.3105429950513773
12.0,224.0,1004.1650390625,-3.463539289971945,-4.726021728948034,-1.4363158007431696,2.1334699404495807,2.7982764479204705,1.7739392422854838,0.2648749546594262,1.3968827957093226,-2.291212339016563,-0.3105429950513773
12.0,224.0,1004.1650390625,-3.463539277557831,-4.726022378971716,-1.4363158007431691,2.1334699404495807,2.7982762689233747,1.7739680302442815,0.2648749546595169,1.3968827957093226,-2.291212157389966,-0.3105429950514067
12.0,224.0,1004.1650390625,-3.4635392899969784,-4.726012193312498,-1.436315800615471,2.1334699404495807,2.7982912845625623,1.773968969109303,0.2648749546595291,1.3968827957093226,-2.291212143046766,-0.3105429950513781
12.0,224.0,1004.1650390625,-3.463539277557831,-4.726021909005289,-1.4363158007431691,2.1334699404495807,2.798276457492167,1.773968030307376,0.2648749546595169,1.3968827957093226,-2.2912121578814064,-0.3105429950513746
12.0,224.0,1004.1650390625,-3.46353927755801,-4.726022096807932,-1.43631580076641,2.1334699404495807,2.7982769635979667,1.773968030307376,0.2648749546595169,1.3968827957093226,-2.2912121579976645,-0.3105429950513746
12.0,224.0,1004.1650390625,-3.4635392775584024,-4.72600833912019,-1.436315800621388,2.1334699404495807,2.798290883581072,1.7739665088008283,0.2648749546595169,1.3968827957093226,-2.291212155192131,-0.3105429950514056
12.0,225.0,1004.1648559570312,-3.4635392780367984,-4.726022096807932,-1.43631580076641,2.1334699404495807,2.7982769635979667,1.773968030307376,0.2648749546595169,1.3968827957093226,-2.29121215776467,-0.3107166211535003
12.0,225.0,1004.1648559570312,-3.4635392780367984,-4.726022220337332,-1.4363158007657888,2.1334699404495807,2.7982769635979667,1.773968030307376,0.2648749546595169,1.3968827957093226,-2.29121215774426,-0.3107268567286141
12.0,225.0,1004.1648559570312,-3.4635392780367984,-4.726022220337332,-1.4363158007657888,2.1334699404495807,2.7982769635979667,1.773968030307376,0.2648749546595169,1.3968827957093226,-2.29121215774426,-0.3107268567286141
12.0,225.0,1004.1648559570312,-3.4635392780367984,-4.726022096807932,-1.43631580076641,2.1334699404495807,2.7982769635979667,1.773968030307376,0.2648749546595169,1.3968827957093226,-2.29121215776467,-0.3107160363057482
12.0,225.0,1004.1648559570312,-3.4635392780367984,-4.726022100729972,-1.4363158007664143,2.1334699404495807,2.7982769635979667,1.773968030307376,0.2648749546595169,1.3968827957093226,-2.2912121577442064,-0.3107267982730504
12.0,225.0,1004.1648559570312,-3.463539277996192,-4.726022220337332,-1.4363158007657888,2.1334699404495807,2.798276939778221,1.773968030307376,0.2648749546595169,1.3968827957093226,-2.29121215774426,-0.3107268567286141
12.0,225.0,1004.1648559570312,-3.463539277544369,-4.726022082008367,-1.4363158007657852,2.1334699404495807,2.7982769635979667,1.773968030307376,0.2648749546595169,1.3968827957093226,-2.29121215774426,-0.3107268567286141
12.0,225.0,1004.1648559570312,-3.4635392899969784,-4.726022080029392,-1.436315800615471,2.1334699404495807,2.798291582710727,1.7739687691259802,0.2648749546595293,1.3968827957093226,-2.291212136540837,-0.3107153403628903
12.0,225.0,1004.1648559570312,-3.46353927755801,-4.726022100623873,-1.43631580076641,2.1334699404495807,2.7982769635979667,1.773968030307376,0.2648749546595169,1.3968827957093226,-2.2912121579976645,-0.3107396545896154
12.0,225.0,1004.1648559570312,-3.463539277557829,-4.726022570937718,-1.4363158007431696,2.1334699404495807,2.798276272434352,1.7739680053708071,0.2648749546595169,1.3968827957093226,-2.29121215737983,-0.3107295946887394
12.0,225.0,1004.1648559570312,-3.46353927803752,-4.726022220337332,-1.4363158007657888,2.1334699404495807,2.798276939002846,1.773968030307376,0.2648749546595169,1.3968827957093226,-2.29121215775214,-0.3107268567286141
12.0,225.0,1004.1648559570312,-3.463539278031812,-4.726022329517799,-1.436315800626108,2.1334699404495807,2.79829013210366,1.7739708518664263,0.2648749546595169,1.3968827957093226,-2.291212141748269,-0.310750040716398
12.0,225.0,1004.1648559570312,-3.4635392780373344,-4.726022220337332,-1.436315800766426,2.1334699404495807,2.7982769391442104,1.773968030307376,0.2648749546595169,1.3968827957093226,-2.29121215774426,-0.3107268567286141
12.0,225.0,1004.1648559570312,-3.463539278044658,-4.726022322164558,-1.436315800626108,2.1334699404495807,2.79829013210366,1.7739708518664263,0.2648749546595169,1.3968827957093226,-2.291212141748269,-0.3107048342775853
12.0,225.0,1004.1648559570312,-3.46353927765338,-4.726022082439355,-1.436315800615471,2.1334699404495807,2.798291582710727,1.7739687691259802,0.2648749546595293,1.3968827957093226,-2.2912121366029936,-0.3107153403628903
12.0,225.0,1004.1648559570312,-3.463539277995656,-4.726022100729972,-1.4363158007657773,2.1334699404495807,2.798276964231978,1.773968030307376,0.2648749546595169,1.3968827957093226,-2.2912121577442064,-0.3107267982730504
12.0,225.0,1004.1648559570312,-3.463539278014764,-4.726022100729972,-1.4363158007664143,2.1334699404495807,2.7982769635979667,1.773968030307376,0.2648749546595169,1.3968827957093226,-2.2912121577442064,-0.3107267982730504
12.0,225.0,1004.1649169921876,-3.463539278044658,-4.726008336588709,-1.4363158006261418,2.1334699404495807,2.798277092077448,1.773967957513847,0.2648749546595169,1.3968827957093226,-2.291212157461285,-0.3107261315772112
12.0,225.0,1004.1649169921876,-3.463539277996192,-4.7260082347614825,-1.4363158007658223,2.1334699404495807,2.798276939778221,1.773967628321068,0.2648749546595169,1.3968827957093226,-2.2912121575623763,-0.3107268567286141
12.0,225.0,1004.1649169921876,-3.463539289245206,-4.726012399839465,-1.4363158006261418,2.1334699404495807,2.798276663062265,1.7739689260149318,0.264874954659517,1.3968827957093226,-2.2912121575762274,-0.310716520995289
12.0,225.0,1004.1649780273438,-3.463539278044658,-4.726022322164558,-1.436315800626108,2.1334699404495807,2.79829013210366,1.7739708518664263,0.2648749546595169,1.3968827957093226,-2.291212141748269,-0.3105429950513764
12.0,225.0,1004.1649780273438,-3.463539277996192,-4.726022220337332,-1.4363158007410906,2.1334699404495807,2.7982770187417043,1.7739697833057149,0.2648749546595256,1.3968827957093226,-2.291212156576473,-0.3105544539241643
12.0,225.0,1004.1649780273438,-3.4635392780367984,-4.726022220337332,-1.4363158007657888,2.1334699404495807,2.7982769635979667,1.773968030307376,0.2648749546595169,1.3968827957093226,-2.29121215774426,-0.3105650175024053
12.0,225.0,1004.1650390625,-3.463539278044658,-4.726008336588709,-1.4363158006261418,2.1334699404495807,2.798290883581072,1.773972740151021,0.2648749546595169,1.3968827957093226,-2.291212139678318,-0.3105429950513764
12.0,225.0,1004.1650390625,-3.4635392775518965,-4.72600833912019,-1.436315800621388,2.1334699404495807,2.798290883581072,1.7739665377792622,0.2648749546595169,1.3968827957093226,-2.29121213530713,-0.3105429950513764
12.0,225.0,1004.1650390625,-3.463539277557831,-4.726022226630325,-1.4363158007431691,2.1334699404495807,2.798276457492167,1.7739680302442815,0.2648749546595169,1.3968827957093226,-2.291212157389966,-0.3105429950513746
12.0,225.0,1004.1650390625,-3.463539290154078,-4.726013395487686,-1.436315800615471,2.1334699404495807,2.798275857317137,1.773968969109303,0.2648749546594307,1.3968827957093226,-2.291212148571858,-0.3105429950513781
12.0,225.0,1004.1650390625,-3.463539278044658,-4.726008336588709,-1.4363158006261418,2.1334699404495807,2.79829013210366,1.7739704498801188,0.2648749546595169,1.3968827957093226,-2.291212141566385,-0.3105429950513764
12.0,225.0,1004.1650390625,-3.463539277557831,-4.726022226630325,-1.4363158007431691,2.1334699404495807,2.798276457492167,1.7739680302442815,0.2648749546595169,1.3968827957093226,-2.291212157389966,-0.3105429950513746
12.0,225.0,1004.1650390625,-3.463539277557831,-4.726022226630325,-1.4363158006167989,2.1334699404495807,2.798276458976059,1.7739650485166611,0.2648749546595169,1.3968827957093226,-2.291212157389966,-0.3105429950513746
12.0,225.0,1004.1650390625,-3.463539289971945,-4.726021744089699,-1.4363158007431696,2.1334699404495807,2.798276211937345,1.7739410105659723,0.2648749546594262,1.3968827957093226,-2.291212339016563,-0.3105429950513773
12.0,225.0,1004.1650390625,-3.463539276215845,-4.726013459115521,-1.436315800615471,2.1334699404495807,2.798275857317137,1.773968969109303,0.2648749546594307,1.3968827957093226,-2.291212148571858,-0.3105429950513781
12.0,225.0,1004.1650390625,-3.463539277557831,-4.726022226630325,-1.4363158007431691,2.1334699404495807,2.798276457492167,1.773968030307376,0.2648749546595169,1.3968827957093226,-2.291212157389966,-0.3105429950513746
12.0,225.0,1004.1650390625,-3.463539289971945,-4.726021744089699,-1.4363158007431696,2.1334699404495807,2.798276211937345,1.7739410105659723,0.2648749546594262,1.3968827957093226,-2.291212339016563,-0.3105429950513773
12.0,225.0,1004.1650390625,-3.463539290154078,-4.726012878226726,-1.436315800615471,2.1334699404495807,2.7982758480838807,1.773968969109303,0.2648749546594307,1.3968827957093226,-2.291212148571858,-0.3105429950513781
12.0,225.0,1004.1650390625,-3.463539277557831,-4.726022226630325,-1.4363158007431691,2.1334699404495807,2.798276457492167,1.773968030307376,0.2648749546595169,1.3968827957093226,-2.291212157389966,-0.3105429950513746
12.0,225.0,1004.1650390625,-3.4635392775518965,-4.72600833912019,-1.436315800621388,2.1334699404495807,2.798290883581072,1.7739665377792622,0.2648749546595169,1.3968827957093226,-2.29121213530713,-0.3105429950513764
12.0,225.0,1004.1650390625,-3.463539277557831,-4.726022226630325,-1.4363158007431691,2.1334699404495807,2.798276457492167,1.7739680302442815,0.2648749546595169,1.3968827957093226,-2.291212157389966,-0.3105429950513746
12.0,225.0,1004.1650390625,-3.4635392903090114,-4.726013395487686,-1.436315800615471,2.1334699404495807,2.798275857317137,1.773968969109303,0.2648749546594307,1.3968827957093226,-2.291212157306357,-0.3105429950513781
12.0,225.0,1004.1650390625,-3.463539277557831,-4.726013261184365,-1.4363158007431691,2.1334699404495807,2.798276457492167,1.7739689601397304,0.2648749546594284,1.3968827957093226,-2.291212157231444,-0.3105429950513746
12.0,225.0,1004.1650390625,-3.463539277557831,-4.726022378971716,-1.4363158007431691,2.1334699404495807,2.7982762689233747,1.7739680302442815,0.2648749546595169,1.3968827957093226,-2.291212157389966,-0.3105429950514067
12.0,225.0,1004.1650390625,-3.46353927755801,-4.726022096807932,-1.4363158007519443,2.1334699404495807,2.798276457492167,1.773968030307376,0.2648749546595169,1.3968827957093226,-2.2912121580657487,-0.3105429950513746
12.0,225.0,1004.1650390625,-3.463539278044658,-4.726008334060345,-1.4363158006150094,2.1334699404495807,2.798290883581072,1.773972740151021,0.2648749546595169,1.3968827957093226,-2.291212140625801,-0.3105429950513764
12.0,225.0,1004.1650390625,-3.4635392899969784,-4.726012193312498,-1.436315800615471,2.1334699404495807,2.7982912845625623,1.773968969109303,0.2648749546595291,1.3968827957093226,-2.291212143120769,-0.3105429950513781
12.0,225.0,1004.1650390625,-3.463539289971945,-4.726021757125537,-1.4363158007431696,2.1334699404495807,2.7982761991849188,1.7739410105659723,0.2648749546594253,1.3968827957093226,-2.291212325071849,-0.3105429950513773
12.0,225.0,1004.1650390625,-3.463539278044658,-4.726008336588709,-1.43631580062588,2.1334699404495807,2.79829013210366,1.773970281528218,0.2648749546595169,1.3968827957093226,-2.291212141566385,-0.3105429950513764
12.0,225.0,1004.1650390625,-3.463539278336981,-4.726021744089699,-1.4363158007431696,2.1334699404495807,2.798276211937345,1.7739410105659723,0.2648749546594262,1.3968827957093226,-2.291212339016563,-0.3105429950513773
12.0,225.0,1004.1650390625,-3.463539290154078,-4.726022360933646,-1.436315800615471,2.1334699404495807,2.798275857317137,1.7739680392138544,0.2648749546595192,1.3968827957093226,-2.2912121487303807,-0.3105429950513781
12.0,225.0,1004.1650390625,-3.463539277545349,-4.726008336588709,-1.4363158006261418,2.1334699404495807,2.798290883581072,1.773972740151021,0.2648749546595169,1.3968827957093226,-2.291212139679208,-0.3105429950513764
12.0,225.0,1004.1650390625,-3.4635392775518965,-4.726022618489626,-1.4363158007429726,2.1334699404495807,2.7982905412792163,1.7739665377792622,0.2648749546595169,1.3968827957093226,-2.291212315919612,-0.3105429950513764
12.0,226.0,1004.1648559570312,-3.4635392780367984,-4.726022096807932,-1.43631580076641,2.1334699404495807,2.7982769635979667,1.773968030307376,0.2648749546595169,1.3968827957093226,-2.29121215776467,-0.3107166211535003
12.0,226.0,1004.1648559570312,-3.4635392780367984,-4.726022220337332,-1.4363158007657888,2.1334699404495807,2.7982769635979667,1.773968030307376,0.2648749546595169,1.3968827957093226,-2.29121215774426,-0.3107268567286141
12.0,226.0,1004.1648559570312,-3.4635392780367984,-4.726022220337332,-1.4363158007657888,2.1334699404495807,2.7982769635979667,1.773968030307376,0.2648749546595169,1.3968827957093226,-2.29121215774426,-0.3107268567286141
12.0,226.0,1004.1648559570312,-3.4635392780367984,-4.726022096807932,-1.43631580076641,2.1334699404495807,2.7982769635979667,1.773968030307376,0.2648749546595169,1.3968827957093226,-2.29121215776467,-0.3107160363057482
12.0,226.0,1004.1648559570312,-3.4635392780367984,-4.726022100729972,-1.4363158007664143,2.1334699404495807,2.7982769635979667,1.773968030307376,0.2648749546595169,1.3968827957093226,-2.2912121577442064,-0.3107267982730504
12.0,226.0,1004.1648559570312,-3.463539277996192,-4.726022220337332,-1.4363158007657888,2.1334699404495807,2.798276939778221,1.773968030307376,0.2648749546595169,1.3968827957093226,-2.29121215774426,-0.3107268567286141
12.0,226.0,1004.1648559570312,-3.463539277544369,-4.726022082008367,-1.4363158007657852,2.1334699404495807,2.7982769635979667,1.773968030307376,0.2648749546595169,1.3968827957093226,-2.29121215774426,-0.3107268567286141
12.0,226.0,1004.1648559570312,-3.4635392899969784,-4.726022080029392,-1.436315800615471,2.1334699404495807,2.798291582710727,1.7739687691259802,0.2648749546595293,1.3968827957093226,-2.291212136540837,-0.3107153403628903
12.0,226.0,1004.1648559570312,-3.46353927755801,-4.726022100623873,-1.43631580076641,2.1334699404495807,2.7982769635979667,1.773968030307376,0.2648749546595169,1.3968827957093226,-2.2912121579976645,-0.3107396545896154
12.0,226.0,1004.1648559570312,-3.463539277557829,-4.726022570937718,-1.4363158007431696,2.1334699404495807,2.798276272434352,1.7739680053708071,0.2648749546595169,1.3968827957093226,-2.29121215737983,-0.3107295946887394
12.0,226.0,1004.1648559570312,-3.46353927803752,-4.726022220337332,-1.4363158007657888,2.1334699404495807,2.798276939002846,1.773968030307376,0.2648749546595169,1.3968827957093226,-2.29121215775214,-0.3107268567286141
12.0,226.0,1004.1648559570312,-3.463539278031812,-4.726022329517799,-1.436315800626108,2.1334699404495807,2.79829013210366,1.7739708518664263,0.2648749546595169,1.3968827957093226,-2.291212141748269,-0.310750040716398
12.0,226.0,1004.1648559570312,-3.4635392780373344,-4.726022220337332,-1.436315800766426,2.1334699404495807,2.7982769391442104,1.773968030307376,0.2648749546595169,1.3968827957093226,-2.29121215774426,-0.3107268567286141
12.0,226.0,1004.1648559570312,-3.463539278044658,-4.726022322164558,-1.436315800626108,2.1334699404495807,2.79829013210366,1.7739708518664263,0.2648749546595169,1.3968827957093226,-2.291212141748269,-0.3107048342775853
12.0,226.0,1004.1648559570312,-3.46353927765338,-4.726022082439355,-1.436315800615471,2.1334699404495807,2.798291582710727,1.7739687691259802,0.2648749546595293,1.3968827957093226,-2.2912121366029936,-0.3107153403628903
12.0,226.0,1004.1648559570312,-3.463539277995656,-4.726022100729972,-1.4363158007657773,2.1334699404495807,2.798276964231978,1.773968030307376,0.2648749546595169,1.3968827957093226,-2.2912121577442064,-0.3107267982730504
12.0,226.0,1004.1648559570312,-3.463539278014764,-4.726022100729972,-1.4363158007664143,2.1334699404495807,2.7982769635979667,1.773968030307376,0.2648749546595169,1.3968827957093226,-2.2912121577442064,-0.3107267982730504
12.0,226.0,1004.1648559570312,-3.4635392780415875,-4.726022570937718,-1.4363158007661352,2.1334699404495807,2.798276272434352,1.7739680053708071,0.2648749546595169,1.3968827957093226,-2.29121215737983,-0.3107267517367307
12.0,226.0,1004.1648559570312,-3.46353929020849,-4.726022051862871,-1.4363158007678245,2.1334699404495807,2.7982758520803626,1.7739679954558627,0.2648749546595169,1.3968827957093226,-2.2912121577570965,-0.3107268567286141
12.0,226.0,1004.1648559570312,-3.4635392780367984,-4.726022220314823,-1.4363158007657888,2.1334699404495807,2.7982769635979667,1.773968030307376,0.2648749546595169,1.3968827957093226,-2.29121215774426,-0.3107300201795661
12.0,226.0,1004.1648559570312,-3.463539278034765,-4.726022329517799,-1.4363158007772938,2.1334699404495807,2.79827690712146,1.773967845093527,0.2648749546595169,1.3968827957093226,-2.291212141748269,-0.3107498015202176
12.0,226.0,1004.1648559570312,-3.463539278047948,-4.726022230928764,-1.436315800625758,2.1334699404495807,2.79829013210366,1.7739708518664263,0.2648749546595169,1.3968827957093226,-2.291212141748269,-0.3107048342775853
12.0,226.0,1004.1648559570312,-3.463539278044491,-4.726022616221848,-1.4363158007702348,2.1334699404495807,2.798277092077448,1.773967957513847,0.2648749546595169,1.3968827957093226,-2.291212157461285,-0.3107269066153028
12.0,226.0,1004.1648559570312,-3.4635392780367984,-4.726022096807932,-1.43631580076641,2.1334699404495807,2.798276965077295,1.773968030307376,0.2648749546595169,1.3968827957093226,-2.291212157764721,-0.3107160363057482
12.0,226.0,1004.1648559570312,-3.4635392776519094,-4.726022082470412,-1.436315800615471,2.1334699404495807,2.7982918449547163,1.7739680491206855,0.2648749546595297,1.3968827957093226,-2.291212156636879,-0.3107153403628903
12.0,226.0,1004.1648559570312,-3.4635392780367984,-4.726022100729972,-1.4363158007664143,2.1334699404495807,2.7982769635979667,1.773968030307376,0.2648749546595169,1.3968827957093226,-2.2912121577442064,-0.3107267982730504
12.0,226.0,1004.1648559570312,-3.463539278027753,-4.726022575162048,-1.4363158007431265,2.1334699404495807,2.798275209828888,1.7739680053708071,0.2648749546595169,1.3968827957093226,-2.29121215737983,-0.3107494385294826
12.0,226.0,1004.1648559570312,-3.4635392780367984,-4.726022220337332,-1.4363158007657888,2.1334699404495807,2.7982769635979667,1.773968030307376,0.2648749546595169,1.3968827957093226,-2.29121215774426,-0.3107268567286141
12.0,226.0,1004.1648559570312,-3.4635392775530405,-4.726022100729972,-1.436315800743449,2.1334699404495807,2.7982769635979667,1.773968030307376,0.2648749546595169,1.3968827957093226,-2.2912121577442064,-0.3107296412250591
12.0,226.0,1004.1648559570312,-3.46353927754584,-4.72602208197731,-1.4363158007657852,2.1334699404495807,2.798276701353977,1.7739687503126702,0.2648749546595166,1.3968827957093226,-2.291212137710375,-0.3107268567286141
12.0,226.0,1004.1648559570312,-3.4635392775618885,-4.726022325293469,-1.4363158006261514,2.1334699404495807,2.798291194709124,1.7739708518664263,0.2648749546595169,1.3968827957093226,-2.291212141748269,-0.3107301968756547
12.0,226.0,1004.1649169921876,-3.463539278044658,-4.726008336588709,-1.4363158006261418,2.1334699404495807,2.798277092077448,1.773967957513847,0.2648749546595169,1.3968827957093226,-2.291212157461285,-0.3107261315772112
12.0,226.0,1004.1649169921876,-3.463539277996192,-4.7260082347614825,-1.4363158007658223,2.1334699404495807,2.798276939778221,1.773967628321068,0.2648749546595169,1.3968827957093226,-2.2912121575623763,-0.3107268567286141
12.0,226.0,1004.1649169921876,-3.463539289245206,-4.726012399839465,-1.4363158006261418,2.1334699404495807,2.798276663062265,1.7739689260149318,0.264874954659517,1.3968827957093226,-2.2912121575762274,-0.310716520995289
12.0,226.0,1004.1649169921876,-3.463539277993238,-4.7260082347614825,-1.4363158006146368,2.1334699404495807,2.798290164760421,1.7739706350939677,0.2648749546595169,1.3968827957093226,-2.2912121575623763,-0.3107270959247946
12.0,226.0,1004.1649169921876,-3.463539278014764,-4.726008736090617,-1.4363158006279326,2.1334699404495807,2.7982769635979667,1.7739680298968763,0.2648749546595169,1.3968827957093226,-2.2912121574617035,-0.3107267982730504
12.0,226.0,1004.1649780273438,-3.463539278044658,-4.726022322164558,-1.436315800626108,2.1334699404495807,2.79829013210366,1.7739708518664263,0.2648749546595169,1.3968827957093226,-2.291212141748269,-0.3105429950513764
12.0,226.0,1004.1649780273438,-3.463539277996192,-4.726022220337332,-1.4363158007410906,2.1334699404495807,2.7982770187417043,1.7739697833057149,0.2648749546595256,1.3968827957093226,-2.291212156576473,-0.3105544539241643
12.0,226.0,1004.1649780273438,-3.4635392780367984,-4.726022220337332,-1.4363158007657888,2.1334699404495807,2.7982769635979667,1.773968030307376,0.2648749546595169,1.3968827957093226,-2.29121215774426,-0.3105650175024053
12.0,226.0,1004.1649780273438,-3.4635392780120604,-4.726022226996118,-1.436315800741122,2.1334699404495807,2.7982764256807457,1.7739697833057149,0.2648749546595256,1.3968827957093226,-2.2912121566248547,-0.3105538842932751
12.0,226.0,1004.1650390625,-3.463539278044658,-4.726008336588709,-1.4363158006261418,2.1334699404495807,2.798290883581072,1.773972740151021,0.2648749546595169,1.3968827957093226,-2.291212139678318,-0.3105429950513764
12.0,226.0,1004.1650390625,-3.4635392775518965,-4.72600833912019,-1.436315800621388,2.1334699404495807,2.798290883581072,1.7739665377792622,0.2648749546595169,1.3968827957093226,-2.29121213530713,-0.3105429950513764
12.0,226.0,1004.1650390625,-3.463539277557831,-4.726022226630325,-1.4363158007431691,2.1334699404495807,2.798276457492167,1.7739680302442815,0.2648749546595169,1.3968827957093226,-2.291212157389966,-0.3105429950513746
12.0,226.0,1004.1650390625,-3.463539290154078,-4.726013395487686,-1.436315800615471,2.1334699404495807,2.798275857317137,1.773968969109303,0.2648749546594307,1.3968827957093226,-2.291212148571858,-0.3105429950513781
12.0,226.0,1004.1650390625,-3.463539278044658,-4.726008336588709,-1.4363158006261418,2.1334699404495807,2.79829013210366,1.7739704498801188,0.2648749546595169,1.3968827957093226,-2.291212141566385,-0.3105429950513764
12.0,226.0,1004.1650390625,-3.463539277557831,-4.726022226630325,-1.4363158007431691,2.1334699404495807,2.798276457492167,1.7739680302442815,0.2648749546595169,1.3968827957093226,-2.291212157389966,-0.3105429950513746
12.0,226.0,1004.1650390625,-3.463539277557831,-4.726022226630325,-1.4363158006167989,2.1334699404495807,2.798276458976059,1.7739650485166611,0.2648749546595169,1.3968827957093226,-2.291212157389966,-0.3105429950513746
12.0,226.0,1004.1650390625,-3.463539289971945,-4.726021744089699,-1.4363158007431696,2.1334699404495807,2.798276211937345,1.7739410105659723,0.2648749546594262,1.3968827957093226,-2.291212339016563,-0.3105429950513773
12.0,226.0,1004.1650390625,-3.463539276215845,-4.726013459115521,-1.436315800615471,2.1334699404495807,2.798275857317137,1.773968969109303,0.2648749546594307,1.3968827957093226,-2.291212148571858,-0.3105429950513781
12.0,226.0,1004.1650390625,-3.463539277557831,-4.726022226630325,-1.4363158007431691,2.1334699404495807,2.798276457492167,1.773968030307376,0.2648749546595169,1.3968827957093226,-2.291212157389966,-0.3105429950513746
12.0,227.0,1004.1648559570312,-3.4635392780367984,-4.726022096807932,-1.43631580076641,2.1334699404495807,2.7982769635979667,1.773968030307376,0.2648749546595169,1.3968827957093226,-2.29121215776467,-0.3107166211535003
12.0,227.0,1004.1648559570312,-3.4635392780367984,-4.726022220337332,-1.4363158007657888,2.1334699404495807,2.7982769635979667,1.773968030307376,0.2648749546595169,1.3968827957093226,-2.29121215774426,-0.3107268567286141
12.0,227.0,1004.1648559570312,-3.4635392780367984,-4.726022220337332,-1.4363158007657888,2.1334699404495807,2.7982769635979667,1.773968030307376,0.2648749546595169,1.3968827957093226,-2.29121215774426,-0.3107268567286141
12.0,227.0,1004.1648559570312,-3.4635392780367984,-4.726022096807932,-1.43631580076641,2.1334699404495807,2.7982769635979667,1.773968030307376,0.2648749546595169,1.3968827957093226,-2.29121215776467,-0.3107160363057482
12.0,227.0,1004.1648559570312,-3.4635392780367984,-4.726022100729972,-1.4363158007664143,2.1334699404495807,2.7982769635979667,1.773968030307376,0.2648749546595169,1.3968827957093226,-2.2912121577442064,-0.3107267982730504
12.0,227.0,1004.1648559570312,-3.463539277996192,-4.726022220337332,-1.4363158007657888,2.1334699404495807,2.798276939778221,1.773968030307376,0.2648749546595169,1.3968827957093226,-2.29121215774426,-0.3107268567286141
12.0,227.0,1004.1648559570312,-3.463539277544369,-4.726022082008367,-1.4363158007657852,2.1334699404495807,2.7982769635979667,1.773968030307376,0.2648749546595169,1.3968827957093226,-2.29121215774426,-0.3107268567286141
12.0,227.0,1004.1648559570312,-3.4635392899969784,-4.726022080029392,-1.436315800615471,2.1334699404495807,2.798291582710727,1.7739687691259802,0.2648749546595293,1.3968827957093226,-2.291212136540837,-0.3107153403628903
12.0,227.0,1004.1648559570312,-3.46353927755801,-4.726022100623873,-1.43631580076641,2.1334699404495807,2.7982769635979667,1.773968030307376,0.2648749546595169,1.3968827957093226,-2.2912121579976645,-0.3107396545896154
12.0,227.0,1004.1648559570312,-3.463539277557829,-4.726022570937718,-1.4363158007431696,2.1334699404495807,2.798276272434352,1.7739680053708071,0.2648749546595169,1.3968827957093226,-2.29121215737983,-0.3107295946887394
12.0,227.0,1004.1648559570312,-3.46353927803752,-4.726022220337332,-1.4363158007657888,2.1334699404495807,2.798276939002846,1.773968030307376,0.2648749546595169,1.3968827957093226,-2.29121215775214,-0.3107268567286141
12.0,227.0,1004.1648559570312,-3.463539278031812,-4.726022329517799,-1.436315800626108,2.1334699404495807,2.79829013210366,1.7739708518664263,0.2648749546595169,1.3968827957093226,-2.291212141748269,-0.310750040716398
12.0,227.0,1004.1648559570312,-3.4635392780373344,-4.726022220337332,-1.436315800766426,2.1334699404495807,2.7982769391442104,1.773968030307376,0.2648749546595169,1.3968827957093226,-2.29121215774426,-0.3107268567286141
12.0,227.0,1004.1648559570312,-3.463539278044658,-4.726022322164558,-1.436315800626108,2.1334699404495807,2.79829013210366,1.7739708518664263,0.2648749546595169,1.3968827957093226,-2.291212141748269,-0.3107048342775853
12.0,227.0,1004.1648559570312,-3.46353927765338,-4.726022082439355,-1.436315800615471,2.1334699404495807,2.798291582710727,1.7739687691259802,0.2648749546595293,1.3968827957093226,-2.2912121366029936,-0.3107153403628903
12.0,227.0,1004.1648559570312,-3.463539277995656,-4.726022100729972,-1.4363158007657773,2.1334699404495807,2.798276964231978,1.773968030307376,0.2648749546595169,1.3968827957093226,-2.2912121577442064,-0.3107267982730504
12.0,227.0,1004.1648559570312,-3.463539278014764,-4.726022100729972,-1.4363158007664143,2.1334699404495807,2.7982769635979667,1.773968030307376,0.2648749546595169,1.3968827957093226,-2.2912121577442064,-0.3107267982730504
12.0,227.0,1004.1648559570312,-3.4635392780415875,-4.726022570937718,-1.4363158007661352,2.1334699404495807,2.798276272434352,1.7739680053708071,0.2648749546595169,1.3968827957093226,-2.29121215737983,-0.3107267517367307
12.0,227.0,1004.1648559570312,-3.46353929020849,-4.726022051862871,-1.4363158007678245,2.1334699404495807,2.7982758520803626,1.7739679954558627,0.2648749546595169,1.3968827957093226,-2.2912121577570965,-0.3107268567286141
12.0,227.0,1004.1648559570312,-3.4635392780367984,-4.726022220314823,-1.4363158007657888,2.1334699404495807,2.7982769635979667,1.773968030307376,0.2648749546595169,1.3968827957093226,-2.29121215774426,-0.3107300201795661
12.0,227.0,1004.1648559570312,-3.463539278034765,-4.726022329517799,-1.4363158007772938,2.1334699404495807,2.79827690712146,1.773967845093527,0.2648749546595169,1.3968827957093226,-2.291212141748269,-0.3107498015202176
12.0,227.0,1004.1648559570312,-3.463539278047948,-4.726022230928764,-1.436315800625758,2.1334699404495807,2.79829013210366,1.7739708518664263,0.2648749546595169,1.3968827957093226,-2.291212141748269,-0.3107048342775853
12.0,227.0,1004.1648559570312,-3.463539278044491,-4.726022616221848,-1.4363158007702348,2.1334699404495807,2.798277092077448,1.773967957513847,0.2648749546595169,1.3968827957093226,-2.291212157461285,-0.3107269066153028
12.0,227.0,1004.1648559570312,-3.4635392780367984,-4.726022096807932,-1.43631580076641,2.1334699404495807,2.798276965077295,1.773968030307376,0.2648749546595169,1.3968827957093226,-2.291212157764721,-0.3107160363057482
12.0,227.0,1004.1648559570312,-3.4635392776519094,-4.726022082470412,-1.436315800615471,2.1334699404495807,2.7982918449547163,1.7739680491206855,0.2648749546595297,1.3968827957093226,-2.291212156636879,-0.3107153403628903
12.0,227.0,1004.1648559570312,-3.4635392780367984,-4.726022100729972,-1.4363158007664143,2.1334699404495807,2.7982769635979667,1.773968030307376,0.2648749546595169,1.3968827957093226,-2.2912121577442064,-0.3107267982730504
12.0,227.0,1004.1648559570312,-3.463539278027753,-4.726022575162048,-1.4363158007431265,2.1334699404495807,2.798275209828888,1.7739680053708071,0.2648749546595169,1.3968827957093226,-2.29121215737983,-0.3107494385294826
12.0,227.0,1004.1648559570312,-3.4635392780367984,-4.726022220337332,-1.4363158007657888,2.1334699404495807,2.7982769635979667,1.773968030307376,0.2648749546595169,1.3968827957093226,-2.29121215774426,-0.3107268567286141
12.0,227.0,1004.1648559570312,-3.4635392775530405,-4.726022100729972,-1.436315800743449,2.1334699404495807,2.7982769635979667,1.773968030307376,0.2648749546595169,1.3968827957093226,-2.2912121577442064,-0.3107296412250591
12.0,227.0,1004.1648559570312,-3.46353927754584,-4.72602208197731,-1.4363158007657852,2.1334699404495807,2.798276701353977,1.7739687503126702,0.2648749546595166,1.3968827957093226,-2.291212137710375,-0.3107268567286141
12.0,227.0,1004.1648559570312,-3.4635392775618885,-4.726022325293469,-1.4363158006261514,2.1334699404495807,2.798291194709124,1.7739708518664263,0.2648749546595169,1.3968827957093226,-2.291212141748269,-0.3107301968756547
12.0,227.0,1004.1648559570312,-3.4635392780367984,-4.726022619869302,-1.4363158007657888,2.1334699404495807,2.7982769635979667,1.7739679591318511,0.2648749546595169,1.3968827957093226,-2.29121215774426,-0.3107300201795661
12.0,227.0,1004.1648559570312,-3.463539277559192,-4.726022100481225,-1.4363158007657852,2.1334699404495807,2.798276702218564,1.7739680091904868,0.2648749546595166,1.3968827957093226,-2.291212137710375,-0.3107268567286141
12.0,227.0,1004.1648559570312,-3.463539278036677,-4.726022053832428,-1.4363158007664143,2.1334699404495807,2.7982769635979667,1.7739680049275963,0.2648749546595169,1.3968827957093226,-2.29121215772886,-0.3107267982730504
12.0,227.0,1004.1648559570312,-3.463539277771547,-4.726022228448254,-1.4363158007657888,2.1334699404495807,2.7982783329543497,1.773968030307376,0.2648749546595169,1.3968827957093226,-2.29121215774426,-0.3107271713302728
12.0,227.0,1004.1648559570312,-3.463539278047948,-4.726022235831008,-1.436315800625758,2.1334699404495807,2.79829013210366,1.7739708518664263,0.2648749546595169,1.3968827957093226,-2.291212141748269,-0.3107048342775853
12.0,227.0,1004.1648559570312,-3.4635392780367984,-4.726022220337332,-1.4363158007657888,2.1334699404495807,2.7982769635979667,1.773968030307376,0.2648749546595169,1.3968827957093226,-2.29121215774426,-0.3107268562336643
12.0,227.0,1004.1648559570312,-3.463539278010474,-4.726022226630325,-1.4363158007431691,2.1334699404495807,2.798276457492167,1.7739680302442815,0.2648749546595169,1.3968827957093226,-2.291212157389966,-0.3107143512429479
12.0,227.0,1004.1648559570312,-3.4635392780415875,-4.726022336531944,-1.4363158007661352,2.1334699404495807,2.7982765007550103,1.7739680149395385,0.2648749546595169,1.3968827957093226,-2.291212157257456,-0.3107267517367307
12.0,227.0,1004.1648559570312,-3.4635392780367984,-4.726022220337332,-1.4363158007657888,2.1334699404495807,2.7982769635979667,1.773968030307376,0.2648749546595169,1.3968827957093226,-2.29121215774426,-0.3107268567286141
12.0,227.0,1004.1648559570312,-3.4635392780417167,-4.726022082008367,-1.4363158007664103,2.1334699404495807,2.7982769635979667,1.773968030307376,0.2648749546595169,1.3968827957093226,-2.29121215774426,-0.3107268567286141
12.0,227.0,1004.1648559570312,-3.463539278044491,-4.726022616221848,-1.4363158007702348,2.1334699404495807,2.798277092077448,1.773967957513847,0.2648749546595169,1.3968827957093226,-2.291212157461285,-0.3107269066153028
12.0,227.0,1004.1648559570312,-3.463539278044491,-4.72602221666737,-1.4363158007702348,2.1334699404495807,2.798277092077448,1.7739680286893718,0.2648749546595169,1.3968827957093226,-2.291212157461285,-0.3107269066153028
12.0,227.0,1004.1648559570312,-3.4635392780373344,-4.72602162042625,-1.436315800766426,2.1334699404495807,2.7982769375182737,1.773968858338009,0.2648749546595169,1.3968827957093226,-2.29121215774426,-0.3107268567286141
12.0,227.0,1004.1648559570312,-3.463539278044658,-4.726022746606636,-1.436315800626108,2.1334699404495807,2.79829013210366,1.7739680140395864,0.2648749546595169,1.3968827957093226,-2.2912121417979194,-0.3107262746796668
12.0,227.0,1004.1648559570312,-3.463539277995656,-4.726022100729972,-1.4363158007657773,2.1334699404495807,2.798276964231978,1.773968030307376,0.2648749546595169,1.3968827957093226,-2.2912121577442064,-0.3107267982730504
12.0,227.0,1004.1648559570312,-3.4635392780278744,-4.726022622059593,-1.4363158007431265,2.1334699404495807,2.798275209828888,1.7739680307505865,0.2648749546595169,1.3968827957093226,-2.291212157395177,-0.3107494385294826
12.0,227.0,1004.1648559570312,-3.463539278047948,-4.726022230928764,-1.4363158007409782,2.1334699404495807,2.79829013210366,1.7739708518664263,0.2648749546595169,1.3968827957093226,-2.291212141748269,-0.3107048342775853
12.0,227.0,1004.1648559570312,-3.4635392780367984,-4.726022100729972,-1.4363158007664143,2.1334699404495807,2.7982769635979667,1.773968030307376,0.2648749546595169,1.3968827957093226,-2.291212157744013,-0.3107267982730504
12.0,227.0,1004.1648559570312,-3.4635392902622293,-4.726022071918471,-1.436315800615471,2.1334699404495807,2.798290213354344,1.7739687691259802,0.2648749546595293,1.3968827957093226,-2.291212136540837,-0.3107150257612316
12.0,228.0,1004.1648559570312,-3.4635392780367984,-4.726022096807932,-1.43631580076641,2.1334699404495807,2.7982769635979667,1.773968030307376,0.2648749546595169,1.3968827957093226,-2.29121215776467,-0.3107166211535003
12.0,228.0,1004.1648559570312,-3.4635392780367984,-4.726022220337332,-1.4363158007657888,2.1334699404495807,2.7982769635979667,1.773968030307376,0.2648749546595169,1.3968827957093226,-2.29121215774426,-0.3107268567286141
12.0,228.0,1004.1648559570312,-3.4635392780367984,-4.726022220337332,-1.4363158007657888,2.1334699404495807,2.7982769635979667,1.773968030307376,0.2648749546595169,1.3968827957093226,-2.29121215774426,-0.3107268567286141
12.0,228.0,1004.1648559570312,-3.4635392780367984,-4.726022096807932,-1.43631580076641,2.1334699404495807,2.7982769635979667,1.773968030307376,0.2648749546595169,1.3968827957093226,-2.29121215776467,-0.3107160363057482
12.0,228.0,1004.1648559570312,-3.4635392780367984,-4.726022100729972,-1.4363158007664143,2.1334699404495807,2.7982769635979667,1.773968030307376,0.2648749546595169,1.3968827957093226,-2.2912121577442064,-0.3107267982730504
12.0,228.0,1004.1648559570312,-3.463539277996192,-4.726022220337332,-1.4363158007657888,2.1334699404495807,2.798276939778221,1.773968030307376,0.2648749546595169,1.3968827957093226,-2.29121215774426,-0.3107268567286141
12.0,228.0,1004.1648559570312,-3.463539277544369,-4.726022082008367,-1.4363158007657852,2.1334699404495807,2.7982769635979667,1.773968030307376,0.2648749546595169,1.3968827957093226,-2.29121215774426,-0.3107268567286141
12.0,228.0,1004.1648559570312,-3.4635392899969784,-4.726022080029392,-1.436315800615471,2.1334699404495807,2.798291582710727,1.7739687691259802,0.2648749546595293,1.3968827957093226,-2.291212136540837,-0.3107153403628903
12.0,228.0,1004.1648559570312,-3.46353927755801,-4.726022100623873,-1.43631580076641,2.1334699404495807,2.7982769635979667,1.773968030307376,0.2648749546595169,1.3968827957093226,-2.2912121579976645,-0.3107396545896154
12.0,228.0,1004.1648559570312,-3.463539277557829,-4.726022570937718,-1.4363158007431696,2.1334699404495807,2.798276272434352,1.7739680053708071,0.2648749546595169,1.3968827957093226,-2.29121215737983,-0.3107295946887394
12.0,228.0,1004.1648559570312,-3.46353927803752,-4.726022220337332,-1.4363158007657888,2.1334699404495807,2.798276939002846,1.773968030307376,0.2648749546595169,1.3968827957093226,-2.29121215775214,-0.3107268567286141
12.0,228.0,1004.1648559570312,-3.463539278031812,-4.726022329517799,-1.436315800626108,2.1334699404495807,2.79829013210366,1.7739708518664263,0.2648749546595169,1.3968827957093226,-2.291212141748269,-0.310750040716398
12.0,228.0,1004.1648559570312,-3.4635392780373344,-4.726022220337332,-1.436315800766426,2.1334699404495807,2.7982769391442104,1.773968030307376,0.2648749546595169,1.3968827957093226,-2.29121215774426,-0.3107268567286141
12.0,228.0,1004.1648559570312,-3.463539278044658,-4.726022322164558,-1.436315800626108,2.1334699404495807,2.79829013210366,1.7739708518664263,0.2648749546595169,1.3968827957093226,-2.291212141748269,-0.3107048342775853
12.0,228.0,1004.1648559570312,-3.46353927765338,-4.726022082439355,-1.436315800615471,2.1334699404495807,2.798291582710727,1.7739687691259802,0.2648749546595293,1.3968827957093226,-2.2912121366029936,-0.3107153403628903
12.0,228.0,1004.1648559570312,-3.463539277995656,-4.726022100729972,-1.4363158007657773,2.1334699404495807,2.798276964231978,1.773968030307376,0.2648749546595169,1.3968827957093226,-2.2912121577442064,-0.3107267982730504
12.0,228.0,1004.1648559570312,-3.463539278014764,-4.726022100729972,-1.4363158007664143,2.1334699404495807,2.7982769635979667,1.773968030307376,0.2648749546595169,1.3968827957093226,-2.2912121577442064,-0.3107267982730504
12.0,228.0,1004.1648559570312,-3.4635392780415875,-4.726022570937718,-1.4363158007661352,2.1334699404495807,2.798276272434352,1.7739680053708071,0.2648749546595169,1.3968827957093226,-2.29121215737983,-0.3107267517367307
12.0,228.0,1004.1648559570312,-3.46353929020849,-4.726022051862871,-1.4363158007678245,2.1334699404495807,2.7982758520803626,1.7739679954558627,0.2648749546595169,1.3968827957093226,-2.2912121577570965,-0.3107268567286141
12.0,228.0,1004.1648559570312,-3.4635392780367984,-4.726022220314823,-1.4363158007657888,2.1334699404495807,2.7982769635979667,1.773968030307376,0.2648749546595169,1.3968827957093226,-2.29121215774426,-0.3107300201795661
12.0,228.0,1004.1648559570312,-3.463539278034765,-4.726022329517799,-1.4363158007772938,2.1334699404495807,2.79827690712146,1.773967845093527,0.2648749546595169,1.3968827957093226,-2.291212141748269,-0.3107498015202176
12.0,228.0,1004.1648559570312,-3.463539278047948,-4.726022230928764,-1.436315800625758,2.1334699404495807,2.79829013210366,1.7739708518664263,0.2648749546595169,1.3968827957093226,-2.291212141748269,-0.3107048342775853
12.0,228.0,1004.1648559570312,-3.463539278044491,-4.726022616221848,-1.4363158007702348,2.1334699404495807,2.798277092077448,1.773967957513847,0.2648749546595169,1.3968827957093226,-2.291212157461285,-0.3107269066153028
12.0,228.0,1004.1648559570312,-3.4635392780367984,-4.726022096807932,-1.43631580076641,2.1334699404495807,2.798276965077295,1.773968030307376,0.2648749546595169,1.3968827957093226,-2.291212157764721,-0.3107160363057482
12.0,228.0,1004.1648559570312,-3.4635392776519094,-4.726022082470412,-1.436315800615471,2.1334699404495807,2.7982918449547163,1.7739680491206855,0.2648749546595297,1.3968827957093226,-2.291212156636879,-0.3107153403628903
12.0,228.0,1004.1648559570312,-3.4635392780367984,-4.726022100729972,-1.4363158007664143,2.1334699404495807,2.7982769635979667,1.773968030307376,0.2648749546595169,1.3968827957093226,-2.2912121577442064,-0.3107267982730504
12.0,228.0,1004.1648559570312,-3.463539278027753,-4.726022575162048,-1.4363158007431265,2.1334699404495807,2.798275209828888,1.7739680053708071,0.2648749546595169,1.3968827957093226,-2.29121215737983,-0.3107494385294826
12.0,228.0,1004.1648559570312,-3.4635392780367984,-4.726022220337332,-1.4363158007657888,2.1334699404495807,2.7982769635979667,1.773968030307376,0.2648749546595169,1.3968827957093226,-2.29121215774426,-0.3107268567286141
12.0,228.0,1004.1648559570312,-3.4635392775530405,-4.726022100729972,-1.436315800743449,2.1334699404495807,2.7982769635979667,1.773968030307376,0.2648749546595169,1.3968827957093226,-2.2912121577442064,-0.3107296412250591
12.0,228.0,1004.1648559570312,-3.46353927754584,-4.72602208197731,-1.4363158007657852,2.1334699404495807,2.798276701353977,1.7739687503126702,0.2648749546595166,1.3968827957093226,-2.291212137710375,-0.3107268567286141
12.0,228.0,1004.1648559570312,-3.4635392775618885,-4.726022325293469,-1.4363158006261514,2.1334699404495807,2.798291194709124,1.7739708518664263,0.2648749546595169,1.3968827957093226,-2.291212141748269,-0.3107301968756547
12.0,228.0,1004.1648559570312,-3.4635392780367984,-4.726022619869302,-1.4363158007657888,2.1334699404495807,2.7982769635979667,1.7739679591318511,0.2648749546595169,1.3968827957093226,-2.29121215774426,-0.3107300201795661
12.0,228.0,1004.1648559570312,-3.463539277559192,-4.726022100481225,-1.4363158007657852,2.1334699404495807,2.798276702218564,1.7739680091904868,0.2648749546595166,1.3968827957093226,-2.291212137710375,-0.3107268567286141
12.0,228.0,1004.1648559570312,-3.463539278036677,-4.726022053832428,-1.4363158007664143,2.1334699404495807,2.7982769635979667,1.7739680049275963,0.2648749546595169,1.3968827957093226,-2.29121215772886,-0.3107267982730504
12.0,228.0,1004.1648559570312,-3.463539277771547,-4.726022228448254,-1.4363158007657888,2.1334699404495807,2.7982783329543497,1.773968030307376,0.2648749546595169,1.3968827957093226,-2.29121215774426,-0.3107271713302728
12.0,228.0,1004.1648559570312,-3.463539278047948,-4.726022235831008,-1.436315800625758,2.1334699404495807,2.79829013210366,1.7739708518664263,0.2648749546595169,1.3968827957093226,-2.291212141748269,-0.3107048342775853
12.0,228.0,1004.1648559570312,-3.4635392780367984,-4.726022220337332,-1.4363158007657888,2.1334699404495807,2.7982769635979667,1.773968030307376,0.2648749546595169,1.3968827957093226,-2.29121215774426,-0.3107268562336643
12.0,228.0,1004.1648559570312,-3.463539278010474,-4.726022226630325,-1.4363158007431691,2.1334699404495807,2.798276457492167,1.7739680302442815,0.2648749546595169,1.3968827957093226,-2.291212157389966,-0.3107143512429479
12.0,228.0,1004.1648559570312,-3.4635392780415875,-4.726022336531944,-1.4363158007661352,2.1334699404495807,2.7982765007550103,1.7739680149395385,0.2648749546595169,1.3968827957093226,-2.291212157257456,-0.3107267517367307
12.0,228.0,1004.1648559570312,-3.4635392780367984,-4.726022220337332,-1.4363158007657888,2.1334699404495807,2.7982769635979667,1.773968030307376,0.2648749546595169,1.3968827957093226,-2.29121215774426,-0.3107268567286141
12.0,228.0,1004.1648559570312,-3.4635392780417167,-4.726022082008367,-1.4363158007664103,2.1334699404495807,2.7982769635979667,1.773968030307376,0.2648749546595169,1.3968827957093226,-2.29121215774426,-0.3107268567286141
12.0,228.0,1004.1648559570312,-3.463539278044491,-4.726022616221848,-1.4363158007702348,2.1334699404495807,2.798277092077448,1.773967957513847,0.2648749546595169,1.3968827957093226,-2.291212157461285,-0.3107269066153028
12.0,228.0,1004.1648559570312,-3.463539278044491,-4.72602221666737,-1.4363158007702348,2.1334699404495807,2.798277092077448,1.7739680286893718,0.2648749546595169,1.3968827957093226,-2.291212157461285,-0.3107269066153028
12.0,228.0,1004.1648559570312,-3.4635392780373344,-4.72602162042625,-1.436315800766426,2.1334699404495807,2.7982769375182737,1.773968858338009,0.2648749546595169,1.3968827957093226,-2.29121215774426,-0.3107268567286141
12.0,228.0,1004.1648559570312,-3.463539278044658,-4.726022746606636,-1.436315800626108,2.1334699404495807,2.79829013210366,1.7739680140395864,0.2648749546595169,1.3968827957093226,-2.2912121417979194,-0.3107262746796668
12.0,228.0,1004.1648559570312,-3.463539277995656,-4.726022100729972,-1.4363158007657773,2.1334699404495807,2.798276964231978,1.773968030307376,0.2648749546595169,1.3968827957093226,-2.2912121577442064,-0.3107267982730504
12.0,228.0,1004.1648559570312,-3.4635392780278744,-4.726022622059593,-1.4363158007431265,2.1334699404495807,2.798275209828888,1.7739680307505865,0.2648749546595169,1.3968827957093226,-2.291212157395177,-0.3107494385294826
12.0,228.0,1004.1648559570312,-3.463539278047948,-4.726022230928764,-1.4363158007409782,2.1334699404495807,2.79829013210366,1.7739708518664263,0.2648749546595169,1.3968827957093226,-2.291212141748269,-0.3107048342775853
12.0,228.0,1004.1648559570312,-3.4635392780367984,-4.726022100729972,-1.4363158007664143,2.1334699404495807,2.7982769635979667,1.773968030307376,0.2648749546595169,1.3968827957093226,-2.291212157744013,-0.3107267982730504
12.0,228.0,1004.1648559570312,-3.4635392902622293,-4.726022071918471,-1.436315800615471,2.1334699404495807,2.798290213354344,1.7739687691259802,0.2648749546595293,1.3968827957093226,-2.291212136540837,-0.3107150257612316
12.0,229.0,1004.1648559570312,-3.4635392780367984,-4.726022096807932,-1.43631580076641,2.1334699404495807,2.7982769635979667,1.773968030307376,0.2648749546595169,1.3968827957093226,-2.29121215776467,-0.3107166211535003
12.0,229.0,1004.1648559570312,-3.4635392780367984,-4.726022220337332,-1.4363158007657888,2.1334699404495807,2.7982769635979667,1.773968030307376,0.2648749546595169,1.3968827957093226,-2.29121215774426,-0.3107268567286141
12.0,229.0,1004.1648559570312,-3.4635392780367984,-4.726022220337332,-1.4363158007657888,2.1334699404495807,2.7982769635979667,1.773968030307376,0.2648749546595169,1.3968827957093226,-2.29121215774426,-0.3107268567286141
12.0,229.0,1004.1648559570312,-3.4635392780367984,-4.726022096807932,-1.43631580076641,2.1334699404495807,2.7982769635979667,1.773968030307376,0.2648749546595169,1.3968827957093226,-2.29121215776467,-0.3107160363057482
12.0,229.0,1004.1648559570312,-3.4635392780367984,-4.726022100729972,-1.4363158007664143,2.1334699404495807,2.7982769635979667,1.773968030307376,0.2648749546595169,1.3968827957093226,-2.2912121577442064,-0.3107267982730504
12.0,229.0,1004.1648559570312,-3.463539277996192,-4.726022220337332,-1.4363158007657888,2.1334699404495807,2.798276939778221,1.773968030307376,0.2648749546595169,1.3968827957093226,-2.29121215774426,-0.3107268567286141
12.0,229.0,1004.1648559570312,-3.463539277544369,-4.726022082008367,-1.4363158007657852,2.1334699404495807,2.7982769635979667,1.773968030307376,0.2648749546595169,1.3968827957093226,-2.29121215774426,-0.3107268567286141
12.0,229.0,1004.1648559570312,-3.4635392899969784,-4.726022080029392,-1.436315800615471,2.1334699404495807,2.798291582710727,1.7739687691259802,0.2648749546595293,1.3968827957093226,-2.291212136540837,-0.3107153403628903
12.0,229.0,1004.1648559570312,-3.46353927755801,-4.726022100623873,-1.43631580076641,2.1334699404495807,2.7982769635979667,1.773968030307376,0.2648749546595169,1.3968827957093226,-2.2912121579976645,-0.3107396545896154
12.0,229.0,1004.1648559570312,-3.463539277557829,-4.726022570937718,-1.4363158007431696,2.1334699404495807,2.798276272434352,1.7739680053708071,0.2648749546595169,1.3968827957093226,-2.29121215737983,-0.3107295946887394
12.0,229.0,1004.1648559570312,-3.46353927803752,-4.726022220337332,-1.4363158007657888,2.1334699404495807,2.798276939002846,1.773968030307376,0.2648749546595169,1.3968827957093226,-2.29121215775214,-0.3107268567286141
12.0,229.0,1004.1648559570312,-3.463539278031812,-4.726022329517799,-1.436315800626108,2.1334699404495807,2.79829013210366,1.7739708518664263,0.2648749546595169,1.3968827957093226,-2.291212141748269,-0.310750040716398
12.0,229.0,1004.1648559570312,-3.4635392780373344,-4.726022220337332,-1.436315800766426,2.1334699404495807,2.7982769391442104,1.773968030307376,0.2648749546595169,1.3968827957093226,-2.29121215774426,-0.3107268567286141
12.0,229.0,1004.1648559570312,-3.463539278044658,-4.726022322164558,-1.436315800626108,2.1334699404495807,2.79829013210366,1.7739708518664263,0.2648749546595169,1.3968827957093226,-2.291212141748269,-0.3107048342775853
12.0,229.0,1004.1648559570312,-3.46353927765338,-4.726022082439355,-1.436315800615471,2.1334699404495807,2.798291582710727,1.7739687691259802,0.2648749546595293,1.3968827957093226,-2.2912121366029936,-0.3107153403628903
12.0,229.0,1004.1648559570312,-3.463539277995656,-4.726022100729972,-1.4363158007657773,2.1334699404495807,2.798276964231978,1.773968030307376,0.2648749546595169,1.3968827957093226,-2.2912121577442064,-0.3107267982730504
12.0,229.0,1004.1648559570312,-3.463539278014764,-4.726022100729972,-1.4363158007664143,2.1334699404495807,2.7982769635979667,1.773968030307376,0.2648749546595169,1.3968827957093226,-2.2912121577442064,-0.3107267982730504
12.0,229.0,1004.1648559570312,-3.4635392780415875,-4.726022570937718,-1.4363158007661352,2.1334699404495807,2.798276272434352,1.7739680053708071,0.2648749546595169,1.3968827957093226,-2.29121215737983,-0.3107267517367307
12.0,229.0,1004.1648559570312,-3.46353929020849,-4.726022051862871,-1.4363158007678245,2.1334699404495807,2.7982758520803626,1.7739679954558627,0.2648749546595169,1.3968827957093226,-2.2912121577570965,-0.3107268567286141
12.0,229.0,1004.1648559570312,-3.4635392780367984,-4.726022220314823,-1.4363158007657888,2.1334699404495807,2.7982769635979667,1.773968030307376,0.2648749546595169,1.3968827957093226,-2.29121215774426,-0.3107300201795661
12.0,229.0,1004.1648559570312,-3.463539278034765,-4.726022329517799,-1.4363158007772938,2.1334699404495807,2.79827690712146,1.773967845093527,0.2648749546595169,1.3968827957093226,-2.291212141748269,-0.3107498015202176
12.0,229.0,1004.1648559570312,-3.463539278047948,-4.726022230928764,-1.436315800625758,2.1334699404495807,2.79829013210366,1.7739708518664263,0.2648749546595169,1.3968827957093226,-2.291212141748269,-0.3107048342775853
12.0,229.0,1004.1648559570312,-3.463539278044491,-4.726022616221848,-1.4363158007702348,2.1334699404495807,2.798277092077448,1.773967957513847,0.2648749546595169,1.3968827957093226,-2.291212157461285,-0.3107269066153028
12.0,229.0,1004.1648559570312,-3.4635392780367984,-4.726022096807932,-1.43631580076641,2.1334699404495807,2.798276965077295,1.773968030307376,0.2648749546595169,1.3968827957093226,-2.291212157764721,-0.3107160363057482
12.0,229.0,1004.1648559570312,-3.4635392776519094,-4.726022082470412,-1.436315800615471,2.1334699404495807,2.7982918449547163,1.7739680491206855,0.2648749546595297,1.3968827957093226,-2.291212156636879,-0.3107153403628903
12.0,229.0,1004.1648559570312,-3.4635392780367984,-4.726022100729972,-1.4363158007664143,2.1334699404495807,2.7982769635979667,1.773968030307376,0.2648749546595169,1.3968827957093226,-2.2912121577442064,-0.3107267982730504
12.0,229.0,1004.1648559570312,-3.463539278027753,-4.726022575162048,-1.4363158007431265,2.1334699404495807,2.798275209828888,1.7739680053708071,0.2648749546595169,1.3968827957093226,-2.29121215737983,-0.3107494385294826
12.0,229.0,1004.1648559570312,-3.4635392780367984,-4.726022220337332,-1.4363158007657888,2.1334699404495807,2.7982769635979667,1.773968030307376,0.2648749546595169,1.3968827957093226,-2.29121215774426,-0.3107268567286141
12.0,229.0,1004.1648559570312,-3.4635392775530405,-4.726022100729972,-1.436315800743449,2.1334699404495807,2.7982769635979667,1.773968030307376,0.2648749546595169,1.3968827957093226,-2.2912121577442064,-0.3107296412250591
12.0,229.0,1004.1648559570312,-3.46353927754584,-4.72602208197731,-1.4363158007657852,2.1334699404495807,2.798276701353977,1.7739687503126702,0.2648749546595166,1.3968827957093226,-2.291212137710375,-0.3107268567286141
12.0,229.0,1004.1648559570312,-3.4635392775618885,-4.726022325293469,-1.4363158006261514,2.1334699404495807,2.798291194709124,1.7739708518664263,0.2648749546595169,1.3968827957093226,-2.291212141748269,-0.3107301968756547
12.0,229.0,1004.1648559570312,-3.4635392780367984,-4.726022619869302,-1.4363158007657888,2.1334699404495807,2.7982769635979667,1.7739679591318511,0.2648749546595169,1.3968827957093226,-2.29121215774426,-0.3107300201795661
12.0,229.0,1004.1648559570312,-3.463539277559192,-4.726022100481225,-1.4363158007657852,2.1334699404495807,2.798276702218564,1.7739680091904868,0.2648749546595166,1.3968827957093226,-2.291212137710375,-0.3107268567286141
12.0,229.0,1004.1648559570312,-3.463539278036677,-4.726022053832428,-1.4363158007664143,2.1334699404495807,2.7982769635979667,1.7739680049275963,0.2648749546595169,1.3968827957093226,-2.29121215772886,-0.3107267982730504
12.0,229.0,1004.1648559570312,-3.463539277771547,-4.726022228448254,-1.4363158007657888,2.1334699404495807,2.7982783329543497,1.773968030307376,0.2648749546595169,1.3968827957093226,-2.29121215774426,-0.3107271713302728
12.0,229.0,1004.1648559570312,-3.463539278047948,-4.726022235831008,-1.436315800625758,2.1334699404495807,2.79829013210366,1.7739708518664263,0.2648749546595169,1.3968827957093226,-2.291212141748269,-0.3107048342775853
12.0,229.0,1004.1648559570312,-3.4635392780367984,-4.726022220337332,-1.4363158007657888,2.1334699404495807,2.7982769635979667,1.773968030307376,0.2648749546595169,1.3968827957093226,-2.29121215774426,-0.3107268562336643
12.0,229.0,1004.1648559570312,-3.463539278010474,-4.726022226630325,-1.4363158007431691,2.1334699404495807,2.798276457492167,1.7739680302442815,0.2648749546595169,1.3968827957093226,-2.291212157389966,-0.3107143512429479
12.0,229.0,1004.1648559570312,-3.4635392780415875,-4.726022336531944,-1.4363158007661352,2.1334699404495807,2.7982765007550103,1.7739680149395385,0.2648749546595169,1.3968827957093226,-2.291212157257456,-0.3107267517367307
12.0,229.0,1004.1648559570312,-3.4635392780367984,-4.726022220337332,-1.4363158007657888,2.1334699404495807,2.7982769635979667,1.773968030307376,0.2648749546595169,1.3968827957093226,-2.29121215774426,-0.3107268567286141
12.0,229.0,1004.1648559570312,-3.4635392780417167,-4.726022082008367,-1.4363158007664103,2.1334699404495807,2.7982769635979667,1.773968030307376,0.2648749546595169,1.3968827957093226,-2.29121215774426,-0.3107268567286141
12.0,229.0,1004.1648559570312,-3.463539278044491,-4.726022616221848,-1.4363158007702348,2.1334699404495807,2.798277092077448,1.773967957513847,0.2648749546595169,1.3968827957093226,-2.291212157461285,-0.3107269066153028
12.0,229.0,1004.1648559570312,-3.463539278044491,-4.72602221666737,-1.4363158007702348,2.1334699404495807,2.798277092077448,1.7739680286893718,0.2648749546595169,1.3968827957093226,-2.291212157461285,-0.3107269066153028
12.0,229.0,1004.1648559570312,-3.4635392780373344,-4.72602162042625,-1.436315800766426,2.1334699404495807,2.7982769375182737,1.773968858338009,0.2648749546595169,1.3968827957093226,-2.29121215774426,-0.3107268567286141
12.0,229.0,1004.1648559570312,-3.463539278044658,-4.726022746606636,-1.436315800626108,2.1334699404495807,2.79829013210366,1.7739680140395864,0.2648749546595169,1.3968827957093226,-2.2912121417979194,-0.3107262746796668
12.0,229.0,1004.1648559570312,-3.463539277995656,-4.726022100729972,-1.4363158007657773,2.1334699404495807,2.798276964231978,1.773968030307376,0.2648749546595169,1.3968827957093226,-2.2912121577442064,-0.3107267982730504
12.0,229.0,1004.1648559570312,-3.4635392780278744,-4.726022622059593,-1.4363158007431265,2.1334699404495807,2.798275209828888,1.7739680307505865,0.2648749546595169,1.3968827957093226,-2.291212157395177,-0.3107494385294826
12.0,229.0,1004.1648559570312,-3.463539278047948,-4.726022230928764,-1.4363158007409782,2.1334699404495807,2.79829013210366,1.7739708518664263,0.2648749546595169,1.3968827957093226,-2.291212141748269,-0.3107048342775853
12.0,229.0,1004.1648559570312,-3.4635392780367984,-4.726022100729972,-1.4363158007664143,2.1334699404495807,2.7982769635979667,1.773968030307376,0.2648749546595169,1.3968827957093226,-2.291212157744013,-0.3107267982730504
12.0,229.0,1004.1648559570312,-3.4635392902622293,-4.726022071918471,-1.436315800615471,2.1334699404495807,2.798290213354344,1.7739687691259802,0.2648749546595293,1.3968827957093226,-2.291212136540837,-0.3107150257612316
12.0,230.0,1004.1648559570312,-3.4635392780367984,-4.726022096807932,-1.43631580076641,2.1334699404495807,2.7982769635979667,1.773968030307376,0.2648749546595169,1.3968827957093226,-2.29121215776467,-0.3107166211535003
12.0,230.0,1004.1648559570312,-3.4635392780367984,-4.726022220337332,-1.4363158007657888,2.1334699404495807,2.7982769635979667,1.773968030307376,0.2648749546595169,1.3968827957093226,-2.29121215774426,-0.3107268567286141
12.0,230.0,1004.1648559570312,-3.4635392780367984,-4.726022220337332,-1.4363158007657888,2.1334699404495807,2.7982769635979667,1.773968030307376,0.2648749546595169,1.3968827957093226,-2.29121215774426,-0.3107268567286141
12.0,230.0,1004.1648559570312,-3.4635392780367984,-4.726022096807932,-1.43631580076641,2.1334699404495807,2.7982769635979667,1.773968030307376,0.2648749546595169,1.3968827957093226,-2.29121215776467,-0.3107160363057482
12.0,230.0,1004.1648559570312,-3.4635392780367984,-4.726022100729972,-1.4363158007664143,2.1334699404495807,2.7982769635979667,1.773968030307376,0.2648749546595169,1.3968827957093226,-2.2912121577442064,-0.3107267982730504
12.0,230.0,1004.1648559570312,-3.463539277996192,-4.726022220337332,-1.4363158007657888,2.1334699404495807,2.798276939778221,1.773968030307376,0.2648749546595169,1.3968827957093226,-2.29121215774426,-0.3107268567286141
12.0,230.0,1004.1648559570312,-3.463539277544369,-4.726022082008367,-1.4363158007657852,2.1334699404495807,2.7982769635979667,1.773968030307376,0.2648749546595169,1.3968827957093226,-2.29121215774426,-0.3107268567286141
12.0,230.0,1004.1648559570312,-3.4635392899969784,-4.726022080029392,-1.436315800615471,2.1334699404495807,2.798291582710727,1.7739687691259802,0.2648749546595293,1.3968827957093226,-2.291212136540837,-0.3107153403628903
12.0,230.0,1004.1648559570312,-3.46353927755801,-4.726022100623873,-1.43631580076641,2.1334699404495807,2.7982769635979667,1.773968030307376,0.2648749546595169,1.3968827957093226,-2.2912121579976645,-0.3107396545896154
12.0,230.0,1004.1648559570312,-3.463539277557829,-4.726022570937718,-1.4363158007431696,2.1334699404495807,2.798276272434352,1.7739680053708071,0.2648749546595169,1.3968827957093226,-2.29121215737983,-0.3107295946887394
12.0,230.0,1004.1648559570312,-3.46353927803752,-4.726022220337332,-1.4363158007657888,2.1334699404495807,2.798276939002846,1.773968030307376,0.2648749546595169,1.3968827957093226,-2.29121215775214,-0.3107268567286141
12.0,230.0,1004.1648559570312,-3.463539278031812,-4.726022329517799,-1.436315800626108,2.1334699404495807,2.79829013210366,1.7739708518664263,0.2648749546595169,1.3968827957093226,-2.291212141748269,-0.310750040716398
12.0,230.0,1004.1648559570312,-3.4635392780373344,-4.726022220337332,-1.436315800766426,2.1334699404495807,2.7982769391442104,1.773968030307376,0.2648749546595169,1.3968827957093226,-2.29121215774426,-0.3107268567286141
12.0,230.0,1004.1648559570312,-3.463539278044658,-4.726022322164558,-1.436315800626108,2.1334699404495807,2.79829013210366,1.7739708518664263,0.2648749546595169,1.3968827957093226,-2.291212141748269,-0.3107048342775853
12.0,230.0,1004.1648559570312,-3.46353927765338,-4.726022082439355,-1.436315800615471,2.1334699404495807,2.798291582710727,1.7739687691259802,0.2648749546595293,1.3968827957093226,-2.2912121366029936,-0.3107153403628903
12.0,230.0,1004.1648559570312,-3.463539277995656,-4.726022100729972,-1.4363158007657773,2.1334699404495807,2.798276964231978,1.773968030307376,0.2648749546595169,1.3968827957093226,-2.2912121577442064,-0.3107267982730504
12.0,230.0,1004.1648559570312,-3.463539278014764,-4.726022100729972,-1.4363158007664143,2.1334699404495807,2.7982769635979667,1.773968030307376,0.2648749546595169,1.3968827957093226,-2.2912121577442064,-0.3107267982730504
12.0,230.0,1004.1648559570312,-3.4635392780415875,-4.726022570937718,-1.4363158007661352,2.1334699404495807,2.798276272434352,1.7739680053708071,0.2648749546595169,1.3968827957093226,-2.29121215737983,-0.3107267517367307
12.0,230.0,1004.1648559570312,-3.46353929020849,-4.726022051862871,-1.4363158007678245,2.1334699404495807,2.7982758520803626,1.7739679954558627,0.2648749546595169,1.3968827957093226,-2.2912121577570965,-0.3107268567286141
12.0,230.0,1004.1648559570312,-3.4635392780367984,-4.726022220314823,-1.4363158007657888,2.1334699404495807,2.7982769635979667,1.773968030307376,0.2648749546595169,1.3968827957093226,-2.29121215774426,-0.3107300201795661
12.0,230.0,1004.1648559570312,-3.463539278034765,-4.726022329517799,-1.4363158007772938,2.1334699404495807,2.79827690712146,1.773967845093527,0.2648749546595169,1.3968827957093226,-2.291212141748269,-0.3107498015202176
12.0,230.0,1004.1648559570312,-3.463539278047948,-4.726022230928764,-1.436315800625758,2.1334699404495807,2.79829013210366,1.7739708518664263,0.2648749546595169,1.3968827957093226,-2.291212141748269,-0.3107048342775853
12.0,230.0,1004.1648559570312,-3.463539278044491,-4.726022616221848,-1.4363158007702348,2.1334699404495807,2.798277092077448,1.773967957513847,0.2648749546595169,1.3968827957093226,-2.291212157461285,-0.3107269066153028
12.0,230.0,1004.1648559570312,-3.4635392780367984,-4.726022096807932,-1.43631580076641,2.1334699404495807,2.798276965077295,1.773968030307376,0.2648749546595169,1.3968827957093226,-2.291212157764721,-0.3107160363057482
12.0,230.0,1004.1648559570312,-3.4635392776519094,-4.726022082470412,-1.436315800615471,2.1334699404495807,2.7982918449547163,1.7739680491206855,0.2648749546595297,1.3968827957093226,-2.291212156636879,-0.3107153403628903
12.0,230.0,1004.1648559570312,-3.4635392780367984,-4.726022100729972,-1.4363158007664143,2.1334699404495807,2.7982769635979667,1.773968030307376,0.2648749546595169,1.3968827957093226,-2.2912121577442064,-0.3107267982730504
12.0,230.0,1004.1648559570312,-3.463539278027753,-4.726022575162048,-1.4363158007431265,2.1334699404495807,2.798275209828888,1.7739680053708071,0.2648749546595169,1.3968827957093226,-2.29121215737983,-0.3107494385294826
12.0,230.0,1004.1648559570312,-3.4635392780367984,-4.726022220337332,-1.4363158007657888,2.1334699404495807,2.7982769635979667,1.773968030307376,0.2648749546595169,1.3968827957093226,-2.29121215774426,-0.3107268567286141
12.0,230.0,1004.1648559570312,-3.4635392775530405,-4.726022100729972,-1.436315800743449,2.1334699404495807,2.7982769635979667,1.773968030307376,0.2648749546595169,1.3968827957093226,-2.2912121577442064,-0.3107296412250591
12.0,230.0,1004.1648559570312,-3.46353927754584,-4.72602208197731,-1.4363158007657852,2.1334699404495807,2.798276701353977,1.7739687503126702,0.2648749546595166,1.3968827957093226,-2.291212137710375,-0.3107268567286141
12.0,230.0,1004.1648559570312,-3.4635392775618885,-4.726022325293469,-1.4363158006261514,2.1334699404495807,2.798291194709124,1.7739708518664263,0.2648749546595169,1.3968827957093226,-2.291212141748269,-0.3107301968756547
12.0,230.0,1004.1648559570312,-3.4635392780367984,-4.726022619869302,-1.4363158007657888,2.1334699404495807,2.7982769635979667,1.7739679591318511,0.2648749546595169,1.3968827957093226,-2.29121215774426,-0.3107300201795661
12.0,230.0,1004.1648559570312,-3.463539277559192,-4.726022100481225,-1.4363158007657852,2.1334699404495807,2.798276702218564,1.7739680091904868,0.2648749546595166,1.3968827957093226,-2.291212137710375,-0.3107268567286141
12.0,230.0,1004.1648559570312,-3.463539278036677,-4.726022053832428,-1.4363158007664143,2.1334699404495807,2.7982769635979667,1.7739680049275963,0.2648749546595169,1.3968827957093226,-2.29121215772886,-0.3107267982730504
12.0,230.0,1004.1648559570312,-3.463539277771547,-4.726022228448254,-1.4363158007657888,2.1334699404495807,2.7982783329543497,1.773968030307376,0.2648749546595169,1.3968827957093226,-2.29121215774426,-0.3107271713302728
12.0,230.0,1004.1648559570312,-3.463539278047948,-4.726022235831008,-1.436315800625758,2.1334699404495807,2.79829013210366,1.7739708518664263,0.2648749546595169,1.3968827957093226,-2.291212141748269,-0.3107048342775853
12.0,230.0,1004.1648559570312,-3.4635392780367984,-4.726022220337332,-1.4363158007657888,2.1334699404495807,2.7982769635979667,1.773968030307376,0.2648749546595169,1.3968827957093226,-2.29121215774426,-0.3107268562336643
12.0,230.0,1004.1648559570312,-3.463539278010474,-4.726022226630325,-1.4363158007431691,2.1334699404495807,2.798276457492167,1.7739680302442815,0.2648749546595169,1.3968827957093226,-2.291212157389966,-0.3107143512429479
12.0,230.0,1004.1648559570312,-3.4635392780415875,-4.726022336531944,-1.4363158007661352,2.1334699404495807,2.7982765007550103,1.7739680149395385,0.2648749546595169,1.3968827957093226,-2.291212157257456,-0.3107267517367307
12.0,230.0,1004.1648559570312,-3.4635392780367984,-4.726022220337332,-1.4363158007657888,2.1334699404495807,2.7982769635979667,1.773968030307376,0.2648749546595169,1.3968827957093226,-2.29121215774426,-0.3107268567286141
12.0,230.0,1004.1648559570312,-3.4635392780417167,-4.726022082008367,-1.4363158007664103,2.1334699404495807,2.7982769635979667,1.773968030307376,0.2648749546595169,1.3968827957093226,-2.29121215774426,-0.3107268567286141
12.0,230.0,1004.1648559570312,-3.463539278044491,-4.726022616221848,-1.4363158007702348,2.1334699404495807,2.798277092077448,1.773967957513847,0.2648749546595169,1.3968827957093226,-2.291212157461285,-0.3107269066153028
12.0,230.0,1004.1648559570312,-3.463539278044491,-4.72602221666737,-1.4363158007702348,2.1334699404495807,2.798277092077448,1.7739680286893718,0.2648749546595169,1.3968827957093226,-2.291212157461285,-0.3107269066153028
12.0,230.0,1004.1648559570312,-3.4635392780373344,-4.72602162042625,-1.436315800766426,2.1334699404495807,2.7982769375182737,1.773968858338009,0.2648749546595169,1.3968827957093226,-2.29121215774426,-0.3107268567286141
12.0,230.0,1004.1648559570312,-3.463539278044658,-4.726022746606636,-1.436315800626108,2.1334699404495807,2.79829013210366,1.7739680140395864,0.2648749546595169,1.3968827957093226,-2.2912121417979194,-0.3107262746796668
12.0,230.0,1004.1648559570312,-3.463539277995656,-4.726022100729972,-1.4363158007657773,2.1334699404495807,2.798276964231978,1.773968030307376,0.2648749546595169,1.3968827957093226,-2.2912121577442064,-0.3107267982730504
12.0,230.0,1004.1648559570312,-3.4635392780278744,-4.726022622059593,-1.4363158007431265,2.1334699404495807,2.798275209828888,1.7739680307505865,0.2648749546595169,1.3968827957093226,-2.291212157395177,-0.3107494385294826
12.0,230.0,1004.1648559570312,-3.463539278047948,-4.726022230928764,-1.4363158007409782,2.1334699404495807,2.79829013210366,1.7739708518664263,0.2648749546595169,1.3968827957093226,-2.291212141748269,-0.3107048342775853
12.0,230.0,1004.1648559570312,-3.4635392780367984,-4.726022100729972,-1.4363158007664143,2.1334699404495807,2.7982769635979667,1.773968030307376,0.2648749546595169,1.3968827957093226,-2.291212157744013,-0.3107267982730504
12.0,230.0,1004.1648559570312,-3.4635392902622293,-4.726022071918471,-1.436315800615471,2.1334699404495807,2.798290213354344,1.7739687691259802,0.2648749546595293,1.3968827957093226,-2.291212136540837,-0.3107150257612316
12.0,231.0,1004.1648559570312,-3.4635392780367984,-4.726022096807932,-1.43631580076641,2.1334699404495807,2.7982769635979667,1.773968030307376,0.2648749546595169,1.3968827957093226,-2.29121215776467,-0.3107166211535003
12.0,231.0,1004.1648559570312,-3.4635392780367984,-4.726022220337332,-1.4363158007657888,2.1334699404495807,2.7982769635979667,1.773968030307376,0.2648749546595169,1.3968827957093226,-2.29121215774426,-0.3107268567286141
12.0,231.0,1004.1648559570312,-3.4635392780367984,-4.726022220337332,-1.4363158007657888,2.1334699404495807,2.7982769635979667,1.773968030307376,0.2648749546595169,1.3968827957093226,-2.29121215774426,-0.3107268567286141
12.0,231.0,1004.1648559570312,-3.4635392780367984,-4.726022096807932,-1.43631580076641,2.1334699404495807,2.7982769635979667,1.773968030307376,0.2648749546595169,1.3968827957093226,-2.29121215776467,-0.3107160363057482
12.0,231.0,1004.1648559570312,-3.4635392780367984,-4.726022100729972,-1.4363158007664143,2.1334699404495807,2.7982769635979667,1.773968030307376,0.2648749546595169,1.3968827957093226,-2.2912121577442064,-0.3107267982730504
12.0,231.0,1004.1648559570312,-3.463539277996192,-4.726022220337332,-1.4363158007657888,2.1334699404495807,2.798276939778221,1.773968030307376,0.2648749546595169,1.3968827957093226,-2.29121215774426,-0.3107268567286141
12.0,231.0,1004.1648559570312,-3.463539277544369,-4.726022082008367,-1.4363158007657852,2.1334699404495807,2.7982769635979667,1.773968030307376,0.2648749546595169,1.3968827957093226,-2.29121215774426,-0.3107268567286141
12.0,231.0,1004.1648559570312,-3.4635392899969784,-4.726022080029392,-1.436315800615471,2.1334699404495807,2.798291582710727,1.7739687691259802,0.2648749546595293,1.3968827957093226,-2.291212136540837,-0.3107153403628903
12.0,231.0,1004.1648559570312,-3.46353927755801,-4.726022100623873,-1.43631580076641,2.1334699404495807,2.7982769635979667,1.773968030307376,0.2648749546595169,1.3968827957093226,-2.2912121579976645,-0.3107396545896154
12.0,231.0,1004.1648559570312,-3.463539277557829,-4.726022570937718,-1.4363158007431696,2.1334699404495807,2.798276272434352,1.7739680053708071,0.2648749546595169,1.3968827957093226,-2.29121215737983,-0.3107295946887394
12.0,231.0,1004.1648559570312,-3.46353927803752,-4.726022220337332,-1.4363158007657888,2.1334699404495807,2.798276939002846,1.773968030307376,0.2648749546595169,1.3968827957093226,-2.29121215775214,-0.3107268567286141
12.0,231.0,1004.1648559570312,-3.463539278031812,-4.726022329517799,-1.436315800626108,2.1334699404495807,2.79829013210366,1.7739708518664263,0.2648749546595169,1.3968827957093226,-2.291212141748269,-0.310750040716398
12.0,231.0,1004.1648559570312,-3.4635392780373344,-4.726022220337332,-1.436315800766426,2.1334699404495807,2.7982769391442104,1.773968030307376,0.2648749546595169,1.3968827957093226,-2.29121215774426,-0.3107268567286141
12.0,231.0,1004.1648559570312,-3.463539278044658,-4.726022322164558,-1.436315800626108,2.1334699404495807,2.79829013210366,1.7739708518664263,0.2648749546595169,1.3968827957093226,-2.291212141748269,-0.3107048342775853
12.0,231.0,1004.1648559570312,-3.46353927765338,-4.726022082439355,-1.436315800615471,2.1334699404495807,2.798291582710727,1.7739687691259802,0.2648749546595293,1.3968827957093226,-2.2912121366029936,-0.3107153403628903
12.0,231.0,1004.1648559570312,-3.463539277995656,-4.726022100729972,-1.4363158007657773,2.1334699404495807,2.798276964231978,1.773968030307376,0.2648749546595169,1.3968827957093226,-2.2912121577442064,-0.3107267982730504
12.0,231.0,1004.1648559570312,-3.463539278014764,-4.726022100729972,-1.4363158007664143,2.1334699404495807,2.7982769635979667,1.773968030307376,0.2648749546595169,1.3968827957093226,-2.2912121577442064,-0.3107267982730504
12.0,231.0,1004.1648559570312,-3.4635392780415875,-4.726022570937718,-1.4363158007661352,2.1334699404495807,2.798276272434352,1.7739680053708071,0.2648749546595169,1.3968827957093226,-2.29121215737983,-0.3107267517367307
12.0,231.0,1004.1648559570312,-3.46353929020849,-4.726022051862871,-1.4363158007678245,2.1334699404495807,2.7982758520803626,1.7739679954558627,0.2648749546595169,1.3968827957093226,-2.2912121577570965,-0.3107268567286141
12.0,231.0,1004.1648559570312,-3.4635392780367984,-4.726022220314823,-1.4363158007657888,2.1334699404495807,2.7982769635979667,1.773968030307376,0.2648749546595169,1.3968827957093226,-2.29121215774426,-0.3107300201795661
12.0,231.0,1004.1648559570312,-3.463539278034765,-4.726022329517799,-1.4363158007772938,2.1334699404495807,2.79827690712146,1.773967845093527,0.2648749546595169,1.3968827957093226,-2.291212141748269,-0.3107498015202176
12.0,231.0,1004.1648559570312,-3.463539278047948,-4.726022230928764,-1.436315800625758,2.1334699404495807,2.79829013210366,1.7739708518664263,0.2648749546595169,1.3968827957093226,-2.291212141748269,-0.3107048342775853
12.0,231.0,1004.1648559570312,-3.463539278044491,-4.726022616221848,-1.4363158007702348,2.1334699404495807,2.798277092077448,1.773967957513847,0.2648749546595169,1.3968827957093226,-2.291212157461285,-0.3107269066153028
12.0,231.0,1004.1648559570312,-3.4635392780367984,-4.726022096807932,-1.43631580076641,2.1334699404495807,2.798276965077295,1.773968030307376,0.2648749546595169,1.3968827957093226,-2.291212157764721,-0.3107160363057482
12.0,231.0,1004.1648559570312,-3.4635392776519094,-4.726022082470412,-1.436315800615471,2.1334699404495807,2.7982918449547163,1.7739680491206855,0.2648749546595297,1.3968827957093226,-2.291212156636879,-0.3107153403628903
12.0,231.0,1004.1648559570312,-3.4635392780367984,-4.726022100729972,-1.4363158007664143,2.1334699404495807,2.7982769635979667,1.773968030307376,0.2648749546595169,1.3968827957093226,-2.2912121577442064,-0.3107267982730504
12.0,231.0,1004.1648559570312,-3.463539278027753,-4.726022575162048,-1.4363158007431265,2.1334699404495807,2.798275209828888,1.7739680053708071,0.2648749546595169,1.3968827957093226,-2.29121215737983,-0.3107494385294826
12.0,231.0,1004.1648559570312,-3.4635392780367984,-4.726022220337332,-1.4363158007657888,2.1334699404495807,2.7982769635979667,1.773968030307376,0.2648749546595169,1.3968827957093226,-2.29121215774426,-0.3107268567286141
12.0,231.0,1004.1648559570312,-3.4635392775530405,-4.726022100729972,-1.436315800743449,2.1334699404495807,2.7982769635979667,1.773968030307376,0.2648749546595169,1.3968827957093226,-2.2912121577442064,-0.3107296412250591
12.0,231.0,1004.1648559570312,-3.46353927754584,-4.72602208197731,-1.4363158007657852,2.1334699404495807,2.798276701353977,1.7739687503126702,0.2648749546595166,1.3968827957093226,-2.291212137710375,-0.3107268567286141
12.0,231.0,1004.1648559570312,-3.4635392775618885,-4.726022325293469,-1.4363158006261514,2.1334699404495807,2.798291194709124,1.7739708518664263,0.2648749546595169,1.3968827957093226,-2.291212141748269,-0.3107301968756547
12.0,231.0,1004.1648559570312,-3.4635392780367984,-4.726022619869302,-1.4363158007657888,2.1334699404495807,2.7982769635979667,1.7739679591318511,0.2648749546595169,1.3968827957093226,-2.29121215774426,-0.3107300201795661
12.0,231.0,1004.1648559570312,-3.463539277559192,-4.726022100481225,-1.4363158007657852,2.1334699404495807,2.798276702218564,1.7739680091904868,0.2648749546595166,1.3968827957093226,-2.291212137710375,-0.3107268567286141
12.0,231.0,1004.1648559570312,-3.463539278036677,-4.726022053832428,-1.4363158007664143,2.1334699404495807,2.7982769635979667,1.7739680049275963,0.2648749546595169,1.3968827957093226,-2.29121215772886,-0.3107267982730504
12.0,231.0,1004.1648559570312,-3.463539277771547,-4.726022228448254,-1.4363158007657888,2.1334699404495807,2.7982783329543497,1.773968030307376,0.2648749546595169,1.3968827957093226,-2.29121215774426,-0.3107271713302728
12.0,231.0,1004.1648559570312,-3.463539278047948,-4.726022235831008,-1.436315800625758,2.1334699404495807,2.79829013210366,1.7739708518664263,0.2648749546595169,1.3968827957093226,-2.291212141748269,-0.3107048342775853
12.0,231.0,1004.1648559570312,-3.4635392780367984,-4.726022220337332,-1.4363158007657888,2.1334699404495807,2.7982769635979667,1.773968030307376,0.2648749546595169,1.3968827957093226,-2.29121215774426,-0.3107268562336643
12.0,231.0,1004.1648559570312,-3.463539278010474,-4.726022226630325,-1.4363158007431691,2.1334699404495807,2.798276457492167,1.7739680302442815,0.2648749546595169,1.3968827957093226,-2.291212157389966,-0.3107143512429479
12.0,231.0,1004.1648559570312,-3.4635392780415875,-4.726022336531944,-1.4363158007661352,2.1334699404495807,2.7982765007550103,1.7739680149395385,0.2648749546595169,1.3968827957093226,-2.291212157257456,-0.3107267517367307
12.0,231.0,1004.1648559570312,-3.4635392780367984,-4.726022220337332,-1.4363158007657888,2.1334699404495807,2.7982769635979667,1.773968030307376,0.2648749546595169,1.3968827957093226,-2.29121215774426,-0.3107268567286141
12.0,231.0,1004.1648559570312,-3.4635392780417167,-4.726022082008367,-1.4363158007664103,2.1334699404495807,2.7982769635979667,1.773968030307376,0.2648749546595169,1.3968827957093226,-2.29121215774426,-0.3107268567286141
12.0,231.0,1004.1648559570312,-3.463539278044491,-4.726022616221848,-1.4363158007702348,2.1334699404495807,2.798277092077448,1.773967957513847,0.2648749546595169,1.3968827957093226,-2.291212157461285,-0.3107269066153028
12.0,231.0,1004.1648559570312,-3.463539278044491,-4.72602221666737,-1.4363158007702348,2.1334699404495807,2.798277092077448,1.7739680286893718,0.2648749546595169,1.3968827957093226,-2.291212157461285,-0.3107269066153028
12.0,231.0,1004.1648559570312,-3.4635392780373344,-4.72602162042625,-1.436315800766426,2.1334699404495807,2.7982769375182737,1.773968858338009,0.2648749546595169,1.3968827957093226,-2.29121215774426,-0.3107268567286141
12.0,231.0,1004.1648559570312,-3.463539278044658,-4.726022746606636,-1.436315800626108,2.1334699404495807,2.79829013210366,1.7739680140395864,0.2648749546595169,1.3968827957093226,-2.2912121417979194,-0.3107262746796668
12.0,231.0,1004.1648559570312,-3.463539277995656,-4.726022100729972,-1.4363158007657773,2.1334699404495807,2.798276964231978,1.773968030307376,0.2648749546595169,1.3968827957093226,-2.2912121577442064,-0.3107267982730504
12.0,231.0,1004.1648559570312,-3.4635392780278744,-4.726022622059593,-1.4363158007431265,2.1334699404495807,2.798275209828888,1.7739680307505865,0.2648749546595169,1.3968827957093226,-2.291212157395177,-0.3107494385294826
12.0,231.0,1004.1648559570312,-3.463539278047948,-4.726022230928764,-1.4363158007409782,2.1334699404495807,2.79829013210366,1.7739708518664263,0.2648749546595169,1.3968827957093226,-2.291212141748269,-0.3107048342775853
12.0,231.0,1004.1648559570312,-3.4635392780367984,-4.726022100729972,-1.4363158007664143,2.1334699404495807,2.7982769635979667,1.773968030307376,0.2648749546595169,1.3968827957093226,-2.291212157744013,-0.3107267982730504
12.0,231.0,1004.1648559570312,-3.4635392902622293,-4.726022071918471,-1.436315800615471,2.1334699404495807,2.798290213354344,1.7739687691259802,0.2648749546595293,1.3968827957093226,-2.291212136540837,-0.3107150257612316
12.0,232.0,1004.1648559570312,-3.4635392780367984,-4.726022096807932,-1.43631580076641,2.1334699404495807,2.7982769635979667,1.773968030307376,0.2648749546595169,1.3968827957093226,-2.29121215776467,-0.3107166211535003
12.0,232.0,1004.1648559570312,-3.4635392780367984,-4.726022220337332,-1.4363158007657888,2.1334699404495807,2.7982769635979667,1.773968030307376,0.2648749546595169,1.3968827957093226,-2.29121215774426,-0.3107268567286141
12.0,232.0,1004.1648559570312,-3.4635392780367984,-4.726022220337332,-1.4363158007657888,2.1334699404495807,2.7982769635979667,1.773968030307376,0.2648749546595169,1.3968827957093226,-2.29121215774426,-0.3107268567286141
12.0,232.0,1004.1648559570312,-3.4635392780367984,-4.726022096807932,-1.43631580076641,2.1334699404495807,2.7982769635979667,1.773968030307376,0.2648749546595169,1.3968827957093226,-2.29121215776467,-0.3107160363057482
12.0,232.0,1004.1648559570312,-3.4635392780367984,-4.726022100729972,-1.4363158007664143,2.1334699404495807,2.7982769635979667,1.773968030307376,0.2648749546595169,1.3968827957093226,-2.2912121577442064,-0.3107267982730504
12.0,232.0,1004.1648559570312,-3.463539277996192,-4.726022220337332,-1.4363158007657888,2.1334699404495807,2.798276939778221,1.773968030307376,0.2648749546595169,1.3968827957093226,-2.29121215774426,-0.3107268567286141
12.0,232.0,1004.1648559570312,-3.463539277544369,-4.726022082008367,-1.4363158007657852,2.1334699404495807,2.7982769635979667,1.773968030307376,0.2648749546595169,1.3968827957093226,-2.29121215774426,-0.3107268567286141
12.0,232.0,1004.1648559570312,-3.4635392899969784,-4.726022080029392,-1.436315800615471,2.1334699404495807,2.798291582710727,1.7739687691259802,0.2648749546595293,1.3968827957093226,-2.291212136540837,-0.3107153403628903
12.0,232.0,1004.1648559570312,-3.46353927755801,-4.726022100623873,-1.43631580076641,2.1334699404495807,2.7982769635979667,1.773968030307376,0.2648749546595169,1.3968827957093226,-2.2912121579976645,-0.3107396545896154
12.0,232.0,1004.1648559570312,-3.463539277557829,-4.726022570937718,-1.4363158007431696,2.1334699404495807,2.798276272434352,1.7739680053708071,0.2648749546595169,1.3968827957093226,-2.29121215737983,-0.3107295946887394
12.0,232.0,1004.1648559570312,-3.46353927803752,-4.726022220337332,-1.4363158007657888,2.1334699404495807,2.798276939002846,1.773968030307376,0.2648749546595169,1.3968827957093226,-2.29121215775214,-0.3107268567286141
12.0,232.0,1004.1648559570312,-3.463539278031812,-4.726022329517799,-1.436315800626108,2.1334699404495807,2.79829013210366,1.7739708518664263,0.2648749546595169,1.3968827957093226,-2.291212141748269,-0.310750040716398
12.0,232.0,1004.1648559570312,-3.4635392780373344,-4.726022220337332,-1.436315800766426,2.1334699404495807,2.7982769391442104,1.773968030307376,0.2648749546595169,1.3968827957093226,-2.29121215774426,-0.3107268567286141
12.0,232.0,1004.1648559570312,-3.463539278044658,-4.726022322164558,-1.436315800626108,2.1334699404495807,2.79829013210366,1.7739708518664263,0.2648749546595169,1.3968827957093226,-2.291212141748269,-0.3107048342775853
12.0,232.0,1004.1648559570312,-3.46353927765338,-4.726022082439355,-1.436315800615471,2.1334699404495807,2.798291582710727,1.7739687691259802,0.2648749546595293,1.3968827957093226,-2.2912121366029936,-0.3107153403628903
12.0,232.0,1004.1648559570312,-3.463539277995656,-4.726022100729972,-1.4363158007657773,2.1334699404495807,2.798276964231978,1.773968030307376,0.2648749546595169,1.3968827957093226,-2.2912121577442064,-0.3107267982730504
12.0,232.0,1004.1648559570312,-3.463539278014764,-4.726022100729972,-1.4363158007664143,2.1334699404495807,2.7982769635979667,1.773968030307376,0.2648749546595169,1.3968827957093226,-2.2912121577442064,-0.3107267982730504
12.0,232.0,1004.1648559570312,-3.4635392780415875,-4.726022570937718,-1.4363158007661352,2.1334699404495807,2.798276272434352,1.7739680053708071,0.2648749546595169,1.3968827957093226,-2.29121215737983,-0.3107267517367307
12.0,232.0,1004.1648559570312,-3.46353929020849,-4.726022051862871,-1.4363158007678245,2.1334699404495807,2.7982758520803626,1.7739679954558627,0.2648749546595169,1.3968827957093226,-2.2912121577570965,-0.3107268567286141
12.0,232.0,1004.1648559570312,-3.4635392780367984,-4.726022220314823,-1.4363158007657888,2.1334699404495807,2.7982769635979667,1.773968030307376,0.2648749546595169,1.3968827957093226,-2.29121215774426,-0.3107300201795661
12.0,232.0,1004.1648559570312,-3.463539278034765,-4.726022329517799,-1.4363158007772938,2.1334699404495807,2.79827690712146,1.773967845093527,0.2648749546595169,1.3968827957093226,-2.291212141748269,-0.3107498015202176
12.0,232.0,1004.1648559570312,-3.463539278047948,-4.726022230928764,-1.436315800625758,2.1334699404495807,2.79829013210366,1.7739708518664263,0.2648749546595169,1.3968827957093226,-2.291212141748269,-0.3107048342775853
12.0,232.0,1004.1648559570312,-3.463539278044491,-4.726022616221848,-1.4363158007702348,2.1334699404495807,2.798277092077448,1.773967957513847,0.2648749546595169,1.3968827957093226,-2.291212157461285,-0.3107269066153028
12.0,232.0,1004.1648559570312,-3.4635392780367984,-4.726022096807932,-1.43631580076641,2.1334699404495807,2.798276965077295,1.773968030307376,0.2648749546595169,1.3968827957093226,-2.291212157764721,-0.3107160363057482
12.0,232.0,1004.1648559570312,-3.4635392776519094,-4.726022082470412,-1.436315800615471,2.1334699404495807,2.7982918449547163,1.7739680491206855,0.2648749546595297,1.3968827957093226,-2.291212156636879,-0.3107153403628903
12.0,232.0,1004.1648559570312,-3.4635392780367984,-4.726022100729972,-1.4363158007664143,2.1334699404495807,2.7982769635979667,1.773968030307376,0.2648749546595169,1.3968827957093226,-2.2912121577442064,-0.3107267982730504
12.0,232.0,1004.1648559570312,-3.463539278027753,-4.726022575162048,-1.4363158007431265,2.1334699404495807,2.798275209828888,1.7739680053708071,0.2648749546595169,1.3968827957093226,-2.29121215737983,-0.3107494385294826
12.0,232.0,1004.1648559570312,-3.4635392780367984,-4.726022220337332,-1.4363158007657888,2.1334699404495807,2.7982769635979667,1.773968030307376,0.2648749546595169,1.3968827957093226,-2.29121215774426,-0.3107268567286141
12.0,232.0,1004.1648559570312,-3.4635392775530405,-4.726022100729972,-1.436315800743449,2.1334699404495807,2.7982769635979667,1.773968030307376,0.2648749546595169,1.3968827957093226,-2.2912121577442064,-0.3107296412250591
12.0,232.0,1004.1648559570312,-3.46353927754584,-4.72602208197731,-1.4363158007657852,2.1334699404495807,2.798276701353977,1.7739687503126702,0.2648749546595166,1.3968827957093226,-2.291212137710375,-0.3107268567286141
12.0,232.0,1004.1648559570312,-3.4635392775618885,-4.726022325293469,-1.4363158006261514,2.1334699404495807,2.798291194709124,1.7739708518664263,0.2648749546595169,1.3968827957093226,-2.291212141748269,-0.3107301968756547
12.0,232.0,1004.1648559570312,-3.4635392780367984,-4.726022619869302,-1.4363158007657888,2.1334699404495807,2.7982769635979667,1.7739679591318511,0.2648749546595169,1.3968827957093226,-2.29121215774426,-0.3107300201795661
12.0,232.0,1004.1648559570312,-3.463539277559192,-4.726022100481225,-1.4363158007657852,2.1334699404495807,2.798276702218564,1.7739680091904868,0.2648749546595166,1.3968827957093226,-2.291212137710375,-0.3107268567286141
12.0,232.0,1004.1648559570312,-3.463539278036677,-4.726022053832428,-1.4363158007664143,2.1334699404495807,2.7982769635979667,1.7739680049275963,0.2648749546595169,1.3968827957093226,-2.29121215772886,-0.3107267982730504
12.0,232.0,1004.1648559570312,-3.463539277771547,-4.726022228448254,-1.4363158007657888,2.1334699404495807,2.7982783329543497,1.773968030307376,0.2648749546595169,1.3968827957093226,-2.29121215774426,-0.3107271713302728
12.0,232.0,1004.1648559570312,-3.463539278047948,-4.726022235831008,-1.436315800625758,2.1334699404495807,2.79829013210366,1.7739708518664263,0.2648749546595169,1.3968827957093226,-2.291212141748269,-0.3107048342775853
12.0,232.0,1004.1648559570312,-3.4635392780367984,-4.726022220337332,-1.4363158007657888,2.1334699404495807,2.7982769635979667,1.773968030307376,0.2648749546595169,1.3968827957093226,-2.29121215774426,-0.3107268562336643
12.0,232.0,1004.1648559570312,-3.463539278010474,-4.726022226630325,-1.4363158007431691,2.1334699404495807,2.798276457492167,1.7739680302442815,0.2648749546595169,1.3968827957093226,-2.291212157389966,-0.3107143512429479
12.0,232.0,1004.1648559570312,-3.4635392780415875,-4.726022336531944,-1.4363158007661352,2.1334699404495807,2.7982765007550103,1.7739680149395385,0.2648749546595169,1.3968827957093226,-2.291212157257456,-0.3107267517367307
12.0,232.0,1004.1648559570312,-3.4635392780367984,-4.726022220337332,-1.4363158007657888,2.1334699404495807,2.7982769635979667,1.773968030307376,0.2648749546595169,1.3968827957093226,-2.29121215774426,-0.3107268567286141
12.0,232.0,1004.1648559570312,-3.4635392780417167,-4.726022082008367,-1.4363158007664103,2.1334699404495807,2.7982769635979667,1.773968030307376,0.2648749546595169,1.3968827957093226,-2.29121215774426,-0.3107268567286141
12.0,232.0,1004.1648559570312,-3.463539278044491,-4.726022616221848,-1.4363158007702348,2.1334699404495807,2.798277092077448,1.773967957513847,0.2648749546595169,1.3968827957093226,-2.291212157461285,-0.3107269066153028
12.0,232.0,1004.1648559570312,-3.463539278044491,-4.72602221666737,-1.4363158007702348,2.1334699404495807,2.798277092077448,1.7739680286893718,0.2648749546595169,1.3968827957093226,-2.291212157461285,-0.3107269066153028
12.0,232.0,1004.1648559570312,-3.4635392780373344,-4.72602162042625,-1.436315800766426,2.1334699404495807,2.7982769375182737,1.773968858338009,0.2648749546595169,1.3968827957093226,-2.29121215774426,-0.3107268567286141
12.0,232.0,1004.1648559570312,-3.463539278044658,-4.726022746606636,-1.436315800626108,2.1334699404495807,2.79829013210366,1.7739680140395864,0.2648749546595169,1.3968827957093226,-2.2912121417979194,-0.3107262746796668
12.0,232.0,1004.1648559570312,-3.463539277995656,-4.726022100729972,-1.4363158007657773,2.1334699404495807,2.798276964231978,1.773968030307376,0.2648749546595169,1.3968827957093226,-2.2912121577442064,-0.3107267982730504
12.0,232.0,1004.1648559570312,-3.4635392780278744,-4.726022622059593,-1.4363158007431265,2.1334699404495807,2.798275209828888,1.7739680307505865,0.2648749546595169,1.3968827957093226,-2.291212157395177,-0.3107494385294826
12.0,232.0,1004.1648559570312,-3.463539278047948,-4.726022230928764,-1.4363158007409782,2.1334699404495807,2.79829013210366,1.7739708518664263,0.2648749546595169,1.3968827957093226,-2.291212141748269,-0.3107048342775853
12.0,232.0,1004.1648559570312,-3.4635392780367984,-4.726022100729972,-1.4363158007664143,2.1334699404495807,2.7982769635979667,1.773968030307376,0.2648749546595169,1.3968827957093226,-2.291212157744013,-0.3107267982730504
12.0,232.0,1004.1648559570312,-3.4635392902622293,-4.726022071918471,-1.436315800615471,2.1334699404495807,2.798290213354344,1.7739687691259802,0.2648749546595293,1.3968827957093226,-2.291212136540837,-0.3107150257612316
12.0,233.0,1004.1648559570312,-3.4635392780367984,-4.726022096807932,-1.43631580076641,2.1334699404495807,2.7982769635979667,1.773968030307376,0.2648749546595169,1.3968827957093226,-2.29121215776467,-0.3107166211535003
12.0,233.0,1004.1648559570312,-3.4635392780367984,-4.726022220337332,-1.4363158007657888,2.1334699404495807,2.7982769635979667,1.773968030307376,0.2648749546595169,1.3968827957093226,-2.29121215774426,-0.3107268567286141
12.0,233.0,1004.1648559570312,-3.4635392780367984,-4.726022220337332,-1.4363158007657888,2.1334699404495807,2.7982769635979667,1.773968030307376,0.2648749546595169,1.3968827957093226,-2.29121215774426,-0.3107268567286141
12.0,233.0,1004.1648559570312,-3.4635392780367984,-4.726022096807932,-1.43631580076641,2.1334699404495807,2.7982769635979667,1.773968030307376,0.2648749546595169,1.3968827957093226,-2.29121215776467,-0.3107160363057482
12.0,233.0,1004.1648559570312,-3.4635392780367984,-4.726022100729972,-1.4363158007664143,2.1334699404495807,2.7982769635979667,1.773968030307376,0.2648749546595169,1.3968827957093226,-2.2912121577442064,-0.3107267982730504
12.0,233.0,1004.1648559570312,-3.463539277996192,-4.726022220337332,-1.4363158007657888,2.1334699404495807,2.798276939778221,1.773968030307376,0.2648749546595169,1.3968827957093226,-2.29121215774426,-0.3107268567286141
12.0,233.0,1004.1648559570312,-3.463539277544369,-4.726022082008367,-1.4363158007657852,2.1334699404495807,2.7982769635979667,1.773968030307376,0.2648749546595169,1.3968827957093226,-2.29121215774426,-0.3107268567286141
12.0,233.0,1004.1648559570312,-3.4635392899969784,-4.726022080029392,-1.436315800615471,2.1334699404495807,2.798291582710727,1.7739687691259802,0.2648749546595293,1.3968827957093226,-2.291212136540837,-0.3107153403628903
12.0,233.0,1004.1648559570312,-3.46353927755801,-4.726022100623873,-1.43631580076641,2.1334699404495807,2.7982769635979667,1.773968030307376,0.2648749546595169,1.3968827957093226,-2.2912121579976645,-0.3107396545896154
12.0,233.0,1004.1648559570312,-3.463539277557829,-4.726022570937718,-1.4363158007431696,2.1334699404495807,2.798276272434352,1.7739680053708071,0.2648749546595169,1.3968827957093226,-2.29121215737983,-0.3107295946887394
12.0,233.0,1004.1648559570312,-3.46353927803752,-4.726022220337332,-1.4363158007657888,2.1334699404495807,2.798276939002846,1.773968030307376,0.2648749546595169,1.3968827957093226,-2.29121215775214,-0.3107268567286141
12.0,233.0,1004.1648559570312,-3.463539278031812,-4.726022329517799,-1.436315800626108,2.1334699404495807,2.79829013210366,1.7739708518664263,0.2648749546595169,1.3968827957093226,-2.291212141748269,-0.310750040716398
12.0,233.0,1004.1648559570312,-3.4635392780373344,-4.726022220337332,-1.436315800766426,2.1334699404495807,2.7982769391442104,1.773968030307376,0.2648749546595169,1.3968827957093226,-2.29121215774426,-0.3107268567286141
12.0,233.0,1004.1648559570312,-3.463539278044658,-4.726022322164558,-1.436315800626108,2.1334699404495807,2.79829013210366,1.7739708518664263,0.2648749546595169,1.3968827957093226,-2.291212141748269,-0.3107048342775853
12.0,233.0,1004.1648559570312,-3.46353927765338,-4.726022082439355,-1.436315800615471,2.1334699404495807,2.798291582710727,1.7739687691259802,0.2648749546595293,1.3968827957093226,-2.2912121366029936,-0.3107153403628903
12.0,233.0,1004.1648559570312,-3.463539277995656,-4.726022100729972,-1.4363158007657773,2.1334699404495807,2.798276964231978,1.773968030307376,0.2648749546595169,1.3968827957093226,-2.2912121577442064,-0.3107267982730504
12.0,233.0,1004.1648559570312,-3.463539278014764,-4.726022100729972,-1.4363158007664143,2.1334699404495807,2.7982769635979667,1.773968030307376,0.2648749546595169,1.3968827957093226,-2.2912121577442064,-0.3107267982730504
12.0,233.0,1004.1648559570312,-3.4635392780415875,-4.726022570937718,-1.4363158007661352,2.1334699404495807,2.798276272434352,1.7739680053708071,0.2648749546595169,1.3968827957093226,-2.29121215737983,-0.3107267517367307
12.0,233.0,1004.1648559570312,-3.46353929020849,-4.726022051862871,-1.4363158007678245,2.1334699404495807,2.7982758520803626,1.7739679954558627,0.2648749546595169,1.3968827957093226,-2.2912121577570965,-0.3107268567286141
12.0,233.0,1004.1648559570312,-3.4635392780367984,-4.726022220314823,-1.4363158007657888,2.1334699404495807,2.7982769635979667,1.773968030307376,0.2648749546595169,1.3968827957093226,-2.29121215774426,-0.3107300201795661
12.0,233.0,1004.1648559570312,-3.463539278034765,-4.726022329517799,-1.4363158007772938,2.1334699404495807,2.79827690712146,1.773967845093527,0.2648749546595169,1.3968827957093226,-2.291212141748269,-0.3107498015202176
12.0,233.0,1004.1648559570312,-3.463539278047948,-4.726022230928764,-1.436315800625758,2.1334699404495807,2.79829013210366,1.7739708518664263,0.2648749546595169,1.3968827957093226,-2.291212141748269,-0.3107048342775853
12.0,233.0,1004.1648559570312,-3.463539278044491,-4.726022616221848,-1.4363158007702348,2.1334699404495807,2.798277092077448,1.773967957513847,0.2648749546595169,1.3968827957093226,-2.291212157461285,-0.3107269066153028
12.0,233.0,1004.1648559570312,-3.4635392780367984,-4.726022096807932,-1.43631580076641,2.1334699404495807,2.798276965077295,1.773968030307376,0.2648749546595169,1.3968827957093226,-2.291212157764721,-0.3107160363057482
12.0,233.0,1004.1648559570312,-3.4635392776519094,-4.726022082470412,-1.436315800615471,2.1334699404495807,2.7982918449547163,1.7739680491206855,0.2648749546595297,1.3968827957093226,-2.291212156636879,-0.3107153403628903
12.0,233.0,1004.1648559570312,-3.4635392780367984,-4.726022100729972,-1.4363158007664143,2.1334699404495807,2.7982769635979667,1.773968030307376,0.2648749546595169,1.3968827957093226,-2.2912121577442064,-0.3107267982730504
12.0,233.0,1004.1648559570312,-3.463539278027753,-4.726022575162048,-1.4363158007431265,2.1334699404495807,2.798275209828888,1.7739680053708071,0.2648749546595169,1.3968827957093226,-2.29121215737983,-0.3107494385294826
12.0,233.0,1004.1648559570312,-3.4635392780367984,-4.726022220337332,-1.4363158007657888,2.1334699404495807,2.7982769635979667,1.773968030307376,0.2648749546595169,1.3968827957093226,-2.29121215774426,-0.3107268567286141
12.0,233.0,1004.1648559570312,-3.4635392775530405,-4.726022100729972,-1.436315800743449,2.1334699404495807,2.7982769635979667,1.773968030307376,0.2648749546595169,1.3968827957093226,-2.2912121577442064,-0.3107296412250591
12.0,233.0,1004.1648559570312,-3.46353927754584,-4.72602208197731,-1.4363158007657852,2.1334699404495807,2.798276701353977,1.7739687503126702,0.2648749546595166,1.3968827957093226,-2.291212137710375,-0.3107268567286141
12.0,233.0,1004.1648559570312,-3.4635392775618885,-4.726022325293469,-1.4363158006261514,2.1334699404495807,2.798291194709124,1.7739708518664263,0.2648749546595169,1.3968827957093226,-2.291212141748269,-0.3107301968756547
12.0,233.0,1004.1648559570312,-3.4635392780367984,-4.726022619869302,-1.4363158007657888,2.1334699404495807,2.7982769635979667,1.7739679591318511,0.2648749546595169,1.3968827957093226,-2.29121215774426,-0.3107300201795661
12.0,233.0,1004.1648559570312,-3.463539277559192,-4.726022100481225,-1.4363158007657852,2.1334699404495807,2.798276702218564,1.7739680091904868,0.2648749546595166,1.3968827957093226,-2.291212137710375,-0.3107268567286141
12.0,233.0,1004.1648559570312,-3.463539278036677,-4.726022053832428,-1.4363158007664143,2.1334699404495807,2.7982769635979667,1.7739680049275963,0.2648749546595169,1.3968827957093226,-2.29121215772886,-0.3107267982730504
12.0,233.0,1004.1648559570312,-3.463539277771547,-4.726022228448254,-1.4363158007657888,2.1334699404495807,2.7982783329543497,1.773968030307376,0.2648749546595169,1.3968827957093226,-2.29121215774426,-0.3107271713302728
12.0,233.0,1004.1648559570312,-3.463539278047948,-4.726022235831008,-1.436315800625758,2.1334699404495807,2.79829013210366,1.7739708518664263,0.2648749546595169,1.3968827957093226,-2.291212141748269,-0.3107048342775853
12.0,233.0,1004.1648559570312,-3.4635392780367984,-4.726022220337332,-1.4363158007657888,2.1334699404495807,2.7982769635979667,1.773968030307376,0.2648749546595169,1.3968827957093226,-2.29121215774426,-0.3107268562336643
12.0,233.0,1004.1648559570312,-3.463539278010474,-4.726022226630325,-1.4363158007431691,2.1334699404495807,2.798276457492167,1.7739680302442815,0.2648749546595169,1.3968827957093226,-2.291212157389966,-0.3107143512429479
12.0,233.0,1004.1648559570312,-3.4635392780415875,-4.726022336531944,-1.4363158007661352,2.1334699404495807,2.7982765007550103,1.7739680149395385,0.2648749546595169,1.3968827957093226,-2.291212157257456,-0.3107267517367307
12.0,233.0,1004.1648559570312,-3.4635392780367984,-4.726022220337332,-1.4363158007657888,2.1334699404495807,2.7982769635979667,1.773968030307376,0.2648749546595169,1.3968827957093226,-2.29121215774426,-0.3107268567286141
12.0,233.0,1004.1648559570312,-3.4635392780417167,-4.726022082008367,-1.4363158007664103,2.1334699404495807,2.7982769635979667,1.773968030307376,0.2648749546595169,1.3968827957093226,-2.29121215774426,-0.3107268567286141
12.0,233.0,1004.1648559570312,-3.463539278044491,-4.726022616221848,-1.4363158007702348,2.1334699404495807,2.798277092077448,1.773967957513847,0.2648749546595169,1.3968827957093226,-2.291212157461285,-0.3107269066153028
12.0,233.0,1004.1648559570312,-3.463539278044491,-4.72602221666737,-1.4363158007702348,2.1334699404495807,2.798277092077448,1.7739680286893718,0.2648749546595169,1.3968827957093226,-2.291212157461285,-0.3107269066153028
12.0,233.0,1004.1648559570312,-3.4635392780373344,-4.72602162042625,-1.436315800766426,2.1334699404495807,2.7982769375182737,1.773968858338009,0.2648749546595169,1.3968827957093226,-2.29121215774426,-0.3107268567286141
12.0,233.0,1004.1648559570312,-3.463539278044658,-4.726022746606636,-1.436315800626108,2.1334699404495807,2.79829013210366,1.7739680140395864,0.2648749546595169,1.3968827957093226,-2.2912121417979194,-0.3107262746796668
12.0,233.0,1004.1648559570312,-3.463539277995656,-4.726022100729972,-1.4363158007657773,2.1334699404495807,2.798276964231978,1.773968030307376,0.2648749546595169,1.3968827957093226,-2.2912121577442064,-0.3107267982730504
12.0,233.0,1004.1648559570312,-3.4635392780278744,-4.726022622059593,-1.4363158007431265,2.1334699404495807,2.798275209828888,1.7739680307505865,0.2648749546595169,1.3968827957093226,-2.291212157395177,-0.3107494385294826
12.0,233.0,1004.1648559570312,-3.463539278047948,-4.726022230928764,-1.4363158007409782,2.1334699404495807,2.79829013210366,1.7739708518664263,0.2648749546595169,1.3968827957093226,-2.291212141748269,-0.3107048342775853
12.0,233.0,1004.1648559570312,-3.4635392780367984,-4.726022100729972,-1.4363158007664143,2.1334699404495807,2.7982769635979667,1.773968030307376,0.2648749546595169,1.3968827957093226,-2.291212157744013,-0.3107267982730504
12.0,233.0,1004.1648559570312,-3.4635392902622293,-4.726022071918471,-1.436315800615471,2.1334699404495807,2.798290213354344,1.7739687691259802,0.2648749546595293,1.3968827957093226,-2.291212136540837,-0.3107150257612316
12.0,234.0,1004.1648559570312,-3.4635392780367984,-4.726022096807932,-1.43631580076641,2.1334699404495807,2.7982769635979667,1.773968030307376,0.2648749546595169,1.3968827957093226,-2.29121215776467,-0.3107166211535003
12.0,234.0,1004.1648559570312,-3.4635392780367984,-4.726022220337332,-1.4363158007657888,2.1334699404495807,2.7982769635979667,1.773968030307376,0.2648749546595169,1.3968827957093226,-2.29121215774426,-0.3107268567286141
12.0,234.0,1004.1648559570312,-3.4635392780367984,-4.726022220337332,-1.4363158007657888,2.1334699404495807,2.7982769635979667,1.773968030307376,0.2648749546595169,1.3968827957093226,-2.29121215774426,-0.3107268567286141
12.0,234.0,1004.1648559570312,-3.4635392780367984,-4.726022096807932,-1.43631580076641,2.1334699404495807,2.7982769635979667,1.773968030307376,0.2648749546595169,1.3968827957093226,-2.29121215776467,-0.3107160363057482
12.0,234.0,1004.1648559570312,-3.4635392780367984,-4.726022100729972,-1.4363158007664143,2.1334699404495807,2.7982769635979667,1.773968030307376,0.2648749546595169,1.3968827957093226,-2.2912121577442064,-0.3107267982730504
12.0,234.0,1004.1648559570312,-3.463539277996192,-4.726022220337332,-1.4363158007657888,2.1334699404495807,2.798276939778221,1.773968030307376,0.2648749546595169,1.3968827957093226,-2.29121215774426,-0.3107268567286141
12.0,234.0,1004.1648559570312,-3.463539277544369,-4.726022082008367,-1.4363158007657852,2.1334699404495807,2.7982769635979667,1.773968030307376,0.2648749546595169,1.3968827957093226,-2.29121215774426,-0.3107268567286141
12.0,234.0,1004.1648559570312,-3.4635392899969784,-4.726022080029392,-1.436315800615471,2.1334699404495807,2.798291582710727,1.7739687691259802,0.2648749546595293,1.3968827957093226,-2.291212136540837,-0.3107153403628903
12.0,234.0,1004.1648559570312,-3.46353927755801,-4.726022100623873,-1.43631580076641,2.1334699404495807,2.7982769635979667,1.773968030307376,0.2648749546595169,1.3968827957093226,-2.2912121579976645,-0.3107396545896154
12.0,234.0,1004.1648559570312,-3.463539277557829,-4.726022570937718,-1.4363158007431696,2.1334699404495807,2.798276272434352,1.7739680053708071,0.2648749546595169,1.3968827957093226,-2.29121215737983,-0.3107295946887394
12.0,234.0,1004.1648559570312,-3.46353927803752,-4.726022220337332,-1.4363158007657888,2.1334699404495807,2.798276939002846,1.773968030307376,0.2648749546595169,1.3968827957093226,-2.29121215775214,-0.3107268567286141
12.0,234.0,1004.1648559570312,-3.463539278031812,-4.726022329517799,-1.436315800626108,2.1334699404495807,2.79829013210366,1.7739708518664263,0.2648749546595169,1.3968827957093226,-2.291212141748269,-0.310750040716398
12.0,234.0,1004.1648559570312,-3.4635392780373344,-4.726022220337332,-1.436315800766426,2.1334699404495807,2.7982769391442104,1.773968030307376,0.2648749546595169,1.3968827957093226,-2.29121215774426,-0.3107268567286141
12.0,234.0,1004.1648559570312,-3.463539278044658,-4.726022322164558,-1.436315800626108,2.1334699404495807,2.79829013210366,1.7739708518664263,0.2648749546595169,1.3968827957093226,-2.291212141748269,-0.3107048342775853
12.0,234.0,1004.1648559570312,-3.46353927765338,-4.726022082439355,-1.436315800615471,2.1334699404495807,2.798291582710727,1.7739687691259802,0.2648749546595293,1.3968827957093226,-2.2912121366029936,-0.3107153403628903
12.0,234.0,1004.1648559570312,-3.463539277995656,-4.726022100729972,-1.4363158007657773,2.1334699404495807,2.798276964231978,1.773968030307376,0.2648749546595169,1.3968827957093226,-2.2912121577442064,-0.3107267982730504
12.0,234.0,1004.1648559570312,-3.463539278014764,-4.726022100729972,-1.4363158007664143,2.1334699404495807,2.7982769635979667,1.773968030307376,0.2648749546595169,1.3968827957093226,-2.2912121577442064,-0.3107267982730504
12.0,234.0,1004.1648559570312,-3.4635392780415875,-4.726022570937718,-1.4363158007661352,2.1334699404495807,2.798276272434352,1.7739680053708071,0.2648749546595169,1.3968827957093226,-2.29121215737983,-0.3107267517367307
12.0,234.0,1004.1648559570312,-3.46353929020849,-4.726022051862871,-1.4363158007678245,2.1334699404495807,2.7982758520803626,1.7739679954558627,0.2648749546595169,1.3968827957093226,-2.2912121577570965,-0.3107268567286141
12.0,234.0,1004.1648559570312,-3.4635392780367984,-4.726022220314823,-1.4363158007657888,2.1334699404495807,2.7982769635979667,1.773968030307376,0.2648749546595169,1.3968827957093226,-2.29121215774426,-0.3107300201795661
12.0,234.0,1004.1648559570312,-3.463539278034765,-4.726022329517799,-1.4363158007772938,2.1334699404495807,2.79827690712146,1.773967845093527,0.2648749546595169,1.3968827957093226,-2.291212141748269,-0.3107498015202176
12.0,234.0,1004.1648559570312,-3.463539278047948,-4.726022230928764,-1.436315800625758,2.1334699404495807,2.79829013210366,1.7739708518664263,0.2648749546595169,1.3968827957093226,-2.291212141748269,-0.3107048342775853
12.0,234.0,1004.1648559570312,-3.463539278044491,-4.726022616221848,-1.4363158007702348,2.1334699404495807,2.798277092077448,1.773967957513847,0.2648749546595169,1.3968827957093226,-2.291212157461285,-0.3107269066153028
12.0,234.0,1004.1648559570312,-3.4635392780367984,-4.726022096807932,-1.43631580076641,2.1334699404495807,2.798276965077295,1.773968030307376,0.2648749546595169,1.3968827957093226,-2.291212157764721,-0.3107160363057482
12.0,234.0,1004.1648559570312,-3.4635392776519094,-4.726022082470412,-1.436315800615471,2.1334699404495807,2.7982918449547163,1.7739680491206855,0.2648749546595297,1.3968827957093226,-2.291212156636879,-0.3107153403628903
12.0,234.0,1004.1648559570312,-3.4635392780367984,-4.726022100729972,-1.4363158007664143,2.1334699404495807,2.7982769635979667,1.773968030307376,0.2648749546595169,1.3968827957093226,-2.2912121577442064,-0.3107267982730504
12.0,234.0,1004.1648559570312,-3.463539278027753,-4.726022575162048,-1.4363158007431265,2.1334699404495807,2.798275209828888,1.7739680053708071,0.2648749546595169,1.3968827957093226,-2.29121215737983,-0.3107494385294826
12.0,234.0,1004.1648559570312,-3.4635392780367984,-4.726022220337332,-1.4363158007657888,2.1334699404495807,2.7982769635979667,1.773968030307376,0.2648749546595169,1.3968827957093226,-2.29121215774426,-0.3107268567286141
12.0,234.0,1004.1648559570312,-3.4635392775530405,-4.726022100729972,-1.436315800743449,2.1334699404495807,2.7982769635979667,1.773968030307376,0.2648749546595169,1.3968827957093226,-2.2912121577442064,-0.3107296412250591
12.0,234.0,1004.1648559570312,-3.46353927754584,-4.72602208197731,-1.4363158007657852,2.1334699404495807,2.798276701353977,1.7739687503126702,0.2648749546595166,1.3968827957093226,-2.291212137710375,-0.3107268567286141
12.0,234.0,1004.1648559570312,-3.4635392775618885,-4.726022325293469,-1.4363158006261514,2.1334699404495807,2.798291194709124,1.7739708518664263,0.2648749546595169,1.3968827957093226,-2.291212141748269,-0.3107301968756547
12.0,234.0,1004.1648559570312,-3.4635392780367984,-4.726022619869302,-1.4363158007657888,2.1334699404495807,2.7982769635979667,1.7739679591318511,0.2648749546595169,1.3968827957093226,-2.29121215774426,-0.3107300201795661
12.0,234.0,1004.1648559570312,-3.463539277559192,-4.726022100481225,-1.4363158007657852,2.1334699404495807,2.798276702218564,1.7739680091904868,0.2648749546595166,1.3968827957093226,-2.291212137710375,-0.3107268567286141
12.0,234.0,1004.1648559570312,-3.463539278036677,-4.726022053832428,-1.4363158007664143,2.1334699404495807,2.7982769635979667,1.7739680049275963,0.2648749546595169,1.3968827957093226,-2.29121215772886,-0.3107267982730504
12.0,234.0,1004.1648559570312,-3.463539277771547,-4.726022228448254,-1.4363158007657888,2.1334699404495807,2.7982783329543497,1.773968030307376,0.2648749546595169,1.3968827957093226,-2.29121215774426,-0.3107271713302728
12.0,234.0,1004.1648559570312,-3.463539278047948,-4.726022235831008,-1.436315800625758,2.1334699404495807,2.79829013210366,1.7739708518664263,0.2648749546595169,1.3968827957093226,-2.291212141748269,-0.3107048342775853
12.0,234.0,1004.1648559570312,-3.4635392780367984,-4.726022220337332,-1.4363158007657888,2.1334699404495807,2.7982769635979667,1.773968030307376,0.2648749546595169,1.3968827957093226,-2.29121215774426,-0.3107268562336643
12.0,234.0,1004.1648559570312,-3.463539278010474,-4.726022226630325,-1.4363158007431691,2.1334699404495807,2.798276457492167,1.7739680302442815,0.2648749546595169,1.3968827957093226,-2.291212157389966,-0.3107143512429479
12.0,234.0,1004.1648559570312,-3.4635392780415875,-4.726022336531944,-1.4363158007661352,2.1334699404495807,2.7982765007550103,1.7739680149395385,0.2648749546595169,1.3968827957093226,-2.291212157257456,-0.3107267517367307
12.0,234.0,1004.1648559570312,-3.4635392780367984,-4.726022220337332,-1.4363158007657888,2.1334699404495807,2.7982769635979667,1.773968030307376,0.2648749546595169,1.3968827957093226,-2.29121215774426,-0.3107268567286141
12.0,234.0,1004.1648559570312,-3.4635392780417167,-4.726022082008367,-1.4363158007664103,2.1334699404495807,2.7982769635979667,1.773968030307376,0.2648749546595169,1.3968827957093226,-2.29121215774426,-0.3107268567286141
12.0,234.0,1004.1648559570312,-3.463539278044491,-4.726022616221848,-1.4363158007702348,2.1334699404495807,2.798277092077448,1.773967957513847,0.2648749546595169,1.3968827957093226,-2.291212157461285,-0.3107269066153028
12.0,234.0,1004.1648559570312,-3.463539278044491,-4.72602221666737,-1.4363158007702348,2.1334699404495807,2.798277092077448,1.7739680286893718,0.2648749546595169,1.3968827957093226,-2.291212157461285,-0.3107269066153028
12.0,234.0,1004.1648559570312,-3.4635392780373344,-4.72602162042625,-1.436315800766426,2.1334699404495807,2.7982769375182737,1.773968858338009,0.2648749546595169,1.3968827957093226,-2.29121215774426,-0.3107268567286141
12.0,234.0,1004.1648559570312,-3.463539278044658,-4.726022746606636,-1.436315800626108,2.1334699404495807,2.79829013210366,1.7739680140395864,0.2648749546595169,1.3968827957093226,-2.2912121417979194,-0.3107262746796668
12.0,234.0,1004.1648559570312,-3.463539277995656,-4.726022100729972,-1.4363158007657773,2.1334699404495807,2.798276964231978,1.773968030307376,0.2648749546595169,1.3968827957093226,-2.2912121577442064,-0.3107267982730504
12.0,234.0,1004.1648559570312,-3.4635392780278744,-4.726022622059593,-1.4363158007431265,2.1334699404495807,2.798275209828888,1.7739680307505865,0.2648749546595169,1.3968827957093226,-2.291212157395177,-0.3107494385294826
12.0,234.0,1004.1648559570312,-3.463539278047948,-4.726022230928764,-1.4363158007409782,2.1334699404495807,2.79829013210366,1.7739708518664263,0.2648749546595169,1.3968827957093226,-2.291212141748269,-0.3107048342775853
12.0,234.0,1004.1648559570312,-3.4635392780367984,-4.726022100729972,-1.4363158007664143,2.1334699404495807,2.7982769635979667,1.773968030307376,0.2648749546595169,1.3968827957093226,-2.291212157744013,-0.3107267982730504
12.0,234.0,1004.1648559570312,-3.4635392902622293,-4.726022071918471,-1.436315800615471,2.1334699404495807,2.798290213354344,1.7739687691259802,0.2648749546595293,1.3968827957093226,-2.291212136540837,-0.3107150257612316
12.0,235.0,1004.1648559570312,-3.4635392780367984,-4.726022096807932,-1.43631580076641,2.1334699404495807,2.7982769635979667,1.773968030307376,0.2648749546595169,1.3968827957093226,-2.29121215776467,-0.3107166211535003
12.0,235.0,1004.1648559570312,-3.4635392780367984,-4.726022220337332,-1.4363158007657888,2.1334699404495807,2.7982769635979667,1.773968030307376,0.2648749546595169,1.3968827957093226,-2.29121215774426,-0.3107268567286141
12.0,235.0,1004.1648559570312,-3.4635392780367984,-4.726022220337332,-1.4363158007657888,2.1334699404495807,2.7982769635979667,1.773968030307376,0.2648749546595169,1.3968827957093226,-2.29121215774426,-0.3107268567286141
12.0,235.0,1004.1648559570312,-3.4635392780367984,-4.726022096807932,-1.43631580076641,2.1334699404495807,2.7982769635979667,1.773968030307376,0.2648749546595169,1.3968827957093226,-2.29121215776467,-0.3107160363057482
12.0,235.0,1004.1648559570312,-3.4635392780367984,-4.726022100729972,-1.4363158007664143,2.1334699404495807,2.7982769635979667,1.773968030307376,0.2648749546595169,1.3968827957093226,-2.2912121577442064,-0.3107267982730504
12.0,235.0,1004.1648559570312,-3.463539277996192,-4.726022220337332,-1.4363158007657888,2.1334699404495807,2.798276939778221,1.773968030307376,0.2648749546595169,1.3968827957093226,-2.29121215774426,-0.3107268567286141
12.0,235.0,1004.1648559570312,-3.463539277544369,-4.726022082008367,-1.4363158007657852,2.1334699404495807,2.7982769635979667,1.773968030307376,0.2648749546595169,1.3968827957093226,-2.29121215774426,-0.3107268567286141
12.0,235.0,1004.1648559570312,-3.4635392899969784,-4.726022080029392,-1.436315800615471,2.1334699404495807,2.798291582710727,1.7739687691259802,0.2648749546595293,1.3968827957093226,-2.291212136540837,-0.3107153403628903
12.0,235.0,1004.1648559570312,-3.46353927755801,-4.726022100623873,-1.43631580076641,2.1334699404495807,2.7982769635979667,1.773968030307376,0.2648749546595169,1.3968827957093226,-2.2912121579976645,-0.3107396545896154
12.0,235.0,1004.1648559570312,-3.463539277557829,-4.726022570937718,-1.4363158007431696,2.1334699404495807,2.798276272434352,1.7739680053708071,0.2648749546595169,1.3968827957093226,-2.29121215737983,-0.3107295946887394
12.0,235.0,1004.1648559570312,-3.46353927803752,-4.726022220337332,-1.4363158007657888,2.1334699404495807,2.798276939002846,1.773968030307376,0.2648749546595169,1.3968827957093226,-2.29121215775214,-0.3107268567286141
12.0,235.0,1004.1648559570312,-3.463539278031812,-4.726022329517799,-1.436315800626108,2.1334699404495807,2.79829013210366,1.7739708518664263,0.2648749546595169,1.3968827957093226,-2.291212141748269,-0.310750040716398
12.0,235.0,1004.1648559570312,-3.4635392780373344,-4.726022220337332,-1.436315800766426,2.1334699404495807,2.7982769391442104,1.773968030307376,0.2648749546595169,1.3968827957093226,-2.29121215774426,-0.3107268567286141
12.0,235.0,1004.1648559570312,-3.463539278044658,-4.726022322164558,-1.436315800626108,2.1334699404495807,2.79829013210366,1.7739708518664263,0.2648749546595169,1.3968827957093226,-2.291212141748269,-0.3107048342775853
12.0,235.0,1004.1648559570312,-3.46353927765338,-4.726022082439355,-1.436315800615471,2.1334699404495807,2.798291582710727,1.7739687691259802,0.2648749546595293,1.3968827957093226,-2.2912121366029936,-0.3107153403628903
12.0,235.0,1004.1648559570312,-3.463539277995656,-4.726022100729972,-1.4363158007657773,2.1334699404495807,2.798276964231978,1.773968030307376,0.2648749546595169,1.3968827957093226,-2.2912121577442064,-0.3107267982730504
12.0,235.0,1004.1648559570312,-3.463539278014764,-4.726022100729972,-1.4363158007664143,2.1334699404495807,2.7982769635979667,1.773968030307376,0.2648749546595169,1.3968827957093226,-2.2912121577442064,-0.3107267982730504
12.0,235.0,1004.1648559570312,-3.4635392780415875,-4.726022570937718,-1.4363158007661352,2.1334699404495807,2.798276272434352,1.7739680053708071,0.2648749546595169,1.3968827957093226,-2.29121215737983,-0.3107267517367307
12.0,235.0,1004.1648559570312,-3.46353929020849,-4.726022051862871,-1.4363158007678245,2.1334699404495807,2.7982758520803626,1.7739679954558627,0.2648749546595169,1.3968827957093226,-2.2912121577570965,-0.3107268567286141
12.0,235.0,1004.1648559570312,-3.4635392780367984,-4.726022220314823,-1.4363158007657888,2.1334699404495807,2.7982769635979667,1.773968030307376,0.2648749546595169,1.3968827957093226,-2.29121215774426,-0.3107300201795661
12.0,235.0,1004.1648559570312,-3.463539278034765,-4.726022329517799,-1.4363158007772938,2.1334699404495807,2.79827690712146,1.773967845093527,0.2648749546595169,1.3968827957093226,-2.291212141748269,-0.3107498015202176
12.0,235.0,1004.1648559570312,-3.463539278047948,-4.726022230928764,-1.436315800625758,2.1334699404495807,2.79829013210366,1.7739708518664263,0.2648749546595169,1.3968827957093226,-2.291212141748269,-0.3107048342775853
12.0,235.0,1004.1648559570312,-3.463539278044491,-4.726022616221848,-1.4363158007702348,2.1334699404495807,2.798277092077448,1.773967957513847,0.2648749546595169,1.3968827957093226,-2.291212157461285,-0.3107269066153028
12.0,235.0,1004.1648559570312,-3.4635392780367984,-4.726022096807932,-1.43631580076641,2.1334699404495807,2.798276965077295,1.773968030307376,0.2648749546595169,1.3968827957093226,-2.291212157764721,-0.3107160363057482
12.0,235.0,1004.1648559570312,-3.4635392776519094,-4.726022082470412,-1.436315800615471,2.1334699404495807,2.7982918449547163,1.7739680491206855,0.2648749546595297,1.3968827957093226,-2.291212156636879,-0.3107153403628903
12.0,235.0,1004.1648559570312,-3.4635392780367984,-4.726022100729972,-1.4363158007664143,2.1334699404495807,2.7982769635979667,1.773968030307376,0.2648749546595169,1.3968827957093226,-2.2912121577442064,-0.3107267982730504
12.0,235.0,1004.1648559570312,-3.463539278027753,-4.726022575162048,-1.4363158007431265,2.1334699404495807,2.798275209828888,1.7739680053708071,0.2648749546595169,1.3968827957093226,-2.29121215737983,-0.3107494385294826
12.0,235.0,1004.1648559570312,-3.4635392780367984,-4.726022220337332,-1.4363158007657888,2.1334699404495807,2.7982769635979667,1.773968030307376,0.2648749546595169,1.3968827957093226,-2.29121215774426,-0.3107268567286141
12.0,235.0,1004.1648559570312,-3.4635392775530405,-4.726022100729972,-1.436315800743449,2.1334699404495807,2.7982769635979667,1.773968030307376,0.2648749546595169,1.3968827957093226,-2.2912121577442064,-0.3107296412250591
12.0,235.0,1004.1648559570312,-3.46353927754584,-4.72602208197731,-1.4363158007657852,2.1334699404495807,2.798276701353977,1.7739687503126702,0.2648749546595166,1.3968827957093226,-2.291212137710375,-0.3107268567286141
12.0,235.0,1004.1648559570312,-3.4635392775618885,-4.726022325293469,-1.4363158006261514,2.1334699404495807,2.798291194709124,1.7739708518664263,0.2648749546595169,1.3968827957093226,-2.291212141748269,-0.3107301968756547
12.0,235.0,1004.1648559570312,-3.4635392780367984,-4.726022619869302,-1.4363158007657888,2.1334699404495807,2.7982769635979667,1.7739679591318511,0.2648749546595169,1.3968827957093226,-2.29121215774426,-0.3107300201795661
12.0,235.0,1004.1648559570312,-3.463539277559192,-4.726022100481225,-1.4363158007657852,2.1334699404495807,2.798276702218564,1.7739680091904868,0.2648749546595166,1.3968827957093226,-2.291212137710375,-0.3107268567286141
12.0,235.0,1004.1648559570312,-3.463539278036677,-4.726022053832428,-1.4363158007664143,2.1334699404495807,2.7982769635979667,1.7739680049275963,0.2648749546595169,1.3968827957093226,-2.29121215772886,-0.3107267982730504
12.0,235.0,1004.1648559570312,-3.463539277771547,-4.726022228448254,-1.4363158007657888,2.1334699404495807,2.7982783329543497,1.773968030307376,0.2648749546595169,1.3968827957093226,-2.29121215774426,-0.3107271713302728
12.0,235.0,1004.1648559570312,-3.463539278047948,-4.726022235831008,-1.436315800625758,2.1334699404495807,2.79829013210366,1.7739708518664263,0.2648749546595169,1.3968827957093226,-2.291212141748269,-0.3107048342775853
12.0,235.0,1004.1648559570312,-3.4635392780367984,-4.726022220337332,-1.4363158007657888,2.1334699404495807,2.7982769635979667,1.773968030307376,0.2648749546595169,1.3968827957093226,-2.29121215774426,-0.3107268562336643
12.0,235.0,1004.1648559570312,-3.463539278010474,-4.726022226630325,-1.4363158007431691,2.1334699404495807,2.798276457492167,1.7739680302442815,0.2648749546595169,1.3968827957093226,-2.291212157389966,-0.3107143512429479
12.0,235.0,1004.1648559570312,-3.4635392780415875,-4.726022336531944,-1.4363158007661352,2.1334699404495807,2.7982765007550103,1.7739680149395385,0.2648749546595169,1.3968827957093226,-2.291212157257456,-0.3107267517367307
12.0,235.0,1004.1648559570312,-3.4635392780367984,-4.726022220337332,-1.4363158007657888,2.1334699404495807,2.7982769635979667,1.773968030307376,0.2648749546595169,1.3968827957093226,-2.29121215774426,-0.3107268567286141
12.0,235.0,1004.1648559570312,-3.4635392780417167,-4.726022082008367,-1.4363158007664103,2.1334699404495807,2.7982769635979667,1.773968030307376,0.2648749546595169,1.3968827957093226,-2.29121215774426,-0.3107268567286141
12.0,235.0,1004.1648559570312,-3.463539278044491,-4.726022616221848,-1.4363158007702348,2.1334699404495807,2.798277092077448,1.773967957513847,0.2648749546595169,1.3968827957093226,-2.291212157461285,-0.3107269066153028
12.0,235.0,1004.1648559570312,-3.463539278044491,-4.72602221666737,-1.4363158007702348,2.1334699404495807,2.798277092077448,1.7739680286893718,0.2648749546595169,1.3968827957093226,-2.291212157461285,-0.3107269066153028
12.0,235.0,1004.1648559570312,-3.4635392780373344,-4.72602162042625,-1.436315800766426,2.1334699404495807,2.7982769375182737,1.773968858338009,0.2648749546595169,1.3968827957093226,-2.29121215774426,-0.3107268567286141
12.0,235.0,1004.1648559570312,-3.463539278044658,-4.726022746606636,-1.436315800626108,2.1334699404495807,2.79829013210366,1.7739680140395864,0.2648749546595169,1.3968827957093226,-2.2912121417979194,-0.3107262746796668
12.0,235.0,1004.1648559570312,-3.463539277995656,-4.726022100729972,-1.4363158007657773,2.1334699404495807,2.798276964231978,1.773968030307376,0.2648749546595169,1.3968827957093226,-2.2912121577442064,-0.3107267982730504
12.0,235.0,1004.1648559570312,-3.4635392780278744,-4.726022622059593,-1.4363158007431265,2.1334699404495807,2.798275209828888,1.7739680307505865,0.2648749546595169,1.3968827957093226,-2.291212157395177,-0.3107494385294826
12.0,235.0,1004.1648559570312,-3.463539278047948,-4.726022230928764,-1.4363158007409782,2.1334699404495807,2.79829013210366,1.7739708518664263,0.2648749546595169,1.3968827957093226,-2.291212141748269,-0.3107048342775853
12.0,235.0,1004.1648559570312,-3.4635392780367984,-4.726022100729972,-1.4363158007664143,2.1334699404495807,2.7982769635979667,1.773968030307376,0.2648749546595169,1.3968827957093226,-2.291212157744013,-0.3107267982730504
12.0,235.0,1004.1648559570312,-3.4635392902622293,-4.726022071918471,-1.436315800615471,2.1334699404495807,2.798290213354344,1.7739687691259802,0.2648749546595293,1.3968827957093226,-2.291212136540837,-0.3107150257612316
12.0,236.0,1004.1648559570312,-3.4635392780367984,-4.726022096807932,-1.43631580076641,2.1334699404495807,2.7982769635979667,1.773968030307376,0.2648749546595169,1.3968827957093226,-2.29121215776467,-0.3107166211535003
12.0,236.0,1004.1648559570312,-3.4635392780367984,-4.726022220337332,-1.4363158007657888,2.1334699404495807,2.7982769635979667,1.773968030307376,0.2648749546595169,1.3968827957093226,-2.29121215774426,-0.3107268567286141
12.0,236.0,1004.1648559570312,-3.4635392780367984,-4.726022220337332,-1.4363158007657888,2.1334699404495807,2.7982769635979667,1.773968030307376,0.2648749546595169,1.3968827957093226,-2.29121215774426,-0.3107268567286141
12.0,236.0,1004.1648559570312,-3.4635392780367984,-4.726022096807932,-1.43631580076641,2.1334699404495807,2.7982769635979667,1.773968030307376,0.2648749546595169,1.3968827957093226,-2.29121215776467,-0.3107160363057482
12.0,236.0,1004.1648559570312,-3.4635392780367984,-4.726022100729972,-1.4363158007664143,2.1334699404495807,2.7982769635979667,1.773968030307376,0.2648749546595169,1.3968827957093226,-2.2912121577442064,-0.3107267982730504
12.0,236.0,1004.1648559570312,-3.463539277996192,-4.726022220337332,-1.4363158007657888,2.1334699404495807,2.798276939778221,1.773968030307376,0.2648749546595169,1.3968827957093226,-2.29121215774426,-0.3107268567286141
12.0,236.0,1004.1648559570312,-3.463539277544369,-4.726022082008367,-1.4363158007657852,2.1334699404495807,2.7982769635979667,1.773968030307376,0.2648749546595169,1.3968827957093226,-2.29121215774426,-0.3107268567286141
12.0,236.0,1004.1648559570312,-3.4635392899969784,-4.726022080029392,-1.436315800615471,2.1334699404495807,2.798291582710727,1.7739687691259802,0.2648749546595293,1.3968827957093226,-2.291212136540837,-0.3107153403628903
12.0,236.0,1004.1648559570312,-3.46353927755801,-4.726022100623873,-1.43631580076641,2.1334699404495807,2.7982769635979667,1.773968030307376,0.2648749546595169,1.3968827957093226,-2.2912121579976645,-0.3107396545896154
12.0,236.0,1004.1648559570312,-3.463539277557829,-4.726022570937718,-1.4363158007431696,2.1334699404495807,2.798276272434352,1.7739680053708071,0.2648749546595169,1.3968827957093226,-2.29121215737983,-0.3107295946887394
12.0,236.0,1004.1648559570312,-3.46353927803752,-4.726022220337332,-1.4363158007657888,2.1334699404495807,2.798276939002846,1.773968030307376,0.2648749546595169,1.3968827957093226,-2.29121215775214,-0.3107268567286141
12.0,236.0,1004.1648559570312,-3.463539278031812,-4.726022329517799,-1.436315800626108,2.1334699404495807,2.79829013210366,1.7739708518664263,0.2648749546595169,1.3968827957093226,-2.291212141748269,-0.310750040716398
12.0,236.0,1004.1648559570312,-3.4635392780373344,-4.726022220337332,-1.436315800766426,2.1334699404495807,2.7982769391442104,1.773968030307376,0.2648749546595169,1.3968827957093226,-2.29121215774426,-0.3107268567286141
12.0,236.0,1004.1648559570312,-3.463539278044658,-4.726022322164558,-1.436315800626108,2.1334699404495807,2.79829013210366,1.7739708518664263,0.2648749546595169,1.3968827957093226,-2.291212141748269,-0.3107048342775853
12.0,236.0,1004.1648559570312,-3.46353927765338,-4.726022082439355,-1.436315800615471,2.1334699404495807,2.798291582710727,1.7739687691259802,0.2648749546595293,1.3968827957093226,-2.2912121366029936,-0.3107153403628903
12.0,236.0,1004.1648559570312,-3.463539277995656,-4.726022100729972,-1.4363158007657773,2.1334699404495807,2.798276964231978,1.773968030307376,0.2648749546595169,1.3968827957093226,-2.2912121577442064,-0.3107267982730504
12.0,236.0,1004.1648559570312,-3.463539278014764,-4.726022100729972,-1.4363158007664143,2.1334699404495807,2.7982769635979667,1.773968030307376,0.2648749546595169,1.3968827957093226,-2.2912121577442064,-0.3107267982730504
12.0,236.0,1004.1648559570312,-3.4635392780415875,-4.726022570937718,-1.4363158007661352,2.1334699404495807,2.798276272434352,1.7739680053708071,0.2648749546595169,1.3968827957093226,-2.29121215737983,-0.3107267517367307
12.0,236.0,1004.1648559570312,-3.46353929020849,-4.726022051862871,-1.4363158007678245,2.1334699404495807,2.7982758520803626,1.7739679954558627,0.2648749546595169,1.3968827957093226,-2.2912121577570965,-0.3107268567286141
12.0,236.0,1004.1648559570312,-3.4635392780367984,-4.726022220314823,-1.4363158007657888,2.1334699404495807,2.7982769635979667,1.773968030307376,0.2648749546595169,1.3968827957093226,-2.29121215774426,-0.3107300201795661
12.0,236.0,1004.1648559570312,-3.463539278034765,-4.726022329517799,-1.4363158007772938,2.1334699404495807,2.79827690712146,1.773967845093527,0.2648749546595169,1.3968827957093226,-2.291212141748269,-0.3107498015202176
12.0,236.0,1004.1648559570312,-3.463539278047948,-4.726022230928764,-1.436315800625758,2.1334699404495807,2.79829013210366,1.7739708518664263,0.2648749546595169,1.3968827957093226,-2.291212141748269,-0.3107048342775853
12.0,236.0,1004.1648559570312,-3.463539278044491,-4.726022616221848,-1.4363158007702348,2.1334699404495807,2.798277092077448,1.773967957513847,0.2648749546595169,1.3968827957093226,-2.291212157461285,-0.3107269066153028
12.0,236.0,1004.1648559570312,-3.4635392780367984,-4.726022096807932,-1.43631580076641,2.1334699404495807,2.798276965077295,1.773968030307376,0.2648749546595169,1.3968827957093226,-2.291212157764721,-0.3107160363057482
12.0,236.0,1004.1648559570312,-3.4635392776519094,-4.726022082470412,-1.436315800615471,2.1334699404495807,2.7982918449547163,1.7739680491206855,0.2648749546595297,1.3968827957093226,-2.291212156636879,-0.3107153403628903
12.0,236.0,1004.1648559570312,-3.4635392780367984,-4.726022100729972,-1.4363158007664143,2.1334699404495807,2.7982769635979667,1.773968030307376,0.2648749546595169,1.3968827957093226,-2.2912121577442064,-0.3107267982730504
12.0,236.0,1004.1648559570312,-3.463539278027753,-4.726022575162048,-1.4363158007431265,2.1334699404495807,2.798275209828888,1.7739680053708071,0.2648749546595169,1.3968827957093226,-2.29121215737983,-0.3107494385294826
12.0,236.0,1004.1648559570312,-3.4635392780367984,-4.726022220337332,-1.4363158007657888,2.1334699404495807,2.7982769635979667,1.773968030307376,0.2648749546595169,1.3968827957093226,-2.29121215774426,-0.3107268567286141
12.0,236.0,1004.1648559570312,-3.4635392775530405,-4.726022100729972,-1.436315800743449,2.1334699404495807,2.7982769635979667,1.773968030307376,0.2648749546595169,1.3968827957093226,-2.2912121577442064,-0.3107296412250591
12.0,236.0,1004.1648559570312,-3.46353927754584,-4.72602208197731,-1.4363158007657852,2.1334699404495807,2.798276701353977,1.7739687503126702,0.2648749546595166,1.3968827957093226,-2.291212137710375,-0.3107268567286141
12.0,236.0,1004.1648559570312,-3.4635392775618885,-4.726022325293469,-1.4363158006261514,2.1334699404495807,2.798291194709124,1.7739708518664263,0.2648749546595169,1.3968827957093226,-2.291212141748269,-0.3107301968756547
12.0,236.0,1004.1648559570312,-3.4635392780367984,-4.726022619869302,-1.4363158007657888,2.1334699404495807,2.7982769635979667,1.7739679591318511,0.2648749546595169,1.3968827957093226,-2.29121215774426,-0.3107300201795661
12.0,236.0,1004.1648559570312,-3.463539277559192,-4.726022100481225,-1.4363158007657852,2.1334699404495807,2.798276702218564,1.7739680091904868,0.2648749546595166,1.3968827957093226,-2.291212137710375,-0.3107268567286141
12.0,236.0,1004.1648559570312,-3.463539278036677,-4.726022053832428,-1.4363158007664143,2.1334699404495807,2.7982769635979667,1.7739680049275963,0.2648749546595169,1.3968827957093226,-2.29121215772886,-0.3107267982730504
12.0,236.0,1004.1648559570312,-3.463539277771547,-4.726022228448254,-1.4363158007657888,2.1334699404495807,2.7982783329543497,1.773968030307376,0.2648749546595169,1.3968827957093226,-2.29121215774426,-0.3107271713302728
12.0,236.0,1004.1648559570312,-3.463539278047948,-4.726022235831008,-1.436315800625758,2.1334699404495807,2.79829013210366,1.7739708518664263,0.2648749546595169,1.3968827957093226,-2.291212141748269,-0.3107048342775853
12.0,236.0,1004.1648559570312,-3.4635392780367984,-4.726022220337332,-1.4363158007657888,2.1334699404495807,2.7982769635979667,1.773968030307376,0.2648749546595169,1.3968827957093226,-2.29121215774426,-0.3107268562336643
12.0,236.0,1004.1648559570312,-3.463539278010474,-4.726022226630325,-1.4363158007431691,2.1334699404495807,2.798276457492167,1.7739680302442815,0.2648749546595169,1.3968827957093226,-2.291212157389966,-0.3107143512429479
12.0,236.0,1004.1648559570312,-3.4635392780415875,-4.726022336531944,-1.4363158007661352,2.1334699404495807,2.7982765007550103,1.7739680149395385,0.2648749546595169,1.3968827957093226,-2.291212157257456,-0.3107267517367307
12.0,236.0,1004.1648559570312,-3.4635392780367984,-4.726022220337332,-1.4363158007657888,2.1334699404495807,2.7982769635979667,1.773968030307376,0.2648749546595169,1.3968827957093226,-2.29121215774426,-0.3107268567286141
12.0,236.0,1004.1648559570312,-3.4635392780417167,-4.726022082008367,-1.4363158007664103,2.1334699404495807,2.7982769635979667,1.773968030307376,0.2648749546595169,1.3968827957093226,-2.29121215774426,-0.3107268567286141
12.0,236.0,1004.1648559570312,-3.463539278044491,-4.726022616221848,-1.4363158007702348,2.1334699404495807,2.798277092077448,1.773967957513847,0.2648749546595169,1.3968827957093226,-2.291212157461285,-0.3107269066153028
12.0,236.0,1004.1648559570312,-3.463539278044491,-4.72602221666737,-1.4363158007702348,2.1334699404495807,2.798277092077448,1.7739680286893718,0.2648749546595169,1.3968827957093226,-2.291212157461285,-0.3107269066153028
12.0,236.0,1004.1648559570312,-3.4635392780373344,-4.72602162042625,-1.436315800766426,2.1334699404495807,2.7982769375182737,1.773968858338009,0.2648749546595169,1.3968827957093226,-2.29121215774426,-0.3107268567286141
12.0,236.0,1004.1648559570312,-3.463539278044658,-4.726022746606636,-1.436315800626108,2.1334699404495807,2.79829013210366,1.7739680140395864,0.2648749546595169,1.3968827957093226,-2.2912121417979194,-0.3107262746796668
12.0,236.0,1004.1648559570312,-3.463539277995656,-4.726022100729972,-1.4363158007657773,2.1334699404495807,2.798276964231978,1.773968030307376,0.2648749546595169,1.3968827957093226,-2.2912121577442064,-0.3107267982730504
12.0,236.0,1004.1648559570312,-3.4635392780278744,-4.726022622059593,-1.4363158007431265,2.1334699404495807,2.798275209828888,1.7739680307505865,0.2648749546595169,1.3968827957093226,-2.291212157395177,-0.3107494385294826
12.0,236.0,1004.1648559570312,-3.463539278047948,-4.726022230928764,-1.4363158007409782,2.1334699404495807,2.79829013210366,1.7739708518664263,0.2648749546595169,1.3968827957093226,-2.291212141748269,-0.3107048342775853
12.0,236.0,1004.1648559570312,-3.4635392780367984,-4.726022100729972,-1.4363158007664143,2.1334699404495807,2.7982769635979667,1.773968030307376,0.2648749546595169,1.3968827957093226,-2.291212157744013,-0.3107267982730504
12.0,236.0,1004.1648559570312,-3.4635392902622293,-4.726022071918471,-1.436315800615471,2.1334699404495807,2.798290213354344,1.7739687691259802,0.2648749546595293,1.3968827957093226,-2.291212136540837,-0.3107150257612316
12.0,237.0,1004.1648559570312,-3.4635392780367984,-4.726022096807932,-1.43631580076641,2.1334699404495807,2.7982769635979667,1.773968030307376,0.2648749546595169,1.3968827957093226,-2.29121215776467,-0.3107166211535003
12.0,237.0,1004.1648559570312,-3.4635392780367984,-4.726022220337332,-1.4363158007657888,2.1334699404495807,2.7982769635979667,1.773968030307376,0.2648749546595169,1.3968827957093226,-2.29121215774426,-0.3107268567286141
12.0,237.0,1004.1648559570312,-3.4635392780367984,-4.726022220337332,-1.4363158007657888,2.1334699404495807,2.7982769635979667,1.773968030307376,0.2648749546595169,1.3968827957093226,-2.29121215774426,-0.3107268567286141
12.0,237.0,1004.1648559570312,-3.4635392780367984,-4.726022096807932,-1.43631580076641,2.1334699404495807,2.7982769635979667,1.773968030307376,0.2648749546595169,1.3968827957093226,-2.29121215776467,-0.3107160363057482
12.0,237.0,1004.1648559570312,-3.4635392780367984,-4.726022100729972,-1.4363158007664143,2.1334699404495807,2.7982769635979667,1.773968030307376,0.2648749546595169,1.3968827957093226,-2.2912121577442064,-0.3107267982730504
12.0,237.0,1004.1648559570312,-3.463539277996192,-4.726022220337332,-1.4363158007657888,2.1334699404495807,2.798276939778221,1.773968030307376,0.2648749546595169,1.3968827957093226,-2.29121215774426,-0.3107268567286141
12.0,237.0,1004.1648559570312,-3.463539277544369,-4.726022082008367,-1.4363158007657852,2.1334699404495807,2.7982769635979667,1.773968030307376,0.2648749546595169,1.3968827957093226,-2.29121215774426,-0.3107268567286141
12.0,237.0,1004.1648559570312,-3.4635392899969784,-4.726022080029392,-1.436315800615471,2.1334699404495807,2.798291582710727,1.7739687691259802,0.2648749546595293,1.3968827957093226,-2.291212136540837,-0.3107153403628903
12.0,237.0,1004.1648559570312,-3.46353927755801,-4.726022100623873,-1.43631580076641,2.1334699404495807,2.7982769635979667,1.773968030307376,0.2648749546595169,1.3968827957093226,-2.2912121579976645,-0.3107396545896154
12.0,237.0,1004.1648559570312,-3.463539277557829,-4.726022570937718,-1.4363158007431696,2.1334699404495807,2.798276272434352,1.7739680053708071,0.2648749546595169,1.3968827957093226,-2.29121215737983,-0.3107295946887394
12.0,237.0,1004.1648559570312,-3.46353927803752,-4.726022220337332,-1.4363158007657888,2.1334699404495807,2.798276939002846,1.773968030307376,0.2648749546595169,1.3968827957093226,-2.29121215775214,-0.3107268567286141
12.0,237.0,1004.1648559570312,-3.463539278031812,-4.726022329517799,-1.436315800626108,2.1334699404495807,2.79829013210366,1.7739708518664263,0.2648749546595169,1.3968827957093226,-2.291212141748269,-0.310750040716398
12.0,237.0,1004.1648559570312,-3.4635392780373344,-4.726022220337332,-1.436315800766426,2.1334699404495807,2.7982769391442104,1.773968030307376,0.2648749546595169,1.3968827957093226,-2.29121215774426,-0.3107268567286141
12.0,237.0,1004.1648559570312,-3.463539278044658,-4.726022322164558,-1.436315800626108,2.1334699404495807,2.79829013210366,1.7739708518664263,0.2648749546595169,1.3968827957093226,-2.291212141748269,-0.3107048342775853
12.0,237.0,1004.1648559570312,-3.46353927765338,-4.726022082439355,-1.436315800615471,2.1334699404495807,2.798291582710727,1.7739687691259802,0.2648749546595293,1.3968827957093226,-2.2912121366029936,-0.3107153403628903
12.0,237.0,1004.1648559570312,-3.463539277995656,-4.726022100729972,-1.4363158007657773,2.1334699404495807,2.798276964231978,1.773968030307376,0.2648749546595169,1.3968827957093226,-2.2912121577442064,-0.3107267982730504
12.0,237.0,1004.1648559570312,-3.463539278014764,-4.726022100729972,-1.4363158007664143,2.1334699404495807,2.7982769635979667,1.773968030307376,0.2648749546595169,1.3968827957093226,-2.2912121577442064,-0.3107267982730504
12.0,237.0,1004.1648559570312,-3.4635392780415875,-4.726022570937718,-1.4363158007661352,2.1334699404495807,2.798276272434352,1.7739680053708071,0.2648749546595169,1.3968827957093226,-2.29121215737983,-0.3107267517367307
12.0,237.0,1004.1648559570312,-3.46353929020849,-4.726022051862871,-1.4363158007678245,2.1334699404495807,2.7982758520803626,1.7739679954558627,0.2648749546595169,1.3968827957093226,-2.2912121577570965,-0.3107268567286141
12.0,237.0,1004.1648559570312,-3.4635392780367984,-4.726022220314823,-1.4363158007657888,2.1334699404495807,2.7982769635979667,1.773968030307376,0.2648749546595169,1.3968827957093226,-2.29121215774426,-0.3107300201795661
12.0,237.0,1004.1648559570312,-3.463539278034765,-4.726022329517799,-1.4363158007772938,2.1334699404495807,2.79827690712146,1.773967845093527,0.2648749546595169,1.3968827957093226,-2.291212141748269,-0.3107498015202176
12.0,237.0,1004.1648559570312,-3.463539278047948,-4.726022230928764,-1.436315800625758,2.1334699404495807,2.79829013210366,1.7739708518664263,0.2648749546595169,1.3968827957093226,-2.291212141748269,-0.3107048342775853
12.0,237.0,1004.1648559570312,-3.463539278044491,-4.726022616221848,-1.4363158007702348,2.1334699404495807,2.798277092077448,1.773967957513847,0.2648749546595169,1.3968827957093226,-2.291212157461285,-0.3107269066153028
12.0,237.0,1004.1648559570312,-3.4635392780367984,-4.726022096807932,-1.43631580076641,2.1334699404495807,2.798276965077295,1.773968030307376,0.2648749546595169,1.3968827957093226,-2.291212157764721,-0.3107160363057482
12.0,237.0,1004.1648559570312,-3.4635392776519094,-4.726022082470412,-1.436315800615471,2.1334699404495807,2.7982918449547163,1.7739680491206855,0.2648749546595297,1.3968827957093226,-2.291212156636879,-0.3107153403628903
12.0,237.0,1004.1648559570312,-3.4635392780367984,-4.726022100729972,-1.4363158007664143,2.1334699404495807,2.7982769635979667,1.773968030307376,0.2648749546595169,1.3968827957093226,-2.2912121577442064,-0.3107267982730504
12.0,237.0,1004.1648559570312,-3.463539278027753,-4.726022575162048,-1.4363158007431265,2.1334699404495807,2.798275209828888,1.7739680053708071,0.2648749546595169,1.3968827957093226,-2.29121215737983,-0.3107494385294826
12.0,237.0,1004.1648559570312,-3.4635392780367984,-4.726022220337332,-1.4363158007657888,2.1334699404495807,2.7982769635979667,1.773968030307376,0.2648749546595169,1.3968827957093226,-2.29121215774426,-0.3107268567286141
12.0,237.0,1004.1648559570312,-3.4635392775530405,-4.726022100729972,-1.436315800743449,2.1334699404495807,2.7982769635979667,1.773968030307376,0.2648749546595169,1.3968827957093226,-2.2912121577442064,-0.3107296412250591
12.0,237.0,1004.1648559570312,-3.46353927754584,-4.72602208197731,-1.4363158007657852,2.1334699404495807,2.798276701353977,1.7739687503126702,0.2648749546595166,1.3968827957093226,-2.291212137710375,-0.3107268567286141
12.0,237.0,1004.1648559570312,-3.4635392775618885,-4.726022325293469,-1.4363158006261514,2.1334699404495807,2.798291194709124,1.7739708518664263,0.2648749546595169,1.3968827957093226,-2.291212141748269,-0.3107301968756547
12.0,237.0,1004.1648559570312,-3.4635392780367984,-4.726022619869302,-1.4363158007657888,2.1334699404495807,2.7982769635979667,1.7739679591318511,0.2648749546595169,1.3968827957093226,-2.29121215774426,-0.3107300201795661
12.0,237.0,1004.1648559570312,-3.463539277559192,-4.726022100481225,-1.4363158007657852,2.1334699404495807,2.798276702218564,1.7739680091904868,0.2648749546595166,1.3968827957093226,-2.291212137710375,-0.3107268567286141
12.0,237.0,1004.1648559570312,-3.463539278036677,-4.726022053832428,-1.4363158007664143,2.1334699404495807,2.7982769635979667,1.7739680049275963,0.2648749546595169,1.3968827957093226,-2.29121215772886,-0.3107267982730504
12.0,237.0,1004.1648559570312,-3.463539277771547,-4.726022228448254,-1.4363158007657888,2.1334699404495807,2.7982783329543497,1.773968030307376,0.2648749546595169,1.3968827957093226,-2.29121215774426,-0.3107271713302728
12.0,237.0,1004.1648559570312,-3.463539278047948,-4.726022235831008,-1.436315800625758,2.1334699404495807,2.79829013210366,1.7739708518664263,0.2648749546595169,1.3968827957093226,-2.291212141748269,-0.3107048342775853
12.0,237.0,1004.1648559570312,-3.4635392780367984,-4.726022220337332,-1.4363158007657888,2.1334699404495807,2.7982769635979667,1.773968030307376,0.2648749546595169,1.3968827957093226,-2.29121215774426,-0.3107268562336643
12.0,237.0,1004.1648559570312,-3.463539278010474,-4.726022226630325,-1.4363158007431691,2.1334699404495807,2.798276457492167,1.7739680302442815,0.2648749546595169,1.3968827957093226,-2.291212157389966,-0.3107143512429479
12.0,237.0,1004.1648559570312,-3.4635392780415875,-4.726022336531944,-1.4363158007661352,2.1334699404495807,2.7982765007550103,1.7739680149395385,0.2648749546595169,1.3968827957093226,-2.291212157257456,-0.3107267517367307
12.0,237.0,1004.1648559570312,-3.4635392780367984,-4.726022220337332,-1.4363158007657888,2.1334699404495807,2.7982769635979667,1.773968030307376,0.2648749546595169,1.3968827957093226,-2.29121215774426,-0.3107268567286141
12.0,237.0,1004.1648559570312,-3.4635392780417167,-4.726022082008367,-1.4363158007664103,2.1334699404495807,2.7982769635979667,1.773968030307376,0.2648749546595169,1.3968827957093226,-2.29121215774426,-0.3107268567286141
12.0,237.0,1004.1648559570312,-3.463539278044491,-4.726022616221848,-1.4363158007702348,2.1334699404495807,2.798277092077448,1.773967957513847,0.2648749546595169,1.3968827957093226,-2.291212157461285,-0.3107269066153028
12.0,237.0,1004.1648559570312,-3.463539278044491,-4.72602221666737,-1.4363158007702348,2.1334699404495807,2.798277092077448,1.7739680286893718,0.2648749546595169,1.3968827957093226,-2.291212157461285,-0.3107269066153028
12.0,237.0,1004.1648559570312,-3.4635392780373344,-4.72602162042625,-1.436315800766426,2.1334699404495807,2.7982769375182737,1.773968858338009,0.2648749546595169,1.3968827957093226,-2.29121215774426,-0.3107268567286141
12.0,237.0,1004.1648559570312,-3.463539278044658,-4.726022746606636,-1.436315800626108,2.1334699404495807,2.79829013210366,1.7739680140395864,0.2648749546595169,1.3968827957093226,-2.2912121417979194,-0.3107262746796668
12.0,237.0,1004.1648559570312,-3.463539277995656,-4.726022100729972,-1.4363158007657773,2.1334699404495807,2.798276964231978,1.773968030307376,0.2648749546595169,1.3968827957093226,-2.2912121577442064,-0.3107267982730504
12.0,237.0,1004.1648559570312,-3.4635392780278744,-4.726022622059593,-1.4363158007431265,2.1334699404495807,2.798275209828888,1.7739680307505865,0.2648749546595169,1.3968827957093226,-2.291212157395177,-0.3107494385294826
12.0,237.0,1004.1648559570312,-3.463539278047948,-4.726022230928764,-1.4363158007409782,2.1334699404495807,2.79829013210366,1.7739708518664263,0.2648749546595169,1.3968827957093226,-2.291212141748269,-0.3107048342775853
12.0,237.0,1004.1648559570312,-3.4635392780367984,-4.726022100729972,-1.4363158007664143,2.1334699404495807,2.7982769635979667,1.773968030307376,0.2648749546595169,1.3968827957093226,-2.291212157744013,-0.3107267982730504
12.0,237.0,1004.1648559570312,-3.4635392902622293,-4.726022071918471,-1.436315800615471,2.1334699404495807,2.798290213354344,1.7739687691259802,0.2648749546595293,1.3968827957093226,-2.291212136540837,-0.3107150257612316
12.0,238.0,1004.1648559570312,-3.4635392780367984,-4.726022096807932,-1.43631580076641,2.1334699404495807,2.7982769635979667,1.773968030307376,0.2648749546595169,1.3968827957093226,-2.29121215776467,-0.3107166211535003
12.0,238.0,1004.1648559570312,-3.4635392780367984,-4.726022220337332,-1.4363158007657888,2.1334699404495807,2.7982769635979667,1.773968030307376,0.2648749546595169,1.3968827957093226,-2.29121215774426,-0.3107268567286141
12.0,238.0,1004.1648559570312,-3.4635392780367984,-4.726022220337332,-1.4363158007657888,2.1334699404495807,2.7982769635979667,1.773968030307376,0.2648749546595169,1.3968827957093226,-2.29121215774426,-0.3107268567286141
12.0,238.0,1004.1648559570312,-3.4635392780367984,-4.726022096807932,-1.43631580076641,2.1334699404495807,2.7982769635979667,1.773968030307376,0.2648749546595169,1.3968827957093226,-2.29121215776467,-0.3107160363057482
12.0,238.0,1004.1648559570312,-3.4635392780367984,-4.726022100729972,-1.4363158007664143,2.1334699404495807,2.7982769635979667,1.773968030307376,0.2648749546595169,1.3968827957093226,-2.2912121577442064,-0.3107267982730504
12.0,238.0,1004.1648559570312,-3.463539277996192,-4.726022220337332,-1.4363158007657888,2.1334699404495807,2.798276939778221,1.773968030307376,0.2648749546595169,1.3968827957093226,-2.29121215774426,-0.3107268567286141
12.0,238.0,1004.1648559570312,-3.463539277544369,-4.726022082008367,-1.4363158007657852,2.1334699404495807,2.7982769635979667,1.773968030307376,0.2648749546595169,1.3968827957093226,-2.29121215774426,-0.3107268567286141
12.0,238.0,1004.1648559570312,-3.4635392899969784,-4.726022080029392,-1.436315800615471,2.1334699404495807,2.798291582710727,1.7739687691259802,0.2648749546595293,1.3968827957093226,-2.291212136540837,-0.3107153403628903
12.0,238.0,1004.1648559570312,-3.46353927755801,-4.726022100623873,-1.43631580076641,2.1334699404495807,2.7982769635979667,1.773968030307376,0.2648749546595169,1.3968827957093226,-2.2912121579976645,-0.3107396545896154
12.0,238.0,1004.1648559570312,-3.463539277557829,-4.726022570937718,-1.4363158007431696,2.1334699404495807,2.798276272434352,1.7739680053708071,0.2648749546595169,1.3968827957093226,-2.29121215737983,-0.3107295946887394
12.0,238.0,1004.1648559570312,-3.46353927803752,-4.726022220337332,-1.4363158007657888,2.1334699404495807,2.798276939002846,1.773968030307376,0.2648749546595169,1.3968827957093226,-2.29121215775214,-0.3107268567286141
12.0,238.0,1004.1648559570312,-3.463539278031812,-4.726022329517799,-1.436315800626108,2.1334699404495807,2.79829013210366,1.7739708518664263,0.2648749546595169,1.3968827957093226,-2.291212141748269,-0.310750040716398
12.0,238.0,1004.1648559570312,-3.4635392780373344,-4.726022220337332,-1.436315800766426,2.1334699404495807,2.7982769391442104,1.773968030307376,0.2648749546595169,1.3968827957093226,-2.29121215774426,-0.3107268567286141
12.0,238.0,1004.1648559570312,-3.463539278044658,-4.726022322164558,-1.436315800626108,2.1334699404495807,2.79829013210366,1.7739708518664263,0.2648749546595169,1.3968827957093226,-2.291212141748269,-0.3107048342775853
12.0,238.0,1004.1648559570312,-3.46353927765338,-4.726022082439355,-1.436315800615471,2.1334699404495807,2.798291582710727,1.7739687691259802,0.2648749546595293,1.3968827957093226,-2.2912121366029936,-0.3107153403628903
12.0,238.0,1004.1648559570312,-3.463539277995656,-4.726022100729972,-1.4363158007657773,2.1334699404495807,2.798276964231978,1.773968030307376,0.2648749546595169,1.3968827957093226,-2.2912121577442064,-0.3107267982730504
12.0,238.0,1004.1648559570312,-3.463539278014764,-4.726022100729972,-1.4363158007664143,2.1334699404495807,2.7982769635979667,1.773968030307376,0.2648749546595169,1.3968827957093226,-2.2912121577442064,-0.3107267982730504
12.0,238.0,1004.1648559570312,-3.4635392780415875,-4.726022570937718,-1.4363158007661352,2.1334699404495807,2.798276272434352,1.7739680053708071,0.2648749546595169,1.3968827957093226,-2.29121215737983,-0.3107267517367307
12.0,238.0,1004.1648559570312,-3.46353929020849,-4.726022051862871,-1.4363158007678245,2.1334699404495807,2.7982758520803626,1.7739679954558627,0.2648749546595169,1.3968827957093226,-2.2912121577570965,-0.3107268567286141
12.0,238.0,1004.1648559570312,-3.4635392780367984,-4.726022220314823,-1.4363158007657888,2.1334699404495807,2.7982769635979667,1.773968030307376,0.2648749546595169,1.3968827957093226,-2.29121215774426,-0.3107300201795661
12.0,238.0,1004.1648559570312,-3.463539278034765,-4.726022329517799,-1.4363158007772938,2.1334699404495807,2.79827690712146,1.773967845093527,0.2648749546595169,1.3968827957093226,-2.291212141748269,-0.3107498015202176
12.0,238.0,1004.1648559570312,-3.463539278047948,-4.726022230928764,-1.436315800625758,2.1334699404495807,2.79829013210366,1.7739708518664263,0.2648749546595169,1.3968827957093226,-2.291212141748269,-0.3107048342775853
12.0,238.0,1004.1648559570312,-3.463539278044491,-4.726022616221848,-1.4363158007702348,2.1334699404495807,2.798277092077448,1.773967957513847,0.2648749546595169,1.3968827957093226,-2.291212157461285,-0.3107269066153028
12.0,238.0,1004.1648559570312,-3.4635392780367984,-4.726022096807932,-1.43631580076641,2.1334699404495807,2.798276965077295,1.773968030307376,0.2648749546595169,1.3968827957093226,-2.291212157764721,-0.3107160363057482
12.0,238.0,1004.1648559570312,-3.4635392776519094,-4.726022082470412,-1.436315800615471,2.1334699404495807,2.7982918449547163,1.7739680491206855,0.2648749546595297,1.3968827957093226,-2.291212156636879,-0.3107153403628903
12.0,238.0,1004.1648559570312,-3.4635392780367984,-4.726022100729972,-1.4363158007664143,2.1334699404495807,2.7982769635979667,1.773968030307376,0.2648749546595169,1.3968827957093226,-2.2912121577442064,-0.3107267982730504
12.0,238.0,1004.1648559570312,-3.463539278027753,-4.726022575162048,-1.4363158007431265,2.1334699404495807,2.798275209828888,1.7739680053708071,0.2648749546595169,1.3968827957093226,-2.29121215737983,-0.3107494385294826
12.0,238.0,1004.1648559570312,-3.4635392780367984,-4.726022220337332,-1.4363158007657888,2.1334699404495807,2.7982769635979667,1.773968030307376,0.2648749546595169,1.3968827957093226,-2.29121215774426,-0.3107268567286141
12.0,238.0,1004.1648559570312,-3.4635392775530405,-4.726022100729972,-1.436315800743449,2.1334699404495807,2.7982769635979667,1.773968030307376,0.2648749546595169,1.3968827957093226,-2.2912121577442064,-0.3107296412250591
12.0,238.0,1004.1648559570312,-3.46353927754584,-4.72602208197731,-1.4363158007657852,2.1334699404495807,2.798276701353977,1.7739687503126702,0.2648749546595166,1.3968827957093226,-2.291212137710375,-0.3107268567286141
12.0,238.0,1004.1648559570312,-3.4635392775618885,-4.726022325293469,-1.4363158006261514,2.1334699404495807,2.798291194709124,1.7739708518664263,0.2648749546595169,1.3968827957093226,-2.291212141748269,-0.3107301968756547
12.0,238.0,1004.1648559570312,-3.4635392780367984,-4.726022619869302,-1.4363158007657888,2.1334699404495807,2.7982769635979667,1.7739679591318511,0.2648749546595169,1.3968827957093226,-2.29121215774426,-0.3107300201795661
12.0,238.0,1004.1648559570312,-3.463539277559192,-4.726022100481225,-1.4363158007657852,2.1334699404495807,2.798276702218564,1.7739680091904868,0.2648749546595166,1.3968827957093226,-2.291212137710375,-0.3107268567286141
12.0,238.0,1004.1648559570312,-3.463539278036677,-4.726022053832428,-1.4363158007664143,2.1334699404495807,2.7982769635979667,1.7739680049275963,0.2648749546595169,1.3968827957093226,-2.29121215772886,-0.3107267982730504
12.0,238.0,1004.1648559570312,-3.463539277771547,-4.726022228448254,-1.4363158007657888,2.1334699404495807,2.7982783329543497,1.773968030307376,0.2648749546595169,1.3968827957093226,-2.29121215774426,-0.3107271713302728
12.0,238.0,1004.1648559570312,-3.463539278047948,-4.726022235831008,-1.436315800625758,2.1334699404495807,2.79829013210366,1.7739708518664263,0.2648749546595169,1.3968827957093226,-2.291212141748269,-0.3107048342775853
12.0,238.0,1004.1648559570312,-3.4635392780367984,-4.726022220337332,-1.4363158007657888,2.1334699404495807,2.7982769635979667,1.773968030307376,0.2648749546595169,1.3968827957093226,-2.29121215774426,-0.3107268562336643
12.0,238.0,1004.1648559570312,-3.463539278010474,-4.726022226630325,-1.4363158007431691,2.1334699404495807,2.798276457492167,1.7739680302442815,0.2648749546595169,1.3968827957093226,-2.291212157389966,-0.3107143512429479
12.0,238.0,1004.1648559570312,-3.4635392780415875,-4.726022336531944,-1.4363158007661352,2.1334699404495807,2.7982765007550103,1.7739680149395385,0.2648749546595169,1.3968827957093226,-2.291212157257456,-0.3107267517367307
12.0,238.0,1004.1648559570312,-3.4635392780367984,-4.726022220337332,-1.4363158007657888,2.1334699404495807,2.7982769635979667,1.773968030307376,0.2648749546595169,1.3968827957093226,-2.29121215774426,-0.3107268567286141
12.0,238.0,1004.1648559570312,-3.4635392780417167,-4.726022082008367,-1.4363158007664103,2.1334699404495807,2.7982769635979667,1.773968030307376,0.2648749546595169,1.3968827957093226,-2.29121215774426,-0.3107268567286141
12.0,238.0,1004.1648559570312,-3.463539278044491,-4.726022616221848,-1.4363158007702348,2.1334699404495807,2.798277092077448,1.773967957513847,0.2648749546595169,1.3968827957093226,-2.291212157461285,-0.3107269066153028
12.0,238.0,1004.1648559570312,-3.463539278044491,-4.72602221666737,-1.4363158007702348,2.1334699404495807,2.798277092077448,1.7739680286893718,0.2648749546595169,1.3968827957093226,-2.291212157461285,-0.3107269066153028
12.0,238.0,1004.1648559570312,-3.4635392780373344,-4.72602162042625,-1.436315800766426,2.1334699404495807,2.7982769375182737,1.773968858338009,0.2648749546595169,1.3968827957093226,-2.29121215774426,-0.3107268567286141
12.0,238.0,1004.1648559570312,-3.463539278044658,-4.726022746606636,-1.436315800626108,2.1334699404495807,2.79829013210366,1.7739680140395864,0.2648749546595169,1.3968827957093226,-2.2912121417979194,-0.3107262746796668
12.0,238.0,1004.1648559570312,-3.463539277995656,-4.726022100729972,-1.4363158007657773,2.1334699404495807,2.798276964231978,1.773968030307376,0.2648749546595169,1.3968827957093226,-2.2912121577442064,-0.3107267982730504
12.0,238.0,1004.1648559570312,-3.4635392780278744,-4.726022622059593,-1.4363158007431265,2.1334699404495807,2.798275209828888,1.7739680307505865,0.2648749546595169,1.3968827957093226,-2.291212157395177,-0.3107494385294826
12.0,238.0,1004.1648559570312,-3.463539278047948,-4.726022230928764,-1.4363158007409782,2.1334699404495807,2.79829013210366,1.7739708518664263,0.2648749546595169,1.3968827957093226,-2.291212141748269,-0.3107048342775853
12.0,238.0,1004.1648559570312,-3.4635392780367984,-4.726022100729972,-1.4363158007664143,2.1334699404495807,2.7982769635979667,1.773968030307376,0.2648749546595169,1.3968827957093226,-2.291212157744013,-0.3107267982730504
12.0,238.0,1004.1648559570312,-3.4635392902622293,-4.726022071918471,-1.436315800615471,2.1334699404495807,2.798290213354344,1.7739687691259802,0.2648749546595293,1.3968827957093226,-2.291212136540837,-0.3107150257612316
12.0,239.0,1004.1648559570312,-3.4635392780367984,-4.726022096807932,-1.43631580076641,2.1334699404495807,2.7982769635979667,1.773968030307376,0.2648749546595169,1.3968827957093226,-2.29121215776467,-0.3107166211535003
12.0,239.0,1004.1648559570312,-3.4635392780367984,-4.726022220337332,-1.4363158007657888,2.1334699404495807,2.7982769635979667,1.773968030307376,0.2648749546595169,1.3968827957093226,-2.29121215774426,-0.3107268567286141
12.0,239.0,1004.1648559570312,-3.4635392780367984,-4.726022220337332,-1.4363158007657888,2.1334699404495807,2.7982769635979667,1.773968030307376,0.2648749546595169,1.3968827957093226,-2.29121215774426,-0.3107268567286141
12.0,239.0,1004.1648559570312,-3.4635392780367984,-4.726022096807932,-1.43631580076641,2.1334699404495807,2.7982769635979667,1.773968030307376,0.2648749546595169,1.3968827957093226,-2.29121215776467,-0.3107160363057482
12.0,239.0,1004.1648559570312,-3.4635392780367984,-4.726022100729972,-1.4363158007664143,2.1334699404495807,2.7982769635979667,1.773968030307376,0.2648749546595169,1.3968827957093226,-2.2912121577442064,-0.3107267982730504
12.0,239.0,1004.1648559570312,-3.463539277996192,-4.726022220337332,-1.4363158007657888,2.1334699404495807,2.798276939778221,1.773968030307376,0.2648749546595169,1.3968827957093226,-2.29121215774426,-0.3107268567286141
12.0,239.0,1004.1648559570312,-3.463539277544369,-4.726022082008367,-1.4363158007657852,2.1334699404495807,2.7982769635979667,1.773968030307376,0.2648749546595169,1.3968827957093226,-2.29121215774426,-0.3107268567286141
12.0,239.0,1004.1648559570312,-3.4635392899969784,-4.726022080029392,-1.436315800615471,2.1334699404495807,2.798291582710727,1.7739687691259802,0.2648749546595293,1.3968827957093226,-2.291212136540837,-0.3107153403628903
12.0,239.0,1004.1648559570312,-3.46353927755801,-4.726022100623873,-1.43631580076641,2.1334699404495807,2.7982769635979667,1.773968030307376,0.2648749546595169,1.3968827957093226,-2.2912121579976645,-0.3107396545896154
12.0,239.0,1004.1648559570312,-3.463539277557829,-4.726022570937718,-1.4363158007431696,2.1334699404495807,2.798276272434352,1.7739680053708071,0.2648749546595169,1.3968827957093226,-2.29121215737983,-0.3107295946887394
12.0,239.0,1004.1648559570312,-3.46353927803752,-4.726022220337332,-1.4363158007657888,2.1334699404495807,2.798276939002846,1.773968030307376,0.2648749546595169,1.3968827957093226,-2.29121215775214,-0.3107268567286141
12.0,239.0,1004.1648559570312,-3.463539278031812,-4.726022329517799,-1.436315800626108,2.1334699404495807,2.79829013210366,1.7739708518664263,0.2648749546595169,1.3968827957093226,-2.291212141748269,-0.310750040716398
12.0,239.0,1004.1648559570312,-3.4635392780373344,-4.726022220337332,-1.436315800766426,2.1334699404495807,2.7982769391442104,1.773968030307376,0.2648749546595169,1.3968827957093226,-2.29121215774426,-0.3107268567286141
12.0,239.0,1004.1648559570312,-3.463539278044658,-4.726022322164558,-1.436315800626108,2.1334699404495807,2.79829013210366,1.7739708518664263,0.2648749546595169,1.3968827957093226,-2.291212141748269,-0.3107048342775853
12.0,239.0,1004.1648559570312,-3.46353927765338,-4.726022082439355,-1.436315800615471,2.1334699404495807,2.798291582710727,1.7739687691259802,0.2648749546595293,1.3968827957093226,-2.2912121366029936,-0.3107153403628903
12.0,239.0,1004.1648559570312,-3.463539277995656,-4.726022100729972,-1.4363158007657773,2.1334699404495807,2.798276964231978,1.773968030307376,0.2648749546595169,1.3968827957093226,-2.2912121577442064,-0.3107267982730504
12.0,239.0,1004.1648559570312,-3.463539278014764,-4.726022100729972,-1.4363158007664143,2.1334699404495807,2.7982769635979667,1.773968030307376,0.2648749546595169,1.3968827957093226,-2.2912121577442064,-0.3107267982730504
12.0,239.0,1004.1648559570312,-3.4635392780415875,-4.726022570937718,-1.4363158007661352,2.1334699404495807,2.798276272434352,1.7739680053708071,0.2648749546595169,1.3968827957093226,-2.29121215737983,-0.3107267517367307
12.0,239.0,1004.1648559570312,-3.46353929020849,-4.726022051862871,-1.4363158007678245,2.1334699404495807,2.7982758520803626,1.7739679954558627,0.2648749546595169,1.3968827957093226,-2.2912121577570965,-0.3107268567286141
12.0,239.0,1004.1648559570312,-3.4635392780367984,-4.726022220314823,-1.4363158007657888,2.1334699404495807,2.7982769635979667,1.773968030307376,0.2648749546595169,1.3968827957093226,-2.29121215774426,-0.3107300201795661
12.0,239.0,1004.1648559570312,-3.463539278034765,-4.726022329517799,-1.4363158007772938,2.1334699404495807,2.79827690712146,1.773967845093527,0.2648749546595169,1.3968827957093226,-2.291212141748269,-0.3107498015202176
12.0,239.0,1004.1648559570312,-3.463539278047948,-4.726022230928764,-1.436315800625758,2.1334699404495807,2.79829013210366,1.7739708518664263,0.2648749546595169,1.3968827957093226,-2.291212141748269,-0.3107048342775853
12.0,239.0,1004.1648559570312,-3.463539278044491,-4.726022616221848,-1.4363158007702348,2.1334699404495807,2.798277092077448,1.773967957513847,0.2648749546595169,1.3968827957093226,-2.291212157461285,-0.3107269066153028
12.0,239.0,1004.1648559570312,-3.4635392780367984,-4.726022096807932,-1.43631580076641,2.1334699404495807,2.798276965077295,1.773968030307376,0.2648749546595169,1.3968827957093226,-2.291212157764721,-0.3107160363057482
12.0,239.0,1004.1648559570312,-3.4635392776519094,-4.726022082470412,-1.436315800615471,2.1334699404495807,2.7982918449547163,1.7739680491206855,0.2648749546595297,1.3968827957093226,-2.291212156636879,-0.3107153403628903
12.0,239.0,1004.1648559570312,-3.4635392780367984,-4.726022100729972,-1.4363158007664143,2.1334699404495807,2.7982769635979667,1.773968030307376,0.2648749546595169,1.3968827957093226,-2.2912121577442064,-0.3107267982730504
12.0,239.0,1004.1648559570312,-3.463539278027753,-4.726022575162048,-1.4363158007431265,2.1334699404495807,2.798275209828888,1.7739680053708071,0.2648749546595169,1.3968827957093226,-2.29121215737983,-0.3107494385294826
12.0,239.0,1004.1648559570312,-3.4635392780367984,-4.726022220337332,-1.4363158007657888,2.1334699404495807,2.7982769635979667,1.773968030307376,0.2648749546595169,1.3968827957093226,-2.29121215774426,-0.3107268567286141
12.0,239.0,1004.1648559570312,-3.4635392775530405,-4.726022100729972,-1.436315800743449,2.1334699404495807,2.7982769635979667,1.773968030307376,0.2648749546595169,1.3968827957093226,-2.2912121577442064,-0.3107296412250591
12.0,239.0,1004.1648559570312,-3.46353927754584,-4.72602208197731,-1.4363158007657852,2.1334699404495807,2.798276701353977,1.7739687503126702,0.2648749546595166,1.3968827957093226,-2.291212137710375,-0.3107268567286141
12.0,239.0,1004.1648559570312,-3.4635392775618885,-4.726022325293469,-1.4363158006261514,2.1334699404495807,2.798291194709124,1.7739708518664263,0.2648749546595169,1.3968827957093226,-2.291212141748269,-0.3107301968756547
12.0,239.0,1004.1648559570312,-3.4635392780367984,-4.726022619869302,-1.4363158007657888,2.1334699404495807,2.7982769635979667,1.7739679591318511,0.2648749546595169,1.3968827957093226,-2.29121215774426,-0.3107300201795661
12.0,239.0,1004.1648559570312,-3.463539277559192,-4.726022100481225,-1.4363158007657852,2.1334699404495807,2.798276702218564,1.7739680091904868,0.2648749546595166,1.3968827957093226,-2.291212137710375,-0.3107268567286141
12.0,239.0,1004.1648559570312,-3.463539278036677,-4.726022053832428,-1.4363158007664143,2.1334699404495807,2.7982769635979667,1.7739680049275963,0.2648749546595169,1.3968827957093226,-2.29121215772886,-0.3107267982730504
12.0,239.0,1004.1648559570312,-3.463539277771547,-4.726022228448254,-1.4363158007657888,2.1334699404495807,2.7982783329543497,1.773968030307376,0.2648749546595169,1.3968827957093226,-2.29121215774426,-0.3107271713302728
12.0,239.0,1004.1648559570312,-3.463539278047948,-4.726022235831008,-1.436315800625758,2.1334699404495807,2.79829013210366,1.7739708518664263,0.2648749546595169,1.3968827957093226,-2.291212141748269,-0.3107048342775853
12.0,239.0,1004.1648559570312,-3.4635392780367984,-4.726022220337332,-1.4363158007657888,2.1334699404495807,2.7982769635979667,1.773968030307376,0.2648749546595169,1.3968827957093226,-2.29121215774426,-0.3107268562336643
12.0,239.0,1004.1648559570312,-3.463539278010474,-4.726022226630325,-1.4363158007431691,2.1334699404495807,2.798276457492167,1.7739680302442815,0.2648749546595169,1.3968827957093226,-2.291212157389966,-0.3107143512429479
12.0,239.0,1004.1648559570312,-3.4635392780415875,-4.726022336531944,-1.4363158007661352,2.1334699404495807,2.7982765007550103,1.7739680149395385,0.2648749546595169,1.3968827957093226,-2.291212157257456,-0.3107267517367307
12.0,239.0,1004.1648559570312,-3.4635392780367984,-4.726022220337332,-1.4363158007657888,2.1334699404495807,2.7982769635979667,1.773968030307376,0.2648749546595169,1.3968827957093226,-2.29121215774426,-0.3107268567286141
12.0,239.0,1004.1648559570312,-3.4635392780417167,-4.726022082008367,-1.4363158007664103,2.1334699404495807,2.7982769635979667,1.773968030307376,0.2648749546595169,1.3968827957093226,-2.29121215774426,-0.3107268567286141
12.0,239.0,1004.1648559570312,-3.463539278044491,-4.726022616221848,-1.4363158007702348,2.1334699404495807,2.798277092077448,1.773967957513847,0.2648749546595169,1.3968827957093226,-2.291212157461285,-0.3107269066153028
12.0,239.0,1004.1648559570312,-3.463539278044491,-4.72602221666737,-1.4363158007702348,2.1334699404495807,2.798277092077448,1.7739680286893718,0.2648749546595169,1.3968827957093226,-2.291212157461285,-0.3107269066153028
12.0,239.0,1004.1648559570312,-3.4635392780373344,-4.72602162042625,-1.436315800766426,2.1334699404495807,2.7982769375182737,1.773968858338009,0.2648749546595169,1.3968827957093226,-2.29121215774426,-0.3107268567286141
12.0,239.0,1004.1648559570312,-3.463539278044658,-4.726022746606636,-1.436315800626108,2.1334699404495807,2.79829013210366,1.7739680140395864,0.2648749546595169,1.3968827957093226,-2.2912121417979194,-0.3107262746796668
12.0,239.0,1004.1648559570312,-3.463539277995656,-4.726022100729972,-1.4363158007657773,2.1334699404495807,2.798276964231978,1.773968030307376,0.2648749546595169,1.3968827957093226,-2.2912121577442064,-0.3107267982730504
12.0,239.0,1004.1648559570312,-3.4635392780278744,-4.726022622059593,-1.4363158007431265,2.1334699404495807,2.798275209828888,1.7739680307505865,0.2648749546595169,1.3968827957093226,-2.291212157395177,-0.3107494385294826
12.0,239.0,1004.1648559570312,-3.463539278047948,-4.726022230928764,-1.4363158007409782,2.1334699404495807,2.79829013210366,1.7739708518664263,0.2648749546595169,1.3968827957093226,-2.291212141748269,-0.3107048342775853
12.0,239.0,1004.1648559570312,-3.4635392780367984,-4.726022100729972,-1.4363158007664143,2.1334699404495807,2.7982769635979667,1.773968030307376,0.2648749546595169,1.3968827957093226,-2.291212157744013,-0.3107267982730504
12.0,239.0,1004.1648559570312,-3.4635392902622293,-4.726022071918471,-1.436315800615471,2.1334699404495807,2.798290213354344,1.7739687691259802,0.2648749546595293,1.3968827957093226,-2.291212136540837,-0.3107150257612316
12.0,240.0,1004.1648559570312,-3.4635392780367984,-4.726022096807932,-1.43631580076641,2.1334699404495807,2.7982769635979667,1.773968030307376,0.2648749546595169,1.3968827957093226,-2.29121215776467,-0.3107166211535003
12.0,240.0,1004.1648559570312,-3.4635392780367984,-4.726022220337332,-1.4363158007657888,2.1334699404495807,2.7982769635979667,1.773968030307376,0.2648749546595169,1.3968827957093226,-2.29121215774426,-0.3107268567286141
12.0,240.0,1004.1648559570312,-3.4635392780367984,-4.726022220337332,-1.4363158007657888,2.1334699404495807,2.7982769635979667,1.773968030307376,0.2648749546595169,1.3968827957093226,-2.29121215774426,-0.3107268567286141
12.0,240.0,1004.1648559570312,-3.4635392780367984,-4.726022096807932,-1.43631580076641,2.1334699404495807,2.7982769635979667,1.773968030307376,0.2648749546595169,1.3968827957093226,-2.29121215776467,-0.3107160363057482
12.0,240.0,1004.1648559570312,-3.4635392780367984,-4.726022100729972,-1.4363158007664143,2.1334699404495807,2.7982769635979667,1.773968030307376,0.2648749546595169,1.3968827957093226,-2.2912121577442064,-0.3107267982730504
12.0,240.0,1004.1648559570312,-3.463539277996192,-4.726022220337332,-1.4363158007657888,2.1334699404495807,2.798276939778221,1.773968030307376,0.2648749546595169,1.3968827957093226,-2.29121215774426,-0.3107268567286141
12.0,240.0,1004.1648559570312,-3.463539277544369,-4.726022082008367,-1.4363158007657852,2.1334699404495807,2.7982769635979667,1.773968030307376,0.2648749546595169,1.3968827957093226,-2.29121215774426,-0.3107268567286141
12.0,240.0,1004.1648559570312,-3.4635392899969784,-4.726022080029392,-1.436315800615471,2.1334699404495807,2.798291582710727,1.7739687691259802,0.2648749546595293,1.3968827957093226,-2.291212136540837,-0.3107153403628903
12.0,240.0,1004.1648559570312,-3.46353927755801,-4.726022100623873,-1.43631580076641,2.1334699404495807,2.7982769635979667,1.773968030307376,0.2648749546595169,1.3968827957093226,-2.2912121579976645,-0.3107396545896154
12.0,240.0,1004.1648559570312,-3.463539277557829,-4.726022570937718,-1.4363158007431696,2.1334699404495807,2.798276272434352,1.7739680053708071,0.2648749546595169,1.3968827957093226,-2.29121215737983,-0.3107295946887394
12.0,240.0,1004.1648559570312,-3.46353927803752,-4.726022220337332,-1.4363158007657888,2.1334699404495807,2.798276939002846,1.773968030307376,0.2648749546595169,1.3968827957093226,-2.29121215775214,-0.3107268567286141
12.0,240.0,1004.1648559570312,-3.463539278031812,-4.726022329517799,-1.436315800626108,2.1334699404495807,2.79829013210366,1.7739708518664263,0.2648749546595169,1.3968827957093226,-2.291212141748269,-0.310750040716398
12.0,240.0,1004.1648559570312,-3.4635392780373344,-4.726022220337332,-1.436315800766426,2.1334699404495807,2.7982769391442104,1.773968030307376,0.2648749546595169,1.3968827957093226,-2.29121215774426,-0.3107268567286141
12.0,240.0,1004.1648559570312,-3.463539278044658,-4.726022322164558,-1.436315800626108,2.1334699404495807,2.79829013210366,1.7739708518664263,0.2648749546595169,1.3968827957093226,-2.291212141748269,-0.3107048342775853
12.0,240.0,1004.1648559570312,-3.46353927765338,-4.726022082439355,-1.436315800615471,2.1334699404495807,2.798291582710727,1.7739687691259802,0.2648749546595293,1.3968827957093226,-2.2912121366029936,-0.3107153403628903
12.0,240.0,1004.1648559570312,-3.463539277995656,-4.726022100729972,-1.4363158007657773,2.1334699404495807,2.798276964231978,1.773968030307376,0.2648749546595169,1.3968827957093226,-2.2912121577442064,-0.3107267982730504
12.0,240.0,1004.1648559570312,-3.463539278014764,-4.726022100729972,-1.4363158007664143,2.1334699404495807,2.7982769635979667,1.773968030307376,0.2648749546595169,1.3968827957093226,-2.2912121577442064,-0.3107267982730504
12.0,240.0,1004.1648559570312,-3.4635392780415875,-4.726022570937718,-1.4363158007661352,2.1334699404495807,2.798276272434352,1.7739680053708071,0.2648749546595169,1.3968827957093226,-2.29121215737983,-0.3107267517367307
12.0,240.0,1004.1648559570312,-3.46353929020849,-4.726022051862871,-1.4363158007678245,2.1334699404495807,2.7982758520803626,1.7739679954558627,0.2648749546595169,1.3968827957093226,-2.2912121577570965,-0.3107268567286141
12.0,240.0,1004.1648559570312,-3.4635392780367984,-4.726022220314823,-1.4363158007657888,2.1334699404495807,2.7982769635979667,1.773968030307376,0.2648749546595169,1.3968827957093226,-2.29121215774426,-0.3107300201795661
12.0,240.0,1004.1648559570312,-3.463539278034765,-4.726022329517799,-1.4363158007772938,2.1334699404495807,2.79827690712146,1.773967845093527,0.2648749546595169,1.3968827957093226,-2.291212141748269,-0.3107498015202176
12.0,240.0,1004.1648559570312,-3.463539278047948,-4.726022230928764,-1.436315800625758,2.1334699404495807,2.79829013210366,1.7739708518664263,0.2648749546595169,1.3968827957093226,-2.291212141748269,-0.3107048342775853
12.0,240.0,1004.1648559570312,-3.463539278044491,-4.726022616221848,-1.4363158007702348,2.1334699404495807,2.798277092077448,1.773967957513847,0.2648749546595169,1.3968827957093226,-2.291212157461285,-0.3107269066153028
12.0,240.0,1004.1648559570312,-3.4635392780367984,-4.726022096807932,-1.43631580076641,2.1334699404495807,2.798276965077295,1.773968030307376,0.2648749546595169,1.3968827957093226,-2.291212157764721,-0.3107160363057482
12.0,240.0,1004.1648559570312,-3.4635392776519094,-4.726022082470412,-1.436315800615471,2.1334699404495807,2.7982918449547163,1.7739680491206855,0.2648749546595297,1.3968827957093226,-2.291212156636879,-0.3107153403628903
12.0,240.0,1004.1648559570312,-3.4635392780367984,-4.726022100729972,-1.4363158007664143,2.1334699404495807,2.7982769635979667,1.773968030307376,0.2648749546595169,1.3968827957093226,-2.2912121577442064,-0.3107267982730504
12.0,240.0,1004.1648559570312,-3.463539278027753,-4.726022575162048,-1.4363158007431265,2.1334699404495807,2.798275209828888,1.7739680053708071,0.2648749546595169,1.3968827957093226,-2.29121215737983,-0.3107494385294826
12.0,240.0,1004.1648559570312,-3.4635392780367984,-4.726022220337332,-1.4363158007657888,2.1334699404495807,2.7982769635979667,1.773968030307376,0.2648749546595169,1.3968827957093226,-2.29121215774426,-0.3107268567286141
12.0,240.0,1004.1648559570312,-3.4635392775530405,-4.726022100729972,-1.436315800743449,2.1334699404495807,2.7982769635979667,1.773968030307376,0.2648749546595169,1.3968827957093226,-2.2912121577442064,-0.3107296412250591
12.0,240.0,1004.1648559570312,-3.46353927754584,-4.72602208197731,-1.4363158007657852,2.1334699404495807,2.798276701353977,1.7739687503126702,0.2648749546595166,1.3968827957093226,-2.291212137710375,-0.3107268567286141
12.0,240.0,1004.1648559570312,-3.4635392775618885,-4.726022325293469,-1.4363158006261514,2.1334699404495807,2.798291194709124,1.7739708518664263,0.2648749546595169,1.3968827957093226,-2.291212141748269,-0.3107301968756547
12.0,240.0,1004.1648559570312,-3.4635392780367984,-4.726022619869302,-1.4363158007657888,2.1334699404495807,2.7982769635979667,1.7739679591318511,0.2648749546595169,1.3968827957093226,-2.29121215774426,-0.3107300201795661
12.0,240.0,1004.1648559570312,-3.463539277559192,-4.726022100481225,-1.4363158007657852,2.1334699404495807,2.798276702218564,1.7739680091904868,0.2648749546595166,1.3968827957093226,-2.291212137710375,-0.3107268567286141
12.0,240.0,1004.1648559570312,-3.463539278036677,-4.726022053832428,-1.4363158007664143,2.1334699404495807,2.7982769635979667,1.7739680049275963,0.2648749546595169,1.3968827957093226,-2.29121215772886,-0.3107267982730504
12.0,240.0,1004.1648559570312,-3.463539277771547,-4.726022228448254,-1.4363158007657888,2.1334699404495807,2.7982783329543497,1.773968030307376,0.2648749546595169,1.3968827957093226,-2.29121215774426,-0.3107271713302728
12.0,240.0,1004.1648559570312,-3.463539278047948,-4.726022235831008,-1.436315800625758,2.1334699404495807,2.79829013210366,1.7739708518664263,0.2648749546595169,1.3968827957093226,-2.291212141748269,-0.3107048342775853
12.0,240.0,1004.1648559570312,-3.4635392780367984,-4.726022220337332,-1.4363158007657888,2.1334699404495807,2.7982769635979667,1.773968030307376,0.2648749546595169,1.3968827957093226,-2.29121215774426,-0.3107268562336643
12.0,240.0,1004.1648559570312,-3.463539278010474,-4.726022226630325,-1.4363158007431691,2.1334699404495807,2.798276457492167,1.7739680302442815,0.2648749546595169,1.3968827957093226,-2.291212157389966,-0.3107143512429479
12.0,240.0,1004.1648559570312,-3.4635392780415875,-4.726022336531944,-1.4363158007661352,2.1334699404495807,2.7982765007550103,1.7739680149395385,0.2648749546595169,1.3968827957093226,-2.291212157257456,-0.3107267517367307
12.0,240.0,1004.1648559570312,-3.4635392780367984,-4.726022220337332,-1.4363158007657888,2.1334699404495807,2.7982769635979667,1.773968030307376,0.2648749546595169,1.3968827957093226,-2.29121215774426,-0.3107268567286141
12.0,240.0,1004.1648559570312,-3.4635392780417167,-4.726022082008367,-1.4363158007664103,2.1334699404495807,2.7982769635979667,1.773968030307376,0.2648749546595169,1.3968827957093226,-2.29121215774426,-0.3107268567286141
12.0,240.0,1004.1648559570312,-3.463539278044491,-4.726022616221848,-1.4363158007702348,2.1334699404495807,2.798277092077448,1.773967957513847,0.2648749546595169,1.3968827957093226,-2.291212157461285,-0.3107269066153028
12.0,240.0,1004.1648559570312,-3.463539278044491,-4.72602221666737,-1.4363158007702348,2.1334699404495807,2.798277092077448,1.7739680286893718,0.2648749546595169,1.3968827957093226,-2.291212157461285,-0.3107269066153028
12.0,240.0,1004.1648559570312,-3.4635392780373344,-4.72602162042625,-1.436315800766426,2.1334699404495807,2.7982769375182737,1.773968858338009,0.2648749546595169,1.3968827957093226,-2.29121215774426,-0.3107268567286141
12.0,240.0,1004.1648559570312,-3.463539278044658,-4.726022746606636,-1.436315800626108,2.1334699404495807,2.79829013210366,1.7739680140395864,0.2648749546595169,1.3968827957093226,-2.2912121417979194,-0.3107262746796668
12.0,240.0,1004.1648559570312,-3.463539277995656,-4.726022100729972,-1.4363158007657773,2.1334699404495807,2.798276964231978,1.773968030307376,0.2648749546595169,1.3968827957093226,-2.2912121577442064,-0.3107267982730504
12.0,240.0,1004.1648559570312,-3.4635392780278744,-4.726022622059593,-1.4363158007431265,2.1334699404495807,2.798275209828888,1.7739680307505865,0.2648749546595169,1.3968827957093226,-2.291212157395177,-0.3107494385294826
12.0,240.0,1004.1648559570312,-3.463539278047948,-4.726022230928764,-1.4363158007409782,2.1334699404495807,2.79829013210366,1.7739708518664263,0.2648749546595169,1.3968827957093226,-2.291212141748269,-0.3107048342775853
12.0,240.0,1004.1648559570312,-3.4635392780367984,-4.726022100729972,-1.4363158007664143,2.1334699404495807,2.7982769635979667,1.773968030307376,0.2648749546595169,1.3968827957093226,-2.291212157744013,-0.3107267982730504
12.0,240.0,1004.1648559570312,-3.4635392902622293,-4.726022071918471,-1.436315800615471,2.1334699404495807,2.798290213354344,1.7739687691259802,0.2648749546595293,1.3968827957093226,-2.291212136540837,-0.3107150257612316
12.0,241.0,1004.1648559570312,-3.4635392780367984,-4.726022096807932,-1.43631580076641,2.1334699404495807,2.7982769635979667,1.773968030307376,0.2648749546595169,1.3968827957093226,-2.29121215776467,-0.3107166211535003
12.0,241.0,1004.1648559570312,-3.4635392780367984,-4.726022220337332,-1.4363158007657888,2.1334699404495807,2.7982769635979667,1.773968030307376,0.2648749546595169,1.3968827957093226,-2.29121215774426,-0.3107268567286141
12.0,241.0,1004.1648559570312,-3.4635392780367984,-4.726022220337332,-1.4363158007657888,2.1334699404495807,2.7982769635979667,1.773968030307376,0.2648749546595169,1.3968827957093226,-2.29121215774426,-0.3107268567286141
12.0,241.0,1004.1648559570312,-3.4635392780367984,-4.726022096807932,-1.43631580076641,2.1334699404495807,2.7982769635979667,1.773968030307376,0.2648749546595169,1.3968827957093226,-2.29121215776467,-0.3107160363057482
12.0,241.0,1004.1648559570312,-3.4635392780367984,-4.726022100729972,-1.4363158007664143,2.1334699404495807,2.7982769635979667,1.773968030307376,0.2648749546595169,1.3968827957093226,-2.2912121577442064,-0.3107267982730504
12.0,241.0,1004.1648559570312,-3.463539277996192,-4.726022220337332,-1.4363158007657888,2.1334699404495807,2.798276939778221,1.773968030307376,0.2648749546595169,1.3968827957093226,-2.29121215774426,-0.3107268567286141
12.0,241.0,1004.1648559570312,-3.463539277544369,-4.726022082008367,-1.4363158007657852,2.1334699404495807,2.7982769635979667,1.773968030307376,0.2648749546595169,1.3968827957093226,-2.29121215774426,-0.3107268567286141
12.0,241.0,1004.1648559570312,-3.4635392899969784,-4.726022080029392,-1.436315800615471,2.1334699404495807,2.798291582710727,1.7739687691259802,0.2648749546595293,1.3968827957093226,-2.291212136540837,-0.3107153403628903
12.0,241.0,1004.1648559570312,-3.46353927755801,-4.726022100623873,-1.43631580076641,2.1334699404495807,2.7982769635979667,1.773968030307376,0.2648749546595169,1.3968827957093226,-2.2912121579976645,-0.3107396545896154
12.0,241.0,1004.1648559570312,-3.463539277557829,-4.726022570937718,-1.4363158007431696,2.1334699404495807,2.798276272434352,1.7739680053708071,0.2648749546595169,1.3968827957093226,-2.29121215737983,-0.3107295946887394
12.0,241.0,1004.1648559570312,-3.46353927803752,-4.726022220337332,-1.4363158007657888,2.1334699404495807,2.798276939002846,1.773968030307376,0.2648749546595169,1.3968827957093226,-2.29121215775214,-0.3107268567286141
12.0,241.0,1004.1648559570312,-3.463539278031812,-4.726022329517799,-1.436315800626108,2.1334699404495807,2.79829013210366,1.7739708518664263,0.2648749546595169,1.3968827957093226,-2.291212141748269,-0.310750040716398
12.0,241.0,1004.1648559570312,-3.4635392780373344,-4.726022220337332,-1.436315800766426,2.1334699404495807,2.7982769391442104,1.773968030307376,0.2648749546595169,1.3968827957093226,-2.29121215774426,-0.3107268567286141
12.0,241.0,1004.1648559570312,-3.463539278044658,-4.726022322164558,-1.436315800626108,2.1334699404495807,2.79829013210366,1.7739708518664263,0.2648749546595169,1.3968827957093226,-2.291212141748269,-0.3107048342775853
12.0,241.0,1004.1648559570312,-3.46353927765338,-4.726022082439355,-1.436315800615471,2.1334699404495807,2.798291582710727,1.7739687691259802,0.2648749546595293,1.3968827957093226,-2.2912121366029936,-0.3107153403628903
12.0,241.0,1004.1648559570312,-3.463539277995656,-4.726022100729972,-1.4363158007657773,2.1334699404495807,2.798276964231978,1.773968030307376,0.2648749546595169,1.3968827957093226,-2.2912121577442064,-0.3107267982730504
12.0,241.0,1004.1648559570312,-3.463539278014764,-4.726022100729972,-1.4363158007664143,2.1334699404495807,2.7982769635979667,1.773968030307376,0.2648749546595169,1.3968827957093226,-2.2912121577442064,-0.3107267982730504
12.0,241.0,1004.1648559570312,-3.4635392780415875,-4.726022570937718,-1.4363158007661352,2.1334699404495807,2.798276272434352,1.7739680053708071,0.2648749546595169,1.3968827957093226,-2.29121215737983,-0.3107267517367307
12.0,241.0,1004.1648559570312,-3.46353929020849,-4.726022051862871,-1.4363158007678245,2.1334699404495807,2.7982758520803626,1.7739679954558627,0.2648749546595169,1.3968827957093226,-2.2912121577570965,-0.3107268567286141
12.0,241.0,1004.1648559570312,-3.4635392780367984,-4.726022220314823,-1.4363158007657888,2.1334699404495807,2.7982769635979667,1.773968030307376,0.2648749546595169,1.3968827957093226,-2.29121215774426,-0.3107300201795661
12.0,241.0,1004.1648559570312,-3.463539278034765,-4.726022329517799,-1.4363158007772938,2.1334699404495807,2.79827690712146,1.773967845093527,0.2648749546595169,1.3968827957093226,-2.291212141748269,-0.3107498015202176
12.0,241.0,1004.1648559570312,-3.463539278047948,-4.726022230928764,-1.436315800625758,2.1334699404495807,2.79829013210366,1.7739708518664263,0.2648749546595169,1.3968827957093226,-2.291212141748269,-0.3107048342775853
12.0,241.0,1004.1648559570312,-3.463539278044491,-4.726022616221848,-1.4363158007702348,2.1334699404495807,2.798277092077448,1.773967957513847,0.2648749546595169,1.3968827957093226,-2.291212157461285,-0.3107269066153028
12.0,241.0,1004.1648559570312,-3.4635392780367984,-4.726022096807932,-1.43631580076641,2.1334699404495807,2.798276965077295,1.773968030307376,0.2648749546595169,1.3968827957093226,-2.291212157764721,-0.3107160363057482
12.0,241.0,1004.1648559570312,-3.4635392776519094,-4.726022082470412,-1.436315800615471,2.1334699404495807,2.7982918449547163,1.7739680491206855,0.2648749546595297,1.3968827957093226,-2.291212156636879,-0.3107153403628903
12.0,241.0,1004.1648559570312,-3.4635392780367984,-4.726022100729972,-1.4363158007664143,2.1334699404495807,2.7982769635979667,1.773968030307376,0.2648749546595169,1.3968827957093226,-2.2912121577442064,-0.3107267982730504
12.0,241.0,1004.1648559570312,-3.463539278027753,-4.726022575162048,-1.4363158007431265,2.1334699404495807,2.798275209828888,1.7739680053708071,0.2648749546595169,1.3968827957093226,-2.29121215737983,-0.3107494385294826
12.0,241.0,1004.1648559570312,-3.4635392780367984,-4.726022220337332,-1.4363158007657888,2.1334699404495807,2.7982769635979667,1.773968030307376,0.2648749546595169,1.3968827957093226,-2.29121215774426,-0.3107268567286141
12.0,241.0,1004.1648559570312,-3.4635392775530405,-4.726022100729972,-1.436315800743449,2.1334699404495807,2.7982769635979667,1.773968030307376,0.2648749546595169,1.3968827957093226,-2.2912121577442064,-0.3107296412250591
12.0,241.0,1004.1648559570312,-3.46353927754584,-4.72602208197731,-1.4363158007657852,2.1334699404495807,2.798276701353977,1.7739687503126702,0.2648749546595166,1.3968827957093226,-2.291212137710375,-0.3107268567286141
12.0,241.0,1004.1648559570312,-3.4635392775618885,-4.726022325293469,-1.4363158006261514,2.1334699404495807,2.798291194709124,1.7739708518664263,0.2648749546595169,1.3968827957093226,-2.291212141748269,-0.3107301968756547
12.0,241.0,1004.1648559570312,-3.4635392780367984,-4.726022619869302,-1.4363158007657888,2.1334699404495807,2.7982769635979667,1.7739679591318511,0.2648749546595169,1.3968827957093226,-2.29121215774426,-0.3107300201795661
12.0,241.0,1004.1648559570312,-3.463539277559192,-4.726022100481225,-1.4363158007657852,2.1334699404495807,2.798276702218564,1.7739680091904868,0.2648749546595166,1.3968827957093226,-2.291212137710375,-0.3107268567286141
12.0,241.0,1004.1648559570312,-3.463539278036677,-4.726022053832428,-1.4363158007664143,2.1334699404495807,2.7982769635979667,1.7739680049275963,0.2648749546595169,1.3968827957093226,-2.29121215772886,-0.3107267982730504
12.0,241.0,1004.1648559570312,-3.463539277771547,-4.726022228448254,-1.4363158007657888,2.1334699404495807,2.7982783329543497,1.773968030307376,0.2648749546595169,1.3968827957093226,-2.29121215774426,-0.3107271713302728
12.0,241.0,1004.1648559570312,-3.463539278047948,-4.726022235831008,-1.436315800625758,2.1334699404495807,2.79829013210366,1.7739708518664263,0.2648749546595169,1.3968827957093226,-2.291212141748269,-0.3107048342775853
12.0,241.0,1004.1648559570312,-3.4635392780367984,-4.726022220337332,-1.4363158007657888,2.1334699404495807,2.7982769635979667,1.773968030307376,0.2648749546595169,1.3968827957093226,-2.29121215774426,-0.3107268562336643
12.0,241.0,1004.1648559570312,-3.463539278010474,-4.726022226630325,-1.4363158007431691,2.1334699404495807,2.798276457492167,1.7739680302442815,0.2648749546595169,1.3968827957093226,-2.291212157389966,-0.3107143512429479
12.0,241.0,1004.1648559570312,-3.4635392780415875,-4.726022336531944,-1.4363158007661352,2.1334699404495807,2.7982765007550103,1.7739680149395385,0.2648749546595169,1.3968827957093226,-2.291212157257456,-0.3107267517367307
12.0,241.0,1004.1648559570312,-3.4635392780367984,-4.726022220337332,-1.4363158007657888,2.1334699404495807,2.7982769635979667,1.773968030307376,0.2648749546595169,1.3968827957093226,-2.29121215774426,-0.3107268567286141
12.0,241.0,1004.1648559570312,-3.4635392780417167,-4.726022082008367,-1.4363158007664103,2.1334699404495807,2.7982769635979667,1.773968030307376,0.2648749546595169,1.3968827957093226,-2.29121215774426,-0.3107268567286141
12.0,241.0,1004.1648559570312,-3.463539278044491,-4.726022616221848,-1.4363158007702348,2.1334699404495807,2.798277092077448,1.773967957513847,0.2648749546595169,1.3968827957093226,-2.291212157461285,-0.3107269066153028
12.0,241.0,1004.1648559570312,-3.463539278044491,-4.72602221666737,-1.4363158007702348,2.1334699404495807,2.798277092077448,1.7739680286893718,0.2648749546595169,1.3968827957093226,-2.291212157461285,-0.3107269066153028
12.0,241.0,1004.1648559570312,-3.4635392780373344,-4.72602162042625,-1.436315800766426,2.1334699404495807,2.7982769375182737,1.773968858338009,0.2648749546595169,1.3968827957093226,-2.29121215774426,-0.3107268567286141
12.0,241.0,1004.1648559570312,-3.463539278044658,-4.726022746606636,-1.436315800626108,2.1334699404495807,2.79829013210366,1.7739680140395864,0.2648749546595169,1.3968827957093226,-2.2912121417979194,-0.3107262746796668
12.0,241.0,1004.1648559570312,-3.463539277995656,-4.726022100729972,-1.4363158007657773,2.1334699404495807,2.798276964231978,1.773968030307376,0.2648749546595169,1.3968827957093226,-2.2912121577442064,-0.3107267982730504
12.0,241.0,1004.1648559570312,-3.4635392780278744,-4.726022622059593,-1.4363158007431265,2.1334699404495807,2.798275209828888,1.7739680307505865,0.2648749546595169,1.3968827957093226,-2.291212157395177,-0.3107494385294826
12.0,241.0,1004.1648559570312,-3.463539278047948,-4.726022230928764,-1.4363158007409782,2.1334699404495807,2.79829013210366,1.7739708518664263,0.2648749546595169,1.3968827957093226,-2.291212141748269,-0.3107048342775853
12.0,241.0,1004.1648559570312,-3.4635392780367984,-4.726022100729972,-1.4363158007664143,2.1334699404495807,2.7982769635979667,1.773968030307376,0.2648749546595169,1.3968827957093226,-2.291212157744013,-0.3107267982730504
12.0,241.0,1004.1648559570312,-3.4635392902622293,-4.726022071918471,-1.436315800615471,2.1334699404495807,2.798290213354344,1.7739687691259802,0.2648749546595293,1.3968827957093226,-2.291212136540837,-0.3107150257612316
12.0,242.0,1004.1648559570312,-3.4635392780367984,-4.726022096807932,-1.43631580076641,2.1334699404495807,2.7982769635979667,1.773968030307376,0.2648749546595169,1.3968827957093226,-2.29121215776467,-0.3107166211535003
12.0,242.0,1004.1648559570312,-3.4635392780367984,-4.726022220337332,-1.4363158007657888,2.1334699404495807,2.7982769635979667,1.773968030307376,0.2648749546595169,1.3968827957093226,-2.29121215774426,-0.3107268567286141
12.0,242.0,1004.1648559570312,-3.4635392780367984,-4.726022220337332,-1.4363158007657888,2.1334699404495807,2.7982769635979667,1.773968030307376,0.2648749546595169,1.3968827957093226,-2.29121215774426,-0.3107268567286141
12.0,242.0,1004.1648559570312,-3.4635392780367984,-4.726022096807932,-1.43631580076641,2.1334699404495807,2.7982769635979667,1.773968030307376,0.2648749546595169,1.3968827957093226,-2.29121215776467,-0.3107160363057482
12.0,242.0,1004.1648559570312,-3.4635392780367984,-4.726022100729972,-1.4363158007664143,2.1334699404495807,2.7982769635979667,1.773968030307376,0.2648749546595169,1.3968827957093226,-2.2912121577442064,-0.3107267982730504
12.0,242.0,1004.1648559570312,-3.463539277996192,-4.726022220337332,-1.4363158007657888,2.1334699404495807,2.798276939778221,1.773968030307376,0.2648749546595169,1.3968827957093226,-2.29121215774426,-0.3107268567286141
12.0,242.0,1004.1648559570312,-3.463539277544369,-4.726022082008367,-1.4363158007657852,2.1334699404495807,2.7982769635979667,1.773968030307376,0.2648749546595169,1.3968827957093226,-2.29121215774426,-0.3107268567286141
12.0,242.0,1004.1648559570312,-3.4635392899969784,-4.726022080029392,-1.436315800615471,2.1334699404495807,2.798291582710727,1.7739687691259802,0.2648749546595293,1.3968827957093226,-2.291212136540837,-0.3107153403628903
12.0,242.0,1004.1648559570312,-3.46353927755801,-4.726022100623873,-1.43631580076641,2.1334699404495807,2.7982769635979667,1.773968030307376,0.2648749546595169,1.3968827957093226,-2.2912121579976645,-0.3107396545896154
12.0,242.0,1004.1648559570312,-3.463539277557829,-4.726022570937718,-1.4363158007431696,2.1334699404495807,2.798276272434352,1.7739680053708071,0.2648749546595169,1.3968827957093226,-2.29121215737983,-0.3107295946887394
12.0,242.0,1004.1648559570312,-3.46353927803752,-4.726022220337332,-1.4363158007657888,2.1334699404495807,2.798276939002846,1.773968030307376,0.2648749546595169,1.3968827957093226,-2.29121215775214,-0.3107268567286141
12.0,242.0,1004.1648559570312,-3.463539278031812,-4.726022329517799,-1.436315800626108,2.1334699404495807,2.79829013210366,1.7739708518664263,0.2648749546595169,1.3968827957093226,-2.291212141748269,-0.310750040716398
12.0,242.0,1004.1648559570312,-3.4635392780373344,-4.726022220337332,-1.436315800766426,2.1334699404495807,2.7982769391442104,1.773968030307376,0.2648749546595169,1.3968827957093226,-2.29121215774426,-0.3107268567286141
12.0,242.0,1004.1648559570312,-3.463539278044658,-4.726022322164558,-1.436315800626108,2.1334699404495807,2.79829013210366,1.7739708518664263,0.2648749546595169,1.3968827957093226,-2.291212141748269,-0.3107048342775853
12.0,242.0,1004.1648559570312,-3.46353927765338,-4.726022082439355,-1.436315800615471,2.1334699404495807,2.798291582710727,1.7739687691259802,0.2648749546595293,1.3968827957093226,-2.2912121366029936,-0.3107153403628903
12.0,242.0,1004.1648559570312,-3.463539277995656,-4.726022100729972,-1.4363158007657773,2.1334699404495807,2.798276964231978,1.773968030307376,0.2648749546595169,1.3968827957093226,-2.2912121577442064,-0.3107267982730504
12.0,242.0,1004.1648559570312,-3.463539278014764,-4.726022100729972,-1.4363158007664143,2.1334699404495807,2.7982769635979667,1.773968030307376,0.2648749546595169,1.3968827957093226,-2.2912121577442064,-0.3107267982730504
12.0,242.0,1004.1648559570312,-3.4635392780415875,-4.726022570937718,-1.4363158007661352,2.1334699404495807,2.798276272434352,1.7739680053708071,0.2648749546595169,1.3968827957093226,-2.29121215737983,-0.3107267517367307
12.0,242.0,1004.1648559570312,-3.46353929020849,-4.726022051862871,-1.4363158007678245,2.1334699404495807,2.7982758520803626,1.7739679954558627,0.2648749546595169,1.3968827957093226,-2.2912121577570965,-0.3107268567286141
12.0,242.0,1004.1648559570312,-3.4635392780367984,-4.726022220314823,-1.4363158007657888,2.1334699404495807,2.7982769635979667,1.773968030307376,0.2648749546595169,1.3968827957093226,-2.29121215774426,-0.3107300201795661
12.0,242.0,1004.1648559570312,-3.463539278034765,-4.726022329517799,-1.4363158007772938,2.1334699404495807,2.79827690712146,1.773967845093527,0.2648749546595169,1.3968827957093226,-2.291212141748269,-0.3107498015202176
12.0,242.0,1004.1648559570312,-3.463539278047948,-4.726022230928764,-1.436315800625758,2.1334699404495807,2.79829013210366,1.7739708518664263,0.2648749546595169,1.3968827957093226,-2.291212141748269,-0.3107048342775853
12.0,242.0,1004.1648559570312,-3.463539278044491,-4.726022616221848,-1.4363158007702348,2.1334699404495807,2.798277092077448,1.773967957513847,0.2648749546595169,1.3968827957093226,-2.291212157461285,-0.3107269066153028
12.0,242.0,1004.1648559570312,-3.4635392780367984,-4.726022096807932,-1.43631580076641,2.1334699404495807,2.798276965077295,1.773968030307376,0.2648749546595169,1.3968827957093226,-2.291212157764721,-0.3107160363057482
12.0,242.0,1004.1648559570312,-3.4635392776519094,-4.726022082470412,-1.436315800615471,2.1334699404495807,2.7982918449547163,1.7739680491206855,0.2648749546595297,1.3968827957093226,-2.291212156636879,-0.3107153403628903
12.0,242.0,1004.1648559570312,-3.4635392780367984,-4.726022100729972,-1.4363158007664143,2.1334699404495807,2.7982769635979667,1.773968030307376,0.2648749546595169,1.3968827957093226,-2.2912121577442064,-0.3107267982730504
12.0,242.0,1004.1648559570312,-3.463539278027753,-4.726022575162048,-1.4363158007431265,2.1334699404495807,2.798275209828888,1.7739680053708071,0.2648749546595169,1.3968827957093226,-2.29121215737983,-0.3107494385294826
12.0,242.0,1004.1648559570312,-3.4635392780367984,-4.726022220337332,-1.4363158007657888,2.1334699404495807,2.7982769635979667,1.773968030307376,0.2648749546595169,1.3968827957093226,-2.29121215774426,-0.3107268567286141
12.0,242.0,1004.1648559570312,-3.4635392775530405,-4.726022100729972,-1.436315800743449,2.1334699404495807,2.7982769635979667,1.773968030307376,0.2648749546595169,1.3968827957093226,-2.2912121577442064,-0.3107296412250591
12.0,242.0,1004.1648559570312,-3.46353927754584,-4.72602208197731,-1.4363158007657852,2.1334699404495807,2.798276701353977,1.7739687503126702,0.2648749546595166,1.3968827957093226,-2.291212137710375,-0.3107268567286141
12.0,242.0,1004.1648559570312,-3.4635392775618885,-4.726022325293469,-1.4363158006261514,2.1334699404495807,2.798291194709124,1.7739708518664263,0.2648749546595169,1.3968827957093226,-2.291212141748269,-0.3107301968756547
12.0,242.0,1004.1648559570312,-3.4635392780367984,-4.726022619869302,-1.4363158007657888,2.1334699404495807,2.7982769635979667,1.7739679591318511,0.2648749546595169,1.3968827957093226,-2.29121215774426,-0.3107300201795661
12.0,242.0,1004.1648559570312,-3.463539277559192,-4.726022100481225,-1.4363158007657852,2.1334699404495807,2.798276702218564,1.7739680091904868,0.2648749546595166,1.3968827957093226,-2.291212137710375,-0.3107268567286141
12.0,242.0,1004.1648559570312,-3.463539278036677,-4.726022053832428,-1.4363158007664143,2.1334699404495807,2.7982769635979667,1.7739680049275963,0.2648749546595169,1.3968827957093226,-2.29121215772886,-0.3107267982730504
12.0,242.0,1004.1648559570312,-3.463539277771547,-4.726022228448254,-1.4363158007657888,2.1334699404495807,2.7982783329543497,1.773968030307376,0.2648749546595169,1.3968827957093226,-2.29121215774426,-0.3107271713302728
12.0,242.0,1004.1648559570312,-3.463539278047948,-4.726022235831008,-1.436315800625758,2.1334699404495807,2.79829013210366,1.7739708518664263,0.2648749546595169,1.3968827957093226,-2.291212141748269,-0.3107048342775853
12.0,242.0,1004.1648559570312,-3.4635392780367984,-4.726022220337332,-1.4363158007657888,2.1334699404495807,2.7982769635979667,1.773968030307376,0.2648749546595169,1.3968827957093226,-2.29121215774426,-0.3107268562336643
12.0,242.0,1004.1648559570312,-3.463539278010474,-4.726022226630325,-1.4363158007431691,2.1334699404495807,2.798276457492167,1.7739680302442815,0.2648749546595169,1.3968827957093226,-2.291212157389966,-0.3107143512429479
12.0,242.0,1004.1648559570312,-3.4635392780415875,-4.726022336531944,-1.4363158007661352,2.1334699404495807,2.7982765007550103,1.7739680149395385,0.2648749546595169,1.3968827957093226,-2.291212157257456,-0.3107267517367307
12.0,242.0,1004.1648559570312,-3.4635392780367984,-4.726022220337332,-1.4363158007657888,2.1334699404495807,2.7982769635979667,1.773968030307376,0.2648749546595169,1.3968827957093226,-2.29121215774426,-0.3107268567286141
12.0,242.0,1004.1648559570312,-3.4635392780417167,-4.726022082008367,-1.4363158007664103,2.1334699404495807,2.7982769635979667,1.773968030307376,0.2648749546595169,1.3968827957093226,-2.29121215774426,-0.3107268567286141
12.0,242.0,1004.1648559570312,-3.463539278044491,-4.726022616221848,-1.4363158007702348,2.1334699404495807,2.798277092077448,1.773967957513847,0.2648749546595169,1.3968827957093226,-2.291212157461285,-0.3107269066153028
12.0,242.0,1004.1648559570312,-3.463539278044491,-4.72602221666737,-1.4363158007702348,2.1334699404495807,2.798277092077448,1.7739680286893718,0.2648749546595169,1.3968827957093226,-2.291212157461285,-0.3107269066153028
12.0,242.0,1004.1648559570312,-3.4635392780373344,-4.72602162042625,-1.436315800766426,2.1334699404495807,2.7982769375182737,1.773968858338009,0.2648749546595169,1.3968827957093226,-2.29121215774426,-0.3107268567286141
12.0,242.0,1004.1648559570312,-3.463539278044658,-4.726022746606636,-1.436315800626108,2.1334699404495807,2.79829013210366,1.7739680140395864,0.2648749546595169,1.3968827957093226,-2.2912121417979194,-0.3107262746796668
12.0,242.0,1004.1648559570312,-3.463539277995656,-4.726022100729972,-1.4363158007657773,2.1334699404495807,2.798276964231978,1.773968030307376,0.2648749546595169,1.3968827957093226,-2.2912121577442064,-0.3107267982730504
12.0,242.0,1004.1648559570312,-3.4635392780278744,-4.726022622059593,-1.4363158007431265,2.1334699404495807,2.798275209828888,1.7739680307505865,0.2648749546595169,1.3968827957093226,-2.291212157395177,-0.3107494385294826
12.0,242.0,1004.1648559570312,-3.463539278047948,-4.726022230928764,-1.4363158007409782,2.1334699404495807,2.79829013210366,1.7739708518664263,0.2648749546595169,1.3968827957093226,-2.291212141748269,-0.3107048342775853
12.0,242.0,1004.1648559570312,-3.4635392780367984,-4.726022100729972,-1.4363158007664143,2.1334699404495807,2.7982769635979667,1.773968030307376,0.2648749546595169,1.3968827957093226,-2.291212157744013,-0.3107267982730504
12.0,242.0,1004.1648559570312,-3.4635392902622293,-4.726022071918471,-1.436315800615471,2.1334699404495807,2.798290213354344,1.7739687691259802,0.2648749546595293,1.3968827957093226,-2.291212136540837,-0.3107150257612316
12.0,243.0,1004.1648559570312,-3.4635392780367984,-4.726022096807932,-1.43631580076641,2.1334699404495807,2.7982769635979667,1.773968030307376,0.2648749546595169,1.3968827957093226,-2.29121215776467,-0.3107166211535003
12.0,243.0,1004.1648559570312,-3.4635392780367984,-4.726022220337332,-1.4363158007657888,2.1334699404495807,2.7982769635979667,1.773968030307376,0.2648749546595169,1.3968827957093226,-2.29121215774426,-0.3107268567286141
12.0,243.0,1004.1648559570312,-3.4635392780367984,-4.726022220337332,-1.4363158007657888,2.1334699404495807,2.7982769635979667,1.773968030307376,0.2648749546595169,1.3968827957093226,-2.29121215774426,-0.3107268567286141
12.0,243.0,1004.1648559570312,-3.4635392780367984,-4.726022096807932,-1.43631580076641,2.1334699404495807,2.7982769635979667,1.773968030307376,0.2648749546595169,1.3968827957093226,-2.29121215776467,-0.3107160363057482
12.0,243.0,1004.1648559570312,-3.4635392780367984,-4.726022100729972,-1.4363158007664143,2.1334699404495807,2.7982769635979667,1.773968030307376,0.2648749546595169,1.3968827957093226,-2.2912121577442064,-0.3107267982730504
12.0,243.0,1004.1648559570312,-3.463539277996192,-4.726022220337332,-1.4363158007657888,2.1334699404495807,2.798276939778221,1.773968030307376,0.2648749546595169,1.3968827957093226,-2.29121215774426,-0.3107268567286141
12.0,243.0,1004.1648559570312,-3.463539277544369,-4.726022082008367,-1.4363158007657852,2.1334699404495807,2.7982769635979667,1.773968030307376,0.2648749546595169,1.3968827957093226,-2.29121215774426,-0.3107268567286141
12.0,243.0,1004.1648559570312,-3.4635392899969784,-4.726022080029392,-1.436315800615471,2.1334699404495807,2.798291582710727,1.7739687691259802,0.2648749546595293,1.3968827957093226,-2.291212136540837,-0.3107153403628903
12.0,243.0,1004.1648559570312,-3.46353927755801,-4.726022100623873,-1.43631580076641,2.1334699404495807,2.7982769635979667,1.773968030307376,0.2648749546595169,1.3968827957093226,-2.2912121579976645,-0.3107396545896154
12.0,243.0,1004.1648559570312,-3.463539277557829,-4.726022570937718,-1.4363158007431696,2.1334699404495807,2.798276272434352,1.7739680053708071,0.2648749546595169,1.3968827957093226,-2.29121215737983,-0.3107295946887394
12.0,243.0,1004.1648559570312,-3.46353927803752,-4.726022220337332,-1.4363158007657888,2.1334699404495807,2.798276939002846,1.773968030307376,0.2648749546595169,1.3968827957093226,-2.29121215775214,-0.3107268567286141
12.0,243.0,1004.1648559570312,-3.463539278031812,-4.726022329517799,-1.436315800626108,2.1334699404495807,2.79829013210366,1.7739708518664263,0.2648749546595169,1.3968827957093226,-2.291212141748269,-0.310750040716398
12.0,243.0,1004.1648559570312,-3.4635392780373344,-4.726022220337332,-1.436315800766426,2.1334699404495807,2.7982769391442104,1.773968030307376,0.2648749546595169,1.3968827957093226,-2.29121215774426,-0.3107268567286141
12.0,243.0,1004.1648559570312,-3.463539278044658,-4.726022322164558,-1.436315800626108,2.1334699404495807,2.79829013210366,1.7739708518664263,0.2648749546595169,1.3968827957093226,-2.291212141748269,-0.3107048342775853
12.0,243.0,1004.1648559570312,-3.46353927765338,-4.726022082439355,-1.436315800615471,2.1334699404495807,2.798291582710727,1.7739687691259802,0.2648749546595293,1.3968827957093226,-2.2912121366029936,-0.3107153403628903
12.0,243.0,1004.1648559570312,-3.463539277995656,-4.726022100729972,-1.4363158007657773,2.1334699404495807,2.798276964231978,1.773968030307376,0.2648749546595169,1.3968827957093226,-2.2912121577442064,-0.3107267982730504
12.0,243.0,1004.1648559570312,-3.463539278014764,-4.726022100729972,-1.4363158007664143,2.1334699404495807,2.7982769635979667,1.773968030307376,0.2648749546595169,1.3968827957093226,-2.2912121577442064,-0.3107267982730504
12.0,243.0,1004.1648559570312,-3.4635392780415875,-4.726022570937718,-1.4363158007661352,2.1334699404495807,2.798276272434352,1.7739680053708071,0.2648749546595169,1.3968827957093226,-2.29121215737983,-0.3107267517367307
12.0,243.0,1004.1648559570312,-3.46353929020849,-4.726022051862871,-1.4363158007678245,2.1334699404495807,2.7982758520803626,1.7739679954558627,0.2648749546595169,1.3968827957093226,-2.2912121577570965,-0.3107268567286141
12.0,243.0,1004.1648559570312,-3.4635392780367984,-4.726022220314823,-1.4363158007657888,2.1334699404495807,2.7982769635979667,1.773968030307376,0.2648749546595169,1.3968827957093226,-2.29121215774426,-0.3107300201795661
12.0,243.0,1004.1648559570312,-3.463539278034765,-4.726022329517799,-1.4363158007772938,2.1334699404495807,2.79827690712146,1.773967845093527,0.2648749546595169,1.3968827957093226,-2.291212141748269,-0.3107498015202176
12.0,243.0,1004.1648559570312,-3.463539278047948,-4.726022230928764,-1.436315800625758,2.1334699404495807,2.79829013210366,1.7739708518664263,0.2648749546595169,1.3968827957093226,-2.291212141748269,-0.3107048342775853
12.0,243.0,1004.1648559570312,-3.463539278044491,-4.726022616221848,-1.4363158007702348,2.1334699404495807,2.798277092077448,1.773967957513847,0.2648749546595169,1.3968827957093226,-2.291212157461285,-0.3107269066153028
12.0,243.0,1004.1648559570312,-3.4635392780367984,-4.726022096807932,-1.43631580076641,2.1334699404495807,2.798276965077295,1.773968030307376,0.2648749546595169,1.3968827957093226,-2.291212157764721,-0.3107160363057482
12.0,243.0,1004.1648559570312,-3.4635392776519094,-4.726022082470412,-1.436315800615471,2.1334699404495807,2.7982918449547163,1.7739680491206855,0.2648749546595297,1.3968827957093226,-2.291212156636879,-0.3107153403628903
12.0,243.0,1004.1648559570312,-3.4635392780367984,-4.726022100729972,-1.4363158007664143,2.1334699404495807,2.7982769635979667,1.773968030307376,0.2648749546595169,1.3968827957093226,-2.2912121577442064,-0.3107267982730504
12.0,243.0,1004.1648559570312,-3.463539278027753,-4.726022575162048,-1.4363158007431265,2.1334699404495807,2.798275209828888,1.7739680053708071,0.2648749546595169,1.3968827957093226,-2.29121215737983,-0.3107494385294826
12.0,243.0,1004.1648559570312,-3.4635392780367984,-4.726022220337332,-1.4363158007657888,2.1334699404495807,2.7982769635979667,1.773968030307376,0.2648749546595169,1.3968827957093226,-2.29121215774426,-0.3107268567286141
12.0,243.0,1004.1648559570312,-3.4635392775530405,-4.726022100729972,-1.436315800743449,2.1334699404495807,2.7982769635979667,1.773968030307376,0.2648749546595169,1.3968827957093226,-2.2912121577442064,-0.3107296412250591
12.0,243.0,1004.1648559570312,-3.46353927754584,-4.72602208197731,-1.4363158007657852,2.1334699404495807,2.798276701353977,1.7739687503126702,0.2648749546595166,1.3968827957093226,-2.291212137710375,-0.3107268567286141
12.0,243.0,1004.1648559570312,-3.4635392775618885,-4.726022325293469,-1.4363158006261514,2.1334699404495807,2.798291194709124,1.7739708518664263,0.2648749546595169,1.3968827957093226,-2.291212141748269,-0.3107301968756547
12.0,243.0,1004.1648559570312,-3.4635392780367984,-4.726022619869302,-1.4363158007657888,2.1334699404495807,2.7982769635979667,1.7739679591318511,0.2648749546595169,1.3968827957093226,-2.29121215774426,-0.3107300201795661
12.0,243.0,1004.1648559570312,-3.463539277559192,-4.726022100481225,-1.4363158007657852,2.1334699404495807,2.798276702218564,1.7739680091904868,0.2648749546595166,1.3968827957093226,-2.291212137710375,-0.3107268567286141
12.0,243.0,1004.1648559570312,-3.463539278036677,-4.726022053832428,-1.4363158007664143,2.1334699404495807,2.7982769635979667,1.7739680049275963,0.2648749546595169,1.3968827957093226,-2.29121215772886,-0.3107267982730504
12.0,243.0,1004.1648559570312,-3.463539277771547,-4.726022228448254,-1.4363158007657888,2.1334699404495807,2.7982783329543497,1.773968030307376,0.2648749546595169,1.3968827957093226,-2.29121215774426,-0.3107271713302728
12.0,243.0,1004.1648559570312,-3.463539278047948,-4.726022235831008,-1.436315800625758,2.1334699404495807,2.79829013210366,1.7739708518664263,0.2648749546595169,1.3968827957093226,-2.291212141748269,-0.3107048342775853
12.0,243.0,1004.1648559570312,-3.4635392780367984,-4.726022220337332,-1.4363158007657888,2.1334699404495807,2.7982769635979667,1.773968030307376,0.2648749546595169,1.3968827957093226,-2.29121215774426,-0.3107268562336643
12.0,243.0,1004.1648559570312,-3.463539278010474,-4.726022226630325,-1.4363158007431691,2.1334699404495807,2.798276457492167,1.7739680302442815,0.2648749546595169,1.3968827957093226,-2.291212157389966,-0.3107143512429479
12.0,243.0,1004.1648559570312,-3.4635392780415875,-4.726022336531944,-1.4363158007661352,2.1334699404495807,2.7982765007550103,1.7739680149395385,0.2648749546595169,1.3968827957093226,-2.291212157257456,-0.3107267517367307
12.0,243.0,1004.1648559570312,-3.4635392780367984,-4.726022220337332,-1.4363158007657888,2.1334699404495807,2.7982769635979667,1.773968030307376,0.2648749546595169,1.3968827957093226,-2.29121215774426,-0.3107268567286141
12.0,243.0,1004.1648559570312,-3.4635392780417167,-4.726022082008367,-1.4363158007664103,2.1334699404495807,2.7982769635979667,1.773968030307376,0.2648749546595169,1.3968827957093226,-2.29121215774426,-0.3107268567286141
12.0,243.0,1004.1648559570312,-3.463539278044491,-4.726022616221848,-1.4363158007702348,2.1334699404495807,2.798277092077448,1.773967957513847,0.2648749546595169,1.3968827957093226,-2.291212157461285,-0.3107269066153028
12.0,243.0,1004.1648559570312,-3.463539278044491,-4.72602221666737,-1.4363158007702348,2.1334699404495807,2.798277092077448,1.7739680286893718,0.2648749546595169,1.3968827957093226,-2.291212157461285,-0.3107269066153028
12.0,243.0,1004.1648559570312,-3.4635392780373344,-4.72602162042625,-1.436315800766426,2.1334699404495807,2.7982769375182737,1.773968858338009,0.2648749546595169,1.3968827957093226,-2.29121215774426,-0.3107268567286141
12.0,243.0,1004.1648559570312,-3.463539278044658,-4.726022746606636,-1.436315800626108,2.1334699404495807,2.79829013210366,1.7739680140395864,0.2648749546595169,1.3968827957093226,-2.2912121417979194,-0.3107262746796668
12.0,243.0,1004.1648559570312,-3.463539277995656,-4.726022100729972,-1.4363158007657773,2.1334699404495807,2.798276964231978,1.773968030307376,0.2648749546595169,1.3968827957093226,-2.2912121577442064,-0.3107267982730504
12.0,243.0,1004.1648559570312,-3.4635392780278744,-4.726022622059593,-1.4363158007431265,2.1334699404495807,2.798275209828888,1.7739680307505865,0.2648749546595169,1.3968827957093226,-2.291212157395177,-0.3107494385294826
12.0,243.0,1004.1648559570312,-3.463539278047948,-4.726022230928764,-1.4363158007409782,2.1334699404495807,2.79829013210366,1.7739708518664263,0.2648749546595169,1.3968827957093226,-2.291212141748269,-0.3107048342775853
12.0,243.0,1004.1648559570312,-3.4635392780367984,-4.726022100729972,-1.4363158007664143,2.1334699404495807,2.7982769635979667,1.773968030307376,0.2648749546595169,1.3968827957093226,-2.291212157744013,-0.3107267982730504
12.0,243.0,1004.1648559570312,-3.4635392902622293,-4.726022071918471,-1.436315800615471,2.1334699404495807,2.798290213354344,1.7739687691259802,0.2648749546595293,1.3968827957093226,-2.291212136540837,-0.3107150257612316
12.0,244.0,1004.1630859375,-3.463539278044658,-4.727468272703962,-1.4363158007603145,2.1334699404495807,2.79829013210366,1.7739680137571043,0.2648749546595169,1.3968827957093226,-2.2912121417979194,-0.3107262746796668
12.0,244.0,1004.1648559570312,-3.4635392780367984,-4.726022096807932,-1.43631580076641,2.1334699404495807,2.7982769635979667,1.773968030307376,0.2648749546595169,1.3968827957093226,-2.29121215776467,-0.3107166211535003
12.0,244.0,1004.1648559570312,-3.4635392780367984,-4.726022220337332,-1.4363158007657888,2.1334699404495807,2.7982769635979667,1.773968030307376,0.2648749546595169,1.3968827957093226,-2.29121215774426,-0.3107268567286141
12.0,244.0,1004.1648559570312,-3.4635392780367984,-4.726022220337332,-1.4363158007657888,2.1334699404495807,2.7982769635979667,1.773968030307376,0.2648749546595169,1.3968827957093226,-2.29121215774426,-0.3107268567286141
12.0,244.0,1004.1648559570312,-3.4635392780367984,-4.726022096807932,-1.43631580076641,2.1334699404495807,2.7982769635979667,1.773968030307376,0.2648749546595169,1.3968827957093226,-2.29121215776467,-0.3107160363057482
12.0,244.0,1004.1648559570312,-3.4635392780367984,-4.726022100729972,-1.4363158007664143,2.1334699404495807,2.7982769635979667,1.773968030307376,0.2648749546595169,1.3968827957093226,-2.2912121577442064,-0.3107267982730504
12.0,244.0,1004.1648559570312,-3.463539277996192,-4.726022220337332,-1.4363158007657888,2.1334699404495807,2.798276939778221,1.773968030307376,0.2648749546595169,1.3968827957093226,-2.29121215774426,-0.3107268567286141
12.0,244.0,1004.1648559570312,-3.463539277544369,-4.726022082008367,-1.4363158007657852,2.1334699404495807,2.7982769635979667,1.773968030307376,0.2648749546595169,1.3968827957093226,-2.29121215774426,-0.3107268567286141
12.0,244.0,1004.1648559570312,-3.4635392899969784,-4.726022080029392,-1.436315800615471,2.1334699404495807,2.798291582710727,1.7739687691259802,0.2648749546595293,1.3968827957093226,-2.291212136540837,-0.3107153403628903
12.0,244.0,1004.1648559570312,-3.46353927755801,-4.726022100623873,-1.43631580076641,2.1334699404495807,2.7982769635979667,1.773968030307376,0.2648749546595169,1.3968827957093226,-2.2912121579976645,-0.3107396545896154
12.0,244.0,1004.1648559570312,-3.463539277557829,-4.726022570937718,-1.4363158007431696,2.1334699404495807,2.798276272434352,1.7739680053708071,0.2648749546595169,1.3968827957093226,-2.29121215737983,-0.3107295946887394
12.0,244.0,1004.1648559570312,-3.46353927803752,-4.726022220337332,-1.4363158007657888,2.1334699404495807,2.798276939002846,1.773968030307376,0.2648749546595169,1.3968827957093226,-2.29121215775214,-0.3107268567286141
12.0,244.0,1004.1648559570312,-3.463539278031812,-4.726022329517799,-1.436315800626108,2.1334699404495807,2.79829013210366,1.7739708518664263,0.2648749546595169,1.3968827957093226,-2.291212141748269,-0.310750040716398
12.0,244.0,1004.1648559570312,-3.4635392780373344,-4.726022220337332,-1.436315800766426,2.1334699404495807,2.7982769391442104,1.773968030307376,0.2648749546595169,1.3968827957093226,-2.29121215774426,-0.3107268567286141
12.0,244.0,1004.1648559570312,-3.463539278044658,-4.726022322164558,-1.436315800626108,2.1334699404495807,2.79829013210366,1.7739708518664263,0.2648749546595169,1.3968827957093226,-2.291212141748269,-0.3107048342775853
12.0,244.0,1004.1648559570312,-3.46353927765338,-4.726022082439355,-1.436315800615471,2.1334699404495807,2.798291582710727,1.7739687691259802,0.2648749546595293,1.3968827957093226,-2.2912121366029936,-0.3107153403628903
12.0,244.0,1004.1648559570312,-3.463539277995656,-4.726022100729972,-1.4363158007657773,2.1334699404495807,2.798276964231978,1.773968030307376,0.2648749546595169,1.3968827957093226,-2.2912121577442064,-0.3107267982730504
12.0,244.0,1004.1648559570312,-3.463539278014764,-4.726022100729972,-1.4363158007664143,2.1334699404495807,2.7982769635979667,1.773968030307376,0.2648749546595169,1.3968827957093226,-2.2912121577442064,-0.3107267982730504
12.0,244.0,1004.1648559570312,-3.4635392780415875,-4.726022570937718,-1.4363158007661352,2.1334699404495807,2.798276272434352,1.7739680053708071,0.2648749546595169,1.3968827957093226,-2.29121215737983,-0.3107267517367307
12.0,244.0,1004.1648559570312,-3.46353929020849,-4.726022051862871,-1.4363158007678245,2.1334699404495807,2.7982758520803626,1.7739679954558627,0.2648749546595169,1.3968827957093226,-2.2912121577570965,-0.3107268567286141
12.0,244.0,1004.1648559570312,-3.4635392780367984,-4.726022220314823,-1.4363158007657888,2.1334699404495807,2.7982769635979667,1.773968030307376,0.2648749546595169,1.3968827957093226,-2.29121215774426,-0.3107300201795661
12.0,244.0,1004.1648559570312,-3.463539278034765,-4.726022329517799,-1.4363158007772938,2.1334699404495807,2.79827690712146,1.773967845093527,0.2648749546595169,1.3968827957093226,-2.291212141748269,-0.3107498015202176
12.0,244.0,1004.1648559570312,-3.463539278047948,-4.726022230928764,-1.436315800625758,2.1334699404495807,2.79829013210366,1.7739708518664263,0.2648749546595169,1.3968827957093226,-2.291212141748269,-0.3107048342775853
12.0,244.0,1004.1648559570312,-3.463539278044491,-4.726022616221848,-1.4363158007702348,2.1334699404495807,2.798277092077448,1.773967957513847,0.2648749546595169,1.3968827957093226,-2.291212157461285,-0.3107269066153028
12.0,244.0,1004.1648559570312,-3.4635392780367984,-4.726022096807932,-1.43631580076641,2.1334699404495807,2.798276965077295,1.773968030307376,0.2648749546595169,1.3968827957093226,-2.291212157764721,-0.3107160363057482
12.0,244.0,1004.1648559570312,-3.4635392776519094,-4.726022082470412,-1.436315800615471,2.1334699404495807,2.7982918449547163,1.7739680491206855,0.2648749546595297,1.3968827957093226,-2.291212156636879,-0.3107153403628903
12.0,244.0,1004.1648559570312,-3.4635392780367984,-4.726022100729972,-1.4363158007664143,2.1334699404495807,2.7982769635979667,1.773968030307376,0.2648749546595169,1.3968827957093226,-2.2912121577442064,-0.3107267982730504
12.0,244.0,1004.1648559570312,-3.463539278027753,-4.726022575162048,-1.4363158007431265,2.1334699404495807,2.798275209828888,1.7739680053708071,0.2648749546595169,1.3968827957093226,-2.29121215737983,-0.3107494385294826
12.0,244.0,1004.1648559570312,-3.4635392780367984,-4.726022220337332,-1.4363158007657888,2.1334699404495807,2.7982769635979667,1.773968030307376,0.2648749546595169,1.3968827957093226,-2.29121215774426,-0.3107268567286141
12.0,244.0,1004.1648559570312,-3.4635392775530405,-4.726022100729972,-1.436315800743449,2.1334699404495807,2.7982769635979667,1.773968030307376,0.2648749546595169,1.3968827957093226,-2.2912121577442064,-0.3107296412250591
12.0,244.0,1004.1648559570312,-3.46353927754584,-4.72602208197731,-1.4363158007657852,2.1334699404495807,2.798276701353977,1.7739687503126702,0.2648749546595166,1.3968827957093226,-2.291212137710375,-0.3107268567286141
12.0,244.0,1004.1648559570312,-3.4635392775618885,-4.726022325293469,-1.4363158006261514,2.1334699404495807,2.798291194709124,1.7739708518664263,0.2648749546595169,1.3968827957093226,-2.291212141748269,-0.3107301968756547
12.0,244.0,1004.1648559570312,-3.4635392780367984,-4.726022619869302,-1.4363158007657888,2.1334699404495807,2.7982769635979667,1.7739679591318511,0.2648749546595169,1.3968827957093226,-2.29121215774426,-0.3107300201795661
12.0,244.0,1004.1648559570312,-3.463539277559192,-4.726022100481225,-1.4363158007657852,2.1334699404495807,2.798276702218564,1.7739680091904868,0.2648749546595166,1.3968827957093226,-2.291212137710375,-0.3107268567286141
12.0,244.0,1004.1648559570312,-3.463539278036677,-4.726022053832428,-1.4363158007664143,2.1334699404495807,2.7982769635979667,1.7739680049275963,0.2648749546595169,1.3968827957093226,-2.29121215772886,-0.3107267982730504
12.0,244.0,1004.1648559570312,-3.463539277771547,-4.726022228448254,-1.4363158007657888,2.1334699404495807,2.7982783329543497,1.773968030307376,0.2648749546595169,1.3968827957093226,-2.29121215774426,-0.3107271713302728
12.0,244.0,1004.1648559570312,-3.463539278047948,-4.726022235831008,-1.436315800625758,2.1334699404495807,2.79829013210366,1.7739708518664263,0.2648749546595169,1.3968827957093226,-2.291212141748269,-0.3107048342775853
12.0,244.0,1004.1648559570312,-3.4635392780367984,-4.726022220337332,-1.4363158007657888,2.1334699404495807,2.7982769635979667,1.773968030307376,0.2648749546595169,1.3968827957093226,-2.29121215774426,-0.3107268562336643
12.0,244.0,1004.1648559570312,-3.463539278010474,-4.726022226630325,-1.4363158007431691,2.1334699404495807,2.798276457492167,1.7739680302442815,0.2648749546595169,1.3968827957093226,-2.291212157389966,-0.3107143512429479
12.0,244.0,1004.1648559570312,-3.4635392780415875,-4.726022336531944,-1.4363158007661352,2.1334699404495807,2.7982765007550103,1.7739680149395385,0.2648749546595169,1.3968827957093226,-2.291212157257456,-0.3107267517367307
12.0,244.0,1004.1648559570312,-3.4635392780367984,-4.726022220337332,-1.4363158007657888,2.1334699404495807,2.7982769635979667,1.773968030307376,0.2648749546595169,1.3968827957093226,-2.29121215774426,-0.3107268567286141
12.0,244.0,1004.1648559570312,-3.4635392780417167,-4.726022082008367,-1.4363158007664103,2.1334699404495807,2.7982769635979667,1.773968030307376,0.2648749546595169,1.3968827957093226,-2.29121215774426,-0.3107268567286141
12.0,244.0,1004.1648559570312,-3.463539278044491,-4.726022616221848,-1.4363158007702348,2.1334699404495807,2.798277092077448,1.773967957513847,0.2648749546595169,1.3968827957093226,-2.291212157461285,-0.3107269066153028
12.0,244.0,1004.1648559570312,-3.463539278044491,-4.72602221666737,-1.4363158007702348,2.1334699404495807,2.798277092077448,1.7739680286893718,0.2648749546595169,1.3968827957093226,-2.291212157461285,-0.3107269066153028
12.0,244.0,1004.1648559570312,-3.4635392780373344,-4.72602162042625,-1.436315800766426,2.1334699404495807,2.7982769375182737,1.773968858338009,0.2648749546595169,1.3968827957093226,-2.29121215774426,-0.3107268567286141
12.0,244.0,1004.1648559570312,-3.463539278044658,-4.726022746606636,-1.436315800626108,2.1334699404495807,2.79829013210366,1.7739680140395864,0.2648749546595169,1.3968827957093226,-2.2912121417979194,-0.3107262746796668
12.0,244.0,1004.1648559570312,-3.463539277995656,-4.726022100729972,-1.4363158007657773,2.1334699404495807,2.798276964231978,1.773968030307376,0.2648749546595169,1.3968827957093226,-2.2912121577442064,-0.3107267982730504
12.0,244.0,1004.1648559570312,-3.4635392780278744,-4.726022622059593,-1.4363158007431265,2.1334699404495807,2.798275209828888,1.7739680307505865,0.2648749546595169,1.3968827957093226,-2.291212157395177,-0.3107494385294826
12.0,244.0,1004.1648559570312,-3.463539278047948,-4.726022230928764,-1.4363158007409782,2.1334699404495807,2.79829013210366,1.7739708518664263,0.2648749546595169,1.3968827957093226,-2.291212141748269,-0.3107048342775853
12.0,244.0,1004.1648559570312,-3.4635392780367984,-4.726022100729972,-1.4363158007664143,2.1334699404495807,2.7982769635979667,1.773968030307376,0.2648749546595169,1.3968827957093226,-2.291212157744013,-0.3107267982730504
12.0,245.0,1004.1630859375,-3.463539278044658,-4.727468272703962,-1.4363158007603145,2.1334699404495807,2.79829013210366,1.7739680137571043,0.2648749546595169,1.3968827957093226,-2.2912121417979194,-0.3107262746796668
12.0,245.0,1004.1648559570312,-3.4635392780367984,-4.726022096807932,-1.43631580076641,2.1334699404495807,2.7982769635979667,1.773968030307376,0.2648749546595169,1.3968827957093226,-2.29121215776467,-0.3107166211535003
12.0,245.0,1004.1648559570312,-3.4635392780367984,-4.726022220337332,-1.4363158007657888,2.1334699404495807,2.7982769635979667,1.773968030307376,0.2648749546595169,1.3968827957093226,-2.29121215774426,-0.3107268567286141
12.0,245.0,1004.1648559570312,-3.4635392780367984,-4.726022220337332,-1.4363158007657888,2.1334699404495807,2.7982769635979667,1.773968030307376,0.2648749546595169,1.3968827957093226,-2.29121215774426,-0.3107268567286141
12.0,245.0,1004.1648559570312,-3.4635392780367984,-4.726022096807932,-1.43631580076641,2.1334699404495807,2.7982769635979667,1.773968030307376,0.2648749546595169,1.3968827957093226,-2.29121215776467,-0.3107160363057482
12.0,245.0,1004.1648559570312,-3.4635392780367984,-4.726022100729972,-1.4363158007664143,2.1334699404495807,2.7982769635979667,1.773968030307376,0.2648749546595169,1.3968827957093226,-2.2912121577442064,-0.3107267982730504
12.0,245.0,1004.1648559570312,-3.463539277996192,-4.726022220337332,-1.4363158007657888,2.1334699404495807,2.798276939778221,1.773968030307376,0.2648749546595169,1.3968827957093226,-2.29121215774426,-0.3107268567286141
12.0,245.0,1004.1648559570312,-3.463539277544369,-4.726022082008367,-1.4363158007657852,2.1334699404495807,2.7982769635979667,1.773968030307376,0.2648749546595169,1.3968827957093226,-2.29121215774426,-0.3107268567286141
12.0,245.0,1004.1648559570312,-3.4635392899969784,-4.726022080029392,-1.436315800615471,2.1334699404495807,2.798291582710727,1.7739687691259802,0.2648749546595293,1.3968827957093226,-2.291212136540837,-0.3107153403628903
12.0,245.0,1004.1648559570312,-3.46353927755801,-4.726022100623873,-1.43631580076641,2.1334699404495807,2.7982769635979667,1.773968030307376,0.2648749546595169,1.3968827957093226,-2.2912121579976645,-0.3107396545896154
12.0,245.0,1004.1648559570312,-3.463539277557829,-4.726022570937718,-1.4363158007431696,2.1334699404495807,2.798276272434352,1.7739680053708071,0.2648749546595169,1.3968827957093226,-2.29121215737983,-0.3107295946887394
12.0,245.0,1004.1648559570312,-3.46353927803752,-4.726022220337332,-1.4363158007657888,2.1334699404495807,2.798276939002846,1.773968030307376,0.2648749546595169,1.3968827957093226,-2.29121215775214,-0.3107268567286141
12.0,245.0,1004.1648559570312,-3.463539278031812,-4.726022329517799,-1.436315800626108,2.1334699404495807,2.79829013210366,1.7739708518664263,0.2648749546595169,1.3968827957093226,-2.291212141748269,-0.310750040716398
12.0,245.0,1004.1648559570312,-3.4635392780373344,-4.726022220337332,-1.436315800766426,2.1334699404495807,2.7982769391442104,1.773968030307376,0.2648749546595169,1.3968827957093226,-2.29121215774426,-0.3107268567286141
12.0,245.0,1004.1648559570312,-3.463539278044658,-4.726022322164558,-1.436315800626108,2.1334699404495807,2.79829013210366,1.7739708518664263,0.2648749546595169,1.3968827957093226,-2.291212141748269,-0.3107048342775853
12.0,245.0,1004.1648559570312,-3.46353927765338,-4.726022082439355,-1.436315800615471,2.1334699404495807,2.798291582710727,1.7739687691259802,0.2648749546595293,1.3968827957093226,-2.2912121366029936,-0.3107153403628903
12.0,245.0,1004.1648559570312,-3.463539277995656,-4.726022100729972,-1.4363158007657773,2.1334699404495807,2.798276964231978,1.773968030307376,0.2648749546595169,1.3968827957093226,-2.2912121577442064,-0.3107267982730504
12.0,245.0,1004.1648559570312,-3.463539278014764,-4.726022100729972,-1.4363158007664143,2.1334699404495807,2.7982769635979667,1.773968030307376,0.2648749546595169,1.3968827957093226,-2.2912121577442064,-0.3107267982730504
12.0,245.0,1004.1648559570312,-3.4635392780415875,-4.726022570937718,-1.4363158007661352,2.1334699404495807,2.798276272434352,1.7739680053708071,0.2648749546595169,1.3968827957093226,-2.29121215737983,-0.3107267517367307
12.0,245.0,1004.1648559570312,-3.46353929020849,-4.726022051862871,-1.4363158007678245,2.1334699404495807,2.7982758520803626,1.7739679954558627,0.2648749546595169,1.3968827957093226,-2.2912121577570965,-0.3107268567286141
12.0,245.0,1004.1648559570312,-3.4635392780367984,-4.726022220314823,-1.4363158007657888,2.1334699404495807,2.7982769635979667,1.773968030307376,0.2648749546595169,1.3968827957093226,-2.29121215774426,-0.3107300201795661
12.0,245.0,1004.1648559570312,-3.463539278034765,-4.726022329517799,-1.4363158007772938,2.1334699404495807,2.79827690712146,1.773967845093527,0.2648749546595169,1.3968827957093226,-2.291212141748269,-0.3107498015202176
12.0,245.0,1004.1648559570312,-3.463539278047948,-4.726022230928764,-1.436315800625758,2.1334699404495807,2.79829013210366,1.7739708518664263,0.2648749546595169,1.3968827957093226,-2.291212141748269,-0.3107048342775853
12.0,245.0,1004.1648559570312,-3.463539278044491,-4.726022616221848,-1.4363158007702348,2.1334699404495807,2.798277092077448,1.773967957513847,0.2648749546595169,1.3968827957093226,-2.291212157461285,-0.3107269066153028
12.0,245.0,1004.1648559570312,-3.4635392780367984,-4.726022096807932,-1.43631580076641,2.1334699404495807,2.798276965077295,1.773968030307376,0.2648749546595169,1.3968827957093226,-2.291212157764721,-0.3107160363057482
12.0,245.0,1004.1648559570312,-3.4635392776519094,-4.726022082470412,-1.436315800615471,2.1334699404495807,2.7982918449547163,1.7739680491206855,0.2648749546595297,1.3968827957093226,-2.291212156636879,-0.3107153403628903
12.0,245.0,1004.1648559570312,-3.4635392780367984,-4.726022100729972,-1.4363158007664143,2.1334699404495807,2.7982769635979667,1.773968030307376,0.2648749546595169,1.3968827957093226,-2.2912121577442064,-0.3107267982730504
12.0,245.0,1004.1648559570312,-3.463539278027753,-4.726022575162048,-1.4363158007431265,2.1334699404495807,2.798275209828888,1.7739680053708071,0.2648749546595169,1.3968827957093226,-2.29121215737983,-0.3107494385294826
12.0,245.0,1004.1648559570312,-3.4635392780367984,-4.726022220337332,-1.4363158007657888,2.1334699404495807,2.7982769635979667,1.773968030307376,0.2648749546595169,1.3968827957093226,-2.29121215774426,-0.3107268567286141
12.0,245.0,1004.1648559570312,-3.4635392775530405,-4.726022100729972,-1.436315800743449,2.1334699404495807,2.7982769635979667,1.773968030307376,0.2648749546595169,1.3968827957093226,-2.2912121577442064,-0.3107296412250591
12.0,245.0,1004.1648559570312,-3.46353927754584,-4.72602208197731,-1.4363158007657852,2.1334699404495807,2.798276701353977,1.7739687503126702,0.2648749546595166,1.3968827957093226,-2.291212137710375,-0.3107268567286141
12.0,245.0,1004.1648559570312,-3.4635392775618885,-4.726022325293469,-1.4363158006261514,2.1334699404495807,2.798291194709124,1.7739708518664263,0.2648749546595169,1.3968827957093226,-2.291212141748269,-0.3107301968756547
12.0,245.0,1004.1648559570312,-3.4635392780367984,-4.726022619869302,-1.4363158007657888,2.1334699404495807,2.7982769635979667,1.7739679591318511,0.2648749546595169,1.3968827957093226,-2.29121215774426,-0.3107300201795661
12.0,245.0,1004.1648559570312,-3.463539277559192,-4.726022100481225,-1.4363158007657852,2.1334699404495807,2.798276702218564,1.7739680091904868,0.2648749546595166,1.3968827957093226,-2.291212137710375,-0.3107268567286141
12.0,245.0,1004.1648559570312,-3.463539278036677,-4.726022053832428,-1.4363158007664143,2.1334699404495807,2.7982769635979667,1.7739680049275963,0.2648749546595169,1.3968827957093226,-2.29121215772886,-0.3107267982730504
12.0,245.0,1004.1648559570312,-3.463539277771547,-4.726022228448254,-1.4363158007657888,2.1334699404495807,2.7982783329543497,1.773968030307376,0.2648749546595169,1.3968827957093226,-2.29121215774426,-0.3107271713302728
12.0,245.0,1004.1648559570312,-3.463539278047948,-4.726022235831008,-1.436315800625758,2.1334699404495807,2.79829013210366,1.7739708518664263,0.2648749546595169,1.3968827957093226,-2.291212141748269,-0.3107048342775853
12.0,245.0,1004.1648559570312,-3.4635392780367984,-4.726022220337332,-1.4363158007657888,2.1334699404495807,2.7982769635979667,1.773968030307376,0.2648749546595169,1.3968827957093226,-2.29121215774426,-0.3107268562336643
12.0,245.0,1004.1648559570312,-3.463539278010474,-4.726022226630325,-1.4363158007431691,2.1334699404495807,2.798276457492167,1.7739680302442815,0.2648749546595169,1.3968827957093226,-2.291212157389966,-0.3107143512429479
12.0,245.0,1004.1648559570312,-3.4635392780415875,-4.726022336531944,-1.4363158007661352,2.1334699404495807,2.7982765007550103,1.7739680149395385,0.2648749546595169,1.3968827957093226,-2.291212157257456,-0.3107267517367307
12.0,245.0,1004.1648559570312,-3.4635392780367984,-4.726022220337332,-1.4363158007657888,2.1334699404495807,2.7982769635979667,1.773968030307376,0.2648749546595169,1.3968827957093226,-2.29121215774426,-0.3107268567286141
12.0,245.0,1004.1648559570312,-3.4635392780417167,-4.726022082008367,-1.4363158007664103,2.1334699404495807,2.7982769635979667,1.773968030307376,0.2648749546595169,1.3968827957093226,-2.29121215774426,-0.3107268567286141
12.0,245.0,1004.1648559570312,-3.463539278044491,-4.726022616221848,-1.4363158007702348,2.1334699404495807,2.798277092077448,1.773967957513847,0.2648749546595169,1.3968827957093226,-2.291212157461285,-0.3107269066153028
12.0,245.0,1004.1648559570312,-3.463539278044491,-4.72602221666737,-1.4363158007702348,2.1334699404495807,2.798277092077448,1.7739680286893718,0.2648749546595169,1.3968827957093226,-2.291212157461285,-0.3107269066153028
12.0,245.0,1004.1648559570312,-3.4635392780373344,-4.72602162042625,-1.436315800766426,2.1334699404495807,2.7982769375182737,1.773968858338009,0.2648749546595169,1.3968827957093226,-2.29121215774426,-0.3107268567286141
12.0,245.0,1004.1648559570312,-3.463539278044658,-4.726022746606636,-1.436315800626108,2.1334699404495807,2.79829013210366,1.7739680140395864,0.2648749546595169,1.3968827957093226,-2.2912121417979194,-0.3107262746796668
12.0,245.0,1004.1648559570312,-3.463539277995656,-4.726022100729972,-1.4363158007657773,2.1334699404495807,2.798276964231978,1.773968030307376,0.2648749546595169,1.3968827957093226,-2.2912121577442064,-0.3107267982730504
12.0,245.0,1004.1648559570312,-3.4635392780278744,-4.726022622059593,-1.4363158007431265,2.1334699404495807,2.798275209828888,1.7739680307505865,0.2648749546595169,1.3968827957093226,-2.291212157395177,-0.3107494385294826
12.0,245.0,1004.1648559570312,-3.463539278047948,-4.726022230928764,-1.4363158007409782,2.1334699404495807,2.79829013210366,1.7739708518664263,0.2648749546595169,1.3968827957093226,-2.291212141748269,-0.3107048342775853
12.0,245.0,1004.1648559570312,-3.4635392780367984,-4.726022100729972,-1.4363158007664143,2.1334699404495807,2.7982769635979667,1.773968030307376,0.2648749546595169,1.3968827957093226,-2.291212157744013,-0.3107267982730504
12.0,246.0,1004.1630859375,-3.463539278044658,-4.727468272703962,-1.4363158007603145,2.1334699404495807,2.79829013210366,1.7739680137571043,0.2648749546595169,1.3968827957093226,-2.2912121417979194,-0.3107262746796668
12.0,246.0,1004.1630859375,-3.463539278044658,-4.727468272703962,-1.4363158007603145,2.1334699404495807,2.7982762751034715,1.7739680050746829,0.2648749546595169,1.3968827957093226,-2.2912121417979194,-0.3107262746796668
12.0,246.0,1004.1648559570312,-3.4635392780367984,-4.726022096807932,-1.43631580076641,2.1334699404495807,2.7982769635979667,1.773968030307376,0.2648749546595169,1.3968827957093226,-2.29121215776467,-0.3107166211535003
12.0,246.0,1004.1648559570312,-3.4635392780367984,-4.726022220337332,-1.4363158007657888,2.1334699404495807,2.7982769635979667,1.773968030307376,0.2648749546595169,1.3968827957093226,-2.29121215774426,-0.3107268567286141
12.0,246.0,1004.1648559570312,-3.4635392780367984,-4.726022220337332,-1.4363158007657888,2.1334699404495807,2.7982769635979667,1.773968030307376,0.2648749546595169,1.3968827957093226,-2.29121215774426,-0.3107268567286141
12.0,246.0,1004.1648559570312,-3.4635392780367984,-4.726022096807932,-1.43631580076641,2.1334699404495807,2.7982769635979667,1.773968030307376,0.2648749546595169,1.3968827957093226,-2.29121215776467,-0.3107160363057482
12.0,246.0,1004.1648559570312,-3.4635392780367984,-4.726022100729972,-1.4363158007664143,2.1334699404495807,2.7982769635979667,1.773968030307376,0.2648749546595169,1.3968827957093226,-2.2912121577442064,-0.3107267982730504
12.0,246.0,1004.1648559570312,-3.463539277996192,-4.726022220337332,-1.4363158007657888,2.1334699404495807,2.798276939778221,1.773968030307376,0.2648749546595169,1.3968827957093226,-2.29121215774426,-0.3107268567286141
12.0,246.0,1004.1648559570312,-3.463539277544369,-4.726022082008367,-1.4363158007657852,2.1334699404495807,2.7982769635979667,1.773968030307376,0.2648749546595169,1.3968827957093226,-2.29121215774426,-0.3107268567286141
12.0,246.0,1004.1648559570312,-3.4635392899969784,-4.726022080029392,-1.436315800615471,2.1334699404495807,2.798291582710727,1.7739687691259802,0.2648749546595293,1.3968827957093226,-2.291212136540837,-0.3107153403628903
12.0,246.0,1004.1648559570312,-3.46353927755801,-4.726022100623873,-1.43631580076641,2.1334699404495807,2.7982769635979667,1.773968030307376,0.2648749546595169,1.3968827957093226,-2.2912121579976645,-0.3107396545896154
12.0,246.0,1004.1648559570312,-3.463539277557829,-4.726022570937718,-1.4363158007431696,2.1334699404495807,2.798276272434352,1.7739680053708071,0.2648749546595169,1.3968827957093226,-2.29121215737983,-0.3107295946887394
12.0,246.0,1004.1648559570312,-3.46353927803752,-4.726022220337332,-1.4363158007657888,2.1334699404495807,2.798276939002846,1.773968030307376,0.2648749546595169,1.3968827957093226,-2.29121215775214,-0.3107268567286141
12.0,246.0,1004.1648559570312,-3.463539278031812,-4.726022329517799,-1.436315800626108,2.1334699404495807,2.79829013210366,1.7739708518664263,0.2648749546595169,1.3968827957093226,-2.291212141748269,-0.310750040716398
12.0,246.0,1004.1648559570312,-3.4635392780373344,-4.726022220337332,-1.436315800766426,2.1334699404495807,2.7982769391442104,1.773968030307376,0.2648749546595169,1.3968827957093226,-2.29121215774426,-0.3107268567286141
12.0,246.0,1004.1648559570312,-3.463539278044658,-4.726022322164558,-1.436315800626108,2.1334699404495807,2.79829013210366,1.7739708518664263,0.2648749546595169,1.3968827957093226,-2.291212141748269,-0.3107048342775853
12.0,246.0,1004.1648559570312,-3.46353927765338,-4.726022082439355,-1.436315800615471,2.1334699404495807,2.798291582710727,1.7739687691259802,0.2648749546595293,1.3968827957093226,-2.2912121366029936,-0.3107153403628903
12.0,246.0,1004.1648559570312,-3.463539277995656,-4.726022100729972,-1.4363158007657773,2.1334699404495807,2.798276964231978,1.773968030307376,0.2648749546595169,1.3968827957093226,-2.2912121577442064,-0.3107267982730504
12.0,246.0,1004.1648559570312,-3.463539278014764,-4.726022100729972,-1.4363158007664143,2.1334699404495807,2.7982769635979667,1.773968030307376,0.2648749546595169,1.3968827957093226,-2.2912121577442064,-0.3107267982730504
12.0,246.0,1004.1648559570312,-3.4635392780415875,-4.726022570937718,-1.4363158007661352,2.1334699404495807,2.798276272434352,1.7739680053708071,0.2648749546595169,1.3968827957093226,-2.29121215737983,-0.3107267517367307
12.0,246.0,1004.1648559570312,-3.46353929020849,-4.726022051862871,-1.4363158007678245,2.1334699404495807,2.7982758520803626,1.7739679954558627,0.2648749546595169,1.3968827957093226,-2.2912121577570965,-0.3107268567286141
12.0,246.0,1004.1648559570312,-3.4635392780367984,-4.726022220314823,-1.4363158007657888,2.1334699404495807,2.7982769635979667,1.773968030307376,0.2648749546595169,1.3968827957093226,-2.29121215774426,-0.3107300201795661
12.0,246.0,1004.1648559570312,-3.463539278034765,-4.726022329517799,-1.4363158007772938,2.1334699404495807,2.79827690712146,1.773967845093527,0.2648749546595169,1.3968827957093226,-2.291212141748269,-0.3107498015202176
12.0,246.0,1004.1648559570312,-3.463539278047948,-4.726022230928764,-1.436315800625758,2.1334699404495807,2.79829013210366,1.7739708518664263,0.2648749546595169,1.3968827957093226,-2.291212141748269,-0.3107048342775853
12.0,246.0,1004.1648559570312,-3.463539278044491,-4.726022616221848,-1.4363158007702348,2.1334699404495807,2.798277092077448,1.773967957513847,0.2648749546595169,1.3968827957093226,-2.291212157461285,-0.3107269066153028
12.0,246.0,1004.1648559570312,-3.4635392780367984,-4.726022096807932,-1.43631580076641,2.1334699404495807,2.798276965077295,1.773968030307376,0.2648749546595169,1.3968827957093226,-2.291212157764721,-0.3107160363057482
12.0,246.0,1004.1648559570312,-3.4635392776519094,-4.726022082470412,-1.436315800615471,2.1334699404495807,2.7982918449547163,1.7739680491206855,0.2648749546595297,1.3968827957093226,-2.291212156636879,-0.3107153403628903
12.0,246.0,1004.1648559570312,-3.4635392780367984,-4.726022100729972,-1.4363158007664143,2.1334699404495807,2.7982769635979667,1.773968030307376,0.2648749546595169,1.3968827957093226,-2.2912121577442064,-0.3107267982730504
12.0,246.0,1004.1648559570312,-3.463539278027753,-4.726022575162048,-1.4363158007431265,2.1334699404495807,2.798275209828888,1.7739680053708071,0.2648749546595169,1.3968827957093226,-2.29121215737983,-0.3107494385294826
12.0,246.0,1004.1648559570312,-3.4635392780367984,-4.726022220337332,-1.4363158007657888,2.1334699404495807,2.7982769635979667,1.773968030307376,0.2648749546595169,1.3968827957093226,-2.29121215774426,-0.3107268567286141
12.0,246.0,1004.1648559570312,-3.4635392775530405,-4.726022100729972,-1.436315800743449,2.1334699404495807,2.7982769635979667,1.773968030307376,0.2648749546595169,1.3968827957093226,-2.2912121577442064,-0.3107296412250591
12.0,246.0,1004.1648559570312,-3.46353927754584,-4.72602208197731,-1.4363158007657852,2.1334699404495807,2.798276701353977,1.7739687503126702,0.2648749546595166,1.3968827957093226,-2.291212137710375,-0.3107268567286141
12.0,246.0,1004.1648559570312,-3.4635392775618885,-4.726022325293469,-1.4363158006261514,2.1334699404495807,2.798291194709124,1.7739708518664263,0.2648749546595169,1.3968827957093226,-2.291212141748269,-0.3107301968756547
12.0,246.0,1004.1648559570312,-3.4635392780367984,-4.726022619869302,-1.4363158007657888,2.1334699404495807,2.7982769635979667,1.7739679591318511,0.2648749546595169,1.3968827957093226,-2.29121215774426,-0.3107300201795661
12.0,246.0,1004.1648559570312,-3.463539277559192,-4.726022100481225,-1.4363158007657852,2.1334699404495807,2.798276702218564,1.7739680091904868,0.2648749546595166,1.3968827957093226,-2.291212137710375,-0.3107268567286141
12.0,246.0,1004.1648559570312,-3.463539278036677,-4.726022053832428,-1.4363158007664143,2.1334699404495807,2.7982769635979667,1.7739680049275963,0.2648749546595169,1.3968827957093226,-2.29121215772886,-0.3107267982730504
12.0,246.0,1004.1648559570312,-3.463539277771547,-4.726022228448254,-1.4363158007657888,2.1334699404495807,2.7982783329543497,1.773968030307376,0.2648749546595169,1.3968827957093226,-2.29121215774426,-0.3107271713302728
12.0,246.0,1004.1648559570312,-3.463539278047948,-4.726022235831008,-1.436315800625758,2.1334699404495807,2.79829013210366,1.7739708518664263,0.2648749546595169,1.3968827957093226,-2.291212141748269,-0.3107048342775853
12.0,246.0,1004.1648559570312,-3.4635392780367984,-4.726022220337332,-1.4363158007657888,2.1334699404495807,2.7982769635979667,1.773968030307376,0.2648749546595169,1.3968827957093226,-2.29121215774426,-0.3107268562336643
12.0,246.0,1004.1648559570312,-3.463539278010474,-4.726022226630325,-1.4363158007431691,2.1334699404495807,2.798276457492167,1.7739680302442815,0.2648749546595169,1.3968827957093226,-2.291212157389966,-0.3107143512429479
12.0,246.0,1004.1648559570312,-3.4635392780415875,-4.726022336531944,-1.4363158007661352,2.1334699404495807,2.7982765007550103,1.7739680149395385,0.2648749546595169,1.3968827957093226,-2.291212157257456,-0.3107267517367307
12.0,246.0,1004.1648559570312,-3.4635392780367984,-4.726022220337332,-1.4363158007657888,2.1334699404495807,2.7982769635979667,1.773968030307376,0.2648749546595169,1.3968827957093226,-2.29121215774426,-0.3107268567286141
12.0,246.0,1004.1648559570312,-3.4635392780417167,-4.726022082008367,-1.4363158007664103,2.1334699404495807,2.7982769635979667,1.773968030307376,0.2648749546595169,1.3968827957093226,-2.29121215774426,-0.3107268567286141
12.0,246.0,1004.1648559570312,-3.463539278044491,-4.726022616221848,-1.4363158007702348,2.1334699404495807,2.798277092077448,1.773967957513847,0.2648749546595169,1.3968827957093226,-2.291212157461285,-0.3107269066153028
12.0,246.0,1004.1648559570312,-3.463539278044491,-4.72602221666737,-1.4363158007702348,2.1334699404495807,2.798277092077448,1.7739680286893718,0.2648749546595169,1.3968827957093226,-2.291212157461285,-0.3107269066153028
12.0,246.0,1004.1648559570312,-3.4635392780373344,-4.72602162042625,-1.436315800766426,2.1334699404495807,2.7982769375182737,1.773968858338009,0.2648749546595169,1.3968827957093226,-2.29121215774426,-0.3107268567286141
12.0,246.0,1004.1648559570312,-3.463539278044658,-4.726022746606636,-1.436315800626108,2.1334699404495807,2.79829013210366,1.7739680140395864,0.2648749546595169,1.3968827957093226,-2.2912121417979194,-0.3107262746796668
12.0,246.0,1004.1648559570312,-3.463539277995656,-4.726022100729972,-1.4363158007657773,2.1334699404495807,2.798276964231978,1.773968030307376,0.2648749546595169,1.3968827957093226,-2.2912121577442064,-0.3107267982730504
12.0,246.0,1004.1648559570312,-3.4635392780278744,-4.726022622059593,-1.4363158007431265,2.1334699404495807,2.798275209828888,1.7739680307505865,0.2648749546595169,1.3968827957093226,-2.291212157395177,-0.3107494385294826
12.0,246.0,1004.1648559570312,-3.463539278047948,-4.726022230928764,-1.4363158007409782,2.1334699404495807,2.79829013210366,1.7739708518664263,0.2648749546595169,1.3968827957093226,-2.291212141748269,-0.3107048342775853
12.0,247.0,1004.1630249023438,-3.4635392780126426,-4.727468272703962,-1.436315800757758,2.1334699404495807,2.79829013210366,1.773967628706016,0.2648749546595169,1.3968827957093226,-2.2912121417979194,-0.3107262746796668
12.0,247.0,1004.1630859375,-3.463539278044658,-4.727468272703962,-1.4363158007603145,2.1334699404495807,2.79829013210366,1.7739680137571043,0.2648749546595169,1.3968827957093226,-2.2912121417979194,-0.3107262746796668
12.0,247.0,1004.1630859375,-3.463539278044658,-4.727468272703962,-1.4363158007603145,2.1334699404495807,2.7982762751034715,1.7739680050746829,0.2648749546595169,1.3968827957093226,-2.2912121417979194,-0.3107262746796668
12.0,247.0,1004.1648559570312,-3.4635392780367984,-4.726022096807932,-1.43631580076641,2.1334699404495807,2.7982769635979667,1.773968030307376,0.2648749546595169,1.3968827957093226,-2.29121215776467,-0.3107166211535003
12.0,247.0,1004.1648559570312,-3.4635392780367984,-4.726022220337332,-1.4363158007657888,2.1334699404495807,2.7982769635979667,1.773968030307376,0.2648749546595169,1.3968827957093226,-2.29121215774426,-0.3107268567286141
12.0,247.0,1004.1648559570312,-3.4635392780367984,-4.726022220337332,-1.4363158007657888,2.1334699404495807,2.7982769635979667,1.773968030307376,0.2648749546595169,1.3968827957093226,-2.29121215774426,-0.3107268567286141
12.0,247.0,1004.1648559570312,-3.4635392780367984,-4.726022096807932,-1.43631580076641,2.1334699404495807,2.7982769635979667,1.773968030307376,0.2648749546595169,1.3968827957093226,-2.29121215776467,-0.3107160363057482
12.0,247.0,1004.1648559570312,-3.4635392780367984,-4.726022100729972,-1.4363158007664143,2.1334699404495807,2.7982769635979667,1.773968030307376,0.2648749546595169,1.3968827957093226,-2.2912121577442064,-0.3107267982730504
12.0,247.0,1004.1648559570312,-3.463539277996192,-4.726022220337332,-1.4363158007657888,2.1334699404495807,2.798276939778221,1.773968030307376,0.2648749546595169,1.3968827957093226,-2.29121215774426,-0.3107268567286141
12.0,247.0,1004.1648559570312,-3.463539277544369,-4.726022082008367,-1.4363158007657852,2.1334699404495807,2.7982769635979667,1.773968030307376,0.2648749546595169,1.3968827957093226,-2.29121215774426,-0.3107268567286141
12.0,247.0,1004.1648559570312,-3.4635392899969784,-4.726022080029392,-1.436315800615471,2.1334699404495807,2.798291582710727,1.7739687691259802,0.2648749546595293,1.3968827957093226,-2.291212136540837,-0.3107153403628903
12.0,247.0,1004.1648559570312,-3.46353927755801,-4.726022100623873,-1.43631580076641,2.1334699404495807,2.7982769635979667,1.773968030307376,0.2648749546595169,1.3968827957093226,-2.2912121579976645,-0.3107396545896154
12.0,247.0,1004.1648559570312,-3.463539277557829,-4.726022570937718,-1.4363158007431696,2.1334699404495807,2.798276272434352,1.7739680053708071,0.2648749546595169,1.3968827957093226,-2.29121215737983,-0.3107295946887394
12.0,247.0,1004.1648559570312,-3.46353927803752,-4.726022220337332,-1.4363158007657888,2.1334699404495807,2.798276939002846,1.773968030307376,0.2648749546595169,1.3968827957093226,-2.29121215775214,-0.3107268567286141
12.0,247.0,1004.1648559570312,-3.463539278031812,-4.726022329517799,-1.436315800626108,2.1334699404495807,2.79829013210366,1.7739708518664263,0.2648749546595169,1.3968827957093226,-2.291212141748269,-0.310750040716398
12.0,247.0,1004.1648559570312,-3.4635392780373344,-4.726022220337332,-1.436315800766426,2.1334699404495807,2.7982769391442104,1.773968030307376,0.2648749546595169,1.3968827957093226,-2.29121215774426,-0.3107268567286141
12.0,247.0,1004.1648559570312,-3.463539278044658,-4.726022322164558,-1.436315800626108,2.1334699404495807,2.79829013210366,1.7739708518664263,0.2648749546595169,1.3968827957093226,-2.291212141748269,-0.3107048342775853
12.0,247.0,1004.1648559570312,-3.46353927765338,-4.726022082439355,-1.436315800615471,2.1334699404495807,2.798291582710727,1.7739687691259802,0.2648749546595293,1.3968827957093226,-2.2912121366029936,-0.3107153403628903
12.0,247.0,1004.1648559570312,-3.463539277995656,-4.726022100729972,-1.4363158007657773,2.1334699404495807,2.798276964231978,1.773968030307376,0.2648749546595169,1.3968827957093226,-2.2912121577442064,-0.3107267982730504
12.0,247.0,1004.1648559570312,-3.463539278014764,-4.726022100729972,-1.4363158007664143,2.1334699404495807,2.7982769635979667,1.773968030307376,0.2648749546595169,1.3968827957093226,-2.2912121577442064,-0.3107267982730504
12.0,247.0,1004.1648559570312,-3.4635392780415875,-4.726022570937718,-1.4363158007661352,2.1334699404495807,2.798276272434352,1.7739680053708071,0.2648749546595169,1.3968827957093226,-2.29121215737983,-0.3107267517367307
12.0,247.0,1004.1648559570312,-3.46353929020849,-4.726022051862871,-1.4363158007678245,2.1334699404495807,2.7982758520803626,1.7739679954558627,0.2648749546595169,1.3968827957093226,-2.2912121577570965,-0.3107268567286141
12.0,247.0,1004.1648559570312,-3.4635392780367984,-4.726022220314823,-1.4363158007657888,2.1334699404495807,2.7982769635979667,1.773968030307376,0.2648749546595169,1.3968827957093226,-2.29121215774426,-0.3107300201795661
12.0,247.0,1004.1648559570312,-3.463539278034765,-4.726022329517799,-1.4363158007772938,2.1334699404495807,2.79827690712146,1.773967845093527,0.2648749546595169,1.3968827957093226,-2.291212141748269,-0.3107498015202176
12.0,247.0,1004.1648559570312,-3.463539278047948,-4.726022230928764,-1.436315800625758,2.1334699404495807,2.79829013210366,1.7739708518664263,0.2648749546595169,1.3968827957093226,-2.291212141748269,-0.3107048342775853
12.0,247.0,1004.1648559570312,-3.463539278044491,-4.726022616221848,-1.4363158007702348,2.1334699404495807,2.798277092077448,1.773967957513847,0.2648749546595169,1.3968827957093226,-2.291212157461285,-0.3107269066153028
12.0,247.0,1004.1648559570312,-3.4635392780367984,-4.726022096807932,-1.43631580076641,2.1334699404495807,2.798276965077295,1.773968030307376,0.2648749546595169,1.3968827957093226,-2.291212157764721,-0.3107160363057482
12.0,247.0,1004.1648559570312,-3.4635392776519094,-4.726022082470412,-1.436315800615471,2.1334699404495807,2.7982918449547163,1.7739680491206855,0.2648749546595297,1.3968827957093226,-2.291212156636879,-0.3107153403628903
12.0,247.0,1004.1648559570312,-3.4635392780367984,-4.726022100729972,-1.4363158007664143,2.1334699404495807,2.7982769635979667,1.773968030307376,0.2648749546595169,1.3968827957093226,-2.2912121577442064,-0.3107267982730504
12.0,247.0,1004.1648559570312,-3.463539278027753,-4.726022575162048,-1.4363158007431265,2.1334699404495807,2.798275209828888,1.7739680053708071,0.2648749546595169,1.3968827957093226,-2.29121215737983,-0.3107494385294826
12.0,247.0,1004.1648559570312,-3.4635392780367984,-4.726022220337332,-1.4363158007657888,2.1334699404495807,2.7982769635979667,1.773968030307376,0.2648749546595169,1.3968827957093226,-2.29121215774426,-0.3107268567286141
12.0,247.0,1004.1648559570312,-3.4635392775530405,-4.726022100729972,-1.436315800743449,2.1334699404495807,2.7982769635979667,1.773968030307376,0.2648749546595169,1.3968827957093226,-2.2912121577442064,-0.3107296412250591
12.0,247.0,1004.1648559570312,-3.46353927754584,-4.72602208197731,-1.4363158007657852,2.1334699404495807,2.798276701353977,1.7739687503126702,0.2648749546595166,1.3968827957093226,-2.291212137710375,-0.3107268567286141
12.0,247.0,1004.1648559570312,-3.4635392775618885,-4.726022325293469,-1.4363158006261514,2.1334699404495807,2.798291194709124,1.7739708518664263,0.2648749546595169,1.3968827957093226,-2.291212141748269,-0.3107301968756547
12.0,247.0,1004.1648559570312,-3.4635392780367984,-4.726022619869302,-1.4363158007657888,2.1334699404495807,2.7982769635979667,1.7739679591318511,0.2648749546595169,1.3968827957093226,-2.29121215774426,-0.3107300201795661
12.0,247.0,1004.1648559570312,-3.463539277559192,-4.726022100481225,-1.4363158007657852,2.1334699404495807,2.798276702218564,1.7739680091904868,0.2648749546595166,1.3968827957093226,-2.291212137710375,-0.3107268567286141
12.0,247.0,1004.1648559570312,-3.463539278036677,-4.726022053832428,-1.4363158007664143,2.1334699404495807,2.7982769635979667,1.7739680049275963,0.2648749546595169,1.3968827957093226,-2.29121215772886,-0.3107267982730504
12.0,247.0,1004.1648559570312,-3.463539277771547,-4.726022228448254,-1.4363158007657888,2.1334699404495807,2.7982783329543497,1.773968030307376,0.2648749546595169,1.3968827957093226,-2.29121215774426,-0.3107271713302728
12.0,247.0,1004.1648559570312,-3.463539278047948,-4.726022235831008,-1.436315800625758,2.1334699404495807,2.79829013210366,1.7739708518664263,0.2648749546595169,1.3968827957093226,-2.291212141748269,-0.3107048342775853
12.0,247.0,1004.1648559570312,-3.4635392780367984,-4.726022220337332,-1.4363158007657888,2.1334699404495807,2.7982769635979667,1.773968030307376,0.2648749546595169,1.3968827957093226,-2.29121215774426,-0.3107268562336643
12.0,247.0,1004.1648559570312,-3.463539278010474,-4.726022226630325,-1.4363158007431691,2.1334699404495807,2.798276457492167,1.7739680302442815,0.2648749546595169,1.3968827957093226,-2.291212157389966,-0.3107143512429479
12.0,247.0,1004.1648559570312,-3.4635392780415875,-4.726022336531944,-1.4363158007661352,2.1334699404495807,2.7982765007550103,1.7739680149395385,0.2648749546595169,1.3968827957093226,-2.291212157257456,-0.3107267517367307
12.0,247.0,1004.1648559570312,-3.4635392780367984,-4.726022220337332,-1.4363158007657888,2.1334699404495807,2.7982769635979667,1.773968030307376,0.2648749546595169,1.3968827957093226,-2.29121215774426,-0.3107268567286141
12.0,247.0,1004.1648559570312,-3.4635392780417167,-4.726022082008367,-1.4363158007664103,2.1334699404495807,2.7982769635979667,1.773968030307376,0.2648749546595169,1.3968827957093226,-2.29121215774426,-0.3107268567286141
12.0,247.0,1004.1648559570312,-3.463539278044491,-4.726022616221848,-1.4363158007702348,2.1334699404495807,2.798277092077448,1.773967957513847,0.2648749546595169,1.3968827957093226,-2.291212157461285,-0.3107269066153028
12.0,247.0,1004.1648559570312,-3.463539278044491,-4.72602221666737,-1.4363158007702348,2.1334699404495807,2.798277092077448,1.7739680286893718,0.2648749546595169,1.3968827957093226,-2.291212157461285,-0.3107269066153028
12.0,247.0,1004.1648559570312,-3.4635392780373344,-4.72602162042625,-1.436315800766426,2.1334699404495807,2.7982769375182737,1.773968858338009,0.2648749546595169,1.3968827957093226,-2.29121215774426,-0.3107268567286141
12.0,247.0,1004.1648559570312,-3.463539278044658,-4.726022746606636,-1.436315800626108,2.1334699404495807,2.79829013210366,1.7739680140395864,0.2648749546595169,1.3968827957093226,-2.2912121417979194,-0.3107262746796668
12.0,247.0,1004.1648559570312,-3.463539277995656,-4.726022100729972,-1.4363158007657773,2.1334699404495807,2.798276964231978,1.773968030307376,0.2648749546595169,1.3968827957093226,-2.2912121577442064,-0.3107267982730504
12.0,247.0,1004.1648559570312,-3.4635392780278744,-4.726022622059593,-1.4363158007431265,2.1334699404495807,2.798275209828888,1.7739680307505865,0.2648749546595169,1.3968827957093226,-2.291212157395177,-0.3107494385294826
12.0,248.0,1004.1630249023438,-3.4635392780126426,-4.727468272703962,-1.436315800757758,2.1334699404495807,2.79829013210366,1.773967628706016,0.2648749546595169,1.3968827957093226,-2.2912121417979194,-0.3107262746796668
12.0,248.0,1004.1630859375,-3.463539278044658,-4.727468272703962,-1.4363158007603145,2.1334699404495807,2.79829013210366,1.7739680137571043,0.2648749546595169,1.3968827957093226,-2.2912121417979194,-0.3107262746796668
12.0,248.0,1004.1630859375,-3.463539278044658,-4.727468272703962,-1.4363158007603145,2.1334699404495807,2.7982762751034715,1.7739680050746829,0.2648749546595169,1.3968827957093226,-2.2912121417979194,-0.3107262746796668
12.0,248.0,1004.1630859375,-3.463539278044658,-4.727468272703962,-1.4363158007603145,2.1334699404495807,2.79829013210366,1.7739680300707172,0.2648749546595169,1.3968827957093226,-2.2912121417979194,-0.3107262746796668
12.0,248.0,1004.1630859375,-3.463539278044658,-4.727468272703962,-1.4363158007603145,2.1334699404495807,2.7982761993115246,1.7739680050746829,0.2648749546595169,1.3968827957093226,-2.2912121417979194,-0.3107262746796668
12.0,248.0,1004.1630859375,-3.4635392780126426,-4.727468272703962,-1.4363158007571966,2.1334699404495807,2.79829013210366,1.773967949314399,0.2648749546595169,1.3968827957093226,-2.2912121417718354,-0.3107262746796668
12.0,248.0,1004.1648559570312,-3.4635392780367984,-4.726022096807932,-1.43631580076641,2.1334699404495807,2.7982769635979667,1.773968030307376,0.2648749546595169,1.3968827957093226,-2.29121215776467,-0.3107166211535003
12.0,248.0,1004.1648559570312,-3.4635392780367984,-4.726022220337332,-1.4363158007657888,2.1334699404495807,2.7982769635979667,1.773968030307376,0.2648749546595169,1.3968827957093226,-2.29121215774426,-0.3107268567286141
12.0,248.0,1004.1648559570312,-3.4635392780367984,-4.726022220337332,-1.4363158007657888,2.1334699404495807,2.7982769635979667,1.773968030307376,0.2648749546595169,1.3968827957093226,-2.29121215774426,-0.3107268567286141
12.0,248.0,1004.1648559570312,-3.4635392780367984,-4.726022096807932,-1.43631580076641,2.1334699404495807,2.7982769635979667,1.773968030307376,0.2648749546595169,1.3968827957093226,-2.29121215776467,-0.3107160363057482
12.0,248.0,1004.1648559570312,-3.4635392780367984,-4.726022100729972,-1.4363158007664143,2.1334699404495807,2.7982769635979667,1.773968030307376,0.2648749546595169,1.3968827957093226,-2.2912121577442064,-0.3107267982730504
12.0,248.0,1004.1648559570312,-3.463539277996192,-4.726022220337332,-1.4363158007657888,2.1334699404495807,2.798276939778221,1.773968030307376,0.2648749546595169,1.3968827957093226,-2.29121215774426,-0.3107268567286141
12.0,248.0,1004.1648559570312,-3.463539277544369,-4.726022082008367,-1.4363158007657852,2.1334699404495807,2.7982769635979667,1.773968030307376,0.2648749546595169,1.3968827957093226,-2.29121215774426,-0.3107268567286141
12.0,248.0,1004.1648559570312,-3.4635392899969784,-4.726022080029392,-1.436315800615471,2.1334699404495807,2.798291582710727,1.7739687691259802,0.2648749546595293,1.3968827957093226,-2.291212136540837,-0.3107153403628903
12.0,248.0,1004.1648559570312,-3.46353927755801,-4.726022100623873,-1.43631580076641,2.1334699404495807,2.7982769635979667,1.773968030307376,0.2648749546595169,1.3968827957093226,-2.2912121579976645,-0.3107396545896154
12.0,248.0,1004.1648559570312,-3.463539277557829,-4.726022570937718,-1.4363158007431696,2.1334699404495807,2.798276272434352,1.7739680053708071,0.2648749546595169,1.3968827957093226,-2.29121215737983,-0.3107295946887394
12.0,248.0,1004.1648559570312,-3.46353927803752,-4.726022220337332,-1.4363158007657888,2.1334699404495807,2.798276939002846,1.773968030307376,0.2648749546595169,1.3968827957093226,-2.29121215775214,-0.3107268567286141
12.0,248.0,1004.1648559570312,-3.463539278031812,-4.726022329517799,-1.436315800626108,2.1334699404495807,2.79829013210366,1.7739708518664263,0.2648749546595169,1.3968827957093226,-2.291212141748269,-0.310750040716398
12.0,248.0,1004.1648559570312,-3.4635392780373344,-4.726022220337332,-1.436315800766426,2.1334699404495807,2.7982769391442104,1.773968030307376,0.2648749546595169,1.3968827957093226,-2.29121215774426,-0.3107268567286141
12.0,248.0,1004.1648559570312,-3.463539278044658,-4.726022322164558,-1.436315800626108,2.1334699404495807,2.79829013210366,1.7739708518664263,0.2648749546595169,1.3968827957093226,-2.291212141748269,-0.3107048342775853
12.0,248.0,1004.1648559570312,-3.46353927765338,-4.726022082439355,-1.436315800615471,2.1334699404495807,2.798291582710727,1.7739687691259802,0.2648749546595293,1.3968827957093226,-2.2912121366029936,-0.3107153403628903
12.0,248.0,1004.1648559570312,-3.463539277995656,-4.726022100729972,-1.4363158007657773,2.1334699404495807,2.798276964231978,1.773968030307376,0.2648749546595169,1.3968827957093226,-2.2912121577442064,-0.3107267982730504
12.0,248.0,1004.1648559570312,-3.463539278014764,-4.726022100729972,-1.4363158007664143,2.1334699404495807,2.7982769635979667,1.773968030307376,0.2648749546595169,1.3968827957093226,-2.2912121577442064,-0.3107267982730504
12.0,248.0,1004.1648559570312,-3.4635392780415875,-4.726022570937718,-1.4363158007661352,2.1334699404495807,2.798276272434352,1.7739680053708071,0.2648749546595169,1.3968827957093226,-2.29121215737983,-0.3107267517367307
12.0,248.0,1004.1648559570312,-3.46353929020849,-4.726022051862871,-1.4363158007678245,2.1334699404495807,2.7982758520803626,1.7739679954558627,0.2648749546595169,1.3968827957093226,-2.2912121577570965,-0.3107268567286141
12.0,248.0,1004.1648559570312,-3.4635392780367984,-4.726022220314823,-1.4363158007657888,2.1334699404495807,2.7982769635979667,1.773968030307376,0.2648749546595169,1.3968827957093226,-2.29121215774426,-0.3107300201795661
12.0,248.0,1004.1648559570312,-3.463539278034765,-4.726022329517799,-1.4363158007772938,2.1334699404495807,2.79827690712146,1.773967845093527,0.2648749546595169,1.3968827957093226,-2.291212141748269,-0.3107498015202176
12.0,248.0,1004.1648559570312,-3.463539278047948,-4.726022230928764,-1.436315800625758,2.1334699404495807,2.79829013210366,1.7739708518664263,0.2648749546595169,1.3968827957093226,-2.291212141748269,-0.3107048342775853
12.0,248.0,1004.1648559570312,-3.463539278044491,-4.726022616221848,-1.4363158007702348,2.1334699404495807,2.798277092077448,1.773967957513847,0.2648749546595169,1.3968827957093226,-2.291212157461285,-0.3107269066153028
12.0,248.0,1004.1648559570312,-3.4635392780367984,-4.726022096807932,-1.43631580076641,2.1334699404495807,2.798276965077295,1.773968030307376,0.2648749546595169,1.3968827957093226,-2.291212157764721,-0.3107160363057482
12.0,248.0,1004.1648559570312,-3.4635392776519094,-4.726022082470412,-1.436315800615471,2.1334699404495807,2.7982918449547163,1.7739680491206855,0.2648749546595297,1.3968827957093226,-2.291212156636879,-0.3107153403628903
12.0,248.0,1004.1648559570312,-3.4635392780367984,-4.726022100729972,-1.4363158007664143,2.1334699404495807,2.7982769635979667,1.773968030307376,0.2648749546595169,1.3968827957093226,-2.2912121577442064,-0.3107267982730504
12.0,248.0,1004.1648559570312,-3.463539278027753,-4.726022575162048,-1.4363158007431265,2.1334699404495807,2.798275209828888,1.7739680053708071,0.2648749546595169,1.3968827957093226,-2.29121215737983,-0.3107494385294826
12.0,248.0,1004.1648559570312,-3.4635392780367984,-4.726022220337332,-1.4363158007657888,2.1334699404495807,2.7982769635979667,1.773968030307376,0.2648749546595169,1.3968827957093226,-2.29121215774426,-0.3107268567286141
12.0,248.0,1004.1648559570312,-3.4635392775530405,-4.726022100729972,-1.436315800743449,2.1334699404495807,2.7982769635979667,1.773968030307376,0.2648749546595169,1.3968827957093226,-2.2912121577442064,-0.3107296412250591
12.0,248.0,1004.1648559570312,-3.46353927754584,-4.72602208197731,-1.4363158007657852,2.1334699404495807,2.798276701353977,1.7739687503126702,0.2648749546595166,1.3968827957093226,-2.291212137710375,-0.3107268567286141
12.0,248.0,1004.1648559570312,-3.4635392775618885,-4.726022325293469,-1.4363158006261514,2.1334699404495807,2.798291194709124,1.7739708518664263,0.2648749546595169,1.3968827957093226,-2.291212141748269,-0.3107301968756547
12.0,248.0,1004.1648559570312,-3.4635392780367984,-4.726022619869302,-1.4363158007657888,2.1334699404495807,2.7982769635979667,1.7739679591318511,0.2648749546595169,1.3968827957093226,-2.29121215774426,-0.3107300201795661
12.0,248.0,1004.1648559570312,-3.463539277559192,-4.726022100481225,-1.4363158007657852,2.1334699404495807,2.798276702218564,1.7739680091904868,0.2648749546595166,1.3968827957093226,-2.291212137710375,-0.3107268567286141
12.0,248.0,1004.1648559570312,-3.463539278036677,-4.726022053832428,-1.4363158007664143,2.1334699404495807,2.7982769635979667,1.7739680049275963,0.2648749546595169,1.3968827957093226,-2.29121215772886,-0.3107267982730504
12.0,248.0,1004.1648559570312,-3.463539277771547,-4.726022228448254,-1.4363158007657888,2.1334699404495807,2.7982783329543497,1.773968030307376,0.2648749546595169,1.3968827957093226,-2.29121215774426,-0.3107271713302728
12.0,248.0,1004.1648559570312,-3.463539278047948,-4.726022235831008,-1.436315800625758,2.1334699404495807,2.79829013210366,1.7739708518664263,0.2648749546595169,1.3968827957093226,-2.291212141748269,-0.3107048342775853
12.0,248.0,1004.1648559570312,-3.4635392780367984,-4.726022220337332,-1.4363158007657888,2.1334699404495807,2.7982769635979667,1.773968030307376,0.2648749546595169,1.3968827957093226,-2.29121215774426,-0.3107268562336643
12.0,248.0,1004.1648559570312,-3.463539278010474,-4.726022226630325,-1.4363158007431691,2.1334699404495807,2.798276457492167,1.7739680302442815,0.2648749546595169,1.3968827957093226,-2.291212157389966,-0.3107143512429479
12.0,248.0,1004.1648559570312,-3.4635392780415875,-4.726022336531944,-1.4363158007661352,2.1334699404495807,2.7982765007550103,1.7739680149395385,0.2648749546595169,1.3968827957093226,-2.291212157257456,-0.3107267517367307
12.0,248.0,1004.1648559570312,-3.4635392780367984,-4.726022220337332,-1.4363158007657888,2.1334699404495807,2.7982769635979667,1.773968030307376,0.2648749546595169,1.3968827957093226,-2.29121215774426,-0.3107268567286141
12.0,248.0,1004.1648559570312,-3.4635392780417167,-4.726022082008367,-1.4363158007664103,2.1334699404495807,2.7982769635979667,1.773968030307376,0.2648749546595169,1.3968827957093226,-2.29121215774426,-0.3107268567286141
12.0,248.0,1004.1648559570312,-3.463539278044491,-4.726022616221848,-1.4363158007702348,2.1334699404495807,2.798277092077448,1.773967957513847,0.2648749546595169,1.3968827957093226,-2.291212157461285,-0.3107269066153028
12.0,248.0,1004.1648559570312,-3.463539278044491,-4.72602221666737,-1.4363158007702348,2.1334699404495807,2.798277092077448,1.7739680286893718,0.2648749546595169,1.3968827957093226,-2.291212157461285,-0.3107269066153028
12.0,248.0,1004.1648559570312,-3.4635392780373344,-4.72602162042625,-1.436315800766426,2.1334699404495807,2.7982769375182737,1.773968858338009,0.2648749546595169,1.3968827957093226,-2.29121215774426,-0.3107268567286141
12.0,249.0,1004.1630249023438,-3.4635392780126426,-4.727468272703962,-1.436315800757758,2.1334699404495807,2.79829013210366,1.773967628706016,0.2648749546595169,1.3968827957093226,-2.2912121417979194,-0.3107262746796668
12.0,249.0,1004.1630249023438,-3.463539278044658,-4.7273885343392905,-1.4363158007603145,2.1334699404495807,2.798275121853399,1.773968013726638,0.2648749546595169,1.3968827957093226,-2.2912121417979194,-0.3107262746796668
12.0,249.0,1004.1630249023438,-3.463539278005531,-4.727468272703962,-1.436315800757758,2.1334699404495807,2.798291453641109,1.773967628706016,0.2648749546595169,1.3968827957093226,-2.2912121417979194,-0.3107262746796668
12.0,249.0,1004.1630249023438,-3.463539278044658,-4.727436177328107,-1.4363158007603145,2.1334699404495807,2.7982761993115246,1.7739680050746829,0.2648749546595169,1.3968827957093226,-2.2912121417979194,-0.3107262746796668
12.0,249.0,1004.1630859375,-3.463539278044658,-4.727468272703962,-1.4363158007603145,2.1334699404495807,2.79829013210366,1.7739680137571043,0.2648749546595169,1.3968827957093226,-2.2912121417979194,-0.3107262746796668
12.0,249.0,1004.1630859375,-3.463539278044658,-4.727468272703962,-1.4363158007603145,2.1334699404495807,2.7982762751034715,1.7739680050746829,0.2648749546595169,1.3968827957093226,-2.2912121417979194,-0.3107262746796668
12.0,249.0,1004.1630859375,-3.463539278044658,-4.727468272703962,-1.4363158007603145,2.1334699404495807,2.79829013210366,1.7739680300707172,0.2648749546595169,1.3968827957093226,-2.2912121417979194,-0.3107262746796668
12.0,249.0,1004.1630859375,-3.463539278044658,-4.727468272703962,-1.4363158007603145,2.1334699404495807,2.7982761993115246,1.7739680050746829,0.2648749546595169,1.3968827957093226,-2.2912121417979194,-0.3107262746796668
12.0,249.0,1004.1630859375,-3.4635392780126426,-4.727468272703962,-1.4363158007571966,2.1334699404495807,2.79829013210366,1.773967949314399,0.2648749546595169,1.3968827957093226,-2.2912121417718354,-0.3107262746796668
12.0,249.0,1004.1630859375,-3.4635392780126426,-4.727468272703962,-1.4363158007571966,2.1334699404495807,2.79829013210366,1.773967949314399,0.2648749546595169,1.3968827957093226,-2.2912121417718354,-0.3107262746796668
12.0,249.0,1004.1630859375,-3.4635392780126426,-4.727468272703962,-1.4363158007568697,2.1334699404495807,2.7982898891521435,1.7739680054094042,0.2648749546595169,1.3968827957093226,-2.2912121417700297,-0.3107262746796668
12.0,249.0,1004.1630859375,-3.463539278044658,-4.727468272703962,-1.4363158007603145,2.1334699404495807,2.79829013210366,1.7739680301774174,0.2648749546595169,1.3968827957093226,-2.2912121414251665,-0.3107262992041109
12.0,249.0,1004.1630859375,-3.463539278044658,-4.727468272703962,-1.4363158006317778,2.1334699404495807,2.7982762751034715,1.7739709163946833,0.2648749546595169,1.3968827957093226,-2.2912121417979194,-0.3107054904451847
12.0,249.0,1004.1630859375,-3.463539278044658,-4.727468272703962,-1.4363158007601975,2.1334699404495807,2.79829013210366,1.7739680296245013,0.2648749546595169,1.3968827957093226,-2.291212142560881,-0.3107261680081675
12.0,249.0,1004.164794921875,-3.4635392780367984,-4.72604714575409,-1.4363158007664143,2.1334699404495807,2.7982893503386093,1.773968030307376,0.2648749546595169,1.3968827957093226,-2.291212141668089,-0.3107263083693899
12.0,249.0,1004.1648559570312,-3.4635392780367984,-4.726022096807932,-1.43631580076641,2.1334699404495807,2.7982769635979667,1.773968030307376,0.2648749546595169,1.3968827957093226,-2.29121215776467,-0.3107166211535003
12.0,249.0,1004.1648559570312,-3.4635392780367984,-4.726022220337332,-1.4363158007657888,2.1334699404495807,2.7982769635979667,1.773968030307376,0.2648749546595169,1.3968827957093226,-2.29121215774426,-0.3107268567286141
12.0,249.0,1004.1648559570312,-3.4635392780367984,-4.726022220337332,-1.4363158007657888,2.1334699404495807,2.7982769635979667,1.773968030307376,0.2648749546595169,1.3968827957093226,-2.29121215774426,-0.3107268567286141
12.0,249.0,1004.1648559570312,-3.4635392780367984,-4.726022096807932,-1.43631580076641,2.1334699404495807,2.7982769635979667,1.773968030307376,0.2648749546595169,1.3968827957093226,-2.29121215776467,-0.3107160363057482
12.0,249.0,1004.1648559570312,-3.4635392780367984,-4.726022100729972,-1.4363158007664143,2.1334699404495807,2.7982769635979667,1.773968030307376,0.2648749546595169,1.3968827957093226,-2.2912121577442064,-0.3107267982730504
12.0,249.0,1004.1648559570312,-3.463539277996192,-4.726022220337332,-1.4363158007657888,2.1334699404495807,2.798276939778221,1.773968030307376,0.2648749546595169,1.3968827957093226,-2.29121215774426,-0.3107268567286141
12.0,249.0,1004.1648559570312,-3.463539277544369,-4.726022082008367,-1.4363158007657852,2.1334699404495807,2.7982769635979667,1.773968030307376,0.2648749546595169,1.3968827957093226,-2.29121215774426,-0.3107268567286141
12.0,249.0,1004.1648559570312,-3.4635392899969784,-4.726022080029392,-1.436315800615471,2.1334699404495807,2.798291582710727,1.7739687691259802,0.2648749546595293,1.3968827957093226,-2.291212136540837,-0.3107153403628903
12.0,249.0,1004.1648559570312,-3.46353927755801,-4.726022100623873,-1.43631580076641,2.1334699404495807,2.7982769635979667,1.773968030307376,0.2648749546595169,1.3968827957093226,-2.2912121579976645,-0.3107396545896154
12.0,249.0,1004.1648559570312,-3.463539277557829,-4.726022570937718,-1.4363158007431696,2.1334699404495807,2.798276272434352,1.7739680053708071,0.2648749546595169,1.3968827957093226,-2.29121215737983,-0.3107295946887394
12.0,249.0,1004.1648559570312,-3.46353927803752,-4.726022220337332,-1.4363158007657888,2.1334699404495807,2.798276939002846,1.773968030307376,0.2648749546595169,1.3968827957093226,-2.29121215775214,-0.3107268567286141
12.0,249.0,1004.1648559570312,-3.463539278031812,-4.726022329517799,-1.436315800626108,2.1334699404495807,2.79829013210366,1.7739708518664263,0.2648749546595169,1.3968827957093226,-2.291212141748269,-0.310750040716398
12.0,249.0,1004.1648559570312,-3.4635392780373344,-4.726022220337332,-1.436315800766426,2.1334699404495807,2.7982769391442104,1.773968030307376,0.2648749546595169,1.3968827957093226,-2.29121215774426,-0.3107268567286141
12.0,249.0,1004.1648559570312,-3.463539278044658,-4.726022322164558,-1.436315800626108,2.1334699404495807,2.79829013210366,1.7739708518664263,0.2648749546595169,1.3968827957093226,-2.291212141748269,-0.3107048342775853
12.0,249.0,1004.1648559570312,-3.46353927765338,-4.726022082439355,-1.436315800615471,2.1334699404495807,2.798291582710727,1.7739687691259802,0.2648749546595293,1.3968827957093226,-2.2912121366029936,-0.3107153403628903
12.0,249.0,1004.1648559570312,-3.463539277995656,-4.726022100729972,-1.4363158007657773,2.1334699404495807,2.798276964231978,1.773968030307376,0.2648749546595169,1.3968827957093226,-2.2912121577442064,-0.3107267982730504
12.0,249.0,1004.1648559570312,-3.463539278014764,-4.726022100729972,-1.4363158007664143,2.1334699404495807,2.7982769635979667,1.773968030307376,0.2648749546595169,1.3968827957093226,-2.2912121577442064,-0.3107267982730504
12.0,249.0,1004.1648559570312,-3.4635392780415875,-4.726022570937718,-1.4363158007661352,2.1334699404495807,2.798276272434352,1.7739680053708071,0.2648749546595169,1.3968827957093226,-2.29121215737983,-0.3107267517367307
12.0,249.0,1004.1648559570312,-3.46353929020849,-4.726022051862871,-1.4363158007678245,2.1334699404495807,2.7982758520803626,1.7739679954558627,0.2648749546595169,1.3968827957093226,-2.2912121577570965,-0.3107268567286141
12.0,249.0,1004.1648559570312,-3.4635392780367984,-4.726022220314823,-1.4363158007657888,2.1334699404495807,2.7982769635979667,1.773968030307376,0.2648749546595169,1.3968827957093226,-2.29121215774426,-0.3107300201795661
12.0,249.0,1004.1648559570312,-3.463539278034765,-4.726022329517799,-1.4363158007772938,2.1334699404495807,2.79827690712146,1.773967845093527,0.2648749546595169,1.3968827957093226,-2.291212141748269,-0.3107498015202176
12.0,249.0,1004.1648559570312,-3.463539278047948,-4.726022230928764,-1.436315800625758,2.1334699404495807,2.79829013210366,1.7739708518664263,0.2648749546595169,1.3968827957093226,-2.291212141748269,-0.3107048342775853
12.0,249.0,1004.1648559570312,-3.463539278044491,-4.726022616221848,-1.4363158007702348,2.1334699404495807,2.798277092077448,1.773967957513847,0.2648749546595169,1.3968827957093226,-2.291212157461285,-0.3107269066153028
12.0,249.0,1004.1648559570312,-3.4635392780367984,-4.726022096807932,-1.43631580076641,2.1334699404495807,2.798276965077295,1.773968030307376,0.2648749546595169,1.3968827957093226,-2.291212157764721,-0.3107160363057482
12.0,249.0,1004.1648559570312,-3.4635392776519094,-4.726022082470412,-1.436315800615471,2.1334699404495807,2.7982918449547163,1.7739680491206855,0.2648749546595297,1.3968827957093226,-2.291212156636879,-0.3107153403628903
12.0,249.0,1004.1648559570312,-3.4635392780367984,-4.726022100729972,-1.4363158007664143,2.1334699404495807,2.7982769635979667,1.773968030307376,0.2648749546595169,1.3968827957093226,-2.2912121577442064,-0.3107267982730504
12.0,249.0,1004.1648559570312,-3.463539278027753,-4.726022575162048,-1.4363158007431265,2.1334699404495807,2.798275209828888,1.7739680053708071,0.2648749546595169,1.3968827957093226,-2.29121215737983,-0.3107494385294826
12.0,249.0,1004.1648559570312,-3.4635392780367984,-4.726022220337332,-1.4363158007657888,2.1334699404495807,2.7982769635979667,1.773968030307376,0.2648749546595169,1.3968827957093226,-2.29121215774426,-0.3107268567286141
12.0,249.0,1004.1648559570312,-3.4635392775530405,-4.726022100729972,-1.436315800743449,2.1334699404495807,2.7982769635979667,1.773968030307376,0.2648749546595169,1.3968827957093226,-2.2912121577442064,-0.3107296412250591
12.0,249.0,1004.1648559570312,-3.46353927754584,-4.72602208197731,-1.4363158007657852,2.1334699404495807,2.798276701353977,1.7739687503126702,0.2648749546595166,1.3968827957093226,-2.291212137710375,-0.3107268567286141
12.0,249.0,1004.1648559570312,-3.4635392775618885,-4.726022325293469,-1.4363158006261514,2.1334699404495807,2.798291194709124,1.7739708518664263,0.2648749546595169,1.3968827957093226,-2.291212141748269,-0.3107301968756547
12.0,249.0,1004.1648559570312,-3.4635392780367984,-4.726022619869302,-1.4363158007657888,2.1334699404495807,2.7982769635979667,1.7739679591318511,0.2648749546595169,1.3968827957093226,-2.29121215774426,-0.3107300201795661
12.0,249.0,1004.1648559570312,-3.463539277559192,-4.726022100481225,-1.4363158007657852,2.1334699404495807,2.798276702218564,1.7739680091904868,0.2648749546595166,1.3968827957093226,-2.291212137710375,-0.3107268567286141
12.0,249.0,1004.1648559570312,-3.463539278036677,-4.726022053832428,-1.4363158007664143,2.1334699404495807,2.7982769635979667,1.7739680049275963,0.2648749546595169,1.3968827957093226,-2.29121215772886,-0.3107267982730504
12.0,249.0,1004.1648559570312,-3.463539277771547,-4.726022228448254,-1.4363158007657888,2.1334699404495807,2.7982783329543497,1.773968030307376,0.2648749546595169,1.3968827957093226,-2.29121215774426,-0.3107271713302728
12.0,250.0,1004.1629028320312,-3.463539278044658,-4.727277384342812,-1.4363158007657126,2.1334699404495807,2.7982750288900915,1.773968013726638,0.2648749546595169,1.3968827957093226,-2.2912121580534506,-0.3107262746796668
12.0,250.0,1004.1629638671876,-3.463539278037054,-4.727382938223192,-1.4363158007568697,2.1334699404495807,2.798277350062892,1.7739680054094042,0.2648749546595169,1.3968827957093226,-2.2912121417700297,-0.3107262746796668
12.0,250.0,1004.1629638671876,-3.46353927765338,-4.727308066115731,-1.4363158007577892,2.1334699404495807,2.798274486298598,1.7739679822597736,0.2648749546595172,1.3968827957093226,-2.2912121366029936,-0.3107153403628903
12.0,250.0,1004.1630249023438,-3.4635392780126426,-4.727468272703962,-1.436315800757758,2.1334699404495807,2.79829013210366,1.773967628706016,0.2648749546595169,1.3968827957093226,-2.2912121417979194,-0.3107262746796668
12.0,250.0,1004.1630249023438,-3.463539278044658,-4.7273885343392905,-1.4363158007603145,2.1334699404495807,2.798275121853399,1.773968013726638,0.2648749546595169,1.3968827957093226,-2.2912121417979194,-0.3107262746796668
12.0,250.0,1004.1630249023438,-3.463539278005531,-4.727468272703962,-1.436315800757758,2.1334699404495807,2.798291453641109,1.773967628706016,0.2648749546595169,1.3968827957093226,-2.2912121417979194,-0.3107262746796668
12.0,250.0,1004.1630249023438,-3.463539278044658,-4.727436177328107,-1.4363158007603145,2.1334699404495807,2.7982761993115246,1.7739680050746829,0.2648749546595169,1.3968827957093226,-2.2912121417979194,-0.3107262746796668
12.0,250.0,1004.1630249023438,-3.463539278050959,-4.7273885343392905,-1.436315800765675,2.1334699404495807,2.798275121853399,1.773968008608594,0.2648749546595169,1.3968827957093226,-2.2912121417979194,-0.3107262746796668
12.0,250.0,1004.1630249023438,-3.463539278005531,-4.727468272703962,-1.4363158007602994,2.1334699404495807,2.798291453641109,1.7739676037694838,0.2648749546595169,1.3968827957093226,-2.2912121417979194,-0.3107262746796668
12.0,250.0,1004.1630859375,-3.463539278044658,-4.727468272703962,-1.4363158007603145,2.1334699404495807,2.79829013210366,1.7739680137571043,0.2648749546595169,1.3968827957093226,-2.2912121417979194,-0.3107262746796668
12.0,250.0,1004.1630859375,-3.463539278044658,-4.727468272703962,-1.4363158007603145,2.1334699404495807,2.7982762751034715,1.7739680050746829,0.2648749546595169,1.3968827957093226,-2.2912121417979194,-0.3107262746796668
12.0,250.0,1004.1630859375,-3.463539278044658,-4.727468272703962,-1.4363158007603145,2.1334699404495807,2.79829013210366,1.7739680300707172,0.2648749546595169,1.3968827957093226,-2.2912121417979194,-0.3107262746796668
12.0,250.0,1004.1630859375,-3.463539278044658,-4.727468272703962,-1.4363158007603145,2.1334699404495807,2.7982761993115246,1.7739680050746829,0.2648749546595169,1.3968827957093226,-2.2912121417979194,-0.3107262746796668
12.0,250.0,1004.1630859375,-3.4635392780126426,-4.727468272703962,-1.4363158007571966,2.1334699404495807,2.79829013210366,1.773967949314399,0.2648749546595169,1.3968827957093226,-2.2912121417718354,-0.3107262746796668
12.0,250.0,1004.1630859375,-3.4635392780126426,-4.727468272703962,-1.4363158007571966,2.1334699404495807,2.79829013210366,1.773967949314399,0.2648749546595169,1.3968827957093226,-2.2912121417718354,-0.3107262746796668
12.0,250.0,1004.1630859375,-3.4635392780126426,-4.727468272703962,-1.4363158007568697,2.1334699404495807,2.7982898891521435,1.7739680054094042,0.2648749546595169,1.3968827957093226,-2.2912121417700297,-0.3107262746796668
12.0,250.0,1004.1630859375,-3.463539278044658,-4.727468272703962,-1.4363158007603145,2.1334699404495807,2.79829013210366,1.7739680301774174,0.2648749546595169,1.3968827957093226,-2.2912121414251665,-0.3107262992041109
12.0,250.0,1004.1630859375,-3.463539278044658,-4.727468272703962,-1.4363158006317778,2.1334699404495807,2.7982762751034715,1.7739709163946833,0.2648749546595169,1.3968827957093226,-2.2912121417979194,-0.3107054904451847
12.0,250.0,1004.1630859375,-3.463539278044658,-4.727468272703962,-1.4363158007601975,2.1334699404495807,2.79829013210366,1.7739680296245013,0.2648749546595169,1.3968827957093226,-2.291212142560881,-0.3107261680081675
12.0,250.0,1004.1630859375,-3.463539278044658,-4.727468272703962,-1.4363158007603145,2.1334699404495807,2.79829013210366,1.7739680137571043,0.2648749546595169,1.3968827957093226,-2.291212142570952,-0.3107262811061229
12.0,250.0,1004.1630859375,-3.463539278044658,-4.727468272703962,-1.4363158007601882,2.1334699404495807,2.79829013210366,1.7739680296245013,0.2648749546595169,1.3968827957093226,-2.2912121418136326,-0.3107261616603041
12.0,250.0,1004.1630859375,-3.4635392780126426,-4.727468272703962,-1.4363158007571966,2.1334699404495807,2.79829013210366,1.773967949314399,0.2648749546595169,1.3968827957093226,-2.2912121417718354,-0.3107262746796668
12.0,250.0,1004.1630859375,-3.463539278044658,-4.727436367344276,-1.4363158006285786,2.1334699404495807,2.7982762751034715,1.7739708035393786,0.2648749546595169,1.3968827957093226,-2.2912121417979194,-0.3107054904451847
12.0,250.0,1004.1630859375,-3.463539278044658,-4.727468272703962,-1.4363158007577734,2.1334699404495807,2.7982762751034715,1.773968030011215,0.2648749546595169,1.3968827957093226,-2.2912121417979194,-0.3107262746796668
12.0,250.0,1004.1644287109376,-3.463539278044658,-4.726150193651731,-1.4363158006179966,2.1334699404495807,2.7982932957236537,1.7739687919408895,0.2648749546595291,1.3968827957093226,-2.2912121417979194,-0.3107262746796668
12.0,250.0,1004.164794921875,-3.4635392780367984,-4.72604714575409,-1.4363158007664143,2.1334699404495807,2.7982893503386093,1.773968030307376,0.2648749546595169,1.3968827957093226,-2.291212141668089,-0.3107263083693899
12.0,250.0,1004.1648559570312,-3.4635392780367984,-4.726022096807932,-1.43631580076641,2.1334699404495807,2.7982769635979667,1.773968030307376,0.2648749546595169,1.3968827957093226,-2.29121215776467,-0.3107166211535003
12.0,250.0,1004.1648559570312,-3.4635392780367984,-4.726022220337332,-1.4363158007657888,2.1334699404495807,2.7982769635979667,1.773968030307376,0.2648749546595169,1.3968827957093226,-2.29121215774426,-0.3107268567286141
12.0,250.0,1004.1648559570312,-3.4635392780367984,-4.726022220337332,-1.4363158007657888,2.1334699404495807,2.7982769635979667,1.773968030307376,0.2648749546595169,1.3968827957093226,-2.29121215774426,-0.3107268567286141
12.0,250.0,1004.1648559570312,-3.4635392780367984,-4.726022096807932,-1.43631580076641,2.1334699404495807,2.7982769635979667,1.773968030307376,0.2648749546595169,1.3968827957093226,-2.29121215776467,-0.3107160363057482
12.0,250.0,1004.1648559570312,-3.4635392780367984,-4.726022100729972,-1.4363158007664143,2.1334699404495807,2.7982769635979667,1.773968030307376,0.2648749546595169,1.3968827957093226,-2.2912121577442064,-0.3107267982730504
12.0,250.0,1004.1648559570312,-3.463539277996192,-4.726022220337332,-1.4363158007657888,2.1334699404495807,2.798276939778221,1.773968030307376,0.2648749546595169,1.3968827957093226,-2.29121215774426,-0.3107268567286141
12.0,250.0,1004.1648559570312,-3.463539277544369,-4.726022082008367,-1.4363158007657852,2.1334699404495807,2.7982769635979667,1.773968030307376,0.2648749546595169,1.3968827957093226,-2.29121215774426,-0.3107268567286141
12.0,250.0,1004.1648559570312,-3.4635392899969784,-4.726022080029392,-1.436315800615471,2.1334699404495807,2.798291582710727,1.7739687691259802,0.2648749546595293,1.3968827957093226,-2.291212136540837,-0.3107153403628903
12.0,250.0,1004.1648559570312,-3.46353927755801,-4.726022100623873,-1.43631580076641,2.1334699404495807,2.7982769635979667,1.773968030307376,0.2648749546595169,1.3968827957093226,-2.2912121579976645,-0.3107396545896154
12.0,250.0,1004.1648559570312,-3.463539277557829,-4.726022570937718,-1.4363158007431696,2.1334699404495807,2.798276272434352,1.7739680053708071,0.2648749546595169,1.3968827957093226,-2.29121215737983,-0.3107295946887394
12.0,250.0,1004.1648559570312,-3.46353927803752,-4.726022220337332,-1.4363158007657888,2.1334699404495807,2.798276939002846,1.773968030307376,0.2648749546595169,1.3968827957093226,-2.29121215775214,-0.3107268567286141
12.0,250.0,1004.1648559570312,-3.463539278031812,-4.726022329517799,-1.436315800626108,2.1334699404495807,2.79829013210366,1.7739708518664263,0.2648749546595169,1.3968827957093226,-2.291212141748269,-0.310750040716398
12.0,250.0,1004.1648559570312,-3.4635392780373344,-4.726022220337332,-1.436315800766426,2.1334699404495807,2.7982769391442104,1.773968030307376,0.2648749546595169,1.3968827957093226,-2.29121215774426,-0.3107268567286141
12.0,250.0,1004.1648559570312,-3.463539278044658,-4.726022322164558,-1.436315800626108,2.1334699404495807,2.79829013210366,1.7739708518664263,0.2648749546595169,1.3968827957093226,-2.291212141748269,-0.3107048342775853
12.0,250.0,1004.1648559570312,-3.46353927765338,-4.726022082439355,-1.436315800615471,2.1334699404495807,2.798291582710727,1.7739687691259802,0.2648749546595293,1.3968827957093226,-2.2912121366029936,-0.3107153403628903
12.0,250.0,1004.1648559570312,-3.463539277995656,-4.726022100729972,-1.4363158007657773,2.1334699404495807,2.798276964231978,1.773968030307376,0.2648749546595169,1.3968827957093226,-2.2912121577442064,-0.3107267982730504
12.0,250.0,1004.1648559570312,-3.463539278014764,-4.726022100729972,-1.4363158007664143,2.1334699404495807,2.7982769635979667,1.773968030307376,0.2648749546595169,1.3968827957093226,-2.2912121577442064,-0.3107267982730504
12.0,250.0,1004.1648559570312,-3.4635392780415875,-4.726022570937718,-1.4363158007661352,2.1334699404495807,2.798276272434352,1.7739680053708071,0.2648749546595169,1.3968827957093226,-2.29121215737983,-0.3107267517367307
12.0,250.0,1004.1648559570312,-3.46353929020849,-4.726022051862871,-1.4363158007678245,2.1334699404495807,2.7982758520803626,1.7739679954558627,0.2648749546595169,1.3968827957093226,-2.2912121577570965,-0.3107268567286141
12.0,250.0,1004.1648559570312,-3.4635392780367984,-4.726022220314823,-1.4363158007657888,2.1334699404495807,2.7982769635979667,1.773968030307376,0.2648749546595169,1.3968827957093226,-2.29121215774426,-0.3107300201795661
12.0,250.0,1004.1648559570312,-3.463539278034765,-4.726022329517799,-1.4363158007772938,2.1334699404495807,2.79827690712146,1.773967845093527,0.2648749546595169,1.3968827957093226,-2.291212141748269,-0.3107498015202176
12.0,250.0,1004.1648559570312,-3.463539278047948,-4.726022230928764,-1.436315800625758,2.1334699404495807,2.79829013210366,1.7739708518664263,0.2648749546595169,1.3968827957093226,-2.291212141748269,-0.3107048342775853
12.0,250.0,1004.1648559570312,-3.463539278044491,-4.726022616221848,-1.4363158007702348,2.1334699404495807,2.798277092077448,1.773967957513847,0.2648749546595169,1.3968827957093226,-2.291212157461285,-0.3107269066153028
12.0,250.0,1004.1648559570312,-3.4635392780367984,-4.726022096807932,-1.43631580076641,2.1334699404495807,2.798276965077295,1.773968030307376,0.2648749546595169,1.3968827957093226,-2.291212157764721,-0.3107160363057482
12.0,251.0,1004.1629028320312,-3.463539278044658,-4.727277384342812,-1.4363158007657126,2.1334699404495807,2.7982750288900915,1.773968013726638,0.2648749546595169,1.3968827957093226,-2.2912121580534506,-0.3107262746796668
12.0,251.0,1004.1629028320312,-3.4635392780136147,-4.727270659384286,-1.4363158007657126,2.1334699404495807,2.7982750288900915,1.773968013726638,0.2648749546595169,1.3968827957093226,-2.2912121580534506,-0.3107262746796668
12.0,251.0,1004.1629638671876,-3.463539278037054,-4.727382938223192,-1.4363158007568697,2.1334699404495807,2.798277350062892,1.7739680054094042,0.2648749546595169,1.3968827957093226,-2.2912121417700297,-0.3107262746796668
12.0,251.0,1004.1629638671876,-3.46353927765338,-4.727308066115731,-1.4363158007577892,2.1334699404495807,2.798274486298598,1.7739679822597736,0.2648749546595172,1.3968827957093226,-2.2912121366029936,-0.3107153403628903
12.0,251.0,1004.1629638671876,-3.463539278037054,-4.727382938223192,-1.4363158007566874,2.1334699404495807,2.798290079376517,1.7739680054094042,0.2648749546595169,1.3968827957093226,-2.2912121417700297,-0.3107262791918445
12.0,251.0,1004.1630249023438,-3.4635392780126426,-4.727468272703962,-1.436315800757758,2.1334699404495807,2.79829013210366,1.773967628706016,0.2648749546595169,1.3968827957093226,-2.2912121417979194,-0.3107262746796668
12.0,251.0,1004.1630249023438,-3.463539278044658,-4.7273885343392905,-1.4363158007603145,2.1334699404495807,2.798275121853399,1.773968013726638,0.2648749546595169,1.3968827957093226,-2.2912121417979194,-0.3107262746796668
12.0,251.0,1004.1630249023438,-3.463539278005531,-4.727468272703962,-1.436315800757758,2.1334699404495807,2.798291453641109,1.773967628706016,0.2648749546595169,1.3968827957093226,-2.2912121417979194,-0.3107262746796668
12.0,251.0,1004.1630249023438,-3.463539278044658,-4.727436177328107,-1.4363158007603145,2.1334699404495807,2.7982761993115246,1.7739680050746829,0.2648749546595169,1.3968827957093226,-2.2912121417979194,-0.3107262746796668
12.0,251.0,1004.1630249023438,-3.463539278050959,-4.7273885343392905,-1.436315800765675,2.1334699404495807,2.798275121853399,1.773968008608594,0.2648749546595169,1.3968827957093226,-2.2912121417979194,-0.3107262746796668
12.0,251.0,1004.1630249023438,-3.463539278005531,-4.727468272703962,-1.4363158007602994,2.1334699404495807,2.798291453641109,1.7739676037694838,0.2648749546595169,1.3968827957093226,-2.2912121417979194,-0.3107262746796668
12.0,251.0,1004.1630249023438,-3.463539278042339,-4.727468272703962,-1.4363158007603145,2.1334699404495807,2.79829013210366,1.7739676041348766,0.2648749546595169,1.3968827957093226,-2.2912121417979194,-0.3107262746796668
12.0,251.0,1004.1630249023438,-3.463539278005531,-4.727468272703962,-1.436315800757758,2.1334699404495807,2.798291575459384,1.7739687164320632,0.2648749546595169,1.3968827957093226,-2.2912121417979194,-0.3107262746796668
12.0,251.0,1004.1630249023438,-3.463539278044658,-4.7273885343392905,-1.436315800766533,2.1334699404495807,2.798275121853399,1.7739680057895275,0.2648749546595169,1.3968827957093226,-2.291212157467644,-0.3107262746796668
12.0,251.0,1004.1630249023438,-3.463539278044658,-4.727390435845684,-1.4363158007659544,2.1334699404495807,2.7982767589089623,1.7739680301774174,0.2648749546595169,1.3968827957093226,-2.2912121414251665,-0.3107261735540579
12.0,251.0,1004.1630249023438,-3.463539278005531,-4.727468272703962,-1.436315800757758,2.1334699404495807,2.798291453641109,1.773967628706016,0.2648749546595169,1.3968827957093226,-2.2912121417979194,-0.3107262746796668
12.0,251.0,1004.1630249023438,-3.463539278044658,-4.727436177328107,-1.4363158007603145,2.1334699404495807,2.7982761993115246,1.7739680050746829,0.2648749546595169,1.3968827957093226,-2.2912121417979194,-0.3107262746796668
12.0,251.0,1004.1630859375,-3.463539278044658,-4.727468272703962,-1.4363158007603145,2.1334699404495807,2.79829013210366,1.7739680137571043,0.2648749546595169,1.3968827957093226,-2.2912121417979194,-0.3107262746796668
12.0,251.0,1004.1630859375,-3.463539278044658,-4.727468272703962,-1.4363158007603145,2.1334699404495807,2.7982762751034715,1.7739680050746829,0.2648749546595169,1.3968827957093226,-2.2912121417979194,-0.3107262746796668
12.0,251.0,1004.1630859375,-3.463539278044658,-4.727468272703962,-1.4363158007603145,2.1334699404495807,2.79829013210366,1.7739680300707172,0.2648749546595169,1.3968827957093226,-2.2912121417979194,-0.3107262746796668
12.0,251.0,1004.1630859375,-3.463539278044658,-4.727468272703962,-1.4363158007603145,2.1334699404495807,2.7982761993115246,1.7739680050746829,0.2648749546595169,1.3968827957093226,-2.2912121417979194,-0.3107262746796668
12.0,251.0,1004.1630859375,-3.4635392780126426,-4.727468272703962,-1.4363158007571966,2.1334699404495807,2.79829013210366,1.773967949314399,0.2648749546595169,1.3968827957093226,-2.2912121417718354,-0.3107262746796668
12.0,251.0,1004.1630859375,-3.4635392780126426,-4.727468272703962,-1.4363158007571966,2.1334699404495807,2.79829013210366,1.773967949314399,0.2648749546595169,1.3968827957093226,-2.2912121417718354,-0.3107262746796668
12.0,251.0,1004.1630859375,-3.4635392780126426,-4.727468272703962,-1.4363158007568697,2.1334699404495807,2.7982898891521435,1.7739680054094042,0.2648749546595169,1.3968827957093226,-2.2912121417700297,-0.3107262746796668
12.0,251.0,1004.1630859375,-3.463539278044658,-4.727468272703962,-1.4363158007603145,2.1334699404495807,2.79829013210366,1.7739680301774174,0.2648749546595169,1.3968827957093226,-2.2912121414251665,-0.3107262992041109
12.0,251.0,1004.1630859375,-3.463539278044658,-4.727468272703962,-1.4363158006317778,2.1334699404495807,2.7982762751034715,1.7739709163946833,0.2648749546595169,1.3968827957093226,-2.2912121417979194,-0.3107054904451847
12.0,251.0,1004.1630859375,-3.463539278044658,-4.727468272703962,-1.4363158007601975,2.1334699404495807,2.79829013210366,1.7739680296245013,0.2648749546595169,1.3968827957093226,-2.291212142560881,-0.3107261680081675
12.0,251.0,1004.1630859375,-3.463539278044658,-4.727468272703962,-1.4363158007603145,2.1334699404495807,2.79829013210366,1.7739680137571043,0.2648749546595169,1.3968827957093226,-2.291212142570952,-0.3107262811061229
12.0,251.0,1004.1630859375,-3.463539278044658,-4.727468272703962,-1.4363158007601882,2.1334699404495807,2.79829013210366,1.7739680296245013,0.2648749546595169,1.3968827957093226,-2.2912121418136326,-0.3107261616603041
12.0,251.0,1004.1630859375,-3.4635392780126426,-4.727468272703962,-1.4363158007571966,2.1334699404495807,2.79829013210366,1.773967949314399,0.2648749546595169,1.3968827957093226,-2.2912121417718354,-0.3107262746796668
12.0,251.0,1004.1630859375,-3.463539278044658,-4.727436367344276,-1.4363158006285786,2.1334699404495807,2.7982762751034715,1.7739708035393786,0.2648749546595169,1.3968827957093226,-2.2912121417979194,-0.3107054904451847
12.0,251.0,1004.1630859375,-3.463539278044658,-4.727468272703962,-1.4363158007577734,2.1334699404495807,2.7982762751034715,1.773968030011215,0.2648749546595169,1.3968827957093226,-2.2912121417979194,-0.3107262746796668
12.0,251.0,1004.1630859375,-3.463539278036884,-4.72746431540579,-1.436315800765675,2.1334699404495807,2.798275121853399,1.773968010187271,0.2648749546595169,1.3968827957093226,-2.2912121415676365,-0.3107262746796668
12.0,251.0,1004.1630859375,-3.4635392780436858,-4.727474997662488,-1.4363158007571966,2.1334699404495807,2.79829013210366,1.773967949314399,0.2648749546595169,1.3968827957093226,-2.2912121417718354,-0.3107262746796668
12.0,251.0,1004.1630859375,-3.463539278008936,-4.727468272703962,-1.4363158007603145,2.1334699404495807,2.79829013210366,1.7739680137571043,0.2648749546595169,1.3968827957093226,-2.2912121417772164,-0.3107262811061229
12.0,251.0,1004.1630859375,-3.4635392780131524,-4.727468272703962,-1.4363158007571966,2.1334699404495807,2.798275090694648,1.773967949314399,0.2648749546595169,1.3968827957093226,-2.2912121417715743,-0.3107262746796668
12.0,251.0,1004.1630859375,-3.463539278044658,-4.727468272703962,-1.4363158007603145,2.1334699404495807,2.79829013210366,1.7739680301774174,0.2648749546595169,1.3968827957093226,-2.2912121414251665,-0.3107262992041109
12.0,251.0,1004.1630859375,-3.463539278044658,-4.727468272703962,-1.4363158007603147,2.1334699404495807,2.798290144920151,1.7739680137571043,0.2648749546595169,1.3968827957093226,-2.2912121417979194,-0.3107262746796668
12.0,251.0,1004.1630859375,-3.463539278044658,-4.727468272703962,-1.4363158007603145,2.1334699404495807,2.79829013210366,1.773968030069115,0.2648749546595169,1.3968827957093226,-2.2912121417979194,-0.3107262746796668
12.0,251.0,1004.1630859375,-3.463539278044658,-4.727468272703962,-1.4363158006317778,2.1334699404495807,2.7982762751034715,1.7739709163946833,0.2648749546595169,1.3968827957093226,-2.2912121417979194,-0.3107054904451847
12.0,251.0,1004.1644287109376,-3.463539278044658,-4.726150193651731,-1.4363158006179966,2.1334699404495807,2.7982932957236537,1.7739687919408895,0.2648749546595291,1.3968827957093226,-2.2912121417979194,-0.3107262746796668
12.0,251.0,1004.1646118164062,-3.4635392780367984,-4.72609993366621,-1.43631580076077,2.1334699404495807,2.798290336792664,1.773968030307376,0.2648749546595169,1.3968827957093226,-2.29121215776467,-0.3107161619558011
12.0,251.0,1004.164794921875,-3.4635392780367984,-4.72604714575409,-1.4363158007664143,2.1334699404495807,2.7982893503386093,1.773968030307376,0.2648749546595169,1.3968827957093226,-2.291212141668089,-0.3107263083693899
12.0,251.0,1004.1648559570312,-3.4635392780367984,-4.726022096807932,-1.43631580076641,2.1334699404495807,2.7982769635979667,1.773968030307376,0.2648749546595169,1.3968827957093226,-2.29121215776467,-0.3107166211535003
12.0,251.0,1004.1648559570312,-3.4635392780367984,-4.726022220337332,-1.4363158007657888,2.1334699404495807,2.7982769635979667,1.773968030307376,0.2648749546595169,1.3968827957093226,-2.29121215774426,-0.3107268567286141
12.0,251.0,1004.1648559570312,-3.4635392780367984,-4.726022220337332,-1.4363158007657888,2.1334699404495807,2.7982769635979667,1.773968030307376,0.2648749546595169,1.3968827957093226,-2.29121215774426,-0.3107268567286141
12.0,251.0,1004.1648559570312,-3.4635392780367984,-4.726022096807932,-1.43631580076641,2.1334699404495807,2.7982769635979667,1.773968030307376,0.2648749546595169,1.3968827957093226,-2.29121215776467,-0.3107160363057482
12.0,251.0,1004.1648559570312,-3.4635392780367984,-4.726022100729972,-1.4363158007664143,2.1334699404495807,2.7982769635979667,1.773968030307376,0.2648749546595169,1.3968827957093226,-2.2912121577442064,-0.3107267982730504
12.0,251.0,1004.1648559570312,-3.463539277996192,-4.726022220337332,-1.4363158007657888,2.1334699404495807,2.798276939778221,1.773968030307376,0.2648749546595169,1.3968827957093226,-2.29121215774426,-0.3107268567286141
12.0,251.0,1004.1648559570312,-3.463539277544369,-4.726022082008367,-1.4363158007657852,2.1334699404495807,2.7982769635979667,1.773968030307376,0.2648749546595169,1.3968827957093226,-2.29121215774426,-0.3107268567286141
12.0,252.0,1004.1629028320312,-3.463539278044658,-4.727277384342812,-1.4363158007657126,2.1334699404495807,2.7982750288900915,1.773968013726638,0.2648749546595169,1.3968827957093226,-2.2912121580534506,-0.3107262746796668
12.0,252.0,1004.1629028320312,-3.4635392780136147,-4.727270659384286,-1.4363158007657126,2.1334699404495807,2.7982750288900915,1.773968013726638,0.2648749546595169,1.3968827957093226,-2.2912121580534506,-0.3107262746796668
12.0,252.0,1004.1629028320312,-3.4635392780135565,-4.727269940774775,-1.436315800765675,2.1334699404495807,2.7982751235669325,1.7739680138128826,0.2648749546595169,1.3968827957093226,-2.291212158936594,-0.3107262746796668
12.0,252.0,1004.1629028320312,-3.463539278044658,-4.727277384342812,-1.4363158007657126,2.1334699404495807,2.7982894816504733,1.773968013726638,0.2648749546595169,1.3968827957093226,-2.291212142183752,-0.3107262746796668
12.0,252.0,1004.1629028320312,-3.463539278044658,-4.727269472016781,-1.436315800766533,2.1334699404495807,2.798275121853399,1.7739680057895275,0.2648749546595169,1.3968827957093226,-2.2912121574933244,-0.3107262746796668
12.0,252.0,1004.1629638671876,-3.463539278037054,-4.727382938223192,-1.4363158007568697,2.1334699404495807,2.798277350062892,1.7739680054094042,0.2648749546595169,1.3968827957093226,-2.2912121417700297,-0.3107262746796668
12.0,252.0,1004.1629638671876,-3.46353927765338,-4.727308066115731,-1.4363158007577892,2.1334699404495807,2.798274486298598,1.7739679822597736,0.2648749546595172,1.3968827957093226,-2.2912121366029936,-0.3107153403628903
12.0,252.0,1004.1629638671876,-3.463539278037054,-4.727382938223192,-1.4363158007566874,2.1334699404495807,2.798290079376517,1.7739680054094042,0.2648749546595169,1.3968827957093226,-2.2912121417700297,-0.3107262791918445
12.0,252.0,1004.1629638671876,-3.463539278003741,-4.72738959500232,-1.436315800757758,2.1334699404495807,2.7982896599957687,1.7739680919461374,0.2648749546595169,1.3968827957093226,-2.2912121417979194,-0.3107262746796668
12.0,252.0,1004.1629638671876,-3.463539278036828,-4.727382385775744,-1.4363158007568446,2.1334699404495807,2.7982761993115246,1.7739680054258011,0.2648749546595169,1.3968827957093226,-2.291212141770252,-0.3107262746796668
12.0,252.0,1004.1630249023438,-3.4635392780126426,-4.727468272703962,-1.436315800757758,2.1334699404495807,2.79829013210366,1.773967628706016,0.2648749546595169,1.3968827957093226,-2.2912121417979194,-0.3107262746796668
12.0,252.0,1004.1630249023438,-3.463539278044658,-4.7273885343392905,-1.4363158007603145,2.1334699404495807,2.798275121853399,1.773968013726638,0.2648749546595169,1.3968827957093226,-2.2912121417979194,-0.3107262746796668
12.0,252.0,1004.1630249023438,-3.463539278005531,-4.727468272703962,-1.436315800757758,2.1334699404495807,2.798291453641109,1.773967628706016,0.2648749546595169,1.3968827957093226,-2.2912121417979194,-0.3107262746796668
12.0,252.0,1004.1630249023438,-3.463539278044658,-4.727436177328107,-1.4363158007603145,2.1334699404495807,2.7982761993115246,1.7739680050746829,0.2648749546595169,1.3968827957093226,-2.2912121417979194,-0.3107262746796668
12.0,252.0,1004.1630249023438,-3.463539278050959,-4.7273885343392905,-1.436315800765675,2.1334699404495807,2.798275121853399,1.773968008608594,0.2648749546595169,1.3968827957093226,-2.2912121417979194,-0.3107262746796668
12.0,252.0,1004.1630249023438,-3.463539278005531,-4.727468272703962,-1.4363158007602994,2.1334699404495807,2.798291453641109,1.7739676037694838,0.2648749546595169,1.3968827957093226,-2.2912121417979194,-0.3107262746796668
12.0,252.0,1004.1630249023438,-3.463539278042339,-4.727468272703962,-1.4363158007603145,2.1334699404495807,2.79829013210366,1.7739676041348766,0.2648749546595169,1.3968827957093226,-2.2912121417979194,-0.3107262746796668
12.0,252.0,1004.1630249023438,-3.463539278005531,-4.727468272703962,-1.436315800757758,2.1334699404495807,2.798291575459384,1.7739687164320632,0.2648749546595169,1.3968827957093226,-2.2912121417979194,-0.3107262746796668
12.0,252.0,1004.1630249023438,-3.463539278044658,-4.7273885343392905,-1.436315800766533,2.1334699404495807,2.798275121853399,1.7739680057895275,0.2648749546595169,1.3968827957093226,-2.291212157467644,-0.3107262746796668
12.0,252.0,1004.1630249023438,-3.463539278044658,-4.727390435845684,-1.4363158007659544,2.1334699404495807,2.7982767589089623,1.7739680301774174,0.2648749546595169,1.3968827957093226,-2.2912121414251665,-0.3107261735540579
12.0,252.0,1004.1630249023438,-3.463539278005531,-4.727468272703962,-1.436315800757758,2.1334699404495807,2.798291453641109,1.773967628706016,0.2648749546595169,1.3968827957093226,-2.2912121417979194,-0.3107262746796668
12.0,252.0,1004.1630249023438,-3.463539278044658,-4.727436177328107,-1.4363158007603145,2.1334699404495807,2.7982761993115246,1.7739680050746829,0.2648749546595169,1.3968827957093226,-2.2912121417979194,-0.3107262746796668
12.0,252.0,1004.1630249023438,-3.4635392780447103,-4.727422755057969,-1.4363158007664143,2.1334699404495807,2.7982893503386093,1.773968030307376,0.2648749546595169,1.3968827957093226,-2.291212141668089,-0.3107263080643182
12.0,252.0,1004.1630249023438,-3.463539278005531,-4.727468272703962,-1.436315800757758,2.1334699404495807,2.798291453641109,1.7739676279559755,0.2648749546595169,1.3968827957093226,-2.2912121417979194,-0.3107262746796668
12.0,252.0,1004.1630249023438,-3.4635392780136147,-4.727389721706794,-1.4363158007657126,2.1334699404495807,2.7982750288900915,1.773968013726638,0.2648749546595169,1.3968827957093226,-2.2912121580277707,-0.3107262746796668
12.0,252.0,1004.1630249023438,-3.463539278044884,-4.727436729775555,-1.4363158007603396,2.1334699404495807,2.798277350062892,1.7739680050582862,0.2648749546595169,1.3968827957093226,-2.291212141797697,-0.3107262746796668
12.0,252.0,1004.1630249023438,-3.4635392780440624,-4.727468272703962,-1.436315800757758,2.1334699404495807,2.7982902220992827,1.773968044928404,0.2648749546595169,1.3968827957093226,-2.2912121417979194,-0.3107262746796668
12.0,252.0,1004.1630859375,-3.463539278044658,-4.727468272703962,-1.4363158007603145,2.1334699404495807,2.79829013210366,1.7739680137571043,0.2648749546595169,1.3968827957093226,-2.2912121417979194,-0.3107262746796668
12.0,252.0,1004.1630859375,-3.463539278044658,-4.727468272703962,-1.4363158007603145,2.1334699404495807,2.7982762751034715,1.7739680050746829,0.2648749546595169,1.3968827957093226,-2.2912121417979194,-0.3107262746796668
12.0,252.0,1004.1630859375,-3.463539278044658,-4.727468272703962,-1.4363158007603145,2.1334699404495807,2.79829013210366,1.7739680300707172,0.2648749546595169,1.3968827957093226,-2.2912121417979194,-0.3107262746796668
12.0,252.0,1004.1630859375,-3.463539278044658,-4.727468272703962,-1.4363158007603145,2.1334699404495807,2.7982761993115246,1.7739680050746829,0.2648749546595169,1.3968827957093226,-2.2912121417979194,-0.3107262746796668
12.0,252.0,1004.1630859375,-3.4635392780126426,-4.727468272703962,-1.4363158007571966,2.1334699404495807,2.79829013210366,1.773967949314399,0.2648749546595169,1.3968827957093226,-2.2912121417718354,-0.3107262746796668
12.0,252.0,1004.1630859375,-3.4635392780126426,-4.727468272703962,-1.4363158007571966,2.1334699404495807,2.79829013210366,1.773967949314399,0.2648749546595169,1.3968827957093226,-2.2912121417718354,-0.3107262746796668
12.0,252.0,1004.1630859375,-3.4635392780126426,-4.727468272703962,-1.4363158007568697,2.1334699404495807,2.7982898891521435,1.7739680054094042,0.2648749546595169,1.3968827957093226,-2.2912121417700297,-0.3107262746796668
12.0,252.0,1004.1630859375,-3.463539278044658,-4.727468272703962,-1.4363158007603145,2.1334699404495807,2.79829013210366,1.7739680301774174,0.2648749546595169,1.3968827957093226,-2.2912121414251665,-0.3107262992041109
12.0,252.0,1004.1630859375,-3.463539278044658,-4.727468272703962,-1.4363158006317778,2.1334699404495807,2.7982762751034715,1.7739709163946833,0.2648749546595169,1.3968827957093226,-2.2912121417979194,-0.3107054904451847
12.0,252.0,1004.1630859375,-3.463539278044658,-4.727468272703962,-1.4363158007601975,2.1334699404495807,2.79829013210366,1.7739680296245013,0.2648749546595169,1.3968827957093226,-2.291212142560881,-0.3107261680081675
12.0,252.0,1004.1630859375,-3.463539278044658,-4.727468272703962,-1.4363158007603145,2.1334699404495807,2.79829013210366,1.7739680137571043,0.2648749546595169,1.3968827957093226,-2.291212142570952,-0.3107262811061229
12.0,252.0,1004.1630859375,-3.463539278044658,-4.727468272703962,-1.4363158007601882,2.1334699404495807,2.79829013210366,1.7739680296245013,0.2648749546595169,1.3968827957093226,-2.2912121418136326,-0.3107261616603041
12.0,252.0,1004.1630859375,-3.4635392780126426,-4.727468272703962,-1.4363158007571966,2.1334699404495807,2.79829013210366,1.773967949314399,0.2648749546595169,1.3968827957093226,-2.2912121417718354,-0.3107262746796668
12.0,252.0,1004.1630859375,-3.463539278044658,-4.727436367344276,-1.4363158006285786,2.1334699404495807,2.7982762751034715,1.7739708035393786,0.2648749546595169,1.3968827957093226,-2.2912121417979194,-0.3107054904451847
12.0,252.0,1004.1630859375,-3.463539278044658,-4.727468272703962,-1.4363158007577734,2.1334699404495807,2.7982762751034715,1.773968030011215,0.2648749546595169,1.3968827957093226,-2.2912121417979194,-0.3107262746796668
12.0,252.0,1004.1630859375,-3.463539278036884,-4.72746431540579,-1.436315800765675,2.1334699404495807,2.798275121853399,1.773968010187271,0.2648749546595169,1.3968827957093226,-2.2912121415676365,-0.3107262746796668
12.0,252.0,1004.1630859375,-3.4635392780436858,-4.727474997662488,-1.4363158007571966,2.1334699404495807,2.79829013210366,1.773967949314399,0.2648749546595169,1.3968827957093226,-2.2912121417718354,-0.3107262746796668
12.0,252.0,1004.1630859375,-3.463539278008936,-4.727468272703962,-1.4363158007603145,2.1334699404495807,2.79829013210366,1.7739680137571043,0.2648749546595169,1.3968827957093226,-2.2912121417772164,-0.3107262811061229
12.0,252.0,1004.1630859375,-3.4635392780131524,-4.727468272703962,-1.4363158007571966,2.1334699404495807,2.798275090694648,1.773967949314399,0.2648749546595169,1.3968827957093226,-2.2912121417715743,-0.3107262746796668
12.0,252.0,1004.1630859375,-3.463539278044658,-4.727468272703962,-1.4363158007603145,2.1334699404495807,2.79829013210366,1.7739680301774174,0.2648749546595169,1.3968827957093226,-2.2912121414251665,-0.3107262992041109
12.0,252.0,1004.1630859375,-3.463539278044658,-4.727468272703962,-1.4363158007603147,2.1334699404495807,2.798290144920151,1.7739680137571043,0.2648749546595169,1.3968827957093226,-2.2912121417979194,-0.3107262746796668
12.0,252.0,1004.1630859375,-3.463539278044658,-4.727468272703962,-1.4363158007603145,2.1334699404495807,2.79829013210366,1.773968030069115,0.2648749546595169,1.3968827957093226,-2.2912121417979194,-0.3107262746796668
12.0,252.0,1004.1630859375,-3.463539278044658,-4.727468272703962,-1.4363158006317778,2.1334699404495807,2.7982762751034715,1.7739709163946833,0.2648749546595169,1.3968827957093226,-2.2912121417979194,-0.3107054904451847
12.0,253.0,1004.1629028320312,-3.463539278044658,-4.727277384342812,-1.4363158007657126,2.1334699404495807,2.7982750288900915,1.773968013726638,0.2648749546595169,1.3968827957093226,-2.2912121580534506,-0.3107262746796668
12.0,253.0,1004.1629028320312,-3.4635392780136147,-4.727270659384286,-1.4363158007657126,2.1334699404495807,2.7982750288900915,1.773968013726638,0.2648749546595169,1.3968827957093226,-2.2912121580534506,-0.3107262746796668
12.0,253.0,1004.1629028320312,-3.4635392780135565,-4.727269940774775,-1.436315800765675,2.1334699404495807,2.7982751235669325,1.7739680138128826,0.2648749546595169,1.3968827957093226,-2.291212158936594,-0.3107262746796668
12.0,253.0,1004.1629028320312,-3.463539278044658,-4.727277384342812,-1.4363158007657126,2.1334699404495807,2.7982894816504733,1.773968013726638,0.2648749546595169,1.3968827957093226,-2.291212142183752,-0.3107262746796668
12.0,253.0,1004.1629028320312,-3.463539278044658,-4.727269472016781,-1.436315800766533,2.1334699404495807,2.798275121853399,1.7739680057895275,0.2648749546595169,1.3968827957093226,-2.2912121574933244,-0.3107262746796668
12.0,253.0,1004.1629028320312,-3.463539278044658,-4.727277384342812,-1.4363158007657126,2.1334699404495807,2.7982894816504733,1.773968013726638,0.2648749546595169,1.3968827957093226,-2.2912121587219194,-0.3107262746796668
12.0,253.0,1004.1629028320312,-3.463539278044658,-4.727276175038317,-1.4363158007659564,2.1334699404495807,2.798288923645431,1.7739680290917086,0.2648749546595169,1.3968827957093226,-2.2912121421679066,-0.3107261716367639
12.0,253.0,1004.1629028320312,-3.4635392780156367,-4.727277384342812,-1.4363158007657126,2.1334699404495807,2.7982750288900915,1.773968013726638,0.2648749546595169,1.3968827957093226,-2.2912121580534506,-0.3107262746796668
12.0,253.0,1004.1629028320312,-3.4635392780126426,-4.7272730638061615,-1.436315800757758,2.1334699404495807,2.7982901930498905,1.773967628706016,0.2648749546595169,1.3968827957093226,-2.2912121414164366,-0.3107262746796668
12.0,253.0,1004.1629638671876,-3.463539278037054,-4.727382938223192,-1.4363158007568697,2.1334699404495807,2.798277350062892,1.7739680054094042,0.2648749546595169,1.3968827957093226,-2.2912121417700297,-0.3107262746796668
12.0,253.0,1004.1629638671876,-3.46353927765338,-4.727308066115731,-1.4363158007577892,2.1334699404495807,2.798274486298598,1.7739679822597736,0.2648749546595172,1.3968827957093226,-2.2912121366029936,-0.3107153403628903
12.0,253.0,1004.1629638671876,-3.463539278037054,-4.727382938223192,-1.4363158007566874,2.1334699404495807,2.798290079376517,1.7739680054094042,0.2648749546595169,1.3968827957093226,-2.2912121417700297,-0.3107262791918445
12.0,253.0,1004.1629638671876,-3.463539278003741,-4.72738959500232,-1.436315800757758,2.1334699404495807,2.7982896599957687,1.7739680919461374,0.2648749546595169,1.3968827957093226,-2.2912121417979194,-0.3107262746796668
12.0,253.0,1004.1629638671876,-3.463539278036828,-4.727382385775744,-1.4363158007568446,2.1334699404495807,2.7982761993115246,1.7739680054258011,0.2648749546595169,1.3968827957093226,-2.291212141770252,-0.3107262746796668
12.0,253.0,1004.1629638671876,-3.463539278037054,-4.727382938223192,-1.4363158007566874,2.1334699404495807,2.798290079376517,1.7739680054094042,0.2648749546595169,1.3968827957093226,-2.2912121417700297,-0.3107262791918445
12.0,253.0,1004.1629638671876,-3.4635392780376475,-4.727382938223192,-1.4363158007568697,2.1334699404495807,2.798277317531453,1.7739680054094042,0.2648749546595169,1.3968827957093226,-2.2912121417700297,-0.3107262746796668
12.0,253.0,1004.1629638671876,-3.4635392780135565,-4.727307849277659,-1.436315800757742,2.1334699404495807,2.7982744714930976,1.7739679831802988,0.2648749546595169,1.3968827957093226,-2.291212158936594,-0.3107262746796668
12.0,253.0,1004.1630249023438,-3.4635392780126426,-4.727468272703962,-1.436315800757758,2.1334699404495807,2.79829013210366,1.773967628706016,0.2648749546595169,1.3968827957093226,-2.2912121417979194,-0.3107262746796668
12.0,253.0,1004.1630249023438,-3.463539278044658,-4.7273885343392905,-1.4363158007603145,2.1334699404495807,2.798275121853399,1.773968013726638,0.2648749546595169,1.3968827957093226,-2.2912121417979194,-0.3107262746796668
12.0,253.0,1004.1630249023438,-3.463539278005531,-4.727468272703962,-1.436315800757758,2.1334699404495807,2.798291453641109,1.773967628706016,0.2648749546595169,1.3968827957093226,-2.2912121417979194,-0.3107262746796668
12.0,253.0,1004.1630249023438,-3.463539278044658,-4.727436177328107,-1.4363158007603145,2.1334699404495807,2.7982761993115246,1.7739680050746829,0.2648749546595169,1.3968827957093226,-2.2912121417979194,-0.3107262746796668
12.0,253.0,1004.1630249023438,-3.463539278050959,-4.7273885343392905,-1.436315800765675,2.1334699404495807,2.798275121853399,1.773968008608594,0.2648749546595169,1.3968827957093226,-2.2912121417979194,-0.3107262746796668
12.0,253.0,1004.1630249023438,-3.463539278005531,-4.727468272703962,-1.4363158007602994,2.1334699404495807,2.798291453641109,1.7739676037694838,0.2648749546595169,1.3968827957093226,-2.2912121417979194,-0.3107262746796668
12.0,253.0,1004.1630249023438,-3.463539278042339,-4.727468272703962,-1.4363158007603145,2.1334699404495807,2.79829013210366,1.7739676041348766,0.2648749546595169,1.3968827957093226,-2.2912121417979194,-0.3107262746796668
12.0,253.0,1004.1630249023438,-3.463539278005531,-4.727468272703962,-1.436315800757758,2.1334699404495807,2.798291575459384,1.7739687164320632,0.2648749546595169,1.3968827957093226,-2.2912121417979194,-0.3107262746796668
12.0,253.0,1004.1630249023438,-3.463539278044658,-4.7273885343392905,-1.436315800766533,2.1334699404495807,2.798275121853399,1.7739680057895275,0.2648749546595169,1.3968827957093226,-2.291212157467644,-0.3107262746796668
12.0,253.0,1004.1630249023438,-3.463539278044658,-4.727390435845684,-1.4363158007659544,2.1334699404495807,2.7982767589089623,1.7739680301774174,0.2648749546595169,1.3968827957093226,-2.2912121414251665,-0.3107261735540579
12.0,253.0,1004.1630249023438,-3.463539278005531,-4.727468272703962,-1.436315800757758,2.1334699404495807,2.798291453641109,1.773967628706016,0.2648749546595169,1.3968827957093226,-2.2912121417979194,-0.3107262746796668
12.0,253.0,1004.1630249023438,-3.463539278044658,-4.727436177328107,-1.4363158007603145,2.1334699404495807,2.7982761993115246,1.7739680050746829,0.2648749546595169,1.3968827957093226,-2.2912121417979194,-0.3107262746796668
12.0,253.0,1004.1630249023438,-3.4635392780447103,-4.727422755057969,-1.4363158007664143,2.1334699404495807,2.7982893503386093,1.773968030307376,0.2648749546595169,1.3968827957093226,-2.291212141668089,-0.3107263080643182
12.0,253.0,1004.1630249023438,-3.463539278005531,-4.727468272703962,-1.436315800757758,2.1334699404495807,2.798291453641109,1.7739676279559755,0.2648749546595169,1.3968827957093226,-2.2912121417979194,-0.3107262746796668
12.0,253.0,1004.1630249023438,-3.4635392780136147,-4.727389721706794,-1.4363158007657126,2.1334699404495807,2.7982750288900915,1.773968013726638,0.2648749546595169,1.3968827957093226,-2.2912121580277707,-0.3107262746796668
12.0,253.0,1004.1630249023438,-3.463539278044884,-4.727436729775555,-1.4363158007603396,2.1334699404495807,2.798277350062892,1.7739680050582862,0.2648749546595169,1.3968827957093226,-2.291212141797697,-0.3107262746796668
12.0,253.0,1004.1630249023438,-3.4635392780440624,-4.727468272703962,-1.436315800757758,2.1334699404495807,2.7982902220992827,1.773968044928404,0.2648749546595169,1.3968827957093226,-2.2912121417979194,-0.3107262746796668
12.0,253.0,1004.1630249023438,-3.4635392780443848,-4.72739114924615,-1.436315800632351,2.1334699404495807,2.7982762751034715,1.7739709163946833,0.2648749546595169,1.3968827957093226,-2.2912121417979194,-0.3107262736356595
12.0,253.0,1004.1630249023438,-3.4635392780443883,-4.727436801511324,-1.4363158007603145,2.1334699404495807,2.7982761993115246,1.773967954670635,0.2648749546595169,1.3968827957093226,-2.2912121417979194,-0.3107262746796668
12.0,253.0,1004.1630249023438,-3.4635392780427487,-4.727468272703962,-1.436315800757758,2.1334699404495807,2.798290135558844,1.773967628706016,0.2648749546595169,1.3968827957093226,-2.2912121417979194,-0.3107262746796668
12.0,253.0,1004.1630249023438,-3.463539278006845,-4.727468272703962,-1.436315800757758,2.1334699404495807,2.798291540181548,1.773968044928404,0.2648749546595169,1.3968827957093226,-2.2912121417979194,-0.3107262746796668
12.0,253.0,1004.1630249023438,-3.463539278044658,-4.7273885343392905,-1.4363158007587822,2.1334699404495807,2.7982762704188366,1.7739680308753345,0.2648749546595169,1.3968827957093226,-2.291212157467644,-0.3107262746796668
12.0,253.0,1004.1630249023438,-3.463539278044658,-4.727437281735441,-1.4363158007603145,2.1334699404495807,2.798290875673926,1.773968013492311,0.2648749546595169,1.3968827957093226,-2.291212141776841,-0.3107262747460047
12.0,253.0,1004.1630249023438,-3.463539278044658,-4.7273916451501785,-1.4363158007657109,2.1334699404495807,2.7982773169140045,1.773968014812347,0.2648749546595169,1.3968827957093226,-2.291212141441012,-0.3107262765969608
12.0,253.0,1004.1630249023438,-3.463539278044658,-4.7273885343392905,-1.436315800766533,2.1334699404495807,2.798275121853399,1.7739680057895275,0.2648749546595169,1.3968827957093226,-2.291212157467644,-0.3107262746796668
12.0,253.0,1004.1630249023438,-3.463539278044884,-4.727391510662683,-1.4363158007603396,2.1334699404495807,2.798277350062892,1.7739680050582862,0.2648749546595169,1.3968827957093226,-2.2912121417977023,-0.3107262746796668
12.0,253.0,1004.1630859375,-3.463539278044658,-4.727468272703962,-1.4363158007603145,2.1334699404495807,2.79829013210366,1.7739680137571043,0.2648749546595169,1.3968827957093226,-2.2912121417979194,-0.3107262746796668
12.0,253.0,1004.1630859375,-3.463539278044658,-4.727468272703962,-1.4363158007603145,2.1334699404495807,2.7982762751034715,1.7739680050746829,0.2648749546595169,1.3968827957093226,-2.2912121417979194,-0.3107262746796668
12.0,253.0,1004.1630859375,-3.463539278044658,-4.727468272703962,-1.4363158007603145,2.1334699404495807,2.79829013210366,1.7739680300707172,0.2648749546595169,1.3968827957093226,-2.2912121417979194,-0.3107262746796668
12.0,253.0,1004.1630859375,-3.463539278044658,-4.727468272703962,-1.4363158007603145,2.1334699404495807,2.7982761993115246,1.7739680050746829,0.2648749546595169,1.3968827957093226,-2.2912121417979194,-0.3107262746796668
12.0,253.0,1004.1630859375,-3.4635392780126426,-4.727468272703962,-1.4363158007571966,2.1334699404495807,2.79829013210366,1.773967949314399,0.2648749546595169,1.3968827957093226,-2.2912121417718354,-0.3107262746796668
12.0,253.0,1004.1630859375,-3.4635392780126426,-4.727468272703962,-1.4363158007571966,2.1334699404495807,2.79829013210366,1.773967949314399,0.2648749546595169,1.3968827957093226,-2.2912121417718354,-0.3107262746796668
12.0,253.0,1004.1630859375,-3.4635392780126426,-4.727468272703962,-1.4363158007568697,2.1334699404495807,2.7982898891521435,1.7739680054094042,0.2648749546595169,1.3968827957093226,-2.2912121417700297,-0.3107262746796668
12.0,254.0,1004.1629028320312,-3.463539278044658,-4.727277384342812,-1.4363158007657126,2.1334699404495807,2.7982750288900915,1.773968013726638,0.2648749546595169,1.3968827957093226,-2.2912121580534506,-0.3107262746796668
12.0,254.0,1004.1629028320312,-3.4635392780136147,-4.727270659384286,-1.4363158007657126,2.1334699404495807,2.7982750288900915,1.773968013726638,0.2648749546595169,1.3968827957093226,-2.2912121580534506,-0.3107262746796668
12.0,254.0,1004.1629028320312,-3.4635392780135565,-4.727269940774775,-1.436315800765675,2.1334699404495807,2.7982751235669325,1.7739680138128826,0.2648749546595169,1.3968827957093226,-2.291212158936594,-0.3107262746796668
12.0,254.0,1004.1629028320312,-3.463539278044658,-4.727277384342812,-1.4363158007657126,2.1334699404495807,2.7982894816504733,1.773968013726638,0.2648749546595169,1.3968827957093226,-2.291212142183752,-0.3107262746796668
12.0,254.0,1004.1629028320312,-3.463539278044658,-4.727269472016781,-1.436315800766533,2.1334699404495807,2.798275121853399,1.7739680057895275,0.2648749546595169,1.3968827957093226,-2.2912121574933244,-0.3107262746796668
12.0,254.0,1004.1629028320312,-3.463539278044658,-4.727277384342812,-1.4363158007657126,2.1334699404495807,2.7982894816504733,1.773968013726638,0.2648749546595169,1.3968827957093226,-2.2912121587219194,-0.3107262746796668
12.0,254.0,1004.1629028320312,-3.463539278044658,-4.727276175038317,-1.4363158007659564,2.1334699404495807,2.798288923645431,1.7739680290917086,0.2648749546595169,1.3968827957093226,-2.2912121421679066,-0.3107261716367639
12.0,254.0,1004.1629028320312,-3.4635392780156367,-4.727277384342812,-1.4363158007657126,2.1334699404495807,2.7982750288900915,1.773968013726638,0.2648749546595169,1.3968827957093226,-2.2912121580534506,-0.3107262746796668
12.0,254.0,1004.1629028320312,-3.4635392780126426,-4.7272730638061615,-1.436315800757758,2.1334699404495807,2.7982901930498905,1.773967628706016,0.2648749546595169,1.3968827957093226,-2.2912121414164366,-0.3107262746796668
12.0,254.0,1004.1629028320312,-3.463539278044658,-4.727277384342812,-1.4363158007657126,2.1334699404495807,2.7982894816504733,1.773968013726638,0.2648749546595169,1.3968827957093226,-2.291212142183752,-0.3107262746796668
12.0,254.0,1004.1629028320312,-3.463539278044658,-4.727271400338654,-1.4363158007659445,2.1334699404495807,2.798288997284521,1.7739680284324228,0.2648749546595169,1.3968827957093226,-2.291212157407058,-0.3107262770922765
12.0,254.0,1004.1629028320312,-3.463539278044658,-4.727277384342812,-1.4363158007657126,2.1334699404495807,2.798290120216812,1.773967625376634,0.2648749546595169,1.3968827957093226,-2.291212142183752,-0.3107262746796668
12.0,254.0,1004.1629028320312,-3.4635392780439576,-4.727277384342812,-1.4363158007657126,2.1334699404495807,2.798275014288018,1.773968013726638,0.2648749546595169,1.3968827957093226,-2.2912121589594268,-0.3107262746796668
12.0,254.0,1004.1629028320312,-3.4635392780447103,-4.727275297925906,-1.4363158007657335,2.1334699404495807,2.7982894747896188,1.773968030307376,0.2648749546595169,1.3968827957093226,-2.291212142015799,-0.3107262727608175
12.0,254.0,1004.1629028320312,-3.463539278041088,-4.7272730638061615,-1.436315800757758,2.1334699404495807,2.7982901930498905,1.77396799297033,0.2648749546595169,1.3968827957093226,-2.2912121414164366,-0.3107262746796668
12.0,254.0,1004.1629028320312,-3.463539278044658,-4.727267157006293,-1.436315800756988,2.1334699404495807,2.798290231536052,1.7739680057895275,0.2648749546595169,1.3968827957093226,-2.2912121574933244,-0.3107262746796668
12.0,254.0,1004.1629028320312,-3.463539278044658,-4.727279555951162,-1.4363158007657126,2.1334699404495807,2.7982750288900915,1.773968013726638,0.2648749546595169,1.3968827957093226,-2.2912121580534506,-0.3107262746796668
12.0,254.0,1004.1629028320312,-3.4635392780376537,-4.727256756244229,-1.436315800758105,2.1334699404495807,2.798291453641109,1.773967628706016,0.2648749546595169,1.3968827957093226,-2.291212141541505,-0.3107262746796668
12.0,254.0,1004.1629638671876,-3.463539278037054,-4.727382938223192,-1.4363158007568697,2.1334699404495807,2.798277350062892,1.7739680054094042,0.2648749546595169,1.3968827957093226,-2.2912121417700297,-0.3107262746796668
12.0,254.0,1004.1629638671876,-3.46353927765338,-4.727308066115731,-1.4363158007577892,2.1334699404495807,2.798274486298598,1.7739679822597736,0.2648749546595172,1.3968827957093226,-2.2912121366029936,-0.3107153403628903
12.0,254.0,1004.1629638671876,-3.463539278037054,-4.727382938223192,-1.4363158007566874,2.1334699404495807,2.798290079376517,1.7739680054094042,0.2648749546595169,1.3968827957093226,-2.2912121417700297,-0.3107262791918445
12.0,254.0,1004.1629638671876,-3.463539278003741,-4.72738959500232,-1.436315800757758,2.1334699404495807,2.7982896599957687,1.7739680919461374,0.2648749546595169,1.3968827957093226,-2.2912121417979194,-0.3107262746796668
12.0,254.0,1004.1629638671876,-3.463539278036828,-4.727382385775744,-1.4363158007568446,2.1334699404495807,2.7982761993115246,1.7739680054258011,0.2648749546595169,1.3968827957093226,-2.291212141770252,-0.3107262746796668
12.0,254.0,1004.1629638671876,-3.463539278037054,-4.727382938223192,-1.4363158007566874,2.1334699404495807,2.798290079376517,1.7739680054094042,0.2648749546595169,1.3968827957093226,-2.2912121417700297,-0.3107262791918445
12.0,254.0,1004.1629638671876,-3.4635392780376475,-4.727382938223192,-1.4363158007568697,2.1334699404495807,2.798277317531453,1.7739680054094042,0.2648749546595169,1.3968827957093226,-2.2912121417700297,-0.3107262746796668
12.0,254.0,1004.1629638671876,-3.4635392780135565,-4.727307849277659,-1.436315800757742,2.1334699404495807,2.7982744714930976,1.7739679831802988,0.2648749546595169,1.3968827957093226,-2.291212158936594,-0.3107262746796668
12.0,254.0,1004.1629638671876,-3.463539278037054,-4.727382563103906,-1.4363158007653831,2.1334699404495807,2.798290079376517,1.7739680054094042,0.2648749546595169,1.3968827957093226,-2.2912121417700297,-0.3107262791721723
12.0,254.0,1004.1629638671876,-3.463539278036687,-4.727382938223192,-1.4363158007656152,2.1334699404495807,2.798290079376517,1.7739680055726723,0.2648749546595169,1.3968827957093226,-2.2912121417700297,-0.3107262792363238
12.0,254.0,1004.1629638671876,-3.4635392780587213,-4.727386095512523,-1.4363158007659496,2.1334699404495807,2.7982743610553173,1.773968008608594,0.2648749546595169,1.3968827957093226,-2.2912121417096007,-0.3107262854447852
12.0,254.0,1004.1629638671876,-3.46353927765338,-4.727308066115731,-1.436315800757892,2.1334699404495807,2.798274486298598,1.773967982190655,0.2648749546595172,1.3968827957093226,-2.291212135415686,-0.3107153403628903
12.0,254.0,1004.1630249023438,-3.4635392780126426,-4.727468272703962,-1.436315800757758,2.1334699404495807,2.79829013210366,1.773967628706016,0.2648749546595169,1.3968827957093226,-2.2912121417979194,-0.3107262746796668
12.0,254.0,1004.1630249023438,-3.463539278044658,-4.7273885343392905,-1.4363158007603145,2.1334699404495807,2.798275121853399,1.773968013726638,0.2648749546595169,1.3968827957093226,-2.2912121417979194,-0.3107262746796668
12.0,254.0,1004.1630249023438,-3.463539278005531,-4.727468272703962,-1.436315800757758,2.1334699404495807,2.798291453641109,1.773967628706016,0.2648749546595169,1.3968827957093226,-2.2912121417979194,-0.3107262746796668
12.0,254.0,1004.1630249023438,-3.463539278044658,-4.727436177328107,-1.4363158007603145,2.1334699404495807,2.7982761993115246,1.7739680050746829,0.2648749546595169,1.3968827957093226,-2.2912121417979194,-0.3107262746796668
12.0,254.0,1004.1630249023438,-3.463539278050959,-4.7273885343392905,-1.436315800765675,2.1334699404495807,2.798275121853399,1.773968008608594,0.2648749546595169,1.3968827957093226,-2.2912121417979194,-0.3107262746796668
12.0,254.0,1004.1630249023438,-3.463539278005531,-4.727468272703962,-1.4363158007602994,2.1334699404495807,2.798291453641109,1.7739676037694838,0.2648749546595169,1.3968827957093226,-2.2912121417979194,-0.3107262746796668
12.0,254.0,1004.1630249023438,-3.463539278042339,-4.727468272703962,-1.4363158007603145,2.1334699404495807,2.79829013210366,1.7739676041348766,0.2648749546595169,1.3968827957093226,-2.2912121417979194,-0.3107262746796668
12.0,254.0,1004.1630249023438,-3.463539278005531,-4.727468272703962,-1.436315800757758,2.1334699404495807,2.798291575459384,1.7739687164320632,0.2648749546595169,1.3968827957093226,-2.2912121417979194,-0.3107262746796668
12.0,254.0,1004.1630249023438,-3.463539278044658,-4.7273885343392905,-1.436315800766533,2.1334699404495807,2.798275121853399,1.7739680057895275,0.2648749546595169,1.3968827957093226,-2.291212157467644,-0.3107262746796668
12.0,254.0,1004.1630249023438,-3.463539278044658,-4.727390435845684,-1.4363158007659544,2.1334699404495807,2.7982767589089623,1.7739680301774174,0.2648749546595169,1.3968827957093226,-2.2912121414251665,-0.3107261735540579
12.0,254.0,1004.1630249023438,-3.463539278005531,-4.727468272703962,-1.436315800757758,2.1334699404495807,2.798291453641109,1.773967628706016,0.2648749546595169,1.3968827957093226,-2.2912121417979194,-0.3107262746796668
12.0,254.0,1004.1630249023438,-3.463539278044658,-4.727436177328107,-1.4363158007603145,2.1334699404495807,2.7982761993115246,1.7739680050746829,0.2648749546595169,1.3968827957093226,-2.2912121417979194,-0.3107262746796668
12.0,254.0,1004.1630249023438,-3.4635392780447103,-4.727422755057969,-1.4363158007664143,2.1334699404495807,2.7982893503386093,1.773968030307376,0.2648749546595169,1.3968827957093226,-2.291212141668089,-0.3107263080643182
12.0,254.0,1004.1630249023438,-3.463539278005531,-4.727468272703962,-1.436315800757758,2.1334699404495807,2.798291453641109,1.7739676279559755,0.2648749546595169,1.3968827957093226,-2.2912121417979194,-0.3107262746796668
12.0,254.0,1004.1630249023438,-3.4635392780136147,-4.727389721706794,-1.4363158007657126,2.1334699404495807,2.7982750288900915,1.773968013726638,0.2648749546595169,1.3968827957093226,-2.2912121580277707,-0.3107262746796668
12.0,254.0,1004.1630249023438,-3.463539278044884,-4.727436729775555,-1.4363158007603396,2.1334699404495807,2.798277350062892,1.7739680050582862,0.2648749546595169,1.3968827957093226,-2.291212141797697,-0.3107262746796668
12.0,254.0,1004.1630249023438,-3.4635392780440624,-4.727468272703962,-1.436315800757758,2.1334699404495807,2.7982902220992827,1.773968044928404,0.2648749546595169,1.3968827957093226,-2.2912121417979194,-0.3107262746796668
12.0,254.0,1004.1630249023438,-3.4635392780443848,-4.72739114924615,-1.436315800632351,2.1334699404495807,2.7982762751034715,1.7739709163946833,0.2648749546595169,1.3968827957093226,-2.2912121417979194,-0.3107262736356595
12.0,254.0,1004.1630249023438,-3.4635392780443883,-4.727436801511324,-1.4363158007603145,2.1334699404495807,2.7982761993115246,1.773967954670635,0.2648749546595169,1.3968827957093226,-2.2912121417979194,-0.3107262746796668
12.0,254.0,1004.1630249023438,-3.4635392780427487,-4.727468272703962,-1.436315800757758,2.1334699404495807,2.798290135558844,1.773967628706016,0.2648749546595169,1.3968827957093226,-2.2912121417979194,-0.3107262746796668
12.0,255.0,1004.1629028320312,-3.463539278044658,-4.727277384342812,-1.4363158007657126,2.1334699404495807,2.7982750288900915,1.773968013726638,0.2648749546595169,1.3968827957093226,-2.2912121580534506,-0.3107262746796668
12.0,255.0,1004.1629028320312,-3.4635392780136147,-4.727270659384286,-1.4363158007657126,2.1334699404495807,2.7982750288900915,1.773968013726638,0.2648749546595169,1.3968827957093226,-2.2912121580534506,-0.3107262746796668
12.0,255.0,1004.1629028320312,-3.4635392780135565,-4.727269940774775,-1.436315800765675,2.1334699404495807,2.7982751235669325,1.7739680138128826,0.2648749546595169,1.3968827957093226,-2.291212158936594,-0.3107262746796668
12.0,255.0,1004.1629028320312,-3.463539278044658,-4.727277384342812,-1.4363158007657126,2.1334699404495807,2.7982894816504733,1.773968013726638,0.2648749546595169,1.3968827957093226,-2.291212142183752,-0.3107262746796668
12.0,255.0,1004.1629028320312,-3.463539278044658,-4.727269472016781,-1.436315800766533,2.1334699404495807,2.798275121853399,1.7739680057895275,0.2648749546595169,1.3968827957093226,-2.2912121574933244,-0.3107262746796668
12.0,255.0,1004.1629028320312,-3.463539278044658,-4.727277384342812,-1.4363158007657126,2.1334699404495807,2.7982894816504733,1.773968013726638,0.2648749546595169,1.3968827957093226,-2.2912121587219194,-0.3107262746796668
12.0,255.0,1004.1629028320312,-3.463539278044658,-4.727276175038317,-1.4363158007659564,2.1334699404495807,2.798288923645431,1.7739680290917086,0.2648749546595169,1.3968827957093226,-2.2912121421679066,-0.3107261716367639
12.0,255.0,1004.1629028320312,-3.4635392780156367,-4.727277384342812,-1.4363158007657126,2.1334699404495807,2.7982750288900915,1.773968013726638,0.2648749546595169,1.3968827957093226,-2.2912121580534506,-0.3107262746796668
12.0,255.0,1004.1629028320312,-3.4635392780126426,-4.7272730638061615,-1.436315800757758,2.1334699404495807,2.7982901930498905,1.773967628706016,0.2648749546595169,1.3968827957093226,-2.2912121414164366,-0.3107262746796668
12.0,255.0,1004.1629028320312,-3.463539278044658,-4.727277384342812,-1.4363158007657126,2.1334699404495807,2.7982894816504733,1.773968013726638,0.2648749546595169,1.3968827957093226,-2.291212142183752,-0.3107262746796668
12.0,255.0,1004.1629028320312,-3.463539278044658,-4.727271400338654,-1.4363158007659445,2.1334699404495807,2.798288997284521,1.7739680284324228,0.2648749546595169,1.3968827957093226,-2.291212157407058,-0.3107262770922765
12.0,255.0,1004.1629028320312,-3.463539278044658,-4.727277384342812,-1.4363158007657126,2.1334699404495807,2.798290120216812,1.773967625376634,0.2648749546595169,1.3968827957093226,-2.291212142183752,-0.3107262746796668
12.0,255.0,1004.1629028320312,-3.4635392780439576,-4.727277384342812,-1.4363158007657126,2.1334699404495807,2.798275014288018,1.773968013726638,0.2648749546595169,1.3968827957093226,-2.2912121589594268,-0.3107262746796668
12.0,255.0,1004.1629028320312,-3.4635392780447103,-4.727275297925906,-1.4363158007657335,2.1334699404495807,2.7982894747896188,1.773968030307376,0.2648749546595169,1.3968827957093226,-2.291212142015799,-0.3107262727608175
12.0,255.0,1004.1629028320312,-3.463539278041088,-4.7272730638061615,-1.436315800757758,2.1334699404495807,2.7982901930498905,1.77396799297033,0.2648749546595169,1.3968827957093226,-2.2912121414164366,-0.3107262746796668
12.0,255.0,1004.1629028320312,-3.463539278044658,-4.727267157006293,-1.436315800756988,2.1334699404495807,2.798290231536052,1.7739680057895275,0.2648749546595169,1.3968827957093226,-2.2912121574933244,-0.3107262746796668
12.0,255.0,1004.1629028320312,-3.463539278044658,-4.727279555951162,-1.4363158007657126,2.1334699404495807,2.7982750288900915,1.773968013726638,0.2648749546595169,1.3968827957093226,-2.2912121580534506,-0.3107262746796668
12.0,255.0,1004.1629028320312,-3.4635392780376537,-4.727256756244229,-1.436315800758105,2.1334699404495807,2.798291453641109,1.773967628706016,0.2648749546595169,1.3968827957093226,-2.291212141541505,-0.3107262746796668
12.0,255.0,1004.1629028320312,-3.4635392780136147,-4.727270659384286,-1.4363158007577324,2.1334699404495807,2.798275195405384,1.773968013726638,0.2648749546595169,1.3968827957093226,-2.2912121573450586,-0.3107262746796668
12.0,255.0,1004.1629028320312,-3.4635392780481435,-4.727277380072278,-1.4363158007657333,2.1334699404495807,2.7982750288900915,1.7739680119403471,0.2648749546595169,1.3968827957093226,-2.2912121427496497,-0.3107262746796668
12.0,255.0,1004.1629028320312,-3.463539278044658,-4.727277406452706,-1.4363158007657126,2.1334699404495807,2.7982743811658835,1.7739680270183853,0.2648749546595169,1.3968827957093226,-2.291212142183752,-0.3107262746796668
12.0,255.0,1004.1629028320312,-3.463539278044658,-4.727277384342812,-1.4363158007657126,2.1334699404495807,2.7982750288900915,1.773968013726638,0.2648749546595169,1.3968827957093226,-2.2912121580534506,-0.3107262746796668
12.0,255.0,1004.1629028320312,-3.4635392780136147,-4.727270659384286,-1.4363158007657126,2.1334699404495807,2.7982750288900915,1.773968013726638,0.2648749546595169,1.3968827957093226,-2.291212158921064,-0.3107262746796668
12.0,255.0,1004.1629028320312,-3.463539278015004,-4.727277384342812,-1.4363158007657126,2.1334699404495807,2.7982748510990385,1.773968013726638,0.2648749546595169,1.3968827957093226,-2.2912121576607256,-0.3107262746796668
12.0,255.0,1004.1629028320312,-3.4635392780126426,-4.727277368984782,-1.4363158007576673,2.1334699404495807,2.798290284471104,1.773967628706016,0.2648749546595169,1.3968827957093226,-2.291212142653437,-0.3107262746796668
12.0,255.0,1004.1629028320312,-3.463539278044001,-4.727277384342812,-1.4363158007657126,2.1334699404495807,2.7982894816504733,1.773968013726638,0.2648749546595169,1.3968827957093226,-2.2912121587219194,-0.3107262746796668
12.0,255.0,1004.1629028320312,-3.463539278044658,-4.7272795338412665,-1.4363158007657126,2.1334699404495807,2.7982907679410194,1.773967612084887,0.2648749546595169,1.3968827957093226,-2.2912121580534506,-0.3107262746796668
12.0,255.0,1004.1629028320312,-3.463539278044658,-4.727277384342812,-1.4363158007657126,2.1334699404495807,2.7982894816504733,1.773968013726638,0.2648749546595169,1.3968827957093226,-2.291212142183752,-0.3107262746796668
12.0,255.0,1004.1629028320312,-3.463539278044658,-4.727269758327957,-1.436315800756988,2.1334699404495807,2.798290082134164,1.773968005416266,0.2648749546595169,1.3968827957093226,-2.291212141666529,-0.3107262746796668
12.0,255.0,1004.1629028320312,-3.4635392780427767,-4.727263080518411,-1.4363158007575878,2.1334699404495807,2.798290135558844,1.773967628706016,0.2648749546595169,1.3968827957093226,-2.291212141358736,-0.3107262746796668
12.0,255.0,1004.1629638671876,-3.463539278037054,-4.727382938223192,-1.4363158007568697,2.1334699404495807,2.798277350062892,1.7739680054094042,0.2648749546595169,1.3968827957093226,-2.2912121417700297,-0.3107262746796668
12.0,255.0,1004.1629638671876,-3.46353927765338,-4.727308066115731,-1.4363158007577892,2.1334699404495807,2.798274486298598,1.7739679822597736,0.2648749546595172,1.3968827957093226,-2.2912121366029936,-0.3107153403628903
12.0,255.0,1004.1629638671876,-3.463539278037054,-4.727382938223192,-1.4363158007566874,2.1334699404495807,2.798290079376517,1.7739680054094042,0.2648749546595169,1.3968827957093226,-2.2912121417700297,-0.3107262791918445
12.0,255.0,1004.1629638671876,-3.463539278003741,-4.72738959500232,-1.436315800757758,2.1334699404495807,2.7982896599957687,1.7739680919461374,0.2648749546595169,1.3968827957093226,-2.2912121417979194,-0.3107262746796668
12.0,255.0,1004.1629638671876,-3.463539278036828,-4.727382385775744,-1.4363158007568446,2.1334699404495807,2.7982761993115246,1.7739680054258011,0.2648749546595169,1.3968827957093226,-2.291212141770252,-0.3107262746796668
12.0,255.0,1004.1629638671876,-3.463539278037054,-4.727382938223192,-1.4363158007566874,2.1334699404495807,2.798290079376517,1.7739680054094042,0.2648749546595169,1.3968827957093226,-2.2912121417700297,-0.3107262791918445
12.0,255.0,1004.1629638671876,-3.4635392780376475,-4.727382938223192,-1.4363158007568697,2.1334699404495807,2.798277317531453,1.7739680054094042,0.2648749546595169,1.3968827957093226,-2.2912121417700297,-0.3107262746796668
12.0,255.0,1004.1629638671876,-3.4635392780135565,-4.727307849277659,-1.436315800757742,2.1334699404495807,2.7982744714930976,1.7739679831802988,0.2648749546595169,1.3968827957093226,-2.291212158936594,-0.3107262746796668
12.0,255.0,1004.1629638671876,-3.463539278037054,-4.727382563103906,-1.4363158007653831,2.1334699404495807,2.798290079376517,1.7739680054094042,0.2648749546595169,1.3968827957093226,-2.2912121417700297,-0.3107262791721723
12.0,255.0,1004.1629638671876,-3.463539278036687,-4.727382938223192,-1.4363158007656152,2.1334699404495807,2.798290079376517,1.7739680055726723,0.2648749546595169,1.3968827957093226,-2.2912121417700297,-0.3107262792363238
12.0,255.0,1004.1629638671876,-3.4635392780587213,-4.727386095512523,-1.4363158007659496,2.1334699404495807,2.7982743610553173,1.773968008608594,0.2648749546595169,1.3968827957093226,-2.2912121417096007,-0.3107262854447852
12.0,255.0,1004.1629638671876,-3.46353927765338,-4.727308066115731,-1.436315800757892,2.1334699404495807,2.798274486298598,1.773967982190655,0.2648749546595172,1.3968827957093226,-2.291212135415686,-0.3107153403628903
12.0,255.0,1004.1629638671876,-3.463539278037054,-4.727382902817532,-1.4363158007653831,2.1334699404495807,2.798290079376517,1.7739680054094042,0.2648749546595169,1.3968827957093226,-2.2912121417700297,-0.3107262791721723
12.0,255.0,1004.1629638671876,-3.46353927765338,-4.727306668175272,-1.4363158007581078,2.1334699404495807,2.798274486298598,1.7739676416555243,0.2648749546595172,1.3968827957093226,-2.2912121366029936,-0.3107260731964213
12.0,255.0,1004.1629638671876,-3.4635392776454985,-4.727307219387683,-1.4363158007577557,2.1334699404495807,2.798290195991046,1.7739680919461374,0.2648749546595169,1.3968827957093226,-2.2912121357267687,-0.3107151979039393
12.0,255.0,1004.1629638671876,-3.463539278037054,-4.72738318488543,-1.4363158007566874,2.1334699404495807,2.7982903334318543,1.7739680082944982,0.2648749546595169,1.3968827957093226,-2.291212141769688,-0.3107262791918445
12.0,255.0,1004.1629638671876,-3.463539278045109,-4.727383183500828,-1.4363158007603145,2.1334699404495807,2.7982761993115246,1.7739680050735616,0.2648749546595169,1.3968827957093226,-2.2912121417979194,-0.3107262746796668
12.0,255.0,1004.1629638671876,-3.4635392780587213,-4.727386095512523,-1.4363158007659496,2.1334699404495807,2.7982743610553173,1.773968008608594,0.2648749546595169,1.3968827957093226,-2.2912121417096007,-0.3107262854447852
12.0,255.0,1004.1629638671876,-3.46353927765338,-4.727308066115731,-1.436315800765834,2.1334699404495807,2.798274402264204,1.7739679748128796,0.2648749546595172,1.3968827957093226,-2.291212135415686,-0.3107153403628903
12.0,255.0,1004.1630249023438,-3.4635392780126426,-4.727468272703962,-1.436315800757758,2.1334699404495807,2.79829013210366,1.773967628706016,0.2648749546595169,1.3968827957093226,-2.2912121417979194,-0.3107262746796668
12.0,256.0,1004.1629028320312,-3.463539278044658,-4.727277384342812,-1.4363158007657126,2.1334699404495807,2.7982750288900915,1.773968013726638,0.2648749546595169,1.3968827957093226,-2.2912121580534506,-0.3107262746796668
12.0,256.0,1004.1629028320312,-3.4635392780136147,-4.727270659384286,-1.4363158007657126,2.1334699404495807,2.7982750288900915,1.773968013726638,0.2648749546595169,1.3968827957093226,-2.2912121580534506,-0.3107262746796668
12.0,256.0,1004.1629028320312,-3.4635392780135565,-4.727269940774775,-1.436315800765675,2.1334699404495807,2.7982751235669325,1.7739680138128826,0.2648749546595169,1.3968827957093226,-2.291212158936594,-0.3107262746796668
12.0,256.0,1004.1629028320312,-3.463539278044658,-4.727277384342812,-1.4363158007657126,2.1334699404495807,2.7982894816504733,1.773968013726638,0.2648749546595169,1.3968827957093226,-2.291212142183752,-0.3107262746796668
12.0,256.0,1004.1629028320312,-3.463539278044658,-4.727269472016781,-1.436315800766533,2.1334699404495807,2.798275121853399,1.7739680057895275,0.2648749546595169,1.3968827957093226,-2.2912121574933244,-0.3107262746796668
12.0,256.0,1004.1629028320312,-3.463539278044658,-4.727277384342812,-1.4363158007657126,2.1334699404495807,2.7982894816504733,1.773968013726638,0.2648749546595169,1.3968827957093226,-2.2912121587219194,-0.3107262746796668
12.0,256.0,1004.1629028320312,-3.463539278044658,-4.727276175038317,-1.4363158007659564,2.1334699404495807,2.798288923645431,1.7739680290917086,0.2648749546595169,1.3968827957093226,-2.2912121421679066,-0.3107261716367639
12.0,256.0,1004.1629028320312,-3.4635392780156367,-4.727277384342812,-1.4363158007657126,2.1334699404495807,2.7982750288900915,1.773968013726638,0.2648749546595169,1.3968827957093226,-2.2912121580534506,-0.3107262746796668
12.0,256.0,1004.1629028320312,-3.4635392780126426,-4.7272730638061615,-1.436315800757758,2.1334699404495807,2.7982901930498905,1.773967628706016,0.2648749546595169,1.3968827957093226,-2.2912121414164366,-0.3107262746796668
12.0,256.0,1004.1629028320312,-3.463539278044658,-4.727277384342812,-1.4363158007657126,2.1334699404495807,2.7982894816504733,1.773968013726638,0.2648749546595169,1.3968827957093226,-2.291212142183752,-0.3107262746796668
12.0,256.0,1004.1629028320312,-3.463539278044658,-4.727271400338654,-1.4363158007659445,2.1334699404495807,2.798288997284521,1.7739680284324228,0.2648749546595169,1.3968827957093226,-2.291212157407058,-0.3107262770922765
12.0,256.0,1004.1629028320312,-3.463539278044658,-4.727277384342812,-1.4363158007657126,2.1334699404495807,2.798290120216812,1.773967625376634,0.2648749546595169,1.3968827957093226,-2.291212142183752,-0.3107262746796668
12.0,256.0,1004.1629028320312,-3.4635392780439576,-4.727277384342812,-1.4363158007657126,2.1334699404495807,2.798275014288018,1.773968013726638,0.2648749546595169,1.3968827957093226,-2.2912121589594268,-0.3107262746796668
12.0,256.0,1004.1629028320312,-3.4635392780447103,-4.727275297925906,-1.4363158007657335,2.1334699404495807,2.7982894747896188,1.773968030307376,0.2648749546595169,1.3968827957093226,-2.291212142015799,-0.3107262727608175
12.0,256.0,1004.1629028320312,-3.463539278041088,-4.7272730638061615,-1.436315800757758,2.1334699404495807,2.7982901930498905,1.77396799297033,0.2648749546595169,1.3968827957093226,-2.2912121414164366,-0.3107262746796668
12.0,256.0,1004.1629028320312,-3.463539278044658,-4.727267157006293,-1.436315800756988,2.1334699404495807,2.798290231536052,1.7739680057895275,0.2648749546595169,1.3968827957093226,-2.2912121574933244,-0.3107262746796668
12.0,256.0,1004.1629028320312,-3.463539278044658,-4.727279555951162,-1.4363158007657126,2.1334699404495807,2.7982750288900915,1.773968013726638,0.2648749546595169,1.3968827957093226,-2.2912121580534506,-0.3107262746796668
12.0,256.0,1004.1629028320312,-3.4635392780376537,-4.727256756244229,-1.436315800758105,2.1334699404495807,2.798291453641109,1.773967628706016,0.2648749546595169,1.3968827957093226,-2.291212141541505,-0.3107262746796668
12.0,256.0,1004.1629028320312,-3.4635392780136147,-4.727270659384286,-1.4363158007577324,2.1334699404495807,2.798275195405384,1.773968013726638,0.2648749546595169,1.3968827957093226,-2.2912121573450586,-0.3107262746796668
12.0,256.0,1004.1629028320312,-3.4635392780481435,-4.727277380072278,-1.4363158007657333,2.1334699404495807,2.7982750288900915,1.7739680119403471,0.2648749546595169,1.3968827957093226,-2.2912121427496497,-0.3107262746796668
12.0,256.0,1004.1629028320312,-3.463539278044658,-4.727277406452706,-1.4363158007657126,2.1334699404495807,2.7982743811658835,1.7739680270183853,0.2648749546595169,1.3968827957093226,-2.291212142183752,-0.3107262746796668
12.0,256.0,1004.1629028320312,-3.463539278044658,-4.727277384342812,-1.4363158007657126,2.1334699404495807,2.7982750288900915,1.773968013726638,0.2648749546595169,1.3968827957093226,-2.2912121580534506,-0.3107262746796668
12.0,256.0,1004.1629028320312,-3.4635392780136147,-4.727270659384286,-1.4363158007657126,2.1334699404495807,2.7982750288900915,1.773968013726638,0.2648749546595169,1.3968827957093226,-2.291212158921064,-0.3107262746796668
12.0,256.0,1004.1629028320312,-3.463539278015004,-4.727277384342812,-1.4363158007657126,2.1334699404495807,2.7982748510990385,1.773968013726638,0.2648749546595169,1.3968827957093226,-2.2912121576607256,-0.3107262746796668
12.0,256.0,1004.1629028320312,-3.4635392780126426,-4.727277368984782,-1.4363158007576673,2.1334699404495807,2.798290284471104,1.773967628706016,0.2648749546595169,1.3968827957093226,-2.291212142653437,-0.3107262746796668
12.0,256.0,1004.1629028320312,-3.463539278044001,-4.727277384342812,-1.4363158007657126,2.1334699404495807,2.7982894816504733,1.773968013726638,0.2648749546595169,1.3968827957093226,-2.2912121587219194,-0.3107262746796668
12.0,256.0,1004.1629028320312,-3.463539278044658,-4.7272795338412665,-1.4363158007657126,2.1334699404495807,2.7982907679410194,1.773967612084887,0.2648749546595169,1.3968827957093226,-2.2912121580534506,-0.3107262746796668
12.0,256.0,1004.1629028320312,-3.463539278044658,-4.727277384342812,-1.4363158007657126,2.1334699404495807,2.7982894816504733,1.773968013726638,0.2648749546595169,1.3968827957093226,-2.291212142183752,-0.3107262746796668
12.0,256.0,1004.1629028320312,-3.463539278044658,-4.727269758327957,-1.436315800756988,2.1334699404495807,2.798290082134164,1.773968005416266,0.2648749546595169,1.3968827957093226,-2.291212141666529,-0.3107262746796668
12.0,256.0,1004.1629028320312,-3.4635392780427767,-4.727263080518411,-1.4363158007575878,2.1334699404495807,2.798290135558844,1.773967628706016,0.2648749546595169,1.3968827957093226,-2.291212141358736,-0.3107262746796668
12.0,256.0,1004.1629028320312,-3.4635392780481435,-4.727270036530294,-1.4363158007657333,2.1334699404495807,2.7982751214308825,1.7739680119403471,0.2648749546595169,1.3968827957093226,-2.2912121423099725,-0.3107262746796668
12.0,256.0,1004.1629028320312,-3.463539278044658,-4.727271247958868,-1.4363158007569792,2.1334699404495807,2.798290022084813,1.7739680057895275,0.2648749546595169,1.3968827957093226,-2.29121215748831,-0.3107262746796668
12.0,256.0,1004.1629028320312,-3.463539278044022,-4.727278042469881,-1.4363158007568446,2.1334699404495807,2.7982761993115246,1.7739680054258011,0.2648749546595169,1.3968827957093226,-2.291212141770252,-0.3107262746796668
12.0,256.0,1004.1629028320312,-3.463539278044561,-4.727277406452706,-1.4363158007657126,2.1334699404495807,2.7982743811658835,1.773967984742292,0.2648749546595169,1.3968827957093226,-2.291212142183752,-0.3107262746796668
12.0,256.0,1004.1629028320312,-3.463539278044904,-4.727277384342812,-1.4363158007657126,2.1334699404495807,2.798289486460873,1.7739680052579,0.2648749546595169,1.3968827957093226,-2.291212140570164,-0.3107262746796668
12.0,256.0,1004.1629028320312,-3.4635392780447103,-4.727275297925906,-1.4363158007657126,2.1334699404495807,2.7982894747896188,1.773968030307376,0.2648749546595169,1.3968827957093226,-2.291212158431517,-0.3107262727327382
12.0,256.0,1004.1629028320312,-3.463539278046152,-4.727269472016781,-1.436315800766614,2.1334699404495807,2.798275121853399,1.7739680057895275,0.2648749546595169,1.3968827957093226,-2.291212156637875,-0.3107262746796668
12.0,256.0,1004.1629028320312,-3.463539278044658,-4.727271400338654,-1.4363158007659445,2.1334699404495807,2.798288997284521,1.7739675918402116,0.2648749546595169,1.3968827957093226,-2.291212158073975,-0.3107262770922765
12.0,256.0,1004.1629028320312,-3.4635392780447103,-4.727275289642649,-1.4363158007657335,2.1334699404495807,2.7982894747896188,1.7739680304465335,0.2648749546595169,1.3968827957093226,-2.291212142015799,-0.3107262745839196
12.0,256.0,1004.1629028320312,-3.4635392780410634,-4.727263080518411,-1.4363158007575878,2.1334699404495807,2.798290135558844,1.7739676086767016,0.2648749546595169,1.3968827957093226,-2.291212141358736,-0.3107262746796668
12.0,256.0,1004.1629028320312,-3.463539278044658,-4.7272795338412665,-1.4363158007657126,2.1334699404495807,2.7982907679410194,1.773967612084887,0.2648749546595169,1.3968827957093226,-2.2912121580534506,-0.3107262746796668
12.0,256.0,1004.1629028320312,-3.463539278044658,-4.72727150576411,-1.4363158007657024,2.1334699404495807,2.7982894778710383,1.7739680284948487,0.2648749546595169,1.3968827957093226,-2.291212142306682,-0.3107262770922765
12.0,256.0,1004.1629028320312,-3.4635392780156367,-4.727277384342812,-1.4363158007657335,2.1334699404495807,2.7982750288900915,1.773968013726638,0.2648749546595169,1.3968827957093226,-2.291212141637732,-0.3107262747077462
12.0,256.0,1004.1629028320312,-3.463539278044658,-4.7272795338412665,-1.4363158007657126,2.1334699404495807,2.7982907679410194,1.7739680486770986,0.2648749546595169,1.3968827957093226,-2.291212157386534,-0.3107262746796668
12.0,256.0,1004.1629638671876,-3.463539278037054,-4.727382938223192,-1.4363158007568697,2.1334699404495807,2.798277350062892,1.7739680054094042,0.2648749546595169,1.3968827957093226,-2.2912121417700297,-0.3107262746796668
12.0,256.0,1004.1629638671876,-3.46353927765338,-4.727308066115731,-1.4363158007577892,2.1334699404495807,2.798274486298598,1.7739679822597736,0.2648749546595172,1.3968827957093226,-2.2912121366029936,-0.3107153403628903
12.0,256.0,1004.1629638671876,-3.463539278037054,-4.727382938223192,-1.4363158007566874,2.1334699404495807,2.798290079376517,1.7739680054094042,0.2648749546595169,1.3968827957093226,-2.2912121417700297,-0.3107262791918445
12.0,256.0,1004.1629638671876,-3.463539278003741,-4.72738959500232,-1.436315800757758,2.1334699404495807,2.7982896599957687,1.7739680919461374,0.2648749546595169,1.3968827957093226,-2.2912121417979194,-0.3107262746796668
12.0,256.0,1004.1629638671876,-3.463539278036828,-4.727382385775744,-1.4363158007568446,2.1334699404495807,2.7982761993115246,1.7739680054258011,0.2648749546595169,1.3968827957093226,-2.291212141770252,-0.3107262746796668
12.0,256.0,1004.1629638671876,-3.463539278037054,-4.727382938223192,-1.4363158007566874,2.1334699404495807,2.798290079376517,1.7739680054094042,0.2648749546595169,1.3968827957093226,-2.2912121417700297,-0.3107262791918445
12.0,257.0,1004.1629028320312,-3.463539278044658,-4.727277384342812,-1.4363158007657126,2.1334699404495807,2.7982750288900915,1.773968013726638,0.2648749546595169,1.3968827957093226,-2.2912121580534506,-0.3107262746796668
12.0,257.0,1004.1629028320312,-3.4635392780136147,-4.727270659384286,-1.4363158007657126,2.1334699404495807,2.7982750288900915,1.773968013726638,0.2648749546595169,1.3968827957093226,-2.2912121580534506,-0.3107262746796668
12.0,257.0,1004.1629028320312,-3.4635392780135565,-4.727269940774775,-1.436315800765675,2.1334699404495807,2.7982751235669325,1.7739680138128826,0.2648749546595169,1.3968827957093226,-2.291212158936594,-0.3107262746796668
12.0,257.0,1004.1629028320312,-3.463539278044658,-4.727277384342812,-1.4363158007657126,2.1334699404495807,2.7982894816504733,1.773968013726638,0.2648749546595169,1.3968827957093226,-2.291212142183752,-0.3107262746796668
12.0,257.0,1004.1629028320312,-3.463539278044658,-4.727269472016781,-1.436315800766533,2.1334699404495807,2.798275121853399,1.7739680057895275,0.2648749546595169,1.3968827957093226,-2.2912121574933244,-0.3107262746796668
12.0,257.0,1004.1629028320312,-3.463539278044658,-4.727277384342812,-1.4363158007657126,2.1334699404495807,2.7982894816504733,1.773968013726638,0.2648749546595169,1.3968827957093226,-2.2912121587219194,-0.3107262746796668
12.0,257.0,1004.1629028320312,-3.463539278044658,-4.727276175038317,-1.4363158007659564,2.1334699404495807,2.798288923645431,1.7739680290917086,0.2648749546595169,1.3968827957093226,-2.2912121421679066,-0.3107261716367639
12.0,257.0,1004.1629028320312,-3.4635392780156367,-4.727277384342812,-1.4363158007657126,2.1334699404495807,2.7982750288900915,1.773968013726638,0.2648749546595169,1.3968827957093226,-2.2912121580534506,-0.3107262746796668
12.0,257.0,1004.1629028320312,-3.4635392780126426,-4.7272730638061615,-1.436315800757758,2.1334699404495807,2.7982901930498905,1.773967628706016,0.2648749546595169,1.3968827957093226,-2.2912121414164366,-0.3107262746796668
12.0,257.0,1004.1629028320312,-3.463539278044658,-4.727277384342812,-1.4363158007657126,2.1334699404495807,2.7982894816504733,1.773968013726638,0.2648749546595169,1.3968827957093226,-2.291212142183752,-0.3107262746796668
12.0,257.0,1004.1629028320312,-3.463539278044658,-4.727271400338654,-1.4363158007659445,2.1334699404495807,2.798288997284521,1.7739680284324228,0.2648749546595169,1.3968827957093226,-2.291212157407058,-0.3107262770922765
12.0,257.0,1004.1629028320312,-3.463539278044658,-4.727277384342812,-1.4363158007657126,2.1334699404495807,2.798290120216812,1.773967625376634,0.2648749546595169,1.3968827957093226,-2.291212142183752,-0.3107262746796668
12.0,257.0,1004.1629028320312,-3.4635392780439576,-4.727277384342812,-1.4363158007657126,2.1334699404495807,2.798275014288018,1.773968013726638,0.2648749546595169,1.3968827957093226,-2.2912121589594268,-0.3107262746796668
12.0,257.0,1004.1629028320312,-3.4635392780447103,-4.727275297925906,-1.4363158007657335,2.1334699404495807,2.7982894747896188,1.773968030307376,0.2648749546595169,1.3968827957093226,-2.291212142015799,-0.3107262727608175
12.0,257.0,1004.1629028320312,-3.463539278041088,-4.7272730638061615,-1.436315800757758,2.1334699404495807,2.7982901930498905,1.77396799297033,0.2648749546595169,1.3968827957093226,-2.2912121414164366,-0.3107262746796668
12.0,257.0,1004.1629028320312,-3.463539278044658,-4.727267157006293,-1.436315800756988,2.1334699404495807,2.798290231536052,1.7739680057895275,0.2648749546595169,1.3968827957093226,-2.2912121574933244,-0.3107262746796668
12.0,257.0,1004.1629028320312,-3.463539278044658,-4.727279555951162,-1.4363158007657126,2.1334699404495807,2.7982750288900915,1.773968013726638,0.2648749546595169,1.3968827957093226,-2.2912121580534506,-0.3107262746796668
12.0,257.0,1004.1629028320312,-3.4635392780376537,-4.727256756244229,-1.436315800758105,2.1334699404495807,2.798291453641109,1.773967628706016,0.2648749546595169,1.3968827957093226,-2.291212141541505,-0.3107262746796668
12.0,257.0,1004.1629028320312,-3.4635392780136147,-4.727270659384286,-1.4363158007577324,2.1334699404495807,2.798275195405384,1.773968013726638,0.2648749546595169,1.3968827957093226,-2.2912121573450586,-0.3107262746796668
12.0,257.0,1004.1629028320312,-3.4635392780481435,-4.727277380072278,-1.4363158007657333,2.1334699404495807,2.7982750288900915,1.7739680119403471,0.2648749546595169,1.3968827957093226,-2.2912121427496497,-0.3107262746796668
12.0,257.0,1004.1629028320312,-3.463539278044658,-4.727277406452706,-1.4363158007657126,2.1334699404495807,2.7982743811658835,1.7739680270183853,0.2648749546595169,1.3968827957093226,-2.291212142183752,-0.3107262746796668
12.0,257.0,1004.1629028320312,-3.463539278044658,-4.727277384342812,-1.4363158007657126,2.1334699404495807,2.7982750288900915,1.773968013726638,0.2648749546595169,1.3968827957093226,-2.2912121580534506,-0.3107262746796668
12.0,257.0,1004.1629028320312,-3.4635392780136147,-4.727270659384286,-1.4363158007657126,2.1334699404495807,2.7982750288900915,1.773968013726638,0.2648749546595169,1.3968827957093226,-2.291212158921064,-0.3107262746796668
12.0,257.0,1004.1629028320312,-3.463539278015004,-4.727277384342812,-1.4363158007657126,2.1334699404495807,2.7982748510990385,1.773968013726638,0.2648749546595169,1.3968827957093226,-2.2912121576607256,-0.3107262746796668
12.0,257.0,1004.1629028320312,-3.4635392780126426,-4.727277368984782,-1.4363158007576673,2.1334699404495807,2.798290284471104,1.773967628706016,0.2648749546595169,1.3968827957093226,-2.291212142653437,-0.3107262746796668
12.0,257.0,1004.1629028320312,-3.463539278044001,-4.727277384342812,-1.4363158007657126,2.1334699404495807,2.7982894816504733,1.773968013726638,0.2648749546595169,1.3968827957093226,-2.2912121587219194,-0.3107262746796668
12.0,257.0,1004.1629028320312,-3.463539278044658,-4.7272795338412665,-1.4363158007657126,2.1334699404495807,2.7982907679410194,1.773967612084887,0.2648749546595169,1.3968827957093226,-2.2912121580534506,-0.3107262746796668
12.0,257.0,1004.1629028320312,-3.463539278044658,-4.727277384342812,-1.4363158007657126,2.1334699404495807,2.7982894816504733,1.773968013726638,0.2648749546595169,1.3968827957093226,-2.291212142183752,-0.3107262746796668
12.0,257.0,1004.1629028320312,-3.463539278044658,-4.727269758327957,-1.436315800756988,2.1334699404495807,2.798290082134164,1.773968005416266,0.2648749546595169,1.3968827957093226,-2.291212141666529,-0.3107262746796668
12.0,257.0,1004.1629028320312,-3.4635392780427767,-4.727263080518411,-1.4363158007575878,2.1334699404495807,2.798290135558844,1.773967628706016,0.2648749546595169,1.3968827957093226,-2.291212141358736,-0.3107262746796668
12.0,257.0,1004.1629028320312,-3.4635392780481435,-4.727270036530294,-1.4363158007657333,2.1334699404495807,2.7982751214308825,1.7739680119403471,0.2648749546595169,1.3968827957093226,-2.2912121423099725,-0.3107262746796668
12.0,257.0,1004.1629028320312,-3.463539278044658,-4.727271247958868,-1.4363158007569792,2.1334699404495807,2.798290022084813,1.7739680057895275,0.2648749546595169,1.3968827957093226,-2.29121215748831,-0.3107262746796668
12.0,257.0,1004.1629028320312,-3.463539278044022,-4.727278042469881,-1.4363158007568446,2.1334699404495807,2.7982761993115246,1.7739680054258011,0.2648749546595169,1.3968827957093226,-2.291212141770252,-0.3107262746796668
12.0,257.0,1004.1629028320312,-3.463539278044561,-4.727277406452706,-1.4363158007657126,2.1334699404495807,2.7982743811658835,1.773967984742292,0.2648749546595169,1.3968827957093226,-2.291212142183752,-0.3107262746796668
12.0,257.0,1004.1629028320312,-3.463539278044904,-4.727277384342812,-1.4363158007657126,2.1334699404495807,2.798289486460873,1.7739680052579,0.2648749546595169,1.3968827957093226,-2.291212140570164,-0.3107262746796668
12.0,257.0,1004.1629028320312,-3.4635392780447103,-4.727275297925906,-1.4363158007657126,2.1334699404495807,2.7982894747896188,1.773968030307376,0.2648749546595169,1.3968827957093226,-2.291212158431517,-0.3107262727327382
12.0,257.0,1004.1629028320312,-3.463539278046152,-4.727269472016781,-1.436315800766614,2.1334699404495807,2.798275121853399,1.7739680057895275,0.2648749546595169,1.3968827957093226,-2.291212156637875,-0.3107262746796668
12.0,257.0,1004.1629028320312,-3.463539278044658,-4.727271400338654,-1.4363158007659445,2.1334699404495807,2.798288997284521,1.7739675918402116,0.2648749546595169,1.3968827957093226,-2.291212158073975,-0.3107262770922765
12.0,257.0,1004.1629028320312,-3.4635392780447103,-4.727275289642649,-1.4363158007657335,2.1334699404495807,2.7982894747896188,1.7739680304465335,0.2648749546595169,1.3968827957093226,-2.291212142015799,-0.3107262745839196
12.0,257.0,1004.1629028320312,-3.4635392780410634,-4.727263080518411,-1.4363158007575878,2.1334699404495807,2.798290135558844,1.7739676086767016,0.2648749546595169,1.3968827957093226,-2.291212141358736,-0.3107262746796668
12.0,257.0,1004.1629028320312,-3.463539278044658,-4.7272795338412665,-1.4363158007657126,2.1334699404495807,2.7982907679410194,1.773967612084887,0.2648749546595169,1.3968827957093226,-2.2912121580534506,-0.3107262746796668
12.0,257.0,1004.1629028320312,-3.463539278044658,-4.72727150576411,-1.4363158007657024,2.1334699404495807,2.7982894778710383,1.7739680284948487,0.2648749546595169,1.3968827957093226,-2.291212142306682,-0.3107262770922765
12.0,257.0,1004.1629028320312,-3.4635392780156367,-4.727277384342812,-1.4363158007657335,2.1334699404495807,2.7982750288900915,1.773968013726638,0.2648749546595169,1.3968827957093226,-2.291212141637732,-0.3107262747077462
12.0,257.0,1004.1629028320312,-3.463539278044658,-4.7272795338412665,-1.4363158007657126,2.1334699404495807,2.7982907679410194,1.7739680486770986,0.2648749546595169,1.3968827957093226,-2.291212157386534,-0.3107262746796668
12.0,257.0,1004.1629028320312,-3.463539278044001,-4.727277384342812,-1.4363158007657126,2.1334699404495807,2.7982894816504733,1.773968013726638,0.2648749546595169,1.3968827957093226,-2.2912121589811227,-0.3107262746796668
12.0,257.0,1004.1629028320312,-3.463539278044658,-4.727267157006293,-1.436315800756988,2.1334699404495807,2.798290231536052,1.7739680139079643,0.2648749546595169,1.3968827957093226,-2.291212158083274,-0.3107262746796668
12.0,257.0,1004.1629028320312,-3.4635392780447103,-4.727275297925906,-1.4363158007657335,2.1334699404495807,2.7982894747896188,1.773968030307376,0.2648749546595169,1.3968827957093226,-2.291212142015799,-0.3107262727608175
12.0,257.0,1004.1629028320312,-3.4635392780143666,-4.727270470051437,-1.4363158007659564,2.1334699404495807,2.79827536664099,1.7739680290917086,0.2648749546595169,1.3968827957093226,-2.2912121588033694,-0.3107261716367639
12.0,257.0,1004.1629028320312,-3.463539278041088,-4.727279746833651,-1.436315800757758,2.1334699404495807,2.798290165590521,1.77396798063964,0.2648749546595169,1.3968827957093226,-2.291212157926028,-0.3107262746796668
12.0,257.0,1004.1629028320312,-3.463539278044369,-4.727275236505507,-1.4363158007657335,2.1334699404495807,2.7982894747896188,1.7739676259053625,0.2648749546595169,1.3968827957093226,-2.291212142015799,-0.3107262745839196
12.0,258.0,1004.1629028320312,-3.463539278044658,-4.727277384342812,-1.4363158007657126,2.1334699404495807,2.7982750288900915,1.773968013726638,0.2648749546595169,1.3968827957093226,-2.2912121580534506,-0.3107262746796668
12.0,258.0,1004.1629028320312,-3.4635392780136147,-4.727270659384286,-1.4363158007657126,2.1334699404495807,2.7982750288900915,1.773968013726638,0.2648749546595169,1.3968827957093226,-2.2912121580534506,-0.3107262746796668
12.0,258.0,1004.1629028320312,-3.4635392780135565,-4.727269940774775,-1.436315800765675,2.1334699404495807,2.7982751235669325,1.7739680138128826,0.2648749546595169,1.3968827957093226,-2.291212158936594,-0.3107262746796668
12.0,258.0,1004.1629028320312,-3.463539278044658,-4.727277384342812,-1.4363158007657126,2.1334699404495807,2.7982894816504733,1.773968013726638,0.2648749546595169,1.3968827957093226,-2.291212142183752,-0.3107262746796668
12.0,258.0,1004.1629028320312,-3.463539278044658,-4.727269472016781,-1.436315800766533,2.1334699404495807,2.798275121853399,1.7739680057895275,0.2648749546595169,1.3968827957093226,-2.2912121574933244,-0.3107262746796668
12.0,258.0,1004.1629028320312,-3.463539278044658,-4.727277384342812,-1.4363158007657126,2.1334699404495807,2.7982894816504733,1.773968013726638,0.2648749546595169,1.3968827957093226,-2.2912121587219194,-0.3107262746796668
12.0,258.0,1004.1629028320312,-3.463539278044658,-4.727276175038317,-1.4363158007659564,2.1334699404495807,2.798288923645431,1.7739680290917086,0.2648749546595169,1.3968827957093226,-2.2912121421679066,-0.3107261716367639
12.0,258.0,1004.1629028320312,-3.4635392780156367,-4.727277384342812,-1.4363158007657126,2.1334699404495807,2.7982750288900915,1.773968013726638,0.2648749546595169,1.3968827957093226,-2.2912121580534506,-0.3107262746796668
12.0,258.0,1004.1629028320312,-3.4635392780126426,-4.7272730638061615,-1.436315800757758,2.1334699404495807,2.7982901930498905,1.773967628706016,0.2648749546595169,1.3968827957093226,-2.2912121414164366,-0.3107262746796668
12.0,258.0,1004.1629028320312,-3.463539278044658,-4.727277384342812,-1.4363158007657126,2.1334699404495807,2.7982894816504733,1.773968013726638,0.2648749546595169,1.3968827957093226,-2.291212142183752,-0.3107262746796668
12.0,258.0,1004.1629028320312,-3.463539278044658,-4.727271400338654,-1.4363158007659445,2.1334699404495807,2.798288997284521,1.7739680284324228,0.2648749546595169,1.3968827957093226,-2.291212157407058,-0.3107262770922765
12.0,258.0,1004.1629028320312,-3.463539278044658,-4.727277384342812,-1.4363158007657126,2.1334699404495807,2.798290120216812,1.773967625376634,0.2648749546595169,1.3968827957093226,-2.291212142183752,-0.3107262746796668
12.0,258.0,1004.1629028320312,-3.4635392780439576,-4.727277384342812,-1.4363158007657126,2.1334699404495807,2.798275014288018,1.773968013726638,0.2648749546595169,1.3968827957093226,-2.2912121589594268,-0.3107262746796668
12.0,258.0,1004.1629028320312,-3.4635392780447103,-4.727275297925906,-1.4363158007657335,2.1334699404495807,2.7982894747896188,1.773968030307376,0.2648749546595169,1.3968827957093226,-2.291212142015799,-0.3107262727608175
12.0,258.0,1004.1629028320312,-3.463539278041088,-4.7272730638061615,-1.436315800757758,2.1334699404495807,2.7982901930498905,1.77396799297033,0.2648749546595169,1.3968827957093226,-2.2912121414164366,-0.3107262746796668
12.0,258.0,1004.1629028320312,-3.463539278044658,-4.727267157006293,-1.436315800756988,2.1334699404495807,2.798290231536052,1.7739680057895275,0.2648749546595169,1.3968827957093226,-2.2912121574933244,-0.3107262746796668
12.0,258.0,1004.1629028320312,-3.463539278044658,-4.727279555951162,-1.4363158007657126,2.1334699404495807,2.7982750288900915,1.773968013726638,0.2648749546595169,1.3968827957093226,-2.2912121580534506,-0.3107262746796668
12.0,258.0,1004.1629028320312,-3.4635392780376537,-4.727256756244229,-1.436315800758105,2.1334699404495807,2.798291453641109,1.773967628706016,0.2648749546595169,1.3968827957093226,-2.291212141541505,-0.3107262746796668
12.0,258.0,1004.1629028320312,-3.4635392780136147,-4.727270659384286,-1.4363158007577324,2.1334699404495807,2.798275195405384,1.773968013726638,0.2648749546595169,1.3968827957093226,-2.2912121573450586,-0.3107262746796668
12.0,258.0,1004.1629028320312,-3.4635392780481435,-4.727277380072278,-1.4363158007657333,2.1334699404495807,2.7982750288900915,1.7739680119403471,0.2648749546595169,1.3968827957093226,-2.2912121427496497,-0.3107262746796668
12.0,258.0,1004.1629028320312,-3.463539278044658,-4.727277406452706,-1.4363158007657126,2.1334699404495807,2.7982743811658835,1.7739680270183853,0.2648749546595169,1.3968827957093226,-2.291212142183752,-0.3107262746796668
12.0,258.0,1004.1629028320312,-3.463539278044658,-4.727277384342812,-1.4363158007657126,2.1334699404495807,2.7982750288900915,1.773968013726638,0.2648749546595169,1.3968827957093226,-2.2912121580534506,-0.3107262746796668
12.0,258.0,1004.1629028320312,-3.4635392780136147,-4.727270659384286,-1.4363158007657126,2.1334699404495807,2.7982750288900915,1.773968013726638,0.2648749546595169,1.3968827957093226,-2.291212158921064,-0.3107262746796668
12.0,258.0,1004.1629028320312,-3.463539278015004,-4.727277384342812,-1.4363158007657126,2.1334699404495807,2.7982748510990385,1.773968013726638,0.2648749546595169,1.3968827957093226,-2.2912121576607256,-0.3107262746796668
12.0,258.0,1004.1629028320312,-3.4635392780126426,-4.727277368984782,-1.4363158007576673,2.1334699404495807,2.798290284471104,1.773967628706016,0.2648749546595169,1.3968827957093226,-2.291212142653437,-0.3107262746796668
12.0,258.0,1004.1629028320312,-3.463539278044001,-4.727277384342812,-1.4363158007657126,2.1334699404495807,2.7982894816504733,1.773968013726638,0.2648749546595169,1.3968827957093226,-2.2912121587219194,-0.3107262746796668
12.0,258.0,1004.1629028320312,-3.463539278044658,-4.7272795338412665,-1.4363158007657126,2.1334699404495807,2.7982907679410194,1.773967612084887,0.2648749546595169,1.3968827957093226,-2.2912121580534506,-0.3107262746796668
12.0,258.0,1004.1629028320312,-3.463539278044658,-4.727277384342812,-1.4363158007657126,2.1334699404495807,2.7982894816504733,1.773968013726638,0.2648749546595169,1.3968827957093226,-2.291212142183752,-0.3107262746796668
12.0,258.0,1004.1629028320312,-3.463539278044658,-4.727269758327957,-1.436315800756988,2.1334699404495807,2.798290082134164,1.773968005416266,0.2648749546595169,1.3968827957093226,-2.291212141666529,-0.3107262746796668
12.0,258.0,1004.1629028320312,-3.4635392780427767,-4.727263080518411,-1.4363158007575878,2.1334699404495807,2.798290135558844,1.773967628706016,0.2648749546595169,1.3968827957093226,-2.291212141358736,-0.3107262746796668
12.0,258.0,1004.1629028320312,-3.4635392780481435,-4.727270036530294,-1.4363158007657333,2.1334699404495807,2.7982751214308825,1.7739680119403471,0.2648749546595169,1.3968827957093226,-2.2912121423099725,-0.3107262746796668
12.0,258.0,1004.1629028320312,-3.463539278044658,-4.727271247958868,-1.4363158007569792,2.1334699404495807,2.798290022084813,1.7739680057895275,0.2648749546595169,1.3968827957093226,-2.29121215748831,-0.3107262746796668
12.0,258.0,1004.1629028320312,-3.463539278044022,-4.727278042469881,-1.4363158007568446,2.1334699404495807,2.7982761993115246,1.7739680054258011,0.2648749546595169,1.3968827957093226,-2.291212141770252,-0.3107262746796668
12.0,258.0,1004.1629028320312,-3.463539278044561,-4.727277406452706,-1.4363158007657126,2.1334699404495807,2.7982743811658835,1.773967984742292,0.2648749546595169,1.3968827957093226,-2.291212142183752,-0.3107262746796668
12.0,258.0,1004.1629028320312,-3.463539278044904,-4.727277384342812,-1.4363158007657126,2.1334699404495807,2.798289486460873,1.7739680052579,0.2648749546595169,1.3968827957093226,-2.291212140570164,-0.3107262746796668
12.0,258.0,1004.1629028320312,-3.4635392780447103,-4.727275297925906,-1.4363158007657126,2.1334699404495807,2.7982894747896188,1.773968030307376,0.2648749546595169,1.3968827957093226,-2.291212158431517,-0.3107262727327382
12.0,258.0,1004.1629028320312,-3.463539278046152,-4.727269472016781,-1.436315800766614,2.1334699404495807,2.798275121853399,1.7739680057895275,0.2648749546595169,1.3968827957093226,-2.291212156637875,-0.3107262746796668
12.0,258.0,1004.1629028320312,-3.463539278044658,-4.727271400338654,-1.4363158007659445,2.1334699404495807,2.798288997284521,1.7739675918402116,0.2648749546595169,1.3968827957093226,-2.291212158073975,-0.3107262770922765
12.0,258.0,1004.1629028320312,-3.4635392780447103,-4.727275289642649,-1.4363158007657335,2.1334699404495807,2.7982894747896188,1.7739680304465335,0.2648749546595169,1.3968827957093226,-2.291212142015799,-0.3107262745839196
12.0,258.0,1004.1629028320312,-3.4635392780410634,-4.727263080518411,-1.4363158007575878,2.1334699404495807,2.798290135558844,1.7739676086767016,0.2648749546595169,1.3968827957093226,-2.291212141358736,-0.3107262746796668
12.0,258.0,1004.1629028320312,-3.463539278044658,-4.7272795338412665,-1.4363158007657126,2.1334699404495807,2.7982907679410194,1.773967612084887,0.2648749546595169,1.3968827957093226,-2.2912121580534506,-0.3107262746796668
12.0,258.0,1004.1629028320312,-3.463539278044658,-4.72727150576411,-1.4363158007657024,2.1334699404495807,2.7982894778710383,1.7739680284948487,0.2648749546595169,1.3968827957093226,-2.291212142306682,-0.3107262770922765
12.0,258.0,1004.1629028320312,-3.4635392780156367,-4.727277384342812,-1.4363158007657335,2.1334699404495807,2.7982750288900915,1.773968013726638,0.2648749546595169,1.3968827957093226,-2.291212141637732,-0.3107262747077462
12.0,258.0,1004.1629028320312,-3.463539278044658,-4.7272795338412665,-1.4363158007657126,2.1334699404495807,2.7982907679410194,1.7739680486770986,0.2648749546595169,1.3968827957093226,-2.291212157386534,-0.3107262746796668
12.0,258.0,1004.1629028320312,-3.463539278044001,-4.727277384342812,-1.4363158007657126,2.1334699404495807,2.7982894816504733,1.773968013726638,0.2648749546595169,1.3968827957093226,-2.2912121589811227,-0.3107262746796668
12.0,258.0,1004.1629028320312,-3.463539278044658,-4.727267157006293,-1.436315800756988,2.1334699404495807,2.798290231536052,1.7739680139079643,0.2648749546595169,1.3968827957093226,-2.291212158083274,-0.3107262746796668
12.0,258.0,1004.1629028320312,-3.4635392780447103,-4.727275297925906,-1.4363158007657335,2.1334699404495807,2.7982894747896188,1.773968030307376,0.2648749546595169,1.3968827957093226,-2.291212142015799,-0.3107262727608175
12.0,258.0,1004.1629028320312,-3.4635392780143666,-4.727270470051437,-1.4363158007659564,2.1334699404495807,2.79827536664099,1.7739680290917086,0.2648749546595169,1.3968827957093226,-2.2912121588033694,-0.3107261716367639
12.0,258.0,1004.1629028320312,-3.463539278041088,-4.727279746833651,-1.436315800757758,2.1334699404495807,2.798290165590521,1.77396798063964,0.2648749546595169,1.3968827957093226,-2.291212157926028,-0.3107262746796668
12.0,258.0,1004.1629028320312,-3.463539278044369,-4.727275236505507,-1.4363158007657335,2.1334699404495807,2.7982894747896188,1.7739676259053625,0.2648749546595169,1.3968827957093226,-2.291212142015799,-0.3107262745839196
12.0,259.0,1004.1629028320312,-3.463539278044658,-4.727277384342812,-1.4363158007657126,2.1334699404495807,2.7982750288900915,1.773968013726638,0.2648749546595169,1.3968827957093226,-2.2912121580534506,-0.3107262746796668
12.0,259.0,1004.1629028320312,-3.4635392780136147,-4.727270659384286,-1.4363158007657126,2.1334699404495807,2.7982750288900915,1.773968013726638,0.2648749546595169,1.3968827957093226,-2.2912121580534506,-0.3107262746796668
12.0,259.0,1004.1629028320312,-3.4635392780135565,-4.727269940774775,-1.436315800765675,2.1334699404495807,2.7982751235669325,1.7739680138128826,0.2648749546595169,1.3968827957093226,-2.291212158936594,-0.3107262746796668
12.0,259.0,1004.1629028320312,-3.463539278044658,-4.727277384342812,-1.4363158007657126,2.1334699404495807,2.7982894816504733,1.773968013726638,0.2648749546595169,1.3968827957093226,-2.291212142183752,-0.3107262746796668
12.0,259.0,1004.1629028320312,-3.463539278044658,-4.727269472016781,-1.436315800766533,2.1334699404495807,2.798275121853399,1.7739680057895275,0.2648749546595169,1.3968827957093226,-2.2912121574933244,-0.3107262746796668
12.0,259.0,1004.1629028320312,-3.463539278044658,-4.727277384342812,-1.4363158007657126,2.1334699404495807,2.7982894816504733,1.773968013726638,0.2648749546595169,1.3968827957093226,-2.2912121587219194,-0.3107262746796668
12.0,259.0,1004.1629028320312,-3.463539278044658,-4.727276175038317,-1.4363158007659564,2.1334699404495807,2.798288923645431,1.7739680290917086,0.2648749546595169,1.3968827957093226,-2.2912121421679066,-0.3107261716367639
12.0,259.0,1004.1629028320312,-3.4635392780156367,-4.727277384342812,-1.4363158007657126,2.1334699404495807,2.7982750288900915,1.773968013726638,0.2648749546595169,1.3968827957093226,-2.2912121580534506,-0.3107262746796668
12.0,259.0,1004.1629028320312,-3.4635392780126426,-4.7272730638061615,-1.436315800757758,2.1334699404495807,2.7982901930498905,1.773967628706016,0.2648749546595169,1.3968827957093226,-2.2912121414164366,-0.3107262746796668
12.0,259.0,1004.1629028320312,-3.463539278044658,-4.727277384342812,-1.4363158007657126,2.1334699404495807,2.7982894816504733,1.773968013726638,0.2648749546595169,1.3968827957093226,-2.291212142183752,-0.3107262746796668
12.0,259.0,1004.1629028320312,-3.463539278044658,-4.727271400338654,-1.4363158007659445,2.1334699404495807,2.798288997284521,1.7739680284324228,0.2648749546595169,1.3968827957093226,-2.291212157407058,-0.3107262770922765
12.0,259.0,1004.1629028320312,-3.463539278044658,-4.727277384342812,-1.4363158007657126,2.1334699404495807,2.798290120216812,1.773967625376634,0.2648749546595169,1.3968827957093226,-2.291212142183752,-0.3107262746796668
12.0,259.0,1004.1629028320312,-3.4635392780439576,-4.727277384342812,-1.4363158007657126,2.1334699404495807,2.798275014288018,1.773968013726638,0.2648749546595169,1.3968827957093226,-2.2912121589594268,-0.3107262746796668
12.0,259.0,1004.1629028320312,-3.4635392780447103,-4.727275297925906,-1.4363158007657335,2.1334699404495807,2.7982894747896188,1.773968030307376,0.2648749546595169,1.3968827957093226,-2.291212142015799,-0.3107262727608175
12.0,259.0,1004.1629028320312,-3.463539278041088,-4.7272730638061615,-1.436315800757758,2.1334699404495807,2.7982901930498905,1.77396799297033,0.2648749546595169,1.3968827957093226,-2.2912121414164366,-0.3107262746796668
12.0,259.0,1004.1629028320312,-3.463539278044658,-4.727267157006293,-1.436315800756988,2.1334699404495807,2.798290231536052,1.7739680057895275,0.2648749546595169,1.3968827957093226,-2.2912121574933244,-0.3107262746796668
12.0,259.0,1004.1629028320312,-3.463539278044658,-4.727279555951162,-1.4363158007657126,2.1334699404495807,2.7982750288900915,1.773968013726638,0.2648749546595169,1.3968827957093226,-2.2912121580534506,-0.3107262746796668
12.0,259.0,1004.1629028320312,-3.4635392780376537,-4.727256756244229,-1.436315800758105,2.1334699404495807,2.798291453641109,1.773967628706016,0.2648749546595169,1.3968827957093226,-2.291212141541505,-0.3107262746796668
12.0,259.0,1004.1629028320312,-3.4635392780136147,-4.727270659384286,-1.4363158007577324,2.1334699404495807,2.798275195405384,1.773968013726638,0.2648749546595169,1.3968827957093226,-2.2912121573450586,-0.3107262746796668
12.0,259.0,1004.1629028320312,-3.4635392780481435,-4.727277380072278,-1.4363158007657333,2.1334699404495807,2.7982750288900915,1.7739680119403471,0.2648749546595169,1.3968827957093226,-2.2912121427496497,-0.3107262746796668
12.0,259.0,1004.1629028320312,-3.463539278044658,-4.727277406452706,-1.4363158007657126,2.1334699404495807,2.7982743811658835,1.7739680270183853,0.2648749546595169,1.3968827957093226,-2.291212142183752,-0.3107262746796668
12.0,259.0,1004.1629028320312,-3.463539278044658,-4.727277384342812,-1.4363158007657126,2.1334699404495807,2.7982750288900915,1.773968013726638,0.2648749546595169,1.3968827957093226,-2.2912121580534506,-0.3107262746796668
12.0,259.0,1004.1629028320312,-3.4635392780136147,-4.727270659384286,-1.4363158007657126,2.1334699404495807,2.7982750288900915,1.773968013726638,0.2648749546595169,1.3968827957093226,-2.291212158921064,-0.3107262746796668
12.0,259.0,1004.1629028320312,-3.463539278015004,-4.727277384342812,-1.4363158007657126,2.1334699404495807,2.7982748510990385,1.773968013726638,0.2648749546595169,1.3968827957093226,-2.2912121576607256,-0.3107262746796668
12.0,259.0,1004.1629028320312,-3.4635392780126426,-4.727277368984782,-1.4363158007576673,2.1334699404495807,2.798290284471104,1.773967628706016,0.2648749546595169,1.3968827957093226,-2.291212142653437,-0.3107262746796668
12.0,259.0,1004.1629028320312,-3.463539278044001,-4.727277384342812,-1.4363158007657126,2.1334699404495807,2.7982894816504733,1.773968013726638,0.2648749546595169,1.3968827957093226,-2.2912121587219194,-0.3107262746796668
12.0,259.0,1004.1629028320312,-3.463539278044658,-4.7272795338412665,-1.4363158007657126,2.1334699404495807,2.7982907679410194,1.773967612084887,0.2648749546595169,1.3968827957093226,-2.2912121580534506,-0.3107262746796668
12.0,259.0,1004.1629028320312,-3.463539278044658,-4.727277384342812,-1.4363158007657126,2.1334699404495807,2.7982894816504733,1.773968013726638,0.2648749546595169,1.3968827957093226,-2.291212142183752,-0.3107262746796668
12.0,259.0,1004.1629028320312,-3.463539278044658,-4.727269758327957,-1.436315800756988,2.1334699404495807,2.798290082134164,1.773968005416266,0.2648749546595169,1.3968827957093226,-2.291212141666529,-0.3107262746796668
12.0,259.0,1004.1629028320312,-3.4635392780427767,-4.727263080518411,-1.4363158007575878,2.1334699404495807,2.798290135558844,1.773967628706016,0.2648749546595169,1.3968827957093226,-2.291212141358736,-0.3107262746796668
12.0,259.0,1004.1629028320312,-3.4635392780481435,-4.727270036530294,-1.4363158007657333,2.1334699404495807,2.7982751214308825,1.7739680119403471,0.2648749546595169,1.3968827957093226,-2.2912121423099725,-0.3107262746796668
12.0,259.0,1004.1629028320312,-3.463539278044658,-4.727271247958868,-1.4363158007569792,2.1334699404495807,2.798290022084813,1.7739680057895275,0.2648749546595169,1.3968827957093226,-2.29121215748831,-0.3107262746796668
12.0,259.0,1004.1629028320312,-3.463539278044022,-4.727278042469881,-1.4363158007568446,2.1334699404495807,2.7982761993115246,1.7739680054258011,0.2648749546595169,1.3968827957093226,-2.291212141770252,-0.3107262746796668
12.0,259.0,1004.1629028320312,-3.463539278044561,-4.727277406452706,-1.4363158007657126,2.1334699404495807,2.7982743811658835,1.773967984742292,0.2648749546595169,1.3968827957093226,-2.291212142183752,-0.3107262746796668
12.0,259.0,1004.1629028320312,-3.463539278044904,-4.727277384342812,-1.4363158007657126,2.1334699404495807,2.798289486460873,1.7739680052579,0.2648749546595169,1.3968827957093226,-2.291212140570164,-0.3107262746796668
12.0,259.0,1004.1629028320312,-3.4635392780447103,-4.727275297925906,-1.4363158007657126,2.1334699404495807,2.7982894747896188,1.773968030307376,0.2648749546595169,1.3968827957093226,-2.291212158431517,-0.3107262727327382
12.0,259.0,1004.1629028320312,-3.463539278046152,-4.727269472016781,-1.436315800766614,2.1334699404495807,2.798275121853399,1.7739680057895275,0.2648749546595169,1.3968827957093226,-2.291212156637875,-0.3107262746796668
12.0,259.0,1004.1629028320312,-3.463539278044658,-4.727271400338654,-1.4363158007659445,2.1334699404495807,2.798288997284521,1.7739675918402116,0.2648749546595169,1.3968827957093226,-2.291212158073975,-0.3107262770922765
12.0,259.0,1004.1629028320312,-3.4635392780447103,-4.727275289642649,-1.4363158007657335,2.1334699404495807,2.7982894747896188,1.7739680304465335,0.2648749546595169,1.3968827957093226,-2.291212142015799,-0.3107262745839196
12.0,259.0,1004.1629028320312,-3.4635392780410634,-4.727263080518411,-1.4363158007575878,2.1334699404495807,2.798290135558844,1.7739676086767016,0.2648749546595169,1.3968827957093226,-2.291212141358736,-0.3107262746796668
12.0,259.0,1004.1629028320312,-3.463539278044658,-4.7272795338412665,-1.4363158007657126,2.1334699404495807,2.7982907679410194,1.773967612084887,0.2648749546595169,1.3968827957093226,-2.2912121580534506,-0.3107262746796668
12.0,259.0,1004.1629028320312,-3.463539278044658,-4.72727150576411,-1.4363158007657024,2.1334699404495807,2.7982894778710383,1.7739680284948487,0.2648749546595169,1.3968827957093226,-2.291212142306682,-0.3107262770922765
12.0,259.0,1004.1629028320312,-3.4635392780156367,-4.727277384342812,-1.4363158007657335,2.1334699404495807,2.7982750288900915,1.773968013726638,0.2648749546595169,1.3968827957093226,-2.291212141637732,-0.3107262747077462
12.0,259.0,1004.1629028320312,-3.463539278044658,-4.7272795338412665,-1.4363158007657126,2.1334699404495807,2.7982907679410194,1.7739680486770986,0.2648749546595169,1.3968827957093226,-2.291212157386534,-0.3107262746796668
12.0,259.0,1004.1629028320312,-3.463539278044001,-4.727277384342812,-1.4363158007657126,2.1334699404495807,2.7982894816504733,1.773968013726638,0.2648749546595169,1.3968827957093226,-2.2912121589811227,-0.3107262746796668
12.0,259.0,1004.1629028320312,-3.463539278044658,-4.727267157006293,-1.436315800756988,2.1334699404495807,2.798290231536052,1.7739680139079643,0.2648749546595169,1.3968827957093226,-2.291212158083274,-0.3107262746796668
12.0,259.0,1004.1629028320312,-3.4635392780447103,-4.727275297925906,-1.4363158007657335,2.1334699404495807,2.7982894747896188,1.773968030307376,0.2648749546595169,1.3968827957093226,-2.291212142015799,-0.3107262727608175
12.0,259.0,1004.1629028320312,-3.4635392780143666,-4.727270470051437,-1.4363158007659564,2.1334699404495807,2.79827536664099,1.7739680290917086,0.2648749546595169,1.3968827957093226,-2.2912121588033694,-0.3107261716367639
12.0,259.0,1004.1629028320312,-3.463539278041088,-4.727279746833651,-1.436315800757758,2.1334699404495807,2.798290165590521,1.77396798063964,0.2648749546595169,1.3968827957093226,-2.291212157926028,-0.3107262746796668
12.0,259.0,1004.1629028320312,-3.463539278044369,-4.727275236505507,-1.4363158007657335,2.1334699404495807,2.7982894747896188,1.7739676259053625,0.2648749546595169,1.3968827957093226,-2.291212142015799,-0.3107262745839196
12.0,260.0,1004.1629028320312,-3.463539278044658,-4.727277384342812,-1.4363158007657126,2.1334699404495807,2.7982750288900915,1.773968013726638,0.2648749546595169,1.3968827957093226,-2.2912121580534506,-0.3107262746796668
12.0,260.0,1004.1629028320312,-3.4635392780136147,-4.727270659384286,-1.4363158007657126,2.1334699404495807,2.7982750288900915,1.773968013726638,0.2648749546595169,1.3968827957093226,-2.2912121580534506,-0.3107262746796668
12.0,260.0,1004.1629028320312,-3.4635392780135565,-4.727269940774775,-1.436315800765675,2.1334699404495807,2.7982751235669325,1.7739680138128826,0.2648749546595169,1.3968827957093226,-2.291212158936594,-0.3107262746796668
12.0,260.0,1004.1629028320312,-3.463539278044658,-4.727277384342812,-1.4363158007657126,2.1334699404495807,2.7982894816504733,1.773968013726638,0.2648749546595169,1.3968827957093226,-2.291212142183752,-0.3107262746796668
12.0,260.0,1004.1629028320312,-3.463539278044658,-4.727269472016781,-1.436315800766533,2.1334699404495807,2.798275121853399,1.7739680057895275,0.2648749546595169,1.3968827957093226,-2.2912121574933244,-0.3107262746796668
12.0,260.0,1004.1629028320312,-3.463539278044658,-4.727277384342812,-1.4363158007657126,2.1334699404495807,2.7982894816504733,1.773968013726638,0.2648749546595169,1.3968827957093226,-2.2912121587219194,-0.3107262746796668
12.0,260.0,1004.1629028320312,-3.463539278044658,-4.727276175038317,-1.4363158007659564,2.1334699404495807,2.798288923645431,1.7739680290917086,0.2648749546595169,1.3968827957093226,-2.2912121421679066,-0.3107261716367639
12.0,260.0,1004.1629028320312,-3.4635392780156367,-4.727277384342812,-1.4363158007657126,2.1334699404495807,2.7982750288900915,1.773968013726638,0.2648749546595169,1.3968827957093226,-2.2912121580534506,-0.3107262746796668
12.0,260.0,1004.1629028320312,-3.4635392780126426,-4.7272730638061615,-1.436315800757758,2.1334699404495807,2.7982901930498905,1.773967628706016,0.2648749546595169,1.3968827957093226,-2.2912121414164366,-0.3107262746796668
12.0,260.0,1004.1629028320312,-3.463539278044658,-4.727277384342812,-1.4363158007657126,2.1334699404495807,2.7982894816504733,1.773968013726638,0.2648749546595169,1.3968827957093226,-2.291212142183752,-0.3107262746796668
12.0,260.0,1004.1629028320312,-3.463539278044658,-4.727271400338654,-1.4363158007659445,2.1334699404495807,2.798288997284521,1.7739680284324228,0.2648749546595169,1.3968827957093226,-2.291212157407058,-0.3107262770922765
12.0,260.0,1004.1629028320312,-3.463539278044658,-4.727277384342812,-1.4363158007657126,2.1334699404495807,2.798290120216812,1.773967625376634,0.2648749546595169,1.3968827957093226,-2.291212142183752,-0.3107262746796668
12.0,260.0,1004.1629028320312,-3.4635392780439576,-4.727277384342812,-1.4363158007657126,2.1334699404495807,2.798275014288018,1.773968013726638,0.2648749546595169,1.3968827957093226,-2.2912121589594268,-0.3107262746796668
12.0,260.0,1004.1629028320312,-3.4635392780447103,-4.727275297925906,-1.4363158007657335,2.1334699404495807,2.7982894747896188,1.773968030307376,0.2648749546595169,1.3968827957093226,-2.291212142015799,-0.3107262727608175
12.0,260.0,1004.1629028320312,-3.463539278041088,-4.7272730638061615,-1.436315800757758,2.1334699404495807,2.7982901930498905,1.77396799297033,0.2648749546595169,1.3968827957093226,-2.2912121414164366,-0.3107262746796668
12.0,260.0,1004.1629028320312,-3.463539278044658,-4.727267157006293,-1.436315800756988,2.1334699404495807,2.798290231536052,1.7739680057895275,0.2648749546595169,1.3968827957093226,-2.2912121574933244,-0.3107262746796668
12.0,260.0,1004.1629028320312,-3.463539278044658,-4.727279555951162,-1.4363158007657126,2.1334699404495807,2.7982750288900915,1.773968013726638,0.2648749546595169,1.3968827957093226,-2.2912121580534506,-0.3107262746796668
12.0,260.0,1004.1629028320312,-3.4635392780376537,-4.727256756244229,-1.436315800758105,2.1334699404495807,2.798291453641109,1.773967628706016,0.2648749546595169,1.3968827957093226,-2.291212141541505,-0.3107262746796668
12.0,260.0,1004.1629028320312,-3.4635392780136147,-4.727270659384286,-1.4363158007577324,2.1334699404495807,2.798275195405384,1.773968013726638,0.2648749546595169,1.3968827957093226,-2.2912121573450586,-0.3107262746796668
12.0,260.0,1004.1629028320312,-3.4635392780481435,-4.727277380072278,-1.4363158007657333,2.1334699404495807,2.7982750288900915,1.7739680119403471,0.2648749546595169,1.3968827957093226,-2.2912121427496497,-0.3107262746796668
12.0,260.0,1004.1629028320312,-3.463539278044658,-4.727277406452706,-1.4363158007657126,2.1334699404495807,2.7982743811658835,1.7739680270183853,0.2648749546595169,1.3968827957093226,-2.291212142183752,-0.3107262746796668
12.0,260.0,1004.1629028320312,-3.463539278044658,-4.727277384342812,-1.4363158007657126,2.1334699404495807,2.7982750288900915,1.773968013726638,0.2648749546595169,1.3968827957093226,-2.2912121580534506,-0.3107262746796668
12.0,260.0,1004.1629028320312,-3.4635392780136147,-4.727270659384286,-1.4363158007657126,2.1334699404495807,2.7982750288900915,1.773968013726638,0.2648749546595169,1.3968827957093226,-2.291212158921064,-0.3107262746796668
12.0,260.0,1004.1629028320312,-3.463539278015004,-4.727277384342812,-1.4363158007657126,2.1334699404495807,2.7982748510990385,1.773968013726638,0.2648749546595169,1.3968827957093226,-2.2912121576607256,-0.3107262746796668
12.0,260.0,1004.1629028320312,-3.4635392780126426,-4.727277368984782,-1.4363158007576673,2.1334699404495807,2.798290284471104,1.773967628706016,0.2648749546595169,1.3968827957093226,-2.291212142653437,-0.3107262746796668
12.0,260.0,1004.1629028320312,-3.463539278044001,-4.727277384342812,-1.4363158007657126,2.1334699404495807,2.7982894816504733,1.773968013726638,0.2648749546595169,1.3968827957093226,-2.2912121587219194,-0.3107262746796668
12.0,260.0,1004.1629028320312,-3.463539278044658,-4.7272795338412665,-1.4363158007657126,2.1334699404495807,2.7982907679410194,1.773967612084887,0.2648749546595169,1.3968827957093226,-2.2912121580534506,-0.3107262746796668
12.0,260.0,1004.1629028320312,-3.463539278044658,-4.727277384342812,-1.4363158007657126,2.1334699404495807,2.7982894816504733,1.773968013726638,0.2648749546595169,1.3968827957093226,-2.291212142183752,-0.3107262746796668
12.0,260.0,1004.1629028320312,-3.463539278044658,-4.727269758327957,-1.436315800756988,2.1334699404495807,2.798290082134164,1.773968005416266,0.2648749546595169,1.3968827957093226,-2.291212141666529,-0.3107262746796668
12.0,260.0,1004.1629028320312,-3.4635392780427767,-4.727263080518411,-1.4363158007575878,2.1334699404495807,2.798290135558844,1.773967628706016,0.2648749546595169,1.3968827957093226,-2.291212141358736,-0.3107262746796668
12.0,260.0,1004.1629028320312,-3.4635392780481435,-4.727270036530294,-1.4363158007657333,2.1334699404495807,2.7982751214308825,1.7739680119403471,0.2648749546595169,1.3968827957093226,-2.2912121423099725,-0.3107262746796668
12.0,260.0,1004.1629028320312,-3.463539278044658,-4.727271247958868,-1.4363158007569792,2.1334699404495807,2.798290022084813,1.7739680057895275,0.2648749546595169,1.3968827957093226,-2.29121215748831,-0.3107262746796668
12.0,260.0,1004.1629028320312,-3.463539278044022,-4.727278042469881,-1.4363158007568446,2.1334699404495807,2.7982761993115246,1.7739680054258011,0.2648749546595169,1.3968827957093226,-2.291212141770252,-0.3107262746796668
12.0,260.0,1004.1629028320312,-3.463539278044561,-4.727277406452706,-1.4363158007657126,2.1334699404495807,2.7982743811658835,1.773967984742292,0.2648749546595169,1.3968827957093226,-2.291212142183752,-0.3107262746796668
12.0,260.0,1004.1629028320312,-3.463539278044904,-4.727277384342812,-1.4363158007657126,2.1334699404495807,2.798289486460873,1.7739680052579,0.2648749546595169,1.3968827957093226,-2.291212140570164,-0.3107262746796668
12.0,260.0,1004.1629028320312,-3.4635392780447103,-4.727275297925906,-1.4363158007657126,2.1334699404495807,2.7982894747896188,1.773968030307376,0.2648749546595169,1.3968827957093226,-2.291212158431517,-0.3107262727327382
12.0,260.0,1004.1629028320312,-3.463539278046152,-4.727269472016781,-1.436315800766614,2.1334699404495807,2.798275121853399,1.7739680057895275,0.2648749546595169,1.3968827957093226,-2.291212156637875,-0.3107262746796668
12.0,260.0,1004.1629028320312,-3.463539278044658,-4.727271400338654,-1.4363158007659445,2.1334699404495807,2.798288997284521,1.7739675918402116,0.2648749546595169,1.3968827957093226,-2.291212158073975,-0.3107262770922765
12.0,260.0,1004.1629028320312,-3.4635392780447103,-4.727275289642649,-1.4363158007657335,2.1334699404495807,2.7982894747896188,1.7739680304465335,0.2648749546595169,1.3968827957093226,-2.291212142015799,-0.3107262745839196
12.0,260.0,1004.1629028320312,-3.4635392780410634,-4.727263080518411,-1.4363158007575878,2.1334699404495807,2.798290135558844,1.7739676086767016,0.2648749546595169,1.3968827957093226,-2.291212141358736,-0.3107262746796668
12.0,260.0,1004.1629028320312,-3.463539278044658,-4.7272795338412665,-1.4363158007657126,2.1334699404495807,2.7982907679410194,1.773967612084887,0.2648749546595169,1.3968827957093226,-2.2912121580534506,-0.3107262746796668
12.0,260.0,1004.1629028320312,-3.463539278044658,-4.72727150576411,-1.4363158007657024,2.1334699404495807,2.7982894778710383,1.7739680284948487,0.2648749546595169,1.3968827957093226,-2.291212142306682,-0.3107262770922765
12.0,260.0,1004.1629028320312,-3.4635392780156367,-4.727277384342812,-1.4363158007657335,2.1334699404495807,2.7982750288900915,1.773968013726638,0.2648749546595169,1.3968827957093226,-2.291212141637732,-0.3107262747077462
12.0,260.0,1004.1629028320312,-3.463539278044658,-4.7272795338412665,-1.4363158007657126,2.1334699404495807,2.7982907679410194,1.7739680486770986,0.2648749546595169,1.3968827957093226,-2.291212157386534,-0.3107262746796668
12.0,260.0,1004.1629028320312,-3.463539278044001,-4.727277384342812,-1.4363158007657126,2.1334699404495807,2.7982894816504733,1.773968013726638,0.2648749546595169,1.3968827957093226,-2.2912121589811227,-0.3107262746796668
12.0,260.0,1004.1629028320312,-3.463539278044658,-4.727267157006293,-1.436315800756988,2.1334699404495807,2.798290231536052,1.7739680139079643,0.2648749546595169,1.3968827957093226,-2.291212158083274,-0.3107262746796668
12.0,260.0,1004.1629028320312,-3.4635392780447103,-4.727275297925906,-1.4363158007657335,2.1334699404495807,2.7982894747896188,1.773968030307376,0.2648749546595169,1.3968827957093226,-2.291212142015799,-0.3107262727608175
12.0,260.0,1004.1629028320312,-3.4635392780143666,-4.727270470051437,-1.4363158007659564,2.1334699404495807,2.79827536664099,1.7739680290917086,0.2648749546595169,1.3968827957093226,-2.2912121588033694,-0.3107261716367639
12.0,260.0,1004.1629028320312,-3.463539278041088,-4.727279746833651,-1.436315800757758,2.1334699404495807,2.798290165590521,1.77396798063964,0.2648749546595169,1.3968827957093226,-2.291212157926028,-0.3107262746796668
12.0,260.0,1004.1629028320312,-3.463539278044369,-4.727275236505507,-1.4363158007657335,2.1334699404495807,2.7982894747896188,1.7739676259053625,0.2648749546595169,1.3968827957093226,-2.291212142015799,-0.3107262745839196
12.0,261.0,1004.1629028320312,-3.463539278044658,-4.727277384342812,-1.4363158007657126,2.1334699404495807,2.7982750288900915,1.773968013726638,0.2648749546595169,1.3968827957093226,-2.2912121580534506,-0.3107262746796668
12.0,261.0,1004.1629028320312,-3.4635392780136147,-4.727270659384286,-1.4363158007657126,2.1334699404495807,2.7982750288900915,1.773968013726638,0.2648749546595169,1.3968827957093226,-2.2912121580534506,-0.3107262746796668
12.0,261.0,1004.1629028320312,-3.4635392780135565,-4.727269940774775,-1.436315800765675,2.1334699404495807,2.7982751235669325,1.7739680138128826,0.2648749546595169,1.3968827957093226,-2.291212158936594,-0.3107262746796668
12.0,261.0,1004.1629028320312,-3.463539278044658,-4.727277384342812,-1.4363158007657126,2.1334699404495807,2.7982894816504733,1.773968013726638,0.2648749546595169,1.3968827957093226,-2.291212142183752,-0.3107262746796668
12.0,261.0,1004.1629028320312,-3.463539278044658,-4.727269472016781,-1.436315800766533,2.1334699404495807,2.798275121853399,1.7739680057895275,0.2648749546595169,1.3968827957093226,-2.2912121574933244,-0.3107262746796668
12.0,261.0,1004.1629028320312,-3.463539278044658,-4.727277384342812,-1.4363158007657126,2.1334699404495807,2.7982894816504733,1.773968013726638,0.2648749546595169,1.3968827957093226,-2.2912121587219194,-0.3107262746796668
12.0,261.0,1004.1629028320312,-3.463539278044658,-4.727276175038317,-1.4363158007659564,2.1334699404495807,2.798288923645431,1.7739680290917086,0.2648749546595169,1.3968827957093226,-2.2912121421679066,-0.3107261716367639
12.0,261.0,1004.1629028320312,-3.4635392780156367,-4.727277384342812,-1.4363158007657126,2.1334699404495807,2.7982750288900915,1.773968013726638,0.2648749546595169,1.3968827957093226,-2.2912121580534506,-0.3107262746796668
12.0,261.0,1004.1629028320312,-3.4635392780126426,-4.7272730638061615,-1.436315800757758,2.1334699404495807,2.7982901930498905,1.773967628706016,0.2648749546595169,1.3968827957093226,-2.2912121414164366,-0.3107262746796668
12.0,261.0,1004.1629028320312,-3.463539278044658,-4.727277384342812,-1.4363158007657126,2.1334699404495807,2.7982894816504733,1.773968013726638,0.2648749546595169,1.3968827957093226,-2.291212142183752,-0.3107262746796668
12.0,261.0,1004.1629028320312,-3.463539278044658,-4.727271400338654,-1.4363158007659445,2.1334699404495807,2.798288997284521,1.7739680284324228,0.2648749546595169,1.3968827957093226,-2.291212157407058,-0.3107262770922765
12.0,261.0,1004.1629028320312,-3.463539278044658,-4.727277384342812,-1.4363158007657126,2.1334699404495807,2.798290120216812,1.773967625376634,0.2648749546595169,1.3968827957093226,-2.291212142183752,-0.3107262746796668
12.0,261.0,1004.1629028320312,-3.4635392780439576,-4.727277384342812,-1.4363158007657126,2.1334699404495807,2.798275014288018,1.773968013726638,0.2648749546595169,1.3968827957093226,-2.2912121589594268,-0.3107262746796668
12.0,261.0,1004.1629028320312,-3.4635392780447103,-4.727275297925906,-1.4363158007657335,2.1334699404495807,2.7982894747896188,1.773968030307376,0.2648749546595169,1.3968827957093226,-2.291212142015799,-0.3107262727608175
12.0,261.0,1004.1629028320312,-3.463539278041088,-4.7272730638061615,-1.436315800757758,2.1334699404495807,2.7982901930498905,1.77396799297033,0.2648749546595169,1.3968827957093226,-2.2912121414164366,-0.3107262746796668
12.0,261.0,1004.1629028320312,-3.463539278044658,-4.727267157006293,-1.436315800756988,2.1334699404495807,2.798290231536052,1.7739680057895275,0.2648749546595169,1.3968827957093226,-2.2912121574933244,-0.3107262746796668
12.0,261.0,1004.1629028320312,-3.463539278044658,-4.727279555951162,-1.4363158007657126,2.1334699404495807,2.7982750288900915,1.773968013726638,0.2648749546595169,1.3968827957093226,-2.2912121580534506,-0.3107262746796668
12.0,261.0,1004.1629028320312,-3.4635392780376537,-4.727256756244229,-1.436315800758105,2.1334699404495807,2.798291453641109,1.773967628706016,0.2648749546595169,1.3968827957093226,-2.291212141541505,-0.3107262746796668
12.0,261.0,1004.1629028320312,-3.4635392780136147,-4.727270659384286,-1.4363158007577324,2.1334699404495807,2.798275195405384,1.773968013726638,0.2648749546595169,1.3968827957093226,-2.2912121573450586,-0.3107262746796668
12.0,261.0,1004.1629028320312,-3.4635392780481435,-4.727277380072278,-1.4363158007657333,2.1334699404495807,2.7982750288900915,1.7739680119403471,0.2648749546595169,1.3968827957093226,-2.2912121427496497,-0.3107262746796668
12.0,261.0,1004.1629028320312,-3.463539278044658,-4.727277406452706,-1.4363158007657126,2.1334699404495807,2.7982743811658835,1.7739680270183853,0.2648749546595169,1.3968827957093226,-2.291212142183752,-0.3107262746796668
12.0,261.0,1004.1629028320312,-3.463539278044658,-4.727277384342812,-1.4363158007657126,2.1334699404495807,2.7982750288900915,1.773968013726638,0.2648749546595169,1.3968827957093226,-2.2912121580534506,-0.3107262746796668
12.0,261.0,1004.1629028320312,-3.4635392780136147,-4.727270659384286,-1.4363158007657126,2.1334699404495807,2.7982750288900915,1.773968013726638,0.2648749546595169,1.3968827957093226,-2.291212158921064,-0.3107262746796668
12.0,261.0,1004.1629028320312,-3.463539278015004,-4.727277384342812,-1.4363158007657126,2.1334699404495807,2.7982748510990385,1.773968013726638,0.2648749546595169,1.3968827957093226,-2.2912121576607256,-0.3107262746796668
12.0,261.0,1004.1629028320312,-3.4635392780126426,-4.727277368984782,-1.4363158007576673,2.1334699404495807,2.798290284471104,1.773967628706016,0.2648749546595169,1.3968827957093226,-2.291212142653437,-0.3107262746796668
12.0,261.0,1004.1629028320312,-3.463539278044001,-4.727277384342812,-1.4363158007657126,2.1334699404495807,2.7982894816504733,1.773968013726638,0.2648749546595169,1.3968827957093226,-2.2912121587219194,-0.3107262746796668
12.0,261.0,1004.1629028320312,-3.463539278044658,-4.7272795338412665,-1.4363158007657126,2.1334699404495807,2.7982907679410194,1.773967612084887,0.2648749546595169,1.3968827957093226,-2.2912121580534506,-0.3107262746796668
12.0,261.0,1004.1629028320312,-3.463539278044658,-4.727277384342812,-1.4363158007657126,2.1334699404495807,2.7982894816504733,1.773968013726638,0.2648749546595169,1.3968827957093226,-2.291212142183752,-0.3107262746796668
12.0,261.0,1004.1629028320312,-3.463539278044658,-4.727269758327957,-1.436315800756988,2.1334699404495807,2.798290082134164,1.773968005416266,0.2648749546595169,1.3968827957093226,-2.291212141666529,-0.3107262746796668
12.0,261.0,1004.1629028320312,-3.4635392780427767,-4.727263080518411,-1.4363158007575878,2.1334699404495807,2.798290135558844,1.773967628706016,0.2648749546595169,1.3968827957093226,-2.291212141358736,-0.3107262746796668
12.0,261.0,1004.1629028320312,-3.4635392780481435,-4.727270036530294,-1.4363158007657333,2.1334699404495807,2.7982751214308825,1.7739680119403471,0.2648749546595169,1.3968827957093226,-2.2912121423099725,-0.3107262746796668
12.0,261.0,1004.1629028320312,-3.463539278044658,-4.727271247958868,-1.4363158007569792,2.1334699404495807,2.798290022084813,1.7739680057895275,0.2648749546595169,1.3968827957093226,-2.29121215748831,-0.3107262746796668
12.0,261.0,1004.1629028320312,-3.463539278044022,-4.727278042469881,-1.4363158007568446,2.1334699404495807,2.7982761993115246,1.7739680054258011,0.2648749546595169,1.3968827957093226,-2.291212141770252,-0.3107262746796668
12.0,261.0,1004.1629028320312,-3.463539278044561,-4.727277406452706,-1.4363158007657126,2.1334699404495807,2.7982743811658835,1.773967984742292,0.2648749546595169,1.3968827957093226,-2.291212142183752,-0.3107262746796668
12.0,261.0,1004.1629028320312,-3.463539278044904,-4.727277384342812,-1.4363158007657126,2.1334699404495807,2.798289486460873,1.7739680052579,0.2648749546595169,1.3968827957093226,-2.291212140570164,-0.3107262746796668
12.0,261.0,1004.1629028320312,-3.4635392780447103,-4.727275297925906,-1.4363158007657126,2.1334699404495807,2.7982894747896188,1.773968030307376,0.2648749546595169,1.3968827957093226,-2.291212158431517,-0.3107262727327382
12.0,261.0,1004.1629028320312,-3.463539278046152,-4.727269472016781,-1.436315800766614,2.1334699404495807,2.798275121853399,1.7739680057895275,0.2648749546595169,1.3968827957093226,-2.291212156637875,-0.3107262746796668
12.0,261.0,1004.1629028320312,-3.463539278044658,-4.727271400338654,-1.4363158007659445,2.1334699404495807,2.798288997284521,1.7739675918402116,0.2648749546595169,1.3968827957093226,-2.291212158073975,-0.3107262770922765
12.0,261.0,1004.1629028320312,-3.4635392780447103,-4.727275289642649,-1.4363158007657335,2.1334699404495807,2.7982894747896188,1.7739680304465335,0.2648749546595169,1.3968827957093226,-2.291212142015799,-0.3107262745839196
12.0,261.0,1004.1629028320312,-3.4635392780410634,-4.727263080518411,-1.4363158007575878,2.1334699404495807,2.798290135558844,1.7739676086767016,0.2648749546595169,1.3968827957093226,-2.291212141358736,-0.3107262746796668
12.0,261.0,1004.1629028320312,-3.463539278044658,-4.7272795338412665,-1.4363158007657126,2.1334699404495807,2.7982907679410194,1.773967612084887,0.2648749546595169,1.3968827957093226,-2.2912121580534506,-0.3107262746796668
12.0,261.0,1004.1629028320312,-3.463539278044658,-4.72727150576411,-1.4363158007657024,2.1334699404495807,2.7982894778710383,1.7739680284948487,0.2648749546595169,1.3968827957093226,-2.291212142306682,-0.3107262770922765
12.0,261.0,1004.1629028320312,-3.4635392780156367,-4.727277384342812,-1.4363158007657335,2.1334699404495807,2.7982750288900915,1.773968013726638,0.2648749546595169,1.3968827957093226,-2.291212141637732,-0.3107262747077462
12.0,261.0,1004.1629028320312,-3.463539278044658,-4.7272795338412665,-1.4363158007657126,2.1334699404495807,2.7982907679410194,1.7739680486770986,0.2648749546595169,1.3968827957093226,-2.291212157386534,-0.3107262746796668
12.0,261.0,1004.1629028320312,-3.463539278044001,-4.727277384342812,-1.4363158007657126,2.1334699404495807,2.7982894816504733,1.773968013726638,0.2648749546595169,1.3968827957093226,-2.2912121589811227,-0.3107262746796668
12.0,261.0,1004.1629028320312,-3.463539278044658,-4.727267157006293,-1.436315800756988,2.1334699404495807,2.798290231536052,1.7739680139079643,0.2648749546595169,1.3968827957093226,-2.291212158083274,-0.3107262746796668
12.0,261.0,1004.1629028320312,-3.4635392780447103,-4.727275297925906,-1.4363158007657335,2.1334699404495807,2.7982894747896188,1.773968030307376,0.2648749546595169,1.3968827957093226,-2.291212142015799,-0.3107262727608175
12.0,261.0,1004.1629028320312,-3.4635392780143666,-4.727270470051437,-1.4363158007659564,2.1334699404495807,2.79827536664099,1.7739680290917086,0.2648749546595169,1.3968827957093226,-2.2912121588033694,-0.3107261716367639
12.0,261.0,1004.1629028320312,-3.463539278041088,-4.727279746833651,-1.436315800757758,2.1334699404495807,2.798290165590521,1.77396798063964,0.2648749546595169,1.3968827957093226,-2.291212157926028,-0.3107262746796668
12.0,261.0,1004.1629028320312,-3.463539278044369,-4.727275236505507,-1.4363158007657335,2.1334699404495807,2.7982894747896188,1.7739676259053625,0.2648749546595169,1.3968827957093226,-2.291212142015799,-0.3107262745839196
12.0,262.0,1004.1629028320312,-3.463539278044658,-4.727277384342812,-1.4363158007657126,2.1334699404495807,2.7982750288900915,1.773968013726638,0.2648749546595169,1.3968827957093226,-2.2912121580534506,-0.3107262746796668
12.0,262.0,1004.1629028320312,-3.4635392780136147,-4.727270659384286,-1.4363158007657126,2.1334699404495807,2.7982750288900915,1.773968013726638,0.2648749546595169,1.3968827957093226,-2.2912121580534506,-0.3107262746796668
12.0,262.0,1004.1629028320312,-3.4635392780135565,-4.727269940774775,-1.436315800765675,2.1334699404495807,2.7982751235669325,1.7739680138128826,0.2648749546595169,1.3968827957093226,-2.291212158936594,-0.3107262746796668
12.0,262.0,1004.1629028320312,-3.463539278044658,-4.727277384342812,-1.4363158007657126,2.1334699404495807,2.7982894816504733,1.773968013726638,0.2648749546595169,1.3968827957093226,-2.291212142183752,-0.3107262746796668
12.0,262.0,1004.1629028320312,-3.463539278044658,-4.727269472016781,-1.436315800766533,2.1334699404495807,2.798275121853399,1.7739680057895275,0.2648749546595169,1.3968827957093226,-2.2912121574933244,-0.3107262746796668
12.0,262.0,1004.1629028320312,-3.463539278044658,-4.727277384342812,-1.4363158007657126,2.1334699404495807,2.7982894816504733,1.773968013726638,0.2648749546595169,1.3968827957093226,-2.2912121587219194,-0.3107262746796668
12.0,262.0,1004.1629028320312,-3.463539278044658,-4.727276175038317,-1.4363158007659564,2.1334699404495807,2.798288923645431,1.7739680290917086,0.2648749546595169,1.3968827957093226,-2.2912121421679066,-0.3107261716367639
12.0,262.0,1004.1629028320312,-3.4635392780156367,-4.727277384342812,-1.4363158007657126,2.1334699404495807,2.7982750288900915,1.773968013726638,0.2648749546595169,1.3968827957093226,-2.2912121580534506,-0.3107262746796668
12.0,262.0,1004.1629028320312,-3.4635392780126426,-4.7272730638061615,-1.436315800757758,2.1334699404495807,2.7982901930498905,1.773967628706016,0.2648749546595169,1.3968827957093226,-2.2912121414164366,-0.3107262746796668
12.0,262.0,1004.1629028320312,-3.463539278044658,-4.727277384342812,-1.4363158007657126,2.1334699404495807,2.7982894816504733,1.773968013726638,0.2648749546595169,1.3968827957093226,-2.291212142183752,-0.3107262746796668
12.0,262.0,1004.1629028320312,-3.463539278044658,-4.727271400338654,-1.4363158007659445,2.1334699404495807,2.798288997284521,1.7739680284324228,0.2648749546595169,1.3968827957093226,-2.291212157407058,-0.3107262770922765
12.0,262.0,1004.1629028320312,-3.463539278044658,-4.727277384342812,-1.4363158007657126,2.1334699404495807,2.798290120216812,1.773967625376634,0.2648749546595169,1.3968827957093226,-2.291212142183752,-0.3107262746796668
12.0,262.0,1004.1629028320312,-3.4635392780439576,-4.727277384342812,-1.4363158007657126,2.1334699404495807,2.798275014288018,1.773968013726638,0.2648749546595169,1.3968827957093226,-2.2912121589594268,-0.3107262746796668
12.0,262.0,1004.1629028320312,-3.4635392780447103,-4.727275297925906,-1.4363158007657335,2.1334699404495807,2.7982894747896188,1.773968030307376,0.2648749546595169,1.3968827957093226,-2.291212142015799,-0.3107262727608175
12.0,262.0,1004.1629028320312,-3.463539278041088,-4.7272730638061615,-1.436315800757758,2.1334699404495807,2.7982901930498905,1.77396799297033,0.2648749546595169,1.3968827957093226,-2.2912121414164366,-0.3107262746796668
12.0,262.0,1004.1629028320312,-3.463539278044658,-4.727267157006293,-1.436315800756988,2.1334699404495807,2.798290231536052,1.7739680057895275,0.2648749546595169,1.3968827957093226,-2.2912121574933244,-0.3107262746796668
12.0,262.0,1004.1629028320312,-3.463539278044658,-4.727279555951162,-1.4363158007657126,2.1334699404495807,2.7982750288900915,1.773968013726638,0.2648749546595169,1.3968827957093226,-2.2912121580534506,-0.3107262746796668
12.0,262.0,1004.1629028320312,-3.4635392780376537,-4.727256756244229,-1.436315800758105,2.1334699404495807,2.798291453641109,1.773967628706016,0.2648749546595169,1.3968827957093226,-2.291212141541505,-0.3107262746796668
12.0,262.0,1004.1629028320312,-3.4635392780136147,-4.727270659384286,-1.4363158007577324,2.1334699404495807,2.798275195405384,1.773968013726638,0.2648749546595169,1.3968827957093226,-2.2912121573450586,-0.3107262746796668
12.0,262.0,1004.1629028320312,-3.4635392780481435,-4.727277380072278,-1.4363158007657333,2.1334699404495807,2.7982750288900915,1.7739680119403471,0.2648749546595169,1.3968827957093226,-2.2912121427496497,-0.3107262746796668
12.0,262.0,1004.1629028320312,-3.463539278044658,-4.727277406452706,-1.4363158007657126,2.1334699404495807,2.7982743811658835,1.7739680270183853,0.2648749546595169,1.3968827957093226,-2.291212142183752,-0.3107262746796668
12.0,262.0,1004.1629028320312,-3.463539278044658,-4.727277384342812,-1.4363158007657126,2.1334699404495807,2.7982750288900915,1.773968013726638,0.2648749546595169,1.3968827957093226,-2.2912121580534506,-0.3107262746796668
12.0,262.0,1004.1629028320312,-3.4635392780136147,-4.727270659384286,-1.4363158007657126,2.1334699404495807,2.7982750288900915,1.773968013726638,0.2648749546595169,1.3968827957093226,-2.291212158921064,-0.3107262746796668
12.0,262.0,1004.1629028320312,-3.463539278015004,-4.727277384342812,-1.4363158007657126,2.1334699404495807,2.7982748510990385,1.773968013726638,0.2648749546595169,1.3968827957093226,-2.2912121576607256,-0.3107262746796668
12.0,262.0,1004.1629028320312,-3.4635392780126426,-4.727277368984782,-1.4363158007576673,2.1334699404495807,2.798290284471104,1.773967628706016,0.2648749546595169,1.3968827957093226,-2.291212142653437,-0.3107262746796668
12.0,262.0,1004.1629028320312,-3.463539278044001,-4.727277384342812,-1.4363158007657126,2.1334699404495807,2.7982894816504733,1.773968013726638,0.2648749546595169,1.3968827957093226,-2.2912121587219194,-0.3107262746796668
12.0,262.0,1004.1629028320312,-3.463539278044658,-4.7272795338412665,-1.4363158007657126,2.1334699404495807,2.7982907679410194,1.773967612084887,0.2648749546595169,1.3968827957093226,-2.2912121580534506,-0.3107262746796668
12.0,262.0,1004.1629028320312,-3.463539278044658,-4.727277384342812,-1.4363158007657126,2.1334699404495807,2.7982894816504733,1.773968013726638,0.2648749546595169,1.3968827957093226,-2.291212142183752,-0.3107262746796668
12.0,262.0,1004.1629028320312,-3.463539278044658,-4.727269758327957,-1.436315800756988,2.1334699404495807,2.798290082134164,1.773968005416266,0.2648749546595169,1.3968827957093226,-2.291212141666529,-0.3107262746796668
12.0,262.0,1004.1629028320312,-3.4635392780427767,-4.727263080518411,-1.4363158007575878,2.1334699404495807,2.798290135558844,1.773967628706016,0.2648749546595169,1.3968827957093226,-2.291212141358736,-0.3107262746796668
12.0,262.0,1004.1629028320312,-3.4635392780481435,-4.727270036530294,-1.4363158007657333,2.1334699404495807,2.7982751214308825,1.7739680119403471,0.2648749546595169,1.3968827957093226,-2.2912121423099725,-0.3107262746796668
12.0,262.0,1004.1629028320312,-3.463539278044658,-4.727271247958868,-1.4363158007569792,2.1334699404495807,2.798290022084813,1.7739680057895275,0.2648749546595169,1.3968827957093226,-2.29121215748831,-0.3107262746796668
12.0,262.0,1004.1629028320312,-3.463539278044022,-4.727278042469881,-1.4363158007568446,2.1334699404495807,2.7982761993115246,1.7739680054258011,0.2648749546595169,1.3968827957093226,-2.291212141770252,-0.3107262746796668
12.0,262.0,1004.1629028320312,-3.463539278044561,-4.727277406452706,-1.4363158007657126,2.1334699404495807,2.7982743811658835,1.773967984742292,0.2648749546595169,1.3968827957093226,-2.291212142183752,-0.3107262746796668
12.0,262.0,1004.1629028320312,-3.463539278044904,-4.727277384342812,-1.4363158007657126,2.1334699404495807,2.798289486460873,1.7739680052579,0.2648749546595169,1.3968827957093226,-2.291212140570164,-0.3107262746796668
12.0,262.0,1004.1629028320312,-3.4635392780447103,-4.727275297925906,-1.4363158007657126,2.1334699404495807,2.7982894747896188,1.773968030307376,0.2648749546595169,1.3968827957093226,-2.291212158431517,-0.3107262727327382
12.0,262.0,1004.1629028320312,-3.463539278046152,-4.727269472016781,-1.436315800766614,2.1334699404495807,2.798275121853399,1.7739680057895275,0.2648749546595169,1.3968827957093226,-2.291212156637875,-0.3107262746796668
12.0,262.0,1004.1629028320312,-3.463539278044658,-4.727271400338654,-1.4363158007659445,2.1334699404495807,2.798288997284521,1.7739675918402116,0.2648749546595169,1.3968827957093226,-2.291212158073975,-0.3107262770922765
12.0,262.0,1004.1629028320312,-3.4635392780447103,-4.727275289642649,-1.4363158007657335,2.1334699404495807,2.7982894747896188,1.7739680304465335,0.2648749546595169,1.3968827957093226,-2.291212142015799,-0.3107262745839196
12.0,262.0,1004.1629028320312,-3.4635392780410634,-4.727263080518411,-1.4363158007575878,2.1334699404495807,2.798290135558844,1.7739676086767016,0.2648749546595169,1.3968827957093226,-2.291212141358736,-0.3107262746796668
12.0,262.0,1004.1629028320312,-3.463539278044658,-4.7272795338412665,-1.4363158007657126,2.1334699404495807,2.7982907679410194,1.773967612084887,0.2648749546595169,1.3968827957093226,-2.2912121580534506,-0.3107262746796668
12.0,262.0,1004.1629028320312,-3.463539278044658,-4.72727150576411,-1.4363158007657024,2.1334699404495807,2.7982894778710383,1.7739680284948487,0.2648749546595169,1.3968827957093226,-2.291212142306682,-0.3107262770922765
12.0,262.0,1004.1629028320312,-3.4635392780156367,-4.727277384342812,-1.4363158007657335,2.1334699404495807,2.7982750288900915,1.773968013726638,0.2648749546595169,1.3968827957093226,-2.291212141637732,-0.3107262747077462
12.0,262.0,1004.1629028320312,-3.463539278044658,-4.7272795338412665,-1.4363158007657126,2.1334699404495807,2.7982907679410194,1.7739680486770986,0.2648749546595169,1.3968827957093226,-2.291212157386534,-0.3107262746796668
12.0,262.0,1004.1629028320312,-3.463539278044001,-4.727277384342812,-1.4363158007657126,2.1334699404495807,2.7982894816504733,1.773968013726638,0.2648749546595169,1.3968827957093226,-2.2912121589811227,-0.3107262746796668
12.0,262.0,1004.1629028320312,-3.463539278044658,-4.727267157006293,-1.436315800756988,2.1334699404495807,2.798290231536052,1.7739680139079643,0.2648749546595169,1.3968827957093226,-2.291212158083274,-0.3107262746796668
12.0,262.0,1004.1629028320312,-3.4635392780447103,-4.727275297925906,-1.4363158007657335,2.1334699404495807,2.7982894747896188,1.773968030307376,0.2648749546595169,1.3968827957093226,-2.291212142015799,-0.3107262727608175
12.0,262.0,1004.1629028320312,-3.4635392780143666,-4.727270470051437,-1.4363158007659564,2.1334699404495807,2.79827536664099,1.7739680290917086,0.2648749546595169,1.3968827957093226,-2.2912121588033694,-0.3107261716367639
12.0,262.0,1004.1629028320312,-3.463539278041088,-4.727279746833651,-1.436315800757758,2.1334699404495807,2.798290165590521,1.77396798063964,0.2648749546595169,1.3968827957093226,-2.291212157926028,-0.3107262746796668
12.0,262.0,1004.1629028320312,-3.463539278044369,-4.727275236505507,-1.4363158007657335,2.1334699404495807,2.7982894747896188,1.7739676259053625,0.2648749546595169,1.3968827957093226,-2.291212142015799,-0.3107262745839196
12.0,263.0,1004.1629028320312,-3.463539278044658,-4.727277384342812,-1.4363158007657126,2.1334699404495807,2.7982750288900915,1.773968013726638,0.2648749546595169,1.3968827957093226,-2.2912121580534506,-0.3107262746796668
12.0,263.0,1004.1629028320312,-3.4635392780136147,-4.727270659384286,-1.4363158007657126,2.1334699404495807,2.7982750288900915,1.773968013726638,0.2648749546595169,1.3968827957093226,-2.2912121580534506,-0.3107262746796668
12.0,263.0,1004.1629028320312,-3.4635392780135565,-4.727269940774775,-1.436315800765675,2.1334699404495807,2.7982751235669325,1.7739680138128826,0.2648749546595169,1.3968827957093226,-2.291212158936594,-0.3107262746796668
12.0,263.0,1004.1629028320312,-3.463539278044658,-4.727277384342812,-1.4363158007657126,2.1334699404495807,2.7982894816504733,1.773968013726638,0.2648749546595169,1.3968827957093226,-2.291212142183752,-0.3107262746796668
12.0,263.0,1004.1629028320312,-3.463539278044658,-4.727269472016781,-1.436315800766533,2.1334699404495807,2.798275121853399,1.7739680057895275,0.2648749546595169,1.3968827957093226,-2.2912121574933244,-0.3107262746796668
12.0,263.0,1004.1629028320312,-3.463539278044658,-4.727277384342812,-1.4363158007657126,2.1334699404495807,2.7982894816504733,1.773968013726638,0.2648749546595169,1.3968827957093226,-2.2912121587219194,-0.3107262746796668
12.0,263.0,1004.1629028320312,-3.463539278044658,-4.727276175038317,-1.4363158007659564,2.1334699404495807,2.798288923645431,1.7739680290917086,0.2648749546595169,1.3968827957093226,-2.2912121421679066,-0.3107261716367639
12.0,263.0,1004.1629028320312,-3.4635392780156367,-4.727277384342812,-1.4363158007657126,2.1334699404495807,2.7982750288900915,1.773968013726638,0.2648749546595169,1.3968827957093226,-2.2912121580534506,-0.3107262746796668
12.0,263.0,1004.1629028320312,-3.4635392780126426,-4.7272730638061615,-1.436315800757758,2.1334699404495807,2.7982901930498905,1.773967628706016,0.2648749546595169,1.3968827957093226,-2.2912121414164366,-0.3107262746796668
12.0,263.0,1004.1629028320312,-3.463539278044658,-4.727277384342812,-1.4363158007657126,2.1334699404495807,2.7982894816504733,1.773968013726638,0.2648749546595169,1.3968827957093226,-2.291212142183752,-0.3107262746796668
12.0,263.0,1004.1629028320312,-3.463539278044658,-4.727271400338654,-1.4363158007659445,2.1334699404495807,2.798288997284521,1.7739680284324228,0.2648749546595169,1.3968827957093226,-2.291212157407058,-0.3107262770922765
12.0,263.0,1004.1629028320312,-3.463539278044658,-4.727277384342812,-1.4363158007657126,2.1334699404495807,2.798290120216812,1.773967625376634,0.2648749546595169,1.3968827957093226,-2.291212142183752,-0.3107262746796668
12.0,263.0,1004.1629028320312,-3.4635392780439576,-4.727277384342812,-1.4363158007657126,2.1334699404495807,2.798275014288018,1.773968013726638,0.2648749546595169,1.3968827957093226,-2.2912121589594268,-0.3107262746796668
12.0,263.0,1004.1629028320312,-3.4635392780447103,-4.727275297925906,-1.4363158007657335,2.1334699404495807,2.7982894747896188,1.773968030307376,0.2648749546595169,1.3968827957093226,-2.291212142015799,-0.3107262727608175
12.0,263.0,1004.1629028320312,-3.463539278041088,-4.7272730638061615,-1.436315800757758,2.1334699404495807,2.7982901930498905,1.77396799297033,0.2648749546595169,1.3968827957093226,-2.2912121414164366,-0.3107262746796668
12.0,263.0,1004.1629028320312,-3.463539278044658,-4.727267157006293,-1.436315800756988,2.1334699404495807,2.798290231536052,1.7739680057895275,0.2648749546595169,1.3968827957093226,-2.2912121574933244,-0.3107262746796668
12.0,263.0,1004.1629028320312,-3.463539278044658,-4.727279555951162,-1.4363158007657126,2.1334699404495807,2.7982750288900915,1.773968013726638,0.2648749546595169,1.3968827957093226,-2.2912121580534506,-0.3107262746796668
12.0,263.0,1004.1629028320312,-3.4635392780376537,-4.727256756244229,-1.436315800758105,2.1334699404495807,2.798291453641109,1.773967628706016,0.2648749546595169,1.3968827957093226,-2.291212141541505,-0.3107262746796668
12.0,263.0,1004.1629028320312,-3.4635392780136147,-4.727270659384286,-1.4363158007577324,2.1334699404495807,2.798275195405384,1.773968013726638,0.2648749546595169,1.3968827957093226,-2.2912121573450586,-0.3107262746796668
12.0,263.0,1004.1629028320312,-3.4635392780481435,-4.727277380072278,-1.4363158007657333,2.1334699404495807,2.7982750288900915,1.7739680119403471,0.2648749546595169,1.3968827957093226,-2.2912121427496497,-0.3107262746796668
12.0,263.0,1004.1629028320312,-3.463539278044658,-4.727277406452706,-1.4363158007657126,2.1334699404495807,2.7982743811658835,1.7739680270183853,0.2648749546595169,1.3968827957093226,-2.291212142183752,-0.3107262746796668
12.0,263.0,1004.1629028320312,-3.463539278044658,-4.727277384342812,-1.4363158007657126,2.1334699404495807,2.7982750288900915,1.773968013726638,0.2648749546595169,1.3968827957093226,-2.2912121580534506,-0.3107262746796668
12.0,263.0,1004.1629028320312,-3.4635392780136147,-4.727270659384286,-1.4363158007657126,2.1334699404495807,2.7982750288900915,1.773968013726638,0.2648749546595169,1.3968827957093226,-2.291212158921064,-0.3107262746796668
12.0,263.0,1004.1629028320312,-3.463539278015004,-4.727277384342812,-1.4363158007657126,2.1334699404495807,2.7982748510990385,1.773968013726638,0.2648749546595169,1.3968827957093226,-2.2912121576607256,-0.3107262746796668
12.0,263.0,1004.1629028320312,-3.4635392780126426,-4.727277368984782,-1.4363158007576673,2.1334699404495807,2.798290284471104,1.773967628706016,0.2648749546595169,1.3968827957093226,-2.291212142653437,-0.3107262746796668
12.0,263.0,1004.1629028320312,-3.463539278044001,-4.727277384342812,-1.4363158007657126,2.1334699404495807,2.7982894816504733,1.773968013726638,0.2648749546595169,1.3968827957093226,-2.2912121587219194,-0.3107262746796668
12.0,263.0,1004.1629028320312,-3.463539278044658,-4.7272795338412665,-1.4363158007657126,2.1334699404495807,2.7982907679410194,1.773967612084887,0.2648749546595169,1.3968827957093226,-2.2912121580534506,-0.3107262746796668
12.0,263.0,1004.1629028320312,-3.463539278044658,-4.727277384342812,-1.4363158007657126,2.1334699404495807,2.7982894816504733,1.773968013726638,0.2648749546595169,1.3968827957093226,-2.291212142183752,-0.3107262746796668
12.0,263.0,1004.1629028320312,-3.463539278044658,-4.727269758327957,-1.436315800756988,2.1334699404495807,2.798290082134164,1.773968005416266,0.2648749546595169,1.3968827957093226,-2.291212141666529,-0.3107262746796668
12.0,263.0,1004.1629028320312,-3.4635392780427767,-4.727263080518411,-1.4363158007575878,2.1334699404495807,2.798290135558844,1.773967628706016,0.2648749546595169,1.3968827957093226,-2.291212141358736,-0.3107262746796668
12.0,263.0,1004.1629028320312,-3.4635392780481435,-4.727270036530294,-1.4363158007657333,2.1334699404495807,2.7982751214308825,1.7739680119403471,0.2648749546595169,1.3968827957093226,-2.2912121423099725,-0.3107262746796668
12.0,263.0,1004.1629028320312,-3.463539278044658,-4.727271247958868,-1.4363158007569792,2.1334699404495807,2.798290022084813,1.7739680057895275,0.2648749546595169,1.3968827957093226,-2.29121215748831,-0.3107262746796668
12.0,263.0,1004.1629028320312,-3.463539278044022,-4.727278042469881,-1.4363158007568446,2.1334699404495807,2.7982761993115246,1.7739680054258011,0.2648749546595169,1.3968827957093226,-2.291212141770252,-0.3107262746796668
12.0,263.0,1004.1629028320312,-3.463539278044561,-4.727277406452706,-1.4363158007657126,2.1334699404495807,2.7982743811658835,1.773967984742292,0.2648749546595169,1.3968827957093226,-2.291212142183752,-0.3107262746796668
12.0,263.0,1004.1629028320312,-3.463539278044904,-4.727277384342812,-1.4363158007657126,2.1334699404495807,2.798289486460873,1.7739680052579,0.2648749546595169,1.3968827957093226,-2.291212140570164,-0.3107262746796668
12.0,263.0,1004.1629028320312,-3.4635392780447103,-4.727275297925906,-1.4363158007657126,2.1334699404495807,2.7982894747896188,1.773968030307376,0.2648749546595169,1.3968827957093226,-2.291212158431517,-0.3107262727327382
12.0,263.0,1004.1629028320312,-3.463539278046152,-4.727269472016781,-1.436315800766614,2.1334699404495807,2.798275121853399,1.7739680057895275,0.2648749546595169,1.3968827957093226,-2.291212156637875,-0.3107262746796668
12.0,263.0,1004.1629028320312,-3.463539278044658,-4.727271400338654,-1.4363158007659445,2.1334699404495807,2.798288997284521,1.7739675918402116,0.2648749546595169,1.3968827957093226,-2.291212158073975,-0.3107262770922765
12.0,263.0,1004.1629028320312,-3.4635392780447103,-4.727275289642649,-1.4363158007657335,2.1334699404495807,2.7982894747896188,1.7739680304465335,0.2648749546595169,1.3968827957093226,-2.291212142015799,-0.3107262745839196
12.0,263.0,1004.1629028320312,-3.4635392780410634,-4.727263080518411,-1.4363158007575878,2.1334699404495807,2.798290135558844,1.7739676086767016,0.2648749546595169,1.3968827957093226,-2.291212141358736,-0.3107262746796668
12.0,263.0,1004.1629028320312,-3.463539278044658,-4.7272795338412665,-1.4363158007657126,2.1334699404495807,2.7982907679410194,1.773967612084887,0.2648749546595169,1.3968827957093226,-2.2912121580534506,-0.3107262746796668
12.0,263.0,1004.1629028320312,-3.463539278044658,-4.72727150576411,-1.4363158007657024,2.1334699404495807,2.7982894778710383,1.7739680284948487,0.2648749546595169,1.3968827957093226,-2.291212142306682,-0.3107262770922765
12.0,263.0,1004.1629028320312,-3.4635392780156367,-4.727277384342812,-1.4363158007657335,2.1334699404495807,2.7982750288900915,1.773968013726638,0.2648749546595169,1.3968827957093226,-2.291212141637732,-0.3107262747077462
12.0,263.0,1004.1629028320312,-3.463539278044658,-4.7272795338412665,-1.4363158007657126,2.1334699404495807,2.7982907679410194,1.7739680486770986,0.2648749546595169,1.3968827957093226,-2.291212157386534,-0.3107262746796668
12.0,263.0,1004.1629028320312,-3.463539278044001,-4.727277384342812,-1.4363158007657126,2.1334699404495807,2.7982894816504733,1.773968013726638,0.2648749546595169,1.3968827957093226,-2.2912121589811227,-0.3107262746796668
12.0,263.0,1004.1629028320312,-3.463539278044658,-4.727267157006293,-1.436315800756988,2.1334699404495807,2.798290231536052,1.7739680139079643,0.2648749546595169,1.3968827957093226,-2.291212158083274,-0.3107262746796668
12.0,263.0,1004.1629028320312,-3.4635392780447103,-4.727275297925906,-1.4363158007657335,2.1334699404495807,2.7982894747896188,1.773968030307376,0.2648749546595169,1.3968827957093226,-2.291212142015799,-0.3107262727608175
12.0,263.0,1004.1629028320312,-3.4635392780143666,-4.727270470051437,-1.4363158007659564,2.1334699404495807,2.79827536664099,1.7739680290917086,0.2648749546595169,1.3968827957093226,-2.2912121588033694,-0.3107261716367639
12.0,263.0,1004.1629028320312,-3.463539278041088,-4.727279746833651,-1.436315800757758,2.1334699404495807,2.798290165590521,1.77396798063964,0.2648749546595169,1.3968827957093226,-2.291212157926028,-0.3107262746796668
12.0,263.0,1004.1629028320312,-3.463539278044369,-4.727275236505507,-1.4363158007657335,2.1334699404495807,2.7982894747896188,1.7739676259053625,0.2648749546595169,1.3968827957093226,-2.291212142015799,-0.3107262745839196
12.0,264.0,1004.1629028320312,-3.463539278044658,-4.727277384342812,-1.4363158007657126,2.1334699404495807,2.7982750288900915,1.773968013726638,0.2648749546595169,1.3968827957093226,-2.2912121580534506,-0.3107262746796668
12.0,264.0,1004.1629028320312,-3.4635392780136147,-4.727270659384286,-1.4363158007657126,2.1334699404495807,2.7982750288900915,1.773968013726638,0.2648749546595169,1.3968827957093226,-2.2912121580534506,-0.3107262746796668
12.0,264.0,1004.1629028320312,-3.4635392780135565,-4.727269940774775,-1.436315800765675,2.1334699404495807,2.7982751235669325,1.7739680138128826,0.2648749546595169,1.3968827957093226,-2.291212158936594,-0.3107262746796668
12.0,264.0,1004.1629028320312,-3.463539278044658,-4.727277384342812,-1.4363158007657126,2.1334699404495807,2.7982894816504733,1.773968013726638,0.2648749546595169,1.3968827957093226,-2.291212142183752,-0.3107262746796668
12.0,264.0,1004.1629028320312,-3.463539278044658,-4.727269472016781,-1.436315800766533,2.1334699404495807,2.798275121853399,1.7739680057895275,0.2648749546595169,1.3968827957093226,-2.2912121574933244,-0.3107262746796668
12.0,264.0,1004.1629028320312,-3.463539278044658,-4.727277384342812,-1.4363158007657126,2.1334699404495807,2.7982894816504733,1.773968013726638,0.2648749546595169,1.3968827957093226,-2.2912121587219194,-0.3107262746796668
12.0,264.0,1004.1629028320312,-3.463539278044658,-4.727276175038317,-1.4363158007659564,2.1334699404495807,2.798288923645431,1.7739680290917086,0.2648749546595169,1.3968827957093226,-2.2912121421679066,-0.3107261716367639
12.0,264.0,1004.1629028320312,-3.4635392780156367,-4.727277384342812,-1.4363158007657126,2.1334699404495807,2.7982750288900915,1.773968013726638,0.2648749546595169,1.3968827957093226,-2.2912121580534506,-0.3107262746796668
12.0,264.0,1004.1629028320312,-3.4635392780126426,-4.7272730638061615,-1.436315800757758,2.1334699404495807,2.7982901930498905,1.773967628706016,0.2648749546595169,1.3968827957093226,-2.2912121414164366,-0.3107262746796668
12.0,264.0,1004.1629028320312,-3.463539278044658,-4.727277384342812,-1.4363158007657126,2.1334699404495807,2.7982894816504733,1.773968013726638,0.2648749546595169,1.3968827957093226,-2.291212142183752,-0.3107262746796668
12.0,264.0,1004.1629028320312,-3.463539278044658,-4.727271400338654,-1.4363158007659445,2.1334699404495807,2.798288997284521,1.7739680284324228,0.2648749546595169,1.3968827957093226,-2.291212157407058,-0.3107262770922765
12.0,264.0,1004.1629028320312,-3.463539278044658,-4.727277384342812,-1.4363158007657126,2.1334699404495807,2.798290120216812,1.773967625376634,0.2648749546595169,1.3968827957093226,-2.291212142183752,-0.3107262746796668
12.0,264.0,1004.1629028320312,-3.4635392780439576,-4.727277384342812,-1.4363158007657126,2.1334699404495807,2.798275014288018,1.773968013726638,0.2648749546595169,1.3968827957093226,-2.2912121589594268,-0.3107262746796668
12.0,264.0,1004.1629028320312,-3.4635392780447103,-4.727275297925906,-1.4363158007657335,2.1334699404495807,2.7982894747896188,1.773968030307376,0.2648749546595169,1.3968827957093226,-2.291212142015799,-0.3107262727608175
12.0,264.0,1004.1629028320312,-3.463539278041088,-4.7272730638061615,-1.436315800757758,2.1334699404495807,2.7982901930498905,1.77396799297033,0.2648749546595169,1.3968827957093226,-2.2912121414164366,-0.3107262746796668
12.0,264.0,1004.1629028320312,-3.463539278044658,-4.727267157006293,-1.436315800756988,2.1334699404495807,2.798290231536052,1.7739680057895275,0.2648749546595169,1.3968827957093226,-2.2912121574933244,-0.3107262746796668
12.0,264.0,1004.1629028320312,-3.463539278044658,-4.727279555951162,-1.4363158007657126,2.1334699404495807,2.7982750288900915,1.773968013726638,0.2648749546595169,1.3968827957093226,-2.2912121580534506,-0.3107262746796668
12.0,264.0,1004.1629028320312,-3.4635392780376537,-4.727256756244229,-1.436315800758105,2.1334699404495807,2.798291453641109,1.773967628706016,0.2648749546595169,1.3968827957093226,-2.291212141541505,-0.3107262746796668
12.0,264.0,1004.1629028320312,-3.4635392780136147,-4.727270659384286,-1.4363158007577324,2.1334699404495807,2.798275195405384,1.773968013726638,0.2648749546595169,1.3968827957093226,-2.2912121573450586,-0.3107262746796668
12.0,264.0,1004.1629028320312,-3.4635392780481435,-4.727277380072278,-1.4363158007657333,2.1334699404495807,2.7982750288900915,1.7739680119403471,0.2648749546595169,1.3968827957093226,-2.2912121427496497,-0.3107262746796668
12.0,264.0,1004.1629028320312,-3.463539278044658,-4.727277406452706,-1.4363158007657126,2.1334699404495807,2.7982743811658835,1.7739680270183853,0.2648749546595169,1.3968827957093226,-2.291212142183752,-0.3107262746796668
12.0,264.0,1004.1629028320312,-3.463539278044658,-4.727277384342812,-1.4363158007657126,2.1334699404495807,2.7982750288900915,1.773968013726638,0.2648749546595169,1.3968827957093226,-2.2912121580534506,-0.3107262746796668
12.0,264.0,1004.1629028320312,-3.4635392780136147,-4.727270659384286,-1.4363158007657126,2.1334699404495807,2.7982750288900915,1.773968013726638,0.2648749546595169,1.3968827957093226,-2.291212158921064,-0.3107262746796668
12.0,264.0,1004.1629028320312,-3.463539278015004,-4.727277384342812,-1.4363158007657126,2.1334699404495807,2.7982748510990385,1.773968013726638,0.2648749546595169,1.3968827957093226,-2.2912121576607256,-0.3107262746796668
12.0,264.0,1004.1629028320312,-3.4635392780126426,-4.727277368984782,-1.4363158007576673,2.1334699404495807,2.798290284471104,1.773967628706016,0.2648749546595169,1.3968827957093226,-2.291212142653437,-0.3107262746796668
12.0,264.0,1004.1629028320312,-3.463539278044001,-4.727277384342812,-1.4363158007657126,2.1334699404495807,2.7982894816504733,1.773968013726638,0.2648749546595169,1.3968827957093226,-2.2912121587219194,-0.3107262746796668
12.0,264.0,1004.1629028320312,-3.463539278044658,-4.7272795338412665,-1.4363158007657126,2.1334699404495807,2.7982907679410194,1.773967612084887,0.2648749546595169,1.3968827957093226,-2.2912121580534506,-0.3107262746796668
12.0,264.0,1004.1629028320312,-3.463539278044658,-4.727277384342812,-1.4363158007657126,2.1334699404495807,2.7982894816504733,1.773968013726638,0.2648749546595169,1.3968827957093226,-2.291212142183752,-0.3107262746796668
12.0,264.0,1004.1629028320312,-3.463539278044658,-4.727269758327957,-1.436315800756988,2.1334699404495807,2.798290082134164,1.773968005416266,0.2648749546595169,1.3968827957093226,-2.291212141666529,-0.3107262746796668
12.0,264.0,1004.1629028320312,-3.4635392780427767,-4.727263080518411,-1.4363158007575878,2.1334699404495807,2.798290135558844,1.773967628706016,0.2648749546595169,1.3968827957093226,-2.291212141358736,-0.3107262746796668
12.0,264.0,1004.1629028320312,-3.4635392780481435,-4.727270036530294,-1.4363158007657333,2.1334699404495807,2.7982751214308825,1.7739680119403471,0.2648749546595169,1.3968827957093226,-2.2912121423099725,-0.3107262746796668
12.0,264.0,1004.1629028320312,-3.463539278044658,-4.727271247958868,-1.4363158007569792,2.1334699404495807,2.798290022084813,1.7739680057895275,0.2648749546595169,1.3968827957093226,-2.29121215748831,-0.3107262746796668
12.0,264.0,1004.1629028320312,-3.463539278044022,-4.727278042469881,-1.4363158007568446,2.1334699404495807,2.7982761993115246,1.7739680054258011,0.2648749546595169,1.3968827957093226,-2.291212141770252,-0.3107262746796668
12.0,264.0,1004.1629028320312,-3.463539278044561,-4.727277406452706,-1.4363158007657126,2.1334699404495807,2.7982743811658835,1.773967984742292,0.2648749546595169,1.3968827957093226,-2.291212142183752,-0.3107262746796668
12.0,264.0,1004.1629028320312,-3.463539278044904,-4.727277384342812,-1.4363158007657126,2.1334699404495807,2.798289486460873,1.7739680052579,0.2648749546595169,1.3968827957093226,-2.291212140570164,-0.3107262746796668
12.0,264.0,1004.1629028320312,-3.4635392780447103,-4.727275297925906,-1.4363158007657126,2.1334699404495807,2.7982894747896188,1.773968030307376,0.2648749546595169,1.3968827957093226,-2.291212158431517,-0.3107262727327382
12.0,264.0,1004.1629028320312,-3.463539278046152,-4.727269472016781,-1.436315800766614,2.1334699404495807,2.798275121853399,1.7739680057895275,0.2648749546595169,1.3968827957093226,-2.291212156637875,-0.3107262746796668
12.0,264.0,1004.1629028320312,-3.463539278044658,-4.727271400338654,-1.4363158007659445,2.1334699404495807,2.798288997284521,1.7739675918402116,0.2648749546595169,1.3968827957093226,-2.291212158073975,-0.3107262770922765
12.0,264.0,1004.1629028320312,-3.4635392780447103,-4.727275289642649,-1.4363158007657335,2.1334699404495807,2.7982894747896188,1.7739680304465335,0.2648749546595169,1.3968827957093226,-2.291212142015799,-0.3107262745839196
12.0,264.0,1004.1629028320312,-3.4635392780410634,-4.727263080518411,-1.4363158007575878,2.1334699404495807,2.798290135558844,1.7739676086767016,0.2648749546595169,1.3968827957093226,-2.291212141358736,-0.3107262746796668
12.0,264.0,1004.1629028320312,-3.463539278044658,-4.7272795338412665,-1.4363158007657126,2.1334699404495807,2.7982907679410194,1.773967612084887,0.2648749546595169,1.3968827957093226,-2.2912121580534506,-0.3107262746796668
12.0,264.0,1004.1629028320312,-3.463539278044658,-4.72727150576411,-1.4363158007657024,2.1334699404495807,2.7982894778710383,1.7739680284948487,0.2648749546595169,1.3968827957093226,-2.291212142306682,-0.3107262770922765
12.0,264.0,1004.1629028320312,-3.4635392780156367,-4.727277384342812,-1.4363158007657335,2.1334699404495807,2.7982750288900915,1.773968013726638,0.2648749546595169,1.3968827957093226,-2.291212141637732,-0.3107262747077462
12.0,264.0,1004.1629028320312,-3.463539278044658,-4.7272795338412665,-1.4363158007657126,2.1334699404495807,2.7982907679410194,1.7739680486770986,0.2648749546595169,1.3968827957093226,-2.291212157386534,-0.3107262746796668
12.0,264.0,1004.1629028320312,-3.463539278044001,-4.727277384342812,-1.4363158007657126,2.1334699404495807,2.7982894816504733,1.773968013726638,0.2648749546595169,1.3968827957093226,-2.2912121589811227,-0.3107262746796668
12.0,264.0,1004.1629028320312,-3.463539278044658,-4.727267157006293,-1.436315800756988,2.1334699404495807,2.798290231536052,1.7739680139079643,0.2648749546595169,1.3968827957093226,-2.291212158083274,-0.3107262746796668
12.0,264.0,1004.1629028320312,-3.4635392780447103,-4.727275297925906,-1.4363158007657335,2.1334699404495807,2.7982894747896188,1.773968030307376,0.2648749546595169,1.3968827957093226,-2.291212142015799,-0.3107262727608175
12.0,264.0,1004.1629028320312,-3.4635392780143666,-4.727270470051437,-1.4363158007659564,2.1334699404495807,2.79827536664099,1.7739680290917086,0.2648749546595169,1.3968827957093226,-2.2912121588033694,-0.3107261716367639
12.0,264.0,1004.1629028320312,-3.463539278041088,-4.727279746833651,-1.436315800757758,2.1334699404495807,2.798290165590521,1.77396798063964,0.2648749546595169,1.3968827957093226,-2.291212157926028,-0.3107262746796668
12.0,264.0,1004.1629028320312,-3.463539278044369,-4.727275236505507,-1.4363158007657335,2.1334699404495807,2.7982894747896188,1.7739676259053625,0.2648749546595169,1.3968827957093226,-2.291212142015799,-0.3107262745839196
12.0,265.0,1004.1629028320312,-3.463539278044658,-4.727277384342812,-1.4363158007657126,2.1334699404495807,2.7982750288900915,1.773968013726638,0.2648749546595169,1.3968827957093226,-2.2912121580534506,-0.3107262746796668
12.0,265.0,1004.1629028320312,-3.4635392780136147,-4.727270659384286,-1.4363158007657126,2.1334699404495807,2.7982750288900915,1.773968013726638,0.2648749546595169,1.3968827957093226,-2.2912121580534506,-0.3107262746796668
12.0,265.0,1004.1629028320312,-3.4635392780135565,-4.727269940774775,-1.436315800765675,2.1334699404495807,2.7982751235669325,1.7739680138128826,0.2648749546595169,1.3968827957093226,-2.291212158936594,-0.3107262746796668
12.0,265.0,1004.1629028320312,-3.463539278044658,-4.727277384342812,-1.4363158007657126,2.1334699404495807,2.7982894816504733,1.773968013726638,0.2648749546595169,1.3968827957093226,-2.291212142183752,-0.3107262746796668
12.0,265.0,1004.1629028320312,-3.463539278044658,-4.727269472016781,-1.436315800766533,2.1334699404495807,2.798275121853399,1.7739680057895275,0.2648749546595169,1.3968827957093226,-2.2912121574933244,-0.3107262746796668
12.0,265.0,1004.1629028320312,-3.463539278044658,-4.727277384342812,-1.4363158007657126,2.1334699404495807,2.7982894816504733,1.773968013726638,0.2648749546595169,1.3968827957093226,-2.2912121587219194,-0.3107262746796668
12.0,265.0,1004.1629028320312,-3.463539278044658,-4.727276175038317,-1.4363158007659564,2.1334699404495807,2.798288923645431,1.7739680290917086,0.2648749546595169,1.3968827957093226,-2.2912121421679066,-0.3107261716367639
12.0,265.0,1004.1629028320312,-3.4635392780156367,-4.727277384342812,-1.4363158007657126,2.1334699404495807,2.7982750288900915,1.773968013726638,0.2648749546595169,1.3968827957093226,-2.2912121580534506,-0.3107262746796668
12.0,265.0,1004.1629028320312,-3.4635392780126426,-4.7272730638061615,-1.436315800757758,2.1334699404495807,2.7982901930498905,1.773967628706016,0.2648749546595169,1.3968827957093226,-2.2912121414164366,-0.3107262746796668
12.0,265.0,1004.1629028320312,-3.463539278044658,-4.727277384342812,-1.4363158007657126,2.1334699404495807,2.7982894816504733,1.773968013726638,0.2648749546595169,1.3968827957093226,-2.291212142183752,-0.3107262746796668
12.0,265.0,1004.1629028320312,-3.463539278044658,-4.727271400338654,-1.4363158007659445,2.1334699404495807,2.798288997284521,1.7739680284324228,0.2648749546595169,1.3968827957093226,-2.291212157407058,-0.3107262770922765
12.0,265.0,1004.1629028320312,-3.463539278044658,-4.727277384342812,-1.4363158007657126,2.1334699404495807,2.798290120216812,1.773967625376634,0.2648749546595169,1.3968827957093226,-2.291212142183752,-0.3107262746796668
12.0,265.0,1004.1629028320312,-3.4635392780439576,-4.727277384342812,-1.4363158007657126,2.1334699404495807,2.798275014288018,1.773968013726638,0.2648749546595169,1.3968827957093226,-2.2912121589594268,-0.3107262746796668
12.0,265.0,1004.1629028320312,-3.4635392780447103,-4.727275297925906,-1.4363158007657335,2.1334699404495807,2.7982894747896188,1.773968030307376,0.2648749546595169,1.3968827957093226,-2.291212142015799,-0.3107262727608175
12.0,265.0,1004.1629028320312,-3.463539278041088,-4.7272730638061615,-1.436315800757758,2.1334699404495807,2.7982901930498905,1.77396799297033,0.2648749546595169,1.3968827957093226,-2.2912121414164366,-0.3107262746796668
12.0,265.0,1004.1629028320312,-3.463539278044658,-4.727267157006293,-1.436315800756988,2.1334699404495807,2.798290231536052,1.7739680057895275,0.2648749546595169,1.3968827957093226,-2.2912121574933244,-0.3107262746796668
12.0,265.0,1004.1629028320312,-3.463539278044658,-4.727279555951162,-1.4363158007657126,2.1334699404495807,2.7982750288900915,1.773968013726638,0.2648749546595169,1.3968827957093226,-2.2912121580534506,-0.3107262746796668
12.0,265.0,1004.1629028320312,-3.4635392780376537,-4.727256756244229,-1.436315800758105,2.1334699404495807,2.798291453641109,1.773967628706016,0.2648749546595169,1.3968827957093226,-2.291212141541505,-0.3107262746796668
12.0,265.0,1004.1629028320312,-3.4635392780136147,-4.727270659384286,-1.4363158007577324,2.1334699404495807,2.798275195405384,1.773968013726638,0.2648749546595169,1.3968827957093226,-2.2912121573450586,-0.3107262746796668
12.0,265.0,1004.1629028320312,-3.4635392780481435,-4.727277380072278,-1.4363158007657333,2.1334699404495807,2.7982750288900915,1.7739680119403471,0.2648749546595169,1.3968827957093226,-2.2912121427496497,-0.3107262746796668
12.0,265.0,1004.1629028320312,-3.463539278044658,-4.727277406452706,-1.4363158007657126,2.1334699404495807,2.7982743811658835,1.7739680270183853,0.2648749546595169,1.3968827957093226,-2.291212142183752,-0.3107262746796668
12.0,265.0,1004.1629028320312,-3.463539278044658,-4.727277384342812,-1.4363158007657126,2.1334699404495807,2.7982750288900915,1.773968013726638,0.2648749546595169,1.3968827957093226,-2.2912121580534506,-0.3107262746796668
12.0,265.0,1004.1629028320312,-3.4635392780136147,-4.727270659384286,-1.4363158007657126,2.1334699404495807,2.7982750288900915,1.773968013726638,0.2648749546595169,1.3968827957093226,-2.291212158921064,-0.3107262746796668
12.0,265.0,1004.1629028320312,-3.463539278015004,-4.727277384342812,-1.4363158007657126,2.1334699404495807,2.7982748510990385,1.773968013726638,0.2648749546595169,1.3968827957093226,-2.2912121576607256,-0.3107262746796668
12.0,265.0,1004.1629028320312,-3.4635392780126426,-4.727277368984782,-1.4363158007576673,2.1334699404495807,2.798290284471104,1.773967628706016,0.2648749546595169,1.3968827957093226,-2.291212142653437,-0.3107262746796668
12.0,265.0,1004.1629028320312,-3.463539278044001,-4.727277384342812,-1.4363158007657126,2.1334699404495807,2.7982894816504733,1.773968013726638,0.2648749546595169,1.3968827957093226,-2.2912121587219194,-0.3107262746796668
12.0,265.0,1004.1629028320312,-3.463539278044658,-4.7272795338412665,-1.4363158007657126,2.1334699404495807,2.7982907679410194,1.773967612084887,0.2648749546595169,1.3968827957093226,-2.2912121580534506,-0.3107262746796668
12.0,265.0,1004.1629028320312,-3.463539278044658,-4.727277384342812,-1.4363158007657126,2.1334699404495807,2.7982894816504733,1.773968013726638,0.2648749546595169,1.3968827957093226,-2.291212142183752,-0.3107262746796668
12.0,265.0,1004.1629028320312,-3.463539278044658,-4.727269758327957,-1.436315800756988,2.1334699404495807,2.798290082134164,1.773968005416266,0.2648749546595169,1.3968827957093226,-2.291212141666529,-0.3107262746796668
12.0,265.0,1004.1629028320312,-3.4635392780427767,-4.727263080518411,-1.4363158007575878,2.1334699404495807,2.798290135558844,1.773967628706016,0.2648749546595169,1.3968827957093226,-2.291212141358736,-0.3107262746796668
12.0,265.0,1004.1629028320312,-3.4635392780481435,-4.727270036530294,-1.4363158007657333,2.1334699404495807,2.7982751214308825,1.7739680119403471,0.2648749546595169,1.3968827957093226,-2.2912121423099725,-0.3107262746796668
12.0,265.0,1004.1629028320312,-3.463539278044658,-4.727271247958868,-1.4363158007569792,2.1334699404495807,2.798290022084813,1.7739680057895275,0.2648749546595169,1.3968827957093226,-2.29121215748831,-0.3107262746796668
12.0,265.0,1004.1629028320312,-3.463539278044022,-4.727278042469881,-1.4363158007568446,2.1334699404495807,2.7982761993115246,1.7739680054258011,0.2648749546595169,1.3968827957093226,-2.291212141770252,-0.3107262746796668
12.0,265.0,1004.1629028320312,-3.463539278044561,-4.727277406452706,-1.4363158007657126,2.1334699404495807,2.7982743811658835,1.773967984742292,0.2648749546595169,1.3968827957093226,-2.291212142183752,-0.3107262746796668
12.0,265.0,1004.1629028320312,-3.463539278044904,-4.727277384342812,-1.4363158007657126,2.1334699404495807,2.798289486460873,1.7739680052579,0.2648749546595169,1.3968827957093226,-2.291212140570164,-0.3107262746796668
12.0,265.0,1004.1629028320312,-3.4635392780447103,-4.727275297925906,-1.4363158007657126,2.1334699404495807,2.7982894747896188,1.773968030307376,0.2648749546595169,1.3968827957093226,-2.291212158431517,-0.3107262727327382
12.0,265.0,1004.1629028320312,-3.463539278046152,-4.727269472016781,-1.436315800766614,2.1334699404495807,2.798275121853399,1.7739680057895275,0.2648749546595169,1.3968827957093226,-2.291212156637875,-0.3107262746796668
12.0,265.0,1004.1629028320312,-3.463539278044658,-4.727271400338654,-1.4363158007659445,2.1334699404495807,2.798288997284521,1.7739675918402116,0.2648749546595169,1.3968827957093226,-2.291212158073975,-0.3107262770922765
12.0,265.0,1004.1629028320312,-3.4635392780447103,-4.727275289642649,-1.4363158007657335,2.1334699404495807,2.7982894747896188,1.7739680304465335,0.2648749546595169,1.3968827957093226,-2.291212142015799,-0.3107262745839196
12.0,265.0,1004.1629028320312,-3.4635392780410634,-4.727263080518411,-1.4363158007575878,2.1334699404495807,2.798290135558844,1.7739676086767016,0.2648749546595169,1.3968827957093226,-2.291212141358736,-0.3107262746796668
12.0,265.0,1004.1629028320312,-3.463539278044658,-4.7272795338412665,-1.4363158007657126,2.1334699404495807,2.7982907679410194,1.773967612084887,0.2648749546595169,1.3968827957093226,-2.2912121580534506,-0.3107262746796668
12.0,265.0,1004.1629028320312,-3.463539278044658,-4.72727150576411,-1.4363158007657024,2.1334699404495807,2.7982894778710383,1.7739680284948487,0.2648749546595169,1.3968827957093226,-2.291212142306682,-0.3107262770922765
12.0,265.0,1004.1629028320312,-3.4635392780156367,-4.727277384342812,-1.4363158007657335,2.1334699404495807,2.7982750288900915,1.773968013726638,0.2648749546595169,1.3968827957093226,-2.291212141637732,-0.3107262747077462
12.0,265.0,1004.1629028320312,-3.463539278044658,-4.7272795338412665,-1.4363158007657126,2.1334699404495807,2.7982907679410194,1.7739680486770986,0.2648749546595169,1.3968827957093226,-2.291212157386534,-0.3107262746796668
12.0,265.0,1004.1629028320312,-3.463539278044001,-4.727277384342812,-1.4363158007657126,2.1334699404495807,2.7982894816504733,1.773968013726638,0.2648749546595169,1.3968827957093226,-2.2912121589811227,-0.3107262746796668
12.0,265.0,1004.1629028320312,-3.463539278044658,-4.727267157006293,-1.436315800756988,2.1334699404495807,2.798290231536052,1.7739680139079643,0.2648749546595169,1.3968827957093226,-2.291212158083274,-0.3107262746796668
12.0,265.0,1004.1629028320312,-3.4635392780447103,-4.727275297925906,-1.4363158007657335,2.1334699404495807,2.7982894747896188,1.773968030307376,0.2648749546595169,1.3968827957093226,-2.291212142015799,-0.3107262727608175
12.0,265.0,1004.1629028320312,-3.4635392780143666,-4.727270470051437,-1.4363158007659564,2.1334699404495807,2.79827536664099,1.7739680290917086,0.2648749546595169,1.3968827957093226,-2.2912121588033694,-0.3107261716367639
12.0,265.0,1004.1629028320312,-3.463539278041088,-4.727279746833651,-1.436315800757758,2.1334699404495807,2.798290165590521,1.77396798063964,0.2648749546595169,1.3968827957093226,-2.291212157926028,-0.3107262746796668
12.0,265.0,1004.1629028320312,-3.463539278044369,-4.727275236505507,-1.4363158007657335,2.1334699404495807,2.7982894747896188,1.7739676259053625,0.2648749546595169,1.3968827957093226,-2.291212142015799,-0.3107262745839196
12.0,266.0,1004.1629028320312,-3.463539278044658,-4.727277384342812,-1.4363158007657126,2.1334699404495807,2.7982750288900915,1.773968013726638,0.2648749546595169,1.3968827957093226,-2.2912121580534506,-0.3107262746796668
12.0,266.0,1004.1629028320312,-3.4635392780136147,-4.727270659384286,-1.4363158007657126,2.1334699404495807,2.7982750288900915,1.773968013726638,0.2648749546595169,1.3968827957093226,-2.2912121580534506,-0.3107262746796668
12.0,266.0,1004.1629028320312,-3.4635392780135565,-4.727269940774775,-1.436315800765675,2.1334699404495807,2.7982751235669325,1.7739680138128826,0.2648749546595169,1.3968827957093226,-2.291212158936594,-0.3107262746796668
12.0,266.0,1004.1629028320312,-3.463539278044658,-4.727277384342812,-1.4363158007657126,2.1334699404495807,2.7982894816504733,1.773968013726638,0.2648749546595169,1.3968827957093226,-2.291212142183752,-0.3107262746796668
12.0,266.0,1004.1629028320312,-3.463539278044658,-4.727269472016781,-1.436315800766533,2.1334699404495807,2.798275121853399,1.7739680057895275,0.2648749546595169,1.3968827957093226,-2.2912121574933244,-0.3107262746796668
12.0,266.0,1004.1629028320312,-3.463539278044658,-4.727277384342812,-1.4363158007657126,2.1334699404495807,2.7982894816504733,1.773968013726638,0.2648749546595169,1.3968827957093226,-2.2912121587219194,-0.3107262746796668
12.0,266.0,1004.1629028320312,-3.463539278044658,-4.727276175038317,-1.4363158007659564,2.1334699404495807,2.798288923645431,1.7739680290917086,0.2648749546595169,1.3968827957093226,-2.2912121421679066,-0.3107261716367639
12.0,266.0,1004.1629028320312,-3.4635392780156367,-4.727277384342812,-1.4363158007657126,2.1334699404495807,2.7982750288900915,1.773968013726638,0.2648749546595169,1.3968827957093226,-2.2912121580534506,-0.3107262746796668
12.0,266.0,1004.1629028320312,-3.4635392780126426,-4.7272730638061615,-1.436315800757758,2.1334699404495807,2.7982901930498905,1.773967628706016,0.2648749546595169,1.3968827957093226,-2.2912121414164366,-0.3107262746796668
12.0,266.0,1004.1629028320312,-3.463539278044658,-4.727277384342812,-1.4363158007657126,2.1334699404495807,2.7982894816504733,1.773968013726638,0.2648749546595169,1.3968827957093226,-2.291212142183752,-0.3107262746796668
12.0,266.0,1004.1629028320312,-3.463539278044658,-4.727271400338654,-1.4363158007659445,2.1334699404495807,2.798288997284521,1.7739680284324228,0.2648749546595169,1.3968827957093226,-2.291212157407058,-0.3107262770922765
12.0,266.0,1004.1629028320312,-3.463539278044658,-4.727277384342812,-1.4363158007657126,2.1334699404495807,2.798290120216812,1.773967625376634,0.2648749546595169,1.3968827957093226,-2.291212142183752,-0.3107262746796668
12.0,266.0,1004.1629028320312,-3.4635392780439576,-4.727277384342812,-1.4363158007657126,2.1334699404495807,2.798275014288018,1.773968013726638,0.2648749546595169,1.3968827957093226,-2.2912121589594268,-0.3107262746796668
12.0,266.0,1004.1629028320312,-3.4635392780447103,-4.727275297925906,-1.4363158007657335,2.1334699404495807,2.7982894747896188,1.773968030307376,0.2648749546595169,1.3968827957093226,-2.291212142015799,-0.3107262727608175
12.0,266.0,1004.1629028320312,-3.463539278041088,-4.7272730638061615,-1.436315800757758,2.1334699404495807,2.7982901930498905,1.77396799297033,0.2648749546595169,1.3968827957093226,-2.2912121414164366,-0.3107262746796668
12.0,266.0,1004.1629028320312,-3.463539278044658,-4.727267157006293,-1.436315800756988,2.1334699404495807,2.798290231536052,1.7739680057895275,0.2648749546595169,1.3968827957093226,-2.2912121574933244,-0.3107262746796668
12.0,266.0,1004.1629028320312,-3.463539278044658,-4.727279555951162,-1.4363158007657126,2.1334699404495807,2.7982750288900915,1.773968013726638,0.2648749546595169,1.3968827957093226,-2.2912121580534506,-0.3107262746796668
12.0,266.0,1004.1629028320312,-3.4635392780376537,-4.727256756244229,-1.436315800758105,2.1334699404495807,2.798291453641109,1.773967628706016,0.2648749546595169,1.3968827957093226,-2.291212141541505,-0.3107262746796668
12.0,266.0,1004.1629028320312,-3.4635392780136147,-4.727270659384286,-1.4363158007577324,2.1334699404495807,2.798275195405384,1.773968013726638,0.2648749546595169,1.3968827957093226,-2.2912121573450586,-0.3107262746796668
12.0,266.0,1004.1629028320312,-3.4635392780481435,-4.727277380072278,-1.4363158007657333,2.1334699404495807,2.7982750288900915,1.7739680119403471,0.2648749546595169,1.3968827957093226,-2.2912121427496497,-0.3107262746796668
12.0,266.0,1004.1629028320312,-3.463539278044658,-4.727277406452706,-1.4363158007657126,2.1334699404495807,2.7982743811658835,1.7739680270183853,0.2648749546595169,1.3968827957093226,-2.291212142183752,-0.3107262746796668
12.0,266.0,1004.1629028320312,-3.463539278044658,-4.727277384342812,-1.4363158007657126,2.1334699404495807,2.7982750288900915,1.773968013726638,0.2648749546595169,1.3968827957093226,-2.2912121580534506,-0.3107262746796668
12.0,266.0,1004.1629028320312,-3.4635392780136147,-4.727270659384286,-1.4363158007657126,2.1334699404495807,2.7982750288900915,1.773968013726638,0.2648749546595169,1.3968827957093226,-2.291212158921064,-0.3107262746796668
12.0,266.0,1004.1629028320312,-3.463539278015004,-4.727277384342812,-1.4363158007657126,2.1334699404495807,2.7982748510990385,1.773968013726638,0.2648749546595169,1.3968827957093226,-2.2912121576607256,-0.3107262746796668
12.0,266.0,1004.1629028320312,-3.4635392780126426,-4.727277368984782,-1.4363158007576673,2.1334699404495807,2.798290284471104,1.773967628706016,0.2648749546595169,1.3968827957093226,-2.291212142653437,-0.3107262746796668
12.0,266.0,1004.1629028320312,-3.463539278044001,-4.727277384342812,-1.4363158007657126,2.1334699404495807,2.7982894816504733,1.773968013726638,0.2648749546595169,1.3968827957093226,-2.2912121587219194,-0.3107262746796668
12.0,266.0,1004.1629028320312,-3.463539278044658,-4.7272795338412665,-1.4363158007657126,2.1334699404495807,2.7982907679410194,1.773967612084887,0.2648749546595169,1.3968827957093226,-2.2912121580534506,-0.3107262746796668
12.0,266.0,1004.1629028320312,-3.463539278044658,-4.727277384342812,-1.4363158007657126,2.1334699404495807,2.7982894816504733,1.773968013726638,0.2648749546595169,1.3968827957093226,-2.291212142183752,-0.3107262746796668
12.0,266.0,1004.1629028320312,-3.463539278044658,-4.727269758327957,-1.436315800756988,2.1334699404495807,2.798290082134164,1.773968005416266,0.2648749546595169,1.3968827957093226,-2.291212141666529,-0.3107262746796668
12.0,266.0,1004.1629028320312,-3.4635392780427767,-4.727263080518411,-1.4363158007575878,2.1334699404495807,2.798290135558844,1.773967628706016,0.2648749546595169,1.3968827957093226,-2.291212141358736,-0.3107262746796668
12.0,266.0,1004.1629028320312,-3.4635392780481435,-4.727270036530294,-1.4363158007657333,2.1334699404495807,2.7982751214308825,1.7739680119403471,0.2648749546595169,1.3968827957093226,-2.2912121423099725,-0.3107262746796668
12.0,266.0,1004.1629028320312,-3.463539278044658,-4.727271247958868,-1.4363158007569792,2.1334699404495807,2.798290022084813,1.7739680057895275,0.2648749546595169,1.3968827957093226,-2.29121215748831,-0.3107262746796668
12.0,266.0,1004.1629028320312,-3.463539278044022,-4.727278042469881,-1.4363158007568446,2.1334699404495807,2.7982761993115246,1.7739680054258011,0.2648749546595169,1.3968827957093226,-2.291212141770252,-0.3107262746796668
12.0,266.0,1004.1629028320312,-3.463539278044561,-4.727277406452706,-1.4363158007657126,2.1334699404495807,2.7982743811658835,1.773967984742292,0.2648749546595169,1.3968827957093226,-2.291212142183752,-0.3107262746796668
12.0,266.0,1004.1629028320312,-3.463539278044904,-4.727277384342812,-1.4363158007657126,2.1334699404495807,2.798289486460873,1.7739680052579,0.2648749546595169,1.3968827957093226,-2.291212140570164,-0.3107262746796668
12.0,266.0,1004.1629028320312,-3.4635392780447103,-4.727275297925906,-1.4363158007657126,2.1334699404495807,2.7982894747896188,1.773968030307376,0.2648749546595169,1.3968827957093226,-2.291212158431517,-0.3107262727327382
12.0,266.0,1004.1629028320312,-3.463539278046152,-4.727269472016781,-1.436315800766614,2.1334699404495807,2.798275121853399,1.7739680057895275,0.2648749546595169,1.3968827957093226,-2.291212156637875,-0.3107262746796668
12.0,266.0,1004.1629028320312,-3.463539278044658,-4.727271400338654,-1.4363158007659445,2.1334699404495807,2.798288997284521,1.7739675918402116,0.2648749546595169,1.3968827957093226,-2.291212158073975,-0.3107262770922765
12.0,266.0,1004.1629028320312,-3.4635392780447103,-4.727275289642649,-1.4363158007657335,2.1334699404495807,2.7982894747896188,1.7739680304465335,0.2648749546595169,1.3968827957093226,-2.291212142015799,-0.3107262745839196
12.0,266.0,1004.1629028320312,-3.4635392780410634,-4.727263080518411,-1.4363158007575878,2.1334699404495807,2.798290135558844,1.7739676086767016,0.2648749546595169,1.3968827957093226,-2.291212141358736,-0.3107262746796668
12.0,266.0,1004.1629028320312,-3.463539278044658,-4.7272795338412665,-1.4363158007657126,2.1334699404495807,2.7982907679410194,1.773967612084887,0.2648749546595169,1.3968827957093226,-2.2912121580534506,-0.3107262746796668
12.0,266.0,1004.1629028320312,-3.463539278044658,-4.72727150576411,-1.4363158007657024,2.1334699404495807,2.7982894778710383,1.7739680284948487,0.2648749546595169,1.3968827957093226,-2.291212142306682,-0.3107262770922765
12.0,266.0,1004.1629028320312,-3.4635392780156367,-4.727277384342812,-1.4363158007657335,2.1334699404495807,2.7982750288900915,1.773968013726638,0.2648749546595169,1.3968827957093226,-2.291212141637732,-0.3107262747077462
12.0,266.0,1004.1629028320312,-3.463539278044658,-4.7272795338412665,-1.4363158007657126,2.1334699404495807,2.7982907679410194,1.7739680486770986,0.2648749546595169,1.3968827957093226,-2.291212157386534,-0.3107262746796668
12.0,266.0,1004.1629028320312,-3.463539278044001,-4.727277384342812,-1.4363158007657126,2.1334699404495807,2.7982894816504733,1.773968013726638,0.2648749546595169,1.3968827957093226,-2.2912121589811227,-0.3107262746796668
12.0,266.0,1004.1629028320312,-3.463539278044658,-4.727267157006293,-1.436315800756988,2.1334699404495807,2.798290231536052,1.7739680139079643,0.2648749546595169,1.3968827957093226,-2.291212158083274,-0.3107262746796668
12.0,266.0,1004.1629028320312,-3.4635392780447103,-4.727275297925906,-1.4363158007657335,2.1334699404495807,2.7982894747896188,1.773968030307376,0.2648749546595169,1.3968827957093226,-2.291212142015799,-0.3107262727608175
12.0,266.0,1004.1629028320312,-3.4635392780143666,-4.727270470051437,-1.4363158007659564,2.1334699404495807,2.79827536664099,1.7739680290917086,0.2648749546595169,1.3968827957093226,-2.2912121588033694,-0.3107261716367639
12.0,266.0,1004.1629028320312,-3.463539278041088,-4.727279746833651,-1.436315800757758,2.1334699404495807,2.798290165590521,1.77396798063964,0.2648749546595169,1.3968827957093226,-2.291212157926028,-0.3107262746796668
12.0,266.0,1004.1629028320312,-3.463539278044369,-4.727275236505507,-1.4363158007657335,2.1334699404495807,2.7982894747896188,1.7739676259053625,0.2648749546595169,1.3968827957093226,-2.291212142015799,-0.3107262745839196
12.0,267.0,1004.1629028320312,-3.463539278044658,-4.727277384342812,-1.4363158007657126,2.1334699404495807,2.7982750288900915,1.773968013726638,0.2648749546595169,1.3968827957093226,-2.2912121580534506,-0.3107262746796668
12.0,267.0,1004.1629028320312,-3.4635392780136147,-4.727270659384286,-1.4363158007657126,2.1334699404495807,2.7982750288900915,1.773968013726638,0.2648749546595169,1.3968827957093226,-2.2912121580534506,-0.3107262746796668
12.0,267.0,1004.1629028320312,-3.4635392780135565,-4.727269940774775,-1.436315800765675,2.1334699404495807,2.7982751235669325,1.7739680138128826,0.2648749546595169,1.3968827957093226,-2.291212158936594,-0.3107262746796668
12.0,267.0,1004.1629028320312,-3.463539278044658,-4.727277384342812,-1.4363158007657126,2.1334699404495807,2.7982894816504733,1.773968013726638,0.2648749546595169,1.3968827957093226,-2.291212142183752,-0.3107262746796668
12.0,267.0,1004.1629028320312,-3.463539278044658,-4.727269472016781,-1.436315800766533,2.1334699404495807,2.798275121853399,1.7739680057895275,0.2648749546595169,1.3968827957093226,-2.2912121574933244,-0.3107262746796668
12.0,267.0,1004.1629028320312,-3.463539278044658,-4.727277384342812,-1.4363158007657126,2.1334699404495807,2.7982894816504733,1.773968013726638,0.2648749546595169,1.3968827957093226,-2.2912121587219194,-0.3107262746796668
12.0,267.0,1004.1629028320312,-3.463539278044658,-4.727276175038317,-1.4363158007659564,2.1334699404495807,2.798288923645431,1.7739680290917086,0.2648749546595169,1.3968827957093226,-2.2912121421679066,-0.3107261716367639
12.0,267.0,1004.1629028320312,-3.4635392780156367,-4.727277384342812,-1.4363158007657126,2.1334699404495807,2.7982750288900915,1.773968013726638,0.2648749546595169,1.3968827957093226,-2.2912121580534506,-0.3107262746796668
12.0,267.0,1004.1629028320312,-3.4635392780126426,-4.7272730638061615,-1.436315800757758,2.1334699404495807,2.7982901930498905,1.773967628706016,0.2648749546595169,1.3968827957093226,-2.2912121414164366,-0.3107262746796668
12.0,267.0,1004.1629028320312,-3.463539278044658,-4.727277384342812,-1.4363158007657126,2.1334699404495807,2.7982894816504733,1.773968013726638,0.2648749546595169,1.3968827957093226,-2.291212142183752,-0.3107262746796668
12.0,267.0,1004.1629028320312,-3.463539278044658,-4.727271400338654,-1.4363158007659445,2.1334699404495807,2.798288997284521,1.7739680284324228,0.2648749546595169,1.3968827957093226,-2.291212157407058,-0.3107262770922765
12.0,267.0,1004.1629028320312,-3.463539278044658,-4.727277384342812,-1.4363158007657126,2.1334699404495807,2.798290120216812,1.773967625376634,0.2648749546595169,1.3968827957093226,-2.291212142183752,-0.3107262746796668
12.0,267.0,1004.1629028320312,-3.4635392780439576,-4.727277384342812,-1.4363158007657126,2.1334699404495807,2.798275014288018,1.773968013726638,0.2648749546595169,1.3968827957093226,-2.2912121589594268,-0.3107262746796668
12.0,267.0,1004.1629028320312,-3.4635392780447103,-4.727275297925906,-1.4363158007657335,2.1334699404495807,2.7982894747896188,1.773968030307376,0.2648749546595169,1.3968827957093226,-2.291212142015799,-0.3107262727608175
12.0,267.0,1004.1629028320312,-3.463539278041088,-4.7272730638061615,-1.436315800757758,2.1334699404495807,2.7982901930498905,1.77396799297033,0.2648749546595169,1.3968827957093226,-2.2912121414164366,-0.3107262746796668
12.0,267.0,1004.1629028320312,-3.463539278044658,-4.727267157006293,-1.436315800756988,2.1334699404495807,2.798290231536052,1.7739680057895275,0.2648749546595169,1.3968827957093226,-2.2912121574933244,-0.3107262746796668
12.0,267.0,1004.1629028320312,-3.463539278044658,-4.727279555951162,-1.4363158007657126,2.1334699404495807,2.7982750288900915,1.773968013726638,0.2648749546595169,1.3968827957093226,-2.2912121580534506,-0.3107262746796668
12.0,267.0,1004.1629028320312,-3.4635392780376537,-4.727256756244229,-1.436315800758105,2.1334699404495807,2.798291453641109,1.773967628706016,0.2648749546595169,1.3968827957093226,-2.291212141541505,-0.3107262746796668
12.0,267.0,1004.1629028320312,-3.4635392780136147,-4.727270659384286,-1.4363158007577324,2.1334699404495807,2.798275195405384,1.773968013726638,0.2648749546595169,1.3968827957093226,-2.2912121573450586,-0.3107262746796668
12.0,267.0,1004.1629028320312,-3.4635392780481435,-4.727277380072278,-1.4363158007657333,2.1334699404495807,2.7982750288900915,1.7739680119403471,0.2648749546595169,1.3968827957093226,-2.2912121427496497,-0.3107262746796668
12.0,267.0,1004.1629028320312,-3.463539278044658,-4.727277406452706,-1.4363158007657126,2.1334699404495807,2.7982743811658835,1.7739680270183853,0.2648749546595169,1.3968827957093226,-2.291212142183752,-0.3107262746796668
12.0,267.0,1004.1629028320312,-3.463539278044658,-4.727277384342812,-1.4363158007657126,2.1334699404495807,2.7982750288900915,1.773968013726638,0.2648749546595169,1.3968827957093226,-2.2912121580534506,-0.3107262746796668
12.0,267.0,1004.1629028320312,-3.4635392780136147,-4.727270659384286,-1.4363158007657126,2.1334699404495807,2.7982750288900915,1.773968013726638,0.2648749546595169,1.3968827957093226,-2.291212158921064,-0.3107262746796668
12.0,267.0,1004.1629028320312,-3.463539278015004,-4.727277384342812,-1.4363158007657126,2.1334699404495807,2.7982748510990385,1.773968013726638,0.2648749546595169,1.3968827957093226,-2.2912121576607256,-0.3107262746796668
12.0,267.0,1004.1629028320312,-3.4635392780126426,-4.727277368984782,-1.4363158007576673,2.1334699404495807,2.798290284471104,1.773967628706016,0.2648749546595169,1.3968827957093226,-2.291212142653437,-0.3107262746796668
12.0,267.0,1004.1629028320312,-3.463539278044001,-4.727277384342812,-1.4363158007657126,2.1334699404495807,2.7982894816504733,1.773968013726638,0.2648749546595169,1.3968827957093226,-2.2912121587219194,-0.3107262746796668
12.0,267.0,1004.1629028320312,-3.463539278044658,-4.7272795338412665,-1.4363158007657126,2.1334699404495807,2.7982907679410194,1.773967612084887,0.2648749546595169,1.3968827957093226,-2.2912121580534506,-0.3107262746796668
12.0,267.0,1004.1629028320312,-3.463539278044658,-4.727277384342812,-1.4363158007657126,2.1334699404495807,2.7982894816504733,1.773968013726638,0.2648749546595169,1.3968827957093226,-2.291212142183752,-0.3107262746796668
12.0,267.0,1004.1629028320312,-3.463539278044658,-4.727269758327957,-1.436315800756988,2.1334699404495807,2.798290082134164,1.773968005416266,0.2648749546595169,1.3968827957093226,-2.291212141666529,-0.3107262746796668
12.0,267.0,1004.1629028320312,-3.4635392780427767,-4.727263080518411,-1.4363158007575878,2.1334699404495807,2.798290135558844,1.773967628706016,0.2648749546595169,1.3968827957093226,-2.291212141358736,-0.3107262746796668
12.0,267.0,1004.1629028320312,-3.4635392780481435,-4.727270036530294,-1.4363158007657333,2.1334699404495807,2.7982751214308825,1.7739680119403471,0.2648749546595169,1.3968827957093226,-2.2912121423099725,-0.3107262746796668
12.0,267.0,1004.1629028320312,-3.463539278044658,-4.727271247958868,-1.4363158007569792,2.1334699404495807,2.798290022084813,1.7739680057895275,0.2648749546595169,1.3968827957093226,-2.29121215748831,-0.3107262746796668
12.0,267.0,1004.1629028320312,-3.463539278044022,-4.727278042469881,-1.4363158007568446,2.1334699404495807,2.7982761993115246,1.7739680054258011,0.2648749546595169,1.3968827957093226,-2.291212141770252,-0.3107262746796668
12.0,267.0,1004.1629028320312,-3.463539278044561,-4.727277406452706,-1.4363158007657126,2.1334699404495807,2.7982743811658835,1.773967984742292,0.2648749546595169,1.3968827957093226,-2.291212142183752,-0.3107262746796668
12.0,267.0,1004.1629028320312,-3.463539278044904,-4.727277384342812,-1.4363158007657126,2.1334699404495807,2.798289486460873,1.7739680052579,0.2648749546595169,1.3968827957093226,-2.291212140570164,-0.3107262746796668
12.0,267.0,1004.1629028320312,-3.4635392780447103,-4.727275297925906,-1.4363158007657126,2.1334699404495807,2.7982894747896188,1.773968030307376,0.2648749546595169,1.3968827957093226,-2.291212158431517,-0.3107262727327382
12.0,267.0,1004.1629028320312,-3.463539278046152,-4.727269472016781,-1.436315800766614,2.1334699404495807,2.798275121853399,1.7739680057895275,0.2648749546595169,1.3968827957093226,-2.291212156637875,-0.3107262746796668
12.0,267.0,1004.1629028320312,-3.463539278044658,-4.727271400338654,-1.4363158007659445,2.1334699404495807,2.798288997284521,1.7739675918402116,0.2648749546595169,1.3968827957093226,-2.291212158073975,-0.3107262770922765
12.0,267.0,1004.1629028320312,-3.4635392780447103,-4.727275289642649,-1.4363158007657335,2.1334699404495807,2.7982894747896188,1.7739680304465335,0.2648749546595169,1.3968827957093226,-2.291212142015799,-0.3107262745839196
12.0,267.0,1004.1629028320312,-3.4635392780410634,-4.727263080518411,-1.4363158007575878,2.1334699404495807,2.798290135558844,1.7739676086767016,0.2648749546595169,1.3968827957093226,-2.291212141358736,-0.3107262746796668
12.0,267.0,1004.1629028320312,-3.463539278044658,-4.7272795338412665,-1.4363158007657126,2.1334699404495807,2.7982907679410194,1.773967612084887,0.2648749546595169,1.3968827957093226,-2.2912121580534506,-0.3107262746796668
12.0,267.0,1004.1629028320312,-3.463539278044658,-4.72727150576411,-1.4363158007657024,2.1334699404495807,2.7982894778710383,1.7739680284948487,0.2648749546595169,1.3968827957093226,-2.291212142306682,-0.3107262770922765
12.0,267.0,1004.1629028320312,-3.4635392780156367,-4.727277384342812,-1.4363158007657335,2.1334699404495807,2.7982750288900915,1.773968013726638,0.2648749546595169,1.3968827957093226,-2.291212141637732,-0.3107262747077462
12.0,267.0,1004.1629028320312,-3.463539278044658,-4.7272795338412665,-1.4363158007657126,2.1334699404495807,2.7982907679410194,1.7739680486770986,0.2648749546595169,1.3968827957093226,-2.291212157386534,-0.3107262746796668
12.0,267.0,1004.1629028320312,-3.463539278044001,-4.727277384342812,-1.4363158007657126,2.1334699404495807,2.7982894816504733,1.773968013726638,0.2648749546595169,1.3968827957093226,-2.2912121589811227,-0.3107262746796668
12.0,267.0,1004.1629028320312,-3.463539278044658,-4.727267157006293,-1.436315800756988,2.1334699404495807,2.798290231536052,1.7739680139079643,0.2648749546595169,1.3968827957093226,-2.291212158083274,-0.3107262746796668
12.0,267.0,1004.1629028320312,-3.4635392780447103,-4.727275297925906,-1.4363158007657335,2.1334699404495807,2.7982894747896188,1.773968030307376,0.2648749546595169,1.3968827957093226,-2.291212142015799,-0.3107262727608175
12.0,267.0,1004.1629028320312,-3.4635392780143666,-4.727270470051437,-1.4363158007659564,2.1334699404495807,2.79827536664099,1.7739680290917086,0.2648749546595169,1.3968827957093226,-2.2912121588033694,-0.3107261716367639
12.0,267.0,1004.1629028320312,-3.463539278041088,-4.727279746833651,-1.436315800757758,2.1334699404495807,2.798290165590521,1.77396798063964,0.2648749546595169,1.3968827957093226,-2.291212157926028,-0.3107262746796668
12.0,267.0,1004.1629028320312,-3.463539278044369,-4.727275236505507,-1.4363158007657335,2.1334699404495807,2.7982894747896188,1.7739676259053625,0.2648749546595169,1.3968827957093226,-2.291212142015799,-0.3107262745839196
12.0,268.0,1004.1629028320312,-3.463539278044658,-4.727277384342812,-1.4363158007657126,2.1334699404495807,2.7982750288900915,1.773968013726638,0.2648749546595169,1.3968827957093226,-2.2912121580534506,-0.3107262746796668
12.0,268.0,1004.1629028320312,-3.4635392780136147,-4.727270659384286,-1.4363158007657126,2.1334699404495807,2.7982750288900915,1.773968013726638,0.2648749546595169,1.3968827957093226,-2.2912121580534506,-0.3107262746796668
12.0,268.0,1004.1629028320312,-3.4635392780135565,-4.727269940774775,-1.436315800765675,2.1334699404495807,2.7982751235669325,1.7739680138128826,0.2648749546595169,1.3968827957093226,-2.291212158936594,-0.3107262746796668
12.0,268.0,1004.1629028320312,-3.463539278044658,-4.727277384342812,-1.4363158007657126,2.1334699404495807,2.7982894816504733,1.773968013726638,0.2648749546595169,1.3968827957093226,-2.291212142183752,-0.3107262746796668
12.0,268.0,1004.1629028320312,-3.463539278044658,-4.727269472016781,-1.436315800766533,2.1334699404495807,2.798275121853399,1.7739680057895275,0.2648749546595169,1.3968827957093226,-2.2912121574933244,-0.3107262746796668
12.0,268.0,1004.1629028320312,-3.463539278044658,-4.727277384342812,-1.4363158007657126,2.1334699404495807,2.7982894816504733,1.773968013726638,0.2648749546595169,1.3968827957093226,-2.2912121587219194,-0.3107262746796668
12.0,268.0,1004.1629028320312,-3.463539278044658,-4.727276175038317,-1.4363158007659564,2.1334699404495807,2.798288923645431,1.7739680290917086,0.2648749546595169,1.3968827957093226,-2.2912121421679066,-0.3107261716367639
12.0,268.0,1004.1629028320312,-3.4635392780156367,-4.727277384342812,-1.4363158007657126,2.1334699404495807,2.7982750288900915,1.773968013726638,0.2648749546595169,1.3968827957093226,-2.2912121580534506,-0.3107262746796668
12.0,268.0,1004.1629028320312,-3.4635392780126426,-4.7272730638061615,-1.436315800757758,2.1334699404495807,2.7982901930498905,1.773967628706016,0.2648749546595169,1.3968827957093226,-2.2912121414164366,-0.3107262746796668
12.0,268.0,1004.1629028320312,-3.463539278044658,-4.727277384342812,-1.4363158007657126,2.1334699404495807,2.7982894816504733,1.773968013726638,0.2648749546595169,1.3968827957093226,-2.291212142183752,-0.3107262746796668
12.0,268.0,1004.1629028320312,-3.463539278044658,-4.727271400338654,-1.4363158007659445,2.1334699404495807,2.798288997284521,1.7739680284324228,0.2648749546595169,1.3968827957093226,-2.291212157407058,-0.3107262770922765
12.0,268.0,1004.1629028320312,-3.463539278044658,-4.727277384342812,-1.4363158007657126,2.1334699404495807,2.798290120216812,1.773967625376634,0.2648749546595169,1.3968827957093226,-2.291212142183752,-0.3107262746796668
12.0,268.0,1004.1629028320312,-3.4635392780439576,-4.727277384342812,-1.4363158007657126,2.1334699404495807,2.798275014288018,1.773968013726638,0.2648749546595169,1.3968827957093226,-2.2912121589594268,-0.3107262746796668
12.0,268.0,1004.1629028320312,-3.4635392780447103,-4.727275297925906,-1.4363158007657335,2.1334699404495807,2.7982894747896188,1.773968030307376,0.2648749546595169,1.3968827957093226,-2.291212142015799,-0.3107262727608175
12.0,268.0,1004.1629028320312,-3.463539278041088,-4.7272730638061615,-1.436315800757758,2.1334699404495807,2.7982901930498905,1.77396799297033,0.2648749546595169,1.3968827957093226,-2.2912121414164366,-0.3107262746796668
12.0,268.0,1004.1629028320312,-3.463539278044658,-4.727267157006293,-1.436315800756988,2.1334699404495807,2.798290231536052,1.7739680057895275,0.2648749546595169,1.3968827957093226,-2.2912121574933244,-0.3107262746796668
12.0,268.0,1004.1629028320312,-3.463539278044658,-4.727279555951162,-1.4363158007657126,2.1334699404495807,2.7982750288900915,1.773968013726638,0.2648749546595169,1.3968827957093226,-2.2912121580534506,-0.3107262746796668
12.0,268.0,1004.1629028320312,-3.4635392780376537,-4.727256756244229,-1.436315800758105,2.1334699404495807,2.798291453641109,1.773967628706016,0.2648749546595169,1.3968827957093226,-2.291212141541505,-0.3107262746796668
12.0,268.0,1004.1629028320312,-3.4635392780136147,-4.727270659384286,-1.4363158007577324,2.1334699404495807,2.798275195405384,1.773968013726638,0.2648749546595169,1.3968827957093226,-2.2912121573450586,-0.3107262746796668
12.0,268.0,1004.1629028320312,-3.4635392780481435,-4.727277380072278,-1.4363158007657333,2.1334699404495807,2.7982750288900915,1.7739680119403471,0.2648749546595169,1.3968827957093226,-2.2912121427496497,-0.3107262746796668
12.0,268.0,1004.1629028320312,-3.463539278044658,-4.727277406452706,-1.4363158007657126,2.1334699404495807,2.7982743811658835,1.7739680270183853,0.2648749546595169,1.3968827957093226,-2.291212142183752,-0.3107262746796668
12.0,268.0,1004.1629028320312,-3.463539278044658,-4.727277384342812,-1.4363158007657126,2.1334699404495807,2.7982750288900915,1.773968013726638,0.2648749546595169,1.3968827957093226,-2.2912121580534506,-0.3107262746796668
12.0,268.0,1004.1629028320312,-3.4635392780136147,-4.727270659384286,-1.4363158007657126,2.1334699404495807,2.7982750288900915,1.773968013726638,0.2648749546595169,1.3968827957093226,-2.291212158921064,-0.3107262746796668
12.0,268.0,1004.1629028320312,-3.463539278015004,-4.727277384342812,-1.4363158007657126,2.1334699404495807,2.7982748510990385,1.773968013726638,0.2648749546595169,1.3968827957093226,-2.2912121576607256,-0.3107262746796668
12.0,268.0,1004.1629028320312,-3.4635392780126426,-4.727277368984782,-1.4363158007576673,2.1334699404495807,2.798290284471104,1.773967628706016,0.2648749546595169,1.3968827957093226,-2.291212142653437,-0.3107262746796668
12.0,268.0,1004.1629028320312,-3.463539278044001,-4.727277384342812,-1.4363158007657126,2.1334699404495807,2.7982894816504733,1.773968013726638,0.2648749546595169,1.3968827957093226,-2.2912121587219194,-0.3107262746796668
12.0,268.0,1004.1629028320312,-3.463539278044658,-4.7272795338412665,-1.4363158007657126,2.1334699404495807,2.7982907679410194,1.773967612084887,0.2648749546595169,1.3968827957093226,-2.2912121580534506,-0.3107262746796668
12.0,268.0,1004.1629028320312,-3.463539278044658,-4.727277384342812,-1.4363158007657126,2.1334699404495807,2.7982894816504733,1.773968013726638,0.2648749546595169,1.3968827957093226,-2.291212142183752,-0.3107262746796668
12.0,268.0,1004.1629028320312,-3.463539278044658,-4.727269758327957,-1.436315800756988,2.1334699404495807,2.798290082134164,1.773968005416266,0.2648749546595169,1.3968827957093226,-2.291212141666529,-0.3107262746796668
12.0,268.0,1004.1629028320312,-3.4635392780427767,-4.727263080518411,-1.4363158007575878,2.1334699404495807,2.798290135558844,1.773967628706016,0.2648749546595169,1.3968827957093226,-2.291212141358736,-0.3107262746796668
12.0,268.0,1004.1629028320312,-3.4635392780481435,-4.727270036530294,-1.4363158007657333,2.1334699404495807,2.7982751214308825,1.7739680119403471,0.2648749546595169,1.3968827957093226,-2.2912121423099725,-0.3107262746796668
12.0,268.0,1004.1629028320312,-3.463539278044658,-4.727271247958868,-1.4363158007569792,2.1334699404495807,2.798290022084813,1.7739680057895275,0.2648749546595169,1.3968827957093226,-2.29121215748831,-0.3107262746796668
12.0,268.0,1004.1629028320312,-3.463539278044022,-4.727278042469881,-1.4363158007568446,2.1334699404495807,2.7982761993115246,1.7739680054258011,0.2648749546595169,1.3968827957093226,-2.291212141770252,-0.3107262746796668
12.0,268.0,1004.1629028320312,-3.463539278044561,-4.727277406452706,-1.4363158007657126,2.1334699404495807,2.7982743811658835,1.773967984742292,0.2648749546595169,1.3968827957093226,-2.291212142183752,-0.3107262746796668
12.0,268.0,1004.1629028320312,-3.463539278044904,-4.727277384342812,-1.4363158007657126,2.1334699404495807,2.798289486460873,1.7739680052579,0.2648749546595169,1.3968827957093226,-2.291212140570164,-0.3107262746796668
12.0,268.0,1004.1629028320312,-3.4635392780447103,-4.727275297925906,-1.4363158007657126,2.1334699404495807,2.7982894747896188,1.773968030307376,0.2648749546595169,1.3968827957093226,-2.291212158431517,-0.3107262727327382
12.0,268.0,1004.1629028320312,-3.463539278046152,-4.727269472016781,-1.436315800766614,2.1334699404495807,2.798275121853399,1.7739680057895275,0.2648749546595169,1.3968827957093226,-2.291212156637875,-0.3107262746796668
12.0,268.0,1004.1629028320312,-3.463539278044658,-4.727271400338654,-1.4363158007659445,2.1334699404495807,2.798288997284521,1.7739675918402116,0.2648749546595169,1.3968827957093226,-2.291212158073975,-0.3107262770922765
12.0,268.0,1004.1629028320312,-3.4635392780447103,-4.727275289642649,-1.4363158007657335,2.1334699404495807,2.7982894747896188,1.7739680304465335,0.2648749546595169,1.3968827957093226,-2.291212142015799,-0.3107262745839196
12.0,268.0,1004.1629028320312,-3.4635392780410634,-4.727263080518411,-1.4363158007575878,2.1334699404495807,2.798290135558844,1.7739676086767016,0.2648749546595169,1.3968827957093226,-2.291212141358736,-0.3107262746796668
12.0,268.0,1004.1629028320312,-3.463539278044658,-4.7272795338412665,-1.4363158007657126,2.1334699404495807,2.7982907679410194,1.773967612084887,0.2648749546595169,1.3968827957093226,-2.2912121580534506,-0.3107262746796668
12.0,268.0,1004.1629028320312,-3.463539278044658,-4.72727150576411,-1.4363158007657024,2.1334699404495807,2.7982894778710383,1.7739680284948487,0.2648749546595169,1.3968827957093226,-2.291212142306682,-0.3107262770922765
12.0,268.0,1004.1629028320312,-3.4635392780156367,-4.727277384342812,-1.4363158007657335,2.1334699404495807,2.7982750288900915,1.773968013726638,0.2648749546595169,1.3968827957093226,-2.291212141637732,-0.3107262747077462
12.0,268.0,1004.1629028320312,-3.463539278044658,-4.7272795338412665,-1.4363158007657126,2.1334699404495807,2.7982907679410194,1.7739680486770986,0.2648749546595169,1.3968827957093226,-2.291212157386534,-0.3107262746796668
12.0,268.0,1004.1629028320312,-3.463539278044001,-4.727277384342812,-1.4363158007657126,2.1334699404495807,2.7982894816504733,1.773968013726638,0.2648749546595169,1.3968827957093226,-2.2912121589811227,-0.3107262746796668
12.0,268.0,1004.1629028320312,-3.463539278044658,-4.727267157006293,-1.436315800756988,2.1334699404495807,2.798290231536052,1.7739680139079643,0.2648749546595169,1.3968827957093226,-2.291212158083274,-0.3107262746796668
12.0,268.0,1004.1629028320312,-3.4635392780447103,-4.727275297925906,-1.4363158007657335,2.1334699404495807,2.7982894747896188,1.773968030307376,0.2648749546595169,1.3968827957093226,-2.291212142015799,-0.3107262727608175
12.0,268.0,1004.1629028320312,-3.4635392780143666,-4.727270470051437,-1.4363158007659564,2.1334699404495807,2.79827536664099,1.7739680290917086,0.2648749546595169,1.3968827957093226,-2.2912121588033694,-0.3107261716367639
12.0,268.0,1004.1629028320312,-3.463539278041088,-4.727279746833651,-1.436315800757758,2.1334699404495807,2.798290165590521,1.77396798063964,0.2648749546595169,1.3968827957093226,-2.291212157926028,-0.3107262746796668
12.0,268.0,1004.1629028320312,-3.463539278044369,-4.727275236505507,-1.4363158007657335,2.1334699404495807,2.7982894747896188,1.7739676259053625,0.2648749546595169,1.3968827957093226,-2.291212142015799,-0.3107262745839196
12.0,269.0,1004.1629028320312,-3.463539278044658,-4.727277384342812,-1.4363158007657126,2.1334699404495807,2.7982750288900915,1.773968013726638,0.2648749546595169,1.3968827957093226,-2.2912121580534506,-0.3107262746796668
12.0,269.0,1004.1629028320312,-3.4635392780136147,-4.727270659384286,-1.4363158007657126,2.1334699404495807,2.7982750288900915,1.773968013726638,0.2648749546595169,1.3968827957093226,-2.2912121580534506,-0.3107262746796668
12.0,269.0,1004.1629028320312,-3.4635392780135565,-4.727269940774775,-1.436315800765675,2.1334699404495807,2.7982751235669325,1.7739680138128826,0.2648749546595169,1.3968827957093226,-2.291212158936594,-0.3107262746796668
12.0,269.0,1004.1629028320312,-3.463539278044658,-4.727277384342812,-1.4363158007657126,2.1334699404495807,2.7982894816504733,1.773968013726638,0.2648749546595169,1.3968827957093226,-2.291212142183752,-0.3107262746796668
12.0,269.0,1004.1629028320312,-3.463539278044658,-4.727269472016781,-1.436315800766533,2.1334699404495807,2.798275121853399,1.7739680057895275,0.2648749546595169,1.3968827957093226,-2.2912121574933244,-0.3107262746796668
12.0,269.0,1004.1629028320312,-3.463539278044658,-4.727277384342812,-1.4363158007657126,2.1334699404495807,2.7982894816504733,1.773968013726638,0.2648749546595169,1.3968827957093226,-2.2912121587219194,-0.3107262746796668
12.0,269.0,1004.1629028320312,-3.463539278044658,-4.727276175038317,-1.4363158007659564,2.1334699404495807,2.798288923645431,1.7739680290917086,0.2648749546595169,1.3968827957093226,-2.2912121421679066,-0.3107261716367639
12.0,269.0,1004.1629028320312,-3.4635392780156367,-4.727277384342812,-1.4363158007657126,2.1334699404495807,2.7982750288900915,1.773968013726638,0.2648749546595169,1.3968827957093226,-2.2912121580534506,-0.3107262746796668
12.0,269.0,1004.1629028320312,-3.4635392780126426,-4.7272730638061615,-1.436315800757758,2.1334699404495807,2.7982901930498905,1.773967628706016,0.2648749546595169,1.3968827957093226,-2.2912121414164366,-0.3107262746796668
12.0,269.0,1004.1629028320312,-3.463539278044658,-4.727277384342812,-1.4363158007657126,2.1334699404495807,2.7982894816504733,1.773968013726638,0.2648749546595169,1.3968827957093226,-2.291212142183752,-0.3107262746796668
12.0,269.0,1004.1629028320312,-3.463539278044658,-4.727271400338654,-1.4363158007659445,2.1334699404495807,2.798288997284521,1.7739680284324228,0.2648749546595169,1.3968827957093226,-2.291212157407058,-0.3107262770922765
12.0,269.0,1004.1629028320312,-3.463539278044658,-4.727277384342812,-1.4363158007657126,2.1334699404495807,2.798290120216812,1.773967625376634,0.2648749546595169,1.3968827957093226,-2.291212142183752,-0.3107262746796668
12.0,269.0,1004.1629028320312,-3.4635392780439576,-4.727277384342812,-1.4363158007657126,2.1334699404495807,2.798275014288018,1.773968013726638,0.2648749546595169,1.3968827957093226,-2.2912121589594268,-0.3107262746796668
12.0,269.0,1004.1629028320312,-3.4635392780447103,-4.727275297925906,-1.4363158007657335,2.1334699404495807,2.7982894747896188,1.773968030307376,0.2648749546595169,1.3968827957093226,-2.291212142015799,-0.3107262727608175
12.0,269.0,1004.1629028320312,-3.463539278041088,-4.7272730638061615,-1.436315800757758,2.1334699404495807,2.7982901930498905,1.77396799297033,0.2648749546595169,1.3968827957093226,-2.2912121414164366,-0.3107262746796668
12.0,269.0,1004.1629028320312,-3.463539278044658,-4.727267157006293,-1.436315800756988,2.1334699404495807,2.798290231536052,1.7739680057895275,0.2648749546595169,1.3968827957093226,-2.2912121574933244,-0.3107262746796668
12.0,269.0,1004.1629028320312,-3.463539278044658,-4.727279555951162,-1.4363158007657126,2.1334699404495807,2.7982750288900915,1.773968013726638,0.2648749546595169,1.3968827957093226,-2.2912121580534506,-0.3107262746796668
12.0,269.0,1004.1629028320312,-3.4635392780376537,-4.727256756244229,-1.436315800758105,2.1334699404495807,2.798291453641109,1.773967628706016,0.2648749546595169,1.3968827957093226,-2.291212141541505,-0.3107262746796668
12.0,269.0,1004.1629028320312,-3.4635392780136147,-4.727270659384286,-1.4363158007577324,2.1334699404495807,2.798275195405384,1.773968013726638,0.2648749546595169,1.3968827957093226,-2.2912121573450586,-0.3107262746796668
12.0,269.0,1004.1629028320312,-3.4635392780481435,-4.727277380072278,-1.4363158007657333,2.1334699404495807,2.7982750288900915,1.7739680119403471,0.2648749546595169,1.3968827957093226,-2.2912121427496497,-0.3107262746796668
12.0,269.0,1004.1629028320312,-3.463539278044658,-4.727277406452706,-1.4363158007657126,2.1334699404495807,2.7982743811658835,1.7739680270183853,0.2648749546595169,1.3968827957093226,-2.291212142183752,-0.3107262746796668
12.0,269.0,1004.1629028320312,-3.463539278044658,-4.727277384342812,-1.4363158007657126,2.1334699404495807,2.7982750288900915,1.773968013726638,0.2648749546595169,1.3968827957093226,-2.2912121580534506,-0.3107262746796668
12.0,269.0,1004.1629028320312,-3.4635392780136147,-4.727270659384286,-1.4363158007657126,2.1334699404495807,2.7982750288900915,1.773968013726638,0.2648749546595169,1.3968827957093226,-2.291212158921064,-0.3107262746796668
12.0,269.0,1004.1629028320312,-3.463539278015004,-4.727277384342812,-1.4363158007657126,2.1334699404495807,2.7982748510990385,1.773968013726638,0.2648749546595169,1.3968827957093226,-2.2912121576607256,-0.3107262746796668
12.0,269.0,1004.1629028320312,-3.4635392780126426,-4.727277368984782,-1.4363158007576673,2.1334699404495807,2.798290284471104,1.773967628706016,0.2648749546595169,1.3968827957093226,-2.291212142653437,-0.3107262746796668
12.0,269.0,1004.1629028320312,-3.463539278044001,-4.727277384342812,-1.4363158007657126,2.1334699404495807,2.7982894816504733,1.773968013726638,0.2648749546595169,1.3968827957093226,-2.2912121587219194,-0.3107262746796668
12.0,269.0,1004.1629028320312,-3.463539278044658,-4.7272795338412665,-1.4363158007657126,2.1334699404495807,2.7982907679410194,1.773967612084887,0.2648749546595169,1.3968827957093226,-2.2912121580534506,-0.3107262746796668
12.0,269.0,1004.1629028320312,-3.463539278044658,-4.727277384342812,-1.4363158007657126,2.1334699404495807,2.7982894816504733,1.773968013726638,0.2648749546595169,1.3968827957093226,-2.291212142183752,-0.3107262746796668
12.0,269.0,1004.1629028320312,-3.463539278044658,-4.727269758327957,-1.436315800756988,2.1334699404495807,2.798290082134164,1.773968005416266,0.2648749546595169,1.3968827957093226,-2.291212141666529,-0.3107262746796668
12.0,269.0,1004.1629028320312,-3.4635392780427767,-4.727263080518411,-1.4363158007575878,2.1334699404495807,2.798290135558844,1.773967628706016,0.2648749546595169,1.3968827957093226,-2.291212141358736,-0.3107262746796668
12.0,269.0,1004.1629028320312,-3.4635392780481435,-4.727270036530294,-1.4363158007657333,2.1334699404495807,2.7982751214308825,1.7739680119403471,0.2648749546595169,1.3968827957093226,-2.2912121423099725,-0.3107262746796668
12.0,269.0,1004.1629028320312,-3.463539278044658,-4.727271247958868,-1.4363158007569792,2.1334699404495807,2.798290022084813,1.7739680057895275,0.2648749546595169,1.3968827957093226,-2.29121215748831,-0.3107262746796668
12.0,269.0,1004.1629028320312,-3.463539278044022,-4.727278042469881,-1.4363158007568446,2.1334699404495807,2.7982761993115246,1.7739680054258011,0.2648749546595169,1.3968827957093226,-2.291212141770252,-0.3107262746796668
12.0,269.0,1004.1629028320312,-3.463539278044561,-4.727277406452706,-1.4363158007657126,2.1334699404495807,2.7982743811658835,1.773967984742292,0.2648749546595169,1.3968827957093226,-2.291212142183752,-0.3107262746796668
12.0,269.0,1004.1629028320312,-3.463539278044904,-4.727277384342812,-1.4363158007657126,2.1334699404495807,2.798289486460873,1.7739680052579,0.2648749546595169,1.3968827957093226,-2.291212140570164,-0.3107262746796668
12.0,269.0,1004.1629028320312,-3.4635392780447103,-4.727275297925906,-1.4363158007657126,2.1334699404495807,2.7982894747896188,1.773968030307376,0.2648749546595169,1.3968827957093226,-2.291212158431517,-0.3107262727327382
12.0,269.0,1004.1629028320312,-3.463539278046152,-4.727269472016781,-1.436315800766614,2.1334699404495807,2.798275121853399,1.7739680057895275,0.2648749546595169,1.3968827957093226,-2.291212156637875,-0.3107262746796668
12.0,269.0,1004.1629028320312,-3.463539278044658,-4.727271400338654,-1.4363158007659445,2.1334699404495807,2.798288997284521,1.7739675918402116,0.2648749546595169,1.3968827957093226,-2.291212158073975,-0.3107262770922765
12.0,269.0,1004.1629028320312,-3.4635392780447103,-4.727275289642649,-1.4363158007657335,2.1334699404495807,2.7982894747896188,1.7739680304465335,0.2648749546595169,1.3968827957093226,-2.291212142015799,-0.3107262745839196
12.0,269.0,1004.1629028320312,-3.4635392780410634,-4.727263080518411,-1.4363158007575878,2.1334699404495807,2.798290135558844,1.7739676086767016,0.2648749546595169,1.3968827957093226,-2.291212141358736,-0.3107262746796668
12.0,269.0,1004.1629028320312,-3.463539278044658,-4.7272795338412665,-1.4363158007657126,2.1334699404495807,2.7982907679410194,1.773967612084887,0.2648749546595169,1.3968827957093226,-2.2912121580534506,-0.3107262746796668
12.0,269.0,1004.1629028320312,-3.463539278044658,-4.72727150576411,-1.4363158007657024,2.1334699404495807,2.7982894778710383,1.7739680284948487,0.2648749546595169,1.3968827957093226,-2.291212142306682,-0.3107262770922765
12.0,269.0,1004.1629028320312,-3.4635392780156367,-4.727277384342812,-1.4363158007657335,2.1334699404495807,2.7982750288900915,1.773968013726638,0.2648749546595169,1.3968827957093226,-2.291212141637732,-0.3107262747077462
12.0,269.0,1004.1629028320312,-3.463539278044658,-4.7272795338412665,-1.4363158007657126,2.1334699404495807,2.7982907679410194,1.7739680486770986,0.2648749546595169,1.3968827957093226,-2.291212157386534,-0.3107262746796668
12.0,269.0,1004.1629028320312,-3.463539278044001,-4.727277384342812,-1.4363158007657126,2.1334699404495807,2.7982894816504733,1.773968013726638,0.2648749546595169,1.3968827957093226,-2.2912121589811227,-0.3107262746796668
12.0,269.0,1004.1629028320312,-3.463539278044658,-4.727267157006293,-1.436315800756988,2.1334699404495807,2.798290231536052,1.7739680139079643,0.2648749546595169,1.3968827957093226,-2.291212158083274,-0.3107262746796668
12.0,269.0,1004.1629028320312,-3.4635392780447103,-4.727275297925906,-1.4363158007657335,2.1334699404495807,2.7982894747896188,1.773968030307376,0.2648749546595169,1.3968827957093226,-2.291212142015799,-0.3107262727608175
12.0,269.0,1004.1629028320312,-3.4635392780143666,-4.727270470051437,-1.4363158007659564,2.1334699404495807,2.79827536664099,1.7739680290917086,0.2648749546595169,1.3968827957093226,-2.2912121588033694,-0.3107261716367639
12.0,269.0,1004.1629028320312,-3.463539278041088,-4.727279746833651,-1.436315800757758,2.1334699404495807,2.798290165590521,1.77396798063964,0.2648749546595169,1.3968827957093226,-2.291212157926028,-0.3107262746796668
12.0,269.0,1004.1629028320312,-3.463539278044369,-4.727275236505507,-1.4363158007657335,2.1334699404495807,2.7982894747896188,1.7739676259053625,0.2648749546595169,1.3968827957093226,-2.291212142015799,-0.3107262745839196
12.0,270.0,1004.1629028320312,-3.463539278044658,-4.727277384342812,-1.4363158007657126,2.1334699404495807,2.7982750288900915,1.773968013726638,0.2648749546595169,1.3968827957093226,-2.2912121580534506,-0.3107262746796668
12.0,270.0,1004.1629028320312,-3.4635392780136147,-4.727270659384286,-1.4363158007657126,2.1334699404495807,2.7982750288900915,1.773968013726638,0.2648749546595169,1.3968827957093226,-2.2912121580534506,-0.3107262746796668
12.0,270.0,1004.1629028320312,-3.4635392780135565,-4.727269940774775,-1.436315800765675,2.1334699404495807,2.7982751235669325,1.7739680138128826,0.2648749546595169,1.3968827957093226,-2.291212158936594,-0.3107262746796668
12.0,270.0,1004.1629028320312,-3.463539278044658,-4.727277384342812,-1.4363158007657126,2.1334699404495807,2.7982894816504733,1.773968013726638,0.2648749546595169,1.3968827957093226,-2.291212142183752,-0.3107262746796668
12.0,270.0,1004.1629028320312,-3.463539278044658,-4.727269472016781,-1.436315800766533,2.1334699404495807,2.798275121853399,1.7739680057895275,0.2648749546595169,1.3968827957093226,-2.2912121574933244,-0.3107262746796668
12.0,270.0,1004.1629028320312,-3.463539278044658,-4.727277384342812,-1.4363158007657126,2.1334699404495807,2.7982894816504733,1.773968013726638,0.2648749546595169,1.3968827957093226,-2.2912121587219194,-0.3107262746796668
12.0,270.0,1004.1629028320312,-3.463539278044658,-4.727276175038317,-1.4363158007659564,2.1334699404495807,2.798288923645431,1.7739680290917086,0.2648749546595169,1.3968827957093226,-2.2912121421679066,-0.3107261716367639
12.0,270.0,1004.1629028320312,-3.4635392780156367,-4.727277384342812,-1.4363158007657126,2.1334699404495807,2.7982750288900915,1.773968013726638,0.2648749546595169,1.3968827957093226,-2.2912121580534506,-0.3107262746796668
12.0,270.0,1004.1629028320312,-3.4635392780126426,-4.7272730638061615,-1.436315800757758,2.1334699404495807,2.7982901930498905,1.773967628706016,0.2648749546595169,1.3968827957093226,-2.2912121414164366,-0.3107262746796668
12.0,270.0,1004.1629028320312,-3.463539278044658,-4.727277384342812,-1.4363158007657126,2.1334699404495807,2.7982894816504733,1.773968013726638,0.2648749546595169,1.3968827957093226,-2.291212142183752,-0.3107262746796668
12.0,270.0,1004.1629028320312,-3.463539278044658,-4.727271400338654,-1.4363158007659445,2.1334699404495807,2.798288997284521,1.7739680284324228,0.2648749546595169,1.3968827957093226,-2.291212157407058,-0.3107262770922765
12.0,270.0,1004.1629028320312,-3.463539278044658,-4.727277384342812,-1.4363158007657126,2.1334699404495807,2.798290120216812,1.773967625376634,0.2648749546595169,1.3968827957093226,-2.291212142183752,-0.3107262746796668
12.0,270.0,1004.1629028320312,-3.4635392780439576,-4.727277384342812,-1.4363158007657126,2.1334699404495807,2.798275014288018,1.773968013726638,0.2648749546595169,1.3968827957093226,-2.2912121589594268,-0.3107262746796668
12.0,270.0,1004.1629028320312,-3.4635392780447103,-4.727275297925906,-1.4363158007657335,2.1334699404495807,2.7982894747896188,1.773968030307376,0.2648749546595169,1.3968827957093226,-2.291212142015799,-0.3107262727608175
12.0,270.0,1004.1629028320312,-3.463539278041088,-4.7272730638061615,-1.436315800757758,2.1334699404495807,2.7982901930498905,1.77396799297033,0.2648749546595169,1.3968827957093226,-2.2912121414164366,-0.3107262746796668
12.0,270.0,1004.1629028320312,-3.463539278044658,-4.727267157006293,-1.436315800756988,2.1334699404495807,2.798290231536052,1.7739680057895275,0.2648749546595169,1.3968827957093226,-2.2912121574933244,-0.3107262746796668
12.0,270.0,1004.1629028320312,-3.463539278044658,-4.727279555951162,-1.4363158007657126,2.1334699404495807,2.7982750288900915,1.773968013726638,0.2648749546595169,1.3968827957093226,-2.2912121580534506,-0.3107262746796668
12.0,270.0,1004.1629028320312,-3.4635392780376537,-4.727256756244229,-1.436315800758105,2.1334699404495807,2.798291453641109,1.773967628706016,0.2648749546595169,1.3968827957093226,-2.291212141541505,-0.3107262746796668
12.0,270.0,1004.1629028320312,-3.4635392780136147,-4.727270659384286,-1.4363158007577324,2.1334699404495807,2.798275195405384,1.773968013726638,0.2648749546595169,1.3968827957093226,-2.2912121573450586,-0.3107262746796668
12.0,270.0,1004.1629028320312,-3.4635392780481435,-4.727277380072278,-1.4363158007657333,2.1334699404495807,2.7982750288900915,1.7739680119403471,0.2648749546595169,1.3968827957093226,-2.2912121427496497,-0.3107262746796668
12.0,270.0,1004.1629028320312,-3.463539278044658,-4.727277406452706,-1.4363158007657126,2.1334699404495807,2.7982743811658835,1.7739680270183853,0.2648749546595169,1.3968827957093226,-2.291212142183752,-0.3107262746796668
12.0,270.0,1004.1629028320312,-3.463539278044658,-4.727277384342812,-1.4363158007657126,2.1334699404495807,2.7982750288900915,1.773968013726638,0.2648749546595169,1.3968827957093226,-2.2912121580534506,-0.3107262746796668
12.0,270.0,1004.1629028320312,-3.4635392780136147,-4.727270659384286,-1.4363158007657126,2.1334699404495807,2.7982750288900915,1.773968013726638,0.2648749546595169,1.3968827957093226,-2.291212158921064,-0.3107262746796668
12.0,270.0,1004.1629028320312,-3.463539278015004,-4.727277384342812,-1.4363158007657126,2.1334699404495807,2.7982748510990385,1.773968013726638,0.2648749546595169,1.3968827957093226,-2.2912121576607256,-0.3107262746796668
12.0,270.0,1004.1629028320312,-3.4635392780126426,-4.727277368984782,-1.4363158007576673,2.1334699404495807,2.798290284471104,1.773967628706016,0.2648749546595169,1.3968827957093226,-2.291212142653437,-0.3107262746796668
12.0,270.0,1004.1629028320312,-3.463539278044001,-4.727277384342812,-1.4363158007657126,2.1334699404495807,2.7982894816504733,1.773968013726638,0.2648749546595169,1.3968827957093226,-2.2912121587219194,-0.3107262746796668
12.0,270.0,1004.1629028320312,-3.463539278044658,-4.7272795338412665,-1.4363158007657126,2.1334699404495807,2.7982907679410194,1.773967612084887,0.2648749546595169,1.3968827957093226,-2.2912121580534506,-0.3107262746796668
12.0,270.0,1004.1629028320312,-3.463539278044658,-4.727277384342812,-1.4363158007657126,2.1334699404495807,2.7982894816504733,1.773968013726638,0.2648749546595169,1.3968827957093226,-2.291212142183752,-0.3107262746796668
12.0,270.0,1004.1629028320312,-3.463539278044658,-4.727269758327957,-1.436315800756988,2.1334699404495807,2.798290082134164,1.773968005416266,0.2648749546595169,1.3968827957093226,-2.291212141666529,-0.3107262746796668
12.0,270.0,1004.1629028320312,-3.4635392780427767,-4.727263080518411,-1.4363158007575878,2.1334699404495807,2.798290135558844,1.773967628706016,0.2648749546595169,1.3968827957093226,-2.291212141358736,-0.3107262746796668
12.0,270.0,1004.1629028320312,-3.4635392780481435,-4.727270036530294,-1.4363158007657333,2.1334699404495807,2.7982751214308825,1.7739680119403471,0.2648749546595169,1.3968827957093226,-2.2912121423099725,-0.3107262746796668
12.0,270.0,1004.1629028320312,-3.463539278044658,-4.727271247958868,-1.4363158007569792,2.1334699404495807,2.798290022084813,1.7739680057895275,0.2648749546595169,1.3968827957093226,-2.29121215748831,-0.3107262746796668
12.0,270.0,1004.1629028320312,-3.463539278044022,-4.727278042469881,-1.4363158007568446,2.1334699404495807,2.7982761993115246,1.7739680054258011,0.2648749546595169,1.3968827957093226,-2.291212141770252,-0.3107262746796668
12.0,270.0,1004.1629028320312,-3.463539278044561,-4.727277406452706,-1.4363158007657126,2.1334699404495807,2.7982743811658835,1.773967984742292,0.2648749546595169,1.3968827957093226,-2.291212142183752,-0.3107262746796668
12.0,270.0,1004.1629028320312,-3.463539278044904,-4.727277384342812,-1.4363158007657126,2.1334699404495807,2.798289486460873,1.7739680052579,0.2648749546595169,1.3968827957093226,-2.291212140570164,-0.3107262746796668
12.0,270.0,1004.1629028320312,-3.4635392780447103,-4.727275297925906,-1.4363158007657126,2.1334699404495807,2.7982894747896188,1.773968030307376,0.2648749546595169,1.3968827957093226,-2.291212158431517,-0.3107262727327382
12.0,270.0,1004.1629028320312,-3.463539278046152,-4.727269472016781,-1.436315800766614,2.1334699404495807,2.798275121853399,1.7739680057895275,0.2648749546595169,1.3968827957093226,-2.291212156637875,-0.3107262746796668
12.0,270.0,1004.1629028320312,-3.463539278044658,-4.727271400338654,-1.4363158007659445,2.1334699404495807,2.798288997284521,1.7739675918402116,0.2648749546595169,1.3968827957093226,-2.291212158073975,-0.3107262770922765
12.0,270.0,1004.1629028320312,-3.4635392780447103,-4.727275289642649,-1.4363158007657335,2.1334699404495807,2.7982894747896188,1.7739680304465335,0.2648749546595169,1.3968827957093226,-2.291212142015799,-0.3107262745839196
12.0,270.0,1004.1629028320312,-3.4635392780410634,-4.727263080518411,-1.4363158007575878,2.1334699404495807,2.798290135558844,1.7739676086767016,0.2648749546595169,1.3968827957093226,-2.291212141358736,-0.3107262746796668
12.0,270.0,1004.1629028320312,-3.463539278044658,-4.7272795338412665,-1.4363158007657126,2.1334699404495807,2.7982907679410194,1.773967612084887,0.2648749546595169,1.3968827957093226,-2.2912121580534506,-0.3107262746796668
12.0,270.0,1004.1629028320312,-3.463539278044658,-4.72727150576411,-1.4363158007657024,2.1334699404495807,2.7982894778710383,1.7739680284948487,0.2648749546595169,1.3968827957093226,-2.291212142306682,-0.3107262770922765
12.0,270.0,1004.1629028320312,-3.4635392780156367,-4.727277384342812,-1.4363158007657335,2.1334699404495807,2.7982750288900915,1.773968013726638,0.2648749546595169,1.3968827957093226,-2.291212141637732,-0.3107262747077462
12.0,270.0,1004.1629028320312,-3.463539278044658,-4.7272795338412665,-1.4363158007657126,2.1334699404495807,2.7982907679410194,1.7739680486770986,0.2648749546595169,1.3968827957093226,-2.291212157386534,-0.3107262746796668
12.0,270.0,1004.1629028320312,-3.463539278044001,-4.727277384342812,-1.4363158007657126,2.1334699404495807,2.7982894816504733,1.773968013726638,0.2648749546595169,1.3968827957093226,-2.2912121589811227,-0.3107262746796668
12.0,270.0,1004.1629028320312,-3.463539278044658,-4.727267157006293,-1.436315800756988,2.1334699404495807,2.798290231536052,1.7739680139079643,0.2648749546595169,1.3968827957093226,-2.291212158083274,-0.3107262746796668
12.0,270.0,1004.1629028320312,-3.4635392780447103,-4.727275297925906,-1.4363158007657335,2.1334699404495807,2.7982894747896188,1.773968030307376,0.2648749546595169,1.3968827957093226,-2.291212142015799,-0.3107262727608175
12.0,270.0,1004.1629028320312,-3.4635392780143666,-4.727270470051437,-1.4363158007659564,2.1334699404495807,2.79827536664099,1.7739680290917086,0.2648749546595169,1.3968827957093226,-2.2912121588033694,-0.3107261716367639
12.0,270.0,1004.1629028320312,-3.463539278041088,-4.727279746833651,-1.436315800757758,2.1334699404495807,2.798290165590521,1.77396798063964,0.2648749546595169,1.3968827957093226,-2.291212157926028,-0.3107262746796668
12.0,270.0,1004.1629028320312,-3.463539278044369,-4.727275236505507,-1.4363158007657335,2.1334699404495807,2.7982894747896188,1.7739676259053625,0.2648749546595169,1.3968827957093226,-2.291212142015799,-0.3107262745839196
12.0,271.0,1004.1629028320312,-3.463539278044658,-4.727277384342812,-1.4363158007657126,2.1334699404495807,2.7982750288900915,1.773968013726638,0.2648749546595169,1.3968827957093226,-2.2912121580534506,-0.3107262746796668
12.0,271.0,1004.1629028320312,-3.4635392780136147,-4.727270659384286,-1.4363158007657126,2.1334699404495807,2.7982750288900915,1.773968013726638,0.2648749546595169,1.3968827957093226,-2.2912121580534506,-0.3107262746796668
12.0,271.0,1004.1629028320312,-3.4635392780135565,-4.727269940774775,-1.436315800765675,2.1334699404495807,2.7982751235669325,1.7739680138128826,0.2648749546595169,1.3968827957093226,-2.291212158936594,-0.3107262746796668
12.0,271.0,1004.1629028320312,-3.463539278044658,-4.727277384342812,-1.4363158007657126,2.1334699404495807,2.7982894816504733,1.773968013726638,0.2648749546595169,1.3968827957093226,-2.291212142183752,-0.3107262746796668
12.0,271.0,1004.1629028320312,-3.463539278044658,-4.727269472016781,-1.436315800766533,2.1334699404495807,2.798275121853399,1.7739680057895275,0.2648749546595169,1.3968827957093226,-2.2912121574933244,-0.3107262746796668
12.0,271.0,1004.1629028320312,-3.463539278044658,-4.727277384342812,-1.4363158007657126,2.1334699404495807,2.7982894816504733,1.773968013726638,0.2648749546595169,1.3968827957093226,-2.2912121587219194,-0.3107262746796668
12.0,271.0,1004.1629028320312,-3.463539278044658,-4.727276175038317,-1.4363158007659564,2.1334699404495807,2.798288923645431,1.7739680290917086,0.2648749546595169,1.3968827957093226,-2.2912121421679066,-0.3107261716367639
12.0,271.0,1004.1629028320312,-3.4635392780156367,-4.727277384342812,-1.4363158007657126,2.1334699404495807,2.7982750288900915,1.773968013726638,0.2648749546595169,1.3968827957093226,-2.2912121580534506,-0.3107262746796668
12.0,271.0,1004.1629028320312,-3.4635392780126426,-4.7272730638061615,-1.436315800757758,2.1334699404495807,2.7982901930498905,1.773967628706016,0.2648749546595169,1.3968827957093226,-2.2912121414164366,-0.3107262746796668
12.0,271.0,1004.1629028320312,-3.463539278044658,-4.727277384342812,-1.4363158007657126,2.1334699404495807,2.7982894816504733,1.773968013726638,0.2648749546595169,1.3968827957093226,-2.291212142183752,-0.3107262746796668
12.0,271.0,1004.1629028320312,-3.463539278044658,-4.727271400338654,-1.4363158007659445,2.1334699404495807,2.798288997284521,1.7739680284324228,0.2648749546595169,1.3968827957093226,-2.291212157407058,-0.3107262770922765
12.0,271.0,1004.1629028320312,-3.463539278044658,-4.727277384342812,-1.4363158007657126,2.1334699404495807,2.798290120216812,1.773967625376634,0.2648749546595169,1.3968827957093226,-2.291212142183752,-0.3107262746796668
12.0,271.0,1004.1629028320312,-3.4635392780439576,-4.727277384342812,-1.4363158007657126,2.1334699404495807,2.798275014288018,1.773968013726638,0.2648749546595169,1.3968827957093226,-2.2912121589594268,-0.3107262746796668
12.0,271.0,1004.1629028320312,-3.4635392780447103,-4.727275297925906,-1.4363158007657335,2.1334699404495807,2.7982894747896188,1.773968030307376,0.2648749546595169,1.3968827957093226,-2.291212142015799,-0.3107262727608175
12.0,271.0,1004.1629028320312,-3.463539278041088,-4.7272730638061615,-1.436315800757758,2.1334699404495807,2.7982901930498905,1.77396799297033,0.2648749546595169,1.3968827957093226,-2.2912121414164366,-0.3107262746796668
12.0,271.0,1004.1629028320312,-3.463539278044658,-4.727267157006293,-1.436315800756988,2.1334699404495807,2.798290231536052,1.7739680057895275,0.2648749546595169,1.3968827957093226,-2.2912121574933244,-0.3107262746796668
12.0,271.0,1004.1629028320312,-3.463539278044658,-4.727279555951162,-1.4363158007657126,2.1334699404495807,2.7982750288900915,1.773968013726638,0.2648749546595169,1.3968827957093226,-2.2912121580534506,-0.3107262746796668
12.0,271.0,1004.1629028320312,-3.4635392780376537,-4.727256756244229,-1.436315800758105,2.1334699404495807,2.798291453641109,1.773967628706016,0.2648749546595169,1.3968827957093226,-2.291212141541505,-0.3107262746796668
12.0,271.0,1004.1629028320312,-3.4635392780136147,-4.727270659384286,-1.4363158007577324,2.1334699404495807,2.798275195405384,1.773968013726638,0.2648749546595169,1.3968827957093226,-2.2912121573450586,-0.3107262746796668
12.0,271.0,1004.1629028320312,-3.4635392780481435,-4.727277380072278,-1.4363158007657333,2.1334699404495807,2.7982750288900915,1.7739680119403471,0.2648749546595169,1.3968827957093226,-2.2912121427496497,-0.3107262746796668
12.0,271.0,1004.1629028320312,-3.463539278044658,-4.727277406452706,-1.4363158007657126,2.1334699404495807,2.7982743811658835,1.7739680270183853,0.2648749546595169,1.3968827957093226,-2.291212142183752,-0.3107262746796668
12.0,271.0,1004.1629028320312,-3.463539278044658,-4.727277384342812,-1.4363158007657126,2.1334699404495807,2.7982750288900915,1.773968013726638,0.2648749546595169,1.3968827957093226,-2.2912121580534506,-0.3107262746796668
12.0,271.0,1004.1629028320312,-3.4635392780136147,-4.727270659384286,-1.4363158007657126,2.1334699404495807,2.7982750288900915,1.773968013726638,0.2648749546595169,1.3968827957093226,-2.291212158921064,-0.3107262746796668
12.0,271.0,1004.1629028320312,-3.463539278015004,-4.727277384342812,-1.4363158007657126,2.1334699404495807,2.7982748510990385,1.773968013726638,0.2648749546595169,1.3968827957093226,-2.2912121576607256,-0.3107262746796668
12.0,271.0,1004.1629028320312,-3.4635392780126426,-4.727277368984782,-1.4363158007576673,2.1334699404495807,2.798290284471104,1.773967628706016,0.2648749546595169,1.3968827957093226,-2.291212142653437,-0.3107262746796668
12.0,271.0,1004.1629028320312,-3.463539278044001,-4.727277384342812,-1.4363158007657126,2.1334699404495807,2.7982894816504733,1.773968013726638,0.2648749546595169,1.3968827957093226,-2.2912121587219194,-0.3107262746796668
12.0,271.0,1004.1629028320312,-3.463539278044658,-4.7272795338412665,-1.4363158007657126,2.1334699404495807,2.7982907679410194,1.773967612084887,0.2648749546595169,1.3968827957093226,-2.2912121580534506,-0.3107262746796668
12.0,271.0,1004.1629028320312,-3.463539278044658,-4.727277384342812,-1.4363158007657126,2.1334699404495807,2.7982894816504733,1.773968013726638,0.2648749546595169,1.3968827957093226,-2.291212142183752,-0.3107262746796668
12.0,271.0,1004.1629028320312,-3.463539278044658,-4.727269758327957,-1.436315800756988,2.1334699404495807,2.798290082134164,1.773968005416266,0.2648749546595169,1.3968827957093226,-2.291212141666529,-0.3107262746796668
12.0,271.0,1004.1629028320312,-3.4635392780427767,-4.727263080518411,-1.4363158007575878,2.1334699404495807,2.798290135558844,1.773967628706016,0.2648749546595169,1.3968827957093226,-2.291212141358736,-0.3107262746796668
12.0,271.0,1004.1629028320312,-3.4635392780481435,-4.727270036530294,-1.4363158007657333,2.1334699404495807,2.7982751214308825,1.7739680119403471,0.2648749546595169,1.3968827957093226,-2.2912121423099725,-0.3107262746796668
12.0,271.0,1004.1629028320312,-3.463539278044658,-4.727271247958868,-1.4363158007569792,2.1334699404495807,2.798290022084813,1.7739680057895275,0.2648749546595169,1.3968827957093226,-2.29121215748831,-0.3107262746796668
12.0,271.0,1004.1629028320312,-3.463539278044022,-4.727278042469881,-1.4363158007568446,2.1334699404495807,2.7982761993115246,1.7739680054258011,0.2648749546595169,1.3968827957093226,-2.291212141770252,-0.3107262746796668
12.0,271.0,1004.1629028320312,-3.463539278044561,-4.727277406452706,-1.4363158007657126,2.1334699404495807,2.7982743811658835,1.773967984742292,0.2648749546595169,1.3968827957093226,-2.291212142183752,-0.3107262746796668
12.0,271.0,1004.1629028320312,-3.463539278044904,-4.727277384342812,-1.4363158007657126,2.1334699404495807,2.798289486460873,1.7739680052579,0.2648749546595169,1.3968827957093226,-2.291212140570164,-0.3107262746796668
12.0,271.0,1004.1629028320312,-3.4635392780447103,-4.727275297925906,-1.4363158007657126,2.1334699404495807,2.7982894747896188,1.773968030307376,0.2648749546595169,1.3968827957093226,-2.291212158431517,-0.3107262727327382
12.0,271.0,1004.1629028320312,-3.463539278046152,-4.727269472016781,-1.436315800766614,2.1334699404495807,2.798275121853399,1.7739680057895275,0.2648749546595169,1.3968827957093226,-2.291212156637875,-0.3107262746796668
12.0,271.0,1004.1629028320312,-3.463539278044658,-4.727271400338654,-1.4363158007659445,2.1334699404495807,2.798288997284521,1.7739675918402116,0.2648749546595169,1.3968827957093226,-2.291212158073975,-0.3107262770922765
12.0,271.0,1004.1629028320312,-3.4635392780447103,-4.727275289642649,-1.4363158007657335,2.1334699404495807,2.7982894747896188,1.7739680304465335,0.2648749546595169,1.3968827957093226,-2.291212142015799,-0.3107262745839196
12.0,271.0,1004.1629028320312,-3.4635392780410634,-4.727263080518411,-1.4363158007575878,2.1334699404495807,2.798290135558844,1.7739676086767016,0.2648749546595169,1.3968827957093226,-2.291212141358736,-0.3107262746796668
12.0,271.0,1004.1629028320312,-3.463539278044658,-4.7272795338412665,-1.4363158007657126,2.1334699404495807,2.7982907679410194,1.773967612084887,0.2648749546595169,1.3968827957093226,-2.2912121580534506,-0.3107262746796668
12.0,271.0,1004.1629028320312,-3.463539278044658,-4.72727150576411,-1.4363158007657024,2.1334699404495807,2.7982894778710383,1.7739680284948487,0.2648749546595169,1.3968827957093226,-2.291212142306682,-0.3107262770922765
12.0,271.0,1004.1629028320312,-3.4635392780156367,-4.727277384342812,-1.4363158007657335,2.1334699404495807,2.7982750288900915,1.773968013726638,0.2648749546595169,1.3968827957093226,-2.291212141637732,-0.3107262747077462
12.0,271.0,1004.1629028320312,-3.463539278044658,-4.7272795338412665,-1.4363158007657126,2.1334699404495807,2.7982907679410194,1.7739680486770986,0.2648749546595169,1.3968827957093226,-2.291212157386534,-0.3107262746796668
12.0,271.0,1004.1629028320312,-3.463539278044001,-4.727277384342812,-1.4363158007657126,2.1334699404495807,2.7982894816504733,1.773968013726638,0.2648749546595169,1.3968827957093226,-2.2912121589811227,-0.3107262746796668
12.0,271.0,1004.1629028320312,-3.463539278044658,-4.727267157006293,-1.436315800756988,2.1334699404495807,2.798290231536052,1.7739680139079643,0.2648749546595169,1.3968827957093226,-2.291212158083274,-0.3107262746796668
12.0,271.0,1004.1629028320312,-3.4635392780447103,-4.727275297925906,-1.4363158007657335,2.1334699404495807,2.7982894747896188,1.773968030307376,0.2648749546595169,1.3968827957093226,-2.291212142015799,-0.3107262727608175
12.0,271.0,1004.1629028320312,-3.4635392780143666,-4.727270470051437,-1.4363158007659564,2.1334699404495807,2.79827536664099,1.7739680290917086,0.2648749546595169,1.3968827957093226,-2.2912121588033694,-0.3107261716367639
12.0,271.0,1004.1629028320312,-3.463539278041088,-4.727279746833651,-1.436315800757758,2.1334699404495807,2.798290165590521,1.77396798063964,0.2648749546595169,1.3968827957093226,-2.291212157926028,-0.3107262746796668
12.0,271.0,1004.1629028320312,-3.463539278044369,-4.727275236505507,-1.4363158007657335,2.1334699404495807,2.7982894747896188,1.7739676259053625,0.2648749546595169,1.3968827957093226,-2.291212142015799,-0.3107262745839196
12.0,272.0,1004.1629028320312,-3.463539278044658,-4.727277384342812,-1.4363158007657126,2.1334699404495807,2.7982750288900915,1.773968013726638,0.2648749546595169,1.3968827957093226,-2.2912121580534506,-0.3107262746796668
12.0,272.0,1004.1629028320312,-3.4635392780136147,-4.727270659384286,-1.4363158007657126,2.1334699404495807,2.7982750288900915,1.773968013726638,0.2648749546595169,1.3968827957093226,-2.2912121580534506,-0.3107262746796668
12.0,272.0,1004.1629028320312,-3.4635392780135565,-4.727269940774775,-1.436315800765675,2.1334699404495807,2.7982751235669325,1.7739680138128826,0.2648749546595169,1.3968827957093226,-2.291212158936594,-0.3107262746796668
12.0,272.0,1004.1629028320312,-3.463539278044658,-4.727277384342812,-1.4363158007657126,2.1334699404495807,2.7982894816504733,1.773968013726638,0.2648749546595169,1.3968827957093226,-2.291212142183752,-0.3107262746796668
12.0,272.0,1004.1629028320312,-3.463539278044658,-4.727269472016781,-1.436315800766533,2.1334699404495807,2.798275121853399,1.7739680057895275,0.2648749546595169,1.3968827957093226,-2.2912121574933244,-0.3107262746796668
12.0,272.0,1004.1629028320312,-3.463539278044658,-4.727277384342812,-1.4363158007657126,2.1334699404495807,2.7982894816504733,1.773968013726638,0.2648749546595169,1.3968827957093226,-2.2912121587219194,-0.3107262746796668
12.0,272.0,1004.1629028320312,-3.463539278044658,-4.727276175038317,-1.4363158007659564,2.1334699404495807,2.798288923645431,1.7739680290917086,0.2648749546595169,1.3968827957093226,-2.2912121421679066,-0.3107261716367639
12.0,272.0,1004.1629028320312,-3.4635392780156367,-4.727277384342812,-1.4363158007657126,2.1334699404495807,2.7982750288900915,1.773968013726638,0.2648749546595169,1.3968827957093226,-2.2912121580534506,-0.3107262746796668
12.0,272.0,1004.1629028320312,-3.4635392780126426,-4.7272730638061615,-1.436315800757758,2.1334699404495807,2.7982901930498905,1.773967628706016,0.2648749546595169,1.3968827957093226,-2.2912121414164366,-0.3107262746796668
12.0,272.0,1004.1629028320312,-3.463539278044658,-4.727277384342812,-1.4363158007657126,2.1334699404495807,2.7982894816504733,1.773968013726638,0.2648749546595169,1.3968827957093226,-2.291212142183752,-0.3107262746796668
12.0,272.0,1004.1629028320312,-3.463539278044658,-4.727271400338654,-1.4363158007659445,2.1334699404495807,2.798288997284521,1.7739680284324228,0.2648749546595169,1.3968827957093226,-2.291212157407058,-0.3107262770922765
12.0,272.0,1004.1629028320312,-3.463539278044658,-4.727277384342812,-1.4363158007657126,2.1334699404495807,2.798290120216812,1.773967625376634,0.2648749546595169,1.3968827957093226,-2.291212142183752,-0.3107262746796668
12.0,272.0,1004.1629028320312,-3.4635392780439576,-4.727277384342812,-1.4363158007657126,2.1334699404495807,2.798275014288018,1.773968013726638,0.2648749546595169,1.3968827957093226,-2.2912121589594268,-0.3107262746796668
12.0,272.0,1004.1629028320312,-3.4635392780447103,-4.727275297925906,-1.4363158007657335,2.1334699404495807,2.7982894747896188,1.773968030307376,0.2648749546595169,1.3968827957093226,-2.291212142015799,-0.3107262727608175
12.0,272.0,1004.1629028320312,-3.463539278041088,-4.7272730638061615,-1.436315800757758,2.1334699404495807,2.7982901930498905,1.77396799297033,0.2648749546595169,1.3968827957093226,-2.2912121414164366,-0.3107262746796668
12.0,272.0,1004.1629028320312,-3.463539278044658,-4.727267157006293,-1.436315800756988,2.1334699404495807,2.798290231536052,1.7739680057895275,0.2648749546595169,1.3968827957093226,-2.2912121574933244,-0.3107262746796668
12.0,272.0,1004.1629028320312,-3.463539278044658,-4.727279555951162,-1.4363158007657126,2.1334699404495807,2.7982750288900915,1.773968013726638,0.2648749546595169,1.3968827957093226,-2.2912121580534506,-0.3107262746796668
12.0,272.0,1004.1629028320312,-3.4635392780376537,-4.727256756244229,-1.436315800758105,2.1334699404495807,2.798291453641109,1.773967628706016,0.2648749546595169,1.3968827957093226,-2.291212141541505,-0.3107262746796668
12.0,272.0,1004.1629028320312,-3.4635392780136147,-4.727270659384286,-1.4363158007577324,2.1334699404495807,2.798275195405384,1.773968013726638,0.2648749546595169,1.3968827957093226,-2.2912121573450586,-0.3107262746796668
12.0,272.0,1004.1629028320312,-3.4635392780481435,-4.727277380072278,-1.4363158007657333,2.1334699404495807,2.7982750288900915,1.7739680119403471,0.2648749546595169,1.3968827957093226,-2.2912121427496497,-0.3107262746796668
12.0,272.0,1004.1629028320312,-3.463539278044658,-4.727277406452706,-1.4363158007657126,2.1334699404495807,2.7982743811658835,1.7739680270183853,0.2648749546595169,1.3968827957093226,-2.291212142183752,-0.3107262746796668
12.0,272.0,1004.1629028320312,-3.463539278044658,-4.727277384342812,-1.4363158007657126,2.1334699404495807,2.7982750288900915,1.773968013726638,0.2648749546595169,1.3968827957093226,-2.2912121580534506,-0.3107262746796668
12.0,272.0,1004.1629028320312,-3.4635392780136147,-4.727270659384286,-1.4363158007657126,2.1334699404495807,2.7982750288900915,1.773968013726638,0.2648749546595169,1.3968827957093226,-2.291212158921064,-0.3107262746796668
12.0,272.0,1004.1629028320312,-3.463539278015004,-4.727277384342812,-1.4363158007657126,2.1334699404495807,2.7982748510990385,1.773968013726638,0.2648749546595169,1.3968827957093226,-2.2912121576607256,-0.3107262746796668
12.0,272.0,1004.1629028320312,-3.4635392780126426,-4.727277368984782,-1.4363158007576673,2.1334699404495807,2.798290284471104,1.773967628706016,0.2648749546595169,1.3968827957093226,-2.291212142653437,-0.3107262746796668
12.0,272.0,1004.1629028320312,-3.463539278044001,-4.727277384342812,-1.4363158007657126,2.1334699404495807,2.7982894816504733,1.773968013726638,0.2648749546595169,1.3968827957093226,-2.2912121587219194,-0.3107262746796668
12.0,272.0,1004.1629028320312,-3.463539278044658,-4.7272795338412665,-1.4363158007657126,2.1334699404495807,2.7982907679410194,1.773967612084887,0.2648749546595169,1.3968827957093226,-2.2912121580534506,-0.3107262746796668
12.0,272.0,1004.1629028320312,-3.463539278044658,-4.727277384342812,-1.4363158007657126,2.1334699404495807,2.7982894816504733,1.773968013726638,0.2648749546595169,1.3968827957093226,-2.291212142183752,-0.3107262746796668
12.0,272.0,1004.1629028320312,-3.463539278044658,-4.727269758327957,-1.436315800756988,2.1334699404495807,2.798290082134164,1.773968005416266,0.2648749546595169,1.3968827957093226,-2.291212141666529,-0.3107262746796668
12.0,272.0,1004.1629028320312,-3.4635392780427767,-4.727263080518411,-1.4363158007575878,2.1334699404495807,2.798290135558844,1.773967628706016,0.2648749546595169,1.3968827957093226,-2.291212141358736,-0.3107262746796668
12.0,272.0,1004.1629028320312,-3.4635392780481435,-4.727270036530294,-1.4363158007657333,2.1334699404495807,2.7982751214308825,1.7739680119403471,0.2648749546595169,1.3968827957093226,-2.2912121423099725,-0.3107262746796668
12.0,272.0,1004.1629028320312,-3.463539278044658,-4.727271247958868,-1.4363158007569792,2.1334699404495807,2.798290022084813,1.7739680057895275,0.2648749546595169,1.3968827957093226,-2.29121215748831,-0.3107262746796668
12.0,272.0,1004.1629028320312,-3.463539278044022,-4.727278042469881,-1.4363158007568446,2.1334699404495807,2.7982761993115246,1.7739680054258011,0.2648749546595169,1.3968827957093226,-2.291212141770252,-0.3107262746796668
12.0,272.0,1004.1629028320312,-3.463539278044561,-4.727277406452706,-1.4363158007657126,2.1334699404495807,2.7982743811658835,1.773967984742292,0.2648749546595169,1.3968827957093226,-2.291212142183752,-0.3107262746796668
12.0,272.0,1004.1629028320312,-3.463539278044904,-4.727277384342812,-1.4363158007657126,2.1334699404495807,2.798289486460873,1.7739680052579,0.2648749546595169,1.3968827957093226,-2.291212140570164,-0.3107262746796668
12.0,272.0,1004.1629028320312,-3.4635392780447103,-4.727275297925906,-1.4363158007657126,2.1334699404495807,2.7982894747896188,1.773968030307376,0.2648749546595169,1.3968827957093226,-2.291212158431517,-0.3107262727327382
12.0,272.0,1004.1629028320312,-3.463539278046152,-4.727269472016781,-1.436315800766614,2.1334699404495807,2.798275121853399,1.7739680057895275,0.2648749546595169,1.3968827957093226,-2.291212156637875,-0.3107262746796668
12.0,272.0,1004.1629028320312,-3.463539278044658,-4.727271400338654,-1.4363158007659445,2.1334699404495807,2.798288997284521,1.7739675918402116,0.2648749546595169,1.3968827957093226,-2.291212158073975,-0.3107262770922765
12.0,272.0,1004.1629028320312,-3.4635392780447103,-4.727275289642649,-1.4363158007657335,2.1334699404495807,2.7982894747896188,1.7739680304465335,0.2648749546595169,1.3968827957093226,-2.291212142015799,-0.3107262745839196
12.0,272.0,1004.1629028320312,-3.4635392780410634,-4.727263080518411,-1.4363158007575878,2.1334699404495807,2.798290135558844,1.7739676086767016,0.2648749546595169,1.3968827957093226,-2.291212141358736,-0.3107262746796668
12.0,272.0,1004.1629028320312,-3.463539278044658,-4.7272795338412665,-1.4363158007657126,2.1334699404495807,2.7982907679410194,1.773967612084887,0.2648749546595169,1.3968827957093226,-2.2912121580534506,-0.3107262746796668
12.0,272.0,1004.1629028320312,-3.463539278044658,-4.72727150576411,-1.4363158007657024,2.1334699404495807,2.7982894778710383,1.7739680284948487,0.2648749546595169,1.3968827957093226,-2.291212142306682,-0.3107262770922765
12.0,272.0,1004.1629028320312,-3.4635392780156367,-4.727277384342812,-1.4363158007657335,2.1334699404495807,2.7982750288900915,1.773968013726638,0.2648749546595169,1.3968827957093226,-2.291212141637732,-0.3107262747077462
12.0,272.0,1004.1629028320312,-3.463539278044658,-4.7272795338412665,-1.4363158007657126,2.1334699404495807,2.7982907679410194,1.7739680486770986,0.2648749546595169,1.3968827957093226,-2.291212157386534,-0.3107262746796668
12.0,272.0,1004.1629028320312,-3.463539278044001,-4.727277384342812,-1.4363158007657126,2.1334699404495807,2.7982894816504733,1.773968013726638,0.2648749546595169,1.3968827957093226,-2.2912121589811227,-0.3107262746796668
12.0,272.0,1004.1629028320312,-3.463539278044658,-4.727267157006293,-1.436315800756988,2.1334699404495807,2.798290231536052,1.7739680139079643,0.2648749546595169,1.3968827957093226,-2.291212158083274,-0.3107262746796668
12.0,272.0,1004.1629028320312,-3.4635392780447103,-4.727275297925906,-1.4363158007657335,2.1334699404495807,2.7982894747896188,1.773968030307376,0.2648749546595169,1.3968827957093226,-2.291212142015799,-0.3107262727608175
12.0,272.0,1004.1629028320312,-3.4635392780143666,-4.727270470051437,-1.4363158007659564,2.1334699404495807,2.79827536664099,1.7739680290917086,0.2648749546595169,1.3968827957093226,-2.2912121588033694,-0.3107261716367639
12.0,272.0,1004.1629028320312,-3.463539278041088,-4.727279746833651,-1.436315800757758,2.1334699404495807,2.798290165590521,1.77396798063964,0.2648749546595169,1.3968827957093226,-2.291212157926028,-0.3107262746796668
12.0,272.0,1004.1629028320312,-3.463539278044369,-4.727275236505507,-1.4363158007657335,2.1334699404495807,2.7982894747896188,1.7739676259053625,0.2648749546595169,1.3968827957093226,-2.291212142015799,-0.3107262745839196
12.0,273.0,1004.1629028320312,-3.463539278044658,-4.727277384342812,-1.4363158007657126,2.1334699404495807,2.7982750288900915,1.773968013726638,0.2648749546595169,1.3968827957093226,-2.2912121580534506,-0.3107262746796668
12.0,273.0,1004.1629028320312,-3.4635392780136147,-4.727270659384286,-1.4363158007657126,2.1334699404495807,2.7982750288900915,1.773968013726638,0.2648749546595169,1.3968827957093226,-2.2912121580534506,-0.3107262746796668
12.0,273.0,1004.1629028320312,-3.4635392780135565,-4.727269940774775,-1.436315800765675,2.1334699404495807,2.7982751235669325,1.7739680138128826,0.2648749546595169,1.3968827957093226,-2.291212158936594,-0.3107262746796668
12.0,273.0,1004.1629028320312,-3.463539278044658,-4.727277384342812,-1.4363158007657126,2.1334699404495807,2.7982894816504733,1.773968013726638,0.2648749546595169,1.3968827957093226,-2.291212142183752,-0.3107262746796668
12.0,273.0,1004.1629028320312,-3.463539278044658,-4.727269472016781,-1.436315800766533,2.1334699404495807,2.798275121853399,1.7739680057895275,0.2648749546595169,1.3968827957093226,-2.2912121574933244,-0.3107262746796668
12.0,273.0,1004.1629028320312,-3.463539278044658,-4.727277384342812,-1.4363158007657126,2.1334699404495807,2.7982894816504733,1.773968013726638,0.2648749546595169,1.3968827957093226,-2.2912121587219194,-0.3107262746796668
12.0,273.0,1004.1629028320312,-3.463539278044658,-4.727276175038317,-1.4363158007659564,2.1334699404495807,2.798288923645431,1.7739680290917086,0.2648749546595169,1.3968827957093226,-2.2912121421679066,-0.3107261716367639
12.0,273.0,1004.1629028320312,-3.4635392780156367,-4.727277384342812,-1.4363158007657126,2.1334699404495807,2.7982750288900915,1.773968013726638,0.2648749546595169,1.3968827957093226,-2.2912121580534506,-0.3107262746796668
12.0,273.0,1004.1629028320312,-3.4635392780126426,-4.7272730638061615,-1.436315800757758,2.1334699404495807,2.7982901930498905,1.773967628706016,0.2648749546595169,1.3968827957093226,-2.2912121414164366,-0.3107262746796668
12.0,273.0,1004.1629028320312,-3.463539278044658,-4.727277384342812,-1.4363158007657126,2.1334699404495807,2.7982894816504733,1.773968013726638,0.2648749546595169,1.3968827957093226,-2.291212142183752,-0.3107262746796668
12.0,273.0,1004.1629028320312,-3.463539278044658,-4.727271400338654,-1.4363158007659445,2.1334699404495807,2.798288997284521,1.7739680284324228,0.2648749546595169,1.3968827957093226,-2.291212157407058,-0.3107262770922765
12.0,273.0,1004.1629028320312,-3.463539278044658,-4.727277384342812,-1.4363158007657126,2.1334699404495807,2.798290120216812,1.773967625376634,0.2648749546595169,1.3968827957093226,-2.291212142183752,-0.3107262746796668
12.0,273.0,1004.1629028320312,-3.4635392780439576,-4.727277384342812,-1.4363158007657126,2.1334699404495807,2.798275014288018,1.773968013726638,0.2648749546595169,1.3968827957093226,-2.2912121589594268,-0.3107262746796668
12.0,273.0,1004.1629028320312,-3.4635392780447103,-4.727275297925906,-1.4363158007657335,2.1334699404495807,2.7982894747896188,1.773968030307376,0.2648749546595169,1.3968827957093226,-2.291212142015799,-0.3107262727608175
12.0,273.0,1004.1629028320312,-3.463539278041088,-4.7272730638061615,-1.436315800757758,2.1334699404495807,2.7982901930498905,1.77396799297033,0.2648749546595169,1.3968827957093226,-2.2912121414164366,-0.3107262746796668
12.0,273.0,1004.1629028320312,-3.463539278044658,-4.727267157006293,-1.436315800756988,2.1334699404495807,2.798290231536052,1.7739680057895275,0.2648749546595169,1.3968827957093226,-2.2912121574933244,-0.3107262746796668
12.0,273.0,1004.1629028320312,-3.463539278044658,-4.727279555951162,-1.4363158007657126,2.1334699404495807,2.7982750288900915,1.773968013726638,0.2648749546595169,1.3968827957093226,-2.2912121580534506,-0.3107262746796668
12.0,273.0,1004.1629028320312,-3.4635392780376537,-4.727256756244229,-1.436315800758105,2.1334699404495807,2.798291453641109,1.773967628706016,0.2648749546595169,1.3968827957093226,-2.291212141541505,-0.3107262746796668
12.0,273.0,1004.1629028320312,-3.4635392780136147,-4.727270659384286,-1.4363158007577324,2.1334699404495807,2.798275195405384,1.773968013726638,0.2648749546595169,1.3968827957093226,-2.2912121573450586,-0.3107262746796668
12.0,273.0,1004.1629028320312,-3.4635392780481435,-4.727277380072278,-1.4363158007657333,2.1334699404495807,2.7982750288900915,1.7739680119403471,0.2648749546595169,1.3968827957093226,-2.2912121427496497,-0.3107262746796668
12.0,273.0,1004.1629028320312,-3.463539278044658,-4.727277406452706,-1.4363158007657126,2.1334699404495807,2.7982743811658835,1.7739680270183853,0.2648749546595169,1.3968827957093226,-2.291212142183752,-0.3107262746796668
12.0,273.0,1004.1629028320312,-3.463539278044658,-4.727277384342812,-1.4363158007657126,2.1334699404495807,2.7982750288900915,1.773968013726638,0.2648749546595169,1.3968827957093226,-2.2912121580534506,-0.3107262746796668
12.0,273.0,1004.1629028320312,-3.4635392780136147,-4.727270659384286,-1.4363158007657126,2.1334699404495807,2.7982750288900915,1.773968013726638,0.2648749546595169,1.3968827957093226,-2.291212158921064,-0.3107262746796668
12.0,273.0,1004.1629028320312,-3.463539278015004,-4.727277384342812,-1.4363158007657126,2.1334699404495807,2.7982748510990385,1.773968013726638,0.2648749546595169,1.3968827957093226,-2.2912121576607256,-0.3107262746796668
12.0,273.0,1004.1629028320312,-3.4635392780126426,-4.727277368984782,-1.4363158007576673,2.1334699404495807,2.798290284471104,1.773967628706016,0.2648749546595169,1.3968827957093226,-2.291212142653437,-0.3107262746796668
12.0,273.0,1004.1629028320312,-3.463539278044001,-4.727277384342812,-1.4363158007657126,2.1334699404495807,2.7982894816504733,1.773968013726638,0.2648749546595169,1.3968827957093226,-2.2912121587219194,-0.3107262746796668
12.0,273.0,1004.1629028320312,-3.463539278044658,-4.7272795338412665,-1.4363158007657126,2.1334699404495807,2.7982907679410194,1.773967612084887,0.2648749546595169,1.3968827957093226,-2.2912121580534506,-0.3107262746796668
12.0,273.0,1004.1629028320312,-3.463539278044658,-4.727277384342812,-1.4363158007657126,2.1334699404495807,2.7982894816504733,1.773968013726638,0.2648749546595169,1.3968827957093226,-2.291212142183752,-0.3107262746796668
12.0,273.0,1004.1629028320312,-3.463539278044658,-4.727269758327957,-1.436315800756988,2.1334699404495807,2.798290082134164,1.773968005416266,0.2648749546595169,1.3968827957093226,-2.291212141666529,-0.3107262746796668
12.0,273.0,1004.1629028320312,-3.4635392780427767,-4.727263080518411,-1.4363158007575878,2.1334699404495807,2.798290135558844,1.773967628706016,0.2648749546595169,1.3968827957093226,-2.291212141358736,-0.3107262746796668
12.0,273.0,1004.1629028320312,-3.4635392780481435,-4.727270036530294,-1.4363158007657333,2.1334699404495807,2.7982751214308825,1.7739680119403471,0.2648749546595169,1.3968827957093226,-2.2912121423099725,-0.3107262746796668
12.0,273.0,1004.1629028320312,-3.463539278044658,-4.727271247958868,-1.4363158007569792,2.1334699404495807,2.798290022084813,1.7739680057895275,0.2648749546595169,1.3968827957093226,-2.29121215748831,-0.3107262746796668
12.0,273.0,1004.1629028320312,-3.463539278044022,-4.727278042469881,-1.4363158007568446,2.1334699404495807,2.7982761993115246,1.7739680054258011,0.2648749546595169,1.3968827957093226,-2.291212141770252,-0.3107262746796668
12.0,273.0,1004.1629028320312,-3.463539278044561,-4.727277406452706,-1.4363158007657126,2.1334699404495807,2.7982743811658835,1.773967984742292,0.2648749546595169,1.3968827957093226,-2.291212142183752,-0.3107262746796668
12.0,273.0,1004.1629028320312,-3.463539278044904,-4.727277384342812,-1.4363158007657126,2.1334699404495807,2.798289486460873,1.7739680052579,0.2648749546595169,1.3968827957093226,-2.291212140570164,-0.3107262746796668
12.0,273.0,1004.1629028320312,-3.4635392780447103,-4.727275297925906,-1.4363158007657126,2.1334699404495807,2.7982894747896188,1.773968030307376,0.2648749546595169,1.3968827957093226,-2.291212158431517,-0.3107262727327382
12.0,273.0,1004.1629028320312,-3.463539278046152,-4.727269472016781,-1.436315800766614,2.1334699404495807,2.798275121853399,1.7739680057895275,0.2648749546595169,1.3968827957093226,-2.291212156637875,-0.3107262746796668
12.0,273.0,1004.1629028320312,-3.463539278044658,-4.727271400338654,-1.4363158007659445,2.1334699404495807,2.798288997284521,1.7739675918402116,0.2648749546595169,1.3968827957093226,-2.291212158073975,-0.3107262770922765
12.0,273.0,1004.1629028320312,-3.4635392780447103,-4.727275289642649,-1.4363158007657335,2.1334699404495807,2.7982894747896188,1.7739680304465335,0.2648749546595169,1.3968827957093226,-2.291212142015799,-0.3107262745839196
12.0,273.0,1004.1629028320312,-3.4635392780410634,-4.727263080518411,-1.4363158007575878,2.1334699404495807,2.798290135558844,1.7739676086767016,0.2648749546595169,1.3968827957093226,-2.291212141358736,-0.3107262746796668
12.0,273.0,1004.1629028320312,-3.463539278044658,-4.7272795338412665,-1.4363158007657126,2.1334699404495807,2.7982907679410194,1.773967612084887,0.2648749546595169,1.3968827957093226,-2.2912121580534506,-0.3107262746796668
12.0,273.0,1004.1629028320312,-3.463539278044658,-4.72727150576411,-1.4363158007657024,2.1334699404495807,2.7982894778710383,1.7739680284948487,0.2648749546595169,1.3968827957093226,-2.291212142306682,-0.3107262770922765
12.0,273.0,1004.1629028320312,-3.4635392780156367,-4.727277384342812,-1.4363158007657335,2.1334699404495807,2.7982750288900915,1.773968013726638,0.2648749546595169,1.3968827957093226,-2.291212141637732,-0.3107262747077462
12.0,273.0,1004.1629028320312,-3.463539278044658,-4.7272795338412665,-1.4363158007657126,2.1334699404495807,2.7982907679410194,1.7739680486770986,0.2648749546595169,1.3968827957093226,-2.291212157386534,-0.3107262746796668
12.0,273.0,1004.1629028320312,-3.463539278044001,-4.727277384342812,-1.4363158007657126,2.1334699404495807,2.7982894816504733,1.773968013726638,0.2648749546595169,1.3968827957093226,-2.2912121589811227,-0.3107262746796668
12.0,273.0,1004.1629028320312,-3.463539278044658,-4.727267157006293,-1.436315800756988,2.1334699404495807,2.798290231536052,1.7739680139079643,0.2648749546595169,1.3968827957093226,-2.291212158083274,-0.3107262746796668
12.0,273.0,1004.1629028320312,-3.4635392780447103,-4.727275297925906,-1.4363158007657335,2.1334699404495807,2.7982894747896188,1.773968030307376,0.2648749546595169,1.3968827957093226,-2.291212142015799,-0.3107262727608175
12.0,273.0,1004.1629028320312,-3.4635392780143666,-4.727270470051437,-1.4363158007659564,2.1334699404495807,2.79827536664099,1.7739680290917086,0.2648749546595169,1.3968827957093226,-2.2912121588033694,-0.3107261716367639
12.0,273.0,1004.1629028320312,-3.463539278041088,-4.727279746833651,-1.436315800757758,2.1334699404495807,2.798290165590521,1.77396798063964,0.2648749546595169,1.3968827957093226,-2.291212157926028,-0.3107262746796668
12.0,273.0,1004.1629028320312,-3.463539278044369,-4.727275236505507,-1.4363158007657335,2.1334699404495807,2.7982894747896188,1.7739676259053625,0.2648749546595169,1.3968827957093226,-2.291212142015799,-0.3107262745839196
12.0,274.0,1004.1629028320312,-3.463539278044658,-4.727277384342812,-1.4363158007657126,2.1334699404495807,2.7982750288900915,1.773968013726638,0.2648749546595169,1.3968827957093226,-2.2912121580534506,-0.3107262746796668
12.0,274.0,1004.1629028320312,-3.4635392780136147,-4.727270659384286,-1.4363158007657126,2.1334699404495807,2.7982750288900915,1.773968013726638,0.2648749546595169,1.3968827957093226,-2.2912121580534506,-0.3107262746796668
12.0,274.0,1004.1629028320312,-3.4635392780135565,-4.727269940774775,-1.436315800765675,2.1334699404495807,2.7982751235669325,1.7739680138128826,0.2648749546595169,1.3968827957093226,-2.291212158936594,-0.3107262746796668
12.0,274.0,1004.1629028320312,-3.463539278044658,-4.727277384342812,-1.4363158007657126,2.1334699404495807,2.7982894816504733,1.773968013726638,0.2648749546595169,1.3968827957093226,-2.291212142183752,-0.3107262746796668
12.0,274.0,1004.1629028320312,-3.463539278044658,-4.727269472016781,-1.436315800766533,2.1334699404495807,2.798275121853399,1.7739680057895275,0.2648749546595169,1.3968827957093226,-2.2912121574933244,-0.3107262746796668
12.0,274.0,1004.1629028320312,-3.463539278044658,-4.727277384342812,-1.4363158007657126,2.1334699404495807,2.7982894816504733,1.773968013726638,0.2648749546595169,1.3968827957093226,-2.2912121587219194,-0.3107262746796668
12.0,274.0,1004.1629028320312,-3.463539278044658,-4.727276175038317,-1.4363158007659564,2.1334699404495807,2.798288923645431,1.7739680290917086,0.2648749546595169,1.3968827957093226,-2.2912121421679066,-0.3107261716367639
12.0,274.0,1004.1629028320312,-3.4635392780156367,-4.727277384342812,-1.4363158007657126,2.1334699404495807,2.7982750288900915,1.773968013726638,0.2648749546595169,1.3968827957093226,-2.2912121580534506,-0.3107262746796668
12.0,274.0,1004.1629028320312,-3.4635392780126426,-4.7272730638061615,-1.436315800757758,2.1334699404495807,2.7982901930498905,1.773967628706016,0.2648749546595169,1.3968827957093226,-2.2912121414164366,-0.3107262746796668
12.0,274.0,1004.1629028320312,-3.463539278044658,-4.727277384342812,-1.4363158007657126,2.1334699404495807,2.7982894816504733,1.773968013726638,0.2648749546595169,1.3968827957093226,-2.291212142183752,-0.3107262746796668
12.0,274.0,1004.1629028320312,-3.463539278044658,-4.727271400338654,-1.4363158007659445,2.1334699404495807,2.798288997284521,1.7739680284324228,0.2648749546595169,1.3968827957093226,-2.291212157407058,-0.3107262770922765
12.0,274.0,1004.1629028320312,-3.463539278044658,-4.727277384342812,-1.4363158007657126,2.1334699404495807,2.798290120216812,1.773967625376634,0.2648749546595169,1.3968827957093226,-2.291212142183752,-0.3107262746796668
12.0,274.0,1004.1629028320312,-3.4635392780439576,-4.727277384342812,-1.4363158007657126,2.1334699404495807,2.798275014288018,1.773968013726638,0.2648749546595169,1.3968827957093226,-2.2912121589594268,-0.3107262746796668
12.0,274.0,1004.1629028320312,-3.4635392780447103,-4.727275297925906,-1.4363158007657335,2.1334699404495807,2.7982894747896188,1.773968030307376,0.2648749546595169,1.3968827957093226,-2.291212142015799,-0.3107262727608175
12.0,274.0,1004.1629028320312,-3.463539278041088,-4.7272730638061615,-1.436315800757758,2.1334699404495807,2.7982901930498905,1.77396799297033,0.2648749546595169,1.3968827957093226,-2.2912121414164366,-0.3107262746796668
12.0,274.0,1004.1629028320312,-3.463539278044658,-4.727267157006293,-1.436315800756988,2.1334699404495807,2.798290231536052,1.7739680057895275,0.2648749546595169,1.3968827957093226,-2.2912121574933244,-0.3107262746796668
12.0,274.0,1004.1629028320312,-3.463539278044658,-4.727279555951162,-1.4363158007657126,2.1334699404495807,2.7982750288900915,1.773968013726638,0.2648749546595169,1.3968827957093226,-2.2912121580534506,-0.3107262746796668
12.0,274.0,1004.1629028320312,-3.4635392780376537,-4.727256756244229,-1.436315800758105,2.1334699404495807,2.798291453641109,1.773967628706016,0.2648749546595169,1.3968827957093226,-2.291212141541505,-0.3107262746796668
12.0,274.0,1004.1629028320312,-3.4635392780136147,-4.727270659384286,-1.4363158007577324,2.1334699404495807,2.798275195405384,1.773968013726638,0.2648749546595169,1.3968827957093226,-2.2912121573450586,-0.3107262746796668
12.0,274.0,1004.1629028320312,-3.4635392780481435,-4.727277380072278,-1.4363158007657333,2.1334699404495807,2.7982750288900915,1.7739680119403471,0.2648749546595169,1.3968827957093226,-2.2912121427496497,-0.3107262746796668
12.0,274.0,1004.1629028320312,-3.463539278044658,-4.727277406452706,-1.4363158007657126,2.1334699404495807,2.7982743811658835,1.7739680270183853,0.2648749546595169,1.3968827957093226,-2.291212142183752,-0.3107262746796668
12.0,274.0,1004.1629028320312,-3.463539278044658,-4.727277384342812,-1.4363158007657126,2.1334699404495807,2.7982750288900915,1.773968013726638,0.2648749546595169,1.3968827957093226,-2.2912121580534506,-0.3107262746796668
12.0,274.0,1004.1629028320312,-3.4635392780136147,-4.727270659384286,-1.4363158007657126,2.1334699404495807,2.7982750288900915,1.773968013726638,0.2648749546595169,1.3968827957093226,-2.291212158921064,-0.3107262746796668
12.0,274.0,1004.1629028320312,-3.463539278015004,-4.727277384342812,-1.4363158007657126,2.1334699404495807,2.7982748510990385,1.773968013726638,0.2648749546595169,1.3968827957093226,-2.2912121576607256,-0.3107262746796668
12.0,274.0,1004.1629028320312,-3.4635392780126426,-4.727277368984782,-1.4363158007576673,2.1334699404495807,2.798290284471104,1.773967628706016,0.2648749546595169,1.3968827957093226,-2.291212142653437,-0.3107262746796668
12.0,274.0,1004.1629028320312,-3.463539278044001,-4.727277384342812,-1.4363158007657126,2.1334699404495807,2.7982894816504733,1.773968013726638,0.2648749546595169,1.3968827957093226,-2.2912121587219194,-0.3107262746796668
12.0,274.0,1004.1629028320312,-3.463539278044658,-4.7272795338412665,-1.4363158007657126,2.1334699404495807,2.7982907679410194,1.773967612084887,0.2648749546595169,1.3968827957093226,-2.2912121580534506,-0.3107262746796668
12.0,274.0,1004.1629028320312,-3.463539278044658,-4.727277384342812,-1.4363158007657126,2.1334699404495807,2.7982894816504733,1.773968013726638,0.2648749546595169,1.3968827957093226,-2.291212142183752,-0.3107262746796668
12.0,274.0,1004.1629028320312,-3.463539278044658,-4.727269758327957,-1.436315800756988,2.1334699404495807,2.798290082134164,1.773968005416266,0.2648749546595169,1.3968827957093226,-2.291212141666529,-0.3107262746796668
12.0,274.0,1004.1629028320312,-3.4635392780427767,-4.727263080518411,-1.4363158007575878,2.1334699404495807,2.798290135558844,1.773967628706016,0.2648749546595169,1.3968827957093226,-2.291212141358736,-0.3107262746796668
12.0,274.0,1004.1629028320312,-3.4635392780481435,-4.727270036530294,-1.4363158007657333,2.1334699404495807,2.7982751214308825,1.7739680119403471,0.2648749546595169,1.3968827957093226,-2.2912121423099725,-0.3107262746796668
12.0,274.0,1004.1629028320312,-3.463539278044658,-4.727271247958868,-1.4363158007569792,2.1334699404495807,2.798290022084813,1.7739680057895275,0.2648749546595169,1.3968827957093226,-2.29121215748831,-0.3107262746796668
12.0,274.0,1004.1629028320312,-3.463539278044022,-4.727278042469881,-1.4363158007568446,2.1334699404495807,2.7982761993115246,1.7739680054258011,0.2648749546595169,1.3968827957093226,-2.291212141770252,-0.3107262746796668
12.0,274.0,1004.1629028320312,-3.463539278044561,-4.727277406452706,-1.4363158007657126,2.1334699404495807,2.7982743811658835,1.773967984742292,0.2648749546595169,1.3968827957093226,-2.291212142183752,-0.3107262746796668
12.0,274.0,1004.1629028320312,-3.463539278044904,-4.727277384342812,-1.4363158007657126,2.1334699404495807,2.798289486460873,1.7739680052579,0.2648749546595169,1.3968827957093226,-2.291212140570164,-0.3107262746796668
12.0,274.0,1004.1629028320312,-3.4635392780447103,-4.727275297925906,-1.4363158007657126,2.1334699404495807,2.7982894747896188,1.773968030307376,0.2648749546595169,1.3968827957093226,-2.291212158431517,-0.3107262727327382
12.0,274.0,1004.1629028320312,-3.463539278046152,-4.727269472016781,-1.436315800766614,2.1334699404495807,2.798275121853399,1.7739680057895275,0.2648749546595169,1.3968827957093226,-2.291212156637875,-0.3107262746796668
12.0,274.0,1004.1629028320312,-3.463539278044658,-4.727271400338654,-1.4363158007659445,2.1334699404495807,2.798288997284521,1.7739675918402116,0.2648749546595169,1.3968827957093226,-2.291212158073975,-0.3107262770922765
12.0,274.0,1004.1629028320312,-3.4635392780447103,-4.727275289642649,-1.4363158007657335,2.1334699404495807,2.7982894747896188,1.7739680304465335,0.2648749546595169,1.3968827957093226,-2.291212142015799,-0.3107262745839196
12.0,274.0,1004.1629028320312,-3.4635392780410634,-4.727263080518411,-1.4363158007575878,2.1334699404495807,2.798290135558844,1.7739676086767016,0.2648749546595169,1.3968827957093226,-2.291212141358736,-0.3107262746796668
12.0,274.0,1004.1629028320312,-3.463539278044658,-4.7272795338412665,-1.4363158007657126,2.1334699404495807,2.7982907679410194,1.773967612084887,0.2648749546595169,1.3968827957093226,-2.2912121580534506,-0.3107262746796668
12.0,274.0,1004.1629028320312,-3.463539278044658,-4.72727150576411,-1.4363158007657024,2.1334699404495807,2.7982894778710383,1.7739680284948487,0.2648749546595169,1.3968827957093226,-2.291212142306682,-0.3107262770922765
12.0,274.0,1004.1629028320312,-3.4635392780156367,-4.727277384342812,-1.4363158007657335,2.1334699404495807,2.7982750288900915,1.773968013726638,0.2648749546595169,1.3968827957093226,-2.291212141637732,-0.3107262747077462
12.0,274.0,1004.1629028320312,-3.463539278044658,-4.7272795338412665,-1.4363158007657126,2.1334699404495807,2.7982907679410194,1.7739680486770986,0.2648749546595169,1.3968827957093226,-2.291212157386534,-0.3107262746796668
12.0,274.0,1004.1629028320312,-3.463539278044001,-4.727277384342812,-1.4363158007657126,2.1334699404495807,2.7982894816504733,1.773968013726638,0.2648749546595169,1.3968827957093226,-2.2912121589811227,-0.3107262746796668
12.0,274.0,1004.1629028320312,-3.463539278044658,-4.727267157006293,-1.436315800756988,2.1334699404495807,2.798290231536052,1.7739680139079643,0.2648749546595169,1.3968827957093226,-2.291212158083274,-0.3107262746796668
12.0,274.0,1004.1629028320312,-3.4635392780447103,-4.727275297925906,-1.4363158007657335,2.1334699404495807,2.7982894747896188,1.773968030307376,0.2648749546595169,1.3968827957093226,-2.291212142015799,-0.3107262727608175
12.0,274.0,1004.1629028320312,-3.4635392780143666,-4.727270470051437,-1.4363158007659564,2.1334699404495807,2.79827536664099,1.7739680290917086,0.2648749546595169,1.3968827957093226,-2.2912121588033694,-0.3107261716367639
12.0,274.0,1004.1629028320312,-3.463539278041088,-4.727279746833651,-1.436315800757758,2.1334699404495807,2.798290165590521,1.77396798063964,0.2648749546595169,1.3968827957093226,-2.291212157926028,-0.3107262746796668
12.0,274.0,1004.1629028320312,-3.463539278044369,-4.727275236505507,-1.4363158007657335,2.1334699404495807,2.7982894747896188,1.7739676259053625,0.2648749546595169,1.3968827957093226,-2.291212142015799,-0.3107262745839196
12.0,275.0,1004.1629028320312,-3.463539278044658,-4.727277384342812,-1.4363158007657126,2.1334699404495807,2.7982750288900915,1.773968013726638,0.2648749546595169,1.3968827957093226,-2.2912121580534506,-0.3107262746796668
12.0,275.0,1004.1629028320312,-3.4635392780136147,-4.727270659384286,-1.4363158007657126,2.1334699404495807,2.7982750288900915,1.773968013726638,0.2648749546595169,1.3968827957093226,-2.2912121580534506,-0.3107262746796668
12.0,275.0,1004.1629028320312,-3.4635392780135565,-4.727269940774775,-1.436315800765675,2.1334699404495807,2.7982751235669325,1.7739680138128826,0.2648749546595169,1.3968827957093226,-2.291212158936594,-0.3107262746796668
12.0,275.0,1004.1629028320312,-3.463539278044658,-4.727277384342812,-1.4363158007657126,2.1334699404495807,2.7982894816504733,1.773968013726638,0.2648749546595169,1.3968827957093226,-2.291212142183752,-0.3107262746796668
12.0,275.0,1004.1629028320312,-3.463539278044658,-4.727269472016781,-1.436315800766533,2.1334699404495807,2.798275121853399,1.7739680057895275,0.2648749546595169,1.3968827957093226,-2.2912121574933244,-0.3107262746796668
12.0,275.0,1004.1629028320312,-3.463539278044658,-4.727277384342812,-1.4363158007657126,2.1334699404495807,2.7982894816504733,1.773968013726638,0.2648749546595169,1.3968827957093226,-2.2912121587219194,-0.3107262746796668
12.0,275.0,1004.1629028320312,-3.463539278044658,-4.727276175038317,-1.4363158007659564,2.1334699404495807,2.798288923645431,1.7739680290917086,0.2648749546595169,1.3968827957093226,-2.2912121421679066,-0.3107261716367639
12.0,275.0,1004.1629028320312,-3.4635392780156367,-4.727277384342812,-1.4363158007657126,2.1334699404495807,2.7982750288900915,1.773968013726638,0.2648749546595169,1.3968827957093226,-2.2912121580534506,-0.3107262746796668
12.0,275.0,1004.1629028320312,-3.4635392780126426,-4.7272730638061615,-1.436315800757758,2.1334699404495807,2.7982901930498905,1.773967628706016,0.2648749546595169,1.3968827957093226,-2.2912121414164366,-0.3107262746796668
12.0,275.0,1004.1629028320312,-3.463539278044658,-4.727277384342812,-1.4363158007657126,2.1334699404495807,2.7982894816504733,1.773968013726638,0.2648749546595169,1.3968827957093226,-2.291212142183752,-0.3107262746796668
12.0,275.0,1004.1629028320312,-3.463539278044658,-4.727271400338654,-1.4363158007659445,2.1334699404495807,2.798288997284521,1.7739680284324228,0.2648749546595169,1.3968827957093226,-2.291212157407058,-0.3107262770922765
12.0,275.0,1004.1629028320312,-3.463539278044658,-4.727277384342812,-1.4363158007657126,2.1334699404495807,2.798290120216812,1.773967625376634,0.2648749546595169,1.3968827957093226,-2.291212142183752,-0.3107262746796668
12.0,275.0,1004.1629028320312,-3.4635392780439576,-4.727277384342812,-1.4363158007657126,2.1334699404495807,2.798275014288018,1.773968013726638,0.2648749546595169,1.3968827957093226,-2.2912121589594268,-0.3107262746796668
12.0,275.0,1004.1629028320312,-3.4635392780447103,-4.727275297925906,-1.4363158007657335,2.1334699404495807,2.7982894747896188,1.773968030307376,0.2648749546595169,1.3968827957093226,-2.291212142015799,-0.3107262727608175
12.0,275.0,1004.1629028320312,-3.463539278041088,-4.7272730638061615,-1.436315800757758,2.1334699404495807,2.7982901930498905,1.77396799297033,0.2648749546595169,1.3968827957093226,-2.2912121414164366,-0.3107262746796668
12.0,275.0,1004.1629028320312,-3.463539278044658,-4.727267157006293,-1.436315800756988,2.1334699404495807,2.798290231536052,1.7739680057895275,0.2648749546595169,1.3968827957093226,-2.2912121574933244,-0.3107262746796668
12.0,275.0,1004.1629028320312,-3.463539278044658,-4.727279555951162,-1.4363158007657126,2.1334699404495807,2.7982750288900915,1.773968013726638,0.2648749546595169,1.3968827957093226,-2.2912121580534506,-0.3107262746796668
12.0,275.0,1004.1629028320312,-3.4635392780376537,-4.727256756244229,-1.436315800758105,2.1334699404495807,2.798291453641109,1.773967628706016,0.2648749546595169,1.3968827957093226,-2.291212141541505,-0.3107262746796668
12.0,275.0,1004.1629028320312,-3.4635392780136147,-4.727270659384286,-1.4363158007577324,2.1334699404495807,2.798275195405384,1.773968013726638,0.2648749546595169,1.3968827957093226,-2.2912121573450586,-0.3107262746796668
12.0,275.0,1004.1629028320312,-3.4635392780481435,-4.727277380072278,-1.4363158007657333,2.1334699404495807,2.7982750288900915,1.7739680119403471,0.2648749546595169,1.3968827957093226,-2.2912121427496497,-0.3107262746796668
12.0,275.0,1004.1629028320312,-3.463539278044658,-4.727277406452706,-1.4363158007657126,2.1334699404495807,2.7982743811658835,1.7739680270183853,0.2648749546595169,1.3968827957093226,-2.291212142183752,-0.3107262746796668
12.0,275.0,1004.1629028320312,-3.463539278044658,-4.727277384342812,-1.4363158007657126,2.1334699404495807,2.7982750288900915,1.773968013726638,0.2648749546595169,1.3968827957093226,-2.2912121580534506,-0.3107262746796668
12.0,275.0,1004.1629028320312,-3.4635392780136147,-4.727270659384286,-1.4363158007657126,2.1334699404495807,2.7982750288900915,1.773968013726638,0.2648749546595169,1.3968827957093226,-2.291212158921064,-0.3107262746796668
12.0,275.0,1004.1629028320312,-3.463539278015004,-4.727277384342812,-1.4363158007657126,2.1334699404495807,2.7982748510990385,1.773968013726638,0.2648749546595169,1.3968827957093226,-2.2912121576607256,-0.3107262746796668
12.0,275.0,1004.1629028320312,-3.4635392780126426,-4.727277368984782,-1.4363158007576673,2.1334699404495807,2.798290284471104,1.773967628706016,0.2648749546595169,1.3968827957093226,-2.291212142653437,-0.3107262746796668
12.0,275.0,1004.1629028320312,-3.463539278044001,-4.727277384342812,-1.4363158007657126,2.1334699404495807,2.7982894816504733,1.773968013726638,0.2648749546595169,1.3968827957093226,-2.2912121587219194,-0.3107262746796668
12.0,275.0,1004.1629028320312,-3.463539278044658,-4.7272795338412665,-1.4363158007657126,2.1334699404495807,2.7982907679410194,1.773967612084887,0.2648749546595169,1.3968827957093226,-2.2912121580534506,-0.3107262746796668
12.0,275.0,1004.1629028320312,-3.463539278044658,-4.727277384342812,-1.4363158007657126,2.1334699404495807,2.7982894816504733,1.773968013726638,0.2648749546595169,1.3968827957093226,-2.291212142183752,-0.3107262746796668
12.0,275.0,1004.1629028320312,-3.463539278044658,-4.727269758327957,-1.436315800756988,2.1334699404495807,2.798290082134164,1.773968005416266,0.2648749546595169,1.3968827957093226,-2.291212141666529,-0.3107262746796668
12.0,275.0,1004.1629028320312,-3.4635392780427767,-4.727263080518411,-1.4363158007575878,2.1334699404495807,2.798290135558844,1.773967628706016,0.2648749546595169,1.3968827957093226,-2.291212141358736,-0.3107262746796668
12.0,275.0,1004.1629028320312,-3.4635392780481435,-4.727270036530294,-1.4363158007657333,2.1334699404495807,2.7982751214308825,1.7739680119403471,0.2648749546595169,1.3968827957093226,-2.2912121423099725,-0.3107262746796668
12.0,275.0,1004.1629028320312,-3.463539278044658,-4.727271247958868,-1.4363158007569792,2.1334699404495807,2.798290022084813,1.7739680057895275,0.2648749546595169,1.3968827957093226,-2.29121215748831,-0.3107262746796668
12.0,275.0,1004.1629028320312,-3.463539278044022,-4.727278042469881,-1.4363158007568446,2.1334699404495807,2.7982761993115246,1.7739680054258011,0.2648749546595169,1.3968827957093226,-2.291212141770252,-0.3107262746796668
12.0,275.0,1004.1629028320312,-3.463539278044561,-4.727277406452706,-1.4363158007657126,2.1334699404495807,2.7982743811658835,1.773967984742292,0.2648749546595169,1.3968827957093226,-2.291212142183752,-0.3107262746796668
12.0,275.0,1004.1629028320312,-3.463539278044904,-4.727277384342812,-1.4363158007657126,2.1334699404495807,2.798289486460873,1.7739680052579,0.2648749546595169,1.3968827957093226,-2.291212140570164,-0.3107262746796668
12.0,275.0,1004.1629028320312,-3.4635392780447103,-4.727275297925906,-1.4363158007657126,2.1334699404495807,2.7982894747896188,1.773968030307376,0.2648749546595169,1.3968827957093226,-2.291212158431517,-0.3107262727327382
12.0,275.0,1004.1629028320312,-3.463539278046152,-4.727269472016781,-1.436315800766614,2.1334699404495807,2.798275121853399,1.7739680057895275,0.2648749546595169,1.3968827957093226,-2.291212156637875,-0.3107262746796668
12.0,275.0,1004.1629028320312,-3.463539278044658,-4.727271400338654,-1.4363158007659445,2.1334699404495807,2.798288997284521,1.7739675918402116,0.2648749546595169,1.3968827957093226,-2.291212158073975,-0.3107262770922765
12.0,275.0,1004.1629028320312,-3.4635392780447103,-4.727275289642649,-1.4363158007657335,2.1334699404495807,2.7982894747896188,1.7739680304465335,0.2648749546595169,1.3968827957093226,-2.291212142015799,-0.3107262745839196
12.0,275.0,1004.1629028320312,-3.4635392780410634,-4.727263080518411,-1.4363158007575878,2.1334699404495807,2.798290135558844,1.7739676086767016,0.2648749546595169,1.3968827957093226,-2.291212141358736,-0.3107262746796668
12.0,275.0,1004.1629028320312,-3.463539278044658,-4.7272795338412665,-1.4363158007657126,2.1334699404495807,2.7982907679410194,1.773967612084887,0.2648749546595169,1.3968827957093226,-2.2912121580534506,-0.3107262746796668
12.0,275.0,1004.1629028320312,-3.463539278044658,-4.72727150576411,-1.4363158007657024,2.1334699404495807,2.7982894778710383,1.7739680284948487,0.2648749546595169,1.3968827957093226,-2.291212142306682,-0.3107262770922765
12.0,275.0,1004.1629028320312,-3.4635392780156367,-4.727277384342812,-1.4363158007657335,2.1334699404495807,2.7982750288900915,1.773968013726638,0.2648749546595169,1.3968827957093226,-2.291212141637732,-0.3107262747077462
12.0,275.0,1004.1629028320312,-3.463539278044658,-4.7272795338412665,-1.4363158007657126,2.1334699404495807,2.7982907679410194,1.7739680486770986,0.2648749546595169,1.3968827957093226,-2.291212157386534,-0.3107262746796668
12.0,275.0,1004.1629028320312,-3.463539278044001,-4.727277384342812,-1.4363158007657126,2.1334699404495807,2.7982894816504733,1.773968013726638,0.2648749546595169,1.3968827957093226,-2.2912121589811227,-0.3107262746796668
12.0,275.0,1004.1629028320312,-3.463539278044658,-4.727267157006293,-1.436315800756988,2.1334699404495807,2.798290231536052,1.7739680139079643,0.2648749546595169,1.3968827957093226,-2.291212158083274,-0.3107262746796668
12.0,275.0,1004.1629028320312,-3.4635392780447103,-4.727275297925906,-1.4363158007657335,2.1334699404495807,2.7982894747896188,1.773968030307376,0.2648749546595169,1.3968827957093226,-2.291212142015799,-0.3107262727608175
12.0,275.0,1004.1629028320312,-3.4635392780143666,-4.727270470051437,-1.4363158007659564,2.1334699404495807,2.79827536664099,1.7739680290917086,0.2648749546595169,1.3968827957093226,-2.2912121588033694,-0.3107261716367639
12.0,275.0,1004.1629028320312,-3.463539278041088,-4.727279746833651,-1.436315800757758,2.1334699404495807,2.798290165590521,1.77396798063964,0.2648749546595169,1.3968827957093226,-2.291212157926028,-0.3107262746796668
12.0,275.0,1004.1629028320312,-3.463539278044369,-4.727275236505507,-1.4363158007657335,2.1334699404495807,2.7982894747896188,1.7739676259053625,0.2648749546595169,1.3968827957093226,-2.291212142015799,-0.3107262745839196
12.0,276.0,1004.1629028320312,-3.463539278044658,-4.727277384342812,-1.4363158007657126,2.1334699404495807,2.7982750288900915,1.773968013726638,0.2648749546595169,1.3968827957093226,-2.2912121580534506,-0.3107262746796668
12.0,276.0,1004.1629028320312,-3.4635392780136147,-4.727270659384286,-1.4363158007657126,2.1334699404495807,2.7982750288900915,1.773968013726638,0.2648749546595169,1.3968827957093226,-2.2912121580534506,-0.3107262746796668
12.0,276.0,1004.1629028320312,-3.4635392780135565,-4.727269940774775,-1.436315800765675,2.1334699404495807,2.7982751235669325,1.7739680138128826,0.2648749546595169,1.3968827957093226,-2.291212158936594,-0.3107262746796668
12.0,276.0,1004.1629028320312,-3.463539278044658,-4.727277384342812,-1.4363158007657126,2.1334699404495807,2.7982894816504733,1.773968013726638,0.2648749546595169,1.3968827957093226,-2.291212142183752,-0.3107262746796668
12.0,276.0,1004.1629028320312,-3.463539278044658,-4.727269472016781,-1.436315800766533,2.1334699404495807,2.798275121853399,1.7739680057895275,0.2648749546595169,1.3968827957093226,-2.2912121574933244,-0.3107262746796668
12.0,276.0,1004.1629028320312,-3.463539278044658,-4.727277384342812,-1.4363158007657126,2.1334699404495807,2.7982894816504733,1.773968013726638,0.2648749546595169,1.3968827957093226,-2.2912121587219194,-0.3107262746796668
12.0,276.0,1004.1629028320312,-3.463539278044658,-4.727276175038317,-1.4363158007659564,2.1334699404495807,2.798288923645431,1.7739680290917086,0.2648749546595169,1.3968827957093226,-2.2912121421679066,-0.3107261716367639
12.0,276.0,1004.1629028320312,-3.4635392780156367,-4.727277384342812,-1.4363158007657126,2.1334699404495807,2.7982750288900915,1.773968013726638,0.2648749546595169,1.3968827957093226,-2.2912121580534506,-0.3107262746796668
12.0,276.0,1004.1629028320312,-3.4635392780126426,-4.7272730638061615,-1.436315800757758,2.1334699404495807,2.7982901930498905,1.773967628706016,0.2648749546595169,1.3968827957093226,-2.2912121414164366,-0.3107262746796668
12.0,276.0,1004.1629028320312,-3.463539278044658,-4.727277384342812,-1.4363158007657126,2.1334699404495807,2.7982894816504733,1.773968013726638,0.2648749546595169,1.3968827957093226,-2.291212142183752,-0.3107262746796668
12.0,276.0,1004.1629028320312,-3.463539278044658,-4.727271400338654,-1.4363158007659445,2.1334699404495807,2.798288997284521,1.7739680284324228,0.2648749546595169,1.3968827957093226,-2.291212157407058,-0.3107262770922765
12.0,276.0,1004.1629028320312,-3.463539278044658,-4.727277384342812,-1.4363158007657126,2.1334699404495807,2.798290120216812,1.773967625376634,0.2648749546595169,1.3968827957093226,-2.291212142183752,-0.3107262746796668
12.0,276.0,1004.1629028320312,-3.4635392780439576,-4.727277384342812,-1.4363158007657126,2.1334699404495807,2.798275014288018,1.773968013726638,0.2648749546595169,1.3968827957093226,-2.2912121589594268,-0.3107262746796668
12.0,276.0,1004.1629028320312,-3.4635392780447103,-4.727275297925906,-1.4363158007657335,2.1334699404495807,2.7982894747896188,1.773968030307376,0.2648749546595169,1.3968827957093226,-2.291212142015799,-0.3107262727608175
12.0,276.0,1004.1629028320312,-3.463539278041088,-4.7272730638061615,-1.436315800757758,2.1334699404495807,2.7982901930498905,1.77396799297033,0.2648749546595169,1.3968827957093226,-2.2912121414164366,-0.3107262746796668
12.0,276.0,1004.1629028320312,-3.463539278044658,-4.727267157006293,-1.436315800756988,2.1334699404495807,2.798290231536052,1.7739680057895275,0.2648749546595169,1.3968827957093226,-2.2912121574933244,-0.3107262746796668
12.0,276.0,1004.1629028320312,-3.463539278044658,-4.727279555951162,-1.4363158007657126,2.1334699404495807,2.7982750288900915,1.773968013726638,0.2648749546595169,1.3968827957093226,-2.2912121580534506,-0.3107262746796668
12.0,276.0,1004.1629028320312,-3.4635392780376537,-4.727256756244229,-1.436315800758105,2.1334699404495807,2.798291453641109,1.773967628706016,0.2648749546595169,1.3968827957093226,-2.291212141541505,-0.3107262746796668
12.0,276.0,1004.1629028320312,-3.4635392780136147,-4.727270659384286,-1.4363158007577324,2.1334699404495807,2.798275195405384,1.773968013726638,0.2648749546595169,1.3968827957093226,-2.2912121573450586,-0.3107262746796668
12.0,276.0,1004.1629028320312,-3.4635392780481435,-4.727277380072278,-1.4363158007657333,2.1334699404495807,2.7982750288900915,1.7739680119403471,0.2648749546595169,1.3968827957093226,-2.2912121427496497,-0.3107262746796668
12.0,276.0,1004.1629028320312,-3.463539278044658,-4.727277406452706,-1.4363158007657126,2.1334699404495807,2.7982743811658835,1.7739680270183853,0.2648749546595169,1.3968827957093226,-2.291212142183752,-0.3107262746796668
12.0,276.0,1004.1629028320312,-3.463539278044658,-4.727277384342812,-1.4363158007657126,2.1334699404495807,2.7982750288900915,1.773968013726638,0.2648749546595169,1.3968827957093226,-2.2912121580534506,-0.3107262746796668
12.0,276.0,1004.1629028320312,-3.4635392780136147,-4.727270659384286,-1.4363158007657126,2.1334699404495807,2.7982750288900915,1.773968013726638,0.2648749546595169,1.3968827957093226,-2.291212158921064,-0.3107262746796668
12.0,276.0,1004.1629028320312,-3.463539278015004,-4.727277384342812,-1.4363158007657126,2.1334699404495807,2.7982748510990385,1.773968013726638,0.2648749546595169,1.3968827957093226,-2.2912121576607256,-0.3107262746796668
12.0,276.0,1004.1629028320312,-3.4635392780126426,-4.727277368984782,-1.4363158007576673,2.1334699404495807,2.798290284471104,1.773967628706016,0.2648749546595169,1.3968827957093226,-2.291212142653437,-0.3107262746796668
12.0,276.0,1004.1629028320312,-3.463539278044001,-4.727277384342812,-1.4363158007657126,2.1334699404495807,2.7982894816504733,1.773968013726638,0.2648749546595169,1.3968827957093226,-2.2912121587219194,-0.3107262746796668
12.0,276.0,1004.1629028320312,-3.463539278044658,-4.7272795338412665,-1.4363158007657126,2.1334699404495807,2.7982907679410194,1.773967612084887,0.2648749546595169,1.3968827957093226,-2.2912121580534506,-0.3107262746796668
12.0,276.0,1004.1629028320312,-3.463539278044658,-4.727277384342812,-1.4363158007657126,2.1334699404495807,2.7982894816504733,1.773968013726638,0.2648749546595169,1.3968827957093226,-2.291212142183752,-0.3107262746796668
12.0,276.0,1004.1629028320312,-3.463539278044658,-4.727269758327957,-1.436315800756988,2.1334699404495807,2.798290082134164,1.773968005416266,0.2648749546595169,1.3968827957093226,-2.291212141666529,-0.3107262746796668
12.0,276.0,1004.1629028320312,-3.4635392780427767,-4.727263080518411,-1.4363158007575878,2.1334699404495807,2.798290135558844,1.773967628706016,0.2648749546595169,1.3968827957093226,-2.291212141358736,-0.3107262746796668
12.0,276.0,1004.1629028320312,-3.4635392780481435,-4.727270036530294,-1.4363158007657333,2.1334699404495807,2.7982751214308825,1.7739680119403471,0.2648749546595169,1.3968827957093226,-2.2912121423099725,-0.3107262746796668
12.0,276.0,1004.1629028320312,-3.463539278044658,-4.727271247958868,-1.4363158007569792,2.1334699404495807,2.798290022084813,1.7739680057895275,0.2648749546595169,1.3968827957093226,-2.29121215748831,-0.3107262746796668
12.0,276.0,1004.1629028320312,-3.463539278044022,-4.727278042469881,-1.4363158007568446,2.1334699404495807,2.7982761993115246,1.7739680054258011,0.2648749546595169,1.3968827957093226,-2.291212141770252,-0.3107262746796668
12.0,276.0,1004.1629028320312,-3.463539278044561,-4.727277406452706,-1.4363158007657126,2.1334699404495807,2.7982743811658835,1.773967984742292,0.2648749546595169,1.3968827957093226,-2.291212142183752,-0.3107262746796668
12.0,276.0,1004.1629028320312,-3.463539278044904,-4.727277384342812,-1.4363158007657126,2.1334699404495807,2.798289486460873,1.7739680052579,0.2648749546595169,1.3968827957093226,-2.291212140570164,-0.3107262746796668
12.0,276.0,1004.1629028320312,-3.4635392780447103,-4.727275297925906,-1.4363158007657126,2.1334699404495807,2.7982894747896188,1.773968030307376,0.2648749546595169,1.3968827957093226,-2.291212158431517,-0.3107262727327382
12.0,276.0,1004.1629028320312,-3.463539278046152,-4.727269472016781,-1.436315800766614,2.1334699404495807,2.798275121853399,1.7739680057895275,0.2648749546595169,1.3968827957093226,-2.291212156637875,-0.3107262746796668
12.0,276.0,1004.1629028320312,-3.463539278044658,-4.727271400338654,-1.4363158007659445,2.1334699404495807,2.798288997284521,1.7739675918402116,0.2648749546595169,1.3968827957093226,-2.291212158073975,-0.3107262770922765
12.0,276.0,1004.1629028320312,-3.4635392780447103,-4.727275289642649,-1.4363158007657335,2.1334699404495807,2.7982894747896188,1.7739680304465335,0.2648749546595169,1.3968827957093226,-2.291212142015799,-0.3107262745839196
12.0,276.0,1004.1629028320312,-3.4635392780410634,-4.727263080518411,-1.4363158007575878,2.1334699404495807,2.798290135558844,1.7739676086767016,0.2648749546595169,1.3968827957093226,-2.291212141358736,-0.3107262746796668
12.0,276.0,1004.1629028320312,-3.463539278044658,-4.7272795338412665,-1.4363158007657126,2.1334699404495807,2.7982907679410194,1.773967612084887,0.2648749546595169,1.3968827957093226,-2.2912121580534506,-0.3107262746796668
12.0,276.0,1004.1629028320312,-3.463539278044658,-4.72727150576411,-1.4363158007657024,2.1334699404495807,2.7982894778710383,1.7739680284948487,0.2648749546595169,1.3968827957093226,-2.291212142306682,-0.3107262770922765
12.0,276.0,1004.1629028320312,-3.4635392780156367,-4.727277384342812,-1.4363158007657335,2.1334699404495807,2.7982750288900915,1.773968013726638,0.2648749546595169,1.3968827957093226,-2.291212141637732,-0.3107262747077462
12.0,276.0,1004.1629028320312,-3.463539278044658,-4.7272795338412665,-1.4363158007657126,2.1334699404495807,2.7982907679410194,1.7739680486770986,0.2648749546595169,1.3968827957093226,-2.291212157386534,-0.3107262746796668
12.0,276.0,1004.1629028320312,-3.463539278044001,-4.727277384342812,-1.4363158007657126,2.1334699404495807,2.7982894816504733,1.773968013726638,0.2648749546595169,1.3968827957093226,-2.2912121589811227,-0.3107262746796668
12.0,276.0,1004.1629028320312,-3.463539278044658,-4.727267157006293,-1.436315800756988,2.1334699404495807,2.798290231536052,1.7739680139079643,0.2648749546595169,1.3968827957093226,-2.291212158083274,-0.3107262746796668
12.0,276.0,1004.1629028320312,-3.4635392780447103,-4.727275297925906,-1.4363158007657335,2.1334699404495807,2.7982894747896188,1.773968030307376,0.2648749546595169,1.3968827957093226,-2.291212142015799,-0.3107262727608175
12.0,276.0,1004.1629028320312,-3.4635392780143666,-4.727270470051437,-1.4363158007659564,2.1334699404495807,2.79827536664099,1.7739680290917086,0.2648749546595169,1.3968827957093226,-2.2912121588033694,-0.3107261716367639
12.0,276.0,1004.1629028320312,-3.463539278041088,-4.727279746833651,-1.436315800757758,2.1334699404495807,2.798290165590521,1.77396798063964,0.2648749546595169,1.3968827957093226,-2.291212157926028,-0.3107262746796668
12.0,276.0,1004.1629028320312,-3.463539278044369,-4.727275236505507,-1.4363158007657335,2.1334699404495807,2.7982894747896188,1.7739676259053625,0.2648749546595169,1.3968827957093226,-2.291212142015799,-0.3107262745839196
12.0,277.0,1004.1629028320312,-3.463539278044658,-4.727277384342812,-1.4363158007657126,2.1334699404495807,2.7982750288900915,1.773968013726638,0.2648749546595169,1.3968827957093226,-2.2912121580534506,-0.3107262746796668
12.0,277.0,1004.1629028320312,-3.4635392780136147,-4.727270659384286,-1.4363158007657126,2.1334699404495807,2.7982750288900915,1.773968013726638,0.2648749546595169,1.3968827957093226,-2.2912121580534506,-0.3107262746796668
12.0,277.0,1004.1629028320312,-3.4635392780135565,-4.727269940774775,-1.436315800765675,2.1334699404495807,2.7982751235669325,1.7739680138128826,0.2648749546595169,1.3968827957093226,-2.291212158936594,-0.3107262746796668
12.0,277.0,1004.1629028320312,-3.463539278044658,-4.727277384342812,-1.4363158007657126,2.1334699404495807,2.7982894816504733,1.773968013726638,0.2648749546595169,1.3968827957093226,-2.291212142183752,-0.3107262746796668
12.0,277.0,1004.1629028320312,-3.463539278044658,-4.727269472016781,-1.436315800766533,2.1334699404495807,2.798275121853399,1.7739680057895275,0.2648749546595169,1.3968827957093226,-2.2912121574933244,-0.3107262746796668
12.0,277.0,1004.1629028320312,-3.463539278044658,-4.727277384342812,-1.4363158007657126,2.1334699404495807,2.7982894816504733,1.773968013726638,0.2648749546595169,1.3968827957093226,-2.2912121587219194,-0.3107262746796668
12.0,277.0,1004.1629028320312,-3.463539278044658,-4.727276175038317,-1.4363158007659564,2.1334699404495807,2.798288923645431,1.7739680290917086,0.2648749546595169,1.3968827957093226,-2.2912121421679066,-0.3107261716367639
12.0,277.0,1004.1629028320312,-3.4635392780156367,-4.727277384342812,-1.4363158007657126,2.1334699404495807,2.7982750288900915,1.773968013726638,0.2648749546595169,1.3968827957093226,-2.2912121580534506,-0.3107262746796668
12.0,277.0,1004.1629028320312,-3.4635392780126426,-4.7272730638061615,-1.436315800757758,2.1334699404495807,2.7982901930498905,1.773967628706016,0.2648749546595169,1.3968827957093226,-2.2912121414164366,-0.3107262746796668
12.0,277.0,1004.1629028320312,-3.463539278044658,-4.727277384342812,-1.4363158007657126,2.1334699404495807,2.7982894816504733,1.773968013726638,0.2648749546595169,1.3968827957093226,-2.291212142183752,-0.3107262746796668
12.0,277.0,1004.1629028320312,-3.463539278044658,-4.727271400338654,-1.4363158007659445,2.1334699404495807,2.798288997284521,1.7739680284324228,0.2648749546595169,1.3968827957093226,-2.291212157407058,-0.3107262770922765
12.0,277.0,1004.1629028320312,-3.463539278044658,-4.727277384342812,-1.4363158007657126,2.1334699404495807,2.798290120216812,1.773967625376634,0.2648749546595169,1.3968827957093226,-2.291212142183752,-0.3107262746796668
12.0,277.0,1004.1629028320312,-3.4635392780439576,-4.727277384342812,-1.4363158007657126,2.1334699404495807,2.798275014288018,1.773968013726638,0.2648749546595169,1.3968827957093226,-2.2912121589594268,-0.3107262746796668
12.0,277.0,1004.1629028320312,-3.4635392780447103,-4.727275297925906,-1.4363158007657335,2.1334699404495807,2.7982894747896188,1.773968030307376,0.2648749546595169,1.3968827957093226,-2.291212142015799,-0.3107262727608175
12.0,277.0,1004.1629028320312,-3.463539278041088,-4.7272730638061615,-1.436315800757758,2.1334699404495807,2.7982901930498905,1.77396799297033,0.2648749546595169,1.3968827957093226,-2.2912121414164366,-0.3107262746796668
12.0,277.0,1004.1629028320312,-3.463539278044658,-4.727267157006293,-1.436315800756988,2.1334699404495807,2.798290231536052,1.7739680057895275,0.2648749546595169,1.3968827957093226,-2.2912121574933244,-0.3107262746796668
12.0,277.0,1004.1629028320312,-3.463539278044658,-4.727279555951162,-1.4363158007657126,2.1334699404495807,2.7982750288900915,1.773968013726638,0.2648749546595169,1.3968827957093226,-2.2912121580534506,-0.3107262746796668
12.0,277.0,1004.1629028320312,-3.4635392780376537,-4.727256756244229,-1.436315800758105,2.1334699404495807,2.798291453641109,1.773967628706016,0.2648749546595169,1.3968827957093226,-2.291212141541505,-0.3107262746796668
12.0,277.0,1004.1629028320312,-3.4635392780136147,-4.727270659384286,-1.4363158007577324,2.1334699404495807,2.798275195405384,1.773968013726638,0.2648749546595169,1.3968827957093226,-2.2912121573450586,-0.3107262746796668
12.0,277.0,1004.1629028320312,-3.4635392780481435,-4.727277380072278,-1.4363158007657333,2.1334699404495807,2.7982750288900915,1.7739680119403471,0.2648749546595169,1.3968827957093226,-2.2912121427496497,-0.3107262746796668
12.0,277.0,1004.1629028320312,-3.463539278044658,-4.727277406452706,-1.4363158007657126,2.1334699404495807,2.7982743811658835,1.7739680270183853,0.2648749546595169,1.3968827957093226,-2.291212142183752,-0.3107262746796668
12.0,277.0,1004.1629028320312,-3.463539278044658,-4.727277384342812,-1.4363158007657126,2.1334699404495807,2.7982750288900915,1.773968013726638,0.2648749546595169,1.3968827957093226,-2.2912121580534506,-0.3107262746796668
12.0,277.0,1004.1629028320312,-3.4635392780136147,-4.727270659384286,-1.4363158007657126,2.1334699404495807,2.7982750288900915,1.773968013726638,0.2648749546595169,1.3968827957093226,-2.291212158921064,-0.3107262746796668
12.0,277.0,1004.1629028320312,-3.463539278015004,-4.727277384342812,-1.4363158007657126,2.1334699404495807,2.7982748510990385,1.773968013726638,0.2648749546595169,1.3968827957093226,-2.2912121576607256,-0.3107262746796668
12.0,277.0,1004.1629028320312,-3.4635392780126426,-4.727277368984782,-1.4363158007576673,2.1334699404495807,2.798290284471104,1.773967628706016,0.2648749546595169,1.3968827957093226,-2.291212142653437,-0.3107262746796668
12.0,277.0,1004.1629028320312,-3.463539278044001,-4.727277384342812,-1.4363158007657126,2.1334699404495807,2.7982894816504733,1.773968013726638,0.2648749546595169,1.3968827957093226,-2.2912121587219194,-0.3107262746796668
12.0,277.0,1004.1629028320312,-3.463539278044658,-4.7272795338412665,-1.4363158007657126,2.1334699404495807,2.7982907679410194,1.773967612084887,0.2648749546595169,1.3968827957093226,-2.2912121580534506,-0.3107262746796668
12.0,277.0,1004.1629028320312,-3.463539278044658,-4.727277384342812,-1.4363158007657126,2.1334699404495807,2.7982894816504733,1.773968013726638,0.2648749546595169,1.3968827957093226,-2.291212142183752,-0.3107262746796668
12.0,277.0,1004.1629028320312,-3.463539278044658,-4.727269758327957,-1.436315800756988,2.1334699404495807,2.798290082134164,1.773968005416266,0.2648749546595169,1.3968827957093226,-2.291212141666529,-0.3107262746796668
12.0,277.0,1004.1629028320312,-3.4635392780427767,-4.727263080518411,-1.4363158007575878,2.1334699404495807,2.798290135558844,1.773967628706016,0.2648749546595169,1.3968827957093226,-2.291212141358736,-0.3107262746796668
12.0,277.0,1004.1629028320312,-3.4635392780481435,-4.727270036530294,-1.4363158007657333,2.1334699404495807,2.7982751214308825,1.7739680119403471,0.2648749546595169,1.3968827957093226,-2.2912121423099725,-0.3107262746796668
12.0,277.0,1004.1629028320312,-3.463539278044658,-4.727271247958868,-1.4363158007569792,2.1334699404495807,2.798290022084813,1.7739680057895275,0.2648749546595169,1.3968827957093226,-2.29121215748831,-0.3107262746796668
12.0,277.0,1004.1629028320312,-3.463539278044022,-4.727278042469881,-1.4363158007568446,2.1334699404495807,2.7982761993115246,1.7739680054258011,0.2648749546595169,1.3968827957093226,-2.291212141770252,-0.3107262746796668
12.0,277.0,1004.1629028320312,-3.463539278044561,-4.727277406452706,-1.4363158007657126,2.1334699404495807,2.7982743811658835,1.773967984742292,0.2648749546595169,1.3968827957093226,-2.291212142183752,-0.3107262746796668
12.0,277.0,1004.1629028320312,-3.463539278044904,-4.727277384342812,-1.4363158007657126,2.1334699404495807,2.798289486460873,1.7739680052579,0.2648749546595169,1.3968827957093226,-2.291212140570164,-0.3107262746796668
12.0,277.0,1004.1629028320312,-3.4635392780447103,-4.727275297925906,-1.4363158007657126,2.1334699404495807,2.7982894747896188,1.773968030307376,0.2648749546595169,1.3968827957093226,-2.291212158431517,-0.3107262727327382
12.0,277.0,1004.1629028320312,-3.463539278046152,-4.727269472016781,-1.436315800766614,2.1334699404495807,2.798275121853399,1.7739680057895275,0.2648749546595169,1.3968827957093226,-2.291212156637875,-0.3107262746796668
12.0,277.0,1004.1629028320312,-3.463539278044658,-4.727271400338654,-1.4363158007659445,2.1334699404495807,2.798288997284521,1.7739675918402116,0.2648749546595169,1.3968827957093226,-2.291212158073975,-0.3107262770922765
12.0,277.0,1004.1629028320312,-3.4635392780447103,-4.727275289642649,-1.4363158007657335,2.1334699404495807,2.7982894747896188,1.7739680304465335,0.2648749546595169,1.3968827957093226,-2.291212142015799,-0.3107262745839196
12.0,277.0,1004.1629028320312,-3.4635392780410634,-4.727263080518411,-1.4363158007575878,2.1334699404495807,2.798290135558844,1.7739676086767016,0.2648749546595169,1.3968827957093226,-2.291212141358736,-0.3107262746796668
12.0,277.0,1004.1629028320312,-3.463539278044658,-4.7272795338412665,-1.4363158007657126,2.1334699404495807,2.7982907679410194,1.773967612084887,0.2648749546595169,1.3968827957093226,-2.2912121580534506,-0.3107262746796668
12.0,277.0,1004.1629028320312,-3.463539278044658,-4.72727150576411,-1.4363158007657024,2.1334699404495807,2.7982894778710383,1.7739680284948487,0.2648749546595169,1.3968827957093226,-2.291212142306682,-0.3107262770922765
12.0,277.0,1004.1629028320312,-3.4635392780156367,-4.727277384342812,-1.4363158007657335,2.1334699404495807,2.7982750288900915,1.773968013726638,0.2648749546595169,1.3968827957093226,-2.291212141637732,-0.3107262747077462
12.0,277.0,1004.1629028320312,-3.463539278044658,-4.7272795338412665,-1.4363158007657126,2.1334699404495807,2.7982907679410194,1.7739680486770986,0.2648749546595169,1.3968827957093226,-2.291212157386534,-0.3107262746796668
12.0,277.0,1004.1629028320312,-3.463539278044001,-4.727277384342812,-1.4363158007657126,2.1334699404495807,2.7982894816504733,1.773968013726638,0.2648749546595169,1.3968827957093226,-2.2912121589811227,-0.3107262746796668
12.0,277.0,1004.1629028320312,-3.463539278044658,-4.727267157006293,-1.436315800756988,2.1334699404495807,2.798290231536052,1.7739680139079643,0.2648749546595169,1.3968827957093226,-2.291212158083274,-0.3107262746796668
12.0,277.0,1004.1629028320312,-3.4635392780447103,-4.727275297925906,-1.4363158007657335,2.1334699404495807,2.7982894747896188,1.773968030307376,0.2648749546595169,1.3968827957093226,-2.291212142015799,-0.3107262727608175
12.0,277.0,1004.1629028320312,-3.4635392780143666,-4.727270470051437,-1.4363158007659564,2.1334699404495807,2.79827536664099,1.7739680290917086,0.2648749546595169,1.3968827957093226,-2.2912121588033694,-0.3107261716367639
12.0,277.0,1004.1629028320312,-3.463539278041088,-4.727279746833651,-1.436315800757758,2.1334699404495807,2.798290165590521,1.77396798063964,0.2648749546595169,1.3968827957093226,-2.291212157926028,-0.3107262746796668
12.0,277.0,1004.1629028320312,-3.463539278044369,-4.727275236505507,-1.4363158007657335,2.1334699404495807,2.7982894747896188,1.7739676259053625,0.2648749546595169,1.3968827957093226,-2.291212142015799,-0.3107262745839196
12.0,278.0,1004.1629028320312,-3.463539278044658,-4.727277384342812,-1.4363158007657126,2.1334699404495807,2.7982750288900915,1.773968013726638,0.2648749546595169,1.3968827957093226,-2.2912121580534506,-0.3107262746796668
12.0,278.0,1004.1629028320312,-3.4635392780136147,-4.727270659384286,-1.4363158007657126,2.1334699404495807,2.7982750288900915,1.773968013726638,0.2648749546595169,1.3968827957093226,-2.2912121580534506,-0.3107262746796668
12.0,278.0,1004.1629028320312,-3.4635392780135565,-4.727269940774775,-1.436315800765675,2.1334699404495807,2.7982751235669325,1.7739680138128826,0.2648749546595169,1.3968827957093226,-2.291212158936594,-0.3107262746796668
12.0,278.0,1004.1629028320312,-3.463539278044658,-4.727277384342812,-1.4363158007657126,2.1334699404495807,2.7982894816504733,1.773968013726638,0.2648749546595169,1.3968827957093226,-2.291212142183752,-0.3107262746796668
12.0,278.0,1004.1629028320312,-3.463539278044658,-4.727269472016781,-1.436315800766533,2.1334699404495807,2.798275121853399,1.7739680057895275,0.2648749546595169,1.3968827957093226,-2.2912121574933244,-0.3107262746796668
12.0,278.0,1004.1629028320312,-3.463539278044658,-4.727277384342812,-1.4363158007657126,2.1334699404495807,2.7982894816504733,1.773968013726638,0.2648749546595169,1.3968827957093226,-2.2912121587219194,-0.3107262746796668
12.0,278.0,1004.1629028320312,-3.463539278044658,-4.727276175038317,-1.4363158007659564,2.1334699404495807,2.798288923645431,1.7739680290917086,0.2648749546595169,1.3968827957093226,-2.2912121421679066,-0.3107261716367639
12.0,278.0,1004.1629028320312,-3.4635392780156367,-4.727277384342812,-1.4363158007657126,2.1334699404495807,2.7982750288900915,1.773968013726638,0.2648749546595169,1.3968827957093226,-2.2912121580534506,-0.3107262746796668
12.0,278.0,1004.1629028320312,-3.4635392780126426,-4.7272730638061615,-1.436315800757758,2.1334699404495807,2.7982901930498905,1.773967628706016,0.2648749546595169,1.3968827957093226,-2.2912121414164366,-0.3107262746796668
12.0,278.0,1004.1629028320312,-3.463539278044658,-4.727277384342812,-1.4363158007657126,2.1334699404495807,2.7982894816504733,1.773968013726638,0.2648749546595169,1.3968827957093226,-2.291212142183752,-0.3107262746796668
12.0,278.0,1004.1629028320312,-3.463539278044658,-4.727271400338654,-1.4363158007659445,2.1334699404495807,2.798288997284521,1.7739680284324228,0.2648749546595169,1.3968827957093226,-2.291212157407058,-0.3107262770922765
12.0,278.0,1004.1629028320312,-3.463539278044658,-4.727277384342812,-1.4363158007657126,2.1334699404495807,2.798290120216812,1.773967625376634,0.2648749546595169,1.3968827957093226,-2.291212142183752,-0.3107262746796668
12.0,278.0,1004.1629028320312,-3.4635392780439576,-4.727277384342812,-1.4363158007657126,2.1334699404495807,2.798275014288018,1.773968013726638,0.2648749546595169,1.3968827957093226,-2.2912121589594268,-0.3107262746796668
12.0,278.0,1004.1629028320312,-3.4635392780447103,-4.727275297925906,-1.4363158007657335,2.1334699404495807,2.7982894747896188,1.773968030307376,0.2648749546595169,1.3968827957093226,-2.291212142015799,-0.3107262727608175
12.0,278.0,1004.1629028320312,-3.463539278041088,-4.7272730638061615,-1.436315800757758,2.1334699404495807,2.7982901930498905,1.77396799297033,0.2648749546595169,1.3968827957093226,-2.2912121414164366,-0.3107262746796668
12.0,278.0,1004.1629028320312,-3.463539278044658,-4.727267157006293,-1.436315800756988,2.1334699404495807,2.798290231536052,1.7739680057895275,0.2648749546595169,1.3968827957093226,-2.2912121574933244,-0.3107262746796668
12.0,278.0,1004.1629028320312,-3.463539278044658,-4.727279555951162,-1.4363158007657126,2.1334699404495807,2.7982750288900915,1.773968013726638,0.2648749546595169,1.3968827957093226,-2.2912121580534506,-0.3107262746796668
12.0,278.0,1004.1629028320312,-3.4635392780376537,-4.727256756244229,-1.436315800758105,2.1334699404495807,2.798291453641109,1.773967628706016,0.2648749546595169,1.3968827957093226,-2.291212141541505,-0.3107262746796668
12.0,278.0,1004.1629028320312,-3.4635392780136147,-4.727270659384286,-1.4363158007577324,2.1334699404495807,2.798275195405384,1.773968013726638,0.2648749546595169,1.3968827957093226,-2.2912121573450586,-0.3107262746796668
12.0,278.0,1004.1629028320312,-3.4635392780481435,-4.727277380072278,-1.4363158007657333,2.1334699404495807,2.7982750288900915,1.7739680119403471,0.2648749546595169,1.3968827957093226,-2.2912121427496497,-0.3107262746796668
12.0,278.0,1004.1629028320312,-3.463539278044658,-4.727277406452706,-1.4363158007657126,2.1334699404495807,2.7982743811658835,1.7739680270183853,0.2648749546595169,1.3968827957093226,-2.291212142183752,-0.3107262746796668
12.0,278.0,1004.1629028320312,-3.463539278044658,-4.727277384342812,-1.4363158007657126,2.1334699404495807,2.7982750288900915,1.773968013726638,0.2648749546595169,1.3968827957093226,-2.2912121580534506,-0.3107262746796668
12.0,278.0,1004.1629028320312,-3.4635392780136147,-4.727270659384286,-1.4363158007657126,2.1334699404495807,2.7982750288900915,1.773968013726638,0.2648749546595169,1.3968827957093226,-2.291212158921064,-0.3107262746796668
12.0,278.0,1004.1629028320312,-3.463539278015004,-4.727277384342812,-1.4363158007657126,2.1334699404495807,2.7982748510990385,1.773968013726638,0.2648749546595169,1.3968827957093226,-2.2912121576607256,-0.3107262746796668
12.0,278.0,1004.1629028320312,-3.4635392780126426,-4.727277368984782,-1.4363158007576673,2.1334699404495807,2.798290284471104,1.773967628706016,0.2648749546595169,1.3968827957093226,-2.291212142653437,-0.3107262746796668
12.0,278.0,1004.1629028320312,-3.463539278044001,-4.727277384342812,-1.4363158007657126,2.1334699404495807,2.7982894816504733,1.773968013726638,0.2648749546595169,1.3968827957093226,-2.2912121587219194,-0.3107262746796668
12.0,278.0,1004.1629028320312,-3.463539278044658,-4.7272795338412665,-1.4363158007657126,2.1334699404495807,2.7982907679410194,1.773967612084887,0.2648749546595169,1.3968827957093226,-2.2912121580534506,-0.3107262746796668
12.0,278.0,1004.1629028320312,-3.463539278044658,-4.727277384342812,-1.4363158007657126,2.1334699404495807,2.7982894816504733,1.773968013726638,0.2648749546595169,1.3968827957093226,-2.291212142183752,-0.3107262746796668
12.0,278.0,1004.1629028320312,-3.463539278044658,-4.727269758327957,-1.436315800756988,2.1334699404495807,2.798290082134164,1.773968005416266,0.2648749546595169,1.3968827957093226,-2.291212141666529,-0.3107262746796668
12.0,278.0,1004.1629028320312,-3.4635392780427767,-4.727263080518411,-1.4363158007575878,2.1334699404495807,2.798290135558844,1.773967628706016,0.2648749546595169,1.3968827957093226,-2.291212141358736,-0.3107262746796668
12.0,278.0,1004.1629028320312,-3.4635392780481435,-4.727270036530294,-1.4363158007657333,2.1334699404495807,2.7982751214308825,1.7739680119403471,0.2648749546595169,1.3968827957093226,-2.2912121423099725,-0.3107262746796668
12.0,278.0,1004.1629028320312,-3.463539278044658,-4.727271247958868,-1.4363158007569792,2.1334699404495807,2.798290022084813,1.7739680057895275,0.2648749546595169,1.3968827957093226,-2.29121215748831,-0.3107262746796668
12.0,278.0,1004.1629028320312,-3.463539278044022,-4.727278042469881,-1.4363158007568446,2.1334699404495807,2.7982761993115246,1.7739680054258011,0.2648749546595169,1.3968827957093226,-2.291212141770252,-0.3107262746796668
12.0,278.0,1004.1629028320312,-3.463539278044561,-4.727277406452706,-1.4363158007657126,2.1334699404495807,2.7982743811658835,1.773967984742292,0.2648749546595169,1.3968827957093226,-2.291212142183752,-0.3107262746796668
12.0,278.0,1004.1629028320312,-3.463539278044904,-4.727277384342812,-1.4363158007657126,2.1334699404495807,2.798289486460873,1.7739680052579,0.2648749546595169,1.3968827957093226,-2.291212140570164,-0.3107262746796668
12.0,278.0,1004.1629028320312,-3.4635392780447103,-4.727275297925906,-1.4363158007657126,2.1334699404495807,2.7982894747896188,1.773968030307376,0.2648749546595169,1.3968827957093226,-2.291212158431517,-0.3107262727327382
12.0,278.0,1004.1629028320312,-3.463539278046152,-4.727269472016781,-1.436315800766614,2.1334699404495807,2.798275121853399,1.7739680057895275,0.2648749546595169,1.3968827957093226,-2.291212156637875,-0.3107262746796668
12.0,278.0,1004.1629028320312,-3.463539278044658,-4.727271400338654,-1.4363158007659445,2.1334699404495807,2.798288997284521,1.7739675918402116,0.2648749546595169,1.3968827957093226,-2.291212158073975,-0.3107262770922765
12.0,278.0,1004.1629028320312,-3.4635392780447103,-4.727275289642649,-1.4363158007657335,2.1334699404495807,2.7982894747896188,1.7739680304465335,0.2648749546595169,1.3968827957093226,-2.291212142015799,-0.3107262745839196
12.0,278.0,1004.1629028320312,-3.4635392780410634,-4.727263080518411,-1.4363158007575878,2.1334699404495807,2.798290135558844,1.7739676086767016,0.2648749546595169,1.3968827957093226,-2.291212141358736,-0.3107262746796668
12.0,278.0,1004.1629028320312,-3.463539278044658,-4.7272795338412665,-1.4363158007657126,2.1334699404495807,2.7982907679410194,1.773967612084887,0.2648749546595169,1.3968827957093226,-2.2912121580534506,-0.3107262746796668
12.0,278.0,1004.1629028320312,-3.463539278044658,-4.72727150576411,-1.4363158007657024,2.1334699404495807,2.7982894778710383,1.7739680284948487,0.2648749546595169,1.3968827957093226,-2.291212142306682,-0.3107262770922765
12.0,278.0,1004.1629028320312,-3.4635392780156367,-4.727277384342812,-1.4363158007657335,2.1334699404495807,2.7982750288900915,1.773968013726638,0.2648749546595169,1.3968827957093226,-2.291212141637732,-0.3107262747077462
12.0,278.0,1004.1629028320312,-3.463539278044658,-4.7272795338412665,-1.4363158007657126,2.1334699404495807,2.7982907679410194,1.7739680486770986,0.2648749546595169,1.3968827957093226,-2.291212157386534,-0.3107262746796668
12.0,278.0,1004.1629028320312,-3.463539278044001,-4.727277384342812,-1.4363158007657126,2.1334699404495807,2.7982894816504733,1.773968013726638,0.2648749546595169,1.3968827957093226,-2.2912121589811227,-0.3107262746796668
12.0,278.0,1004.1629028320312,-3.463539278044658,-4.727267157006293,-1.436315800756988,2.1334699404495807,2.798290231536052,1.7739680139079643,0.2648749546595169,1.3968827957093226,-2.291212158083274,-0.3107262746796668
12.0,278.0,1004.1629028320312,-3.4635392780447103,-4.727275297925906,-1.4363158007657335,2.1334699404495807,2.7982894747896188,1.773968030307376,0.2648749546595169,1.3968827957093226,-2.291212142015799,-0.3107262727608175
12.0,278.0,1004.1629028320312,-3.4635392780143666,-4.727270470051437,-1.4363158007659564,2.1334699404495807,2.79827536664099,1.7739680290917086,0.2648749546595169,1.3968827957093226,-2.2912121588033694,-0.3107261716367639
12.0,278.0,1004.1629028320312,-3.463539278041088,-4.727279746833651,-1.436315800757758,2.1334699404495807,2.798290165590521,1.77396798063964,0.2648749546595169,1.3968827957093226,-2.291212157926028,-0.3107262746796668
12.0,278.0,1004.1629028320312,-3.463539278044369,-4.727275236505507,-1.4363158007657335,2.1334699404495807,2.7982894747896188,1.7739676259053625,0.2648749546595169,1.3968827957093226,-2.291212142015799,-0.3107262745839196
12.0,279.0,1004.1629028320312,-3.463539278044658,-4.727277384342812,-1.4363158007657126,2.1334699404495807,2.7982750288900915,1.773968013726638,0.2648749546595169,1.3968827957093226,-2.2912121580534506,-0.3107262746796668
12.0,279.0,1004.1629028320312,-3.4635392780136147,-4.727270659384286,-1.4363158007657126,2.1334699404495807,2.7982750288900915,1.773968013726638,0.2648749546595169,1.3968827957093226,-2.2912121580534506,-0.3107262746796668
12.0,279.0,1004.1629028320312,-3.4635392780135565,-4.727269940774775,-1.436315800765675,2.1334699404495807,2.7982751235669325,1.7739680138128826,0.2648749546595169,1.3968827957093226,-2.291212158936594,-0.3107262746796668
12.0,279.0,1004.1629028320312,-3.463539278044658,-4.727277384342812,-1.4363158007657126,2.1334699404495807,2.7982894816504733,1.773968013726638,0.2648749546595169,1.3968827957093226,-2.291212142183752,-0.3107262746796668
12.0,279.0,1004.1629028320312,-3.463539278044658,-4.727269472016781,-1.436315800766533,2.1334699404495807,2.798275121853399,1.7739680057895275,0.2648749546595169,1.3968827957093226,-2.2912121574933244,-0.3107262746796668
12.0,279.0,1004.1629028320312,-3.463539278044658,-4.727277384342812,-1.4363158007657126,2.1334699404495807,2.7982894816504733,1.773968013726638,0.2648749546595169,1.3968827957093226,-2.2912121587219194,-0.3107262746796668
12.0,279.0,1004.1629028320312,-3.463539278044658,-4.727276175038317,-1.4363158007659564,2.1334699404495807,2.798288923645431,1.7739680290917086,0.2648749546595169,1.3968827957093226,-2.2912121421679066,-0.3107261716367639
12.0,279.0,1004.1629028320312,-3.4635392780156367,-4.727277384342812,-1.4363158007657126,2.1334699404495807,2.7982750288900915,1.773968013726638,0.2648749546595169,1.3968827957093226,-2.2912121580534506,-0.3107262746796668
12.0,279.0,1004.1629028320312,-3.4635392780126426,-4.7272730638061615,-1.436315800757758,2.1334699404495807,2.7982901930498905,1.773967628706016,0.2648749546595169,1.3968827957093226,-2.2912121414164366,-0.3107262746796668
12.0,279.0,1004.1629028320312,-3.463539278044658,-4.727277384342812,-1.4363158007657126,2.1334699404495807,2.7982894816504733,1.773968013726638,0.2648749546595169,1.3968827957093226,-2.291212142183752,-0.3107262746796668
12.0,279.0,1004.1629028320312,-3.463539278044658,-4.727271400338654,-1.4363158007659445,2.1334699404495807,2.798288997284521,1.7739680284324228,0.2648749546595169,1.3968827957093226,-2.291212157407058,-0.3107262770922765
12.0,279.0,1004.1629028320312,-3.463539278044658,-4.727277384342812,-1.4363158007657126,2.1334699404495807,2.798290120216812,1.773967625376634,0.2648749546595169,1.3968827957093226,-2.291212142183752,-0.3107262746796668
12.0,279.0,1004.1629028320312,-3.4635392780439576,-4.727277384342812,-1.4363158007657126,2.1334699404495807,2.798275014288018,1.773968013726638,0.2648749546595169,1.3968827957093226,-2.2912121589594268,-0.3107262746796668
12.0,279.0,1004.1629028320312,-3.4635392780447103,-4.727275297925906,-1.4363158007657335,2.1334699404495807,2.7982894747896188,1.773968030307376,0.2648749546595169,1.3968827957093226,-2.291212142015799,-0.3107262727608175
12.0,279.0,1004.1629028320312,-3.463539278041088,-4.7272730638061615,-1.436315800757758,2.1334699404495807,2.7982901930498905,1.77396799297033,0.2648749546595169,1.3968827957093226,-2.2912121414164366,-0.3107262746796668
12.0,279.0,1004.1629028320312,-3.463539278044658,-4.727267157006293,-1.436315800756988,2.1334699404495807,2.798290231536052,1.7739680057895275,0.2648749546595169,1.3968827957093226,-2.2912121574933244,-0.3107262746796668
12.0,279.0,1004.1629028320312,-3.463539278044658,-4.727279555951162,-1.4363158007657126,2.1334699404495807,2.7982750288900915,1.773968013726638,0.2648749546595169,1.3968827957093226,-2.2912121580534506,-0.3107262746796668
12.0,279.0,1004.1629028320312,-3.4635392780376537,-4.727256756244229,-1.436315800758105,2.1334699404495807,2.798291453641109,1.773967628706016,0.2648749546595169,1.3968827957093226,-2.291212141541505,-0.3107262746796668
12.0,279.0,1004.1629028320312,-3.4635392780136147,-4.727270659384286,-1.4363158007577324,2.1334699404495807,2.798275195405384,1.773968013726638,0.2648749546595169,1.3968827957093226,-2.2912121573450586,-0.3107262746796668
12.0,279.0,1004.1629028320312,-3.4635392780481435,-4.727277380072278,-1.4363158007657333,2.1334699404495807,2.7982750288900915,1.7739680119403471,0.2648749546595169,1.3968827957093226,-2.2912121427496497,-0.3107262746796668
12.0,279.0,1004.1629028320312,-3.463539278044658,-4.727277406452706,-1.4363158007657126,2.1334699404495807,2.7982743811658835,1.7739680270183853,0.2648749546595169,1.3968827957093226,-2.291212142183752,-0.3107262746796668
12.0,279.0,1004.1629028320312,-3.463539278044658,-4.727277384342812,-1.4363158007657126,2.1334699404495807,2.7982750288900915,1.773968013726638,0.2648749546595169,1.3968827957093226,-2.2912121580534506,-0.3107262746796668
12.0,279.0,1004.1629028320312,-3.4635392780136147,-4.727270659384286,-1.4363158007657126,2.1334699404495807,2.7982750288900915,1.773968013726638,0.2648749546595169,1.3968827957093226,-2.291212158921064,-0.3107262746796668
12.0,279.0,1004.1629028320312,-3.463539278015004,-4.727277384342812,-1.4363158007657126,2.1334699404495807,2.7982748510990385,1.773968013726638,0.2648749546595169,1.3968827957093226,-2.2912121576607256,-0.3107262746796668
12.0,279.0,1004.1629028320312,-3.4635392780126426,-4.727277368984782,-1.4363158007576673,2.1334699404495807,2.798290284471104,1.773967628706016,0.2648749546595169,1.3968827957093226,-2.291212142653437,-0.3107262746796668
12.0,279.0,1004.1629028320312,-3.463539278044001,-4.727277384342812,-1.4363158007657126,2.1334699404495807,2.7982894816504733,1.773968013726638,0.2648749546595169,1.3968827957093226,-2.2912121587219194,-0.3107262746796668
12.0,279.0,1004.1629028320312,-3.463539278044658,-4.7272795338412665,-1.4363158007657126,2.1334699404495807,2.7982907679410194,1.773967612084887,0.2648749546595169,1.3968827957093226,-2.2912121580534506,-0.3107262746796668
12.0,279.0,1004.1629028320312,-3.463539278044658,-4.727277384342812,-1.4363158007657126,2.1334699404495807,2.7982894816504733,1.773968013726638,0.2648749546595169,1.3968827957093226,-2.291212142183752,-0.3107262746796668
12.0,279.0,1004.1629028320312,-3.463539278044658,-4.727269758327957,-1.436315800756988,2.1334699404495807,2.798290082134164,1.773968005416266,0.2648749546595169,1.3968827957093226,-2.291212141666529,-0.3107262746796668
12.0,279.0,1004.1629028320312,-3.4635392780427767,-4.727263080518411,-1.4363158007575878,2.1334699404495807,2.798290135558844,1.773967628706016,0.2648749546595169,1.3968827957093226,-2.291212141358736,-0.3107262746796668
12.0,279.0,1004.1629028320312,-3.4635392780481435,-4.727270036530294,-1.4363158007657333,2.1334699404495807,2.7982751214308825,1.7739680119403471,0.2648749546595169,1.3968827957093226,-2.2912121423099725,-0.3107262746796668
12.0,279.0,1004.1629028320312,-3.463539278044658,-4.727271247958868,-1.4363158007569792,2.1334699404495807,2.798290022084813,1.7739680057895275,0.2648749546595169,1.3968827957093226,-2.29121215748831,-0.3107262746796668
12.0,279.0,1004.1629028320312,-3.463539278044022,-4.727278042469881,-1.4363158007568446,2.1334699404495807,2.7982761993115246,1.7739680054258011,0.2648749546595169,1.3968827957093226,-2.291212141770252,-0.3107262746796668
12.0,279.0,1004.1629028320312,-3.463539278044561,-4.727277406452706,-1.4363158007657126,2.1334699404495807,2.7982743811658835,1.773967984742292,0.2648749546595169,1.3968827957093226,-2.291212142183752,-0.3107262746796668
12.0,279.0,1004.1629028320312,-3.463539278044904,-4.727277384342812,-1.4363158007657126,2.1334699404495807,2.798289486460873,1.7739680052579,0.2648749546595169,1.3968827957093226,-2.291212140570164,-0.3107262746796668
12.0,279.0,1004.1629028320312,-3.4635392780447103,-4.727275297925906,-1.4363158007657126,2.1334699404495807,2.7982894747896188,1.773968030307376,0.2648749546595169,1.3968827957093226,-2.291212158431517,-0.3107262727327382
12.0,279.0,1004.1629028320312,-3.463539278046152,-4.727269472016781,-1.436315800766614,2.1334699404495807,2.798275121853399,1.7739680057895275,0.2648749546595169,1.3968827957093226,-2.291212156637875,-0.3107262746796668
12.0,279.0,1004.1629028320312,-3.463539278044658,-4.727271400338654,-1.4363158007659445,2.1334699404495807,2.798288997284521,1.7739675918402116,0.2648749546595169,1.3968827957093226,-2.291212158073975,-0.3107262770922765
12.0,279.0,1004.1629028320312,-3.4635392780447103,-4.727275289642649,-1.4363158007657335,2.1334699404495807,2.7982894747896188,1.7739680304465335,0.2648749546595169,1.3968827957093226,-2.291212142015799,-0.3107262745839196
12.0,279.0,1004.1629028320312,-3.4635392780410634,-4.727263080518411,-1.4363158007575878,2.1334699404495807,2.798290135558844,1.7739676086767016,0.2648749546595169,1.3968827957093226,-2.291212141358736,-0.3107262746796668
12.0,279.0,1004.1629028320312,-3.463539278044658,-4.7272795338412665,-1.4363158007657126,2.1334699404495807,2.7982907679410194,1.773967612084887,0.2648749546595169,1.3968827957093226,-2.2912121580534506,-0.3107262746796668
12.0,279.0,1004.1629028320312,-3.463539278044658,-4.72727150576411,-1.4363158007657024,2.1334699404495807,2.7982894778710383,1.7739680284948487,0.2648749546595169,1.3968827957093226,-2.291212142306682,-0.3107262770922765
12.0,279.0,1004.1629028320312,-3.4635392780156367,-4.727277384342812,-1.4363158007657335,2.1334699404495807,2.7982750288900915,1.773968013726638,0.2648749546595169,1.3968827957093226,-2.291212141637732,-0.3107262747077462
12.0,279.0,1004.1629028320312,-3.463539278044658,-4.7272795338412665,-1.4363158007657126,2.1334699404495807,2.7982907679410194,1.7739680486770986,0.2648749546595169,1.3968827957093226,-2.291212157386534,-0.3107262746796668
12.0,279.0,1004.1629028320312,-3.463539278044001,-4.727277384342812,-1.4363158007657126,2.1334699404495807,2.7982894816504733,1.773968013726638,0.2648749546595169,1.3968827957093226,-2.2912121589811227,-0.3107262746796668
12.0,279.0,1004.1629028320312,-3.463539278044658,-4.727267157006293,-1.436315800756988,2.1334699404495807,2.798290231536052,1.7739680139079643,0.2648749546595169,1.3968827957093226,-2.291212158083274,-0.3107262746796668
12.0,279.0,1004.1629028320312,-3.4635392780447103,-4.727275297925906,-1.4363158007657335,2.1334699404495807,2.7982894747896188,1.773968030307376,0.2648749546595169,1.3968827957093226,-2.291212142015799,-0.3107262727608175
12.0,279.0,1004.1629028320312,-3.4635392780143666,-4.727270470051437,-1.4363158007659564,2.1334699404495807,2.79827536664099,1.7739680290917086,0.2648749546595169,1.3968827957093226,-2.2912121588033694,-0.3107261716367639
12.0,279.0,1004.1629028320312,-3.463539278041088,-4.727279746833651,-1.436315800757758,2.1334699404495807,2.798290165590521,1.77396798063964,0.2648749546595169,1.3968827957093226,-2.291212157926028,-0.3107262746796668
12.0,279.0,1004.1629028320312,-3.463539278044369,-4.727275236505507,-1.4363158007657335,2.1334699404495807,2.7982894747896188,1.7739676259053625,0.2648749546595169,1.3968827957093226,-2.291212142015799,-0.3107262745839196
12.0,280.0,1004.1629028320312,-3.463539278044658,-4.727277384342812,-1.4363158007657126,2.1334699404495807,2.7982750288900915,1.773968013726638,0.2648749546595169,1.3968827957093226,-2.2912121580534506,-0.3107262746796668
12.0,280.0,1004.1629028320312,-3.4635392780136147,-4.727270659384286,-1.4363158007657126,2.1334699404495807,2.7982750288900915,1.773968013726638,0.2648749546595169,1.3968827957093226,-2.2912121580534506,-0.3107262746796668
12.0,280.0,1004.1629028320312,-3.4635392780135565,-4.727269940774775,-1.436315800765675,2.1334699404495807,2.7982751235669325,1.7739680138128826,0.2648749546595169,1.3968827957093226,-2.291212158936594,-0.3107262746796668
12.0,280.0,1004.1629028320312,-3.463539278044658,-4.727277384342812,-1.4363158007657126,2.1334699404495807,2.7982894816504733,1.773968013726638,0.2648749546595169,1.3968827957093226,-2.291212142183752,-0.3107262746796668
12.0,280.0,1004.1629028320312,-3.463539278044658,-4.727269472016781,-1.436315800766533,2.1334699404495807,2.798275121853399,1.7739680057895275,0.2648749546595169,1.3968827957093226,-2.2912121574933244,-0.3107262746796668
12.0,280.0,1004.1629028320312,-3.463539278044658,-4.727277384342812,-1.4363158007657126,2.1334699404495807,2.7982894816504733,1.773968013726638,0.2648749546595169,1.3968827957093226,-2.2912121587219194,-0.3107262746796668
12.0,280.0,1004.1629028320312,-3.463539278044658,-4.727276175038317,-1.4363158007659564,2.1334699404495807,2.798288923645431,1.7739680290917086,0.2648749546595169,1.3968827957093226,-2.2912121421679066,-0.3107261716367639
12.0,280.0,1004.1629028320312,-3.4635392780156367,-4.727277384342812,-1.4363158007657126,2.1334699404495807,2.7982750288900915,1.773968013726638,0.2648749546595169,1.3968827957093226,-2.2912121580534506,-0.3107262746796668
12.0,280.0,1004.1629028320312,-3.4635392780126426,-4.7272730638061615,-1.436315800757758,2.1334699404495807,2.7982901930498905,1.773967628706016,0.2648749546595169,1.3968827957093226,-2.2912121414164366,-0.3107262746796668
12.0,280.0,1004.1629028320312,-3.463539278044658,-4.727277384342812,-1.4363158007657126,2.1334699404495807,2.7982894816504733,1.773968013726638,0.2648749546595169,1.3968827957093226,-2.291212142183752,-0.3107262746796668
12.0,280.0,1004.1629028320312,-3.463539278044658,-4.727271400338654,-1.4363158007659445,2.1334699404495807,2.798288997284521,1.7739680284324228,0.2648749546595169,1.3968827957093226,-2.291212157407058,-0.3107262770922765
12.0,280.0,1004.1629028320312,-3.463539278044658,-4.727277384342812,-1.4363158007657126,2.1334699404495807,2.798290120216812,1.773967625376634,0.2648749546595169,1.3968827957093226,-2.291212142183752,-0.3107262746796668
12.0,280.0,1004.1629028320312,-3.4635392780439576,-4.727277384342812,-1.4363158007657126,2.1334699404495807,2.798275014288018,1.773968013726638,0.2648749546595169,1.3968827957093226,-2.2912121589594268,-0.3107262746796668
12.0,280.0,1004.1629028320312,-3.4635392780447103,-4.727275297925906,-1.4363158007657335,2.1334699404495807,2.7982894747896188,1.773968030307376,0.2648749546595169,1.3968827957093226,-2.291212142015799,-0.3107262727608175
12.0,280.0,1004.1629028320312,-3.463539278041088,-4.7272730638061615,-1.436315800757758,2.1334699404495807,2.7982901930498905,1.77396799297033,0.2648749546595169,1.3968827957093226,-2.2912121414164366,-0.3107262746796668
12.0,280.0,1004.1629028320312,-3.463539278044658,-4.727267157006293,-1.436315800756988,2.1334699404495807,2.798290231536052,1.7739680057895275,0.2648749546595169,1.3968827957093226,-2.2912121574933244,-0.3107262746796668
12.0,280.0,1004.1629028320312,-3.463539278044658,-4.727279555951162,-1.4363158007657126,2.1334699404495807,2.7982750288900915,1.773968013726638,0.2648749546595169,1.3968827957093226,-2.2912121580534506,-0.3107262746796668
12.0,280.0,1004.1629028320312,-3.4635392780376537,-4.727256756244229,-1.436315800758105,2.1334699404495807,2.798291453641109,1.773967628706016,0.2648749546595169,1.3968827957093226,-2.291212141541505,-0.3107262746796668
12.0,280.0,1004.1629028320312,-3.4635392780136147,-4.727270659384286,-1.4363158007577324,2.1334699404495807,2.798275195405384,1.773968013726638,0.2648749546595169,1.3968827957093226,-2.2912121573450586,-0.3107262746796668
12.0,280.0,1004.1629028320312,-3.4635392780481435,-4.727277380072278,-1.4363158007657333,2.1334699404495807,2.7982750288900915,1.7739680119403471,0.2648749546595169,1.3968827957093226,-2.2912121427496497,-0.3107262746796668
12.0,280.0,1004.1629028320312,-3.463539278044658,-4.727277406452706,-1.4363158007657126,2.1334699404495807,2.7982743811658835,1.7739680270183853,0.2648749546595169,1.3968827957093226,-2.291212142183752,-0.3107262746796668
12.0,280.0,1004.1629028320312,-3.463539278044658,-4.727277384342812,-1.4363158007657126,2.1334699404495807,2.7982750288900915,1.773968013726638,0.2648749546595169,1.3968827957093226,-2.2912121580534506,-0.3107262746796668
12.0,280.0,1004.1629028320312,-3.4635392780136147,-4.727270659384286,-1.4363158007657126,2.1334699404495807,2.7982750288900915,1.773968013726638,0.2648749546595169,1.3968827957093226,-2.291212158921064,-0.3107262746796668
12.0,280.0,1004.1629028320312,-3.463539278015004,-4.727277384342812,-1.4363158007657126,2.1334699404495807,2.7982748510990385,1.773968013726638,0.2648749546595169,1.3968827957093226,-2.2912121576607256,-0.3107262746796668
12.0,280.0,1004.1629028320312,-3.4635392780126426,-4.727277368984782,-1.4363158007576673,2.1334699404495807,2.798290284471104,1.773967628706016,0.2648749546595169,1.3968827957093226,-2.291212142653437,-0.3107262746796668
12.0,280.0,1004.1629028320312,-3.463539278044001,-4.727277384342812,-1.4363158007657126,2.1334699404495807,2.7982894816504733,1.773968013726638,0.2648749546595169,1.3968827957093226,-2.2912121587219194,-0.3107262746796668
12.0,280.0,1004.1629028320312,-3.463539278044658,-4.7272795338412665,-1.4363158007657126,2.1334699404495807,2.7982907679410194,1.773967612084887,0.2648749546595169,1.3968827957093226,-2.2912121580534506,-0.3107262746796668
12.0,280.0,1004.1629028320312,-3.463539278044658,-4.727277384342812,-1.4363158007657126,2.1334699404495807,2.7982894816504733,1.773968013726638,0.2648749546595169,1.3968827957093226,-2.291212142183752,-0.3107262746796668
12.0,280.0,1004.1629028320312,-3.463539278044658,-4.727269758327957,-1.436315800756988,2.1334699404495807,2.798290082134164,1.773968005416266,0.2648749546595169,1.3968827957093226,-2.291212141666529,-0.3107262746796668
12.0,280.0,1004.1629028320312,-3.4635392780427767,-4.727263080518411,-1.4363158007575878,2.1334699404495807,2.798290135558844,1.773967628706016,0.2648749546595169,1.3968827957093226,-2.291212141358736,-0.3107262746796668
12.0,280.0,1004.1629028320312,-3.4635392780481435,-4.727270036530294,-1.4363158007657333,2.1334699404495807,2.7982751214308825,1.7739680119403471,0.2648749546595169,1.3968827957093226,-2.2912121423099725,-0.3107262746796668
12.0,280.0,1004.1629028320312,-3.463539278044658,-4.727271247958868,-1.4363158007569792,2.1334699404495807,2.798290022084813,1.7739680057895275,0.2648749546595169,1.3968827957093226,-2.29121215748831,-0.3107262746796668
12.0,280.0,1004.1629028320312,-3.463539278044022,-4.727278042469881,-1.4363158007568446,2.1334699404495807,2.7982761993115246,1.7739680054258011,0.2648749546595169,1.3968827957093226,-2.291212141770252,-0.3107262746796668
12.0,280.0,1004.1629028320312,-3.463539278044561,-4.727277406452706,-1.4363158007657126,2.1334699404495807,2.7982743811658835,1.773967984742292,0.2648749546595169,1.3968827957093226,-2.291212142183752,-0.3107262746796668
12.0,280.0,1004.1629028320312,-3.463539278044904,-4.727277384342812,-1.4363158007657126,2.1334699404495807,2.798289486460873,1.7739680052579,0.2648749546595169,1.3968827957093226,-2.291212140570164,-0.3107262746796668
12.0,280.0,1004.1629028320312,-3.4635392780447103,-4.727275297925906,-1.4363158007657126,2.1334699404495807,2.7982894747896188,1.773968030307376,0.2648749546595169,1.3968827957093226,-2.291212158431517,-0.3107262727327382
12.0,280.0,1004.1629028320312,-3.463539278046152,-4.727269472016781,-1.436315800766614,2.1334699404495807,2.798275121853399,1.7739680057895275,0.2648749546595169,1.3968827957093226,-2.291212156637875,-0.3107262746796668
12.0,280.0,1004.1629028320312,-3.463539278044658,-4.727271400338654,-1.4363158007659445,2.1334699404495807,2.798288997284521,1.7739675918402116,0.2648749546595169,1.3968827957093226,-2.291212158073975,-0.3107262770922765
12.0,280.0,1004.1629028320312,-3.4635392780447103,-4.727275289642649,-1.4363158007657335,2.1334699404495807,2.7982894747896188,1.7739680304465335,0.2648749546595169,1.3968827957093226,-2.291212142015799,-0.3107262745839196
12.0,280.0,1004.1629028320312,-3.4635392780410634,-4.727263080518411,-1.4363158007575878,2.1334699404495807,2.798290135558844,1.7739676086767016,0.2648749546595169,1.3968827957093226,-2.291212141358736,-0.3107262746796668
12.0,280.0,1004.1629028320312,-3.463539278044658,-4.7272795338412665,-1.4363158007657126,2.1334699404495807,2.7982907679410194,1.773967612084887,0.2648749546595169,1.3968827957093226,-2.2912121580534506,-0.3107262746796668
12.0,280.0,1004.1629028320312,-3.463539278044658,-4.72727150576411,-1.4363158007657024,2.1334699404495807,2.7982894778710383,1.7739680284948487,0.2648749546595169,1.3968827957093226,-2.291212142306682,-0.3107262770922765
12.0,280.0,1004.1629028320312,-3.4635392780156367,-4.727277384342812,-1.4363158007657335,2.1334699404495807,2.7982750288900915,1.773968013726638,0.2648749546595169,1.3968827957093226,-2.291212141637732,-0.3107262747077462
12.0,280.0,1004.1629028320312,-3.463539278044658,-4.7272795338412665,-1.4363158007657126,2.1334699404495807,2.7982907679410194,1.7739680486770986,0.2648749546595169,1.3968827957093226,-2.291212157386534,-0.3107262746796668
12.0,280.0,1004.1629028320312,-3.463539278044001,-4.727277384342812,-1.4363158007657126,2.1334699404495807,2.7982894816504733,1.773968013726638,0.2648749546595169,1.3968827957093226,-2.2912121589811227,-0.3107262746796668
12.0,280.0,1004.1629028320312,-3.463539278044658,-4.727267157006293,-1.436315800756988,2.1334699404495807,2.798290231536052,1.7739680139079643,0.2648749546595169,1.3968827957093226,-2.291212158083274,-0.3107262746796668
12.0,280.0,1004.1629028320312,-3.4635392780447103,-4.727275297925906,-1.4363158007657335,2.1334699404495807,2.7982894747896188,1.773968030307376,0.2648749546595169,1.3968827957093226,-2.291212142015799,-0.3107262727608175
12.0,280.0,1004.1629028320312,-3.4635392780143666,-4.727270470051437,-1.4363158007659564,2.1334699404495807,2.79827536664099,1.7739680290917086,0.2648749546595169,1.3968827957093226,-2.2912121588033694,-0.3107261716367639
12.0,280.0,1004.1629028320312,-3.463539278041088,-4.727279746833651,-1.436315800757758,2.1334699404495807,2.798290165590521,1.77396798063964,0.2648749546595169,1.3968827957093226,-2.291212157926028,-0.3107262746796668
12.0,280.0,1004.1629028320312,-3.463539278044369,-4.727275236505507,-1.4363158007657335,2.1334699404495807,2.7982894747896188,1.7739676259053625,0.2648749546595169,1.3968827957093226,-2.291212142015799,-0.3107262745839196
12.0,281.0,1004.1629028320312,-3.463539278044658,-4.727277384342812,-1.4363158007657126,2.1334699404495807,2.7982750288900915,1.773968013726638,0.2648749546595169,1.3968827957093226,-2.2912121580534506,-0.3107262746796668
12.0,281.0,1004.1629028320312,-3.4635392780136147,-4.727270659384286,-1.4363158007657126,2.1334699404495807,2.7982750288900915,1.773968013726638,0.2648749546595169,1.3968827957093226,-2.2912121580534506,-0.3107262746796668
12.0,281.0,1004.1629028320312,-3.4635392780135565,-4.727269940774775,-1.436315800765675,2.1334699404495807,2.7982751235669325,1.7739680138128826,0.2648749546595169,1.3968827957093226,-2.291212158936594,-0.3107262746796668
12.0,281.0,1004.1629028320312,-3.463539278044658,-4.727277384342812,-1.4363158007657126,2.1334699404495807,2.7982894816504733,1.773968013726638,0.2648749546595169,1.3968827957093226,-2.291212142183752,-0.3107262746796668
12.0,281.0,1004.1629028320312,-3.463539278044658,-4.727269472016781,-1.436315800766533,2.1334699404495807,2.798275121853399,1.7739680057895275,0.2648749546595169,1.3968827957093226,-2.2912121574933244,-0.3107262746796668
12.0,281.0,1004.1629028320312,-3.463539278044658,-4.727277384342812,-1.4363158007657126,2.1334699404495807,2.7982894816504733,1.773968013726638,0.2648749546595169,1.3968827957093226,-2.2912121587219194,-0.3107262746796668
12.0,281.0,1004.1629028320312,-3.463539278044658,-4.727276175038317,-1.4363158007659564,2.1334699404495807,2.798288923645431,1.7739680290917086,0.2648749546595169,1.3968827957093226,-2.2912121421679066,-0.3107261716367639
12.0,281.0,1004.1629028320312,-3.4635392780156367,-4.727277384342812,-1.4363158007657126,2.1334699404495807,2.7982750288900915,1.773968013726638,0.2648749546595169,1.3968827957093226,-2.2912121580534506,-0.3107262746796668
12.0,281.0,1004.1629028320312,-3.4635392780126426,-4.7272730638061615,-1.436315800757758,2.1334699404495807,2.7982901930498905,1.773967628706016,0.2648749546595169,1.3968827957093226,-2.2912121414164366,-0.3107262746796668
12.0,281.0,1004.1629028320312,-3.463539278044658,-4.727277384342812,-1.4363158007657126,2.1334699404495807,2.7982894816504733,1.773968013726638,0.2648749546595169,1.3968827957093226,-2.291212142183752,-0.3107262746796668
12.0,281.0,1004.1629028320312,-3.463539278044658,-4.727271400338654,-1.4363158007659445,2.1334699404495807,2.798288997284521,1.7739680284324228,0.2648749546595169,1.3968827957093226,-2.291212157407058,-0.3107262770922765
12.0,281.0,1004.1629028320312,-3.463539278044658,-4.727277384342812,-1.4363158007657126,2.1334699404495807,2.798290120216812,1.773967625376634,0.2648749546595169,1.3968827957093226,-2.291212142183752,-0.3107262746796668
12.0,281.0,1004.1629028320312,-3.4635392780439576,-4.727277384342812,-1.4363158007657126,2.1334699404495807,2.798275014288018,1.773968013726638,0.2648749546595169,1.3968827957093226,-2.2912121589594268,-0.3107262746796668
12.0,281.0,1004.1629028320312,-3.4635392780447103,-4.727275297925906,-1.4363158007657335,2.1334699404495807,2.7982894747896188,1.773968030307376,0.2648749546595169,1.3968827957093226,-2.291212142015799,-0.3107262727608175
12.0,281.0,1004.1629028320312,-3.463539278041088,-4.7272730638061615,-1.436315800757758,2.1334699404495807,2.7982901930498905,1.77396799297033,0.2648749546595169,1.3968827957093226,-2.2912121414164366,-0.3107262746796668
12.0,281.0,1004.1629028320312,-3.463539278044658,-4.727267157006293,-1.436315800756988,2.1334699404495807,2.798290231536052,1.7739680057895275,0.2648749546595169,1.3968827957093226,-2.2912121574933244,-0.3107262746796668
12.0,281.0,1004.1629028320312,-3.463539278044658,-4.727279555951162,-1.4363158007657126,2.1334699404495807,2.7982750288900915,1.773968013726638,0.2648749546595169,1.3968827957093226,-2.2912121580534506,-0.3107262746796668
12.0,281.0,1004.1629028320312,-3.4635392780376537,-4.727256756244229,-1.436315800758105,2.1334699404495807,2.798291453641109,1.773967628706016,0.2648749546595169,1.3968827957093226,-2.291212141541505,-0.3107262746796668
12.0,281.0,1004.1629028320312,-3.4635392780136147,-4.727270659384286,-1.4363158007577324,2.1334699404495807,2.798275195405384,1.773968013726638,0.2648749546595169,1.3968827957093226,-2.2912121573450586,-0.3107262746796668
12.0,281.0,1004.1629028320312,-3.4635392780481435,-4.727277380072278,-1.4363158007657333,2.1334699404495807,2.7982750288900915,1.7739680119403471,0.2648749546595169,1.3968827957093226,-2.2912121427496497,-0.3107262746796668
12.0,281.0,1004.1629028320312,-3.463539278044658,-4.727277406452706,-1.4363158007657126,2.1334699404495807,2.7982743811658835,1.7739680270183853,0.2648749546595169,1.3968827957093226,-2.291212142183752,-0.3107262746796668
12.0,281.0,1004.1629028320312,-3.463539278044658,-4.727277384342812,-1.4363158007657126,2.1334699404495807,2.7982750288900915,1.773968013726638,0.2648749546595169,1.3968827957093226,-2.2912121580534506,-0.3107262746796668
12.0,281.0,1004.1629028320312,-3.4635392780136147,-4.727270659384286,-1.4363158007657126,2.1334699404495807,2.7982750288900915,1.773968013726638,0.2648749546595169,1.3968827957093226,-2.291212158921064,-0.3107262746796668
12.0,281.0,1004.1629028320312,-3.463539278015004,-4.727277384342812,-1.4363158007657126,2.1334699404495807,2.7982748510990385,1.773968013726638,0.2648749546595169,1.3968827957093226,-2.2912121576607256,-0.3107262746796668
12.0,281.0,1004.1629028320312,-3.4635392780126426,-4.727277368984782,-1.4363158007576673,2.1334699404495807,2.798290284471104,1.773967628706016,0.2648749546595169,1.3968827957093226,-2.291212142653437,-0.3107262746796668
12.0,281.0,1004.1629028320312,-3.463539278044001,-4.727277384342812,-1.4363158007657126,2.1334699404495807,2.7982894816504733,1.773968013726638,0.2648749546595169,1.3968827957093226,-2.2912121587219194,-0.3107262746796668
12.0,281.0,1004.1629028320312,-3.463539278044658,-4.7272795338412665,-1.4363158007657126,2.1334699404495807,2.7982907679410194,1.773967612084887,0.2648749546595169,1.3968827957093226,-2.2912121580534506,-0.3107262746796668
12.0,281.0,1004.1629028320312,-3.463539278044658,-4.727277384342812,-1.4363158007657126,2.1334699404495807,2.7982894816504733,1.773968013726638,0.2648749546595169,1.3968827957093226,-2.291212142183752,-0.3107262746796668
12.0,281.0,1004.1629028320312,-3.463539278044658,-4.727269758327957,-1.436315800756988,2.1334699404495807,2.798290082134164,1.773968005416266,0.2648749546595169,1.3968827957093226,-2.291212141666529,-0.3107262746796668
12.0,281.0,1004.1629028320312,-3.4635392780427767,-4.727263080518411,-1.4363158007575878,2.1334699404495807,2.798290135558844,1.773967628706016,0.2648749546595169,1.3968827957093226,-2.291212141358736,-0.3107262746796668
12.0,281.0,1004.1629028320312,-3.4635392780481435,-4.727270036530294,-1.4363158007657333,2.1334699404495807,2.7982751214308825,1.7739680119403471,0.2648749546595169,1.3968827957093226,-2.2912121423099725,-0.3107262746796668
12.0,281.0,1004.1629028320312,-3.463539278044658,-4.727271247958868,-1.4363158007569792,2.1334699404495807,2.798290022084813,1.7739680057895275,0.2648749546595169,1.3968827957093226,-2.29121215748831,-0.3107262746796668
12.0,281.0,1004.1629028320312,-3.463539278044022,-4.727278042469881,-1.4363158007568446,2.1334699404495807,2.7982761993115246,1.7739680054258011,0.2648749546595169,1.3968827957093226,-2.291212141770252,-0.3107262746796668
12.0,281.0,1004.1629028320312,-3.463539278044561,-4.727277406452706,-1.4363158007657126,2.1334699404495807,2.7982743811658835,1.773967984742292,0.2648749546595169,1.3968827957093226,-2.291212142183752,-0.3107262746796668
12.0,281.0,1004.1629028320312,-3.463539278044904,-4.727277384342812,-1.4363158007657126,2.1334699404495807,2.798289486460873,1.7739680052579,0.2648749546595169,1.3968827957093226,-2.291212140570164,-0.3107262746796668
12.0,281.0,1004.1629028320312,-3.4635392780447103,-4.727275297925906,-1.4363158007657126,2.1334699404495807,2.7982894747896188,1.773968030307376,0.2648749546595169,1.3968827957093226,-2.291212158431517,-0.3107262727327382
12.0,281.0,1004.1629028320312,-3.463539278046152,-4.727269472016781,-1.436315800766614,2.1334699404495807,2.798275121853399,1.7739680057895275,0.2648749546595169,1.3968827957093226,-2.291212156637875,-0.3107262746796668
12.0,281.0,1004.1629028320312,-3.463539278044658,-4.727271400338654,-1.4363158007659445,2.1334699404495807,2.798288997284521,1.7739675918402116,0.2648749546595169,1.3968827957093226,-2.291212158073975,-0.3107262770922765
12.0,281.0,1004.1629028320312,-3.4635392780447103,-4.727275289642649,-1.4363158007657335,2.1334699404495807,2.7982894747896188,1.7739680304465335,0.2648749546595169,1.3968827957093226,-2.291212142015799,-0.3107262745839196
12.0,281.0,1004.1629028320312,-3.4635392780410634,-4.727263080518411,-1.4363158007575878,2.1334699404495807,2.798290135558844,1.7739676086767016,0.2648749546595169,1.3968827957093226,-2.291212141358736,-0.3107262746796668
12.0,281.0,1004.1629028320312,-3.463539278044658,-4.7272795338412665,-1.4363158007657126,2.1334699404495807,2.7982907679410194,1.773967612084887,0.2648749546595169,1.3968827957093226,-2.2912121580534506,-0.3107262746796668
12.0,281.0,1004.1629028320312,-3.463539278044658,-4.72727150576411,-1.4363158007657024,2.1334699404495807,2.7982894778710383,1.7739680284948487,0.2648749546595169,1.3968827957093226,-2.291212142306682,-0.3107262770922765
12.0,281.0,1004.1629028320312,-3.4635392780156367,-4.727277384342812,-1.4363158007657335,2.1334699404495807,2.7982750288900915,1.773968013726638,0.2648749546595169,1.3968827957093226,-2.291212141637732,-0.3107262747077462
12.0,281.0,1004.1629028320312,-3.463539278044658,-4.7272795338412665,-1.4363158007657126,2.1334699404495807,2.7982907679410194,1.7739680486770986,0.2648749546595169,1.3968827957093226,-2.291212157386534,-0.3107262746796668
12.0,281.0,1004.1629028320312,-3.463539278044001,-4.727277384342812,-1.4363158007657126,2.1334699404495807,2.7982894816504733,1.773968013726638,0.2648749546595169,1.3968827957093226,-2.2912121589811227,-0.3107262746796668
12.0,281.0,1004.1629028320312,-3.463539278044658,-4.727267157006293,-1.436315800756988,2.1334699404495807,2.798290231536052,1.7739680139079643,0.2648749546595169,1.3968827957093226,-2.291212158083274,-0.3107262746796668
12.0,281.0,1004.1629028320312,-3.4635392780447103,-4.727275297925906,-1.4363158007657335,2.1334699404495807,2.7982894747896188,1.773968030307376,0.2648749546595169,1.3968827957093226,-2.291212142015799,-0.3107262727608175
12.0,281.0,1004.1629028320312,-3.4635392780143666,-4.727270470051437,-1.4363158007659564,2.1334699404495807,2.79827536664099,1.7739680290917086,0.2648749546595169,1.3968827957093226,-2.2912121588033694,-0.3107261716367639
12.0,281.0,1004.1629028320312,-3.463539278041088,-4.727279746833651,-1.436315800757758,2.1334699404495807,2.798290165590521,1.77396798063964,0.2648749546595169,1.3968827957093226,-2.291212157926028,-0.3107262746796668
12.0,281.0,1004.1629028320312,-3.463539278044369,-4.727275236505507,-1.4363158007657335,2.1334699404495807,2.7982894747896188,1.7739676259053625,0.2648749546595169,1.3968827957093226,-2.291212142015799,-0.3107262745839196
12.0,282.0,1004.1629028320312,-3.463539278044658,-4.727277384342812,-1.4363158007657126,2.1334699404495807,2.7982750288900915,1.773968013726638,0.2648749546595169,1.3968827957093226,-2.2912121580534506,-0.3107262746796668
12.0,282.0,1004.1629028320312,-3.4635392780136147,-4.727270659384286,-1.4363158007657126,2.1334699404495807,2.7982750288900915,1.773968013726638,0.2648749546595169,1.3968827957093226,-2.2912121580534506,-0.3107262746796668
12.0,282.0,1004.1629028320312,-3.4635392780135565,-4.727269940774775,-1.436315800765675,2.1334699404495807,2.7982751235669325,1.7739680138128826,0.2648749546595169,1.3968827957093226,-2.291212158936594,-0.3107262746796668
12.0,282.0,1004.1629028320312,-3.463539278044658,-4.727277384342812,-1.4363158007657126,2.1334699404495807,2.7982894816504733,1.773968013726638,0.2648749546595169,1.3968827957093226,-2.291212142183752,-0.3107262746796668
12.0,282.0,1004.1629028320312,-3.463539278044658,-4.727269472016781,-1.436315800766533,2.1334699404495807,2.798275121853399,1.7739680057895275,0.2648749546595169,1.3968827957093226,-2.2912121574933244,-0.3107262746796668
12.0,282.0,1004.1629028320312,-3.463539278044658,-4.727277384342812,-1.4363158007657126,2.1334699404495807,2.7982894816504733,1.773968013726638,0.2648749546595169,1.3968827957093226,-2.2912121587219194,-0.3107262746796668
12.0,282.0,1004.1629028320312,-3.463539278044658,-4.727276175038317,-1.4363158007659564,2.1334699404495807,2.798288923645431,1.7739680290917086,0.2648749546595169,1.3968827957093226,-2.2912121421679066,-0.3107261716367639
12.0,282.0,1004.1629028320312,-3.4635392780156367,-4.727277384342812,-1.4363158007657126,2.1334699404495807,2.7982750288900915,1.773968013726638,0.2648749546595169,1.3968827957093226,-2.2912121580534506,-0.3107262746796668
12.0,282.0,1004.1629028320312,-3.4635392780126426,-4.7272730638061615,-1.436315800757758,2.1334699404495807,2.7982901930498905,1.773967628706016,0.2648749546595169,1.3968827957093226,-2.2912121414164366,-0.3107262746796668
12.0,282.0,1004.1629028320312,-3.463539278044658,-4.727277384342812,-1.4363158007657126,2.1334699404495807,2.7982894816504733,1.773968013726638,0.2648749546595169,1.3968827957093226,-2.291212142183752,-0.3107262746796668
12.0,282.0,1004.1629028320312,-3.463539278044658,-4.727271400338654,-1.4363158007659445,2.1334699404495807,2.798288997284521,1.7739680284324228,0.2648749546595169,1.3968827957093226,-2.291212157407058,-0.3107262770922765
12.0,282.0,1004.1629028320312,-3.463539278044658,-4.727277384342812,-1.4363158007657126,2.1334699404495807,2.798290120216812,1.773967625376634,0.2648749546595169,1.3968827957093226,-2.291212142183752,-0.3107262746796668
12.0,282.0,1004.1629028320312,-3.4635392780439576,-4.727277384342812,-1.4363158007657126,2.1334699404495807,2.798275014288018,1.773968013726638,0.2648749546595169,1.3968827957093226,-2.2912121589594268,-0.3107262746796668
12.0,282.0,1004.1629028320312,-3.4635392780447103,-4.727275297925906,-1.4363158007657335,2.1334699404495807,2.7982894747896188,1.773968030307376,0.2648749546595169,1.3968827957093226,-2.291212142015799,-0.3107262727608175
12.0,282.0,1004.1629028320312,-3.463539278041088,-4.7272730638061615,-1.436315800757758,2.1334699404495807,2.7982901930498905,1.77396799297033,0.2648749546595169,1.3968827957093226,-2.2912121414164366,-0.3107262746796668
12.0,282.0,1004.1629028320312,-3.463539278044658,-4.727267157006293,-1.436315800756988,2.1334699404495807,2.798290231536052,1.7739680057895275,0.2648749546595169,1.3968827957093226,-2.2912121574933244,-0.3107262746796668
12.0,282.0,1004.1629028320312,-3.463539278044658,-4.727279555951162,-1.4363158007657126,2.1334699404495807,2.7982750288900915,1.773968013726638,0.2648749546595169,1.3968827957093226,-2.2912121580534506,-0.3107262746796668
12.0,282.0,1004.1629028320312,-3.4635392780376537,-4.727256756244229,-1.436315800758105,2.1334699404495807,2.798291453641109,1.773967628706016,0.2648749546595169,1.3968827957093226,-2.291212141541505,-0.3107262746796668
12.0,282.0,1004.1629028320312,-3.4635392780136147,-4.727270659384286,-1.4363158007577324,2.1334699404495807,2.798275195405384,1.773968013726638,0.2648749546595169,1.3968827957093226,-2.2912121573450586,-0.3107262746796668
12.0,282.0,1004.1629028320312,-3.4635392780481435,-4.727277380072278,-1.4363158007657333,2.1334699404495807,2.7982750288900915,1.7739680119403471,0.2648749546595169,1.3968827957093226,-2.2912121427496497,-0.3107262746796668
12.0,282.0,1004.1629028320312,-3.463539278044658,-4.727277406452706,-1.4363158007657126,2.1334699404495807,2.7982743811658835,1.7739680270183853,0.2648749546595169,1.3968827957093226,-2.291212142183752,-0.3107262746796668
12.0,282.0,1004.1629028320312,-3.463539278044658,-4.727277384342812,-1.4363158007657126,2.1334699404495807,2.7982750288900915,1.773968013726638,0.2648749546595169,1.3968827957093226,-2.2912121580534506,-0.3107262746796668
12.0,282.0,1004.1629028320312,-3.4635392780136147,-4.727270659384286,-1.4363158007657126,2.1334699404495807,2.7982750288900915,1.773968013726638,0.2648749546595169,1.3968827957093226,-2.291212158921064,-0.3107262746796668
12.0,282.0,1004.1629028320312,-3.463539278015004,-4.727277384342812,-1.4363158007657126,2.1334699404495807,2.7982748510990385,1.773968013726638,0.2648749546595169,1.3968827957093226,-2.2912121576607256,-0.3107262746796668
12.0,282.0,1004.1629028320312,-3.4635392780126426,-4.727277368984782,-1.4363158007576673,2.1334699404495807,2.798290284471104,1.773967628706016,0.2648749546595169,1.3968827957093226,-2.291212142653437,-0.3107262746796668
12.0,282.0,1004.1629028320312,-3.463539278044001,-4.727277384342812,-1.4363158007657126,2.1334699404495807,2.7982894816504733,1.773968013726638,0.2648749546595169,1.3968827957093226,-2.2912121587219194,-0.3107262746796668
12.0,282.0,1004.1629028320312,-3.463539278044658,-4.7272795338412665,-1.4363158007657126,2.1334699404495807,2.7982907679410194,1.773967612084887,0.2648749546595169,1.3968827957093226,-2.2912121580534506,-0.3107262746796668
12.0,282.0,1004.1629028320312,-3.463539278044658,-4.727277384342812,-1.4363158007657126,2.1334699404495807,2.7982894816504733,1.773968013726638,0.2648749546595169,1.3968827957093226,-2.291212142183752,-0.3107262746796668
12.0,282.0,1004.1629028320312,-3.463539278044658,-4.727269758327957,-1.436315800756988,2.1334699404495807,2.798290082134164,1.773968005416266,0.2648749546595169,1.3968827957093226,-2.291212141666529,-0.3107262746796668
12.0,282.0,1004.1629028320312,-3.4635392780427767,-4.727263080518411,-1.4363158007575878,2.1334699404495807,2.798290135558844,1.773967628706016,0.2648749546595169,1.3968827957093226,-2.291212141358736,-0.3107262746796668
12.0,282.0,1004.1629028320312,-3.4635392780481435,-4.727270036530294,-1.4363158007657333,2.1334699404495807,2.7982751214308825,1.7739680119403471,0.2648749546595169,1.3968827957093226,-2.2912121423099725,-0.3107262746796668
12.0,282.0,1004.1629028320312,-3.463539278044658,-4.727271247958868,-1.4363158007569792,2.1334699404495807,2.798290022084813,1.7739680057895275,0.2648749546595169,1.3968827957093226,-2.29121215748831,-0.3107262746796668
12.0,282.0,1004.1629028320312,-3.463539278044022,-4.727278042469881,-1.4363158007568446,2.1334699404495807,2.7982761993115246,1.7739680054258011,0.2648749546595169,1.3968827957093226,-2.291212141770252,-0.3107262746796668
12.0,282.0,1004.1629028320312,-3.463539278044561,-4.727277406452706,-1.4363158007657126,2.1334699404495807,2.7982743811658835,1.773967984742292,0.2648749546595169,1.3968827957093226,-2.291212142183752,-0.3107262746796668
12.0,282.0,1004.1629028320312,-3.463539278044904,-4.727277384342812,-1.4363158007657126,2.1334699404495807,2.798289486460873,1.7739680052579,0.2648749546595169,1.3968827957093226,-2.291212140570164,-0.3107262746796668
12.0,282.0,1004.1629028320312,-3.4635392780447103,-4.727275297925906,-1.4363158007657126,2.1334699404495807,2.7982894747896188,1.773968030307376,0.2648749546595169,1.3968827957093226,-2.291212158431517,-0.3107262727327382
12.0,282.0,1004.1629028320312,-3.463539278046152,-4.727269472016781,-1.436315800766614,2.1334699404495807,2.798275121853399,1.7739680057895275,0.2648749546595169,1.3968827957093226,-2.291212156637875,-0.3107262746796668
12.0,282.0,1004.1629028320312,-3.463539278044658,-4.727271400338654,-1.4363158007659445,2.1334699404495807,2.798288997284521,1.7739675918402116,0.2648749546595169,1.3968827957093226,-2.291212158073975,-0.3107262770922765
12.0,282.0,1004.1629028320312,-3.4635392780447103,-4.727275289642649,-1.4363158007657335,2.1334699404495807,2.7982894747896188,1.7739680304465335,0.2648749546595169,1.3968827957093226,-2.291212142015799,-0.3107262745839196
12.0,282.0,1004.1629028320312,-3.4635392780410634,-4.727263080518411,-1.4363158007575878,2.1334699404495807,2.798290135558844,1.7739676086767016,0.2648749546595169,1.3968827957093226,-2.291212141358736,-0.3107262746796668
12.0,282.0,1004.1629028320312,-3.463539278044658,-4.7272795338412665,-1.4363158007657126,2.1334699404495807,2.7982907679410194,1.773967612084887,0.2648749546595169,1.3968827957093226,-2.2912121580534506,-0.3107262746796668
12.0,282.0,1004.1629028320312,-3.463539278044658,-4.72727150576411,-1.4363158007657024,2.1334699404495807,2.7982894778710383,1.7739680284948487,0.2648749546595169,1.3968827957093226,-2.291212142306682,-0.3107262770922765
12.0,282.0,1004.1629028320312,-3.4635392780156367,-4.727277384342812,-1.4363158007657335,2.1334699404495807,2.7982750288900915,1.773968013726638,0.2648749546595169,1.3968827957093226,-2.291212141637732,-0.3107262747077462
12.0,282.0,1004.1629028320312,-3.463539278044658,-4.7272795338412665,-1.4363158007657126,2.1334699404495807,2.7982907679410194,1.7739680486770986,0.2648749546595169,1.3968827957093226,-2.291212157386534,-0.3107262746796668
12.0,282.0,1004.1629028320312,-3.463539278044001,-4.727277384342812,-1.4363158007657126,2.1334699404495807,2.7982894816504733,1.773968013726638,0.2648749546595169,1.3968827957093226,-2.2912121589811227,-0.3107262746796668
12.0,282.0,1004.1629028320312,-3.463539278044658,-4.727267157006293,-1.436315800756988,2.1334699404495807,2.798290231536052,1.7739680139079643,0.2648749546595169,1.3968827957093226,-2.291212158083274,-0.3107262746796668
12.0,282.0,1004.1629028320312,-3.4635392780447103,-4.727275297925906,-1.4363158007657335,2.1334699404495807,2.7982894747896188,1.773968030307376,0.2648749546595169,1.3968827957093226,-2.291212142015799,-0.3107262727608175
12.0,282.0,1004.1629028320312,-3.4635392780143666,-4.727270470051437,-1.4363158007659564,2.1334699404495807,2.79827536664099,1.7739680290917086,0.2648749546595169,1.3968827957093226,-2.2912121588033694,-0.3107261716367639
12.0,282.0,1004.1629028320312,-3.463539278041088,-4.727279746833651,-1.436315800757758,2.1334699404495807,2.798290165590521,1.77396798063964,0.2648749546595169,1.3968827957093226,-2.291212157926028,-0.3107262746796668
12.0,282.0,1004.1629028320312,-3.463539278044369,-4.727275236505507,-1.4363158007657335,2.1334699404495807,2.7982894747896188,1.7739676259053625,0.2648749546595169,1.3968827957093226,-2.291212142015799,-0.3107262745839196
12.0,283.0,1004.1629028320312,-3.463539278044658,-4.727277384342812,-1.4363158007657126,2.1334699404495807,2.7982750288900915,1.773968013726638,0.2648749546595169,1.3968827957093226,-2.2912121580534506,-0.3107262746796668
12.0,283.0,1004.1629028320312,-3.4635392780136147,-4.727270659384286,-1.4363158007657126,2.1334699404495807,2.7982750288900915,1.773968013726638,0.2648749546595169,1.3968827957093226,-2.2912121580534506,-0.3107262746796668
12.0,283.0,1004.1629028320312,-3.4635392780135565,-4.727269940774775,-1.436315800765675,2.1334699404495807,2.7982751235669325,1.7739680138128826,0.2648749546595169,1.3968827957093226,-2.291212158936594,-0.3107262746796668
12.0,283.0,1004.1629028320312,-3.463539278044658,-4.727277384342812,-1.4363158007657126,2.1334699404495807,2.7982894816504733,1.773968013726638,0.2648749546595169,1.3968827957093226,-2.291212142183752,-0.3107262746796668
12.0,283.0,1004.1629028320312,-3.463539278044658,-4.727269472016781,-1.436315800766533,2.1334699404495807,2.798275121853399,1.7739680057895275,0.2648749546595169,1.3968827957093226,-2.2912121574933244,-0.3107262746796668
12.0,283.0,1004.1629028320312,-3.463539278044658,-4.727277384342812,-1.4363158007657126,2.1334699404495807,2.7982894816504733,1.773968013726638,0.2648749546595169,1.3968827957093226,-2.2912121587219194,-0.3107262746796668
12.0,283.0,1004.1629028320312,-3.463539278044658,-4.727276175038317,-1.4363158007659564,2.1334699404495807,2.798288923645431,1.7739680290917086,0.2648749546595169,1.3968827957093226,-2.2912121421679066,-0.3107261716367639
12.0,283.0,1004.1629028320312,-3.4635392780156367,-4.727277384342812,-1.4363158007657126,2.1334699404495807,2.7982750288900915,1.773968013726638,0.2648749546595169,1.3968827957093226,-2.2912121580534506,-0.3107262746796668
12.0,283.0,1004.1629028320312,-3.4635392780126426,-4.7272730638061615,-1.436315800757758,2.1334699404495807,2.7982901930498905,1.773967628706016,0.2648749546595169,1.3968827957093226,-2.2912121414164366,-0.3107262746796668
12.0,283.0,1004.1629028320312,-3.463539278044658,-4.727277384342812,-1.4363158007657126,2.1334699404495807,2.7982894816504733,1.773968013726638,0.2648749546595169,1.3968827957093226,-2.291212142183752,-0.3107262746796668
12.0,283.0,1004.1629028320312,-3.463539278044658,-4.727271400338654,-1.4363158007659445,2.1334699404495807,2.798288997284521,1.7739680284324228,0.2648749546595169,1.3968827957093226,-2.291212157407058,-0.3107262770922765
12.0,283.0,1004.1629028320312,-3.463539278044658,-4.727277384342812,-1.4363158007657126,2.1334699404495807,2.798290120216812,1.773967625376634,0.2648749546595169,1.3968827957093226,-2.291212142183752,-0.3107262746796668
12.0,283.0,1004.1629028320312,-3.4635392780439576,-4.727277384342812,-1.4363158007657126,2.1334699404495807,2.798275014288018,1.773968013726638,0.2648749546595169,1.3968827957093226,-2.2912121589594268,-0.3107262746796668
12.0,283.0,1004.1629028320312,-3.4635392780447103,-4.727275297925906,-1.4363158007657335,2.1334699404495807,2.7982894747896188,1.773968030307376,0.2648749546595169,1.3968827957093226,-2.291212142015799,-0.3107262727608175
12.0,283.0,1004.1629028320312,-3.463539278041088,-4.7272730638061615,-1.436315800757758,2.1334699404495807,2.7982901930498905,1.77396799297033,0.2648749546595169,1.3968827957093226,-2.2912121414164366,-0.3107262746796668
12.0,283.0,1004.1629028320312,-3.463539278044658,-4.727267157006293,-1.436315800756988,2.1334699404495807,2.798290231536052,1.7739680057895275,0.2648749546595169,1.3968827957093226,-2.2912121574933244,-0.3107262746796668
12.0,283.0,1004.1629028320312,-3.463539278044658,-4.727279555951162,-1.4363158007657126,2.1334699404495807,2.7982750288900915,1.773968013726638,0.2648749546595169,1.3968827957093226,-2.2912121580534506,-0.3107262746796668
12.0,283.0,1004.1629028320312,-3.4635392780376537,-4.727256756244229,-1.436315800758105,2.1334699404495807,2.798291453641109,1.773967628706016,0.2648749546595169,1.3968827957093226,-2.291212141541505,-0.3107262746796668
12.0,283.0,1004.1629028320312,-3.4635392780136147,-4.727270659384286,-1.4363158007577324,2.1334699404495807,2.798275195405384,1.773968013726638,0.2648749546595169,1.3968827957093226,-2.2912121573450586,-0.3107262746796668
12.0,283.0,1004.1629028320312,-3.4635392780481435,-4.727277380072278,-1.4363158007657333,2.1334699404495807,2.7982750288900915,1.7739680119403471,0.2648749546595169,1.3968827957093226,-2.2912121427496497,-0.3107262746796668
12.0,283.0,1004.1629028320312,-3.463539278044658,-4.727277406452706,-1.4363158007657126,2.1334699404495807,2.7982743811658835,1.7739680270183853,0.2648749546595169,1.3968827957093226,-2.291212142183752,-0.3107262746796668
12.0,283.0,1004.1629028320312,-3.463539278044658,-4.727277384342812,-1.4363158007657126,2.1334699404495807,2.7982750288900915,1.773968013726638,0.2648749546595169,1.3968827957093226,-2.2912121580534506,-0.3107262746796668
12.0,283.0,1004.1629028320312,-3.4635392780136147,-4.727270659384286,-1.4363158007657126,2.1334699404495807,2.7982750288900915,1.773968013726638,0.2648749546595169,1.3968827957093226,-2.291212158921064,-0.3107262746796668
12.0,283.0,1004.1629028320312,-3.463539278015004,-4.727277384342812,-1.4363158007657126,2.1334699404495807,2.7982748510990385,1.773968013726638,0.2648749546595169,1.3968827957093226,-2.2912121576607256,-0.3107262746796668
12.0,283.0,1004.1629028320312,-3.4635392780126426,-4.727277368984782,-1.4363158007576673,2.1334699404495807,2.798290284471104,1.773967628706016,0.2648749546595169,1.3968827957093226,-2.291212142653437,-0.3107262746796668
12.0,283.0,1004.1629028320312,-3.463539278044001,-4.727277384342812,-1.4363158007657126,2.1334699404495807,2.7982894816504733,1.773968013726638,0.2648749546595169,1.3968827957093226,-2.2912121587219194,-0.3107262746796668
12.0,283.0,1004.1629028320312,-3.463539278044658,-4.7272795338412665,-1.4363158007657126,2.1334699404495807,2.7982907679410194,1.773967612084887,0.2648749546595169,1.3968827957093226,-2.2912121580534506,-0.3107262746796668
12.0,283.0,1004.1629028320312,-3.463539278044658,-4.727277384342812,-1.4363158007657126,2.1334699404495807,2.7982894816504733,1.773968013726638,0.2648749546595169,1.3968827957093226,-2.291212142183752,-0.3107262746796668
12.0,283.0,1004.1629028320312,-3.463539278044658,-4.727269758327957,-1.436315800756988,2.1334699404495807,2.798290082134164,1.773968005416266,0.2648749546595169,1.3968827957093226,-2.291212141666529,-0.3107262746796668
12.0,283.0,1004.1629028320312,-3.4635392780427767,-4.727263080518411,-1.4363158007575878,2.1334699404495807,2.798290135558844,1.773967628706016,0.2648749546595169,1.3968827957093226,-2.291212141358736,-0.3107262746796668
12.0,283.0,1004.1629028320312,-3.4635392780481435,-4.727270036530294,-1.4363158007657333,2.1334699404495807,2.7982751214308825,1.7739680119403471,0.2648749546595169,1.3968827957093226,-2.2912121423099725,-0.3107262746796668
12.0,283.0,1004.1629028320312,-3.463539278044658,-4.727271247958868,-1.4363158007569792,2.1334699404495807,2.798290022084813,1.7739680057895275,0.2648749546595169,1.3968827957093226,-2.29121215748831,-0.3107262746796668
12.0,283.0,1004.1629028320312,-3.463539278044022,-4.727278042469881,-1.4363158007568446,2.1334699404495807,2.7982761993115246,1.7739680054258011,0.2648749546595169,1.3968827957093226,-2.291212141770252,-0.3107262746796668
12.0,283.0,1004.1629028320312,-3.463539278044561,-4.727277406452706,-1.4363158007657126,2.1334699404495807,2.7982743811658835,1.773967984742292,0.2648749546595169,1.3968827957093226,-2.291212142183752,-0.3107262746796668
12.0,283.0,1004.1629028320312,-3.463539278044904,-4.727277384342812,-1.4363158007657126,2.1334699404495807,2.798289486460873,1.7739680052579,0.2648749546595169,1.3968827957093226,-2.291212140570164,-0.3107262746796668
12.0,283.0,1004.1629028320312,-3.4635392780447103,-4.727275297925906,-1.4363158007657126,2.1334699404495807,2.7982894747896188,1.773968030307376,0.2648749546595169,1.3968827957093226,-2.291212158431517,-0.3107262727327382
12.0,283.0,1004.1629028320312,-3.463539278046152,-4.727269472016781,-1.436315800766614,2.1334699404495807,2.798275121853399,1.7739680057895275,0.2648749546595169,1.3968827957093226,-2.291212156637875,-0.3107262746796668
12.0,283.0,1004.1629028320312,-3.463539278044658,-4.727271400338654,-1.4363158007659445,2.1334699404495807,2.798288997284521,1.7739675918402116,0.2648749546595169,1.3968827957093226,-2.291212158073975,-0.3107262770922765
12.0,283.0,1004.1629028320312,-3.4635392780447103,-4.727275289642649,-1.4363158007657335,2.1334699404495807,2.7982894747896188,1.7739680304465335,0.2648749546595169,1.3968827957093226,-2.291212142015799,-0.3107262745839196
12.0,283.0,1004.1629028320312,-3.4635392780410634,-4.727263080518411,-1.4363158007575878,2.1334699404495807,2.798290135558844,1.7739676086767016,0.2648749546595169,1.3968827957093226,-2.291212141358736,-0.3107262746796668
12.0,283.0,1004.1629028320312,-3.463539278044658,-4.7272795338412665,-1.4363158007657126,2.1334699404495807,2.7982907679410194,1.773967612084887,0.2648749546595169,1.3968827957093226,-2.2912121580534506,-0.3107262746796668
12.0,283.0,1004.1629028320312,-3.463539278044658,-4.72727150576411,-1.4363158007657024,2.1334699404495807,2.7982894778710383,1.7739680284948487,0.2648749546595169,1.3968827957093226,-2.291212142306682,-0.3107262770922765
12.0,283.0,1004.1629028320312,-3.4635392780156367,-4.727277384342812,-1.4363158007657335,2.1334699404495807,2.7982750288900915,1.773968013726638,0.2648749546595169,1.3968827957093226,-2.291212141637732,-0.3107262747077462
12.0,283.0,1004.1629028320312,-3.463539278044658,-4.7272795338412665,-1.4363158007657126,2.1334699404495807,2.7982907679410194,1.7739680486770986,0.2648749546595169,1.3968827957093226,-2.291212157386534,-0.3107262746796668
12.0,283.0,1004.1629028320312,-3.463539278044001,-4.727277384342812,-1.4363158007657126,2.1334699404495807,2.7982894816504733,1.773968013726638,0.2648749546595169,1.3968827957093226,-2.2912121589811227,-0.3107262746796668
12.0,283.0,1004.1629028320312,-3.463539278044658,-4.727267157006293,-1.436315800756988,2.1334699404495807,2.798290231536052,1.7739680139079643,0.2648749546595169,1.3968827957093226,-2.291212158083274,-0.3107262746796668
12.0,283.0,1004.1629028320312,-3.4635392780447103,-4.727275297925906,-1.4363158007657335,2.1334699404495807,2.7982894747896188,1.773968030307376,0.2648749546595169,1.3968827957093226,-2.291212142015799,-0.3107262727608175
12.0,283.0,1004.1629028320312,-3.4635392780143666,-4.727270470051437,-1.4363158007659564,2.1334699404495807,2.79827536664099,1.7739680290917086,0.2648749546595169,1.3968827957093226,-2.2912121588033694,-0.3107261716367639
12.0,283.0,1004.1629028320312,-3.463539278041088,-4.727279746833651,-1.436315800757758,2.1334699404495807,2.798290165590521,1.77396798063964,0.2648749546595169,1.3968827957093226,-2.291212157926028,-0.3107262746796668
12.0,283.0,1004.1629028320312,-3.463539278044369,-4.727275236505507,-1.4363158007657335,2.1334699404495807,2.7982894747896188,1.7739676259053625,0.2648749546595169,1.3968827957093226,-2.291212142015799,-0.3107262745839196
12.0,284.0,1004.1629028320312,-3.463539278044658,-4.727277384342812,-1.4363158007657126,2.1334699404495807,2.7982750288900915,1.773968013726638,0.2648749546595169,1.3968827957093226,-2.2912121580534506,-0.3107262746796668
12.0,284.0,1004.1629028320312,-3.4635392780136147,-4.727270659384286,-1.4363158007657126,2.1334699404495807,2.7982750288900915,1.773968013726638,0.2648749546595169,1.3968827957093226,-2.2912121580534506,-0.3107262746796668
12.0,284.0,1004.1629028320312,-3.4635392780135565,-4.727269940774775,-1.436315800765675,2.1334699404495807,2.7982751235669325,1.7739680138128826,0.2648749546595169,1.3968827957093226,-2.291212158936594,-0.3107262746796668
12.0,284.0,1004.1629028320312,-3.463539278044658,-4.727277384342812,-1.4363158007657126,2.1334699404495807,2.7982894816504733,1.773968013726638,0.2648749546595169,1.3968827957093226,-2.291212142183752,-0.3107262746796668
12.0,284.0,1004.1629028320312,-3.463539278044658,-4.727269472016781,-1.436315800766533,2.1334699404495807,2.798275121853399,1.7739680057895275,0.2648749546595169,1.3968827957093226,-2.2912121574933244,-0.3107262746796668
12.0,284.0,1004.1629028320312,-3.463539278044658,-4.727277384342812,-1.4363158007657126,2.1334699404495807,2.7982894816504733,1.773968013726638,0.2648749546595169,1.3968827957093226,-2.2912121587219194,-0.3107262746796668
12.0,284.0,1004.1629028320312,-3.463539278044658,-4.727276175038317,-1.4363158007659564,2.1334699404495807,2.798288923645431,1.7739680290917086,0.2648749546595169,1.3968827957093226,-2.2912121421679066,-0.3107261716367639
12.0,284.0,1004.1629028320312,-3.4635392780156367,-4.727277384342812,-1.4363158007657126,2.1334699404495807,2.7982750288900915,1.773968013726638,0.2648749546595169,1.3968827957093226,-2.2912121580534506,-0.3107262746796668
12.0,284.0,1004.1629028320312,-3.4635392780126426,-4.7272730638061615,-1.436315800757758,2.1334699404495807,2.7982901930498905,1.773967628706016,0.2648749546595169,1.3968827957093226,-2.2912121414164366,-0.3107262746796668
12.0,284.0,1004.1629028320312,-3.463539278044658,-4.727277384342812,-1.4363158007657126,2.1334699404495807,2.7982894816504733,1.773968013726638,0.2648749546595169,1.3968827957093226,-2.291212142183752,-0.3107262746796668
12.0,284.0,1004.1629028320312,-3.463539278044658,-4.727271400338654,-1.4363158007659445,2.1334699404495807,2.798288997284521,1.7739680284324228,0.2648749546595169,1.3968827957093226,-2.291212157407058,-0.3107262770922765
12.0,284.0,1004.1629028320312,-3.463539278044658,-4.727277384342812,-1.4363158007657126,2.1334699404495807,2.798290120216812,1.773967625376634,0.2648749546595169,1.3968827957093226,-2.291212142183752,-0.3107262746796668
12.0,284.0,1004.1629028320312,-3.4635392780439576,-4.727277384342812,-1.4363158007657126,2.1334699404495807,2.798275014288018,1.773968013726638,0.2648749546595169,1.3968827957093226,-2.2912121589594268,-0.3107262746796668
12.0,284.0,1004.1629028320312,-3.4635392780447103,-4.727275297925906,-1.4363158007657335,2.1334699404495807,2.7982894747896188,1.773968030307376,0.2648749546595169,1.3968827957093226,-2.291212142015799,-0.3107262727608175
12.0,284.0,1004.1629028320312,-3.463539278041088,-4.7272730638061615,-1.436315800757758,2.1334699404495807,2.7982901930498905,1.77396799297033,0.2648749546595169,1.3968827957093226,-2.2912121414164366,-0.3107262746796668
12.0,284.0,1004.1629028320312,-3.463539278044658,-4.727267157006293,-1.436315800756988,2.1334699404495807,2.798290231536052,1.7739680057895275,0.2648749546595169,1.3968827957093226,-2.2912121574933244,-0.3107262746796668
12.0,284.0,1004.1629028320312,-3.463539278044658,-4.727279555951162,-1.4363158007657126,2.1334699404495807,2.7982750288900915,1.773968013726638,0.2648749546595169,1.3968827957093226,-2.2912121580534506,-0.3107262746796668
12.0,284.0,1004.1629028320312,-3.4635392780376537,-4.727256756244229,-1.436315800758105,2.1334699404495807,2.798291453641109,1.773967628706016,0.2648749546595169,1.3968827957093226,-2.291212141541505,-0.3107262746796668
12.0,284.0,1004.1629028320312,-3.4635392780136147,-4.727270659384286,-1.4363158007577324,2.1334699404495807,2.798275195405384,1.773968013726638,0.2648749546595169,1.3968827957093226,-2.2912121573450586,-0.3107262746796668
12.0,284.0,1004.1629028320312,-3.4635392780481435,-4.727277380072278,-1.4363158007657333,2.1334699404495807,2.7982750288900915,1.7739680119403471,0.2648749546595169,1.3968827957093226,-2.2912121427496497,-0.3107262746796668
12.0,284.0,1004.1629028320312,-3.463539278044658,-4.727277406452706,-1.4363158007657126,2.1334699404495807,2.7982743811658835,1.7739680270183853,0.2648749546595169,1.3968827957093226,-2.291212142183752,-0.3107262746796668
12.0,284.0,1004.1629028320312,-3.463539278044658,-4.727277384342812,-1.4363158007657126,2.1334699404495807,2.7982750288900915,1.773968013726638,0.2648749546595169,1.3968827957093226,-2.2912121580534506,-0.3107262746796668
12.0,284.0,1004.1629028320312,-3.4635392780136147,-4.727270659384286,-1.4363158007657126,2.1334699404495807,2.7982750288900915,1.773968013726638,0.2648749546595169,1.3968827957093226,-2.291212158921064,-0.3107262746796668
12.0,284.0,1004.1629028320312,-3.463539278015004,-4.727277384342812,-1.4363158007657126,2.1334699404495807,2.7982748510990385,1.773968013726638,0.2648749546595169,1.3968827957093226,-2.2912121576607256,-0.3107262746796668
12.0,284.0,1004.1629028320312,-3.4635392780126426,-4.727277368984782,-1.4363158007576673,2.1334699404495807,2.798290284471104,1.773967628706016,0.2648749546595169,1.3968827957093226,-2.291212142653437,-0.3107262746796668
12.0,284.0,1004.1629028320312,-3.463539278044001,-4.727277384342812,-1.4363158007657126,2.1334699404495807,2.7982894816504733,1.773968013726638,0.2648749546595169,1.3968827957093226,-2.2912121587219194,-0.3107262746796668
12.0,284.0,1004.1629028320312,-3.463539278044658,-4.7272795338412665,-1.4363158007657126,2.1334699404495807,2.7982907679410194,1.773967612084887,0.2648749546595169,1.3968827957093226,-2.2912121580534506,-0.3107262746796668
12.0,284.0,1004.1629028320312,-3.463539278044658,-4.727277384342812,-1.4363158007657126,2.1334699404495807,2.7982894816504733,1.773968013726638,0.2648749546595169,1.3968827957093226,-2.291212142183752,-0.3107262746796668
12.0,284.0,1004.1629028320312,-3.463539278044658,-4.727269758327957,-1.436315800756988,2.1334699404495807,2.798290082134164,1.773968005416266,0.2648749546595169,1.3968827957093226,-2.291212141666529,-0.3107262746796668
12.0,284.0,1004.1629028320312,-3.4635392780427767,-4.727263080518411,-1.4363158007575878,2.1334699404495807,2.798290135558844,1.773967628706016,0.2648749546595169,1.3968827957093226,-2.291212141358736,-0.3107262746796668
12.0,284.0,1004.1629028320312,-3.4635392780481435,-4.727270036530294,-1.4363158007657333,2.1334699404495807,2.7982751214308825,1.7739680119403471,0.2648749546595169,1.3968827957093226,-2.2912121423099725,-0.3107262746796668
12.0,284.0,1004.1629028320312,-3.463539278044658,-4.727271247958868,-1.4363158007569792,2.1334699404495807,2.798290022084813,1.7739680057895275,0.2648749546595169,1.3968827957093226,-2.29121215748831,-0.3107262746796668
12.0,284.0,1004.1629028320312,-3.463539278044022,-4.727278042469881,-1.4363158007568446,2.1334699404495807,2.7982761993115246,1.7739680054258011,0.2648749546595169,1.3968827957093226,-2.291212141770252,-0.3107262746796668
12.0,284.0,1004.1629028320312,-3.463539278044561,-4.727277406452706,-1.4363158007657126,2.1334699404495807,2.7982743811658835,1.773967984742292,0.2648749546595169,1.3968827957093226,-2.291212142183752,-0.3107262746796668
12.0,284.0,1004.1629028320312,-3.463539278044904,-4.727277384342812,-1.4363158007657126,2.1334699404495807,2.798289486460873,1.7739680052579,0.2648749546595169,1.3968827957093226,-2.291212140570164,-0.3107262746796668
12.0,284.0,1004.1629028320312,-3.4635392780447103,-4.727275297925906,-1.4363158007657126,2.1334699404495807,2.7982894747896188,1.773968030307376,0.2648749546595169,1.3968827957093226,-2.291212158431517,-0.3107262727327382
12.0,284.0,1004.1629028320312,-3.463539278046152,-4.727269472016781,-1.436315800766614,2.1334699404495807,2.798275121853399,1.7739680057895275,0.2648749546595169,1.3968827957093226,-2.291212156637875,-0.3107262746796668
12.0,284.0,1004.1629028320312,-3.463539278044658,-4.727271400338654,-1.4363158007659445,2.1334699404495807,2.798288997284521,1.7739675918402116,0.2648749546595169,1.3968827957093226,-2.291212158073975,-0.3107262770922765
12.0,284.0,1004.1629028320312,-3.4635392780447103,-4.727275289642649,-1.4363158007657335,2.1334699404495807,2.7982894747896188,1.7739680304465335,0.2648749546595169,1.3968827957093226,-2.291212142015799,-0.3107262745839196
12.0,284.0,1004.1629028320312,-3.4635392780410634,-4.727263080518411,-1.4363158007575878,2.1334699404495807,2.798290135558844,1.7739676086767016,0.2648749546595169,1.3968827957093226,-2.291212141358736,-0.3107262746796668
12.0,284.0,1004.1629028320312,-3.463539278044658,-4.7272795338412665,-1.4363158007657126,2.1334699404495807,2.7982907679410194,1.773967612084887,0.2648749546595169,1.3968827957093226,-2.2912121580534506,-0.3107262746796668
12.0,284.0,1004.1629028320312,-3.463539278044658,-4.72727150576411,-1.4363158007657024,2.1334699404495807,2.7982894778710383,1.7739680284948487,0.2648749546595169,1.3968827957093226,-2.291212142306682,-0.3107262770922765
12.0,284.0,1004.1629028320312,-3.4635392780156367,-4.727277384342812,-1.4363158007657335,2.1334699404495807,2.7982750288900915,1.773968013726638,0.2648749546595169,1.3968827957093226,-2.291212141637732,-0.3107262747077462
12.0,284.0,1004.1629028320312,-3.463539278044658,-4.7272795338412665,-1.4363158007657126,2.1334699404495807,2.7982907679410194,1.7739680486770986,0.2648749546595169,1.3968827957093226,-2.291212157386534,-0.3107262746796668
12.0,284.0,1004.1629028320312,-3.463539278044001,-4.727277384342812,-1.4363158007657126,2.1334699404495807,2.7982894816504733,1.773968013726638,0.2648749546595169,1.3968827957093226,-2.2912121589811227,-0.3107262746796668
12.0,284.0,1004.1629028320312,-3.463539278044658,-4.727267157006293,-1.436315800756988,2.1334699404495807,2.798290231536052,1.7739680139079643,0.2648749546595169,1.3968827957093226,-2.291212158083274,-0.3107262746796668
12.0,284.0,1004.1629028320312,-3.4635392780447103,-4.727275297925906,-1.4363158007657335,2.1334699404495807,2.7982894747896188,1.773968030307376,0.2648749546595169,1.3968827957093226,-2.291212142015799,-0.3107262727608175
12.0,284.0,1004.1629028320312,-3.4635392780143666,-4.727270470051437,-1.4363158007659564,2.1334699404495807,2.79827536664099,1.7739680290917086,0.2648749546595169,1.3968827957093226,-2.2912121588033694,-0.3107261716367639
12.0,284.0,1004.1629028320312,-3.463539278041088,-4.727279746833651,-1.436315800757758,2.1334699404495807,2.798290165590521,1.77396798063964,0.2648749546595169,1.3968827957093226,-2.291212157926028,-0.3107262746796668
12.0,284.0,1004.1629028320312,-3.463539278044369,-4.727275236505507,-1.4363158007657335,2.1334699404495807,2.7982894747896188,1.7739676259053625,0.2648749546595169,1.3968827957093226,-2.291212142015799,-0.3107262745839196
12.0,285.0,1004.1629028320312,-3.463539278044658,-4.727277384342812,-1.4363158007657126,2.1334699404495807,2.7982750288900915,1.773968013726638,0.2648749546595169,1.3968827957093226,-2.2912121580534506,-0.3107262746796668
12.0,285.0,1004.1629028320312,-3.4635392780136147,-4.727270659384286,-1.4363158007657126,2.1334699404495807,2.7982750288900915,1.773968013726638,0.2648749546595169,1.3968827957093226,-2.2912121580534506,-0.3107262746796668
12.0,285.0,1004.1629028320312,-3.4635392780135565,-4.727269940774775,-1.436315800765675,2.1334699404495807,2.7982751235669325,1.7739680138128826,0.2648749546595169,1.3968827957093226,-2.291212158936594,-0.3107262746796668
12.0,285.0,1004.1629028320312,-3.463539278044658,-4.727277384342812,-1.4363158007657126,2.1334699404495807,2.7982894816504733,1.773968013726638,0.2648749546595169,1.3968827957093226,-2.291212142183752,-0.3107262746796668
12.0,285.0,1004.1629028320312,-3.463539278044658,-4.727269472016781,-1.436315800766533,2.1334699404495807,2.798275121853399,1.7739680057895275,0.2648749546595169,1.3968827957093226,-2.2912121574933244,-0.3107262746796668
12.0,285.0,1004.1629028320312,-3.463539278044658,-4.727277384342812,-1.4363158007657126,2.1334699404495807,2.7982894816504733,1.773968013726638,0.2648749546595169,1.3968827957093226,-2.2912121587219194,-0.3107262746796668
12.0,285.0,1004.1629028320312,-3.463539278044658,-4.727276175038317,-1.4363158007659564,2.1334699404495807,2.798288923645431,1.7739680290917086,0.2648749546595169,1.3968827957093226,-2.2912121421679066,-0.3107261716367639
12.0,285.0,1004.1629028320312,-3.4635392780156367,-4.727277384342812,-1.4363158007657126,2.1334699404495807,2.7982750288900915,1.773968013726638,0.2648749546595169,1.3968827957093226,-2.2912121580534506,-0.3107262746796668
12.0,285.0,1004.1629028320312,-3.4635392780126426,-4.7272730638061615,-1.436315800757758,2.1334699404495807,2.7982901930498905,1.773967628706016,0.2648749546595169,1.3968827957093226,-2.2912121414164366,-0.3107262746796668
12.0,285.0,1004.1629028320312,-3.463539278044658,-4.727277384342812,-1.4363158007657126,2.1334699404495807,2.7982894816504733,1.773968013726638,0.2648749546595169,1.3968827957093226,-2.291212142183752,-0.3107262746796668
12.0,285.0,1004.1629028320312,-3.463539278044658,-4.727271400338654,-1.4363158007659445,2.1334699404495807,2.798288997284521,1.7739680284324228,0.2648749546595169,1.3968827957093226,-2.291212157407058,-0.3107262770922765
12.0,285.0,1004.1629028320312,-3.463539278044658,-4.727277384342812,-1.4363158007657126,2.1334699404495807,2.798290120216812,1.773967625376634,0.2648749546595169,1.3968827957093226,-2.291212142183752,-0.3107262746796668
12.0,285.0,1004.1629028320312,-3.4635392780439576,-4.727277384342812,-1.4363158007657126,2.1334699404495807,2.798275014288018,1.773968013726638,0.2648749546595169,1.3968827957093226,-2.2912121589594268,-0.3107262746796668
12.0,285.0,1004.1629028320312,-3.4635392780447103,-4.727275297925906,-1.4363158007657335,2.1334699404495807,2.7982894747896188,1.773968030307376,0.2648749546595169,1.3968827957093226,-2.291212142015799,-0.3107262727608175
12.0,285.0,1004.1629028320312,-3.463539278041088,-4.7272730638061615,-1.436315800757758,2.1334699404495807,2.7982901930498905,1.77396799297033,0.2648749546595169,1.3968827957093226,-2.2912121414164366,-0.3107262746796668
12.0,285.0,1004.1629028320312,-3.463539278044658,-4.727267157006293,-1.436315800756988,2.1334699404495807,2.798290231536052,1.7739680057895275,0.2648749546595169,1.3968827957093226,-2.2912121574933244,-0.3107262746796668
12.0,285.0,1004.1629028320312,-3.463539278044658,-4.727279555951162,-1.4363158007657126,2.1334699404495807,2.7982750288900915,1.773968013726638,0.2648749546595169,1.3968827957093226,-2.2912121580534506,-0.3107262746796668
12.0,285.0,1004.1629028320312,-3.4635392780376537,-4.727256756244229,-1.436315800758105,2.1334699404495807,2.798291453641109,1.773967628706016,0.2648749546595169,1.3968827957093226,-2.291212141541505,-0.3107262746796668
12.0,285.0,1004.1629028320312,-3.4635392780136147,-4.727270659384286,-1.4363158007577324,2.1334699404495807,2.798275195405384,1.773968013726638,0.2648749546595169,1.3968827957093226,-2.2912121573450586,-0.3107262746796668
12.0,285.0,1004.1629028320312,-3.4635392780481435,-4.727277380072278,-1.4363158007657333,2.1334699404495807,2.7982750288900915,1.7739680119403471,0.2648749546595169,1.3968827957093226,-2.2912121427496497,-0.3107262746796668
12.0,285.0,1004.1629028320312,-3.463539278044658,-4.727277406452706,-1.4363158007657126,2.1334699404495807,2.7982743811658835,1.7739680270183853,0.2648749546595169,1.3968827957093226,-2.291212142183752,-0.3107262746796668
12.0,285.0,1004.1629028320312,-3.463539278044658,-4.727277384342812,-1.4363158007657126,2.1334699404495807,2.7982750288900915,1.773968013726638,0.2648749546595169,1.3968827957093226,-2.2912121580534506,-0.3107262746796668
12.0,285.0,1004.1629028320312,-3.4635392780136147,-4.727270659384286,-1.4363158007657126,2.1334699404495807,2.7982750288900915,1.773968013726638,0.2648749546595169,1.3968827957093226,-2.291212158921064,-0.3107262746796668
12.0,285.0,1004.1629028320312,-3.463539278015004,-4.727277384342812,-1.4363158007657126,2.1334699404495807,2.7982748510990385,1.773968013726638,0.2648749546595169,1.3968827957093226,-2.2912121576607256,-0.3107262746796668
12.0,285.0,1004.1629028320312,-3.4635392780126426,-4.727277368984782,-1.4363158007576673,2.1334699404495807,2.798290284471104,1.773967628706016,0.2648749546595169,1.3968827957093226,-2.291212142653437,-0.3107262746796668
12.0,285.0,1004.1629028320312,-3.463539278044001,-4.727277384342812,-1.4363158007657126,2.1334699404495807,2.7982894816504733,1.773968013726638,0.2648749546595169,1.3968827957093226,-2.2912121587219194,-0.3107262746796668
12.0,285.0,1004.1629028320312,-3.463539278044658,-4.7272795338412665,-1.4363158007657126,2.1334699404495807,2.7982907679410194,1.773967612084887,0.2648749546595169,1.3968827957093226,-2.2912121580534506,-0.3107262746796668
12.0,285.0,1004.1629028320312,-3.463539278044658,-4.727277384342812,-1.4363158007657126,2.1334699404495807,2.7982894816504733,1.773968013726638,0.2648749546595169,1.3968827957093226,-2.291212142183752,-0.3107262746796668
12.0,285.0,1004.1629028320312,-3.463539278044658,-4.727269758327957,-1.436315800756988,2.1334699404495807,2.798290082134164,1.773968005416266,0.2648749546595169,1.3968827957093226,-2.291212141666529,-0.3107262746796668
12.0,285.0,1004.1629028320312,-3.4635392780427767,-4.727263080518411,-1.4363158007575878,2.1334699404495807,2.798290135558844,1.773967628706016,0.2648749546595169,1.3968827957093226,-2.291212141358736,-0.3107262746796668
12.0,285.0,1004.1629028320312,-3.4635392780481435,-4.727270036530294,-1.4363158007657333,2.1334699404495807,2.7982751214308825,1.7739680119403471,0.2648749546595169,1.3968827957093226,-2.2912121423099725,-0.3107262746796668
12.0,285.0,1004.1629028320312,-3.463539278044658,-4.727271247958868,-1.4363158007569792,2.1334699404495807,2.798290022084813,1.7739680057895275,0.2648749546595169,1.3968827957093226,-2.29121215748831,-0.3107262746796668
12.0,285.0,1004.1629028320312,-3.463539278044022,-4.727278042469881,-1.4363158007568446,2.1334699404495807,2.7982761993115246,1.7739680054258011,0.2648749546595169,1.3968827957093226,-2.291212141770252,-0.3107262746796668
12.0,285.0,1004.1629028320312,-3.463539278044561,-4.727277406452706,-1.4363158007657126,2.1334699404495807,2.7982743811658835,1.773967984742292,0.2648749546595169,1.3968827957093226,-2.291212142183752,-0.3107262746796668
12.0,285.0,1004.1629028320312,-3.463539278044904,-4.727277384342812,-1.4363158007657126,2.1334699404495807,2.798289486460873,1.7739680052579,0.2648749546595169,1.3968827957093226,-2.291212140570164,-0.3107262746796668
12.0,285.0,1004.1629028320312,-3.4635392780447103,-4.727275297925906,-1.4363158007657126,2.1334699404495807,2.7982894747896188,1.773968030307376,0.2648749546595169,1.3968827957093226,-2.291212158431517,-0.3107262727327382
12.0,285.0,1004.1629028320312,-3.463539278046152,-4.727269472016781,-1.436315800766614,2.1334699404495807,2.798275121853399,1.7739680057895275,0.2648749546595169,1.3968827957093226,-2.291212156637875,-0.3107262746796668
12.0,285.0,1004.1629028320312,-3.463539278044658,-4.727271400338654,-1.4363158007659445,2.1334699404495807,2.798288997284521,1.7739675918402116,0.2648749546595169,1.3968827957093226,-2.291212158073975,-0.3107262770922765
12.0,285.0,1004.1629028320312,-3.4635392780447103,-4.727275289642649,-1.4363158007657335,2.1334699404495807,2.7982894747896188,1.7739680304465335,0.2648749546595169,1.3968827957093226,-2.291212142015799,-0.3107262745839196
12.0,285.0,1004.1629028320312,-3.4635392780410634,-4.727263080518411,-1.4363158007575878,2.1334699404495807,2.798290135558844,1.7739676086767016,0.2648749546595169,1.3968827957093226,-2.291212141358736,-0.3107262746796668
12.0,285.0,1004.1629028320312,-3.463539278044658,-4.7272795338412665,-1.4363158007657126,2.1334699404495807,2.7982907679410194,1.773967612084887,0.2648749546595169,1.3968827957093226,-2.2912121580534506,-0.3107262746796668
12.0,285.0,1004.1629028320312,-3.463539278044658,-4.72727150576411,-1.4363158007657024,2.1334699404495807,2.7982894778710383,1.7739680284948487,0.2648749546595169,1.3968827957093226,-2.291212142306682,-0.3107262770922765
12.0,285.0,1004.1629028320312,-3.4635392780156367,-4.727277384342812,-1.4363158007657335,2.1334699404495807,2.7982750288900915,1.773968013726638,0.2648749546595169,1.3968827957093226,-2.291212141637732,-0.3107262747077462
12.0,285.0,1004.1629028320312,-3.463539278044658,-4.7272795338412665,-1.4363158007657126,2.1334699404495807,2.7982907679410194,1.7739680486770986,0.2648749546595169,1.3968827957093226,-2.291212157386534,-0.3107262746796668
12.0,285.0,1004.1629028320312,-3.463539278044001,-4.727277384342812,-1.4363158007657126,2.1334699404495807,2.7982894816504733,1.773968013726638,0.2648749546595169,1.3968827957093226,-2.2912121589811227,-0.3107262746796668
12.0,285.0,1004.1629028320312,-3.463539278044658,-4.727267157006293,-1.436315800756988,2.1334699404495807,2.798290231536052,1.7739680139079643,0.2648749546595169,1.3968827957093226,-2.291212158083274,-0.3107262746796668
12.0,285.0,1004.1629028320312,-3.4635392780447103,-4.727275297925906,-1.4363158007657335,2.1334699404495807,2.7982894747896188,1.773968030307376,0.2648749546595169,1.3968827957093226,-2.291212142015799,-0.3107262727608175
12.0,285.0,1004.1629028320312,-3.4635392780143666,-4.727270470051437,-1.4363158007659564,2.1334699404495807,2.79827536664099,1.7739680290917086,0.2648749546595169,1.3968827957093226,-2.2912121588033694,-0.3107261716367639
12.0,285.0,1004.1629028320312,-3.463539278041088,-4.727279746833651,-1.436315800757758,2.1334699404495807,2.798290165590521,1.77396798063964,0.2648749546595169,1.3968827957093226,-2.291212157926028,-0.3107262746796668
12.0,285.0,1004.1629028320312,-3.463539278044369,-4.727275236505507,-1.4363158007657335,2.1334699404495807,2.7982894747896188,1.7739676259053625,0.2648749546595169,1.3968827957093226,-2.291212142015799,-0.3107262745839196
12.0,286.0,1004.1629028320312,-3.463539278044658,-4.727277384342812,-1.4363158007657126,2.1334699404495807,2.7982750288900915,1.773968013726638,0.2648749546595169,1.3968827957093226,-2.2912121580534506,-0.3107262746796668
12.0,286.0,1004.1629028320312,-3.4635392780136147,-4.727270659384286,-1.4363158007657126,2.1334699404495807,2.7982750288900915,1.773968013726638,0.2648749546595169,1.3968827957093226,-2.2912121580534506,-0.3107262746796668
12.0,286.0,1004.1629028320312,-3.4635392780135565,-4.727269940774775,-1.436315800765675,2.1334699404495807,2.7982751235669325,1.7739680138128826,0.2648749546595169,1.3968827957093226,-2.291212158936594,-0.3107262746796668
12.0,286.0,1004.1629028320312,-3.463539278044658,-4.727277384342812,-1.4363158007657126,2.1334699404495807,2.7982894816504733,1.773968013726638,0.2648749546595169,1.3968827957093226,-2.291212142183752,-0.3107262746796668
12.0,286.0,1004.1629028320312,-3.463539278044658,-4.727269472016781,-1.436315800766533,2.1334699404495807,2.798275121853399,1.7739680057895275,0.2648749546595169,1.3968827957093226,-2.2912121574933244,-0.3107262746796668
12.0,286.0,1004.1629028320312,-3.463539278044658,-4.727277384342812,-1.4363158007657126,2.1334699404495807,2.7982894816504733,1.773968013726638,0.2648749546595169,1.3968827957093226,-2.2912121587219194,-0.3107262746796668
12.0,286.0,1004.1629028320312,-3.463539278044658,-4.727276175038317,-1.4363158007659564,2.1334699404495807,2.798288923645431,1.7739680290917086,0.2648749546595169,1.3968827957093226,-2.2912121421679066,-0.3107261716367639
12.0,286.0,1004.1629028320312,-3.4635392780156367,-4.727277384342812,-1.4363158007657126,2.1334699404495807,2.7982750288900915,1.773968013726638,0.2648749546595169,1.3968827957093226,-2.2912121580534506,-0.3107262746796668
12.0,286.0,1004.1629028320312,-3.4635392780126426,-4.7272730638061615,-1.436315800757758,2.1334699404495807,2.7982901930498905,1.773967628706016,0.2648749546595169,1.3968827957093226,-2.2912121414164366,-0.3107262746796668
12.0,286.0,1004.1629028320312,-3.463539278044658,-4.727277384342812,-1.4363158007657126,2.1334699404495807,2.7982894816504733,1.773968013726638,0.2648749546595169,1.3968827957093226,-2.291212142183752,-0.3107262746796668
12.0,286.0,1004.1629028320312,-3.463539278044658,-4.727271400338654,-1.4363158007659445,2.1334699404495807,2.798288997284521,1.7739680284324228,0.2648749546595169,1.3968827957093226,-2.291212157407058,-0.3107262770922765
12.0,286.0,1004.1629028320312,-3.463539278044658,-4.727277384342812,-1.4363158007657126,2.1334699404495807,2.798290120216812,1.773967625376634,0.2648749546595169,1.3968827957093226,-2.291212142183752,-0.3107262746796668
12.0,286.0,1004.1629028320312,-3.4635392780439576,-4.727277384342812,-1.4363158007657126,2.1334699404495807,2.798275014288018,1.773968013726638,0.2648749546595169,1.3968827957093226,-2.2912121589594268,-0.3107262746796668
12.0,286.0,1004.1629028320312,-3.4635392780447103,-4.727275297925906,-1.4363158007657335,2.1334699404495807,2.7982894747896188,1.773968030307376,0.2648749546595169,1.3968827957093226,-2.291212142015799,-0.3107262727608175
12.0,286.0,1004.1629028320312,-3.463539278041088,-4.7272730638061615,-1.436315800757758,2.1334699404495807,2.7982901930498905,1.77396799297033,0.2648749546595169,1.3968827957093226,-2.2912121414164366,-0.3107262746796668
12.0,286.0,1004.1629028320312,-3.463539278044658,-4.727267157006293,-1.436315800756988,2.1334699404495807,2.798290231536052,1.7739680057895275,0.2648749546595169,1.3968827957093226,-2.2912121574933244,-0.3107262746796668
12.0,286.0,1004.1629028320312,-3.463539278044658,-4.727279555951162,-1.4363158007657126,2.1334699404495807,2.7982750288900915,1.773968013726638,0.2648749546595169,1.3968827957093226,-2.2912121580534506,-0.3107262746796668
12.0,286.0,1004.1629028320312,-3.4635392780376537,-4.727256756244229,-1.436315800758105,2.1334699404495807,2.798291453641109,1.773967628706016,0.2648749546595169,1.3968827957093226,-2.291212141541505,-0.3107262746796668
12.0,286.0,1004.1629028320312,-3.4635392780136147,-4.727270659384286,-1.4363158007577324,2.1334699404495807,2.798275195405384,1.773968013726638,0.2648749546595169,1.3968827957093226,-2.2912121573450586,-0.3107262746796668
12.0,286.0,1004.1629028320312,-3.4635392780481435,-4.727277380072278,-1.4363158007657333,2.1334699404495807,2.7982750288900915,1.7739680119403471,0.2648749546595169,1.3968827957093226,-2.2912121427496497,-0.3107262746796668
12.0,286.0,1004.1629028320312,-3.463539278044658,-4.727277406452706,-1.4363158007657126,2.1334699404495807,2.7982743811658835,1.7739680270183853,0.2648749546595169,1.3968827957093226,-2.291212142183752,-0.3107262746796668
12.0,286.0,1004.1629028320312,-3.463539278044658,-4.727277384342812,-1.4363158007657126,2.1334699404495807,2.7982750288900915,1.773968013726638,0.2648749546595169,1.3968827957093226,-2.2912121580534506,-0.3107262746796668
12.0,286.0,1004.1629028320312,-3.4635392780136147,-4.727270659384286,-1.4363158007657126,2.1334699404495807,2.7982750288900915,1.773968013726638,0.2648749546595169,1.3968827957093226,-2.291212158921064,-0.3107262746796668
12.0,286.0,1004.1629028320312,-3.463539278015004,-4.727277384342812,-1.4363158007657126,2.1334699404495807,2.7982748510990385,1.773968013726638,0.2648749546595169,1.3968827957093226,-2.2912121576607256,-0.3107262746796668
12.0,286.0,1004.1629028320312,-3.4635392780126426,-4.727277368984782,-1.4363158007576673,2.1334699404495807,2.798290284471104,1.773967628706016,0.2648749546595169,1.3968827957093226,-2.291212142653437,-0.3107262746796668
12.0,286.0,1004.1629028320312,-3.463539278044001,-4.727277384342812,-1.4363158007657126,2.1334699404495807,2.7982894816504733,1.773968013726638,0.2648749546595169,1.3968827957093226,-2.2912121587219194,-0.3107262746796668
12.0,286.0,1004.1629028320312,-3.463539278044658,-4.7272795338412665,-1.4363158007657126,2.1334699404495807,2.7982907679410194,1.773967612084887,0.2648749546595169,1.3968827957093226,-2.2912121580534506,-0.3107262746796668
12.0,286.0,1004.1629028320312,-3.463539278044658,-4.727277384342812,-1.4363158007657126,2.1334699404495807,2.7982894816504733,1.773968013726638,0.2648749546595169,1.3968827957093226,-2.291212142183752,-0.3107262746796668
12.0,286.0,1004.1629028320312,-3.463539278044658,-4.727269758327957,-1.436315800756988,2.1334699404495807,2.798290082134164,1.773968005416266,0.2648749546595169,1.3968827957093226,-2.291212141666529,-0.3107262746796668
12.0,286.0,1004.1629028320312,-3.4635392780427767,-4.727263080518411,-1.4363158007575878,2.1334699404495807,2.798290135558844,1.773967628706016,0.2648749546595169,1.3968827957093226,-2.291212141358736,-0.3107262746796668
12.0,286.0,1004.1629028320312,-3.4635392780481435,-4.727270036530294,-1.4363158007657333,2.1334699404495807,2.7982751214308825,1.7739680119403471,0.2648749546595169,1.3968827957093226,-2.2912121423099725,-0.3107262746796668
12.0,286.0,1004.1629028320312,-3.463539278044658,-4.727271247958868,-1.4363158007569792,2.1334699404495807,2.798290022084813,1.7739680057895275,0.2648749546595169,1.3968827957093226,-2.29121215748831,-0.3107262746796668
12.0,286.0,1004.1629028320312,-3.463539278044022,-4.727278042469881,-1.4363158007568446,2.1334699404495807,2.7982761993115246,1.7739680054258011,0.2648749546595169,1.3968827957093226,-2.291212141770252,-0.3107262746796668
12.0,286.0,1004.1629028320312,-3.463539278044561,-4.727277406452706,-1.4363158007657126,2.1334699404495807,2.7982743811658835,1.773967984742292,0.2648749546595169,1.3968827957093226,-2.291212142183752,-0.3107262746796668
12.0,286.0,1004.1629028320312,-3.463539278044904,-4.727277384342812,-1.4363158007657126,2.1334699404495807,2.798289486460873,1.7739680052579,0.2648749546595169,1.3968827957093226,-2.291212140570164,-0.3107262746796668
12.0,286.0,1004.1629028320312,-3.4635392780447103,-4.727275297925906,-1.4363158007657126,2.1334699404495807,2.7982894747896188,1.773968030307376,0.2648749546595169,1.3968827957093226,-2.291212158431517,-0.3107262727327382
12.0,286.0,1004.1629028320312,-3.463539278046152,-4.727269472016781,-1.436315800766614,2.1334699404495807,2.798275121853399,1.7739680057895275,0.2648749546595169,1.3968827957093226,-2.291212156637875,-0.3107262746796668
12.0,286.0,1004.1629028320312,-3.463539278044658,-4.727271400338654,-1.4363158007659445,2.1334699404495807,2.798288997284521,1.7739675918402116,0.2648749546595169,1.3968827957093226,-2.291212158073975,-0.3107262770922765
12.0,286.0,1004.1629028320312,-3.4635392780447103,-4.727275289642649,-1.4363158007657335,2.1334699404495807,2.7982894747896188,1.7739680304465335,0.2648749546595169,1.3968827957093226,-2.291212142015799,-0.3107262745839196
12.0,286.0,1004.1629028320312,-3.4635392780410634,-4.727263080518411,-1.4363158007575878,2.1334699404495807,2.798290135558844,1.7739676086767016,0.2648749546595169,1.3968827957093226,-2.291212141358736,-0.3107262746796668
12.0,286.0,1004.1629028320312,-3.463539278044658,-4.7272795338412665,-1.4363158007657126,2.1334699404495807,2.7982907679410194,1.773967612084887,0.2648749546595169,1.3968827957093226,-2.2912121580534506,-0.3107262746796668
12.0,286.0,1004.1629028320312,-3.463539278044658,-4.72727150576411,-1.4363158007657024,2.1334699404495807,2.7982894778710383,1.7739680284948487,0.2648749546595169,1.3968827957093226,-2.291212142306682,-0.3107262770922765
12.0,286.0,1004.1629028320312,-3.4635392780156367,-4.727277384342812,-1.4363158007657335,2.1334699404495807,2.7982750288900915,1.773968013726638,0.2648749546595169,1.3968827957093226,-2.291212141637732,-0.3107262747077462
12.0,286.0,1004.1629028320312,-3.463539278044658,-4.7272795338412665,-1.4363158007657126,2.1334699404495807,2.7982907679410194,1.7739680486770986,0.2648749546595169,1.3968827957093226,-2.291212157386534,-0.3107262746796668
12.0,286.0,1004.1629028320312,-3.463539278044001,-4.727277384342812,-1.4363158007657126,2.1334699404495807,2.7982894816504733,1.773968013726638,0.2648749546595169,1.3968827957093226,-2.2912121589811227,-0.3107262746796668
12.0,286.0,1004.1629028320312,-3.463539278044658,-4.727267157006293,-1.436315800756988,2.1334699404495807,2.798290231536052,1.7739680139079643,0.2648749546595169,1.3968827957093226,-2.291212158083274,-0.3107262746796668
12.0,286.0,1004.1629028320312,-3.4635392780447103,-4.727275297925906,-1.4363158007657335,2.1334699404495807,2.7982894747896188,1.773968030307376,0.2648749546595169,1.3968827957093226,-2.291212142015799,-0.3107262727608175
12.0,286.0,1004.1629028320312,-3.4635392780143666,-4.727270470051437,-1.4363158007659564,2.1334699404495807,2.79827536664099,1.7739680290917086,0.2648749546595169,1.3968827957093226,-2.2912121588033694,-0.3107261716367639
12.0,286.0,1004.1629028320312,-3.463539278041088,-4.727279746833651,-1.436315800757758,2.1334699404495807,2.798290165590521,1.77396798063964,0.2648749546595169,1.3968827957093226,-2.291212157926028,-0.3107262746796668
12.0,286.0,1004.1629028320312,-3.463539278044369,-4.727275236505507,-1.4363158007657335,2.1334699404495807,2.7982894747896188,1.7739676259053625,0.2648749546595169,1.3968827957093226,-2.291212142015799,-0.3107262745839196
12.0,287.0,1004.1629028320312,-3.463539278044658,-4.727277384342812,-1.4363158007657126,2.1334699404495807,2.7982750288900915,1.773968013726638,0.2648749546595169,1.3968827957093226,-2.2912121580534506,-0.3107262746796668
12.0,287.0,1004.1629028320312,-3.4635392780136147,-4.727270659384286,-1.4363158007657126,2.1334699404495807,2.7982750288900915,1.773968013726638,0.2648749546595169,1.3968827957093226,-2.2912121580534506,-0.3107262746796668
12.0,287.0,1004.1629028320312,-3.4635392780135565,-4.727269940774775,-1.436315800765675,2.1334699404495807,2.7982751235669325,1.7739680138128826,0.2648749546595169,1.3968827957093226,-2.291212158936594,-0.3107262746796668
12.0,287.0,1004.1629028320312,-3.463539278044658,-4.727277384342812,-1.4363158007657126,2.1334699404495807,2.7982894816504733,1.773968013726638,0.2648749546595169,1.3968827957093226,-2.291212142183752,-0.3107262746796668
12.0,287.0,1004.1629028320312,-3.463539278044658,-4.727269472016781,-1.436315800766533,2.1334699404495807,2.798275121853399,1.7739680057895275,0.2648749546595169,1.3968827957093226,-2.2912121574933244,-0.3107262746796668
12.0,287.0,1004.1629028320312,-3.463539278044658,-4.727277384342812,-1.4363158007657126,2.1334699404495807,2.7982894816504733,1.773968013726638,0.2648749546595169,1.3968827957093226,-2.2912121587219194,-0.3107262746796668
12.0,287.0,1004.1629028320312,-3.463539278044658,-4.727276175038317,-1.4363158007659564,2.1334699404495807,2.798288923645431,1.7739680290917086,0.2648749546595169,1.3968827957093226,-2.2912121421679066,-0.3107261716367639
12.0,287.0,1004.1629028320312,-3.4635392780156367,-4.727277384342812,-1.4363158007657126,2.1334699404495807,2.7982750288900915,1.773968013726638,0.2648749546595169,1.3968827957093226,-2.2912121580534506,-0.3107262746796668
12.0,287.0,1004.1629028320312,-3.4635392780126426,-4.7272730638061615,-1.436315800757758,2.1334699404495807,2.7982901930498905,1.773967628706016,0.2648749546595169,1.3968827957093226,-2.2912121414164366,-0.3107262746796668
12.0,287.0,1004.1629028320312,-3.463539278044658,-4.727277384342812,-1.4363158007657126,2.1334699404495807,2.7982894816504733,1.773968013726638,0.2648749546595169,1.3968827957093226,-2.291212142183752,-0.3107262746796668
12.0,287.0,1004.1629028320312,-3.463539278044658,-4.727271400338654,-1.4363158007659445,2.1334699404495807,2.798288997284521,1.7739680284324228,0.2648749546595169,1.3968827957093226,-2.291212157407058,-0.3107262770922765
12.0,287.0,1004.1629028320312,-3.463539278044658,-4.727277384342812,-1.4363158007657126,2.1334699404495807,2.798290120216812,1.773967625376634,0.2648749546595169,1.3968827957093226,-2.291212142183752,-0.3107262746796668
12.0,287.0,1004.1629028320312,-3.4635392780439576,-4.727277384342812,-1.4363158007657126,2.1334699404495807,2.798275014288018,1.773968013726638,0.2648749546595169,1.3968827957093226,-2.2912121589594268,-0.3107262746796668
12.0,287.0,1004.1629028320312,-3.4635392780447103,-4.727275297925906,-1.4363158007657335,2.1334699404495807,2.7982894747896188,1.773968030307376,0.2648749546595169,1.3968827957093226,-2.291212142015799,-0.3107262727608175
12.0,287.0,1004.1629028320312,-3.463539278041088,-4.7272730638061615,-1.436315800757758,2.1334699404495807,2.7982901930498905,1.77396799297033,0.2648749546595169,1.3968827957093226,-2.2912121414164366,-0.3107262746796668
12.0,287.0,1004.1629028320312,-3.463539278044658,-4.727267157006293,-1.436315800756988,2.1334699404495807,2.798290231536052,1.7739680057895275,0.2648749546595169,1.3968827957093226,-2.2912121574933244,-0.3107262746796668
12.0,287.0,1004.1629028320312,-3.463539278044658,-4.727279555951162,-1.4363158007657126,2.1334699404495807,2.7982750288900915,1.773968013726638,0.2648749546595169,1.3968827957093226,-2.2912121580534506,-0.3107262746796668
12.0,287.0,1004.1629028320312,-3.4635392780376537,-4.727256756244229,-1.436315800758105,2.1334699404495807,2.798291453641109,1.773967628706016,0.2648749546595169,1.3968827957093226,-2.291212141541505,-0.3107262746796668
12.0,287.0,1004.1629028320312,-3.4635392780136147,-4.727270659384286,-1.4363158007577324,2.1334699404495807,2.798275195405384,1.773968013726638,0.2648749546595169,1.3968827957093226,-2.2912121573450586,-0.3107262746796668
12.0,287.0,1004.1629028320312,-3.4635392780481435,-4.727277380072278,-1.4363158007657333,2.1334699404495807,2.7982750288900915,1.7739680119403471,0.2648749546595169,1.3968827957093226,-2.2912121427496497,-0.3107262746796668
12.0,287.0,1004.1629028320312,-3.463539278044658,-4.727277406452706,-1.4363158007657126,2.1334699404495807,2.7982743811658835,1.7739680270183853,0.2648749546595169,1.3968827957093226,-2.291212142183752,-0.3107262746796668
12.0,287.0,1004.1629028320312,-3.463539278044658,-4.727277384342812,-1.4363158007657126,2.1334699404495807,2.7982750288900915,1.773968013726638,0.2648749546595169,1.3968827957093226,-2.2912121580534506,-0.3107262746796668
12.0,287.0,1004.1629028320312,-3.4635392780136147,-4.727270659384286,-1.4363158007657126,2.1334699404495807,2.7982750288900915,1.773968013726638,0.2648749546595169,1.3968827957093226,-2.291212158921064,-0.3107262746796668
12.0,287.0,1004.1629028320312,-3.463539278015004,-4.727277384342812,-1.4363158007657126,2.1334699404495807,2.7982748510990385,1.773968013726638,0.2648749546595169,1.3968827957093226,-2.2912121576607256,-0.3107262746796668
12.0,287.0,1004.1629028320312,-3.4635392780126426,-4.727277368984782,-1.4363158007576673,2.1334699404495807,2.798290284471104,1.773967628706016,0.2648749546595169,1.3968827957093226,-2.291212142653437,-0.3107262746796668
12.0,287.0,1004.1629028320312,-3.463539278044001,-4.727277384342812,-1.4363158007657126,2.1334699404495807,2.7982894816504733,1.773968013726638,0.2648749546595169,1.3968827957093226,-2.2912121587219194,-0.3107262746796668
12.0,287.0,1004.1629028320312,-3.463539278044658,-4.7272795338412665,-1.4363158007657126,2.1334699404495807,2.7982907679410194,1.773967612084887,0.2648749546595169,1.3968827957093226,-2.2912121580534506,-0.3107262746796668
12.0,287.0,1004.1629028320312,-3.463539278044658,-4.727277384342812,-1.4363158007657126,2.1334699404495807,2.7982894816504733,1.773968013726638,0.2648749546595169,1.3968827957093226,-2.291212142183752,-0.3107262746796668
12.0,287.0,1004.1629028320312,-3.463539278044658,-4.727269758327957,-1.436315800756988,2.1334699404495807,2.798290082134164,1.773968005416266,0.2648749546595169,1.3968827957093226,-2.291212141666529,-0.3107262746796668
12.0,287.0,1004.1629028320312,-3.4635392780427767,-4.727263080518411,-1.4363158007575878,2.1334699404495807,2.798290135558844,1.773967628706016,0.2648749546595169,1.3968827957093226,-2.291212141358736,-0.3107262746796668
12.0,287.0,1004.1629028320312,-3.4635392780481435,-4.727270036530294,-1.4363158007657333,2.1334699404495807,2.7982751214308825,1.7739680119403471,0.2648749546595169,1.3968827957093226,-2.2912121423099725,-0.3107262746796668
12.0,287.0,1004.1629028320312,-3.463539278044658,-4.727271247958868,-1.4363158007569792,2.1334699404495807,2.798290022084813,1.7739680057895275,0.2648749546595169,1.3968827957093226,-2.29121215748831,-0.3107262746796668
12.0,287.0,1004.1629028320312,-3.463539278044022,-4.727278042469881,-1.4363158007568446,2.1334699404495807,2.7982761993115246,1.7739680054258011,0.2648749546595169,1.3968827957093226,-2.291212141770252,-0.3107262746796668
12.0,287.0,1004.1629028320312,-3.463539278044561,-4.727277406452706,-1.4363158007657126,2.1334699404495807,2.7982743811658835,1.773967984742292,0.2648749546595169,1.3968827957093226,-2.291212142183752,-0.3107262746796668
12.0,287.0,1004.1629028320312,-3.463539278044904,-4.727277384342812,-1.4363158007657126,2.1334699404495807,2.798289486460873,1.7739680052579,0.2648749546595169,1.3968827957093226,-2.291212140570164,-0.3107262746796668
12.0,287.0,1004.1629028320312,-3.4635392780447103,-4.727275297925906,-1.4363158007657126,2.1334699404495807,2.7982894747896188,1.773968030307376,0.2648749546595169,1.3968827957093226,-2.291212158431517,-0.3107262727327382
12.0,287.0,1004.1629028320312,-3.463539278046152,-4.727269472016781,-1.436315800766614,2.1334699404495807,2.798275121853399,1.7739680057895275,0.2648749546595169,1.3968827957093226,-2.291212156637875,-0.3107262746796668
12.0,287.0,1004.1629028320312,-3.463539278044658,-4.727271400338654,-1.4363158007659445,2.1334699404495807,2.798288997284521,1.7739675918402116,0.2648749546595169,1.3968827957093226,-2.291212158073975,-0.3107262770922765
12.0,287.0,1004.1629028320312,-3.4635392780447103,-4.727275289642649,-1.4363158007657335,2.1334699404495807,2.7982894747896188,1.7739680304465335,0.2648749546595169,1.3968827957093226,-2.291212142015799,-0.3107262745839196
12.0,287.0,1004.1629028320312,-3.4635392780410634,-4.727263080518411,-1.4363158007575878,2.1334699404495807,2.798290135558844,1.7739676086767016,0.2648749546595169,1.3968827957093226,-2.291212141358736,-0.3107262746796668
12.0,287.0,1004.1629028320312,-3.463539278044658,-4.7272795338412665,-1.4363158007657126,2.1334699404495807,2.7982907679410194,1.773967612084887,0.2648749546595169,1.3968827957093226,-2.2912121580534506,-0.3107262746796668
12.0,287.0,1004.1629028320312,-3.463539278044658,-4.72727150576411,-1.4363158007657024,2.1334699404495807,2.7982894778710383,1.7739680284948487,0.2648749546595169,1.3968827957093226,-2.291212142306682,-0.3107262770922765
12.0,287.0,1004.1629028320312,-3.4635392780156367,-4.727277384342812,-1.4363158007657335,2.1334699404495807,2.7982750288900915,1.773968013726638,0.2648749546595169,1.3968827957093226,-2.291212141637732,-0.3107262747077462
12.0,287.0,1004.1629028320312,-3.463539278044658,-4.7272795338412665,-1.4363158007657126,2.1334699404495807,2.7982907679410194,1.7739680486770986,0.2648749546595169,1.3968827957093226,-2.291212157386534,-0.3107262746796668
12.0,287.0,1004.1629028320312,-3.463539278044001,-4.727277384342812,-1.4363158007657126,2.1334699404495807,2.7982894816504733,1.773968013726638,0.2648749546595169,1.3968827957093226,-2.2912121589811227,-0.3107262746796668
12.0,287.0,1004.1629028320312,-3.463539278044658,-4.727267157006293,-1.436315800756988,2.1334699404495807,2.798290231536052,1.7739680139079643,0.2648749546595169,1.3968827957093226,-2.291212158083274,-0.3107262746796668
12.0,287.0,1004.1629028320312,-3.4635392780447103,-4.727275297925906,-1.4363158007657335,2.1334699404495807,2.7982894747896188,1.773968030307376,0.2648749546595169,1.3968827957093226,-2.291212142015799,-0.3107262727608175
12.0,287.0,1004.1629028320312,-3.4635392780143666,-4.727270470051437,-1.4363158007659564,2.1334699404495807,2.79827536664099,1.7739680290917086,0.2648749546595169,1.3968827957093226,-2.2912121588033694,-0.3107261716367639
12.0,287.0,1004.1629028320312,-3.463539278041088,-4.727279746833651,-1.436315800757758,2.1334699404495807,2.798290165590521,1.77396798063964,0.2648749546595169,1.3968827957093226,-2.291212157926028,-0.3107262746796668
12.0,287.0,1004.1629028320312,-3.463539278044369,-4.727275236505507,-1.4363158007657335,2.1334699404495807,2.7982894747896188,1.7739676259053625,0.2648749546595169,1.3968827957093226,-2.291212142015799,-0.3107262745839196
12.0,288.0,1004.1629028320312,-3.463539278044658,-4.727277384342812,-1.4363158007657126,2.1334699404495807,2.7982750288900915,1.773968013726638,0.2648749546595169,1.3968827957093226,-2.2912121580534506,-0.3107262746796668
12.0,288.0,1004.1629028320312,-3.4635392780136147,-4.727270659384286,-1.4363158007657126,2.1334699404495807,2.7982750288900915,1.773968013726638,0.2648749546595169,1.3968827957093226,-2.2912121580534506,-0.3107262746796668
12.0,288.0,1004.1629028320312,-3.4635392780135565,-4.727269940774775,-1.436315800765675,2.1334699404495807,2.7982751235669325,1.7739680138128826,0.2648749546595169,1.3968827957093226,-2.291212158936594,-0.3107262746796668
12.0,288.0,1004.1629028320312,-3.463539278044658,-4.727277384342812,-1.4363158007657126,2.1334699404495807,2.7982894816504733,1.773968013726638,0.2648749546595169,1.3968827957093226,-2.291212142183752,-0.3107262746796668
12.0,288.0,1004.1629028320312,-3.463539278044658,-4.727269472016781,-1.436315800766533,2.1334699404495807,2.798275121853399,1.7739680057895275,0.2648749546595169,1.3968827957093226,-2.2912121574933244,-0.3107262746796668
12.0,288.0,1004.1629028320312,-3.463539278044658,-4.727277384342812,-1.4363158007657126,2.1334699404495807,2.7982894816504733,1.773968013726638,0.2648749546595169,1.3968827957093226,-2.2912121587219194,-0.3107262746796668
12.0,288.0,1004.1629028320312,-3.463539278044658,-4.727276175038317,-1.4363158007659564,2.1334699404495807,2.798288923645431,1.7739680290917086,0.2648749546595169,1.3968827957093226,-2.2912121421679066,-0.3107261716367639
12.0,288.0,1004.1629028320312,-3.4635392780156367,-4.727277384342812,-1.4363158007657126,2.1334699404495807,2.7982750288900915,1.773968013726638,0.2648749546595169,1.3968827957093226,-2.2912121580534506,-0.3107262746796668
12.0,288.0,1004.1629028320312,-3.4635392780126426,-4.7272730638061615,-1.436315800757758,2.1334699404495807,2.7982901930498905,1.773967628706016,0.2648749546595169,1.3968827957093226,-2.2912121414164366,-0.3107262746796668
12.0,288.0,1004.1629028320312,-3.463539278044658,-4.727277384342812,-1.4363158007657126,2.1334699404495807,2.7982894816504733,1.773968013726638,0.2648749546595169,1.3968827957093226,-2.291212142183752,-0.3107262746796668
12.0,288.0,1004.1629028320312,-3.463539278044658,-4.727271400338654,-1.4363158007659445,2.1334699404495807,2.798288997284521,1.7739680284324228,0.2648749546595169,1.3968827957093226,-2.291212157407058,-0.3107262770922765
12.0,288.0,1004.1629028320312,-3.463539278044658,-4.727277384342812,-1.4363158007657126,2.1334699404495807,2.798290120216812,1.773967625376634,0.2648749546595169,1.3968827957093226,-2.291212142183752,-0.3107262746796668
12.0,288.0,1004.1629028320312,-3.4635392780439576,-4.727277384342812,-1.4363158007657126,2.1334699404495807,2.798275014288018,1.773968013726638,0.2648749546595169,1.3968827957093226,-2.2912121589594268,-0.3107262746796668
12.0,288.0,1004.1629028320312,-3.4635392780447103,-4.727275297925906,-1.4363158007657335,2.1334699404495807,2.7982894747896188,1.773968030307376,0.2648749546595169,1.3968827957093226,-2.291212142015799,-0.3107262727608175
12.0,288.0,1004.1629028320312,-3.463539278041088,-4.7272730638061615,-1.436315800757758,2.1334699404495807,2.7982901930498905,1.77396799297033,0.2648749546595169,1.3968827957093226,-2.2912121414164366,-0.3107262746796668
12.0,288.0,1004.1629028320312,-3.463539278044658,-4.727267157006293,-1.436315800756988,2.1334699404495807,2.798290231536052,1.7739680057895275,0.2648749546595169,1.3968827957093226,-2.2912121574933244,-0.3107262746796668
12.0,288.0,1004.1629028320312,-3.463539278044658,-4.727279555951162,-1.4363158007657126,2.1334699404495807,2.7982750288900915,1.773968013726638,0.2648749546595169,1.3968827957093226,-2.2912121580534506,-0.3107262746796668
12.0,288.0,1004.1629028320312,-3.4635392780376537,-4.727256756244229,-1.436315800758105,2.1334699404495807,2.798291453641109,1.773967628706016,0.2648749546595169,1.3968827957093226,-2.291212141541505,-0.3107262746796668
12.0,288.0,1004.1629028320312,-3.4635392780136147,-4.727270659384286,-1.4363158007577324,2.1334699404495807,2.798275195405384,1.773968013726638,0.2648749546595169,1.3968827957093226,-2.2912121573450586,-0.3107262746796668
12.0,288.0,1004.1629028320312,-3.4635392780481435,-4.727277380072278,-1.4363158007657333,2.1334699404495807,2.7982750288900915,1.7739680119403471,0.2648749546595169,1.3968827957093226,-2.2912121427496497,-0.3107262746796668
12.0,288.0,1004.1629028320312,-3.463539278044658,-4.727277406452706,-1.4363158007657126,2.1334699404495807,2.7982743811658835,1.7739680270183853,0.2648749546595169,1.3968827957093226,-2.291212142183752,-0.3107262746796668
12.0,288.0,1004.1629028320312,-3.463539278044658,-4.727277384342812,-1.4363158007657126,2.1334699404495807,2.7982750288900915,1.773968013726638,0.2648749546595169,1.3968827957093226,-2.2912121580534506,-0.3107262746796668
12.0,288.0,1004.1629028320312,-3.4635392780136147,-4.727270659384286,-1.4363158007657126,2.1334699404495807,2.7982750288900915,1.773968013726638,0.2648749546595169,1.3968827957093226,-2.291212158921064,-0.3107262746796668
12.0,288.0,1004.1629028320312,-3.463539278015004,-4.727277384342812,-1.4363158007657126,2.1334699404495807,2.7982748510990385,1.773968013726638,0.2648749546595169,1.3968827957093226,-2.2912121576607256,-0.3107262746796668
12.0,288.0,1004.1629028320312,-3.4635392780126426,-4.727277368984782,-1.4363158007576673,2.1334699404495807,2.798290284471104,1.773967628706016,0.2648749546595169,1.3968827957093226,-2.291212142653437,-0.3107262746796668
12.0,288.0,1004.1629028320312,-3.463539278044001,-4.727277384342812,-1.4363158007657126,2.1334699404495807,2.7982894816504733,1.773968013726638,0.2648749546595169,1.3968827957093226,-2.2912121587219194,-0.3107262746796668
12.0,288.0,1004.1629028320312,-3.463539278044658,-4.7272795338412665,-1.4363158007657126,2.1334699404495807,2.7982907679410194,1.773967612084887,0.2648749546595169,1.3968827957093226,-2.2912121580534506,-0.3107262746796668
12.0,288.0,1004.1629028320312,-3.463539278044658,-4.727277384342812,-1.4363158007657126,2.1334699404495807,2.7982894816504733,1.773968013726638,0.2648749546595169,1.3968827957093226,-2.291212142183752,-0.3107262746796668
12.0,288.0,1004.1629028320312,-3.463539278044658,-4.727269758327957,-1.436315800756988,2.1334699404495807,2.798290082134164,1.773968005416266,0.2648749546595169,1.3968827957093226,-2.291212141666529,-0.3107262746796668
12.0,288.0,1004.1629028320312,-3.4635392780427767,-4.727263080518411,-1.4363158007575878,2.1334699404495807,2.798290135558844,1.773967628706016,0.2648749546595169,1.3968827957093226,-2.291212141358736,-0.3107262746796668
12.0,288.0,1004.1629028320312,-3.4635392780481435,-4.727270036530294,-1.4363158007657333,2.1334699404495807,2.7982751214308825,1.7739680119403471,0.2648749546595169,1.3968827957093226,-2.2912121423099725,-0.3107262746796668
12.0,288.0,1004.1629028320312,-3.463539278044658,-4.727271247958868,-1.4363158007569792,2.1334699404495807,2.798290022084813,1.7739680057895275,0.2648749546595169,1.3968827957093226,-2.29121215748831,-0.3107262746796668
12.0,288.0,1004.1629028320312,-3.463539278044022,-4.727278042469881,-1.4363158007568446,2.1334699404495807,2.7982761993115246,1.7739680054258011,0.2648749546595169,1.3968827957093226,-2.291212141770252,-0.3107262746796668
12.0,288.0,1004.1629028320312,-3.463539278044561,-4.727277406452706,-1.4363158007657126,2.1334699404495807,2.7982743811658835,1.773967984742292,0.2648749546595169,1.3968827957093226,-2.291212142183752,-0.3107262746796668
12.0,288.0,1004.1629028320312,-3.463539278044904,-4.727277384342812,-1.4363158007657126,2.1334699404495807,2.798289486460873,1.7739680052579,0.2648749546595169,1.3968827957093226,-2.291212140570164,-0.3107262746796668
12.0,288.0,1004.1629028320312,-3.4635392780447103,-4.727275297925906,-1.4363158007657126,2.1334699404495807,2.7982894747896188,1.773968030307376,0.2648749546595169,1.3968827957093226,-2.291212158431517,-0.3107262727327382
12.0,288.0,1004.1629028320312,-3.463539278046152,-4.727269472016781,-1.436315800766614,2.1334699404495807,2.798275121853399,1.7739680057895275,0.2648749546595169,1.3968827957093226,-2.291212156637875,-0.3107262746796668
12.0,288.0,1004.1629028320312,-3.463539278044658,-4.727271400338654,-1.4363158007659445,2.1334699404495807,2.798288997284521,1.7739675918402116,0.2648749546595169,1.3968827957093226,-2.291212158073975,-0.3107262770922765
12.0,288.0,1004.1629028320312,-3.4635392780447103,-4.727275289642649,-1.4363158007657335,2.1334699404495807,2.7982894747896188,1.7739680304465335,0.2648749546595169,1.3968827957093226,-2.291212142015799,-0.3107262745839196
12.0,288.0,1004.1629028320312,-3.4635392780410634,-4.727263080518411,-1.4363158007575878,2.1334699404495807,2.798290135558844,1.7739676086767016,0.2648749546595169,1.3968827957093226,-2.291212141358736,-0.3107262746796668
12.0,288.0,1004.1629028320312,-3.463539278044658,-4.7272795338412665,-1.4363158007657126,2.1334699404495807,2.7982907679410194,1.773967612084887,0.2648749546595169,1.3968827957093226,-2.2912121580534506,-0.3107262746796668
12.0,288.0,1004.1629028320312,-3.463539278044658,-4.72727150576411,-1.4363158007657024,2.1334699404495807,2.7982894778710383,1.7739680284948487,0.2648749546595169,1.3968827957093226,-2.291212142306682,-0.3107262770922765
12.0,288.0,1004.1629028320312,-3.4635392780156367,-4.727277384342812,-1.4363158007657335,2.1334699404495807,2.7982750288900915,1.773968013726638,0.2648749546595169,1.3968827957093226,-2.291212141637732,-0.3107262747077462
12.0,288.0,1004.1629028320312,-3.463539278044658,-4.7272795338412665,-1.4363158007657126,2.1334699404495807,2.7982907679410194,1.7739680486770986,0.2648749546595169,1.3968827957093226,-2.291212157386534,-0.3107262746796668
12.0,288.0,1004.1629028320312,-3.463539278044001,-4.727277384342812,-1.4363158007657126,2.1334699404495807,2.7982894816504733,1.773968013726638,0.2648749546595169,1.3968827957093226,-2.2912121589811227,-0.3107262746796668
12.0,288.0,1004.1629028320312,-3.463539278044658,-4.727267157006293,-1.436315800756988,2.1334699404495807,2.798290231536052,1.7739680139079643,0.2648749546595169,1.3968827957093226,-2.291212158083274,-0.3107262746796668
12.0,288.0,1004.1629028320312,-3.4635392780447103,-4.727275297925906,-1.4363158007657335,2.1334699404495807,2.7982894747896188,1.773968030307376,0.2648749546595169,1.3968827957093226,-2.291212142015799,-0.3107262727608175
12.0,288.0,1004.1629028320312,-3.4635392780143666,-4.727270470051437,-1.4363158007659564,2.1334699404495807,2.79827536664099,1.7739680290917086,0.2648749546595169,1.3968827957093226,-2.2912121588033694,-0.3107261716367639
12.0,288.0,1004.1629028320312,-3.463539278041088,-4.727279746833651,-1.436315800757758,2.1334699404495807,2.798290165590521,1.77396798063964,0.2648749546595169,1.3968827957093226,-2.291212157926028,-0.3107262746796668
12.0,288.0,1004.1629028320312,-3.463539278044369,-4.727275236505507,-1.4363158007657335,2.1334699404495807,2.7982894747896188,1.7739676259053625,0.2648749546595169,1.3968827957093226,-2.291212142015799,-0.3107262745839196
12.0,289.0,1004.1629028320312,-3.463539278044658,-4.727277384342812,-1.4363158007657126,2.1334699404495807,2.7982750288900915,1.773968013726638,0.2648749546595169,1.3968827957093226,-2.2912121580534506,-0.3107262746796668
12.0,289.0,1004.1629028320312,-3.4635392780136147,-4.727270659384286,-1.4363158007657126,2.1334699404495807,2.7982750288900915,1.773968013726638,0.2648749546595169,1.3968827957093226,-2.2912121580534506,-0.3107262746796668
12.0,289.0,1004.1629028320312,-3.4635392780135565,-4.727269940774775,-1.436315800765675,2.1334699404495807,2.7982751235669325,1.7739680138128826,0.2648749546595169,1.3968827957093226,-2.291212158936594,-0.3107262746796668
12.0,289.0,1004.1629028320312,-3.463539278044658,-4.727277384342812,-1.4363158007657126,2.1334699404495807,2.7982894816504733,1.773968013726638,0.2648749546595169,1.3968827957093226,-2.291212142183752,-0.3107262746796668
12.0,289.0,1004.1629028320312,-3.463539278044658,-4.727269472016781,-1.436315800766533,2.1334699404495807,2.798275121853399,1.7739680057895275,0.2648749546595169,1.3968827957093226,-2.2912121574933244,-0.3107262746796668
12.0,289.0,1004.1629028320312,-3.463539278044658,-4.727277384342812,-1.4363158007657126,2.1334699404495807,2.7982894816504733,1.773968013726638,0.2648749546595169,1.3968827957093226,-2.2912121587219194,-0.3107262746796668
12.0,289.0,1004.1629028320312,-3.463539278044658,-4.727276175038317,-1.4363158007659564,2.1334699404495807,2.798288923645431,1.7739680290917086,0.2648749546595169,1.3968827957093226,-2.2912121421679066,-0.3107261716367639
12.0,289.0,1004.1629028320312,-3.4635392780156367,-4.727277384342812,-1.4363158007657126,2.1334699404495807,2.7982750288900915,1.773968013726638,0.2648749546595169,1.3968827957093226,-2.2912121580534506,-0.3107262746796668
12.0,289.0,1004.1629028320312,-3.4635392780126426,-4.7272730638061615,-1.436315800757758,2.1334699404495807,2.7982901930498905,1.773967628706016,0.2648749546595169,1.3968827957093226,-2.2912121414164366,-0.3107262746796668
12.0,289.0,1004.1629028320312,-3.463539278044658,-4.727277384342812,-1.4363158007657126,2.1334699404495807,2.7982894816504733,1.773968013726638,0.2648749546595169,1.3968827957093226,-2.291212142183752,-0.3107262746796668
12.0,289.0,1004.1629028320312,-3.463539278044658,-4.727271400338654,-1.4363158007659445,2.1334699404495807,2.798288997284521,1.7739680284324228,0.2648749546595169,1.3968827957093226,-2.291212157407058,-0.3107262770922765
12.0,289.0,1004.1629028320312,-3.463539278044658,-4.727277384342812,-1.4363158007657126,2.1334699404495807,2.798290120216812,1.773967625376634,0.2648749546595169,1.3968827957093226,-2.291212142183752,-0.3107262746796668
12.0,289.0,1004.1629028320312,-3.4635392780439576,-4.727277384342812,-1.4363158007657126,2.1334699404495807,2.798275014288018,1.773968013726638,0.2648749546595169,1.3968827957093226,-2.2912121589594268,-0.3107262746796668
12.0,289.0,1004.1629028320312,-3.4635392780447103,-4.727275297925906,-1.4363158007657335,2.1334699404495807,2.7982894747896188,1.773968030307376,0.2648749546595169,1.3968827957093226,-2.291212142015799,-0.3107262727608175
12.0,289.0,1004.1629028320312,-3.463539278041088,-4.7272730638061615,-1.436315800757758,2.1334699404495807,2.7982901930498905,1.77396799297033,0.2648749546595169,1.3968827957093226,-2.2912121414164366,-0.3107262746796668
12.0,289.0,1004.1629028320312,-3.463539278044658,-4.727267157006293,-1.436315800756988,2.1334699404495807,2.798290231536052,1.7739680057895275,0.2648749546595169,1.3968827957093226,-2.2912121574933244,-0.3107262746796668
12.0,289.0,1004.1629028320312,-3.463539278044658,-4.727279555951162,-1.4363158007657126,2.1334699404495807,2.7982750288900915,1.773968013726638,0.2648749546595169,1.3968827957093226,-2.2912121580534506,-0.3107262746796668
12.0,289.0,1004.1629028320312,-3.4635392780376537,-4.727256756244229,-1.436315800758105,2.1334699404495807,2.798291453641109,1.773967628706016,0.2648749546595169,1.3968827957093226,-2.291212141541505,-0.3107262746796668
12.0,289.0,1004.1629028320312,-3.4635392780136147,-4.727270659384286,-1.4363158007577324,2.1334699404495807,2.798275195405384,1.773968013726638,0.2648749546595169,1.3968827957093226,-2.2912121573450586,-0.3107262746796668
12.0,289.0,1004.1629028320312,-3.4635392780481435,-4.727277380072278,-1.4363158007657333,2.1334699404495807,2.7982750288900915,1.7739680119403471,0.2648749546595169,1.3968827957093226,-2.2912121427496497,-0.3107262746796668
12.0,289.0,1004.1629028320312,-3.463539278044658,-4.727277406452706,-1.4363158007657126,2.1334699404495807,2.7982743811658835,1.7739680270183853,0.2648749546595169,1.3968827957093226,-2.291212142183752,-0.3107262746796668
12.0,289.0,1004.1629028320312,-3.463539278044658,-4.727277384342812,-1.4363158007657126,2.1334699404495807,2.7982750288900915,1.773968013726638,0.2648749546595169,1.3968827957093226,-2.2912121580534506,-0.3107262746796668
12.0,289.0,1004.1629028320312,-3.4635392780136147,-4.727270659384286,-1.4363158007657126,2.1334699404495807,2.7982750288900915,1.773968013726638,0.2648749546595169,1.3968827957093226,-2.291212158921064,-0.3107262746796668
12.0,289.0,1004.1629028320312,-3.463539278015004,-4.727277384342812,-1.4363158007657126,2.1334699404495807,2.7982748510990385,1.773968013726638,0.2648749546595169,1.3968827957093226,-2.2912121576607256,-0.3107262746796668
12.0,289.0,1004.1629028320312,-3.4635392780126426,-4.727277368984782,-1.4363158007576673,2.1334699404495807,2.798290284471104,1.773967628706016,0.2648749546595169,1.3968827957093226,-2.291212142653437,-0.3107262746796668
12.0,289.0,1004.1629028320312,-3.463539278044001,-4.727277384342812,-1.4363158007657126,2.1334699404495807,2.7982894816504733,1.773968013726638,0.2648749546595169,1.3968827957093226,-2.2912121587219194,-0.3107262746796668
12.0,289.0,1004.1629028320312,-3.463539278044658,-4.7272795338412665,-1.4363158007657126,2.1334699404495807,2.7982907679410194,1.773967612084887,0.2648749546595169,1.3968827957093226,-2.2912121580534506,-0.3107262746796668
12.0,289.0,1004.1629028320312,-3.463539278044658,-4.727277384342812,-1.4363158007657126,2.1334699404495807,2.7982894816504733,1.773968013726638,0.2648749546595169,1.3968827957093226,-2.291212142183752,-0.3107262746796668
12.0,289.0,1004.1629028320312,-3.463539278044658,-4.727269758327957,-1.436315800756988,2.1334699404495807,2.798290082134164,1.773968005416266,0.2648749546595169,1.3968827957093226,-2.291212141666529,-0.3107262746796668
12.0,289.0,1004.1629028320312,-3.4635392780427767,-4.727263080518411,-1.4363158007575878,2.1334699404495807,2.798290135558844,1.773967628706016,0.2648749546595169,1.3968827957093226,-2.291212141358736,-0.3107262746796668
12.0,289.0,1004.1629028320312,-3.4635392780481435,-4.727270036530294,-1.4363158007657333,2.1334699404495807,2.7982751214308825,1.7739680119403471,0.2648749546595169,1.3968827957093226,-2.2912121423099725,-0.3107262746796668
12.0,289.0,1004.1629028320312,-3.463539278044658,-4.727271247958868,-1.4363158007569792,2.1334699404495807,2.798290022084813,1.7739680057895275,0.2648749546595169,1.3968827957093226,-2.29121215748831,-0.3107262746796668
12.0,289.0,1004.1629028320312,-3.463539278044022,-4.727278042469881,-1.4363158007568446,2.1334699404495807,2.7982761993115246,1.7739680054258011,0.2648749546595169,1.3968827957093226,-2.291212141770252,-0.3107262746796668
12.0,289.0,1004.1629028320312,-3.463539278044561,-4.727277406452706,-1.4363158007657126,2.1334699404495807,2.7982743811658835,1.773967984742292,0.2648749546595169,1.3968827957093226,-2.291212142183752,-0.3107262746796668
12.0,289.0,1004.1629028320312,-3.463539278044904,-4.727277384342812,-1.4363158007657126,2.1334699404495807,2.798289486460873,1.7739680052579,0.2648749546595169,1.3968827957093226,-2.291212140570164,-0.3107262746796668
12.0,289.0,1004.1629028320312,-3.4635392780447103,-4.727275297925906,-1.4363158007657126,2.1334699404495807,2.7982894747896188,1.773968030307376,0.2648749546595169,1.3968827957093226,-2.291212158431517,-0.3107262727327382
12.0,289.0,1004.1629028320312,-3.463539278046152,-4.727269472016781,-1.436315800766614,2.1334699404495807,2.798275121853399,1.7739680057895275,0.2648749546595169,1.3968827957093226,-2.291212156637875,-0.3107262746796668
12.0,289.0,1004.1629028320312,-3.463539278044658,-4.727271400338654,-1.4363158007659445,2.1334699404495807,2.798288997284521,1.7739675918402116,0.2648749546595169,1.3968827957093226,-2.291212158073975,-0.3107262770922765
12.0,289.0,1004.1629028320312,-3.4635392780447103,-4.727275289642649,-1.4363158007657335,2.1334699404495807,2.7982894747896188,1.7739680304465335,0.2648749546595169,1.3968827957093226,-2.291212142015799,-0.3107262745839196
12.0,289.0,1004.1629028320312,-3.4635392780410634,-4.727263080518411,-1.4363158007575878,2.1334699404495807,2.798290135558844,1.7739676086767016,0.2648749546595169,1.3968827957093226,-2.291212141358736,-0.3107262746796668
12.0,289.0,1004.1629028320312,-3.463539278044658,-4.7272795338412665,-1.4363158007657126,2.1334699404495807,2.7982907679410194,1.773967612084887,0.2648749546595169,1.3968827957093226,-2.2912121580534506,-0.3107262746796668
12.0,289.0,1004.1629028320312,-3.463539278044658,-4.72727150576411,-1.4363158007657024,2.1334699404495807,2.7982894778710383,1.7739680284948487,0.2648749546595169,1.3968827957093226,-2.291212142306682,-0.3107262770922765
12.0,289.0,1004.1629028320312,-3.4635392780156367,-4.727277384342812,-1.4363158007657335,2.1334699404495807,2.7982750288900915,1.773968013726638,0.2648749546595169,1.3968827957093226,-2.291212141637732,-0.3107262747077462
12.0,289.0,1004.1629028320312,-3.463539278044658,-4.7272795338412665,-1.4363158007657126,2.1334699404495807,2.7982907679410194,1.7739680486770986,0.2648749546595169,1.3968827957093226,-2.291212157386534,-0.3107262746796668
12.0,289.0,1004.1629028320312,-3.463539278044001,-4.727277384342812,-1.4363158007657126,2.1334699404495807,2.7982894816504733,1.773968013726638,0.2648749546595169,1.3968827957093226,-2.2912121589811227,-0.3107262746796668
12.0,289.0,1004.1629028320312,-3.463539278044658,-4.727267157006293,-1.436315800756988,2.1334699404495807,2.798290231536052,1.7739680139079643,0.2648749546595169,1.3968827957093226,-2.291212158083274,-0.3107262746796668
12.0,289.0,1004.1629028320312,-3.4635392780447103,-4.727275297925906,-1.4363158007657335,2.1334699404495807,2.7982894747896188,1.773968030307376,0.2648749546595169,1.3968827957093226,-2.291212142015799,-0.3107262727608175
12.0,289.0,1004.1629028320312,-3.4635392780143666,-4.727270470051437,-1.4363158007659564,2.1334699404495807,2.79827536664099,1.7739680290917086,0.2648749546595169,1.3968827957093226,-2.2912121588033694,-0.3107261716367639
12.0,289.0,1004.1629028320312,-3.463539278041088,-4.727279746833651,-1.436315800757758,2.1334699404495807,2.798290165590521,1.77396798063964,0.2648749546595169,1.3968827957093226,-2.291212157926028,-0.3107262746796668
12.0,289.0,1004.1629028320312,-3.463539278044369,-4.727275236505507,-1.4363158007657335,2.1334699404495807,2.7982894747896188,1.7739676259053625,0.2648749546595169,1.3968827957093226,-2.291212142015799,-0.3107262745839196
12.0,290.0,1004.1629028320312,-3.463539278044658,-4.727277384342812,-1.4363158007657126,2.1334699404495807,2.7982750288900915,1.773968013726638,0.2648749546595169,1.3968827957093226,-2.2912121580534506,-0.3107262746796668
12.0,290.0,1004.1629028320312,-3.4635392780136147,-4.727270659384286,-1.4363158007657126,2.1334699404495807,2.7982750288900915,1.773968013726638,0.2648749546595169,1.3968827957093226,-2.2912121580534506,-0.3107262746796668
12.0,290.0,1004.1629028320312,-3.4635392780135565,-4.727269940774775,-1.436315800765675,2.1334699404495807,2.7982751235669325,1.7739680138128826,0.2648749546595169,1.3968827957093226,-2.291212158936594,-0.3107262746796668
12.0,290.0,1004.1629028320312,-3.463539278044658,-4.727277384342812,-1.4363158007657126,2.1334699404495807,2.7982894816504733,1.773968013726638,0.2648749546595169,1.3968827957093226,-2.291212142183752,-0.3107262746796668
12.0,290.0,1004.1629028320312,-3.463539278044658,-4.727269472016781,-1.436315800766533,2.1334699404495807,2.798275121853399,1.7739680057895275,0.2648749546595169,1.3968827957093226,-2.2912121574933244,-0.3107262746796668
12.0,290.0,1004.1629028320312,-3.463539278044658,-4.727277384342812,-1.4363158007657126,2.1334699404495807,2.7982894816504733,1.773968013726638,0.2648749546595169,1.3968827957093226,-2.2912121587219194,-0.3107262746796668
12.0,290.0,1004.1629028320312,-3.463539278044658,-4.727276175038317,-1.4363158007659564,2.1334699404495807,2.798288923645431,1.7739680290917086,0.2648749546595169,1.3968827957093226,-2.2912121421679066,-0.3107261716367639
12.0,290.0,1004.1629028320312,-3.4635392780156367,-4.727277384342812,-1.4363158007657126,2.1334699404495807,2.7982750288900915,1.773968013726638,0.2648749546595169,1.3968827957093226,-2.2912121580534506,-0.3107262746796668
12.0,290.0,1004.1629028320312,-3.4635392780126426,-4.7272730638061615,-1.436315800757758,2.1334699404495807,2.7982901930498905,1.773967628706016,0.2648749546595169,1.3968827957093226,-2.2912121414164366,-0.3107262746796668
12.0,290.0,1004.1629028320312,-3.463539278044658,-4.727277384342812,-1.4363158007657126,2.1334699404495807,2.7982894816504733,1.773968013726638,0.2648749546595169,1.3968827957093226,-2.291212142183752,-0.3107262746796668
12.0,290.0,1004.1629028320312,-3.463539278044658,-4.727271400338654,-1.4363158007659445,2.1334699404495807,2.798288997284521,1.7739680284324228,0.2648749546595169,1.3968827957093226,-2.291212157407058,-0.3107262770922765
12.0,290.0,1004.1629028320312,-3.463539278044658,-4.727277384342812,-1.4363158007657126,2.1334699404495807,2.798290120216812,1.773967625376634,0.2648749546595169,1.3968827957093226,-2.291212142183752,-0.3107262746796668
12.0,290.0,1004.1629028320312,-3.4635392780439576,-4.727277384342812,-1.4363158007657126,2.1334699404495807,2.798275014288018,1.773968013726638,0.2648749546595169,1.3968827957093226,-2.2912121589594268,-0.3107262746796668
12.0,290.0,1004.1629028320312,-3.4635392780447103,-4.727275297925906,-1.4363158007657335,2.1334699404495807,2.7982894747896188,1.773968030307376,0.2648749546595169,1.3968827957093226,-2.291212142015799,-0.3107262727608175
12.0,290.0,1004.1629028320312,-3.463539278041088,-4.7272730638061615,-1.436315800757758,2.1334699404495807,2.7982901930498905,1.77396799297033,0.2648749546595169,1.3968827957093226,-2.2912121414164366,-0.3107262746796668
12.0,290.0,1004.1629028320312,-3.463539278044658,-4.727267157006293,-1.436315800756988,2.1334699404495807,2.798290231536052,1.7739680057895275,0.2648749546595169,1.3968827957093226,-2.2912121574933244,-0.3107262746796668
12.0,290.0,1004.1629028320312,-3.463539278044658,-4.727279555951162,-1.4363158007657126,2.1334699404495807,2.7982750288900915,1.773968013726638,0.2648749546595169,1.3968827957093226,-2.2912121580534506,-0.3107262746796668
12.0,290.0,1004.1629028320312,-3.4635392780376537,-4.727256756244229,-1.436315800758105,2.1334699404495807,2.798291453641109,1.773967628706016,0.2648749546595169,1.3968827957093226,-2.291212141541505,-0.3107262746796668
12.0,290.0,1004.1629028320312,-3.4635392780136147,-4.727270659384286,-1.4363158007577324,2.1334699404495807,2.798275195405384,1.773968013726638,0.2648749546595169,1.3968827957093226,-2.2912121573450586,-0.3107262746796668
12.0,290.0,1004.1629028320312,-3.4635392780481435,-4.727277380072278,-1.4363158007657333,2.1334699404495807,2.7982750288900915,1.7739680119403471,0.2648749546595169,1.3968827957093226,-2.2912121427496497,-0.3107262746796668
12.0,290.0,1004.1629028320312,-3.463539278044658,-4.727277406452706,-1.4363158007657126,2.1334699404495807,2.7982743811658835,1.7739680270183853,0.2648749546595169,1.3968827957093226,-2.291212142183752,-0.3107262746796668
12.0,290.0,1004.1629028320312,-3.463539278044658,-4.727277384342812,-1.4363158007657126,2.1334699404495807,2.7982750288900915,1.773968013726638,0.2648749546595169,1.3968827957093226,-2.2912121580534506,-0.3107262746796668
12.0,290.0,1004.1629028320312,-3.4635392780136147,-4.727270659384286,-1.4363158007657126,2.1334699404495807,2.7982750288900915,1.773968013726638,0.2648749546595169,1.3968827957093226,-2.291212158921064,-0.3107262746796668
12.0,290.0,1004.1629028320312,-3.463539278015004,-4.727277384342812,-1.4363158007657126,2.1334699404495807,2.7982748510990385,1.773968013726638,0.2648749546595169,1.3968827957093226,-2.2912121576607256,-0.3107262746796668
12.0,290.0,1004.1629028320312,-3.4635392780126426,-4.727277368984782,-1.4363158007576673,2.1334699404495807,2.798290284471104,1.773967628706016,0.2648749546595169,1.3968827957093226,-2.291212142653437,-0.3107262746796668
12.0,290.0,1004.1629028320312,-3.463539278044001,-4.727277384342812,-1.4363158007657126,2.1334699404495807,2.7982894816504733,1.773968013726638,0.2648749546595169,1.3968827957093226,-2.2912121587219194,-0.3107262746796668
12.0,290.0,1004.1629028320312,-3.463539278044658,-4.7272795338412665,-1.4363158007657126,2.1334699404495807,2.7982907679410194,1.773967612084887,0.2648749546595169,1.3968827957093226,-2.2912121580534506,-0.3107262746796668
12.0,290.0,1004.1629028320312,-3.463539278044658,-4.727277384342812,-1.4363158007657126,2.1334699404495807,2.7982894816504733,1.773968013726638,0.2648749546595169,1.3968827957093226,-2.291212142183752,-0.3107262746796668
12.0,290.0,1004.1629028320312,-3.463539278044658,-4.727269758327957,-1.436315800756988,2.1334699404495807,2.798290082134164,1.773968005416266,0.2648749546595169,1.3968827957093226,-2.291212141666529,-0.3107262746796668
12.0,290.0,1004.1629028320312,-3.4635392780427767,-4.727263080518411,-1.4363158007575878,2.1334699404495807,2.798290135558844,1.773967628706016,0.2648749546595169,1.3968827957093226,-2.291212141358736,-0.3107262746796668
12.0,290.0,1004.1629028320312,-3.4635392780481435,-4.727270036530294,-1.4363158007657333,2.1334699404495807,2.7982751214308825,1.7739680119403471,0.2648749546595169,1.3968827957093226,-2.2912121423099725,-0.3107262746796668
12.0,290.0,1004.1629028320312,-3.463539278044658,-4.727271247958868,-1.4363158007569792,2.1334699404495807,2.798290022084813,1.7739680057895275,0.2648749546595169,1.3968827957093226,-2.29121215748831,-0.3107262746796668
12.0,290.0,1004.1629028320312,-3.463539278044022,-4.727278042469881,-1.4363158007568446,2.1334699404495807,2.7982761993115246,1.7739680054258011,0.2648749546595169,1.3968827957093226,-2.291212141770252,-0.3107262746796668
12.0,290.0,1004.1629028320312,-3.463539278044561,-4.727277406452706,-1.4363158007657126,2.1334699404495807,2.7982743811658835,1.773967984742292,0.2648749546595169,1.3968827957093226,-2.291212142183752,-0.3107262746796668
12.0,290.0,1004.1629028320312,-3.463539278044904,-4.727277384342812,-1.4363158007657126,2.1334699404495807,2.798289486460873,1.7739680052579,0.2648749546595169,1.3968827957093226,-2.291212140570164,-0.3107262746796668
12.0,290.0,1004.1629028320312,-3.4635392780447103,-4.727275297925906,-1.4363158007657126,2.1334699404495807,2.7982894747896188,1.773968030307376,0.2648749546595169,1.3968827957093226,-2.291212158431517,-0.3107262727327382
12.0,290.0,1004.1629028320312,-3.463539278046152,-4.727269472016781,-1.436315800766614,2.1334699404495807,2.798275121853399,1.7739680057895275,0.2648749546595169,1.3968827957093226,-2.291212156637875,-0.3107262746796668
12.0,290.0,1004.1629028320312,-3.463539278044658,-4.727271400338654,-1.4363158007659445,2.1334699404495807,2.798288997284521,1.7739675918402116,0.2648749546595169,1.3968827957093226,-2.291212158073975,-0.3107262770922765
12.0,290.0,1004.1629028320312,-3.4635392780447103,-4.727275289642649,-1.4363158007657335,2.1334699404495807,2.7982894747896188,1.7739680304465335,0.2648749546595169,1.3968827957093226,-2.291212142015799,-0.3107262745839196
12.0,290.0,1004.1629028320312,-3.4635392780410634,-4.727263080518411,-1.4363158007575878,2.1334699404495807,2.798290135558844,1.7739676086767016,0.2648749546595169,1.3968827957093226,-2.291212141358736,-0.3107262746796668
12.0,290.0,1004.1629028320312,-3.463539278044658,-4.7272795338412665,-1.4363158007657126,2.1334699404495807,2.7982907679410194,1.773967612084887,0.2648749546595169,1.3968827957093226,-2.2912121580534506,-0.3107262746796668
12.0,290.0,1004.1629028320312,-3.463539278044658,-4.72727150576411,-1.4363158007657024,2.1334699404495807,2.7982894778710383,1.7739680284948487,0.2648749546595169,1.3968827957093226,-2.291212142306682,-0.3107262770922765
12.0,290.0,1004.1629028320312,-3.4635392780156367,-4.727277384342812,-1.4363158007657335,2.1334699404495807,2.7982750288900915,1.773968013726638,0.2648749546595169,1.3968827957093226,-2.291212141637732,-0.3107262747077462
12.0,290.0,1004.1629028320312,-3.463539278044658,-4.7272795338412665,-1.4363158007657126,2.1334699404495807,2.7982907679410194,1.7739680486770986,0.2648749546595169,1.3968827957093226,-2.291212157386534,-0.3107262746796668
12.0,290.0,1004.1629028320312,-3.463539278044001,-4.727277384342812,-1.4363158007657126,2.1334699404495807,2.7982894816504733,1.773968013726638,0.2648749546595169,1.3968827957093226,-2.2912121589811227,-0.3107262746796668
12.0,290.0,1004.1629028320312,-3.463539278044658,-4.727267157006293,-1.436315800756988,2.1334699404495807,2.798290231536052,1.7739680139079643,0.2648749546595169,1.3968827957093226,-2.291212158083274,-0.3107262746796668
12.0,290.0,1004.1629028320312,-3.4635392780447103,-4.727275297925906,-1.4363158007657335,2.1334699404495807,2.7982894747896188,1.773968030307376,0.2648749546595169,1.3968827957093226,-2.291212142015799,-0.3107262727608175
12.0,290.0,1004.1629028320312,-3.4635392780143666,-4.727270470051437,-1.4363158007659564,2.1334699404495807,2.79827536664099,1.7739680290917086,0.2648749546595169,1.3968827957093226,-2.2912121588033694,-0.3107261716367639
12.0,290.0,1004.1629028320312,-3.463539278041088,-4.727279746833651,-1.436315800757758,2.1334699404495807,2.798290165590521,1.77396798063964,0.2648749546595169,1.3968827957093226,-2.291212157926028,-0.3107262746796668
12.0,290.0,1004.1629028320312,-3.463539278044369,-4.727275236505507,-1.4363158007657335,2.1334699404495807,2.7982894747896188,1.7739676259053625,0.2648749546595169,1.3968827957093226,-2.291212142015799,-0.3107262745839196
12.0,291.0,1004.1629028320312,-3.463539278044658,-4.727277384342812,-1.4363158007657126,2.1334699404495807,2.7982750288900915,1.773968013726638,0.2648749546595169,1.3968827957093226,-2.2912121580534506,-0.3107262746796668
12.0,291.0,1004.1629028320312,-3.4635392780136147,-4.727270659384286,-1.4363158007657126,2.1334699404495807,2.7982750288900915,1.773968013726638,0.2648749546595169,1.3968827957093226,-2.2912121580534506,-0.3107262746796668
12.0,291.0,1004.1629028320312,-3.4635392780135565,-4.727269940774775,-1.436315800765675,2.1334699404495807,2.7982751235669325,1.7739680138128826,0.2648749546595169,1.3968827957093226,-2.291212158936594,-0.3107262746796668
12.0,291.0,1004.1629028320312,-3.463539278044658,-4.727277384342812,-1.4363158007657126,2.1334699404495807,2.7982894816504733,1.773968013726638,0.2648749546595169,1.3968827957093226,-2.291212142183752,-0.3107262746796668
12.0,291.0,1004.1629028320312,-3.463539278044658,-4.727269472016781,-1.436315800766533,2.1334699404495807,2.798275121853399,1.7739680057895275,0.2648749546595169,1.3968827957093226,-2.2912121574933244,-0.3107262746796668
12.0,291.0,1004.1629028320312,-3.463539278044658,-4.727277384342812,-1.4363158007657126,2.1334699404495807,2.7982894816504733,1.773968013726638,0.2648749546595169,1.3968827957093226,-2.2912121587219194,-0.3107262746796668
12.0,291.0,1004.1629028320312,-3.463539278044658,-4.727276175038317,-1.4363158007659564,2.1334699404495807,2.798288923645431,1.7739680290917086,0.2648749546595169,1.3968827957093226,-2.2912121421679066,-0.3107261716367639
12.0,291.0,1004.1629028320312,-3.4635392780156367,-4.727277384342812,-1.4363158007657126,2.1334699404495807,2.7982750288900915,1.773968013726638,0.2648749546595169,1.3968827957093226,-2.2912121580534506,-0.3107262746796668
12.0,291.0,1004.1629028320312,-3.4635392780126426,-4.7272730638061615,-1.436315800757758,2.1334699404495807,2.7982901930498905,1.773967628706016,0.2648749546595169,1.3968827957093226,-2.2912121414164366,-0.3107262746796668
12.0,291.0,1004.1629028320312,-3.463539278044658,-4.727277384342812,-1.4363158007657126,2.1334699404495807,2.7982894816504733,1.773968013726638,0.2648749546595169,1.3968827957093226,-2.291212142183752,-0.3107262746796668
12.0,291.0,1004.1629028320312,-3.463539278044658,-4.727271400338654,-1.4363158007659445,2.1334699404495807,2.798288997284521,1.7739680284324228,0.2648749546595169,1.3968827957093226,-2.291212157407058,-0.3107262770922765
12.0,291.0,1004.1629028320312,-3.463539278044658,-4.727277384342812,-1.4363158007657126,2.1334699404495807,2.798290120216812,1.773967625376634,0.2648749546595169,1.3968827957093226,-2.291212142183752,-0.3107262746796668
12.0,291.0,1004.1629028320312,-3.4635392780439576,-4.727277384342812,-1.4363158007657126,2.1334699404495807,2.798275014288018,1.773968013726638,0.2648749546595169,1.3968827957093226,-2.2912121589594268,-0.3107262746796668
12.0,291.0,1004.1629028320312,-3.4635392780447103,-4.727275297925906,-1.4363158007657335,2.1334699404495807,2.7982894747896188,1.773968030307376,0.2648749546595169,1.3968827957093226,-2.291212142015799,-0.3107262727608175
12.0,291.0,1004.1629028320312,-3.463539278041088,-4.7272730638061615,-1.436315800757758,2.1334699404495807,2.7982901930498905,1.77396799297033,0.2648749546595169,1.3968827957093226,-2.2912121414164366,-0.3107262746796668
12.0,291.0,1004.1629028320312,-3.463539278044658,-4.727267157006293,-1.436315800756988,2.1334699404495807,2.798290231536052,1.7739680057895275,0.2648749546595169,1.3968827957093226,-2.2912121574933244,-0.3107262746796668
12.0,291.0,1004.1629028320312,-3.463539278044658,-4.727279555951162,-1.4363158007657126,2.1334699404495807,2.7982750288900915,1.773968013726638,0.2648749546595169,1.3968827957093226,-2.2912121580534506,-0.3107262746796668
12.0,291.0,1004.1629028320312,-3.4635392780376537,-4.727256756244229,-1.436315800758105,2.1334699404495807,2.798291453641109,1.773967628706016,0.2648749546595169,1.3968827957093226,-2.291212141541505,-0.3107262746796668
12.0,291.0,1004.1629028320312,-3.4635392780136147,-4.727270659384286,-1.4363158007577324,2.1334699404495807,2.798275195405384,1.773968013726638,0.2648749546595169,1.3968827957093226,-2.2912121573450586,-0.3107262746796668
12.0,291.0,1004.1629028320312,-3.4635392780481435,-4.727277380072278,-1.4363158007657333,2.1334699404495807,2.7982750288900915,1.7739680119403471,0.2648749546595169,1.3968827957093226,-2.2912121427496497,-0.3107262746796668
12.0,291.0,1004.1629028320312,-3.463539278044658,-4.727277406452706,-1.4363158007657126,2.1334699404495807,2.7982743811658835,1.7739680270183853,0.2648749546595169,1.3968827957093226,-2.291212142183752,-0.3107262746796668
12.0,291.0,1004.1629028320312,-3.463539278044658,-4.727277384342812,-1.4363158007657126,2.1334699404495807,2.7982750288900915,1.773968013726638,0.2648749546595169,1.3968827957093226,-2.2912121580534506,-0.3107262746796668
12.0,291.0,1004.1629028320312,-3.4635392780136147,-4.727270659384286,-1.4363158007657126,2.1334699404495807,2.7982750288900915,1.773968013726638,0.2648749546595169,1.3968827957093226,-2.291212158921064,-0.3107262746796668
12.0,291.0,1004.1629028320312,-3.463539278015004,-4.727277384342812,-1.4363158007657126,2.1334699404495807,2.7982748510990385,1.773968013726638,0.2648749546595169,1.3968827957093226,-2.2912121576607256,-0.3107262746796668
12.0,291.0,1004.1629028320312,-3.4635392780126426,-4.727277368984782,-1.4363158007576673,2.1334699404495807,2.798290284471104,1.773967628706016,0.2648749546595169,1.3968827957093226,-2.291212142653437,-0.3107262746796668
12.0,291.0,1004.1629028320312,-3.463539278044001,-4.727277384342812,-1.4363158007657126,2.1334699404495807,2.7982894816504733,1.773968013726638,0.2648749546595169,1.3968827957093226,-2.2912121587219194,-0.3107262746796668
12.0,291.0,1004.1629028320312,-3.463539278044658,-4.7272795338412665,-1.4363158007657126,2.1334699404495807,2.7982907679410194,1.773967612084887,0.2648749546595169,1.3968827957093226,-2.2912121580534506,-0.3107262746796668
12.0,291.0,1004.1629028320312,-3.463539278044658,-4.727277384342812,-1.4363158007657126,2.1334699404495807,2.7982894816504733,1.773968013726638,0.2648749546595169,1.3968827957093226,-2.291212142183752,-0.3107262746796668
12.0,291.0,1004.1629028320312,-3.463539278044658,-4.727269758327957,-1.436315800756988,2.1334699404495807,2.798290082134164,1.773968005416266,0.2648749546595169,1.3968827957093226,-2.291212141666529,-0.3107262746796668
12.0,291.0,1004.1629028320312,-3.4635392780427767,-4.727263080518411,-1.4363158007575878,2.1334699404495807,2.798290135558844,1.773967628706016,0.2648749546595169,1.3968827957093226,-2.291212141358736,-0.3107262746796668
12.0,291.0,1004.1629028320312,-3.4635392780481435,-4.727270036530294,-1.4363158007657333,2.1334699404495807,2.7982751214308825,1.7739680119403471,0.2648749546595169,1.3968827957093226,-2.2912121423099725,-0.3107262746796668
12.0,291.0,1004.1629028320312,-3.463539278044658,-4.727271247958868,-1.4363158007569792,2.1334699404495807,2.798290022084813,1.7739680057895275,0.2648749546595169,1.3968827957093226,-2.29121215748831,-0.3107262746796668
12.0,291.0,1004.1629028320312,-3.463539278044022,-4.727278042469881,-1.4363158007568446,2.1334699404495807,2.7982761993115246,1.7739680054258011,0.2648749546595169,1.3968827957093226,-2.291212141770252,-0.3107262746796668
12.0,291.0,1004.1629028320312,-3.463539278044561,-4.727277406452706,-1.4363158007657126,2.1334699404495807,2.7982743811658835,1.773967984742292,0.2648749546595169,1.3968827957093226,-2.291212142183752,-0.3107262746796668
12.0,291.0,1004.1629028320312,-3.463539278044904,-4.727277384342812,-1.4363158007657126,2.1334699404495807,2.798289486460873,1.7739680052579,0.2648749546595169,1.3968827957093226,-2.291212140570164,-0.3107262746796668
12.0,291.0,1004.1629028320312,-3.4635392780447103,-4.727275297925906,-1.4363158007657126,2.1334699404495807,2.7982894747896188,1.773968030307376,0.2648749546595169,1.3968827957093226,-2.291212158431517,-0.3107262727327382
12.0,291.0,1004.1629028320312,-3.463539278046152,-4.727269472016781,-1.436315800766614,2.1334699404495807,2.798275121853399,1.7739680057895275,0.2648749546595169,1.3968827957093226,-2.291212156637875,-0.3107262746796668
12.0,291.0,1004.1629028320312,-3.463539278044658,-4.727271400338654,-1.4363158007659445,2.1334699404495807,2.798288997284521,1.7739675918402116,0.2648749546595169,1.3968827957093226,-2.291212158073975,-0.3107262770922765
12.0,291.0,1004.1629028320312,-3.4635392780447103,-4.727275289642649,-1.4363158007657335,2.1334699404495807,2.7982894747896188,1.7739680304465335,0.2648749546595169,1.3968827957093226,-2.291212142015799,-0.3107262745839196
12.0,291.0,1004.1629028320312,-3.4635392780410634,-4.727263080518411,-1.4363158007575878,2.1334699404495807,2.798290135558844,1.7739676086767016,0.2648749546595169,1.3968827957093226,-2.291212141358736,-0.3107262746796668
12.0,291.0,1004.1629028320312,-3.463539278044658,-4.7272795338412665,-1.4363158007657126,2.1334699404495807,2.7982907679410194,1.773967612084887,0.2648749546595169,1.3968827957093226,-2.2912121580534506,-0.3107262746796668
12.0,291.0,1004.1629028320312,-3.463539278044658,-4.72727150576411,-1.4363158007657024,2.1334699404495807,2.7982894778710383,1.7739680284948487,0.2648749546595169,1.3968827957093226,-2.291212142306682,-0.3107262770922765
12.0,291.0,1004.1629028320312,-3.4635392780156367,-4.727277384342812,-1.4363158007657335,2.1334699404495807,2.7982750288900915,1.773968013726638,0.2648749546595169,1.3968827957093226,-2.291212141637732,-0.3107262747077462
12.0,291.0,1004.1629028320312,-3.463539278044658,-4.7272795338412665,-1.4363158007657126,2.1334699404495807,2.7982907679410194,1.7739680486770986,0.2648749546595169,1.3968827957093226,-2.291212157386534,-0.3107262746796668
12.0,291.0,1004.1629028320312,-3.463539278044001,-4.727277384342812,-1.4363158007657126,2.1334699404495807,2.7982894816504733,1.773968013726638,0.2648749546595169,1.3968827957093226,-2.2912121589811227,-0.3107262746796668
12.0,291.0,1004.1629028320312,-3.463539278044658,-4.727267157006293,-1.436315800756988,2.1334699404495807,2.798290231536052,1.7739680139079643,0.2648749546595169,1.3968827957093226,-2.291212158083274,-0.3107262746796668
12.0,291.0,1004.1629028320312,-3.4635392780447103,-4.727275297925906,-1.4363158007657335,2.1334699404495807,2.7982894747896188,1.773968030307376,0.2648749546595169,1.3968827957093226,-2.291212142015799,-0.3107262727608175
12.0,291.0,1004.1629028320312,-3.4635392780143666,-4.727270470051437,-1.4363158007659564,2.1334699404495807,2.79827536664099,1.7739680290917086,0.2648749546595169,1.3968827957093226,-2.2912121588033694,-0.3107261716367639
12.0,291.0,1004.1629028320312,-3.463539278041088,-4.727279746833651,-1.436315800757758,2.1334699404495807,2.798290165590521,1.77396798063964,0.2648749546595169,1.3968827957093226,-2.291212157926028,-0.3107262746796668
12.0,291.0,1004.1629028320312,-3.463539278044369,-4.727275236505507,-1.4363158007657335,2.1334699404495807,2.7982894747896188,1.7739676259053625,0.2648749546595169,1.3968827957093226,-2.291212142015799,-0.3107262745839196
12.0,292.0,1004.1629028320312,-3.463539278044658,-4.727277384342812,-1.4363158007657126,2.1334699404495807,2.7982750288900915,1.773968013726638,0.2648749546595169,1.3968827957093226,-2.2912121580534506,-0.3107262746796668
12.0,292.0,1004.1629028320312,-3.4635392780136147,-4.727270659384286,-1.4363158007657126,2.1334699404495807,2.7982750288900915,1.773968013726638,0.2648749546595169,1.3968827957093226,-2.2912121580534506,-0.3107262746796668
12.0,292.0,1004.1629028320312,-3.4635392780135565,-4.727269940774775,-1.436315800765675,2.1334699404495807,2.7982751235669325,1.7739680138128826,0.2648749546595169,1.3968827957093226,-2.291212158936594,-0.3107262746796668
12.0,292.0,1004.1629028320312,-3.463539278044658,-4.727277384342812,-1.4363158007657126,2.1334699404495807,2.7982894816504733,1.773968013726638,0.2648749546595169,1.3968827957093226,-2.291212142183752,-0.3107262746796668
12.0,292.0,1004.1629028320312,-3.463539278044658,-4.727269472016781,-1.436315800766533,2.1334699404495807,2.798275121853399,1.7739680057895275,0.2648749546595169,1.3968827957093226,-2.2912121574933244,-0.3107262746796668
12.0,292.0,1004.1629028320312,-3.463539278044658,-4.727277384342812,-1.4363158007657126,2.1334699404495807,2.7982894816504733,1.773968013726638,0.2648749546595169,1.3968827957093226,-2.2912121587219194,-0.3107262746796668
12.0,292.0,1004.1629028320312,-3.463539278044658,-4.727276175038317,-1.4363158007659564,2.1334699404495807,2.798288923645431,1.7739680290917086,0.2648749546595169,1.3968827957093226,-2.2912121421679066,-0.3107261716367639
12.0,292.0,1004.1629028320312,-3.4635392780156367,-4.727277384342812,-1.4363158007657126,2.1334699404495807,2.7982750288900915,1.773968013726638,0.2648749546595169,1.3968827957093226,-2.2912121580534506,-0.3107262746796668
12.0,292.0,1004.1629028320312,-3.4635392780126426,-4.7272730638061615,-1.436315800757758,2.1334699404495807,2.7982901930498905,1.773967628706016,0.2648749546595169,1.3968827957093226,-2.2912121414164366,-0.3107262746796668
12.0,292.0,1004.1629028320312,-3.463539278044658,-4.727277384342812,-1.4363158007657126,2.1334699404495807,2.7982894816504733,1.773968013726638,0.2648749546595169,1.3968827957093226,-2.291212142183752,-0.3107262746796668
12.0,292.0,1004.1629028320312,-3.463539278044658,-4.727271400338654,-1.4363158007659445,2.1334699404495807,2.798288997284521,1.7739680284324228,0.2648749546595169,1.3968827957093226,-2.291212157407058,-0.3107262770922765
12.0,292.0,1004.1629028320312,-3.463539278044658,-4.727277384342812,-1.4363158007657126,2.1334699404495807,2.798290120216812,1.773967625376634,0.2648749546595169,1.3968827957093226,-2.291212142183752,-0.3107262746796668
12.0,292.0,1004.1629028320312,-3.4635392780439576,-4.727277384342812,-1.4363158007657126,2.1334699404495807,2.798275014288018,1.773968013726638,0.2648749546595169,1.3968827957093226,-2.2912121589594268,-0.3107262746796668
12.0,292.0,1004.1629028320312,-3.4635392780447103,-4.727275297925906,-1.4363158007657335,2.1334699404495807,2.7982894747896188,1.773968030307376,0.2648749546595169,1.3968827957093226,-2.291212142015799,-0.3107262727608175
12.0,292.0,1004.1629028320312,-3.463539278041088,-4.7272730638061615,-1.436315800757758,2.1334699404495807,2.7982901930498905,1.77396799297033,0.2648749546595169,1.3968827957093226,-2.2912121414164366,-0.3107262746796668
12.0,292.0,1004.1629028320312,-3.463539278044658,-4.727267157006293,-1.436315800756988,2.1334699404495807,2.798290231536052,1.7739680057895275,0.2648749546595169,1.3968827957093226,-2.2912121574933244,-0.3107262746796668
12.0,292.0,1004.1629028320312,-3.463539278044658,-4.727279555951162,-1.4363158007657126,2.1334699404495807,2.7982750288900915,1.773968013726638,0.2648749546595169,1.3968827957093226,-2.2912121580534506,-0.3107262746796668
12.0,292.0,1004.1629028320312,-3.4635392780376537,-4.727256756244229,-1.436315800758105,2.1334699404495807,2.798291453641109,1.773967628706016,0.2648749546595169,1.3968827957093226,-2.291212141541505,-0.3107262746796668
12.0,292.0,1004.1629028320312,-3.4635392780136147,-4.727270659384286,-1.4363158007577324,2.1334699404495807,2.798275195405384,1.773968013726638,0.2648749546595169,1.3968827957093226,-2.2912121573450586,-0.3107262746796668
12.0,292.0,1004.1629028320312,-3.4635392780481435,-4.727277380072278,-1.4363158007657333,2.1334699404495807,2.7982750288900915,1.7739680119403471,0.2648749546595169,1.3968827957093226,-2.2912121427496497,-0.3107262746796668
12.0,292.0,1004.1629028320312,-3.463539278044658,-4.727277406452706,-1.4363158007657126,2.1334699404495807,2.7982743811658835,1.7739680270183853,0.2648749546595169,1.3968827957093226,-2.291212142183752,-0.3107262746796668
12.0,292.0,1004.1629028320312,-3.463539278044658,-4.727277384342812,-1.4363158007657126,2.1334699404495807,2.7982750288900915,1.773968013726638,0.2648749546595169,1.3968827957093226,-2.2912121580534506,-0.3107262746796668
12.0,292.0,1004.1629028320312,-3.4635392780136147,-4.727270659384286,-1.4363158007657126,2.1334699404495807,2.7982750288900915,1.773968013726638,0.2648749546595169,1.3968827957093226,-2.291212158921064,-0.3107262746796668
12.0,292.0,1004.1629028320312,-3.463539278015004,-4.727277384342812,-1.4363158007657126,2.1334699404495807,2.7982748510990385,1.773968013726638,0.2648749546595169,1.3968827957093226,-2.2912121576607256,-0.3107262746796668
12.0,292.0,1004.1629028320312,-3.4635392780126426,-4.727277368984782,-1.4363158007576673,2.1334699404495807,2.798290284471104,1.773967628706016,0.2648749546595169,1.3968827957093226,-2.291212142653437,-0.3107262746796668
12.0,292.0,1004.1629028320312,-3.463539278044001,-4.727277384342812,-1.4363158007657126,2.1334699404495807,2.7982894816504733,1.773968013726638,0.2648749546595169,1.3968827957093226,-2.2912121587219194,-0.3107262746796668
12.0,292.0,1004.1629028320312,-3.463539278044658,-4.7272795338412665,-1.4363158007657126,2.1334699404495807,2.7982907679410194,1.773967612084887,0.2648749546595169,1.3968827957093226,-2.2912121580534506,-0.3107262746796668
12.0,292.0,1004.1629028320312,-3.463539278044658,-4.727277384342812,-1.4363158007657126,2.1334699404495807,2.7982894816504733,1.773968013726638,0.2648749546595169,1.3968827957093226,-2.291212142183752,-0.3107262746796668
12.0,292.0,1004.1629028320312,-3.463539278044658,-4.727269758327957,-1.436315800756988,2.1334699404495807,2.798290082134164,1.773968005416266,0.2648749546595169,1.3968827957093226,-2.291212141666529,-0.3107262746796668
12.0,292.0,1004.1629028320312,-3.4635392780427767,-4.727263080518411,-1.4363158007575878,2.1334699404495807,2.798290135558844,1.773967628706016,0.2648749546595169,1.3968827957093226,-2.291212141358736,-0.3107262746796668
12.0,292.0,1004.1629028320312,-3.4635392780481435,-4.727270036530294,-1.4363158007657333,2.1334699404495807,2.7982751214308825,1.7739680119403471,0.2648749546595169,1.3968827957093226,-2.2912121423099725,-0.3107262746796668
12.0,292.0,1004.1629028320312,-3.463539278044658,-4.727271247958868,-1.4363158007569792,2.1334699404495807,2.798290022084813,1.7739680057895275,0.2648749546595169,1.3968827957093226,-2.29121215748831,-0.3107262746796668
12.0,292.0,1004.1629028320312,-3.463539278044022,-4.727278042469881,-1.4363158007568446,2.1334699404495807,2.7982761993115246,1.7739680054258011,0.2648749546595169,1.3968827957093226,-2.291212141770252,-0.3107262746796668
12.0,292.0,1004.1629028320312,-3.463539278044561,-4.727277406452706,-1.4363158007657126,2.1334699404495807,2.7982743811658835,1.773967984742292,0.2648749546595169,1.3968827957093226,-2.291212142183752,-0.3107262746796668
12.0,292.0,1004.1629028320312,-3.463539278044904,-4.727277384342812,-1.4363158007657126,2.1334699404495807,2.798289486460873,1.7739680052579,0.2648749546595169,1.3968827957093226,-2.291212140570164,-0.3107262746796668
12.0,292.0,1004.1629028320312,-3.4635392780447103,-4.727275297925906,-1.4363158007657126,2.1334699404495807,2.7982894747896188,1.773968030307376,0.2648749546595169,1.3968827957093226,-2.291212158431517,-0.3107262727327382
12.0,292.0,1004.1629028320312,-3.463539278046152,-4.727269472016781,-1.436315800766614,2.1334699404495807,2.798275121853399,1.7739680057895275,0.2648749546595169,1.3968827957093226,-2.291212156637875,-0.3107262746796668
12.0,292.0,1004.1629028320312,-3.463539278044658,-4.727271400338654,-1.4363158007659445,2.1334699404495807,2.798288997284521,1.7739675918402116,0.2648749546595169,1.3968827957093226,-2.291212158073975,-0.3107262770922765
12.0,292.0,1004.1629028320312,-3.4635392780447103,-4.727275289642649,-1.4363158007657335,2.1334699404495807,2.7982894747896188,1.7739680304465335,0.2648749546595169,1.3968827957093226,-2.291212142015799,-0.3107262745839196
12.0,292.0,1004.1629028320312,-3.4635392780410634,-4.727263080518411,-1.4363158007575878,2.1334699404495807,2.798290135558844,1.7739676086767016,0.2648749546595169,1.3968827957093226,-2.291212141358736,-0.3107262746796668
12.0,292.0,1004.1629028320312,-3.463539278044658,-4.7272795338412665,-1.4363158007657126,2.1334699404495807,2.7982907679410194,1.773967612084887,0.2648749546595169,1.3968827957093226,-2.2912121580534506,-0.3107262746796668
12.0,292.0,1004.1629028320312,-3.463539278044658,-4.72727150576411,-1.4363158007657024,2.1334699404495807,2.7982894778710383,1.7739680284948487,0.2648749546595169,1.3968827957093226,-2.291212142306682,-0.3107262770922765
12.0,292.0,1004.1629028320312,-3.4635392780156367,-4.727277384342812,-1.4363158007657335,2.1334699404495807,2.7982750288900915,1.773968013726638,0.2648749546595169,1.3968827957093226,-2.291212141637732,-0.3107262747077462
12.0,292.0,1004.1629028320312,-3.463539278044658,-4.7272795338412665,-1.4363158007657126,2.1334699404495807,2.7982907679410194,1.7739680486770986,0.2648749546595169,1.3968827957093226,-2.291212157386534,-0.3107262746796668
12.0,292.0,1004.1629028320312,-3.463539278044001,-4.727277384342812,-1.4363158007657126,2.1334699404495807,2.7982894816504733,1.773968013726638,0.2648749546595169,1.3968827957093226,-2.2912121589811227,-0.3107262746796668
12.0,292.0,1004.1629028320312,-3.463539278044658,-4.727267157006293,-1.436315800756988,2.1334699404495807,2.798290231536052,1.7739680139079643,0.2648749546595169,1.3968827957093226,-2.291212158083274,-0.3107262746796668
12.0,292.0,1004.1629028320312,-3.4635392780447103,-4.727275297925906,-1.4363158007657335,2.1334699404495807,2.7982894747896188,1.773968030307376,0.2648749546595169,1.3968827957093226,-2.291212142015799,-0.3107262727608175
12.0,292.0,1004.1629028320312,-3.4635392780143666,-4.727270470051437,-1.4363158007659564,2.1334699404495807,2.79827536664099,1.7739680290917086,0.2648749546595169,1.3968827957093226,-2.2912121588033694,-0.3107261716367639
12.0,292.0,1004.1629028320312,-3.463539278041088,-4.727279746833651,-1.436315800757758,2.1334699404495807,2.798290165590521,1.77396798063964,0.2648749546595169,1.3968827957093226,-2.291212157926028,-0.3107262746796668
12.0,292.0,1004.1629028320312,-3.463539278044369,-4.727275236505507,-1.4363158007657335,2.1334699404495807,2.7982894747896188,1.7739676259053625,0.2648749546595169,1.3968827957093226,-2.291212142015799,-0.3107262745839196
12.0,293.0,1004.1629028320312,-3.463539278044658,-4.727277384342812,-1.4363158007657126,2.1334699404495807,2.7982750288900915,1.773968013726638,0.2648749546595169,1.3968827957093226,-2.2912121580534506,-0.3107262746796668
12.0,293.0,1004.1629028320312,-3.4635392780136147,-4.727270659384286,-1.4363158007657126,2.1334699404495807,2.7982750288900915,1.773968013726638,0.2648749546595169,1.3968827957093226,-2.2912121580534506,-0.3107262746796668
12.0,293.0,1004.1629028320312,-3.4635392780135565,-4.727269940774775,-1.436315800765675,2.1334699404495807,2.7982751235669325,1.7739680138128826,0.2648749546595169,1.3968827957093226,-2.291212158936594,-0.3107262746796668
12.0,293.0,1004.1629028320312,-3.463539278044658,-4.727277384342812,-1.4363158007657126,2.1334699404495807,2.7982894816504733,1.773968013726638,0.2648749546595169,1.3968827957093226,-2.291212142183752,-0.3107262746796668
12.0,293.0,1004.1629028320312,-3.463539278044658,-4.727269472016781,-1.436315800766533,2.1334699404495807,2.798275121853399,1.7739680057895275,0.2648749546595169,1.3968827957093226,-2.2912121574933244,-0.3107262746796668
12.0,293.0,1004.1629028320312,-3.463539278044658,-4.727277384342812,-1.4363158007657126,2.1334699404495807,2.7982894816504733,1.773968013726638,0.2648749546595169,1.3968827957093226,-2.2912121587219194,-0.3107262746796668
12.0,293.0,1004.1629028320312,-3.463539278044658,-4.727276175038317,-1.4363158007659564,2.1334699404495807,2.798288923645431,1.7739680290917086,0.2648749546595169,1.3968827957093226,-2.2912121421679066,-0.3107261716367639
12.0,293.0,1004.1629028320312,-3.4635392780156367,-4.727277384342812,-1.4363158007657126,2.1334699404495807,2.7982750288900915,1.773968013726638,0.2648749546595169,1.3968827957093226,-2.2912121580534506,-0.3107262746796668
12.0,293.0,1004.1629028320312,-3.4635392780126426,-4.7272730638061615,-1.436315800757758,2.1334699404495807,2.7982901930498905,1.773967628706016,0.2648749546595169,1.3968827957093226,-2.2912121414164366,-0.3107262746796668
12.0,293.0,1004.1629028320312,-3.463539278044658,-4.727277384342812,-1.4363158007657126,2.1334699404495807,2.7982894816504733,1.773968013726638,0.2648749546595169,1.3968827957093226,-2.291212142183752,-0.3107262746796668
12.0,293.0,1004.1629028320312,-3.463539278044658,-4.727271400338654,-1.4363158007659445,2.1334699404495807,2.798288997284521,1.7739680284324228,0.2648749546595169,1.3968827957093226,-2.291212157407058,-0.3107262770922765
12.0,293.0,1004.1629028320312,-3.463539278044658,-4.727277384342812,-1.4363158007657126,2.1334699404495807,2.798290120216812,1.773967625376634,0.2648749546595169,1.3968827957093226,-2.291212142183752,-0.3107262746796668
12.0,293.0,1004.1629028320312,-3.4635392780439576,-4.727277384342812,-1.4363158007657126,2.1334699404495807,2.798275014288018,1.773968013726638,0.2648749546595169,1.3968827957093226,-2.2912121589594268,-0.3107262746796668
12.0,293.0,1004.1629028320312,-3.4635392780447103,-4.727275297925906,-1.4363158007657335,2.1334699404495807,2.7982894747896188,1.773968030307376,0.2648749546595169,1.3968827957093226,-2.291212142015799,-0.3107262727608175
12.0,293.0,1004.1629028320312,-3.463539278041088,-4.7272730638061615,-1.436315800757758,2.1334699404495807,2.7982901930498905,1.77396799297033,0.2648749546595169,1.3968827957093226,-2.2912121414164366,-0.3107262746796668
12.0,293.0,1004.1629028320312,-3.463539278044658,-4.727267157006293,-1.436315800756988,2.1334699404495807,2.798290231536052,1.7739680057895275,0.2648749546595169,1.3968827957093226,-2.2912121574933244,-0.3107262746796668
12.0,293.0,1004.1629028320312,-3.463539278044658,-4.727279555951162,-1.4363158007657126,2.1334699404495807,2.7982750288900915,1.773968013726638,0.2648749546595169,1.3968827957093226,-2.2912121580534506,-0.3107262746796668
12.0,293.0,1004.1629028320312,-3.4635392780376537,-4.727256756244229,-1.436315800758105,2.1334699404495807,2.798291453641109,1.773967628706016,0.2648749546595169,1.3968827957093226,-2.291212141541505,-0.3107262746796668
12.0,293.0,1004.1629028320312,-3.4635392780136147,-4.727270659384286,-1.4363158007577324,2.1334699404495807,2.798275195405384,1.773968013726638,0.2648749546595169,1.3968827957093226,-2.2912121573450586,-0.3107262746796668
12.0,293.0,1004.1629028320312,-3.4635392780481435,-4.727277380072278,-1.4363158007657333,2.1334699404495807,2.7982750288900915,1.7739680119403471,0.2648749546595169,1.3968827957093226,-2.2912121427496497,-0.3107262746796668
12.0,293.0,1004.1629028320312,-3.463539278044658,-4.727277406452706,-1.4363158007657126,2.1334699404495807,2.7982743811658835,1.7739680270183853,0.2648749546595169,1.3968827957093226,-2.291212142183752,-0.3107262746796668
12.0,293.0,1004.1629028320312,-3.463539278044658,-4.727277384342812,-1.4363158007657126,2.1334699404495807,2.7982750288900915,1.773968013726638,0.2648749546595169,1.3968827957093226,-2.2912121580534506,-0.3107262746796668
12.0,293.0,1004.1629028320312,-3.4635392780136147,-4.727270659384286,-1.4363158007657126,2.1334699404495807,2.7982750288900915,1.773968013726638,0.2648749546595169,1.3968827957093226,-2.291212158921064,-0.3107262746796668
12.0,293.0,1004.1629028320312,-3.463539278015004,-4.727277384342812,-1.4363158007657126,2.1334699404495807,2.7982748510990385,1.773968013726638,0.2648749546595169,1.3968827957093226,-2.2912121576607256,-0.3107262746796668
12.0,293.0,1004.1629028320312,-3.4635392780126426,-4.727277368984782,-1.4363158007576673,2.1334699404495807,2.798290284471104,1.773967628706016,0.2648749546595169,1.3968827957093226,-2.291212142653437,-0.3107262746796668
12.0,293.0,1004.1629028320312,-3.463539278044001,-4.727277384342812,-1.4363158007657126,2.1334699404495807,2.7982894816504733,1.773968013726638,0.2648749546595169,1.3968827957093226,-2.2912121587219194,-0.3107262746796668
12.0,293.0,1004.1629028320312,-3.463539278044658,-4.7272795338412665,-1.4363158007657126,2.1334699404495807,2.7982907679410194,1.773967612084887,0.2648749546595169,1.3968827957093226,-2.2912121580534506,-0.3107262746796668
12.0,293.0,1004.1629028320312,-3.463539278044658,-4.727277384342812,-1.4363158007657126,2.1334699404495807,2.7982894816504733,1.773968013726638,0.2648749546595169,1.3968827957093226,-2.291212142183752,-0.3107262746796668
12.0,293.0,1004.1629028320312,-3.463539278044658,-4.727269758327957,-1.436315800756988,2.1334699404495807,2.798290082134164,1.773968005416266,0.2648749546595169,1.3968827957093226,-2.291212141666529,-0.3107262746796668
12.0,293.0,1004.1629028320312,-3.4635392780427767,-4.727263080518411,-1.4363158007575878,2.1334699404495807,2.798290135558844,1.773967628706016,0.2648749546595169,1.3968827957093226,-2.291212141358736,-0.3107262746796668
12.0,293.0,1004.1629028320312,-3.4635392780481435,-4.727270036530294,-1.4363158007657333,2.1334699404495807,2.7982751214308825,1.7739680119403471,0.2648749546595169,1.3968827957093226,-2.2912121423099725,-0.3107262746796668
12.0,293.0,1004.1629028320312,-3.463539278044658,-4.727271247958868,-1.4363158007569792,2.1334699404495807,2.798290022084813,1.7739680057895275,0.2648749546595169,1.3968827957093226,-2.29121215748831,-0.3107262746796668
12.0,293.0,1004.1629028320312,-3.463539278044022,-4.727278042469881,-1.4363158007568446,2.1334699404495807,2.7982761993115246,1.7739680054258011,0.2648749546595169,1.3968827957093226,-2.291212141770252,-0.3107262746796668
12.0,293.0,1004.1629028320312,-3.463539278044561,-4.727277406452706,-1.4363158007657126,2.1334699404495807,2.7982743811658835,1.773967984742292,0.2648749546595169,1.3968827957093226,-2.291212142183752,-0.3107262746796668
12.0,293.0,1004.1629028320312,-3.463539278044904,-4.727277384342812,-1.4363158007657126,2.1334699404495807,2.798289486460873,1.7739680052579,0.2648749546595169,1.3968827957093226,-2.291212140570164,-0.3107262746796668
12.0,293.0,1004.1629028320312,-3.4635392780447103,-4.727275297925906,-1.4363158007657126,2.1334699404495807,2.7982894747896188,1.773968030307376,0.2648749546595169,1.3968827957093226,-2.291212158431517,-0.3107262727327382
12.0,293.0,1004.1629028320312,-3.463539278046152,-4.727269472016781,-1.436315800766614,2.1334699404495807,2.798275121853399,1.7739680057895275,0.2648749546595169,1.3968827957093226,-2.291212156637875,-0.3107262746796668
12.0,293.0,1004.1629028320312,-3.463539278044658,-4.727271400338654,-1.4363158007659445,2.1334699404495807,2.798288997284521,1.7739675918402116,0.2648749546595169,1.3968827957093226,-2.291212158073975,-0.3107262770922765
12.0,293.0,1004.1629028320312,-3.4635392780447103,-4.727275289642649,-1.4363158007657335,2.1334699404495807,2.7982894747896188,1.7739680304465335,0.2648749546595169,1.3968827957093226,-2.291212142015799,-0.3107262745839196
12.0,293.0,1004.1629028320312,-3.4635392780410634,-4.727263080518411,-1.4363158007575878,2.1334699404495807,2.798290135558844,1.7739676086767016,0.2648749546595169,1.3968827957093226,-2.291212141358736,-0.3107262746796668
12.0,293.0,1004.1629028320312,-3.463539278044658,-4.7272795338412665,-1.4363158007657126,2.1334699404495807,2.7982907679410194,1.773967612084887,0.2648749546595169,1.3968827957093226,-2.2912121580534506,-0.3107262746796668
12.0,293.0,1004.1629028320312,-3.463539278044658,-4.72727150576411,-1.4363158007657024,2.1334699404495807,2.7982894778710383,1.7739680284948487,0.2648749546595169,1.3968827957093226,-2.291212142306682,-0.3107262770922765
12.0,293.0,1004.1629028320312,-3.4635392780156367,-4.727277384342812,-1.4363158007657335,2.1334699404495807,2.7982750288900915,1.773968013726638,0.2648749546595169,1.3968827957093226,-2.291212141637732,-0.3107262747077462
12.0,293.0,1004.1629028320312,-3.463539278044658,-4.7272795338412665,-1.4363158007657126,2.1334699404495807,2.7982907679410194,1.7739680486770986,0.2648749546595169,1.3968827957093226,-2.291212157386534,-0.3107262746796668
12.0,293.0,1004.1629028320312,-3.463539278044001,-4.727277384342812,-1.4363158007657126,2.1334699404495807,2.7982894816504733,1.773968013726638,0.2648749546595169,1.3968827957093226,-2.2912121589811227,-0.3107262746796668
12.0,293.0,1004.1629028320312,-3.463539278044658,-4.727267157006293,-1.436315800756988,2.1334699404495807,2.798290231536052,1.7739680139079643,0.2648749546595169,1.3968827957093226,-2.291212158083274,-0.3107262746796668
12.0,293.0,1004.1629028320312,-3.4635392780447103,-4.727275297925906,-1.4363158007657335,2.1334699404495807,2.7982894747896188,1.773968030307376,0.2648749546595169,1.3968827957093226,-2.291212142015799,-0.3107262727608175
12.0,293.0,1004.1629028320312,-3.4635392780143666,-4.727270470051437,-1.4363158007659564,2.1334699404495807,2.79827536664099,1.7739680290917086,0.2648749546595169,1.3968827957093226,-2.2912121588033694,-0.3107261716367639
12.0,293.0,1004.1629028320312,-3.463539278041088,-4.727279746833651,-1.436315800757758,2.1334699404495807,2.798290165590521,1.77396798063964,0.2648749546595169,1.3968827957093226,-2.291212157926028,-0.3107262746796668
12.0,293.0,1004.1629028320312,-3.463539278044369,-4.727275236505507,-1.4363158007657335,2.1334699404495807,2.7982894747896188,1.7739676259053625,0.2648749546595169,1.3968827957093226,-2.291212142015799,-0.3107262745839196
12.0,294.0,1004.1629028320312,-3.463539278044658,-4.727277384342812,-1.4363158007657126,2.1334699404495807,2.7982750288900915,1.773968013726638,0.2648749546595169,1.3968827957093226,-2.2912121580534506,-0.3107262746796668
12.0,294.0,1004.1629028320312,-3.4635392780136147,-4.727270659384286,-1.4363158007657126,2.1334699404495807,2.7982750288900915,1.773968013726638,0.2648749546595169,1.3968827957093226,-2.2912121580534506,-0.3107262746796668
12.0,294.0,1004.1629028320312,-3.4635392780135565,-4.727269940774775,-1.436315800765675,2.1334699404495807,2.7982751235669325,1.7739680138128826,0.2648749546595169,1.3968827957093226,-2.291212158936594,-0.3107262746796668
12.0,294.0,1004.1629028320312,-3.463539278044658,-4.727277384342812,-1.4363158007657126,2.1334699404495807,2.7982894816504733,1.773968013726638,0.2648749546595169,1.3968827957093226,-2.291212142183752,-0.3107262746796668
12.0,294.0,1004.1629028320312,-3.463539278044658,-4.727269472016781,-1.436315800766533,2.1334699404495807,2.798275121853399,1.7739680057895275,0.2648749546595169,1.3968827957093226,-2.2912121574933244,-0.3107262746796668
12.0,294.0,1004.1629028320312,-3.463539278044658,-4.727277384342812,-1.4363158007657126,2.1334699404495807,2.7982894816504733,1.773968013726638,0.2648749546595169,1.3968827957093226,-2.2912121587219194,-0.3107262746796668
12.0,294.0,1004.1629028320312,-3.463539278044658,-4.727276175038317,-1.4363158007659564,2.1334699404495807,2.798288923645431,1.7739680290917086,0.2648749546595169,1.3968827957093226,-2.2912121421679066,-0.3107261716367639
12.0,294.0,1004.1629028320312,-3.4635392780156367,-4.727277384342812,-1.4363158007657126,2.1334699404495807,2.7982750288900915,1.773968013726638,0.2648749546595169,1.3968827957093226,-2.2912121580534506,-0.3107262746796668
12.0,294.0,1004.1629028320312,-3.4635392780126426,-4.7272730638061615,-1.436315800757758,2.1334699404495807,2.7982901930498905,1.773967628706016,0.2648749546595169,1.3968827957093226,-2.2912121414164366,-0.3107262746796668
12.0,294.0,1004.1629028320312,-3.463539278044658,-4.727277384342812,-1.4363158007657126,2.1334699404495807,2.7982894816504733,1.773968013726638,0.2648749546595169,1.3968827957093226,-2.291212142183752,-0.3107262746796668
12.0,294.0,1004.1629028320312,-3.463539278044658,-4.727271400338654,-1.4363158007659445,2.1334699404495807,2.798288997284521,1.7739680284324228,0.2648749546595169,1.3968827957093226,-2.291212157407058,-0.3107262770922765
12.0,294.0,1004.1629028320312,-3.463539278044658,-4.727277384342812,-1.4363158007657126,2.1334699404495807,2.798290120216812,1.773967625376634,0.2648749546595169,1.3968827957093226,-2.291212142183752,-0.3107262746796668
12.0,294.0,1004.1629028320312,-3.4635392780439576,-4.727277384342812,-1.4363158007657126,2.1334699404495807,2.798275014288018,1.773968013726638,0.2648749546595169,1.3968827957093226,-2.2912121589594268,-0.3107262746796668
12.0,294.0,1004.1629028320312,-3.4635392780447103,-4.727275297925906,-1.4363158007657335,2.1334699404495807,2.7982894747896188,1.773968030307376,0.2648749546595169,1.3968827957093226,-2.291212142015799,-0.3107262727608175
12.0,294.0,1004.1629028320312,-3.463539278041088,-4.7272730638061615,-1.436315800757758,2.1334699404495807,2.7982901930498905,1.77396799297033,0.2648749546595169,1.3968827957093226,-2.2912121414164366,-0.3107262746796668
12.0,294.0,1004.1629028320312,-3.463539278044658,-4.727267157006293,-1.436315800756988,2.1334699404495807,2.798290231536052,1.7739680057895275,0.2648749546595169,1.3968827957093226,-2.2912121574933244,-0.3107262746796668
12.0,294.0,1004.1629028320312,-3.463539278044658,-4.727279555951162,-1.4363158007657126,2.1334699404495807,2.7982750288900915,1.773968013726638,0.2648749546595169,1.3968827957093226,-2.2912121580534506,-0.3107262746796668
12.0,294.0,1004.1629028320312,-3.4635392780376537,-4.727256756244229,-1.436315800758105,2.1334699404495807,2.798291453641109,1.773967628706016,0.2648749546595169,1.3968827957093226,-2.291212141541505,-0.3107262746796668
12.0,294.0,1004.1629028320312,-3.4635392780136147,-4.727270659384286,-1.4363158007577324,2.1334699404495807,2.798275195405384,1.773968013726638,0.2648749546595169,1.3968827957093226,-2.2912121573450586,-0.3107262746796668
12.0,294.0,1004.1629028320312,-3.4635392780481435,-4.727277380072278,-1.4363158007657333,2.1334699404495807,2.7982750288900915,1.7739680119403471,0.2648749546595169,1.3968827957093226,-2.2912121427496497,-0.3107262746796668
12.0,294.0,1004.1629028320312,-3.463539278044658,-4.727277406452706,-1.4363158007657126,2.1334699404495807,2.7982743811658835,1.7739680270183853,0.2648749546595169,1.3968827957093226,-2.291212142183752,-0.3107262746796668
12.0,294.0,1004.1629028320312,-3.463539278044658,-4.727277384342812,-1.4363158007657126,2.1334699404495807,2.7982750288900915,1.773968013726638,0.2648749546595169,1.3968827957093226,-2.2912121580534506,-0.3107262746796668
12.0,294.0,1004.1629028320312,-3.4635392780136147,-4.727270659384286,-1.4363158007657126,2.1334699404495807,2.7982750288900915,1.773968013726638,0.2648749546595169,1.3968827957093226,-2.291212158921064,-0.3107262746796668
12.0,294.0,1004.1629028320312,-3.463539278015004,-4.727277384342812,-1.4363158007657126,2.1334699404495807,2.7982748510990385,1.773968013726638,0.2648749546595169,1.3968827957093226,-2.2912121576607256,-0.3107262746796668
12.0,294.0,1004.1629028320312,-3.4635392780126426,-4.727277368984782,-1.4363158007576673,2.1334699404495807,2.798290284471104,1.773967628706016,0.2648749546595169,1.3968827957093226,-2.291212142653437,-0.3107262746796668
12.0,294.0,1004.1629028320312,-3.463539278044001,-4.727277384342812,-1.4363158007657126,2.1334699404495807,2.7982894816504733,1.773968013726638,0.2648749546595169,1.3968827957093226,-2.2912121587219194,-0.3107262746796668
12.0,294.0,1004.1629028320312,-3.463539278044658,-4.7272795338412665,-1.4363158007657126,2.1334699404495807,2.7982907679410194,1.773967612084887,0.2648749546595169,1.3968827957093226,-2.2912121580534506,-0.3107262746796668
12.0,294.0,1004.1629028320312,-3.463539278044658,-4.727277384342812,-1.4363158007657126,2.1334699404495807,2.7982894816504733,1.773968013726638,0.2648749546595169,1.3968827957093226,-2.291212142183752,-0.3107262746796668
12.0,294.0,1004.1629028320312,-3.463539278044658,-4.727269758327957,-1.436315800756988,2.1334699404495807,2.798290082134164,1.773968005416266,0.2648749546595169,1.3968827957093226,-2.291212141666529,-0.3107262746796668
12.0,294.0,1004.1629028320312,-3.4635392780427767,-4.727263080518411,-1.4363158007575878,2.1334699404495807,2.798290135558844,1.773967628706016,0.2648749546595169,1.3968827957093226,-2.291212141358736,-0.3107262746796668
12.0,294.0,1004.1629028320312,-3.4635392780481435,-4.727270036530294,-1.4363158007657333,2.1334699404495807,2.7982751214308825,1.7739680119403471,0.2648749546595169,1.3968827957093226,-2.2912121423099725,-0.3107262746796668
12.0,294.0,1004.1629028320312,-3.463539278044658,-4.727271247958868,-1.4363158007569792,2.1334699404495807,2.798290022084813,1.7739680057895275,0.2648749546595169,1.3968827957093226,-2.29121215748831,-0.3107262746796668
12.0,294.0,1004.1629028320312,-3.463539278044022,-4.727278042469881,-1.4363158007568446,2.1334699404495807,2.7982761993115246,1.7739680054258011,0.2648749546595169,1.3968827957093226,-2.291212141770252,-0.3107262746796668
12.0,294.0,1004.1629028320312,-3.463539278044561,-4.727277406452706,-1.4363158007657126,2.1334699404495807,2.7982743811658835,1.773967984742292,0.2648749546595169,1.3968827957093226,-2.291212142183752,-0.3107262746796668
12.0,294.0,1004.1629028320312,-3.463539278044904,-4.727277384342812,-1.4363158007657126,2.1334699404495807,2.798289486460873,1.7739680052579,0.2648749546595169,1.3968827957093226,-2.291212140570164,-0.3107262746796668
12.0,294.0,1004.1629028320312,-3.4635392780447103,-4.727275297925906,-1.4363158007657126,2.1334699404495807,2.7982894747896188,1.773968030307376,0.2648749546595169,1.3968827957093226,-2.291212158431517,-0.3107262727327382
12.0,294.0,1004.1629028320312,-3.463539278046152,-4.727269472016781,-1.436315800766614,2.1334699404495807,2.798275121853399,1.7739680057895275,0.2648749546595169,1.3968827957093226,-2.291212156637875,-0.3107262746796668
12.0,294.0,1004.1629028320312,-3.463539278044658,-4.727271400338654,-1.4363158007659445,2.1334699404495807,2.798288997284521,1.7739675918402116,0.2648749546595169,1.3968827957093226,-2.291212158073975,-0.3107262770922765
12.0,294.0,1004.1629028320312,-3.4635392780447103,-4.727275289642649,-1.4363158007657335,2.1334699404495807,2.7982894747896188,1.7739680304465335,0.2648749546595169,1.3968827957093226,-2.291212142015799,-0.3107262745839196
12.0,294.0,1004.1629028320312,-3.4635392780410634,-4.727263080518411,-1.4363158007575878,2.1334699404495807,2.798290135558844,1.7739676086767016,0.2648749546595169,1.3968827957093226,-2.291212141358736,-0.3107262746796668
12.0,294.0,1004.1629028320312,-3.463539278044658,-4.7272795338412665,-1.4363158007657126,2.1334699404495807,2.7982907679410194,1.773967612084887,0.2648749546595169,1.3968827957093226,-2.2912121580534506,-0.3107262746796668
12.0,294.0,1004.1629028320312,-3.463539278044658,-4.72727150576411,-1.4363158007657024,2.1334699404495807,2.7982894778710383,1.7739680284948487,0.2648749546595169,1.3968827957093226,-2.291212142306682,-0.3107262770922765
12.0,294.0,1004.1629028320312,-3.4635392780156367,-4.727277384342812,-1.4363158007657335,2.1334699404495807,2.7982750288900915,1.773968013726638,0.2648749546595169,1.3968827957093226,-2.291212141637732,-0.3107262747077462
12.0,294.0,1004.1629028320312,-3.463539278044658,-4.7272795338412665,-1.4363158007657126,2.1334699404495807,2.7982907679410194,1.7739680486770986,0.2648749546595169,1.3968827957093226,-2.291212157386534,-0.3107262746796668
12.0,294.0,1004.1629028320312,-3.463539278044001,-4.727277384342812,-1.4363158007657126,2.1334699404495807,2.7982894816504733,1.773968013726638,0.2648749546595169,1.3968827957093226,-2.2912121589811227,-0.3107262746796668
12.0,294.0,1004.1629028320312,-3.463539278044658,-4.727267157006293,-1.436315800756988,2.1334699404495807,2.798290231536052,1.7739680139079643,0.2648749546595169,1.3968827957093226,-2.291212158083274,-0.3107262746796668
12.0,294.0,1004.1629028320312,-3.4635392780447103,-4.727275297925906,-1.4363158007657335,2.1334699404495807,2.7982894747896188,1.773968030307376,0.2648749546595169,1.3968827957093226,-2.291212142015799,-0.3107262727608175
12.0,294.0,1004.1629028320312,-3.4635392780143666,-4.727270470051437,-1.4363158007659564,2.1334699404495807,2.79827536664099,1.7739680290917086,0.2648749546595169,1.3968827957093226,-2.2912121588033694,-0.3107261716367639
12.0,294.0,1004.1629028320312,-3.463539278041088,-4.727279746833651,-1.436315800757758,2.1334699404495807,2.798290165590521,1.77396798063964,0.2648749546595169,1.3968827957093226,-2.291212157926028,-0.3107262746796668
12.0,294.0,1004.1629028320312,-3.463539278044369,-4.727275236505507,-1.4363158007657335,2.1334699404495807,2.7982894747896188,1.7739676259053625,0.2648749546595169,1.3968827957093226,-2.291212142015799,-0.3107262745839196
12.0,295.0,1004.1629028320312,-3.463539278044658,-4.727277384342812,-1.4363158007657126,2.1334699404495807,2.7982750288900915,1.773968013726638,0.2648749546595169,1.3968827957093226,-2.2912121580534506,-0.3107262746796668
12.0,295.0,1004.1629028320312,-3.4635392780136147,-4.727270659384286,-1.4363158007657126,2.1334699404495807,2.7982750288900915,1.773968013726638,0.2648749546595169,1.3968827957093226,-2.2912121580534506,-0.3107262746796668
12.0,295.0,1004.1629028320312,-3.4635392780135565,-4.727269940774775,-1.436315800765675,2.1334699404495807,2.7982751235669325,1.7739680138128826,0.2648749546595169,1.3968827957093226,-2.291212158936594,-0.3107262746796668
12.0,295.0,1004.1629028320312,-3.463539278044658,-4.727277384342812,-1.4363158007657126,2.1334699404495807,2.7982894816504733,1.773968013726638,0.2648749546595169,1.3968827957093226,-2.291212142183752,-0.3107262746796668
12.0,295.0,1004.1629028320312,-3.463539278044658,-4.727269472016781,-1.436315800766533,2.1334699404495807,2.798275121853399,1.7739680057895275,0.2648749546595169,1.3968827957093226,-2.2912121574933244,-0.3107262746796668
12.0,295.0,1004.1629028320312,-3.463539278044658,-4.727277384342812,-1.4363158007657126,2.1334699404495807,2.7982894816504733,1.773968013726638,0.2648749546595169,1.3968827957093226,-2.2912121587219194,-0.3107262746796668
12.0,295.0,1004.1629028320312,-3.463539278044658,-4.727276175038317,-1.4363158007659564,2.1334699404495807,2.798288923645431,1.7739680290917086,0.2648749546595169,1.3968827957093226,-2.2912121421679066,-0.3107261716367639
12.0,295.0,1004.1629028320312,-3.4635392780156367,-4.727277384342812,-1.4363158007657126,2.1334699404495807,2.7982750288900915,1.773968013726638,0.2648749546595169,1.3968827957093226,-2.2912121580534506,-0.3107262746796668
12.0,295.0,1004.1629028320312,-3.4635392780126426,-4.7272730638061615,-1.436315800757758,2.1334699404495807,2.7982901930498905,1.773967628706016,0.2648749546595169,1.3968827957093226,-2.2912121414164366,-0.3107262746796668
12.0,295.0,1004.1629028320312,-3.463539278044658,-4.727277384342812,-1.4363158007657126,2.1334699404495807,2.7982894816504733,1.773968013726638,0.2648749546595169,1.3968827957093226,-2.291212142183752,-0.3107262746796668
12.0,295.0,1004.1629028320312,-3.463539278044658,-4.727271400338654,-1.4363158007659445,2.1334699404495807,2.798288997284521,1.7739680284324228,0.2648749546595169,1.3968827957093226,-2.291212157407058,-0.3107262770922765
12.0,295.0,1004.1629028320312,-3.463539278044658,-4.727277384342812,-1.4363158007657126,2.1334699404495807,2.798290120216812,1.773967625376634,0.2648749546595169,1.3968827957093226,-2.291212142183752,-0.3107262746796668
12.0,295.0,1004.1629028320312,-3.4635392780439576,-4.727277384342812,-1.4363158007657126,2.1334699404495807,2.798275014288018,1.773968013726638,0.2648749546595169,1.3968827957093226,-2.2912121589594268,-0.3107262746796668
12.0,295.0,1004.1629028320312,-3.4635392780447103,-4.727275297925906,-1.4363158007657335,2.1334699404495807,2.7982894747896188,1.773968030307376,0.2648749546595169,1.3968827957093226,-2.291212142015799,-0.3107262727608175
12.0,295.0,1004.1629028320312,-3.463539278041088,-4.7272730638061615,-1.436315800757758,2.1334699404495807,2.7982901930498905,1.77396799297033,0.2648749546595169,1.3968827957093226,-2.2912121414164366,-0.3107262746796668
12.0,295.0,1004.1629028320312,-3.463539278044658,-4.727267157006293,-1.436315800756988,2.1334699404495807,2.798290231536052,1.7739680057895275,0.2648749546595169,1.3968827957093226,-2.2912121574933244,-0.3107262746796668
12.0,295.0,1004.1629028320312,-3.463539278044658,-4.727279555951162,-1.4363158007657126,2.1334699404495807,2.7982750288900915,1.773968013726638,0.2648749546595169,1.3968827957093226,-2.2912121580534506,-0.3107262746796668
12.0,295.0,1004.1629028320312,-3.4635392780376537,-4.727256756244229,-1.436315800758105,2.1334699404495807,2.798291453641109,1.773967628706016,0.2648749546595169,1.3968827957093226,-2.291212141541505,-0.3107262746796668
12.0,295.0,1004.1629028320312,-3.4635392780136147,-4.727270659384286,-1.4363158007577324,2.1334699404495807,2.798275195405384,1.773968013726638,0.2648749546595169,1.3968827957093226,-2.2912121573450586,-0.3107262746796668
12.0,295.0,1004.1629028320312,-3.4635392780481435,-4.727277380072278,-1.4363158007657333,2.1334699404495807,2.7982750288900915,1.7739680119403471,0.2648749546595169,1.3968827957093226,-2.2912121427496497,-0.3107262746796668
12.0,295.0,1004.1629028320312,-3.463539278044658,-4.727277406452706,-1.4363158007657126,2.1334699404495807,2.7982743811658835,1.7739680270183853,0.2648749546595169,1.3968827957093226,-2.291212142183752,-0.3107262746796668
12.0,295.0,1004.1629028320312,-3.463539278044658,-4.727277384342812,-1.4363158007657126,2.1334699404495807,2.7982750288900915,1.773968013726638,0.2648749546595169,1.3968827957093226,-2.2912121580534506,-0.3107262746796668
12.0,295.0,1004.1629028320312,-3.4635392780136147,-4.727270659384286,-1.4363158007657126,2.1334699404495807,2.7982750288900915,1.773968013726638,0.2648749546595169,1.3968827957093226,-2.291212158921064,-0.3107262746796668
12.0,295.0,1004.1629028320312,-3.463539278015004,-4.727277384342812,-1.4363158007657126,2.1334699404495807,2.7982748510990385,1.773968013726638,0.2648749546595169,1.3968827957093226,-2.2912121576607256,-0.3107262746796668
12.0,295.0,1004.1629028320312,-3.4635392780126426,-4.727277368984782,-1.4363158007576673,2.1334699404495807,2.798290284471104,1.773967628706016,0.2648749546595169,1.3968827957093226,-2.291212142653437,-0.3107262746796668
12.0,295.0,1004.1629028320312,-3.463539278044001,-4.727277384342812,-1.4363158007657126,2.1334699404495807,2.7982894816504733,1.773968013726638,0.2648749546595169,1.3968827957093226,-2.2912121587219194,-0.3107262746796668
12.0,295.0,1004.1629028320312,-3.463539278044658,-4.7272795338412665,-1.4363158007657126,2.1334699404495807,2.7982907679410194,1.773967612084887,0.2648749546595169,1.3968827957093226,-2.2912121580534506,-0.3107262746796668
12.0,295.0,1004.1629028320312,-3.463539278044658,-4.727277384342812,-1.4363158007657126,2.1334699404495807,2.7982894816504733,1.773968013726638,0.2648749546595169,1.3968827957093226,-2.291212142183752,-0.3107262746796668
12.0,295.0,1004.1629028320312,-3.463539278044658,-4.727269758327957,-1.436315800756988,2.1334699404495807,2.798290082134164,1.773968005416266,0.2648749546595169,1.3968827957093226,-2.291212141666529,-0.3107262746796668
12.0,295.0,1004.1629028320312,-3.4635392780427767,-4.727263080518411,-1.4363158007575878,2.1334699404495807,2.798290135558844,1.773967628706016,0.2648749546595169,1.3968827957093226,-2.291212141358736,-0.3107262746796668
12.0,295.0,1004.1629028320312,-3.4635392780481435,-4.727270036530294,-1.4363158007657333,2.1334699404495807,2.7982751214308825,1.7739680119403471,0.2648749546595169,1.3968827957093226,-2.2912121423099725,-0.3107262746796668
12.0,295.0,1004.1629028320312,-3.463539278044658,-4.727271247958868,-1.4363158007569792,2.1334699404495807,2.798290022084813,1.7739680057895275,0.2648749546595169,1.3968827957093226,-2.29121215748831,-0.3107262746796668
12.0,295.0,1004.1629028320312,-3.463539278044022,-4.727278042469881,-1.4363158007568446,2.1334699404495807,2.7982761993115246,1.7739680054258011,0.2648749546595169,1.3968827957093226,-2.291212141770252,-0.3107262746796668
12.0,295.0,1004.1629028320312,-3.463539278044561,-4.727277406452706,-1.4363158007657126,2.1334699404495807,2.7982743811658835,1.773967984742292,0.2648749546595169,1.3968827957093226,-2.291212142183752,-0.3107262746796668
12.0,295.0,1004.1629028320312,-3.463539278044904,-4.727277384342812,-1.4363158007657126,2.1334699404495807,2.798289486460873,1.7739680052579,0.2648749546595169,1.3968827957093226,-2.291212140570164,-0.3107262746796668
12.0,295.0,1004.1629028320312,-3.4635392780447103,-4.727275297925906,-1.4363158007657126,2.1334699404495807,2.7982894747896188,1.773968030307376,0.2648749546595169,1.3968827957093226,-2.291212158431517,-0.3107262727327382
12.0,295.0,1004.1629028320312,-3.463539278046152,-4.727269472016781,-1.436315800766614,2.1334699404495807,2.798275121853399,1.7739680057895275,0.2648749546595169,1.3968827957093226,-2.291212156637875,-0.3107262746796668
12.0,295.0,1004.1629028320312,-3.463539278044658,-4.727271400338654,-1.4363158007659445,2.1334699404495807,2.798288997284521,1.7739675918402116,0.2648749546595169,1.3968827957093226,-2.291212158073975,-0.3107262770922765
12.0,295.0,1004.1629028320312,-3.4635392780447103,-4.727275289642649,-1.4363158007657335,2.1334699404495807,2.7982894747896188,1.7739680304465335,0.2648749546595169,1.3968827957093226,-2.291212142015799,-0.3107262745839196
12.0,295.0,1004.1629028320312,-3.4635392780410634,-4.727263080518411,-1.4363158007575878,2.1334699404495807,2.798290135558844,1.7739676086767016,0.2648749546595169,1.3968827957093226,-2.291212141358736,-0.3107262746796668
12.0,295.0,1004.1629028320312,-3.463539278044658,-4.7272795338412665,-1.4363158007657126,2.1334699404495807,2.7982907679410194,1.773967612084887,0.2648749546595169,1.3968827957093226,-2.2912121580534506,-0.3107262746796668
12.0,295.0,1004.1629028320312,-3.463539278044658,-4.72727150576411,-1.4363158007657024,2.1334699404495807,2.7982894778710383,1.7739680284948487,0.2648749546595169,1.3968827957093226,-2.291212142306682,-0.3107262770922765
12.0,295.0,1004.1629028320312,-3.4635392780156367,-4.727277384342812,-1.4363158007657335,2.1334699404495807,2.7982750288900915,1.773968013726638,0.2648749546595169,1.3968827957093226,-2.291212141637732,-0.3107262747077462
12.0,295.0,1004.1629028320312,-3.463539278044658,-4.7272795338412665,-1.4363158007657126,2.1334699404495807,2.7982907679410194,1.7739680486770986,0.2648749546595169,1.3968827957093226,-2.291212157386534,-0.3107262746796668
12.0,295.0,1004.1629028320312,-3.463539278044001,-4.727277384342812,-1.4363158007657126,2.1334699404495807,2.7982894816504733,1.773968013726638,0.2648749546595169,1.3968827957093226,-2.2912121589811227,-0.3107262746796668
12.0,295.0,1004.1629028320312,-3.463539278044658,-4.727267157006293,-1.436315800756988,2.1334699404495807,2.798290231536052,1.7739680139079643,0.2648749546595169,1.3968827957093226,-2.291212158083274,-0.3107262746796668
12.0,295.0,1004.1629028320312,-3.4635392780447103,-4.727275297925906,-1.4363158007657335,2.1334699404495807,2.7982894747896188,1.773968030307376,0.2648749546595169,1.3968827957093226,-2.291212142015799,-0.3107262727608175
12.0,295.0,1004.1629028320312,-3.4635392780143666,-4.727270470051437,-1.4363158007659564,2.1334699404495807,2.79827536664099,1.7739680290917086,0.2648749546595169,1.3968827957093226,-2.2912121588033694,-0.3107261716367639
12.0,295.0,1004.1629028320312,-3.463539278041088,-4.727279746833651,-1.436315800757758,2.1334699404495807,2.798290165590521,1.77396798063964,0.2648749546595169,1.3968827957093226,-2.291212157926028,-0.3107262746796668
12.0,295.0,1004.1629028320312,-3.463539278044369,-4.727275236505507,-1.4363158007657335,2.1334699404495807,2.7982894747896188,1.7739676259053625,0.2648749546595169,1.3968827957093226,-2.291212142015799,-0.3107262745839196
12.0,296.0,1004.1629028320312,-3.463539278044658,-4.727277384342812,-1.4363158007657126,2.1334699404495807,2.7982750288900915,1.773968013726638,0.2648749546595169,1.3968827957093226,-2.2912121580534506,-0.3107262746796668
12.0,296.0,1004.1629028320312,-3.4635392780136147,-4.727270659384286,-1.4363158007657126,2.1334699404495807,2.7982750288900915,1.773968013726638,0.2648749546595169,1.3968827957093226,-2.2912121580534506,-0.3107262746796668
12.0,296.0,1004.1629028320312,-3.4635392780135565,-4.727269940774775,-1.436315800765675,2.1334699404495807,2.7982751235669325,1.7739680138128826,0.2648749546595169,1.3968827957093226,-2.291212158936594,-0.3107262746796668
12.0,296.0,1004.1629028320312,-3.463539278044658,-4.727277384342812,-1.4363158007657126,2.1334699404495807,2.7982894816504733,1.773968013726638,0.2648749546595169,1.3968827957093226,-2.291212142183752,-0.3107262746796668
12.0,296.0,1004.1629028320312,-3.463539278044658,-4.727269472016781,-1.436315800766533,2.1334699404495807,2.798275121853399,1.7739680057895275,0.2648749546595169,1.3968827957093226,-2.2912121574933244,-0.3107262746796668
12.0,296.0,1004.1629028320312,-3.463539278044658,-4.727277384342812,-1.4363158007657126,2.1334699404495807,2.7982894816504733,1.773968013726638,0.2648749546595169,1.3968827957093226,-2.2912121587219194,-0.3107262746796668
12.0,296.0,1004.1629028320312,-3.463539278044658,-4.727276175038317,-1.4363158007659564,2.1334699404495807,2.798288923645431,1.7739680290917086,0.2648749546595169,1.3968827957093226,-2.2912121421679066,-0.3107261716367639
12.0,296.0,1004.1629028320312,-3.4635392780156367,-4.727277384342812,-1.4363158007657126,2.1334699404495807,2.7982750288900915,1.773968013726638,0.2648749546595169,1.3968827957093226,-2.2912121580534506,-0.3107262746796668
12.0,296.0,1004.1629028320312,-3.4635392780126426,-4.7272730638061615,-1.436315800757758,2.1334699404495807,2.7982901930498905,1.773967628706016,0.2648749546595169,1.3968827957093226,-2.2912121414164366,-0.3107262746796668
12.0,296.0,1004.1629028320312,-3.463539278044658,-4.727277384342812,-1.4363158007657126,2.1334699404495807,2.7982894816504733,1.773968013726638,0.2648749546595169,1.3968827957093226,-2.291212142183752,-0.3107262746796668
12.0,296.0,1004.1629028320312,-3.463539278044658,-4.727271400338654,-1.4363158007659445,2.1334699404495807,2.798288997284521,1.7739680284324228,0.2648749546595169,1.3968827957093226,-2.291212157407058,-0.3107262770922765
12.0,296.0,1004.1629028320312,-3.463539278044658,-4.727277384342812,-1.4363158007657126,2.1334699404495807,2.798290120216812,1.773967625376634,0.2648749546595169,1.3968827957093226,-2.291212142183752,-0.3107262746796668
12.0,296.0,1004.1629028320312,-3.4635392780439576,-4.727277384342812,-1.4363158007657126,2.1334699404495807,2.798275014288018,1.773968013726638,0.2648749546595169,1.3968827957093226,-2.2912121589594268,-0.3107262746796668
12.0,296.0,1004.1629028320312,-3.4635392780447103,-4.727275297925906,-1.4363158007657335,2.1334699404495807,2.7982894747896188,1.773968030307376,0.2648749546595169,1.3968827957093226,-2.291212142015799,-0.3107262727608175
12.0,296.0,1004.1629028320312,-3.463539278041088,-4.7272730638061615,-1.436315800757758,2.1334699404495807,2.7982901930498905,1.77396799297033,0.2648749546595169,1.3968827957093226,-2.2912121414164366,-0.3107262746796668
12.0,296.0,1004.1629028320312,-3.463539278044658,-4.727267157006293,-1.436315800756988,2.1334699404495807,2.798290231536052,1.7739680057895275,0.2648749546595169,1.3968827957093226,-2.2912121574933244,-0.3107262746796668
12.0,296.0,1004.1629028320312,-3.463539278044658,-4.727279555951162,-1.4363158007657126,2.1334699404495807,2.7982750288900915,1.773968013726638,0.2648749546595169,1.3968827957093226,-2.2912121580534506,-0.3107262746796668
12.0,296.0,1004.1629028320312,-3.4635392780376537,-4.727256756244229,-1.436315800758105,2.1334699404495807,2.798291453641109,1.773967628706016,0.2648749546595169,1.3968827957093226,-2.291212141541505,-0.3107262746796668
12.0,296.0,1004.1629028320312,-3.4635392780136147,-4.727270659384286,-1.4363158007577324,2.1334699404495807,2.798275195405384,1.773968013726638,0.2648749546595169,1.3968827957093226,-2.2912121573450586,-0.3107262746796668
12.0,296.0,1004.1629028320312,-3.4635392780481435,-4.727277380072278,-1.4363158007657333,2.1334699404495807,2.7982750288900915,1.7739680119403471,0.2648749546595169,1.3968827957093226,-2.2912121427496497,-0.3107262746796668
12.0,296.0,1004.1629028320312,-3.463539278044658,-4.727277406452706,-1.4363158007657126,2.1334699404495807,2.7982743811658835,1.7739680270183853,0.2648749546595169,1.3968827957093226,-2.291212142183752,-0.3107262746796668
12.0,296.0,1004.1629028320312,-3.463539278044658,-4.727277384342812,-1.4363158007657126,2.1334699404495807,2.7982750288900915,1.773968013726638,0.2648749546595169,1.3968827957093226,-2.2912121580534506,-0.3107262746796668
12.0,296.0,1004.1629028320312,-3.4635392780136147,-4.727270659384286,-1.4363158007657126,2.1334699404495807,2.7982750288900915,1.773968013726638,0.2648749546595169,1.3968827957093226,-2.291212158921064,-0.3107262746796668
12.0,296.0,1004.1629028320312,-3.463539278015004,-4.727277384342812,-1.4363158007657126,2.1334699404495807,2.7982748510990385,1.773968013726638,0.2648749546595169,1.3968827957093226,-2.2912121576607256,-0.3107262746796668
12.0,296.0,1004.1629028320312,-3.4635392780126426,-4.727277368984782,-1.4363158007576673,2.1334699404495807,2.798290284471104,1.773967628706016,0.2648749546595169,1.3968827957093226,-2.291212142653437,-0.3107262746796668
12.0,296.0,1004.1629028320312,-3.463539278044001,-4.727277384342812,-1.4363158007657126,2.1334699404495807,2.7982894816504733,1.773968013726638,0.2648749546595169,1.3968827957093226,-2.2912121587219194,-0.3107262746796668
12.0,296.0,1004.1629028320312,-3.463539278044658,-4.7272795338412665,-1.4363158007657126,2.1334699404495807,2.7982907679410194,1.773967612084887,0.2648749546595169,1.3968827957093226,-2.2912121580534506,-0.3107262746796668
12.0,296.0,1004.1629028320312,-3.463539278044658,-4.727277384342812,-1.4363158007657126,2.1334699404495807,2.7982894816504733,1.773968013726638,0.2648749546595169,1.3968827957093226,-2.291212142183752,-0.3107262746796668
12.0,296.0,1004.1629028320312,-3.463539278044658,-4.727269758327957,-1.436315800756988,2.1334699404495807,2.798290082134164,1.773968005416266,0.2648749546595169,1.3968827957093226,-2.291212141666529,-0.3107262746796668
12.0,296.0,1004.1629028320312,-3.4635392780427767,-4.727263080518411,-1.4363158007575878,2.1334699404495807,2.798290135558844,1.773967628706016,0.2648749546595169,1.3968827957093226,-2.291212141358736,-0.3107262746796668
12.0,296.0,1004.1629028320312,-3.4635392780481435,-4.727270036530294,-1.4363158007657333,2.1334699404495807,2.7982751214308825,1.7739680119403471,0.2648749546595169,1.3968827957093226,-2.2912121423099725,-0.3107262746796668
12.0,296.0,1004.1629028320312,-3.463539278044658,-4.727271247958868,-1.4363158007569792,2.1334699404495807,2.798290022084813,1.7739680057895275,0.2648749546595169,1.3968827957093226,-2.29121215748831,-0.3107262746796668
12.0,296.0,1004.1629028320312,-3.463539278044022,-4.727278042469881,-1.4363158007568446,2.1334699404495807,2.7982761993115246,1.7739680054258011,0.2648749546595169,1.3968827957093226,-2.291212141770252,-0.3107262746796668
12.0,296.0,1004.1629028320312,-3.463539278044561,-4.727277406452706,-1.4363158007657126,2.1334699404495807,2.7982743811658835,1.773967984742292,0.2648749546595169,1.3968827957093226,-2.291212142183752,-0.3107262746796668
12.0,296.0,1004.1629028320312,-3.463539278044904,-4.727277384342812,-1.4363158007657126,2.1334699404495807,2.798289486460873,1.7739680052579,0.2648749546595169,1.3968827957093226,-2.291212140570164,-0.3107262746796668
12.0,296.0,1004.1629028320312,-3.4635392780447103,-4.727275297925906,-1.4363158007657126,2.1334699404495807,2.7982894747896188,1.773968030307376,0.2648749546595169,1.3968827957093226,-2.291212158431517,-0.3107262727327382
12.0,296.0,1004.1629028320312,-3.463539278046152,-4.727269472016781,-1.436315800766614,2.1334699404495807,2.798275121853399,1.7739680057895275,0.2648749546595169,1.3968827957093226,-2.291212156637875,-0.3107262746796668
12.0,296.0,1004.1629028320312,-3.463539278044658,-4.727271400338654,-1.4363158007659445,2.1334699404495807,2.798288997284521,1.7739675918402116,0.2648749546595169,1.3968827957093226,-2.291212158073975,-0.3107262770922765
12.0,296.0,1004.1629028320312,-3.4635392780447103,-4.727275289642649,-1.4363158007657335,2.1334699404495807,2.7982894747896188,1.7739680304465335,0.2648749546595169,1.3968827957093226,-2.291212142015799,-0.3107262745839196
12.0,296.0,1004.1629028320312,-3.4635392780410634,-4.727263080518411,-1.4363158007575878,2.1334699404495807,2.798290135558844,1.7739676086767016,0.2648749546595169,1.3968827957093226,-2.291212141358736,-0.3107262746796668
12.0,296.0,1004.1629028320312,-3.463539278044658,-4.7272795338412665,-1.4363158007657126,2.1334699404495807,2.7982907679410194,1.773967612084887,0.2648749546595169,1.3968827957093226,-2.2912121580534506,-0.3107262746796668
12.0,296.0,1004.1629028320312,-3.463539278044658,-4.72727150576411,-1.4363158007657024,2.1334699404495807,2.7982894778710383,1.7739680284948487,0.2648749546595169,1.3968827957093226,-2.291212142306682,-0.3107262770922765
12.0,296.0,1004.1629028320312,-3.4635392780156367,-4.727277384342812,-1.4363158007657335,2.1334699404495807,2.7982750288900915,1.773968013726638,0.2648749546595169,1.3968827957093226,-2.291212141637732,-0.3107262747077462
12.0,296.0,1004.1629028320312,-3.463539278044658,-4.7272795338412665,-1.4363158007657126,2.1334699404495807,2.7982907679410194,1.7739680486770986,0.2648749546595169,1.3968827957093226,-2.291212157386534,-0.3107262746796668
12.0,296.0,1004.1629028320312,-3.463539278044001,-4.727277384342812,-1.4363158007657126,2.1334699404495807,2.7982894816504733,1.773968013726638,0.2648749546595169,1.3968827957093226,-2.2912121589811227,-0.3107262746796668
12.0,296.0,1004.1629028320312,-3.463539278044658,-4.727267157006293,-1.436315800756988,2.1334699404495807,2.798290231536052,1.7739680139079643,0.2648749546595169,1.3968827957093226,-2.291212158083274,-0.3107262746796668
12.0,296.0,1004.1629028320312,-3.4635392780447103,-4.727275297925906,-1.4363158007657335,2.1334699404495807,2.7982894747896188,1.773968030307376,0.2648749546595169,1.3968827957093226,-2.291212142015799,-0.3107262727608175
12.0,296.0,1004.1629028320312,-3.4635392780143666,-4.727270470051437,-1.4363158007659564,2.1334699404495807,2.79827536664099,1.7739680290917086,0.2648749546595169,1.3968827957093226,-2.2912121588033694,-0.3107261716367639
12.0,296.0,1004.1629028320312,-3.463539278041088,-4.727279746833651,-1.436315800757758,2.1334699404495807,2.798290165590521,1.77396798063964,0.2648749546595169,1.3968827957093226,-2.291212157926028,-0.3107262746796668
12.0,296.0,1004.1629028320312,-3.463539278044369,-4.727275236505507,-1.4363158007657335,2.1334699404495807,2.7982894747896188,1.7739676259053625,0.2648749546595169,1.3968827957093226,-2.291212142015799,-0.3107262745839196
12.0,297.0,1004.1629028320312,-3.463539278044658,-4.727277384342812,-1.4363158007657126,2.1334699404495807,2.7982750288900915,1.773968013726638,0.2648749546595169,1.3968827957093226,-2.2912121580534506,-0.3107262746796668
12.0,297.0,1004.1629028320312,-3.4635392780136147,-4.727270659384286,-1.4363158007657126,2.1334699404495807,2.7982750288900915,1.773968013726638,0.2648749546595169,1.3968827957093226,-2.2912121580534506,-0.3107262746796668
12.0,297.0,1004.1629028320312,-3.4635392780135565,-4.727269940774775,-1.436315800765675,2.1334699404495807,2.7982751235669325,1.7739680138128826,0.2648749546595169,1.3968827957093226,-2.291212158936594,-0.3107262746796668
12.0,297.0,1004.1629028320312,-3.463539278044658,-4.727277384342812,-1.4363158007657126,2.1334699404495807,2.7982894816504733,1.773968013726638,0.2648749546595169,1.3968827957093226,-2.291212142183752,-0.3107262746796668
12.0,297.0,1004.1629028320312,-3.463539278044658,-4.727269472016781,-1.436315800766533,2.1334699404495807,2.798275121853399,1.7739680057895275,0.2648749546595169,1.3968827957093226,-2.2912121574933244,-0.3107262746796668
12.0,297.0,1004.1629028320312,-3.463539278044658,-4.727277384342812,-1.4363158007657126,2.1334699404495807,2.7982894816504733,1.773968013726638,0.2648749546595169,1.3968827957093226,-2.2912121587219194,-0.3107262746796668
12.0,297.0,1004.1629028320312,-3.463539278044658,-4.727276175038317,-1.4363158007659564,2.1334699404495807,2.798288923645431,1.7739680290917086,0.2648749546595169,1.3968827957093226,-2.2912121421679066,-0.3107261716367639
12.0,297.0,1004.1629028320312,-3.4635392780156367,-4.727277384342812,-1.4363158007657126,2.1334699404495807,2.7982750288900915,1.773968013726638,0.2648749546595169,1.3968827957093226,-2.2912121580534506,-0.3107262746796668
12.0,297.0,1004.1629028320312,-3.4635392780126426,-4.7272730638061615,-1.436315800757758,2.1334699404495807,2.7982901930498905,1.773967628706016,0.2648749546595169,1.3968827957093226,-2.2912121414164366,-0.3107262746796668
12.0,297.0,1004.1629028320312,-3.463539278044658,-4.727277384342812,-1.4363158007657126,2.1334699404495807,2.7982894816504733,1.773968013726638,0.2648749546595169,1.3968827957093226,-2.291212142183752,-0.3107262746796668
12.0,297.0,1004.1629028320312,-3.463539278044658,-4.727271400338654,-1.4363158007659445,2.1334699404495807,2.798288997284521,1.7739680284324228,0.2648749546595169,1.3968827957093226,-2.291212157407058,-0.3107262770922765
12.0,297.0,1004.1629028320312,-3.463539278044658,-4.727277384342812,-1.4363158007657126,2.1334699404495807,2.798290120216812,1.773967625376634,0.2648749546595169,1.3968827957093226,-2.291212142183752,-0.3107262746796668
12.0,297.0,1004.1629028320312,-3.4635392780439576,-4.727277384342812,-1.4363158007657126,2.1334699404495807,2.798275014288018,1.773968013726638,0.2648749546595169,1.3968827957093226,-2.2912121589594268,-0.3107262746796668
12.0,297.0,1004.1629028320312,-3.4635392780447103,-4.727275297925906,-1.4363158007657335,2.1334699404495807,2.7982894747896188,1.773968030307376,0.2648749546595169,1.3968827957093226,-2.291212142015799,-0.3107262727608175
12.0,297.0,1004.1629028320312,-3.463539278041088,-4.7272730638061615,-1.436315800757758,2.1334699404495807,2.7982901930498905,1.77396799297033,0.2648749546595169,1.3968827957093226,-2.2912121414164366,-0.3107262746796668
12.0,297.0,1004.1629028320312,-3.463539278044658,-4.727267157006293,-1.436315800756988,2.1334699404495807,2.798290231536052,1.7739680057895275,0.2648749546595169,1.3968827957093226,-2.2912121574933244,-0.3107262746796668
12.0,297.0,1004.1629028320312,-3.463539278044658,-4.727279555951162,-1.4363158007657126,2.1334699404495807,2.7982750288900915,1.773968013726638,0.2648749546595169,1.3968827957093226,-2.2912121580534506,-0.3107262746796668
12.0,297.0,1004.1629028320312,-3.4635392780376537,-4.727256756244229,-1.436315800758105,2.1334699404495807,2.798291453641109,1.773967628706016,0.2648749546595169,1.3968827957093226,-2.291212141541505,-0.3107262746796668
12.0,297.0,1004.1629028320312,-3.4635392780136147,-4.727270659384286,-1.4363158007577324,2.1334699404495807,2.798275195405384,1.773968013726638,0.2648749546595169,1.3968827957093226,-2.2912121573450586,-0.3107262746796668
12.0,297.0,1004.1629028320312,-3.4635392780481435,-4.727277380072278,-1.4363158007657333,2.1334699404495807,2.7982750288900915,1.7739680119403471,0.2648749546595169,1.3968827957093226,-2.2912121427496497,-0.3107262746796668
12.0,297.0,1004.1629028320312,-3.463539278044658,-4.727277406452706,-1.4363158007657126,2.1334699404495807,2.7982743811658835,1.7739680270183853,0.2648749546595169,1.3968827957093226,-2.291212142183752,-0.3107262746796668
12.0,297.0,1004.1629028320312,-3.463539278044658,-4.727277384342812,-1.4363158007657126,2.1334699404495807,2.7982750288900915,1.773968013726638,0.2648749546595169,1.3968827957093226,-2.2912121580534506,-0.3107262746796668
12.0,297.0,1004.1629028320312,-3.4635392780136147,-4.727270659384286,-1.4363158007657126,2.1334699404495807,2.7982750288900915,1.773968013726638,0.2648749546595169,1.3968827957093226,-2.291212158921064,-0.3107262746796668
12.0,297.0,1004.1629028320312,-3.463539278015004,-4.727277384342812,-1.4363158007657126,2.1334699404495807,2.7982748510990385,1.773968013726638,0.2648749546595169,1.3968827957093226,-2.2912121576607256,-0.3107262746796668
12.0,297.0,1004.1629028320312,-3.4635392780126426,-4.727277368984782,-1.4363158007576673,2.1334699404495807,2.798290284471104,1.773967628706016,0.2648749546595169,1.3968827957093226,-2.291212142653437,-0.3107262746796668
12.0,297.0,1004.1629028320312,-3.463539278044001,-4.727277384342812,-1.4363158007657126,2.1334699404495807,2.7982894816504733,1.773968013726638,0.2648749546595169,1.3968827957093226,-2.2912121587219194,-0.3107262746796668
12.0,297.0,1004.1629028320312,-3.463539278044658,-4.7272795338412665,-1.4363158007657126,2.1334699404495807,2.7982907679410194,1.773967612084887,0.2648749546595169,1.3968827957093226,-2.2912121580534506,-0.3107262746796668
12.0,297.0,1004.1629028320312,-3.463539278044658,-4.727277384342812,-1.4363158007657126,2.1334699404495807,2.7982894816504733,1.773968013726638,0.2648749546595169,1.3968827957093226,-2.291212142183752,-0.3107262746796668
12.0,297.0,1004.1629028320312,-3.463539278044658,-4.727269758327957,-1.436315800756988,2.1334699404495807,2.798290082134164,1.773968005416266,0.2648749546595169,1.3968827957093226,-2.291212141666529,-0.3107262746796668
12.0,297.0,1004.1629028320312,-3.4635392780427767,-4.727263080518411,-1.4363158007575878,2.1334699404495807,2.798290135558844,1.773967628706016,0.2648749546595169,1.3968827957093226,-2.291212141358736,-0.3107262746796668
12.0,297.0,1004.1629028320312,-3.4635392780481435,-4.727270036530294,-1.4363158007657333,2.1334699404495807,2.7982751214308825,1.7739680119403471,0.2648749546595169,1.3968827957093226,-2.2912121423099725,-0.3107262746796668
12.0,297.0,1004.1629028320312,-3.463539278044658,-4.727271247958868,-1.4363158007569792,2.1334699404495807,2.798290022084813,1.7739680057895275,0.2648749546595169,1.3968827957093226,-2.29121215748831,-0.3107262746796668
12.0,297.0,1004.1629028320312,-3.463539278044022,-4.727278042469881,-1.4363158007568446,2.1334699404495807,2.7982761993115246,1.7739680054258011,0.2648749546595169,1.3968827957093226,-2.291212141770252,-0.3107262746796668
12.0,297.0,1004.1629028320312,-3.463539278044561,-4.727277406452706,-1.4363158007657126,2.1334699404495807,2.7982743811658835,1.773967984742292,0.2648749546595169,1.3968827957093226,-2.291212142183752,-0.3107262746796668
12.0,297.0,1004.1629028320312,-3.463539278044904,-4.727277384342812,-1.4363158007657126,2.1334699404495807,2.798289486460873,1.7739680052579,0.2648749546595169,1.3968827957093226,-2.291212140570164,-0.3107262746796668
12.0,297.0,1004.1629028320312,-3.4635392780447103,-4.727275297925906,-1.4363158007657126,2.1334699404495807,2.7982894747896188,1.773968030307376,0.2648749546595169,1.3968827957093226,-2.291212158431517,-0.3107262727327382
12.0,297.0,1004.1629028320312,-3.463539278046152,-4.727269472016781,-1.436315800766614,2.1334699404495807,2.798275121853399,1.7739680057895275,0.2648749546595169,1.3968827957093226,-2.291212156637875,-0.3107262746796668
12.0,297.0,1004.1629028320312,-3.463539278044658,-4.727271400338654,-1.4363158007659445,2.1334699404495807,2.798288997284521,1.7739675918402116,0.2648749546595169,1.3968827957093226,-2.291212158073975,-0.3107262770922765
12.0,297.0,1004.1629028320312,-3.4635392780447103,-4.727275289642649,-1.4363158007657335,2.1334699404495807,2.7982894747896188,1.7739680304465335,0.2648749546595169,1.3968827957093226,-2.291212142015799,-0.3107262745839196
12.0,297.0,1004.1629028320312,-3.4635392780410634,-4.727263080518411,-1.4363158007575878,2.1334699404495807,2.798290135558844,1.7739676086767016,0.2648749546595169,1.3968827957093226,-2.291212141358736,-0.3107262746796668
12.0,297.0,1004.1629028320312,-3.463539278044658,-4.7272795338412665,-1.4363158007657126,2.1334699404495807,2.7982907679410194,1.773967612084887,0.2648749546595169,1.3968827957093226,-2.2912121580534506,-0.3107262746796668
12.0,297.0,1004.1629028320312,-3.463539278044658,-4.72727150576411,-1.4363158007657024,2.1334699404495807,2.7982894778710383,1.7739680284948487,0.2648749546595169,1.3968827957093226,-2.291212142306682,-0.3107262770922765
12.0,297.0,1004.1629028320312,-3.4635392780156367,-4.727277384342812,-1.4363158007657335,2.1334699404495807,2.7982750288900915,1.773968013726638,0.2648749546595169,1.3968827957093226,-2.291212141637732,-0.3107262747077462
12.0,297.0,1004.1629028320312,-3.463539278044658,-4.7272795338412665,-1.4363158007657126,2.1334699404495807,2.7982907679410194,1.7739680486770986,0.2648749546595169,1.3968827957093226,-2.291212157386534,-0.3107262746796668
12.0,297.0,1004.1629028320312,-3.463539278044001,-4.727277384342812,-1.4363158007657126,2.1334699404495807,2.7982894816504733,1.773968013726638,0.2648749546595169,1.3968827957093226,-2.2912121589811227,-0.3107262746796668
12.0,297.0,1004.1629028320312,-3.463539278044658,-4.727267157006293,-1.436315800756988,2.1334699404495807,2.798290231536052,1.7739680139079643,0.2648749546595169,1.3968827957093226,-2.291212158083274,-0.3107262746796668
12.0,297.0,1004.1629028320312,-3.4635392780447103,-4.727275297925906,-1.4363158007657335,2.1334699404495807,2.7982894747896188,1.773968030307376,0.2648749546595169,1.3968827957093226,-2.291212142015799,-0.3107262727608175
12.0,297.0,1004.1629028320312,-3.4635392780143666,-4.727270470051437,-1.4363158007659564,2.1334699404495807,2.79827536664099,1.7739680290917086,0.2648749546595169,1.3968827957093226,-2.2912121588033694,-0.3107261716367639
12.0,297.0,1004.1629028320312,-3.463539278041088,-4.727279746833651,-1.436315800757758,2.1334699404495807,2.798290165590521,1.77396798063964,0.2648749546595169,1.3968827957093226,-2.291212157926028,-0.3107262746796668
12.0,297.0,1004.1629028320312,-3.463539278044369,-4.727275236505507,-1.4363158007657335,2.1334699404495807,2.7982894747896188,1.7739676259053625,0.2648749546595169,1.3968827957093226,-2.291212142015799,-0.3107262745839196
12.0,298.0,1004.1624755859376,-3.4635392780135565,-4.7272712284602605,-1.436315800765675,2.1334699404495807,2.7982749927854584,1.7739680138128826,0.267757023564103,1.3968827957093226,-2.291212158936594,-0.3107262746796668
12.0,298.0,1004.1629028320312,-3.463539278044658,-4.727277384342812,-1.4363158007657126,2.1334699404495807,2.7982750288900915,1.773968013726638,0.2648749546595169,1.3968827957093226,-2.2912121580534506,-0.3107262746796668
12.0,298.0,1004.1629028320312,-3.4635392780136147,-4.727270659384286,-1.4363158007657126,2.1334699404495807,2.7982750288900915,1.773968013726638,0.2648749546595169,1.3968827957093226,-2.2912121580534506,-0.3107262746796668
12.0,298.0,1004.1629028320312,-3.4635392780135565,-4.727269940774775,-1.436315800765675,2.1334699404495807,2.7982751235669325,1.7739680138128826,0.2648749546595169,1.3968827957093226,-2.291212158936594,-0.3107262746796668
12.0,298.0,1004.1629028320312,-3.463539278044658,-4.727277384342812,-1.4363158007657126,2.1334699404495807,2.7982894816504733,1.773968013726638,0.2648749546595169,1.3968827957093226,-2.291212142183752,-0.3107262746796668
12.0,298.0,1004.1629028320312,-3.463539278044658,-4.727269472016781,-1.436315800766533,2.1334699404495807,2.798275121853399,1.7739680057895275,0.2648749546595169,1.3968827957093226,-2.2912121574933244,-0.3107262746796668
12.0,298.0,1004.1629028320312,-3.463539278044658,-4.727277384342812,-1.4363158007657126,2.1334699404495807,2.7982894816504733,1.773968013726638,0.2648749546595169,1.3968827957093226,-2.2912121587219194,-0.3107262746796668
12.0,298.0,1004.1629028320312,-3.463539278044658,-4.727276175038317,-1.4363158007659564,2.1334699404495807,2.798288923645431,1.7739680290917086,0.2648749546595169,1.3968827957093226,-2.2912121421679066,-0.3107261716367639
12.0,298.0,1004.1629028320312,-3.4635392780156367,-4.727277384342812,-1.4363158007657126,2.1334699404495807,2.7982750288900915,1.773968013726638,0.2648749546595169,1.3968827957093226,-2.2912121580534506,-0.3107262746796668
12.0,298.0,1004.1629028320312,-3.4635392780126426,-4.7272730638061615,-1.436315800757758,2.1334699404495807,2.7982901930498905,1.773967628706016,0.2648749546595169,1.3968827957093226,-2.2912121414164366,-0.3107262746796668
12.0,298.0,1004.1629028320312,-3.463539278044658,-4.727277384342812,-1.4363158007657126,2.1334699404495807,2.7982894816504733,1.773968013726638,0.2648749546595169,1.3968827957093226,-2.291212142183752,-0.3107262746796668
12.0,298.0,1004.1629028320312,-3.463539278044658,-4.727271400338654,-1.4363158007659445,2.1334699404495807,2.798288997284521,1.7739680284324228,0.2648749546595169,1.3968827957093226,-2.291212157407058,-0.3107262770922765
12.0,298.0,1004.1629028320312,-3.463539278044658,-4.727277384342812,-1.4363158007657126,2.1334699404495807,2.798290120216812,1.773967625376634,0.2648749546595169,1.3968827957093226,-2.291212142183752,-0.3107262746796668
12.0,298.0,1004.1629028320312,-3.4635392780439576,-4.727277384342812,-1.4363158007657126,2.1334699404495807,2.798275014288018,1.773968013726638,0.2648749546595169,1.3968827957093226,-2.2912121589594268,-0.3107262746796668
12.0,298.0,1004.1629028320312,-3.4635392780447103,-4.727275297925906,-1.4363158007657335,2.1334699404495807,2.7982894747896188,1.773968030307376,0.2648749546595169,1.3968827957093226,-2.291212142015799,-0.3107262727608175
12.0,298.0,1004.1629028320312,-3.463539278041088,-4.7272730638061615,-1.436315800757758,2.1334699404495807,2.7982901930498905,1.77396799297033,0.2648749546595169,1.3968827957093226,-2.2912121414164366,-0.3107262746796668
12.0,298.0,1004.1629028320312,-3.463539278044658,-4.727267157006293,-1.436315800756988,2.1334699404495807,2.798290231536052,1.7739680057895275,0.2648749546595169,1.3968827957093226,-2.2912121574933244,-0.3107262746796668
12.0,298.0,1004.1629028320312,-3.463539278044658,-4.727279555951162,-1.4363158007657126,2.1334699404495807,2.7982750288900915,1.773968013726638,0.2648749546595169,1.3968827957093226,-2.2912121580534506,-0.3107262746796668
12.0,298.0,1004.1629028320312,-3.4635392780376537,-4.727256756244229,-1.436315800758105,2.1334699404495807,2.798291453641109,1.773967628706016,0.2648749546595169,1.3968827957093226,-2.291212141541505,-0.3107262746796668
12.0,298.0,1004.1629028320312,-3.4635392780136147,-4.727270659384286,-1.4363158007577324,2.1334699404495807,2.798275195405384,1.773968013726638,0.2648749546595169,1.3968827957093226,-2.2912121573450586,-0.3107262746796668
12.0,298.0,1004.1629028320312,-3.4635392780481435,-4.727277380072278,-1.4363158007657333,2.1334699404495807,2.7982750288900915,1.7739680119403471,0.2648749546595169,1.3968827957093226,-2.2912121427496497,-0.3107262746796668
12.0,298.0,1004.1629028320312,-3.463539278044658,-4.727277406452706,-1.4363158007657126,2.1334699404495807,2.7982743811658835,1.7739680270183853,0.2648749546595169,1.3968827957093226,-2.291212142183752,-0.3107262746796668
12.0,298.0,1004.1629028320312,-3.463539278044658,-4.727277384342812,-1.4363158007657126,2.1334699404495807,2.7982750288900915,1.773968013726638,0.2648749546595169,1.3968827957093226,-2.2912121580534506,-0.3107262746796668
12.0,298.0,1004.1629028320312,-3.4635392780136147,-4.727270659384286,-1.4363158007657126,2.1334699404495807,2.7982750288900915,1.773968013726638,0.2648749546595169,1.3968827957093226,-2.291212158921064,-0.3107262746796668
12.0,298.0,1004.1629028320312,-3.463539278015004,-4.727277384342812,-1.4363158007657126,2.1334699404495807,2.7982748510990385,1.773968013726638,0.2648749546595169,1.3968827957093226,-2.2912121576607256,-0.3107262746796668
12.0,298.0,1004.1629028320312,-3.4635392780126426,-4.727277368984782,-1.4363158007576673,2.1334699404495807,2.798290284471104,1.773967628706016,0.2648749546595169,1.3968827957093226,-2.291212142653437,-0.3107262746796668
12.0,298.0,1004.1629028320312,-3.463539278044001,-4.727277384342812,-1.4363158007657126,2.1334699404495807,2.7982894816504733,1.773968013726638,0.2648749546595169,1.3968827957093226,-2.2912121587219194,-0.3107262746796668
12.0,298.0,1004.1629028320312,-3.463539278044658,-4.7272795338412665,-1.4363158007657126,2.1334699404495807,2.7982907679410194,1.773967612084887,0.2648749546595169,1.3968827957093226,-2.2912121580534506,-0.3107262746796668
12.0,298.0,1004.1629028320312,-3.463539278044658,-4.727277384342812,-1.4363158007657126,2.1334699404495807,2.7982894816504733,1.773968013726638,0.2648749546595169,1.3968827957093226,-2.291212142183752,-0.3107262746796668
12.0,298.0,1004.1629028320312,-3.463539278044658,-4.727269758327957,-1.436315800756988,2.1334699404495807,2.798290082134164,1.773968005416266,0.2648749546595169,1.3968827957093226,-2.291212141666529,-0.3107262746796668
12.0,298.0,1004.1629028320312,-3.4635392780427767,-4.727263080518411,-1.4363158007575878,2.1334699404495807,2.798290135558844,1.773967628706016,0.2648749546595169,1.3968827957093226,-2.291212141358736,-0.3107262746796668
12.0,298.0,1004.1629028320312,-3.4635392780481435,-4.727270036530294,-1.4363158007657333,2.1334699404495807,2.7982751214308825,1.7739680119403471,0.2648749546595169,1.3968827957093226,-2.2912121423099725,-0.3107262746796668
12.0,298.0,1004.1629028320312,-3.463539278044658,-4.727271247958868,-1.4363158007569792,2.1334699404495807,2.798290022084813,1.7739680057895275,0.2648749546595169,1.3968827957093226,-2.29121215748831,-0.3107262746796668
12.0,298.0,1004.1629028320312,-3.463539278044022,-4.727278042469881,-1.4363158007568446,2.1334699404495807,2.7982761993115246,1.7739680054258011,0.2648749546595169,1.3968827957093226,-2.291212141770252,-0.3107262746796668
12.0,298.0,1004.1629028320312,-3.463539278044561,-4.727277406452706,-1.4363158007657126,2.1334699404495807,2.7982743811658835,1.773967984742292,0.2648749546595169,1.3968827957093226,-2.291212142183752,-0.3107262746796668
12.0,298.0,1004.1629028320312,-3.463539278044904,-4.727277384342812,-1.4363158007657126,2.1334699404495807,2.798289486460873,1.7739680052579,0.2648749546595169,1.3968827957093226,-2.291212140570164,-0.3107262746796668
12.0,298.0,1004.1629028320312,-3.4635392780447103,-4.727275297925906,-1.4363158007657126,2.1334699404495807,2.7982894747896188,1.773968030307376,0.2648749546595169,1.3968827957093226,-2.291212158431517,-0.3107262727327382
12.0,298.0,1004.1629028320312,-3.463539278046152,-4.727269472016781,-1.436315800766614,2.1334699404495807,2.798275121853399,1.7739680057895275,0.2648749546595169,1.3968827957093226,-2.291212156637875,-0.3107262746796668
12.0,298.0,1004.1629028320312,-3.463539278044658,-4.727271400338654,-1.4363158007659445,2.1334699404495807,2.798288997284521,1.7739675918402116,0.2648749546595169,1.3968827957093226,-2.291212158073975,-0.3107262770922765
12.0,298.0,1004.1629028320312,-3.4635392780447103,-4.727275289642649,-1.4363158007657335,2.1334699404495807,2.7982894747896188,1.7739680304465335,0.2648749546595169,1.3968827957093226,-2.291212142015799,-0.3107262745839196
12.0,298.0,1004.1629028320312,-3.4635392780410634,-4.727263080518411,-1.4363158007575878,2.1334699404495807,2.798290135558844,1.7739676086767016,0.2648749546595169,1.3968827957093226,-2.291212141358736,-0.3107262746796668
12.0,298.0,1004.1629028320312,-3.463539278044658,-4.7272795338412665,-1.4363158007657126,2.1334699404495807,2.7982907679410194,1.773967612084887,0.2648749546595169,1.3968827957093226,-2.2912121580534506,-0.3107262746796668
12.0,298.0,1004.1629028320312,-3.463539278044658,-4.72727150576411,-1.4363158007657024,2.1334699404495807,2.7982894778710383,1.7739680284948487,0.2648749546595169,1.3968827957093226,-2.291212142306682,-0.3107262770922765
12.0,298.0,1004.1629028320312,-3.4635392780156367,-4.727277384342812,-1.4363158007657335,2.1334699404495807,2.7982750288900915,1.773968013726638,0.2648749546595169,1.3968827957093226,-2.291212141637732,-0.3107262747077462
12.0,298.0,1004.1629028320312,-3.463539278044658,-4.7272795338412665,-1.4363158007657126,2.1334699404495807,2.7982907679410194,1.7739680486770986,0.2648749546595169,1.3968827957093226,-2.291212157386534,-0.3107262746796668
12.0,298.0,1004.1629028320312,-3.463539278044001,-4.727277384342812,-1.4363158007657126,2.1334699404495807,2.7982894816504733,1.773968013726638,0.2648749546595169,1.3968827957093226,-2.2912121589811227,-0.3107262746796668
12.0,298.0,1004.1629028320312,-3.463539278044658,-4.727267157006293,-1.436315800756988,2.1334699404495807,2.798290231536052,1.7739680139079643,0.2648749546595169,1.3968827957093226,-2.291212158083274,-0.3107262746796668
12.0,298.0,1004.1629028320312,-3.4635392780447103,-4.727275297925906,-1.4363158007657335,2.1334699404495807,2.7982894747896188,1.773968030307376,0.2648749546595169,1.3968827957093226,-2.291212142015799,-0.3107262727608175
12.0,298.0,1004.1629028320312,-3.4635392780143666,-4.727270470051437,-1.4363158007659564,2.1334699404495807,2.79827536664099,1.7739680290917086,0.2648749546595169,1.3968827957093226,-2.2912121588033694,-0.3107261716367639
12.0,298.0,1004.1629028320312,-3.463539278041088,-4.727279746833651,-1.436315800757758,2.1334699404495807,2.798290165590521,1.77396798063964,0.2648749546595169,1.3968827957093226,-2.291212157926028,-0.3107262746796668
12.0,299.0,1004.1624755859376,-3.4635392780135565,-4.7272712284602605,-1.436315800765675,2.1334699404495807,2.7982749927854584,1.7739680138128826,0.267757023564103,1.3968827957093226,-2.291212158936594,-0.3107262746796668
12.0,299.0,1004.1625366210938,-3.463539278044802,-4.7272712284602605,-1.4363158007657122,2.1334699404495807,2.7982749927854584,1.773968019267045,0.2650197813494299,1.3968827957093226,-2.291212158936594,-0.3107262746796668
12.0,299.0,1004.1629028320312,-3.463539278044658,-4.727277384342812,-1.4363158007657126,2.1334699404495807,2.7982750288900915,1.773968013726638,0.2648749546595169,1.3968827957093226,-2.2912121580534506,-0.3107262746796668
12.0,299.0,1004.1629028320312,-3.4635392780136147,-4.727270659384286,-1.4363158007657126,2.1334699404495807,2.7982750288900915,1.773968013726638,0.2648749546595169,1.3968827957093226,-2.2912121580534506,-0.3107262746796668
12.0,299.0,1004.1629028320312,-3.4635392780135565,-4.727269940774775,-1.436315800765675,2.1334699404495807,2.7982751235669325,1.7739680138128826,0.2648749546595169,1.3968827957093226,-2.291212158936594,-0.3107262746796668
12.0,299.0,1004.1629028320312,-3.463539278044658,-4.727277384342812,-1.4363158007657126,2.1334699404495807,2.7982894816504733,1.773968013726638,0.2648749546595169,1.3968827957093226,-2.291212142183752,-0.3107262746796668
12.0,299.0,1004.1629028320312,-3.463539278044658,-4.727269472016781,-1.436315800766533,2.1334699404495807,2.798275121853399,1.7739680057895275,0.2648749546595169,1.3968827957093226,-2.2912121574933244,-0.3107262746796668
12.0,299.0,1004.1629028320312,-3.463539278044658,-4.727277384342812,-1.4363158007657126,2.1334699404495807,2.7982894816504733,1.773968013726638,0.2648749546595169,1.3968827957093226,-2.2912121587219194,-0.3107262746796668
12.0,299.0,1004.1629028320312,-3.463539278044658,-4.727276175038317,-1.4363158007659564,2.1334699404495807,2.798288923645431,1.7739680290917086,0.2648749546595169,1.3968827957093226,-2.2912121421679066,-0.3107261716367639
12.0,299.0,1004.1629028320312,-3.4635392780156367,-4.727277384342812,-1.4363158007657126,2.1334699404495807,2.7982750288900915,1.773968013726638,0.2648749546595169,1.3968827957093226,-2.2912121580534506,-0.3107262746796668
12.0,299.0,1004.1629028320312,-3.4635392780126426,-4.7272730638061615,-1.436315800757758,2.1334699404495807,2.7982901930498905,1.773967628706016,0.2648749546595169,1.3968827957093226,-2.2912121414164366,-0.3107262746796668
12.0,299.0,1004.1629028320312,-3.463539278044658,-4.727277384342812,-1.4363158007657126,2.1334699404495807,2.7982894816504733,1.773968013726638,0.2648749546595169,1.3968827957093226,-2.291212142183752,-0.3107262746796668
12.0,299.0,1004.1629028320312,-3.463539278044658,-4.727271400338654,-1.4363158007659445,2.1334699404495807,2.798288997284521,1.7739680284324228,0.2648749546595169,1.3968827957093226,-2.291212157407058,-0.3107262770922765
12.0,299.0,1004.1629028320312,-3.463539278044658,-4.727277384342812,-1.4363158007657126,2.1334699404495807,2.798290120216812,1.773967625376634,0.2648749546595169,1.3968827957093226,-2.291212142183752,-0.3107262746796668
12.0,299.0,1004.1629028320312,-3.4635392780439576,-4.727277384342812,-1.4363158007657126,2.1334699404495807,2.798275014288018,1.773968013726638,0.2648749546595169,1.3968827957093226,-2.2912121589594268,-0.3107262746796668
12.0,299.0,1004.1629028320312,-3.4635392780447103,-4.727275297925906,-1.4363158007657335,2.1334699404495807,2.7982894747896188,1.773968030307376,0.2648749546595169,1.3968827957093226,-2.291212142015799,-0.3107262727608175
12.0,299.0,1004.1629028320312,-3.463539278041088,-4.7272730638061615,-1.436315800757758,2.1334699404495807,2.7982901930498905,1.77396799297033,0.2648749546595169,1.3968827957093226,-2.2912121414164366,-0.3107262746796668
12.0,299.0,1004.1629028320312,-3.463539278044658,-4.727267157006293,-1.436315800756988,2.1334699404495807,2.798290231536052,1.7739680057895275,0.2648749546595169,1.3968827957093226,-2.2912121574933244,-0.3107262746796668
12.0,299.0,1004.1629028320312,-3.463539278044658,-4.727279555951162,-1.4363158007657126,2.1334699404495807,2.7982750288900915,1.773968013726638,0.2648749546595169,1.3968827957093226,-2.2912121580534506,-0.3107262746796668
12.0,299.0,1004.1629028320312,-3.4635392780376537,-4.727256756244229,-1.436315800758105,2.1334699404495807,2.798291453641109,1.773967628706016,0.2648749546595169,1.3968827957093226,-2.291212141541505,-0.3107262746796668
12.0,299.0,1004.1629028320312,-3.4635392780136147,-4.727270659384286,-1.4363158007577324,2.1334699404495807,2.798275195405384,1.773968013726638,0.2648749546595169,1.3968827957093226,-2.2912121573450586,-0.3107262746796668
12.0,299.0,1004.1629028320312,-3.4635392780481435,-4.727277380072278,-1.4363158007657333,2.1334699404495807,2.7982750288900915,1.7739680119403471,0.2648749546595169,1.3968827957093226,-2.2912121427496497,-0.3107262746796668
12.0,299.0,1004.1629028320312,-3.463539278044658,-4.727277406452706,-1.4363158007657126,2.1334699404495807,2.7982743811658835,1.7739680270183853,0.2648749546595169,1.3968827957093226,-2.291212142183752,-0.3107262746796668
12.0,299.0,1004.1629028320312,-3.463539278044658,-4.727277384342812,-1.4363158007657126,2.1334699404495807,2.7982750288900915,1.773968013726638,0.2648749546595169,1.3968827957093226,-2.2912121580534506,-0.3107262746796668
12.0,299.0,1004.1629028320312,-3.4635392780136147,-4.727270659384286,-1.4363158007657126,2.1334699404495807,2.7982750288900915,1.773968013726638,0.2648749546595169,1.3968827957093226,-2.291212158921064,-0.3107262746796668
12.0,299.0,1004.1629028320312,-3.463539278015004,-4.727277384342812,-1.4363158007657126,2.1334699404495807,2.7982748510990385,1.773968013726638,0.2648749546595169,1.3968827957093226,-2.2912121576607256,-0.3107262746796668
12.0,299.0,1004.1629028320312,-3.4635392780126426,-4.727277368984782,-1.4363158007576673,2.1334699404495807,2.798290284471104,1.773967628706016,0.2648749546595169,1.3968827957093226,-2.291212142653437,-0.3107262746796668
12.0,299.0,1004.1629028320312,-3.463539278044001,-4.727277384342812,-1.4363158007657126,2.1334699404495807,2.7982894816504733,1.773968013726638,0.2648749546595169,1.3968827957093226,-2.2912121587219194,-0.3107262746796668
12.0,299.0,1004.1629028320312,-3.463539278044658,-4.7272795338412665,-1.4363158007657126,2.1334699404495807,2.7982907679410194,1.773967612084887,0.2648749546595169,1.3968827957093226,-2.2912121580534506,-0.3107262746796668
12.0,299.0,1004.1629028320312,-3.463539278044658,-4.727277384342812,-1.4363158007657126,2.1334699404495807,2.7982894816504733,1.773968013726638,0.2648749546595169,1.3968827957093226,-2.291212142183752,-0.3107262746796668
12.0,299.0,1004.1629028320312,-3.463539278044658,-4.727269758327957,-1.436315800756988,2.1334699404495807,2.798290082134164,1.773968005416266,0.2648749546595169,1.3968827957093226,-2.291212141666529,-0.3107262746796668
12.0,299.0,1004.1629028320312,-3.4635392780427767,-4.727263080518411,-1.4363158007575878,2.1334699404495807,2.798290135558844,1.773967628706016,0.2648749546595169,1.3968827957093226,-2.291212141358736,-0.3107262746796668
12.0,299.0,1004.1629028320312,-3.4635392780481435,-4.727270036530294,-1.4363158007657333,2.1334699404495807,2.7982751214308825,1.7739680119403471,0.2648749546595169,1.3968827957093226,-2.2912121423099725,-0.3107262746796668
12.0,299.0,1004.1629028320312,-3.463539278044658,-4.727271247958868,-1.4363158007569792,2.1334699404495807,2.798290022084813,1.7739680057895275,0.2648749546595169,1.3968827957093226,-2.29121215748831,-0.3107262746796668
12.0,299.0,1004.1629028320312,-3.463539278044022,-4.727278042469881,-1.4363158007568446,2.1334699404495807,2.7982761993115246,1.7739680054258011,0.2648749546595169,1.3968827957093226,-2.291212141770252,-0.3107262746796668
12.0,299.0,1004.1629028320312,-3.463539278044561,-4.727277406452706,-1.4363158007657126,2.1334699404495807,2.7982743811658835,1.773967984742292,0.2648749546595169,1.3968827957093226,-2.291212142183752,-0.3107262746796668
12.0,299.0,1004.1629028320312,-3.463539278044904,-4.727277384342812,-1.4363158007657126,2.1334699404495807,2.798289486460873,1.7739680052579,0.2648749546595169,1.3968827957093226,-2.291212140570164,-0.3107262746796668
12.0,299.0,1004.1629028320312,-3.4635392780447103,-4.727275297925906,-1.4363158007657126,2.1334699404495807,2.7982894747896188,1.773968030307376,0.2648749546595169,1.3968827957093226,-2.291212158431517,-0.3107262727327382
12.0,299.0,1004.1629028320312,-3.463539278046152,-4.727269472016781,-1.436315800766614,2.1334699404495807,2.798275121853399,1.7739680057895275,0.2648749546595169,1.3968827957093226,-2.291212156637875,-0.3107262746796668
12.0,299.0,1004.1629028320312,-3.463539278044658,-4.727271400338654,-1.4363158007659445,2.1334699404495807,2.798288997284521,1.7739675918402116,0.2648749546595169,1.3968827957093226,-2.291212158073975,-0.3107262770922765
12.0,299.0,1004.1629028320312,-3.4635392780447103,-4.727275289642649,-1.4363158007657335,2.1334699404495807,2.7982894747896188,1.7739680304465335,0.2648749546595169,1.3968827957093226,-2.291212142015799,-0.3107262745839196
12.0,299.0,1004.1629028320312,-3.4635392780410634,-4.727263080518411,-1.4363158007575878,2.1334699404495807,2.798290135558844,1.7739676086767016,0.2648749546595169,1.3968827957093226,-2.291212141358736,-0.3107262746796668
12.0,299.0,1004.1629028320312,-3.463539278044658,-4.7272795338412665,-1.4363158007657126,2.1334699404495807,2.7982907679410194,1.773967612084887,0.2648749546595169,1.3968827957093226,-2.2912121580534506,-0.3107262746796668
12.0,299.0,1004.1629028320312,-3.463539278044658,-4.72727150576411,-1.4363158007657024,2.1334699404495807,2.7982894778710383,1.7739680284948487,0.2648749546595169,1.3968827957093226,-2.291212142306682,-0.3107262770922765
12.0,299.0,1004.1629028320312,-3.4635392780156367,-4.727277384342812,-1.4363158007657335,2.1334699404495807,2.7982750288900915,1.773968013726638,0.2648749546595169,1.3968827957093226,-2.291212141637732,-0.3107262747077462
12.0,299.0,1004.1629028320312,-3.463539278044658,-4.7272795338412665,-1.4363158007657126,2.1334699404495807,2.7982907679410194,1.7739680486770986,0.2648749546595169,1.3968827957093226,-2.291212157386534,-0.3107262746796668
12.0,299.0,1004.1629028320312,-3.463539278044001,-4.727277384342812,-1.4363158007657126,2.1334699404495807,2.7982894816504733,1.773968013726638,0.2648749546595169,1.3968827957093226,-2.2912121589811227,-0.3107262746796668
12.0,299.0,1004.1629028320312,-3.463539278044658,-4.727267157006293,-1.436315800756988,2.1334699404495807,2.798290231536052,1.7739680139079643,0.2648749546595169,1.3968827957093226,-2.291212158083274,-0.3107262746796668
12.0,299.0,1004.1629028320312,-3.4635392780447103,-4.727275297925906,-1.4363158007657335,2.1334699404495807,2.7982894747896188,1.773968030307376,0.2648749546595169,1.3968827957093226,-2.291212142015799,-0.3107262727608175
12.0,299.0,1004.1629028320312,-3.4635392780143666,-4.727270470051437,-1.4363158007659564,2.1334699404495807,2.79827536664099,1.7739680290917086,0.2648749546595169,1.3968827957093226,-2.2912121588033694,-0.3107261716367639
